,ride_id,rideable_type,started_at,ended_at,start_station_name,start_station_id,end_station_name,end_station_id,start_lat,start_lng,end_lat,end_lng,member_casual
870,12A5DC82CE99CBF7,docked_bike,2021-03-23 19:38:29,2021-03-23 19:43:56,Central Ave & Woodbine St,4632,Central Ave & Woodbine St,4632,40.69296,-73.91605,40.69296,-73.91605,member
1354,153DEC4BF370A9EF,docked_bike,2021-03-22 11:47:14,2021-03-22 11:56:29,Central Ave & Woodbine St,4632,Tompkins Ave & Hopkins St,4850,40.69296,-73.91605,40.69957608,-73.94708417,member
1355,3359480EE5172948,docked_bike,2021-03-18 11:35:38,2021-03-18 11:45:39,Central Ave & Woodbine St,4632,Tompkins Ave & Hopkins St,4850,40.69296,-73.91605,40.69957608,-73.94708417,member
1356,C2E37C311CE88BC4,docked_bike,2021-03-02 11:39:06,2021-03-02 11:48:54,Central Ave & Woodbine St,4632,Tompkins Ave & Hopkins St,4850,40.69296,-73.91605,40.69957608,-73.94708417,member
3477,7E1EAD713D64646E,docked_bike,2021-03-09 18:17:05,2021-03-09 18:35:37,Central Ave & Woodbine St,4632,Lewis Ave & Madison St,4425,40.69296,-73.91605,40.686312,-73.935775,member
4734,723FD5A8AD6AE47E,docked_bike,2021-03-13 17:42:54,2021-03-13 18:28:09,Central Ave & Woodbine St,4632,2 Av & 37 St,3460,40.69296,-73.91605,40.656326,-74.009627,member
4738,E8BD4824EB365E15,docked_bike,2021-03-29 16:56:49,2021-03-29 17:07:24,Central Ave & Woodbine St,4632,Evergreen Ave & Noll St,4873,40.69296,-73.91605,40.70106,-73.93318,member
12871,EE3BC561A760F9AE,docked_bike,2021-03-26 18:42:32,2021-03-26 18:55:15,Central Ave & Woodbine St,4632,Irving Ave & DeKalb Ave,4898,40.69296,-73.91605,40.7027,-73.92095,member
18080,EDB27E11CA3DC426,docked_bike,2021-03-19 22:11:47,2021-03-19 22:25:57,Leonard St & Maujer St,5148,Central Ave & Woodbine St,4632,40.710368,-73.947059,40.69296,-73.91605,member
18104,93EC3CD210694C5A,docked_bike,2021-03-16 23:08:37,2021-03-16 23:41:59,Wolcott St & Dwight St,4054,Central Ave & Woodbine St,4632,40.675327,-74.010069,40.69296,-73.91605,member
18108,5DE47810734C3E86,docked_bike,2021-03-19 00:54:48,2021-03-19 01:01:09,Irving Ave & Harman St,4856,Central Ave & Woodbine St,4632,40.70108,-73.9179,40.69296,-73.91605,member
18123,F7AABDABDBE59AFB,docked_bike,2021-03-03 16:37:11,2021-03-03 17:16:40,47 Ave & 31 St,6151,Central Ave & Woodbine St,4632,40.743,-73.93561,40.69296,-73.91605,member
18246,B5134F87027AB223,docked_bike,2021-03-25 00:47:19,2021-03-25 01:22:47,Van Brunt St & Wolcott St,4095,Central Ave & Woodbine St,4632,40.677342,-74.01275,40.69296,-73.91605,member
19361,8CFEC6163F1D1B48,docked_bike,2021-03-25 22:09:52,2021-03-25 22:24:41,Central Ave & Woodbine St,4632,Montrose Ave & Bushwick Ave,5068,40.69296,-73.91605,40.70767788,-73.94016171,member
27447,FA9C06674182F119,docked_bike,2021-03-05 13:19:26,2021-03-05 13:23:33,Central Ave & Woodbine St,4632,Stockholm St & Wilson Ave,4824,40.69296,-73.91605,40.699304,-73.923044,member
36964,D27A59B405A73AE6,docked_bike,2021-03-27 13:04:49,2021-03-27 13:32:23,Central Ave & Woodbine St,4632,Hanson Pl & Ashland Pl,4395,40.69296,-73.91605,40.68506807308177,-73.97790759801863,member
47464,3119392041FF001B,docked_bike,2021-03-30 22:09:05,2021-03-30 22:19:37,Suydam St & St. Nicholas Ave,5043,Central Ave & Woodbine St,4632,40.70636,-73.91945,40.69296,-73.91605,casual
47466,7591987C52C65CB5,docked_bike,2021-03-11 08:44:40,2021-03-11 08:55:01,George St & Wilson Ave,4906,Central Ave & Woodbine St,4632,40.702997,-73.92997,40.69296,-73.91605,member
47494,9198B70DDD2E4BCB,docked_bike,2021-03-30 23:09:31,2021-03-30 23:40:13,Pioneer St & Van Brunt St,4169,Central Ave & Woodbine St,4632,40.679043,-74.011169,40.69296,-73.91605,member
47545,61BA7DA0D6F761C1,docked_bike,2021-03-22 17:15:46,2021-03-22 17:19:51,Greene Av & Myrtle Av,4784,Central Ave & Woodbine St,4632,40.698568,-73.918877,40.69296,-73.91605,member
47582,67B5CF7BCD00B39C,docked_bike,2021-03-09 12:43:04,2021-03-09 12:53:06,Wyckoff Av & Jefferson St,5051,Central Ave & Woodbine St,4632,40.707165,-73.923711,40.69296,-73.91605,member
47644,0B5E7DDE0EB38362,docked_bike,2021-03-06 08:06:26,2021-03-06 08:07:07,Central Ave & Woodbine St,4632,Central Ave & Woodbine St,4632,40.69296,-73.91605,40.69296,-73.91605,member
47739,53483BDC89BA851B,docked_bike,2021-03-13 17:00:41,2021-03-13 17:13:18,Willoughby Ave & Tompkins Ave,4665,Central Ave & Woodbine St,4632,40.694254,-73.946269,40.69296,-73.91605,casual
47848,C9A5D8AD9451ABEC,docked_bike,2021-03-16 22:01:35,2021-03-16 22:09:49,Onderdonk Ave & Dekalb Ave,5115,Central Ave & Woodbine St,4632,40.70863,-73.91497,40.69296,-73.91605,casual
71034,F01033A6E3560193,docked_bike,2021-03-02 11:05:18,2021-03-02 11:44:49,Central Ave & Woodbine St,4632,10 Ave & W 28 St,6459,40.69296,-73.91605,40.750664,-74.001768,casual
72074,62EE2142FAFF3FB3,docked_bike,2021-03-09 08:03:09,2021-03-09 08:26:40,Central Ave & Woodbine St,4632,Nassau St & Navy St,4812,40.69296,-73.91605,40.69839895,-73.98068914,casual
75153,9EDDAE1C0670D451,docked_bike,2021-03-13 13:43:44,2021-03-13 13:55:59,Central Ave & Woodbine St,4632,Lewis Ave & Madison St,4425,40.69296,-73.91605,40.686312,-73.935775,member
75316,E78D7793CA76BCE8,docked_bike,2021-03-14 14:59:49,2021-03-14 15:10:47,Central Ave & Woodbine St,4632,Lewis Ave & Madison St,4425,40.69296,-73.91605,40.686312,-73.935775,member
76574,63119AF44B8C0421,docked_bike,2021-03-24 14:27:28,2021-03-24 14:33:40,Central Ave & Woodbine St,4632,Bushwick Ave & Harman St,4640,40.69296,-73.91605,40.69356,-73.92524,casual
83165,D4B8105281127459,docked_bike,2021-03-23 16:54:48,2021-03-23 17:23:11,Washington Ave & Greene Ave,4419,Central Ave & Woodbine St,4632,40.6865,-73.965633,40.69296,-73.91605,casual
83225,8BCC9C0CFB6FDADE,docked_bike,2021-03-01 16:34:04,2021-03-01 16:44:51,Willoughby Ave & Onderdonk Ave,5115,Central Ave & Woodbine St,4632,40.7098,-73.91727,40.69296,-73.91605,casual
83286,950C8F37739AA582,docked_bike,2021-03-25 09:23:36,2021-03-25 09:28:22,Irving Ave & Harman St,4856,Central Ave & Woodbine St,4632,40.70108,-73.9179,40.69296,-73.91605,member
83341,1B7FE255738B80D8,docked_bike,2021-03-24 14:52:33,2021-03-24 14:57:58,Central Ave & Starr Street,4792,Central Ave & Woodbine St,4632,40.700003,-73.92834,40.69296,-73.91605,member
83344,FE36CE3F4D5A7FA2,docked_bike,2021-03-24 22:51:23,2021-03-24 23:04:13,Myrtle Ave & Linden St,4816,Central Ave & Woodbine St,4632,40.69943,-73.91337,40.69296,-73.91605,member
83355,9B5FD67D908C3223,docked_bike,2021-03-20 23:43:54,2021-03-20 23:50:27,Myrtle Ave & Linden St,4816,Central Ave & Woodbine St,4632,40.69943,-73.91337,40.69296,-73.91605,member
83375,F096452DE19ED094,docked_bike,2021-03-04 11:11:16,2021-03-04 11:14:43,Myrtle Ave & Linden St,4816,Central Ave & Woodbine St,4632,40.69943,-73.91337,40.69296,-73.91605,member
83532,5C63DCCEE9BDD072,docked_bike,2021-03-22 13:09:44,2021-03-22 13:14:44,Myrtle Ave & Linden St,4816,Central Ave & Woodbine St,4632,40.69943,-73.91337,40.69296,-73.91605,member
83534,761F49DB8CA48E2A,docked_bike,2021-03-09 18:10:29,2021-03-09 18:16:44,Myrtle Ave & Linden St,4816,Central Ave & Woodbine St,4632,40.69943,-73.91337,40.69296,-73.91605,member
83551,2B94631076F73103,docked_bike,2021-03-22 01:41:27,2021-03-22 01:46:52,Myrtle Ave & Linden St,4816,Central Ave & Woodbine St,4632,40.69943,-73.91337,40.69296,-73.91605,member
113111,73B89CBC2B62354C,docked_bike,2021-03-23 16:04:21,2021-03-23 16:15:51,Central Ave & Woodbine St,4632,Bushwick Ave & Furman Ave,4317,40.69296,-73.91605,40.68281,-73.90623,casual
115438,07D6022E9B0AA779,docked_bike,2021-03-08 12:47:04,2021-03-08 12:55:17,Central Ave & Woodbine St,4632,Suydam St & Knickerbocker Ave,4939,40.69296,-73.91605,40.702013,-73.923769,member
118038,94A7122A0B9C4E17,docked_bike,2021-03-11 18:31:15,2021-03-11 18:56:16,Central Ave & Woodbine St,4632,Driggs Ave & Lorimer St,5481,40.69296,-73.91605,40.72179134,-73.9504154,member
128135,409DC6E96DDB2FEC,docked_bike,2021-03-17 22:32:40,2021-03-17 22:56:57,Suydam St & Knickerbocker Ave,4939,Central Ave & Woodbine St,4632,40.702013,-73.923769,40.69296,-73.91605,member
128163,FC6B89D2B06AAF53,docked_bike,2021-03-28 00:19:26,2021-03-28 00:27:47,Melrose St & Broadway,4801,Central Ave & Woodbine St,4632,40.697481,-73.935877,40.69296,-73.91605,casual
128188,19CDE41C15745D79,docked_bike,2021-03-12 21:08:04,2021-03-12 21:24:08,Melrose St & Broadway,4801,Central Ave & Woodbine St,4632,40.697481,-73.935877,40.69296,-73.91605,casual
128208,DD0F06CCC826159E,docked_bike,2021-03-17 22:40:51,2021-03-17 22:48:56,Myrtle Ave & Lewis Ave,4729,Central Ave & Woodbine St,4632,40.696819,-73.937569,40.69296,-73.91605,casual
128216,76634D1A094AB2CE,docked_bike,2021-03-23 18:14:34,2021-03-23 18:25:59,Jefferson St & Cypress Ave,5082,Central Ave & Woodbine St,4632,40.70907,-73.92157,40.69296,-73.91605,member
128235,852B2587357162AA,docked_bike,2021-03-10 17:36:25,2021-03-10 17:47:27,Madison St & Evergreen Ave,4560,Central Ave & Woodbine St,4632,40.69122,-73.91693,40.69296,-73.91605,casual
128237,E916B1E6E65F7BF3,docked_bike,2021-03-10 17:35:57,2021-03-10 17:47:54,Madison St & Evergreen Ave,4560,Central Ave & Woodbine St,4632,40.69122,-73.91693,40.69296,-73.91605,member
128246,5BEFA5031A20143A,docked_bike,2021-03-07 12:02:38,2021-03-07 12:05:40,Madison St & Evergreen Ave,4560,Central Ave & Woodbine St,4632,40.69122,-73.91693,40.69296,-73.91605,casual
128260,0505B563218239CC,docked_bike,2021-03-19 13:09:03,2021-03-19 13:22:43,Madison St & Evergreen Ave,4560,Central Ave & Woodbine St,4632,40.69122,-73.91693,40.69296,-73.91605,casual
128457,308E727C95A12216,docked_bike,2021-03-14 19:15:26,2021-03-14 19:38:13,Madison St & Evergreen Ave,4560,Central Ave & Woodbine St,4632,40.69122,-73.91693,40.69296,-73.91605,casual
128654,871207EE44058304,docked_bike,2021-03-17 20:02:15,2021-03-17 20:04:39,Central Ave & Woodbine St,4632,Central Ave & Weirfield St,4591,40.69296,-73.91605,40.69055,-73.91181,member
134065,CDB4D6B404C80A04,docked_bike,2021-03-20 13:03:13,2021-03-20 13:16:05,Central Ave & Woodbine St,4632,Irving Ave & Jefferson St,5051,40.69296,-73.91605,40.70538,-73.92535,member
134484,966A52BF60EAA2B3,docked_bike,2021-03-27 15:37:46,2021-03-27 15:52:50,Central Ave & Woodbine St,4632,Montrose Ave & Bushwick Ave,5068,40.69296,-73.91605,40.70767788,-73.94016171,casual
134485,1E1A8DC0E8FD32BA,docked_bike,2021-03-13 14:21:54,2021-03-13 14:53:03,Central Ave & Woodbine St,4632,Montrose Ave & Bushwick Ave,5068,40.69296,-73.91605,40.70767788,-73.94016171,member
138933,0C3F912B49478BB9,docked_bike,2021-03-30 12:04:53,2021-03-30 12:39:42,Central Ave & Woodbine St,4632,Wolcott St & Dwight St,4054,40.69296,-73.91605,40.6753274,-74.0100698,member
138941,3E2D5C756BD213DD,docked_bike,2021-03-12 08:21:25,2021-03-12 09:22:37,Central Ave & Woodbine St,4632,Wolcott St & Dwight St,4054,40.69296,-73.91605,40.6753274,-74.0100698,member
140483,AB450C0EA686F69D,docked_bike,2021-03-22 20:57:50,2021-03-22 21:32:43,Central Ave & Woodbine St,4632,Halsey St & Broadway,4366,40.69296,-73.91605,40.68565,-73.91564,member
140486,5D42777B5A09FDFB,docked_bike,2021-03-21 08:58:52,2021-03-21 09:03:41,Central Ave & Woodbine St,4632,Madison St & Evergreen Ave,4560,40.69296,-73.91605,40.69122,-73.91693,member
144837,DFF8AB6FDF3CC746,docked_bike,2021-03-10 07:01:45,2021-03-10 07:04:22,Central Ave & Woodbine St,4632,Central Ave & Weirfield St,4591,40.69296,-73.91605,40.69055,-73.91181,member
149446,D3A01CB512B6CD06,docked_bike,2021-03-27 19:01:45,2021-03-27 19:15:51,Central Ave & Woodbine St,4632,Norman St & Wyckoff Ave,4654,40.69296,-73.91605,40.69517,-73.90311,casual
170564,5C79FAA2D8AB64B3,docked_bike,2021-03-29 16:46:58,2021-03-29 17:07:28,Central Ave & Woodbine St,4632,Fulton St & Utica Ave,4228,40.69296,-73.91605,40.6794268,-73.9298911,casual
170599,E3781BF52FD1B572,docked_bike,2021-03-29 16:45:53,2021-03-29 17:07:15,Central Ave & Woodbine St,4632,Fulton St & Utica Ave,4228,40.69296,-73.91605,40.6794268,-73.9298911,casual
187512,719954D96E880156,docked_bike,2021-03-11 11:52:11,2021-03-11 12:02:19,Central Ave & Woodbine St,4632,Tompkins Ave & Hopkins St,4850,40.69296,-73.91605,40.69957608,-73.94708417,member
187827,EFB497519BF5EF80,docked_bike,2021-03-17 09:45:13,2021-03-17 09:56:06,Central Ave & Woodbine St,4632,Tompkins Ave & Hopkins St,4850,40.69296,-73.91605,40.69957608,-73.94708417,member
201069,377461E385D8F3C8,docked_bike,2021-03-03 13:48:36,2021-03-03 14:21:58,Central Ave & Woodbine St,4632,Scholes St & Manhattan Ave,5108,40.69296,-73.91605,40.70870368,-73.9448625,casual
201095,B248274691E0A894,docked_bike,2021-03-03 13:50:04,2021-03-03 14:22:14,Central Ave & Woodbine St,4632,Scholes St & Manhattan Ave,5108,40.69296,-73.91605,40.70870368,-73.9448625,casual
206852,BE16B2FB4C14853B,docked_bike,2021-03-12 09:19:59,2021-03-12 09:45:52,Central Ave & Woodbine St,4632,Franklin Ave & St Marks Ave,4107,40.69296,-73.91605,40.6758324,-73.9561677,casual
206855,028342CC832A8A31,docked_bike,2021-03-16 09:26:37,2021-03-16 09:46:01,Central Ave & Woodbine St,4632,Franklin Ave & St Marks Ave,4107,40.69296,-73.91605,40.6758324,-73.9561677,casual
219749,4415354F426D499D,docked_bike,2021-03-12 07:08:03,2021-03-12 07:52:19,Central Ave & Woodbine St,4632,Jackson St & Leonard St,5332,40.69296,-73.91605,40.71638031973561,-73.94821286201477,member
219817,913ABEE9A7A3FED2,docked_bike,2021-03-13 23:25:42,2021-03-13 23:54:06,Central Ave & Woodbine St,4632,Cedar St & Myrtle Ave,4751,40.69296,-73.91605,40.697842,-73.926241,member
230510,97D36281FF3E5733,docked_bike,2021-03-28 17:54:50,2021-03-28 18:05:33,Central Ave & Woodbine St,4632,Beaver St & Fayette St,4840,40.69296,-73.91605,40.70099,-73.93921,casual
230562,6EDB27F435AE58DA,docked_bike,2021-03-23 14:14:32,2021-03-23 14:25:07,Central Ave & Woodbine St,4632,Knickerbocker Ave & Hancock St,4663,40.69296,-73.91605,40.69385,-73.90974,member
230793,03FBD6BF85A3C2BD,docked_bike,2021-03-02 09:49:28,2021-03-02 09:58:04,Central Ave & Woodbine St,4632,Beaver St & Fayette St,4840,40.69296,-73.91605,40.70099,-73.93921,member
230819,1FFCC4721B833278,docked_bike,2021-03-20 15:09:42,2021-03-20 17:17:59,Central Ave & Woodbine St,4632,Bergen St & Flatbush Ave,4281,40.69296,-73.91605,40.680944723477296,-73.97567331790923,casual
239439,BE87AE5DB8998120,docked_bike,2021-03-25 10:50:59,2021-03-25 11:12:33,Central Ave & Woodbine St,4632,Fulton St & Adams St,4637,40.69296,-73.91605,40.69241829257847,-73.98949474096298,member
240925,FF5FFEC5E2318762,docked_bike,2021-03-04 10:31:12,2021-03-04 10:35:06,Central Ave & Woodbine St,4632,Linden St & Knickerbocker Ave,4743,40.69296,-73.91605,40.69714,-73.91566,member
249909,DB14E668E842F3A3,docked_bike,2021-03-25 18:37:08,2021-03-25 18:58:46,Central Ave & Woodbine St,4632,St Johns Pl & Washington Ave,4001,40.69296,-73.91605,40.6737236,-73.9631611,member
252405,E806DBB418C86E1F,docked_bike,2021-03-12 08:55:53,2021-03-12 09:01:10,Central Ave & Woodbine St,4632,Irving Ave & DeKalb Ave,4898,40.69296,-73.91605,40.7027,-73.92095,member
252406,1D6FBCDBAEB1A2C2,docked_bike,2021-03-10 08:56:14,2021-03-10 09:01:25,Central Ave & Woodbine St,4632,Irving Ave & DeKalb Ave,4898,40.69296,-73.91605,40.7027,-73.92095,member
252408,D43DEB4099E96FB9,docked_bike,2021-03-05 08:57:03,2021-03-05 09:03:07,Central Ave & Woodbine St,4632,Irving Ave & DeKalb Ave,4898,40.69296,-73.91605,40.7027,-73.92095,member
252444,5CFC8E690D7426E6,docked_bike,2021-03-11 07:57:58,2021-03-11 08:34:51,Central Ave & Woodbine St,4632,DeKalb Ave & Hudson Ave,4513,40.69296,-73.91605,40.689888,-73.981013,member
255166,5A4A93B2643AB8B2,docked_bike,2021-03-26 21:04:35,2021-03-26 21:10:23,Central Ave & Woodbine St,4632,Cedar St & Evergreen Ave,4721,40.69296,-73.91605,40.69671,-73.92807,casual
259259,F5A6F21925C20E48,docked_bike,2021-03-16 19:30:48,2021-03-16 19:38:59,Central Ave & Woodbine St,4632,Onderdonk Ave & Dekalb Ave,5115,40.69296,-73.91605,40.70863,-73.91497,casual
272875,5A60032B20E698D3,docked_bike,2021-03-04 13:34:56,2021-03-04 13:38:19,Central Ave & Woodbine St,4632,Broadway & Madison St,4483,40.69296,-73.91605,40.68822,-73.91966,member
277158,544EE407DFD3CEC0,docked_bike,2021-03-25 19:17:09,2021-03-25 19:23:12,Central Ave & Woodbine St,4632,Broadway & Madison St,4483,40.69296,-73.91605,40.68822,-73.91966,member
277160,5E9918F407B636F7,docked_bike,2021-03-06 18:49:35,2021-03-06 19:05:55,Central Ave & Woodbine St,4632,Menahan St & Central Ave,4672,40.69296,-73.91605,40.69543,-73.9196,casual
277178,D9A2534C7B28288F,docked_bike,2021-03-27 13:30:29,2021-03-27 13:33:55,Central Ave & Woodbine St,4632,Broadway & Madison St,4483,40.69296,-73.91605,40.68822,-73.91966,member
277179,4E27A67A77AA52D9,docked_bike,2021-03-31 13:36:57,2021-03-31 13:41:28,Central Ave & Woodbine St,4632,Broadway & Madison St,4483,40.69296,-73.91605,40.68822,-73.91966,member
281683,F0E1CA2C5A8FF132,docked_bike,2021-03-08 22:46:55,2021-03-08 23:19:06,Van Brunt St & Wolcott St,4095,Central Ave & Woodbine St,4632,40.677342,-74.01275,40.69296,-73.91605,member
281697,2B128FF0385B2E94,docked_bike,2021-03-22 15:41:22,2021-03-22 15:58:07,Verona Pl & Fulton St,4124,Central Ave & Woodbine St,4632,40.680356,-73.947679,40.69296,-73.91605,casual
281820,6E06252BFA68BEFD,docked_bike,2021-03-30 21:09:44,2021-03-30 21:23:59,Knickerbocker Ave & George St,4979,Central Ave & Woodbine St,4632,40.704425,-73.92836,40.69296,-73.91605,casual
282032,6B0B1C074E956475,docked_bike,2021-03-11 17:20:59,2021-03-11 17:58:05,Kent Ave & N 7 St,5489,Central Ave & Woodbine St,4632,40.720367,-73.96165,40.69296,-73.91605,casual
282062,9D869A3616AADDEE,docked_bike,2021-03-23 15:01:42,2021-03-23 15:31:52,Sharon St & Olive St,5323,Central Ave & Woodbine St,4632,40.715353,-73.93856,40.69296,-73.91605,member
282128,C3A848D07FE3A11D,docked_bike,2021-03-28 18:55:07,2021-03-28 19:33:14,McGuinness Blvd & Eagle St,5977,Central Ave & Woodbine St,4632,40.73555,-73.95284,40.69296,-73.91605,member
282199,5ABDA15B63E5C14B,docked_bike,2021-03-08 19:40:44,2021-03-08 19:58:08,S 5 Pl & S 5 St,5125,Central Ave & Woodbine St,4632,40.710451,-73.960876,40.69296,-73.91605,member
282227,567FC286B8E97BE8,docked_bike,2021-03-25 21:45:57,2021-03-25 21:58:49,Montrose Ave & Bushwick Ave,5068,Central Ave & Woodbine St,4632,40.707677,-73.940161,40.69296,-73.91605,member
282230,581F24F696C37A8B,docked_bike,2021-03-21 22:17:10,2021-03-21 22:23:36,Irving Ave & Jefferson St,5051,Central Ave & Woodbine St,4632,40.70538,-73.92535,40.69296,-73.91605,casual
282276,3EAC59DC896030D1,docked_bike,2021-03-09 09:02:24,2021-03-09 09:14:05,McKibbin St & Bogart St,5059,Central Ave & Woodbine St,4632,40.706237,-73.933871,40.69296,-73.91605,casual
282310,B2D8EE5B33A93B62,docked_bike,2021-03-16 17:29:05,2021-03-16 17:37:11,Madison St & Woodward Ave,4954,Central Ave & Woodbine St,4632,40.70408,-73.90408,40.69296,-73.91605,casual
282413,ECF9FE80B67C7B9F,docked_bike,2021-03-25 16:04:27,2021-03-25 16:07:00,Bushwick Ave & Linden St,4600,Central Ave & Woodbine St,4632,40.69146,-73.92146,40.69296,-73.91605,member
282619,247A616CC4BF0C58,docked_bike,2021-03-12 18:04:30,2021-03-12 18:29:00,N 15 St & Wythe Ave,5520,Central Ave & Woodbine St,4632,40.724055,-73.955736,40.69296,-73.91605,casual
282698,66E1E45F117DAD40,docked_bike,2021-03-06 14:17:57,2021-03-06 14:26:00,George St & Wilson Ave,4906,Central Ave & Woodbine St,4632,40.702997,-73.92997,40.69296,-73.91605,member
282750,D186C0EEC2B50675,docked_bike,2021-03-22 17:12:45,2021-03-22 17:44:57,N 15 St & Wythe Ave,5520,Central Ave & Woodbine St,4632,40.724055,-73.955736,40.69296,-73.91605,casual
282804,EE8676EDC2C91AB0,docked_bike,2021-03-06 00:25:20,2021-03-06 00:43:03,N 12 St & Bedford Ave,5450,Central Ave & Woodbine St,4632,40.720798,-73.954847,40.69296,-73.91605,casual
282847,DE7EDD4FDD083DA0,docked_bike,2021-03-20 14:22:12,2021-03-20 14:26:07,Greene Av & Myrtle Av,4784,Central Ave & Woodbine St,4632,40.698568,-73.918877,40.69296,-73.91605,member
282853,4F6019D4A9D3C1C9,docked_bike,2021-03-23 18:21:30,2021-03-23 18:24:52,Greene Av & Myrtle Av,4784,Central Ave & Woodbine St,4632,40.698568,-73.918877,40.69296,-73.91605,member
282869,0C330537508D54F1,docked_bike,2021-03-27 14:59:03,2021-03-27 15:02:55,Greene Av & Myrtle Av,4784,Central Ave & Woodbine St,4632,40.698568,-73.918877,40.69296,-73.91605,member
282872,189B5E29F22FF13A,docked_bike,2021-03-16 01:03:53,2021-03-16 01:08:27,Greene Av & Myrtle Av,4784,Central Ave & Woodbine St,4632,40.698568,-73.918877,40.69296,-73.91605,member
282884,DF71858F8C66B598,docked_bike,2021-03-14 11:57:16,2021-03-14 12:18:32,Dock 72 Way & Market St,4804,Central Ave & Woodbine St,4632,40.69985,-73.97141,40.69296,-73.91605,member
282907,91750CCD04A1A5CE,docked_bike,2021-03-27 18:55:43,2021-03-27 19:27:04,Berkeley Pl & 7 Ave,4051,Central Ave & Woodbine St,4632,40.675146,-73.975232,40.69296,-73.91605,member
282908,6CF994D0511B35D4,docked_bike,2021-03-01 00:40:20,2021-03-01 00:45:58,Greene Av & Myrtle Av,4784,Central Ave & Woodbine St,4632,40.698568,-73.918877,40.69296,-73.91605,member
282909,663C07A1F8B1F8C2,docked_bike,2021-03-29 13:04:48,2021-03-29 13:08:39,Greene Av & Myrtle Av,4784,Central Ave & Woodbine St,4632,40.698568,-73.918877,40.69296,-73.91605,casual
283050,651F7F8E4315F046,docked_bike,2021-03-30 09:45:49,2021-03-30 09:50:59,Van Buren St & Broadway,4568,Central Ave & Woodbine St,4632,40.692,-73.92617,40.69296,-73.91605,casual
283159,208A8154697619EA,docked_bike,2021-03-27 18:52:40,2021-03-27 19:09:07,Monroe St & Bedford Ave,4368,Central Ave & Woodbine St,4632,40.685144,-73.953809,40.69296,-73.91605,member
283187,E3F139B7DC605995,docked_bike,2021-03-22 11:24:35,2021-03-22 11:29:02,Cedar St & Evergreen Ave,4721,Central Ave & Woodbine St,4632,40.69671,-73.92807,40.69296,-73.91605,casual
283199,8E8F70207BEDBD99,docked_bike,2021-03-27 15:58:34,2021-03-27 16:04:55,Irving Ave & DeKalb Ave,4898,Central Ave & Woodbine St,4632,40.7027,-73.92095,40.69296,-73.91605,casual
283230,E0FE6A3A1EB28FD4,docked_bike,2021-03-14 01:41:05,2021-03-14 01:42:49,Central Ave & Weirfield St,4591,Central Ave & Woodbine St,4632,40.69055,-73.91181,40.69296,-73.91605,member
283269,4C01BE578C7C84D8,docked_bike,2021-03-25 12:27:33,2021-03-25 12:34:50,Somers St & Broadway,4203,Central Ave & Woodbine St,4632,40.67945,-73.90474,40.69296,-73.91605,casual
283285,53F8DBDF7DC02325,docked_bike,2021-03-20 17:24:30,2021-03-20 17:30:25,Bushwick Ave & Dekalb Ave,4680,Central Ave & Woodbine St,4632,40.69502,-73.92825,40.69296,-73.91605,casual
283317,C80C11C313D9282D,docked_bike,2021-03-04 11:06:22,2021-03-04 11:32:33,Central Ave & Woodbine St,4632,Central Ave & Woodbine St,4632,40.69296,-73.91605,40.69296,-73.91605,casual
283353,8490EF593872C4EB,docked_bike,2021-03-23 10:09:20,2021-03-23 10:41:59,Central Ave & Woodbine St,4632,Central Ave & Woodbine St,4632,40.69296,-73.91605,40.69296,-73.91605,casual
283369,6A2B1C2484750708,docked_bike,2021-03-01 11:27:30,2021-03-01 11:49:23,Central Ave & Woodbine St,4632,Central Ave & Woodbine St,4632,40.69296,-73.91605,40.69296,-73.91605,casual
283385,AEEA19D3A712AF91,docked_bike,2021-03-07 14:45:35,2021-03-07 14:50:09,Central Ave & Woodbine St,4632,Central Ave & Woodbine St,4632,40.69296,-73.91605,40.69296,-73.91605,casual
283441,6FFAFDBC1D498971,docked_bike,2021-03-22 16:29:59,2021-03-22 17:07:50,Central Ave & Woodbine St,4632,Central Ave & Woodbine St,4632,40.69296,-73.91605,40.69296,-73.91605,casual
283442,956DF814FF90D819,docked_bike,2021-03-17 11:12:57,2021-03-17 11:19:40,Central Ave & Woodbine St,4632,Central Ave & Woodbine St,4632,40.69296,-73.91605,40.69296,-73.91605,member
283489,E104A83E4DC09501,docked_bike,2021-03-25 08:10:38,2021-03-25 08:11:05,Central Ave & Woodbine St,4632,Central Ave & Woodbine St,4632,40.69296,-73.91605,40.69296,-73.91605,member
283507,2BFF8A694EE0193F,docked_bike,2021-03-02 10:07:11,2021-03-02 10:30:02,Central Ave & Woodbine St,4632,Central Ave & Woodbine St,4632,40.69296,-73.91605,40.69296,-73.91605,casual
283549,CFE403D384455A55,docked_bike,2021-03-12 20:27:26,2021-03-12 20:37:17,Putnam Ave & Throop Ave,4392,Central Ave & Woodbine St,4632,40.685153,-73.94111,40.69296,-73.91605,casual
283595,F906A1F0D56AAA14,docked_bike,2021-03-28 15:56:29,2021-03-28 16:33:17,Grand St & Greene St,5500,Central Ave & Woodbine St,4632,40.7217,-74.002381,40.69296,-73.91605,member
283628,1E5A7E81300E35CA,docked_bike,2021-03-30 22:36:21,2021-03-30 22:49:42,Broadway & Roebling St,5125,Central Ave & Woodbine St,4632,40.709248,-73.960631,40.69296,-73.91605,casual
283632,1CE76A5E1855FCE1,docked_bike,2021-03-09 02:40:03,2021-03-09 02:45:37,Willoughby Ave & Myrtle Ave,4759,Central Ave & Woodbine St,4632,40.69757,-73.93098,40.69296,-73.91605,casual
283672,011B5436B4B8A5BA,docked_bike,2021-03-27 11:45:17,2021-03-27 11:50:49,Willoughby Ave & Myrtle Ave,4759,Central Ave & Woodbine St,4632,40.69757,-73.93098,40.69296,-73.91605,member
283684,FED5F4AC9DFFE4FB,docked_bike,2021-03-10 13:06:11,2021-03-10 13:14:12,Willoughby Ave & Myrtle Ave,4759,Central Ave & Woodbine St,4632,40.69757,-73.93098,40.69296,-73.91605,member
283748,2B19EF79A290687C,docked_bike,2021-03-03 17:35:02,2021-03-03 17:55:08,Lefferts Pl & Franklin Ave,4222,Central Ave & Woodbine St,4632,40.680342,-73.955768,40.69296,-73.91605,casual
283777,CD2BFACBDFC1ACFC,docked_bike,2021-03-12 15:35:39,2021-03-12 15:39:36,Bushwick Ave & Harman St,4640,Central Ave & Woodbine St,4632,40.69356,-73.92524,40.69296,-73.91605,member
283778,7BBF57AE3612D41F,docked_bike,2021-03-27 12:24:40,2021-03-27 12:30:10,Putnam Ave & Knickerbocker Ave,4663,Central Ave & Woodbine St,4632,40.69545,-73.91164,40.69296,-73.91605,casual
283835,0FE06428465B55AC,docked_bike,2021-03-23 10:49:17,2021-03-23 10:51:38,Putnam Ave & Knickerbocker Ave,4663,Central Ave & Woodbine St,4632,40.69545,-73.91164,40.69296,-73.91605,member
283958,8B9AFA41C18D26BA,docked_bike,2021-03-24 19:31:03,2021-03-24 19:48:40,Central Ave & Melrose St,4832,Central Ave & Woodbine St,4632,40.70112,-73.93039,40.69296,-73.91605,casual
283983,EDE6B301D5C440C5,docked_bike,2021-03-04 17:21:11,2021-03-04 17:37:31,Dean St & Franklin Ave,4107,Central Ave & Woodbine St,4632,40.677592,-73.955637,40.69296,-73.91605,casual
283999,B508DCAF21F3849B,docked_bike,2021-03-20 15:39:11,2021-03-20 15:58:38,Bayard St & Leonard St,5442,Central Ave & Woodbine St,4632,40.719155,-73.948853,40.69296,-73.91605,member
284043,85BE65694F0DCCCF,docked_bike,2021-03-09 21:53:29,2021-03-09 22:19:56,Grand St & Elizabeth St,5382,Central Ave & Woodbine St,4632,40.718822,-73.99596,40.69296,-73.91605,member
284048,7C7E53963DC04D47,docked_bike,2021-03-29 11:16:43,2021-03-29 11:37:41,Bedford Ave & Nassau Ave,5550,Central Ave & Woodbine St,4632,40.723117,-73.952123,40.69296,-73.91605,casual
284060,536E9D08E42C906B,docked_bike,2021-03-09 20:28:04,2021-03-09 20:57:12,Allen St & Hester St,5342,Central Ave & Woodbine St,4632,40.716058,-73.991907,40.69296,-73.91605,member
284088,B4022522A4CDFAAA,docked_bike,2021-03-22 21:55:33,2021-03-22 22:26:47,Grand St & Elizabeth St,5382,Central Ave & Woodbine St,4632,40.718822,-73.99596,40.69296,-73.91605,member
284234,0A88784FA3651E88,docked_bike,2021-03-26 19:07:16,2021-03-26 19:15:42,White St & Moore St,4987,Central Ave & Woodbine St,4632,40.704508,-73.9351,40.69296,-73.91605,member
284380,F5D76686122D215B,docked_bike,2021-03-18 01:47:23,2021-03-18 02:03:06,Myrtle Ave & Linden St,4816,Central Ave & Woodbine St,4632,40.69943,-73.91337,40.69296,-73.91605,member
284382,58B143E7FF66A953,docked_bike,2021-03-04 11:15:14,2021-03-04 11:19:52,Myrtle Ave & Linden St,4816,Central Ave & Woodbine St,4632,40.69943,-73.91337,40.69296,-73.91605,member
284444,C2FFEC98D39C5776,docked_bike,2021-03-25 22:42:52,2021-03-25 22:47:00,Myrtle Ave & Linden St,4816,Central Ave & Woodbine St,4632,40.69943,-73.91337,40.69296,-73.91605,member
284458,BF4806DF90BFAFC5,docked_bike,2021-03-18 17:48:44,2021-03-18 18:03:12,Myrtle Ave & Linden St,4816,Central Ave & Woodbine St,4632,40.69943,-73.91337,40.69296,-73.91605,member
284572,5083461E7B3607AB,docked_bike,2021-03-31 10:24:26,2021-03-31 12:16:50,Pearl St & Hanover Square,4993,Central Ave & Woodbine St,4632,40.704717,-74.00926,40.69296,-73.91605,member
284592,2E05DB2AF0B17544,docked_bike,2021-03-26 18:37:14,2021-03-26 19:12:11,Delancey St & Eldridge St,5414,Central Ave & Woodbine St,4632,40.719383,-73.991479,40.69296,-73.91605,casual
284787,6AD5C53796A43594,docked_bike,2021-03-10 17:54:37,2021-03-10 18:07:58,Pulaski St & Marcus Garvey Blvd,4656,Central Ave & Woodbine St,4632,40.693398,-73.939877,40.69296,-73.91605,member
284819,2B414CEB0074D6D7,docked_bike,2021-03-25 19:29:32,2021-03-25 19:43:24,Wilson Ave & Troutman St,4864,Central Ave & Woodbine St,4632,40.70166,-73.92754,40.69296,-73.91605,member
284841,8D9C2A07A79979A3,docked_bike,2021-03-04 21:12:46,2021-03-04 21:16:48,Irving Ave & Palmetto St,4775,Central Ave & Woodbine St,4632,40.698,-73.9127,40.69296,-73.91605,member
284842,881C30B574F61831,docked_bike,2021-03-25 19:39:04,2021-03-25 19:42:20,Irving Ave & Palmetto St,4775,Central Ave & Woodbine St,4632,40.698,-73.9127,40.69296,-73.91605,member
284849,7B229FFF1B4DC2EE,docked_bike,2021-03-16 09:20:58,2021-03-16 09:29:29,Irving Ave & Palmetto St,4775,Central Ave & Woodbine St,4632,40.698,-73.9127,40.69296,-73.91605,member
284856,F0BBBD8CCB8AEFCE,docked_bike,2021-03-11 19:38:32,2021-03-11 20:06:07,Irving Ave & Palmetto St,4775,Central Ave & Woodbine St,4632,40.698,-73.9127,40.69296,-73.91605,member
284862,60C64032EE86F580,docked_bike,2021-03-28 17:11:03,2021-03-28 17:14:59,Irving Ave & Palmetto St,4775,Central Ave & Woodbine St,4632,40.698,-73.9127,40.69296,-73.91605,casual
284863,0B4FDE62EBC7202A,docked_bike,2021-03-17 09:33:49,2021-03-17 09:37:28,Irving Ave & Palmetto St,4775,Central Ave & Woodbine St,4632,40.698,-73.9127,40.69296,-73.91605,member
284864,0F6EBA503551EBF9,docked_bike,2021-03-13 19:23:23,2021-03-13 19:26:30,Irving Ave & Palmetto St,4775,Central Ave & Woodbine St,4632,40.698,-73.9127,40.69296,-73.91605,member
284880,02D72E3BE219B448,docked_bike,2021-03-30 23:44:23,2021-03-30 23:48:07,Irving Ave & Palmetto St,4775,Central Ave & Woodbine St,4632,40.698,-73.9127,40.69296,-73.91605,member
284885,3076D3DDA4212E54,docked_bike,2021-03-05 13:14:06,2021-03-05 13:21:03,Irving Ave & Palmetto St,4775,Central Ave & Woodbine St,4632,40.698,-73.9127,40.69296,-73.91605,member
284886,6AE7C5F2EC53CA98,docked_bike,2021-03-20 23:57:32,2021-03-21 00:00:28,Irving Ave & Palmetto St,4775,Central Ave & Woodbine St,4632,40.698,-73.9127,40.69296,-73.91605,member
284893,AC311498BFE9AB1B,docked_bike,2021-03-31 11:47:34,2021-03-31 11:52:15,Irving Ave & Palmetto St,4775,Central Ave & Woodbine St,4632,40.698,-73.9127,40.69296,-73.91605,member
284920,EB08234A6D447B40,docked_bike,2021-03-28 19:01:06,2021-03-28 19:11:16,Wyckoff Av & Jefferson St,5051,Central Ave & Woodbine St,4632,40.707165,-73.923711,40.69296,-73.91605,member
284940,9BF330FB5682FAE7,docked_bike,2021-03-04 18:46:07,2021-03-04 18:51:16,Grove St & Broadway,4526,Central Ave & Woodbine St,4632,40.69047,-73.923511,40.69296,-73.91605,casual
284951,6E0FA69046AD80CC,docked_bike,2021-03-21 01:37:27,2021-03-21 01:44:59,Wyckoff Av & Jefferson St,5051,Central Ave & Woodbine St,4632,40.707165,-73.923711,40.69296,-73.91605,casual
284974,409863B4312D48E9,docked_bike,2021-03-17 09:51:44,2021-03-17 09:59:22,Suydam St & Knickerbocker Ave,4939,Central Ave & Woodbine St,4632,40.702013,-73.923769,40.69296,-73.91605,member
284975,2BF0FE5B1BB8487C,docked_bike,2021-03-15 20:01:02,2021-03-15 20:08:08,Suydam St & Knickerbocker Ave,4939,Central Ave & Woodbine St,4632,40.702013,-73.923769,40.69296,-73.91605,member
285090,BAECA4F202DE2581,docked_bike,2021-03-13 17:15:31,2021-03-13 17:32:06,Frost St & Meeker Ave,5371,Central Ave & Woodbine St,4632,40.717661,-73.9488,40.69296,-73.91605,casual
285122,4CA80C06B96AB7F9,docked_bike,2021-03-09 08:20:14,2021-03-09 08:40:00,Union Ave & N 12 St,5411,Central Ave & Woodbine St,4632,40.71924,-73.95242,40.69296,-73.91605,member
285151,4F8B28D48517B8D3,docked_bike,2021-03-27 21:29:35,2021-03-27 22:07:50,Henry St & Atlantic Ave,4531,Central Ave & Woodbine St,4632,40.690892,-73.996123,40.69296,-73.91605,member
285177,523225DFF0B79E35,docked_bike,2021-03-27 11:49:41,2021-03-27 12:12:31,Lewis Ave & Madison St,4425,Central Ave & Woodbine St,4632,40.686312,-73.935775,40.69296,-73.91605,casual
285196,A7409889E93BDFB0,docked_bike,2021-03-22 19:41:45,2021-03-22 19:50:45,Forest Ave & Summerfield St,4798,Central Ave & Woodbine St,4632,40.69922,-73.89795,40.69296,-73.91605,casual
285221,CAED069035CDE782,docked_bike,2021-03-11 20:21:32,2021-03-11 20:44:22,Devoe St & Lorimer St,5259,Central Ave & Woodbine St,4632,40.713352,-73.949103,40.69296,-73.91605,casual
285227,38D8650B5C9E4939,docked_bike,2021-03-21 02:05:55,2021-03-21 02:51:11,E 48 St & 3 Ave,6541,Central Ave & Woodbine St,4632,40.754601,-73.971878,40.69296,-73.91605,member
285228,EC9CE6B80261A1E2,docked_bike,2021-03-28 02:18:50,2021-03-28 03:01:50,E 48 St & 3 Ave,6541,Central Ave & Woodbine St,4632,40.754601,-73.971878,40.69296,-73.91605,member
285245,4838E5DA840ED0E4,docked_bike,2021-03-28 03:12:00,2021-03-28 03:15:44,Central Ave & Himrod St,4713,Central Ave & Woodbine St,4632,40.69676,-73.92302,40.69296,-73.91605,member
285276,15F5CC8246176AB9,docked_bike,2021-03-25 17:07:19,2021-03-25 17:12:55,Central Ave & Himrod St,4713,Central Ave & Woodbine St,4632,40.69676,-73.92302,40.69296,-73.91605,member
285350,DF048242BE5B6BB2,docked_bike,2021-03-27 09:31:20,2021-03-27 09:34:35,Irving Ave & Palmetto St,4775,Central Ave & Woodbine St,4632,40.698,-73.9127,40.69296,-73.91605,member
285406,55F0FCB6E6B84B48,docked_bike,2021-03-05 19:22:26,2021-03-05 19:29:31,Wilson Ave & Moffat St,4507,Central Ave & Woodbine St,4632,40.68906,-73.90506,40.69296,-73.91605,member
285415,E958FBF0AE6886EC,docked_bike,2021-03-08 19:07:19,2021-03-08 19:12:02,Wilson Ave & Moffat St,4507,Central Ave & Woodbine St,4632,40.68906,-73.90506,40.69296,-73.91605,member
285542,52EF600991AE6CEC,docked_bike,2021-03-31 16:54:37,2021-03-31 17:15:28,Franklin Ave & St Marks Ave,4107,Central Ave & Woodbine St,4632,40.675832,-73.956167,40.69296,-73.91605,casual
285598,E1F854F40C8ECE1A,docked_bike,2021-03-08 20:35:03,2021-03-08 20:39:01,Halsey St & Broadway,4366,Central Ave & Woodbine St,4632,40.68565,-73.91564,40.69296,-73.91605,casual
285635,E425725001A9EBD9,docked_bike,2021-03-05 20:24:54,2021-03-05 20:26:49,Madison St & Evergreen Ave,4560,Central Ave & Woodbine St,4632,40.69122,-73.91693,40.69296,-73.91605,member
285714,DFE1238CF9983DE2,docked_bike,2021-03-04 12:49:04,2021-03-04 12:50:26,Madison St & Evergreen Ave,4560,Central Ave & Woodbine St,4632,40.69122,-73.91693,40.69296,-73.91605,member
285726,DD50ADE68AE37CA0,docked_bike,2021-03-26 01:58:56,2021-03-26 02:18:57,Wyckoff Av & Stanhope St,4931,Central Ave & Woodbine St,4632,40.703545,-73.917775,40.69296,-73.91605,member
285727,DE12C088AF5E0FC4,docked_bike,2021-03-06 00:46:42,2021-03-06 01:03:23,Wyckoff Av & Stanhope St,4931,Central Ave & Woodbine St,4632,40.703545,-73.917775,40.69296,-73.91605,member
285745,4B485930D4B057A7,docked_bike,2021-03-16 23:01:55,2021-03-16 23:19:10,Wyckoff Av & Stanhope St,4931,Central Ave & Woodbine St,4632,40.703545,-73.917775,40.69296,-73.91605,member
285785,D1660EABC80D009D,docked_bike,2021-03-12 19:45:32,2021-03-12 20:17:20,S 5 Pl & S 5 St,5125,Central Ave & Woodbine St,4632,40.710451,-73.960876,40.69296,-73.91605,member
285790,7FB204D85CB6DEAC,docked_bike,2021-03-04 20:29:11,2021-03-04 20:46:34,S 5 Pl & S 5 St,5125,Central Ave & Woodbine St,4632,40.710451,-73.960876,40.69296,-73.91605,member
285806,16722D3F40FB26F7,docked_bike,2021-03-25 19:26:10,2021-03-25 19:54:01,S 5 Pl & S 5 St,5125,Central Ave & Woodbine St,4632,40.710451,-73.960876,40.69296,-73.91605,member
285809,E4C350A5F034A2FA,docked_bike,2021-03-02 20:27:09,2021-03-02 20:48:38,S 5 Pl & S 5 St,5125,Central Ave & Woodbine St,4632,40.710451,-73.960876,40.69296,-73.91605,member
285810,C88539E6D3EC7470,docked_bike,2021-03-11 19:17:36,2021-03-11 19:45:16,S 5 Pl & S 5 St,5125,Central Ave & Woodbine St,4632,40.710451,-73.960876,40.69296,-73.91605,member
285835,A89F09285D94F60E,docked_bike,2021-03-29 19:43:50,2021-03-29 20:10:09,S 5 Pl & S 5 St,5125,Central Ave & Woodbine St,4632,40.710451,-73.960876,40.69296,-73.91605,member
285845,41C4DDBDE58D24A1,docked_bike,2021-03-03 11:15:54,2021-03-03 11:45:01,S 5 Pl & S 5 St,5125,Central Ave & Woodbine St,4632,40.710451,-73.960876,40.69296,-73.91605,casual
285853,803936CCD4114EC5,docked_bike,2021-03-01 17:42:09,2021-03-01 17:52:58,Myrtle Ave & Lewis Ave,4729,Central Ave & Woodbine St,4632,40.696819,-73.937569,40.69296,-73.91605,casual
285878,80F7E8701D5F865D,docked_bike,2021-03-18 23:15:22,2021-03-18 23:48:07,Van Brunt St & Van Dyke St,4095,Central Ave & Woodbine St,4632,40.675832,-74.014726,40.69296,-73.91605,member
285886,0D7D1452FE721E01,docked_bike,2021-03-05 00:32:05,2021-03-05 00:48:47,Wyckoff Av & Stanhope St,4931,Central Ave & Woodbine St,4632,40.703545,-73.917775,40.69296,-73.91605,member
285887,BD2D47D58FFF566D,docked_bike,2021-03-29 00:45:51,2021-03-29 00:58:02,Wyckoff Av & Stanhope St,4931,Central Ave & Woodbine St,4632,40.703545,-73.917775,40.69296,-73.91605,member
285893,F4477A706D14382F,docked_bike,2021-03-22 16:52:22,2021-03-22 16:57:02,Cedar St & Myrtle Ave,4751,Central Ave & Woodbine St,4632,40.697842,-73.926241,40.69296,-73.91605,casual
285915,BAEBE25AB955AC7F,docked_bike,2021-03-02 15:30:55,2021-03-02 15:37:11,Hancock St & Wyckoff Ave,4735,Central Ave & Woodbine St,4632,40.6972,-73.90674,40.69296,-73.91605,member
285963,19DB42048840CBFA,docked_bike,2021-03-17 17:52:15,2021-03-17 18:16:02,Hanson Pl & Ashland Pl,4395,Central Ave & Woodbine St,4632,40.685068,-73.977907,40.69296,-73.91605,member
285974,6469856F39394306,docked_bike,2021-03-20 14:30:29,2021-03-20 15:07:31,Myrtle Ave & Lewis Ave,4729,Central Ave & Woodbine St,4632,40.696819,-73.937569,40.69296,-73.91605,casual
286109,657CF679E966C7D9,docked_bike,2021-03-23 19:49:42,2021-03-23 20:00:59,Central Ave & Covert St,4550,Central Ave & Woodbine St,4632,40.68929,-73.90951,40.69296,-73.91605,casual
286315,6E9663C6F46B259D,docked_bike,2021-03-21 19:06:26,2021-03-21 19:25:21,Nostrand Ave & Myrtle Ave,4707,Central Ave & Woodbine St,4632,40.69527,-73.952381,40.69296,-73.91605,casual
286394,27E82BBEDEFC4D72,docked_bike,2021-03-11 22:35:52,2021-03-11 22:50:58,S 5 Pl & S 5 St,5125,Central Ave & Woodbine St,4632,40.710451,-73.960876,40.69296,-73.91605,casual
286506,5A80B3AEFDC59DE8,docked_bike,2021-03-09 13:29:55,2021-03-09 13:52:50,Lafayette Ave & Classon Ave,4452,Central Ave & Woodbine St,4632,40.689004,-73.960238,40.69296,-73.91605,casual
286517,19773F66C69805BA,docked_bike,2021-03-11 20:51:16,2021-03-11 21:32:31,E 11 St & Avenue B,5659,Central Ave & Woodbine St,4632,40.727464,-73.979504,40.69296,-73.91605,member
286522,DAF757FDF51DE8FF,docked_bike,2021-03-20 12:10:03,2021-03-20 12:16:13,George St & Wilson Ave,4906,Central Ave & Woodbine St,4632,40.702997,-73.92997,40.69296,-73.91605,member
286528,73506992541DFCA3,docked_bike,2021-03-21 18:37:23,2021-03-21 18:55:50,DeKalb Ave & Franklin Ave,4528,Central Ave & Woodbine St,4632,40.690648,-73.957461,40.69296,-73.91605,member
286547,58D53EB8B4DF6307,docked_bike,2021-03-15 08:49:48,2021-03-15 08:53:39,Greene Av & Myrtle Av,4784,Central Ave & Woodbine St,4632,40.698568,-73.918877,40.69296,-73.91605,member
286549,AD1DED31B94A0EF6,docked_bike,2021-03-11 12:59:57,2021-03-11 13:03:24,Greene Av & Myrtle Av,4784,Central Ave & Woodbine St,4632,40.698568,-73.918877,40.69296,-73.91605,member
286573,25FD1D99D2606EE2,docked_bike,2021-03-30 09:45:40,2021-03-30 09:50:56,Van Buren St & Broadway,4568,Central Ave & Woodbine St,4632,40.692,-73.92617,40.69296,-73.91605,member
286578,7C987FA35255DFEE,docked_bike,2021-03-25 06:27:22,2021-03-25 06:28:57,Central Ave & Weirfield St,4591,Central Ave & Woodbine St,4632,40.69055,-73.91181,40.69296,-73.91605,member
286587,6EE54264DE8A0EDC,docked_bike,2021-03-12 13:20:22,2021-03-12 13:28:35,Irving Ave & Jefferson St,5051,Central Ave & Woodbine St,4632,40.70538,-73.92535,40.69296,-73.91605,member
286637,3B05F30FE58395DD,docked_bike,2021-03-10 23:00:21,2021-03-10 23:32:05,Van Brunt St & Wolcott St,4095,Central Ave & Woodbine St,4632,40.677342,-74.01275,40.69296,-73.91605,member
286750,3B4C27D6479FAD1B,docked_bike,2021-03-03 10:06:33,2021-03-03 10:31:05,Central Ave & Woodbine St,4632,Central Ave & Woodbine St,4632,40.69296,-73.91605,40.69296,-73.91605,casual
286764,6F02F2C0C26A5AA1,docked_bike,2021-03-11 10:27:03,2021-03-11 10:28:06,Central Ave & Woodbine St,4632,Central Ave & Woodbine St,4632,40.69296,-73.91605,40.69296,-73.91605,member
286769,2E856D02B4937DBB,docked_bike,2021-03-14 12:43:17,2021-03-14 12:48:19,Central Ave & Woodbine St,4632,Central Ave & Woodbine St,4632,40.69296,-73.91605,40.69296,-73.91605,member
286776,1B233FF9F46F6D2B,docked_bike,2021-03-29 10:18:33,2021-03-29 10:41:35,Central Ave & Woodbine St,4632,Central Ave & Woodbine St,4632,40.69296,-73.91605,40.69296,-73.91605,casual
286806,19A0BA931A5814A2,docked_bike,2021-03-30 21:34:22,2021-03-30 21:46:15,Woodward Ave & Harman St,5074,Central Ave & Woodbine St,4632,40.70793,-73.91092,40.69296,-73.91605,casual
286812,81F44BC2FB0383CC,docked_bike,2021-03-04 12:52:38,2021-03-04 13:34:42,38 Ave & 29 St,6538,Central Ave & Woodbine St,4632,40.75473,-73.93367,40.69296,-73.91605,member
286814,1342B970B05B9B8A,docked_bike,2021-03-04 12:48:26,2021-03-04 12:59:36,Willoughby Ave & Tompkins Ave,4665,Central Ave & Woodbine St,4632,40.694254,-73.946269,40.69296,-73.91605,casual
286927,C6EAE7038C12D078,docked_bike,2021-03-25 23:03:46,2021-03-25 23:35:43,Van Brunt St & Wolcott St,4095,Central Ave & Woodbine St,4632,40.677342,-74.01275,40.69296,-73.91605,member
287046,CB3E8802CFAFB06D,docked_bike,2021-03-07 01:17:19,2021-03-07 01:22:17,Greene Av & Myrtle Av,4784,Central Ave & Woodbine St,4632,40.698568,-73.918877,40.69296,-73.91605,member
287115,A10A6EAA12DD1272,docked_bike,2021-03-26 23:57:56,2021-03-27 00:31:16,2 Ave & E 31 St,6197,Central Ave & Woodbine St,4632,40.742909,-73.97706,40.69296,-73.91605,member
287188,1CF4906A32FAA702,docked_bike,2021-03-20 12:09:24,2021-03-20 12:40:37,Knickerbocker Ave & Hancock St,4663,Central Ave & Woodbine St,4632,40.69385,-73.90974,40.69296,-73.91605,member
287195,6208469BB7E8DEDA,docked_bike,2021-03-09 19:59:16,2021-03-09 20:07:06,Beaver St & Fayette St,4840,Central Ave & Woodbine St,4632,40.70099,-73.93921,40.69296,-73.91605,member
287333,05FB6C0FEFEF8FC6,docked_bike,2021-03-25 18:01:18,2021-03-25 18:37:20,Fulton St & Waverly Ave,4345,Central Ave & Woodbine St,4632,40.683238,-73.965995,40.69296,-73.91605,casual
287343,CD0A57CFAB816ED2,docked_bike,2021-03-30 18:51:28,2021-03-30 19:07:38,Putnam Ave & Nostrand Ave,4327,Central Ave & Woodbine St,4632,40.68402,-73.94977,40.69296,-73.91605,member
287416,B8822619B7B7A4D3,docked_bike,2021-03-02 11:01:59,2021-03-02 11:04:52,Jefferson Ave & Evergreen Ave,4517,Central Ave & Woodbine St,4632,40.68989,-73.91458,40.69296,-73.91605,casual
287417,5707E6ABB50ADF00,docked_bike,2021-03-13 17:38:47,2021-03-13 17:41:06,Jefferson Ave & Evergreen Ave,4517,Central Ave & Woodbine St,4632,40.68989,-73.91458,40.69296,-73.91605,member
287433,B8995DEA59A12032,docked_bike,2021-03-04 18:11:12,2021-03-04 18:16:59,Willoughby Ave & Myrtle Ave,4759,Central Ave & Woodbine St,4632,40.69757,-73.93098,40.69296,-73.91605,member
287437,339D42FD61588EA4,docked_bike,2021-03-16 17:09:59,2021-03-16 17:18:58,Willoughby Ave & Myrtle Ave,4759,Central Ave & Woodbine St,4632,40.69757,-73.93098,40.69296,-73.91605,casual
287448,F9C8005BDF755FAF,docked_bike,2021-03-22 20:42:59,2021-03-22 20:57:40,Rockaway Ave & Bainbridge St,4285,Central Ave & Woodbine St,4632,40.683199,-73.911666,40.69296,-73.91605,member
287460,FE541B0B0FC5AFA7,docked_bike,2021-03-13 16:11:50,2021-03-13 16:43:50,Jefferson Ave & Evergreen Ave,4517,Central Ave & Woodbine St,4632,40.68989,-73.91458,40.69296,-73.91605,casual
287613,8688F55CE86434F4,docked_bike,2021-03-23 16:43:48,2021-03-23 17:04:54,S 3 St & Bedford Ave,5235,Central Ave & Woodbine St,4632,40.712604,-73.962644,40.69296,-73.91605,member
287662,50796C20C348094A,docked_bike,2021-03-25 18:08:28,2021-03-25 18:17:13,Norman St & Wyckoff Ave,4654,Central Ave & Woodbine St,4632,40.69517,-73.90311,40.69296,-73.91605,member
287699,2EE980BC69980C78,docked_bike,2021-03-14 20:33:01,2021-03-14 20:37:28,Central Ave & Starr Street,4792,Central Ave & Woodbine St,4632,40.700003,-73.92834,40.69296,-73.91605,member
287726,55C871EA54553145,docked_bike,2021-03-26 16:38:37,2021-03-26 17:07:25,Fulton St & Waverly Ave,4345,Central Ave & Woodbine St,4632,40.683238,-73.965995,40.69296,-73.91605,casual
287745,9F91CE85F2BC6D66,docked_bike,2021-03-13 16:37:14,2021-03-13 16:41:07,Broadway & Madison St,4483,Central Ave & Woodbine St,4632,40.68822,-73.91966,40.69296,-73.91605,member
287746,95EDFBDA23FDE71D,docked_bike,2021-03-27 19:59:21,2021-03-27 20:03:32,Broadway & Madison St,4483,Central Ave & Woodbine St,4632,40.68822,-73.91966,40.69296,-73.91605,member
287751,720FC9C0150AA121,docked_bike,2021-03-21 18:47:30,2021-03-21 18:50:19,Irving Ave & Palmetto St,4775,Central Ave & Woodbine St,4632,40.698,-73.9127,40.69296,-73.91605,member
287756,B40954F83AC19F2D,docked_bike,2021-03-28 01:06:27,2021-03-28 01:09:18,Irving Ave & Palmetto St,4775,Central Ave & Woodbine St,4632,40.698,-73.9127,40.69296,-73.91605,member
287757,A946CA6823B54CB9,docked_bike,2021-03-15 17:24:51,2021-03-15 17:43:45,Kosciuszko St & Nostrand Ave,4519,Central Ave & Woodbine St,4632,40.690725,-73.951334,40.69296,-73.91605,member
287759,A006A501E6224367,docked_bike,2021-03-27 16:39:55,2021-03-27 16:46:23,Irving Ave & Palmetto St,4775,Central Ave & Woodbine St,4632,40.698,-73.9127,40.69296,-73.91605,member
287799,AA475EA44719BAA5,docked_bike,2021-03-10 11:17:32,2021-03-10 11:28:27,Greene Ave & Grandview Ave,5106,Central Ave & Woodbine St,4632,40.709697,-73.907856,40.69296,-73.91605,member
287815,F4A25262759423C5,docked_bike,2021-03-13 10:42:41,2021-03-13 10:52:53,Beaver St & Fayette St,4840,Central Ave & Woodbine St,4632,40.70099,-73.93921,40.69296,-73.91605,member
287896,77D177E3234862D4,docked_bike,2021-03-28 18:50:33,2021-03-28 18:57:19,Stockholm St & Wilson Ave,4824,Central Ave & Woodbine St,4632,40.699304,-73.923044,40.69296,-73.91605,casual
287898,36C6976590C3F21D,docked_bike,2021-03-29 14:49:11,2021-03-29 14:53:06,Stockholm St & Wilson Ave,4824,Central Ave & Woodbine St,4632,40.699304,-73.923044,40.69296,-73.91605,casual
287907,EC4D6E307450D3F3,docked_bike,2021-03-11 08:57:17,2021-03-11 09:01:20,Putnam Ave & Wyckoff Ave,4735,Central Ave & Woodbine St,4632,40.69811,-73.90904,40.69296,-73.91605,member
287919,B782358BBD21B83C,docked_bike,2021-03-15 16:54:55,2021-03-15 16:58:15,Central Ave & Himrod St,4713,Central Ave & Woodbine St,4632,40.69676,-73.92302,40.69296,-73.91605,casual
287921,A94AB4D2855CBC04,docked_bike,2021-03-12 02:33:52,2021-03-12 02:36:15,Central Ave & Himrod St,4713,Central Ave & Woodbine St,4632,40.69676,-73.92302,40.69296,-73.91605,member
287994,485402A9C90180F0,docked_bike,2021-03-13 19:23:34,2021-03-13 19:26:14,Irving Ave & Palmetto St,4775,Central Ave & Woodbine St,4632,40.698,-73.9127,40.69296,-73.91605,member
288079,09E60F1FDA66DDC5,docked_bike,2021-03-12 13:34:43,2021-03-12 13:54:11,Meserole Ave & Manhattan Ave,5666,Central Ave & Woodbine St,4632,40.727085,-73.952991,40.69296,-73.91605,casual
288081,F952E47AD9465BC2,docked_bike,2021-03-05 15:10:49,2021-03-05 15:19:32,Suydam St & Knickerbocker Ave,4939,Central Ave & Woodbine St,4632,40.702013,-73.923769,40.69296,-73.91605,member
288084,76329AA7C269C8F9,docked_bike,2021-03-14 18:43:40,2021-03-14 18:55:06,Suydam St & Knickerbocker Ave,4939,Central Ave & Woodbine St,4632,40.702013,-73.923769,40.69296,-73.91605,casual
288109,F35082A0CD60795D,docked_bike,2021-03-25 08:18:23,2021-03-25 08:36:52,Bayard St & Leonard St,5442,Central Ave & Woodbine St,4632,40.719155,-73.948853,40.69296,-73.91605,member
288132,EFE49EC1C148AA2D,docked_bike,2021-03-29 16:13:43,2021-03-29 17:06:40,Broadway & W 36 St,6441,Central Ave & Woodbine St,4632,40.750977,-73.987654,40.69296,-73.91605,member
288207,FC755FD5A5B6D43B,docked_bike,2021-03-30 17:22:55,2021-03-30 17:52:16,Franklin Ave & St Marks Ave,4107,Central Ave & Woodbine St,4632,40.675832,-73.956167,40.69296,-73.91605,casual
288247,BE76171AE9790AE5,docked_bike,2021-03-17 17:19:24,2021-03-17 17:35:59,Greene Ave & Throop Ave,4510,Central Ave & Woodbine St,4632,40.689493,-73.942061,40.69296,-73.91605,casual
288259,58DD9809C462969B,docked_bike,2021-03-16 17:20:49,2021-03-16 17:43:38,Franklin Ave & St Marks Ave,4107,Central Ave & Woodbine St,4632,40.675832,-73.956167,40.69296,-73.91605,casual
288272,E83ECCCC7E8BF6CC,docked_bike,2021-03-19 17:11:02,2021-03-19 17:35:42,Franklin Ave & St Marks Ave,4107,Central Ave & Woodbine St,4632,40.675832,-73.956167,40.69296,-73.91605,casual
288291,3B53A48A390E26A4,docked_bike,2021-03-04 22:14:37,2021-03-04 22:40:59,Grand St & Elizabeth St,5382,Central Ave & Woodbine St,4632,40.718822,-73.99596,40.69296,-73.91605,member
288372,0F8BB54816F02A11,docked_bike,2021-03-02 22:51:48,2021-03-02 23:04:13,Stagg St & Morgan Ave,5170,Central Ave & Woodbine St,4632,40.710681,-73.93372,40.69296,-73.91605,casual
288410,518B1BB0050098F1,docked_bike,2021-03-27 18:27:11,2021-03-27 18:49:43,Bedford Ave & Nassau Ave,5550,Central Ave & Woodbine St,4632,40.723116,-73.952123,40.69296,-73.91605,casual
288412,9F4AD831B0CD7E48,docked_bike,2021-03-07 17:42:10,2021-03-07 18:16:03,Bedford Ave & Nassau Ave,5550,Central Ave & Woodbine St,4632,40.723116,-73.952123,40.69296,-73.91605,member
288459,8F78D09440709310,docked_bike,2021-03-09 16:22:41,2021-03-09 16:46:46,Fulton St & Waverly Ave,4345,Central Ave & Woodbine St,4632,40.683238,-73.965995,40.69296,-73.91605,member
288466,2E8CE62D0A30D8F4,docked_bike,2021-03-13 13:59:42,2021-03-13 14:20:33,Leonard St & Maujer St,5148,Central Ave & Woodbine St,4632,40.710368,-73.947059,40.69296,-73.91605,member
288467,3582B06129B04E23,docked_bike,2021-03-25 17:24:06,2021-03-25 17:52:05,Classon Ave & St Marks Ave,4074,Central Ave & Woodbine St,4632,40.676519,-73.959608,40.69296,-73.91605,casual
288587,B375DF7EDE75C515,docked_bike,2021-03-23 17:38:30,2021-03-23 18:05:59,Kent St & McGuinness Blvd,5785,Central Ave & Woodbine St,4632,40.73124,-73.95161,40.69296,-73.91605,casual
288629,390F492EA3D7E6B5,docked_bike,2021-03-20 09:36:20,2021-03-20 09:44:27,Central Ave & Flushing Ave,4947,Central Ave & Woodbine St,4632,40.702831,-73.9333,40.69296,-73.91605,casual
288656,612CE466285A0BA1,docked_bike,2021-03-23 18:16:38,2021-03-23 18:54:59,Front St & Gold St,4927,Central Ave & Woodbine St,4632,40.70224,-73.982578,40.69296,-73.91605,member
288767,F38F3243DE58E111,docked_bike,2021-03-12 19:37:11,2021-03-12 20:04:17,Underhill Ave & Lincoln Pl,4042,Central Ave & Woodbine St,4632,40.674012,-73.967145,40.69296,-73.91605,member
288780,E64A84476EBCFF7B,docked_bike,2021-03-20 20:01:24,2021-03-20 20:13:16,Park Ave & Marcus Garvey Blvd,4768,Central Ave & Woodbine St,4632,40.698617,-73.941342,40.69296,-73.91605,casual
288793,43E013ABD9102674,docked_bike,2021-03-09 21:17:10,2021-03-09 21:22:01,Broadway & Hancock St,4441,Central Ave & Woodbine St,4632,40.68663,-73.9168,40.69296,-73.91605,casual
288834,B610C8B5415BE1CD,docked_bike,2021-03-27 16:03:22,2021-03-27 16:15:55,Myrtle Ave & Lewis Ave,4729,Central Ave & Woodbine St,4632,40.696819,-73.937569,40.69296,-73.91605,casual
288845,C1B8AB83173D5CC5,docked_bike,2021-03-17 23:13:37,2021-03-17 23:45:27,Van Brunt St & Wolcott St,4095,Central Ave & Woodbine St,4632,40.677342,-74.01275,40.69296,-73.91605,member
288846,F9DAC34DA0A649C7,docked_bike,2021-03-29 23:04:04,2021-03-29 23:39:06,Van Brunt St & Wolcott St,4095,Central Ave & Woodbine St,4632,40.677342,-74.01275,40.69296,-73.91605,member
288847,5BE8A973EDE63E4B,docked_bike,2021-03-26 23:07:43,2021-03-26 23:08:07,Van Brunt St & Wolcott St,4095,Central Ave & Woodbine St,4632,40.677342,-74.01275,40.69296,-73.91605,member
288857,3E1D218370E3BBF5,docked_bike,2021-03-07 19:36:04,2021-03-07 19:44:16,Harman St & Seneca Ave,5002,Central Ave & Woodbine St,4632,40.70577,-73.91292,40.69296,-73.91605,member
288871,21A4E4E3349589D5,docked_bike,2021-03-07 21:29:59,2021-03-07 21:55:47,Grand St & Elizabeth St,5382,Central Ave & Woodbine St,4632,40.718822,-73.99596,40.69296,-73.91605,member
288890,FB27B8310EEB6041,docked_bike,2021-03-25 13:14:57,2021-03-25 13:57:06,Leonard St & Boerum St,5036,Central Ave & Woodbine St,4632,40.705833,-73.946445,40.69296,-73.91605,member
288967,91AE90EF5DC5B596,docked_bike,2021-03-11 17:41:32,2021-03-11 18:03:20,Franklin Ave & St Marks Ave,4107,Central Ave & Woodbine St,4632,40.675832,-73.956167,40.69296,-73.91605,casual
289185,E96C8CB956DE4034,docked_bike,2021-03-03 12:57:36,2021-03-03 13:14:14,Lefferts Pl & Franklin Ave,4222,Central Ave & Woodbine St,4632,40.680342,-73.955768,40.69296,-73.91605,casual
289205,3572E94C10487C63,docked_bike,2021-03-07 09:08:40,2021-03-07 09:13:32,Wilson Ave & Moffat St,4507,Central Ave & Woodbine St,4632,40.68906,-73.90506,40.69296,-73.91605,member
289318,6675B4F5F00B506C,docked_bike,2021-03-26 22:35:56,2021-03-26 22:41:21,Linden St & Knickerbocker Ave,4743,Central Ave & Woodbine St,4632,40.69714,-73.91566,40.69296,-73.91605,casual
289353,C864730EBA2F8140,docked_bike,2021-03-24 20:46:04,2021-03-24 20:55:00,Linden St & Knickerbocker Ave,4743,Central Ave & Woodbine St,4632,40.69714,-73.91566,40.69296,-73.91605,member
289372,0EDEFD7076BF9310,docked_bike,2021-03-18 16:26:26,2021-03-18 16:32:18,Bushwick Ave & Harman St,4640,Central Ave & Woodbine St,4632,40.69356,-73.92524,40.69296,-73.91605,member
289409,3EBEE471FB4F1A4F,docked_bike,2021-03-28 16:48:55,2021-03-28 16:53:46,Central Ave & Woodbine St,4632,Central Ave & Woodbine St,4632,40.69296,-73.91605,40.69296,-73.91605,member
289417,CB8B6B0A94BE8995,docked_bike,2021-03-03 19:35:40,2021-03-03 19:51:29,Woodward Ave & Harman St,5074,Central Ave & Woodbine St,4632,40.70793,-73.91092,40.69296,-73.91605,casual
289421,D284472753BE50EC,docked_bike,2021-03-13 10:26:56,2021-03-13 12:03:33,Central Ave & Woodbine St,4632,Central Ave & Woodbine St,4632,40.69296,-73.91605,40.69296,-73.91605,casual
289501,857867A31DA0BB51,docked_bike,2021-03-16 13:10:26,2021-03-16 13:32:54,Knickerbocker Ave & Halsey St,4623,Central Ave & Woodbine St,4632,40.693,-73.90824,40.69296,-73.91605,member
289517,F9DFBD0324E587C1,docked_bike,2021-03-25 10:44:25,2021-03-25 10:50:24,Putnam Ave & Knickerbocker Ave,4663,Central Ave & Woodbine St,4632,40.69545,-73.91164,40.69296,-73.91605,member
289573,83605DA2AB511004,docked_bike,2021-03-19 16:37:24,2021-03-19 16:51:37,Withers St & Kingsland Ave,5362,Central Ave & Woodbine St,4632,40.71773,-73.94051,40.69296,-73.91605,casual
289619,E29E3BABDA4354A6,docked_bike,2021-03-22 20:36:11,2021-03-22 21:06:37,St Marks Pl & 2 Ave,5669,Central Ave & Woodbine St,4632,40.728418,-73.987139,40.69296,-73.91605,member
289633,0F97FBD0374347D5,docked_bike,2021-03-27 11:48:53,2021-03-27 12:12:39,Lewis Ave & Madison St,4425,Central Ave & Woodbine St,4632,40.686312,-73.935775,40.69296,-73.91605,casual
289636,BBC7F18933DA4985,docked_bike,2021-03-03 21:27:33,2021-03-03 21:52:06,Forsyth St & Broome St,5453,Central Ave & Woodbine St,4632,40.718939,-73.992662,40.69296,-73.91605,member
289675,12629A9AE6AFAFDD,docked_bike,2021-03-25 12:10:27,2021-03-25 12:29:05,Flushing Ave & Vanderbilt Ave,4762,Central Ave & Woodbine St,4632,40.69795,-73.970775,40.69296,-73.91605,member
289685,5D1081D5F92D9A60,docked_bike,2021-03-25 17:55:32,2021-03-25 17:58:40,Central Ave & Himrod St,4713,Central Ave & Woodbine St,4632,40.69676,-73.92302,40.69296,-73.91605,member
289699,F49A5935B213FD23,docked_bike,2021-03-12 23:47:30,2021-03-12 23:59:16,Bushwick Ave & Stagg St,5140,Central Ave & Woodbine St,4632,40.709897,-73.94008,40.69296,-73.91605,member
289712,47E7457D8D6900C5,docked_bike,2021-03-12 09:29:29,2021-03-12 09:36:27,Broadway & Kosciuszko St,4608,Central Ave & Woodbine St,4632,40.69329,-73.92852,40.69296,-73.91605,member
289731,B2E408CF0BA6C5BA,docked_bike,2021-03-27 15:51:06,2021-03-27 16:54:14,St Marks Pl & 2 Ave,5669,Central Ave & Woodbine St,4632,40.728418,-73.987139,40.69296,-73.91605,casual
289741,E841766F1FA51E98,docked_bike,2021-03-31 02:55:58,2021-03-31 03:06:28,Broadway & Furman Ave,4244,Central Ave & Woodbine St,4632,40.68139,-73.90756,40.69296,-73.91605,member
289761,1728FDD97560A267,docked_bike,2021-03-31 22:08:10,2021-03-31 22:21:20,Bushwick Ave & Harman St,4640,Central Ave & Woodbine St,4632,40.69356,-73.92524,40.69296,-73.91605,member
289762,6D8F68D0A3EBD60B,docked_bike,2021-03-22 11:41:01,2021-03-22 11:43:41,Putnam Ave & Knickerbocker Ave,4663,Central Ave & Woodbine St,4632,40.69545,-73.91164,40.69296,-73.91605,member
289873,6E718A3580CF9A14,docked_bike,2021-03-01 17:27:07,2021-03-01 18:01:00,62 St & Northern Blvd,6536,Central Ave & Woodbine St,4632,40.754176,-73.900318,40.69296,-73.91605,casual
289935,2A01589B5AAD4A0A,docked_bike,2021-03-19 19:13:09,2021-03-19 19:17:21,Wilson Ave & Moffat St,4507,Central Ave & Woodbine St,4632,40.68906,-73.90506,40.69296,-73.91605,member
289936,648044B37D341F76,docked_bike,2021-03-12 19:04:41,2021-03-12 19:09:03,Wilson Ave & Moffat St,4507,Central Ave & Woodbine St,4632,40.68906,-73.90506,40.69296,-73.91605,member
289990,627A286E11992F28,docked_bike,2021-03-02 15:32:40,2021-03-02 15:47:02,Van Sinderen Ave & Truxton St,4161,Central Ave & Woodbine St,4632,40.6786,-73.90369,40.69296,-73.91605,member
290005,F3CCFCF43E2BAD67,docked_bike,2021-03-27 14:19:29,2021-03-27 14:28:15,Cypress Ave & George St,4765,Central Ave & Woodbine St,4632,40.69812,-73.90271,40.69296,-73.91605,member
290050,B0C802B53CF0BC3E,docked_bike,2021-03-25 07:39:37,2021-03-25 07:40:03,Central Ave & Woodbine St,4632,Central Ave & Woodbine St,4632,40.69296,-73.91605,40.69296,-73.91605,casual
290199,BFB2587E79415D03,docked_bike,2021-03-11 10:15:38,2021-03-11 10:39:52,Union St & Bedford Ave,3879,Central Ave & Woodbine St,4632,40.669178,-73.955416,40.69296,-73.91605,casual
290215,3B6A6E07DDAA2A1C,docked_bike,2021-03-13 17:00:32,2021-03-13 17:13:16,Willoughby Ave & Tompkins Ave,4665,Central Ave & Woodbine St,4632,40.694254,-73.946269,40.69296,-73.91605,casual
290276,CB6B6E494DDE87D9,docked_bike,2021-03-31 08:08:55,2021-03-31 08:41:04,Central Ave & Woodbine St,4632,Central Ave & Woodbine St,4632,40.69296,-73.91605,40.69296,-73.91605,casual
290354,13F65E11057A0602,docked_bike,2021-03-01 21:37:21,2021-03-01 22:08:41,Delancey St & Eldridge St,5414,Central Ave & Woodbine St,4632,40.719383,-73.991479,40.69296,-73.91605,member
290377,D40905E1C4AEC854,docked_bike,2021-03-12 22:48:30,2021-03-12 22:59:51,Tompkins Ave & Hopkins St,4850,Central Ave & Woodbine St,4632,40.699576,-73.947084,40.69296,-73.91605,casual
290431,592E79FCE42D528E,docked_bike,2021-03-13 18:53:52,2021-03-13 19:23:58,Carroll St & 6 Ave,4019,Central Ave & Woodbine St,4632,40.674088,-73.978728,40.69296,-73.91605,casual
290467,78C203E231A6651A,docked_bike,2021-03-24 16:42:50,2021-03-24 16:46:25,Greene Av & Myrtle Av,4784,Central Ave & Woodbine St,4632,40.698568,-73.918877,40.69296,-73.91605,member
290485,8299B8F04E154FCB,docked_bike,2021-03-23 00:17:53,2021-03-23 00:41:02,Central Ave & Woodbine St,4632,Central Ave & Woodbine St,4632,40.69296,-73.91605,40.69296,-73.91605,member
290609,7F3B4F226FE2A6A5,docked_bike,2021-03-31 17:27:26,2021-03-31 17:59:00,Montague St & Clinton St,4677,Central Ave & Woodbine St,4632,40.694281,-73.9923,40.69296,-73.91605,member
290614,252AB504F3A2B287,docked_bike,2021-03-20 09:06:40,2021-03-20 09:17:04,Van Sinderen Ave & Truxton St,4161,Central Ave & Woodbine St,4632,40.6786,-73.90369,40.69296,-73.91605,casual
290703,E5AA5FC01B419580,docked_bike,2021-03-14 18:33:44,2021-03-14 18:37:19,Myrtle Ave & Linden St,4816,Central Ave & Woodbine St,4632,40.69943,-73.91337,40.69296,-73.91605,member
290705,0B13C5BDFDCE0FFC,docked_bike,2021-03-12 21:30:36,2021-03-12 21:36:09,Myrtle Ave & Linden St,4816,Central Ave & Woodbine St,4632,40.69943,-73.91337,40.69296,-73.91605,casual
290755,0B86AB90098C9BD6,docked_bike,2021-03-06 11:11:52,2021-03-06 11:26:49,Willoughby Ave & Hall St,4611,Central Ave & Woodbine St,4632,40.69196,-73.965368,40.69296,-73.91605,member
290759,83A3C331569AB6CC,docked_bike,2021-03-30 18:27:37,2021-03-30 18:46:24,Morgan Ave & Lombardy St,5503,Central Ave & Woodbine St,4632,40.72226,-73.93889,40.69296,-73.91605,casual
290803,ADD49409A339F0C4,docked_bike,2021-03-17 08:14:05,2021-03-17 08:30:46,Union Ave & N 12 St,5411,Central Ave & Woodbine St,4632,40.71924,-73.95242,40.69296,-73.91605,member
290805,F222AC1744D806F7,docked_bike,2021-03-30 08:26:17,2021-03-30 08:44:37,Union Ave & N 12 St,5411,Central Ave & Woodbine St,4632,40.71924,-73.95242,40.69296,-73.91605,member
290828,4312E12D1F125EE8,docked_bike,2021-03-01 15:39:53,2021-03-01 16:15:04,Jefferson Ave & Evergreen Ave,4517,Central Ave & Woodbine St,4632,40.68989,-73.91458,40.69296,-73.91605,casual
290858,4F0247DC1288CB43,docked_bike,2021-03-04 17:47:11,2021-03-04 18:04:12,Morgan Ave & Lombardy St,5503,Central Ave & Woodbine St,4632,40.72226,-73.93889,40.69296,-73.91605,casual
290974,CFF0CCFA027E4C87,docked_bike,2021-03-23 08:21:53,2021-03-23 08:40:38,Union Ave & N 12 St,5411,Central Ave & Woodbine St,4632,40.71924,-73.95242,40.69296,-73.91605,member
290990,80ACB3358670B885,docked_bike,2021-03-25 20:54:08,2021-03-25 20:57:44,Stockholm St & Wilson Ave,4824,Central Ave & Woodbine St,4632,40.699304,-73.923044,40.69296,-73.91605,casual
291041,3CA04BEA7EE84C18,docked_bike,2021-03-10 21:34:20,2021-03-10 21:39:22,Menahan St & Wyckoff Ave,4890,Central Ave & Woodbine St,4632,40.70113,-73.91422,40.69296,-73.91605,casual
291097,B8EF0B35D52541DE,docked_bike,2021-03-19 15:33:32,2021-03-19 15:45:06,Monroe St & Tompkins Ave,4434,Central Ave & Woodbine St,4632,40.686203,-73.944694,40.69296,-73.91605,casual
309225,1748C0EDED13FE8C,docked_bike,2021-03-21 08:55:18,2021-03-21 09:25:50,Central Ave & Woodbine St,4632,Prospect Park SW & Greenwood Ave,3385,40.69296,-73.91605,40.652563,-73.972573,casual
309235,4217A6A87A576C53,docked_bike,2021-03-07 19:54:45,2021-03-07 20:03:36,Central Ave & Woodbine St,4632,Harman St & Seneca Ave,5002,40.69296,-73.91605,40.70577,-73.91292,member
318989,AEC34EB9F4D1CC78,docked_bike,2021-03-04 17:44:15,2021-03-04 18:10:17,Central Ave & Woodbine St,4632,Sterling Pl & Bedford Ave,3993,40.69296,-73.91605,40.672695,-73.954131,member
323082,4FBC942553B7B4B6,docked_bike,2021-03-25 09:28:25,2021-03-25 09:54:33,Central Ave & Woodbine St,4632,Franklin Ave & St Marks Ave,4107,40.69296,-73.91605,40.6758324,-73.9561677,casual
334143,BF1143B96857780F,docked_bike,2021-03-27 17:27:00,2021-03-27 17:39:41,Central Ave & Woodbine St,4632,Myrtle Ave & Lewis Ave,4729,40.69296,-73.91605,40.69681963,-73.93756926,member
338066,63E4A8C05F1E0AA3,docked_bike,2021-03-10 06:08:08,2021-03-10 06:36:21,Central Ave & Woodbine St,4632,Madison St & Forest Ave,5025,40.69296,-73.91605,40.70555,-73.90245,casual
338102,1DB4F47D8FDD65BD,docked_bike,2021-03-09 11:48:54,2021-03-09 11:59:38,Central Ave & Woodbine St,4632,Tompkins Ave & Hopkins St,4850,40.69296,-73.91605,40.69957608,-73.94708417,member
338103,63F3905B5631FEAB,docked_bike,2021-03-10 11:45:13,2021-03-10 11:55:23,Central Ave & Woodbine St,4632,Tompkins Ave & Hopkins St,4850,40.69296,-73.91605,40.69957608,-73.94708417,member
341923,C6DA2B4D4D848D58,docked_bike,2021-03-14 01:43:04,2021-03-14 03:09:59,Central Ave & Woodbine St,4632,Avenue C & E 18 St,5769,40.69296,-73.91605,40.730563,-73.973984,member
344143,F8C2E2D744CC7CF1,docked_bike,2021-03-27 14:40:51,2021-03-27 15:21:00,Central Ave & Woodbine St,4632,34th Ave & Vernon Blvd,6873,40.69296,-73.91605,40.76535380385866,-73.93986314535141,member
344149,9C988A6C3F332FD8,docked_bike,2021-03-12 20:25:07,2021-03-12 20:37:19,Central Ave & Woodbine St,4632,Tompkins Ave & Hopkins St,4850,40.69296,-73.91605,40.69957608,-73.94708417,casual
353302,55B2F05261D48487,docked_bike,2021-03-22 13:35:33,2021-03-22 13:54:40,Central Ave & Woodbine St,4632,Kingston Ave & Herkimer St,4205,40.69296,-73.91605,40.67890679,-73.94142771,casual
388819,3389B3087D9B5F25,docked_bike,2021-03-02 18:28:23,2021-03-02 18:45:49,Central Ave & Woodbine St,4632,Fulton St & Utica Ave,4228,40.69296,-73.91605,40.6794268,-73.9298911,member
395231,7C48BF3ACB939056,docked_bike,2021-03-17 08:13:01,2021-03-17 08:59:07,Central Ave & Woodbine St,4632,Frost St & Meeker Ave,5371,40.69296,-73.91605,40.71766197083994,-73.94880026578903,member
407629,D343884D2E9D2CA4,docked_bike,2021-03-31 14:09:17,2021-03-31 14:19:38,Central Ave & Woodbine St,4632,Evergreen Ave & Noll St,4873,40.69296,-73.91605,40.70106,-73.93318,member
420061,9C647BF96B35A9B4,docked_bike,2021-03-23 17:36:00,2021-03-23 17:53:53,Central Ave & Woodbine St,4632,Wyckoff Av & Jefferson St,5051,40.69296,-73.91605,40.707165,-73.923711,casual
420068,2E022288F67E3AF7,docked_bike,2021-03-12 15:31:12,2021-03-12 15:51:38,Central Ave & Woodbine St,4632,Morgan Ave & Maspeth Ave,5354,40.69296,-73.91605,40.716657,-73.93637,casual
422477,89BADC602DCD01DC,docked_bike,2021-03-04 12:33:36,2021-03-04 12:50:03,Central Ave & Woodbine St,4632,Morgan Ave & Maspeth Ave,5354,40.69296,-73.91605,40.716657,-73.93637,casual
441075,B61055E8F3901741,docked_bike,2021-03-14 14:59:38,2021-03-14 15:13:33,Central Ave & Woodbine St,4632,Putnam Ave & Knickerbocker Ave,4663,40.69296,-73.91605,40.69545,-73.91164,member
441094,B883770419BE211C,docked_bike,2021-03-25 17:39:47,2021-03-25 17:43:58,Central Ave & Woodbine St,4632,Bushwick Ave & Harman St,4640,40.69296,-73.91605,40.69356,-73.92524,member
441103,5A86C1A660298F51,docked_bike,2021-03-09 07:16:56,2021-03-09 07:48:29,Central Ave & Woodbine St,4632,Putnam Ave & Knickerbocker Ave,4663,40.69296,-73.91605,40.69545,-73.91164,member
441123,76CBCED0330CF475,docked_bike,2021-03-12 17:22:05,2021-03-12 17:26:10,Central Ave & Woodbine St,4632,Bushwick Ave & Harman St,4640,40.69296,-73.91605,40.69356,-73.92524,member
441157,B19204F580577725,docked_bike,2021-03-08 10:25:43,2021-03-08 10:31:06,Central Ave & Woodbine St,4632,Bushwick Ave & Harman St,4640,40.69296,-73.91605,40.69356,-73.92524,member
441168,F3019CB448CB3927,docked_bike,2021-03-09 07:56:38,2021-03-09 08:03:37,Central Ave & Woodbine St,4632,Putnam Ave & Knickerbocker Ave,4663,40.69296,-73.91605,40.69545,-73.91164,member
441337,48033789C4DC479D,docked_bike,2021-03-18 17:52:51,2021-03-18 17:57:09,Central Ave & Woodbine St,4632,Bushwick Ave & Harman St,4640,40.69296,-73.91605,40.69356,-73.92524,member
448130,826F48FFFAF9ED39,docked_bike,2021-03-20 22:09:05,2021-03-20 22:14:15,Central Ave & Woodbine St,4632,Bushwick Ave & Harman St,4640,40.69296,-73.91605,40.69356,-73.92524,casual
470619,ACE4979155AAD832,docked_bike,2021-03-29 16:38:12,2021-03-29 17:09:39,Central Ave & Woodbine St,4632,Bushwick Ave & Forrest St,4914,40.69296,-73.91605,40.70076,-73.93641,member
470621,CDF059E7F3BA785B,docked_bike,2021-03-01 19:27:55,2021-03-01 19:39:21,Central Ave & Woodbine St,4632,White St & Moore St,4987,40.69296,-73.91605,40.704508,-73.9351,casual
481641,88656758F3043C51,docked_bike,2021-03-27 13:42:33,2021-03-27 14:03:38,Central Ave & Woodbine St,4632,Driggs Ave & N Henry St,5542,40.69296,-73.91605,40.72325,-73.94308,casual
510040,E551235513150FBE,docked_bike,2021-03-23 17:41:01,2021-03-23 17:58:33,Central Ave & Woodbine St,4632,Metropolitan Ave & Meeker Ave,5300,40.69296,-73.91605,40.71413311,-73.95234386,member
521259,ADEC52E16C29C686,docked_bike,2021-03-13 18:09:57,2021-03-13 18:22:48,Central Ave & Woodbine St,4632,Myrtle Ave & Linden St,4816,40.69296,-73.91605,40.69943,-73.91337,casual
521280,66529974C0B55AA9,docked_bike,2021-03-18 14:25:39,2021-03-18 14:31:05,Central Ave & Woodbine St,4632,Myrtle Ave & Linden St,4816,40.69296,-73.91605,40.69943,-73.91337,member
526577,BBEFC8894CAD32E3,docked_bike,2021-03-05 20:27:39,2021-03-05 20:32:36,Central Ave & Woodbine St,4632,Myrtle Ave & Linden St,4816,40.69296,-73.91605,40.69943,-73.91337,member
526578,B28AEDA42FF7F5A4,docked_bike,2021-03-17 18:22:53,2021-03-17 18:26:31,Central Ave & Woodbine St,4632,Myrtle Ave & Linden St,4816,40.69296,-73.91605,40.69943,-73.91337,member
526582,8605059DC7E26F03,docked_bike,2021-03-23 09:24:10,2021-03-23 09:35:03,Central Ave & Woodbine St,4632,Myrtle Ave & Linden St,4816,40.69296,-73.91605,40.69943,-73.91337,member
526586,7A074D880817CEDF,docked_bike,2021-03-19 12:02:46,2021-03-19 12:09:04,Central Ave & Woodbine St,4632,Myrtle Ave & Linden St,4816,40.69296,-73.91605,40.69943,-73.91337,member
529973,8AC3484F1095672A,docked_bike,2021-03-20 17:07:08,2021-03-20 17:22:58,Central Ave & Woodbine St,4632,Broadway & Whipple St,4883,40.69296,-73.91605,40.7016657,-73.9437303,casual
529995,AB29CCBEF310D176,docked_bike,2021-03-19 20:20:27,2021-03-19 20:25:57,Central Ave & Woodbine St,4632,Myrtle Ave & Linden St,4816,40.69296,-73.91605,40.69943,-73.91337,member
530206,918E2CB5376728CA,docked_bike,2021-03-13 17:09:13,2021-03-13 17:14:18,Central Ave & Woodbine St,4632,Myrtle Ave & Linden St,4816,40.69296,-73.91605,40.69943,-73.91337,member
530216,E6A1091726ADB634,docked_bike,2021-03-25 18:08:21,2021-03-25 18:13:16,Central Ave & Woodbine St,4632,Myrtle Ave & Linden St,4816,40.69296,-73.91605,40.69943,-73.91337,member
530260,84B214BEE9608560,docked_bike,2021-03-05 13:46:20,2021-03-05 13:52:14,Central Ave & Woodbine St,4632,Myrtle Ave & Linden St,4816,40.69296,-73.91605,40.69943,-73.91337,casual
532760,6A5A42B767EABA04,docked_bike,2021-03-16 20:26:21,2021-03-16 20:31:46,Central Ave & Woodbine St,4632,Myrtle Ave & Linden St,4816,40.69296,-73.91605,40.69943,-73.91337,member
532775,280D0B94F08186B3,docked_bike,2021-03-05 23:03:13,2021-03-05 23:07:03,Central Ave & Woodbine St,4632,Myrtle Ave & Linden St,4816,40.69296,-73.91605,40.69943,-73.91337,member
545165,B10C93AFBDD1500A,docked_bike,2021-03-12 13:00:43,2021-03-12 13:10:11,Central Ave & Woodbine St,4632,Suydam St & Broadway,4689,40.69296,-73.91605,40.69544,-73.93223,member
545180,23B5E56AD4447C50,docked_bike,2021-03-22 11:44:47,2021-03-22 12:23:36,Central Ave & Woodbine St,4632,E 48 St & 5 Ave,6626,40.69296,-73.91605,40.75724567911726,-73.97805914282799,member
551605,349FF1B57E920507,docked_bike,2021-03-26 18:16:22,2021-03-26 18:26:53,Central Ave & Woodbine St,4632,Suydam St & Broadway,4689,40.69296,-73.91605,40.69544,-73.93223,casual
570821,235DD30A6F3601DD,docked_bike,2021-03-04 12:52:53,2021-03-04 13:07:24,Central Ave & Woodbine St,4632,Bushwick Ave & Powers St,5250,40.69296,-73.91605,40.71247661,-73.94100005,member
572915,7A19091D7B8467CD,docked_bike,2021-03-30 00:10:35,2021-03-30 00:41:02,Central Ave & Woodbine St,4632,Bushwick Ave & Powers St,5250,40.69296,-73.91605,40.71247661,-73.94100005,member
583268,8F8B301AC1F39166,docked_bike,2021-03-20 12:01:43,2021-03-20 12:08:52,Central Ave & Woodbine St,4632,Knickerbocker Ave & Hancock St,4663,40.69296,-73.91605,40.69385,-73.90974,member
591446,29EBEFE84D64DEE9,docked_bike,2021-03-19 17:01:26,2021-03-19 17:29:22,Central Ave & Woodbine St,4632,Fulton St & Adams St,4637,40.69296,-73.91605,40.69241829257847,-73.98949474096298,member
591612,B85B19B151F6B161,docked_bike,2021-03-25 18:49:21,2021-03-25 19:07:24,Central Ave & Woodbine St,4632,DeKalb Ave & Franklin Ave,4528,40.69296,-73.91605,40.69064807082943,-73.95746178925037,member
593367,4C57FCA4BC185D5C,docked_bike,2021-03-23 10:52:02,2021-03-23 11:16:46,Central Ave & Woodbine St,4632,Fulton St & Adams St,4637,40.69296,-73.91605,40.69241829257847,-73.98949474096298,member
594567,FA7BADFA0A048F83,docked_bike,2021-03-19 00:02:13,2021-03-19 00:04:30,Central Ave & Woodbine St,4632,Halsey St & Evergreen Ave,4474,40.69296,-73.91605,40.68858,-73.91227,casual
606920,D12FEF5FA567FC2E,docked_bike,2021-03-25 06:54:49,2021-03-25 07:16:50,Central Ave & Woodbine St,4632,Scholes St & Manhattan Ave,5108,40.69296,-73.91605,40.70870368,-73.9448625,member
616101,214FD6FDDC73275D,docked_bike,2021-03-17 08:19:22,2021-03-17 09:04:08,Central Ave & Woodbine St,4632,Atlantic Ave & Fort Greene Pl,4354,40.69296,-73.91605,40.68382604,-73.97632328,member
617452,BE40340B3D8BE4F7,docked_bike,2021-03-19 08:02:21,2021-03-19 08:37:41,Central Ave & Woodbine St,4632,Atlantic Ave & Fort Greene Pl,4354,40.69296,-73.91605,40.68382604,-73.97632328,member
628556,0CE78F9FA6D1D6F8,docked_bike,2021-03-05 16:01:30,2021-03-05 16:14:54,Central Ave & Woodbine St,4632,Monroe St & Tompkins Ave,4434,40.69296,-73.91605,40.686203,-73.944694,member
629046,3233732355087FEA,docked_bike,2021-03-22 17:22:49,2021-03-22 17:35:59,Central Ave & Woodbine St,4632,Monroe St & Tompkins Ave,4434,40.69296,-73.91605,40.686203,-73.944694,member
631907,68AB994B55AB58D1,docked_bike,2021-03-22 17:24:28,2021-03-22 17:36:06,Central Ave & Woodbine St,4632,Monroe St & Tompkins Ave,4434,40.69296,-73.91605,40.686203,-73.944694,casual
640231,DB8C8B5B7AA5D4F0,docked_bike,2021-03-03 12:53:32,2021-03-03 13:05:22,Central Ave & Woodbine St,4632,Knickerbocker Ave & Thames St,5018,40.69296,-73.91605,40.70539,-73.92976,member
640234,6545F7DB9A57EFD1,docked_bike,2021-03-09 14:00:41,2021-03-09 14:19:04,Central Ave & Woodbine St,4632,Knickerbocker Ave & Thames St,5018,40.69296,-73.91605,40.70539,-73.92976,casual
640245,C3482AABA795240A,docked_bike,2021-03-10 11:43:36,2021-03-10 12:20:41,Central Ave & Woodbine St,4632,Van Brunt St & Wolcott St,4095,40.69296,-73.91605,40.6773429,-74.01275056,member
640246,C0645B502A4F1337,docked_bike,2021-03-13 08:20:12,2021-03-13 09:00:35,Central Ave & Woodbine St,4632,Van Brunt St & Wolcott St,4095,40.69296,-73.91605,40.6773429,-74.01275056,member
640247,5935E1681EBB5089,docked_bike,2021-03-16 08:25:35,2021-03-16 09:38:49,Central Ave & Woodbine St,4632,Van Brunt St & Wolcott St,4095,40.69296,-73.91605,40.6773429,-74.01275056,member
640257,F1B58775DFF7D08B,docked_bike,2021-03-25 07:44:24,2021-03-25 08:31:39,Central Ave & Woodbine St,4632,Van Brunt St & Wolcott St,4095,40.69296,-73.91605,40.6773429,-74.01275056,member
640280,88FF813E23A7E937,docked_bike,2021-03-26 08:18:49,2021-03-26 09:22:48,Central Ave & Woodbine St,4632,Van Brunt St & Wolcott St,4095,40.69296,-73.91605,40.6773429,-74.01275056,member
640281,AD4783DFA45BC4E3,docked_bike,2021-03-31 07:30:47,2021-03-31 08:22:13,Central Ave & Woodbine St,4632,Van Brunt St & Wolcott St,4095,40.69296,-73.91605,40.6773429,-74.01275056,member
640295,2F8657EDFAAFBEB8,docked_bike,2021-03-09 14:00:48,2021-03-09 14:19:37,Central Ave & Woodbine St,4632,Knickerbocker Ave & Thames St,5018,40.69296,-73.91605,40.70539,-73.92976,casual
645501,71EED28BC1D63311,docked_bike,2021-03-25 07:40:36,2021-03-25 07:55:35,Central Ave & Woodbine St,4632,Park Ave & Marcus Garvey Blvd,4768,40.69296,-73.91605,40.698617,-73.941342,casual
646110,35B9AB47C5821904,docked_bike,2021-03-14 07:47:49,2021-03-14 08:01:52,Central Ave & Woodbine St,4632,Park Ave & Marcus Garvey Blvd,4768,40.69296,-73.91605,40.698617,-73.941342,casual
648211,CC28F118507F5D46,docked_bike,2021-03-28 07:37:58,2021-03-28 07:48:02,Central Ave & Woodbine St,4632,Park Ave & Marcus Garvey Blvd,4768,40.69296,-73.91605,40.698617,-73.941342,casual
654281,616E8CDD0DDCC9A7,docked_bike,2021-03-09 16:21:02,2021-03-09 16:43:06,Central Ave & Woodbine St,4632,Boerum St & Broadway,5004,40.69296,-73.91605,40.70538077,-73.94976519,casual
666734,AFF4EB6CB92FA79D,docked_bike,2021-03-25 19:19:56,2021-03-25 19:43:21,Central Ave & Woodbine St,4632,Jefferson St & Cypress Ave,5082,40.69296,-73.91605,40.70907,-73.92157,casual
666735,C2F591755AA9F169,docked_bike,2021-03-25 19:19:59,2021-03-25 19:43:06,Central Ave & Woodbine St,4632,Jefferson St & Cypress Ave,5082,40.69296,-73.91605,40.70907,-73.92157,member
687543,FCE73C2CA617C68F,docked_bike,2021-03-17 09:38:15,2021-03-17 09:56:49,Central Ave & Woodbine St,4632,Grand Ave & Bergen St,4190,40.69296,-73.91605,40.678045,-73.962408,member
687699,8E7021C2C6563964,docked_bike,2021-03-27 12:30:42,2021-03-27 12:49:22,Central Ave & Woodbine St,4632,Grand Ave & Bergen St,4190,40.69296,-73.91605,40.678045,-73.962408,casual
739358,3FA8367B91FF08B1,docked_bike,2021-03-13 14:59:34,2021-03-13 15:04:16,Central Ave & Woodbine St,4632,Irving Ave & Palmetto St,4775,40.69296,-73.91605,40.698,-73.9127,member
739362,BA92F77C57C3F9EF,docked_bike,2021-03-27 21:53:46,2021-03-27 21:58:31,Central Ave & Woodbine St,4632,Knickerbocker Ave & Cooper St,4582,40.69296,-73.91605,40.69081,-73.90448,casual
741834,96B059895F8C6092,docked_bike,2021-03-25 07:08:12,2021-03-25 07:10:54,Central Ave & Woodbine St,4632,Irving Ave & Palmetto St,4775,40.69296,-73.91605,40.698,-73.9127,member
741955,92BACE3433DF9573,docked_bike,2021-03-25 11:30:16,2021-03-25 11:36:36,Central Ave & Woodbine St,4632,Irving Ave & Palmetto St,4775,40.69296,-73.91605,40.698,-73.9127,member
741957,0E26A3378AC5EC95,docked_bike,2021-03-25 05:32:41,2021-03-25 05:38:43,Central Ave & Woodbine St,4632,Irving Ave & Palmetto St,4775,40.69296,-73.91605,40.698,-73.9127,member
741960,DB80F798E1356A87,docked_bike,2021-03-18 10:36:13,2021-03-18 10:39:30,Central Ave & Woodbine St,4632,Irving Ave & Palmetto St,4775,40.69296,-73.91605,40.698,-73.9127,member
741961,D75DF8BE5F8F5D10,docked_bike,2021-03-11 10:28:44,2021-03-11 10:32:16,Central Ave & Woodbine St,4632,Irving Ave & Palmetto St,4775,40.69296,-73.91605,40.698,-73.9127,member
741962,CEF3DD8FB28D4377,docked_bike,2021-03-05 10:17:58,2021-03-05 10:20:44,Central Ave & Woodbine St,4632,Irving Ave & Palmetto St,4775,40.69296,-73.91605,40.698,-73.9127,member
741984,CCFCD494FE62D777,docked_bike,2021-03-27 19:26:30,2021-03-27 19:29:50,Central Ave & Woodbine St,4632,Irving Ave & Palmetto St,4775,40.69296,-73.91605,40.698,-73.9127,member
741986,B3603E357CBC4B5F,docked_bike,2021-03-13 09:36:25,2021-03-13 09:38:57,Central Ave & Woodbine St,4632,Irving Ave & Palmetto St,4775,40.69296,-73.91605,40.698,-73.9127,member
742003,067B0B397F447803,docked_bike,2021-03-15 19:00:38,2021-03-15 19:04:59,Central Ave & Woodbine St,4632,Irving Ave & Palmetto St,4775,40.69296,-73.91605,40.698,-73.9127,member
744587,636B43EACC8A805E,docked_bike,2021-03-02 15:13:48,2021-03-02 15:17:10,Central Ave & Woodbine St,4632,Irving Ave & Palmetto St,4775,40.69296,-73.91605,40.698,-73.9127,member
744588,706526B74A5C20CE,docked_bike,2021-03-29 08:35:51,2021-03-29 08:39:44,Central Ave & Woodbine St,4632,Irving Ave & Palmetto St,4775,40.69296,-73.91605,40.698,-73.9127,member
748830,3365E59BE46E751D,docked_bike,2021-03-26 08:46:26,2021-03-26 08:49:10,Central Ave & Woodbine St,4632,Irving Ave & Palmetto St,4775,40.69296,-73.91605,40.698,-73.9127,casual
748831,F6107D5A1B2B1D5D,docked_bike,2021-03-30 08:43:48,2021-03-30 08:47:03,Central Ave & Woodbine St,4632,Irving Ave & Palmetto St,4775,40.69296,-73.91605,40.698,-73.9127,casual
748835,C9116C1FD7A09108,docked_bike,2021-03-20 13:28:53,2021-03-20 13:32:50,Central Ave & Woodbine St,4632,Irving Ave & Palmetto St,4775,40.69296,-73.91605,40.698,-73.9127,member
749290,79AD17E72F814D7C,docked_bike,2021-03-27 07:00:52,2021-03-27 07:03:30,Central Ave & Woodbine St,4632,Irving Ave & Palmetto St,4775,40.69296,-73.91605,40.698,-73.9127,member
749294,63FCE0434641922E,docked_bike,2021-03-31 16:15:05,2021-03-31 16:19:37,Central Ave & Woodbine St,4632,Irving Ave & Palmetto St,4775,40.69296,-73.91605,40.698,-73.9127,member
749296,792FFD80947529AE,docked_bike,2021-03-22 17:51:36,2021-03-22 18:06:32,Central Ave & Woodbine St,4632,Kosciuszko St & Nostrand Ave,4519,40.69296,-73.91605,40.69072549,-73.95133465,casual
749297,60939E5E53ECF3CE,docked_bike,2021-03-19 14:37:00,2021-03-19 14:46:22,Central Ave & Woodbine St,4632,Knickerbocker Ave & Cooper St,4582,40.69296,-73.91605,40.69081,-73.90448,member
749298,F2312B56E9D7BE76,docked_bike,2021-03-13 15:00:18,2021-03-13 15:04:05,Central Ave & Woodbine St,4632,Irving Ave & Palmetto St,4775,40.69296,-73.91605,40.698,-73.9127,member
749335,9691CE319A2EE1CB,docked_bike,2021-03-16 10:46:28,2021-03-16 10:50:33,Central Ave & Woodbine St,4632,Irving Ave & Palmetto St,4775,40.69296,-73.91605,40.698,-73.9127,member
749481,7C783753A996BDDA,docked_bike,2021-03-23 08:46:13,2021-03-23 08:48:41,Central Ave & Woodbine St,4632,Irving Ave & Palmetto St,4775,40.69296,-73.91605,40.698,-73.9127,casual
749484,95CD41E2CDE31B8E,docked_bike,2021-03-25 10:08:21,2021-03-25 10:10:55,Central Ave & Woodbine St,4632,Irving Ave & Palmetto St,4775,40.69296,-73.91605,40.698,-73.9127,member
749485,5C277EC75AAA35D7,docked_bike,2021-03-04 10:23:33,2021-03-04 10:26:00,Central Ave & Woodbine St,4632,Irving Ave & Palmetto St,4775,40.69296,-73.91605,40.698,-73.9127,member
753832,19C9D5F85280D20C,docked_bike,2021-03-05 12:54:25,2021-03-05 13:14:42,Central Ave & Woodbine St,4632,Graham Ave & Conselyea St,5291,40.69296,-73.91605,40.715143,-73.944507,member
754523,7F2C40D36F4F1301,docked_bike,2021-03-29 13:41:01,2021-03-29 13:48:52,Central Ave & Woodbine St,4632,Irving Ave & Harman St,4856,40.69296,-73.91605,40.70108,-73.9179,casual
775398,2E539ABD27B1DF7C,docked_bike,2021-03-19 18:36:50,2021-03-19 18:40:00,Central Ave & Woodbine St,4632,Central Ave & Covert St,4550,40.69296,-73.91605,40.68929,-73.90951,member
775422,E9CA49913A12F7A3,docked_bike,2021-03-23 21:25:34,2021-03-23 21:29:04,Central Ave & Woodbine St,4632,Central Ave & Covert St,4550,40.69296,-73.91605,40.68929,-73.90951,casual
786016,35057AE8432071B9,docked_bike,2021-03-28 17:11:21,2021-03-28 17:21:26,Central Ave & Woodbine St,4632,Knickerbocker Ave & George St,4979,40.69296,-73.91605,40.704425,-73.92836,member
830636,803E6448D555330C,docked_bike,2021-03-09 15:17:44,2021-03-09 15:42:04,Central Ave & Woodbine St,4632,Park Pl & Vanderbilt Ave,4083,40.69296,-73.91605,40.6767,-73.969024,member
844501,B3A6BE1B90EC0A92,docked_bike,2021-03-12 09:06:36,2021-03-12 09:14:50,Central Ave & Woodbine St,4632,Stockholm St & Wilson Ave,4824,40.69296,-73.91605,40.699304,-73.923044,member
854815,BFE443DE9486AF2F,docked_bike,2021-03-08 18:16:56,2021-03-08 18:23:20,Central Ave & Woodbine St,4632,Central Ave & Flushing Ave,4947,40.69296,-73.91605,40.702831,-73.9333,member
860407,307CA9393CBB01D0,docked_bike,2021-03-19 18:26:05,2021-03-19 18:33:45,Central Ave & Woodbine St,4632,Central Ave & Flushing Ave,4947,40.69296,-73.91605,40.702831,-73.9333,member
876715,7B7BD3369B91B040,docked_bike,2021-03-26 13:09:46,2021-03-26 13:42:24,Central Ave & Woodbine St,4632,Myrtle Ave & Grove St,4816,40.69296,-73.91605,40.69905,-73.91516,casual
876726,C44C727A0C97BA49,docked_bike,2021-03-11 18:34:41,2021-03-11 18:56:22,Central Ave & Woodbine St,4632,Driggs Ave & Lorimer St,5481,40.69296,-73.91605,40.72179134,-73.9504154,casual
877913,11DD68A703713213,docked_bike,2021-03-13 13:43:10,2021-03-13 14:00:12,Central Ave & Woodbine St,4632,Driggs Ave & Lorimer St,5481,40.69296,-73.91605,40.72179134,-73.9504154,member
894820,D3E65286CB8FABBF,docked_bike,2021-03-27 12:53:02,2021-03-27 13:13:05,Central Ave & Woodbine St,4632,DeKalb Ave & S Portland Ave,4546,40.69296,-73.91605,40.68981035,-73.97493121,member
911253,3CFC0C327327C47A,docked_bike,2021-03-20 19:11:35,2021-03-20 19:15:55,Central Ave & Woodbine St,4632,Putnam Ave & Wyckoff Ave,4735,40.69296,-73.91605,40.69811,-73.90904,casual
912719,AE6A1A6EB6700563,docked_bike,2021-03-12 14:05:41,2021-03-12 14:19:57,Central Ave & Woodbine St,4632,Albany Ave & Fulton St,4237,40.69296,-73.91605,40.6800105,-73.938475,casual
912894,36B7CD71BD504F1C,docked_bike,2021-03-05 15:50:14,2021-03-05 16:07:15,Central Ave & Woodbine St,4632,Putnam Ave & Wyckoff Ave,4735,40.69296,-73.91605,40.69811,-73.90904,member
912895,1266E6F75EB454B9,docked_bike,2021-03-03 09:38:10,2021-03-03 09:42:51,Central Ave & Woodbine St,4632,Putnam Ave & Wyckoff Ave,4735,40.69296,-73.91605,40.69811,-73.90904,member
914641,8D7FE3E974A153C2,docked_bike,2021-03-05 12:49:44,2021-03-05 12:59:41,Central Ave & Woodbine St,4632,Forest Ave & Summerfield St,4798,40.69296,-73.91605,40.69922,-73.89795,casual
914643,C0DD09C1B2C9AA5B,docked_bike,2021-03-06 11:36:43,2021-03-06 11:41:03,Central Ave & Woodbine St,4632,Putnam Ave & Wyckoff Ave,4735,40.69296,-73.91605,40.69811,-73.90904,member
914667,C8D945762C6BE23E,docked_bike,2021-03-28 15:16:09,2021-03-28 15:29:52,Central Ave & Woodbine St,4632,Albany Ave & Fulton St,4237,40.69296,-73.91605,40.6800105,-73.938475,casual
914686,6ED5ADFDB4B14AC0,docked_bike,2021-03-23 06:53:56,2021-03-23 06:58:08,Central Ave & Woodbine St,4632,Putnam Ave & Wyckoff Ave,4735,40.69296,-73.91605,40.69811,-73.90904,member
914695,83F665E6B6D50E66,docked_bike,2021-03-02 18:21:40,2021-03-02 18:28:21,Central Ave & Woodbine St,4632,Putnam Ave & Wyckoff Ave,4735,40.69296,-73.91605,40.69811,-73.90904,member
943503,4C6ED4978F5F4501,docked_bike,2021-03-10 19:02:04,2021-03-10 19:32:34,Central Ave & Woodbine St,4632,DeKalb Ave & Vanderbilt Ave,4461,40.69296,-73.91605,40.68940747,-73.96885458,casual
943509,39A6AC63725F9DA1,docked_bike,2021-03-10 19:01:24,2021-03-10 19:32:53,Central Ave & Woodbine St,4632,DeKalb Ave & Vanderbilt Ave,4461,40.69296,-73.91605,40.68940747,-73.96885458,casual
951964,9005D0423A21B88A,docked_bike,2021-03-23 08:12:52,2021-03-23 08:41:24,Central Ave & Woodbine St,4632,Lefferts Pl & Franklin Ave,4222,40.69296,-73.91605,40.680342423,-73.9557689392,casual
955612,D18A78C68DABD878,docked_bike,2021-03-09 09:21:38,2021-03-09 09:42:57,Central Ave & Woodbine St,4632,Lefferts Pl & Franklin Ave,4222,40.69296,-73.91605,40.680342423,-73.9557689392,casual
955615,C63E590E4CFD9BE8,docked_bike,2021-03-31 09:22:53,2021-03-31 09:46:00,Central Ave & Woodbine St,4632,Lefferts Pl & Franklin Ave,4222,40.69296,-73.91605,40.680342423,-73.9557689392,casual
955617,1781EE4F02DDA421,docked_bike,2021-03-29 09:18:46,2021-03-29 09:44:14,Central Ave & Woodbine St,4632,Lefferts Pl & Franklin Ave,4222,40.69296,-73.91605,40.680342423,-73.9557689392,casual
955620,929F28FECEBA0586,docked_bike,2021-03-30 00:16:16,2021-03-30 00:23:18,Central Ave & Woodbine St,4632,Menahan St & Wyckoff Ave,4890,40.69296,-73.91605,40.70113,-73.91422,member
955649,E25CDD661E922AA1,docked_bike,2021-03-26 09:16:51,2021-03-26 09:40:42,Central Ave & Woodbine St,4632,Lefferts Pl & Franklin Ave,4222,40.69296,-73.91605,40.680342423,-73.9557689392,casual
955708,07F49678EDDF270A,docked_bike,2021-03-22 08:32:05,2021-03-22 08:56:12,Central Ave & Woodbine St,4632,Lefferts Pl & Franklin Ave,4222,40.69296,-73.91605,40.680342423,-73.9557689392,casual
956134,876203E509EDB912,docked_bike,2021-03-10 08:58:49,2021-03-10 09:21:57,Central Ave & Woodbine St,4632,Lefferts Pl & Franklin Ave,4222,40.69296,-73.91605,40.680342423,-73.9557689392,casual
956136,128439892104CA4C,docked_bike,2021-03-25 21:45:58,2021-03-25 21:51:37,Central Ave & Woodbine St,4632,Menahan St & Wyckoff Ave,4890,40.69296,-73.91605,40.70113,-73.91422,casual
958364,DB68F5BF5D869259,docked_bike,2021-03-06 13:25:16,2021-03-06 13:31:17,Central Ave & Woodbine St,4632,Central Ave & Melrose St,4832,40.69296,-73.91605,40.70112,-73.93039,casual
971880,8CC62C36273BD380,docked_bike,2021-03-30 10:05:42,2021-03-30 10:43:16,Central Ave & Woodbine St,4632,E 5 St & Cooper Sq,5712,40.69296,-73.91605,40.72769,-73.990993,casual
1006102,54AEA76D984B27A4,docked_bike,2021-03-12 15:38:27,2021-03-12 15:54:21,Central Ave & Woodbine St,4632,Bushwick Ave & Stagg St,5140,40.69296,-73.91605,40.709897,-73.94008,member
1024457,25694CFBDE93676D,docked_bike,2021-03-07 14:51:06,2021-03-07 15:00:59,Central Ave & Woodbine St,4632,Broadway & Kosciuszko St,4608,40.69296,-73.91605,40.69329,-73.92852,casual
1024756,303FEDA2BB96C10C,docked_bike,2021-03-10 13:14:38,2021-03-10 13:18:11,Central Ave & Woodbine St,4632,Knickerbocker Ave & Halsey St,4623,40.69296,-73.91605,40.693,-73.90824,member
1025449,A298E98CF9F6A1A7,docked_bike,2021-03-19 02:32:15,2021-03-19 02:38:22,Central Ave & Woodbine St,4632,Broadway & Furman Ave,4244,40.69296,-73.91605,40.68139,-73.90756,member
1025599,1CE6DD5E9AAA1D62,docked_bike,2021-03-23 20:57:23,2021-03-23 21:04:23,Central Ave & Woodbine St,4632,Broadway & Kosciuszko St,4608,40.69296,-73.91605,40.69329,-73.92852,casual
1036146,052A0603256E3EC6,docked_bike,2021-03-22 11:05:54,2021-03-22 11:22:55,Central Ave & Woodbine St,4632,Hanson Pl & Ashland Pl,4395,40.69296,-73.91605,40.68506807308177,-73.97790759801863,casual
1068243,BE2761451F076525,docked_bike,2021-03-13 12:32:13,2021-03-13 12:51:53,Central Ave & Woodbine St,4632,S 5 Pl & S 5 St,5125,40.69296,-73.91605,40.710451,-73.960876,casual
1073118,507265FC98439478,docked_bike,2021-03-27 16:16:32,2021-03-27 17:20:08,Central Ave & Woodbine St,4632,Broadway & Hancock St,4441,40.69296,-73.91605,40.68663,-73.9168,member
1074103,C90DA3DE167B423B,docked_bike,2021-03-29 15:29:14,2021-03-29 15:42:04,Central Ave & Woodbine St,4632,Broadway & Hancock St,4441,40.69296,-73.91605,40.68663,-73.9168,casual
1085068,528EF1CC9348AD18,docked_bike,2021-03-21 08:43:53,2021-03-21 09:00:17,Central Ave & Woodbine St,4632,Nostrand Ave & Myrtle Ave,4707,40.69296,-73.91605,40.69527008,-73.95238108,casual
1092852,822E79DD660C828E,docked_bike,2021-03-02 18:48:12,2021-03-02 19:02:48,Central Ave & Woodbine St,4632,Stagg St & Morgan Ave,5170,40.69296,-73.91605,40.710681,-73.93372,casual
1105169,8ACB64C09A816F65,docked_bike,2021-03-15 16:13:58,2021-03-15 16:24:47,Central Ave & Woodbine St,4632,Madison St & Woodward Ave,4954,40.69296,-73.91605,40.70408,-73.90408,member
1105170,32CF78F1ECAFD8CE,docked_bike,2021-03-11 18:32:54,2021-03-11 18:53:44,Central Ave & Woodbine St,4632,Madison St & Woodward Ave,4954,40.69296,-73.91605,40.70408,-73.90408,member
1109840,A6FF9EAC5D9EA8AE,docked_bike,2021-03-11 01:00:11,2021-03-11 01:06:31,Central Ave & Woodbine St,4632,Rockaway Ave & Bainbridge St,4285,40.69296,-73.91605,40.68319988172761,-73.91166642308235,casual
1109851,BE9CEDE17CEF5031,docked_bike,2021-03-17 18:16:13,2021-03-17 18:23:07,Central Ave & Woodbine St,4632,Rockaway Ave & Bainbridge St,4285,40.69296,-73.91605,40.68319988172761,-73.91166642308235,casual
1109870,A70900CB81B05A36,docked_bike,2021-03-31 03:14:47,2021-03-31 03:47:46,Central Ave & Woodbine St,4632,Rockaway Ave & Bainbridge St,4285,40.69296,-73.91605,40.68319988172761,-73.91166642308235,member
1109878,D6B387A9A1C19722,docked_bike,2021-03-08 20:07:43,2021-03-08 20:16:08,Central Ave & Woodbine St,4632,Rockaway Ave & Bainbridge St,4285,40.69296,-73.91605,40.68319988172761,-73.91166642308235,member
1109969,D39C032A5B8A2658,docked_bike,2021-03-09 17:02:05,2021-03-09 17:29:15,Central Ave & Woodbine St,4632,Hope St & Union Ave,5187,40.69296,-73.91605,40.711674,-73.951413,member
1109990,9FD17D7A894FA055,docked_bike,2021-03-22 12:39:49,2021-03-22 12:45:37,Central Ave & Woodbine St,4632,Rockaway Ave & Bainbridge St,4285,40.69296,-73.91605,40.68319988172761,-73.91166642308235,casual
1117372,ED75995FD67224DA,docked_bike,2021-03-24 19:49:44,2021-03-25 00:31:58,Central Ave & Woodbine St,4632,Bushwick Ave & Furman Ave,4317,40.69296,-73.91605,40.68281,-73.90623,casual
1117374,766B180D64F82AF6,docked_bike,2021-03-18 13:26:18,2021-03-18 13:33:03,Central Ave & Woodbine St,4632,Grove St & Broadway,4526,40.69296,-73.91605,40.69047,-73.923511,member
1119393,8E091995CD182993,docked_bike,2021-03-26 19:41:15,2021-03-26 19:44:18,Central Ave & Woodbine St,4632,Grove St & Broadway,4526,40.69296,-73.91605,40.69047,-73.923511,member
1119395,E9C3DC2229A0E6CF,docked_bike,2021-03-02 16:46:32,2021-03-02 16:51:25,Central Ave & Woodbine St,4632,Grove St & Broadway,4526,40.69296,-73.91605,40.69047,-73.923511,member
1120206,ABB0D1FAB561C317,docked_bike,2021-03-23 12:45:32,2021-03-23 12:53:27,Central Ave & Woodbine St,4632,Grove St & Broadway,4526,40.69296,-73.91605,40.69047,-73.923511,member
1120208,EAEC379903DEF23A,docked_bike,2021-03-15 08:47:04,2021-03-15 08:51:13,Central Ave & Woodbine St,4632,Grove St & Broadway,4526,40.69296,-73.91605,40.69047,-73.923511,member
1120209,3D2AE30F0541AD07,docked_bike,2021-03-11 09:16:57,2021-03-11 09:30:20,Central Ave & Woodbine St,4632,McKibbin St & Manhattan Ave,4996,40.69296,-73.91605,40.70510918,-73.94407279,member
1120232,E848CF0CB5AE4BDE,docked_bike,2021-03-17 12:17:24,2021-03-17 12:23:47,Central Ave & Woodbine St,4632,Grove St & Broadway,4526,40.69296,-73.91605,40.69047,-73.923511,member
1120846,DBD6CF4ECC5F0359,docked_bike,2021-03-28 15:57:38,2021-03-28 16:04:42,Central Ave & Woodbine St,4632,Grove St & Broadway,4526,40.69296,-73.91605,40.69047,-73.923511,member
1136476,EC6A9B63273F6663,docked_bike,2021-03-09 14:17:12,2021-03-09 14:39:07,Central Ave & Woodbine St,4632,Bedford Ave & Bergen St,4066,40.69296,-73.91605,40.676368,-73.952918,member
1138984,2A4FEAC83BF6A3F6,docked_bike,2021-03-24 15:38:37,2021-03-24 15:42:50,Central Ave & Woodbine St,4632,Greene Av & Myrtle Av,4784,40.69296,-73.91605,40.698568,-73.918877,member
1143235,58E88E2EC95D810C,docked_bike,2021-03-30 06:07:42,2021-03-30 06:16:46,Central Ave & Woodbine St,4632,Wyckoff Ave & Gates Ave,4847,40.69296,-73.91605,40.699871408829885,-73.91171872615814,casual
1172610,33C3464104FA80E5,docked_bike,2021-03-23 08:26:33,2021-03-23 09:36:23,Central Ave & Woodbine St,4632,Wolcott St & Dwight St,4054,40.69296,-73.91605,40.6753274,-74.0100698,member
1174327,73916CF903792225,docked_bike,2021-03-18 08:18:12,2021-03-18 09:13:16,Central Ave & Woodbine St,4632,Wolcott St & Dwight St,4054,40.69296,-73.91605,40.6753274,-74.0100698,member
1174328,0FED11C5292A4CB1,docked_bike,2021-03-14 06:57:17,2021-03-14 07:53:30,Central Ave & Woodbine St,4632,Wolcott St & Dwight St,4054,40.69296,-73.91605,40.6753274,-74.0100698,member
1175421,13D18ACD39627942,docked_bike,2021-03-17 21:56:41,2021-03-17 22:05:12,Central Ave & Woodbine St,4632,Wilson Ave & Troutman St,4864,40.69296,-73.91605,40.70166,-73.92754,member
1175422,256168AF4D0D8AD8,docked_bike,2021-03-10 18:52:06,2021-03-10 19:02:47,Central Ave & Woodbine St,4632,Wilson Ave & Troutman St,4864,40.69296,-73.91605,40.70166,-73.92754,member
1180034,CE9374B8D07B709C,docked_bike,2021-03-26 14:05:31,2021-03-26 14:16:35,Central Ave & Woodbine St,4632,Wilson Ave & Troutman St,4864,40.69296,-73.91605,40.70166,-73.92754,member
1187959,9A4E1EC729D8BAFE,docked_bike,2021-03-25 06:29:17,2021-03-25 06:50:44,Central Ave & Woodbine St,4632,India St & Manhattan Ave,5826,40.69296,-73.91605,40.73232194,-73.9550858,member
1221430,ED880070A5D908E1,docked_bike,2021-03-22 13:27:35,2021-03-22 13:46:00,Central Ave & Woodbine St,4632,Morgan Ave & Lombardy St,5503,40.69296,-73.91605,40.72226,-73.93889,casual
1221431,CF0CF6A4A3A82C3D,docked_bike,2021-03-03 12:47:49,2021-03-03 13:06:08,Central Ave & Woodbine St,4632,Morgan Ave & Lombardy St,5503,40.69296,-73.91605,40.72226,-73.93889,member
1221921,8C395297CEBEFF6C,docked_bike,2021-03-21 09:11:17,2021-03-21 12:15:34,Central Ave & Woodbine St,4632,Allen St & Stanton St,5484,40.69296,-73.91605,40.722055,-73.989111,casual
1221960,C136B83932297E0E,docked_bike,2021-03-25 13:01:53,2021-03-25 13:20:22,Central Ave & Woodbine St,4632,Morgan Ave & Lombardy St,5503,40.69296,-73.91605,40.72226,-73.93889,casual
1231323,6FF2AC597DCAEE84,docked_bike,2021-03-07 12:07:02,2021-03-07 12:38:41,Central Ave & Woodbine St,4632,Madison St & Evergreen Ave,4560,40.69296,-73.91605,40.69122,-73.91693,casual
1231400,18BBCF4A8C599675,docked_bike,2021-03-29 20:43:32,2021-03-29 21:08:15,Central Ave & Woodbine St,4632,Madison St & Evergreen Ave,4560,40.69296,-73.91605,40.69122,-73.91693,member
1232015,B3F98514C9F26BFA,docked_bike,2021-03-14 21:09:21,2021-03-14 21:33:54,Central Ave & Woodbine St,4632,Halsey St & Broadway,4366,40.69296,-73.91605,40.68565,-73.91564,casual
1235720,BA51A7A0709D9F44,docked_bike,2021-03-07 14:50:26,2021-03-07 15:21:00,Central Ave & Woodbine St,4632,Bayard St & Leonard St,5442,40.69296,-73.91605,40.71915571696044,-73.94885390996933,member
1252527,630EDD46CDFD76F2,docked_bike,2021-03-07 14:52:08,2021-03-07 15:21:06,Central Ave & Woodbine St,4632,Bayard St & Leonard St,5442,40.69296,-73.91605,40.71915571696044,-73.94885390996933,member
1255214,3C78DED4CC133958,docked_bike,2021-03-31 01:44:40,2021-03-31 01:54:55,Central Ave & Woodbine St,4632,Montrose Ave & Bushwick Ave,5068,40.69296,-73.91605,40.70767788,-73.94016171,casual
1263193,C9CBD2CFF7EF1248,docked_bike,2021-03-07 17:20:55,2021-03-07 17:27:22,Central Ave & Woodbine St,4632,Linden St & Knickerbocker Ave,4743,40.69296,-73.91605,40.69714,-73.91566,member
1267563,4034AF06A4D27BDD,docked_bike,2021-03-02 12:19:11,2021-03-02 12:23:01,Central Ave & Woodbine St,4632,Linden St & Knickerbocker Ave,4743,40.69296,-73.91605,40.69714,-73.91566,casual
1281833,FE767D62117ECC6C,docked_bike,2021-03-27 08:10:56,2021-03-27 08:33:42,Central Ave & Woodbine St,4632,Bedford Ave & Nassau Ave,5550,40.69296,-73.91605,40.72311651,-73.95212324,casual
1298703,E98FD66B2E5054F3,docked_bike,2021-03-07 09:17:16,2021-03-07 09:42:46,Central Ave & Woodbine St,4632,Garfield Pl & 8 Ave,3978,40.69296,-73.91605,40.6711978,-73.97484126,member
1335857,087AE1AF29ADB320,docked_bike,2021-03-09 08:43:28,2021-03-09 08:55:33,Central Ave & Woodbine St,4632,McKibbin St & Bogart St,5059,40.69296,-73.91605,40.706237,-73.933871,casual
1343084,8380D931349E8E83,docked_bike,2021-03-12 20:15:36,2021-03-12 20:27:28,Central Ave & Woodbine St,4632,Madison St & Cypress Ave,4807,40.69296,-73.91605,40.70068,-73.90742,casual
1359103,A9A33BE2DA9D4126,docked_bike,2021-03-13 12:21:47,2021-03-13 12:38:46,Central Ave & Woodbine St,4632,Suydam St & Knickerbocker Ave,4939,40.69296,-73.91605,40.702013,-73.923769,member
1359104,A5431C9B18DF80CF,docked_bike,2021-03-05 13:50:33,2021-03-05 13:58:19,Central Ave & Woodbine St,4632,Suydam St & Knickerbocker Ave,4939,40.69296,-73.91605,40.702013,-73.923769,member
1359106,A224D1C70855221A,docked_bike,2021-03-15 13:20:59,2021-03-15 13:50:25,Central Ave & Woodbine St,4632,Sullivan Pl & Franklin Ave,3704,40.69296,-73.91605,40.66407983678161,-73.96025128666679,member
1361757,05E553DFB158566D,docked_bike,2021-03-25 16:20:03,2021-03-25 16:26:41,Central Ave & Woodbine St,4632,Suydam St & Knickerbocker Ave,4939,40.69296,-73.91605,40.702013,-73.923769,member
1363704,BA7D0040B550BBA7,docked_bike,2021-03-04 10:51:01,2021-03-04 10:59:44,Central Ave & Woodbine St,4632,Suydam St & Knickerbocker Ave,4939,40.69296,-73.91605,40.702013,-73.923769,member
1363706,79A70693B852BA5B,docked_bike,2021-03-14 18:59:19,2021-03-14 19:08:41,Central Ave & Woodbine St,4632,Suydam St & Knickerbocker Ave,4939,40.69296,-73.91605,40.702013,-73.923769,casual
1367540,E647F7EE9FE4D546,docked_bike,2021-03-28 11:10:11,2021-03-28 11:13:02,Central Ave & Woodbine St,4632,Central Ave & Weirfield St,4591,40.69296,-73.91605,40.69055,-73.91181,member
1367854,B802B7C296FF403E,docked_bike,2021-03-16 13:33:42,2021-03-16 13:38:43,Central Ave & Woodbine St,4632,Central Ave & Weirfield St,4591,40.69296,-73.91605,40.69055,-73.91181,member
1367855,0AD08FBE9DD33E31,docked_bike,2021-03-31 12:17:34,2021-03-31 12:19:13,Central Ave & Woodbine St,4632,Central Ave & Weirfield St,4591,40.69296,-73.91605,40.69055,-73.91181,member
1369145,88F2B833CA771573,docked_bike,2021-03-04 20:50:13,2021-03-04 20:53:48,Central Ave & Woodbine St,4632,Central Ave & Weirfield St,4591,40.69296,-73.91605,40.69055,-73.91181,member
1369160,7EF27BFAA0929DC2,docked_bike,2021-03-30 19:10:59,2021-03-30 19:13:11,Central Ave & Woodbine St,4632,Central Ave & Weirfield St,4591,40.69296,-73.91605,40.69055,-73.91181,member
1373685,A161B740B4FB72EF,docked_bike,2021-03-27 09:00:34,2021-03-27 10:15:54,Central Ave & Woodbine St,4632,Carroll St & Columbia St,4348,40.69296,-73.91605,40.6830456,-74.00348559,member
1411248,8B5753FC2B78134C,docked_bike,2021-03-06 07:25:11,2021-03-06 07:28:59,Central Ave & Woodbine St,4632,Wilson Ave & Moffat St,4507,40.69296,-73.91605,40.68906,-73.90506,member
1411249,B06F44F4C678762F,docked_bike,2021-03-01 07:44:30,2021-03-01 07:49:13,Central Ave & Woodbine St,4632,Wilson Ave & Moffat St,4507,40.69296,-73.91605,40.68906,-73.90506,member
1423082,AA1710F52EE4894D,docked_bike,2021-03-30 10:42:30,2021-03-30 11:04:09,Central Ave & Woodbine St,4632,Carroll St & Washington Ave,3887,40.69296,-73.91605,40.6686744,-73.9618148,casual
1435488,44AF15DA3D2D95B5,docked_bike,2021-03-25 17:47:20,2021-03-25 17:51:58,Central Ave & Woodbine St,4632,Central Ave & Himrod St,4713,40.69296,-73.91605,40.69676,-73.92302,member
1439053,E760124FC8074677,docked_bike,2021-03-15 00:47:23,2021-03-15 00:56:57,Central Ave & Woodbine St,4632,Central Ave & Himrod St,4713,40.69296,-73.91605,40.69676,-73.92302,casual
1452374,EE3531FC342C76ED,docked_bike,2021-03-19 23:25:32,2021-03-19 23:39:04,Central Ave & Woodbine St,4632,Leonard St & Maujer St,5148,40.69296,-73.91605,40.7103685423523,-73.94705951213837,member
1482289,CD418E58B5590763,docked_bike,2021-03-05 13:22:13,2021-03-05 13:41:39,Central Ave & Woodbine St,4632,Throop Ave & Myrtle Ave,4697,40.69296,-73.91605,40.69622937,-73.94371094,member
1496182,BBE4F514AC695623,docked_bike,2021-03-05 08:54:05,2021-03-05 09:04:14,Central Ave & Woodbine St,4632,Throop Ave & Myrtle Ave,4697,40.69296,-73.91605,40.69622937,-73.94371094,member
1506232,9CE8A3D9E3C07147,docked_bike,2021-03-22 11:49:40,2021-03-22 11:57:20,Central Ave & Woodbine St,4632,Madison St & Woodward Ave,4954,40.69296,-73.91605,40.70408,-73.90408,member
1513679,F169C6783094C7F3,docked_bike,2021-03-27 14:51:07,2021-03-27 15:44:57,Central Ave & Woodbine St,4632,Sterling St & Bedford Ave,3665,40.69296,-73.91605,40.6627059,-73.9569115,casual
1515479,AD986E11B65AB609,docked_bike,2021-03-30 08:45:24,2021-03-30 08:58:10,Central Ave & Woodbine St,4632,Van Buren St & Broadway,4568,40.69296,-73.91605,40.692,-73.92617,member
1528636,90A3950A464AE95D,docked_bike,2021-03-01 16:20:28,2021-03-01 16:28:09,Central Ave & Woodbine St,4632,Van Buren St & Broadway,4568,40.69296,-73.91605,40.692,-73.92617,casual
