,ride_id,rideable_type,started_at,ended_at,start_station_name,start_station_id,end_station_name,end_station_id,start_lat,start_lng,end_lat,end_lng,member_casual
4534,BE6F7DEC25A04149,docked_bike,2021-03-14 12:36:32,2021-03-14 12:41:09,Clinton St & Tillary St,4748,Clinton St & Joralemon St,4605,40.696232,-73.99142,40.69239502,-73.99337909,casual
4538,A0B48616D89A1A7B,docked_bike,2021-03-23 17:23:45,2021-03-23 17:32:13,Clinton St & 4 Place,4119,Clinton St & Joralemon St,4605,40.678356,-74.000145,40.69239502,-73.99337909,casual
4552,78920968A64A8BB3,docked_bike,2021-03-06 14:56:25,2021-03-06 14:58:10,Schermerhorn St & Court St,4565,Clinton St & Joralemon St,4605,40.691029,-73.991833,40.69239502,-73.99337909,member
4598,5A27706D9C73205F,docked_bike,2021-03-22 07:59:45,2021-03-22 08:03:40,Schermerhorn St & Bond St,4479,Clinton St & Joralemon St,4605,40.688417,-73.984516,40.69239502,-73.99337909,member
4603,224D92CDC828EB83,docked_bike,2021-03-13 23:53:44,2021-03-14 00:00:39,Schermerhorn St & Bond St,4479,Clinton St & Joralemon St,4605,40.688417,-73.984516,40.69239502,-73.99337909,member
4619,A87F34A37BAAF51D,docked_bike,2021-03-17 19:21:26,2021-03-17 19:54:50,Monroe St & Tompkins Ave,4434,Clinton St & Joralemon St,4605,40.686203,-73.944694,40.69239502,-73.99337909,member
4639,92545315BA6E9435,docked_bike,2021-03-26 09:10:18,2021-03-26 09:27:24,Garfield Pl & 8 Ave,3978,Clinton St & Joralemon St,4605,40.671197,-73.974841,40.69239502,-73.99337909,casual
4650,8C26E13F6A334C36,docked_bike,2021-03-15 13:10:00,2021-03-15 13:18:33,Front St & Washington St,4936,Clinton St & Joralemon St,4605,40.70255,-73.989402,40.69239502,-73.99337909,member
5081,4C254C2FC62B9A56,docked_bike,2021-03-27 15:49:44,2021-03-27 16:15:32,Clinton St & Joralemon St,4605,3 Ave & 17 St,3779,40.692395,-73.993379,40.666168,-73.995549,member
10848,F370D13036B98DDF,docked_bike,2021-03-25 09:20:06,2021-03-25 09:44:33,Clinton St & Joralemon St,4605,Sterling Pl & Bedford Ave,3993,40.692395,-73.993379,40.672695,-73.954131,member
13981,2E0A4FAD6A14A9F4,docked_bike,2021-03-07 18:35:03,2021-03-07 18:39:01,Clinton St & Joralemon St,4605,Clark St & Henry St,4789,40.692395,-73.993379,40.69760127,-73.99344559,member
13982,7C3391CAD08C29AA,docked_bike,2021-03-25 20:42:59,2021-03-25 20:46:53,Clinton St & Joralemon St,4605,Clark St & Henry St,4789,40.692395,-73.993379,40.69760127,-73.99344559,member
13983,05E17F8319E7EEB8,docked_bike,2021-03-17 21:02:19,2021-03-17 21:05:05,Clinton St & Joralemon St,4605,Clark St & Henry St,4789,40.692395,-73.993379,40.69760127,-73.99344559,member
16254,25C105A484836F5C,docked_bike,2021-03-01 16:48:10,2021-03-01 16:59:53,Clinton St & Joralemon St,4605,Van Brunt St & Wolcott St,4095,40.692395,-73.993379,40.6773429,-74.01275056,member
16255,9F05D941B8A59B8E,docked_bike,2021-03-11 16:19:08,2021-03-11 16:29:10,Clinton St & Joralemon St,4605,Van Brunt St & Wolcott St,4095,40.692395,-73.993379,40.6773429,-74.01275056,member
18571,7DC127A985E0EAC5,docked_bike,2021-03-10 22:23:42,2021-03-10 22:33:04,Clinton St & Joralemon St,4605,Columbia St & W 9 St,4086,40.692395,-73.993379,40.6769993,-74.00647134,member
18572,BE28B5D9C48EEE99,docked_bike,2021-03-09 22:17:24,2021-03-09 22:27:31,Clinton St & Joralemon St,4605,Columbia St & W 9 St,4086,40.692395,-73.993379,40.6769993,-74.00647134,member
18573,3FA7D1647B19BB81,docked_bike,2021-03-01 18:09:14,2021-03-01 18:20:20,Clinton St & Joralemon St,4605,Columbia St & W 9 St,4086,40.692395,-73.993379,40.6769993,-74.00647134,member
21714,7CA43EFA02D87C0C,docked_bike,2021-03-22 19:59:55,2021-03-22 20:20:04,Park Pl & Church St,5288,Clinton St & Joralemon St,4605,40.713341,-74.009355,40.69239502,-73.99337909,member
21771,03CE53A05FB70380,docked_bike,2021-03-08 07:45:13,2021-03-08 08:08:30,Fulton St & Broadway,5175,Clinton St & Joralemon St,4605,40.711066,-74.009447,40.692395,-73.993379,member
21801,E1EAD3BB763F2CB4,docked_bike,2021-03-04 19:21:11,2021-03-04 19:38:32,3 St & 3 Ave,4028,Clinton St & Joralemon St,4605,40.67507,-73.987752,40.69239502,-73.99337909,member
21850,C69E8F22C6D8EED6,docked_bike,2021-03-31 09:08:12,2021-03-31 09:22:19,Henry St & W 9 St,4086,Clinton St & Joralemon St,4605,40.676374,-74.003249,40.69239502,-73.99337909,member
21857,E6A769EB0786E3C4,docked_bike,2021-03-12 11:37:57,2021-03-12 11:51:13,Fulton St & Adams St,4637,Clinton St & Joralemon St,4605,40.692418,-73.989494,40.69239502,-73.99337909,member
21863,8C6FCA6636C60F77,docked_bike,2021-03-27 08:26:53,2021-03-27 08:47:08,S 3 St & Bedford Ave,5235,Clinton St & Joralemon St,4605,40.712604,-73.962644,40.69239502,-73.99337909,member
21882,8EE72AC482504B2E,docked_bike,2021-03-31 17:25:53,2021-03-31 17:33:49,Dean St & Hoyt St,4446,Clinton St & Joralemon St,4605,40.686444,-73.987591,40.69239502,-73.99337909,member
21939,568DCB9DD160010F,docked_bike,2021-03-24 11:28:02,2021-03-24 11:33:19,Bond St & Fulton St,4479,Clinton St & Joralemon St,4605,40.689621,-73.983042,40.69239502,-73.99337909,member
21977,74FCF31F558E7EEC,docked_bike,2021-03-07 12:45:15,2021-03-07 12:49:26,Kane St & Clinton St,4455,Clinton St & Joralemon St,4605,40.686175,-73.996452,40.69239502,-73.99337909,member
22020,3C842D669077F1B2,docked_bike,2021-03-30 19:24:46,2021-03-30 19:36:22,Cumberland St & Lafayette Ave,4428,Clinton St & Joralemon St,4605,40.687534,-73.972651,40.69239502,-73.99337909,member
22081,21A7BEC4D30C63FC,docked_bike,2021-03-08 14:34:15,2021-03-08 14:48:41,7 St & 5 Ave,3914,Clinton St & Joralemon St,4605,40.670492,-73.985416,40.69239502,-73.99337909,member
22096,05EC14A3B344AAFB,docked_bike,2021-03-14 16:55:50,2021-03-14 17:12:38,Grand St & Greene St,5500,Clinton St & Joralemon St,4605,40.7217,-74.002381,40.69239502,-73.99337909,member
22158,917AECBEAC01761A,docked_bike,2021-03-06 10:21:48,2021-03-06 10:34:41,Schermerhorn St & Court St,4565,Clinton St & Joralemon St,4605,40.691029,-73.991834,40.692395,-73.993379,member
22159,F25A1B71D1461F3D,docked_bike,2021-03-04 07:25:19,2021-03-04 07:26:46,Schermerhorn St & Court St,4565,Clinton St & Joralemon St,4605,40.691029,-73.991833,40.69239502,-73.99337909,member
22160,9E6A9A834590E00B,docked_bike,2021-03-30 19:18:38,2021-03-30 19:19:53,Schermerhorn St & Court St,4565,Clinton St & Joralemon St,4605,40.691029,-73.991833,40.69239502,-73.99337909,member
22161,AD20B3E8A6C98017,docked_bike,2021-03-07 15:50:07,2021-03-07 15:51:27,Schermerhorn St & Court St,4565,Clinton St & Joralemon St,4605,40.691029,-73.991833,40.69239502,-73.99337909,member
22162,B04F451E1CC16180,docked_bike,2021-03-08 15:54:57,2021-03-08 15:56:36,Schermerhorn St & Court St,4565,Clinton St & Joralemon St,4605,40.691029,-73.991833,40.69239502,-73.99337909,member
22210,3A56E967AE56C19E,docked_bike,2021-03-25 19:56:17,2021-03-25 20:06:48,Smith St & 9 St,4077,Clinton St & Joralemon St,4605,40.674695,-73.997857,40.69239502,-73.99337909,member
22215,1D8D067A69A4A150,docked_bike,2021-03-27 16:13:20,2021-03-27 16:29:30,Carroll St & 5 Ave,4060,Clinton St & Joralemon St,4605,40.675162,-73.981483,40.69239502,-73.99337909,casual
22222,DFB2D0E331702BC0,docked_bike,2021-03-15 18:15:06,2021-03-15 18:37:45,W 10 St & Washington St,5847,Clinton St & Joralemon St,4605,40.733423,-74.008514,40.69239502,-73.99337909,member
22223,348E7595E207C962,docked_bike,2021-03-16 18:10:10,2021-03-16 18:33:25,W 10 St & Washington St,5847,Clinton St & Joralemon St,4605,40.733423,-74.008514,40.69239502,-73.99337909,member
22264,0273B86ED817216E,docked_bike,2021-03-17 12:07:28,2021-03-17 12:13:00,Clinton St & Union St,4266,Clinton St & Joralemon St,4605,40.683116,-73.997853,40.692395,-73.993379,member
22271,C1B8259F0E8964DB,docked_bike,2021-03-11 18:54:03,2021-03-11 19:08:57,Sigourney St & Columbia St,3940,Clinton St & Joralemon St,4605,40.672672,-74.008795,40.69239502,-73.99337909,member
22276,0230052D0171646D,docked_bike,2021-03-08 13:15:16,2021-03-08 13:20:47,Clinton St & Union St,4266,Clinton St & Joralemon St,4605,40.683116,-73.997852,40.69239502,-73.99337909,member
22278,5F4CEA87F0D7D6B3,docked_bike,2021-03-05 08:05:43,2021-03-05 08:34:53,University Pl & E 8 St,5755,Clinton St & Joralemon St,4605,40.731437,-73.994903,40.69239502,-73.99337909,member
22303,850749AD4CC922CC,docked_bike,2021-03-27 16:58:30,2021-03-27 17:07:23,Clinton St & 4 Place,4119,Clinton St & Joralemon St,4605,40.678356,-74.000145,40.69239502,-73.99337909,member
22310,AA004B0BBC33C0E7,docked_bike,2021-03-10 11:38:20,2021-03-10 11:47:27,Clinton St & 4 Place,4119,Clinton St & Joralemon St,4605,40.678356,-74.000145,40.692395,-73.993379,member
22319,1C6BFBB3D4AB6DE8,docked_bike,2021-03-08 17:44:51,2021-03-08 17:58:49,St James Pl & Oliver St,5238,Clinton St & Joralemon St,4605,40.713079,-73.998511,40.69239502,-73.99337909,member
22320,75F11DBDC6A9FF5E,docked_bike,2021-03-15 19:16:44,2021-03-15 19:28:28,St James Pl & Oliver St,5238,Clinton St & Joralemon St,4605,40.713079,-73.998511,40.69239502,-73.99337909,member
22338,8AEF386ACF636BE0,docked_bike,2021-03-21 19:16:58,2021-03-21 19:29:05,5 Ave & 3 St,3987,Clinton St & Joralemon St,4605,40.672815,-73.983523,40.69239502,-73.99337909,casual
22361,485F4E7A741016CA,docked_bike,2021-03-17 09:27:42,2021-03-17 09:35:05,Columbia St & Kane St,4422,Clinton St & Joralemon St,4605,40.687631,-74.001625,40.69239502,-73.99337909,member
22362,3FFBD2D0791B183B,docked_bike,2021-03-10 09:22:55,2021-03-10 09:29:47,Columbia St & Kane St,4422,Clinton St & Joralemon St,4605,40.687631,-74.001625,40.69239502,-73.99337909,member
22363,6DC6B56D8B65B39F,docked_bike,2021-03-31 07:34:13,2021-03-31 07:41:07,Columbia St & Kane St,4422,Clinton St & Joralemon St,4605,40.687631,-74.001625,40.69239502,-73.99337909,member
22368,AF56C3837A0B0865,docked_bike,2021-03-12 12:50:43,2021-03-12 13:15:06,23 St & 3 Ave,3707,Clinton St & Joralemon St,4605,40.662611,-73.998623,40.69239502,-73.99337909,casual
22372,6D8A0FD8DD66B013,docked_bike,2021-03-14 15:32:17,2021-03-14 15:45:34,Bergen St & Vanderbilt Ave,4157,Clinton St & Joralemon St,4605,40.679438,-73.968043,40.69239502,-73.99337909,member
22379,D003A50413AECDE1,docked_bike,2021-03-23 17:33:12,2021-03-23 17:46:46,Franklin St & W Broadway,5430,Clinton St & Joralemon St,4605,40.719115,-74.006666,40.69239502,-73.99337909,member
22386,8A3971BE426E5EEF,docked_bike,2021-03-04 17:38:43,2021-03-04 17:43:44,Columbia Heights & Cranberry St,4829,Clinton St & Joralemon St,4605,40.700378,-73.99548,40.69239502,-73.99337909,member
22394,4466E89A0C514464,docked_bike,2021-03-29 18:44:00,2021-03-29 18:48:25,Columbia Heights & Cranberry St,4829,Clinton St & Joralemon St,4605,40.700378,-73.99548,40.69239502,-73.99337909,casual
22547,6AF1A9F488338C23,docked_bike,2021-03-17 18:25:03,2021-03-17 18:36:43,Reade St & Broadway,5247,Clinton St & Joralemon St,4605,40.714504,-74.005627,40.69239502,-73.99337909,member
22688,45485DCA3D623E4A,docked_bike,2021-03-07 15:09:42,2021-03-07 15:23:37,Columbia St & W 9 St,4086,Clinton St & Joralemon St,4605,40.676999,-74.006471,40.69239502,-73.99337909,member
22768,8CA7E1670E440D80,docked_bike,2021-03-26 19:43:03,2021-03-26 20:12:31,Clinton St & Joralemon St,4605,Atlantic Ave & Furman St,4614,40.692395,-73.993379,40.69165183,-73.9999786,casual
27207,747DB6C5DBB53CED,docked_bike,2021-03-14 12:42:32,2021-03-14 13:02:11,Clinton St & Joralemon St,4605,Concord St & Bridge St,4781,40.692395,-73.993379,40.69766564,-73.98476437,casual
27218,C3BF02C6F871A84D,docked_bike,2021-03-10 17:58:14,2021-03-10 18:10:46,Clinton St & Joralemon St,4605,Concord St & Bridge St,4781,40.692395,-73.993379,40.69766564,-73.98476437,member
27307,6B9246CD5E14830A,docked_bike,2021-03-13 16:39:37,2021-03-13 17:03:36,Clinton St & Joralemon St,4605,Union Ave & N 12 St,5411,40.692395,-73.993379,40.71924,-73.95242,casual
27308,6422B488E5FFED4B,docked_bike,2021-03-24 11:51:00,2021-03-24 12:23:42,Clinton St & Joralemon St,4605,Henry St & Atlantic Ave,4531,40.692395,-73.993379,40.69089272,-73.99612349,member
29011,2D6A6C5E12E76670,docked_bike,2021-03-13 12:54:19,2021-03-13 12:58:13,Clinton St & Joralemon St,4605,Bergen St & Smith St,4446,40.692395,-73.993379,40.6867443,-73.99063168,member
29012,C746805E7FC8401C,docked_bike,2021-03-17 14:47:54,2021-03-17 14:54:55,Clinton St & Joralemon St,4605,Carroll St & Columbia St,4348,40.692395,-73.993379,40.6830456,-74.00348559,member
29013,0F09B29058A14EB3,docked_bike,2021-03-09 14:15:01,2021-03-09 14:21:17,Clinton St & Joralemon St,4605,Carroll St & Columbia St,4348,40.692395,-73.993379,40.6830456,-74.00348559,member
32164,434AE749FCDEFFBF,docked_bike,2021-03-03 22:59:05,2021-03-03 23:02:53,Clinton St & Joralemon St,4605,Henry St & Degraw St,4380,40.692395,-73.993379,40.6847514,-73.99917254,member
38971,509F78911DFB0F4D,docked_bike,2021-03-17 12:22:06,2021-03-17 12:25:55,Clinton St & Joralemon St,4605,Jay St & Tech Pl,4710,40.692395,-73.993379,40.695065,-73.987167,casual
47467,6C5B528C0E7D9DC4,docked_bike,2021-03-08 21:06:01,2021-03-08 21:18:18,Clinton St & Joralemon St,4605,Canal St & Rutgers St,5303,40.692395,-73.993379,40.71427487,-73.98990025,member
47829,A1EBAD621BA3F282,docked_bike,2021-03-10 08:39:43,2021-03-10 08:53:56,Clinton St & Joralemon St,4605,Franklin St & W Broadway,5430,40.692395,-73.993379,40.71911552,-74.00666661,member
47830,DB8859B7ECAD5376,docked_bike,2021-03-26 19:12:40,2021-03-26 19:18:14,Clinton St & Joralemon St,4605,Columbia Heights & Cranberry St,4829,40.692395,-73.993379,40.70037867,-73.99548059,member
49445,78CFFF5B06306FAA,docked_bike,2021-03-14 08:04:53,2021-03-14 08:08:00,Clinton St & Joralemon St,4605,Atlantic Ave & Furman St,4614,40.692395,-73.993379,40.69165183,-73.9999786,member
49453,56943C61BFBA888E,docked_bike,2021-03-23 15:04:59,2021-03-23 15:08:02,Clinton St & Joralemon St,4605,Atlantic Ave & Furman St,4614,40.692395,-73.993379,40.69165183,-73.9999786,casual
49461,2713D9DE821AEB5D,docked_bike,2021-03-18 15:02:22,2021-03-18 15:15:49,Clinton St & Joralemon St,4605,Lexington Ave & Classon Ave,4452,40.692395,-73.993379,40.68676793,-73.95928168,casual
49463,D6C8415F82A5C419,docked_bike,2021-03-26 19:42:01,2021-03-26 20:11:18,Clinton St & Joralemon St,4605,Atlantic Ave & Furman St,4614,40.692395,-73.993379,40.69165183,-73.9999786,casual
49472,1398419E11F18EDE,docked_bike,2021-03-09 15:48:46,2021-03-09 16:08:03,Clinton St & Joralemon St,4605,30 St & 4 Ave,3564,40.692395,-73.993379,40.657743,-74.001141,member
49475,BC3365A1232402DC,docked_bike,2021-03-03 08:06:57,2021-03-03 08:10:10,Clinton St & Joralemon St,4605,Atlantic Ave & Furman St,4614,40.692395,-73.993379,40.69165183,-73.9999786,member
49478,798E1A93497EA9EC,docked_bike,2021-03-17 08:11:09,2021-03-17 08:14:12,Clinton St & Joralemon St,4605,Atlantic Ave & Furman St,4614,40.692395,-73.993379,40.69165183,-73.9999786,member
49484,A00C0B43BF9937AF,docked_bike,2021-03-20 19:47:14,2021-03-20 19:49:37,Clinton St & Joralemon St,4605,Atlantic Ave & Furman St,4614,40.692395,-73.993379,40.691652,-73.999979,member
51890,F4D76C6DFA035818,docked_bike,2021-03-02 07:53:23,2021-03-02 08:07:46,Monroe St & Bedford Ave,4368,Clinton St & Joralemon St,4605,40.685144,-73.953809,40.69239502,-73.99337909,member
51896,462833C81DEC3592,docked_bike,2021-03-09 07:42:53,2021-03-09 07:55:59,Monroe St & Bedford Ave,4368,Clinton St & Joralemon St,4605,40.685144,-73.953809,40.69239502,-73.99337909,member
51914,1CA337B3575C2375,docked_bike,2021-03-10 07:29:11,2021-03-10 07:38:01,Pioneer St & Richards St,4128,Clinton St & Joralemon St,4605,40.677774,-74.009461,40.69239502,-73.99337909,member
51919,BCDE161686CB9AAD,docked_bike,2021-03-26 10:08:26,2021-03-26 10:28:31,Henry St & Bay St,3972,Clinton St & Joralemon St,4605,40.672505,-74.004946,40.69239502,-73.99337909,member
51932,47035356624A8567,docked_bike,2021-03-17 06:30:13,2021-03-17 06:37:27,Dean St & 4 Ave,4322,Clinton St & Joralemon St,4605,40.683124,-73.978951,40.69239502,-73.99337909,member
51933,13120577F1DF2EAF,docked_bike,2021-03-15 19:14:39,2021-03-15 19:25:06,Henry St & Bay St,3972,Clinton St & Joralemon St,4605,40.672505,-74.004946,40.69239502,-73.99337909,member
51953,301B4BE9C93697D5,docked_bike,2021-03-10 16:12:48,2021-03-10 16:43:13,Beaver St & Fayette St,4840,Clinton St & Joralemon St,4605,40.70099,-73.93921,40.692395,-73.993379,member
51954,C454737033485D76,docked_bike,2021-03-08 16:13:43,2021-03-08 16:45:11,Beaver St & Fayette St,4840,Clinton St & Joralemon St,4605,40.70099,-73.93921,40.692395,-73.993379,member
51955,951F4427954DCDAE,docked_bike,2021-03-14 13:55:39,2021-03-14 14:27:21,Beaver St & Fayette St,4840,Clinton St & Joralemon St,4605,40.70099,-73.93921,40.692395,-73.993379,member
51978,CE72996E847DE547,docked_bike,2021-03-12 19:15:28,2021-03-12 19:31:48,Park Pl & Church St,5288,Clinton St & Joralemon St,4605,40.713341,-74.009355,40.69239502,-73.99337909,member
52072,BB0F7D7A8798F5CD,docked_bike,2021-03-30 19:42:02,2021-03-30 20:13:43,Berry St & N 8 St,5379,Clinton St & Joralemon St,4605,40.719009,-73.958525,40.69239502,-73.99337909,casual
52101,FE7A1AA77CAB0E30,docked_bike,2021-03-22 18:30:55,2021-03-22 18:53:04,S 3 St & Bedford Ave,5235,Clinton St & Joralemon St,4605,40.712604,-73.962644,40.69239502,-73.99337909,casual
52108,7F63174F0CACB841,docked_bike,2021-03-13 11:44:51,2021-03-13 12:07:40,Plaza St West & Flatbush Ave,4010,Clinton St & Joralemon St,4605,40.675021,-73.971115,40.692395,-73.993379,casual
52135,51567C007C6CF72A,docked_bike,2021-03-12 14:29:46,2021-03-12 14:35:33,Front St & Washington St,4936,Clinton St & Joralemon St,4605,40.702551,-73.989402,40.692395,-73.993379,member
52159,48E1A51E1E03BD04,docked_bike,2021-03-27 20:28:47,2021-03-27 20:37:54,Front St & Washington St,4936,Clinton St & Joralemon St,4605,40.702551,-73.989402,40.692395,-73.993379,casual
52184,32779A904E29AF98,docked_bike,2021-03-11 19:19:33,2021-03-11 19:21:52,Court St & State St,4488,Clinton St & Joralemon St,4605,40.690237,-73.99203,40.69239502,-73.99337909,member
52255,5F51F6786E8795AE,docked_bike,2021-03-22 21:08:07,2021-03-22 21:37:00,E 27 St & 1 Ave,6004,Clinton St & Joralemon St,4605,40.739445,-73.976806,40.69239502,-73.99337909,member
52265,0D202EE8FDB524A1,docked_bike,2021-03-23 15:43:57,2021-03-23 15:59:49,3 St & 7 Ave,3905,Clinton St & Joralemon St,4605,40.670384,-73.978397,40.692395,-73.993379,member
52268,BE5AB2F018AAFC87,docked_bike,2021-03-25 13:22:09,2021-03-25 16:01:57,Central Ave & Himrod St,4713,Clinton St & Joralemon St,4605,40.69676,-73.92302,40.69239502,-73.99337909,casual
52280,E8A9EB6906745F9C,docked_bike,2021-03-27 14:43:14,2021-03-27 15:22:02,Clark St & Henry St,4789,Clinton St & Joralemon St,4605,40.697601,-73.993445,40.69239502,-73.99337909,casual
52301,2F6CBB93972A28A8,docked_bike,2021-03-13 18:03:55,2021-03-13 18:12:26,Front St & Jay St,4895,Clinton St & Joralemon St,4605,40.702461,-73.986842,40.69239502,-73.99337909,member
52311,4BBFE1A5EA5A25AE,docked_bike,2021-03-13 18:03:56,2021-03-13 18:12:28,Front St & Jay St,4895,Clinton St & Joralemon St,4605,40.702461,-73.986842,40.69239502,-73.99337909,member
52312,6DB1D23BABDB1D30,docked_bike,2021-03-11 12:33:31,2021-03-11 12:49:45,Lafayette Ave & St James Pl,4494,Clinton St & Joralemon St,4605,40.688515,-73.964762,40.69239502,-73.99337909,casual
52320,BFA7B857C05C268F,docked_bike,2021-03-23 12:41:45,2021-03-23 12:56:02,Lafayette Ave & St James Pl,4494,Clinton St & Joralemon St,4605,40.688515,-73.964762,40.69239502,-73.99337909,casual
52343,499685B281ED7502,docked_bike,2021-03-22 17:15:14,2021-03-22 17:28:13,Lafayette Ave & St James Pl,4494,Clinton St & Joralemon St,4605,40.688515,-73.964762,40.69239502,-73.99337909,casual
52348,AB85567720F93688,docked_bike,2021-03-29 14:12:50,2021-03-29 14:21:51,3 St & 3 Ave,4028,Clinton St & Joralemon St,4605,40.67507,-73.987752,40.69239502,-73.99337909,member
52378,93F814669602E0BE,docked_bike,2021-03-19 17:03:49,2021-03-19 17:21:46,Lafayette Ave & St James Pl,4494,Clinton St & Joralemon St,4605,40.688515,-73.964762,40.69239502,-73.99337909,casual
52379,61E93F6A7394752D,docked_bike,2021-03-22 18:18:36,2021-03-22 18:29:29,3 St & 3 Ave,4028,Clinton St & Joralemon St,4605,40.67507,-73.987752,40.69239502,-73.99337909,member
52380,874FD4FCC8882AE3,docked_bike,2021-03-10 18:03:33,2021-03-10 18:17:40,3 St & 3 Ave,4028,Clinton St & Joralemon St,4605,40.67507,-73.987752,40.69239502,-73.99337909,member
52383,ADA4A7FE82037501,docked_bike,2021-03-10 08:11:04,2021-03-10 08:25:30,Lafayette Ave & St James Pl,4494,Clinton St & Joralemon St,4605,40.688515,-73.964762,40.69239502,-73.99337909,member
52391,6F0E75C887A7914A,docked_bike,2021-03-07 17:18:58,2021-03-07 17:34:51,Lafayette Ave & St James Pl,4494,Clinton St & Joralemon St,4605,40.688515,-73.964762,40.69239502,-73.99337909,member
52394,F064F3BA9505F1F0,docked_bike,2021-03-21 12:14:28,2021-03-21 12:29:04,3 St & 3 Ave,4028,Clinton St & Joralemon St,4605,40.67507,-73.987752,40.69239502,-73.99337909,casual
52396,383E538CD783F202,docked_bike,2021-03-28 15:58:22,2021-03-28 16:05:37,3 Ave & Schermerhorn St,4437,Clinton St & Joralemon St,4605,40.686832,-73.979677,40.692395,-73.993379,member
52413,25D02C1BAB24076E,docked_bike,2021-03-17 11:31:57,2021-03-17 11:40:35,Carroll St & Smith St,4225,Clinton St & Joralemon St,4605,40.680611,-73.994758,40.69239502,-73.99337909,casual
52449,7DAFE5C41FB4865D,docked_bike,2021-03-09 08:35:36,2021-03-09 08:43:41,Willoughby St & Ashland Pl,4587,Clinton St & Joralemon St,4605,40.69178,-73.97877,40.69239502,-73.99337909,member
52455,FF6C6EE215BC5FD1,docked_bike,2021-03-21 10:45:44,2021-03-21 10:48:12,Court St & State St,4488,Clinton St & Joralemon St,4605,40.690237,-73.99203,40.69239502,-73.99337909,member
52477,3C6225CD1432DEE3,docked_bike,2021-03-21 17:44:58,2021-03-21 17:53:33,Carroll St & Smith St,4225,Clinton St & Joralemon St,4605,40.680611,-73.994758,40.69239502,-73.99337909,member
52492,8CA19E96C56CA256,docked_bike,2021-03-09 08:12:02,2021-03-09 08:14:32,Clinton St & Joralemon St,4605,Clinton St & Joralemon St,4605,40.692395,-73.993379,40.692395,-73.993379,member
52493,16789F42B524CFDC,docked_bike,2021-03-30 08:13:04,2021-03-30 08:14:10,Clinton St & Joralemon St,4605,Clinton St & Joralemon St,4605,40.692395,-73.993379,40.692395,-73.993379,member
52494,030A81D52E44A4E4,docked_bike,2021-03-22 08:05:20,2021-03-22 08:05:58,Clinton St & Joralemon St,4605,Clinton St & Joralemon St,4605,40.692395,-73.993379,40.692395,-73.993379,member
52495,614CD30F25C1C344,docked_bike,2021-03-24 08:57:43,2021-03-24 09:16:54,Pioneer St & Van Brunt St,4169,Clinton St & Joralemon St,4605,40.679043,-74.011169,40.69239502,-73.99337909,member
52556,E5984E97E1E1EF64,docked_bike,2021-03-08 11:13:34,2021-03-08 11:13:57,Clinton St & Joralemon St,4605,Clinton St & Joralemon St,4605,40.692395,-73.993379,40.69239502,-73.99337909,member
52586,20138D246409BCA7,docked_bike,2021-03-10 08:24:55,2021-03-10 08:32:10,Carroll St & Smith St,4225,Clinton St & Joralemon St,4605,40.680611,-73.994758,40.69239502,-73.99337909,member
52611,CD8D5D9F805A7A20,docked_bike,2021-03-04 17:23:52,2021-03-04 17:36:19,Carroll St & Bond St,4184,Clinton St & Joralemon St,4605,40.678611,-73.990372,40.69239502,-73.99337909,member
52647,E604F46DFB6F377C,docked_bike,2021-03-04 08:23:09,2021-03-04 09:30:01,West Drive & Prospect Park West,3651,Clinton St & Joralemon St,4605,40.661063,-73.979453,40.692395,-73.993379,member
52659,A481E850A54343FC,docked_bike,2021-03-31 14:35:31,2021-03-31 14:43:17,Atlantic Ave & Fort Greene Pl,4354,Clinton St & Joralemon St,4605,40.683826,-73.976323,40.69239502,-73.99337909,casual
52662,C2A651392E8F8737,docked_bike,2021-03-21 22:24:09,2021-03-21 22:41:02,William St & Pine St,5065,Clinton St & Joralemon St,4605,40.707179,-74.008873,40.69239502,-73.99337909,casual
52686,302DE6411997D7BE,docked_bike,2021-03-01 17:03:34,2021-03-01 17:21:27,Grand Ave & Bergen St,4190,Clinton St & Joralemon St,4605,40.678045,-73.962408,40.69239502,-73.99337909,member
52688,BE9A4763418364FD,docked_bike,2021-03-12 10:20:21,2021-03-12 10:40:38,West Drive & Prospect Park West,3651,Clinton St & Joralemon St,4605,40.661063,-73.979452,40.69239502,-73.99337909,member
52755,2AEE970940CDFC45,docked_bike,2021-03-12 14:59:02,2021-03-12 15:15:50,Grand Ave & Bergen St,4190,Clinton St & Joralemon St,4605,40.678045,-73.962408,40.692395,-73.993379,member
52796,07A4E2DF642072DB,docked_bike,2021-03-21 16:08:22,2021-03-21 16:14:55,Carroll St & Bond St,4184,Clinton St & Joralemon St,4605,40.678611,-73.990372,40.69239502,-73.99337909,member
52808,041C49EA0E5A78B9,docked_bike,2021-03-11 18:42:11,2021-03-11 18:43:51,Montague St & Clinton St,4677,Clinton St & Joralemon St,4605,40.694281,-73.9923,40.69239502,-73.99337909,member
52813,6002DEA3864AFCC9,docked_bike,2021-03-10 15:40:21,2021-03-10 15:41:35,Montague St & Clinton St,4677,Clinton St & Joralemon St,4605,40.694281,-73.9923,40.69239502,-73.99337909,member
52857,BF140A8FA0DE65CE,docked_bike,2021-03-04 10:31:58,2021-03-04 10:40:38,Concord St & Bridge St,4781,Clinton St & Joralemon St,4605,40.697665,-73.984764,40.69239502,-73.99337909,member
52885,42EB230E65697CE8,docked_bike,2021-03-27 12:03:06,2021-03-27 12:08:31,Schermerhorn St & Bond St,4479,Clinton St & Joralemon St,4605,40.688417,-73.984516,40.69239502,-73.99337909,member
52917,344B2C661151D10C,docked_bike,2021-03-27 19:24:41,2021-03-27 19:29:00,Bergen St & Smith St,4446,Clinton St & Joralemon St,4605,40.686744,-73.990631,40.69239502,-73.99337909,member
52924,09F65A0A020A8215,docked_bike,2021-03-24 07:21:28,2021-03-24 07:39:28,Clinton Ave & Myrtle Ave,4651,Clinton St & Joralemon St,4605,40.693261,-73.968896,40.69239502,-73.99337909,casual
52926,95A22C067D7ABB2F,docked_bike,2021-03-31 08:46:58,2021-03-31 08:55:24,Carroll St & Columbia St,4348,Clinton St & Joralemon St,4605,40.683045,-74.003485,40.69239502,-73.99337909,member
52927,9C6424E86955BB2D,docked_bike,2021-03-17 09:02:23,2021-03-17 09:13:19,Carroll St & Columbia St,4348,Clinton St & Joralemon St,4605,40.683045,-74.003485,40.69239502,-73.99337909,member
52931,990C3A3B28E096A8,docked_bike,2021-03-12 19:25:32,2021-03-12 19:30:45,Clinton St & Union St,4266,Clinton St & Joralemon St,4605,40.683116,-73.997852,40.69239502,-73.99337909,member
52938,9DE22A12730F0FCC,docked_bike,2021-03-29 11:08:45,2021-03-29 11:25:36,Franklin Ave & St Marks Ave,4107,Clinton St & Joralemon St,4605,40.675832,-73.956167,40.69239502,-73.99337909,member
52947,36889515B386E81D,docked_bike,2021-03-09 16:06:17,2021-03-09 16:13:44,Clinton St & Union St,4266,Clinton St & Joralemon St,4605,40.683116,-73.997853,40.692395,-73.993379,member
52949,315D32B9BD1AB8CB,docked_bike,2021-03-12 21:50:28,2021-03-12 21:54:15,Clinton St & Union St,4266,Clinton St & Joralemon St,4605,40.683116,-73.997852,40.69239502,-73.99337909,member
52950,964684F559A0CFB8,docked_bike,2021-03-05 05:53:32,2021-03-05 05:59:11,Clinton St & Union St,4266,Clinton St & Joralemon St,4605,40.683116,-73.997852,40.69239502,-73.99337909,member
52951,158F67B9D3D973EB,docked_bike,2021-03-19 20:37:36,2021-03-19 20:42:24,Clinton St & Union St,4266,Clinton St & Joralemon St,4605,40.683116,-73.997852,40.69239502,-73.99337909,casual
52955,9B3F538FE0413F9A,docked_bike,2021-03-31 08:04:44,2021-03-31 08:10:00,Clinton St & Union St,4266,Clinton St & Joralemon St,4605,40.683116,-73.997852,40.69239502,-73.99337909,member
52956,35C889F4BFFAE788,docked_bike,2021-03-20 15:14:45,2021-03-20 15:19:05,Clinton St & Union St,4266,Clinton St & Joralemon St,4605,40.683116,-73.997852,40.69239502,-73.99337909,member
52966,1E0911CF7B96C018,docked_bike,2021-03-24 15:25:36,2021-03-24 15:51:45,Greene Ave & Throop Ave,4510,Clinton St & Joralemon St,4605,40.689493,-73.942061,40.692395,-73.993379,member
52989,04BC5939AAFD3D79,docked_bike,2021-03-21 13:39:47,2021-03-21 14:17:06,1 Ave & E 62 St,6753,Clinton St & Joralemon St,4605,40.761227,-73.96094,40.69239502,-73.99337909,member
53070,A7EDBD790F94D83F,docked_bike,2021-03-23 13:20:24,2021-03-23 13:33:06,Washington Ave & Greene Ave,4419,Clinton St & Joralemon St,4605,40.6865,-73.965633,40.69239502,-73.99337909,casual
53071,4676B20C85AD80D9,docked_bike,2021-03-22 21:26:59,2021-03-22 21:40:00,Fulton St & Broadway,5175,Clinton St & Joralemon St,4605,40.711066,-74.009447,40.69239502,-73.99337909,member
53265,BBDC243604168BF2,docked_bike,2021-03-27 18:18:31,2021-03-27 18:41:53,West Drive & Prospect Park West,3651,Clinton St & Joralemon St,4605,40.661063,-73.979452,40.69239502,-73.99337909,casual
53267,6FC8DC5EAD2302BA,docked_bike,2021-03-23 13:26:59,2021-03-23 13:40:50,Fulton St & Broadway,5175,Clinton St & Joralemon St,4605,40.711066,-74.009447,40.69239502,-73.99337909,member
53276,A5C6CA794645CE23,docked_bike,2021-03-15 09:12:18,2021-03-15 09:18:15,Carroll St & Smith St,4225,Clinton St & Joralemon St,4605,40.680611,-73.994758,40.69239502,-73.99337909,member
66502,CBD918E2C71BDA88,docked_bike,2021-03-24 14:56:36,2021-03-24 15:04:55,Clinton St & Joralemon St,4605,Carroll St & Columbia St,4348,40.692395,-73.993379,40.6830456,-74.00348559,member
66510,CE1946CBBA2F360B,docked_bike,2021-03-11 11:56:44,2021-03-11 12:00:34,Clinton St & Joralemon St,4605,Bergen St & Smith St,4446,40.692395,-73.993379,40.6867443,-73.99063168,member
66517,C3E3DCF97523DE10,docked_bike,2021-03-16 15:23:15,2021-03-16 15:32:30,Clinton St & Joralemon St,4605,Clinton Ave & Myrtle Ave,4651,40.692395,-73.993379,40.693261,-73.968896,member
72438,F4910FFAD1D65C3E,docked_bike,2021-03-25 16:38:23,2021-03-25 17:16:11,Clinton St & Joralemon St,4605,11 Ave & W 59 St,7059,40.692395,-73.993379,40.77149671054441,-73.99046033620834,casual
72440,4C94641A5A724391,docked_bike,2021-03-05 19:12:22,2021-03-05 19:20:44,Clinton St & Joralemon St,4605,Columbia St & Kane St,4422,40.692395,-73.993379,40.687632,-74.001626,member
72441,6B4997D8BB8DE20D,docked_bike,2021-03-29 18:06:38,2021-03-29 18:21:38,Clinton St & Joralemon St,4605,Columbia St & Kane St,4422,40.692395,-73.993379,40.687632,-74.001626,member
74037,A889BEECAD7E2978,docked_bike,2021-03-21 11:16:52,2021-03-21 11:57:54,Clinton St & Joralemon St,4605,West End Ave & W 107 St,7650,40.692395,-73.993379,40.8021174,-73.9681805305,member
74039,B95627640D354113,docked_bike,2021-03-23 08:59:45,2021-03-23 09:55:28,Clinton St & Joralemon St,4605,Montague St & Clinton St,4677,40.692395,-73.993379,40.694281141397326,-73.99230033159256,member
79548,C43B251D2B0A1E2B,docked_bike,2021-03-15 14:20:29,2021-03-15 14:41:36,Clinton St & Joralemon St,4605,Park Ave & Marcus Garvey Blvd,4768,40.692395,-73.993379,40.698617,-73.941342,member
79550,DFEB07E6406A7ADD,docked_bike,2021-03-29 17:07:49,2021-03-29 17:19:15,Clinton St & Joralemon St,4605,Van Brunt St & Wolcott St,4095,40.692395,-73.993379,40.6773429,-74.01275056,member
79551,9DEBAF3582CC6F00,docked_bike,2021-03-14 11:56:30,2021-03-14 12:07:28,Clinton St & Joralemon St,4605,Cambridge Pl & Gates Ave,4377,40.692395,-73.993379,40.68488,-73.96304,member
79554,96502B72AA6D8F1F,docked_bike,2021-03-09 15:38:48,2021-03-09 15:50:16,Clinton St & Joralemon St,4605,Van Brunt St & Wolcott St,4095,40.692395,-73.993379,40.6773429,-74.01275056,member
79556,C73C42CEB941FDAD,docked_bike,2021-03-09 13:35:52,2021-03-09 13:51:07,Clinton St & Joralemon St,4605,Van Brunt St & Wolcott St,4095,40.692395,-73.993379,40.6773429,-74.01275056,member
79570,7A499C408C6B5741,docked_bike,2021-03-19 10:51:20,2021-03-19 11:05:21,Clinton St & Joralemon St,4605,3 St & Hoyt St,4110,40.692395,-73.993379,40.6777287,-73.99364123,member
79605,DCFD427ED0129B65,docked_bike,2021-03-22 09:49:52,2021-03-22 10:01:11,Clinton St & Joralemon St,4605,Cambridge Pl & Gates Ave,4377,40.692395,-73.993379,40.68488,-73.96304,member
79610,5720049F0FE5C186,docked_bike,2021-03-04 16:02:59,2021-03-04 16:14:55,Clinton St & Joralemon St,4605,Van Brunt St & Wolcott St,4095,40.692395,-73.993379,40.6773429,-74.01275056,member
80517,26445322F11C837E,docked_bike,2021-03-10 16:31:07,2021-03-10 16:42:39,Clinton St & Joralemon St,4605,Van Brunt St & Wolcott St,4095,40.692395,-73.993379,40.6773429,-74.01275056,member
80519,D5D2898AEC547EDD,docked_bike,2021-03-20 15:40:24,2021-03-20 16:05:21,Clinton St & Joralemon St,4605,Verona Pl & Fulton St,4124,40.692395,-73.993379,40.6803560840434,-73.9476791024208,casual
86083,E3938AE6011CB7E1,docked_bike,2021-03-04 19:48:15,2021-03-04 19:56:26,Clinton St & Joralemon St,4605,Clinton St & 4 Place,4119,40.692395,-73.993379,40.6783563,-74.00014502,member
98154,DB5C6AF5C754F9C4,docked_bike,2021-03-05 22:44:34,2021-03-05 23:19:37,W 41 St & 8 Ave,6602,Clinton St & Joralemon St,4605,40.756405,-73.990026,40.692395,-73.993379,member
98166,6606C3520F511F27,docked_bike,2021-03-22 18:27:02,2021-03-22 18:57:01,W 41 St & 8 Ave,6602,Clinton St & Joralemon St,4605,40.756405,-73.990026,40.692395,-73.993379,member
98266,CC1D1F9DC5163844,docked_bike,2021-03-05 22:52:59,2021-03-05 23:08:43,Stanton St & Chrystie St,5523,Clinton St & Joralemon St,4605,40.722293,-73.991475,40.69239502,-73.99337909,member
98303,2BF216FE99EB98C3,docked_bike,2021-03-05 16:15:13,2021-03-05 16:29:58,Prospect Pl & Underhill Ave,4116,Clinton St & Joralemon St,4605,40.676969,-73.96579,40.69239502,-73.99337909,member
98370,761589849E028B78,docked_bike,2021-03-03 18:49:24,2021-03-03 19:05:01,Stanton St & Chrystie St,5523,Clinton St & Joralemon St,4605,40.722293,-73.991475,40.69239502,-73.99337909,member
98373,D07F802E24980C7E,docked_bike,2021-03-13 15:51:10,2021-03-13 16:09:35,Carroll St & Washington Ave,3887,Clinton St & Joralemon St,4605,40.668674,-73.961814,40.69239502,-73.99337909,casual
98383,87EEF340538C370E,docked_bike,2021-03-30 14:01:54,2021-03-30 14:28:34,Jefferson Ave & Evergreen Ave,4517,Clinton St & Joralemon St,4605,40.68989,-73.91458,40.69239502,-73.99337909,casual
98423,3F832A508E8FE3A8,docked_bike,2021-03-22 14:56:10,2021-03-22 15:09:49,4 Ave & 9 St,3955,Clinton St & Joralemon St,4605,40.670513,-73.988765,40.69239502,-73.99337909,member
98436,D61B163F855F61A0,docked_bike,2021-03-17 07:40:09,2021-03-17 07:52:43,4 Ave & 9 St,3955,Clinton St & Joralemon St,4605,40.670513,-73.988765,40.69239502,-73.99337909,member
98449,52BCBE50E9792661,docked_bike,2021-03-22 10:38:23,2021-03-22 10:57:03,Broadway & Whipple St,4883,Clinton St & Joralemon St,4605,40.701665,-73.94373,40.69239502,-73.99337909,member
98545,94E23D2D369AAC99,docked_bike,2021-03-26 19:18:28,2021-03-26 19:27:47,Court St & Nelson St,4077,Clinton St & Joralemon St,4605,40.676394,-73.998698,40.69239502,-73.99337909,casual
98566,B6C86C361D99395A,docked_bike,2021-03-29 17:50:47,2021-03-29 18:01:57,Court St & Nelson St,4077,Clinton St & Joralemon St,4605,40.676394,-73.998698,40.69239502,-73.99337909,casual
98571,B2EF532AC6E8635A,docked_bike,2021-03-13 15:25:03,2021-03-13 15:49:21,Lafayette St & E 8 St,5788,Clinton St & Joralemon St,4605,40.730206,-73.991026,40.69239502,-73.99337909,member
98578,775A14E379FAE6FA,docked_bike,2021-03-30 18:57:32,2021-03-30 19:03:31,Dean St & Hoyt St,4446,Clinton St & Joralemon St,4605,40.686444,-73.987591,40.69239502,-73.99337909,member
98580,746CD819FB171DD8,docked_bike,2021-03-25 09:27:16,2021-03-25 09:37:23,Court St & Nelson St,4077,Clinton St & Joralemon St,4605,40.676394,-73.998698,40.69239502,-73.99337909,member
98585,6F08723D07D8F407,docked_bike,2021-03-31 09:40:11,2021-03-31 09:47:20,Smith St & 3 St,4151,Clinton St & Joralemon St,4605,40.678724,-73.995991,40.692395,-73.993379,member
98586,86A2533BB9522136,docked_bike,2021-03-29 18:08:44,2021-03-29 19:04:42,Mott St & Prince St,5561,Clinton St & Joralemon St,4605,40.72318,-73.9948,40.692395,-73.993379,member
98602,781E7E02CC2F3AEE,docked_bike,2021-03-31 13:43:58,2021-03-31 14:17:46,Halsey St & Broadway,4366,Clinton St & Joralemon St,4605,40.68565,-73.91564,40.69239502,-73.99337909,casual
98627,2007AC420F4543B9,docked_bike,2021-03-26 20:42:52,2021-03-26 20:50:39,Brooklyn Bridge Park - Pier 2,4756,Clinton St & Joralemon St,4605,40.698458,-73.997178,40.69239502,-73.99337909,casual
98646,89E832BCFBA44612,docked_bike,2021-03-27 09:21:43,2021-03-27 09:34:06,Court St & Nelson St,4077,Clinton St & Joralemon St,4605,40.676394,-73.998698,40.69239502,-73.99337909,casual
98658,FDB84433119372FC,docked_bike,2021-03-08 09:08:05,2021-03-08 09:15:41,Court St & Nelson St,4077,Clinton St & Joralemon St,4605,40.676394,-73.998698,40.69239502,-73.99337909,member
98788,8947DD0EF5BE42F4,docked_bike,2021-03-29 14:32:44,2021-03-29 15:08:32,W 20 St & 10 Ave,6306,Clinton St & Joralemon St,4605,40.745686,-74.005141,40.692395,-73.993379,member
98795,FD4DADFF7A955324,docked_bike,2021-03-10 15:27:35,2021-03-10 15:43:30,St Johns Pl & Washington Ave,4001,Clinton St & Joralemon St,4605,40.673724,-73.963161,40.692395,-73.993379,member
98807,1DA9AE1838A3EF06,docked_bike,2021-03-24 15:11:12,2021-03-24 15:18:20,Front St & Washington St,4936,Clinton St & Joralemon St,4605,40.70255,-73.989402,40.69239502,-73.99337909,member
98927,47BBF6C0D9B20DBC,docked_bike,2021-03-14 16:19:58,2021-03-14 18:02:10,Forsyth St\t& Grand St,5382,Clinton St & Joralemon St,4605,40.717798,-73.993161,40.69239502,-73.99337909,member
98995,AF438CABE8DEC2C2,docked_bike,2021-03-30 08:49:15,2021-03-30 09:05:10,St Johns Pl & Washington Ave,4001,Clinton St & Joralemon St,4605,40.673723,-73.963161,40.69239502,-73.99337909,member
101592,7A42631596FB8BC1,docked_bike,2021-03-30 16:29:47,2021-03-30 16:35:38,Clinton St & Joralemon St,4605,Cadman Plaza E & Red Cross Pl,4821,40.692395,-73.993379,40.69991755,-73.98971773,member
101594,EE7D96F8D7E3D6E2,docked_bike,2021-03-13 06:26:52,2021-03-13 06:29:15,Clinton St & Joralemon St,4605,State St & Smith St,4565,40.692395,-73.993379,40.68926942,-73.98912867,member
101596,E4015A0399171480,docked_bike,2021-03-08 14:29:27,2021-03-08 14:33:27,Clinton St & Joralemon St,4605,Cadman Plaza E & Red Cross Pl,4821,40.692395,-73.993379,40.69991755,-73.98971773,member
102086,13BBFA7E35A7DC5F,docked_bike,2021-03-20 12:23:31,2021-03-20 12:48:19,Clinton St & Joralemon St,4605,Perry St & Greenwich Ave,5955,40.692395,-73.993379,40.735918,-74.000939,casual
104903,56502059CF6C4BAF,docked_bike,2021-03-24 17:39:50,2021-03-24 17:43:11,Clinton St & Joralemon St,4605,Clinton St & Tillary St,4748,40.692395,-73.993379,40.69623297129316,-73.99142056703568,member
125072,79D9342A32B43E4D,docked_bike,2021-03-27 15:49:44,2021-03-27 16:15:35,Clinton St & Joralemon St,4605,3 Ave & 17 St,3779,40.692395,-73.993379,40.666168,-73.995549,member
125095,1288E0761AA06A90,docked_bike,2021-03-23 17:09:53,2021-03-23 17:34:32,Clinton St & Joralemon St,4605,1 Ave & E 5 St,5626,40.692395,-73.993379,40.725864,-73.986389,casual
126194,229E70B4D62D3B8E,docked_bike,2021-03-31 18:29:11,2021-03-31 18:33:46,Clinton St & Joralemon St,4605,Columbia St & Kane St,4422,40.692395,-73.993379,40.68763155,-74.0016256,member
130578,A44E0A19736D571B,docked_bike,2021-03-21 14:28:26,2021-03-21 15:19:06,Clinton St & Joralemon St,4605,W 44 St & 5 Ave,6551,40.692395,-73.993379,40.75500254,-73.98014437,member
130830,BEB0B550786E66F8,docked_bike,2021-03-16 09:10:36,2021-03-16 09:34:32,Clinton St & Joralemon St,4605,Washington St & Barrow St,5847,40.692395,-73.993379,40.73191132323174,-74.008769094944,member
131327,33E7D75943141868,docked_bike,2021-03-15 09:04:13,2021-03-15 09:29:51,Clinton St & Joralemon St,4605,Washington St & Barrow St,5847,40.692395,-73.993379,40.73191132323174,-74.008769094944,member
146546,A2342DAC8F5E9A6F,docked_bike,2021-03-23 12:35:56,2021-03-23 12:40:42,Clinton St & Joralemon St,4605,Duffield St & Willoughby St,4596,40.692395,-73.993379,40.69221589,-73.9842844,member
146550,769ECC507E702406,docked_bike,2021-03-09 13:18:13,2021-03-09 13:27:22,Front St & Washington St,4936,Clinton St & Joralemon St,4605,40.70255,-73.989402,40.69239502,-73.99337909,member
146555,8C94212FEEDFD401,docked_bike,2021-03-20 13:26:34,2021-03-20 13:38:30,Front St & Washington St,4936,Clinton St & Joralemon St,4605,40.70255,-73.989402,40.69239502,-73.99337909,member
146658,C1EA8380C632C3D6,docked_bike,2021-03-21 18:39:33,2021-03-21 18:57:36,Emerson Pl & Myrtle Ave,4683,Clinton St & Joralemon St,4605,40.693631,-73.962235,40.69239502,-73.99337909,casual
146724,1777F25184CBC7A4,docked_bike,2021-03-30 16:59:25,2021-03-30 17:29:33,58 St & 2 Ave - Brooklyn Army Terminal Vaccination Site,3138,Clinton St & Joralemon St,4605,40.644512,-74.021506,40.69239502,-73.99337909,member
146797,C83D1C66F445F48D,docked_bike,2021-03-17 19:12:07,2021-03-17 19:28:12,Underhill Ave & Lincoln Pl,4042,Clinton St & Joralemon St,4605,40.674012,-73.967146,40.692395,-73.993379,member
146826,0A7311563093EE62,docked_bike,2021-03-23 13:33:20,2021-03-23 14:10:27,E 58 St & Madison Ave,6839,Clinton St & Joralemon St,4605,40.763025,-73.972095,40.69239502,-73.99337909,member
147071,68BDAFEEB7F8DB2B,docked_bike,2021-03-31 08:31:24,2021-03-31 08:38:37,Johnson St & Gold St,4668,Clinton St & Joralemon St,4605,40.694748,-73.983624,40.69239502,-73.99337909,member
147082,519B4C869074FAD6,docked_bike,2021-03-26 19:08:48,2021-03-26 19:15:08,Bond St & Fulton St,4479,Clinton St & Joralemon St,4605,40.689621,-73.983042,40.69239502,-73.99337909,member
147105,7EF4E5D2DD53474F,docked_bike,2021-03-27 15:17:52,2021-03-27 15:22:46,Bond St & Fulton St,4479,Clinton St & Joralemon St,4605,40.689621,-73.983042,40.69239502,-73.99337909,member
147128,F056C6962F4C46D0,docked_bike,2021-03-11 10:22:41,2021-03-11 10:56:06,2 Ave & E 31 St,6197,Clinton St & Joralemon St,4605,40.742909,-73.97706,40.69239502,-73.99337909,member
147178,1DE19F36AFA9DE04,docked_bike,2021-03-27 21:15:37,2021-03-27 21:40:05,Norfolk St & Broome St,5374,Clinton St & Joralemon St,4605,40.717227,-73.98802,40.69239502,-73.99337909,member
147182,F527A3C5C5CE8694,docked_bike,2021-03-24 14:48:52,2021-03-24 15:02:47,Carroll St & 5 Ave,4060,Clinton St & Joralemon St,4605,40.675162,-73.981483,40.69239502,-73.99337909,member
147204,7F8B8C700565F3EC,docked_bike,2021-03-09 13:55:21,2021-03-09 14:08:26,7 Ave & Park Pl,4125,Clinton St & Joralemon St,4605,40.677614,-73.973242,40.69239502,-73.99337909,casual
147212,4DDDB7BF8288E67A,docked_bike,2021-03-20 21:13:36,2021-03-20 21:21:11,Warren St & Court St,4413,Clinton St & Joralemon St,4605,40.686371,-73.993833,40.692395,-73.993379,casual
147216,C55642AD70908E31,docked_bike,2021-03-20 21:13:41,2021-03-20 21:21:16,Warren St & Court St,4413,Clinton St & Joralemon St,4605,40.686371,-73.993833,40.69239502,-73.99337909,casual
147233,2818FCFEA8997D00,docked_bike,2021-03-10 15:29:47,2021-03-10 15:32:44,Schermerhorn St & Court St,4565,Clinton St & Joralemon St,4605,40.691029,-73.991834,40.692395,-73.993379,member
147235,90AA1BE255E403CE,docked_bike,2021-03-30 12:42:27,2021-03-30 13:11:15,Schermerhorn St & Court St,4565,Clinton St & Joralemon St,4605,40.691029,-73.991833,40.69239502,-73.99337909,member
147238,E665E61AC785FF94,docked_bike,2021-03-02 18:46:00,2021-03-02 18:47:22,Schermerhorn St & Court St,4565,Clinton St & Joralemon St,4605,40.691029,-73.991834,40.692395,-73.993379,member
147242,BF844F6557FB7376,docked_bike,2021-03-04 19:03:48,2021-03-04 19:05:20,Schermerhorn St & Court St,4565,Clinton St & Joralemon St,4605,40.691029,-73.991833,40.69239502,-73.99337909,member
147243,94868FAB382B9D3B,docked_bike,2021-03-06 15:54:23,2021-03-06 15:55:54,Schermerhorn St & Court St,4565,Clinton St & Joralemon St,4605,40.691029,-73.991833,40.69239502,-73.99337909,member
147244,FF6AF96F43F55DDB,docked_bike,2021-03-28 19:27:48,2021-03-28 19:29:29,Schermerhorn St & Court St,4565,Clinton St & Joralemon St,4605,40.691029,-73.991833,40.69239502,-73.99337909,member
147245,A2D4F28DA0FB0DD8,docked_bike,2021-03-01 17:19:46,2021-03-01 17:21:22,Schermerhorn St & Court St,4565,Clinton St & Joralemon St,4605,40.691029,-73.991833,40.69239502,-73.99337909,member
147247,CEB84CAE40BCFE92,docked_bike,2021-03-02 19:53:11,2021-03-02 19:55:00,Schermerhorn St & Court St,4565,Clinton St & Joralemon St,4605,40.691029,-73.991833,40.69239502,-73.99337909,member
147254,10AC43F6786209FF,docked_bike,2021-03-01 15:18:43,2021-03-01 15:19:55,Schermerhorn St & Court St,4565,Clinton St & Joralemon St,4605,40.691029,-73.991833,40.69239502,-73.99337909,member
147259,00BFE4E4D37B6993,docked_bike,2021-03-10 17:56:34,2021-03-10 17:57:58,Schermerhorn St & Court St,4565,Clinton St & Joralemon St,4605,40.691029,-73.991833,40.69239502,-73.99337909,member
147264,C45D71607044A9F3,docked_bike,2021-03-09 13:02:41,2021-03-09 13:10:21,Schermerhorn St & Court St,4565,Clinton St & Joralemon St,4605,40.691029,-73.991834,40.692395,-73.993379,member
147268,A67DDF8D29F2A495,docked_bike,2021-03-27 14:35:18,2021-03-27 14:39:13,Schermerhorn St & Court St,4565,Clinton St & Joralemon St,4605,40.691029,-73.991833,40.69239502,-73.99337909,member
147281,E51D18D70BB186EC,docked_bike,2021-03-18 12:46:42,2021-03-18 13:14:40,6 Ave & 9 St,3803,Clinton St & Joralemon St,4605,40.668127,-73.983776,40.69239502,-73.99337909,member
147355,8C5720B4B2152B6E,docked_bike,2021-03-06 18:15:18,2021-03-06 18:47:42,2 Ave & 36 St,3460,Clinton St & Joralemon St,4605,40.657088,-74.008702,40.69239502,-73.99337909,casual
147356,6BC718461FAF801B,docked_bike,2021-03-16 17:35:34,2021-03-16 17:38:09,Henry St & Atlantic Ave,4531,Clinton St & Joralemon St,4605,40.690892,-73.996123,40.69239502,-73.99337909,member
147361,2826EA33B7381A31,docked_bike,2021-03-26 19:26:25,2021-03-26 19:28:51,Henry St & Atlantic Ave,4531,Clinton St & Joralemon St,4605,40.690892,-73.996123,40.69239502,-73.99337909,member
147365,C861143FECD3770D,docked_bike,2021-03-14 10:33:31,2021-03-14 10:49:30,Henry St & Atlantic Ave,4531,Clinton St & Joralemon St,4605,40.690892,-73.996123,40.69239502,-73.99337909,casual
147408,0D0A3172848B03A7,docked_bike,2021-03-04 12:49:15,2021-03-04 12:59:49,Columbia St & W 9 St,4086,Clinton St & Joralemon St,4605,40.676999,-74.006471,40.69239502,-73.99337909,member
147437,8730EFC8962902A6,docked_bike,2021-03-31 11:10:23,2021-03-31 11:14:26,Cadman Plaza E & Tillary St,4677,Clinton St & Joralemon St,4605,40.695976,-73.990148,40.69239502,-73.99337909,member
147453,AC2A82280BC1A99A,docked_bike,2021-03-20 23:40:56,2021-03-20 23:44:08,Cadman Plaza E & Tillary St,4677,Clinton St & Joralemon St,4605,40.695976,-73.990148,40.69239502,-73.99337909,member
147505,10ADADA23EF1C777,docked_bike,2021-03-26 08:51:10,2021-03-26 09:02:46,Bergen St & Vanderbilt Ave,4157,Clinton St & Joralemon St,4605,40.679438,-73.968043,40.69239502,-73.99337909,member
147512,942294CFC9323D0B,docked_bike,2021-03-04 08:06:28,2021-03-04 08:12:14,Henry St & Degraw St,4380,Clinton St & Joralemon St,4605,40.684751,-73.999172,40.69239502,-73.99337909,member
147516,0553BD9331A25640,docked_bike,2021-03-24 08:21:49,2021-03-24 08:26:45,Henry St & Degraw St,4380,Clinton St & Joralemon St,4605,40.684751,-73.999172,40.69239502,-73.99337909,member
147525,E688FE675129E962,docked_bike,2021-03-13 11:33:17,2021-03-13 11:39:11,Henry St & Degraw St,4380,Clinton St & Joralemon St,4605,40.684751,-73.999172,40.69239502,-73.99337909,member
147540,6F855AEE772946F7,docked_bike,2021-03-26 16:21:38,2021-03-26 16:27:30,Henry St & Degraw St,4380,Clinton St & Joralemon St,4605,40.684751,-73.999172,40.69239502,-73.99337909,member
147541,10D434CD08F32C3E,docked_bike,2021-03-27 17:22:04,2021-03-27 17:29:20,Henry St & Degraw St,4380,Clinton St & Joralemon St,4605,40.684751,-73.999172,40.69239502,-73.99337909,member
147543,84552A5E7C30414B,docked_bike,2021-03-02 12:13:53,2021-03-02 12:19:57,Henry St & Degraw St,4380,Clinton St & Joralemon St,4605,40.684751,-73.999172,40.69239502,-73.99337909,member
147554,CD7E3F91F5028628,docked_bike,2021-03-26 16:56:51,2021-03-26 17:01:25,Henry St & Degraw St,4380,Clinton St & Joralemon St,4605,40.684751,-73.999172,40.69239502,-73.99337909,member
147564,C1D1E2622C23382F,docked_bike,2021-03-20 21:13:08,2021-03-20 21:21:20,Warren St & Court St,4413,Clinton St & Joralemon St,4605,40.686371,-73.993833,40.69239502,-73.99337909,casual
147570,A2C8B83F3178B689,docked_bike,2021-03-18 12:02:56,2021-03-18 12:10:46,Henry St & Degraw St,4380,Clinton St & Joralemon St,4605,40.684751,-73.999172,40.69239502,-73.99337909,member
147574,0C0D804C066D8E60,docked_bike,2021-03-15 08:21:47,2021-03-15 08:27:06,Henry St & Degraw St,4380,Clinton St & Joralemon St,4605,40.684751,-73.999172,40.69239502,-73.99337909,member
147575,510DBC1642B5B6A0,docked_bike,2021-03-23 16:05:25,2021-03-23 16:10:07,Henry St & Degraw St,4380,Clinton St & Joralemon St,4605,40.684751,-73.999172,40.69239502,-73.99337909,casual
147616,7F42E41D470EFAF9,docked_bike,2021-03-08 23:05:48,2021-03-08 23:27:54,Van Buren St & Broadway,4568,Clinton St & Joralemon St,4605,40.692,-73.92617,40.69239502,-73.99337909,member
147731,07E05A96D5DC5F3E,docked_bike,2021-03-20 10:45:07,2021-03-20 11:17:58,Broadway & W 25 St,6173,Clinton St & Joralemon St,4605,40.742868,-73.989186,40.69239502,-73.99337909,member
151119,8AAB95A4B20B782C,docked_bike,2021-03-02 14:15:53,2021-03-02 14:21:08,Clinton St & Joralemon St,4605,Clinton St & Union St,4266,40.692395,-73.993379,40.6831164,-73.99785267,member
151125,751893BC0574A354,docked_bike,2021-03-22 17:48:01,2021-03-22 18:22:59,Clinton St & Joralemon St,4605,1 Ave & E 62 St,6753,40.692395,-73.993379,40.7612274,-73.96094022,member
151126,03F302CD8B3A500A,docked_bike,2021-03-18 18:11:28,2021-03-18 18:50:34,Clinton St & Joralemon St,4605,1 Ave & E 62 St,6753,40.692395,-73.993379,40.7612274,-73.96094022,member
151132,291BE994263B35E8,docked_bike,2021-03-28 21:15:55,2021-03-28 21:28:19,Clinton St & Joralemon St,4605,Sigourney St & Columbia St,3940,40.692395,-73.993379,40.67267243410948,-74.0087952464819,member
151137,D93CFDF871A33F64,docked_bike,2021-03-08 19:03:17,2021-03-08 19:41:17,Clinton St & Joralemon St,4605,1 Ave & E 62 St,6753,40.692395,-73.993379,40.7612274,-73.96094022,member
151139,D83909061E380B07,docked_bike,2021-03-05 23:52:19,2021-03-06 00:07:46,Clinton St & Joralemon St,4605,Sterling Pl & Bedford Ave,3993,40.692395,-73.993379,40.672695,-73.954131,member
169918,AF0ACB952F7BA6D6,docked_bike,2021-03-13 10:48:25,2021-03-13 11:46:47,Clinton St & Joralemon St,4605,E 85 St & 3 Ave,7212,40.692395,-73.993379,40.77801203,-73.95407149,casual
180331,317E01B2D736124A,docked_bike,2021-03-09 15:11:42,2021-03-09 15:42:58,Clinton St & Joralemon St,4605,Lafayette St & E 8 St,5788,40.692395,-73.993379,40.73020660529954,-73.99102628231049,member
180378,A720959AC42F3463,docked_bike,2021-03-22 18:02:46,2021-03-22 18:17:48,Clinton St & Joralemon St,4605,Berkeley Pl & 6 Ave,4134,40.692395,-73.993379,40.6765304,-73.97846879,member
180471,BE07243761674516,docked_bike,2021-03-26 14:58:24,2021-03-26 15:14:02,Clinton St & Joralemon St,4605,Lafayette St & E 8 St,5788,40.692395,-73.993379,40.73020660529954,-73.99102628231049,member
197919,9B513333C76064D2,docked_bike,2021-03-10 08:12:32,2021-03-10 08:20:44,Columbia St & Degraw St,4422,Clinton St & Joralemon St,4605,40.685929,-74.002423,40.69239502,-73.99337909,member
197933,CC7F60DE413AE624,docked_bike,2021-03-12 17:11:29,2021-03-12 17:25:28,Sands St Gate,4812,Clinton St & Joralemon St,4605,40.699569,-73.979827,40.692395,-73.993379,member
197941,4CAC001BCF61EE64,docked_bike,2021-03-23 20:03:21,2021-03-23 20:13:36,Columbia Heights & Cranberry St,4829,Clinton St & Joralemon St,4605,40.700378,-73.99548,40.69239502,-73.99337909,casual
197968,DB9EAAC65F93EF50,docked_bike,2021-03-14 11:17:51,2021-03-14 11:25:26,Sands St Gate,4812,Clinton St & Joralemon St,4605,40.699569,-73.979827,40.69239502,-73.99337909,member
197977,E99C99C4F8F4E8D2,docked_bike,2021-03-20 16:00:21,2021-03-20 16:06:51,Columbia St & Degraw St,4422,Clinton St & Joralemon St,4605,40.685929,-74.002423,40.69239502,-73.99337909,member
197982,458D6D0F058C468E,docked_bike,2021-03-30 08:16:48,2021-03-30 08:25:08,Carroll St & Columbia St,4348,Clinton St & Joralemon St,4605,40.683046,-74.003486,40.692395,-73.993379,member
197989,8A2E52920A1CFAA4,docked_bike,2021-03-16 15:07:52,2021-03-16 15:16:27,Carroll St & Columbia St,4348,Clinton St & Joralemon St,4605,40.683045,-74.003485,40.69239502,-73.99337909,casual
197993,AC803B6EED435AD1,docked_bike,2021-03-05 08:34:24,2021-03-05 08:42:41,Carroll St & Columbia St,4348,Clinton St & Joralemon St,4605,40.683045,-74.003485,40.69239502,-73.99337909,member
198005,ED01E3DC854FA820,docked_bike,2021-03-04 12:59:06,2021-03-04 13:13:05,Bergen St & Smith St,4446,Clinton St & Joralemon St,4605,40.686744,-73.990631,40.69239502,-73.99337909,member
198018,7011C5F4790EEEE2,docked_bike,2021-03-26 22:52:37,2021-03-26 22:56:43,Bergen St & Smith St,4446,Clinton St & Joralemon St,4605,40.686744,-73.990631,40.69239502,-73.99337909,member
198028,9FCEB0C747775C0C,docked_bike,2021-03-12 07:16:14,2021-03-12 07:23:16,Carroll St & Columbia St,4348,Clinton St & Joralemon St,4605,40.683045,-74.003485,40.69239502,-73.99337909,member
198032,EA07907CF100AC3E,docked_bike,2021-03-23 13:40:48,2021-03-23 13:47:34,Carroll St & Columbia St,4348,Clinton St & Joralemon St,4605,40.683045,-74.003485,40.69239502,-73.99337909,member
198039,7D8B5B49E5615B44,docked_bike,2021-03-22 10:53:49,2021-03-22 10:59:51,Bergen St & Smith St,4446,Clinton St & Joralemon St,4605,40.686744,-73.990632,40.692395,-73.993379,member
198045,5CCF9D13E40FBDE2,docked_bike,2021-03-23 15:44:09,2021-03-23 15:50:34,Bergen St & Smith St,4446,Clinton St & Joralemon St,4605,40.686744,-73.990631,40.69239502,-73.99337909,member
198051,686F2A69DD2AB2E1,docked_bike,2021-03-11 07:12:42,2021-03-11 07:21:06,Carroll St & Columbia St,4348,Clinton St & Joralemon St,4605,40.683045,-74.003485,40.69239502,-73.99337909,member
198059,58D4EB9E0BF47B9F,docked_bike,2021-03-15 09:21:41,2021-03-15 09:31:49,Carroll St & Columbia St,4348,Clinton St & Joralemon St,4605,40.683045,-74.003485,40.69239502,-73.99337909,member
198069,C20E80CF0A8634BA,docked_bike,2021-03-04 13:12:04,2021-03-04 13:49:15,Bergen St & Smith St,4446,Clinton St & Joralemon St,4605,40.686744,-73.990631,40.69239502,-73.99337909,member
198074,BF3CD677B5B8224E,docked_bike,2021-03-19 09:48:27,2021-03-19 09:53:20,Bergen St & Smith St,4446,Clinton St & Joralemon St,4605,40.686744,-73.990631,40.69239502,-73.99337909,member
198076,7B064873E0648AF7,docked_bike,2021-03-02 08:58:49,2021-03-02 09:03:15,Bergen St & Smith St,4446,Clinton St & Joralemon St,4605,40.686744,-73.990632,40.692395,-73.993379,member
198077,3FC6A57066492801,docked_bike,2021-03-31 17:49:27,2021-03-31 17:56:34,Carroll St & Columbia St,4348,Clinton St & Joralemon St,4605,40.683045,-74.003485,40.69239502,-73.99337909,member
198083,43D30C99BAB5AF83,docked_bike,2021-03-11 16:04:58,2021-03-11 16:17:06,Bergen St & Flatbush Ave,4281,Clinton St & Joralemon St,4605,40.680945,-73.975673,40.692395,-73.993379,member
198089,4707D3C23FABEEE5,docked_bike,2021-03-08 20:37:25,2021-03-08 21:11:17,Douglass St & 3 Ave,4217,Clinton St & Joralemon St,4605,40.680213,-73.984326,40.69239502,-73.99337909,member
198090,C4F427B9634924C2,docked_bike,2021-03-09 23:42:45,2021-03-09 23:56:05,Douglass St & 3 Ave,4217,Clinton St & Joralemon St,4605,40.680213,-73.984326,40.69239502,-73.99337909,member
198098,BD1F4AB700FF357F,docked_bike,2021-03-05 07:17:05,2021-03-05 07:24:55,Carroll St & Columbia St,4348,Clinton St & Joralemon St,4605,40.683045,-74.003485,40.69239502,-73.99337909,member
198101,A71A45EBE85DE0D8,docked_bike,2021-03-30 09:15:53,2021-03-30 09:19:17,Bergen St & Smith St,4446,Clinton St & Joralemon St,4605,40.686744,-73.990632,40.692395,-73.993379,member
198117,FF8B42A176751EC9,docked_bike,2021-03-02 15:05:50,2021-03-02 15:14:14,Bergen St & Flatbush Ave,4281,Clinton St & Joralemon St,4605,40.680944,-73.975673,40.69239502,-73.99337909,member
198128,F91E116147740666,docked_bike,2021-03-09 08:18:56,2021-03-09 08:27:11,Bergen St & Flatbush Ave,4281,Clinton St & Joralemon St,4605,40.680944,-73.975673,40.69239502,-73.99337909,member
198129,59258F918CF24C0A,docked_bike,2021-03-12 08:23:40,2021-03-12 08:31:35,Bergen St & Flatbush Ave,4281,Clinton St & Joralemon St,4605,40.680944,-73.975673,40.69239502,-73.99337909,member
198137,26778AC497CA9CBE,docked_bike,2021-03-23 18:10:01,2021-03-23 18:27:52,Franklin St & W Broadway,5430,Clinton St & Joralemon St,4605,40.719115,-74.006666,40.69239502,-73.99337909,member
198138,C3C3407A58F08688,docked_bike,2021-03-18 17:46:23,2021-03-18 18:00:53,Franklin St & W Broadway,5430,Clinton St & Joralemon St,4605,40.719115,-74.006666,40.69239502,-73.99337909,member
198141,E161E071CB5A3015,docked_bike,2021-03-10 07:54:59,2021-03-10 08:03:25,Columbia St & Degraw St,4422,Clinton St & Joralemon St,4605,40.685929,-74.002423,40.69239502,-73.99337909,member
198151,FB477958C4A92D72,docked_bike,2021-03-25 06:44:04,2021-03-25 06:53:25,Columbia St & Degraw St,4422,Clinton St & Joralemon St,4605,40.68593,-74.002424,40.692395,-73.993379,member
198153,FF851DE350D898A6,docked_bike,2021-03-18 09:58:50,2021-03-18 10:07:11,Bergen St & Flatbush Ave,4281,Clinton St & Joralemon St,4605,40.680944,-73.975673,40.69239502,-73.99337909,member
198164,72F7DB1FA6ECC8AB,docked_bike,2021-03-03 23:35:25,2021-03-03 23:46:34,Douglass St & 3 Ave,4217,Clinton St & Joralemon St,4605,40.680213,-73.984326,40.69239502,-73.99337909,member
198193,5F9DB815FD279163,docked_bike,2021-03-01 14:35:17,2021-03-01 14:49:13,North Moore St & Greenwich St,5470,Clinton St & Joralemon St,4605,40.720195,-74.0103,40.69239502,-73.99337909,member
198245,B2AB6726CCDB2997,docked_bike,2021-03-22 09:26:03,2021-03-22 09:33:09,Columbia Heights & Cranberry St,4829,Clinton St & Joralemon St,4605,40.700378,-73.99548,40.69239502,-73.99337909,member
198247,F63BC1358904D0FF,docked_bike,2021-03-20 19:50:33,2021-03-20 19:57:28,Columbia St & Degraw St,4422,Clinton St & Joralemon St,4605,40.685929,-74.002423,40.69239502,-73.99337909,member
198252,EFE91CF5AB2E7978,docked_bike,2021-03-10 07:54:57,2021-03-10 08:03:17,Columbia St & Degraw St,4422,Clinton St & Joralemon St,4605,40.685929,-74.002423,40.69239502,-73.99337909,member
198273,8982D2E51AD1C8A3,docked_bike,2021-03-25 17:53:10,2021-03-25 17:56:41,Atlantic Ave & Furman St,4614,Clinton St & Joralemon St,4605,40.691651,-73.999978,40.69239502,-73.99337909,member
198277,94505765D9936B15,docked_bike,2021-03-20 10:17:52,2021-03-20 10:20:51,Atlantic Ave & Furman St,4614,Clinton St & Joralemon St,4605,40.691651,-73.999978,40.69239502,-73.99337909,member
198297,726473BD89427018,docked_bike,2021-03-12 12:41:25,2021-03-12 12:45:51,Atlantic Ave & Furman St,4614,Clinton St & Joralemon St,4605,40.691651,-73.999978,40.69239502,-73.99337909,member
198301,BDA6B79F8F65B1E6,docked_bike,2021-03-25 18:44:35,2021-03-25 18:53:05,Atlantic Ave & Furman St,4614,Clinton St & Joralemon St,4605,40.691651,-73.999978,40.69239502,-73.99337909,member
198317,F93CD740AC7DBC82,docked_bike,2021-03-22 12:04:11,2021-03-22 12:38:34,Caton Ave & E 7 St,3199,Clinton St & Joralemon St,4605,40.647718,-73.973663,40.69239502,-73.99337909,member
198330,47E7A9A288B8BADA,docked_bike,2021-03-29 14:49:17,2021-03-29 14:59:38,Jay St & Tech Pl,4710,Clinton St & Joralemon St,4605,40.695065,-73.987167,40.69239502,-73.99337909,member
198350,C1CE37A2A4E59A75,docked_bike,2021-03-17 18:03:33,2021-03-17 18:16:41,Park Pl & Church St,5288,Clinton St & Joralemon St,4605,40.713341,-74.009355,40.69239502,-73.99337909,member
198357,BC07264280BAFA05,docked_bike,2021-03-31 14:52:26,2021-03-31 15:24:06,Fulton St & Adams St,4637,Clinton St & Joralemon St,4605,40.692418,-73.989494,40.69239502,-73.99337909,member
198414,050AD2E0295CB866,docked_bike,2021-03-26 17:14:52,2021-03-26 17:33:25,Pearl St & Peck Slip,5096,Clinton St & Joralemon St,4605,40.708485,-74.002751,40.69239502,-73.99337909,member
198454,AF8B363C71369451,docked_bike,2021-03-11 17:47:07,2021-03-11 18:01:58,Berkeley Pl & 7 Ave,4051,Clinton St & Joralemon St,4605,40.675147,-73.975232,40.692395,-73.993379,member
198473,D685DAF629585F72,docked_bike,2021-03-20 11:26:17,2021-03-20 11:50:19,Halsey St & Tompkins Ave,4319,Clinton St & Joralemon St,4605,40.682368,-73.944118,40.69239502,-73.99337909,member
198571,913D51002F1312FD,docked_bike,2021-03-23 19:54:12,2021-03-23 20:13:33,DeKalb Ave & Franklin Ave,4528,Clinton St & Joralemon St,4605,40.690648,-73.957461,40.69239502,-73.99337909,member
198574,A27D344A24D09AE0,docked_bike,2021-03-16 10:43:05,2021-03-16 10:45:55,Fulton St & Adams St,4637,Clinton St & Joralemon St,4605,40.692418,-73.989494,40.69239502,-73.99337909,member
198575,1004B79CC09FDF92,docked_bike,2021-03-07 14:03:36,2021-03-07 14:21:55,DeKalb Ave & Franklin Ave,4528,Clinton St & Joralemon St,4605,40.690648,-73.957461,40.69239502,-73.99337909,member
198576,D24357EA4B055506,docked_bike,2021-03-06 12:46:33,2021-03-06 13:26:52,Fulton St & Adams St,4637,Clinton St & Joralemon St,4605,40.692418,-73.989494,40.69239502,-73.99337909,member
198626,8BE6EB7F757D4F60,docked_bike,2021-03-12 17:21:37,2021-03-12 17:56:38,Union Ave & Wallabout St,4818,Clinton St & Joralemon St,4605,40.700295,-73.950322,40.69239502,-73.99337909,member
198669,B68781444FF91CC0,docked_bike,2021-03-29 18:24:47,2021-03-29 18:29:46,Atlantic Ave & Furman St,4614,Clinton St & Joralemon St,4605,40.691651,-73.999978,40.69239502,-73.99337909,member
198771,7A50C66F7346A233,docked_bike,2021-03-04 20:16:20,2021-03-04 20:17:55,Schermerhorn St & Court St,4565,Clinton St & Joralemon St,4605,40.691029,-73.991833,40.69239502,-73.99337909,member
198773,C9F875307AC6D986,docked_bike,2021-03-05 17:56:00,2021-03-05 17:56:59,Schermerhorn St & Court St,4565,Clinton St & Joralemon St,4605,40.691029,-73.991833,40.69239502,-73.99337909,member
198774,F385C66C3C292FDA,docked_bike,2021-03-04 07:21:27,2021-03-04 07:23:01,Schermerhorn St & Court St,4565,Clinton St & Joralemon St,4605,40.691029,-73.991833,40.69239502,-73.99337909,member
198778,455F8383DC350AE9,docked_bike,2021-03-16 08:18:32,2021-03-16 08:20:08,Schermerhorn St & Court St,4565,Clinton St & Joralemon St,4605,40.691029,-73.991833,40.69239502,-73.99337909,member
198780,80B62A8F8D1F7E1C,docked_bike,2021-03-07 15:59:47,2021-03-07 16:01:19,Schermerhorn St & Court St,4565,Clinton St & Joralemon St,4605,40.691029,-73.991833,40.69239502,-73.99337909,member
198812,5EAEB8A0CC848BAB,docked_bike,2021-03-12 18:39:26,2021-03-12 19:04:14,10 St & 7 Ave,3762,Clinton St & Joralemon St,4605,40.666207,-73.981998,40.69239502,-73.99337909,member
198815,FBF1857D96DB49B1,docked_bike,2021-03-21 08:20:47,2021-03-21 08:41:12,24 St & 5 Ave,3555,Clinton St & Joralemon St,4605,40.659555,-73.995068,40.69239502,-73.99337909,casual
198865,596435C098A47E8F,docked_bike,2021-03-08 07:52:09,2021-03-08 07:55:12,Kane St & Clinton St,4455,Clinton St & Joralemon St,4605,40.686175,-73.996452,40.69239502,-73.99337909,member
198866,42A50D7B49D946C0,docked_bike,2021-03-17 07:48:15,2021-03-17 07:51:45,Kane St & Clinton St,4455,Clinton St & Joralemon St,4605,40.686175,-73.996452,40.69239502,-73.99337909,member
198868,87074D764AB047F2,docked_bike,2021-03-19 08:29:46,2021-03-19 08:33:10,Kane St & Clinton St,4455,Clinton St & Joralemon St,4605,40.686175,-73.996452,40.69239502,-73.99337909,casual
198884,5DF31A49AA10C26E,docked_bike,2021-03-20 14:55:31,2021-03-20 15:06:04,Kane St & Clinton St,4455,Clinton St & Joralemon St,4605,40.686175,-73.996452,40.69239502,-73.99337909,member
198888,9527A545CFD9A580,docked_bike,2021-03-08 11:33:26,2021-03-08 11:38:41,Butler St & Court St,4339,Clinton St & Joralemon St,4605,40.684989,-73.994403,40.69239502,-73.99337909,casual
198906,3A17537A65DE6EDF,docked_bike,2021-03-16 08:23:34,2021-03-16 08:27:06,Butler St & Court St,4339,Clinton St & Joralemon St,4605,40.684989,-73.994403,40.69239502,-73.99337909,member
198907,CEA5E8804ED74B09,docked_bike,2021-03-22 11:55:58,2021-03-22 12:00:03,Kane St & Clinton St,4455,Clinton St & Joralemon St,4605,40.686175,-73.996452,40.69239502,-73.99337909,member
198913,5910690F187FE601,docked_bike,2021-03-24 16:46:16,2021-03-24 16:50:47,Kane St & Clinton St,4455,Clinton St & Joralemon St,4605,40.686175,-73.996452,40.69239502,-73.99337909,member
198921,E4F49845C9431BCC,docked_bike,2021-03-30 17:15:16,2021-03-30 17:19:38,Kane St & Clinton St,4455,Clinton St & Joralemon St,4605,40.686175,-73.996452,40.69239502,-73.99337909,member
198926,668C90BDBF2925D1,docked_bike,2021-03-27 13:32:24,2021-03-27 14:03:51,5 Ave & E 72 St,7100,Clinton St & Joralemon St,4605,40.772828,-73.966852,40.69239502,-73.99337909,member
198933,1AE17034910E4EFD,docked_bike,2021-03-02 07:23:56,2021-03-02 07:26:59,Kane St & Clinton St,4455,Clinton St & Joralemon St,4605,40.686175,-73.996452,40.69239502,-73.99337909,member
198939,3F1F200C686F6A50,docked_bike,2021-03-11 08:43:55,2021-03-11 08:49:08,Kane St & Clinton St,4455,Clinton St & Joralemon St,4605,40.686175,-73.996452,40.69239502,-73.99337909,member
198944,3D54AFDCC881BF4B,docked_bike,2021-03-22 08:26:32,2021-03-22 08:32:58,Kane St & Clinton St,4455,Clinton St & Joralemon St,4605,40.686175,-73.996452,40.69239502,-73.99337909,casual
198948,E20A5FF18BD81E62,docked_bike,2021-03-05 18:16:34,2021-03-05 18:22:17,Kane St & Clinton St,4455,Clinton St & Joralemon St,4605,40.686176,-73.996453,40.692395,-73.993379,member
198951,6E6B3894D4C6A425,docked_bike,2021-03-09 07:25:37,2021-03-09 07:29:46,Kane St & Clinton St,4455,Clinton St & Joralemon St,4605,40.686176,-73.996453,40.692395,-73.993379,member
198958,ED468EADD27651E9,docked_bike,2021-03-15 09:59:00,2021-03-15 10:04:09,Kane St & Clinton St,4455,Clinton St & Joralemon St,4605,40.686175,-73.996452,40.69239502,-73.99337909,member
198959,5F7CCE11A9331555,docked_bike,2021-03-05 08:09:14,2021-03-05 08:13:02,Butler St & Court St,4339,Clinton St & Joralemon St,4605,40.684989,-73.994403,40.69239502,-73.99337909,member
198960,3C39001485E9EE6A,docked_bike,2021-03-11 12:57:34,2021-03-11 13:10:34,Butler St & Court St,4339,Clinton St & Joralemon St,4605,40.684989,-73.994403,40.69239502,-73.99337909,member
198968,C0CE3A0BEC9BE46B,docked_bike,2021-03-23 10:11:26,2021-03-23 10:36:21,W 15 St & 10 Ave,6115,Clinton St & Joralemon St,4605,40.742753,-74.007473,40.69239502,-73.99337909,casual
198985,1EA650188172EABF,docked_bike,2021-03-24 08:26:20,2021-03-24 08:29:18,Kane St & Clinton St,4455,Clinton St & Joralemon St,4605,40.686175,-73.996452,40.69239502,-73.99337909,casual
198988,28A143CB15162635,docked_bike,2021-03-19 08:10:11,2021-03-19 08:15:35,Butler St & Court St,4339,Clinton St & Joralemon St,4605,40.684989,-73.994403,40.69239502,-73.99337909,member
198990,DED12E07320D6E07,docked_bike,2021-03-20 16:52:07,2021-03-20 16:56:57,Kane St & Clinton St,4455,Clinton St & Joralemon St,4605,40.686175,-73.996452,40.69239502,-73.99337909,member
198995,E8085DB738E0D490,docked_bike,2021-03-11 13:39:47,2021-03-11 13:43:46,Kane St & Clinton St,4455,Clinton St & Joralemon St,4605,40.686175,-73.996452,40.69239502,-73.99337909,member
198997,2819F4DC43344BBC,docked_bike,2021-03-22 18:34:47,2021-03-22 18:39:45,Kane St & Clinton St,4455,Clinton St & Joralemon St,4605,40.686176,-73.996453,40.692395,-73.993379,member
199000,B8279522E1A35CD1,docked_bike,2021-03-26 19:17:46,2021-03-26 19:21:56,Kane St & Clinton St,4455,Clinton St & Joralemon St,4605,40.686175,-73.996452,40.69239502,-73.99337909,member
199004,8078B1F8E43F2763,docked_bike,2021-03-21 19:18:19,2021-03-21 19:22:42,Butler St & Court St,4339,Clinton St & Joralemon St,4605,40.684989,-73.994403,40.692395,-73.993379,member
199005,E46C7A8644D26F1A,docked_bike,2021-03-05 21:14:10,2021-03-05 21:17:37,Butler St & Court St,4339,Clinton St & Joralemon St,4605,40.684989,-73.994403,40.692395,-73.993379,member
199006,693F753846367133,docked_bike,2021-03-09 21:20:43,2021-03-09 21:24:17,Butler St & Court St,4339,Clinton St & Joralemon St,4605,40.684989,-73.994403,40.692395,-73.993379,member
199007,3A41840D693EC7DE,docked_bike,2021-03-06 21:15:36,2021-03-06 21:19:32,Butler St & Court St,4339,Clinton St & Joralemon St,4605,40.684989,-73.994403,40.692395,-73.993379,member
199008,CC9FF568F567423A,docked_bike,2021-03-01 19:07:39,2021-03-01 19:11:09,Butler St & Court St,4339,Clinton St & Joralemon St,4605,40.684989,-73.994403,40.692395,-73.993379,member
199009,02CBD5DE47054DF2,docked_bike,2021-03-02 18:51:52,2021-03-02 18:56:15,Butler St & Court St,4339,Clinton St & Joralemon St,4605,40.684989,-73.994403,40.692395,-73.993379,member
199010,3264DA7040D97D3F,docked_bike,2021-03-15 13:15:16,2021-03-15 13:19:28,Kane St & Clinton St,4455,Clinton St & Joralemon St,4605,40.686176,-73.996453,40.692395,-73.993379,member
199013,5643DA688FC8DA70,docked_bike,2021-03-17 08:18:25,2021-03-17 08:22:45,Kane St & Clinton St,4455,Clinton St & Joralemon St,4605,40.686175,-73.996452,40.69239502,-73.99337909,casual
199025,10178442EB7783EE,docked_bike,2021-03-25 22:04:29,2021-03-25 22:29:26,Christopher St & Greenwich St,5847,Clinton St & Joralemon St,4605,40.732915,-74.007113,40.69239502,-73.99337909,member
199036,BABCA85D064EBB21,docked_bike,2021-03-08 15:55:05,2021-03-08 15:59:51,Butler St & Court St,4339,Clinton St & Joralemon St,4605,40.684989,-73.994403,40.69239502,-73.99337909,member
199038,E0ED02D5FC6851C7,docked_bike,2021-03-06 11:34:18,2021-03-06 11:36:50,Kane St & Clinton St,4455,Clinton St & Joralemon St,4605,40.686175,-73.996452,40.69239502,-73.99337909,member
199039,94F9133F1B3882D2,docked_bike,2021-03-20 11:49:35,2021-03-20 11:52:35,Kane St & Clinton St,4455,Clinton St & Joralemon St,4605,40.686175,-73.996452,40.69239502,-73.99337909,member
199052,A9A679D815779732,docked_bike,2021-03-11 17:54:39,2021-03-11 18:01:51,Kane St & Clinton St,4455,Clinton St & Joralemon St,4605,40.686175,-73.996452,40.69239502,-73.99337909,casual
199057,4E093D504D81F110,docked_bike,2021-03-15 19:27:55,2021-03-15 19:31:58,Kane St & Clinton St,4455,Clinton St & Joralemon St,4605,40.686175,-73.996452,40.69239502,-73.99337909,member
199059,E1E0E1F9501B9236,docked_bike,2021-03-05 19:48:25,2021-03-05 19:55:19,Butler St & Court St,4339,Clinton St & Joralemon St,4605,40.684989,-73.994403,40.69239502,-73.99337909,member
199061,03D099C44DDE40CA,docked_bike,2021-03-04 21:04:39,2021-03-04 21:08:27,Butler St & Court St,4339,Clinton St & Joralemon St,4605,40.684989,-73.994403,40.692395,-73.993379,member
199062,36CC04DD301B48A2,docked_bike,2021-03-22 21:16:25,2021-03-22 21:19:06,Butler St & Court St,4339,Clinton St & Joralemon St,4605,40.684989,-73.994403,40.692395,-73.993379,member
199063,BA62CD1271D4C80D,docked_bike,2021-03-10 21:07:07,2021-03-10 21:10:17,Butler St & Court St,4339,Clinton St & Joralemon St,4605,40.684989,-73.994403,40.692395,-73.993379,member
199064,E1B951E3832BB5D1,docked_bike,2021-03-08 21:25:24,2021-03-08 21:29:39,Butler St & Court St,4339,Clinton St & Joralemon St,4605,40.684989,-73.994403,40.692395,-73.993379,member
199065,01890165C733CCEB,docked_bike,2021-03-29 21:12:18,2021-03-29 21:15:53,Butler St & Court St,4339,Clinton St & Joralemon St,4605,40.684989,-73.994403,40.692395,-73.993379,member
199073,C226F60B3673AD85,docked_bike,2021-03-11 16:52:21,2021-03-11 17:02:44,S Portland Ave & Hanson Pl,4354,Clinton St & Joralemon St,4605,40.685395,-73.974314,40.69239502,-73.99337909,member
199104,4F6B290E8DA1D2B4,docked_bike,2021-03-02 20:02:49,2021-03-02 20:15:08,Spruce St & Nassau St,5137,Clinton St & Joralemon St,4605,40.711463,-74.005524,40.69239502,-73.99337909,member
199105,48FDA27D1D4D08F7,docked_bike,2021-03-22 19:12:21,2021-03-22 19:23:16,Spruce St & Nassau St,5137,Clinton St & Joralemon St,4605,40.711463,-74.005524,40.69239502,-73.99337909,member
199106,D7FCED2AC861C7C4,docked_bike,2021-03-27 08:21:36,2021-03-27 08:24:47,Kane St & Clinton St,4455,Clinton St & Joralemon St,4605,40.686175,-73.996452,40.69239502,-73.99337909,member
199116,5F636D8EFE0991FC,docked_bike,2021-03-09 08:10:53,2021-03-09 08:15:04,Kane St & Clinton St,4455,Clinton St & Joralemon St,4605,40.686175,-73.996452,40.69239502,-73.99337909,member
199118,19A2EBA17B3A556E,docked_bike,2021-03-17 11:47:01,2021-03-17 11:50:52,Kane St & Clinton St,4455,Clinton St & Joralemon St,4605,40.686176,-73.996453,40.692395,-73.993379,member
199158,0683567D5E7BCC66,docked_bike,2021-03-13 11:45:30,2021-03-13 12:07:30,Plaza St West & Flatbush Ave,4010,Clinton St & Joralemon St,4605,40.675021,-73.971115,40.692395,-73.993379,casual
199198,C65F59DC1881898C,docked_bike,2021-03-25 12:29:01,2021-03-25 12:49:14,3 Ave & 14 St,3850,Clinton St & Joralemon St,4605,40.668545,-73.993332,40.69239502,-73.99337909,member
199209,54058E0CC8EB219A,docked_bike,2021-03-12 09:13:44,2021-03-12 09:31:16,Park Pl & Franklin Ave,4033,Clinton St & Joralemon St,4605,40.67418,-73.956494,40.69239502,-73.99337909,member
199277,0A9814A4B244AC24,docked_bike,2021-03-22 12:38:41,2021-03-22 12:52:16,Clinton St & Centre St,4045,Clinton St & Joralemon St,4605,40.67434,-74.001946,40.69239502,-73.99337909,member
199360,100EB42EF7081CA0,docked_bike,2021-03-20 18:26:39,2021-03-20 18:50:46,34 St & 4 Ave,3492,Clinton St & Joralemon St,4605,40.655278,-74.003101,40.692395,-73.993379,member
199398,39DB240E05336DD3,docked_bike,2021-03-27 15:19:37,2021-03-27 15:48:46,Kosciuszko St & Tompkins Ave,4553,Clinton St & Joralemon St,4605,40.691282,-73.945241,40.69239502,-73.99337909,casual
199450,201CBAC3117BB49A,docked_bike,2021-03-08 17:53:05,2021-03-08 18:04:20,Old Fulton St,4903,Clinton St & Joralemon St,4605,40.702771,-73.993836,40.69239502,-73.99337909,member
199464,D43A29FC4CE4AA4E,docked_bike,2021-03-10 16:04:42,2021-03-10 16:13:20,Willoughby St & Fleet St,4628,Clinton St & Joralemon St,4605,40.691965,-73.981301,40.69239502,-73.99337909,member
199465,979974D2C9FC3E95,docked_bike,2021-03-11 11:15:27,2021-03-11 11:21:27,Willoughby St & Fleet St,4628,Clinton St & Joralemon St,4605,40.691965,-73.981301,40.69239502,-73.99337909,member
199466,0973B0C76C2B0B80,docked_bike,2021-03-12 11:18:23,2021-03-12 11:25:02,Willoughby St & Fleet St,4628,Clinton St & Joralemon St,4605,40.691965,-73.981301,40.69239502,-73.99337909,member
199479,3615CD844BACA1B6,docked_bike,2021-03-08 07:25:56,2021-03-08 07:33:26,Kosciuszko St & Tompkins Ave,4553,Clinton St & Joralemon St,4605,40.691282,-73.945241,40.69239502,-73.99337909,member
199536,35D308908D758323,docked_bike,2021-03-30 19:41:02,2021-03-30 19:54:19,3 St & 7 Ave,3905,Clinton St & Joralemon St,4605,40.670383,-73.978396,40.69239502,-73.99337909,casual
199579,33557D405952DC57,docked_bike,2021-03-10 07:56:01,2021-03-10 08:17:44,Kosciuszko St & Tompkins Ave,4553,Clinton St & Joralemon St,4605,40.691282,-73.945241,40.69239502,-73.99337909,member
199580,6B2F7F6BD876EF4F,docked_bike,2021-03-03 07:34:37,2021-03-03 07:52:12,Kosciuszko St & Tompkins Ave,4553,Clinton St & Joralemon St,4605,40.691282,-73.945241,40.69239502,-73.99337909,member
199589,EE0B79B6C41220A8,docked_bike,2021-03-12 10:40:11,2021-03-12 11:00:33,3 St & 7 Ave,3905,Clinton St & Joralemon St,4605,40.670383,-73.978396,40.69239502,-73.99337909,member
199603,C7EA2F07B467A72A,docked_bike,2021-03-20 08:29:10,2021-03-20 08:42:51,3 St & 7 Ave,3905,Clinton St & Joralemon St,4605,40.670383,-73.978396,40.69239502,-73.99337909,member
199626,CBB324C2829325DB,docked_bike,2021-03-06 08:15:49,2021-03-06 08:30:23,3 St & 7 Ave,3905,Clinton St & Joralemon St,4605,40.670383,-73.978396,40.69239502,-73.99337909,member
199628,43C11FB63B1B1422,docked_bike,2021-03-09 07:31:11,2021-03-09 07:48:00,Kosciuszko St & Tompkins Ave,4553,Clinton St & Joralemon St,4605,40.691282,-73.945241,40.69239502,-73.99337909,member
199683,ABCEAFE3FD2C7621,docked_bike,2021-03-21 10:45:20,2021-03-21 10:53:18,Carroll St & Smith St,4225,Clinton St & Joralemon St,4605,40.680611,-73.994758,40.692395,-73.993379,member
199686,2910C86F69BBA8B8,docked_bike,2021-03-13 18:29:30,2021-03-13 18:34:39,Carroll St & Smith St,4225,Clinton St & Joralemon St,4605,40.680611,-73.994758,40.69239502,-73.99337909,member
199699,5A6A60E537B19E9A,docked_bike,2021-03-04 14:53:42,2021-03-04 14:59:48,Carroll St & Smith St,4225,Clinton St & Joralemon St,4605,40.680611,-73.994758,40.69239502,-73.99337909,member
199775,2E66E34C141DEEF5,docked_bike,2021-03-21 13:26:45,2021-03-21 13:44:32,Forsyth St & Canal St,5270,Clinton St & Joralemon St,4605,40.715815,-73.994223,40.69239502,-73.99337909,member
199817,5601A9795105E840,docked_bike,2021-03-04 07:45:30,2021-03-04 07:56:51,3 St & 3 Ave,4028,Clinton St & Joralemon St,4605,40.67507,-73.987752,40.69239502,-73.99337909,member
199927,4A7082B8854116F3,docked_bike,2021-03-11 07:43:45,2021-03-11 07:51:29,Hanson Pl & Ashland Pl,4395,Clinton St & Joralemon St,4605,40.685068,-73.977908,40.692395,-73.993379,member
199943,FB1DD643775C817C,docked_bike,2021-03-11 09:27:11,2021-03-11 09:49:41,E 2 St & 2 Ave,5593,Clinton St & Joralemon St,4605,40.725028,-73.990696,40.69239502,-73.99337909,member
200075,84722B2523521C31,docked_bike,2021-03-26 18:47:37,2021-03-26 19:03:13,Montague St & Clinton St,4677,Clinton St & Joralemon St,4605,40.694281,-73.9923,40.69239502,-73.99337909,casual
200078,9A2F5775ED0697D4,docked_bike,2021-03-21 16:22:41,2021-03-21 16:26:05,Montague St & Clinton St,4677,Clinton St & Joralemon St,4605,40.694281,-73.9923,40.69239502,-73.99337909,casual
200083,374A3B6D18F7AC07,docked_bike,2021-03-06 14:48:07,2021-03-06 14:52:44,Montague St & Clinton St,4677,Clinton St & Joralemon St,4605,40.694281,-73.9923,40.69239502,-73.99337909,member
200245,0BFFFC0ABEDB0B42,docked_bike,2021-03-14 14:22:32,2021-03-14 14:47:21,Grove St & Broadway,4526,Clinton St & Joralemon St,4605,40.69047,-73.923511,40.69239502,-73.99337909,casual
200299,CFD250A864BB8B22,docked_bike,2021-03-20 12:56:19,2021-03-20 13:24:15,Berry St & N 8 St,5379,Clinton St & Joralemon St,4605,40.719009,-73.958525,40.69239502,-73.99337909,member
200359,80C1655468C07897,docked_bike,2021-03-02 08:16:35,2021-03-02 08:22:47,President St & Henry St,4307,Clinton St & Joralemon St,4605,40.6828,-73.999904,40.69239502,-73.99337909,member
200388,5FD45C891D84FD52,docked_bike,2021-03-15 14:33:51,2021-03-15 14:46:30,President St & Henry St,4307,Clinton St & Joralemon St,4605,40.6828,-73.999904,40.69239502,-73.99337909,member
200422,C53106C53593825E,docked_bike,2021-03-04 08:04:43,2021-03-04 08:10:43,President St & Henry St,4307,Clinton St & Joralemon St,4605,40.6828,-73.999904,40.69239502,-73.99337909,member
200437,1EDDD81090AF6CBD,docked_bike,2021-03-17 11:47:38,2021-03-17 11:57:38,President St & Henry St,4307,Clinton St & Joralemon St,4605,40.6828,-73.999904,40.692395,-73.993379,member
200480,4C4AEE66B291E204,docked_bike,2021-03-04 13:31:17,2021-03-04 13:48:53,Eastern Pkwy & Washington Ave,3928,Clinton St & Joralemon St,4605,40.671649,-73.963114,40.69239502,-73.99337909,casual
200501,F87D30E99D53AA7D,docked_bike,2021-03-20 15:45:02,2021-03-20 16:12:01,Eastern Pkwy & Washington Ave,3928,Clinton St & Joralemon St,4605,40.671649,-73.963114,40.69239502,-73.99337909,casual
200518,DD82D7F1F2498E29,docked_bike,2021-03-30 20:13:19,2021-03-30 20:32:56,W 20 St & 8 Ave,6224,Clinton St & Joralemon St,4605,40.743453,-74.00004,40.69239502,-73.99337909,member
200544,5F3A4E8B863C7DC0,docked_bike,2021-03-17 08:05:43,2021-03-17 08:10:38,President St & Henry St,4307,Clinton St & Joralemon St,4605,40.6828,-73.999904,40.692395,-73.993379,member
200597,C9137F020F91A8D6,docked_bike,2021-03-27 12:48:54,2021-03-27 13:06:21,Eastern Pkwy & Washington Ave,3928,Clinton St & Joralemon St,4605,40.671649,-73.963114,40.69239502,-73.99337909,casual
200625,6B9E6AA509171B2C,docked_bike,2021-03-15 19:52:38,2021-03-15 19:59:00,Concord St & Bridge St,4781,Clinton St & Joralemon St,4605,40.697665,-73.984764,40.69239502,-73.99337909,member
200651,76015A682B83627F,docked_bike,2021-03-20 13:50:32,2021-03-20 14:01:37,Concord St & Bridge St,4781,Clinton St & Joralemon St,4605,40.697666,-73.984764,40.692395,-73.993379,member
200678,B5A21A6E5220812D,docked_bike,2021-03-17 13:30:20,2021-03-17 14:07:14,Clinton St & 4 Place,4119,Clinton St & Joralemon St,4605,40.678356,-74.000145,40.69239502,-73.99337909,member
200680,18C9837EDDF00616,docked_bike,2021-03-27 11:08:38,2021-03-27 11:15:13,Clinton St & 4 Place,4119,Clinton St & Joralemon St,4605,40.678356,-74.000145,40.69239502,-73.99337909,casual
200697,8AD11BAEFCA0F006,docked_bike,2021-03-18 09:11:53,2021-03-18 09:33:08,E 2 St & 2 Ave,5593,Clinton St & Joralemon St,4605,40.725028,-73.990696,40.69239502,-73.99337909,member
200698,8885D38DB0D5FD62,docked_bike,2021-03-16 09:10:40,2021-03-16 09:34:39,E 2 St & 2 Ave,5593,Clinton St & Joralemon St,4605,40.725028,-73.990696,40.69239502,-73.99337909,member
200705,CDE1A80848C17542,docked_bike,2021-03-31 15:26:55,2021-03-31 15:39:10,Hanson Pl & Ashland Pl,4395,Clinton St & Joralemon St,4605,40.685068,-73.977907,40.69239502,-73.99337909,member
200735,9A6D5A377AF7AE7B,docked_bike,2021-03-22 07:54:04,2021-03-22 07:59:03,Clinton St & 4 Place,4119,Clinton St & Joralemon St,4605,40.678356,-74.000145,40.69239502,-73.99337909,member
200737,490828684AAA3CD8,docked_bike,2021-03-25 17:23:25,2021-03-25 17:29:22,Clinton St & 4 Place,4119,Clinton St & Joralemon St,4605,40.678356,-74.000145,40.69239502,-73.99337909,member
200774,7DA89CBDE51B86B5,docked_bike,2021-03-29 14:45:41,2021-03-29 14:51:06,Clinton St & 4 Place,4119,Clinton St & Joralemon St,4605,40.678356,-74.000145,40.69239502,-73.99337909,casual
200776,FCC55386D63E0E39,docked_bike,2021-03-01 15:25:35,2021-03-01 15:31:27,Clinton St & 4 Place,4119,Clinton St & Joralemon St,4605,40.678356,-74.000145,40.69239502,-73.99337909,member
200779,E307040A210F59CF,docked_bike,2021-03-26 17:09:04,2021-03-26 17:22:13,Lafayette Ave & St James Pl,4494,Clinton St & Joralemon St,4605,40.688515,-73.964762,40.69239502,-73.99337909,casual
200798,D3804339BB270F5E,docked_bike,2021-03-13 19:14:06,2021-03-13 19:24:17,Front St & Jay St,4895,Clinton St & Joralemon St,4605,40.702461,-73.986842,40.692395,-73.993379,member
200819,75CEA6D1D26CD474,docked_bike,2021-03-20 08:34:15,2021-03-20 08:43:41,Clinton St & 4 Place,4119,Clinton St & Joralemon St,4605,40.678356,-74.000145,40.69239502,-73.99337909,member
200962,C234B96203FF35D3,docked_bike,2021-03-23 20:01:43,2021-03-23 20:10:30,Clinton St & 4 Place,4119,Clinton St & Joralemon St,4605,40.678356,-74.000145,40.692395,-73.993379,member
200963,477CA48DD28F9993,docked_bike,2021-03-08 17:02:23,2021-03-08 17:07:41,Clinton St & 4 Place,4119,Clinton St & Joralemon St,4605,40.678356,-74.000145,40.69239502,-73.99337909,member
201098,96C65BC9A248C8AE,docked_bike,2021-03-24 08:24:46,2021-03-24 08:32:28,Concord St & Bridge St,4781,Clinton St & Joralemon St,4605,40.697665,-73.984764,40.69239502,-73.99337909,casual
207655,EE2509EF61B252A5,docked_bike,2021-03-03 19:31:11,2021-03-03 19:44:08,Clinton St & Joralemon St,4605,Henry St & Atlantic Ave,4531,40.692395,-73.993379,40.690893,-73.996123,member
207665,789B6DC4AE1E0BEF,docked_bike,2021-03-17 07:52:53,2021-03-17 07:54:48,Clinton St & Joralemon St,4605,Henry St & Atlantic Ave,4531,40.692395,-73.993379,40.69089272,-73.99612349,member
207940,2BB93A0E46103B35,docked_bike,2021-03-09 13:43:13,2021-03-09 14:14:50,Clinton St & Joralemon St,4605,Henry St & Atlantic Ave,4531,40.692395,-73.993379,40.69089272,-73.99612349,casual
207990,B9EC2F69FED61735,docked_bike,2021-03-11 10:32:51,2021-03-11 10:35:50,Clinton St & Joralemon St,4605,Henry St & Atlantic Ave,4531,40.692395,-73.993379,40.69089272,-73.99612349,member
211767,0B65651A48A38E33,docked_bike,2021-03-22 09:15:21,2021-03-22 09:54:07,Clinton St & Joralemon St,4605,Kent St & McGuinness Blvd,5785,40.692395,-73.993379,40.73124,-73.95161,member
218065,F148A95B8EE2AFCE,docked_bike,2021-03-25 09:25:25,2021-03-25 10:31:13,Clinton St & Joralemon St,4605,Hudson St & Reade St,5359,40.692395,-73.993379,40.71625008,-74.0091059,member
218292,29F38BC70201748E,docked_bike,2021-03-09 09:05:27,2021-03-09 09:16:32,Clinton St & Joralemon St,4605,Hudson St & Reade St,5359,40.692395,-73.993379,40.71625008,-74.0091059,member
221404,0D1539846A7733F5,docked_bike,2021-03-20 23:46:36,2021-03-20 23:51:20,Clinton St & Joralemon St,4605,Carroll St & Smith St,4225,40.692395,-73.993379,40.680611,-73.99475825,member
221457,1F502CFEDF0C6EC7,docked_bike,2021-03-27 15:55:48,2021-03-27 16:09:22,Clinton St & Joralemon St,4605,Carroll St & Smith St,4225,40.692395,-73.993379,40.680611,-73.99475825,member
221488,05DB853009A84E67,docked_bike,2021-03-26 09:08:38,2021-03-26 09:17:02,Clinton St & Joralemon St,4605,Carroll St & Smith St,4225,40.692395,-73.993379,40.680611,-73.994758,member
221520,9A966FF4DC0F6D11,docked_bike,2021-03-10 08:45:06,2021-03-10 08:53:01,Clinton St & Joralemon St,4605,Carroll St & Smith St,4225,40.692395,-73.993379,40.680611,-73.99475825,member
221690,17E662803F9CF1B7,docked_bike,2021-03-11 16:11:18,2021-03-11 16:19:14,Clinton St & Joralemon St,4605,Carroll St & Smith St,4225,40.692395,-73.993379,40.680611,-73.99475825,member
226208,D4628193F132D340,docked_bike,2021-03-30 17:30:31,2021-03-30 17:52:40,Clinton St & Joralemon St,4605,Henry St & Grand St,5294,40.692395,-73.993379,40.714211,-73.981095,member
239739,97F86FD09B533152,docked_bike,2021-03-04 17:32:33,2021-03-04 17:41:38,Clinton St & Joralemon St,4605,Hanson Pl & Ashland Pl,4395,40.692395,-73.993379,40.685068,-73.977908,member
243757,2C64CE0C4E0C8D4E,docked_bike,2021-03-30 09:46:23,2021-03-30 10:03:35,Clinton St & Joralemon St,4605,St Johns Pl & Washington Ave,4001,40.692395,-73.993379,40.6737236,-73.9631611,member
245234,57626AEF915CE286,docked_bike,2021-03-11 08:05:50,2021-03-11 08:23:50,Clinton St & Joralemon St,4605,Grand St & Greene St,5500,40.692395,-73.993379,40.72170005235607,-74.00238141417502,member
248670,041DFB13AB94A3FD,docked_bike,2021-03-18 12:06:01,2021-03-18 12:24:51,Clinton St & Joralemon St,4605,St Johns Pl & Washington Ave,4001,40.692395,-73.993379,40.6737236,-73.9631611,member
248677,80B98DA4727F5593,docked_bike,2021-03-05 08:31:52,2021-03-05 08:48:03,Clinton St & Joralemon St,4605,Grand St & Greene St,5500,40.692395,-73.993379,40.72170005235607,-74.00238141417502,member
248701,92DB0DCC382C3B75,docked_bike,2021-03-06 16:42:14,2021-03-06 17:05:50,Clinton St & Joralemon St,4605,St Johns Pl & Washington Ave,4001,40.692395,-73.993379,40.673724,-73.963161,member
248705,67AC4B45E33BA5CA,docked_bike,2021-03-27 10:45:24,2021-03-27 11:04:52,Clinton St & Joralemon St,4605,Stanton St & Mangin St,5326,40.692395,-73.993379,40.71782143,-73.97628939,member
248710,A7AF6DAD0D37846C,docked_bike,2021-03-06 13:15:42,2021-03-06 14:02:28,Clinton St & Joralemon St,4605,W 20 St & 10 Ave,6306,40.692395,-73.993379,40.745686,-74.005141,member
248736,3D34262EA7916DFC,docked_bike,2021-03-08 08:08:24,2021-03-08 08:24:42,Clinton St & Joralemon St,4605,Grand St & Greene St,5500,40.692395,-73.993379,40.72170005235607,-74.00238141417502,member
249021,53E99460438E3CFD,docked_bike,2021-03-22 08:18:52,2021-03-22 08:35:47,Clinton St & Joralemon St,4605,Grand St & Greene St,5500,40.692395,-73.993379,40.72170005235607,-74.00238141417502,member
249911,F88B693CA35C6785,docked_bike,2021-03-08 17:53:25,2021-03-08 18:08:04,Clinton St & Joralemon St,4605,St Johns Pl & Washington Ave,4001,40.692395,-73.993379,40.6737236,-73.9631611,member
251346,786121795D0F95D3,docked_bike,2021-03-27 21:33:26,2021-03-27 21:35:58,Clinton St & Joralemon St,4605,Clinton St & Tillary St,4748,40.692395,-73.993379,40.69623297129316,-73.99142056703568,member
251347,BE865A907F141D75,docked_bike,2021-03-20 18:21:40,2021-03-20 18:46:48,Clinton St & Joralemon St,4605,Cedar St & Evergreen Ave,4721,40.692395,-73.993379,40.69671,-73.92807,member
251349,15E766BD2616BC9C,docked_bike,2021-03-16 17:40:31,2021-03-16 17:43:17,Clinton St & Joralemon St,4605,Clinton St & Tillary St,4748,40.692395,-73.993379,40.69623297129316,-73.99142056703568,member
251365,B3161FBEF40AEF87,docked_bike,2021-03-24 12:22:33,2021-03-24 12:24:39,Clinton St & Joralemon St,4605,Clinton St & Tillary St,4748,40.692395,-73.993379,40.69623297129316,-73.99142056703568,member
251371,7330DAF73C160C6A,docked_bike,2021-03-21 11:35:38,2021-03-21 11:38:09,Clinton St & Joralemon St,4605,Clinton St & Tillary St,4748,40.692395,-73.993379,40.69623297129316,-73.99142056703568,member
251373,6E92B0FFBA0CB616,docked_bike,2021-03-19 10:53:51,2021-03-19 10:56:50,Clinton St & Joralemon St,4605,Clinton St & Tillary St,4748,40.692395,-73.993379,40.69623297129316,-73.99142056703568,member
251374,FACF46EB4C7A7ED8,docked_bike,2021-03-04 17:05:30,2021-03-04 17:08:44,Clinton St & Joralemon St,4605,Clinton St & Tillary St,4748,40.692395,-73.993379,40.69623297129316,-73.99142056703568,member
251376,9A8923CBB95AA01A,docked_bike,2021-03-31 15:26:45,2021-03-31 15:28:42,Clinton St & Joralemon St,4605,Clinton St & Tillary St,4748,40.692395,-73.993379,40.69623297129316,-73.99142056703568,member
251378,C522884CDD413D32,docked_bike,2021-03-19 23:11:38,2021-03-19 23:13:19,Clinton St & Joralemon St,4605,Clinton St & Tillary St,4748,40.692395,-73.993379,40.69623297129316,-73.99142056703568,member
251379,165486AD01AB718B,docked_bike,2021-03-04 08:38:41,2021-03-04 08:41:15,Clinton St & Joralemon St,4605,Clinton St & Tillary St,4748,40.692395,-73.993379,40.696233,-73.991421,member
251380,44D76CD77676DCAE,docked_bike,2021-03-02 17:26:24,2021-03-02 17:28:23,Clinton St & Joralemon St,4605,Clinton St & Tillary St,4748,40.692395,-73.993379,40.69623297129316,-73.99142056703568,member
252664,93737B7159BAA64D,docked_bike,2021-03-24 09:05:36,2021-03-24 09:08:51,Clinton St & Joralemon St,4605,Clinton St & Tillary St,4748,40.692395,-73.993379,40.69623297129316,-73.99142056703568,member
252665,D27C36B884B5BD5B,docked_bike,2021-03-11 09:34:11,2021-03-11 09:36:22,Clinton St & Joralemon St,4605,Clinton St & Tillary St,4748,40.692395,-73.993379,40.69623297129316,-73.99142056703568,member
252666,A6FFC127F07CF2A5,docked_bike,2021-03-22 14:48:56,2021-03-22 14:51:43,Clinton St & Joralemon St,4605,Clinton St & Tillary St,4748,40.692395,-73.993379,40.696233,-73.991421,member
252693,0361C37A1532F819,docked_bike,2021-03-30 17:38:28,2021-03-30 17:41:20,Clinton St & Joralemon St,4605,Clinton St & Tillary St,4748,40.692395,-73.993379,40.69623297129316,-73.99142056703568,member
252794,4156D3FA0D4F588A,docked_bike,2021-03-10 07:53:04,2021-03-10 07:55:31,Clinton St & Joralemon St,4605,Clinton St & Tillary St,4748,40.692395,-73.993379,40.69623297129316,-73.99142056703568,member
255141,071494DC712C658E,docked_bike,2021-03-04 14:08:21,2021-03-04 14:30:19,Clinton St & Joralemon St,4605,Clinton St & Tillary St,4748,40.692395,-73.993379,40.696233,-73.991421,member
255201,9D95167DC7F40231,docked_bike,2021-03-15 12:41:35,2021-03-15 12:45:07,Clinton St & Joralemon St,4605,Clinton St & Tillary St,4748,40.692395,-73.993379,40.69623297129316,-73.99142056703568,member
255202,55CA0909D3A0DB10,docked_bike,2021-03-11 09:36:14,2021-03-11 09:44:01,Clinton St & Joralemon St,4605,Clinton St & Tillary St,4748,40.692395,-73.993379,40.69623297129316,-73.99142056703568,member
255206,7183E7BB4ABA2614,docked_bike,2021-03-13 08:07:35,2021-03-13 08:09:33,Clinton St & Joralemon St,4605,Clinton St & Tillary St,4748,40.692395,-73.993379,40.69623297129316,-73.99142056703568,member
255207,C091DBF39D9F79B3,docked_bike,2021-03-06 08:01:41,2021-03-06 08:03:30,Clinton St & Joralemon St,4605,Clinton St & Tillary St,4748,40.692395,-73.993379,40.69623297129316,-73.99142056703568,member
258902,0D2EBB9D96C2AAFF,docked_bike,2021-03-30 16:02:27,2021-03-30 16:21:17,Clinton St & Joralemon St,4605,Market St & Henry St,5270,40.692395,-73.993379,40.71310702305908,-73.99446353316307,member
264745,A9EDA4DCFA55AE41,docked_bike,2021-03-10 14:05:14,2021-03-10 14:29:13,Clinton St & Joralemon St,4605,Putnam Ave & Throop Ave,4392,40.692395,-73.993379,40.6851532,-73.94111,casual
265664,8FE3377D1C283467,docked_bike,2021-03-10 09:32:48,2021-03-10 10:03:15,Clinton St & Joralemon St,4605,E 33 St & 5 Ave,6322,40.692395,-73.993379,40.74765947,-73.98490707,member
265667,D99242EED52803EC,docked_bike,2021-03-04 13:23:07,2021-03-04 13:56:07,Clinton St & Joralemon St,4605,E 33 St & 5 Ave,6322,40.692395,-73.993379,40.74765947,-73.98490707,member
268398,FA07B01BB54254B2,docked_bike,2021-03-03 08:23:36,2021-03-03 08:54:38,Clinton St & Joralemon St,4605,E 33 St & 5 Ave,6322,40.692395,-73.993379,40.74765947,-73.98490707,member
271614,841B699E779E41DD,docked_bike,2021-03-23 14:39:39,2021-03-23 15:34:51,Clinton St & Joralemon St,4605,28 St & 36 Ave,6614,40.692395,-73.993379,40.757186,-73.932719,member
280193,88F0054EADF43ED2,docked_bike,2021-03-23 18:37:09,2021-03-23 18:43:02,Clinton St & Joralemon St,4605,Lawrence St & Willoughby St,4596,40.692395,-73.993379,40.69236178,-73.98631746,member
281471,4FE673862EF3D96C,docked_bike,2021-03-06 13:27:09,2021-03-06 14:05:22,Clinton St & Joralemon St,4605,Lawrence St & Willoughby St,4596,40.692395,-73.993379,40.69236178,-73.98631746,member
281476,E82E45F298D867D0,docked_bike,2021-03-13 18:23:29,2021-03-13 18:45:51,Clinton St & Joralemon St,4605,Broadway & Madison St,4483,40.692395,-73.993379,40.68822,-73.91966,casual
281561,231961C286315EA7,docked_bike,2021-03-02 18:23:02,2021-03-02 18:27:21,Clinton St & Joralemon St,4605,Lawrence St & Willoughby St,4596,40.692395,-73.993379,40.69236178,-73.98631746,member
286483,979D10144387EF8F,docked_bike,2021-03-12 13:21:03,2021-03-12 13:36:27,Clinton St & Joralemon St,4605,Kent Ave & S 11 St,5062,40.692395,-73.993379,40.707644944175705,-73.96841526031494,casual
286490,1F8A61649A826EB4,docked_bike,2021-03-31 14:47:27,2021-03-31 15:01:38,Clinton St & Joralemon St,4605,Kent Ave & S 11 St,5062,40.692395,-73.993379,40.707644944175705,-73.96841526031494,casual
286521,413F3E220CC0E1CC,docked_bike,2021-03-07 14:27:02,2021-03-07 14:57:58,Clinton St & Joralemon St,4605,Kent Ave & S 11 St,5062,40.692395,-73.993379,40.707645,-73.968415,casual
286685,4155110CB7E9C274,docked_bike,2021-03-14 11:13:49,2021-03-14 11:28:57,Clinton St & Joralemon St,4605,Canal St & Rutgers St,5303,40.692395,-73.993379,40.71427487,-73.98990025,casual
286713,974E9F69D98E1024,docked_bike,2021-03-27 13:18:42,2021-03-27 13:35:05,Clinton St & Joralemon St,4605,Canal St & Rutgers St,5303,40.692395,-73.993379,40.71427487,-73.98990025,member
286714,3A857E0C1E63E173,docked_bike,2021-03-27 13:18:48,2021-03-27 13:35:34,Clinton St & Joralemon St,4605,Canal St & Rutgers St,5303,40.692395,-73.993379,40.714275,-73.9899,member
286810,1586696DFF153A44,docked_bike,2021-03-23 18:24:18,2021-03-23 18:44:37,Clinton St & Joralemon St,4605,Kent Ave & S 11 St,5062,40.692395,-73.993379,40.707644944175705,-73.96841526031494,member
295474,14759A7919A6B739,docked_bike,2021-03-14 14:40:24,2021-03-14 14:57:30,Clinton St & Joralemon St,4605,Wyckoff St & Nevins St,4290,40.692395,-73.993379,40.683426,-73.984275,casual
295508,16542685DE34F93B,docked_bike,2021-03-17 14:28:32,2021-03-17 14:40:18,Clinton St & Joralemon St,4605,Douglass St & 4 Ave,4175,40.692395,-73.993379,40.6792788,-73.98154004,member
295534,E696D75DD81F1DB7,docked_bike,2021-03-22 10:40:13,2021-03-22 10:51:34,Clinton St & Joralemon St,4605,Douglass St & 4 Ave,4175,40.692395,-73.993379,40.6792788,-73.98154004,member
295542,038DEFFEFBE88BB0,docked_bike,2021-03-29 21:56:23,2021-03-29 22:02:11,Clinton St & Joralemon St,4605,Wyckoff St & Nevins St,4290,40.692395,-73.993379,40.683426,-73.984275,casual
295594,5AA17975E4140F9D,docked_bike,2021-03-12 12:55:12,2021-03-12 13:19:52,Clinton St & Joralemon St,4605,Dwight St & Van Dyke St,3981,40.692395,-73.993379,40.67363551341504,-74.01195555925369,member
295624,E25EDFAC56BD08C9,docked_bike,2021-03-17 17:18:00,2021-03-17 17:25:12,Clinton St & Joralemon St,4605,Wyckoff St & Nevins St,4290,40.692395,-73.993379,40.683426,-73.984275,member
295629,BE2169D92D33FBE7,docked_bike,2021-03-29 16:08:59,2021-03-29 16:18:56,Clinton St & Joralemon St,4605,Douglass St & 4 Ave,4175,40.692395,-73.993379,40.6792788,-73.98154004,member
295653,5CBD1E782F58EEBE,docked_bike,2021-03-18 10:56:16,2021-03-18 11:08:12,Clinton St & Joralemon St,4605,Douglass St & 4 Ave,4175,40.692395,-73.993379,40.6792788,-73.98154004,member
295732,2BC981D0B5AAF3CB,docked_bike,2021-03-28 08:03:05,2021-03-28 08:29:06,Clinton St & Joralemon St,4605,Dwight St & Van Dyke St,3981,40.692395,-73.993379,40.67363551341504,-74.01195555925369,casual
295954,E455E710442844B6,docked_bike,2021-03-11 22:35:11,2021-03-11 22:55:42,Clinton St & Joralemon St,4605,Barrow St & Hudson St,5805,40.692395,-73.993379,40.73172428,-74.00674436,casual
295961,5014EE7B6886C59B,docked_bike,2021-03-12 15:37:36,2021-03-12 16:15:29,Clinton St & Joralemon St,4605,W 52 St & 6 Ave,6740,40.692395,-73.993379,40.76132983124814,-73.97982001304626,member
296373,E97026232CF2603D,docked_bike,2021-03-14 14:38:04,2021-03-14 14:57:33,Clinton St & Joralemon St,4605,Wyckoff St & Nevins St,4290,40.692395,-73.993379,40.683426,-73.984275,casual
296391,50E02325E31AB1C9,docked_bike,2021-03-03 17:23:08,2021-03-03 17:36:38,Clinton St & Joralemon St,4605,Douglass St & 4 Ave,4175,40.692395,-73.993379,40.6792788,-73.98154004,member
301536,7058A8D582F54E8A,docked_bike,2021-03-12 12:54:11,2021-03-12 13:20:10,Clinton St & Joralemon St,4605,Dwight St & Van Dyke St,3981,40.692395,-73.993379,40.67363551341504,-74.01195555925369,member
305874,FC6E43A9103BC6CE,docked_bike,2021-03-27 22:33:18,2021-03-27 22:40:14,Clinton St & Joralemon St,4605,Atlantic Ave & Furman St,4614,40.692395,-73.993379,40.691652,-73.999979,member
305901,B3F3431F6A7BE7AA,docked_bike,2021-03-23 13:17:29,2021-03-23 13:27:44,Clinton St & Joralemon St,4605,Atlantic Ave & Furman St,4614,40.692395,-73.993379,40.69165183,-73.9999786,member
305919,4C49549350EA9F58,docked_bike,2021-03-14 19:37:20,2021-03-14 19:58:37,Clinton St & Joralemon St,4605,Atlantic Ave & Furman St,4614,40.692395,-73.993379,40.69165183,-73.9999786,member
305941,56264118DBC42FCE,docked_bike,2021-03-09 17:37:38,2021-03-09 17:41:26,Clinton St & Joralemon St,4605,Atlantic Ave & Furman St,4614,40.692395,-73.993379,40.69165183,-73.9999786,member
305967,465B73012332A4D2,docked_bike,2021-03-26 19:45:00,2021-03-26 20:09:41,Clinton St & Joralemon St,4605,Atlantic Ave & Furman St,4614,40.692395,-73.993379,40.69165183,-73.9999786,casual
306299,F489C4528243F411,docked_bike,2021-03-10 15:11:22,2021-03-10 15:14:47,Clinton St & Joralemon St,4605,Atlantic Ave & Furman St,4614,40.692395,-73.993379,40.691652,-73.999979,member
306300,14ECA9E221919DAB,docked_bike,2021-03-23 20:02:58,2021-03-23 20:24:07,Clinton St & Joralemon St,4605,Atlantic Ave & Furman St,4614,40.692395,-73.993379,40.69165183,-73.9999786,member
306302,92F200DE4406C3DC,docked_bike,2021-03-21 11:40:07,2021-03-21 11:45:06,Clinton St & Joralemon St,4605,Atlantic Ave & Furman St,4614,40.692395,-73.993379,40.69165183,-73.9999786,member
306304,0E3B233CCB944B80,docked_bike,2021-03-01 08:08:50,2021-03-01 08:12:04,Clinton St & Joralemon St,4605,Atlantic Ave & Furman St,4614,40.692395,-73.993379,40.69165183,-73.9999786,member
306336,6AF0804179AC0D0E,docked_bike,2021-03-02 17:02:14,2021-03-02 17:05:50,Clinton St & Joralemon St,4605,Atlantic Ave & Furman St,4614,40.692395,-73.993379,40.69165183,-73.9999786,member
313563,BA88B85A1E71E016,docked_bike,2021-03-30 17:14:38,2021-03-30 17:21:47,Clinton St & Joralemon St,4605,Atlantic Ave & Furman St,4614,40.692395,-73.993379,40.69165183,-73.9999786,member
313571,0CA549FC39FEF3DE,docked_bike,2021-03-22 15:18:53,2021-03-22 15:22:50,Clinton St & Joralemon St,4605,Atlantic Ave & Furman St,4614,40.692395,-73.993379,40.69165183,-73.9999786,casual
313579,ED2921BBE5E2069B,docked_bike,2021-03-27 12:38:51,2021-03-27 13:24:41,Clinton St & Joralemon St,4605,Caton Ave & E 7 St,3199,40.692395,-73.993379,40.647718,-73.973663,member
315535,447931EFAE01C133,docked_bike,2021-03-09 10:56:18,2021-03-09 11:11:31,Clinton St & Joralemon St,4605,Clinton St & Union St,4266,40.692395,-73.993379,40.683116,-73.997853,member
315551,3CFEA0BA00092356,docked_bike,2021-03-31 20:42:15,2021-03-31 20:48:12,Clinton St & Joralemon St,4605,Clinton St & Union St,4266,40.692395,-73.993379,40.6831164,-73.99785267,member
315602,619DE56ED176C866,docked_bike,2021-03-21 19:29:50,2021-03-21 19:34:27,Clinton St & Joralemon St,4605,Clinton St & Union St,4266,40.692395,-73.993379,40.6831164,-73.99785267,member
315607,318F1C1E74F93716,docked_bike,2021-03-26 18:21:05,2021-03-26 19:01:27,Clinton St & Joralemon St,4605,1 Ave & E 62 St,6753,40.692395,-73.993379,40.7612274,-73.96094022,member
315610,A1D84464C4367BD1,docked_bike,2021-03-23 14:42:52,2021-03-23 14:48:27,Clinton St & Joralemon St,4605,Clinton St & Union St,4266,40.692395,-73.993379,40.6831164,-73.99785267,casual
315637,55FD7EAC17B7B129,docked_bike,2021-03-09 09:00:05,2021-03-09 09:08:32,Clinton St & Joralemon St,4605,Clinton St & Union St,4266,40.692395,-73.993379,40.6831164,-73.99785267,member
315954,3CFA0D5DDBCA4A51,docked_bike,2021-03-23 14:42:24,2021-03-23 14:49:09,Clinton St & Joralemon St,4605,Clinton St & Union St,4266,40.692395,-73.993379,40.6831164,-73.99785267,casual
315957,9F86E2CEA9DA38A3,docked_bike,2021-03-12 08:27:13,2021-03-12 08:50:02,Clinton St & Joralemon St,4605,Sterling Pl & Bedford Ave,3993,40.692395,-73.993379,40.672695,-73.954131,member
315968,469360EA920D54B2,docked_bike,2021-03-10 17:41:52,2021-03-10 18:21:45,Clinton St & Joralemon St,4605,1 Ave & E 62 St,6753,40.692395,-73.993379,40.7612274,-73.96094022,member
320302,CB959DBFC5192C2B,docked_bike,2021-03-31 08:35:01,2021-03-31 08:49:40,Clinton St & Joralemon St,4605,Water - Whitehall Plaza,4962,40.692395,-73.993379,40.70255065,-74.0127234,casual
320322,6118D3AD6ABB25B8,docked_bike,2021-03-15 08:49:11,2021-03-15 08:55:34,Clinton St & Joralemon St,4605,Clinton St & Union St,4266,40.692395,-73.993379,40.683116,-73.997853,member
320360,15538085B9CC0C3A,docked_bike,2021-03-02 18:34:53,2021-03-02 19:11:06,Clinton St & Joralemon St,4605,1 Ave & E 62 St,6753,40.692395,-73.993379,40.7612274,-73.96094022,member
330379,C1E7DA47C40B64D5,docked_bike,2021-03-09 15:44:15,2021-03-09 16:15:23,Clinton St & Joralemon St,4605,W 44 St & 5 Ave,6551,40.692395,-73.993379,40.75500254,-73.98014437,member
336352,2B38138819AABCA3,docked_bike,2021-03-09 09:06:16,2021-03-09 09:23:09,Clinton St & Joralemon St,4605,E 2 St & Avenue B,5515,40.692395,-73.993379,40.72217444,-73.98368779,member
344631,A539B88BBEB079BB,docked_bike,2021-03-19 09:37:25,2021-03-19 09:45:45,Clinton St & Joralemon St,4605,Commerce St & Van Brunt St,4243,40.692395,-73.993379,40.681212,-74.008609,member
347306,170DCDAF7D619F4E,docked_bike,2021-03-30 16:56:01,2021-03-30 17:23:56,Clinton St & Joralemon St,4605,Bond St & Bergen St,4404,40.692395,-73.993379,40.6849668,-73.98620772,member
347311,64D94788DF34B5DE,docked_bike,2021-03-26 09:32:57,2021-03-26 09:42:22,Clinton St & Joralemon St,4605,Commerce St & Van Brunt St,4243,40.692395,-73.993379,40.681212,-74.008609,member
353673,B2D50106567FF49A,docked_bike,2021-03-30 18:11:52,2021-03-30 18:21:58,Clinton St & Joralemon St,4605,Commerce St & Van Brunt St,4243,40.692395,-73.993379,40.6812117,-74.00860912,member
353674,92D143DAC74D0911,docked_bike,2021-03-11 19:31:07,2021-03-11 19:38:41,Clinton St & Joralemon St,4605,Commerce St & Van Brunt St,4243,40.692395,-73.993379,40.6812117,-74.00860912,member
353675,423082D95B19125F,docked_bike,2021-03-09 10:58:04,2021-03-09 11:05:22,Clinton St & Joralemon St,4605,Commerce St & Van Brunt St,4243,40.692395,-73.993379,40.6812117,-74.00860912,member
353676,9DA9AAB7F40D8214,docked_bike,2021-03-04 13:04:19,2021-03-04 13:19:26,Clinton St & Joralemon St,4605,Bond St & Bergen St,4404,40.692395,-73.993379,40.6849668,-73.98620772,member
353766,06A37745B6FBE3E1,docked_bike,2021-03-12 18:39:54,2021-03-12 19:05:33,Clinton St & Joralemon St,4605,Perry St & Bleecker St,5922,40.692395,-73.993379,40.73535398,-74.00483091,member
353957,EFADB69AD28BC37B,docked_bike,2021-03-30 16:55:30,2021-03-30 17:23:52,Clinton St & Joralemon St,4605,Bond St & Bergen St,4404,40.692395,-73.993379,40.6849668,-73.98620772,member
354121,56B8A2DA1FB43302,docked_bike,2021-03-01 18:40:56,2021-03-01 19:08:49,Clinton St & Joralemon St,4605,Kingston Ave & Herkimer St,4205,40.692395,-73.993379,40.67890679,-73.94142771,member
354127,1BA0D5683F9F5ACB,docked_bike,2021-03-23 12:48:59,2021-03-23 13:15:39,Clinton St & Joralemon St,4605,South St & Gouverneur Ln,4953,40.692395,-73.993379,40.70355377,-74.00670227,member
354128,40A5A0C27497D193,docked_bike,2021-03-01 16:38:36,2021-03-01 16:45:21,Clinton St & Joralemon St,4605,Bond St & Bergen St,4404,40.692395,-73.993379,40.6849668,-73.98620772,member
356480,776CA901037F5CBA,docked_bike,2021-03-05 18:44:36,2021-03-05 18:49:44,Clinton St & Joralemon St,4605,Bond St & Bergen St,4404,40.692395,-73.993379,40.6849668,-73.98620772,member
356510,641CD1495295AE61,docked_bike,2021-03-19 18:23:43,2021-03-19 18:28:46,Clinton St & Joralemon St,4605,Bond St & Bergen St,4404,40.692395,-73.993379,40.6849668,-73.98620772,member
357653,8F8B1CC7DD042876,docked_bike,2021-03-22 18:13:35,2021-03-22 18:23:05,Clinton St & Joralemon St,4605,Commerce St & Van Brunt St,4243,40.692395,-73.993379,40.6812117,-74.00860912,member
357665,2B90CB27AA8279F5,docked_bike,2021-03-08 07:53:31,2021-03-08 08:18:53,Clinton St & Joralemon St,4605,1 Ave & E 44 St,6379,40.692395,-73.993379,40.75001986,-73.96905301,member
357876,DC91C25F26D22AF6,docked_bike,2021-03-12 19:21:18,2021-03-12 19:30:03,Clinton St & Joralemon St,4605,Commerce St & Van Brunt St,4243,40.692395,-73.993379,40.6812117,-74.00860912,member
357884,B223E6A3C55E732D,docked_bike,2021-03-26 18:25:24,2021-03-26 18:30:48,Clinton St & Joralemon St,4605,Bond St & Bergen St,4404,40.692395,-73.993379,40.6849668,-73.98620772,member
366106,BC7C559B11D3B3BB,docked_bike,2021-03-01 18:10:28,2021-03-01 18:29:44,Clinton St & Joralemon St,4605,Willoughby Ave & Tompkins Ave,4665,40.692395,-73.993379,40.69425403,-73.94626915,member
366126,9148139E6859343D,docked_bike,2021-03-08 08:01:24,2021-03-08 08:14:52,Clinton St & Joralemon St,4605,Cadman Plaza E & Tillary St,4677,40.692395,-73.993379,40.695977,-73.990149,member
366127,4F3B37563CCEF816,docked_bike,2021-03-27 12:18:55,2021-03-27 12:21:17,Clinton St & Joralemon St,4605,Cadman Plaza E & Tillary St,4677,40.692395,-73.993379,40.69597683,-73.99014892,member
366132,1326800A37508BED,docked_bike,2021-03-12 08:39:07,2021-03-12 08:43:54,Clinton St & Joralemon St,4605,Cadman Plaza E & Tillary St,4677,40.692395,-73.993379,40.69597683,-73.99014892,member
366137,C37B6635949DDB59,docked_bike,2021-03-14 16:51:17,2021-03-14 16:56:14,Clinton St & Joralemon St,4605,Cadman Plaza E & Tillary St,4677,40.692395,-73.993379,40.69597683,-73.99014892,member
367881,49B261DD80AFC3B4,docked_bike,2021-03-07 15:24:30,2021-03-07 15:28:39,Clinton St & Joralemon St,4605,Cadman Plaza E & Tillary St,4677,40.692395,-73.993379,40.69597683,-73.99014892,member
367893,095EBF3B40EC1D85,docked_bike,2021-03-27 15:45:41,2021-03-27 15:47:36,Clinton St & Joralemon St,4605,Cadman Plaza E & Tillary St,4677,40.692395,-73.993379,40.69597683,-73.99014892,member
367907,FA8EBB23EB42C261,docked_bike,2021-03-21 09:44:03,2021-03-21 09:47:51,Clinton St & Joralemon St,4605,Cadman Plaza E & Tillary St,4677,40.692395,-73.993379,40.69597683,-73.99014892,member
367911,7FA77BB681ECF135,docked_bike,2021-03-13 17:12:01,2021-03-13 17:17:36,Clinton St & Joralemon St,4605,Cadman Plaza E & Tillary St,4677,40.692395,-73.993379,40.69597683,-73.99014892,casual
367927,CF059D61FB907583,docked_bike,2021-03-02 13:02:33,2021-03-02 13:05:32,Clinton St & Joralemon St,4605,Cadman Plaza E & Tillary St,4677,40.692395,-73.993379,40.69597683,-73.99014892,member
367928,B1E643606E68C38E,docked_bike,2021-03-31 11:05:29,2021-03-31 11:08:52,Clinton St & Joralemon St,4605,Cadman Plaza E & Tillary St,4677,40.692395,-73.993379,40.69597683,-73.99014892,member
370711,3FAECB626AB24907,docked_bike,2021-03-03 13:09:08,2021-03-03 13:11:58,Clinton St & Joralemon St,4605,Cadman Plaza E & Tillary St,4677,40.692395,-73.993379,40.69597683,-73.99014892,member
371152,5092DC94B96C08A5,docked_bike,2021-03-31 11:27:06,2021-03-31 11:33:01,Clinton St & Joralemon St,4605,Cadman Plaza E & Tillary St,4677,40.692395,-73.993379,40.69597683,-73.99014892,member
371160,67A3537524190A41,docked_bike,2021-03-16 17:55:52,2021-03-16 17:59:57,Clinton St & Joralemon St,4605,Cadman Plaza E & Tillary St,4677,40.692395,-73.993379,40.69597683,-73.99014892,member
380229,8597708EAB869D00,docked_bike,2021-03-03 12:25:41,2021-03-03 12:36:07,Clinton St & Joralemon St,4605,Carlton Ave & Dean St,4199,40.692395,-73.993379,40.680974,-73.97101,member
380257,5429EF3B669B6965,docked_bike,2021-03-23 18:04:45,2021-03-23 18:14:41,Clinton St & Joralemon St,4605,Carlton Ave & Dean St,4199,40.692395,-73.993379,40.6809741,-73.9710097,member
380928,6778FD48639FB6D2,docked_bike,2021-03-16 14:43:14,2021-03-16 14:59:55,Clinton St & Joralemon St,4605,Carlton Ave & Dean St,4199,40.692395,-73.993379,40.6809741,-73.9710097,member
381045,DFB630DFC6272AA2,docked_bike,2021-03-23 16:38:08,2021-03-23 16:57:12,Clinton St & Joralemon St,4605,Underhill Ave & Lincoln Pl,4042,40.692395,-73.993379,40.6740123,-73.9671457,member
386331,25D593D1110DA3CC,docked_bike,2021-03-03 18:31:47,2021-03-03 18:37:21,Clinton St & Joralemon St,4605,Degraw St & Hoyt St,4258,40.692395,-73.993379,40.68199044270703,-73.99079024791718,member
386334,021959032E5F4CAA,docked_bike,2021-03-29 08:16:44,2021-03-29 08:25:40,Clinton St & Joralemon St,4605,Degraw St & Hoyt St,4258,40.692395,-73.993379,40.68199044270703,-73.99079024791718,casual
386355,4370842A1C0A8AC7,docked_bike,2021-03-21 12:02:23,2021-03-21 12:16:02,Clinton St & Joralemon St,4605,Degraw St & Hoyt St,4258,40.692395,-73.993379,40.68199,-73.99079,member
386372,B4A8DB8B0AF2976E,docked_bike,2021-03-09 13:37:48,2021-03-09 13:44:55,Clinton St & Joralemon St,4605,Degraw St & Hoyt St,4258,40.692395,-73.993379,40.68199044270703,-73.99079024791718,member
391414,21CC2E751E05D970,docked_bike,2021-03-22 18:19:38,2021-03-22 18:48:25,Clinton St & Joralemon St,4605,1 Ave & E 5 St,5626,40.692395,-73.993379,40.725864,-73.986389,casual
391417,8BDE2E00B78680A0,docked_bike,2021-03-16 13:41:02,2021-03-16 13:50:17,Clinton St & Joralemon St,4605,Degraw St & Hoyt St,4258,40.692395,-73.993379,40.68199044270703,-73.99079024791718,member
391419,B4B0C8582646AB98,docked_bike,2021-03-23 09:41:40,2021-03-23 09:48:39,Clinton St & Joralemon St,4605,Degraw St & Hoyt St,4258,40.692395,-73.993379,40.68199044270703,-73.99079024791718,member
397048,36FC2A15697FDD56,docked_bike,2021-03-17 09:39:20,2021-03-17 09:47:41,Clinton St & Joralemon St,4605,Lafayette Ave & Fort Greene Pl,4395,40.692395,-73.993379,40.686919,-73.976682,member
397053,AEBC5615A49BD377,docked_bike,2021-03-11 17:58:36,2021-03-11 18:06:43,Clinton St & Joralemon St,4605,Lafayette Ave & Fort Greene Pl,4395,40.692395,-73.993379,40.686919,-73.976682,member
397058,65D3583676F3FD2D,docked_bike,2021-03-07 07:05:17,2021-03-07 07:31:13,Clinton St & Joralemon St,4605,N 12 St & Bedford Ave,5450,40.692395,-73.993379,40.72079821,-73.95484712,member
397061,D785B793D481E1E5,docked_bike,2021-03-30 17:42:01,2021-03-30 18:16:25,Clinton St & Joralemon St,4605,Lafayette Ave & Fort Greene Pl,4395,40.692395,-73.993379,40.68691865,-73.976682,member
397078,B05C181FAABDAAAF,docked_bike,2021-03-11 18:55:07,2021-03-11 19:00:43,Clinton St & Joralemon St,4605,Lafayette Ave & Fort Greene Pl,4395,40.692395,-73.993379,40.68691865,-73.976682,member
399939,A860FC4E61AE1F40,docked_bike,2021-03-20 12:42:25,2021-03-20 13:14:41,Clinton St & Joralemon St,4605,N 12 St & Bedford Ave,5450,40.692395,-73.993379,40.72079821,-73.95484712,member
417549,2B5C7ECB4AF1E0E8,docked_bike,2021-03-16 08:59:48,2021-03-16 09:12:35,Clinton St & Joralemon St,4605,St James Pl & Oliver St,5238,40.692395,-73.993379,40.71307916,-73.99851193,member
422688,8F7BC9001672CD5A,docked_bike,2021-03-17 08:23:40,2021-03-17 08:38:26,Clinton St & Joralemon St,4605,St James Pl & Oliver St,5238,40.692395,-73.993379,40.71307916,-73.99851193,member
427213,09C22598F98616EF,docked_bike,2021-03-11 09:05:55,2021-03-11 10:29:07,Clinton St & Joralemon St,4605,Driggs Ave & N 9 St,5411,40.692395,-73.993379,40.71816969454208,-73.95520135760307,member
427226,3295941C16404B61,docked_bike,2021-03-10 10:01:02,2021-03-10 10:19:51,Clinton St & Joralemon St,4605,E 13 St & 2 Ave,5820,40.692395,-73.993379,40.73153937464073,-73.9853024482727,member
429911,528205C73655745D,docked_bike,2021-03-11 19:23:07,2021-03-11 19:53:30,Clinton St & Joralemon St,4605,Driggs Ave & N 9 St,5411,40.692395,-73.993379,40.71816969454208,-73.95520135760307,member
442204,3C6EA2BE39146F1F,docked_bike,2021-03-25 20:16:07,2021-03-25 20:43:33,Clinton St & Joralemon St,4605,Putnam Ave & Knickerbocker Ave,4663,40.692395,-73.993379,40.69545,-73.91164,member
442247,D6D61CD340972531,docked_bike,2021-03-27 12:37:54,2021-03-27 13:03:01,Clinton St & Joralemon St,4605,E 6 St & Avenue B,5584,40.692395,-73.993379,40.724537,-73.981854,member
442271,7CD40F5B496CE871,docked_bike,2021-03-27 12:37:34,2021-03-27 13:02:54,Clinton St & Joralemon St,4605,E 6 St & Avenue B,5584,40.692395,-73.993379,40.72453734,-73.98185424,member
442436,9C166C06F587C1FD,docked_bike,2021-03-30 08:21:09,2021-03-30 08:47:01,Clinton St & Joralemon St,4605,Clinton St & Grand St,5303,40.692395,-73.993379,40.71559509,-73.9870295,member
442460,CBD48003A368DCED,docked_bike,2021-03-27 11:04:28,2021-03-27 11:34:34,Clinton St & Joralemon St,4605,W 46 St & 11 Ave,6795,40.692395,-73.993379,40.76341379,-73.99667444,member
443324,6505F6BE8C97AB0A,docked_bike,2021-03-04 07:33:55,2021-03-04 07:49:12,Clinton St & Joralemon St,4605,Old Slip & South St,4993,40.692395,-73.993379,40.70336686695866,-74.007867872715,member
461701,45039141E8A6474F,docked_bike,2021-03-18 09:22:55,2021-03-18 09:39:07,Clinton St & Joralemon St,4605,Harrison St & Hudson St,5400,40.692395,-73.993379,40.71870987,-74.0090009,member
465228,F59E86C108007928,docked_bike,2021-03-17 10:33:30,2021-03-17 10:44:14,Clinton St & Joralemon St,4605,7 St & 5 Ave,3914,40.692395,-73.993379,40.6704922,-73.98541675,member
468747,582AF90646DACF79,docked_bike,2021-03-20 15:28:05,2021-03-20 15:49:17,Clinton St & Joralemon St,4605,Forsyth St\t& Grand St,5382,40.692395,-73.993379,40.71779817737835,-73.99316132068634,casual
468748,C3C1E0A3CA93AA1E,docked_bike,2021-03-31 18:08:21,2021-03-31 18:35:38,Clinton St & Joralemon St,4605,Front St & Washington St,4936,40.692395,-73.993379,40.70255088,-73.98940236,member
468751,49B30A12FCB41C4A,docked_bike,2021-03-11 17:13:27,2021-03-11 17:25:27,Clinton St & Joralemon St,4605,Front St & Washington St,4936,40.692395,-73.993379,40.70255088,-73.98940236,member
468781,44B6E242521D558C,docked_bike,2021-03-05 06:26:42,2021-03-05 06:32:22,Clinton St & Joralemon St,4605,Front St & Washington St,4936,40.692395,-73.993379,40.70255088,-73.98940236,member
468786,EC7DB2DDF75B8476,docked_bike,2021-03-10 15:03:25,2021-03-10 15:09:37,Clinton St & Joralemon St,4605,Front St & Washington St,4936,40.692395,-73.993379,40.702551,-73.989402,member
468912,3D230E0801C0B48D,docked_bike,2021-03-03 06:30:04,2021-03-03 06:35:38,Clinton St & Joralemon St,4605,Front St & Washington St,4936,40.692395,-73.993379,40.70255088,-73.98940236,member
468955,DE76FCEBE6891F2A,docked_bike,2021-03-11 09:10:19,2021-03-11 09:19:21,Clinton St & Joralemon St,4605,Front St & Washington St,4936,40.692395,-73.993379,40.702551,-73.989402,member
468958,5DDE7B0C67E5ECED,docked_bike,2021-03-20 16:11:38,2021-03-20 16:57:55,Clinton St & Joralemon St,4605,Front St & Washington St,4936,40.692395,-73.993379,40.70255088,-73.98940236,casual
468959,F9B74BC2C8F8F379,docked_bike,2021-03-24 23:59:10,2021-03-25 00:05:46,Clinton St & Joralemon St,4605,Front St & Washington St,4936,40.692395,-73.993379,40.70255088,-73.98940236,member
471445,BF17286B2994F6CB,docked_bike,2021-03-03 16:29:23,2021-03-03 16:41:26,Clinton St & Joralemon St,4605,7 St & 5 Ave,3914,40.692395,-73.993379,40.6704922,-73.98541675,member
471450,0C9441A84ECC7EE2,docked_bike,2021-03-14 18:08:04,2021-03-14 18:15:40,Clinton St & Joralemon St,4605,Front St & Washington St,4936,40.692395,-73.993379,40.70255088,-73.98940236,member
471454,1FDABDF7E3E41600,docked_bike,2021-03-07 09:20:25,2021-03-07 09:27:08,Clinton St & Joralemon St,4605,Front St & Washington St,4936,40.692395,-73.993379,40.702551,-73.989402,member
471480,F0EA720499E999F4,docked_bike,2021-03-04 06:59:30,2021-03-04 07:05:56,Clinton St & Joralemon St,4605,Front St & Washington St,4936,40.692395,-73.993379,40.702551,-73.989402,member
471481,113974B06849CF36,docked_bike,2021-03-18 06:48:26,2021-03-18 06:53:10,Clinton St & Joralemon St,4605,Front St & Washington St,4936,40.692395,-73.993379,40.70255088,-73.98940236,member
471482,CDC4B39A53A3DED1,docked_bike,2021-03-01 06:20:08,2021-03-01 06:25:04,Clinton St & Joralemon St,4605,Front St & Washington St,4936,40.692395,-73.993379,40.70255088,-73.98940236,member
471529,6993BB61BEE697FD,docked_bike,2021-03-08 15:35:16,2021-03-08 15:48:33,Clinton St & Joralemon St,4605,7 St & 5 Ave,3914,40.692395,-73.993379,40.6704922,-73.98541675,member
471548,CBFBA59CE1F5395A,docked_bike,2021-03-01 07:19:27,2021-03-01 07:25:42,Clinton St & Joralemon St,4605,Front St & Washington St,4936,40.692395,-73.993379,40.702551,-73.989402,member
471549,A962A342340D4AD1,docked_bike,2021-03-19 12:27:57,2021-03-19 12:34:38,Clinton St & Joralemon St,4605,Front St & Washington St,4936,40.692395,-73.993379,40.70255088,-73.98940236,member
471612,72F8AB47F507315C,docked_bike,2021-03-23 07:25:40,2021-03-23 07:32:25,Clinton St & Joralemon St,4605,Front St & Washington St,4936,40.692395,-73.993379,40.702551,-73.989402,member
471617,297FA32AAA7D9604,docked_bike,2021-03-15 15:36:55,2021-03-15 15:47:59,Clinton St & Joralemon St,4605,7 St & 5 Ave,3914,40.692395,-73.993379,40.6704922,-73.98541675,member
472766,DDF19CE32734620C,docked_bike,2021-03-20 16:13:00,2021-03-20 16:58:10,Clinton St & Joralemon St,4605,Front St & Washington St,4936,40.692395,-73.993379,40.70255088,-73.98940236,casual
473031,CD50CDF7BC1C7880,docked_bike,2021-03-08 09:14:41,2021-03-08 09:20:02,Clinton St & Joralemon St,4605,Front St & Washington St,4936,40.692395,-73.993379,40.70255088,-73.98940236,member
475487,9E5371FB3DEA1F01,docked_bike,2021-03-19 13:12:01,2021-03-19 13:25:08,Clinton St & Joralemon St,4605,Emerson Pl & Myrtle Ave,4683,40.692395,-73.993379,40.69363137,-73.96223558,casual
485400,970A15BBD8E076C6,docked_bike,2021-03-13 15:09:14,2021-03-13 15:22:10,Clinton St & Joralemon St,4605,Emerson Pl & Myrtle Ave,4683,40.692395,-73.993379,40.69363137,-73.96223558,member
485511,6D055E50A7721950,docked_bike,2021-03-03 13:02:28,2021-03-03 13:23:16,Clinton St & Joralemon St,4605,E 4 St & 2 Ave,5593,40.692395,-73.993379,40.7262807,-73.98978041,member
488582,BA460E6D755C5750,docked_bike,2021-03-24 08:21:25,2021-03-24 08:57:07,Clinton St & Joralemon St,4605,6 Ave & W 33 St,6364,40.692395,-73.993379,40.74901271,-73.98848395,member
489060,C24459D4A8C5F585,docked_bike,2021-03-13 15:09:33,2021-03-13 15:22:10,Clinton St & Joralemon St,4605,Emerson Pl & Myrtle Ave,4683,40.692395,-73.993379,40.69363137,-73.96223558,member
492254,23F2564DC178FE26,docked_bike,2021-03-27 15:35:44,2021-03-27 16:12:38,Clinton St & Joralemon St,4605,Washington St & Gansevoort St,6039,40.692395,-73.993379,40.739323,-74.008119,member
492278,1E0023286A641995,docked_bike,2021-03-09 08:45:56,2021-03-09 09:05:52,Clinton St & Joralemon St,4605,Washington St & Gansevoort St,6039,40.692395,-73.993379,40.739323,-74.008119,member
492280,B14C19DF43C4FE64,docked_bike,2021-03-18 08:23:42,2021-03-18 08:44:16,Clinton St & Joralemon St,4605,Washington St & Gansevoort St,6039,40.692395,-73.993379,40.739323,-74.008119,member
492592,34FF86BB562FF793,docked_bike,2021-03-04 14:24:02,2021-03-04 14:45:33,Clinton St & Joralemon St,4605,Washington St & Gansevoort St,6039,40.692395,-73.993379,40.739323,-74.008119,casual
503455,8C873DCEF267468F,docked_bike,2021-03-27 21:12:55,2021-03-27 21:40:57,Clinton St & Joralemon St,4605,9 Ave & W 22 St,6266,40.692395,-73.993379,40.7454973,-74.00197139,member
514941,3C55503D64484C2F,docked_bike,2021-03-19 11:24:32,2021-03-19 11:45:37,Clinton St & Joralemon St,4605,University Pl & E 14 St,5905,40.692395,-73.993379,40.734814,-73.992085,member
514962,A95D483517CAF1B3,docked_bike,2021-03-12 15:33:45,2021-03-12 16:21:08,Clinton St & Joralemon St,4605,Willoughby Ave & Myrtle Ave,4759,40.692395,-73.993379,40.69757,-73.93098,member
515262,C393A7A3C70778D9,docked_bike,2021-03-08 15:09:06,2021-03-08 15:34:33,Clinton St & Joralemon St,4605,Lafayette St & E 8 St,5788,40.692395,-73.993379,40.73020660529954,-73.99102628231049,casual
515318,DAC620AD5E3E3104,docked_bike,2021-03-10 15:08:08,2021-03-10 15:27:02,Clinton St & Joralemon St,4605,E 14 St & Avenue B,5736,40.692395,-73.993379,40.729387,-73.977724,member
518552,53F7E2279E3FFD9D,docked_bike,2021-03-14 19:12:04,2021-03-14 19:33:52,Clinton St & Joralemon St,4605,Metropolitan Ave & Meeker Ave,5300,40.692395,-73.993379,40.71413311,-73.95234386,member
522489,69DF42B536A18965,docked_bike,2021-03-11 08:06:22,2021-03-11 08:13:56,Clinton St & Joralemon St,4605,Hoyt St & Warren St,4330,40.692395,-73.993379,40.6843549,-73.98901629,casual
522601,2C227A60530304AE,docked_bike,2021-03-30 09:22:57,2021-03-30 09:33:56,Clinton St & Joralemon St,4605,Murray St & West St,5329,40.692395,-73.993379,40.7149787,-74.013012,member
526022,D31F5E6366542C2D,docked_bike,2021-03-21 10:54:33,2021-03-21 11:27:44,Clinton St & Joralemon St,4605,Hoyt St & Warren St,4330,40.692395,-73.993379,40.6843549,-73.98901629,member
526033,77247DAD974E2E20,docked_bike,2021-03-21 19:21:17,2021-03-21 19:38:47,Clinton St & Joralemon St,4605,Henry St & Grand St,5294,40.692395,-73.993379,40.714211,-73.981095,member
529235,3F1D8A5A7D67D474,docked_bike,2021-03-03 08:09:31,2021-03-03 08:20:43,Clinton St & Joralemon St,4605,Murray St & West St,5329,40.692395,-73.993379,40.7149787,-74.013012,member
537382,B10FBECC54661B8E,docked_bike,2021-03-30 15:12:32,2021-03-30 15:20:12,Clinton St & Joralemon St,4605,S Portland Ave & Hanson Pl,4354,40.692395,-73.993379,40.68539567,-73.97431458,member
542114,D9124BD69933E288,docked_bike,2021-03-03 08:31:33,2021-03-03 08:43:19,Clinton St & Joralemon St,4605,Pearl St & Peck Slip,5096,40.692395,-73.993379,40.708485,-74.002751,casual
551769,789ADA7A43EC2EB1,docked_bike,2021-03-30 11:58:32,2021-03-30 12:10:51,Clinton St & Joralemon St,4605,Centre St & Worth St,5279,40.692395,-73.993379,40.71494807,-74.00234482,casual
551790,9D8E2416F6CD5D93,docked_bike,2021-03-16 10:12:11,2021-03-16 10:28:01,Clinton St & Joralemon St,4605,Centre St & Worth St,5279,40.692395,-73.993379,40.71494807,-74.00234482,member
553819,65541B11BFC55D22,docked_bike,2021-03-29 19:57:03,2021-03-29 20:02:52,Clinton St & Joralemon St,4605,Old Fulton St,4903,40.692395,-73.993379,40.70277159,-73.99383605,member
567736,C104898597481AF6,docked_bike,2021-03-17 09:40:42,2021-03-17 09:47:10,Clinton St & Joralemon St,4605,Old Fulton St,4903,40.692395,-73.993379,40.702772,-73.993836,member
567740,AD356F9ECB7439B9,docked_bike,2021-03-19 16:46:38,2021-03-19 17:04:39,Clinton St & Joralemon St,4605,Suffolk St & Stanton St,5445,40.692395,-73.993379,40.72066442,-73.98517977,member
567778,6B75551924A00075,docked_bike,2021-03-08 16:04:23,2021-03-08 16:39:07,Clinton St & Joralemon St,4605,1 Ave & E 68 St,6822,40.692395,-73.993379,40.76500525,-73.95818491,member
567781,38C4AB65A543B023,docked_bike,2021-03-06 13:02:10,2021-03-06 13:08:07,Clinton St & Joralemon St,4605,Old Fulton St,4903,40.692395,-73.993379,40.70277159,-73.99383605,member
567792,479838CFBD0268C1,docked_bike,2021-03-24 08:03:03,2021-03-24 08:21:00,Clinton St & Joralemon St,4605,Old Fulton St,4903,40.692395,-73.993379,40.70277159,-73.99383605,member
567842,C229C9AD9C29F174,docked_bike,2021-03-30 12:49:16,2021-03-30 13:08:54,Clinton St & Joralemon St,4605,Marcus Garvey Blvd & Macon St,4278,40.692395,-73.993379,40.682601,-73.938037,member
567843,81222C870688B402,docked_bike,2021-03-02 12:54:30,2021-03-02 12:58:22,Clinton St & Joralemon St,4605,Old Fulton St,4903,40.692395,-73.993379,40.70277159,-73.99383605,member
567860,1689E68FEF5BFFC4,docked_bike,2021-03-30 13:19:50,2021-03-30 14:07:20,Clinton St & Joralemon St,4605,Old Fulton St,4903,40.692395,-73.993379,40.70277159,-73.99383605,member
567862,071D402B877AC5CA,docked_bike,2021-03-23 16:45:35,2021-03-23 16:59:43,Clinton St & Joralemon St,4605,6 Ave & 12 St,3803,40.692395,-73.993379,40.6663181,-73.9854617,member
568338,4CC2B0CEF2BE7B6F,docked_bike,2021-03-16 19:59:15,2021-03-16 20:06:20,Clinton St & Joralemon St,4605,Old Fulton St,4903,40.692395,-73.993379,40.70277159,-73.99383605,member
568339,955EB9F17CF6B252,docked_bike,2021-03-12 19:32:07,2021-03-12 19:38:37,Clinton St & Joralemon St,4605,Old Fulton St,4903,40.692395,-73.993379,40.70277159,-73.99383605,member
568340,7DF29D5F8C8A0AB1,docked_bike,2021-03-09 19:41:03,2021-03-09 19:47:42,Clinton St & Joralemon St,4605,Old Fulton St,4903,40.692395,-73.993379,40.70277159,-73.99383605,member
568349,50C1A6E8F975C25E,docked_bike,2021-03-10 17:07:46,2021-03-10 17:26:46,Clinton St & Joralemon St,4605,Old Fulton St,4903,40.692395,-73.993379,40.70277159,-73.99383605,member
568361,32910942D1DCBE51,docked_bike,2021-03-11 15:04:38,2021-03-11 15:11:42,Clinton St & Joralemon St,4605,Old Fulton St,4903,40.692395,-73.993379,40.70277159,-73.99383605,member
568534,31C0F4B283118383,docked_bike,2021-03-26 16:37:04,2021-03-26 16:51:09,Clinton St & Joralemon St,4605,Old Fulton St,4903,40.692395,-73.993379,40.70277159,-73.99383605,casual
568882,A856F2EF7FD8AAF2,docked_bike,2021-03-26 16:38:12,2021-03-26 16:50:53,Clinton St & Joralemon St,4605,Old Fulton St,4903,40.692395,-73.993379,40.70277159,-73.99383605,member
568932,AC6AE5B547AA4625,docked_bike,2021-03-25 16:09:59,2021-03-25 16:38:26,Clinton St & Joralemon St,4605,Broadway & E 14 St,5905,40.692395,-73.993379,40.73454567,-73.99074142,casual
573738,833E2E0D991FE873,docked_bike,2021-03-13 19:23:54,2021-03-13 19:30:18,Clinton St & Joralemon St,4605,Old Fulton St,4903,40.692395,-73.993379,40.70277159,-73.99383605,member
579997,2B8A4B00C69BA74E,docked_bike,2021-03-15 08:09:37,2021-03-15 08:41:17,Clinton St & Joralemon St,4605,Beaver St & Fayette St,4840,40.692395,-73.993379,40.70099,-73.93921,member
579998,CE8B24307AB873EB,docked_bike,2021-03-23 08:13:20,2021-03-23 08:38:43,Clinton St & Joralemon St,4605,Beaver St & Fayette St,4840,40.692395,-73.993379,40.70099,-73.93921,member
579999,0C590C9A4196D800,docked_bike,2021-03-11 08:13:04,2021-03-11 08:38:29,Clinton St & Joralemon St,4605,Beaver St & Fayette St,4840,40.692395,-73.993379,40.70099,-73.93921,member
580000,04EC918D30095394,docked_bike,2021-03-07 09:49:01,2021-03-07 10:18:51,Clinton St & Joralemon St,4605,Beaver St & Fayette St,4840,40.692395,-73.993379,40.70099,-73.93921,member
580001,3AB680D14FFE68FC,docked_bike,2021-03-03 08:08:12,2021-03-03 08:31:21,Clinton St & Joralemon St,4605,Beaver St & Fayette St,4840,40.692395,-73.993379,40.70099,-73.93921,member
580002,FCBDF9CCB3E3474B,docked_bike,2021-03-21 10:36:23,2021-03-21 11:05:18,Clinton St & Joralemon St,4605,Beaver St & Fayette St,4840,40.692395,-73.993379,40.70099,-73.93921,member
580003,8584C16DE01D048B,docked_bike,2021-03-25 08:09:46,2021-03-25 08:35:44,Clinton St & Joralemon St,4605,Beaver St & Fayette St,4840,40.692395,-73.993379,40.70099,-73.93921,member
580004,840BA89EF1B4B2FD,docked_bike,2021-03-16 08:14:12,2021-03-16 08:38:52,Clinton St & Joralemon St,4605,Beaver St & Fayette St,4840,40.692395,-73.993379,40.70099,-73.93921,member
580005,ACA287709DF0C41A,docked_bike,2021-03-30 08:15:33,2021-03-30 08:43:20,Clinton St & Joralemon St,4605,Beaver St & Fayette St,4840,40.692395,-73.993379,40.70099,-73.93921,member
580006,83AE53B2B3FC1040,docked_bike,2021-03-22 08:06:17,2021-03-22 08:29:24,Clinton St & Joralemon St,4605,Beaver St & Fayette St,4840,40.692395,-73.993379,40.70099,-73.93921,member
580017,9AEE9F767CB2BF54,docked_bike,2021-03-26 15:49:44,2021-03-26 15:58:58,Clinton St & Joralemon St,4605,Bergen St & Flatbush Ave,4281,40.692395,-73.993379,40.680944723477296,-73.97567331790923,member
580059,E8A55AC54CD73EB4,docked_bike,2021-03-08 13:00:35,2021-03-08 13:10:12,Clinton St & Joralemon St,4605,Bergen St & Flatbush Ave,4281,40.692395,-73.993379,40.680944723477296,-73.97567331790923,member
580076,FBE707EF3B83D640,docked_bike,2021-03-17 07:58:18,2021-03-17 08:23:26,Clinton St & Joralemon St,4605,Beaver St & Fayette St,4840,40.692395,-73.993379,40.70099,-73.93921,member
580077,01FBE28B80705A26,docked_bike,2021-03-24 08:13:48,2021-03-24 08:38:56,Clinton St & Joralemon St,4605,Beaver St & Fayette St,4840,40.692395,-73.993379,40.70099,-73.93921,member
580102,40754C33576ECC4C,docked_bike,2021-03-26 18:46:27,2021-03-26 18:54:57,Clinton St & Joralemon St,4605,Douglass St & 3 Ave,4217,40.692395,-73.993379,40.6802133,-73.98432695,member
580104,2604A007BC317E88,docked_bike,2021-03-05 18:40:52,2021-03-05 18:51:50,Clinton St & Joralemon St,4605,Douglass St & 3 Ave,4217,40.692395,-73.993379,40.6802133,-73.98432695,casual
580106,1D44256651296939,docked_bike,2021-03-24 08:16:46,2021-03-24 08:26:10,Clinton St & Joralemon St,4605,Bergen St & Flatbush Ave,4281,40.692395,-73.993379,40.680944723477296,-73.97567331790923,member
580119,0CB92F75A5829309,docked_bike,2021-03-10 08:13:05,2021-03-10 08:43:35,Clinton St & Joralemon St,4605,Beaver St & Fayette St,4840,40.692395,-73.993379,40.70099,-73.93921,member
580120,66DE657EE5215623,docked_bike,2021-03-04 08:09:37,2021-03-04 08:39:48,Clinton St & Joralemon St,4605,Beaver St & Fayette St,4840,40.692395,-73.993379,40.70099,-73.93921,member
580121,42611AC405A6E5C9,docked_bike,2021-03-14 10:25:04,2021-03-14 10:51:35,Clinton St & Joralemon St,4605,Beaver St & Fayette St,4840,40.692395,-73.993379,40.70099,-73.93921,member
586546,5595306B8B0911DC,docked_bike,2021-03-05 23:07:56,2021-03-05 23:15:52,Clinton St & Joralemon St,4605,Fulton St & Adams St,4637,40.692395,-73.993379,40.69241829257847,-73.98949474096298,member
586548,9B6F231724EE238B,docked_bike,2021-03-04 18:45:10,2021-03-04 19:05:24,Clinton St & Joralemon St,4605,DeKalb Ave & Franklin Ave,4528,40.692395,-73.993379,40.69064807082943,-73.95746178925037,member
589192,6949D3EBD00B74ED,docked_bike,2021-03-16 15:31:46,2021-03-16 15:34:29,Clinton St & Joralemon St,4605,Fulton St & Adams St,4637,40.692395,-73.993379,40.69241829257847,-73.98949474096298,casual
589196,A393160C7D74404B,docked_bike,2021-03-09 19:13:13,2021-03-09 19:15:36,Clinton St & Joralemon St,4605,Fulton St & Adams St,4637,40.692395,-73.993379,40.69241829257847,-73.98949474096298,member
591673,06D0B484A9247FC2,docked_bike,2021-03-14 15:59:01,2021-03-14 17:02:43,Clinton St & Joralemon St,4605,St James Pl & Pearl St,5167,40.692395,-73.993379,40.71117416,-74.00016545,member
591809,51B1EEBC92E2458D,docked_bike,2021-03-26 18:14:10,2021-03-26 18:33:56,Clinton St & Joralemon St,4605,DeKalb Ave & Franklin Ave,4528,40.692395,-73.993379,40.69064807082943,-73.95746178925037,member
591811,AC04891B4CDD2EB9,docked_bike,2021-03-08 11:14:30,2021-03-08 11:16:43,Clinton St & Joralemon St,4605,Fulton St & Adams St,4637,40.692395,-73.993379,40.69241829257847,-73.98949474096298,member
592201,734EE583F21AA1FC,docked_bike,2021-03-31 13:04:50,2021-03-31 13:38:58,Clinton St & Joralemon St,4605,W 15 St & 6 Ave,5989,40.692395,-73.993379,40.738046142482766,-73.99642959237099,member
592204,2600902D6B959C26,docked_bike,2021-03-27 16:53:25,2021-03-27 16:55:18,Clinton St & Joralemon St,4605,Fulton St & Adams St,4637,40.692395,-73.993379,40.69241829257847,-73.98949474096298,member
592205,683CE8480D127001,docked_bike,2021-03-08 15:05:56,2021-03-08 15:07:49,Clinton St & Joralemon St,4605,Fulton St & Adams St,4637,40.692395,-73.993379,40.69241829257847,-73.98949474096298,member
592206,E1B988DB60143948,docked_bike,2021-03-08 15:20:41,2021-03-08 15:22:59,Clinton St & Joralemon St,4605,Fulton St & Adams St,4637,40.692395,-73.993379,40.69241829257847,-73.98949474096298,member
593271,23263A9C4902F7C3,docked_bike,2021-03-13 13:56:17,2021-03-13 14:10:04,Clinton St & Joralemon St,4605,Park Ave & St Edwards St,4700,40.692395,-73.993379,40.69608941,-73.97803415,casual
593278,3640D25F6F2B41A2,docked_bike,2021-03-27 16:59:57,2021-03-27 17:01:54,Clinton St & Joralemon St,4605,Fulton St & Adams St,4637,40.692395,-73.993379,40.69241829257847,-73.98949474096298,member
593286,C79727B8B0927577,docked_bike,2021-03-31 13:04:54,2021-03-31 13:39:02,Clinton St & Joralemon St,4605,W 15 St & 6 Ave,5989,40.692395,-73.993379,40.738046142482766,-73.99642959237099,member
593288,93C1F8820937D4F0,docked_bike,2021-03-16 22:07:19,2021-03-16 22:18:18,Clinton St & Joralemon St,4605,Henry St & W 9 St,4086,40.692395,-73.993379,40.6763744,-74.00324957,member
593290,0B8BF6BE79E39E90,docked_bike,2021-03-03 18:41:10,2021-03-03 18:44:00,Clinton St & Joralemon St,4605,Fulton St & Adams St,4637,40.692395,-73.993379,40.69241829257847,-73.98949474096298,member
593292,A1C5C462B3EEED63,docked_bike,2021-03-20 11:25:30,2021-03-20 11:56:23,Clinton St & Joralemon St,4605,Bleecker St & Crosby St,5679,40.692395,-73.993379,40.72615604980408,-73.99510189890862,casual
593300,4DB597988BD8A55F,docked_bike,2021-03-03 15:20:00,2021-03-03 16:31:52,Clinton St & Joralemon St,4605,Fulton St & Adams St,4637,40.692395,-73.993379,40.69241829257847,-73.98949474096298,casual
593307,7E08899E0BB19770,docked_bike,2021-03-16 15:48:16,2021-03-16 15:50:11,Clinton St & Joralemon St,4605,Fulton St & Adams St,4637,40.692395,-73.993379,40.692418,-73.989495,member
593342,65532B6B6369D647,docked_bike,2021-03-09 19:48:12,2021-03-09 19:49:58,Clinton St & Joralemon St,4605,Fulton St & Adams St,4637,40.692395,-73.993379,40.69241829257847,-73.98949474096298,member
593349,271E7D311B6F788A,docked_bike,2021-03-26 14:21:22,2021-03-26 14:33:35,Clinton St & Joralemon St,4605,Fulton St & Adams St,4637,40.692395,-73.993379,40.69241829257847,-73.98949474096298,casual
593352,383E6DEC2A7CF2E3,docked_bike,2021-03-20 19:29:22,2021-03-20 19:34:31,Clinton St & Joralemon St,4605,Fulton St & Adams St,4637,40.692395,-73.993379,40.69241829257847,-73.98949474096298,casual
593353,A98009134B8CA9C3,docked_bike,2021-03-08 15:29:37,2021-03-08 15:32:06,Clinton St & Joralemon St,4605,Fulton St & Adams St,4637,40.692395,-73.993379,40.69241829257847,-73.98949474096298,member
593661,FA9DE95E929843F1,docked_bike,2021-03-26 16:30:17,2021-03-26 16:42:07,Clinton St & Joralemon St,4605,Lafayette Ave & Classon Ave,4452,40.692395,-73.993379,40.68900443,-73.96023854,casual
593680,D7A8375D75289A5B,docked_bike,2021-03-08 15:37:40,2021-03-08 15:40:04,Clinton St & Joralemon St,4605,Fulton St & Adams St,4637,40.692395,-73.993379,40.69241829257847,-73.98949474096298,member
593681,17CDE03C357D7092,docked_bike,2021-03-08 15:13:23,2021-03-08 15:15:25,Clinton St & Joralemon St,4605,Fulton St & Adams St,4637,40.692395,-73.993379,40.69241829257847,-73.98949474096298,member
593927,AB36E3766D7DE46D,docked_bike,2021-03-13 13:57:38,2021-03-13 14:10:18,Clinton St & Joralemon St,4605,Park Ave & St Edwards St,4700,40.692395,-73.993379,40.69608941,-73.97803415,casual
593941,4A9A0F12C6395B5A,docked_bike,2021-03-01 17:10:28,2021-03-01 17:13:27,Clinton St & Joralemon St,4605,Fulton St & Adams St,4637,40.692395,-73.993379,40.69241829257847,-73.98949474096298,member
604994,EAB95FD99F9738FE,docked_bike,2021-03-27 14:09:00,2021-03-27 14:20:19,Clinton St & Joralemon St,4605,Flushing Ave & Vanderbilt Ave,4762,40.692395,-73.993379,40.69795031569544,-73.97077560424805,casual
608429,57576A75E8D18CEF,docked_bike,2021-03-31 14:06:23,2021-03-31 14:38:25,Clinton St & Joralemon St,4605,2 Ave & E 31 St,6197,40.692395,-73.993379,40.74290902,-73.97706058,member
608477,423C9F1925B3EA71,docked_bike,2021-03-26 18:54:43,2021-03-26 19:10:37,Clinton St & Joralemon St,4605,Flushing Ave & Vanderbilt Ave,4762,40.692395,-73.993379,40.69795031569544,-73.97077560424805,member
608526,0D231AB49B061F37,docked_bike,2021-03-16 06:40:34,2021-03-16 06:51:32,Clinton St & Joralemon St,4605,Flushing Ave & Vanderbilt Ave,4762,40.692395,-73.993379,40.69795031569544,-73.97077560424805,member
608529,AD97CA8946A33899,docked_bike,2021-03-05 09:18:34,2021-03-05 09:49:13,Clinton St & Joralemon St,4605,8 Ave & W 38 St,6526,40.692395,-73.993379,40.75461,-73.99177,member
615478,12EC6D861ADAF59B,docked_bike,2021-03-12 13:30:33,2021-03-12 13:38:09,Clinton St & Joralemon St,4605,Atlantic Ave & Fort Greene Pl,4354,40.692395,-73.993379,40.68382604,-73.97632328,casual
621617,0CF232B2E2996248,docked_bike,2021-03-28 16:52:35,2021-03-28 17:02:04,Clinton St & Joralemon St,4605,Atlantic Ave & Fort Greene Pl,4354,40.692395,-73.993379,40.68382604,-73.97632328,member
621622,AB5D3B791FEB0BAC,docked_bike,2021-03-07 15:58:17,2021-03-07 16:08:00,Clinton St & Joralemon St,4605,Atlantic Ave & Fort Greene Pl,4354,40.692395,-73.993379,40.68382604,-73.97632328,member
621669,9FE2D22404FA2927,docked_bike,2021-03-10 16:33:35,2021-03-10 17:20:57,Clinton St & Joralemon St,4605,41 St & 4 Ave,3347,40.692395,-73.993379,40.651354,-74.007168,member
621972,5BE4D75768864F8D,docked_bike,2021-03-14 11:51:21,2021-03-14 12:33:49,Clinton St & Joralemon St,4605,W 54 St & 9 Ave,6920,40.692395,-73.993379,40.76584941,-73.98690506,member
621979,1E97675C8218DE47,docked_bike,2021-03-08 15:42:17,2021-03-08 16:03:04,Clinton St & Joralemon St,4605,41 St & 4 Ave,3347,40.692395,-73.993379,40.651354,-74.007168,member
622172,E3200ADEE03F9847,docked_bike,2021-03-08 10:41:57,2021-03-08 11:12:33,Clinton St & Joralemon St,4605,41 St & 4 Ave,3347,40.692395,-73.993379,40.651354,-74.007168,member
622265,56D0E5C84F906DD3,docked_bike,2021-03-20 08:18:46,2021-03-20 08:26:18,Clinton St & Joralemon St,4605,Atlantic Ave & Fort Greene Pl,4354,40.692395,-73.993379,40.68382604,-73.97632328,member
631313,B76D4CD5BA84CC86,docked_bike,2021-03-08 15:22:26,2021-03-08 15:43:38,Clinton St & Joralemon St,4605,3 Ave & Carroll St,4143,40.692395,-73.993379,40.677027,-73.9865,member
631326,F0EF3034A5D87873,docked_bike,2021-03-23 09:42:57,2021-03-23 09:56:46,Clinton St & Joralemon St,4605,3 Ave & Carroll St,4143,40.692395,-73.993379,40.677027,-73.9865,member
631329,89D5BDD07088F273,docked_bike,2021-03-23 09:07:50,2021-03-23 09:31:15,Clinton St & Joralemon St,4605,E 12 St & 3 Ave,5788,40.692395,-73.993379,40.73223272,-73.98889957,member
631360,C37C25B7DE17EF19,docked_bike,2021-03-25 21:25:16,2021-03-25 22:07:41,Clinton St & Joralemon St,4605,5 St & 51 Ave,6137,40.692395,-73.993379,40.742374,-73.9566,member
631460,8B59C81BE2F30D92,docked_bike,2021-03-12 09:01:41,2021-03-12 09:15:34,Clinton St & Joralemon St,4605,3 Ave & Carroll St,4143,40.692395,-73.993379,40.677027,-73.9865,member
633127,169770B943E891E3,docked_bike,2021-03-12 09:01:51,2021-03-12 09:16:00,Clinton St & Joralemon St,4605,3 Ave & Carroll St,4143,40.692395,-73.993379,40.677027,-73.9865,member
633162,4F591DE507ED4389,docked_bike,2021-03-03 11:38:06,2021-03-03 12:09:58,Clinton St & Joralemon St,4605,Monroe St & Tompkins Ave,4434,40.692395,-73.993379,40.686203,-73.944694,member
633167,3BA81F7845B1B319,docked_bike,2021-03-08 15:22:27,2021-03-08 15:43:39,Clinton St & Joralemon St,4605,3 Ave & Carroll St,4143,40.692395,-73.993379,40.677027,-73.9865,member
639437,9DF21436588A42F6,docked_bike,2021-03-25 16:53:33,2021-03-25 17:06:03,Clinton St & Joralemon St,4605,Van Brunt St & Wolcott St,4095,40.692395,-73.993379,40.6773429,-74.01275056,member
639440,A9C7B923CB994F06,docked_bike,2021-03-16 22:20:50,2021-03-16 22:32:26,Clinton St & Joralemon St,4605,Cambridge Pl & Gates Ave,4377,40.692395,-73.993379,40.68488,-73.96304,member
639447,B92295A0F5C9D530,docked_bike,2021-03-04 08:51:38,2021-03-04 09:04:35,Clinton St & Joralemon St,4605,Van Brunt St & Wolcott St,4095,40.692395,-73.993379,40.6773429,-74.01275056,member
639452,894EF6CE69BC4C9A,docked_bike,2021-03-02 16:52:26,2021-03-02 17:04:10,Clinton St & Joralemon St,4605,Van Brunt St & Wolcott St,4095,40.692395,-73.993379,40.6773429,-74.01275056,member
639479,F3978B197CB76ECF,docked_bike,2021-03-14 17:31:05,2021-03-14 17:49:57,Clinton St & Joralemon St,4605,Cambridge Pl & Gates Ave,4377,40.692395,-73.993379,40.68488,-73.96304,member
639485,8756DE2400B79EF8,docked_bike,2021-03-13 08:37:21,2021-03-13 08:47:48,Clinton St & Joralemon St,4605,3 St & Hoyt St,4110,40.692395,-73.993379,40.6777287,-73.99364123,member
639487,EBCEF0CF5D06C085,docked_bike,2021-03-13 13:47:10,2021-03-13 14:03:41,Clinton St & Joralemon St,4605,St Marks Pl & 1 Ave,5626,40.692395,-73.993379,40.72779126,-73.98564945,member
639490,EA08B0015EF415D0,docked_bike,2021-03-11 14:39:27,2021-03-11 15:07:49,Clinton St & Joralemon St,4605,E 25 St & 1 Ave,6004,40.692395,-73.993379,40.7381765,-73.97738662,casual
639506,3993ED2F22CBF01E,docked_bike,2021-03-22 18:29:17,2021-03-22 18:38:26,Clinton St & Joralemon St,4605,Van Brunt St & Wolcott St,4095,40.692395,-73.993379,40.6773429,-74.01275056,member
639511,CC93354046945E80,docked_bike,2021-03-22 16:59:47,2021-03-22 17:12:11,Clinton St & Joralemon St,4605,Van Brunt St & Wolcott St,4095,40.692395,-73.993379,40.6773429,-74.01275056,member
639791,CD3EF213B7F72E56,docked_bike,2021-03-06 09:13:13,2021-03-06 09:23:11,Clinton St & Joralemon St,4605,Van Brunt St & Wolcott St,4095,40.692395,-73.993379,40.6773429,-74.01275056,member
639796,EA8D2ACAF4F30F1F,docked_bike,2021-03-19 21:13:28,2021-03-19 21:21:56,Clinton St & Joralemon St,4605,Van Brunt St & Wolcott St,4095,40.692395,-73.993379,40.6773429,-74.01275056,member
639810,BBAFDC23748779F1,docked_bike,2021-03-13 08:36:37,2021-03-13 08:47:59,Clinton St & Joralemon St,4605,3 St & Hoyt St,4110,40.692395,-73.993379,40.677729,-73.993641,member
640091,B35878D191539E30,docked_bike,2021-03-16 16:29:58,2021-03-16 16:40:50,Clinton St & Joralemon St,4605,Van Brunt St & Wolcott St,4095,40.692395,-73.993379,40.6773429,-74.01275056,member
640092,7036A313E154AB9A,docked_bike,2021-03-15 16:29:28,2021-03-15 16:41:37,Clinton St & Joralemon St,4605,Van Brunt St & Wolcott St,4095,40.692395,-73.993379,40.6773429,-74.01275056,member
640357,E591A85F8403BC37,docked_bike,2021-03-10 12:31:49,2021-03-10 12:48:04,Clinton St & Joralemon St,4605,3 St & Hoyt St,4110,40.692395,-73.993379,40.6777287,-73.99364123,member
647295,2D3A793881E3D129,docked_bike,2021-03-10 15:57:03,2021-03-10 16:05:59,Clinton St & Joralemon St,4605,Van Brunt St & Wolcott St,4095,40.692395,-73.993379,40.6773429,-74.01275056,casual
648047,7DE14DD47B623F60,docked_bike,2021-03-13 11:52:41,2021-03-13 12:02:08,Clinton St & Joralemon St,4605,Van Brunt St & Wolcott St,4095,40.692395,-73.993379,40.6773429,-74.01275056,member
648049,7C8DAF173CBDCD7B,docked_bike,2021-03-25 15:45:48,2021-03-25 16:06:31,Clinton St & Joralemon St,4605,Verona Pl & Fulton St,4124,40.692395,-73.993379,40.6803560840434,-73.9476791024208,casual
648051,4326DEFAFA9A8436,docked_bike,2021-03-19 10:51:36,2021-03-19 11:04:44,Clinton St & Joralemon St,4605,3 St & Hoyt St,4110,40.692395,-73.993379,40.677729,-73.993641,member
648054,4B1B3C995E143149,docked_bike,2021-03-10 13:42:47,2021-03-10 14:00:11,Clinton St & Joralemon St,4605,Van Brunt St & Wolcott St,4095,40.692395,-73.993379,40.6773429,-74.01275056,member
650761,78F64953F02B5601,docked_bike,2021-03-03 22:02:32,2021-03-03 22:09:13,Clinton St & Joralemon St,4605,President St & Henry St,4307,40.692395,-73.993379,40.6828003,-73.99990419,casual
650763,526C6CE4F965EA60,docked_bike,2021-03-23 17:16:10,2021-03-23 17:23:05,Clinton St & Joralemon St,4605,President St & Henry St,4307,40.692395,-73.993379,40.6828003,-73.99990419,member
650764,E723F9BDDB3D2792,docked_bike,2021-03-03 12:16:53,2021-03-03 12:23:14,Clinton St & Joralemon St,4605,President St & Henry St,4307,40.692395,-73.993379,40.6828,-73.999904,member
650765,65BD86B03F592471,docked_bike,2021-03-30 18:59:25,2021-03-30 19:06:59,Clinton St & Joralemon St,4605,President St & Henry St,4307,40.692395,-73.993379,40.6828,-73.999904,member
650768,7F3A0AFD86C3A65B,docked_bike,2021-03-19 15:24:26,2021-03-19 15:36:03,Clinton St & Joralemon St,4605,Carlton Ave & Flushing Ave,4732,40.692395,-73.993379,40.697787,-73.973736,member
650802,C93BCF06F306B815,docked_bike,2021-03-08 13:57:27,2021-03-08 14:04:37,Clinton St & Joralemon St,4605,President St & Henry St,4307,40.692395,-73.993379,40.6828003,-73.99990419,member
650815,C39084B77DC13761,docked_bike,2021-03-21 17:53:26,2021-03-21 17:59:10,Clinton St & Joralemon St,4605,President St & Henry St,4307,40.692395,-73.993379,40.6828003,-73.99990419,member
655587,A21457DEA60CDBB3,docked_bike,2021-03-09 14:42:49,2021-03-09 14:48:29,Clinton St & Joralemon St,4605,President St & Henry St,4307,40.692395,-73.993379,40.6828,-73.999904,member
655598,5AFD831ACA6DA170,docked_bike,2021-03-08 14:34:38,2021-03-08 14:39:18,Clinton St & Joralemon St,4605,President St & Henry St,4307,40.692395,-73.993379,40.6828,-73.999904,member
655599,CF0E807E01E29B67,docked_bike,2021-03-17 12:30:09,2021-03-17 12:34:44,Clinton St & Joralemon St,4605,President St & Henry St,4307,40.692395,-73.993379,40.6828,-73.999904,member
655631,EA049E7BC4127CAD,docked_bike,2021-03-19 19:04:46,2021-03-19 19:21:56,Clinton St & Joralemon St,4605,President St & Henry St,4307,40.692395,-73.993379,40.6828003,-73.99990419,member
656081,4015769E20A2BBB5,docked_bike,2021-03-25 23:26:47,2021-03-25 23:30:48,Clinton St & Joralemon St,4605,President St & Henry St,4307,40.692395,-73.993379,40.6828003,-73.99990419,member
656095,0200C5C859265153,docked_bike,2021-03-07 12:23:21,2021-03-07 12:42:01,Clinton St & Joralemon St,4605,Carlton Ave & Flushing Ave,4732,40.692395,-73.993379,40.697787,-73.973736,member
656528,6B3BF72785B9E32A,docked_bike,2021-03-01 14:33:02,2021-03-01 14:39:10,Clinton St & Joralemon St,4605,President St & Henry St,4307,40.692395,-73.993379,40.6828,-73.999904,member
659273,F62F8287388E299A,docked_bike,2021-03-15 21:26:16,2021-03-15 21:31:28,Clinton St & Joralemon St,4605,President St & Henry St,4307,40.692395,-73.993379,40.6828003,-73.99990419,member
659287,6E2D2CF4644E902E,docked_bike,2021-03-31 21:38:28,2021-03-31 21:44:37,Clinton St & Joralemon St,4605,President St & Henry St,4307,40.692395,-73.993379,40.6828003,-73.99990419,member
659293,FE5A20D27DD91D40,docked_bike,2021-03-29 14:45:46,2021-03-29 14:50:51,Clinton St & Joralemon St,4605,President St & Henry St,4307,40.692395,-73.993379,40.6828,-73.999904,member
663154,D1B04C82C07D1EB3,docked_bike,2021-03-05 20:50:47,2021-03-05 20:56:39,Clinton St & Joralemon St,4605,President St & Henry St,4307,40.692395,-73.993379,40.6828003,-73.99990419,casual
663157,19C7A8DE6EA67855,docked_bike,2021-03-02 14:32:27,2021-03-02 14:37:54,Clinton St & Joralemon St,4605,President St & Henry St,4307,40.692395,-73.993379,40.6828,-73.999904,member
665186,4B57815A5EC2CE1F,docked_bike,2021-03-03 09:30:25,2021-03-03 09:36:31,Clinton St & Joralemon St,4605,President St & Henry St,4307,40.692395,-73.993379,40.6828,-73.999904,member
665479,8666A7C022DB2AE1,docked_bike,2021-03-31 15:55:39,2021-03-31 16:00:09,Clinton St & Joralemon St,4605,President St & Henry St,4307,40.692395,-73.993379,40.6828003,-73.99990419,member
667320,2D4DDA2FC6B7143C,docked_bike,2021-03-05 11:17:17,2021-03-05 11:20:30,Clinton St & Joralemon St,4605,State St & Smith St,4565,40.692395,-73.993379,40.68926942,-73.98912867,member
667321,3ED0DA30025244D3,docked_bike,2021-03-15 06:52:05,2021-03-15 06:54:34,Clinton St & Joralemon St,4605,State St & Smith St,4565,40.692395,-73.993379,40.68926942,-73.98912867,member
667402,EF4992411F64F833,docked_bike,2021-03-01 14:56:01,2021-03-01 14:59:44,Clinton St & Joralemon St,4605,Cadman Plaza E & Red Cross Pl,4821,40.692395,-73.993379,40.69991755,-73.98971773,member
667404,4C33726F5773483E,docked_bike,2021-03-24 05:44:21,2021-03-24 05:47:12,Clinton St & Joralemon St,4605,State St & Smith St,4565,40.692395,-73.993379,40.68926942,-73.98912867,member
667405,56733CF7C2EE7C48,docked_bike,2021-03-23 08:42:59,2021-03-23 08:46:52,Clinton St & Joralemon St,4605,State St & Smith St,4565,40.692395,-73.993379,40.68926942,-73.98912867,member
667491,3F100BCE669DA076,docked_bike,2021-03-18 08:53:28,2021-03-18 08:56:19,Clinton St & Joralemon St,4605,State St & Smith St,4565,40.692395,-73.993379,40.68926942,-73.98912867,member
667496,19EA383988323AE8,docked_bike,2021-03-26 17:01:17,2021-03-26 17:43:41,Clinton St & Joralemon St,4605,State St & Smith St,4565,40.692395,-73.993379,40.68926942,-73.98912867,casual
667501,1E251B0290D8C9B7,docked_bike,2021-03-20 15:35:06,2021-03-20 15:37:28,Clinton St & Joralemon St,4605,State St & Smith St,4565,40.692395,-73.993379,40.68926942,-73.98912867,member
667595,A495B3EEE8CC2551,docked_bike,2021-03-22 06:09:57,2021-03-22 06:12:23,Clinton St & Joralemon St,4605,State St & Smith St,4565,40.692395,-73.993379,40.68926942,-73.98912867,member
667596,E04C8E35AA91BF32,docked_bike,2021-03-06 07:11:24,2021-03-06 07:13:26,Clinton St & Joralemon St,4605,State St & Smith St,4565,40.692395,-73.993379,40.68926942,-73.98912867,member
667602,DE9DFBCB1B0B81C0,docked_bike,2021-03-22 13:41:17,2021-03-22 13:43:02,Clinton St & Joralemon St,4605,State St & Smith St,4565,40.692395,-73.993379,40.689269,-73.989129,member
667673,A869AA5E6AB30C62,docked_bike,2021-03-24 13:54:57,2021-03-24 13:58:51,Clinton St & Joralemon St,4605,Cadman Plaza E & Red Cross Pl,4821,40.692395,-73.993379,40.69991755,-73.98971773,member
667678,A8652A63C75EDAAD,docked_bike,2021-03-02 18:43:50,2021-03-02 18:46:09,Clinton St & Joralemon St,4605,State St & Smith St,4565,40.692395,-73.993379,40.68926942,-73.98912867,member
667720,0AEF9B8210F018CA,docked_bike,2021-03-27 21:26:20,2021-03-27 21:29:28,Clinton St & Joralemon St,4605,State St & Smith St,4565,40.692395,-73.993379,40.68926942,-73.98912867,casual
667722,E2677A3A9429E25E,docked_bike,2021-03-09 06:08:31,2021-03-09 06:10:46,Clinton St & Joralemon St,4605,State St & Smith St,4565,40.692395,-73.993379,40.68926942,-73.98912867,member
667731,C0B1C51BA8EA4BB3,docked_bike,2021-03-25 11:37:57,2021-03-25 11:43:41,Clinton St & Joralemon St,4605,State St & Smith St,4565,40.692395,-73.993379,40.68926942,-73.98912867,member
673335,805E2213A02410E5,docked_bike,2021-03-10 06:06:51,2021-03-10 06:10:03,Clinton St & Joralemon St,4605,State St & Smith St,4565,40.692395,-73.993379,40.68926942,-73.98912867,member
673336,94BA689A7C29EA16,docked_bike,2021-03-14 06:52:12,2021-03-14 06:54:22,Clinton St & Joralemon St,4605,State St & Smith St,4565,40.692395,-73.993379,40.68926942,-73.98912867,member
673341,AC357BE9B8E3C637,docked_bike,2021-03-09 18:44:57,2021-03-09 18:49:15,Clinton St & Joralemon St,4605,Cadman Plaza E & Red Cross Pl,4821,40.692395,-73.993379,40.69991755,-73.98971773,casual
673359,03B540A00AF20F53,docked_bike,2021-03-17 07:01:11,2021-03-17 07:04:13,Clinton St & Joralemon St,4605,State St & Smith St,4565,40.692395,-73.993379,40.68926942,-73.98912867,member
673361,FFFBAB04D29C6041,docked_bike,2021-03-03 09:22:20,2021-03-03 09:26:31,Clinton St & Joralemon St,4605,State St & Smith St,4565,40.692395,-73.993379,40.68926942,-73.98912867,member
673364,5B9F0CD6711B4968,docked_bike,2021-03-04 14:51:58,2021-03-04 14:57:23,Clinton St & Joralemon St,4605,State St & Smith St,4565,40.692395,-73.993379,40.68926942,-73.98912867,member
673365,0B228B7A5F7F986D,docked_bike,2021-03-25 09:44:20,2021-03-25 09:47:40,Clinton St & Joralemon St,4605,State St & Smith St,4565,40.692395,-73.993379,40.68926942,-73.98912867,member
673366,61F49537EFE36002,docked_bike,2021-03-20 09:08:28,2021-03-20 09:10:43,Clinton St & Joralemon St,4605,State St & Smith St,4565,40.692395,-73.993379,40.68926942,-73.98912867,member
673370,9697B59E6CC1B05C,docked_bike,2021-03-30 12:12:02,2021-03-30 12:14:52,Clinton St & Joralemon St,4605,State St & Smith St,4565,40.692395,-73.993379,40.68926942,-73.98912867,member
673371,9013622C2A82688A,docked_bike,2021-03-16 08:46:54,2021-03-16 08:50:49,Clinton St & Joralemon St,4605,State St & Smith St,4565,40.692395,-73.993379,40.68926942,-73.98912867,member
673372,257D92005E7B76AC,docked_bike,2021-03-12 06:50:59,2021-03-12 06:54:05,Clinton St & Joralemon St,4605,State St & Smith St,4565,40.692395,-73.993379,40.68926942,-73.98912867,member
673376,9FEB257256C920AA,docked_bike,2021-03-26 14:03:37,2021-03-26 14:09:08,Clinton St & Joralemon St,4605,State St & Smith St,4565,40.692395,-73.993379,40.68926942,-73.98912867,member
673377,6ABE818F59420D33,docked_bike,2021-03-12 10:44:31,2021-03-12 10:50:04,Clinton St & Joralemon St,4605,Cadman Plaza E & Red Cross Pl,4821,40.692395,-73.993379,40.69991755,-73.98971773,member
673390,1B310CDE2DDDCFFA,docked_bike,2021-03-26 17:00:34,2021-03-26 17:12:55,Clinton St & Joralemon St,4605,State St & Smith St,4565,40.692395,-73.993379,40.68926942,-73.98912867,casual
673504,32A57E5E146BC0DD,docked_bike,2021-03-19 15:40:20,2021-03-19 15:45:01,Clinton St & Joralemon St,4605,Cadman Plaza E & Red Cross Pl,4821,40.692395,-73.993379,40.699918,-73.989718,member
673521,098D86022FD32F0E,docked_bike,2021-03-27 18:14:23,2021-03-27 18:17:02,Clinton St & Joralemon St,4605,State St & Smith St,4565,40.692395,-73.993379,40.68926942,-73.98912867,member
673558,540D9D273D462296,docked_bike,2021-03-13 16:47:36,2021-03-13 16:52:35,Clinton St & Joralemon St,4605,Cadman Plaza E & Red Cross Pl,4821,40.692395,-73.993379,40.69991755,-73.98971773,member
676726,1D7D2F3897298485,docked_bike,2021-03-02 16:44:32,2021-03-02 16:55:47,Clinton St & Joralemon St,4605,Carroll St & Bond St,4184,40.692395,-73.993379,40.6786115,-73.99037292,member
676741,B78D215EDE61C6B6,docked_bike,2021-03-12 15:49:57,2021-03-12 16:09:35,Clinton St & Joralemon St,4605,Grand Ave & Bergen St,4190,40.692395,-73.993379,40.678045,-73.962408,member
676779,0A40EB79605A3F54,docked_bike,2021-03-29 18:56:55,2021-03-29 19:39:56,Clinton St & Joralemon St,4605,Carroll St & Bond St,4184,40.692395,-73.993379,40.6786115,-73.99037292,casual
676790,209EC9640A8C35DD,docked_bike,2021-03-24 12:47:53,2021-03-24 13:01:28,Clinton St & Joralemon St,4605,Washington Ave & Greene Ave,4419,40.692395,-73.993379,40.68650065,-73.96563307,member
687288,9664EDF7F490346E,docked_bike,2021-03-31 08:56:18,2021-03-31 09:08:35,Clinton St & Joralemon St,4605,Fulton St & Broadway,5175,40.692395,-73.993379,40.711066,-74.009447,member
687336,FAE1B985FD6F8985,docked_bike,2021-03-10 15:33:54,2021-03-10 15:47:04,Clinton St & Joralemon St,4605,Fulton St & Broadway,5175,40.692395,-73.993379,40.711066,-74.009447,member
687969,B668F2E60C659CD7,docked_bike,2021-03-26 09:16:19,2021-03-26 09:27:45,Clinton St & Joralemon St,4605,Fulton St & Broadway,5175,40.692395,-73.993379,40.711066,-74.009447,member
687977,A6232814EE6065A1,docked_bike,2021-03-31 15:56:20,2021-03-31 16:12:37,Clinton St & Joralemon St,4605,Washington Ave & Greene Ave,4419,40.692395,-73.993379,40.68650065,-73.96563307,member
687983,D36D926704955A3A,docked_bike,2021-03-23 15:17:24,2021-03-23 15:36:13,Clinton St & Joralemon St,4605,Washington Ave & Greene Ave,4419,40.692395,-73.993379,40.68650065,-73.96563307,casual
690055,90CFE2EE3E2EF79C,docked_bike,2021-03-23 21:36:40,2021-03-23 21:49:19,Clinton St & Joralemon St,4605,Grand Ave & Bergen St,4190,40.692395,-73.993379,40.678045,-73.962408,member
690057,A28F10A36A342467,docked_bike,2021-03-26 10:39:50,2021-03-26 10:56:25,Clinton St & Joralemon St,4605,Washington Ave & Greene Ave,4419,40.692395,-73.993379,40.68650065,-73.96563307,member
690556,90F757A66076E1D8,docked_bike,2021-03-13 11:42:37,2021-03-13 11:58:49,Clinton St & Joralemon St,4605,Grand Ave & Bergen St,4190,40.692395,-73.993379,40.678045,-73.962408,casual
691191,74C4D0512D8D535C,docked_bike,2021-03-27 22:26:55,2021-03-27 22:46:20,Lexington Ave & E 26 St,6089,Clinton St & Joralemon St,4605,40.741459,-73.983293,40.69239502,-73.99337909,member
691193,6F1C06EA1C5F68E3,docked_bike,2021-03-30 14:13:52,2021-03-30 14:21:29,Clinton St & 4 Place,4119,Clinton St & Joralemon St,4605,40.678356,-74.000145,40.69239502,-73.99337909,member
691195,517CB856ABDD88B8,docked_bike,2021-03-17 16:54:27,2021-03-17 17:01:34,Clinton St & 4 Place,4119,Clinton St & Joralemon St,4605,40.678356,-74.000145,40.69239502,-73.99337909,member
691197,C45F3530EAFB6805,docked_bike,2021-03-16 08:16:27,2021-03-16 08:22:43,Clinton St & 4 Place,4119,Clinton St & Joralemon St,4605,40.678356,-74.000145,40.69239502,-73.99337909,member
691210,B7AD68F54798D30A,docked_bike,2021-03-13 22:07:01,2021-03-13 22:31:13,Grand St & Havemeyer St,5267,Clinton St & Joralemon St,4605,40.712868,-73.956981,40.69239502,-73.99337909,member
691233,6FA8A946C6EEEDCD,docked_bike,2021-03-02 23:11:58,2021-03-02 23:47:09,W 41 St & 8 Ave,6602,Clinton St & Joralemon St,4605,40.756405,-73.990026,40.692395,-73.993379,member
691276,515B14B6040BB56A,docked_bike,2021-03-29 18:03:07,2021-03-29 18:27:38,Washington St & Barrow St,5847,Clinton St & Joralemon St,4605,40.731911,-74.008769,40.69239502,-73.99337909,member
691278,D44619E4F50B46F4,docked_bike,2021-03-27 22:07:08,2021-03-27 22:24:16,Pulaski St & Marcus Garvey Blvd,4656,Clinton St & Joralemon St,4605,40.693398,-73.939877,40.69239502,-73.99337909,member
691284,07DBB3038A16ED6B,docked_bike,2021-03-15 10:13:43,2021-03-15 10:24:41,Union St & 4 Ave,4175,Clinton St & Joralemon St,4605,40.677274,-73.98282,40.69239502,-73.99337909,member
691289,04C4021D34C2825A,docked_bike,2021-03-26 16:19:27,2021-03-26 16:28:22,3 Ave & Schermerhorn St,4437,Clinton St & Joralemon St,4605,40.686832,-73.979677,40.69239502,-73.99337909,member
691300,998A04C828522C7A,docked_bike,2021-03-26 12:29:14,2021-03-26 12:46:41,Union St & 4 Ave,4175,Clinton St & Joralemon St,4605,40.677274,-73.98282,40.69239502,-73.99337909,member
691311,AE1FA114D656CB93,docked_bike,2021-03-30 18:36:46,2021-03-30 19:00:50,Washington St & Barrow St,5847,Clinton St & Joralemon St,4605,40.731911,-74.008769,40.69239502,-73.99337909,member
691328,9FAF2E6DA48C2D5C,docked_bike,2021-03-13 15:29:09,2021-03-13 15:37:55,3 Ave & Schermerhorn St,4437,Clinton St & Joralemon St,4605,40.686832,-73.979677,40.69239502,-73.99337909,member
691329,A39BC1B71550DD30,docked_bike,2021-03-11 14:43:11,2021-03-11 14:51:36,3 Ave & Schermerhorn St,4437,Clinton St & Joralemon St,4605,40.686832,-73.979677,40.69239502,-73.99337909,member
691330,13C6D2C5668082D0,docked_bike,2021-03-14 17:02:21,2021-03-14 17:11:09,3 Ave & Schermerhorn St,4437,Clinton St & Joralemon St,4605,40.686832,-73.979677,40.69239502,-73.99337909,member
691331,A657046C1954947E,docked_bike,2021-03-05 15:02:33,2021-03-05 15:16:40,3 Ave & Schermerhorn St,4437,Clinton St & Joralemon St,4605,40.686832,-73.979677,40.69239502,-73.99337909,member
691332,9C25CB1A26B638E9,docked_bike,2021-03-02 18:35:21,2021-03-02 18:44:00,3 Ave & Schermerhorn St,4437,Clinton St & Joralemon St,4605,40.686832,-73.979677,40.69239502,-73.99337909,member
691333,9358E58DC71DF1E3,docked_bike,2021-03-04 13:55:57,2021-03-04 14:04:09,3 Ave & Schermerhorn St,4437,Clinton St & Joralemon St,4605,40.686832,-73.979677,40.69239502,-73.99337909,member
691338,C909AA69C6A890D3,docked_bike,2021-03-27 12:38:00,2021-03-27 12:47:21,3 Ave & Schermerhorn St,4437,Clinton St & Joralemon St,4605,40.686832,-73.979677,40.69239502,-73.99337909,member
691342,A9CE4BFB1C55E147,docked_bike,2021-03-26 22:40:33,2021-03-26 22:53:52,Union St & 4 Ave,4175,Clinton St & Joralemon St,4605,40.677274,-73.98282,40.69239502,-73.99337909,member
691348,9AB1084D1BA03A7B,docked_bike,2021-03-20 09:26:16,2021-03-20 09:38:46,Union St & 4 Ave,4175,Clinton St & Joralemon St,4605,40.677274,-73.98282,40.69239502,-73.99337909,member
691362,1BFFE1D3E6AE2BB2,docked_bike,2021-03-30 14:16:21,2021-03-30 14:55:35,Union St & 4 Ave,4175,Clinton St & Joralemon St,4605,40.677274,-73.98282,40.69239502,-73.99337909,member
691391,1CAC62F32B7C617E,docked_bike,2021-03-17 18:14:15,2021-03-17 18:34:34,Washington St & Barrow St,5847,Clinton St & Joralemon St,4605,40.731911,-74.008769,40.69239502,-73.99337909,member
691392,94DA4EA0575FEFD6,docked_bike,2021-03-19 17:32:00,2021-03-19 17:55:17,Washington St & Barrow St,5847,Clinton St & Joralemon St,4605,40.731911,-74.008769,40.69239502,-73.99337909,member
691393,942FE44552CDFB44,docked_bike,2021-03-04 16:33:18,2021-03-04 16:43:39,3 Ave & Schermerhorn St,4437,Clinton St & Joralemon St,4605,40.686832,-73.979677,40.69239502,-73.99337909,member
691406,169B4C623C2B0442,docked_bike,2021-03-27 07:51:45,2021-03-27 07:59:53,3 Ave & Schermerhorn St,4437,Clinton St & Joralemon St,4605,40.686832,-73.979677,40.69239502,-73.99337909,member
691437,312EE7F44F271915,docked_bike,2021-03-03 15:41:15,2021-03-03 15:50:33,Atlantic Ave & Fort Greene Pl,4354,Clinton St & Joralemon St,4605,40.683826,-73.976323,40.69239502,-73.99337909,casual
691451,1DD00AF6DEF82E13,docked_bike,2021-03-19 08:53:45,2021-03-19 09:02:06,Union St & 4 Ave,4175,Clinton St & Joralemon St,4605,40.677274,-73.98282,40.69239502,-73.99337909,member
691452,E66EED9EE4F19A64,docked_bike,2021-03-11 17:58:01,2021-03-11 18:21:56,Washington St & Barrow St,5847,Clinton St & Joralemon St,4605,40.731911,-74.008769,40.69239502,-73.99337909,member
691462,753C544E5F34ED1C,docked_bike,2021-03-31 12:43:56,2021-03-31 12:57:57,Atlantic Ave & Fort Greene Pl,4354,Clinton St & Joralemon St,4605,40.683826,-73.976323,40.69239502,-73.99337909,member
691468,727D8CFA4CEF0877,docked_bike,2021-03-21 13:17:24,2021-03-21 13:29:41,Union St & 4 Ave,4175,Clinton St & Joralemon St,4605,40.677274,-73.98282,40.69239502,-73.99337909,member
691469,313B021BB8BB769B,docked_bike,2021-03-26 22:40:42,2021-03-26 22:54:03,Union St & 4 Ave,4175,Clinton St & Joralemon St,4605,40.677274,-73.98282,40.69239502,-73.99337909,member
691472,6AAEB37C8AB4B5D1,docked_bike,2021-03-10 07:43:01,2021-03-10 08:04:40,41 St & 4 Ave,3347,Clinton St & Joralemon St,4605,40.651354,-74.007168,40.69239502,-73.99337909,member
691504,8F5351882A720F60,docked_bike,2021-03-30 12:18:00,2021-03-30 12:29:52,Clinton St & Joralemon St,4605,Fulton St & Broadway,5175,40.692395,-73.993379,40.711066,-74.009447,member
691531,FDFA5A12A4DFF8A6,docked_bike,2021-03-02 10:32:44,2021-03-02 10:43:45,Atlantic Ave & Fort Greene Pl,4354,Clinton St & Joralemon St,4605,40.683826,-73.976323,40.69239502,-73.99337909,casual
691547,EA8E9B687C9019EA,docked_bike,2021-03-09 17:56:02,2021-03-09 18:04:53,Atlantic Ave & Fort Greene Pl,4354,Clinton St & Joralemon St,4605,40.683826,-73.976323,40.69239502,-73.99337909,member
691562,3839DD9652783E8C,docked_bike,2021-03-15 07:28:47,2021-03-15 07:52:46,N 11 St & Kent Ave,5489,Clinton St & Joralemon St,4605,40.722481,-73.959219,40.69239502,-73.99337909,member
691595,1BEE269FFE6FD95F,docked_bike,2021-03-26 14:04:18,2021-03-26 14:13:03,Front St & Gold St,4927,Clinton St & Joralemon St,4605,40.70224,-73.982578,40.69239502,-73.99337909,casual
691620,CFAE6339E23DAEF4,docked_bike,2021-03-09 20:37:18,2021-03-09 20:48:27,Adelphi St & Myrtle Ave,4620,Clinton St & Joralemon St,4605,40.693082,-73.971789,40.69239502,-73.99337909,member
691718,8E19BB315C348548,docked_bike,2021-03-27 16:27:25,2021-03-27 16:49:21,Hancock St & Bedford Ave,4255,Clinton St & Joralemon St,4605,40.682165,-73.95399,40.69239502,-73.99337909,casual
691744,4D21CFB0A0E211D1,docked_bike,2021-03-09 17:48:08,2021-03-09 17:54:56,Lafayette Ave & Fort Greene Pl,4395,Clinton St & Joralemon St,4605,40.686918,-73.976682,40.69239502,-73.99337909,member
691799,8FE60B753BFED6AD,docked_bike,2021-03-31 17:27:04,2021-03-31 17:31:09,Schermerhorn St & Bond St,4479,Clinton St & Joralemon St,4605,40.688417,-73.984516,40.69239502,-73.99337909,member
691806,A5A1E68E60938E89,docked_bike,2021-03-27 14:50:00,2021-03-27 14:55:05,Schermerhorn St & Bond St,4479,Clinton St & Joralemon St,4605,40.688417,-73.984516,40.69239502,-73.99337909,casual
691815,ECFCC5461B334CBF,docked_bike,2021-03-29 08:22:08,2021-03-29 08:25:54,Schermerhorn St & Bond St,4479,Clinton St & Joralemon St,4605,40.688417,-73.984516,40.69239502,-73.99337909,member
691817,255AB5C135CA3159,docked_bike,2021-03-11 08:57:06,2021-03-11 09:01:37,Schermerhorn St & Bond St,4479,Clinton St & Joralemon St,4605,40.688417,-73.984516,40.69239502,-73.99337909,member
691821,B0B08FA97D6ED424,docked_bike,2021-03-21 12:44:34,2021-03-21 12:48:25,Schermerhorn St & Bond St,4479,Clinton St & Joralemon St,4605,40.688417,-73.984517,40.692395,-73.993379,member
691837,ECD7B20327171757,docked_bike,2021-03-09 18:17:25,2021-03-09 18:26:29,DeKalb Ave & Vanderbilt Ave,4461,Clinton St & Joralemon St,4605,40.689407,-73.968854,40.69239502,-73.99337909,casual
691866,48907A0147B4FF16,docked_bike,2021-03-13 15:56:27,2021-03-13 16:28:30,Warren St & W Broadway,5288,Clinton St & Joralemon St,4605,40.714739,-74.009106,40.69239502,-73.99337909,member
691897,4B1DA35D82A110E6,docked_bike,2021-03-01 11:35:18,2021-03-01 11:53:49,10 St & 5 Ave,3842,Clinton St & Joralemon St,4605,40.668627,-73.987,40.69239502,-73.99337909,casual
691925,9C5CE4819695CA4C,docked_bike,2021-03-23 20:25:53,2021-03-23 20:31:29,Schermerhorn St & Bond St,4479,Clinton St & Joralemon St,4605,40.688417,-73.984516,40.69239502,-73.99337909,member
691930,F7007F00A277288A,docked_bike,2021-03-14 12:45:40,2021-03-14 13:03:48,Classon Ave & St Marks Ave,4074,Clinton St & Joralemon St,4605,40.676519,-73.959608,40.69239502,-73.99337909,member
691984,EB5932EEFA23339A,docked_bike,2021-03-11 19:09:39,2021-03-11 19:20:22,Cliff St & Fulton St,5065,Clinton St & Joralemon St,4605,40.70838,-74.00495,40.69239502,-73.99337909,member
692041,C7E1C5FC2235BA3E,docked_bike,2021-03-09 09:41:25,2021-03-09 09:46:53,Columbia St & Kane St,4422,Clinton St & Joralemon St,4605,40.687631,-74.001625,40.69239502,-73.99337909,member
692044,8941651A5EEA9644,docked_bike,2021-03-29 11:45:54,2021-03-29 11:52:08,Columbia St & Kane St,4422,Clinton St & Joralemon St,4605,40.687631,-74.001625,40.69239502,-73.99337909,member
692055,01442D9C97EAE4C4,docked_bike,2021-03-23 07:26:19,2021-03-23 07:42:21,Columbia St & Kane St,4422,Clinton St & Joralemon St,4605,40.687631,-74.001625,40.69239502,-73.99337909,member
692056,AA10BDC0ED35F447,docked_bike,2021-03-05 08:13:29,2021-03-05 08:19:54,Columbia St & Kane St,4422,Clinton St & Joralemon St,4605,40.687631,-74.001625,40.69239502,-73.99337909,member
692057,18D9B0B1A0156B8D,docked_bike,2021-03-15 08:15:33,2021-03-15 08:22:12,Columbia St & Kane St,4422,Clinton St & Joralemon St,4605,40.687631,-74.001625,40.69239502,-73.99337909,member
692065,0C9311D2C54625E0,docked_bike,2021-03-11 09:47:03,2021-03-11 09:53:12,Columbia St & Kane St,4422,Clinton St & Joralemon St,4605,40.687631,-74.001625,40.69239502,-73.99337909,member
692066,63BC95584D1CEF9A,docked_bike,2021-03-19 17:40:00,2021-03-19 17:47:01,Columbia St & Kane St,4422,Clinton St & Joralemon St,4605,40.687631,-74.001625,40.69239502,-73.99337909,member
692082,8841094D949E0F56,docked_bike,2021-03-26 20:41:37,2021-03-26 20:48:51,Brooklyn Bridge Park - Pier 2,4756,Clinton St & Joralemon St,4605,40.698458,-73.997178,40.69239502,-73.99337909,casual
692086,122A7720177D79E3,docked_bike,2021-03-12 17:38:50,2021-03-12 17:56:30,Brooklyn Bridge Park - Pier 2,4756,Clinton St & Joralemon St,4605,40.698458,-73.997178,40.69239502,-73.99337909,casual
692105,DDE875D0D3C6D921,docked_bike,2021-03-16 09:46:50,2021-03-16 09:53:06,Columbia St & Kane St,4422,Clinton St & Joralemon St,4605,40.687631,-74.001625,40.69239502,-73.99337909,member
692141,B6086241EF71F210,docked_bike,2021-03-11 15:11:42,2021-03-11 15:32:31,Brooklyn Bridge Park - Pier 2,4756,Clinton St & Joralemon St,4605,40.698458,-73.997178,40.69239502,-73.99337909,casual
692259,28E3EFB88D7C82AB,docked_bike,2021-03-10 08:49:34,2021-03-10 09:04:55,14 St & 7 Ave,3731,Clinton St & Joralemon St,4605,40.663779,-73.983968,40.69239502,-73.99337909,member
692260,1F73AE1E59BA77B8,docked_bike,2021-03-16 13:27:25,2021-03-16 13:30:29,Pierrepont St & Monroe Pl,4718,Clinton St & Joralemon St,4605,40.695357,-73.99344,40.692395,-73.993379,member
692264,E4469BBBCC976B93,docked_bike,2021-03-30 14:01:19,2021-03-30 14:28:10,14 St & 7 Ave,3731,Clinton St & Joralemon St,4605,40.663779,-73.983968,40.69239502,-73.99337909,member
692274,437F425650CB099A,docked_bike,2021-03-25 17:38:03,2021-03-25 17:53:52,Grand Army Plaza & Plaza St West,4010,Clinton St & Joralemon St,4605,40.672967,-73.970879,40.69239502,-73.99337909,member
692332,9574A938FFA2F76C,docked_bike,2021-03-11 16:10:47,2021-03-11 16:30:24,Grand Army Plaza & Plaza St West,4010,Clinton St & Joralemon St,4605,40.672967,-73.970879,40.69239502,-73.99337909,member
692336,E4E898D0D256D274,docked_bike,2021-03-20 19:24:18,2021-03-20 19:45:47,Verona Pl & Fulton St,4124,Clinton St & Joralemon St,4605,40.680356,-73.947679,40.69239502,-73.99337909,casual
692348,C6B6033533F7ABBA,docked_bike,2021-03-17 08:54:34,2021-03-17 09:06:54,Van Brunt St & Wolcott St,4095,Clinton St & Joralemon St,4605,40.677342,-74.01275,40.69239502,-73.99337909,member
692358,75351951844F76C7,docked_bike,2021-03-16 08:50:20,2021-03-16 09:03:32,Van Brunt St & Wolcott St,4095,Clinton St & Joralemon St,4605,40.677342,-74.01275,40.69239502,-73.99337909,member
692364,61CD5F3345346519,docked_bike,2021-03-16 21:27:37,2021-03-16 21:36:23,Van Brunt St & Wolcott St,4095,Clinton St & Joralemon St,4605,40.677342,-74.01275,40.69239502,-73.99337909,member
692389,CD1976F760A5099B,docked_bike,2021-03-04 09:05:17,2021-03-04 09:22:06,Van Brunt St & Wolcott St,4095,Clinton St & Joralemon St,4605,40.677342,-74.01275,40.69239502,-73.99337909,member
692402,BBA94557532A88A8,docked_bike,2021-03-20 11:08:33,2021-03-20 11:26:38,Cambridge Pl & Gates Ave,4377,Clinton St & Joralemon St,4605,40.68488,-73.96304,40.69239502,-73.99337909,member
692405,EC28BFB84D247DFB,docked_bike,2021-03-09 08:42:57,2021-03-09 08:52:51,Van Brunt St & Wolcott St,4095,Clinton St & Joralemon St,4605,40.677343,-74.012751,40.692395,-73.993379,member
692425,7DE5BDBFA076372C,docked_bike,2021-03-05 15:45:51,2021-03-05 16:01:40,Grand St & Elizabeth St,5382,Clinton St & Joralemon St,4605,40.718822,-73.99596,40.692395,-73.993379,member
692449,45E1AE223856E4FC,docked_bike,2021-03-08 15:46:49,2021-03-08 16:02:03,Richards St & Delavan St,4202,Clinton St & Joralemon St,4605,40.679432,-74.00785,40.69239502,-73.99337909,member
692500,6244CA2B75DAC332,docked_bike,2021-03-07 16:30:32,2021-03-07 16:41:37,Atlantic Ave & Fort Greene Pl,4354,Clinton St & Joralemon St,4605,40.683826,-73.976323,40.69239502,-73.99337909,member
692510,00D6805A857B20C6,docked_bike,2021-03-07 14:23:38,2021-03-07 14:33:03,Clinton St & Tillary St,4748,Clinton St & Joralemon St,4605,40.696232,-73.99142,40.69239502,-73.99337909,casual
692530,424A72EF6F05DD8B,docked_bike,2021-03-26 12:42:42,2021-03-26 12:51:38,3 Ave & Schermerhorn St,4437,Clinton St & Joralemon St,4605,40.686832,-73.979677,40.69239502,-73.99337909,member
692547,03A058182C605BD7,docked_bike,2021-03-04 09:23:09,2021-03-04 09:47:26,St James Pl & Oliver St,5238,Clinton St & Joralemon St,4605,40.713079,-73.998511,40.69239502,-73.99337909,member
692603,15E37586BA958EB8,docked_bike,2021-03-13 20:10:11,2021-03-13 20:29:21,Dwight St & Van Dyke St,3981,Clinton St & Joralemon St,4605,40.673635,-74.011955,40.69239502,-73.99337909,member
692604,A46A9A01DB74BECB,docked_bike,2021-03-10 21:22:21,2021-03-10 21:39:10,Dwight St & Van Dyke St,3981,Clinton St & Joralemon St,4605,40.673635,-74.011955,40.69239502,-73.99337909,member
692638,48F4C50920728D81,docked_bike,2021-03-05 07:51:49,2021-03-05 07:55:49,Lawrence St & Willoughby St,4596,Clinton St & Joralemon St,4605,40.692362,-73.986317,40.692395,-73.993379,member
692646,E600B596AA9509F5,docked_bike,2021-03-09 13:27:38,2021-03-09 13:51:22,Montgomery St & Franklin Ave,3776,Clinton St & Joralemon St,4605,40.666439,-73.960556,40.69239502,-73.99337909,casual
692649,24C2A5CB6F062FE2,docked_bike,2021-03-23 18:49:31,2021-03-23 18:52:11,Lawrence St & Willoughby St,4596,Clinton St & Joralemon St,4605,40.692361,-73.986317,40.69239502,-73.99337909,member
692704,803012444C050EDA,docked_bike,2021-03-03 18:04:59,2021-03-03 18:49:50,Pierrepont St & Monroe Pl,4718,Clinton St & Joralemon St,4605,40.695356,-73.99344,40.69239502,-73.99337909,member
692714,496955BE3818A767,docked_bike,2021-03-14 20:41:02,2021-03-14 21:01:01,West Thames St,5114,Clinton St & Joralemon St,4605,40.708346,-74.017134,40.69239502,-73.99337909,casual
692731,EE28D62E21E649A6,docked_bike,2021-03-29 15:17:15,2021-03-29 15:42:26,West Thames St,5114,Clinton St & Joralemon St,4605,40.708346,-74.017134,40.69239502,-73.99337909,member
692770,0453FAC2EFC81D4A,docked_bike,2021-03-13 10:02:14,2021-03-13 10:25:29,Pearl St & Hanover Square,4993,Clinton St & Joralemon St,4605,40.704717,-74.00926,40.69239502,-73.99337909,casual
692796,2CA9C0DF6CAC1065,docked_bike,2021-03-10 18:38:01,2021-03-10 18:50:03,Cliff St & Fulton St,5065,Clinton St & Joralemon St,4605,40.70838,-74.00495,40.69239502,-73.99337909,member
692826,9F63418079E91A48,docked_bike,2021-03-19 20:57:32,2021-03-19 21:05:01,Degraw St & Smith St,4298,Clinton St & Joralemon St,4605,40.682915,-73.993182,40.69239502,-73.99337909,member
692859,F9F4F4B00C0AA751,docked_bike,2021-03-03 19:41:56,2021-03-03 20:01:10,Henry St & Atlantic Ave,4531,Clinton St & Joralemon St,4605,40.690892,-73.996123,40.69239502,-73.99337909,member
692873,614AB92D2F2C7B61,docked_bike,2021-03-15 18:08:36,2021-03-15 18:15:38,Degraw St & Smith St,4298,Clinton St & Joralemon St,4605,40.682915,-73.993182,40.692395,-73.993379,member
692886,FB6A971DDF6ADA42,docked_bike,2021-03-12 17:54:02,2021-03-12 18:25:44,Henry St & Atlantic Ave,4531,Clinton St & Joralemon St,4605,40.690892,-73.996123,40.69239502,-73.99337909,member
692904,47A3DE5B35840D38,docked_bike,2021-03-09 11:08:44,2021-03-09 11:10:38,Henry St & Atlantic Ave,4531,Clinton St & Joralemon St,4605,40.690893,-73.996123,40.692395,-73.993379,member
692907,6C086303EDF16D60,docked_bike,2021-03-08 21:02:58,2021-03-08 21:05:32,Henry St & Atlantic Ave,4531,Clinton St & Joralemon St,4605,40.690892,-73.996123,40.69239502,-73.99337909,member
692930,3800DF138B30CB4D,docked_bike,2021-03-30 17:12:54,2021-03-30 17:16:22,Henry St & Atlantic Ave,4531,Clinton St & Joralemon St,4605,40.690892,-73.996123,40.69239502,-73.99337909,member
692936,3DDB9A9DF20D30B9,docked_bike,2021-03-02 14:21:22,2021-03-02 14:23:41,Henry St & Atlantic Ave,4531,Clinton St & Joralemon St,4605,40.690892,-73.996123,40.69239502,-73.99337909,member
692964,4BD6152243C31302,docked_bike,2021-03-04 15:57:32,2021-03-04 15:59:03,Henry St & Atlantic Ave,4531,Clinton St & Joralemon St,4605,40.690893,-73.996123,40.692395,-73.993379,member
692980,A9F292E129CD088D,docked_bike,2021-03-14 11:22:15,2021-03-14 11:25:06,State St & Smith St,4565,Clinton St & Joralemon St,4605,40.689269,-73.989128,40.69239502,-73.99337909,member
692984,952077689612DC62,docked_bike,2021-03-24 13:21:48,2021-03-24 13:23:46,Henry St & Atlantic Ave,4531,Clinton St & Joralemon St,4605,40.690892,-73.996123,40.69239502,-73.99337909,member
692992,2E41891436F060A9,docked_bike,2021-03-16 16:09:44,2021-03-16 16:11:57,Henry St & Atlantic Ave,4531,Clinton St & Joralemon St,4605,40.690892,-73.996123,40.69239502,-73.99337909,member
693004,E9EAF0395B2E68A8,docked_bike,2021-03-02 14:29:41,2021-03-02 14:32:37,Henry St & Atlantic Ave,4531,Clinton St & Joralemon St,4605,40.690892,-73.996123,40.69239502,-73.99337909,member
693005,D91E7143D4FB6F22,docked_bike,2021-03-11 15:07:49,2021-03-11 15:10:01,Henry St & Atlantic Ave,4531,Clinton St & Joralemon St,4605,40.690892,-73.996123,40.69239502,-73.99337909,member
693009,2D5F9708A0185561,docked_bike,2021-03-10 16:08:15,2021-03-10 16:13:34,Degraw St & Smith St,4298,Clinton St & Joralemon St,4605,40.682915,-73.993182,40.69239502,-73.99337909,member
693024,9210FE7F84015F71,docked_bike,2021-03-04 15:57:43,2021-03-04 16:06:23,Degraw St & Smith St,4298,Clinton St & Joralemon St,4605,40.682915,-73.993182,40.69239502,-73.99337909,member
693032,703CCE63EE5C324B,docked_bike,2021-03-08 16:07:42,2021-03-08 16:09:55,Henry St & Atlantic Ave,4531,Clinton St & Joralemon St,4605,40.690892,-73.996123,40.69239502,-73.99337909,member
693033,391AA0DAB6E21781,docked_bike,2021-03-11 15:15:04,2021-03-11 15:17:03,Henry St & Atlantic Ave,4531,Clinton St & Joralemon St,4605,40.690892,-73.996123,40.69239502,-73.99337909,member
693036,15F4F70214ED8098,docked_bike,2021-03-07 15:45:06,2021-03-07 15:47:30,Henry St & Atlantic Ave,4531,Clinton St & Joralemon St,4605,40.690892,-73.996123,40.69239502,-73.99337909,member
693040,7FBE380BCAB4A626,docked_bike,2021-03-21 12:54:58,2021-03-21 12:59:14,State St & Smith St,4565,Clinton St & Joralemon St,4605,40.689269,-73.989128,40.69239502,-73.99337909,member
693044,A31D33805D6B66E9,docked_bike,2021-03-02 11:52:38,2021-03-02 11:56:33,State St & Smith St,4565,Clinton St & Joralemon St,4605,40.689269,-73.989128,40.69239502,-73.99337909,member
693059,530C01E5E1ECC6FB,docked_bike,2021-03-06 11:44:05,2021-03-06 11:46:27,Henry St & Atlantic Ave,4531,Clinton St & Joralemon St,4605,40.690892,-73.996123,40.69239502,-73.99337909,member
693081,874A0C73F74BD458,docked_bike,2021-03-02 20:55:25,2021-03-02 20:57:09,Henry St & Atlantic Ave,4531,Clinton St & Joralemon St,4605,40.690892,-73.996123,40.69239502,-73.99337909,member
693082,B02D8296088C3843,docked_bike,2021-03-19 15:12:52,2021-03-19 15:18:13,Cadman Plaza E & Red Cross Pl,4821,Clinton St & Joralemon St,4605,40.699917,-73.989717,40.69239502,-73.99337909,member
693110,29CDCA5BE15F63C3,docked_bike,2021-03-27 13:34:55,2021-03-27 14:39:13,E 89 St & York Ave,7204,Clinton St & Joralemon St,4605,40.777945,-73.946041,40.69239502,-73.99337909,member
693169,1812B902343CCE7F,docked_bike,2021-03-30 17:54:00,2021-03-30 18:00:27,Cadman Plaza E & Red Cross Pl,4821,Clinton St & Joralemon St,4605,40.699918,-73.989718,40.692395,-73.993379,member
693175,2851DB5CA6F6348F,docked_bike,2021-03-09 07:05:40,2021-03-09 07:07:58,State St & Smith St,4565,Clinton St & Joralemon St,4605,40.689269,-73.989128,40.69239502,-73.99337909,member
693199,649E94B9172D222C,docked_bike,2021-03-03 08:58:27,2021-03-03 09:05:24,Smith St & 3 St,4151,Clinton St & Joralemon St,4605,40.678724,-73.99599,40.69239502,-73.99337909,member
693222,7F34D11E98B45D9E,docked_bike,2021-03-13 10:01:33,2021-03-13 10:25:40,Pearl St & Hanover Square,4993,Clinton St & Joralemon St,4605,40.704717,-74.00926,40.69239502,-73.99337909,casual
693228,9AFDBC720F922725,docked_bike,2021-03-26 09:04:36,2021-03-26 09:13:19,Court St & Nelson St,4077,Clinton St & Joralemon St,4605,40.676394,-73.998698,40.69239502,-73.99337909,casual
693231,6D5B407AF978C2BA,docked_bike,2021-03-02 09:38:25,2021-03-02 09:46:40,Court St & Nelson St,4077,Clinton St & Joralemon St,4605,40.676394,-73.998698,40.69239502,-73.99337909,member
693265,B852174A9EB7DE56,docked_bike,2021-03-25 10:36:20,2021-03-25 10:42:10,State St & Smith St,4565,Clinton St & Joralemon St,4605,40.689269,-73.989128,40.69239502,-73.99337909,member
693267,97366209B813292A,docked_bike,2021-03-24 06:44:46,2021-03-24 06:47:51,State St & Smith St,4565,Clinton St & Joralemon St,4605,40.689269,-73.989128,40.69239502,-73.99337909,member
693268,39100A80237D409E,docked_bike,2021-03-22 07:07:24,2021-03-22 07:09:59,State St & Smith St,4565,Clinton St & Joralemon St,4605,40.689269,-73.989128,40.69239502,-73.99337909,member
693276,8D6857ACFA52268C,docked_bike,2021-03-04 10:22:32,2021-03-04 10:30:50,Dean St & Hoyt St,4446,Clinton St & Joralemon St,4605,40.686444,-73.987591,40.69239502,-73.99337909,member
693279,3E5F9C88A701366F,docked_bike,2021-03-27 09:18:14,2021-03-27 09:34:08,Court St & Nelson St,4077,Clinton St & Joralemon St,4605,40.676394,-73.998698,40.69239502,-73.99337909,casual
693282,A9E00CDCD6EF7D08,docked_bike,2021-03-17 14:22:20,2021-03-17 14:30:40,Dean St & Hoyt St,4446,Clinton St & Joralemon St,4605,40.686444,-73.987591,40.69239502,-73.99337909,casual
693291,570377650D3FD426,docked_bike,2021-03-06 14:26:11,2021-03-06 14:36:09,Court St & Nelson St,4077,Clinton St & Joralemon St,4605,40.676394,-73.998698,40.69239502,-73.99337909,casual
693299,6C103A5F358D0058,docked_bike,2021-03-04 09:28:22,2021-03-04 09:41:16,Court St & Nelson St,4077,Clinton St & Joralemon St,4605,40.676395,-73.998699,40.692395,-73.993379,member
693304,3D442632CC2B52B0,docked_bike,2021-03-12 14:59:48,2021-03-12 15:10:36,Dean St & Hoyt St,4446,Clinton St & Joralemon St,4605,40.686444,-73.987591,40.69239502,-73.99337909,casual
693340,B2FBF2772E699864,docked_bike,2021-03-02 20:14:08,2021-03-02 20:19:42,Dean St & Hoyt St,4446,Clinton St & Joralemon St,4605,40.686444,-73.987591,40.69239502,-73.99337909,member
693369,F1FD34517FAE3994,docked_bike,2021-03-25 13:43:34,2021-03-25 14:03:09,Verona Pl & Fulton St,4124,Clinton St & Joralemon St,4605,40.680356,-73.947679,40.69239502,-73.99337909,casual
693525,043B5674B9302FAE,docked_bike,2021-03-24 14:05:26,2021-03-24 14:18:31,Forsyth St\t& Grand St,5382,Clinton St & Joralemon St,4605,40.717798,-73.993161,40.69239502,-73.99337909,member
693537,8B2ADB7A59BE6E6D,docked_bike,2021-03-11 18:19:52,2021-03-11 18:42:01,Carroll St & 6 Ave,4019,Clinton St & Joralemon St,4605,40.674089,-73.978728,40.692395,-73.993379,member
693538,47341D042BB7FF52,docked_bike,2021-03-20 15:25:08,2021-03-20 15:29:03,Congress St & Clinton St,4455,Clinton St & Joralemon St,4605,40.688152,-73.995209,40.69239502,-73.99337909,member
693539,7E92785048200135,docked_bike,2021-03-10 15:49:00,2021-03-10 15:51:50,Congress St & Clinton St,4455,Clinton St & Joralemon St,4605,40.688152,-73.995209,40.69239502,-73.99337909,member
693541,0859BD488013652D,docked_bike,2021-03-02 20:24:42,2021-03-02 20:27:45,Congress St & Clinton St,4455,Clinton St & Joralemon St,4605,40.688153,-73.995209,40.692395,-73.993379,member
693545,C832DE9D342AADAD,docked_bike,2021-03-05 08:29:16,2021-03-05 08:52:01,Congress St & Clinton St,4455,Clinton St & Joralemon St,4605,40.688153,-73.995209,40.692395,-73.993379,member
693548,6BB8BB424CC47B9D,docked_bike,2021-03-27 08:42:51,2021-03-27 08:44:59,Congress St & Clinton St,4455,Clinton St & Joralemon St,4605,40.688152,-73.995209,40.69239502,-73.99337909,member
693556,35813FE65DCC47A6,docked_bike,2021-03-10 07:19:46,2021-03-10 07:22:18,Congress St & Clinton St,4455,Clinton St & Joralemon St,4605,40.688152,-73.995209,40.69239502,-73.99337909,member
693570,7BD079A1DCB2C431,docked_bike,2021-03-04 13:07:15,2021-03-04 13:15:24,Front St & Washington St,4936,Clinton St & Joralemon St,4605,40.70255,-73.989402,40.69239502,-73.99337909,member
693574,226A9EE3A74D593B,docked_bike,2021-03-18 20:11:09,2021-03-18 20:19:45,Front St & Washington St,4936,Clinton St & Joralemon St,4605,40.70255,-73.989402,40.69239502,-73.99337909,casual
693693,201A044BF334C1EE,docked_bike,2021-03-15 20:27:47,2021-03-16 21:27:34,Clark St & Henry St,4789,Clinton St & Joralemon St,4605,40.697601,-73.993445,40.69239502,-73.99337909,casual
693697,D26B86E551F37E01,docked_bike,2021-03-24 14:16:26,2021-03-24 14:20:22,Clark St & Henry St,4789,Clinton St & Joralemon St,4605,40.697601,-73.993445,40.69239502,-73.99337909,member
693699,C69921D0F4942513,docked_bike,2021-03-20 15:42:29,2021-03-20 15:51:23,Pacific St & Nevins St,4362,Clinton St & Joralemon St,4605,40.685376,-73.983021,40.69239502,-73.99337909,member
693700,2DBFDD77B4B63948,docked_bike,2021-03-08 12:46:54,2021-03-08 12:53:39,Pacific St & Nevins St,4362,Clinton St & Joralemon St,4605,40.685376,-73.983021,40.69239502,-73.99337909,member
693706,10EA5352C2F9CA19,docked_bike,2021-03-24 12:03:03,2021-03-24 12:10:22,Pacific St & Nevins St,4362,Clinton St & Joralemon St,4605,40.685376,-73.983021,40.69239502,-73.99337909,member
693707,812AD4C774ABE8C7,docked_bike,2021-03-30 18:10:17,2021-03-30 18:32:42,Clark St & Henry St,4789,Clinton St & Joralemon St,4605,40.697601,-73.993445,40.69239502,-73.99337909,member
693713,F3CD19D7D9CA028C,docked_bike,2021-03-22 11:30:53,2021-03-22 11:34:23,Clark St & Henry St,4789,Clinton St & Joralemon St,4605,40.697601,-73.993445,40.69239502,-73.99337909,member
693717,48B1C55B19CE9A81,docked_bike,2021-03-12 13:31:26,2021-03-12 13:36:54,Pacific St & Nevins St,4362,Clinton St & Joralemon St,4605,40.685376,-73.983021,40.69239502,-73.99337909,member
693719,822ADEA5388430FF,docked_bike,2021-03-15 00:20:56,2021-03-15 00:24:44,Clark St & Henry St,4789,Clinton St & Joralemon St,4605,40.697601,-73.993445,40.69239502,-73.99337909,member
693726,E6F69C4B04F26B9D,docked_bike,2021-03-23 15:58:45,2021-03-23 16:02:24,Clark St & Henry St,4789,Clinton St & Joralemon St,4605,40.697601,-73.993445,40.69239502,-73.99337909,member
693750,3D8B8A41AA7A663D,docked_bike,2021-03-09 17:08:43,2021-03-09 17:16:01,Degraw St & Hoyt St,4258,Clinton St & Joralemon St,4605,40.68199,-73.99079,40.69239502,-73.99337909,member
693771,30241FCAF0B334A4,docked_bike,2021-03-06 00:10:09,2021-03-06 00:13:15,Clark St & Henry St,4789,Clinton St & Joralemon St,4605,40.697601,-73.993446,40.692395,-73.993379,member
693791,8F35011C445545EE,docked_bike,2021-03-11 18:08:47,2021-03-11 18:44:40,Vernon Blvd & 47 Rd,6212,Clinton St & Joralemon St,4605,40.744906,-73.953457,40.69239502,-73.99337909,member
693795,6B2D534CF33993FF,docked_bike,2021-03-12 10:42:31,2021-03-12 10:46:47,Clark St & Henry St,4789,Clinton St & Joralemon St,4605,40.697601,-73.993445,40.69239502,-73.99337909,member
693810,6D5F7DCBA73D51A1,docked_bike,2021-03-23 15:22:43,2021-03-23 15:49:19,1 Ave & E 5 St,5626,Clinton St & Joralemon St,4605,40.725864,-73.986389,40.69239502,-73.99337909,casual
693842,44293B0BB409940A,docked_bike,2021-03-01 16:02:32,2021-03-01 16:10:27,Bond St & Bergen St,4404,Clinton St & Joralemon St,4605,40.684966,-73.986207,40.69239502,-73.99337909,member
693847,D074C8062151C9A4,docked_bike,2021-03-30 17:24:42,2021-03-30 18:05:34,Bond St & Bergen St,4404,Clinton St & Joralemon St,4605,40.684966,-73.986207,40.69239502,-73.99337909,member
693851,935846D2D778870A,docked_bike,2021-03-22 08:06:16,2021-03-22 08:12:51,Clinton St & Union St,4266,Clinton St & Joralemon St,4605,40.683116,-73.997852,40.69239502,-73.99337909,member
693873,79DAF852D1007B33,docked_bike,2021-03-25 19:21:06,2021-03-25 19:27:46,Clinton St & Union St,4266,Clinton St & Joralemon St,4605,40.683116,-73.997852,40.69239502,-73.99337909,casual
693877,8A4D21B4AEC3181C,docked_bike,2021-03-05 20:40:38,2021-03-05 21:01:49,Sigourney St & Columbia St,3940,Clinton St & Joralemon St,4605,40.672672,-74.008795,40.69239502,-73.99337909,member
693885,62F2300B7E6D673E,docked_bike,2021-03-22 19:53:40,2021-03-22 19:58:11,Clinton St & Union St,4266,Clinton St & Joralemon St,4605,40.683116,-73.997852,40.69239502,-73.99337909,member
693890,77E0B97569E9341B,docked_bike,2021-03-19 18:59:08,2021-03-19 19:04:31,Clinton St & Union St,4266,Clinton St & Joralemon St,4605,40.683116,-73.997853,40.692395,-73.993379,casual
693918,DFD9B1A299BD9768,docked_bike,2021-03-29 12:09:58,2021-03-29 12:16:40,Clinton St & Union St,4266,Clinton St & Joralemon St,4605,40.683116,-73.997852,40.69239502,-73.99337909,member
693931,75097F853904D7E5,docked_bike,2021-03-24 11:38:21,2021-03-24 11:58:43,Sterling Pl & Bedford Ave,3993,Clinton St & Joralemon St,4605,40.672695,-73.954131,40.69239502,-73.99337909,casual
693933,76544877F9CC81C9,docked_bike,2021-03-26 18:40:33,2021-03-26 18:48:33,Clinton St & Union St,4266,Clinton St & Joralemon St,4605,40.683116,-73.997852,40.69239502,-73.99337909,member
693934,84F52667C4B5B7A7,docked_bike,2021-03-15 08:20:40,2021-03-15 08:25:57,Clinton St & Union St,4266,Clinton St & Joralemon St,4605,40.683116,-73.997852,40.69239502,-73.99337909,casual
693944,95324264B5BAE37E,docked_bike,2021-03-22 18:26:11,2021-03-22 18:43:24,Franklin Ave & St Marks Ave,4107,Clinton St & Joralemon St,4605,40.675832,-73.956167,40.69239502,-73.99337909,member
693948,68972C6E632EFC25,docked_bike,2021-03-16 08:18:03,2021-03-16 08:25:35,Clinton St & Union St,4266,Clinton St & Joralemon St,4605,40.683116,-73.997852,40.69239502,-73.99337909,member
693951,E43934E10D345A60,docked_bike,2021-03-10 09:50:00,2021-03-10 09:55:25,Clinton St & Union St,4266,Clinton St & Joralemon St,4605,40.683116,-73.997852,40.69239502,-73.99337909,member
693981,CEC193DC25A431BC,docked_bike,2021-03-31 14:18:02,2021-03-31 14:22:38,Clinton St & Union St,4266,Clinton St & Joralemon St,4605,40.683116,-73.997852,40.69239502,-73.99337909,member
693984,E946249CF4109947,docked_bike,2021-03-13 13:22:32,2021-03-13 13:59:59,1 Ave & E 62 St,6753,Clinton St & Joralemon St,4605,40.761227,-73.96094,40.69239502,-73.99337909,member
693985,274637F486D4A86D,docked_bike,2021-03-03 08:25:46,2021-03-03 09:05:46,1 Ave & E 62 St,6753,Clinton St & Joralemon St,4605,40.761227,-73.96094,40.69239502,-73.99337909,member
693986,63E9FA09D19FADB5,docked_bike,2021-03-04 08:13:58,2021-03-04 08:42:51,University Pl & E 8 St,5755,Clinton St & Joralemon St,4605,40.731437,-73.994903,40.69239502,-73.99337909,member
693987,14C803E418FD796B,docked_bike,2021-03-09 09:27:40,2021-03-09 10:01:42,1 Ave & E 62 St,6753,Clinton St & Joralemon St,4605,40.761227,-73.96094,40.69239502,-73.99337909,member
694025,A62F4748C79542EB,docked_bike,2021-03-12 15:13:45,2021-03-12 15:20:00,Pacific St & Nevins St,4362,Clinton St & Joralemon St,4605,40.685376,-73.983021,40.69239502,-73.99337909,member
694032,1A68ECF5532A5C67,docked_bike,2021-03-24 08:42:56,2021-03-24 08:46:41,Clark St & Henry St,4789,Clinton St & Joralemon St,4605,40.697601,-73.993445,40.69239502,-73.99337909,member
694035,EE61CDA87DC58F35,docked_bike,2021-03-02 21:09:44,2021-03-02 21:13:21,Clark St & Henry St,4789,Clinton St & Joralemon St,4605,40.697601,-73.993445,40.69239502,-73.99337909,member
694037,02A7567880C75752,docked_bike,2021-03-18 08:43:02,2021-03-18 08:46:26,Clinton St & Union St,4266,Clinton St & Joralemon St,4605,40.683116,-73.997852,40.69239502,-73.99337909,member
694040,0C227DDD57A3FAE8,docked_bike,2021-03-17 19:09:32,2021-03-17 19:21:17,Sigourney St & Columbia St,3940,Clinton St & Joralemon St,4605,40.672672,-74.008795,40.69239502,-73.99337909,member
694047,256785424A662F39,docked_bike,2021-03-16 11:16:06,2021-03-16 11:21:03,Clinton St & Union St,4266,Clinton St & Joralemon St,4605,40.683116,-73.997852,40.69239502,-73.99337909,member
694053,FBEFE24EABBAE53A,docked_bike,2021-03-13 17:47:57,2021-03-13 17:53:20,Clinton St & Union St,4266,Clinton St & Joralemon St,4605,40.683116,-73.997852,40.69239502,-73.99337909,casual
694060,93A712015BEA6722,docked_bike,2021-03-31 17:39:23,2021-03-31 17:43:29,Clinton St & Union St,4266,Clinton St & Joralemon St,4605,40.683116,-73.997852,40.69239502,-73.99337909,member
694065,E28F6B84C964B366,docked_bike,2021-03-27 11:00:52,2021-03-27 11:05:43,Clinton St & Union St,4266,Clinton St & Joralemon St,4605,40.683116,-73.997852,40.69239502,-73.99337909,member
694083,558E6AECB4D48BF7,docked_bike,2021-03-24 11:03:17,2021-03-24 11:13:49,Henry St & Degraw St,4380,Clinton St & Joralemon St,4605,40.684751,-73.999172,40.69239502,-73.99337909,member
694084,EBAE90B1B82E8E1B,docked_bike,2021-03-23 14:29:43,2021-03-23 14:35:38,Henry St & Degraw St,4380,Clinton St & Joralemon St,4605,40.684751,-73.999172,40.69239502,-73.99337909,member
694094,E4E1534D6F76A282,docked_bike,2021-03-24 10:43:46,2021-03-24 11:06:18,Stanton St & Norfolk St,5445,Clinton St & Joralemon St,4605,40.720747,-73.986274,40.69239502,-73.99337909,member
694101,F39A3099DB253B5C,docked_bike,2021-03-30 12:35:41,2021-03-30 12:46:24,Columbia St & W 9 St,4086,Clinton St & Joralemon St,4605,40.676999,-74.006471,40.69239502,-73.99337909,member
694125,2FC62149CF0D7A83,docked_bike,2021-03-27 17:44:45,2021-03-27 18:13:32,Flushing Ave & Vanderbilt Ave,4762,Clinton St & Joralemon St,4605,40.69795,-73.970775,40.69239502,-73.99337909,member
694164,7B8474CA43C856EF,docked_bike,2021-03-21 11:22:16,2021-03-21 11:25:49,Clark St & Henry St,4789,Clinton St & Joralemon St,4605,40.697601,-73.993446,40.692395,-73.993379,member
694176,37FACBF9CAF3B9EB,docked_bike,2021-03-14 18:06:25,2021-03-14 18:08:56,Clark St & Henry St,4789,Clinton St & Joralemon St,4605,40.697601,-73.993445,40.69239502,-73.99337909,member
694177,BAFDFEF22E9C948A,docked_bike,2021-03-07 22:16:48,2021-03-07 22:19:05,Clark St & Henry St,4789,Clinton St & Joralemon St,4605,40.697601,-73.993445,40.69239502,-73.99337909,member
694244,6FFF70AAF244E18B,docked_bike,2021-03-14 12:28:45,2021-03-14 12:37:19,Fulton St & Waverly Ave,4345,Clinton St & Joralemon St,4605,40.683238,-73.965995,40.69239502,-73.99337909,member
694401,65CFE3BB1E80881F,docked_bike,2021-03-16 12:41:07,2021-03-16 12:54:53,Columbia St & W 9 St,4086,Clinton St & Joralemon St,4605,40.676999,-74.006471,40.69239502,-73.99337909,member
694402,80FFD5AE6AED0543,docked_bike,2021-03-09 12:50:29,2021-03-09 13:03:04,Columbia St & W 9 St,4086,Clinton St & Joralemon St,4605,40.676999,-74.006471,40.69239502,-73.99337909,member
694403,D63C9D7AC9928993,docked_bike,2021-03-08 12:35:18,2021-03-08 12:46:35,Columbia St & W 9 St,4086,Clinton St & Joralemon St,4605,40.676999,-74.006471,40.69239502,-73.99337909,member
694442,D04B3D15A71F2768,docked_bike,2021-03-01 14:48:58,2021-03-01 14:55:32,Degraw St & Hoyt St,4258,Clinton St & Joralemon St,4605,40.68199,-73.99079,40.69239502,-73.99337909,member
694444,26DCE0E4B7C8EDC8,docked_bike,2021-03-27 12:24:25,2021-03-27 12:53:33,Norfolk St & Broome St,5374,Clinton St & Joralemon St,4605,40.717227,-73.98802,40.69239502,-73.99337909,casual
694466,24EED3BDD1B50E56,docked_bike,2021-03-29 20:55:21,2021-03-29 21:11:27,Baltic St & 5 Ave,4208,Clinton St & Joralemon St,4605,40.679576,-73.978549,40.69239502,-73.99337909,member
694472,3DD28731E59DE4F5,docked_bike,2021-03-18 08:52:21,2021-03-18 08:52:57,Clinton St & Joralemon St,4605,Clinton St & Joralemon St,4605,40.692395,-73.993379,40.69239502,-73.99337909,member
694499,F03FB1C1F3DEDA34,docked_bike,2021-03-09 13:13:51,2021-03-09 13:14:39,Clinton St & Joralemon St,4605,Clinton St & Joralemon St,4605,40.692395,-73.993379,40.692395,-73.993379,member
694529,262B6C8BBA977535,docked_bike,2021-03-08 10:41:40,2021-03-08 10:49:31,Prospect Pl & 6 Ave,4166,Clinton St & Joralemon St,4605,40.67933,-73.975195,40.69239502,-73.99337909,member
694538,3067D24B71EEA731,docked_bike,2021-03-16 09:04:18,2021-03-16 09:46:07,Clinton St & Joralemon St,4605,Clinton St & Joralemon St,4605,40.692395,-73.993379,40.69239502,-73.99337909,member
694562,D60B97D5FF0296D1,docked_bike,2021-03-07 18:58:35,2021-03-07 19:02:55,Clinton St & Joralemon St,4605,Clinton St & Joralemon St,4605,40.692395,-73.993379,40.69239502,-73.99337909,member
694579,E73BC6407ACF9FF5,docked_bike,2021-03-27 14:06:06,2021-03-27 14:06:28,Clinton St & Joralemon St,4605,Clinton St & Joralemon St,4605,40.692395,-73.993379,40.69239502,-73.99337909,casual
694584,B9601D2DDE667CCB,docked_bike,2021-03-14 17:39:02,2021-03-14 17:51:29,Prospect Pl & 6 Ave,4166,Clinton St & Joralemon St,4605,40.67933,-73.975195,40.69239502,-73.99337909,casual
694608,0F28D6F1E2B769F0,docked_bike,2021-03-14 11:57:34,2021-03-14 12:17:59,Clinton St & Joralemon St,4605,Clinton St & Joralemon St,4605,40.692395,-73.993379,40.69239502,-73.99337909,member
694609,A17E7ACDC08410E3,docked_bike,2021-03-04 08:32:29,2021-03-04 08:34:12,Clinton St & Joralemon St,4605,Clinton St & Joralemon St,4605,40.692395,-73.993379,40.69239502,-73.99337909,member
694617,F68E1B6411141AD6,docked_bike,2021-03-24 14:53:13,2021-03-24 14:53:34,Clinton St & Joralemon St,4605,Clinton St & Joralemon St,4605,40.692395,-73.993379,40.69239502,-73.99337909,member
694637,99278C3F128A48AD,docked_bike,2021-03-26 23:36:35,2021-03-26 23:48:03,Prospect Pl & 6 Ave,4166,Clinton St & Joralemon St,4605,40.67933,-73.975195,40.69239502,-73.99337909,member
694642,9046A75E4907D998,docked_bike,2021-03-23 08:58:33,2021-03-23 08:59:29,Clinton St & Joralemon St,4605,Clinton St & Joralemon St,4605,40.692395,-73.993379,40.69239502,-73.99337909,member
694663,B2E0272AA73B43E6,docked_bike,2021-03-13 17:45:18,2021-03-13 18:08:03,E 11 St & Avenue B,5659,Clinton St & Joralemon St,4605,40.727464,-73.979504,40.69239502,-73.99337909,member
694682,5607FF556000372F,docked_bike,2021-03-08 20:46:03,2021-03-08 20:53:35,Clinton St & Joralemon St,4605,Clinton St & Joralemon St,4605,40.692395,-73.993379,40.69239502,-73.99337909,member
694684,E7B765014AEA7C36,docked_bike,2021-03-29 09:46:22,2021-03-29 10:12:02,Clinton St & Joralemon St,4605,Clinton St & Joralemon St,4605,40.692395,-73.993379,40.69239502,-73.99337909,member
694690,956B7951C0A2233B,docked_bike,2021-03-25 07:36:53,2021-03-25 07:58:25,Clinton St & Joralemon St,4605,1 Ave & E 18 St,5854,40.692395,-73.993379,40.73381219196632,-73.98054420948029,member
694717,BCB9B678791674FA,docked_bike,2021-03-12 11:06:08,2021-03-12 11:18:52,Baltic St & 5 Ave,4208,Clinton St & Joralemon St,4605,40.679576,-73.978549,40.69239502,-73.99337909,member
694722,4B251C8C60E150D2,docked_bike,2021-03-14 20:24:54,2021-03-14 20:37:44,Pioneer St & Van Brunt St,4169,Clinton St & Joralemon St,4605,40.679043,-74.011169,40.69239502,-73.99337909,member
694727,D4C447BD94621BD8,docked_bike,2021-03-02 10:15:03,2021-03-02 10:15:32,Clinton St & Joralemon St,4605,Clinton St & Joralemon St,4605,40.692395,-73.993379,40.69239502,-73.99337909,member
694782,6BBC3649059363EC,docked_bike,2021-03-26 22:15:29,2021-03-26 22:34:10,Clinton St & Joralemon St,4605,Clinton St & Joralemon St,4605,40.692395,-73.993379,40.69239502,-73.99337909,member
694814,F3FC292FAAF314CC,docked_bike,2021-03-11 09:31:18,2021-03-11 09:33:13,Clinton St & Joralemon St,4605,Clinton St & Joralemon St,4605,40.692395,-73.993379,40.69239502,-73.99337909,member
694815,58A887F7E2D01387,docked_bike,2021-03-22 14:54:51,2021-03-22 15:09:17,Clinton St & Joralemon St,4605,Pioneer St & Van Brunt St,4169,40.692395,-73.993379,40.679043,-74.011169,member
694837,D4E69F18000F6667,docked_bike,2021-03-26 20:06:24,2021-03-26 20:06:48,Clinton St & Joralemon St,4605,Clinton St & Joralemon St,4605,40.692395,-73.993379,40.69239502,-73.99337909,member
694840,BBE34B5DC24BB535,docked_bike,2021-03-29 18:53:33,2021-03-29 18:55:06,Clinton St & Joralemon St,4605,Clinton St & Joralemon St,4605,40.692395,-73.993379,40.69239502,-73.99337909,casual
694846,36D9AF8632F4F90C,docked_bike,2021-03-21 16:14:43,2021-03-21 18:07:27,Clinton St & Joralemon St,4605,Clinton St & Joralemon St,4605,40.692395,-73.993379,40.69239502,-73.99337909,casual
694858,18CBD1E78D55144A,docked_bike,2021-03-04 14:22:20,2021-03-04 14:39:23,Clinton St & Joralemon St,4605,Clinton St & Joralemon St,4605,40.692395,-73.993379,40.69239502,-73.99337909,member
694900,E4A6A5C7426A6DBF,docked_bike,2021-03-30 20:22:36,2021-03-30 20:38:10,Pioneer St & Van Brunt St,4169,Clinton St & Joralemon St,4605,40.679043,-74.011169,40.69239502,-73.99337909,member
694902,C9A3ACF129B880C1,docked_bike,2021-03-12 08:31:43,2021-03-12 08:46:03,Clinton St & Joralemon St,4605,Baltic St & 5 Ave,4208,40.692395,-73.993379,40.6795766,-73.97854971,member
694916,831275953F7C8005,docked_bike,2021-03-22 18:49:46,2021-03-22 18:49:49,Clinton St & Joralemon St,4605,Clinton St & Joralemon St,4605,40.692395,-73.993379,40.69239502,-73.99337909,casual
694919,728513DC04E1704C,docked_bike,2021-03-09 16:06:52,2021-03-09 16:20:16,Clinton St & Joralemon St,4605,Prospect Pl & 6 Ave,4166,40.692395,-73.993379,40.6793307,-73.97519523,member
694927,C8284A8E4E25E4C8,docked_bike,2021-03-17 08:46:23,2021-03-17 09:01:30,Pioneer St & Van Brunt St,4169,Clinton St & Joralemon St,4605,40.679043,-74.011169,40.69239502,-73.99337909,member
695004,56172DB0CF10BC04,docked_bike,2021-03-04 19:03:34,2021-03-04 19:11:53,Clinton St & Joralemon St,4605,Clinton St & Joralemon St,4605,40.692395,-73.993379,40.69239502,-73.99337909,member
695008,4F4FAC3470CF67A2,docked_bike,2021-03-21 16:58:46,2021-03-21 17:09:38,Baltic St & 5 Ave,4208,Clinton St & Joralemon St,4605,40.679576,-73.978549,40.69239502,-73.99337909,member
695018,1A4597192A87E6E0,docked_bike,2021-03-11 18:40:39,2021-03-11 18:41:41,Clinton St & Joralemon St,4605,Clinton St & Joralemon St,4605,40.692395,-73.993379,40.69239502,-73.99337909,member
695024,7CACD67AD3B93392,docked_bike,2021-03-21 16:16:03,2021-03-21 18:08:06,Clinton St & Joralemon St,4605,Clinton St & Joralemon St,4605,40.692395,-73.993379,40.69239502,-73.99337909,casual
695027,66F46530D9374289,docked_bike,2021-03-12 18:10:03,2021-03-12 18:36:32,Clinton St & Joralemon St,4605,Clinton St & Joralemon St,4605,40.692395,-73.993379,40.692395,-73.993379,member
695048,3503EB1DD2A7A253,docked_bike,2021-03-13 15:27:08,2021-03-13 15:28:19,Clinton St & Joralemon St,4605,Clinton St & Joralemon St,4605,40.692395,-73.993379,40.69239502,-73.99337909,member
695055,01D7B2FAE9B3E40C,docked_bike,2021-03-27 23:35:52,2021-03-28 00:03:23,Clinton St & Joralemon St,4605,Clinton St & Joralemon St,4605,40.692395,-73.993379,40.69239502,-73.99337909,casual
695072,F375A10BB5B4D5B1,docked_bike,2021-03-25 12:27:48,2021-03-25 12:39:06,Pioneer St & Van Brunt St,4169,Clinton St & Joralemon St,4605,40.679043,-74.011169,40.692395,-73.993379,member
695116,AB5C26731D3CDCCA,docked_bike,2021-03-30 19:24:30,2021-03-30 19:36:35,Clinton St & Joralemon St,4605,Clinton St & Joralemon St,4605,40.692395,-73.993379,40.69239502,-73.99337909,member
695123,B82A5D62DDE6E7F9,docked_bike,2021-03-09 16:51:46,2021-03-09 17:15:31,Clinton St & Joralemon St,4605,Clinton St & Joralemon St,4605,40.692395,-73.993379,40.69239502,-73.99337909,member
695126,586183890D91E243,docked_bike,2021-03-21 20:15:38,2021-03-21 20:31:00,Clinton St & Joralemon St,4605,Pioneer St & Van Brunt St,4169,40.692395,-73.993379,40.679043,-74.011169,member
695172,9FCB6E324A6374F2,docked_bike,2021-03-20 16:47:04,2021-03-20 16:48:14,Clinton St & Joralemon St,4605,Clinton St & Joralemon St,4605,40.692395,-73.993379,40.69239502,-73.99337909,member
695189,6BB8FD478B7E28C2,docked_bike,2021-03-25 16:50:54,2021-03-25 16:59:58,Clinton St & Joralemon St,4605,Pioneer St & Van Brunt St,4169,40.692395,-73.993379,40.679043,-74.011169,member
695216,2870157D0DC2ECB9,docked_bike,2021-03-26 17:54:01,2021-03-26 18:09:41,Clinton St & Joralemon St,4605,Baltic St & 5 Ave,4208,40.692395,-73.993379,40.6795766,-73.97854971,casual
695223,6026A2D039485A2A,docked_bike,2021-03-13 19:04:44,2021-03-13 19:14:01,Clinton St & Joralemon St,4605,Clinton St & Joralemon St,4605,40.692395,-73.993379,40.69239502,-73.99337909,member
695228,B7DF54ABAF3F9163,docked_bike,2021-03-14 13:23:23,2021-03-14 13:37:39,Clinton St & Joralemon St,4605,Clinton St & Joralemon St,4605,40.692395,-73.993379,40.69239502,-73.99337909,casual
695250,4B8ADE42304771A2,docked_bike,2021-03-23 17:23:24,2021-03-23 17:34:05,Clinton St & Joralemon St,4605,Clinton St & Joralemon St,4605,40.692395,-73.993379,40.69239502,-73.99337909,member
695252,6CDBB7A98DED3C96,docked_bike,2021-03-14 16:31:50,2021-03-14 16:49:24,Clinton St & Joralemon St,4605,Prospect Pl & 6 Ave,4166,40.692395,-73.993379,40.6793307,-73.97519523,casual
695261,F106D8C7F8A95787,docked_bike,2021-03-28 13:17:40,2021-03-28 13:57:14,Clinton St & Joralemon St,4605,Clinton St & Joralemon St,4605,40.692395,-73.993379,40.69239502,-73.99337909,member
695278,4ECFB91D672D354A,docked_bike,2021-03-05 16:45:47,2021-03-05 16:49:31,Clinton St & Union St,4266,Clinton St & Joralemon St,4605,40.683116,-73.997852,40.69239502,-73.99337909,casual
695279,B52C8F646DB897DE,docked_bike,2021-03-12 18:25:55,2021-03-12 18:50:17,Sterling Pl & Bedford Ave,3993,Clinton St & Joralemon St,4605,40.672695,-73.954131,40.69239502,-73.99337909,member
695286,E1246C04FB7B6AA4,docked_bike,2021-03-15 08:42:23,2021-03-15 09:23:39,1 Ave & E 62 St,6753,Clinton St & Joralemon St,4605,40.761227,-73.96094,40.69239502,-73.99337909,member
695288,D684C11BE6B42CDE,docked_bike,2021-03-27 08:17:29,2021-03-27 08:44:20,1 Ave & E 62 St,6753,Clinton St & Joralemon St,4605,40.761227,-73.96094,40.69239502,-73.99337909,member
695328,90710166A43B85B6,docked_bike,2021-03-26 19:18:25,2021-03-26 19:27:33,Court St & Nelson St,4077,Clinton St & Joralemon St,4605,40.676394,-73.998698,40.69239502,-73.99337909,casual
695341,91C01211EC15DA56,docked_bike,2021-03-22 18:28:42,2021-03-22 18:28:57,Clinton St & Joralemon St,4605,Clinton St & Joralemon St,4605,40.692395,-73.993379,40.69239502,-73.99337909,member
695343,A949E5A409BE35C5,docked_bike,2021-03-10 22:03:02,2021-03-10 22:10:40,Pioneer St & Van Brunt St,4169,Clinton St & Joralemon St,4605,40.679043,-74.011169,40.69239502,-73.99337909,member
695345,BE6068388C854F45,docked_bike,2021-03-26 09:01:20,2021-03-26 09:01:51,Clinton St & Joralemon St,4605,Clinton St & Joralemon St,4605,40.692395,-73.993379,40.69239502,-73.99337909,member
695357,DFFA6F35FA0D5DE3,docked_bike,2021-03-21 19:19:50,2021-03-21 19:20:46,Clinton St & Joralemon St,4605,Clinton St & Joralemon St,4605,40.692395,-73.993379,40.692395,-73.993379,member
695372,C444709A22620926,docked_bike,2021-03-27 14:15:42,2021-03-27 15:55:09,Clinton St & Joralemon St,4605,Clinton St & Joralemon St,4605,40.692395,-73.993379,40.69239502,-73.99337909,casual
695380,92A67A027914BD85,docked_bike,2021-03-30 14:36:42,2021-03-30 14:37:11,Clinton St & Joralemon St,4605,Clinton St & Joralemon St,4605,40.692395,-73.993379,40.69239502,-73.99337909,member
695388,6C98EC0024DF5D7F,docked_bike,2021-03-11 18:46:38,2021-03-11 19:01:34,Baltic St & 5 Ave,4208,Clinton St & Joralemon St,4605,40.679576,-73.978549,40.69239502,-73.99337909,casual
695391,0ACB2B12C85644F8,docked_bike,2021-03-02 12:53:48,2021-03-02 12:54:16,Clinton St & Joralemon St,4605,Clinton St & Joralemon St,4605,40.692395,-73.993379,40.69239502,-73.99337909,member
695464,6AE43C9640C170AD,docked_bike,2021-03-26 11:46:40,2021-03-26 12:10:27,Franklin St & Dupont St,5944,Clinton St & Joralemon St,4605,40.73564,-73.95866,40.69239502,-73.99337909,casual
695494,F440D06FC2AF9491,docked_bike,2021-03-04 12:48:07,2021-03-04 12:52:41,Clark St & Henry St,4789,Clinton St & Joralemon St,4605,40.697601,-73.993445,40.69239502,-73.99337909,member
695498,1F5EA12464F3C8B4,docked_bike,2021-03-26 17:44:20,2021-03-26 17:48:24,Clark St & Henry St,4789,Clinton St & Joralemon St,4605,40.697601,-73.993445,40.69239502,-73.99337909,member
695502,92A37FB516E48919,docked_bike,2021-03-07 22:22:58,2021-03-07 22:25:02,Clark St & Henry St,4789,Clinton St & Joralemon St,4605,40.697601,-73.993445,40.69239502,-73.99337909,member
695517,83ED08BC66B3A144,docked_bike,2021-03-30 17:13:03,2021-03-30 17:18:12,Clinton St & Union St,4266,Clinton St & Joralemon St,4605,40.683116,-73.997852,40.69239502,-73.99337909,casual
695519,7E442A0718A7C4F7,docked_bike,2021-03-30 08:36:17,2021-03-30 08:40:30,Clinton St & Union St,4266,Clinton St & Joralemon St,4605,40.683116,-73.997853,40.692395,-73.993379,member
695520,52F043B9B1675DCC,docked_bike,2021-03-26 09:49:03,2021-03-26 09:54:17,Clinton St & Union St,4266,Clinton St & Joralemon St,4605,40.683116,-73.997853,40.692395,-73.993379,member
695527,8FFC4BCE2C60041B,docked_bike,2021-03-10 17:53:27,2021-03-10 18:23:43,Franklin Ave & St Marks Ave,4107,Clinton St & Joralemon St,4605,40.675832,-73.956167,40.69239502,-73.99337909,casual
695560,88F8CC09FD7306AC,docked_bike,2021-03-31 11:16:18,2021-03-31 11:39:45,E 20 St & Park Ave,6055,Clinton St & Joralemon St,4605,40.738274,-73.987519,40.69239502,-73.99337909,member
695583,267F8D8D390FAC03,docked_bike,2021-03-04 15:30:35,2021-03-04 15:39:39,Clinton St & Union St,4266,Clinton St & Joralemon St,4605,40.683116,-73.997852,40.69239502,-73.99337909,member
695585,6E69F73E22479EEE,docked_bike,2021-03-16 08:18:26,2021-03-16 08:25:31,Clinton St & Union St,4266,Clinton St & Joralemon St,4605,40.683116,-73.997852,40.69239502,-73.99337909,member
695589,48A0B0C0286C232A,docked_bike,2021-03-29 12:29:15,2021-03-29 12:36:16,Clinton St & Union St,4266,Clinton St & Joralemon St,4605,40.683116,-73.997852,40.69239502,-73.99337909,member
695590,C622797E4D5C5962,docked_bike,2021-03-09 07:53:55,2021-03-09 07:59:07,Clinton St & Union St,4266,Clinton St & Joralemon St,4605,40.683116,-73.997853,40.692395,-73.993379,member
695591,08BBF03B1881F296,docked_bike,2021-03-10 17:15:50,2021-03-10 17:20:28,Clinton St & Union St,4266,Clinton St & Joralemon St,4605,40.683116,-73.997852,40.69239502,-73.99337909,casual
695594,5CBA67DE205BF371,docked_bike,2021-03-20 20:08:24,2021-03-20 20:29:56,Bushwick Ave & Dekalb Ave,4680,Clinton St & Joralemon St,4605,40.69502,-73.92825,40.692395,-73.993379,member
695689,4592786E53B299A4,docked_bike,2021-03-09 20:58:42,2021-03-09 21:07:24,DeKalb Ave & S Portland Ave,4546,Clinton St & Joralemon St,4605,40.68981,-73.974931,40.69239502,-73.99337909,member
695690,E0CCFB616C4EC028,docked_bike,2021-03-09 20:57:50,2021-03-09 21:07:07,DeKalb Ave & S Portland Ave,4546,Clinton St & Joralemon St,4605,40.68981,-73.974931,40.69239502,-73.99337909,member
695694,A8A36D9D2B48BD8B,docked_bike,2021-03-05 07:39:02,2021-03-05 08:02:41,41 St & 3 Ave,3388,Clinton St & Joralemon St,4605,40.652512,-74.008906,40.69239502,-73.99337909,member
695695,0E2B16D400C22C35,docked_bike,2021-03-09 07:29:00,2021-03-09 07:51:15,41 St & 3 Ave,3388,Clinton St & Joralemon St,4605,40.652512,-74.008906,40.69239502,-73.99337909,member
695713,1C8BF5B861CC0D68,docked_bike,2021-03-20 14:53:50,2021-03-20 15:03:06,DeKalb Ave & S Portland Ave,4546,Clinton St & Joralemon St,4605,40.68981,-73.974931,40.692395,-73.993379,member
695769,4EB470FCA860F65A,docked_bike,2021-03-19 18:00:47,2021-03-19 18:39:33,W Broadway & Spring St,5569,Clinton St & Joralemon St,4605,40.724947,-74.001659,40.692395,-73.993379,casual
695789,1BD235CEB2BED173,docked_bike,2021-03-16 11:20:25,2021-03-16 11:53:55,Clinton St & Joralemon St,4605,Clinton St & Joralemon St,4605,40.692395,-73.993379,40.69239502,-73.99337909,member
695793,E3AE64714653E081,docked_bike,2021-03-02 11:06:40,2021-03-02 11:37:44,Clinton St & Joralemon St,4605,Clinton St & Joralemon St,4605,40.692395,-73.993379,40.69239502,-73.99337909,member
695809,0C97A6644DDF95BD,docked_bike,2021-03-29 19:57:29,2021-03-29 20:04:20,Pioneer St & Van Brunt St,4169,Clinton St & Joralemon St,4605,40.679043,-74.011169,40.69239502,-73.99337909,member
695837,3F739474D9F4DCCD,docked_bike,2021-03-14 13:19:39,2021-03-14 13:45:16,Clinton St & Joralemon St,4605,Clinton St & Joralemon St,4605,40.692395,-73.993379,40.692395,-73.993379,member
695844,D15AEA351BEF0C63,docked_bike,2021-03-07 18:19:16,2021-03-07 18:37:18,Clinton St & Joralemon St,4605,Clinton St & Joralemon St,4605,40.692395,-73.993379,40.69239502,-73.99337909,member
695846,82604B2B3C1D4E36,docked_bike,2021-03-14 10:00:41,2021-03-14 10:30:26,Clinton St & Joralemon St,4605,Clinton St & Joralemon St,4605,40.692395,-73.993379,40.692395,-73.993379,casual
695874,AE0D9DBBEF34214C,docked_bike,2021-03-09 17:36:31,2021-03-09 17:52:08,Columbia Heights & Cranberry St,4829,Clinton St & Joralemon St,4605,40.700378,-73.99548,40.69239502,-73.99337909,member
695883,B42B98FD0FEAB499,docked_bike,2021-03-08 07:29:37,2021-03-08 07:50:42,41 St & 3 Ave,3388,Clinton St & Joralemon St,4605,40.652512,-74.008906,40.69239502,-73.99337909,member
695894,EC06CB6853C091FB,docked_bike,2021-03-10 09:07:59,2021-03-10 09:54:54,Underhill Ave & Pacific St,4231,Clinton St & Joralemon St,4605,40.680483,-73.964679,40.69239502,-73.99337909,casual
695906,FD1561132BF8017E,docked_bike,2021-03-09 17:47:35,2021-03-09 18:02:28,Franklin St & W Broadway,5430,Clinton St & Joralemon St,4605,40.719115,-74.006666,40.69239502,-73.99337909,member
695907,433A1BCE9C769D42,docked_bike,2021-03-10 17:50:21,2021-03-10 18:06:33,Franklin St & W Broadway,5430,Clinton St & Joralemon St,4605,40.719115,-74.006666,40.69239502,-73.99337909,member
695910,8C147744A49181E6,docked_bike,2021-03-21 17:16:01,2021-03-21 17:49:11,S 4 St & Wythe Ave,5204,Clinton St & Joralemon St,4605,40.712858,-73.965902,40.69239502,-73.99337909,member
695953,FA2DABB3DC6B8E09,docked_bike,2021-03-19 21:04:56,2021-03-19 21:12:33,Columbia St & Degraw St,4422,Clinton St & Joralemon St,4605,40.685929,-74.002423,40.69239502,-73.99337909,member
695962,E36CF4ABE07ED788,docked_bike,2021-03-20 16:06:25,2021-03-20 16:12:53,Columbia Heights & Cranberry St,4829,Clinton St & Joralemon St,4605,40.700379,-73.995481,40.692395,-73.993379,member
695974,13EC30416E8678A4,docked_bike,2021-03-25 18:17:42,2021-03-25 18:21:16,Cadman Plaza E & Tillary St,4677,Clinton St & Joralemon St,4605,40.695976,-73.990148,40.69239502,-73.99337909,member
695976,E5C0681D25130FDD,docked_bike,2021-03-03 18:35:17,2021-03-03 18:37:31,Cadman Plaza E & Tillary St,4677,Clinton St & Joralemon St,4605,40.695976,-73.990148,40.69239502,-73.99337909,member
695979,7392B42954D90DBE,docked_bike,2021-03-18 08:12:26,2021-03-18 08:18:37,Columbia St & Degraw St,4422,Clinton St & Joralemon St,4605,40.685929,-74.002423,40.69239502,-73.99337909,member
695986,C73032D8E4DA60C5,docked_bike,2021-03-26 17:44:23,2021-03-26 17:51:39,Columbia St & Degraw St,4422,Clinton St & Joralemon St,4605,40.685929,-74.002423,40.69239502,-73.99337909,member
696000,54BEBBF05103E0F8,docked_bike,2021-03-25 17:57:37,2021-03-25 18:12:56,Franklin St & W Broadway,5430,Clinton St & Joralemon St,4605,40.719115,-74.006666,40.69239502,-73.99337909,member
696014,FE7DF2E80FC0A87F,docked_bike,2021-03-02 10:12:26,2021-03-02 10:23:02,DeKalb Ave & S Portland Ave,4546,Clinton St & Joralemon St,4605,40.68981,-73.974931,40.69239502,-73.99337909,member
696050,1631171F54F56FA7,docked_bike,2021-03-03 10:54:50,2021-03-03 11:09:10,Wolcott St & Dwight St,4054,Clinton St & Joralemon St,4605,40.675327,-74.010069,40.69239502,-73.99337909,member
696068,B161417BD4C26332,docked_bike,2021-03-26 21:54:38,2021-03-26 22:07:49,E 2 St & Avenue B,5515,Clinton St & Joralemon St,4605,40.722174,-73.983687,40.69239502,-73.99337909,member
696187,B4A644619F05DB42,docked_bike,2021-03-19 14:14:42,2021-03-19 14:40:32,S 5 Pl & S 5 St,5125,Clinton St & Joralemon St,4605,40.710451,-73.960876,40.69239502,-73.99337909,member
696192,6CC15A8EDBE51654,docked_bike,2021-03-22 15:07:27,2021-03-22 15:15:55,Van Brunt St & Van Dyke St,4095,Clinton St & Joralemon St,4605,40.675832,-74.014726,40.69239502,-73.99337909,casual
696218,EADCCCEB9073A52E,docked_bike,2021-03-08 10:51:11,2021-03-08 10:56:39,Columbia St & Degraw St,4422,Clinton St & Joralemon St,4605,40.685929,-74.002423,40.69239502,-73.99337909,member
696222,C3ECEB2978390D1F,docked_bike,2021-03-11 09:21:16,2021-03-11 09:30:52,Columbia St & Degraw St,4422,Clinton St & Joralemon St,4605,40.685929,-74.002423,40.69239502,-73.99337909,member
696234,10A17F3077E2F514,docked_bike,2021-03-10 17:44:27,2021-03-10 17:49:25,Henry St & Degraw St,4380,Clinton St & Joralemon St,4605,40.684751,-73.999172,40.69239502,-73.99337909,member
696235,EF1175F28AA047BC,docked_bike,2021-03-19 10:55:28,2021-03-19 11:01:37,Henry St & Degraw St,4380,Clinton St & Joralemon St,4605,40.684751,-73.999172,40.69239502,-73.99337909,member
696248,1265866917CF97B6,docked_bike,2021-03-16 20:42:01,2021-03-16 21:07:24,Van Brunt St & Van Dyke St,4095,Clinton St & Joralemon St,4605,40.675832,-74.014726,40.69239502,-73.99337909,member
696249,B94DCC1BA5DF1F91,docked_bike,2021-03-09 20:07:12,2021-03-09 20:36:28,Van Brunt St & Van Dyke St,4095,Clinton St & Joralemon St,4605,40.675832,-74.014726,40.69239502,-73.99337909,member
696250,D04AB5A1C345017A,docked_bike,2021-03-22 20:39:50,2021-03-22 20:55:19,Van Brunt St & Van Dyke St,4095,Clinton St & Joralemon St,4605,40.675832,-74.014726,40.69239502,-73.99337909,member
696258,5D531A04796DC9F3,docked_bike,2021-03-17 11:38:49,2021-03-17 11:54:54,7 St & 3 Ave,3996,Clinton St & Joralemon St,4605,40.672602,-73.98983,40.69239502,-73.99337909,member
696264,EE8BF089872728F7,docked_bike,2021-03-07 17:09:29,2021-03-07 17:26:55,Van Brunt St & Van Dyke St,4095,Clinton St & Joralemon St,4605,40.675832,-74.014726,40.69239502,-73.99337909,member
696287,E15DE135D8AEA9A1,docked_bike,2021-03-20 08:15:49,2021-03-20 08:36:44,Lafayette Ave & Classon Ave,4452,Clinton St & Joralemon St,4605,40.689004,-73.960238,40.69239502,-73.99337909,member
696291,92E51A9F32D9CA7B,docked_bike,2021-03-27 18:32:52,2021-03-27 18:55:47,Van Brunt St & Van Dyke St,4095,Clinton St & Joralemon St,4605,40.675832,-74.014726,40.69239502,-73.99337909,casual
696295,F510AF60E4A46DA7,docked_bike,2021-03-07 17:06:42,2021-03-07 17:26:52,Van Brunt St & Van Dyke St,4095,Clinton St & Joralemon St,4605,40.675832,-74.014726,40.69239502,-73.99337909,member
696298,8D021A1CEC556B04,docked_bike,2021-03-19 07:38:45,2021-03-19 07:51:08,7 St & 3 Ave,3996,Clinton St & Joralemon St,4605,40.672602,-73.98983,40.69239502,-73.99337909,member
696311,D6CD88CCAF69587C,docked_bike,2021-03-02 17:01:47,2021-03-02 17:35:01,E 48 St & 5 Ave,6626,Clinton St & Joralemon St,4605,40.757245,-73.978059,40.69239502,-73.99337909,member
696362,63CE2BA82BA8BAF4,docked_bike,2021-03-06 15:13:25,2021-03-06 15:15:33,Fulton St & Adams St,4637,Clinton St & Joralemon St,4605,40.692418,-73.989494,40.69239502,-73.99337909,member
696366,D346D364B209F1AA,docked_bike,2021-03-15 08:57:21,2021-03-15 09:11:40,Henry St & W 9 St,4086,Clinton St & Joralemon St,4605,40.676374,-74.00325,40.692395,-73.993379,member
696378,3DD81AB7F646510E,docked_bike,2021-03-03 18:44:37,2021-03-03 18:46:53,Fulton St & Adams St,4637,Clinton St & Joralemon St,4605,40.692418,-73.989494,40.69239502,-73.99337909,member
696394,D58795EE29629CA8,docked_bike,2021-03-23 20:45:19,2021-03-23 21:15:08,Van Brunt St & Van Dyke St,4095,Clinton St & Joralemon St,4605,40.675832,-74.014726,40.69239502,-73.99337909,member
696395,8E8CD224A72EC5D1,docked_bike,2021-03-25 01:00:27,2021-03-25 01:17:06,Van Brunt St & Van Dyke St,4095,Clinton St & Joralemon St,4605,40.675832,-74.014726,40.69239502,-73.99337909,member
696396,364615EC2257F396,docked_bike,2021-03-15 20:40:46,2021-03-15 20:55:52,Van Brunt St & Van Dyke St,4095,Clinton St & Joralemon St,4605,40.675832,-74.014726,40.69239502,-73.99337909,member
696397,7EAFFB77E7BB553F,docked_bike,2021-03-20 18:56:55,2021-03-20 19:11:30,Van Brunt St & Van Dyke St,4095,Clinton St & Joralemon St,4605,40.675832,-74.014726,40.69239502,-73.99337909,member
696425,0BC654F679766BED,docked_bike,2021-03-01 00:37:28,2021-03-01 00:47:34,Van Brunt St & Van Dyke St,4095,Clinton St & Joralemon St,4605,40.675832,-74.014726,40.69239502,-73.99337909,member
696429,E929F06FDE044D24,docked_bike,2021-03-17 20:48:43,2021-03-17 21:16:45,Van Brunt St & Van Dyke St,4095,Clinton St & Joralemon St,4605,40.675832,-74.014726,40.69239502,-73.99337909,member
696457,97A387EB1EFAA5C0,docked_bike,2021-03-27 20:13:19,2021-03-27 20:31:21,Van Brunt St & Van Dyke St,4095,Clinton St & Joralemon St,4605,40.675832,-74.014726,40.69239502,-73.99337909,casual
696467,06B829632C105EE2,docked_bike,2021-03-14 00:16:33,2021-03-14 00:36:55,S 5 Pl & S 5 St,5125,Clinton St & Joralemon St,4605,40.710451,-73.960876,40.69239502,-73.99337909,casual
696473,3D82482BDE35C75D,docked_bike,2021-03-08 07:58:58,2021-03-08 08:11:10,Van Brunt St & Van Dyke St,4095,Clinton St & Joralemon St,4605,40.675832,-74.014726,40.69239502,-73.99337909,member
696474,7EE0B2410AFBB63B,docked_bike,2021-03-10 08:04:41,2021-03-10 08:17:02,Van Brunt St & Van Dyke St,4095,Clinton St & Joralemon St,4605,40.675832,-74.014726,40.69239502,-73.99337909,member
696482,22A5D3BFB00172D7,docked_bike,2021-03-20 00:14:55,2021-03-20 08:03:10,7 St & 3 Ave,3996,Clinton St & Joralemon St,4605,40.672602,-73.98983,40.69239502,-73.99337909,member
696484,A276CB598BF0E354,docked_bike,2021-03-12 07:35:52,2021-03-12 07:47:35,7 St & 3 Ave,3996,Clinton St & Joralemon St,4605,40.672602,-73.98983,40.69239502,-73.99337909,member
696522,47EF402EC867E8BB,docked_bike,2021-03-29 21:03:17,2021-03-29 21:19:29,Van Brunt St & Van Dyke St,4095,Clinton St & Joralemon St,4605,40.675832,-74.014726,40.69239502,-73.99337909,member
696529,FCF28F7E9063545F,docked_bike,2021-03-27 18:32:45,2021-03-28 19:32:39,Van Brunt St & Van Dyke St,4095,Clinton St & Joralemon St,4605,40.675832,-74.014726,40.69239502,-73.99337909,casual
696548,2853FBB342FA1532,docked_bike,2021-03-23 07:01:54,2021-03-23 07:09:24,Dean St & 4 Ave,4322,Clinton St & Joralemon St,4605,40.683124,-73.978951,40.69239502,-73.99337909,member
696549,93BC7C6F4D2D8C27,docked_bike,2021-03-25 14:36:26,2021-03-25 14:43:39,Dean St & 4 Ave,4322,Clinton St & Joralemon St,4605,40.683124,-73.978951,40.69239502,-73.99337909,member
696550,85899F2D894C6C6C,docked_bike,2021-03-08 06:08:38,2021-03-08 06:15:57,Dean St & 4 Ave,4322,Clinton St & Joralemon St,4605,40.683124,-73.978951,40.69239502,-73.99337909,member
696554,AC9DC930740E5AC3,docked_bike,2021-03-09 07:56:29,2021-03-09 08:07:19,Henry St & Bay St,3972,Clinton St & Joralemon St,4605,40.672505,-74.004946,40.69239502,-73.99337909,member
696569,2A01CAFE76047FC6,docked_bike,2021-03-19 11:23:27,2021-03-19 11:36:46,Lafayette Ave & Classon Ave,4452,Clinton St & Joralemon St,4605,40.689004,-73.960238,40.69239502,-73.99337909,member
696576,3212774673340B36,docked_bike,2021-03-19 09:08:38,2021-03-19 09:19:43,Coffey St & Conover St,4137,Clinton St & Joralemon St,4605,40.677236,-74.015665,40.69239502,-73.99337909,member
696593,3F217AF7881EA866,docked_bike,2021-03-02 06:54:42,2021-03-02 07:01:54,Dean St & 4 Ave,4322,Clinton St & Joralemon St,4605,40.683124,-73.978951,40.69239502,-73.99337909,member
696594,1825BF17621E85C3,docked_bike,2021-03-20 11:34:39,2021-03-20 11:43:12,Dean St & 4 Ave,4322,Clinton St & Joralemon St,4605,40.683124,-73.978951,40.69239502,-73.99337909,member
696595,A1AA47E518979315,docked_bike,2021-03-24 06:55:11,2021-03-24 07:02:03,Dean St & 4 Ave,4322,Clinton St & Joralemon St,4605,40.683124,-73.978951,40.69239502,-73.99337909,member
696599,BA8C9485E4B5AE83,docked_bike,2021-03-19 17:12:42,2021-03-19 17:23:39,Union St & Nevins St,4143,Clinton St & Joralemon St,4605,40.679097,-73.987654,40.69239502,-73.99337909,member
696612,0408333E747EC186,docked_bike,2021-03-05 07:26:34,2021-03-05 07:34:36,Dean St & 4 Ave,4322,Clinton St & Joralemon St,4605,40.683124,-73.978951,40.69239502,-73.99337909,member
696613,3655DFB44042DF95,docked_bike,2021-03-04 17:16:29,2021-03-04 17:24:38,Dean St & 4 Ave,4322,Clinton St & Joralemon St,4605,40.683124,-73.978951,40.69239502,-73.99337909,member
696614,2CD4EAF7BBC2587F,docked_bike,2021-03-22 07:20:18,2021-03-22 07:28:09,Dean St & 4 Ave,4322,Clinton St & Joralemon St,4605,40.683124,-73.978951,40.69239502,-73.99337909,member
696615,DC4D084AB5AADE3E,docked_bike,2021-03-06 10:22:30,2021-03-06 10:31:33,Dean St & 4 Ave,4322,Clinton St & Joralemon St,4605,40.683124,-73.978951,40.69239502,-73.99337909,member
696618,F1B65B76DBBC9240,docked_bike,2021-03-03 07:54:54,2021-03-03 08:03:09,Dean St & 4 Ave,4322,Clinton St & Joralemon St,4605,40.683124,-73.978951,40.69239502,-73.99337909,member
696620,D55DAF5A8D9D7D53,docked_bike,2021-03-31 08:48:46,2021-03-31 08:58:29,Dean St & 4 Ave,4322,Clinton St & Joralemon St,4605,40.683125,-73.978951,40.692395,-73.993379,member
696624,D46CC1CBE15B7D29,docked_bike,2021-03-31 07:54:30,2021-03-31 08:00:38,Dean St & 4 Ave,4322,Clinton St & Joralemon St,4605,40.683124,-73.978951,40.69239502,-73.99337909,member
696625,68F99C6A26799388,docked_bike,2021-03-26 21:28:48,2021-03-26 22:00:35,Coffey St & Conover St,4137,Clinton St & Joralemon St,4605,40.677236,-74.015665,40.69239502,-73.99337909,member
696634,EFBC00886AC79775,docked_bike,2021-03-15 13:09:46,2021-03-15 13:17:57,Dean St & 4 Ave,4322,Clinton St & Joralemon St,4605,40.683124,-73.978951,40.69239502,-73.99337909,member
696639,3BFDBFFA68F97A08,docked_bike,2021-03-10 13:10:01,2021-03-10 13:18:40,Dean St & 4 Ave,4322,Clinton St & Joralemon St,4605,40.683124,-73.978951,40.69239502,-73.99337909,member
696646,9D1B5CC845C42A51,docked_bike,2021-03-30 11:27:27,2021-03-30 11:43:33,Coffey St & Conover St,4137,Clinton St & Joralemon St,4605,40.677236,-74.015665,40.69239502,-73.99337909,member
696690,8249D90E03823379,docked_bike,2021-03-21 23:15:45,2021-03-21 23:33:41,Reade St & Broadway,5247,Clinton St & Joralemon St,4605,40.714504,-74.005627,40.69239502,-73.99337909,casual
696691,B21161A36189EDB8,docked_bike,2021-03-03 17:32:51,2021-03-03 17:46:58,Franklin St & W Broadway,5430,Clinton St & Joralemon St,4605,40.719115,-74.006666,40.69239502,-73.99337909,member
696694,783BB5B274EEDD6D,docked_bike,2021-03-12 17:33:23,2021-03-12 17:48:29,Franklin St & W Broadway,5430,Clinton St & Joralemon St,4605,40.719115,-74.006666,40.69239502,-73.99337909,member
696696,356ECE31A3C73220,docked_bike,2021-03-26 12:50:36,2021-03-26 13:21:35,Franklin St & W Broadway,5430,Clinton St & Joralemon St,4605,40.719115,-74.006666,40.69239502,-73.99337909,member
696704,9EB9BA761B66CC60,docked_bike,2021-03-11 19:07:00,2021-03-11 19:40:53,E 33 St & 5 Ave,6322,Clinton St & Joralemon St,4605,40.747659,-73.984907,40.69239502,-73.99337909,member
696707,64C8CB5303085B52,docked_bike,2021-03-25 08:15:27,2021-03-25 08:47:37,Stagg St & Union Ave,5117,Clinton St & Joralemon St,4605,40.70877,-73.950952,40.69239502,-73.99337909,casual
696714,2062D942DE2697EE,docked_bike,2021-03-04 17:50:47,2021-03-04 18:02:42,Reade St & Broadway,5247,Clinton St & Joralemon St,4605,40.714504,-74.005627,40.69239502,-73.99337909,member
696842,88A106258F46CA19,docked_bike,2021-03-21 23:14:19,2021-03-21 23:33:29,Reade St & Broadway,5247,Clinton St & Joralemon St,4605,40.714504,-74.005627,40.69239502,-73.99337909,casual
696853,3C666C1336704237,docked_bike,2021-03-23 18:49:06,2021-03-23 19:01:24,Henry St & Bay St,3972,Clinton St & Joralemon St,4605,40.672505,-74.004946,40.69239502,-73.99337909,member
696871,A0D7952EF88F06D6,docked_bike,2021-03-03 07:41:32,2021-03-03 07:44:58,Kane St & Clinton St,4455,Clinton St & Joralemon St,4605,40.686176,-73.996453,40.692395,-73.993379,member
696874,1474AF7019DE85BB,docked_bike,2021-03-17 18:30:42,2021-03-17 18:57:42,Kane St & Clinton St,4455,Clinton St & Joralemon St,4605,40.686175,-73.996452,40.69239502,-73.99337909,casual
696876,ED66EA47A56A3AC0,docked_bike,2021-03-12 14:48:48,2021-03-12 14:52:33,Kane St & Clinton St,4455,Clinton St & Joralemon St,4605,40.686176,-73.996453,40.692395,-73.993379,member
696884,A618FE4139D08BED,docked_bike,2021-03-13 23:41:22,2021-03-13 23:52:22,Allen St & Hester St,5342,Clinton St & Joralemon St,4605,40.716058,-73.991907,40.69239502,-73.99337909,member
696930,BB8F4D15B1710415,docked_bike,2021-03-09 16:22:08,2021-03-09 16:24:35,Fulton St & Adams St,4637,Clinton St & Joralemon St,4605,40.692418,-73.989494,40.69239502,-73.99337909,member
696965,CF38AB89C2F77E8F,docked_bike,2021-03-27 11:17:30,2021-03-27 11:41:36,Eastern Pkwy & Franklin Ave,3919,Clinton St & Joralemon St,4605,40.670776,-73.95768,40.69239502,-73.99337909,member
696976,5859DCA2EEF2A69A,docked_bike,2021-03-12 08:14:08,2021-03-12 08:25:11,Coffey St & Conover St,4137,Clinton St & Joralemon St,4605,40.677236,-74.015665,40.69239502,-73.99337909,member
697022,76B3EA72C7CB11FC,docked_bike,2021-03-15 16:44:20,2021-03-15 17:18:20,W 34 St & 11 Ave,6578,Clinton St & Joralemon St,4605,40.755942,-74.002116,40.692395,-73.993379,member
697123,80C83FDE892073F8,docked_bike,2021-03-17 15:03:07,2021-03-17 15:06:57,Fulton St & Adams St,4637,Clinton St & Joralemon St,4605,40.692418,-73.989494,40.69239502,-73.99337909,member
697134,269410B9374F3FB6,docked_bike,2021-03-01 17:14:25,2021-03-01 17:16:44,Fulton St & Adams St,4637,Clinton St & Joralemon St,4605,40.692418,-73.989494,40.69239502,-73.99337909,member
697142,A1633AC9132DA600,docked_bike,2021-03-08 15:49:27,2021-03-08 15:51:51,Fulton St & Adams St,4637,Clinton St & Joralemon St,4605,40.692418,-73.989494,40.69239502,-73.99337909,member
697155,41B78BEA60839C61,docked_bike,2021-03-21 11:48:58,2021-03-21 12:12:32,St Marks Pl & 2 Ave,5669,Clinton St & Joralemon St,4605,40.728418,-73.987139,40.69239502,-73.99337909,casual
697194,D6FF59DC43ECD54A,docked_bike,2021-03-22 15:04:26,2021-03-22 15:26:50,Fulton St & William St,5137,Clinton St & Joralemon St,4605,40.709559,-74.006536,40.69239502,-73.99337909,casual
697305,7BBDFF51713F76F3,docked_bike,2021-03-30 03:05:13,2021-03-30 03:10:13,Jay St & Tech Pl,4710,Clinton St & Joralemon St,4605,40.695065,-73.987167,40.69239502,-73.99337909,casual
697334,591ACD30AFA4F318,docked_bike,2021-03-13 15:55:41,2021-03-13 16:29:15,Huron St & Franklin St,5869,Clinton St & Joralemon St,4605,40.73266,-73.95826,40.692395,-73.993379,member
697385,3EC361E5B4EB9617,docked_bike,2021-03-12 18:04:51,2021-03-12 18:12:32,Willoughby St & Fleet St,4628,Clinton St & Joralemon St,4605,40.691965,-73.981301,40.69239502,-73.99337909,member
697397,7D744AB211450232,docked_bike,2021-03-11 15:34:42,2021-03-11 15:42:37,Willoughby St & Fleet St,4628,Clinton St & Joralemon St,4605,40.691965,-73.981301,40.69239502,-73.99337909,member
697408,329B31D5BECE63D3,docked_bike,2021-03-25 17:36:10,2021-03-25 17:38:23,Fulton St & Adams St,4637,Clinton St & Joralemon St,4605,40.692418,-73.989494,40.69239502,-73.99337909,member
697449,9F7AD577598A9711,docked_bike,2021-03-26 14:25:20,2021-03-26 14:55:19,Old Fulton St,4903,Clinton St & Joralemon St,4605,40.702771,-73.993836,40.69239502,-73.99337909,casual
697469,CEA3187A12D56583,docked_bike,2021-03-01 11:13:08,2021-03-01 11:19:01,Willoughby St & Fleet St,4628,Clinton St & Joralemon St,4605,40.691965,-73.981301,40.69239502,-73.99337909,member
697499,FAFA9DF1FA0B95DE,docked_bike,2021-03-31 19:22:00,2021-03-31 19:34:08,Old Fulton St,4903,Clinton St & Joralemon St,4605,40.702771,-73.993836,40.69239502,-73.99337909,casual
697507,D8B8DD2035804E8F,docked_bike,2021-03-06 12:01:32,2021-03-06 12:09:03,Willoughby St & Fleet St,4628,Clinton St & Joralemon St,4605,40.691965,-73.981301,40.69239502,-73.99337909,member
697510,58576EE79F8012EA,docked_bike,2021-03-01 15:12:53,2021-03-01 15:23:36,Old Fulton St,4903,Clinton St & Joralemon St,4605,40.702771,-73.993836,40.69239502,-73.99337909,member
697513,4B8E23F694B5B308,docked_bike,2021-03-11 15:18:45,2021-03-11 15:29:22,Old Fulton St,4903,Clinton St & Joralemon St,4605,40.702771,-73.993836,40.69239502,-73.99337909,member
697537,6C71F6AE1D032626,docked_bike,2021-03-10 15:11:39,2021-03-10 15:18:10,Old Fulton St,4903,Clinton St & Joralemon St,4605,40.702771,-73.993836,40.69239502,-73.99337909,member
697549,C8E2FC0C28B1859B,docked_bike,2021-03-09 07:41:03,2021-03-09 07:52:58,7 St & 3 Ave,3996,Clinton St & Joralemon St,4605,40.672602,-73.98983,40.69239502,-73.99337909,member
697551,2B9270601EE75D4A,docked_bike,2021-03-27 20:13:38,2021-03-27 20:31:13,Van Brunt St & Van Dyke St,4095,Clinton St & Joralemon St,4605,40.675832,-74.014726,40.69239502,-73.99337909,casual
697585,69B42B0283E73B49,docked_bike,2021-03-24 23:14:32,2021-03-24 23:21:46,Jay St & Tech Pl,4710,Clinton St & Joralemon St,4605,40.695065,-73.987167,40.69239502,-73.99337909,casual
697612,4480196E7C3F522D,docked_bike,2021-03-31 13:09:18,2021-03-31 13:16:41,Dean St & 4 Ave,4322,Clinton St & Joralemon St,4605,40.683124,-73.978951,40.69239502,-73.99337909,member
697613,DFEFE1BD031C90DA,docked_bike,2021-03-13 10:28:16,2021-03-13 10:39:41,Henry St & Bay St,3972,Clinton St & Joralemon St,4605,40.672505,-74.004946,40.69239502,-73.99337909,member
697636,BC4DB6A97DFABCC9,docked_bike,2021-03-14 15:55:54,2021-03-14 16:15:18,Coffey St & Conover St,4137,Clinton St & Joralemon St,4605,40.677236,-74.015665,40.69239502,-73.99337909,casual
697683,A777F0301A62A008,docked_bike,2021-03-25 19:10:04,2021-03-25 19:22:06,Fulton St & Pearl St,5024,Clinton St & Joralemon St,4605,40.707721,-74.004386,40.69239502,-73.99337909,member
697717,52E1F152EDD39378,docked_bike,2021-03-29 14:49:24,2021-03-29 14:57:56,Cumberland St & Lafayette Ave,4428,Clinton St & Joralemon St,4605,40.687534,-73.972651,40.69239502,-73.99337909,casual
697739,0CF991D00BBB39EE,docked_bike,2021-03-24 12:11:36,2021-03-24 12:36:44,Huron St & Franklin St,5869,Clinton St & Joralemon St,4605,40.73266,-73.95826,40.69239502,-73.99337909,casual
697769,67AC3B4DF3CAEB13,docked_bike,2021-03-25 10:46:06,2021-03-25 10:52:58,Hicks St & Montague St,4645,Clinton St & Joralemon St,4605,40.695128,-73.99595,40.69239502,-73.99337909,member
697771,DA673E4739080C76,docked_bike,2021-03-13 16:30:34,2021-03-13 16:32:52,Hicks St & Montague St,4645,Clinton St & Joralemon St,4605,40.695128,-73.99595,40.69239502,-73.99337909,member
697803,D1FCA9297E67E39F,docked_bike,2021-03-21 09:18:15,2021-03-21 09:33:42,Jay St & York St,4895,Clinton St & Joralemon St,4605,40.701403,-73.986726,40.69239502,-73.99337909,member
697820,EB211608A2A83B42,docked_bike,2021-03-13 01:43:09,2021-03-13 02:14:20,Christopher St & Greenwich St,5847,Clinton St & Joralemon St,4605,40.732915,-74.007113,40.69239502,-73.99337909,member
697837,D0D4961863052716,docked_bike,2021-03-24 08:48:59,2021-03-24 09:10:05,Catherine St & Monroe St,5128,Clinton St & Joralemon St,4605,40.711174,-73.996826,40.69239502,-73.99337909,member
697879,7E8264A568162235,docked_bike,2021-03-12 13:34:52,2021-03-12 13:54:03,Carroll St & Franklin Ave,3847,Clinton St & Joralemon St,4605,40.667941,-73.9588,40.69239502,-73.99337909,member
697885,4092C424EF8D0CBD,docked_bike,2021-03-20 20:59:20,2021-03-20 21:17:09,Garfield Pl & 8 Ave,3978,Clinton St & Joralemon St,4605,40.671197,-73.974841,40.69239502,-73.99337909,member
697934,A792D285C54D3A3A,docked_bike,2021-03-21 07:59:46,2021-03-21 08:02:23,Kane St & Clinton St,4455,Clinton St & Joralemon St,4605,40.686175,-73.996452,40.69239502,-73.99337909,member
697943,D773371D0CB5F676,docked_bike,2021-03-05 07:39:01,2021-03-05 08:00:35,Kosciuszko St & Tompkins Ave,4553,Clinton St & Joralemon St,4605,40.691282,-73.945241,40.69239502,-73.99337909,member
697982,895F808E701DC36F,docked_bike,2021-03-19 09:49:46,2021-03-19 10:15:16,Prospect Park SW & Greenwood Ave,3385,Clinton St & Joralemon St,4605,40.652563,-73.972573,40.69239502,-73.99337909,member
697983,3B201A0FD256A9E4,docked_bike,2021-03-13 15:36:03,2021-03-13 15:40:24,Atlantic Ave & Furman St,4614,Clinton St & Joralemon St,4605,40.691651,-73.999978,40.69239502,-73.99337909,member
697985,553B2486582D4635,docked_bike,2021-03-26 10:40:22,2021-03-26 11:02:53,Prospect Park SW & Greenwood Ave,3385,Clinton St & Joralemon St,4605,40.652563,-73.972573,40.69239502,-73.99337909,member
697995,7A12CC6CABA8EE7B,docked_bike,2021-03-31 13:46:25,2021-03-31 13:51:23,Kane St & Clinton St,4455,Clinton St & Joralemon St,4605,40.686175,-73.996452,40.69239502,-73.99337909,member
697997,E5431904168F652B,docked_bike,2021-03-24 09:28:17,2021-03-24 09:33:17,Kane St & Clinton St,4455,Clinton St & Joralemon St,4605,40.686175,-73.996452,40.69239502,-73.99337909,member
698003,663A832D2057748D,docked_bike,2021-03-17 09:11:20,2021-03-17 09:16:23,Kane St & Clinton St,4455,Clinton St & Joralemon St,4605,40.686175,-73.996452,40.69239502,-73.99337909,member
698010,BD7E580D11E59BB3,docked_bike,2021-03-25 21:08:58,2021-03-25 21:13:04,Butler St & Court St,4339,Clinton St & Joralemon St,4605,40.684989,-73.994403,40.692395,-73.993379,member
698012,6DDDCD928BD143CD,docked_bike,2021-03-27 21:24:39,2021-03-27 21:31:27,Kane St & Clinton St,4455,Clinton St & Joralemon St,4605,40.686175,-73.996452,40.69239502,-73.99337909,member
698087,9A1D1FAF34CD416C,docked_bike,2021-03-22 08:13:25,2021-03-22 08:17:45,Butler St & Court St,4339,Clinton St & Joralemon St,4605,40.684989,-73.994403,40.69239502,-73.99337909,member
698090,6417DA4779F07704,docked_bike,2021-03-23 16:38:03,2021-03-23 16:42:30,Kane St & Clinton St,4455,Clinton St & Joralemon St,4605,40.686175,-73.996452,40.69239502,-73.99337909,member
698097,D8D1196170B4524D,docked_bike,2021-03-28 08:35:05,2021-03-28 08:38:28,Kane St & Clinton St,4455,Clinton St & Joralemon St,4605,40.686175,-73.996452,40.69239502,-73.99337909,member
698099,78FE2ED5C1C56F1D,docked_bike,2021-03-09 11:43:45,2021-03-09 11:48:02,Kane St & Clinton St,4455,Clinton St & Joralemon St,4605,40.686175,-73.996452,40.69239502,-73.99337909,member
698100,9A18E4EEEF02838E,docked_bike,2021-03-16 07:58:14,2021-03-16 08:01:48,Kane St & Clinton St,4455,Clinton St & Joralemon St,4605,40.686175,-73.996452,40.69239502,-73.99337909,member
698248,BC72D5BBF7131924,docked_bike,2021-03-27 15:48:00,2021-03-27 16:05:04,Underhill Ave & Lincoln Pl,4042,Clinton St & Joralemon St,4605,40.674012,-73.967145,40.69239502,-73.99337909,casual
698340,998DFCB7B7CA1EEF,docked_bike,2021-03-17 16:18:28,2021-03-17 16:51:21,Beaver St & Fayette St,4840,Clinton St & Joralemon St,4605,40.70099,-73.93921,40.692395,-73.993379,member
698341,A54C894EFAA3E621,docked_bike,2021-03-15 16:16:39,2021-03-15 16:53:30,Beaver St & Fayette St,4840,Clinton St & Joralemon St,4605,40.70099,-73.93921,40.692395,-73.993379,member
698342,0B6136A805105B2B,docked_bike,2021-03-16 16:09:53,2021-03-16 16:41:06,Beaver St & Fayette St,4840,Clinton St & Joralemon St,4605,40.70099,-73.93921,40.692395,-73.993379,member
698343,4D98E647677BC8D1,docked_bike,2021-03-07 14:13:56,2021-03-07 14:42:21,Beaver St & Fayette St,4840,Clinton St & Joralemon St,4605,40.70099,-73.93921,40.692395,-73.993379,member
698344,76444E60E9D3B3EE,docked_bike,2021-03-03 16:16:46,2021-03-03 16:46:22,Beaver St & Fayette St,4840,Clinton St & Joralemon St,4605,40.70099,-73.93921,40.692395,-73.993379,member
698345,BA4A84CCE4B06F7A,docked_bike,2021-03-09 16:13:39,2021-03-09 16:41:15,Beaver St & Fayette St,4840,Clinton St & Joralemon St,4605,40.70099,-73.93921,40.692395,-73.993379,member
698346,2A96D6DFA3BC789D,docked_bike,2021-03-30 16:19:28,2021-03-30 16:46:26,Beaver St & Fayette St,4840,Clinton St & Joralemon St,4605,40.70099,-73.93921,40.692395,-73.993379,member
698365,DB5F72E129ACEF48,docked_bike,2021-03-10 15:15:16,2021-03-10 15:25:52,Carlton Ave & Dean St,4199,Clinton St & Joralemon St,4605,40.680974,-73.97101,40.692395,-73.993379,member
698386,B2D68B1CEB61DC92,docked_bike,2021-03-09 16:52:42,2021-03-09 17:06:32,Douglass St & 3 Ave,4217,Clinton St & Joralemon St,4605,40.680213,-73.984326,40.69239502,-73.99337909,member
698431,49F24032CFCDA52C,docked_bike,2021-03-29 14:55:12,2021-03-29 15:03:24,Douglass St & 3 Ave,4217,Clinton St & Joralemon St,4605,40.680213,-73.984326,40.69239502,-73.99337909,member
698453,8E646EAC9EA411A9,docked_bike,2021-03-17 17:06:52,2021-03-17 17:19:28,Bergen St & Flatbush Ave,4281,Clinton St & Joralemon St,4605,40.680944,-73.975673,40.69239502,-73.99337909,member
698484,F19199B9F44EE082,docked_bike,2021-03-03 19:07:41,2021-03-03 19:09:42,Montague St & Clinton St,4677,Clinton St & Joralemon St,4605,40.694281,-73.9923,40.692395,-73.993379,member
698549,5FF8579FD4326E04,docked_bike,2021-03-17 09:53:33,2021-03-17 09:57:44,Bergen St & Smith St,4446,Clinton St & Joralemon St,4605,40.686744,-73.990632,40.692395,-73.993379,member
698550,0BC0000ADA0DC618,docked_bike,2021-03-08 09:30:33,2021-03-08 09:34:44,Bergen St & Smith St,4446,Clinton St & Joralemon St,4605,40.686744,-73.990632,40.692395,-73.993379,member
698551,964B8095F296BB1D,docked_bike,2021-03-09 07:50:41,2021-03-09 07:59:12,Carroll St & Columbia St,4348,Clinton St & Joralemon St,4605,40.683045,-74.003485,40.69239502,-73.99337909,member
698553,768A6DF2765F7D71,docked_bike,2021-03-07 13:27:05,2021-03-07 13:35:39,Bergen St & Smith St,4446,Clinton St & Joralemon St,4605,40.686744,-73.990631,40.69239502,-73.99337909,member
698555,FB8D4D2B06709E28,docked_bike,2021-03-05 16:46:44,2021-03-05 16:56:04,Clinton Ave & Myrtle Ave,4651,Clinton St & Joralemon St,4605,40.693261,-73.968896,40.69239502,-73.99337909,member
698569,CE29D6414426B87E,docked_bike,2021-03-18 07:29:13,2021-03-18 07:37:07,Carroll St & Columbia St,4348,Clinton St & Joralemon St,4605,40.683045,-74.003485,40.69239502,-73.99337909,member
698600,5ACA5B73C391DE09,docked_bike,2021-03-26 09:07:43,2021-03-26 09:15:03,Carroll St & Columbia St,4348,Clinton St & Joralemon St,4605,40.683045,-74.003485,40.69239502,-73.99337909,member
698606,41D1615301C084C0,docked_bike,2021-03-16 09:56:36,2021-03-16 10:00:47,Bergen St & Smith St,4446,Clinton St & Joralemon St,4605,40.686744,-73.990632,40.692395,-73.993379,member
698645,955702F0BC9AD692,docked_bike,2021-03-27 14:17:34,2021-03-27 14:25:13,Carroll St & Columbia St,4348,Clinton St & Joralemon St,4605,40.683045,-74.003485,40.69239502,-73.99337909,member
698656,02B50DE75D01675B,docked_bike,2021-03-29 10:22:06,2021-03-29 10:28:52,Bergen St & Smith St,4446,Clinton St & Joralemon St,4605,40.686744,-73.990632,40.692395,-73.993379,member
698704,526C4FAA5DE42D4D,docked_bike,2021-03-30 18:09:15,2021-03-30 18:13:39,Bergen St & Smith St,4446,Clinton St & Joralemon St,4605,40.686744,-73.990631,40.69239502,-73.99337909,member
698757,DDADEC62FEB7F195,docked_bike,2021-03-27 17:05:04,2021-03-27 17:31:56,Old Fulton St,4903,Clinton St & Joralemon St,4605,40.702771,-73.993836,40.69239502,-73.99337909,member
698761,23CE2E850F074963,docked_bike,2021-03-30 15:52:20,2021-03-30 16:02:38,Old Fulton St,4903,Clinton St & Joralemon St,4605,40.702771,-73.993836,40.69239502,-73.99337909,member
698762,D937A7C0710D49CE,docked_bike,2021-03-05 11:32:54,2021-03-05 11:39:21,Willoughby St & Fleet St,4628,Clinton St & Joralemon St,4605,40.691965,-73.981301,40.69239502,-73.99337909,member
698783,F1724323598AE05A,docked_bike,2021-03-02 20:53:05,2021-03-02 21:02:59,Carroll St & Bond St,4184,Clinton St & Joralemon St,4605,40.678611,-73.990372,40.69239502,-73.99337909,member
698797,E5935DB957FB102D,docked_bike,2021-03-12 07:44:14,2021-03-12 08:09:05,Kosciuszko St & Tompkins Ave,4553,Clinton St & Joralemon St,4605,40.691282,-73.945241,40.69239502,-73.99337909,member
698798,21FEE064A2E0F603,docked_bike,2021-03-04 07:35:10,2021-03-04 07:57:47,Kosciuszko St & Tompkins Ave,4553,Clinton St & Joralemon St,4605,40.691282,-73.945241,40.69239502,-73.99337909,member
698799,D5B9EBCF90232B1C,docked_bike,2021-03-27 15:19:41,2021-03-27 15:48:38,Kosciuszko St & Tompkins Ave,4553,Clinton St & Joralemon St,4605,40.691282,-73.945241,40.69239502,-73.99337909,member
698814,BAD15BE6EE4CD400,docked_bike,2021-03-06 21:00:41,2021-03-06 21:44:39,35 St & Broadway,6750,Clinton St & Joralemon St,4605,40.760339,-73.922242,40.69239502,-73.99337909,member
698817,8E78B0D63AACC6BF,docked_bike,2021-03-10 11:22:51,2021-03-10 11:30:37,Clinton St & 4 Place,4119,Clinton St & Joralemon St,4605,40.678356,-74.000145,40.69239502,-73.99337909,casual
698818,DDC8BCFD02A125CE,docked_bike,2021-03-17 10:53:27,2021-03-17 11:01:13,Clinton St & 4 Place,4119,Clinton St & Joralemon St,4605,40.678356,-74.000145,40.69239502,-73.99337909,member
698820,1F3E4E44D89C80D0,docked_bike,2021-03-03 14:53:23,2021-03-03 15:04:25,Murray St & Greenwich St,5288,Clinton St & Joralemon St,4605,40.714851,-74.011223,40.69239502,-73.99337909,member
698823,F3A5187B63D53953,docked_bike,2021-03-03 17:09:09,2021-03-03 17:17:59,Clinton St & 4 Place,4119,Clinton St & Joralemon St,4605,40.678356,-74.000145,40.692395,-73.993379,member
698824,A718F194F1FADC4A,docked_bike,2021-03-03 12:50:51,2021-03-03 13:13:09,Clinton St & 4 Place,4119,Clinton St & Joralemon St,4605,40.678356,-74.000145,40.692395,-73.993379,member
698826,BC82C3E2E8CAC3B6,docked_bike,2021-03-11 17:35:07,2021-03-11 17:38:01,Clinton St & 4 Place,4119,Clinton St & Joralemon St,4605,40.678356,-74.000145,40.69239502,-73.99337909,member
698832,01FCF979D45AD2A1,docked_bike,2021-03-13 08:35:31,2021-03-13 08:43:52,Clinton St & 4 Place,4119,Clinton St & Joralemon St,4605,40.678356,-74.000145,40.69239502,-73.99337909,member
698833,AB3BE13E3D5AC92E,docked_bike,2021-03-30 06:30:14,2021-03-30 06:36:54,Clinton St & 4 Place,4119,Clinton St & Joralemon St,4605,40.678356,-74.000145,40.69239502,-73.99337909,member
698879,9BED441984FF2FA9,docked_bike,2021-03-27 20:21:29,2021-03-27 20:39:17,Willoughby St & Fleet St,4628,Clinton St & Joralemon St,4605,40.691965,-73.981301,40.69239502,-73.99337909,member
698884,4DBE5E63BDF9157E,docked_bike,2021-03-02 15:09:46,2021-03-02 15:21:40,Old Fulton St,4903,Clinton St & Joralemon St,4605,40.702771,-73.993836,40.69239502,-73.99337909,member
698892,C97A0F5B7E671936,docked_bike,2021-03-09 19:13:39,2021-03-09 19:37:56,6 Ave & 9 St,3803,Clinton St & Joralemon St,4605,40.668127,-73.983776,40.69239502,-73.99337909,member
698905,4CD4EB3D5CDEBFEF,docked_bike,2021-03-03 16:17:05,2021-03-03 16:25:38,Smith St & 9 St,4077,Clinton St & Joralemon St,4605,40.674695,-73.997857,40.69239502,-73.99337909,member
698910,2CB80C7293B1A062,docked_bike,2021-03-03 07:17:16,2021-03-03 07:24:55,Bergen St & Flatbush Ave,4281,Clinton St & Joralemon St,4605,40.680944,-73.975673,40.69239502,-73.99337909,member
698911,566A0B491EE9691B,docked_bike,2021-03-13 16:57:38,2021-03-13 17:07:05,Bergen St & Flatbush Ave,4281,Clinton St & Joralemon St,4605,40.680944,-73.975673,40.69239502,-73.99337909,member
698920,064CE5335AA8A3EE,docked_bike,2021-03-07 17:11:38,2021-03-07 17:21:01,Douglass St & 3 Ave,4217,Clinton St & Joralemon St,4605,40.680213,-73.984326,40.69239502,-73.99337909,member
698923,FED3E6646B0E06B7,docked_bike,2021-03-29 20:44:17,2021-03-29 21:00:47,Douglass St & 3 Ave,4217,Clinton St & Joralemon St,4605,40.680213,-73.984326,40.69239502,-73.99337909,member
698935,1CA809C681CDDDBC,docked_bike,2021-03-29 19:50:36,2021-03-29 20:00:16,Smith St & 9 St,4077,Clinton St & Joralemon St,4605,40.674695,-73.997857,40.69239502,-73.99337909,member
698936,FB505BC64F954601,docked_bike,2021-03-30 19:56:26,2021-03-30 20:05:53,Smith St & 9 St,4077,Clinton St & Joralemon St,4605,40.674695,-73.997857,40.69239502,-73.99337909,member
698937,5841F4D48A212A3E,docked_bike,2021-03-23 19:49:50,2021-03-23 19:58:21,Smith St & 9 St,4077,Clinton St & Joralemon St,4605,40.674695,-73.997857,40.69239502,-73.99337909,member
698953,732972EEE305345C,docked_bike,2021-03-09 18:21:25,2021-03-09 18:31:43,Old Fulton St,4903,Clinton St & Joralemon St,4605,40.702771,-73.993836,40.69239502,-73.99337909,casual
699002,05A7C08726C34838,docked_bike,2021-03-18 10:45:00,2021-03-18 10:58:05,5 Ave & 3 St,3987,Clinton St & Joralemon St,4605,40.672815,-73.983523,40.69239502,-73.99337909,member
699039,547CF150B1F64DAF,docked_bike,2021-03-19 11:27:11,2021-03-19 11:35:17,3 Ave & Schermerhorn St,4437,Clinton St & Joralemon St,4605,40.686832,-73.979677,40.69239502,-73.99337909,member
699051,A9C891A05E1C80A8,docked_bike,2021-03-08 19:18:04,2021-03-08 19:26:05,3 Ave & Schermerhorn St,4437,Clinton St & Joralemon St,4605,40.686832,-73.979677,40.69239502,-73.99337909,member
699218,F588AC3880CDD07F,docked_bike,2021-03-13 13:39:30,2021-03-13 14:14:25,Wythe Ave & Metropolitan Ave,5348,Clinton St & Joralemon St,4605,40.716887,-73.963198,40.69239502,-73.99337909,member
699231,601222F07FB6A2C1,docked_bike,2021-03-08 18:35:31,2021-03-08 19:06:07,Wythe Ave & Metropolitan Ave,5348,Clinton St & Joralemon St,4605,40.716887,-73.963198,40.69239502,-73.99337909,member
699300,CD8DDC5ADCE7BC16,docked_bike,2021-03-27 19:45:33,2021-03-27 19:53:18,Carroll St & Smith St,4225,Clinton St & Joralemon St,4605,40.680611,-73.994758,40.69239502,-73.99337909,member
699301,2394A6DDD148287C,docked_bike,2021-03-03 10:52:24,2021-03-03 10:58:49,Carroll St & Smith St,4225,Clinton St & Joralemon St,4605,40.680611,-73.994758,40.692395,-73.993379,member
699312,E68FDB11BFE6D597,docked_bike,2021-03-03 20:03:54,2021-03-03 20:16:27,Van Brunt St & Wolcott St,4095,Clinton St & Joralemon St,4605,40.677342,-74.01275,40.69239502,-73.99337909,member
699330,1A1C1393AD5435CF,docked_bike,2021-03-13 15:49:14,2021-03-13 16:06:03,Van Brunt St & Wolcott St,4095,Clinton St & Joralemon St,4605,40.677342,-74.01275,40.69239502,-73.99337909,member
699339,34C02E5FF882C3A0,docked_bike,2021-03-09 14:33:32,2021-03-09 14:46:48,Van Brunt St & Wolcott St,4095,Clinton St & Joralemon St,4605,40.677342,-74.01275,40.69239502,-73.99337909,member
699351,3D9C09B2A085B9F4,docked_bike,2021-03-02 18:26:19,2021-03-02 18:44:24,5 St & 6 Ave,3874,Clinton St & Joralemon St,4605,40.670483,-73.982089,40.69239502,-73.99337909,member
699457,FDB83BF5F9A2DD99,docked_bike,2021-03-17 09:50:35,2021-03-17 10:00:59,5 Ave & 3 St,3987,Clinton St & Joralemon St,4605,40.672815,-73.983523,40.69239502,-73.99337909,member
699459,65F40F087E9F07A4,docked_bike,2021-03-24 13:52:25,2021-03-24 14:06:04,5 Ave & 3 St,3987,Clinton St & Joralemon St,4605,40.672816,-73.983524,40.692395,-73.993379,member
699462,F9E3007F84154E51,docked_bike,2021-03-16 16:29:25,2021-03-16 16:41:19,5 Ave & 3 St,3987,Clinton St & Joralemon St,4605,40.672815,-73.983523,40.69239502,-73.99337909,member
699469,57033F2B1968465F,docked_bike,2021-03-08 18:35:24,2021-03-08 19:06:00,Wythe Ave & Metropolitan Ave,5348,Clinton St & Joralemon St,4605,40.716887,-73.963198,40.692395,-73.993379,member
699501,EA4AC44518C33D3A,docked_bike,2021-03-20 16:48:39,2021-03-20 17:03:06,Grand Army Plaza & Plaza St West,4010,Clinton St & Joralemon St,4605,40.672967,-73.970879,40.69239502,-73.99337909,member
699504,FCE2996A55AD9D68,docked_bike,2021-03-23 14:38:41,2021-03-23 14:42:29,Pierrepont St & Monroe Pl,4718,Clinton St & Joralemon St,4605,40.695356,-73.99344,40.69239502,-73.99337909,casual
699508,A364C7E6F530B958,docked_bike,2021-03-06 10:54:43,2021-03-06 11:09:11,Grand Army Plaza & Plaza St West,4010,Clinton St & Joralemon St,4605,40.672967,-73.970879,40.69239502,-73.99337909,member
699518,5A730D733BF26FA0,docked_bike,2021-03-13 11:35:39,2021-03-13 11:58:02,Willoughby Ave & Walworth St,4634,Clinton St & Joralemon St,4605,40.693317,-73.953819,40.69239502,-73.99337909,casual
699574,75E37D37DDE8AE20,docked_bike,2021-03-12 10:33:58,2021-03-12 11:00:55,1 Ave & E 16 St,5779,Clinton St & Joralemon St,4605,40.732219,-73.981656,40.692395,-73.993379,member
699622,FDA3579A634DEFAB,docked_bike,2021-03-21 17:32:59,2021-03-21 17:40:51,Cadman Plaza E & Red Cross Pl,4821,Clinton St & Joralemon St,4605,40.699917,-73.989717,40.69239502,-73.99337909,member
699623,2CC68F9452E1D661,docked_bike,2021-03-15 07:44:56,2021-03-15 07:48:00,State St & Smith St,4565,Clinton St & Joralemon St,4605,40.689269,-73.989128,40.69239502,-73.99337909,member
699624,95E675DEDD33890A,docked_bike,2021-03-14 07:56:22,2021-03-14 07:58:46,State St & Smith St,4565,Clinton St & Joralemon St,4605,40.689269,-73.989128,40.69239502,-73.99337909,member
699630,1A9F914FED90FE05,docked_bike,2021-03-12 08:03:23,2021-03-12 08:08:33,State St & Smith St,4565,Clinton St & Joralemon St,4605,40.689269,-73.989128,40.69239502,-73.99337909,member
699631,F03E6FFEE5E6846A,docked_bike,2021-03-10 07:03:20,2021-03-10 07:05:46,State St & Smith St,4565,Clinton St & Joralemon St,4605,40.689269,-73.989128,40.69239502,-73.99337909,member
699638,752A614EF8AD0ACD,docked_bike,2021-03-02 19:01:21,2021-03-02 19:04:54,State St & Smith St,4565,Clinton St & Joralemon St,4605,40.689269,-73.989128,40.69239502,-73.99337909,member
699651,4CBE5FF9FF68ADBF,docked_bike,2021-03-27 12:21:33,2021-03-27 12:35:40,Douglass St & 4 Ave,4175,Clinton St & Joralemon St,4605,40.679279,-73.98154,40.692395,-73.993379,casual
699656,F72156ED2E5B41C7,docked_bike,2021-03-29 19:52:23,2021-03-29 19:57:32,Wyckoff St & Nevins St,4290,Clinton St & Joralemon St,4605,40.683426,-73.984275,40.69239502,-73.99337909,casual
699669,2A7ACE9DA1665F3F,docked_bike,2021-03-22 12:28:57,2021-03-22 12:34:08,State St & Smith St,4565,Clinton St & Joralemon St,4605,40.689269,-73.989128,40.69239502,-73.99337909,member
699674,E1CE308ABD854024,docked_bike,2021-03-17 17:01:11,2021-03-17 17:05:24,State St & Smith St,4565,Clinton St & Joralemon St,4605,40.689269,-73.989128,40.69239502,-73.99337909,member
699689,9389B341D87CBAD0,docked_bike,2021-03-01 18:19:22,2021-03-01 18:36:38,Dwight St & Van Dyke St,3981,Clinton St & Joralemon St,4605,40.673635,-74.011955,40.69239502,-73.99337909,member
699691,7ECDCDD8C6A45EBC,docked_bike,2021-03-29 08:55:58,2021-03-29 09:09:17,Douglass St & 4 Ave,4175,Clinton St & Joralemon St,4605,40.679278,-73.98154,40.69239502,-73.99337909,member
699703,FE44B9249463CA8F,docked_bike,2021-03-27 17:09:35,2021-03-27 17:31:11,Dwight St & Van Dyke St,3981,Clinton St & Joralemon St,4605,40.673635,-74.011955,40.69239502,-73.99337909,member
699717,0AAD1C49B016644C,docked_bike,2021-03-27 17:08:58,2021-03-27 17:31:12,Dwight St & Van Dyke St,3981,Clinton St & Joralemon St,4605,40.673635,-74.011955,40.69239502,-73.99337909,member
699719,52965B73AA73E55D,docked_bike,2021-03-17 12:43:54,2021-03-17 12:56:16,Douglass St & 4 Ave,4175,Clinton St & Joralemon St,4605,40.679278,-73.98154,40.69239502,-73.99337909,member
699747,044966370DE2B63E,docked_bike,2021-03-08 20:03:24,2021-03-08 20:23:55,Dwight St & Van Dyke St,3981,Clinton St & Joralemon St,4605,40.673635,-74.011955,40.69239502,-73.99337909,member
699748,D12CE06EE6595684,docked_bike,2021-03-06 16:59:03,2021-03-06 17:33:17,Dwight St & Van Dyke St,3981,Clinton St & Joralemon St,4605,40.673635,-74.011955,40.69239502,-73.99337909,member
699749,EEAB476DA277C97C,docked_bike,2021-03-12 20:14:55,2021-03-12 20:43:31,Dwight St & Van Dyke St,3981,Clinton St & Joralemon St,4605,40.673635,-74.011955,40.69239502,-73.99337909,member
699757,D72F1BF8A0EA880D,docked_bike,2021-03-17 09:18:57,2021-03-17 09:31:24,Douglass St & 4 Ave,4175,Clinton St & Joralemon St,4605,40.679278,-73.98154,40.69239502,-73.99337909,member
699787,7034AEB1BFA9D7F4,docked_bike,2021-03-11 18:07:37,2021-03-11 18:21:46,Dwight St & Van Dyke St,3981,Clinton St & Joralemon St,4605,40.673635,-74.011955,40.69239502,-73.99337909,member
699795,521818D3DD44EF12,docked_bike,2021-03-22 11:14:24,2021-03-22 11:28:01,Douglass St & 4 Ave,4175,Clinton St & Joralemon St,4605,40.679278,-73.98154,40.69239502,-73.99337909,member
699797,1EBFC79EAA064643,docked_bike,2021-03-27 15:33:41,2021-03-27 16:04:04,Forsyth St & Broome St,5453,Clinton St & Joralemon St,4605,40.718939,-73.992662,40.69239502,-73.99337909,casual
699807,D9B808323D970A9B,docked_bike,2021-03-04 08:16:45,2021-03-04 08:30:20,Douglass St & 4 Ave,4175,Clinton St & Joralemon St,4605,40.679278,-73.98154,40.69239502,-73.99337909,member
699811,65D4B77563A39076,docked_bike,2021-03-17 18:46:56,2021-03-17 19:01:15,Douglass St & 4 Ave,4175,Clinton St & Joralemon St,4605,40.679278,-73.98154,40.69239502,-73.99337909,member
699820,558AB42D4008B65C,docked_bike,2021-03-21 13:53:57,2021-03-21 14:15:28,Lewis Ave & Madison St,4425,Clinton St & Joralemon St,4605,40.686312,-73.935775,40.69239502,-73.99337909,casual
699826,AB4D8E8D2E2F80B4,docked_bike,2021-03-09 08:20:18,2021-03-09 08:34:17,Douglass St & 4 Ave,4175,Clinton St & Joralemon St,4605,40.679278,-73.98154,40.69239502,-73.99337909,member
699836,FE39B2DD2EA6C192,docked_bike,2021-03-07 13:44:10,2021-03-07 13:52:57,DeKalb Ave & Hudson Ave,4513,Clinton St & Joralemon St,4605,40.689888,-73.981013,40.69239502,-73.99337909,member
699846,3F82298AA10FB874,docked_bike,2021-03-11 08:12:33,2021-03-11 08:25:33,Douglass St & 4 Ave,4175,Clinton St & Joralemon St,4605,40.679278,-73.98154,40.69239502,-73.99337909,member
699847,174D51656453E53D,docked_bike,2021-03-03 16:24:31,2021-03-03 16:39:04,Douglass St & 4 Ave,4175,Clinton St & Joralemon St,4605,40.679278,-73.98154,40.69239502,-73.99337909,member
699848,D277A3793B8A0C79,docked_bike,2021-03-18 08:40:49,2021-03-18 08:51:40,Douglass St & 4 Ave,4175,Clinton St & Joralemon St,4605,40.679278,-73.98154,40.69239502,-73.99337909,member
699854,BA793FD78EC79EF5,docked_bike,2021-03-26 14:49:06,2021-03-26 15:13:17,Barrow St & Hudson St,5805,Clinton St & Joralemon St,4605,40.731724,-74.006744,40.69239502,-73.99337909,member
699867,0DD5715A26390CF1,docked_bike,2021-03-02 13:28:08,2021-03-02 13:49:40,Montague St & Clinton St,4677,Clinton St & Joralemon St,4605,40.694281,-73.9923,40.69239502,-73.99337909,member
699895,9B72A6138083E381,docked_bike,2021-03-09 07:28:21,2021-03-09 07:32:03,Lawrence St & Willoughby St,4596,Clinton St & Joralemon St,4605,40.692362,-73.986317,40.692395,-73.993379,member
699896,7CE14F70B7386A8D,docked_bike,2021-03-21 16:29:16,2021-03-21 16:35:14,Lawrence St & Willoughby St,4596,Clinton St & Joralemon St,4605,40.692361,-73.986317,40.69239502,-73.99337909,member
699928,449EAA1A691936C6,docked_bike,2021-03-11 17:51:01,2021-03-11 18:15:33,E 6 St & Avenue B,5584,Clinton St & Joralemon St,4605,40.724537,-73.981854,40.69239502,-73.99337909,member
699950,B037D0ABB284BACB,docked_bike,2021-03-27 19:20:09,2021-03-27 19:39:42,14 St & 7 Ave,3731,Clinton St & Joralemon St,4605,40.663779,-73.983968,40.69239502,-73.99337909,casual
700062,0D9572996BC7B1C7,docked_bike,2021-03-16 16:33:38,2021-03-16 16:41:49,Court St & Nelson St,4077,Clinton St & Joralemon St,4605,40.676394,-73.998698,40.69239502,-73.99337909,casual
700069,C5589ECC107EB108,docked_bike,2021-03-27 18:35:23,2021-03-27 19:13:13,Smith St & 3 St,4151,Clinton St & Joralemon St,4605,40.678724,-73.99599,40.69239502,-73.99337909,member
700072,3C32E5012AD4BE35,docked_bike,2021-03-27 10:41:21,2021-03-27 10:57:04,Court St & Nelson St,4077,Clinton St & Joralemon St,4605,40.676394,-73.998698,40.69239502,-73.99337909,casual
700076,6E6797CB430881AF,docked_bike,2021-03-12 17:12:38,2021-03-12 17:16:49,Lawrence St & Willoughby St,4596,Clinton St & Joralemon St,4605,40.692361,-73.986317,40.69239502,-73.99337909,member
700108,81E511DCFCFACD83,docked_bike,2021-03-09 17:14:31,2021-03-09 17:31:51,St James Pl & Oliver St,5238,Clinton St & Joralemon St,4605,40.713079,-73.998511,40.69239502,-73.99337909,member
700125,8ECB8860D77EBA94,docked_bike,2021-03-23 19:48:15,2021-03-23 19:59:20,DeKalb Ave & Vanderbilt Ave,4461,Clinton St & Joralemon St,4605,40.689407,-73.968854,40.69239502,-73.99337909,casual
700127,E65BF7A601C7AD40,docked_bike,2021-03-09 12:34:50,2021-03-09 13:12:24,Lincoln Pl & Classon Ave,3960,Clinton St & Joralemon St,4605,40.672168,-73.9609,40.692395,-73.993379,member
700159,B42A104468A1F93B,docked_bike,2021-03-02 15:01:29,2021-03-02 15:31:47,48 St & 2 Ave,3283,Clinton St & Joralemon St,4605,40.650176,-74.015606,40.69239502,-73.99337909,casual
700164,34A90281952F8E99,docked_bike,2021-03-15 12:17:43,2021-03-15 12:25:49,1 Pl & Clinton St,4193,Clinton St & Joralemon St,4605,40.680959,-73.999057,40.69239502,-73.99337909,member
700171,C0618B7631822A57,docked_bike,2021-03-25 16:27:00,2021-03-25 16:33:52,1 Pl & Clinton St,4193,Clinton St & Joralemon St,4605,40.680959,-73.999057,40.69239502,-73.99337909,member
700177,0135266F6438A87C,docked_bike,2021-03-12 08:29:47,2021-03-12 08:35:32,1 Pl & Clinton St,4193,Clinton St & Joralemon St,4605,40.680959,-73.999057,40.69239502,-73.99337909,member
700199,29F8A37CCA2D079B,docked_bike,2021-03-07 00:30:27,2021-03-07 00:40:11,1 Pl & Clinton St,4193,Clinton St & Joralemon St,4605,40.680959,-73.999057,40.69239502,-73.99337909,member
700202,8FE5AE656F24E921,docked_bike,2021-03-17 10:55:55,2021-03-17 11:03:43,1 Pl & Clinton St,4193,Clinton St & Joralemon St,4605,40.680959,-73.999057,40.69239502,-73.99337909,member
700209,91E921CBCAAFE463,docked_bike,2021-03-03 08:09:39,2021-03-03 08:17:55,1 Pl & Clinton St,4193,Clinton St & Joralemon St,4605,40.680959,-73.999057,40.692395,-73.993379,member
700229,C5809358C3546946,docked_bike,2021-03-25 15:19:26,2021-03-25 15:34:37,4 Ave & 9 St,3955,Clinton St & Joralemon St,4605,40.670514,-73.988766,40.692395,-73.993379,member
700282,139805610B1360B9,docked_bike,2021-03-19 10:50:55,2021-03-19 10:58:37,1 Pl & Clinton St,4193,Clinton St & Joralemon St,4605,40.680959,-73.999057,40.692395,-73.993379,member
700298,A38DD083D0BEA24A,docked_bike,2021-03-29 10:12:13,2021-03-29 10:20:03,1 Pl & Clinton St,4193,Clinton St & Joralemon St,4605,40.680959,-73.999057,40.69239502,-73.99337909,member
700301,394BF42CDD968F5E,docked_bike,2021-03-24 11:33:58,2021-03-24 11:40:36,1 Pl & Clinton St,4193,Clinton St & Joralemon St,4605,40.680959,-73.999057,40.69239502,-73.99337909,member
700327,BF25F782BF605B81,docked_bike,2021-03-05 15:03:55,2021-03-05 15:09:57,1 Pl & Clinton St,4193,Clinton St & Joralemon St,4605,40.680959,-73.999057,40.69239502,-73.99337909,member
700418,9EB353EFBAF6E507,docked_bike,2021-03-22 14:44:24,2021-03-22 14:57:05,Berkeley Pl & 6 Ave,4134,Clinton St & Joralemon St,4605,40.67653,-73.978468,40.69239502,-73.99337909,member
700471,0FEE6D82A5CFBAEA,docked_bike,2021-03-27 12:31:58,2021-03-27 12:34:28,Pierrepont St & Monroe Pl,4718,Clinton St & Joralemon St,4605,40.695356,-73.99344,40.69239502,-73.99337909,member
700503,61677E8226B3A2C7,docked_bike,2021-03-22 13:48:40,2021-03-22 14:21:07,44 St & 6 Ave,3233,Clinton St & Joralemon St,4605,40.647105,-74.004483,40.69239502,-73.99337909,member
700522,48F2F13DC758B368,docked_bike,2021-03-26 17:25:05,2021-03-26 17:55:51,Berkeley Pl & 6 Ave,4134,Clinton St & Joralemon St,4605,40.67653,-73.978468,40.69239502,-73.99337909,casual
700540,2F10CB66BCA47AF8,docked_bike,2021-03-22 08:09:01,2021-03-22 08:23:10,Van Brunt St & Wolcott St,4095,Clinton St & Joralemon St,4605,40.677342,-74.01275,40.69239502,-73.99337909,member
700550,38CAA1B2D84776C6,docked_bike,2021-03-18 18:02:00,2021-03-18 18:16:06,Berkeley Pl & 6 Ave,4134,Clinton St & Joralemon St,4605,40.67653,-73.978468,40.69239502,-73.99337909,member
700613,23F1F321CF2A9070,docked_bike,2021-03-27 13:35:19,2021-03-27 13:43:15,Bond St & Bergen St,4404,Clinton St & Joralemon St,4605,40.684966,-73.986207,40.69239502,-73.99337909,member
700620,4BBDCA19DE6FF2E9,docked_bike,2021-03-24 09:51:23,2021-03-24 09:57:16,1 Pl & Clinton St,4193,Clinton St & Joralemon St,4605,40.680959,-73.999057,40.692395,-73.993379,member
700622,C05B965F1D6E94DA,docked_bike,2021-03-03 19:56:46,2021-03-03 20:01:42,1 Pl & Clinton St,4193,Clinton St & Joralemon St,4605,40.680959,-73.999057,40.69239502,-73.99337909,member
700628,A66AA99643E1AA9D,docked_bike,2021-03-09 17:47:55,2021-03-09 18:08:15,Bank St & Washington St,5964,Clinton St & Joralemon St,4605,40.736197,-74.008592,40.692395,-73.993379,member
700631,339E1211DD0898E8,docked_bike,2021-03-10 12:43:30,2021-03-10 12:48:19,1 Pl & Clinton St,4193,Clinton St & Joralemon St,4605,40.680959,-73.999057,40.69239502,-73.99337909,member
700633,A09B4E5E44BEFAAA,docked_bike,2021-03-02 14:55:56,2021-03-02 15:01:30,1 Pl & Clinton St,4193,Clinton St & Joralemon St,4605,40.680959,-73.999057,40.692395,-73.993379,member
700635,3EDF1F6B1AC50AE8,docked_bike,2021-03-26 12:48:10,2021-03-26 13:04:24,4 Ave & 9 St,3955,Clinton St & Joralemon St,4605,40.670513,-73.988765,40.69239502,-73.99337909,member
700658,79EDDCCEDFDCD8B6,docked_bike,2021-03-16 10:40:06,2021-03-16 10:48:06,1 Pl & Clinton St,4193,Clinton St & Joralemon St,4605,40.680959,-73.999057,40.69239502,-73.99337909,member
700659,5FF3473C980E9ABB,docked_bike,2021-03-09 13:55:11,2021-03-09 14:03:14,1 Pl & Clinton St,4193,Clinton St & Joralemon St,4605,40.680959,-73.999057,40.69239502,-73.99337909,member
700693,CD0524318D38B127,docked_bike,2021-03-12 22:28:00,2021-03-12 22:32:53,Bond St & Bergen St,4404,Clinton St & Joralemon St,4605,40.684966,-73.986207,40.69239502,-73.99337909,member
700694,E93BAD1A719B23EA,docked_bike,2021-03-26 13:48:04,2021-03-26 13:53:13,Bond St & Bergen St,4404,Clinton St & Joralemon St,4605,40.684966,-73.986207,40.69239502,-73.99337909,member
700695,EFA4D50657015654,docked_bike,2021-03-29 20:49:45,2021-03-29 21:21:55,Howard St & Centre St,5422,Clinton St & Joralemon St,4605,40.719105,-73.999733,40.69239502,-73.99337909,member
700789,2FDA7FA78FF4D0AA,docked_bike,2021-03-23 15:53:37,2021-03-23 16:30:03,Ft. Hamilton Pkwy & E 2 St,3280,Clinton St & Joralemon St,4605,40.648005,-73.979342,40.69239502,-73.99337909,casual
700849,E7882F9A1219B1D5,docked_bike,2021-03-23 10:16:45,2021-03-23 10:35:20,3 St & Prospect Park West,3865,Clinton St & Joralemon St,4605,40.668132,-73.973638,40.692395,-73.993379,member
700959,67DD3DB95321DB7A,docked_bike,2021-03-04 18:00:38,2021-03-04 18:02:17,Henry St & Atlantic Ave,4531,Clinton St & Joralemon St,4605,40.690892,-73.996123,40.69239502,-73.99337909,member
700972,66AB6DBC608C4C4A,docked_bike,2021-03-26 20:51:50,2021-03-26 20:54:07,Henry St & Atlantic Ave,4531,Clinton St & Joralemon St,4605,40.690892,-73.996123,40.69239502,-73.99337909,member
700988,52B70024BFD51AB5,docked_bike,2021-03-09 16:53:19,2021-03-09 17:19:02,MacDougal St & Washington Sq,5797,Clinton St & Joralemon St,4605,40.732263,-73.998522,40.69239502,-73.99337909,member
701025,DF60E56DD30A458E,docked_bike,2021-03-24 10:03:48,2021-03-24 10:09:23,Henry St & Degraw St,4380,Clinton St & Joralemon St,4605,40.684751,-73.999172,40.69239502,-73.99337909,member
701058,67D58C0B30FE92BD,docked_bike,2021-03-26 18:22:13,2021-03-26 18:27:44,Henry St & Degraw St,4380,Clinton St & Joralemon St,4605,40.684751,-73.999172,40.69239502,-73.99337909,member
701068,676CFE220E21D55C,docked_bike,2021-03-01 07:20:08,2021-03-01 07:24:43,Henry St & Degraw St,4380,Clinton St & Joralemon St,4605,40.684751,-73.999172,40.69239502,-73.99337909,member
701086,F94AE1039F429DAA,docked_bike,2021-03-03 07:59:07,2021-03-03 08:03:12,Henry St & Degraw St,4380,Clinton St & Joralemon St,4605,40.684751,-73.999172,40.69239502,-73.99337909,member
701087,E0A7C8134FA9C35A,docked_bike,2021-03-09 08:07:07,2021-03-09 08:11:21,Henry St & Degraw St,4380,Clinton St & Joralemon St,4605,40.684751,-73.999172,40.69239502,-73.99337909,member
701097,1BC49A9CED7E717C,docked_bike,2021-03-29 19:52:24,2021-03-29 20:04:48,Forsyth St	& Grand St,5382,Clinton St & Joralemon St,4605,40.717798,-73.993161,40.692395,-73.993379,member
701105,49A3F072324A52B4,docked_bike,2021-03-17 17:42:46,2021-03-17 17:49:17,Front St & Washington St,4936,Clinton St & Joralemon St,4605,40.70255,-73.989402,40.69239502,-73.99337909,member
701114,EEFBD986F2B38247,docked_bike,2021-03-10 07:30:52,2021-03-10 07:46:56,7 St & 5 Ave,3914,Clinton St & Joralemon St,4605,40.670492,-73.985416,40.69239502,-73.99337909,member
701115,5B3D552BE444E8DF,docked_bike,2021-03-16 07:38:00,2021-03-16 07:50:43,7 St & 5 Ave,3914,Clinton St & Joralemon St,4605,40.670492,-73.985416,40.69239502,-73.99337909,member
701116,65AE6C79A8B20EB5,docked_bike,2021-03-14 16:20:21,2021-03-14 18:02:13,Forsyth St	& Grand St,5382,Clinton St & Joralemon St,4605,40.717798,-73.993161,40.692395,-73.993379,casual
701118,9E204190B326EB9C,docked_bike,2021-03-02 13:45:43,2021-03-02 13:54:52,Front St & Washington St,4936,Clinton St & Joralemon St,4605,40.70255,-73.989402,40.69239502,-73.99337909,member
701119,DAB104979294BC6C,docked_bike,2021-03-23 13:50:01,2021-03-23 13:58:46,Front St & Washington St,4936,Clinton St & Joralemon St,4605,40.70255,-73.989402,40.69239502,-73.99337909,member
701120,36F009151229C7A7,docked_bike,2021-03-11 13:37:54,2021-03-11 13:45:41,Front St & Washington St,4936,Clinton St & Joralemon St,4605,40.70255,-73.989402,40.69239502,-73.99337909,member
701139,D7063920DAB579B6,docked_bike,2021-03-03 18:36:53,2021-03-03 18:42:19,Front St & Washington St,4936,Clinton St & Joralemon St,4605,40.70255,-73.989402,40.69239502,-73.99337909,member
701140,DAE3476E5B9CB538,docked_bike,2021-03-08 07:30:29,2021-03-08 07:34:43,Front St & Washington St,4936,Clinton St & Joralemon St,4605,40.70255,-73.989402,40.69239502,-73.99337909,member
701144,413376C12961EE3D,docked_bike,2021-03-19 13:24:07,2021-03-19 13:34:22,Front St & Washington St,4936,Clinton St & Joralemon St,4605,40.70255,-73.989402,40.69239502,-73.99337909,member
701281,8E9860C53A604940,docked_bike,2021-03-11 16:55:02,2021-03-11 17:32:14,Clinton St & Joralemon St,4605,Clinton St & Joralemon St,4605,40.692395,-73.993379,40.69239502,-73.99337909,member
701314,30765C483C3AD301,docked_bike,2021-03-16 07:35:50,2021-03-16 08:03:15,Clinton St & Joralemon St,4605,1 Ave & E 18 St,5854,40.692395,-73.993379,40.73381219196632,-73.98054420948029,member
701319,B7247675B7CCF2D3,docked_bike,2021-03-07 13:50:40,2021-03-07 14:08:08,Clinton St & Joralemon St,4605,Clinton St & Joralemon St,4605,40.692395,-73.993379,40.69239502,-73.99337909,member
701321,4C09F7B405854479,docked_bike,2021-03-26 12:57:12,2021-03-26 13:20:02,Clinton St & Joralemon St,4605,Clinton St & Joralemon St,4605,40.692395,-73.993379,40.69239502,-73.99337909,casual
701349,CF44470237462721,docked_bike,2021-03-09 11:40:49,2021-03-09 12:16:49,Clinton St & Joralemon St,4605,Clinton St & Joralemon St,4605,40.692395,-73.993379,40.69239502,-73.99337909,member
701353,74FF58E31783038B,docked_bike,2021-03-13 10:45:27,2021-03-13 10:45:13,Clinton St & Joralemon St,4605,Clinton St & Joralemon St,4605,40.692395,-73.993379,40.69239502,-73.99337909,casual
701372,2607CCD9142A0D5D,docked_bike,2021-03-28 13:18:33,2021-03-28 13:57:37,Clinton St & Joralemon St,4605,Clinton St & Joralemon St,4605,40.692395,-73.993379,40.69239502,-73.99337909,member
701455,07EA08312FB9B0C7,docked_bike,2021-03-31 13:47:50,2021-03-31 13:56:30,Flushing Ave & Vanderbilt Ave,4762,Clinton St & Joralemon St,4605,40.69795,-73.970775,40.69239502,-73.99337909,casual
701456,F4CF9DC289176461,docked_bike,2021-03-22 18:28:39,2021-03-22 18:58:56,Flushing Ave & Vanderbilt Ave,4762,Clinton St & Joralemon St,4605,40.69795,-73.970775,40.69239502,-73.99337909,member
701466,E0335A03772E93A6,docked_bike,2021-03-17 08:52:26,2021-03-17 09:03:10,Bergen St & Vanderbilt Ave,4157,Clinton St & Joralemon St,4605,40.679439,-73.968044,40.692395,-73.993379,member
701512,D6D984B41D93936B,docked_bike,2021-03-25 15:15:14,2021-03-25 15:31:58,21 St & 4 Ave,3668,Clinton St & Joralemon St,4605,40.662584,-73.995554,40.69239502,-73.99337909,member
701525,7FA84685627B2FE4,docked_bike,2021-03-12 13:12:02,2021-03-12 13:28:31,Bergen St & Vanderbilt Ave,4157,Clinton St & Joralemon St,4605,40.679438,-73.968043,40.69239502,-73.99337909,casual
701531,2B63A04F7DADE27B,docked_bike,2021-03-03 07:36:53,2021-03-03 08:02:40,Broadway & Battery Pl,4962,Clinton St & Joralemon St,4605,40.704633,-74.013617,40.692395,-73.993379,member
701548,AC4087EE006BB26D,docked_bike,2021-03-01 07:35:56,2021-03-01 08:02:20,Broadway & Battery Pl,4962,Clinton St & Joralemon St,4605,40.704633,-74.013617,40.692395,-73.993379,member
701575,C93772966303085E,docked_bike,2021-03-19 23:23:19,2021-03-20 00:48:46,Madison Ave & E 26 St,6131,Clinton St & Joralemon St,4605,40.742684,-73.986713,40.69239502,-73.99337909,casual
701670,06BF9653DC83598C,docked_bike,2021-03-26 18:31:25,2021-03-26 18:35:53,Schermerhorn St & Bond St,4479,Clinton St & Joralemon St,4605,40.688417,-73.984516,40.69239502,-73.99337909,member
701739,7EC07E66234FCE7A,docked_bike,2021-03-26 11:29:25,2021-03-26 11:31:37,Court St & State St,4488,Clinton St & Joralemon St,4605,40.690237,-73.99203,40.69239502,-73.99337909,member
701743,3499288BE2930036,docked_bike,2021-03-25 21:47:26,2021-03-25 22:04:07,Court St & State St,4488,Clinton St & Joralemon St,4605,40.690237,-73.99203,40.69239502,-73.99337909,member
701747,B41FEE886504BF78,docked_bike,2021-03-26 13:59:47,2021-03-26 14:01:39,Court St & State St,4488,Clinton St & Joralemon St,4605,40.690237,-73.99203,40.69239502,-73.99337909,member
701771,E51EC2A2B5EF4575,docked_bike,2021-03-30 17:24:56,2021-03-30 18:05:40,Bond St & Bergen St,4404,Clinton St & Joralemon St,4605,40.684966,-73.986207,40.69239502,-73.99337909,member
701773,4333EC280E8F6AC4,docked_bike,2021-03-22 18:44:54,2021-03-22 19:04:20,Commerce St & Van Brunt St,4243,Clinton St & Joralemon St,4605,40.681212,-74.008609,40.692395,-73.993379,member
701774,6754B7BED008D75C,docked_bike,2021-03-27 19:51:54,2021-03-27 20:03:18,Commerce St & Van Brunt St,4243,Clinton St & Joralemon St,4605,40.681211,-74.008609,40.69239502,-73.99337909,member
701808,A156FA1F543218DE,docked_bike,2021-03-22 17:30:20,2021-03-22 17:55:06,Court St & State St,4488,Clinton St & Joralemon St,4605,40.690237,-73.99203,40.69239502,-73.99337909,member
701826,F9C74F785A852443,docked_bike,2021-03-26 13:17:37,2021-03-26 13:56:31,Hudson St & W 13 St,6115,Clinton St & Joralemon St,4605,40.740057,-74.005274,40.692395,-73.993379,member
701842,709596925351EA65,docked_bike,2021-03-26 16:26:58,2021-03-26 16:34:16,Court St & State St,4488,Clinton St & Joralemon St,4605,40.690237,-73.99203,40.69239502,-73.99337909,casual
701853,983271442F615AC9,docked_bike,2021-03-18 10:08:06,2021-03-18 10:11:15,Court St & State St,4488,Clinton St & Joralemon St,4605,40.690237,-73.99203,40.69239502,-73.99337909,member
701855,E4E93DEE2FE4A4D7,docked_bike,2021-03-12 18:44:00,2021-03-12 18:55:18,Myrtle Ave & St Edwards St,4659,Clinton St & Joralemon St,4605,40.69327,-73.977038,40.69239502,-73.99337909,member
701891,CE87B738B90B8375,docked_bike,2021-03-17 22:07:21,2021-03-17 22:24:24,Broadway & Berry St,5164,Clinton St & Joralemon St,4605,40.710445,-73.96525,40.69239502,-73.99337909,casual
701923,A7DE6B3D02F93F6E,docked_bike,2021-03-07 17:18:07,2021-03-07 17:27:42,Front St & Washington St,4936,Clinton St & Joralemon St,4605,40.702551,-73.989402,40.692395,-73.993379,member
701924,1E6F1AAEAD12CE29,docked_bike,2021-03-08 16:33:17,2021-03-08 16:48:27,Front St & Washington St,4936,Clinton St & Joralemon St,4605,40.702551,-73.989402,40.692395,-73.993379,member
701927,F53AD882A98552AE,docked_bike,2021-03-17 09:36:10,2021-03-17 09:52:11,7 St & 5 Ave,3914,Clinton St & Joralemon St,4605,40.670492,-73.985416,40.69239502,-73.99337909,member
701928,522532BA2605AC3A,docked_bike,2021-03-10 09:40:59,2021-03-10 09:54:07,7 St & 5 Ave,3914,Clinton St & Joralemon St,4605,40.670492,-73.985416,40.69239502,-73.99337909,member
702005,B322514DA762C056,docked_bike,2021-03-01 08:46:44,2021-03-01 08:59:09,Columbia St & W 9 St,4086,Clinton St & Joralemon St,4605,40.676999,-74.006471,40.69239502,-73.99337909,member
702006,6342EBAECBB796DC,docked_bike,2021-03-21 11:57:03,2021-03-21 12:08:44,Columbia St & W 9 St,4086,Clinton St & Joralemon St,4605,40.676999,-74.006471,40.69239502,-73.99337909,member
702074,3EDFF2B787022E93,docked_bike,2021-03-30 15:04:26,2021-03-30 15:30:56,Norfolk St & Broome St,5374,Clinton St & Joralemon St,4605,40.717227,-73.98802,40.69239502,-73.99337909,casual
702134,997E92C1E1879F37,docked_bike,2021-03-17 08:36:52,2021-03-17 08:41:12,Congress St & Clinton St,4455,Clinton St & Joralemon St,4605,40.688152,-73.995209,40.69239502,-73.99337909,member
702150,A45CD764D78D2E6D,docked_bike,2021-03-20 15:45:41,2021-03-20 16:03:23,Carroll St & 6 Ave,4019,Clinton St & Joralemon St,4605,40.674088,-73.978728,40.69239502,-73.99337909,member
702155,E95A90EB4C788E23,docked_bike,2021-03-26 06:53:27,2021-03-26 06:58:00,Congress St & Clinton St,4455,Clinton St & Joralemon St,4605,40.688152,-73.995209,40.69239502,-73.99337909,member
702156,7D9482F1150087D5,docked_bike,2021-03-17 18:33:00,2021-03-17 18:36:42,Congress St & Clinton St,4455,Clinton St & Joralemon St,4605,40.688152,-73.995209,40.69239502,-73.99337909,member
702162,FE800ED84E0DEAE0,docked_bike,2021-03-18 07:17:46,2021-03-18 07:20:12,Congress St & Clinton St,4455,Clinton St & Joralemon St,4605,40.688152,-73.995209,40.69239502,-73.99337909,member
702163,85597C5B88A46BC3,docked_bike,2021-03-12 18:26:51,2021-03-12 19:12:24,West St & Chambers St,5329,Clinton St & Joralemon St,4605,40.717548,-74.01322,40.69239502,-73.99337909,member
702268,8FCB94C126DFF6B7,docked_bike,2021-03-12 11:39:50,2021-03-12 11:49:02,DeKalb Ave & S Portland Ave,4546,Clinton St & Joralemon St,4605,40.68981,-73.974931,40.692395,-73.993379,member
702295,9BB2876406409D91,docked_bike,2021-03-03 15:20:10,2021-03-03 16:01:44,44 St & 2 Ave,3356,Clinton St & Joralemon St,4605,40.652502,-74.013587,40.69239502,-73.99337909,casual
702319,5717E514A1954B35,docked_bike,2021-03-13 11:47:16,2021-03-13 12:07:20,Plaza St West & Flatbush Ave,4010,Clinton St & Joralemon St,4605,40.67502,-73.971114,40.69239502,-73.99337909,member
702329,93455BF22B263621,docked_bike,2021-03-19 18:00:18,2021-03-19 18:12:25,Barclay St & Church St,5216,Clinton St & Joralemon St,4605,40.712912,-74.010202,40.69239502,-73.99337909,member
702346,4F2C2F0936E81533,docked_bike,2021-03-11 19:00:59,2021-03-11 19:12:53,Barclay St & Church St,5216,Clinton St & Joralemon St,4605,40.712912,-74.010202,40.69239502,-73.99337909,member
702374,8E49BED56257D378,docked_bike,2021-03-12 08:14:39,2021-03-12 08:19:05,Kane St & Clinton St,4455,Clinton St & Joralemon St,4605,40.686175,-73.996452,40.69239502,-73.99337909,casual
702383,21CA4E95B8C5EBE7,docked_bike,2021-03-25 07:20:05,2021-03-25 07:23:09,Kane St & Clinton St,4455,Clinton St & Joralemon St,4605,40.686175,-73.996452,40.69239502,-73.99337909,member
702386,8C3C2116A8C1FCD3,docked_bike,2021-03-02 14:42:03,2021-03-02 14:46:57,Kane St & Clinton St,4455,Clinton St & Joralemon St,4605,40.686175,-73.996452,40.69239502,-73.99337909,member
702387,CC36A3E73AF115E5,docked_bike,2021-03-20 16:24:26,2021-03-20 16:29:43,Butler St & Court St,4339,Clinton St & Joralemon St,4605,40.684989,-73.994403,40.69239502,-73.99337909,member
702388,5FD7FD70E95FF73E,docked_bike,2021-03-22 17:11:58,2021-03-22 17:16:05,Butler St & Court St,4339,Clinton St & Joralemon St,4605,40.684989,-73.994403,40.69239502,-73.99337909,member
702390,55154AD3C87006B1,docked_bike,2021-03-26 08:18:12,2021-03-26 08:22:54,Butler St & Court St,4339,Clinton St & Joralemon St,4605,40.684989,-73.994403,40.69239502,-73.99337909,member
702415,65C17B15A76F1A42,docked_bike,2021-03-12 08:04:12,2021-03-12 08:09:15,Butler St & Court St,4339,Clinton St & Joralemon St,4605,40.684989,-73.994403,40.69239502,-73.99337909,member
702417,72ED5F8F2505FD8C,docked_bike,2021-03-17 08:47:48,2021-03-17 08:51:08,Kane St & Clinton St,4455,Clinton St & Joralemon St,4605,40.686176,-73.996453,40.692395,-73.993379,member
702422,3F9F08B098933334,docked_bike,2021-03-09 07:54:15,2021-03-09 07:57:42,Kane St & Clinton St,4455,Clinton St & Joralemon St,4605,40.686175,-73.996452,40.69239502,-73.99337909,member
702423,339C5288EFE5E99A,docked_bike,2021-03-10 07:44:11,2021-03-10 07:48:03,Kane St & Clinton St,4455,Clinton St & Joralemon St,4605,40.686175,-73.996452,40.69239502,-73.99337909,member
702424,82B87DDE8A110BE2,docked_bike,2021-03-21 23:14:00,2021-03-21 23:33:42,Reade St & Broadway,5247,Clinton St & Joralemon St,4605,40.714504,-74.005627,40.69239502,-73.99337909,casual
702428,1127B14F91284AD3,docked_bike,2021-03-21 23:15:04,2021-03-21 23:33:24,Reade St & Broadway,5247,Clinton St & Joralemon St,4605,40.714505,-74.005628,40.692395,-73.993379,casual
702508,560C68AFA73CC64B,docked_bike,2021-03-11 08:47:19,2021-03-11 08:55:03,Old Fulton St,4903,Clinton St & Joralemon St,4605,40.702772,-73.993836,40.692395,-73.993379,member
702509,2F542CAD9DA10473,docked_bike,2021-03-17 07:53:04,2021-03-17 08:00:20,Old Fulton St,4903,Clinton St & Joralemon St,4605,40.702772,-73.993836,40.692395,-73.993379,member
702526,63FD32D7C8BEC4D9,docked_bike,2021-03-09 11:14:49,2021-03-09 11:21:21,Willoughby St & Fleet St,4628,Clinton St & Joralemon St,4605,40.691965,-73.981301,40.69239502,-73.99337909,member
702527,0C7E668B714D6188,docked_bike,2021-03-03 11:13:19,2021-03-03 11:21:50,Willoughby St & Fleet St,4628,Clinton St & Joralemon St,4605,40.691965,-73.981301,40.69239502,-73.99337909,member
702528,F3D06ECBB2EEE5F0,docked_bike,2021-03-04 11:29:55,2021-03-04 11:36:46,Willoughby St & Fleet St,4628,Clinton St & Joralemon St,4605,40.691965,-73.981301,40.69239502,-73.99337909,member
702622,188A771E42CFCACD,docked_bike,2021-03-12 15:52:18,2021-03-12 16:22:50,E 20 St & 2 Ave,5971,Clinton St & Joralemon St,4605,40.735876,-73.98205,40.69239502,-73.99337909,member
702638,AC7A6B260DC41552,docked_bike,2021-03-10 11:26:35,2021-03-10 11:48:57,Harrison St & Hudson St,5400,Clinton St & Joralemon St,4605,40.718709,-74.009,40.69239502,-73.99337909,member
702650,7CD7762787284747,docked_bike,2021-03-30 17:25:21,2021-03-30 17:29:38,Kane St & Clinton St,4455,Clinton St & Joralemon St,4605,40.686175,-73.996452,40.69239502,-73.99337909,member
702678,69A619B03224333B,docked_bike,2021-03-24 08:46:36,2021-03-24 08:51:17,Kane St & Clinton St,4455,Clinton St & Joralemon St,4605,40.686176,-73.996453,40.692395,-73.993379,member
702679,7C54128CA1A6068C,docked_bike,2021-03-16 18:47:45,2021-03-16 18:52:17,Kane St & Clinton St,4455,Clinton St & Joralemon St,4605,40.686176,-73.996453,40.692395,-73.993379,member
702688,9FF5260FBF0027CB,docked_bike,2021-03-20 19:40:45,2021-03-20 19:44:37,Butler St & Court St,4339,Clinton St & Joralemon St,4605,40.684989,-73.994403,40.692395,-73.993379,member
702689,0AF68EE9787FDBFB,docked_bike,2021-03-18 20:09:44,2021-03-18 20:15:27,Butler St & Court St,4339,Clinton St & Joralemon St,4605,40.684989,-73.994403,40.692395,-73.993379,member
702690,27A96230FE3F97C8,docked_bike,2021-03-19 17:12:31,2021-03-19 17:16:01,Butler St & Court St,4339,Clinton St & Joralemon St,4605,40.684989,-73.994403,40.692395,-73.993379,member
702691,2378E64B02FD22C2,docked_bike,2021-03-07 21:22:22,2021-03-07 21:27:39,Butler St & Court St,4339,Clinton St & Joralemon St,4605,40.684989,-73.994403,40.692395,-73.993379,member
702692,1BB7110298FEAD5A,docked_bike,2021-03-27 21:16:26,2021-03-27 21:20:59,Butler St & Court St,4339,Clinton St & Joralemon St,4605,40.684989,-73.994403,40.692395,-73.993379,member
702693,AB28ED50DB94AB10,docked_bike,2021-03-17 21:20:35,2021-03-17 21:24:53,Butler St & Court St,4339,Clinton St & Joralemon St,4605,40.684989,-73.994403,40.692395,-73.993379,member
702696,DD80254625956FD8,docked_bike,2021-03-30 15:56:31,2021-03-30 15:59:22,Kane St & Clinton St,4455,Clinton St & Joralemon St,4605,40.686175,-73.996452,40.69239502,-73.99337909,member
702707,D9FE038777893258,docked_bike,2021-03-10 09:55:20,2021-03-10 10:00:19,Butler St & Court St,4339,Clinton St & Joralemon St,4605,40.684989,-73.994403,40.69239502,-73.99337909,member
702708,58EBDAEB5A59AAB3,docked_bike,2021-03-25 18:49:21,2021-03-25 18:52:20,Kane St & Clinton St,4455,Clinton St & Joralemon St,4605,40.686175,-73.996452,40.69239502,-73.99337909,member
702712,89F30C52D4695C4E,docked_bike,2021-03-17 13:21:16,2021-03-17 13:26:20,Kane St & Clinton St,4455,Clinton St & Joralemon St,4605,40.686175,-73.996452,40.69239502,-73.99337909,member
702714,BF844D51EF32F29A,docked_bike,2021-03-10 08:40:46,2021-03-10 08:45:32,Kane St & Clinton St,4455,Clinton St & Joralemon St,4605,40.686176,-73.996453,40.692395,-73.993379,member
702715,D08578ECD4C3C011,docked_bike,2021-03-12 08:41:52,2021-03-12 08:46:11,Kane St & Clinton St,4455,Clinton St & Joralemon St,4605,40.686176,-73.996453,40.692395,-73.993379,member
702717,DEFB6453E91CC178,docked_bike,2021-03-11 13:03:21,2021-03-11 13:10:37,Butler St & Court St,4339,Clinton St & Joralemon St,4605,40.684989,-73.994403,40.69239502,-73.99337909,casual
702718,B1C38D9A77571123,docked_bike,2021-03-12 07:22:46,2021-03-12 07:25:14,Kane St & Clinton St,4455,Clinton St & Joralemon St,4605,40.686175,-73.996452,40.69239502,-73.99337909,member
702720,AA225553218FE768,docked_bike,2021-03-23 20:10:02,2021-03-23 20:13:14,Butler St & Court St,4339,Clinton St & Joralemon St,4605,40.684989,-73.994403,40.692395,-73.993379,member
702721,79653CE106F7E942,docked_bike,2021-03-31 21:15:50,2021-03-31 21:19:10,Butler St & Court St,4339,Clinton St & Joralemon St,4605,40.684989,-73.994403,40.692395,-73.993379,member
702725,6C7E68924DA70F76,docked_bike,2021-03-26 12:20:48,2021-03-26 12:23:49,Kane St & Clinton St,4455,Clinton St & Joralemon St,4605,40.686175,-73.996452,40.69239502,-73.99337909,member
702727,385EDDB354CFF732,docked_bike,2021-03-02 08:15:13,2021-03-02 08:19:52,Kane St & Clinton St,4455,Clinton St & Joralemon St,4605,40.686175,-73.996452,40.69239502,-73.99337909,member
702728,E4601FD667FF7349,docked_bike,2021-03-23 10:34:20,2021-03-23 10:38:51,Butler St & Court St,4339,Clinton St & Joralemon St,4605,40.684989,-73.994403,40.69239502,-73.99337909,member
702729,94E0698A43B59B6F,docked_bike,2021-03-19 08:49:13,2021-03-19 08:53:11,Kane St & Clinton St,4455,Clinton St & Joralemon St,4605,40.686176,-73.996453,40.692395,-73.993379,member
702748,D9017B13B4DEE731,docked_bike,2021-03-30 14:33:33,2021-03-30 14:46:04,Garfield Pl & 8 Ave,3978,Clinton St & Joralemon St,4605,40.671197,-73.974841,40.69239502,-73.99337909,member
702751,C7033DD2F40A6C3C,docked_bike,2021-03-25 10:09:32,2021-03-25 10:30:05,Garfield Pl & 8 Ave,3978,Clinton St & Joralemon St,4605,40.671197,-73.974841,40.69239502,-73.99337909,casual
702839,21A71D4781D41239,docked_bike,2021-03-23 17:54:11,2021-03-23 18:23:18,E 33 St & 1 Ave,6197,Clinton St & Joralemon St,4605,40.743226,-73.974497,40.69239502,-73.99337909,member
702894,CB349356A7AB9FFC,docked_bike,2021-03-20 09:41:14,2021-03-20 10:29:09,E 9 St & Avenue C,5616,Clinton St & Joralemon St,4605,40.725213,-73.977687,40.69239502,-73.99337909,casual
702960,42F6ACB0FD60234B,docked_bike,2021-03-30 13:26:30,2021-03-30 13:28:29,Court St & State St,4488,Clinton St & Joralemon St,4605,40.690237,-73.99203,40.69239502,-73.99337909,member
702964,C2DEC56518C75E55,docked_bike,2021-03-15 16:10:53,2021-03-15 16:13:31,Court St & State St,4488,Clinton St & Joralemon St,4605,40.690237,-73.99203,40.69239502,-73.99337909,member
703005,DFA737E9698FDA7A,docked_bike,2021-03-16 13:10:49,2021-03-16 13:16:03,Congress St & Clinton St,4455,Clinton St & Joralemon St,4605,40.688152,-73.995209,40.69239502,-73.99337909,member
703024,94D61F3EDAD0BF6A,docked_bike,2021-03-20 15:45:01,2021-03-20 16:03:41,Carroll St & 6 Ave,4019,Clinton St & Joralemon St,4605,40.674088,-73.978728,40.69239502,-73.99337909,casual
703028,AABE5934C72108BD,docked_bike,2021-03-10 08:05:24,2021-03-10 08:08:47,Congress St & Clinton St,4455,Clinton St & Joralemon St,4605,40.688152,-73.995209,40.69239502,-73.99337909,member
703105,E34126289C607F08,docked_bike,2021-03-13 16:01:18,2021-03-13 16:05:45,Congress St & Clinton St,4455,Clinton St & Joralemon St,4605,40.688152,-73.995209,40.69239502,-73.99337909,casual
703109,A8B34C3575F8479B,docked_bike,2021-03-13 15:59:28,2021-03-13 16:05:28,Congress St & Clinton St,4455,Clinton St & Joralemon St,4605,40.688152,-73.995209,40.69239502,-73.99337909,casual
703112,E6A0490B021C90E7,docked_bike,2021-03-19 12:36:16,2021-03-19 12:39:07,Congress St & Clinton St,4455,Clinton St & Joralemon St,4605,40.688152,-73.995209,40.69239502,-73.99337909,member
703115,402101A3DE366851,docked_bike,2021-03-16 16:04:57,2021-03-16 16:08:39,Congress St & Clinton St,4455,Clinton St & Joralemon St,4605,40.688153,-73.995209,40.692395,-73.993379,member
703120,0A79DB26BC4D8BE6,docked_bike,2021-03-05 11:36:55,2021-03-05 11:44:54,Clinton St & 4 Place,4119,Clinton St & Joralemon St,4605,40.678356,-74.000145,40.69239502,-73.99337909,casual
703121,9066A5AFE939C2C5,docked_bike,2021-03-09 18:58:47,2021-03-09 19:32:43,Murray St & Greenwich St,5288,Clinton St & Joralemon St,4605,40.714851,-74.011223,40.69239502,-73.99337909,member
703149,13F410FD1D56D526,docked_bike,2021-03-30 18:28:08,2021-03-30 19:07:06,Kent St & McGuinness Blvd,5785,Clinton St & Joralemon St,4605,40.73124,-73.95161,40.69239502,-73.99337909,member
703159,51F66DF5798C543A,docked_bike,2021-03-09 08:50:49,2021-03-09 08:56:50,Clinton St & 4 Place,4119,Clinton St & Joralemon St,4605,40.678356,-74.000145,40.69239502,-73.99337909,member
703160,F4F2FFDFF094D0AE,docked_bike,2021-03-17 09:46:04,2021-03-17 09:52:40,Clinton St & 4 Place,4119,Clinton St & Joralemon St,4605,40.678356,-74.000145,40.69239502,-73.99337909,member
703163,58947AC53A7B3DAE,docked_bike,2021-03-09 19:02:51,2021-03-09 19:32:33,Murray St & Greenwich St,5288,Clinton St & Joralemon St,4605,40.714852,-74.011223,40.692395,-73.993379,member
703186,8EE54B231D1CB78B,docked_bike,2021-03-31 19:21:04,2021-03-31 19:33:45,Old Fulton St,4903,Clinton St & Joralemon St,4605,40.702771,-73.993836,40.69239502,-73.99337909,casual
703193,9969687502984699,docked_bike,2021-03-27 17:05:03,2021-03-27 17:31:38,Old Fulton St,4903,Clinton St & Joralemon St,4605,40.702771,-73.993836,40.69239502,-73.99337909,member
703221,734B905DFD572AEF,docked_bike,2021-03-14 10:20:25,2021-03-14 10:42:55,Metropolitan Ave & Bedford Ave,5308,Clinton St & Joralemon St,4605,40.715348,-73.960241,40.69239502,-73.99337909,member
703250,085F4BE2AC17A4E0,docked_bike,2021-03-26 08:17:17,2021-03-26 08:22:48,Carroll St & Smith St,4225,Clinton St & Joralemon St,4605,40.680611,-73.994758,40.69239502,-73.99337909,member
703258,86417D64A171E10A,docked_bike,2021-03-16 08:28:19,2021-03-16 08:30:43,Congress St & Clinton St,4455,Clinton St & Joralemon St,4605,40.688152,-73.995209,40.69239502,-73.99337909,member
703279,EC8C27AAE9DC0E8F,docked_bike,2021-03-11 13:54:49,2021-03-11 13:58:09,Congress St & Clinton St,4455,Clinton St & Joralemon St,4605,40.688152,-73.995209,40.69239502,-73.99337909,member
703281,16DE3D4272164951,docked_bike,2021-03-02 08:42:16,2021-03-02 09:01:25,West St & Chambers St,5329,Clinton St & Joralemon St,4605,40.717548,-74.01322,40.69239502,-73.99337909,member
703286,5FD3CAD40B560158,docked_bike,2021-03-02 15:15:10,2021-03-02 15:18:09,Congress St & Clinton St,4455,Clinton St & Joralemon St,4605,40.688152,-73.995209,40.69239502,-73.99337909,member
703288,DEAE73CE9C41DCDC,docked_bike,2021-03-30 12:50:06,2021-03-30 12:54:04,Congress St & Clinton St,4455,Clinton St & Joralemon St,4605,40.688152,-73.995209,40.69239502,-73.99337909,member
703297,09F8955EFB22BFA2,docked_bike,2021-03-30 23:05:10,2021-03-30 23:17:33,Macon St & Nostrand Ave,4214,Clinton St & Joralemon St,4605,40.680983,-73.950048,40.692395,-73.993379,member
703349,B4DB46E75AAE2A1A,docked_bike,2021-03-10 09:54:17,2021-03-10 10:01:30,Bergen St & Flatbush Ave,4281,Clinton St & Joralemon St,4605,40.680944,-73.975673,40.69239502,-73.99337909,member
703384,564D4849A79CB8AC,docked_bike,2021-03-30 11:36:54,2021-03-30 11:53:23,Eastern Pkwy & Washington Ave,3928,Clinton St & Joralemon St,4605,40.671649,-73.963114,40.69239502,-73.99337909,member
703387,40658A6AD56D44C6,docked_bike,2021-03-20 15:45:30,2021-03-20 16:11:58,Eastern Pkwy & Washington Ave,3928,Clinton St & Joralemon St,4605,40.671649,-73.963114,40.69239502,-73.99337909,casual
703426,454D7BB7F5585BEE,docked_bike,2021-03-14 18:15:45,2021-03-14 18:24:51,Douglass St & 3 Ave,4217,Clinton St & Joralemon St,4605,40.680213,-73.984326,40.69239502,-73.99337909,member
703460,CB822630D55DB4A7,docked_bike,2021-03-12 12:50:07,2021-03-12 12:53:26,Pierrepont St & Monroe Pl,4718,Clinton St & Joralemon St,4605,40.695356,-73.99344,40.69239502,-73.99337909,member
703492,76F120533D9EC557,docked_bike,2021-03-11 18:07:28,2021-03-11 18:22:54,Franklin St & W Broadway,5430,Clinton St & Joralemon St,4605,40.719115,-74.006666,40.69239502,-73.99337909,member
703495,D4AF74112D109715,docked_bike,2021-03-02 17:30:22,2021-03-02 17:36:45,Columbia Heights & Cranberry St,4829,Clinton St & Joralemon St,4605,40.700378,-73.99548,40.69239502,-73.99337909,member
703504,61C59611DAB9DBC1,docked_bike,2021-03-10 17:43:16,2021-03-10 17:50:30,Columbia Heights & Cranberry St,4829,Clinton St & Joralemon St,4605,40.700378,-73.99548,40.69239502,-73.99337909,member
703512,68C484B4EB16FD1E,docked_bike,2021-03-07 18:19:11,2021-03-07 18:47:01,Melrose St & Broadway,4801,Clinton St & Joralemon St,4605,40.697481,-73.935877,40.69239502,-73.99337909,casual
703548,F45B1755A9F86F2A,docked_bike,2021-03-20 20:10:41,2021-03-20 20:40:53,Suydam St & Knickerbocker Ave,4939,Clinton St & Joralemon St,4605,40.702013,-73.923769,40.69239502,-73.99337909,member
703572,04A0C0D5CA8000DC,docked_bike,2021-03-27 16:30:13,2021-03-27 16:44:35,Prospect Pl & Underhill Ave,4116,Clinton St & Joralemon St,4605,40.676969,-73.96579,40.69239502,-73.99337909,member
703580,9BD77E6DF0A2379A,docked_bike,2021-03-08 16:59:55,2021-03-08 17:14:14,Prospect Pl & Underhill Ave,4116,Clinton St & Joralemon St,4605,40.676969,-73.96579,40.69239502,-73.99337909,member
703600,AA70BA48F960D2F7,docked_bike,2021-03-26 18:21:07,2021-03-26 18:27:31,Henry St & Degraw St,4380,Clinton St & Joralemon St,4605,40.684751,-73.999172,40.69239502,-73.99337909,member
703603,68ADB0E97C25B3DF,docked_bike,2021-03-08 19:49:32,2021-03-08 19:58:21,Henry St & Degraw St,4380,Clinton St & Joralemon St,4605,40.684751,-73.999172,40.69239502,-73.99337909,member
703604,8D1C54FD810491A4,docked_bike,2021-03-20 09:34:51,2021-03-20 10:01:36,Stanton St & Norfolk St,5445,Clinton St & Joralemon St,4605,40.720747,-73.986274,40.69239502,-73.99337909,casual
703607,4CFAC9B41B801E6C,docked_bike,2021-03-08 08:09:55,2021-03-08 08:14:53,Henry St & Degraw St,4380,Clinton St & Joralemon St,4605,40.684751,-73.999172,40.69239502,-73.99337909,member
703609,D0F77A44D4389A9D,docked_bike,2021-03-17 08:10:52,2021-03-17 08:16:57,Henry St & Degraw St,4380,Clinton St & Joralemon St,4605,40.684751,-73.999172,40.69239502,-73.99337909,member
703613,422F4809E252FDE1,docked_bike,2021-03-05 12:10:08,2021-03-05 12:14:47,Henry St & Degraw St,4380,Clinton St & Joralemon St,4605,40.684751,-73.999172,40.69239502,-73.99337909,member
703614,E2E0BC37667CF50D,docked_bike,2021-03-10 07:21:38,2021-03-10 07:25:34,Henry St & Degraw St,4380,Clinton St & Joralemon St,4605,40.684751,-73.999172,40.69239502,-73.99337909,member
703622,5AB0F4EA46C16ADC,docked_bike,2021-03-18 18:15:17,2021-03-18 18:23:12,Nassau St & Navy St,4812,Clinton St & Joralemon St,4605,40.698398,-73.980689,40.69239502,-73.99337909,casual
703633,6AA6CE448ACAF5B7,docked_bike,2021-03-16 07:19:55,2021-03-16 07:24:46,Henry St & Degraw St,4380,Clinton St & Joralemon St,4605,40.684751,-73.999172,40.69239502,-73.99337909,member
703634,652BA941EE5BB3D5,docked_bike,2021-03-17 07:17:34,2021-03-17 07:23:20,Henry St & Degraw St,4380,Clinton St & Joralemon St,4605,40.684751,-73.999172,40.69239502,-73.99337909,member
703635,AB0172C654DF0A46,docked_bike,2021-03-22 07:17:17,2021-03-22 07:21:21,Henry St & Degraw St,4380,Clinton St & Joralemon St,4605,40.684751,-73.999172,40.69239502,-73.99337909,member
703637,A24AB30C15521B39,docked_bike,2021-03-11 07:19:32,2021-03-11 07:23:03,Henry St & Degraw St,4380,Clinton St & Joralemon St,4605,40.684751,-73.999172,40.69239502,-73.99337909,member
703642,C0FF61D29E335E5B,docked_bike,2021-03-05 08:07:01,2021-03-05 08:11:20,Henry St & Degraw St,4380,Clinton St & Joralemon St,4605,40.684751,-73.999172,40.69239502,-73.99337909,member
703644,162AF7C7A01174A5,docked_bike,2021-03-21 15:37:58,2021-03-21 15:42:38,Henry St & Degraw St,4380,Clinton St & Joralemon St,4605,40.684751,-73.999172,40.69239502,-73.99337909,member
703646,6BF299136A91011E,docked_bike,2021-03-15 19:11:54,2021-03-15 19:15:51,Henry St & Degraw St,4380,Clinton St & Joralemon St,4605,40.684751,-73.999172,40.69239502,-73.99337909,member
703647,662792FC6867D7DA,docked_bike,2021-03-16 15:41:42,2021-03-16 15:45:49,Henry St & Degraw St,4380,Clinton St & Joralemon St,4605,40.684751,-73.999172,40.69239502,-73.99337909,member
703648,A6A08D201CB6247D,docked_bike,2021-03-17 09:54:29,2021-03-17 09:58:45,Henry St & Degraw St,4380,Clinton St & Joralemon St,4605,40.684751,-73.999172,40.69239502,-73.99337909,member
703652,3B368BEED74A1628,docked_bike,2021-03-01 10:47:21,2021-03-01 10:53:58,Henry St & Degraw St,4380,Clinton St & Joralemon St,4605,40.684751,-73.999172,40.69239502,-73.99337909,member
703664,AF8CCB904FD12E26,docked_bike,2021-03-26 08:23:12,2021-03-26 08:27:28,Henry St & Degraw St,4380,Clinton St & Joralemon St,4605,40.684751,-73.999172,40.69239502,-73.99337909,member
703673,12574D274E8FCD6A,docked_bike,2021-03-20 11:54:29,2021-03-20 11:58:53,Henry St & Degraw St,4380,Clinton St & Joralemon St,4605,40.684751,-73.999172,40.69239502,-73.99337909,member
703674,20B428617E5E98F9,docked_bike,2021-03-12 17:27:53,2021-03-12 17:31:52,Henry St & Degraw St,4380,Clinton St & Joralemon St,4605,40.684751,-73.999172,40.69239502,-73.99337909,member
703675,29AD3748899A372A,docked_bike,2021-03-14 16:03:55,2021-03-14 16:08:43,Henry St & Degraw St,4380,Clinton St & Joralemon St,4605,40.684751,-73.999172,40.69239502,-73.99337909,member
703679,37412C574AF726A8,docked_bike,2021-03-10 12:14:50,2021-03-10 12:20:43,Henry St & Degraw St,4380,Clinton St & Joralemon St,4605,40.684751,-73.999172,40.69239502,-73.99337909,member
703687,278569D27DD8D1EE,docked_bike,2021-03-19 11:55:39,2021-03-19 12:00:12,Henry St & Degraw St,4380,Clinton St & Joralemon St,4605,40.684751,-73.999172,40.69239502,-73.99337909,member
703688,0AB25992BEF99A00,docked_bike,2021-03-16 07:57:40,2021-03-16 08:02:41,Henry St & Degraw St,4380,Clinton St & Joralemon St,4605,40.684751,-73.999172,40.69239502,-73.99337909,member
703689,62318D401AA776A8,docked_bike,2021-03-15 10:08:41,2021-03-15 10:13:08,Henry St & Degraw St,4380,Clinton St & Joralemon St,4605,40.684751,-73.999172,40.69239502,-73.99337909,member
703694,BCA9CC0E9F2EBC2E,docked_bike,2021-03-10 10:23:27,2021-03-10 10:34:16,5 Ave & 3 St,3987,Clinton St & Joralemon St,4605,40.672815,-73.983523,40.69239502,-73.99337909,member
703696,65F779B4F7F966A1,docked_bike,2021-03-09 14:40:57,2021-03-09 15:18:09,Madison St & Cypress Ave,4807,Clinton St & Joralemon St,4605,40.70068,-73.90742,40.69239502,-73.99337909,casual
703712,C8216CB608AFF5EF,docked_bike,2021-03-03 18:54:28,2021-03-03 18:56:23,Montague St & Clinton St,4677,Clinton St & Joralemon St,4605,40.694281,-73.9923,40.692395,-73.993379,member
703718,A80BB61D0BF78AF8,docked_bike,2021-03-12 10:39:34,2021-03-12 10:42:12,Congress St & Clinton St,4455,Clinton St & Joralemon St,4605,40.688153,-73.995209,40.692395,-73.993379,member
703726,191729571F7C74EF,docked_bike,2021-03-02 08:09:32,2021-03-02 08:18:19,Congress St & Clinton St,4455,Clinton St & Joralemon St,4605,40.688153,-73.995209,40.692395,-73.993379,member
703739,F55CF53879934830,docked_bike,2021-03-19 10:30:18,2021-03-19 10:33:42,Congress St & Clinton St,4455,Clinton St & Joralemon St,4605,40.688152,-73.995209,40.69239502,-73.99337909,member
703746,E35D743798FB118E,docked_bike,2021-03-15 14:17:42,2021-03-15 14:21:05,Congress St & Clinton St,4455,Clinton St & Joralemon St,4605,40.688152,-73.995209,40.69239502,-73.99337909,member
703753,6272D54BA595AB85,docked_bike,2021-03-12 08:18:57,2021-03-12 08:27:05,Commerce St & Van Brunt St,4243,Clinton St & Joralemon St,4605,40.681211,-74.008609,40.69239502,-73.99337909,member
703754,B2BC556A426141C4,docked_bike,2021-03-11 19:33:10,2021-03-11 19:45:26,Commerce St & Van Brunt St,4243,Clinton St & Joralemon St,4605,40.681211,-74.008609,40.69239502,-73.99337909,member
703756,D676AA3266166C72,docked_bike,2021-03-28 18:13:25,2021-03-28 18:27:36,Bond St & Bergen St,4404,Clinton St & Joralemon St,4605,40.684967,-73.986208,40.692395,-73.993379,member
703760,D26F3423355608F6,docked_bike,2021-03-08 13:06:00,2021-03-08 13:41:07,1 Ave & E 44 St,6379,Clinton St & Joralemon St,4605,40.750019,-73.969053,40.69239502,-73.99337909,member
703773,A18AEF1AE3B88CDA,docked_bike,2021-03-19 10:06:05,2021-03-19 10:11:19,Dean St & Hoyt St,4446,Clinton St & Joralemon St,4605,40.686444,-73.987591,40.69239502,-73.99337909,member
703785,727681E7F16F6E9E,docked_bike,2021-03-29 09:16:32,2021-03-29 09:25:14,Court St & Nelson St,4077,Clinton St & Joralemon St,4605,40.676394,-73.998698,40.69239502,-73.99337909,member
703805,E67A2FEB9272FD26,docked_bike,2021-03-08 16:00:21,2021-03-08 16:02:10,Schermerhorn St & Court St,4565,Clinton St & Joralemon St,4605,40.691029,-73.991833,40.69239502,-73.99337909,member
703818,5E2623CC203C148D,docked_bike,2021-03-26 11:47:18,2021-03-26 11:49:56,Henry St & Atlantic Ave,4531,Clinton St & Joralemon St,4605,40.690892,-73.996123,40.69239502,-73.99337909,member
703841,670A12199CBA46B2,docked_bike,2021-03-02 17:23:33,2021-03-02 17:26:03,Henry St & Atlantic Ave,4531,Clinton St & Joralemon St,4605,40.690892,-73.996123,40.69239502,-73.99337909,member
703854,787FAD73E6EFB3C2,docked_bike,2021-03-12 17:19:58,2021-03-12 17:56:15,Clinton St & Joralemon St,4605,Clinton St & Joralemon St,4605,40.692395,-73.993379,40.692395,-73.993379,casual
703891,522971F20C6BBB54,docked_bike,2021-03-29 14:18:46,2021-03-29 14:22:22,Clinton St & Joralemon St,4605,Clinton St & Joralemon St,4605,40.692395,-73.993379,40.69239502,-73.99337909,member
703901,5314A0CC0FECBE8A,docked_bike,2021-03-09 18:46:16,2021-03-09 19:01:55,Baltic St & 5 Ave,4208,Clinton St & Joralemon St,4605,40.679576,-73.978549,40.69239502,-73.99337909,member
703904,A8F28EA2945235FB,docked_bike,2021-03-20 08:46:37,2021-03-20 08:46:45,Clinton St & Joralemon St,4605,Clinton St & Joralemon St,4605,40.692395,-73.993379,40.69239502,-73.99337909,member
703935,4AD57967DA2EDCD0,docked_bike,2021-03-21 18:41:21,2021-03-21 18:41:41,Clinton St & Joralemon St,4605,Clinton St & Joralemon St,4605,40.692395,-73.993379,40.692395,-73.993379,casual
703945,AF5BC2C932B469D3,docked_bike,2021-03-27 21:11:05,2021-03-27 21:12:01,Clinton St & Joralemon St,4605,Clinton St & Joralemon St,4605,40.692395,-73.993379,40.69239502,-73.99337909,member
704014,BB1CB514C1B810D1,docked_bike,2021-03-14 11:38:26,2021-03-14 12:04:54,E 11 St & 1 Ave,5746,Clinton St & Joralemon St,4605,40.729538,-73.984267,40.692395,-73.993379,member
704047,E8E254BA249E8536,docked_bike,2021-03-02 18:55:37,2021-03-02 19:02:58,Cadman Plaza E & Red Cross Pl,4821,Clinton St & Joralemon St,4605,40.699918,-73.989718,40.692395,-73.993379,member
704048,61FAAD72D1B744E5,docked_bike,2021-03-09 10:48:42,2021-03-09 10:56:26,State St & Smith St,4565,Clinton St & Joralemon St,4605,40.689269,-73.989128,40.69239502,-73.99337909,member
704055,2907BE37F2C2D7D3,docked_bike,2021-03-11 07:18:39,2021-03-11 07:45:04,Milton St & Franklin St,5752,Clinton St & Joralemon St,4605,40.72906,-73.95779,40.69239502,-73.99337909,member
704061,F7F7CF654C44E496,docked_bike,2021-03-09 07:39:15,2021-03-09 08:06:47,Broadway & Battery Pl,4962,Clinton St & Joralemon St,4605,40.704633,-74.013617,40.692395,-73.993379,member
704073,D8C7A6E25FFCBD8B,docked_bike,2021-03-21 17:42:06,2021-03-21 18:06:18,7 Ave & Park Pl,4125,Clinton St & Joralemon St,4605,40.677614,-73.973242,40.69239502,-73.99337909,casual
704077,E58E0AE252166BA1,docked_bike,2021-03-09 15:13:33,2021-03-09 15:25:42,7 Ave & Park Pl,4125,Clinton St & Joralemon St,4605,40.677614,-73.973242,40.69239502,-73.99337909,member
704082,42EDFCCA65AD66AF,docked_bike,2021-03-11 11:46:50,2021-03-11 12:06:01,Warren St & Court St,4413,Clinton St & Joralemon St,4605,40.686371,-73.993833,40.69239502,-73.99337909,member
704083,E08997C619A023D3,docked_bike,2021-03-01 11:45:08,2021-03-01 11:48:43,Duffield St & Willoughby St,4596,Clinton St & Joralemon St,4605,40.692215,-73.984284,40.69239502,-73.99337909,casual
704103,7D0C6DC7416F8D54,docked_bike,2021-03-27 16:29:01,2021-03-27 16:37:13,Bond St & Bergen St,4404,Clinton St & Joralemon St,4605,40.684966,-73.986207,40.69239502,-73.99337909,member
704119,2EB877D4FC4D6394,docked_bike,2021-03-03 10:18:32,2021-03-03 10:24:21,Columbia St & Kane St,4422,Clinton St & Joralemon St,4605,40.687631,-74.001625,40.69239502,-73.99337909,member
704136,66836BE62B9B7128,docked_bike,2021-03-15 08:23:12,2021-03-15 08:29:02,Columbia St & Kane St,4422,Clinton St & Joralemon St,4605,40.687631,-74.001625,40.69239502,-73.99337909,member
704141,3B824F7B42C06F43,docked_bike,2021-03-20 13:06:27,2021-03-20 13:12:56,Columbia St & Kane St,4422,Clinton St & Joralemon St,4605,40.687631,-74.001625,40.69239502,-73.99337909,member
704142,2956D8BA1D03772B,docked_bike,2021-03-09 11:44:14,2021-03-09 11:52:26,Columbia St & Kane St,4422,Clinton St & Joralemon St,4605,40.687631,-74.001625,40.69239502,-73.99337909,member
704145,4449798B8E78FF52,docked_bike,2021-03-21 12:51:01,2021-03-21 12:57:15,Columbia St & Kane St,4422,Clinton St & Joralemon St,4605,40.687631,-74.001625,40.69239502,-73.99337909,member
704152,B86269CA57915F4A,docked_bike,2021-03-31 08:20:38,2021-03-31 08:30:54,Columbia St & Kane St,4422,Clinton St & Joralemon St,4605,40.687631,-74.001625,40.69239502,-73.99337909,member
704153,200A1F21A3FBD821,docked_bike,2021-03-04 07:23:43,2021-03-04 07:29:53,Columbia St & Kane St,4422,Clinton St & Joralemon St,4605,40.687631,-74.001625,40.69239502,-73.99337909,member
704157,55B467F71A02B980,docked_bike,2021-03-16 09:50:28,2021-03-16 09:58:37,Columbia St & Kane St,4422,Clinton St & Joralemon St,4605,40.687632,-74.001626,40.692395,-73.993379,member
704158,0B11C892ECAD9289,docked_bike,2021-03-17 19:33:46,2021-03-17 19:38:03,Columbia St & Kane St,4422,Clinton St & Joralemon St,4605,40.687632,-74.001626,40.692395,-73.993379,member
704161,E71327DB8F3A7AD9,docked_bike,2021-03-06 12:54:50,2021-03-06 13:01:14,Columbia St & Kane St,4422,Clinton St & Joralemon St,4605,40.687631,-74.001625,40.69239502,-73.99337909,member
704167,693C044C11C4199A,docked_bike,2021-03-01 09:57:04,2021-03-01 10:02:50,Columbia St & Kane St,4422,Clinton St & Joralemon St,4605,40.687631,-74.001625,40.69239502,-73.99337909,member
704174,7D3485E2291A732E,docked_bike,2021-03-12 14:47:53,2021-03-12 14:56:04,Columbia St & Kane St,4422,Clinton St & Joralemon St,4605,40.687632,-74.001626,40.692395,-73.993379,member
704175,95E3F59B424CC046,docked_bike,2021-03-19 16:03:06,2021-03-19 16:38:41,Great Jones St,5636,Clinton St & Joralemon St,4605,40.727434,-73.99379,40.692395,-73.993379,member
704189,3E47E0BA93636859,docked_bike,2021-03-12 07:30:55,2021-03-12 07:37:04,Columbia St & Kane St,4422,Clinton St & Joralemon St,4605,40.687631,-74.001625,40.69239502,-73.99337909,member
704209,B75F3CF3E7F45EBB,docked_bike,2021-03-19 15:20:34,2021-03-19 15:27:49,Columbia St & Kane St,4422,Clinton St & Joralemon St,4605,40.687632,-74.001626,40.692395,-73.993379,member
704214,30F08959F8FA9818,docked_bike,2021-03-20 16:02:36,2021-03-20 16:10:26,Columbia St & Kane St,4422,Clinton St & Joralemon St,4605,40.687631,-74.001625,40.69239502,-73.99337909,member
704219,4CF6447567A2BEBA,docked_bike,2021-03-01 10:08:27,2021-03-01 10:15:00,Columbia St & Kane St,4422,Clinton St & Joralemon St,4605,40.687631,-74.001625,40.69239502,-73.99337909,member
704220,2E5123084C2FD01F,docked_bike,2021-03-19 09:48:15,2021-03-19 09:55:36,Columbia St & Kane St,4422,Clinton St & Joralemon St,4605,40.687631,-74.001625,40.69239502,-73.99337909,member
704224,E5E7419706F83E46,docked_bike,2021-03-29 16:13:06,2021-03-29 16:19:55,Columbia St & Kane St,4422,Clinton St & Joralemon St,4605,40.687632,-74.001626,40.692395,-73.993379,member
704226,6A0312A379363D04,docked_bike,2021-03-22 10:00:04,2021-03-22 10:07:20,Columbia St & Kane St,4422,Clinton St & Joralemon St,4605,40.687632,-74.001626,40.692395,-73.993379,member
704244,62523B4CBE43294A,docked_bike,2021-03-16 09:26:42,2021-03-16 09:33:23,Columbia St & Kane St,4422,Clinton St & Joralemon St,4605,40.687631,-74.001625,40.69239502,-73.99337909,member
704245,35C774F8E62ACF7C,docked_bike,2021-03-02 08:09:28,2021-03-02 08:15:22,Columbia St & Kane St,4422,Clinton St & Joralemon St,4605,40.687631,-74.001625,40.69239502,-73.99337909,member
704247,3DEAA887A1E30461,docked_bike,2021-03-25 15:45:40,2021-03-25 15:51:37,Columbia St & Kane St,4422,Clinton St & Joralemon St,4605,40.687631,-74.001625,40.69239502,-73.99337909,member
704262,499BC59953AD11F7,docked_bike,2021-03-30 11:24:36,2021-03-30 11:40:05,14 St & 5 Ave,3771,Clinton St & Joralemon St,4605,40.666287,-73.98895,40.69239502,-73.99337909,member
704272,AA577BB6AA25D9B3,docked_bike,2021-03-27 12:23:53,2021-03-27 12:53:11,Norfolk St & Broome St,5374,Clinton St & Joralemon St,4605,40.717227,-73.98802,40.69239502,-73.99337909,casual
704275,3876EDB5ECF8B4B9,docked_bike,2021-03-07 12:03:09,2021-03-07 12:11:53,Degraw St & Hoyt St,4258,Clinton St & Joralemon St,4605,40.68199,-73.99079,40.69239502,-73.99337909,member
704309,9D0C37BEEE659D2F,docked_bike,2021-03-28 14:01:04,2021-03-28 14:22:39,Lewis Ave & Madison St,4425,Clinton St & Joralemon St,4605,40.686312,-73.935775,40.69239502,-73.99337909,casual
704318,222283A31275A44F,docked_bike,2021-03-07 17:04:13,2021-03-07 17:20:37,Douglass St & 4 Ave,4175,Clinton St & Joralemon St,4605,40.679278,-73.98154,40.69239502,-73.99337909,casual
704324,E35608F1B64F0627,docked_bike,2021-03-02 14:27:57,2021-03-02 14:43:16,Douglass St & 4 Ave,4175,Clinton St & Joralemon St,4605,40.679278,-73.98154,40.69239502,-73.99337909,casual
704355,3F1C1EB37055B993,docked_bike,2021-03-23 16:11:30,2021-03-23 16:21:22,Schermerhorn St & Bond St,4479,Clinton St & Joralemon St,4605,40.688417,-73.984516,40.69239502,-73.99337909,casual
704356,35A7171367EEAF11,docked_bike,2021-03-07 11:44:31,2021-03-07 12:05:59,Classon Ave & St Marks Ave,4074,Clinton St & Joralemon St,4605,40.676519,-73.959608,40.69239502,-73.99337909,member
704418,B66AE19AFBC15C03,docked_bike,2021-03-20 11:15:33,2021-03-20 11:17:25,Schermerhorn St & Court St,4565,Clinton St & Joralemon St,4605,40.691029,-73.991833,40.69239502,-73.99337909,member
704423,98CA70F3E8D882E2,docked_bike,2021-03-02 12:58:50,2021-03-02 13:00:55,Schermerhorn St & Court St,4565,Clinton St & Joralemon St,4605,40.691029,-73.991833,40.69239502,-73.99337909,member
704425,75061B15DD562EBE,docked_bike,2021-03-27 11:36:21,2021-03-27 11:45:43,Schermerhorn St & Court St,4565,Clinton St & Joralemon St,4605,40.691029,-73.991834,40.692395,-73.993379,member
704430,D770CFA1989D223F,docked_bike,2021-03-07 15:55:02,2021-03-07 15:56:10,Schermerhorn St & Court St,4565,Clinton St & Joralemon St,4605,40.691029,-73.991833,40.69239502,-73.99337909,member
704449,E27E59C80ED581FF,docked_bike,2021-03-04 07:20:06,2021-03-04 07:45:29,Greenpoint Ave & Manhattan Ave,5785,Clinton St & Joralemon St,4605,40.73026,-73.95394,40.69239502,-73.99337909,member
704450,3A01338485A0560F,docked_bike,2021-03-08 07:18:31,2021-03-08 07:43:19,Greenpoint Ave & Manhattan Ave,5785,Clinton St & Joralemon St,4605,40.73026,-73.95394,40.69239502,-73.99337909,member
704465,952D0D3AF26CC6D1,docked_bike,2021-03-18 17:27:59,2021-03-18 17:41:52,Lafayette Ave & St James Pl,4494,Clinton St & Joralemon St,4605,40.688515,-73.964762,40.69239502,-73.99337909,member
704486,29A529312CF75663,docked_bike,2021-03-02 18:30:45,2021-03-02 18:32:35,Schermerhorn St & Court St,4565,Clinton St & Joralemon St,4605,40.691029,-73.991833,40.69239502,-73.99337909,member
704487,ED0C8C4DB0344F45,docked_bike,2021-03-07 19:47:45,2021-03-07 19:49:24,Schermerhorn St & Court St,4565,Clinton St & Joralemon St,4605,40.691029,-73.991833,40.69239502,-73.99337909,member
704494,B18F4AC1E17EDF9B,docked_bike,2021-03-06 15:01:20,2021-03-06 15:03:01,Schermerhorn St & Court St,4565,Clinton St & Joralemon St,4605,40.691029,-73.991833,40.69239502,-73.99337909,member
704523,F0D77A4C8FAFD0DD,docked_bike,2021-03-16 08:13:31,2021-03-16 08:36:51,Driggs Ave & N 9 St,5411,Clinton St & Joralemon St,4605,40.718169,-73.955201,40.69239502,-73.99337909,member
704597,B5AB288ED4B6B4D2,docked_bike,2021-03-14 17:17:08,2021-03-14 17:46:43,Fulton St & Irving Pl,4263,Clinton St & Joralemon St,4605,40.68186,-73.959432,40.692395,-73.993379,member
704600,DE5F05EC5B57CD47,docked_bike,2021-03-11 19:39:03,2021-03-11 19:50:11,Commerce St & Van Brunt St,4243,Clinton St & Joralemon St,4605,40.681211,-74.008609,40.69239502,-73.99337909,member
704602,F1648B551B9764ED,docked_bike,2021-03-16 09:59:50,2021-03-16 10:11:55,Commerce St & Van Brunt St,4243,Clinton St & Joralemon St,4605,40.681211,-74.008609,40.69239502,-73.99337909,member
704609,B19CEFEC014F8883,docked_bike,2021-03-29 18:35:28,2021-03-29 18:50:10,Commerce St & Van Brunt St,4243,Clinton St & Joralemon St,4605,40.681212,-74.008609,40.692395,-73.993379,member
704626,432C1A46B0C0B2D3,docked_bike,2021-03-07 11:49:29,2021-03-07 12:01:14,Columbia St & W 9 St,4086,Clinton St & Joralemon St,4605,40.676999,-74.006471,40.69239502,-73.99337909,member
704627,BAD446A46A70C59A,docked_bike,2021-03-23 12:56:40,2021-03-23 13:07:14,Columbia St & W 9 St,4086,Clinton St & Joralemon St,4605,40.676999,-74.006471,40.69239502,-73.99337909,member
704628,879634B96CE5C8A8,docked_bike,2021-03-31 12:41:47,2021-03-31 12:52:06,Columbia St & W 9 St,4086,Clinton St & Joralemon St,4605,40.676999,-74.006471,40.69239502,-73.99337909,member
704629,D8B5092F78F5D170,docked_bike,2021-03-16 17:01:45,2021-03-16 17:13:37,Columbia St & W 9 St,4086,Clinton St & Joralemon St,4605,40.676999,-74.006471,40.69239502,-73.99337909,member
704630,C2927B5E35A2EE0C,docked_bike,2021-03-12 09:41:52,2021-03-12 09:53:26,Columbia St & W 9 St,4086,Clinton St & Joralemon St,4605,40.676999,-74.006471,40.69239502,-73.99337909,member
704632,CA6757442762806F,docked_bike,2021-03-03 14:03:52,2021-03-03 14:16:34,Columbia St & W 9 St,4086,Clinton St & Joralemon St,4605,40.676999,-74.006471,40.69239502,-73.99337909,member
704659,3C27A00C0C9900E6,docked_bike,2021-03-27 13:06:39,2021-03-27 13:33:28,Kosciuszko St & Nostrand Ave,4519,Clinton St & Joralemon St,4605,40.690725,-73.951334,40.69239502,-73.99337909,casual
704665,96395F6BA17C8471,docked_bike,2021-03-04 17:01:29,2021-03-04 17:35:06,Irving Ave & Palmetto St,4775,Clinton St & Joralemon St,4605,40.698,-73.9127,40.692395,-73.993379,member
704674,4AE79811842DF761,docked_bike,2021-03-08 16:15:56,2021-03-08 16:25:53,5 Ave & 3 St,3987,Clinton St & Joralemon St,4605,40.672815,-73.983523,40.69239502,-73.99337909,casual
704693,79ED0B9F068B173B,docked_bike,2021-03-11 13:08:11,2021-03-11 13:11:05,Henry St & Atlantic Ave,4531,Clinton St & Joralemon St,4605,40.690892,-73.996123,40.69239502,-73.99337909,member
704709,4D14CA369D596935,docked_bike,2021-03-17 14:54:40,2021-03-17 15:00:27,Degraw St & Smith St,4298,Clinton St & Joralemon St,4605,40.682915,-73.993182,40.69239502,-73.99337909,member
704724,78BD526CB08BFF0C,docked_bike,2021-03-08 20:03:48,2021-03-08 20:16:00,Barclay St & Church St,5216,Clinton St & Joralemon St,4605,40.712912,-74.010202,40.69239502,-73.99337909,member
704725,CE031375B6424C2F,docked_bike,2021-03-31 19:53:06,2021-03-31 20:06:55,Barclay St & Church St,5216,Clinton St & Joralemon St,4605,40.712912,-74.010202,40.69239502,-73.99337909,member
704737,FB53C85A430A7C66,docked_bike,2021-03-14 18:29:17,2021-03-14 18:43:00,Carroll St & 5 Ave,4060,Clinton St & Joralemon St,4605,40.675162,-73.981483,40.69239502,-73.99337909,casual
704743,45F8A065A583CD28,docked_bike,2021-03-27 20:37:36,2021-03-27 21:04:22,Carroll St & 5 Ave,4060,Clinton St & Joralemon St,4605,40.675162,-73.981483,40.692395,-73.993379,casual
704754,0B8B62E58FB6C821,docked_bike,2021-03-20 22:00:28,2021-03-20 22:04:08,Bond St & Fulton St,4479,Clinton St & Joralemon St,4605,40.689621,-73.983042,40.69239502,-73.99337909,member
704761,BDE1CF26ABDD13CB,docked_bike,2021-03-19 17:46:36,2021-03-19 17:58:06,Carroll St & 5 Ave,4060,Clinton St & Joralemon St,4605,40.675162,-73.981483,40.69239502,-73.99337909,casual
704773,AB68EC72260A6659,docked_bike,2021-03-28 14:24:58,2021-03-28 15:18:22,Carroll St & 5 Ave,4060,Clinton St & Joralemon St,4605,40.675162,-73.981483,40.692395,-73.993379,casual
704778,2B5A36BA4DE84ABD,docked_bike,2021-03-20 09:32:52,2021-03-20 09:37:23,Bond St & Fulton St,4479,Clinton St & Joralemon St,4605,40.689621,-73.983042,40.69239502,-73.99337909,member
704803,6E7D1C95B7750838,docked_bike,2021-03-11 00:49:32,2021-03-11 00:51:46,Fulton St & Adams St,4637,Clinton St & Joralemon St,4605,40.692418,-73.989494,40.69239502,-73.99337909,member
704805,7ADCF24AB55A911A,docked_bike,2021-03-10 14:31:26,2021-03-10 14:36:47,Court St & State St,4488,Clinton St & Joralemon St,4605,40.690237,-73.99203,40.69239502,-73.99337909,member
704814,D77C1F98387F6FED,docked_bike,2021-03-17 07:51:24,2021-03-17 07:54:26,Court St & State St,4488,Clinton St & Joralemon St,4605,40.690237,-73.99203,40.69239502,-73.99337909,member
704828,6391AF9D3844E269,docked_bike,2021-03-25 18:24:18,2021-03-25 18:38:54,West St & Chambers St,5329,Clinton St & Joralemon St,4605,40.717548,-74.01322,40.69239502,-73.99337909,member
704830,C0F6AEF88D8344BD,docked_bike,2021-03-28 11:27:01,2021-03-28 11:38:53,Carroll St & 6 Ave,4019,Clinton St & Joralemon St,4605,40.674088,-73.978728,40.69239502,-73.99337909,member
704841,5A8F6512F184E73E,docked_bike,2021-03-25 17:45:22,2021-03-25 18:23:08,E 27 St & 1 Ave,6004,Clinton St & Joralemon St,4605,40.739445,-73.976806,40.69239502,-73.99337909,member
704847,56028D436C53865C,docked_bike,2021-03-03 14:02:08,2021-03-03 14:04:06,Court St & State St,4488,Clinton St & Joralemon St,4605,40.690237,-73.99203,40.69239502,-73.99337909,member
704892,BC4D1B5A11D94561,docked_bike,2021-03-18 10:08:08,2021-03-18 10:11:40,Congress St & Clinton St,4455,Clinton St & Joralemon St,4605,40.688152,-73.995209,40.69239502,-73.99337909,member
704900,7C3E7EF64138DF9E,docked_bike,2021-03-15 13:08:19,2021-03-15 13:12:10,Congress St & Clinton St,4455,Clinton St & Joralemon St,4605,40.688153,-73.995209,40.692395,-73.993379,member
704901,3D6DD23073718E52,docked_bike,2021-03-08 11:10:36,2021-03-08 11:13:03,Congress St & Clinton St,4455,Clinton St & Joralemon St,4605,40.688152,-73.995209,40.69239502,-73.99337909,member
704904,9F84EF939C5304DD,docked_bike,2021-03-11 06:35:19,2021-03-11 06:38:40,Congress St & Clinton St,4455,Clinton St & Joralemon St,4605,40.688152,-73.995209,40.69239502,-73.99337909,member
704905,968E11BDA170184F,docked_bike,2021-03-15 14:49:45,2021-03-15 14:53:24,Congress St & Clinton St,4455,Clinton St & Joralemon St,4605,40.688153,-73.995209,40.692395,-73.993379,member
704907,B7735069C81C444F,docked_bike,2021-03-09 13:27:36,2021-03-09 13:51:34,Montgomery St & Franklin Ave,3776,Clinton St & Joralemon St,4605,40.666439,-73.960556,40.69239502,-73.99337909,casual
704910,93BF7086FA9891C7,docked_bike,2021-03-05 08:00:51,2021-03-05 08:15:19,Monroe St & Bedford Ave,4368,Clinton St & Joralemon St,4605,40.685144,-73.953809,40.69239502,-73.99337909,member
704927,3A4FD2C540724F24,docked_bike,2021-03-29 10:15:22,2021-03-29 10:24:02,Carroll St & Columbia St,4348,Clinton St & Joralemon St,4605,40.683045,-74.003485,40.69239502,-73.99337909,member
704936,1FA97375D12B12A9,docked_bike,2021-03-16 13:32:04,2021-03-16 13:40:19,Front St & Washington St,4936,Clinton St & Joralemon St,4605,40.70255,-73.989402,40.69239502,-73.99337909,member
704937,23E851B8D7298ACE,docked_bike,2021-03-08 13:04:21,2021-03-08 13:13:59,Front St & Washington St,4936,Clinton St & Joralemon St,4605,40.70255,-73.989402,40.69239502,-73.99337909,member
704938,DB4BA7819AD3A4A4,docked_bike,2021-03-01 13:16:55,2021-03-01 13:24:08,Front St & Washington St,4936,Clinton St & Joralemon St,4605,40.70255,-73.989402,40.69239502,-73.99337909,member
704976,EB4E958BA87A7B96,docked_bike,2021-03-02 14:31:07,2021-03-02 14:38:55,Columbia St & Kane St,4422,Clinton St & Joralemon St,4605,40.687632,-74.001626,40.692395,-73.993379,member
705059,202A882F3E1DBCEC,docked_bike,2021-03-05 08:41:22,2021-03-05 08:49:37,3 St & Hoyt St,4110,Clinton St & Joralemon St,4605,40.677729,-73.993641,40.692395,-73.993379,member
705115,725327D5A148006B,docked_bike,2021-03-24 13:38:59,2021-03-24 13:43:26,Bergen St & Smith St,4446,Clinton St & Joralemon St,4605,40.686744,-73.990631,40.69239502,-73.99337909,member
705238,F554151220C76245,docked_bike,2021-03-23 13:02:15,2021-03-23 13:06:27,Duffield St & Willoughby St,4596,Clinton St & Joralemon St,4605,40.692215,-73.984284,40.69239502,-73.99337909,member
705243,4145CBE36EFC2415,docked_bike,2021-03-26 14:28:11,2021-03-26 15:32:07,Albany Ave & Fulton St,4237,Clinton St & Joralemon St,4605,40.68001,-73.938475,40.69239502,-73.99337909,casual
705250,BF885DEEB2128A4F,docked_bike,2021-03-04 11:52:36,2021-03-04 11:55:01,Congress St & Clinton St,4455,Clinton St & Joralemon St,4605,40.688152,-73.995209,40.69239502,-73.99337909,member
705254,2BE592186950B255,docked_bike,2021-03-14 17:03:38,2021-03-14 17:07:34,Congress St & Clinton St,4455,Clinton St & Joralemon St,4605,40.688152,-73.995209,40.69239502,-73.99337909,member
705258,7AF46B4EF8F298DA,docked_bike,2021-03-04 07:30:08,2021-03-04 07:33:22,Congress St & Clinton St,4455,Clinton St & Joralemon St,4605,40.688152,-73.995209,40.69239502,-73.99337909,member
705259,36EB8FA9D244118C,docked_bike,2021-03-07 14:49:53,2021-03-07 14:52:54,Congress St & Clinton St,4455,Clinton St & Joralemon St,4605,40.688152,-73.995209,40.69239502,-73.99337909,member
705264,10B1A7A03361AAC9,docked_bike,2021-03-01 14:45:19,2021-03-01 14:47:50,Congress St & Clinton St,4455,Clinton St & Joralemon St,4605,40.688152,-73.995209,40.69239502,-73.99337909,member
705335,2103F7852CCD8AF0,docked_bike,2021-03-09 15:59:03,2021-03-09 16:08:40,Lafayette Ave & Fort Greene Pl,4395,Clinton St & Joralemon St,4605,40.686918,-73.976682,40.69239502,-73.99337909,member
705399,A96B5088A67E8596,docked_bike,2021-03-26 17:24:41,2021-03-26 17:56:02,Berkeley Pl & 6 Ave,4134,Clinton St & Joralemon St,4605,40.67653,-73.978468,40.69239502,-73.99337909,casual
705510,8F95C5DF6188E67C,docked_bike,2021-03-01 12:15:23,2021-03-01 12:48:04,E 47 St & 1 Ave,6498,Clinton St & Joralemon St,4605,40.752068,-73.967843,40.69239502,-73.99337909,member
705517,A748DA0DA08806FB,docked_bike,2021-03-12 10:03:51,2021-03-12 10:20:42,Lispenard St & Broadway,5391,Clinton St & Joralemon St,4605,40.719392,-74.002472,40.692395,-73.993379,member
705531,C1CDBF44976B4202,docked_bike,2021-03-25 12:59:21,2021-03-25 13:03:40,Congress St & Clinton St,4455,Clinton St & Joralemon St,4605,40.688152,-73.995209,40.69239502,-73.99337909,member
705539,A1B741B97E120B01,docked_bike,2021-03-28 16:16:19,2021-03-28 16:29:41,Hanson Pl & Ashland Pl,4395,Clinton St & Joralemon St,4605,40.685068,-73.977907,40.69239502,-73.99337909,member
705655,07B133AA43E4E332,docked_bike,2021-03-27 14:23:42,2021-03-27 15:13:50,Atlantic Ave & Furman St,4614,Clinton St & Joralemon St,4605,40.691652,-73.999979,40.692395,-73.993379,member
705670,895237DF8859CAD5,docked_bike,2021-03-12 12:51:15,2021-03-12 12:59:34,Atlantic Ave & Furman St,4614,Clinton St & Joralemon St,4605,40.691651,-73.999978,40.69239502,-73.99337909,member
705678,BCED1E16859CB0B2,docked_bike,2021-03-09 19:40:14,2021-03-09 19:46:32,Atlantic Ave & Furman St,4614,Clinton St & Joralemon St,4605,40.691651,-73.999978,40.69239502,-73.99337909,member
705717,C32F538D18AC06AD,docked_bike,2021-03-12 10:28:30,2021-03-12 10:49:33,E 2 St & 2 Ave,5593,Clinton St & Joralemon St,4605,40.725028,-73.990696,40.69239502,-73.99337909,member
705741,A3E4DCD35E6F75FA,docked_bike,2021-03-21 13:55:58,2021-03-21 14:09:48,Columbia St & Lorraine St,4013,Clinton St & Joralemon St,4605,40.674705,-74.007557,40.69239502,-73.99337909,member
705751,FB7832FC45EC3472,docked_bike,2021-03-05 10:50:09,2021-03-05 11:00:55,Clinton St & 4 Place,4119,Clinton St & Joralemon St,4605,40.678356,-74.000145,40.69239502,-73.99337909,member
705757,29663A118D9D4CD2,docked_bike,2021-03-11 11:27:32,2021-03-11 11:47:48,Kent Ave & S 11 St,5062,Clinton St & Joralemon St,4605,40.707644,-73.968415,40.69239502,-73.99337909,member
705764,07B5124F7F70F510,docked_bike,2021-03-21 13:26:43,2021-03-21 13:44:12,Forsyth St & Canal St,5270,Clinton St & Joralemon St,4605,40.715815,-73.994223,40.69239502,-73.99337909,member
705824,A5135187F56CB223,docked_bike,2021-03-20 16:40:01,2021-03-20 16:53:04,Berkeley Pl & 6 Ave,4134,Clinton St & Joralemon St,4605,40.67653,-73.978468,40.69239502,-73.99337909,member
705862,C85CAAEF32C60490,docked_bike,2021-03-31 18:36:57,2021-03-31 19:22:58,Broadway & W 38 St,6441,Clinton St & Joralemon St,4605,40.752996,-73.987216,40.69239502,-73.99337909,member
705869,FBCF1387F238FB61,docked_bike,2021-03-01 17:04:57,2021-03-01 17:21:33,Grand Ave & Bergen St,4190,Clinton St & Joralemon St,4605,40.678045,-73.962408,40.69239502,-73.99337909,member
705871,657DC7BE5EB61F45,docked_bike,2021-03-28 08:32:52,2021-03-28 08:44:30,Washington Ave & Greene Ave,4419,Clinton St & Joralemon St,4605,40.6865,-73.965633,40.69239502,-73.99337909,member
705923,9BB35A133EA930BC,docked_bike,2021-03-17 08:57:44,2021-03-17 09:28:32,W 22 St & 8 Ave,6224,Clinton St & Joralemon St,4605,40.744751,-73.999153,40.69239502,-73.99337909,member
705951,A50446A9A0AF73B0,docked_bike,2021-03-31 12:15:30,2021-03-31 12:33:20,Washington Ave & Greene Ave,4419,Clinton St & Joralemon St,4605,40.6865,-73.965633,40.69239502,-73.99337909,member
705963,BE124C4293F7577A,docked_bike,2021-03-23 11:07:49,2021-03-23 11:27:08,Broadway & Whipple St,4883,Clinton St & Joralemon St,4605,40.701665,-73.94373,40.69239502,-73.99337909,member
705973,E2329876F0D14C32,docked_bike,2021-03-29 15:17:01,2021-03-29 15:42:12,West Thames St,5114,Clinton St & Joralemon St,4605,40.708346,-74.017134,40.69239502,-73.99337909,member
705984,7B6F5D3B1C0FAF46,docked_bike,2021-03-30 11:55:34,2021-03-30 11:57:44,Hicks St & Montague St,4645,Clinton St & Joralemon St,4605,40.695128,-73.99595,40.69239502,-73.99337909,member
705985,4EF59180A627E1C2,docked_bike,2021-03-21 15:36:18,2021-03-21 15:48:21,Centre St & Chambers St,5207,Clinton St & Joralemon St,4605,40.712732,-74.004607,40.69239502,-73.99337909,member
706007,6BAD5E4CA0A18BE0,docked_bike,2021-03-26 17:06:32,2021-03-26 17:09:16,Hicks St & Montague St,4645,Clinton St & Joralemon St,4605,40.695128,-73.99595,40.69239502,-73.99337909,member
706061,778874B855E13214,docked_bike,2021-03-15 16:42:41,2021-03-15 16:55:45,Hicks St & Montague St,4645,Clinton St & Joralemon St,4605,40.695128,-73.99595,40.69239502,-73.99337909,member
706081,6070D7DA414405E0,docked_bike,2021-03-31 10:29:23,2021-03-31 10:43:39,Centre St & Chambers St,5207,Clinton St & Joralemon St,4605,40.712732,-74.004607,40.69239502,-73.99337909,member
706084,A17DB1D505E11F5B,docked_bike,2021-03-08 17:53:36,2021-03-08 18:11:50,Hicks St & Montague St,4645,Clinton St & Joralemon St,4605,40.695128,-73.99595,40.69239502,-73.99337909,member
706085,BF214B5D91F617F5,docked_bike,2021-03-13 11:06:25,2021-03-13 11:23:01,Centre St & Chambers St,5207,Clinton St & Joralemon St,4605,40.712732,-74.004607,40.69239502,-73.99337909,member
706089,DF47C54F42EA33DD,docked_bike,2021-03-22 18:01:51,2021-03-22 18:06:15,Hicks St & Montague St,4645,Clinton St & Joralemon St,4605,40.695128,-73.99595,40.69239502,-73.99337909,member
706123,FD0D0C347EF70CC1,docked_bike,2021-03-26 09:06:58,2021-03-26 09:08:22,Schermerhorn St & Court St,4565,Clinton St & Joralemon St,4605,40.691029,-73.991833,40.69239502,-73.99337909,member
706146,36CA3EFFE93F0105,docked_bike,2021-03-06 15:06:19,2021-03-06 15:08:07,Schermerhorn St & Court St,4565,Clinton St & Joralemon St,4605,40.691029,-73.991833,40.69239502,-73.99337909,member
706147,6795F40FAF8313E4,docked_bike,2021-03-11 15:25:09,2021-03-11 15:26:57,Schermerhorn St & Court St,4565,Clinton St & Joralemon St,4605,40.691029,-73.991833,40.69239502,-73.99337909,member
706149,D07A0D71245C1982,docked_bike,2021-03-01 10:03:46,2021-03-01 10:05:06,Schermerhorn St & Court St,4565,Clinton St & Joralemon St,4605,40.691029,-73.991833,40.69239502,-73.99337909,member
706165,3EE7613582B16A4C,docked_bike,2021-03-08 14:53:23,2021-03-08 15:10:34,Warren St & Court St,4413,Clinton St & Joralemon St,4605,40.686371,-73.993833,40.69239502,-73.99337909,member
706175,0E72D74639284BC4,docked_bike,2021-03-24 15:57:32,2021-03-24 16:01:07,Clark St & Henry St,4789,Clinton St & Joralemon St,4605,40.697601,-73.993445,40.69239502,-73.99337909,member
706177,474E46D47551FEE5,docked_bike,2021-03-14 07:44:51,2021-03-14 08:01:00,Clark St & Henry St,4789,Clinton St & Joralemon St,4605,40.697601,-73.993446,40.692395,-73.993379,member
706179,7B241FEC21969165,docked_bike,2021-03-20 21:02:40,2021-03-20 21:05:16,Clark St & Henry St,4789,Clinton St & Joralemon St,4605,40.697601,-73.993446,40.692395,-73.993379,member
706185,370538A8BF34816A,docked_bike,2021-03-12 18:23:25,2021-03-12 18:29:31,Clark St & Henry St,4789,Clinton St & Joralemon St,4605,40.697601,-73.993445,40.69239502,-73.99337909,member
706193,E400C778B042C040,docked_bike,2021-03-14 15:11:06,2021-03-14 15:23:33,Pacific St & Nevins St,4362,Clinton St & Joralemon St,4605,40.685376,-73.983021,40.69239502,-73.99337909,member
706205,AEF2A46A905DD921,docked_bike,2021-03-23 20:16:51,2021-03-23 20:20:55,Clark St & Henry St,4789,Clinton St & Joralemon St,4605,40.697601,-73.993445,40.69239502,-73.99337909,member
706210,184938B243390A4C,docked_bike,2021-03-22 19:54:43,2021-03-22 19:58:09,Clark St & Henry St,4789,Clinton St & Joralemon St,4605,40.697601,-73.993445,40.69239502,-73.99337909,member
706217,3381977BC7D8B9FE,docked_bike,2021-03-02 21:20:10,2021-03-02 21:23:30,Clark St & Henry St,4789,Clinton St & Joralemon St,4605,40.697601,-73.993445,40.69239502,-73.99337909,member
706218,07445AE3545EE344,docked_bike,2021-03-02 21:02:00,2021-03-02 21:05:52,Clark St & Henry St,4789,Clinton St & Joralemon St,4605,40.697601,-73.993445,40.69239502,-73.99337909,member
706225,5E43C794745835F9,docked_bike,2021-03-10 07:28:06,2021-03-10 07:48:47,West Thames St,5114,Clinton St & Joralemon St,4605,40.708346,-74.017134,40.69239502,-73.99337909,member
706228,9C5DFA602C1AAAE5,docked_bike,2021-03-25 09:02:02,2021-03-25 09:05:24,Clark St & Henry St,4789,Clinton St & Joralemon St,4605,40.697601,-73.993445,40.69239502,-73.99337909,member
706252,E3405E7145E51D42,docked_bike,2021-03-07 16:29:05,2021-03-07 16:32:06,Clark St & Henry St,4789,Clinton St & Joralemon St,4605,40.697601,-73.993445,40.69239502,-73.99337909,member
706253,2CE98F7B5894F92B,docked_bike,2021-03-27 12:37:52,2021-03-27 12:41:23,Clark St & Henry St,4789,Clinton St & Joralemon St,4605,40.697601,-73.993445,40.69239502,-73.99337909,member
706275,B04F5F0DAB6ABCDF,docked_bike,2021-03-17 09:00:56,2021-03-17 09:13:24,Henry St & W 9 St,4086,Clinton St & Joralemon St,4605,40.676374,-74.00325,40.692395,-73.993379,member
706280,661B576723AADD9E,docked_bike,2021-03-24 09:01:55,2021-03-24 09:15:33,Henry St & W 9 St,4086,Clinton St & Joralemon St,4605,40.676374,-74.003249,40.69239502,-73.99337909,member
706306,782B8C98E9BF510C,docked_bike,2021-03-27 19:34:06,2021-03-27 19:51:18,Van Brunt St & Van Dyke St,4095,Clinton St & Joralemon St,4605,40.675832,-74.014726,40.69239502,-73.99337909,member
706308,7E59B05A9890F1FE,docked_bike,2021-03-05 07:36:57,2021-03-05 07:47:18,7 St & 3 Ave,3996,Clinton St & Joralemon St,4605,40.672602,-73.98983,40.69239502,-73.99337909,member
706315,4A6EA51CCD636B98,docked_bike,2021-03-03 21:14:57,2021-03-03 21:20:00,Bond St & Bergen St,4404,Clinton St & Joralemon St,4605,40.684966,-73.986207,40.69239502,-73.99337909,member
706325,5A8BB3D46FFC6C8A,docked_bike,2021-03-23 11:01:33,2021-03-23 11:32:00,1 Ave & E 44 St,6379,Clinton St & Joralemon St,4605,40.750019,-73.969053,40.69239502,-73.99337909,member
706347,1D8A5EAF45FD825B,docked_bike,2021-03-09 08:45:37,2021-03-09 08:50:28,Schermerhorn St & Bond St,4479,Clinton St & Joralemon St,4605,40.688417,-73.984516,40.69239502,-73.99337909,member
706373,EF915E4189CFF71B,docked_bike,2021-03-01 15:07:01,2021-03-01 15:15:51,Hanson Pl & Ashland Pl,4395,Clinton St & Joralemon St,4605,40.685068,-73.977907,40.69239502,-73.99337909,member
706423,E97D7AA42D4869BF,docked_bike,2021-03-30 08:07:26,2021-03-30 08:15:49,Union St & Nevins St,4143,Clinton St & Joralemon St,4605,40.679097,-73.987654,40.69239502,-73.99337909,member
706432,177BD8F7944FCC13,docked_bike,2021-03-17 09:13:19,2021-03-17 09:22:47,Henry St & Bay St,3972,Clinton St & Joralemon St,4605,40.672505,-74.004946,40.69239502,-73.99337909,member
706446,BD32C1579084A7A3,docked_bike,2021-03-03 18:52:28,2021-03-03 18:55:10,Hicks St & Montague St,4645,Clinton St & Joralemon St,4605,40.695128,-73.99595,40.69239502,-73.99337909,member
706456,8E6FA1B5B871DD0F,docked_bike,2021-03-23 17:58:51,2021-03-23 18:02:50,Hicks St & Montague St,4645,Clinton St & Joralemon St,4605,40.695128,-73.99595,40.69239502,-73.99337909,member
706462,410118C4FA09ED92,docked_bike,2021-03-23 11:57:39,2021-03-23 12:45:56,Central Ave & Decatur St,4432,Clinton St & Joralemon St,4605,40.6882,-73.90798,40.69239502,-73.99337909,member
706482,93942B3AF89021BF,docked_bike,2021-03-17 12:41:23,2021-03-17 12:53:55,Columbia St & W 9 St,4086,Clinton St & Joralemon St,4605,40.676999,-74.006471,40.69239502,-73.99337909,member
706483,A9EEC812AA0FD76E,docked_bike,2021-03-10 16:59:27,2021-03-10 17:10:00,Columbia St & W 9 St,4086,Clinton St & Joralemon St,4605,40.676999,-74.006471,40.69239502,-73.99337909,member
706491,72FE0BD77011C76A,docked_bike,2021-03-03 12:52:30,2021-03-03 13:04:40,Columbia St & W 9 St,4086,Clinton St & Joralemon St,4605,40.676999,-74.006471,40.69239502,-73.99337909,member
706492,4CA81029A02A0301,docked_bike,2021-03-13 10:53:33,2021-03-13 11:05:09,Columbia St & W 9 St,4086,Clinton St & Joralemon St,4605,40.676999,-74.006471,40.69239502,-73.99337909,member
706509,D8F0483E8F354068,docked_bike,2021-03-16 14:53:10,2021-03-16 15:02:23,Brooklyn Bridge Park - Pier 2,4756,Clinton St & Joralemon St,4605,40.698458,-73.997178,40.69239502,-73.99337909,casual
706515,8C357DECCAAD4C42,docked_bike,2021-03-27 19:50:41,2021-03-27 20:44:35,Brooklyn Bridge Park - Pier 2,4756,Clinton St & Joralemon St,4605,40.698458,-73.997178,40.692395,-73.993379,member
706519,C882F0BCA875EF5E,docked_bike,2021-03-27 19:50:56,2021-03-27 20:44:28,Brooklyn Bridge Park - Pier 2,4756,Clinton St & Joralemon St,4605,40.698458,-73.997178,40.69239502,-73.99337909,casual
706527,EB4520E3F7139B44,docked_bike,2021-03-09 14:40:35,2021-03-09 14:53:42,Brooklyn Bridge Park - Pier 2,4756,Clinton St & Joralemon St,4605,40.698458,-73.997178,40.69239502,-73.99337909,member
706529,217A9B7DC88C91BE,docked_bike,2021-03-17 12:08:40,2021-03-17 12:20:08,Brooklyn Bridge Park - Pier 2,4756,Clinton St & Joralemon St,4605,40.698458,-73.997178,40.69239502,-73.99337909,casual
706539,967E3F3F9D98DA21,docked_bike,2021-03-20 16:39:11,2021-03-20 17:03:31,Brooklyn Bridge Park - Pier 2,4756,Clinton St & Joralemon St,4605,40.698458,-73.997178,40.69239502,-73.99337909,member
706602,EA48ECBC904B8206,docked_bike,2021-03-17 16:49:41,2021-03-17 16:55:55,1 Pl & Clinton St,4193,Clinton St & Joralemon St,4605,40.680959,-73.999057,40.69239502,-73.99337909,casual
706612,D8106CA3CC6787D5,docked_bike,2021-03-22 14:39:18,2021-03-22 14:45:29,1 Pl & Clinton St,4193,Clinton St & Joralemon St,4605,40.680959,-73.999057,40.69239502,-73.99337909,member
706616,D4D9DBCBAD931E64,docked_bike,2021-03-30 18:38:22,2021-03-30 18:43:26,1 Pl & Clinton St,4193,Clinton St & Joralemon St,4605,40.680959,-73.999057,40.69239502,-73.99337909,casual
706636,DE88E75D9033DA5C,docked_bike,2021-03-30 10:28:37,2021-03-30 11:00:47,Bank St & Washington St,5964,Clinton St & Joralemon St,4605,40.736196,-74.008592,40.69239502,-73.99337909,casual
706644,64C9F5EF95012E4E,docked_bike,2021-03-15 15:23:16,2021-03-15 15:32:23,1 Pl & Clinton St,4193,Clinton St & Joralemon St,4605,40.680959,-73.999057,40.69239502,-73.99337909,casual
706660,C37C21D262D0B917,docked_bike,2021-03-16 08:16:57,2021-03-16 08:22:42,1 Pl & Clinton St,4193,Clinton St & Joralemon St,4605,40.680959,-73.999057,40.69239502,-73.99337909,casual
706695,8EA00D2C0D11CCBC,docked_bike,2021-03-08 09:03:43,2021-03-08 09:09:07,1 Pl & Clinton St,4193,Clinton St & Joralemon St,4605,40.680959,-73.999057,40.69239502,-73.99337909,member
706703,4D951213BD6DB95D,docked_bike,2021-03-09 15:04:02,2021-03-09 15:10:13,1 Pl & Clinton St,4193,Clinton St & Joralemon St,4605,40.680959,-73.999057,40.692395,-73.993379,member
706706,F471A35189E75902,docked_bike,2021-03-20 15:12:21,2021-03-20 15:17:20,1 Pl & Clinton St,4193,Clinton St & Joralemon St,4605,40.680959,-73.999057,40.69239502,-73.99337909,member
706713,996D3860323D20F6,docked_bike,2021-03-20 16:22:15,2021-03-20 16:33:41,Schermerhorn St & Court St,4565,Clinton St & Joralemon St,4605,40.691029,-73.991833,40.69239502,-73.99337909,casual
706714,299556C073EDA4B2,docked_bike,2021-03-30 11:34:08,2021-03-30 12:33:27,Schermerhorn St & Court St,4565,Clinton St & Joralemon St,4605,40.691029,-73.991833,40.69239502,-73.99337909,member
706723,AA28F50DCD14E535,docked_bike,2021-03-11 15:20:38,2021-03-11 15:21:50,Schermerhorn St & Court St,4565,Clinton St & Joralemon St,4605,40.691029,-73.991833,40.69239502,-73.99337909,member
706749,07C9E90C6910728F,docked_bike,2021-03-12 12:50:30,2021-03-12 12:53:36,Pierrepont St & Monroe Pl,4718,Clinton St & Joralemon St,4605,40.695356,-73.99344,40.69239502,-73.99337909,member
706789,F6D95FA46A0D5133,docked_bike,2021-03-12 09:44:40,2021-03-12 10:04:21,Park Pl & Vanderbilt Ave,4083,Clinton St & Joralemon St,4605,40.6767,-73.969024,40.69239502,-73.99337909,member
706800,F66134A46A9D4815,docked_bike,2021-03-23 15:46:10,2021-03-23 15:52:04,Degraw St & Smith St,4298,Clinton St & Joralemon St,4605,40.682915,-73.993182,40.692395,-73.993379,member
706803,329D9880680C241E,docked_bike,2021-03-22 21:20:47,2021-03-22 21:22:53,Henry St & Atlantic Ave,4531,Clinton St & Joralemon St,4605,40.690892,-73.996123,40.69239502,-73.99337909,member
706822,B38522077813421A,docked_bike,2021-03-04 10:09:21,2021-03-04 10:11:07,Henry St & Atlantic Ave,4531,Clinton St & Joralemon St,4605,40.690892,-73.996123,40.69239502,-73.99337909,member
706824,6A937355F55EBEFD,docked_bike,2021-03-15 18:09:01,2021-03-15 18:15:40,Degraw St & Smith St,4298,Clinton St & Joralemon St,4605,40.682915,-73.993182,40.692395,-73.993379,member
706861,00886A7272171C23,docked_bike,2021-03-11 09:36:20,2021-03-11 09:59:06,S 3 St & Bedford Ave,5235,Clinton St & Joralemon St,4605,40.712604,-73.962644,40.69239502,-73.99337909,member
706864,3731E8F75D915449,docked_bike,2021-03-21 18:50:11,2021-03-21 19:11:12,S 3 St & Bedford Ave,5235,Clinton St & Joralemon St,4605,40.712604,-73.962644,40.69239502,-73.99337909,member
706865,CC0E2C3884B6AE6D,docked_bike,2021-03-13 11:44:34,2021-03-13 12:07:25,Plaza St West & Flatbush Ave,4010,Clinton St & Joralemon St,4605,40.67502,-73.971114,40.69239502,-73.99337909,member
706908,6C68A21A74B1FA33,docked_bike,2021-03-10 08:04:05,2021-03-10 08:19:22,Van Brunt St & Wolcott St,4095,Clinton St & Joralemon St,4605,40.677342,-74.01275,40.69239502,-73.99337909,member
706965,3E34B34CD9BFD404,docked_bike,2021-03-14 10:50:36,2021-03-14 11:02:16,Lafayette Ave & Fort Greene Pl,4395,Clinton St & Joralemon St,4605,40.686918,-73.976682,40.69239502,-73.99337909,member
706968,4A7312924C233A5F,docked_bike,2021-03-28 21:40:46,2021-03-28 21:51:27,Lafayette Ave & Fort Greene Pl,4395,Clinton St & Joralemon St,4605,40.686918,-73.976682,40.69239502,-73.99337909,member
706997,D45598BCC1F94B49,docked_bike,2021-03-21 23:14:23,2021-03-21 23:33:38,Reade St & Broadway,5247,Clinton St & Joralemon St,4605,40.714504,-74.005627,40.69239502,-73.99337909,casual
707010,7AF19753C1202094,docked_bike,2021-03-23 14:38:48,2021-03-23 14:41:54,Pierrepont St & Monroe Pl,4718,Clinton St & Joralemon St,4605,40.695356,-73.99344,40.69239502,-73.99337909,casual
707118,8FC4885AFEF63388,docked_bike,2021-03-30 14:02:24,2021-03-30 14:28:48,Jefferson Ave & Evergreen Ave,4517,Clinton St & Joralemon St,4605,40.68989,-73.91458,40.69239502,-73.99337909,casual
707171,0C0F8DA01A369E98,docked_bike,2021-03-25 14:43:00,2021-03-25 15:00:04,Prospect Pl & Underhill Ave,4116,Clinton St & Joralemon St,4605,40.676969,-73.96579,40.69239502,-73.99337909,casual
707253,6D7E257B7DE6CB96,docked_bike,2021-03-27 12:50:47,2021-03-27 12:51:12,Clinton St & Joralemon St,4605,Clinton St & Joralemon St,4605,40.692395,-73.993379,40.692395,-73.993379,member
707272,168900BDE6B4968D,docked_bike,2021-03-07 15:25:46,2021-03-07 15:43:42,Pioneer St & Van Brunt St,4169,Clinton St & Joralemon St,4605,40.679043,-74.011169,40.69239502,-73.99337909,member
707302,BAA904B3D0125C77,docked_bike,2021-03-21 13:22:35,2021-03-21 14:01:27,Clinton St & Joralemon St,4605,Clinton St & Joralemon St,4605,40.692395,-73.993379,40.69239502,-73.99337909,casual
707307,744D5A4252413E4C,docked_bike,2021-03-30 11:22:12,2021-03-30 11:31:09,Pioneer St & Van Brunt St,4169,Clinton St & Joralemon St,4605,40.679043,-74.011169,40.69239502,-73.99337909,member
707449,510FB711BF5F80B1,docked_bike,2021-03-08 08:19:10,2021-03-08 08:24:00,Bond St & Fulton St,4479,Clinton St & Joralemon St,4605,40.689621,-73.983042,40.69239502,-73.99337909,member
707495,975D5D3D1527258D,docked_bike,2021-03-01 13:50:18,2021-03-01 14:04:13,6 St & 7 Ave,3834,Clinton St & Joralemon St,4605,40.668662,-73.97988,40.69239502,-73.99337909,member
707507,396737FF53377F2E,docked_bike,2021-03-31 13:45:40,2021-03-31 14:18:00,Halsey St & Broadway,4366,Clinton St & Joralemon St,4605,40.68565,-73.91564,40.69239502,-73.99337909,casual
707518,4F68DC06A4979C56,docked_bike,2021-03-23 16:34:13,2021-03-23 16:47:21,Adelphi St & Myrtle Ave,4620,Clinton St & Joralemon St,4605,40.693082,-73.971789,40.69239502,-73.99337909,casual
707527,BD9E122C5AC54C74,docked_bike,2021-03-21 18:14:14,2021-03-21 18:34:33,N 6 St & Bedford Ave,5379,Clinton St & Joralemon St,4605,40.717452,-73.958509,40.692395,-73.993379,member
707587,9BF2FFDCD6A0E49B,docked_bike,2021-03-11 11:38:46,2021-03-11 11:54:50,Clinton St & Joralemon St,4605,Pioneer St & Van Brunt St,4169,40.692395,-73.993379,40.679043,-74.011169,member
707601,F7F735B82EC0489C,docked_bike,2021-03-13 22:33:34,2021-03-13 22:54:42,Clinton St & Joralemon St,4605,E 11 St & Avenue B,5659,40.692395,-73.993379,40.72746420692392,-73.97950418293476,member
707602,DD1F9ADDA6D6388B,docked_bike,2021-03-22 23:18:53,2021-03-22 23:27:18,Pioneer St & Van Brunt St,4169,Clinton St & Joralemon St,4605,40.679043,-74.011169,40.69239502,-73.99337909,member
707645,7762BFC90F0C2658,docked_bike,2021-03-08 12:39:54,2021-03-08 12:46:04,Degraw St & Smith St,4298,Clinton St & Joralemon St,4605,40.682915,-73.993182,40.69239502,-73.99337909,member
707649,728C6BDF73AD00B1,docked_bike,2021-03-08 12:13:14,2021-03-08 12:20:56,Degraw St & Smith St,4298,Clinton St & Joralemon St,4605,40.682915,-73.993182,40.69239502,-73.99337909,member
707662,8652B3EDAF815625,docked_bike,2021-03-30 17:29:50,2021-03-30 17:32:39,Henry St & Atlantic Ave,4531,Clinton St & Joralemon St,4605,40.690892,-73.996123,40.69239502,-73.99337909,member
707695,734A776E985CE7DA,docked_bike,2021-03-02 14:13:06,2021-03-02 14:15:42,Henry St & Atlantic Ave,4531,Clinton St & Joralemon St,4605,40.690892,-73.996123,40.69239502,-73.99337909,member
707712,90F92AB6745F9912,docked_bike,2021-03-08 11:41:22,2021-03-08 11:53:06,1 Pl & Clinton St,4193,Clinton St & Joralemon St,4605,40.680959,-73.999057,40.69239502,-73.99337909,member
707728,505F3FF3E69D1F1B,docked_bike,2021-03-22 08:29:44,2021-03-22 08:37:31,1 Pl & Clinton St,4193,Clinton St & Joralemon St,4605,40.680959,-73.999057,40.692395,-73.993379,member
707739,16394CAA723761E9,docked_bike,2021-03-22 17:58:52,2021-03-22 18:12:45,Reade St & Broadway,5247,Clinton St & Joralemon St,4605,40.714504,-74.005627,40.69239502,-73.99337909,member
707746,84D2DE01CA2DFDAE,docked_bike,2021-03-20 13:56:46,2021-03-20 14:26:21,36 St & 3 Ave,3460,Clinton St & Joralemon St,4605,40.655716,-74.006664,40.69239502,-73.99337909,member
707790,F88D3AB8E184E728,docked_bike,2021-03-20 15:38:20,2021-03-20 15:53:31,Willoughby Ave & Hall St,4611,Clinton St & Joralemon St,4605,40.69196,-73.965368,40.69239502,-73.99337909,casual
707796,60242A9CFDDF338C,docked_bike,2021-03-15 12:27:27,2021-03-15 12:46:43,6 Ave & 12 St,3803,Clinton St & Joralemon St,4605,40.666318,-73.985461,40.69239502,-73.99337909,member
707820,A00FD5D0408C170E,docked_bike,2021-03-27 09:30:15,2021-03-27 09:42:53,Bergen St & Vanderbilt Ave,4157,Clinton St & Joralemon St,4605,40.679439,-73.968044,40.692395,-73.993379,casual
707871,1E59A41888E53D7A,docked_bike,2021-03-11 08:04:01,2021-03-11 08:20:49,Willoughby Ave & Hall St,4611,Clinton St & Joralemon St,4605,40.69196,-73.965368,40.69239502,-73.99337909,casual
707875,3D55E2AC6DE43B21,docked_bike,2021-03-08 14:27:08,2021-03-08 14:29:39,Hicks St & Montague St,4645,Clinton St & Joralemon St,4605,40.695128,-73.995951,40.692395,-73.993379,member
707880,A61DBD406870325F,docked_bike,2021-03-12 09:29:10,2021-03-12 09:38:15,Centre St & Chambers St,5207,Clinton St & Joralemon St,4605,40.712732,-74.004607,40.69239502,-73.99337909,member
707905,4B89D6DBD189908F,docked_bike,2021-03-08 12:16:51,2021-03-08 12:19:55,Atlantic Ave & Furman St,4614,Clinton St & Joralemon St,4605,40.691651,-73.999978,40.69239502,-73.99337909,member
707910,DC6DBED181E5749F,docked_bike,2021-03-16 12:16:28,2021-03-16 12:45:02,Prospect Park SW & Greenwood Ave,3385,Clinton St & Joralemon St,4605,40.652563,-73.972573,40.69239502,-73.99337909,member
707911,E85F41F13F87FA1D,docked_bike,2021-03-23 12:43:51,2021-03-23 13:12:57,Prospect Park SW & Greenwood Ave,3385,Clinton St & Joralemon St,4605,40.652563,-73.972573,40.69239502,-73.99337909,member
707923,A0D0ED90552B6E88,docked_bike,2021-03-19 22:25:13,2021-03-19 22:40:36,Allen St & Stanton St,5484,Clinton St & Joralemon St,4605,40.722055,-73.989111,40.69239502,-73.99337909,member
707932,032897CB8B76DF5C,docked_bike,2021-03-03 19:01:59,2021-03-03 19:04:20,Hicks St & Montague St,4645,Clinton St & Joralemon St,4605,40.695128,-73.995951,40.692395,-73.993379,member
707933,4796EA8544E141A5,docked_bike,2021-03-28 12:33:19,2021-03-28 13:19:31,31 Ave & 34 St,6819,Clinton St & Joralemon St,4605,40.763154,-73.920827,40.69239502,-73.99337909,casual
707954,1E123B3BC96AA7A6,docked_bike,2021-03-08 17:53:00,2021-03-08 18:06:49,Leonard St & Church St,5359,Clinton St & Joralemon St,4605,40.717571,-74.005549,40.69239502,-73.99337909,member
707957,B57B83E4F31FCE9E,docked_bike,2021-03-08 16:10:46,2021-03-08 16:27:38,Willoughby Ave & Hall St,4611,Clinton St & Joralemon St,4605,40.69196,-73.965368,40.69239502,-73.99337909,member
707961,8A7C80A91FF3023D,docked_bike,2021-03-09 15:40:50,2021-03-09 16:01:07,Centre St & Chambers St,5207,Clinton St & Joralemon St,4605,40.712732,-74.004607,40.69239502,-73.99337909,member
707986,8ED5F6C880B44DAD,docked_bike,2021-03-17 17:57:26,2021-03-17 18:07:42,Clinton St & Joralemon St,4605,Pioneer St & Van Brunt St,4169,40.692395,-73.993379,40.679043,-74.011169,member
708006,366B81CF063AA266,docked_bike,2021-03-14 10:00:11,2021-03-14 10:30:24,Clinton St & Joralemon St,4605,Clinton St & Joralemon St,4605,40.692395,-73.993379,40.692395,-73.993379,casual
708012,152F66838F48060F,docked_bike,2021-03-30 16:57:48,2021-03-30 17:05:21,Clinton St & Joralemon St,4605,Clinton St & Joralemon St,4605,40.692395,-73.993379,40.69239502,-73.99337909,member
708022,807B8BA2D2D9892D,docked_bike,2021-03-04 08:49:20,2021-03-04 08:50:46,Clinton St & Joralemon St,4605,Clinton St & Joralemon St,4605,40.692395,-73.993379,40.69239502,-73.99337909,member
708037,19A8687E7AAC6C3B,docked_bike,2021-03-09 11:41:42,2021-03-09 12:16:55,Clinton St & Joralemon St,4605,Clinton St & Joralemon St,4605,40.692395,-73.993379,40.69239502,-73.99337909,member
708046,BFEF4E1E8010549E,docked_bike,2021-03-27 23:34:34,2021-03-28 00:02:11,Clinton St & Joralemon St,4605,Clinton St & Joralemon St,4605,40.692395,-73.993379,40.69239502,-73.99337909,casual
708086,3B3D259D8187B0C1,docked_bike,2021-03-05 14:08:36,2021-03-05 14:11:05,Court St & State St,4488,Clinton St & Joralemon St,4605,40.690238,-73.992031,40.692395,-73.993379,member
708087,137E779BAB1DEEEC,docked_bike,2021-03-01 21:11:35,2021-03-01 21:15:50,Court St & State St,4488,Clinton St & Joralemon St,4605,40.690237,-73.99203,40.69239502,-73.99337909,member
708088,C8281834969A02B2,docked_bike,2021-03-11 18:56:00,2021-03-11 18:58:30,Court St & State St,4488,Clinton St & Joralemon St,4605,40.690237,-73.99203,40.69239502,-73.99337909,member
708108,408DF8371D97D952,docked_bike,2021-03-17 17:41:48,2021-03-17 17:50:19,Dean St & 4 Ave,4322,Clinton St & Joralemon St,4605,40.683124,-73.978951,40.69239502,-73.99337909,member
708114,48DF38E8D2B98E7D,docked_bike,2021-03-12 11:06:25,2021-03-12 11:30:45,E 31 St & 3 Ave,6239,Clinton St & Joralemon St,4605,40.743943,-73.979661,40.692395,-73.993379,member
708145,B55DD9D12AAAAB4E,docked_bike,2021-03-13 14:31:21,2021-03-13 14:55:29,Union St & Bedford Ave,3879,Clinton St & Joralemon St,4605,40.669178,-73.955416,40.692395,-73.993379,member
708187,F03271B3B8D18AA3,docked_bike,2021-03-17 12:47:03,2021-03-17 13:00:48,Congress St & Clinton St,4455,Clinton St & Joralemon St,4605,40.688152,-73.995209,40.69239502,-73.99337909,member
708203,DB1A3046885D599D,docked_bike,2021-03-19 09:57:36,2021-03-19 10:01:08,Congress St & Clinton St,4455,Clinton St & Joralemon St,4605,40.688152,-73.995209,40.69239502,-73.99337909,member
708208,4A4824570A81B0D1,docked_bike,2021-03-09 06:53:08,2021-03-09 06:55:14,Congress St & Clinton St,4455,Clinton St & Joralemon St,4605,40.688152,-73.995209,40.69239502,-73.99337909,member
708240,856C0E69F0B4C07C,docked_bike,2021-03-05 10:16:37,2021-03-05 10:37:20,West Drive & Prospect Park West,3651,Clinton St & Joralemon St,4605,40.661063,-73.979452,40.69239502,-73.99337909,member
708258,1894E62C2324F586,docked_bike,2021-03-03 13:46:03,2021-03-03 14:00:56,Rivington St & Chrystie St,5453,Clinton St & Joralemon St,4605,40.7211,-73.991925,40.69239502,-73.99337909,member
708289,E1E7268354D19275,docked_bike,2021-03-31 06:55:45,2021-03-31 07:03:07,Dean St & 4 Ave,4322,Clinton St & Joralemon St,4605,40.683124,-73.978951,40.69239502,-73.99337909,member
708290,507E054C515D9AB5,docked_bike,2021-03-28 17:01:57,2021-03-28 17:09:10,Dean St & 4 Ave,4322,Clinton St & Joralemon St,4605,40.683124,-73.978951,40.69239502,-73.99337909,member
708291,E558CE844C6CB606,docked_bike,2021-03-13 09:59:26,2021-03-13 10:08:42,Dean St & 4 Ave,4322,Clinton St & Joralemon St,4605,40.683124,-73.978951,40.69239502,-73.99337909,member
708303,5DA074FBECBAAE1A,docked_bike,2021-03-01 07:33:35,2021-03-01 07:40:44,Dean St & 4 Ave,4322,Clinton St & Joralemon St,4605,40.683124,-73.978951,40.69239502,-73.99337909,member
708304,1C8FCCEC5D66EB7A,docked_bike,2021-03-18 07:02:48,2021-03-18 07:09:27,Dean St & 4 Ave,4322,Clinton St & Joralemon St,4605,40.683124,-73.978951,40.69239502,-73.99337909,member
708310,63264B1C8BC47882,docked_bike,2021-03-14 18:07:51,2021-03-14 18:21:40,Coffey St & Conover St,4137,Clinton St & Joralemon St,4605,40.677236,-74.015665,40.69239502,-73.99337909,casual
708331,7BB10504DAD70F33,docked_bike,2021-03-20 12:53:33,2021-03-20 12:53:23,3 Ave & Carroll St,4143,Clinton St & Joralemon St,4605,40.677027,-73.9865,40.69239502,-73.99337909,member
708365,3896B111FAEDF249,docked_bike,2021-03-14 15:11:20,2021-03-14 15:34:25,3 Ave & Carroll St,4143,Clinton St & Joralemon St,4605,40.677027,-73.9865,40.69239502,-73.99337909,member
708382,D5C96905BA40B3F8,docked_bike,2021-03-28 17:16:08,2021-03-28 17:33:51,Cleveland Pl & Spring St,5492,Clinton St & Joralemon St,4605,40.722103,-73.997249,40.69239502,-73.99337909,member
708384,2FB33900462207F0,docked_bike,2021-03-22 12:58:49,2021-03-22 13:01:09,Congress St & Clinton St,4455,Clinton St & Joralemon St,4605,40.688152,-73.995209,40.69239502,-73.99337909,member
708385,1304E367A4F7F5BA,docked_bike,2021-03-25 16:34:19,2021-03-25 16:57:25,Congress St & Clinton St,4455,Clinton St & Joralemon St,4605,40.688152,-73.995209,40.69239502,-73.99337909,casual
708394,1D9B165E3CA3EAC8,docked_bike,2021-03-12 07:04:52,2021-03-12 07:08:53,Congress St & Clinton St,4455,Clinton St & Joralemon St,4605,40.688152,-73.995209,40.69239502,-73.99337909,member
708426,0C41FACC7D9C364E,docked_bike,2021-03-02 11:48:34,2021-03-02 11:56:16,Clinton St & Union St,4266,Clinton St & Joralemon St,4605,40.683116,-73.997853,40.692395,-73.993379,member
708466,FEFA570A917BEE61,docked_bike,2021-03-12 10:19:47,2021-03-12 10:24:05,Hicks St & Montague St,4645,Clinton St & Joralemon St,4605,40.695128,-73.99595,40.69239502,-73.99337909,member
708478,3A71170872A788BE,docked_bike,2021-03-22 18:09:45,2021-03-22 18:12:38,Hicks St & Montague St,4645,Clinton St & Joralemon St,4605,40.695128,-73.99595,40.69239502,-73.99337909,member
708479,F6BA11DE3865028B,docked_bike,2021-03-13 17:47:06,2021-03-13 17:49:39,Hicks St & Montague St,4645,Clinton St & Joralemon St,4605,40.695128,-73.99595,40.69239502,-73.99337909,member
708505,8B271944C132A01A,docked_bike,2021-03-30 11:34:29,2021-03-30 11:48:15,Carroll St & 6 Ave,4019,Clinton St & Joralemon St,4605,40.674088,-73.978728,40.69239502,-73.99337909,member
708512,2D0476C2370DFB12,docked_bike,2021-03-23 12:38:30,2021-03-23 12:44:55,Congress St & Clinton St,4455,Clinton St & Joralemon St,4605,40.688152,-73.995209,40.69239502,-73.99337909,member
708516,4698C2B387B0EFFB,docked_bike,2021-03-31 12:43:50,2021-03-31 12:57:34,Atlantic Ave & Fort Greene Pl,4354,Clinton St & Joralemon St,4605,40.683826,-73.976323,40.69239502,-73.99337909,member
708539,11B9AED51D5E1F0B,docked_bike,2021-03-25 21:21:30,2021-03-25 21:52:57,Van Brunt St & Van Dyke St,4095,Clinton St & Joralemon St,4605,40.675832,-74.014726,40.69239502,-73.99337909,member
708569,587A20BE2E5A1964,docked_bike,2021-03-13 12:37:43,2021-03-13 12:39:05,Montague St & Clinton St,4677,Clinton St & Joralemon St,4605,40.694281,-73.9923,40.69239502,-73.99337909,member
708576,3F903218F587F2EF,docked_bike,2021-03-09 18:08:23,2021-03-09 18:11:26,Montague St & Clinton St,4677,Clinton St & Joralemon St,4605,40.694281,-73.9923,40.69239502,-73.99337909,member
708577,98B92387142C4389,docked_bike,2021-03-12 16:51:38,2021-03-12 17:12:07,Montague St & Clinton St,4677,Clinton St & Joralemon St,4605,40.694281,-73.9923,40.69239502,-73.99337909,member
708602,5CB87F5451604BA5,docked_bike,2021-03-02 09:27:46,2021-03-02 09:35:15,Clinton St & Union St,4266,Clinton St & Joralemon St,4605,40.683116,-73.997852,40.69239502,-73.99337909,member
708612,725F6D3456F00EF4,docked_bike,2021-03-24 23:53:05,2021-03-24 23:56:29,Clinton St & Union St,4266,Clinton St & Joralemon St,4605,40.683116,-73.997852,40.69239502,-73.99337909,member
708661,96EB5E3F5784C88A,docked_bike,2021-03-21 18:08:10,2021-03-21 18:36:40,Old Fulton St,4903,Clinton St & Joralemon St,4605,40.702772,-73.993836,40.692395,-73.993379,casual
708670,76F66966AD5B2BF8,docked_bike,2021-03-16 11:12:34,2021-03-16 11:20:08,Willoughby St & Fleet St,4628,Clinton St & Joralemon St,4605,40.691965,-73.981301,40.69239502,-73.99337909,member
708671,1D381E04E6008BEC,docked_bike,2021-03-17 11:07:56,2021-03-17 11:12:33,Willoughby St & Fleet St,4628,Clinton St & Joralemon St,4605,40.691965,-73.981301,40.69239502,-73.99337909,member
708672,9C3521BCF0B8C7C3,docked_bike,2021-03-10 11:14:48,2021-03-10 11:20:25,Willoughby St & Fleet St,4628,Clinton St & Joralemon St,4605,40.691965,-73.981301,40.69239502,-73.99337909,member
708673,3A069BA921C248DA,docked_bike,2021-03-15 11:26:20,2021-03-15 11:30:37,Willoughby St & Fleet St,4628,Clinton St & Joralemon St,4605,40.691965,-73.981301,40.69239502,-73.99337909,member
708676,7371D3217D149C6C,docked_bike,2021-03-03 15:13:39,2021-03-03 15:22:02,Old Fulton St,4903,Clinton St & Joralemon St,4605,40.702771,-73.993836,40.69239502,-73.99337909,member
708889,DF69A9E406C631C1,docked_bike,2021-03-23 18:14:09,2021-03-23 18:32:07,Centre St & Chambers St,5207,Clinton St & Joralemon St,4605,40.712732,-74.004607,40.69239502,-73.99337909,member
708890,F485125A877A9625,docked_bike,2021-03-01 20:33:29,2021-03-01 20:48:00,Centre St & Chambers St,5207,Clinton St & Joralemon St,4605,40.712732,-74.004607,40.69239502,-73.99337909,member
709237,419EA37FF59CEEC9,docked_bike,2021-03-19 17:27:00,2021-03-19 17:26:57,Congress St & Clinton St,4455,Clinton St & Joralemon St,4605,40.688152,-73.995209,40.69239502,-73.99337909,member
709238,28F6AAEDCA662884,docked_bike,2021-03-30 19:16:19,2021-03-30 19:19:32,Congress St & Clinton St,4455,Clinton St & Joralemon St,4605,40.688152,-73.995209,40.69239502,-73.99337909,member
714707,48A1965FE69699C1,docked_bike,2021-03-02 09:10:05,2021-03-02 09:28:27,Clinton St & Joralemon St,4605,W 4 St & 7 Ave S,5880,40.692395,-73.993379,40.73401143,-74.00293877,member
714732,3D3B6EC570073EA5,docked_bike,2021-03-11 09:00:51,2021-03-11 09:11:00,Clinton St & Joralemon St,4605,10 St & 5 Ave,3842,40.692395,-73.993379,40.6686273,-73.98700053,member
714830,B2DDCC052A42D0F5,docked_bike,2021-03-13 16:09:16,2021-03-13 16:33:22,Clinton St & Joralemon St,4605,Grand St & Samuel Dickstein Plaza,5335,40.692395,-73.993379,40.715119,-73.984171,member
715143,48EF47AB7AFEE4A5,docked_bike,2021-03-22 14:37:22,2021-03-22 14:59:20,Clinton St & Joralemon St,4605,10 St & 5 Ave,3842,40.692395,-73.993379,40.6686273,-73.98700053,casual
721694,832834DC1E0580D2,docked_bike,2021-03-03 06:55:52,2021-03-03 07:02:47,Clinton St & Joralemon St,4605,Dean St & 4 Ave,4322,40.692395,-73.993379,40.68312489,-73.97895137,member
726618,F32B637D83B5E5A5,docked_bike,2021-03-12 07:57:55,2021-03-12 08:24:05,Clinton St & Joralemon St,4605,W 21 St & 6 Ave,6140,40.692395,-73.993379,40.74173969,-73.99415556,member
726621,80CB77B97EF0EAA1,docked_bike,2021-03-31 08:07:58,2021-03-31 08:15:43,Clinton St & Joralemon St,4605,Dean St & 4 Ave,4322,40.692395,-73.993379,40.68312489,-73.97895137,member
726622,BCE5E69E63E3B8DB,docked_bike,2021-03-05 08:38:41,2021-03-05 08:47:38,Clinton St & Joralemon St,4605,Dean St & 4 Ave,4322,40.692395,-73.993379,40.68312489,-73.97895137,member
726623,6B745BFBC467E152,docked_bike,2021-03-28 18:38:24,2021-03-28 18:45:55,Clinton St & Joralemon St,4605,Dean St & 4 Ave,4322,40.692395,-73.993379,40.68312489,-73.97895137,member
726624,E56626FB20DB5E5A,docked_bike,2021-03-01 09:02:00,2021-03-01 09:10:19,Clinton St & Joralemon St,4605,Dean St & 4 Ave,4322,40.692395,-73.993379,40.68312489,-73.97895137,member
726631,65C6D9A234AE9044,docked_bike,2021-03-20 19:31:12,2021-03-20 19:51:30,Clinton St & Joralemon St,4605,Dean St & 4 Ave,4322,40.692395,-73.993379,40.68312489,-73.97895137,casual
727454,F1D40863113FA4CF,docked_bike,2021-03-31 12:03:12,2021-03-31 12:11:06,Clinton St & Joralemon St,4605,Dean St & 4 Ave,4322,40.692395,-73.993379,40.68312489,-73.97895137,member
727472,F7CAD907DDAAB8DC,docked_bike,2021-03-27 09:43:56,2021-03-27 10:10:55,Clinton St & Joralemon St,4605,Dean St & 4 Ave,4322,40.692395,-73.993379,40.68312489,-73.97895137,casual
730744,489CCCD21E1A07DA,docked_bike,2021-03-16 15:28:32,2021-03-16 15:53:23,Clinton St & Joralemon St,4605,W 34 St & 11 Ave,6578,40.692395,-73.993379,40.75594159,-74.0021163,member
730774,EFCF8AC27278B2F2,docked_bike,2021-03-25 16:21:06,2021-03-25 16:29:40,Clinton St & Joralemon St,4605,Dean St & 4 Ave,4322,40.692395,-73.993379,40.68312489,-73.97895137,member
730775,3C3E9423C9C64097,docked_bike,2021-03-17 08:26:42,2021-03-17 08:33:59,Clinton St & Joralemon St,4605,Dean St & 4 Ave,4322,40.692395,-73.993379,40.68312489,-73.97895137,member
730787,066E8E55A9E77CF6,docked_bike,2021-03-09 19:05:45,2021-03-09 19:15:55,Clinton St & Joralemon St,4605,Union St & Nevins St,4143,40.692395,-73.993379,40.679098,-73.987655,member
730836,CB0BF43C9FEFE60F,docked_bike,2021-03-03 16:11:21,2021-03-03 16:40:46,Clinton St & Joralemon St,4605,W 34 St & 11 Ave,6578,40.692395,-73.993379,40.75594159,-74.0021163,member
730842,DBF9EA7A1E3883E1,docked_bike,2021-03-26 20:07:39,2021-03-26 20:19:40,Clinton St & Joralemon St,4605,Dean St & 4 Ave,4322,40.692395,-73.993379,40.68312489,-73.97895137,member
730854,2A01623264C058D7,docked_bike,2021-03-22 09:15:27,2021-03-22 09:24:14,Clinton St & Joralemon St,4605,Dean St & 4 Ave,4322,40.692395,-73.993379,40.68312489,-73.97895137,member
730887,346630AB5F7E362C,docked_bike,2021-03-04 15:40:17,2021-03-04 16:13:01,Clinton St & Joralemon St,4605,W 34 St & 11 Ave,6578,40.692395,-73.993379,40.75594159,-74.0021163,member
731359,16BCB16B549CB7A9,docked_bike,2021-03-26 09:21:34,2021-03-26 09:45:02,Clinton St & Joralemon St,4605,Henry St & Bay St,3972,40.692395,-73.993379,40.6725058,-74.00494695,member
731363,3D386A92FAFB797F,docked_bike,2021-03-13 08:50:48,2021-03-13 08:57:43,Clinton St & Joralemon St,4605,Dean St & 4 Ave,4322,40.692395,-73.993379,40.68312489,-73.97895137,member
731374,8F07FBB932A1F044,docked_bike,2021-03-30 15:58:58,2021-03-30 16:10:32,Clinton St & Joralemon St,4605,Union St & Nevins St,4143,40.692395,-73.993379,40.67909799721684,-73.98765474557877,member
731376,45113B19931865AD,docked_bike,2021-03-26 20:45:10,2021-03-26 21:26:59,Clinton St & Joralemon St,4605,Coffey St & Conover St,4137,40.692395,-73.993379,40.677236,-74.015665,member
731378,FBE83F3D340391B3,docked_bike,2021-03-21 14:01:46,2021-03-21 14:45:35,Clinton St & Joralemon St,4605,W 21 St & 6 Ave,6140,40.692395,-73.993379,40.74174,-73.994156,member
736917,35220E65E2693063,docked_bike,2021-03-31 06:47:09,2021-03-31 06:52:50,Clinton St & Joralemon St,4605,Dean St & 4 Ave,4322,40.692395,-73.993379,40.68312489,-73.97895137,member
736984,50D3D2528FFEDE77,docked_bike,2021-03-15 12:03:58,2021-03-15 12:11:26,Clinton St & Joralemon St,4605,Dean St & 4 Ave,4322,40.692395,-73.993379,40.68312489,-73.97895137,member
736987,048027AD9F6EE5AC,docked_bike,2021-03-10 11:58:48,2021-03-10 12:07:30,Clinton St & Joralemon St,4605,Dean St & 4 Ave,4322,40.692395,-73.993379,40.68312489,-73.97895137,member
737000,EADD847516B429B2,docked_bike,2021-03-30 16:50:51,2021-03-30 17:03:44,Clinton St & Joralemon St,4605,Coffey St & Conover St,4137,40.692395,-73.993379,40.677236,-74.015665,member
737012,8C470A9EE2C152BD,docked_bike,2021-03-13 11:22:38,2021-03-13 11:56:42,Clinton St & Joralemon St,4605,W 21 St & 6 Ave,6140,40.692395,-73.993379,40.74174,-73.994156,casual
737014,1B52BC375B4ECF02,docked_bike,2021-03-13 16:40:20,2021-03-13 16:56:24,Clinton St & Joralemon St,4605,Coffey St & Conover St,4137,40.692395,-73.993379,40.677236,-74.015665,casual
737029,2407D8266A530433,docked_bike,2021-03-29 08:54:55,2021-03-29 09:02:15,Clinton St & Joralemon St,4605,Dean St & 4 Ave,4322,40.692395,-73.993379,40.68312489,-73.97895137,member
737033,D6AF503CD9EF3596,docked_bike,2021-03-16 13:58:26,2021-03-16 14:07:04,Clinton St & Joralemon St,4605,Dean St & 4 Ave,4322,40.692395,-73.993379,40.68312489,-73.97895137,member
737334,666EA712BEFB4A8D,docked_bike,2021-03-12 11:49:07,2021-03-12 11:57:00,Clinton St & Joralemon St,4605,Dean St & 4 Ave,4322,40.692395,-73.993379,40.68312489,-73.97895137,member
737338,E9E0A986C1EF8014,docked_bike,2021-03-23 17:03:36,2021-03-23 17:17:29,Clinton St & Joralemon St,4605,Coffey St & Conover St,4137,40.692395,-73.993379,40.677236,-74.015665,member
737342,30CC16AD3D291DF1,docked_bike,2021-03-15 14:47:45,2021-03-15 15:16:01,Clinton St & Joralemon St,4605,W 34 St & 11 Ave,6578,40.692395,-73.993379,40.75594159,-74.0021163,member
740036,6EF5790074EEA04F,docked_bike,2021-03-12 15:23:00,2021-03-12 15:56:31,Clinton St & Joralemon St,4605,E 27 St & 1 Ave,6004,40.692395,-73.993379,40.739445,-73.976806,member
740040,5E5BE6662F5D5CFB,docked_bike,2021-03-11 18:58:58,2021-03-11 19:42:05,Clinton St & Joralemon St,4605,Court St & State St,4488,40.692395,-73.993379,40.6902375,-73.99203074,member
740054,A8600F658B30F750,docked_bike,2021-03-01 17:29:59,2021-03-01 17:32:10,Clinton St & Joralemon St,4605,Court St & State St,4488,40.692395,-73.993379,40.6902375,-73.99203074,member
740057,9D14AE456B843E4E,docked_bike,2021-03-20 13:36:08,2021-03-20 13:38:29,Clinton St & Joralemon St,4605,Court St & State St,4488,40.692395,-73.993379,40.6902375,-73.99203074,member
740058,5238BFE53ADDF40C,docked_bike,2021-03-11 18:01:58,2021-03-11 18:10:41,Clinton St & Joralemon St,4605,Myrtle Ave & St Edwards St,4659,40.692395,-73.993379,40.69327018,-73.97703874,casual
740059,7AC71724EA218402,docked_bike,2021-03-08 16:39:44,2021-03-08 16:41:53,Clinton St & Joralemon St,4605,Court St & State St,4488,40.692395,-73.993379,40.6902375,-73.99203074,member
746002,FC7E942128B0A237,docked_bike,2021-03-22 08:02:00,2021-03-22 08:33:47,Clinton St & Joralemon St,4605,E 27 St & 1 Ave,6004,40.692395,-73.993379,40.739445,-73.976806,member
746003,DA0E557C5763F830,docked_bike,2021-03-29 08:15:32,2021-03-29 08:35:07,Clinton St & Joralemon St,4605,E 27 St & 1 Ave,6004,40.692395,-73.993379,40.739445,-73.976806,member
746004,A106DCC78D3DEA86,docked_bike,2021-03-10 15:36:19,2021-03-10 15:37:52,Clinton St & Joralemon St,4605,Court St & State St,4488,40.692395,-73.993379,40.6902375,-73.99203074,member
746018,7A9843E71ACBE9AE,docked_bike,2021-03-28 16:26:35,2021-03-28 16:28:32,Clinton St & Joralemon St,4605,Court St & State St,4488,40.692395,-73.993379,40.6902375,-73.99203074,member
746043,D5DC4DB8C527200C,docked_bike,2021-03-21 10:45:33,2021-03-21 10:55:32,Clinton St & Joralemon St,4605,Myrtle Ave & St Edwards St,4659,40.692395,-73.993379,40.69327018,-73.97703874,member
746049,D7E0FBAD3CBAEEB9,docked_bike,2021-03-11 12:45:43,2021-03-11 12:48:47,Clinton St & Joralemon St,4605,Court St & State St,4488,40.692395,-73.993379,40.6902375,-73.99203074,member
746052,ADEF8AFBD090C132,docked_bike,2021-03-24 09:08:13,2021-03-24 09:16:39,Clinton St & Joralemon St,4605,Myrtle Ave & St Edwards St,4659,40.692395,-73.993379,40.69327018,-73.97703874,casual
746083,C782520D2522A6DC,docked_bike,2021-03-20 10:43:25,2021-03-20 10:45:05,Clinton St & Joralemon St,4605,Court St & State St,4488,40.692395,-73.993379,40.6902375,-73.99203074,member
746089,2BD193156313FB2A,docked_bike,2021-03-26 12:01:55,2021-03-26 12:10:23,Clinton St & Joralemon St,4605,Myrtle Ave & St Edwards St,4659,40.692395,-73.993379,40.69327018,-73.97703874,casual
746108,DEF12C1B24450AAE,docked_bike,2021-03-30 08:28:29,2021-03-30 08:30:17,Clinton St & Joralemon St,4605,Court St & State St,4488,40.692395,-73.993379,40.6902375,-73.99203074,member
746474,8A18A4B3060B8416,docked_bike,2021-03-09 08:14:56,2021-03-09 08:24:18,Clinton St & Joralemon St,4605,Myrtle Ave & St Edwards St,4659,40.692395,-73.993379,40.69327,-73.977039,member
746713,8A16449E7130FB99,docked_bike,2021-03-30 10:22:00,2021-03-30 10:23:45,Clinton St & Joralemon St,4605,Court St & State St,4488,40.692395,-73.993379,40.6902375,-73.99203074,member
746718,EAC91B889037E6A3,docked_bike,2021-03-30 08:20:28,2021-03-30 08:41:02,Clinton St & Joralemon St,4605,E 27 St & 1 Ave,6004,40.692395,-73.993379,40.739445,-73.976806,member
746722,852A6C113D61F689,docked_bike,2021-03-14 16:49:45,2021-03-14 16:52:42,Clinton St & Joralemon St,4605,Court St & State St,4488,40.692395,-73.993379,40.6902375,-73.99203074,member
749118,6FB10FEE007A969D,docked_bike,2021-03-09 16:25:03,2021-03-09 16:27:39,Clinton St & Joralemon St,4605,Court St & State St,4488,40.692395,-73.993379,40.6902375,-73.99203074,member
749120,65BB047A2B1E3AE3,docked_bike,2021-03-31 13:22:47,2021-03-31 13:24:15,Clinton St & Joralemon St,4605,Court St & State St,4488,40.692395,-73.993379,40.6902375,-73.99203074,member
749121,D3189A604F0B9F72,docked_bike,2021-03-27 08:20:05,2021-03-27 08:22:07,Clinton St & Joralemon St,4605,Court St & State St,4488,40.692395,-73.993379,40.6902375,-73.99203074,member
749133,126EEDC55CFC11E5,docked_bike,2021-03-25 19:26:58,2021-03-25 19:34:18,Clinton St & Joralemon St,4605,Willoughby St & Ashland Pl,4587,40.692395,-73.993379,40.69178,-73.97877,member
749155,3C62E55400C47AD8,docked_bike,2021-03-31 08:29:39,2021-03-31 08:56:13,Clinton St & Joralemon St,4605,E 27 St & 1 Ave,6004,40.692395,-73.993379,40.739445,-73.976806,member
749677,E03CF46E200DB1B4,docked_bike,2021-03-26 07:57:25,2021-03-26 08:24:53,Clinton St & Joralemon St,4605,E 27 St & 1 Ave,6004,40.692395,-73.993379,40.739445,-73.976806,member
749681,5147FAD1EC8E61C0,docked_bike,2021-03-01 17:53:21,2021-03-01 17:54:49,Clinton St & Joralemon St,4605,Court St & State St,4488,40.692395,-73.993379,40.6902375,-73.99203074,member
749684,3B951F882BBB1666,docked_bike,2021-03-26 13:06:21,2021-03-26 13:12:10,Clinton St & Joralemon St,4605,Court St & State St,4488,40.692395,-73.993379,40.6902375,-73.99203074,member
749692,3BB040521EF18BA1,docked_bike,2021-03-16 14:09:37,2021-03-16 14:11:23,Clinton St & Joralemon St,4605,Court St & State St,4488,40.692395,-73.993379,40.6902375,-73.99203074,member
749696,9ABC09BACF95060A,docked_bike,2021-03-20 21:09:46,2021-03-20 21:12:40,Clinton St & Joralemon St,4605,Court St & State St,4488,40.692395,-73.993379,40.690238,-73.992031,member
749759,1BE97FD81F03DE17,docked_bike,2021-03-17 19:01:15,2021-03-17 19:03:11,Clinton St & Joralemon St,4605,Court St & State St,4488,40.692395,-73.993379,40.6902375,-73.99203074,member
749760,1D6C70AC30F1BC04,docked_bike,2021-03-02 08:17:43,2021-03-02 08:19:35,Clinton St & Joralemon St,4605,Court St & State St,4488,40.692395,-73.993379,40.6902375,-73.99203074,member
750617,126CC3F06B46A2DF,docked_bike,2021-03-12 12:23:42,2021-03-12 12:45:31,Clinton St & Joralemon St,4605,E 27 St & 1 Ave,6004,40.692395,-73.993379,40.739445,-73.976806,member
756265,8E0FABFD927AFB05,docked_bike,2021-03-25 19:31:37,2021-03-25 19:48:43,Clinton St & Joralemon St,4605,West St & Chambers St,5329,40.692395,-73.993379,40.71754834,-74.01322069,casual
756311,E438DA9383259232,docked_bike,2021-03-27 13:21:44,2021-03-27 13:38:49,Clinton St & Joralemon St,4605,Cleveland Pl & Spring St,5492,40.692395,-73.993379,40.722103786686034,-73.99724900722504,member
756324,AD3C5F963F15A4F8,docked_bike,2021-03-12 16:48:18,2021-03-12 16:51:40,Clinton St & Joralemon St,4605,Congress St & Clinton St,4455,40.692395,-73.993379,40.6881529,-73.99520919,member
756338,3DAC018C048D29E9,docked_bike,2021-03-25 18:55:19,2021-03-25 19:10:36,Clinton St & Joralemon St,4605,Henry St & Middagh St,4861,40.692395,-73.993379,40.7003,-73.991581,member
756382,25E6FFA0F72DC2A1,docked_bike,2021-03-13 12:39:28,2021-03-13 12:41:39,Clinton St & Joralemon St,4605,Congress St & Clinton St,4455,40.692395,-73.993379,40.6881529,-73.99520919,member
756432,0B07D9FDC3D1AB50,docked_bike,2021-03-02 15:28:30,2021-03-02 15:32:51,Clinton St & Joralemon St,4605,Congress St & Clinton St,4455,40.692395,-73.993379,40.6881529,-73.99520919,member
756468,A81973A9C13D6F89,docked_bike,2021-03-17 11:24:04,2021-03-17 11:31:10,Clinton St & Joralemon St,4605,Henry St & Middagh St,4861,40.692395,-73.993379,40.7003,-73.991581,member
756561,141038334BDC86CA,docked_bike,2021-03-16 17:51:26,2021-03-16 17:53:55,Clinton St & Joralemon St,4605,Congress St & Clinton St,4455,40.692395,-73.993379,40.688153,-73.995209,member
756563,34C827D26CBB3F87,docked_bike,2021-03-22 11:35:12,2021-03-22 12:51:01,Clinton St & Joralemon St,4605,Henry St & Middagh St,4861,40.692395,-73.993379,40.7003,-73.991581,casual
756597,EE46B3FCAF77566A,docked_bike,2021-03-01 15:49:11,2021-03-01 15:56:01,Clinton St & Joralemon St,4605,Congress St & Clinton St,4455,40.692395,-73.993379,40.6881529,-73.99520919,member
756598,B9919072967F035B,docked_bike,2021-03-10 13:00:50,2021-03-10 13:39:50,Clinton St & Joralemon St,4605,Henry St & Middagh St,4861,40.692395,-73.993379,40.7003,-73.991581,member
756602,94FFBB6E97F4FD5B,docked_bike,2021-03-09 18:53:12,2021-03-09 19:17:36,Clinton St & Joralemon St,4605,Congress St & Clinton St,4455,40.692395,-73.993379,40.688153,-73.995209,casual
756603,A8FCD25DD2ADCC36,docked_bike,2021-03-13 16:31:41,2021-03-13 16:35:18,Clinton St & Joralemon St,4605,Congress St & Clinton St,4455,40.692395,-73.993379,40.6881529,-73.99520919,member
756604,643FFC71B2EFAFA7,docked_bike,2021-03-11 14:05:28,2021-03-11 14:09:20,Clinton St & Joralemon St,4605,Congress St & Clinton St,4455,40.692395,-73.993379,40.6881529,-73.99520919,member
756614,59AD6D9F9BEF2D62,docked_bike,2021-03-23 17:13:46,2021-03-23 17:33:07,Clinton St & Joralemon St,4605,Carroll St & 6 Ave,4019,40.692395,-73.993379,40.674089,-73.978728,member
756615,54E7D2433873B3DC,docked_bike,2021-03-31 14:01:29,2021-03-31 14:20:57,Clinton St & Joralemon St,4605,Carroll St & 6 Ave,4019,40.692395,-73.993379,40.6740886,-73.9787282,member
756621,7BB6E1BBE7C35E83,docked_bike,2021-03-09 08:40:23,2021-03-09 08:44:10,Clinton St & Joralemon St,4605,Congress St & Clinton St,4455,40.692395,-73.993379,40.6881529,-73.99520919,member
757889,5C572AE0B6C4F3E2,docked_bike,2021-03-31 17:43:35,2021-03-31 17:45:52,Clinton St & Joralemon St,4605,Congress St & Clinton St,4455,40.692395,-73.993379,40.688153,-73.995209,member
757894,B08E12503245B712,docked_bike,2021-03-02 11:43:00,2021-03-02 11:56:23,Clinton St & Joralemon St,4605,Cleveland Pl & Spring St,5492,40.692395,-73.993379,40.722103786686034,-73.99724900722504,member
782230,328A1705F5424764,docked_bike,2021-03-03 20:59:45,2021-03-03 21:03:50,Clinton St & Joralemon St,4605,Clark St & Henry St,4789,40.692395,-73.993379,40.69760127,-73.99344559,member
782261,1263AE7BDA2210A8,docked_bike,2021-03-04 12:49:12,2021-03-04 12:59:41,Clinton St & Joralemon St,4605,Pacific St & Nevins St,4362,40.692395,-73.993379,40.685376,-73.983021,member
782264,41723AAC5C2A5E19,docked_bike,2021-03-09 11:01:59,2021-03-09 11:05:43,Clinton St & Joralemon St,4605,Clark St & Henry St,4789,40.692395,-73.993379,40.69760127,-73.99344559,casual
782269,2D39D4644CAFF4FF,docked_bike,2021-03-21 14:37:36,2021-03-21 14:42:05,Clinton St & Joralemon St,4605,Clark St & Henry St,4789,40.692395,-73.993379,40.69760127,-73.99344559,member
782270,DDB1D6856FFFCBAB,docked_bike,2021-03-06 12:16:43,2021-03-06 12:22:52,Clinton St & Joralemon St,4605,Clark St & Henry St,4789,40.692395,-73.993379,40.69760127,-73.99344559,member
782274,ACF59A339253027C,docked_bike,2021-03-12 12:22:24,2021-03-12 12:26:58,Clinton St & Joralemon St,4605,Clark St & Henry St,4789,40.692395,-73.993379,40.69760127,-73.99344559,member
782275,2FD9E88436E13AAD,docked_bike,2021-03-21 20:51:24,2021-03-21 20:55:35,Clinton St & Joralemon St,4605,Clark St & Henry St,4789,40.692395,-73.993379,40.69760127,-73.99344559,member
782287,FC9FA2E3EE0A57FB,docked_bike,2021-03-01 15:41:33,2021-03-01 15:46:36,Clinton St & Joralemon St,4605,Clark St & Henry St,4789,40.692395,-73.993379,40.69760127,-73.99344559,member
782288,DC9BCBCCA0C4E08C,docked_bike,2021-03-04 19:55:21,2021-03-04 19:58:20,Clinton St & Joralemon St,4605,Clark St & Henry St,4789,40.692395,-73.993379,40.69760127,-73.99344559,member
782315,E83AFE4A8EF258A7,docked_bike,2021-03-08 00:17:39,2021-03-08 00:24:29,Clinton St & Joralemon St,4605,Clark St & Henry St,4789,40.692395,-73.993379,40.69760127,-73.99344559,member
782318,5FEE78977A04633F,docked_bike,2021-03-04 18:54:59,2021-03-04 18:59:40,Clinton St & Joralemon St,4605,Clark St & Henry St,4789,40.692395,-73.993379,40.69760127,-73.99344559,member
782322,6732622086E0E6FD,docked_bike,2021-03-12 16:54:38,2021-03-12 16:59:35,Clinton St & Joralemon St,4605,Clark St & Henry St,4789,40.692395,-73.993379,40.69760127,-73.99344559,member
782324,9F792122FF2B3643,docked_bike,2021-03-07 22:25:21,2021-03-07 22:28:38,Clinton St & Joralemon St,4605,Clark St & Henry St,4789,40.692395,-73.993379,40.69760127,-73.99344559,member
782325,13D4CC00BAD97270,docked_bike,2021-03-20 17:28:49,2021-03-20 17:32:03,Clinton St & Joralemon St,4605,Clark St & Henry St,4789,40.692395,-73.993379,40.69760127,-73.99344559,member
782328,3432A4DCADD47916,docked_bike,2021-03-22 13:38:23,2021-03-22 13:41:47,Clinton St & Joralemon St,4605,Clark St & Henry St,4789,40.692395,-73.993379,40.69760127,-73.99344559,member
782335,4B431DF288BD2053,docked_bike,2021-03-29 19:20:31,2021-03-29 19:23:26,Clinton St & Joralemon St,4605,Clark St & Henry St,4789,40.692395,-73.993379,40.69760127,-73.99344559,casual
782337,5426BCA05367C64B,docked_bike,2021-03-30 18:20:02,2021-03-30 18:41:59,Clinton St & Joralemon St,4605,E 3 St & 1 Ave,5553,40.692395,-73.993379,40.72467721,-73.98783413,member
782338,09843B579718B7B0,docked_bike,2021-03-07 22:19:35,2021-03-07 22:22:22,Clinton St & Joralemon St,4605,Clark St & Henry St,4789,40.692395,-73.993379,40.69760127,-73.99344559,member
782342,C4F9A238E863405F,docked_bike,2021-03-17 14:40:17,2021-03-17 14:39:13,Clinton St & Joralemon St,4605,Pacific St & Nevins St,4362,40.692395,-73.993379,40.6853761,-73.98302136,member
782345,A7436088222A198B,docked_bike,2021-03-22 16:22:20,2021-03-22 16:30:26,Clinton St & Joralemon St,4605,Pacific St & Nevins St,4362,40.692395,-73.993379,40.6853761,-73.98302136,member
782350,38EDEA65DC59038B,docked_bike,2021-03-09 10:05:21,2021-03-09 10:08:06,Clinton St & Joralemon St,4605,Clark St & Henry St,4789,40.692395,-73.993379,40.69760127,-73.99344559,member
782352,55DF2BEC2B941BD5,docked_bike,2021-03-31 16:01:51,2021-03-31 16:05:23,Clinton St & Joralemon St,4605,Clark St & Henry St,4789,40.692395,-73.993379,40.697601,-73.993446,member
782355,9A254E2A68A9496F,docked_bike,2021-03-14 17:57:10,2021-03-14 18:01:46,Clinton St & Joralemon St,4605,Clark St & Henry St,4789,40.692395,-73.993379,40.69760127,-73.99344559,casual
782358,9D6BBD73E57F05D2,docked_bike,2021-03-03 19:32:13,2021-03-03 19:35:16,Clinton St & Joralemon St,4605,Clark St & Henry St,4789,40.692395,-73.993379,40.69760127,-73.99344559,member
782441,7F3CA23DF47D1810,docked_bike,2021-03-02 17:02:24,2021-03-02 17:07:33,Clinton St & Joralemon St,4605,Clark St & Henry St,4789,40.692395,-73.993379,40.69760127,-73.99344559,member
782446,574BF5D4E4C8AA53,docked_bike,2021-03-19 22:47:18,2021-03-19 22:50:49,Clinton St & Joralemon St,4605,Clark St & Henry St,4789,40.692395,-73.993379,40.69760127,-73.99344559,member
782450,F875E8CF3959814D,docked_bike,2021-03-07 16:20:46,2021-03-07 16:24:25,Clinton St & Joralemon St,4605,Clark St & Henry St,4789,40.692395,-73.993379,40.69760127,-73.99344559,member
782451,43526182A4058386,docked_bike,2021-03-11 13:46:12,2021-03-11 13:50:04,Clinton St & Joralemon St,4605,Clark St & Henry St,4789,40.692395,-73.993379,40.69760127,-73.99344559,member
782454,5383BAADA247746D,docked_bike,2021-03-07 22:14:06,2021-03-07 22:16:37,Clinton St & Joralemon St,4605,Clark St & Henry St,4789,40.692395,-73.993379,40.69760127,-73.99344559,member
782455,3588F25F3D934CB4,docked_bike,2021-03-02 21:13:51,2021-03-02 21:19:24,Clinton St & Joralemon St,4605,Clark St & Henry St,4789,40.692395,-73.993379,40.69760127,-73.99344559,member
782456,2E98D478DBAE4932,docked_bike,2021-03-02 21:06:24,2021-03-02 21:09:25,Clinton St & Joralemon St,4605,Clark St & Henry St,4789,40.692395,-73.993379,40.69760127,-73.99344559,member
782516,081DE088860566B0,docked_bike,2021-03-26 14:07:23,2021-03-26 14:11:40,Clinton St & Joralemon St,4605,Clark St & Henry St,4789,40.692395,-73.993379,40.69760127,-73.99344559,member
782517,7E84CDC059124D4C,docked_bike,2021-03-04 19:06:11,2021-03-04 19:09:28,Clinton St & Joralemon St,4605,Clark St & Henry St,4789,40.692395,-73.993379,40.69760127,-73.99344559,member
782520,9CAABD4EC08F5A66,docked_bike,2021-03-05 17:04:51,2021-03-05 17:10:54,Clinton St & Joralemon St,4605,Clark St & Henry St,4789,40.692395,-73.993379,40.69760127,-73.99344559,member
782522,4CF79D3F061AF36F,docked_bike,2021-03-11 15:38:48,2021-03-11 15:41:49,Clinton St & Joralemon St,4605,Clark St & Henry St,4789,40.692395,-73.993379,40.69760127,-73.99344559,member
782537,75AE55397B8030C8,docked_bike,2021-03-23 16:51:44,2021-03-23 16:56:31,Clinton St & Joralemon St,4605,Clark St & Henry St,4789,40.692395,-73.993379,40.69760127,-73.99344559,member
782546,9B1EF5CF7A33E1E2,docked_bike,2021-03-14 18:09:20,2021-03-14 18:11:52,Clinton St & Joralemon St,4605,Clark St & Henry St,4789,40.692395,-73.993379,40.69760127,-73.99344559,member
782547,719D3A522D9CCFB2,docked_bike,2021-03-02 20:57:36,2021-03-02 21:01:07,Clinton St & Joralemon St,4605,Clark St & Henry St,4789,40.692395,-73.993379,40.69760127,-73.99344559,member
782663,5383B8F16E94AC6C,docked_bike,2021-03-12 15:40:52,2021-03-12 15:44:29,Clinton St & Joralemon St,4605,Clark St & Henry St,4789,40.692395,-73.993379,40.69760127,-73.99344559,member
782666,179218C15A0E2CB9,docked_bike,2021-03-13 13:04:24,2021-03-13 13:14:20,Clinton St & Joralemon St,4605,Pacific St & Nevins St,4362,40.692395,-73.993379,40.6853761,-73.98302136,casual
782668,B0CBD088697D14DD,docked_bike,2021-03-09 15:07:52,2021-03-09 15:13:20,Clinton St & Joralemon St,4605,Clark St & Henry St,4789,40.692395,-73.993379,40.697601,-73.993446,member
782671,6548EA3ABF5876B7,docked_bike,2021-03-18 12:34:58,2021-03-18 12:39:19,Clinton St & Joralemon St,4605,Clark St & Henry St,4789,40.692395,-73.993379,40.69760127,-73.99344559,member
782674,347169AD38E27FD1,docked_bike,2021-03-22 16:47:08,2021-03-22 16:52:35,Clinton St & Joralemon St,4605,Clark St & Henry St,4789,40.692395,-73.993379,40.69760127,-73.99344559,member
782678,BFC50B184365FA39,docked_bike,2021-03-19 20:28:53,2021-03-19 20:33:55,Clinton St & Joralemon St,4605,Clark St & Henry St,4789,40.692395,-73.993379,40.69760127,-73.99344559,member
782679,71860CD725668C0A,docked_bike,2021-03-21 14:49:40,2021-03-21 14:52:43,Clinton St & Joralemon St,4605,Clark St & Henry St,4789,40.692395,-73.993379,40.69760127,-73.99344559,member
782738,1E0897238663978A,docked_bike,2021-03-17 09:40:25,2021-03-17 09:45:56,Clinton St & Joralemon St,4605,Clark St & Henry St,4789,40.692395,-73.993379,40.69760127,-73.99344559,member
782742,AEC17C0C1EC6BA40,docked_bike,2021-03-19 13:14:15,2021-03-19 13:39:07,Clinton St & Joralemon St,4605,Clark St & Henry St,4789,40.692395,-73.993379,40.69760127,-73.99344559,casual
785453,8F1A54E1108096EA,docked_bike,2021-03-30 18:50:31,2021-03-30 18:55:06,Clinton St & Joralemon St,4605,Clark St & Henry St,4789,40.692395,-73.993379,40.69760127,-73.99344559,member
785458,1FAE9B3BF016D98A,docked_bike,2021-03-26 17:23:20,2021-03-26 17:34:23,Clinton St & Joralemon St,4605,Clark St & Henry St,4789,40.692395,-73.993379,40.69760127,-73.99344559,member
785722,A584D81378E9697C,docked_bike,2021-03-08 17:03:49,2021-03-08 17:10:31,Clinton St & Joralemon St,4605,Clark St & Henry St,4789,40.692395,-73.993379,40.69760127,-73.99344559,member
785731,DFB6F5C29B938F23,docked_bike,2021-03-20 16:23:11,2021-03-20 16:25:56,Clinton St & Joralemon St,4605,Clark St & Henry St,4789,40.692395,-73.993379,40.69760127,-73.99344559,member
787578,11D27E1C84482200,docked_bike,2021-03-30 18:38:44,2021-03-30 18:58:20,Clinton St & Joralemon St,4605,W 20 St & 7 Ave,6182,40.692395,-73.993379,40.74238787,-73.99726235,member
809080,0E7ECD6C7277F792,docked_bike,2021-03-25 08:26:36,2021-03-25 08:33:38,Clinton St & Joralemon St,4605,Jay St & Tech Pl,4710,40.692395,-73.993379,40.695065,-73.987167,casual
809259,48421B4128FBA261,docked_bike,2021-03-26 08:50:55,2021-03-26 08:55:52,Clinton St & Joralemon St,4605,Jay St & Tech Pl,4710,40.692395,-73.993379,40.695065,-73.987167,casual
809273,0220992DF1D9F870,docked_bike,2021-03-10 10:34:50,2021-03-10 10:48:30,Clinton St & Joralemon St,4605,,nan,40.692395,-73.993379,,,member
809315,B5F4B4346B589286,docked_bike,2021-03-12 15:58:42,2021-03-12 16:17:18,Clinton St & Joralemon St,4605,Fulton St & Pearl St,5024,40.692395,-73.993379,40.70772198491691,-74.00438636541367,member
809378,53BE7A3EC49B5EFD,docked_bike,2021-03-16 08:46:15,2021-03-16 08:49:23,Clinton St & Joralemon St,4605,Jay St & Tech Pl,4710,40.692395,-73.993379,40.695065,-73.987167,casual
809379,9FA6C9882B6D8111,docked_bike,2021-03-23 13:50:20,2021-03-23 14:14:34,Clinton St & Joralemon St,4605,Roebling St & N 4 St,5267,40.692395,-73.993379,40.71469,-73.95739,casual
809390,D5CA7767416D213C,docked_bike,2021-03-30 08:45:06,2021-03-30 08:51:19,Clinton St & Joralemon St,4605,Jay St & Tech Pl,4710,40.692395,-73.993379,40.695065,-73.987167,casual
809449,D425BB546CE62D93,docked_bike,2021-03-30 08:25:55,2021-03-30 08:37:07,Clinton St & Joralemon St,4605,Fulton St & Pearl St,5024,40.692395,-73.993379,40.70772198491691,-74.00438636541367,member
809536,B67FC573FC1FE372,docked_bike,2021-03-31 09:36:52,2021-03-31 10:12:13,Clinton St & Joralemon St,4605,Leonard St & Nassau Ave,5550,40.692395,-73.993379,40.7239567849954,-73.94984364509583,member
809560,0E3A907717DDD4D9,docked_bike,2021-03-23 15:52:15,2021-03-23 16:14:57,Clinton St & Joralemon St,4605,E 33 St & 1 Ave,6197,40.692395,-73.993379,40.74322681432173,-73.97449783980846,member
809799,9EDB0EFC2B581833,docked_bike,2021-03-23 21:11:25,2021-03-24 22:11:18,Clinton St & Joralemon St,4605,,nan,40.692395,-73.993379,,,casual
833435,9805890BADAA35F3,docked_bike,2021-03-03 19:16:46,2021-03-03 19:18:37,Clinton St & Joralemon St,4605,Henry St & Atlantic Ave,4531,40.692395,-73.993379,40.69089272,-73.99612349,member
833436,F795A1BB8CF8F8D5,docked_bike,2021-03-07 09:33:47,2021-03-07 09:36:25,Clinton St & Joralemon St,4605,Henry St & Atlantic Ave,4531,40.692395,-73.993379,40.69089272,-73.99612349,member
833440,E9DBA687B9A17F3C,docked_bike,2021-03-19 19:22:15,2021-03-19 19:31:44,Clinton St & Joralemon St,4605,Degraw St & Smith St,4298,40.692395,-73.993379,40.6829151,-73.99318208,member
833453,67933642C2EA695D,docked_bike,2021-03-27 09:39:26,2021-03-27 10:15:37,Clinton St & Joralemon St,4605,Nassau Ave & Newell St,5623,40.692395,-73.993379,40.724813,-73.947526,casual
833455,CBC409A320FC4EAC,docked_bike,2021-03-05 15:13:24,2021-03-05 15:15:17,Clinton St & Joralemon St,4605,Henry St & Atlantic Ave,4531,40.692395,-73.993379,40.69089272,-73.99612349,member
833475,88B154FC2701C854,docked_bike,2021-03-06 19:36:18,2021-03-06 19:38:35,Clinton St & Joralemon St,4605,Henry St & Atlantic Ave,4531,40.692395,-73.993379,40.69089272,-73.99612349,member
833476,2B43F300E661E712,docked_bike,2021-03-11 01:11:58,2021-03-11 01:14:02,Clinton St & Joralemon St,4605,Henry St & Atlantic Ave,4531,40.692395,-73.993379,40.69089272,-73.99612349,member
833489,8E5532C45826C0F8,docked_bike,2021-03-11 13:11:27,2021-03-11 13:55:52,Clinton St & Joralemon St,4605,Henry St & Atlantic Ave,4531,40.692395,-73.993379,40.69089272,-73.99612349,member
833504,88858EFDD6BE7C2F,docked_bike,2021-03-09 15:55:28,2021-03-09 16:12:16,Clinton St & Joralemon St,4605,Degraw St & Smith St,4298,40.692395,-73.993379,40.6829151,-73.99318208,member
833554,F67FDB44C8D4D66B,docked_bike,2021-03-04 16:57:56,2021-03-04 17:05:54,Clinton St & Joralemon St,4605,Degraw St & Smith St,4298,40.692395,-73.993379,40.6829151,-73.99318208,member
833569,5AA3E90901102EAD,docked_bike,2021-03-17 01:08:26,2021-03-17 01:10:26,Clinton St & Joralemon St,4605,Henry St & Atlantic Ave,4531,40.692395,-73.993379,40.69089272,-73.99612349,member
833575,740F3CF317A860C4,docked_bike,2021-03-29 17:49:53,2021-03-29 18:11:48,Clinton St & Joralemon St,4605,Henry St & Atlantic Ave,4531,40.692395,-73.993379,40.690893,-73.996123,casual
833613,EAE12DC849A030BA,docked_bike,2021-03-10 16:19:52,2021-03-10 16:25:52,Clinton St & Joralemon St,4605,Degraw St & Smith St,4298,40.692395,-73.993379,40.6829151,-73.99318208,member
833916,C86E0554532ABB5B,docked_bike,2021-03-31 17:36:57,2021-03-31 17:39:17,Clinton St & Joralemon St,4605,Henry St & Atlantic Ave,4531,40.692395,-73.993379,40.69089272,-73.99612349,member
833920,75B09EFA2BBCF872,docked_bike,2021-03-17 18:52:57,2021-03-17 19:32:23,Clinton St & Joralemon St,4605,Henry St & Atlantic Ave,4531,40.692395,-73.993379,40.69089272,-73.99612349,member
834215,2180068BD1C4DD70,docked_bike,2021-03-08 17:46:27,2021-03-08 17:51:15,Clinton St & Joralemon St,4605,Degraw St & Smith St,4298,40.692395,-73.993379,40.6829151,-73.99318208,member
841427,E59918FD531284F9,docked_bike,2021-03-26 16:57:43,2021-03-26 17:04:58,Clinton St & Joralemon St,4605,Degraw St & Smith St,4298,40.692395,-73.993379,40.6829151,-73.99318208,member
858821,F11DF540C8C08AF0,docked_bike,2021-03-13 17:34:06,2021-03-13 17:44:19,Clinton St & Joralemon St,4605,Court St & Nelson St,4077,40.692395,-73.993379,40.6763947,-73.99869893,casual
858828,559707733E388DD6,docked_bike,2021-03-07 12:57:27,2021-03-07 13:07:56,Clinton St & Joralemon St,4605,Court St & Nelson St,4077,40.692395,-73.993379,40.6763947,-73.99869893,casual
858881,DE5957B55EB02495,docked_bike,2021-03-20 16:34:38,2021-03-20 17:28:10,Clinton St & Joralemon St,4605,6 Ave & W 34 St,6364,40.692395,-73.993379,40.74964,-73.98805,casual
858887,3DC3A9DA382807C3,docked_bike,2021-03-07 12:57:28,2021-03-07 13:07:58,Clinton St & Joralemon St,4605,Court St & Nelson St,4077,40.692395,-73.993379,40.6763947,-73.99869893,member
858903,AC3806B3C5E8336A,docked_bike,2021-03-16 13:30:47,2021-03-16 13:37:30,Clinton St & Joralemon St,4605,Dean St & Hoyt St,4446,40.692395,-73.993379,40.686444,-73.987591,member
858923,C7A4663738D00ED7,docked_bike,2021-03-31 08:14:16,2021-03-31 08:38:20,Clinton St & Joralemon St,4605,6 Ave & W 34 St,6364,40.692395,-73.993379,40.74964,-73.98805,member
858933,49FBF2AA213BD161,docked_bike,2021-03-19 18:19:49,2021-03-19 18:28:56,Clinton St & Joralemon St,4605,Court St & Nelson St,4077,40.692395,-73.993379,40.6763947,-73.99869893,casual
858939,F26815E6254000A5,docked_bike,2021-03-12 14:50:58,2021-03-12 15:06:29,Clinton St & Joralemon St,4605,Mott St & Prince St,5561,40.692395,-73.993379,40.72317958,-73.99480012,member
858973,B77A6E0E719C799D,docked_bike,2021-03-02 18:50:32,2021-03-02 18:58:02,Clinton St & Joralemon St,4605,Court St & Nelson St,4077,40.692395,-73.993379,40.6763947,-73.99869893,member
859512,153138BA0665148F,docked_bike,2021-03-01 14:37:29,2021-03-01 14:58:51,Clinton St & Joralemon St,4605,Court St & Nelson St,4077,40.692395,-73.993379,40.6763947,-73.99869893,casual
859517,E3181682D99364E0,docked_bike,2021-03-29 18:11:01,2021-03-29 18:21:13,Clinton St & Joralemon St,4605,Court St & Nelson St,4077,40.692395,-73.993379,40.6763947,-73.99869893,member
859518,04B26D95765C05A8,docked_bike,2021-03-30 18:15:06,2021-03-30 18:23:10,Clinton St & Joralemon St,4605,Court St & Nelson St,4077,40.692395,-73.993379,40.6763947,-73.99869893,member
859520,98E88FD0D6426129,docked_bike,2021-03-10 17:47:29,2021-03-10 17:53:52,Clinton St & Joralemon St,4605,Court St & Nelson St,4077,40.692395,-73.993379,40.6763947,-73.99869893,member
859521,410BF3069383B9F2,docked_bike,2021-03-01 18:15:36,2021-03-01 18:22:35,Clinton St & Joralemon St,4605,Court St & Nelson St,4077,40.692395,-73.993379,40.6763947,-73.99869893,member
859530,688EB1F5E20333D7,docked_bike,2021-03-23 18:07:39,2021-03-23 18:17:48,Clinton St & Joralemon St,4605,Court St & Nelson St,4077,40.692395,-73.993379,40.6763947,-73.99869893,member
860812,55D018D4298CA5CC,docked_bike,2021-03-09 18:56:21,2021-03-09 19:05:40,Clinton St & Joralemon St,4605,Smith St & 3 St,4151,40.692395,-73.993379,40.6787242,-73.99599099,member
860816,D14E283CF6BB3B95,docked_bike,2021-03-03 17:50:41,2021-03-03 18:00:03,Clinton St & Joralemon St,4605,Court St & Nelson St,4077,40.692395,-73.993379,40.6763947,-73.99869893,member
860864,46214B5E0EF406A9,docked_bike,2021-03-03 19:49:22,2021-03-03 19:55:04,Clinton St & Joralemon St,4605,Court St & Nelson St,4077,40.692395,-73.993379,40.6763947,-73.99869893,member
861045,518E2C98F03E57EA,docked_bike,2021-03-24 12:40:01,2021-03-24 13:12:08,Clinton St & Joralemon St,4605,Mott St & Prince St,5561,40.692395,-73.993379,40.72317958,-73.99480012,member
861049,43B772E98C463639,docked_bike,2021-03-01 12:06:12,2021-03-01 12:10:11,Clinton St & Joralemon St,4605,Dean St & Hoyt St,4446,40.692395,-73.993379,40.6864442,-73.98759104,member
861051,98C145C1B2C277AB,docked_bike,2021-03-29 18:54:14,2021-03-29 19:36:35,Clinton St & Joralemon St,4605,Smith St & 3 St,4151,40.692395,-73.993379,40.6787242,-73.99599099,casual
861055,33E8BEBB6D0C2B05,docked_bike,2021-03-05 18:34:11,2021-03-05 18:42:33,Clinton St & Joralemon St,4605,Court St & Nelson St,4077,40.692395,-73.993379,40.6763947,-73.99869893,member
861056,A57E1EF47C3894A7,docked_bike,2021-03-17 18:01:26,2021-03-17 18:08:01,Clinton St & Joralemon St,4605,Smith St & 3 St,4151,40.692395,-73.993379,40.6787242,-73.99599099,member
861059,E01C127E6C05F0E0,docked_bike,2021-03-25 23:24:36,2021-03-25 23:32:21,Clinton St & Joralemon St,4605,Smith St & 3 St,4151,40.692395,-73.993379,40.6787242,-73.99599099,member
861063,07965CCAEFA4F999,docked_bike,2021-03-26 19:07:13,2021-03-26 19:26:18,Clinton St & Joralemon St,4605,Smith St & 3 St,4151,40.692395,-73.993379,40.6787242,-73.99599099,member
861064,98D7239D04888F6C,docked_bike,2021-03-05 12:10:31,2021-03-05 12:28:37,Clinton St & Joralemon St,4605,Smith St & 3 St,4151,40.692395,-73.993379,40.6787242,-73.99599099,member
864390,721BB02E8A41B03F,docked_bike,2021-03-20 20:10:22,2021-03-20 20:34:21,Clinton St & Joralemon St,4605,Fulton St & Waverly Ave,4345,40.692395,-73.993379,40.68323865460341,-73.96599590778351,member
864513,F3C5F3C7A5ED5700,docked_bike,2021-03-05 22:14:42,2021-03-05 22:27:32,Clinton St & Joralemon St,4605,Fulton St & Waverly Ave,4345,40.692395,-73.993379,40.68323865460341,-73.96599590778351,member
864561,E2924C171484E563,docked_bike,2021-03-31 10:00:06,2021-03-31 10:23:22,Clinton St & Joralemon St,4605,E 17 St & Broadway,5980,40.692395,-73.993379,40.73704984,-73.99009296,member
865055,20B032D504C3D1F4,docked_bike,2021-03-12 08:30:37,2021-03-12 08:52:13,Clinton St & Joralemon St,4605,E 15 St & 3 Ave,5863,40.692395,-73.993379,40.734232,-73.986923,member
876989,60A5E47F1EDA8874,docked_bike,2021-03-31 09:48:21,2021-03-31 10:07:12,Clinton St & Joralemon St,4605,Greenwich St & W Houston St,5730,40.692395,-73.993379,40.728846,-74.008591,member
877013,E0575CCD842B65D1,docked_bike,2021-03-27 18:27:49,2021-03-27 18:53:31,Clinton St & Joralemon St,4605,E 15 St & 3 Ave,5863,40.692395,-73.993379,40.734232,-73.986923,member
881334,F220570C63D10528,docked_bike,2021-03-09 18:48:32,2021-03-09 19:01:16,Clinton St & Joralemon St,4605,DeKalb Ave & S Portland Ave,4546,40.692395,-73.993379,40.68981035,-73.97493121,member
885910,AF6DFFBDB2DA4B49,docked_bike,2021-03-03 16:02:15,2021-03-03 16:22:32,Clinton St & Joralemon St,4605,41 St & 3 Ave,3388,40.692395,-73.993379,40.652512,-74.008906,member
889516,5B696B2DCD0D60BF,docked_bike,2021-03-12 18:00:29,2021-03-12 18:39:02,Clinton St & Joralemon St,4605,E 58 St &  1 Ave (NW Corner),6723,40.692395,-73.993379,40.759125,-73.962658,member
890118,D1BD426A3B726538,docked_bike,2021-03-01 15:24:00,2021-03-01 15:52:23,Clinton St & Joralemon St,4605,41 St & 3 Ave,3388,40.692395,-73.993379,40.652512,-74.008906,member
890127,DF76DF83EDE9B392,docked_bike,2021-03-09 18:49:04,2021-03-09 19:01:17,Clinton St & Joralemon St,4605,DeKalb Ave & S Portland Ave,4546,40.692395,-73.993379,40.68981035,-73.97493121,member
892822,DB3327593733AFE3,docked_bike,2021-03-09 16:08:28,2021-03-09 16:21:44,Clinton St & Joralemon St,4605,DeKalb Ave & S Portland Ave,4546,40.692395,-73.993379,40.68981035,-73.97493121,member
897553,5D4EA7171486722A,docked_bike,2021-03-13 13:26:49,2021-03-13 13:54:23,Clinton St & Joralemon St,4605,S 3 St & Bedford Ave,5235,40.692395,-73.993379,40.71260486,-73.96264403,casual
904057,FF634339FADFBF07,docked_bike,2021-03-20 12:42:11,2021-03-21 12:42:20,Clinton St & Joralemon St,4605,1 Ave & E 94 St,7286,40.692395,-73.993379,40.7817212,-73.94594,casual
908258,2E88FBDF7E29309E,docked_bike,2021-03-27 10:48:34,2021-03-27 11:21:00,Clinton St & Joralemon St,4605,S 3 St & Bedford Ave,5235,40.692395,-73.993379,40.71260486,-73.96264403,member
911216,928DFB74967203D5,docked_bike,2021-03-01 16:40:53,2021-03-01 16:46:10,Clinton St & Joralemon St,4605,Warren St & Court St,4413,40.692395,-73.993379,40.686371,-73.99383324,member
911217,EC6FD4B543D4A99A,docked_bike,2021-03-08 15:41:29,2021-03-08 15:44:26,Clinton St & Joralemon St,4605,Warren St & Court St,4413,40.692395,-73.993379,40.686371,-73.99383324,member
911221,A9CA912BAC6841B2,docked_bike,2021-03-09 14:44:38,2021-03-09 14:55:43,Clinton St & Joralemon St,4605,7 Ave & Park Pl,4125,40.692395,-73.993379,40.6776147,-73.97324283,casual
911230,A11402C6E83C8B27,docked_bike,2021-03-04 08:08:38,2021-03-04 08:12:58,Clinton St & Joralemon St,4605,Warren St & Court St,4413,40.692395,-73.993379,40.686371,-73.99383324,member
915196,38F860DC4539D443,docked_bike,2021-03-17 09:38:21,2021-03-17 09:42:27,Clinton St & Joralemon St,4605,Warren St & Court St,4413,40.692395,-73.993379,40.686371,-73.99383324,member
915198,47A744844F2409C8,docked_bike,2021-03-24 17:36:00,2021-03-24 17:38:45,Clinton St & Joralemon St,4605,Warren St & Court St,4413,40.692395,-73.993379,40.686371,-73.99383324,member
915199,4DE7CE15150E5D16,docked_bike,2021-03-17 19:58:30,2021-03-17 20:23:04,Clinton St & Joralemon St,4605,Albany Ave & Fulton St,4237,40.692395,-73.993379,40.6800105,-73.938475,member
915207,9F09FB2930DA1830,docked_bike,2021-03-08 14:30:00,2021-03-08 14:49:32,Clinton St & Joralemon St,4605,Bedford Ave & Montgomery St,3736,40.692395,-73.993379,40.665816,-73.956934,member
915210,012D3448EAD17649,docked_bike,2021-03-21 13:41:51,2021-03-21 13:47:11,Clinton St & Joralemon St,4605,Warren St & Court St,4413,40.692395,-73.993379,40.686371,-73.99383324,member
915211,74B086A5423034FF,docked_bike,2021-03-06 11:25:22,2021-03-06 11:29:09,Clinton St & Joralemon St,4605,Warren St & Court St,4413,40.692395,-73.993379,40.686371,-73.99383324,member
915212,F72DF3B240F6D8A2,docked_bike,2021-03-12 19:49:12,2021-03-12 19:56:33,Clinton St & Joralemon St,4605,Warren St & Court St,4413,40.692395,-73.993379,40.686371,-73.99383324,casual
915218,E7096CB2D56C6690,docked_bike,2021-03-29 14:56:01,2021-03-29 15:00:42,Clinton St & Joralemon St,4605,Warren St & Court St,4413,40.692395,-73.993379,40.686371,-73.993833,member
916555,99A6963B5000D2F6,docked_bike,2021-03-27 18:29:49,2021-03-27 18:42:22,Clinton St & Joralemon St,4605,Concord St & Bridge St,4781,40.692395,-73.993379,40.69766564,-73.98476437,member
916556,E2967A2A014A0E73,docked_bike,2021-03-20 14:27:54,2021-03-20 14:51:53,Clinton St & Joralemon St,4605,Eastern Pkwy & Washington Ave,3928,40.692395,-73.993379,40.6716493,-73.9631145,member
926520,25E91BFDD6A784A7,docked_bike,2021-03-22 15:15:20,2021-03-22 15:36:21,Clinton St & Joralemon St,4605,Eastern Pkwy & Washington Ave,3928,40.692395,-73.993379,40.6716493,-73.9631145,casual
927201,FE171B19C067E15F,docked_bike,2021-03-25 17:25:05,2021-03-25 17:30:15,Clinton St & Joralemon St,4605,Concord St & Bridge St,4781,40.692395,-73.993379,40.697666,-73.984764,member
933847,9CFA86851B9B09F1,docked_bike,2021-03-09 10:09:43,2021-03-09 10:19:54,Clinton St & Joralemon St,4605,Washington Ave & Park Ave,4724,40.692395,-73.993379,40.69610226,-73.96751037,member
939509,8A0CF4571CB3B2F6,docked_bike,2021-03-21 15:36:48,2021-03-21 15:56:18,Clinton St & Joralemon St,4605,DeKalb Ave & Vanderbilt Ave,4461,40.692395,-73.993379,40.68940747,-73.96885458,member
940134,0157FFBA44888235,docked_bike,2021-03-13 13:31:20,2021-03-13 13:50:58,Clinton St & Joralemon St,4605,Washington Ave & Park Ave,4724,40.692395,-73.993379,40.69610226,-73.96751037,member
940140,AB6FCB49B678089F,docked_bike,2021-03-30 13:44:01,2021-03-30 14:10:34,Clinton St & Joralemon St,4605,Allen St & Rivington St,5414,40.692395,-73.993379,40.72019576,-73.98997825,casual
945383,FFFB398DE770EDFE,docked_bike,2021-03-21 15:35:49,2021-03-21 15:56:19,Clinton St & Joralemon St,4605,DeKalb Ave & Vanderbilt Ave,4461,40.692395,-73.993379,40.68940747,-73.96885458,member
945389,30CDE9E8DCD5FB3C,docked_bike,2021-03-03 10:49:43,2021-03-03 11:00:35,Clinton St & Joralemon St,4605,Washington Ave & Park Ave,4724,40.692395,-73.993379,40.69610226,-73.96751037,member
945416,D9AB9EF7FED8CBB8,docked_bike,2021-03-13 17:51:22,2021-03-13 18:18:53,Clinton St & Joralemon St,4605,Grand St & Havemeyer St,5267,40.692395,-73.993379,40.71286844,-73.95698119,member
945467,F26A3BA4CFFA41E1,docked_bike,2021-03-23 17:42:17,2021-03-23 18:01:17,Clinton St & Joralemon St,4605,DeKalb Ave & Vanderbilt Ave,4461,40.692395,-73.993379,40.68940747,-73.96885458,casual
945921,ACE52187E528B5C8,docked_bike,2021-03-13 13:58:23,2021-03-13 14:09:04,Clinton St & Joralemon St,4605,Washington Ave & Park Ave,4724,40.692395,-73.993379,40.69610226,-73.96751037,member
951063,2C371332561E0249,docked_bike,2021-03-27 12:33:32,2021-03-27 12:38:57,Clinton St & Joralemon St,4605,Bond St & Fulton St,4479,40.692395,-73.993379,40.68962188790333,-73.98304268717766,member
951096,58C1617D1DC01903,docked_bike,2021-03-24 14:07:55,2021-03-24 14:28:15,Clinton St & Joralemon St,4605,Lefferts Pl & Franklin Ave,4222,40.692395,-73.993379,40.680342423,-73.9557689392,member
951136,7B4F52E207A2085F,docked_bike,2021-03-23 14:00:25,2021-03-23 14:18:58,Clinton St & Joralemon St,4605,Lefferts Pl & Franklin Ave,4222,40.692395,-73.993379,40.680342423,-73.9557689392,member
953857,00CEF949D75E8C11,docked_bike,2021-03-15 14:02:26,2021-03-15 14:20:49,Clinton St & Joralemon St,4605,Lefferts Pl & Franklin Ave,4222,40.692395,-73.993379,40.680342423,-73.9557689392,member
953915,FDBA8E7914C2B67E,docked_bike,2021-03-03 18:11:54,2021-03-03 18:52:22,Clinton St & Joralemon St,4605,Bond St & Fulton St,4479,40.692395,-73.993379,40.68962188790333,-73.98304268717766,casual
953922,4C47E5BCD3E1D128,docked_bike,2021-03-11 13:50:41,2021-03-11 14:11:48,Clinton St & Joralemon St,4605,Lefferts Pl & Franklin Ave,4222,40.692395,-73.993379,40.680342423,-73.9557689392,member
953923,4345D9B263C23C33,docked_bike,2021-03-19 14:07:27,2021-03-19 14:23:02,Clinton St & Joralemon St,4605,Lefferts Pl & Franklin Ave,4222,40.692395,-73.993379,40.680342423,-73.9557689392,member
953924,27B20FA6ED638919,docked_bike,2021-03-08 14:01:55,2021-03-08 14:16:43,Clinton St & Joralemon St,4605,Lefferts Pl & Franklin Ave,4222,40.692395,-73.993379,40.680342423,-73.9557689392,member
953962,7F5333F83A33E245,docked_bike,2021-03-05 18:33:21,2021-03-05 18:37:51,Clinton St & Joralemon St,4605,Bond St & Fulton St,4479,40.692395,-73.993379,40.68962188790333,-73.98304268717766,member
953966,724B76F1575DAC03,docked_bike,2021-03-09 14:08:34,2021-03-09 14:26:49,Clinton St & Joralemon St,4605,Lefferts Pl & Franklin Ave,4222,40.692395,-73.993379,40.680342423,-73.9557689392,member
953978,779FBB87C68F0364,docked_bike,2021-03-27 12:33:32,2021-03-27 12:39:18,Clinton St & Joralemon St,4605,Bond St & Fulton St,4479,40.692395,-73.993379,40.68962188790333,-73.98304268717766,member
953985,4D1E77603AB8505E,docked_bike,2021-03-31 09:00:11,2021-03-31 09:07:35,Clinton St & Joralemon St,4605,Johnson St & Gold St,4668,40.692395,-73.993379,40.69474881,-73.98362464,member
954442,C9D867B3EF289002,docked_bike,2021-03-16 16:48:24,2021-03-16 17:00:03,Clinton St & Joralemon St,4605,Carroll St & 5 Ave,4060,40.692395,-73.993379,40.6751622,-73.9814832,member
954448,6F8B5CE013B6CC9A,docked_bike,2021-03-12 15:08:00,2021-03-12 15:24:23,Clinton St & Joralemon St,4605,Carroll St & 5 Ave,4060,40.692395,-73.993379,40.6751622,-73.9814832,casual
957242,DD48FA25ED48F1A9,docked_bike,2021-03-03 18:12:49,2021-03-03 18:52:14,Clinton St & Joralemon St,4605,Bond St & Fulton St,4479,40.692395,-73.993379,40.689622,-73.983043,casual
959545,C822D429AE824A41,docked_bike,2021-03-04 15:59:18,2021-03-04 16:06:18,Clinton St & Joralemon St,4605,Johnson St & Gold St,4668,40.692395,-73.993379,40.694749,-73.983625,member
959546,751821B13006008C,docked_bike,2021-03-22 14:06:46,2021-03-22 14:21:14,Clinton St & Joralemon St,4605,Lefferts Pl & Franklin Ave,4222,40.692395,-73.993379,40.680342423,-73.9557689392,member
959582,F45BC6936BD757E7,docked_bike,2021-03-10 14:04:06,2021-03-10 14:22:07,Clinton St & Joralemon St,4605,Lefferts Pl & Franklin Ave,4222,40.692395,-73.993379,40.680342423,-73.9557689392,member
959583,7350AAF196D8C5BA,docked_bike,2021-03-12 14:00:02,2021-03-12 14:19:40,Clinton St & Joralemon St,4605,Lefferts Pl & Franklin Ave,4222,40.692395,-73.993379,40.680342423,-73.9557689392,member
960396,288A6B684218A419,docked_bike,2021-03-24 14:53:52,2021-03-24 14:59:16,Clinton St & Joralemon St,4605,Front St & Jay St,4895,40.692395,-73.993379,40.702461,-73.986842,member
960399,CEDB74FCF7FE017A,docked_bike,2021-03-08 16:32:06,2021-03-08 16:41:00,Clinton St & Joralemon St,4605,Lafayette Ave & St James Pl,4494,40.692395,-73.993379,40.68851534,-73.9647628,member
960400,689EF97AB8E06A31,docked_bike,2021-03-07 17:40:53,2021-03-07 17:53:01,Clinton St & Joralemon St,4605,Lafayette Ave & St James Pl,4494,40.692395,-73.993379,40.68851534,-73.9647628,member
960406,BB3FA74FAB9325EE,docked_bike,2021-03-12 11:40:39,2021-03-12 11:55:42,Clinton St & Joralemon St,4605,Lafayette Ave & St James Pl,4494,40.692395,-73.993379,40.68851534,-73.9647628,casual
972657,33443B157F939022,docked_bike,2021-03-19 18:15:20,2021-03-19 18:40:07,Clinton St & Joralemon St,4605,Lafayette Ave & St James Pl,4494,40.692395,-73.993379,40.688515,-73.964763,casual
972728,BFA2415CF3C9262C,docked_bike,2021-03-09 18:10:14,2021-03-09 18:15:08,Clinton St & Joralemon St,4605,Front St & Jay St,4895,40.692395,-73.993379,40.702461,-73.986842,member
972730,68B281A033CB9FF1,docked_bike,2021-03-23 18:07:17,2021-03-23 18:59:03,Clinton St & Joralemon St,4605,Front St & Jay St,4895,40.692395,-73.993379,40.702461,-73.986842,casual
972731,36A285BD935FBF88,docked_bike,2021-03-09 09:41:03,2021-03-09 09:56:06,Clinton St & Joralemon St,4605,3 St & 3 Ave,4028,40.692395,-73.993379,40.6750705,-73.98775226,member
972735,3401E6282A2EF851,docked_bike,2021-03-17 14:09:56,2021-03-17 14:24:47,Clinton St & Joralemon St,4605,3 St & 3 Ave,4028,40.692395,-73.993379,40.6750705,-73.98775226,casual
972749,1784CC831B8CD07E,docked_bike,2021-03-30 09:37:33,2021-03-30 09:51:21,Clinton St & Joralemon St,4605,3 St & 3 Ave,4028,40.692395,-73.993379,40.6750705,-73.98775226,member
972770,BA03E12529A54DD3,docked_bike,2021-03-03 19:48:09,2021-03-03 20:01:02,Clinton St & Joralemon St,4605,3 St & 3 Ave,4028,40.692395,-73.993379,40.6750705,-73.98775226,casual
972773,48A3443AD26D08A9,docked_bike,2021-03-14 17:53:48,2021-03-14 17:58:44,Clinton St & Joralemon St,4605,Front St & Jay St,4895,40.692395,-73.993379,40.702461,-73.986842,member
972775,B380E55E59B400F0,docked_bike,2021-03-11 16:51:48,2021-03-11 17:29:17,Clinton St & Joralemon St,4605,E 5 St & Cooper Sq,5712,40.692395,-73.993379,40.72769,-73.990993,casual
972780,AD51DA6473EE9006,docked_bike,2021-03-16 09:42:55,2021-03-16 09:58:29,Clinton St & Joralemon St,4605,3 St & 3 Ave,4028,40.692395,-73.993379,40.6750705,-73.98775226,member
972795,18C4C84988CB0B32,docked_bike,2021-03-15 09:35:46,2021-03-15 09:52:29,Clinton St & Joralemon St,4605,3 St & 3 Ave,4028,40.692395,-73.993379,40.6750705,-73.98775226,member
972801,F350F6C34F03BE5C,docked_bike,2021-03-31 10:57:03,2021-03-31 11:09:47,Clinton St & Joralemon St,4605,3 St & 3 Ave,4028,40.692395,-73.993379,40.675071,-73.987752,member
972827,D6CB042BDCFE34CF,docked_bike,2021-03-05 14:06:28,2021-03-05 14:26:53,Clinton St & Joralemon St,4605,3 St & 3 Ave,4028,40.692395,-73.993379,40.6750705,-73.98775226,member
972842,1AFAC74D70456D47,docked_bike,2021-03-05 14:42:07,2021-03-05 14:57:08,Clinton St & Joralemon St,4605,Lafayette Ave & St James Pl,4494,40.692395,-73.993379,40.68851534,-73.9647628,member
972865,499058F0125B99FE,docked_bike,2021-03-22 18:52:44,2021-03-22 19:07:56,Clinton St & Joralemon St,4605,3 St & 3 Ave,4028,40.692395,-73.993379,40.675071,-73.987752,member
972936,5EEC85FA58FD4E17,docked_bike,2021-03-16 13:16:35,2021-03-16 13:45:00,Clinton St & Joralemon St,4605,5 Ave & E 29 St,6248,40.692395,-73.993379,40.7451677,-73.98683077,member
972942,53A3D47B33CDB017,docked_bike,2021-03-25 10:20:54,2021-03-25 10:31:29,Clinton St & Joralemon St,4605,Front St & Jay St,4895,40.692395,-73.993379,40.702461,-73.986842,member
972943,DA8F836275EA321B,docked_bike,2021-03-22 09:39:47,2021-03-22 09:52:43,Clinton St & Joralemon St,4605,3 St & 3 Ave,4028,40.692395,-73.993379,40.6750705,-73.98775226,member
972945,D772E90F85D8E99A,docked_bike,2021-03-03 16:36:40,2021-03-03 16:48:27,Clinton St & Joralemon St,4605,3 St & 3 Ave,4028,40.692395,-73.993379,40.6750705,-73.98775226,member
973364,32739BC4D81746DD,docked_bike,2021-03-04 09:40:00,2021-03-04 09:54:43,Clinton St & Joralemon St,4605,3 St & 3 Ave,4028,40.692395,-73.993379,40.6750705,-73.98775226,member
973375,1E67DCB884F1029C,docked_bike,2021-03-06 11:21:19,2021-03-06 11:37:07,Clinton St & Joralemon St,4605,3 St & 3 Ave,4028,40.692395,-73.993379,40.675071,-73.987752,member
973429,DB1680A82913BEB0,docked_bike,2021-03-06 11:21:05,2021-03-06 11:37:10,Clinton St & Joralemon St,4605,3 St & 3 Ave,4028,40.692395,-73.993379,40.6750705,-73.98775226,member
973434,C99CF1B00330477F,docked_bike,2021-03-12 10:44:17,2021-03-12 10:50:06,Clinton St & Joralemon St,4605,Front St & Jay St,4895,40.692395,-73.993379,40.702461,-73.986842,member
973524,6A0D7A9E6A6A7C33,docked_bike,2021-03-29 10:09:02,2021-03-29 11:04:35,Clinton St & Joralemon St,4605,62 St & Northern Blvd,6536,40.692395,-73.993379,40.754176,-73.900318,member
973525,3A1A8D4D68905CD9,docked_bike,2021-03-12 13:50:48,2021-03-12 13:58:10,Clinton St & Joralemon St,4605,Front St & Jay St,4895,40.692395,-73.993379,40.702461,-73.986842,casual
973529,C59F4CD954675158,docked_bike,2021-03-23 18:07:39,2021-03-23 18:58:23,Clinton St & Joralemon St,4605,Front St & Jay St,4895,40.692395,-73.993379,40.702461,-73.986842,casual
973530,6CF05B3DC7732995,docked_bike,2021-03-08 09:40:24,2021-03-08 09:56:09,Clinton St & Joralemon St,4605,3 St & 3 Ave,4028,40.692395,-73.993379,40.6750705,-73.98775226,member
973531,3D52F8FD48C5DC52,docked_bike,2021-03-26 16:13:19,2021-03-26 16:28:47,Clinton St & Joralemon St,4605,Lafayette Ave & St James Pl,4494,40.692395,-73.993379,40.688515,-73.964763,casual
973536,1C0ACE3814BF5F89,docked_bike,2021-03-30 17:06:27,2021-03-30 17:19:40,Clinton St & Joralemon St,4605,Lafayette Ave & St James Pl,4494,40.692395,-73.993379,40.68851534,-73.9647628,member
973537,3854EB57448BA833,docked_bike,2021-03-05 14:29:43,2021-03-05 14:37:01,Clinton St & Joralemon St,4605,Front St & Jay St,4895,40.692395,-73.993379,40.702461,-73.986842,casual
973548,1A086F52ABBFA428,docked_bike,2021-03-26 18:57:18,2021-03-26 19:11:59,Clinton St & Joralemon St,4605,3 St & 3 Ave,4028,40.692395,-73.993379,40.675071,-73.987752,member
973549,3960EF8F53EB0E4C,docked_bike,2021-03-25 18:29:00,2021-03-25 18:42:16,Clinton St & Joralemon St,4605,3 St & 3 Ave,4028,40.692395,-73.993379,40.675071,-73.987752,member
980004,B5E6DFAD072A3484,docked_bike,2021-03-28 15:51:18,2021-03-28 16:00:05,Clinton St & Joralemon St,4605,1 Pl & Clinton St,4193,40.692395,-73.993379,40.6809591,-73.99905709,member
980065,50753CBF9E1FAC33,docked_bike,2021-03-15 15:40:57,2021-03-15 15:50:06,Clinton St & Joralemon St,4605,1 Pl & Clinton St,4193,40.692395,-73.993379,40.6809591,-73.99905709,casual
980097,74E037453DF326CB,docked_bike,2021-03-17 12:09:40,2021-03-17 12:19:15,Clinton St & Joralemon St,4605,1 Pl & Clinton St,4193,40.692395,-73.993379,40.6809591,-73.99905709,member
980356,3F61B6097571F0EE,docked_bike,2021-03-07 16:32:08,2021-03-07 16:41:05,Clinton St & Joralemon St,4605,1 Pl & Clinton St,4193,40.692395,-73.993379,40.680959,-73.999057,member
980372,5DC6DC2926578F88,docked_bike,2021-03-12 16:34:34,2021-03-12 17:24:41,Clinton St & Joralemon St,4605,Riverside Blvd & W 67 St,7183,40.692395,-73.993379,40.777507,-73.988886,member
986913,CBD2B6E3A15714D2,docked_bike,2021-03-11 19:11:42,2021-03-11 19:17:57,Clinton St & Joralemon St,4605,1 Pl & Clinton St,4193,40.692395,-73.993379,40.6809591,-73.99905709,casual
996712,8741F45F154CE2D8,docked_bike,2021-03-23 12:50:25,2021-03-23 12:58:53,Clinton St & Joralemon St,4605,1 Pl & Clinton St,4193,40.692395,-73.993379,40.6809591,-73.99905709,member
998315,FF25CD5B02F322A1,docked_bike,2021-03-11 11:30:51,2021-03-11 11:56:24,Clinton St & Joralemon St,4605,Little West St & 1 Pl,5001,40.692395,-73.993379,40.70569254,-74.01677685,member
999163,D2FD4E4B35BC5588,docked_bike,2021-03-22 18:43:38,2021-03-22 18:52:19,Clinton St & Joralemon St,4605,1 Pl & Clinton St,4193,40.692395,-73.993379,40.6809591,-73.99905709,member
999919,56E248159319F010,docked_bike,2021-03-05 09:20:35,2021-03-05 09:29:02,Clinton St & Joralemon St,4605,Jay St & York St,4895,40.692395,-73.993379,40.701403,-73.986727,member
1005688,526452241F9BC98B,docked_bike,2021-03-05 13:39:47,2021-03-05 14:04:26,Clinton St & Joralemon St,4605,W Broadway & W Houston St,5644,40.692395,-73.993379,40.726378,-74.000472,casual
1022031,D0C92FB3B6196BE4,docked_bike,2021-03-20 10:23:48,2021-03-20 10:41:22,Clinton St & Joralemon St,4605,Rivington St & Chrystie St,5453,40.692395,-73.993379,40.72110063,-73.9919254,member
1022145,0E632E96951EC254,docked_bike,2021-03-03 22:08:17,2021-03-03 22:23:13,Clinton St & Joralemon St,4605,Eastern Pkwy & Franklin Ave,3919,40.692395,-73.993379,40.670777,-73.95768,casual
1022216,336DF8A73747A0B4,docked_bike,2021-03-01 15:16:16,2021-03-01 15:22:34,Clinton St & Joralemon St,4605,Jay St & York St,4895,40.692395,-73.993379,40.70140317257725,-73.98672670125961,casual
1022233,10F18821487AB472,docked_bike,2021-03-14 13:24:52,2021-03-14 13:53:32,Clinton St & Joralemon St,4605,W Broadway & W Houston St,5644,40.692395,-73.993379,40.726378,-74.000472,member
1022556,626ECDBBEC38FE55,docked_bike,2021-03-11 18:41:58,2021-03-11 18:48:24,Clinton St & Joralemon St,4605,Jay St & York St,4895,40.692395,-73.993379,40.70140317257725,-73.98672670125961,member
1022625,7BE20D337D4220FB,docked_bike,2021-03-14 18:35:26,2021-03-14 19:27:00,Clinton St & Joralemon St,4605,Greenwich Ave & 8 Ave,6072,40.692395,-73.993379,40.7390169121,-74.0026376103,member
1022640,9696D588FB9351AC,docked_bike,2021-03-08 12:12:28,2021-03-08 12:37:43,Clinton St & Joralemon St,4605,Eastern Pkwy & Franklin Ave,3919,40.692395,-73.993379,40.6707767,-73.9576801,casual
1022655,66AC7D48404F867B,docked_bike,2021-03-03 13:02:56,2021-03-03 13:20:23,Clinton St & Joralemon St,4605,Rivington St & Chrystie St,5453,40.692395,-73.993379,40.72110063,-73.9919254,casual
1024970,E7995C7A63735047,docked_bike,2021-03-30 10:30:18,2021-03-30 10:46:15,Clinton St & Joralemon St,4605,Jay St & York St,4895,40.692395,-73.993379,40.701403,-73.986727,member
1029914,ACD3840BFAC44627,docked_bike,2021-03-19 18:12:58,2021-03-19 18:18:54,Clinton St & Joralemon St,4605,Carroll St & Smith St,4225,40.692395,-73.993379,40.680611,-73.99475825,member
1029927,1157107C1E3CF90C,docked_bike,2021-03-09 15:19:21,2021-03-09 15:28:41,Clinton St & Joralemon St,4605,Carroll St & Smith St,4225,40.692395,-73.993379,40.680611,-73.994758,member
1029934,B6691F09004FC547,docked_bike,2021-03-12 11:28:18,2021-03-12 11:36:30,Clinton St & Joralemon St,4605,Carroll St & Smith St,4225,40.692395,-73.993379,40.680611,-73.99475825,member
1030238,89753AF720EC7340,docked_bike,2021-03-13 16:05:17,2021-03-13 16:11:09,Clinton St & Joralemon St,4605,Carroll St & Smith St,4225,40.692395,-73.993379,40.680611,-73.99475825,member
1030244,DED6009379F4B6A3,docked_bike,2021-03-25 11:29:18,2021-03-25 11:36:25,Clinton St & Joralemon St,4605,Carroll St & Smith St,4225,40.692395,-73.993379,40.680611,-73.99475825,member
1036681,63AD311D7068AA25,docked_bike,2021-03-11 17:17:38,2021-03-11 17:28:00,Clinton St & Joralemon St,4605,Hanson Pl & Ashland Pl,4395,40.692395,-73.993379,40.68506807308177,-73.97790759801863,member
1036954,8EF214267B021291,docked_bike,2021-03-20 19:17:53,2021-03-20 19:30:02,Clinton St & Joralemon St,4605,Hanson Pl & Ashland Pl,4395,40.692395,-73.993379,40.68506807308177,-73.97790759801863,casual
1036955,F7AA950A58336EF2,docked_bike,2021-03-23 18:45:55,2021-03-23 18:54:41,Clinton St & Joralemon St,4605,Hanson Pl & Ashland Pl,4395,40.692395,-73.993379,40.68506807308177,-73.97790759801863,member
1037198,1AA32C41AEDDA9A2,docked_bike,2021-03-11 17:17:25,2021-03-11 17:27:57,Clinton St & Joralemon St,4605,Hanson Pl & Ashland Pl,4395,40.692395,-73.993379,40.68506807308177,-73.97790759801863,member
1041021,B0D998D831B9F583,docked_bike,2021-03-08 18:05:49,2021-03-08 18:17:32,Clinton St & Joralemon St,4605,Hanson Pl & Ashland Pl,4395,40.692395,-73.993379,40.68506807308177,-73.97790759801863,member
1041063,5839DC5E73847696,docked_bike,2021-03-15 14:06:09,2021-03-15 14:12:15,Clinton St & Joralemon St,4605,Hanson Pl & Ashland Pl,4395,40.692395,-73.993379,40.68506807308177,-73.97790759801863,member
1041643,1627DC3EA7130B89,docked_bike,2021-03-16 16:38:31,2021-03-16 17:01:15,Clinton St & Joralemon St,4605,E 2 St & 2 Ave,5593,40.692395,-73.993379,40.72502876,-73.99069656,member
1041644,6259E145B0C34097,docked_bike,2021-03-11 17:43:07,2021-03-11 18:06:26,Clinton St & Joralemon St,4605,E 2 St & 2 Ave,5593,40.692395,-73.993379,40.72502876,-73.99069656,member
1041667,1BBA5FF97718CA7C,docked_bike,2021-03-20 19:17:07,2021-03-20 19:33:42,Clinton St & Joralemon St,4605,Hanson Pl & Ashland Pl,4395,40.692395,-73.993379,40.68506807308177,-73.97790759801863,casual
1044620,587B34EA0EF95874,docked_bike,2021-03-26 16:40:34,2021-03-26 16:51:57,Clinton St & Joralemon St,4605,Hanson Pl & Ashland Pl,4395,40.692395,-73.993379,40.68506807308177,-73.97790759801863,member
1048063,93D9F7C15AF9E104,docked_bike,2021-03-17 08:41:35,2021-03-17 08:53:25,Clinton St & Joralemon St,4605,Dock 72 Way & Market St,4804,40.692395,-73.993379,40.69985,-73.97141,member
1048548,418C4EE34CCEC3CA,docked_bike,2021-03-24 09:20:37,2021-03-24 09:31:04,Clinton St & Joralemon St,4605,Dock 72 Way & Market St,4804,40.692395,-73.993379,40.69985,-73.97141,member
1052292,9D40DA2405834FB1,docked_bike,2021-03-12 06:40:28,2021-03-12 06:55:11,Clinton St & Joralemon St,4605,Vesey Pl & River Terrace,5297,40.692395,-73.993379,40.7153379,-74.01658354,member
1052323,65FC0794B74C6409,docked_bike,2021-03-19 07:42:26,2021-03-19 07:57:23,Clinton St & Joralemon St,4605,Vesey Pl & River Terrace,5297,40.692395,-73.993379,40.7153379,-74.01658354,member
1057705,5B3E550F9D994B1B,docked_bike,2021-03-17 06:56:26,2021-03-17 07:12:07,Clinton St & Joralemon St,4605,Vesey Pl & River Terrace,5297,40.692395,-73.993379,40.7153379,-74.01658354,member
1058342,567CA7C61BF640F6,docked_bike,2021-03-18 17:43:36,2021-03-18 17:54:37,Clinton St & Joralemon St,4605,Van Brunt St & Van Dyke St,4095,40.692395,-73.993379,40.6758329439129,-74.01472628116608,member
1058343,F4A27CA923153141,docked_bike,2021-03-07 17:30:17,2021-03-07 17:54:33,Clinton St & Joralemon St,4605,S 5 Pl & S 5 St,5125,40.692395,-73.993379,40.710451,-73.960876,member
1068525,F9580630CE9AB4A8,docked_bike,2021-03-12 10:58:46,2021-03-12 11:08:35,Clinton St & Joralemon St,4605,7 St & 3 Ave,3996,40.692395,-73.993379,40.672603,-73.98983,member
1068526,634E1D9738BC0987,docked_bike,2021-03-22 20:01:05,2021-03-22 20:38:04,Clinton St & Joralemon St,4605,Van Brunt St & Van Dyke St,4095,40.692395,-73.993379,40.6758329439129,-74.01472628116608,member
1068530,73400FACB757C2E1,docked_bike,2021-03-29 20:22:58,2021-03-29 21:02:17,Clinton St & Joralemon St,4605,Van Brunt St & Van Dyke St,4095,40.692395,-73.993379,40.6758329439129,-74.01472628116608,member
1068531,400C5D2EF7658C3D,docked_bike,2021-03-20 17:51:17,2021-03-20 18:31:20,Clinton St & Joralemon St,4605,Van Brunt St & Van Dyke St,4095,40.692395,-73.993379,40.6758329439129,-74.01472628116608,member
1068577,6139C5C2789BDC79,docked_bike,2021-03-15 16:25:38,2021-03-15 16:40:36,Clinton St & Joralemon St,4605,7 St & 3 Ave,3996,40.692395,-73.993379,40.67260298150126,-73.98983001708984,member
1068606,1ABF80FDAC7EC285,docked_bike,2021-03-25 18:13:21,2021-03-25 18:30:43,Clinton St & Joralemon St,4605,7 St & 3 Ave,3996,40.692395,-73.993379,40.67260298150126,-73.98983001708984,member
1068607,27CDF56A3D56EEA2,docked_bike,2021-03-17 16:41:29,2021-03-17 16:54:25,Clinton St & Joralemon St,4605,Van Brunt St & Van Dyke St,4095,40.692395,-73.993379,40.6758329439129,-74.01472628116608,member
1068647,AAB29D0477AE4D79,docked_bike,2021-03-15 19:01:04,2021-03-15 19:21:48,Clinton St & Joralemon St,4605,Pier 40 - Hudson River Park,5696,40.692395,-73.993379,40.7277140777778,-74.01129573583603,member
1068669,D9B5F27FDB619005,docked_bike,2021-03-23 17:07:26,2021-03-23 17:24:03,Clinton St & Joralemon St,4605,Van Brunt St & Van Dyke St,4095,40.692395,-73.993379,40.6758329439129,-74.01472628116608,member
1068708,08FC4B58FD69F4BD,docked_bike,2021-03-15 14:01:27,2021-03-15 14:15:52,Clinton St & Joralemon St,4605,7 St & 3 Ave,3996,40.692395,-73.993379,40.67260298150126,-73.98983001708984,casual
1068718,0AE68D8211E74882,docked_bike,2021-03-22 15:20:27,2021-03-22 15:46:24,Clinton St & Joralemon St,4605,Stagg St & Union Ave,5117,40.692395,-73.993379,40.70877084,-73.95095259,member
1068719,380F67DF67BC9B3C,docked_bike,2021-03-05 18:55:20,2021-03-05 19:10:38,Clinton St & Joralemon St,4605,Van Brunt St & Van Dyke St,4095,40.692395,-73.993379,40.6758329439129,-74.01472628116608,member
1068729,40905EA3CF2045DB,docked_bike,2021-03-15 06:59:11,2021-03-15 07:08:43,Clinton St & Joralemon St,4605,Van Brunt St & Van Dyke St,4095,40.692395,-73.993379,40.6758329439129,-74.01472628116608,member
1084294,8C7665BCFC4722EF,docked_bike,2021-03-02 15:02:42,2021-03-02 15:18:01,Clinton St & Joralemon St,4605,Broadway & Battery Pl,4962,40.692395,-73.993379,40.704633,-74.013617,member
1090759,0D6FC4156DF0C605,docked_bike,2021-03-10 15:25:01,2021-03-10 15:32:24,Clinton St & Joralemon St,4605,Clinton St & 4 Place,4119,40.692395,-73.993379,40.6783563,-74.00014502,member
1090778,9780974D3D267AC3,docked_bike,2021-03-10 12:25:59,2021-03-10 12:40:36,Clinton St & Joralemon St,4605,Clinton St & 4 Place,4119,40.692395,-73.993379,40.6783563,-74.00014502,member
1090782,464BA2CD5DD9C0F6,docked_bike,2021-03-02 15:39:52,2021-03-02 15:47:32,Clinton St & Joralemon St,4605,Clinton St & 4 Place,4119,40.692395,-73.993379,40.6783563,-74.00014502,member
1090787,EA3317B1B644757F,docked_bike,2021-03-01 11:36:22,2021-03-01 11:58:04,Clinton St & Joralemon St,4605,Lexington Ave & E 26 St,6089,40.692395,-73.993379,40.741459,-73.983293,member
1090813,2D14C747BBC5C307,docked_bike,2021-03-22 22:17:02,2021-03-22 22:24:56,Clinton St & Joralemon St,4605,Clinton St & 4 Place,4119,40.692395,-73.993379,40.6783563,-74.00014502,member
1090865,0C835CCE47D2D509,docked_bike,2021-03-26 19:00:14,2021-03-26 19:30:17,Clinton St & Joralemon St,4605,Stagg St & Morgan Ave,5170,40.692395,-73.993379,40.710681,-73.93372,casual
1091032,9843B98B7284681D,docked_bike,2021-03-20 15:56:24,2021-03-20 16:03:16,Clinton St & Joralemon St,4605,Clinton St & 4 Place,4119,40.692395,-73.993379,40.6783563,-74.00014502,member
1094870,921CEA372FDB1B16,docked_bike,2021-03-09 16:15:33,2021-03-09 16:22:12,Clinton St & Joralemon St,4605,Clinton St & 4 Place,4119,40.692395,-73.993379,40.6783563,-74.00014502,member
1096241,A947DF9869B3E80D,docked_bike,2021-03-15 15:46:55,2021-03-15 16:05:16,Clinton St & Joralemon St,4605,Murray St & Greenwich St,5288,40.692395,-73.993379,40.71485150526252,-74.01122331619263,casual
1096464,67E4F9A4572C7247,docked_bike,2021-03-20 20:58:00,2021-03-20 21:13:36,Clinton St & Joralemon St,4605,Clinton St & 4 Place,4119,40.692395,-73.993379,40.6783563,-74.00014502,member
1099054,BC33D3B1041771B3,docked_bike,2021-03-20 22:11:26,2021-03-20 22:35:39,Clinton St & Joralemon St,4605,Bergen St & Smith St,4446,40.692395,-73.993379,40.6867443,-73.99063168,casual
1099059,6C48EE70759640BA,docked_bike,2021-03-26 14:46:29,2021-03-26 14:53:19,Clinton St & Joralemon St,4605,Carroll St & Columbia St,4348,40.692395,-73.993379,40.6830456,-74.00348559,member
1104578,9DA1CF7C3E107ABC,docked_bike,2021-03-09 08:51:10,2021-03-09 09:15:59,Clinton St & Joralemon St,4605,Broadway & W 25 St,6173,40.692395,-73.993379,40.74286877312112,-73.98918628692627,member
1104882,F0D036F1E57BC249,docked_bike,2021-03-10 17:13:41,2021-03-10 17:17:34,Clinton St & Joralemon St,4605,Schermerhorn St & Bond St,4479,40.692395,-73.993379,40.688417427540834,-73.98451656103134,member
1121134,32A31D84FFD8E527,docked_bike,2021-03-22 16:13:04,2021-03-22 16:29:21,Clinton St & Joralemon St,4605,Carlton Ave & Park Ave,4732,40.692395,-73.993379,40.69580705,-73.97355569,member
1132902,0603FE1814FF4A8D,docked_bike,2021-03-16 14:17:28,2021-03-16 14:22:55,Clinton St & Joralemon St,4605,Henry St & Degraw St,4380,40.692395,-73.993379,40.6847514,-73.99917254,member
1132906,54778C4C81804AB4,docked_bike,2021-03-16 18:56:48,2021-03-16 19:01:33,Clinton St & Joralemon St,4605,Henry St & Degraw St,4380,40.692395,-73.993379,40.6847514,-73.99917254,member
1132915,E8DA5A3266288C5A,docked_bike,2021-03-09 18:17:57,2021-03-09 18:22:32,Clinton St & Joralemon St,4605,Henry St & Degraw St,4380,40.692395,-73.993379,40.6847514,-73.99917254,member
1132916,1084C5791BA8DF4E,docked_bike,2021-03-10 18:48:03,2021-03-10 18:52:30,Clinton St & Joralemon St,4605,Henry St & Degraw St,4380,40.692395,-73.993379,40.6847514,-73.99917254,member
1132919,7772390F1D76CFF2,docked_bike,2021-03-10 16:34:18,2021-03-10 16:47:12,Clinton St & Joralemon St,4605,Henry St & Degraw St,4380,40.692395,-73.993379,40.6847514,-73.99917254,member
1132932,70B3B5DA80BB73A4,docked_bike,2021-03-25 21:09:13,2021-03-25 21:12:55,Clinton St & Joralemon St,4605,Henry St & Degraw St,4380,40.692395,-73.993379,40.6847514,-73.99917254,member
1132936,E6181C9694FA98A4,docked_bike,2021-03-02 15:09:21,2021-03-02 15:13:05,Clinton St & Joralemon St,4605,Henry St & Degraw St,4380,40.692395,-73.993379,40.6847514,-73.99917254,member
1132938,791B12BD701543E4,docked_bike,2021-03-02 18:43:58,2021-03-02 18:48:36,Clinton St & Joralemon St,4605,Henry St & Degraw St,4380,40.692395,-73.993379,40.6847514,-73.99917254,member
1132939,EEAE9F93F8D11F00,docked_bike,2021-03-04 18:26:22,2021-03-04 18:30:47,Clinton St & Joralemon St,4605,Henry St & Degraw St,4380,40.692395,-73.993379,40.6847514,-73.99917254,member
1132940,507BD7889861A09C,docked_bike,2021-03-16 18:52:14,2021-03-16 18:56:51,Clinton St & Joralemon St,4605,Henry St & Degraw St,4380,40.692395,-73.993379,40.6847514,-73.99917254,member
1132941,5CA952EF9A4C0CDC,docked_bike,2021-03-08 18:20:57,2021-03-08 18:25:13,Clinton St & Joralemon St,4605,Henry St & Degraw St,4380,40.692395,-73.993379,40.6847514,-73.99917254,member
1132943,5EEFA667EAC1A1E8,docked_bike,2021-03-01 18:15:48,2021-03-01 18:20:21,Clinton St & Joralemon St,4605,Henry St & Degraw St,4380,40.692395,-73.993379,40.6847514,-73.99917254,member
1132944,350028F88DD1B4A2,docked_bike,2021-03-22 18:37:33,2021-03-22 18:42:17,Clinton St & Joralemon St,4605,Henry St & Degraw St,4380,40.692395,-73.993379,40.6847514,-73.99917254,member
1132945,E6809A63B0B0825F,docked_bike,2021-03-15 18:32:01,2021-03-15 18:36:40,Clinton St & Joralemon St,4605,Henry St & Degraw St,4380,40.692395,-73.993379,40.6847514,-73.99917254,member
1132946,79CAD51E62075707,docked_bike,2021-03-30 18:15:00,2021-03-30 18:19:04,Clinton St & Joralemon St,4605,Henry St & Degraw St,4380,40.692395,-73.993379,40.6847514,-73.99917254,member
1132962,43C94449ED1190B5,docked_bike,2021-03-02 18:31:00,2021-03-02 18:35:27,Clinton St & Joralemon St,4605,Henry St & Degraw St,4380,40.692395,-73.993379,40.6847514,-73.99917254,member
1132966,250475F232739BA4,docked_bike,2021-03-29 15:23:57,2021-03-29 15:50:49,Clinton St & Joralemon St,4605,Banker St & Meserole Ave,5633,40.692395,-73.993379,40.72606,-73.95621,member
1132989,539B245B3464E296,docked_bike,2021-03-29 17:51:45,2021-03-29 17:56:06,Clinton St & Joralemon St,4605,Henry St & Degraw St,4380,40.692395,-73.993379,40.6847514,-73.99917254,member
1132990,0AFD5270BAA21EC1,docked_bike,2021-03-02 14:27:33,2021-03-02 14:33:28,Clinton St & Joralemon St,4605,Nassau St & Navy St,4812,40.692395,-73.993379,40.69839895,-73.98068914,member
1132992,A6D6D66063C84B0E,docked_bike,2021-03-03 18:16:57,2021-03-03 18:21:43,Clinton St & Joralemon St,4605,Henry St & Degraw St,4380,40.692395,-73.993379,40.6847514,-73.99917254,member
1132993,EE2BD14E742E25B3,docked_bike,2021-03-18 17:02:38,2021-03-18 17:08:06,Clinton St & Joralemon St,4605,Henry St & Degraw St,4380,40.692395,-73.993379,40.6847514,-73.99917254,member
1132994,E0E3A9FB8FEAD7F7,docked_bike,2021-03-23 18:33:39,2021-03-23 18:38:11,Clinton St & Joralemon St,4605,Henry St & Degraw St,4380,40.692395,-73.993379,40.6847514,-73.99917254,member
1132995,5E1E2582C743FD91,docked_bike,2021-03-11 18:19:21,2021-03-11 18:23:45,Clinton St & Joralemon St,4605,Henry St & Degraw St,4380,40.692395,-73.993379,40.6847514,-73.99917254,member
1132996,75224D3E6A739C1F,docked_bike,2021-03-15 18:07:32,2021-03-15 18:11:19,Clinton St & Joralemon St,4605,Henry St & Degraw St,4380,40.692395,-73.993379,40.6847514,-73.99917254,member
1133002,DDED9BE3D38F269B,docked_bike,2021-03-22 16:57:45,2021-03-22 17:02:51,Clinton St & Joralemon St,4605,Henry St & Degraw St,4380,40.692395,-73.993379,40.6847514,-73.99917254,member
1133003,D973F5440E00960F,docked_bike,2021-03-12 18:26:02,2021-03-12 18:30:53,Clinton St & Joralemon St,4605,Henry St & Degraw St,4380,40.692395,-73.993379,40.6847514,-73.99917254,member
1133004,AFC37AAF2A1FBCF5,docked_bike,2021-03-01 14:43:14,2021-03-01 14:49:20,Clinton St & Joralemon St,4605,Nassau St & Navy St,4812,40.692395,-73.993379,40.69839895,-73.98068914,member
1133011,336F87A55EC58F92,docked_bike,2021-03-26 19:06:31,2021-03-26 19:10:33,Clinton St & Joralemon St,4605,Henry St & Degraw St,4380,40.692395,-73.993379,40.6847514,-73.99917254,member
1133013,349C80801AEBEAE4,docked_bike,2021-03-17 18:29:34,2021-03-17 18:34:20,Clinton St & Joralemon St,4605,Henry St & Degraw St,4380,40.692395,-73.993379,40.6847514,-73.99917254,member
1133014,38D10C3DE2D16C24,docked_bike,2021-03-30 18:27:58,2021-03-30 18:32:45,Clinton St & Joralemon St,4605,Henry St & Degraw St,4380,40.692395,-73.993379,40.6847514,-73.99917254,member
1133015,61926FEDD7462100,docked_bike,2021-03-19 18:37:07,2021-03-19 18:43:02,Clinton St & Joralemon St,4605,Henry St & Degraw St,4380,40.692395,-73.993379,40.6847514,-73.99917254,member
1133019,4D83106A2C94BC86,docked_bike,2021-03-17 12:18:59,2021-03-17 12:23:18,Clinton St & Joralemon St,4605,Henry St & Degraw St,4380,40.692395,-73.993379,40.6847514,-73.99917254,member
1133030,5D8F48FC89E5F23D,docked_bike,2021-03-23 16:50:53,2021-03-23 16:55:51,Clinton St & Joralemon St,4605,Henry St & Degraw St,4380,40.692395,-73.993379,40.6847514,-73.99917254,member
1133031,73A9B548E8BBFF4A,docked_bike,2021-03-31 18:55:39,2021-03-31 19:01:08,Clinton St & Joralemon St,4605,Henry St & Degraw St,4380,40.692395,-73.993379,40.6847514,-73.99917254,member
1133033,CEE85794F7DD19C5,docked_bike,2021-03-27 12:40:02,2021-03-27 13:15:22,Clinton St & Joralemon St,4605,MacDougal St & Washington Sq,5797,40.692395,-73.993379,40.73226398,-73.99852205,casual
1133035,1A36466D777EE228,docked_bike,2021-03-05 18:30:12,2021-03-05 18:34:43,Clinton St & Joralemon St,4605,Henry St & Degraw St,4380,40.692395,-73.993379,40.6847514,-73.99917254,member
1133036,A1E10B6DE7962798,docked_bike,2021-03-09 15:10:32,2021-03-09 15:15:27,Clinton St & Joralemon St,4605,Henry St & Degraw St,4380,40.692395,-73.993379,40.6847514,-73.99917254,member
1133041,92559046B567B75D,docked_bike,2021-03-25 08:59:50,2021-03-25 09:07:25,Clinton St & Joralemon St,4605,Henry St & Degraw St,4380,40.692395,-73.993379,40.684751,-73.999173,member
1133065,0EE2C7B53DE92AF7,docked_bike,2021-03-26 14:59:01,2021-03-26 15:04:24,Clinton St & Joralemon St,4605,Henry St & Degraw St,4380,40.692395,-73.993379,40.6847514,-73.99917254,member
1133074,09D6DE18AD5283EC,docked_bike,2021-03-18 11:45:56,2021-03-18 11:52:17,Clinton St & Joralemon St,4605,Henry St & Degraw St,4380,40.692395,-73.993379,40.6847514,-73.99917254,member
1133079,3AF72DD41804CC45,docked_bike,2021-03-19 15:37:48,2021-03-19 15:43:19,Clinton St & Joralemon St,4605,Henry St & Degraw St,4380,40.692395,-73.993379,40.6847514,-73.99917254,member
1133084,52AE21879513546F,docked_bike,2021-03-11 18:57:37,2021-03-11 19:02:32,Clinton St & Joralemon St,4605,Henry St & Degraw St,4380,40.692395,-73.993379,40.6847514,-73.99917254,member
1133085,76DDFFA6EC728F5C,docked_bike,2021-03-09 21:28:02,2021-03-09 21:32:01,Clinton St & Joralemon St,4605,Henry St & Degraw St,4380,40.692395,-73.993379,40.6847514,-73.99917254,member
1133093,A77B7AA6351AED9C,docked_bike,2021-03-01 17:00:44,2021-03-01 17:04:56,Clinton St & Joralemon St,4605,Henry St & Degraw St,4380,40.692395,-73.993379,40.6847514,-73.99917254,member
1133094,5B8FF1E0535F1A8E,docked_bike,2021-03-05 21:22:50,2021-03-05 21:27:17,Clinton St & Joralemon St,4605,Henry St & Degraw St,4380,40.692395,-73.993379,40.6847514,-73.99917254,member
1133095,2C87E6BB2F000FA8,docked_bike,2021-03-26 21:24:19,2021-03-26 21:28:38,Clinton St & Joralemon St,4605,Henry St & Degraw St,4380,40.692395,-73.993379,40.6847514,-73.99917254,member
1133098,30807374E36D5CAC,docked_bike,2021-03-16 18:40:50,2021-03-16 18:44:20,Clinton St & Joralemon St,4605,Henry St & Degraw St,4380,40.692395,-73.993379,40.6847514,-73.99917254,member
1133099,94428EE6D9B30F32,docked_bike,2021-03-31 17:29:46,2021-03-31 17:34:30,Clinton St & Joralemon St,4605,Henry St & Degraw St,4380,40.692395,-73.993379,40.6847514,-73.99917254,member
1133189,52A20817B16870AA,docked_bike,2021-03-19 22:14:06,2021-03-19 22:19:03,Clinton St & Joralemon St,4605,Henry St & Degraw St,4380,40.692395,-73.993379,40.6847514,-73.99917254,member
1133190,0E43AC23418F6FB4,docked_bike,2021-03-20 17:19:21,2021-03-20 17:24:24,Clinton St & Joralemon St,4605,Henry St & Degraw St,4380,40.692395,-73.993379,40.6847514,-73.99917254,member
1133196,D2CA15F3F48D4267,docked_bike,2021-03-09 18:13:26,2021-03-09 18:18:54,Clinton St & Joralemon St,4605,Henry St & Degraw St,4380,40.692395,-73.993379,40.6847514,-73.99917254,member
1133199,9F7D0CED1B26AA9E,docked_bike,2021-03-23 18:20:48,2021-03-23 18:25:23,Clinton St & Joralemon St,4605,Henry St & Degraw St,4380,40.692395,-73.993379,40.6847514,-73.99917254,member
1133201,0A8A61B49AF6080D,docked_bike,2021-03-09 20:25:26,2021-03-09 20:29:20,Clinton St & Joralemon St,4605,Henry St & Degraw St,4380,40.692395,-73.993379,40.6847514,-73.99917254,member
1133549,FD3C92ECE7E059BA,docked_bike,2021-03-13 16:34:38,2021-03-13 17:03:20,Clinton St & Joralemon St,4605,Nassau St & Navy St,4812,40.692395,-73.993379,40.69839895,-73.98068914,member
1133642,8B32D967DE202654,docked_bike,2021-03-13 12:52:55,2021-03-13 12:57:33,Clinton St & Joralemon St,4605,Henry St & Degraw St,4380,40.692395,-73.993379,40.6847514,-73.99917254,member
1133643,C097C638EB004592,docked_bike,2021-03-12 19:11:27,2021-03-12 19:17:04,Clinton St & Joralemon St,4605,Henry St & Degraw St,4380,40.692395,-73.993379,40.6847514,-73.99917254,member
1133647,FC14492A5EDF1630,docked_bike,2021-03-24 17:53:55,2021-03-24 17:58:42,Clinton St & Joralemon St,4605,Henry St & Degraw St,4380,40.692395,-73.993379,40.6847514,-73.99917254,member
1133833,202F7E51797A9BFD,docked_bike,2021-03-15 21:09:25,2021-03-15 21:12:58,Clinton St & Joralemon St,4605,Henry St & Degraw St,4380,40.692395,-73.993379,40.6847514,-73.99917254,member
1133835,F764D1E6E56EFC76,docked_bike,2021-03-24 13:35:33,2021-03-24 13:39:53,Clinton St & Joralemon St,4605,Henry St & Degraw St,4380,40.692395,-73.993379,40.6847514,-73.99917254,member
1133836,6021ECF652B07573,docked_bike,2021-03-14 18:05:54,2021-03-14 18:10:16,Clinton St & Joralemon St,4605,Henry St & Degraw St,4380,40.692395,-73.993379,40.6847514,-73.99917254,member
1133838,88CA522262BF8E81,docked_bike,2021-03-23 14:22:03,2021-03-23 14:26:56,Clinton St & Joralemon St,4605,Henry St & Degraw St,4380,40.692395,-73.993379,40.6847514,-73.99917254,member
1137761,9FAA3360EE1D03F9,docked_bike,2021-03-01 15:34:04,2021-03-01 15:56:30,Clinton St & Joralemon St,4605,W 11 St & 6 Ave,5914,40.692395,-73.993379,40.73532427,-73.99800419,member
1137763,0FDAB4ED31C66DDB,docked_bike,2021-03-21 14:27:23,2021-03-21 14:39:21,Clinton St & Joralemon St,4605,Berkeley Pl & 7 Ave,4051,40.692395,-73.993379,40.675146838709786,-73.97523209452629,member
1140338,D1DBFC6A2DB9074B,docked_bike,2021-03-10 12:57:51,2021-03-10 13:34:34,Clinton St & Joralemon St,4605,21 St & 43 Ave,6395,40.692395,-73.993379,40.75052534,-73.94594845,member
1140917,2748621A473BFAFC,docked_bike,2021-03-20 13:17:34,2021-03-20 13:28:46,Clinton St & Joralemon St,4605,Berkeley Pl & 7 Ave,4051,40.692395,-73.993379,40.675146838709786,-73.97523209452629,member
1148890,15DA6B47977CEA2F,docked_bike,2021-03-01 14:39:23,2021-03-01 14:51:50,Clinton St & Joralemon St,4605,Berkeley Pl & 7 Ave,4051,40.692395,-73.993379,40.675146838709786,-73.97523209452629,member
1153699,01811ACC13B5418B,docked_bike,2021-03-30 17:33:50,2021-03-30 17:35:25,Clinton St & Joralemon St,4605,Montague St & Clinton St,4677,40.692395,-73.993379,40.694281141397326,-73.99230033159256,member
1153706,7E4224B2F9993BAF,docked_bike,2021-03-12 08:51:20,2021-03-12 08:53:55,Clinton St & Joralemon St,4605,Montague St & Clinton St,4677,40.692395,-73.993379,40.694281141397326,-73.99230033159256,member
1153714,8205DDCC2208C8CD,docked_bike,2021-03-12 08:32:50,2021-03-12 08:34:22,Clinton St & Joralemon St,4605,Montague St & Clinton St,4677,40.692395,-73.993379,40.694281141397326,-73.99230033159256,member
1153715,02AFB79174476638,docked_bike,2021-03-24 10:23:52,2021-03-24 10:25:09,Clinton St & Joralemon St,4605,Montague St & Clinton St,4677,40.692395,-73.993379,40.694281141397326,-73.99230033159256,member
1153755,F7CDE2342AD35CC3,docked_bike,2021-03-22 14:21:48,2021-03-22 14:23:43,Clinton St & Joralemon St,4605,Montague St & Clinton St,4677,40.692395,-73.993379,40.694281141397326,-73.99230033159256,member
1153766,3FEE1AACC77DF42B,docked_bike,2021-03-20 17:14:21,2021-03-20 17:15:36,Clinton St & Joralemon St,4605,Montague St & Clinton St,4677,40.692395,-73.993379,40.694281141397326,-73.99230033159256,member
1153767,2FDEEFE99A04C459,docked_bike,2021-03-20 16:19:09,2021-03-20 16:20:23,Clinton St & Joralemon St,4605,Montague St & Clinton St,4677,40.692395,-73.993379,40.694281141397326,-73.99230033159256,member
1153768,894EE24B78EF9096,docked_bike,2021-03-08 14:52:24,2021-03-08 14:54:52,Clinton St & Joralemon St,4605,Montague St & Clinton St,4677,40.692395,-73.993379,40.694281141397326,-73.99230033159256,member
1153769,83C643834FE95951,docked_bike,2021-03-27 17:06:41,2021-03-27 17:08:01,Clinton St & Joralemon St,4605,Montague St & Clinton St,4677,40.692395,-73.993379,40.694281141397326,-73.99230033159256,member
1153770,03B5AF22FE078753,docked_bike,2021-03-21 14:40:30,2021-03-21 14:41:38,Clinton St & Joralemon St,4605,Montague St & Clinton St,4677,40.692395,-73.993379,40.694281141397326,-73.99230033159256,member
1153771,1D701CE01A64E58F,docked_bike,2021-03-21 14:29:57,2021-03-21 14:31:59,Clinton St & Joralemon St,4605,Montague St & Clinton St,4677,40.692395,-73.993379,40.694281141397326,-73.99230033159256,casual
1153775,97504468519C55BB,docked_bike,2021-03-27 17:53:39,2021-03-27 17:55:23,Clinton St & Joralemon St,4605,Montague St & Clinton St,4677,40.692395,-73.993379,40.694281141397326,-73.99230033159256,member
1153779,13BEE523FA6BD363,docked_bike,2021-03-02 18:47:41,2021-03-02 18:49:02,Clinton St & Joralemon St,4605,Montague St & Clinton St,4677,40.692395,-73.993379,40.694281,-73.9923,member
1153780,2F8DB5DCCEAA7564,docked_bike,2021-03-27 17:16:51,2021-03-27 17:18:09,Clinton St & Joralemon St,4605,Montague St & Clinton St,4677,40.692395,-73.993379,40.694281141397326,-73.99230033159256,member
1153785,6CFE8205C26D24D0,docked_bike,2021-03-25 08:56:24,2021-03-25 08:58:54,Clinton St & Joralemon St,4605,Montague St & Clinton St,4677,40.692395,-73.993379,40.694281141397326,-73.99230033159256,member
1153789,914EB59403980421,docked_bike,2021-03-10 08:21:14,2021-03-10 08:22:32,Clinton St & Joralemon St,4605,Montague St & Clinton St,4677,40.692395,-73.993379,40.694281141397326,-73.99230033159256,member
1153817,E78115CCFF1FC51A,docked_bike,2021-03-28 18:24:45,2021-03-28 18:26:14,Clinton St & Joralemon St,4605,Montague St & Clinton St,4677,40.692395,-73.993379,40.694281141397326,-73.99230033159256,member
1153822,2993A7F35B9BAC4F,docked_bike,2021-03-20 16:09:51,2021-03-20 16:11:30,Clinton St & Joralemon St,4605,Montague St & Clinton St,4677,40.692395,-73.993379,40.694281141397326,-73.99230033159256,member
1153827,5EA0A8C6E4BBAD01,docked_bike,2021-03-15 19:59:05,2021-03-15 20:00:46,Clinton St & Joralemon St,4605,Montague St & Clinton St,4677,40.692395,-73.993379,40.694281141397326,-73.99230033159256,member
1153828,530A497BA0AC93B7,docked_bike,2021-03-03 18:55:49,2021-03-03 18:57:10,Clinton St & Joralemon St,4605,Montague St & Clinton St,4677,40.692395,-73.993379,40.694281141397326,-73.99230033159256,member
1153829,34E57652FCEDDFD5,docked_bike,2021-03-17 19:55:17,2021-03-17 19:56:46,Clinton St & Joralemon St,4605,Montague St & Clinton St,4677,40.692395,-73.993379,40.694281141397326,-73.99230033159256,member
1153837,9741623BC7F91918,docked_bike,2021-03-03 19:04:44,2021-03-03 19:06:22,Clinton St & Joralemon St,4605,Montague St & Clinton St,4677,40.692395,-73.993379,40.694281,-73.9923,member
1153838,771AD921513A5CE9,docked_bike,2021-03-03 19:10:05,2021-03-03 19:11:33,Clinton St & Joralemon St,4605,Montague St & Clinton St,4677,40.692395,-73.993379,40.694281,-73.9923,member
1153890,EFAECFBE94C429A2,docked_bike,2021-03-28 17:28:53,2021-03-28 17:50:15,Clinton St & Joralemon St,4605,Montague St & Clinton St,4677,40.692395,-73.993379,40.694281141397326,-73.99230033159256,member
1153891,A6B75FA1818A1932,docked_bike,2021-03-14 15:14:52,2021-03-14 15:22:47,Clinton St & Joralemon St,4605,Montague St & Clinton St,4677,40.692395,-73.993379,40.694281141397326,-73.99230033159256,member
1153917,81EAC0388B15A57F,docked_bike,2021-03-17 08:31:27,2021-03-17 08:33:04,Clinton St & Joralemon St,4605,Montague St & Clinton St,4677,40.692395,-73.993379,40.694281141397326,-73.99230033159256,member
1153918,907418B09C6FC54A,docked_bike,2021-03-03 08:32:42,2021-03-03 08:33:41,Clinton St & Joralemon St,4605,Montague St & Clinton St,4677,40.692395,-73.993379,40.694281141397326,-73.99230033159256,member
1153921,B267D09BF14F30E8,docked_bike,2021-03-20 16:14:48,2021-03-20 16:16:00,Clinton St & Joralemon St,4605,Montague St & Clinton St,4677,40.692395,-73.993379,40.694281141397326,-73.99230033159256,member
1153922,9E351803C2A3278E,docked_bike,2021-03-20 17:19:18,2021-03-20 17:20:40,Clinton St & Joralemon St,4605,Montague St & Clinton St,4677,40.692395,-73.993379,40.694281141397326,-73.99230033159256,member
1153923,6418B59CA724EA36,docked_bike,2021-03-27 17:11:48,2021-03-27 17:13:18,Clinton St & Joralemon St,4605,Montague St & Clinton St,4677,40.692395,-73.993379,40.694281141397326,-73.99230033159256,member
1153924,902A76C139D7F564,docked_bike,2021-03-07 16:11:10,2021-03-07 16:12:24,Clinton St & Joralemon St,4605,Montague St & Clinton St,4677,40.692395,-73.993379,40.694281141397326,-73.99230033159256,member
1153925,69064530A5347627,docked_bike,2021-03-20 17:24:27,2021-03-20 17:25:45,Clinton St & Joralemon St,4605,Montague St & Clinton St,4677,40.692395,-73.993379,40.694281141397326,-73.99230033159256,member
1153931,4203D1785AF8D087,docked_bike,2021-03-06 15:56:31,2021-03-06 15:58:09,Clinton St & Joralemon St,4605,Montague St & Clinton St,4677,40.692395,-73.993379,40.694281141397326,-73.99230033159256,member
1153935,BBEFF168187B4C8B,docked_bike,2021-03-29 21:39:05,2021-03-29 21:40:46,Clinton St & Joralemon St,4605,Montague St & Clinton St,4677,40.692395,-73.993379,40.694281141397326,-73.99230033159256,member
1153938,12D8FB4173020A20,docked_bike,2021-03-21 14:44:42,2021-03-21 14:46:03,Clinton St & Joralemon St,4605,Montague St & Clinton St,4677,40.692395,-73.993379,40.694281141397326,-73.99230033159256,member
1153939,4B7B4595A25A5BEE,docked_bike,2021-03-21 14:36:19,2021-03-21 14:37:45,Clinton St & Joralemon St,4605,Montague St & Clinton St,4677,40.692395,-73.993379,40.694281141397326,-73.99230033159256,member
1153997,30BB6EB3FAD9D0F4,docked_bike,2021-03-28 13:47:55,2021-03-28 14:02:25,Clinton St & Joralemon St,4605,Montague St & Clinton St,4677,40.692395,-73.993379,40.694281141397326,-73.99230033159256,member
1153998,B2E97C7EC20A51F7,docked_bike,2021-03-27 15:43:12,2021-03-27 15:44:07,Clinton St & Joralemon St,4605,Montague St & Clinton St,4677,40.692395,-73.993379,40.694281141397326,-73.99230033159256,member
1154270,6E0BA6F7114F1EB8,docked_bike,2021-03-11 18:39:37,2021-03-11 18:41:09,Clinton St & Joralemon St,4605,Montague St & Clinton St,4677,40.692395,-73.993379,40.694281141397326,-73.99230033159256,member
1154276,C5186864E238FFD6,docked_bike,2021-03-02 10:24:39,2021-03-02 10:27:03,Clinton St & Joralemon St,4605,Montague St & Clinton St,4677,40.692395,-73.993379,40.694281141397326,-73.99230033159256,member
1154277,227BBBC1EDFEB7DB,docked_bike,2021-03-02 18:33:21,2021-03-02 18:34:52,Clinton St & Joralemon St,4605,Montague St & Clinton St,4677,40.692395,-73.993379,40.694281141397326,-73.99230033159256,member
1154278,0E7C8CB99204D1FE,docked_bike,2021-03-30 20:24:07,2021-03-30 20:25:53,Clinton St & Joralemon St,4605,Montague St & Clinton St,4677,40.692395,-73.993379,40.694281141397326,-73.99230033159256,member
1154282,652725F61FB2FD57,docked_bike,2021-03-30 08:44:34,2021-03-30 08:46:42,Clinton St & Joralemon St,4605,Montague St & Clinton St,4677,40.692395,-73.993379,40.694281141397326,-73.99230033159256,member
1154284,78344D20A4C1BC09,docked_bike,2021-03-07 16:15:40,2021-03-07 16:17:06,Clinton St & Joralemon St,4605,Montague St & Clinton St,4677,40.692395,-73.993379,40.694281141397326,-73.99230033159256,member
1163681,E6356A07531D76C7,docked_bike,2021-03-14 13:24:54,2021-03-14 13:49:09,Clinton St & Joralemon St,4605,Mercer St & Spring St,5532,40.692395,-73.993379,40.72362738,-73.99949601,member
1163688,BAD69BC98EEDB99A,docked_bike,2021-03-27 17:03:48,2021-03-27 20:24:47,Clinton St & Joralemon St,4605,Brooklyn Bridge Park - Pier 2,4756,40.692395,-73.993379,40.698458,-73.997178,casual
1163714,B10BEDF73ACB82E7,docked_bike,2021-03-09 16:11:24,2021-03-09 16:16:27,Clinton St & Joralemon St,4605,Brooklyn Bridge Park - Pier 2,4756,40.692395,-73.993379,40.698458,-73.997178,member
1163715,219F57A4CB67BF9D,docked_bike,2021-03-03 16:53:37,2021-03-03 17:33:28,Clinton St & Joralemon St,4605,Vernon Blvd & 50 Ave,6170,40.692395,-73.993379,40.74232744,-73.95411749,member
1163744,3EEE6E4FC94A1E56,docked_bike,2021-03-12 17:19:31,2021-03-12 17:36:21,Clinton St & Joralemon St,4605,Brooklyn Bridge Park - Pier 2,4756,40.692395,-73.993379,40.698458,-73.997178,casual
1163746,628EBDF82F0B4CD8,docked_bike,2021-03-05 17:58:22,2021-03-05 18:26:17,Clinton St & Joralemon St,4605,Wythe Ave & Metropolitan Ave,5348,40.692395,-73.993379,40.716887,-73.963198,member
1163784,740D3F5DB07F55E3,docked_bike,2021-03-11 13:14:16,2021-03-11 13:59:05,Clinton St & Joralemon St,4605,47 Ave & 31 St,6151,40.692395,-73.993379,40.743,-73.93561,member
1164129,0F2E54274B5FD2C1,docked_bike,2021-03-20 11:20:41,2021-03-20 11:55:56,Clinton St & Joralemon St,4605,Brooklyn Bridge Park - Pier 2,4756,40.692395,-73.993379,40.698458,-73.997178,member
1170300,368A56D69BB98D87,docked_bike,2021-03-12 11:34:56,2021-03-12 11:40:43,Clinton St & Joralemon St,4605,Brooklyn Bridge Park - Pier 2,4756,40.692395,-73.993379,40.698458,-73.997178,member
1170552,89601A8B4F7B33C1,docked_bike,2021-03-07 17:38:03,2021-03-07 17:43:28,Clinton St & Joralemon St,4605,Brooklyn Bridge Park - Pier 2,4756,40.692395,-73.993379,40.698458,-73.997178,member
1177422,751A9DE5C9DFC349,docked_bike,2021-03-29 08:55:30,2021-03-29 09:16:43,Clinton St & Joralemon St,4605,Washington St & Barrow St,5847,40.692395,-73.993379,40.73191132323174,-74.008769094944,member
1177436,6CB912B1FFC16FB7,docked_bike,2021-03-04 12:45:18,2021-03-04 12:56:50,Clinton St & Joralemon St,4605,Union St & 4 Ave,4175,40.692395,-73.993379,40.6772744,-73.98282002,member
1177489,B4B6D4B6A5D987F5,docked_bike,2021-03-26 11:35:31,2021-03-26 11:45:49,Clinton St & Joralemon St,4605,3 Ave & Schermerhorn St,4437,40.692395,-73.993379,40.68683208,-73.9796772,member
1177499,0D60FDB6D94EFE69,docked_bike,2021-03-20 19:47:48,2021-03-20 22:30:24,Clinton St & Joralemon St,4605,3 Ave & Schermerhorn St,4437,40.692395,-73.993379,40.68683208,-73.9796772,member
1177503,56CE123D2BC83149,docked_bike,2021-03-10 18:50:29,2021-03-10 19:00:48,Clinton St & Joralemon St,4605,Union St & 4 Ave,4175,40.692395,-73.993379,40.6772744,-73.98282002,member
1177530,CB785F35E15D052C,docked_bike,2021-03-29 21:19:03,2021-03-29 21:32:32,Clinton St & Joralemon St,4605,3 Ave & Schermerhorn St,4437,40.692395,-73.993379,40.68683208,-73.9796772,casual
1177531,D34C084CD779009B,docked_bike,2021-03-30 14:53:27,2021-03-30 15:07:12,Clinton St & Joralemon St,4605,Union St & 4 Ave,4175,40.692395,-73.993379,40.6772744,-73.98282002,member
1177546,726BCAA1FB6982E9,docked_bike,2021-03-19 16:47:08,2021-03-19 16:58:46,Clinton St & Joralemon St,4605,3 Ave & Schermerhorn St,4437,40.692395,-73.993379,40.68683208,-73.9796772,member
1177554,34CFF2D10CA0EA88,docked_bike,2021-03-23 08:55:08,2021-03-23 09:16:43,Clinton St & Joralemon St,4605,Washington St & Barrow St,5847,40.692395,-73.993379,40.73191132323174,-74.008769094944,member
1177561,DB61C5D6209E090C,docked_bike,2021-03-12 18:20:22,2021-03-12 18:33:31,Clinton St & Joralemon St,4605,3 Ave & Schermerhorn St,4437,40.692395,-73.993379,40.68683208,-73.9796772,casual
1177563,6C6F63F5EF1F8441,docked_bike,2021-03-12 13:02:10,2021-03-12 13:07:29,Clinton St & Joralemon St,4605,3 Ave & Schermerhorn St,4437,40.692395,-73.993379,40.68683208,-73.9796772,member
1182969,E794F1E3714F0CF5,docked_bike,2021-03-20 11:29:34,2021-03-20 11:43:36,Clinton St & Joralemon St,4605,Union St & 4 Ave,4175,40.692395,-73.993379,40.677274,-73.98282,member
1182984,7903D4A08986F681,docked_bike,2021-03-08 16:58:53,2021-03-08 17:05:26,Clinton St & Joralemon St,4605,3 Ave & Schermerhorn St,4437,40.692395,-73.993379,40.68683208,-73.9796772,member
1182987,A65EF4151B47D21A,docked_bike,2021-03-03 15:12:36,2021-03-03 15:21:05,Clinton St & Joralemon St,4605,3 Ave & Schermerhorn St,4437,40.692395,-73.993379,40.686832,-73.979677,member
1183888,B4A6A6E1D3542361,docked_bike,2021-03-14 00:00:48,2021-03-14 00:14:20,Clinton St & Joralemon St,4605,Union St & 4 Ave,4175,40.692395,-73.993379,40.6772744,-73.98282002,member
1183895,C8283FEB7ABFFA0E,docked_bike,2021-03-21 15:03:57,2021-03-21 15:25:30,Clinton St & Joralemon St,4605,Union St & 4 Ave,4175,40.692395,-73.993379,40.6772744,-73.98282002,casual
1183898,C378109E3CA7F954,docked_bike,2021-03-04 15:40:57,2021-03-04 15:50:02,Clinton St & Joralemon St,4605,3 Ave & Schermerhorn St,4437,40.692395,-73.993379,40.68683208,-73.9796772,member
1186381,31BBC3AE8DF332DB,docked_bike,2021-03-09 15:19:42,2021-03-09 15:28:15,Clinton St & Joralemon St,4605,3 Ave & Schermerhorn St,4437,40.692395,-73.993379,40.68683208,-73.9796772,member
1198059,FFA5B116182F68EF,docked_bike,2021-03-23 18:16:25,2021-03-23 18:49:09,Clinton St & Joralemon St,4605,Union Ave & Jackson St,5300,40.692395,-73.993379,40.7160751,-73.952029,member
1198072,4751FDF543DA07E5,docked_bike,2021-03-16 15:31:19,2021-03-16 15:45:52,Clinton St & Joralemon St,4605,Barclay St & Church St,5216,40.692395,-73.993379,40.71291224,-74.01020234,member
1198141,57ACDDA3187D3EF5,docked_bike,2021-03-17 12:02:57,2021-03-17 12:17:32,Clinton St & Joralemon St,4605,Barclay St & Church St,5216,40.692395,-73.993379,40.71291224,-74.01020234,member
1198275,75DA71318CFBCB18,docked_bike,2021-03-14 16:18:31,2021-03-14 16:40:19,Clinton St & Joralemon St,4605,Barclay St & Church St,5216,40.692395,-73.993379,40.71291224,-74.01020234,casual
1200141,C269B30C1FAEEE5B,docked_bike,2021-03-24 11:08:19,2021-03-24 11:18:48,Clinton St & Joralemon St,4605,Barclay St & Church St,5216,40.692395,-73.993379,40.71291224,-74.01020234,member
1200476,1A6E9EA1410F7BAB,docked_bike,2021-03-05 09:32:21,2021-03-05 09:45:40,Clinton St & Joralemon St,4605,Leonard St & Church St,5359,40.692395,-73.993379,40.717571,-74.005549,member
1200481,40B0EBFE426F5422,docked_bike,2021-03-11 09:05:58,2021-03-11 09:21:03,Clinton St & Joralemon St,4605,Willoughby Ave & Hall St,4611,40.692395,-73.993379,40.69196035,-73.96536851,casual
1201114,F41D0466748DC494,docked_bike,2021-03-20 16:57:32,2021-03-20 17:22:46,Clinton St & Joralemon St,4605,India St & Manhattan Ave,5826,40.692395,-73.993379,40.73232194,-73.9550858,member
1213234,1BCEB855A952E7F2,docked_bike,2021-03-09 09:24:12,2021-03-09 09:35:29,Clinton St & Joralemon St,4605,Leonard St & Church St,5359,40.692395,-73.993379,40.717571,-74.005549,member
1213235,EC133BC8A1574089,docked_bike,2021-03-10 08:54:59,2021-03-10 09:07:08,Clinton St & Joralemon St,4605,Leonard St & Church St,5359,40.692395,-73.993379,40.717571,-74.005549,member
1213236,EA4E746EAED90F4A,docked_bike,2021-03-11 12:46:29,2021-03-11 12:49:47,Clinton St & Joralemon St,4605,Hicks St & Montague St,4645,40.692395,-73.993379,40.69512845,-73.99595065,member
1213237,3B6D996B2860D233,docked_bike,2021-03-12 17:28:39,2021-03-12 17:31:49,Clinton St & Joralemon St,4605,Hicks St & Montague St,4645,40.692395,-73.993379,40.69512845,-73.99595065,member
1213243,A6157C532BA8D313,docked_bike,2021-03-13 17:34:39,2021-03-13 17:37:39,Clinton St & Joralemon St,4605,Hicks St & Montague St,4645,40.692395,-73.993379,40.69512845,-73.99595065,member
1213244,A394F6194F0B46A5,docked_bike,2021-03-22 17:57:27,2021-03-22 18:00:39,Clinton St & Joralemon St,4605,Hicks St & Montague St,4645,40.692395,-73.993379,40.69512845,-73.99595065,member
1213245,17205BCF17AA8636,docked_bike,2021-03-16 15:45:27,2021-03-16 15:48:30,Clinton St & Joralemon St,4605,Hicks St & Montague St,4645,40.692395,-73.993379,40.69512845,-73.99595065,member
1213248,EE2CF99B51D908B5,docked_bike,2021-03-09 13:15:48,2021-03-09 13:19:30,Clinton St & Joralemon St,4605,Hicks St & Montague St,4645,40.692395,-73.993379,40.695128,-73.995951,member
1213251,B494E006A6A5EA31,docked_bike,2021-03-05 08:50:31,2021-03-05 09:01:40,Clinton St & Joralemon St,4605,Centre St & Chambers St,5207,40.692395,-73.993379,40.71273266,-74.0046073,member
1213265,246C843AC1C43ECD,docked_bike,2021-03-14 11:51:53,2021-03-14 12:03:51,Clinton St & Joralemon St,4605,Centre St & Chambers St,5207,40.692395,-73.993379,40.71273266,-74.0046073,casual
1213268,1A1721F8004595BD,docked_bike,2021-03-07 20:06:47,2021-03-07 20:11:18,Clinton St & Joralemon St,4605,Hicks St & Montague St,4645,40.692395,-73.993379,40.69512845,-73.99595065,member
1213269,38341CAB197564C9,docked_bike,2021-03-25 11:53:22,2021-03-25 11:55:03,Clinton St & Joralemon St,4605,Hicks St & Montague St,4645,40.692395,-73.993379,40.69512845,-73.99595065,member
1213310,EE8BE51C419B3884,docked_bike,2021-03-21 16:26:34,2021-03-21 16:40:49,Clinton St & Joralemon St,4605,Centre St & Chambers St,5207,40.692395,-73.993379,40.71273266,-74.0046073,casual
1213354,73153560EAEDAEC6,docked_bike,2021-03-20 14:39:58,2021-03-20 14:43:08,Clinton St & Joralemon St,4605,Hicks St & Montague St,4645,40.692395,-73.993379,40.69512845,-73.99595065,member
1213360,CE755EF661A95A44,docked_bike,2021-03-14 15:39:53,2021-03-14 15:51:59,Clinton St & Joralemon St,4605,Willoughby Ave & Hall St,4611,40.692395,-73.993379,40.69196035,-73.96536851,member
1213367,833DA0511D909E89,docked_bike,2021-03-26 16:49:56,2021-03-26 16:53:01,Clinton St & Joralemon St,4605,Hicks St & Montague St,4645,40.692395,-73.993379,40.69512845,-73.99595065,member
1213384,BF7BF011A36F9C52,docked_bike,2021-03-14 13:19:15,2021-03-14 13:22:13,Clinton St & Joralemon St,4605,Hicks St & Montague St,4645,40.692395,-73.993379,40.69512845,-73.99595065,member
1213389,DA74BFD6263990A2,docked_bike,2021-03-24 08:42:20,2021-03-24 08:53:29,Clinton St & Joralemon St,4605,Centre St & Chambers St,5207,40.692395,-73.993379,40.71273266,-74.0046073,casual
1213405,4AEBF8E9AC0AE13F,docked_bike,2021-03-03 18:56:41,2021-03-03 18:59:49,Clinton St & Joralemon St,4605,Hicks St & Montague St,4645,40.692395,-73.993379,40.695128,-73.995951,member
1213406,79DEB8C2AEB17748,docked_bike,2021-03-15 13:21:14,2021-03-15 13:25:10,Clinton St & Joralemon St,4605,Hicks St & Montague St,4645,40.692395,-73.993379,40.69512845,-73.99595065,member
1213419,E44B0E7DE6FFE899,docked_bike,2021-03-02 09:36:06,2021-03-02 09:50:24,Clinton St & Joralemon St,4605,Leonard St & Church St,5359,40.692395,-73.993379,40.717571,-74.005549,member
1213425,99C7B78F95D9B78F,docked_bike,2021-03-15 19:31:24,2021-03-15 19:33:23,Clinton St & Joralemon St,4605,Hicks St & Montague St,4645,40.692395,-73.993379,40.695128,-73.995951,member
1213426,C919A40BB3438DDD,docked_bike,2021-03-01 17:22:08,2021-03-01 17:24:50,Clinton St & Joralemon St,4605,Hicks St & Montague St,4645,40.692395,-73.993379,40.69512845,-73.99595065,member
1213427,32D9BEC21D4DD8B6,docked_bike,2021-03-11 18:44:30,2021-03-11 18:47:20,Clinton St & Joralemon St,4605,Hicks St & Montague St,4645,40.692395,-73.993379,40.69512845,-73.99595065,member
1213433,E0DD862F0B76F3DF,docked_bike,2021-03-01 16:07:47,2021-03-01 16:43:36,Clinton St & Joralemon St,4605,Hicks St & Montague St,4645,40.692395,-73.993379,40.69512845,-73.99595065,member
1213434,2177255F97B7268C,docked_bike,2021-03-29 20:17:06,2021-03-29 20:20:02,Clinton St & Joralemon St,4605,Hicks St & Montague St,4645,40.692395,-73.993379,40.69512845,-73.99595065,member
1213446,7B2A8247B0ABFFDC,docked_bike,2021-03-04 08:36:05,2021-03-04 08:47:50,Clinton St & Joralemon St,4605,Centre St & Chambers St,5207,40.692395,-73.993379,40.71273266,-74.0046073,member
1213452,606EF6BDE1513792,docked_bike,2021-03-30 17:17:14,2021-03-30 17:34:25,Clinton St & Joralemon St,4605,Centre St & Chambers St,5207,40.692395,-73.993379,40.71273266,-74.0046073,member
1213456,559DCD7408B70063,docked_bike,2021-03-26 09:36:43,2021-03-26 09:48:30,Clinton St & Joralemon St,4605,Centre St & Chambers St,5207,40.692395,-73.993379,40.71273266,-74.0046073,casual
1213458,8CD0CC5A3F9318F3,docked_bike,2021-03-10 13:33:14,2021-03-10 13:37:04,Clinton St & Joralemon St,4605,Hicks St & Montague St,4645,40.692395,-73.993379,40.69512845,-73.99595065,member
1213459,37D42B17E2B385EB,docked_bike,2021-03-17 13:47:15,2021-03-17 13:49:40,Clinton St & Joralemon St,4605,Hicks St & Montague St,4645,40.692395,-73.993379,40.69512845,-73.99595065,member
1213465,C020D4D50E44E2F9,docked_bike,2021-03-20 15:09:25,2021-03-20 15:21:12,Clinton St & Joralemon St,4605,Willoughby Ave & Hall St,4611,40.692395,-73.993379,40.69196,-73.965369,member
1213475,4C2938E4628D372B,docked_bike,2021-03-04 13:39:48,2021-03-04 13:50:56,Clinton St & Joralemon St,4605,Willoughby Ave & Hall St,4611,40.692395,-73.993379,40.69196035,-73.96536851,casual
1213479,8DB2837B185B6B42,docked_bike,2021-03-27 11:36:25,2021-03-27 11:52:15,Clinton St & Joralemon St,4605,Centre St & Chambers St,5207,40.692395,-73.993379,40.71273266,-74.0046073,casual
1213490,905FC5C14DC6A03D,docked_bike,2021-03-12 07:27:13,2021-03-12 07:36:42,Clinton St & Joralemon St,4605,Centre St & Chambers St,5207,40.692395,-73.993379,40.71273266,-74.0046073,member
1213494,511199C37F6C8C1B,docked_bike,2021-03-02 09:21:01,2021-03-02 09:31:35,Clinton St & Joralemon St,4605,Centre St & Chambers St,5207,40.692395,-73.993379,40.71273266,-74.0046073,member
1213499,342429DC08CCEBBE,docked_bike,2021-03-06 12:59:59,2021-03-06 14:35:39,Clinton St & Joralemon St,4605,Hicks St & Montague St,4645,40.692395,-73.993379,40.695128,-73.995951,member
1213500,C03501DCEB71BF5F,docked_bike,2021-03-21 16:25:22,2021-03-21 16:40:52,Clinton St & Joralemon St,4605,Centre St & Chambers St,5207,40.692395,-73.993379,40.71273266,-74.0046073,member
1213501,0847A7A87BF6F637,docked_bike,2021-03-12 14:12:31,2021-03-12 14:25:02,Clinton St & Joralemon St,4605,Centre St & Chambers St,5207,40.692395,-73.993379,40.712733,-74.004607,member
1213511,FA5F04ADAF469360,docked_bike,2021-03-03 18:47:26,2021-03-03 18:50:07,Clinton St & Joralemon St,4605,Hicks St & Montague St,4645,40.692395,-73.993379,40.69512845,-73.99595065,member
1213524,4A9E4826224E135B,docked_bike,2021-03-13 13:50:51,2021-03-13 13:54:09,Clinton St & Joralemon St,4605,Hicks St & Montague St,4645,40.692395,-73.993379,40.69512845,-73.99595065,member
1213530,F561740F993490D8,docked_bike,2021-03-19 18:45:25,2021-03-19 18:49:50,Clinton St & Joralemon St,4605,Hicks St & Montague St,4645,40.692395,-73.993379,40.69512845,-73.99595065,member
1213535,51FA79F0F03E6366,docked_bike,2021-03-25 09:31:38,2021-03-25 09:35:16,Clinton St & Joralemon St,4605,Hicks St & Montague St,4645,40.692395,-73.993379,40.69512845,-73.99595065,member
1213593,F1C5F98A24CCC28F,docked_bike,2021-03-18 08:44:12,2021-03-18 08:54:29,Clinton St & Joralemon St,4605,Centre St & Chambers St,5207,40.692395,-73.993379,40.71273266,-74.0046073,casual
1213830,3B0F8F76D4CF72CE,docked_bike,2021-03-17 13:35:49,2021-03-17 13:38:33,Clinton St & Joralemon St,4605,Hicks St & Montague St,4645,40.692395,-73.993379,40.69512845,-73.99595065,member
1213831,C8381659D572F790,docked_bike,2021-03-30 12:02:11,2021-03-30 12:04:36,Clinton St & Joralemon St,4605,Hicks St & Montague St,4645,40.692395,-73.993379,40.69512845,-73.99595065,member
1213843,AB59ADE9FF0470DD,docked_bike,2021-03-08 19:32:16,2021-03-08 19:34:25,Clinton St & Joralemon St,4605,Hicks St & Montague St,4645,40.692395,-73.993379,40.69512845,-73.99595065,member
1222883,0A830728008B74AA,docked_bike,2021-03-13 18:35:29,2021-03-13 18:37:10,Clinton St & Joralemon St,4605,Hicks St & Montague St,4645,40.692395,-73.993379,40.69512845,-73.99595065,member
1222892,C93EDE7F1D288051,docked_bike,2021-03-27 15:20:29,2021-03-27 15:24:15,Clinton St & Joralemon St,4605,Hicks St & Montague St,4645,40.692395,-73.993379,40.69512845,-73.99595065,member
1222900,876224AEC9FBF836,docked_bike,2021-03-21 18:41:51,2021-03-21 19:02:23,Clinton St & Joralemon St,4605,Centre St & Chambers St,5207,40.692395,-73.993379,40.712733,-74.004607,casual
1223654,95AE9B9C611BD033,docked_bike,2021-03-23 08:56:30,2021-03-23 09:07:41,Clinton St & Joralemon St,4605,Centre St & Chambers St,5207,40.692395,-73.993379,40.71273266,-74.0046073,casual
1223666,A15D8B1A39965946,docked_bike,2021-03-03 08:46:18,2021-03-03 08:56:56,Clinton St & Joralemon St,4605,Centre St & Chambers St,5207,40.692395,-73.993379,40.71273266,-74.0046073,member
1223764,0606303F30C5338C,docked_bike,2021-03-08 09:52:47,2021-03-08 10:05:29,Clinton St & Joralemon St,4605,Leonard St & Church St,5359,40.692395,-73.993379,40.717571,-74.005549,member
1223781,A2C405A634156001,docked_bike,2021-03-02 10:51:35,2021-03-02 10:57:15,Clinton St & Joralemon St,4605,Hicks St & Montague St,4645,40.692395,-73.993379,40.69512845,-73.99595065,casual
1231510,1FAC1C638BA0E8C3,docked_bike,2021-03-03 10:03:59,2021-03-03 10:41:39,Clinton St & Joralemon St,4605,W 41 St & 8 Ave,6602,40.692395,-73.993379,40.756405,-73.990026,member
1231910,3A0DEB4D2A5861E2,docked_bike,2021-03-10 07:39:03,2021-03-10 08:09:40,Clinton St & Joralemon St,4605,W 41 St & 8 Ave,6602,40.692395,-73.993379,40.75640548,-73.9900262,member
1231912,C7423A84497BB963,docked_bike,2021-03-23 08:41:26,2021-03-23 09:14:01,Clinton St & Joralemon St,4605,W 41 St & 8 Ave,6602,40.692395,-73.993379,40.756405,-73.990026,member
1235570,B81C13854A6C4700,docked_bike,2021-03-16 10:58:06,2021-03-16 11:02:19,Clinton St & Joralemon St,4605,Kane St & Clinton St,4455,40.692395,-73.993379,40.6861758,-73.99645295,member
1235571,D411C599186D070E,docked_bike,2021-03-19 19:15:46,2021-03-19 19:25:24,Clinton St & Joralemon St,4605,Kane St & Clinton St,4455,40.692395,-73.993379,40.6861758,-73.99645295,member
1242088,578C848200D6646F,docked_bike,2021-03-04 12:53:37,2021-03-04 12:56:46,Clinton St & Joralemon St,4605,Butler St & Court St,4339,40.692395,-73.993379,40.684989,-73.994403,member
1242089,C38624F45C3A1ECF,docked_bike,2021-03-20 10:22:50,2021-03-20 10:27:11,Clinton St & Joralemon St,4605,Butler St & Court St,4339,40.692395,-73.993379,40.684989,-73.994403,member
1242117,7E0F20451CA48BF8,docked_bike,2021-03-30 21:26:54,2021-03-30 21:30:26,Clinton St & Joralemon St,4605,Kane St & Clinton St,4455,40.692395,-73.993379,40.6861758,-73.99645295,member
1242179,47258CD754BC2917,docked_bike,2021-03-25 19:07:35,2021-03-25 19:14:59,Clinton St & Joralemon St,4605,Kane St & Clinton St,4455,40.692395,-73.993379,40.6861758,-73.99645295,member
1242185,0BE61C4ABC6D0F4C,docked_bike,2021-03-23 14:03:14,2021-03-23 14:09:10,Clinton St & Joralemon St,4605,Kane St & Clinton St,4455,40.692395,-73.993379,40.6861758,-73.99645295,member
1242234,C4FAF79C2A779BFE,docked_bike,2021-03-27 14:30:24,2021-03-27 14:59:16,Clinton St & Joralemon St,4605,Kane St & Clinton St,4455,40.692395,-73.993379,40.6861758,-73.99645295,member
1242242,1F60911A6BB6C77D,docked_bike,2021-03-13 14:32:51,2021-03-13 14:40:31,Clinton St & Joralemon St,4605,Kane St & Clinton St,4455,40.692395,-73.993379,40.6861758,-73.99645295,member
1242247,2CE3B76DD5972A6B,docked_bike,2021-03-19 08:53:19,2021-03-19 08:58:14,Clinton St & Joralemon St,4605,Kane St & Clinton St,4455,40.692395,-73.993379,40.6861758,-73.99645295,member
1248852,6C31BBCC32B17E32,docked_bike,2021-03-25 17:32:54,2021-03-25 17:37:03,Clinton St & Joralemon St,4605,Kane St & Clinton St,4455,40.692395,-73.993379,40.6861758,-73.99645295,member
1248853,A6EC833F4D6F738A,docked_bike,2021-03-19 07:15:43,2021-03-19 07:21:38,Clinton St & Joralemon St,4605,Butler St & Court St,4339,40.692395,-73.993379,40.6849894,-73.99440329,member
1248870,2AF96E572FD43A8C,docked_bike,2021-03-21 08:56:41,2021-03-21 08:59:50,Clinton St & Joralemon St,4605,Kane St & Clinton St,4455,40.692395,-73.993379,40.6861758,-73.99645295,member
1248883,48B5B000FFCEA3A8,docked_bike,2021-03-06 12:42:12,2021-03-06 12:46:06,Clinton St & Joralemon St,4605,Kane St & Clinton St,4455,40.692395,-73.993379,40.6861758,-73.99645295,member
1248887,FD2EDA3BE1C27280,docked_bike,2021-03-22 12:42:07,2021-03-22 13:07:54,Clinton St & Joralemon St,4605,Kane St & Clinton St,4455,40.692395,-73.993379,40.6861758,-73.99645295,member
1248892,376E6525AE54E322,docked_bike,2021-03-28 13:23:51,2021-03-28 13:28:51,Clinton St & Joralemon St,4605,Kane St & Clinton St,4455,40.692395,-73.993379,40.6861758,-73.99645295,member
1248897,6DD2D07D0E90D479,docked_bike,2021-03-27 09:12:01,2021-03-27 09:15:16,Clinton St & Joralemon St,4605,Kane St & Clinton St,4455,40.692395,-73.993379,40.6861758,-73.99645295,member
1248902,C7ADD8BF2F3A3EFB,docked_bike,2021-03-18 17:43:19,2021-03-18 17:46:46,Clinton St & Joralemon St,4605,Butler St & Court St,4339,40.692395,-73.993379,40.6849894,-73.99440329,member
1248904,736208E5B0D1A2BD,docked_bike,2021-03-10 19:09:15,2021-03-10 19:14:57,Clinton St & Joralemon St,4605,Kane St & Clinton St,4455,40.692395,-73.993379,40.6861758,-73.99645295,member
1248918,227A550304425D52,docked_bike,2021-03-14 12:49:55,2021-03-14 12:54:04,Clinton St & Joralemon St,4605,Kane St & Clinton St,4455,40.692395,-73.993379,40.6861758,-73.99645295,member
1248919,AAF2EE26EC90797D,docked_bike,2021-03-20 12:53:40,2021-03-20 12:57:15,Clinton St & Joralemon St,4605,Kane St & Clinton St,4455,40.692395,-73.993379,40.6861758,-73.99645295,member
1248946,3F2C54D0959B7E90,docked_bike,2021-03-16 09:28:56,2021-03-16 09:33:34,Clinton St & Joralemon St,4605,Butler St & Court St,4339,40.692395,-73.993379,40.6849894,-73.99440329,member
1249794,33A14216F9734960,docked_bike,2021-03-01 10:22:33,2021-03-01 10:25:17,Clinton St & Joralemon St,4605,Butler St & Court St,4339,40.692395,-73.993379,40.684989,-73.994403,member
1249795,077F676D619C8538,docked_bike,2021-03-29 10:53:09,2021-03-29 10:56:48,Clinton St & Joralemon St,4605,Butler St & Court St,4339,40.692395,-73.993379,40.684989,-73.994403,member
1249796,7419449F883F9A39,docked_bike,2021-03-05 08:21:36,2021-03-05 08:24:51,Clinton St & Joralemon St,4605,Butler St & Court St,4339,40.692395,-73.993379,40.684989,-73.994403,member
1249797,C4AF478F23580106,docked_bike,2021-03-23 10:50:31,2021-03-23 10:53:35,Clinton St & Joralemon St,4605,Butler St & Court St,4339,40.692395,-73.993379,40.684989,-73.994403,member
1249798,28287F2CAB6A49AB,docked_bike,2021-03-11 10:53:12,2021-03-11 10:56:57,Clinton St & Joralemon St,4605,Butler St & Court St,4339,40.692395,-73.993379,40.684989,-73.994403,member
1249799,7A96A95BB67F9FF4,docked_bike,2021-03-09 12:52:00,2021-03-09 12:55:15,Clinton St & Joralemon St,4605,Butler St & Court St,4339,40.692395,-73.993379,40.684989,-73.994403,member
1249800,63FBBD5E8E0B3275,docked_bike,2021-03-30 12:50:43,2021-03-30 12:54:37,Clinton St & Joralemon St,4605,Butler St & Court St,4339,40.692395,-73.993379,40.684989,-73.994403,member
1249803,A6C57AF82F2F1013,docked_bike,2021-03-21 10:22:57,2021-03-21 10:25:34,Clinton St & Joralemon St,4605,Butler St & Court St,4339,40.692395,-73.993379,40.684989,-73.994403,member
1249804,E8378750D383F059,docked_bike,2021-03-06 12:52:50,2021-03-06 12:55:54,Clinton St & Joralemon St,4605,Butler St & Court St,4339,40.692395,-73.993379,40.684989,-73.994403,member
1249805,AC06AD3C427F8840,docked_bike,2021-03-10 12:52:35,2021-03-10 12:55:39,Clinton St & Joralemon St,4605,Butler St & Court St,4339,40.692395,-73.993379,40.684989,-73.994403,member
1249806,57CA5C9F490CEDB1,docked_bike,2021-03-17 12:48:50,2021-03-17 12:52:39,Clinton St & Joralemon St,4605,Butler St & Court St,4339,40.692395,-73.993379,40.684989,-73.994403,member
1249807,BA21F6BD8C8FF0A3,docked_bike,2021-03-07 12:52:49,2021-03-07 12:56:33,Clinton St & Joralemon St,4605,Butler St & Court St,4339,40.692395,-73.993379,40.684989,-73.994403,member
1249808,3A808EB58404BD82,docked_bike,2021-03-02 08:23:28,2021-03-02 08:27:07,Clinton St & Joralemon St,4605,Butler St & Court St,4339,40.692395,-73.993379,40.684989,-73.994403,member
1249809,03040F2CE791A08B,docked_bike,2021-03-22 10:20:57,2021-03-22 10:24:34,Clinton St & Joralemon St,4605,Butler St & Court St,4339,40.692395,-73.993379,40.684989,-73.994403,member
1249810,498F9C8AF260B03A,docked_bike,2021-03-25 12:52:52,2021-03-25 12:56:42,Clinton St & Joralemon St,4605,Butler St & Court St,4339,40.692395,-73.993379,40.684989,-73.994403,member
1249811,A57E45FCBB64A7B0,docked_bike,2021-03-05 16:22:26,2021-03-05 16:26:39,Clinton St & Joralemon St,4605,Kane St & Clinton St,4455,40.692395,-73.993379,40.6861758,-73.99645295,member
1249880,7F8C881B8C38BC12,docked_bike,2021-03-11 21:11:42,2021-03-11 21:17:16,Clinton St & Joralemon St,4605,Kane St & Clinton St,4455,40.692395,-73.993379,40.6861758,-73.99645295,member
1249885,C8748A7AD1559A80,docked_bike,2021-03-02 09:28:18,2021-03-02 09:32:26,Clinton St & Joralemon St,4605,Butler St & Court St,4339,40.692395,-73.993379,40.6849894,-73.99440329,member
1249892,FD079B93D7DEAEC1,docked_bike,2021-03-30 18:41:41,2021-03-30 18:46:38,Clinton St & Joralemon St,4605,Kane St & Clinton St,4455,40.692395,-73.993379,40.6861758,-73.99645295,member
1249894,95975C81A9503C0D,docked_bike,2021-03-15 17:35:19,2021-03-15 17:39:12,Clinton St & Joralemon St,4605,Kane St & Clinton St,4455,40.692395,-73.993379,40.6861758,-73.99645295,member
1251568,3E0E4FFC399289A8,docked_bike,2021-03-19 08:23:35,2021-03-19 08:27:07,Clinton St & Joralemon St,4605,Butler St & Court St,4339,40.692395,-73.993379,40.684989,-73.994403,member
1251569,7E3EEC3B81F896C4,docked_bike,2021-03-08 12:53:11,2021-03-08 12:56:33,Clinton St & Joralemon St,4605,Butler St & Court St,4339,40.692395,-73.993379,40.684989,-73.994403,member
1251570,2D271797F4FF132C,docked_bike,2021-03-27 12:51:17,2021-03-27 12:55:31,Clinton St & Joralemon St,4605,Butler St & Court St,4339,40.692395,-73.993379,40.684989,-73.994403,member
1251581,D4FD0288909A8F78,docked_bike,2021-03-19 10:45:34,2021-03-19 10:50:02,Clinton St & Joralemon St,4605,Kane St & Clinton St,4455,40.692395,-73.993379,40.6861758,-73.99645295,member
1251637,20B07A020E1E345C,docked_bike,2021-03-15 17:47:52,2021-03-15 17:52:46,Clinton St & Joralemon St,4605,Kane St & Clinton St,4455,40.692395,-73.993379,40.6861758,-73.99645295,member
1251638,02C0B537A2CA3FC5,docked_bike,2021-03-19 17:46:47,2021-03-19 17:51:10,Clinton St & Joralemon St,4605,Kane St & Clinton St,4455,40.692395,-73.993379,40.6861758,-73.99645295,member
1251640,36E5C5C506233BAC,docked_bike,2021-03-31 12:52:30,2021-03-31 12:55:49,Clinton St & Joralemon St,4605,Butler St & Court St,4339,40.692395,-73.993379,40.684989,-73.994403,member
1251641,47286DCB1A970997,docked_bike,2021-03-24 10:50:58,2021-03-24 10:54:03,Clinton St & Joralemon St,4605,Butler St & Court St,4339,40.692395,-73.993379,40.684989,-73.994403,member
1251642,5ED0F1764D118373,docked_bike,2021-03-18 11:22:26,2021-03-18 11:26:57,Clinton St & Joralemon St,4605,Butler St & Court St,4339,40.692395,-73.993379,40.684989,-73.994403,member
1251645,4A4BE861A8E4E9C3,docked_bike,2021-03-29 13:24:43,2021-03-29 13:39:48,Clinton St & Joralemon St,4605,Allen St & Hester St,5342,40.692395,-73.993379,40.71605866,-73.99190759,member
1252137,5D6FEFABCD000D85,docked_bike,2021-03-11 17:42:20,2021-03-11 17:46:12,Clinton St & Joralemon St,4605,Kane St & Clinton St,4455,40.692395,-73.993379,40.6861758,-73.99645295,casual
1253066,1931910F204A0230,docked_bike,2021-03-29 18:16:07,2021-03-29 18:24:00,Clinton St & Joralemon St,4605,Kane St & Clinton St,4455,40.692395,-73.993379,40.6861758,-73.99645295,member
1253076,145B0B595C1EC026,docked_bike,2021-03-14 10:34:19,2021-03-14 10:39:34,Clinton St & Joralemon St,4605,Butler St & Court St,4339,40.692395,-73.993379,40.6849894,-73.99440329,member
1253083,3DE976C92D900A4E,docked_bike,2021-03-09 22:57:33,2021-03-09 23:00:33,Clinton St & Joralemon St,4605,Kane St & Clinton St,4455,40.692395,-73.993379,40.6861758,-73.99645295,member
1254229,9E82E5E703DD6BDD,docked_bike,2021-03-27 15:47:46,2021-03-27 15:57:44,Clinton St & Joralemon St,4605,Washington Park,4546,40.692395,-73.993379,40.691782,-73.97373,member
1254283,F141DD21CB7352E4,docked_bike,2021-03-25 13:23:17,2021-03-25 13:36:33,Clinton St & Joralemon St,4605,3 Ave & 14 St,3850,40.692395,-73.993379,40.6685455,-73.99333264,member
1256674,B54D5FDE229557C1,docked_bike,2021-03-08 15:20:07,2021-03-08 15:30:06,Clinton St & Joralemon St,4605,Washington Park,4546,40.692395,-73.993379,40.6917823,-73.9737299,member
1256688,DE18AE0880716380,docked_bike,2021-03-23 13:46:53,2021-03-23 13:55:57,Clinton St & Joralemon St,4605,Washington Park,4546,40.692395,-73.993379,40.6917823,-73.9737299,member
1256743,BC3603CD16A09694,docked_bike,2021-03-29 08:19:13,2021-03-29 08:30:42,Clinton St & Joralemon St,4605,Washington Park,4546,40.692395,-73.993379,40.6917823,-73.9737299,member
1259352,C9F2A9593A018176,docked_bike,2021-03-20 12:35:49,2021-03-20 12:53:22,Clinton St & Joralemon St,4605,LaGuardia Pl & W 3 St,5721,40.692395,-73.993379,40.72917025,-73.99810231,member
1264396,6C5EAA9AB37804BC,docked_bike,2021-03-27 09:19:46,2021-03-27 09:54:07,Clinton St & Joralemon St,4605,Amsterdam Ave & W 82 St,7360,40.692395,-73.993379,40.78524672,-73.97667321,member
1269885,5BF5726528FECDBC,docked_bike,2021-03-16 16:30:48,2021-03-16 16:52:21,Clinton St & Joralemon St,4605,LaGuardia Pl & W 3 St,5721,40.692395,-73.993379,40.72917025,-73.99810231,casual
1269890,3EFF46E6456B761C,docked_bike,2021-03-12 22:48:09,2021-03-12 23:08:49,Clinton St & Joralemon St,4605,Bank St & Hudson St,5922,40.692395,-73.993379,40.73652889,-74.00618026,casual
1269905,A22E5182DE75F663,docked_bike,2021-03-31 13:12:41,2021-03-31 13:28:31,Clinton St & Joralemon St,4605,Union St & Bedford Ave,3879,40.692395,-73.993379,40.669178,-73.955416,member
1272606,9EE05FA4CA8106EF,docked_bike,2021-03-26 09:09:00,2021-03-26 09:26:44,Clinton St & Joralemon St,4605,LaGuardia Pl & W 3 St,5721,40.692395,-73.993379,40.72917025,-73.99810231,member
1275720,6AABBEFCD780BD3B,docked_bike,2021-03-21 11:41:50,2021-03-21 12:09:18,Clinton St & Joralemon St,4605,Metropolitan Ave & Bedford Ave,5308,40.692395,-73.993379,40.71534825,-73.96024116,casual
1275764,7B1FD42A41C35B0A,docked_bike,2021-03-29 14:25:04,2021-03-29 14:47:47,Clinton St & Joralemon St,4605,Grand St & Elizabeth St,5382,40.692395,-73.993379,40.718822,-73.99596,member
1275766,3E2C513E6FF028CF,docked_bike,2021-03-23 13:49:53,2021-03-23 13:59:57,Clinton St & Joralemon St,4605,Adelphi St & Myrtle Ave,4620,40.692395,-73.993379,40.69308257,-73.97178913,member
1275852,837F5873B4623508,docked_bike,2021-03-31 11:55:01,2021-03-31 12:10:42,Clinton St & Joralemon St,4605,Grand St & Elizabeth St,5382,40.692395,-73.993379,40.718822,-73.99596,member
1276102,711B899A2E37751C,docked_bike,2021-03-26 16:09:58,2021-03-26 16:20:56,Clinton St & Joralemon St,4605,Grand St & Elizabeth St,5382,40.692395,-73.993379,40.718822,-73.99596,member
1284233,D874D4FC6DD989EA,docked_bike,2021-03-08 15:35:39,2021-03-08 15:45:58,Clinton St & Joralemon St,4605,Adelphi St & Myrtle Ave,4620,40.692395,-73.993379,40.69308257,-73.97178913,member
1284244,70CA65EF9D73AEE1,docked_bike,2021-03-30 08:49:12,2021-03-30 08:58:44,Clinton St & Joralemon St,4605,Adelphi St & Myrtle Ave,4620,40.692395,-73.993379,40.69308257,-73.97178913,member
1293372,3904B14C8560E55E,docked_bike,2021-03-11 18:04:03,2021-03-11 18:28:45,Clinton St & Joralemon St,4605,North Moore St & Greenwich St,5470,40.692395,-73.993379,40.72019521437465,-74.0103006362915,casual
1296942,58C15D5BFA2F86B6,docked_bike,2021-03-08 18:19:48,2021-03-08 18:34:37,Clinton St & Joralemon St,4605,Garfield Pl & 8 Ave,3978,40.692395,-73.993379,40.6711978,-73.97484126,member
1304068,DB56073A80F5C402,docked_bike,2021-03-27 14:40:49,2021-03-27 14:58:07,Clinton St & Joralemon St,4605,Garfield Pl & 8 Ave,3978,40.692395,-73.993379,40.6711978,-73.97484126,member
1306845,DACA5EF1AB226F60,docked_bike,2021-03-21 15:45:35,2021-03-21 15:51:47,Clinton St & Joralemon St,4605,Columbia Heights & Cranberry St,4829,40.692395,-73.993379,40.70037867,-73.99548059,casual
1306847,0A904C32BBB61EDD,docked_bike,2021-03-26 20:19:03,2021-03-26 20:25:03,Clinton St & Joralemon St,4605,Columbia Heights & Cranberry St,4829,40.692395,-73.993379,40.70037867,-73.99548059,casual
1306848,35E91DCE3E15E6F0,docked_bike,2021-03-28 09:37:57,2021-03-28 09:43:38,Clinton St & Joralemon St,4605,Columbia St & Degraw St,4422,40.692395,-73.993379,40.6859296,-74.00242364,member
1306850,2A490E3C74357E64,docked_bike,2021-03-10 09:25:12,2021-03-10 09:30:49,Clinton St & Joralemon St,4605,Columbia Heights & Cranberry St,4829,40.692395,-73.993379,40.70037867,-73.99548059,member
1306906,566286FDBD4F4016,docked_bike,2021-03-17 21:00:40,2021-03-17 21:07:05,Clinton St & Joralemon St,4605,Columbia St & Degraw St,4422,40.692395,-73.993379,40.68593,-74.002424,member
1306920,D58F6CEACE1460B6,docked_bike,2021-03-02 09:18:31,2021-03-02 09:23:36,Clinton St & Joralemon St,4605,Columbia Heights & Cranberry St,4829,40.692395,-73.993379,40.70037867,-73.99548059,casual
1306922,668240095454F758,docked_bike,2021-03-03 08:46:30,2021-03-03 09:00:10,Clinton St & Joralemon St,4605,Franklin St & W Broadway,5430,40.692395,-73.993379,40.71911552,-74.00666661,member
1306944,B5F9F8CB3F127CAA,docked_bike,2021-03-29 18:19:07,2021-03-29 18:24:44,Clinton St & Joralemon St,4605,Columbia St & Degraw St,4422,40.692395,-73.993379,40.6859296,-74.00242364,member
1306947,D0419AAC50DCCF3C,docked_bike,2021-03-17 13:31:19,2021-03-17 13:39:59,Clinton St & Joralemon St,4605,Columbia Heights & Cranberry St,4829,40.692395,-73.993379,40.700379,-73.995481,member
1306948,F7EF3265FD57FC61,docked_bike,2021-03-27 18:44:16,2021-03-27 18:50:33,Clinton St & Joralemon St,4605,Columbia Heights & Cranberry St,4829,40.692395,-73.993379,40.70037867,-73.99548059,member
1306974,31BDD8CA0A4B9AFF,docked_bike,2021-03-04 18:11:14,2021-03-04 18:15:43,Clinton St & Joralemon St,4605,Columbia Heights & Cranberry St,4829,40.692395,-73.993379,40.70037867,-73.99548059,member
1306975,84E85299D55B5317,docked_bike,2021-03-11 16:30:21,2021-03-11 16:37:04,Clinton St & Joralemon St,4605,Sands St Gate,4812,40.692395,-73.993379,40.699569,-73.979827,member
1306979,6526B71F91854528,docked_bike,2021-03-27 18:44:29,2021-03-27 18:50:30,Clinton St & Joralemon St,4605,Columbia Heights & Cranberry St,4829,40.692395,-73.993379,40.70037867,-73.99548059,casual
1306985,BEEDEE104FC8637A,docked_bike,2021-03-11 09:03:31,2021-03-11 09:19:23,Clinton St & Joralemon St,4605,Franklin St & W Broadway,5430,40.692395,-73.993379,40.71911552,-74.00666661,member
1306993,B653D40D06A61944,docked_bike,2021-03-16 16:12:38,2021-03-16 16:20:14,Clinton St & Joralemon St,4605,Sands St Gate,4812,40.692395,-73.993379,40.699569,-73.979827,member
1306994,56D26517EEC5AB2C,docked_bike,2021-03-22 08:37:22,2021-03-22 08:52:55,Clinton St & Joralemon St,4605,Franklin St & W Broadway,5430,40.692395,-73.993379,40.71911552,-74.00666661,member
1307009,2898C8A54062A488,docked_bike,2021-03-08 09:05:36,2021-03-08 09:21:08,Clinton St & Joralemon St,4605,Franklin St & W Broadway,5430,40.692395,-73.993379,40.71911552,-74.00666661,member
1307039,3E13A57458091AB2,docked_bike,2021-03-20 15:26:09,2021-03-20 15:58:47,Clinton St & Joralemon St,4605,Columbia St & Degraw St,4422,40.692395,-73.993379,40.6859296,-74.00242364,member
1307050,186A4C340EEAC72B,docked_bike,2021-03-08 18:30:50,2021-03-08 18:35:22,Clinton St & Joralemon St,4605,Columbia Heights & Cranberry St,4829,40.692395,-73.993379,40.700379,-73.995481,member
1307051,DC780A8ED020FDEE,docked_bike,2021-03-27 11:40:36,2021-03-27 11:48:08,Clinton St & Joralemon St,4605,Columbia Heights & Cranberry St,4829,40.692395,-73.993379,40.70037867,-73.99548059,member
1307058,DFFE51B76DD4889E,docked_bike,2021-03-29 18:53:27,2021-03-29 19:26:10,Clinton St & Joralemon St,4605,Columbia St & Degraw St,4422,40.692395,-73.993379,40.68593,-74.002424,member
1307084,4CAFE85977CD8FC9,docked_bike,2021-03-10 18:24:56,2021-03-10 18:32:30,Clinton St & Joralemon St,4605,Columbia St & Degraw St,4422,40.692395,-73.993379,40.6859296,-74.00242364,member
1307086,81A4D7B281F51193,docked_bike,2021-03-19 21:49:31,2021-03-19 21:56:03,Clinton St & Joralemon St,4605,Columbia Heights & Cranberry St,4829,40.692395,-73.993379,40.70037867,-73.99548059,member
1307087,0C3E488900C1D9FB,docked_bike,2021-03-15 14:22:11,2021-03-15 14:28:52,Clinton St & Joralemon St,4605,Sands St Gate,4812,40.692395,-73.993379,40.699569,-73.979827,member
1308009,8B7233D4917A0A36,docked_bike,2021-03-14 10:13:31,2021-03-14 10:19:26,Clinton St & Joralemon St,4605,Sands St Gate,4812,40.692395,-73.993379,40.699569,-73.979827,member
1311344,0BD4BCCCB0760DD4,docked_bike,2021-03-09 08:44:47,2021-03-09 08:57:31,Clinton St & Joralemon St,4605,Franklin St & W Broadway,5430,40.692395,-73.993379,40.71911552,-74.00666661,member
1311349,49DEF709C775CF3A,docked_bike,2021-03-04 09:41:17,2021-03-04 09:56:29,Clinton St & Joralemon St,4605,Franklin St & W Broadway,5430,40.692395,-73.993379,40.71911552,-74.00666661,member
1324350,9C4106ECBFFF4126,docked_bike,2021-03-23 16:48:15,2021-03-23 17:54:35,Clinton St & Joralemon St,4605,Smith St & 9 St,4077,40.692395,-73.993379,40.6746957,-73.99785768,casual
1324397,9771B0A83069A373,docked_bike,2021-03-18 14:05:52,2021-03-18 14:36:40,Clinton St & Joralemon St,4605,6 Ave & 9 St,3803,40.692395,-73.993379,40.668127,-73.98377641,member
1326493,D69A22B0D9190CFE,docked_bike,2021-03-26 11:20:34,2021-03-26 11:55:13,Clinton St & Joralemon St,4605,Kent St & McGuinness Blvd,5785,40.692395,-73.993379,40.73124,-73.95161,member
1327028,B77C3FE0EC5B8E69,docked_bike,2021-03-17 12:36:28,2021-03-17 13:19:12,Clinton St & Joralemon St,4605,Kent St & McGuinness Blvd,5785,40.692395,-73.993379,40.73124,-73.95161,member
1329007,664567CCB69E9B20,docked_bike,2021-03-23 08:33:46,2021-03-23 08:36:09,Clinton St & Joralemon St,4605,Schermerhorn St & Court St,4565,40.692395,-73.993379,40.69102925677968,-73.99183362722397,member
1329009,E7B952E0A469B79F,docked_bike,2021-03-12 17:35:01,2021-03-12 18:00:25,Clinton St & Joralemon St,4605,Schermerhorn St & Court St,4565,40.692395,-73.993379,40.69102925677968,-73.99183362722397,casual
1329026,7CDAC5844868AA54,docked_bike,2021-03-17 18:57:42,2021-03-17 18:59:31,Clinton St & Joralemon St,4605,Schermerhorn St & Court St,4565,40.692395,-73.993379,40.69102925677968,-73.99183362722397,member
1330986,4753C8FD31328A68,docked_bike,2021-03-08 18:47:17,2021-03-08 18:49:20,Clinton St & Joralemon St,4605,Schermerhorn St & Court St,4565,40.692395,-73.993379,40.69102925677968,-73.99183362722397,member
1330987,053527A633653FC6,docked_bike,2021-03-04 19:01:29,2021-03-04 19:03:10,Clinton St & Joralemon St,4605,Schermerhorn St & Court St,4565,40.692395,-73.993379,40.69102925677968,-73.99183362722397,member
1330988,7C48CA7DDB4984B6,docked_bike,2021-03-01 17:17:36,2021-03-01 17:19:16,Clinton St & Joralemon St,4605,Schermerhorn St & Court St,4565,40.692395,-73.993379,40.69102925677968,-73.99183362722397,member
1331020,CC8928CC1C92F8F1,docked_bike,2021-03-12 13:34:11,2021-03-12 13:56:23,Clinton St & Joralemon St,4605,Schermerhorn St & Court St,4565,40.692395,-73.993379,40.69102925677968,-73.99183362722397,member
1331036,14A74519C57D7529,docked_bike,2021-03-14 13:00:04,2021-03-14 13:23:27,Clinton St & Joralemon St,4605,Schermerhorn St & Court St,4565,40.692395,-73.993379,40.69102925677968,-73.99183362722397,member
1331041,DBE9CA688ADCF875,docked_bike,2021-03-12 17:34:50,2021-03-12 17:45:33,Clinton St & Joralemon St,4605,Schermerhorn St & Court St,4565,40.692395,-73.993379,40.69102925677968,-73.99183362722397,casual
1331042,EE96A806D52A2F40,docked_bike,2021-03-09 14:48:53,2021-03-09 14:50:42,Clinton St & Joralemon St,4605,Schermerhorn St & Court St,4565,40.692395,-73.993379,40.69102925677968,-73.99183362722397,member
1331043,CF29E5CA5DA94E81,docked_bike,2021-03-09 15:02:53,2021-03-09 15:05:12,Clinton St & Joralemon St,4605,Schermerhorn St & Court St,4565,40.692395,-73.993379,40.69102925677968,-73.99183362722397,member
1331044,E4FFA1C862DD99A2,docked_bike,2021-03-09 14:38:04,2021-03-09 14:40:02,Clinton St & Joralemon St,4605,Schermerhorn St & Court St,4565,40.692395,-73.993379,40.69102925677968,-73.99183362722397,member
1331127,077343A34BD64EA0,docked_bike,2021-03-01 15:02:44,2021-03-01 15:17:54,Clinton St & Joralemon St,4605,Schermerhorn St & Court St,4565,40.692395,-73.993379,40.69102925677968,-73.99183362722397,casual
1331220,DE762C0740B427AA,docked_bike,2021-03-11 15:33:50,2021-03-11 15:35:27,Clinton St & Joralemon St,4605,Schermerhorn St & Court St,4565,40.692395,-73.993379,40.69102925677968,-73.99183362722397,member
1331221,9D28B2FD00EECCA2,docked_bike,2021-03-11 14:53:57,2021-03-11 14:55:48,Clinton St & Joralemon St,4605,Schermerhorn St & Court St,4565,40.692395,-73.993379,40.69102925677968,-73.99183362722397,member
1331222,E2EC975958D36AB6,docked_bike,2021-03-11 14:48:58,2021-03-11 14:50:33,Clinton St & Joralemon St,4605,Schermerhorn St & Court St,4565,40.692395,-73.993379,40.69102925677968,-73.99183362722397,member
1331224,8E5E7E70A76976A0,docked_bike,2021-03-09 14:32:55,2021-03-09 14:34:38,Clinton St & Joralemon St,4605,Schermerhorn St & Court St,4565,40.692395,-73.993379,40.69102925677968,-73.99183362722397,member
1331225,74E4000CDC904540,docked_bike,2021-03-09 14:28:02,2021-03-09 14:29:39,Clinton St & Joralemon St,4605,Schermerhorn St & Court St,4565,40.692395,-73.993379,40.69102925677968,-73.99183362722397,member
1331226,BEB5F3814BAE9D43,docked_bike,2021-03-09 14:43:01,2021-03-09 14:44:53,Clinton St & Joralemon St,4605,Schermerhorn St & Court St,4565,40.692395,-73.993379,40.69102925677968,-73.99183362722397,member
1331227,4ED73E5124F3C354,docked_bike,2021-03-09 14:56:18,2021-03-09 14:58:44,Clinton St & Joralemon St,4605,Schermerhorn St & Court St,4565,40.692395,-73.993379,40.69102925677968,-73.99183362722397,member
1331484,71C0C3A7AE96AD48,docked_bike,2021-03-10 12:56:10,2021-03-10 12:58:02,Clinton St & Joralemon St,4605,Schermerhorn St & Court St,4565,40.692395,-73.993379,40.69102925677968,-73.99183362722397,member
1331547,986DDD5084B435DA,docked_bike,2021-03-09 18:53:18,2021-03-09 19:20:27,Clinton St & Joralemon St,4605,Kent Ave & N 7 St,5489,40.692395,-73.993379,40.720368,-73.961651,member
1331548,86E97A60DC7D2D7E,docked_bike,2021-03-18 09:37:40,2021-03-18 10:08:34,Clinton St & Joralemon St,4605,Schermerhorn St & Court St,4565,40.692395,-73.993379,40.69102925677968,-73.99183362722397,member
1334081,E83FE67768799691,docked_bike,2021-03-21 00:57:22,2021-03-21 01:31:37,Clinton St & Joralemon St,4605,Schermerhorn St & Court St,4565,40.692395,-73.993379,40.69102925677968,-73.99183362722397,casual
1334082,8B2FEB7A54447942,docked_bike,2021-03-10 20:20:52,2021-03-10 20:22:38,Clinton St & Joralemon St,4605,Schermerhorn St & Court St,4565,40.692395,-73.993379,40.69102925677968,-73.99183362722397,member
1334096,9460719CB972C90E,docked_bike,2021-03-23 19:13:06,2021-03-23 19:15:36,Clinton St & Joralemon St,4605,Schermerhorn St & Court St,4565,40.692395,-73.993379,40.69102925677968,-73.99183362722397,member
1334100,F3011F39D5E95940,docked_bike,2021-03-09 14:22:43,2021-03-09 14:24:20,Clinton St & Joralemon St,4605,Schermerhorn St & Court St,4565,40.692395,-73.993379,40.69102925677968,-73.99183362722397,member
1334119,F33109EDB1F208C1,docked_bike,2021-03-14 16:44:42,2021-03-14 16:46:24,Clinton St & Joralemon St,4605,Schermerhorn St & Court St,4565,40.692395,-73.993379,40.69102925677968,-73.99183362722397,member
1334120,5461B77E5684BBF2,docked_bike,2021-03-01 16:52:09,2021-03-01 16:54:05,Clinton St & Joralemon St,4605,Schermerhorn St & Court St,4565,40.692395,-73.993379,40.69102925677968,-73.99183362722397,member
1335694,D9FF31B338267400,docked_bike,2021-03-02 18:28:04,2021-03-02 18:29:58,Clinton St & Joralemon St,4605,Schermerhorn St & Court St,4565,40.692395,-73.993379,40.69102925677968,-73.99183362722397,member
1336072,7876B22696DFEB52,docked_bike,2021-03-16 14:34:48,2021-03-16 14:41:54,Clinton St & Joralemon St,4605,Schermerhorn St & Court St,4565,40.692395,-73.993379,40.69102925677968,-73.99183362722397,member
1336076,1A8068A0046F46BC,docked_bike,2021-03-19 20:01:35,2021-03-19 20:03:34,Clinton St & Joralemon St,4605,Schermerhorn St & Court St,4565,40.692395,-73.993379,40.69102925677968,-73.99183362722397,member
1336077,D74F6E1CF02B31C8,docked_bike,2021-03-06 15:51:45,2021-03-06 15:53:29,Clinton St & Joralemon St,4605,Schermerhorn St & Court St,4565,40.692395,-73.993379,40.69102925677968,-73.99183362722397,member
1336085,9A2C2963EA606EB2,docked_bike,2021-03-11 15:00:07,2021-03-11 15:01:30,Clinton St & Joralemon St,4605,Schermerhorn St & Court St,4565,40.692395,-73.993379,40.69102925677968,-73.99183362722397,member
1342404,9CB6D197B96C8447,docked_bike,2021-03-26 11:13:29,2021-03-26 11:23:09,Clinton St & Joralemon St,4605,Front St & Gold St,4927,40.692395,-73.993379,40.70224,-73.982578,casual
1342466,E8857046B854A0AD,docked_bike,2021-03-29 09:44:00,2021-03-29 09:59:42,Clinton St & Joralemon St,4605,5 Ave & 3 St,3987,40.692395,-73.993379,40.6728155,-73.98352355,member
1342476,42BC3EC66F1103F9,docked_bike,2021-03-06 18:36:29,2021-03-06 19:01:32,Clinton St & Joralemon St,4605,5 Ave & 3 St,3987,40.692395,-73.993379,40.672816,-73.983524,member
1342525,04ED2A443BDAF837,docked_bike,2021-03-28 13:53:38,2021-03-28 14:10:15,Clinton St & Joralemon St,4605,5 Ave & 3 St,3987,40.692395,-73.993379,40.6728155,-73.98352355,member
1342526,6FA089EE1A3712BF,docked_bike,2021-03-18 08:17:40,2021-03-18 08:31:38,Clinton St & Joralemon St,4605,5 Ave & 3 St,3987,40.692395,-73.993379,40.672816,-73.983524,member
1343118,0BE0871AC8F16F20,docked_bike,2021-03-04 16:19:18,2021-03-04 16:32:45,Clinton St & Joralemon St,4605,5 Ave & 3 St,3987,40.692395,-73.993379,40.6728155,-73.98352355,member
1343206,22FEFFC0580B8696,docked_bike,2021-03-24 14:23:42,2021-03-24 14:36:48,Clinton St & Joralemon St,4605,5 Ave & 3 St,3987,40.692395,-73.993379,40.672816,-73.983524,member
1345284,7B76EEB3BB34154C,docked_bike,2021-03-24 11:37:59,2021-03-24 11:55:52,Clinton St & Joralemon St,4605,Christopher St & Greenwich St,5847,40.692395,-73.993379,40.73291553,-74.00711384,member
1351856,DC9D26C995F288AE,docked_bike,2021-03-08 14:28:06,2021-03-08 14:48:27,Clinton St & Joralemon St,4605,Christopher St & Greenwich St,5847,40.692395,-73.993379,40.73291553,-74.00711384,member
1351892,95CA1F32C1AAA4B8,docked_bike,2021-03-23 13:19:04,2021-03-23 13:40:24,Clinton St & Joralemon St,4605,Christopher St & Greenwich St,5847,40.692395,-73.993379,40.73291553,-74.00711384,member
1354590,41BF547B728FFC8C,docked_bike,2021-03-17 18:49:54,2021-03-17 19:17:01,Clinton St & Joralemon St,4605,Christopher St & Greenwich St,5847,40.692395,-73.993379,40.73291553,-74.00711384,member
1354610,215FDA2BD483C6CB,docked_bike,2021-03-10 08:06:16,2021-03-10 08:16:02,Clinton St & Joralemon St,4605,Spruce St & Nassau St,5137,40.692395,-73.993379,40.71146364,-74.00552427,member
1354648,F9256FC009D98FFA,docked_bike,2021-03-04 08:13:47,2021-03-04 08:23:45,Clinton St & Joralemon St,4605,Spruce St & Nassau St,5137,40.692395,-73.993379,40.71146364,-74.00552427,member
1355511,9C031AAF6C468C17,docked_bike,2021-03-26 12:51:06,2021-03-26 13:01:09,Clinton St & Joralemon St,4605,Spruce St & Nassau St,5137,40.692395,-73.993379,40.71146364,-74.00552427,casual
1355513,13127A96C1DF9EF6,docked_bike,2021-03-22 11:47:37,2021-03-22 12:05:37,Clinton St & Joralemon St,4605,Christopher St & Greenwich St,5847,40.692395,-73.993379,40.73291553,-74.00711384,member
1363218,E360E1BBCCE5424B,docked_bike,2021-03-12 08:46:08,2021-03-12 08:57:11,Clinton St & Joralemon St,4605,Park Pl & Church St,5288,40.692395,-73.993379,40.71334184275907,-74.00935515761375,member
1363220,91F7D803961F4FC0,docked_bike,2021-03-07 23:22:26,2021-03-07 23:47:38,Clinton St & Joralemon St,4605,Melrose St & Broadway,4801,40.692395,-73.993379,40.697481,-73.935877,casual
1363222,223D2E120E5041D2,docked_bike,2021-03-23 08:03:52,2021-03-23 08:16:24,Clinton St & Joralemon St,4605,Park Pl & Church St,5288,40.692395,-73.993379,40.71334184275907,-74.00935515761375,member
1363496,471D31D4E65A5328,docked_bike,2021-03-31 07:10:23,2021-03-31 07:23:59,Clinton St & Joralemon St,4605,Park Pl & Church St,5288,40.692395,-73.993379,40.71334184275907,-74.00935515761375,member
1363497,A7B29B68A8D0D5CA,docked_bike,2021-03-15 15:46:02,2021-03-15 16:04:07,Clinton St & Joralemon St,4605,Park Pl & Church St,5288,40.692395,-73.993379,40.71334184275907,-74.00935515761375,member
1363509,9BEA131E76EA4D8D,docked_bike,2021-03-01 09:59:54,2021-03-01 10:10:40,Clinton St & Joralemon St,4605,Park Pl & Church St,5288,40.692395,-73.993379,40.71334184275907,-74.00935515761375,member
1366038,050DC9C17A331311,docked_bike,2021-03-23 17:37:46,2021-03-23 17:55:09,Clinton St & Joralemon St,4605,Bergen St & Vanderbilt Ave,4157,40.692395,-73.993379,40.6794388,-73.9680438,casual
1366094,F1A35566BBC3E87C,docked_bike,2021-03-24 09:33:13,2021-03-24 09:48:18,Clinton St & Joralemon St,4605,Bergen St & Vanderbilt Ave,4157,40.692395,-73.993379,40.6794388,-73.9680438,member
1371606,B279522B54751FB0,docked_bike,2021-03-27 13:48:55,2021-03-27 14:14:50,Clinton St & Joralemon St,4605,23 St & 3 Ave,3707,40.692395,-73.993379,40.662611,-73.998623,member
1374011,B666BC451481D40F,docked_bike,2021-03-22 17:51:57,2021-03-22 17:58:14,Clinton St & Joralemon St,4605,Carroll St & Columbia St,4348,40.692395,-73.993379,40.6830456,-74.00348559,member
1374013,EB32288BED112A78,docked_bike,2021-03-05 17:35:41,2021-03-05 17:43:05,Clinton St & Joralemon St,4605,Carroll St & Columbia St,4348,40.692395,-73.993379,40.6830456,-74.00348559,member
1374014,8AF413906629C022,docked_bike,2021-03-23 13:27:01,2021-03-23 13:32:12,Clinton St & Joralemon St,4605,Carroll St & Columbia St,4348,40.692395,-73.993379,40.6830456,-74.00348559,member
1374015,2CF03FF56EBFDA76,docked_bike,2021-03-30 18:58:48,2021-03-30 19:04:31,Clinton St & Joralemon St,4605,Carroll St & Columbia St,4348,40.692395,-73.993379,40.6830456,-74.00348559,member
1374016,79F0F1F5015C1A17,docked_bike,2021-03-11 21:23:46,2021-03-11 21:29:27,Clinton St & Joralemon St,4605,Carroll St & Columbia St,4348,40.692395,-73.993379,40.6830456,-74.00348559,member
1374017,491256F139E61F51,docked_bike,2021-03-08 18:31:32,2021-03-08 18:38:19,Clinton St & Joralemon St,4605,Carroll St & Columbia St,4348,40.692395,-73.993379,40.6830456,-74.00348559,member
1374023,36780EBE21498636,docked_bike,2021-03-12 17:17:50,2021-03-12 17:21:32,Clinton St & Joralemon St,4605,Bergen St & Smith St,4446,40.692395,-73.993379,40.6867443,-73.99063168,member
1374029,A933F6C87830AAEE,docked_bike,2021-03-26 17:26:58,2021-03-26 17:32:13,Clinton St & Joralemon St,4605,Carroll St & Columbia St,4348,40.692395,-73.993379,40.6830456,-74.00348559,member
1374031,CC8BEADE051E54E0,docked_bike,2021-03-10 17:19:04,2021-03-10 17:22:58,Clinton St & Joralemon St,4605,Bergen St & Smith St,4446,40.692395,-73.993379,40.6867443,-73.99063168,member
1374078,C76094CED3D5789F,docked_bike,2021-03-22 14:55:57,2021-03-22 15:02:25,Clinton St & Joralemon St,4605,Carroll St & Columbia St,4348,40.692395,-73.993379,40.6830456,-74.00348559,member
1374080,975D0AB76B1B92CB,docked_bike,2021-03-26 11:51:22,2021-03-26 11:56:24,Clinton St & Joralemon St,4605,Bergen St & Smith St,4446,40.692395,-73.993379,40.6867443,-73.99063168,member
1374102,743450698DB77022,docked_bike,2021-03-25 18:53:58,2021-03-25 18:58:47,Clinton St & Joralemon St,4605,Bergen St & Smith St,4446,40.692395,-73.993379,40.6867443,-73.99063168,member
1378920,E80AE90C43EDE925,docked_bike,2021-03-19 17:53:48,2021-03-19 18:00:47,Clinton St & Joralemon St,4605,Carroll St & Columbia St,4348,40.692395,-73.993379,40.6830456,-74.00348559,member
1379242,6945CD712C64BBE7,docked_bike,2021-03-20 22:11:25,2021-03-20 22:35:25,Clinton St & Joralemon St,4605,Bergen St & Smith St,4446,40.692395,-73.993379,40.6867443,-73.99063168,member
1382635,8ED526D7399E5693,docked_bike,2021-03-05 15:30:50,2021-03-05 15:36:46,Clinton St & Joralemon St,4605,Carroll St & Columbia St,4348,40.692395,-73.993379,40.6830456,-74.00348559,member
1382640,CF7C03CFE4A04DFD,docked_bike,2021-03-16 17:52:05,2021-03-16 17:58:12,Clinton St & Joralemon St,4605,Carroll St & Columbia St,4348,40.692395,-73.993379,40.6830456,-74.00348559,member
1383953,7DB784FC9E6A0307,docked_bike,2021-03-15 16:04:18,2021-03-15 16:09:55,Clinton St & Joralemon St,4605,Carroll St & Columbia St,4348,40.692395,-73.993379,40.6830456,-74.00348559,member
1383959,CEF163F741D4B307,docked_bike,2021-03-17 18:33:06,2021-03-17 18:38:51,Clinton St & Joralemon St,4605,Carroll St & Columbia St,4348,40.692395,-73.993379,40.6830456,-74.00348559,member
1383960,C67193F7F0F4DB52,docked_bike,2021-03-25 18:40:50,2021-03-25 18:48:11,Clinton St & Joralemon St,4605,Carroll St & Columbia St,4348,40.692395,-73.993379,40.6830456,-74.00348559,member
1386889,2191F5753339349B,docked_bike,2021-03-22 21:23:28,2021-03-22 21:34:25,Clinton St & Joralemon St,4605,Forsyth St & Canal St,5270,40.692395,-73.993379,40.7158155,-73.99422366,member
1387105,1028C924D7983214,docked_bike,2021-03-09 15:34:23,2021-03-09 15:46:27,Clinton St & Joralemon St,4605,Forsyth St & Canal St,5270,40.692395,-73.993379,40.7158155,-73.99422366,member
1387135,41331327289213C8,docked_bike,2021-03-18 09:55:26,2021-03-18 10:17:37,Clinton St & Joralemon St,4605,4 Ave & E 12 St,5788,40.692395,-73.993379,40.732647,-73.99011,member
1394241,0C6FC724F74CF2CF,docked_bike,2021-03-20 15:29:36,2021-03-20 15:47:06,Clinton St & Joralemon St,4605,Forsyth St & Canal St,5270,40.692395,-73.993379,40.7158155,-73.99422366,casual
1394484,3CB59CDDAE5082E6,docked_bike,2021-03-29 12:48:21,2021-03-29 13:12:37,Clinton St & Joralemon St,4605,E 47 St & 1 Ave,6498,40.692395,-73.993379,40.75206862,-73.96784384,member
1399245,CA999990BE14F826,docked_bike,2021-03-03 22:16:06,2021-03-03 22:25:59,Clinton St & Joralemon St,4605,Columbia St & W 9 St,4086,40.692395,-73.993379,40.6769993,-74.00647134,member
1399246,DCBE0F2E649DF875,docked_bike,2021-03-17 22:25:30,2021-03-17 22:34:49,Clinton St & Joralemon St,4605,Columbia St & W 9 St,4086,40.692395,-73.993379,40.6769993,-74.00647134,member
1399247,328CDD1ED66455FC,docked_bike,2021-03-24 22:23:59,2021-03-24 22:33:59,Clinton St & Joralemon St,4605,Columbia St & W 9 St,4086,40.692395,-73.993379,40.6769993,-74.00647134,member
1399309,BA1A64FDB1B89967,docked_bike,2021-03-04 22:23:52,2021-03-04 22:34:04,Clinton St & Joralemon St,4605,Columbia St & W 9 St,4086,40.692395,-73.993379,40.6769993,-74.00647134,member
1399351,03C49BA647500A33,docked_bike,2021-03-23 12:12:31,2021-03-23 12:26:59,Clinton St & Joralemon St,4605,Liberty St & Nassau St,5105,40.692395,-73.993379,40.70858894240581,-74.00935482235809,member
1399449,1901C14FDCC33208,docked_bike,2021-03-12 20:04:25,2021-03-12 20:14:20,Clinton St & Joralemon St,4605,Columbia St & W 9 St,4086,40.692395,-73.993379,40.6769993,-74.00647134,member
1399450,79F77B739756A5E3,docked_bike,2021-03-30 22:26:38,2021-03-30 22:35:42,Clinton St & Joralemon St,4605,Columbia St & W 9 St,4086,40.692395,-73.993379,40.6769993,-74.00647134,member
1399451,E255A44CC2F184A4,docked_bike,2021-03-08 22:24:23,2021-03-08 22:32:54,Clinton St & Joralemon St,4605,Columbia St & W 9 St,4086,40.692395,-73.993379,40.6769993,-74.00647134,member
1399452,D7C6911F63CCCDE0,docked_bike,2021-03-02 22:10:18,2021-03-02 22:19:45,Clinton St & Joralemon St,4605,Columbia St & W 9 St,4086,40.692395,-73.993379,40.6769993,-74.00647134,member
1399523,361FFC820286EAFB,docked_bike,2021-03-22 08:11:03,2021-03-22 08:27:34,Clinton St & Joralemon St,4605,Liberty St & Nassau St,5105,40.692395,-73.993379,40.70858894240581,-74.00935482235809,member
1405790,AB3469265142DBB8,docked_bike,2021-03-07 21:06:52,2021-03-07 21:17:29,Clinton St & Joralemon St,4605,Columbia St & W 9 St,4086,40.692395,-73.993379,40.6769993,-74.00647134,member
1405791,336B11ADA01153E7,docked_bike,2021-03-13 19:59:08,2021-03-13 20:10:39,Clinton St & Joralemon St,4605,Columbia St & W 9 St,4086,40.692395,-73.993379,40.6769993,-74.00647134,member
1405792,874033524FEB8C43,docked_bike,2021-03-16 16:45:17,2021-03-16 16:55:39,Clinton St & Joralemon St,4605,Columbia St & W 9 St,4086,40.692395,-73.993379,40.6769993,-74.00647134,member
1405814,13A2A3CFC139333E,docked_bike,2021-03-23 10:24:42,2021-03-23 10:40:15,Clinton St & Joralemon St,4605,Division St & Bowery,5270,40.692395,-73.993379,40.714193,-73.996732,member
1415808,E30A719E2E512476,docked_bike,2021-03-29 15:42:08,2021-03-29 15:53:52,Clinton St & Joralemon St,4605,Cumberland St & Lafayette Ave,4428,40.692395,-73.993379,40.68753406,-73.97265183,casual
1421458,66F77B893D65F401,docked_bike,2021-03-12 13:57:44,2021-03-12 14:16:21,Clinton St & Joralemon St,4605,Lafayette St & Jersey St,5561,40.692395,-73.993379,40.72456089,-73.99565293,member
1421465,84E26A176893D487,docked_bike,2021-03-18 22:03:13,2021-03-18 22:16:17,Clinton St & Joralemon St,4605,Cumberland St & Lafayette Ave,4428,40.692395,-73.993379,40.68753406,-73.97265183,casual
1421470,5AF5BDE48F59BBF4,docked_bike,2021-03-09 10:53:40,2021-03-09 11:08:48,Clinton St & Joralemon St,4605,Stanton St & Chrystie St,5523,40.692395,-73.993379,40.72229346,-73.99147535,member
1426231,725596C99FFECDC8,docked_bike,2021-03-15 15:33:17,2021-03-15 15:50:40,Clinton St & Joralemon St,4605,Lafayette St & Jersey St,5561,40.692395,-73.993379,40.72456089,-73.99565293,member
1426299,B67A0F3F49ACB916,docked_bike,2021-03-13 13:22:07,2021-03-13 13:38:12,Clinton St & Joralemon St,4605,Cumberland St & Lafayette Ave,4428,40.692395,-73.993379,40.68753406,-73.97265183,casual
1426311,E2C2117E5C3F0BB3,docked_bike,2021-03-12 10:41:21,2021-03-12 10:55:57,Clinton St & Joralemon St,4605,Lafayette St & Jersey St,5561,40.692395,-73.993379,40.72456089,-73.99565293,member
1426322,B060A34F762E0AE3,docked_bike,2021-03-17 09:19:00,2021-03-17 09:35:29,Clinton St & Joralemon St,4605,Lafayette St & Jersey St,5561,40.692395,-73.993379,40.72456089,-73.99565293,member
1426354,4BEC48E2AD37EAFC,docked_bike,2021-03-29 10:30:07,2021-03-29 10:46:56,Clinton St & Joralemon St,4605,Lafayette St & Jersey St,5561,40.692395,-73.993379,40.72456089,-73.99565293,member
1426612,DD45A6455E38358C,docked_bike,2021-03-04 10:11:53,2021-03-04 10:25:31,Clinton St & Joralemon St,4605,Lafayette St & Jersey St,5561,40.692395,-73.993379,40.72456089,-73.99565293,member
1426984,7CED6FBB35561B08,docked_bike,2021-03-18 22:03:33,2021-03-18 22:15:59,Clinton St & Joralemon St,4605,Cumberland St & Lafayette Ave,4428,40.692395,-73.993379,40.68753406,-73.97265183,member
1428905,2E1FFF2D3497FC1D,docked_bike,2021-03-18 20:24:35,2021-03-18 20:42:50,Clinton St & Joralemon St,4605,3 St & 7 Ave,3905,40.692395,-73.993379,40.6703837,-73.97839676,casual
1428946,4BA571521967BF56,docked_bike,2021-03-19 17:30:21,2021-03-19 17:54:37,Clinton St & Joralemon St,4605,1 Ave & E 30 St,6079,40.692395,-73.993379,40.74144387,-73.97536082,member
1429007,6056958DC3718317,docked_bike,2021-03-25 16:04:33,2021-03-25 16:38:31,Clinton St & Joralemon St,4605,Central Ave & Himrod St,4713,40.692395,-73.993379,40.69676,-73.92302,casual
1434352,6293B8316C9BDA5B,docked_bike,2021-03-20 15:29:39,2021-03-20 15:50:20,Clinton St & Joralemon St,4605,1 Ave & E 30 St,6079,40.692395,-73.993379,40.74144387,-73.97536082,member
1434353,F3F54477E27A6CB1,docked_bike,2021-03-10 15:52:09,2021-03-10 16:13:43,Clinton St & Joralemon St,4605,1 Ave & E 30 St,6079,40.692395,-73.993379,40.74144387,-73.97536082,member
1434403,FE184D1EA87F055A,docked_bike,2021-03-21 11:37:05,2021-03-21 12:07:42,Clinton St & Joralemon St,4605,1 Ave & E 30 St,6079,40.692395,-73.993379,40.74144387,-73.97536082,member
1434421,4322B6FCD484B01C,docked_bike,2021-03-26 15:50:23,2021-03-26 16:06:00,Clinton St & Joralemon St,4605,3 St & 7 Ave,3905,40.692395,-73.993379,40.6703837,-73.97839676,casual
1437702,B158D4597CBBFCCA,docked_bike,2021-03-12 15:58:42,2021-03-12 16:17:55,Clinton St & Joralemon St,4605,3 St & 7 Ave,3905,40.692395,-73.993379,40.6703837,-73.97839676,casual
1442007,7A33DCEA610361A2,docked_bike,2021-03-06 18:36:09,2021-03-06 19:09:09,Clinton St & Joralemon St,4605,3 St & 7 Ave,3905,40.692395,-73.993379,40.6703837,-73.97839676,member
1442048,BF7EFB1806F5957A,docked_bike,2021-03-20 10:00:49,2021-03-20 10:16:31,Clinton St & Joralemon St,4605,3 St & 7 Ave,3905,40.692395,-73.993379,40.6703837,-73.97839676,member
1442049,668FB18CAA695C56,docked_bike,2021-03-06 10:01:12,2021-03-06 10:16:56,Clinton St & Joralemon St,4605,3 St & 7 Ave,3905,40.692395,-73.993379,40.6703837,-73.97839676,member
1445533,3E3E94FB45A17C11,docked_bike,2021-03-20 18:10:46,2021-03-20 18:16:38,Clinton St & Joralemon St,4605,Schermerhorn St & Bond St,4479,40.692395,-73.993379,40.688417427540834,-73.98451656103134,casual
1445534,9D41EEBEAEB0786A,docked_bike,2021-03-27 09:36:05,2021-03-27 09:44:33,Clinton St & Joralemon St,4605,Schermerhorn St & Bond St,4479,40.692395,-73.993379,40.688417427540834,-73.98451656103134,member
1445575,A92026664CE47F17,docked_bike,2021-03-20 09:57:54,2021-03-20 10:01:58,Clinton St & Joralemon St,4605,Schermerhorn St & Bond St,4479,40.692395,-73.993379,40.688417427540834,-73.98451656103134,member
1445582,07782087FC24CEB8,docked_bike,2021-03-30 19:13:38,2021-03-30 19:19:57,Clinton St & Joralemon St,4605,Schermerhorn St & Bond St,4479,40.692395,-73.993379,40.688417427540834,-73.98451656103134,member
1448599,2C05AEDB63B9CEBC,docked_bike,2021-03-29 11:10:53,2021-03-29 11:16:57,Clinton St & Joralemon St,4605,Schermerhorn St & Bond St,4479,40.692395,-73.993379,40.688417427540834,-73.98451656103134,member
1448615,D87A8FB6DA18DA83,docked_bike,2021-03-26 16:32:29,2021-03-26 16:42:26,Clinton St & Joralemon St,4605,Schermerhorn St & Bond St,4479,40.692395,-73.993379,40.688417427540834,-73.98451656103134,member
1448625,75D1EB4CE83E5A91,docked_bike,2021-03-30 20:03:07,2021-03-30 20:07:32,Clinton St & Joralemon St,4605,Schermerhorn St & Bond St,4479,40.692395,-73.993379,40.688417427540834,-73.98451656103134,member
1452303,460082215F52790E,docked_bike,2021-03-06 09:20:22,2021-03-06 09:24:41,Clinton St & Joralemon St,4605,Schermerhorn St & Bond St,4479,40.692395,-73.993379,40.688417427540834,-73.98451656103134,member
1452304,84B0D8BA111560A3,docked_bike,2021-03-10 16:02:03,2021-03-10 16:05:52,Clinton St & Joralemon St,4605,Schermerhorn St & Bond St,4479,40.692395,-73.993379,40.688417427540834,-73.98451656103134,member
1452761,53A076057FF96664,docked_bike,2021-03-19 08:18:15,2021-03-19 08:45:56,Clinton St & Joralemon St,4605,Warren St & W Broadway,5288,40.692395,-73.993379,40.71473993,-74.00910627,member
1457358,86247670DC0338BB,docked_bike,2021-03-14 14:06:52,2021-03-14 14:35:54,Clinton St & Joralemon St,4605,Clinton Ave & Flushing Ave,4762,40.692395,-73.993379,40.69794,-73.96986848,member
1457381,CB78CEAFDA3E4F35,docked_bike,2021-03-09 09:50:57,2021-03-09 10:04:06,Clinton St & Joralemon St,4605,Willoughby Ave & Walworth St,4634,40.692395,-73.993379,40.69331716,-73.95381995,member
1457382,55EFD7AB42183AC8,docked_bike,2021-03-14 10:49:01,2021-03-14 11:00:23,Clinton St & Joralemon St,4605,Willoughby Ave & Walworth St,4634,40.692395,-73.993379,40.69331716,-73.95381995,member
1457409,9E83C79877384962,docked_bike,2021-03-09 15:08:12,2021-03-09 15:11:33,Clinton St & Joralemon St,4605,Pierrepont St & Monroe Pl,4718,40.692395,-73.993379,40.69535693320225,-73.99344027042389,member
1457436,1D671E58A230CEAB,docked_bike,2021-03-17 14:12:10,2021-03-17 14:16:40,Clinton St & Joralemon St,4605,Pierrepont St & Monroe Pl,4718,40.692395,-73.993379,40.69535693320225,-73.99344027042389,member
1457438,630A044AF4C3DD5E,docked_bike,2021-03-08 16:54:27,2021-03-08 16:57:13,Clinton St & Joralemon St,4605,Pierrepont St & Monroe Pl,4718,40.692395,-73.993379,40.69535693320225,-73.99344027042389,member
1457443,3E673F92E4012699,docked_bike,2021-03-07 10:00:03,2021-03-07 10:10:47,Clinton St & Joralemon St,4605,Willoughby Ave & Walworth St,4634,40.692395,-73.993379,40.69331716,-73.95381995,member
1457469,2A7E02903A60DD66,docked_bike,2021-03-05 09:26:45,2021-03-05 09:39:50,Clinton St & Joralemon St,4605,Willoughby Ave & Walworth St,4634,40.692395,-73.993379,40.69331716,-73.95381995,member
1457562,885D107BEE5EDEA0,docked_bike,2021-03-27 14:47:26,2021-03-27 14:49:50,Clinton St & Joralemon St,4605,Pierrepont St & Monroe Pl,4718,40.692395,-73.993379,40.69535693320225,-73.99344027042389,member
1457566,1DA5CBC3482245BD,docked_bike,2021-03-19 15:17:10,2021-03-19 15:19:53,Clinton St & Joralemon St,4605,Pierrepont St & Monroe Pl,4718,40.692395,-73.993379,40.69535693320225,-73.99344027042389,member
1459550,F47B5F46B0EAD0C8,docked_bike,2021-03-17 09:14:54,2021-03-17 09:28:29,Clinton St & Joralemon St,4605,Willoughby Ave & Walworth St,4634,40.692395,-73.993379,40.69331716,-73.95381995,member
1459551,B6E7683C1C50BE0A,docked_bike,2021-03-11 09:10:56,2021-03-11 09:23:56,Clinton St & Joralemon St,4605,Willoughby Ave & Walworth St,4634,40.692395,-73.993379,40.69331716,-73.95381995,member
1466051,38CE834648820F6B,docked_bike,2021-03-26 14:39:45,2021-03-26 14:59:48,Clinton St & Joralemon St,4605,Grand Army Plaza & Plaza St West,4010,40.692395,-73.993379,40.6729679,-73.97087984,member
1474919,20EFA3842820C692,docked_bike,2021-03-16 16:31:17,2021-03-16 17:01:37,Clinton St & Joralemon St,4605,Pierrepont St & Monroe Pl,4718,40.692395,-73.993379,40.695357,-73.99344,member
1475124,3E44483D7E61181B,docked_bike,2021-03-03 09:31:38,2021-03-03 09:43:10,Clinton St & Joralemon St,4605,Clinton Ave & Flushing Ave,4762,40.692395,-73.993379,40.69794,-73.96986848,member
1475354,C74BBE3A903188B0,docked_bike,2021-03-05 19:29:34,2021-03-05 19:32:20,Clinton St & Joralemon St,4605,Pierrepont St & Monroe Pl,4718,40.692395,-73.993379,40.69535693320225,-73.99344027042389,member
1475370,409B6D747053D7E2,docked_bike,2021-03-27 12:18:46,2021-03-27 12:21:17,Clinton St & Joralemon St,4605,Pierrepont St & Monroe Pl,4718,40.692395,-73.993379,40.69535693320225,-73.99344027042389,member
1475378,884085556CAD7D64,docked_bike,2021-03-22 10:44:11,2021-03-22 10:47:16,Clinton St & Joralemon St,4605,Pierrepont St & Monroe Pl,4718,40.692395,-73.993379,40.69535693320225,-73.99344027042389,member
1476811,FCB405D503F83CAF,docked_bike,2021-03-23 19:54:42,2021-03-23 19:58:00,Clinton St & Joralemon St,4605,Pierrepont St & Monroe Pl,4718,40.692395,-73.993379,40.695357,-73.99344,member
1476845,821EB0499FD6AFA5,docked_bike,2021-03-06 16:10:48,2021-03-06 16:20:16,Clinton St & Joralemon St,4605,Pierrepont St & Monroe Pl,4718,40.692395,-73.993379,40.69535693320225,-73.99344027042389,member
1481986,2A04616EBF9B3F8E,docked_bike,2021-03-03 14:17:29,2021-03-03 14:37:41,Clinton St & Joralemon St,4605,Carmine St & 6 Ave,5763,40.692395,-73.993379,40.73038599,-74.00214988,member
1481989,9BEDD0F4C3F0E3A1,docked_bike,2021-03-04 07:29:28,2021-03-04 07:59:00,Clinton St & Joralemon St,4605,W 22 St & 8 Ave,6224,40.692395,-73.993379,40.744751,-73.999154,member
1482325,35D1B87E08CA8E21,docked_bike,2021-03-27 13:57:41,2021-03-27 14:21:12,Clinton St & Joralemon St,4605,3 St & Prospect Park West,3865,40.692395,-73.993379,40.668132,-73.97363831,casual
1487275,28FC22849328E8A3,docked_bike,2021-03-05 12:30:21,2021-03-05 12:53:26,Clinton St & Joralemon St,4605,Carmine St & 6 Ave,5763,40.692395,-73.993379,40.73038599,-74.00214988,member
1487295,AF48FF38EFD226B5,docked_bike,2021-03-02 10:16:19,2021-03-02 10:57:38,Clinton St & Joralemon St,4605,W 22 St & 8 Ave,6224,40.692395,-73.993379,40.74475148,-73.99915362,member
1496866,103621940EEB408E,docked_bike,2021-03-27 13:54:34,2021-03-27 14:19:52,Clinton St & Joralemon St,4605,3 St & Prospect Park West,3865,40.692395,-73.993379,40.668132,-73.97363831,casual
1497251,140C05B458FD6C71,docked_bike,2021-03-08 15:42:04,2021-03-08 16:12:48,Clinton St & Joralemon St,4605,Lorimer St & Calyer St,5709,40.692395,-73.993379,40.72795,-73.95414,member
1499147,B3BD28ED0CF8E4F1,docked_bike,2021-03-11 15:16:53,2021-03-11 15:43:27,Clinton St & Joralemon St,4605,Lorimer St & Calyer St,5709,40.692395,-73.993379,40.72795,-73.95414,member
1499148,934E0FBBE3C5D085,docked_bike,2021-03-04 15:11:22,2021-03-04 15:48:00,Clinton St & Joralemon St,4605,Lorimer St & Calyer St,5709,40.692395,-73.993379,40.72795,-73.95414,member
1511306,934869B937FD2177,docked_bike,2021-03-01 10:37:18,2021-03-01 10:42:24,Clinton St & Joralemon St,4605,Columbia St & Kane St,4422,40.692395,-73.993379,40.68763155,-74.0016256,member
1511314,C21979429148F692,docked_bike,2021-03-09 11:11:14,2021-03-09 11:26:01,Clinton St & Joralemon St,4605,Great Jones St,5636,40.692395,-73.993379,40.727434,-73.99379,member
1511325,ACCB1C7CBADCEA7E,docked_bike,2021-03-23 18:21:53,2021-03-23 18:27:53,Clinton St & Joralemon St,4605,Columbia St & Kane St,4422,40.692395,-73.993379,40.68763155,-74.0016256,member
1511331,9189CCAFDD91EAD6,docked_bike,2021-03-20 12:28:31,2021-03-20 13:02:18,Clinton St & Joralemon St,4605,2 Ave & 32 St,3532,40.692395,-73.993379,40.659176,-74.006584,member
1511350,DDD9CAD1705F0AAD,docked_bike,2021-03-12 16:27:26,2021-03-12 16:34:49,Clinton St & Joralemon St,4605,Columbia St & Kane St,4422,40.692395,-73.993379,40.687632,-74.001626,member
1511366,F45CE187BE22DB14,docked_bike,2021-03-12 17:23:39,2021-03-12 17:27:47,Clinton St & Joralemon St,4605,Columbia St & Kane St,4422,40.692395,-73.993379,40.68763155,-74.0016256,member
1511371,307AD2EE2A8139D9,docked_bike,2021-03-08 16:02:08,2021-03-08 16:06:29,Clinton St & Joralemon St,4605,Columbia St & Kane St,4422,40.692395,-73.993379,40.68763155,-74.0016256,casual
1511374,50F70423628ECA34,docked_bike,2021-03-16 08:54:49,2021-03-16 09:01:25,Clinton St & Joralemon St,4605,Columbia St & Kane St,4422,40.692395,-73.993379,40.68763155,-74.0016256,member
1511381,8202DC5A35B97596,docked_bike,2021-03-08 18:54:09,2021-03-08 19:01:15,Clinton St & Joralemon St,4605,Columbia St & Kane St,4422,40.692395,-73.993379,40.68763155,-74.0016256,member
1511412,A44E48350BA6F6BA,docked_bike,2021-03-16 19:33:04,2021-03-16 19:37:27,Clinton St & Joralemon St,4605,Columbia St & Kane St,4422,40.692395,-73.993379,40.68763155,-74.0016256,member
1511432,C44681A24ED7621A,docked_bike,2021-03-09 07:30:11,2021-03-09 07:52:30,Clinton St & Joralemon St,4605,Great Jones St,5636,40.692395,-73.993379,40.727434,-73.99379,member
1511436,788892D8EF1DC32F,docked_bike,2021-03-19 18:00:55,2021-03-19 18:05:47,Clinton St & Joralemon St,4605,Columbia St & Kane St,4422,40.692395,-73.993379,40.687632,-74.001626,member
1511466,381FC937A5CA94F8,docked_bike,2021-03-13 15:28:10,2021-03-13 15:57:46,Clinton St & Joralemon St,4605,Columbia St & Kane St,4422,40.692395,-73.993379,40.68763155,-74.0016256,casual
1511580,87D0745F5E307C55,docked_bike,2021-03-12 12:42:06,2021-03-12 12:48:53,Clinton St & Joralemon St,4605,Columbia St & Kane St,4422,40.692395,-73.993379,40.68763155,-74.0016256,member
1513864,5D192A57FF5E4E7B,docked_bike,2021-03-01 14:48:15,2021-03-01 15:01:23,Clinton St & Joralemon St,4605,Front St & Maiden Ln,5024,40.692395,-73.993379,40.70530954,-74.00612572,member
1514063,BA9D6E387010E1E5,docked_bike,2021-03-25 19:22:51,2021-03-25 19:27:46,Clinton St & Joralemon St,4605,Columbia St & Kane St,4422,40.692395,-73.993379,40.687632,-74.001626,member
1514064,0A945ABCDC165CBA,docked_bike,2021-03-22 11:30:18,2021-03-22 11:35:22,Clinton St & Joralemon St,4605,Columbia St & Kane St,4422,40.692395,-73.993379,40.687632,-74.001626,member
1514071,F1DB33072463EFB3,docked_bike,2021-03-29 13:28:18,2021-03-29 13:34:42,Clinton St & Joralemon St,4605,Columbia St & Kane St,4422,40.692395,-73.993379,40.68763155,-74.0016256,member
1514089,EE89B36C19899EF2,docked_bike,2021-03-15 21:40:24,2021-03-15 21:44:37,Clinton St & Joralemon St,4605,Columbia St & Kane St,4422,40.692395,-73.993379,40.687632,-74.001626,member
1527023,71E1CA0D5879528A,docked_bike,2021-03-16 08:40:59,2021-03-16 08:51:01,Clinton St & Joralemon St,4605,Pioneer St & Richards St,4128,40.692395,-73.993379,40.677775,-74.009461,member
1527062,FC285CDCD7B30CF3,docked_bike,2021-03-17 19:02:01,2021-03-17 19:24:10,Clinton St & Joralemon St,4605,Broadway & Berry St,5164,40.692395,-73.993379,40.71044554,-73.96525063,casual
1527112,A0FD98508D78CE51,docked_bike,2021-03-30 14:25:45,2021-03-30 15:03:25,Clinton St & Joralemon St,4605,E 55 St & 2 Ave,6650,40.692395,-73.993379,40.75797322,-73.96603308,member
1527205,9DAD4EABB243D387,docked_bike,2021-03-25 22:33:31,2021-03-25 22:47:18,Clinton St & Joralemon St,4605,Pioneer St & Richards St,4128,40.692395,-73.993379,40.6777748,-74.0094613,member
1529089,F70A71BF1EB2245C,docked_bike,2021-03-28 07:34:10,2021-03-28 07:42:45,Clinton St & Joralemon St,4605,Pioneer St & Richards St,4128,40.692395,-73.993379,40.6777748,-74.0094613,member
