,ride_id,rideable_type,started_at,ended_at,start_station_name,start_station_id,end_station_name,end_station_id,start_lat,start_lng,end_lat,end_lng,member_casual
77496,C000B551BC9871DB,classic_bike,2021-08-06 13:30:56,2021-08-06 13:46:03,E 48 St & 3 Ave,6541,E 51 St & 1 Ave,6532,40.7546011026,-73.971878855,40.75455731,-73.96592976,member
77507,314AA12975B9A2D8,classic_bike,2021-08-05 14:40:48,2021-08-05 14:56:42,E 48 St & 3 Ave,6541,E 51 St & 1 Ave,6532,40.7546011026,-73.971878855,40.75455731,-73.96592976,member
78525,7FE5D94FC876E60D,classic_bike,2021-08-18 18:24:51,2021-08-18 18:34:18,E 48 St & 3 Ave,6541,E 20 St & Park Ave,6055,40.7546011026,-73.971878855,40.73827428,-73.98751968,casual
86651,8FC7747ADD5E7422,classic_bike,2021-08-31 17:36:08,2021-08-31 17:47:49,6 Ave & W 34 St,6364,E 48 St & 3 Ave,6541,40.74964,-73.98805,40.7546011026,-73.971878855,member
86664,07BF71E535C79DBF,classic_bike,2021-08-19 19:42:39,2021-08-19 19:55:52,6 Ave & W 34 St,6364,E 48 St & 3 Ave,6541,40.74964,-73.98805,40.7546011026,-73.971878855,casual
86690,0B8096433D15D8DC,classic_bike,2021-08-08 12:22:28,2021-08-08 12:53:25,10 Ave & W 14 St,6157,E 48 St & 3 Ave,6541,40.74198159994023,-74.00831580162048,40.7546011026,-73.971878855,member
86693,AED372605ABEB220,electric_bike,2021-08-04 10:30:33,2021-08-04 10:49:13,E 51 St & Lexington Ave,6659,E 48 St & 3 Ave,6541,40.75714758,-73.97207836,40.7546011026,-73.971878855,member
86705,A4F7FE07865CE8D0,classic_bike,2021-08-04 16:44:01,2021-08-04 16:52:07,E 65 St & 2 Ave,6860,E 48 St & 3 Ave,6541,40.76471851944339,-73.96222069859505,40.7546011026,-73.971878855,casual
86708,E5294AE16E3EDC51,electric_bike,2021-08-22 22:21:25,2021-08-22 22:22:50,E 47 St & Park Ave,6584,E 48 St & 3 Ave,6541,40.75510267,-73.97498696,40.7546011026,-73.971878855,member
86710,721960C860ECBA98,classic_bike,2021-08-01 17:03:39,2021-08-01 17:13:09,2 Ave & E 31 St,6197,E 48 St & 3 Ave,6541,40.74290902,-73.97706058,40.7546011026,-73.971878855,casual
86864,BC12DB464FA14134,classic_bike,2021-08-12 20:10:41,2021-08-12 20:29:32,6 Ave & W 33 St,6364,E 48 St & 3 Ave,6541,40.74901271,-73.98848395,40.7546011026,-73.971878855,casual
86961,7447A3A1BE8B656D,classic_bike,2021-08-06 15:05:16,2021-08-06 15:25:35,E 91 St & 2 Ave,7286,E 48 St & 3 Ave,6541,40.78115276427916,-73.94963040947914,40.7546011026,-73.971878855,casual
86992,39F6C0DABD8C3615,classic_bike,2021-08-25 15:48:57,2021-08-25 15:53:46,1 Ave & E 39 St,6303,E 48 St & 3 Ave,6541,40.74714,-73.97113,40.7546011026,-73.971878855,member
87025,2851ABE68158EA3D,classic_bike,2021-08-03 17:49:26,2021-08-03 18:04:12,1 Ave & E 39 St,6303,E 48 St & 3 Ave,6541,40.74714,-73.97113,40.7546011026,-73.971878855,member
87028,3DD445A4731BAADA,classic_bike,2021-08-25 11:46:42,2021-08-25 11:54:20,1 Ave & E 39 St,6303,E 48 St & 3 Ave,6541,40.74714,-73.97113,40.7546011026,-73.971878855,member
87037,253944E949947551,classic_bike,2021-08-08 12:13:27,2021-08-08 12:36:44,Greenwich St & W Houston St,5730,E 48 St & 3 Ave,6541,40.728846,-74.008591,40.7546011026,-73.971878855,casual
87051,3E8A762CC5F729F7,classic_bike,2021-08-13 12:33:36,2021-08-13 12:39:29,1 Ave & E 39 St,6303,E 48 St & 3 Ave,6541,40.74714,-73.97113,40.7546011026,-73.971878855,member
87052,8CF141F6A6B74CBC,classic_bike,2021-08-23 09:13:28,2021-08-23 09:19:45,1 Ave & E 39 St,6303,E 48 St & 3 Ave,6541,40.74714,-73.97113,40.7546011026,-73.971878855,member
87078,084580860E11D236,classic_bike,2021-08-06 15:37:56,2021-08-06 15:53:00,E 17 St & Broadway,5980,E 48 St & 3 Ave,6541,40.73704984,-73.99009296,40.7546011026,-73.971878855,member
87088,13F29436DD46348B,classic_bike,2021-08-28 10:23:55,2021-08-28 10:28:07,E 51 St & 1 Ave,6532,E 48 St & 3 Ave,6541,40.75455731,-73.96592976,40.7546011026,-73.971878855,member
87095,8845E6988911630F,electric_bike,2021-08-26 00:16:46,2021-08-26 00:29:33,W 42 St & Dyer Ave,6644,E 48 St & 3 Ave,6541,40.75898481399634,-73.99379968643188,40.7546011026,-73.971878855,member
87099,2EE1E9B44B8A2F3D,classic_bike,2021-08-25 11:38:31,2021-08-25 11:45:52,E 51 St & 1 Ave,6532,E 48 St & 3 Ave,6541,40.75455731,-73.96592976,40.7546011026,-73.971878855,member
87118,5CEB3F86ABE6F08C,classic_bike,2021-08-27 09:41:39,2021-08-27 09:48:04,Broadway & W 51 St,6779,E 48 St & 3 Ave,6541,40.76228826,-73.98336183,40.7546011026,-73.971878855,member
87122,8EF64E056E4800E2,classic_bike,2021-08-31 09:55:18,2021-08-31 10:09:05,E 30 St & Park Ave S,6206,E 48 St & 3 Ave,6541,40.74444921,-73.98303529,40.7546011026,-73.971878855,member
87158,3A3E59708E222955,electric_bike,2021-08-02 15:00:34,2021-08-02 15:13:27,W 54 St & 9 Ave,6920,E 48 St & 3 Ave,6541,40.76584941,-73.98690506,40.7546011026,-73.971878855,member
87320,BEA02280CE0A9FBB,classic_bike,2021-08-24 09:18:42,2021-08-24 09:31:43,E 72 St & York Ave,6889,E 48 St & 3 Ave,6541,40.76663814,-73.95348296,40.7546011026,-73.971878855,member
87325,BC53D7C4D6D4C146,electric_bike,2021-08-05 09:00:30,2021-08-05 09:07:18,8 Ave & W 38 St,6526,E 48 St & 3 Ave,6541,40.75461,-73.99177,40.7546011026,-73.971878855,member
87509,22C8213C6CA5BD2F,classic_bike,2021-08-24 21:29:47,2021-08-24 23:15:24,6 Ave & W 34 St,6364,E 48 St & 3 Ave,6541,40.74964,-73.98805,40.7546011026,-73.971878855,casual
87511,320D00AB685A3D69,electric_bike,2021-08-28 15:00:27,2021-08-28 15:15:59,Cleveland Pl & Spring St,5492,E 48 St & 3 Ave,6541,40.722103786686034,-73.99724900722504,40.7546011026,-73.971878855,casual
87525,72945A17BE51380C,electric_bike,2021-08-28 18:28:15,2021-08-28 18:44:06,40 Ave & 9 St,6664,E 48 St & 3 Ave,6541,40.75742,-73.945133,40.7546011026,-73.971878855,member
87559,E7DB07EDB1D0973E,classic_bike,2021-08-17 12:42:55,2021-08-17 12:53:51,6 Ave & W 34 St,6364,E 48 St & 3 Ave,6541,40.74964,-73.98805,40.7546011026,-73.971878855,member
87569,A7A3E137DF3C79DB,classic_bike,2021-08-17 08:55:30,2021-08-17 09:01:34,E 54 St & 1 Ave,6608,E 48 St & 3 Ave,6541,40.756265,-73.964179,40.7546011026,-73.971878855,member
87576,36AE719FB509A2EF,electric_bike,2021-08-17 16:55:58,2021-08-17 17:09:08,5 Ave & E 93 St,7372,E 48 St & 3 Ave,6541,40.7857851,-73.957481,40.7546011026,-73.971878855,member
87591,E5E9F69ACEEA72E3,classic_bike,2021-08-21 17:47:48,2021-08-21 17:57:32,6 Ave & W 34 St,6364,E 48 St & 3 Ave,6541,40.74964,-73.98805,40.7546011026,-73.971878855,member
87608,7FD31DB224354F61,classic_bike,2021-08-10 08:28:22,2021-08-10 08:47:30,Central Park W & W 91 St,7453,E 48 St & 3 Ave,6541,40.78866499127884,-73.96680057048798,40.7546011026,-73.971878855,member
87650,6790AD836F49F082,classic_bike,2021-08-31 07:53:48,2021-08-31 08:20:39,Jay St & York St,4895,E 48 St & 3 Ave,6541,40.70140317257725,-73.98672670125961,40.7546011026,-73.971878855,member
87703,F1714D5ED55CBED5,classic_bike,2021-08-10 08:01:06,2021-08-10 08:28:17,Jay St & York St,4895,E 48 St & 3 Ave,6541,40.70140317257725,-73.98672670125961,40.7546011026,-73.971878855,member
87714,31856F7CC42ED40D,classic_bike,2021-08-03 07:10:02,2021-08-03 07:39:52,Jay St & York St,4895,E 48 St & 3 Ave,6541,40.70140317257725,-73.98672670125961,40.7546011026,-73.971878855,member
87727,34B1D9BEFC485E9A,electric_bike,2021-08-12 02:56:22,2021-08-12 03:23:03,West End Ave & W 60 St,7059,E 48 St & 3 Ave,6541,40.77237,-73.99005,40.7546011026,-73.971878855,member
87746,6CFF85E8D9B98021,classic_bike,2021-08-18 19:32:36,2021-08-18 19:35:02,E 50 St & Park Ave,6659,E 48 St & 3 Ave,6541,40.757334,-73.974235,40.7546011026,-73.971878855,member
87774,BF74DC7F84E4517A,classic_bike,2021-08-15 12:20:59,2021-08-15 12:22:37,E 47 St & 2 Ave,6498,E 48 St & 3 Ave,6541,40.75323098,-73.97032517,40.7546011026,-73.971878855,casual
87817,F30546C257DDA3BD,classic_bike,2021-08-05 06:22:11,2021-08-05 06:30:46,Broadway & W 41 St,6560,E 48 St & 3 Ave,6541,40.75513557,-73.98658032,40.7546011026,-73.971878855,casual
87821,24E6295BF4043876,classic_bike,2021-08-06 07:56:00,2021-08-06 08:22:17,Jay St & York St,4895,E 48 St & 3 Ave,6541,40.70140317257725,-73.98672670125961,40.7546011026,-73.971878855,member
87822,C6E1BBA8F799159E,classic_bike,2021-08-30 08:08:45,2021-08-30 08:32:54,Jay St & York St,4895,E 48 St & 3 Ave,6541,40.70140317257725,-73.98672670125961,40.7546011026,-73.971878855,member
87843,0FFEEDBCD19B8BE6,classic_bike,2021-08-05 11:18:10,2021-08-05 11:59:08,E 47 St & 2 Ave,6498,E 48 St & 3 Ave,6541,40.75323098,-73.97032517,40.7546011026,-73.971878855,member
87844,3F5A65F22768484D,classic_bike,2021-08-02 16:20:33,2021-08-02 16:26:27,E 47 St & 2 Ave,6498,E 48 St & 3 Ave,6541,40.75323098,-73.97032517,40.7546011026,-73.971878855,member
87866,1FF4BB4DAB3F2552,classic_bike,2021-08-26 12:23:57,2021-08-26 12:45:20,Cherry St,5181,E 48 St & 3 Ave,6541,40.71219906,-73.97948148,40.7546011026,-73.971878855,member
87870,117AA6D450A7CF11,classic_bike,2021-08-11 17:21:07,2021-08-11 17:28:40,Broadway & W 41 St,6560,E 48 St & 3 Ave,6541,40.75513557,-73.98658032,40.7546011026,-73.971878855,member
87872,3617F4E8582DDACF,classic_bike,2021-08-24 08:07:12,2021-08-24 08:13:34,Broadway & W 41 St,6560,E 48 St & 3 Ave,6541,40.75513557,-73.98658032,40.7546011026,-73.971878855,member
87875,1C0BD15572F48B5C,electric_bike,2021-08-30 09:22:43,2021-08-30 09:30:54,W 54 St & 11 Ave,6955,E 48 St & 3 Ave,6541,40.768333,-73.992573,40.7546011026,-73.971878855,member
87882,07CD3732BDDA8510,classic_bike,2021-08-14 12:03:47,2021-08-14 12:11:23,E 68 St & Madison Ave,6932,E 48 St & 3 Ave,6541,40.7691572,-73.96703464,40.7546011026,-73.971878855,casual
87911,DF92EB1C6B53D4A8,classic_bike,2021-08-21 15:15:33,2021-08-21 15:17:08,E 47 St & 2 Ave,6498,E 48 St & 3 Ave,6541,40.75323098,-73.97032517,40.7546011026,-73.971878855,member
87912,8D0D893464391E71,classic_bike,2021-08-28 02:46:12,2021-08-28 02:53:28,E 56 St & 3 Ave,6691,E 48 St & 3 Ave,6541,40.75934501,-73.96759673,40.7546011026,-73.971878855,member
87918,31615D71FEE19D95,classic_bike,2021-08-31 21:47:47,2021-08-31 22:02:31,E 47 St & 2 Ave,6498,E 48 St & 3 Ave,6541,40.75323098,-73.97032517,40.7546011026,-73.971878855,casual
87971,377661ED99DCEDCE,classic_bike,2021-08-15 10:21:50,2021-08-15 10:23:15,E 45 St & 3 Ave,6464,E 48 St & 3 Ave,6541,40.75255434,-73.97282625,40.7546011026,-73.971878855,member
87987,0F3070AD6BFD5E24,classic_bike,2021-08-08 00:55:03,2021-08-08 01:15:08,Allen St & Rivington St,5414,E 48 St & 3 Ave,6541,40.72019576,-73.98997825,40.7546011026,-73.971878855,casual
88007,6E0EAE48B0113D9B,classic_bike,2021-08-31 09:28:47,2021-08-31 09:47:57,Allen St & Rivington St,5414,E 48 St & 3 Ave,6541,40.72019576,-73.98997825,40.7546011026,-73.971878855,member
88039,6B465DA02E8C6FE2,electric_bike,2021-08-09 14:56:21,2021-08-09 15:08:58,E 88 St & Park Ave,7293,E 48 St & 3 Ave,6541,40.781410700190015,-73.95595908164978,40.7546011026,-73.971878855,member
88048,8FAC9F48E1931D75,classic_bike,2021-08-01 16:05:45,2021-08-01 16:07:26,E 45 St & 3 Ave,6464,E 48 St & 3 Ave,6541,40.75255434,-73.97282625,40.7546011026,-73.971878855,member
88063,925823E6DC09DEA3,classic_bike,2021-08-02 00:13:42,2021-08-02 00:36:21,Allen St & Rivington St,5414,E 48 St & 3 Ave,6541,40.72019576,-73.98997825,40.7546011026,-73.971878855,member
88105,CEB0FBB91CD868B9,classic_bike,2021-08-17 12:59:00,2021-08-17 13:00:28,E 45 St & 3 Ave,6464,E 48 St & 3 Ave,6541,40.75255434,-73.97282625,40.7546011026,-73.971878855,member
88106,7FBB578429E2ED63,classic_bike,2021-08-24 07:56:20,2021-08-24 08:12:41,E 88 St & 1 Ave,7235,E 48 St & 3 Ave,6541,40.778301,-73.9488134,40.7546011026,-73.971878855,member
88121,804DD6A50C3D1264,classic_bike,2021-08-15 12:45:50,2021-08-15 12:47:09,E 45 St & 3 Ave,6464,E 48 St & 3 Ave,6541,40.75255434,-73.97282625,40.7546011026,-73.971878855,member
88133,AFDEB6BE4744F464,docked_bike,2021-08-28 14:43:57,2021-08-28 15:41:51,E 45 St & 3 Ave,6464,E 48 St & 3 Ave,6541,40.752554,-73.972826,40.754601,-73.971879,casual
88143,B3089542535CFCEC,classic_bike,2021-08-06 07:53:45,2021-08-06 08:09:44,E 88 St & 1 Ave,7235,E 48 St & 3 Ave,6541,40.778301,-73.9488134,40.7546011026,-73.971878855,member
88167,FE314E20B115406C,classic_bike,2021-08-31 07:58:28,2021-08-31 08:13:59,E 89 St & York Ave,7204,E 48 St & 3 Ave,6541,40.7779453,-73.946041,40.7546011026,-73.971878855,member
88175,5BBBDDACE6338E95,classic_bike,2021-08-25 23:17:14,2021-08-25 23:36:36,E 51 St & 2 Ave,6575,E 48 St & 3 Ave,6541,40.755293,-73.967641,40.7546011026,-73.971878855,member
88176,05500B607FBB2D15,classic_bike,2021-08-11 07:50:51,2021-08-11 07:54:30,E 51 St & 2 Ave,6575,E 48 St & 3 Ave,6541,40.755293,-73.967641,40.7546011026,-73.971878855,member
88177,D2EA767C0BC37C5C,classic_bike,2021-08-02 19:12:31,2021-08-02 19:16:23,E 51 St & 2 Ave,6575,E 48 St & 3 Ave,6541,40.755293,-73.967641,40.7546011026,-73.971878855,member
88181,F82EDBB9799B6AEB,classic_bike,2021-08-05 17:34:12,2021-08-05 17:39:52,E 58 St & Madison Ave,6839,E 48 St & 3 Ave,6541,40.76302594280519,-73.97209525108337,40.7546011026,-73.971878855,member
88185,C7053C34B7D48C2C,classic_bike,2021-08-30 21:25:07,2021-08-30 21:33:18,W 55 St & 6 Ave,6809,E 48 St & 3 Ave,6541,40.763189,-73.978434,40.7546011026,-73.971878855,member
88186,533F9D3EEB090205,classic_bike,2021-08-05 07:49:09,2021-08-05 08:06:42,E 89 St & York Ave,7204,E 48 St & 3 Ave,6541,40.7779453,-73.946041,40.7546011026,-73.971878855,member
88187,B48471CA7F0FEC3D,electric_bike,2021-08-06 05:54:08,2021-08-06 06:10:50,35 Ave & 37 St,6563,E 48 St & 3 Ave,6541,40.7557327,-73.9236611,40.7546011026,-73.971878855,member
88192,5FC649D368F23279,classic_bike,2021-08-25 00:15:26,2021-08-25 00:48:07,E 51 St & 2 Ave,6575,E 48 St & 3 Ave,6541,40.755293,-73.967641,40.7546011026,-73.971878855,member
88200,8F1971D20227D611,classic_bike,2021-08-09 11:58:17,2021-08-09 12:10:08,W 55 St & 6 Ave,6809,E 48 St & 3 Ave,6541,40.763189,-73.978434,40.7546011026,-73.971878855,casual
88204,BC355062C50FA1DB,classic_bike,2021-08-16 18:02:56,2021-08-16 18:11:54,E 51 St & 2 Ave,6575,E 48 St & 3 Ave,6541,40.755293,-73.967641,40.7546011026,-73.971878855,casual
88220,EDE9A7F0E4ED8CE9,classic_bike,2021-08-20 12:26:35,2021-08-20 12:32:32,W 55 St & 6 Ave,6809,E 48 St & 3 Ave,6541,40.763189,-73.978434,40.7546011026,-73.971878855,member
88230,CC3FF09D0F1667A8,electric_bike,2021-08-23 10:28:49,2021-08-23 10:35:50,W 55 St & 6 Ave,6809,E 48 St & 3 Ave,6541,40.763189,-73.978434,40.7546011026,-73.971878855,member
88231,662443A21C62DD90,electric_bike,2021-08-04 22:46:01,2021-08-04 22:53:54,W 55 St & 6 Ave,6809,E 48 St & 3 Ave,6541,40.763189,-73.978434,40.7546011026,-73.971878855,member
88236,74F5A752FCF07A33,classic_bike,2021-08-17 07:50:37,2021-08-17 08:02:59,W 55 St & 6 Ave,6809,E 48 St & 3 Ave,6541,40.763189,-73.978434,40.7546011026,-73.971878855,member
88237,220FF8825EAC5D1A,classic_bike,2021-08-09 09:08:23,2021-08-09 09:18:55,W 55 St & 6 Ave,6809,E 48 St & 3 Ave,6541,40.763189,-73.978434,40.7546011026,-73.971878855,member
88239,7A5FD76EE8B77549,classic_bike,2021-08-16 09:05:23,2021-08-16 09:11:28,E 58 St & Madison Ave,6839,E 48 St & 3 Ave,6541,40.76302594280519,-73.97209525108337,40.7546011026,-73.971878855,member
88242,624B51A3D090DB10,electric_bike,2021-08-15 19:37:25,2021-08-15 20:22:33,W 55 St & 6 Ave,6809,E 48 St & 3 Ave,6541,40.763189,-73.978434,40.7546011026,-73.971878855,casual
88268,E1B7F0767A1E0A13,electric_bike,2021-08-27 17:12:44,2021-08-27 17:13:46,E 45 St & 3 Ave,6464,E 48 St & 3 Ave,6541,40.75255434,-73.97282625,40.7546011026,-73.971878855,member
88269,D6FAF0E1476375F7,classic_bike,2021-08-26 08:04:45,2021-08-26 08:19:56,E 88 St & 1 Ave,7235,E 48 St & 3 Ave,6541,40.778301,-73.9488134,40.7546011026,-73.971878855,member
88275,EE2F78C7A046B29B,docked_bike,2021-08-28 14:45:15,2021-08-28 15:41:39,E 45 St & 3 Ave,6464,E 48 St & 3 Ave,6541,40.752554,-73.972826,40.754601,-73.971879,casual
88285,ED08B03820EB4033,classic_bike,2021-08-20 16:11:36,2021-08-20 16:14:21,E 45 St & 3 Ave,6464,E 48 St & 3 Ave,6541,40.75255434,-73.97282625,40.7546011026,-73.971878855,member
88293,6D724566175391F3,classic_bike,2021-08-25 20:52:10,2021-08-25 22:25:06,E 51 St & 2 Ave,6575,E 48 St & 3 Ave,6541,40.755293,-73.967641,40.7546011026,-73.971878855,casual
88296,3F8A7A557DC021B0,classic_bike,2021-08-30 09:35:16,2021-08-30 09:44:47,W 55 St & 6 Ave,6809,E 48 St & 3 Ave,6541,40.763189,-73.978434,40.7546011026,-73.971878855,casual
88300,40167AAEEA79B780,classic_bike,2021-08-13 11:32:25,2021-08-13 11:40:06,W 55 St & 6 Ave,6809,E 48 St & 3 Ave,6541,40.763189,-73.978434,40.7546011026,-73.971878855,member
88309,1EEFBACB9091DD6D,classic_bike,2021-08-17 00:03:26,2021-08-17 18:15:20,E 2 St & Avenue B,5515,E 48 St & 3 Ave,6541,40.72217444,-73.98368779,40.7546011026,-73.971878855,casual
88315,F230A5F348385F62,electric_bike,2021-08-23 17:54:25,2021-08-23 18:11:45,Crescent St & 34 Ave,6759,E 48 St & 3 Ave,6541,40.76108,-73.930562,40.7546011026,-73.971878855,casual
88330,78FE675133BD4FCC,classic_bike,2021-08-14 15:28:06,2021-08-14 15:46:43,E 72 St & Park Ave,6998,E 48 St & 3 Ave,6541,40.77118287540658,-73.96409422159195,40.7546011026,-73.971878855,member
88354,2B18E8ED8A64570E,electric_bike,2021-08-02 21:41:24,2021-08-02 21:59:20,E 2 St & Avenue B,5515,E 48 St & 3 Ave,6541,40.72217444,-73.98368779,40.7546011026,-73.971878855,casual
88388,8E0C2DE3CD5A307A,classic_bike,2021-08-04 07:46:31,2021-08-04 08:02:47,E 2 St & Avenue B,5515,E 48 St & 3 Ave,6541,40.72217444,-73.98368779,40.7546011026,-73.971878855,member
88521,8684F89B430467F9,classic_bike,2021-08-26 12:49:36,2021-08-26 13:01:06,E 72 St & Park Ave,6998,E 48 St & 3 Ave,6541,40.77118287540658,-73.96409422159195,40.7546011026,-73.971878855,casual
88604,2F88A18EF35B4E4D,classic_bike,2021-08-25 09:32:36,2021-08-25 09:46:22,E 91 St & 2 Ave,7286,E 48 St & 3 Ave,6541,40.78115276427916,-73.94963040947914,40.7546011026,-73.971878855,member
88617,C24F46D3735DE268,classic_bike,2021-08-19 20:11:47,2021-08-19 20:50:14,Broad St & Bridge St,4962,E 48 St & 3 Ave,6541,40.70365182,-74.01167797,40.7546011026,-73.971878855,casual
88626,3AC19EE9300D76EA,electric_bike,2021-08-13 20:29:03,2021-08-13 20:44:38,W 52 St & 11 Ave,6926,E 48 St & 3 Ave,6541,40.76727216,-73.99392888,40.7546011026,-73.971878855,member
88658,5F6DEF179E35148E,electric_bike,2021-08-31 22:18:02,2021-08-31 22:41:30,E 63 St & 3 Ave,6830,E 48 St & 3 Ave,6541,40.763954,-73.9646,40.7546011026,-73.971878855,member
88661,C9B8BC4501C79DE8,electric_bike,2021-08-19 09:22:28,2021-08-19 09:34:36,W 15 St & 6 Ave,5989,E 48 St & 3 Ave,6541,40.738046142482766,-73.99642959237099,40.7546011026,-73.971878855,member
88665,722648180F38352B,classic_bike,2021-08-12 08:48:41,2021-08-12 08:53:05,E 54 St & 1 Ave,6608,E 48 St & 3 Ave,6541,40.756265,-73.964179,40.7546011026,-73.971878855,member
88666,9805E281317C37F6,classic_bike,2021-08-09 07:43:46,2021-08-09 07:48:40,E 54 St & 1 Ave,6608,E 48 St & 3 Ave,6541,40.756265,-73.964179,40.7546011026,-73.971878855,member
88667,F4F05DB2FE4DDB2C,classic_bike,2021-08-13 18:47:00,2021-08-13 18:53:05,E 58 St & 3 Ave,6762,E 48 St & 3 Ave,6541,40.76095756,-73.96724467,40.7546011026,-73.971878855,member
88726,E3F3E1F7B7C8B7FC,classic_bike,2021-08-11 07:55:23,2021-08-11 08:00:53,E 58 St & 3 Ave,6762,E 48 St & 3 Ave,6541,40.76095756,-73.96724467,40.7546011026,-73.971878855,member
88728,1129A1DBB667EA2F,classic_bike,2021-08-04 17:16:23,2021-08-04 17:28:47,E 63 St & 3 Ave,6830,E 48 St & 3 Ave,6541,40.763954,-73.9646,40.7546011026,-73.971878855,member
88741,0B1D364E444719BE,classic_bike,2021-08-02 15:29:54,2021-08-02 15:37:16,E 58 St & 3 Ave,6762,E 48 St & 3 Ave,6541,40.76095756,-73.96724467,40.7546011026,-73.971878855,member
88748,746ECD0C05D78D58,classic_bike,2021-08-13 17:27:28,2021-08-13 17:35:19,E 63 St & 3 Ave,6830,E 48 St & 3 Ave,6541,40.763954,-73.9646,40.7546011026,-73.971878855,member
88757,01F8B2EF784270BC,classic_bike,2021-08-04 19:27:50,2021-08-04 19:35:04,E 63 St & 3 Ave,6830,E 48 St & 3 Ave,6541,40.763954,-73.9646,40.7546011026,-73.971878855,casual
88821,0C02650D9ACF716D,classic_bike,2021-08-29 00:22:22,2021-08-29 00:37:30,E 67 St & Park Ave,6932,E 48 St & 3 Ave,6541,40.76780080148132,-73.96592080593109,40.7546011026,-73.971878855,member
88825,FF656B30350267B0,electric_bike,2021-08-03 18:41:27,2021-08-03 18:54:23,W 35 St & 9 Ave,6569,E 48 St & 3 Ave,6541,40.75414519263519,-73.9960889518261,40.7546011026,-73.971878855,member
88870,C4EA20A5B8381592,classic_bike,2021-08-20 18:10:26,2021-08-20 18:25:26,1 Ave & E 78 St,7020,E 48 St & 3 Ave,6541,40.77140426,-73.9535166,40.7546011026,-73.971878855,member
88897,ED927AC5997012AB,classic_bike,2021-08-06 16:50:26,2021-08-06 17:10:24,9 Ave & W 22 St,6266,E 48 St & 3 Ave,6541,40.7454973,-74.00197139,40.7546011026,-73.971878855,member
88898,4608577B10B9626A,classic_bike,2021-08-07 08:00:09,2021-08-07 08:18:22,9 Ave & W 22 St,6266,E 48 St & 3 Ave,6541,40.7454973,-74.00197139,40.7546011026,-73.971878855,member
88905,509CDD03943C94F2,classic_bike,2021-08-24 08:59:14,2021-08-24 09:10:48,6 Ave & W 34 St,6364,E 48 St & 3 Ave,6541,40.74964,-73.98805,40.7546011026,-73.971878855,member
88929,5F2EE74FF25B448E,electric_bike,2021-08-09 09:45:39,2021-08-09 10:23:00,Hanson Pl & Ashland Pl,4395,E 48 St & 3 Ave,6541,40.68506807308177,-73.97790759801863,40.7546011026,-73.971878855,member
88932,119AE939AA431B70,electric_bike,2021-08-16 09:26:29,2021-08-16 09:45:05,W 15 St & 7 Ave,6030,E 48 St & 3 Ave,6541,40.73935542,-73.99931783,40.7546011026,-73.971878855,member
88935,6CAC10D09EE8C5A5,classic_bike,2021-08-16 17:02:39,2021-08-16 17:18:08,9 Ave & W 22 St,6266,E 48 St & 3 Ave,6541,40.7454973,-74.00197139,40.7546011026,-73.971878855,member
88937,9CC7D68DAC351AEB,classic_bike,2021-08-12 10:02:31,2021-08-12 10:26:01,W 15 St & 7 Ave,6030,E 48 St & 3 Ave,6541,40.73935542,-73.99931783,40.7546011026,-73.971878855,member
88939,EE53DE56AF9E7F96,electric_bike,2021-08-11 09:01:01,2021-08-11 09:08:25,E 67 St & Park Ave,6932,E 48 St & 3 Ave,6541,40.76780080148132,-73.96592080593109,40.7546011026,-73.971878855,member
88947,91DA5FE4C57B7071,electric_bike,2021-08-10 07:50:50,2021-08-10 07:57:47,E 54 St & 1 Ave,6608,E 48 St & 3 Ave,6541,40.756265,-73.964179,40.7546011026,-73.971878855,member
88948,9CEEAADCD3B025F4,electric_bike,2021-08-10 12:52:49,2021-08-10 13:00:04,E 54 St & 1 Ave,6608,E 48 St & 3 Ave,6541,40.756265,-73.964179,40.7546011026,-73.971878855,member
88950,C52C42040B59B45F,classic_bike,2021-08-03 08:53:49,2021-08-03 09:05:44,E 63 St & 3 Ave,6830,E 48 St & 3 Ave,6541,40.763954,-73.9646,40.7546011026,-73.971878855,member
88960,55B1CB72AC887593,electric_bike,2021-08-06 18:46:26,2021-08-06 18:56:00,E 58 St & 3 Ave,6762,E 48 St & 3 Ave,6541,40.76095756,-73.96724467,40.7546011026,-73.971878855,casual
89001,91CD2DBA60488C4D,classic_bike,2021-08-02 18:29:17,2021-08-02 18:42:02,W 43 St & 10 Ave,6756,E 48 St & 3 Ave,6541,40.76009437,-73.99461843,40.7546011026,-73.971878855,casual
89004,D8FEA6AFBF610F26,classic_bike,2021-08-17 16:49:57,2021-08-17 17:04:44,W 43 St & 10 Ave,6756,E 48 St & 3 Ave,6541,40.76009437,-73.99461843,40.7546011026,-73.971878855,casual
89015,B25F02DC42AC2913,electric_bike,2021-08-12 08:20:28,2021-08-12 08:27:50,1 Ave & E 68 St,6822,E 48 St & 3 Ave,6541,40.76500525,-73.95818491,40.7546011026,-73.971878855,member
89016,BEEE02BEA46C835D,classic_bike,2021-08-05 08:40:16,2021-08-05 08:48:43,1 Ave & E 68 St,6822,E 48 St & 3 Ave,6541,40.76500525,-73.95818491,40.7546011026,-73.971878855,member
89021,0240EBD0A55EF0E9,electric_bike,2021-08-20 08:29:04,2021-08-20 08:37:40,1 Ave & E 68 St,6822,E 48 St & 3 Ave,6541,40.76500525,-73.95818491,40.7546011026,-73.971878855,member
89034,C40682750539D4EB,classic_bike,2021-08-06 08:40:59,2021-08-06 08:51:59,1 Ave & E 68 St,6822,E 48 St & 3 Ave,6541,40.76500525,-73.95818491,40.7546011026,-73.971878855,member
89062,185B55A4987A1605,classic_bike,2021-08-27 18:31:19,2021-08-27 18:41:40,1 Ave & E 68 St,6822,E 48 St & 3 Ave,6541,40.76500525,-73.95818491,40.7546011026,-73.971878855,member
89085,9818C46BFC768D18,classic_bike,2021-08-26 16:40:27,2021-08-26 16:55:55,Madison Ave & E 26 St,6131,E 48 St & 3 Ave,6541,40.742684734875695,-73.98671329021454,40.7546011026,-73.971878855,casual
89097,7DD08651DF558378,classic_bike,2021-08-27 08:28:29,2021-08-27 08:36:23,1 Ave & E 68 St,6822,E 48 St & 3 Ave,6541,40.76500525,-73.95818491,40.7546011026,-73.971878855,member
89098,DFBA7D0BC8C0CD25,electric_bike,2021-08-11 08:42:01,2021-08-11 08:48:50,1 Ave & E 68 St,6822,E 48 St & 3 Ave,6541,40.76500525,-73.95818491,40.7546011026,-73.971878855,member
89099,94514958205ED01D,electric_bike,2021-08-09 08:21:39,2021-08-09 08:29:20,1 Ave & E 68 St,6822,E 48 St & 3 Ave,6541,40.76500525,-73.95818491,40.7546011026,-73.971878855,member
89105,93659D852CDB8D88,classic_bike,2021-08-01 17:53:21,2021-08-01 18:08:58,W 15 St & 7 Ave,6030,E 48 St & 3 Ave,6541,40.73935542,-73.99931783,40.7546011026,-73.971878855,member
89110,0F7BEC9602FAA7AC,classic_bike,2021-08-26 09:58:50,2021-08-26 10:25:32,W 15 St & 7 Ave,6030,E 48 St & 3 Ave,6541,40.73935542,-73.99931783,40.7546011026,-73.971878855,member
89118,CDEA878B38A25D8A,classic_bike,2021-08-03 07:45:24,2021-08-03 07:53:53,2 Ave & E 29 St,6122,E 48 St & 3 Ave,6541,40.74172351097472,-73.97809267044067,40.7546011026,-73.971878855,member
89119,7F4A7CEFED1C1BA7,classic_bike,2021-08-17 09:41:05,2021-08-17 10:01:44,W 15 St & 7 Ave,6030,E 48 St & 3 Ave,6541,40.73935542,-73.99931783,40.7546011026,-73.971878855,member
89124,B1A0812326509F9F,classic_bike,2021-08-18 17:40:04,2021-08-18 17:53:45,W 35 St & 9 Ave,6569,E 48 St & 3 Ave,6541,40.75414519263519,-73.9960889518261,40.7546011026,-73.971878855,member
89126,01B0F6287FB4DBFD,electric_bike,2021-08-19 08:26:40,2021-08-19 08:33:45,1 Ave & E 68 St,6822,E 48 St & 3 Ave,6541,40.76500525,-73.95818491,40.7546011026,-73.971878855,member
89127,EC8703AA35DDB959,classic_bike,2021-08-02 08:18:53,2021-08-02 08:27:50,1 Ave & E 68 St,6822,E 48 St & 3 Ave,6541,40.76500525,-73.95818491,40.7546011026,-73.971878855,member
89131,8F358C67D6D537E3,classic_bike,2021-08-25 09:06:36,2021-08-25 09:21:20,W 74 St & Columbus Ave,7230,E 48 St & 3 Ave,6541,40.7785669,-73.97754961,40.7546011026,-73.971878855,casual
89134,9C77A819287D690C,electric_bike,2021-08-17 02:31:57,2021-08-17 02:41:32,1 Ave & E 68 St,6822,E 48 St & 3 Ave,6541,40.76500525,-73.95818491,40.7546011026,-73.971878855,casual
89141,FD019DFB856E4BA6,classic_bike,2021-08-29 13:01:27,2021-08-29 13:14:54,Madison Ave & E 26 St,6131,E 48 St & 3 Ave,6541,40.742684734875695,-73.98671329021454,40.7546011026,-73.971878855,casual
89142,E4E2AEFBB2707AC9,classic_bike,2021-08-28 17:31:08,2021-08-28 17:46:45,W 74 St & Columbus Ave,7230,E 48 St & 3 Ave,6541,40.7785669,-73.97754961,40.7546011026,-73.971878855,casual
89145,3531EAEF1C1246FC,electric_bike,2021-08-27 01:02:34,2021-08-27 01:52:24,Broadway & Ellwood St,8547,E 48 St & 3 Ave,6541,40.862058,-73.929719,40.7546011026,-73.971878855,casual
89160,0050587BE27D306D,classic_bike,2021-08-02 08:34:09,2021-08-02 08:45:53,1 Ave & E 68 St,6822,E 48 St & 3 Ave,6541,40.76500525,-73.95818491,40.7546011026,-73.971878855,member
89171,041D55F35FCCB7B0,classic_bike,2021-08-29 23:07:36,2021-08-29 23:31:29,8 Ave & W 38 St,6526,E 48 St & 3 Ave,6541,40.75461,-73.99177,40.7546011026,-73.971878855,casual
89189,37287AD51ED50DCB,classic_bike,2021-08-07 04:56:04,2021-08-07 05:04:19,8 Ave & W 52 St,6816,E 48 St & 3 Ave,6541,40.76370739,-73.9851615,40.7546011026,-73.971878855,casual
89199,E08D6B681D35864E,classic_bike,2021-08-25 17:05:41,2021-08-25 17:12:01,W 42 St & 6 Ave,6517,E 48 St & 3 Ave,6541,40.75492,-73.98455,40.7546011026,-73.971878855,casual
89212,F835BB777EAB1A56,classic_bike,2021-08-14 13:11:20,2021-08-14 13:13:42,E 47 St & Park Ave,6584,E 48 St & 3 Ave,6541,40.75510267,-73.97498696,40.7546011026,-73.971878855,member
89215,71220A3488F5FBAF,classic_bike,2021-08-24 10:11:54,2021-08-24 10:22:05,2 Ave & E 31 St,6197,E 48 St & 3 Ave,6541,40.74290902,-73.97706058,40.7546011026,-73.971878855,member
89216,AFA09E5F9D7F9F9E,classic_bike,2021-08-13 17:38:34,2021-08-13 17:48:30,Lexington Ave & E 26 St,6089,E 48 St & 3 Ave,6541,40.741459,-73.983293,40.7546011026,-73.971878855,member
89228,5B884A57143A59A9,classic_bike,2021-08-03 07:24:53,2021-08-03 07:32:14,1 Ave & E 62 St,6753,E 48 St & 3 Ave,6541,40.7612274,-73.96094022,40.7546011026,-73.971878855,casual
89230,FA68ACABD25357AE,classic_bike,2021-08-09 14:36:41,2021-08-09 14:45:48,1 Ave & E 62 St,6753,E 48 St & 3 Ave,6541,40.7612274,-73.96094022,40.7546011026,-73.971878855,casual
89256,6C5BE2F5E377213F,classic_bike,2021-08-04 20:11:52,2021-08-04 20:20:07,1 Ave & E 62 St,6753,E 48 St & 3 Ave,6541,40.7612274,-73.96094022,40.7546011026,-73.971878855,member
89258,1142060C537A758F,classic_bike,2021-08-13 18:35:35,2021-08-13 18:43:28,1 Ave & E 62 St,6753,E 48 St & 3 Ave,6541,40.7612274,-73.96094022,40.7546011026,-73.971878855,member
89269,0F17AF435F3FDEFC,electric_bike,2021-08-13 15:37:41,2021-08-13 15:46:43,E 30 St & Park Ave S,6206,E 48 St & 3 Ave,6541,40.74444921,-73.98303529,40.7546011026,-73.971878855,member
89306,AB374588392EBCDE,electric_bike,2021-08-03 09:34:11,2021-08-03 09:47:06,E 91 St & 2 Ave,7286,E 48 St & 3 Ave,6541,40.78115276427916,-73.94963040947914,40.7546011026,-73.971878855,member
89316,6FF7CE5168B2A8E4,electric_bike,2021-08-04 08:15:47,2021-08-04 08:53:56,Columbus Ave & W 95 St,7520,E 48 St & 3 Ave,6541,40.7919557,-73.968087,40.7546011026,-73.971878855,member
89351,3D9753B1FC79D966,docked_bike,2021-08-29 17:22:12,2021-08-29 18:00:22,Columbus Ave & W 95 St,7520,E 48 St & 3 Ave,6541,40.791956,-73.968087,40.754601,-73.971879,casual
89352,24FE98DD14EC030B,classic_bike,2021-08-27 09:09:43,2021-08-27 09:41:36,Harrison St & Hudson St,5400,E 48 St & 3 Ave,6541,40.71870987,-74.0090009,40.7546011026,-73.971878855,member
89419,7FE09343B0381891,classic_bike,2021-08-26 08:35:12,2021-08-26 08:50:57,E 81 St & Park Ave,7188,E 48 St & 3 Ave,6541,40.77677702,-73.9590097,40.7546011026,-73.971878855,member
89450,68114F7E99BDD73B,classic_bike,2021-08-21 13:34:33,2021-08-21 13:49:12,E 81 St & Park Ave,7188,E 48 St & 3 Ave,6541,40.77677702,-73.9590097,40.7546011026,-73.971878855,member
89457,A931D43907FF47A3,classic_bike,2021-08-26 15:30:08,2021-08-26 15:58:20,E 81 St & Park Ave,7188,E 48 St & 3 Ave,6541,40.77677702,-73.9590097,40.7546011026,-73.971878855,casual
89472,218DB10C4CDB1DF4,classic_bike,2021-08-13 07:31:03,2021-08-13 07:45:19,1 Ave & E 18 St,5854,E 48 St & 3 Ave,6541,40.73381219196632,-73.98054420948029,40.7546011026,-73.971878855,member
89475,DB896C9053B56F06,classic_bike,2021-08-30 21:03:18,2021-08-30 21:16:34,E 16 St & Irving Pl,5938,E 48 St & 3 Ave,6541,40.735367055605394,-73.98797392845154,40.7546011026,-73.971878855,member
89477,73CD245EDF72486B,classic_bike,2021-08-20 10:01:45,2021-08-20 10:24:36,12 Ave & W 40 St,6765,E 48 St & 3 Ave,6541,40.76087502,-74.00277668,40.7546011026,-73.971878855,member
89481,3D6FB6094CACDCDC,classic_bike,2021-08-14 16:52:37,2021-08-14 17:07:22,12 Ave & W 40 St,6765,E 48 St & 3 Ave,6541,40.76087502,-74.00277668,40.7546011026,-73.971878855,member
89523,2FBC0D1471257442,electric_bike,2021-08-24 07:50:32,2021-08-24 07:56:15,E 33 St & 1 Ave,6197,E 48 St & 3 Ave,6541,40.74322681432173,-73.97449783980846,40.7546011026,-73.971878855,member
89529,C3B6C2FE8AF66838,electric_bike,2021-08-07 18:40:57,2021-08-07 18:59:16,Columbia St & Rivington St,5365,E 48 St & 3 Ave,6541,40.71739973,-73.98016555,40.7546011026,-73.971878855,casual
89531,9FF0B136795C4EF1,electric_bike,2021-08-26 07:57:20,2021-08-26 08:02:49,E 33 St & 1 Ave,6197,E 48 St & 3 Ave,6541,40.74322681432173,-73.97449783980846,40.7546011026,-73.971878855,casual
89569,26DA3C6A11E6CE97,classic_bike,2021-08-05 09:58:35,2021-08-05 10:06:35,W 41 St & 8 Ave,6602,E 48 St & 3 Ave,6541,40.75640548,-73.9900262,40.7546011026,-73.971878855,member
89571,E931004AE73FCC42,classic_bike,2021-08-28 10:20:16,2021-08-28 10:28:12,W 41 St & 8 Ave,6602,E 48 St & 3 Ave,6541,40.75640548,-73.9900262,40.7546011026,-73.971878855,casual
89863,0093439FF8509C1B,classic_bike,2021-08-07 12:12:16,2021-08-07 12:17:35,1 Ave & E 39 St,6303,E 48 St & 3 Ave,6541,40.74714,-73.97113,40.7546011026,-73.971878855,member
90728,0A2B21C4858C867E,classic_bike,2021-08-27 09:51:34,2021-08-27 09:59:06,Broadway & W 41 St,6560,E 48 St & 3 Ave,6541,40.75513557,-73.98658032,40.7546011026,-73.971878855,member
90732,842B714D1269F364,classic_bike,2021-08-16 21:45:09,2021-08-16 21:52:16,Broadway & W 41 St,6560,E 48 St & 3 Ave,6541,40.75513557,-73.98658032,40.7546011026,-73.971878855,member
90734,DB856CC951B05B7A,classic_bike,2021-08-09 20:31:27,2021-08-09 20:46:59,W 54 St & 11 Ave,6955,E 48 St & 3 Ave,6541,40.768333,-73.992573,40.7546011026,-73.971878855,member
90799,1D1C63561159BE3D,classic_bike,2021-08-12 09:31:56,2021-08-12 09:55:02,E 51 St & 2 Ave,6575,E 48 St & 3 Ave,6541,40.755293,-73.967641,40.7546011026,-73.971878855,member
90802,F89E194D15291380,classic_bike,2021-08-18 07:14:06,2021-08-18 07:23:43,W 55 St & 6 Ave,6809,E 48 St & 3 Ave,6541,40.763189,-73.978434,40.7546011026,-73.971878855,member
90825,16F38FA0EC346861,classic_bike,2021-08-19 08:10:40,2021-08-19 08:19:26,W 55 St & 6 Ave,6809,E 48 St & 3 Ave,6541,40.763189,-73.978434,40.7546011026,-73.971878855,member
90826,6572435AC547B0A9,classic_bike,2021-08-13 17:17:52,2021-08-13 17:21:24,E 51 St & 2 Ave,6575,E 48 St & 3 Ave,6541,40.755293,-73.967641,40.7546011026,-73.971878855,member
90833,F5E078A71EC70985,electric_bike,2021-08-23 14:37:17,2021-08-23 14:40:01,E 51 St & 2 Ave,6575,E 48 St & 3 Ave,6541,40.755293,-73.967641,40.7546011026,-73.971878855,casual
90928,BFA7B2669CCF3876,electric_bike,2021-08-12 11:56:14,2021-08-12 12:01:10,E 56 St & 3 Ave,6691,E 48 St & 3 Ave,6541,40.75934501,-73.96759673,40.7546011026,-73.971878855,member
90936,EB64AFF273A10E83,classic_bike,2021-08-02 07:33:08,2021-08-02 08:14:13,E 47 St & 2 Ave,6498,E 48 St & 3 Ave,6541,40.75323098,-73.97032517,40.7546011026,-73.971878855,casual
90939,F0571583E1CC4A03,classic_bike,2021-08-27 08:08:20,2021-08-27 08:28:24,W 84 St & Columbus Ave,7382,E 48 St & 3 Ave,6541,40.78499979,-73.97283406,40.7546011026,-73.971878855,member
91850,45DB067DB54B4257,electric_bike,2021-08-05 10:59:56,2021-08-05 11:09:22,W 41 St & 8 Ave,6602,E 48 St & 3 Ave,6541,40.75640548,-73.9900262,40.7546011026,-73.971878855,member
111561,D8656232B7AAFBFA,classic_bike,2021-08-15 11:26:35,2021-08-15 11:35:23,E 48 St & 3 Ave,6541,E 32 St & Park Ave,6280,40.7546011026,-73.971878855,40.7457121,-73.98194829,member
111563,86E766E4C9F8BE54,classic_bike,2021-08-06 14:11:02,2021-08-06 14:20:57,E 48 St & 3 Ave,6541,W 53 St & 10 Ave,6890,40.7546011026,-73.971878855,40.76669671,-73.99061728,member
111570,A1624E1E5BAC6FBE,electric_bike,2021-08-10 09:31:45,2021-08-10 09:42:05,E 48 St & 3 Ave,6541,E 32 St & Park Ave,6280,40.7546011026,-73.971878855,40.7457121,-73.98194829,casual
111588,455F6CEAFF42B3D6,classic_bike,2021-08-06 19:20:43,2021-08-06 19:30:52,E 48 St & 3 Ave,6541,E 32 St & Park Ave,6280,40.7546011026,-73.971878855,40.7457121,-73.98194829,casual
111593,EDA0FFA2437F4C55,classic_bike,2021-08-13 09:54:59,2021-08-13 10:15:09,E 48 St & 3 Ave,6541,Central Park West & W 68 St,7079,40.7546011026,-73.971878855,40.7734066,-73.97782542,casual
130153,0F33D07F68A883F7,classic_bike,2021-08-25 14:21:51,2021-08-25 14:35:01,E 48 St & 3 Ave,6541,8 Ave & W 33 St,6450,40.7546011026,-73.971878855,40.751551,-73.993934,member
130160,123FD34B92788F68,electric_bike,2021-08-15 12:23:55,2021-08-15 12:41:30,E 48 St & 3 Ave,6541,Thompson St & Bleecker St,5721,40.7546011026,-73.971878855,40.72840059450829,-73.99968780577183,casual
137809,EBCDFF79EC246F1B,classic_bike,2021-08-20 20:58:33,2021-08-20 21:18:16,E 48 St & 3 Ave,6541,W 59 St & 10 Ave,7023,40.7546011026,-73.971878855,40.770513,-73.988038,member
149145,2AA9BC90D98CDA94,classic_bike,2021-08-11 15:51:47,2021-08-11 15:57:12,E 48 St & 3 Ave,6541,1 Ave & E 44 St,6379,40.7546011026,-73.971878855,40.75001986,-73.96905301,member
149147,70A0711516DA5975,classic_bike,2021-08-03 17:19:35,2021-08-03 17:23:46,E 48 St & 3 Ave,6541,1 Ave & E 44 St,6379,40.7546011026,-73.971878855,40.75001986,-73.96905301,member
149148,275CFC2BAE0DAA12,classic_bike,2021-08-29 17:11:55,2021-08-29 17:22:16,E 48 St & 3 Ave,6541,1 Ave & E 44 St,6379,40.7546011026,-73.971878855,40.75001986,-73.96905301,member
149151,51E5220498D4000D,classic_bike,2021-08-05 13:32:18,2021-08-05 13:44:47,E 48 St & 3 Ave,6541,1 Ave & E 44 St,6379,40.7546011026,-73.971878855,40.75001986,-73.96905301,member
149155,0DF0C13567C57EE2,electric_bike,2021-08-28 17:55:29,2021-08-28 18:54:50,E 48 St & 3 Ave,6541,1 Ave & E 44 St,6379,40.7546011026,-73.971878855,40.75001986,-73.96905301,casual
153241,AE6B20758790DF31,classic_bike,2021-08-21 10:29:27,2021-08-21 10:57:53,E 48 St & 3 Ave,6541,5 Ave & E 72 St,7100,40.7546011026,-73.971878855,40.77282817,-73.96685276,casual
163345,F858D9C2125722BA,classic_bike,2021-08-09 17:27:44,2021-08-09 17:51:46,E 48 St & 3 Ave,6541,Fulton St & Pearl St,5024,40.7546011026,-73.971878855,40.70772198491691,-74.00438636541367,member
169468,E8998308461667B2,classic_bike,2021-08-07 02:41:32,2021-08-07 02:48:47,E 48 St & 3 Ave,6541,W 41 St & 8 Ave,6602,40.7546011026,-73.971878855,40.75640548,-73.9900262,casual
169470,46B3802D8FA9E6C2,classic_bike,2021-08-12 18:05:22,2021-08-12 18:17:00,E 48 St & 3 Ave,6541,W 41 St & 8 Ave,6602,40.7546011026,-73.971878855,40.75640548,-73.9900262,casual
197032,A9640A3790343384,electric_bike,2021-08-01 18:03:11,2021-08-01 18:42:31,E 48 St & 3 Ave,6541,W 110 St & Amsterdam Ave,7646,40.7546011026,-73.971878855,40.802692,-73.96295,casual
198730,779D0B807C4BAD5E,classic_bike,2021-08-25 00:10:36,2021-08-25 00:25:23,E 48 St & 3 Ave,6541,Broadway & W 51 St,6779,40.7546011026,-73.971878855,40.76228826,-73.98336183,member
198741,93BD066816EBCE7E,classic_bike,2021-08-30 02:23:25,2021-08-30 02:38:33,E 48 St & 3 Ave,6541,E 31 St & 3 Ave,6239,40.7546011026,-73.971878855,40.74394314,-73.97966069,casual
198747,0C799A217C412569,classic_bike,2021-08-07 10:32:43,2021-08-07 10:40:28,E 48 St & 3 Ave,6541,E 31 St & 3 Ave,6239,40.7546011026,-73.971878855,40.74394314,-73.97966069,casual
202204,435C947A0D4136D9,classic_bike,2021-08-03 11:58:07,2021-08-03 12:12:03,E 48 St & 3 Ave,6541,8 Ave & W 33 St,6450,40.7546011026,-73.971878855,40.751551,-73.993934,casual
217804,17FDFBCB4106EBD2,classic_bike,2021-08-01 09:50:06,2021-08-01 10:19:42,E 48 St & 3 Ave,6541,Hudson St & W 13 St,6115,40.7546011026,-73.971878855,40.74005708567285,-74.0052741765976,casual
217809,1F7CEDF00E994B70,classic_bike,2021-08-01 09:49:37,2021-08-01 10:19:40,E 48 St & 3 Ave,6541,Hudson St & W 13 St,6115,40.7546011026,-73.971878855,40.74005708567285,-74.0052741765976,casual
249454,F90B1892BFFDD313,electric_bike,2021-08-31 12:32:09,2021-08-31 12:41:23,E 48 St & 3 Ave,6541,Madison Ave & E 26 St,6131,40.7546011026,-73.971878855,40.742684734875695,-73.98671329021454,member
249466,DC104E5D7A4725AA,classic_bike,2021-08-16 17:43:53,2021-08-16 17:53:12,E 48 St & 3 Ave,6541,1 Ave & E 68 St,6822,40.7546011026,-73.971878855,40.76500525,-73.95818491,casual
250226,F4FA9DA5AB7D1A8D,classic_bike,2021-08-17 17:23:52,2021-08-17 17:32:34,E 48 St & 3 Ave,6541,1 Ave & E 68 St,6822,40.7546011026,-73.971878855,40.76500525,-73.95818491,casual
250229,8F510D5D837857CA,classic_bike,2021-08-01 19:49:30,2021-08-01 20:16:16,E 48 St & 3 Ave,6541,Riverside Blvd & W 67 St,7183,40.7546011026,-73.971878855,40.777507027547976,-73.98888587951659,casual
250232,CB6A3017201D6BBF,classic_bike,2021-08-01 19:48:58,2021-08-01 20:16:25,E 48 St & 3 Ave,6541,Riverside Blvd & W 67 St,7183,40.7546011026,-73.971878855,40.777507027547976,-73.98888587951659,casual
295947,4D0B7A362D3FE441,classic_bike,2021-08-28 20:30:54,2021-08-28 20:40:29,E 48 St & 3 Ave,6541,Stuyvesant Walk & 1 Av Loop,5854,40.7546011026,-73.971878855,40.732339777151054,-73.97898383438587,casual
302317,E563EC7DAC5DD73C,classic_bike,2021-08-12 12:29:49,2021-08-12 12:38:02,E 48 St & 3 Ave,6541,W 51 St & Rockefeller Plaza,6700,40.7546011026,-73.971878855,40.75969995906254,-73.97808194160461,member
302319,D514D67689850A9E,classic_bike,2021-08-17 11:24:07,2021-08-17 11:29:47,E 48 St & 3 Ave,6541,E 53 St & Lexington Ave,6617,40.7546011026,-73.971878855,40.75828065,-73.97069431,member
302331,342015EBE8FC81AC,electric_bike,2021-08-15 01:46:15,2021-08-15 02:04:53,E 48 St & 3 Ave,6541,Grand Army Plaza & Central Park S,6839,40.7546011026,-73.971878855,40.7643971,-73.97371465,casual
302337,FA741E9A5C26A9AE,classic_bike,2021-08-01 13:44:42,2021-08-01 13:53:48,E 48 St & 3 Ave,6541,W 51 St & Rockefeller Plaza,6700,40.7546011026,-73.971878855,40.75969995906254,-73.97808194160461,casual
318031,1727C8D1A72F116E,classic_bike,2021-08-18 23:48:43,2021-08-19 00:28:59,E 48 St & 3 Ave,6541,State St & Smith St,4565,40.7546011026,-73.971878855,40.68926942,-73.98912867,member
318033,004CEDB4A5ABBF07,classic_bike,2021-08-26 18:39:45,2021-08-26 19:05:42,E 48 St & 3 Ave,6541,E 115 St & Madison Ave,7599,40.7546011026,-73.971878855,40.7989445,-73.944846,casual
325177,A21FB99CF920259F,classic_bike,2021-08-01 20:11:37,2021-08-01 20:24:13,E 48 St & 3 Ave,6541,W 63 St & Broadway,7052,40.7546011026,-73.971878855,40.77163851,-73.98261428,casual
325182,066F072BB41126D5,classic_bike,2021-08-20 21:28:01,2021-08-20 21:57:13,E 48 St & 3 Ave,6541,W 63 St & Broadway,7052,40.7546011026,-73.971878855,40.77163851,-73.98261428,casual
325185,5BCED75389C2F023,classic_bike,2021-08-04 18:01:17,2021-08-04 18:23:34,E 48 St & 3 Ave,6541,W 63 St & Broadway,7052,40.7546011026,-73.971878855,40.77163851,-73.98261428,casual
329670,083FE0CCE6661CBC,electric_bike,2021-08-24 15:33:33,2021-08-24 15:44:31,E 48 St & 3 Ave,6541,E 72 St & Park Ave,6998,40.7546011026,-73.971878855,40.77118287540658,-73.96409422159195,casual
331313,936C4C6A9C3F4A13,classic_bike,2021-08-03 17:49:24,2021-08-03 18:08:37,E 48 St & 3 Ave,6541,E 88 St & Park Ave,7293,40.7546011026,-73.971878855,40.781410700190015,-73.95595908164978,casual
331319,5412A9BFEAD09385,classic_bike,2021-08-04 17:41:42,2021-08-04 17:51:54,E 48 St & 3 Ave,6541,E 72 St & Park Ave,6998,40.7546011026,-73.971878855,40.77118287540658,-73.96409422159195,casual
333244,2A73468902C0DDCB,classic_bike,2021-08-20 18:29:42,2021-08-20 18:44:26,E 48 St & 3 Ave,6541,E 68 St & Madison Ave,6932,40.7546011026,-73.971878855,40.7691572,-73.96703464,member
334673,4086FA491B29640C,classic_bike,2021-08-31 18:22:58,2021-08-31 18:28:26,E 48 St & 3 Ave,6541,E 33 St & 1 Ave,6197,40.7546011026,-73.971878855,40.74322681432173,-73.97449783980846,member
334678,A6271AE48FC6A04C,classic_bike,2021-08-17 11:51:55,2021-08-17 12:04:44,E 48 St & 3 Ave,6541,E 59 St & Madison Ave,6801,40.7546011026,-73.971878855,40.76350532,-73.97109243,member
334689,9A70B644230933E1,electric_bike,2021-08-02 08:12:28,2021-08-02 08:18:02,E 48 St & 3 Ave,6541,E 59 St & Madison Ave,6801,40.7546011026,-73.971878855,40.76350532,-73.97109243,member
336207,E6E4BB146FF1E79C,classic_bike,2021-08-10 17:02:36,2021-08-10 17:11:18,E 48 St & 3 Ave,6541,E 33 St & 1 Ave,6197,40.7546011026,-73.971878855,40.74322681432173,-73.97449783980846,casual
352966,593EE34DE228F798,classic_bike,2021-08-03 17:50:05,2021-08-03 18:09:31,E 48 St & 3 Ave,6541,W 27 St & 7 Ave,6247,40.7546011026,-73.971878855,40.746647,-73.993915,member
352982,B27D898A47C65B13,classic_bike,2021-08-25 07:16:14,2021-08-25 07:31:29,E 48 St & 3 Ave,6541,W 27 St & 7 Ave,6247,40.7546011026,-73.971878855,40.746647,-73.993915,casual
352986,D20FCF6C0A0D39C0,classic_bike,2021-08-17 07:12:01,2021-08-17 07:26:56,E 48 St & 3 Ave,6541,W 27 St & 7 Ave,6247,40.7546011026,-73.971878855,40.746647,-73.993915,casual
362168,D2B0826688102AF2,classic_bike,2021-08-10 17:08:39,2021-08-10 17:19:45,E 48 St & 3 Ave,6541,W 36 St & 7 Ave,6483,40.7546011026,-73.971878855,40.752149,-73.989539,member
362169,4C78D2947F96AD18,classic_bike,2021-08-26 16:58:19,2021-08-26 17:09:47,E 48 St & 3 Ave,6541,W 36 St & 7 Ave,6483,40.7546011026,-73.971878855,40.752149,-73.989539,member
362170,64E00253971FB638,classic_bike,2021-08-11 17:04:56,2021-08-11 17:17:42,E 48 St & 3 Ave,6541,W 36 St & 7 Ave,6483,40.7546011026,-73.971878855,40.752149,-73.989539,member
362171,A154C1F3BC8871DC,classic_bike,2021-08-16 16:58:32,2021-08-16 17:09:05,E 48 St & 3 Ave,6541,W 36 St & 7 Ave,6483,40.7546011026,-73.971878855,40.752149,-73.989539,member
362183,7007BA094E5CBC26,classic_bike,2021-08-21 11:09:48,2021-08-21 11:44:16,E 48 St & 3 Ave,6541,5 Ave & E 87 St,7323,40.7546011026,-73.971878855,40.78231448346993,-73.95980536937714,casual
362943,F0904A76E193E7D5,classic_bike,2021-08-05 09:28:20,2021-08-05 09:34:01,E 48 St & 3 Ave,6541,E 53 St & Madison Ave,6659,40.7546011026,-73.971878855,40.7597108,-73.97402311,casual
374188,700D33F56518B418,electric_bike,2021-08-20 23:37:31,2021-08-20 23:58:31,E 48 St & 3 Ave,6541,35 St & Broadway,6750,40.7546011026,-73.971878855,40.760339,-73.9222427,member
374197,B328219309F15C96,electric_bike,2021-08-05 14:02:01,2021-08-05 14:29:41,E 48 St & 3 Ave,6541,35 Ave & 37 St,6563,40.7546011026,-73.971878855,40.7557327,-73.9236611,member
375130,10A0A6CEEE10EE49,classic_bike,2021-08-25 11:46:47,2021-08-25 11:53:04,E 48 St & 3 Ave,6541,W 55 St & 6 Ave,6809,40.7546011026,-73.971878855,40.763189,-73.978434,member
375136,36AC94DF2F9A282E,electric_bike,2021-08-11 14:02:17,2021-08-11 14:21:18,E 48 St & 3 Ave,6541,35 Ave & 37 St,6563,40.7546011026,-73.971878855,40.7557327,-73.9236611,member
375147,778C77EE0FADA397,electric_bike,2021-08-01 00:45:06,2021-08-01 01:12:54,E 48 St & 3 Ave,6541,Lorimer St & Broadway,4965,40.7546011026,-73.971878855,40.70411791,-73.94818595,casual
380081,5BC3D37E270B1BE9,classic_bike,2021-08-09 18:43:22,2021-08-09 18:48:37,E 48 St & 3 Ave,6541,W 47 St & 6 Ave,6667,40.7546011026,-73.971878855,40.758397,-73.98255,casual
382066,9396E6F1999E05AB,classic_bike,2021-08-13 07:42:48,2021-08-13 08:03:03,Central Park West & W 68 St,7079,E 48 St & 3 Ave,6541,40.7734066,-73.97782542,40.7546011026,-73.971878855,member
382094,A9B3B7E9D1E23BB7,classic_bike,2021-08-18 05:36:59,2021-08-18 05:45:25,W 41 St & 8 Ave,6602,E 48 St & 3 Ave,6541,40.75640548,-73.9900262,40.7546011026,-73.971878855,member
382106,26645195290EA0B8,classic_bike,2021-08-20 14:53:31,2021-08-20 15:13:15,W 63 St & Broadway,7052,E 48 St & 3 Ave,6541,40.77163851,-73.98261428,40.7546011026,-73.971878855,member
382108,CC5D6C4CD7B040A7,classic_bike,2021-08-24 18:10:03,2021-08-24 18:21:14,W 63 St & Broadway,7052,E 48 St & 3 Ave,6541,40.77163851,-73.98261428,40.7546011026,-73.971878855,member
382114,65E17DADEE6924FD,classic_bike,2021-08-03 11:53:43,2021-08-03 12:16:39,W 30 St & 10 Ave,6459,E 48 St & 3 Ave,6541,40.752694,-74.002353,40.7546011026,-73.971878855,casual
382128,4168788F14E5A3F7,classic_bike,2021-08-23 00:00:21,2021-08-23 00:13:17,E 19 St & 3 Ave,5938,E 48 St & 3 Ave,6541,40.73624527,-73.98473765,40.7546011026,-73.971878855,casual
382129,BEDF85B6F34B9EC1,electric_bike,2021-08-26 12:08:08,2021-08-26 12:11:39,E 53 St & Madison Ave,6659,E 48 St & 3 Ave,6541,40.7597108,-73.97402311,40.7546011026,-73.971878855,casual
382223,82232C5A394CA742,classic_bike,2021-08-24 05:36:20,2021-08-24 05:45:02,W 41 St & 8 Ave,6602,E 48 St & 3 Ave,6541,40.75640548,-73.9900262,40.7546011026,-73.971878855,member
382232,54AFA102D3134809,classic_bike,2021-08-31 18:30:44,2021-08-31 18:47:32,W 41 St & 8 Ave,6602,E 48 St & 3 Ave,6541,40.75640548,-73.9900262,40.7546011026,-73.971878855,member
382258,65F9C6DADB2DECBC,electric_bike,2021-08-12 09:44:03,2021-08-12 10:21:20,S Portland Ave & Hanson Pl,4354,E 48 St & 3 Ave,6541,40.68539567,-73.97431458,40.7546011026,-73.971878855,member
382268,9219927C6FDFD65D,electric_bike,2021-08-24 08:48:55,2021-08-24 08:59:01,E 74 St & 1 Ave,6953,E 48 St & 3 Ave,6541,40.7689738,-73.95482273,40.7546011026,-73.971878855,member
382280,492CA91784B2AD8D,classic_bike,2021-08-25 20:22:11,2021-08-25 20:44:12,Central Park West & W 85 St,7354,E 48 St & 3 Ave,6541,40.78476,-73.969862,40.7546011026,-73.971878855,casual
382305,6F680534324F4CE8,classic_bike,2021-08-16 13:20:30,2021-08-16 13:37:18,Amsterdam Ave & W 79 St,7311,E 48 St & 3 Ave,6541,40.7829391,-73.9786517,40.7546011026,-73.971878855,member
382306,1CBA0207FE4B1F5F,classic_bike,2021-08-16 09:27:54,2021-08-16 09:52:37,Amsterdam Ave & W 79 St,7311,E 48 St & 3 Ave,6541,40.7829391,-73.9786517,40.7546011026,-73.971878855,member
382307,226D6AE129AB212F,electric_bike,2021-08-14 11:30:47,2021-08-14 11:53:55,5 Ave & E 72 St,7100,E 48 St & 3 Ave,6541,40.77282817,-73.96685276,40.7546011026,-73.971878855,member
382310,EDC0451DEE3D159D,electric_bike,2021-08-05 21:15:49,2021-08-05 21:28:58,Central Park West & W 85 St,7354,E 48 St & 3 Ave,6541,40.78476,-73.969862,40.7546011026,-73.971878855,member
382313,F5E0CAF72D5E8829,docked_bike,2021-08-03 19:02:55,2021-08-03 19:25:46,5 Ave & E 72 St,7100,E 48 St & 3 Ave,6541,40.772828,-73.966853,40.754601,-73.971879,casual
382341,7B0811F9F5BC4147,classic_bike,2021-08-29 16:47:36,2021-08-29 17:13:50,5 Ave & E 72 St,7100,E 48 St & 3 Ave,6541,40.77282817,-73.96685276,40.7546011026,-73.971878855,casual
382346,87D918D1249DFDC6,classic_bike,2021-08-20 18:04:56,2021-08-20 18:24:46,5 Ave & E 72 St,7100,E 48 St & 3 Ave,6541,40.77282817,-73.96685276,40.7546011026,-73.971878855,casual
382352,B917BE3EC1FE7C13,electric_bike,2021-08-06 18:28:55,2021-08-06 18:45:18,Amsterdam Ave & W 79 St,7311,E 48 St & 3 Ave,6541,40.7829391,-73.9786517,40.7546011026,-73.971878855,casual
382364,687043CB0AC509DC,classic_bike,2021-08-12 22:06:44,2021-08-12 22:34:44,Central Park West & W 85 St,7354,E 48 St & 3 Ave,6541,40.78476,-73.969862,40.7546011026,-73.971878855,casual
382396,24165927820B5605,classic_bike,2021-08-21 15:42:50,2021-08-21 16:20:02,Fulton St & Broadway,5175,E 48 St & 3 Ave,6541,40.711066,-74.009447,40.7546011026,-73.971878855,member
382408,C00B225CD8D6D776,classic_bike,2021-08-29 16:47:41,2021-08-29 17:13:51,5 Ave & E 72 St,7100,E 48 St & 3 Ave,6541,40.77282817,-73.96685276,40.7546011026,-73.971878855,casual
382420,055A8E88497B7AE1,classic_bike,2021-08-18 07:57:05,2021-08-18 08:17:01,Central Park West & W 85 St,7354,E 48 St & 3 Ave,6541,40.78476,-73.969862,40.7546011026,-73.971878855,member
382438,8807FA586CBDD24B,classic_bike,2021-08-31 22:35:14,2021-08-31 22:46:05,W 63 St & Broadway,7052,E 48 St & 3 Ave,6541,40.77163851,-73.98261428,40.7546011026,-73.971878855,member
382459,1E0FE27486F138DE,electric_bike,2021-08-31 08:31:59,2021-08-31 08:46:16,Carmine St & 6 Ave,5763,E 48 St & 3 Ave,6541,40.73038599,-74.00214988,40.7546011026,-73.971878855,member
382463,871C7FE9CF92565D,classic_bike,2021-08-31 07:13:54,2021-08-31 07:25:55,W 63 St & Broadway,7052,E 48 St & 3 Ave,6541,40.77163851,-73.98261428,40.7546011026,-73.971878855,member
382464,2039BD3941364673,classic_bike,2021-08-16 14:54:55,2021-08-16 15:19:10,Carmine St & 6 Ave,5763,E 48 St & 3 Ave,6541,40.73038599,-74.00214988,40.7546011026,-73.971878855,member
382469,40429538F47C1E9F,electric_bike,2021-08-26 09:07:54,2021-08-26 09:39:37,W 116 St & Amsterdam Ave,7692,E 48 St & 3 Ave,6541,40.8067581,-73.9607082,40.7546011026,-73.971878855,casual
382484,2339143A1A3F7490,classic_bike,2021-08-28 23:12:33,2021-08-28 23:49:47,Carmine St & 6 Ave,5763,E 48 St & 3 Ave,6541,40.73038599,-74.00214988,40.7546011026,-73.971878855,casual
382485,AA0F2FE577B94E25,classic_bike,2021-08-13 10:10:52,2021-08-13 10:31:53,W 63 St & Broadway,7052,E 48 St & 3 Ave,6541,40.77163851,-73.98261428,40.7546011026,-73.971878855,casual
382487,5F3D05DB628A63E1,classic_bike,2021-08-15 23:28:04,2021-08-16 00:09:48,Carmine St & 6 Ave,5763,E 48 St & 3 Ave,6541,40.73038599,-74.00214988,40.7546011026,-73.971878855,casual
382511,8D03A2F39BFBF136,electric_bike,2021-08-05 08:33:46,2021-08-05 09:06:03,Carmine St & 6 Ave,5763,E 48 St & 3 Ave,6541,40.73038599,-74.00214988,40.7546011026,-73.971878855,member
382514,DC78AAF4CB797A24,classic_bike,2021-08-18 08:53:24,2021-08-18 09:06:44,W 63 St & Broadway,7052,E 48 St & 3 Ave,6541,40.77163851,-73.98261428,40.7546011026,-73.971878855,member
382561,FBCDAC7108F63314,electric_bike,2021-08-24 08:42:55,2021-08-24 08:56:58,Carmine St & 6 Ave,5763,E 48 St & 3 Ave,6541,40.73038599,-74.00214988,40.7546011026,-73.971878855,member
382577,8E135E0D3EE3FA71,electric_bike,2021-08-25 08:38:47,2021-08-25 08:55:30,Carmine St & 6 Ave,5763,E 48 St & 3 Ave,6541,40.73038599,-74.00214988,40.7546011026,-73.971878855,member
382579,8CDBB65D5956A24F,classic_bike,2021-08-11 14:33:21,2021-08-11 14:45:12,E 76 St & Park Ave,7128,E 48 St & 3 Ave,6541,40.773763,-73.96222088,40.7546011026,-73.971878855,member
382585,44184CDD1991BF1F,classic_bike,2021-08-28 23:15:56,2021-08-28 23:49:42,Carmine St & 6 Ave,5763,E 48 St & 3 Ave,6541,40.73038599,-74.00214988,40.7546011026,-73.971878855,casual
382593,FA5546B253EC8817,classic_bike,2021-08-04 09:15:51,2021-08-04 09:26:44,W 63 St & Broadway,7052,E 48 St & 3 Ave,6541,40.77163851,-73.98261428,40.7546011026,-73.971878855,member
382601,ED2756BD81C5B889,classic_bike,2021-08-15 16:37:36,2021-08-15 17:10:39,Carmine St & 6 Ave,5763,E 48 St & 3 Ave,6541,40.73038599,-74.00214988,40.7546011026,-73.971878855,casual
382603,0B52D6B4D8D7088E,classic_bike,2021-08-30 17:14:12,2021-08-30 17:42:20,W 30 St & 10 Ave,6459,E 48 St & 3 Ave,6541,40.752694,-74.002353,40.7546011026,-73.971878855,casual
382606,E71ECED70E3F9A9E,classic_bike,2021-08-11 08:08:27,2021-08-11 08:19:40,W 63 St & Broadway,7052,E 48 St & 3 Ave,6541,40.77163851,-73.98261428,40.7546011026,-73.971878855,member
382614,B3F12F4F533ED348,classic_bike,2021-08-06 15:26:11,2021-08-06 15:52:18,Columbus Ave & W 95 St,7520,E 48 St & 3 Ave,6541,40.7919557,-73.968087,40.7546011026,-73.971878855,member
382625,29D191C08AF1404C,classic_bike,2021-08-13 12:40:23,2021-08-13 13:06:29,31 Ave & 34 St,6819,E 48 St & 3 Ave,6541,40.763154,-73.920827,40.7546011026,-73.971878855,member
382626,3CEE3590F44FD915,classic_bike,2021-08-25 16:46:34,2021-08-25 16:56:50,E 76 St & Park Ave,7128,E 48 St & 3 Ave,6541,40.773763,-73.96222088,40.7546011026,-73.971878855,member
382628,A05B7FE1A83299CE,classic_bike,2021-08-15 03:00:52,2021-08-15 03:42:25,Carmine St & 6 Ave,5763,E 48 St & 3 Ave,6541,40.73038599,-74.00214988,40.7546011026,-73.971878855,member
382633,269675AC8DEDAA9D,classic_bike,2021-08-04 22:00:58,2021-08-04 22:13:15,W 63 St & Broadway,7052,E 48 St & 3 Ave,6541,40.77163851,-73.98261428,40.7546011026,-73.971878855,member
382653,D117C18435425BE8,electric_bike,2021-08-11 08:40:48,2021-08-11 08:52:48,W 63 St & Broadway,7052,E 48 St & 3 Ave,6541,40.77163851,-73.98261428,40.7546011026,-73.971878855,member
382686,8B46D2F49B195A47,classic_bike,2021-08-24 08:36:40,2021-08-24 08:48:54,W 63 St & Broadway,7052,E 48 St & 3 Ave,6541,40.77163851,-73.98261428,40.7546011026,-73.971878855,member
382695,197418078E97DCF3,classic_bike,2021-08-25 08:46:31,2021-08-25 09:03:27,W 20 St & 10 Ave,6306,E 48 St & 3 Ave,6541,40.745686,-74.005141,40.7546011026,-73.971878855,member
382704,E79E5332EAED82DB,classic_bike,2021-08-28 12:27:16,2021-08-28 12:43:57,W 20 St & 10 Ave,6306,E 48 St & 3 Ave,6541,40.745686,-74.005141,40.7546011026,-73.971878855,member
382705,E477D9F234A045AB,classic_bike,2021-08-30 08:32:09,2021-08-30 08:46:49,W 20 St & 10 Ave,6306,E 48 St & 3 Ave,6541,40.745686,-74.005141,40.7546011026,-73.971878855,member
382716,1AF1F6980E0F592E,electric_bike,2021-08-12 17:33:33,2021-08-12 17:39:27,3 Ave & E 62 St,6762,E 48 St & 3 Ave,6541,40.76312584,-73.96526895,40.7546011026,-73.971878855,member
382717,814B9A6147C0C320,classic_bike,2021-08-23 17:38:09,2021-08-23 17:45:49,3 Ave & E 62 St,6762,E 48 St & 3 Ave,6541,40.76312584,-73.96526895,40.7546011026,-73.971878855,member
382730,4AC51532A9A60A17,classic_bike,2021-08-29 16:46:06,2021-08-29 16:56:22,E 25 St & 2 Ave,6046,E 48 St & 3 Ave,6541,40.73912601,-73.97973776,40.7546011026,-73.971878855,member
382735,5DF6491AA602AC2E,classic_bike,2021-08-31 07:50:06,2021-08-31 08:10:04,2 Ave & E 96 St,7338,E 48 St & 3 Ave,6541,40.7839636,-73.9471673,40.7546011026,-73.971878855,member
382796,445DC6435C22DA81,classic_bike,2021-08-17 19:02:09,2021-08-17 19:20:11,1 Ave & E 78 St,7020,E 48 St & 3 Ave,6541,40.77140426,-73.9535166,40.7546011026,-73.971878855,member
382810,AE0F25B86E5B3614,classic_bike,2021-08-09 07:53:40,2021-08-09 08:12:30,1 Ave & E 78 St,7020,E 48 St & 3 Ave,6541,40.77140426,-73.9535166,40.7546011026,-73.971878855,casual
382828,DDEE5E4B907218BB,classic_bike,2021-08-07 15:30:29,2021-08-07 15:50:33,1 Ave & E 78 St,7020,E 48 St & 3 Ave,6541,40.77140426,-73.9535166,40.7546011026,-73.971878855,member
382831,C750DA428FC9D041,classic_bike,2021-08-04 08:11:36,2021-08-04 08:26:00,1 Ave & E 78 St,7020,E 48 St & 3 Ave,6541,40.77140426,-73.9535166,40.7546011026,-73.971878855,member
382839,5ECDEFA3A33E7B9F,classic_bike,2021-08-02 08:42:47,2021-08-02 08:57:13,1 Ave & E 78 St,7020,E 48 St & 3 Ave,6541,40.77140426,-73.9535166,40.7546011026,-73.971878855,member
382840,8376A6CD11222D38,classic_bike,2021-08-11 08:59:51,2021-08-11 09:13:39,1 Ave & E 78 St,7020,E 48 St & 3 Ave,6541,40.77140426,-73.9535166,40.7546011026,-73.971878855,member
382895,ACB1FAF98D7B9B6B,classic_bike,2021-08-12 08:22:28,2021-08-12 08:41:07,1 Ave & E 78 St,7020,E 48 St & 3 Ave,6541,40.77140426,-73.9535166,40.7546011026,-73.971878855,casual
383013,ED43957D9FF1AE5E,classic_bike,2021-08-07 01:15:08,2021-08-07 01:24:29,Lexington Ave & E 29 St,6164,E 48 St & 3 Ave,6541,40.74311555376486,-73.98215353488922,40.7546011026,-73.971878855,casual
383028,36E076033F5EE6B4,electric_bike,2021-08-11 15:44:39,2021-08-11 15:51:55,Lexington Ave & E 29 St,6164,E 48 St & 3 Ave,6541,40.74311555376486,-73.98215353488922,40.7546011026,-73.971878855,member
383053,196CB824800557C1,classic_bike,2021-08-19 08:24:34,2021-08-19 08:34:40,E 25 St & 1 Ave,6004,E 48 St & 3 Ave,6541,40.7381765,-73.97738662,40.7546011026,-73.971878855,member
383055,A9451C2E8382369A,classic_bike,2021-08-12 21:27:02,2021-08-12 21:39:04,E 25 St & 1 Ave,6004,E 48 St & 3 Ave,6541,40.7381765,-73.97738662,40.7546011026,-73.971878855,casual
383097,5B2EF70612E97EDF,electric_bike,2021-08-01 20:29:01,2021-08-01 20:53:25,Mott St & Prince St,5561,E 48 St & 3 Ave,6541,40.72317958,-73.99480012,40.7546011026,-73.971878855,casual
383100,1B120F3556C94B29,classic_bike,2021-08-13 11:52:38,2021-08-13 12:12:31,E 25 St & 1 Ave,6004,E 48 St & 3 Ave,6541,40.7381765,-73.97738662,40.7546011026,-73.971878855,casual
383123,CEFC12DC8F9B2762,classic_bike,2021-08-17 14:54:31,2021-08-17 15:09:01,W 27 St & 7 Ave,6247,E 48 St & 3 Ave,6541,40.746647,-73.993915,40.7546011026,-73.971878855,member
383139,CCCB0E8CC67A14CB,classic_bike,2021-08-06 16:50:38,2021-08-06 17:01:16,Broadway & W 38 St,6560,E 48 St & 3 Ave,6541,40.7529728216068,-73.98734897375107,40.7546011026,-73.971878855,member
383152,77DE184968EC4BED,classic_bike,2021-08-30 15:18:26,2021-08-30 15:27:20,Broadway & W 38 St,6560,E 48 St & 3 Ave,6541,40.7529728216068,-73.98734897375107,40.7546011026,-73.971878855,casual
383168,FC8EDA21E14D9D74,classic_bike,2021-08-06 22:13:57,2021-08-06 22:25:06,Broadway & W 25 St,6173,E 48 St & 3 Ave,6541,40.74286877312112,-73.98918628692627,40.7546011026,-73.971878855,member
383188,44033B9B56E24C89,classic_bike,2021-08-17 14:49:13,2021-08-17 15:03:10,W 27 St & 7 Ave,6247,E 48 St & 3 Ave,6541,40.746647,-73.993915,40.7546011026,-73.971878855,member
383202,94493EFAF02FD5DD,electric_bike,2021-08-06 07:51:08,2021-08-06 08:07:24,2 Ave & E 96 St,7338,E 48 St & 3 Ave,6541,40.7839636,-73.9471673,40.7546011026,-73.971878855,member
383211,975F688BB03BEB5B,classic_bike,2021-08-13 09:14:12,2021-08-13 09:42:06,Riverside Dr & W 91 St,7524,E 48 St & 3 Ave,6541,40.79313480986663,-73.97700369358063,40.7546011026,-73.971878855,member
383228,32F03DBDC33E003A,electric_bike,2021-08-20 13:39:08,2021-08-20 13:49:38,Broadway & W 25 St,6173,E 48 St & 3 Ave,6541,40.74286877312112,-73.98918628692627,40.7546011026,-73.971878855,member
383237,9E789217100D4178,electric_bike,2021-08-25 19:48:02,2021-08-25 20:01:25,W 27 St & 7 Ave,6247,E 48 St & 3 Ave,6541,40.746647,-73.993915,40.7546011026,-73.971878855,casual
383254,2F16618448164D7B,classic_bike,2021-08-05 06:18:43,2021-08-05 06:27:35,Broadway & W 38 St,6560,E 48 St & 3 Ave,6541,40.7529728216068,-73.98734897375107,40.7546011026,-73.971878855,member
383289,F6C5639B231EA7CE,classic_bike,2021-08-30 06:17:09,2021-08-30 06:25:10,Broadway & W 38 St,6560,E 48 St & 3 Ave,6541,40.7529728216068,-73.98734897375107,40.7546011026,-73.971878855,member
383314,1C4CCA3025075884,classic_bike,2021-08-19 09:06:05,2021-08-19 09:18:03,Broadway & W 25 St,6173,E 48 St & 3 Ave,6541,40.74286877312112,-73.98918628692627,40.7546011026,-73.971878855,member
383354,AC64AD12E04694B8,electric_bike,2021-08-05 08:41:11,2021-08-05 08:52:43,Broadway & W 25 St,6173,E 48 St & 3 Ave,6541,40.74286877312112,-73.98918628692627,40.7546011026,-73.971878855,member
383355,B6F38C3DD048DF27,classic_bike,2021-08-12 09:12:44,2021-08-12 09:25:24,Broadway & W 25 St,6173,E 48 St & 3 Ave,6541,40.74286877312112,-73.98918628692627,40.7546011026,-73.971878855,member
383365,01DA2353B04A12D5,classic_bike,2021-08-24 06:23:21,2021-08-24 06:31:54,Broadway & W 38 St,6560,E 48 St & 3 Ave,6541,40.7529728216068,-73.98734897375107,40.7546011026,-73.971878855,member
383366,949EC590DADFB727,classic_bike,2021-08-31 06:41:48,2021-08-31 06:50:13,Broadway & W 38 St,6560,E 48 St & 3 Ave,6541,40.7529728216068,-73.98734897375107,40.7546011026,-73.971878855,member
383407,FAAEBC60C4B67E24,classic_bike,2021-08-02 06:18:40,2021-08-02 06:25:43,Broadway & W 38 St,6560,E 48 St & 3 Ave,6541,40.7529728216068,-73.98734897375107,40.7546011026,-73.971878855,member
383415,AE37BA11795D4EB1,classic_bike,2021-08-10 15:58:55,2021-08-10 17:02:44,W 16 St & The High Line,6233,E 48 St & 3 Ave,6541,40.74334935,-74.00681753,40.7546011026,-73.971878855,casual
383450,CC75DD6246E82747,classic_bike,2021-08-12 20:23:30,2021-08-12 20:39:28,W 27 St & 7 Ave,6247,E 48 St & 3 Ave,6541,40.746647,-73.993915,40.7546011026,-73.971878855,casual
383467,2A0F23ADAD88244B,electric_bike,2021-08-18 13:12:29,2021-08-18 13:26:08,Broadway & W 25 St,6173,E 48 St & 3 Ave,6541,40.74286877312112,-73.98918628692627,40.7546011026,-73.971878855,casual
383470,5FB99E75A377155B,classic_bike,2021-08-03 18:24:54,2021-08-03 18:37:43,Broadway & W 25 St,6173,E 48 St & 3 Ave,6541,40.74286877312112,-73.98918628692627,40.7546011026,-73.971878855,casual
383502,A7E1565647432E49,electric_bike,2021-08-06 06:35:50,2021-08-06 06:47:44,W 27 St & 7 Ave,6247,E 48 St & 3 Ave,6541,40.746647,-73.993915,40.7546011026,-73.971878855,member
383512,238A747167382645,classic_bike,2021-08-18 16:51:12,2021-08-18 17:25:06,46 Ave & 5 St,6286,E 48 St & 3 Ave,6541,40.74731,-73.95451,40.7546011026,-73.971878855,member
383533,061EF54A341BF401,classic_bike,2021-08-06 16:50:48,2021-08-06 17:01:22,Broadway & W 38 St,6560,E 48 St & 3 Ave,6541,40.7529728216068,-73.98734897375107,40.7546011026,-73.971878855,member
383553,965E0C7D7FE9D8E1,classic_bike,2021-08-02 09:45:38,2021-08-02 09:56:20,Lexington Ave & E 26 St,6089,E 48 St & 3 Ave,6541,40.741459,-73.983293,40.7546011026,-73.971878855,member
383561,A44BFCBF538E3C27,classic_bike,2021-08-09 18:46:51,2021-08-09 19:21:35,Fulton St & Pearl St,5024,E 48 St & 3 Ave,6541,40.70772198491691,-74.00438636541367,40.7546011026,-73.971878855,member
383563,205713DB246BD7AF,electric_bike,2021-08-13 23:20:46,2021-08-13 23:55:52,Fulton St & Pearl St,5024,E 48 St & 3 Ave,6541,40.70772198491691,-74.00438636541367,40.7546011026,-73.971878855,member
383587,067F44A7FCFF3662,classic_bike,2021-08-25 23:09:54,2021-08-25 23:26:59,Cooper Square & Astor Pl,5712,E 48 St & 3 Ave,6541,40.72951496224949,-73.99075269699097,40.7546011026,-73.971878855,member
383679,F8B2073DA0F9A08F,classic_bike,2021-08-25 14:13:32,2021-08-25 14:14:58,E 47 St & Park Ave,6584,E 48 St & 3 Ave,6541,40.75510267,-73.97498696,40.7546011026,-73.971878855,member
383681,E2FC3B2201290432,classic_bike,2021-08-16 09:15:27,2021-08-16 09:28:16,Lexington Ave & E 26 St,6089,E 48 St & 3 Ave,6541,40.741459,-73.983293,40.7546011026,-73.971878855,member
383689,8FD9C2E5C6622E18,electric_bike,2021-08-26 11:03:40,2021-08-26 11:11:46,Lexington Ave & E 26 St,6089,E 48 St & 3 Ave,6541,40.741459,-73.983293,40.7546011026,-73.971878855,casual
383691,669884587314B6E8,electric_bike,2021-08-20 09:05:06,2021-08-20 09:19:32,2 Ave & E 31 St,6197,E 48 St & 3 Ave,6541,40.74290902,-73.97706058,40.7546011026,-73.971878855,casual
383711,903D1DF86EF265C7,classic_bike,2021-08-03 12:04:00,2021-08-03 12:16:59,W 31 St & 7 Ave,6331,E 48 St & 3 Ave,6541,40.749156,-73.9916,40.7546011026,-73.971878855,member
383712,16AB7E1ECB96AC75,classic_bike,2021-08-10 08:29:47,2021-08-10 08:49:51,W 90 St & Amsterdam Ave,7432,E 48 St & 3 Ave,6541,40.79017948095081,-73.97288918495178,40.7546011026,-73.971878855,member
383718,72FC5383342F9FBA,classic_bike,2021-08-14 06:21:01,2021-08-14 06:27:08,E 39 St & 2 Ave,6345,E 48 St & 3 Ave,6541,40.74803319428767,-73.973827958107,40.7546011026,-73.971878855,casual
383736,C3F63289E18877F7,electric_bike,2021-08-30 14:19:42,2021-08-30 14:56:33,W 113 St & Broadway,7713,E 48 St & 3 Ave,6541,40.805973,-73.964928,40.7546011026,-73.971878855,member
383746,37EC064CC18E6813,electric_bike,2021-08-12 13:17:52,2021-08-12 13:20:36,E 47 St & Park Ave,6584,E 48 St & 3 Ave,6541,40.75510267,-73.97498696,40.7546011026,-73.971878855,member
383747,EB2014DFDEF59F21,classic_bike,2021-08-10 08:42:05,2021-08-10 08:52:20,Lexington Ave & E 26 St,6089,E 48 St & 3 Ave,6541,40.741459,-73.983293,40.7546011026,-73.971878855,member
383753,A081DAF5C761E803,classic_bike,2021-08-10 16:00:49,2021-08-10 16:11:08,Lexington Ave & E 26 St,6089,E 48 St & 3 Ave,6541,40.741459,-73.983293,40.7546011026,-73.971878855,casual
383765,340F9056D355A873,electric_bike,2021-08-09 17:50:28,2021-08-09 18:37:50,E 47 St & Park Ave,6584,E 48 St & 3 Ave,6541,40.75510267,-73.97498696,40.7546011026,-73.971878855,member
383766,6A7C234BDAFF2D16,classic_bike,2021-08-26 19:56:51,2021-08-26 20:10:48,2 Ave & E 31 St,6197,E 48 St & 3 Ave,6541,40.74290902,-73.97706058,40.7546011026,-73.971878855,member
383786,D6B194629113AFFD,electric_bike,2021-08-16 18:24:33,2021-08-16 18:51:55,2 Ave & E 31 St,6197,E 48 St & 3 Ave,6541,40.74290902,-73.97706058,40.7546011026,-73.971878855,casual
383790,C041E5595DCF1CAF,docked_bike,2021-08-18 15:10:01,2021-08-18 15:29:13,Lexington Ave & E 26 St,6089,E 48 St & 3 Ave,6541,40.741459,-73.983293,40.754601,-73.971879,casual
383791,FB7F73C3EF989BCA,classic_bike,2021-08-30 07:28:51,2021-08-30 07:34:00,E 39 St & 2 Ave,6345,E 48 St & 3 Ave,6541,40.74803319428767,-73.973827958107,40.7546011026,-73.971878855,casual
383792,777D11F15C79A504,classic_bike,2021-08-26 14:52:49,2021-08-26 15:05:48,E 39 St & 2 Ave,6345,E 48 St & 3 Ave,6541,40.74803319428767,-73.973827958107,40.7546011026,-73.971878855,casual
383801,2326629A5FCC450C,classic_bike,2021-08-12 12:37:39,2021-08-12 12:40:55,E 47 St & Park Ave,6584,E 48 St & 3 Ave,6541,40.75510267,-73.97498696,40.7546011026,-73.971878855,member
383808,3F2A5DFED0DB5C9B,electric_bike,2021-08-08 08:55:01,2021-08-08 09:06:41,2 Ave & E 31 St,6197,E 48 St & 3 Ave,6541,40.74290902,-73.97706058,40.7546011026,-73.971878855,casual
383816,BC5B1B3477E76AD1,classic_bike,2021-08-29 15:28:29,2021-08-29 16:13:29,E 47 St & Park Ave,6584,E 48 St & 3 Ave,6541,40.75510267,-73.97498696,40.7546011026,-73.971878855,member
383826,03B8E15201F9304B,classic_bike,2021-08-10 13:12:40,2021-08-10 13:21:40,2 Ave & E 31 St,6197,E 48 St & 3 Ave,6541,40.74290902,-73.97706058,40.7546011026,-73.971878855,member
383833,FDCBFBF6C7EEF7CB,classic_bike,2021-08-30 21:51:23,2021-08-30 21:53:14,E 47 St & Park Ave,6584,E 48 St & 3 Ave,6541,40.75510267,-73.97498696,40.7546011026,-73.971878855,member
383892,BD680D2C648849DA,electric_bike,2021-08-08 08:54:33,2021-08-08 09:06:17,2 Ave & E 31 St,6197,E 48 St & 3 Ave,6541,40.74290902,-73.97706058,40.7546011026,-73.971878855,casual
383919,17E7BE879C6D6BB4,electric_bike,2021-08-04 07:50:13,2021-08-04 07:56:06,E 33 St & 1 Ave,6197,E 48 St & 3 Ave,6541,40.74322681432173,-73.97449783980846,40.7546011026,-73.971878855,member
383955,8BBD59D18A3D0DFB,electric_bike,2021-08-07 08:56:44,2021-08-07 09:26:53,E 59 St & Madison Ave,6801,E 48 St & 3 Ave,6541,40.76350532,-73.97109243,40.7546011026,-73.971878855,casual
383962,A0F1A9B9593EB213,classic_bike,2021-08-31 09:06:18,2021-08-31 09:15:12,E 33 St & 1 Ave,6197,E 48 St & 3 Ave,6541,40.74322681432173,-73.97449783980846,40.7546011026,-73.971878855,member
383967,B3C4E51D40193D0B,classic_bike,2021-08-18 08:21:55,2021-08-18 08:29:33,E 33 St & 1 Ave,6197,E 48 St & 3 Ave,6541,40.74322681432173,-73.97449783980846,40.7546011026,-73.971878855,member
383968,01DD631DAF969090,classic_bike,2021-08-02 14:06:44,2021-08-02 14:30:10,W 20 St & 7 Ave,6182,E 48 St & 3 Ave,6541,40.74238787,-73.99726235,40.7546011026,-73.971878855,member
384003,9BE5C7AE49A60A8D,classic_bike,2021-08-02 09:14:47,2021-08-02 09:34:36,Columbia St & Rivington St,5365,E 48 St & 3 Ave,6541,40.71739973,-73.98016555,40.7546011026,-73.971878855,member
384036,D9FC5FD58CEE0BB5,classic_bike,2021-08-06 18:09:30,2021-08-06 18:15:21,E 59 St & Madison Ave,6801,E 48 St & 3 Ave,6541,40.76350532,-73.97109243,40.7546011026,-73.971878855,member
384043,F0F15C0742BD4057,classic_bike,2021-08-02 06:55:05,2021-08-02 07:04:36,E 27 St & 1 Ave,6004,E 48 St & 3 Ave,6541,40.739445,-73.976806,40.7546011026,-73.971878855,member
384044,EA40E4FEFBBAAD33,classic_bike,2021-08-09 17:54:15,2021-08-09 17:57:02,E 47 St & Park Ave,6584,E 48 St & 3 Ave,6541,40.75510267,-73.97498696,40.7546011026,-73.971878855,member
384050,340AC74FCF01E589,classic_bike,2021-08-10 09:21:32,2021-08-10 09:32:56,2 Ave & E 31 St,6197,E 48 St & 3 Ave,6541,40.74290902,-73.97706058,40.7546011026,-73.971878855,member
384095,1B577899D49051A7,classic_bike,2021-08-04 08:07:18,2021-08-04 08:25:50,Columbia St & Rivington St,5365,E 48 St & 3 Ave,6541,40.71739973,-73.98016555,40.7546011026,-73.971878855,member
384112,3A91FC3FD7256E2E,electric_bike,2021-08-13 19:38:04,2021-08-13 19:53:00,W 20 St & 7 Ave,6182,E 48 St & 3 Ave,6541,40.74238787,-73.99726235,40.7546011026,-73.971878855,casual
384124,0A769CF06CA42CD8,electric_bike,2021-08-04 09:12:03,2021-08-04 09:28:23,E 33 St & 1 Ave,6197,E 48 St & 3 Ave,6541,40.74322681432173,-73.97449783980846,40.7546011026,-73.971878855,member
384129,9FFA49D4B2B643E0,classic_bike,2021-08-06 07:29:21,2021-08-06 07:44:44,E 95 St & 3 Ave,7365,E 48 St & 3 Ave,6541,40.7849032,-73.950503,40.7546011026,-73.971878855,member
384133,B2F01594EA2E2B6C,classic_bike,2021-08-11 17:32:28,2021-08-11 17:37:11,E 59 St & Madison Ave,6801,E 48 St & 3 Ave,6541,40.76350532,-73.97109243,40.7546011026,-73.971878855,member
384136,1F1B135A3383AB1F,electric_bike,2021-08-04 20:17:09,2021-08-04 20:32:30,Cooper Square & Astor Pl,5712,E 48 St & 3 Ave,6541,40.72951496224949,-73.99075269699097,40.7546011026,-73.971878855,member
384157,18172A408D73A5AA,classic_bike,2021-08-18 20:47:46,2021-08-18 20:55:23,E 33 St & 1 Ave,6197,E 48 St & 3 Ave,6541,40.74322681432173,-73.97449783980846,40.7546011026,-73.971878855,casual
384174,243C7B281853341A,electric_bike,2021-08-06 08:35:59,2021-08-06 08:42:45,1 Ave & E 68 St,6822,E 48 St & 3 Ave,6541,40.76500525,-73.95818491,40.7546011026,-73.971878855,member
384178,5A0279C894C076CA,classic_bike,2021-08-08 16:24:25,2021-08-08 16:34:23,E 58 St & 1 Ave (NE Corner),6682,E 48 St & 3 Ave,6541,40.75892386377695,-73.96226227283478,40.7546011026,-73.971878855,casual
384192,52905A6B69A357D9,classic_bike,2021-08-21 16:07:27,2021-08-21 16:16:10,E 33 St & 1 Ave,6197,E 48 St & 3 Ave,6541,40.74322681432173,-73.97449783980846,40.7546011026,-73.971878855,member
384213,AAEE28CA251812E3,classic_bike,2021-08-10 08:25:47,2021-08-10 08:32:24,E 33 St & 1 Ave,6197,E 48 St & 3 Ave,6541,40.74322681432173,-73.97449783980846,40.7546011026,-73.971878855,member
384235,A2997D57155B46AC,classic_bike,2021-08-21 02:26:43,2021-08-21 02:47:21,W 20 St & 7 Ave,6182,E 48 St & 3 Ave,6541,40.74238787,-73.99726235,40.7546011026,-73.971878855,member
384237,5ECCD948A027CA01,classic_bike,2021-08-02 16:50:45,2021-08-02 17:00:47,E 33 St & 1 Ave,6197,E 48 St & 3 Ave,6541,40.74322681432173,-73.97449783980846,40.7546011026,-73.971878855,member
384239,1DFD2C6197C11660,classic_bike,2021-08-17 06:55:33,2021-08-17 07:03:01,E 33 St & 1 Ave,6197,E 48 St & 3 Ave,6541,40.74322681432173,-73.97449783980846,40.7546011026,-73.971878855,member
384257,7109C29DA6324BA7,classic_bike,2021-08-05 16:42:03,2021-08-05 16:51:36,E 33 St & 1 Ave,6197,E 48 St & 3 Ave,6541,40.74322681432173,-73.97449783980846,40.7546011026,-73.971878855,member
384276,6BB4942A19557FB2,classic_bike,2021-08-17 08:17:07,2021-08-17 08:24:45,E 33 St & 1 Ave,6197,E 48 St & 3 Ave,6541,40.74322681432173,-73.97449783980846,40.7546011026,-73.971878855,member
384279,A27D52007C5DAEAA,classic_bike,2021-08-20 21:41:25,2021-08-20 21:52:05,E 33 St & 1 Ave,6197,E 48 St & 3 Ave,6541,40.74322681432173,-73.97449783980846,40.7546011026,-73.971878855,member
384290,2ABC8E2A106F7FDA,classic_bike,2021-08-14 10:58:30,2021-08-14 11:02:59,1 Ave & E 44 St,6379,E 48 St & 3 Ave,6541,40.75001986,-73.96905301,40.7546011026,-73.971878855,member
384307,534AB01376BEF679,classic_bike,2021-08-27 13:20:12,2021-08-27 13:28:37,8 Ave & W 49 St,6747,E 48 St & 3 Ave,6541,40.76171227910671,-73.98655101656914,40.7546011026,-73.971878855,casual
384309,B6D6EC2DC881F65E,classic_bike,2021-08-11 09:14:14,2021-08-11 09:18:13,1 Ave & E 44 St,6379,E 48 St & 3 Ave,6541,40.75001986,-73.96905301,40.7546011026,-73.971878855,member
384340,C5E02F0A4BE00152,classic_bike,2021-08-26 16:40:17,2021-08-26 16:56:17,Madison Ave & E 26 St,6131,E 48 St & 3 Ave,6541,40.742684734875695,-73.98671329021454,40.7546011026,-73.971878855,casual
384371,EA820E7FD5FC5611,electric_bike,2021-08-16 08:20:27,2021-08-16 08:27:42,1 Ave & E 68 St,6822,E 48 St & 3 Ave,6541,40.76500525,-73.95818491,40.7546011026,-73.971878855,member
384375,53690FED270E9CAC,classic_bike,2021-08-11 15:00:56,2021-08-11 15:08:41,E 58 St & 1 Ave (NE Corner),6682,E 48 St & 3 Ave,6541,40.75892386377695,-73.96226227283478,40.7546011026,-73.971878855,casual
384386,DDDBDDE4861D5E53,classic_bike,2021-08-24 09:28:15,2021-08-24 09:51:24,W 15 St & 7 Ave,6030,E 48 St & 3 Ave,6541,40.73935542,-73.99931783,40.7546011026,-73.971878855,member
384439,CE19CB8B673F201C,classic_bike,2021-08-04 13:11:22,2021-08-04 13:17:29,1 Ave & E 44 St,6379,E 48 St & 3 Ave,6541,40.75001986,-73.96905301,40.7546011026,-73.971878855,member
384447,7E57912912496C0E,classic_bike,2021-08-25 22:05:28,2021-08-25 22:13:18,8 Ave & W 49 St,6747,E 48 St & 3 Ave,6541,40.76171227910671,-73.98655101656914,40.7546011026,-73.971878855,casual
384458,2899AF998DC36336,classic_bike,2021-08-18 09:13:06,2021-08-18 09:16:47,1 Ave & E 44 St,6379,E 48 St & 3 Ave,6541,40.75001986,-73.96905301,40.7546011026,-73.971878855,member
384459,E431DD38F5D7594E,classic_bike,2021-08-25 09:18:01,2021-08-25 09:21:07,1 Ave & E 44 St,6379,E 48 St & 3 Ave,6541,40.75001986,-73.96905301,40.7546011026,-73.971878855,member
384464,F3F32195EA652875,classic_bike,2021-08-24 08:40:13,2021-08-24 08:46:38,8 Ave & W 49 St,6747,E 48 St & 3 Ave,6541,40.76171227910671,-73.98655101656914,40.7546011026,-73.971878855,member
384465,8A0F38E950595AF1,classic_bike,2021-08-13 07:56:23,2021-08-13 08:01:41,1 Ave & E 44 St,6379,E 48 St & 3 Ave,6541,40.75001986,-73.96905301,40.7546011026,-73.971878855,casual
384497,24CBCE4FE1034086,classic_bike,2021-08-24 09:28:02,2021-08-24 09:48:06,Columbia St & Rivington St,5365,E 48 St & 3 Ave,6541,40.71739973,-73.98016555,40.7546011026,-73.971878855,member
384519,EF55F03B71163588,classic_bike,2021-08-14 15:32:04,2021-08-14 15:34:16,1 Ave & E 44 St,6379,E 48 St & 3 Ave,6541,40.75001986,-73.96905301,40.7546011026,-73.971878855,member
384521,974D9A25C6DC3F2B,classic_bike,2021-08-23 17:58:55,2021-08-23 18:08:49,8 Ave & W 49 St,6747,E 48 St & 3 Ave,6541,40.76171227910671,-73.98655101656914,40.7546011026,-73.971878855,member
384586,17DFF61501F76F28,classic_bike,2021-08-03 22:44:28,2021-08-03 22:59:44,7 Ave & Central Park South,6912,E 48 St & 3 Ave,6541,40.7667405590595,-73.9790689945221,40.7546011026,-73.971878855,casual
384605,30E09B05B7150386,electric_bike,2021-08-13 12:28:00,2021-08-13 12:38:44,E 23 St & 1 Ave,5929,E 48 St & 3 Ave,6541,40.736502,-73.97809472,40.7546011026,-73.971878855,member
384638,9FEC33AD29AEDD19,electric_bike,2021-08-02 10:20:13,2021-08-02 12:06:18,Lispenard St & Broadway,5391,E 48 St & 3 Ave,6541,40.71939226,-74.00247214,40.7546011026,-73.971878855,member
384640,B27D0F055227D60B,classic_bike,2021-08-12 09:40:48,2021-08-12 10:04:49,King St & Varick St,5687,E 48 St & 3 Ave,6541,40.72789701409023,-74.00536268949507,40.7546011026,-73.971878855,member
384659,61A6C679A2659979,electric_bike,2021-08-11 10:08:04,2021-08-11 10:38:09,E 60 St & York Ave,6682,E 48 St & 3 Ave,6541,40.759107,-73.959223,40.7546011026,-73.971878855,casual
384662,C770D178E98BF9E3,electric_bike,2021-08-06 10:03:29,2021-08-06 10:19:47,King St & Varick St,5687,E 48 St & 3 Ave,6541,40.72789701409023,-74.00536268949507,40.7546011026,-73.971878855,member
384720,6C48A28072A89EBC,electric_bike,2021-08-26 17:50:01,2021-08-26 18:36:30,7 Ave & Central Park South,6912,E 48 St & 3 Ave,6541,40.7667405590595,-73.9790689945221,40.7546011026,-73.971878855,casual
384725,6C7BCEBA9E1C4F30,electric_bike,2021-08-02 16:47:20,2021-08-02 16:54:19,7 Ave & Central Park South,6912,E 48 St & 3 Ave,6541,40.7667405590595,-73.9790689945221,40.7546011026,-73.971878855,member
384737,9A0F2A6A7EAA1A6A,classic_bike,2021-08-15 18:57:29,2021-08-15 19:04:31,7 Ave & Central Park South,6912,E 48 St & 3 Ave,6541,40.7667405590595,-73.9790689945221,40.7546011026,-73.971878855,casual
384744,462A6DC93BD0E774,classic_bike,2021-08-03 17:37:12,2021-08-03 17:45:55,Broadway & W 58 St,6948,E 48 St & 3 Ave,6541,40.76695317,-73.98169333,40.7546011026,-73.971878855,member
384750,50D6AADABF4C1717,classic_bike,2021-08-16 08:16:15,2021-08-16 08:35:47,E 77 St & 3 Ave,7092,E 48 St & 3 Ave,6541,40.77314236,-73.95856158,40.7546011026,-73.971878855,casual
384752,C67487DECAD9E4FA,electric_bike,2021-08-12 07:46:16,2021-08-12 07:59:56,E 81 St & York Ave,7084,E 48 St & 3 Ave,6541,40.7728384,-73.94989233,40.7546011026,-73.971878855,casual
384764,54E66DC2A562BB11,classic_bike,2021-08-13 00:22:38,2021-08-13 00:27:49,E 56 St & Madison Ave,6732,E 48 St & 3 Ave,6541,40.761573,-73.972628,40.7546011026,-73.971878855,casual
384765,85C73D2E6984A0DB,electric_bike,2021-08-26 06:30:54,2021-08-26 06:37:07,9 Ave & W 45 St,6717,E 48 St & 3 Ave,6541,40.76019252,-73.9912551,40.7546011026,-73.971878855,member
384766,D5938F28A231C37D,classic_bike,2021-08-13 10:16:24,2021-08-13 10:31:57,Broadway & W 58 St,6948,E 48 St & 3 Ave,6541,40.76695317,-73.98169333,40.7546011026,-73.971878855,casual
384767,A8573258F37BC36D,classic_bike,2021-08-18 08:47:00,2021-08-18 08:55:59,2 Ave & E 72 St,6925,E 48 St & 3 Ave,6541,40.7687620293096,-73.95840793848038,40.7546011026,-73.971878855,member
384774,1DDF004CB2CDB6A6,electric_bike,2021-08-11 07:15:11,2021-08-11 07:23:56,W 56 St & 10 Ave,6955,E 48 St & 3 Ave,6541,40.768254,-73.988639,40.7546011026,-73.971878855,member
384781,F9C4CBB3AB3D00DE,classic_bike,2021-08-16 10:46:13,2021-08-16 10:51:14,E 56 St & Madison Ave,6732,E 48 St & 3 Ave,6541,40.761573,-73.972628,40.7546011026,-73.971878855,member
384791,36D835FC5AF9BA60,classic_bike,2021-08-24 08:27:32,2021-08-24 08:40:50,2 Ave & E 72 St,6925,E 48 St & 3 Ave,6541,40.7687620293096,-73.95840793848038,40.7546011026,-73.971878855,member
384796,E3C5F8D907A1DAC2,classic_bike,2021-08-30 06:29:24,2021-08-30 06:44:55,9 Ave & W 45 St,6717,E 48 St & 3 Ave,6541,40.76019252,-73.9912551,40.7546011026,-73.971878855,member
384800,946BAD18CFC67732,classic_bike,2021-08-18 16:53:40,2021-08-18 16:59:01,E 56 St & Madison Ave,6732,E 48 St & 3 Ave,6541,40.761573,-73.972628,40.7546011026,-73.971878855,member
384805,606E83ABDFCE0446,classic_bike,2021-08-16 08:28:42,2021-08-16 08:36:43,2 Ave & E 72 St,6925,E 48 St & 3 Ave,6541,40.7687620293096,-73.95840793848038,40.7546011026,-73.971878855,member
384809,296944050B4FEDE0,classic_bike,2021-08-04 07:45:21,2021-08-04 07:53:06,2 Ave & E 72 St,6925,E 48 St & 3 Ave,6541,40.7687620293096,-73.95840793848038,40.7546011026,-73.971878855,member
384837,C662453348582FBC,electric_bike,2021-08-07 19:00:04,2021-08-07 20:11:24,9 Ave & W 45 St,6717,E 48 St & 3 Ave,6541,40.76019252,-73.9912551,40.7546011026,-73.971878855,casual
384842,CC27210A70F92E82,classic_bike,2021-08-02 06:56:48,2021-08-02 07:07:40,W 56 St & 10 Ave,6955,E 48 St & 3 Ave,6541,40.768254,-73.988639,40.7546011026,-73.971878855,member
384852,6CB6BFC54C6503A7,classic_bike,2021-08-13 18:40:04,2021-08-13 18:53:18,2 Ave & E 72 St,6925,E 48 St & 3 Ave,6541,40.7687620293096,-73.95840793848038,40.7546011026,-73.971878855,casual
384855,0B39291CB49CDA79,classic_bike,2021-08-14 17:43:07,2021-08-14 18:23:30,Broadway & W 58 St,6948,E 48 St & 3 Ave,6541,40.76695317,-73.98169333,40.7546011026,-73.971878855,casual
384863,141F63F55443E15A,classic_bike,2021-08-06 14:55:51,2021-08-06 15:00:22,E 56 St & Madison Ave,6732,E 48 St & 3 Ave,6541,40.761573,-73.972628,40.7546011026,-73.971878855,casual
384874,EAE589EA5141DE06,electric_bike,2021-08-21 08:54:34,2021-08-21 09:02:33,W 56 St & 10 Ave,6955,E 48 St & 3 Ave,6541,40.768254,-73.988639,40.7546011026,-73.971878855,member
384878,C6A703789DE9903E,electric_bike,2021-08-22 18:14:53,2021-08-22 18:22:56,9 Ave & W 45 St,6717,E 48 St & 3 Ave,6541,40.76019252,-73.9912551,40.7546011026,-73.971878855,member
384880,CED434C0DB3A8295,electric_bike,2021-08-10 07:33:18,2021-08-10 07:47:00,E 81 St & York Ave,7084,E 48 St & 3 Ave,6541,40.7728384,-73.94989233,40.7546011026,-73.971878855,casual
384897,4F128F17214C88CF,classic_bike,2021-08-03 19:06:18,2021-08-03 19:21:18,W 56 St & 10 Ave,6955,E 48 St & 3 Ave,6541,40.768254,-73.988639,40.7546011026,-73.971878855,casual
384898,930EBD73B881E3F7,classic_bike,2021-08-03 08:50:32,2021-08-03 08:59:12,2 Ave & E 72 St,6925,E 48 St & 3 Ave,6541,40.7687620293096,-73.95840793848038,40.7546011026,-73.971878855,casual
384914,ED2A753264D0EBC0,electric_bike,2021-08-27 18:22:26,2021-08-27 18:31:36,W 56 St & 10 Ave,6955,E 48 St & 3 Ave,6541,40.768254,-73.988639,40.7546011026,-73.971878855,member
384924,0CE7E309683CD1DD,classic_bike,2021-08-24 12:58:20,2021-08-24 13:07:28,Broadway & W 58 St,6948,E 48 St & 3 Ave,6541,40.76695317,-73.98169333,40.7546011026,-73.971878855,member
384939,A2D4E072A091BBED,classic_bike,2021-08-14 17:43:08,2021-08-14 17:58:52,Broadway & W 58 St,6948,E 48 St & 3 Ave,6541,40.76695317,-73.98169333,40.7546011026,-73.971878855,member
384940,10F849C2B0BEDC4B,classic_bike,2021-08-29 15:01:10,2021-08-29 15:09:11,Broadway & W 58 St,6948,E 48 St & 3 Ave,6541,40.76695317,-73.98169333,40.7546011026,-73.971878855,member
384956,C3588F3F8AB41C69,electric_bike,2021-08-20 07:19:32,2021-08-20 07:28:35,W 56 St & 10 Ave,6955,E 48 St & 3 Ave,6541,40.768254,-73.988639,40.7546011026,-73.971878855,member
384969,23F634C6331A1181,classic_bike,2021-08-08 10:33:02,2021-08-08 10:43:45,9 Ave & W 45 St,6717,E 48 St & 3 Ave,6541,40.76019252,-73.9912551,40.7546011026,-73.971878855,casual
384977,99F1AC1A38D4B477,classic_bike,2021-08-29 20:31:40,2021-08-29 20:40:30,9 Ave & W 45 St,6717,E 48 St & 3 Ave,6541,40.76019252,-73.9912551,40.7546011026,-73.971878855,member
384988,12FB169CAAE8E116,classic_bike,2021-08-23 20:47:58,2021-08-23 21:20:54,E 51 St & 2 Ave,6575,E 48 St & 3 Ave,6541,40.755293,-73.967641,40.7546011026,-73.971878855,member
384990,2F59F21E87FE600A,electric_bike,2021-08-24 15:18:50,2021-08-24 15:25:43,E 51 St & 2 Ave,6575,E 48 St & 3 Ave,6541,40.755293,-73.967641,40.7546011026,-73.971878855,member
384993,2A2CAFE1D40E8521,classic_bike,2021-08-13 13:20:31,2021-08-13 13:23:27,E 51 St & 2 Ave,6575,E 48 St & 3 Ave,6541,40.755293,-73.967641,40.7546011026,-73.971878855,member
385003,AAAA0FBA7B8EAA22,electric_bike,2021-08-13 09:11:45,2021-08-13 09:20:58,2 Ave & E 72 St,6925,E 48 St & 3 Ave,6541,40.7687620293096,-73.95840793848038,40.7546011026,-73.971878855,member
385031,B3F00588D76D68DB,classic_bike,2021-08-26 09:11:22,2021-08-26 09:20:43,2 Ave & E 72 St,6925,E 48 St & 3 Ave,6541,40.7687620293096,-73.95840793848038,40.7546011026,-73.971878855,member
385037,2804978B1FF757FC,electric_bike,2021-08-11 11:53:05,2021-08-11 11:57:51,E 56 St & Madison Ave,6732,E 48 St & 3 Ave,6541,40.761573,-73.972628,40.7546011026,-73.971878855,member
385041,1510A2EF7AFFFADC,electric_bike,2021-08-05 08:53:04,2021-08-05 09:00:48,2 Ave & E 72 St,6925,E 48 St & 3 Ave,6541,40.7687620293096,-73.95840793848038,40.7546011026,-73.971878855,member
385042,C093EAA9A0BACC55,classic_bike,2021-08-12 08:51:14,2021-08-12 09:00:00,2 Ave & E 72 St,6925,E 48 St & 3 Ave,6541,40.7687620293096,-73.95840793848038,40.7546011026,-73.971878855,member
385043,EEA4EAECE368AE2C,electric_bike,2021-08-20 09:25:08,2021-08-20 09:33:32,2 Ave & E 72 St,6925,E 48 St & 3 Ave,6541,40.7687620293096,-73.95840793848038,40.7546011026,-73.971878855,member
385049,0D775B52135AC9E3,classic_bike,2021-08-05 14:13:38,2021-08-05 14:26:06,E 77 St & 3 Ave,7092,E 48 St & 3 Ave,6541,40.77314236,-73.95856158,40.7546011026,-73.971878855,member
385052,566B87505BB286D4,electric_bike,2021-08-10 00:44:53,2021-08-10 00:52:15,9 Ave & W 45 St,6717,E 48 St & 3 Ave,6541,40.76019252,-73.9912551,40.7546011026,-73.971878855,member
385054,76FEA7339089BA80,classic_bike,2021-08-07 17:57:57,2021-08-07 18:12:19,E 77 St & 3 Ave,7092,E 48 St & 3 Ave,6541,40.77314236,-73.95856158,40.7546011026,-73.971878855,casual
385058,832F9F91F7336BAF,classic_bike,2021-08-12 18:00:44,2021-08-12 18:13:36,9 Ave & W 45 St,6717,E 48 St & 3 Ave,6541,40.76019252,-73.9912551,40.7546011026,-73.971878855,casual
385063,61681E2B110D35E8,electric_bike,2021-08-31 08:32:24,2021-08-31 08:46:41,E 56 St & Madison Ave,6732,E 48 St & 3 Ave,6541,40.761573,-73.972628,40.7546011026,-73.971878855,member
385064,49368C9D280A122F,electric_bike,2021-08-03 21:21:02,2021-08-03 21:29:30,W 56 St & 10 Ave,6955,E 48 St & 3 Ave,6541,40.768254,-73.988639,40.7546011026,-73.971878855,member
385071,C4347981B3903A73,electric_bike,2021-08-16 07:05:33,2021-08-16 07:14:55,W 56 St & 10 Ave,6955,E 48 St & 3 Ave,6541,40.768254,-73.988639,40.7546011026,-73.971878855,member
385080,2BF8B25DFDCA22FD,classic_bike,2021-08-06 13:15:46,2021-08-06 13:25:50,Broadway & W 58 St,6948,E 48 St & 3 Ave,6541,40.76695317,-73.98169333,40.7546011026,-73.971878855,member
385106,CA06E586E63A59A0,classic_bike,2021-08-11 08:32:22,2021-08-11 08:40:46,9 Ave & W 45 St,6717,E 48 St & 3 Ave,6541,40.76019252,-73.9912551,40.7546011026,-73.971878855,member
385121,9BB99C8246A4E471,docked_bike,2021-08-14 09:28:19,2021-08-14 09:42:49,11 Ave & W 41 St,6726,E 48 St & 3 Ave,6541,40.760301,-73.998842,40.754601,-73.971879,casual
385142,D34A242429B73372,classic_bike,2021-08-12 12:47:04,2021-08-12 12:54:59,Broadway & W 58 St,6948,E 48 St & 3 Ave,6541,40.76695317,-73.98169333,40.7546011026,-73.971878855,member
385144,25E1134BEDAA36E2,electric_bike,2021-08-30 06:03:25,2021-08-30 06:11:48,2 Ave & E 72 St,6925,E 48 St & 3 Ave,6541,40.7687620293096,-73.95840793848038,40.7546011026,-73.971878855,member
385149,C9373640D995E33B,classic_bike,2021-08-01 13:56:06,2021-08-01 14:04:36,Broadway & W 58 St,6948,E 48 St & 3 Ave,6541,40.76695317,-73.98169333,40.7546011026,-73.971878855,member
385150,7083A8A38053A07C,classic_bike,2021-08-28 10:23:53,2021-08-28 10:31:48,9 Ave & W 45 St,6717,E 48 St & 3 Ave,6541,40.76019252,-73.9912551,40.7546011026,-73.971878855,member
385162,352102B75D93E773,classic_bike,2021-08-02 07:51:21,2021-08-02 07:59:15,2 Ave & E 72 St,6925,E 48 St & 3 Ave,6541,40.7687620293096,-73.95840793848038,40.7546011026,-73.971878855,member
385163,F3DF495348F28146,electric_bike,2021-08-24 15:12:03,2021-08-24 15:20:48,Broadway & W 58 St,6948,E 48 St & 3 Ave,6541,40.76695317,-73.98169333,40.7546011026,-73.971878855,member
385165,171A5C64046FF976,classic_bike,2021-08-13 13:19:58,2021-08-13 13:23:39,E 56 St & Madison Ave,6732,E 48 St & 3 Ave,6541,40.761573,-73.972628,40.7546011026,-73.971878855,member
385171,850D47BFCA5879E4,electric_bike,2021-08-30 11:13:10,2021-08-30 11:24:10,11 Ave & W 41 St,6726,E 48 St & 3 Ave,6541,40.76030096,-73.99884222,40.7546011026,-73.971878855,member
385181,569CEDBF4D465651,electric_bike,2021-08-09 08:59:35,2021-08-09 09:07:15,Broadway & W 58 St,6948,E 48 St & 3 Ave,6541,40.76695317,-73.98169333,40.7546011026,-73.971878855,member
385202,75E0298B19073711,classic_bike,2021-08-11 08:51:19,2021-08-11 09:01:37,2 Ave & E 72 St,6925,E 48 St & 3 Ave,6541,40.7687620293096,-73.95840793848038,40.7546011026,-73.971878855,member
385228,DB37DB2582F7ED17,classic_bike,2021-08-03 18:21:47,2021-08-03 18:39:41,E 11 St & 1 Ave,5746,E 48 St & 3 Ave,6541,40.72953837,-73.98426726,40.7546011026,-73.971878855,member
385245,D45EF4018303E853,classic_bike,2021-08-30 07:49:48,2021-08-30 07:59:26,2 Ave & E 72 St,6925,E 48 St & 3 Ave,6541,40.7687620293096,-73.95840793848038,40.7546011026,-73.971878855,member
385307,93995EB10E19A661,classic_bike,2021-08-19 23:10:59,2021-08-19 23:22:09,W 50 St & 9 Ave,6854,E 48 St & 3 Ave,6541,40.76360467795863,-73.98917958140373,40.7546011026,-73.971878855,member
385310,C3E8150263292A14,classic_bike,2021-08-10 01:20:35,2021-08-10 01:39:46,Broadway & W 36 St,6441,E 48 St & 3 Ave,6541,40.75097711,-73.98765428,40.7546011026,-73.971878855,member
385371,64F83A3B2C659015,electric_bike,2021-08-28 02:03:17,2021-08-28 02:17:55,E 2 St & Avenue C,5476,E 48 St & 3 Ave,6541,40.7208736,-73.98085795,40.7546011026,-73.971878855,casual
385389,8F51FC505088D459,classic_bike,2021-08-11 14:19:32,2021-08-11 14:33:30,W 50 St & 9 Ave,6854,E 48 St & 3 Ave,6541,40.76360467795863,-73.98917958140373,40.7546011026,-73.971878855,member
385423,4BAECE6CA9AEC244,electric_bike,2021-08-26 08:16:38,2021-08-26 08:31:32,Broadway & W 36 St,6441,E 48 St & 3 Ave,6541,40.75097711,-73.98765428,40.7546011026,-73.971878855,member
385466,2D501EDC98AFFD4C,classic_bike,2021-08-17 18:18:09,2021-08-17 18:27:18,Broadway & W 36 St,6441,E 48 St & 3 Ave,6541,40.75097711,-73.98765428,40.7546011026,-73.971878855,member
385478,CB09AEE441558D1E,classic_bike,2021-08-05 15:24:09,2021-08-05 15:33:17,Broadway & W 36 St,6441,E 48 St & 3 Ave,6541,40.75097711,-73.98765428,40.7546011026,-73.971878855,member
385493,85A0AD4398A2CDE2,electric_bike,2021-08-22 08:37:25,2021-08-22 08:52:12,E 2 St & Avenue C,5476,E 48 St & 3 Ave,6541,40.7208736,-73.98085795,40.7546011026,-73.971878855,casual
385556,2BBD95335508D552,docked_bike,2021-08-11 17:32:40,2021-08-11 17:53:22,5 Ave & E 78 St,7161,E 48 St & 3 Ave,6541,40.776321,-73.964274,40.754601,-73.971879,casual
385574,568C7816445AA0F6,classic_bike,2021-08-04 15:53:34,2021-08-04 16:05:40,Broadway & W 36 St,6441,E 48 St & 3 Ave,6541,40.75097711,-73.98765428,40.7546011026,-73.971878855,casual
385585,57DB8944A0429153,classic_bike,2021-08-20 12:58:33,2021-08-20 13:09:18,Broadway & W 36 St,6441,E 48 St & 3 Ave,6541,40.75097711,-73.98765428,40.7546011026,-73.971878855,casual
385596,43A4CBA00C06B4AD,classic_bike,2021-08-28 19:27:20,2021-08-28 20:06:52,5 Ave & E 78 St,7161,E 48 St & 3 Ave,6541,40.77632142182271,-73.96427392959595,40.7546011026,-73.971878855,casual
385597,55A5483F1B665589,electric_bike,2021-08-31 17:16:42,2021-08-31 17:24:22,Broadway & W 36 St,6441,E 48 St & 3 Ave,6541,40.75097711,-73.98765428,40.7546011026,-73.971878855,member
385603,3D07352872978DB3,electric_bike,2021-08-15 15:24:46,2021-08-15 15:45:22,5 Ave & E 78 St,7161,E 48 St & 3 Ave,6541,40.77632142182271,-73.96427392959595,40.7546011026,-73.971878855,member
385604,35F2519D73F72758,classic_bike,2021-08-04 16:26:13,2021-08-04 16:35:40,W 50 St & 9 Ave,6854,E 48 St & 3 Ave,6541,40.76360467795863,-73.98917958140373,40.7546011026,-73.971878855,member
385617,EE64D1753AF0A17B,classic_bike,2021-08-28 17:31:05,2021-08-28 17:50:39,E 11 St & 1 Ave,5746,E 48 St & 3 Ave,6541,40.72953837,-73.98426726,40.7546011026,-73.971878855,member
385619,ECCC64ECF22C7308,classic_bike,2021-08-31 08:44:19,2021-08-31 08:53:55,Broadway & W 36 St,6441,E 48 St & 3 Ave,6541,40.75097711,-73.98765428,40.7546011026,-73.971878855,member
385631,78E68AD5FE85EA55,classic_bike,2021-08-10 08:14:43,2021-08-10 08:22:45,Broadway & W 36 St,6441,E 48 St & 3 Ave,6541,40.75097711,-73.98765428,40.7546011026,-73.971878855,member
385632,24850FB86BA5F7F1,classic_bike,2021-08-11 10:06:41,2021-08-11 10:15:52,Broadway & W 36 St,6441,E 48 St & 3 Ave,6541,40.75097711,-73.98765428,40.7546011026,-73.971878855,member
385634,220FB6C848EC9069,classic_bike,2021-08-19 23:10:50,2021-08-19 23:23:02,W 50 St & 9 Ave,6854,E 48 St & 3 Ave,6541,40.76360467795863,-73.98917958140373,40.7546011026,-73.971878855,member
385652,32F7321885952AEC,electric_bike,2021-08-31 13:16:00,2021-08-31 13:26:51,7 Ave & Central Park South,6912,E 48 St & 3 Ave,6541,40.7667405590595,-73.9790689945221,40.7546011026,-73.971878855,casual
385666,A1AE8BE7877CBFC7,classic_bike,2021-08-28 17:59:45,2021-08-28 18:13:33,5 Ave & E 78 St,7161,E 48 St & 3 Ave,6541,40.77632142182271,-73.96427392959595,40.7546011026,-73.971878855,member
385686,D2BA365FBED4B4AA,classic_bike,2021-08-02 21:23:41,2021-08-02 21:50:32,Lispenard St & Broadway,5391,E 48 St & 3 Ave,6541,40.71939226,-74.00247214,40.7546011026,-73.971878855,casual
385711,B0C1ABFE88805DF4,electric_bike,2021-08-24 08:09:35,2021-08-24 08:28:23,Hudson St & W 13 St,6115,E 48 St & 3 Ave,6541,40.74005708567285,-74.0052741765976,40.7546011026,-73.971878855,member
385720,955E80B041B75A32,classic_bike,2021-08-19 08:29:00,2021-08-19 08:58:53,Spruce St & Nassau St,5137,E 48 St & 3 Ave,6541,40.71146364,-74.00552427,40.7546011026,-73.971878855,member
385729,1CD158598189DE58,classic_bike,2021-08-13 09:08:23,2021-08-13 09:11:57,1 Ave & E 44 St,6379,E 48 St & 3 Ave,6541,40.75001986,-73.96905301,40.7546011026,-73.971878855,member
385731,732CA8631293EFB4,electric_bike,2021-08-31 09:17:06,2021-08-31 09:20:13,1 Ave & E 44 St,6379,E 48 St & 3 Ave,6541,40.75001986,-73.96905301,40.7546011026,-73.971878855,member
385740,A0680A67888D47BA,classic_bike,2021-08-11 20:02:31,2021-08-11 20:05:51,1 Ave & E 44 St,6379,E 48 St & 3 Ave,6541,40.75001986,-73.96905301,40.7546011026,-73.971878855,member
385743,B3E8E2558CB3963C,classic_bike,2021-08-21 19:45:48,2021-08-21 20:07:11,5 Ave & E 78 St,7161,E 48 St & 3 Ave,6541,40.77632142182271,-73.96427392959595,40.7546011026,-73.971878855,member
385751,3DD8E521D5360BA9,electric_bike,2021-08-13 09:48:50,2021-08-13 09:55:41,Broadway & W 36 St,6441,E 48 St & 3 Ave,6541,40.75097711,-73.98765428,40.7546011026,-73.971878855,member
385759,6B9FE62C21747E65,classic_bike,2021-08-07 21:12:46,2021-08-07 21:44:45,North Moore St & Greenwich St,5470,E 48 St & 3 Ave,6541,40.72019521437465,-74.0103006362915,40.7546011026,-73.971878855,member
385777,824BAB2873C72E3B,classic_bike,2021-08-04 22:20:50,2021-08-04 22:39:04,W 76 St & Columbus Ave,7281,E 48 St & 3 Ave,6541,40.7801839724239,-73.97728532552719,40.7546011026,-73.971878855,member
385790,04F337D2432E45D8,classic_bike,2021-08-24 08:23:22,2021-08-24 08:51:25,Spruce St & Nassau St,5137,E 48 St & 3 Ave,6541,40.71146364,-74.00552427,40.7546011026,-73.971878855,member
385821,E1F292324760B331,classic_bike,2021-08-30 18:19:40,2021-08-30 18:43:41,Pershing Square North,6432,E 48 St & 3 Ave,6541,40.751873,-73.977706,40.7546011026,-73.971878855,casual
385828,ACD4595574ABB935,classic_bike,2021-08-23 23:52:22,2021-08-24 00:38:40,8 Ave & W 49 St,6747,E 48 St & 3 Ave,6541,40.76171227910671,-73.98655101656914,40.7546011026,-73.971878855,casual
385839,BEE6E94984A96FBB,docked_bike,2021-08-13 15:26:58,2021-08-13 17:30:07,North Moore St & Greenwich St,5470,E 48 St & 3 Ave,6541,40.720195,-74.010301,40.754601,-73.971879,casual
385842,C912E91FA81BD248,classic_bike,2021-08-29 13:41:40,2021-08-29 14:11:25,Hudson St & W 13 St,6115,E 48 St & 3 Ave,6541,40.74005708567285,-74.0052741765976,40.7546011026,-73.971878855,casual
385855,F09DB1BFE54EB932,classic_bike,2021-08-12 16:13:51,2021-08-12 16:17:20,Pershing Square North,6432,E 48 St & 3 Ave,6541,40.751873,-73.977706,40.7546011026,-73.971878855,member
385867,6CFF4E23245C508C,classic_bike,2021-08-19 13:15:48,2021-08-19 13:37:40,Columbia St & Rivington St,5365,E 48 St & 3 Ave,6541,40.71739973,-73.98016555,40.7546011026,-73.971878855,member
385934,66E47524B8BFDACC,electric_bike,2021-08-22 19:18:52,2021-08-22 19:21:07,E 47 St & 1 Ave,6498,E 48 St & 3 Ave,6541,40.75206862,-73.96784384,40.7546011026,-73.971878855,member
385965,2ECF5AA1C3EE31A0,electric_bike,2021-08-02 13:51:50,2021-08-02 13:59:08,1 Ave & E 30 St,6079,E 48 St & 3 Ave,6541,40.74144387,-73.97536082,40.7546011026,-73.971878855,member
385985,8519D0323DE21E1D,electric_bike,2021-08-11 18:31:39,2021-08-11 18:43:12,E 39 St & 2 Ave,6345,E 48 St & 3 Ave,6541,40.74803319428767,-73.973827958107,40.7546011026,-73.971878855,casual
385987,66BBFA2DDD0F16BC,classic_bike,2021-08-23 18:10:42,2021-08-23 18:13:23,E 47 St & 1 Ave,6498,E 48 St & 3 Ave,6541,40.75206862,-73.96784384,40.7546011026,-73.971878855,member
385988,C56AD37FB217B69C,classic_bike,2021-08-20 08:44:28,2021-08-20 08:46:48,E 47 St & 1 Ave,6498,E 48 St & 3 Ave,6541,40.75206862,-73.96784384,40.7546011026,-73.971878855,member
385998,0FBCD0CDAE1A8371,classic_bike,2021-08-30 08:36:19,2021-08-30 09:00:29,Pier 40 - Hudson River Park,5696,E 48 St & 3 Ave,6541,40.7277140777778,-74.01129573583603,40.7546011026,-73.971878855,member
386057,15706964AE7802C8,electric_bike,2021-08-17 08:36:36,2021-08-17 08:44:49,1 Ave & E 30 St,6079,E 48 St & 3 Ave,6541,40.74144387,-73.97536082,40.7546011026,-73.971878855,member
386061,CEE1F734C7147822,classic_bike,2021-08-17 15:13:20,2021-08-17 15:17:49,W 44 St & 5 Ave,6551,E 48 St & 3 Ave,6541,40.75500254,-73.98014437,40.7546011026,-73.971878855,member
386077,B10D70D648FB30BB,classic_bike,2021-08-19 15:25:46,2021-08-19 15:27:58,E 47 St & 1 Ave,6498,E 48 St & 3 Ave,6541,40.75206862,-73.96784384,40.7546011026,-73.971878855,member
386078,C878EFB5D76F7D94,electric_bike,2021-08-29 20:44:35,2021-08-29 20:46:24,E 47 St & 1 Ave,6498,E 48 St & 3 Ave,6541,40.75206862,-73.96784384,40.7546011026,-73.971878855,member
386079,016AF8A640F354DE,classic_bike,2021-08-30 15:45:08,2021-08-30 15:47:59,E 47 St & 1 Ave,6498,E 48 St & 3 Ave,6541,40.75206862,-73.96784384,40.7546011026,-73.971878855,member
386084,FD9FEDC817325662,classic_bike,2021-08-03 18:30:21,2021-08-03 18:33:28,E 47 St & 1 Ave,6498,E 48 St & 3 Ave,6541,40.75206862,-73.96784384,40.7546011026,-73.971878855,member
386095,3FEF964EE084E5BC,classic_bike,2021-08-11 18:26:45,2021-08-11 18:52:15,E 9 St & Avenue C,5616,E 48 St & 3 Ave,6541,40.72521311,-73.97768752,40.7546011026,-73.971878855,casual
386105,EE9C7AD277AEEDB1,electric_bike,2021-08-12 11:39:31,2021-08-12 11:42:50,W 44 St & 5 Ave,6551,E 48 St & 3 Ave,6541,40.75500254,-73.98014437,40.7546011026,-73.971878855,member
386108,A411616404EC019C,classic_bike,2021-08-25 08:14:33,2021-08-25 08:23:03,1 Ave & E 30 St,6079,E 48 St & 3 Ave,6541,40.74144387,-73.97536082,40.7546011026,-73.971878855,member
386131,5571E7C0FAD52BC5,classic_bike,2021-08-05 07:59:34,2021-08-05 08:09:08,W 44 St & 5 Ave,6551,E 48 St & 3 Ave,6541,40.75500254,-73.98014437,40.7546011026,-73.971878855,member
386140,2B6D36456AF16850,classic_bike,2021-08-04 13:01:32,2021-08-04 13:07:45,W 44 St & 5 Ave,6551,E 48 St & 3 Ave,6541,40.75500254,-73.98014437,40.7546011026,-73.971878855,member
386156,B42F915B43A8869E,classic_bike,2021-08-31 11:56:42,2021-08-31 12:02:49,W 44 St & 5 Ave,6551,E 48 St & 3 Ave,6541,40.75500254,-73.98014437,40.7546011026,-73.971878855,member
386164,1B020C676872B4AA,classic_bike,2021-08-09 11:36:36,2021-08-09 11:45:39,W 44 St & 5 Ave,6551,E 48 St & 3 Ave,6541,40.75500254,-73.98014437,40.7546011026,-73.971878855,casual
386167,35B1CF9CDC49CFB9,classic_bike,2021-08-10 16:19:14,2021-08-10 16:21:37,E 47 St & 1 Ave,6498,E 48 St & 3 Ave,6541,40.75206862,-73.96784384,40.7546011026,-73.971878855,member
386169,C7EAB1A0C56C849F,classic_bike,2021-08-04 15:09:33,2021-08-04 15:11:36,E 47 St & 1 Ave,6498,E 48 St & 3 Ave,6541,40.75206862,-73.96784384,40.7546011026,-73.971878855,member
386183,74F001BEDBAB1F88,classic_bike,2021-08-21 19:35:57,2021-08-21 19:48:56,1 Ave & E 30 St,6079,E 48 St & 3 Ave,6541,40.74144387,-73.97536082,40.7546011026,-73.971878855,casual
386232,BD34378E5633D306,classic_bike,2021-08-26 06:53:45,2021-08-26 07:16:06,W 31 St & 7 Ave,6331,E 48 St & 3 Ave,6541,40.749156,-73.9916,40.7546011026,-73.971878855,member
386266,6B573E0660CA0BF9,classic_bike,2021-08-09 16:28:59,2021-08-09 16:34:42,W 44 St & 5 Ave,6551,E 48 St & 3 Ave,6541,40.75500254,-73.98014437,40.7546011026,-73.971878855,member
386276,0EF8E249A1AEE876,electric_bike,2021-08-05 16:26:18,2021-08-05 16:31:22,W 44 St & 5 Ave,6551,E 48 St & 3 Ave,6541,40.75500254,-73.98014437,40.7546011026,-73.971878855,member
386315,C09D24D0AC7C59B1,classic_bike,2021-08-13 17:34:52,2021-08-13 17:41:29,W 44 St & 5 Ave,6551,E 48 St & 3 Ave,6541,40.75500254,-73.98014437,40.7546011026,-73.971878855,casual
386327,37C44A6FBC1A4226,classic_bike,2021-08-01 17:14:40,2021-08-01 17:55:38,W 22 St & 8 Ave,6224,E 48 St & 3 Ave,6541,40.74475148,-73.99915362,40.7546011026,-73.971878855,casual
386329,85AF752CDA220BD0,classic_bike,2021-08-01 17:15:12,2021-08-01 17:55:10,W 22 St & 8 Ave,6224,E 48 St & 3 Ave,6541,40.74475148,-73.99915362,40.7546011026,-73.971878855,casual
386331,7524C41D1395A380,classic_bike,2021-08-04 06:09:22,2021-08-04 06:20:10,W 33 St & 7 Ave,6407,E 48 St & 3 Ave,6541,40.75019995,-73.99093085,40.7546011026,-73.971878855,member
386349,1A9E2DAF283D7CE9,electric_bike,2021-08-28 02:41:20,2021-08-28 02:44:40,E 39 St & 2 Ave,6345,E 48 St & 3 Ave,6541,40.74803319428767,-73.973827958107,40.7546011026,-73.971878855,member
386351,651694B7C2C14D47,classic_bike,2021-08-16 18:53:10,2021-08-16 19:03:20,W 31 St & 7 Ave,6331,E 48 St & 3 Ave,6541,40.749156,-73.9916,40.7546011026,-73.971878855,member
386364,089D11F277FFF3B7,classic_bike,2021-08-27 07:55:18,2021-08-27 08:05:51,W 33 St & 7 Ave,6407,E 48 St & 3 Ave,6541,40.75019995,-73.99093085,40.7546011026,-73.971878855,member
386371,800BB3D466B914A2,electric_bike,2021-08-01 17:14:04,2021-08-01 17:55:35,W 22 St & 8 Ave,6224,E 48 St & 3 Ave,6541,40.74475148,-73.99915362,40.7546011026,-73.971878855,casual
386378,C13D26805A96B087,classic_bike,2021-08-10 07:53:46,2021-08-10 08:06:24,W 33 St & 7 Ave,6407,E 48 St & 3 Ave,6541,40.75019995,-73.99093085,40.7546011026,-73.971878855,member
386379,435AD264A3B6D099,classic_bike,2021-08-13 07:53:26,2021-08-13 08:04:57,W 33 St & 7 Ave,6407,E 48 St & 3 Ave,6541,40.75019995,-73.99093085,40.7546011026,-73.971878855,member
386414,FF7D7E88A7CCCDDA,classic_bike,2021-08-09 08:03:01,2021-08-09 08:18:50,E 85 St & York Ave,7146,E 48 St & 3 Ave,6541,40.77536905,-73.94803392,40.7546011026,-73.971878855,member
386424,BC68DA7FE3A523D8,classic_bike,2021-08-01 13:58:05,2021-08-01 14:04:20,E 66 St & Madison Ave,6969,E 48 St & 3 Ave,6541,40.76800889305947,-73.96845281124115,40.7546011026,-73.971878855,casual
386497,507593467479C155,electric_bike,2021-08-13 00:36:27,2021-08-13 01:57:35,Amsterdam Ave & W 66 St,7149,E 48 St & 3 Ave,6541,40.7746671,-73.98470567,40.7546011026,-73.971878855,member
386508,4ECB9786CF9C72B0,classic_bike,2021-08-03 08:55:53,2021-08-03 09:14:53,LaGuardia Pl & W 3 St,5721,E 48 St & 3 Ave,6541,40.72917025,-73.99810231,40.7546011026,-73.971878855,casual
386535,EB3CD504609736CE,classic_bike,2021-08-19 17:46:18,2021-08-19 17:57:10,E 65 St & 2 Ave,6860,E 48 St & 3 Ave,6541,40.76471851944339,-73.96222069859505,40.7546011026,-73.971878855,casual
386614,D68AD8CE5F734578,classic_bike,2021-08-15 18:19:22,2021-08-15 18:49:49,10 Ave & W 14 St,6157,E 48 St & 3 Ave,6541,40.74198159994023,-74.00831580162048,40.7546011026,-73.971878855,casual
386663,AAE1C83B55C790A3,electric_bike,2021-08-05 12:47:57,2021-08-05 12:55:55,E 65 St & 2 Ave,6860,E 48 St & 3 Ave,6541,40.76471851944339,-73.96222069859505,40.7546011026,-73.971878855,member
386712,9D4031114554A1D5,classic_bike,2021-08-19 17:07:44,2021-08-19 17:09:43,E 51 St & Lexington Ave,6659,E 48 St & 3 Ave,6541,40.75714758,-73.97207836,40.7546011026,-73.971878855,member
386717,B19A9975D60A2451,classic_bike,2021-08-24 14:23:12,2021-08-24 14:24:44,E 51 St & Lexington Ave,6659,E 48 St & 3 Ave,6541,40.75714758,-73.97207836,40.7546011026,-73.971878855,member
386725,8B4183A63FB8B69A,classic_bike,2021-08-26 17:17:00,2021-08-26 17:19:19,E 51 St & Lexington Ave,6659,E 48 St & 3 Ave,6541,40.75714758,-73.97207836,40.7546011026,-73.971878855,member
386746,18408DF97C13C287,electric_bike,2021-08-02 22:19:12,2021-08-02 23:17:53,Amsterdam Ave & W 66 St,7149,E 48 St & 3 Ave,6541,40.7746671,-73.98470567,40.7546011026,-73.971878855,casual
386756,679BA1184C4D32BA,classic_bike,2021-08-09 16:53:55,2021-08-09 17:19:39,10 Ave & W 14 St,6157,E 48 St & 3 Ave,6541,40.74198159994023,-74.00831580162048,40.7546011026,-73.971878855,member
386757,B34B8CC19696F729,classic_bike,2021-08-09 05:03:41,2021-08-09 05:27:41,10 Ave & W 14 St,6157,E 48 St & 3 Ave,6541,40.74198159994023,-74.00831580162048,40.7546011026,-73.971878855,member
386826,FEB13582E03322E8,classic_bike,2021-08-31 09:26:08,2021-08-31 09:44:43,LaGuardia Pl & W 3 St,5721,E 48 St & 3 Ave,6541,40.72917025,-73.99810231,40.7546011026,-73.971878855,casual
386857,D61C320A9B42BA42,classic_bike,2021-08-15 18:19:21,2021-08-15 18:50:19,10 Ave & W 14 St,6157,E 48 St & 3 Ave,6541,40.74198159994023,-74.00831580162048,40.7546011026,-73.971878855,casual
386896,DEA57FC683647B7F,classic_bike,2021-08-06 18:30:04,2021-08-06 18:38:56,E 33 St & 5 Ave,6322,E 48 St & 3 Ave,6541,40.74765947,-73.98490707,40.7546011026,-73.971878855,member
386944,5D24E79715ECF6B4,classic_bike,2021-08-26 16:27:53,2021-08-26 16:47:06,E 11 St & 3 Ave,5788,E 48 St & 3 Ave,6541,40.73127,-73.98849,40.7546011026,-73.971878855,member
386977,626E1CA40466008C,classic_bike,2021-08-28 17:42:28,2021-08-28 17:44:15,E 51 St & Lexington Ave,6659,E 48 St & 3 Ave,6541,40.75714758,-73.97207836,40.7546011026,-73.971878855,member
386986,5A2D3703702A7A34,classic_bike,2021-08-11 15:05:54,2021-08-11 15:19:13,E 65 St & 2 Ave,6860,E 48 St & 3 Ave,6541,40.76471851944339,-73.96222069859505,40.7546011026,-73.971878855,member
387016,D7565010DF780AB8,classic_bike,2021-08-17 09:16:45,2021-08-17 09:34:22,E 3 St & 1 Ave,5553,E 48 St & 3 Ave,6541,40.72467721,-73.98783413,40.7546011026,-73.971878855,member
387046,CC99D619D0D7938D,classic_bike,2021-08-10 16:07:22,2021-08-10 16:11:26,Madison Av & E 51 St,6659,E 48 St & 3 Ave,6541,40.75863,-73.97513,40.7546011026,-73.971878855,member
387066,102814E0EF078239,classic_bike,2021-08-03 19:41:09,2021-08-03 19:44:43,Madison Av & E 51 St,6659,E 48 St & 3 Ave,6541,40.75863,-73.97513,40.7546011026,-73.971878855,member
387100,07CEF83E0CFC8CB2,classic_bike,2021-08-26 09:07:11,2021-08-26 09:40:37,West End Ave & W 94 St,7524,E 48 St & 3 Ave,6541,40.7941654,-73.974124,40.7546011026,-73.971878855,member
387110,2666E4770DAE61B1,classic_bike,2021-08-29 12:09:08,2021-08-29 12:20:53,E 20 St & 2 Ave,5971,E 48 St & 3 Ave,6541,40.73587678,-73.98205027,40.7546011026,-73.971878855,member
387123,3DA43C374D5E5FE5,classic_bike,2021-08-19 08:11:11,2021-08-19 08:18:08,FDR Drive & E 35 St,6230,E 48 St & 3 Ave,6541,40.744219,-73.97121214,40.7546011026,-73.971878855,member
387136,035D3BC521C7493F,electric_bike,2021-08-16 17:39:30,2021-08-16 19:37:43,Perry St & Bleecker St,5922,E 48 St & 3 Ave,6541,40.73535398,-74.00483091,40.7546011026,-73.971878855,casual
387149,72BB711DBCD3C040,classic_bike,2021-08-29 23:44:43,2021-08-29 23:51:32,FDR Drive & E 35 St,6230,E 48 St & 3 Ave,6541,40.744219,-73.97121214,40.7546011026,-73.971878855,member
387174,374F4129883BCD25,classic_bike,2021-08-15 15:20:56,2021-08-15 15:45:09,FDR Drive & E 35 St,6230,E 48 St & 3 Ave,6541,40.744219,-73.97121214,40.7546011026,-73.971878855,casual
387181,5DB746DFC219B3FD,classic_bike,2021-08-20 16:41:12,2021-08-20 16:51:00,FDR Drive & E 35 St,6230,E 48 St & 3 Ave,6541,40.744219,-73.97121214,40.7546011026,-73.971878855,member
387205,CA4CDD9F40F7B501,electric_bike,2021-08-23 12:31:26,2021-08-23 12:37:07,E 40 St & 5 Ave,6474,E 48 St & 3 Ave,6541,40.752062307,-73.9816324043,40.7546011026,-73.971878855,member
387206,5281A5733BA49029,electric_bike,2021-08-23 11:44:46,2021-08-23 11:50:18,E 40 St & 5 Ave,6474,E 48 St & 3 Ave,6541,40.752062307,-73.9816324043,40.7546011026,-73.971878855,member
387239,951AAFED62B33BF6,electric_bike,2021-08-10 16:48:03,2021-08-10 16:53:08,FDR Drive & E 35 St,6230,E 48 St & 3 Ave,6541,40.744219,-73.97121214,40.7546011026,-73.971878855,member
387248,1274120D9D69248A,classic_bike,2021-08-18 08:09:22,2021-08-18 08:16:37,FDR Drive & E 35 St,6230,E 48 St & 3 Ave,6541,40.744219,-73.97121214,40.7546011026,-73.971878855,member
387249,9A89CAA4CEA20256,classic_bike,2021-08-16 07:59:16,2021-08-16 08:07:31,FDR Drive & E 35 St,6230,E 48 St & 3 Ave,6541,40.744219,-73.97121214,40.7546011026,-73.971878855,member
387282,A1E23C81E73E0F56,electric_bike,2021-08-02 14:04:54,2021-08-02 14:13:09,FDR Drive & E 35 St,6230,E 48 St & 3 Ave,6541,40.744219,-73.97121214,40.7546011026,-73.971878855,casual
387283,F16E5D50A172C991,classic_bike,2021-08-05 18:19:40,2021-08-05 18:29:23,FDR Drive & E 35 St,6230,E 48 St & 3 Ave,6541,40.744219,-73.97121214,40.7546011026,-73.971878855,casual
387300,B1CE045D6E7851A8,electric_bike,2021-08-27 18:43:49,2021-08-27 18:52:22,E 33 St & 5 Ave,6322,E 48 St & 3 Ave,6541,40.74765947,-73.98490707,40.7546011026,-73.971878855,member
387302,7ABBCA9897841EC9,docked_bike,2021-08-15 12:13:15,2021-08-15 12:29:04,FDR Drive & E 35 St,6230,E 48 St & 3 Ave,6541,40.744219,-73.971212,40.754601,-73.971879,casual
387303,383A608A2912A7FC,classic_bike,2021-08-11 10:41:08,2021-08-11 10:50:55,FDR Drive & E 35 St,6230,E 48 St & 3 Ave,6541,40.744219,-73.97121214,40.7546011026,-73.971878855,member
387313,D7C65AB2C0CF71B2,classic_bike,2021-08-03 12:22:34,2021-08-03 12:35:00,E 20 St & 2 Ave,5971,E 48 St & 3 Ave,6541,40.73587678,-73.98205027,40.7546011026,-73.971878855,casual
387329,F7705D41AE16A441,electric_bike,2021-08-12 12:00:07,2021-08-12 12:17:27,21 St & 38 Ave,6656,E 48 St & 3 Ave,6541,40.7576314,-73.9391224,40.7546011026,-73.971878855,member
387338,329A2AC6AE27ACFE,classic_bike,2021-08-11 08:21:32,2021-08-11 08:27:15,E 53 St & Lexington Ave,6617,E 48 St & 3 Ave,6541,40.75828065,-73.97069431,40.7546011026,-73.971878855,member
387362,DC49201D788D9CA5,classic_bike,2021-08-31 13:03:45,2021-08-31 13:11:12,Grand Army Plaza & Central Park S,6839,E 48 St & 3 Ave,6541,40.7643971,-73.97371465,40.7546011026,-73.971878855,member
387364,0ADA4C56587B4C12,classic_bike,2021-08-01 12:02:35,2021-08-01 12:04:23,E 53 St & Lexington Ave,6617,E 48 St & 3 Ave,6541,40.75828065,-73.97069431,40.7546011026,-73.971878855,member
387386,35F5E07DE7D87532,classic_bike,2021-08-04 14:03:08,2021-08-04 14:08:45,Grand Army Plaza & Central Park S,6839,E 48 St & 3 Ave,6541,40.7643971,-73.97371465,40.7546011026,-73.971878855,member
387393,9270D782508F857C,classic_bike,2021-08-17 16:07:07,2021-08-17 16:12:13,W 51 St & Rockefeller Plaza,6700,E 48 St & 3 Ave,6541,40.75969995906254,-73.97808194160461,40.7546011026,-73.971878855,member
387467,FF86B2EB4B1D353C,classic_bike,2021-08-11 13:35:34,2021-08-11 13:41:23,E 53 St & Madison Ave,6659,E 48 St & 3 Ave,6541,40.7597108,-73.97402311,40.7546011026,-73.971878855,member
387470,AA28DFD44AD077A0,electric_bike,2021-08-26 14:35:39,2021-08-26 14:47:31,W 36 St & 7 Ave,6483,E 48 St & 3 Ave,6541,40.752149,-73.989539,40.7546011026,-73.971878855,member
387482,FC493B4325DE13DC,classic_bike,2021-08-19 19:25:56,2021-08-19 19:45:09,MacDougal St & Washington Sq,5797,E 48 St & 3 Ave,6541,40.73226398,-73.99852205,40.7546011026,-73.971878855,casual
387492,FD18762B97DD077F,classic_bike,2021-08-29 13:18:17,2021-08-29 13:33:02,5 Ave & E 87 St,7323,E 48 St & 3 Ave,6541,40.78231448346993,-73.95980536937714,40.7546011026,-73.971878855,member
387526,02BBC873CFD82E29,classic_bike,2021-08-15 16:34:59,2021-08-15 17:49:58,5 Ave & E 63 St,6904,E 48 St & 3 Ave,6541,40.766368,-73.971518,40.7546011026,-73.971878855,casual
387531,7D7AC7098AADA34E,classic_bike,2021-08-13 19:49:21,2021-08-13 20:04:03,E 19 St & 3 Ave,5938,E 48 St & 3 Ave,6541,40.73624527,-73.98473765,40.7546011026,-73.971878855,member
387545,1EF5231DBE709B16,classic_bike,2021-08-10 17:56:37,2021-08-10 18:24:14,MacDougal St & Washington Sq,5797,E 48 St & 3 Ave,6541,40.73226398,-73.99852205,40.7546011026,-73.971878855,member
387582,8852140AB5DB58F8,classic_bike,2021-08-18 16:51:40,2021-08-18 16:55:40,E 53 St & Madison Ave,6659,E 48 St & 3 Ave,6541,40.7597108,-73.97402311,40.7546011026,-73.971878855,member
387601,124825B8297D8D50,classic_bike,2021-08-18 10:27:10,2021-08-18 10:31:00,E 53 St & Madison Ave,6659,E 48 St & 3 Ave,6541,40.7597108,-73.97402311,40.7546011026,-73.971878855,member
387623,F775B2FCAA2F12AC,classic_bike,2021-08-06 10:12:07,2021-08-06 10:23:11,E 19 St & 3 Ave,5938,E 48 St & 3 Ave,6541,40.73624527,-73.98473765,40.7546011026,-73.971878855,casual
387642,B46AA3B726BCB422,classic_bike,2021-08-31 07:02:58,2021-08-31 07:15:10,1 Ave & E 18 St,5854,E 48 St & 3 Ave,6541,40.73381219196632,-73.98054420948029,40.7546011026,-73.971878855,member
387644,D58731ECE098BA8E,electric_bike,2021-08-08 18:10:02,2021-08-08 18:18:35,Broadway & W 37 St,6441,E 48 St & 3 Ave,6541,40.75172632,-73.98753523,40.7546011026,-73.971878855,member
387647,40A57F6BB814DA24,classic_bike,2021-08-26 07:52:37,2021-08-26 08:04:31,12 Ave & W 40 St,6765,E 48 St & 3 Ave,6541,40.76087502,-74.00277668,40.7546011026,-73.971878855,casual
387655,DC8B22C21FF5F3C1,classic_bike,2021-08-14 15:37:06,2021-08-14 17:12:43,12 Ave & W 40 St,6765,E 48 St & 3 Ave,6541,40.76087502,-74.00277668,40.7546011026,-73.971878855,casual
387713,3C381AAA41B4F3EC,electric_bike,2021-08-30 08:56:03,2021-08-30 09:07:16,W 30 St & 10 Ave,6459,E 48 St & 3 Ave,6541,40.752694,-74.002353,40.7546011026,-73.971878855,member
387726,29B1DBAC16F9955E,classic_bike,2021-08-05 10:55:44,2021-08-05 11:12:02,E 13 St & Avenue A,5779,E 48 St & 3 Ave,6541,40.72966729392978,-73.98067966103554,40.7546011026,-73.971878855,member
387764,04DE369FDF42A337,electric_bike,2021-08-11 17:52:59,2021-08-11 18:10:44,12 Ave & W 40 St,6765,E 48 St & 3 Ave,6541,40.76087502,-74.00277668,40.7546011026,-73.971878855,casual
387765,A9154AB1251B2532,classic_bike,2021-08-19 08:04:39,2021-08-19 08:18:14,1 Ave & E 18 St,5854,E 48 St & 3 Ave,6541,40.73381219196632,-73.98054420948029,40.7546011026,-73.971878855,casual
387771,22B643D801136F47,electric_bike,2021-08-01 00:43:00,2021-08-01 00:51:00,1 Ave & E 18 St,5854,E 48 St & 3 Ave,6541,40.73381219196632,-73.98054420948029,40.7546011026,-73.971878855,member
387790,6B3CFC3800EBAFAD,classic_bike,2021-08-19 08:15:35,2021-08-19 08:29:36,E 16 St & Irving Pl,5938,E 48 St & 3 Ave,6541,40.735367055605394,-73.98797392845154,40.7546011026,-73.971878855,member
387810,C2E3D8E69C35DB5D,classic_bike,2021-08-08 14:42:17,2021-08-08 14:52:44,E 19 St & 3 Ave,5938,E 48 St & 3 Ave,6541,40.73624527,-73.98473765,40.7546011026,-73.971878855,member
387825,14EBA0B195A1D354,classic_bike,2021-08-03 08:35:05,2021-08-03 08:49:47,12 Ave & W 40 St,6765,E 48 St & 3 Ave,6541,40.76087502,-74.00277668,40.7546011026,-73.971878855,member
387827,F68BF97D997F3B55,classic_bike,2021-08-13 06:16:37,2021-08-13 06:26:26,Broadway & W 37 St,6441,E 48 St & 3 Ave,6541,40.75172632,-73.98753523,40.7546011026,-73.971878855,member
387853,F11D915A460BF327,classic_bike,2021-08-03 09:10:27,2021-08-03 09:30:28,12 Ave & W 40 St,6765,E 48 St & 3 Ave,6541,40.76087502,-74.00277668,40.7546011026,-73.971878855,casual
387876,4B0888D7B62A6139,classic_bike,2021-08-14 15:16:14,2021-08-14 15:28:20,E 16 St & Irving Pl,5938,E 48 St & 3 Ave,6541,40.735367055605394,-73.98797392845154,40.7546011026,-73.971878855,casual
387886,A93CEB9A66E7DAEF,electric_bike,2021-08-03 08:40:29,2021-08-03 08:49:32,W 47 St & 10 Ave,6824,E 48 St & 3 Ave,6541,40.76269882,-73.99301222,40.7546011026,-73.971878855,member
387899,CE6BC17A4B829DE3,electric_bike,2021-08-02 12:13:14,2021-08-02 12:33:20,W 30 St & 10 Ave,6459,E 48 St & 3 Ave,6541,40.752694,-74.002353,40.7546011026,-73.971878855,member
387910,62C369E0E239AF3C,classic_bike,2021-08-02 22:14:58,2021-08-02 22:28:51,8 Ave & W 31 St,6450,E 48 St & 3 Ave,6541,40.7505853470215,-73.9946848154068,40.7546011026,-73.971878855,member
387930,DBD68E9B37D6D8BF,classic_bike,2021-08-12 19:33:10,2021-08-12 19:54:21,E 13 St & Avenue A,5779,E 48 St & 3 Ave,6541,40.72966729392978,-73.98067966103554,40.7546011026,-73.971878855,casual
387945,29377C348E2EE8AA,classic_bike,2021-08-10 08:21:39,2021-08-10 08:38:45,W 36 St & 7 Ave,6483,E 48 St & 3 Ave,6541,40.752149,-73.989539,40.7546011026,-73.971878855,member
387956,7FFD083BE321027C,classic_bike,2021-08-07 14:46:27,2021-08-07 14:56:23,E 19 St & 3 Ave,5938,E 48 St & 3 Ave,6541,40.73624527,-73.98473765,40.7546011026,-73.971878855,member
387964,A083FC41B4A91C2F,classic_bike,2021-08-24 09:06:43,2021-08-24 09:17:24,E 19 St & 3 Ave,5938,E 48 St & 3 Ave,6541,40.73624527,-73.98473765,40.7546011026,-73.971878855,casual
387989,84B8B092EE1E2E31,electric_bike,2021-08-01 03:10:49,2021-08-01 03:17:00,E 76 St & Park Ave,7128,E 48 St & 3 Ave,6541,40.773763,-73.96222088,40.7546011026,-73.971878855,member
388013,FC6CE7F48EA4F621,electric_bike,2021-08-13 17:00:14,2021-08-13 17:13:08,W 30 St & 10 Ave,6459,E 48 St & 3 Ave,6541,40.752694,-74.002353,40.7546011026,-73.971878855,casual
388034,4EE3DB02399B9329,classic_bike,2021-08-20 08:38:18,2021-08-20 08:52:19,W 11 St & 6 Ave,5914,E 48 St & 3 Ave,6541,40.73532427,-73.99800419,40.7546011026,-73.971878855,member
388056,363E30A10220317C,electric_bike,2021-08-28 15:34:30,2021-08-28 15:54:38,W 17 St & 8 Ave,6148,E 48 St & 3 Ave,6541,40.74177603,-74.00149746,40.7546011026,-73.971878855,casual
388058,D3A39045BFE59B32,classic_bike,2021-08-17 11:32:25,2021-08-17 11:36:22,E 41 St & Madison Ave,6474,E 48 St & 3 Ave,6541,40.752165280621966,-73.97992193698882,40.7546011026,-73.971878855,casual
388059,39D8A53395F6D5ED,classic_bike,2021-08-14 11:51:33,2021-08-14 11:56:57,E 41 St & Madison Ave,6474,E 48 St & 3 Ave,6541,40.752165280621966,-73.97992193698882,40.7546011026,-73.971878855,casual
388074,C912002A602E8F35,classic_bike,2021-08-28 18:40:23,2021-08-28 18:55:06,8 Ave & W 31 St,6450,E 48 St & 3 Ave,6541,40.7505853470215,-73.9946848154068,40.7546011026,-73.971878855,member
388090,526522C4C80F502A,electric_bike,2021-08-08 13:37:58,2021-08-08 13:43:47,1 Ave & E 39 St,6303,E 48 St & 3 Ave,6541,40.74714,-73.97113,40.7546011026,-73.971878855,member
388095,909DA3C5284F3305,classic_bike,2021-08-18 09:00:54,2021-08-18 09:11:59,8 Ave & W 31 St,6450,E 48 St & 3 Ave,6541,40.7505853470215,-73.9946848154068,40.7546011026,-73.971878855,member
388126,CDC3F3D706B2A5EE,classic_bike,2021-08-27 00:09:41,2021-08-27 06:49:30,8 Ave & W 31 St,6450,E 48 St & 3 Ave,6541,40.7505853470215,-73.9946848154068,40.7546011026,-73.971878855,casual
388136,77213CD6A56E545E,electric_bike,2021-08-30 18:32:18,2021-08-30 19:10:00,E 7 St & Avenue A,5626,E 48 St & 3 Ave,6541,40.72621788,-73.98379855,40.7546011026,-73.971878855,member
388159,742C2C6E655F3E1A,classic_bike,2021-08-18 09:14:53,2021-08-18 09:31:40,8 Ave & W 31 St,6450,E 48 St & 3 Ave,6541,40.7505853470215,-73.9946848154068,40.7546011026,-73.971878855,member
388179,43708C3A91C883A0,electric_bike,2021-08-27 09:01:55,2021-08-27 09:06:27,1 Ave & E 39 St,6303,E 48 St & 3 Ave,6541,40.74714,-73.97113,40.7546011026,-73.971878855,member
388181,7CF94F474E2CC3B5,electric_bike,2021-08-30 20:37:48,2021-08-30 20:58:25,W 29 St & 9 Ave,6416,E 48 St & 3 Ave,6541,40.7500727,-73.99839279,40.7546011026,-73.971878855,member
388193,4CCA37907283B062,classic_bike,2021-08-06 23:40:00,2021-08-07 00:29:59,1 Ave & E 39 St,6303,E 48 St & 3 Ave,6541,40.74714,-73.97113,40.7546011026,-73.971878855,member
388194,DB81D7E42F22E917,classic_bike,2021-08-21 16:45:28,2021-08-21 16:51:01,1 Ave & E 39 St,6303,E 48 St & 3 Ave,6541,40.74714,-73.97113,40.7546011026,-73.971878855,member
388238,D4EB850CF15C7E0E,electric_bike,2021-08-17 02:46:48,2021-08-17 03:01:44,W 29 St & 9 Ave,6416,E 48 St & 3 Ave,6541,40.7500727,-73.99839279,40.7546011026,-73.971878855,member
388265,4CD5D7231E39411D,classic_bike,2021-08-04 08:13:18,2021-08-04 08:16:30,E 51 St & 1 Ave,6532,E 48 St & 3 Ave,6541,40.75455731,-73.96592976,40.7546011026,-73.971878855,member
388317,539A1847A28A93BF,classic_bike,2021-08-09 08:35:01,2021-08-09 08:39:23,W 48 St & Rockefeller Plaza,6667,E 48 St & 3 Ave,6541,40.75793646243674,-73.97960275411606,40.7546011026,-73.971878855,casual
388324,DE30BAF136E77332,classic_bike,2021-08-18 13:39:56,2021-08-18 13:57:42,University Pl & E 14 St,5905,E 48 St & 3 Ave,6541,40.734814,-73.992085,40.7546011026,-73.971878855,member
388329,0D46B6EC3BB37784,classic_bike,2021-08-26 00:16:45,2021-08-26 00:29:42,W 42 St & Dyer Ave,6644,E 48 St & 3 Ave,6541,40.75898481399634,-73.99379968643188,40.7546011026,-73.971878855,casual
388339,51EF38628149854A,classic_bike,2021-08-10 14:49:34,2021-08-10 15:18:31,University Pl & E 14 St,5905,E 48 St & 3 Ave,6541,40.734814,-73.992085,40.7546011026,-73.971878855,casual
388341,079EBD13A7BF23BA,classic_bike,2021-08-25 06:32:27,2021-08-25 06:43:12,W 42 St & Dyer Ave,6644,E 48 St & 3 Ave,6541,40.75898481399634,-73.99379968643188,40.7546011026,-73.971878855,member
388349,DC76094757EB2F3D,electric_bike,2021-08-04 08:42:20,2021-08-04 08:49:35,1 Ave & E 39 St,6303,E 48 St & 3 Ave,6541,40.74714,-73.97113,40.7546011026,-73.971878855,member
388360,3963A56C98438BE0,electric_bike,2021-08-10 09:23:52,2021-08-10 09:39:33,E 91 St & 2 Ave,7286,E 48 St & 3 Ave,6541,40.78115276427916,-73.94963040947914,40.7546011026,-73.971878855,member
388405,0EAD19688939E2A9,classic_bike,2021-08-31 12:06:55,2021-08-31 12:13:00,E 31 St & 3 Ave,6239,E 48 St & 3 Ave,6541,40.74394314,-73.97966069,40.7546011026,-73.971878855,member
388406,1483EA2637734FC7,classic_bike,2021-08-13 10:06:52,2021-08-13 10:12:44,E 31 St & 3 Ave,6239,E 48 St & 3 Ave,6541,40.74394314,-73.97966069,40.7546011026,-73.971878855,member
388414,04370B1071F8153E,electric_bike,2021-08-13 07:00:24,2021-08-13 07:06:11,E 31 St & 3 Ave,6239,E 48 St & 3 Ave,6541,40.74394314,-73.97966069,40.7546011026,-73.971878855,casual
388429,033D185B2BD4B547,classic_bike,2021-08-08 10:12:01,2021-08-08 10:21:09,E 31 St & 3 Ave,6239,E 48 St & 3 Ave,6541,40.74394314,-73.97966069,40.7546011026,-73.971878855,casual
388434,E365D6D7A8633FC7,classic_bike,2021-08-08 09:13:24,2021-08-08 09:18:26,E 31 St & 3 Ave,6239,E 48 St & 3 Ave,6541,40.74394314,-73.97966069,40.7546011026,-73.971878855,casual
388435,FCDA7ABA4646CF64,classic_bike,2021-08-21 16:44:07,2021-08-21 16:59:03,E 31 St & 3 Ave,6239,E 48 St & 3 Ave,6541,40.74394314,-73.97966069,40.7546011026,-73.971878855,casual
388437,31684607CA22D1EE,electric_bike,2021-08-07 07:11:12,2021-08-07 07:16:16,E 31 St & 3 Ave,6239,E 48 St & 3 Ave,6541,40.74394314,-73.97966069,40.7546011026,-73.971878855,casual
388443,F180D385A8E6DADE,classic_bike,2021-08-26 14:22:45,2021-08-26 14:38:35,W 35 St & Dyer Ave,6569,E 48 St & 3 Ave,6541,40.754691750226016,-73.99740189313889,40.7546011026,-73.971878855,member
388445,202C8C6D4ABC48B8,classic_bike,2021-08-23 09:11:11,2021-08-23 09:19:42,Broadway & W 51 St,6779,E 48 St & 3 Ave,6541,40.76228826,-73.98336183,40.7546011026,-73.971878855,member
388448,494CCDD55CE68383,classic_bike,2021-08-11 17:30:23,2021-08-11 17:37:36,Broadway & W 51 St,6779,E 48 St & 3 Ave,6541,40.76228826,-73.98336183,40.7546011026,-73.971878855,member
388460,742FAFC1C421B9E5,electric_bike,2021-08-17 15:41:36,2021-08-17 15:48:34,Broadway & W 51 St,6779,E 48 St & 3 Ave,6541,40.76228826,-73.98336183,40.7546011026,-73.971878855,member
388461,50D56FCE092E06A1,classic_bike,2021-08-16 09:07:45,2021-08-16 09:14:42,Broadway & W 51 St,6779,E 48 St & 3 Ave,6541,40.76228826,-73.98336183,40.7546011026,-73.971878855,member
388462,49CA0EA3C93298E5,classic_bike,2021-08-06 16:07:08,2021-08-06 16:20:07,E 31 St & 3 Ave,6239,E 48 St & 3 Ave,6541,40.74394314,-73.97966069,40.7546011026,-73.971878855,member
388463,A4C24036EBECF25F,classic_bike,2021-08-31 09:31:15,2021-08-31 09:38:14,Broadway & W 51 St,6779,E 48 St & 3 Ave,6541,40.76228826,-73.98336183,40.7546011026,-73.971878855,member
388502,EE4AB86947BD3FBA,classic_bike,2021-08-24 08:43:23,2021-08-24 09:01:05,Amsterdam Ave & W 79 St,7311,E 48 St & 3 Ave,6541,40.7829391,-73.9786517,40.7546011026,-73.971878855,member
388513,E0E336DDBA9EA65F,classic_bike,2021-08-09 10:35:11,2021-08-09 11:14:17,Barclay St & Church St,5216,E 48 St & 3 Ave,6541,40.71291224,-74.01020234,40.7546011026,-73.971878855,member
388537,6265B5461EECC510,electric_bike,2021-08-28 14:29:09,2021-08-28 14:40:44,8 Ave & W 33 St,6450,E 48 St & 3 Ave,6541,40.751551,-73.993934,40.7546011026,-73.971878855,member
388544,21C84FE70B7AAC20,classic_bike,2021-08-18 09:41:38,2021-08-18 10:00:37,W 82 St & Central Park West,7304,E 48 St & 3 Ave,6541,40.78275,-73.97137,40.7546011026,-73.971878855,member
388578,FB74652EC85C60DD,classic_bike,2021-08-09 12:53:22,2021-08-09 13:06:18,8 Ave & W 33 St,6450,E 48 St & 3 Ave,6541,40.751551,-73.993934,40.7546011026,-73.971878855,member
388587,E1CCEC7279D6851D,classic_bike,2021-08-27 08:06:54,2021-08-27 08:26:07,West End Ave & W 60 St,7059,E 48 St & 3 Ave,6541,40.77237,-73.99005,40.7546011026,-73.971878855,member
388612,81730F5B863FE52E,classic_bike,2021-08-02 08:49:33,2021-08-02 09:06:11,E 13 St & 2 Ave,5820,E 48 St & 3 Ave,6541,40.73153937464073,-73.9853024482727,40.7546011026,-73.971878855,member
388613,3066B3784A841DF9,classic_bike,2021-08-25 08:08:13,2021-08-25 08:27:55,West End Ave & W 60 St,7059,E 48 St & 3 Ave,6541,40.77237,-73.99005,40.7546011026,-73.971878855,member
388614,0E902F2082483EEB,classic_bike,2021-08-10 08:12:06,2021-08-10 08:32:35,West End Ave & W 60 St,7059,E 48 St & 3 Ave,6541,40.77237,-73.99005,40.7546011026,-73.971878855,member
388632,3156D3F4610101EF,classic_bike,2021-08-30 08:06:19,2021-08-30 08:26:01,West End Ave & W 60 St,7059,E 48 St & 3 Ave,6541,40.77237,-73.99005,40.7546011026,-73.971878855,member
388633,5803822E92038EDB,classic_bike,2021-08-16 08:11:06,2021-08-16 08:34:49,West End Ave & W 60 St,7059,E 48 St & 3 Ave,6541,40.77237,-73.99005,40.7546011026,-73.971878855,member
388654,78F92D0060228049,classic_bike,2021-08-19 09:48:38,2021-08-19 10:06:11,E 13 St & 2 Ave,5820,E 48 St & 3 Ave,6541,40.73153937464073,-73.9853024482727,40.7546011026,-73.971878855,member
388655,26F0374C4AA4031C,classic_bike,2021-08-06 08:12:34,2021-08-06 08:32:44,West End Ave & W 60 St,7059,E 48 St & 3 Ave,6541,40.77237,-73.99005,40.7546011026,-73.971878855,member
388656,8821A583F339C114,classic_bike,2021-08-11 09:37:33,2021-08-11 09:55:14,E 13 St & 2 Ave,5820,E 48 St & 3 Ave,6541,40.73153937464073,-73.9853024482727,40.7546011026,-73.971878855,member
388665,6ABA0088C107ABCC,classic_bike,2021-08-04 19:20:25,2021-08-04 20:27:17,E 17 St & Broadway,5980,E 48 St & 3 Ave,6541,40.73704984,-73.99009296,40.7546011026,-73.971878855,member
388666,82A4F3CACF2DF440,classic_bike,2021-08-26 09:01:12,2021-08-26 09:04:30,E 51 St & 1 Ave,6532,E 48 St & 3 Ave,6541,40.75455731,-73.96592976,40.7546011026,-73.971878855,member
388672,EF05852E4506998A,classic_bike,2021-08-02 20:39:50,2021-08-02 20:58:12,University Pl & E 14 St,5905,E 48 St & 3 Ave,6541,40.734814,-73.992085,40.7546011026,-73.971878855,member
388673,22FCBEA340552FF3,classic_bike,2021-08-06 18:15:14,2021-08-06 18:21:11,E 51 St & 1 Ave,6532,E 48 St & 3 Ave,6541,40.75455731,-73.96592976,40.7546011026,-73.971878855,member
388708,810E87DFA05C2DDC,classic_bike,2021-08-18 11:55:52,2021-08-18 11:59:55,Pershing Square South,6432,E 48 St & 3 Ave,6541,40.751581,-73.97791,40.7546011026,-73.971878855,member
388713,5265AA5D2B3BA218,classic_bike,2021-08-05 17:53:38,2021-08-05 17:57:41,Pershing Square South,6432,E 48 St & 3 Ave,6541,40.751581,-73.97791,40.7546011026,-73.971878855,casual
388714,F659560532E5D45A,electric_bike,2021-08-05 10:56:58,2021-08-05 11:02:05,Pershing Square South,6432,E 48 St & 3 Ave,6541,40.751581,-73.97791,40.7546011026,-73.971878855,member
388735,06FD59599DE7B073,classic_bike,2021-08-05 08:11:57,2021-08-05 08:34:36,West End Ave & W 60 St,7059,E 48 St & 3 Ave,6541,40.77237,-73.99005,40.7546011026,-73.971878855,member
388742,7909DBEA678E92E6,classic_bike,2021-08-09 08:27:15,2021-08-09 08:43:38,E 11 St & Avenue B,5659,E 48 St & 3 Ave,6541,40.72746420692392,-73.97950418293476,40.7546011026,-73.971878855,member
388790,0FA67CD644F3BC1F,classic_bike,2021-08-30 04:27:56,2021-08-30 04:36:16,Lexington Ave & E 24 St,6089,E 48 St & 3 Ave,6541,40.74025878,-73.98409214,40.7546011026,-73.971878855,member
388793,82B4F666B8CF971F,classic_bike,2021-08-13 10:04:14,2021-08-13 10:24:05,E 13 St & 2 Ave,5820,E 48 St & 3 Ave,6541,40.73153937464073,-73.9853024482727,40.7546011026,-73.971878855,member
388795,B90759F4ED394492,classic_bike,2021-08-17 08:10:59,2021-08-17 08:33:17,West End Ave & W 60 St,7059,E 48 St & 3 Ave,6541,40.77237,-73.99005,40.7546011026,-73.971878855,member
388796,3A0409A00F0EFE0D,classic_bike,2021-08-24 08:09:32,2021-08-24 08:27:59,West End Ave & W 60 St,7059,E 48 St & 3 Ave,6541,40.77237,-73.99005,40.7546011026,-73.971878855,member
388846,A5800F275FC30575,classic_bike,2021-08-26 10:07:11,2021-08-26 10:25:16,E 11 St & Avenue B,5659,E 48 St & 3 Ave,6541,40.72746420692392,-73.97950418293476,40.7546011026,-73.971878855,member
388849,2E0FE8A884C82222,electric_bike,2021-08-17 08:23:10,2021-08-17 08:36:32,E 11 St & Avenue B,5659,E 48 St & 3 Ave,6541,40.72746420692392,-73.97950418293476,40.7546011026,-73.971878855,member
388864,FD6F904719C34CD8,classic_bike,2021-08-01 18:34:17,2021-08-01 18:44:55,5 Ave & E 72 St,7100,E 48 St & 3 Ave,6541,40.77282817,-73.96685276,40.7546011026,-73.971878855,member
388874,2140A7420CB3CCFE,classic_bike,2021-08-25 10:06:54,2021-08-25 10:23:51,E 11 St & Avenue B,5659,E 48 St & 3 Ave,6541,40.72746420692392,-73.97950418293476,40.7546011026,-73.971878855,member
388899,6D94828D50B64D9B,classic_bike,2021-08-16 11:47:58,2021-08-16 12:31:04,West End Ave & W 107 St,7650,E 48 St & 3 Ave,6541,40.8021174,-73.9681805305,40.7546011026,-73.971878855,casual
388907,9D8A3D75D0129425,classic_bike,2021-08-01 19:07:42,2021-08-01 19:31:49,Central Park West & W 85 St,7354,E 48 St & 3 Ave,6541,40.78476,-73.969862,40.7546011026,-73.971878855,member
388951,95BECAF59FD9B073,classic_bike,2021-08-05 06:55:37,2021-08-05 07:16:40,W Broadway & W Houston St,5644,E 48 St & 3 Ave,6541,40.726378,-74.000472,40.7546011026,-73.971878855,member
389014,1DE556CBDC575159,classic_bike,2021-08-15 19:43:50,2021-08-15 19:53:49,8 Ave & W 38 St,6526,E 48 St & 3 Ave,6541,40.75461,-73.99177,40.7546011026,-73.971878855,member
389023,2A0435BBFB55B9FF,classic_bike,2021-08-12 17:44:15,2021-08-12 17:57:03,8 Ave & W 38 St,6526,E 48 St & 3 Ave,6541,40.75461,-73.99177,40.7546011026,-73.971878855,member
389024,E44AE317C21C3478,electric_bike,2021-08-19 19:40:08,2021-08-19 19:50:06,8 Ave & W 38 St,6526,E 48 St & 3 Ave,6541,40.75461,-73.99177,40.7546011026,-73.971878855,member
389033,7C1772D02F0BFC92,electric_bike,2021-08-06 06:24:57,2021-08-06 06:34:06,8 Ave & W 38 St,6526,E 48 St & 3 Ave,6541,40.75461,-73.99177,40.7546011026,-73.971878855,member
389049,0DBCDF68362389D5,classic_bike,2021-08-26 10:37:39,2021-08-26 10:49:16,W 25 St & 6 Ave,6215,E 48 St & 3 Ave,6541,40.74395411,-73.99144871,40.7546011026,-73.971878855,member
389050,86F5932A26A7F6DB,classic_bike,2021-08-16 08:18:55,2021-08-16 08:30:16,W 25 St & 6 Ave,6215,E 48 St & 3 Ave,6541,40.74395411,-73.99144871,40.7546011026,-73.971878855,member
389051,BED02F5F0C4DB531,classic_bike,2021-08-07 17:03:14,2021-08-07 17:19:18,W 25 St & 6 Ave,6215,E 48 St & 3 Ave,6541,40.74395411,-73.99144871,40.7546011026,-73.971878855,casual
389070,4A2A80A0451CAA65,classic_bike,2021-08-16 21:00:01,2021-08-16 21:38:41,W 25 St & 6 Ave,6215,E 48 St & 3 Ave,6541,40.74395411,-73.99144871,40.7546011026,-73.971878855,member
389083,B572CB58C6DC2125,classic_bike,2021-08-20 12:19:21,2021-08-20 12:31:43,W 25 St & 6 Ave,6215,E 48 St & 3 Ave,6541,40.74395411,-73.99144871,40.7546011026,-73.971878855,member
389084,24624FAD474EAF64,classic_bike,2021-08-13 16:08:48,2021-08-13 16:23:56,5 Ave & E 93 St,7372,E 48 St & 3 Ave,6541,40.7857851,-73.957481,40.7546011026,-73.971878855,member
389085,ED16B39A7CE5C435,classic_bike,2021-08-01 15:25:13,2021-08-01 16:04:52,5 Ave & E 93 St,7372,E 48 St & 3 Ave,6541,40.7857851,-73.957481,40.7546011026,-73.971878855,member
389087,572AA234E5A65F97,classic_bike,2021-08-15 19:37:41,2021-08-15 19:57:19,W 46 St & 11 Ave,6795,E 48 St & 3 Ave,6541,40.76341379,-73.99667444,40.7546011026,-73.971878855,member
389121,765BBE1C7538FEA1,classic_bike,2021-08-28 02:17:43,2021-08-28 02:40:58,W 46 St & 11 Ave,6795,E 48 St & 3 Ave,6541,40.76341379,-73.99667444,40.7546011026,-73.971878855,member
389128,B019712A2B1FD437,classic_bike,2021-08-24 09:19:17,2021-08-24 09:31:30,W 25 St & 6 Ave,6215,E 48 St & 3 Ave,6541,40.74395411,-73.99144871,40.7546011026,-73.971878855,member
389132,5081343D7ADC7143,classic_bike,2021-08-09 08:19:40,2021-08-09 08:33:39,W 25 St & 6 Ave,6215,E 48 St & 3 Ave,6541,40.74395411,-73.99144871,40.7546011026,-73.971878855,member
389138,4BC60277945E7F4C,classic_bike,2021-08-21 17:29:18,2021-08-21 18:05:20,West St & Chambers St,5329,E 48 St & 3 Ave,6541,40.71754834,-74.01322069,40.7546011026,-73.971878855,casual
389140,D04BC0716FB99FAB,classic_bike,2021-08-03 15:23:31,2021-08-03 16:31:19,West St & Chambers St,5329,E 48 St & 3 Ave,6541,40.71754834,-74.01322069,40.7546011026,-73.971878855,casual
389156,63FE2BB17F35B057,classic_bike,2021-08-09 14:30:42,2021-08-09 14:43:08,6 Ave & W 34 St,6364,E 48 St & 3 Ave,6541,40.74964,-73.98805,40.7546011026,-73.971878855,member
389166,5445E9FA28E9D9FE,classic_bike,2021-08-11 09:10:59,2021-08-11 09:23:44,6 Ave & W 34 St,6364,E 48 St & 3 Ave,6541,40.74964,-73.98805,40.7546011026,-73.971878855,casual
389188,DEF068AAEA92BE06,classic_bike,2021-08-18 07:31:44,2021-08-18 07:43:55,6 Ave & W 34 St,6364,E 48 St & 3 Ave,6541,40.74964,-73.98805,40.7546011026,-73.971878855,casual
389190,AC3884A75EBA4C0F,classic_bike,2021-08-24 21:30:56,2021-08-24 23:15:16,6 Ave & W 34 St,6364,E 48 St & 3 Ave,6541,40.74964,-73.98805,40.7546011026,-73.971878855,casual
389215,AA8EDE0E8BE3FE19,classic_bike,2021-08-12 17:18:53,2021-08-12 17:32:46,E 11 St & Avenue B,5659,E 48 St & 3 Ave,6541,40.72746420692392,-73.97950418293476,40.7546011026,-73.971878855,casual
389242,069FE382681BD6F3,classic_bike,2021-08-24 21:29:20,2021-08-24 23:15:18,6 Ave & W 34 St,6364,E 48 St & 3 Ave,6541,40.74964,-73.98805,40.7546011026,-73.971878855,casual
389251,57875184C20A06F1,classic_bike,2021-08-20 03:59:49,2021-08-20 04:02:51,E 56 St & 3 Ave,6691,E 48 St & 3 Ave,6541,40.75934501,-73.96759673,40.7546011026,-73.971878855,member
389353,D64C64F8D00D5CAE,classic_bike,2021-08-26 08:09:46,2021-08-26 08:31:19,W 84 St & Columbus Ave,7382,E 48 St & 3 Ave,6541,40.78499979,-73.97283406,40.7546011026,-73.971878855,member
389355,636732AC5C50C49D,classic_bike,2021-08-05 12:48:53,2021-08-05 12:56:23,E 56 St & 3 Ave,6691,E 48 St & 3 Ave,6541,40.75934501,-73.96759673,40.7546011026,-73.971878855,member
389359,95C249718803F110,classic_bike,2021-08-19 10:19:30,2021-08-19 10:22:43,E 47 St & 2 Ave,6498,E 48 St & 3 Ave,6541,40.75323098,-73.97032517,40.7546011026,-73.971878855,member
389366,E8B843469006ECA2,classic_bike,2021-08-12 09:10:13,2021-08-12 09:25:57,E 85 St & 3 Ave,7212,E 48 St & 3 Ave,6541,40.77801203,-73.95407149,40.7546011026,-73.971878855,member
389367,0CA3ACC42A57B5AA,classic_bike,2021-08-02 11:50:19,2021-08-02 11:56:23,E 56 St & 3 Ave,6691,E 48 St & 3 Ave,6541,40.75934501,-73.96759673,40.7546011026,-73.971878855,member
389382,459215E7FC1AC980,classic_bike,2021-08-11 08:14:34,2021-08-11 08:37:03,W 84 St & Columbus Ave,7382,E 48 St & 3 Ave,6541,40.78499979,-73.97283406,40.7546011026,-73.971878855,member
389388,D5A30EAC19DCEDCD,classic_bike,2021-08-15 17:51:34,2021-08-15 18:25:02,E 85 St & 3 Ave,7212,E 48 St & 3 Ave,6541,40.77801203,-73.95407149,40.7546011026,-73.971878855,casual
389400,764CE380DA4D7202,classic_bike,2021-08-29 22:15:20,2021-08-29 22:34:35,E 85 St & 3 Ave,7212,E 48 St & 3 Ave,6541,40.77801203,-73.95407149,40.7546011026,-73.971878855,casual
389408,EDDE332B406415F7,classic_bike,2021-08-15 09:21:15,2021-08-15 09:22:10,E 47 St & 2 Ave,6498,E 48 St & 3 Ave,6541,40.75323098,-73.97032517,40.7546011026,-73.971878855,member
389411,F1D83A9AB0581711,classic_bike,2021-08-24 15:31:31,2021-08-24 15:32:57,E 47 St & 2 Ave,6498,E 48 St & 3 Ave,6541,40.75323098,-73.97032517,40.7546011026,-73.971878855,member
389414,D6FE949CB5DFB9C7,classic_bike,2021-08-19 14:49:36,2021-08-19 14:56:39,E 56 St & 3 Ave,6691,E 48 St & 3 Ave,6541,40.75934501,-73.96759673,40.7546011026,-73.971878855,member
389436,C40C22370410F68D,classic_bike,2021-08-12 12:43:34,2021-08-12 12:46:21,E 47 St & 2 Ave,6498,E 48 St & 3 Ave,6541,40.75323098,-73.97032517,40.7546011026,-73.971878855,member
389445,62D35FC38D741250,classic_bike,2021-08-30 06:50:53,2021-08-30 07:10:47,W 84 St & Columbus Ave,7382,E 48 St & 3 Ave,6541,40.78499979,-73.97283406,40.7546011026,-73.971878855,member
389458,676433C76E0B3485,electric_bike,2021-08-12 09:23:55,2021-08-12 09:37:04,E 85 St & 3 Ave,7212,E 48 St & 3 Ave,6541,40.77801203,-73.95407149,40.7546011026,-73.971878855,member
389460,7725C7D77CFF7DD2,classic_bike,2021-08-28 13:48:18,2021-08-28 13:54:23,E 56 St & 3 Ave,6691,E 48 St & 3 Ave,6541,40.75934501,-73.96759673,40.7546011026,-73.971878855,member
389489,376B8947A1605E56,classic_bike,2021-08-12 09:07:46,2021-08-12 09:14:05,W 47 St & 6 Ave,6667,E 48 St & 3 Ave,6541,40.758397,-73.98255,40.7546011026,-73.971878855,member
389506,E76DC9DA9390A199,classic_bike,2021-08-03 09:35:55,2021-08-03 09:48:19,W 26 St & 8 Ave,6297,E 48 St & 3 Ave,6541,40.74734825,-73.99723551,40.7546011026,-73.971878855,member
389523,992AF9A836744713,classic_bike,2021-08-14 15:24:39,2021-08-14 15:33:22,W 47 St & 6 Ave,6667,E 48 St & 3 Ave,6541,40.758397,-73.98255,40.7546011026,-73.971878855,casual
389563,325E7878B4727138,electric_bike,2021-08-18 10:39:22,2021-08-18 10:44:07,W 47 St & 6 Ave,6667,E 48 St & 3 Ave,6541,40.758397,-73.98255,40.7546011026,-73.971878855,member
389630,53138D06737E6123,classic_bike,2021-08-13 14:29:02,2021-08-13 14:34:51,Broadway & W 51 St,6779,E 48 St & 3 Ave,6541,40.76228826,-73.98336183,40.7546011026,-73.971878855,member
389632,704AEB63D1CA6DB9,classic_bike,2021-08-07 15:33:49,2021-08-07 15:40:11,E 31 St & 3 Ave,6239,E 48 St & 3 Ave,6541,40.74394314,-73.97966069,40.7546011026,-73.971878855,member
389663,801A5C56FE72439C,electric_bike,2021-08-07 17:43:34,2021-08-07 18:02:40,Central Park W & W 91 St,7453,E 48 St & 3 Ave,6541,40.78866499127884,-73.96680057048798,40.7546011026,-73.971878855,member
389725,6A95D04BBF617E2D,classic_bike,2021-08-29 18:39:02,2021-08-29 19:06:12,Henry St & Grand St,5294,E 48 St & 3 Ave,6541,40.714211,-73.981095,40.7546011026,-73.971878855,member
389788,CF26409817F61D7E,classic_bike,2021-08-25 07:51:48,2021-08-25 08:06:14,8 Ave & W 31 St,6450,E 48 St & 3 Ave,6541,40.7505853470215,-73.9946848154068,40.7546011026,-73.971878855,member
389825,466BB0F1852CCC86,classic_bike,2021-08-06 22:00:53,2021-08-06 22:19:22,W 47 St & 10 Ave,6824,E 48 St & 3 Ave,6541,40.76269882,-73.99301222,40.7546011026,-73.971878855,member
389887,BEF33FC98E7211CD,classic_bike,2021-08-26 17:07:07,2021-08-26 17:11:57,E 53 St & Madison Ave,6659,E 48 St & 3 Ave,6541,40.7597108,-73.97402311,40.7546011026,-73.971878855,member
389906,52C44D6E16FBEC96,classic_bike,2021-08-11 08:12:35,2021-08-11 08:35:53,W 84 St & Broadway,7409,E 48 St & 3 Ave,6541,40.7867947,-73.977112,40.7546011026,-73.971878855,member
389908,1C90AECA81D412EF,classic_bike,2021-08-15 03:43:00,2021-08-15 03:58:01,4 Ave & E 12 St,5788,E 48 St & 3 Ave,6541,40.732647,-73.99011,40.7546011026,-73.971878855,casual
389913,3E59BAAF8BF2CC6C,classic_bike,2021-08-03 08:23:48,2021-08-03 08:48:10,W 84 St & Broadway,7409,E 48 St & 3 Ave,6541,40.7867947,-73.977112,40.7546011026,-73.971878855,member
389936,53DFC04E78ACD060,electric_bike,2021-08-30 14:23:15,2021-08-30 14:25:54,E 47 St & 2 Ave,6498,E 48 St & 3 Ave,6541,40.75323098,-73.97032517,40.7546011026,-73.971878855,member
389943,36BA4D1B55922989,classic_bike,2021-08-03 16:19:34,2021-08-03 16:21:44,E 47 St & 2 Ave,6498,E 48 St & 3 Ave,6541,40.75323098,-73.97032517,40.7546011026,-73.971878855,member
389944,AA749B4F3729CCD5,classic_bike,2021-08-18 23:21:08,2021-08-18 23:23:20,E 47 St & 2 Ave,6498,E 48 St & 3 Ave,6541,40.75323098,-73.97032517,40.7546011026,-73.971878855,member
389950,D03DD02A086E0A08,classic_bike,2021-08-26 13:58:14,2021-08-26 14:01:54,E 56 St & 3 Ave,6691,E 48 St & 3 Ave,6541,40.75934501,-73.96759673,40.7546011026,-73.971878855,casual
389986,37856C421FC5CECC,classic_bike,2021-08-29 21:50:34,2021-08-29 21:58:44,1 Ave & E 62 St,6753,E 48 St & 3 Ave,6541,40.7612274,-73.96094022,40.7546011026,-73.971878855,member
390012,C1AD4F103720F67B,classic_bike,2021-08-15 20:31:14,2021-08-15 20:32:24,E 47 St & 2 Ave,6498,E 48 St & 3 Ave,6541,40.75323098,-73.97032517,40.7546011026,-73.971878855,member
390015,05DC9275821BCF03,classic_bike,2021-08-12 08:11:48,2021-08-12 08:33:21,W 84 St & Columbus Ave,7382,E 48 St & 3 Ave,6541,40.78499979,-73.97283406,40.7546011026,-73.971878855,member
390019,1D32764FC91351C1,classic_bike,2021-08-31 21:53:30,2021-08-31 21:56:04,E 47 St & 2 Ave,6498,E 48 St & 3 Ave,6541,40.75323098,-73.97032517,40.7546011026,-73.971878855,casual
390021,9841E9A654B7F322,electric_bike,2021-08-06 22:45:09,2021-08-07 03:34:30,E 47 St & 2 Ave,6498,E 48 St & 3 Ave,6541,40.75323098,-73.97032517,40.7546011026,-73.971878855,casual
390022,2474807FF7F6CBD9,classic_bike,2021-08-14 13:06:02,2021-08-14 13:08:29,E 47 St & 2 Ave,6498,E 48 St & 3 Ave,6541,40.75323098,-73.97032517,40.7546011026,-73.971878855,casual
390074,58331054882E943B,classic_bike,2021-08-12 10:11:12,2021-08-12 10:29:52,Greenwich Ave & 8 Ave,6072,E 48 St & 3 Ave,6541,40.7390169121,-74.0026376103,40.7546011026,-73.971878855,member
390088,C95C517F641BB8FD,electric_bike,2021-08-26 17:38:12,2021-08-26 17:59:29,Greenwich Ave & 8 Ave,6072,E 48 St & 3 Ave,6541,40.7390169121,-74.0026376103,40.7546011026,-73.971878855,member
390122,4B59C951D84213E5,classic_bike,2021-08-21 00:27:09,2021-08-21 00:46:14,Greenwich Ave & 8 Ave,6072,E 48 St & 3 Ave,6541,40.7390169121,-74.0026376103,40.7546011026,-73.971878855,member
390125,01DFE77A17593FCF,classic_bike,2021-08-04 22:11:38,2021-08-04 22:27:30,E 27 St & Park Ave S,6131,E 48 St & 3 Ave,6541,40.74275179648995,-73.9847157150507,40.7546011026,-73.971878855,member
390158,E984F22125D03F98,classic_bike,2021-08-07 11:11:24,2021-08-07 11:21:39,E 27 St & Park Ave S,6131,E 48 St & 3 Ave,6541,40.74275179648995,-73.9847157150507,40.7546011026,-73.971878855,casual
390234,1E22D22C1AEE5834,electric_bike,2021-08-27 13:35:49,2021-08-27 13:52:46,Greenwich Ave & 8 Ave,6072,E 48 St & 3 Ave,6541,40.7390169121,-74.0026376103,40.7546011026,-73.971878855,member
390371,BBA90FED1A18F43A,classic_bike,2021-08-20 07:08:18,2021-08-20 07:27:56,E 97 St & 3 Ave,7365,E 48 St & 3 Ave,6541,40.7859201,-73.94860294,40.7546011026,-73.971878855,member
390416,A8CEBFA650E8B5B0,classic_bike,2021-08-18 08:13:13,2021-08-18 08:33:23,W 87 St & Amsterdam Ave,7458,E 48 St & 3 Ave,6541,40.78839,-73.9747,40.7546011026,-73.971878855,member
390438,F9D229BA2937DE2E,classic_bike,2021-08-31 07:09:18,2021-08-31 07:27:54,E 97 St & 3 Ave,7365,E 48 St & 3 Ave,6541,40.7859201,-73.94860294,40.7546011026,-73.971878855,member
390455,252E9E1A4743AE33,classic_bike,2021-08-13 07:51:19,2021-08-13 08:09:50,E 97 St & 3 Ave,7365,E 48 St & 3 Ave,6541,40.7859201,-73.94860294,40.7546011026,-73.971878855,member
390457,D1CBA0F26EA2A983,classic_bike,2021-08-17 08:37:34,2021-08-17 08:58:54,W 87 St & Amsterdam Ave,7458,E 48 St & 3 Ave,6541,40.78839,-73.9747,40.7546011026,-73.971878855,member
390493,183285AB37DE66E7,classic_bike,2021-08-24 20:53:06,2021-08-24 21:14:37,E 1 St & 1 Ave,5593,E 48 St & 3 Ave,6541,40.72335597960796,-73.98864984512329,40.7546011026,-73.971878855,casual
390522,F0182621AAB0F009,electric_bike,2021-08-16 17:53:38,2021-08-16 19:37:39,Washington St & Gansevoort St,6039,E 48 St & 3 Ave,6541,40.739323,-74.008119,40.7546011026,-73.971878855,member
390527,624B7CDC2688223C,classic_bike,2021-08-11 08:12:24,2021-08-11 08:28:25,Washington St & Gansevoort St,6039,E 48 St & 3 Ave,6541,40.739323,-74.008119,40.7546011026,-73.971878855,member
390550,4BF159D1AAFCA794,docked_bike,2021-08-26 09:53:31,2021-08-26 10:13:32,E 1 St & 1 Ave,5593,E 48 St & 3 Ave,6541,40.723356,-73.98865,40.754601,-73.971879,casual
390560,F33B886A9A16028A,classic_bike,2021-08-03 09:08:25,2021-08-03 09:30:14,Washington St & Gansevoort St,6039,E 48 St & 3 Ave,6541,40.739323,-74.008119,40.7546011026,-73.971878855,member
390620,DFDD6CA7D0673E91,classic_bike,2021-08-24 20:52:58,2021-08-24 21:14:39,E 1 St & 1 Ave,5593,E 48 St & 3 Ave,6541,40.72335597960796,-73.98864984512329,40.7546011026,-73.971878855,casual
390627,67BF57FE8B81E10C,classic_bike,2021-08-16 11:06:25,2021-08-16 11:11:51,W 51 St & 6 Ave,6740,E 48 St & 3 Ave,6541,40.7606597,-73.98042047,40.7546011026,-73.971878855,member
390638,56DB9547F6392ADE,classic_bike,2021-08-06 18:13:24,2021-08-06 18:22:35,8 Ave & W 52 St,6816,E 48 St & 3 Ave,6541,40.76370739,-73.9851615,40.7546011026,-73.971878855,member
390640,34FE8CC15D1F0891,classic_bike,2021-08-23 23:23:08,2021-08-23 23:42:38,8 Ave & W 52 St,6816,E 48 St & 3 Ave,6541,40.76370739,-73.9851615,40.7546011026,-73.971878855,member
390645,F53854E06C538274,classic_bike,2021-08-28 12:29:25,2021-08-28 12:43:34,W 18 St & 6 Ave,6064,E 48 St & 3 Ave,6541,40.73971301,-73.99456405,40.7546011026,-73.971878855,member
390646,6D955908ECE80FD2,classic_bike,2021-08-31 23:02:22,2021-08-31 23:13:40,8 Ave & W 52 St,6816,E 48 St & 3 Ave,6541,40.76370739,-73.9851615,40.7546011026,-73.971878855,member
390648,52E6D9BD8CE7AAD2,classic_bike,2021-08-04 14:46:11,2021-08-04 14:53:57,W 42 St & 6 Ave,6517,E 48 St & 3 Ave,6541,40.75492,-73.98455,40.7546011026,-73.971878855,member
390651,08B4FB9417979B1D,electric_bike,2021-08-02 22:25:14,2021-08-02 23:17:51,W 64 St & Thelonious Monk Circle,7123,E 48 St & 3 Ave,6541,40.77515953434235,-73.98918695747852,40.7546011026,-73.971878855,casual
390676,F8F6111FC970D02C,classic_bike,2021-08-06 08:34:35,2021-08-06 08:47:09,Broadway & W 56 St,6847,E 48 St & 3 Ave,6541,40.7652654,-73.98192338,40.7546011026,-73.971878855,member
390696,12D8B649A1FC9127,electric_bike,2021-08-03 07:43:29,2021-08-03 07:48:48,W 42 St & 6 Ave,6517,E 48 St & 3 Ave,6541,40.75492,-73.98455,40.7546011026,-73.971878855,member
390709,73071F6358046BD0,electric_bike,2021-08-10 17:34:39,2021-08-10 17:41:03,W 42 St & 6 Ave,6517,E 48 St & 3 Ave,6541,40.75492,-73.98455,40.7546011026,-73.971878855,casual
390731,FAEF901EBC8E0B16,classic_bike,2021-08-18 06:12:03,2021-08-18 06:24:42,W 33 St & 7 Ave,6407,E 48 St & 3 Ave,6541,40.75019995,-73.99093085,40.7546011026,-73.971878855,member
390738,EA6D958F97391BF2,classic_bike,2021-08-12 09:41:50,2021-08-12 09:54:18,Broadway & W 56 St,6847,E 48 St & 3 Ave,6541,40.7652654,-73.98192338,40.7546011026,-73.971878855,member
390745,47903CE6163921FA,electric_bike,2021-08-10 09:05:31,2021-08-10 09:13:33,Broadway & W 56 St,6847,E 48 St & 3 Ave,6541,40.7652654,-73.98192338,40.7546011026,-73.971878855,member
390754,C08F571F18030D46,classic_bike,2021-08-05 21:16:45,2021-08-05 21:22:53,W 42 St & 6 Ave,6517,E 48 St & 3 Ave,6541,40.75492,-73.98455,40.7546011026,-73.971878855,member
390756,4999C291B545E2E2,classic_bike,2021-08-27 20:02:22,2021-08-27 20:10:27,Broadway & W 56 St,6847,E 48 St & 3 Ave,6541,40.7652654,-73.98192338,40.7546011026,-73.971878855,casual
390797,B604E940B807AFB4,classic_bike,2021-08-08 11:01:41,2021-08-08 11:10:09,W 42 St & 6 Ave,6517,E 48 St & 3 Ave,6541,40.75492,-73.98455,40.7546011026,-73.971878855,member
390806,76B1488D8D415545,classic_bike,2021-08-03 00:11:53,2021-08-03 00:18:15,W 42 St & 6 Ave,6517,E 48 St & 3 Ave,6541,40.75492,-73.98455,40.7546011026,-73.971878855,member
390810,D9077F76EB0454FD,classic_bike,2021-08-19 09:54:04,2021-08-19 10:01:16,Broadway & W 56 St,6847,E 48 St & 3 Ave,6541,40.7652654,-73.98192338,40.7546011026,-73.971878855,member
390813,9D317028F9BB52E0,classic_bike,2021-08-17 16:35:22,2021-08-17 16:49:23,W 18 St & 6 Ave,6064,E 48 St & 3 Ave,6541,40.73971301,-73.99456405,40.7546011026,-73.971878855,member
390825,7C8A4817232D1045,electric_bike,2021-08-25 20:43:44,2021-08-25 20:51:21,8 Ave & W 52 St,6816,E 48 St & 3 Ave,6541,40.76370739,-73.9851615,40.7546011026,-73.971878855,member
390833,4EB2D05FD7C31166,classic_bike,2021-08-04 07:55:13,2021-08-04 08:00:46,W 42 St & 6 Ave,6517,E 48 St & 3 Ave,6541,40.75492,-73.98455,40.7546011026,-73.971878855,casual
390857,809BDCE3F69C6E1C,electric_bike,2021-08-28 19:40:12,2021-08-28 20:09:44,E 138 St & Willow Ave,7654,E 48 St & 3 Ave,6541,40.804168,-73.911545,40.7546011026,-73.971878855,member
390859,AFEFD371DD4F6F3B,electric_bike,2021-08-11 16:52:25,2021-08-11 17:06:27,W 18 St & 6 Ave,6064,E 48 St & 3 Ave,6541,40.73971301,-73.99456405,40.7546011026,-73.971878855,member
390860,4FE5493C8B0C9C22,classic_bike,2021-08-20 08:38:55,2021-08-20 09:00:35,W 42 St & 6 Ave,6517,E 48 St & 3 Ave,6541,40.75492,-73.98455,40.7546011026,-73.971878855,member
390865,8D333905ED20A54A,electric_bike,2021-08-07 22:52:06,2021-08-07 23:11:53,W 42 St & 6 Ave,6517,E 48 St & 3 Ave,6541,40.75492,-73.98455,40.7546011026,-73.971878855,casual
390877,49CD5E77ACE36F4C,classic_bike,2021-08-21 15:36:54,2021-08-21 16:07:54,W 18 St & 6 Ave,6064,E 48 St & 3 Ave,6541,40.73971301,-73.99456405,40.7546011026,-73.971878855,casual
390930,69FA9973ABBB47FA,classic_bike,2021-08-30 14:01:45,2021-08-30 14:13:23,W 41 St & 8 Ave,6602,E 48 St & 3 Ave,6541,40.75640548,-73.9900262,40.7546011026,-73.971878855,member
390931,053275880D07C6B0,classic_bike,2021-08-02 19:48:11,2021-08-02 19:58:28,W 41 St & 8 Ave,6602,E 48 St & 3 Ave,6541,40.75640548,-73.9900262,40.7546011026,-73.971878855,member
390932,F9A41DD128F272C7,classic_bike,2021-08-19 06:00:19,2021-08-19 06:07:48,W 41 St & 8 Ave,6602,E 48 St & 3 Ave,6541,40.75640548,-73.9900262,40.7546011026,-73.971878855,member
390938,8212BA646CCE6FAA,classic_bike,2021-08-11 08:29:46,2021-08-11 08:34:49,W 44 St & 5 Ave,6551,E 48 St & 3 Ave,6541,40.75500254,-73.98014437,40.7546011026,-73.971878855,member
390974,25C2301C73015DE8,classic_bike,2021-08-23 22:40:53,2021-08-23 22:49:47,W 41 St & 8 Ave,6602,E 48 St & 3 Ave,6541,40.75640548,-73.9900262,40.7546011026,-73.971878855,casual
390978,D263873F63404BD8,classic_bike,2021-08-09 08:09:01,2021-08-09 08:20:41,W 41 St & 8 Ave,6602,E 48 St & 3 Ave,6541,40.75640548,-73.9900262,40.7546011026,-73.971878855,casual
391021,22303BF903728093,classic_bike,2021-08-20 05:54:50,2021-08-20 06:02:43,W 41 St & 8 Ave,6602,E 48 St & 3 Ave,6541,40.75640548,-73.9900262,40.7546011026,-73.971878855,member
391064,C7890FC6D33ADB0A,electric_bike,2021-08-14 11:30:30,2021-08-14 11:53:56,5 Ave & E 72 St,7100,E 48 St & 3 Ave,6541,40.77282817,-73.96685276,40.7546011026,-73.971878855,member
391065,4EF1413EE9094BF0,classic_bike,2021-08-19 08:21:27,2021-08-19 08:39:13,Amsterdam Ave & W 79 St,7311,E 48 St & 3 Ave,6541,40.7829391,-73.9786517,40.7546011026,-73.971878855,member
391071,09E1620A26078FDC,classic_bike,2021-08-11 08:22:05,2021-08-11 08:39:21,Central Park West & W 85 St,7354,E 48 St & 3 Ave,6541,40.78476,-73.969862,40.7546011026,-73.971878855,member
391073,F09F5A4883D4348C,classic_bike,2021-08-05 19:03:33,2021-08-05 19:18:35,5 Ave & E 72 St,7100,E 48 St & 3 Ave,6541,40.77282817,-73.96685276,40.7546011026,-73.971878855,member
391117,1CF0A8EE76F329D1,classic_bike,2021-08-21 13:29:45,2021-08-21 13:45:05,Central Park West & W 76 St,7253,E 48 St & 3 Ave,6541,40.77896784,-73.97374737,40.7546011026,-73.971878855,member
391122,80617FB8E393DC4C,electric_bike,2021-08-19 17:35:55,2021-08-19 17:39:03,E 44 St & 2 Ave,6422,E 48 St & 3 Ave,6541,40.75118387463277,-73.97138714790344,40.7546011026,-73.971878855,member
391136,5B64374272408A37,electric_bike,2021-08-19 16:26:01,2021-08-19 16:34:52,W 43 St & 10 Ave,6756,E 48 St & 3 Ave,6541,40.76009437,-73.99461843,40.7546011026,-73.971878855,member
391151,CB30429F7EAD0B19,electric_bike,2021-08-06 21:09:37,2021-08-06 22:32:20,E 44 St & 2 Ave,6422,E 48 St & 3 Ave,6541,40.75118387463277,-73.97138714790344,40.7546011026,-73.971878855,casual
391156,D33E20702BE7C6B1,classic_bike,2021-08-31 20:35:57,2021-08-31 20:47:45,W 43 St & 10 Ave,6756,E 48 St & 3 Ave,6541,40.76009437,-73.99461843,40.7546011026,-73.971878855,casual
391163,BF95DB380B21F20C,electric_bike,2021-08-26 08:58:24,2021-08-26 09:10:06,W 26 St & 10 Ave,6382,E 48 St & 3 Ave,6541,40.749717753,-74.002950346,40.7546011026,-73.971878855,member
391168,A1A05EB07F54A161,classic_bike,2021-08-25 22:26:37,2021-08-25 22:34:39,E 58 St & 1 Ave (NW Corner),6723,E 48 St & 3 Ave,6541,40.759125,-73.962658,40.7546011026,-73.971878855,member
391174,631849DEBB5819CF,electric_bike,2021-08-13 09:25:01,2021-08-13 09:38:54,W 43 St & 10 Ave,6756,E 48 St & 3 Ave,6541,40.76009437,-73.99461843,40.7546011026,-73.971878855,casual
391202,2216303211CE1507,classic_bike,2021-08-26 09:17:04,2021-08-26 09:25:29,W 43 St & 10 Ave,6756,E 48 St & 3 Ave,6541,40.76009437,-73.99461843,40.7546011026,-73.971878855,member
391215,67DF5F03401ADF24,electric_bike,2021-08-02 09:07:37,2021-08-02 09:12:35,E 58 St & 1 Ave (NW Corner),6723,E 48 St & 3 Ave,6541,40.759125,-73.962658,40.7546011026,-73.971878855,casual
391250,D2560D7A441A21DE,electric_bike,2021-08-08 21:08:05,2021-08-08 21:09:39,E 47 St & 1 Ave,6498,E 48 St & 3 Ave,6541,40.75206862,-73.96784384,40.7546011026,-73.971878855,member
391252,A2754DFBB537B04E,classic_bike,2021-08-06 15:04:21,2021-08-06 15:10:31,W 44 St & 5 Ave,6551,E 48 St & 3 Ave,6541,40.75500254,-73.98014437,40.7546011026,-73.971878855,member
391270,90F1A9D30D5C65E2,electric_bike,2021-08-13 16:50:37,2021-08-13 17:18:04,Pier 40 - Hudson River Park,5696,E 48 St & 3 Ave,6541,40.7277140777778,-74.01129573583603,40.7546011026,-73.971878855,casual
391273,7CFD0636D175F0B7,classic_bike,2021-08-07 16:29:46,2021-08-07 17:28:36,Warren St & W Broadway,5288,E 48 St & 3 Ave,6541,40.71473993,-74.00910627,40.7546011026,-73.971878855,casual
391328,068CCC6ADA0BB3DB,classic_bike,2021-08-02 09:36:05,2021-08-02 10:00:13,W 63 St & Broadway,7052,E 48 St & 3 Ave,6541,40.77163851,-73.98261428,40.7546011026,-73.971878855,casual
391331,819E1B02364ED78D,electric_bike,2021-08-11 08:24:46,2021-08-11 08:39:28,Carmine St & 6 Ave,5763,E 48 St & 3 Ave,6541,40.73038599,-74.00214988,40.7546011026,-73.971878855,member
391333,BB22159ADF5032F7,electric_bike,2021-08-03 21:37:54,2021-08-03 21:47:58,W 63 St & Broadway,7052,E 48 St & 3 Ave,6541,40.77163851,-73.98261428,40.7546011026,-73.971878855,member
391386,6B33E537F4AE1D45,classic_bike,2021-08-11 08:51:55,2021-08-11 09:10:51,E 74 St & 1 Ave,6953,E 48 St & 3 Ave,6541,40.7689738,-73.95482273,40.7546011026,-73.971878855,member
391390,F4CCCE9BF17DA2B4,electric_bike,2021-08-25 08:54:44,2021-08-25 09:04:30,E 74 St & 1 Ave,6953,E 48 St & 3 Ave,6541,40.7689738,-73.95482273,40.7546011026,-73.971878855,member
391412,6786A91A57ADBEDE,classic_bike,2021-08-06 13:18:17,2021-08-06 13:21:37,Pershing Square North,6432,E 48 St & 3 Ave,6541,40.751873,-73.977706,40.7546011026,-73.971878855,member
391431,1DA549F504B264C6,classic_bike,2021-08-30 08:28:27,2021-08-30 08:44:16,E 74 St & 1 Ave,6953,E 48 St & 3 Ave,6541,40.7689738,-73.95482273,40.7546011026,-73.971878855,member
391447,5A75FD238D08B540,electric_bike,2021-08-23 08:51:29,2021-08-23 09:00:04,E 74 St & 1 Ave,6953,E 48 St & 3 Ave,6541,40.7689738,-73.95482273,40.7546011026,-73.971878855,member
391472,C1CC29AEF51D667D,classic_bike,2021-08-02 10:06:03,2021-08-02 10:40:36,Myrtle Ave & Fleet Pl,4628,E 48 St & 3 Ave,6541,40.693534,-73.981909,40.7546011026,-73.971878855,member
391474,649EED861CD005A6,classic_bike,2021-08-11 13:44:03,2021-08-11 13:48:25,Pershing Square North,6432,E 48 St & 3 Ave,6541,40.751873,-73.977706,40.7546011026,-73.971878855,member
391479,24EF66D985A87882,classic_bike,2021-08-09 16:35:36,2021-08-09 16:38:34,Pershing Square North,6432,E 48 St & 3 Ave,6541,40.751873,-73.977706,40.7546011026,-73.971878855,member
391515,77B6DDD140519F12,classic_bike,2021-08-09 15:45:50,2021-08-09 16:05:59,W 20 St & 10 Ave,6306,E 48 St & 3 Ave,6541,40.745686,-74.005141,40.7546011026,-73.971878855,member
391536,FC002C86BB24A9F1,classic_bike,2021-08-19 16:58:27,2021-08-19 17:09:46,W 36 St & 9 Ave,6569,E 48 St & 3 Ave,6541,40.75462324029105,-73.99516761302948,40.7546011026,-73.971878855,casual
391642,912E7250233A6F11,classic_bike,2021-08-11 00:55:29,2021-08-11 01:26:27,Christopher St & Greenwich St,5847,E 48 St & 3 Ave,6541,40.73291553,-74.00711384,40.7546011026,-73.971878855,casual
391685,A00FB32C910A4A05,classic_bike,2021-08-29 17:56:06,2021-08-29 18:31:36,Greenwich St & Hubert St,5470,E 48 St & 3 Ave,6541,40.721319,-74.010065,40.7546011026,-73.971878855,casual
391732,B0062CAC910A0516,electric_bike,2021-08-06 12:04:30,2021-08-06 12:11:41,E 60 St & York Ave,6682,E 48 St & 3 Ave,6541,40.759107,-73.959223,40.7546011026,-73.971878855,member
391743,3C9633AA44AF7E07,classic_bike,2021-08-17 08:16:11,2021-08-17 08:27:25,Broadway & W 36 St,6441,E 48 St & 3 Ave,6541,40.75097711,-73.98765428,40.7546011026,-73.971878855,member
391753,BA3622896A246ECB,electric_bike,2021-08-04 12:03:21,2021-08-04 12:10:22,W 50 St & 9 Ave,6854,E 48 St & 3 Ave,6541,40.76360467795863,-73.98917958140373,40.7546011026,-73.971878855,member
391774,58874952B32D14C2,classic_bike,2021-08-15 03:36:46,2021-08-15 03:55:44,E 11 St & 1 Ave,5746,E 48 St & 3 Ave,6541,40.72953837,-73.98426726,40.7546011026,-73.971878855,casual
391784,1A1F892EE5E7FE47,electric_bike,2021-08-07 12:20:25,2021-08-07 12:29:39,Broadway & W 36 St,6441,E 48 St & 3 Ave,6541,40.75097711,-73.98765428,40.7546011026,-73.971878855,casual
391805,945333A3F8C1027A,classic_bike,2021-08-20 13:33:00,2021-08-20 13:38:07,1 Ave & E 44 St,6379,E 48 St & 3 Ave,6541,40.75001986,-73.96905301,40.7546011026,-73.971878855,member
391808,59BB1659AFB74696,classic_bike,2021-08-24 23:45:59,2021-08-25 00:06:22,8 Ave & W 49 St,6747,E 48 St & 3 Ave,6541,40.76171227910671,-73.98655101656914,40.7546011026,-73.971878855,member
391821,56C781A292553B57,classic_bike,2021-08-10 16:22:07,2021-08-10 16:29:08,Lexington Ave & E 36 St,6313,E 48 St & 3 Ave,6541,40.7475739589548,-73.9788007736206,40.7546011026,-73.971878855,member
391834,8BEDBFC2202AE160,classic_bike,2021-08-27 02:24:10,2021-08-27 02:28:25,Lexington Ave & E 36 St,6313,E 48 St & 3 Ave,6541,40.7475739589548,-73.9788007736206,40.7546011026,-73.971878855,member
391836,B399DE8EC778C4B3,electric_bike,2021-08-09 15:13:29,2021-08-09 15:19:24,Lexington Ave & E 36 St,6313,E 48 St & 3 Ave,6541,40.7475739589548,-73.9788007736206,40.7546011026,-73.971878855,member
391840,9ABA2FC915A66A6E,classic_bike,2021-08-19 17:37:40,2021-08-19 18:18:17,Central Park North & Adam Clayton Powell Blvd,7617,E 48 St & 3 Ave,6541,40.799484,-73.955613,40.7546011026,-73.971878855,member
391842,A2C8291D0DEE20D4,classic_bike,2021-08-05 08:50:53,2021-08-05 08:55:14,Lexington Ave & E 36 St,6313,E 48 St & 3 Ave,6541,40.7475739589548,-73.9788007736206,40.7546011026,-73.971878855,member
391845,B021D7E0299DEED1,classic_bike,2021-08-29 19:03:57,2021-08-29 19:09:03,Lexington Ave & E 36 St,6313,E 48 St & 3 Ave,6541,40.7475739589548,-73.9788007736206,40.7546011026,-73.971878855,member
391849,672204A4AFFE03F8,classic_bike,2021-08-28 11:29:30,2021-08-28 12:07:09,Central Park North & Adam Clayton Powell Blvd,7617,E 48 St & 3 Ave,6541,40.799484,-73.955613,40.7546011026,-73.971878855,casual
391856,DD492152CB76A9E5,classic_bike,2021-08-01 11:22:36,2021-08-01 11:30:58,Lexington Ave & E 36 St,6313,E 48 St & 3 Ave,6541,40.7475739589548,-73.9788007736206,40.7546011026,-73.971878855,casual
391911,A2468575996DBF74,classic_bike,2021-08-16 19:13:54,2021-08-16 19:25:57,Lexington Ave & E 36 St,6313,E 48 St & 3 Ave,6541,40.7475739589548,-73.9788007736206,40.7546011026,-73.971878855,member
391914,312161A69B955BEF,electric_bike,2021-08-10 13:59:32,2021-08-10 14:03:24,Lexington Ave & E 36 St,6313,E 48 St & 3 Ave,6541,40.7475739589548,-73.9788007736206,40.7546011026,-73.971878855,member
391915,8C2E2F296E8B4764,classic_bike,2021-08-14 18:41:13,2021-08-14 18:44:23,Lexington Ave & E 36 St,6313,E 48 St & 3 Ave,6541,40.7475739589548,-73.9788007736206,40.7546011026,-73.971878855,member
391968,ED1B432D39869A33,electric_bike,2021-08-12 12:14:32,2021-08-12 12:19:31,Lexington Ave & E 36 St,6313,E 48 St & 3 Ave,6541,40.7475739589548,-73.9788007736206,40.7546011026,-73.971878855,member
391975,28A839E2FBAF171E,classic_bike,2021-08-12 07:39:59,2021-08-12 07:56:55,E 95 St & 3 Ave,7365,E 48 St & 3 Ave,6541,40.7849032,-73.950503,40.7546011026,-73.971878855,member
391997,34EB18B2E8F1E2A2,electric_bike,2021-08-02 13:17:32,2021-08-02 13:22:06,E 59 St & Madison Ave,6801,E 48 St & 3 Ave,6541,40.76350532,-73.97109243,40.7546011026,-73.971878855,member
392012,9EF9F6ECA13DF7B7,classic_bike,2021-08-02 06:26:39,2021-08-02 06:45:16,E 11 St & 1 Ave,5746,E 48 St & 3 Ave,6541,40.72953837,-73.98426726,40.7546011026,-73.971878855,casual
392022,67DD006C389114D1,classic_bike,2021-08-15 18:12:20,2021-08-15 18:22:14,Broadway & W 36 St,6441,E 48 St & 3 Ave,6541,40.75097711,-73.98765428,40.7546011026,-73.971878855,casual
392047,A6B6D1A60F4CDF0B,classic_bike,2021-08-02 09:02:32,2021-08-02 09:09:20,Broadway & W 36 St,6441,E 48 St & 3 Ave,6541,40.75097711,-73.98765428,40.7546011026,-73.971878855,member
392048,1F55F3B20D894D18,classic_bike,2021-08-26 19:49:43,2021-08-26 20:02:38,W 50 St & 9 Ave,6854,E 48 St & 3 Ave,6541,40.76360467795863,-73.98917958140373,40.7546011026,-73.971878855,member
392060,E251BBFE0B96D87F,classic_bike,2021-08-19 06:22:52,2021-08-19 06:32:10,Broadway & W 38 St,6560,E 48 St & 3 Ave,6541,40.7529728216068,-73.98734897375107,40.7546011026,-73.971878855,member
392067,6ED76979A9E1B189,electric_bike,2021-08-18 08:53:50,2021-08-18 09:01:01,Broadway & W 25 St,6173,E 48 St & 3 Ave,6541,40.74286877312112,-73.98918628692627,40.7546011026,-73.971878855,member
392116,706E03107CEEC86D,classic_bike,2021-08-11 12:36:28,2021-08-11 13:05:29,Mott St & Prince St,5561,E 48 St & 3 Ave,6541,40.72317958,-73.99480012,40.7546011026,-73.971878855,casual
392119,F1ABD2825AC0E6A6,classic_bike,2021-08-21 18:36:55,2021-08-21 18:52:47,11 Ave & W 41 St,6726,E 48 St & 3 Ave,6541,40.76030096,-73.99884222,40.7546011026,-73.971878855,member
392172,551D00B210A6DCCE,electric_bike,2021-08-20 13:56:11,2021-08-20 14:10:46,W 31 St & 7 Ave,6331,E 48 St & 3 Ave,6541,40.749156,-73.9916,40.7546011026,-73.971878855,casual
392180,065E5D2B796C1665,classic_bike,2021-08-14 06:19:59,2021-08-14 06:27:08,E 39 St & 2 Ave,6345,E 48 St & 3 Ave,6541,40.74803319428767,-73.973827958107,40.7546011026,-73.971878855,casual
392189,0838C71B40746155,classic_bike,2021-08-19 08:47:53,2021-08-19 09:17:50,Division St & Bowery,5270,E 48 St & 3 Ave,6541,40.714193,-73.996732,40.7546011026,-73.971878855,member
392222,C59B2596295E0B0B,classic_bike,2021-08-16 06:18:35,2021-08-16 06:25:45,Broadway & W 38 St,6560,E 48 St & 3 Ave,6541,40.7529728216068,-73.98734897375107,40.7546011026,-73.971878855,member
392256,7A6CFFBC2CCA7E45,classic_bike,2021-08-04 08:14:10,2021-08-04 08:35:55,Riverside Dr & W 82 St,7388,E 48 St & 3 Ave,6541,40.78720869,-73.98128127,40.7546011026,-73.971878855,member
392266,1C8C83EAC755CC63,classic_bike,2021-08-01 12:46:12,2021-08-01 12:58:52,Broadway & E 14 St,5905,E 48 St & 3 Ave,6541,40.73454567,-73.99074142,40.7546011026,-73.971878855,member
392281,785268C2E5DFE6FB,electric_bike,2021-08-29 19:16:34,2021-08-29 19:25:51,7 Ave & Central Park South,6912,E 48 St & 3 Ave,6541,40.7667405590595,-73.9790689945221,40.7546011026,-73.971878855,member
392323,210ECFD29EF71134,classic_bike,2021-08-09 11:56:11,2021-08-09 12:21:41,Broadway & E 14 St,5905,E 48 St & 3 Ave,6541,40.73454567,-73.99074142,40.7546011026,-73.971878855,casual
392481,915DDD6C9D6BFF68,classic_bike,2021-08-15 21:02:22,2021-08-15 21:15:18,W 43 St & 10 Ave,6756,E 48 St & 3 Ave,6541,40.76009437,-73.99461843,40.7546011026,-73.971878855,member
392497,7C3B7A0A45947BB9,classic_bike,2021-08-18 08:17:43,2021-08-18 08:49:50,Roosevelt Island Tramway,6599,E 48 St & 3 Ave,6541,40.757284,-73.9536,40.7546011026,-73.971878855,member
392514,8123E9DA36911B50,electric_bike,2021-08-13 09:15:30,2021-08-13 09:21:56,W 50 St & 9 Ave,6854,E 48 St & 3 Ave,6541,40.76360467795863,-73.98917958140373,40.7546011026,-73.971878855,member
392524,B22F471649181B2E,classic_bike,2021-08-06 17:38:22,2021-08-06 18:05:09,W 10 St & Washington St,5847,E 48 St & 3 Ave,6541,40.73342399437081,-74.00851495563984,40.7546011026,-73.971878855,member
392551,A097FAC1008C1239,classic_bike,2021-08-21 01:41:22,2021-08-21 01:50:18,E 58 St & 1 Ave (NW Corner),6723,E 48 St & 3 Ave,6541,40.759125,-73.962658,40.7546011026,-73.971878855,member
392568,414906793BF6768F,classic_bike,2021-08-21 19:45:56,2021-08-21 20:07:15,5 Ave & E 78 St,7161,E 48 St & 3 Ave,6541,40.77632142182271,-73.96427392959595,40.7546011026,-73.971878855,member
392603,F0521288327812C6,classic_bike,2021-08-13 15:30:49,2021-08-13 15:46:55,E 44 St & 2 Ave,6422,E 48 St & 3 Ave,6541,40.75118387463277,-73.97138714790344,40.7546011026,-73.971878855,member
392637,BA0E3B737D590BF6,electric_bike,2021-08-04 11:33:18,2021-08-04 11:45:09,Lexington Ave & E 36 St,6313,E 48 St & 3 Ave,6541,40.7475739589548,-73.9788007736206,40.7546011026,-73.971878855,casual
392661,88899E9E426A2BFD,classic_bike,2021-08-13 09:05:30,2021-08-13 09:18:24,W 56 St & 10 Ave,6955,E 48 St & 3 Ave,6541,40.768254,-73.988639,40.7546011026,-73.971878855,member
392666,A36578F74118E249,classic_bike,2021-08-10 08:53:05,2021-08-10 09:01:39,2 Ave & E 72 St,6925,E 48 St & 3 Ave,6541,40.7687620293096,-73.95840793848038,40.7546011026,-73.971878855,member
392667,E7556CF3987525F8,classic_bike,2021-08-09 08:50:32,2021-08-09 09:00:13,2 Ave & E 72 St,6925,E 48 St & 3 Ave,6541,40.7687620293096,-73.95840793848038,40.7546011026,-73.971878855,member
392681,FBE7FE96B407426E,classic_bike,2021-08-13 08:49:08,2021-08-13 08:58:40,2 Ave & E 72 St,6925,E 48 St & 3 Ave,6541,40.7687620293096,-73.95840793848038,40.7546011026,-73.971878855,member
392683,4274732F2532F06C,classic_bike,2021-08-17 08:27:08,2021-08-17 08:40:42,2 Ave & E 72 St,6925,E 48 St & 3 Ave,6541,40.7687620293096,-73.95840793848038,40.7546011026,-73.971878855,member
392738,94FD17024BA790AE,classic_bike,2021-08-15 13:57:39,2021-08-15 14:31:08,W 59 St & 10 Ave,7023,E 48 St & 3 Ave,6541,40.770513,-73.988038,40.7546011026,-73.971878855,casual
392767,B92BFC57B05851AE,classic_bike,2021-08-03 09:21:57,2021-08-03 09:30:11,Broadway & W 36 St,6441,E 48 St & 3 Ave,6541,40.75097711,-73.98765428,40.7546011026,-73.971878855,member
392813,7311307EECBD0DB8,electric_bike,2021-08-17 13:15:18,2021-08-17 13:27:12,W 59 St & 10 Ave,7023,E 48 St & 3 Ave,6541,40.770513,-73.988038,40.7546011026,-73.971878855,casual
392824,EE359DF857935D8C,classic_bike,2021-08-13 19:35:23,2021-08-13 20:16:06,Delancey St & Eldridge St,5414,E 48 St & 3 Ave,6541,40.719383,-73.991479,40.7546011026,-73.971878855,casual
392837,8A6B6361E0CB4315,classic_bike,2021-08-01 21:32:51,2021-08-01 21:41:17,W 42 St & 6 Ave,6517,E 48 St & 3 Ave,6541,40.75492,-73.98455,40.7546011026,-73.971878855,member
392841,4CE410620B2E3B1F,electric_bike,2021-08-06 08:19:02,2021-08-06 08:24:10,W 42 St & 6 Ave,6517,E 48 St & 3 Ave,6541,40.75492,-73.98455,40.7546011026,-73.971878855,member
392846,33383A85A3F194BD,classic_bike,2021-08-23 21:24:03,2021-08-23 21:31:27,W 42 St & 6 Ave,6517,E 48 St & 3 Ave,6541,40.75492,-73.98455,40.7546011026,-73.971878855,member
392863,FA1B06FE284B2DFF,classic_bike,2021-08-17 17:20:54,2021-08-17 17:38:57,W 59 St & 10 Ave,7023,E 48 St & 3 Ave,6541,40.770513,-73.988038,40.7546011026,-73.971878855,member
392892,07214414D5AD2C39,classic_bike,2021-08-09 09:05:21,2021-08-09 09:13:26,W 42 St & 6 Ave,6517,E 48 St & 3 Ave,6541,40.75492,-73.98455,40.7546011026,-73.971878855,member
392898,08AE46D00678140D,classic_bike,2021-08-21 03:41:05,2021-08-21 03:54:18,W 18 St & 6 Ave,6064,E 48 St & 3 Ave,6541,40.73971301,-73.99456405,40.7546011026,-73.971878855,casual
392906,0D89B8C7848EFEBE,classic_bike,2021-08-21 19:01:38,2021-08-21 19:54:17,E 5 St & Cooper Sq,5712,E 48 St & 3 Ave,6541,40.72769,-73.990993,40.7546011026,-73.971878855,member
392915,D1D1F435862A9164,electric_bike,2021-08-30 09:10:44,2021-08-30 09:20:25,E 15 St & 3 Ave,5863,E 48 St & 3 Ave,6541,40.734232,-73.986923,40.7546011026,-73.971878855,member
392921,E1AE9B37EA26F7DB,classic_bike,2021-08-06 13:24:58,2021-08-06 13:27:22,E 44 St & Lexington Ave,6464,E 48 St & 3 Ave,6541,40.752643,-73.974996,40.7546011026,-73.971878855,member
392926,041C56D66E1CF2A5,classic_bike,2021-08-31 09:23:29,2021-08-31 09:52:32,Riverside Dr & W 78 St,7340,E 48 St & 3 Ave,6541,40.78414472,-73.98362492,40.7546011026,-73.971878855,member
392943,25A582D2DABC9899,classic_bike,2021-08-04 16:28:36,2021-08-04 16:40:58,E 15 St & 3 Ave,5863,E 48 St & 3 Ave,6541,40.734232,-73.986923,40.7546011026,-73.971878855,member
392960,0CF161C54B8BA33A,classic_bike,2021-08-28 07:28:23,2021-08-28 07:32:22,E 44 St & Lexington Ave,6464,E 48 St & 3 Ave,6541,40.752643,-73.974996,40.7546011026,-73.971878855,member
393015,2B9D60EC226F37A9,classic_bike,2021-08-21 17:24:02,2021-08-21 17:26:11,E 44 St & Lexington Ave,6464,E 48 St & 3 Ave,6541,40.752643,-73.974996,40.7546011026,-73.971878855,member
393028,D416813B908870FA,classic_bike,2021-08-14 11:20:02,2021-08-14 11:42:05,E 15 St & 3 Ave,5863,E 48 St & 3 Ave,6541,40.734232,-73.986923,40.7546011026,-73.971878855,member
393029,100349D4266995AA,classic_bike,2021-08-10 06:29:47,2021-08-10 06:33:02,E 44 St & Lexington Ave,6464,E 48 St & 3 Ave,6541,40.752643,-73.974996,40.7546011026,-73.971878855,member
393067,39F3309EC34ADABF,electric_bike,2021-08-04 08:39:51,2021-08-04 08:59:51,Rivington St & Ridge St,5406,E 48 St & 3 Ave,6541,40.71850211,-73.98329859,40.7546011026,-73.971878855,member
393069,9670107AF37277E0,classic_bike,2021-08-10 09:28:34,2021-08-10 09:34:31,2 Ave & E 55 St,6650,E 48 St & 3 Ave,6541,40.757920208794026,-73.96638214588165,40.7546011026,-73.971878855,member
393074,59EA6ECA97079586,classic_bike,2021-08-24 21:55:31,2021-08-24 22:01:30,E 44 St & Lexington Ave,6464,E 48 St & 3 Ave,6541,40.752643,-73.974996,40.7546011026,-73.971878855,casual
393078,BD9420AD956C5F5B,classic_bike,2021-08-21 08:20:29,2021-08-21 08:24:25,E 44 St & Lexington Ave,6464,E 48 St & 3 Ave,6541,40.752643,-73.974996,40.7546011026,-73.971878855,member
393099,8452B9559A99B5C0,classic_bike,2021-08-26 21:09:51,2021-08-26 21:20:27,2 Ave & E 55 St,6650,E 48 St & 3 Ave,6541,40.757920208794026,-73.96638214588165,40.7546011026,-73.971878855,casual
393105,0A907D95D9A2F03F,classic_bike,2021-08-27 14:33:53,2021-08-27 14:47:43,E 5 St & Cooper Sq,5712,E 48 St & 3 Ave,6541,40.72769,-73.990993,40.7546011026,-73.971878855,member
393108,3E0DA4CC63DA663D,classic_bike,2021-08-18 12:31:57,2021-08-18 12:53:17,Riverside Dr & W 78 St,7340,E 48 St & 3 Ave,6541,40.78414472,-73.98362492,40.7546011026,-73.971878855,member
393110,972751D24A7A22F3,classic_bike,2021-08-05 12:33:31,2021-08-05 12:36:44,E 44 St & Lexington Ave,6464,E 48 St & 3 Ave,6541,40.752643,-73.974996,40.7546011026,-73.971878855,member
393113,BE63F3C9C51D5E37,classic_bike,2021-08-03 12:04:56,2021-08-03 12:10:05,E 44 St & Lexington Ave,6464,E 48 St & 3 Ave,6541,40.752643,-73.974996,40.7546011026,-73.971878855,member
393125,30F345070CA5CDDD,classic_bike,2021-08-22 12:01:03,2021-08-22 12:03:38,E 44 St & Lexington Ave,6464,E 48 St & 3 Ave,6541,40.752643,-73.974996,40.7546011026,-73.971878855,member
393127,54AF9A10FEE6AC23,classic_bike,2021-08-17 09:31:48,2021-08-17 09:48:39,2 Ave & E 55 St,6650,E 48 St & 3 Ave,6541,40.757920208794026,-73.96638214588165,40.7546011026,-73.971878855,casual
393138,EA31C76E53F2F3A6,classic_bike,2021-08-31 07:54:12,2021-08-31 07:56:56,E 44 St & Lexington Ave,6464,E 48 St & 3 Ave,6541,40.752643,-73.974996,40.7546011026,-73.971878855,member
393141,D9E57D8B9D11323E,classic_bike,2021-08-26 21:09:55,2021-08-26 21:19:52,2 Ave & E 55 St,6650,E 48 St & 3 Ave,6541,40.757920208794026,-73.96638214588165,40.7546011026,-73.971878855,member
393156,A2BF8FDDFDE8160C,classic_bike,2021-08-02 08:59:07,2021-08-02 09:22:51,Rivington St & Ridge St,5406,E 48 St & 3 Ave,6541,40.71850211,-73.98329859,40.7546011026,-73.971878855,member
393157,6C7017E7DC0955E4,classic_bike,2021-08-26 12:30:08,2021-08-26 12:32:34,E 44 St & Lexington Ave,6464,E 48 St & 3 Ave,6541,40.752643,-73.974996,40.7546011026,-73.971878855,member
393219,3F2A87EDFDBE9D1E,classic_bike,2021-08-03 23:49:12,2021-08-03 23:57:43,2 Ave & E 31 St,6197,E 48 St & 3 Ave,6541,40.74290902,-73.97706058,40.7546011026,-73.971878855,member
393223,A92C106720C1E673,classic_bike,2021-08-13 11:26:15,2021-08-13 11:28:17,E 47 St & Park Ave,6584,E 48 St & 3 Ave,6541,40.75510267,-73.97498696,40.7546011026,-73.971878855,member
393242,243843BA4412C31A,docked_bike,2021-08-02 17:00:23,2021-08-02 17:15:33,E 47 St & Park Ave,6584,E 48 St & 3 Ave,6541,40.755103,-73.974987,40.754601,-73.971879,casual
393247,10D89074F49E93B2,electric_bike,2021-08-26 10:13:07,2021-08-26 10:21:39,Lexington Ave & E 26 St,6089,E 48 St & 3 Ave,6541,40.741459,-73.983293,40.7546011026,-73.971878855,member
393257,0A007FB0691D21D1,electric_bike,2021-08-25 14:06:27,2021-08-25 14:07:45,E 47 St & Park Ave,6584,E 48 St & 3 Ave,6541,40.75510267,-73.97498696,40.7546011026,-73.971878855,member
393261,214FE9D4328CB6E6,classic_bike,2021-08-14 12:32:21,2021-08-14 12:46:35,E 47 St & Park Ave,6584,E 48 St & 3 Ave,6541,40.75510267,-73.97498696,40.7546011026,-73.971878855,member
393268,749116A243C5BFA1,docked_bike,2021-08-14 12:33:36,2021-08-14 12:46:42,E 47 St & Park Ave,6584,E 48 St & 3 Ave,6541,40.755103,-73.974987,40.754601,-73.971879,casual
393278,98BE7FF7F1E3E561,classic_bike,2021-08-26 11:56:25,2021-08-26 12:06:35,Lexington Ave & E 26 St,6089,E 48 St & 3 Ave,6541,40.741459,-73.983293,40.7546011026,-73.971878855,member
393297,25D50EED13DB7C7B,classic_bike,2021-08-17 13:29:55,2021-08-17 14:05:13,Lexington Ave & E 26 St,6089,E 48 St & 3 Ave,6541,40.741459,-73.983293,40.7546011026,-73.971878855,member
393301,50A133EF74FD20C7,docked_bike,2021-08-02 17:00:23,2021-08-02 17:14:49,E 47 St & Park Ave,6584,E 48 St & 3 Ave,6541,40.755103,-73.974987,40.754601,-73.971879,casual
393308,8472F084747399AE,classic_bike,2021-08-12 08:25:35,2021-08-12 08:37:35,2 Ave & E 31 St,6197,E 48 St & 3 Ave,6541,40.74290902,-73.97706058,40.7546011026,-73.971878855,member
393314,FEE1E571607B6FB6,classic_bike,2021-08-17 16:44:12,2021-08-17 16:47:05,E 44 St & Lexington Ave,6464,E 48 St & 3 Ave,6541,40.752643,-73.974996,40.7546011026,-73.971878855,member
393340,E9139FF752210936,classic_bike,2021-08-14 12:11:50,2021-08-14 12:26:05,E 27 St & 1 Ave,6004,E 48 St & 3 Ave,6541,40.739445,-73.976806,40.7546011026,-73.971878855,member
393342,A10342C15AEC9FBA,classic_bike,2021-08-26 08:25:25,2021-08-26 08:46:49,Washington St & Barrow St,5847,E 48 St & 3 Ave,6541,40.73191132323174,-74.008769094944,40.7546011026,-73.971878855,member
393360,9463A944BDD476A9,classic_bike,2021-08-29 03:51:29,2021-08-29 03:59:38,W 50 St & 10 Ave,6890,E 48 St & 3 Ave,6541,40.76473420006519,-73.99194359779358,40.7546011026,-73.971878855,casual
393388,0DCD53475578CFF7,classic_bike,2021-08-03 08:13:31,2021-08-03 08:36:28,Greenwich Ave & 8 Ave,6072,E 48 St & 3 Ave,6541,40.7390169121,-74.0026376103,40.7546011026,-73.971878855,member
393420,7A1877C1AFB06D0A,electric_bike,2021-08-02 17:37:58,2021-08-02 17:44:24,E 63 St & 3 Ave,6830,E 48 St & 3 Ave,6541,40.763954,-73.9646,40.7546011026,-73.971878855,member
393438,351A11DEBF6F0774,classic_bike,2021-08-11 16:02:56,2021-08-11 16:11:49,E 63 St & 3 Ave,6830,E 48 St & 3 Ave,6541,40.763954,-73.9646,40.7546011026,-73.971878855,member
393451,2D630F24ECA2EA37,classic_bike,2021-08-11 09:25:34,2021-08-11 09:35:19,E 63 St & 3 Ave,6830,E 48 St & 3 Ave,6541,40.763954,-73.9646,40.7546011026,-73.971878855,member
393454,DE0C3E1D5E1E9927,classic_bike,2021-08-18 08:44:49,2021-08-18 09:02:00,E 81 St & Park Ave,7188,E 48 St & 3 Ave,6541,40.77677702,-73.9590097,40.7546011026,-73.971878855,member
393457,441D03F3D5C9F960,classic_bike,2021-08-26 17:37:10,2021-08-26 17:45:26,E 63 St & 3 Ave,6830,E 48 St & 3 Ave,6541,40.763954,-73.9646,40.7546011026,-73.971878855,member
393460,DE7D2DB19EC3D820,classic_bike,2021-08-11 14:02:51,2021-08-11 14:11:11,E 58 St & 3 Ave,6762,E 48 St & 3 Ave,6541,40.76095756,-73.96724467,40.7546011026,-73.971878855,member
393478,890447536F43AAB9,classic_bike,2021-08-15 17:08:33,2021-08-15 17:21:52,E 54 St & 1 Ave,6608,E 48 St & 3 Ave,6541,40.756265,-73.964179,40.7546011026,-73.971878855,casual
393490,DEE141B24474E2CB,classic_bike,2021-08-22 13:09:40,2021-08-22 13:20:39,E 81 St & Park Ave,7188,E 48 St & 3 Ave,6541,40.77677702,-73.9590097,40.7546011026,-73.971878855,member
393508,31D9E77DCF982711,electric_bike,2021-08-16 11:40:05,2021-08-16 11:46:13,W 55 St & 6 Ave,6809,E 48 St & 3 Ave,6541,40.763189,-73.978434,40.7546011026,-73.971878855,member
393517,48E3E0F2757505FF,electric_bike,2021-08-03 14:35:46,2021-08-03 14:39:03,E 51 St & 2 Ave,6575,E 48 St & 3 Ave,6541,40.755293,-73.967641,40.7546011026,-73.971878855,member
393519,C7745AE5A5A0B7CA,classic_bike,2021-08-14 13:59:33,2021-08-14 14:04:32,E 51 St & 2 Ave,6575,E 48 St & 3 Ave,6541,40.755293,-73.967641,40.7546011026,-73.971878855,member
393521,C2C7EC86D682FF76,electric_bike,2021-08-10 07:34:07,2021-08-10 07:57:23,E 58 St & Madison Ave,6839,E 48 St & 3 Ave,6541,40.76302594280519,-73.97209525108337,40.7546011026,-73.971878855,member
393522,686EF87602ADF480,electric_bike,2021-08-24 11:36:02,2021-08-24 11:52:12,E 89 St & York Ave,7204,E 48 St & 3 Ave,6541,40.7779453,-73.946041,40.7546011026,-73.971878855,member
393526,BFF94734BF7FC088,classic_bike,2021-08-17 08:20:37,2021-08-17 08:40:27,W 84 St & Broadway,7409,E 48 St & 3 Ave,6541,40.7867947,-73.977112,40.7546011026,-73.971878855,member
393538,CB1029C297CAA0EC,classic_bike,2021-08-25 20:25:03,2021-08-25 20:30:43,E 51 St & 2 Ave,6575,E 48 St & 3 Ave,6541,40.755293,-73.967641,40.7546011026,-73.971878855,member
393542,CCEFF72361339BB4,classic_bike,2021-08-20 09:41:21,2021-08-20 09:46:37,E 51 St & 2 Ave,6575,E 48 St & 3 Ave,6541,40.755293,-73.967641,40.7546011026,-73.971878855,member
393543,7973804A62A5585A,classic_bike,2021-08-13 17:32:40,2021-08-13 17:40:27,W 55 St & 6 Ave,6809,E 48 St & 3 Ave,6541,40.763189,-73.978434,40.7546011026,-73.971878855,member
393551,BDBFB8365A40C8E5,classic_bike,2021-08-29 17:25:35,2021-08-29 17:36:47,W 55 St & 6 Ave,6809,E 48 St & 3 Ave,6541,40.763189,-73.978434,40.7546011026,-73.971878855,member
393553,C5B0E30CB1D6C13D,classic_bike,2021-08-12 10:40:03,2021-08-12 10:43:35,E 51 St & 2 Ave,6575,E 48 St & 3 Ave,6541,40.755293,-73.967641,40.7546011026,-73.971878855,member
393572,0BB3F1E8676FAFF5,electric_bike,2021-08-04 05:48:38,2021-08-04 06:05:44,35 Ave & 37 St,6563,E 48 St & 3 Ave,6541,40.7557327,-73.9236611,40.7546011026,-73.971878855,member
393588,0D9C5218A37D156A,classic_bike,2021-08-20 22:49:50,2021-08-20 23:15:23,E 51 St & 2 Ave,6575,E 48 St & 3 Ave,6541,40.755293,-73.967641,40.7546011026,-73.971878855,member
393593,2FDD8C552AE64332,classic_bike,2021-08-31 17:25:29,2021-08-31 18:07:57,W 87 St & West End Ave,7484,E 48 St & 3 Ave,6541,40.789622,-73.97757,40.7546011026,-73.971878855,member
393601,7901B5B80C8CF119,classic_bike,2021-08-09 22:55:59,2021-08-09 23:12:47,E 16 St & Irving Pl,5938,E 48 St & 3 Ave,6541,40.735367055605394,-73.98797392845154,40.7546011026,-73.971878855,member
393606,99BFA960DB098992,classic_bike,2021-08-25 12:14:42,2021-08-25 12:22:21,W 55 St & 6 Ave,6809,E 48 St & 3 Ave,6541,40.763189,-73.978434,40.7546011026,-73.971878855,member
393621,27468B1C29CFC3B2,classic_bike,2021-08-01 23:37:50,2021-08-01 23:45:32,W 47 St & 10 Ave,6824,E 48 St & 3 Ave,6541,40.76269882,-73.99301222,40.7546011026,-73.971878855,member
393640,7C752838BBF7E4B8,electric_bike,2021-08-25 09:22:20,2021-08-25 09:32:11,E 30 St & Park Ave S,6206,E 48 St & 3 Ave,6541,40.74444921,-73.98303529,40.7546011026,-73.971878855,casual
393650,210C9ED798C3EA72,classic_bike,2021-08-31 18:04:19,2021-08-31 18:14:44,W 47 St & 10 Ave,6824,E 48 St & 3 Ave,6541,40.76269882,-73.99301222,40.7546011026,-73.971878855,member
393660,57D60453C858180E,classic_bike,2021-08-31 08:34:06,2021-08-31 08:49:34,12 Ave & W 40 St,6765,E 48 St & 3 Ave,6541,40.76087502,-74.00277668,40.7546011026,-73.971878855,member
393668,F49890F5B70F3355,classic_bike,2021-08-10 17:33:40,2021-08-10 17:42:18,E 63 St & 3 Ave,6830,E 48 St & 3 Ave,6541,40.763954,-73.9646,40.7546011026,-73.971878855,member
393687,31050DD0BA148534,classic_bike,2021-08-24 12:33:29,2021-08-24 12:42:10,Broadway & W 37 St,6441,E 48 St & 3 Ave,6541,40.75172632,-73.98753523,40.7546011026,-73.971878855,member
393712,699ADAE90C58BCAE,classic_bike,2021-08-27 07:31:46,2021-08-27 07:46:29,1 Ave & E 18 St,5854,E 48 St & 3 Ave,6541,40.73381219196632,-73.98054420948029,40.7546011026,-73.971878855,member
393713,52A3BD85569D3B09,classic_bike,2021-08-11 07:20:36,2021-08-11 07:34:48,1 Ave & E 18 St,5854,E 48 St & 3 Ave,6541,40.73381219196632,-73.98054420948029,40.7546011026,-73.971878855,member
393714,83E507BCFBDAFA9E,classic_bike,2021-08-17 07:05:54,2021-08-17 07:19:39,1 Ave & E 18 St,5854,E 48 St & 3 Ave,6541,40.73381219196632,-73.98054420948029,40.7546011026,-73.971878855,member
393716,4BEBB1770192F787,classic_bike,2021-08-17 09:41:45,2021-08-17 10:00:25,12 Ave & W 40 St,6765,E 48 St & 3 Ave,6541,40.76087502,-74.00277668,40.7546011026,-73.971878855,member
393727,A9E0034525571F0D,classic_bike,2021-08-10 07:32:59,2021-08-10 07:49:48,12 Ave & W 40 St,6765,E 48 St & 3 Ave,6541,40.76087502,-74.00277668,40.7546011026,-73.971878855,casual
393740,B21F2E2399C38E13,classic_bike,2021-08-27 12:01:31,2021-08-27 12:04:12,E 53 St & Lexington Ave,6617,E 48 St & 3 Ave,6541,40.75828065,-73.97069431,40.7546011026,-73.971878855,member
393741,4923BA9F825B1AD5,classic_bike,2021-08-19 07:27:29,2021-08-19 07:31:02,E 53 St & Lexington Ave,6617,E 48 St & 3 Ave,6541,40.75828065,-73.97069431,40.7546011026,-73.971878855,member
393746,6ECAC0B1B3CA9FAA,electric_bike,2021-08-06 13:41:34,2021-08-06 13:43:53,E 53 St & Lexington Ave,6617,E 48 St & 3 Ave,6541,40.75828065,-73.97069431,40.7546011026,-73.971878855,casual
393754,40CF945FE50CEA1E,electric_bike,2021-08-03 16:27:35,2021-08-03 16:35:13,W 51 St & Rockefeller Plaza,6700,E 48 St & 3 Ave,6541,40.75969995906254,-73.97808194160461,40.7546011026,-73.971878855,member
393764,C3D672E034259A13,classic_bike,2021-08-07 14:31:18,2021-08-07 14:45:15,W 51 St & Rockefeller Plaza,6700,E 48 St & 3 Ave,6541,40.75969995906254,-73.97808194160461,40.7546011026,-73.971878855,casual
393771,224E926F7CD5684D,classic_bike,2021-08-25 08:57:54,2021-08-25 09:01:39,E 51 St & 2 Ave,6575,E 48 St & 3 Ave,6541,40.755293,-73.967641,40.7546011026,-73.971878855,member
393799,A3CCA85BE96461ED,classic_bike,2021-08-11 07:37:38,2021-08-11 08:03:13,E 85 St & 3 Ave,7212,E 48 St & 3 Ave,6541,40.77801203,-73.95407149,40.7546011026,-73.971878855,casual
393810,A4DE7FC399799FD3,classic_bike,2021-08-24 12:35:19,2021-08-24 12:44:14,E 56 St & 3 Ave,6691,E 48 St & 3 Ave,6541,40.75934501,-73.96759673,40.7546011026,-73.971878855,member
393828,9D5FAE0F5A34C467,classic_bike,2021-08-05 09:02:59,2021-08-05 09:10:28,E 53 St & Lexington Ave,6617,E 48 St & 3 Ave,6541,40.75828065,-73.97069431,40.7546011026,-73.971878855,member
393835,9B8E510C967D70D6,classic_bike,2021-08-20 13:58:28,2021-08-20 14:03:05,W 51 St & Rockefeller Plaza,6700,E 48 St & 3 Ave,6541,40.75969995906254,-73.97808194160461,40.7546011026,-73.971878855,casual
393836,C4B4CC48B031EDA0,classic_bike,2021-08-05 08:19:27,2021-08-05 08:23:34,E 53 St & Lexington Ave,6617,E 48 St & 3 Ave,6541,40.75828065,-73.97069431,40.7546011026,-73.971878855,member
393852,80911EF458FFC805,classic_bike,2021-08-01 18:45:14,2021-08-01 18:56:51,Grand Army Plaza & Central Park S,6839,E 48 St & 3 Ave,6541,40.7643971,-73.97371465,40.7546011026,-73.971878855,casual
393860,68DF894089CDFFFE,classic_bike,2021-08-01 18:45:09,2021-08-01 18:57:05,Grand Army Plaza & Central Park S,6839,E 48 St & 3 Ave,6541,40.7643971,-73.97371465,40.7546011026,-73.971878855,casual
393870,EC123EEFDF9E2656,classic_bike,2021-08-15 05:47:32,2021-08-15 05:52:14,W 51 St & Rockefeller Plaza,6700,E 48 St & 3 Ave,6541,40.75969995906254,-73.97808194160461,40.7546011026,-73.971878855,casual
393893,586B2EE216E0F313,electric_bike,2021-08-31 12:14:21,2021-08-31 12:15:37,E 47 St & 2 Ave,6498,E 48 St & 3 Ave,6541,40.75323098,-73.97032517,40.7546011026,-73.971878855,casual
393920,865935F02D76DB26,classic_bike,2021-08-17 17:15:29,2021-08-17 17:42:04,E 116 St & 2 Ave,7563,E 48 St & 3 Ave,6541,40.796879,-73.937261,40.7546011026,-73.971878855,casual
393964,8A2349B2969794FB,classic_bike,2021-08-16 08:26:12,2021-08-16 08:37:40,E 20 St & 2 Ave,5971,E 48 St & 3 Ave,6541,40.73587678,-73.98205027,40.7546011026,-73.971878855,member
393972,B0BE1B5BF0874A5A,electric_bike,2021-08-28 00:30:06,2021-08-28 01:03:47,Central Park W & W 97 St,7538,E 48 St & 3 Ave,6541,40.79249519495111,-73.96417066463071,40.7546011026,-73.971878855,member
393999,26325006406285CF,classic_bike,2021-08-17 08:45:31,2021-08-17 08:57:22,E 81 St & 2 Ave,7121,E 48 St & 3 Ave,6541,40.77477944895728,-73.95427465438843,40.7546011026,-73.971878855,member
394006,B3C8CAD45939C60F,electric_bike,2021-08-11 10:31:33,2021-08-11 10:37:42,E 39 St & Lexington Ave,6389,E 48 St & 3 Ave,6541,40.7494985460252,-73.97729203113158,40.7546011026,-73.971878855,member
394011,B19B97D24A399226,classic_bike,2021-08-24 16:08:37,2021-08-24 16:14:25,E 48 St & 3 Ave,6541,6 Ave & W 45 St,6593,40.7546011026,-73.971878855,40.756951,-73.982631,member
394022,8DBFE59C2736EF47,classic_bike,2021-08-16 16:03:32,2021-08-16 16:08:04,E 48 St & 3 Ave,6541,E 39 St & Lexington Ave,6389,40.7546011026,-73.971878855,40.7494985460252,-73.97729203113158,member
394026,6ABE0E537543308A,classic_bike,2021-08-18 19:30:51,2021-08-18 19:57:22,Lafayette St & E 8 St,5788,E 48 St & 3 Ave,6541,40.73020660529954,-73.99102628231049,40.7546011026,-73.971878855,casual
394033,0E7D7206E7D39680,electric_bike,2021-08-13 11:49:46,2021-08-13 11:50:32,E 48 St & 3 Ave,6541,E 48 St & 3 Ave,6541,40.7546011026,-73.971878855,40.7546011026,-73.971878855,casual
394047,1778AB1587F373B4,electric_bike,2021-08-03 02:42:54,2021-08-03 02:56:42,E 39 St & Lexington Ave,6389,E 48 St & 3 Ave,6541,40.7494985460252,-73.97729203113158,40.7546011026,-73.971878855,casual
394049,79A4AD0873CB498B,electric_bike,2021-08-14 18:53:13,2021-08-14 19:08:11,E 48 St & 3 Ave,6541,1 Ave & E 6 St,5626,40.7546011026,-73.971878855,40.72633085971696,-73.98616880178452,casual
394052,21C1C6972808AB7D,classic_bike,2021-08-14 12:40:11,2021-08-14 13:08:12,E 48 St & 3 Ave,6541,E 48 St & 3 Ave,6541,40.7546011026,-73.971878855,40.7546011026,-73.971878855,casual
394057,A375F304411C847B,classic_bike,2021-08-28 01:43:08,2021-08-28 01:59:51,1 Ave & E 6 St,5626,E 48 St & 3 Ave,6541,40.72633085971696,-73.98616880178452,40.7546011026,-73.971878855,casual
394070,7D156CD6BC9D6F72,classic_bike,2021-08-10 15:35:50,2021-08-10 15:46:58,E 48 St & 3 Ave,6541,E 48 St & 3 Ave,6541,40.7546011026,-73.971878855,40.7546011026,-73.971878855,casual
394090,1F4FDE6D0B278739,classic_bike,2021-08-01 14:26:28,2021-08-01 15:26:51,E 48 St & 3 Ave,6541,E 39 St & Lexington Ave,6389,40.7546011026,-73.971878855,40.7494985460252,-73.97729203113158,casual
394094,DCA1158E31CD9786,classic_bike,2021-08-06 14:16:11,2021-08-06 14:19:13,E 48 St & 3 Ave,6541,E 48 St & 3 Ave,6541,40.7546011026,-73.971878855,40.7546011026,-73.971878855,casual
394113,1473ADAD9B3CE9CB,classic_bike,2021-08-11 08:43:30,2021-08-11 09:02:02,E 81 St & 2 Ave,7121,E 48 St & 3 Ave,6541,40.77477944895728,-73.95427465438843,40.7546011026,-73.971878855,casual
394164,1696E33FFF9E0D54,classic_bike,2021-08-15 18:42:25,2021-08-15 18:49:03,E 40 St & 5 Ave,6474,E 48 St & 3 Ave,6541,40.752062307,-73.9816324043,40.7546011026,-73.971878855,member
394174,1A2D94AE873EFC23,classic_bike,2021-08-09 07:46:37,2021-08-09 07:56:24,E 20 St & 2 Ave,5971,E 48 St & 3 Ave,6541,40.73587678,-73.98205027,40.7546011026,-73.971878855,casual
394190,1C6864511AA78F22,classic_bike,2021-08-13 21:22:15,2021-08-13 21:36:41,8 Ave & W 38 St,6526,E 48 St & 3 Ave,6541,40.75461,-73.99177,40.7546011026,-73.971878855,casual
394200,AC4203D5A99C1817,classic_bike,2021-08-29 13:02:53,2021-08-29 13:14:58,E 40 St & 5 Ave,6474,E 48 St & 3 Ave,6541,40.752062307,-73.9816324043,40.7546011026,-73.971878855,member
394203,D8E9DFCBBC14B6B8,classic_bike,2021-08-17 08:05:57,2021-08-17 08:12:33,FDR Drive & E 35 St,6230,E 48 St & 3 Ave,6541,40.744219,-73.97121214,40.7546011026,-73.971878855,member
394210,D3E2826EC7E3F035,classic_bike,2021-08-09 19:56:58,2021-08-09 20:09:24,FDR Drive & E 35 St,6230,E 48 St & 3 Ave,6541,40.744219,-73.97121214,40.7546011026,-73.971878855,member
394217,B8C4B02FCEA89D9D,classic_bike,2021-08-03 20:19:07,2021-08-03 20:27:34,FDR Drive & E 35 St,6230,E 48 St & 3 Ave,6541,40.744219,-73.97121214,40.7546011026,-73.971878855,member
394242,98EF12849B2E3587,electric_bike,2021-08-10 07:16:11,2021-08-10 07:22:55,FDR Drive & E 35 St,6230,E 48 St & 3 Ave,6541,40.744219,-73.97121214,40.7546011026,-73.971878855,member
394261,8796EC6F8F77BB79,classic_bike,2021-08-16 09:08:38,2021-08-16 09:17:11,Broadway & W 41 St,6560,E 48 St & 3 Ave,6541,40.75513557,-73.98658032,40.7546011026,-73.971878855,member
394269,D48414F4740B31C9,electric_bike,2021-08-25 10:52:55,2021-08-25 11:01:16,W 52 St & 11 Ave,6926,E 48 St & 3 Ave,6541,40.76727216,-73.99392888,40.7546011026,-73.971878855,member
394279,D7278C7DF197038B,classic_bike,2021-08-25 10:21:48,2021-08-25 10:37:45,W 54 St & 11 Ave,6955,E 48 St & 3 Ave,6541,40.768333,-73.992573,40.7546011026,-73.971878855,member
394290,9A2B36C17D9DA67F,classic_bike,2021-08-20 09:57:21,2021-08-20 10:12:48,8 Ave & W 38 St,6526,E 48 St & 3 Ave,6541,40.75461,-73.99177,40.7546011026,-73.971878855,casual
394315,DAC10CED3A05DCEF,electric_bike,2021-08-07 11:45:35,2021-08-07 11:52:42,E 68 St & Madison Ave,6932,E 48 St & 3 Ave,6541,40.7691572,-73.96703464,40.7546011026,-73.971878855,casual
394339,A7673B5C489EA4F6,classic_bike,2021-08-12 13:52:21,2021-08-12 13:56:06,E 51 St & 1 Ave,6532,E 48 St & 3 Ave,6541,40.75455731,-73.96592976,40.7546011026,-73.971878855,member
394351,BAFC256832744F99,classic_bike,2021-08-03 17:22:52,2021-08-03 17:38:55,W 42 St & Dyer Ave,6644,E 48 St & 3 Ave,6541,40.75898481399634,-73.99379968643188,40.7546011026,-73.971878855,casual
394366,9EDE452E1626FC74,classic_bike,2021-08-24 08:06:28,2021-08-24 08:19:43,W 54 St & 11 Ave,6955,E 48 St & 3 Ave,6541,40.768333,-73.992573,40.7546011026,-73.971878855,member
394368,354BFD6E6B4A85CA,classic_bike,2021-08-13 09:03:17,2021-08-13 09:15:00,W 54 St & 11 Ave,6955,E 48 St & 3 Ave,6541,40.768333,-73.992573,40.7546011026,-73.971878855,member
394369,6303F3E9FE8884B2,classic_bike,2021-08-10 08:57:08,2021-08-10 09:09:24,W 54 St & 11 Ave,6955,E 48 St & 3 Ave,6541,40.768333,-73.992573,40.7546011026,-73.971878855,member
394370,975C8A3CD1939465,electric_bike,2021-08-27 09:15:43,2021-08-27 09:26:44,W 54 St & 11 Ave,6955,E 48 St & 3 Ave,6541,40.768333,-73.992573,40.7546011026,-73.971878855,member
394372,00ECBCF117E2B359,classic_bike,2021-08-19 06:18:03,2021-08-19 06:26:21,Broadway & W 41 St,6560,E 48 St & 3 Ave,6541,40.75513557,-73.98658032,40.7546011026,-73.971878855,member
394411,1410C96A19B9C4BC,classic_bike,2021-08-03 09:28:55,2021-08-03 09:45:36,University Pl & E 14 St,5905,E 48 St & 3 Ave,6541,40.734814,-73.992085,40.7546011026,-73.971878855,member
394427,50E9C95FF2CE94F4,electric_bike,2021-08-17 08:13:24,2021-08-17 08:26:53,E 17 St & Broadway,5980,E 48 St & 3 Ave,6541,40.73704984,-73.99009296,40.7546011026,-73.971878855,member
394432,DBFB2ACE1C474448,classic_bike,2021-08-11 18:55:48,2021-08-11 19:00:42,E 51 St & 1 Ave,6532,E 48 St & 3 Ave,6541,40.75455731,-73.96592976,40.7546011026,-73.971878855,member
394447,6DD32858660182CC,classic_bike,2021-08-04 08:27:34,2021-08-04 08:44:51,University Pl & E 14 St,5905,E 48 St & 3 Ave,6541,40.734814,-73.992085,40.7546011026,-73.971878855,member
394449,C2D5DF787149EEAB,classic_bike,2021-08-04 20:03:29,2021-08-04 20:13:38,E 51 St & 1 Ave,6532,E 48 St & 3 Ave,6541,40.75455731,-73.96592976,40.7546011026,-73.971878855,member
394467,ACEB451E6DD21FCD,classic_bike,2021-08-19 06:37:20,2021-08-19 06:48:05,W 42 St & Dyer Ave,6644,E 48 St & 3 Ave,6541,40.75898481399634,-73.99379968643188,40.7546011026,-73.971878855,member
394473,6989E5AB7C530AF2,classic_bike,2021-08-31 12:43:30,2021-08-31 12:50:52,E 40 St & 5 Ave,6474,E 48 St & 3 Ave,6541,40.752062307,-73.9816324043,40.7546011026,-73.971878855,member
394496,C4EF5E21C8D39E3A,classic_bike,2021-08-26 00:16:55,2021-08-26 00:29:50,W 42 St & Dyer Ave,6644,E 48 St & 3 Ave,6541,40.75898481399634,-73.99379968643188,40.7546011026,-73.971878855,member
394505,D52C869E693A0BA2,electric_bike,2021-08-07 21:44:41,2021-08-07 23:33:58,E 51 St & 1 Ave,6532,E 48 St & 3 Ave,6541,40.75455731,-73.96592976,40.7546011026,-73.971878855,casual
394545,429F283AA830414D,classic_bike,2021-08-31 07:15:55,2021-08-31 07:20:10,E 51 St & 1 Ave,6532,E 48 St & 3 Ave,6541,40.75455731,-73.96592976,40.7546011026,-73.971878855,member
395883,E73DD23BDC43FD32,electric_bike,2021-08-03 18:56:10,2021-08-03 19:13:50,W 26 St & 8 Ave,6297,E 48 St & 3 Ave,6541,40.74734825,-73.99723551,40.7546011026,-73.971878855,casual
407470,EBE87A5E74D22F4E,classic_bike,2021-08-18 08:21:24,2021-08-18 08:35:15,E 48 St & 3 Ave,6541,W 56 St & 10 Ave,6955,40.7546011026,-73.971878855,40.768254,-73.988639,member
407471,AF5A4592F049B95A,classic_bike,2021-08-06 08:33:52,2021-08-06 08:46:54,E 48 St & 3 Ave,6541,W 56 St & 10 Ave,6955,40.7546011026,-73.971878855,40.768254,-73.988639,member
407477,298AE55EC60FCA98,electric_bike,2021-08-13 20:12:30,2021-08-13 20:21:57,E 48 St & 3 Ave,6541,9 Ave & W 45 St,6717,40.7546011026,-73.971878855,40.76019252,-73.9912551,member
407480,3899DF9DA50E0B0A,classic_bike,2021-08-11 18:07:21,2021-08-11 18:18:45,E 48 St & 3 Ave,6541,Broadway & W 58 St,6948,40.7546011026,-73.971878855,40.76695317,-73.98169333,member
407489,1ED1ECC4A50EF935,classic_bike,2021-08-15 19:31:11,2021-08-15 20:10:37,E 48 St & 3 Ave,6541,E 56 St & Madison Ave,6732,40.7546011026,-73.971878855,40.761573,-73.972628,casual
407492,B0C153A642EF2D30,classic_bike,2021-08-12 09:02:05,2021-08-12 09:14:43,E 48 St & 3 Ave,6541,E 77 St & 3 Ave,7092,40.7546011026,-73.971878855,40.77314236,-73.95856158,casual
409440,374B3589638C3A0A,electric_bike,2021-08-04 19:54:49,2021-08-04 20:02:30,E 48 St & 3 Ave,6541,E 77 St & 3 Ave,7092,40.7546011026,-73.971878855,40.77314236,-73.95856158,member
409441,010ABA7A9391E37D,classic_bike,2021-08-26 18:23:05,2021-08-26 18:33:47,E 48 St & 3 Ave,6541,E 77 St & 3 Ave,7092,40.7546011026,-73.971878855,40.77314236,-73.95856158,member
409456,20FE954944A834C9,electric_bike,2021-08-17 09:02:37,2021-08-17 09:11:54,E 48 St & 3 Ave,6541,9 Ave & W 45 St,6717,40.7546011026,-73.971878855,40.76019252,-73.9912551,casual
409459,7A8AEF430D734AE2,classic_bike,2021-08-21 12:07:48,2021-08-21 12:28:27,E 48 St & 3 Ave,6541,Broadway & W 58 St,6948,40.7546011026,-73.971878855,40.76695317,-73.98169333,casual
409463,417BAC534A6749BB,classic_bike,2021-08-01 15:27:30,2021-08-01 15:39:13,E 48 St & 3 Ave,6541,E 56 St & Madison Ave,6732,40.7546011026,-73.971878855,40.761573,-73.972628,casual
409465,0ED16F01D4294A1E,classic_bike,2021-08-01 19:07:40,2021-08-01 19:23:03,E 48 St & 3 Ave,6541,E 77 St & 3 Ave,7092,40.7546011026,-73.971878855,40.77314236,-73.95856158,casual
409466,1010307DF7C04A22,classic_bike,2021-08-18 21:05:00,2021-08-18 21:17:25,E 48 St & 3 Ave,6541,2 Ave & E 72 St,6925,40.7546011026,-73.971878855,40.7687620293096,-73.95840793848038,casual
419515,C1270C1DB56D5EBE,electric_bike,2021-08-06 22:52:41,2021-08-07 01:19:31,E 48 St & 3 Ave,6541,Broadway & W 122 St,7783,40.7546011026,-73.971878855,40.8120562,-73.9612547,casual
419717,E4069DD0C23960D5,classic_bike,2021-08-30 02:51:03,2021-08-30 03:03:16,E 48 St & 3 Ave,6541,W 45 St & 8 Ave,6676,40.7546011026,-73.971878855,40.75929124,-73.98859651,casual
421550,59CF76192A58C60A,classic_bike,2021-08-06 21:14:47,2021-08-06 21:28:54,E 48 St & 3 Ave,6541,3 Ave & E 62 St,6762,40.7546011026,-73.971878855,40.76312584,-73.96526895,casual
430162,8AD5358C6041F8B1,classic_bike,2021-08-01 15:52:52,2021-08-01 16:49:53,E 48 St & 3 Ave,6541,W 20 St & 8 Ave,6224,40.7546011026,-73.971878855,40.74345335,-74.00004031,casual
430163,C395F41878EF7127,classic_bike,2021-08-01 15:52:05,2021-08-01 16:50:20,E 48 St & 3 Ave,6541,W 20 St & 8 Ave,6224,40.7546011026,-73.971878855,40.74345335,-74.00004031,casual
431121,EB2C743AFE3E6102,classic_bike,2021-08-01 16:04:16,2021-08-01 16:50:17,E 48 St & 3 Ave,6541,W 20 St & 8 Ave,6224,40.7546011026,-73.971878855,40.74345335,-74.00004031,casual
431122,A01FC8535B43E7DF,classic_bike,2021-08-01 15:54:13,2021-08-01 16:50:06,E 48 St & 3 Ave,6541,W 20 St & 8 Ave,6224,40.7546011026,-73.971878855,40.74345335,-74.00004031,casual
432800,953AE7637B70958A,electric_bike,2021-08-03 06:52:23,2021-08-03 07:21:37,E 48 St & 3 Ave,6541,Wythe Ave & Metropolitan Ave,5348,40.7546011026,-73.971878855,40.716887,-73.963198,casual
432813,35F7A64F932BAA23,classic_bike,2021-08-30 12:29:43,2021-08-30 14:46:34,E 48 St & 3 Ave,6541,West St & Chambers St,5329,40.7546011026,-73.971878855,40.71754834,-74.01322069,casual
434323,3CA70BCA28B1C1E2,classic_bike,2021-08-01 10:59:28,2021-08-01 11:27:22,E 48 St & 3 Ave,6541,Perry St & Greenwich Ave,5955,40.7546011026,-73.971878855,40.735918,-74.000939,casual
445868,A1902128F749E333,classic_bike,2021-08-01 19:34:26,2021-08-01 20:44:39,E 48 St & 3 Ave,6541,E 44 St & Lexington Ave,6464,40.7546011026,-73.971878855,40.752643,-73.974996,member
445876,FAE3229000159190,electric_bike,2021-08-06 12:35:33,2021-08-06 12:43:11,E 48 St & 3 Ave,6541,E 44 St & Lexington Ave,6464,40.7546011026,-73.971878855,40.752643,-73.974996,member
448936,FF48A479078FE81D,electric_bike,2021-08-06 13:21:59,2021-08-06 13:29:35,E 48 St & 3 Ave,6541,E 81 St & 3 Ave,7154,40.7546011026,-73.971878855,40.77573034,-73.9567526,member
448939,B1380F4999CDF045,classic_bike,2021-08-04 13:53:17,2021-08-04 14:15:26,E 48 St & 3 Ave,6541,E 81 St & 3 Ave,7154,40.7546011026,-73.971878855,40.77573034,-73.9567526,member
455173,35F28CCB87AC113F,classic_bike,2021-08-04 18:04:21,2021-08-04 18:32:45,E 48 St & 3 Ave,6541,6 Ave & W 33 St,6364,40.7546011026,-73.971878855,40.74901271,-73.98848395,casual
457177,288196A24D06D351,classic_bike,2021-08-21 16:58:28,2021-08-21 17:26:25,E 48 St & 3 Ave,6541,Broadway & W 36 St,6441,40.7546011026,-73.971878855,40.75097711,-73.98765428,casual
462049,F797A2E27286FE25,electric_bike,2021-08-30 21:15:18,2021-08-30 21:33:41,E 48 St & 3 Ave,6541,Washington St & Gansevoort St,6039,40.7546011026,-73.971878855,40.739323,-74.008119,casual
468770,C33EC9AFECD8683E,electric_bike,2021-08-27 13:37:33,2021-08-27 13:57:52,E 48 St & 3 Ave,6541,36 Ave & 10 St,6737,40.7546011026,-73.971878855,40.7614376,-73.9411265,member
468771,E006AD8DAE7CFFAA,classic_bike,2021-08-20 18:56:37,2021-08-20 19:16:05,E 48 St & 3 Ave,6541,3 Ave & E 100 St,7414,40.7546011026,-73.971878855,40.7877214,-73.94728331,member
475007,01A7B537C679AD4A,classic_bike,2021-08-18 15:24:12,2021-08-18 16:10:43,E 48 St & 3 Ave,6541,36 Ave & 10 St,6737,40.7546011026,-73.971878855,40.7614376,-73.9411265,member
475014,9FE15BFC180C1491,classic_bike,2021-08-06 17:30:33,2021-08-06 17:49:27,E 48 St & 3 Ave,6541,E 97 St & 3 Ave,7365,40.7546011026,-73.971878855,40.7859201,-73.94860294,member
477984,B73D33A0F2160858,electric_bike,2021-08-26 13:46:40,2021-08-26 14:10:09,E 48 St & 3 Ave,6541,36 Ave & 10 St,6737,40.7546011026,-73.971878855,40.7614376,-73.9411265,member
479938,1D2742AC170EC9F4,classic_bike,2021-08-20 18:30:05,2021-08-20 18:53:22,E 48 St & 3 Ave,6541,E 97 St & 3 Ave,7365,40.7546011026,-73.971878855,40.7859201,-73.94860294,member
480902,51AAB75EEDDCA7EF,electric_bike,2021-08-16 13:49:23,2021-08-16 14:07:28,E 48 St & 3 Ave,6541,36 Ave & 10 St,6737,40.7546011026,-73.971878855,40.7614376,-73.9411265,member
480992,35E3E62D9DEC3AED,classic_bike,2021-08-15 10:14:39,2021-08-15 10:34:24,E 48 St & 3 Ave,6541,W 87 St & Amsterdam Ave,7458,40.7546011026,-73.971878855,40.78839,-73.9747,member
480995,BDC4322AE2FAFE2A,classic_bike,2021-08-14 20:51:35,2021-08-14 21:09:10,E 48 St & 3 Ave,6541,E 97 St & 3 Ave,7365,40.7546011026,-73.971878855,40.7859201,-73.94860294,member
482178,F83ABED0BC2C9EB4,classic_bike,2021-08-26 18:55:02,2021-08-26 19:13:07,E 48 St & 3 Ave,6541,E 97 St & 3 Ave,7365,40.7546011026,-73.971878855,40.7859201,-73.94860294,member
482316,37DD36C5820FC17F,electric_bike,2021-08-17 13:38:02,2021-08-17 13:59:59,E 48 St & 3 Ave,6541,36 Ave & 10 St,6737,40.7546011026,-73.971878855,40.7614376,-73.9411265,member
482317,F32C58721B109A88,electric_bike,2021-08-31 13:40:37,2021-08-31 13:59:33,E 48 St & 3 Ave,6541,36 Ave & 10 St,6737,40.7546011026,-73.971878855,40.7614376,-73.9411265,member
482375,E53F2FCA36ECEB43,classic_bike,2021-08-23 17:15:40,2021-08-23 17:33:06,E 48 St & 3 Ave,6541,E 97 St & 3 Ave,7365,40.7546011026,-73.971878855,40.7859201,-73.94860294,member
482382,F1C7DE0257855D0F,classic_bike,2021-08-24 17:59:45,2021-08-24 18:17:11,E 48 St & 3 Ave,6541,3 Ave & E 100 St,7414,40.7546011026,-73.971878855,40.7877214,-73.94728331,member
482393,DAFB40829B7E43EA,electric_bike,2021-08-30 13:37:55,2021-08-30 13:57:36,E 48 St & 3 Ave,6541,36 Ave & 10 St,6737,40.7546011026,-73.971878855,40.7614376,-73.9411265,member
491901,79316260BA864134,classic_bike,2021-08-21 19:54:35,2021-08-21 20:24:00,E 48 St & 3 Ave,6541,E 106 St & Madison Ave,7528,40.7546011026,-73.971878855,40.7934337,-73.94945003,member
493367,21452BA4536E69F4,classic_bike,2021-08-06 16:09:23,2021-08-06 16:53:20,E 48 St & 3 Ave,6541,Washington St & Barrow St,5847,40.7546011026,-73.971878855,40.73191132323174,-74.008769094944,member
493504,D618901421DA2B1D,electric_bike,2021-08-13 11:04:47,2021-08-13 11:28:25,E 48 St & 3 Ave,6541,Washington St & Barrow St,5847,40.7546011026,-73.971878855,40.73191132323174,-74.008769094944,member
493784,33ED3F4330C09251,classic_bike,2021-08-26 19:04:47,2021-08-26 19:30:21,E 48 St & 3 Ave,6541,Crescent St & 34 Ave,6759,40.7546011026,-73.971878855,40.76108,-73.930562,member
499307,BD797CC86DDCF9CC,classic_bike,2021-08-23 17:01:08,2021-08-23 17:20:06,E 48 St & 3 Ave,6541,Crescent St & 34 Ave,6759,40.7546011026,-73.971878855,40.76108,-73.930562,member
500066,86E2402700FFAF58,electric_bike,2021-08-15 14:33:45,2021-08-15 14:51:18,E 48 St & 3 Ave,6541,Crescent St & 34 Ave,6759,40.7546011026,-73.971878855,40.76108,-73.930562,member
500098,68FF29B8F38ACAFA,electric_bike,2021-08-05 16:38:21,2021-08-05 16:57:24,E 48 St & 3 Ave,6541,Crescent St & 34 Ave,6759,40.7546011026,-73.971878855,40.76108,-73.930562,member
500100,705B1AB6BF003EEB,classic_bike,2021-08-02 17:51:51,2021-08-02 18:38:47,E 48 St & 3 Ave,6541,Clinton St & Union St,4266,40.7546011026,-73.971878855,40.6831164,-73.99785267,casual
500814,20C13A54D4A114C8,electric_bike,2021-08-09 11:26:21,2021-08-09 11:45:44,E 48 St & 3 Ave,6541,Crescent St & 34 Ave,6759,40.7546011026,-73.971878855,40.76108,-73.930562,member
500882,72349C1749AD482B,electric_bike,2021-08-19 08:09:19,2021-08-19 08:25:54,E 48 St & 3 Ave,6541,Crescent St & 34 Ave,6759,40.7546011026,-73.971878855,40.76108,-73.930562,member
508988,C454323108E99858,classic_bike,2021-08-24 22:23:34,2021-08-24 22:27:57,E 48 St & 3 Ave,6541,E 55 St & 2 Ave,6650,40.7546011026,-73.971878855,40.75797322,-73.96603308,member
509000,F07F4DF5FEEBF3D1,classic_bike,2021-08-09 17:46:18,2021-08-09 17:49:24,E 48 St & 3 Ave,6541,E 55 St & 2 Ave,6650,40.7546011026,-73.971878855,40.75797322,-73.96603308,member
516524,B325EEC28FA83F92,classic_bike,2021-08-05 13:26:09,2021-08-05 13:34:43,E 48 St & 3 Ave,6541,W 55 St & 6 Ave,6809,40.7546011026,-73.971878855,40.763189,-73.978434,member
518396,ABF475ABCAB80AEB,classic_bike,2021-08-18 18:51:01,2021-08-18 18:56:32,E 48 St & 3 Ave,6541,E 58 St & Madison Ave,6839,40.7546011026,-73.971878855,40.76302594280519,-73.97209525108337,member
518397,76C50483DB3E2A84,classic_bike,2021-08-05 21:58:05,2021-08-05 22:01:28,E 48 St & 3 Ave,6541,E 51 St & 2 Ave,6575,40.7546011026,-73.971878855,40.755293,-73.967641,member
518401,AF4756E06613C952,classic_bike,2021-08-30 20:08:42,2021-08-30 20:38:07,E 48 St & 3 Ave,6541,W 55 St & 6 Ave,6809,40.7546011026,-73.971878855,40.763189,-73.978434,casual
518674,7CD04CAAA89D59CC,electric_bike,2021-08-03 13:58:54,2021-08-03 14:18:23,E 48 St & 3 Ave,6541,35 Ave & 37 St,6563,40.7546011026,-73.971878855,40.7557327,-73.9236611,member
519001,6C27B6311541F04E,classic_bike,2021-08-06 17:09:45,2021-08-06 17:14:58,E 48 St & 3 Ave,6541,E 58 St & Madison Ave,6839,40.7546011026,-73.971878855,40.76302594280519,-73.97209525108337,member
519004,2AB991BC7B8C6653,classic_bike,2021-08-25 23:28:36,2021-08-25 23:36:34,E 48 St & 3 Ave,6541,E 51 St & 2 Ave,6575,40.7546011026,-73.971878855,40.755293,-73.967641,member
519099,9462963E9D678E5C,classic_bike,2021-08-23 18:52:52,2021-08-23 19:00:33,E 48 St & 3 Ave,6541,W 55 St & 6 Ave,6809,40.7546011026,-73.971878855,40.763189,-73.978434,member
519100,0FE4601D024580E5,classic_bike,2021-08-25 13:18:49,2021-08-25 13:21:17,E 48 St & 3 Ave,6541,E 51 St & 2 Ave,6575,40.7546011026,-73.971878855,40.755293,-73.967641,member
520094,9F4DECECA01BE0E0,classic_bike,2021-08-25 14:31:30,2021-08-25 14:41:49,E 48 St & 3 Ave,6541,W 55 St & 6 Ave,6809,40.7546011026,-73.971878855,40.763189,-73.978434,member
520388,D4B2A087B3CEAF64,electric_bike,2021-08-09 11:22:51,2021-08-09 11:26:17,E 48 St & 3 Ave,6541,E 51 St & 2 Ave,6575,40.7546011026,-73.971878855,40.755293,-73.967641,member
520401,643E085D84B3DC0D,classic_bike,2021-08-13 16:11:34,2021-08-13 16:19:59,E 48 St & 3 Ave,6541,W 55 St & 6 Ave,6809,40.7546011026,-73.971878855,40.763189,-73.978434,member
520405,E042465DC0E90189,classic_bike,2021-08-28 15:05:34,2021-08-28 15:28:32,E 48 St & 3 Ave,6541,W 55 St & 6 Ave,6809,40.7546011026,-73.971878855,40.763189,-73.978434,casual
520754,8CA3E893913F0DF1,classic_bike,2021-08-14 23:34:35,2021-08-14 23:44:49,E 48 St & 3 Ave,6541,W 55 St & 6 Ave,6809,40.7546011026,-73.971878855,40.763189,-73.978434,member
521293,D4BF04C7C55C70C6,classic_bike,2021-08-26 19:09:29,2021-08-26 19:17:21,E 48 St & 3 Ave,6541,E 51 St & 2 Ave,6575,40.7546011026,-73.971878855,40.755293,-73.967641,member
521301,B55D49B53387A95C,classic_bike,2021-08-26 18:19:49,2021-08-26 18:28:55,E 48 St & 3 Ave,6541,W 55 St & 6 Ave,6809,40.7546011026,-73.971878855,40.763189,-73.978434,member
521630,6EDC8DA952EEEF5D,classic_bike,2021-08-30 14:37:52,2021-08-30 14:43:18,E 48 St & 3 Ave,6541,E 51 St & 2 Ave,6575,40.7546011026,-73.971878855,40.755293,-73.967641,member
521636,EFFA9B2CC85E3399,classic_bike,2021-08-20 11:45:08,2021-08-20 11:51:47,E 48 St & 3 Ave,6541,W 55 St & 6 Ave,6809,40.7546011026,-73.971878855,40.763189,-73.978434,member
521639,36243325B39EB1E7,classic_bike,2021-08-16 08:10:38,2021-08-16 08:52:20,E 48 St & 3 Ave,6541,E 51 St & 2 Ave,6575,40.7546011026,-73.971878855,40.755293,-73.967641,member
521640,AAB6F2FB6D6F2362,classic_bike,2021-08-17 17:52:18,2021-08-17 17:55:16,E 48 St & 3 Ave,6541,E 51 St & 2 Ave,6575,40.7546011026,-73.971878855,40.755293,-73.967641,member
521654,732D6A31075FB386,classic_bike,2021-08-30 20:08:35,2021-08-30 20:38:02,E 48 St & 3 Ave,6541,W 55 St & 6 Ave,6809,40.7546011026,-73.971878855,40.763189,-73.978434,member
521656,F7E7D9D42B740527,classic_bike,2021-08-09 18:07:47,2021-08-09 18:12:03,E 48 St & 3 Ave,6541,E 51 St & 2 Ave,6575,40.7546011026,-73.971878855,40.755293,-73.967641,member
521662,225DE8248D517754,classic_bike,2021-08-21 00:19:52,2021-08-21 00:23:04,E 48 St & 3 Ave,6541,E 51 St & 2 Ave,6575,40.7546011026,-73.971878855,40.755293,-73.967641,member
521672,A8EC623365CE1F2D,classic_bike,2021-08-06 00:10:16,2021-08-06 00:17:36,E 48 St & 3 Ave,6541,W 55 St & 6 Ave,6809,40.7546011026,-73.971878855,40.763189,-73.978434,casual
521677,87B73CB43A0064D0,electric_bike,2021-08-25 08:41:17,2021-08-25 08:47:40,E 48 St & 3 Ave,6541,W 55 St & 6 Ave,6809,40.7546011026,-73.971878855,40.763189,-73.978434,casual
521963,76EA0545B387946C,classic_bike,2021-08-25 08:58:19,2021-08-25 09:15:22,E 48 St & 3 Ave,6541,W 55 St & 6 Ave,6809,40.7546011026,-73.971878855,40.763189,-73.978434,casual
522028,F641343D2CC0CEC9,classic_bike,2021-08-04 17:52:42,2021-08-04 17:55:42,E 48 St & 3 Ave,6541,E 51 St & 2 Ave,6575,40.7546011026,-73.971878855,40.755293,-73.967641,member
522031,65B97A685987A50F,classic_bike,2021-08-31 17:55:33,2021-08-31 18:05:23,E 48 St & 3 Ave,6541,W 55 St & 6 Ave,6809,40.7546011026,-73.971878855,40.763189,-73.978434,member
522129,4802D48D6392EB41,classic_bike,2021-08-24 22:05:34,2021-08-24 22:07:54,E 48 St & 3 Ave,6541,E 51 St & 2 Ave,6575,40.7546011026,-73.971878855,40.755293,-73.967641,member
522156,DF2F84BA6D6A42E9,classic_bike,2021-08-18 18:02:49,2021-08-18 18:09:17,E 48 St & 3 Ave,6541,E 58 St & Madison Ave,6839,40.7546011026,-73.971878855,40.76302594280519,-73.97209525108337,member
522253,10955D9D8F60E1A9,classic_bike,2021-08-29 18:25:14,2021-08-29 18:32:11,E 48 St & 3 Ave,6541,W 55 St & 6 Ave,6809,40.7546011026,-73.971878855,40.763189,-73.978434,member
522485,58EE05E37AB0B7DA,electric_bike,2021-08-07 11:32:49,2021-08-07 11:39:05,E 48 St & 3 Ave,6541,W 55 St & 6 Ave,6809,40.7546011026,-73.971878855,40.763189,-73.978434,member
522696,D4EE48BC4D3B1D65,classic_bike,2021-08-03 16:11:43,2021-08-03 16:17:46,E 48 St & 3 Ave,6541,E 58 St & Madison Ave,6839,40.7546011026,-73.971878855,40.76302594280519,-73.97209525108337,member
522698,ABA3DC53DCE09AB2,classic_bike,2021-08-25 19:23:26,2021-08-25 19:27:23,E 48 St & 3 Ave,6541,E 51 St & 2 Ave,6575,40.7546011026,-73.971878855,40.755293,-73.967641,member
522699,6A282508E524BACE,classic_bike,2021-08-03 16:07:36,2021-08-03 16:17:27,E 48 St & 3 Ave,6541,E 51 St & 2 Ave,6575,40.7546011026,-73.971878855,40.755293,-73.967641,member
522701,44133CCB55F740E8,classic_bike,2021-08-01 19:36:31,2021-08-01 19:45:32,E 48 St & 3 Ave,6541,W 55 St & 6 Ave,6809,40.7546011026,-73.971878855,40.763189,-73.978434,member
522705,FC0B3EF91BF39648,classic_bike,2021-08-25 08:58:16,2021-08-25 09:16:02,E 48 St & 3 Ave,6541,W 55 St & 6 Ave,6809,40.7546011026,-73.971878855,40.763189,-73.978434,casual
522718,DBA195A86079D3B5,classic_bike,2021-08-27 17:43:13,2021-08-27 17:50:34,E 48 St & 3 Ave,6541,W 55 St & 6 Ave,6809,40.7546011026,-73.971878855,40.763189,-73.978434,member
522735,D19BAE21803091D7,classic_bike,2021-08-06 21:40:36,2021-08-06 22:52:34,E 48 St & 3 Ave,6541,E 51 St & 2 Ave,6575,40.7546011026,-73.971878855,40.755293,-73.967641,member
522736,E7BE7B32079DA146,classic_bike,2021-08-16 18:59:43,2021-08-16 19:03:28,E 48 St & 3 Ave,6541,E 51 St & 2 Ave,6575,40.7546011026,-73.971878855,40.755293,-73.967641,member
522740,64B1FD90BACA10F1,classic_bike,2021-08-17 00:46:37,2021-08-17 00:52:50,E 48 St & 3 Ave,6541,E 51 St & 2 Ave,6575,40.7546011026,-73.971878855,40.755293,-73.967641,casual
522745,B2B8B32DABDE8B24,electric_bike,2021-08-09 13:59:25,2021-08-09 14:16:23,E 48 St & 3 Ave,6541,35 Ave & 37 St,6563,40.7546011026,-73.971878855,40.7557327,-73.9236611,member
522992,D196BB34671815A0,classic_bike,2021-08-05 13:26:16,2021-08-05 13:37:01,E 48 St & 3 Ave,6541,W 55 St & 6 Ave,6809,40.7546011026,-73.971878855,40.763189,-73.978434,member
523076,24E7CE27AD0707C0,classic_bike,2021-08-16 18:26:39,2021-08-16 18:43:52,E 48 St & 3 Ave,6541,E 89 St & York Ave,7204,40.7546011026,-73.971878855,40.7779453,-73.946041,member
523080,BCD54A12FE9C8A20,classic_bike,2021-08-17 15:45:44,2021-08-17 15:52:15,E 48 St & 3 Ave,6541,E 58 St & Madison Ave,6839,40.7546011026,-73.971878855,40.76302594280519,-73.97209525108337,member
523095,778054A978C4721C,classic_bike,2021-08-06 16:42:41,2021-08-06 16:50:13,E 48 St & 3 Ave,6541,W 55 St & 6 Ave,6809,40.7546011026,-73.971878855,40.763189,-73.978434,member
523099,CF904CA3C295D785,classic_bike,2021-08-26 18:44:44,2021-08-26 19:10:58,E 48 St & 3 Ave,6541,W 87 St & West End Ave,7484,40.7546011026,-73.971878855,40.789622,-73.97757,member
523117,A5E55553742974A1,classic_bike,2021-08-15 20:16:56,2021-08-15 20:36:49,E 48 St & 3 Ave,6541,E 58 St & Madison Ave,6839,40.7546011026,-73.971878855,40.76302594280519,-73.97209525108337,casual
523172,1EB51B3E8113EA8B,classic_bike,2021-08-20 23:35:12,2021-08-20 23:37:15,E 48 St & 3 Ave,6541,E 51 St & 2 Ave,6575,40.7546011026,-73.971878855,40.755293,-73.967641,member
523173,FED91950BC08983B,classic_bike,2021-08-03 18:10:08,2021-08-03 18:21:39,E 48 St & 3 Ave,6541,W 55 St & 6 Ave,6809,40.7546011026,-73.971878855,40.763189,-73.978434,member
523174,52336D096BBAEBFB,electric_bike,2021-08-13 10:59:32,2021-08-13 11:07:28,E 48 St & 3 Ave,6541,W 55 St & 6 Ave,6809,40.7546011026,-73.971878855,40.763189,-73.978434,member
525255,D02F6A8BF4375588,classic_bike,2021-08-15 20:17:29,2021-08-15 20:36:24,E 48 St & 3 Ave,6541,E 58 St & Madison Ave,6839,40.7546011026,-73.971878855,40.76302594280519,-73.97209525108337,casual
525257,7E5432D878818300,electric_bike,2021-08-05 11:50:57,2021-08-05 11:58:31,E 48 St & 3 Ave,6541,E 58 St & Madison Ave,6839,40.7546011026,-73.971878855,40.76302594280519,-73.97209525108337,casual
525722,BABA6EB741C8350A,classic_bike,2021-08-24 21:52:51,2021-08-24 22:08:06,E 48 St & 3 Ave,6541,W 55 St & 6 Ave,6809,40.7546011026,-73.971878855,40.763189,-73.978434,member
525724,2813F4443CA3696C,classic_bike,2021-08-17 16:29:59,2021-08-17 16:37:56,E 48 St & 3 Ave,6541,W 55 St & 6 Ave,6809,40.7546011026,-73.971878855,40.763189,-73.978434,member
528466,CFE520892E53FAC9,classic_bike,2021-08-11 13:48:12,2021-08-11 14:10:59,E 48 St & 3 Ave,6541,Central Park West & W 85 St,7354,40.7546011026,-73.971878855,40.78476,-73.969862,casual
530284,87297C61A20786B3,classic_bike,2021-08-05 12:41:43,2021-08-05 13:21:16,E 48 St & 3 Ave,6541,Central Park West & W 85 St,7354,40.7546011026,-73.971878855,40.78476,-73.969862,casual
530285,70C57B4E24BB8BD9,electric_bike,2021-08-11 18:11:09,2021-08-11 18:26:52,E 48 St & 3 Ave,6541,Amsterdam Ave & W 79 St,7311,40.7546011026,-73.971878855,40.7829391,-73.9786517,casual
530288,5FC8E1745F7248EC,classic_bike,2021-08-21 10:29:35,2021-08-21 10:57:49,E 48 St & 3 Ave,6541,5 Ave & E 72 St,7100,40.7546011026,-73.971878855,40.77282817,-73.96685276,casual
530289,3D39776C42D095B1,classic_bike,2021-08-18 18:10:55,2021-08-18 18:28:27,E 48 St & 3 Ave,6541,Amsterdam Ave & W 79 St,7311,40.7546011026,-73.971878855,40.7829391,-73.9786517,casual
537444,123C495AF03F8B2E,classic_bike,2021-08-04 17:36:31,2021-08-04 17:59:26,E 48 St & 3 Ave,6541,Amsterdam Ave & W 79 St,7311,40.7546011026,-73.971878855,40.7829391,-73.9786517,casual
537445,1D5F2BB90DAAB266,classic_bike,2021-08-04 17:46:16,2021-08-04 18:11:58,E 48 St & 3 Ave,6541,Amsterdam Ave & W 79 St,7311,40.7546011026,-73.971878855,40.7829391,-73.9786517,casual
537511,7CC575C2BECFAD5D,classic_bike,2021-08-28 14:57:24,2021-08-28 15:59:24,E 48 St & 3 Ave,6541,Central Park West & W 85 St,7354,40.7546011026,-73.971878855,40.78476,-73.969862,casual
540289,AB62398A5005918F,electric_bike,2021-08-15 20:27:30,2021-08-15 20:37:15,E 48 St & 3 Ave,6541,5 Ave & E 72 St,7100,40.7546011026,-73.971878855,40.77282817,-73.96685276,casual
541291,6B18196C7C280534,classic_bike,2021-08-18 12:46:36,2021-08-18 13:09:45,E 48 St & 3 Ave,6541,Amsterdam Ave & W 79 St,7311,40.7546011026,-73.971878855,40.7829391,-73.9786517,member
541294,04BFA5B33C9AC7F5,classic_bike,2021-08-26 15:46:13,2021-08-26 16:00:16,E 48 St & 3 Ave,6541,Amsterdam Ave & W 79 St,7311,40.7546011026,-73.971878855,40.7829391,-73.9786517,member
542590,F983C6EDB2AC13DF,classic_bike,2021-08-24 18:22:34,2021-08-24 18:46:38,E 48 St & 3 Ave,6541,Central Park West & W 85 St,7354,40.7546011026,-73.971878855,40.78476,-73.969862,member
542602,CC4AA1AE1D204263,classic_bike,2021-08-27 17:37:01,2021-08-27 17:58:43,E 48 St & 3 Ave,6541,Amsterdam Ave & W 79 St,7311,40.7546011026,-73.971878855,40.7829391,-73.9786517,member
542605,BB2992EC867B3AF8,classic_bike,2021-08-18 17:50:11,2021-08-18 18:04:11,E 48 St & 3 Ave,6541,5 Ave & E 72 St,7100,40.7546011026,-73.971878855,40.77282817,-73.96685276,casual
543769,7A74797471D5F085,classic_bike,2021-08-16 17:10:03,2021-08-16 17:22:29,E 48 St & 3 Ave,6541,5 Ave & E 72 St,7100,40.7546011026,-73.971878855,40.77282817,-73.96685276,member
543777,BCE4633C780970E6,classic_bike,2021-08-11 12:06:56,2021-08-11 12:18:37,E 48 St & 3 Ave,6541,5 Ave & E 72 St,7100,40.7546011026,-73.971878855,40.77282817,-73.96685276,casual
544280,143AFCE689FFE0EA,classic_bike,2021-08-16 17:08:10,2021-08-16 17:27:17,E 48 St & 3 Ave,6541,Amsterdam Ave & W 79 St,7311,40.7546011026,-73.971878855,40.7829391,-73.9786517,member
544292,53C763D097F84F32,classic_bike,2021-08-29 12:33:44,2021-08-29 13:28:03,E 48 St & 3 Ave,6541,St James Pl & Pearl St,5167,40.7546011026,-73.971878855,40.71117416,-74.00016545,casual
544310,7B0AE84C74666D4C,classic_bike,2021-08-15 10:23:56,2021-08-15 11:04:55,E 48 St & 3 Ave,6541,5 Ave & E 72 St,7100,40.7546011026,-73.971878855,40.77282817,-73.96685276,member
545531,ED5202995BEBABD4,electric_bike,2021-08-24 09:26:27,2021-08-24 09:38:28,E 48 St & 3 Ave,6541,5 Ave & E 72 St,7100,40.7546011026,-73.971878855,40.77282817,-73.96685276,casual
545892,6926173AFBE71DFE,classic_bike,2021-08-18 15:37:06,2021-08-18 15:58:07,E 48 St & 3 Ave,6541,Central Park West & W 85 St,7354,40.7546011026,-73.971878855,40.78476,-73.969862,member
546047,F3FA408A9752B4CA,classic_bike,2021-08-29 12:33:33,2021-08-29 13:28:05,E 48 St & 3 Ave,6541,St James Pl & Pearl St,5167,40.7546011026,-73.971878855,40.71117416,-74.00016545,casual
549337,C6D5CB4141034E4C,classic_bike,2021-08-23 18:06:11,2021-08-23 18:22:14,E 48 St & 3 Ave,6541,5 Ave & E 72 St,7100,40.7546011026,-73.971878855,40.77282817,-73.96685276,member
551613,E9D0A8903199DF7E,classic_bike,2021-08-25 16:35:01,2021-08-25 16:57:02,E 48 St & 3 Ave,6541,Amsterdam Ave & W 79 St,7311,40.7546011026,-73.971878855,40.7829391,-73.9786517,casual
559792,0615F79D99AA5DC7,classic_bike,2021-08-16 21:11:57,2021-08-16 21:20:01,E 48 St & 3 Ave,6541,E 33 St & 5 Ave,6322,40.7546011026,-73.971878855,40.74765947,-73.98490707,member
560281,EF6CBB16D611BB86,classic_bike,2021-08-16 17:04:55,2021-08-16 17:14:30,E 48 St & 3 Ave,6541,E 33 St & 5 Ave,6322,40.7546011026,-73.971878855,40.74765947,-73.98490707,casual
561092,251C6C39E4065838,classic_bike,2021-08-10 16:47:10,2021-08-10 17:07:37,E 48 St & 3 Ave,6541,E 33 St & 5 Ave,6322,40.7546011026,-73.971878855,40.74765947,-73.98490707,member
561193,2E01859FDFF5E667,classic_bike,2021-08-05 17:21:16,2021-08-05 17:35:51,E 48 St & 3 Ave,6541,E 11 St & 3 Ave,5788,40.7546011026,-73.971878855,40.73127,-73.98849,member
561201,57097B197F0EB5B3,electric_bike,2021-08-26 10:39:58,2021-08-26 10:51:42,E 48 St & 3 Ave,6541,E 33 St & 5 Ave,6322,40.7546011026,-73.971878855,40.74765947,-73.98490707,member
561203,7CB443DB125E083D,classic_bike,2021-08-12 18:26:13,2021-08-12 18:40:09,E 48 St & 3 Ave,6541,E 33 St & 5 Ave,6322,40.7546011026,-73.971878855,40.74765947,-73.98490707,member
561208,88FC2618D40A9E06,classic_bike,2021-08-30 17:19:17,2021-08-30 17:34:58,E 48 St & 3 Ave,6541,E 11 St & 3 Ave,5788,40.7546011026,-73.971878855,40.73127,-73.98849,member
562305,DC332D6B740E9785,classic_bike,2021-08-14 12:13:36,2021-08-14 12:26:36,E 48 St & 3 Ave,6541,E 33 St & 5 Ave,6322,40.7546011026,-73.971878855,40.74765947,-73.98490707,member
563094,250DCD7A303562F3,electric_bike,2021-08-31 08:11:18,2021-08-31 08:18:24,E 48 St & 3 Ave,6541,E 33 St & 5 Ave,6322,40.7546011026,-73.971878855,40.74765947,-73.98490707,member
563277,272FF7D86D7A566B,classic_bike,2021-08-16 21:40:05,2021-08-16 21:56:15,E 48 St & 3 Ave,6541,E 33 St & 5 Ave,6322,40.7546011026,-73.971878855,40.74765947,-73.98490707,member
563612,8AB42E3DEF01B95F,electric_bike,2021-08-13 09:11:33,2021-08-13 09:20:18,E 48 St & 3 Ave,6541,E 33 St & 5 Ave,6322,40.7546011026,-73.971878855,40.74765947,-73.98490707,member
563619,1858F6EAA88DBCFA,classic_bike,2021-08-31 17:27:51,2021-08-31 17:43:56,E 48 St & 3 Ave,6541,E 11 St & 3 Ave,5788,40.7546011026,-73.971878855,40.73127,-73.98849,member
563646,B9B721674A5A063B,classic_bike,2021-08-12 15:44:11,2021-08-12 15:58:29,E 48 St & 3 Ave,6541,E 33 St & 5 Ave,6322,40.7546011026,-73.971878855,40.74765947,-73.98490707,member
563665,A343A4FEE270AD63,classic_bike,2021-08-14 12:13:04,2021-08-14 12:26:23,E 48 St & 3 Ave,6541,E 33 St & 5 Ave,6322,40.7546011026,-73.971878855,40.74765947,-73.98490707,member
563722,0712AB8BB3A7D4B4,classic_bike,2021-08-14 12:13:06,2021-08-14 12:26:37,E 48 St & 3 Ave,6541,E 33 St & 5 Ave,6322,40.7546011026,-73.971878855,40.74765947,-73.98490707,member
563854,3B4DB9741477DB2C,classic_bike,2021-08-11 10:41:58,2021-08-11 10:53:21,E 48 St & 3 Ave,6541,E 33 St & 5 Ave,6322,40.7546011026,-73.971878855,40.74765947,-73.98490707,member
563917,B142C623493AF01F,electric_bike,2021-08-02 08:17:22,2021-08-02 08:23:34,E 48 St & 3 Ave,6541,E 33 St & 5 Ave,6322,40.7546011026,-73.971878855,40.74765947,-73.98490707,member
563969,FA0199348AEDD51E,electric_bike,2021-08-03 07:58:50,2021-08-03 08:06:03,E 48 St & 3 Ave,6541,E 33 St & 5 Ave,6322,40.7546011026,-73.971878855,40.74765947,-73.98490707,member
564344,42255A6737350E12,classic_bike,2021-08-14 12:14:18,2021-08-14 12:26:34,E 48 St & 3 Ave,6541,E 33 St & 5 Ave,6322,40.7546011026,-73.971878855,40.74765947,-73.98490707,member
564349,4578EFC62A564A6E,classic_bike,2021-08-28 19:23:51,2021-08-28 19:31:11,E 48 St & 3 Ave,6541,E 33 St & 5 Ave,6322,40.7546011026,-73.971878855,40.74765947,-73.98490707,member
564351,C08E4DB1D600B52F,electric_bike,2021-08-20 09:50:02,2021-08-20 10:07:10,E 48 St & 3 Ave,6541,E 33 St & 5 Ave,6322,40.7546011026,-73.971878855,40.74765947,-73.98490707,casual
564397,233D33D093D54B79,classic_bike,2021-08-27 15:21:36,2021-08-27 15:29:10,E 48 St & 3 Ave,6541,E 33 St & 5 Ave,6322,40.7546011026,-73.971878855,40.74765947,-73.98490707,member
564403,3CB9A931FE05587A,classic_bike,2021-08-04 14:38:26,2021-08-04 14:48:07,E 48 St & 3 Ave,6541,E 33 St & 5 Ave,6322,40.7546011026,-73.971878855,40.74765947,-73.98490707,member
564518,D0390FCCF875378E,classic_bike,2021-08-02 17:49:40,2021-08-02 18:02:01,E 48 St & 3 Ave,6541,E 11 St & 3 Ave,5788,40.7546011026,-73.971878855,40.73127,-73.98849,member
564656,47CD2BA1B123A9A5,electric_bike,2021-08-17 12:42:15,2021-08-17 12:50:03,E 48 St & 3 Ave,6541,E 33 St & 5 Ave,6322,40.7546011026,-73.971878855,40.74765947,-73.98490707,casual
575963,E36BD0477002AC63,classic_bike,2021-08-27 15:29:27,2021-08-27 15:41:08,E 48 St & 3 Ave,6541,W 36 St & 7 Ave,6483,40.7546011026,-73.971878855,40.752149,-73.989539,member
575971,696D7E6CA104D8EC,electric_bike,2021-08-19 08:45:28,2021-08-19 08:56:11,E 48 St & 3 Ave,6541,W 36 St & 7 Ave,6483,40.7546011026,-73.971878855,40.752149,-73.989539,member
577534,D6BAA9560FE4097D,classic_bike,2021-08-17 16:32:28,2021-08-17 16:36:22,E 48 St & 3 Ave,6541,E 53 St & Madison Ave,6659,40.7546011026,-73.971878855,40.7597108,-73.97402311,member
582607,3CD0DC0F826E374C,classic_bike,2021-08-26 18:52:42,2021-08-26 19:19:54,E 48 St & 3 Ave,6541,MacDougal St & Washington Sq,5797,40.7546011026,-73.971878855,40.73226398,-73.99852205,member
582616,02BADEBAC42612E3,electric_bike,2021-08-16 09:00:44,2021-08-16 09:04:09,E 48 St & 3 Ave,6541,E 53 St & Madison Ave,6659,40.7546011026,-73.971878855,40.7597108,-73.97402311,member
582659,ADE9F35FA552ED2E,classic_bike,2021-08-06 15:27:37,2021-08-06 15:33:17,E 48 St & 3 Ave,6541,E 53 St & Madison Ave,6659,40.7546011026,-73.971878855,40.7597108,-73.97402311,member
584225,22ED03DD3E8A3EB1,classic_bike,2021-08-18 17:01:36,2021-08-18 17:13:39,E 48 St & 3 Ave,6541,W 36 St & 7 Ave,6483,40.7546011026,-73.971878855,40.752149,-73.989539,member
584781,37A0BFB9C5FFACE5,classic_bike,2021-08-06 17:10:49,2021-08-06 17:23:52,E 48 St & 3 Ave,6541,E 19 St & 3 Ave,5938,40.7546011026,-73.971878855,40.73624527,-73.98473765,casual
584782,88A3D6F84738AD62,classic_bike,2021-08-24 11:57:35,2021-08-24 12:30:56,E 48 St & 3 Ave,6541,E 19 St & 3 Ave,5938,40.7546011026,-73.971878855,40.73624527,-73.98473765,casual
584786,B40D4543EFB3143D,classic_bike,2021-08-24 17:19:12,2021-08-24 17:39:12,E 48 St & 3 Ave,6541,MacDougal St & Washington Sq,5797,40.7546011026,-73.971878855,40.73226398,-73.99852205,casual
585058,7D9939DD094A46AE,electric_bike,2021-08-18 09:50:18,2021-08-18 09:53:54,E 48 St & 3 Ave,6541,E 53 St & Madison Ave,6659,40.7546011026,-73.971878855,40.7597108,-73.97402311,member
585059,2C4704B29851E558,classic_bike,2021-08-11 17:29:45,2021-08-11 17:43:09,E 48 St & 3 Ave,6541,W 36 St & 7 Ave,6483,40.7546011026,-73.971878855,40.752149,-73.989539,member
585077,805D13E7BBDC3212,classic_bike,2021-08-24 21:02:01,2021-08-24 21:33:13,E 48 St & 3 Ave,6541,E 53 St & Madison Ave,6659,40.7546011026,-73.971878855,40.7597108,-73.97402311,casual
585472,76AEBBC82BA0E652,classic_bike,2021-08-24 10:12:19,2021-08-24 10:16:28,E 48 St & 3 Ave,6541,E 53 St & Madison Ave,6659,40.7546011026,-73.971878855,40.7597108,-73.97402311,member
585669,D208193A10616B2D,electric_bike,2021-08-08 22:24:36,2021-08-08 22:33:30,E 48 St & 3 Ave,6541,E 19 St & 3 Ave,5938,40.7546011026,-73.971878855,40.73624527,-73.98473765,member
587714,FCD2F9E2666111A7,electric_bike,2021-08-28 01:20:43,2021-08-28 01:35:52,E 48 St & 3 Ave,6541,W 36 St & 7 Ave,6483,40.7546011026,-73.971878855,40.752149,-73.989539,casual
587744,0FB59048520AC9F7,classic_bike,2021-08-10 17:09:07,2021-08-10 17:22:07,E 48 St & 3 Ave,6541,W 36 St & 7 Ave,6483,40.7546011026,-73.971878855,40.752149,-73.989539,member
587745,DB6A7B7D125076F0,classic_bike,2021-08-17 17:05:57,2021-08-17 17:17:29,E 48 St & 3 Ave,6541,W 36 St & 7 Ave,6483,40.7546011026,-73.971878855,40.752149,-73.989539,member
587747,F19A68275A261A27,classic_bike,2021-08-12 17:05:14,2021-08-12 17:20:05,E 48 St & 3 Ave,6541,W 36 St & 7 Ave,6483,40.7546011026,-73.971878855,40.752149,-73.989539,member
588289,2B0A03D4EA07715C,classic_bike,2021-08-29 13:43:57,2021-08-29 13:59:33,E 48 St & 3 Ave,6541,E 19 St & 3 Ave,5938,40.7546011026,-73.971878855,40.73624527,-73.98473765,casual
588309,573BA6BE63D44996,classic_bike,2021-08-11 14:48:00,2021-08-11 14:52:30,E 48 St & 3 Ave,6541,E 53 St & Madison Ave,6659,40.7546011026,-73.971878855,40.7597108,-73.97402311,member
588315,A3287D0818638564,electric_bike,2021-08-17 08:57:02,2021-08-17 09:00:00,E 48 St & 3 Ave,6541,E 53 St & Madison Ave,6659,40.7546011026,-73.971878855,40.7597108,-73.97402311,member
588318,39D29E1BCE77FD8C,classic_bike,2021-08-19 15:11:08,2021-08-19 15:22:17,E 48 St & 3 Ave,6541,E 19 St & 3 Ave,5938,40.7546011026,-73.971878855,40.73624527,-73.98473765,member
588341,DF132B0F359B384A,classic_bike,2021-08-02 20:13:36,2021-08-02 20:42:59,E 48 St & 3 Ave,6541,5 Ave & E 87 St,7323,40.7546011026,-73.971878855,40.78231448346993,-73.95980536937714,casual
588405,35C41DB663BA6893,electric_bike,2021-08-11 09:07:38,2021-08-11 09:10:51,E 48 St & 3 Ave,6541,E 53 St & Madison Ave,6659,40.7546011026,-73.971878855,40.7597108,-73.97402311,member
588410,71B8C8ABDA4C0BF4,classic_bike,2021-08-19 16:31:03,2021-08-19 16:42:21,E 48 St & 3 Ave,6541,W 36 St & 7 Ave,6483,40.7546011026,-73.971878855,40.752149,-73.989539,casual
588424,3487396B8AB2268F,classic_bike,2021-08-24 15:53:16,2021-08-24 15:58:07,E 48 St & 3 Ave,6541,E 53 St & Madison Ave,6659,40.7546011026,-73.971878855,40.7597108,-73.97402311,member
588425,C6D64A2C8E27D442,classic_bike,2021-08-24 17:05:43,2021-08-24 17:16:58,E 48 St & 3 Ave,6541,W 36 St & 7 Ave,6483,40.7546011026,-73.971878855,40.752149,-73.989539,member
588440,A8A447F8EB3E0C72,classic_bike,2021-08-18 15:29:52,2021-08-18 15:34:27,E 48 St & 3 Ave,6541,E 53 St & Madison Ave,6659,40.7546011026,-73.971878855,40.7597108,-73.97402311,member
588532,FDBEB3D1DDBC575E,electric_bike,2021-08-09 14:57:00,2021-08-09 15:00:52,E 48 St & 3 Ave,6541,E 53 St & Madison Ave,6659,40.7546011026,-73.971878855,40.7597108,-73.97402311,member
588550,BEF8897775049156,electric_bike,2021-08-18 06:59:23,2021-08-18 07:02:48,E 48 St & 3 Ave,6541,E 53 St & Madison Ave,6659,40.7546011026,-73.971878855,40.7597108,-73.97402311,member
588630,C622ED62A846D512,classic_bike,2021-08-10 16:28:40,2021-08-10 16:33:39,E 48 St & 3 Ave,6541,E 53 St & Madison Ave,6659,40.7546011026,-73.971878855,40.7597108,-73.97402311,member
588657,AD7FE44DE5F91D8E,classic_bike,2021-08-30 18:21:18,2021-08-30 18:38:26,E 48 St & 3 Ave,6541,5 Ave & E 87 St,7323,40.7546011026,-73.971878855,40.78231448346993,-73.95980536937714,member
588737,A4C4D22E44B24D65,classic_bike,2021-08-19 17:09:34,2021-08-19 17:19:30,E 48 St & 3 Ave,6541,W 36 St & 7 Ave,6483,40.7546011026,-73.971878855,40.752149,-73.989539,member
589201,FB67BD1C1AD43505,classic_bike,2021-08-05 21:39:01,2021-08-05 21:49:15,E 48 St & 3 Ave,6541,E 19 St & 3 Ave,5938,40.7546011026,-73.971878855,40.73624527,-73.98473765,member
589219,3E3106B87455336B,classic_bike,2021-08-21 11:06:08,2021-08-21 11:43:35,E 48 St & 3 Ave,6541,5 Ave & E 87 St,7323,40.7546011026,-73.971878855,40.78231448346993,-73.95980536937714,casual
589240,9809EA02BD4140D4,classic_bike,2021-08-01 22:44:43,2021-08-01 22:50:33,E 48 St & 3 Ave,6541,E 53 St & Madison Ave,6659,40.7546011026,-73.971878855,40.7597108,-73.97402311,member
589244,A37D6A81D1B2E831,classic_bike,2021-08-17 17:01:46,2021-08-17 17:13:29,E 48 St & 3 Ave,6541,W 36 St & 7 Ave,6483,40.7546011026,-73.971878855,40.752149,-73.989539,member
589245,BD930FCAAC2706A6,classic_bike,2021-08-12 18:31:22,2021-08-12 18:43:31,E 48 St & 3 Ave,6541,W 36 St & 7 Ave,6483,40.7546011026,-73.971878855,40.752149,-73.989539,member
590891,4DBD83E6D0A5A8E2,classic_bike,2021-08-30 17:23:32,2021-08-30 17:47:32,E 48 St & 3 Ave,6541,Central Park W & W 91 St,7453,40.7546011026,-73.971878855,40.78866499127884,-73.96680057048798,casual
605453,5888F1FC827125D5,electric_bike,2021-08-07 18:07:26,2021-08-07 18:23:53,E 48 St & 3 Ave,6541,Allen St & Stanton St,5484,40.7546011026,-73.971878855,40.722055,-73.989111,member
605497,DA4DF3FD5B26CE2E,electric_bike,2021-08-04 13:37:32,2021-08-04 14:25:17,E 48 St & 3 Ave,6541,Allen St & Stanton St,5484,40.7546011026,-73.971878855,40.722055,-73.989111,casual
605499,76F425F1028A434D,classic_bike,2021-08-25 18:17:29,2021-08-25 18:40:29,E 48 St & 3 Ave,6541,Allen St & Stanton St,5484,40.7546011026,-73.971878855,40.722055,-73.989111,casual
606673,63D0758D337D5C55,electric_bike,2021-08-11 18:20:41,2021-08-11 18:38:25,E 48 St & 3 Ave,6541,Central Park W & W 91 St,7453,40.7546011026,-73.971878855,40.78866499127884,-73.96680057048798,member
606835,AC7BA70CA739CCD0,classic_bike,2021-08-01 16:02:34,2021-08-01 16:06:13,E 48 St & 3 Ave,6541,E 43 St & 2 Ave,6422,40.7546011026,-73.971878855,40.75022392,-73.97121414,member
607085,4847B5FD74B34C10,classic_bike,2021-08-10 16:40:26,2021-08-10 17:02:13,E 48 St & 3 Ave,6541,Central Park W & W 91 St,7453,40.7546011026,-73.971878855,40.78866499127884,-73.96680057048798,member
608446,1481DAA1F6DD1175,classic_bike,2021-08-30 18:37:45,2021-08-30 18:56:19,E 48 St & 3 Ave,6541,Central Park W & W 91 St,7453,40.7546011026,-73.971878855,40.78866499127884,-73.96680057048798,member
608449,F53786461DBC8D14,classic_bike,2021-08-14 12:55:59,2021-08-14 13:23:43,E 48 St & 3 Ave,6541,31 Ave & 30 St,6857,40.7546011026,-73.971878855,40.7647,-73.9240312,member
608509,A044EB9B8449367C,classic_bike,2021-08-01 15:45:32,2021-08-01 15:50:46,E 48 St & 3 Ave,6541,E 43 St & 2 Ave,6422,40.7546011026,-73.971878855,40.75022392,-73.97121414,member
608510,A28F7BE1F3041267,classic_bike,2021-08-01 14:45:34,2021-08-01 14:50:23,E 48 St & 3 Ave,6541,E 43 St & 2 Ave,6422,40.7546011026,-73.971878855,40.75022392,-73.97121414,member
608511,0F6D71D774ABEB88,classic_bike,2021-08-01 14:56:02,2021-08-01 15:00:04,E 48 St & 3 Ave,6541,E 43 St & 2 Ave,6422,40.7546011026,-73.971878855,40.75022392,-73.97121414,member
608512,A057BD68594D1290,classic_bike,2021-08-01 15:05:58,2021-08-01 15:09:52,E 48 St & 3 Ave,6541,E 43 St & 2 Ave,6422,40.7546011026,-73.971878855,40.75022392,-73.97121414,member
608564,5566090875B278D6,classic_bike,2021-08-03 18:43:12,2021-08-03 19:02:19,E 48 St & 3 Ave,6541,Central Park W & W 91 St,7453,40.7546011026,-73.971878855,40.78866499127884,-73.96680057048798,member
608601,55E52F85F062CE21,classic_bike,2021-08-20 17:49:15,2021-08-20 18:10:15,E 48 St & 3 Ave,6541,Central Park W & W 91 St,7453,40.7546011026,-73.971878855,40.78866499127884,-73.96680057048798,member
608651,55626802DBA8849C,classic_bike,2021-08-03 14:05:29,2021-08-03 14:09:51,E 48 St & 3 Ave,6541,E 43 St & 2 Ave,6422,40.7546011026,-73.971878855,40.75022392,-73.97121414,member
609081,89B0FC9360E71095,electric_bike,2021-08-06 18:14:44,2021-08-06 18:34:55,E 48 St & 3 Ave,6541,Riverside Dr & W 82 St,7388,40.7546011026,-73.971878855,40.78720869,-73.98128127,member
615292,3A70444234391920,electric_bike,2021-08-01 08:52:13,2021-08-01 09:09:37,E 48 St & 3 Ave,6541,Christopher St & Greenwich St,5847,40.7546011026,-73.971878855,40.73291553,-74.00711384,casual
619341,108857705B229A2B,classic_bike,2021-08-16 17:36:54,2021-08-16 18:04:57,E 48 St & 3 Ave,6541,Greenwich St & Hubert St,5470,40.7546011026,-73.971878855,40.721319,-74.010065,member
619345,E52067174D5E4483,electric_bike,2021-08-27 13:40:56,2021-08-27 14:02:51,E 48 St & 3 Ave,6541,Christopher St & Greenwich St,5847,40.7546011026,-73.971878855,40.73291553,-74.00711384,member
623631,CA46BEA92DD584FB,electric_bike,2021-08-02 13:51:56,2021-08-02 14:09:46,E 48 St & 3 Ave,6541,Christopher St & Greenwich St,5847,40.7546011026,-73.971878855,40.73291553,-74.00711384,member
627699,9845765542D7175E,classic_bike,2021-08-04 17:44:18,2021-08-04 18:03:17,E 48 St & 3 Ave,6541,Mercer St & Bleecker St,5679,40.7546011026,-73.971878855,40.72706363348306,-73.99662137031554,member
628491,3F01FB68E226F66D,electric_bike,2021-08-07 23:42:42,2021-08-08 00:07:54,E 48 St & 3 Ave,6541,Duane St & Greenwich St,5400,40.7546011026,-73.971878855,40.71748752,-74.0104554,casual
629967,A705EDDA61E05FDD,electric_bike,2021-08-27 13:40:31,2021-08-27 14:02:51,E 48 St & 3 Ave,6541,Christopher St & Greenwich St,5847,40.7546011026,-73.971878855,40.73291553,-74.00711384,member
632192,F7C300D81AC6D3F5,electric_bike,2021-08-02 17:47:05,2021-08-02 18:08:10,E 48 St & 3 Ave,6541,Riverside Dr & W 82 St,7388,40.7546011026,-73.971878855,40.78720869,-73.98128127,member
632195,1B8BE29FB5466436,classic_bike,2021-08-24 14:20:15,2021-08-24 14:50:58,E 48 St & 3 Ave,6541,Duane St & Greenwich St,5400,40.7546011026,-73.971878855,40.71748752,-74.0104554,member
632323,6A4E9E4ECDE2CE45,electric_bike,2021-08-17 17:21:32,2021-08-17 17:41:07,E 48 St & 3 Ave,6541,Riverside Dr & W 82 St,7388,40.7546011026,-73.971878855,40.78720869,-73.98128127,member
632406,AA07CA517310DD80,classic_bike,2021-08-03 18:06:43,2021-08-03 18:30:34,E 48 St & 3 Ave,6541,Riverside Dr & W 82 St,7388,40.7546011026,-73.971878855,40.78720869,-73.98128127,member
632410,819064873F08DCD1,electric_bike,2021-08-18 18:09:53,2021-08-18 18:30:36,E 48 St & 3 Ave,6541,Riverside Dr & W 82 St,7388,40.7546011026,-73.971878855,40.78720869,-73.98128127,member
632419,86D5D149B818ED9E,classic_bike,2021-08-30 17:44:23,2021-08-30 18:08:02,E 48 St & 3 Ave,6541,Riverside Dr & W 82 St,7388,40.7546011026,-73.971878855,40.78720869,-73.98128127,member
632430,0278D82D97ADA1BA,classic_bike,2021-08-16 01:50:19,2021-08-16 03:01:08,E 48 St & 3 Ave,6541,Christopher St & Greenwich St,5847,40.7546011026,-73.971878855,40.73291553,-74.00711384,casual
632504,0542F67678C99EE9,electric_bike,2021-08-11 18:11:44,2021-08-11 18:33:30,E 48 St & 3 Ave,6541,Riverside Dr & W 82 St,7388,40.7546011026,-73.971878855,40.78720869,-73.98128127,member
632508,AC0305BD49C04B43,electric_bike,2021-08-31 17:28:17,2021-08-31 17:48:27,E 48 St & 3 Ave,6541,Riverside Dr & W 82 St,7388,40.7546011026,-73.971878855,40.78720869,-73.98128127,member
632509,59DA845858E7D3CE,classic_bike,2021-08-12 18:14:39,2021-08-12 18:39:24,E 48 St & 3 Ave,6541,Riverside Dr & W 82 St,7388,40.7546011026,-73.971878855,40.78720869,-73.98128127,member
632605,9BE8470DF528FF98,classic_bike,2021-08-29 15:10:53,2021-08-29 15:52:31,E 48 St & 3 Ave,6541,Greenwich St & Hubert St,5470,40.7546011026,-73.971878855,40.721319,-74.010065,casual
632617,E31E1C0D5D80A24B,classic_bike,2021-08-24 18:08:17,2021-08-24 18:30:30,E 48 St & 3 Ave,6541,Riverside Dr & W 82 St,7388,40.7546011026,-73.971878855,40.78720869,-73.98128127,member
632623,6F176D5B71B88CFA,classic_bike,2021-08-19 13:50:48,2021-08-19 14:13:41,E 48 St & 3 Ave,6541,Mercer St & Bleecker St,5679,40.7546011026,-73.971878855,40.72706363348306,-73.99662137031554,member
632910,9DDD73B04F41825B,classic_bike,2021-08-24 17:45:57,2021-08-24 18:05:34,E 48 St & 3 Ave,6541,45 Rd & 11 St,6319,40.7546011026,-73.971878855,40.74708586,-73.94977234,member
633093,D2B3EF4FEED08876,classic_bike,2021-08-19 17:28:48,2021-08-19 17:53:09,E 48 St & 3 Ave,6541,Riverside Dr & W 82 St,7388,40.7546011026,-73.971878855,40.78720869,-73.98128127,member
642281,66B81FE8F0A452F8,classic_bike,2021-08-25 06:41:29,2021-08-25 06:54:24,E 48 St & 3 Ave,6541,W 20 St & 10 Ave,6306,40.7546011026,-73.971878855,40.745686,-74.005141,member
646073,715F84C1F183794E,classic_bike,2021-08-14 02:58:34,2021-08-14 03:22:52,E 48 St & 3 Ave,6541,Lenox Ave & W 117 St,7655,40.7546011026,-73.971878855,40.8025566,-73.9490782,member
646322,BCB3F741232232AC,classic_bike,2021-08-04 14:19:24,2021-08-04 14:32:25,E 48 St & 3 Ave,6541,5 Ave & E 63 St,6904,40.7546011026,-73.971878855,40.766368,-73.971518,member
646323,10FA436695FF93C5,electric_bike,2021-08-15 20:36:44,2021-08-15 21:24:55,E 48 St & 3 Ave,6541,Morris Ave & E 171 St,8209,40.7546011026,-73.971878855,40.83899,-73.9109,casual
646981,87A53B8464F0E3DE,electric_bike,2021-08-15 18:13:38,2021-08-15 18:34:45,E 48 St & 3 Ave,6541,W 20 St & 10 Ave,6306,40.7546011026,-73.971878855,40.745686,-74.005141,casual
647992,9DD018AE5D34248E,classic_bike,2021-08-18 18:21:29,2021-08-18 18:42:27,E 48 St & 3 Ave,6541,W 20 St & 10 Ave,6306,40.7546011026,-73.971878855,40.745686,-74.005141,casual
648942,3FB904D9D5E36BDF,classic_bike,2021-08-30 06:23:00,2021-08-30 06:36:20,E 48 St & 3 Ave,6541,W 20 St & 10 Ave,6306,40.7546011026,-73.971878855,40.745686,-74.005141,member
650091,40263E5E7B749596,classic_bike,2021-08-05 19:01:14,2021-08-05 19:16:06,E 48 St & 3 Ave,6541,5 Ave & E 63 St,6904,40.7546011026,-73.971878855,40.766368,-73.971518,casual
650095,F0A89DABF0C98940,classic_bike,2021-08-06 06:39:35,2021-08-06 06:53:24,E 48 St & 3 Ave,6541,W 20 St & 10 Ave,6306,40.7546011026,-73.971878855,40.745686,-74.005141,member
650096,C52C5F95B909B9B9,classic_bike,2021-08-04 06:41:49,2021-08-04 06:56:39,E 48 St & 3 Ave,6541,W 20 St & 10 Ave,6306,40.7546011026,-73.971878855,40.745686,-74.005141,member
650111,6834D286EEC2FB84,classic_bike,2021-08-17 18:16:57,2021-08-17 18:39:11,E 48 St & 3 Ave,6541,W 20 St & 10 Ave,6306,40.7546011026,-73.971878855,40.745686,-74.005141,casual
651043,44303F1DE4EA8046,electric_bike,2021-08-10 11:00:53,2021-08-10 11:09:54,E 48 St & 3 Ave,6541,5 Ave & E 63 St,6904,40.7546011026,-73.971878855,40.766368,-73.971518,member
651232,E1AC7DE810429038,electric_bike,2021-08-31 13:54:37,2021-08-31 14:00:34,E 48 St & 3 Ave,6541,5 Ave & E 63 St,6904,40.7546011026,-73.971878855,40.766368,-73.971518,member
651293,4A5032C76F189C13,classic_bike,2021-08-17 10:09:38,2021-08-17 10:32:54,E 48 St & 3 Ave,6541,W 20 St & 10 Ave,6306,40.7546011026,-73.971878855,40.745686,-74.005141,member
651294,DC2F429BE2D92902,classic_bike,2021-08-12 12:55:44,2021-08-12 13:06:19,E 48 St & 3 Ave,6541,5 Ave & E 63 St,6904,40.7546011026,-73.971878855,40.766368,-73.971518,member
662081,CC7AE71167679E0C,electric_bike,2021-08-09 15:27:32,2021-08-09 15:51:18,E 48 St & 3 Ave,6541,Hudson St & W 13 St,6115,40.7546011026,-73.971878855,40.74005708567285,-74.0052741765976,member
662613,7D5F585C9E1E2D9C,electric_bike,2021-08-09 15:30:25,2021-08-09 15:51:26,E 48 St & 3 Ave,6541,Hudson St & W 13 St,6115,40.7546011026,-73.971878855,40.74005708567285,-74.0052741765976,casual
663317,A665333ABC41F3FC,classic_bike,2021-08-14 16:06:44,2021-08-14 16:25:35,E 48 St & 3 Ave,6541,Hudson St & W 13 St,6115,40.7546011026,-73.971878855,40.74005708567285,-74.0052741765976,casual
664274,83C3D185C1452B01,classic_bike,2021-08-26 19:06:09,2021-08-26 21:10:34,E 48 St & 3 Ave,6541,Wards Meadow Comfort Station,7327,40.7546011026,-73.971878855,40.78294,-73.93077,member
675229,E3829445819F1AAA,classic_bike,2021-08-17 17:42:49,2021-08-17 17:55:03,E 48 St & 3 Ave,6541,E 25 St & 1 Ave,6004,40.7546011026,-73.971878855,40.7381765,-73.97738662,member
679855,0ABFCEB4F18BA9E2,electric_bike,2021-08-20 19:56:57,2021-08-20 20:13:36,E 48 St & 3 Ave,6541,Mott St & Prince St,5561,40.7546011026,-73.971878855,40.72317958,-73.99480012,member
680031,08C1323F2BDB4F73,electric_bike,2021-08-20 14:03:30,2021-08-20 14:11:19,E 48 St & 3 Ave,6541,E 25 St & 1 Ave,6004,40.7546011026,-73.971878855,40.7381765,-73.97738662,casual
681154,03B443F7DA69989C,classic_bike,2021-08-30 17:37:21,2021-08-30 18:08:32,E 48 St & 3 Ave,6541,Mott St & Prince St,5561,40.7546011026,-73.971878855,40.72317958,-73.99480012,member
681169,7933487AFFD72D57,classic_bike,2021-08-03 15:44:33,2021-08-03 15:56:46,E 48 St & 3 Ave,6541,E 25 St & 1 Ave,6004,40.7546011026,-73.971878855,40.7381765,-73.97738662,member
682591,D11A431043D46216,classic_bike,2021-08-17 16:22:06,2021-08-17 16:42:31,E 48 St & 3 Ave,6541,E 25 St & 1 Ave,6004,40.7546011026,-73.971878855,40.7381765,-73.97738662,member
682604,F82FB8D1F4E67F85,classic_bike,2021-08-07 02:25:41,2021-08-07 02:37:38,E 48 St & 3 Ave,6541,E 25 St & 1 Ave,6004,40.7546011026,-73.971878855,40.7381765,-73.97738662,member
697839,BE2F5363ACDA879F,classic_bike,2021-08-05 14:37:27,2021-08-05 15:06:11,E 48 St & 3 Ave,6541,Centre St & Worth St,5279,40.7546011026,-73.971878855,40.71494807,-74.00234482,member
698185,504E39ACB5AFCE07,classic_bike,2021-08-05 14:37:33,2021-08-05 15:06:09,E 48 St & 3 Ave,6541,Centre St & Worth St,5279,40.7546011026,-73.971878855,40.71494807,-74.00234482,member
698236,14E8B7B0236B00A3,classic_bike,2021-08-31 17:58:53,2021-08-31 18:27:06,E 48 St & 3 Ave,6541,Jay St & York St,4895,40.7546011026,-73.971878855,40.70140317257725,-73.98672670125961,member
699874,B1D385877FBE428A,electric_bike,2021-08-13 12:03:00,2021-08-13 12:07:06,E 48 St & 3 Ave,6541,E 50 St & Park Ave,6659,40.7546011026,-73.971878855,40.757334,-73.974235,member
699880,CF350FF4219B5486,classic_bike,2021-08-27 14:05:18,2021-08-27 14:08:41,E 48 St & 3 Ave,6541,E 50 St & Park Ave,6659,40.7546011026,-73.971878855,40.757334,-73.974235,member
700761,5B799EBF8E11F750,electric_bike,2021-08-07 19:18:50,2021-08-07 19:42:28,E 48 St & 3 Ave,6541,Hudson St & Reade St,5359,40.7546011026,-73.971878855,40.71625008,-74.0091059,casual
700853,9EC4E3987584D80C,electric_bike,2021-08-06 22:44:40,2021-08-06 23:39:01,E 48 St & 3 Ave,6541,Hudson St & Reade St,5359,40.7546011026,-73.971878855,40.71625008,-74.0091059,member
700856,B294F483FE85DA04,classic_bike,2021-08-06 12:41:52,2021-08-06 15:39:33,E 48 St & 3 Ave,6541,E 50 St & Park Ave,6659,40.7546011026,-73.971878855,40.757334,-73.974235,casual
700949,FE10717C2E3B79B1,classic_bike,2021-08-18 07:50:19,2021-08-18 07:54:09,E 48 St & 3 Ave,6541,E 50 St & Park Ave,6659,40.7546011026,-73.971878855,40.757334,-73.974235,member
701178,E41575304ABA52F1,classic_bike,2021-08-11 12:52:31,2021-08-11 12:55:04,E 48 St & 3 Ave,6541,E 50 St & Park Ave,6659,40.7546011026,-73.971878855,40.757334,-73.974235,member
709805,307EACEDD8E4060B,classic_bike,2021-08-04 17:34:04,2021-08-04 17:40:24,E 48 St & 3 Ave,6541,E 54 St & 1 Ave,6608,40.7546011026,-73.971878855,40.756265,-73.964179,member
709810,D3C5307396C9BCE1,classic_bike,2021-08-29 15:48:19,2021-08-29 15:52:11,E 48 St & 3 Ave,6541,E 58 St & 3 Ave,6762,40.7546011026,-73.971878855,40.76095756,-73.96724467,member
709814,F2B94F6F8D927BC7,classic_bike,2021-08-23 18:20:33,2021-08-23 18:32:15,E 48 St & 3 Ave,6541,E 63 St & 3 Ave,6830,40.7546011026,-73.971878855,40.763954,-73.9646,member
709816,437D0615DA5E9305,classic_bike,2021-08-13 18:55:55,2021-08-13 19:01:52,E 48 St & 3 Ave,6541,E 58 St & 3 Ave,6762,40.7546011026,-73.971878855,40.76095756,-73.96724467,member
709819,2A4B87DC5663E40B,electric_bike,2021-08-20 10:09:12,2021-08-20 10:26:56,E 48 St & 3 Ave,6541,Bank St & Washington St,5964,40.7546011026,-73.971878855,40.7361967,-74.00859207,member
709821,61C54AB71D28683D,classic_bike,2021-08-18 18:16:11,2021-08-18 18:27:35,E 48 St & 3 Ave,6541,E 63 St & 3 Ave,6830,40.7546011026,-73.971878855,40.763954,-73.9646,member
709832,A0EE7D81BC9F2FC0,classic_bike,2021-08-12 07:56:36,2021-08-12 08:01:12,E 48 St & 3 Ave,6541,E 54 St & 1 Ave,6608,40.7546011026,-73.971878855,40.756265,-73.964179,casual
716640,E8F579AEDCA756AB,classic_bike,2021-08-30 18:55:09,2021-08-30 19:06:57,E 48 St & 3 Ave,6541,E 63 St & 3 Ave,6830,40.7546011026,-73.971878855,40.763954,-73.9646,member
716645,B1C9D5A95A5772EB,electric_bike,2021-08-05 15:38:51,2021-08-05 16:19:25,E 48 St & 3 Ave,6541,Canal St & Rutgers St,5303,40.7546011026,-73.971878855,40.71427487,-73.98990025,casual
716648,EFDA00403532C8D6,classic_bike,2021-08-10 18:30:21,2021-08-10 18:34:36,E 48 St & 3 Ave,6541,E 54 St & 1 Ave,6608,40.7546011026,-73.971878855,40.756265,-73.964179,casual
717799,823D164A645AB0AF,classic_bike,2021-08-27 12:28:47,2021-08-27 12:34:21,E 48 St & 3 Ave,6541,E 54 St & 1 Ave,6608,40.7546011026,-73.971878855,40.756265,-73.964179,member
717802,81C6CA66955A682C,classic_bike,2021-08-12 18:23:25,2021-08-12 18:27:40,E 48 St & 3 Ave,6541,E 58 St & 3 Ave,6762,40.7546011026,-73.971878855,40.76095756,-73.96724467,member
717811,01054DC97D8F1CC9,electric_bike,2021-08-16 10:32:45,2021-08-16 10:38:01,E 48 St & 3 Ave,6541,E 58 St & 3 Ave,6762,40.7546011026,-73.971878855,40.76095756,-73.96724467,casual
717813,0BCFCCB235D5527E,electric_bike,2021-08-28 18:03:27,2021-08-28 18:08:40,E 48 St & 3 Ave,6541,E 58 St & 3 Ave,6762,40.7546011026,-73.971878855,40.76095756,-73.96724467,casual
717818,9131F68580C04D6D,electric_bike,2021-08-13 11:41:49,2021-08-13 11:45:01,E 48 St & 3 Ave,6541,E 58 St & 3 Ave,6762,40.7546011026,-73.971878855,40.76095756,-73.96724467,casual
718756,F23CC1C5892A58A8,electric_bike,2021-08-23 00:01:24,2021-08-23 00:05:45,E 48 St & 3 Ave,6541,E 63 St & 3 Ave,6830,40.7546011026,-73.971878855,40.763954,-73.9646,member
718764,D4F146700A58439C,classic_bike,2021-08-20 13:23:51,2021-08-20 13:28:51,E 48 St & 3 Ave,6541,E 58 St & 3 Ave,6762,40.7546011026,-73.971878855,40.76095756,-73.96724467,member
718766,F7E79C3EE97A4B18,classic_bike,2021-08-04 17:57:38,2021-08-04 18:04:09,E 48 St & 3 Ave,6541,E 63 St & 3 Ave,6830,40.7546011026,-73.971878855,40.763954,-73.9646,member
718775,9170781E6A55EEF2,classic_bike,2021-08-25 14:08:37,2021-08-25 14:15:01,E 48 St & 3 Ave,6541,E 54 St & 1 Ave,6608,40.7546011026,-73.971878855,40.756265,-73.964179,member
718778,55B3824BD2ACDC94,classic_bike,2021-08-17 16:42:50,2021-08-17 16:50:12,E 48 St & 3 Ave,6541,E 58 St & 3 Ave,6762,40.7546011026,-73.971878855,40.76095756,-73.96724467,casual
718785,C91D6BE09AA3E9B3,classic_bike,2021-08-18 11:48:31,2021-08-18 11:52:55,E 48 St & 3 Ave,6541,E 58 St & 3 Ave,6762,40.7546011026,-73.971878855,40.76095756,-73.96724467,casual
718793,611F06F296D55C48,electric_bike,2021-08-04 11:03:53,2021-08-04 11:06:57,E 48 St & 3 Ave,6541,E 58 St & 3 Ave,6762,40.7546011026,-73.971878855,40.76095756,-73.96724467,casual
724207,A1C48FDE33979677,electric_bike,2021-08-18 06:55:40,2021-08-18 07:00:25,E 48 St & 3 Ave,6541,E 63 St & 3 Ave,6830,40.7546011026,-73.971878855,40.763954,-73.9646,member
724209,E79FAC044257403C,classic_bike,2021-08-02 12:41:43,2021-08-02 12:46:21,E 48 St & 3 Ave,6541,E 54 St & 1 Ave,6608,40.7546011026,-73.971878855,40.756265,-73.964179,member
724212,79288F63FED810E2,classic_bike,2021-08-15 12:38:31,2021-08-15 12:42:43,E 48 St & 3 Ave,6541,E 58 St & 3 Ave,6762,40.7546011026,-73.971878855,40.76095756,-73.96724467,member
724213,2EFBDE88315A02B3,classic_bike,2021-08-08 16:19:59,2021-08-08 16:25:21,E 48 St & 3 Ave,6541,E 58 St & 3 Ave,6762,40.7546011026,-73.971878855,40.76095756,-73.96724467,member
724226,E15A1E163EA1350F,classic_bike,2021-08-03 16:19:44,2021-08-03 16:50:13,E 48 St & 3 Ave,6541,Canal St & Rutgers St,5303,40.7546011026,-73.971878855,40.71427487,-73.98990025,casual
728302,7596BFFA3E0AAADB,classic_bike,2021-08-13 15:16:54,2021-08-13 15:21:08,E 48 St & 3 Ave,6541,E 58 St & 3 Ave,6762,40.7546011026,-73.971878855,40.76095756,-73.96724467,casual
728307,D1766F408F4F527F,electric_bike,2021-08-14 14:30:29,2021-08-14 14:34:22,E 48 St & 3 Ave,6541,E 58 St & 3 Ave,6762,40.7546011026,-73.971878855,40.76095756,-73.96724467,casual
728308,DBD9D516260C0065,classic_bike,2021-08-17 18:29:38,2021-08-17 18:37:48,E 48 St & 3 Ave,6541,E 54 St & 1 Ave,6608,40.7546011026,-73.971878855,40.756265,-73.964179,casual
729077,6D4205258E9F2E7D,classic_bike,2021-08-15 14:38:13,2021-08-15 14:45:24,E 48 St & 3 Ave,6541,E 58 St & 3 Ave,6762,40.7546011026,-73.971878855,40.76095756,-73.96724467,member
729081,3C74FCACF082AC0A,classic_bike,2021-08-04 19:01:04,2021-08-04 19:05:42,E 48 St & 3 Ave,6541,E 58 St & 3 Ave,6762,40.7546011026,-73.971878855,40.76095756,-73.96724467,member
729083,03A2599219D8830F,classic_bike,2021-08-31 18:10:55,2021-08-31 18:23:37,E 48 St & 3 Ave,6541,E 63 St & 3 Ave,6830,40.7546011026,-73.971878855,40.763954,-73.9646,member
729088,FA0717F3EE2E8389,classic_bike,2021-08-13 17:25:02,2021-08-13 17:36:31,E 48 St & 3 Ave,6541,E 63 St & 3 Ave,6830,40.7546011026,-73.971878855,40.763954,-73.9646,member
729093,28DD44055A810FF6,electric_bike,2021-08-13 10:45:10,2021-08-13 10:48:27,E 48 St & 3 Ave,6541,E 58 St & 3 Ave,6762,40.7546011026,-73.971878855,40.76095756,-73.96724467,casual
729882,19193A9713FCCBD6,classic_bike,2021-08-31 14:02:45,2021-08-31 14:09:46,E 48 St & 3 Ave,6541,E 63 St & 3 Ave,6830,40.7546011026,-73.971878855,40.763954,-73.9646,member
729888,BB8B3314BD2779F7,electric_bike,2021-08-11 12:21:36,2021-08-11 12:27:21,E 48 St & 3 Ave,6541,E 58 St & 3 Ave,6762,40.7546011026,-73.971878855,40.76095756,-73.96724467,member
730481,AD1F7B83AC21C45F,classic_bike,2021-08-17 16:25:41,2021-08-17 16:30:39,E 48 St & 3 Ave,6541,E 63 St & 3 Ave,6830,40.7546011026,-73.971878855,40.763954,-73.9646,member
730483,AA15F6AF1F72514B,classic_bike,2021-08-11 17:34:25,2021-08-11 17:46:13,E 48 St & 3 Ave,6541,E 63 St & 3 Ave,6830,40.7546011026,-73.971878855,40.763954,-73.9646,member
730490,2B0A6762EBB24E51,electric_bike,2021-08-05 09:17:16,2021-08-05 09:22:17,E 48 St & 3 Ave,6541,E 63 St & 3 Ave,6830,40.7546011026,-73.971878855,40.763954,-73.9646,member
730492,F5F850A5D3F1A97A,classic_bike,2021-08-24 13:15:03,2021-08-24 13:29:23,E 48 St & 3 Ave,6541,E 58 St & 3 Ave,6762,40.7546011026,-73.971878855,40.76095756,-73.96724467,member
730494,0CE6297747B856AA,classic_bike,2021-08-06 17:55:32,2021-08-06 18:05:47,E 48 St & 3 Ave,6541,E 63 St & 3 Ave,6830,40.7546011026,-73.971878855,40.763954,-73.9646,member
730587,A143630427A715D3,classic_bike,2021-08-29 12:56:54,2021-08-29 13:01:29,E 48 St & 3 Ave,6541,E 58 St & 3 Ave,6762,40.7546011026,-73.971878855,40.76095756,-73.96724467,member
730603,AFB7606E5A69251D,classic_bike,2021-08-16 18:40:15,2021-08-16 18:48:08,E 48 St & 3 Ave,6541,E 58 St & 3 Ave,6762,40.7546011026,-73.971878855,40.76095756,-73.96724467,member
730610,1561E2308EDE37E4,classic_bike,2021-08-27 13:30:31,2021-08-27 13:34:26,E 48 St & 3 Ave,6541,E 58 St & 3 Ave,6762,40.7546011026,-73.971878855,40.76095756,-73.96724467,member
730613,CE486B2A23F8CCDB,classic_bike,2021-08-09 18:01:14,2021-08-09 18:08:14,E 48 St & 3 Ave,6541,E 58 St & 3 Ave,6762,40.7546011026,-73.971878855,40.76095756,-73.96724467,member
730616,6240ACD72D16A978,classic_bike,2021-08-04 14:24:45,2021-08-04 14:31:22,E 48 St & 3 Ave,6541,E 58 St & 3 Ave,6762,40.7546011026,-73.971878855,40.76095756,-73.96724467,member
730619,497BAC6C9E560E26,classic_bike,2021-08-17 16:41:34,2021-08-17 16:50:06,E 48 St & 3 Ave,6541,E 58 St & 3 Ave,6762,40.7546011026,-73.971878855,40.76095756,-73.96724467,casual
730660,92F39115D5B31A7C,electric_bike,2021-08-15 02:16:47,2021-08-15 03:02:07,E 48 St & 3 Ave,6541,E 58 St & 3 Ave,6762,40.7546011026,-73.971878855,40.76095756,-73.96724467,member
731532,C6C22F5CAAEF1FAD,classic_bike,2021-08-07 18:24:52,2021-08-07 18:28:45,E 48 St & 3 Ave,6541,E 58 St & 3 Ave,6762,40.7546011026,-73.971878855,40.76095756,-73.96724467,member
731534,F33480DCD9ADB058,classic_bike,2021-08-02 13:40:58,2021-08-02 13:46:25,E 48 St & 3 Ave,6541,E 54 St & 1 Ave,6608,40.7546011026,-73.971878855,40.756265,-73.964179,member
731538,7B106393AA0D49E2,electric_bike,2021-08-09 06:47:53,2021-08-09 06:53:15,E 48 St & 3 Ave,6541,E 63 St & 3 Ave,6830,40.7546011026,-73.971878855,40.763954,-73.9646,casual
731546,7758B085F5816E12,classic_bike,2021-08-19 13:26:44,2021-08-19 13:31:43,E 48 St & 3 Ave,6541,E 58 St & 3 Ave,6762,40.7546011026,-73.971878855,40.76095756,-73.96724467,casual
731551,7029394998D10465,electric_bike,2021-08-19 11:39:31,2021-08-19 11:42:24,E 48 St & 3 Ave,6541,E 58 St & 3 Ave,6762,40.7546011026,-73.971878855,40.76095756,-73.96724467,casual
731776,2DD968BCA40E5135,classic_bike,2021-08-15 10:09:43,2021-08-15 10:16:37,E 48 St & 3 Ave,6541,E 54 St & 1 Ave,6608,40.7546011026,-73.971878855,40.756265,-73.964179,member
731782,959F69190C9FA1E6,electric_bike,2021-08-05 08:34:54,2021-08-05 08:38:27,E 48 St & 3 Ave,6541,E 58 St & 3 Ave,6762,40.7546011026,-73.971878855,40.76095756,-73.96724467,casual
732710,CD570B9F2795E7CF,classic_bike,2021-08-12 07:18:08,2021-08-12 07:21:54,E 48 St & 3 Ave,6541,E 58 St & 3 Ave,6762,40.7546011026,-73.971878855,40.76095756,-73.96724467,member
732716,7094DD48C02941BE,electric_bike,2021-08-06 17:44:08,2021-08-06 17:52:08,E 48 St & 3 Ave,6541,E 63 St & 3 Ave,6830,40.7546011026,-73.971878855,40.763954,-73.9646,member
732717,5290D73982423BE1,classic_bike,2021-08-19 18:06:00,2021-08-19 18:16:14,E 48 St & 3 Ave,6541,E 63 St & 3 Ave,6830,40.7546011026,-73.971878855,40.763954,-73.9646,member
732735,6D20691F67185B8E,classic_bike,2021-08-21 15:18:14,2021-08-21 15:22:36,E 48 St & 3 Ave,6541,E 58 St & 3 Ave,6762,40.7546011026,-73.971878855,40.76095756,-73.96724467,member
732769,143423FCD5CCB333,classic_bike,2021-08-19 12:04:51,2021-08-19 12:10:21,E 48 St & 3 Ave,6541,E 58 St & 3 Ave,6762,40.7546011026,-73.971878855,40.76095756,-73.96724467,member
732785,7D48609CDE8E8B34,classic_bike,2021-08-18 18:39:52,2021-08-18 18:44:58,E 48 St & 3 Ave,6541,E 54 St & 1 Ave,6608,40.7546011026,-73.971878855,40.756265,-73.964179,member
732808,DE01779DC0E89FCB,classic_bike,2021-08-31 18:34:24,2021-08-31 18:38:37,E 48 St & 3 Ave,6541,E 58 St & 3 Ave,6762,40.7546011026,-73.971878855,40.76095756,-73.96724467,member
732810,B55F82C81AAA797D,classic_bike,2021-08-21 17:21:50,2021-08-21 17:35:28,E 48 St & 3 Ave,6541,E 58 St & 3 Ave,6762,40.7546011026,-73.971878855,40.76095756,-73.96724467,member
732815,5F3B5519CB8F2371,classic_bike,2021-08-21 00:17:52,2021-08-21 00:41:34,E 48 St & 3 Ave,6541,W 15 St & 6 Ave,5989,40.7546011026,-73.971878855,40.738046142482766,-73.99642959237099,member
732820,EEFD7FC27BB38993,classic_bike,2021-08-04 16:50:08,2021-08-04 16:59:27,E 48 St & 3 Ave,6541,E 63 St & 3 Ave,6830,40.7546011026,-73.971878855,40.763954,-73.9646,member
732823,BE64EFAB7DA54265,classic_bike,2021-08-10 17:23:32,2021-08-10 17:34:18,E 48 St & 3 Ave,6541,E 63 St & 3 Ave,6830,40.7546011026,-73.971878855,40.763954,-73.9646,member
732841,1E8049D07F126FAB,electric_bike,2021-08-18 09:14:38,2021-08-18 09:19:23,E 48 St & 3 Ave,6541,E 63 St & 3 Ave,6830,40.7546011026,-73.971878855,40.763954,-73.9646,member
732842,678E80337468FE94,classic_bike,2021-08-26 19:09:03,2021-08-26 19:23:29,E 48 St & 3 Ave,6541,E 63 St & 3 Ave,6830,40.7546011026,-73.971878855,40.763954,-73.9646,member
732843,A839A2CADB6D9C37,classic_bike,2021-08-20 17:46:13,2021-08-20 17:56:43,E 48 St & 3 Ave,6541,E 63 St & 3 Ave,6830,40.7546011026,-73.971878855,40.763954,-73.9646,member
732845,1C9D69F4D08FE14D,classic_bike,2021-08-15 10:10:06,2021-08-15 10:16:59,E 48 St & 3 Ave,6541,E 54 St & 1 Ave,6608,40.7546011026,-73.971878855,40.756265,-73.964179,member
732853,B3932E268131A23A,classic_bike,2021-08-25 08:46:33,2021-08-25 08:51:15,E 48 St & 3 Ave,6541,E 58 St & 3 Ave,6762,40.7546011026,-73.971878855,40.76095756,-73.96724467,casual
732858,212729AAA25C3C80,classic_bike,2021-08-24 18:32:56,2021-08-24 18:48:07,E 48 St & 3 Ave,6541,E 54 St & 1 Ave,6608,40.7546011026,-73.971878855,40.756265,-73.964179,member
732863,FFA2148126B196AA,classic_bike,2021-08-31 12:17:29,2021-08-31 12:21:34,E 48 St & 3 Ave,6541,E 58 St & 3 Ave,6762,40.7546011026,-73.971878855,40.76095756,-73.96724467,casual
732875,36665B511553AFF3,classic_bike,2021-08-11 18:49:30,2021-08-11 18:57:10,E 48 St & 3 Ave,6541,E 54 St & 1 Ave,6608,40.7546011026,-73.971878855,40.756265,-73.964179,member
732925,9CD59569D3162CBB,classic_bike,2021-08-13 16:47:47,2021-08-13 16:54:41,E 48 St & 3 Ave,6541,E 63 St & 3 Ave,6830,40.7546011026,-73.971878855,40.763954,-73.9646,member
732932,D872BABC833F8265,classic_bike,2021-08-30 20:12:50,2021-08-30 20:17:28,E 48 St & 3 Ave,6541,E 63 St & 3 Ave,6830,40.7546011026,-73.971878855,40.763954,-73.9646,member
732934,3E281B7B0ED2B29B,classic_bike,2021-08-25 14:43:33,2021-08-25 14:48:21,E 48 St & 3 Ave,6541,E 58 St & 3 Ave,6762,40.7546011026,-73.971878855,40.76095756,-73.96724467,member
733204,AE81D61749280B80,classic_bike,2021-08-11 10:33:10,2021-08-11 10:38:52,E 48 St & 3 Ave,6541,E 54 St & 1 Ave,6608,40.7546011026,-73.971878855,40.756265,-73.964179,member
733206,8BFB784E454DDEA8,electric_bike,2021-08-20 07:47:56,2021-08-20 07:50:34,E 48 St & 3 Ave,6541,E 58 St & 3 Ave,6762,40.7546011026,-73.971878855,40.76095756,-73.96724467,member
733208,A931FEEBD8EFCD69,electric_bike,2021-08-17 12:19:46,2021-08-17 12:22:50,E 48 St & 3 Ave,6541,E 58 St & 3 Ave,6762,40.7546011026,-73.971878855,40.76095756,-73.96724467,member
733212,8CDE5FEB063AA62E,classic_bike,2021-08-09 18:11:10,2021-08-09 18:15:30,E 48 St & 3 Ave,6541,E 54 St & 1 Ave,6608,40.7546011026,-73.971878855,40.756265,-73.964179,member
735426,20A6ED1BC44AD0FC,classic_bike,2021-08-17 19:53:03,2021-08-17 19:58:32,E 48 St & 3 Ave,6541,E 63 St & 3 Ave,6830,40.7546011026,-73.971878855,40.763954,-73.9646,member
735429,8FC07B1AE3B346F6,classic_bike,2021-08-29 14:41:18,2021-08-29 14:48:22,E 48 St & 3 Ave,6541,E 58 St & 3 Ave,6762,40.7546011026,-73.971878855,40.76095756,-73.96724467,member
735431,5ECA5705017D27AF,classic_bike,2021-08-03 16:05:25,2021-08-03 16:11:09,E 48 St & 3 Ave,6541,E 63 St & 3 Ave,6830,40.7546011026,-73.971878855,40.763954,-73.9646,casual
735437,DBD237F11A091849,electric_bike,2021-08-10 09:20:36,2021-08-10 09:25:17,E 48 St & 3 Ave,6541,E 54 St & 1 Ave,6608,40.7546011026,-73.971878855,40.756265,-73.964179,member
735439,1C559B902FF02BC6,electric_bike,2021-08-11 10:32:18,2021-08-11 10:35:50,E 48 St & 3 Ave,6541,E 58 St & 3 Ave,6762,40.7546011026,-73.971878855,40.76095756,-73.96724467,member
735441,C5845699264CAA9B,electric_bike,2021-08-23 11:46:04,2021-08-23 11:49:03,E 48 St & 3 Ave,6541,E 58 St & 3 Ave,6762,40.7546011026,-73.971878855,40.76095756,-73.96724467,casual
735455,CC2723229517C6F3,classic_bike,2021-08-15 11:27:53,2021-08-15 11:32:51,E 48 St & 3 Ave,6541,E 58 St & 3 Ave,6762,40.7546011026,-73.971878855,40.76095756,-73.96724467,casual
735644,4C6AC46C30DC18F2,electric_bike,2021-08-24 09:28:29,2021-08-24 09:32:19,E 48 St & 3 Ave,6541,E 58 St & 3 Ave,6762,40.7546011026,-73.971878855,40.76095756,-73.96724467,casual
735646,73904A3E9E81B654,classic_bike,2021-08-23 18:08:50,2021-08-23 18:13:43,E 48 St & 3 Ave,6541,E 54 St & 1 Ave,6608,40.7546011026,-73.971878855,40.756265,-73.964179,member
735647,12A020D7DF7A30E3,classic_bike,2021-08-12 18:09:35,2021-08-12 18:13:51,E 48 St & 3 Ave,6541,E 54 St & 1 Ave,6608,40.7546011026,-73.971878855,40.756265,-73.964179,member
735650,568D1CA07A88F811,classic_bike,2021-08-11 17:21:33,2021-08-11 17:28:40,E 48 St & 3 Ave,6541,E 63 St & 3 Ave,6830,40.7546011026,-73.971878855,40.763954,-73.9646,member
735656,17057A54062C0A92,electric_bike,2021-08-21 09:59:48,2021-08-21 10:02:38,E 48 St & 3 Ave,6541,E 58 St & 3 Ave,6762,40.7546011026,-73.971878855,40.76095756,-73.96724467,member
735670,8F83E455CB923150,electric_bike,2021-08-16 19:52:51,2021-08-16 20:37:27,E 48 St & 3 Ave,6541,E 54 St & 1 Ave,6608,40.7546011026,-73.971878855,40.756265,-73.964179,member
736254,90D18644402E0405,electric_bike,2021-08-17 04:27:01,2021-08-17 04:33:38,E 48 St & 3 Ave,6541,E 63 St & 3 Ave,6830,40.7546011026,-73.971878855,40.763954,-73.9646,member
736273,C0439B42444CF713,classic_bike,2021-08-31 15:48:31,2021-08-31 15:53:28,E 48 St & 3 Ave,6541,E 58 St & 3 Ave,6762,40.7546011026,-73.971878855,40.76095756,-73.96724467,member
736285,DC460ED9D359581E,classic_bike,2021-08-02 17:23:53,2021-08-02 17:28:24,E 48 St & 3 Ave,6541,E 58 St & 3 Ave,6762,40.7546011026,-73.971878855,40.76095756,-73.96724467,member
736300,BDA5EBE3E6AE95F0,classic_bike,2021-08-05 17:50:03,2021-08-05 18:00:50,E 48 St & 3 Ave,6541,E 63 St & 3 Ave,6830,40.7546011026,-73.971878855,40.763954,-73.9646,member
736445,BEB5DE1060B198ED,classic_bike,2021-08-28 12:26:29,2021-08-28 12:32:52,E 48 St & 3 Ave,6541,E 63 St & 3 Ave,6830,40.7546011026,-73.971878855,40.763954,-73.9646,member
736447,DD2B8A218FFF865F,classic_bike,2021-08-13 12:35:57,2021-08-13 12:40:31,E 48 St & 3 Ave,6541,E 58 St & 3 Ave,6762,40.7546011026,-73.971878855,40.76095756,-73.96724467,member
736623,A9996E9AFA684A62,classic_bike,2021-08-30 12:49:53,2021-08-30 12:54:08,E 48 St & 3 Ave,6541,E 58 St & 3 Ave,6762,40.7546011026,-73.971878855,40.76095756,-73.96724467,member
736638,4F5D414A27AA0D5C,classic_bike,2021-08-10 14:16:19,2021-08-10 14:22:02,E 48 St & 3 Ave,6541,E 63 St & 3 Ave,6830,40.7546011026,-73.971878855,40.763954,-73.9646,member
736651,34157E4A56690E7F,classic_bike,2021-08-25 18:54:43,2021-08-25 19:07:37,E 48 St & 3 Ave,6541,E 63 St & 3 Ave,6830,40.7546011026,-73.971878855,40.763954,-73.9646,member
736652,172DEB362B70C581,classic_bike,2021-08-16 17:50:06,2021-08-16 18:06:44,E 48 St & 3 Ave,6541,E 63 St & 3 Ave,6830,40.7546011026,-73.971878855,40.763954,-73.9646,member
736658,4E581A2DADEFC47E,classic_bike,2021-08-13 18:57:40,2021-08-13 19:03:25,E 48 St & 3 Ave,6541,E 58 St & 3 Ave,6762,40.7546011026,-73.971878855,40.76095756,-73.96724467,member
736665,9B9E305E768F45E5,classic_bike,2021-08-12 16:04:44,2021-08-12 16:15:31,E 48 St & 3 Ave,6541,E 63 St & 3 Ave,6830,40.7546011026,-73.971878855,40.763954,-73.9646,member
736667,84ECC7A5DEBFFC3B,electric_bike,2021-08-28 15:58:33,2021-08-28 16:01:36,E 48 St & 3 Ave,6541,E 58 St & 3 Ave,6762,40.7546011026,-73.971878855,40.76095756,-73.96724467,casual
736680,4DB1FF256C7282A0,classic_bike,2021-08-11 20:11:22,2021-08-11 20:17:28,E 48 St & 3 Ave,6541,E 63 St & 3 Ave,6830,40.7546011026,-73.971878855,40.763954,-73.9646,member
736706,BF8CD5FE59394A65,electric_bike,2021-08-05 10:09:26,2021-08-05 10:13:17,E 48 St & 3 Ave,6541,E 54 St & 1 Ave,6608,40.7546011026,-73.971878855,40.756265,-73.964179,member
737070,6FFDD5CF93D15A3C,classic_bike,2021-08-27 07:41:03,2021-08-27 07:45:42,E 48 St & 3 Ave,6541,E 58 St & 3 Ave,6762,40.7546011026,-73.971878855,40.76095756,-73.96724467,member
737071,0AD4E483395E0600,classic_bike,2021-08-09 17:57:21,2021-08-09 18:08:21,E 48 St & 3 Ave,6541,E 63 St & 3 Ave,6830,40.7546011026,-73.971878855,40.763954,-73.9646,member
737072,D4FEDE00A74AD2CE,classic_bike,2021-08-03 17:46:33,2021-08-03 17:58:05,E 48 St & 3 Ave,6541,E 63 St & 3 Ave,6830,40.7546011026,-73.971878855,40.763954,-73.9646,member
737077,B0D186272A8D51AB,electric_bike,2021-08-05 12:26:49,2021-08-05 12:30:19,E 48 St & 3 Ave,6541,E 58 St & 3 Ave,6762,40.7546011026,-73.971878855,40.76095756,-73.96724467,member
737157,69E1C595BFD82BDD,classic_bike,2021-08-15 10:50:19,2021-08-15 10:56:09,E 48 St & 3 Ave,6541,E 58 St & 3 Ave,6762,40.7546011026,-73.971878855,40.76095756,-73.96724467,member
739179,2993E61C1D656F23,electric_bike,2021-08-03 17:05:36,2021-08-03 17:32:56,E 48 St & 3 Ave,6541,21 St & 21 Ave,7314,40.7546011026,-73.971878855,40.782465,-73.914527,member
739180,B519B504857D84ED,classic_bike,2021-08-18 17:34:45,2021-08-18 17:39:44,E 48 St & 3 Ave,6541,E 54 St & 1 Ave,6608,40.7546011026,-73.971878855,40.756265,-73.964179,member
739183,31E6A8073BD09778,electric_bike,2021-08-16 06:47:04,2021-08-16 06:52:30,E 48 St & 3 Ave,6541,E 63 St & 3 Ave,6830,40.7546011026,-73.971878855,40.763954,-73.9646,casual
752246,025F4401C692A029,electric_bike,2021-08-28 18:03:27,2021-08-28 18:46:19,E 48 St & 3 Ave,6541,31 Ave & Steinway St,6782,40.7546011026,-73.971878855,40.7611488,-73.9170071,member
755742,3BA5C9B4078F6E17,classic_bike,2021-08-02 17:35:56,2021-08-02 17:56:57,E 48 St & 3 Ave,6541,Franklin St & Dupont St,5944,40.7546011026,-73.971878855,40.73564,-73.95866,member
756127,A4E6E738133EEC39,electric_bike,2021-08-27 13:51:47,2021-08-27 14:06:17,E 48 St & 3 Ave,6541,E 88 St & 1 Ave,7235,40.7546011026,-73.971878855,40.778301,-73.9488134,member
756133,1AE2E886B33F491B,classic_bike,2021-08-31 17:40:54,2021-08-31 17:42:30,E 48 St & 3 Ave,6541,E 45 St & 3 Ave,6464,40.7546011026,-73.971878855,40.75255434,-73.97282625,member
756134,36E63748FB729DA8,classic_bike,2021-08-31 17:45:43,2021-08-31 17:47:41,E 48 St & 3 Ave,6541,E 45 St & 3 Ave,6464,40.7546011026,-73.971878855,40.75255434,-73.97282625,member
756985,C8B46518DC3E9BD1,classic_bike,2021-08-25 18:08:36,2021-08-25 18:21:26,E 48 St & 3 Ave,6541,E 88 St & 1 Ave,7235,40.7546011026,-73.971878855,40.778301,-73.9488134,member
757295,7682671EF31D4999,classic_bike,2021-08-13 13:54:16,2021-08-13 13:55:29,E 48 St & 3 Ave,6541,E 45 St & 3 Ave,6464,40.7546011026,-73.971878855,40.75255434,-73.97282625,member
757807,732FA7FF6A5612C5,classic_bike,2021-08-11 17:51:34,2021-08-11 18:41:11,E 48 St & 3 Ave,6541,31 Ave & Steinway St,6782,40.7546011026,-73.971878855,40.7611488,-73.9170071,casual
758337,B3C9F8982EAF03FF,classic_bike,2021-08-03 15:28:21,2021-08-03 15:32:35,E 48 St & 3 Ave,6541,E 45 St & 3 Ave,6464,40.7546011026,-73.971878855,40.75255434,-73.97282625,member
758344,E8A69D5F53952FDC,classic_bike,2021-08-10 17:41:55,2021-08-10 18:20:59,E 48 St & 3 Ave,6541,Broadway & Berry St,5164,40.7546011026,-73.971878855,40.71044554,-73.96525063,member
758345,AD315240C62D9554,classic_bike,2021-08-17 12:11:25,2021-08-17 12:16:53,E 48 St & 3 Ave,6541,E 45 St & 3 Ave,6464,40.7546011026,-73.971878855,40.75255434,-73.97282625,member
758778,3D56672BA49EE824,electric_bike,2021-08-05 16:42:58,2021-08-05 17:11:19,E 48 St & 3 Ave,6541,62 St & Northern Blvd,6536,40.7546011026,-73.971878855,40.754176,-73.900318,member
759342,912F81A897A539D0,classic_bike,2021-08-14 09:11:18,2021-08-14 09:31:49,E 48 St & 3 Ave,6541,Allen St & Rivington St,5414,40.7546011026,-73.971878855,40.72019576,-73.98997825,casual
759478,81B17FB706D2B231,electric_bike,2021-08-08 14:11:12,2021-08-08 14:34:18,E 48 St & 3 Ave,6541,31 Ave & Steinway St,6782,40.7546011026,-73.971878855,40.7611488,-73.9170071,member
759533,B24597FAA4F1EA4B,electric_bike,2021-08-26 17:58:06,2021-08-26 18:26:34,E 48 St & 3 Ave,6541,Broadway & Berry St,5164,40.7546011026,-73.971878855,40.71044554,-73.96525063,casual
760638,FB69FB1E06DB00E5,classic_bike,2021-08-25 16:30:56,2021-08-25 16:32:20,E 48 St & 3 Ave,6541,E 45 St & 3 Ave,6464,40.7546011026,-73.971878855,40.75255434,-73.97282625,member
760686,F54470C009CFD8C7,classic_bike,2021-08-25 17:51:17,2021-08-25 18:06:32,E 48 St & 3 Ave,6541,E 88 St & 1 Ave,7235,40.7546011026,-73.971878855,40.778301,-73.9488134,member
760689,46A2444F888D84B9,classic_bike,2021-08-10 17:57:26,2021-08-10 18:44:27,E 48 St & 3 Ave,6541,31 Ave & Steinway St,6782,40.7546011026,-73.971878855,40.7611488,-73.9170071,casual
761265,2EB68C1C25EA8B71,classic_bike,2021-08-28 04:31:45,2021-08-28 04:42:51,E 48 St & 3 Ave,6541,E 45 St & 3 Ave,6464,40.7546011026,-73.971878855,40.75255434,-73.97282625,casual
761269,D3C4B14517E5CFC8,electric_bike,2021-08-25 02:50:40,2021-08-25 03:34:01,E 48 St & 3 Ave,6541,E 45 St & 3 Ave,6464,40.7546011026,-73.971878855,40.75255434,-73.97282625,casual
761282,51C1F7D77061298A,classic_bike,2021-08-02 12:27:56,2021-08-02 12:31:07,E 48 St & 3 Ave,6541,E 45 St & 3 Ave,6464,40.7546011026,-73.971878855,40.75255434,-73.97282625,member
761286,1D0D7F6347D159A0,classic_bike,2021-08-30 17:05:36,2021-08-30 17:44:10,E 48 St & 3 Ave,6541,62 St & Northern Blvd,6536,40.7546011026,-73.971878855,40.754176,-73.900318,member
761309,FB07776CC565C327,classic_bike,2021-08-18 00:19:40,2021-08-18 00:23:28,E 48 St & 3 Ave,6541,E 45 St & 3 Ave,6464,40.7546011026,-73.971878855,40.75255434,-73.97282625,member
761736,1558CB5EC1D37460,classic_bike,2021-08-07 00:17:42,2021-08-07 00:20:06,E 48 St & 3 Ave,6541,E 45 St & 3 Ave,6464,40.7546011026,-73.971878855,40.75255434,-73.97282625,member
761739,A64C4B58C0A587E7,classic_bike,2021-08-17 18:11:40,2021-08-17 18:24:15,E 48 St & 3 Ave,6541,E 88 St & 1 Ave,7235,40.7546011026,-73.971878855,40.778301,-73.9488134,member
761749,3170EC9DC95B8715,classic_bike,2021-08-31 18:10:58,2021-08-31 18:26:12,E 48 St & 3 Ave,6541,E 88 St & 1 Ave,7235,40.7546011026,-73.971878855,40.778301,-73.9488134,member
761762,9EF61BC59D0DAF47,classic_bike,2021-08-16 18:46:12,2021-08-16 19:05:17,E 48 St & 3 Ave,6541,E 88 St & 1 Ave,7235,40.7546011026,-73.971878855,40.778301,-73.9488134,member
762459,E486A799422C5353,classic_bike,2021-08-07 22:26:14,2021-08-07 22:40:18,E 48 St & 3 Ave,6541,W 37 St & 10 Ave,6611,40.7546011026,-73.971878855,40.75660359,-73.9979009,member
762463,A207259D032ED949,classic_bike,2021-08-16 16:51:13,2021-08-16 17:08:02,E 48 St & 3 Ave,6541,W 37 St & 10 Ave,6611,40.7546011026,-73.971878855,40.75660359,-73.9979009,casual
764377,DAAF08E7E2CE8CE8,classic_bike,2021-08-02 17:05:43,2021-08-02 17:18:47,E 48 St & 3 Ave,6541,W 34 St & 11 Ave,6578,40.7546011026,-73.971878855,40.75594159,-74.0021163,member
765603,6A7624E5804406DA,classic_bike,2021-08-05 19:28:18,2021-08-05 19:36:12,E 48 St & 3 Ave,6541,E 68 St & 3 Ave,6896,40.7546011026,-73.971878855,40.76712840349542,-73.96224617958069,casual
768982,73E4C2A6D9A10150,classic_bike,2021-08-16 01:49:11,2021-08-16 03:48:27,E 48 St & 3 Ave,6541,W 34 St & 11 Ave,6578,40.7546011026,-73.971878855,40.75594159,-74.0021163,casual
768986,3D90F4B2DB08D965,classic_bike,2021-08-25 16:21:54,2021-08-25 16:28:25,E 48 St & 3 Ave,6541,E 68 St & 3 Ave,6896,40.7546011026,-73.971878855,40.76712840349542,-73.96224617958069,member
768988,38A11139E7C854BC,electric_bike,2021-08-10 02:00:17,2021-08-10 02:23:50,E 48 St & 3 Ave,6541,W 37 St & 10 Ave,6611,40.7546011026,-73.971878855,40.75660359,-73.9979009,member
768989,C0B3BA4178491CD7,electric_bike,2021-08-29 09:42:34,2021-08-29 09:56:27,E 48 St & 3 Ave,6541,W 34 St & 11 Ave,6578,40.7546011026,-73.971878855,40.75594159,-74.0021163,member
775507,A974144940528603,classic_bike,2021-08-20 12:44:43,2021-08-20 13:04:57,E 48 St & 3 Ave,6541,W 34 St & 11 Ave,6578,40.7546011026,-73.971878855,40.75594159,-74.0021163,casual
775508,AD608C1495165EA7,classic_bike,2021-08-04 20:22:43,2021-08-04 20:40:06,E 48 St & 3 Ave,6541,W 37 St & 10 Ave,6611,40.7546011026,-73.971878855,40.75660359,-73.9979009,casual
777120,FBF75A922C81196A,electric_bike,2021-08-23 14:40:23,2021-08-23 14:51:19,E 48 St & 3 Ave,6541,W 37 St & 10 Ave,6611,40.7546011026,-73.971878855,40.75660359,-73.9979009,casual
777130,8E4D755753571D63,classic_bike,2021-08-24 16:16:40,2021-08-24 16:23:18,E 48 St & 3 Ave,6541,E 68 St & 3 Ave,6896,40.7546011026,-73.971878855,40.76712840349542,-73.96224617958069,member
777132,7FCF093FB3E87056,classic_bike,2021-08-26 14:41:14,2021-08-26 14:53:27,E 48 St & 3 Ave,6541,W 34 St & 11 Ave,6578,40.7546011026,-73.971878855,40.75594159,-74.0021163,member
777262,2D06CA3B6D196A96,classic_bike,2021-08-23 16:44:37,2021-08-23 16:51:04,E 48 St & 3 Ave,6541,E 68 St & 3 Ave,6896,40.7546011026,-73.971878855,40.76712840349542,-73.96224617958069,member
777267,AFA539A752635236,electric_bike,2021-08-03 11:57:55,2021-08-03 12:09:51,E 48 St & 3 Ave,6541,W 34 St & 11 Ave,6578,40.7546011026,-73.971878855,40.75594159,-74.0021163,member
778298,43E019F195CB6D9F,classic_bike,2021-08-11 18:20:13,2021-08-11 18:36:00,E 48 St & 3 Ave,6541,E 68 St & 3 Ave,6896,40.7546011026,-73.971878855,40.76712840349542,-73.96224617958069,member
778311,172044001A5A0387,classic_bike,2021-08-27 14:13:06,2021-08-27 14:27:01,E 48 St & 3 Ave,6541,W 34 St & 11 Ave,6578,40.7546011026,-73.971878855,40.75594159,-74.0021163,member
778317,7FE5764FE8949F10,classic_bike,2021-08-09 17:26:12,2021-08-09 17:38:37,E 48 St & 3 Ave,6541,E 68 St & 3 Ave,6896,40.7546011026,-73.971878855,40.76712840349542,-73.96224617958069,casual
779220,32DC7391B88AC554,classic_bike,2021-08-20 12:44:45,2021-08-20 13:05:02,E 48 St & 3 Ave,6541,W 34 St & 11 Ave,6578,40.7546011026,-73.971878855,40.75594159,-74.0021163,casual
779222,756CDEF7AC4E4130,electric_bike,2021-08-25 05:36:41,2021-08-25 05:53:37,E 48 St & 3 Ave,6541,W 34 St & 11 Ave,6578,40.7546011026,-73.971878855,40.75594159,-74.0021163,casual
779497,46E2A5AF92508E4B,classic_bike,2021-08-19 18:05:29,2021-08-19 18:20:05,E 48 St & 3 Ave,6541,W 37 St & 10 Ave,6611,40.7546011026,-73.971878855,40.75660359,-73.9979009,member
779516,DCE3DD49BBC95402,electric_bike,2021-08-10 13:18:57,2021-08-10 13:25:31,E 48 St & 3 Ave,6541,E 68 St & 3 Ave,6896,40.7546011026,-73.971878855,40.76712840349542,-73.96224617958069,member
779672,05E6CDA9ACE33AFC,electric_bike,2021-08-12 13:35:15,2021-08-12 13:43:27,E 48 St & 3 Ave,6541,E 68 St & 3 Ave,6896,40.7546011026,-73.971878855,40.76712840349542,-73.96224617958069,member
779675,4B9C304C8C5165DC,electric_bike,2021-08-15 12:46:14,2021-08-15 12:55:32,E 48 St & 3 Ave,6541,W 34 St & 11 Ave,6578,40.7546011026,-73.971878855,40.75594159,-74.0021163,member
779676,E9BD563B9C26FB01,classic_bike,2021-08-07 11:30:18,2021-08-07 11:42:44,E 48 St & 3 Ave,6541,W 34 St & 11 Ave,6578,40.7546011026,-73.971878855,40.75594159,-74.0021163,member
779861,5DD695E6AD675D1C,electric_bike,2021-08-03 14:41:21,2021-08-03 14:56:03,E 48 St & 3 Ave,6541,W 37 St & 10 Ave,6611,40.7546011026,-73.971878855,40.75660359,-73.9979009,member
779870,6C60965B32C19A5F,classic_bike,2021-08-01 09:44:28,2021-08-01 09:55:27,E 48 St & 3 Ave,6541,W 34 St & 11 Ave,6578,40.7546011026,-73.971878855,40.75594159,-74.0021163,member
779987,B598F5D3F2F6E4A3,classic_bike,2021-08-02 19:37:43,2021-08-02 19:51:04,E 48 St & 3 Ave,6541,E 68 St & 3 Ave,6896,40.7546011026,-73.971878855,40.76712840349542,-73.96224617958069,casual
780015,6E45C092162A05DF,classic_bike,2021-08-03 18:44:12,2021-08-03 18:53:11,E 48 St & 3 Ave,6541,E 68 St & 3 Ave,6896,40.7546011026,-73.971878855,40.76712840349542,-73.96224617958069,casual
780212,44378A42616DE43E,electric_bike,2021-08-05 06:37:09,2021-08-05 06:46:38,E 48 St & 3 Ave,6541,W 34 St & 11 Ave,6578,40.7546011026,-73.971878855,40.75594159,-74.0021163,member
780262,F700C14A459FE675,classic_bike,2021-08-23 17:38:40,2021-08-23 17:49:06,E 48 St & 3 Ave,6541,E 68 St & 3 Ave,6896,40.7546011026,-73.971878855,40.76712840349542,-73.96224617958069,casual
780320,D9568BDD4E19DE6C,electric_bike,2021-08-04 15:09:13,2021-08-04 15:21:31,E 48 St & 3 Ave,6541,W 34 St & 11 Ave,6578,40.7546011026,-73.971878855,40.75594159,-74.0021163,member
780394,C08FEDB2B86EAEBF,classic_bike,2021-08-26 12:18:30,2021-08-26 12:38:59,E 48 St & 3 Ave,6541,W 34 St & 11 Ave,6578,40.7546011026,-73.971878855,40.75594159,-74.0021163,member
786986,0C6E97734F5A0A98,classic_bike,2021-08-28 14:54:54,2021-08-28 15:04:01,E 48 St & 3 Ave,6541,W 51 St & 6 Ave,6740,40.7546011026,-73.971878855,40.7606597,-73.98042047,member
786989,487833ACAEBADFF2,classic_bike,2021-08-05 08:44:39,2021-08-05 08:52:57,E 48 St & 3 Ave,6541,W 51 St & 6 Ave,6740,40.7546011026,-73.971878855,40.7606597,-73.98042047,member
789537,5021636746339563,classic_bike,2021-08-30 17:06:08,2021-08-30 17:19:16,E 48 St & 3 Ave,6541,W 33 St & 7 Ave,6407,40.7546011026,-73.971878855,40.75019995,-73.99093085,member
789538,6A4FF22E4BF1C9BE,classic_bike,2021-08-02 08:52:27,2021-08-02 09:07:06,E 48 St & 3 Ave,6541,W 33 St & 7 Ave,6407,40.7546011026,-73.971878855,40.75019995,-73.99093085,casual
789544,0B09B451A408FB82,classic_bike,2021-08-14 16:24:51,2021-08-14 16:48:57,E 48 St & 3 Ave,6541,W 33 St & 7 Ave,6407,40.7546011026,-73.971878855,40.75019995,-73.99093085,casual
791469,D4622E1FE65C6E30,classic_bike,2021-08-05 07:28:56,2021-08-05 07:39:54,E 48 St & 3 Ave,6541,W 33 St & 7 Ave,6407,40.7546011026,-73.971878855,40.75019995,-73.99093085,member
791471,BBF3DDD2EF1663E2,classic_bike,2021-08-04 18:58:14,2021-08-04 19:08:08,E 48 St & 3 Ave,6541,W 33 St & 7 Ave,6407,40.7546011026,-73.971878855,40.75019995,-73.99093085,casual
791479,85BA53EA620A4F59,classic_bike,2021-08-30 17:01:24,2021-08-30 17:12:41,E 48 St & 3 Ave,6541,W 33 St & 7 Ave,6407,40.7546011026,-73.971878855,40.75019995,-73.99093085,casual
791490,230AC96909D71D4B,classic_bike,2021-08-16 14:04:48,2021-08-16 14:16:41,E 48 St & 3 Ave,6541,W 33 St & 7 Ave,6407,40.7546011026,-73.971878855,40.75019995,-73.99093085,member
791510,DCDBAC97010080C9,electric_bike,2021-08-10 16:59:26,2021-08-10 17:06:35,E 48 St & 3 Ave,6541,W 33 St & 7 Ave,6407,40.7546011026,-73.971878855,40.75019995,-73.99093085,casual
794716,F05E76E003B9DD8E,classic_bike,2021-08-29 10:23:07,2021-08-29 10:31:55,E 48 St & 3 Ave,6541,W 33 St & 7 Ave,6407,40.7546011026,-73.971878855,40.75019995,-73.99093085,casual
800805,2E5B431E8D0978B6,classic_bike,2021-08-25 18:20:47,2021-08-25 18:31:36,E 48 St & 3 Ave,6541,W 33 St & 7 Ave,6407,40.7546011026,-73.971878855,40.75019995,-73.99093085,member
801158,2BAED529F73C2226,classic_bike,2021-08-06 16:03:02,2021-08-06 16:15:16,E 48 St & 3 Ave,6541,W 33 St & 7 Ave,6407,40.7546011026,-73.971878855,40.75019995,-73.99093085,member
801159,B6B68B11E47D0666,classic_bike,2021-08-11 17:07:30,2021-08-11 17:15:37,E 48 St & 3 Ave,6541,W 51 St & 6 Ave,6740,40.7546011026,-73.971878855,40.7606597,-73.98042047,member
801367,BE07F67E01D6A7B3,electric_bike,2021-08-19 10:22:32,2021-08-19 10:30:31,E 48 St & 3 Ave,6541,W 33 St & 7 Ave,6407,40.7546011026,-73.971878855,40.75019995,-73.99093085,member
801962,EC81A203FAB169F3,classic_bike,2021-08-15 18:54:23,2021-08-15 19:15:31,E 48 St & 3 Ave,6541,W 51 St & 6 Ave,6740,40.7546011026,-73.971878855,40.7606597,-73.98042047,casual
801996,851E3D57AFBABFC5,electric_bike,2021-08-10 07:28:34,2021-08-10 07:38:13,E 48 St & 3 Ave,6541,W 33 St & 7 Ave,6407,40.7546011026,-73.971878855,40.75019995,-73.99093085,member
802022,FE0F0B7DFFAB98C2,classic_bike,2021-08-19 18:49:13,2021-08-19 19:01:35,E 48 St & 3 Ave,6541,W 33 St & 7 Ave,6407,40.7546011026,-73.971878855,40.75019995,-73.99093085,member
802108,A2C5244C774C5B9A,electric_bike,2021-08-19 17:08:26,2021-08-19 17:18:48,E 48 St & 3 Ave,6541,W 33 St & 7 Ave,6407,40.7546011026,-73.971878855,40.75019995,-73.99093085,casual
802109,AD7A9C839AF2EF77,classic_bike,2021-08-03 16:16:09,2021-08-03 16:28:55,E 48 St & 3 Ave,6541,W 33 St & 7 Ave,6407,40.7546011026,-73.971878855,40.75019995,-73.99093085,casual
803436,28AD91E777414D50,classic_bike,2021-08-29 13:27:39,2021-08-29 13:32:08,E 48 St & 3 Ave,6541,W 51 St & 6 Ave,6740,40.7546011026,-73.971878855,40.7606597,-73.98042047,casual
805093,834F4EE3384BAC05,electric_bike,2021-08-23 13:34:42,2021-08-23 13:45:41,E 48 St & 3 Ave,6541,W 33 St & 7 Ave,6407,40.7546011026,-73.971878855,40.75019995,-73.99093085,casual
805103,186D1C6CC914AAE7,electric_bike,2021-08-29 20:53:25,2021-08-29 20:58:53,E 48 St & 3 Ave,6541,W 51 St & 6 Ave,6740,40.7546011026,-73.971878855,40.7606597,-73.98042047,member
805107,8246CC851E334216,classic_bike,2021-08-06 11:45:09,2021-08-06 11:50:16,E 48 St & 3 Ave,6541,W 51 St & 6 Ave,6740,40.7546011026,-73.971878855,40.7606597,-73.98042047,member
805118,1CDEDDA34443FD33,electric_bike,2021-08-12 05:29:55,2021-08-12 05:37:39,E 48 St & 3 Ave,6541,W 51 St & 6 Ave,6740,40.7546011026,-73.971878855,40.7606597,-73.98042047,member
805119,78EF4D01A706D412,classic_bike,2021-08-07 09:39:26,2021-08-07 09:48:43,E 48 St & 3 Ave,6541,W 33 St & 7 Ave,6407,40.7546011026,-73.971878855,40.75019995,-73.99093085,member
805126,3653E9C29FB50291,classic_bike,2021-08-26 14:17:05,2021-08-26 14:27:21,E 48 St & 3 Ave,6541,W 33 St & 7 Ave,6407,40.7546011026,-73.971878855,40.75019995,-73.99093085,member
805189,EFCDF440C45609C1,classic_bike,2021-08-26 13:57:46,2021-08-26 14:05:43,E 48 St & 3 Ave,6541,W 51 St & 6 Ave,6740,40.7546011026,-73.971878855,40.7606597,-73.98042047,member
805195,29125E02BD797E7A,classic_bike,2021-08-26 17:17:26,2021-08-26 17:23:46,E 48 St & 3 Ave,6541,W 51 St & 6 Ave,6740,40.7546011026,-73.971878855,40.7606597,-73.98042047,member
805278,287E73DC1B68A908,classic_bike,2021-08-23 17:04:51,2021-08-23 17:17:09,E 48 St & 3 Ave,6541,W 33 St & 7 Ave,6407,40.7546011026,-73.971878855,40.75019995,-73.99093085,member
805296,574582FC939060A4,classic_bike,2021-08-25 09:05:21,2021-08-25 09:20:41,E 48 St & 3 Ave,6541,W 33 St & 7 Ave,6407,40.7546011026,-73.971878855,40.75019995,-73.99093085,casual
805629,013CE40C06F36685,electric_bike,2021-08-04 07:20:15,2021-08-04 07:29:00,E 48 St & 3 Ave,6541,W 33 St & 7 Ave,6407,40.7546011026,-73.971878855,40.75019995,-73.99093085,member
805636,EFE86DDDB56AD2B9,classic_bike,2021-08-30 17:27:33,2021-08-30 17:48:32,E 48 St & 3 Ave,6541,Ave D & E 8 St,5506,40.7546011026,-73.971878855,40.72368361,-73.97574813,member
805647,C3502EBAC95A6372,classic_bike,2021-08-07 11:00:54,2021-08-07 11:12:03,E 48 St & 3 Ave,6541,W 33 St & 7 Ave,6407,40.7546011026,-73.971878855,40.75019995,-73.99093085,member
805668,41C490237BBD5326,classic_bike,2021-08-30 08:51:45,2021-08-30 08:58:27,E 48 St & 3 Ave,6541,W 51 St & 6 Ave,6740,40.7546011026,-73.971878855,40.7606597,-73.98042047,member
805843,038E792635CB8209,classic_bike,2021-08-02 08:37:06,2021-08-02 08:42:35,E 48 St & 3 Ave,6541,W 51 St & 6 Ave,6740,40.7546011026,-73.971878855,40.7606597,-73.98042047,member
805968,BA9CC182575FFECB,classic_bike,2021-08-19 13:51:51,2021-08-19 14:03:45,E 48 St & 3 Ave,6541,W 33 St & 7 Ave,6407,40.7546011026,-73.971878855,40.75019995,-73.99093085,casual
805994,EABECAAAAF9F1BEC,classic_bike,2021-08-19 17:54:51,2021-08-19 18:10:29,E 48 St & 3 Ave,6541,W 33 St & 7 Ave,6407,40.7546011026,-73.971878855,40.75019995,-73.99093085,member
806021,2637C66A1A6F0CC5,classic_bike,2021-08-20 15:47:48,2021-08-20 15:59:01,E 48 St & 3 Ave,6541,W 33 St & 7 Ave,6407,40.7546011026,-73.971878855,40.75019995,-73.99093085,member
806027,A0DE495E8C0F7292,classic_bike,2021-08-24 17:05:20,2021-08-24 17:18:11,E 48 St & 3 Ave,6541,W 33 St & 7 Ave,6407,40.7546011026,-73.971878855,40.75019995,-73.99093085,member
806049,87329F578F88B73C,electric_bike,2021-08-26 13:34:11,2021-08-26 13:47:42,E 48 St & 3 Ave,6541,W 51 St & 6 Ave,6740,40.7546011026,-73.971878855,40.7606597,-73.98042047,member
806089,BAD8C8147A96A3CC,classic_bike,2021-08-02 16:23:16,2021-08-02 16:35:15,E 48 St & 3 Ave,6541,W 33 St & 7 Ave,6407,40.7546011026,-73.971878855,40.75019995,-73.99093085,casual
806190,7480F3892D0E1FED,classic_bike,2021-08-10 17:58:51,2021-08-10 18:10:10,E 48 St & 3 Ave,6541,W 33 St & 7 Ave,6407,40.7546011026,-73.971878855,40.75019995,-73.99093085,member
806193,2136688D1346907A,electric_bike,2021-08-03 07:23:56,2021-08-03 07:32:04,E 48 St & 3 Ave,6541,W 33 St & 7 Ave,6407,40.7546011026,-73.971878855,40.75019995,-73.99093085,member
806195,B7BAF80176FE48FB,classic_bike,2021-08-09 18:02:34,2021-08-09 18:10:15,E 48 St & 3 Ave,6541,W 51 St & 6 Ave,6740,40.7546011026,-73.971878855,40.7606597,-73.98042047,member
806309,9E44BAC79E1734B0,classic_bike,2021-08-13 01:13:42,2021-08-13 01:20:10,E 48 St & 3 Ave,6541,W 51 St & 6 Ave,6740,40.7546011026,-73.971878855,40.7606597,-73.98042047,member
806310,FF25C58E3D906D73,classic_bike,2021-08-11 18:50:34,2021-08-11 18:57:09,E 48 St & 3 Ave,6541,W 51 St & 6 Ave,6740,40.7546011026,-73.971878855,40.7606597,-73.98042047,member
807767,3C7B2424781C2E40,classic_bike,2021-08-11 06:37:39,2021-08-11 06:47:10,E 48 St & 3 Ave,6541,Grand Army Plaza & Central Park S,6839,40.7546011026,-73.971878855,40.7643971,-73.97371465,member
807780,3DEA2744793BA9D2,classic_bike,2021-08-02 14:32:11,2021-08-02 14:36:24,E 48 St & 3 Ave,6541,E 53 St & Lexington Ave,6617,40.7546011026,-73.971878855,40.75828065,-73.97069431,member
807782,C63BC3CB32572557,electric_bike,2021-08-19 14:47:24,2021-08-19 15:00:24,E 48 St & 3 Ave,6541,W 51 St & Rockefeller Plaza,6700,40.7546011026,-73.971878855,40.75969995906254,-73.97808194160461,member
807784,2D17BE0DFE9D32EA,classic_bike,2021-08-05 18:09:04,2021-08-05 18:12:44,E 48 St & 3 Ave,6541,E 53 St & Lexington Ave,6617,40.7546011026,-73.971878855,40.75828065,-73.97069431,member
807787,7004D6CB0BD47BFF,electric_bike,2021-08-06 08:33:14,2021-08-06 09:15:50,E 48 St & 3 Ave,6541,Grand Army Plaza & Central Park S,6839,40.7546011026,-73.971878855,40.7643971,-73.97371465,casual
810431,19054D4A3713C492,classic_bike,2021-08-12 18:09:05,2021-08-12 18:15:55,E 48 St & 3 Ave,6541,W 51 St & Rockefeller Plaza,6700,40.7546011026,-73.971878855,40.75969995906254,-73.97808194160461,member
810438,F994072CC00CB5B1,classic_bike,2021-08-25 08:59:05,2021-08-25 09:04:42,E 48 St & 3 Ave,6541,W 51 St & Rockefeller Plaza,6700,40.7546011026,-73.971878855,40.75969995906254,-73.97808194160461,member
810446,728031979D4DA262,classic_bike,2021-08-29 14:39:55,2021-08-29 14:47:04,E 48 St & 3 Ave,6541,W 51 St & Rockefeller Plaza,6700,40.7546011026,-73.971878855,40.75969995906254,-73.97808194160461,casual
822492,954D796FEC29695D,electric_bike,2021-08-10 08:02:15,2021-08-10 09:10:32,E 48 St & 3 Ave,6541,Grand Army Plaza & Central Park S,6839,40.7546011026,-73.971878855,40.7643971,-73.97371465,member
823038,B985909C8EB7D005,classic_bike,2021-08-06 06:34:29,2021-08-06 06:36:53,E 48 St & 3 Ave,6541,E 53 St & Lexington Ave,6617,40.7546011026,-73.971878855,40.75828065,-73.97069431,member
823228,2CF7EF3601CA3267,classic_bike,2021-08-31 18:57:35,2021-08-31 19:06:18,E 48 St & 3 Ave,6541,Grand Army Plaza & Central Park S,6839,40.7546011026,-73.971878855,40.7643971,-73.97371465,casual
827221,4B325899B4C6EBA1,classic_bike,2021-08-06 09:16:42,2021-08-06 09:20:08,E 48 St & 3 Ave,6541,E 53 St & Lexington Ave,6617,40.7546011026,-73.971878855,40.75828065,-73.97069431,member
827226,2EE3340D2EDA3B5A,classic_bike,2021-08-11 18:21:53,2021-08-11 18:31:59,E 48 St & 3 Ave,6541,Grand Army Plaza & Central Park S,6839,40.7546011026,-73.971878855,40.7643971,-73.97371465,casual
827247,24D9F45E9AB59FC3,classic_bike,2021-08-17 07:38:05,2021-08-17 07:43:41,E 48 St & 3 Ave,6541,W 51 St & Rockefeller Plaza,6700,40.7546011026,-73.971878855,40.75969995906254,-73.97808194160461,member
827250,4FAB3B1968FF1E24,classic_bike,2021-08-27 07:40:54,2021-08-27 07:44:45,E 48 St & 3 Ave,6541,W 51 St & Rockefeller Plaza,6700,40.7546011026,-73.971878855,40.75969995906254,-73.97808194160461,member
827257,07FB3848E7BE1F69,electric_bike,2021-08-12 08:31:25,2021-08-12 08:36:25,E 48 St & 3 Ave,6541,W 51 St & Rockefeller Plaza,6700,40.7546011026,-73.971878855,40.75969995906254,-73.97808194160461,member
827277,9ECC43708B92DB05,classic_bike,2021-08-14 18:41:21,2021-08-14 19:17:33,E 48 St & 3 Ave,6541,E 53 St & Lexington Ave,6617,40.7546011026,-73.971878855,40.75828065,-73.97069431,member
827286,EEF25D09D21764F1,classic_bike,2021-08-05 17:33:44,2021-08-05 17:37:18,E 48 St & 3 Ave,6541,E 53 St & Lexington Ave,6617,40.7546011026,-73.971878855,40.75828065,-73.97069431,member
827289,BDBC85800BBFB9F0,classic_bike,2021-08-24 07:43:24,2021-08-24 07:48:15,E 48 St & 3 Ave,6541,W 51 St & Rockefeller Plaza,6700,40.7546011026,-73.971878855,40.75969995906254,-73.97808194160461,member
827298,07D9F18857E1A1D8,classic_bike,2021-08-04 08:34:33,2021-08-04 08:40:31,E 48 St & 3 Ave,6541,W 51 St & Rockefeller Plaza,6700,40.7546011026,-73.971878855,40.75969995906254,-73.97808194160461,member
827473,01006D248EDEE1BE,classic_bike,2021-08-24 14:47:03,2021-08-24 14:51:40,E 48 St & 3 Ave,6541,E 53 St & Lexington Ave,6617,40.7546011026,-73.971878855,40.75828065,-73.97069431,member
827475,EF6F9E810226006A,classic_bike,2021-08-31 08:50:02,2021-08-31 08:57:12,E 48 St & 3 Ave,6541,W 51 St & Rockefeller Plaza,6700,40.7546011026,-73.971878855,40.75969995906254,-73.97808194160461,member
827483,2FDD75BFA9946C2E,classic_bike,2021-08-17 08:25:09,2021-08-17 08:27:31,E 48 St & 3 Ave,6541,E 53 St & Lexington Ave,6617,40.7546011026,-73.971878855,40.75828065,-73.97069431,member
827487,32D27702CC9DBB9E,classic_bike,2021-08-13 20:57:28,2021-08-13 21:34:35,E 48 St & 3 Ave,6541,Forsyth St & Broome St,5453,40.7546011026,-73.971878855,40.71893904,-73.99266288,casual
827498,EF4A82D82E85F6C9,classic_bike,2021-08-18 16:09:50,2021-08-18 16:13:10,E 48 St & 3 Ave,6541,E 53 St & Lexington Ave,6617,40.7546011026,-73.971878855,40.75828065,-73.97069431,member
827500,60036506C374F971,classic_bike,2021-08-30 17:54:40,2021-08-30 20:06:25,E 48 St & 3 Ave,6541,W 51 St & Rockefeller Plaza,6700,40.7546011026,-73.971878855,40.75969995906254,-73.97808194160461,casual
827663,A66E3F3BB4B97438,classic_bike,2021-08-13 15:17:09,2021-08-13 15:23:33,E 48 St & 3 Ave,6541,E 53 St & Lexington Ave,6617,40.7546011026,-73.971878855,40.75828065,-73.97069431,member
827702,C8A424583D440DEA,classic_bike,2021-08-05 18:13:47,2021-08-05 19:08:03,E 48 St & 3 Ave,6541,31 Ave & Crescent St,6893,40.7546011026,-73.971878855,40.7658346,-73.9265474,member
827703,B18CFEAE5B658817,electric_bike,2021-08-17 08:08:13,2021-08-17 08:19:22,E 48 St & 3 Ave,6541,Grand Army Plaza & Central Park S,6839,40.7546011026,-73.971878855,40.7643971,-73.97371465,member
827998,A7AC09DE4815F0CF,classic_bike,2021-08-18 07:39:20,2021-08-18 07:43:58,E 48 St & 3 Ave,6541,W 51 St & Rockefeller Plaza,6700,40.7546011026,-73.971878855,40.75969995906254,-73.97808194160461,member
828041,E78FBC1E37B638B9,classic_bike,2021-08-05 13:44:00,2021-08-05 13:51:11,E 48 St & 3 Ave,6541,E 53 St & Lexington Ave,6617,40.7546011026,-73.971878855,40.75828065,-73.97069431,member
828047,73264CFBA78F677A,electric_bike,2021-08-15 01:46:01,2021-08-15 02:03:57,E 48 St & 3 Ave,6541,Grand Army Plaza & Central Park S,6839,40.7546011026,-73.971878855,40.7643971,-73.97371465,casual
828053,4154EEEADE15221A,classic_bike,2021-08-31 17:22:49,2021-08-31 17:28:23,E 48 St & 3 Ave,6541,E 53 St & Lexington Ave,6617,40.7546011026,-73.971878855,40.75828065,-73.97069431,member
828054,F9BCA77333E968EA,classic_bike,2021-08-25 06:38:27,2021-08-25 06:43:42,E 48 St & 3 Ave,6541,W 51 St & Rockefeller Plaza,6700,40.7546011026,-73.971878855,40.75969995906254,-73.97808194160461,member
828330,E270C4524B61D9BF,classic_bike,2021-08-05 16:52:44,2021-08-05 17:00:17,E 48 St & 3 Ave,6541,E 53 St & Lexington Ave,6617,40.7546011026,-73.971878855,40.75828065,-73.97069431,member
828332,9D76A9092EF2211B,classic_bike,2021-08-25 15:46:49,2021-08-25 15:59:35,E 48 St & 3 Ave,6541,W 51 St & Rockefeller Plaza,6700,40.7546011026,-73.971878855,40.75969995906254,-73.97808194160461,member
828334,6D89212D4DE3D49B,classic_bike,2021-08-27 13:47:45,2021-08-27 13:50:46,E 48 St & 3 Ave,6541,E 53 St & Lexington Ave,6617,40.7546011026,-73.971878855,40.75828065,-73.97069431,member
828340,CDB2FCAC8F9D1596,classic_bike,2021-08-16 17:32:13,2021-08-16 17:37:44,E 48 St & 3 Ave,6541,E 53 St & Lexington Ave,6617,40.7546011026,-73.971878855,40.75828065,-73.97069431,member
828346,7530C84AF2A6D605,classic_bike,2021-08-27 16:59:20,2021-08-27 17:05:18,E 48 St & 3 Ave,6541,E 53 St & Lexington Ave,6617,40.7546011026,-73.971878855,40.75828065,-73.97069431,member
828348,24FB495000CFAE99,classic_bike,2021-08-11 14:09:50,2021-08-11 14:15:02,E 48 St & 3 Ave,6541,E 53 St & Lexington Ave,6617,40.7546011026,-73.971878855,40.75828065,-73.97069431,member
828400,C7902047868A1E3A,classic_bike,2021-08-28 12:03:28,2021-08-28 12:09:05,E 48 St & 3 Ave,6541,E 53 St & Lexington Ave,6617,40.7546011026,-73.971878855,40.75828065,-73.97069431,member
828402,42AFE94F3A5864D1,classic_bike,2021-08-16 10:06:39,2021-08-16 10:17:37,E 48 St & 3 Ave,6541,W 51 St & Rockefeller Plaza,6700,40.7546011026,-73.971878855,40.75969995906254,-73.97808194160461,casual
828405,386BDBCDCD351900,classic_bike,2021-08-26 17:01:41,2021-08-26 17:07:20,E 48 St & 3 Ave,6541,E 53 St & Lexington Ave,6617,40.7546011026,-73.971878855,40.75828065,-73.97069431,casual
828652,0BFD8AFB8C511CB8,classic_bike,2021-08-29 09:12:18,2021-08-29 09:21:20,E 48 St & 3 Ave,6541,Grand Army Plaza & Central Park S,6839,40.7546011026,-73.971878855,40.7643971,-73.97371465,member
828788,27CAD763261A57F2,classic_bike,2021-08-13 20:59:11,2021-08-13 21:34:15,E 48 St & 3 Ave,6541,Forsyth St & Broome St,5453,40.7546011026,-73.971878855,40.71893904,-73.99266288,casual
828951,F26A80F79F5A7D8A,classic_bike,2021-08-14 22:28:26,2021-08-14 22:47:03,E 48 St & 3 Ave,6541,Grand Army Plaza & Central Park S,6839,40.7546011026,-73.971878855,40.7643971,-73.97371465,casual
829097,3C653B762273C6CF,classic_bike,2021-08-12 13:18:43,2021-08-12 13:24:19,E 48 St & 3 Ave,6541,E 53 St & Lexington Ave,6617,40.7546011026,-73.971878855,40.75828065,-73.97069431,member
829309,4DF51D77B463F046,classic_bike,2021-08-04 14:24:14,2021-08-04 14:31:27,E 48 St & 3 Ave,6541,E 53 St & Lexington Ave,6617,40.7546011026,-73.971878855,40.75828065,-73.97069431,member
829310,2B33129F0072E08E,classic_bike,2021-08-31 10:11:57,2021-08-31 10:37:06,E 48 St & 3 Ave,6541,Grand Army Plaza & Central Park S,6839,40.7546011026,-73.971878855,40.7643971,-73.97371465,member
829315,149441519882CD50,classic_bike,2021-08-03 16:12:19,2021-08-03 16:18:18,E 48 St & 3 Ave,6541,E 53 St & Lexington Ave,6617,40.7546011026,-73.971878855,40.75828065,-73.97069431,member
829363,8C11214BD3658E62,electric_bike,2021-08-26 08:24:38,2021-08-26 08:30:09,E 48 St & 3 Ave,6541,W 51 St & Rockefeller Plaza,6700,40.7546011026,-73.971878855,40.75969995906254,-73.97808194160461,member
829395,99E009C915C7AAA6,classic_bike,2021-08-28 08:27:21,2021-08-28 08:36:38,E 48 St & 3 Ave,6541,Grand Army Plaza & Central Park S,6839,40.7546011026,-73.971878855,40.7643971,-73.97371465,member
829398,5BC8A29FE8EBEBC3,classic_bike,2021-08-01 08:43:10,2021-08-01 08:51:13,E 48 St & 3 Ave,6541,Grand Army Plaza & Central Park S,6839,40.7546011026,-73.971878855,40.7643971,-73.97371465,member
830447,8E4185E6833FF636,classic_bike,2021-08-01 11:04:20,2021-08-01 11:06:53,E 48 St & 3 Ave,6541,E 53 St & Lexington Ave,6617,40.7546011026,-73.971878855,40.75828065,-73.97069431,member
830611,E85EE741036FE67E,classic_bike,2021-08-18 21:42:46,2021-08-18 22:38:00,E 48 St & 3 Ave,6541,E 53 St & Lexington Ave,6617,40.7546011026,-73.971878855,40.75828065,-73.97069431,member
830614,8E319603840EDB92,classic_bike,2021-08-02 11:27:09,2021-08-02 11:33:27,E 48 St & 3 Ave,6541,W 51 St & Rockefeller Plaza,6700,40.7546011026,-73.971878855,40.75969995906254,-73.97808194160461,member
834077,3C1C00CC61A3F4F6,classic_bike,2021-08-13 17:02:30,2021-08-13 17:18:14,E 48 St & 3 Ave,6541,W 31 St & 7 Ave,6331,40.7546011026,-73.971878855,40.749156,-73.9916,member
834909,A507C9516A80658E,electric_bike,2021-08-18 10:30:01,2021-08-18 10:44:59,E 48 St & 3 Ave,6541,W 31 St & 7 Ave,6331,40.7546011026,-73.971878855,40.749156,-73.9916,member
834916,0F1D07EEAF653490,classic_bike,2021-08-29 21:02:06,2021-08-29 21:08:30,E 48 St & 3 Ave,6541,E 39 St & 2 Ave,6345,40.7546011026,-73.971878855,40.74803319428767,-73.973827958107,member
834920,B886DF3288ED2B20,classic_bike,2021-08-03 15:03:37,2021-08-03 15:12:41,E 48 St & 3 Ave,6541,W 31 St & 7 Ave,6331,40.7546011026,-73.971878855,40.749156,-73.9916,casual
840312,BF57CC7366034389,electric_bike,2021-08-17 15:14:31,2021-08-17 15:24:39,E 48 St & 3 Ave,6541,W 31 St & 7 Ave,6331,40.7546011026,-73.971878855,40.749156,-73.9916,member
840314,FDDDC927A0B14DB1,electric_bike,2021-08-23 10:21:21,2021-08-23 10:25:54,E 48 St & 3 Ave,6541,E 39 St & 2 Ave,6345,40.7546011026,-73.971878855,40.74803319428767,-73.973827958107,member
840324,B4799FF64D3229D5,classic_bike,2021-08-26 17:21:26,2021-08-26 17:35:27,E 48 St & 3 Ave,6541,E 39 St & 2 Ave,6345,40.7546011026,-73.971878855,40.74803319428767,-73.973827958107,casual
847051,CED6902C7D1927D6,classic_bike,2021-08-25 22:16:16,2021-08-25 22:21:30,E 48 St & 3 Ave,6541,E 39 St & 2 Ave,6345,40.7546011026,-73.971878855,40.74803319428767,-73.973827958107,member
847053,664CD641D7C5DA1A,classic_bike,2021-08-16 20:51:14,2021-08-16 21:01:41,E 48 St & 3 Ave,6541,E 39 St & 2 Ave,6345,40.7546011026,-73.971878855,40.74803319428767,-73.973827958107,member
847333,31656C0E58DCD1FD,classic_bike,2021-08-17 07:15:21,2021-08-17 07:22:52,E 48 St & 3 Ave,6541,E 39 St & 2 Ave,6345,40.7546011026,-73.971878855,40.74803319428767,-73.973827958107,member
847341,013CEA1B82D0E07A,classic_bike,2021-08-22 04:23:23,2021-08-22 04:28:40,E 48 St & 3 Ave,6541,E 39 St & 2 Ave,6345,40.7546011026,-73.971878855,40.74803319428767,-73.973827958107,member
849894,C40A93566E74CBA8,classic_bike,2021-08-17 19:34:40,2021-08-17 19:47:24,E 48 St & 3 Ave,6541,W 31 St & 7 Ave,6331,40.7546011026,-73.971878855,40.749156,-73.9916,member
849909,41C22254F79B7441,classic_bike,2021-08-28 13:13:24,2021-08-28 13:30:03,E 48 St & 3 Ave,6541,W 31 St & 7 Ave,6331,40.7546011026,-73.971878855,40.749156,-73.9916,casual
849913,294DD2846102504E,classic_bike,2021-08-25 17:07:13,2021-08-25 17:22:44,E 48 St & 3 Ave,6541,W 31 St & 7 Ave,6331,40.7546011026,-73.971878855,40.749156,-73.9916,member
849954,D462C1E1FCFB634A,classic_bike,2021-08-26 20:12:14,2021-08-26 20:16:38,E 48 St & 3 Ave,6541,E 39 St & 2 Ave,6345,40.7546011026,-73.971878855,40.74803319428767,-73.973827958107,member
849955,A5124A32D57EB128,classic_bike,2021-08-27 15:08:25,2021-08-27 15:13:08,E 48 St & 3 Ave,6541,E 39 St & 2 Ave,6345,40.7546011026,-73.971878855,40.74803319428767,-73.973827958107,member
850478,2786902470D629BA,classic_bike,2021-08-24 18:06:21,2021-08-24 18:50:21,E 48 St & 3 Ave,6541,W 15 St & 10 Ave,6115,40.7546011026,-73.971878855,40.74275382865903,-74.00747358798981,casual
850486,B3D55C0B8F92E08C,classic_bike,2021-08-29 21:02:23,2021-08-29 21:08:27,E 48 St & 3 Ave,6541,E 39 St & 2 Ave,6345,40.7546011026,-73.971878855,40.74803319428767,-73.973827958107,member
850488,8B58BE8A164E28C4,classic_bike,2021-08-24 11:43:29,2021-08-24 11:56:02,E 48 St & 3 Ave,6541,W 31 St & 7 Ave,6331,40.7546011026,-73.971878855,40.749156,-73.9916,member
850502,A733F1FFCD148B8F,classic_bike,2021-08-18 17:08:02,2021-08-18 17:28:30,E 48 St & 3 Ave,6541,W 31 St & 7 Ave,6331,40.7546011026,-73.971878855,40.749156,-73.9916,member
850532,03501E5F3A63D19B,classic_bike,2021-08-03 20:42:15,2021-08-03 21:04:13,E 48 St & 3 Ave,6541,W 31 St & 7 Ave,6331,40.7546011026,-73.971878855,40.749156,-73.9916,casual
850541,6138A9421731CEBF,classic_bike,2021-08-29 15:01:18,2021-08-29 15:17:16,E 48 St & 3 Ave,6541,W 31 St & 7 Ave,6331,40.7546011026,-73.971878855,40.749156,-73.9916,member
850816,0F5CB54C10820A1F,electric_bike,2021-08-02 15:02:22,2021-08-02 15:12:18,E 48 St & 3 Ave,6541,W 31 St & 7 Ave,6331,40.7546011026,-73.971878855,40.749156,-73.9916,casual
850820,8F20279F6730CA22,electric_bike,2021-08-25 10:40:27,2021-08-25 10:47:35,E 48 St & 3 Ave,6541,E 39 St & 2 Ave,6345,40.7546011026,-73.971878855,40.74803319428767,-73.973827958107,casual
850822,E50B22601791BB55,classic_bike,2021-08-24 18:09:44,2021-08-24 18:51:19,E 48 St & 3 Ave,6541,W 15 St & 10 Ave,6115,40.7546011026,-73.971878855,40.74275382865903,-74.00747358798981,casual
850895,F4AC0350E70AE205,classic_bike,2021-08-13 15:46:08,2021-08-13 15:52:31,E 48 St & 3 Ave,6541,E 39 St & 2 Ave,6345,40.7546011026,-73.971878855,40.74803319428767,-73.973827958107,member
850900,3C0A3F297D6F8BCD,classic_bike,2021-08-13 14:50:48,2021-08-13 14:55:50,E 48 St & 3 Ave,6541,E 39 St & 2 Ave,6345,40.7546011026,-73.971878855,40.74803319428767,-73.973827958107,member
850902,29F8A3EC34CF2D1E,classic_bike,2021-08-31 18:14:39,2021-08-31 18:43:04,E 48 St & 3 Ave,6541,Duffield St & Willoughby St,4596,40.7546011026,-73.971878855,40.69221589,-73.9842844,member
850904,E6AB88CD8463ED2E,classic_bike,2021-08-29 01:48:56,2021-08-29 01:53:16,E 48 St & 3 Ave,6541,E 39 St & 2 Ave,6345,40.7546011026,-73.971878855,40.74803319428767,-73.973827958107,member
851220,DF1A855A6714CE68,classic_bike,2021-08-13 18:09:57,2021-08-13 18:20:15,E 48 St & 3 Ave,6541,W 31 St & 7 Ave,6331,40.7546011026,-73.971878855,40.749156,-73.9916,member
851254,E89C0F9117AABA81,electric_bike,2021-08-24 13:55:01,2021-08-24 14:03:08,E 48 St & 3 Ave,6541,E 39 St & 2 Ave,6345,40.7546011026,-73.971878855,40.74803319428767,-73.973827958107,casual
851255,C0FD67B10E151C9E,electric_bike,2021-08-27 02:39:19,2021-08-27 04:09:03,E 48 St & 3 Ave,6541,W 31 St & 7 Ave,6331,40.7546011026,-73.971878855,40.749156,-73.9916,casual
851319,BD6EC0DE15EB3FFE,classic_bike,2021-08-17 15:20:13,2021-08-17 15:25:01,E 48 St & 3 Ave,6541,E 39 St & 2 Ave,6345,40.7546011026,-73.971878855,40.74803319428767,-73.973827958107,member
851377,E74F84EB39F57738,classic_bike,2021-08-02 15:32:51,2021-08-02 15:44:11,E 48 St & 3 Ave,6541,W 31 St & 7 Ave,6331,40.7546011026,-73.971878855,40.749156,-73.9916,member
851390,B3163D75D82C20AF,classic_bike,2021-08-12 21:52:16,2021-08-12 22:16:24,E 48 St & 3 Ave,6541,Market St & Cherry St,5198,40.7546011026,-73.971878855,40.71076228,-73.99400398,member
851404,FEE34CF51F6631DB,classic_bike,2021-08-29 09:04:24,2021-08-29 09:10:01,E 48 St & 3 Ave,6541,E 39 St & 2 Ave,6345,40.7546011026,-73.971878855,40.74803319428767,-73.973827958107,member
863490,20FD0563977C8DF1,classic_bike,2021-08-17 18:34:10,2021-08-17 18:54:30,E 48 St & 3 Ave,6541,E 9 St & 5 Ave,5872,40.7546011026,-73.971878855,40.73275887045087,-73.99581670761108,casual
863492,2AA78E24680AB135,classic_bike,2021-08-18 13:59:36,2021-08-18 14:26:29,E 48 St & 3 Ave,6541,E 9 St & 5 Ave,5872,40.7546011026,-73.971878855,40.73275887045087,-73.99581670761108,casual
863496,36CD6790592BBB99,electric_bike,2021-08-27 11:10:58,2021-08-27 11:44:39,E 48 St & 3 Ave,6541,E 9 St & 5 Ave,5872,40.7546011026,-73.971878855,40.73275887045087,-73.99581670761108,member
871704,96C05D537108C0BC,classic_bike,2021-08-20 16:55:34,2021-08-20 17:12:45,E 48 St & 3 Ave,6541,E 23 St & 1 Ave,5929,40.7546011026,-73.971878855,40.736502,-73.97809472,member
875411,C7EE05658A87CCC5,electric_bike,2021-08-12 03:24:27,2021-08-12 03:52:21,E 48 St & 3 Ave,6541,E 23 St & 1 Ave,5929,40.7546011026,-73.971878855,40.736502,-73.97809472,member
875737,6B80EEBD28759054,classic_bike,2021-08-14 14:05:16,2021-08-14 14:22:33,E 48 St & 3 Ave,6541,E 23 St & 1 Ave,5929,40.7546011026,-73.971878855,40.736502,-73.97809472,member
875825,33BC2537A12681D8,electric_bike,2021-08-23 08:59:51,2021-08-23 09:20:37,E 48 St & 3 Ave,6541,E 9 St & 5 Ave,5872,40.7546011026,-73.971878855,40.73275887045087,-73.99581670761108,member
876269,000908093029AE9C,classic_bike,2021-08-13 13:46:56,2021-08-13 14:00:04,E 48 St & 3 Ave,6541,E 23 St & 1 Ave,5929,40.7546011026,-73.971878855,40.736502,-73.97809472,member
876711,5458276EA4E619C4,classic_bike,2021-08-18 13:59:09,2021-08-18 14:26:20,E 48 St & 3 Ave,6541,E 9 St & 5 Ave,5872,40.7546011026,-73.971878855,40.73275887045087,-73.99581670761108,casual
876748,9BA41BFE6AB50300,electric_bike,2021-08-09 13:29:35,2021-08-09 13:48:08,E 48 St & 3 Ave,6541,E 9 St & 5 Ave,5872,40.7546011026,-73.971878855,40.73275887045087,-73.99581670761108,member
887096,1EB9F5FE67EFCEA9,electric_bike,2021-08-11 16:00:07,2021-08-11 16:20:57,E 48 St & 3 Ave,6541,Columbus Ave & W 95 St,7520,40.7546011026,-73.971878855,40.7919557,-73.968087,member
887097,2FFC136636FF211A,classic_bike,2021-08-20 17:50:24,2021-08-20 18:22:37,E 48 St & 3 Ave,6541,Harrison St & Hudson St,5400,40.7546011026,-73.971878855,40.71870987,-74.0090009,member
887527,2085BA08631B479F,classic_bike,2021-08-24 21:47:24,2021-08-24 22:04:06,E 48 St & 3 Ave,6541,E 81 St & Park Ave,7188,40.7546011026,-73.971878855,40.77677702,-73.9590097,member
887552,14C72907BE74DEE6,classic_bike,2021-08-16 17:11:34,2021-08-16 17:52:19,E 48 St & 3 Ave,6541,Harrison St & Hudson St,5400,40.7546011026,-73.971878855,40.71870987,-74.0090009,member
887587,93D9650A3A37248A,classic_bike,2021-08-25 17:28:32,2021-08-25 17:43:12,E 48 St & 3 Ave,6541,E 81 St & Park Ave,7188,40.7546011026,-73.971878855,40.77677702,-73.9590097,member
887709,A400C4CB70EC180B,classic_bike,2021-08-18 18:27:17,2021-08-18 18:44:50,E 48 St & 3 Ave,6541,E 81 St & Park Ave,7188,40.7546011026,-73.971878855,40.77677702,-73.9590097,member
887818,D0CC5AEAC53F0894,classic_bike,2021-08-23 16:11:26,2021-08-23 16:34:25,E 48 St & 3 Ave,6541,Columbus Ave & W 95 St,7520,40.7546011026,-73.971878855,40.7919557,-73.968087,member
889691,A3BF31B0FDF60AD3,electric_bike,2021-08-03 11:53:26,2021-08-03 12:18:26,E 48 St & 3 Ave,6541,Howard St & Centre St,5422,40.7546011026,-73.971878855,40.71910537,-73.99973337,casual
906695,1D3265572884A28D,electric_bike,2021-08-19 17:10:12,2021-08-19 17:25:59,E 48 St & 3 Ave,6541,E 2 St & Avenue B,5515,40.7546011026,-73.971878855,40.72217444,-73.98368779,member
908111,81F8CB7C3FA8F40C,classic_bike,2021-08-14 09:12:24,2021-08-14 09:56:20,E 48 St & 3 Ave,6541,Howard St & Centre St,5422,40.7546011026,-73.971878855,40.71910537,-73.99973337,casual
908251,4CBA409EF25EAC73,classic_bike,2021-08-30 17:39:47,2021-08-30 18:17:01,E 48 St & 3 Ave,6541,S 5 Pl & S 5 St,5125,40.7546011026,-73.971878855,40.710451,-73.960876,member
908263,056F941DA98CABF4,classic_bike,2021-08-12 17:29:33,2021-08-12 17:49:57,E 48 St & 3 Ave,6541,E 2 St & Avenue B,5515,40.7546011026,-73.971878855,40.72217444,-73.98368779,member
910267,D30C9D1866322BA3,classic_bike,2021-08-13 18:24:52,2021-08-13 18:59:47,E 48 St & 3 Ave,6541,S 5 Pl & S 5 St,5125,40.7546011026,-73.971878855,40.710451,-73.960876,member
910786,5ADE41F2712B5964,classic_bike,2021-08-16 12:20:22,2021-08-16 12:41:12,E 48 St & 3 Ave,6541,E 2 St & Avenue B,5515,40.7546011026,-73.971878855,40.72217444,-73.98368779,member
921117,71FF96E361ACC8F3,classic_bike,2021-08-30 18:55:38,2021-08-30 19:12:28,E 48 St & 3 Ave,6541,Riverside Dr & W 72 St,7288,40.7546011026,-73.971878855,40.78057799010334,-73.98562431335449,member
923477,EF7E2E1EB7E488E5,classic_bike,2021-08-26 21:00:39,2021-08-26 21:26:16,E 48 St & 3 Ave,6541,Riverside Dr & W 72 St,7288,40.7546011026,-73.971878855,40.78057799010334,-73.98562431335449,member
925313,28DEB6D1EB2B81F2,classic_bike,2021-08-10 17:44:02,2021-08-10 17:53:27,E 48 St & 3 Ave,6541,5 Ave & E 29 St,6248,40.7546011026,-73.971878855,40.7451677,-73.98683077,member
926651,79A4D1A72911750C,classic_bike,2021-08-18 18:11:28,2021-08-18 18:26:23,E 48 St & 3 Ave,6541,5 Ave & E 29 St,6248,40.7546011026,-73.971878855,40.7451677,-73.98683077,member
928783,4CCF6FF1EE94FD22,classic_bike,2021-08-10 08:45:21,2021-08-10 08:52:56,E 48 St & 3 Ave,6541,5 Ave & E 29 St,6248,40.7546011026,-73.971878855,40.7451677,-73.98683077,casual
928803,0767DA48B352D42C,classic_bike,2021-08-11 17:52:58,2021-08-11 18:11:53,E 48 St & 3 Ave,6541,Riverside Dr & W 72 St,7288,40.7546011026,-73.971878855,40.78057799010334,-73.98562431335449,member
929101,EC580FB17F3C94EF,classic_bike,2021-08-13 18:37:14,2021-08-13 18:55:16,E 48 St & 3 Ave,6541,Riverside Dr & W 72 St,7288,40.7546011026,-73.971878855,40.78057799010334,-73.98562431335449,member
929108,C18B89C5CC2D7AD3,electric_bike,2021-08-22 18:40:00,2021-08-22 19:02:51,E 48 St & 3 Ave,6541,Pitt St & Stanton St,5406,40.7546011026,-73.971878855,40.71926081,-73.98178024,casual
929178,070A72028A7A8887,classic_bike,2021-08-03 14:07:42,2021-08-03 14:16:58,E 48 St & 3 Ave,6541,5 Ave & E 29 St,6248,40.7546011026,-73.971878855,40.7451677,-73.98683077,member
929216,987256F50353B01F,electric_bike,2021-08-27 18:05:34,2021-08-27 18:16:19,E 48 St & 3 Ave,6541,5 Ave & E 29 St,6248,40.7546011026,-73.971878855,40.7451677,-73.98683077,casual
930101,B1D4B805A37B8D50,classic_bike,2021-08-16 18:43:27,2021-08-16 19:01:09,E 48 St & 3 Ave,6541,Riverside Dr & W 72 St,7288,40.7546011026,-73.971878855,40.78057799010334,-73.98562431335449,member
930112,10F7E29C0D068B7B,classic_bike,2021-08-20 18:27:38,2021-08-20 18:39:29,E 48 St & 3 Ave,6541,5 Ave & E 29 St,6248,40.7546011026,-73.971878855,40.7451677,-73.98683077,casual
930120,8768AC793C40D25B,classic_bike,2021-08-24 17:17:18,2021-08-24 17:45:02,E 48 St & 3 Ave,6541,Riverside Dr & W 72 St,7288,40.7546011026,-73.971878855,40.78057799010334,-73.98562431335449,member
930139,5D530494CC59B4A5,classic_bike,2021-08-04 18:00:58,2021-08-04 18:19:22,E 48 St & 3 Ave,6541,Riverside Dr & W 72 St,7288,40.7546011026,-73.971878855,40.78057799010334,-73.98562431335449,member
930229,0B25B721C789A181,classic_bike,2021-08-16 18:17:31,2021-08-16 18:25:50,E 48 St & 3 Ave,6541,5 Ave & E 29 St,6248,40.7546011026,-73.971878855,40.7451677,-73.98683077,member
930278,D3E6F3D636AA2252,classic_bike,2021-08-02 16:58:12,2021-08-02 17:24:06,E 48 St & 3 Ave,6541,Riverside Dr & W 72 St,7288,40.7546011026,-73.971878855,40.78057799010334,-73.98562431335449,member
930292,6254F778E24573C7,classic_bike,2021-08-14 16:26:15,2021-08-14 16:41:34,E 48 St & 3 Ave,6541,5 Ave & E 29 St,6248,40.7546011026,-73.971878855,40.7451677,-73.98683077,casual
930551,D9E9ADDE1C56E1D6,classic_bike,2021-08-04 15:41:09,2021-08-04 15:52:19,E 48 St & 3 Ave,6541,5 Ave & E 29 St,6248,40.7546011026,-73.971878855,40.7451677,-73.98683077,member
930659,F0C59556673273B0,electric_bike,2021-08-11 12:56:58,2021-08-11 13:08:43,E 48 St & 3 Ave,6541,5 Ave & E 29 St,6248,40.7546011026,-73.971878855,40.7451677,-73.98683077,member
938376,AE2E2F18A2A3F198,classic_bike,2021-08-26 23:36:07,2021-08-26 23:50:58,E 48 St & 3 Ave,6541,W 41 St & 8 Ave,6602,40.7546011026,-73.971878855,40.75640548,-73.9900262,member
938381,AEE97BDEDF35FA15,classic_bike,2021-08-02 15:03:00,2021-08-02 15:17:43,E 48 St & 3 Ave,6541,W 41 St & 8 Ave,6602,40.7546011026,-73.971878855,40.75640548,-73.9900262,casual
942776,10183E856562A0D3,classic_bike,2021-08-15 18:56:29,2021-08-15 19:26:24,E 48 St & 3 Ave,6541,Bayard St & Baxter St,5351,40.7546011026,-73.971878855,40.71602118,-73.99974372,casual
942778,35CDD85863CFCCAC,classic_bike,2021-08-28 02:25:21,2021-08-28 02:38:44,E 48 St & 3 Ave,6541,W 41 St & 8 Ave,6602,40.7546011026,-73.971878855,40.75640548,-73.9900262,casual
942779,E8EA5DADCA11CBB4,classic_bike,2021-08-09 15:41:50,2021-08-09 15:54:05,E 48 St & 3 Ave,6541,W 41 St & 8 Ave,6602,40.7546011026,-73.971878855,40.75640548,-73.9900262,casual
949720,2F43E46402945B5D,classic_bike,2021-08-03 16:37:42,2021-08-03 16:49:04,E 48 St & 3 Ave,6541,W 41 St & 8 Ave,6602,40.7546011026,-73.971878855,40.75640548,-73.9900262,member
949721,B0B36086AC926A2A,classic_bike,2021-08-11 16:51:18,2021-08-11 17:02:25,E 48 St & 3 Ave,6541,W 41 St & 8 Ave,6602,40.7546011026,-73.971878855,40.75640548,-73.9900262,member
951029,88BAB33E24FE1CFA,electric_bike,2021-08-25 23:50:01,2021-08-25 23:56:06,E 48 St & 3 Ave,6541,W 41 St & 8 Ave,6602,40.7546011026,-73.971878855,40.75640548,-73.9900262,member
951030,E489B19B986CEC61,classic_bike,2021-08-17 22:12:18,2021-08-17 22:20:52,E 48 St & 3 Ave,6541,W 41 St & 8 Ave,6602,40.7546011026,-73.971878855,40.75640548,-73.9900262,member
951834,C4AD937930D33389,classic_bike,2021-08-16 17:18:07,2021-08-16 17:37:46,E 48 St & 3 Ave,6541,2 Ave & E 104 St,7436,40.7546011026,-73.971878855,40.7892105,-73.94370784,member
951908,9A0DADF93F65A0C5,classic_bike,2021-08-31 17:05:01,2021-08-31 17:14:24,E 48 St & 3 Ave,6541,W 41 St & 8 Ave,6602,40.7546011026,-73.971878855,40.75640548,-73.9900262,member
951932,DE8499E6FEDF65B5,classic_bike,2021-08-10 18:04:29,2021-08-10 18:15:44,E 48 St & 3 Ave,6541,W 41 St & 8 Ave,6602,40.7546011026,-73.971878855,40.75640548,-73.9900262,casual
954119,C0084EA6C6722D48,classic_bike,2021-08-06 17:38:45,2021-08-06 17:47:15,E 48 St & 3 Ave,6541,W 41 St & 8 Ave,6602,40.7546011026,-73.971878855,40.75640548,-73.9900262,member
954135,2644D6C4718014B0,classic_bike,2021-08-26 16:32:00,2021-08-26 16:40:21,E 48 St & 3 Ave,6541,W 41 St & 8 Ave,6602,40.7546011026,-73.971878855,40.75640548,-73.9900262,member
954142,95E986E6A4457A2C,electric_bike,2021-08-14 05:24:28,2021-08-14 05:38:40,E 48 St & 3 Ave,6541,W 41 St & 8 Ave,6602,40.7546011026,-73.971878855,40.75640548,-73.9900262,member
954153,D3FBE1AE4F68AD82,classic_bike,2021-08-13 17:34:19,2021-08-13 17:44:35,E 48 St & 3 Ave,6541,W 41 St & 8 Ave,6602,40.7546011026,-73.971878855,40.75640548,-73.9900262,casual
954214,CA84134DF355AD42,classic_bike,2021-08-27 16:32:08,2021-08-27 16:40:20,E 48 St & 3 Ave,6541,W 41 St & 8 Ave,6602,40.7546011026,-73.971878855,40.75640548,-73.9900262,member
954228,F23DEC4B5FECBCA6,classic_bike,2021-08-07 11:00:40,2021-08-07 11:30:12,E 48 St & 3 Ave,6541,W 41 St & 8 Ave,6602,40.7546011026,-73.971878855,40.75640548,-73.9900262,casual
954235,DB62A11F503AB053,electric_bike,2021-08-02 12:09:28,2021-08-02 12:17:54,E 48 St & 3 Ave,6541,W 41 St & 8 Ave,6602,40.7546011026,-73.971878855,40.75640548,-73.9900262,member
954239,7AA041B649652DA9,classic_bike,2021-08-02 16:31:52,2021-08-02 16:43:25,E 48 St & 3 Ave,6541,W 41 St & 8 Ave,6602,40.7546011026,-73.971878855,40.75640548,-73.9900262,member
954258,5BB68C38807A55EA,classic_bike,2021-08-11 18:04:23,2021-08-11 18:14:14,E 48 St & 3 Ave,6541,W 41 St & 8 Ave,6602,40.7546011026,-73.971878855,40.75640548,-73.9900262,member
954299,0BA18FDE966E0D3F,classic_bike,2021-08-19 16:45:17,2021-08-19 16:55:33,E 48 St & 3 Ave,6541,W 41 St & 8 Ave,6602,40.7546011026,-73.971878855,40.75640548,-73.9900262,member
954836,D314FAE366FF771F,classic_bike,2021-08-17 17:48:32,2021-08-17 17:55:54,E 48 St & 3 Ave,6541,W 41 St & 8 Ave,6602,40.7546011026,-73.971878855,40.75640548,-73.9900262,member
954837,2C6E6CFC048C9DE1,classic_bike,2021-08-24 16:46:05,2021-08-24 16:55:13,E 48 St & 3 Ave,6541,W 41 St & 8 Ave,6602,40.7546011026,-73.971878855,40.75640548,-73.9900262,member
954845,99382FF242066A05,classic_bike,2021-08-11 14:54:31,2021-08-11 15:03:24,E 48 St & 3 Ave,6541,W 41 St & 8 Ave,6602,40.7546011026,-73.971878855,40.75640548,-73.9900262,member
954863,2072A04927D3F746,classic_bike,2021-08-05 21:42:13,2021-08-05 22:01:34,E 48 St & 3 Ave,6541,W 41 St & 8 Ave,6602,40.7546011026,-73.971878855,40.75640548,-73.9900262,casual
954865,1B6C03230794A39E,classic_bike,2021-08-10 17:31:24,2021-08-10 17:44:30,E 48 St & 3 Ave,6541,W 41 St & 8 Ave,6602,40.7546011026,-73.971878855,40.75640548,-73.9900262,member
955790,2C5D452ED64DC391,classic_bike,2021-08-09 17:51:57,2021-08-09 18:03:12,E 48 St & 3 Ave,6541,W 41 St & 8 Ave,6602,40.7546011026,-73.971878855,40.75640548,-73.9900262,casual
955804,4D3B2E776814F9E0,classic_bike,2021-08-10 02:25:15,2021-08-10 02:31:53,E 48 St & 3 Ave,6541,W 41 St & 8 Ave,6602,40.7546011026,-73.971878855,40.75640548,-73.9900262,casual
955886,DB10381A6CD24F36,classic_bike,2021-08-18 16:51:48,2021-08-18 17:00:30,E 48 St & 3 Ave,6541,W 41 St & 8 Ave,6602,40.7546011026,-73.971878855,40.75640548,-73.9900262,member
955887,D10063F8A7B0632C,classic_bike,2021-08-03 16:49:12,2021-08-03 16:57:26,E 48 St & 3 Ave,6541,W 41 St & 8 Ave,6602,40.7546011026,-73.971878855,40.75640548,-73.9900262,member
955965,C51ACD3BE6BE16FA,classic_bike,2021-08-19 16:10:02,2021-08-19 16:20:13,E 48 St & 3 Ave,6541,W 41 St & 8 Ave,6602,40.7546011026,-73.971878855,40.75640548,-73.9900262,member
956248,D26361CF6B6D52DE,electric_bike,2021-08-14 13:09:11,2021-08-14 13:29:37,E 48 St & 3 Ave,6541,Spring St & Hudson St,5653,40.7546011026,-73.971878855,40.72583996792375,-74.0076532959938,casual
956366,27D3986AAE6A8DCF,classic_bike,2021-08-31 22:11:22,2021-08-31 22:32:19,E 48 St & 3 Ave,6541,Bayard St & Baxter St,5351,40.7546011026,-73.971878855,40.71602118,-73.99974372,member
956370,ACF8684D582A16A4,classic_bike,2021-08-17 16:43:00,2021-08-17 16:52:35,E 48 St & 3 Ave,6541,W 41 St & 8 Ave,6602,40.7546011026,-73.971878855,40.75640548,-73.9900262,member
956406,D26DA6802A425310,electric_bike,2021-08-23 12:29:07,2021-08-23 12:37:11,E 48 St & 3 Ave,6541,W 41 St & 8 Ave,6602,40.7546011026,-73.971878855,40.75640548,-73.9900262,member
956407,89F9153524A27674,electric_bike,2021-08-04 11:54:28,2021-08-04 12:03:48,E 48 St & 3 Ave,6541,W 41 St & 8 Ave,6602,40.7546011026,-73.971878855,40.75640548,-73.9900262,member
956414,3D8CDF2F8985CAA1,electric_bike,2021-08-03 13:09:31,2021-08-03 13:18:50,E 48 St & 3 Ave,6541,W 41 St & 8 Ave,6602,40.7546011026,-73.971878855,40.75640548,-73.9900262,member
956430,065631C89F920FEA,classic_bike,2021-08-24 18:28:23,2021-08-24 18:39:04,E 48 St & 3 Ave,6541,W 41 St & 8 Ave,6602,40.7546011026,-73.971878855,40.75640548,-73.9900262,member
966847,26011A7BEF2F2B69,classic_bike,2021-08-05 17:26:06,2021-08-05 17:45:41,E 48 St & 3 Ave,6541,W 76 St & Columbus Ave,7281,40.7546011026,-73.971878855,40.7801839724239,-73.97728532552719,member
969816,763A704716E439E2,classic_bike,2021-08-31 17:52:29,2021-08-31 18:13:20,E 48 St & 3 Ave,6541,W 76 St & Columbus Ave,7281,40.7546011026,-73.971878855,40.7801839724239,-73.97728532552719,member
970489,F7FD14FF82359299,electric_bike,2021-08-06 16:31:37,2021-08-06 17:02:19,E 48 St & 3 Ave,6541,Maiden Ln & Pearl St,5065,40.7546011026,-73.971878855,40.70706456,-74.00731853,member
970493,441A4CE77BF2AECA,classic_bike,2021-08-15 08:51:58,2021-08-15 09:14:29,E 48 St & 3 Ave,6541,W 76 St & Columbus Ave,7281,40.7546011026,-73.971878855,40.7801839724239,-73.97728532552719,member
970499,7DECB885EE3BDD30,electric_bike,2021-08-20 14:06:15,2021-08-20 14:22:26,E 48 St & 3 Ave,6541,Watts St & Greenwich St,5578,40.7546011026,-73.971878855,40.72405549,-74.00965965,member
971155,B662340F9CABA9C7,classic_bike,2021-08-02 15:18:26,2021-08-02 15:36:17,E 48 St & 3 Ave,6541,W 76 St & Columbus Ave,7281,40.7546011026,-73.971878855,40.7801839724239,-73.97728532552719,member
972547,6527DA66BF1FA785,classic_bike,2021-08-26 17:46:33,2021-08-26 18:03:15,E 48 St & 3 Ave,6541,W 76 St & Columbus Ave,7281,40.7546011026,-73.971878855,40.7801839724239,-73.97728532552719,member
973528,A4556CD9D7A99D8A,classic_bike,2021-08-24 16:52:12,2021-08-24 17:12:34,E 48 St & 3 Ave,6541,Watts St & Greenwich St,5578,40.7546011026,-73.971878855,40.72405549,-74.00965965,member
973793,B840458C661BC1D4,classic_bike,2021-08-16 15:35:25,2021-08-16 16:06:56,E 48 St & 3 Ave,6541,North Moore St & Greenwich St,5470,40.7546011026,-73.971878855,40.72019521437465,-74.0103006362915,member
990041,F551E85C9D5968A5,classic_bike,2021-08-09 15:45:38,2021-08-09 16:11:41,E 48 St & 3 Ave,6541,Fulton St & Broadway,5175,40.7546011026,-73.971878855,40.711066,-74.009447,member
994242,A35EC5FF7FE06E30,electric_bike,2021-08-26 07:15:12,2021-08-26 07:27:34,E 48 St & 3 Ave,6541,8 Ave & W 16 St,6072,40.7546011026,-73.971878855,40.740983,-74.001702,member
994245,063359C317F12DB6,classic_bike,2021-08-04 09:28:08,2021-08-04 09:47:43,E 48 St & 3 Ave,6541,1 Ave & E 16 St,5779,40.7546011026,-73.971878855,40.73221853,-73.98165557,member
1000151,C65B2EBE0135B6B7,classic_bike,2021-08-17 18:20:50,2021-08-17 18:41:32,E 48 St & 3 Ave,6541,11 Ave & W 59 St,7059,40.7546011026,-73.971878855,40.77149671054441,-73.99046033620834,casual
1001375,9080B795C87CFD5D,classic_bike,2021-08-16 17:50:42,2021-08-16 18:07:59,E 48 St & 3 Ave,6541,1 Ave & E 16 St,5779,40.7546011026,-73.971878855,40.73221853,-73.98165557,member
1017058,9392B61F3E1CA8AA,classic_bike,2021-08-18 18:29:12,2021-08-18 18:46:09,E 48 St & 3 Ave,6541,1 Ave & E 16 St,5779,40.7546011026,-73.971878855,40.73221853,-73.98165557,member
1017912,449B61BF20BC1037,electric_bike,2021-08-16 19:42:37,2021-08-16 20:03:26,E 48 St & 3 Ave,6541,11 Ave & W 59 St,7059,40.7546011026,-73.971878855,40.77149671054441,-73.99046033620834,member
1021592,7397FF0B9AE9DF39,electric_bike,2021-08-13 17:21:55,2021-08-13 17:41:14,E 48 St & 3 Ave,6541,21 St & 31 Dr,6865,40.7546011026,-73.971878855,40.7659,-73.930819,member
1021620,311268CEFF7738DF,electric_bike,2021-08-24 13:49:35,2021-08-24 14:10:23,E 48 St & 3 Ave,6541,35 Ave & 10 St,6806,40.7546011026,-73.971878855,40.76315481910373,-73.93985509872437,member
1021636,D1C3DBCA032DD888,classic_bike,2021-08-27 17:44:00,2021-08-27 18:00:09,E 48 St & 3 Ave,6541,1 Ave & E 16 St,5779,40.7546011026,-73.971878855,40.73221853,-73.98165557,member
1021637,5CC73E08B4A2A6AB,classic_bike,2021-08-20 14:41:41,2021-08-20 14:56:15,E 48 St & 3 Ave,6541,1 Ave & E 16 St,5779,40.7546011026,-73.971878855,40.73221853,-73.98165557,member
1021641,B0A95BC7C740CE03,electric_bike,2021-08-31 07:06:42,2021-08-31 07:19:47,E 48 St & 3 Ave,6541,8 Ave & W 16 St,6072,40.7546011026,-73.971878855,40.740983,-74.001702,member
1021657,1B273206E0902E1B,classic_bike,2021-08-14 19:29:40,2021-08-14 19:44:29,E 48 St & 3 Ave,6541,11 Ave & W 59 St,7059,40.7546011026,-73.971878855,40.77149671054441,-73.99046033620834,member
1021768,4D5C53A065E765D1,electric_bike,2021-08-31 16:15:08,2021-08-31 16:29:42,E 48 St & 3 Ave,6541,1 Ave & E 16 St,5779,40.7546011026,-73.971878855,40.73221853,-73.98165557,member
1022740,A0A233C69C6EE04B,electric_bike,2021-08-07 11:53:03,2021-08-07 12:05:23,E 48 St & 3 Ave,6541,11 Ave & W 59 St,7059,40.7546011026,-73.971878855,40.77149671054441,-73.99046033620834,casual
1025681,3B0BE0332F4C9D93,classic_bike,2021-08-12 20:55:17,2021-08-12 21:00:11,E 48 St & 3 Ave,6541,1 Ave & E 44 St,6379,40.7546011026,-73.971878855,40.75001986,-73.96905301,member
1031650,D089D1BC9FE7A374,classic_bike,2021-08-28 17:04:20,2021-08-28 17:13:46,E 48 St & 3 Ave,6541,8 Ave & W 49 St,6747,40.7546011026,-73.971878855,40.76171227910671,-73.98655101656914,casual
1032344,34AE5ECFD37EBC53,classic_bike,2021-08-29 02:39:07,2021-08-29 02:55:00,E 48 St & 3 Ave,6541,8 Ave & W 49 St,6747,40.7546011026,-73.971878855,40.76171227910671,-73.98655101656914,casual
1032801,0080D8290C83C796,classic_bike,2021-08-02 11:55:57,2021-08-02 12:01:07,E 48 St & 3 Ave,6541,1 Ave & E 44 St,6379,40.7546011026,-73.971878855,40.75001986,-73.96905301,member
1034276,56967CB1B5112287,classic_bike,2021-08-05 13:50:42,2021-08-05 13:55:22,E 48 St & 3 Ave,6541,1 Ave & E 44 St,6379,40.7546011026,-73.971878855,40.75001986,-73.96905301,member
1034715,6563CF35DE92EBB6,classic_bike,2021-08-25 14:39:25,2021-08-25 14:43:12,E 48 St & 3 Ave,6541,1 Ave & E 44 St,6379,40.7546011026,-73.971878855,40.75001986,-73.96905301,member
1034731,7FD6754FBB927D0C,electric_bike,2021-08-20 12:31:23,2021-08-20 12:34:19,E 48 St & 3 Ave,6541,1 Ave & E 44 St,6379,40.7546011026,-73.971878855,40.75001986,-73.96905301,member
1034732,A63C2225BA6CFB89,classic_bike,2021-08-10 16:36:27,2021-08-10 16:40:33,E 48 St & 3 Ave,6541,1 Ave & E 44 St,6379,40.7546011026,-73.971878855,40.75001986,-73.96905301,member
1034739,FBA7C72E45043130,electric_bike,2021-08-10 12:53:45,2021-08-10 13:04:10,E 48 St & 3 Ave,6541,1 Ave & E 44 St,6379,40.7546011026,-73.971878855,40.75001986,-73.96905301,member
1034740,4C750901D78731C1,classic_bike,2021-08-21 13:25:47,2021-08-21 13:33:45,E 48 St & 3 Ave,6541,1 Ave & E 44 St,6379,40.7546011026,-73.971878855,40.75001986,-73.96905301,member
1034747,E87A3E2006E13BAF,classic_bike,2021-08-21 11:40:37,2021-08-21 11:44:11,E 48 St & 3 Ave,6541,1 Ave & E 44 St,6379,40.7546011026,-73.971878855,40.75001986,-73.96905301,member
1034761,6758C4BDD8B6B85D,classic_bike,2021-08-18 13:57:10,2021-08-18 14:04:57,E 48 St & 3 Ave,6541,1 Ave & E 44 St,6379,40.7546011026,-73.971878855,40.75001986,-73.96905301,member
1034788,A4333B635782F27D,classic_bike,2021-08-26 05:51:00,2021-08-26 05:56:49,E 48 St & 3 Ave,6541,1 Ave & E 44 St,6379,40.7546011026,-73.971878855,40.75001986,-73.96905301,member
1034790,7FFC2CAB14E4000C,electric_bike,2021-08-24 12:36:16,2021-08-24 12:40:05,E 48 St & 3 Ave,6541,1 Ave & E 44 St,6379,40.7546011026,-73.971878855,40.75001986,-73.96905301,member
1034793,46A5DB744A90599C,classic_bike,2021-08-28 21:29:00,2021-08-28 21:36:34,E 48 St & 3 Ave,6541,8 Ave & W 49 St,6747,40.7546011026,-73.971878855,40.76171227910671,-73.98655101656914,casual
1034876,37C83FA4787D7E30,classic_bike,2021-08-28 11:15:39,2021-08-28 11:22:58,E 48 St & 3 Ave,6541,1 Ave & E 44 St,6379,40.7546011026,-73.971878855,40.75001986,-73.96905301,member
1035695,8FD381C20FB7C7F7,electric_bike,2021-08-24 15:32:46,2021-08-24 15:41:22,E 48 St & 3 Ave,6541,8 Ave & W 49 St,6747,40.7546011026,-73.971878855,40.76171227910671,-73.98655101656914,member
1036227,E2D3AE703587BD81,classic_bike,2021-08-26 18:50:04,2021-08-26 19:00:34,E 48 St & 3 Ave,6541,8 Ave & W 49 St,6747,40.7546011026,-73.971878855,40.76171227910671,-73.98655101656914,casual
1036230,8594ACB38BAC3ED6,classic_bike,2021-08-07 00:30:43,2021-08-07 01:11:44,E 48 St & 3 Ave,6541,1 Ave & E 44 St,6379,40.7546011026,-73.971878855,40.75001986,-73.96905301,member
1036739,70E6F709BCF60414,classic_bike,2021-08-13 17:21:13,2021-08-13 17:27:41,E 48 St & 3 Ave,6541,1 Ave & E 44 St,6379,40.7546011026,-73.971878855,40.75001986,-73.96905301,casual
1036778,7BE106D479A1BD42,classic_bike,2021-08-24 20:19:13,2021-08-24 20:24:35,E 48 St & 3 Ave,6541,1 Ave & E 44 St,6379,40.7546011026,-73.971878855,40.75001986,-73.96905301,member
1036779,DED82BB20E250FFE,classic_bike,2021-08-03 10:40:33,2021-08-03 10:45:03,E 48 St & 3 Ave,6541,1 Ave & E 44 St,6379,40.7546011026,-73.971878855,40.75001986,-73.96905301,member
1037547,1E92CC071D1AA001,classic_bike,2021-08-26 23:08:41,2021-08-26 23:21:26,E 48 St & 3 Ave,6541,West End Ave & W 60 St,7059,40.7546011026,-73.971878855,40.77237,-73.99005,casual
1037550,4D9B551E2ABE8AD8,classic_bike,2021-08-25 17:45:08,2021-08-25 18:00:58,E 48 St & 3 Ave,6541,31 St & Northern Blvd,6495,40.7546011026,-73.971878855,40.75186951421875,-73.93349289894103,casual
1043343,0D6FD2149D376B41,classic_bike,2021-08-18 17:15:51,2021-08-18 17:32:24,E 48 St & 3 Ave,6541,31 St & Northern Blvd,6495,40.7546011026,-73.971878855,40.75186951421875,-73.93349289894103,casual
1047901,D87F413153E319E2,classic_bike,2021-08-31 17:19:50,2021-08-31 17:41:47,E 48 St & 3 Ave,6541,E 13 St & 2 Ave,5820,40.7546011026,-73.971878855,40.73153937464073,-73.9853024482727,member
1047906,50BBFBEEF2DA4F54,classic_bike,2021-08-31 20:00:08,2021-08-31 20:21:27,E 48 St & 3 Ave,6541,West End Ave & W 60 St,7059,40.7546011026,-73.971878855,40.77237,-73.99005,member
1047907,80C0D6184B0F6EB4,classic_bike,2021-08-20 19:05:13,2021-08-20 19:20:19,E 48 St & 3 Ave,6541,E 13 St & 2 Ave,5820,40.7546011026,-73.971878855,40.73153937464073,-73.9853024482727,member
1047933,D85BB11FC90981F4,electric_bike,2021-08-11 12:21:22,2021-08-11 12:44:46,E 48 St & 3 Ave,6541,E 13 St & 2 Ave,5820,40.7546011026,-73.971878855,40.73153937464073,-73.9853024482727,casual
1047934,9CFA1C28DBA7E3D1,electric_bike,2021-08-31 12:42:54,2021-08-31 12:55:20,E 48 St & 3 Ave,6541,West End Ave & W 60 St,7059,40.7546011026,-73.971878855,40.77237,-73.99005,casual
1060243,5386BB5676AD94EA,electric_bike,2021-08-29 21:53:52,2021-08-29 22:05:43,E 48 St & 3 Ave,6541,West End Ave & W 60 St,7059,40.7546011026,-73.971878855,40.77237,-73.99005,casual
1061025,22A4242A47B5F485,classic_bike,2021-08-04 11:44:25,2021-08-04 12:02:22,E 48 St & 3 Ave,6541,E 13 St & 2 Ave,5820,40.7546011026,-73.971878855,40.73153937464073,-73.9853024482727,member
1061029,2BAFFD898D1297DE,electric_bike,2021-08-12 23:10:05,2021-08-12 23:22:44,E 48 St & 3 Ave,6541,E 13 St & 2 Ave,5820,40.7546011026,-73.971878855,40.73153937464073,-73.9853024482727,member
1061034,84C826F577D5606E,classic_bike,2021-08-05 18:42:23,2021-08-05 18:56:21,E 48 St & 3 Ave,6541,E 13 St & 2 Ave,5820,40.7546011026,-73.971878855,40.73153937464073,-73.9853024482727,casual
1061083,6075D7DD6B97087F,classic_bike,2021-08-25 18:05:20,2021-08-25 18:14:06,E 48 St & 3 Ave,6541,Lexington Ave & E 24 St,6089,40.7546011026,-73.971878855,40.74025878,-73.98409214,member
1061090,12B4A4D41F81805A,classic_bike,2021-08-16 17:47:57,2021-08-16 18:04:18,E 48 St & 3 Ave,6541,31 St & Northern Blvd,6495,40.7546011026,-73.971878855,40.75186951421875,-73.93349289894103,casual
1062457,155914E578913CC5,classic_bike,2021-08-12 16:56:32,2021-08-12 17:09:44,E 48 St & 3 Ave,6541,E 13 St & 2 Ave,5820,40.7546011026,-73.971878855,40.73153937464073,-73.9853024482727,member
1062465,C8F7F880237DCBE0,electric_bike,2021-08-30 17:32:36,2021-08-30 17:48:46,E 48 St & 3 Ave,6541,31 St & Northern Blvd,6495,40.7546011026,-73.971878855,40.75186951421875,-73.93349289894103,casual
1062848,0EDCC10C81ADEA17,electric_bike,2021-08-08 01:13:15,2021-08-08 01:24:24,E 48 St & 3 Ave,6541,E 13 St & 2 Ave,5820,40.7546011026,-73.971878855,40.73153937464073,-73.9853024482727,member
1062851,4CE75179D07BA69C,classic_bike,2021-08-02 17:26:06,2021-08-02 17:43:16,E 48 St & 3 Ave,6541,31 St & Northern Blvd,6495,40.7546011026,-73.971878855,40.75186951421875,-73.93349289894103,casual
1062852,3622021DF89AF191,classic_bike,2021-08-18 22:30:06,2021-08-18 22:36:58,E 48 St & 3 Ave,6541,Lexington Ave & E 24 St,6089,40.7546011026,-73.971878855,40.74025878,-73.98409214,member
1063632,2DB1A995773D7667,electric_bike,2021-08-27 11:23:18,2021-08-27 11:38:29,E 48 St & 3 Ave,6541,E 13 St & 2 Ave,5820,40.7546011026,-73.971878855,40.73153937464073,-73.9853024482727,member
1063753,D9BA962031413016,electric_bike,2021-08-26 18:00:04,2021-08-26 18:19:08,E 48 St & 3 Ave,6541,West End Ave & W 60 St,7059,40.7546011026,-73.971878855,40.77237,-73.99005,member
1063907,B5DE9747A922F355,classic_bike,2021-08-24 23:35:48,2021-08-24 23:56:59,E 48 St & 3 Ave,6541,West End Ave & W 60 St,7059,40.7546011026,-73.971878855,40.77237,-73.99005,member
1064021,0C129C76407151AF,electric_bike,2021-08-02 19:30:51,2021-08-02 20:00:58,E 48 St & 3 Ave,6541,Lexington Ave & E 24 St,6089,40.7546011026,-73.971878855,40.74025878,-73.98409214,member
1064029,94778DF2A29EBB98,electric_bike,2021-08-11 12:22:37,2021-08-11 12:45:31,E 48 St & 3 Ave,6541,E 13 St & 2 Ave,5820,40.7546011026,-73.971878855,40.73153937464073,-73.9853024482727,casual
1064498,5945176AB85721FB,classic_bike,2021-08-30 18:33:33,2021-08-30 18:53:03,E 48 St & 3 Ave,6541,West End Ave & W 60 St,7059,40.7546011026,-73.971878855,40.77237,-73.99005,member
1064500,F248CD3DAB5D0014,classic_bike,2021-08-11 17:48:53,2021-08-11 18:09:17,E 48 St & 3 Ave,6541,West End Ave & W 60 St,7059,40.7546011026,-73.971878855,40.77237,-73.99005,member
1064509,63550494AD60AB49,classic_bike,2021-08-21 11:07:22,2021-08-21 11:26:47,E 48 St & 3 Ave,6541,West End Ave & W 60 St,7059,40.7546011026,-73.971878855,40.77237,-73.99005,member
1064656,3DA1292A4991C543,classic_bike,2021-08-30 18:31:59,2021-08-30 18:45:10,E 48 St & 3 Ave,6541,E 13 St & 2 Ave,5820,40.7546011026,-73.971878855,40.73153937464073,-73.9853024482727,member
1064753,D7D86FA918A6EC83,electric_bike,2021-08-10 11:10:04,2021-08-10 11:23:53,E 48 St & 3 Ave,6541,E 13 St & 2 Ave,5820,40.7546011026,-73.971878855,40.73153937464073,-73.9853024482727,member
1064763,2123AD2FBDA208FD,classic_bike,2021-08-18 18:45:48,2021-08-18 19:04:53,E 48 St & 3 Ave,6541,West End Ave & W 60 St,7059,40.7546011026,-73.971878855,40.77237,-73.99005,member
1065537,7B942A90DC3C93A5,classic_bike,2021-08-11 11:31:34,2021-08-11 11:44:06,E 48 St & 3 Ave,6541,E 13 St & 2 Ave,5820,40.7546011026,-73.971878855,40.73153937464073,-73.9853024482727,member
1065839,27F5D664E1776829,classic_bike,2021-08-17 18:58:22,2021-08-17 19:13:39,E 48 St & 3 Ave,6541,E 13 St & 2 Ave,5820,40.7546011026,-73.971878855,40.73153937464073,-73.9853024482727,member
1066080,04B524FA85C85744,electric_bike,2021-08-29 19:29:49,2021-08-29 20:00:57,E 48 St & 3 Ave,6541,Bergen Ave & E 152 St,7858,40.7546011026,-73.971878855,40.817166,-73.914737,member
1066307,E5C2C3C62192E062,classic_bike,2021-08-24 23:33:56,2021-08-24 23:56:18,E 48 St & 3 Ave,6541,West End Ave & W 60 St,7059,40.7546011026,-73.971878855,40.77237,-73.99005,member
1066474,8D584463CD940196,classic_bike,2021-08-04 17:40:48,2021-08-04 17:58:05,E 48 St & 3 Ave,6541,31 St & Northern Blvd,6495,40.7546011026,-73.971878855,40.75186951421875,-73.93349289894103,casual
1066478,9500A986472EA240,classic_bike,2021-08-18 18:06:59,2021-08-18 18:26:27,E 48 St & 3 Ave,6541,E 13 St & 2 Ave,5820,40.7546011026,-73.971878855,40.73153937464073,-73.9853024482727,casual
1066487,F15A69168489DC5D,classic_bike,2021-08-26 20:19:15,2021-08-26 20:32:35,E 48 St & 3 Ave,6541,E 13 St & 2 Ave,5820,40.7546011026,-73.971878855,40.73153937464073,-73.9853024482727,member
1066489,155DBEFB552DF5AA,classic_bike,2021-08-02 16:16:08,2021-08-02 16:30:03,E 48 St & 3 Ave,6541,E 13 St & 2 Ave,5820,40.7546011026,-73.971878855,40.73153937464073,-73.9853024482727,member
1066508,2EF7AAD59C8026E3,electric_bike,2021-08-16 22:07:01,2021-08-16 22:20:20,E 48 St & 3 Ave,6541,E 13 St & 2 Ave,5820,40.7546011026,-73.971878855,40.73153937464073,-73.9853024482727,member
1066596,99A19C1A63490C5F,classic_bike,2021-08-05 21:23:09,2021-08-05 21:33:31,E 48 St & 3 Ave,6541,Lexington Ave & E 24 St,6089,40.7546011026,-73.971878855,40.74025878,-73.98409214,member
1066601,83040887F7AC91E4,classic_bike,2021-08-25 17:33:19,2021-08-25 17:52:01,E 48 St & 3 Ave,6541,E 13 St & 2 Ave,5820,40.7546011026,-73.971878855,40.73153937464073,-73.9853024482727,casual
1066606,F76334230A8D94D7,classic_bike,2021-08-02 17:44:24,2021-08-02 17:57:50,E 48 St & 3 Ave,6541,E 13 St & 2 Ave,5820,40.7546011026,-73.971878855,40.73153937464073,-73.9853024482727,member
1066818,B7475C8E00F303E8,classic_bike,2021-08-10 11:04:48,2021-08-10 11:42:53,E 48 St & 3 Ave,6541,Nassau St & Navy St,4812,40.7546011026,-73.971878855,40.69839895,-73.98068914,member
1087039,89A8019B6BF9837F,classic_bike,2021-08-04 23:11:40,2021-08-04 23:39:33,E 48 St & 3 Ave,6541,West Thames St,5114,40.7546011026,-73.971878855,40.70834698,-74.01713445,member
1094270,77EEDDC7C50A43B7,electric_bike,2021-08-12 10:02:25,2021-08-12 10:13:19,E 48 St & 3 Ave,6541,W 59 St & 10 Ave,7023,40.7546011026,-73.971878855,40.770513,-73.988038,member
1105655,A85E49977065AA45,electric_bike,2021-08-19 08:43:03,2021-08-19 08:55:31,E 48 St & 3 Ave,6541,W 59 St & 10 Ave,7023,40.7546011026,-73.971878855,40.770513,-73.988038,casual
1107299,FA681F836DFD909F,classic_bike,2021-08-25 18:21:15,2021-08-25 18:32:24,E 48 St & 3 Ave,6541,W 59 St & 10 Ave,7023,40.7546011026,-73.971878855,40.770513,-73.988038,member
1107633,13617B3C2857058A,classic_bike,2021-08-11 14:07:41,2021-08-11 14:25:37,E 48 St & 3 Ave,6541,Avenue C & E 18 St,5769,40.7546011026,-73.971878855,40.730563,-73.973984,casual
1107672,6173D168CDD69417,electric_bike,2021-08-16 16:07:37,2021-08-16 16:32:41,E 48 St & 3 Ave,6541,W 106 St & Central Park West,7606,40.7546011026,-73.971878855,40.7981856,-73.9605909006,member
1107704,8A6CECB99791C10A,classic_bike,2021-08-29 21:23:39,2021-08-29 21:42:35,E 48 St & 3 Ave,6541,Avenue C & E 18 St,5769,40.7546011026,-73.971878855,40.730563,-73.973984,member
1108431,83C91A534E573898,classic_bike,2021-08-17 22:19:08,2021-08-17 22:33:04,E 48 St & 3 Ave,6541,Avenue C & E 18 St,5769,40.7546011026,-73.971878855,40.730563,-73.973984,member
1108452,79032F6FF7AFE0DC,classic_bike,2021-08-19 15:03:49,2021-08-19 15:23:58,E 48 St & 3 Ave,6541,Avenue C & E 18 St,5769,40.7546011026,-73.971878855,40.730563,-73.973984,member
1110557,593D751C5D6F3F98,classic_bike,2021-08-26 18:17:14,2021-08-26 18:29:32,E 48 St & 3 Ave,6541,W 59 St & 10 Ave,7023,40.7546011026,-73.971878855,40.770513,-73.988038,member
1111217,27F223656BE9FB17,electric_bike,2021-08-13 08:44:04,2021-08-13 08:58:48,E 48 St & 3 Ave,6541,W 59 St & 10 Ave,7023,40.7546011026,-73.971878855,40.770513,-73.988038,casual
1111332,81265B6904054F9B,classic_bike,2021-08-01 07:23:58,2021-08-01 07:36:09,E 48 St & 3 Ave,6541,W 59 St & 10 Ave,7023,40.7546011026,-73.971878855,40.770513,-73.988038,member
1111349,165F368F364E4916,classic_bike,2021-08-20 20:59:05,2021-08-20 21:18:13,E 48 St & 3 Ave,6541,W 59 St & 10 Ave,7023,40.7546011026,-73.971878855,40.770513,-73.988038,member
1112402,335FA43AC0109321,electric_bike,2021-08-16 13:57:47,2021-08-16 15:09:46,E 48 St & 3 Ave,6541,Barrow St & Hudson St,5805,40.7546011026,-73.971878855,40.73172428,-74.00674436,casual
1114969,27899DD1864454CA,classic_bike,2021-08-09 18:19:39,2021-08-09 18:32:10,E 48 St & 3 Ave,6541,W 59 St & 10 Ave,7023,40.7546011026,-73.971878855,40.770513,-73.988038,member
1118631,3C53651764AB7A14,classic_bike,2021-08-21 10:25:28,2021-08-21 10:35:03,E 48 St & 3 Ave,6541,E 33 St & 1 Ave,6197,40.7546011026,-73.971878855,40.74322681432173,-73.97449783980846,casual
1118636,E7CB7F893EECD157,classic_bike,2021-08-29 09:47:39,2021-08-29 09:55:36,E 48 St & 3 Ave,6541,E 33 St & 1 Ave,6197,40.7546011026,-73.971878855,40.74322681432173,-73.97449783980846,casual
1118661,D5E70D793B94988C,electric_bike,2021-08-24 11:01:45,2021-08-24 11:14:05,E 48 St & 3 Ave,6541,W 20 St & 7 Ave,6182,40.7546011026,-73.971878855,40.74238787,-73.99726235,member
1118663,5BC0E62FCB290F64,electric_bike,2021-08-10 07:01:20,2021-08-10 07:09:25,E 48 St & 3 Ave,6541,E 33 St & 1 Ave,6197,40.7546011026,-73.971878855,40.74322681432173,-73.97449783980846,member
1118677,1DC3288A8C46DA5B,classic_bike,2021-08-09 17:34:06,2021-08-09 17:43:05,E 48 St & 3 Ave,6541,E 33 St & 1 Ave,6197,40.7546011026,-73.971878855,40.74322681432173,-73.97449783980846,casual
1134941,E240FB066E11EDF1,classic_bike,2021-08-11 17:52:19,2021-08-11 18:01:44,E 48 St & 3 Ave,6541,E 33 St & 1 Ave,6197,40.7546011026,-73.971878855,40.74322681432173,-73.97449783980846,member
1134943,304195AF12835F76,classic_bike,2021-08-17 18:16:56,2021-08-17 18:25:06,E 48 St & 3 Ave,6541,E 33 St & 1 Ave,6197,40.7546011026,-73.971878855,40.74322681432173,-73.97449783980846,member
1137812,64D76C695BCCD1BA,electric_bike,2021-08-31 09:06:46,2021-08-31 09:13:29,E 48 St & 3 Ave,6541,E 33 St & 1 Ave,6197,40.7546011026,-73.971878855,40.74322681432173,-73.97449783980846,casual
1137814,286785C203E6627D,classic_bike,2021-08-18 22:44:02,2021-08-18 22:51:14,E 48 St & 3 Ave,6541,E 33 St & 1 Ave,6197,40.7546011026,-73.971878855,40.74322681432173,-73.97449783980846,casual
1141481,F68CBEE66B2116F1,classic_bike,2021-08-28 10:34:32,2021-08-28 10:40:38,E 48 St & 3 Ave,6541,E 33 St & 1 Ave,6197,40.7546011026,-73.971878855,40.74322681432173,-73.97449783980846,member
1141571,C54A37FDEC189621,electric_bike,2021-08-05 12:07:36,2021-08-05 12:13:51,E 48 St & 3 Ave,6541,E 33 St & 1 Ave,6197,40.7546011026,-73.971878855,40.74322681432173,-73.97449783980846,member
1141587,62CAAE05852E68AF,classic_bike,2021-08-25 18:13:56,2021-08-25 18:32:01,E 48 St & 3 Ave,6541,W 20 St & 7 Ave,6182,40.7546011026,-73.971878855,40.74238787,-73.99726235,casual
1142914,4C404CED0A0D2BA7,classic_bike,2021-08-03 17:19:56,2021-08-03 17:25:11,E 48 St & 3 Ave,6541,E 59 St & Madison Ave,6801,40.7546011026,-73.971878855,40.76350532,-73.97109243,member
1142936,4DBD50C4EE578C12,classic_bike,2021-08-18 18:25:01,2021-08-18 18:31:02,E 48 St & 3 Ave,6541,E 59 St & Madison Ave,6801,40.7546011026,-73.971878855,40.76350532,-73.97109243,member
1142940,20CAB2A2CE216B5F,classic_bike,2021-08-02 17:20:42,2021-08-02 17:29:12,E 48 St & 3 Ave,6541,E 33 St & 1 Ave,6197,40.7546011026,-73.971878855,40.74322681432173,-73.97449783980846,casual
1143234,F64BAFA5B46C1F71,classic_bike,2021-08-18 18:13:06,2021-08-18 18:29:54,E 48 St & 3 Ave,6541,44 Dr & 21 St,6278,40.7546011026,-73.971878855,40.748,-73.9460927,member
1143536,A38F11CE18AB252F,electric_bike,2021-08-09 08:10:25,2021-08-09 08:30:03,E 48 St & 3 Ave,6541,W 20 St & 7 Ave,6182,40.7546011026,-73.971878855,40.74238787,-73.99726235,member
1143542,C52C98475E613177,electric_bike,2021-08-17 15:56:16,2021-08-17 16:03:15,E 48 St & 3 Ave,6541,E 59 St & Madison Ave,6801,40.7546011026,-73.971878855,40.76350532,-73.97109243,member
1143559,AE2D39464CD55F7B,classic_bike,2021-08-12 22:26:25,2021-08-12 22:42:00,E 48 St & 3 Ave,6541,E 95 St & 3 Ave,7365,40.7546011026,-73.971878855,40.7849032,-73.950503,member
1143562,B3FE7B7EE6ECD7E9,classic_bike,2021-08-17 16:29:56,2021-08-17 16:36:28,E 48 St & 3 Ave,6541,E 33 St & 1 Ave,6197,40.7546011026,-73.971878855,40.74322681432173,-73.97449783980846,casual
1143587,C5003ED3D940D077,electric_bike,2021-08-24 12:45:18,2021-08-24 12:56:47,E 48 St & 3 Ave,6541,W 20 St & 7 Ave,6182,40.7546011026,-73.971878855,40.74238787,-73.99726235,member
1143595,02147CDD07685D6B,electric_bike,2021-08-19 08:42:13,2021-08-19 08:58:24,E 48 St & 3 Ave,6541,W 20 St & 7 Ave,6182,40.7546011026,-73.971878855,40.74238787,-73.99726235,member
1143596,1ACF9D3610A190B3,electric_bike,2021-08-11 08:28:59,2021-08-11 08:45:00,E 48 St & 3 Ave,6541,W 20 St & 7 Ave,6182,40.7546011026,-73.971878855,40.74238787,-73.99726235,member
1144763,963C6DEE799E4D18,classic_bike,2021-08-10 17:27:32,2021-08-10 17:42:49,E 48 St & 3 Ave,6541,44 Dr & 21 St,6278,40.7546011026,-73.971878855,40.748,-73.9460927,member
1144774,5173F4A60757FB22,classic_bike,2021-08-06 17:25:45,2021-08-06 17:34:39,E 48 St & 3 Ave,6541,E 33 St & 1 Ave,6197,40.7546011026,-73.971878855,40.74322681432173,-73.97449783980846,member
1144776,84AFD0789C354A34,electric_bike,2021-08-02 12:36:07,2021-08-02 12:54:03,E 48 St & 3 Ave,6541,E 59 St & Madison Ave,6801,40.7546011026,-73.971878855,40.76350532,-73.97109243,member
1146717,9C83D78A87EAEEA9,classic_bike,2021-08-12 17:41:20,2021-08-12 17:48:36,E 48 St & 3 Ave,6541,E 33 St & 1 Ave,6197,40.7546011026,-73.971878855,40.74322681432173,-73.97449783980846,member
1146725,4AA71970A7517DB2,classic_bike,2021-08-11 01:45:28,2021-08-11 01:54:16,E 48 St & 3 Ave,6541,E 33 St & 1 Ave,6197,40.7546011026,-73.971878855,40.74322681432173,-73.97449783980846,member
1146728,835121512E85DE94,classic_bike,2021-08-21 10:26:10,2021-08-21 10:34:58,E 48 St & 3 Ave,6541,E 33 St & 1 Ave,6197,40.7546011026,-73.971878855,40.74322681432173,-73.97449783980846,casual
1147024,D24EA8F17DC32E47,classic_bike,2021-08-26 18:12:01,2021-08-26 18:19:47,E 48 St & 3 Ave,6541,E 33 St & 1 Ave,6197,40.7546011026,-73.971878855,40.74322681432173,-73.97449783980846,member
1147030,B734AD96BD4176E3,electric_bike,2021-08-20 12:38:19,2021-08-20 12:52:46,E 48 St & 3 Ave,6541,W 20 St & 7 Ave,6182,40.7546011026,-73.971878855,40.74238787,-73.99726235,member
1147077,B6818AEF7AC93C5C,classic_bike,2021-08-26 17:30:01,2021-08-26 17:38:03,E 48 St & 3 Ave,6541,E 33 St & 1 Ave,6197,40.7546011026,-73.971878855,40.74322681432173,-73.97449783980846,casual
1147083,2FC4CF5FFD2ADC81,classic_bike,2021-08-16 17:27:23,2021-08-16 17:37:40,E 48 St & 3 Ave,6541,E 33 St & 1 Ave,6197,40.7546011026,-73.971878855,40.74322681432173,-73.97449783980846,casual
1147918,26A18F4A44EE39E6,classic_bike,2021-08-24 11:42:01,2021-08-24 11:48:20,E 48 St & 3 Ave,6541,E 59 St & Madison Ave,6801,40.7546011026,-73.971878855,40.76350532,-73.97109243,member
1147919,ADC0AEBA1189488C,classic_bike,2021-08-31 18:20:52,2021-08-31 18:33:23,E 48 St & 3 Ave,6541,E 59 St & Madison Ave,6801,40.7546011026,-73.971878855,40.76350532,-73.97109243,member
1147946,7B3B8565BA6BAA12,classic_bike,2021-08-09 17:08:31,2021-08-09 17:17:16,E 48 St & 3 Ave,6541,E 33 St & 1 Ave,6197,40.7546011026,-73.971878855,40.74322681432173,-73.97449783980846,member
1147957,1315BD19BB0345BD,classic_bike,2021-08-23 17:14:26,2021-08-23 17:22:45,E 48 St & 3 Ave,6541,E 33 St & 1 Ave,6197,40.7546011026,-73.971878855,40.74322681432173,-73.97449783980846,casual
1147996,5FC5ED723AA4593D,classic_bike,2021-08-13 23:50:30,2021-08-14 00:11:17,E 48 St & 3 Ave,6541,Columbia St & Rivington St,5365,40.7546011026,-73.971878855,40.71739973,-73.98016555,member
1147998,F076E75E646758E8,classic_bike,2021-08-11 17:28:55,2021-08-11 17:36:32,E 48 St & 3 Ave,6541,E 33 St & 1 Ave,6197,40.7546011026,-73.971878855,40.74322681432173,-73.97449783980846,casual
1147999,2AFBD674B27141DA,classic_bike,2021-08-24 17:33:16,2021-08-24 17:40:40,E 48 St & 3 Ave,6541,E 33 St & 1 Ave,6197,40.7546011026,-73.971878855,40.74322681432173,-73.97449783980846,casual
1148009,33A9B0EBCF9643C2,electric_bike,2021-08-16 10:27:54,2021-08-16 10:35:43,E 48 St & 3 Ave,6541,E 59 St & Madison Ave,6801,40.7546011026,-73.971878855,40.76350532,-73.97109243,member
1148078,8FE1232B042C7DF5,docked_bike,2021-08-01 18:56:00,2021-08-01 19:03:59,E 48 St & 3 Ave,6541,E 59 St & Madison Ave,6801,40.754601,-73.971879,40.763505,-73.971092,casual
1148082,F96CAB2D01E64BD8,electric_bike,2021-08-07 09:12:58,2021-08-07 09:17:14,E 48 St & 3 Ave,6541,E 59 St & Madison Ave,6801,40.7546011026,-73.971878855,40.76350532,-73.97109243,member
1148085,95CE6CEBC2B11037,classic_bike,2021-08-18 18:20:54,2021-08-18 18:39:23,E 48 St & 3 Ave,6541,E 95 St & 3 Ave,7365,40.7546011026,-73.971878855,40.7849032,-73.950503,member
1148142,46704564A1D1E04F,electric_bike,2021-08-29 16:14:49,2021-08-29 16:27:26,E 48 St & 3 Ave,6541,44 Dr & 21 St,6278,40.7546011026,-73.971878855,40.748,-73.9460927,member
1148174,D47C8CBAAC1FE557,classic_bike,2021-08-30 18:42:14,2021-08-30 19:02:07,E 48 St & 3 Ave,6541,W 20 St & 7 Ave,6182,40.7546011026,-73.971878855,40.74238787,-73.99726235,member
1148284,35AD7E42561F7B38,classic_bike,2021-08-11 15:25:35,2021-08-11 15:33:47,E 48 St & 3 Ave,6541,E 59 St & Madison Ave,6801,40.7546011026,-73.971878855,40.76350532,-73.97109243,member
1149214,FCD313B19D7F493C,classic_bike,2021-08-05 13:53:20,2021-08-05 14:00:29,E 48 St & 3 Ave,6541,E 33 St & 1 Ave,6197,40.7546011026,-73.971878855,40.74322681432173,-73.97449783980846,member
1149450,742C750F7BD93520,electric_bike,2021-08-04 08:33:47,2021-08-04 08:48:36,E 48 St & 3 Ave,6541,W 20 St & 7 Ave,6182,40.7546011026,-73.971878855,40.74238787,-73.99726235,member
1149536,039442ECF8BAD7F8,classic_bike,2021-08-06 17:35:37,2021-08-06 17:44:10,E 48 St & 3 Ave,6541,E 33 St & 1 Ave,6197,40.7546011026,-73.971878855,40.74322681432173,-73.97449783980846,casual
1149663,6ED2E40817FE5506,classic_bike,2021-08-23 16:57:24,2021-08-23 17:07:58,E 48 St & 3 Ave,6541,E 33 St & 1 Ave,6197,40.7546011026,-73.971878855,40.74322681432173,-73.97449783980846,member
1151036,AA6BE4AF7285FAAC,classic_bike,2021-08-12 17:05:29,2021-08-12 17:22:04,E 48 St & 3 Ave,6541,5 Ave & E 93 St,7372,40.7546011026,-73.971878855,40.7857851,-73.957481,member
1151037,C91298D738CE162C,classic_bike,2021-08-27 15:48:40,2021-08-27 16:05:10,E 48 St & 3 Ave,6541,5 Ave & E 93 St,7372,40.7546011026,-73.971878855,40.7857851,-73.957481,member
1151080,E71FCF153172F16D,classic_bike,2021-08-24 18:27:52,2021-08-24 18:35:25,E 48 St & 3 Ave,6541,E 59 St & Madison Ave,6801,40.7546011026,-73.971878855,40.76350532,-73.97109243,member
1151081,BB5ADDA006D6F7F9,classic_bike,2021-08-01 15:17:22,2021-08-01 15:24:23,E 48 St & 3 Ave,6541,E 33 St & 1 Ave,6197,40.7546011026,-73.971878855,40.74322681432173,-73.97449783980846,member
1151088,702ACA586D90F005,classic_bike,2021-08-17 17:12:36,2021-08-17 17:20:55,E 48 St & 3 Ave,6541,E 33 St & 1 Ave,6197,40.7546011026,-73.971878855,40.74322681432173,-73.97449783980846,casual
1156991,2FD5A2630D4A6A16,classic_bike,2021-08-17 10:52:24,2021-08-17 11:11:34,E 48 St & 3 Ave,6541,W 25 St & 6 Ave,6215,40.7546011026,-73.971878855,40.74395411,-73.99144871,member
1160725,7FB15415AE1E828A,classic_bike,2021-08-05 18:04:46,2021-08-05 18:14:59,E 48 St & 3 Ave,6541,W 25 St & 6 Ave,6215,40.7546011026,-73.971878855,40.74395411,-73.99144871,member
1163361,19A0019F6FB32330,classic_bike,2021-08-20 14:20:53,2021-08-20 14:36:57,E 48 St & 3 Ave,6541,5 Ave & E 93 St,7372,40.7546011026,-73.971878855,40.7857851,-73.957481,member
1163362,50A1A3E5171F3E2E,classic_bike,2021-08-14 13:03:05,2021-08-14 13:22:13,E 48 St & 3 Ave,6541,5 Ave & E 93 St,7372,40.7546011026,-73.971878855,40.7857851,-73.957481,member
1170371,118A723E486A0E81,classic_bike,2021-08-23 17:41:55,2021-08-23 17:52:16,E 48 St & 3 Ave,6541,W 25 St & 6 Ave,6215,40.7546011026,-73.971878855,40.74395411,-73.99144871,member
1171274,2CA1A9988C19A113,electric_bike,2021-08-09 12:47:27,2021-08-09 13:01:59,E 48 St & 3 Ave,6541,5 Ave & E 93 St,7372,40.7546011026,-73.971878855,40.7857851,-73.957481,member
1171278,849C3E00FFBE009E,classic_bike,2021-08-25 16:43:34,2021-08-25 17:01:42,E 48 St & 3 Ave,6541,5 Ave & E 93 St,7372,40.7546011026,-73.971878855,40.7857851,-73.957481,member
1171449,15935D6CABB23016,classic_bike,2021-08-31 18:08:51,2021-08-31 18:22:36,E 48 St & 3 Ave,6541,W 25 St & 6 Ave,6215,40.7546011026,-73.971878855,40.74395411,-73.99144871,member
1172117,495FD1FEB4A4CE5A,electric_bike,2021-08-08 09:12:32,2021-08-08 09:24:51,E 48 St & 3 Ave,6541,W 25 St & 6 Ave,6215,40.7546011026,-73.971878855,40.74395411,-73.99144871,member
1172663,6939B6D410DCFFCE,electric_bike,2021-08-29 14:14:45,2021-08-29 14:32:36,E 48 St & 3 Ave,6541,W 25 St & 6 Ave,6215,40.7546011026,-73.971878855,40.74395411,-73.99144871,member
1172664,FE878826AC7A7EA3,classic_bike,2021-08-10 15:15:04,2021-08-10 15:31:02,E 48 St & 3 Ave,6541,5 Ave & E 93 St,7372,40.7546011026,-73.971878855,40.7857851,-73.957481,member
1174681,A558619278F533AA,classic_bike,2021-08-04 12:37:09,2021-08-04 12:54:35,E 48 St & 3 Ave,6541,5 Ave & E 93 St,7372,40.7546011026,-73.971878855,40.7857851,-73.957481,member
1174682,DBAEA96AFFD140F3,classic_bike,2021-08-08 13:15:01,2021-08-08 13:30:34,E 48 St & 3 Ave,6541,5 Ave & E 93 St,7372,40.7546011026,-73.971878855,40.7857851,-73.957481,member
1174721,C6F84709250B3C73,classic_bike,2021-08-15 15:25:10,2021-08-15 15:34:24,E 48 St & 3 Ave,6541,W 46 St & 11 Ave,6795,40.7546011026,-73.971878855,40.76341379,-73.99667444,member
1174732,6D8EE9C3DB9D135D,electric_bike,2021-08-13 08:32:00,2021-08-13 08:46:05,E 48 St & 3 Ave,6541,5 Ave & E 93 St,7372,40.7546011026,-73.971878855,40.7857851,-73.957481,member
1174740,DC05892F1B478C1C,classic_bike,2021-08-30 18:54:09,2021-08-30 19:24:03,E 48 St & 3 Ave,6541,Clark St & Henry St,4789,40.7546011026,-73.971878855,40.69760127,-73.99344559,member
1174742,572E10AB8C94F0F8,classic_bike,2021-08-07 15:34:08,2021-08-07 15:50:43,E 48 St & 3 Ave,6541,5 Ave & E 93 St,7372,40.7546011026,-73.971878855,40.7857851,-73.957481,member
1174747,3298911968CA3855,classic_bike,2021-08-25 17:18:54,2021-08-25 17:36:13,E 48 St & 3 Ave,6541,W 18 St & 9 Ave,6190,40.7546011026,-73.971878855,40.7435337324616,-74.00367558002472,casual
1174803,ABC02FDA5B1A0BF4,classic_bike,2021-08-16 18:07:59,2021-08-16 18:18:26,E 48 St & 3 Ave,6541,W 25 St & 6 Ave,6215,40.7546011026,-73.971878855,40.74395411,-73.99144871,member
1174806,7A62DBDF1EA2A423,classic_bike,2021-08-11 15:40:28,2021-08-11 15:55:49,E 48 St & 3 Ave,6541,5 Ave & E 93 St,7372,40.7546011026,-73.971878855,40.7857851,-73.957481,member
1174807,B8E5C6314C26DE01,classic_bike,2021-08-05 13:09:56,2021-08-05 13:25:08,E 48 St & 3 Ave,6541,5 Ave & E 93 St,7372,40.7546011026,-73.971878855,40.7857851,-73.957481,member
1174826,D41B2A215700B01F,classic_bike,2021-08-01 13:05:07,2021-08-01 13:20:55,E 48 St & 3 Ave,6541,5 Ave & E 93 St,7372,40.7546011026,-73.971878855,40.7857851,-73.957481,member
1174866,EA939B75595E1BB7,classic_bike,2021-08-29 16:12:46,2021-08-29 16:29:08,E 48 St & 3 Ave,6541,5 Ave & E 93 St,7372,40.7546011026,-73.971878855,40.7857851,-73.957481,member
1175254,E2C1B46D21847CE6,classic_bike,2021-08-09 16:30:30,2021-08-09 16:47:07,E 48 St & 3 Ave,6541,5 Ave & E 93 St,7372,40.7546011026,-73.971878855,40.7857851,-73.957481,member
1175268,175E196843F2670A,classic_bike,2021-08-11 11:35:23,2021-08-11 11:47:24,E 48 St & 3 Ave,6541,W 25 St & 6 Ave,6215,40.7546011026,-73.971878855,40.74395411,-73.99144871,member
1175393,684FFD462BDE7B86,classic_bike,2021-08-19 14:10:06,2021-08-19 14:49:00,E 48 St & 3 Ave,6541,5 Ave & E 93 St,7372,40.7546011026,-73.971878855,40.7857851,-73.957481,member
1175395,963B2474F9366B80,electric_bike,2021-08-02 14:00:18,2021-08-02 14:47:43,E 48 St & 3 Ave,6541,W 46 St & 11 Ave,6795,40.7546011026,-73.971878855,40.76341379,-73.99667444,member
1175401,D5DF72B321525DEC,electric_bike,2021-08-03 21:32:18,2021-08-03 21:42:00,E 48 St & 3 Ave,6541,W 25 St & 6 Ave,6215,40.7546011026,-73.971878855,40.74395411,-73.99144871,casual
1175435,D60E9D12B96EF6CF,classic_bike,2021-08-18 14:51:54,2021-08-18 15:05:42,E 48 St & 3 Ave,6541,W 25 St & 6 Ave,6215,40.7546011026,-73.971878855,40.74395411,-73.99144871,member
1175441,FBC4CF4EDAAE34A7,classic_bike,2021-08-14 10:07:24,2021-08-14 10:35:12,E 48 St & 3 Ave,6541,5 Ave & E 93 St,7372,40.7546011026,-73.971878855,40.7857851,-73.957481,casual
1175502,1BB8629BDE6C082A,classic_bike,2021-08-31 13:22:51,2021-08-31 13:39:35,E 48 St & 3 Ave,6541,5 Ave & E 93 St,7372,40.7546011026,-73.971878855,40.7857851,-73.957481,member
1175620,0B924E7DCC76F7F1,classic_bike,2021-08-23 15:26:17,2021-08-23 15:42:59,E 48 St & 3 Ave,6541,5 Ave & E 93 St,7372,40.7546011026,-73.971878855,40.7857851,-73.957481,member
1175621,42CAAA03B8D585AF,classic_bike,2021-08-13 13:51:12,2021-08-13 14:07:15,E 48 St & 3 Ave,6541,5 Ave & E 93 St,7372,40.7546011026,-73.971878855,40.7857851,-73.957481,member
1175637,8094663B32BEE878,classic_bike,2021-08-28 13:31:53,2021-08-28 13:46:06,E 48 St & 3 Ave,6541,W 25 St & 6 Ave,6215,40.7546011026,-73.971878855,40.74395411,-73.99144871,member
1175934,543EF2A9321295D8,electric_bike,2021-08-02 16:02:59,2021-08-02 16:15:19,E 48 St & 3 Ave,6541,W 46 St & 11 Ave,6795,40.7546011026,-73.971878855,40.76341379,-73.99667444,member
1176205,35A88924578DCB59,classic_bike,2021-08-14 10:07:24,2021-08-14 10:36:14,E 48 St & 3 Ave,6541,5 Ave & E 93 St,7372,40.7546011026,-73.971878855,40.7857851,-73.957481,casual
1176227,A5FE646137EAB1C8,classic_bike,2021-08-03 19:21:40,2021-08-03 19:34:00,E 48 St & 3 Ave,6541,W 25 St & 6 Ave,6215,40.7546011026,-73.971878855,40.74395411,-73.99144871,member
1176229,0363CA31354EBED0,classic_bike,2021-08-03 18:15:49,2021-08-03 18:31:07,E 48 St & 3 Ave,6541,W 25 St & 6 Ave,6215,40.7546011026,-73.971878855,40.74395411,-73.99144871,member
1176318,B40A140FA038DEA0,electric_bike,2021-08-20 04:03:10,2021-08-20 04:15:20,E 48 St & 3 Ave,6541,W 18 St & 9 Ave,6190,40.7546011026,-73.971878855,40.7435337324616,-74.00367558002472,member
1176321,269480209CFA1D4F,classic_bike,2021-08-03 12:23:15,2021-08-03 12:39:31,E 48 St & 3 Ave,6541,5 Ave & E 93 St,7372,40.7546011026,-73.971878855,40.7857851,-73.957481,member
1176627,9F3A409A8471E428,electric_bike,2021-08-27 13:35:34,2021-08-27 13:53:12,E 48 St & 3 Ave,6541,5 Ave & E 93 St,7372,40.7546011026,-73.971878855,40.7857851,-73.957481,casual
1176638,F5B53B5E22E3FE6F,classic_bike,2021-08-20 15:19:49,2021-08-20 15:35:55,E 48 St & 3 Ave,6541,W 46 St & 11 Ave,6795,40.7546011026,-73.971878855,40.76341379,-73.99667444,member
1176691,CAF90B209BFA5577,classic_bike,2021-08-28 15:42:48,2021-08-28 16:00:53,E 48 St & 3 Ave,6541,5 Ave & E 93 St,7372,40.7546011026,-73.971878855,40.7857851,-73.957481,member
1176694,E6302F0C7883A089,classic_bike,2021-08-17 17:16:13,2021-08-17 17:29:36,E 48 St & 3 Ave,6541,W 25 St & 6 Ave,6215,40.7546011026,-73.971878855,40.74395411,-73.99144871,member
1176695,BE9D8DDAC3507DFD,classic_bike,2021-08-14 21:12:06,2021-08-14 21:27:06,E 48 St & 3 Ave,6541,W 46 St & 11 Ave,6795,40.7546011026,-73.971878855,40.76341379,-73.99667444,member
1176934,DBD333C60A3CC518,electric_bike,2021-08-04 11:41:56,2021-08-04 11:57:42,E 48 St & 3 Ave,6541,5 Ave & E 93 St,7372,40.7546011026,-73.971878855,40.7857851,-73.957481,member
1186750,612F442B386AE917,classic_bike,2021-08-05 14:31:38,2021-08-05 14:34:11,E 48 St & 3 Ave,6541,E 44 St & Lexington Ave,6464,40.7546011026,-73.971878855,40.752643,-73.974996,member
1194316,6C4391C58885703E,classic_bike,2021-08-23 22:33:19,2021-08-23 23:14:14,E 48 St & 3 Ave,6541,2 Ave & E 55 St,6650,40.7546011026,-73.971878855,40.757920208794026,-73.96638214588165,member
1201807,05BCF5888C5A49A2,classic_bike,2021-08-28 18:26:20,2021-08-28 18:29:42,E 48 St & 3 Ave,6541,E 44 St & Lexington Ave,6464,40.7546011026,-73.971878855,40.752643,-73.974996,member
1201819,8F55EAEA9F02FD92,classic_bike,2021-08-07 18:54:57,2021-08-07 18:57:19,E 48 St & 3 Ave,6541,E 44 St & Lexington Ave,6464,40.7546011026,-73.971878855,40.752643,-73.974996,member
1209649,C6EA446EBC1F466D,classic_bike,2021-08-25 19:13:08,2021-08-25 19:18:04,E 48 St & 3 Ave,6541,2 Ave & E 55 St,6650,40.7546011026,-73.971878855,40.757920208794026,-73.96638214588165,member
1209668,04EBEC879B8E7BE2,classic_bike,2021-08-19 10:05:51,2021-08-19 10:08:01,E 48 St & 3 Ave,6541,E 44 St & Lexington Ave,6464,40.7546011026,-73.971878855,40.752643,-73.974996,member
1210124,858FEB022D22FF3F,classic_bike,2021-08-25 10:15:32,2021-08-25 10:28:04,E 48 St & 3 Ave,6541,E 44 St & Lexington Ave,6464,40.7546011026,-73.971878855,40.752643,-73.974996,member
1214384,5AFCDFE064BA7CDD,classic_bike,2021-08-25 15:10:51,2021-08-25 15:13:11,E 48 St & 3 Ave,6541,E 44 St & Lexington Ave,6464,40.7546011026,-73.971878855,40.752643,-73.974996,member
1214386,AA7575354786BAA5,classic_bike,2021-08-27 15:26:25,2021-08-27 15:43:48,E 48 St & 3 Ave,6541,E 5 St & Cooper Sq,5712,40.7546011026,-73.971878855,40.72769,-73.990993,member
1214393,836EDFB512F516A7,classic_bike,2021-08-10 15:55:28,2021-08-10 15:58:55,E 48 St & 3 Ave,6541,2 Ave & E 55 St,6650,40.7546011026,-73.971878855,40.757920208794026,-73.96638214588165,member
1214403,9F4196AEA0955EDC,classic_bike,2021-08-13 10:18:28,2021-08-13 10:32:23,E 48 St & 3 Ave,6541,2 Ave & E 55 St,6650,40.7546011026,-73.971878855,40.757920208794026,-73.96638214588165,casual
1216462,39D8FB8CC0DCFF9B,classic_bike,2021-08-03 17:49:50,2021-08-03 18:09:53,E 48 St & 3 Ave,6541,Rivington St & Ridge St,5406,40.7546011026,-73.971878855,40.71850211,-73.98329859,member
1216471,C8496F0D7B887FB4,classic_bike,2021-08-04 01:32:38,2021-08-04 01:34:53,E 48 St & 3 Ave,6541,E 44 St & Lexington Ave,6464,40.7546011026,-73.971878855,40.752643,-73.974996,member
1216499,8CEA224A27C52F0A,electric_bike,2021-08-24 16:40:38,2021-08-24 16:45:53,E 48 St & 3 Ave,6541,E 44 St & Lexington Ave,6464,40.7546011026,-73.971878855,40.752643,-73.974996,member
1216521,F8F95E94C6A99F23,electric_bike,2021-08-05 09:23:11,2021-08-05 09:25:46,E 48 St & 3 Ave,6541,E 44 St & Lexington Ave,6464,40.7546011026,-73.971878855,40.752643,-73.974996,member
1216522,FABE4131A498EBF6,classic_bike,2021-08-15 10:49:34,2021-08-15 10:52:13,E 48 St & 3 Ave,6541,E 44 St & Lexington Ave,6464,40.7546011026,-73.971878855,40.752643,-73.974996,member
1216537,FAD3A95CDC1237CD,electric_bike,2021-08-08 12:22:06,2021-08-08 12:36:53,E 48 St & 3 Ave,6541,W 13 St & 7 Ave,6030,40.7546011026,-73.971878855,40.73781509,-73.99994661,member
1216547,08B010B15E57C374,classic_bike,2021-08-28 14:16:38,2021-08-28 14:19:12,E 48 St & 3 Ave,6541,E 44 St & Lexington Ave,6464,40.7546011026,-73.971878855,40.752643,-73.974996,member
1216551,52D4F57A02411334,classic_bike,2021-08-15 11:48:43,2021-08-15 11:50:53,E 48 St & 3 Ave,6541,E 44 St & Lexington Ave,6464,40.7546011026,-73.971878855,40.752643,-73.974996,member
1216555,FA13D5BAD2B4BF23,classic_bike,2021-08-18 12:44:22,2021-08-18 12:47:11,E 48 St & 3 Ave,6541,2 Ave & E 55 St,6650,40.7546011026,-73.971878855,40.757920208794026,-73.96638214588165,member
1216561,E4434F816644346A,classic_bike,2021-08-03 13:12:05,2021-08-03 13:14:54,E 48 St & 3 Ave,6541,E 44 St & Lexington Ave,6464,40.7546011026,-73.971878855,40.752643,-73.974996,casual
1216579,847D9584E63411AF,classic_bike,2021-08-23 09:05:23,2021-08-23 09:08:47,E 48 St & 3 Ave,6541,E 44 St & Lexington Ave,6464,40.7546011026,-73.971878855,40.752643,-73.974996,member
1216617,C91B3702807655A5,classic_bike,2021-08-23 16:53:48,2021-08-23 17:14:30,E 48 St & 3 Ave,6541,E 5 St & Cooper Sq,5712,40.7546011026,-73.971878855,40.72769,-73.990993,member
1216630,C3003B2C868393CA,classic_bike,2021-08-29 19:40:44,2021-08-29 19:42:45,E 48 St & 3 Ave,6541,E 44 St & Lexington Ave,6464,40.7546011026,-73.971878855,40.752643,-73.974996,member
1216665,733D45D89B378CE5,classic_bike,2021-08-09 13:58:42,2021-08-09 14:26:32,E 48 St & 3 Ave,6541,E 15 St & 3 Ave,5863,40.7546011026,-73.971878855,40.734232,-73.986923,member
1216666,77DAA042476A3EF9,classic_bike,2021-08-15 18:08:34,2021-08-15 18:10:18,E 48 St & 3 Ave,6541,E 44 St & Lexington Ave,6464,40.7546011026,-73.971878855,40.752643,-73.974996,member
1216675,CEF10B44BC766E09,classic_bike,2021-08-22 14:58:40,2021-08-22 15:03:18,E 48 St & 3 Ave,6541,2 Ave & E 55 St,6650,40.7546011026,-73.971878855,40.757920208794026,-73.96638214588165,member
1216681,151E61290BB3A2E1,electric_bike,2021-08-14 00:59:59,2021-08-14 01:26:25,E 48 St & 3 Ave,6541,Rivington St & Ridge St,5406,40.7546011026,-73.971878855,40.71850211,-73.98329859,casual
1216817,00078ABD1ABF73CF,classic_bike,2021-08-24 16:00:27,2021-08-24 16:02:28,E 48 St & 3 Ave,6541,E 44 St & Lexington Ave,6464,40.7546011026,-73.971878855,40.752643,-73.974996,member
1216877,5E100FD9760AE2AA,classic_bike,2021-08-17 16:04:39,2021-08-17 16:07:20,E 48 St & 3 Ave,6541,E 44 St & Lexington Ave,6464,40.7546011026,-73.971878855,40.752643,-73.974996,member
1216878,95676260CCC15A1E,classic_bike,2021-08-22 14:57:05,2021-08-22 15:03:02,E 48 St & 3 Ave,6541,2 Ave & E 55 St,6650,40.7546011026,-73.971878855,40.757920208794026,-73.96638214588165,member
1216879,0874024EE2BA7450,classic_bike,2021-08-27 09:28:00,2021-08-27 09:32:15,E 48 St & 3 Ave,6541,2 Ave & E 55 St,6650,40.7546011026,-73.971878855,40.757920208794026,-73.96638214588165,member
1216893,22D604F2E60F3C57,classic_bike,2021-08-27 12:27:44,2021-08-27 12:30:15,E 48 St & 3 Ave,6541,E 44 St & Lexington Ave,6464,40.7546011026,-73.971878855,40.752643,-73.974996,member
1216896,4C4FE2D38BA4B0C8,classic_bike,2021-08-14 13:48:12,2021-08-14 14:11:51,E 48 St & 3 Ave,6541,E 15 St & 3 Ave,5863,40.7546011026,-73.971878855,40.734232,-73.986923,member
1216910,731C2FF2696D1D0C,classic_bike,2021-08-31 17:34:22,2021-08-31 17:37:19,E 48 St & 3 Ave,6541,2 Ave & E 55 St,6650,40.7546011026,-73.971878855,40.757920208794026,-73.96638214588165,member
1216923,F56699AB509132B0,classic_bike,2021-08-08 22:40:26,2021-08-08 22:46:43,E 48 St & 3 Ave,6541,2 Ave & E 55 St,6650,40.7546011026,-73.971878855,40.757920208794026,-73.96638214588165,member
1216924,F4F0F5BC8AE10CF3,classic_bike,2021-08-10 16:18:09,2021-08-10 16:20:09,E 48 St & 3 Ave,6541,E 44 St & Lexington Ave,6464,40.7546011026,-73.971878855,40.752643,-73.974996,member
1216935,C2F389FAE6185F8A,classic_bike,2021-08-29 17:59:47,2021-08-29 18:04:29,E 48 St & 3 Ave,6541,2 Ave & E 55 St,6650,40.7546011026,-73.971878855,40.757920208794026,-73.96638214588165,member
1216943,0A1B96E933E530E9,classic_bike,2021-08-27 22:42:14,2021-08-27 23:20:52,E 48 St & 3 Ave,6541,2 Ave & E 55 St,6650,40.7546011026,-73.971878855,40.757920208794026,-73.96638214588165,member
1218008,BCE66CECBFB4B212,classic_bike,2021-08-29 18:50:06,2021-08-29 18:52:22,E 48 St & 3 Ave,6541,E 44 St & Lexington Ave,6464,40.7546011026,-73.971878855,40.752643,-73.974996,member
1218015,43B5D6580AEFCF5A,classic_bike,2021-08-19 18:07:13,2021-08-19 18:10:03,E 48 St & 3 Ave,6541,E 44 St & Lexington Ave,6464,40.7546011026,-73.971878855,40.752643,-73.974996,member
1218017,65374DD8EDF5AE00,electric_bike,2021-08-04 12:00:59,2021-08-04 12:17:47,E 48 St & 3 Ave,6541,W 13 St & 7 Ave,6030,40.7546011026,-73.971878855,40.73781509,-73.99994661,member
1218161,DFCF5C1E3ED62BA4,electric_bike,2021-08-16 16:01:23,2021-08-16 16:13:27,E 48 St & 3 Ave,6541,W 13 St & 7 Ave,6030,40.7546011026,-73.971878855,40.73781509,-73.99994661,member
1218162,121AF2BF5A47FA59,electric_bike,2021-08-18 08:18:36,2021-08-18 08:20:14,E 48 St & 3 Ave,6541,E 44 St & Lexington Ave,6464,40.7546011026,-73.971878855,40.752643,-73.974996,member
1218163,16FE2661B3C6EE8E,classic_bike,2021-08-18 16:27:06,2021-08-18 16:28:33,E 48 St & 3 Ave,6541,E 44 St & Lexington Ave,6464,40.7546011026,-73.971878855,40.752643,-73.974996,member
1218169,504C871337589D6C,classic_bike,2021-08-23 23:49:31,2021-08-23 23:51:56,E 48 St & 3 Ave,6541,E 44 St & Lexington Ave,6464,40.7546011026,-73.971878855,40.752643,-73.974996,member
1218178,EE0A02D345ADE921,classic_bike,2021-08-13 10:17:01,2021-08-13 10:31:39,E 48 St & 3 Ave,6541,2 Ave & E 55 St,6650,40.7546011026,-73.971878855,40.757920208794026,-73.96638214588165,casual
1218216,4ABE056E5968745E,classic_bike,2021-08-27 18:24:01,2021-08-27 18:29:10,E 48 St & 3 Ave,6541,2 Ave & E 55 St,6650,40.7546011026,-73.971878855,40.757920208794026,-73.96638214588165,member
1218232,AC63B8AF8625A7FE,classic_bike,2021-08-26 14:13:31,2021-08-26 14:15:43,E 48 St & 3 Ave,6541,E 44 St & Lexington Ave,6464,40.7546011026,-73.971878855,40.752643,-73.974996,member
1218867,98196264A2BDD15D,electric_bike,2021-08-26 11:01:14,2021-08-26 11:04:11,E 48 St & 3 Ave,6541,E 44 St & Lexington Ave,6464,40.7546011026,-73.971878855,40.752643,-73.974996,member
1219097,45B06861EC520361,classic_bike,2021-08-14 13:48:43,2021-08-14 14:11:34,E 48 St & 3 Ave,6541,E 15 St & 3 Ave,5863,40.7546011026,-73.971878855,40.734232,-73.986923,member
1219810,A70AC9B508378804,classic_bike,2021-08-10 18:10:12,2021-08-10 18:22:50,E 48 St & 3 Ave,6541,9 Ave & W 45 St,6717,40.7546011026,-73.971878855,40.76019252,-73.9912551,casual
1222357,B14B1C68CA82CAE3,classic_bike,2021-08-20 09:01:59,2021-08-20 09:04:31,E 48 St & 3 Ave,6541,E 44 St & Lexington Ave,6464,40.7546011026,-73.971878855,40.752643,-73.974996,member
1230790,E09A036CFE077A1C,classic_bike,2021-08-16 07:46:18,2021-08-16 08:01:32,E 48 St & 3 Ave,6541,W 56 St & 10 Ave,6955,40.7546011026,-73.971878855,40.768254,-73.988639,member
1230802,73095C80F7B533BC,electric_bike,2021-08-20 09:38:34,2021-08-20 09:47:42,E 48 St & 3 Ave,6541,W 56 St & 10 Ave,6955,40.7546011026,-73.971878855,40.768254,-73.988639,member
1230803,A8ED5D6723C5B467,classic_bike,2021-08-11 17:59:14,2021-08-11 18:11:21,E 48 St & 3 Ave,6541,2 Ave & E 72 St,6925,40.7546011026,-73.971878855,40.7687620293096,-73.95840793848038,member
1230806,B380833EAA0597CE,classic_bike,2021-08-05 13:12:14,2021-08-05 13:27:15,E 48 St & 3 Ave,6541,W 56 St & 10 Ave,6955,40.7546011026,-73.971878855,40.768254,-73.988639,member
1230809,AF7B0DF6985D6EFB,classic_bike,2021-08-19 18:23:16,2021-08-19 18:34:08,E 48 St & 3 Ave,6541,E 77 St & 3 Ave,7092,40.7546011026,-73.971878855,40.77314236,-73.95856158,member
1230814,834A62417039171A,classic_bike,2021-08-25 22:17:44,2021-08-25 22:34:17,E 48 St & 3 Ave,6541,E 81 St & York Ave,7084,40.7546011026,-73.971878855,40.7728384,-73.94989233,casual
1230815,DBE7E14C1FD956B5,classic_bike,2021-08-15 16:18:15,2021-08-15 16:36:58,E 48 St & 3 Ave,6541,Broadway & W 58 St,6948,40.7546011026,-73.971878855,40.76695317,-73.98169333,casual
1238698,13C8CDD5AF040437,classic_bike,2021-08-09 17:08:30,2021-08-09 17:45:07,E 48 St & 3 Ave,6541,Vesey Pl & River Terrace,5297,40.7546011026,-73.971878855,40.7153379,-74.01658354,member
1238705,B35C15DF3CDB59A0,electric_bike,2021-08-06 23:24:08,2021-08-06 23:31:26,E 48 St & 3 Ave,6541,9 Ave & W 45 St,6717,40.7546011026,-73.971878855,40.76019252,-73.9912551,member
1238706,C7DED65E73C0B39C,classic_bike,2021-08-26 19:21:07,2021-08-26 19:32:10,E 48 St & 3 Ave,6541,E 77 St & 3 Ave,7092,40.7546011026,-73.971878855,40.77314236,-73.95856158,member
1238711,010A134BC13DBE6B,classic_bike,2021-08-31 17:39:46,2021-08-31 17:49:11,E 48 St & 3 Ave,6541,E 77 St & 3 Ave,7092,40.7546011026,-73.971878855,40.77314236,-73.95856158,member
1238724,496085EEE26328F5,electric_bike,2021-08-18 08:49:00,2021-08-18 08:57:10,E 48 St & 3 Ave,6541,9 Ave & W 45 St,6717,40.7546011026,-73.971878855,40.76019252,-73.9912551,casual
1238728,963B58AB1A0DB18E,electric_bike,2021-08-19 09:39:45,2021-08-19 09:48:06,E 48 St & 3 Ave,6541,9 Ave & W 45 St,6717,40.7546011026,-73.971878855,40.76019252,-73.9912551,casual
1238730,92425F897DB833E1,electric_bike,2021-08-06 06:03:30,2021-08-06 06:13:17,E 48 St & 3 Ave,6541,Broadway & W 58 St,6948,40.7546011026,-73.971878855,40.76695317,-73.98169333,casual
1246611,7A23384926DF1085,classic_bike,2021-08-07 16:59:17,2021-08-07 17:09:28,E 48 St & 3 Ave,6541,Broadway & W 58 St,6948,40.7546011026,-73.971878855,40.76695317,-73.98169333,member
1246613,286A2A4E32998185,electric_bike,2021-08-03 15:21:40,2021-08-03 15:30:21,E 48 St & 3 Ave,6541,2 Ave & E 72 St,6925,40.7546011026,-73.971878855,40.7687620293096,-73.95840793848038,member
1247989,94DF00EB4BC93BFA,classic_bike,2021-08-19 07:42:44,2021-08-19 07:57:42,E 48 St & 3 Ave,6541,W 56 St & 10 Ave,6955,40.7546011026,-73.971878855,40.768254,-73.988639,member
1247992,D808668583428EB7,classic_bike,2021-08-17 06:10:36,2021-08-17 06:19:55,E 48 St & 3 Ave,6541,Broadway & W 58 St,6948,40.7546011026,-73.971878855,40.76695317,-73.98169333,member
1247993,EE9A60AE7A835347,classic_bike,2021-08-11 09:34:07,2021-08-11 09:48:45,E 48 St & 3 Ave,6541,W 56 St & 10 Ave,6955,40.7546011026,-73.971878855,40.768254,-73.988639,member
1247998,CF0FBC02497E0182,classic_bike,2021-08-17 17:47:44,2021-08-17 18:04:34,E 48 St & 3 Ave,6541,Broadway & W 58 St,6948,40.7546011026,-73.971878855,40.76695317,-73.98169333,member
1247999,ACC71CF664BC699B,classic_bike,2021-08-03 16:40:02,2021-08-03 16:53:34,E 48 St & 3 Ave,6541,E 77 St & 3 Ave,7092,40.7546011026,-73.971878855,40.77314236,-73.95856158,member
1248004,8A49FD0820F88403,classic_bike,2021-08-03 20:15:40,2021-08-03 20:29:24,E 48 St & 3 Ave,6541,Broadway & W 58 St,6948,40.7546011026,-73.971878855,40.76695317,-73.98169333,member
1248006,C777C6818656AA71,classic_bike,2021-08-28 02:49:45,2021-08-28 03:15:20,E 48 St & 3 Ave,6541,9 Ave & W 45 St,6717,40.7546011026,-73.971878855,40.76019252,-73.9912551,member
1248009,5985CA74178EFD82,classic_bike,2021-08-19 16:08:38,2021-08-19 16:24:51,E 48 St & 3 Ave,6541,9 Ave & W 45 St,6717,40.7546011026,-73.971878855,40.76019252,-73.9912551,casual
1249192,C17A836F7A3DC330,classic_bike,2021-08-05 17:29:42,2021-08-05 17:41:28,E 48 St & 3 Ave,6541,2 Ave & E 72 St,6925,40.7546011026,-73.971878855,40.7687620293096,-73.95840793848038,member
1249195,776A86D976FAB341,electric_bike,2021-08-22 23:23:46,2021-08-22 23:35:43,E 48 St & 3 Ave,6541,W 56 St & 10 Ave,6955,40.7546011026,-73.971878855,40.768254,-73.988639,member
1249201,71CE8230F8CFCCF3,classic_bike,2021-08-04 08:03:03,2021-08-04 08:18:16,E 48 St & 3 Ave,6541,W 56 St & 10 Ave,6955,40.7546011026,-73.971878855,40.768254,-73.988639,member
1249271,1551411C6C6092E7,electric_bike,2021-08-05 00:46:57,2021-08-05 00:54:06,E 48 St & 3 Ave,6541,2 Ave & E 72 St,6925,40.7546011026,-73.971878855,40.7687620293096,-73.95840793848038,member
1249438,C7881379FF7613A8,classic_bike,2021-08-18 11:46:06,2021-08-18 11:51:27,E 48 St & 3 Ave,6541,E 56 St & Madison Ave,6732,40.7546011026,-73.971878855,40.761573,-73.972628,member
1250194,872D555E3E25EE59,electric_bike,2021-08-26 09:11:50,2021-08-26 09:24:48,E 48 St & 3 Ave,6541,Broadway & W 58 St,6948,40.7546011026,-73.971878855,40.76695317,-73.98169333,member
1250198,4CFCA4ABAB472C7A,classic_bike,2021-08-03 10:02:34,2021-08-03 10:18:30,E 48 St & 3 Ave,6541,Broadway & W 58 St,6948,40.7546011026,-73.971878855,40.76695317,-73.98169333,casual
1250202,2A27701E1F799C90,classic_bike,2021-08-13 15:34:23,2021-08-13 15:48:15,E 48 St & 3 Ave,6541,Broadway & W 58 St,6948,40.7546011026,-73.971878855,40.76695317,-73.98169333,casual
1250693,DCD19B818F6BBC58,electric_bike,2021-08-31 07:53:19,2021-08-31 08:05:06,E 48 St & 3 Ave,6541,E 56 St & Madison Ave,6732,40.7546011026,-73.971878855,40.761573,-73.972628,member
1250697,57D9CFC80A5EA76E,classic_bike,2021-08-17 17:47:30,2021-08-17 18:04:41,E 48 St & 3 Ave,6541,Broadway & W 58 St,6948,40.7546011026,-73.971878855,40.76695317,-73.98169333,member
1250703,0AB864A091548923,classic_bike,2021-08-21 07:11:56,2021-08-21 07:24:29,E 48 St & 3 Ave,6541,W 56 St & 10 Ave,6955,40.7546011026,-73.971878855,40.768254,-73.988639,member
1250724,DDE163BA66A6E5A4,electric_bike,2021-08-13 11:06:53,2021-08-13 11:17:40,E 48 St & 3 Ave,6541,W 56 St & 10 Ave,6955,40.7546011026,-73.971878855,40.768254,-73.988639,member
1250726,9E32F9FDCEAF9A84,classic_bike,2021-08-11 14:25:01,2021-08-11 14:36:29,E 48 St & 3 Ave,6541,Broadway & W 58 St,6948,40.7546011026,-73.971878855,40.76695317,-73.98169333,member
1250733,16C8145C3436BAC7,electric_bike,2021-08-21 17:26:35,2021-08-21 17:38:25,E 48 St & 3 Ave,6541,Broadway & W 58 St,6948,40.7546011026,-73.971878855,40.76695317,-73.98169333,member
1250738,AB405A12DA93C24D,classic_bike,2021-08-03 08:12:44,2021-08-03 08:27:34,E 48 St & 3 Ave,6541,W 56 St & 10 Ave,6955,40.7546011026,-73.971878855,40.768254,-73.988639,member
1250746,971FC49D731A5975,classic_bike,2021-08-16 18:38:31,2021-08-16 18:50:24,E 48 St & 3 Ave,6541,E 77 St & 3 Ave,7092,40.7546011026,-73.971878855,40.77314236,-73.95856158,member
1250799,1AF4807BBC83D61D,classic_bike,2021-08-11 11:39:20,2021-08-11 11:56:05,E 48 St & 3 Ave,6541,Broadway & W 58 St,6948,40.7546011026,-73.971878855,40.76695317,-73.98169333,member
1250802,87267525B0A26BB5,electric_bike,2021-08-13 09:16:03,2021-08-13 09:28:17,E 48 St & 3 Ave,6541,9 Ave & W 45 St,6717,40.7546011026,-73.971878855,40.76019252,-73.9912551,casual
1250803,0C269473E1DE1A4D,classic_bike,2021-08-16 08:53:17,2021-08-16 09:04:50,E 48 St & 3 Ave,6541,9 Ave & W 45 St,6717,40.7546011026,-73.971878855,40.76019252,-73.9912551,casual
1251102,9AE9E00A15C8AC62,classic_bike,2021-08-24 07:31:52,2021-08-24 07:47:00,E 48 St & 3 Ave,6541,W 56 St & 10 Ave,6955,40.7546011026,-73.971878855,40.768254,-73.988639,member
1251103,EB6E2A75DFC3754B,electric_bike,2021-08-05 17:59:06,2021-08-05 18:11:14,E 48 St & 3 Ave,6541,2 Ave & E 72 St,6925,40.7546011026,-73.971878855,40.7687620293096,-73.95840793848038,member
1251109,211BAE7357CF1763,classic_bike,2021-08-28 14:44:01,2021-08-28 14:56:22,E 48 St & 3 Ave,6541,9 Ave & W 45 St,6717,40.7546011026,-73.971878855,40.76019252,-73.9912551,member
1251280,CC8E49E508B1A4C4,classic_bike,2021-08-24 19:21:31,2021-08-24 19:32:53,E 48 St & 3 Ave,6541,E 77 St & 3 Ave,7092,40.7546011026,-73.971878855,40.77314236,-73.95856158,member
1252064,294CFA399B3B2F1D,classic_bike,2021-08-02 08:03:06,2021-08-02 08:15:09,E 48 St & 3 Ave,6541,W 56 St & 10 Ave,6955,40.7546011026,-73.971878855,40.768254,-73.988639,member
1252070,093F50DAFD081817,classic_bike,2021-08-06 17:14:01,2021-08-06 17:23:22,E 48 St & 3 Ave,6541,9 Ave & W 45 St,6717,40.7546011026,-73.971878855,40.76019252,-73.9912551,member
1252087,5B6983A2068CE14B,classic_bike,2021-08-13 08:22:21,2021-08-13 08:36:00,E 48 St & 3 Ave,6541,W 56 St & 10 Ave,6955,40.7546011026,-73.971878855,40.768254,-73.988639,member
1252092,451A9C13A38218A8,classic_bike,2021-08-12 09:15:05,2021-08-12 09:24:14,E 48 St & 3 Ave,6541,9 Ave & W 45 St,6717,40.7546011026,-73.971878855,40.76019252,-73.9912551,member
1252150,D234DFB6B3C4B546,classic_bike,2021-08-31 20:11:20,2021-08-31 20:19:41,E 48 St & 3 Ave,6541,Broadway & W 58 St,6948,40.7546011026,-73.971878855,40.76695317,-73.98169333,casual
1254011,8B5BE031EF5F6018,classic_bike,2021-08-17 22:46:28,2021-08-17 23:41:02,E 48 St & 3 Ave,6541,Broadway & W 58 St,6948,40.7546011026,-73.971878855,40.76695317,-73.98169333,member
1254019,DD40FA22516D9B0F,electric_bike,2021-08-14 13:07:20,2021-08-14 13:18:40,E 48 St & 3 Ave,6541,Broadway & W 58 St,6948,40.7546011026,-73.971878855,40.76695317,-73.98169333,member
1255061,4D8E7B6F51C166F5,classic_bike,2021-08-17 17:47:40,2021-08-17 18:04:37,E 48 St & 3 Ave,6541,Broadway & W 58 St,6948,40.7546011026,-73.971878855,40.76695317,-73.98169333,member
1255077,C4A2D59BAABED92E,classic_bike,2021-08-27 17:10:25,2021-08-27 17:20:33,E 48 St & 3 Ave,6541,W 56 St & 10 Ave,6955,40.7546011026,-73.971878855,40.768254,-73.988639,member
1255084,967C4C51E4BB65DA,electric_bike,2021-08-21 13:25:50,2021-08-21 13:35:58,E 48 St & 3 Ave,6541,W 56 St & 10 Ave,6955,40.7546011026,-73.971878855,40.768254,-73.988639,member
1255085,9D46D5E5078D5AAF,classic_bike,2021-08-23 22:04:25,2021-08-23 22:20:01,E 48 St & 3 Ave,6541,W 56 St & 10 Ave,6955,40.7546011026,-73.971878855,40.768254,-73.988639,member
1255086,D8D90E59AA884B64,classic_bike,2021-08-10 17:52:45,2021-08-10 18:03:07,E 48 St & 3 Ave,6541,2 Ave & E 72 St,6925,40.7546011026,-73.971878855,40.7687620293096,-73.95840793848038,member
1255090,6E5440A8F5A818C2,classic_bike,2021-08-20 17:52:45,2021-08-20 18:00:34,E 48 St & 3 Ave,6541,2 Ave & E 72 St,6925,40.7546011026,-73.971878855,40.7687620293096,-73.95840793848038,member
1255097,9D9D236A3B836DFC,classic_bike,2021-08-31 18:23:40,2021-08-31 18:30:40,E 48 St & 3 Ave,6541,E 56 St & Madison Ave,6732,40.7546011026,-73.971878855,40.761573,-73.972628,member
1255928,D647AA174E3A98D6,electric_bike,2021-08-12 12:51:32,2021-08-12 13:12:57,E 48 St & 3 Ave,6541,W 56 St & 10 Ave,6955,40.7546011026,-73.971878855,40.768254,-73.988639,member
1255930,1A0660327262BC4F,classic_bike,2021-08-01 13:14:54,2021-08-01 13:22:31,E 48 St & 3 Ave,6541,9 Ave & W 45 St,6717,40.7546011026,-73.971878855,40.76019252,-73.9912551,member
1257025,B7E451562D2DEE79,classic_bike,2021-08-02 17:47:19,2021-08-02 17:58:22,E 48 St & 3 Ave,6541,2 Ave & E 72 St,6925,40.7546011026,-73.971878855,40.7687620293096,-73.95840793848038,casual
1257034,3CF74E1B0AF09F44,electric_bike,2021-08-28 10:41:22,2021-08-28 10:52:07,E 48 St & 3 Ave,6541,E 77 St & 3 Ave,7092,40.7546011026,-73.971878855,40.77314236,-73.95856158,casual
1257324,1A9B21145A3DF41B,classic_bike,2021-08-31 19:10:43,2021-08-31 19:22:29,E 48 St & 3 Ave,6541,E 77 St & 3 Ave,7092,40.7546011026,-73.971878855,40.77314236,-73.95856158,member
1257326,56517EAD96F82A1E,classic_bike,2021-08-03 11:14:04,2021-08-03 11:31:54,E 48 St & 3 Ave,6541,W 56 St & 10 Ave,6955,40.7546011026,-73.971878855,40.768254,-73.988639,member
1257328,970B52DCAC89D971,classic_bike,2021-08-29 00:32:07,2021-08-29 00:44:56,E 48 St & 3 Ave,6541,9 Ave & W 45 St,6717,40.7546011026,-73.971878855,40.76019252,-73.9912551,member
1257367,40202F0C0194984C,classic_bike,2021-08-12 08:16:57,2021-08-12 08:29:10,E 48 St & 3 Ave,6541,W 56 St & 10 Ave,6955,40.7546011026,-73.971878855,40.768254,-73.988639,member
1257368,0BB5AFC0440CC1E5,classic_bike,2021-08-09 08:24:18,2021-08-09 08:36:22,E 48 St & 3 Ave,6541,W 56 St & 10 Ave,6955,40.7546011026,-73.971878855,40.768254,-73.988639,member
1257370,431A28BEB26C2CAE,classic_bike,2021-08-11 08:05:45,2021-08-11 08:20:21,E 48 St & 3 Ave,6541,W 56 St & 10 Ave,6955,40.7546011026,-73.971878855,40.768254,-73.988639,member
1257381,476674CE136E9E69,classic_bike,2021-08-17 17:47:29,2021-08-17 18:03:22,E 48 St & 3 Ave,6541,Broadway & W 58 St,6948,40.7546011026,-73.971878855,40.76695317,-73.98169333,member
1257394,D07B7B1061ED8EE0,electric_bike,2021-08-18 01:23:09,2021-08-18 01:31:40,E 48 St & 3 Ave,6541,Broadway & W 58 St,6948,40.7546011026,-73.971878855,40.76695317,-73.98169333,member
1257402,ACBB055CDE8B7B11,classic_bike,2021-08-16 13:14:41,2021-08-16 13:27:07,E 48 St & 3 Ave,6541,W 56 St & 10 Ave,6955,40.7546011026,-73.971878855,40.768254,-73.988639,member
1257408,3C9B132CC73D5223,classic_bike,2021-08-17 14:17:21,2021-08-17 14:23:51,E 48 St & 3 Ave,6541,E 56 St & Madison Ave,6732,40.7546011026,-73.971878855,40.761573,-73.972628,member
1257411,67A9CBB531D4EE5F,classic_bike,2021-08-30 07:48:28,2021-08-30 07:58:46,E 48 St & 3 Ave,6541,9 Ave & W 45 St,6717,40.7546011026,-73.971878855,40.76019252,-73.9912551,member
1258030,C6691510C7AD4F79,classic_bike,2021-08-16 12:40:19,2021-08-16 12:46:41,E 48 St & 3 Ave,6541,E 56 St & Madison Ave,6732,40.7546011026,-73.971878855,40.761573,-73.972628,member
1258034,179E118BFA3DE469,classic_bike,2021-08-08 11:16:04,2021-08-08 11:23:57,E 48 St & 3 Ave,6541,9 Ave & W 45 St,6717,40.7546011026,-73.971878855,40.76019252,-73.9912551,member
1258272,EFE6A47BF7A399D6,classic_bike,2021-08-05 19:28:18,2021-08-05 19:39:01,E 48 St & 3 Ave,6541,Broadway & W 58 St,6948,40.7546011026,-73.971878855,40.76695317,-73.98169333,member
1258273,E3124D277813AFB7,classic_bike,2021-08-17 19:24:58,2021-08-17 19:36:56,E 48 St & 3 Ave,6541,2 Ave & E 72 St,6925,40.7546011026,-73.971878855,40.7687620293096,-73.95840793848038,member
1258274,190ED98AF40B022A,classic_bike,2021-08-18 17:49:02,2021-08-18 18:02:25,E 48 St & 3 Ave,6541,2 Ave & E 72 St,6925,40.7546011026,-73.971878855,40.7687620293096,-73.95840793848038,member
1258275,911FB527A1D03C45,classic_bike,2021-08-13 18:03:37,2021-08-13 18:12:35,E 48 St & 3 Ave,6541,9 Ave & W 45 St,6717,40.7546011026,-73.971878855,40.76019252,-73.9912551,member
1258304,ADFD6345BDC3E908,classic_bike,2021-08-17 17:56:15,2021-08-17 18:15:00,E 48 St & 3 Ave,6541,2 Ave & E 72 St,6925,40.7546011026,-73.971878855,40.7687620293096,-73.95840793848038,member
1258345,5D771CB91378F8F9,classic_bike,2021-08-28 16:54:47,2021-08-28 17:06:17,E 48 St & 3 Ave,6541,Broadway & W 58 St,6948,40.7546011026,-73.971878855,40.76695317,-73.98169333,casual
1258739,5026291C45774301,electric_bike,2021-08-26 11:28:10,2021-08-26 11:35:48,E 48 St & 3 Ave,6541,9 Ave & W 45 St,6717,40.7546011026,-73.971878855,40.76019252,-73.9912551,member
1258757,677E3912074C8622,electric_bike,2021-08-16 11:57:18,2021-08-16 12:09:40,E 48 St & 3 Ave,6541,2 Ave & E 72 St,6925,40.7546011026,-73.971878855,40.7687620293096,-73.95840793848038,casual
1259027,C60B890DF1DBB032,classic_bike,2021-08-01 15:28:12,2021-08-01 15:39:12,E 48 St & 3 Ave,6541,E 56 St & Madison Ave,6732,40.7546011026,-73.971878855,40.761573,-73.972628,casual
1259051,BD5D40857B7CBDFC,electric_bike,2021-08-07 16:42:04,2021-08-07 16:46:29,E 48 St & 3 Ave,6541,E 56 St & Madison Ave,6732,40.7546011026,-73.971878855,40.761573,-73.972628,member
1259157,5E7D25934DF73ACF,classic_bike,2021-08-03 20:05:08,2021-08-03 20:17:52,E 48 St & 3 Ave,6541,Broadway & W 58 St,6948,40.7546011026,-73.971878855,40.76695317,-73.98169333,member
1259171,BC4653C616902F33,classic_bike,2021-08-10 11:45:01,2021-08-10 11:49:53,E 48 St & 3 Ave,6541,E 56 St & Madison Ave,6732,40.7546011026,-73.971878855,40.761573,-73.972628,member
1259174,909F6EC7209BCED5,classic_bike,2021-08-19 08:22:39,2021-08-19 08:38:05,E 48 St & 3 Ave,6541,W 56 St & 10 Ave,6955,40.7546011026,-73.971878855,40.768254,-73.988639,member
1259175,EF2056943F4FEFC0,classic_bike,2021-08-20 08:26:07,2021-08-20 08:37:59,E 48 St & 3 Ave,6541,W 56 St & 10 Ave,6955,40.7546011026,-73.971878855,40.768254,-73.988639,member
1259176,8D870714CE0DBD11,classic_bike,2021-08-25 08:20:12,2021-08-25 08:33:58,E 48 St & 3 Ave,6541,Broadway & W 58 St,6948,40.7546011026,-73.971878855,40.76695317,-73.98169333,member
1259189,D5108F6F3CCD500B,classic_bike,2021-08-15 19:10:26,2021-08-15 19:22:43,E 48 St & 3 Ave,6541,Broadway & W 58 St,6948,40.7546011026,-73.971878855,40.76695317,-73.98169333,member
1259191,D9B369E90C5DF3FB,electric_bike,2021-08-13 14:43:49,2021-08-13 14:58:18,E 48 St & 3 Ave,6541,E 77 St & 3 Ave,7092,40.7546011026,-73.971878855,40.77314236,-73.95856158,member
1259195,0E00C6E6B07A7F6C,electric_bike,2021-08-04 06:31:25,2021-08-04 06:40:23,E 48 St & 3 Ave,6541,W 56 St & 10 Ave,6955,40.7546011026,-73.971878855,40.768254,-73.988639,member
1259202,B278C1A315AD6AFC,electric_bike,2021-08-10 14:33:02,2021-08-10 14:44:26,E 48 St & 3 Ave,6541,W 56 St & 10 Ave,6955,40.7546011026,-73.971878855,40.768254,-73.988639,member
1259272,949614A41754185B,classic_bike,2021-08-24 16:57:13,2021-08-24 17:08:18,E 48 St & 3 Ave,6541,2 Ave & E 72 St,6925,40.7546011026,-73.971878855,40.7687620293096,-73.95840793848038,member
1259275,8FDA5AE3DDCC6436,electric_bike,2021-08-09 12:46:13,2021-08-09 12:56:31,E 48 St & 3 Ave,6541,Broadway & W 58 St,6948,40.7546011026,-73.971878855,40.76695317,-73.98169333,member
1259296,E574BA4492F42634,electric_bike,2021-08-30 09:56:46,2021-08-30 10:06:19,E 48 St & 3 Ave,6541,Broadway & W 58 St,6948,40.7546011026,-73.971878855,40.76695317,-73.98169333,member
1259298,2A5F211F997A6A67,classic_bike,2021-08-10 09:09:21,2021-08-10 09:17:40,E 48 St & 3 Ave,6541,9 Ave & W 45 St,6717,40.7546011026,-73.971878855,40.76019252,-73.9912551,member
1259299,03043542C350AE40,classic_bike,2021-08-29 12:18:58,2021-08-29 12:27:16,E 48 St & 3 Ave,6541,9 Ave & W 45 St,6717,40.7546011026,-73.971878855,40.76019252,-73.9912551,member
1259377,95442844275B005D,electric_bike,2021-08-16 15:52:58,2021-08-16 16:01:49,E 48 St & 3 Ave,6541,W 56 St & 10 Ave,6955,40.7546011026,-73.971878855,40.768254,-73.988639,member
1259379,5D8E02026DC59FFD,classic_bike,2021-08-05 08:27:16,2021-08-05 08:39:37,E 48 St & 3 Ave,6541,W 56 St & 10 Ave,6955,40.7546011026,-73.971878855,40.768254,-73.988639,member
1259386,1D22CED571E61DC1,classic_bike,2021-08-23 20:09:16,2021-08-23 20:18:23,E 48 St & 3 Ave,6541,2 Ave & E 72 St,6925,40.7546011026,-73.971878855,40.7687620293096,-73.95840793848038,member
1260613,F3A8FBD2A8BA0DF8,electric_bike,2021-08-06 13:26:58,2021-08-06 13:35:39,E 48 St & 3 Ave,6541,E 77 St & 3 Ave,7092,40.7546011026,-73.971878855,40.77314236,-73.95856158,member
1260616,305D30F5B6F3E17E,classic_bike,2021-08-04 17:42:56,2021-08-04 17:53:31,E 48 St & 3 Ave,6541,2 Ave & E 72 St,6925,40.7546011026,-73.971878855,40.7687620293096,-73.95840793848038,casual
1263899,397D39DC50DB8619,classic_bike,2021-08-27 18:46:09,2021-08-27 19:00:50,E 48 St & 3 Ave,6541,1 Ave & E 78 St,7020,40.7546011026,-73.971878855,40.77140426,-73.9535166,member
1263908,F0346EE7884F0164,classic_bike,2021-08-20 17:55:18,2021-08-20 18:09:18,E 48 St & 3 Ave,6541,E 25 St & 2 Ave,6046,40.7546011026,-73.971878855,40.73912601,-73.97973776,casual
1263910,3798CA7B4AD1CDCB,classic_bike,2021-08-24 17:51:32,2021-08-24 18:09:23,E 48 St & 3 Ave,6541,1 Ave & E 78 St,7020,40.7546011026,-73.971878855,40.77140426,-73.9535166,casual
1263943,7588AE3309CC2EC5,classic_bike,2021-08-19 17:38:37,2021-08-19 17:51:52,E 48 St & 3 Ave,6541,E 25 St & 2 Ave,6046,40.7546011026,-73.971878855,40.73912601,-73.97973776,member
1264309,5C93F8B4E4F00278,classic_bike,2021-08-05 17:33:49,2021-08-05 17:43:34,E 48 St & 3 Ave,6541,1 Ave & E 78 St,7020,40.7546011026,-73.971878855,40.77140426,-73.9535166,member
1264315,54653D098569AA74,electric_bike,2021-08-02 14:05:32,2021-08-02 14:34:47,E 48 St & 3 Ave,6541,35 St & 23 Ave,7047,40.7546011026,-73.971878855,40.77301508291382,-73.91119033098221,casual
1282396,D0AD97A102FAD788,classic_bike,2021-08-25 20:31:12,2021-08-25 21:11:02,E 48 St & 3 Ave,6541,Washington Pl & 6 Ave,5838,40.7546011026,-73.971878855,40.73224119,-74.00026394,casual
1282399,5C8C0E018172545D,classic_bike,2021-08-12 17:45:24,2021-08-12 18:06:55,E 48 St & 3 Ave,6541,1 Ave & E 78 St,7020,40.7546011026,-73.971878855,40.77140426,-73.9535166,casual
1282919,8C7EF8A8E84A2243,classic_bike,2021-08-10 18:10:07,2021-08-10 18:23:03,E 48 St & 3 Ave,6541,1 Ave & E 78 St,7020,40.7546011026,-73.971878855,40.77140426,-73.9535166,member
1282921,0C8B175ED50B680F,classic_bike,2021-08-04 17:27:17,2021-08-04 17:50:30,E 48 St & 3 Ave,6541,1 Ave & E 78 St,7020,40.7546011026,-73.971878855,40.77140426,-73.9535166,member
1282922,D5F43E6ECD62114C,classic_bike,2021-08-25 18:34:40,2021-08-25 18:52:33,E 48 St & 3 Ave,6541,Washington Pl & 6 Ave,5838,40.7546011026,-73.971878855,40.73224119,-74.00026394,member
1282924,1A022D49D793DC35,classic_bike,2021-08-11 17:11:37,2021-08-11 17:22:29,E 48 St & 3 Ave,6541,E 25 St & 2 Ave,6046,40.7546011026,-73.971878855,40.73912601,-73.97973776,member
1282925,98BE1B5ACE4F6BF9,classic_bike,2021-08-24 17:55:26,2021-08-24 18:07:14,E 48 St & 3 Ave,6541,E 25 St & 2 Ave,6046,40.7546011026,-73.971878855,40.73912601,-73.97973776,member
1282930,D7931CAB475B2DBB,classic_bike,2021-08-02 17:22:46,2021-08-02 17:37:13,E 48 St & 3 Ave,6541,1 Ave & E 78 St,7020,40.7546011026,-73.971878855,40.77140426,-73.9535166,casual
1283196,F1075510C1D92D60,classic_bike,2021-08-31 17:41:41,2021-08-31 17:54:42,E 48 St & 3 Ave,6541,1 Ave & E 78 St,7020,40.7546011026,-73.971878855,40.77140426,-73.9535166,member
1283197,DEB43A9C3147C303,classic_bike,2021-08-17 17:44:16,2021-08-17 17:55:41,E 48 St & 3 Ave,6541,1 Ave & E 78 St,7020,40.7546011026,-73.971878855,40.77140426,-73.9535166,member
1283198,C9D12BDE73B34500,classic_bike,2021-08-06 17:16:20,2021-08-06 17:29:21,E 48 St & 3 Ave,6541,1 Ave & E 78 St,7020,40.7546011026,-73.971878855,40.77140426,-73.9535166,member
1283422,6DD4B670C8A921A8,classic_bike,2021-08-05 17:37:30,2021-08-05 17:52:35,E 48 St & 3 Ave,6541,1 Ave & E 78 St,7020,40.7546011026,-73.971878855,40.77140426,-73.9535166,member
1283427,C1861EFA71348DA6,classic_bike,2021-08-11 10:35:41,2021-08-11 10:47:34,E 48 St & 3 Ave,6541,E 25 St & 2 Ave,6046,40.7546011026,-73.971878855,40.73912601,-73.97973776,member
1283450,D42BBA6F57D7EDB6,classic_bike,2021-08-27 18:42:44,2021-08-27 18:53:30,E 48 St & 3 Ave,6541,E 25 St & 2 Ave,6046,40.7546011026,-73.971878855,40.73912601,-73.97973776,member
1283452,3E0B2B26C65A2366,classic_bike,2021-08-16 07:00:05,2021-08-16 07:09:11,E 48 St & 3 Ave,6541,E 25 St & 2 Ave,6046,40.7546011026,-73.971878855,40.73912601,-73.97973776,member
1283456,1EE71744AE37A948,classic_bike,2021-08-27 15:55:23,2021-08-27 16:15:25,E 48 St & 3 Ave,6541,Washington Pl & 6 Ave,5838,40.7546011026,-73.971878855,40.73224119,-74.00026394,member
1283465,BCE925374166C1B5,classic_bike,2021-08-02 17:50:20,2021-08-02 18:03:33,E 48 St & 3 Ave,6541,1 Ave & E 78 St,7020,40.7546011026,-73.971878855,40.77140426,-73.9535166,member
1283798,59AE78D57DC4C9D4,classic_bike,2021-08-24 18:09:30,2021-08-24 18:23:41,E 48 St & 3 Ave,6541,1 Ave & E 78 St,7020,40.7546011026,-73.971878855,40.77140426,-73.9535166,member
1283799,BAB068D6A6D1B64A,classic_bike,2021-08-19 18:09:41,2021-08-19 18:22:01,E 48 St & 3 Ave,6541,1 Ave & E 78 St,7020,40.7546011026,-73.971878855,40.77140426,-73.9535166,member
1284185,9F118DAD6920E1ED,classic_bike,2021-08-25 18:14:38,2021-08-25 18:32:29,E 48 St & 3 Ave,6541,1 Ave & E 78 St,7020,40.7546011026,-73.971878855,40.77140426,-73.9535166,member
1284187,F6FE9A8E20AF47A7,classic_bike,2021-08-12 18:25:31,2021-08-12 18:34:22,E 48 St & 3 Ave,6541,E 25 St & 2 Ave,6046,40.7546011026,-73.971878855,40.73912601,-73.97973776,casual
1284190,651A3EB844EA9349,classic_bike,2021-08-07 22:53:49,2021-08-07 23:08:15,E 48 St & 3 Ave,6541,1 Ave & E 78 St,7020,40.7546011026,-73.971878855,40.77140426,-73.9535166,member
1284195,A8DA7B07DEF5BCE5,classic_bike,2021-08-07 11:54:57,2021-08-07 12:07:08,E 48 St & 3 Ave,6541,E 25 St & 2 Ave,6046,40.7546011026,-73.971878855,40.73912601,-73.97973776,member
1284429,4A63AB4F6038BF19,classic_bike,2021-08-16 19:30:48,2021-08-16 19:42:05,E 48 St & 3 Ave,6541,1 Ave & E 78 St,7020,40.7546011026,-73.971878855,40.77140426,-73.9535166,member
1285975,ACE144BE501CC59D,classic_bike,2021-08-24 21:20:10,2021-08-24 21:33:40,E 48 St & 3 Ave,6541,1 Ave & E 78 St,7020,40.7546011026,-73.971878855,40.77140426,-73.9535166,member
1285996,DA565B1A3503743B,classic_bike,2021-08-12 07:01:42,2021-08-12 07:09:55,E 48 St & 3 Ave,6541,E 25 St & 2 Ave,6046,40.7546011026,-73.971878855,40.73912601,-73.97973776,member
1286419,044F5900B7A6C477,classic_bike,2021-08-06 17:36:32,2021-08-06 17:47:08,E 48 St & 3 Ave,6541,1 Ave & E 78 St,7020,40.7546011026,-73.971878855,40.77140426,-73.9535166,member
1286591,EC460056BFA73FE4,electric_bike,2021-08-04 13:13:39,2021-08-04 13:30:11,E 48 St & 3 Ave,6541,1 Ave & E 78 St,7020,40.7546011026,-73.971878855,40.77140426,-73.9535166,member
1286618,606B834240387AB9,classic_bike,2021-08-06 16:38:42,2021-08-06 16:54:09,E 48 St & 3 Ave,6541,1 Ave & E 78 St,7020,40.7546011026,-73.971878855,40.77140426,-73.9535166,member
1287062,14AFAFC6C2F4421D,classic_bike,2021-08-18 15:08:11,2021-08-18 15:20:47,E 48 St & 3 Ave,6541,1 Ave & E 78 St,7020,40.7546011026,-73.971878855,40.77140426,-73.9535166,member
1287067,ADD2872CCAECF3B7,classic_bike,2021-08-04 17:12:49,2021-08-04 17:31:55,E 48 St & 3 Ave,6541,1 Ave & E 78 St,7020,40.7546011026,-73.971878855,40.77140426,-73.9535166,casual
1287072,E9E5AE1A2947C6E1,classic_bike,2021-08-28 15:47:01,2021-08-28 16:01:25,E 48 St & 3 Ave,6541,E 25 St & 2 Ave,6046,40.7546011026,-73.971878855,40.73912601,-73.97973776,casual
1287075,EEED373FB5648BDA,classic_bike,2021-08-09 17:44:58,2021-08-09 18:04:01,E 48 St & 3 Ave,6541,1 Ave & E 78 St,7020,40.7546011026,-73.971878855,40.77140426,-73.9535166,casual
1287117,C2C370343ED02FEE,classic_bike,2021-08-26 18:24:44,2021-08-26 18:44:11,E 48 St & 3 Ave,6541,1 Ave & E 78 St,7020,40.7546011026,-73.971878855,40.77140426,-73.9535166,member
1287122,19B7AEA1AE051E5A,classic_bike,2021-08-03 17:23:54,2021-08-03 17:38:22,E 48 St & 3 Ave,6541,1 Ave & E 78 St,7020,40.7546011026,-73.971878855,40.77140426,-73.9535166,member
1287259,4944077B3C9F1BF1,classic_bike,2021-08-18 19:40:17,2021-08-18 19:57:18,E 48 St & 3 Ave,6541,E 25 St & 2 Ave,6046,40.7546011026,-73.971878855,40.73912601,-73.97973776,member
1287291,7DAD64048647BD4A,classic_bike,2021-08-09 17:32:33,2021-08-09 17:47:12,E 48 St & 3 Ave,6541,1 Ave & E 78 St,7020,40.7546011026,-73.971878855,40.77140426,-73.9535166,member
1287316,FF5EE9209907F761,classic_bike,2021-08-09 17:57:46,2021-08-09 18:08:11,E 48 St & 3 Ave,6541,E 25 St & 2 Ave,6046,40.7546011026,-73.971878855,40.73912601,-73.97973776,member
1287321,2CE9631DE8BB8610,classic_bike,2021-08-05 17:40:34,2021-08-05 17:55:19,E 48 St & 3 Ave,6541,1 Ave & E 78 St,7020,40.7546011026,-73.971878855,40.77140426,-73.9535166,member
1287389,1660D2485C92C762,classic_bike,2021-08-28 16:00:09,2021-08-28 16:08:00,E 48 St & 3 Ave,6541,E 25 St & 2 Ave,6046,40.7546011026,-73.971878855,40.73912601,-73.97973776,member
1287390,181BDF6D44B81CFC,classic_bike,2021-08-10 17:53:24,2021-08-10 18:08:10,E 48 St & 3 Ave,6541,1 Ave & E 78 St,7020,40.7546011026,-73.971878855,40.77140426,-73.9535166,member
1287815,E78D04B6A9B146FA,classic_bike,2021-08-01 18:29:24,2021-08-01 18:43:04,E 48 St & 3 Ave,6541,E 25 St & 2 Ave,6046,40.7546011026,-73.971878855,40.73912601,-73.97973776,casual
1287829,444FAA1BE1D8903F,electric_bike,2021-08-04 16:17:01,2021-08-04 16:31:28,E 48 St & 3 Ave,6541,E 25 St & 2 Ave,6046,40.7546011026,-73.971878855,40.73912601,-73.97973776,member
1287832,BA92EE1477F0EE60,classic_bike,2021-08-25 16:38:18,2021-08-25 16:52:54,E 48 St & 3 Ave,6541,E 25 St & 2 Ave,6046,40.7546011026,-73.971878855,40.73912601,-73.97973776,member
1287833,D1BB92B4B0C0D34D,classic_bike,2021-08-19 00:24:56,2021-08-19 00:34:58,E 48 St & 3 Ave,6541,E 25 St & 2 Ave,6046,40.7546011026,-73.971878855,40.73912601,-73.97973776,casual
1287834,4DBE6B89273D4E39,classic_bike,2021-08-20 17:28:40,2021-08-20 17:32:19,E 48 St & 3 Ave,6541,1 Ave & E 78 St,7020,40.7546011026,-73.971878855,40.77140426,-73.9535166,casual
1288409,C31B380CE346E729,classic_bike,2021-08-03 17:39:53,2021-08-03 17:53:09,E 48 St & 3 Ave,6541,1 Ave & E 78 St,7020,40.7546011026,-73.971878855,40.77140426,-73.9535166,member
1288417,5398725F1E2865DF,classic_bike,2021-08-09 17:28:27,2021-08-09 17:43:28,E 48 St & 3 Ave,6541,1 Ave & E 78 St,7020,40.7546011026,-73.971878855,40.77140426,-73.9535166,member
1288427,5E8EAC7A113BBD4F,classic_bike,2021-08-19 06:11:37,2021-08-19 06:36:11,E 48 St & 3 Ave,6541,1 Ave & E 78 St,7020,40.7546011026,-73.971878855,40.77140426,-73.9535166,member
1288433,1375FE1FECB3D46E,classic_bike,2021-08-04 17:52:22,2021-08-04 18:06:49,E 48 St & 3 Ave,6541,1 Ave & E 78 St,7020,40.7546011026,-73.971878855,40.77140426,-73.9535166,member
1288436,C12AEBC647295A3D,classic_bike,2021-08-28 23:51:14,2021-08-29 00:02:14,E 48 St & 3 Ave,6541,E 25 St & 2 Ave,6046,40.7546011026,-73.971878855,40.73912601,-73.97973776,member
1288477,C53D7F584B25B2E1,classic_bike,2021-08-12 17:34:07,2021-08-12 17:51:12,E 48 St & 3 Ave,6541,1 Ave & E 78 St,7020,40.7546011026,-73.971878855,40.77140426,-73.9535166,member
1288479,470DE5CA0F7A8F03,classic_bike,2021-08-19 17:57:12,2021-08-19 18:17:22,E 48 St & 3 Ave,6541,1 Ave & E 78 St,7020,40.7546011026,-73.971878855,40.77140426,-73.9535166,casual
1288516,39BE7ABEB86578B8,classic_bike,2021-08-01 18:29:37,2021-08-01 18:43:04,E 48 St & 3 Ave,6541,E 25 St & 2 Ave,6046,40.7546011026,-73.971878855,40.73912601,-73.97973776,casual
1288517,F87657B6084C7B18,electric_bike,2021-08-27 19:03:36,2021-08-27 19:20:42,E 48 St & 3 Ave,6541,1 Ave & E 78 St,7020,40.7546011026,-73.971878855,40.77140426,-73.9535166,casual
1288611,2AE81ECBEFECEA6E,classic_bike,2021-08-17 18:15:39,2021-08-17 18:24:58,E 48 St & 3 Ave,6541,E 25 St & 2 Ave,6046,40.7546011026,-73.971878855,40.73912601,-73.97973776,member
1288637,2175240659778513,classic_bike,2021-08-23 16:48:05,2021-08-23 17:03:46,E 48 St & 3 Ave,6541,1 Ave & E 78 St,7020,40.7546011026,-73.971878855,40.77140426,-73.9535166,member
1288654,E26C50980369C09C,classic_bike,2021-08-08 16:25:46,2021-08-08 16:37:08,E 48 St & 3 Ave,6541,1 Ave & E 78 St,7020,40.7546011026,-73.971878855,40.77140426,-73.9535166,member
1288698,391A8FC26D9DF7F1,classic_bike,2021-08-18 18:19:33,2021-08-18 18:33:35,E 48 St & 3 Ave,6541,1 Ave & E 78 St,7020,40.7546011026,-73.971878855,40.77140426,-73.9535166,member
1288703,C66B5924AD240AF7,electric_bike,2021-08-23 11:30:27,2021-08-23 11:44:45,E 48 St & 3 Ave,6541,1 Ave & E 78 St,7020,40.7546011026,-73.971878855,40.77140426,-73.9535166,casual
1288707,4FB4948F2E7FFBE9,classic_bike,2021-08-25 20:32:34,2021-08-25 21:10:48,E 48 St & 3 Ave,6541,Washington Pl & 6 Ave,5838,40.7546011026,-73.971878855,40.73224119,-74.00026394,casual
1288708,CAC79C608DA608B9,classic_bike,2021-08-03 17:46:57,2021-08-03 17:59:15,E 48 St & 3 Ave,6541,E 25 St & 2 Ave,6046,40.7546011026,-73.971878855,40.73912601,-73.97973776,member
1288730,8BD24752EE94C992,classic_bike,2021-08-28 15:47:06,2021-08-28 16:01:36,E 48 St & 3 Ave,6541,E 25 St & 2 Ave,6046,40.7546011026,-73.971878855,40.73912601,-73.97973776,casual
1288756,F55ABF60911F495B,classic_bike,2021-08-31 20:49:48,2021-08-31 20:59:53,E 48 St & 3 Ave,6541,1 Ave & E 78 St,7020,40.7546011026,-73.971878855,40.77140426,-73.9535166,member
1288939,804F77873342D876,classic_bike,2021-08-15 22:32:08,2021-08-15 22:40:28,E 48 St & 3 Ave,6541,1 Ave & E 78 St,7020,40.7546011026,-73.971878855,40.77140426,-73.9535166,casual
1289130,9B0BF2A145072398,classic_bike,2021-08-25 18:12:54,2021-08-25 18:32:20,E 48 St & 3 Ave,6541,1 Ave & E 78 St,7020,40.7546011026,-73.971878855,40.77140426,-73.9535166,member
1289133,E493B368EC64415C,classic_bike,2021-08-20 17:37:57,2021-08-20 17:52:02,E 48 St & 3 Ave,6541,1 Ave & E 78 St,7020,40.7546011026,-73.971878855,40.77140426,-73.9535166,member
1289134,6CE20DDFEF087126,electric_bike,2021-08-03 00:02:35,2021-08-03 00:10:04,E 48 St & 3 Ave,6541,E 25 St & 2 Ave,6046,40.7546011026,-73.971878855,40.73912601,-73.97973776,member
1289204,75836FF82FBB01C1,classic_bike,2021-08-04 17:46:28,2021-08-04 17:56:47,E 48 St & 3 Ave,6541,E 25 St & 2 Ave,6046,40.7546011026,-73.971878855,40.73912601,-73.97973776,member
1289205,943E072198B396E4,classic_bike,2021-08-30 18:47:59,2021-08-30 19:06:01,E 48 St & 3 Ave,6541,Washington Pl & 6 Ave,5838,40.7546011026,-73.971878855,40.73224119,-74.00026394,member
1291904,D9E3DC7EF541EB21,electric_bike,2021-08-01 17:41:16,2021-08-01 17:51:16,E 48 St & 3 Ave,6541,1 Ave & E 78 St,7020,40.7546011026,-73.971878855,40.77140426,-73.9535166,member
1293273,593E5197BB957E23,electric_bike,2021-08-17 09:27:18,2021-08-17 09:36:05,E 48 St & 3 Ave,6541,2 Ave & E 29 St,6122,40.7546011026,-73.971878855,40.74172351097472,-73.97809267044067,member
1293276,8F858A6BC008D529,classic_bike,2021-08-02 16:10:51,2021-08-02 16:21:50,E 48 St & 3 Ave,6541,2 Ave & E 29 St,6122,40.7546011026,-73.971878855,40.74172351097472,-73.97809267044067,member
1293278,BE7007DEE6F7CA13,classic_bike,2021-08-02 16:11:36,2021-08-02 16:21:57,E 48 St & 3 Ave,6541,2 Ave & E 29 St,6122,40.7546011026,-73.971878855,40.74172351097472,-73.97809267044067,member
1293296,92CF25582BFCD7BA,classic_bike,2021-08-12 20:07:38,2021-08-12 20:18:38,E 48 St & 3 Ave,6541,2 Ave & E 29 St,6122,40.7546011026,-73.971878855,40.74172351097472,-73.97809267044067,casual
1293298,23A5AC755E229A77,electric_bike,2021-08-07 15:38:43,2021-08-07 15:49:44,E 48 St & 3 Ave,6541,2 Ave & E 29 St,6122,40.7546011026,-73.971878855,40.74172351097472,-73.97809267044067,casual
1299621,45BDB5E3FD0C7660,classic_bike,2021-08-17 13:51:25,2021-08-17 14:07:46,E 48 St & 3 Ave,6541,9 Ave & W 22 St,6266,40.7546011026,-73.971878855,40.7454973,-74.00197139,member
1299624,E4D3BF85155F2F07,electric_bike,2021-08-16 12:01:09,2021-08-16 12:07:36,E 48 St & 3 Ave,6541,2 Ave & E 29 St,6122,40.7546011026,-73.971878855,40.74172351097472,-73.97809267044067,casual
1299634,DBB1BF0D86A7096F,classic_bike,2021-08-15 17:01:02,2021-08-15 17:10:14,E 48 St & 3 Ave,6541,2 Ave & E 29 St,6122,40.7546011026,-73.971878855,40.74172351097472,-73.97809267044067,casual
1302404,4B4184CC08BA84EC,classic_bike,2021-08-06 16:18:10,2021-08-06 16:29:41,E 48 St & 3 Ave,6541,2 Ave & E 29 St,6122,40.7546011026,-73.971878855,40.74172351097472,-73.97809267044067,member
1302407,BBB4395E81FFAEB3,classic_bike,2021-08-30 18:23:46,2021-08-30 18:39:28,E 48 St & 3 Ave,6541,9 Ave & W 22 St,6266,40.7546011026,-73.971878855,40.7454973,-74.00197139,member
1308332,85EA144B4C859C7A,electric_bike,2021-08-25 11:08:54,2021-08-25 11:16:47,E 48 St & 3 Ave,6541,2 Ave & E 29 St,6122,40.7546011026,-73.971878855,40.74172351097472,-73.97809267044067,member
1308343,F3402689C60A258D,electric_bike,2021-08-11 12:26:23,2021-08-11 12:43:20,E 48 St & 3 Ave,6541,9 Ave & W 22 St,6266,40.7546011026,-73.971878855,40.7454973,-74.00197139,member
1308348,7C72D42623932B5D,classic_bike,2021-08-27 00:10:31,2021-08-27 00:42:08,E 48 St & 3 Ave,6541,2 Ave & E 29 St,6122,40.7546011026,-73.971878855,40.74172351097472,-73.97809267044067,casual
1308848,07EC29045F0E0615,classic_bike,2021-08-15 14:23:08,2021-08-15 14:32:57,E 48 St & 3 Ave,6541,2 Ave & E 29 St,6122,40.7546011026,-73.971878855,40.74172351097472,-73.97809267044067,member
1308858,95146F78D55701DC,classic_bike,2021-08-16 18:01:29,2021-08-16 18:26:34,E 48 St & 3 Ave,6541,9 Ave & W 22 St,6266,40.7546011026,-73.971878855,40.7454973,-74.00197139,member
1308871,87DF675374D2249B,classic_bike,2021-08-11 18:23:09,2021-08-11 18:33:16,E 48 St & 3 Ave,6541,2 Ave & E 29 St,6122,40.7546011026,-73.971878855,40.74172351097472,-73.97809267044067,casual
1321153,6332180A6DCD8420,classic_bike,2021-08-19 17:46:11,2021-08-19 18:03:06,E 48 St & 3 Ave,6541,9 Ave & W 22 St,6266,40.7546011026,-73.971878855,40.7454973,-74.00197139,member
1321160,98C4EAE7EE3549CD,electric_bike,2021-08-29 05:58:50,2021-08-29 06:12:35,E 48 St & 3 Ave,6541,E 97 St & Madison Ave,7393,40.7546011026,-73.971878855,40.787801,-73.953559,casual
1321969,462A489AA9B36680,electric_bike,2021-08-25 11:33:59,2021-08-25 11:44:15,E 48 St & 3 Ave,6541,E 67 St & Park Ave,6932,40.7546011026,-73.971878855,40.76780080148132,-73.96592080593109,member
1321973,24F2BD571816DF77,classic_bike,2021-08-02 17:53:28,2021-08-02 18:02:09,E 48 St & 3 Ave,6541,2 Ave & E 29 St,6122,40.7546011026,-73.971878855,40.74172351097472,-73.97809267044067,member
1322756,AEF71C827BCE2740,classic_bike,2021-08-17 12:15:08,2021-08-17 12:29:09,E 48 St & 3 Ave,6541,W 35 St & 9 Ave,6569,40.7546011026,-73.971878855,40.75414519263519,-73.9960889518261,member
1323852,F3E174D51C5EF6F8,electric_bike,2021-08-12 12:15:23,2021-08-12 12:39:33,E 48 St & 3 Ave,6541,E 97 St & Madison Ave,7393,40.7546011026,-73.971878855,40.787801,-73.953559,member
1323859,2D8E8FCD0E66B8E1,classic_bike,2021-08-05 17:13:21,2021-08-05 17:24:11,E 48 St & 3 Ave,6541,2 Ave & E 29 St,6122,40.7546011026,-73.971878855,40.74172351097472,-73.97809267044067,member
1323865,077BA166BA9DF9C5,classic_bike,2021-08-13 16:47:22,2021-08-13 16:55:48,E 48 St & 3 Ave,6541,2 Ave & E 29 St,6122,40.7546011026,-73.971878855,40.74172351097472,-73.97809267044067,casual
1323877,1BAA054EEFB679DB,electric_bike,2021-08-13 12:44:30,2021-08-13 13:00:36,E 48 St & 3 Ave,6541,W 15 St & 7 Ave,6030,40.7546011026,-73.971878855,40.73935542,-73.99931783,member
1324375,1824D41CB178BBCB,classic_bike,2021-08-01 16:06:27,2021-08-01 16:25:52,E 48 St & 3 Ave,6541,E 97 St & Madison Ave,7393,40.7546011026,-73.971878855,40.787801,-73.953559,member
1326957,898BE21B1ADF73BC,classic_bike,2021-08-05 16:13:42,2021-08-05 16:22:50,E 48 St & 3 Ave,6541,2 Ave & E 29 St,6122,40.7546011026,-73.971878855,40.74172351097472,-73.97809267044067,member
1327586,49971FCF50C2FEC6,electric_bike,2021-08-25 20:51:45,2021-08-25 21:02:11,E 48 St & 3 Ave,6541,W 35 St & 9 Ave,6569,40.7546011026,-73.971878855,40.75414519263519,-73.9960889518261,member
1327593,A57668FF9226CF90,electric_bike,2021-08-06 12:23:34,2021-08-06 12:39:59,E 48 St & 3 Ave,6541,W 35 St & 9 Ave,6569,40.7546011026,-73.971878855,40.75414519263519,-73.9960889518261,member
1328240,679D85C3B2CE18DE,electric_bike,2021-08-12 01:15:18,2021-08-12 01:22:55,E 48 St & 3 Ave,6541,2 Ave & E 29 St,6122,40.7546011026,-73.971878855,40.74172351097472,-73.97809267044067,member
1328817,FD713267A3D28146,classic_bike,2021-08-09 16:59:52,2021-08-09 17:20:56,E 48 St & 3 Ave,6541,2 Ave & E 29 St,6122,40.7546011026,-73.971878855,40.74172351097472,-73.97809267044067,member
1328918,DD404DBBD2901D49,electric_bike,2021-08-26 11:07:47,2021-08-26 11:20:17,E 48 St & 3 Ave,6541,W 35 St & 9 Ave,6569,40.7546011026,-73.971878855,40.75414519263519,-73.9960889518261,member
1328920,C14F48C7BE15C3AB,classic_bike,2021-08-11 17:39:38,2021-08-11 17:45:59,E 48 St & 3 Ave,6541,2 Ave & E 29 St,6122,40.7546011026,-73.971878855,40.74172351097472,-73.97809267044067,member
1329208,26B968566531946C,classic_bike,2021-08-27 00:13:16,2021-08-27 00:43:53,E 48 St & 3 Ave,6541,2 Ave & E 29 St,6122,40.7546011026,-73.971878855,40.74172351097472,-73.97809267044067,casual
1329719,9767D57AA3202F55,classic_bike,2021-08-12 17:27:23,2021-08-12 17:35:43,E 48 St & 3 Ave,6541,2 Ave & E 29 St,6122,40.7546011026,-73.971878855,40.74172351097472,-73.97809267044067,casual
1329720,AB2859FB6C18189A,classic_bike,2021-08-14 17:22:11,2021-08-14 17:29:20,E 48 St & 3 Ave,6541,2 Ave & E 29 St,6122,40.7546011026,-73.971878855,40.74172351097472,-73.97809267044067,casual
1329728,FAD7397C4769D61B,electric_bike,2021-08-11 13:07:56,2021-08-11 13:21:42,E 48 St & 3 Ave,6541,W 35 St & 9 Ave,6569,40.7546011026,-73.971878855,40.75414519263519,-73.9960889518261,casual
1329739,C945B0905D2C73F6,classic_bike,2021-08-16 15:24:30,2021-08-16 15:52:39,E 48 St & 3 Ave,6541,2 Ave & E 29 St,6122,40.7546011026,-73.971878855,40.74172351097472,-73.97809267044067,casual
1330151,370ACF97F72F27BF,classic_bike,2021-08-31 17:42:27,2021-08-31 17:51:36,E 48 St & 3 Ave,6541,2 Ave & E 29 St,6122,40.7546011026,-73.971878855,40.74172351097472,-73.97809267044067,member
1330157,07061546E1B78091,electric_bike,2021-08-31 11:51:52,2021-08-31 11:59:28,E 48 St & 3 Ave,6541,2 Ave & E 29 St,6122,40.7546011026,-73.971878855,40.74172351097472,-73.97809267044067,casual
1330929,E8DEA8103511A0F5,classic_bike,2021-08-25 14:45:16,2021-08-25 14:55:02,E 48 St & 3 Ave,6541,W 35 St & 9 Ave,6569,40.7546011026,-73.971878855,40.75414519263519,-73.9960889518261,member
1330931,4EFCBC8B73DA4620,electric_bike,2021-08-19 16:59:15,2021-08-19 17:07:13,E 48 St & 3 Ave,6541,2 Ave & E 29 St,6122,40.7546011026,-73.971878855,40.74172351097472,-73.97809267044067,casual
1330939,173ABF00DC19C2F1,classic_bike,2021-08-10 17:28:40,2021-08-10 17:41:56,E 48 St & 3 Ave,6541,2 Ave & E 29 St,6122,40.7546011026,-73.971878855,40.74172351097472,-73.97809267044067,member
1330952,A2A2B1D6C76C75F6,electric_bike,2021-08-05 17:11:31,2021-08-05 17:18:57,E 48 St & 3 Ave,6541,2 Ave & E 29 St,6122,40.7546011026,-73.971878855,40.74172351097472,-73.97809267044067,casual
1330969,D8B75D71198A22CD,classic_bike,2021-08-07 15:36:58,2021-08-07 15:49:49,E 48 St & 3 Ave,6541,2 Ave & E 29 St,6122,40.7546011026,-73.971878855,40.74172351097472,-73.97809267044067,member
1330976,A328230E3E39D31A,electric_bike,2021-08-31 07:07:40,2021-08-31 07:13:52,E 48 St & 3 Ave,6541,2 Ave & E 29 St,6122,40.7546011026,-73.971878855,40.74172351097472,-73.97809267044067,member
1330992,577BF4205DD7A3FE,classic_bike,2021-08-26 19:05:21,2021-08-26 19:25:39,E 48 St & 3 Ave,6541,9 Ave & W 22 St,6266,40.7546011026,-73.971878855,40.7454973,-74.00197139,member
1331005,DBA8E13B614995B3,classic_bike,2021-08-12 18:34:22,2021-08-12 18:56:42,E 48 St & 3 Ave,6541,W 15 St & 7 Ave,6030,40.7546011026,-73.971878855,40.73935542,-73.99931783,member
1331077,101EB19D71177907,classic_bike,2021-08-12 14:56:04,2021-08-12 15:04:06,E 48 St & 3 Ave,6541,2 Ave & E 29 St,6122,40.7546011026,-73.971878855,40.74172351097472,-73.97809267044067,member
1331080,1CAFDEE15B012482,classic_bike,2021-08-03 10:09:39,2021-08-03 10:25:16,E 48 St & 3 Ave,6541,W 15 St & 7 Ave,6030,40.7546011026,-73.971878855,40.73935542,-73.99931783,member
1331088,54CC4D30A2A5764E,classic_bike,2021-08-17 07:45:19,2021-08-17 07:55:56,E 48 St & 3 Ave,6541,2 Ave & E 29 St,6122,40.7546011026,-73.971878855,40.74172351097472,-73.97809267044067,member
1331129,A7E6663323565AD8,electric_bike,2021-08-11 06:25:23,2021-08-11 06:35:36,E 48 St & 3 Ave,6541,W 35 St & 9 Ave,6569,40.7546011026,-73.971878855,40.75414519263519,-73.9960889518261,member
1331130,BBC163553BF74C56,classic_bike,2021-08-17 16:09:52,2021-08-17 16:19:53,E 48 St & 3 Ave,6541,2 Ave & E 29 St,6122,40.7546011026,-73.971878855,40.74172351097472,-73.97809267044067,member
1331132,E507C4C494AC67FC,classic_bike,2021-08-14 00:32:11,2021-08-14 00:53:47,E 48 St & 3 Ave,6541,E 97 St & Madison Ave,7393,40.7546011026,-73.971878855,40.787801,-73.953559,member
1331389,67A6410E7E04AC61,classic_bike,2021-08-26 17:27:12,2021-08-26 17:36:40,E 48 St & 3 Ave,6541,2 Ave & E 29 St,6122,40.7546011026,-73.971878855,40.74172351097472,-73.97809267044067,member
1332188,774A5494DEE55E4F,classic_bike,2021-08-27 20:24:39,2021-08-27 20:38:05,E 48 St & 3 Ave,6541,W 35 St & 9 Ave,6569,40.7546011026,-73.971878855,40.75414519263519,-73.9960889518261,member
1332220,834343DF24970E43,electric_bike,2021-08-05 13:02:03,2021-08-05 13:26:44,E 48 St & 3 Ave,6541,E 97 St & Madison Ave,7393,40.7546011026,-73.971878855,40.787801,-73.953559,member
1332445,5AB8180C46C99175,classic_bike,2021-08-19 17:43:11,2021-08-19 18:05:11,E 48 St & 3 Ave,6541,W 15 St & 7 Ave,6030,40.7546011026,-73.971878855,40.73935542,-73.99931783,member
1351806,07424C35CB1A36DB,electric_bike,2021-08-30 12:58:12,2021-08-30 13:12:27,E 48 St & 3 Ave,6541,4 Ave & E 12 St,5788,40.7546011026,-73.971878855,40.732647,-73.99011,casual
1352078,6ECBFFABB1A35DDC,classic_bike,2021-08-12 19:59:53,2021-08-12 20:38:32,E 48 St & 3 Ave,6541,N 15 St & Wythe Ave,5520,40.7546011026,-73.971878855,40.724055,-73.955736,member
1352081,90F20D5206A0E2DA,classic_bike,2021-08-10 01:54:41,2021-08-10 02:11:32,E 48 St & 3 Ave,6541,Amsterdam Ave & W 73 St,7260,40.7546011026,-73.971878855,40.77966809007312,-73.98093044757842,member
1353305,F59667BC23857C04,classic_bike,2021-08-31 18:52:51,2021-08-31 20:28:55,E 48 St & 3 Ave,6541,Amsterdam Ave & W 73 St,7260,40.7546011026,-73.971878855,40.77966809007312,-73.98093044757842,member
1353310,ED6C84F48CC41138,classic_bike,2021-08-18 17:22:47,2021-08-18 17:51:11,E 48 St & 3 Ave,6541,Amsterdam Ave & W 73 St,7260,40.7546011026,-73.971878855,40.77966809007312,-73.98093044757842,casual
1353318,572C091D9F13FAD1,electric_bike,2021-08-24 10:23:54,2021-08-24 10:40:28,E 48 St & 3 Ave,6541,Amsterdam Ave & W 73 St,7260,40.7546011026,-73.971878855,40.77966809007312,-73.98093044757842,member
1353319,43786A793FE5B370,classic_bike,2021-08-17 22:08:36,2021-08-17 22:45:10,E 48 St & 3 Ave,6541,Amsterdam Ave & W 73 St,7260,40.7546011026,-73.971878855,40.77966809007312,-73.98093044757842,member
1353321,162F1624220527E4,classic_bike,2021-08-09 20:49:33,2021-08-09 21:05:57,E 48 St & 3 Ave,6541,Amsterdam Ave & W 73 St,7260,40.7546011026,-73.971878855,40.77966809007312,-73.98093044757842,member
1353333,1A916449989E8861,classic_bike,2021-08-25 17:07:39,2021-08-25 17:25:38,E 48 St & 3 Ave,6541,Amsterdam Ave & W 73 St,7260,40.7546011026,-73.971878855,40.77966809007312,-73.98093044757842,member
1354200,97E214456FBBF624,electric_bike,2021-08-01 16:47:58,2021-08-01 17:05:57,E 48 St & 3 Ave,6541,Amsterdam Ave & W 73 St,7260,40.7546011026,-73.971878855,40.77966809007312,-73.98093044757842,casual
1355861,40B34136D2F78A6D,classic_bike,2021-08-01 16:59:44,2021-08-01 17:16:59,E 48 St & 3 Ave,6541,W 84 St & Broadway,7409,40.7546011026,-73.971878855,40.7867947,-73.977112,member
1356621,949142F8F4F1720B,classic_bike,2021-08-20 22:59:27,2021-08-20 23:19:24,E 48 St & 3 Ave,6541,Amsterdam Ave & W 73 St,7260,40.7546011026,-73.971878855,40.77966809007312,-73.98093044757842,member
1356662,3FFD7DB9F03FD16E,classic_bike,2021-08-31 18:29:26,2021-08-31 18:48:33,E 48 St & 3 Ave,6541,W 84 St & Broadway,7409,40.7546011026,-73.971878855,40.7867947,-73.977112,member
1357288,D7085387223BB900,electric_bike,2021-08-25 08:29:58,2021-08-25 08:46:20,E 48 St & 3 Ave,6541,4 Ave & E 12 St,5788,40.7546011026,-73.971878855,40.732647,-73.99011,member
1357317,938310321C96DB9D,classic_bike,2021-08-27 15:09:40,2021-08-27 15:34:48,E 48 St & 3 Ave,6541,W 84 St & Broadway,7409,40.7546011026,-73.971878855,40.7867947,-73.977112,member
1357441,15BE575A06EE8BC4,classic_bike,2021-08-04 16:17:01,2021-08-04 16:42:02,E 48 St & 3 Ave,6541,W 84 St & Broadway,7409,40.7546011026,-73.971878855,40.7867947,-73.977112,casual
1357446,1B15A680C7286759,classic_bike,2021-08-23 16:42:31,2021-08-23 17:19:51,E 48 St & 3 Ave,6541,Pierrepont St & Monroe Pl,4718,40.7546011026,-73.971878855,40.69535693320225,-73.99344027042389,member
1357620,3A2A8AFCEEB8E531,classic_bike,2021-08-18 14:29:49,2021-08-18 14:47:16,E 48 St & 3 Ave,6541,Amsterdam Ave & W 73 St,7260,40.7546011026,-73.971878855,40.77966809007312,-73.98093044757842,member
1359539,C807E64CB3EB9F9F,classic_bike,2021-08-30 18:41:53,2021-08-30 19:12:28,E 48 St & 3 Ave,6541,11 Ave & W 27 St,6425,40.7546011026,-73.971878855,40.751396,-74.005226,casual
1373537,3D3F00D3CCDC01F8,classic_bike,2021-08-04 20:10:53,2021-08-04 20:32:50,E 48 St & 3 Ave,6541,E 72 St & York Ave,6889,40.7546011026,-73.971878855,40.76663814,-73.95348296,member
1373803,AAFB54B80E45C830,classic_bike,2021-08-30 19:25:52,2021-08-30 19:37:37,E 48 St & 3 Ave,6541,E 72 St & York Ave,6889,40.7546011026,-73.971878855,40.76663814,-73.95348296,member
1374298,D1655969D338469D,classic_bike,2021-08-09 18:08:00,2021-08-09 18:20:46,E 48 St & 3 Ave,6541,E 72 St & York Ave,6889,40.7546011026,-73.971878855,40.76663814,-73.95348296,member
1374316,EA6286312805280E,electric_bike,2021-08-09 12:33:02,2021-08-09 12:43:34,E 48 St & 3 Ave,6541,E 72 St & York Ave,6889,40.7546011026,-73.971878855,40.76663814,-73.95348296,member
1374748,76E860B4D787940D,electric_bike,2021-08-03 23:10:54,2021-08-03 23:26:28,E 48 St & 3 Ave,6541,38 Ave & 29 St,6538,40.7546011026,-73.971878855,40.75473,-73.93367,member
1375297,EDFFF007035A9206,classic_bike,2021-08-30 18:42:05,2021-08-30 19:12:22,E 48 St & 3 Ave,6541,11 Ave & W 27 St,6425,40.7546011026,-73.971878855,40.751396,-74.005226,member
1375306,93388EEE6427490E,classic_bike,2021-08-13 15:40:26,2021-08-13 15:55:46,E 48 St & 3 Ave,6541,11 Ave & W 27 St,6425,40.7546011026,-73.971878855,40.751396,-74.005226,member
1375307,7DF6118686211566,classic_bike,2021-08-03 17:38:39,2021-08-03 17:54:29,E 48 St & 3 Ave,6541,E 72 St & York Ave,6889,40.7546011026,-73.971878855,40.76663814,-73.95348296,member
1375315,442AFA08A36BCCA7,classic_bike,2021-08-18 09:32:22,2021-08-18 09:46:42,E 48 St & 3 Ave,6541,E 72 St & York Ave,6889,40.7546011026,-73.971878855,40.76663814,-73.95348296,member
1376586,FC25AFA882F3A3A2,classic_bike,2021-08-11 21:39:11,2021-08-11 21:51:29,E 48 St & 3 Ave,6541,E 72 St & York Ave,6889,40.7546011026,-73.971878855,40.76663814,-73.95348296,member
1376601,A99DF19AE3060D50,classic_bike,2021-08-23 17:24:35,2021-08-23 17:51:21,E 48 St & 3 Ave,6541,11 Ave & W 27 St,6425,40.7546011026,-73.971878855,40.751396,-74.005226,member
1376960,090342E4837E5A26,electric_bike,2021-08-26 09:22:41,2021-08-26 09:34:00,E 48 St & 3 Ave,6541,E 72 St & York Ave,6889,40.7546011026,-73.971878855,40.76663814,-73.95348296,member
1377324,2C573C2EC9E33B41,classic_bike,2021-08-10 18:04:55,2021-08-10 18:17:22,E 48 St & 3 Ave,6541,E 72 St & York Ave,6889,40.7546011026,-73.971878855,40.76663814,-73.95348296,member
1377584,E4DB78E34AFB5827,classic_bike,2021-08-11 18:08:38,2021-08-11 18:54:35,E 48 St & 3 Ave,6541,Bushwick Ave & Forrest St,4914,40.7546011026,-73.971878855,40.70076,-73.93641,member
1377725,FE2FAA1C262D02AF,classic_bike,2021-08-17 16:13:18,2021-08-17 17:26:26,E 48 St & 3 Ave,6541,E 72 St & York Ave,6889,40.7546011026,-73.971878855,40.76663814,-73.95348296,member
1379433,2C879FC10CE9B4D4,classic_bike,2021-08-07 12:58:20,2021-08-07 13:12:05,E 48 St & 3 Ave,6541,E 27 St & Park Ave S,6131,40.7546011026,-73.971878855,40.74275179648995,-73.9847157150507,casual
1381790,48BF4945BB82B5DD,classic_bike,2021-08-04 13:37:32,2021-08-04 13:56:24,E 48 St & 3 Ave,6541,Greenwich Ave & 8 Ave,6072,40.7546011026,-73.971878855,40.7390169121,-74.0026376103,member
1403668,72CCFB03CD8541BD,electric_bike,2021-08-29 18:44:44,2021-08-29 19:00:37,E 48 St & 3 Ave,6541,Greenwich Ave & 8 Ave,6072,40.7546011026,-73.971878855,40.7390169121,-74.0026376103,member
1405044,ED8A9F6685A037D9,classic_bike,2021-08-01 16:06:40,2021-08-01 16:19:00,E 48 St & 3 Ave,6541,W 50 St & 10 Ave,6890,40.7546011026,-73.971878855,40.76473420006519,-73.99194359779358,member
1405049,5DDDCA182DC03EC6,classic_bike,2021-08-19 20:02:34,2021-08-19 20:28:02,E 48 St & 3 Ave,6541,Greenwich Ave & 8 Ave,6072,40.7546011026,-73.971878855,40.7390169121,-74.0026376103,member
1406912,2DBD9D55B619E1B0,electric_bike,2021-08-17 01:53:00,2021-08-17 02:16:56,E 48 St & 3 Ave,6541,Greenwich Ave & 8 Ave,6072,40.7546011026,-73.971878855,40.7390169121,-74.0026376103,member
1407107,3A712B4DFA3148FE,electric_bike,2021-08-17 09:42:57,2021-08-17 09:50:27,E 48 St & 3 Ave,6541,E 27 St & Park Ave S,6131,40.7546011026,-73.971878855,40.74275179648995,-73.9847157150507,member
1407108,0F4FBFD83F0482C7,classic_bike,2021-08-18 20:08:31,2021-08-18 20:17:50,E 48 St & 3 Ave,6541,E 27 St & Park Ave S,6131,40.7546011026,-73.971878855,40.74275179648995,-73.9847157150507,member
1407424,A3547D80457A2B5E,electric_bike,2021-08-12 08:21:12,2021-08-12 08:39:13,E 48 St & 3 Ave,6541,Greenwich Ave & 8 Ave,6072,40.7546011026,-73.971878855,40.7390169121,-74.0026376103,casual
1408541,D5A930205DC87AD2,electric_bike,2021-08-07 09:38:01,2021-08-07 09:44:59,E 48 St & 3 Ave,6541,E 27 St & Park Ave S,6131,40.7546011026,-73.971878855,40.74275179648995,-73.9847157150507,member
1409718,429FE5ACAECF7B80,classic_bike,2021-08-13 15:48:25,2021-08-13 15:58:01,E 48 St & 3 Ave,6541,E 27 St & Park Ave S,6131,40.7546011026,-73.971878855,40.74275179648995,-73.9847157150507,casual
1411094,438D71D989A33047,electric_bike,2021-08-15 11:42:32,2021-08-15 11:49:04,E 48 St & 3 Ave,6541,E 27 St & Park Ave S,6131,40.7546011026,-73.971878855,40.74275179648995,-73.9847157150507,member
1411121,45FE5FE994619158,electric_bike,2021-08-18 09:28:01,2021-08-18 09:36:34,E 48 St & 3 Ave,6541,E 27 St & Park Ave S,6131,40.7546011026,-73.971878855,40.74275179648995,-73.9847157150507,member
1411528,58793155CC1302D2,electric_bike,2021-08-27 08:09:07,2021-08-27 08:29:10,E 48 St & 3 Ave,6541,Greenwich Ave & 8 Ave,6072,40.7546011026,-73.971878855,40.7390169121,-74.0026376103,member
1412218,503D530FD687E17F,classic_bike,2021-08-15 00:35:02,2021-08-15 00:45:21,E 48 St & 3 Ave,6541,W 50 St & 10 Ave,6890,40.7546011026,-73.971878855,40.76473420006519,-73.99194359779358,member
1412239,0D2E36589F78EC52,classic_bike,2021-08-07 11:29:54,2021-08-07 11:39:33,E 48 St & 3 Ave,6541,E 27 St & Park Ave S,6131,40.7546011026,-73.971878855,40.74275179648995,-73.9847157150507,casual
1412824,AA455586C2BD1BE9,classic_bike,2021-08-11 14:46:53,2021-08-11 15:07:29,E 48 St & 3 Ave,6541,Avenue D & E 10 St,5575,40.7546011026,-73.971878855,40.72506551015475,-73.97515833377838,member
1413517,4BF437421994EAC4,classic_bike,2021-08-06 18:10:04,2021-08-06 18:21:33,E 48 St & 3 Ave,6541,E 27 St & Park Ave S,6131,40.7546011026,-73.971878855,40.74275179648995,-73.9847157150507,casual
1413819,A05281D2967C7390,classic_bike,2021-08-16 12:19:37,2021-08-16 12:32:26,E 48 St & 3 Ave,6541,E 27 St & Park Ave S,6131,40.7546011026,-73.971878855,40.74275179648995,-73.9847157150507,casual
1414169,26A059BC70A637B0,electric_bike,2021-08-17 07:59:27,2021-08-17 08:17:24,E 48 St & 3 Ave,6541,Avenue D & E 10 St,5575,40.7546011026,-73.971878855,40.72506551015475,-73.97515833377838,casual
1414175,45B7C52750000C94,classic_bike,2021-08-07 11:30:14,2021-08-07 11:39:37,E 48 St & 3 Ave,6541,E 27 St & Park Ave S,6131,40.7546011026,-73.971878855,40.74275179648995,-73.9847157150507,casual
1414211,02A3B8BBDA551A20,electric_bike,2021-08-11 11:34:06,2021-08-11 11:49:06,E 48 St & 3 Ave,6541,E 27 St & Park Ave S,6131,40.7546011026,-73.971878855,40.74275179648995,-73.9847157150507,casual
1414274,FF7BE581954B087D,classic_bike,2021-08-13 20:21:49,2021-08-13 20:40:36,E 48 St & 3 Ave,6541,W 50 St & 10 Ave,6890,40.7546011026,-73.971878855,40.76473420006519,-73.99194359779358,member
1415303,E3FE167D7FC6093B,electric_bike,2021-08-15 21:45:51,2021-08-15 21:56:14,E 48 St & 3 Ave,6541,W 42 St & 8 Ave,6602,40.7546011026,-73.971878855,40.7575699,-73.99098507,member
1418382,0B7DBD8319645E27,classic_bike,2021-08-09 17:17:31,2021-08-09 17:28:10,E 48 St & 3 Ave,6541,W 42 St & 8 Ave,6602,40.7546011026,-73.971878855,40.7575699,-73.99098507,casual
1427412,FD4BA8568AC64128,classic_bike,2021-08-30 18:15:42,2021-08-30 18:32:46,E 48 St & 3 Ave,6541,E 10 St & Avenue A,5659,40.7546011026,-73.971878855,40.72740794,-73.98142006,member
1428636,5E015980BB8AA180,classic_bike,2021-08-09 18:10:36,2021-08-09 18:28:15,E 48 St & 3 Ave,6541,E 10 St & Avenue A,5659,40.7546011026,-73.971878855,40.72740794,-73.98142006,member
1428637,B08724EBD7ABD877,classic_bike,2021-08-16 17:59:54,2021-08-16 18:16:35,E 48 St & 3 Ave,6541,E 10 St & Avenue A,5659,40.7546011026,-73.971878855,40.72740794,-73.98142006,member
1428667,EC7F2F84BD2F9504,classic_bike,2021-08-31 16:52:46,2021-08-31 17:04:11,E 48 St & 3 Ave,6541,W 42 St & 8 Ave,6602,40.7546011026,-73.971878855,40.7575699,-73.99098507,member
1428670,75E21DE26F0C73F5,classic_bike,2021-08-25 16:56:44,2021-08-25 17:07:20,E 48 St & 3 Ave,6541,W 42 St & 8 Ave,6602,40.7546011026,-73.971878855,40.7575699,-73.99098507,casual
1430347,952FF6398F597776,classic_bike,2021-08-18 16:37:42,2021-08-18 16:48:52,E 48 St & 3 Ave,6541,W 42 St & 8 Ave,6602,40.7546011026,-73.971878855,40.7575699,-73.99098507,casual
1445147,C2D3714F2BDCC0C4,classic_bike,2021-08-26 08:02:26,2021-08-26 08:29:56,E 48 St & 3 Ave,6541,27 St & Hunter St,6310,40.7546011026,-73.971878855,40.7485,-73.941275,member
1445148,1E178CA8AE26B6DC,classic_bike,2021-08-12 14:27:32,2021-08-12 14:37:34,E 48 St & 3 Ave,6541,W 42 St & 8 Ave,6602,40.7546011026,-73.971878855,40.7575699,-73.99098507,member
1446084,EC70F6942745C496,classic_bike,2021-08-20 14:09:42,2021-08-20 14:18:29,E 48 St & 3 Ave,6541,W 42 St & 8 Ave,6602,40.7546011026,-73.971878855,40.7575699,-73.99098507,member
1446091,2522FC05657473B8,classic_bike,2021-08-24 07:28:49,2021-08-24 07:55:23,E 48 St & 3 Ave,6541,E 10 St & Avenue A,5659,40.7546011026,-73.971878855,40.72740794,-73.98142006,member
1446098,BA634DF481DA45F5,classic_bike,2021-08-19 16:49:28,2021-08-19 16:59:03,E 48 St & 3 Ave,6541,W 42 St & 8 Ave,6602,40.7546011026,-73.971878855,40.7575699,-73.99098507,casual
1446104,5E979AEACA648E57,classic_bike,2021-08-20 17:46:54,2021-08-20 18:01:35,E 48 St & 3 Ave,6541,E 2 St & Avenue A,5553,40.7546011026,-73.971878855,40.72307749068673,-73.98583620786667,casual
1447162,0431D7B2EAD0B18D,electric_bike,2021-08-28 02:41:19,2021-08-28 02:59:03,E 48 St & 3 Ave,6541,E 10 St & Avenue A,5659,40.7546011026,-73.971878855,40.72740794,-73.98142006,member
1447164,1375A2712BA517E4,classic_bike,2021-08-04 14:16:17,2021-08-04 14:25:37,E 48 St & 3 Ave,6541,W 42 St & 8 Ave,6602,40.7546011026,-73.971878855,40.7575699,-73.99098507,member
1447179,4A3DDD3D03BA0C10,classic_bike,2021-08-06 14:13:22,2021-08-06 14:23:56,E 48 St & 3 Ave,6541,W 42 St & 8 Ave,6602,40.7546011026,-73.971878855,40.7575699,-73.99098507,member
1448360,A3457E674DD2CDBE,classic_bike,2021-08-18 14:15:42,2021-08-18 14:25:38,E 48 St & 3 Ave,6541,W 42 St & 8 Ave,6602,40.7546011026,-73.971878855,40.7575699,-73.99098507,member
1448368,C4065AC2FE3D0E16,classic_bike,2021-08-11 17:14:10,2021-08-11 17:26:01,E 48 St & 3 Ave,6541,E 10 St & Avenue A,5659,40.7546011026,-73.971878855,40.72740794,-73.98142006,member
1448374,8F59AEEBD91553FF,classic_bike,2021-08-17 14:16:34,2021-08-17 14:27:01,E 48 St & 3 Ave,6541,W 42 St & 8 Ave,6602,40.7546011026,-73.971878855,40.7575699,-73.99098507,member
1448386,37AD9E0B133F55C6,classic_bike,2021-08-27 22:40:53,2021-08-27 22:58:08,E 48 St & 3 Ave,6541,W 42 St & 8 Ave,6602,40.7546011026,-73.971878855,40.7575699,-73.99098507,casual
1448390,212B066F2C33C159,electric_bike,2021-08-02 02:46:16,2021-08-02 03:07:05,E 48 St & 3 Ave,6541,W 42 St & 8 Ave,6602,40.7546011026,-73.971878855,40.7575699,-73.99098507,casual
1449376,B0B31605A8ACD8CA,classic_bike,2021-08-13 17:25:21,2021-08-13 17:43:56,E 48 St & 3 Ave,6541,E 6 St & Avenue B,5584,40.7546011026,-73.971878855,40.72453734,-73.98185424,member
1449377,223714A06EDA6119,classic_bike,2021-08-17 17:21:53,2021-08-17 17:40:04,E 48 St & 3 Ave,6541,E 10 St & Avenue A,5659,40.7546011026,-73.971878855,40.72740794,-73.98142006,member
1449389,77A74DA8D55D7439,electric_bike,2021-08-11 14:43:45,2021-08-11 14:52:24,E 48 St & 3 Ave,6541,W 42 St & 8 Ave,6602,40.7546011026,-73.971878855,40.7575699,-73.99098507,member
1449395,0D3C8BE6D5AD61F6,classic_bike,2021-08-24 18:05:20,2021-08-24 18:24:03,E 48 St & 3 Ave,6541,E 2 St & Avenue A,5553,40.7546011026,-73.971878855,40.72307749068673,-73.98583620786667,casual
1449423,E24EC6D04B537A01,classic_bike,2021-08-09 14:04:05,2021-08-09 14:13:59,E 48 St & 3 Ave,6541,W 42 St & 8 Ave,6602,40.7546011026,-73.971878855,40.7575699,-73.99098507,member
1449443,117304DE22DB8552,classic_bike,2021-08-03 14:12:19,2021-08-03 14:22:21,E 48 St & 3 Ave,6541,W 42 St & 8 Ave,6602,40.7546011026,-73.971878855,40.7575699,-73.99098507,member
1449447,5033245F229A4294,electric_bike,2021-08-27 09:46:26,2021-08-27 10:02:16,E 48 St & 3 Ave,6541,E 6 St & Avenue D,5506,40.7546011026,-73.971878855,40.72228087,-73.97668709,member
1449449,F5F95925D1175875,classic_bike,2021-08-02 14:59:30,2021-08-02 15:09:55,E 48 St & 3 Ave,6541,W 42 St & 8 Ave,6602,40.7546011026,-73.971878855,40.7575699,-73.99098507,member
1449455,9893270DE242B389,electric_bike,2021-08-29 22:30:39,2021-08-29 22:45:19,E 48 St & 3 Ave,6541,E 10 St & Avenue A,5659,40.7546011026,-73.971878855,40.72740794,-73.98142006,member
1449459,F927BF29BC8F9AE9,classic_bike,2021-08-16 12:48:31,2021-08-16 12:56:28,E 48 St & 3 Ave,6541,W 42 St & 8 Ave,6602,40.7546011026,-73.971878855,40.7575699,-73.99098507,member
1449460,8FE979A8DAEDCA2E,classic_bike,2021-08-20 12:12:06,2021-08-20 12:34:14,E 48 St & 3 Ave,6541,E 6 St & Avenue D,5506,40.7546011026,-73.971878855,40.72228087,-73.97668709,member
1449473,BFCABB9D7A7627C5,classic_bike,2021-08-10 17:50:10,2021-08-10 18:05:41,E 48 St & 3 Ave,6541,E 10 St & Avenue A,5659,40.7546011026,-73.971878855,40.72740794,-73.98142006,member
1451721,D833932FC47F7D71,classic_bike,2021-08-29 15:05:49,2021-08-29 15:17:51,E 48 St & 3 Ave,6541,W 42 St & 8 Ave,6602,40.7546011026,-73.971878855,40.7575699,-73.99098507,member
1451730,3A414431D4E98111,classic_bike,2021-08-30 14:04:07,2021-08-30 14:34:06,E 48 St & 3 Ave,6541,E 6 St & Avenue D,5506,40.7546011026,-73.971878855,40.72228087,-73.97668709,member
1451735,C5804B6952E31E2E,classic_bike,2021-08-05 14:36:11,2021-08-05 14:46:33,E 48 St & 3 Ave,6541,W 42 St & 8 Ave,6602,40.7546011026,-73.971878855,40.7575699,-73.99098507,member
1451755,545E79D79959D1C8,classic_bike,2021-08-17 13:56:17,2021-08-17 14:06:11,E 48 St & 3 Ave,6541,W 42 St & 8 Ave,6602,40.7546011026,-73.971878855,40.7575699,-73.99098507,member
1451777,EBC9E281E2376751,classic_bike,2021-08-04 18:07:12,2021-08-04 18:23:55,E 48 St & 3 Ave,6541,E 14 St & Avenue B,5736,40.7546011026,-73.971878855,40.72938685,-73.97772429,member
1451779,48458B3CE2B28CCB,classic_bike,2021-08-27 14:09:59,2021-08-27 14:26:52,E 48 St & 3 Ave,6541,E 14 St & Avenue B,5736,40.7546011026,-73.971878855,40.72938685,-73.97772429,member
1451792,F7028C9DFA8D2A03,classic_bike,2021-08-15 12:34:17,2021-08-15 13:05:33,E 48 St & 3 Ave,6541,E 10 St & Avenue A,5659,40.7546011026,-73.971878855,40.72740794,-73.98142006,casual
1451795,076D3164022280EE,classic_bike,2021-08-17 17:19:41,2021-08-17 17:29:10,E 48 St & 3 Ave,6541,W 42 St & 8 Ave,6602,40.7546011026,-73.971878855,40.7575699,-73.99098507,member
1451802,692119D2E3E66C5F,classic_bike,2021-08-11 21:07:26,2021-08-11 21:15:55,E 48 St & 3 Ave,6541,W 42 St & 8 Ave,6602,40.7546011026,-73.971878855,40.7575699,-73.99098507,member
1451805,6CD5B0ED46589D18,electric_bike,2021-08-24 13:34:20,2021-08-24 13:54:05,E 48 St & 3 Ave,6541,E 6 St & Avenue B,5584,40.7546011026,-73.971878855,40.72453734,-73.98185424,member
1451847,F8FE3A9CAC5F409F,classic_bike,2021-08-03 18:46:54,2021-08-03 19:03:54,E 48 St & 3 Ave,6541,E 10 St & Avenue A,5659,40.7546011026,-73.971878855,40.72740794,-73.98142006,member
1452892,FD30490A9C3E0EAD,classic_bike,2021-08-21 13:15:47,2021-08-21 13:36:30,E 48 St & 3 Ave,6541,E 10 St & Avenue A,5659,40.7546011026,-73.971878855,40.72740794,-73.98142006,member
1452937,C9D0E7EF17508659,classic_bike,2021-08-19 17:38:04,2021-08-19 18:04:07,E 48 St & 3 Ave,6541,E 6 St & Avenue D,5506,40.7546011026,-73.971878855,40.72228087,-73.97668709,member
1453286,C0C0F5785CAAF86B,classic_bike,2021-08-29 14:40:29,2021-08-29 14:56:21,E 48 St & 3 Ave,6541,W 42 St & 8 Ave,6602,40.7546011026,-73.971878855,40.7575699,-73.99098507,member
1453444,6D810707559B0319,classic_bike,2021-08-25 16:04:31,2021-08-25 16:30:24,E 48 St & 3 Ave,6541,E 14 St & Avenue B,5736,40.7546011026,-73.971878855,40.72938685,-73.97772429,member
1453448,EAC83B49F28E83BB,electric_bike,2021-08-19 14:06:41,2021-08-19 14:14:27,E 48 St & 3 Ave,6541,W 42 St & 8 Ave,6602,40.7546011026,-73.971878855,40.7575699,-73.99098507,member
1453599,2463BE2AEA5C74B6,classic_bike,2021-08-18 02:53:45,2021-08-18 03:02:19,E 48 St & 3 Ave,6541,W 42 St & 8 Ave,6602,40.7546011026,-73.971878855,40.7575699,-73.99098507,casual
1453803,4151EB3535655CAB,classic_bike,2021-08-24 17:16:05,2021-08-24 17:38:15,E 48 St & 3 Ave,6541,E 2 St & Avenue A,5553,40.7546011026,-73.971878855,40.72307749068673,-73.98583620786667,member
1453809,4E8263984AC176AE,classic_bike,2021-08-26 16:51:52,2021-08-26 17:00:20,E 48 St & 3 Ave,6541,W 42 St & 8 Ave,6602,40.7546011026,-73.971878855,40.7575699,-73.99098507,casual
1454038,C122D37918AC1B2B,electric_bike,2021-08-28 14:44:26,2021-08-28 14:53:29,E 48 St & 3 Ave,6541,W 42 St & 8 Ave,6602,40.7546011026,-73.971878855,40.7575699,-73.99098507,casual
1454040,F464F18F311E77AD,classic_bike,2021-08-31 18:19:53,2021-08-31 18:39:46,E 48 St & 3 Ave,6541,E 6 St & Avenue D,5506,40.7546011026,-73.971878855,40.72228087,-73.97668709,casual
1454046,5327A29A5F828EF3,electric_bike,2021-08-18 14:08:40,2021-08-18 14:16:23,E 48 St & 3 Ave,6541,W 42 St & 8 Ave,6602,40.7546011026,-73.971878855,40.7575699,-73.99098507,member
1454055,7480D71BD509C2F5,classic_bike,2021-08-15 11:06:44,2021-08-15 11:23:49,E 48 St & 3 Ave,6541,E 10 St & Avenue A,5659,40.7546011026,-73.971878855,40.72740794,-73.98142006,casual
1454532,2C235CFEA3F71F8E,electric_bike,2021-08-26 14:25:31,2021-08-26 14:33:54,E 48 St & 3 Ave,6541,W 42 St & 8 Ave,6602,40.7546011026,-73.971878855,40.7575699,-73.99098507,member
1454547,5BE23D0A93ACA5B2,classic_bike,2021-08-03 14:05:23,2021-08-03 14:14:55,E 48 St & 3 Ave,6541,W 42 St & 8 Ave,6602,40.7546011026,-73.971878855,40.7575699,-73.99098507,member
1454561,75F83EB4B1181D5F,classic_bike,2021-08-25 01:42:36,2021-08-25 01:51:56,E 48 St & 3 Ave,6541,W 42 St & 8 Ave,6602,40.7546011026,-73.971878855,40.7575699,-73.99098507,casual
1454645,9F2981C2A1304167,classic_bike,2021-08-12 18:24:45,2021-08-12 18:48:04,E 48 St & 3 Ave,6541,E 6 St & Avenue D,5506,40.7546011026,-73.971878855,40.72228087,-73.97668709,member
1454653,7B6A140C9ACFEC2B,classic_bike,2021-08-19 17:44:37,2021-08-19 18:04:51,E 48 St & 3 Ave,6541,E 10 St & Avenue A,5659,40.7546011026,-73.971878855,40.72740794,-73.98142006,casual
1454657,E1AB2DE8CC7818FB,classic_bike,2021-08-31 21:33:11,2021-08-31 21:50:09,E 48 St & 3 Ave,6541,W 42 St & 8 Ave,6602,40.7546011026,-73.971878855,40.7575699,-73.99098507,casual
1454659,24C0F1E1332CA7A2,electric_bike,2021-08-06 13:53:32,2021-08-06 14:01:20,E 48 St & 3 Ave,6541,W 42 St & 8 Ave,6602,40.7546011026,-73.971878855,40.7575699,-73.99098507,member
1454667,DC98D463A6F56CF9,electric_bike,2021-08-17 11:44:53,2021-08-17 11:58:39,E 48 St & 3 Ave,6541,E 2 St & Avenue A,5553,40.7546011026,-73.971878855,40.72307749068673,-73.98583620786667,member
1454670,F8C31CFECA3327E6,classic_bike,2021-08-16 15:15:21,2021-08-16 15:25:52,E 48 St & 3 Ave,6541,W 42 St & 8 Ave,6602,40.7546011026,-73.971878855,40.7575699,-73.99098507,member
1454813,C9BBC214370628A2,classic_bike,2021-08-30 17:06:11,2021-08-30 17:16:57,E 48 St & 3 Ave,6541,W 42 St & 8 Ave,6602,40.7546011026,-73.971878855,40.7575699,-73.99098507,casual
1454815,0CE489A5193C38CC,electric_bike,2021-08-26 14:09:25,2021-08-26 14:17:02,E 48 St & 3 Ave,6541,W 42 St & 8 Ave,6602,40.7546011026,-73.971878855,40.7575699,-73.99098507,member
1454816,1E1F2D0C25FBFB1B,classic_bike,2021-08-27 18:08:12,2021-08-27 18:25:11,E 48 St & 3 Ave,6541,E 6 St & Avenue B,5584,40.7546011026,-73.971878855,40.72453734,-73.98185424,member
1454826,512EB37331257260,classic_bike,2021-08-24 14:24:05,2021-08-24 14:33:10,E 48 St & 3 Ave,6541,W 42 St & 8 Ave,6602,40.7546011026,-73.971878855,40.7575699,-73.99098507,member
1455185,E82CD8FA082DFCD2,classic_bike,2021-08-06 12:01:15,2021-08-06 12:12:44,E 48 St & 3 Ave,6541,W 42 St & 8 Ave,6602,40.7546011026,-73.971878855,40.7575699,-73.99098507,member
1455188,F57EC4B6FC0054FE,classic_bike,2021-08-30 16:56:57,2021-08-30 17:09:02,E 48 St & 3 Ave,6541,W 42 St & 8 Ave,6602,40.7546011026,-73.971878855,40.7575699,-73.99098507,member
1455227,1D5AA4BF94725B69,classic_bike,2021-08-18 16:54:41,2021-08-18 17:04:26,E 48 St & 3 Ave,6541,W 42 St & 8 Ave,6602,40.7546011026,-73.971878855,40.7575699,-73.99098507,member
1455230,18F690032ACC5515,classic_bike,2021-08-27 15:09:35,2021-08-27 15:19:37,E 48 St & 3 Ave,6541,W 42 St & 8 Ave,6602,40.7546011026,-73.971878855,40.7575699,-73.99098507,member
1455235,08019BA2D19E0895,classic_bike,2021-08-23 17:44:15,2021-08-23 18:02:19,E 48 St & 3 Ave,6541,E 10 St & Avenue A,5659,40.7546011026,-73.971878855,40.72740794,-73.98142006,member
1455297,C9CF8A0E44055175,classic_bike,2021-08-23 11:08:37,2021-08-23 11:21:22,E 48 St & 3 Ave,6541,W 42 St & 8 Ave,6602,40.7546011026,-73.971878855,40.7575699,-73.99098507,member
1455298,C9D749A90307C39B,classic_bike,2021-08-25 18:02:33,2021-08-25 18:20:42,E 48 St & 3 Ave,6541,E 10 St & Avenue A,5659,40.7546011026,-73.971878855,40.72740794,-73.98142006,member
1455299,B87277868ECD7ACC,classic_bike,2021-08-24 17:46:04,2021-08-24 18:05:40,E 48 St & 3 Ave,6541,E 10 St & Avenue A,5659,40.7546011026,-73.971878855,40.72740794,-73.98142006,member
1456115,1B9403CAC804DF2A,electric_bike,2021-08-31 14:09:32,2021-08-31 14:16:04,E 48 St & 3 Ave,6541,W 42 St & 8 Ave,6602,40.7546011026,-73.971878855,40.7575699,-73.99098507,member
1456119,A54B270A86BA24CF,classic_bike,2021-08-18 15:35:09,2021-08-18 15:55:16,E 48 St & 3 Ave,6541,E 10 St & Avenue A,5659,40.7546011026,-73.971878855,40.72740794,-73.98142006,casual
1456120,0572474C6B06DD87,classic_bike,2021-08-17 17:18:24,2021-08-17 17:29:26,E 48 St & 3 Ave,6541,W 42 St & 8 Ave,6602,40.7546011026,-73.971878855,40.7575699,-73.99098507,casual
1456122,7FCEB8F358FACC8B,classic_bike,2021-08-16 23:47:52,2021-08-16 23:58:29,E 48 St & 3 Ave,6541,W 42 St & 8 Ave,6602,40.7546011026,-73.971878855,40.7575699,-73.99098507,casual
1456129,1EA137090AAB329A,electric_bike,2021-08-02 02:45:39,2021-08-02 03:07:15,E 48 St & 3 Ave,6541,W 42 St & 8 Ave,6602,40.7546011026,-73.971878855,40.7575699,-73.99098507,casual
1456134,21EB2CA784369C7A,electric_bike,2021-08-08 09:13:57,2021-08-08 09:26:12,E 48 St & 3 Ave,6541,E 6 St & Avenue D,5506,40.7546011026,-73.971878855,40.72228087,-73.97668709,member
1456156,43793EDCAAF2034B,classic_bike,2021-08-17 18:38:56,2021-08-17 19:01:39,E 48 St & 3 Ave,6541,27 St & Hunter St,6310,40.7546011026,-73.971878855,40.7485,-73.941275,member
1456157,0BECEEF52334052A,classic_bike,2021-08-03 17:51:32,2021-08-03 18:11:46,E 48 St & 3 Ave,6541,E 2 St & Avenue A,5553,40.7546011026,-73.971878855,40.72307749068673,-73.98583620786667,member
1456376,D030155B789579E6,classic_bike,2021-08-24 17:58:53,2021-08-24 18:10:56,E 48 St & 3 Ave,6541,W 42 St & 8 Ave,6602,40.7546011026,-73.971878855,40.7575699,-73.99098507,member
1456611,2856925629E6C102,classic_bike,2021-08-18 17:48:10,2021-08-18 18:09:07,E 48 St & 3 Ave,6541,E 6 St & Avenue B,5584,40.7546011026,-73.971878855,40.72453734,-73.98185424,member
1456617,444F49D6D5E0F019,classic_bike,2021-08-13 14:10:21,2021-08-13 14:23:51,E 48 St & 3 Ave,6541,W 42 St & 8 Ave,6602,40.7546011026,-73.971878855,40.7575699,-73.99098507,member
1462904,71FB9AEE2197C102,classic_bike,2021-08-16 07:12:02,2021-08-16 07:27:08,E 48 St & 3 Ave,6541,W 27 St & 7 Ave,6247,40.7546011026,-73.971878855,40.746647,-73.993915,casual
1462911,231421D75599A94C,electric_bike,2021-08-29 00:01:32,2021-08-29 00:17:53,E 48 St & 3 Ave,6541,W 16 St & The High Line,6233,40.7546011026,-73.971878855,40.74334935,-74.00681753,casual
1462912,78E02D49AFFE4A4D,electric_bike,2021-08-04 23:07:49,2021-08-04 23:55:28,E 48 St & 3 Ave,6541,W 27 St & 7 Ave,6247,40.7546011026,-73.971878855,40.746647,-73.993915,casual
1467650,93CB1733D9505A0B,classic_bike,2021-08-16 08:38:33,2021-08-16 08:52:05,E 48 St & 3 Ave,6541,Broadway & W 25 St,6173,40.7546011026,-73.971878855,40.74286877312112,-73.98918628692627,member
1467659,7DE33171CF0C9660,classic_bike,2021-08-28 16:48:13,2021-08-28 17:04:28,E 48 St & 3 Ave,6541,Broadway & W 25 St,6173,40.7546011026,-73.971878855,40.74286877312112,-73.98918628692627,casual
1483209,EAB012806E98775E,electric_bike,2021-08-30 19:15:50,2021-08-30 19:38:41,E 48 St & 3 Ave,6541,Broadway & W 25 St,6173,40.7546011026,-73.971878855,40.74286877312112,-73.98918628692627,member
1484310,FD6D974507889E70,electric_bike,2021-08-31 09:03:54,2021-08-31 09:16:20,E 48 St & 3 Ave,6541,W 27 St & 7 Ave,6247,40.7546011026,-73.971878855,40.746647,-73.993915,member
1484311,BA26BC5221AF33BD,classic_bike,2021-08-24 17:03:39,2021-08-24 17:24:55,E 48 St & 3 Ave,6541,W 27 St & 7 Ave,6247,40.7546011026,-73.971878855,40.746647,-73.993915,member
1484324,83B2C91E29272C58,electric_bike,2021-08-19 12:42:00,2021-08-19 12:53:55,E 48 St & 3 Ave,6541,Broadway & W 38 St,6560,40.7546011026,-73.971878855,40.7529728216068,-73.98734897375107,casual
1485062,6DD77343A5B8F863,electric_bike,2021-08-11 12:46:32,2021-08-11 13:00:23,E 48 St & 3 Ave,6541,W 27 St & 7 Ave,6247,40.7546011026,-73.971878855,40.746647,-73.993915,member
1485071,26FE6B2CDC78114F,classic_bike,2021-08-19 20:13:12,2021-08-19 20:30:37,E 48 St & 3 Ave,6541,Broadway & W 25 St,6173,40.7546011026,-73.971878855,40.74286877312112,-73.98918628692627,casual
1488283,F8B81114B12DD11A,classic_bike,2021-08-05 17:12:55,2021-08-05 17:32:27,E 48 St & 3 Ave,6541,W 27 St & 7 Ave,6247,40.7546011026,-73.971878855,40.746647,-73.993915,member
1488548,61508DB7D0C87CDD,classic_bike,2021-08-29 12:37:29,2021-08-29 12:52:33,E 48 St & 3 Ave,6541,W 27 St & 7 Ave,6247,40.7546011026,-73.971878855,40.746647,-73.993915,casual
1488902,CD63FD484C658399,electric_bike,2021-08-27 17:44:23,2021-08-27 17:57:53,E 48 St & 3 Ave,6541,W 27 St & 7 Ave,6247,40.7546011026,-73.971878855,40.746647,-73.993915,member
1488933,989101E2B5C07059,classic_bike,2021-08-28 16:47:01,2021-08-28 17:04:30,E 48 St & 3 Ave,6541,Broadway & W 25 St,6173,40.7546011026,-73.971878855,40.74286877312112,-73.98918628692627,member
1488943,2C8534EACCB87F87,classic_bike,2021-08-26 17:26:01,2021-08-26 17:43:01,E 48 St & 3 Ave,6541,W 27 St & 7 Ave,6247,40.7546011026,-73.971878855,40.746647,-73.993915,member
1488956,B47C49C358D390B4,electric_bike,2021-08-25 07:43:01,2021-08-25 07:59:56,E 48 St & 3 Ave,6541,Broadway & W 38 St,6560,40.7546011026,-73.971878855,40.7529728216068,-73.98734897375107,casual
1489044,93A45746AD44E21A,classic_bike,2021-08-06 14:37:51,2021-08-06 14:46:10,E 48 St & 3 Ave,6541,Broadway & W 38 St,6560,40.7546011026,-73.971878855,40.7529728216068,-73.98734897375107,member
1489901,5D69E22C43B5B555,classic_bike,2021-08-01 16:36:43,2021-08-01 16:48:59,E 48 St & 3 Ave,6541,Broadway & W 38 St,6560,40.7546011026,-73.971878855,40.7529728216068,-73.98734897375107,member
1490161,67E069097A06C2BD,classic_bike,2021-08-26 07:19:36,2021-08-26 07:34:30,E 48 St & 3 Ave,6541,W 27 St & 7 Ave,6247,40.7546011026,-73.971878855,40.746647,-73.993915,casual
1490972,6F635643309CAF90,classic_bike,2021-08-01 10:09:13,2021-08-01 10:32:59,E 48 St & 3 Ave,6541,W 16 St & The High Line,6233,40.7546011026,-73.971878855,40.74334935,-74.00681753,casual
1490979,8C73C615AE566D9D,classic_bike,2021-08-27 07:17:45,2021-08-27 07:33:16,E 48 St & 3 Ave,6541,W 27 St & 7 Ave,6247,40.7546011026,-73.971878855,40.746647,-73.993915,casual
1491011,B768C42C93024841,electric_bike,2021-08-31 11:54:21,2021-08-31 12:05:52,E 48 St & 3 Ave,6541,Broadway & W 25 St,6173,40.7546011026,-73.971878855,40.74286877312112,-73.98918628692627,casual
1491012,D153C3A65427ABC4,classic_bike,2021-08-31 07:19:35,2021-08-31 07:33:43,E 48 St & 3 Ave,6541,W 27 St & 7 Ave,6247,40.7546011026,-73.971878855,40.746647,-73.993915,casual
1491016,9446A51DA53EC0EB,electric_bike,2021-08-11 09:18:46,2021-08-11 09:30:24,E 48 St & 3 Ave,6541,Broadway & W 38 St,6560,40.7546011026,-73.971878855,40.7529728216068,-73.98734897375107,casual
1491356,7F807EA87420DFFF,classic_bike,2021-08-16 10:24:32,2021-08-16 10:38:56,E 48 St & 3 Ave,6541,Broadway & W 25 St,6173,40.7546011026,-73.971878855,40.74286877312112,-73.98918628692627,member
1491357,0F901AC923821A40,classic_bike,2021-08-03 09:53:56,2021-08-03 10:04:40,E 48 St & 3 Ave,6541,Broadway & W 25 St,6173,40.7546011026,-73.971878855,40.74286877312112,-73.98918628692627,member
1491504,7F8C5E1673654824,classic_bike,2021-08-17 17:14:50,2021-08-17 17:24:32,E 48 St & 3 Ave,6541,Broadway & W 25 St,6173,40.7546011026,-73.971878855,40.74286877312112,-73.98918628692627,member
1491568,33C87EAFD557E2C7,classic_bike,2021-08-04 15:48:32,2021-08-04 16:23:31,E 48 St & 3 Ave,6541,W 27 St & 7 Ave,6247,40.7546011026,-73.971878855,40.746647,-73.993915,member
1491569,0388491D6DD2A7DC,classic_bike,2021-08-30 18:33:59,2021-08-30 18:46:49,E 48 St & 3 Ave,6541,W 27 St & 7 Ave,6247,40.7546011026,-73.971878855,40.746647,-73.993915,member
1491966,A4C195E6E11CD53F,classic_bike,2021-08-01 16:36:58,2021-08-01 16:48:30,E 48 St & 3 Ave,6541,Broadway & W 38 St,6560,40.7546011026,-73.971878855,40.7529728216068,-73.98734897375107,member
1491972,3717B82092DE31B2,classic_bike,2021-08-02 11:55:56,2021-08-02 12:13:49,E 48 St & 3 Ave,6541,Broadway & W 38 St,6560,40.7546011026,-73.971878855,40.7529728216068,-73.98734897375107,casual
1492014,AFAFC305FF4DB36F,classic_bike,2021-08-07 09:34:41,2021-08-07 09:45:54,E 48 St & 3 Ave,6541,W 27 St & 7 Ave,6247,40.7546011026,-73.971878855,40.746647,-73.993915,member
1492015,D90884510DE275B2,electric_bike,2021-08-25 12:29:44,2021-08-25 12:41:48,E 48 St & 3 Ave,6541,W 27 St & 7 Ave,6247,40.7546011026,-73.971878855,40.746647,-73.993915,member
1492063,209FEFD8B84E0543,electric_bike,2021-08-11 12:08:23,2021-08-11 12:15:30,E 48 St & 3 Ave,6541,Broadway & W 38 St,6560,40.7546011026,-73.971878855,40.7529728216068,-73.98734897375107,member
1492180,49BFCAE87701C741,electric_bike,2021-08-18 11:39:47,2021-08-18 11:51:13,E 48 St & 3 Ave,6541,W 27 St & 7 Ave,6247,40.7546011026,-73.971878855,40.746647,-73.993915,member
1492184,464AEE8EAF21C86E,classic_bike,2021-08-23 20:10:25,2021-08-23 20:27:21,E 48 St & 3 Ave,6541,W 27 St & 7 Ave,6247,40.7546011026,-73.971878855,40.746647,-73.993915,member
1492187,D10797F478525BA8,electric_bike,2021-08-06 07:23:27,2021-08-06 07:40:24,E 48 St & 3 Ave,6541,W 27 St & 7 Ave,6247,40.7546011026,-73.971878855,40.746647,-73.993915,member
1492255,7FE7F604162AD42B,classic_bike,2021-08-16 08:45:12,2021-08-16 08:56:16,E 48 St & 3 Ave,6541,Broadway & W 38 St,6560,40.7546011026,-73.971878855,40.7529728216068,-73.98734897375107,casual
1492373,F09CF228115D9FF1,classic_bike,2021-08-20 20:11:52,2021-08-20 20:28:52,E 48 St & 3 Ave,6541,Broadway & W 38 St,6560,40.7546011026,-73.971878855,40.7529728216068,-73.98734897375107,member
1493235,B1261C0F499FB383,classic_bike,2021-08-08 12:02:49,2021-08-08 12:11:05,E 48 St & 3 Ave,6541,2 Ave & E 31 St,6197,40.7546011026,-73.971878855,40.74290902,-73.97706058,member
1493239,D8D1ECE00A396F1A,classic_bike,2021-08-04 16:09:19,2021-08-04 16:17:15,E 48 St & 3 Ave,6541,2 Ave & E 31 St,6197,40.7546011026,-73.971878855,40.74290902,-73.97706058,member
1493255,53CFD03E8F775D37,electric_bike,2021-08-10 17:41:22,2021-08-10 17:45:45,E 48 St & 3 Ave,6541,2 Ave & E 31 St,6197,40.7546011026,-73.971878855,40.74290902,-73.97706058,casual
1493261,84937E5B2A451FBD,classic_bike,2021-08-12 18:14:39,2021-08-12 18:24:44,E 48 St & 3 Ave,6541,2 Ave & E 31 St,6197,40.7546011026,-73.971878855,40.74290902,-73.97706058,casual
1493263,BFC086B036E8F3D6,classic_bike,2021-08-24 18:13:16,2021-08-24 19:08:18,E 48 St & 3 Ave,6541,Cliff St & Fulton St,5065,40.7546011026,-73.971878855,40.70838,-74.00495,casual
1493268,AC9CDED262660C73,classic_bike,2021-08-08 16:55:22,2021-08-08 17:04:05,E 48 St & 3 Ave,6541,Lexington Ave & E 26 St,6089,40.7546011026,-73.971878855,40.741459,-73.983293,casual
1504710,B3B2A26F30641225,classic_bike,2021-08-26 09:19:27,2021-08-26 09:27:01,E 48 St & 3 Ave,6541,2 Ave & E 31 St,6197,40.7546011026,-73.971878855,40.74290902,-73.97706058,member
1504716,F553E4ABDF2BE6A6,electric_bike,2021-08-05 12:07:38,2021-08-05 12:22:22,E 48 St & 3 Ave,6541,E 27 St & 1 Ave,6004,40.7546011026,-73.971878855,40.739445,-73.976806,member
1504725,2C29B921038DF982,classic_bike,2021-08-13 13:18:30,2021-08-13 13:19:42,E 48 St & 3 Ave,6541,E 47 St & Park Ave,6584,40.7546011026,-73.971878855,40.75510267,-73.97498696,member
1504735,7301F034E8851081,classic_bike,2021-08-24 14:15:28,2021-08-24 14:17:29,E 48 St & 3 Ave,6541,E 47 St & Park Ave,6584,40.7546011026,-73.971878855,40.75510267,-73.97498696,member
1504736,40C81AF66BA462CB,electric_bike,2021-08-12 14:00:00,2021-08-12 14:10:23,E 48 St & 3 Ave,6541,Lexington Ave & E 26 St,6089,40.7546011026,-73.971878855,40.741459,-73.983293,casual
1507236,5658E5ACD1A22DE3,classic_bike,2021-08-11 17:31:21,2021-08-11 17:36:55,E 48 St & 3 Ave,6541,2 Ave & E 31 St,6197,40.7546011026,-73.971878855,40.74290902,-73.97706058,casual
1507240,BBB7096035E1EEEF,classic_bike,2021-08-04 14:07:31,2021-08-04 14:09:13,E 48 St & 3 Ave,6541,E 47 St & Park Ave,6584,40.7546011026,-73.971878855,40.75510267,-73.97498696,member
1507242,FF94C86CC16AACA1,classic_bike,2021-08-23 22:58:13,2021-08-23 23:06:09,E 48 St & 3 Ave,6541,2 Ave & E 31 St,6197,40.7546011026,-73.971878855,40.74290902,-73.97706058,casual
1507340,507B782F062B2753,classic_bike,2021-08-06 13:37:19,2021-08-06 13:38:42,E 48 St & 3 Ave,6541,E 47 St & Park Ave,6584,40.7546011026,-73.971878855,40.75510267,-73.97498696,member
1507344,DCAC11AA3D189CAC,classic_bike,2021-08-21 08:47:06,2021-08-21 08:58:33,E 48 St & 3 Ave,6541,2 Ave & E 31 St,6197,40.7546011026,-73.971878855,40.74290902,-73.97706058,member
1507355,4111090AE107CED8,electric_bike,2021-08-25 19:31:11,2021-08-25 19:36:12,E 48 St & 3 Ave,6541,2 Ave & E 31 St,6197,40.7546011026,-73.971878855,40.74290902,-73.97706058,casual
1507358,9BF3AF122AA4C1F0,classic_bike,2021-08-02 16:00:11,2021-08-02 16:08:01,E 48 St & 3 Ave,6541,2 Ave & E 31 St,6197,40.7546011026,-73.971878855,40.74290902,-73.97706058,casual
1507361,6DD459D1B848A16E,classic_bike,2021-08-27 10:21:20,2021-08-27 10:33:49,E 48 St & 3 Ave,6541,2 Ave & E 31 St,6197,40.7546011026,-73.971878855,40.74290902,-73.97706058,casual
1507372,7A76CF93933AFCB2,classic_bike,2021-08-05 16:55:54,2021-08-05 17:08:55,E 48 St & 3 Ave,6541,2 Ave & E 31 St,6197,40.7546011026,-73.971878855,40.74290902,-73.97706058,casual
1509005,903A0CF5095306F6,classic_bike,2021-08-16 15:46:49,2021-08-16 15:55:26,E 48 St & 3 Ave,6541,2 Ave & E 31 St,6197,40.7546011026,-73.971878855,40.74290902,-73.97706058,member
1509006,0249BFD4A6437348,classic_bike,2021-08-17 15:56:45,2021-08-17 16:04:41,E 48 St & 3 Ave,6541,2 Ave & E 31 St,6197,40.7546011026,-73.971878855,40.74290902,-73.97706058,member
1509007,AB916A017555541F,classic_bike,2021-08-28 14:05:51,2021-08-28 14:07:25,E 48 St & 3 Ave,6541,E 47 St & Park Ave,6584,40.7546011026,-73.971878855,40.75510267,-73.97498696,member
1509012,C34BF9DA1ED75E71,classic_bike,2021-08-19 17:28:38,2021-08-19 17:36:38,E 48 St & 3 Ave,6541,2 Ave & E 31 St,6197,40.7546011026,-73.971878855,40.74290902,-73.97706058,member
1509021,2DAA7A7EF1E90A54,classic_bike,2021-08-26 15:47:32,2021-08-26 15:57:38,E 48 St & 3 Ave,6541,2 Ave & E 31 St,6197,40.7546011026,-73.971878855,40.74290902,-73.97706058,casual
1509023,F9964A0FBF69504B,electric_bike,2021-08-08 08:27:58,2021-08-08 08:44:25,E 48 St & 3 Ave,6541,2 Ave & E 31 St,6197,40.7546011026,-73.971878855,40.74290902,-73.97706058,casual
1509024,078E39D4DDA18741,classic_bike,2021-08-08 10:45:08,2021-08-08 10:54:08,E 48 St & 3 Ave,6541,2 Ave & E 31 St,6197,40.7546011026,-73.971878855,40.74290902,-73.97706058,casual
1509027,6B5A99E2B7FE9DAD,electric_bike,2021-08-02 11:46:12,2021-08-02 12:00:30,E 48 St & 3 Ave,6541,Lexington Ave & E 26 St,6089,40.7546011026,-73.971878855,40.741459,-73.983293,casual
1522242,C3A11DB8AF552FA6,classic_bike,2021-08-31 18:37:14,2021-08-31 18:44:39,E 48 St & 3 Ave,6541,2 Ave & E 31 St,6197,40.7546011026,-73.971878855,40.74290902,-73.97706058,member
1522244,236097FDA4F15C20,classic_bike,2021-08-31 17:56:49,2021-08-31 18:08:02,E 48 St & 3 Ave,6541,2 Ave & E 31 St,6197,40.7546011026,-73.971878855,40.74290902,-73.97706058,member
1522247,E2DC90366A30C829,classic_bike,2021-08-13 16:47:30,2021-08-13 16:57:38,E 48 St & 3 Ave,6541,2 Ave & E 31 St,6197,40.7546011026,-73.971878855,40.74290902,-73.97706058,member
1522252,1DE95782D575798C,classic_bike,2021-08-10 16:42:50,2021-08-10 16:53:29,E 48 St & 3 Ave,6541,2 Ave & E 31 St,6197,40.7546011026,-73.971878855,40.74290902,-73.97706058,member
1522262,87DD14ACD4F8E830,classic_bike,2021-08-16 14:16:37,2021-08-16 14:17:58,E 48 St & 3 Ave,6541,E 47 St & Park Ave,6584,40.7546011026,-73.971878855,40.75510267,-73.97498696,member
1522264,8DF6F7F1DAA41E8D,classic_bike,2021-08-17 14:07:10,2021-08-17 14:08:41,E 48 St & 3 Ave,6541,E 47 St & Park Ave,6584,40.7546011026,-73.971878855,40.75510267,-73.97498696,member
1522735,A7978B68ED7F5892,classic_bike,2021-08-06 14:06:18,2021-08-06 14:08:51,E 48 St & 3 Ave,6541,E 47 St & Park Ave,6584,40.7546011026,-73.971878855,40.75510267,-73.97498696,member
1522736,6F44EDE9305CFFAE,classic_bike,2021-08-04 14:16:24,2021-08-04 14:18:33,E 48 St & 3 Ave,6541,E 47 St & Park Ave,6584,40.7546011026,-73.971878855,40.75510267,-73.97498696,member
1522742,6184286E2FE4535F,classic_bike,2021-08-30 17:36:27,2021-08-30 17:42:28,E 48 St & 3 Ave,6541,2 Ave & E 31 St,6197,40.7546011026,-73.971878855,40.74290902,-73.97706058,casual
1522857,0DB62DCCC7CBA7EF,classic_bike,2021-08-19 17:40:23,2021-08-19 17:51:32,E 48 St & 3 Ave,6541,2 Ave & E 31 St,6197,40.7546011026,-73.971878855,40.74290902,-73.97706058,member
1524260,20794DD505E77797,classic_bike,2021-08-25 13:44:13,2021-08-25 13:47:45,E 48 St & 3 Ave,6541,E 47 St & Park Ave,6584,40.7546011026,-73.971878855,40.75510267,-73.97498696,member
1524281,3D2730EBEAA54E45,classic_bike,2021-08-08 11:17:47,2021-08-09 08:55:45,E 48 St & 3 Ave,6541,E 27 St & 1 Ave,6004,40.7546011026,-73.971878855,40.739445,-73.976806,member
1524287,B1A29FEEA3EE9EA2,classic_bike,2021-08-26 13:47:51,2021-08-26 13:54:27,E 48 St & 3 Ave,6541,Lexington Ave & E 26 St,6089,40.7546011026,-73.971878855,40.741459,-73.983293,member
1524297,2A156CFB8E8997BA,classic_bike,2021-08-25 17:46:27,2021-08-25 17:57:15,E 48 St & 3 Ave,6541,2 Ave & E 31 St,6197,40.7546011026,-73.971878855,40.74290902,-73.97706058,member
1524321,91D8191395C67C4E,electric_bike,2021-08-18 11:03:11,2021-08-18 11:04:42,E 48 St & 3 Ave,6541,E 47 St & Park Ave,6584,40.7546011026,-73.971878855,40.75510267,-73.97498696,member
1524323,C971041E98AADA6F,classic_bike,2021-08-09 17:14:44,2021-08-09 17:22:36,E 48 St & 3 Ave,6541,Lexington Ave & E 26 St,6089,40.7546011026,-73.971878855,40.741459,-73.983293,member
1524330,0E2F9BA55068C1A0,classic_bike,2021-08-03 16:10:29,2021-08-03 16:19:06,E 48 St & 3 Ave,6541,Lexington Ave & E 26 St,6089,40.7546011026,-73.971878855,40.741459,-73.983293,member
1524343,C5E63E61C7290E15,classic_bike,2021-08-31 18:59:15,2021-08-31 19:08:59,E 48 St & 3 Ave,6541,2 Ave & E 31 St,6197,40.7546011026,-73.971878855,40.74290902,-73.97706058,member
1524348,5B7E2A88028C67C1,classic_bike,2021-08-27 16:25:23,2021-08-27 16:32:29,E 48 St & 3 Ave,6541,E 47 St & Park Ave,6584,40.7546011026,-73.971878855,40.75510267,-73.97498696,casual
1524349,C860311671596E59,classic_bike,2021-08-08 15:50:58,2021-08-08 15:59:36,E 48 St & 3 Ave,6541,2 Ave & E 31 St,6197,40.7546011026,-73.971878855,40.74290902,-73.97706058,casual
1524909,0B7C17D54257F346,classic_bike,2021-08-04 20:36:44,2021-08-04 21:07:34,E 48 St & 3 Ave,6541,Cliff St & Fulton St,5065,40.7546011026,-73.971878855,40.70838,-74.00495,member
1524911,93CC10575D269D25,classic_bike,2021-08-19 18:03:49,2021-08-19 18:11:31,E 48 St & 3 Ave,6541,2 Ave & E 31 St,6197,40.7546011026,-73.971878855,40.74290902,-73.97706058,member
1524916,B07A4BB4AC215CAC,electric_bike,2021-08-06 11:59:21,2021-08-06 12:10:44,E 48 St & 3 Ave,6541,2 Ave & E 31 St,6197,40.7546011026,-73.971878855,40.74290902,-73.97706058,casual
1524927,95B5AFF0C4347743,classic_bike,2021-08-12 16:39:47,2021-08-12 16:51:02,E 48 St & 3 Ave,6541,Lexington Ave & E 26 St,6089,40.7546011026,-73.971878855,40.741459,-73.983293,member
1524934,61901A0AFDB567A9,classic_bike,2021-08-10 11:48:12,2021-08-10 11:57:36,E 48 St & 3 Ave,6541,2 Ave & E 31 St,6197,40.7546011026,-73.971878855,40.74290902,-73.97706058,member
1524935,9D2590F51B4F06B3,classic_bike,2021-08-12 10:16:09,2021-08-12 10:27:02,E 48 St & 3 Ave,6541,2 Ave & E 31 St,6197,40.7546011026,-73.971878855,40.74290902,-73.97706058,casual
1524937,D8B64A8945906B29,classic_bike,2021-08-14 11:08:55,2021-08-14 11:22:33,E 48 St & 3 Ave,6541,E 47 St & Park Ave,6584,40.7546011026,-73.971878855,40.75510267,-73.97498696,casual
1524940,73368CB914B7C3FF,classic_bike,2021-08-15 13:18:01,2021-08-15 13:27:23,E 48 St & 3 Ave,6541,2 Ave & E 31 St,6197,40.7546011026,-73.971878855,40.74290902,-73.97706058,member
1524961,548A2CD299155536,classic_bike,2021-08-06 17:08:23,2021-08-06 17:17:02,E 48 St & 3 Ave,6541,2 Ave & E 31 St,6197,40.7546011026,-73.971878855,40.74290902,-73.97706058,member
1524963,1F647C3C5ADB2597,classic_bike,2021-08-10 16:20:17,2021-08-10 16:28:12,E 48 St & 3 Ave,6541,2 Ave & E 31 St,6197,40.7546011026,-73.971878855,40.74290902,-73.97706058,casual
1524978,089BD9799DEFC9DE,electric_bike,2021-08-24 12:23:21,2021-08-24 14:23:03,E 48 St & 3 Ave,6541,E 27 St & 1 Ave,6004,40.7546011026,-73.971878855,40.739445,-73.976806,member
1524979,0EAC835E4744EFE3,classic_bike,2021-08-04 07:07:13,2021-08-04 07:15:32,E 48 St & 3 Ave,6541,2 Ave & E 31 St,6197,40.7546011026,-73.971878855,40.74290902,-73.97706058,member
1525677,EE6B6E065D60C128,electric_bike,2021-08-07 23:19:48,2021-08-07 23:29:59,E 48 St & 3 Ave,6541,2 Ave & E 31 St,6197,40.7546011026,-73.971878855,40.74290902,-73.97706058,member
1525732,34C4125195D365A3,classic_bike,2021-08-13 14:08:40,2021-08-13 14:18:24,E 48 St & 3 Ave,6541,2 Ave & E 31 St,6197,40.7546011026,-73.971878855,40.74290902,-73.97706058,casual
1525733,F69169DE380375EC,classic_bike,2021-08-18 16:44:22,2021-08-18 16:55:48,E 48 St & 3 Ave,6541,Lexington Ave & E 26 St,6089,40.7546011026,-73.971878855,40.741459,-73.983293,casual
1525734,D887D88D13A57B45,classic_bike,2021-08-20 13:46:15,2021-08-20 13:47:44,E 48 St & 3 Ave,6541,E 47 St & Park Ave,6584,40.7546011026,-73.971878855,40.75510267,-73.97498696,member
1525759,FF8998DCD1E30EE2,classic_bike,2021-08-01 18:04:41,2021-08-01 18:13:41,E 48 St & 3 Ave,6541,Lexington Ave & E 26 St,6089,40.7546011026,-73.971878855,40.741459,-73.983293,member
1525764,4D24EB28E6B9AB47,classic_bike,2021-08-09 15:46:27,2021-08-09 15:57:47,E 48 St & 3 Ave,6541,2 Ave & E 31 St,6197,40.7546011026,-73.971878855,40.74290902,-73.97706058,member
1525769,B026666464AA47E0,classic_bike,2021-08-07 17:25:22,2021-08-07 17:38:53,E 48 St & 3 Ave,6541,Lexington Ave & E 26 St,6089,40.7546011026,-73.971878855,40.741459,-73.983293,member
1526054,1FCE9CBD8945807A,classic_bike,2021-08-19 22:54:10,2021-08-19 23:03:03,E 48 St & 3 Ave,6541,2 Ave & E 31 St,6197,40.7546011026,-73.971878855,40.74290902,-73.97706058,casual
1527464,A194537460A7DB49,classic_bike,2021-08-05 21:43:23,2021-08-05 21:51:29,E 48 St & 3 Ave,6541,2 Ave & E 31 St,6197,40.7546011026,-73.971878855,40.74290902,-73.97706058,member
1527466,84225890462B9D71,classic_bike,2021-08-25 18:07:02,2021-08-25 18:15:29,E 48 St & 3 Ave,6541,2 Ave & E 31 St,6197,40.7546011026,-73.971878855,40.74290902,-73.97706058,member
1527471,9E49745D41B28BCA,classic_bike,2021-08-26 15:51:34,2021-08-26 16:00:19,E 48 St & 3 Ave,6541,2 Ave & E 31 St,6197,40.7546011026,-73.971878855,40.74290902,-73.97706058,member
1527472,DD3498F8EFB4E8F5,classic_bike,2021-08-06 15:55:26,2021-08-06 16:05:06,E 48 St & 3 Ave,6541,2 Ave & E 31 St,6197,40.7546011026,-73.971878855,40.74290902,-73.97706058,member
1527473,B6157D6F6C2A6C4A,classic_bike,2021-08-30 17:32:36,2021-08-30 17:41:36,E 48 St & 3 Ave,6541,2 Ave & E 31 St,6197,40.7546011026,-73.971878855,40.74290902,-73.97706058,member
1527475,4D1E7EC62062F80A,electric_bike,2021-08-10 12:27:59,2021-08-10 12:30:39,E 48 St & 3 Ave,6541,E 47 St & Park Ave,6584,40.7546011026,-73.971878855,40.75510267,-73.97498696,member
1527693,C3321CDB0469EBF6,classic_bike,2021-08-18 17:48:52,2021-08-18 17:59:03,E 48 St & 3 Ave,6541,2 Ave & E 31 St,6197,40.7546011026,-73.971878855,40.74290902,-73.97706058,member
1527696,18833E0F754EC083,classic_bike,2021-08-07 19:25:53,2021-08-07 19:38:04,E 48 St & 3 Ave,6541,Lexington Ave & E 26 St,6089,40.7546011026,-73.971878855,40.741459,-73.983293,casual
1527905,5DFC7489D64FBE92,electric_bike,2021-08-29 14:33:28,2021-08-29 14:35:02,E 48 St & 3 Ave,6541,E 47 St & Park Ave,6584,40.7546011026,-73.971878855,40.75510267,-73.97498696,member
1527907,95FB44FC6F946C07,classic_bike,2021-08-12 13:54:46,2021-08-12 13:59:45,E 48 St & 3 Ave,6541,E 47 St & Park Ave,6584,40.7546011026,-73.971878855,40.75510267,-73.97498696,casual
1528348,58782216AABBEB09,electric_bike,2021-08-26 15:23:51,2021-08-26 15:49:12,E 48 St & 3 Ave,6541,W 113 St & Broadway,7713,40.7546011026,-73.971878855,40.805973,-73.964928,member
1528351,A042C0C783330728,electric_bike,2021-08-26 07:18:18,2021-08-26 07:20:15,E 48 St & 3 Ave,6541,E 47 St & Park Ave,6584,40.7546011026,-73.971878855,40.75510267,-73.97498696,member
1529455,6B391D671DD3A4F7,classic_bike,2021-08-21 19:10:40,2021-08-21 19:20:45,E 48 St & 3 Ave,6541,2 Ave & E 31 St,6197,40.7546011026,-73.971878855,40.74290902,-73.97706058,casual
1529489,D4EBC50FE57FAEE0,classic_bike,2021-08-23 17:09:49,2021-08-23 17:14:00,E 48 St & 3 Ave,6541,E 47 St & Park Ave,6584,40.7546011026,-73.971878855,40.75510267,-73.97498696,member
1529490,DD78D2E9C9F2534E,classic_bike,2021-08-25 14:25:08,2021-08-25 14:27:23,E 48 St & 3 Ave,6541,E 47 St & Park Ave,6584,40.7546011026,-73.971878855,40.75510267,-73.97498696,member
1529491,9C28F36E288BC4E3,classic_bike,2021-08-30 18:43:42,2021-08-30 18:52:23,E 48 St & 3 Ave,6541,2 Ave & E 31 St,6197,40.7546011026,-73.971878855,40.74290902,-73.97706058,member
1529497,4EB2448F3C4015E4,classic_bike,2021-08-26 17:16:15,2021-08-26 17:25:07,E 48 St & 3 Ave,6541,2 Ave & E 31 St,6197,40.7546011026,-73.971878855,40.74290902,-73.97706058,member
1529501,FD5D14C2F845E392,classic_bike,2021-08-14 08:52:18,2021-08-14 08:53:45,E 48 St & 3 Ave,6541,E 47 St & Park Ave,6584,40.7546011026,-73.971878855,40.75510267,-73.97498696,member
1529504,1CC2735C25D3964D,electric_bike,2021-08-26 11:30:22,2021-08-26 11:39:29,E 48 St & 3 Ave,6541,Lexington Ave & E 26 St,6089,40.7546011026,-73.971878855,40.741459,-73.983293,member
1529523,65285229709C5003,classic_bike,2021-08-21 15:25:24,2021-08-21 15:34:27,E 48 St & 3 Ave,6541,2 Ave & E 31 St,6197,40.7546011026,-73.971878855,40.74290902,-73.97706058,member
1529535,DA0D9CE93C2726F6,classic_bike,2021-08-18 18:33:01,2021-08-18 19:04:22,E 48 St & 3 Ave,6541,Pacific St & Nevins St,4362,40.7546011026,-73.971878855,40.6853761,-73.98302136,member
1529541,D1856B9517311C69,electric_bike,2021-08-04 20:43:30,2021-08-04 20:56:32,E 48 St & 3 Ave,6541,2 Ave & E 31 St,6197,40.7546011026,-73.971878855,40.74290902,-73.97706058,casual
1529542,E99F58BB897E24C0,electric_bike,2021-08-25 14:12:14,2021-08-25 14:13:20,E 48 St & 3 Ave,6541,E 47 St & Park Ave,6584,40.7546011026,-73.971878855,40.75510267,-73.97498696,member
1529543,FE253BB39AE6EFC0,classic_bike,2021-08-16 14:01:09,2021-08-16 14:07:28,E 48 St & 3 Ave,6541,E 47 St & Park Ave,6584,40.7546011026,-73.971878855,40.75510267,-73.97498696,casual
1529692,F3DC6D359C01B9EE,classic_bike,2021-08-31 15:22:58,2021-08-31 15:24:38,E 48 St & 3 Ave,6541,E 47 St & Park Ave,6584,40.7546011026,-73.971878855,40.75510267,-73.97498696,member
1529695,737533071E385FB8,classic_bike,2021-08-15 13:18:08,2021-08-15 13:27:26,E 48 St & 3 Ave,6541,2 Ave & E 31 St,6197,40.7546011026,-73.971878855,40.74290902,-73.97706058,member
1529698,E6CA7FB7F7151972,classic_bike,2021-08-29 14:50:20,2021-08-29 15:06:44,E 48 St & 3 Ave,6541,2 Ave & E 31 St,6197,40.7546011026,-73.971878855,40.74290902,-73.97706058,casual
1529705,BC9F149A4FDA33DB,classic_bike,2021-08-26 19:06:26,2021-08-26 19:33:52,E 48 St & 3 Ave,6541,West End Ave & W 78 St,7340,40.7546011026,-73.971878855,40.783786,-73.981687,member
1529709,DC43436E1990D729,classic_bike,2021-08-10 18:08:55,2021-08-10 18:16:10,E 48 St & 3 Ave,6541,2 Ave & E 31 St,6197,40.7546011026,-73.971878855,40.74290902,-73.97706058,member
1529730,A87153E11705C18A,classic_bike,2021-08-16 06:12:00,2021-08-16 06:13:04,E 48 St & 3 Ave,6541,E 47 St & Park Ave,6584,40.7546011026,-73.971878855,40.75510267,-73.97498696,member
1529733,DAD363C1590782C8,classic_bike,2021-08-27 20:15:30,2021-08-27 20:26:03,E 48 St & 3 Ave,6541,2 Ave & E 31 St,6197,40.7546011026,-73.971878855,40.74290902,-73.97706058,member
1529741,51FFFCA8AD61F7A8,classic_bike,2021-08-12 20:38:43,2021-08-12 20:40:40,E 48 St & 3 Ave,6541,E 47 St & Park Ave,6584,40.7546011026,-73.971878855,40.75510267,-73.97498696,member
1529792,FC54BCE01885B81A,classic_bike,2021-08-30 15:33:09,2021-08-30 16:05:31,E 48 St & 3 Ave,6541,W 113 St & Broadway,7713,40.7546011026,-73.971878855,40.805973,-73.964928,member
1529795,584CDC4FEAA41282,classic_bike,2021-08-30 19:20:06,2021-08-30 19:34:35,E 48 St & 3 Ave,6541,Lexington Ave & E 26 St,6089,40.7546011026,-73.971878855,40.741459,-73.983293,member
1529799,D677141DBD53A8E4,classic_bike,2021-08-23 17:14:12,2021-08-23 17:21:52,E 48 St & 3 Ave,6541,2 Ave & E 31 St,6197,40.7546011026,-73.971878855,40.74290902,-73.97706058,member
1529818,6372D8C53519CDEF,classic_bike,2021-08-19 17:40:13,2021-08-19 17:51:17,E 48 St & 3 Ave,6541,2 Ave & E 31 St,6197,40.7546011026,-73.971878855,40.74290902,-73.97706058,member
1529820,AF34098CE56C9190,classic_bike,2021-08-05 16:17:08,2021-08-05 16:26:17,E 48 St & 3 Ave,6541,2 Ave & E 31 St,6197,40.7546011026,-73.971878855,40.74290902,-73.97706058,member
1529821,4E4491F432335072,classic_bike,2021-08-19 16:09:42,2021-08-19 16:18:24,E 48 St & 3 Ave,6541,2 Ave & E 31 St,6197,40.7546011026,-73.971878855,40.74290902,-73.97706058,member
1529822,020C12935610407B,classic_bike,2021-08-02 18:52:57,2021-08-02 19:00:14,E 48 St & 3 Ave,6541,2 Ave & E 31 St,6197,40.7546011026,-73.971878855,40.74290902,-73.97706058,member
1529825,1393A10FF01088D1,electric_bike,2021-08-18 13:59:42,2021-08-18 14:17:33,E 48 St & 3 Ave,6541,West End Ave & W 78 St,7340,40.7546011026,-73.971878855,40.783786,-73.981687,member
1529826,408CD0301055EADD,electric_bike,2021-08-25 12:36:45,2021-08-25 12:54:56,E 48 St & 3 Ave,6541,West End Ave & W 78 St,7340,40.7546011026,-73.971878855,40.783786,-73.981687,member
1529827,DA9B53F6436514BA,classic_bike,2021-08-19 07:05:01,2021-08-19 07:06:54,E 48 St & 3 Ave,6541,E 47 St & Park Ave,6584,40.7546011026,-73.971878855,40.75510267,-73.97498696,member
1529832,A5500C4B481211E4,classic_bike,2021-08-02 17:42:45,2021-08-02 18:13:29,E 48 St & 3 Ave,6541,Kent Ave & N 7 St,5489,40.7546011026,-73.971878855,40.72036775298455,-73.96165072917938,member
1529835,7CE8F83C34180EDF,classic_bike,2021-08-30 18:27:12,2021-08-30 18:36:42,E 48 St & 3 Ave,6541,2 Ave & E 31 St,6197,40.7546011026,-73.971878855,40.74290902,-73.97706058,member
1529837,29ADB9DB31B4D94A,classic_bike,2021-08-14 11:06:28,2021-08-14 11:08:56,E 48 St & 3 Ave,6541,E 47 St & Park Ave,6584,40.7546011026,-73.971878855,40.75510267,-73.97498696,member
1529839,16675F5F02C1A379,classic_bike,2021-08-13 06:46:11,2021-08-13 06:58:10,E 48 St & 3 Ave,6541,E 47 St & Park Ave,6584,40.7546011026,-73.971878855,40.75510267,-73.97498696,member
1529841,B62D4537E5955D6B,classic_bike,2021-08-28 12:19:32,2021-08-28 12:30:01,E 48 St & 3 Ave,6541,2 Ave & E 31 St,6197,40.7546011026,-73.971878855,40.74290902,-73.97706058,member
1529845,739439AC5180CA7F,electric_bike,2021-08-20 08:42:18,2021-08-20 08:43:45,E 48 St & 3 Ave,6541,E 47 St & Park Ave,6584,40.7546011026,-73.971878855,40.75510267,-73.97498696,member
1529858,983C283A87C47741,classic_bike,2021-08-25 18:10:55,2021-08-25 18:18:29,E 48 St & 3 Ave,6541,2 Ave & E 31 St,6197,40.7546011026,-73.971878855,40.74290902,-73.97706058,member
1529859,FF8A08991BFE88EB,classic_bike,2021-08-10 17:37:55,2021-08-10 17:48:14,E 48 St & 3 Ave,6541,2 Ave & E 31 St,6197,40.7546011026,-73.971878855,40.74290902,-73.97706058,member
1530111,C2F9FC79C3C0EECA,classic_bike,2021-08-17 14:13:27,2021-08-17 14:14:29,E 48 St & 3 Ave,6541,E 47 St & Park Ave,6584,40.7546011026,-73.971878855,40.75510267,-73.97498696,member
1530116,9BFED3932DA427D5,classic_bike,2021-08-03 17:31:57,2021-08-03 17:40:54,E 48 St & 3 Ave,6541,2 Ave & E 31 St,6197,40.7546011026,-73.971878855,40.74290902,-73.97706058,member
1530124,7F9631FA2A357CB3,classic_bike,2021-08-27 20:18:59,2021-08-27 20:25:31,E 48 St & 3 Ave,6541,2 Ave & E 31 St,6197,40.7546011026,-73.971878855,40.74290902,-73.97706058,member
1530127,5C164E84A06F845A,classic_bike,2021-08-01 14:50:24,2021-08-01 15:00:32,E 48 St & 3 Ave,6541,2 Ave & E 31 St,6197,40.7546011026,-73.971878855,40.74290902,-73.97706058,casual
1530155,400886495BFFB0B3,electric_bike,2021-08-08 08:30:59,2021-08-08 08:43:51,E 48 St & 3 Ave,6541,2 Ave & E 31 St,6197,40.7546011026,-73.971878855,40.74290902,-73.97706058,casual
1530242,1A2310DD8B988B4F,electric_bike,2021-08-30 14:45:46,2021-08-30 14:52:04,E 48 St & 3 Ave,6541,2 Ave & E 31 St,6197,40.7546011026,-73.971878855,40.74290902,-73.97706058,member
1530292,7FFCD8D883CEEFD4,electric_bike,2021-08-13 06:37:58,2021-08-13 06:39:09,E 48 St & 3 Ave,6541,E 47 St & Park Ave,6584,40.7546011026,-73.971878855,40.75510267,-73.97498696,casual
1530293,347744D998514827,electric_bike,2021-08-20 10:49:39,2021-08-20 10:56:20,E 48 St & 3 Ave,6541,Lexington Ave & E 26 St,6089,40.7546011026,-73.971878855,40.741459,-73.983293,casual
1530317,0F09EE4E71738163,electric_bike,2021-08-06 20:57:23,2021-08-06 21:24:10,E 48 St & 3 Ave,6541,Kent Ave & N 7 St,5489,40.7546011026,-73.971878855,40.72036775298455,-73.96165072917938,member
1530325,119E4C139FA7AE7D,electric_bike,2021-08-24 11:55:27,2021-08-24 12:02:03,E 48 St & 3 Ave,6541,2 Ave & E 31 St,6197,40.7546011026,-73.971878855,40.74290902,-73.97706058,member
1530402,33883C2B60520061,classic_bike,2021-08-01 11:31:13,2021-08-01 11:32:59,E 48 St & 3 Ave,6541,E 47 St & Park Ave,6584,40.7546011026,-73.971878855,40.75510267,-73.97498696,member
1530407,89AC7FEC43E5EC75,classic_bike,2021-08-16 16:52:28,2021-08-16 16:54:14,E 48 St & 3 Ave,6541,E 47 St & Park Ave,6584,40.7546011026,-73.971878855,40.75510267,-73.97498696,member
1530483,659A3C30805A36C8,classic_bike,2021-08-31 18:03:53,2021-08-31 18:10:31,E 48 St & 3 Ave,6541,2 Ave & E 31 St,6197,40.7546011026,-73.971878855,40.74290902,-73.97706058,member
1543451,A338F00FCA7A20C6,electric_bike,2021-08-07 19:05:59,2021-08-07 19:23:21,E 48 St & 3 Ave,6541,2 Ave & E 99 St,7386,40.7546011026,-73.971878855,40.7862586,-73.94552579,member
1543705,B61F3351E755A344,classic_bike,2021-08-13 19:06:31,2021-08-13 19:20:29,E 48 St & 3 Ave,6541,Greenwich Ave & Charles St,5914,40.7546011026,-73.971878855,40.735238,-74.000271,member
1544616,5F8FF4BF1572D195,classic_bike,2021-08-05 20:13:25,2021-08-05 20:38:20,E 48 St & 3 Ave,6541,Frederick Douglass Blvd & W 115 St,7658,40.7546011026,-73.971878855,40.8038654,-73.9559308,casual
1545243,C9E6FC9D8E4D3F6A,electric_bike,2021-08-17 15:40:44,2021-08-17 15:58:00,E 48 St & 3 Ave,6541,Greenwich Ave & Charles St,5914,40.7546011026,-73.971878855,40.735238,-74.000271,member
1545263,09022DDF5B0DE92F,classic_bike,2021-08-11 17:36:17,2021-08-11 17:58:01,E 48 St & 3 Ave,6541,Greenwich Ave & Charles St,5914,40.7546011026,-73.971878855,40.735238,-74.000271,member
1545290,609097CA7E7FDED8,classic_bike,2021-08-04 20:28:20,2021-08-04 21:00:20,E 48 St & 3 Ave,6541,2 Ave & E 99 St,7386,40.7546011026,-73.971878855,40.7862586,-73.94552579,member
1545295,D18B1E24838BD8C8,classic_bike,2021-08-09 17:58:05,2021-08-09 18:13:58,E 48 St & 3 Ave,6541,28 St & 41 Ave,6462,40.7546011026,-73.971878855,40.751047,-73.93797,member
1545529,1659621ABCAD5DA8,classic_bike,2021-08-30 17:39:06,2021-08-30 18:11:11,E 48 St & 3 Ave,6541,Shore Blvd & Astoria Park,7271,40.7546011026,-73.971878855,40.77977,-73.923162,member
1545540,1F268E5DDB224B2F,classic_bike,2021-08-17 19:56:31,2021-08-17 20:16:20,E 48 St & 3 Ave,6541,Greenwich Ave & Charles St,5914,40.7546011026,-73.971878855,40.735238,-74.000271,member
1545544,6F535B285AAC5010,electric_bike,2021-08-01 01:05:52,2021-08-01 01:32:20,E 48 St & 3 Ave,6541,Frederick Douglass Blvd & W 115 St,7658,40.7546011026,-73.971878855,40.8038654,-73.9559308,member
1559371,059CA9F95CE097D5,electric_bike,2021-08-06 13:09:20,2021-08-06 13:21:19,E 48 St & 3 Ave,6541,24 St & 38 Ave,6581,40.7546011026,-73.971878855,40.756351,-73.936515,member
1559395,B3B89A8A99EC3683,electric_bike,2021-08-26 23:36:03,2021-08-26 23:49:20,E 48 St & 3 Ave,6541,E 1 St & 1 Ave,5593,40.7546011026,-73.971878855,40.72335597960796,-73.98864984512329,member
1559802,4889E3235A43E0A4,electric_bike,2021-08-27 09:36:56,2021-08-27 10:01:49,E 48 St & 3 Ave,6541,Washington St & Gansevoort St,6039,40.7546011026,-73.971878855,40.739323,-74.008119,casual
1559860,8B00105FECC29595,electric_bike,2021-08-28 18:48:53,2021-08-28 19:09:38,E 48 St & 3 Ave,6541,Washington St & Gansevoort St,6039,40.7546011026,-73.971878855,40.739323,-74.008119,member
1559861,17FD4BBA066340E6,electric_bike,2021-08-28 18:49:07,2021-08-28 19:09:19,E 48 St & 3 Ave,6541,Washington St & Gansevoort St,6039,40.7546011026,-73.971878855,40.739323,-74.008119,member
1559862,472264D47D7B64E0,classic_bike,2021-08-06 07:14:09,2021-08-06 08:08:40,E 48 St & 3 Ave,6541,E 1 St & 1 Ave,5593,40.7546011026,-73.971878855,40.72335597960796,-73.98864984512329,member
1560045,A054A87823331D32,electric_bike,2021-08-28 18:48:37,2021-08-28 19:09:23,E 48 St & 3 Ave,6541,Washington St & Gansevoort St,6039,40.7546011026,-73.971878855,40.739323,-74.008119,member
1560082,CD6D033D4A84FDE9,electric_bike,2021-08-03 13:44:03,2021-08-03 13:56:31,E 48 St & 3 Ave,6541,Washington St & Gansevoort St,6039,40.7546011026,-73.971878855,40.739323,-74.008119,member
1560087,C5D67F8CCE3E67FE,electric_bike,2021-08-16 21:11:13,2021-08-16 21:28:10,E 48 St & 3 Ave,6541,E 1 St & 1 Ave,5593,40.7546011026,-73.971878855,40.72335597960796,-73.98864984512329,member
1560611,E128F99F8E6EEE4A,classic_bike,2021-08-20 17:37:59,2021-08-20 18:01:52,E 48 St & 3 Ave,6541,E 1 St & 1 Ave,5593,40.7546011026,-73.971878855,40.72335597960796,-73.98864984512329,member
1560842,2AC3FF3BC89222D4,classic_bike,2021-08-12 20:44:24,2021-08-12 21:04:32,E 48 St & 3 Ave,6541,Washington St & Gansevoort St,6039,40.7546011026,-73.971878855,40.739323,-74.008119,member
1574150,8B57DD3DAE1873A6,electric_bike,2021-08-18 10:51:00,2021-08-18 10:58:33,E 48 St & 3 Ave,6541,E 66 St & Madison Ave,6969,40.7546011026,-73.971878855,40.76800889305947,-73.96845281124115,member
1575726,19D657CE22BC2603,electric_bike,2021-08-08 23:38:46,2021-08-08 23:45:31,E 48 St & 3 Ave,6541,E 66 St & Madison Ave,6969,40.7546011026,-73.971878855,40.76800889305947,-73.96845281124115,member
1576533,F30FE6D535F93C50,electric_bike,2021-08-03 16:38:40,2021-08-03 17:11:25,E 48 St & 3 Ave,6541,E 85 St & York Ave,7146,40.7546011026,-73.971878855,40.77536905,-73.94803392,member
1576542,360D7676D74A594E,electric_bike,2021-08-29 13:43:56,2021-08-29 13:55:27,E 48 St & 3 Ave,6541,E 66 St & Madison Ave,6969,40.7546011026,-73.971878855,40.76800889305947,-73.96845281124115,member
1576571,955B9AEAC537F0BE,classic_bike,2021-08-16 16:42:58,2021-08-16 17:05:49,E 48 St & 3 Ave,6541,6 Ave & Broome St,5610,40.7546011026,-73.971878855,40.72431,-74.00473,casual
1576600,36C317084F410637,classic_bike,2021-08-29 01:31:30,2021-08-29 01:39:25,E 48 St & 3 Ave,6541,E 66 St & Madison Ave,6969,40.7546011026,-73.971878855,40.76800889305947,-73.96845281124115,casual
1578314,06C3654992512EDE,classic_bike,2021-08-20 02:17:44,2021-08-20 02:27:48,E 48 St & 3 Ave,6541,E 66 St & Madison Ave,6969,40.7546011026,-73.971878855,40.76800889305947,-73.96845281124115,casual
1581475,ABF5A8B9D094EE0D,classic_bike,2021-08-06 18:14:07,2021-08-06 18:27:43,E 48 St & 3 Ave,6541,1 Ave & E 68 St,6822,40.7546011026,-73.971878855,40.76500525,-73.95818491,member
1581482,F12513B2C2856A9E,classic_bike,2021-08-24 18:32:56,2021-08-24 18:51:04,E 48 St & 3 Ave,6541,Madison Ave & E 26 St,6131,40.7546011026,-73.971878855,40.742684734875695,-73.98671329021454,member
1581485,33432D8BCF5A7867,classic_bike,2021-08-20 10:16:55,2021-08-20 10:27:06,E 48 St & 3 Ave,6541,Madison Ave & E 26 St,6131,40.7546011026,-73.971878855,40.742684734875695,-73.98671329021454,member
1585355,2EF35F61A1CEBF8B,classic_bike,2021-08-15 14:47:03,2021-08-15 15:14:24,E 48 St & 3 Ave,6541,W 74 St & Columbus Ave,7230,40.7546011026,-73.971878855,40.7785669,-73.97754961,member
1596632,522E8F82FF2EE885,classic_bike,2021-08-19 18:05:59,2021-08-19 18:15:14,E 48 St & 3 Ave,6541,Madison Ave & E 26 St,6131,40.7546011026,-73.971878855,40.742684734875695,-73.98671329021454,member
1596634,5EA228FD1862730F,classic_bike,2021-08-29 01:35:22,2021-08-29 01:46:07,E 48 St & 3 Ave,6541,1 Ave & E 68 St,6822,40.7546011026,-73.971878855,40.76500525,-73.95818491,casual
1596802,CDB7B9BEC38F8225,electric_bike,2021-08-24 17:58:44,2021-08-24 18:12:04,E 48 St & 3 Ave,6541,W 74 St & Columbus Ave,7230,40.7546011026,-73.971878855,40.7785669,-73.97754961,casual
1597774,3CE1DB73B7B7A4DE,classic_bike,2021-08-10 17:45:22,2021-08-10 17:56:45,E 48 St & 3 Ave,6541,1 Ave & E 68 St,6822,40.7546011026,-73.971878855,40.76500525,-73.95818491,member
1598539,0D12C8307D4139C8,classic_bike,2021-08-05 18:03:11,2021-08-05 18:46:49,E 48 St & 3 Ave,6541,Degraw St & Hoyt St,4258,40.7546011026,-73.971878855,40.68199044270703,-73.99079024791718,member
1599034,29FBD183100D3B4D,classic_bike,2021-08-09 08:37:30,2021-08-09 08:47:53,E 48 St & 3 Ave,6541,Madison Ave & E 26 St,6131,40.7546011026,-73.971878855,40.742684734875695,-73.98671329021454,member
1599036,6C7760DAAD0F4CF3,classic_bike,2021-08-13 09:29:03,2021-08-13 09:37:54,E 48 St & 3 Ave,6541,E 58 St & 1 Ave (NE Corner),6682,40.7546011026,-73.971878855,40.75892386377695,-73.96226227283478,member
1599043,901466C31A47EE2A,classic_bike,2021-08-17 17:37:36,2021-08-17 17:52:34,E 48 St & 3 Ave,6541,Madison Ave & E 26 St,6131,40.7546011026,-73.971878855,40.742684734875695,-73.98671329021454,member
1599075,8FD1F01D1BAAAF03,classic_bike,2021-08-09 16:34:27,2021-08-09 16:48:30,E 48 St & 3 Ave,6541,Madison Ave & E 26 St,6131,40.7546011026,-73.971878855,40.742684734875695,-73.98671329021454,casual
1599077,D619176E98145728,classic_bike,2021-08-16 18:58:34,2021-08-16 19:06:10,E 48 St & 3 Ave,6541,1 Ave & E 68 St,6822,40.7546011026,-73.971878855,40.76500525,-73.95818491,member
1599083,B1858E12B4715A7A,classic_bike,2021-08-26 08:33:22,2021-08-26 08:45:20,E 48 St & 3 Ave,6541,Madison Ave & E 26 St,6131,40.7546011026,-73.971878855,40.742684734875695,-73.98671329021454,member
1599107,CD20B55BEB783183,classic_bike,2021-08-17 15:21:04,2021-08-17 15:25:55,E 48 St & 3 Ave,6541,E 58 St & 1 Ave (NE Corner),6682,40.7546011026,-73.971878855,40.75892386377695,-73.96226227283478,member
1599111,35279F53F1084142,classic_bike,2021-08-12 12:00:17,2021-08-12 12:10:34,E 48 St & 3 Ave,6541,E 58 St & 1 Ave (NE Corner),6682,40.7546011026,-73.971878855,40.75892386377695,-73.96226227283478,casual
1599118,3D8563D13A93AAC9,classic_bike,2021-08-26 20:57:09,2021-08-26 21:04:20,E 48 St & 3 Ave,6541,1 Ave & E 68 St,6822,40.7546011026,-73.971878855,40.76500525,-73.95818491,member
1599120,96685560549BCE49,classic_bike,2021-08-13 17:53:00,2021-08-13 18:08:28,E 48 St & 3 Ave,6541,W 74 St & Columbus Ave,7230,40.7546011026,-73.971878855,40.7785669,-73.97754961,member
1599145,355F90D91F4DF73D,classic_bike,2021-08-11 18:19:51,2021-08-11 18:33:02,E 48 St & 3 Ave,6541,1 Ave & E 68 St,6822,40.7546011026,-73.971878855,40.76500525,-73.95818491,member
1599149,34E5BD361FB4BE99,electric_bike,2021-08-11 10:25:31,2021-08-11 10:34:58,E 48 St & 3 Ave,6541,1 Ave & E 68 St,6822,40.7546011026,-73.971878855,40.76500525,-73.95818491,member
1599627,4C68F655493766E1,classic_bike,2021-08-09 20:18:22,2021-08-09 20:26:42,E 48 St & 3 Ave,6541,1 Ave & E 68 St,6822,40.7546011026,-73.971878855,40.76500525,-73.95818491,member
1599644,99B40FDE39E73217,electric_bike,2021-08-13 17:29:46,2021-08-13 17:36:54,E 48 St & 3 Ave,6541,1 Ave & E 68 St,6822,40.7546011026,-73.971878855,40.76500525,-73.95818491,member
1599647,5422E697B134BA04,electric_bike,2021-08-06 16:54:28,2021-08-06 17:02:39,E 48 St & 3 Ave,6541,1 Ave & E 68 St,6822,40.7546011026,-73.971878855,40.76500525,-73.95818491,casual
1599650,86CD226DC4B4F98D,classic_bike,2021-08-26 19:21:22,2021-08-26 19:31:56,E 48 St & 3 Ave,6541,Madison Ave & E 26 St,6131,40.7546011026,-73.971878855,40.742684734875695,-73.98671329021454,casual
1600590,F1EC7FD7EFFA2437,classic_bike,2021-08-08 12:39:22,2021-08-08 12:48:09,E 48 St & 3 Ave,6541,E 58 St & 1 Ave (NE Corner),6682,40.7546011026,-73.971878855,40.75892386377695,-73.96226227283478,member
1600593,17F0623C5BF774E3,classic_bike,2021-08-03 18:27:29,2021-08-03 18:39:38,E 48 St & 3 Ave,6541,Madison Ave & E 26 St,6131,40.7546011026,-73.971878855,40.742684734875695,-73.98671329021454,casual
1600594,2405F04B7CD65CD3,electric_bike,2021-08-07 12:35:06,2021-08-07 12:52:33,E 48 St & 3 Ave,6541,1 Ave & E 68 St,6822,40.7546011026,-73.971878855,40.76500525,-73.95818491,casual
1600684,141D0F65E98C98C1,electric_bike,2021-08-13 15:01:17,2021-08-13 15:09:08,E 48 St & 3 Ave,6541,1 Ave & E 68 St,6822,40.7546011026,-73.971878855,40.76500525,-73.95818491,member
1600688,9009A1BE05D81F93,classic_bike,2021-08-08 13:01:00,2021-08-08 13:15:14,E 48 St & 3 Ave,6541,Madison Ave & E 26 St,6131,40.7546011026,-73.971878855,40.742684734875695,-73.98671329021454,casual
1600779,EBFF58FCC2BDFC49,classic_bike,2021-08-31 17:10:41,2021-08-31 17:21:56,E 48 St & 3 Ave,6541,1 Ave & E 68 St,6822,40.7546011026,-73.971878855,40.76500525,-73.95818491,member
1601117,5AFDE93EB73E84D9,electric_bike,2021-08-17 19:54:22,2021-08-17 20:00:50,E 48 St & 3 Ave,6541,1 Ave & E 68 St,6822,40.7546011026,-73.971878855,40.76500525,-73.95818491,member
1601131,AE414DE487513DBF,classic_bike,2021-08-18 21:10:45,2021-08-18 21:18:20,E 48 St & 3 Ave,6541,E 58 St & 1 Ave (NE Corner),6682,40.7546011026,-73.971878855,40.75892386377695,-73.96226227283478,member
1601135,C0EF81DEF89420E7,classic_bike,2021-08-04 19:41:46,2021-08-04 19:52:47,E 48 St & 3 Ave,6541,Madison Ave & E 26 St,6131,40.7546011026,-73.971878855,40.742684734875695,-73.98671329021454,casual
1601143,629BF027FFA176C1,classic_bike,2021-08-08 13:00:49,2021-08-08 13:15:27,E 48 St & 3 Ave,6541,Madison Ave & E 26 St,6131,40.7546011026,-73.971878855,40.742684734875695,-73.98671329021454,casual
1601146,06F2E87A06540102,classic_bike,2021-08-25 17:58:30,2021-08-25 18:09:09,E 48 St & 3 Ave,6541,1 Ave & E 68 St,6822,40.7546011026,-73.971878855,40.76500525,-73.95818491,member
1601148,04AC2A2B2AF7B5A0,classic_bike,2021-08-26 18:45:23,2021-08-26 20:05:54,E 48 St & 3 Ave,6541,E 58 St & 1 Ave (NE Corner),6682,40.7546011026,-73.971878855,40.75892386377695,-73.96226227283478,member
1601150,C18443FC2EE2CC09,electric_bike,2021-08-27 13:00:35,2021-08-27 13:12:16,E 48 St & 3 Ave,6541,1 Ave & E 68 St,6822,40.7546011026,-73.971878855,40.76500525,-73.95818491,member
1602086,6E238EE29D42F976,classic_bike,2021-08-18 18:01:53,2021-08-18 18:11:25,E 48 St & 3 Ave,6541,1 Ave & E 68 St,6822,40.7546011026,-73.971878855,40.76500525,-73.95818491,member
1602099,6C8B727A6CD306D9,classic_bike,2021-08-09 20:18:58,2021-08-09 20:32:44,E 48 St & 3 Ave,6541,1 Ave & E 68 St,6822,40.7546011026,-73.971878855,40.76500525,-73.95818491,member
1602102,D80F0E7FA84071A3,classic_bike,2021-08-05 19:49:05,2021-08-05 19:58:33,E 48 St & 3 Ave,6541,1 Ave & E 68 St,6822,40.7546011026,-73.971878855,40.76500525,-73.95818491,member
1602105,03EEB17EE253C962,classic_bike,2021-08-26 07:16:27,2021-08-26 07:43:50,E 48 St & 3 Ave,6541,E 58 St & 1 Ave (NE Corner),6682,40.7546011026,-73.971878855,40.75892386377695,-73.96226227283478,member
1602106,73BA1A91142131B5,classic_bike,2021-08-11 12:17:27,2021-08-11 12:27:20,E 48 St & 3 Ave,6541,1 Ave & E 68 St,6822,40.7546011026,-73.971878855,40.76500525,-73.95818491,member
1602107,64D1CC9CB5B0F2B7,classic_bike,2021-08-02 17:38:11,2021-08-02 17:56:38,E 48 St & 3 Ave,6541,Riverside Blvd & W 67 St,7183,40.7546011026,-73.971878855,40.777507027547976,-73.98888587951659,member
1602109,161C797D47D93060,electric_bike,2021-08-16 12:10:00,2021-08-16 12:18:29,E 48 St & 3 Ave,6541,1 Ave & E 68 St,6822,40.7546011026,-73.971878855,40.76500525,-73.95818491,member
1602114,D02F9153016AFC39,classic_bike,2021-08-12 14:57:04,2021-08-12 15:02:34,E 48 St & 3 Ave,6541,E 58 St & 1 Ave (NE Corner),6682,40.7546011026,-73.971878855,40.75892386377695,-73.96226227283478,member
1602115,C6E70A215C4BFEC6,classic_bike,2021-08-10 14:19:31,2021-08-10 14:29:51,E 48 St & 3 Ave,6541,1 Ave & E 68 St,6822,40.7546011026,-73.971878855,40.76500525,-73.95818491,member
1602118,EE8E75BE93B7A225,electric_bike,2021-08-02 07:35:08,2021-08-02 07:43:22,E 48 St & 3 Ave,6541,1 Ave & E 68 St,6822,40.7546011026,-73.971878855,40.76500525,-73.95818491,member
1602743,9B1C3419AF748372,classic_bike,2021-08-26 19:26:13,2021-08-26 19:35:14,E 48 St & 3 Ave,6541,1 Ave & E 68 St,6822,40.7546011026,-73.971878855,40.76500525,-73.95818491,member
1602747,85D2140A11D435EE,classic_bike,2021-08-09 19:25:58,2021-08-09 19:30:54,E 48 St & 3 Ave,6541,E 58 St & 1 Ave (NE Corner),6682,40.7546011026,-73.971878855,40.75892386377695,-73.96226227283478,member
1602824,0401463066E71E8F,classic_bike,2021-08-13 09:09:39,2021-08-13 09:19:09,E 48 St & 3 Ave,6541,1 Ave & E 68 St,6822,40.7546011026,-73.971878855,40.76500525,-73.95818491,member
1602848,F6F1B6B6C52A6BF0,classic_bike,2021-08-20 18:03:56,2021-08-20 18:11:33,E 48 St & 3 Ave,6541,1 Ave & E 68 St,6822,40.7546011026,-73.971878855,40.76500525,-73.95818491,member
1603079,7151E83F59CC0C32,classic_bike,2021-08-18 18:41:08,2021-08-18 18:54:02,E 48 St & 3 Ave,6541,1 Ave & E 68 St,6822,40.7546011026,-73.971878855,40.76500525,-73.95818491,member
1603093,33A32F94642FAA20,classic_bike,2021-08-20 17:57:47,2021-08-20 18:08:49,E 48 St & 3 Ave,6541,1 Ave & E 68 St,6822,40.7546011026,-73.971878855,40.76500525,-73.95818491,member
1603185,C56BA366BB327C8F,classic_bike,2021-08-12 15:47:24,2021-08-12 15:59:59,E 48 St & 3 Ave,6541,1 Ave & E 68 St,6822,40.7546011026,-73.971878855,40.76500525,-73.95818491,member
1603253,029DBDCF71B1A004,classic_bike,2021-08-06 15:42:27,2021-08-06 15:50:44,E 48 St & 3 Ave,6541,1 Ave & E 68 St,6822,40.7546011026,-73.971878855,40.76500525,-73.95818491,member
1603477,67D4507A60CC8DE3,classic_bike,2021-08-23 18:21:46,2021-08-23 18:34:05,E 48 St & 3 Ave,6541,1 Ave & E 68 St,6822,40.7546011026,-73.971878855,40.76500525,-73.95818491,member
1607750,27B299FC1A47C84E,classic_bike,2021-08-11 17:34:22,2021-08-11 17:49:58,E 48 St & 3 Ave,6541,W 4 St & 7 Ave S,5880,40.7546011026,-73.971878855,40.73401143,-74.00293877,casual
1607820,E2707C24AEFD030E,docked_bike,2021-08-11 17:57:04,2021-08-11 18:24:57,E 48 St & 3 Ave,6541,W 45 St & 8 Ave,6676,40.754601,-73.971879,40.759291,-73.988597,casual
1607828,A3210454F4BA6014,classic_bike,2021-08-15 15:12:05,2021-08-15 15:27:36,E 48 St & 3 Ave,6541,E 84 St & 1 Ave,7180,40.7546011026,-73.971878855,40.77565541,-73.95068615,member
1607852,1D8E931850707C78,electric_bike,2021-08-05 09:43:24,2021-08-05 09:50:31,E 48 St & 3 Ave,6541,W 45 St & 8 Ave,6676,40.7546011026,-73.971878855,40.75929124,-73.98859651,member
1607863,6C4E4A63D030182B,classic_bike,2021-08-13 18:56:37,2021-08-13 19:29:25,E 48 St & 3 Ave,6541,W 4 St & 7 Ave S,5880,40.7546011026,-73.971878855,40.73401143,-74.00293877,member
1607941,1775DA98F7513580,classic_bike,2021-08-04 17:44:02,2021-08-04 17:57:07,E 48 St & 3 Ave,6541,E 84 St & 1 Ave,7180,40.7546011026,-73.971878855,40.77565541,-73.95068615,member
1607984,91ECB79E4FC0F65C,classic_bike,2021-08-21 00:11:08,2021-08-21 00:25:28,E 48 St & 3 Ave,6541,W 45 St & 8 Ave,6676,40.7546011026,-73.971878855,40.75929124,-73.98859651,member
1608002,F8589E87E9F42E1A,electric_bike,2021-08-06 16:57:00,2021-08-06 17:14:07,E 48 St & 3 Ave,6541,Lafayette St & Jersey St,5561,40.7546011026,-73.971878855,40.72456089,-73.99565293,member
1608007,379021D570492DBF,classic_bike,2021-08-11 15:57:08,2021-08-11 16:12:40,E 48 St & 3 Ave,6541,E 84 St & 1 Ave,7180,40.7546011026,-73.971878855,40.77565541,-73.95068615,member
1608009,AD20ACD86A43E8F4,classic_bike,2021-08-26 17:34:30,2021-08-26 17:46:21,E 48 St & 3 Ave,6541,E 84 St & 1 Ave,7180,40.7546011026,-73.971878855,40.77565541,-73.95068615,member
1608063,3D8D983FF9D2242E,classic_bike,2021-08-04 06:53:08,2021-08-04 07:09:29,E 48 St & 3 Ave,6541,E 84 St & 1 Ave,7180,40.7546011026,-73.971878855,40.77565541,-73.95068615,member
1608110,701026EFD45DAFEE,electric_bike,2021-08-14 04:49:34,2021-08-14 05:44:48,E 48 St & 3 Ave,6541,W 45 St & 8 Ave,6676,40.7546011026,-73.971878855,40.75929124,-73.98859651,member
1608137,3F65D37FA022FAEF,classic_bike,2021-08-03 19:28:56,2021-08-03 19:56:54,E 48 St & 3 Ave,6541,E 5 St & Avenue C,5545,40.7546011026,-73.971878855,40.72299208,-73.97995466,casual
1608163,A706138D9B3AF356,classic_bike,2021-08-19 18:07:16,2021-08-19 18:19:12,E 48 St & 3 Ave,6541,W 45 St & 8 Ave,6676,40.7546011026,-73.971878855,40.75929124,-73.98859651,casual
1628423,24891058CD6A5353,electric_bike,2021-08-04 13:18:03,2021-08-04 13:29:03,E 48 St & 3 Ave,6541,E 84 St & 1 Ave,7180,40.7546011026,-73.971878855,40.77565541,-73.95068615,member
1628424,4E8DAEE5A5CD6C3B,classic_bike,2021-08-24 18:59:30,2021-08-24 19:06:06,E 48 St & 3 Ave,6541,W 45 St & 8 Ave,6676,40.7546011026,-73.971878855,40.75929124,-73.98859651,member
1628437,6BEDB8A2FCFFD6A8,electric_bike,2021-08-06 00:37:47,2021-08-06 00:55:07,E 48 St & 3 Ave,6541,E 5 St & Avenue C,5545,40.7546011026,-73.971878855,40.72299208,-73.97995466,member
1628440,B055CE8D44651331,classic_bike,2021-08-12 18:24:41,2021-08-12 18:41:49,E 48 St & 3 Ave,6541,E 5 St & Avenue C,5545,40.7546011026,-73.971878855,40.72299208,-73.97995466,member
1628475,AAB23C7065864567,classic_bike,2021-08-06 14:57:05,2021-08-06 15:07:00,E 48 St & 3 Ave,6541,W 45 St & 8 Ave,6676,40.7546011026,-73.971878855,40.75929124,-73.98859651,member
1628852,57F7E88AA6F862F5,classic_bike,2021-08-07 22:16:15,2021-08-07 22:34:00,E 48 St & 3 Ave,6541,W 45 St & 8 Ave,6676,40.7546011026,-73.971878855,40.75929124,-73.98859651,casual
1635437,A377BDAAD0A4A48E,classic_bike,2021-08-06 09:29:17,2021-08-06 09:45:27,E 48 St & 3 Ave,6541,E 84 St & 1 Ave,7180,40.7546011026,-73.971878855,40.77565541,-73.95068615,member
1636365,8AE618154A431D53,electric_bike,2021-08-13 13:23:57,2021-08-13 13:37:35,E 48 St & 3 Ave,6541,W 45 St & 8 Ave,6676,40.7546011026,-73.971878855,40.75929124,-73.98859651,member
1636377,805678E86253FD1B,classic_bike,2021-08-30 18:11:17,2021-08-30 18:21:20,E 48 St & 3 Ave,6541,E 84 St & 1 Ave,7180,40.7546011026,-73.971878855,40.77565541,-73.95068615,member
1636378,35FC6C3ED97032FA,classic_bike,2021-08-16 17:38:21,2021-08-16 17:51:21,E 48 St & 3 Ave,6541,E 84 St & 1 Ave,7180,40.7546011026,-73.971878855,40.77565541,-73.95068615,member
1636624,D929DB8644CBD7EE,classic_bike,2021-08-03 17:41:14,2021-08-03 17:54:02,E 48 St & 3 Ave,6541,E 84 St & 1 Ave,7180,40.7546011026,-73.971878855,40.77565541,-73.95068615,member
1636625,D8BE528E41049C97,classic_bike,2021-08-13 18:09:35,2021-08-13 18:22:39,E 48 St & 3 Ave,6541,E 84 St & 1 Ave,7180,40.7546011026,-73.971878855,40.77565541,-73.95068615,member
1636634,89ABC1CF32AFC66D,classic_bike,2021-08-11 17:32:00,2021-08-11 17:45:17,E 48 St & 3 Ave,6541,E 84 St & 1 Ave,7180,40.7546011026,-73.971878855,40.77565541,-73.95068615,member
1636640,0417F2517DC35509,classic_bike,2021-08-18 18:24:41,2021-08-18 18:40:23,E 48 St & 3 Ave,6541,E 5 St & Avenue C,5545,40.7546011026,-73.971878855,40.72299208,-73.97995466,member
1636646,D7DF9D34E7AE9FCC,classic_bike,2021-08-17 17:50:09,2021-08-17 17:59:40,E 48 St & 3 Ave,6541,W 45 St & 8 Ave,6676,40.7546011026,-73.971878855,40.75929124,-73.98859651,member
1637882,5B2199145930508B,classic_bike,2021-08-02 06:47:24,2021-08-02 07:03:39,E 48 St & 3 Ave,6541,E 84 St & 1 Ave,7180,40.7546011026,-73.971878855,40.77565541,-73.95068615,member
1640380,11D3D8BFE4106AA7,classic_bike,2021-08-28 10:41:59,2021-08-28 11:03:39,E 48 St & 3 Ave,6541,W 4 St & 7 Ave S,5880,40.7546011026,-73.971878855,40.73401143,-74.00293877,casual
1640671,C8D7DFA6CFA4A84E,classic_bike,2021-08-13 18:02:53,2021-08-13 18:36:13,E 48 St & 3 Ave,6541,Carroll St & Smith St,4225,40.7546011026,-73.971878855,40.680611,-73.99475825,member
1640672,A3C9FA2288550BD4,classic_bike,2021-08-01 18:42:08,2021-08-01 18:57:38,E 48 St & 3 Ave,6541,E 84 St & 1 Ave,7180,40.7546011026,-73.971878855,40.77565541,-73.95068615,member
1640684,643120348DF9293F,electric_bike,2021-08-26 01:53:07,2021-08-26 02:09:02,E 48 St & 3 Ave,6541,E 5 St & Avenue C,5545,40.7546011026,-73.971878855,40.72299208,-73.97995466,member
1640688,CB15BBB46F8BD4FE,classic_bike,2021-08-02 17:31:06,2021-08-02 17:46:00,E 48 St & 3 Ave,6541,E 84 St & 1 Ave,7180,40.7546011026,-73.971878855,40.77565541,-73.95068615,member
1640691,D77DFDA67A158C71,classic_bike,2021-08-28 10:41:59,2021-08-28 11:03:26,E 48 St & 3 Ave,6541,W 4 St & 7 Ave S,5880,40.7546011026,-73.971878855,40.73401143,-74.00293877,casual
1640703,5928030C83843952,classic_bike,2021-08-11 16:37:30,2021-08-11 16:53:21,E 48 St & 3 Ave,6541,E 84 St & 1 Ave,7180,40.7546011026,-73.971878855,40.77565541,-73.95068615,member
1640705,6462D20DC35239B0,classic_bike,2021-08-14 16:29:48,2021-08-14 16:50:47,E 48 St & 3 Ave,6541,E 84 St & 1 Ave,7180,40.7546011026,-73.971878855,40.77565541,-73.95068615,member
1640707,CF1F245D6BAAC284,classic_bike,2021-08-31 18:06:16,2021-08-31 18:18:04,E 48 St & 3 Ave,6541,E 84 St & 1 Ave,7180,40.7546011026,-73.971878855,40.77565541,-73.95068615,member
1641680,1B26E7D47C82F6F6,classic_bike,2021-08-30 02:24:25,2021-08-30 02:43:54,E 48 St & 3 Ave,6541,E 5 St & Avenue C,5545,40.7546011026,-73.971878855,40.72299208,-73.97995466,member
1641685,CF77B506D6A10073,classic_bike,2021-08-05 17:48:35,2021-08-05 18:05:43,E 48 St & 3 Ave,6541,E 84 St & 1 Ave,7180,40.7546011026,-73.971878855,40.77565541,-73.95068615,member
1642148,00D65B554B630673,classic_bike,2021-08-20 18:44:19,2021-08-20 18:57:33,E 48 St & 3 Ave,6541,E 84 St & 1 Ave,7180,40.7546011026,-73.971878855,40.77565541,-73.95068615,member
1643032,5E00468A505AE1BF,classic_bike,2021-08-07 18:22:13,2021-08-07 18:34:35,E 48 St & 3 Ave,6541,W 45 St & 8 Ave,6676,40.7546011026,-73.971878855,40.75929124,-73.98859651,member
1643040,D2E97B36B276AD35,electric_bike,2021-08-05 16:31:23,2021-08-05 16:54:20,E 48 St & 3 Ave,6541,W 4 St & 7 Ave S,5880,40.7546011026,-73.971878855,40.73401143,-74.00293877,casual
1643084,0CEC13DEC630AD57,classic_bike,2021-08-31 18:16:02,2021-08-31 18:58:00,E 48 St & 3 Ave,6541,Bergen St & Smith St,4446,40.7546011026,-73.971878855,40.6867443,-73.99063168,member
1643124,50E5483FD2BA515E,classic_bike,2021-08-13 19:08:53,2021-08-13 19:26:51,E 48 St & 3 Ave,6541,E 5 St & Avenue C,5545,40.7546011026,-73.971878855,40.72299208,-73.97995466,member
1643279,2C099A1C832041E5,classic_bike,2021-08-09 18:06:23,2021-08-09 18:28:17,E 48 St & 3 Ave,6541,E 84 St & 1 Ave,7180,40.7546011026,-73.971878855,40.77565541,-73.95068615,member
1643280,F59189612DD86F76,classic_bike,2021-08-26 19:13:06,2021-08-26 19:30:15,E 48 St & 3 Ave,6541,Lafayette St & Jersey St,5561,40.7546011026,-73.971878855,40.72456089,-73.99565293,member
1643760,09C1DD0A389A9D3D,classic_bike,2021-08-25 18:12:49,2021-08-25 18:29:05,E 48 St & 3 Ave,6541,E 84 St & 1 Ave,7180,40.7546011026,-73.971878855,40.77565541,-73.95068615,member
1643819,0CA8D526017A88E2,classic_bike,2021-08-02 17:49:04,2021-08-02 18:03:06,E 48 St & 3 Ave,6541,E 84 St & 1 Ave,7180,40.7546011026,-73.971878855,40.77565541,-73.95068615,member
1643827,308753CB6D2920AF,classic_bike,2021-08-18 18:17:59,2021-08-18 18:30:17,E 48 St & 3 Ave,6541,E 84 St & 1 Ave,7180,40.7546011026,-73.971878855,40.77565541,-73.95068615,member
1644041,840AA441F4B59290,classic_bike,2021-08-19 17:31:18,2021-08-19 17:45:29,E 48 St & 3 Ave,6541,E 84 St & 1 Ave,7180,40.7546011026,-73.971878855,40.77565541,-73.95068615,member
1644044,DDB2F7C08375923C,electric_bike,2021-08-09 17:50:04,2021-08-09 18:03:28,E 48 St & 3 Ave,6541,E 84 St & 1 Ave,7180,40.7546011026,-73.971878855,40.77565541,-73.95068615,member
1644045,0B6ED38C5C8ED03D,classic_bike,2021-08-12 17:31:45,2021-08-12 17:46:42,E 48 St & 3 Ave,6541,E 84 St & 1 Ave,7180,40.7546011026,-73.971878855,40.77565541,-73.95068615,member
1667376,84155F8C43CB3336,classic_bike,2021-08-31 13:26:36,2021-08-31 13:34:31,E 48 St & 3 Ave,6541,W 47 St & 6 Ave,6667,40.7546011026,-73.971878855,40.758397,-73.98255,member
1668334,5F7BB923DFBF345F,classic_bike,2021-08-12 18:48:17,2021-08-12 18:54:24,E 48 St & 3 Ave,6541,W 47 St & 6 Ave,6667,40.7546011026,-73.971878855,40.758397,-73.98255,member
1670046,A363305BDA3AF14A,electric_bike,2021-08-18 14:12:59,2021-08-18 16:40:22,E 48 St & 3 Ave,6541,W 47 St & 6 Ave,6667,40.7546011026,-73.971878855,40.758397,-73.98255,casual
1670323,D95BF2C94F8B9B6F,classic_bike,2021-08-02 09:26:00,2021-08-02 09:31:34,E 48 St & 3 Ave,6541,W 47 St & 6 Ave,6667,40.7546011026,-73.971878855,40.758397,-73.98255,member
1670489,FA7F6A3766028653,electric_bike,2021-08-06 12:45:08,2021-08-06 12:53:01,E 48 St & 3 Ave,6541,W 47 St & 6 Ave,6667,40.7546011026,-73.971878855,40.758397,-73.98255,member
1671063,852E5FC4E56A808D,classic_bike,2021-08-16 12:06:14,2021-08-16 12:11:53,E 48 St & 3 Ave,6541,W 47 St & 6 Ave,6667,40.7546011026,-73.971878855,40.758397,-73.98255,member
1671575,DFC0BCC7421AF5AC,electric_bike,2021-08-10 08:37:36,2021-08-10 08:41:54,E 48 St & 3 Ave,6541,W 47 St & 6 Ave,6667,40.7546011026,-73.971878855,40.758397,-73.98255,member
1671580,9664A74C6B7D8127,classic_bike,2021-08-20 23:37:21,2021-08-20 23:45:13,E 48 St & 3 Ave,6541,W 47 St & 6 Ave,6667,40.7546011026,-73.971878855,40.758397,-73.98255,member
1671585,AA9E2E9C1C2B9D0F,classic_bike,2021-08-19 18:00:44,2021-08-19 18:13:10,E 48 St & 3 Ave,6541,W 47 St & 6 Ave,6667,40.7546011026,-73.971878855,40.758397,-73.98255,member
1671587,C0D911641E1C6FAC,classic_bike,2021-08-12 13:13:35,2021-08-12 13:31:32,E 48 St & 3 Ave,6541,W 47 St & 6 Ave,6667,40.7546011026,-73.971878855,40.758397,-73.98255,member
1671600,AD163A51BC73C87C,electric_bike,2021-08-10 14:28:10,2021-08-10 14:49:23,E 48 St & 3 Ave,6541,W 22 St & 10 Ave,6306,40.7546011026,-73.971878855,40.74691959,-74.00451887,member
1672455,B2020B0F261DDAF7,electric_bike,2021-08-26 10:14:02,2021-08-26 10:19:07,E 48 St & 3 Ave,6541,W 47 St & 6 Ave,6667,40.7546011026,-73.971878855,40.758397,-73.98255,member
1672775,0ED656E5660EC715,classic_bike,2021-08-30 11:59:44,2021-08-30 12:21:20,E 48 St & 3 Ave,6541,East End Ave & E 86 St,7113,40.7546011026,-73.971878855,40.77518615,-73.94446054,member
1672783,4799E1FE6E613308,electric_bike,2021-08-15 15:45:27,2021-08-15 16:32:55,E 48 St & 3 Ave,6541,Greenwich St & W Houston St,5730,40.7546011026,-73.971878855,40.728846,-74.008591,casual
1674288,05F75002B949CE93,classic_bike,2021-08-19 15:38:17,2021-08-19 15:54:59,E 48 St & 3 Ave,6541,W 47 St & 6 Ave,6667,40.7546011026,-73.971878855,40.758397,-73.98255,casual
1674347,606E0DB62C04041A,classic_bike,2021-08-17 08:54:25,2021-08-17 09:00:23,E 48 St & 3 Ave,6541,W 47 St & 6 Ave,6667,40.7546011026,-73.971878855,40.758397,-73.98255,member
1674348,BBD593C3EB0BA1A7,classic_bike,2021-08-24 21:25:38,2021-08-24 21:41:55,E 48 St & 3 Ave,6541,W 22 St & 10 Ave,6306,40.7546011026,-73.971878855,40.74691959,-74.00451887,member
1674856,FFB78A7A22356A2F,classic_bike,2021-08-06 16:26:44,2021-08-06 16:32:50,E 48 St & 3 Ave,6541,W 47 St & 6 Ave,6667,40.7546011026,-73.971878855,40.758397,-73.98255,member
1674883,19727D580CCDCC8E,classic_bike,2021-08-23 17:28:53,2021-08-23 17:36:08,E 48 St & 3 Ave,6541,W 47 St & 6 Ave,6667,40.7546011026,-73.971878855,40.758397,-73.98255,member
1675971,88297FC3705FD226,electric_bike,2021-08-26 08:23:23,2021-08-26 08:28:17,E 48 St & 3 Ave,6541,W 47 St & 6 Ave,6667,40.7546011026,-73.971878855,40.758397,-73.98255,member
1675980,7812323E69C4BB7F,classic_bike,2021-08-20 14:38:19,2021-08-20 14:47:11,E 48 St & 3 Ave,6541,W 47 St & 6 Ave,6667,40.7546011026,-73.971878855,40.758397,-73.98255,casual
1675981,2F231BC1E2D021C0,classic_bike,2021-08-18 14:16:21,2021-08-18 14:31:48,E 48 St & 3 Ave,6541,W 47 St & 6 Ave,6667,40.7546011026,-73.971878855,40.758397,-73.98255,casual
1676988,E89F67F717342B20,classic_bike,2021-08-15 15:46:09,2021-08-15 16:27:12,E 48 St & 3 Ave,6541,Greenwich St & W Houston St,5730,40.7546011026,-73.971878855,40.728846,-74.008591,member
1677189,EA9BB6A9D8FE805F,electric_bike,2021-08-06 10:03:35,2021-08-06 10:07:44,E 48 St & 3 Ave,6541,W 47 St & 6 Ave,6667,40.7546011026,-73.971878855,40.758397,-73.98255,member
1677202,A9F3C39ADB6D6E61,electric_bike,2021-08-04 10:09:20,2021-08-04 10:15:35,E 48 St & 3 Ave,6541,W 47 St & 6 Ave,6667,40.7546011026,-73.971878855,40.758397,-73.98255,member
1678740,B7D9B40839AC62C2,classic_bike,2021-08-04 17:37:48,2021-08-04 17:56:13,E 48 St & 3 Ave,6541,W 47 St & 6 Ave,6667,40.7546011026,-73.971878855,40.758397,-73.98255,casual
1679235,E51BD143775B3365,classic_bike,2021-08-26 09:20:12,2021-08-26 09:27:24,E 48 St & 3 Ave,6541,W 47 St & 6 Ave,6667,40.7546011026,-73.971878855,40.758397,-73.98255,member
1679236,0D58F634BBAACE98,classic_bike,2021-08-02 07:49:45,2021-08-02 07:58:00,E 48 St & 3 Ave,6541,W 47 St & 6 Ave,6667,40.7546011026,-73.971878855,40.758397,-73.98255,member
1683514,4D6F8C2FD9E64F4C,electric_bike,2021-08-06 11:34:44,2021-08-06 11:46:40,E 48 St & 3 Ave,6541,W 42 St & Dyer Ave,6644,40.7546011026,-73.971878855,40.75898481399634,-73.99379968643188,member
1706471,6829A3B5AC1A2139,classic_bike,2021-08-03 22:12:32,2021-08-03 22:16:58,E 48 St & 3 Ave,6541,E 51 St & 1 Ave,6532,40.7546011026,-73.971878855,40.75455731,-73.96592976,member
1706483,94842CB88E4FF379,classic_bike,2021-08-11 17:53:37,2021-08-11 17:57:43,E 48 St & 3 Ave,6541,E 51 St & 1 Ave,6532,40.7546011026,-73.971878855,40.75455731,-73.96592976,member
1706485,D110238572CAD1D6,classic_bike,2021-08-04 23:11:24,2021-08-04 23:24:13,E 48 St & 3 Ave,6541,E 51 St & 1 Ave,6532,40.7546011026,-73.971878855,40.75455731,-73.96592976,member
1707625,16F5902D4489F6C5,classic_bike,2021-08-23 17:52:34,2021-08-23 18:06:08,E 48 St & 3 Ave,6541,W 42 St & Dyer Ave,6644,40.7546011026,-73.971878855,40.75898481399634,-73.99379968643188,member
1707642,B99D39228D051EDB,classic_bike,2021-08-18 15:16:47,2021-08-18 15:32:07,E 48 St & 3 Ave,6541,University Pl & E 14 St,5905,40.7546011026,-73.971878855,40.734814,-73.992085,member
1707656,918339D897AD2ECE,electric_bike,2021-08-01 00:14:22,2021-08-01 00:29:46,E 48 St & 3 Ave,6541,24 St & 41 Ave,6505,40.7546011026,-73.971878855,40.752474,-73.939991,casual
1707657,EFD07E292947A713,classic_bike,2021-08-03 16:26:53,2021-08-03 16:30:27,E 48 St & 3 Ave,6541,E 51 St & 1 Ave,6532,40.7546011026,-73.971878855,40.75455731,-73.96592976,casual
1707805,81C0EB0A5324B56D,classic_bike,2021-08-02 23:43:36,2021-08-02 23:58:32,E 48 St & 3 Ave,6541,University Pl & E 14 St,5905,40.7546011026,-73.971878855,40.734814,-73.992085,member
1708592,02F4029F57E8AB5B,classic_bike,2021-08-23 17:39:31,2021-08-23 17:43:36,E 48 St & 3 Ave,6541,E 51 St & 1 Ave,6532,40.7546011026,-73.971878855,40.75455731,-73.96592976,member
1709193,0654612094231AA2,electric_bike,2021-08-23 12:42:00,2021-08-23 12:51:08,E 48 St & 3 Ave,6541,W 42 St & Dyer Ave,6644,40.7546011026,-73.971878855,40.75898481399634,-73.99379968643188,member
1709199,39808019109BD38E,classic_bike,2021-08-25 16:55:37,2021-08-25 16:59:13,E 48 St & 3 Ave,6541,E 51 St & 1 Ave,6532,40.7546011026,-73.971878855,40.75455731,-73.96592976,member
1709204,631CA60E946FEAAC,classic_bike,2021-08-02 17:42:56,2021-08-02 18:01:51,E 48 St & 3 Ave,6541,E 17 St & Broadway,5980,40.7546011026,-73.971878855,40.73704984,-73.99009296,member
1709261,A12934B9426B467C,electric_bike,2021-08-10 13:52:00,2021-08-10 13:56:02,E 48 St & 3 Ave,6541,E 51 St & 1 Ave,6532,40.7546011026,-73.971878855,40.75455731,-73.96592976,member
1709783,CB4BD3BB99F1A9BD,classic_bike,2021-08-12 16:38:28,2021-08-12 16:55:41,E 48 St & 3 Ave,6541,E 17 St & Broadway,5980,40.7546011026,-73.971878855,40.73704984,-73.99009296,member
1710233,363B6778D7EBF59B,classic_bike,2021-08-18 10:00:02,2021-08-18 10:12:56,E 48 St & 3 Ave,6541,University Pl & E 14 St,5905,40.7546011026,-73.971878855,40.734814,-73.992085,member
1710236,5C770DFF2102DBB0,classic_bike,2021-08-08 11:11:27,2021-08-08 11:15:26,E 48 St & 3 Ave,6541,E 51 St & 1 Ave,6532,40.7546011026,-73.971878855,40.75455731,-73.96592976,member
1710245,D0B472AF5AC5E98A,classic_bike,2021-08-07 08:36:22,2021-08-07 08:56:19,E 48 St & 3 Ave,6541,E 17 St & Broadway,5980,40.7546011026,-73.971878855,40.73704984,-73.99009296,member
1710248,6646E66FFFACCF55,classic_bike,2021-08-16 18:56:08,2021-08-16 19:07:49,E 48 St & 3 Ave,6541,E 51 St & 1 Ave,6532,40.7546011026,-73.971878855,40.75455731,-73.96592976,member
1710978,779883D0637EE98D,classic_bike,2021-08-17 12:32:21,2021-08-17 12:59:23,E 48 St & 3 Ave,6541,43 St & Broadway,6670,40.7546011026,-73.971878855,40.7577284,-73.9166368,casual
1711187,4CBAD9F924A8B923,classic_bike,2021-08-06 18:16:08,2021-08-06 18:29:17,E 48 St & 3 Ave,6541,E 17 St & Broadway,5980,40.7546011026,-73.971878855,40.73704984,-73.99009296,member
1713673,1AD9E67763D9EF8C,electric_bike,2021-08-05 17:06:40,2021-08-05 17:11:45,E 48 St & 3 Ave,6541,E 51 St & 1 Ave,6532,40.7546011026,-73.971878855,40.75455731,-73.96592976,member
1714278,A55C0E83A4C8B9B2,electric_bike,2021-08-01 15:45:58,2021-08-01 15:53:34,E 48 St & 3 Ave,6541,W 42 St & Dyer Ave,6644,40.7546011026,-73.971878855,40.75898481399634,-73.99379968643188,member
1715047,BACBE43DEDC5D55F,classic_bike,2021-08-09 16:31:45,2021-08-09 16:45:04,E 48 St & 3 Ave,6541,E 17 St & Broadway,5980,40.7546011026,-73.971878855,40.73704984,-73.99009296,member
1715060,C91B357DB8EF0992,classic_bike,2021-08-23 18:48:14,2021-08-23 19:00:37,E 48 St & 3 Ave,6541,W 42 St & Dyer Ave,6644,40.7546011026,-73.971878855,40.75898481399634,-73.99379968643188,member
1715061,5D41C591601F7556,classic_bike,2021-08-16 15:27:39,2021-08-16 16:02:27,E 48 St & 3 Ave,6541,Convent Ave & W 135 St,7860,40.7546011026,-73.971878855,40.818215,-73.950988,member
1715357,8F435B405D56F70B,electric_bike,2021-08-02 12:10:39,2021-08-02 12:36:17,E 48 St & 3 Ave,6541,E 17 St & Broadway,5980,40.7546011026,-73.971878855,40.73704984,-73.99009296,casual
1715370,EC4F589058AD9FA0,electric_bike,2021-08-27 16:18:42,2021-08-27 16:24:04,E 48 St & 3 Ave,6541,E 51 St & 1 Ave,6532,40.7546011026,-73.971878855,40.75455731,-73.96592976,member
1715377,60339EE48AC06542,classic_bike,2021-08-02 19:58:55,2021-08-02 20:35:06,E 48 St & 3 Ave,6541,Lenox Ave & W 126 St,7720,40.7546011026,-73.971878855,40.808442,-73.9452087,member
1715404,F58C2F5A0A578C46,classic_bike,2021-08-10 17:53:08,2021-08-10 17:57:01,E 48 St & 3 Ave,6541,E 51 St & 1 Ave,6532,40.7546011026,-73.971878855,40.75455731,-73.96592976,member
1715431,5B7A27CD2031F84C,classic_bike,2021-08-27 18:23:50,2021-08-27 18:27:20,E 48 St & 3 Ave,6541,E 51 St & 1 Ave,6532,40.7546011026,-73.971878855,40.75455731,-73.96592976,member
1715432,ED319717AA1A92DC,classic_bike,2021-08-28 14:02:22,2021-08-28 14:26:50,E 48 St & 3 Ave,6541,E 17 St & Broadway,5980,40.7546011026,-73.971878855,40.73704984,-73.99009296,casual
1715436,695FB031F4270425,classic_bike,2021-08-04 23:07:13,2021-08-04 23:16:44,E 48 St & 3 Ave,6541,E 51 St & 1 Ave,6532,40.7546011026,-73.971878855,40.75455731,-73.96592976,member
1715440,CD55B7BBAA619084,classic_bike,2021-08-01 22:27:49,2021-08-01 22:41:27,E 48 St & 3 Ave,6541,University Pl & E 14 St,5905,40.7546011026,-73.971878855,40.734814,-73.992085,member
1716220,AF5C8D4378FF6F6E,classic_bike,2021-08-07 08:47:00,2021-08-07 09:07:01,E 48 St & 3 Ave,6541,E 17 St & Broadway,5980,40.7546011026,-73.971878855,40.73704984,-73.99009296,member
1716640,A1D0ABC914321477,electric_bike,2021-08-08 21:04:31,2021-08-08 21:19:17,E 48 St & 3 Ave,6541,W 42 St & Dyer Ave,6644,40.7546011026,-73.971878855,40.75898481399634,-73.99379968643188,member
1716936,4006243059019D86,classic_bike,2021-08-24 14:55:32,2021-08-24 15:27:02,E 48 St & 3 Ave,6541,E 51 St & 1 Ave,6532,40.7546011026,-73.971878855,40.75455731,-73.96592976,member
1718499,21AE16374AC0593A,classic_bike,2021-08-19 19:19:11,2021-08-19 19:26:50,E 48 St & 3 Ave,6541,Lexington Ave & E 29 St,6164,40.7546011026,-73.971878855,40.74311555376486,-73.98215353488922,casual
1718907,5D1C09E18C84F5F2,classic_bike,2021-08-20 20:51:10,2021-08-20 21:13:53,E 48 St & 3 Ave,6541,E 93 St & 2 Ave,7286,40.7546011026,-73.971878855,40.782454175279874,-73.9489196240902,member
1718912,98BA8717AFE7C4BC,electric_bike,2021-08-14 18:39:40,2021-08-14 18:49:36,E 48 St & 3 Ave,6541,Lexington Ave & E 29 St,6164,40.7546011026,-73.971878855,40.74311555376486,-73.98215353488922,casual
1722155,63EAE4040FAFDB3B,classic_bike,2021-08-09 10:33:56,2021-08-09 10:41:40,E 48 St & 3 Ave,6541,Lexington Ave & E 29 St,6164,40.7546011026,-73.971878855,40.74311555376486,-73.98215353488922,member
1724524,3C6FF5912372A67F,electric_bike,2021-08-16 09:17:22,2021-08-16 09:27:17,E 48 St & 3 Ave,6541,Lexington Ave & E 29 St,6164,40.7546011026,-73.971878855,40.74311555376486,-73.98215353488922,member
1727514,C7E3095ED46EF203,classic_bike,2021-08-06 17:14:11,2021-08-06 17:33:41,E 48 St & 3 Ave,6541,E 93 St & 2 Ave,7286,40.7546011026,-73.971878855,40.782454175279874,-73.9489196240902,member
1727729,BA1AA909BB50A744,classic_bike,2021-08-14 18:51:44,2021-08-14 19:00:56,E 48 St & 3 Ave,6541,Lexington Ave & E 29 St,6164,40.7546011026,-73.971878855,40.74311555376486,-73.98215353488922,member
1727733,547B71950EB479F8,classic_bike,2021-08-19 16:05:49,2021-08-19 16:19:27,E 48 St & 3 Ave,6541,Lexington Ave & E 29 St,6164,40.7546011026,-73.971878855,40.74311555376486,-73.98215353488922,casual
1728376,9E57D33ED3AC5C85,classic_bike,2021-08-29 01:48:52,2021-08-29 01:54:22,E 48 St & 3 Ave,6541,Lexington Ave & E 29 St,6164,40.7546011026,-73.971878855,40.74311555376486,-73.98215353488922,member
1728590,F8CF9AC7DDF0C103,electric_bike,2021-08-20 00:09:45,2021-08-20 00:15:13,E 48 St & 3 Ave,6541,Lexington Ave & E 29 St,6164,40.7546011026,-73.971878855,40.74311555376486,-73.98215353488922,member
1728702,C7C5BA4743206208,classic_bike,2021-08-26 22:03:51,2021-08-26 22:20:33,E 48 St & 3 Ave,6541,Lexington Ave & E 29 St,6164,40.7546011026,-73.971878855,40.74311555376486,-73.98215353488922,member
1728818,5D4D441FAFC4F887,classic_bike,2021-08-18 08:23:34,2021-08-18 08:33:50,E 48 St & 3 Ave,6541,Lexington Ave & E 29 St,6164,40.7546011026,-73.971878855,40.74311555376486,-73.98215353488922,member
1728850,EC9FC0AD8E52EE38,classic_bike,2021-08-05 14:29:32,2021-08-05 14:37:21,E 48 St & 3 Ave,6541,Lexington Ave & E 29 St,6164,40.7546011026,-73.971878855,40.74311555376486,-73.98215353488922,member
1729025,90B40505BC8F1DF8,classic_bike,2021-08-19 12:12:58,2021-08-19 12:20:57,E 48 St & 3 Ave,6541,Lexington Ave & E 29 St,6164,40.7546011026,-73.971878855,40.74311555376486,-73.98215353488922,member
1729264,968EA8FF915508B1,classic_bike,2021-08-17 19:53:02,2021-08-17 20:08:34,E 48 St & 3 Ave,6541,Lexington Ave & E 29 St,6164,40.7546011026,-73.971878855,40.74311555376486,-73.98215353488922,member
1729442,6F87DBE5F4F283A8,classic_bike,2021-08-21 00:46:02,2021-08-21 00:54:32,E 48 St & 3 Ave,6541,Lexington Ave & E 29 St,6164,40.7546011026,-73.971878855,40.74311555376486,-73.98215353488922,member
1729443,CC52E87A581B7961,electric_bike,2021-08-24 23:41:38,2021-08-24 23:51:39,E 48 St & 3 Ave,6541,Lexington Ave & E 29 St,6164,40.7546011026,-73.971878855,40.74311555376486,-73.98215353488922,member
1729805,C0854C7D5FCCF192,classic_bike,2021-08-25 10:10:36,2021-08-25 10:16:32,E 48 St & 3 Ave,6541,Lexington Ave & E 29 St,6164,40.7546011026,-73.971878855,40.74311555376486,-73.98215353488922,member
1730172,2F76E0FCA3ADF58C,classic_bike,2021-08-08 01:23:25,2021-08-08 01:30:30,E 48 St & 3 Ave,6541,Lexington Ave & E 29 St,6164,40.7546011026,-73.971878855,40.74311555376486,-73.98215353488922,member
1730190,131F275CEA548F1C,electric_bike,2021-08-16 00:21:18,2021-08-16 00:26:03,E 48 St & 3 Ave,6541,Lexington Ave & E 29 St,6164,40.7546011026,-73.971878855,40.74311555376486,-73.98215353488922,member
1730191,861F872B12028076,electric_bike,2021-08-29 00:12:32,2021-08-29 00:19:38,E 48 St & 3 Ave,6541,Lexington Ave & E 29 St,6164,40.7546011026,-73.971878855,40.74311555376486,-73.98215353488922,member
1730199,46E7C8D7B5C1CFEB,electric_bike,2021-08-31 14:46:54,2021-08-31 14:53:59,E 48 St & 3 Ave,6541,Lexington Ave & E 29 St,6164,40.7546011026,-73.971878855,40.74311555376486,-73.98215353488922,member
1730209,B9C4CC1B8E88A442,electric_bike,2021-08-13 11:48:31,2021-08-13 11:58:07,E 48 St & 3 Ave,6541,Lexington Ave & E 29 St,6164,40.7546011026,-73.971878855,40.74311555376486,-73.98215353488922,member
1735200,08F4F17350DD494C,electric_bike,2021-08-04 12:15:00,2021-08-04 12:33:42,E 48 St & 3 Ave,6541,W Broadway & W Houston St,5644,40.7546011026,-73.971878855,40.726378,-74.000472,casual
1740882,D2332A6FC5296B82,electric_bike,2021-08-11 17:01:20,2021-08-11 17:12:39,E 48 St & 3 Ave,6541,10 Ave & W 28 St,6459,40.7546011026,-73.971878855,40.75066386,-74.00176802,member
1740883,20238823E723FCF1,classic_bike,2021-08-17 17:01:08,2021-08-17 17:15:48,E 48 St & 3 Ave,6541,10 Ave & W 28 St,6459,40.7546011026,-73.971878855,40.75066386,-74.00176802,member
1740901,5EC438411A484474,classic_bike,2021-08-30 12:26:02,2021-08-30 14:45:49,E 48 St & 3 Ave,6541,West St & Chambers St,5329,40.7546011026,-73.971878855,40.71754834,-74.01322069,casual
1760600,4A9893951C6D66C8,classic_bike,2021-08-19 17:48:16,2021-08-19 18:02:37,E 48 St & 3 Ave,6541,10 Ave & W 28 St,6459,40.7546011026,-73.971878855,40.75066386,-74.00176802,member
1763343,207B8A38D5B7D137,classic_bike,2021-08-27 16:45:57,2021-08-27 16:59:08,E 48 St & 3 Ave,6541,10 Ave & W 28 St,6459,40.7546011026,-73.971878855,40.75066386,-74.00176802,member
1763350,4901C52B34B1900F,electric_bike,2021-08-30 14:59:39,2021-08-30 15:11:07,E 48 St & 3 Ave,6541,10 Ave & W 28 St,6459,40.7546011026,-73.971878855,40.75066386,-74.00176802,member
1763351,B30C1EED2498286A,electric_bike,2021-08-06 16:50:33,2021-08-06 17:02:14,E 48 St & 3 Ave,6541,10 Ave & W 28 St,6459,40.7546011026,-73.971878855,40.75066386,-74.00176802,member
1763836,8D4B77E826C5AC2A,classic_bike,2021-08-16 17:05:37,2021-08-16 17:19:16,E 48 St & 3 Ave,6541,10 Ave & W 28 St,6459,40.7546011026,-73.971878855,40.75066386,-74.00176802,member
1764840,444CEF7865A1B1FF,classic_bike,2021-08-18 17:48:15,2021-08-18 18:11:52,E 48 St & 3 Ave,6541,10 Ave & W 28 St,6459,40.7546011026,-73.971878855,40.75066386,-74.00176802,member
1764939,3AC0AC2F24835D55,electric_bike,2021-08-23 12:21:49,2021-08-23 12:32:20,E 48 St & 3 Ave,6541,W 52 St & 11 Ave,6926,40.7546011026,-73.971878855,40.76727216,-73.99392888,member
1765456,080AC4780D0EF57D,classic_bike,2021-08-27 16:25:37,2021-08-27 17:33:28,E 48 St & 3 Ave,6541,West St & Chambers St,5329,40.7546011026,-73.971878855,40.71754834,-74.01322069,casual
1765685,A9E5CB936B82F562,electric_bike,2021-08-28 20:17:01,2021-08-28 20:53:33,E 48 St & 3 Ave,6541,West St & Chambers St,5329,40.7546011026,-73.971878855,40.71754834,-74.01322069,member
1766224,6F20B771CBC3A58A,classic_bike,2021-08-30 18:22:17,2021-08-30 18:50:48,E 48 St & 3 Ave,6541,West St & Chambers St,5329,40.7546011026,-73.971878855,40.71754834,-74.01322069,member
1766225,E1B7EF5628345CC3,electric_bike,2021-08-24 17:13:42,2021-08-24 17:26:51,E 48 St & 3 Ave,6541,10 Ave & W 28 St,6459,40.7546011026,-73.971878855,40.75066386,-74.00176802,member
1766230,2D1FCEA0AF33DE55,classic_bike,2021-08-09 18:06:29,2021-08-09 18:25:46,E 48 St & 3 Ave,6541,W 52 St & 11 Ave,6926,40.7546011026,-73.971878855,40.76727216,-73.99392888,casual
1766290,A4C1F1A772D41B2F,electric_bike,2021-08-01 07:59:57,2021-08-01 08:07:47,E 48 St & 3 Ave,6541,W 52 St & 11 Ave,6926,40.7546011026,-73.971878855,40.76727216,-73.99392888,member
1769417,AA7F1B6F99E66F3B,electric_bike,2021-08-28 20:17:04,2021-08-28 20:53:40,E 48 St & 3 Ave,6541,West St & Chambers St,5329,40.7546011026,-73.971878855,40.71754834,-74.01322069,member
1769440,DB5A535AC53BC7A4,classic_bike,2021-08-03 17:50:55,2021-08-03 18:04:48,E 48 St & 3 Ave,6541,W 52 St & 11 Ave,6926,40.7546011026,-73.971878855,40.76727216,-73.99392888,member
1769472,5C14FF606A8E8DB9,classic_bike,2021-08-10 21:03:49,2021-08-10 21:24:45,E 48 St & 3 Ave,6541,10 Ave & W 28 St,6459,40.7546011026,-73.971878855,40.75066386,-74.00176802,casual
1769500,965DE65D718D0237,classic_bike,2021-08-31 22:07:08,2021-08-31 22:35:02,E 48 St & 3 Ave,6541,W Broadway & W Houston St,5644,40.7546011026,-73.971878855,40.726378,-74.000472,casual
1770771,25ED1DD5DA8F70EB,classic_bike,2021-08-26 16:40:31,2021-08-26 16:54:24,E 48 St & 3 Ave,6541,10 Ave & W 28 St,6459,40.7546011026,-73.971878855,40.75066386,-74.00176802,member
1787552,4A0A18DC0BDEFC32,electric_bike,2021-08-28 17:45:03,2021-08-28 18:04:15,E 48 St & 3 Ave,6541,St Marks Pl & 1 Ave,5626,40.7546011026,-73.971878855,40.72779126,-73.98564945,member
1788820,6FD154C1FD057934,classic_bike,2021-08-15 15:56:41,2021-08-15 16:54:01,E 48 St & 3 Ave,6541,Albany St & Greenwich St,5145,40.7546011026,-73.971878855,40.709267,-74.013247,casual
1788823,29035AE91AA7787C,classic_bike,2021-08-15 15:52:48,2021-08-15 16:54:05,E 48 St & 3 Ave,6541,Albany St & Greenwich St,5145,40.7546011026,-73.971878855,40.709267,-74.013247,casual
1789039,F9655C3853B2C42B,classic_bike,2021-08-03 15:14:29,2021-08-03 15:28:53,E 48 St & 3 Ave,6541,St Marks Pl & 1 Ave,5626,40.7546011026,-73.971878855,40.72779126,-73.98564945,member
1789046,15EA3F3223B7F7EE,classic_bike,2021-08-21 16:53:39,2021-08-21 18:03:33,E 48 St & 3 Ave,6541,W 155 St & Frederick Douglass Blvd,8065,40.7546011026,-73.971878855,40.82923,-73.936996,casual
1789344,D752BC8C76DF1E13,classic_bike,2021-08-26 23:30:00,2021-08-27 00:03:13,E 48 St & 3 Ave,6541,Johnson St & Gold St,4668,40.7546011026,-73.971878855,40.69474881,-73.98362464,member
1789971,C3D81FA8ABBB8D3A,classic_bike,2021-08-05 14:46:33,2021-08-05 15:02:19,E 48 St & 3 Ave,6541,St Marks Pl & 1 Ave,5626,40.7546011026,-73.971878855,40.72779126,-73.98564945,member
1791789,F9429E2639B684F2,classic_bike,2021-08-15 15:53:33,2021-08-15 16:54:11,E 48 St & 3 Ave,6541,Albany St & Greenwich St,5145,40.7546011026,-73.971878855,40.709267,-74.013247,casual
1792094,51D99B6E5A1A9F97,electric_bike,2021-08-11 12:36:55,2021-08-11 13:03:27,E 48 St & 3 Ave,6541,Broadway & Battery Pl,4962,40.7546011026,-73.971878855,40.70463334,-74.01361706,member
1792157,4B34D9D37F7109EB,classic_bike,2021-08-13 12:51:32,2021-08-13 13:07:14,E 48 St & 3 Ave,6541,St Marks Pl & 1 Ave,5626,40.7546011026,-73.971878855,40.72779126,-73.98564945,member
1792162,7A47FD7F2E0C6888,classic_bike,2021-08-14 16:08:29,2021-08-14 16:54:12,E 48 St & 3 Ave,6541,Liberty St & Nassau St,5105,40.7546011026,-73.971878855,40.70858894240581,-74.00935482235809,casual
1792304,588432013503D9E8,electric_bike,2021-08-21 03:57:08,2021-08-21 04:37:38,E 48 St & 3 Ave,6541,W 155 St & Frederick Douglass Blvd,8065,40.7546011026,-73.971878855,40.82923,-73.936996,member
1792308,960CDB1C5DA1F746,classic_bike,2021-08-03 17:33:09,2021-08-03 17:47:30,E 48 St & 3 Ave,6541,St Marks Pl & 1 Ave,5626,40.7546011026,-73.971878855,40.72779126,-73.98564945,member
1792661,66A2354AF8F89F9D,classic_bike,2021-08-06 13:38:38,2021-08-06 13:51:30,E 48 St & 3 Ave,6541,St Marks Pl & 1 Ave,5626,40.7546011026,-73.971878855,40.72779126,-73.98564945,member
1796298,760D74C5C70B4948,classic_bike,2021-08-30 00:28:11,2021-08-30 00:54:48,E 48 St & 3 Ave,6541,E 116 St & 2 Ave,7563,40.7546011026,-73.971878855,40.796879,-73.937261,casual
1797161,454C838F808849A2,electric_bike,2021-08-05 19:16:46,2021-08-05 19:43:21,E 48 St & 3 Ave,6541,Central Park W & W 97 St,7538,40.7546011026,-73.971878855,40.79249519495111,-73.96417066463071,casual
1805591,44A172D7F227D533,classic_bike,2021-08-24 17:54:58,2021-08-24 18:33:39,E 48 St & 3 Ave,6541,Central Park W & W 97 St,7538,40.7546011026,-73.971878855,40.79249519495111,-73.96417066463071,casual
1807092,FF9496F224EF71D2,classic_bike,2021-08-07 10:09:44,2021-08-07 11:37:10,E 48 St & 3 Ave,6541,Clinton St & Tillary St,4748,40.7546011026,-73.971878855,40.69623297129316,-73.99142056703568,casual
1808519,2D6945C27287E33B,classic_bike,2021-08-09 18:09:58,2021-08-09 18:32:39,E 48 St & 3 Ave,6541,Central Park W & W 97 St,7538,40.7546011026,-73.971878855,40.79249519495111,-73.96417066463071,member
1808525,2CE5C362746008CA,electric_bike,2021-08-17 08:00:45,2021-08-17 08:19:59,E 48 St & 3 Ave,6541,Central Park W & W 97 St,7538,40.7546011026,-73.971878855,40.79249519495111,-73.96417066463071,member
1808684,4173A4D5D559D657,electric_bike,2021-08-11 09:56:09,2021-08-11 10:14:48,E 48 St & 3 Ave,6541,E 116 St & 2 Ave,7563,40.7546011026,-73.971878855,40.796879,-73.937261,member
1814422,CF0D9ACD70EB08BF,electric_bike,2021-08-25 08:35:14,2021-08-25 08:42:19,E 48 St & 3 Ave,6541,E 60 St & York Ave,6682,40.7546011026,-73.971878855,40.759107,-73.959223,member
1823365,B850F9C6A64F1C9C,electric_bike,2021-08-11 09:24:19,2021-08-11 09:30:16,E 48 St & 3 Ave,6541,E 60 St & York Ave,6682,40.7546011026,-73.971878855,40.759107,-73.959223,member
1823435,AE87A261EA4FD494,electric_bike,2021-08-06 10:29:19,2021-08-06 10:34:58,E 48 St & 3 Ave,6541,E 60 St & York Ave,6682,40.7546011026,-73.971878855,40.759107,-73.959223,member
1823752,CB41F634C9BD19FD,classic_bike,2021-08-30 09:50:04,2021-08-30 10:02:57,E 48 St & 3 Ave,6541,E 60 St & York Ave,6682,40.7546011026,-73.971878855,40.759107,-73.959223,casual
1824877,E4995E5B7BD18FAF,classic_bike,2021-08-03 16:54:15,2021-08-03 17:02:43,E 48 St & 3 Ave,6541,E 60 St & York Ave,6682,40.7546011026,-73.971878855,40.759107,-73.959223,member
1826161,84CF15439A454684,classic_bike,2021-08-09 19:15:53,2021-08-09 19:28:53,E 48 St & 3 Ave,6541,12 Ave & W 40 St,6765,40.7546011026,-73.971878855,40.76087502,-74.00277668,casual
1835540,5C3286DE406EC3F5,electric_bike,2021-08-13 11:51:24,2021-08-13 12:02:06,E 48 St & 3 Ave,6541,W 47 St & 10 Ave,6824,40.7546011026,-73.971878855,40.76269882,-73.99301222,casual
1839676,D984E7EFF81C2447,classic_bike,2021-08-03 19:29:26,2021-08-03 19:41:44,E 48 St & 3 Ave,6541,E 16 St & Irving Pl,5938,40.7546011026,-73.971878855,40.735367055605394,-73.98797392845154,member
1839677,D91CE37E8FF974C0,electric_bike,2021-08-13 11:10:56,2021-08-13 11:20:57,E 48 St & 3 Ave,6541,W 47 St & 10 Ave,6824,40.7546011026,-73.971878855,40.76269882,-73.99301222,member
1839678,19BE7747B16FDDF6,classic_bike,2021-08-18 16:53:56,2021-08-18 17:08:22,E 48 St & 3 Ave,6541,1 Ave & E 18 St,5854,40.7546011026,-73.971878855,40.73381219196632,-73.98054420948029,member
1839681,37F8018BD04B35D2,classic_bike,2021-08-10 15:32:11,2021-08-10 15:51:49,E 48 St & 3 Ave,6541,12 Ave & W 40 St,6765,40.7546011026,-73.971878855,40.76087502,-74.00277668,casual
1839683,7C8AA1FC1CD4B15C,electric_bike,2021-08-10 11:38:25,2021-08-10 11:51:07,E 48 St & 3 Ave,6541,W 47 St & 10 Ave,6824,40.7546011026,-73.971878855,40.76269882,-73.99301222,casual
1839687,2E70EF0C71745E07,classic_bike,2021-08-01 17:22:41,2021-08-01 17:44:52,E 48 St & 3 Ave,6541,12 Ave & W 40 St,6765,40.7546011026,-73.971878855,40.76087502,-74.00277668,casual
1839694,ECF4F86917F409C4,classic_bike,2021-08-15 15:30:24,2021-08-15 15:44:31,E 48 St & 3 Ave,6541,Broadway & W 37 St,6441,40.7546011026,-73.971878855,40.75172632,-73.98753523,casual
1858903,52658BE5B7E09A0F,electric_bike,2021-08-19 09:54:12,2021-08-19 10:09:23,E 48 St & 3 Ave,6541,1 Ave & E 18 St,5854,40.7546011026,-73.971878855,40.73381219196632,-73.98054420948029,casual
1858904,D69A257599054E3B,electric_bike,2021-08-24 12:32:36,2021-08-24 12:42:14,E 48 St & 3 Ave,6541,W 47 St & 10 Ave,6824,40.7546011026,-73.971878855,40.76269882,-73.99301222,casual
1859210,43AE74109B9B9158,classic_bike,2021-08-08 12:30:45,2021-08-08 12:44:47,E 48 St & 3 Ave,6541,1 Ave & E 18 St,5854,40.7546011026,-73.971878855,40.73381219196632,-73.98054420948029,member
1859220,97A5012302038213,classic_bike,2021-08-29 14:35:50,2021-08-29 14:52:48,E 48 St & 3 Ave,6541,12 Ave & W 40 St,6765,40.7546011026,-73.971878855,40.76087502,-74.00277668,casual
1859508,FD8F061C7385866C,classic_bike,2021-08-23 17:13:44,2021-08-23 17:33:51,E 48 St & 3 Ave,6541,E 13 St & Avenue A,5779,40.7546011026,-73.971878855,40.72966729392978,-73.98067966103554,member
1859509,F1F628B2ABDBE81D,classic_bike,2021-08-29 17:48:54,2021-08-29 17:59:46,E 48 St & 3 Ave,6541,Broadway & W 37 St,6441,40.7546011026,-73.971878855,40.75172632,-73.98753523,member
1859512,BB579E8F427ABD54,electric_bike,2021-08-28 15:19:45,2021-08-28 15:30:18,E 48 St & 3 Ave,6541,E 16 St & Irving Pl,5938,40.7546011026,-73.971878855,40.735367055605394,-73.98797392845154,member
1861295,AF894F9A7CBBC1F4,classic_bike,2021-08-12 09:52:04,2021-08-12 10:03:01,E 48 St & 3 Ave,6541,W 47 St & 10 Ave,6824,40.7546011026,-73.971878855,40.76269882,-73.99301222,member
1861297,5801A190AEA903EB,classic_bike,2021-08-06 15:59:21,2021-08-06 16:14:55,E 48 St & 3 Ave,6541,E 13 St & Avenue A,5779,40.7546011026,-73.971878855,40.72966729392978,-73.98067966103554,member
1861304,58BC3CEDCC9CFF55,electric_bike,2021-08-18 14:45:41,2021-08-18 14:57:01,E 48 St & 3 Ave,6541,1 Ave & E 18 St,5854,40.7546011026,-73.971878855,40.73381219196632,-73.98054420948029,member
1861324,C3F396AFCB52EFA7,classic_bike,2021-08-30 17:10:31,2021-08-30 17:25:52,E 48 St & 3 Ave,6541,1 Ave & E 18 St,5854,40.7546011026,-73.971878855,40.73381219196632,-73.98054420948029,member
1861339,C742B79B572A3E09,classic_bike,2021-08-17 17:50:46,2021-08-17 18:02:33,E 48 St & 3 Ave,6541,W 47 St & 10 Ave,6824,40.7546011026,-73.971878855,40.76269882,-73.99301222,member
1863375,428E5D69E6842839,classic_bike,2021-08-26 18:29:02,2021-08-26 18:56:49,E 48 St & 3 Ave,6541,12 Ave & W 40 St,6765,40.7546011026,-73.971878855,40.76087502,-74.00277668,casual
1863440,A3C9F177A6D87292,classic_bike,2021-08-13 16:33:23,2021-08-13 16:42:08,E 48 St & 3 Ave,6541,Broadway & W 37 St,6441,40.7546011026,-73.971878855,40.75172632,-73.98753523,member
1863457,0DDE39ED4C67F36E,classic_bike,2021-08-03 17:40:22,2021-08-03 17:56:34,E 48 St & 3 Ave,6541,E 13 St & Avenue A,5779,40.7546011026,-73.971878855,40.72966729392978,-73.98067966103554,casual
1863527,740F8940FE4A5D12,classic_bike,2021-08-23 18:05:35,2021-08-23 18:23:30,E 48 St & 3 Ave,6541,1 Ave & E 18 St,5854,40.7546011026,-73.971878855,40.73381219196632,-73.98054420948029,member
1863883,7571952D13B337A9,classic_bike,2021-08-27 08:17:24,2021-08-27 08:30:36,E 48 St & 3 Ave,6541,W 47 St & 10 Ave,6824,40.7546011026,-73.971878855,40.76269882,-73.99301222,member
1863884,6964A221406219B6,classic_bike,2021-08-07 23:53:34,2021-08-08 00:09:06,E 48 St & 3 Ave,6541,1 Ave & E 18 St,5854,40.7546011026,-73.971878855,40.73381219196632,-73.98054420948029,member
1863888,75F19DC7FE9F50E7,electric_bike,2021-08-17 20:30:55,2021-08-17 20:42:00,E 48 St & 3 Ave,6541,E 16 St & Irving Pl,5938,40.7546011026,-73.971878855,40.735367055605394,-73.98797392845154,member
1863918,5B270E74F32784DE,electric_bike,2021-08-02 16:05:30,2021-08-02 16:23:04,E 48 St & 3 Ave,6541,1 Ave & E 18 St,5854,40.7546011026,-73.971878855,40.73381219196632,-73.98054420948029,member
1863930,BC7E6C09AAAAF33A,electric_bike,2021-08-29 01:05:37,2021-08-29 01:20:18,E 48 St & 3 Ave,6541,E 13 St & Avenue A,5779,40.7546011026,-73.971878855,40.72966729392978,-73.98067966103554,member
1863931,64365EB5C2DABBC2,electric_bike,2021-08-10 10:35:12,2021-08-10 10:45:34,E 48 St & 3 Ave,6541,E 13 St & Avenue A,5779,40.7546011026,-73.971878855,40.72966729392978,-73.98067966103554,casual
1863949,E2A8C5345F8B1B6C,classic_bike,2021-08-13 16:40:58,2021-08-13 16:58:17,E 48 St & 3 Ave,6541,E 13 St & Avenue A,5779,40.7546011026,-73.971878855,40.72966729392978,-73.98067966103554,member
1863952,367F97DD87B9A197,classic_bike,2021-08-09 20:23:48,2021-08-09 20:34:11,E 48 St & 3 Ave,6541,E 16 St & Irving Pl,5938,40.7546011026,-73.971878855,40.735367055605394,-73.98797392845154,member
1863954,BCC38E3E7298733A,classic_bike,2021-08-24 17:42:43,2021-08-24 17:59:17,E 48 St & 3 Ave,6541,12 Ave & W 40 St,6765,40.7546011026,-73.971878855,40.76087502,-74.00277668,member
1863966,BBD70DB807DA4764,classic_bike,2021-08-17 18:26:40,2021-08-17 18:43:36,E 48 St & 3 Ave,6541,12 Ave & W 40 St,6765,40.7546011026,-73.971878855,40.76087502,-74.00277668,casual
1863983,33A9D49091E1CE51,classic_bike,2021-08-20 16:10:31,2021-08-20 16:25:42,E 48 St & 3 Ave,6541,1 Ave & E 18 St,5854,40.7546011026,-73.971878855,40.73381219196632,-73.98054420948029,member
1863988,D95839BD43C5E24E,classic_bike,2021-08-05 15:59:16,2021-08-05 16:17:32,E 48 St & 3 Ave,6541,E 13 St & Avenue A,5779,40.7546011026,-73.971878855,40.72966729392978,-73.98067966103554,member
1865671,5F38054EF28F334C,classic_bike,2021-08-31 18:13:01,2021-08-31 18:29:08,E 48 St & 3 Ave,6541,1 Ave & E 18 St,5854,40.7546011026,-73.971878855,40.73381219196632,-73.98054420948029,member
1865837,B0EDE821180FAB9B,classic_bike,2021-08-25 11:10:19,2021-08-25 11:20:03,E 48 St & 3 Ave,6541,W 47 St & 10 Ave,6824,40.7546011026,-73.971878855,40.76269882,-73.99301222,member
1866559,FA35AB4AD47333EB,classic_bike,2021-08-24 18:13:36,2021-08-24 18:27:04,E 48 St & 3 Ave,6541,E 16 St & Irving Pl,5938,40.7546011026,-73.971878855,40.735367055605394,-73.98797392845154,member
1866560,1F8861617420BFC2,classic_bike,2021-08-03 19:18:39,2021-08-03 19:35:37,E 48 St & 3 Ave,6541,12 Ave & W 40 St,6765,40.7546011026,-73.971878855,40.76087502,-74.00277668,member
1866582,D7665510E6503BF1,classic_bike,2021-08-01 17:23:56,2021-08-01 17:45:13,E 48 St & 3 Ave,6541,12 Ave & W 40 St,6765,40.7546011026,-73.971878855,40.76087502,-74.00277668,casual
1866986,E213B85405835596,classic_bike,2021-08-19 20:11:27,2021-08-19 20:27:26,E 48 St & 3 Ave,6541,1 Ave & E 18 St,5854,40.7546011026,-73.971878855,40.73381219196632,-73.98054420948029,member
1867267,67539498B9F5CF89,electric_bike,2021-08-03 23:49:32,2021-08-03 23:56:15,E 48 St & 3 Ave,6541,W 47 St & 10 Ave,6824,40.7546011026,-73.971878855,40.76269882,-73.99301222,member
1867405,B02A9FA7ED0DFF79,classic_bike,2021-08-31 22:36:24,2021-08-31 22:49:50,E 48 St & 3 Ave,6541,E 16 St & Irving Pl,5938,40.7546011026,-73.971878855,40.735367055605394,-73.98797392845154,member
1867832,2043FA7B25CAE45D,classic_bike,2021-08-26 16:30:00,2021-08-26 16:43:26,E 48 St & 3 Ave,6541,1 Ave & E 18 St,5854,40.7546011026,-73.971878855,40.73381219196632,-73.98054420948029,member
1867834,BA85E8350EEB0824,classic_bike,2021-08-03 16:00:13,2021-08-03 16:15:57,E 48 St & 3 Ave,6541,E 13 St & Avenue A,5779,40.7546011026,-73.971878855,40.72966729392978,-73.98067966103554,member
1867835,43037CA30EDA1E5D,electric_bike,2021-08-26 09:58:57,2021-08-26 10:05:14,E 48 St & 3 Ave,6541,W 47 St & 10 Ave,6824,40.7546011026,-73.971878855,40.76269882,-73.99301222,member
1867850,A6F670497D7666DB,classic_bike,2021-08-26 18:34:30,2021-08-26 18:44:59,E 48 St & 3 Ave,6541,W 47 St & 10 Ave,6824,40.7546011026,-73.971878855,40.76269882,-73.99301222,member
1867915,E42A2023A369DCA5,classic_bike,2021-08-10 17:36:48,2021-08-10 17:51:26,E 48 St & 3 Ave,6541,1 Ave & E 18 St,5854,40.7546011026,-73.971878855,40.73381219196632,-73.98054420948029,member
1868636,A0BF1E1DFE4CE77D,electric_bike,2021-08-30 14:55:34,2021-08-30 15:08:43,E 48 St & 3 Ave,6541,Broadway & W 37 St,6441,40.7546011026,-73.971878855,40.75172632,-73.98753523,member
1868655,2B80C3DD2CEA2417,classic_bike,2021-08-26 18:30:45,2021-08-26 18:44:14,E 48 St & 3 Ave,6541,12 Ave & W 40 St,6765,40.7546011026,-73.971878855,40.76087502,-74.00277668,casual
1868875,EA4879B4E92A8356,classic_bike,2021-08-24 17:37:28,2021-08-24 17:52:35,E 48 St & 3 Ave,6541,1 Ave & E 18 St,5854,40.7546011026,-73.971878855,40.73381219196632,-73.98054420948029,member
1868876,56FB0F45A60BFE1A,classic_bike,2021-08-09 17:03:47,2021-08-09 17:19:52,E 48 St & 3 Ave,6541,1 Ave & E 18 St,5854,40.7546011026,-73.971878855,40.73381219196632,-73.98054420948029,member
1868877,C1FC574474A633C7,classic_bike,2021-08-04 16:00:51,2021-08-04 16:17:28,E 48 St & 3 Ave,6541,E 13 St & Avenue A,5779,40.7546011026,-73.971878855,40.72966729392978,-73.98067966103554,member
1871090,A8C331D5FA323D2C,electric_bike,2021-08-20 09:47:09,2021-08-20 09:56:28,E 48 St & 3 Ave,6541,8 Ave & W 38 St,6526,40.7546011026,-73.971878855,40.75461,-73.99177,member
1875906,7B3D42237F019422,classic_bike,2021-08-07 21:45:10,2021-08-07 22:07:59,E 48 St & 3 Ave,6541,Vernon Blvd & 47 Rd,6212,40.7546011026,-73.971878855,40.7449067,-73.9534573,member
1875956,FD95B3948C388E71,classic_bike,2021-08-12 23:20:53,2021-08-12 23:32:31,E 48 St & 3 Ave,6541,8 Ave & W 38 St,6526,40.7546011026,-73.971878855,40.75461,-73.99177,member
1875963,F5EC3EE952F31BC7,classic_bike,2021-08-11 18:01:17,2021-08-11 18:14:13,E 48 St & 3 Ave,6541,8 Ave & W 38 St,6526,40.7546011026,-73.971878855,40.75461,-73.99177,casual
1876894,9FA7A7B347513C87,classic_bike,2021-08-16 17:57:18,2021-08-16 18:23:13,E 48 St & 3 Ave,6541,Center Blvd & 51 Ave,6179,40.7546011026,-73.971878855,40.74336608027021,-73.95960688591003,member
1877204,8F38F212EE815024,classic_bike,2021-08-12 16:29:35,2021-08-12 16:50:38,E 48 St & 3 Ave,6541,8 Ave & W 38 St,6526,40.7546011026,-73.971878855,40.75461,-73.99177,casual
1877296,F3EE8D2CB383FC93,electric_bike,2021-08-20 14:15:14,2021-08-20 14:44:11,E 48 St & 3 Ave,6541,8 Ave & W 38 St,6526,40.7546011026,-73.971878855,40.75461,-73.99177,casual
1877455,276A7978461133A2,classic_bike,2021-08-05 17:42:58,2021-08-05 17:57:19,E 48 St & 3 Ave,6541,8 Ave & W 38 St,6526,40.7546011026,-73.971878855,40.75461,-73.99177,member
1877994,F4DA68DA6B4D7D4C,classic_bike,2021-08-17 11:28:47,2021-08-17 11:35:44,E 48 St & 3 Ave,6541,Broadway & W 51 St,6779,40.7546011026,-73.971878855,40.76228826,-73.98336183,member
1877996,092F5E5A36927DB5,electric_bike,2021-08-16 11:46:39,2021-08-16 12:01:23,E 48 St & 3 Ave,6541,Great Jones St,5636,40.7546011026,-73.971878855,40.72743423,-73.99379025,member
1877997,74EE3DA58124F33F,electric_bike,2021-08-10 08:35:44,2021-08-10 08:48:23,E 48 St & 3 Ave,6541,Great Jones St,5636,40.7546011026,-73.971878855,40.72743423,-73.99379025,member
1879633,ACFB6F7D106790AD,electric_bike,2021-08-18 09:51:43,2021-08-18 10:01:34,E 48 St & 3 Ave,6541,8 Ave & W 38 St,6526,40.7546011026,-73.971878855,40.75461,-73.99177,member
1884237,A12EC3EE08C17C80,classic_bike,2021-08-05 17:29:45,2021-08-05 17:40:10,E 48 St & 3 Ave,6541,E 31 St & 3 Ave,6239,40.7546011026,-73.971878855,40.74394314,-73.97966069,member
1884241,D70F53B4BF8AEC41,classic_bike,2021-08-02 19:57:38,2021-08-02 20:05:05,E 48 St & 3 Ave,6541,E 31 St & 3 Ave,6239,40.7546011026,-73.971878855,40.74394314,-73.97966069,member
1884264,94F6D597B061DCD0,electric_bike,2021-08-15 03:52:34,2021-08-15 05:01:46,E 48 St & 3 Ave,6541,W 110 St & Amsterdam Ave,7646,40.7546011026,-73.971878855,40.802692,-73.96295,casual
1884266,5E2C05E0FB570964,classic_bike,2021-08-15 17:12:16,2021-08-15 17:23:41,E 48 St & 3 Ave,6541,E 31 St & 3 Ave,6239,40.7546011026,-73.971878855,40.74394314,-73.97966069,casual
1884268,D1CB4B7B8AD5D978,classic_bike,2021-08-27 07:33:38,2021-08-27 08:23:27,E 48 St & 3 Ave,6541,Reade St & Broadway,5247,40.7546011026,-73.971878855,40.71450451,-74.00562789,casual
1884269,808B7F3A0308C0B2,classic_bike,2021-08-15 00:39:34,2021-08-15 00:53:20,E 48 St & 3 Ave,6541,Broadway & W 51 St,6779,40.7546011026,-73.971878855,40.76228826,-73.98336183,casual
1886400,7E725F9EE4CB6339,electric_bike,2021-08-31 19:48:19,2021-08-31 19:57:43,E 48 St & 3 Ave,6541,E 31 St & 3 Ave,6239,40.7546011026,-73.971878855,40.74394314,-73.97966069,member
1902603,AFB4AB2EE2BD087B,classic_bike,2021-08-25 13:39:58,2021-08-25 13:48:14,E 48 St & 3 Ave,6541,E 31 St & 3 Ave,6239,40.7546011026,-73.971878855,40.74394314,-73.97966069,casual
1903204,D21715AF1F8CDA62,classic_bike,2021-08-27 20:27:40,2021-08-27 20:37:41,E 48 St & 3 Ave,6541,E 31 St & 3 Ave,6239,40.7546011026,-73.971878855,40.74394314,-73.97966069,member
1903207,78A1E3264DBD6A07,classic_bike,2021-08-04 17:54:50,2021-08-04 18:04:48,E 48 St & 3 Ave,6541,E 31 St & 3 Ave,6239,40.7546011026,-73.971878855,40.74394314,-73.97966069,member
1903210,8CFEC2715681E5B1,electric_bike,2021-08-11 07:56:45,2021-08-11 08:03:38,E 48 St & 3 Ave,6541,Broadway & W 51 St,6779,40.7546011026,-73.971878855,40.76228826,-73.98336183,member
1903224,A3976AB1718A00CA,classic_bike,2021-08-16 17:22:57,2021-08-16 17:53:41,E 48 St & 3 Ave,6541,E 31 St & 3 Ave,6239,40.7546011026,-73.971878855,40.74394314,-73.97966069,casual
1903952,1368AA7D1835A208,classic_bike,2021-08-16 17:49:45,2021-08-16 17:56:53,E 48 St & 3 Ave,6541,Broadway & W 51 St,6779,40.7546011026,-73.971878855,40.76228826,-73.98336183,member
1904918,F232DC29975D9891,classic_bike,2021-08-02 15:48:03,2021-08-02 15:56:36,E 48 St & 3 Ave,6541,Broadway & W 51 St,6779,40.7546011026,-73.971878855,40.76228826,-73.98336183,member
1904946,0CFD77E99A69E47E,classic_bike,2021-08-06 08:10:03,2021-08-06 08:21:19,E 48 St & 3 Ave,6541,E 31 St & 3 Ave,6239,40.7546011026,-73.971878855,40.74394314,-73.97966069,member
1904952,55FCED55D7419E25,electric_bike,2021-08-17 04:00:41,2021-08-17 04:10:10,E 48 St & 3 Ave,6541,W 35 St & Dyer Ave,6569,40.7546011026,-73.971878855,40.754691750226016,-73.99740189313889,member
1904955,016A2F64E1A31DB4,electric_bike,2021-08-05 22:35:31,2021-08-05 22:42:45,E 48 St & 3 Ave,6541,Broadway & W 51 St,6779,40.7546011026,-73.971878855,40.76228826,-73.98336183,casual
1904956,679456A1955B8520,classic_bike,2021-08-18 11:48:02,2021-08-18 11:55:01,E 48 St & 3 Ave,6541,Broadway & W 51 St,6779,40.7546011026,-73.971878855,40.76228826,-73.98336183,member
1905106,BD00CD60ED979537,classic_bike,2021-08-06 15:36:30,2021-08-06 15:42:41,E 48 St & 3 Ave,6541,Broadway & W 51 St,6779,40.7546011026,-73.971878855,40.76228826,-73.98336183,member
1905113,A9D09E7F7850B6DC,classic_bike,2021-08-16 17:28:59,2021-08-16 17:37:08,E 48 St & 3 Ave,6541,Broadway & W 51 St,6779,40.7546011026,-73.971878855,40.76228826,-73.98336183,member
1905359,374EE30182C9B107,classic_bike,2021-08-20 18:23:46,2021-08-20 18:30:00,E 48 St & 3 Ave,6541,Broadway & W 51 St,6779,40.7546011026,-73.971878855,40.76228826,-73.98336183,member
1905364,2EFBF6DAF2461572,classic_bike,2021-08-05 18:16:40,2021-08-05 18:22:45,E 48 St & 3 Ave,6541,E 31 St & 3 Ave,6239,40.7546011026,-73.971878855,40.74394314,-73.97966069,member
1905369,C1B32E12EB1D6D99,classic_bike,2021-08-24 14:25:47,2021-08-24 14:34:50,E 48 St & 3 Ave,6541,Broadway & W 51 St,6779,40.7546011026,-73.971878855,40.76228826,-73.98336183,member
1905659,C16DF9EAB7739BFE,classic_bike,2021-08-04 23:16:54,2021-08-04 23:23:41,E 48 St & 3 Ave,6541,Broadway & W 51 St,6779,40.7546011026,-73.971878855,40.76228826,-73.98336183,member
1905890,69AE9C74335A7FBD,electric_bike,2021-08-09 10:33:42,2021-08-09 10:39:58,E 48 St & 3 Ave,6541,Broadway & W 51 St,6779,40.7546011026,-73.971878855,40.76228826,-73.98336183,member
1905908,661680B00E6DAE32,classic_bike,2021-08-20 17:57:03,2021-08-20 18:06:35,E 48 St & 3 Ave,6541,E 31 St & 3 Ave,6239,40.7546011026,-73.971878855,40.74394314,-73.97966069,member
1905914,65F7C7F095DC9A0C,classic_bike,2021-08-07 15:25:33,2021-08-07 15:34:28,E 48 St & 3 Ave,6541,E 31 St & 3 Ave,6239,40.7546011026,-73.971878855,40.74394314,-73.97966069,member
1905933,EEF50E258AF472CA,classic_bike,2021-08-31 23:23:50,2021-08-31 23:37:07,E 48 St & 3 Ave,6541,E 31 St & 3 Ave,6239,40.7546011026,-73.971878855,40.74394314,-73.97966069,casual
1905937,B393CD4D0FAC3D0F,classic_bike,2021-08-05 10:38:37,2021-08-05 10:50:41,E 48 St & 3 Ave,6541,Broadway & W 51 St,6779,40.7546011026,-73.971878855,40.76228826,-73.98336183,member
1905943,C44A30E9279F81B6,classic_bike,2021-08-10 17:29:53,2021-08-10 17:42:11,E 48 St & 3 Ave,6541,E 31 St & 3 Ave,6239,40.7546011026,-73.971878855,40.74394314,-73.97966069,member
1905950,520D1DBD82EC2882,classic_bike,2021-08-16 17:49:55,2021-08-16 18:00:36,E 48 St & 3 Ave,6541,E 31 St & 3 Ave,6239,40.7546011026,-73.971878855,40.74394314,-73.97966069,member
1905976,89AF7887B751B6B8,electric_bike,2021-08-30 14:26:21,2021-08-30 14:33:25,E 48 St & 3 Ave,6541,E 31 St & 3 Ave,6239,40.7546011026,-73.971878855,40.74394314,-73.97966069,member
1905977,37D1158937E9ED69,electric_bike,2021-08-30 11:23:29,2021-08-30 11:29:48,E 48 St & 3 Ave,6541,E 31 St & 3 Ave,6239,40.7546011026,-73.971878855,40.74394314,-73.97966069,member
1907125,EB05E9258A3B667F,classic_bike,2021-08-15 00:38:34,2021-08-15 00:53:58,E 48 St & 3 Ave,6541,Broadway & W 51 St,6779,40.7546011026,-73.971878855,40.76228826,-73.98336183,member
1907130,69C87505D35B1AEF,classic_bike,2021-08-19 23:38:53,2021-08-19 23:48:06,E 48 St & 3 Ave,6541,E 31 St & 3 Ave,6239,40.7546011026,-73.971878855,40.74394314,-73.97966069,member
1907133,D60D40267741A096,classic_bike,2021-08-05 12:16:17,2021-08-05 12:23:33,E 48 St & 3 Ave,6541,Broadway & W 51 St,6779,40.7546011026,-73.971878855,40.76228826,-73.98336183,member
1907135,5B86841595FB6E04,electric_bike,2021-08-26 11:03:25,2021-08-26 11:09:37,E 48 St & 3 Ave,6541,Broadway & W 51 St,6779,40.7546011026,-73.971878855,40.76228826,-73.98336183,member
1907141,3C4C01DB86CE1B6E,classic_bike,2021-08-20 00:00:56,2021-08-20 00:31:04,E 48 St & 3 Ave,6541,Broadway & W 51 St,6779,40.7546011026,-73.971878855,40.76228826,-73.98336183,member
1907143,21FB41C48349F247,classic_bike,2021-08-13 18:27:20,2021-08-13 18:37:01,E 48 St & 3 Ave,6541,E 31 St & 3 Ave,6239,40.7546011026,-73.971878855,40.74394314,-73.97966069,member
1908661,6AB72DDB83E89315,electric_bike,2021-08-28 02:54:43,2021-08-28 03:05:21,E 48 St & 3 Ave,6541,W 35 St & Dyer Ave,6569,40.7546011026,-73.971878855,40.754691750226016,-73.99740189313889,member
1908668,76EE8875804119CC,classic_bike,2021-08-14 09:01:08,2021-08-14 09:23:49,E 48 St & 3 Ave,6541,Broadway & W 51 St,6779,40.7546011026,-73.971878855,40.76228826,-73.98336183,casual
1909123,9C324F3940AFBCBC,classic_bike,2021-08-01 05:52:05,2021-08-01 06:01:55,E 48 St & 3 Ave,6541,Broadway & W 51 St,6779,40.7546011026,-73.971878855,40.76228826,-73.98336183,casual
1909127,C3A3D5183A9BDB5C,electric_bike,2021-08-12 08:36:00,2021-08-12 08:49:17,E 48 St & 3 Ave,6541,W 35 St & Dyer Ave,6569,40.7546011026,-73.971878855,40.754691750226016,-73.99740189313889,member
1909620,196C4A86BEF7C41F,electric_bike,2021-08-20 12:49:25,2021-08-20 13:02:12,E 48 St & 3 Ave,6541,E 31 St & 3 Ave,6239,40.7546011026,-73.971878855,40.74394314,-73.97966069,member
1909631,399F5006A48BB2C3,classic_bike,2021-08-15 12:33:42,2021-08-15 12:55:53,E 48 St & 3 Ave,6541,E 31 St & 3 Ave,6239,40.7546011026,-73.971878855,40.74394314,-73.97966069,member
1909654,E8F1E4D57B85D20A,electric_bike,2021-08-06 07:38:28,2021-08-06 07:45:19,E 48 St & 3 Ave,6541,Broadway & W 51 St,6779,40.7546011026,-73.971878855,40.76228826,-73.98336183,member
1909655,86463937BCDAB435,classic_bike,2021-08-05 07:45:32,2021-08-05 07:52:57,E 48 St & 3 Ave,6541,Broadway & W 51 St,6779,40.7546011026,-73.971878855,40.76228826,-73.98336183,member
1909657,F62900BAD06B5515,classic_bike,2021-08-17 17:58:49,2021-08-17 18:07:53,E 48 St & 3 Ave,6541,E 31 St & 3 Ave,6239,40.7546011026,-73.971878855,40.74394314,-73.97966069,member
1909661,0DA1E9DDFAD32B6B,classic_bike,2021-08-18 12:18:18,2021-08-18 12:29:10,E 48 St & 3 Ave,6541,E 31 St & 3 Ave,6239,40.7546011026,-73.971878855,40.74394314,-73.97966069,member
1909667,22C96C94A7E4B346,classic_bike,2021-08-02 19:13:33,2021-08-02 19:34:18,E 48 St & 3 Ave,6541,Great Jones St,5636,40.7546011026,-73.971878855,40.72743423,-73.99379025,member
1909672,C7525245F0EE242C,classic_bike,2021-08-16 20:59:01,2021-08-16 21:08:00,E 48 St & 3 Ave,6541,E 31 St & 3 Ave,6239,40.7546011026,-73.971878855,40.74394314,-73.97966069,member
1909691,5F6B1A63B0C2E9D0,classic_bike,2021-08-15 12:32:43,2021-08-15 12:56:58,E 48 St & 3 Ave,6541,E 31 St & 3 Ave,6239,40.7546011026,-73.971878855,40.74394314,-73.97966069,casual
1909692,C8E5565ED325BF80,classic_bike,2021-08-26 20:00:41,2021-08-26 20:08:21,E 48 St & 3 Ave,6541,Broadway & W 51 St,6779,40.7546011026,-73.971878855,40.76228826,-73.98336183,casual
1909753,7DC05140DA736F5E,classic_bike,2021-08-25 17:33:47,2021-08-25 18:02:33,E 48 St & 3 Ave,6541,Reade St & Broadway,5247,40.7546011026,-73.971878855,40.71450451,-74.00562789,member
1909758,7018E51E9D7D143B,electric_bike,2021-08-16 19:54:20,2021-08-16 20:02:12,E 48 St & 3 Ave,6541,E 31 St & 3 Ave,6239,40.7546011026,-73.971878855,40.74394314,-73.97966069,member
1909767,00E51E8F0C187634,classic_bike,2021-08-12 18:23:00,2021-08-12 18:31:54,E 48 St & 3 Ave,6541,Broadway & W 51 St,6779,40.7546011026,-73.971878855,40.76228826,-73.98336183,member
1910387,E09380142A8AB26E,classic_bike,2021-08-12 10:33:35,2021-08-12 10:40:31,E 48 St & 3 Ave,6541,Broadway & W 51 St,6779,40.7546011026,-73.971878855,40.76228826,-73.98336183,member
1910388,BD7D780D039E6B2E,electric_bike,2021-08-31 13:49:30,2021-08-31 13:55:50,E 48 St & 3 Ave,6541,E 31 St & 3 Ave,6239,40.7546011026,-73.971878855,40.74394314,-73.97966069,member
1910391,0DE05A966D1BEB18,classic_bike,2021-08-01 18:06:15,2021-08-01 18:42:21,E 48 St & 3 Ave,6541,W 110 St & Amsterdam Ave,7646,40.7546011026,-73.971878855,40.802692,-73.96295,casual
1910415,B73414F60FF289CE,classic_bike,2021-08-17 19:12:16,2021-08-17 19:25:02,E 48 St & 3 Ave,6541,E 31 St & 3 Ave,6239,40.7546011026,-73.971878855,40.74394314,-73.97966069,member
1910418,243F851A668FA624,classic_bike,2021-08-18 07:52:54,2021-08-18 07:59:41,E 48 St & 3 Ave,6541,Broadway & W 51 St,6779,40.7546011026,-73.971878855,40.76228826,-73.98336183,member
1910419,D3F59C7752DDA004,classic_bike,2021-08-10 18:48:40,2021-08-10 18:58:04,E 48 St & 3 Ave,6541,Broadway & W 51 St,6779,40.7546011026,-73.971878855,40.76228826,-73.98336183,casual
1910421,832B26AE4497AED2,classic_bike,2021-08-16 18:38:47,2021-08-16 19:13:51,E 48 St & 3 Ave,6541,Lorimer St & Calyer St,5709,40.7546011026,-73.971878855,40.72795,-73.95414,member
1910782,20F3C6B3DB9EE681,classic_bike,2021-08-02 17:21:55,2021-08-02 17:31:07,E 48 St & 3 Ave,6541,Broadway & W 51 St,6779,40.7546011026,-73.971878855,40.76228826,-73.98336183,member
1910786,57BB2056F231A68D,electric_bike,2021-08-24 07:07:05,2021-08-24 07:12:54,E 48 St & 3 Ave,6541,Broadway & W 51 St,6779,40.7546011026,-73.971878855,40.76228826,-73.98336183,member
1910806,2F95EAE5E4417BA1,classic_bike,2021-08-03 17:46:14,2021-08-03 18:01:38,E 48 St & 3 Ave,6541,W 35 St & Dyer Ave,6569,40.7546011026,-73.971878855,40.754691750226016,-73.99740189313889,member
1910828,6982536EBFABBF66,classic_bike,2021-08-25 20:11:35,2021-08-25 20:34:52,E 48 St & 3 Ave,6541,Center Blvd & 48 Ave,6254,40.7546011026,-73.971878855,40.745038,-73.957539,member
1910976,CE1FECC0B94DB31E,electric_bike,2021-08-26 07:45:18,2021-08-26 07:59:35,E 48 St & 3 Ave,6541,Great Jones St,5636,40.7546011026,-73.971878855,40.72743423,-73.99379025,member
1910980,ECD3AB7FB0051855,classic_bike,2021-08-10 12:40:38,2021-08-10 12:54:29,E 48 St & 3 Ave,6541,W 35 St & Dyer Ave,6569,40.7546011026,-73.971878855,40.754691750226016,-73.99740189313889,member
1910984,299875B5F4FCFF47,electric_bike,2021-08-30 11:23:16,2021-08-30 11:29:46,E 48 St & 3 Ave,6541,E 31 St & 3 Ave,6239,40.7546011026,-73.971878855,40.74394314,-73.97966069,member
1910990,07B99BA6147AF923,electric_bike,2021-08-25 08:33:18,2021-08-25 08:55:59,E 48 St & 3 Ave,6541,W 110 St & Amsterdam Ave,7646,40.7546011026,-73.971878855,40.802692,-73.96295,member
1911054,C7A70EEEE17DB28C,classic_bike,2021-08-31 18:09:50,2021-08-31 18:18:15,E 48 St & 3 Ave,6541,Broadway & W 51 St,6779,40.7546011026,-73.971878855,40.76228826,-73.98336183,member
1911060,AA69BFC5E6B4D327,classic_bike,2021-08-26 09:01:20,2021-08-26 09:11:23,E 48 St & 3 Ave,6541,E 31 St & 3 Ave,6239,40.7546011026,-73.971878855,40.74394314,-73.97966069,member
1912259,F51A0312B4ADF4EA,classic_bike,2021-08-31 17:40:52,2021-08-31 17:58:51,E 48 St & 3 Ave,6541,W 30 St & 10 Ave,6459,40.7546011026,-73.971878855,40.752694,-74.002353,member
1919110,C444FA836BDD1BA1,classic_bike,2021-08-11 17:40:38,2021-08-11 17:57:50,E 48 St & 3 Ave,6541,W 30 St & 10 Ave,6459,40.7546011026,-73.971878855,40.752694,-74.002353,member
1928645,E3DC2C4D8834D3D3,electric_bike,2021-08-30 13:34:31,2021-08-30 13:44:43,E 48 St & 3 Ave,6541,W 63 St & Broadway,7052,40.7546011026,-73.971878855,40.77163851,-73.98261428,member
1928647,F017E66DA22AE4CF,classic_bike,2021-08-18 18:20:15,2021-08-18 18:42:39,E 48 St & 3 Ave,6541,Avenue D & E 3 St,5436,40.7546011026,-73.971878855,40.72082834,-73.97793172,member
1928654,89018FED19323EB8,classic_bike,2021-08-08 17:20:20,2021-08-08 17:38:03,E 48 St & 3 Ave,6541,W 63 St & Broadway,7052,40.7546011026,-73.971878855,40.77163851,-73.98261428,member
1935012,AEBD649499E88408,classic_bike,2021-08-17 18:13:11,2021-08-17 18:28:54,E 48 St & 3 Ave,6541,Avenue D & E 3 St,5436,40.7546011026,-73.971878855,40.72082834,-73.97793172,member
1935020,D891024EB527CEC5,classic_bike,2021-08-04 16:55:45,2021-08-04 17:08:47,E 48 St & 3 Ave,6541,W 63 St & Broadway,7052,40.7546011026,-73.971878855,40.77163851,-73.98261428,member
1935035,481704CAD8E7B5C0,classic_bike,2021-08-29 13:22:24,2021-08-29 13:48:01,E 48 St & 3 Ave,6541,Carmine St & 6 Ave,5763,40.7546011026,-73.971878855,40.73038599,-74.00214988,casual
1935040,B0F698C0236DA469,classic_bike,2021-08-26 13:49:57,2021-08-26 14:20:46,E 48 St & 3 Ave,6541,W 63 St & Broadway,7052,40.7546011026,-73.971878855,40.77163851,-73.98261428,casual
1939966,269B712F5C9C71AD,electric_bike,2021-08-03 11:32:14,2021-08-03 11:43:13,E 48 St & 3 Ave,6541,W 63 St & Broadway,7052,40.7546011026,-73.971878855,40.77163851,-73.98261428,member
1939969,E1C54675557C2507,classic_bike,2021-08-26 17:01:11,2021-08-26 17:18:21,E 48 St & 3 Ave,6541,W 30 St & 10 Ave,6459,40.7546011026,-73.971878855,40.752694,-74.002353,member
1940423,3E679AEF0C1C5178,electric_bike,2021-08-19 18:48:50,2021-08-19 18:58:32,E 48 St & 3 Ave,6541,W 63 St & Broadway,7052,40.7546011026,-73.971878855,40.77163851,-73.98261428,casual
1940424,8467C6CF23EE1DFE,electric_bike,2021-08-03 11:24:57,2021-08-03 12:06:42,E 48 St & 3 Ave,6541,W 116 St & Amsterdam Ave,7692,40.7546011026,-73.971878855,40.8067581,-73.9607082,casual
1941523,25E859148176045A,electric_bike,2021-08-18 15:30:52,2021-08-18 15:45:06,E 48 St & 3 Ave,6541,Carmine St & 6 Ave,5763,40.7546011026,-73.971878855,40.73038599,-74.00214988,member
1941530,B80515AE5D937F87,electric_bike,2021-08-04 10:57:50,2021-08-04 11:08:50,E 48 St & 3 Ave,6541,W 63 St & Broadway,7052,40.7546011026,-73.971878855,40.77163851,-73.98261428,member
1941910,19143BE58E5648E9,electric_bike,2021-08-23 12:22:09,2021-08-23 12:54:07,E 48 St & 3 Ave,6541,Edgecombe Ave & W 141 St,7915,40.7546011026,-73.971878855,40.820681,-73.945144,member
1941949,ACA03174607BED86,electric_bike,2021-08-05 10:08:14,2021-08-05 10:17:54,E 48 St & 3 Ave,6541,W 63 St & Broadway,7052,40.7546011026,-73.971878855,40.77163851,-73.98261428,member
1943523,F613C0E980BD1C4A,classic_bike,2021-08-15 17:14:14,2021-08-15 17:29:31,E 48 St & 3 Ave,6541,W 63 St & Broadway,7052,40.7546011026,-73.971878855,40.77163851,-73.98261428,member
1944064,899E14D4A694ACC6,electric_bike,2021-08-09 15:26:47,2021-08-09 15:41:12,E 48 St & 3 Ave,6541,Carmine St & 6 Ave,5763,40.7546011026,-73.971878855,40.73038599,-74.00214988,member
1944084,EC05D074BEFE3B2B,electric_bike,2021-08-06 10:29:15,2021-08-06 10:38:39,E 48 St & 3 Ave,6541,W 63 St & Broadway,7052,40.7546011026,-73.971878855,40.77163851,-73.98261428,member
1944086,A82757722EF4F20C,classic_bike,2021-08-10 17:35:13,2021-08-10 17:53:11,E 48 St & 3 Ave,6541,W 30 St & 10 Ave,6459,40.7546011026,-73.971878855,40.752694,-74.002353,member
1944091,F36AF72C0650C24C,classic_bike,2021-08-10 17:52:22,2021-08-10 18:07:42,E 48 St & 3 Ave,6541,W 30 St & 10 Ave,6459,40.7546011026,-73.971878855,40.752694,-74.002353,member
1946358,9A961A88A6204A91,classic_bike,2021-08-02 16:21:04,2021-08-02 16:39:50,E 48 St & 3 Ave,6541,W 63 St & Broadway,7052,40.7546011026,-73.971878855,40.77163851,-73.98261428,member
1946432,183802A94FCD1140,classic_bike,2021-08-08 10:40:07,2021-08-08 10:50:45,E 48 St & 3 Ave,6541,E 76 St & Park Ave,7128,40.7546011026,-73.971878855,40.773763,-73.96222088,member
1949093,6974F1927022C4BA,classic_bike,2021-08-23 21:49:52,2021-08-23 22:16:11,E 48 St & 3 Ave,6541,W 63 St & Broadway,7052,40.7546011026,-73.971878855,40.77163851,-73.98261428,member
1949137,CBB6694AC2E1F9CD,electric_bike,2021-08-03 11:18:57,2021-08-03 12:06:22,E 48 St & 3 Ave,6541,W 116 St & Amsterdam Ave,7692,40.7546011026,-73.971878855,40.8067581,-73.9607082,casual
1949155,A3B3B347A22C8D45,classic_bike,2021-08-13 16:47:51,2021-08-13 16:58:06,E 48 St & 3 Ave,6541,E 76 St & Park Ave,7128,40.7546011026,-73.971878855,40.773763,-73.96222088,member
1949163,BA7AA231266405FA,electric_bike,2021-08-04 10:43:17,2021-08-04 11:00:48,E 48 St & 3 Ave,6541,W 63 St & Broadway,7052,40.7546011026,-73.971878855,40.77163851,-73.98261428,casual
1949191,7AB6362A5C6739CF,classic_bike,2021-08-09 18:21:34,2021-08-09 18:42:21,E 48 St & 3 Ave,6541,W 63 St & Broadway,7052,40.7546011026,-73.971878855,40.77163851,-73.98261428,member
1949211,804237E6045C4A43,classic_bike,2021-08-03 14:44:48,2021-08-03 15:02:57,E 48 St & 3 Ave,6541,W 63 St & Broadway,7052,40.7546011026,-73.971878855,40.77163851,-73.98261428,casual
1949213,D92C40F9FC7DA6DA,classic_bike,2021-08-25 14:27:11,2021-08-25 14:46:14,E 48 St & 3 Ave,6541,Carmine St & 6 Ave,5763,40.7546011026,-73.971878855,40.73038599,-74.00214988,casual
1949233,72FAC61673D50EF0,electric_bike,2021-08-05 11:25:17,2021-08-05 11:38:11,E 48 St & 3 Ave,6541,E 76 St & Park Ave,7128,40.7546011026,-73.971878855,40.773763,-73.96222088,member
1949331,81A30E67E0ACE484,electric_bike,2021-08-23 15:20:11,2021-08-23 15:47:07,E 48 St & 3 Ave,6541,Carmine St & 6 Ave,5763,40.7546011026,-73.971878855,40.73038599,-74.00214988,member
1949479,603DA061EFBCB77D,classic_bike,2021-08-04 18:03:23,2021-08-04 18:23:13,E 48 St & 3 Ave,6541,W 63 St & Broadway,7052,40.7546011026,-73.971878855,40.77163851,-73.98261428,casual
1951251,97F2649238763248,classic_bike,2021-08-09 17:37:05,2021-08-09 17:42:14,E 48 St & 3 Ave,6541,3 Ave & E 62 St,6762,40.7546011026,-73.971878855,40.76312584,-73.96526895,member
1954834,DFEC083F77072049,classic_bike,2021-08-10 19:04:01,2021-08-10 19:09:09,E 48 St & 3 Ave,6541,3 Ave & E 62 St,6762,40.7546011026,-73.971878855,40.76312584,-73.96526895,member
1954850,3616D5174FA7C8C8,electric_bike,2021-08-21 11:31:47,2021-08-21 11:38:13,E 48 St & 3 Ave,6541,3 Ave & E 62 St,6762,40.7546011026,-73.971878855,40.76312584,-73.96526895,member
1954856,42A7DC03863D2AED,electric_bike,2021-08-09 11:28:41,2021-08-09 12:20:17,E 48 St & 3 Ave,6541,Henry St & Middagh St,4861,40.7546011026,-73.971878855,40.7003,-73.991581,casual
1957411,FF483F5B937027E3,electric_bike,2021-08-30 13:05:15,2021-08-30 13:09:29,E 48 St & 3 Ave,6541,3 Ave & E 62 St,6762,40.7546011026,-73.971878855,40.76312584,-73.96526895,member
1957623,4EFCCCA0BE212D2C,electric_bike,2021-08-17 20:35:05,2021-08-17 20:38:18,E 48 St & 3 Ave,6541,3 Ave & E 62 St,6762,40.7546011026,-73.971878855,40.76312584,-73.96526895,casual
1957841,1877EA1119CB2499,classic_bike,2021-08-30 16:38:19,2021-08-30 17:30:50,E 48 St & 3 Ave,6541,31 Ave & 14 St,6966,40.7546011026,-73.971878855,40.7682,-73.9322662,casual
1958045,A3538F1DCD95D8A4,classic_bike,2021-08-29 21:40:35,2021-08-29 22:20:00,E 48 St & 3 Ave,6541,W 52 St & 6 Ave,6740,40.7546011026,-73.971878855,40.76132983124814,-73.97982001304626,member
1958483,8F97DEE6D9CC10A5,classic_bike,2021-08-23 14:31:03,2021-08-23 14:37:50,E 48 St & 3 Ave,6541,3 Ave & E 62 St,6762,40.7546011026,-73.971878855,40.76312584,-73.96526895,member
1958486,B230E391BF2C31AB,electric_bike,2021-08-26 18:00:51,2021-08-26 18:06:06,E 48 St & 3 Ave,6541,3 Ave & E 62 St,6762,40.7546011026,-73.971878855,40.76312584,-73.96526895,member
1958487,553DA2D3F7172B04,classic_bike,2021-08-10 17:32:12,2021-08-10 17:37:56,E 48 St & 3 Ave,6541,3 Ave & E 62 St,6762,40.7546011026,-73.971878855,40.76312584,-73.96526895,member
1958499,D79D4C1392645B57,electric_bike,2021-08-21 14:48:08,2021-08-21 14:53:23,E 48 St & 3 Ave,6541,3 Ave & E 62 St,6762,40.7546011026,-73.971878855,40.76312584,-73.96526895,casual
1958510,99DA25AD13A03EEB,electric_bike,2021-08-23 13:33:45,2021-08-23 13:40:46,E 48 St & 3 Ave,6541,3 Ave & E 62 St,6762,40.7546011026,-73.971878855,40.76312584,-73.96526895,member
1958516,ADE615E89C2279CE,classic_bike,2021-08-14 06:31:54,2021-08-14 06:36:49,E 48 St & 3 Ave,6541,3 Ave & E 62 St,6762,40.7546011026,-73.971878855,40.76312584,-73.96526895,casual
1958818,C5B44183E8780214,classic_bike,2021-08-17 13:31:26,2021-08-17 13:41:27,E 48 St & 3 Ave,6541,3 Ave & E 62 St,6762,40.7546011026,-73.971878855,40.76312584,-73.96526895,member
1958827,F7ECED26E54F89A2,electric_bike,2021-08-20 09:20:37,2021-08-20 09:25:11,E 48 St & 3 Ave,6541,3 Ave & E 62 St,6762,40.7546011026,-73.971878855,40.76312584,-73.96526895,member
1958832,593AF7FB6DF03139,classic_bike,2021-08-06 19:21:16,2021-08-06 19:29:14,E 48 St & 3 Ave,6541,3 Ave & E 62 St,6762,40.7546011026,-73.971878855,40.76312584,-73.96526895,member
1959134,BE6CFFC3901D8AF6,classic_bike,2021-08-12 17:52:03,2021-08-12 17:58:39,E 48 St & 3 Ave,6541,3 Ave & E 62 St,6762,40.7546011026,-73.971878855,40.76312584,-73.96526895,member
1959140,BAF383133B34FD4A,classic_bike,2021-08-15 04:33:36,2021-08-15 04:51:30,E 48 St & 3 Ave,6541,3 Ave & E 62 St,6762,40.7546011026,-73.971878855,40.76312584,-73.96526895,casual
1959449,9219843389936089,classic_bike,2021-08-16 18:27:50,2021-08-16 18:34:31,E 48 St & 3 Ave,6541,3 Ave & E 62 St,6762,40.7546011026,-73.971878855,40.76312584,-73.96526895,member
1959455,9539C33660745127,classic_bike,2021-08-26 18:31:03,2021-08-26 18:37:48,E 48 St & 3 Ave,6541,3 Ave & E 62 St,6762,40.7546011026,-73.971878855,40.76312584,-73.96526895,casual
1959457,6BA4CE96B6453440,classic_bike,2021-08-23 19:03:28,2021-08-23 19:11:13,E 48 St & 3 Ave,6541,3 Ave & E 62 St,6762,40.7546011026,-73.971878855,40.76312584,-73.96526895,member
1959836,A3D7C688A8C395B0,classic_bike,2021-08-19 18:24:14,2021-08-19 18:31:04,E 48 St & 3 Ave,6541,W 52 St & 6 Ave,6740,40.7546011026,-73.971878855,40.76132983124814,-73.97982001304626,member
1960011,AF7C79A382151C6B,classic_bike,2021-08-21 14:21:20,2021-08-21 14:26:49,E 48 St & 3 Ave,6541,3 Ave & E 62 St,6762,40.7546011026,-73.971878855,40.76312584,-73.96526895,member
1960018,2A9BB1B624687D84,classic_bike,2021-08-16 17:28:24,2021-08-16 17:33:24,E 48 St & 3 Ave,6541,3 Ave & E 62 St,6762,40.7546011026,-73.971878855,40.76312584,-73.96526895,member
1960042,7A0E03602CDEECC9,classic_bike,2021-08-14 06:32:23,2021-08-14 06:37:24,E 48 St & 3 Ave,6541,3 Ave & E 62 St,6762,40.7546011026,-73.971878855,40.76312584,-73.96526895,casual
1960045,B8E88C1F51CACDF3,classic_bike,2021-08-21 17:38:08,2021-08-21 17:42:05,E 48 St & 3 Ave,6541,3 Ave & E 62 St,6762,40.7546011026,-73.971878855,40.76312584,-73.96526895,casual
1960051,68BFC18E4163B002,classic_bike,2021-08-26 18:29:15,2021-08-26 18:35:37,E 48 St & 3 Ave,6541,W 52 St & 6 Ave,6740,40.7546011026,-73.971878855,40.76132983124814,-73.97982001304626,member
1960070,2582610CA56F2730,classic_bike,2021-08-06 17:55:28,2021-08-06 18:08:23,E 48 St & 3 Ave,6541,3 Ave & E 62 St,6762,40.7546011026,-73.971878855,40.76312584,-73.96526895,casual
1960089,6A4E63ECB9085233,classic_bike,2021-08-16 18:32:33,2021-08-16 18:39:06,E 48 St & 3 Ave,6541,3 Ave & E 62 St,6762,40.7546011026,-73.971878855,40.76312584,-73.96526895,member
1960143,7C6B0C4068B0A387,classic_bike,2021-08-18 15:20:36,2021-08-18 15:26:39,E 48 St & 3 Ave,6541,3 Ave & E 62 St,6762,40.7546011026,-73.971878855,40.76312584,-73.96526895,member
1960195,4A8983695E9A2DAD,classic_bike,2021-08-28 11:08:52,2021-08-28 11:15:41,E 48 St & 3 Ave,6541,W 52 St & 6 Ave,6740,40.7546011026,-73.971878855,40.76132983124814,-73.97982001304626,member
1962529,7F6E20FE74B07885,classic_bike,2021-08-11 21:28:45,2021-08-11 21:37:10,E 48 St & 3 Ave,6541,Broadway & W 36 St,6441,40.7546011026,-73.971878855,40.75097711,-73.98765428,member
1962545,185891B053DB5B74,classic_bike,2021-08-21 12:31:41,2021-08-21 12:46:14,E 48 St & 3 Ave,6541,E 11 St & 1 Ave,5746,40.7546011026,-73.971878855,40.72953837,-73.98426726,casual
1962562,1893CC9E5FA29431,classic_bike,2021-08-13 09:06:51,2021-08-13 10:23:56,E 48 St & 3 Ave,6541,5 Ave & E 78 St,7161,40.7546011026,-73.971878855,40.77632142182271,-73.96427392959595,casual
1968516,CDB547C369ED661F,classic_bike,2021-08-20 12:15:38,2021-08-20 12:27:43,E 48 St & 3 Ave,6541,3 Ave & E 72 St,7028,40.7546011026,-73.971878855,40.7699426,-73.96060712,member
1968520,72645156FCAB4D2B,classic_bike,2021-08-13 09:00:09,2021-08-13 10:23:54,E 48 St & 3 Ave,6541,5 Ave & E 78 St,7161,40.7546011026,-73.971878855,40.77632142182271,-73.96427392959595,casual
1968524,2431797756B8FC5D,electric_bike,2021-08-28 12:08:22,2021-08-28 12:18:56,E 48 St & 3 Ave,6541,W 50 St & 9 Ave,6854,40.7546011026,-73.971878855,40.76360467795863,-73.98917958140373,casual
1969537,5E2EF844078B231B,classic_bike,2021-08-03 16:30:14,2021-08-03 16:35:30,E 48 St & 3 Ave,6541,3 Ave & E 62 St,6762,40.7546011026,-73.971878855,40.76312584,-73.96526895,casual
1970800,12363D853293C97B,classic_bike,2021-08-14 13:40:46,2021-08-14 13:54:11,E 48 St & 3 Ave,6541,Broadway & W 36 St,6441,40.7546011026,-73.971878855,40.75097711,-73.98765428,member
1970807,B9953CF42A747F2E,classic_bike,2021-08-20 17:42:50,2021-08-20 18:01:04,E 48 St & 3 Ave,6541,E 2 St & Avenue C,5476,40.7546011026,-73.971878855,40.7208736,-73.98085795,casual
1987982,F96069E884DAAE70,classic_bike,2021-08-10 17:39:47,2021-08-10 17:57:24,E 48 St & 3 Ave,6541,E 11 St & 1 Ave,5746,40.7546011026,-73.971878855,40.72953837,-73.98426726,member
1990530,BEA517C42F8136DC,classic_bike,2021-08-02 16:12:13,2021-08-02 16:38:49,E 48 St & 3 Ave,6541,5 Ave & E 78 St,7161,40.7546011026,-73.971878855,40.77632142182271,-73.96427392959595,casual
1990532,EF862C54EDE4F92F,classic_bike,2021-08-19 17:54:19,2021-08-19 18:05:32,E 48 St & 3 Ave,6541,Broadway & W 36 St,6441,40.7546011026,-73.971878855,40.75097711,-73.98765428,member
1990533,86DB85215643031C,classic_bike,2021-08-10 18:21:06,2021-08-10 18:36:41,E 48 St & 3 Ave,6541,5 Ave & E 78 St,7161,40.7546011026,-73.971878855,40.77632142182271,-73.96427392959595,member
1991006,3A61E8393AE59C48,classic_bike,2021-08-02 14:21:16,2021-08-02 14:30:15,E 48 St & 3 Ave,6541,Broadway & W 36 St,6441,40.7546011026,-73.971878855,40.75097711,-73.98765428,member
1991015,B3F6884BAED1F5CB,classic_bike,2021-08-14 19:43:24,2021-08-14 19:51:29,E 48 St & 3 Ave,6541,W 50 St & 9 Ave,6854,40.7546011026,-73.971878855,40.76360467795863,-73.98917958140373,member
1991766,131FAC76907A1FE4,electric_bike,2021-08-14 11:03:29,2021-08-14 11:24:44,E 48 St & 3 Ave,6541,W 106 St & Amsterdam Ave,7634,40.7546011026,-73.971878855,40.8008363,-73.9664492472,member
1991781,BE860847B609CDD8,classic_bike,2021-08-25 01:54:30,2021-08-25 02:13:11,E 48 St & 3 Ave,6541,E 2 St & Avenue C,5476,40.7546011026,-73.971878855,40.7208736,-73.98085795,member
1992359,46854732BC146A36,electric_bike,2021-08-24 08:29:10,2021-08-24 08:37:26,E 48 St & 3 Ave,6541,3 Ave & E 72 St,7028,40.7546011026,-73.971878855,40.7699426,-73.96060712,member
1992369,8B566BADEC7953BB,classic_bike,2021-08-02 15:36:59,2021-08-02 15:45:00,E 48 St & 3 Ave,6541,W 50 St & 9 Ave,6854,40.7546011026,-73.971878855,40.76360467795863,-73.98917958140373,member
1994150,D201F9E25E096A2C,classic_bike,2021-08-31 14:18:55,2021-08-31 14:27:26,E 48 St & 3 Ave,6541,Broadway & W 36 St,6441,40.7546011026,-73.971878855,40.75097711,-73.98765428,member
1996088,6017AA69F78C6121,classic_bike,2021-08-02 10:35:21,2021-08-02 10:54:24,E 48 St & 3 Ave,6541,5 Ave & E 78 St,7161,40.7546011026,-73.971878855,40.77632142182271,-73.96427392959595,member
1996097,A6C7980D882E4996,classic_bike,2021-08-20 05:33:07,2021-08-20 05:40:03,E 48 St & 3 Ave,6541,W 50 St & 9 Ave,6854,40.7546011026,-73.971878855,40.76360467795863,-73.98917958140373,member
1996179,4A1F5B80B4112089,classic_bike,2021-08-30 19:04:34,2021-08-30 19:12:47,E 48 St & 3 Ave,6541,3 Ave & E 72 St,7028,40.7546011026,-73.971878855,40.7699426,-73.96060712,member
1996197,D6B3F5DEB05E29F9,classic_bike,2021-08-09 19:13:52,2021-08-09 19:22:43,E 48 St & 3 Ave,6541,W 50 St & 9 Ave,6854,40.7546011026,-73.971878855,40.76360467795863,-73.98917958140373,member
1996210,6CF7C6A5A819D591,classic_bike,2021-08-25 19:28:37,2021-08-25 19:47:25,E 48 St & 3 Ave,6541,E 11 St & 1 Ave,5746,40.7546011026,-73.971878855,40.72953837,-73.98426726,casual
1996377,43BDCD9EA12D6BE0,electric_bike,2021-08-16 18:53:26,2021-08-16 19:11:03,E 48 St & 3 Ave,6541,5 Ave & E 78 St,7161,40.7546011026,-73.971878855,40.77632142182271,-73.96427392959595,member
1996497,FF8E00E47907DEFF,classic_bike,2021-08-26 17:36:41,2021-08-26 17:47:00,E 48 St & 3 Ave,6541,3 Ave & E 72 St,7028,40.7546011026,-73.971878855,40.7699426,-73.96060712,member
1998236,98D487B0B07E3943,classic_bike,2021-08-23 17:23:50,2021-08-23 17:37:59,E 48 St & 3 Ave,6541,Broadway & W 36 St,6441,40.7546011026,-73.971878855,40.75097711,-73.98765428,casual
1998861,7A751C453A250A0F,classic_bike,2021-08-21 12:31:25,2021-08-21 12:45:52,E 48 St & 3 Ave,6541,E 11 St & 1 Ave,5746,40.7546011026,-73.971878855,40.72953837,-73.98426726,member
1999241,74A84ACAE2A4C842,classic_bike,2021-08-06 13:46:26,2021-08-06 14:13:05,E 48 St & 3 Ave,6541,3 Ave & E 72 St,7028,40.7546011026,-73.971878855,40.7699426,-73.96060712,casual
1999480,E4B5B0A1EBD6BA69,classic_bike,2021-08-18 17:00:16,2021-08-18 17:10:16,E 48 St & 3 Ave,6541,Broadway & W 36 St,6441,40.7546011026,-73.971878855,40.75097711,-73.98765428,member
1999482,8AACDBBBA246D437,classic_bike,2021-08-08 12:45:59,2021-08-08 12:59:38,E 48 St & 3 Ave,6541,Broadway & W 36 St,6441,40.7546011026,-73.971878855,40.75097711,-73.98765428,member
1999547,180C089436F39250,classic_bike,2021-08-05 17:47:00,2021-08-05 18:01:04,E 48 St & 3 Ave,6541,5 Ave & E 78 St,7161,40.7546011026,-73.971878855,40.77632142182271,-73.96427392959595,member
1999673,98490ADEEC5AD395,classic_bike,2021-08-31 17:43:03,2021-08-31 17:51:02,E 48 St & 3 Ave,6541,3 Ave & E 72 St,7028,40.7546011026,-73.971878855,40.7699426,-73.96060712,member
1999677,EF7D265BFA8DE05D,classic_bike,2021-08-06 15:49:33,2021-08-06 16:11:23,E 48 St & 3 Ave,6541,E 2 St & Avenue C,5476,40.7546011026,-73.971878855,40.7208736,-73.98085795,member
1999770,F703419BBBCE53B9,electric_bike,2021-08-06 10:34:12,2021-08-06 11:02:12,E 48 St & 3 Ave,6541,W 106 St & Amsterdam Ave,7634,40.7546011026,-73.971878855,40.8008363,-73.9664492472,member
1999776,B62A67B9B24F73DE,classic_bike,2021-08-30 19:22:02,2021-08-30 19:33:11,E 48 St & 3 Ave,6541,3 Ave & E 72 St,7028,40.7546011026,-73.971878855,40.7699426,-73.96060712,member
1999787,81A7651998766D0A,classic_bike,2021-08-07 15:44:38,2021-08-07 15:52:33,E 48 St & 3 Ave,6541,3 Ave & E 72 St,7028,40.7546011026,-73.971878855,40.7699426,-73.96060712,member
1999798,4F70236587ACC030,classic_bike,2021-08-02 18:54:18,2021-08-02 19:03:44,E 48 St & 3 Ave,6541,W 50 St & 9 Ave,6854,40.7546011026,-73.971878855,40.76360467795863,-73.98917958140373,member
2011405,8F808570B67730B1,classic_bike,2021-08-27 15:32:34,2021-08-28 16:32:25,E 48 St & 3 Ave,6541,,nan,40.7546011026,-73.971878855,,,casual
2018654,602AF97FB4373001,classic_bike,2021-08-27 18:08:21,2021-08-27 18:21:46,E 48 St & 3 Ave,6541,E 74 St & 1 Ave,6953,40.7546011026,-73.971878855,40.7689738,-73.95482273,member
2018830,38BA8AF7F1C26985,electric_bike,2021-08-18 18:30:01,2021-08-18 18:38:21,E 48 St & 3 Ave,6541,E 74 St & 1 Ave,6953,40.7546011026,-73.971878855,40.7689738,-73.95482273,member
2019468,7FC53306CE496888,classic_bike,2021-08-05 17:51:08,2021-08-05 18:17:25,E 48 St & 3 Ave,6541,Roosevelt Island Tramway,6599,40.7546011026,-73.971878855,40.757284,-73.9536,member
2021540,1425CA8E343CF55E,classic_bike,2021-08-27 14:10:08,2021-08-27 14:20:30,E 48 St & 3 Ave,6541,,nan,40.7546011026,-73.971878855,,,member
2022152,8A6F898F0A86F083,classic_bike,2021-08-19 16:50:36,2021-08-19 17:14:19,E 48 St & 3 Ave,6541,Roosevelt Island Tramway,6599,40.7546011026,-73.971878855,40.757284,-73.9536,member
2025501,2029164273CF5C19,electric_bike,2021-08-06 22:57:45,2021-08-06 23:11:54,E 48 St & 3 Ave,6541,E 74 St & 1 Ave,6953,40.7546011026,-73.971878855,40.7689738,-73.95482273,member
2025512,EC2DE51E5EDD238D,electric_bike,2021-08-15 08:42:32,2021-08-15 09:15:55,E 48 St & 3 Ave,6541,,nan,40.7546011026,-73.971878855,,,casual
2025520,86674C57E0E96834,classic_bike,2021-08-25 13:04:01,2021-08-25 13:15:55,E 48 St & 3 Ave,6541,,nan,40.7546011026,-73.971878855,,,member
2025522,25D11F3259A330C8,electric_bike,2021-08-26 10:35:59,2021-08-26 10:42:27,E 48 St & 3 Ave,6541,,nan,40.7546011026,-73.971878855,,,casual
2025531,24F659B37B5E6B90,classic_bike,2021-08-10 16:45:55,2021-08-10 17:09:42,E 48 St & 3 Ave,6541,Roosevelt Island Tramway,6599,40.7546011026,-73.971878855,40.757284,-73.9536,member
2026218,0328E15426C04AAF,electric_bike,2021-08-24 13:22:16,2021-08-24 13:38:45,E 48 St & 3 Ave,6541,,nan,40.7546011026,-73.971878855,,,casual
2028267,E0440D0CB0887C23,classic_bike,2021-08-09 17:28:05,2021-08-09 17:52:37,E 48 St & 3 Ave,6541,Roosevelt Island Tramway,6599,40.7546011026,-73.971878855,40.757284,-73.9536,member
2028291,AFAFDE84EECE6E3E,electric_bike,2021-08-27 18:34:21,2021-08-27 18:42:32,E 48 St & 3 Ave,6541,E 74 St & 1 Ave,6953,40.7546011026,-73.971878855,40.7689738,-73.95482273,member
2028372,D94AB8697081E4C7,classic_bike,2021-08-29 09:59:00,2021-08-29 10:22:23,E 48 St & 3 Ave,6541,W 10 St & Washington St,5847,40.7546011026,-73.971878855,40.73342399437081,-74.00851495563984,casual
2028586,CD44B7897E32787D,classic_bike,2021-08-26 19:03:34,2021-08-26 19:11:14,E 48 St & 3 Ave,6541,,nan,40.7546011026,-73.971878855,40.75,-73.97,member
2028614,F01BD3B000752C6A,classic_bike,2021-08-24 18:12:52,2021-08-25 19:12:47,E 48 St & 3 Ave,6541,,nan,40.7546011026,-73.971878855,,,member
2028938,F42E95D0581F4CD4,classic_bike,2021-08-16 09:13:04,2021-08-16 09:26:22,E 48 St & 3 Ave,6541,E 74 St & 1 Ave,6953,40.7546011026,-73.971878855,40.7689738,-73.95482273,member
2028945,61CB799D4D84FFD3,classic_bike,2021-08-24 18:26:21,2021-08-24 18:27:31,E 48 St & 3 Ave,6541,,nan,40.7546011026,-73.971878855,40.75,-73.97,member
2029049,E679C17C9E125B6B,classic_bike,2021-08-11 17:46:01,2021-08-11 18:09:44,E 48 St & 3 Ave,6541,Roosevelt Island Tramway,6599,40.7546011026,-73.971878855,40.757284,-73.9536,member
2029052,4263BF2DB8E9C1CA,classic_bike,2021-08-03 17:51:08,2021-08-03 18:15:26,E 48 St & 3 Ave,6541,Roosevelt Island Tramway,6599,40.7546011026,-73.971878855,40.757284,-73.9536,member
2029083,1D21F0D976F53290,classic_bike,2021-08-17 17:07:49,2021-08-17 17:32:28,E 48 St & 3 Ave,6541,Roosevelt Island Tramway,6599,40.7546011026,-73.971878855,40.757284,-73.9536,member
2029084,741D3E057175677A,classic_bike,2021-08-12 16:21:09,2021-08-12 16:46:15,E 48 St & 3 Ave,6541,Roosevelt Island Tramway,6599,40.7546011026,-73.971878855,40.757284,-73.9536,member
2029085,BB80BB805CB2319A,classic_bike,2021-08-11 06:38:11,2021-08-11 06:55:10,E 48 St & 3 Ave,6541,E 74 St & 1 Ave,6953,40.7546011026,-73.971878855,40.7689738,-73.95482273,member
2029094,5660F9AACA22D07C,classic_bike,2021-08-04 06:40:03,2021-08-04 06:57:55,E 48 St & 3 Ave,6541,E 74 St & 1 Ave,6953,40.7546011026,-73.971878855,40.7689738,-73.95482273,member
2029095,08A525546B24C234,classic_bike,2021-08-12 15:42:01,2021-08-12 16:03:05,E 48 St & 3 Ave,6541,,nan,40.7546011026,-73.971878855,40.74,-73.99,member
2029104,70DDDBC97A446A70,classic_bike,2021-08-27 08:48:30,2021-08-27 09:03:42,E 48 St & 3 Ave,6541,E 74 St & 1 Ave,6953,40.7546011026,-73.971878855,40.7689738,-73.95482273,member
2029119,26F9438BD59E195A,classic_bike,2021-08-06 06:35:08,2021-08-06 06:53:50,E 48 St & 3 Ave,6541,E 74 St & 1 Ave,6953,40.7546011026,-73.971878855,40.7689738,-73.95482273,member
2029409,17546057C1DE363D,classic_bike,2021-08-02 16:59:08,2021-08-02 17:23:47,E 48 St & 3 Ave,6541,Roosevelt Island Tramway,6599,40.7546011026,-73.971878855,40.757284,-73.9536,member
2029429,0165BB4FA25141E7,classic_bike,2021-08-06 23:26:25,2021-08-06 23:38:22,E 48 St & 3 Ave,6541,,nan,40.7546011026,-73.971878855,40.76,-73.98,casual
2029432,E3772E48044626DF,classic_bike,2021-08-07 09:46:57,2021-08-07 09:58:57,E 48 St & 3 Ave,6541,,nan,40.7546011026,-73.971878855,40.76,-73.98,casual
2029449,26E0738C6CB76CAD,classic_bike,2021-08-06 22:58:16,2021-08-06 23:11:42,E 48 St & 3 Ave,6541,E 74 St & 1 Ave,6953,40.7546011026,-73.971878855,40.7689738,-73.95482273,member
2029454,B0EFAC74F21EC1A5,classic_bike,2021-08-30 17:52:33,2021-08-30 18:05:25,E 48 St & 3 Ave,6541,E 74 St & 1 Ave,6953,40.7546011026,-73.971878855,40.7689738,-73.95482273,member
2029471,A2D3E63E793476FF,classic_bike,2021-08-04 15:32:14,2021-08-04 15:58:20,E 48 St & 3 Ave,6541,Roosevelt Island Tramway,6599,40.7546011026,-73.971878855,40.757284,-73.9536,member
2029479,68E5AFBCB7D3928A,classic_bike,2021-08-20 07:17:47,2021-08-20 07:35:46,E 48 St & 3 Ave,6541,E 74 St & 1 Ave,6953,40.7546011026,-73.971878855,40.7689738,-73.95482273,member
2029480,BA0D82E4208C5D85,classic_bike,2021-08-18 06:37:23,2021-08-18 06:55:10,E 48 St & 3 Ave,6541,E 74 St & 1 Ave,6953,40.7546011026,-73.971878855,40.7689738,-73.95482273,member
2029511,F9287D580B7DC284,electric_bike,2021-08-06 19:42:10,2021-08-06 19:51:22,E 48 St & 3 Ave,6541,E 74 St & 1 Ave,6953,40.7546011026,-73.971878855,40.7689738,-73.95482273,member
2029570,E8FC6D7A0B960C98,electric_bike,2021-08-16 11:35:23,2021-08-16 11:57:05,E 48 St & 3 Ave,6541,,nan,40.7546011026,-73.971878855,,,casual
2029636,2B250257DCCB1E70,classic_bike,2021-08-26 17:22:09,2021-08-26 17:35:27,E 48 St & 3 Ave,6541,E 74 St & 1 Ave,6953,40.7546011026,-73.971878855,40.7689738,-73.95482273,member
2029637,4FFF5279296635B0,classic_bike,2021-08-16 18:05:53,2021-08-16 18:16:52,E 48 St & 3 Ave,6541,E 74 St & 1 Ave,6953,40.7546011026,-73.971878855,40.7689738,-73.95482273,member
2030419,82AC35D55D2D03A4,electric_bike,2021-08-16 11:38:01,2021-08-16 11:58:54,E 48 St & 3 Ave,6541,,nan,40.7546011026,-73.971878855,,,casual
2031270,29C19F232C5E2910,classic_bike,2021-08-12 18:27:31,2021-08-12 18:39:52,E 48 St & 3 Ave,6541,E 74 St & 1 Ave,6953,40.7546011026,-73.971878855,40.7689738,-73.95482273,member
2031274,4CFDA64D206BEC08,classic_bike,2021-08-20 21:52:11,2021-08-21 22:51:51,E 48 St & 3 Ave,6541,,nan,40.7546011026,-73.971878855,,,member
2031278,82AEDC3BEB31A841,classic_bike,2021-08-20 13:04:01,2021-08-20 13:28:29,E 48 St & 3 Ave,6541,Roosevelt Island Tramway,6599,40.7546011026,-73.971878855,40.757284,-73.9536,member
2039904,CE2CB183B62F6D3B,electric_bike,2021-08-20 18:48:41,2021-08-20 19:09:56,E 48 St & 3 Ave,6541,Columbus Ave & W 72 St,7175,40.7546011026,-73.971878855,40.7770575,-73.97898475,member
2039967,3303F5E4506EEBFC,classic_bike,2021-08-16 16:40:23,2021-08-16 17:02:32,E 48 St & 3 Ave,6541,W 100 St & Manhattan Ave,7538,40.7546011026,-73.971878855,40.795,-73.9645,member
2041651,7477BFC11D249AB7,classic_bike,2021-08-18 15:41:43,2021-08-18 15:55:39,E 48 St & 3 Ave,6541,Columbus Ave & W 72 St,7175,40.7546011026,-73.971878855,40.7770575,-73.97898475,member
2041652,1AAC1BABDDDBE4D8,classic_bike,2021-08-17 21:22:33,2021-08-17 21:35:59,E 48 St & 3 Ave,6541,Columbus Ave & W 72 St,7175,40.7546011026,-73.971878855,40.7770575,-73.97898475,member
2042673,C10158D81AFE5D0D,classic_bike,2021-08-27 18:37:41,2021-08-27 18:51:54,E 48 St & 3 Ave,6541,Columbus Ave & W 72 St,7175,40.7546011026,-73.971878855,40.7770575,-73.97898475,member
2042944,029C37B3C6B1E6C7,classic_bike,2021-08-20 18:00:04,2021-08-20 18:19:40,E 48 St & 3 Ave,6541,Columbus Ave & W 72 St,7175,40.7546011026,-73.971878855,40.7770575,-73.97898475,member
2043175,471B0FB8BD2EEB38,classic_bike,2021-08-30 19:00:56,2021-08-30 19:19:38,E 48 St & 3 Ave,6541,Columbus Ave & W 72 St,7175,40.7546011026,-73.971878855,40.7770575,-73.97898475,member
2043399,B0B7A6154454BDF9,classic_bike,2021-08-25 17:44:25,2021-08-25 18:01:05,E 48 St & 3 Ave,6541,Columbus Ave & W 72 St,7175,40.7546011026,-73.971878855,40.7770575,-73.97898475,member
2043400,81E64186456EF9E3,classic_bike,2021-08-13 18:42:30,2021-08-13 18:58:16,E 48 St & 3 Ave,6541,Columbus Ave & W 72 St,7175,40.7546011026,-73.971878855,40.7770575,-73.97898475,member
2043401,5F9A6F093F4D5BD8,electric_bike,2021-08-12 20:54:28,2021-08-12 21:09:37,E 48 St & 3 Ave,6541,Columbus Ave & W 72 St,7175,40.7546011026,-73.971878855,40.7770575,-73.97898475,member
2043484,5E01509C97CFC35E,classic_bike,2021-08-24 18:43:45,2021-08-24 18:59:43,E 48 St & 3 Ave,6541,Columbus Ave & W 72 St,7175,40.7546011026,-73.971878855,40.7770575,-73.97898475,member
2043504,3581331E5C813F3D,classic_bike,2021-08-31 19:43:08,2021-08-31 19:58:13,E 48 St & 3 Ave,6541,E 78 St & 2 Ave,7057,40.7546011026,-73.971878855,40.7727966,-73.95577801,member
2043512,819E7BA1BEBD2C62,classic_bike,2021-08-11 17:41:17,2021-08-11 17:56:33,E 48 St & 3 Ave,6541,Columbus Ave & W 72 St,7175,40.7546011026,-73.971878855,40.7770575,-73.97898475,member
2046551,DD54DEA3FBC8A5AB,classic_bike,2021-08-06 17:51:48,2021-08-06 18:00:28,E 48 St & 3 Ave,6541,W 49 St & 8 Ave,6747,40.7546011026,-73.971878855,40.76227205,-73.98788205,casual
2046552,365DF815C7F993D8,classic_bike,2021-08-28 08:10:53,2021-08-28 08:23:38,E 48 St & 3 Ave,6541,W 21 St & 6 Ave,6140,40.7546011026,-73.971878855,40.74173969,-73.99415556,casual
2051840,B27694C734F8DDCD,electric_bike,2021-08-12 08:26:46,2021-08-12 08:35:48,E 48 St & 3 Ave,6541,W 49 St & 8 Ave,6747,40.7546011026,-73.971878855,40.76227205,-73.98788205,member
2051841,2A91C17378C9A2DD,classic_bike,2021-08-20 05:48:31,2021-08-20 06:05:11,E 48 St & 3 Ave,6541,W 21 St & 6 Ave,6140,40.7546011026,-73.971878855,40.74173969,-73.99415556,casual
2052459,848AEF2B4056F0F7,classic_bike,2021-08-14 14:14:02,2021-08-14 14:31:20,E 48 St & 3 Ave,6541,W 49 St & 8 Ave,6747,40.7546011026,-73.971878855,40.76227205,-73.98788205,member
2052460,14FB084E85A1C0E2,classic_bike,2021-08-11 03:07:04,2021-08-11 03:13:58,E 48 St & 3 Ave,6541,W 49 St & 8 Ave,6747,40.7546011026,-73.971878855,40.76227205,-73.98788205,member
2052462,36E060D5D764A694,electric_bike,2021-08-26 18:41:32,2021-08-26 18:55:38,E 48 St & 3 Ave,6541,W 21 St & 6 Ave,6140,40.7546011026,-73.971878855,40.74173969,-73.99415556,member
2052469,79D72ADF9280E869,classic_bike,2021-08-05 10:47:58,2021-08-05 11:06:30,E 48 St & 3 Ave,6541,W 21 St & 6 Ave,6140,40.7546011026,-73.971878855,40.74173969,-73.99415556,member
2052475,7A82E643D3E22262,electric_bike,2021-08-12 20:05:10,2021-08-12 20:45:05,E 48 St & 3 Ave,6541,Pioneer St & Van Brunt St,4169,40.7546011026,-73.971878855,40.679043,-74.011169,casual
2060251,BC464AAD642C3B14,electric_bike,2021-08-08 08:27:43,2021-08-08 08:33:05,E 48 St & 3 Ave,6541,W 49 St & 8 Ave,6747,40.7546011026,-73.971878855,40.76227205,-73.98788205,casual
2060252,3659B9AB4EE72A18,classic_bike,2021-08-08 10:15:04,2021-08-08 10:21:26,E 48 St & 3 Ave,6541,W 49 St & 8 Ave,6747,40.7546011026,-73.971878855,40.76227205,-73.98788205,casual
2060566,9AA032CEA14DCEEE,classic_bike,2021-08-02 14:32:34,2021-08-02 14:55:20,E 48 St & 3 Ave,6541,W 49 St & 8 Ave,6747,40.7546011026,-73.971878855,40.76227205,-73.98788205,casual
2060578,B7D099FDEA3F7F8D,electric_bike,2021-08-17 05:41:47,2021-08-17 05:57:20,E 48 St & 3 Ave,6541,W 21 St & 6 Ave,6140,40.7546011026,-73.971878855,40.74173969,-73.99415556,casual
2060581,9C01560235D66C6E,classic_bike,2021-08-28 14:37:28,2021-08-28 14:48:46,E 48 St & 3 Ave,6541,W 49 St & 8 Ave,6747,40.7546011026,-73.971878855,40.76227205,-73.98788205,member
2065665,69F958D089BF6911,electric_bike,2021-08-04 08:39:39,2021-08-04 08:48:51,E 48 St & 3 Ave,6541,W 49 St & 8 Ave,6747,40.7546011026,-73.971878855,40.76227205,-73.98788205,member
2066138,40B51A18B9E77900,classic_bike,2021-08-22 08:59:14,2021-08-22 09:13:33,E 48 St & 3 Ave,6541,W 21 St & 6 Ave,6140,40.7546011026,-73.971878855,40.74173969,-73.99415556,casual
2066486,F26287BC227EA1CE,classic_bike,2021-08-16 16:08:29,2021-08-16 16:18:26,E 48 St & 3 Ave,6541,W 49 St & 8 Ave,6747,40.7546011026,-73.971878855,40.76227205,-73.98788205,member
2066939,0DE10C46121AFD13,classic_bike,2021-08-28 14:14:47,2021-08-28 14:22:36,E 48 St & 3 Ave,6541,W 49 St & 8 Ave,6747,40.7546011026,-73.971878855,40.76227205,-73.98788205,member
2067293,1C07A02B0C023210,classic_bike,2021-08-27 05:49:14,2021-08-27 06:04:48,E 48 St & 3 Ave,6541,W 21 St & 6 Ave,6140,40.7546011026,-73.971878855,40.74173969,-73.99415556,casual
2067315,9F9926189318D70D,classic_bike,2021-08-31 05:54:18,2021-08-31 06:09:28,E 48 St & 3 Ave,6541,W 21 St & 6 Ave,6140,40.7546011026,-73.971878855,40.74173969,-73.99415556,casual
2067323,8437F133233275DA,classic_bike,2021-08-04 17:40:35,2021-08-04 17:57:35,E 48 St & 3 Ave,6541,W 21 St & 6 Ave,6140,40.7546011026,-73.971878855,40.74173969,-73.99415556,member
2067329,56899CBEA0E99504,classic_bike,2021-08-21 09:02:27,2021-08-21 09:12:27,E 48 St & 3 Ave,6541,W 49 St & 8 Ave,6747,40.7546011026,-73.971878855,40.76227205,-73.98788205,casual
2068196,F80C934D158F72AF,classic_bike,2021-08-02 15:10:06,2021-08-02 15:18:17,E 48 St & 3 Ave,6541,W 49 St & 8 Ave,6747,40.7546011026,-73.971878855,40.76227205,-73.98788205,member
2068631,10A0F15DA0AB39F5,classic_bike,2021-08-24 05:49:43,2021-08-24 06:06:09,E 48 St & 3 Ave,6541,W 21 St & 6 Ave,6140,40.7546011026,-73.971878855,40.74173969,-73.99415556,casual
2069071,3E67F0104C14F1E2,electric_bike,2021-08-14 15:34:35,2021-08-14 15:40:44,E 48 St & 3 Ave,6541,W 49 St & 8 Ave,6747,40.7546011026,-73.971878855,40.76227205,-73.98788205,member
2069077,648AB326D7FEEDFA,classic_bike,2021-08-29 18:30:08,2021-08-29 18:39:37,E 48 St & 3 Ave,6541,W 49 St & 8 Ave,6747,40.7546011026,-73.971878855,40.76227205,-73.98788205,casual
2069314,2DC2D4946F7644A9,classic_bike,2021-08-26 11:39:32,2021-08-26 11:49:39,E 48 St & 3 Ave,6541,W 49 St & 8 Ave,6747,40.7546011026,-73.971878855,40.76227205,-73.98788205,member
2069317,B8347383293ED6B6,classic_bike,2021-08-06 19:56:31,2021-08-06 20:05:12,E 48 St & 3 Ave,6541,W 49 St & 8 Ave,6747,40.7546011026,-73.971878855,40.76227205,-73.98788205,member
2069328,5604C3CFAAA352BD,classic_bike,2021-08-25 22:58:36,2021-08-25 23:08:05,E 48 St & 3 Ave,6541,W 49 St & 8 Ave,6747,40.7546011026,-73.971878855,40.76227205,-73.98788205,member
2069531,ACD44FFF95387D51,classic_bike,2021-08-07 17:19:54,2021-08-07 17:27:18,E 48 St & 3 Ave,6541,W 49 St & 8 Ave,6747,40.7546011026,-73.971878855,40.76227205,-73.98788205,member
2069539,6B97ADD7C7FAF52F,electric_bike,2021-08-23 23:11:55,2021-08-23 23:22:58,E 48 St & 3 Ave,6541,W 49 St & 8 Ave,6747,40.7546011026,-73.971878855,40.76227205,-73.98788205,casual
2069886,F38DD4F7537F85EC,classic_bike,2021-08-19 08:54:39,2021-08-19 09:09:10,E 48 St & 3 Ave,6541,W 49 St & 8 Ave,6747,40.7546011026,-73.971878855,40.76227205,-73.98788205,member
2069900,E1EDDF13DA0EA9FA,classic_bike,2021-08-16 05:43:11,2021-08-16 06:03:38,E 48 St & 3 Ave,6541,W 21 St & 6 Ave,6140,40.7546011026,-73.971878855,40.74173969,-73.99415556,casual
2070489,36D1B12A6E1239DB,classic_bike,2021-08-19 18:01:22,2021-08-19 18:14:23,E 48 St & 3 Ave,6541,W 21 St & 6 Ave,6140,40.7546011026,-73.971878855,40.74173969,-73.99415556,member
2070502,CE8FE3C5907287CB,classic_bike,2021-08-25 22:59:15,2021-08-25 23:08:26,E 48 St & 3 Ave,6541,W 49 St & 8 Ave,6747,40.7546011026,-73.971878855,40.76227205,-73.98788205,casual
2070504,24E10290D2DA6CA8,classic_bike,2021-08-26 05:47:27,2021-08-26 06:03:06,E 48 St & 3 Ave,6541,W 21 St & 6 Ave,6140,40.7546011026,-73.971878855,40.74173969,-73.99415556,casual
2070794,D68B8F36272FC662,classic_bike,2021-08-31 18:53:43,2021-08-31 19:10:58,E 48 St & 3 Ave,6541,W 21 St & 6 Ave,6140,40.7546011026,-73.971878855,40.74173969,-73.99415556,member
2070958,8A93214D96A19881,classic_bike,2021-08-20 21:51:33,2021-08-20 22:01:51,E 48 St & 3 Ave,6541,W 49 St & 8 Ave,6747,40.7546011026,-73.971878855,40.76227205,-73.98788205,member
2071639,610B265D1AA058DF,classic_bike,2021-08-02 18:24:04,2021-08-02 18:33:55,E 48 St & 3 Ave,6541,W 49 St & 8 Ave,6747,40.7546011026,-73.971878855,40.76227205,-73.98788205,member
2071649,5B97444371AE1471,electric_bike,2021-08-19 05:53:45,2021-08-19 06:06:45,E 48 St & 3 Ave,6541,W 21 St & 6 Ave,6140,40.7546011026,-73.971878855,40.74173969,-73.99415556,casual
2071768,15907AB3B67A804A,classic_bike,2021-08-30 05:54:20,2021-08-30 06:09:22,E 48 St & 3 Ave,6541,W 21 St & 6 Ave,6140,40.7546011026,-73.971878855,40.74173969,-73.99415556,casual
2071774,FE125365E6626E86,classic_bike,2021-08-21 16:44:12,2021-08-21 16:55:00,E 48 St & 3 Ave,6541,W 49 St & 8 Ave,6747,40.7546011026,-73.971878855,40.76227205,-73.98788205,casual
2071775,D0EA4D890E8BC275,classic_bike,2021-08-21 09:02:28,2021-08-21 09:12:27,E 48 St & 3 Ave,6541,W 49 St & 8 Ave,6747,40.7546011026,-73.971878855,40.76227205,-73.98788205,casual
2072731,69E3739D6CB36D6B,electric_bike,2021-08-23 23:13:08,2021-08-23 23:23:05,E 48 St & 3 Ave,6541,W 49 St & 8 Ave,6747,40.7546011026,-73.971878855,40.76227205,-73.98788205,casual
2072733,054BC2537450C506,classic_bike,2021-08-13 10:41:05,2021-08-13 10:50:08,E 48 St & 3 Ave,6541,W 49 St & 8 Ave,6747,40.7546011026,-73.971878855,40.76227205,-73.98788205,member
2072745,6101824F682291E4,classic_bike,2021-08-10 15:05:47,2021-08-10 15:17:19,E 48 St & 3 Ave,6541,W 49 St & 8 Ave,6747,40.7546011026,-73.971878855,40.76227205,-73.98788205,member
2072751,2C3FABBDAD1EE9C9,classic_bike,2021-08-25 05:48:32,2021-08-25 06:04:56,E 48 St & 3 Ave,6541,W 21 St & 6 Ave,6140,40.7546011026,-73.971878855,40.74173969,-73.99415556,casual
2072754,23EF2F8F3AC3B964,classic_bike,2021-08-25 22:57:46,2021-08-25 23:08:03,E 48 St & 3 Ave,6541,W 49 St & 8 Ave,6747,40.7546011026,-73.971878855,40.76227205,-73.98788205,casual
2072765,8552D49CD18CEDF1,electric_bike,2021-08-21 17:45:13,2021-08-21 17:59:14,E 48 St & 3 Ave,6541,W 21 St & 6 Ave,6140,40.7546011026,-73.971878855,40.74173969,-73.99415556,member
2072766,22E1598FA84C56FA,classic_bike,2021-08-09 16:55:30,2021-08-09 17:03:41,E 48 St & 3 Ave,6541,W 49 St & 8 Ave,6747,40.7546011026,-73.971878855,40.76227205,-73.98788205,member
2072772,FFAEA590A358EBBE,classic_bike,2021-08-02 14:34:10,2021-08-02 14:55:22,E 48 St & 3 Ave,6541,W 49 St & 8 Ave,6747,40.7546011026,-73.971878855,40.76227205,-73.98788205,casual
2072783,B3BF18CE03827AA5,classic_bike,2021-08-31 10:35:16,2021-08-31 10:42:32,E 48 St & 3 Ave,6541,W 49 St & 8 Ave,6747,40.7546011026,-73.971878855,40.76227205,-73.98788205,member
2072785,5B6E47FAFCCFD1DD,electric_bike,2021-08-19 08:39:23,2021-08-19 08:46:51,E 48 St & 3 Ave,6541,W 49 St & 8 Ave,6747,40.7546011026,-73.971878855,40.76227205,-73.98788205,member
2072786,39D6583A983A62D1,classic_bike,2021-08-31 17:38:46,2021-08-31 17:47:17,E 48 St & 3 Ave,6541,W 49 St & 8 Ave,6747,40.7546011026,-73.971878855,40.76227205,-73.98788205,member
2072787,C0A912167A01F8C4,classic_bike,2021-08-03 15:55:07,2021-08-03 16:03:19,E 48 St & 3 Ave,6541,W 49 St & 8 Ave,6747,40.7546011026,-73.971878855,40.76227205,-73.98788205,member
2072789,5C790B8B584CC5C5,classic_bike,2021-08-01 12:32:16,2021-08-01 12:47:11,E 48 St & 3 Ave,6541,W 21 St & 6 Ave,6140,40.7546011026,-73.971878855,40.74173969,-73.99415556,member
2072802,8CD48184EC78DC9E,classic_bike,2021-08-29 09:00:36,2021-08-29 09:15:47,E 48 St & 3 Ave,6541,W 21 St & 6 Ave,6140,40.7546011026,-73.971878855,40.74173969,-73.99415556,casual
2073334,BFFD122F5B44214B,classic_bike,2021-08-10 17:46:01,2021-08-10 17:54:34,E 48 St & 3 Ave,6541,W 49 St & 8 Ave,6747,40.7546011026,-73.971878855,40.76227205,-73.98788205,member
2073386,931B429073C659F4,classic_bike,2021-08-25 22:58:00,2021-08-25 23:08:10,E 48 St & 3 Ave,6541,W 49 St & 8 Ave,6747,40.7546011026,-73.971878855,40.76227205,-73.98788205,member
2073388,098B57C25E964E0A,classic_bike,2021-08-14 13:34:52,2021-08-14 13:45:43,E 48 St & 3 Ave,6541,W 49 St & 8 Ave,6747,40.7546011026,-73.971878855,40.76227205,-73.98788205,casual
2073547,BBE37CE4D31117E8,classic_bike,2021-08-05 18:18:06,2021-08-05 18:27:59,E 48 St & 3 Ave,6541,W 49 St & 8 Ave,6747,40.7546011026,-73.971878855,40.76227205,-73.98788205,member
2073549,EF79EB97A2F8A427,classic_bike,2021-08-18 05:47:44,2021-08-18 06:05:00,E 48 St & 3 Ave,6541,W 21 St & 6 Ave,6140,40.7546011026,-73.971878855,40.74173969,-73.99415556,casual
2073551,92A51CC7042F1696,classic_bike,2021-08-16 09:51:05,2021-08-16 09:57:34,E 48 St & 3 Ave,6541,W 49 St & 8 Ave,6747,40.7546011026,-73.971878855,40.76227205,-73.98788205,member
2075680,6C4201288127D620,classic_bike,2021-08-10 16:37:02,2021-08-10 16:39:51,E 48 St & 3 Ave,6541,E 44 St & 2 Ave,6422,40.7546011026,-73.971878855,40.75118387463277,-73.97138714790344,member
2075683,2CD2BE45064147C8,electric_bike,2021-08-31 13:58:17,2021-08-31 14:21:37,E 48 St & 3 Ave,6541,E 58 St & 1 Ave (NW Corner),6723,40.7546011026,-73.971878855,40.759125,-73.962658,casual
2075684,DAD2F39E4F46CD24,electric_bike,2021-08-12 12:20:09,2021-08-12 12:25:41,E 48 St & 3 Ave,6541,E 58 St & 1 Ave (NW Corner),6723,40.7546011026,-73.971878855,40.759125,-73.962658,member
2075685,B3D9A3D897B9A5DB,classic_bike,2021-08-31 17:46:26,2021-08-31 18:01:43,E 48 St & 3 Ave,6541,W 43 St & 10 Ave,6756,40.7546011026,-73.971878855,40.76009437,-73.99461843,casual
2075689,EDF22E6BE3F20356,electric_bike,2021-08-19 15:50:22,2021-08-19 15:55:57,E 48 St & 3 Ave,6541,E 58 St & 1 Ave (NW Corner),6723,40.7546011026,-73.971878855,40.759125,-73.962658,casual
2075698,2920C13A78BD32A4,electric_bike,2021-08-14 09:55:44,2021-08-14 09:59:12,E 48 St & 3 Ave,6541,E 44 St & 2 Ave,6422,40.7546011026,-73.971878855,40.75118387463277,-73.97138714790344,casual
2075699,D86EA2125DD9FA19,classic_bike,2021-08-02 22:22:09,2021-08-02 22:41:40,E 48 St & 3 Ave,6541,W 43 St & 10 Ave,6756,40.7546011026,-73.971878855,40.76009437,-73.99461843,casual
2078625,3CBFDD51DFD605FB,classic_bike,2021-08-26 19:13:28,2021-08-26 19:16:36,E 48 St & 3 Ave,6541,E 44 St & 2 Ave,6422,40.7546011026,-73.971878855,40.75118387463277,-73.97138714790344,member
2078643,9EA69CF2A5890D38,classic_bike,2021-08-12 10:50:02,2021-08-12 11:03:12,E 48 St & 3 Ave,6541,W 43 St & 10 Ave,6756,40.7546011026,-73.971878855,40.76009437,-73.99461843,casual
2083765,421DB4CC11F35340,classic_bike,2021-08-19 18:22:50,2021-08-19 18:28:50,E 48 St & 3 Ave,6541,E 58 St & 1 Ave (NW Corner),6723,40.7546011026,-73.971878855,40.759125,-73.962658,member
2083772,2D6793E9A7C5FB5A,electric_bike,2021-08-02 23:18:16,2021-08-02 23:31:03,E 48 St & 3 Ave,6541,W 43 St & 10 Ave,6756,40.7546011026,-73.971878855,40.76009437,-73.99461843,casual
2086043,DB724132841B6C5E,classic_bike,2021-08-13 18:46:57,2021-08-13 18:52:49,E 48 St & 3 Ave,6541,E 58 St & 1 Ave (NW Corner),6723,40.7546011026,-73.971878855,40.759125,-73.962658,member
2086047,EDDC4CF33FCFB1D0,classic_bike,2021-08-25 13:43:44,2021-08-25 13:51:14,E 48 St & 3 Ave,6541,E 58 St & 1 Ave (NW Corner),6723,40.7546011026,-73.971878855,40.759125,-73.962658,member
2086050,319DB3424941FE33,classic_bike,2021-08-18 15:49:24,2021-08-18 16:06:26,E 48 St & 3 Ave,6541,Central Park West & W 76 St,7253,40.7546011026,-73.971878855,40.77896784,-73.97374737,member
2086060,82E4560E1DEEF004,classic_bike,2021-08-30 19:41:32,2021-08-30 19:48:16,E 48 St & 3 Ave,6541,E 58 St & 1 Ave (NW Corner),6723,40.7546011026,-73.971878855,40.759125,-73.962658,casual
2086069,8EF82B9E140591EA,electric_bike,2021-08-02 23:19:10,2021-08-02 23:31:16,E 48 St & 3 Ave,6541,W 43 St & 10 Ave,6756,40.7546011026,-73.971878855,40.76009437,-73.99461843,casual
2089219,3E5CF0E2459E92E8,classic_bike,2021-08-30 20:04:54,2021-08-30 20:08:06,E 48 St & 3 Ave,6541,E 44 St & 2 Ave,6422,40.7546011026,-73.971878855,40.75118387463277,-73.97138714790344,member
2089224,7F15F901CB78A60D,classic_bike,2021-08-30 18:02:40,2021-08-30 18:15:27,E 48 St & 3 Ave,6541,W 43 St & 10 Ave,6756,40.7546011026,-73.971878855,40.76009437,-73.99461843,casual
2104229,068499249A6DDEB3,classic_bike,2021-08-24 17:44:36,2021-08-24 17:53:02,E 48 St & 3 Ave,6541,W 43 St & 10 Ave,6756,40.7546011026,-73.971878855,40.76009437,-73.99461843,member
2105447,1063B85F476031A4,classic_bike,2021-08-13 20:21:13,2021-08-13 20:26:47,E 48 St & 3 Ave,6541,E 58 St & 1 Ave (NW Corner),6723,40.7546011026,-73.971878855,40.759125,-73.962658,member
2105450,6AF263742349EB39,classic_bike,2021-08-14 13:29:14,2021-08-14 14:03:19,E 48 St & 3 Ave,6541,Central Park West & W 76 St,7253,40.7546011026,-73.971878855,40.77896784,-73.97374737,member
2105452,F2B1F3337F47992C,electric_bike,2021-08-25 10:22:46,2021-08-25 10:25:25,E 48 St & 3 Ave,6541,E 44 St & 2 Ave,6422,40.7546011026,-73.971878855,40.75118387463277,-73.97138714790344,member
2105454,12F010C200FEE752,classic_bike,2021-08-30 15:41:29,2021-08-30 15:49:03,E 48 St & 3 Ave,6541,E 58 St & 1 Ave (NW Corner),6723,40.7546011026,-73.971878855,40.759125,-73.962658,member
2105456,E9A9A17637416356,classic_bike,2021-08-03 21:14:34,2021-08-03 21:29:05,E 48 St & 3 Ave,6541,W 43 St & 10 Ave,6756,40.7546011026,-73.971878855,40.76009437,-73.99461843,casual
2106192,4DE47219D4178AF2,classic_bike,2021-08-10 15:31:25,2021-08-10 15:35:41,E 48 St & 3 Ave,6541,E 44 St & 2 Ave,6422,40.7546011026,-73.971878855,40.75118387463277,-73.97138714790344,member
2106197,CC92331F091D364D,electric_bike,2021-08-18 14:16:02,2021-08-18 14:18:13,E 48 St & 3 Ave,6541,E 44 St & 2 Ave,6422,40.7546011026,-73.971878855,40.75118387463277,-73.97138714790344,member
2106200,605552B2DE61D77B,electric_bike,2021-08-06 15:44:00,2021-08-06 15:51:56,E 48 St & 3 Ave,6541,E 58 St & 1 Ave (NW Corner),6723,40.7546011026,-73.971878855,40.759125,-73.962658,casual
2106201,23C591B61FA783E1,electric_bike,2021-08-30 21:30:33,2021-08-30 22:08:24,E 48 St & 3 Ave,6541,E 44 St & 2 Ave,6422,40.7546011026,-73.971878855,40.75118387463277,-73.97138714790344,casual
2107138,DD3AD386B9FC7BCE,classic_bike,2021-08-03 13:38:39,2021-08-03 14:17:27,E 48 St & 3 Ave,6541,W 95 St & Broadway,7541,40.7546011026,-73.971878855,40.7937704,-73.971888,member
2107502,312ADB2981E784C9,classic_bike,2021-08-29 08:01:27,2021-08-29 08:09:42,E 48 St & 3 Ave,6541,E 58 St & 1 Ave (NW Corner),6723,40.7546011026,-73.971878855,40.759125,-73.962658,member
2107503,B2C4274C5E75862F,classic_bike,2021-08-17 17:53:23,2021-08-17 18:26:39,E 48 St & 3 Ave,6541,Central Park West & W 76 St,7253,40.7546011026,-73.971878855,40.77896784,-73.97374737,member
2107506,E9E7226C0B1BF032,classic_bike,2021-08-29 17:55:34,2021-08-29 18:00:09,E 48 St & 3 Ave,6541,E 44 St & 2 Ave,6422,40.7546011026,-73.971878855,40.75118387463277,-73.97138714790344,member
2107509,799249FD05C8445D,classic_bike,2021-08-19 23:32:18,2021-08-19 23:59:38,E 48 St & 3 Ave,6541,Berry St & N 8 St,5379,40.7546011026,-73.971878855,40.7190095,-73.95852515,member
2107511,7DA0D4F68FDE0345,classic_bike,2021-08-19 15:34:30,2021-08-19 15:42:36,E 48 St & 3 Ave,6541,E 58 St & 1 Ave (NW Corner),6723,40.7546011026,-73.971878855,40.759125,-73.962658,member
2107516,4681FC9AD846A504,classic_bike,2021-08-21 14:39:40,2021-08-21 14:58:06,E 48 St & 3 Ave,6541,Central Park West & W 76 St,7253,40.7546011026,-73.971878855,40.77896784,-73.97374737,casual
2108111,E2A2598FA3DFF040,classic_bike,2021-08-26 20:19:40,2021-08-26 20:28:21,E 48 St & 3 Ave,6541,E 58 St & 1 Ave (NW Corner),6723,40.7546011026,-73.971878855,40.759125,-73.962658,member
2108804,800E6A0DD9AAD404,classic_bike,2021-08-03 17:45:24,2021-08-03 17:50:51,E 48 St & 3 Ave,6541,E 58 St & 1 Ave (NW Corner),6723,40.7546011026,-73.971878855,40.759125,-73.962658,casual
2108808,7DE9EE0669387E25,classic_bike,2021-08-11 18:22:55,2021-08-11 18:39:45,E 48 St & 3 Ave,6541,W 26 St & 10 Ave,6382,40.7546011026,-73.971878855,40.749717753,-74.002950346,member
2108819,940DD429ABA630ED,electric_bike,2021-08-09 18:38:19,2021-08-09 19:36:32,E 48 St & 3 Ave,6541,Central Park West & W 76 St,7253,40.7546011026,-73.971878855,40.77896784,-73.97374737,member
2108862,BAADDEC7593FFFEE,electric_bike,2021-08-27 11:51:27,2021-08-27 11:54:58,E 48 St & 3 Ave,6541,E 44 St & 2 Ave,6422,40.7546011026,-73.971878855,40.75118387463277,-73.97138714790344,member
2108870,98A50A780EEA6A49,electric_bike,2021-08-18 10:21:08,2021-08-18 11:36:42,E 48 St & 3 Ave,6541,Central Park West & W 76 St,7253,40.7546011026,-73.971878855,40.77896784,-73.97374737,casual
2109013,971AB1A8EFCC48E7,classic_bike,2021-08-01 09:43:05,2021-08-01 09:49:59,E 48 St & 3 Ave,6541,E 58 St & 1 Ave (NW Corner),6723,40.7546011026,-73.971878855,40.759125,-73.962658,member
2109015,91925C7218E2E016,classic_bike,2021-08-11 18:24:51,2021-08-11 18:44:28,E 48 St & 3 Ave,6541,W 26 St & 10 Ave,6382,40.7546011026,-73.971878855,40.749717753,-74.002950346,member
2109018,B610891D1545D278,classic_bike,2021-08-25 18:10:07,2021-08-25 18:16:33,E 48 St & 3 Ave,6541,E 58 St & 1 Ave (NW Corner),6723,40.7546011026,-73.971878855,40.759125,-73.962658,member
2109049,27EF350882B9E8DD,classic_bike,2021-08-15 17:48:36,2021-08-15 17:52:14,E 48 St & 3 Ave,6541,E 44 St & 2 Ave,6422,40.7546011026,-73.971878855,40.75118387463277,-73.97138714790344,member
2109055,E9D6AF8AE84CBF5B,classic_bike,2021-08-11 14:44:52,2021-08-11 15:41:55,E 48 St & 3 Ave,6541,Central Park West & W 76 St,7253,40.7546011026,-73.971878855,40.77896784,-73.97374737,casual
2109064,BE5D20CE5B8A7073,classic_bike,2021-08-07 20:30:48,2021-08-07 20:46:24,E 48 St & 3 Ave,6541,W 43 St & 10 Ave,6756,40.7546011026,-73.971878855,40.76009437,-73.99461843,casual
2109065,D6A629642707C477,classic_bike,2021-08-29 19:58:07,2021-08-29 20:13:36,E 48 St & 3 Ave,6541,W 43 St & 10 Ave,6756,40.7546011026,-73.971878855,40.76009437,-73.99461843,casual
2109459,408E3515AD34CDAE,electric_bike,2021-08-12 17:42:00,2021-08-12 18:02:42,E 48 St & 3 Ave,6541,W 26 St & 10 Ave,6382,40.7546011026,-73.971878855,40.749717753,-74.002950346,member
2109462,E4EA7733B4ACAF2C,classic_bike,2021-08-23 18:03:13,2021-08-23 18:10:02,E 48 St & 3 Ave,6541,E 58 St & 1 Ave (NW Corner),6723,40.7546011026,-73.971878855,40.759125,-73.962658,member
2109466,5B6BC417D047D0F1,electric_bike,2021-08-02 16:59:26,2021-08-02 17:05:28,E 48 St & 3 Ave,6541,E 58 St & 1 Ave (NW Corner),6723,40.7546011026,-73.971878855,40.759125,-73.962658,casual
2110213,8DD5F82E1D341730,classic_bike,2021-08-12 17:16:17,2021-08-12 17:21:43,E 48 St & 3 Ave,6541,E 44 St & 2 Ave,6422,40.7546011026,-73.971878855,40.75118387463277,-73.97138714790344,casual
2110250,91293F9BD68C7312,classic_bike,2021-08-15 03:58:01,2021-08-15 04:05:07,E 48 St & 3 Ave,6541,E 58 St & 1 Ave (NW Corner),6723,40.7546011026,-73.971878855,40.759125,-73.962658,member
2110267,16015DD78007C221,classic_bike,2021-08-17 17:52:09,2021-08-17 17:56:03,E 48 St & 3 Ave,6541,E 44 St & 2 Ave,6422,40.7546011026,-73.971878855,40.75118387463277,-73.97138714790344,member
2111007,2079D94D6D2D4FF8,electric_bike,2021-08-13 17:21:58,2021-08-13 17:29:30,E 48 St & 3 Ave,6541,W 43 St & 10 Ave,6756,40.7546011026,-73.971878855,40.76009437,-73.99461843,member
2111430,237DFADE0609013E,classic_bike,2021-08-05 17:44:38,2021-08-05 17:50:58,E 48 St & 3 Ave,6541,E 58 St & 1 Ave (NW Corner),6723,40.7546011026,-73.971878855,40.759125,-73.962658,member
2111532,287253171E20299F,electric_bike,2021-08-04 13:02:59,2021-08-04 13:05:20,E 48 St & 3 Ave,6541,E 44 St & 2 Ave,6422,40.7546011026,-73.971878855,40.75118387463277,-73.97138714790344,member
2111789,83796B9F3527BFC5,classic_bike,2021-08-09 20:41:09,2021-08-09 21:00:00,E 48 St & 3 Ave,6541,E 44 St & 2 Ave,6422,40.7546011026,-73.971878855,40.75118387463277,-73.97138714790344,casual
2111790,4A9756163A8A41FA,classic_bike,2021-08-13 13:00:52,2021-08-13 13:23:30,E 48 St & 3 Ave,6541,E 58 St & 1 Ave (NW Corner),6723,40.7546011026,-73.971878855,40.759125,-73.962658,casual
2111797,97094FD6BF753D14,classic_bike,2021-08-17 09:50:36,2021-08-17 10:09:27,E 48 St & 3 Ave,6541,E 44 St & 2 Ave,6422,40.7546011026,-73.971878855,40.75118387463277,-73.97138714790344,casual
2111798,1F8C8F5577B7C507,classic_bike,2021-08-25 18:11:02,2021-08-25 18:25:54,E 48 St & 3 Ave,6541,W 43 St & 10 Ave,6756,40.7546011026,-73.971878855,40.76009437,-73.99461843,casual
2111815,D43F8C2ACBDC653C,electric_bike,2021-08-11 12:46:11,2021-08-11 13:10:18,E 48 St & 3 Ave,6541,W 95 St & Broadway,7541,40.7546011026,-73.971878855,40.7937704,-73.971888,member
2111820,78971F2C636DE5BA,classic_bike,2021-08-06 17:02:32,2021-08-06 17:18:16,E 48 St & 3 Ave,6541,Central Park West & W 76 St,7253,40.7546011026,-73.971878855,40.77896784,-73.97374737,member
2111825,167E995D2D06F2CE,classic_bike,2021-08-25 20:45:59,2021-08-25 20:50:07,E 48 St & 3 Ave,6541,E 44 St & 2 Ave,6422,40.7546011026,-73.971878855,40.75118387463277,-73.97138714790344,member
2112611,714086FDE0E7BC16,classic_bike,2021-08-24 18:06:28,2021-08-24 18:18:31,E 48 St & 3 Ave,6541,W 43 St & 10 Ave,6756,40.7546011026,-73.971878855,40.76009437,-73.99461843,casual
2112812,C10C110D91CCB765,classic_bike,2021-08-19 17:37:00,2021-08-19 17:41:53,E 48 St & 3 Ave,6541,E 58 St & 1 Ave (NW Corner),6723,40.7546011026,-73.971878855,40.759125,-73.962658,member
2112818,D98DD65E4645EA88,classic_bike,2021-08-31 18:29:10,2021-08-31 18:36:35,E 48 St & 3 Ave,6541,E 58 St & 1 Ave (NW Corner),6723,40.7546011026,-73.971878855,40.759125,-73.962658,member
2112823,42213D0E06484DB1,electric_bike,2021-08-23 12:40:05,2021-08-23 12:51:20,E 48 St & 3 Ave,6541,W 43 St & 10 Ave,6756,40.7546011026,-73.971878855,40.76009437,-73.99461843,casual
2112826,ECB15F17775DCA90,classic_bike,2021-08-07 20:31:30,2021-08-07 20:46:35,E 48 St & 3 Ave,6541,W 43 St & 10 Ave,6756,40.7546011026,-73.971878855,40.76009437,-73.99461843,casual
2113592,DAA62834E009A1FD,classic_bike,2021-08-11 14:55:55,2021-08-11 14:59:49,E 48 St & 3 Ave,6541,E 44 St & 2 Ave,6422,40.7546011026,-73.971878855,40.75118387463277,-73.97138714790344,member
2113612,84C0044A2049B4D7,classic_bike,2021-08-07 20:15:54,2021-08-07 20:24:38,E 48 St & 3 Ave,6541,E 44 St & 2 Ave,6422,40.7546011026,-73.971878855,40.75118387463277,-73.97138714790344,member
2113616,D23E4236DAAC6993,classic_bike,2021-08-16 09:33:11,2021-08-16 09:39:00,E 48 St & 3 Ave,6541,E 58 St & 1 Ave (NW Corner),6723,40.7546011026,-73.971878855,40.759125,-73.962658,member
2113630,AFC6FE7FD42DFE6F,classic_bike,2021-08-20 14:19:14,2021-08-20 14:37:32,E 48 St & 3 Ave,6541,Suffolk St & Stanton St,5445,40.7546011026,-73.971878855,40.72066442,-73.98517977,member
2113631,735CB813B6887085,classic_bike,2021-08-19 17:22:43,2021-08-19 17:43:40,E 48 St & 3 Ave,6541,Suffolk St & Stanton St,5445,40.7546011026,-73.971878855,40.72066442,-73.98517977,member
2114004,70511C0FEB897BF3,classic_bike,2021-08-01 18:48:57,2021-08-01 19:16:07,E 48 St & 3 Ave,6541,Central Park West & W 76 St,7253,40.7546011026,-73.971878855,40.77896784,-73.97374737,member
2114006,7EACCC94952C1D19,classic_bike,2021-08-31 14:37:15,2021-08-31 14:49:52,E 48 St & 3 Ave,6541,E 58 St & 1 Ave (NW Corner),6723,40.7546011026,-73.971878855,40.759125,-73.962658,member
2114072,46D26D69A07F0F28,classic_bike,2021-08-01 18:49:04,2021-08-01 19:16:17,E 48 St & 3 Ave,6541,Central Park West & W 76 St,7253,40.7546011026,-73.971878855,40.77896784,-73.97374737,casual
2114088,B3A366C95AC28170,classic_bike,2021-08-24 18:14:00,2021-08-24 18:21:01,E 48 St & 3 Ave,6541,E 58 St & 1 Ave (NW Corner),6723,40.7546011026,-73.971878855,40.759125,-73.962658,member
2114092,2E6625D24545CB06,electric_bike,2021-08-17 09:47:45,2021-08-17 10:09:49,E 48 St & 3 Ave,6541,E 44 St & 2 Ave,6422,40.7546011026,-73.971878855,40.75118387463277,-73.97138714790344,casual
2114094,EABC966733CF932E,classic_bike,2021-08-29 19:57:57,2021-08-29 20:13:28,E 48 St & 3 Ave,6541,W 43 St & 10 Ave,6756,40.7546011026,-73.971878855,40.76009437,-73.99461843,casual
2114437,D70AEE6D3A05AF2E,electric_bike,2021-08-06 12:12:10,2021-08-06 12:14:57,E 48 St & 3 Ave,6541,E 44 St & 2 Ave,6422,40.7546011026,-73.971878855,40.75118387463277,-73.97138714790344,member
2114440,4E9CD3445D8445A9,electric_bike,2021-08-31 14:34:17,2021-08-31 14:48:15,E 48 St & 3 Ave,6541,Central Park West & W 76 St,7253,40.7546011026,-73.971878855,40.77896784,-73.97374737,member
2121773,883DCD9C287A1D13,electric_bike,2021-08-24 21:54:06,2021-08-24 22:03:10,E 48 St & 3 Ave,6541,E 20 St & Park Ave,6055,40.7546011026,-73.971878855,40.73827428,-73.98751968,casual
2121776,D47A9063F70373C5,classic_bike,2021-08-05 22:40:46,2021-08-05 23:03:41,E 48 St & 3 Ave,6541,Lenox Ave & W 111 St,7602,40.7546011026,-73.971878855,40.7987859,-73.9523,member
2125838,2977D898A5690B28,classic_bike,2021-08-08 14:42:32,2021-08-08 14:51:33,E 48 St & 3 Ave,6541,E 20 St & Park Ave,6055,40.7546011026,-73.971878855,40.73827428,-73.98751968,member
2125839,5A6501BF751489C1,classic_bike,2021-08-24 17:07:34,2021-08-24 17:18:30,E 48 St & 3 Ave,6541,6 Ave & W 33 St,6364,40.7546011026,-73.971878855,40.74901271,-73.98848395,member
2125846,18C7D03255991710,classic_bike,2021-08-30 17:30:39,2021-08-30 17:49:00,E 48 St & 3 Ave,6541,W 70 St & Amsterdam Ave,7207,40.7546011026,-73.971878855,40.77748046,-73.98288594,member
2139502,DD8061EF74BA1C10,classic_bike,2021-08-09 17:11:53,2021-08-09 17:20:41,E 48 St & 3 Ave,6541,6 Ave & W 33 St,6364,40.7546011026,-73.971878855,40.74901271,-73.98848395,member
2139518,436B1D795FF03CC7,electric_bike,2021-08-07 09:21:24,2021-08-07 09:33:02,E 48 St & 3 Ave,6541,6 Ave & W 33 St,6364,40.7546011026,-73.971878855,40.74901271,-73.98848395,casual
2139521,D0B640FD7A32B368,electric_bike,2021-08-13 19:27:17,2021-08-13 19:39:56,E 48 St & 3 Ave,6541,E 20 St & Park Ave,6055,40.7546011026,-73.971878855,40.73827428,-73.98751968,casual
2144648,DAB96F396A81071A,classic_bike,2021-08-04 18:04:16,2021-08-04 18:17:22,E 48 St & 3 Ave,6541,6 Ave & W 33 St,6364,40.7546011026,-73.971878855,40.74901271,-73.98848395,member
2144713,ACB0DFAD3516E174,classic_bike,2021-08-31 17:59:30,2021-08-31 18:10:47,E 48 St & 3 Ave,6541,E 20 St & Park Ave,6055,40.7546011026,-73.971878855,40.73827428,-73.98751968,member
2144716,7D1883ED28E2BE38,classic_bike,2021-08-24 20:35:39,2021-08-24 20:53:04,E 48 St & 3 Ave,6541,6 Ave & W 33 St,6364,40.7546011026,-73.971878855,40.74901271,-73.98848395,casual
2144728,B1A28150CC23C1D3,electric_bike,2021-08-01 23:22:17,2021-08-01 23:31:26,E 48 St & 3 Ave,6541,6 Ave & W 33 St,6364,40.7546011026,-73.971878855,40.74901271,-73.98848395,casual
2144884,672228FFEA4A1DF4,classic_bike,2021-08-10 17:11:54,2021-08-10 17:24:56,E 48 St & 3 Ave,6541,W 70 St & Amsterdam Ave,7207,40.7546011026,-73.971878855,40.77748046,-73.98288594,member
2144891,CF09F91495378C66,classic_bike,2021-08-29 10:40:30,2021-08-29 10:51:35,E 48 St & 3 Ave,6541,6 Ave & W 33 St,6364,40.7546011026,-73.971878855,40.74901271,-73.98848395,member
2146791,F3CA81D474D6CC10,classic_bike,2021-08-04 18:03:51,2021-08-04 18:17:18,E 48 St & 3 Ave,6541,6 Ave & W 33 St,6364,40.7546011026,-73.971878855,40.74901271,-73.98848395,member
2146792,7653D3F67B4F664D,electric_bike,2021-08-11 09:46:54,2021-08-11 09:58:07,E 48 St & 3 Ave,6541,6 Ave & W 33 St,6364,40.7546011026,-73.971878855,40.74901271,-73.98848395,member
2146799,E64B46429E3A198B,electric_bike,2021-08-18 18:50:09,2021-08-18 18:57:05,E 48 St & 3 Ave,6541,E 20 St & Park Ave,6055,40.7546011026,-73.971878855,40.73827428,-73.98751968,member
2146866,AFA4C74150678E85,classic_bike,2021-08-07 14:46:49,2021-08-07 14:58:46,E 48 St & 3 Ave,6541,W 70 St & Amsterdam Ave,7207,40.7546011026,-73.971878855,40.77748046,-73.98288594,member
2146937,99A61305AC277D5A,classic_bike,2021-08-16 10:58:02,2021-08-16 11:13:56,E 48 St & 3 Ave,6541,W 70 St & Amsterdam Ave,7207,40.7546011026,-73.971878855,40.77748046,-73.98288594,casual
2146947,BFA887639A34C5EE,electric_bike,2021-08-21 14:20:51,2021-08-21 14:46:09,E 48 St & 3 Ave,6541,South St & Whitehall St,4846,40.7546011026,-73.971878855,40.70122128,-74.01234218,member
2146963,3921B416F87257C8,classic_bike,2021-08-13 19:27:40,2021-08-13 19:39:56,E 48 St & 3 Ave,6541,E 20 St & Park Ave,6055,40.7546011026,-73.971878855,40.73827428,-73.98751968,casual
2148254,0BA78DE93B10ADD5,classic_bike,2021-08-25 16:29:54,2021-08-25 16:38:50,E 48 St & 3 Ave,6541,E 20 St & Park Ave,6055,40.7546011026,-73.971878855,40.73827428,-73.98751968,member
2148499,F6CF828D63206576,classic_bike,2021-08-31 17:56:18,2021-08-31 18:26:49,E 48 St & 3 Ave,6541,E 102 St & 1 Ave,7407,40.7546011026,-73.971878855,40.7869946,-73.94164802,member
2148518,F8142C55EC84E60A,classic_bike,2021-08-14 16:56:49,2021-08-14 17:13:19,E 48 St & 3 Ave,6541,6 Ave & W 33 St,6364,40.7546011026,-73.971878855,40.74901271,-73.98848395,casual
2148563,B3A19CCF753ECDF1,electric_bike,2021-08-02 23:25:02,2021-08-02 23:45:42,E 48 St & 3 Ave,6541,E 102 St & 1 Ave,7407,40.7546011026,-73.971878855,40.7869946,-73.94164802,member
2148567,35665EE931A4F8E0,classic_bike,2021-08-19 17:51:06,2021-08-19 18:11:23,E 48 St & 3 Ave,6541,W 70 St & Amsterdam Ave,7207,40.7546011026,-73.971878855,40.77748046,-73.98288594,member
2149035,A26F4570C759C892,classic_bike,2021-08-04 14:49:33,2021-08-04 15:01:06,E 48 St & 3 Ave,6541,E 20 St & Park Ave,6055,40.7546011026,-73.971878855,40.73827428,-73.98751968,member
2149575,1A32F1FB34B29490,classic_bike,2021-08-03 17:32:14,2021-08-03 17:44:02,E 48 St & 3 Ave,6541,6 Ave & W 33 St,6364,40.7546011026,-73.971878855,40.74901271,-73.98848395,member
2149987,A33412F1E06AC4F0,classic_bike,2021-08-04 18:04:28,2021-08-04 18:17:16,E 48 St & 3 Ave,6541,6 Ave & W 33 St,6364,40.7546011026,-73.971878855,40.74901271,-73.98848395,casual
2149988,D9FB7C14A8491C3B,electric_bike,2021-08-17 08:09:05,2021-08-17 08:22:24,E 48 St & 3 Ave,6541,E 102 St & 1 Ave,7407,40.7546011026,-73.971878855,40.7869946,-73.94164802,casual
2150012,E09DA4B48AEDF5E5,electric_bike,2021-08-05 16:01:37,2021-08-05 16:28:32,E 48 St & 3 Ave,6541,Lenox Ave & W 111 St,7602,40.7546011026,-73.971878855,40.7987859,-73.9523,member
2150738,BAC65B0E6E439C80,classic_bike,2021-08-11 18:23:45,2021-08-11 18:39:52,E 48 St & 3 Ave,6541,W 70 St & Amsterdam Ave,7207,40.7546011026,-73.971878855,40.77748046,-73.98288594,member
2150767,D8BFA0DC1CD944C4,classic_bike,2021-08-24 17:57:28,2021-08-24 18:14:15,E 48 St & 3 Ave,6541,W 70 St & Amsterdam Ave,7207,40.7546011026,-73.971878855,40.77748046,-73.98288594,member
2172225,77278EA2F7186832,classic_bike,2021-08-29 13:02:06,2021-08-29 13:04:03,E 48 St & 3 Ave,6541,E 47 St & 1 Ave,6498,40.7546011026,-73.971878855,40.75206862,-73.96784384,member
2172226,5DB0973017F68A6D,classic_bike,2021-08-07 07:41:58,2021-08-07 07:43:55,E 48 St & 3 Ave,6541,E 47 St & 1 Ave,6498,40.7546011026,-73.971878855,40.75206862,-73.96784384,member
2172237,18582C928CEE6535,classic_bike,2021-08-14 12:29:24,2021-08-14 12:38:31,E 48 St & 3 Ave,6541,W 44 St & 5 Ave,6551,40.7546011026,-73.971878855,40.75500254,-73.98014437,casual
2172356,2CA091B5857B4B82,classic_bike,2021-08-09 22:03:55,2021-08-09 22:06:58,E 48 St & 3 Ave,6541,E 47 St & 1 Ave,6498,40.7546011026,-73.971878855,40.75206862,-73.96784384,member
2172361,DFE0166BA06124AE,electric_bike,2021-08-05 12:23:40,2021-08-05 12:29:12,E 48 St & 3 Ave,6541,W 44 St & 5 Ave,6551,40.7546011026,-73.971878855,40.75500254,-73.98014437,member
2172383,1431FEB6E7110C89,classic_bike,2021-08-29 12:53:36,2021-08-29 13:16:09,E 48 St & 3 Ave,6541,E 2 St & 2 Ave,5593,40.7546011026,-73.971878855,40.72502876,-73.99069656,casual
2179307,B5C7C3BBAAE19737,electric_bike,2021-08-11 08:35:10,2021-08-11 08:41:42,E 48 St & 3 Ave,6541,W 44 St & 5 Ave,6551,40.7546011026,-73.971878855,40.75500254,-73.98014437,member
2179309,FAD8EA03E903D356,classic_bike,2021-08-24 06:17:55,2021-08-24 06:19:51,E 48 St & 3 Ave,6541,E 47 St & 1 Ave,6498,40.7546011026,-73.971878855,40.75206862,-73.96784384,member
2179325,696AC11D40A998DC,classic_bike,2021-08-16 09:27:15,2021-08-16 09:31:36,E 48 St & 3 Ave,6541,W 44 St & 5 Ave,6551,40.7546011026,-73.971878855,40.75500254,-73.98014437,casual
2179333,59A5768F8867B7C4,classic_bike,2021-08-15 17:01:58,2021-08-15 17:28:02,E 48 St & 3 Ave,6541,Pier 40 - Hudson River Park,5696,40.7546011026,-73.971878855,40.7277140777778,-74.01129573583603,casual
2179342,ED925EBEACC9FF26,electric_bike,2021-08-03 08:52:58,2021-08-03 08:57:11,E 48 St & 3 Ave,6541,W 44 St & 5 Ave,6551,40.7546011026,-73.971878855,40.75500254,-73.98014437,casual
2183642,DA68B90B4C61E03A,classic_bike,2021-08-02 18:17:33,2021-08-02 18:20:57,E 48 St & 3 Ave,6541,E 47 St & 1 Ave,6498,40.7546011026,-73.971878855,40.75206862,-73.96784384,member
2183648,1173E9B82FBF39E3,electric_bike,2021-08-06 09:51:08,2021-08-06 09:57:33,E 48 St & 3 Ave,6541,W 44 St & 5 Ave,6551,40.7546011026,-73.971878855,40.75500254,-73.98014437,casual
2184679,C2CDF598A414CC52,classic_bike,2021-08-17 13:46:57,2021-08-17 13:51:15,E 48 St & 3 Ave,6541,W 44 St & 5 Ave,6551,40.7546011026,-73.971878855,40.75500254,-73.98014437,member
2184708,EC8F1A79E95E7D9E,classic_bike,2021-08-09 12:54:23,2021-08-09 12:56:49,E 48 St & 3 Ave,6541,E 47 St & 1 Ave,6498,40.7546011026,-73.971878855,40.75206862,-73.96784384,member
2184720,EBFF280E48C76D8E,electric_bike,2021-08-08 09:50:53,2021-08-08 11:11:17,E 48 St & 3 Ave,6541,E 47 St & 1 Ave,6498,40.7546011026,-73.971878855,40.75206862,-73.96784384,casual
2184767,AF03467AC847F96D,classic_bike,2021-08-02 14:03:12,2021-08-02 14:07:05,E 48 St & 3 Ave,6541,E 47 St & 1 Ave,6498,40.7546011026,-73.971878855,40.75206862,-73.96784384,member
2185226,AB6BC6C7C1277533,classic_bike,2021-08-23 08:38:12,2021-08-23 08:42:20,E 48 St & 3 Ave,6541,E 47 St & 1 Ave,6498,40.7546011026,-73.971878855,40.75206862,-73.96784384,member
2185227,6039AD51CD61716F,classic_bike,2021-08-20 05:56:35,2021-08-20 05:59:19,E 48 St & 3 Ave,6541,E 47 St & 1 Ave,6498,40.7546011026,-73.971878855,40.75206862,-73.96784384,member
2185239,C7E11B653F0482D3,classic_bike,2021-08-29 12:52:20,2021-08-29 13:15:57,E 48 St & 3 Ave,6541,E 2 St & 2 Ave,5593,40.7546011026,-73.971878855,40.72502876,-73.99069656,casual
2186064,3D6F619FE19AE3C5,electric_bike,2021-08-26 09:05:44,2021-08-26 09:25:27,E 48 St & 3 Ave,6541,W 13 St & 5 Ave,5947,40.7546011026,-73.971878855,40.735445,-73.99431,member
2186065,2C20AF7DD6F08C5B,classic_bike,2021-08-29 09:42:48,2021-08-29 09:49:55,E 48 St & 3 Ave,6541,W 44 St & 5 Ave,6551,40.7546011026,-73.971878855,40.75500254,-73.98014437,member
2186302,BB6C087CB9F7FB72,classic_bike,2021-08-03 07:31:22,2021-08-03 07:33:23,E 48 St & 3 Ave,6541,E 47 St & 1 Ave,6498,40.7546011026,-73.971878855,40.75206862,-73.96784384,member
2186303,DFF681928DC3CFF7,classic_bike,2021-08-17 08:18:24,2021-08-17 08:20:39,E 48 St & 3 Ave,6541,E 47 St & 1 Ave,6498,40.7546011026,-73.971878855,40.75206862,-73.96784384,member
2186306,3F57054AFA385B07,electric_bike,2021-08-05 08:31:52,2021-08-05 08:39:19,E 48 St & 3 Ave,6541,W 44 St & 5 Ave,6551,40.7546011026,-73.971878855,40.75500254,-73.98014437,casual
2187065,5944ED4C3D14D180,classic_bike,2021-08-29 18:54:57,2021-08-29 19:00:14,E 48 St & 3 Ave,6541,E 47 St & 1 Ave,6498,40.7546011026,-73.971878855,40.75206862,-73.96784384,member
2187072,EA18D82519E19D15,classic_bike,2021-08-16 09:41:08,2021-08-16 09:47:41,E 48 St & 3 Ave,6541,W 44 St & 5 Ave,6551,40.7546011026,-73.971878855,40.75500254,-73.98014437,member
2189222,38715C4B81852342,electric_bike,2021-08-14 15:13:58,2021-08-14 15:43:52,E 48 St & 3 Ave,6541,Pier 40 - Hudson River Park,5696,40.7546011026,-73.971878855,40.7277140777778,-74.01129573583603,casual
2189445,05FD50F349CCCC07,classic_bike,2021-08-25 10:04:36,2021-08-25 10:08:02,E 48 St & 3 Ave,6541,E 47 St & 1 Ave,6498,40.7546011026,-73.971878855,40.75206862,-73.96784384,member
2189450,1CBF5C547962D855,classic_bike,2021-08-02 22:31:57,2021-08-02 22:38:11,E 48 St & 3 Ave,6541,W 44 St & 5 Ave,6551,40.7546011026,-73.971878855,40.75500254,-73.98014437,member
2189455,E4B3442388937FFD,electric_bike,2021-08-27 08:29:41,2021-08-27 08:31:35,E 48 St & 3 Ave,6541,E 47 St & 1 Ave,6498,40.7546011026,-73.971878855,40.75206862,-73.96784384,member
2189848,26D0ECA73B12BEA5,classic_bike,2021-08-19 10:52:34,2021-08-19 10:55:47,E 48 St & 3 Ave,6541,E 47 St & 1 Ave,6498,40.7546011026,-73.971878855,40.75206862,-73.96784384,member
2189849,E19E5EE61FBF8348,electric_bike,2021-08-11 08:20:49,2021-08-11 08:22:50,E 48 St & 3 Ave,6541,E 47 St & 1 Ave,6498,40.7546011026,-73.971878855,40.75206862,-73.96784384,member
2189850,5245FF2652CB6779,classic_bike,2021-08-30 08:26:11,2021-08-30 08:29:00,E 48 St & 3 Ave,6541,E 47 St & 1 Ave,6498,40.7546011026,-73.971878855,40.75206862,-73.96784384,member
2189862,0CBB541609B242B9,classic_bike,2021-08-26 17:51:21,2021-08-26 17:54:39,E 48 St & 3 Ave,6541,E 47 St & 1 Ave,6498,40.7546011026,-73.971878855,40.75206862,-73.96784384,member
2189863,AE8FA263F56C2B83,classic_bike,2021-08-06 09:38:44,2021-08-06 09:41:59,E 48 St & 3 Ave,6541,E 47 St & 1 Ave,6498,40.7546011026,-73.971878855,40.75206862,-73.96784384,member
2189864,231DCA0602289146,classic_bike,2021-08-13 11:48:51,2021-08-13 11:51:15,E 48 St & 3 Ave,6541,E 47 St & 1 Ave,6498,40.7546011026,-73.971878855,40.75206862,-73.96784384,member
2191235,7485AF6F1DB98846,classic_bike,2021-08-25 13:45:43,2021-08-25 13:50:52,E 48 St & 3 Ave,6541,W 44 St & 5 Ave,6551,40.7546011026,-73.971878855,40.75500254,-73.98014437,member
2191881,AD1750AD24D342A1,classic_bike,2021-08-06 18:22:07,2021-08-06 18:24:01,E 48 St & 3 Ave,6541,E 47 St & 1 Ave,6498,40.7546011026,-73.971878855,40.75206862,-73.96784384,member
2191882,9AC61071755CDBCD,electric_bike,2021-08-06 10:04:10,2021-08-06 10:05:49,E 48 St & 3 Ave,6541,E 47 St & 1 Ave,6498,40.7546011026,-73.971878855,40.75206862,-73.96784384,member
2191891,5D55A77FDDBA8557,classic_bike,2021-08-21 16:16:45,2021-08-21 16:20:54,E 48 St & 3 Ave,6541,W 44 St & 5 Ave,6551,40.7546011026,-73.971878855,40.75500254,-73.98014437,member
2192306,7B3A8CA1399300D0,classic_bike,2021-08-09 07:35:05,2021-08-09 07:38:20,E 48 St & 3 Ave,6541,E 47 St & 1 Ave,6498,40.7546011026,-73.971878855,40.75206862,-73.96784384,member
2192307,C66C6F9132D7D3A5,electric_bike,2021-08-26 10:50:14,2021-08-26 10:51:54,E 48 St & 3 Ave,6541,E 47 St & 1 Ave,6498,40.7546011026,-73.971878855,40.75206862,-73.96784384,member
2192353,543E2E3C1878D164,electric_bike,2021-08-22 18:14:38,2021-08-22 18:16:55,E 48 St & 3 Ave,6541,E 47 St & 1 Ave,6498,40.7546011026,-73.971878855,40.75206862,-73.96784384,member
2192454,E348F35759CCCB20,electric_bike,2021-08-02 07:19:27,2021-08-02 07:21:23,E 48 St & 3 Ave,6541,E 47 St & 1 Ave,6498,40.7546011026,-73.971878855,40.75206862,-73.96784384,member
2192455,53316FEEEC126CED,classic_bike,2021-08-02 16:05:30,2021-08-02 16:08:36,E 48 St & 3 Ave,6541,E 47 St & 1 Ave,6498,40.7546011026,-73.971878855,40.75206862,-73.96784384,member
2192456,F525A82B7DE7206E,electric_bike,2021-08-25 11:33:26,2021-08-25 11:36:54,E 48 St & 3 Ave,6541,E 47 St & 1 Ave,6498,40.7546011026,-73.971878855,40.75206862,-73.96784384,member
2192459,00C5B3A917F59189,classic_bike,2021-08-04 13:52:26,2021-08-04 13:56:23,E 48 St & 3 Ave,6541,E 47 St & 1 Ave,6498,40.7546011026,-73.971878855,40.75206862,-73.96784384,member
2193033,D8A06DFB4953E315,classic_bike,2021-08-19 17:57:44,2021-08-19 19:14:31,E 48 St & 3 Ave,6541,E 47 St & 1 Ave,6498,40.7546011026,-73.971878855,40.75206862,-73.96784384,member
2193088,9E0C3CE3685ABCCE,electric_bike,2021-08-05 10:31:17,2021-08-05 10:33:32,E 48 St & 3 Ave,6541,E 47 St & 1 Ave,6498,40.7546011026,-73.971878855,40.75206862,-73.96784384,member
2193570,149AD2CBFFE01B7B,electric_bike,2021-08-09 20:56:29,2021-08-09 21:00:23,E 48 St & 3 Ave,6541,E 47 St & 1 Ave,6498,40.7546011026,-73.971878855,40.75206862,-73.96784384,member
2193571,D9DD20DAFB263FAA,electric_bike,2021-08-12 10:44:04,2021-08-12 11:05:33,E 48 St & 3 Ave,6541,Pier 40 - Hudson River Park,5696,40.7546011026,-73.971878855,40.7277140777778,-74.01129573583603,member
2193576,904A61CD40F705C5,classic_bike,2021-08-25 18:32:36,2021-08-25 18:44:49,E 48 St & 3 Ave,6541,W 13 St & 5 Ave,5947,40.7546011026,-73.971878855,40.735445,-73.99431,member
2193600,5F2AA3644A017C15,electric_bike,2021-08-28 23:31:16,2021-08-29 00:06:29,E 48 St & 3 Ave,6541,W 44 St & 5 Ave,6551,40.7546011026,-73.971878855,40.75500254,-73.98014437,member
2193602,498FD3473D8DAE1F,classic_bike,2021-08-25 16:47:33,2021-08-25 16:55:10,E 48 St & 3 Ave,6541,W 44 St & 5 Ave,6551,40.7546011026,-73.971878855,40.75500254,-73.98014437,member
2193603,91C96F7AC14B3F9E,electric_bike,2021-08-18 10:43:44,2021-08-18 10:46:06,E 48 St & 3 Ave,6541,E 47 St & 1 Ave,6498,40.7546011026,-73.971878855,40.75206862,-73.96784384,member
2193640,1D28C53509271FA3,classic_bike,2021-08-17 15:51:09,2021-08-17 16:14:30,E 48 St & 3 Ave,6541,E 47 St & 1 Ave,6498,40.7546011026,-73.971878855,40.75206862,-73.96784384,member
2193647,8C5499803B2B0D18,classic_bike,2021-08-29 09:19:34,2021-08-29 09:21:49,E 48 St & 3 Ave,6541,E 47 St & 1 Ave,6498,40.7546011026,-73.971878855,40.75206862,-73.96784384,member
2193672,EA6BBB21351DFF2D,electric_bike,2021-08-17 15:06:57,2021-08-17 15:16:43,E 48 St & 3 Ave,6541,E 47 St & 1 Ave,6498,40.7546011026,-73.971878855,40.75206862,-73.96784384,member
2193767,829BE704B66D2A02,classic_bike,2021-08-28 15:10:08,2021-08-28 15:28:51,E 48 St & 3 Ave,6541,E 2 St & 2 Ave,5593,40.7546011026,-73.971878855,40.72502876,-73.99069656,member
2193772,0E373006D57ADDAE,classic_bike,2021-08-25 17:26:12,2021-08-25 17:52:07,E 48 St & 3 Ave,6541,6 Ave & Canal St,5500,40.7546011026,-73.971878855,40.72243797,-74.00566443,member
2193788,9D9FA241DB8DB954,classic_bike,2021-08-16 21:52:35,2021-08-16 21:54:52,E 48 St & 3 Ave,6541,E 47 St & 1 Ave,6498,40.7546011026,-73.971878855,40.75206862,-73.96784384,member
2193872,61D666F4E2568967,electric_bike,2021-08-10 06:28:07,2021-08-10 06:29:39,E 48 St & 3 Ave,6541,E 47 St & 1 Ave,6498,40.7546011026,-73.971878855,40.75206862,-73.96784384,member
2193873,140BBF70AD87E7BC,classic_bike,2021-08-04 06:38:21,2021-08-04 06:39:54,E 48 St & 3 Ave,6541,E 47 St & 1 Ave,6498,40.7546011026,-73.971878855,40.75206862,-73.96784384,member
2194039,7F34832DF9EA2935,classic_bike,2021-08-13 10:53:05,2021-08-13 10:57:40,E 48 St & 3 Ave,6541,W 44 St & 5 Ave,6551,40.7546011026,-73.971878855,40.75500254,-73.98014437,member
2195347,256DE8AF14ED47B9,electric_bike,2021-08-13 08:04:54,2021-08-13 08:07:08,E 48 St & 3 Ave,6541,E 47 St & 1 Ave,6498,40.7546011026,-73.971878855,40.75206862,-73.96784384,member
2195351,2342FF9A8CEE503B,classic_bike,2021-08-11 18:59:48,2021-08-11 19:15:57,E 48 St & 3 Ave,6541,E 2 St & 2 Ave,5593,40.7546011026,-73.971878855,40.72502876,-73.99069656,casual
2208386,5BF4D8230F8028A5,classic_bike,2021-08-17 06:45:03,2021-08-17 06:49:01,E 48 St & 3 Ave,6541,E 48 St & 5 Ave,6626,40.7546011026,-73.971878855,40.75724567911726,-73.97805914282799,member
2208390,98FC55EA27E5D27C,classic_bike,2021-08-14 17:44:26,2021-08-14 17:53:05,E 48 St & 3 Ave,6541,3 Ave & E 71 St,6960,40.7546011026,-73.971878855,40.76873687,-73.96119945,member
2208407,8F2AF2D1DD62FC12,classic_bike,2021-08-15 19:49:59,2021-08-15 20:03:10,E 48 St & 3 Ave,6541,W 24 St & 7 Ave,6257,40.7546011026,-73.971878855,40.74487634,-73.99529885,casual
2208411,3CFBDE7981A6A3E0,classic_bike,2021-08-05 15:39:09,2021-08-05 15:48:07,E 48 St & 3 Ave,6541,3 Ave & E 71 St,6960,40.7546011026,-73.971878855,40.76873687,-73.96119945,casual
2208471,BBE5A66C9906830B,classic_bike,2021-08-11 17:57:11,2021-08-11 18:06:22,E 48 St & 3 Ave,6541,3 Ave & E 71 St,6960,40.7546011026,-73.971878855,40.76873687,-73.96119945,casual
2209286,F9338323FF62ACD4,electric_bike,2021-08-10 09:14:38,2021-08-10 09:21:52,E 48 St & 3 Ave,6541,3 Ave & E 71 St,6960,40.7546011026,-73.971878855,40.76873687,-73.96119945,member
2213419,4947E663E1B5DB3F,classic_bike,2021-08-18 16:04:15,2021-08-18 16:16:20,E 48 St & 3 Ave,6541,3 Ave & E 71 St,6960,40.7546011026,-73.971878855,40.76873687,-73.96119945,casual
2214600,FC2CA46427B95A8E,classic_bike,2021-08-09 16:19:07,2021-08-09 16:25:46,E 48 St & 3 Ave,6541,3 Ave & E 71 St,6960,40.7546011026,-73.971878855,40.76873687,-73.96119945,member
2214605,CD4213A917ADC324,electric_bike,2021-08-27 14:02:09,2021-08-27 14:16:11,E 48 St & 3 Ave,6541,E 89 St & 3 Ave,7265,40.7546011026,-73.971878855,40.7806284,-73.9521667,member
2214606,15A31DC8D55A6B3D,classic_bike,2021-08-11 10:11:24,2021-08-11 10:32:32,E 48 St & 3 Ave,6541,W 24 St & 7 Ave,6257,40.7546011026,-73.971878855,40.74487634,-73.99529885,member
2214616,A11AAB98D3F559CC,classic_bike,2021-08-31 17:35:46,2021-08-31 17:40:22,E 48 St & 3 Ave,6541,E 48 St & 5 Ave,6626,40.7546011026,-73.971878855,40.75724567911726,-73.97805914282799,member
2214633,59A3844AA812BD5B,classic_bike,2021-08-04 17:54:28,2021-08-04 18:08:32,E 48 St & 3 Ave,6541,E 89 St & 3 Ave,7265,40.7546011026,-73.971878855,40.7806284,-73.9521667,member
2214771,FA7613D1050D90C1,classic_bike,2021-08-30 16:30:04,2021-08-30 16:46:07,E 48 St & 3 Ave,6541,E 89 St & 3 Ave,7265,40.7546011026,-73.971878855,40.7806284,-73.9521667,member
2214773,597447C1F30845BE,classic_bike,2021-08-03 14:27:01,2021-08-03 14:31:56,E 48 St & 3 Ave,6541,E 48 St & 5 Ave,6626,40.7546011026,-73.971878855,40.75724567911726,-73.97805914282799,member
2214971,9B74D05E1C59ACEB,electric_bike,2021-08-25 20:03:45,2021-08-25 20:14:02,E 48 St & 3 Ave,6541,3 Ave & E 71 St,6960,40.7546011026,-73.971878855,40.76873687,-73.96119945,member
2214981,DDE73882F6305C8E,classic_bike,2021-08-04 18:05:56,2021-08-04 18:17:25,E 48 St & 3 Ave,6541,W 24 St & 7 Ave,6257,40.7546011026,-73.971878855,40.74487634,-73.99529885,member
2214983,7D94675F5072E1A2,classic_bike,2021-08-16 19:33:58,2021-08-16 19:49:00,E 48 St & 3 Ave,6541,E 89 St & 3 Ave,7265,40.7546011026,-73.971878855,40.7806284,-73.9521667,member
2214987,6E2DE9E0D747A653,classic_bike,2021-08-26 20:19:36,2021-08-26 20:29:22,E 48 St & 3 Ave,6541,3 Ave & E 71 St,6960,40.7546011026,-73.971878855,40.76873687,-73.96119945,casual
2215226,CB751E48A197A998,classic_bike,2021-08-31 16:27:50,2021-08-31 16:35:30,E 48 St & 3 Ave,6541,3 Ave & E 71 St,6960,40.7546011026,-73.971878855,40.76873687,-73.96119945,member
2215227,E1764156D11E4574,classic_bike,2021-08-18 16:24:25,2021-08-18 16:32:38,E 48 St & 3 Ave,6541,3 Ave & E 71 St,6960,40.7546011026,-73.971878855,40.76873687,-73.96119945,member
2215581,688D28CEECE40C1C,classic_bike,2021-08-03 20:21:15,2021-08-03 20:29:57,E 48 St & 3 Ave,6541,3 Ave & E 71 St,6960,40.7546011026,-73.971878855,40.76873687,-73.96119945,member
2215590,2D38DA79B33DDDF6,classic_bike,2021-08-20 17:59:10,2021-08-20 18:09:27,E 48 St & 3 Ave,6541,3 Ave & E 71 St,6960,40.7546011026,-73.971878855,40.76873687,-73.96119945,member
2217191,F1DD016A3BF939E4,electric_bike,2021-08-02 15:23:09,2021-08-02 15:28:59,E 48 St & 3 Ave,6541,E 48 St & 5 Ave,6626,40.7546011026,-73.971878855,40.75724567911726,-73.97805914282799,member
2217194,93890E1A400F2247,electric_bike,2021-08-10 17:00:46,2021-08-10 17:20:08,E 48 St & 3 Ave,6541,Crescent St & Broadway,6827,40.7546011026,-73.971878855,40.7633589,-73.9286471,member
2217200,D3C1D72A3C3B3D04,classic_bike,2021-08-02 22:23:43,2021-08-02 22:37:08,E 48 St & 3 Ave,6541,E 89 St & 3 Ave,7265,40.7546011026,-73.971878855,40.7806284,-73.9521667,member
2217351,C4325D90E968D2A1,electric_bike,2021-08-31 10:25:54,2021-08-31 10:38:14,E 48 St & 3 Ave,6541,E 89 St & 3 Ave,7265,40.7546011026,-73.971878855,40.7806284,-73.9521667,member
2217352,AD22E36FEC4A2377,classic_bike,2021-08-10 17:40:09,2021-08-10 17:54:07,E 48 St & 3 Ave,6541,3 Ave & E 71 St,6960,40.7546011026,-73.971878855,40.76873687,-73.96119945,member
2217359,2BD855AC3EDEF2A4,classic_bike,2021-08-30 13:09:53,2021-08-30 13:15:12,E 48 St & 3 Ave,6541,E 48 St & 5 Ave,6626,40.7546011026,-73.971878855,40.75724567911726,-73.97805914282799,member
2217381,56BC36573548B225,classic_bike,2021-08-25 18:08:31,2021-08-25 18:21:11,E 48 St & 3 Ave,6541,E 48 St & 5 Ave,6626,40.7546011026,-73.971878855,40.75724567911726,-73.97805914282799,casual
2217579,A6F843C02E8E4EEF,classic_bike,2021-08-16 17:32:15,2021-08-16 17:39:53,E 48 St & 3 Ave,6541,3 Ave & E 71 St,6960,40.7546011026,-73.971878855,40.76873687,-73.96119945,member
2217667,C2D9884C48B1D9A0,classic_bike,2021-08-01 15:26:04,2021-08-01 15:44:28,E 48 St & 3 Ave,6541,E 89 St & 3 Ave,7265,40.7546011026,-73.971878855,40.7806284,-73.9521667,member
2217673,D4B99BF775CE40EF,electric_bike,2021-08-29 06:19:11,2021-08-29 06:22:21,E 48 St & 3 Ave,6541,E 48 St & 5 Ave,6626,40.7546011026,-73.971878855,40.75724567911726,-73.97805914282799,casual
2217983,DBEF1FE62CAB0F9B,electric_bike,2021-08-03 21:38:24,2021-08-03 22:00:40,E 48 St & 3 Ave,6541,1 Ave & E 110 St,7522,40.7546011026,-73.971878855,40.7923272,-73.9383,member
2217984,886CEC15D2A83146,classic_bike,2021-08-16 18:02:17,2021-08-16 18:50:55,E 48 St & 3 Ave,6541,31 Ave & 57 St,6621,40.7546011026,-73.971878855,40.757357,-73.904726,member
2217989,B29DF498E94ADA60,classic_bike,2021-08-19 06:30:20,2021-08-19 06:34:21,E 48 St & 3 Ave,6541,E 48 St & 5 Ave,6626,40.7546011026,-73.971878855,40.75724567911726,-73.97805914282799,member
2218186,04B918DBDFA8E50A,classic_bike,2021-08-31 18:17:26,2021-08-31 18:30:14,E 48 St & 3 Ave,6541,W 24 St & 7 Ave,6257,40.7546011026,-73.971878855,40.74487634,-73.99529885,member
2218337,AD50875D92C8EEAB,classic_bike,2021-08-12 17:12:25,2021-08-12 17:19:39,E 48 St & 3 Ave,6541,E 48 St & 5 Ave,6626,40.7546011026,-73.971878855,40.75724567911726,-73.97805914282799,member
2218338,5DAE6CDB7D70A457,classic_bike,2021-08-13 18:18:03,2021-08-13 18:39:12,E 48 St & 3 Ave,6541,W 24 St & 7 Ave,6257,40.7546011026,-73.971878855,40.74487634,-73.99529885,member
2218348,5CBCAC500D766624,classic_bike,2021-08-08 19:59:48,2021-08-08 20:09:41,E 48 St & 3 Ave,6541,E 48 St & 5 Ave,6626,40.7546011026,-73.971878855,40.75724567911726,-73.97805914282799,casual
2218783,C05A3DAED545D5AE,classic_bike,2021-08-15 16:33:12,2021-08-15 16:39:58,E 48 St & 3 Ave,6541,E 48 St & 5 Ave,6626,40.7546011026,-73.971878855,40.75724567911726,-73.97805914282799,member
2218890,BF87AB406BB1A104,classic_bike,2021-08-03 17:51:57,2021-08-03 17:56:25,E 48 St & 3 Ave,6541,E 48 St & 5 Ave,6626,40.7546011026,-73.971878855,40.75724567911726,-73.97805914282799,member
2218939,CBCE6911CF7D8A40,classic_bike,2021-08-08 22:39:22,2021-08-08 23:03:59,E 48 St & 3 Ave,6541,E 89 St & 3 Ave,7265,40.7546011026,-73.971878855,40.7806284,-73.9521667,member
2218942,BA1CC86DCA7A82E5,classic_bike,2021-08-25 23:44:33,2021-08-26 00:06:47,E 48 St & 3 Ave,6541,E 48 St & 5 Ave,6626,40.7546011026,-73.971878855,40.75724567911726,-73.97805914282799,member
2218945,8E9FCE83638C1197,classic_bike,2021-08-16 06:28:29,2021-08-16 06:32:25,E 48 St & 3 Ave,6541,E 48 St & 5 Ave,6626,40.7546011026,-73.971878855,40.75724567911726,-73.97805914282799,member
2218946,D18BC78482087941,classic_bike,2021-08-31 17:46:30,2021-08-31 17:50:39,E 48 St & 3 Ave,6541,E 48 St & 5 Ave,6626,40.7546011026,-73.971878855,40.75724567911726,-73.97805914282799,member
2218949,A20A25F0633FD685,classic_bike,2021-08-03 16:33:37,2021-08-03 16:40:22,E 48 St & 3 Ave,6541,3 Ave & E 71 St,6960,40.7546011026,-73.971878855,40.76873687,-73.96119945,member
2219089,C50E79065F909581,classic_bike,2021-08-18 06:41:50,2021-08-18 06:45:59,E 48 St & 3 Ave,6541,E 48 St & 5 Ave,6626,40.7546011026,-73.971878855,40.75724567911726,-73.97805914282799,member
2219132,2B6ABC8E64B48660,classic_bike,2021-08-13 18:00:42,2021-08-13 18:24:29,E 48 St & 3 Ave,6541,W 24 St & 7 Ave,6257,40.7546011026,-73.971878855,40.74487634,-73.99529885,member
2219189,A2C0534539EEAECC,electric_bike,2021-08-30 16:10:23,2021-08-30 16:12:33,E 48 St & 3 Ave,6541,E 48 St & 5 Ave,6626,40.7546011026,-73.971878855,40.75724567911726,-73.97805914282799,member
2219196,F9CCD389093C264A,classic_bike,2021-08-16 01:49:36,2021-08-16 02:34:00,E 48 St & 3 Ave,6541,W 24 St & 7 Ave,6257,40.7546011026,-73.971878855,40.74487634,-73.99529885,casual
2219279,552DFFC56BE42A36,classic_bike,2021-08-30 18:09:47,2021-08-30 18:19:48,E 48 St & 3 Ave,6541,3 Ave & E 71 St,6960,40.7546011026,-73.971878855,40.76873687,-73.96119945,member
2219312,B824026C4AF9BD8B,classic_bike,2021-08-31 19:08:38,2021-08-31 19:18:15,E 48 St & 3 Ave,6541,3 Ave & E 71 St,6960,40.7546011026,-73.971878855,40.76873687,-73.96119945,member
2219313,7923BC044C69C733,classic_bike,2021-08-21 15:47:53,2021-08-21 15:57:16,E 48 St & 3 Ave,6541,3 Ave & E 71 St,6960,40.7546011026,-73.971878855,40.76873687,-73.96119945,member
2219314,214409C8A50B4648,classic_bike,2021-08-02 16:19:48,2021-08-02 16:26:41,E 48 St & 3 Ave,6541,3 Ave & E 71 St,6960,40.7546011026,-73.971878855,40.76873687,-73.96119945,member
2219340,0B21610BFD75844D,classic_bike,2021-08-26 17:07:28,2021-08-26 17:12:57,E 48 St & 3 Ave,6541,E 48 St & 5 Ave,6626,40.7546011026,-73.971878855,40.75724567911726,-73.97805914282799,member
2219448,FF64BC8551377C6F,electric_bike,2021-08-19 16:36:06,2021-08-19 16:38:36,E 48 St & 3 Ave,6541,E 48 St & 5 Ave,6626,40.7546011026,-73.971878855,40.75724567911726,-73.97805914282799,member
2219507,86CB1706D1CD813E,classic_bike,2021-08-31 17:50:15,2021-08-31 17:54:17,E 48 St & 3 Ave,6541,E 48 St & 5 Ave,6626,40.7546011026,-73.971878855,40.75724567911726,-73.97805914282799,member
2220386,997E12B340D4ADEA,classic_bike,2021-08-06 16:03:02,2021-08-06 16:06:39,E 48 St & 3 Ave,6541,E 48 St & 5 Ave,6626,40.7546011026,-73.971878855,40.75724567911726,-73.97805914282799,member
2223241,B3F2288ED5F02160,electric_bike,2021-08-06 22:55:10,2021-08-06 23:04:23,E 48 St & 3 Ave,6541,1 Ave & E 62 St,6753,40.7546011026,-73.971878855,40.7612274,-73.96094022,casual
2223246,3B1EF201B3BABC15,classic_bike,2021-08-01 10:02:54,2021-08-01 10:14:35,E 48 St & 3 Ave,6541,1 Ave & E 62 St,6753,40.7546011026,-73.971878855,40.7612274,-73.96094022,casual
2224734,864A11EAC8BEBD91,electric_bike,2021-08-14 17:59:30,2021-08-14 18:19:05,E 48 St & 3 Ave,6541,49 Ave & 21 St,6128,40.7546011026,-73.971878855,40.74252,-73.948852,member
2225501,F3EF975AE92ACC5A,classic_bike,2021-08-27 08:41:44,2021-08-27 08:51:06,E 48 St & 3 Ave,6541,1 Ave & E 62 St,6753,40.7546011026,-73.971878855,40.7612274,-73.96094022,member
2225503,50745EC093833278,electric_bike,2021-08-09 08:52:44,2021-08-09 09:02:02,E 48 St & 3 Ave,6541,1 Ave & E 62 St,6753,40.7546011026,-73.971878855,40.7612274,-73.96094022,member
2225508,020AB6E22B238D7E,classic_bike,2021-08-25 18:35:06,2021-08-25 18:42:55,E 48 St & 3 Ave,6541,1 Ave & E 62 St,6753,40.7546011026,-73.971878855,40.7612274,-73.96094022,member
2225514,4A0501C33975EF32,classic_bike,2021-08-04 19:38:16,2021-08-04 19:45:12,E 48 St & 3 Ave,6541,1 Ave & E 62 St,6753,40.7546011026,-73.971878855,40.7612274,-73.96094022,casual
2225517,C7A28D117D0E1968,classic_bike,2021-08-29 22:22:19,2021-08-29 22:48:03,E 48 St & 3 Ave,6541,2 Ave & E 96 St,7338,40.7546011026,-73.971878855,40.7839636,-73.9471673,casual
2228642,7938CD13BBAEC255,classic_bike,2021-08-01 10:49:56,2021-08-01 10:57:16,E 48 St & 3 Ave,6541,1 Ave & E 62 St,6753,40.7546011026,-73.971878855,40.7612274,-73.96094022,member
2228644,2B1EEFA612F1E8A4,electric_bike,2021-08-12 08:50:03,2021-08-12 08:55:54,E 48 St & 3 Ave,6541,1 Ave & E 62 St,6753,40.7546011026,-73.971878855,40.7612274,-73.96094022,member
2228645,C07F5B30E6090E08,electric_bike,2021-08-23 08:38:13,2021-08-23 08:43:53,E 48 St & 3 Ave,6541,1 Ave & E 62 St,6753,40.7546011026,-73.971878855,40.7612274,-73.96094022,member
2228647,0E390F4592D6F374,classic_bike,2021-08-30 07:29:58,2021-08-30 07:38:48,E 48 St & 3 Ave,6541,1 Ave & E 62 St,6753,40.7546011026,-73.971878855,40.7612274,-73.96094022,casual
2228649,22D70076C49D02D8,classic_bike,2021-08-12 12:39:12,2021-08-12 12:48:33,E 48 St & 3 Ave,6541,1 Ave & E 62 St,6753,40.7546011026,-73.971878855,40.7612274,-73.96094022,casual
2231573,DA60FB84709ADD56,classic_bike,2021-08-20 15:32:56,2021-08-20 15:42:42,E 48 St & 3 Ave,6541,1 Ave & E 62 St,6753,40.7546011026,-73.971878855,40.7612274,-73.96094022,member
2231576,FF22DA0CEF8B691B,classic_bike,2021-08-24 08:39:06,2021-08-24 08:48:28,E 48 St & 3 Ave,6541,1 Ave & E 62 St,6753,40.7546011026,-73.971878855,40.7612274,-73.96094022,member
2232188,6825CD1A1FC0D478,classic_bike,2021-08-16 08:53:26,2021-08-16 09:03:40,E 48 St & 3 Ave,6541,1 Ave & E 62 St,6753,40.7546011026,-73.971878855,40.7612274,-73.96094022,member
2232189,F22A0D647ED18392,classic_bike,2021-08-02 08:02:52,2021-08-02 08:12:05,E 48 St & 3 Ave,6541,1 Ave & E 62 St,6753,40.7546011026,-73.971878855,40.7612274,-73.96094022,member
2232476,4CB318CB278EFC17,electric_bike,2021-08-16 08:14:34,2021-08-16 08:21:00,E 48 St & 3 Ave,6541,1 Ave & E 62 St,6753,40.7546011026,-73.971878855,40.7612274,-73.96094022,member
2232494,F6D9071E61DEB412,classic_bike,2021-08-12 17:43:17,2021-08-12 17:50:40,E 48 St & 3 Ave,6541,1 Ave & E 62 St,6753,40.7546011026,-73.971878855,40.7612274,-73.96094022,casual
2232500,81A61022D01518DE,classic_bike,2021-08-27 12:14:27,2021-08-27 12:20:51,E 48 St & 3 Ave,6541,1 Ave & E 62 St,6753,40.7546011026,-73.971878855,40.7612274,-73.96094022,member
2232501,F4CDDFE119860927,classic_bike,2021-08-17 17:48:53,2021-08-17 17:56:20,E 48 St & 3 Ave,6541,1 Ave & E 62 St,6753,40.7546011026,-73.971878855,40.7612274,-73.96094022,member
2233590,18854D86C2FAC690,classic_bike,2021-08-05 19:52:54,2021-08-05 20:00:14,E 48 St & 3 Ave,6541,1 Ave & E 62 St,6753,40.7546011026,-73.971878855,40.7612274,-73.96094022,member
2233592,BBBA45DDA2979326,electric_bike,2021-08-30 08:29:28,2021-08-30 08:34:59,E 48 St & 3 Ave,6541,1 Ave & E 62 St,6753,40.7546011026,-73.971878855,40.7612274,-73.96094022,member
2233593,400621951D4835E8,classic_bike,2021-08-07 16:51:49,2021-08-07 17:00:21,E 48 St & 3 Ave,6541,1 Ave & E 62 St,6753,40.7546011026,-73.971878855,40.7612274,-73.96094022,member
2233594,B637F5A82A6C2FD6,classic_bike,2021-08-14 10:31:15,2021-08-14 10:40:42,E 48 St & 3 Ave,6541,1 Ave & E 62 St,6753,40.7546011026,-73.971878855,40.7612274,-73.96094022,member
2233993,6CDCB52202E8EED3,electric_bike,2021-08-16 18:51:36,2021-08-16 18:55:39,E 48 St & 3 Ave,6541,1 Ave & E 62 St,6753,40.7546011026,-73.971878855,40.7612274,-73.96094022,member
2234007,FFD29F427FB782C3,classic_bike,2021-08-27 08:36:58,2021-08-27 08:44:31,E 48 St & 3 Ave,6541,1 Ave & E 62 St,6753,40.7546011026,-73.971878855,40.7612274,-73.96094022,member
2234010,0D6D369598451C21,classic_bike,2021-08-07 07:27:30,2021-08-07 07:32:59,E 48 St & 3 Ave,6541,1 Ave & E 62 St,6753,40.7546011026,-73.971878855,40.7612274,-73.96094022,member
2234018,7906C8B18580F088,electric_bike,2021-08-30 11:38:58,2021-08-30 11:48:25,E 48 St & 3 Ave,6541,1 Ave & E 62 St,6753,40.7546011026,-73.971878855,40.7612274,-73.96094022,member
2234066,E49BDFD553CC41CA,classic_bike,2021-08-16 15:53:09,2021-08-16 16:03:16,E 48 St & 3 Ave,6541,1 Ave & E 62 St,6753,40.7546011026,-73.971878855,40.7612274,-73.96094022,member
2234069,2D69EE3E2B1AF065,classic_bike,2021-08-23 07:59:45,2021-08-23 08:07:55,E 48 St & 3 Ave,6541,1 Ave & E 62 St,6753,40.7546011026,-73.971878855,40.7612274,-73.96094022,member
2234073,DC2EB05F6B32B506,electric_bike,2021-08-09 10:23:44,2021-08-09 10:31:50,E 48 St & 3 Ave,6541,1 Ave & E 62 St,6753,40.7546011026,-73.971878855,40.7612274,-73.96094022,member
2234075,E84C566A9F855B46,classic_bike,2021-08-11 18:24:59,2021-08-11 18:46:29,E 48 St & 3 Ave,6541,2 Ave & E 96 St,7338,40.7546011026,-73.971878855,40.7839636,-73.9471673,member
2234461,B7EB424DC4D41832,classic_bike,2021-08-18 17:44:02,2021-08-18 17:50:33,E 48 St & 3 Ave,6541,1 Ave & E 62 St,6753,40.7546011026,-73.971878855,40.7612274,-73.96094022,member
2234463,3E2A129231985521,classic_bike,2021-08-07 16:31:12,2021-08-07 16:38:07,E 48 St & 3 Ave,6541,1 Ave & E 62 St,6753,40.7546011026,-73.971878855,40.7612274,-73.96094022,member
2234587,555A49FDFFACFDC7,classic_bike,2021-08-04 07:57:21,2021-08-04 08:05:53,E 48 St & 3 Ave,6541,1 Ave & E 62 St,6753,40.7546011026,-73.971878855,40.7612274,-73.96094022,member
2234588,4D55317FE02547AB,classic_bike,2021-08-25 07:26:28,2021-08-25 07:34:26,E 48 St & 3 Ave,6541,1 Ave & E 62 St,6753,40.7546011026,-73.971878855,40.7612274,-73.96094022,member
2234873,2DB0C0343E816DC7,classic_bike,2021-08-21 19:01:01,2021-08-21 19:10:40,E 48 St & 3 Ave,6541,1 Ave & E 62 St,6753,40.7546011026,-73.971878855,40.7612274,-73.96094022,member
2234877,32CC7703D8C2F208,classic_bike,2021-08-18 21:43:55,2021-08-18 21:52:49,E 48 St & 3 Ave,6541,1 Ave & E 62 St,6753,40.7546011026,-73.971878855,40.7612274,-73.96094022,member
2234881,0BE6FA2725CFE0FE,classic_bike,2021-08-05 10:21:57,2021-08-05 10:31:53,E 48 St & 3 Ave,6541,1 Ave & E 62 St,6753,40.7546011026,-73.971878855,40.7612274,-73.96094022,member
2234882,F83FF9C5958BC0A5,classic_bike,2021-08-29 13:05:11,2021-08-29 13:12:46,E 48 St & 3 Ave,6541,1 Ave & E 62 St,6753,40.7546011026,-73.971878855,40.7612274,-73.96094022,member
2234896,A9AAB2C0B495D5FE,classic_bike,2021-08-30 08:37:21,2021-08-30 08:48:15,E 48 St & 3 Ave,6541,1 Ave & E 62 St,6753,40.7546011026,-73.971878855,40.7612274,-73.96094022,member
2234897,45D2AE0992DE8FDE,classic_bike,2021-08-18 08:39:24,2021-08-18 08:50:09,E 48 St & 3 Ave,6541,1 Ave & E 62 St,6753,40.7546011026,-73.971878855,40.7612274,-73.96094022,member
2234974,50A9F814D31845A3,electric_bike,2021-08-12 19:49:59,2021-08-12 19:56:12,E 48 St & 3 Ave,6541,1 Ave & E 62 St,6753,40.7546011026,-73.971878855,40.7612274,-73.96094022,member
2234977,01EBA13BD471AD96,classic_bike,2021-08-03 19:27:14,2021-08-03 19:33:02,E 48 St & 3 Ave,6541,1 Ave & E 62 St,6753,40.7546011026,-73.971878855,40.7612274,-73.96094022,casual
2235074,8A439B75D0CA2886,electric_bike,2021-08-26 08:46:50,2021-08-26 08:52:55,E 48 St & 3 Ave,6541,1 Ave & E 62 St,6753,40.7546011026,-73.971878855,40.7612274,-73.96094022,member
2235077,FAA3DFCA4F36661D,classic_bike,2021-08-09 08:13:41,2021-08-09 08:21:05,E 48 St & 3 Ave,6541,1 Ave & E 62 St,6753,40.7546011026,-73.971878855,40.7612274,-73.96094022,member
2235127,1B304E2222ED8193,classic_bike,2021-08-05 08:38:34,2021-08-05 08:46:46,E 48 St & 3 Ave,6541,1 Ave & E 62 St,6753,40.7546011026,-73.971878855,40.7612274,-73.96094022,member
2235130,DE6E1653373E7DFD,electric_bike,2021-08-17 08:40:34,2021-08-17 08:48:46,E 48 St & 3 Ave,6541,1 Ave & E 62 St,6753,40.7546011026,-73.971878855,40.7612274,-73.96094022,member
2235133,149908B5816F595E,classic_bike,2021-08-03 18:44:33,2021-08-03 18:52:36,E 48 St & 3 Ave,6541,1 Ave & E 62 St,6753,40.7546011026,-73.971878855,40.7612274,-73.96094022,member
2235169,9B9AC7246E1647E1,classic_bike,2021-08-18 08:35:11,2021-08-18 08:45:33,E 48 St & 3 Ave,6541,1 Ave & E 62 St,6753,40.7546011026,-73.971878855,40.7612274,-73.96094022,member
2235170,0507FD6A09D65024,electric_bike,2021-08-18 11:20:44,2021-08-18 11:27:55,E 48 St & 3 Ave,6541,1 Ave & E 62 St,6753,40.7546011026,-73.971878855,40.7612274,-73.96094022,member
2235205,7F2B61B9F957E7F2,classic_bike,2021-08-29 23:14:30,2021-08-29 23:23:13,E 48 St & 3 Ave,6541,1 Ave & E 62 St,6753,40.7546011026,-73.971878855,40.7612274,-73.96094022,member
2235230,8C072DCAC92A5C4A,classic_bike,2021-08-31 11:59:31,2021-08-31 12:08:09,E 48 St & 3 Ave,6541,1 Ave & E 62 St,6753,40.7546011026,-73.971878855,40.7612274,-73.96094022,member
2235256,AB20D3571C6E7097,classic_bike,2021-08-10 06:33:50,2021-08-10 06:39:25,E 48 St & 3 Ave,6541,1 Ave & E 62 St,6753,40.7546011026,-73.971878855,40.7612274,-73.96094022,member
2235268,64F2C875EF6B977C,classic_bike,2021-08-07 17:41:29,2021-08-07 17:51:30,E 48 St & 3 Ave,6541,1 Ave & E 62 St,6753,40.7546011026,-73.971878855,40.7612274,-73.96094022,casual
2235270,FB3EF7CA1EAE9D69,electric_bike,2021-08-13 08:35:21,2021-08-13 08:40:42,E 48 St & 3 Ave,6541,1 Ave & E 62 St,6753,40.7546011026,-73.971878855,40.7612274,-73.96094022,member
2235305,87BED070ED345F3F,classic_bike,2021-08-17 17:49:00,2021-08-17 17:57:26,E 48 St & 3 Ave,6541,1 Ave & E 62 St,6753,40.7546011026,-73.971878855,40.7612274,-73.96094022,member
2235307,E4EEAD28287E87FA,classic_bike,2021-08-11 08:45:05,2021-08-11 08:54:37,E 48 St & 3 Ave,6541,1 Ave & E 62 St,6753,40.7546011026,-73.971878855,40.7612274,-73.96094022,member
2235411,5588D195DB6901F0,electric_bike,2021-08-30 21:54:01,2021-08-30 22:00:08,E 48 St & 3 Ave,6541,1 Ave & E 62 St,6753,40.7546011026,-73.971878855,40.7612274,-73.96094022,member
2237543,7BA91B7B44B19F17,electric_bike,2021-08-29 11:18:15,2021-08-29 11:29:31,E 48 St & 3 Ave,6541,Central Park S & 6 Ave,6876,40.7546011026,-73.971878855,40.76590936,-73.97634151,member
2242429,701DD11A407CF52C,classic_bike,2021-08-17 17:13:52,2021-08-17 17:47:47,E 48 St & 3 Ave,6541,Central Park S & 6 Ave,6876,40.7546011026,-73.971878855,40.76590936,-73.97634151,casual
2244383,D45A546DEDDEED2D,classic_bike,2021-08-15 18:53:49,2021-08-15 19:13:19,E 48 St & 3 Ave,6541,Central Park S & 6 Ave,6876,40.7546011026,-73.971878855,40.76590936,-73.97634151,casual
2269796,A643C772018AFDCE,electric_bike,2021-08-20 11:53:51,2021-08-20 12:12:23,E 48 St & 3 Ave,6541,Broadway & E 21 St,6098,40.7546011026,-73.971878855,40.73988840858996,-73.98958593606949,member
2271694,77E48074F3A1E894,classic_bike,2021-08-04 17:41:02,2021-08-04 17:49:51,E 48 St & 3 Ave,6541,Central Park S & 6 Ave,6876,40.7546011026,-73.971878855,40.76590936,-73.97634151,member
2272183,A19B18944AB7A733,classic_bike,2021-08-12 17:32:14,2021-08-12 17:50:03,E 48 St & 3 Ave,6541,Broadway & E 21 St,6098,40.7546011026,-73.971878855,40.73988840858996,-73.98958593606949,member
2272351,A28AEB3AC4CB4A72,classic_bike,2021-08-24 17:42:29,2021-08-24 17:57:04,E 48 St & 3 Ave,6541,E 20 St & FDR Drive,5886,40.7546011026,-73.971878855,40.73314259,-73.97573881,member
2272360,4F9DF05F9566CCBC,electric_bike,2021-08-16 10:01:52,2021-08-16 10:13:02,E 48 St & 3 Ave,6541,Central Park S & 6 Ave,6876,40.7546011026,-73.971878855,40.76590936,-73.97634151,casual
2272407,C2A32E2A4BA0AEF2,classic_bike,2021-08-13 21:00:52,2021-08-13 21:08:59,E 48 St & 3 Ave,6541,Central Park S & 6 Ave,6876,40.7546011026,-73.971878855,40.76590936,-73.97634151,casual
2272829,13622260BBE62E1D,classic_bike,2021-08-03 18:32:10,2021-08-03 18:53:13,E 48 St & 3 Ave,6541,Rivington St & Chrystie St,5453,40.7546011026,-73.971878855,40.72110063,-73.9919254,member
2273025,E5B05370BD498019,classic_bike,2021-08-21 15:09:54,2021-08-21 15:17:41,E 48 St & 3 Ave,6541,Central Park S & 6 Ave,6876,40.7546011026,-73.971878855,40.76590936,-73.97634151,casual
2273427,FE3E8C920F20AC67,classic_bike,2021-08-26 18:41:54,2021-08-26 18:58:34,E 48 St & 3 Ave,6541,Broadway & E 21 St,6098,40.7546011026,-73.971878855,40.73988840858996,-73.98958593606949,casual
2273431,294AE70FDA328D6D,classic_bike,2021-08-04 17:50:49,2021-08-04 18:10:14,E 48 St & 3 Ave,6541,Broadway & E 21 St,6098,40.7546011026,-73.971878855,40.73988840858996,-73.98958593606949,member
2273449,16CE9D1080D51032,classic_bike,2021-08-31 18:22:05,2021-08-31 18:35:29,E 48 St & 3 Ave,6541,Central Park S & 6 Ave,6876,40.7546011026,-73.971878855,40.76590936,-73.97634151,member
2275372,2133F86D82871633,classic_bike,2021-08-31 18:59:48,2021-08-31 19:16:34,E 48 St & 3 Ave,6541,Broadway & E 21 St,6098,40.7546011026,-73.971878855,40.73988840858996,-73.98958593606949,casual
2276368,E9119837A067AF24,classic_bike,2021-08-19 19:50:33,2021-08-19 20:01:20,E 48 St & 3 Ave,6541,Central Park S & 6 Ave,6876,40.7546011026,-73.971878855,40.76590936,-73.97634151,member
2276374,9746CCC9AB6222F5,classic_bike,2021-08-31 16:22:39,2021-08-31 16:39:37,E 48 St & 3 Ave,6541,Broadway & E 21 St,6098,40.7546011026,-73.971878855,40.73988840858996,-73.98958593606949,member
2276915,72936DA6529C99B2,classic_bike,2021-08-31 15:54:58,2021-08-31 16:05:46,E 48 St & 3 Ave,6541,Central Park S & 6 Ave,6876,40.7546011026,-73.971878855,40.76590936,-73.97634151,member
2276916,A7F013FF3A3C7F49,classic_bike,2021-08-13 20:49:19,2021-08-13 21:15:45,E 48 St & 3 Ave,6541,Rivington St & Chrystie St,5453,40.7546011026,-73.971878855,40.72110063,-73.9919254,member
2277228,46F46BCDCB98BE7F,classic_bike,2021-08-17 02:37:16,2021-08-17 02:45:36,E 48 St & 3 Ave,6541,Central Park S & 6 Ave,6876,40.7546011026,-73.971878855,40.76590936,-73.97634151,member
2277232,65ADB0E85846D4DB,electric_bike,2021-08-07 11:54:36,2021-08-07 12:04:55,E 48 St & 3 Ave,6541,Broadway & E 21 St,6098,40.7546011026,-73.971878855,40.73988840858996,-73.98958593606949,casual
2277778,5B7E1E873C44352A,classic_bike,2021-08-11 16:38:58,2021-08-11 16:52:01,E 48 St & 3 Ave,6541,Central Park S & 6 Ave,6876,40.7546011026,-73.971878855,40.76590936,-73.97634151,member
2277788,96BBCC8D62B8BEDF,classic_bike,2021-08-11 15:09:21,2021-08-11 15:19:17,E 48 St & 3 Ave,6541,Central Park S & 6 Ave,6876,40.7546011026,-73.971878855,40.76590936,-73.97634151,member
2277933,8CFCCC4621BD0071,electric_bike,2021-08-25 10:38:48,2021-08-25 11:31:14,E 48 St & 3 Ave,6541,Central Park S & 6 Ave,6876,40.7546011026,-73.971878855,40.76590936,-73.97634151,casual
2277940,925354F1BE61E4A6,classic_bike,2021-08-15 18:52:40,2021-08-15 19:13:16,E 48 St & 3 Ave,6541,Central Park S & 6 Ave,6876,40.7546011026,-73.971878855,40.76590936,-73.97634151,casual
2278288,C38A1EB7BC3F9ADE,classic_bike,2021-08-28 13:32:20,2021-08-28 13:43:44,E 48 St & 3 Ave,6541,Central Park S & 6 Ave,6876,40.7546011026,-73.971878855,40.76590936,-73.97634151,casual
2278335,FBDDE8C71699B3C3,classic_bike,2021-08-14 15:01:27,2021-08-14 15:10:58,E 48 St & 3 Ave,6541,Central Park S & 6 Ave,6876,40.7546011026,-73.971878855,40.76590936,-73.97634151,casual
2278777,6E7D149C666D4739,classic_bike,2021-08-04 20:24:17,2021-08-04 20:35:38,E 48 St & 3 Ave,6541,Central Park S & 6 Ave,6876,40.7546011026,-73.971878855,40.76590936,-73.97634151,member
2278781,E9CD87D6C119371C,electric_bike,2021-08-15 13:44:40,2021-08-15 13:53:32,E 48 St & 3 Ave,6541,Central Park S & 6 Ave,6876,40.7546011026,-73.971878855,40.76590936,-73.97634151,member
2279171,83790E02CDC2E9ED,classic_bike,2021-08-12 13:38:26,2021-08-12 13:47:52,E 48 St & 3 Ave,6541,Central Park S & 6 Ave,6876,40.7546011026,-73.971878855,40.76590936,-73.97634151,member
2279535,46A2A2EB8323C06B,classic_bike,2021-08-04 18:09:40,2021-08-04 18:26:53,E 48 St & 3 Ave,6541,Central Park S & 6 Ave,6876,40.7546011026,-73.971878855,40.76590936,-73.97634151,casual
2279656,22EE5E21A0279F98,classic_bike,2021-08-21 07:26:03,2021-08-21 07:34:29,E 48 St & 3 Ave,6541,Central Park S & 6 Ave,6876,40.7546011026,-73.971878855,40.76590936,-73.97634151,member
2279741,90D22B882FDC8130,classic_bike,2021-08-17 09:41:49,2021-08-17 09:50:39,E 48 St & 3 Ave,6541,Central Park S & 6 Ave,6876,40.7546011026,-73.971878855,40.76590936,-73.97634151,member
2279832,D2749713B9026AAC,electric_bike,2021-08-18 08:19:06,2021-08-18 08:31:59,E 48 St & 3 Ave,6541,Broadway & E 21 St,6098,40.7546011026,-73.971878855,40.73988840858996,-73.98958593606949,member
2279834,720167DEA380CF56,electric_bike,2021-08-26 13:03:27,2021-08-26 13:12:21,E 48 St & 3 Ave,6541,Broadway & E 21 St,6098,40.7546011026,-73.971878855,40.73988840858996,-73.98958593606949,member
2279951,8EE2C0BE88E57249,electric_bike,2021-08-30 15:36:38,2021-08-30 15:45:24,E 48 St & 3 Ave,6541,Central Park S & 6 Ave,6876,40.7546011026,-73.971878855,40.76590936,-73.97634151,member
2280075,613262ACB3A9C40B,classic_bike,2021-08-18 17:27:01,2021-08-18 17:42:26,E 48 St & 3 Ave,6541,Broadway & E 21 St,6098,40.7546011026,-73.971878855,40.73988840858996,-73.98958593606949,member
2280080,ED98C624E4B8B4B2,electric_bike,2021-08-26 15:22:10,2021-08-26 15:54:02,E 48 St & 3 Ave,6541,Rivington St & Chrystie St,5453,40.7546011026,-73.971878855,40.72110063,-73.9919254,member
2287142,00FCBD43A40009DE,classic_bike,2021-08-05 16:07:01,2021-08-05 16:21:08,E 48 St & 3 Ave,6541,6 Ave & W 34 St,6364,40.7546011026,-73.971878855,40.74964,-73.98805,member
2287151,2B941778D1AD36AC,electric_bike,2021-08-23 15:34:13,2021-08-23 15:49:52,E 48 St & 3 Ave,6541,E 12 St & 3 Ave,5788,40.7546011026,-73.971878855,40.73223272,-73.98889957,casual
2287172,EF06E16FB4F86A74,electric_bike,2021-08-20 08:38:24,2021-08-20 08:46:46,E 48 St & 3 Ave,6541,6 Ave & W 34 St,6364,40.7546011026,-73.971878855,40.74964,-73.98805,casual
2292483,E8CF26FAD633F816,classic_bike,2021-08-11 08:44:21,2021-08-11 08:56:41,E 48 St & 3 Ave,6541,6 Ave & W 34 St,6364,40.7546011026,-73.971878855,40.74964,-73.98805,casual
2292489,7E4097918FF31382,classic_bike,2021-08-18 17:30:40,2021-08-18 17:42:17,E 48 St & 3 Ave,6541,6 Ave & W 34 St,6364,40.7546011026,-73.971878855,40.74964,-73.98805,casual
2300995,E579B7561A72A113,classic_bike,2021-08-13 19:04:46,2021-08-13 19:25:57,E 48 St & 3 Ave,6541,Forsyth St\t& Grand St,5382,40.7546011026,-73.971878855,40.71779817737835,-73.99316132068634,member
2301005,181793C3947DBB44,classic_bike,2021-08-23 16:40:54,2021-08-23 16:50:19,E 48 St & 3 Ave,6541,6 Ave & W 34 St,6364,40.7546011026,-73.971878855,40.74964,-73.98805,casual
2305789,3DDC6A55883ABE8E,classic_bike,2021-08-05 16:08:52,2021-08-05 16:21:09,E 48 St & 3 Ave,6541,6 Ave & W 34 St,6364,40.7546011026,-73.971878855,40.74964,-73.98805,casual
2306519,E34B059C6F1197CF,classic_bike,2021-08-20 20:25:04,2021-08-20 20:48:46,E 48 St & 3 Ave,6541,Cleveland Pl & Spring St,5492,40.7546011026,-73.971878855,40.722103786686034,-73.99724900722504,member
2306521,0DF7D06703CD7E66,classic_bike,2021-08-31 18:02:50,2021-08-31 18:14:36,E 48 St & 3 Ave,6541,6 Ave & W 34 St,6364,40.7546011026,-73.971878855,40.74964,-73.98805,member
2306833,5A7A966EBF05E5E4,classic_bike,2021-08-20 17:46:08,2021-08-20 18:13:16,E 48 St & 3 Ave,6541,Cleveland Pl & Spring St,5492,40.7546011026,-73.971878855,40.722103786686034,-73.99724900722504,member
2306844,C5E870F11E4CF3CB,classic_bike,2021-08-31 17:41:50,2021-08-31 18:05:15,E 48 St & 3 Ave,6541,6 Ave & W 34 St,6364,40.7546011026,-73.971878855,40.74964,-73.98805,casual
2307420,E76CD1CFA5A2E375,classic_bike,2021-08-20 16:50:01,2021-08-20 17:13:31,E 48 St & 3 Ave,6541,6 Ave & W 34 St,6364,40.7546011026,-73.971878855,40.74964,-73.98805,member
2307435,A05980213F9C7D13,classic_bike,2021-08-31 18:08:08,2021-08-31 18:19:15,E 48 St & 3 Ave,6541,6 Ave & W 34 St,6364,40.7546011026,-73.971878855,40.74964,-73.98805,casual
2308491,7917E93F33E3310F,classic_bike,2021-08-21 17:57:01,2021-08-21 18:15:28,E 48 St & 3 Ave,6541,6 Ave & W 34 St,6364,40.7546011026,-73.971878855,40.74964,-73.98805,member
2308502,7558F68C2CF55893,classic_bike,2021-08-31 17:46:19,2021-08-31 18:05:19,E 48 St & 3 Ave,6541,6 Ave & W 34 St,6364,40.7546011026,-73.971878855,40.74964,-73.98805,casual
2308504,5A688C8B44BE6C15,electric_bike,2021-08-13 13:04:45,2021-08-13 14:30:34,E 48 St & 3 Ave,6541,6 Ave & W 34 St,6364,40.7546011026,-73.971878855,40.74964,-73.98805,casual
2309540,BAA3B18DB4038631,classic_bike,2021-08-30 14:13:27,2021-08-30 14:23:33,E 48 St & 3 Ave,6541,6 Ave & W 34 St,6364,40.7546011026,-73.971878855,40.74964,-73.98805,member
2309541,4474EA59068D1521,classic_bike,2021-08-03 17:50:42,2021-08-03 18:01:16,E 48 St & 3 Ave,6541,6 Ave & W 34 St,6364,40.7546011026,-73.971878855,40.74964,-73.98805,member
2309907,A833986EC8A146FC,classic_bike,2021-08-15 11:34:00,2021-08-15 12:00:38,E 48 St & 3 Ave,6541,Forsyth St\t& Grand St,5382,40.7546011026,-73.971878855,40.71779817737835,-73.99316132068634,casual
2310326,0872B1D6CBDE1880,electric_bike,2021-08-11 11:02:30,2021-08-11 11:09:17,E 48 St & 3 Ave,6541,6 Ave & W 34 St,6364,40.7546011026,-73.971878855,40.74964,-73.98805,casual
2310331,6799FECF1141F87F,classic_bike,2021-08-21 08:33:26,2021-08-21 08:41:10,E 48 St & 3 Ave,6541,6 Ave & W 34 St,6364,40.7546011026,-73.971878855,40.74964,-73.98805,casual
2310789,79530C9B6A9CC15C,classic_bike,2021-08-15 22:29:21,2021-08-15 22:47:09,E 48 St & 3 Ave,6541,E 12 St & 3 Ave,5788,40.7546011026,-73.971878855,40.73223272,-73.98889957,casual
2310835,71A879DAC7B4EB47,classic_bike,2021-08-03 17:10:30,2021-08-03 17:25:32,E 48 St & 3 Ave,6541,6 Ave & W 34 St,6364,40.7546011026,-73.971878855,40.74964,-73.98805,casual
2310853,C7FB34713A5E951C,electric_bike,2021-08-29 08:26:12,2021-08-29 08:37:41,E 48 St & 3 Ave,6541,6 Ave & W 34 St,6364,40.7546011026,-73.971878855,40.74964,-73.98805,member
2310857,8AD51121000FF8DD,electric_bike,2021-08-26 08:14:04,2021-08-26 08:21:10,E 48 St & 3 Ave,6541,6 Ave & W 34 St,6364,40.7546011026,-73.971878855,40.74964,-73.98805,member
2310880,54E9DC3ACCFBC1D6,classic_bike,2021-08-19 08:18:45,2021-08-19 08:26:58,E 48 St & 3 Ave,6541,6 Ave & W 34 St,6364,40.7546011026,-73.971878855,40.74964,-73.98805,member
2310882,963EC3B077982D1A,classic_bike,2021-08-04 17:55:13,2021-08-04 18:03:54,E 48 St & 3 Ave,6541,6 Ave & W 34 St,6364,40.7546011026,-73.971878855,40.74964,-73.98805,member
2311147,CABD615C2327525E,classic_bike,2021-08-10 17:26:59,2021-08-10 17:35:56,E 48 St & 3 Ave,6541,6 Ave & W 34 St,6364,40.7546011026,-73.971878855,40.74964,-73.98805,member
2311234,B31F44D183014F50,classic_bike,2021-08-29 14:39:48,2021-08-29 14:53:09,E 48 St & 3 Ave,6541,6 Ave & W 34 St,6364,40.7546011026,-73.971878855,40.74964,-73.98805,casual
2311563,955ECA39F3DE9E1D,classic_bike,2021-08-09 17:43:02,2021-08-09 17:59:03,E 48 St & 3 Ave,6541,E 12 St & 3 Ave,5788,40.7546011026,-73.971878855,40.73223272,-73.98889957,member
2311837,647F48C0595C55E4,classic_bike,2021-08-05 16:25:42,2021-08-05 16:35:55,E 48 St & 3 Ave,6541,6 Ave & W 34 St,6364,40.7546011026,-73.971878855,40.74964,-73.98805,member
2311867,F820859F9E6E6CFE,classic_bike,2021-08-02 17:53:57,2021-08-02 18:06:28,E 48 St & 3 Ave,6541,6 Ave & W 34 St,6364,40.7546011026,-73.971878855,40.74964,-73.98805,member
2317790,699AE620E67CC2CB,classic_bike,2021-08-30 22:39:24,2021-08-30 22:54:29,E 48 St & 3 Ave,6541,E 75 St & 3 Ave,6991,40.7546011026,-73.971878855,40.77112927,-73.95772297,casual
2317801,9C20D35176AE4CF3,classic_bike,2021-08-05 16:44:11,2021-08-05 16:51:59,E 48 St & 3 Ave,6541,Madison Av & E 51 St,6659,40.7546011026,-73.971878855,40.75863,-73.97513,casual
2326187,7CEEF0B66646F457,electric_bike,2021-08-28 06:54:13,2021-08-28 07:09:11,E 48 St & 3 Ave,6541,West End Ave & W 94 St,7524,40.7546011026,-73.971878855,40.7941654,-73.974124,casual
2326192,44022BC89B2211F1,classic_bike,2021-08-01 16:45:09,2021-08-01 16:58:09,E 48 St & 3 Ave,6541,E 75 St & 3 Ave,6991,40.7546011026,-73.971878855,40.77112927,-73.95772297,casual
2326193,D35D7FDD22F91A66,classic_bike,2021-08-05 17:39:18,2021-08-05 17:45:13,E 48 St & 3 Ave,6541,Madison Av & E 51 St,6659,40.7546011026,-73.971878855,40.75863,-73.97513,casual
2326760,9B9DDD11B64B588F,classic_bike,2021-08-30 18:58:32,2021-08-30 19:12:15,E 48 St & 3 Ave,6541,E 75 St & 3 Ave,6991,40.7546011026,-73.971878855,40.77112927,-73.95772297,member
2326782,AAA30EE3BC9B35BB,classic_bike,2021-08-16 19:15:46,2021-08-16 19:20:06,E 48 St & 3 Ave,6541,Madison Av & E 51 St,6659,40.7546011026,-73.971878855,40.75863,-73.97513,member
2326786,75EF17266193FA24,electric_bike,2021-08-15 15:31:03,2021-08-15 15:39:14,E 48 St & 3 Ave,6541,E 75 St & 3 Ave,6991,40.7546011026,-73.971878855,40.77112927,-73.95772297,member
2326789,D2D963438B9E4878,classic_bike,2021-08-13 12:40:19,2021-08-13 12:45:37,E 48 St & 3 Ave,6541,Madison Av & E 51 St,6659,40.7546011026,-73.971878855,40.75863,-73.97513,member
2326802,BD303828C8CF3AB5,classic_bike,2021-08-26 18:45:43,2021-08-26 19:13:25,E 48 St & 3 Ave,6541,1 Ave & E 94 St,7286,40.7546011026,-73.971878855,40.7817212,-73.94594,casual
2328291,C68E4E5268A169FE,classic_bike,2021-08-16 15:07:21,2021-08-16 15:11:48,E 48 St & 3 Ave,6541,Madison Av & E 51 St,6659,40.7546011026,-73.971878855,40.75863,-73.97513,member
2328389,E85A7E107A6C4D84,electric_bike,2021-08-31 08:11:55,2021-08-31 08:15:18,E 48 St & 3 Ave,6541,Madison Av & E 51 St,6659,40.7546011026,-73.971878855,40.75863,-73.97513,member
2329180,2DE28B284C6A8B0E,classic_bike,2021-08-26 15:50:33,2021-08-26 15:54:28,E 48 St & 3 Ave,6541,Madison Av & E 51 St,6659,40.7546011026,-73.971878855,40.75863,-73.97513,member
2331755,7957763A25AA5752,classic_bike,2021-08-05 09:15:50,2021-08-05 09:19:53,E 48 St & 3 Ave,6541,Madison Av & E 51 St,6659,40.7546011026,-73.971878855,40.75863,-73.97513,member
2331774,841536B582E4CC65,classic_bike,2021-08-11 15:49:19,2021-08-11 15:53:43,E 48 St & 3 Ave,6541,Madison Av & E 51 St,6659,40.7546011026,-73.971878855,40.75863,-73.97513,member
2331786,0FEEB34DFD1A73DA,classic_bike,2021-08-30 19:09:53,2021-08-30 19:15:28,E 48 St & 3 Ave,6541,Madison Av & E 51 St,6659,40.7546011026,-73.971878855,40.75863,-73.97513,member
2331788,D4D4ED93A18BE1AC,electric_bike,2021-08-12 11:03:38,2021-08-12 11:08:20,E 48 St & 3 Ave,6541,Madison Av & E 51 St,6659,40.7546011026,-73.971878855,40.75863,-73.97513,member
2331805,6106479166ACF1D3,classic_bike,2021-08-02 17:45:49,2021-08-02 18:20:36,E 48 St & 3 Ave,6541,West End Ave & W 94 St,7524,40.7546011026,-73.971878855,40.7941654,-73.974124,casual
2332172,BD5F617F04CF85D6,classic_bike,2021-08-28 17:15:13,2021-08-28 17:18:17,E 48 St & 3 Ave,6541,Madison Av & E 51 St,6659,40.7546011026,-73.971878855,40.75863,-73.97513,member
2332531,CE3B4F500B9654C4,classic_bike,2021-08-15 17:09:38,2021-08-15 17:13:47,E 48 St & 3 Ave,6541,Madison Av & E 51 St,6659,40.7546011026,-73.971878855,40.75863,-73.97513,member
2332532,AEDCC90E0C8F27BB,classic_bike,2021-08-02 12:30:30,2021-08-02 12:41:18,E 48 St & 3 Ave,6541,E 75 St & 3 Ave,6991,40.7546011026,-73.971878855,40.77112927,-73.95772297,member
2332749,E0755080668340F8,classic_bike,2021-08-01 08:06:31,2021-08-01 08:17:16,E 48 St & 3 Ave,6541,E 75 St & 3 Ave,6991,40.7546011026,-73.971878855,40.77112927,-73.95772297,member
2332753,48C6BBD9A9722332,classic_bike,2021-08-13 14:23:06,2021-08-13 14:27:36,E 48 St & 3 Ave,6541,Madison Av & E 51 St,6659,40.7546011026,-73.971878855,40.75863,-73.97513,member
2332841,8BC930C2966A0344,classic_bike,2021-08-20 14:20:47,2021-08-20 14:25:26,E 48 St & 3 Ave,6541,Madison Av & E 51 St,6659,40.7546011026,-73.971878855,40.75863,-73.97513,member
2332843,11F1EB5963BE9CD7,classic_bike,2021-08-25 11:58:00,2021-08-25 12:01:59,E 48 St & 3 Ave,6541,Madison Av & E 51 St,6659,40.7546011026,-73.971878855,40.75863,-73.97513,member
2332957,8696F49588369D9D,classic_bike,2021-08-04 17:42:57,2021-08-04 17:52:32,E 48 St & 3 Ave,6541,E 75 St & 3 Ave,6991,40.7546011026,-73.971878855,40.77112927,-73.95772297,member
2332989,21953F6194D7DF6E,electric_bike,2021-08-06 07:44:41,2021-08-06 07:48:22,E 48 St & 3 Ave,6541,Madison Av & E 51 St,6659,40.7546011026,-73.971878855,40.75863,-73.97513,member
2332990,1CF4C2B8FA9AE885,electric_bike,2021-08-04 07:37:55,2021-08-04 07:42:12,E 48 St & 3 Ave,6541,Madison Av & E 51 St,6659,40.7546011026,-73.971878855,40.75863,-73.97513,member
2333196,3C59B73CBDCF75B3,electric_bike,2021-08-05 13:07:23,2021-08-05 13:10:20,E 48 St & 3 Ave,6541,Madison Av & E 51 St,6659,40.7546011026,-73.971878855,40.75863,-73.97513,member
2333295,B08E5DA2B9FF247B,classic_bike,2021-08-19 07:51:32,2021-08-19 07:57:47,E 48 St & 3 Ave,6541,Madison Av & E 51 St,6659,40.7546011026,-73.971878855,40.75863,-73.97513,member
2341858,B1A35142D65A0D52,electric_bike,2021-08-30 06:20:24,2021-08-30 06:23:38,E 48 St & 3 Ave,6541,W 48 St & Rockefeller Plaza,6667,40.7546011026,-73.971878855,40.75793646243674,-73.97960275411606,member
2343407,405CD2BFCF58494B,classic_bike,2021-08-12 18:20:18,2021-08-12 19:09:27,E 48 St & 3 Ave,6541,Carroll St & 6 Ave,4019,40.7546011026,-73.971878855,40.6740886,-73.9787282,member
2353056,42CDB71E3EEFC76E,electric_bike,2021-08-02 14:00:50,2021-08-02 14:14:48,E 48 St & 3 Ave,6541,Queens Plaza North & Crescent St,6429,40.7546011026,-73.971878855,40.75110165,-73.94073717,member
2353137,452CD4B4B78B0B66,classic_bike,2021-08-20 18:21:40,2021-08-20 18:33:54,E 48 St & 3 Ave,6541,Queens Plaza North & Crescent St,6429,40.7546011026,-73.971878855,40.75110165,-73.94073717,member
2353718,BF757BBE07E51DC6,classic_bike,2021-08-03 18:00:39,2021-08-03 18:20:19,E 48 St & 3 Ave,6541,Queens Plaza North & Crescent St,6429,40.7546011026,-73.971878855,40.75110165,-73.94073717,member
2353729,D88CD7F701B661AD,electric_bike,2021-08-09 13:25:17,2021-08-09 14:20:00,E 48 St & 3 Ave,6541,Carroll St & 6 Ave,4019,40.7546011026,-73.971878855,40.6740886,-73.9787282,member
2354032,AB0F4C087F1F597D,classic_bike,2021-08-17 16:51:32,2021-08-17 17:10:13,E 48 St & 3 Ave,6541,Queens Plaza North & Crescent St,6429,40.7546011026,-73.971878855,40.75110165,-73.94073717,casual
2354034,C8C72052DB98B97C,electric_bike,2021-08-02 13:50:35,2021-08-02 13:59:56,E 48 St & 3 Ave,6541,W 44 St & 11 Ave,6756,40.7546011026,-73.971878855,40.762009,-73.996975,member
2354402,CB021362F5454331,classic_bike,2021-08-30 14:08:22,2021-08-30 14:20:53,E 48 St & 3 Ave,6541,W 44 St & 11 Ave,6756,40.7546011026,-73.971878855,40.762009,-73.996975,member
2354415,1885B029AA17816B,electric_bike,2021-08-09 05:30:26,2021-08-09 05:41:26,E 48 St & 3 Ave,6541,Queens Plaza North & Crescent St,6429,40.7546011026,-73.971878855,40.75110165,-73.94073717,member
2354416,0C93E71F21FBCEE3,electric_bike,2021-08-06 05:33:26,2021-08-06 05:44:40,E 48 St & 3 Ave,6541,Queens Plaza North & Crescent St,6429,40.7546011026,-73.971878855,40.75110165,-73.94073717,member
2355595,37ECCCD989C92668,electric_bike,2021-08-15 10:31:47,2021-08-15 10:40:07,E 48 St & 3 Ave,6541,W 44 St & 11 Ave,6756,40.7546011026,-73.971878855,40.762009,-73.996975,member
2355597,DF90E022855CF6BE,classic_bike,2021-08-03 14:46:45,2021-08-03 14:54:37,E 48 St & 3 Ave,6541,W 48 St & Rockefeller Plaza,6667,40.7546011026,-73.971878855,40.75793646243674,-73.97960275411606,member
2355619,9538CDDC929613BB,classic_bike,2021-08-01 01:38:44,2021-08-01 01:43:29,E 48 St & 3 Ave,6541,W 48 St & Rockefeller Plaza,6667,40.7546011026,-73.971878855,40.75793646243674,-73.97960275411606,casual
2357529,484185651CA9B5D8,classic_bike,2021-08-03 17:10:14,2021-08-03 17:22:09,E 48 St & 3 Ave,6541,W 44 St & 11 Ave,6756,40.7546011026,-73.971878855,40.762009,-73.996975,member
2357565,59071AA81F70319C,electric_bike,2021-08-30 13:12:36,2021-08-30 13:29:18,E 48 St & 3 Ave,6541,W 44 St & 11 Ave,6756,40.7546011026,-73.971878855,40.762009,-73.996975,member
2357771,826676ECCE8B3A31,electric_bike,2021-08-17 19:46:02,2021-08-17 19:56:14,E 48 St & 3 Ave,6541,Queens Plaza North & Crescent St,6429,40.7546011026,-73.971878855,40.75110165,-73.94073717,member
2358680,2D70D3F594BA688F,electric_bike,2021-08-17 11:37:06,2021-08-17 12:05:51,E 48 St & 3 Ave,6541,W 48 St & Rockefeller Plaza,6667,40.7546011026,-73.971878855,40.75793646243674,-73.97960275411606,member
2359342,44DE1131599BCF84,electric_bike,2021-08-02 22:14:38,2021-08-02 22:27:08,E 48 St & 3 Ave,6541,W 20 St & 8 Ave,6224,40.7546011026,-73.971878855,40.74345335,-74.00004031,member
2360009,2F18CF5E14E3B57B,electric_bike,2021-08-17 14:50:21,2021-08-17 15:12:35,E 48 St & 3 Ave,6541,Amsterdam Ave & W 82 St,7360,40.7546011026,-73.971878855,40.78524672,-73.97667321,member
2374414,63ECB0FD0DC6E120,electric_bike,2021-08-31 15:19:03,2021-08-31 15:39:35,E 48 St & 3 Ave,6541,Amsterdam Ave & W 82 St,7360,40.7546011026,-73.971878855,40.78524672,-73.97667321,member
2375382,B1DC8B546E17CC91,electric_bike,2021-08-24 23:42:08,2021-08-24 23:53:41,E 48 St & 3 Ave,6541,W 20 St & 8 Ave,6224,40.7546011026,-73.971878855,40.74345335,-74.00004031,member
2375447,BCFE9980349D197D,classic_bike,2021-08-28 20:12:48,2021-08-28 20:32:10,E 48 St & 3 Ave,6541,Amsterdam Ave & W 82 St,7360,40.7546011026,-73.971878855,40.78524672,-73.97667321,member
2375448,3EAAAAB20B595A4E,classic_bike,2021-08-23 17:33:49,2021-08-23 18:05:38,E 48 St & 3 Ave,6541,Crescent St & Ditmars Blvd,7233,40.7546011026,-73.971878855,40.7787185,-73.9145645,member
2375854,52731B330CBE9C42,classic_bike,2021-08-31 17:48:34,2021-08-31 18:13:42,E 48 St & 3 Ave,6541,W 20 St & 8 Ave,6224,40.7546011026,-73.971878855,40.74345335,-74.00004031,member
2375963,7119736B2BF686CB,classic_bike,2021-08-31 18:13:45,2021-08-31 18:36:30,E 48 St & 3 Ave,6541,Amsterdam Ave & W 82 St,7360,40.7546011026,-73.971878855,40.78524672,-73.97667321,member
2377227,E4FC4AC1D6B6B7BF,classic_bike,2021-08-11 18:32:10,2021-08-11 18:57:50,E 48 St & 3 Ave,6541,Amsterdam Ave & W 82 St,7360,40.7546011026,-73.971878855,40.78524672,-73.97667321,member
2377247,4C40B3D5D2C13BE3,classic_bike,2021-08-30 18:47:20,2021-08-30 19:12:58,E 48 St & 3 Ave,6541,Amsterdam Ave & W 82 St,7360,40.7546011026,-73.971878855,40.78524672,-73.97667321,member
2377591,FD789B6B04B7628E,classic_bike,2021-08-13 18:32:13,2021-08-13 18:56:15,E 48 St & 3 Ave,6541,W 20 St & 8 Ave,6224,40.7546011026,-73.971878855,40.74345335,-74.00004031,member
2380721,64B3E6F53BC8D8E1,classic_bike,2021-08-03 12:48:46,2021-08-03 12:59:56,E 48 St & 3 Ave,6541,W 54 St & 11 Ave,6955,40.7546011026,-73.971878855,40.768333,-73.992573,member
2383474,9176D90765D47FF2,classic_bike,2021-08-19 08:53:25,2021-08-19 09:01:48,E 48 St & 3 Ave,6541,Broadway & W 41 St,6560,40.7546011026,-73.971878855,40.75513557,-73.98658032,member
2397611,58826159EC604EE9,classic_bike,2021-08-04 09:11:10,2021-08-04 09:19:27,E 48 St & 3 Ave,6541,Broadway & W 41 St,6560,40.7546011026,-73.971878855,40.75513557,-73.98658032,member
2400069,BE9A37E0B97F4E57,classic_bike,2021-08-09 16:42:59,2021-08-09 16:52:09,E 48 St & 3 Ave,6541,Broadway & W 41 St,6560,40.7546011026,-73.971878855,40.75513557,-73.98658032,member
2400125,8B7DF75FD71D994C,classic_bike,2021-08-11 13:58:02,2021-08-11 14:05:22,E 48 St & 3 Ave,6541,Broadway & W 41 St,6560,40.7546011026,-73.971878855,40.75513557,-73.98658032,member
2400333,917F01714AF07B37,classic_bike,2021-08-17 17:31:36,2021-08-17 17:39:58,E 48 St & 3 Ave,6541,Broadway & W 41 St,6560,40.7546011026,-73.971878855,40.75513557,-73.98658032,member
2400345,B6F6C4C8E7CE0AA5,classic_bike,2021-08-10 16:23:18,2021-08-10 16:32:18,E 48 St & 3 Ave,6541,E 72 St & Park Ave,6998,40.7546011026,-73.971878855,40.77118287540658,-73.96409422159195,member
2400369,98BCCB5BDB71D249,electric_bike,2021-08-17 12:10:50,2021-08-17 12:22:25,E 48 St & 3 Ave,6541,E 72 St & Park Ave,6998,40.7546011026,-73.971878855,40.77118287540658,-73.96409422159195,member
2401036,048CF6D06231A3DB,classic_bike,2021-08-24 07:50:12,2021-08-24 07:56:54,E 48 St & 3 Ave,6541,Broadway & W 41 St,6560,40.7546011026,-73.971878855,40.75513557,-73.98658032,member
2402891,34B8E80262C6A301,classic_bike,2021-08-02 17:35:07,2021-08-02 17:53:21,E 48 St & 3 Ave,6541,E 88 St & Park Ave,7293,40.7546011026,-73.971878855,40.781410700190015,-73.95595908164978,casual
2402892,6BBF3266C03EE44D,classic_bike,2021-08-29 08:47:19,2021-08-29 09:05:46,E 48 St & 3 Ave,6541,E 68 St & Madison Ave,6932,40.7546011026,-73.971878855,40.7691572,-73.96703464,casual
2403120,DA5B7AF7D85AD06C,classic_bike,2021-08-05 12:16:08,2021-08-05 12:22:41,E 48 St & 3 Ave,6541,Broadway & W 41 St,6560,40.7546011026,-73.971878855,40.75513557,-73.98658032,member
2404014,0EF5EB22E041C958,electric_bike,2021-08-26 19:22:25,2021-08-26 19:31:20,E 48 St & 3 Ave,6541,W 54 St & 11 Ave,6955,40.7546011026,-73.971878855,40.768333,-73.992573,casual
2404034,A05561963EFF2C19,classic_bike,2021-08-11 09:11:39,2021-08-11 09:21:05,E 48 St & 3 Ave,6541,Broadway & W 41 St,6560,40.7546011026,-73.971878855,40.75513557,-73.98658032,member
2404046,684AA4B90A59593A,classic_bike,2021-08-25 17:43:51,2021-08-25 17:53:08,E 48 St & 3 Ave,6541,Broadway & W 41 St,6560,40.7546011026,-73.971878855,40.75513557,-73.98658032,member
2404343,6E4E0EA3BCBB9570,electric_bike,2021-08-10 12:20:24,2021-08-10 12:29:46,E 48 St & 3 Ave,6541,Broadway & W 41 St,6560,40.7546011026,-73.971878855,40.75513557,-73.98658032,member
2404346,229CC70428345913,electric_bike,2021-08-29 14:59:27,2021-08-29 15:13:13,E 48 St & 3 Ave,6541,E 72 St & Park Ave,6998,40.7546011026,-73.971878855,40.77118287540658,-73.96409422159195,member
2404491,BAC6D66300ACE446,classic_bike,2021-08-10 17:43:28,2021-08-10 17:53:17,E 48 St & 3 Ave,6541,E 68 St & Madison Ave,6932,40.7546011026,-73.971878855,40.7691572,-73.96703464,member
2404524,E401AF3305067094,classic_bike,2021-08-01 19:56:01,2021-08-01 20:07:01,E 48 St & 3 Ave,6541,E 72 St & Park Ave,6998,40.7546011026,-73.971878855,40.77118287540658,-73.96409422159195,member
2404532,EC2A98083BD18108,electric_bike,2021-08-12 10:11:31,2021-08-12 10:19:56,E 48 St & 3 Ave,6541,Broadway & W 41 St,6560,40.7546011026,-73.971878855,40.75513557,-73.98658032,member
2404546,DB97A41D3EED2F7A,electric_bike,2021-08-12 08:23:29,2021-08-12 08:35:52,E 48 St & 3 Ave,6541,E 88 St & Park Ave,7293,40.7546011026,-73.971878855,40.781410700190015,-73.95595908164978,member
2404747,89F83A7CAC2FB90D,classic_bike,2021-08-12 09:26:10,2021-08-12 09:34:28,E 48 St & 3 Ave,6541,Broadway & W 41 St,6560,40.7546011026,-73.971878855,40.75513557,-73.98658032,member
2404859,37555C82C9F09C5B,electric_bike,2021-08-03 12:09:29,2021-08-03 13:15:42,E 48 St & 3 Ave,6541,W 54 St & 11 Ave,6955,40.7546011026,-73.971878855,40.768333,-73.992573,casual
2406102,4E222C0C233838C8,classic_bike,2021-08-07 12:55:14,2021-08-07 13:07:17,E 48 St & 3 Ave,6541,Broadway & W 41 St,6560,40.7546011026,-73.971878855,40.75513557,-73.98658032,member
2406159,C039716CAC7437E9,classic_bike,2021-08-11 18:21:44,2021-08-11 18:28:20,E 48 St & 3 Ave,6541,Broadway & W 41 St,6560,40.7546011026,-73.971878855,40.75513557,-73.98658032,member
2406161,9AE4F9BFAFB80737,classic_bike,2021-08-14 14:06:45,2021-08-14 14:26:25,E 48 St & 3 Ave,6541,W 54 St & 11 Ave,6955,40.7546011026,-73.971878855,40.768333,-73.992573,member
2406192,EC8933973F9B81C3,classic_bike,2021-08-07 12:55:12,2021-08-07 13:07:28,E 48 St & 3 Ave,6541,Broadway & W 41 St,6560,40.7546011026,-73.971878855,40.75513557,-73.98658032,member
2406233,4630347225E5C856,classic_bike,2021-08-11 08:43:54,2021-08-11 08:53:00,E 48 St & 3 Ave,6541,Broadway & W 41 St,6560,40.7546011026,-73.971878855,40.75513557,-73.98658032,member
2406520,3BC2FE061EB9A17A,classic_bike,2021-08-21 15:46:23,2021-08-21 15:56:04,E 48 St & 3 Ave,6541,E 72 St & Park Ave,6998,40.7546011026,-73.971878855,40.77118287540658,-73.96409422159195,member
2407305,C1D1C4F0035E9A1F,electric_bike,2021-08-27 13:12:33,2021-08-27 13:21:49,E 48 St & 3 Ave,6541,Broadway & W 56 St,6847,40.7546011026,-73.971878855,40.7652654,-73.98192338,casual
2409829,B6CA89A3F1FC1B80,classic_bike,2021-08-30 00:14:04,2021-08-30 00:22:41,E 48 St & 3 Ave,6541,8 Ave & W 52 St,6816,40.7546011026,-73.971878855,40.76370739,-73.9851615,member
2409839,CB668EF94D2C2016,classic_bike,2021-08-29 21:24:31,2021-08-29 21:44:27,E 48 St & 3 Ave,6541,E 4 St & 2 Ave,5593,40.7546011026,-73.971878855,40.7262807,-73.98978041,casual
2409843,E753A8041ABC6107,classic_bike,2021-08-31 18:10:23,2021-08-31 18:19:51,E 48 St & 3 Ave,6541,8 Ave & W 52 St,6816,40.7546011026,-73.971878855,40.76370739,-73.9851615,casual
2409844,4DFDEAA88B732FEA,electric_bike,2021-08-25 10:21:53,2021-08-25 10:30:51,E 48 St & 3 Ave,6541,8 Ave & W 52 St,6816,40.7546011026,-73.971878855,40.76370739,-73.9851615,member
2409851,DE1CA5FD67443E38,electric_bike,2021-08-30 10:52:30,2021-08-30 11:01:01,E 48 St & 3 Ave,6541,8 Ave & W 52 St,6816,40.7546011026,-73.971878855,40.76370739,-73.9851615,casual
2409853,3B8B8238DB00471B,classic_bike,2021-08-27 17:08:40,2021-08-27 17:26:10,E 48 St & 3 Ave,6541,Broadway & W 56 St,6847,40.7546011026,-73.971878855,40.7652654,-73.98192338,casual
2414893,24D2909662F2FB93,electric_bike,2021-08-23 11:15:58,2021-08-23 11:22:30,E 48 St & 3 Ave,6541,Broadway & W 56 St,6847,40.7546011026,-73.971878855,40.7652654,-73.98192338,member
2414898,22FFB7349550DA60,classic_bike,2021-08-02 17:28:50,2021-08-02 17:54:20,E 48 St & 3 Ave,6541,McGuinness Blvd & Eagle St,5977,40.7546011026,-73.971878855,40.73555,-73.95284,member
2414903,5962975281834ACF,classic_bike,2021-08-31 18:15:08,2021-08-31 18:25:28,E 48 St & 3 Ave,6541,W 42 St & 6 Ave,6517,40.7546011026,-73.971878855,40.75492,-73.98455,casual
2414929,A485CF303D9AFC2C,electric_bike,2021-08-31 11:46:10,2021-08-31 11:52:43,E 48 St & 3 Ave,6541,Broadway & W 56 St,6847,40.7546011026,-73.971878855,40.7652654,-73.98192338,member
2414933,1A076B82917F38D2,classic_bike,2021-08-05 16:59:41,2021-08-05 17:15:45,E 48 St & 3 Ave,6541,E 4 St & 2 Ave,5593,40.7546011026,-73.971878855,40.7262807,-73.98978041,member
2414959,0915239CBEB6D401,classic_bike,2021-08-07 18:28:12,2021-08-07 18:41:23,E 48 St & 3 Ave,6541,W 42 St & 6 Ave,6517,40.7546011026,-73.971878855,40.75492,-73.98455,casual
2414964,95F51FAC251DFDB2,electric_bike,2021-08-06 17:06:18,2021-08-06 17:20:56,E 48 St & 3 Ave,6541,E 4 St & 2 Ave,5593,40.7546011026,-73.971878855,40.7262807,-73.98978041,casual
2414970,268BB9D932B3EA75,classic_bike,2021-08-28 18:35:43,2021-08-28 18:46:28,E 48 St & 3 Ave,6541,8 Ave & W 52 St,6816,40.7546011026,-73.971878855,40.76370739,-73.9851615,casual
2414980,09C720E021EB3573,classic_bike,2021-08-20 13:30:15,2021-08-20 13:51:47,E 48 St & 3 Ave,6541,E 4 St & 2 Ave,5593,40.7546011026,-73.971878855,40.7262807,-73.98978041,casual
2448890,B634C64D57D6F553,electric_bike,2021-08-28 17:12:12,2021-08-28 17:27:49,E 48 St & 3 Ave,6541,W 42 St & 6 Ave,6517,40.7546011026,-73.971878855,40.75492,-73.98455,casual
2451672,2C7680466D96CF14,classic_bike,2021-08-02 10:01:30,2021-08-02 10:13:29,E 48 St & 3 Ave,6541,W 42 St & 6 Ave,6517,40.7546011026,-73.971878855,40.75492,-73.98455,casual
2451673,F4BFFFD6B2768156,classic_bike,2021-08-13 09:39:23,2021-08-13 09:47:31,E 48 St & 3 Ave,6541,W 42 St & 6 Ave,6517,40.7546011026,-73.971878855,40.75492,-73.98455,member
2451674,22148372AAD08D1D,classic_bike,2021-08-03 15:25:48,2021-08-03 15:33:24,E 48 St & 3 Ave,6541,Broadway & W 56 St,6847,40.7546011026,-73.971878855,40.7652654,-73.98192338,member
2451675,929543B3A4FC38BD,classic_bike,2021-08-16 18:01:05,2021-08-16 18:19:31,E 48 St & 3 Ave,6541,9 Ave & W 18 St,6190,40.7546011026,-73.971878855,40.74317449,-74.00366443,member
2451685,3271CBA14E57554D,classic_bike,2021-08-05 15:26:46,2021-08-05 15:35:29,E 48 St & 3 Ave,6541,W 42 St & 6 Ave,6517,40.7546011026,-73.971878855,40.75492,-73.98455,casual
2453152,296B345EB0366E9C,classic_bike,2021-08-18 16:03:25,2021-08-18 16:21:04,E 48 St & 3 Ave,6541,E 4 St & 2 Ave,5593,40.7546011026,-73.971878855,40.7262807,-73.98978041,member
2453158,A419D61A11BED23C,classic_bike,2021-08-17 11:42:49,2021-08-17 11:51:44,E 48 St & 3 Ave,6541,W 42 St & 6 Ave,6517,40.7546011026,-73.971878855,40.75492,-73.98455,member
2453162,0E0B2975F99152B4,electric_bike,2021-08-19 15:08:47,2021-08-19 15:17:03,E 48 St & 3 Ave,6541,Broadway & W 56 St,6847,40.7546011026,-73.971878855,40.7652654,-73.98192338,casual
2454601,E55D26F88694DEA8,classic_bike,2021-08-04 17:12:31,2021-08-04 17:23:26,E 48 St & 3 Ave,6541,8 Ave & W 52 St,6816,40.7546011026,-73.971878855,40.76370739,-73.9851615,member
2454616,F3F8C1C585D03875,classic_bike,2021-08-19 15:17:55,2021-08-19 15:30:40,E 48 St & 3 Ave,6541,8 Ave & W 52 St,6816,40.7546011026,-73.971878855,40.76370739,-73.9851615,member
2454617,19034807F457A3F7,classic_bike,2021-08-13 16:03:16,2021-08-13 16:11:52,E 48 St & 3 Ave,6541,8 Ave & W 52 St,6816,40.7546011026,-73.971878855,40.76370739,-73.9851615,member
2454621,53B140E042E370CB,classic_bike,2021-08-24 18:22:26,2021-08-24 18:56:55,E 48 St & 3 Ave,6541,Franklin St & W Broadway,5430,40.7546011026,-73.971878855,40.71911552,-74.00666661,member
2455522,04E0BA08B640F4A0,classic_bike,2021-08-08 10:54:50,2021-08-08 11:13:33,E 48 St & 3 Ave,6541,W 18 St & 6 Ave,6064,40.7546011026,-73.971878855,40.73971301,-73.99456405,member
2455533,873D224D70829368,classic_bike,2021-08-11 15:32:27,2021-08-11 15:56:01,E 48 St & 3 Ave,6541,W 18 St & 6 Ave,6064,40.7546011026,-73.971878855,40.73971301,-73.99456405,member
2456103,57F7ECADCFDC1B38,classic_bike,2021-08-04 19:43:06,2021-08-04 20:09:44,E 48 St & 3 Ave,6541,Franklin St & W Broadway,5430,40.7546011026,-73.971878855,40.71911552,-74.00666661,member
2456118,E1C85FDA385DFC0C,classic_bike,2021-08-13 23:22:34,2021-08-13 23:34:30,E 48 St & 3 Ave,6541,8 Ave & W 52 St,6816,40.7546011026,-73.971878855,40.76370739,-73.9851615,casual
2456151,D1722A8F1067F735,classic_bike,2021-08-20 17:34:21,2021-08-20 17:45:19,E 48 St & 3 Ave,6541,W 42 St & 6 Ave,6517,40.7546011026,-73.971878855,40.75492,-73.98455,casual
2456602,F44A7B0A0C9B45DD,classic_bike,2021-08-01 17:39:36,2021-08-01 17:59:08,E 48 St & 3 Ave,6541,Franklin St & W Broadway,5430,40.7546011026,-73.971878855,40.71911552,-74.00666661,member
2456606,C3D996E2F7E8DCB4,classic_bike,2021-08-13 16:13:30,2021-08-13 16:22:09,E 48 St & 3 Ave,6541,W 42 St & 6 Ave,6517,40.7546011026,-73.971878855,40.75492,-73.98455,casual
2456611,D8C01A0AFE85204C,electric_bike,2021-08-11 11:43:01,2021-08-11 12:13:55,E 48 St & 3 Ave,6541,E 4 St & 2 Ave,5593,40.7546011026,-73.971878855,40.7262807,-73.98978041,casual
2457336,F6F4B2B366B8DCF0,classic_bike,2021-08-06 17:21:13,2021-08-06 17:27:56,E 48 St & 3 Ave,6541,W 42 St & 6 Ave,6517,40.7546011026,-73.971878855,40.75492,-73.98455,member
2457337,90F7A76E2D9D7CFE,electric_bike,2021-08-10 08:46:36,2021-08-10 09:00:31,E 48 St & 3 Ave,6541,9 Ave & W 18 St,6190,40.7546011026,-73.971878855,40.74317449,-74.00366443,member
2457344,F1EED18A437456C8,classic_bike,2021-08-19 17:37:04,2021-08-19 17:54:06,E 48 St & 3 Ave,6541,E 4 St & 2 Ave,5593,40.7546011026,-73.971878855,40.7262807,-73.98978041,casual
2457363,5C428396B801B70D,classic_bike,2021-08-20 17:32:25,2021-08-20 17:39:55,E 48 St & 3 Ave,6541,W 42 St & 6 Ave,6517,40.7546011026,-73.971878855,40.75492,-73.98455,member
2458755,9CEB2DD06A472771,electric_bike,2021-08-23 11:30:27,2021-08-23 11:39:20,E 48 St & 3 Ave,6541,8 Ave & W 52 St,6816,40.7546011026,-73.971878855,40.76370739,-73.9851615,member
2458756,BADF710FA5B6F09A,classic_bike,2021-08-16 18:05:10,2021-08-16 18:28:47,E 48 St & 3 Ave,6541,McGuinness Blvd & Eagle St,5977,40.7546011026,-73.971878855,40.73555,-73.95284,member
2458772,4F0126F41B821FAA,electric_bike,2021-08-23 15:40:52,2021-08-23 15:48:45,E 48 St & 3 Ave,6541,W 42 St & 6 Ave,6517,40.7546011026,-73.971878855,40.75492,-73.98455,member
2458774,7DB014FE54A18657,classic_bike,2021-08-30 12:24:19,2021-08-30 12:42:24,E 48 St & 3 Ave,6541,W 18 St & 6 Ave,6064,40.7546011026,-73.971878855,40.73971301,-73.99456405,casual
2458775,1F1A1802C37EA878,electric_bike,2021-08-11 09:51:48,2021-08-11 09:59:59,E 48 St & 3 Ave,6541,8 Ave & W 52 St,6816,40.7546011026,-73.971878855,40.76370739,-73.9851615,member
2458795,7ED28272AAB3B436,electric_bike,2021-08-25 19:46:08,2021-08-25 19:54:18,E 48 St & 3 Ave,6541,8 Ave & W 52 St,6816,40.7546011026,-73.971878855,40.76370739,-73.9851615,member
2458796,7728A09BE7B8917D,electric_bike,2021-08-30 12:24:57,2021-08-30 12:41:59,E 48 St & 3 Ave,6541,W 18 St & 6 Ave,6064,40.7546011026,-73.971878855,40.73971301,-73.99456405,member
2458803,44D81D67806F2A6F,electric_bike,2021-08-17 09:20:23,2021-08-17 09:29:26,E 48 St & 3 Ave,6541,8 Ave & W 52 St,6816,40.7546011026,-73.971878855,40.76370739,-73.9851615,casual
2458817,4F8AE567AFD8483A,classic_bike,2021-08-30 00:14:04,2021-08-30 00:22:36,E 48 St & 3 Ave,6541,8 Ave & W 52 St,6816,40.7546011026,-73.971878855,40.76370739,-73.9851615,member
2458820,FE9402FFB4605857,classic_bike,2021-08-09 13:38:45,2021-08-09 13:47:31,E 48 St & 3 Ave,6541,8 Ave & W 52 St,6816,40.7546011026,-73.971878855,40.76370739,-73.9851615,member
2458821,6696BC5A8C62E344,classic_bike,2021-08-28 17:14:31,2021-08-28 17:27:57,E 48 St & 3 Ave,6541,W 42 St & 6 Ave,6517,40.7546011026,-73.971878855,40.75492,-73.98455,member
2458827,56FE282E2DF5559A,classic_bike,2021-08-30 19:22:52,2021-08-30 19:29:23,E 48 St & 3 Ave,6541,W 42 St & 6 Ave,6517,40.7546011026,-73.971878855,40.75492,-73.98455,member
2458836,CE73DE90F8B3BE5C,classic_bike,2021-08-11 18:27:48,2021-08-11 18:49:06,E 48 St & 3 Ave,6541,9 Ave & W 18 St,6190,40.7546011026,-73.971878855,40.74317449,-74.00366443,member
2460853,9E061A15AFE140C5,classic_bike,2021-08-04 17:38:25,2021-08-04 18:04:17,E 48 St & 3 Ave,6541,McGuinness Blvd & Eagle St,5977,40.7546011026,-73.971878855,40.73555,-73.95284,member
2460856,3E6D8A5CB1687BC9,classic_bike,2021-08-31 18:11:46,2021-08-31 18:33:25,E 48 St & 3 Ave,6541,9 Ave & W 18 St,6190,40.7546011026,-73.971878855,40.74317449,-74.00366443,member
2461316,002D395E645B46F3,classic_bike,2021-08-19 12:20:11,2021-08-19 12:27:53,E 48 St & 3 Ave,6541,8 Ave & W 52 St,6816,40.7546011026,-73.971878855,40.76370739,-73.9851615,member
2461353,B04478DB917C042C,electric_bike,2021-08-13 15:38:18,2021-08-13 15:47:18,E 48 St & 3 Ave,6541,8 Ave & W 52 St,6816,40.7546011026,-73.971878855,40.76370739,-73.9851615,member
2464098,313D863461C45809,classic_bike,2021-08-27 16:29:34,2021-08-27 16:37:34,E 48 St & 3 Ave,6541,W 42 St & 6 Ave,6517,40.7546011026,-73.971878855,40.75492,-73.98455,member
2464113,02285F14F06538B6,classic_bike,2021-08-07 23:19:03,2021-08-07 23:42:52,E 48 St & 3 Ave,6541,E 4 St & 2 Ave,5593,40.7546011026,-73.971878855,40.7262807,-73.98978041,casual
2464127,19D9B1AAB95A9648,classic_bike,2021-08-29 21:23:44,2021-08-29 21:44:29,E 48 St & 3 Ave,6541,E 4 St & 2 Ave,5593,40.7546011026,-73.971878855,40.7262807,-73.98978041,casual
2464130,C69F15711BFEC8CE,classic_bike,2021-08-02 17:40:22,2021-08-02 18:02:20,E 48 St & 3 Ave,6541,E 4 St & 2 Ave,5593,40.7546011026,-73.971878855,40.7262807,-73.98978041,casual
2464140,136031ECD8E1A00D,electric_bike,2021-08-24 15:33:21,2021-08-24 15:47:06,E 48 St & 3 Ave,6541,W 64 St & Thelonious Monk Circle,7123,40.7546011026,-73.971878855,40.77515953434235,-73.98918695747852,member
2464149,38612416182C5748,electric_bike,2021-08-19 19:53:52,2021-08-19 20:01:06,E 48 St & 3 Ave,6541,8 Ave & W 52 St,6816,40.7546011026,-73.971878855,40.76370739,-73.9851615,member
2464165,A52A8AE8C8B079AC,classic_bike,2021-08-03 17:21:39,2021-08-03 17:46:55,E 48 St & 3 Ave,6541,McGuinness Blvd & Eagle St,5977,40.7546011026,-73.971878855,40.73555,-73.95284,member
2464179,FDAA235514CA96BC,electric_bike,2021-08-10 18:06:08,2021-08-10 18:11:12,E 48 St & 3 Ave,6541,8 Ave & W 52 St,6816,40.7546011026,-73.971878855,40.76370739,-73.9851615,member
2464184,3FD8FBE1CD30F2F4,classic_bike,2021-08-04 14:46:00,2021-08-04 15:02:06,E 48 St & 3 Ave,6541,E 4 St & 2 Ave,5593,40.7546011026,-73.971878855,40.7262807,-73.98978041,member
2464191,C5D132039E78518E,classic_bike,2021-08-19 10:20:22,2021-08-19 10:37:38,E 48 St & 3 Ave,6541,W 42 St & 6 Ave,6517,40.7546011026,-73.971878855,40.75492,-73.98455,casual
2464197,5E600D4D03CDF4F8,electric_bike,2021-08-25 10:11:35,2021-08-25 10:19:21,E 48 St & 3 Ave,6541,Broadway & W 56 St,6847,40.7546011026,-73.971878855,40.7652654,-73.98192338,member
2464201,60DCF68718EE9F0F,classic_bike,2021-08-16 18:24:33,2021-08-16 18:40:50,E 48 St & 3 Ave,6541,E 4 St & 2 Ave,5593,40.7546011026,-73.971878855,40.7262807,-73.98978041,member
2464761,A859DE5A03E10C4F,electric_bike,2021-08-28 17:02:13,2021-08-28 17:22:52,E 48 St & 3 Ave,6541,McGuinness Blvd & Eagle St,5977,40.7546011026,-73.971878855,40.73555,-73.95284,member
2464769,5A02DF4A5D343392,classic_bike,2021-08-17 08:08:28,2021-08-17 08:18:35,E 48 St & 3 Ave,6541,Broadway & W 56 St,6847,40.7546011026,-73.971878855,40.7652654,-73.98192338,member
2464775,8AA590EE529EEE39,electric_bike,2021-08-28 12:26:28,2021-08-28 12:41:22,E 48 St & 3 Ave,6541,9 Ave & W 18 St,6190,40.7546011026,-73.971878855,40.74317449,-74.00366443,casual
2464786,12CDB44FA2605423,electric_bike,2021-08-19 10:39:48,2021-08-19 10:59:43,E 48 St & 3 Ave,6541,E 4 St & 2 Ave,5593,40.7546011026,-73.971878855,40.7262807,-73.98978041,member
2465029,55E8815CC57D5150,classic_bike,2021-08-28 18:35:15,2021-08-28 18:45:59,E 48 St & 3 Ave,6541,8 Ave & W 52 St,6816,40.7546011026,-73.971878855,40.76370739,-73.9851615,member
2465031,3A6450A4414B15A1,classic_bike,2021-08-17 17:47:15,2021-08-17 18:12:46,E 48 St & 3 Ave,6541,McGuinness Blvd & Eagle St,5977,40.7546011026,-73.971878855,40.73555,-73.95284,member
2465039,A6E81B3BE56AD309,classic_bike,2021-08-03 17:21:05,2021-08-03 17:38:08,E 48 St & 3 Ave,6541,W 18 St & 6 Ave,6064,40.7546011026,-73.971878855,40.73971301,-73.99456405,member
2465043,2B1CB09AFBDE2922,classic_bike,2021-08-18 17:29:15,2021-08-18 17:58:16,E 48 St & 3 Ave,6541,McGuinness Blvd & Eagle St,5977,40.7546011026,-73.971878855,40.73555,-73.95284,member
2465046,FB3607F93E25ACB5,classic_bike,2021-08-06 15:56:44,2021-08-06 16:11:33,E 48 St & 3 Ave,6541,Broadway & W 56 St,6847,40.7546011026,-73.971878855,40.7652654,-73.98192338,casual
2465061,9F9F214DF861DB98,electric_bike,2021-08-25 20:56:10,2021-08-25 21:03:06,E 48 St & 3 Ave,6541,8 Ave & W 52 St,6816,40.7546011026,-73.971878855,40.76370739,-73.9851615,member
2465095,D0AAF8A4BDC302CA,classic_bike,2021-08-17 17:16:36,2021-08-17 17:40:16,E 48 St & 3 Ave,6541,McGuinness Blvd & Eagle St,5977,40.7546011026,-73.971878855,40.73555,-73.95284,member
2465760,C6393BCAC2EC97F7,classic_bike,2021-08-02 12:05:09,2021-08-02 12:16:25,E 48 St & 3 Ave,6541,W 42 St & 6 Ave,6517,40.7546011026,-73.971878855,40.75492,-73.98455,member
2465766,B7E1EC903F78114C,classic_bike,2021-08-01 14:05:19,2021-08-01 14:14:33,E 48 St & 3 Ave,6541,Broadway & W 56 St,6847,40.7546011026,-73.971878855,40.7652654,-73.98192338,member
2465790,8E5D9E5631C11F4B,classic_bike,2021-08-24 13:53:44,2021-08-24 14:04:51,E 48 St & 3 Ave,6541,Broadway & W 56 St,6847,40.7546011026,-73.971878855,40.7652654,-73.98192338,member
2465934,60B6CAFF1F1245D5,electric_bike,2021-08-10 09:23:36,2021-08-10 09:36:18,E 48 St & 3 Ave,6541,8 Ave & W 52 St,6816,40.7546011026,-73.971878855,40.76370739,-73.9851615,member
2465936,61C472263B9E0DE3,classic_bike,2021-08-26 11:48:21,2021-08-26 11:57:45,E 48 St & 3 Ave,6541,8 Ave & W 52 St,6816,40.7546011026,-73.971878855,40.76370739,-73.9851615,member
2466152,3060747DBC6F0A75,classic_bike,2021-08-25 22:53:55,2021-08-25 23:02:57,E 48 St & 3 Ave,6541,8 Ave & W 52 St,6816,40.7546011026,-73.971878855,40.76370739,-73.9851615,member
2466878,B13F4A6106D19016,electric_bike,2021-08-31 11:39:58,2021-08-31 11:48:44,E 48 St & 3 Ave,6541,Broadway & W 56 St,6847,40.7546011026,-73.971878855,40.7652654,-73.98192338,member
2466888,28820767A399BC07,classic_bike,2021-08-18 18:22:13,2021-08-18 18:33:42,E 48 St & 3 Ave,6541,Broadway & W 56 St,6847,40.7546011026,-73.971878855,40.7652654,-73.98192338,member
2466891,56E59344C2942FFF,classic_bike,2021-08-26 18:12:50,2021-08-26 18:32:41,E 48 St & 3 Ave,6541,9 Ave & W 18 St,6190,40.7546011026,-73.971878855,40.74317449,-74.00366443,member
2467234,74FAD4ECC6F74F52,classic_bike,2021-08-05 07:45:19,2021-08-05 07:56:56,E 48 St & 3 Ave,6541,E 11 St & Avenue B,5659,40.7546011026,-73.971878855,40.72746420692392,-73.97950418293476,member
2472120,9A5C20D9695D42C2,classic_bike,2021-08-29 09:56:28,2021-08-29 10:32:40,E 48 St & 3 Ave,6541,West End Ave & W 107 St,7650,40.7546011026,-73.971878855,40.8021174,-73.9681805305,casual
2472122,07275426C86CD769,classic_bike,2021-08-14 16:51:49,2021-08-14 17:11:14,E 48 St & 3 Ave,6541,E 11 St & Avenue B,5659,40.7546011026,-73.971878855,40.72746420692392,-73.97950418293476,casual
2474483,96D9F3D1EB1E0079,classic_bike,2021-08-21 15:39:14,2021-08-21 15:52:48,E 48 St & 3 Ave,6541,E 11 St & Avenue B,5659,40.7546011026,-73.971878855,40.72746420692392,-73.97950418293476,member
2474716,043A99765C56FF3F,classic_bike,2021-08-25 17:11:55,2021-08-25 17:28:10,E 48 St & 3 Ave,6541,E 11 St & Avenue B,5659,40.7546011026,-73.971878855,40.72746420692392,-73.97950418293476,member
2474717,DC89B231F4325316,classic_bike,2021-08-25 07:51:51,2021-08-25 08:06:20,E 48 St & 3 Ave,6541,E 11 St & Avenue B,5659,40.7546011026,-73.971878855,40.72746420692392,-73.97950418293476,member
2474725,B1ED3130AB1CE8C9,electric_bike,2021-08-03 06:56:52,2021-08-03 07:14:54,E 48 St & 3 Ave,6541,Madison Ave & E 99 St,7443,40.7546011026,-73.971878855,40.78948541553215,-73.95242929458618,member
2476038,0C2815F2A4BA5359,classic_bike,2021-08-17 17:07:18,2021-08-17 17:21:44,E 48 St & 3 Ave,6541,E 11 St & Avenue B,5659,40.7546011026,-73.971878855,40.72746420692392,-73.97950418293476,member
2476041,FEC37233B9AA7CB7,electric_bike,2021-08-06 21:26:42,2021-08-06 21:38:22,E 48 St & 3 Ave,6541,E 11 St & Avenue B,5659,40.7546011026,-73.971878855,40.72746420692392,-73.97950418293476,member
2476464,40B29A8067C99214,classic_bike,2021-08-11 17:33:27,2021-08-11 17:47:40,E 48 St & 3 Ave,6541,E 11 St & Avenue B,5659,40.7546011026,-73.971878855,40.72746420692392,-73.97950418293476,member
2476467,99474F8F95B14FED,classic_bike,2021-08-18 18:37:28,2021-08-18 18:55:33,E 48 St & 3 Ave,6541,E 11 St & Avenue B,5659,40.7546011026,-73.971878855,40.72746420692392,-73.97950418293476,member
2476541,0DB106797CB1A21F,classic_bike,2021-08-31 17:14:52,2021-08-31 17:29:28,E 48 St & 3 Ave,6541,E 11 St & Avenue B,5659,40.7546011026,-73.971878855,40.72746420692392,-73.97950418293476,member
2476660,9AAA508EFDDA37A7,classic_bike,2021-08-31 09:07:24,2021-08-31 09:20:39,E 48 St & 3 Ave,6541,E 11 St & Avenue B,5659,40.7546011026,-73.971878855,40.72746420692392,-73.97950418293476,member
2478900,2341B5B294BE9CE1,classic_bike,2021-08-11 18:59:58,2021-08-11 19:29:40,E 48 St & 3 Ave,6541,Central Park North & Adam Clayton Powell Blvd,7617,40.7546011026,-73.971878855,40.799484,-73.955613,member
2481804,EC43D7F7107EDDC2,electric_bike,2021-08-11 13:15:52,2021-08-11 13:22:47,E 48 St & 3 Ave,6541,Lexington Ave & E 36 St,6313,40.7546011026,-73.971878855,40.7475739589548,-73.9788007736206,member
2481809,C94F70BCC345B4B3,classic_bike,2021-08-14 21:07:05,2021-08-14 21:15:03,E 48 St & 3 Ave,6541,Lexington Ave & E 36 St,6313,40.7546011026,-73.971878855,40.7475739589548,-73.9788007736206,member
2485087,E014C84328EDFB19,classic_bike,2021-08-06 21:30:40,2021-08-06 21:35:07,E 48 St & 3 Ave,6541,Lexington Ave & E 36 St,6313,40.7546011026,-73.971878855,40.7475739589548,-73.9788007736206,member
2485091,EDF1673F82D95D0A,classic_bike,2021-08-03 17:25:07,2021-08-03 17:44:05,E 48 St & 3 Ave,6541,Central Park North & Adam Clayton Powell Blvd,7617,40.7546011026,-73.971878855,40.799484,-73.955613,casual
2485102,AC312B371E0B64B1,electric_bike,2021-08-24 16:29:27,2021-08-24 16:34:33,E 48 St & 3 Ave,6541,Lexington Ave & E 36 St,6313,40.7546011026,-73.971878855,40.7475739589548,-73.9788007736206,member
2486976,AFDBD38F22A36B96,classic_bike,2021-08-30 20:21:50,2021-08-30 20:30:53,E 48 St & 3 Ave,6541,Lexington Ave & E 36 St,6313,40.7546011026,-73.971878855,40.7475739589548,-73.9788007736206,member
2488721,FA82478584B9138F,classic_bike,2021-08-11 20:10:28,2021-08-11 20:15:35,E 48 St & 3 Ave,6541,Lexington Ave & E 36 St,6313,40.7546011026,-73.971878855,40.7475739589548,-73.9788007736206,member
2489043,D825FB39B7C30255,classic_bike,2021-08-19 17:18:14,2021-08-19 17:36:58,E 48 St & 3 Ave,6541,Central Park North & Adam Clayton Powell Blvd,7617,40.7546011026,-73.971878855,40.799484,-73.955613,member
2489219,65819A392F7C9EE5,electric_bike,2021-08-16 11:52:42,2021-08-16 12:37:49,E 48 St & 3 Ave,6541,Rockaway Ave & Bainbridge St,4285,40.7546011026,-73.971878855,40.68319988172761,-73.91166642308235,member
2489220,966AAECB54B5A7B3,classic_bike,2021-08-25 18:57:44,2021-08-25 19:03:50,E 48 St & 3 Ave,6541,Lexington Ave & E 36 St,6313,40.7546011026,-73.971878855,40.7475739589548,-73.9788007736206,member
2489254,9B4C0BD287142DE9,classic_bike,2021-08-31 18:20:12,2021-08-31 18:24:27,E 48 St & 3 Ave,6541,Lexington Ave & E 36 St,6313,40.7546011026,-73.971878855,40.7475739589548,-73.9788007736206,member
2489259,FB1A8B13A019CFAC,classic_bike,2021-08-14 20:52:17,2021-08-14 20:56:55,E 48 St & 3 Ave,6541,Lexington Ave & E 36 St,6313,40.7546011026,-73.971878855,40.7475739589548,-73.9788007736206,member
2489525,53A262DA1F3F1ECF,classic_bike,2021-08-02 18:42:34,2021-08-02 18:49:37,E 48 St & 3 Ave,6541,Lexington Ave & E 36 St,6313,40.7546011026,-73.971878855,40.7475739589548,-73.9788007736206,member
2489529,C08A58CBD86B08B7,classic_bike,2021-08-30 18:55:50,2021-08-30 19:20:18,E 48 St & 3 Ave,6541,Central Park North & Adam Clayton Powell Blvd,7617,40.7546011026,-73.971878855,40.799484,-73.955613,casual
2489817,64FA470D429EE990,classic_bike,2021-08-06 18:24:02,2021-08-06 18:32:51,E 48 St & 3 Ave,6541,Lexington Ave & E 36 St,6313,40.7546011026,-73.971878855,40.7475739589548,-73.9788007736206,casual
2489947,673198EABD188E82,classic_bike,2021-08-17 16:47:43,2021-08-17 17:27:53,E 48 St & 3 Ave,6541,Henry St & Atlantic Ave,4531,40.7546011026,-73.971878855,40.69089272,-73.99612349,member
2490258,530687A608994AFE,electric_bike,2021-08-15 20:33:49,2021-08-15 20:38:14,E 48 St & 3 Ave,6541,Lexington Ave & E 36 St,6313,40.7546011026,-73.971878855,40.7475739589548,-73.9788007736206,member
2490692,0584EC400520106E,classic_bike,2021-08-14 21:03:27,2021-08-14 21:15:01,E 48 St & 3 Ave,6541,Lexington Ave & E 36 St,6313,40.7546011026,-73.971878855,40.7475739589548,-73.9788007736206,member
2491022,6074CF2862621943,classic_bike,2021-08-19 19:46:15,2021-08-19 19:51:52,E 48 St & 3 Ave,6541,Lexington Ave & E 36 St,6313,40.7546011026,-73.971878855,40.7475739589548,-73.9788007736206,member
2491033,0DAAA1053C53474A,electric_bike,2021-08-19 17:42:30,2021-08-19 17:47:03,E 48 St & 3 Ave,6541,Lexington Ave & E 36 St,6313,40.7546011026,-73.971878855,40.7475739589548,-73.9788007736206,member
2491159,0B551DC4EA4B8B12,classic_bike,2021-08-17 18:22:08,2021-08-17 18:27:48,E 48 St & 3 Ave,6541,Lexington Ave & E 36 St,6313,40.7546011026,-73.971878855,40.7475739589548,-73.9788007736206,member
2491169,F2A43EDCC0D1F6B9,classic_bike,2021-08-10 18:39:21,2021-08-10 18:44:04,E 48 St & 3 Ave,6541,Lexington Ave & E 36 St,6313,40.7546011026,-73.971878855,40.7475739589548,-73.9788007736206,member
2491208,4A4A2A40C8ECE616,classic_bike,2021-08-16 17:01:36,2021-08-16 17:05:58,E 48 St & 3 Ave,6541,Lexington Ave & E 36 St,6313,40.7546011026,-73.971878855,40.7475739589548,-73.9788007736206,member
2491493,B856D70B0694733F,classic_bike,2021-08-12 14:26:54,2021-08-12 14:31:58,E 48 St & 3 Ave,6541,Lexington Ave & E 36 St,6313,40.7546011026,-73.971878855,40.7475739589548,-73.9788007736206,member
2491625,596BD89BD88AEED7,electric_bike,2021-08-12 10:22:29,2021-08-12 10:33:13,E 48 St & 3 Ave,6541,Lexington Ave & E 36 St,6313,40.7546011026,-73.971878855,40.7475739589548,-73.9788007736206,member
2492389,D0F506AE63028D9B,electric_bike,2021-08-04 12:57:40,2021-08-04 13:02:49,E 48 St & 3 Ave,6541,E 65 St & 2 Ave,6860,40.7546011026,-73.971878855,40.76471851944339,-73.96222069859505,member
2492393,A7DC61B2DECCAD09,classic_bike,2021-08-17 15:42:55,2021-08-17 15:45:53,E 48 St & 3 Ave,6541,E 51 St & Lexington Ave,6659,40.7546011026,-73.971878855,40.75714758,-73.97207836,member
2492401,29DF43A5F39E7DC4,electric_bike,2021-08-27 10:43:20,2021-08-27 10:58:02,E 48 St & 3 Ave,6541,E 65 St & 2 Ave,6860,40.7546011026,-73.971878855,40.76471851944339,-73.96222069859505,member
2492404,9414CEFA370455CF,classic_bike,2021-08-07 18:52:38,2021-08-07 19:07:52,E 48 St & 3 Ave,6541,Amsterdam Ave & W 66 St,7149,40.7546011026,-73.971878855,40.7746671,-73.98470567,member
2499981,6E5A4FCB6200BE8C,electric_bike,2021-08-09 11:39:35,2021-08-09 11:53:54,E 48 St & 3 Ave,6541,LaGuardia Pl & W 3 St,5721,40.7546011026,-73.971878855,40.72917025,-73.99810231,casual
2507250,144E2A0538AADF5C,classic_bike,2021-08-23 21:22:54,2021-08-23 21:55:48,E 48 St & 3 Ave,6541,E 51 St & Lexington Ave,6659,40.7546011026,-73.971878855,40.75714758,-73.97207836,member
2507253,2A2CD402B6ADFADB,electric_bike,2021-08-23 23:15:33,2021-08-23 23:21:28,E 48 St & 3 Ave,6541,E 65 St & 2 Ave,6860,40.7546011026,-73.971878855,40.76471851944339,-73.96222069859505,member
2507257,0C85D6FEAADBB6AA,classic_bike,2021-08-05 16:21:09,2021-08-05 16:51:55,E 48 St & 3 Ave,6541,LaGuardia Pl & W 3 St,5721,40.7546011026,-73.971878855,40.72917025,-73.99810231,casual
2515400,AAF0B7D2A4B821DE,classic_bike,2021-08-15 16:27:49,2021-08-15 16:59:03,E 48 St & 3 Ave,6541,LaGuardia Pl & W 3 St,5721,40.7546011026,-73.971878855,40.72917025,-73.99810231,member
2522244,3B1D055B09E9DAB8,electric_bike,2021-08-04 19:35:38,2021-08-04 19:44:17,E 48 St & 3 Ave,6541,E 65 St & 2 Ave,6860,40.7546011026,-73.971878855,40.76471851944339,-73.96222069859505,casual
2523801,67388BA99B7196D3,classic_bike,2021-08-17 15:48:53,2021-08-17 16:12:17,E 48 St & 3 Ave,6541,LaGuardia Pl & W 3 St,5721,40.7546011026,-73.971878855,40.72917025,-73.99810231,member
2523814,2FBA9ED5120C3BA8,classic_bike,2021-08-15 16:34:36,2021-08-15 17:05:33,E 48 St & 3 Ave,6541,Clinton St & Grand St,5303,40.7546011026,-73.971878855,40.71559509,-73.9870295,casual
2525101,9DFFF86DF1EBB767,classic_bike,2021-08-10 18:29:30,2021-08-10 18:49:50,E 48 St & 3 Ave,6541,LaGuardia Pl & W 3 St,5721,40.7546011026,-73.971878855,40.72917025,-73.99810231,member
2525106,C91A0482DD0041DF,classic_bike,2021-08-16 18:11:06,2021-08-16 18:17:29,E 48 St & 3 Ave,6541,E 65 St & 2 Ave,6860,40.7546011026,-73.971878855,40.76471851944339,-73.96222069859505,casual
2525108,05FF389964F9A5BF,classic_bike,2021-08-16 11:24:46,2021-08-16 11:41:14,E 48 St & 3 Ave,6541,Amsterdam Ave & W 66 St,7149,40.7546011026,-73.971878855,40.7746671,-73.98470567,casual
2526054,54FB1928F5BF8C2A,classic_bike,2021-08-29 15:04:24,2021-08-29 15:07:04,E 48 St & 3 Ave,6541,E 51 St & Lexington Ave,6659,40.7546011026,-73.971878855,40.75714758,-73.97207836,member
2526083,A50AA1FCCB33CE1D,electric_bike,2021-08-03 21:50:29,2021-08-03 22:03:15,E 48 St & 3 Ave,6541,Amsterdam Ave & W 66 St,7149,40.7546011026,-73.971878855,40.7746671,-73.98470567,member
2526110,1FED70DAA99A6D17,classic_bike,2021-08-01 10:50:32,2021-08-01 10:52:23,E 48 St & 3 Ave,6541,E 51 St & Lexington Ave,6659,40.7546011026,-73.971878855,40.75714758,-73.97207836,member
2526127,47747DC7D0A7F5B6,classic_bike,2021-08-20 12:41:17,2021-08-20 12:43:23,E 48 St & 3 Ave,6541,E 51 St & Lexington Ave,6659,40.7546011026,-73.971878855,40.75714758,-73.97207836,member
2526183,D9155A955B475068,classic_bike,2021-08-31 11:43:44,2021-08-31 11:49:55,E 48 St & 3 Ave,6541,E 65 St & 2 Ave,6860,40.7546011026,-73.971878855,40.76471851944339,-73.96222069859505,member
2527225,3B4C9EC2CC7914A0,classic_bike,2021-08-25 05:43:00,2021-08-25 05:45:14,E 48 St & 3 Ave,6541,E 51 St & Lexington Ave,6659,40.7546011026,-73.971878855,40.75714758,-73.97207836,member
2527449,0F722E807ACDC733,classic_bike,2021-08-11 13:21:06,2021-08-11 14:01:40,E 48 St & 3 Ave,6541,10 Ave & W 14 St,6157,40.7546011026,-73.971878855,40.74198159994023,-74.00831580162048,casual
2527451,038B385C8A4FE12A,classic_bike,2021-08-19 11:14:03,2021-08-19 11:30:12,E 48 St & 3 Ave,6541,Amsterdam Ave & W 66 St,7149,40.7546011026,-73.971878855,40.7746671,-73.98470567,casual
2528084,5052788467EE04AC,electric_bike,2021-08-26 09:54:56,2021-08-26 10:01:33,E 48 St & 3 Ave,6541,E 65 St & 2 Ave,6860,40.7546011026,-73.971878855,40.76471851944339,-73.96222069859505,casual
2528130,36889F914665ED99,classic_bike,2021-08-24 14:16:14,2021-08-24 14:19:37,E 48 St & 3 Ave,6541,E 51 St & Lexington Ave,6659,40.7546011026,-73.971878855,40.75714758,-73.97207836,member
2528150,DF4626576A4905B7,classic_bike,2021-08-11 18:10:03,2021-08-11 18:18:37,E 48 St & 3 Ave,6541,E 65 St & 2 Ave,6860,40.7546011026,-73.971878855,40.76471851944339,-73.96222069859505,casual
2530794,9D51C9198F9B254B,classic_bike,2021-08-25 14:11:13,2021-08-25 14:14:09,E 48 St & 3 Ave,6541,E 51 St & Lexington Ave,6659,40.7546011026,-73.971878855,40.75714758,-73.97207836,member
2530830,EBD961E4D87C6968,classic_bike,2021-08-09 16:44:07,2021-08-09 16:58:37,E 48 St & 3 Ave,6541,E 51 St & Lexington Ave,6659,40.7546011026,-73.971878855,40.75714758,-73.97207836,member
2531687,E74317070D04B23E,classic_bike,2021-08-03 17:11:43,2021-08-03 17:14:31,E 48 St & 3 Ave,6541,E 51 St & Lexington Ave,6659,40.7546011026,-73.971878855,40.75714758,-73.97207836,member
2531708,F2FFE79B4160D254,classic_bike,2021-08-27 14:17:46,2021-08-27 14:21:30,E 48 St & 3 Ave,6541,E 51 St & Lexington Ave,6659,40.7546011026,-73.971878855,40.75714758,-73.97207836,member
2531776,857CA8B826330D0A,electric_bike,2021-08-04 09:50:03,2021-08-04 09:53:13,E 48 St & 3 Ave,6541,E 51 St & Lexington Ave,6659,40.7546011026,-73.971878855,40.75714758,-73.97207836,member
2531964,DCC140BA1ACB119E,classic_bike,2021-08-29 19:04:53,2021-08-29 19:06:32,E 48 St & 3 Ave,6541,E 51 St & Lexington Ave,6659,40.7546011026,-73.971878855,40.75714758,-73.97207836,member
2532075,E875EE0738244F57,classic_bike,2021-08-13 16:16:01,2021-08-13 16:28:12,E 48 St & 3 Ave,6541,E 65 St & 2 Ave,6860,40.7546011026,-73.971878855,40.76471851944339,-73.96222069859505,member
2532079,74C7904F0B6D67BC,classic_bike,2021-08-16 20:08:48,2021-08-16 20:23:59,E 48 St & 3 Ave,6541,LaGuardia Pl & W 3 St,5721,40.7546011026,-73.971878855,40.72917025,-73.99810231,member
2532084,E1BDC2007B2A5FA6,electric_bike,2021-08-19 12:48:01,2021-08-19 13:28:59,E 48 St & 3 Ave,6541,E 51 St & Lexington Ave,6659,40.7546011026,-73.971878855,40.75714758,-73.97207836,member
2532420,490AA80A88314CDB,classic_bike,2021-08-17 16:36:59,2021-08-17 16:38:21,E 48 St & 3 Ave,6541,E 51 St & Lexington Ave,6659,40.7546011026,-73.971878855,40.75714758,-73.97207836,member
2532492,4C85B35319C99B3D,electric_bike,2021-08-31 23:18:36,2021-08-31 23:23:18,E 48 St & 3 Ave,6541,E 65 St & 2 Ave,6860,40.7546011026,-73.971878855,40.76471851944339,-73.96222069859505,member
2532498,D9A5FFECBADFCAE9,electric_bike,2021-08-09 11:23:50,2021-08-09 11:31:54,E 48 St & 3 Ave,6541,E 51 St & Lexington Ave,6659,40.7546011026,-73.971878855,40.75714758,-73.97207836,member
2532657,BA6CB615359CAE3F,classic_bike,2021-08-18 18:19:25,2021-08-18 18:30:10,E 48 St & 3 Ave,6541,E 65 St & 2 Ave,6860,40.7546011026,-73.971878855,40.76471851944339,-73.96222069859505,member
2532662,0D6EFDE9121B1106,classic_bike,2021-08-17 12:01:11,2021-08-17 12:11:52,E 48 St & 3 Ave,6541,E 65 St & 2 Ave,6860,40.7546011026,-73.971878855,40.76471851944339,-73.96222069859505,casual
2532666,AEB1F926FA7581DE,electric_bike,2021-08-26 12:21:37,2021-08-26 13:20:39,E 48 St & 3 Ave,6541,Bushwick Ave & Furman Ave,4317,40.7546011026,-73.971878855,40.68281,-73.90623,casual
2532671,A1B904B20F1A60DF,classic_bike,2021-08-07 04:30:18,2021-08-07 04:35:00,E 48 St & 3 Ave,6541,E 51 St & Lexington Ave,6659,40.7546011026,-73.971878855,40.75714758,-73.97207836,casual
2532967,D9A51E24A9D34623,electric_bike,2021-08-24 13:15:02,2021-08-24 13:29:31,E 48 St & 3 Ave,6541,LaGuardia Pl & W 3 St,5721,40.7546011026,-73.971878855,40.72917025,-73.99810231,member
2548824,3AE11DC93FAE330F,classic_bike,2021-08-17 18:28:29,2021-08-17 18:42:53,E 48 St & 3 Ave,6541,E 91 St & 2 Ave,7286,40.7546011026,-73.971878855,40.78115276427916,-73.94963040947914,member
2548825,62FA2D9AAEFC1E0F,classic_bike,2021-08-05 18:13:23,2021-08-05 18:28:02,E 48 St & 3 Ave,6541,E 91 St & 2 Ave,7286,40.7546011026,-73.971878855,40.78115276427916,-73.94963040947914,member
2553373,C36F26A3A4210E50,classic_bike,2021-08-31 17:30:22,2021-08-31 18:15:32,E 48 St & 3 Ave,6541,Willoughby St & Ashland Pl,4587,40.7546011026,-73.971878855,40.69178,-73.97877,member
2553377,338B5839EF0F6509,classic_bike,2021-08-14 12:01:00,2021-08-14 12:13:30,E 48 St & 3 Ave,6541,1 Ave & E 39 St,6303,40.7546011026,-73.971878855,40.74714,-73.97113,member
2553388,7861F0DC4AC2AF7A,classic_bike,2021-08-18 12:06:57,2021-08-18 12:14:57,E 48 St & 3 Ave,6541,1 Ave & E 39 St,6303,40.7546011026,-73.971878855,40.74714,-73.97113,member
2553401,7ABF29A00EEC7F74,electric_bike,2021-08-04 11:57:46,2021-08-04 12:05:06,E 48 St & 3 Ave,6541,1 Ave & E 39 St,6303,40.7546011026,-73.971878855,40.74714,-73.97113,casual
2553415,168ECD637EA5FC11,classic_bike,2021-08-02 22:58:06,2021-08-02 23:04:48,E 48 St & 3 Ave,6541,1 Ave & E 39 St,6303,40.7546011026,-73.971878855,40.74714,-73.97113,casual
2553604,E978DD9237E8224F,classic_bike,2021-08-12 18:10:03,2021-08-12 18:25:04,E 48 St & 3 Ave,6541,E 91 St & 2 Ave,7286,40.7546011026,-73.971878855,40.78115276427916,-73.94963040947914,member
2553608,C1AD2CB743A418D9,classic_bike,2021-08-29 22:31:36,2021-08-29 22:50:18,E 48 St & 3 Ave,6541,E 103 St & Lexington Ave,7463,40.7546011026,-73.971878855,40.7903051,-73.94755757,casual
2556731,E3D69BEA4A742062,classic_bike,2021-08-24 22:31:20,2021-08-24 22:37:44,E 48 St & 3 Ave,6541,1 Ave & E 39 St,6303,40.7546011026,-73.971878855,40.74714,-73.97113,member
2558582,BD237C59438015C9,electric_bike,2021-08-11 11:53:51,2021-08-11 11:59:38,E 48 St & 3 Ave,6541,1 Ave & E 39 St,6303,40.7546011026,-73.971878855,40.74714,-73.97113,member
2560515,03224317818FFF58,classic_bike,2021-08-07 12:59:07,2021-08-07 14:06:16,E 48 St & 3 Ave,6541,1 Ave & E 39 St,6303,40.7546011026,-73.971878855,40.74714,-73.97113,member
2561056,9F04E9F6E5460FD8,electric_bike,2021-08-06 18:37:51,2021-08-06 18:51:21,E 48 St & 3 Ave,6541,E 91 St & 2 Ave,7286,40.7546011026,-73.971878855,40.78115276427916,-73.94963040947914,member
2561069,2D5DC7F48B86D7B3,classic_bike,2021-08-06 15:39:18,2021-08-06 15:59:15,E 48 St & 3 Ave,6541,W 29 St & 9 Ave,6416,40.7546011026,-73.971878855,40.7500727,-73.99839279,casual
2561101,720E62CA4F8202CE,classic_bike,2021-08-02 18:33:42,2021-08-02 18:47:14,E 48 St & 3 Ave,6541,E 91 St & 2 Ave,7286,40.7546011026,-73.971878855,40.78115276427916,-73.94963040947914,member
2561140,CAC0C0633AB9CDED,classic_bike,2021-08-07 17:46:38,2021-08-07 17:52:33,E 48 St & 3 Ave,6541,1 Ave & E 39 St,6303,40.7546011026,-73.971878855,40.74714,-73.97113,member
2561154,C4622F4CA713AF68,classic_bike,2021-08-23 17:24:04,2021-08-23 17:29:54,E 48 St & 3 Ave,6541,1 Ave & E 39 St,6303,40.7546011026,-73.971878855,40.74714,-73.97113,member
2561684,B88C4EEE6A2714CF,classic_bike,2021-08-10 17:41:43,2021-08-10 17:54:21,E 48 St & 3 Ave,6541,W 29 St & 9 Ave,6416,40.7546011026,-73.971878855,40.7500727,-73.99839279,member
2562491,53C9AC5904C21F6B,classic_bike,2021-08-16 15:10:01,2021-08-16 15:45:34,E 48 St & 3 Ave,6541,1 Ave & E 39 St,6303,40.7546011026,-73.971878855,40.74714,-73.97113,member
2562494,DBAA44FB7897A1B7,classic_bike,2021-08-07 16:09:41,2021-08-07 16:21:42,E 48 St & 3 Ave,6541,1 Ave & E 39 St,6303,40.7546011026,-73.971878855,40.74714,-73.97113,member
2562518,FDD04B92979A3E68,classic_bike,2021-08-06 15:57:32,2021-08-06 16:32:07,E 48 St & 3 Ave,6541,31 St & 23 Ave,7144,40.7546011026,-73.971878855,40.7747878,-73.9125551,member
2562585,4F9D8E0A522DB4F2,classic_bike,2021-08-10 18:27:46,2021-08-10 18:36:13,E 48 St & 3 Ave,6541,1 Ave & E 39 St,6303,40.7546011026,-73.971878855,40.74714,-73.97113,member
2562589,4CA908D801E1C122,classic_bike,2021-08-06 15:05:32,2021-08-06 15:13:42,E 48 St & 3 Ave,6541,1 Ave & E 39 St,6303,40.7546011026,-73.971878855,40.74714,-73.97113,casual
2563099,B314A101F66D3D5C,electric_bike,2021-08-08 00:39:00,2021-08-08 00:48:26,E 48 St & 3 Ave,6541,1 Ave & E 39 St,6303,40.7546011026,-73.971878855,40.74714,-73.97113,member
2563105,20C593D84952A7BD,classic_bike,2021-08-04 18:55:49,2021-08-04 19:09:45,E 48 St & 3 Ave,6541,E 91 St & 2 Ave,7286,40.7546011026,-73.971878855,40.78115276427916,-73.94963040947914,member
2563378,EAFCA020732B5F30,classic_bike,2021-08-05 18:32:20,2021-08-05 18:41:33,E 48 St & 3 Ave,6541,1 Ave & E 39 St,6303,40.7546011026,-73.971878855,40.74714,-73.97113,member
2563395,43CC3B6061328744,electric_bike,2021-08-16 10:45:38,2021-08-16 10:57:00,E 48 St & 3 Ave,6541,W 29 St & 9 Ave,6416,40.7546011026,-73.971878855,40.7500727,-73.99839279,member
2563406,C64A8E4A8C2F8677,electric_bike,2021-08-04 11:57:49,2021-08-04 12:04:44,E 48 St & 3 Ave,6541,1 Ave & E 39 St,6303,40.7546011026,-73.971878855,40.74714,-73.97113,casual
2563433,9126F88EA7EE231B,electric_bike,2021-08-06 11:02:50,2021-08-06 11:08:55,E 48 St & 3 Ave,6541,1 Ave & E 39 St,6303,40.7546011026,-73.971878855,40.74714,-73.97113,member
2563439,F1CDB8411E7549B4,classic_bike,2021-08-29 14:39:30,2021-08-29 14:56:31,E 48 St & 3 Ave,6541,E 91 St & 2 Ave,7286,40.7546011026,-73.971878855,40.78115276427916,-73.94963040947914,casual
2565543,D32929CED5EDAEC6,electric_bike,2021-08-20 02:08:01,2021-08-20 02:11:03,E 48 St & 3 Ave,6541,1 Ave & E 39 St,6303,40.7546011026,-73.971878855,40.74714,-73.97113,member
2571668,4114CC8EF55C9320,classic_bike,2021-08-31 17:42:13,2021-08-31 17:54:31,E 48 St & 3 Ave,6541,Central Park West & W 68 St,7079,40.7546011026,-73.971878855,40.7734066,-73.97782542,member
2571690,05FE5355BCEC3D4E,classic_bike,2021-08-30 22:32:33,2021-08-31 01:45:43,E 48 St & 3 Ave,6541,Pearl St & Peck Slip,5096,40.7546011026,-73.971878855,40.708485,-74.002751,casual
2574829,6926D81B14B54AA4,classic_bike,2021-08-30 22:31:26,2021-08-30 23:22:43,E 48 St & 3 Ave,6541,Pearl St & Peck Slip,5096,40.7546011026,-73.971878855,40.708485,-74.002751,casual
2582295,DFA3F32B0D8409A7,electric_bike,2021-08-03 19:34:47,2021-08-03 19:42:36,E 48 St & 3 Ave,6541,W 53 St & 10 Ave,6890,40.7546011026,-73.971878855,40.76669671,-73.99061728,member
2582296,2341A4EF0B4952C4,classic_bike,2021-08-17 16:48:00,2021-08-17 17:03:40,E 48 St & 3 Ave,6541,W 53 St & 10 Ave,6890,40.7546011026,-73.971878855,40.76669671,-73.99061728,member
2582303,77E865D93BF158B9,classic_bike,2021-08-27 15:36:14,2021-08-27 15:59:32,E 48 St & 3 Ave,6541,Central Park West & W 68 St,7079,40.7546011026,-73.971878855,40.7734066,-73.97782542,member
2606111,E47093206AF3D1DE,classic_bike,2021-08-05 21:07:02,2021-08-05 21:19:49,E 48 St & 3 Ave,6541,Central Park West & W 68 St,7079,40.7546011026,-73.971878855,40.7734066,-73.97782542,member
2606971,55059A573219D479,classic_bike,2021-08-13 18:43:15,2021-08-13 18:56:44,E 48 St & 3 Ave,6541,W 53 St & 10 Ave,6890,40.7546011026,-73.971878855,40.76669671,-73.99061728,member
2606979,5BCB9766D1A09E38,classic_bike,2021-08-02 14:39:43,2021-08-02 15:15:31,E 48 St & 3 Ave,6541,West St & Liberty St,5184,40.7546011026,-73.971878855,40.711444,-74.014847,member
2606982,E481E9AEC5414B2D,electric_bike,2021-08-18 18:34:53,2021-08-18 18:42:37,E 48 St & 3 Ave,6541,W 53 St & 10 Ave,6890,40.7546011026,-73.971878855,40.76669671,-73.99061728,member
2606984,132C97BFFD4CEA69,classic_bike,2021-08-30 22:27:02,2021-08-30 23:22:42,E 48 St & 3 Ave,6541,Pearl St & Peck Slip,5096,40.7546011026,-73.971878855,40.708485,-74.002751,casual
2607860,69BDD05EBC257079,classic_bike,2021-08-10 17:42:29,2021-08-10 17:50:55,E 48 St & 3 Ave,6541,W 53 St & 10 Ave,6890,40.7546011026,-73.971878855,40.76669671,-73.99061728,member
2608197,BB9232F57205525F,classic_bike,2021-08-31 18:22:56,2021-08-31 18:31:12,E 48 St & 3 Ave,6541,W 53 St & 10 Ave,6890,40.7546011026,-73.971878855,40.76669671,-73.99061728,member
2608198,E36BE711C726B737,classic_bike,2021-08-16 17:04:03,2021-08-16 17:13:55,E 48 St & 3 Ave,6541,W 53 St & 10 Ave,6890,40.7546011026,-73.971878855,40.76669671,-73.99061728,member
2608353,F4D4A9817FE69946,classic_bike,2021-08-21 08:59:26,2021-08-21 09:14:06,E 48 St & 3 Ave,6541,W 67 St & Broadway,7116,40.7546011026,-73.971878855,40.77492513,-73.98266566,casual
2609682,53E7E745FAA3815D,classic_bike,2021-08-12 20:11:05,2021-08-12 20:25:51,E 48 St & 3 Ave,6541,W 67 St & Broadway,7116,40.7546011026,-73.971878855,40.77492513,-73.98266566,member
2609686,CF240F39170995C0,electric_bike,2021-08-26 10:38:33,2021-08-26 11:12:09,E 48 St & 3 Ave,6541,West St & Liberty St,5184,40.7546011026,-73.971878855,40.711444,-74.014847,member
2610896,6545CC2FA1CB156B,electric_bike,2021-08-15 09:22:31,2021-08-15 09:31:12,E 48 St & 3 Ave,6541,Central Park West & W 68 St,7079,40.7546011026,-73.971878855,40.7734066,-73.97782542,member
2612680,D12429F6F109DA4B,electric_bike,2021-08-18 12:52:08,2021-08-18 13:05:19,E 48 St & 3 Ave,6541,W 53 St & 10 Ave,6890,40.7546011026,-73.971878855,40.76669671,-73.99061728,member
2612684,79CF94E0CA6269F7,classic_bike,2021-08-06 11:43:23,2021-08-06 12:19:39,E 48 St & 3 Ave,6541,West St & Liberty St,5184,40.7546011026,-73.971878855,40.711444,-74.014847,member
2613340,FA22B981A9166DBC,classic_bike,2021-08-13 02:05:51,2021-08-13 02:14:54,E 48 St & 3 Ave,6541,E 32 St & Park Ave,6280,40.7546011026,-73.971878855,40.7457121,-73.98194829,member
2613342,9F9260FEDFDCA5A4,electric_bike,2021-08-04 00:14:16,2021-08-04 00:22:45,E 48 St & 3 Ave,6541,W 53 St & 10 Ave,6890,40.7546011026,-73.971878855,40.76669671,-73.99061728,member
2613363,1A11BBBD34304744,electric_bike,2021-08-16 08:35:23,2021-08-16 08:41:26,E 48 St & 3 Ave,6541,E 32 St & Park Ave,6280,40.7546011026,-73.971878855,40.7457121,-73.98194829,member
2613365,EB6ACA250DE02316,classic_bike,2021-08-18 17:14:06,2021-08-18 17:33:23,E 48 St & 3 Ave,6541,Central Park West & W 68 St,7079,40.7546011026,-73.971878855,40.7734066,-73.97782542,member
2613368,1B7DA2F08BC231CB,classic_bike,2021-08-24 17:35:37,2021-08-24 17:47:56,E 48 St & 3 Ave,6541,W 53 St & 10 Ave,6890,40.7546011026,-73.971878855,40.76669671,-73.99061728,member
2613377,119740BA49CD5B0D,classic_bike,2021-08-11 17:02:14,2021-08-11 17:13:51,E 48 St & 3 Ave,6541,W 53 St & 10 Ave,6890,40.7546011026,-73.971878855,40.76669671,-73.99061728,member
2613542,2D206C730F402AAF,electric_bike,2021-08-21 11:10:07,2021-08-21 11:34:02,E 48 St & 3 Ave,6541,Pleasant Ave & E 120 St,7579,40.7546011026,-73.971878855,40.7974772,-73.9311847,member
2613546,647041C903640E97,classic_bike,2021-08-26 18:04:11,2021-08-26 18:14:49,E 48 St & 3 Ave,6541,E 32 St & Park Ave,6280,40.7546011026,-73.971878855,40.7457121,-73.98194829,member
2613549,DDAB7A4C55FC7D0F,classic_bike,2021-08-09 14:43:49,2021-08-09 15:09:54,E 48 St & 3 Ave,6541,Madison Ave & E 82 St,7188,40.7546011026,-73.971878855,40.7781314,-73.96069399,casual
2613605,2C74D824F72CDF47,classic_bike,2021-08-13 16:42:20,2021-08-13 22:10:31,E 48 St & 3 Ave,6541,Central Park West & W 68 St,7079,40.7546011026,-73.971878855,40.7734066,-73.97782542,casual
2614903,5873F77DEB2803E5,classic_bike,2021-08-09 17:03:59,2021-08-09 17:22:48,E 48 St & 3 Ave,6541,W 53 St & 10 Ave,6890,40.7546011026,-73.971878855,40.76669671,-73.99061728,member
2614962,B85E21C4BB271018,classic_bike,2021-08-13 17:56:20,2021-08-13 18:09:34,E 48 St & 3 Ave,6541,W 53 St & 10 Ave,6890,40.7546011026,-73.971878855,40.76669671,-73.99061728,member
2614967,7B36BDCACC5E65D0,classic_bike,2021-08-27 07:35:08,2021-08-27 07:45:39,E 48 St & 3 Ave,6541,E 32 St & Park Ave,6280,40.7546011026,-73.971878855,40.7457121,-73.98194829,member
2614973,634F2C62FEBE2A91,classic_bike,2021-08-07 17:38:53,2021-08-07 17:50:04,E 48 St & 3 Ave,6541,Central Park West & W 68 St,7079,40.7546011026,-73.971878855,40.7734066,-73.97782542,member
2616465,EA8B5A736833BBD9,classic_bike,2021-08-30 18:31:24,2021-08-30 18:41:32,E 48 St & 3 Ave,6541,E 32 St & Park Ave,6280,40.7546011026,-73.971878855,40.7457121,-73.98194829,member
2616646,E50A228751C4BCCE,classic_bike,2021-08-21 16:49:47,2021-08-21 17:07:31,E 48 St & 3 Ave,6541,Madison Ave & E 82 St,7188,40.7546011026,-73.971878855,40.7781314,-73.96069399,member
2616775,E37E6F094390654E,classic_bike,2021-08-09 14:43:59,2021-08-09 15:10:01,E 48 St & 3 Ave,6541,Madison Ave & E 82 St,7188,40.7546011026,-73.971878855,40.7781314,-73.96069399,member
2617201,16918CA17FE6C64B,classic_bike,2021-08-05 18:03:01,2021-08-05 18:16:15,E 48 St & 3 Ave,6541,W 53 St & 10 Ave,6890,40.7546011026,-73.971878855,40.76669671,-73.99061728,member
2617936,07F18E7017509D5B,classic_bike,2021-08-16 17:56:28,2021-08-16 18:09:32,E 48 St & 3 Ave,6541,W 53 St & 10 Ave,6890,40.7546011026,-73.971878855,40.76669671,-73.99061728,member
2617946,A59AAFC34EA9E0EB,classic_bike,2021-08-27 15:55:09,2021-08-27 16:07:51,E 48 St & 3 Ave,6541,E 32 St & Park Ave,6280,40.7546011026,-73.971878855,40.7457121,-73.98194829,member
2618010,4841A18BBAD2974C,classic_bike,2021-08-10 17:50:49,2021-08-10 18:03:44,E 48 St & 3 Ave,6541,W 53 St & 10 Ave,6890,40.7546011026,-73.971878855,40.76669671,-73.99061728,member
2618640,A1C13879A91CDAAC,classic_bike,2021-08-04 19:55:52,2021-08-04 20:05:52,E 48 St & 3 Ave,6541,W 53 St & 10 Ave,6890,40.7546011026,-73.971878855,40.76669671,-73.99061728,member
2618779,2EFEE4B1F3A19742,classic_bike,2021-08-23 17:04:07,2021-08-23 17:15:07,E 48 St & 3 Ave,6541,W 53 St & 10 Ave,6890,40.7546011026,-73.971878855,40.76669671,-73.99061728,member
2618780,85F43961F040DF31,electric_bike,2021-08-02 15:48:25,2021-08-02 15:58:27,E 48 St & 3 Ave,6541,W 53 St & 10 Ave,6890,40.7546011026,-73.971878855,40.76669671,-73.99061728,member
2618786,FCB41354D6D664B3,classic_bike,2021-08-14 21:48:12,2021-08-14 21:57:23,E 48 St & 3 Ave,6541,E 32 St & Park Ave,6280,40.7546011026,-73.971878855,40.7457121,-73.98194829,casual
2618911,679829E65436C1AA,electric_bike,2021-08-14 01:27:28,2021-08-14 01:37:52,E 48 St & 3 Ave,6541,E 32 St & Park Ave,6280,40.7546011026,-73.971878855,40.7457121,-73.98194829,member
2618912,68FDACDC4B4122A7,electric_bike,2021-08-02 14:11:37,2021-08-02 14:22:44,E 48 St & 3 Ave,6541,Madison Ave & E 82 St,7188,40.7546011026,-73.971878855,40.7781314,-73.96069399,member
2618930,BFEC338104792ADC,classic_bike,2021-08-11 01:24:14,2021-08-11 01:36:06,E 48 St & 3 Ave,6541,W 53 St & 10 Ave,6890,40.7546011026,-73.971878855,40.76669671,-73.99061728,member
2619470,3004D3A06B16FEBD,classic_bike,2021-08-11 18:29:00,2021-08-11 18:39:00,E 48 St & 3 Ave,6541,W 53 St & 10 Ave,6890,40.7546011026,-73.971878855,40.76669671,-73.99061728,member
2619517,4887A406539738F6,electric_bike,2021-08-20 10:12:45,2021-08-20 10:59:29,E 48 St & 3 Ave,6541,West St & Liberty St,5184,40.7546011026,-73.971878855,40.711444,-74.014847,member
2619746,97228E89C9055EEA,classic_bike,2021-08-04 17:55:16,2021-08-04 18:08:13,E 48 St & 3 Ave,6541,W 53 St & 10 Ave,6890,40.7546011026,-73.971878855,40.76669671,-73.99061728,member
2619823,24157D7CCA7DB33C,classic_bike,2021-08-06 18:19:12,2021-08-06 18:30:40,E 48 St & 3 Ave,6541,W 53 St & 10 Ave,6890,40.7546011026,-73.971878855,40.76669671,-73.99061728,member
2619920,A4C3DB95A101C449,electric_bike,2021-08-10 09:56:32,2021-08-10 10:06:46,E 48 St & 3 Ave,6541,E 32 St & Park Ave,6280,40.7546011026,-73.971878855,40.7457121,-73.98194829,member
2620032,FCB2E5B3AF4D00D3,electric_bike,2021-08-23 18:16:23,2021-08-23 18:24:46,E 48 St & 3 Ave,6541,W 53 St & 10 Ave,6890,40.7546011026,-73.971878855,40.76669671,-73.99061728,member
2620033,482D9512C7188DCD,electric_bike,2021-08-02 09:07:33,2021-08-02 09:16:10,E 48 St & 3 Ave,6541,W 53 St & 10 Ave,6890,40.7546011026,-73.971878855,40.76669671,-73.99061728,member
2620099,FB8B5139AFF8CB35,classic_bike,2021-08-04 17:09:04,2021-08-04 17:19:59,E 48 St & 3 Ave,6541,W 53 St & 10 Ave,6890,40.7546011026,-73.971878855,40.76669671,-73.99061728,member
2620128,F66B58642EED27EA,classic_bike,2021-08-10 13:00:15,2021-08-10 13:11:48,E 48 St & 3 Ave,6541,W 53 St & 10 Ave,6890,40.7546011026,-73.971878855,40.76669671,-73.99061728,member
2623473,24C982AF88064EB5,classic_bike,2021-08-19 11:06:52,2021-08-19 13:11:17,E 48 St & 3 Ave,6541,5 Ave & E 103 St,7511,40.7546011026,-73.971878855,40.7922553,-73.95249933,casual
2629546,3D5D234AC5966C2D,electric_bike,2021-08-03 19:17:17,2021-08-03 19:55:32,E 48 St & 3 Ave,6541,Front St & Washington St,4936,40.7546011026,-73.971878855,40.70255088,-73.98940236,member
2630561,6601AB0AFB492851,classic_bike,2021-08-19 11:06:48,2021-08-19 13:12:08,E 48 St & 3 Ave,6541,5 Ave & E 103 St,7511,40.7546011026,-73.971878855,40.7922553,-73.95249933,casual
2630778,CD7D3B25D585B667,classic_bike,2021-08-14 05:45:49,2021-08-14 06:10:17,E 48 St & 3 Ave,6541,5 Ave & E 103 St,7511,40.7546011026,-73.971878855,40.7922553,-73.95249933,member
2646172,033C4B66DE34A5CB,classic_bike,2021-08-06 17:11:38,2021-08-06 17:41:55,E 48 St & 3 Ave,6541,Murray St & Greenwich St,5288,40.7546011026,-73.971878855,40.71485150526252,-74.01122331619263,member
2649458,01C30CEDA37E6126,classic_bike,2021-08-10 15:39:26,2021-08-10 16:12:06,E 48 St & 3 Ave,6541,Murray St & Greenwich St,5288,40.7546011026,-73.971878855,40.71485150526252,-74.01122331619263,member
2649462,DD898295087A9FB9,electric_bike,2021-08-18 11:22:22,2021-08-18 12:19:22,E 48 St & 3 Ave,6541,Bradhurst Ave & W 148 St,7992,40.7546011026,-73.971878855,40.825125,-73.941616,casual
2652715,F00522E69D3EFAD1,classic_bike,2021-08-29 14:28:17,2021-08-29 14:33:00,E 48 St & 3 Ave,6541,Pershing Square South,6432,40.7546011026,-73.971878855,40.751581,-73.97791,member
2655030,9D9317F3B9528EF4,classic_bike,2021-08-01 13:00:03,2021-08-01 13:05:45,E 48 St & 3 Ave,6541,Pershing Square South,6432,40.7546011026,-73.971878855,40.751581,-73.97791,member
2661450,CF68337A3F03CDE6,electric_bike,2021-08-05 11:47:33,2021-08-05 11:50:30,E 48 St & 3 Ave,6541,Pershing Square South,6432,40.7546011026,-73.971878855,40.751581,-73.97791,member
2661747,FDDC36B6D1B7D403,classic_bike,2021-08-30 12:07:15,2021-08-30 12:13:32,E 48 St & 3 Ave,6541,Pershing Square South,6432,40.7546011026,-73.971878855,40.751581,-73.97791,member
2669234,9AC3383E55178087,classic_bike,2021-08-20 16:16:07,2021-08-20 16:38:48,E 48 St & 3 Ave,6541,Central Park West & W 72 St,7141,40.7546011026,-73.971878855,40.77579376683666,-73.9762057363987,casual
2671103,54C2F68351A4D67D,classic_bike,2021-08-26 16:16:16,2021-08-26 16:33:35,E 48 St & 3 Ave,6541,Central Park West & W 72 St,7141,40.7546011026,-73.971878855,40.77579376683666,-73.9762057363987,member
2671625,209189EF4ACE9864,classic_bike,2021-08-10 15:48:29,2021-08-10 15:56:04,E 48 St & 3 Ave,6541,Pershing Square South,6432,40.7546011026,-73.971878855,40.751581,-73.97791,member
2671630,CCD87B85555F9CD1,classic_bike,2021-08-02 15:55:38,2021-08-02 15:59:34,E 48 St & 3 Ave,6541,Pershing Square South,6432,40.7546011026,-73.971878855,40.751581,-73.97791,member
2671636,DE171762B769A40F,classic_bike,2021-08-04 09:59:22,2021-08-04 10:04:02,E 48 St & 3 Ave,6541,Pershing Square South,6432,40.7546011026,-73.971878855,40.751581,-73.97791,member
2671641,10A73AC5DF9F3ED2,classic_bike,2021-08-04 18:05:30,2021-08-04 18:28:07,E 48 St & 3 Ave,6541,E 84 St & Park Ave,7243,40.7546011026,-73.971878855,40.77862688,-73.95772073,member
2675279,331196074B06C012,electric_bike,2021-08-10 13:33:35,2021-08-10 13:51:16,E 48 St & 3 Ave,6541,Pershing Square South,6432,40.7546011026,-73.971878855,40.751581,-73.97791,casual
2675357,7442171CCD1E98EB,electric_bike,2021-08-14 05:32:22,2021-08-14 05:40:57,E 48 St & 3 Ave,6541,E 84 St & Park Ave,7243,40.7546011026,-73.971878855,40.77862688,-73.95772073,member
2676354,84674F9471F0ABC2,classic_bike,2021-08-25 13:25:42,2021-08-25 13:36:19,E 48 St & 3 Ave,6541,Pershing Square South,6432,40.7546011026,-73.971878855,40.751581,-73.97791,member
2676355,F83C52D793F86737,classic_bike,2021-08-17 10:45:58,2021-08-17 11:16:25,E 48 St & 3 Ave,6541,Central Park West & W 72 St,7141,40.7546011026,-73.971878855,40.77579376683666,-73.9762057363987,casual
2676665,7DBEE5D5957D2548,electric_bike,2021-08-02 13:27:46,2021-08-02 13:48:47,E 48 St & 3 Ave,6541,Metropolitan Ave & Bedford Ave,5308,40.7546011026,-73.971878855,40.71534825,-73.96024116,member
2676684,F88D9985D7C0DB1F,classic_bike,2021-08-05 13:47:29,2021-08-05 14:01:58,E 48 St & 3 Ave,6541,E 84 St & Park Ave,7243,40.7546011026,-73.971878855,40.77862688,-73.95772073,member
2676685,848A414899DFA50A,classic_bike,2021-08-26 12:44:04,2021-08-26 12:50:05,E 48 St & 3 Ave,6541,Pershing Square South,6432,40.7546011026,-73.971878855,40.751581,-73.97791,member
2676696,EB9F34B1CF53A4A4,classic_bike,2021-08-05 16:24:56,2021-08-05 16:28:13,E 48 St & 3 Ave,6541,Pershing Square South,6432,40.7546011026,-73.971878855,40.751581,-73.97791,member
2676701,7B00D60908E2B1CF,classic_bike,2021-08-20 16:16:24,2021-08-20 16:38:17,E 48 St & 3 Ave,6541,Central Park West & W 72 St,7141,40.7546011026,-73.971878855,40.77579376683666,-73.9762057363987,casual
2678963,52E8FADAFA76C0C8,classic_bike,2021-08-23 17:51:02,2021-08-23 18:12:25,E 48 St & 3 Ave,6541,Pershing Square South,6432,40.7546011026,-73.971878855,40.751581,-73.97791,casual
2681447,17A6B13D61CF323A,classic_bike,2021-08-24 14:47:37,2021-08-24 14:50:37,E 48 St & 3 Ave,6541,Pershing Square North,6432,40.7546011026,-73.971878855,40.751873,-73.977706,member
2685757,7D6BED968EF9582F,classic_bike,2021-08-11 18:58:52,2021-08-11 19:13:18,E 48 St & 3 Ave,6541,E 81 St & 3 Ave,7154,40.7546011026,-73.971878855,40.77573034,-73.9567526,member
2685759,FFA63402F1B5FD29,classic_bike,2021-08-05 09:36:00,2021-08-05 09:41:05,E 48 St & 3 Ave,6541,Pershing Square North,6432,40.7546011026,-73.971878855,40.751873,-73.977706,member
2700406,DA8D08A78F6C8CB5,classic_bike,2021-08-03 09:44:53,2021-08-03 09:49:47,E 48 St & 3 Ave,6541,Pershing Square North,6432,40.7546011026,-73.971878855,40.751873,-73.977706,member
2700417,158712B9062811AA,classic_bike,2021-08-23 17:49:52,2021-08-23 18:12:30,E 48 St & 3 Ave,6541,Pershing Square North,6432,40.7546011026,-73.971878855,40.751873,-73.977706,casual
2701591,5D8966757B1CCF4B,classic_bike,2021-08-25 07:01:33,2021-08-25 07:06:28,E 48 St & 3 Ave,6541,Pershing Square North,6432,40.7546011026,-73.971878855,40.751873,-73.977706,member
2701722,C25ABB4A3639FAB3,classic_bike,2021-08-27 14:42:53,2021-08-27 15:06:36,E 48 St & 3 Ave,6541,E 81 St & 3 Ave,7154,40.7546011026,-73.971878855,40.77573034,-73.9567526,member
2701727,8F73D5C3CD8341E5,classic_bike,2021-08-03 18:25:38,2021-08-03 18:40:16,E 48 St & 3 Ave,6541,E 81 St & 3 Ave,7154,40.7546011026,-73.971878855,40.77573034,-73.9567526,member
2702530,4E307231C0BEC244,classic_bike,2021-08-01 15:31:30,2021-08-01 15:54:07,E 48 St & 3 Ave,6541,University Pl & E 8 St,5755,40.7546011026,-73.971878855,40.73143724085228,-73.99490341544151,member
2702532,498DD93BF760F0B5,classic_bike,2021-08-06 16:33:16,2021-08-06 16:54:20,E 48 St & 3 Ave,6541,University Pl & E 8 St,5755,40.7546011026,-73.971878855,40.73143724085228,-73.99490341544151,member
2702534,3EABDD42053578A2,classic_bike,2021-08-01 13:04:30,2021-08-01 13:20:53,E 48 St & 3 Ave,6541,E 81 St & 3 Ave,7154,40.7546011026,-73.971878855,40.77573034,-73.9567526,member
2702766,7B6D7E4868779672,classic_bike,2021-08-16 19:27:04,2021-08-16 19:42:02,E 48 St & 3 Ave,6541,E 81 St & 3 Ave,7154,40.7546011026,-73.971878855,40.77573034,-73.9567526,member
2703624,11198455AD50704A,classic_bike,2021-08-28 11:16:54,2021-08-28 11:19:45,E 48 St & 3 Ave,6541,Pershing Square North,6432,40.7546011026,-73.971878855,40.751873,-73.977706,casual
2703633,4B96FA94BD9FE35B,classic_bike,2021-08-29 18:23:21,2021-08-29 18:38:33,E 48 St & 3 Ave,6541,E 81 St & 3 Ave,7154,40.7546011026,-73.971878855,40.77573034,-73.9567526,member
2703640,BC2A5CA4D341945C,classic_bike,2021-08-24 18:03:59,2021-08-24 18:17:35,E 48 St & 3 Ave,6541,E 81 St & 3 Ave,7154,40.7546011026,-73.971878855,40.77573034,-73.9567526,member
2703648,2D8E36458EE828DB,classic_bike,2021-08-31 14:56:20,2021-08-31 15:02:49,E 48 St & 3 Ave,6541,Pershing Square North,6432,40.7546011026,-73.971878855,40.751873,-73.977706,member
2704546,3FC19435BFFB4663,classic_bike,2021-08-31 18:32:19,2021-08-31 18:45:54,E 48 St & 3 Ave,6541,E 81 St & 3 Ave,7154,40.7546011026,-73.971878855,40.77573034,-73.9567526,member
2704548,FBAA06C1D4D8D95F,classic_bike,2021-08-29 14:42:14,2021-08-29 14:48:45,E 48 St & 3 Ave,6541,Pershing Square North,6432,40.7546011026,-73.971878855,40.751873,-73.977706,casual
2704560,031518AE5FE802F5,electric_bike,2021-08-12 12:22:45,2021-08-12 12:25:57,E 48 St & 3 Ave,6541,Pershing Square North,6432,40.7546011026,-73.971878855,40.751873,-73.977706,member
2704587,5140BF59FF1D0A82,classic_bike,2021-08-09 09:13:48,2021-08-09 09:18:14,E 48 St & 3 Ave,6541,Pershing Square North,6432,40.7546011026,-73.971878855,40.751873,-73.977706,member
2704589,BA08A7CB96ADBF27,classic_bike,2021-08-27 16:59:44,2021-08-27 17:03:24,E 48 St & 3 Ave,6541,Pershing Square North,6432,40.7546011026,-73.971878855,40.751873,-73.977706,member
2705913,D2A2C31694A3BCF3,classic_bike,2021-08-03 16:19:02,2021-08-03 16:22:41,E 48 St & 3 Ave,6541,Pershing Square North,6432,40.7546011026,-73.971878855,40.751873,-73.977706,member
2705914,90B98E8E7D0CDFB2,classic_bike,2021-08-24 18:32:23,2021-08-24 18:53:46,E 48 St & 3 Ave,6541,University Pl & E 8 St,5755,40.7546011026,-73.971878855,40.73143724085228,-73.99490341544151,member
2705932,C6833660862A3066,classic_bike,2021-08-02 15:56:02,2021-08-02 15:59:29,E 48 St & 3 Ave,6541,Pershing Square North,6432,40.7546011026,-73.971878855,40.751873,-73.977706,casual
2706071,0EA96AFC766356B3,classic_bike,2021-08-08 12:46:39,2021-08-08 12:58:40,E 48 St & 3 Ave,6541,E 81 St & 3 Ave,7154,40.7546011026,-73.971878855,40.77573034,-73.9567526,member
2706072,A4A8740148767200,classic_bike,2021-08-30 17:44:59,2021-08-30 17:59:54,E 48 St & 3 Ave,6541,E 81 St & 3 Ave,7154,40.7546011026,-73.971878855,40.77573034,-73.9567526,member
2706162,75ADBA403AFA1636,classic_bike,2021-08-06 22:02:34,2021-08-06 22:11:37,E 48 St & 3 Ave,6541,Pershing Square North,6432,40.7546011026,-73.971878855,40.751873,-73.977706,member
2706163,CA38C75AD58F7BA2,electric_bike,2021-08-02 11:55:39,2021-08-02 11:58:40,E 48 St & 3 Ave,6541,Pershing Square North,6432,40.7546011026,-73.971878855,40.751873,-73.977706,member
2706164,8D70367A0E7B6B37,classic_bike,2021-08-31 18:22:31,2021-08-31 19:05:25,E 48 St & 3 Ave,6541,12 Ave & W 125 St,7886,40.7546011026,-73.971878855,40.818299,-73.960405,member
2706167,DE5D62DFF708AB12,classic_bike,2021-08-23 12:27:44,2021-08-23 12:31:49,E 48 St & 3 Ave,6541,Pershing Square North,6432,40.7546011026,-73.971878855,40.751873,-73.977706,member
2706224,23474E5089EA3808,classic_bike,2021-08-26 20:12:18,2021-08-26 20:34:18,E 48 St & 3 Ave,6541,Sullivan St & Washington Sq,5721,40.7546011026,-73.971878855,40.73047747,-73.99906065,member
2706364,A6C44B4A406D3D34,classic_bike,2021-08-30 16:42:59,2021-08-30 16:47:13,E 48 St & 3 Ave,6541,Pershing Square North,6432,40.7546011026,-73.971878855,40.751873,-73.977706,member
2706369,7C103D6DBBB3120C,classic_bike,2021-08-01 18:14:57,2021-08-01 18:39:46,E 48 St & 3 Ave,6541,Sullivan St & Washington Sq,5721,40.7546011026,-73.971878855,40.73047747,-73.99906065,casual
2706808,32911ECD8C0B775C,classic_bike,2021-08-05 12:14:11,2021-08-05 12:17:17,E 48 St & 3 Ave,6541,Pershing Square North,6432,40.7546011026,-73.971878855,40.751873,-73.977706,member
2707022,BA07A4CC60642280,classic_bike,2021-08-14 11:34:21,2021-08-14 11:37:59,E 48 St & 3 Ave,6541,Pershing Square North,6432,40.7546011026,-73.971878855,40.751873,-73.977706,member
2707023,DDB41B5E5B87D2B5,classic_bike,2021-08-18 18:02:52,2021-08-18 18:17:48,E 48 St & 3 Ave,6541,E 81 St & 3 Ave,7154,40.7546011026,-73.971878855,40.77573034,-73.9567526,member
2707098,C6F59582C5CD39CE,classic_bike,2021-08-05 18:16:31,2021-08-05 18:31:22,E 48 St & 3 Ave,6541,E 81 St & 3 Ave,7154,40.7546011026,-73.971878855,40.77573034,-73.9567526,member
2707103,D09C0B455577D143,electric_bike,2021-08-21 12:50:01,2021-08-21 13:05:41,E 48 St & 3 Ave,6541,University Pl & E 8 St,5755,40.7546011026,-73.971878855,40.73143724085228,-73.99490341544151,member
2707116,8BAA61DA55DF8D77,classic_bike,2021-08-26 22:00:14,2021-08-26 22:10:20,E 48 St & 3 Ave,6541,E 81 St & 3 Ave,7154,40.7546011026,-73.971878855,40.77573034,-73.9567526,member
2707124,7E039B543AFD5E09,classic_bike,2021-08-31 13:13:49,2021-08-31 13:28:18,E 48 St & 3 Ave,6541,E 81 St & 3 Ave,7154,40.7546011026,-73.971878855,40.77573034,-73.9567526,member
2707125,1EFC16201887B2FC,classic_bike,2021-08-04 16:18:01,2021-08-04 16:22:21,E 48 St & 3 Ave,6541,Pershing Square North,6432,40.7546011026,-73.971878855,40.751873,-73.977706,member
2707130,798A13D325A1BAE7,classic_bike,2021-08-25 14:15:44,2021-08-25 14:31:56,E 48 St & 3 Ave,6541,E 81 St & 3 Ave,7154,40.7546011026,-73.971878855,40.77573034,-73.9567526,member
2707477,E582BAE128A6B49E,classic_bike,2021-08-09 15:42:49,2021-08-09 15:47:30,E 48 St & 3 Ave,6541,Pershing Square North,6432,40.7546011026,-73.971878855,40.751873,-73.977706,member
2707486,1CE1B5185B4EF2E4,classic_bike,2021-08-08 11:47:19,2021-08-08 11:55:47,E 48 St & 3 Ave,6541,Pershing Square North,6432,40.7546011026,-73.971878855,40.751873,-73.977706,member
2707640,6B543591389A1735,electric_bike,2021-08-05 10:02:01,2021-08-05 10:06:32,E 48 St & 3 Ave,6541,Pershing Square North,6432,40.7546011026,-73.971878855,40.751873,-73.977706,member
2707968,50586D7FBDFE6B58,classic_bike,2021-08-26 18:52:17,2021-08-26 18:55:56,E 48 St & 3 Ave,6541,Pershing Square North,6432,40.7546011026,-73.971878855,40.751873,-73.977706,member
2707979,7A228DE8C7FF139F,classic_bike,2021-08-14 11:55:15,2021-08-14 12:00:21,E 48 St & 3 Ave,6541,Pershing Square North,6432,40.7546011026,-73.971878855,40.751873,-73.977706,member
2708092,E3BA78375F6B1E5F,classic_bike,2021-08-19 12:58:05,2021-08-19 13:01:15,E 53 St & Lexington Ave,6617,E 48 St & 3 Ave,6541,40.75828065,-73.97069431,40.7546011026,-73.971878855,member
2708093,19B3BD3B1834F921,classic_bike,2021-08-19 12:02:53,2021-08-19 12:11:17,E 53 St & Lexington Ave,6617,E 48 St & 3 Ave,6541,40.75828065,-73.97069431,40.7546011026,-73.971878855,member
2708104,7545E536167562DC,electric_bike,2021-08-05 11:28:32,2021-08-05 11:31:02,E 51 St & 1 Ave,6532,E 48 St & 3 Ave,6541,40.75455731,-73.96592976,40.7546011026,-73.971878855,member
2708114,348F3C982841D221,classic_bike,2021-08-29 10:49:02,2021-08-29 10:57:16,Grand Army Plaza & Central Park S,6839,E 48 St & 3 Ave,6541,40.7643971,-73.97371465,40.7546011026,-73.971878855,member
2708116,747B965E0F491322,classic_bike,2021-08-01 17:57:10,2021-08-01 18:03:27,Grand Army Plaza & Central Park S,6839,E 48 St & 3 Ave,6541,40.7643971,-73.97371465,40.7546011026,-73.971878855,member
2708119,01E8D26E540CB234,classic_bike,2021-08-05 09:12:56,2021-08-05 09:37:58,31 Ave & Crescent St,6893,E 48 St & 3 Ave,6541,40.7658346,-73.9265474,40.7546011026,-73.971878855,member
2708120,C7E2116B4D475712,electric_bike,2021-08-13 07:45:44,2021-08-13 07:51:38,Grand Army Plaza & Central Park S,6839,E 48 St & 3 Ave,6541,40.7643971,-73.97371465,40.7546011026,-73.971878855,member
2708174,EB653673B9C8D7D8,classic_bike,2021-08-04 08:57:52,2021-08-04 09:07:35,Central Park S & 6 Ave,6876,E 48 St & 3 Ave,6541,40.76590936,-73.97634151,40.7546011026,-73.971878855,casual
2708190,6563B56800C86D2A,classic_bike,2021-08-17 09:11:15,2021-08-17 09:34:30,12 Ave & W 40 St,6765,E 48 St & 3 Ave,6541,40.76087502,-74.00277668,40.7546011026,-73.971878855,member
2708211,3039E1F1C9009D44,classic_bike,2021-08-20 10:33:18,2021-08-20 10:46:02,Broadway & E 21 St,6098,E 48 St & 3 Ave,6541,40.73988840858996,-73.98958593606949,40.7546011026,-73.971878855,member
2708232,8F502D495AD7242A,classic_bike,2021-08-09 10:17:56,2021-08-09 10:40:43,Leonard St & Church St,5359,E 48 St & 3 Ave,6541,40.717571,-74.005549,40.7546011026,-73.971878855,member
2708236,88D15D818BFB63F6,docked_bike,2021-08-11 16:18:54,2021-08-11 16:32:42,Central Park S & 6 Ave,6876,E 48 St & 3 Ave,6541,40.765909,-73.976342,40.754601,-73.971879,casual
2708237,A3D2D23517A70530,electric_bike,2021-08-05 18:31:34,2021-08-05 19:13:32,Broadway & E 21 St,6098,E 48 St & 3 Ave,6541,40.73988840858996,-73.98958593606949,40.7546011026,-73.971878855,member
2708245,9ED0FC12680ED809,classic_bike,2021-08-14 14:45:52,2021-08-14 15:16:58,Broadway & E 21 St,6098,E 48 St & 3 Ave,6541,40.73988840858996,-73.98958593606949,40.7546011026,-73.971878855,casual
2708269,3E6D59B8C0B5D76D,electric_bike,2021-08-26 07:53:25,2021-08-26 08:09:12,Broadway & E 21 St,6098,E 48 St & 3 Ave,6541,40.73988840858996,-73.98958593606949,40.7546011026,-73.971878855,casual
2708271,5FA1A8E2B5D4F91C,electric_bike,2021-08-30 04:28:37,2021-08-30 04:49:27,Pitt St & Stanton St,5406,E 48 St & 3 Ave,6541,40.71926081,-73.98178024,40.7546011026,-73.971878855,casual
2708281,E4E073A9CCCEEC09,classic_bike,2021-08-01 21:32:19,2021-08-01 21:40:48,E 48 St & 3 Ave,6541,Pershing Square North,6432,40.7546011026,-73.971878855,40.751873,-73.977706,member
2708285,CE942CEBA98D78EF,electric_bike,2021-08-25 13:16:00,2021-08-25 13:19:56,E 48 St & 3 Ave,6541,Pershing Square North,6432,40.7546011026,-73.971878855,40.751873,-73.977706,member
2708286,83742AA21E3B5768,classic_bike,2021-08-26 10:39:51,2021-08-26 10:59:45,Mercer St & Spring St,5532,E 48 St & 3 Ave,6541,40.72362738,-73.99949601,40.7546011026,-73.971878855,member
2708300,339B09A4AC78595D,classic_bike,2021-08-04 09:16:26,2021-08-04 09:34:34,Riverside Dr & W 72 St,7288,E 48 St & 3 Ave,6541,40.78057799010334,-73.98562431335449,40.7546011026,-73.971878855,casual
2708326,01AC7F3701599E4E,classic_bike,2021-08-25 06:54:15,2021-08-25 07:07:41,E 20 St & FDR Drive,5886,E 48 St & 3 Ave,6541,40.73314259,-73.97573881,40.7546011026,-73.971878855,member
2708350,66E71D4912E5190D,classic_bike,2021-08-17 00:01:04,2021-08-17 00:09:01,5 Ave & E 29 St,6248,E 48 St & 3 Ave,6541,40.7451677,-73.98683077,40.7546011026,-73.971878855,member
2708386,44471134898B8BCE,classic_bike,2021-08-18 07:50:21,2021-08-18 08:09:44,Riverside Dr & W 72 St,7288,E 48 St & 3 Ave,6541,40.78057799010334,-73.98562431335449,40.7546011026,-73.971878855,member
2708392,3151AFB4D942B7BB,electric_bike,2021-08-11 14:20:45,2021-08-11 14:33:36,5 Ave & E 29 St,6248,E 48 St & 3 Ave,6541,40.7451677,-73.98683077,40.7546011026,-73.971878855,member
2708468,87030C61D07AD25F,classic_bike,2021-08-01 11:54:06,2021-08-01 12:18:07,8 Ave & W 31 St,6450,E 48 St & 3 Ave,6541,40.7505853470215,-73.9946848154068,40.7546011026,-73.971878855,casual
2708471,051962EE5E93BC44,electric_bike,2021-08-05 09:16:22,2021-08-05 09:28:29,8 Ave & W 31 St,6450,E 48 St & 3 Ave,6541,40.7505853470215,-73.9946848154068,40.7546011026,-73.971878855,casual
2708477,4F0C619F1918605B,classic_bike,2021-08-14 11:29:55,2021-08-14 11:57:49,E 16 St & Irving Pl,5938,E 48 St & 3 Ave,6541,40.735367055605394,-73.98797392845154,40.7546011026,-73.971878855,member
2708480,069057C27C2FD645,classic_bike,2021-08-10 16:14:54,2021-08-10 16:19:32,E 41 St & Madison Ave,6474,E 48 St & 3 Ave,6541,40.752165280621966,-73.97992193698882,40.7546011026,-73.971878855,member
2708516,F3E3892700FE470C,classic_bike,2021-08-04 00:30:45,2021-08-04 00:42:09,E 48 St & 3 Ave,6541,E 81 St & 3 Ave,7154,40.7546011026,-73.971878855,40.77573034,-73.9567526,member
2708527,FEA5EA6CA69B12BD,electric_bike,2021-08-17 12:37:24,2021-08-17 12:40:25,E 41 St & Madison Ave,6474,E 48 St & 3 Ave,6541,40.752165280621966,-73.97992193698882,40.7546011026,-73.971878855,member
2708554,4E444EE2FC463185,classic_bike,2021-08-03 07:36:59,2021-08-03 07:49:52,8 Ave & W 31 St,6450,E 48 St & 3 Ave,6541,40.7505853470215,-73.9946848154068,40.7546011026,-73.971878855,casual
2708583,99A617ED38DFF341,classic_bike,2021-08-08 11:51:20,2021-08-08 12:02:44,Broadway & W 37 St,6441,E 48 St & 3 Ave,6541,40.75172632,-73.98753523,40.7546011026,-73.971878855,member
2708593,6F994D50A93CB5D1,classic_bike,2021-08-10 09:11:16,2021-08-10 09:33:33,12 Ave & W 40 St,6765,E 48 St & 3 Ave,6541,40.76087502,-74.00277668,40.7546011026,-73.971878855,casual
2708618,EAAAD369877ED990,classic_bike,2021-08-18 15:07:11,2021-08-18 15:19:20,8 Ave & W 31 St,6450,E 48 St & 3 Ave,6541,40.7505853470215,-73.9946848154068,40.7546011026,-73.971878855,casual
2708620,C6020A44317FA87F,classic_bike,2021-08-04 08:49:37,2021-08-04 09:01:49,8 Ave & W 31 St,6450,E 48 St & 3 Ave,6541,40.7505853470215,-73.9946848154068,40.7546011026,-73.971878855,casual
2708626,F3A41D1DBA478D4F,classic_bike,2021-08-12 17:54:54,2021-08-12 18:00:16,E 41 St & Madison Ave,6474,E 48 St & 3 Ave,6541,40.752165280621966,-73.97992193698882,40.7546011026,-73.971878855,member
2708650,FDBD7D086F59ED54,electric_bike,2021-08-28 17:19:42,2021-08-28 17:38:51,W 11 St & 6 Ave,5914,E 48 St & 3 Ave,6541,40.73532427,-73.99800419,40.7546011026,-73.971878855,member
2708664,79B1BA6479D463DF,electric_bike,2021-08-11 07:49:59,2021-08-11 07:54:25,E 51 St & 2 Ave,6575,E 48 St & 3 Ave,6541,40.755293,-73.967641,40.7546011026,-73.971878855,member
2708665,766D9F7927BB4B13,electric_bike,2021-08-29 09:23:34,2021-08-29 09:39:12,W 87 St & West End Ave,7484,E 48 St & 3 Ave,6541,40.789622,-73.97757,40.7546011026,-73.971878855,member
2708668,A1D8A9E86B368092,classic_bike,2021-08-06 21:16:09,2021-08-06 21:39:55,E 51 St & 2 Ave,6575,E 48 St & 3 Ave,6541,40.755293,-73.967641,40.7546011026,-73.971878855,member
2708671,CFF68377F8864AAA,classic_bike,2021-08-12 08:32:28,2021-08-12 08:35:01,E 51 St & 2 Ave,6575,E 48 St & 3 Ave,6541,40.755293,-73.967641,40.7546011026,-73.971878855,member
2708677,EBE101AAA4996F1A,classic_bike,2021-08-03 15:06:08,2021-08-03 15:44:53,E 51 St & 2 Ave,6575,E 48 St & 3 Ave,6541,40.755293,-73.967641,40.7546011026,-73.971878855,member
2708685,835909470430D96F,classic_bike,2021-08-04 08:31:57,2021-08-04 08:46:44,8 Ave & W 31 St,6450,E 48 St & 3 Ave,6541,40.7505853470215,-73.9946848154068,40.7546011026,-73.971878855,member
2708715,3C56890CE68E78BC,classic_bike,2021-08-13 22:37:27,2021-08-13 22:55:41,8 Ave & W 31 St,6450,E 48 St & 3 Ave,6541,40.7505853470215,-73.9946848154068,40.7546011026,-73.971878855,member
2708721,65D62B1A5CAFA063,electric_bike,2021-08-30 08:59:52,2021-08-30 09:13:18,W 11 St & 6 Ave,5914,E 48 St & 3 Ave,6541,40.73532427,-73.99800419,40.7546011026,-73.971878855,member
2708740,24536C4F85304C5C,classic_bike,2021-08-16 17:48:50,2021-08-16 17:55:07,Pershing Square South,6432,E 48 St & 3 Ave,6541,40.751581,-73.97791,40.7546011026,-73.971878855,member
2708821,DB9401A0690C3ABD,classic_bike,2021-08-18 15:41:37,2021-08-18 15:46:31,Pershing Square South,6432,E 48 St & 3 Ave,6541,40.751581,-73.97791,40.7546011026,-73.971878855,member
2708825,7451319FA3C33EB0,classic_bike,2021-08-31 15:11:40,2021-08-31 15:16:20,E 48 St & 5 Ave,6626,E 48 St & 3 Ave,6541,40.75724567911726,-73.97805914282799,40.7546011026,-73.971878855,member
2708839,AAB5AF5EF61CEEC9,classic_bike,2021-08-22 17:39:43,2021-08-22 17:42:14,E 48 St & 5 Ave,6626,E 48 St & 3 Ave,6541,40.75724567911726,-73.97805914282799,40.7546011026,-73.971878855,member
2708841,0716B79E39D7B833,classic_bike,2021-08-18 15:46:12,2021-08-18 15:49:37,E 48 St & 5 Ave,6626,E 48 St & 3 Ave,6541,40.75724567911726,-73.97805914282799,40.7546011026,-73.971878855,casual
2708848,FCF13AA9DE193ABD,classic_bike,2021-08-26 20:01:14,2021-08-26 20:16:35,W 24 St & 7 Ave,6257,E 48 St & 3 Ave,6541,40.74487634,-73.99529885,40.7546011026,-73.971878855,casual
2708851,67FDE1BBD45E4E01,electric_bike,2021-08-03 15:04:30,2021-08-03 15:10:16,E 48 St & 5 Ave,6626,E 48 St & 3 Ave,6541,40.75724567911726,-73.97805914282799,40.7546011026,-73.971878855,member
2708881,19C0CC803CCD9BD7,classic_bike,2021-08-29 19:33:28,2021-08-29 19:46:25,W 24 St & 7 Ave,6257,E 48 St & 3 Ave,6541,40.74487634,-73.99529885,40.7546011026,-73.971878855,casual
2708891,A36BE23DCC36B7BC,electric_bike,2021-08-02 15:23:34,2021-08-02 15:47:15,Wall St & South St,4953,E 48 St & 3 Ave,6541,40.70437,-74.00637,40.7546011026,-73.971878855,member
2708907,7B6DAE131611B598,electric_bike,2021-08-10 08:07:04,2021-08-10 08:09:16,E 48 St & 5 Ave,6626,E 48 St & 3 Ave,6541,40.75724567911726,-73.97805914282799,40.7546011026,-73.971878855,member
2708912,7F6F0508F7F9B017,classic_bike,2021-08-18 07:35:03,2021-08-18 07:38:00,E 48 St & 5 Ave,6626,E 48 St & 3 Ave,6541,40.75724567911726,-73.97805914282799,40.7546011026,-73.971878855,member
2708919,18E50D55C0607DD1,classic_bike,2021-08-11 15:19:07,2021-08-11 15:22:25,E 48 St & 5 Ave,6626,E 48 St & 3 Ave,6541,40.75724567911726,-73.97805914282799,40.7546011026,-73.971878855,member
2708923,B2E445E44E40A7F1,classic_bike,2021-08-15 14:23:36,2021-08-15 14:47:13,E 89 St & 3 Ave,7265,E 48 St & 3 Ave,6541,40.7806284,-73.9521667,40.7546011026,-73.971878855,member
2708950,6F8FE00564F79104,classic_bike,2021-08-11 09:21:22,2021-08-11 09:26:43,E 48 St & 5 Ave,6626,E 48 St & 3 Ave,6541,40.75724567911726,-73.97805914282799,40.7546011026,-73.971878855,member
2708963,9EFCEC2F4FC3B7C9,classic_bike,2021-08-11 13:42:43,2021-08-11 13:45:30,E 48 St & 5 Ave,6626,E 48 St & 3 Ave,6541,40.75724567911726,-73.97805914282799,40.7546011026,-73.971878855,member
2708971,B3C606125804828F,classic_bike,2021-08-02 07:41:11,2021-08-02 07:46:12,E 54 St & 1 Ave,6608,E 48 St & 3 Ave,6541,40.756265,-73.964179,40.7546011026,-73.971878855,member
2708980,C13E4255074B41DA,classic_bike,2021-08-05 03:00:32,2021-08-05 03:11:30,E 58 St & 3 Ave,6762,E 48 St & 3 Ave,6541,40.76095756,-73.96724467,40.7546011026,-73.971878855,casual
2709011,FBF126F61E07F84A,electric_bike,2021-08-11 18:05:32,2021-08-11 18:07:48,E 48 St & 5 Ave,6626,E 48 St & 3 Ave,6541,40.75724567911726,-73.97805914282799,40.7546011026,-73.971878855,member
2709017,C2350734202A1EFB,electric_bike,2021-08-27 17:06:42,2021-08-27 17:17:38,W 24 St & 7 Ave,6257,E 48 St & 3 Ave,6541,40.74487634,-73.99529885,40.7546011026,-73.971878855,member
2709018,7AB153CC52EB014B,classic_bike,2021-08-27 12:24:51,2021-08-27 12:37:06,W 24 St & 7 Ave,6257,E 48 St & 3 Ave,6541,40.74487634,-73.99529885,40.7546011026,-73.971878855,member
2709021,0A9422F4BCF6533E,classic_bike,2021-08-25 06:27:42,2021-08-25 06:29:55,E 48 St & 5 Ave,6626,E 48 St & 3 Ave,6541,40.75724567911726,-73.97805914282799,40.7546011026,-73.971878855,member
2709028,E3018B57EDC9490C,electric_bike,2021-08-15 01:08:36,2021-08-15 01:32:00,E 48 St & 5 Ave,6626,E 48 St & 3 Ave,6541,40.75724567911726,-73.97805914282799,40.7546011026,-73.971878855,member
2709048,B64F3673488DE7DB,classic_bike,2021-08-26 18:59:50,2021-08-26 19:04:11,E 48 St & 5 Ave,6626,E 48 St & 3 Ave,6541,40.75724567911726,-73.97805914282799,40.7546011026,-73.971878855,member
2709064,B146130560D18DCE,classic_bike,2021-08-26 17:18:07,2021-08-26 17:20:32,E 48 St & 5 Ave,6626,E 48 St & 3 Ave,6541,40.75724567911726,-73.97805914282799,40.7546011026,-73.971878855,member
2709074,A63EBFB4F724B4E6,electric_bike,2021-08-31 21:28:18,2021-08-31 21:41:38,W 24 St & 7 Ave,6257,E 48 St & 3 Ave,6541,40.74487634,-73.99529885,40.7546011026,-73.971878855,casual
2709078,38418804DC856765,classic_bike,2021-08-20 08:26:00,2021-08-20 08:28:34,E 47 St & Park Ave,6584,E 48 St & 3 Ave,6541,40.75510267,-73.97498696,40.7546011026,-73.971878855,member
2709082,0C0B1E6EA5D39FAE,classic_bike,2021-08-16 16:33:39,2021-08-16 16:54:38,2 Ave & E 31 St,6197,E 48 St & 3 Ave,6541,40.74290902,-73.97706058,40.7546011026,-73.971878855,member
2709098,FAC2ABF226BD0E6D,classic_bike,2021-08-30 08:59:04,2021-08-30 09:07:18,3 Ave & E 71 St,6960,E 48 St & 3 Ave,6541,40.76873687,-73.96119945,40.7546011026,-73.971878855,member
2709105,4A43177AF38DAA40,classic_bike,2021-08-16 08:14:06,2021-08-16 08:35:27,W 24 St & 7 Ave,6257,E 48 St & 3 Ave,6541,40.74487634,-73.99529885,40.7546011026,-73.971878855,member
2709106,0A94A6D2B94A2495,classic_bike,2021-08-13 11:45:34,2021-08-13 11:48:19,E 48 St & 5 Ave,6626,E 48 St & 3 Ave,6541,40.75724567911726,-73.97805914282799,40.7546011026,-73.971878855,member
2709109,B53FC23125D204C4,classic_bike,2021-08-03 17:27:56,2021-08-03 17:31:17,E 48 St & 5 Ave,6626,E 48 St & 3 Ave,6541,40.75724567911726,-73.97805914282799,40.7546011026,-73.971878855,member
2709112,384B37D55676212C,classic_bike,2021-08-05 15:03:48,2021-08-05 15:09:44,E 48 St & 5 Ave,6626,E 48 St & 3 Ave,6541,40.75724567911726,-73.97805914282799,40.7546011026,-73.971878855,member
2709131,B952F2F194A9321C,classic_bike,2021-08-31 16:54:27,2021-08-31 16:59:36,E 48 St & 5 Ave,6626,E 48 St & 3 Ave,6541,40.75724567911726,-73.97805914282799,40.7546011026,-73.971878855,member
2709137,E2D38DCBC4118F24,classic_bike,2021-08-28 09:50:33,2021-08-28 09:59:05,3 Ave & E 71 St,6960,E 48 St & 3 Ave,6541,40.76873687,-73.96119945,40.7546011026,-73.971878855,casual
2709152,CAFECFCBDACA812D,classic_bike,2021-08-15 17:45:45,2021-08-15 17:57:39,W 24 St & 7 Ave,6257,E 48 St & 3 Ave,6541,40.74487634,-73.99529885,40.7546011026,-73.971878855,casual
2709162,1302C54C3D611B0A,classic_bike,2021-08-06 14:03:16,2021-08-06 14:05:51,E 48 St & 5 Ave,6626,E 48 St & 3 Ave,6541,40.75724567911726,-73.97805914282799,40.7546011026,-73.971878855,member
2709164,2F4D7227D6FB6B55,classic_bike,2021-08-02 08:27:55,2021-08-02 08:30:22,E 48 St & 5 Ave,6626,E 48 St & 3 Ave,6541,40.75724567911726,-73.97805914282799,40.7546011026,-73.971878855,member
2709211,C5DEE504AF3586AF,classic_bike,2021-08-25 08:40:17,2021-08-25 08:58:38,West End Ave & W 78 St,7340,E 48 St & 3 Ave,6541,40.783786,-73.981687,40.7546011026,-73.971878855,member
2709214,0344325682CB2250,classic_bike,2021-08-06 18:01:08,2021-08-06 18:10:50,2 Ave & E 31 St,6197,E 48 St & 3 Ave,6541,40.74290902,-73.97706058,40.7546011026,-73.971878855,member
2709215,23159699A03730DC,electric_bike,2021-08-27 12:36:35,2021-08-27 12:54:37,E 13 St & 2 Ave,5820,E 48 St & 3 Ave,6541,40.73153937464073,-73.9853024482727,40.7546011026,-73.971878855,member
2709225,7B792F474FB6E9F9,classic_bike,2021-08-03 06:11:06,2021-08-03 06:30:25,E 13 St & 2 Ave,5820,E 48 St & 3 Ave,6541,40.73153937464073,-73.9853024482727,40.7546011026,-73.971878855,casual
2709237,A39A5F39A3FD99D3,classic_bike,2021-08-17 10:03:08,2021-08-17 10:05:01,E 47 St & Park Ave,6584,E 48 St & 3 Ave,6541,40.75510267,-73.97498696,40.7546011026,-73.971878855,member
2709261,64AA51750C5B1C9E,classic_bike,2021-08-20 08:10:16,2021-08-20 08:30:59,West End Ave & W 60 St,7059,E 48 St & 3 Ave,6541,40.77237,-73.99005,40.7546011026,-73.971878855,member
2709300,1B63A684A4B8B8D9,classic_bike,2021-08-18 09:39:30,2021-08-18 09:43:00,2 Ave & E 55 St,6650,E 48 St & 3 Ave,6541,40.757920208794026,-73.96638214588165,40.7546011026,-73.971878855,member
2709308,84D20A16A83B528B,classic_bike,2021-08-25 12:18:21,2021-08-26 00:55:42,E 15 St & 3 Ave,5863,E 48 St & 3 Ave,6541,40.734232,-73.986923,40.7546011026,-73.971878855,member
2709309,6CD3F4A0069BAD85,classic_bike,2021-08-14 18:46:07,2021-08-14 18:58:31,E 15 St & 3 Ave,5863,E 48 St & 3 Ave,6541,40.734232,-73.986923,40.7546011026,-73.971878855,member
2709317,6AC4C7F8ED40176B,classic_bike,2021-08-18 16:33:13,2021-08-18 16:38:22,2 Ave & E 55 St,6650,E 48 St & 3 Ave,6541,40.757920208794026,-73.96638214588165,40.7546011026,-73.971878855,member
2709381,3DE59F7EBCFABD46,classic_bike,2021-08-04 08:06:51,2021-08-04 08:28:07,West End Ave & W 60 St,7059,E 48 St & 3 Ave,6541,40.77237,-73.99005,40.7546011026,-73.971878855,member
2709405,31BF54AABBF2422A,classic_bike,2021-08-25 22:04:21,2021-08-25 22:23:08,E 13 St & 2 Ave,5820,E 48 St & 3 Ave,6541,40.73153937464073,-73.9853024482727,40.7546011026,-73.971878855,member
2709429,13F902D56129A29F,classic_bike,2021-08-30 12:30:12,2021-08-30 12:54:06,Barrow St & Hudson St,5805,E 48 St & 3 Ave,6541,40.73172428,-74.00674436,40.7546011026,-73.971878855,member
2709461,36C0E6570882DB8F,classic_bike,2021-08-03 07:42:31,2021-08-03 07:52:24,E 16 St & 5 Ave,6022,E 48 St & 3 Ave,6541,40.73726186,-73.99238967,40.7546011026,-73.971878855,member
2709479,2ACC4E1D313FDA84,electric_bike,2021-08-27 13:00:13,2021-08-27 13:17:39,E 16 St & 5 Ave,6022,E 48 St & 3 Ave,6541,40.73726186,-73.99238967,40.7546011026,-73.971878855,member
2709480,0FEDD21A2D73EDBB,classic_bike,2021-08-31 16:28:24,2021-08-31 16:41:39,E 16 St & 5 Ave,6022,E 48 St & 3 Ave,6541,40.73726186,-73.99238967,40.7546011026,-73.971878855,member
2709552,53BE3A8F3DA1B6D8,electric_bike,2021-08-14 12:45:11,2021-08-14 13:06:27,Norfolk St & Broome St,5374,E 48 St & 3 Ave,6541,40.7172274,-73.98802084,40.7546011026,-73.971878855,casual
2709577,7DCAD0FBB8DC668E,classic_bike,2021-08-17 09:14:05,2021-08-17 09:28:59,Avenue C & E 18 St,5769,E 48 St & 3 Ave,6541,40.730563,-73.973984,40.7546011026,-73.971878855,member
2709607,D2B5D86CCE03C1C2,electric_bike,2021-08-29 13:37:47,2021-08-29 13:57:16,Stanton St & Norfolk St,5445,E 48 St & 3 Ave,6541,40.720747,-73.986274,40.7546011026,-73.971878855,casual
2709712,2A87F46715E42477,classic_bike,2021-08-18 08:49:14,2021-08-18 09:07:06,W 89 St & Columbus Ave,7432,E 48 St & 3 Ave,6541,40.7882213,-73.97041561,40.7546011026,-73.971878855,member
2709733,CE0A2D681FCE0209,classic_bike,2021-08-04 09:08:21,2021-08-04 09:31:09,W 89 St & Columbus Ave,7432,E 48 St & 3 Ave,6541,40.7882213,-73.97041561,40.7546011026,-73.971878855,member
2709865,DB1EE8F879328F3E,classic_bike,2021-08-24 17:19:26,2021-08-24 17:34:11,E 16 St & 5 Ave,6022,E 48 St & 3 Ave,6541,40.73726186,-73.99238967,40.7546011026,-73.971878855,member
2709877,0D449B915C1A10A7,classic_bike,2021-08-06 08:14:54,2021-08-06 08:38:32,W 89 St & Columbus Ave,7432,E 48 St & 3 Ave,6541,40.7882213,-73.97041561,40.7546011026,-73.971878855,member
2709956,0257F1CC4FFD89BC,electric_bike,2021-08-24 14:34:30,2021-08-24 14:44:41,E 16 St & 5 Ave,6022,E 48 St & 3 Ave,6541,40.73726186,-73.99238967,40.7546011026,-73.971878855,member
2709962,F2BC8B3182B80C29,classic_bike,2021-08-04 08:08:44,2021-08-04 08:33:45,W 89 St & Columbus Ave,7432,E 48 St & 3 Ave,6541,40.7882213,-73.97041561,40.7546011026,-73.971878855,member
2709978,B326B7AC3FDE9D0A,classic_bike,2021-08-27 16:02:55,2021-08-27 16:16:49,E 32 St & Park Ave,6280,E 48 St & 3 Ave,6541,40.7457121,-73.98194829,40.7546011026,-73.971878855,member
2710020,D73DCDCC4075E73B,electric_bike,2021-08-20 00:59:50,2021-08-20 01:08:35,W 67 St & Broadway,7116,E 48 St & 3 Ave,6541,40.77492513,-73.98266566,40.7546011026,-73.971878855,casual
2710071,D8C000DDE6E29545,electric_bike,2021-08-25 02:22:32,2021-08-25 02:29:58,Central Park West & W 68 St,7079,E 48 St & 3 Ave,6541,40.7734066,-73.97782542,40.7546011026,-73.971878855,casual
2710079,1847B7573C9EBFFD,electric_bike,2021-08-24 18:05:20,2021-08-24 18:33:13,Central Park West & W 68 St,7079,E 48 St & 3 Ave,6541,40.7734066,-73.97782542,40.7546011026,-73.971878855,casual
2710096,5CAC4407B400712C,classic_bike,2021-08-29 16:49:47,2021-08-29 17:04:33,Central Park West & W 68 St,7079,E 48 St & 3 Ave,6541,40.7734066,-73.97782542,40.7546011026,-73.971878855,casual
2710143,6685D29B03DE7C60,electric_bike,2021-08-25 21:09:15,2021-08-25 21:15:25,E 32 St & Park Ave,6280,E 48 St & 3 Ave,6541,40.7457121,-73.98194829,40.7546011026,-73.971878855,member
2710144,E28C7A4850C58330,electric_bike,2021-08-25 07:17:20,2021-08-25 07:26:06,W 53 St & 10 Ave,6890,E 48 St & 3 Ave,6541,40.76669671,-73.99061728,40.7546011026,-73.971878855,member
2710152,B2D3B7127E679B7E,classic_bike,2021-08-29 16:49:55,2021-08-29 17:04:36,Central Park West & W 68 St,7079,E 48 St & 3 Ave,6541,40.7734066,-73.97782542,40.7546011026,-73.971878855,casual
2710159,17C09AB8893DAB51,classic_bike,2021-08-21 03:20:13,2021-08-21 03:31:58,E 32 St & Park Ave,6280,E 48 St & 3 Ave,6541,40.7457121,-73.98194829,40.7546011026,-73.971878855,member
2710187,D04F0CB706F1FD33,electric_bike,2021-08-10 08:48:07,2021-08-10 08:58:30,W 53 St & 10 Ave,6890,E 48 St & 3 Ave,6541,40.76669671,-73.99061728,40.7546011026,-73.971878855,member
2710193,70625A34F78FD14A,classic_bike,2021-08-13 14:40:02,2021-08-13 14:51:18,E 32 St & Park Ave,6280,E 48 St & 3 Ave,6541,40.7457121,-73.98194829,40.7546011026,-73.971878855,member
2710227,CC1535DACB088799,electric_bike,2021-08-25 07:57:53,2021-08-25 08:10:44,W 53 St & 10 Ave,6890,E 48 St & 3 Ave,6541,40.76669671,-73.99061728,40.7546011026,-73.971878855,casual
2710250,3419807D48B283C6,classic_bike,2021-08-12 07:04:51,2021-08-12 07:15:10,W 53 St & 10 Ave,6890,E 48 St & 3 Ave,6541,40.76669671,-73.99061728,40.7546011026,-73.971878855,member
2710251,DCAF8A79748AE249,electric_bike,2021-08-19 10:02:21,2021-08-19 10:10:29,W 53 St & 10 Ave,6890,E 48 St & 3 Ave,6541,40.76669671,-73.99061728,40.7546011026,-73.971878855,member
2710255,48A38B7E6AC7E869,electric_bike,2021-08-28 16:31:50,2021-08-28 16:49:21,E 32 St & Park Ave,6280,E 48 St & 3 Ave,6541,40.7457121,-73.98194829,40.7546011026,-73.971878855,member
2710288,244D399937FC88F9,classic_bike,2021-08-19 09:54:39,2021-08-19 10:06:23,8 Ave & W 38 St,6526,E 48 St & 3 Ave,6541,40.75461,-73.99177,40.7546011026,-73.971878855,member
2710310,EEC5FFB618926CF3,electric_bike,2021-08-02 22:37:46,2021-08-02 22:47:44,W 53 St & 10 Ave,6890,E 48 St & 3 Ave,6541,40.76669671,-73.99061728,40.7546011026,-73.971878855,casual
2710322,A84EA9AED481A6E7,classic_bike,2021-08-28 09:33:40,2021-08-28 09:48:20,8 Ave & W 38 St,6526,E 48 St & 3 Ave,6541,40.75461,-73.99177,40.7546011026,-73.971878855,casual
2710361,9C685D22DFB6EC2E,classic_bike,2021-08-10 23:53:51,2021-08-11 00:04:56,8 Ave & W 38 St,6526,E 48 St & 3 Ave,6541,40.75461,-73.99177,40.7546011026,-73.971878855,member
2710363,A9644F4E22D0029D,electric_bike,2021-08-13 08:42:07,2021-08-13 08:53:35,8 Ave & W 38 St,6526,E 48 St & 3 Ave,6541,40.75461,-73.99177,40.7546011026,-73.971878855,casual
2710372,F8D1DEE472A2CCA3,classic_bike,2021-08-20 09:56:02,2021-08-20 10:12:31,8 Ave & W 38 St,6526,E 48 St & 3 Ave,6541,40.75461,-73.99177,40.7546011026,-73.971878855,casual
2710374,D264679E5AFE16FB,classic_bike,2021-08-17 18:16:54,2021-08-17 18:29:14,8 Ave & W 38 St,6526,E 48 St & 3 Ave,6541,40.75461,-73.99177,40.7546011026,-73.971878855,casual
2710377,6E59FC6CC6370044,electric_bike,2021-08-15 20:01:38,2021-08-15 20:17:43,8 Ave & W 38 St,6526,E 48 St & 3 Ave,6541,40.75461,-73.99177,40.7546011026,-73.971878855,casual
2710379,78755829145040E6,classic_bike,2021-08-13 21:22:41,2021-08-13 21:36:52,8 Ave & W 38 St,6526,E 48 St & 3 Ave,6541,40.75461,-73.99177,40.7546011026,-73.971878855,casual
2710384,50F9E8D9D31FF334,classic_bike,2021-08-06 10:27:25,2021-08-06 10:36:04,W 46 St & 11 Ave,6795,E 48 St & 3 Ave,6541,40.76341379,-73.99667444,40.7546011026,-73.971878855,member
2710385,CA0FBB54443B0BD9,electric_bike,2021-08-16 10:29:48,2021-08-16 10:37:34,W 46 St & 11 Ave,6795,E 48 St & 3 Ave,6541,40.76341379,-73.99667444,40.7546011026,-73.971878855,member
2710390,FE90DEF614F6C867,classic_bike,2021-08-07 18:08:39,2021-08-07 18:27:54,5 Ave & E 93 St,7372,E 48 St & 3 Ave,6541,40.7857851,-73.957481,40.7546011026,-73.971878855,member
2710419,2F39C615BCA8B06D,classic_bike,2021-08-30 20:11:10,2021-08-30 20:27:33,5 Ave & E 93 St,7372,E 48 St & 3 Ave,6541,40.7857851,-73.957481,40.7546011026,-73.971878855,member
2710420,CE8AD090AD1E1E12,classic_bike,2021-08-31 16:31:15,2021-08-31 16:45:50,5 Ave & E 93 St,7372,E 48 St & 3 Ave,6541,40.7857851,-73.957481,40.7546011026,-73.971878855,member
2710441,0345050E19DDAAF5,classic_bike,2021-08-15 14:08:12,2021-08-15 14:20:57,W 46 St & 11 Ave,6795,E 48 St & 3 Ave,6541,40.76341379,-73.99667444,40.7546011026,-73.971878855,casual
2710444,279F880A48413EDC,electric_bike,2021-08-04 08:18:04,2021-08-04 08:31:23,Greenwich Ave & Charles St,5914,E 48 St & 3 Ave,6541,40.735238,-74.000271,40.7546011026,-73.971878855,member
2710451,FF849E27A8061EC9,classic_bike,2021-08-04 08:17:45,2021-08-04 08:29:58,W 25 St & 6 Ave,6215,E 48 St & 3 Ave,6541,40.74395411,-73.99144871,40.7546011026,-73.971878855,member
2710452,767A1F15478CE5AE,classic_bike,2021-08-25 09:11:07,2021-08-25 09:22:36,W 25 St & 6 Ave,6215,E 48 St & 3 Ave,6541,40.74395411,-73.99144871,40.7546011026,-73.971878855,member
2710453,8159642A66EC74A7,classic_bike,2021-08-23 08:27:07,2021-08-23 08:40:57,W 25 St & 6 Ave,6215,E 48 St & 3 Ave,6541,40.74395411,-73.99144871,40.7546011026,-73.971878855,member
2710460,ED7ABAE9CE8CA863,electric_bike,2021-08-09 19:00:03,2021-08-09 19:11:37,5 Ave & E 93 St,7372,E 48 St & 3 Ave,6541,40.7857851,-73.957481,40.7546011026,-73.971878855,member
2710496,B684D0E83CD9250B,classic_bike,2021-08-25 08:14:26,2021-08-25 08:25:19,8 Ave & W 33 St,6450,E 48 St & 3 Ave,6541,40.751551,-73.993934,40.7546011026,-73.971878855,casual
2710502,5F27237340420F7E,electric_bike,2021-08-30 15:52:42,2021-08-30 16:01:39,8 Ave & W 33 St,6450,E 48 St & 3 Ave,6541,40.751551,-73.993934,40.7546011026,-73.971878855,member
2710504,0C8F0155B6601096,classic_bike,2021-08-01 01:16:24,2021-08-01 01:40:31,Thompson St & Bleecker St,5721,E 48 St & 3 Ave,6541,40.72840059450829,-73.99968780577183,40.7546011026,-73.971878855,member
2710507,54BD4B30F1E0B60A,classic_bike,2021-08-19 01:25:43,2021-08-19 01:41:10,8 Ave & W 33 St,6450,E 48 St & 3 Ave,6541,40.751551,-73.993934,40.7546011026,-73.971878855,casual
2710527,A0E7FD25D6E744AA,classic_bike,2021-08-19 17:24:06,2021-08-19 17:42:52,5 Ave & E 93 St,7372,E 48 St & 3 Ave,6541,40.7857851,-73.957481,40.7546011026,-73.971878855,member
2710528,13C6E14259B336A6,electric_bike,2021-08-28 19:55:44,2021-08-28 20:06:24,W 25 St & 6 Ave,6215,E 48 St & 3 Ave,6541,40.74395411,-73.99144871,40.7546011026,-73.971878855,member
2710529,2AA05DB0F80DF780,electric_bike,2021-08-12 09:59:11,2021-08-12 10:07:31,W 46 St & 11 Ave,6795,E 48 St & 3 Ave,6541,40.76341379,-73.99667444,40.7546011026,-73.971878855,member
2710530,A6A4658FF8DD162B,classic_bike,2021-08-17 09:05:58,2021-08-17 09:17:56,W 25 St & 6 Ave,6215,E 48 St & 3 Ave,6541,40.74395411,-73.99144871,40.7546011026,-73.971878855,member
2710543,F781DADDB79A2552,electric_bike,2021-08-02 09:01:23,2021-08-02 09:13:48,8 Ave & W 33 St,6450,E 48 St & 3 Ave,6541,40.751551,-73.993934,40.7546011026,-73.971878855,member
2710551,7868DB2579F109D8,classic_bike,2021-08-30 17:53:42,2021-08-30 18:06:52,8 Ave & W 33 St,6450,E 48 St & 3 Ave,6541,40.751551,-73.993934,40.7546011026,-73.971878855,member
2710574,27789867C3C373C0,classic_bike,2021-08-31 22:47:14,2021-08-31 23:09:49,E 48 St & 3 Ave,6541,University Pl & E 8 St,5755,40.7546011026,-73.971878855,40.73143724085228,-73.99490341544151,casual
2710583,BC4C608104D4AF7D,classic_bike,2021-08-11 18:01:22,2021-08-11 18:14:19,8 Ave & W 33 St,6450,E 48 St & 3 Ave,6541,40.751551,-73.993934,40.7546011026,-73.971878855,member
2710619,74EA01D5DCE27224,classic_bike,2021-08-03 21:34:05,2021-08-03 21:51:34,E 2 St & Avenue A,5553,E 48 St & 3 Ave,6541,40.72307749068673,-73.98583620786667,40.7546011026,-73.971878855,casual
2710620,E74B6D201A5E33F5,classic_bike,2021-08-24 06:25:51,2021-08-24 06:42:38,E 14 St & Avenue B,5736,E 48 St & 3 Ave,6541,40.72938685,-73.97772429,40.7546011026,-73.971878855,member
2710625,A051854F33A5A2ED,classic_bike,2021-08-27 06:38:52,2021-08-27 06:55:49,E 14 St & Avenue B,5736,E 48 St & 3 Ave,6541,40.72938685,-73.97772429,40.7546011026,-73.971878855,member
2710628,6448DC9A14C7CE2C,classic_bike,2021-08-02 07:52:44,2021-08-02 08:07:36,E 10 St & Avenue A,5659,E 48 St & 3 Ave,6541,40.72740794,-73.98142006,40.7546011026,-73.971878855,member
2710635,4811944649CEBED8,electric_bike,2021-08-31 09:39:29,2021-08-31 09:52:54,W 42 St & 8 Ave,6602,E 48 St & 3 Ave,6541,40.7575699,-73.99098507,40.7546011026,-73.971878855,casual
2710659,D4ACC980953CBF5F,classic_bike,2021-08-09 12:41:54,2021-08-09 13:37:33,8 Ave & W 33 St,6450,E 48 St & 3 Ave,6541,40.751551,-73.993934,40.7546011026,-73.971878855,member
2710675,91A002FD1B4BB07F,classic_bike,2021-08-13 21:22:45,2021-08-13 21:36:47,8 Ave & W 38 St,6526,E 48 St & 3 Ave,6541,40.75461,-73.99177,40.7546011026,-73.971878855,casual
2710682,FE463CE03CE1AA65,classic_bike,2021-08-29 12:44:03,2021-08-29 13:21:20,Pearl St & Peck Slip,5096,E 48 St & 3 Ave,6541,40.708485,-74.002751,40.7546011026,-73.971878855,member
2710729,ABC47BE662E66F99,classic_bike,2021-08-16 12:22:43,2021-08-16 12:41:05,St Marks Pl & 2 Ave,5669,E 48 St & 3 Ave,6541,40.7284186,-73.98713956,40.7546011026,-73.971878855,member
2710782,A876FA95DCEF1794,classic_bike,2021-08-18 08:27:47,2021-08-18 08:38:02,Lexington Ave & E 24 St,6089,E 48 St & 3 Ave,6541,40.74025878,-73.98409214,40.7546011026,-73.971878855,member
2710788,277630A73E5EF2F8,electric_bike,2021-08-11 17:59:47,2021-08-11 18:10:33,West End Ave & W 60 St,7059,E 48 St & 3 Ave,6541,40.77237,-73.99005,40.7546011026,-73.971878855,casual
2710798,44F6C68C60967596,classic_bike,2021-08-26 08:10:21,2021-08-26 08:30:55,West End Ave & W 60 St,7059,E 48 St & 3 Ave,6541,40.77237,-73.99005,40.7546011026,-73.971878855,member
2710814,34D957BC0D9FECE0,classic_bike,2021-08-11 09:00:22,2021-08-11 09:19:07,West End Ave & W 60 St,7059,E 48 St & 3 Ave,6541,40.77237,-73.99005,40.7546011026,-73.971878855,member
2710817,31434AB15053B76B,classic_bike,2021-08-23 13:34:13,2021-08-23 13:48:25,West End Ave & W 60 St,7059,E 48 St & 3 Ave,6541,40.77237,-73.99005,40.7546011026,-73.971878855,member
2710818,FDC2F2A1190A67B6,classic_bike,2021-08-02 06:28:09,2021-08-02 06:37:12,3 Ave & E 71 St,6960,E 48 St & 3 Ave,6541,40.76873687,-73.96119945,40.7546011026,-73.971878855,member
2710819,7FA9504C5A980ECC,electric_bike,2021-08-26 14:00:14,2021-08-26 14:13:10,W 24 St & 7 Ave,6257,E 48 St & 3 Ave,6541,40.74487634,-73.99529885,40.7546011026,-73.971878855,member
2710837,170526BD59CA1AD2,classic_bike,2021-08-21 17:05:04,2021-08-21 17:17:45,E 58 St & Madison Ave,6839,E 48 St & 3 Ave,6541,40.76302594280519,-73.97209525108337,40.7546011026,-73.971878855,casual
2710878,C56E579716BE8332,classic_bike,2021-08-03 05:30:38,2021-08-03 05:40:27,W 42 St & 8 Ave,6602,E 48 St & 3 Ave,6541,40.7575699,-73.99098507,40.7546011026,-73.971878855,member
2710908,B1C0021BA27C72A4,classic_bike,2021-08-10 08:34:36,2021-08-10 08:46:11,W 42 St & 8 Ave,6602,E 48 St & 3 Ave,6541,40.7575699,-73.99098507,40.7546011026,-73.971878855,casual
2710916,77111DC810E5F84B,electric_bike,2021-08-26 10:04:05,2021-08-26 10:23:57,King St & Varick St,5687,E 48 St & 3 Ave,6541,40.72789701409023,-74.00536268949507,40.7546011026,-73.971878855,member
2710921,FE753005B18B4903,classic_bike,2021-08-17 08:49:36,2021-08-17 08:59:07,7 Ave & Central Park South,6912,E 48 St & 3 Ave,6541,40.7667405590595,-73.9790689945221,40.7546011026,-73.971878855,member
2710924,2B1303B5118FB090,classic_bike,2021-08-06 07:44:24,2021-08-06 07:59:27,E 10 St & Avenue A,5659,E 48 St & 3 Ave,6541,40.72740794,-73.98142006,40.7546011026,-73.971878855,member
2710926,DB639D697BFB14BD,classic_bike,2021-08-17 05:59:22,2021-08-17 06:07:24,W 42 St & 8 Ave,6602,E 48 St & 3 Ave,6541,40.7575699,-73.99098507,40.7546011026,-73.971878855,member
2710966,73244538835FAFE5,classic_bike,2021-08-03 07:08:55,2021-08-03 07:22:38,E 10 St & Avenue A,5659,E 48 St & 3 Ave,6541,40.72740794,-73.98142006,40.7546011026,-73.971878855,member
2710968,18CBF3BCF7B0F8EB,classic_bike,2021-08-17 09:14:21,2021-08-17 09:35:13,E 2 St & Avenue A,5553,E 48 St & 3 Ave,6541,40.72307749068673,-73.98583620786667,40.7546011026,-73.971878855,member
2711023,6D18184DD98A2FE2,electric_bike,2021-08-25 01:58:37,2021-08-25 02:20:06,E 10 St & Avenue A,5659,E 48 St & 3 Ave,6541,40.72740794,-73.98142006,40.7546011026,-73.971878855,casual
2711046,2B872C86734DCE7C,classic_bike,2021-08-13 05:33:52,2021-08-13 05:43:00,W 42 St & 8 Ave,6602,E 48 St & 3 Ave,6541,40.7575699,-73.99098507,40.7546011026,-73.971878855,member
2711057,865FFE4942086347,classic_bike,2021-08-13 07:48:43,2021-08-13 08:04:35,E 10 St & Avenue A,5659,E 48 St & 3 Ave,6541,40.72740794,-73.98142006,40.7546011026,-73.971878855,member
2711058,8F9FB1CBFFEF3DB5,classic_bike,2021-08-17 07:41:05,2021-08-17 07:55:37,E 10 St & Avenue A,5659,E 48 St & 3 Ave,6541,40.72740794,-73.98142006,40.7546011026,-73.971878855,member
2711079,569BF58C80282A29,electric_bike,2021-08-21 09:57:35,2021-08-21 10:05:08,W 42 St & 8 Ave,6602,E 48 St & 3 Ave,6541,40.7575699,-73.99098507,40.7546011026,-73.971878855,member
2711088,23A81652170C3784,classic_bike,2021-08-30 07:57:42,2021-08-30 08:11:32,E 10 St & Avenue A,5659,E 48 St & 3 Ave,6541,40.72740794,-73.98142006,40.7546011026,-73.971878855,member
2711096,4F7ECDBE243B5EB1,classic_bike,2021-08-06 22:32:45,2021-08-06 22:54:45,E 6 St & Avenue D,5506,E 48 St & 3 Ave,6541,40.72228087,-73.97668709,40.7546011026,-73.971878855,member
2711111,A917D088B3DAF526,electric_bike,2021-08-26 10:31:16,2021-08-26 10:41:08,W 42 St & 8 Ave,6602,E 48 St & 3 Ave,6541,40.7575699,-73.99098507,40.7546011026,-73.971878855,member
2711157,7F8B4976670BAEDA,classic_bike,2021-08-18 06:07:35,2021-08-18 06:14:59,W 42 St & 8 Ave,6602,E 48 St & 3 Ave,6541,40.7575699,-73.99098507,40.7546011026,-73.971878855,member
2711201,F74F64FE0F860A0F,classic_bike,2021-08-10 06:02:44,2021-08-10 06:10:15,W 42 St & 8 Ave,6602,E 48 St & 3 Ave,6541,40.7575699,-73.99098507,40.7546011026,-73.971878855,member
2711209,A2CF723DE2B573DB,classic_bike,2021-08-12 07:34:08,2021-08-12 07:48:07,E 10 St & Avenue A,5659,E 48 St & 3 Ave,6541,40.72740794,-73.98142006,40.7546011026,-73.971878855,member
2711288,5539E3736036834F,classic_bike,2021-08-02 14:30:36,2021-08-02 15:20:12,Broadway & Battery Pl,4962,E 48 St & 3 Ave,6541,40.70463334,-74.01361706,40.7546011026,-73.971878855,casual
2711302,A2ABC7772751366F,electric_bike,2021-08-03 21:19:28,2021-08-03 21:31:54,St Marks Pl & 1 Ave,5626,E 48 St & 3 Ave,6541,40.72779126,-73.98564945,40.7546011026,-73.971878855,casual
2711336,BDD8C92D6BAE9DEB,electric_bike,2021-08-02 07:40:25,2021-08-02 07:55:28,St Marks Pl & 1 Ave,5626,E 48 St & 3 Ave,6541,40.72779126,-73.98564945,40.7546011026,-73.971878855,casual
2711352,8CCB59ED56EE7B43,classic_bike,2021-08-31 17:50:09,2021-08-31 18:26:17,Hudson St & W 13 St,6115,E 48 St & 3 Ave,6541,40.74005708567285,-74.0052741765976,40.7546011026,-73.971878855,member
2711363,994BAB3378C6958D,classic_bike,2021-08-30 08:44:27,2021-08-30 08:52:27,Broadway & W 51 St,6779,E 48 St & 3 Ave,6541,40.76228826,-73.98336183,40.7546011026,-73.971878855,member
2711366,7854F1B2F0B7B5DE,classic_bike,2021-08-20 18:12:14,2021-08-20 18:19:35,E 31 St & 3 Ave,6239,E 48 St & 3 Ave,6541,40.74394314,-73.97966069,40.7546011026,-73.971878855,member
2711369,ACA1F0EA5956791D,classic_bike,2021-08-19 11:15:19,2021-08-19 11:22:19,Broadway & W 51 St,6779,E 48 St & 3 Ave,6541,40.76228826,-73.98336183,40.7546011026,-73.971878855,member
2711371,15770E4054B31DB5,electric_bike,2021-08-01 16:34:42,2021-08-01 16:40:01,Broadway & W 51 St,6779,E 48 St & 3 Ave,6541,40.76228826,-73.98336183,40.7546011026,-73.971878855,member
2711411,2E868EDD64041190,classic_bike,2021-08-23 08:13:47,2021-08-23 08:21:18,Broadway & W 51 St,6779,E 48 St & 3 Ave,6541,40.76228826,-73.98336183,40.7546011026,-73.971878855,member
2711413,E3FD26E341DCD52A,classic_bike,2021-08-28 16:41:31,2021-08-28 17:00:08,Great Jones St,5636,E 48 St & 3 Ave,6541,40.72743423,-73.99379025,40.7546011026,-73.971878855,member
2711416,2ACD51D69D2B9599,classic_bike,2021-08-19 08:39:45,2021-08-19 08:45:32,Broadway & W 51 St,6779,E 48 St & 3 Ave,6541,40.76228826,-73.98336183,40.7546011026,-73.971878855,member
2711418,FCBBA9914A9EBDAC,electric_bike,2021-08-01 06:25:20,2021-08-01 06:30:12,Broadway & W 51 St,6779,E 48 St & 3 Ave,6541,40.76228826,-73.98336183,40.7546011026,-73.971878855,casual
2711440,EE6B01564434A202,classic_bike,2021-08-02 08:33:48,2021-08-02 08:39:07,Broadway & W 51 St,6779,E 48 St & 3 Ave,6541,40.76228826,-73.98336183,40.7546011026,-73.971878855,member
2711441,36BBA35418AFB79A,classic_bike,2021-08-09 08:54:23,2021-08-09 09:00:33,Broadway & W 51 St,6779,E 48 St & 3 Ave,6541,40.76228826,-73.98336183,40.7546011026,-73.971878855,member
2711446,6146709D0626225F,classic_bike,2021-08-05 08:40:57,2021-08-05 08:46:49,Broadway & W 51 St,6779,E 48 St & 3 Ave,6541,40.76228826,-73.98336183,40.7546011026,-73.971878855,member
2711451,3140F8FD667B3B63,classic_bike,2021-08-03 18:34:24,2021-08-03 18:41:11,Broadway & W 51 St,6779,E 48 St & 3 Ave,6541,40.76228826,-73.98336183,40.7546011026,-73.971878855,casual
2711457,1EDB9ECECD947DAB,electric_bike,2021-08-27 13:40:17,2021-08-27 13:45:45,E 31 St & 3 Ave,6239,E 48 St & 3 Ave,6541,40.74394314,-73.97966069,40.7546011026,-73.971878855,casual
2711476,ECE9E5D781C0B9A4,classic_bike,2021-08-30 09:29:42,2021-08-30 09:57:10,W 110 St & Amsterdam Ave,7646,E 48 St & 3 Ave,6541,40.802692,-73.96295,40.7546011026,-73.971878855,member
2711486,62F0CFD8CD9D9B1D,electric_bike,2021-08-24 15:21:28,2021-08-24 15:27:22,E 31 St & 3 Ave,6239,E 48 St & 3 Ave,6541,40.74394314,-73.97966069,40.7546011026,-73.971878855,member
2711487,7F48574795553B4B,electric_bike,2021-08-20 12:17:19,2021-08-20 12:24:13,E 31 St & 3 Ave,6239,E 48 St & 3 Ave,6541,40.74394314,-73.97966069,40.7546011026,-73.971878855,member
2711496,EB1C0C3B99D231D4,classic_bike,2021-08-02 19:22:24,2021-08-02 19:31:55,E 31 St & 3 Ave,6239,E 48 St & 3 Ave,6541,40.74394314,-73.97966069,40.7546011026,-73.971878855,member
2711521,D5C16319AAB79142,classic_bike,2021-08-18 08:30:28,2021-08-18 08:57:14,Center Blvd & 48 Ave,6254,E 48 St & 3 Ave,6541,40.745038,-73.957539,40.7546011026,-73.971878855,member
2711564,45630471AF0ACD14,electric_bike,2021-08-03 15:26:27,2021-08-03 16:31:54,West St & Chambers St,5329,E 48 St & 3 Ave,6541,40.71754834,-74.01322069,40.7546011026,-73.971878855,casual
2711580,7C233381758B140A,classic_bike,2021-08-24 10:41:31,2021-08-24 10:49:26,E 31 St & 3 Ave,6239,E 48 St & 3 Ave,6541,40.74394314,-73.97966069,40.7546011026,-73.971878855,member
2711586,2878CC6690D28EA9,electric_bike,2021-08-25 12:59:26,2021-08-25 13:09:33,W 35 St & Dyer Ave,6569,E 48 St & 3 Ave,6541,40.754691750226016,-73.99740189313889,40.7546011026,-73.971878855,member
2711591,20B1DCCFFD035A68,classic_bike,2021-08-21 12:05:29,2021-08-21 12:14:38,E 31 St & 3 Ave,6239,E 48 St & 3 Ave,6541,40.74394314,-73.97966069,40.7546011026,-73.971878855,member
2711597,D31F5B9995325CAB,classic_bike,2021-08-20 08:42:04,2021-08-20 08:48:23,Broadway & W 51 St,6779,E 48 St & 3 Ave,6541,40.76228826,-73.98336183,40.7546011026,-73.971878855,member
2711642,466A5DC641D67111,electric_bike,2021-08-03 22:29:00,2021-08-03 22:45:29,E 10 St & Avenue A,5659,E 48 St & 3 Ave,6541,40.72740794,-73.98142006,40.7546011026,-73.971878855,member
2711665,892D31C7401852BA,classic_bike,2021-08-25 21:48:19,2021-08-25 22:08:05,E 6 St & Avenue D,5506,E 48 St & 3 Ave,6541,40.72228087,-73.97668709,40.7546011026,-73.971878855,member
2711679,36AD94EBA6D0087E,classic_bike,2021-08-19 18:22:53,2021-08-19 18:47:13,27 St & Hunter St,6310,E 48 St & 3 Ave,6541,40.7485,-73.941275,40.7546011026,-73.971878855,member
2711692,1632D2B759910F2F,classic_bike,2021-08-15 10:14:43,2021-08-15 10:36:41,E 6 St & Avenue B,5584,E 48 St & 3 Ave,6541,40.72453734,-73.98185424,40.7546011026,-73.971878855,casual
2711762,907AD0481A35A4D5,classic_bike,2021-08-13 08:42:55,2021-08-13 08:48:16,Broadway & W 51 St,6779,E 48 St & 3 Ave,6541,40.76228826,-73.98336183,40.7546011026,-73.971878855,member
2711767,BCF40A7321AB3AE2,classic_bike,2021-08-28 19:53:47,2021-08-28 20:36:08,4 Ave & E 12 St,5788,E 48 St & 3 Ave,6541,40.732647,-73.99011,40.7546011026,-73.971878855,member
2711780,8A96109E880BCA58,classic_bike,2021-08-13 10:28:55,2021-08-13 10:35:02,Broadway & W 51 St,6779,E 48 St & 3 Ave,6541,40.76228826,-73.98336183,40.7546011026,-73.971878855,member
2711781,1802E8A8AC674DDD,classic_bike,2021-08-11 09:57:19,2021-08-11 10:05:11,Broadway & W 51 St,6779,E 48 St & 3 Ave,6541,40.76228826,-73.98336183,40.7546011026,-73.971878855,member
2711784,A605D05ED740E6C0,classic_bike,2021-08-06 09:11:57,2021-08-06 09:18:10,Broadway & W 51 St,6779,E 48 St & 3 Ave,6541,40.76228826,-73.98336183,40.7546011026,-73.971878855,member
2711785,D54778C1946A85B9,classic_bike,2021-08-16 08:36:37,2021-08-16 08:42:05,Broadway & W 51 St,6779,E 48 St & 3 Ave,6541,40.76228826,-73.98336183,40.7546011026,-73.971878855,member
2711795,15A9766CCB88F5B6,classic_bike,2021-08-26 07:31:09,2021-08-26 07:44:51,E 10 St & Avenue A,5659,E 48 St & 3 Ave,6541,40.72740794,-73.98142006,40.7546011026,-73.971878855,member
2711800,A75CAB9BCE745CAD,classic_bike,2021-08-09 20:38:35,2021-08-09 20:56:29,E 2 St & Avenue A,5553,E 48 St & 3 Ave,6541,40.72307749068673,-73.98583620786667,40.7546011026,-73.971878855,member
2711815,8CCB5A79EDFB2677,classic_bike,2021-08-26 14:38:47,2021-08-26 14:49:42,W 42 St & 8 Ave,6602,E 48 St & 3 Ave,6541,40.7575699,-73.99098507,40.7546011026,-73.971878855,member
2711817,37DB01355E11E8E8,classic_bike,2021-08-19 09:59:12,2021-08-19 10:15:32,E 10 St & Avenue A,5659,E 48 St & 3 Ave,6541,40.72740794,-73.98142006,40.7546011026,-73.971878855,member
2711870,D532EEA085C27205,classic_bike,2021-08-15 17:54:20,2021-08-15 18:14:15,W 84 St & Broadway,7409,E 48 St & 3 Ave,6541,40.7867947,-73.977112,40.7546011026,-73.971878855,member
2711897,C100D1BC4E6E551E,electric_bike,2021-08-18 08:09:58,2021-08-18 08:33:04,W 84 St & Broadway,7409,E 48 St & 3 Ave,6541,40.7867947,-73.977112,40.7546011026,-73.971878855,member
2711898,4DE7283AD3D904C4,electric_bike,2021-08-10 08:18:01,2021-08-10 08:36:07,W 84 St & Broadway,7409,E 48 St & 3 Ave,6541,40.7867947,-73.977112,40.7546011026,-73.971878855,member
2711904,77ADFA43FF067B8A,classic_bike,2021-08-04 08:23:29,2021-08-04 08:47:17,W 84 St & Broadway,7409,E 48 St & 3 Ave,6541,40.7867947,-73.977112,40.7546011026,-73.971878855,member
2711930,0562A09B2B9549D0,classic_bike,2021-08-29 18:03:47,2021-08-29 18:29:03,4 Ave & E 12 St,5788,E 48 St & 3 Ave,6541,40.732647,-73.99011,40.7546011026,-73.971878855,member
2711960,2045D209DBE93E34,classic_bike,2021-08-03 08:20:27,2021-08-03 08:39:08,W 84 St & Broadway,7409,E 48 St & 3 Ave,6541,40.7867947,-73.977112,40.7546011026,-73.971878855,member
2711963,34A55FE99B8471B3,classic_bike,2021-08-31 17:36:11,2021-08-31 17:44:44,6 Ave & W 33 St,6364,E 48 St & 3 Ave,6541,40.74901271,-73.98848395,40.7546011026,-73.971878855,member
2711973,F2644972015BDCD4,classic_bike,2021-08-03 08:16:24,2021-08-03 08:41:27,W 84 St & Broadway,7409,E 48 St & 3 Ave,6541,40.7867947,-73.977112,40.7546011026,-73.971878855,member
2712006,04603753951C40CB,classic_bike,2021-08-07 15:20:22,2021-08-07 15:32:41,8 Ave & W 33 St,6450,E 48 St & 3 Ave,6541,40.751551,-73.993934,40.7546011026,-73.971878855,member
2712029,774866E9A7F59B16,classic_bike,2021-08-20 06:26:20,2021-08-20 06:41:31,W 70 St & Amsterdam Ave,7207,E 48 St & 3 Ave,6541,40.77748046,-73.98288594,40.7546011026,-73.971878855,member
2712040,093D8826945BF503,classic_bike,2021-08-27 09:30:45,2021-08-27 09:43:37,W 70 St & Amsterdam Ave,7207,E 48 St & 3 Ave,6541,40.77748046,-73.98288594,40.7546011026,-73.971878855,member
2712053,CFD28AA9509D2B24,electric_bike,2021-08-20 16:52:55,2021-08-20 17:16:05,5 Ave & E 93 St,7372,E 48 St & 3 Ave,6541,40.7857851,-73.957481,40.7546011026,-73.971878855,member
2712075,91DA50BAA7BA3D03,classic_bike,2021-08-24 07:31:47,2021-08-24 07:43:30,W 70 St & Amsterdam Ave,7207,E 48 St & 3 Ave,6541,40.77748046,-73.98288594,40.7546011026,-73.971878855,casual
2712126,56389358594AAA69,classic_bike,2021-08-16 07:58:31,2021-08-16 08:10:46,6 Ave & W 33 St,6364,E 48 St & 3 Ave,6541,40.74901271,-73.98848395,40.7546011026,-73.971878855,member
2712133,B45D76C31B009556,classic_bike,2021-08-24 17:59:59,2021-08-24 18:09:03,6 Ave & W 33 St,6364,E 48 St & 3 Ave,6541,40.74901271,-73.98848395,40.7546011026,-73.971878855,member
2712142,55206BB2AEF3E2D8,classic_bike,2021-08-20 06:18:06,2021-08-20 06:28:49,6 Ave & W 33 St,6364,E 48 St & 3 Ave,6541,40.74901271,-73.98848395,40.7546011026,-73.971878855,member
2712165,9636EAA4C69B3B5A,classic_bike,2021-08-25 00:48:42,2021-08-25 00:59:47,1 Ave & E 62 St,6753,E 48 St & 3 Ave,6541,40.7612274,-73.96094022,40.7546011026,-73.971878855,member
2712177,0FCBA05485030392,classic_bike,2021-08-21 14:43:46,2021-08-21 14:58:27,E 82 St & East End Ave,7049,E 48 St & 3 Ave,6541,40.7724607,-73.9468208,40.7546011026,-73.971878855,member
2712178,32A7E4F68327B827,classic_bike,2021-08-05 14:46:46,2021-08-05 15:01:04,6 Ave & W 33 St,6364,E 48 St & 3 Ave,6541,40.74901271,-73.98848395,40.7546011026,-73.971878855,member
2712190,986F283195779B7A,electric_bike,2021-08-14 13:57:12,2021-08-14 14:22:53,Cathedral Pkwy & Broadway,7680,E 48 St & 3 Ave,6541,40.804213,-73.96699104,40.7546011026,-73.971878855,member
2712196,72532D58A57F3CB1,classic_bike,2021-08-03 06:56:51,2021-08-03 07:02:17,1 Ave & E 62 St,6753,E 48 St & 3 Ave,6541,40.7612274,-73.96094022,40.7546011026,-73.971878855,casual
2712200,C8AFA785581ADBFB,classic_bike,2021-08-31 06:23:28,2021-08-31 06:37:17,Amsterdam Ave & W 73 St,7260,E 48 St & 3 Ave,6541,40.77966809007312,-73.98093044757842,40.7546011026,-73.971878855,member
2712207,58B95C05265514E5,classic_bike,2021-08-03 11:47:28,2021-08-03 11:54:48,1 Ave & E 62 St,6753,E 48 St & 3 Ave,6541,40.7612274,-73.96094022,40.7546011026,-73.971878855,member
2712221,22803A7951C964AB,electric_bike,2021-08-05 07:05:10,2021-08-05 07:09:37,1 Ave & E 62 St,6753,E 48 St & 3 Ave,6541,40.7612274,-73.96094022,40.7546011026,-73.971878855,casual
2712230,1D5E688F610DFE53,classic_bike,2021-08-02 07:09:02,2021-08-02 07:14:14,1 Ave & E 62 St,6753,E 48 St & 3 Ave,6541,40.7612274,-73.96094022,40.7546011026,-73.971878855,casual
2712264,7296C114A20168FB,classic_bike,2021-08-17 18:47:23,2021-08-17 18:56:19,1 Ave & E 62 St,6753,E 48 St & 3 Ave,6541,40.7612274,-73.96094022,40.7546011026,-73.971878855,member
2712277,859C3F3EDA911AB0,classic_bike,2021-08-05 08:20:45,2021-08-05 08:40:46,W 84 St & Broadway,7409,E 48 St & 3 Ave,6541,40.7867947,-73.977112,40.7546011026,-73.971878855,member
2712278,B8FD552B72E65D0A,classic_bike,2021-08-11 08:21:30,2021-08-11 08:40:40,W 84 St & Broadway,7409,E 48 St & 3 Ave,6541,40.7867947,-73.977112,40.7546011026,-73.971878855,member
2712291,427D1AC50EBC8B92,classic_bike,2021-08-27 13:54:42,2021-08-27 14:03:30,1 Ave & E 62 St,6753,E 48 St & 3 Ave,6541,40.7612274,-73.96094022,40.7546011026,-73.971878855,member
2712292,FDD67A8CD9BE9C04,classic_bike,2021-08-26 22:10:47,2021-08-26 22:17:48,1 Ave & E 62 St,6753,E 48 St & 3 Ave,6541,40.7612274,-73.96094022,40.7546011026,-73.971878855,member
2712311,805DA607F87351B9,classic_bike,2021-08-06 07:12:27,2021-08-06 07:18:27,1 Ave & E 62 St,6753,E 48 St & 3 Ave,6541,40.7612274,-73.96094022,40.7546011026,-73.971878855,casual
2712319,DBCA2F241A2649A3,electric_bike,2021-08-25 11:07:05,2021-08-25 11:12:46,1 Ave & E 62 St,6753,E 48 St & 3 Ave,6541,40.7612274,-73.96094022,40.7546011026,-73.971878855,member
2712332,39564D9ADF17971E,electric_bike,2021-08-13 07:21:51,2021-08-13 07:30:52,W 53 St & 10 Ave,6890,E 48 St & 3 Ave,6541,40.76669671,-73.99061728,40.7546011026,-73.971878855,member
2712406,619152F9D0848500,classic_bike,2021-08-02 08:29:25,2021-08-02 08:43:37,Central Park West & W 68 St,7079,E 48 St & 3 Ave,6541,40.7734066,-73.97782542,40.7546011026,-73.971878855,member
2712407,390617013F6E936C,classic_bike,2021-08-31 09:41:47,2021-08-31 09:55:43,W 67 St & Broadway,7116,E 48 St & 3 Ave,6541,40.77492513,-73.98266566,40.7546011026,-73.971878855,member
2712433,BB397FDF46C528E5,electric_bike,2021-08-16 20:28:04,2021-08-16 20:33:46,E 30 St & Park Ave S,6206,E 48 St & 3 Ave,6541,40.74444921,-73.98303529,40.7546011026,-73.971878855,casual
2712442,71EC489B99BBCB8C,classic_bike,2021-08-29 14:54:40,2021-08-29 15:02:43,E 32 St & Park Ave,6280,E 48 St & 3 Ave,6541,40.7457121,-73.98194829,40.7546011026,-73.971878855,member
2712488,4A7F093549E8CC64,classic_bike,2021-08-09 05:22:21,2021-08-09 05:30:09,W 54 St & 9 Ave,6920,E 48 St & 3 Ave,6541,40.76584941,-73.98690506,40.7546011026,-73.971878855,member
2712512,71B7F8BA4C981E0A,electric_bike,2021-08-18 18:10:21,2021-08-18 18:27:43,Washington Pl & Broadway,5755,E 48 St & 3 Ave,6541,40.72903917,-73.99404649,40.7546011026,-73.971878855,casual
2712530,F047337BDB8D6144,electric_bike,2021-08-23 08:34:41,2021-08-23 08:53:33,W 84 St & Broadway,7409,E 48 St & 3 Ave,6541,40.7867947,-73.977112,40.7546011026,-73.971878855,member
2712584,1ABFB59E38F71F4B,electric_bike,2021-08-04 10:09:02,2021-08-04 10:15:16,W 47 St & 6 Ave,6667,E 48 St & 3 Ave,6541,40.758397,-73.98255,40.7546011026,-73.971878855,casual
2712663,13486FCB22169E9C,classic_bike,2021-08-04 08:51:03,2021-08-04 09:12:49,W 89 St & Columbus Ave,7432,E 48 St & 3 Ave,6541,40.7882213,-73.97041561,40.7546011026,-73.971878855,member
2712690,596B6C1C8BE4C5D9,classic_bike,2021-08-24 16:55:00,2021-08-24 17:08:30,W 47 St & 6 Ave,6667,E 48 St & 3 Ave,6541,40.758397,-73.98255,40.7546011026,-73.971878855,casual
2712719,77016625FC4F4163,classic_bike,2021-08-02 12:27:07,2021-08-02 12:51:28,W 89 St & Columbus Ave,7432,E 48 St & 3 Ave,6541,40.7882213,-73.97041561,40.7546011026,-73.971878855,member
2712738,C8F71C5CB966B3CB,electric_bike,2021-08-11 15:23:22,2021-08-11 15:27:13,W 47 St & 6 Ave,6667,E 48 St & 3 Ave,6541,40.758397,-73.98255,40.7546011026,-73.971878855,member
2712741,9E02795F80874DEE,classic_bike,2021-08-19 10:34:27,2021-08-19 10:57:23,Greenwich St & W Houston St,5730,E 48 St & 3 Ave,6541,40.728846,-74.008591,40.7546011026,-73.971878855,member
2712747,33B0FC3E0EB4976E,electric_bike,2021-08-19 08:15:51,2021-08-19 08:21:08,W 47 St & 6 Ave,6667,E 48 St & 3 Ave,6541,40.758397,-73.98255,40.7546011026,-73.971878855,member
2712748,532F29C3ABCDE686,electric_bike,2021-08-10 08:44:44,2021-08-10 08:49:58,W 47 St & 6 Ave,6667,E 48 St & 3 Ave,6541,40.758397,-73.98255,40.7546011026,-73.971878855,member
2712774,75DC5159C82CF45D,classic_bike,2021-08-11 09:45:30,2021-08-11 09:52:09,W 47 St & 6 Ave,6667,E 48 St & 3 Ave,6541,40.758397,-73.98255,40.7546011026,-73.971878855,member
2712794,B2AB37BC7F678D96,classic_bike,2021-08-06 05:16:29,2021-08-06 05:24:01,W 47 St & 6 Ave,6667,E 48 St & 3 Ave,6541,40.758397,-73.98255,40.7546011026,-73.971878855,casual
2712805,5E3B3E2B17121522,electric_bike,2021-08-21 10:15:30,2021-08-21 10:27:58,E 16 St & 5 Ave,6022,E 48 St & 3 Ave,6541,40.73726186,-73.99238967,40.7546011026,-73.971878855,casual
2712833,A92DCF70F8D48E5C,classic_bike,2021-08-05 11:56:19,2021-08-05 12:09:53,Lexington Ave & E 24 St,6089,E 48 St & 3 Ave,6541,40.74025878,-73.98409214,40.7546011026,-73.971878855,member
2712886,6469508B0129A203,electric_bike,2021-08-17 16:56:47,2021-08-17 17:19:23,E 13 St & 2 Ave,5820,E 48 St & 3 Ave,6541,40.73153937464073,-73.9853024482727,40.7546011026,-73.971878855,casual
2712917,98B6CA0CF2AD7CCC,classic_bike,2021-08-25 07:55:11,2021-08-25 08:16:28,21 St & 36 Ave,6729,E 48 St & 3 Ave,6541,40.7601853,-73.9362726,40.7546011026,-73.971878855,member
2712941,A162F69280B03EA8,electric_bike,2021-08-26 10:01:31,2021-08-26 10:11:09,W 37 St & 5 Ave,6398,E 48 St & 3 Ave,6541,40.75038009,-73.98338988,40.7546011026,-73.971878855,casual
2712942,2A27E4D69B3FBC3F,classic_bike,2021-08-13 13:29:14,2021-08-13 13:36:09,W 37 St & 5 Ave,6398,E 48 St & 3 Ave,6541,40.75038009,-73.98338988,40.7546011026,-73.971878855,member
2712982,C89426271749E61D,classic_bike,2021-08-16 23:14:32,2021-08-16 23:25:08,6 Ave & W 33 St,6364,E 48 St & 3 Ave,6541,40.74901271,-73.98848395,40.7546011026,-73.971878855,member
2712993,DB1C01DCF844DF3E,classic_bike,2021-08-31 08:10:23,2021-08-31 08:29:45,West End Ave & W 60 St,7059,E 48 St & 3 Ave,6541,40.77237,-73.99005,40.7546011026,-73.971878855,member
2713026,980F5143E02C1480,classic_bike,2021-08-12 18:11:23,2021-08-12 18:14:00,E 48 St & 5 Ave,6626,E 48 St & 3 Ave,6541,40.75724567911726,-73.97805914282799,40.7546011026,-73.971878855,member
2713056,6D9A16C49D4F1A8E,electric_bike,2021-08-13 08:53:07,2021-08-13 08:55:11,E 44 St & 2 Ave,6422,E 48 St & 3 Ave,6541,40.75118387463277,-73.97138714790344,40.7546011026,-73.971878855,member
2713057,C25AD67EF556D92E,electric_bike,2021-08-24 09:15:28,2021-08-24 09:17:47,E 44 St & 2 Ave,6422,E 48 St & 3 Ave,6541,40.75118387463277,-73.97138714790344,40.7546011026,-73.971878855,member
2713058,03896ED93F641F3B,classic_bike,2021-08-03 21:02:39,2021-08-03 21:09:18,E 58 St & 1 Ave (NW Corner),6723,E 48 St & 3 Ave,6541,40.759125,-73.962658,40.7546011026,-73.971878855,member
2713060,BEB51748F219B50C,electric_bike,2021-08-05 09:26:34,2021-08-05 09:31:21,E 44 St & 2 Ave,6422,E 48 St & 3 Ave,6541,40.75118387463277,-73.97138714790344,40.7546011026,-73.971878855,member
2713065,196D2476B26D5F29,classic_bike,2021-08-28 13:48:19,2021-08-28 14:04:11,W 43 St & 10 Ave,6756,E 48 St & 3 Ave,6541,40.76009437,-73.99461843,40.7546011026,-73.971878855,member
2713080,E6791C006B4CF3DB,classic_bike,2021-08-29 14:49:44,2021-08-29 14:57:12,E 58 St & 1 Ave (NW Corner),6723,E 48 St & 3 Ave,6541,40.759125,-73.962658,40.7546011026,-73.971878855,member
2713083,49594340C3660687,classic_bike,2021-08-28 13:49:31,2021-08-28 14:04:12,W 43 St & 10 Ave,6756,E 48 St & 3 Ave,6541,40.76009437,-73.99461843,40.7546011026,-73.971878855,member
2713101,778FEF5ACBC4BD19,classic_bike,2021-08-19 16:49:19,2021-08-19 16:53:51,E 58 St & 1 Ave (NW Corner),6723,E 48 St & 3 Ave,6541,40.759125,-73.962658,40.7546011026,-73.971878855,member
2713102,355AE33734844374,electric_bike,2021-08-31 07:36:05,2021-08-31 07:38:28,E 44 St & 2 Ave,6422,E 48 St & 3 Ave,6541,40.75118387463277,-73.97138714790344,40.7546011026,-73.971878855,member
2713112,4165664DEAC08D52,classic_bike,2021-08-28 19:49:24,2021-08-28 20:02:55,W 43 St & 10 Ave,6756,E 48 St & 3 Ave,6541,40.76009437,-73.99461843,40.7546011026,-73.971878855,casual
2713113,C39F737CA5E07F97,classic_bike,2021-08-28 13:49:02,2021-08-28 14:04:09,W 43 St & 10 Ave,6756,E 48 St & 3 Ave,6541,40.76009437,-73.99461843,40.7546011026,-73.971878855,casual
2713114,10D441CFD273007A,classic_bike,2021-08-02 18:24:28,2021-08-02 18:36:33,W 43 St & 10 Ave,6756,E 48 St & 3 Ave,6541,40.76009437,-73.99461843,40.7546011026,-73.971878855,casual
2713141,32BB2C0F5D94EB13,electric_bike,2021-08-21 17:19:01,2021-08-21 17:24:20,W 47 St & 6 Ave,6667,E 48 St & 3 Ave,6541,40.758397,-73.98255,40.7546011026,-73.971878855,member
2713191,7F5279EBFF840141,classic_bike,2021-08-14 08:03:09,2021-08-14 08:24:13,11 Ave & W 59 St,7059,E 48 St & 3 Ave,6541,40.77149671054441,-73.99046033620834,40.7546011026,-73.971878855,casual
2713199,D5A63F819117FA3A,classic_bike,2021-08-14 12:10:07,2021-08-14 12:28:19,11 Ave & W 59 St,7059,E 48 St & 3 Ave,6541,40.77149671054441,-73.99046033620834,40.7546011026,-73.971878855,casual
2713201,F68741D04FCC8322,classic_bike,2021-08-31 09:30:06,2021-08-31 09:47:53,E 13 St & 2 Ave,5820,E 48 St & 3 Ave,6541,40.73153937464073,-73.9853024482727,40.7546011026,-73.971878855,member
2713207,6E414B6240E0CDAE,classic_bike,2021-08-12 09:19:49,2021-08-12 09:39:01,E 13 St & 2 Ave,5820,E 48 St & 3 Ave,6541,40.73153937464073,-73.9853024482727,40.7546011026,-73.971878855,member
2713331,D12F1D63939AAD26,classic_bike,2021-08-14 08:04:27,2021-08-14 08:24:25,11 Ave & W 59 St,7059,E 48 St & 3 Ave,6541,40.77149671054441,-73.99046033620834,40.7546011026,-73.971878855,casual
2713346,4EE2D6434350845C,classic_bike,2021-08-01 13:12:12,2021-08-01 13:29:13,8 Ave & W 16 St,6072,E 48 St & 3 Ave,6541,40.740983,-74.001702,40.7546011026,-73.971878855,member
2713354,D54F3BDD079E8CA9,classic_bike,2021-08-22 09:42:15,2021-08-22 09:56:53,11 Ave & W 59 St,7059,E 48 St & 3 Ave,6541,40.77149671054441,-73.99046033620834,40.7546011026,-73.971878855,casual
2713362,B98FC6D6FCA97669,classic_bike,2021-08-04 12:51:28,2021-08-04 13:06:52,Central Park West & W 72 St,7141,E 48 St & 3 Ave,6541,40.77579376683666,-73.9762057363987,40.7546011026,-73.971878855,casual
2713431,E98927504411C166,electric_bike,2021-08-26 16:49:37,2021-08-26 17:16:20,Christopher St & Greenwich St,5847,E 48 St & 3 Ave,6541,40.73291553,-74.00711384,40.7546011026,-73.971878855,casual
2713445,74AF835F8B3C01A9,electric_bike,2021-08-03 11:40:33,2021-08-03 12:02:46,11 Ave & W 59 St,7059,E 48 St & 3 Ave,6541,40.77149671054441,-73.99046033620834,40.7546011026,-73.971878855,member
2713499,983959B0401604BF,electric_bike,2021-08-26 10:33:09,2021-08-26 10:39:34,1 Ave & E 62 St,6753,E 48 St & 3 Ave,6541,40.7612274,-73.96094022,40.7546011026,-73.971878855,member
2713504,D9C71E009C894B03,classic_bike,2021-08-30 07:10:14,2021-08-30 07:27:49,2 Ave & E 96 St,7338,E 48 St & 3 Ave,6541,40.7839636,-73.9471673,40.7546011026,-73.971878855,member
2713506,3A3F73946C7FDA4D,electric_bike,2021-08-26 17:47:51,2021-08-26 17:53:11,1 Ave & E 62 St,6753,E 48 St & 3 Ave,6541,40.7612274,-73.96094022,40.7546011026,-73.971878855,member
2713569,7E9D5E023BBADF1A,classic_bike,2021-08-18 22:14:57,2021-08-18 22:17:20,Madison Av & E 51 St,6659,E 48 St & 3 Ave,6541,40.75863,-73.97513,40.7546011026,-73.971878855,member
2713573,D13F5996B7EA2205,electric_bike,2021-08-11 12:59:02,2021-08-11 13:28:24,W 24 St & 7 Ave,6257,E 48 St & 3 Ave,6541,40.74487634,-73.99529885,40.7546011026,-73.971878855,member
2713579,B97E1DFF12D5FFB8,classic_bike,2021-08-30 19:48:41,2021-08-30 20:07:41,E 75 St & 3 Ave,6991,E 48 St & 3 Ave,6541,40.77112927,-73.95772297,40.7546011026,-73.971878855,casual
2713616,610558970F452D4C,electric_bike,2021-08-15 11:09:21,2021-08-15 12:07:47,Madison Av & E 51 St,6659,E 48 St & 3 Ave,6541,40.75863,-73.97513,40.7546011026,-73.971878855,member
2713758,AB3FD90B4E0F7AC9,classic_bike,2021-08-31 17:51:15,2021-08-31 18:26:21,Hudson St & W 13 St,6115,E 48 St & 3 Ave,6541,40.74005708567285,-74.0052741765976,40.7546011026,-73.971878855,member
2713780,6E25129A466ECAA0,classic_bike,2021-08-02 08:45:55,2021-08-02 08:56:57,8 Ave & W 31 St,6450,E 48 St & 3 Ave,6541,40.7505853470215,-73.9946848154068,40.7546011026,-73.971878855,casual
2713785,E6B63A0BCAB8591E,classic_bike,2021-08-06 10:01:08,2021-08-06 10:21:10,E 11 St & Avenue B,5659,E 48 St & 3 Ave,6541,40.72746420692392,-73.97950418293476,40.7546011026,-73.971878855,member
2713786,520452CD65F5263C,classic_bike,2021-08-18 10:05:48,2021-08-18 10:24:14,E 11 St & Avenue B,5659,E 48 St & 3 Ave,6541,40.72746420692392,-73.97950418293476,40.7546011026,-73.971878855,member
2713802,54C0D34A2D676B69,electric_bike,2021-08-20 13:46:31,2021-08-20 14:03:21,Hudson St & W 13 St,6115,E 48 St & 3 Ave,6541,40.74005708567285,-74.0052741765976,40.7546011026,-73.971878855,member
2713825,40C5A868E9D44E8A,classic_bike,2021-08-16 13:20:21,2021-08-16 13:56:54,Hudson St & W 13 St,6115,E 48 St & 3 Ave,6541,40.74005708567285,-74.0052741765976,40.7546011026,-73.971878855,casual
2713838,C9037E994A3D49A9,classic_bike,2021-08-29 13:41:35,2021-08-29 14:11:46,Hudson St & W 13 St,6115,E 48 St & 3 Ave,6541,40.74005708567285,-74.0052741765976,40.7546011026,-73.971878855,casual
2713853,A4F9E66B552F917A,classic_bike,2021-08-12 10:36:05,2021-08-12 11:13:39,5 Ave & W 126 St,7701,E 48 St & 3 Ave,6541,40.80722,-73.9418,40.7546011026,-73.971878855,member
2713872,834732A3FEEB4D9A,classic_bike,2021-08-28 15:35:05,2021-08-28 16:00:15,Hudson St & W 13 St,6115,E 48 St & 3 Ave,6541,40.74005708567285,-74.0052741765976,40.7546011026,-73.971878855,casual
2713882,204591F915D5DCBA,classic_bike,2021-08-30 12:21:32,2021-08-30 13:11:47,Wards Meadow Comfort Station,7327,E 48 St & 3 Ave,6541,40.78294,-73.93077,40.7546011026,-73.971878855,member
2713890,B4340AE3F292F48D,classic_bike,2021-08-26 15:38:47,2021-08-26 15:51:45,8 Ave & W 49 St,6747,E 48 St & 3 Ave,6541,40.76171227910671,-73.98655101656914,40.7546011026,-73.971878855,casual
2713892,87F824C54AD9C87C,classic_bike,2021-08-24 21:37:21,2021-08-24 21:44:15,8 Ave & W 49 St,6747,E 48 St & 3 Ave,6541,40.76171227910671,-73.98655101656914,40.7546011026,-73.971878855,member
2713912,4A05089B363313D1,classic_bike,2021-08-16 16:17:25,2021-08-16 16:26:03,1 Ave & E 62 St,6753,E 48 St & 3 Ave,6541,40.7612274,-73.96094022,40.7546011026,-73.971878855,member
2713915,4F02AF387015F3C6,classic_bike,2021-08-09 09:28:39,2021-08-09 09:48:30,Riverside Dr & W 91 St,7524,E 48 St & 3 Ave,6541,40.79313480986663,-73.97700369358063,40.7546011026,-73.971878855,member
2713918,8D5F626FB2D896BD,classic_bike,2021-08-03 15:19:26,2021-08-03 15:25:09,1 Ave & E 44 St,6379,E 48 St & 3 Ave,6541,40.75001986,-73.96905301,40.7546011026,-73.971878855,member
2713924,AEE6EDDA9CB5ADF8,classic_bike,2021-08-29 03:17:25,2021-08-29 03:28:10,8 Ave & W 49 St,6747,E 48 St & 3 Ave,6541,40.76171227910671,-73.98655101656914,40.7546011026,-73.971878855,casual
2713947,367E3DBFD9F7E674,classic_bike,2021-08-23 23:56:26,2021-08-24 00:39:20,8 Ave & W 49 St,6747,E 48 St & 3 Ave,6541,40.76171227910671,-73.98655101656914,40.7546011026,-73.971878855,casual
2713950,6FC10FA7A3E14E9B,classic_bike,2021-08-24 19:11:10,2021-08-24 19:15:27,1 Ave & E 44 St,6379,E 48 St & 3 Ave,6541,40.75001986,-73.96905301,40.7546011026,-73.971878855,member
2713991,213D2B1C57CE2D6D,classic_bike,2021-08-17 09:10:22,2021-08-17 09:13:39,1 Ave & E 44 St,6379,E 48 St & 3 Ave,6541,40.75001986,-73.96905301,40.7546011026,-73.971878855,member
2714039,A74C3326D2BBB345,electric_bike,2021-08-12 08:15:47,2021-08-12 09:06:51,3 Ave & E 170 St,8137,E 48 St & 3 Ave,6541,40.834857,-73.903743,40.7546011026,-73.971878855,casual
2714077,37E25F73EE4C5690,classic_bike,2021-08-11 18:42:48,2021-08-11 18:57:20,Broadway & W 25 St,6173,E 48 St & 3 Ave,6541,40.74286877312112,-73.98918628692627,40.7546011026,-73.971878855,member
2714082,FB33F1AAC8553CFC,classic_bike,2021-08-25 06:17:06,2021-08-25 06:24:07,Broadway & W 38 St,6560,E 48 St & 3 Ave,6541,40.7529728216068,-73.98734897375107,40.7546011026,-73.971878855,member
2714117,E43050986DE6203C,electric_bike,2021-08-14 16:20:25,2021-08-14 17:38:10,2 Ave & 32 St,3532,E 48 St & 3 Ave,6541,40.659176,-74.006584,40.7546011026,-73.971878855,casual
2714137,52C6DF7774F11F8D,electric_bike,2021-08-14 16:20:32,2021-08-14 17:38:15,2 Ave & 32 St,3532,E 48 St & 3 Ave,6541,40.659176,-74.006584,40.7546011026,-73.971878855,casual
2714149,ED333106BCF6D8FA,electric_bike,2021-08-07 06:26:04,2021-08-07 06:39:06,36 Ave & 31 St,6572,E 48 St & 3 Ave,6541,40.75651272984955,-73.92957486212252,40.7546011026,-73.971878855,member
2714154,2CE4663E125883AB,classic_bike,2021-08-29 03:22:28,2021-08-29 03:33:36,6 Ave & W 33 St,6364,E 48 St & 3 Ave,6541,40.74901271,-73.98848395,40.7546011026,-73.971878855,member
2714204,E5593C648707D9DB,classic_bike,2021-08-06 16:35:02,2021-08-06 17:44:24,W 120 St & Claremont Ave,7745,E 48 St & 3 Ave,6541,40.8109494,-73.9634,40.7546011026,-73.971878855,member
2714212,AE12D7363722FDEA,classic_bike,2021-08-20 20:30:41,2021-08-20 20:41:51,8 Ave & W 52 St,6816,E 48 St & 3 Ave,6541,40.76370739,-73.9851615,40.7546011026,-73.971878855,member
2714222,2576EB306E2A265B,electric_bike,2021-08-09 20:36:53,2021-08-09 20:40:56,W 42 St & 6 Ave,6517,E 48 St & 3 Ave,6541,40.75492,-73.98455,40.7546011026,-73.971878855,member
2714226,DE5246B58355A874,classic_bike,2021-08-26 09:08:01,2021-08-26 09:17:10,8 Ave & W 52 St,6816,E 48 St & 3 Ave,6541,40.76370739,-73.9851615,40.7546011026,-73.971878855,member
2714234,8A17DD2E39CC2594,classic_bike,2021-08-31 09:07:21,2021-08-31 09:15:46,W 42 St & 6 Ave,6517,E 48 St & 3 Ave,6541,40.75492,-73.98455,40.7546011026,-73.971878855,member
2714235,10F77DDC5DFE38B9,electric_bike,2021-08-29 10:01:20,2021-08-29 10:10:36,8 Ave & W 52 St,6816,E 48 St & 3 Ave,6541,40.76370739,-73.9851615,40.7546011026,-73.971878855,member
2714245,DB5A186AA2BF833D,electric_bike,2021-08-21 00:38:26,2021-08-21 01:15:10,Little West St & 1 Pl,5001,E 48 St & 3 Ave,6541,40.70569254,-74.01677685,40.7546011026,-73.971878855,casual
2714262,D6765EE74D8FD653,classic_bike,2021-08-21 02:44:36,2021-08-21 03:14:02,Grand St & Samuel Dickstein Plaza,5335,E 48 St & 3 Ave,6541,40.71511871996496,-73.98417055606842,40.7546011026,-73.971878855,casual
2714265,A913119DC5BCA1BC,classic_bike,2021-08-21 01:25:36,2021-08-21 01:33:37,Broadway & W 56 St,6847,E 48 St & 3 Ave,6541,40.7652654,-73.98192338,40.7546011026,-73.971878855,casual
2714269,A3B34739D955703E,classic_bike,2021-08-12 08:59:42,2021-08-12 09:07:29,Broadway & W 56 St,6847,E 48 St & 3 Ave,6541,40.7652654,-73.98192338,40.7546011026,-73.971878855,member
2714270,E593BEBE9D37CBE7,classic_bike,2021-08-31 09:37:48,2021-08-31 09:47:12,Broadway & W 56 St,6847,E 48 St & 3 Ave,6541,40.7652654,-73.98192338,40.7546011026,-73.971878855,member
2714272,5A39E050C9422FE7,classic_bike,2021-08-04 18:35:39,2021-08-04 18:52:15,W 18 St & 6 Ave,6064,E 48 St & 3 Ave,6541,40.73971301,-73.99456405,40.7546011026,-73.971878855,member
2714275,91D89E039B575F00,electric_bike,2021-08-25 07:19:57,2021-08-25 07:24:43,W 42 St & 6 Ave,6517,E 48 St & 3 Ave,6541,40.75492,-73.98455,40.7546011026,-73.971878855,member
2714276,F787E976C43B643B,classic_bike,2021-08-04 14:14:16,2021-08-04 14:22:44,W 42 St & 6 Ave,6517,E 48 St & 3 Ave,6541,40.75492,-73.98455,40.7546011026,-73.971878855,member
2714293,38356D228426ED28,classic_bike,2021-08-21 15:33:59,2021-08-21 16:07:41,W 18 St & 6 Ave,6064,E 48 St & 3 Ave,6541,40.73971301,-73.99456405,40.7546011026,-73.971878855,casual
2714297,53F52DBF6F4F0A89,classic_bike,2021-08-07 22:51:37,2021-08-07 23:11:40,W 42 St & 6 Ave,6517,E 48 St & 3 Ave,6541,40.75492,-73.98455,40.7546011026,-73.971878855,casual
2714303,3B2BD7A706A679B2,classic_bike,2021-08-07 22:50:54,2021-08-07 23:11:32,W 42 St & 6 Ave,6517,E 48 St & 3 Ave,6541,40.75492,-73.98455,40.7546011026,-73.971878855,casual
2714310,FA59D99D5F738BF4,classic_bike,2021-08-11 09:09:47,2021-08-11 09:17:28,W 42 St & 6 Ave,6517,E 48 St & 3 Ave,6541,40.75492,-73.98455,40.7546011026,-73.971878855,member
2714319,B9C8888CF116F6E0,classic_bike,2021-08-20 01:17:39,2021-08-20 01:26:30,8 Ave & W 52 St,6816,E 48 St & 3 Ave,6541,40.76370739,-73.9851615,40.7546011026,-73.971878855,member
2714320,76B1236ADBF14272,classic_bike,2021-08-26 20:44:26,2021-08-26 20:55:18,8 Ave & W 52 St,6816,E 48 St & 3 Ave,6541,40.76370739,-73.9851615,40.7546011026,-73.971878855,member
2714351,6F76EC3EDD55DEA4,electric_bike,2021-08-19 07:57:31,2021-08-19 08:03:21,W 42 St & 6 Ave,6517,E 48 St & 3 Ave,6541,40.75492,-73.98455,40.7546011026,-73.971878855,member
2714360,B67831D2295B8CBA,electric_bike,2021-08-19 13:49:59,2021-08-19 13:59:06,8 Ave & W 52 St,6816,E 48 St & 3 Ave,6541,40.76370739,-73.9851615,40.7546011026,-73.971878855,member
2714368,8821FDB8CAD33DAE,classic_bike,2021-08-31 19:40:32,2021-08-31 20:10:47,Little West St & 1 Pl,5001,E 48 St & 3 Ave,6541,40.70569254,-74.01677685,40.7546011026,-73.971878855,member
2714376,FB18A57B591A6F69,classic_bike,2021-08-17 08:18:25,2021-08-17 08:24:21,W 42 St & 6 Ave,6517,E 48 St & 3 Ave,6541,40.75492,-73.98455,40.7546011026,-73.971878855,member
2714400,A4E400FA89F752FA,classic_bike,2021-08-31 10:41:00,2021-08-31 10:51:05,8 Ave & W 52 St,6816,E 48 St & 3 Ave,6541,40.76370739,-73.9851615,40.7546011026,-73.971878855,member
2714415,3AF0356FCCBA6080,classic_bike,2021-08-31 14:18:13,2021-08-31 14:28:27,W 42 St & 6 Ave,6517,E 48 St & 3 Ave,6541,40.75492,-73.98455,40.7546011026,-73.971878855,casual
2714434,2F8F37BD4325DA6E,classic_bike,2021-08-15 13:52:14,2021-08-15 14:06:20,W 18 St & 6 Ave,6064,E 48 St & 3 Ave,6541,40.73971301,-73.99456405,40.7546011026,-73.971878855,member
2714442,D89B4977F8EA152F,classic_bike,2021-08-30 09:03:57,2021-08-30 09:13:35,8 Ave & W 52 St,6816,E 48 St & 3 Ave,6541,40.76370739,-73.9851615,40.7546011026,-73.971878855,casual
2714450,016D679CC99528ED,electric_bike,2021-08-11 18:22:14,2021-08-11 18:31:25,Broadway & W 56 St,6847,E 48 St & 3 Ave,6541,40.7652654,-73.98192338,40.7546011026,-73.971878855,member
2714471,1A0594AFD405D2A8,classic_bike,2021-08-26 16:36:20,2021-08-26 16:54:00,5 Ave & E 29 St,6248,E 48 St & 3 Ave,6541,40.7451677,-73.98683077,40.7546011026,-73.971878855,member
2714505,18D8844F03315E20,classic_bike,2021-08-31 17:56:18,2021-08-31 18:06:54,Broadway & W 56 St,6847,E 48 St & 3 Ave,6541,40.7652654,-73.98192338,40.7546011026,-73.971878855,member
2714508,23E92B3E39FB8483,classic_bike,2021-08-02 10:29:05,2021-08-02 10:37:36,Broadway & W 56 St,6847,E 48 St & 3 Ave,6541,40.7652654,-73.98192338,40.7546011026,-73.971878855,member
2714514,F3AF9DE6353CB894,classic_bike,2021-08-15 16:33:43,2021-08-15 17:50:06,5 Ave & E 63 St,6904,E 48 St & 3 Ave,6541,40.766368,-73.971518,40.7546011026,-73.971878855,member
2714533,9A963EAD25057D03,electric_bike,2021-08-12 13:46:34,2021-08-12 13:55:08,8 Ave & W 52 St,6816,E 48 St & 3 Ave,6541,40.76370739,-73.9851615,40.7546011026,-73.971878855,member
2714534,171A45D50FE94280,classic_bike,2021-08-01 17:11:00,2021-08-01 17:36:16,W 64 St & Thelonious Monk Circle,7123,E 48 St & 3 Ave,6541,40.77515953434235,-73.98918695747852,40.7546011026,-73.971878855,member
2714537,6E7697B35B42382D,classic_bike,2021-08-07 21:28:34,2021-08-07 21:37:18,W 42 St & 6 Ave,6517,E 48 St & 3 Ave,6541,40.75492,-73.98455,40.7546011026,-73.971878855,member
2714544,902CFF137AA66D42,classic_bike,2021-08-30 08:57:49,2021-08-30 09:04:53,W 42 St & 6 Ave,6517,E 48 St & 3 Ave,6541,40.75492,-73.98455,40.7546011026,-73.971878855,member
2714560,54944CC5630F28B1,docked_bike,2021-08-26 17:16:29,2021-08-26 17:24:50,Broadway & W 56 St,6847,E 48 St & 3 Ave,6541,40.765265,-73.981923,40.754601,-73.971879,casual
2714612,79799D606D2090EA,electric_bike,2021-08-12 08:49:22,2021-08-12 09:16:38,Barclay St & Church St,5216,E 48 St & 3 Ave,6541,40.71291224,-74.01020234,40.7546011026,-73.971878855,member
2714707,CD923083E6FE20D9,classic_bike,2021-08-11 11:49:33,2021-08-11 11:53:44,Pershing Square North,6432,E 48 St & 3 Ave,6541,40.751873,-73.977706,40.7546011026,-73.971878855,member
2714713,6C102E157359D215,classic_bike,2021-08-28 13:21:01,2021-08-28 13:24:13,Pershing Square North,6432,E 48 St & 3 Ave,6541,40.751873,-73.977706,40.7546011026,-73.971878855,member
2714726,84A3F43697D9C208,classic_bike,2021-08-12 13:28:20,2021-08-12 13:34:15,Pershing Square North,6432,E 48 St & 3 Ave,6541,40.751873,-73.977706,40.7546011026,-73.971878855,member
2714761,4CAC0F306F47EB37,docked_bike,2021-08-11 16:19:45,2021-08-11 16:33:15,Central Park S & 6 Ave,6876,E 48 St & 3 Ave,6541,40.765909,-73.976342,40.754601,-73.971879,casual
2714765,BD33CF15CA4CBCA7,electric_bike,2021-08-29 13:15:29,2021-08-29 13:36:15,Central Park S & 6 Ave,6876,E 48 St & 3 Ave,6541,40.76590936,-73.97634151,40.7546011026,-73.971878855,member
2714768,9E8142D60770F8F7,docked_bike,2021-08-11 16:19:10,2021-08-11 16:32:31,Central Park S & 6 Ave,6876,E 48 St & 3 Ave,6541,40.765909,-73.976342,40.754601,-73.971879,casual
2714775,C9DABD16151DFD66,electric_bike,2021-08-31 19:33:26,2021-08-31 19:46:18,Broadway & E 21 St,6098,E 48 St & 3 Ave,6541,40.73988840858996,-73.98958593606949,40.7546011026,-73.971878855,casual
2714792,819F0001A6C86C84,electric_bike,2021-08-15 18:00:49,2021-08-15 18:09:51,Pershing Square North,6432,E 48 St & 3 Ave,6541,40.751873,-73.977706,40.7546011026,-73.971878855,member
2714796,0EF5653E9B34B011,electric_bike,2021-08-28 14:49:31,2021-08-28 15:14:55,Sullivan St & Washington Sq,5721,E 48 St & 3 Ave,6541,40.73047747,-73.99906065,40.7546011026,-73.971878855,casual
2714818,3704E4530AF8E72D,electric_bike,2021-08-28 16:42:11,2021-08-28 17:03:16,Sullivan St & Washington Sq,5721,E 48 St & 3 Ave,6541,40.73047747,-73.99906065,40.7546011026,-73.971878855,casual
2714822,24D0E63F5569585B,classic_bike,2021-08-08 20:18:19,2021-08-08 20:21:45,W 48 St & Rockefeller Plaza,6667,E 48 St & 3 Ave,6541,40.75793646243674,-73.97960275411606,40.7546011026,-73.971878855,member
2714828,4E2D92B0725BDC73,classic_bike,2021-08-03 19:09:48,2021-08-03 19:13:53,W 48 St & Rockefeller Plaza,6667,E 48 St & 3 Ave,6541,40.75793646243674,-73.97960275411606,40.7546011026,-73.971878855,member
2714839,DAFA1D14FF87B235,classic_bike,2021-08-11 17:04:05,2021-08-11 17:07:41,W 48 St & Rockefeller Plaza,6667,E 48 St & 3 Ave,6541,40.75793646243674,-73.97960275411606,40.7546011026,-73.971878855,member
2714847,CD489FE67E69679D,classic_bike,2021-08-26 00:17:22,2021-08-26 00:30:20,W 42 St & Dyer Ave,6644,E 48 St & 3 Ave,6541,40.75898481399634,-73.99379968643188,40.7546011026,-73.971878855,casual
2714849,5A4506DC1AEAF096,classic_bike,2021-08-14 22:50:39,2021-08-14 23:25:28,E 17 St & Broadway,5980,E 48 St & 3 Ave,6541,40.73704984,-73.99009296,40.7546011026,-73.971878855,casual
2714851,054043D3BF4C4EBF,classic_bike,2021-08-25 06:24:34,2021-08-25 06:37:13,W 42 St & Dyer Ave,6644,E 48 St & 3 Ave,6541,40.75898481399634,-73.99379968643188,40.7546011026,-73.971878855,casual
2714859,BCE486FF4E33394A,electric_bike,2021-08-06 17:38:11,2021-08-06 17:41:10,W 48 St & Rockefeller Plaza,6667,E 48 St & 3 Ave,6541,40.75793646243674,-73.97960275411606,40.7546011026,-73.971878855,member
2714860,43D289FD963AA389,classic_bike,2021-08-17 09:13:42,2021-08-17 09:16:53,W 48 St & Rockefeller Plaza,6667,E 48 St & 3 Ave,6541,40.75793646243674,-73.97960275411606,40.7546011026,-73.971878855,member
2714865,7B6537D9A91A5C51,classic_bike,2021-08-24 18:35:59,2021-08-24 18:42:04,Broadway & W 41 St,6560,E 48 St & 3 Ave,6541,40.75513557,-73.98658032,40.7546011026,-73.971878855,member
2714867,4B9800DEABD92596,classic_bike,2021-08-24 13:55:51,2021-08-24 14:09:41,W 54 St & 11 Ave,6955,E 48 St & 3 Ave,6541,40.768333,-73.992573,40.7546011026,-73.971878855,casual
2714882,AF47B562E5ADBFF2,classic_bike,2021-08-25 00:44:48,2021-08-25 00:55:30,W 54 St & 11 Ave,6955,E 48 St & 3 Ave,6541,40.768333,-73.992573,40.7546011026,-73.971878855,casual
2714891,983450EDECEB3208,electric_bike,2021-08-16 13:22:57,2021-08-16 13:31:38,Broadway & W 41 St,6560,E 48 St & 3 Ave,6541,40.75513557,-73.98658032,40.7546011026,-73.971878855,casual
2714905,4C534651A120529C,classic_bike,2021-08-17 17:47:51,2021-08-17 17:51:06,W 48 St & Rockefeller Plaza,6667,E 48 St & 3 Ave,6541,40.75793646243674,-73.97960275411606,40.7546011026,-73.971878855,member
2714906,49CD009158858F86,electric_bike,2021-08-18 08:08:20,2021-08-18 08:10:47,W 48 St & Rockefeller Plaza,6667,E 48 St & 3 Ave,6541,40.75793646243674,-73.97960275411606,40.7546011026,-73.971878855,member
2714917,E1BC0E023C7EAA1D,classic_bike,2021-08-17 08:31:43,2021-08-17 08:46:37,Queens Plaza North & Crescent St,6429,E 48 St & 3 Ave,6541,40.75110165,-73.94073717,40.7546011026,-73.971878855,member
2714918,F389A5A992E2B442,electric_bike,2021-08-30 17:24:46,2021-08-30 17:28:37,W 48 St & Rockefeller Plaza,6667,E 48 St & 3 Ave,6541,40.75793646243674,-73.97960275411606,40.7546011026,-73.971878855,member
2714926,F96A387D63C5BFD2,classic_bike,2021-08-27 07:08:39,2021-08-27 07:18:22,W 42 St & Dyer Ave,6644,E 48 St & 3 Ave,6541,40.75898481399634,-73.99379968643188,40.7546011026,-73.971878855,member
2714947,1B5106E7B98DF098,classic_bike,2021-08-05 17:07:06,2021-08-05 17:12:10,Pershing Square North,6432,E 48 St & 3 Ave,6541,40.751873,-73.977706,40.7546011026,-73.971878855,member
2714963,C6549B3AFFF222E2,classic_bike,2021-08-30 20:09:11,2021-08-30 20:12:09,E 51 St & 1 Ave,6532,E 48 St & 3 Ave,6541,40.75455731,-73.96592976,40.7546011026,-73.971878855,member
2714998,D673CE72315BC1B9,classic_bike,2021-08-19 12:40:21,2021-08-19 12:43:50,W 48 St & Rockefeller Plaza,6667,E 48 St & 3 Ave,6541,40.75793646243674,-73.97960275411606,40.7546011026,-73.971878855,member
2715002,9C468D763A030AD0,classic_bike,2021-08-24 16:05:20,2021-08-24 16:09:25,W 48 St & Rockefeller Plaza,6667,E 48 St & 3 Ave,6541,40.75793646243674,-73.97960275411606,40.7546011026,-73.971878855,member
2715004,492E74B78737C60C,classic_bike,2021-08-27 08:04:03,2021-08-27 08:07:26,W 48 St & Rockefeller Plaza,6667,E 48 St & 3 Ave,6541,40.75793646243674,-73.97960275411606,40.7546011026,-73.971878855,member
2715034,59306C4BF4D8A4B9,classic_bike,2021-08-01 03:39:24,2021-08-01 03:44:07,W 48 St & Rockefeller Plaza,6667,E 48 St & 3 Ave,6541,40.75793646243674,-73.97960275411606,40.7546011026,-73.971878855,casual
2715071,FEDC0DA8E46724AF,classic_bike,2021-08-22 07:02:59,2021-08-22 07:06:07,W 48 St & Rockefeller Plaza,6667,E 48 St & 3 Ave,6541,40.75793646243674,-73.97960275411606,40.7546011026,-73.971878855,member
2715076,6B473E7AE22B252D,classic_bike,2021-08-30 17:22:17,2021-08-30 17:26:47,W 48 St & Rockefeller Plaza,6667,E 48 St & 3 Ave,6541,40.75793646243674,-73.97960275411606,40.7546011026,-73.971878855,member
2715077,B649080BCC04F496,classic_bike,2021-08-23 17:36:58,2021-08-23 17:42:01,W 48 St & Rockefeller Plaza,6667,E 48 St & 3 Ave,6541,40.75793646243674,-73.97960275411606,40.7546011026,-73.971878855,member
2715081,47E628464EC21763,classic_bike,2021-08-31 14:19:27,2021-08-31 14:23:35,W 48 St & Rockefeller Plaza,6667,E 48 St & 3 Ave,6541,40.75793646243674,-73.97960275411606,40.7546011026,-73.971878855,member
2715087,3BF8B4A22BF08B4E,electric_bike,2021-08-18 08:52:46,2021-08-18 08:56:09,W 48 St & Rockefeller Plaza,6667,E 48 St & 3 Ave,6541,40.75793646243674,-73.97960275411606,40.7546011026,-73.971878855,member
2715092,BF7BC96775497A55,classic_bike,2021-08-05 13:06:52,2021-08-05 13:09:23,W 48 St & Rockefeller Plaza,6667,E 48 St & 3 Ave,6541,40.75793646243674,-73.97960275411606,40.7546011026,-73.971878855,member
2715093,26E4159331B9CC8B,classic_bike,2021-08-01 01:39:07,2021-08-01 01:42:29,W 48 St & Rockefeller Plaza,6667,E 48 St & 3 Ave,6541,40.75793646243674,-73.97960275411606,40.7546011026,-73.971878855,member
2715095,F978918F4C8F0A86,electric_bike,2021-08-24 13:01:29,2021-08-24 13:35:29,John St & William St,5065,E 48 St & 3 Ave,6541,40.70862144,-74.00722156,40.7546011026,-73.971878855,member
2715109,6EC4AC9368A65ADC,classic_bike,2021-08-25 18:14:29,2021-08-25 18:18:04,W 48 St & Rockefeller Plaza,6667,E 48 St & 3 Ave,6541,40.75793646243674,-73.97960275411606,40.7546011026,-73.971878855,member
2715117,63D65642E006C3C0,classic_bike,2021-08-25 18:50:00,2021-08-25 18:53:43,W 48 St & Rockefeller Plaza,6667,E 48 St & 3 Ave,6541,40.75793646243674,-73.97960275411606,40.7546011026,-73.971878855,casual
2715154,591944DBAAD014E5,electric_bike,2021-08-29 13:43:38,2021-08-29 14:07:27,S 5 Pl & S 5 St,5125,E 48 St & 3 Ave,6541,40.710451,-73.960876,40.7546011026,-73.971878855,member
2715160,87D758B2FE82525B,classic_bike,2021-08-31 14:09:48,2021-08-31 14:51:40,John St & William St,5065,E 48 St & 3 Ave,6541,40.70862144,-74.00722156,40.7546011026,-73.971878855,casual
2715178,6FC495F090CDD233,classic_bike,2021-08-10 17:14:57,2021-08-10 17:19:34,W 48 St & Rockefeller Plaza,6667,E 48 St & 3 Ave,6541,40.75793646243674,-73.97960275411606,40.7546011026,-73.971878855,member
2715195,B15E59618047FABE,classic_bike,2021-08-05 16:31:58,2021-08-05 16:43:58,11 Ave & W 41 St,6726,E 48 St & 3 Ave,6541,40.76030096,-73.99884222,40.7546011026,-73.971878855,member
2715251,9ADC8657566BE71B,classic_bike,2021-08-06 20:44:20,2021-08-06 21:13:05,Division St & Bowery,5270,E 48 St & 3 Ave,6541,40.714193,-73.996732,40.7546011026,-73.971878855,casual
2715252,D3DD4A84B1C6E1AF,electric_bike,2021-08-17 13:43:06,2021-08-17 14:24:41,11 Ave & W 41 St,6726,E 48 St & 3 Ave,6541,40.76030096,-73.99884222,40.7546011026,-73.971878855,casual
2715296,4B5888E34583F68C,electric_bike,2021-08-10 06:12:45,2021-08-10 06:34:22,Morningside Dr & Amsterdam Ave,7741,E 48 St & 3 Ave,6541,40.81028506306003,-73.95736455917358,40.7546011026,-73.971878855,casual
2715319,9BBF4BF0273A77BF,electric_bike,2021-08-19 23:42:45,2021-08-20 00:01:19,Centre St & Chambers St,5207,E 48 St & 3 Ave,6541,40.71273266,-74.0046073,40.7546011026,-73.971878855,member
2715331,B0415551C7A83247,electric_bike,2021-08-03 13:08:49,2021-08-03 13:14:20,Broadway & W 56 St,6847,E 48 St & 3 Ave,6541,40.7652654,-73.98192338,40.7546011026,-73.971878855,member
2715336,28E153DD41AEF026,classic_bike,2021-08-18 06:32:38,2021-08-18 06:39:41,W 42 St & 6 Ave,6517,E 48 St & 3 Ave,6541,40.75492,-73.98455,40.7546011026,-73.971878855,member
2715344,5C81B7DB1AA8567D,electric_bike,2021-08-10 07:17:15,2021-08-10 07:22:31,W 42 St & 6 Ave,6517,E 48 St & 3 Ave,6541,40.75492,-73.98455,40.7546011026,-73.971878855,member
2715347,972CCCFFBE795825,classic_bike,2021-08-29 09:24:48,2021-08-29 09:47:11,W 64 St & Thelonious Monk Circle,7123,E 48 St & 3 Ave,6541,40.77515953434235,-73.98918695747852,40.7546011026,-73.971878855,member
2715353,DA1AA47A47E95238,classic_bike,2021-08-24 18:08:46,2021-08-24 18:24:38,11 Ave & W 41 St,6726,E 48 St & 3 Ave,6541,40.76030096,-73.99884222,40.7546011026,-73.971878855,member
2715365,087C07A63EAAFB95,electric_bike,2021-08-09 14:25:54,2021-08-09 14:45:27,11 Ave & W 41 St,6726,E 48 St & 3 Ave,6541,40.76030096,-73.99884222,40.7546011026,-73.971878855,casual
2715389,FFA6B2EDDC4C5881,classic_bike,2021-08-14 21:36:42,2021-08-14 21:50:56,Amsterdam Ave & W 66 St,7149,E 48 St & 3 Ave,6541,40.7746671,-73.98470567,40.7546011026,-73.971878855,member
2715426,13FD8569991A7421,electric_bike,2021-08-04 09:53:50,2021-08-04 10:10:18,E 51 St & Lexington Ave,6659,E 48 St & 3 Ave,6541,40.75714758,-73.97207836,40.7546011026,-73.971878855,member
2715445,362B5F03A93929DE,classic_bike,2021-08-13 10:59:32,2021-08-13 11:12:10,11 Ave & W 41 St,6726,E 48 St & 3 Ave,6541,40.76030096,-73.99884222,40.7546011026,-73.971878855,casual
2715453,DE8C8F5F59CBF016,classic_bike,2021-08-26 17:38:27,2021-08-26 17:58:22,Amsterdam Ave & W 66 St,7149,E 48 St & 3 Ave,6541,40.7746671,-73.98470567,40.7546011026,-73.971878855,member
2715510,1DF3DE4A6A46790D,classic_bike,2021-08-18 21:09:31,2021-08-18 21:32:21,10 Ave & W 14 St,6157,E 48 St & 3 Ave,6541,40.74198159994023,-74.00831580162048,40.7546011026,-73.971878855,member
2715518,F44334D02D367BF1,electric_bike,2021-08-15 21:31:03,2021-08-15 21:34:50,E 58 St & Madison Ave,6839,E 48 St & 3 Ave,6541,40.76302594280519,-73.97209525108337,40.7546011026,-73.971878855,member
2715522,373FA6D5117042A4,classic_bike,2021-08-09 11:58:54,2021-08-09 12:10:02,W 55 St & 6 Ave,6809,E 48 St & 3 Ave,6541,40.763189,-73.978434,40.7546011026,-73.971878855,casual
2715532,CB01ADF2EC0F389F,electric_bike,2021-08-28 01:05:47,2021-08-28 01:12:28,E 65 St & 2 Ave,6860,E 48 St & 3 Ave,6541,40.76471851944339,-73.96222069859505,40.7546011026,-73.971878855,member
2715554,E0F54252AED397C8,classic_bike,2021-08-18 09:47:49,2021-08-18 10:01:36,Amsterdam Ave & W 66 St,7149,E 48 St & 3 Ave,6541,40.7746671,-73.98470567,40.7546011026,-73.971878855,member
2715565,A93B0FFCE5133AC9,classic_bike,2021-08-21 15:51:53,2021-08-21 15:59:44,W 55 St & 6 Ave,6809,E 48 St & 3 Ave,6541,40.763189,-73.978434,40.7546011026,-73.971878855,member
2715569,33D1CD646DA587DA,classic_bike,2021-08-05 21:22:55,2021-08-05 21:30:38,W 55 St & 6 Ave,6809,E 48 St & 3 Ave,6541,40.763189,-73.978434,40.7546011026,-73.971878855,casual
2715580,6600A1CB334169A9,electric_bike,2021-08-15 19:37:54,2021-08-15 20:22:41,W 55 St & 6 Ave,6809,E 48 St & 3 Ave,6541,40.763189,-73.978434,40.7546011026,-73.971878855,casual
2715592,8929EE463DAD6AE2,classic_bike,2021-08-26 08:24:28,2021-08-26 08:34:19,Broadway & W 38 St,6560,E 48 St & 3 Ave,6541,40.7529728216068,-73.98734897375107,40.7546011026,-73.971878855,casual
2715597,1CB233372827CF10,classic_bike,2021-08-28 00:57:23,2021-08-28 01:06:31,Broadway & W 38 St,6560,E 48 St & 3 Ave,6541,40.7529728216068,-73.98734897375107,40.7546011026,-73.971878855,casual
2715621,4A2CEB22202223EB,classic_bike,2021-08-04 15:45:56,2021-08-04 15:48:58,E 51 St & Lexington Ave,6659,E 48 St & 3 Ave,6541,40.75714758,-73.97207836,40.7546011026,-73.971878855,member
2715633,961AA4A014CB1FAB,classic_bike,2021-08-13 06:27:01,2021-08-13 06:34:51,W 42 St & 6 Ave,6517,E 48 St & 3 Ave,6541,40.75492,-73.98455,40.7546011026,-73.971878855,member
2715637,25F98E823281495E,classic_bike,2021-08-13 20:31:07,2021-08-13 20:39:12,8 Ave & W 52 St,6816,E 48 St & 3 Ave,6541,40.76370739,-73.9851615,40.7546011026,-73.971878855,member
2715661,3B8B8B7B98224585,classic_bike,2021-08-01 07:18:39,2021-08-01 07:40:19,Broadway & W 56 St,6847,E 48 St & 3 Ave,6541,40.7652654,-73.98192338,40.7546011026,-73.971878855,casual
2715683,5DCA4BCC4B94F3A8,classic_bike,2021-08-10 12:29:11,2021-08-10 12:38:13,W 55 St & 6 Ave,6809,E 48 St & 3 Ave,6541,40.763189,-73.978434,40.7546011026,-73.971878855,member
2715691,754EF266F5C0CF53,classic_bike,2021-08-27 11:13:13,2021-08-27 11:18:39,E 51 St & 2 Ave,6575,E 48 St & 3 Ave,6541,40.755293,-73.967641,40.7546011026,-73.971878855,member
2715704,4A82947703368FE6,classic_bike,2021-08-20 02:00:49,2021-08-20 02:07:44,3 Ave & E 62 St,6762,E 48 St & 3 Ave,6541,40.76312584,-73.96526895,40.7546011026,-73.971878855,member
2715705,7F5D6E344C281405,classic_bike,2021-08-09 08:57:20,2021-08-09 09:08:02,3 Ave & E 62 St,6762,E 48 St & 3 Ave,6541,40.76312584,-73.96526895,40.7546011026,-73.971878855,member
2715716,170B1FA95F54EB80,classic_bike,2021-08-01 15:39:51,2021-08-01 15:45:14,1 Ave & E 44 St,6379,E 48 St & 3 Ave,6541,40.75001986,-73.96905301,40.7546011026,-73.971878855,member
2715761,6AA740D4E647EFA3,classic_bike,2021-08-09 10:02:57,2021-08-09 10:42:20,6 Ave & Broome St,5610,E 48 St & 3 Ave,6541,40.72431,-74.00473,40.7546011026,-73.971878855,casual
2715814,6A80C38E7D55AEFF,classic_bike,2021-08-16 07:58:42,2021-08-16 08:12:39,E 85 St & York Ave,7146,E 48 St & 3 Ave,6541,40.77536905,-73.94803392,40.7546011026,-73.971878855,member
2715964,B9925817553E1607,electric_bike,2021-08-06 09:33:13,2021-08-06 09:35:18,E 44 St & 2 Ave,6422,E 48 St & 3 Ave,6541,40.75118387463277,-73.97138714790344,40.7546011026,-73.971878855,member
2715965,C845D9BF10F48B26,classic_bike,2021-08-26 07:28:06,2021-08-26 07:37:28,W 43 St & 10 Ave,6756,E 48 St & 3 Ave,6541,40.76009437,-73.99461843,40.7546011026,-73.971878855,member
2715966,AFDBDC899B5FB2FF,classic_bike,2021-08-25 07:13:32,2021-08-25 07:27:01,W 43 St & 10 Ave,6756,E 48 St & 3 Ave,6541,40.76009437,-73.99461843,40.7546011026,-73.971878855,member
2715988,0BE392A1821F5CEB,classic_bike,2021-08-24 11:51:39,2021-08-24 12:02:28,W 43 St & 10 Ave,6756,E 48 St & 3 Ave,6541,40.76009437,-73.99461843,40.7546011026,-73.971878855,member
2715993,C815DC414CA48E61,electric_bike,2021-08-25 10:32:53,2021-08-25 10:35:10,E 44 St & 2 Ave,6422,E 48 St & 3 Ave,6541,40.75118387463277,-73.97138714790344,40.7546011026,-73.971878855,member
2716020,7E106ADC0A3853F3,classic_bike,2021-08-19 13:37:46,2021-08-19 13:49:00,E 20 St & Park Ave,6055,E 48 St & 3 Ave,6541,40.73827428,-73.98751968,40.7546011026,-73.971878855,member
2716030,B49F78251D7D16A8,docked_bike,2021-08-28 19:16:44,2021-08-28 19:29:44,6 Ave & W 33 St,6364,E 48 St & 3 Ave,6541,40.749013,-73.988484,40.754601,-73.971879,casual
2716082,44DFB5A2AC38AD4E,classic_bike,2021-08-29 11:08:18,2021-08-29 11:33:09,West End Ave & W 107 St,7650,E 48 St & 3 Ave,6541,40.8021174,-73.9681805305,40.7546011026,-73.971878855,casual
2716107,01A6048986037855,classic_bike,2021-08-07 09:23:47,2021-08-07 09:49:06,Central Park W & W 103 St,7577,E 48 St & 3 Ave,6541,40.79558954105342,-73.96188408136368,40.7546011026,-73.971878855,member
2716206,6BCE89B0FE53E862,classic_bike,2021-08-11 08:19:17,2021-08-11 08:49:36,West Thames St,5114,E 48 St & 3 Ave,6541,40.70834698,-74.01713445,40.7546011026,-73.971878855,member
2716271,D493331D8B14E650,classic_bike,2021-08-11 17:58:14,2021-08-11 18:13:57,E 1 St & 1 Ave,5593,E 48 St & 3 Ave,6541,40.72335597960796,-73.98864984512329,40.7546011026,-73.971878855,casual
2716277,2B7AD1AD4823CAE5,classic_bike,2021-08-24 20:53:25,2021-08-24 21:14:50,E 1 St & 1 Ave,5593,E 48 St & 3 Ave,6541,40.72335597960796,-73.98864984512329,40.7546011026,-73.971878855,casual
2716280,030177BB80903BE8,classic_bike,2021-08-25 09:09:56,2021-08-25 09:37:25,W 104 St & Amsterdam Ave,7610,E 48 St & 3 Ave,6541,40.79904139288298,-73.96649479866028,40.7546011026,-73.971878855,member
2716291,2CA7B34E58325E9D,classic_bike,2021-08-17 08:48:06,2021-08-17 09:17:20,Vernon Blvd & 10 St,6937,E 48 St & 3 Ave,6541,40.7671863,-73.9373554,40.7546011026,-73.971878855,member
2716308,2212C2FC4DC44413,classic_bike,2021-08-13 09:19:08,2021-08-13 09:49:28,West Thames St,5114,E 48 St & 3 Ave,6541,40.70834698,-74.01713445,40.7546011026,-73.971878855,member
2716326,6B9C4FAE547FDAE2,classic_bike,2021-08-19 07:09:39,2021-08-19 07:22:46,1 Ave & E 18 St,5854,E 48 St & 3 Ave,6541,40.73381219196632,-73.98054420948029,40.7546011026,-73.971878855,member
2716333,68A0F66C0BA30D12,classic_bike,2021-08-31 14:07:46,2021-08-31 14:32:19,E 53 St & Lexington Ave,6617,E 48 St & 3 Ave,6541,40.75828065,-73.97069431,40.7546011026,-73.971878855,member
2716336,C2C2D4C81CD82EA0,electric_bike,2021-08-31 14:43:06,2021-08-31 14:47:40,W 51 St & Rockefeller Plaza,6700,E 48 St & 3 Ave,6541,40.75969995906254,-73.97808194160461,40.7546011026,-73.971878855,member
2716337,004B022A3B253BA8,classic_bike,2021-08-17 17:18:23,2021-08-17 17:21:37,E 53 St & Lexington Ave,6617,E 48 St & 3 Ave,6541,40.75828065,-73.97069431,40.7546011026,-73.971878855,member
2716338,A0088EB1F754D821,electric_bike,2021-08-17 12:08:51,2021-08-17 12:19:08,W 51 St & Rockefeller Plaza,6700,E 48 St & 3 Ave,6541,40.75969995906254,-73.97808194160461,40.7546011026,-73.971878855,member
2716341,DFFFB25B1A742CB7,classic_bike,2021-08-11 11:34:12,2021-08-11 11:41:06,E 53 St & Lexington Ave,6617,E 48 St & 3 Ave,6541,40.75828065,-73.97069431,40.7546011026,-73.971878855,member
2716350,DD05A116CE7F44F5,classic_bike,2021-08-31 09:46:04,2021-08-31 10:04:26,12 Ave & W 40 St,6765,E 48 St & 3 Ave,6541,40.76087502,-74.00277668,40.7546011026,-73.971878855,member
2716360,504F35DE9EBC827B,classic_bike,2021-08-08 10:42:24,2021-08-08 10:53:02,W 47 St & 10 Ave,6824,E 48 St & 3 Ave,6541,40.76269882,-73.99301222,40.7546011026,-73.971878855,casual
2716362,B1A1C6D76D592DBA,classic_bike,2021-08-23 15:15:09,2021-08-23 15:44:24,1 Ave & E 18 St,5854,E 48 St & 3 Ave,6541,40.73381219196632,-73.98054420948029,40.7546011026,-73.971878855,casual
2716366,6CA0F5255269E0E4,classic_bike,2021-08-23 15:14:34,2021-08-23 15:43:36,1 Ave & E 18 St,5854,E 48 St & 3 Ave,6541,40.73381219196632,-73.98054420948029,40.7546011026,-73.971878855,casual
2716374,BCDA7CFC9EEEF5C4,classic_bike,2021-08-06 18:59:32,2021-08-06 19:15:53,1 Ave & E 18 St,5854,E 48 St & 3 Ave,6541,40.73381219196632,-73.98054420948029,40.7546011026,-73.971878855,member
2716385,6B1E3A18323C0BB3,electric_bike,2021-08-18 13:52:08,2021-08-18 14:02:04,1 Ave & E 18 St,5854,E 48 St & 3 Ave,6541,40.73381219196632,-73.98054420948029,40.7546011026,-73.971878855,member
2716389,EFACFA2F4F55CF14,classic_bike,2021-08-28 09:54:37,2021-08-28 10:03:07,Grand Army Plaza & Central Park S,6839,E 48 St & 3 Ave,6541,40.7643971,-73.97371465,40.7546011026,-73.971878855,member
2716393,4B4D42B6EC58618E,classic_bike,2021-08-04 17:42:32,2021-08-04 17:49:14,W 51 St & Rockefeller Plaza,6700,E 48 St & 3 Ave,6541,40.75969995906254,-73.97808194160461,40.7546011026,-73.971878855,member
2716398,55C0DF478DEBEAE9,classic_bike,2021-08-20 21:47:55,2021-08-20 22:03:53,E 44 St & 2 Ave,6422,E 48 St & 3 Ave,6541,40.75118387463277,-73.97138714790344,40.7546011026,-73.971878855,member
2716402,B46350FD6F09D7BA,classic_bike,2021-08-15 03:48:04,2021-08-15 03:51:17,E 44 St & 2 Ave,6422,E 48 St & 3 Ave,6541,40.75118387463277,-73.97138714790344,40.7546011026,-73.971878855,casual
2716412,B9D7407012779317,classic_bike,2021-08-23 12:25:49,2021-08-23 12:28:22,E 53 St & Lexington Ave,6617,E 48 St & 3 Ave,6541,40.75828065,-73.97069431,40.7546011026,-73.971878855,member
2716423,4F2CE38278F426B6,classic_bike,2021-08-31 16:41:30,2021-08-31 16:47:40,W 51 St & Rockefeller Plaza,6700,E 48 St & 3 Ave,6541,40.75969995906254,-73.97808194160461,40.7546011026,-73.971878855,member
2716434,8C20BC1BEB2459DF,classic_bike,2021-08-04 07:41:40,2021-08-04 07:46:22,E 53 St & Lexington Ave,6617,E 48 St & 3 Ave,6541,40.75828065,-73.97069431,40.7546011026,-73.971878855,member
2716435,02A3AAAB2BF7BB80,electric_bike,2021-08-10 08:26:28,2021-08-10 08:35:37,E 53 St & Lexington Ave,6617,E 48 St & 3 Ave,6541,40.75828065,-73.97069431,40.7546011026,-73.971878855,member
2716450,4CC91C2151047C40,classic_bike,2021-08-02 15:12:54,2021-08-02 15:23:32,Grand Army Plaza & Central Park S,6839,E 48 St & 3 Ave,6541,40.7643971,-73.97371465,40.7546011026,-73.971878855,casual
2716456,976284FC1F99DA05,electric_bike,2021-08-26 10:29:02,2021-08-26 10:34:05,W 51 St & Rockefeller Plaza,6700,E 48 St & 3 Ave,6541,40.75969995906254,-73.97808194160461,40.7546011026,-73.971878855,member
2716464,049CED28E402B07A,classic_bike,2021-08-13 08:25:01,2021-08-13 08:52:39,W 95 St & Broadway,7541,E 48 St & 3 Ave,6541,40.7937704,-73.971888,40.7546011026,-73.971878855,member
2716467,1F842ECF1CAF6FFD,classic_bike,2021-08-01 08:39:30,2021-08-01 08:42:23,E 44 St & 2 Ave,6422,E 48 St & 3 Ave,6541,40.75118387463277,-73.97138714790344,40.7546011026,-73.971878855,member
2716468,246ECD51729FCA73,classic_bike,2021-08-11 19:45:30,2021-08-11 19:56:53,W 43 St & 10 Ave,6756,E 48 St & 3 Ave,6541,40.76009437,-73.99461843,40.7546011026,-73.971878855,casual
2716486,032C52F0E9993B73,electric_bike,2021-08-17 08:50:22,2021-08-17 09:06:56,Grand Army Plaza & Central Park S,6839,E 48 St & 3 Ave,6541,40.7643971,-73.97371465,40.7546011026,-73.971878855,member
2716493,FEB5569239D70F8E,classic_bike,2021-08-29 11:26:19,2021-08-29 11:34:41,Grand Army Plaza & Central Park S,6839,E 48 St & 3 Ave,6541,40.7643971,-73.97371465,40.7546011026,-73.971878855,member
2716496,08ABFC20685C0D6D,classic_bike,2021-08-14 15:58:58,2021-08-14 16:01:09,E 53 St & Lexington Ave,6617,E 48 St & 3 Ave,6541,40.75828065,-73.97069431,40.7546011026,-73.971878855,member
2716557,4AD4C0BD95BDE9D7,docked_bike,2021-08-04 11:05:01,2021-08-04 12:15:18,E 44 St & Lexington Ave,6464,E 48 St & 3 Ave,6541,40.752643,-73.974996,40.754601,-73.971879,casual
2716560,6489F9149179089C,classic_bike,2021-08-05 09:28:42,2021-08-05 09:36:13,2 Ave & E 55 St,6650,E 48 St & 3 Ave,6541,40.757920208794026,-73.96638214588165,40.7546011026,-73.971878855,member
2716582,45B7112448668656,classic_bike,2021-08-17 02:02:30,2021-08-17 02:13:23,W 37 St & 5 Ave,6398,E 48 St & 3 Ave,6541,40.75038009,-73.98338988,40.7546011026,-73.971878855,member
2716596,10824C0AD920244E,docked_bike,2021-08-17 08:35:59,2021-08-17 08:37:46,E 44 St & Lexington Ave,6464,E 48 St & 3 Ave,6541,40.752643,-73.974996,40.754601,-73.971879,casual
2716608,3A2D22DB3742D260,classic_bike,2021-08-27 07:45:31,2021-08-27 07:47:34,E 44 St & Lexington Ave,6464,E 48 St & 3 Ave,6541,40.752643,-73.974996,40.7546011026,-73.971878855,member
2716610,96E51210E8F7A605,classic_bike,2021-08-06 06:27:11,2021-08-06 07:13:45,W 13 St & 7 Ave,6030,E 48 St & 3 Ave,6541,40.73781509,-73.99994661,40.7546011026,-73.971878855,member
2716612,C4990D9998B15C75,classic_bike,2021-08-17 08:23:47,2021-08-17 08:31:35,E 44 St & Lexington Ave,6464,E 48 St & 3 Ave,6541,40.752643,-73.974996,40.7546011026,-73.971878855,member
2716616,1D9B12D291A11FAA,classic_bike,2021-08-18 14:00:52,2021-08-18 14:03:14,E 44 St & Lexington Ave,6464,E 48 St & 3 Ave,6541,40.752643,-73.974996,40.7546011026,-73.971878855,member
2716639,A4FF83881A3A50B1,classic_bike,2021-08-24 17:25:53,2021-08-24 17:47:34,Mt Morris Park W & W 120 St,7685,E 48 St & 3 Ave,6541,40.804038,-73.945925,40.7546011026,-73.971878855,casual
2716648,995C655C5337368A,classic_bike,2021-08-31 15:15:28,2021-08-31 15:18:09,E 44 St & Lexington Ave,6464,E 48 St & 3 Ave,6541,40.752643,-73.974996,40.7546011026,-73.971878855,member
2716650,BF371F57433BA778,classic_bike,2021-08-19 18:14:14,2021-08-19 18:20:36,2 Ave & E 55 St,6650,E 48 St & 3 Ave,6541,40.757920208794026,-73.96638214588165,40.7546011026,-73.971878855,member
2716657,EBCE25C0CB73DB36,classic_bike,2021-08-16 20:07:37,2021-08-16 20:38:01,Rivington St & Ridge St,5406,E 48 St & 3 Ave,6541,40.71850211,-73.98329859,40.7546011026,-73.971878855,member
2716676,4A2820FF03820B1C,classic_bike,2021-08-15 12:52:21,2021-08-15 13:05:25,E 15 St & 3 Ave,5863,E 48 St & 3 Ave,6541,40.734232,-73.986923,40.7546011026,-73.971878855,casual
2716680,0CF68DD04D15FC96,classic_bike,2021-08-17 09:32:34,2021-08-17 09:46:42,2 Ave & E 55 St,6650,E 48 St & 3 Ave,6541,40.757920208794026,-73.96638214588165,40.7546011026,-73.971878855,casual
2716690,4DD1326F3E078ACF,classic_bike,2021-08-03 08:50:01,2021-08-03 09:13:34,Rivington St & Ridge St,5406,E 48 St & 3 Ave,6541,40.71850211,-73.98329859,40.7546011026,-73.971878855,member
2716714,365A5031617D0DFC,classic_bike,2021-08-10 17:48:28,2021-08-10 18:05:19,E 15 St & 3 Ave,5863,E 48 St & 3 Ave,6541,40.734232,-73.986923,40.7546011026,-73.971878855,casual
2716722,E14DD5FCA940C19A,electric_bike,2021-08-12 19:38:23,2021-08-12 19:46:47,E 15 St & 3 Ave,5863,E 48 St & 3 Ave,6541,40.734232,-73.986923,40.7546011026,-73.971878855,member
2716726,F6CA4DDDB0E97947,classic_bike,2021-08-19 08:24:28,2021-08-19 08:26:18,E 44 St & Lexington Ave,6464,E 48 St & 3 Ave,6541,40.752643,-73.974996,40.7546011026,-73.971878855,member
2716757,DF1F703F7F2D0956,classic_bike,2021-08-06 06:33:05,2021-08-06 06:44:34,W 42 St & Dyer Ave,6644,E 48 St & 3 Ave,6541,40.75898481399634,-73.99379968643188,40.7546011026,-73.971878855,member
2716771,133B222AEC6D6376,electric_bike,2021-08-24 12:34:24,2021-08-24 13:04:57,Fulton St & Broadway,5175,E 48 St & 3 Ave,6541,40.711066,-74.009447,40.7546011026,-73.971878855,member
2716787,D7BC31705E9189FA,classic_bike,2021-08-18 09:29:05,2021-08-18 09:49:00,Bank St & Hudson St,5922,E 48 St & 3 Ave,6541,40.73652889,-74.00618026,40.7546011026,-73.971878855,member
2716798,F5DD58BFCD9D0256,classic_bike,2021-08-10 14:13:02,2021-08-10 14:15:23,E 44 St & Lexington Ave,6464,E 48 St & 3 Ave,6541,40.752643,-73.974996,40.7546011026,-73.971878855,member
2716817,278C9245B59B0C40,classic_bike,2021-08-19 09:01:30,2021-08-19 09:05:04,E 39 St & Lexington Ave,6389,E 48 St & 3 Ave,6541,40.7494985460252,-73.97729203113158,40.7546011026,-73.971878855,member
2716831,44B53347051653FF,classic_bike,2021-08-28 02:30:55,2021-08-28 02:35:12,E 48 St & 3 Ave,6541,E 39 St & Lexington Ave,6389,40.7546011026,-73.971878855,40.7494985460252,-73.97729203113158,member
2716840,BBDCF955BF109AB3,classic_bike,2021-08-14 21:29:13,2021-08-14 21:34:54,E 48 St & 3 Ave,6541,E 48 St & 3 Ave,6541,40.7546011026,-73.971878855,40.7546011026,-73.971878855,member
2716851,9995175651771021,classic_bike,2021-08-25 15:03:27,2021-08-25 15:10:38,E 48 St & 3 Ave,6541,E 39 St & Lexington Ave,6389,40.7546011026,-73.971878855,40.7494985460252,-73.97729203113158,casual
2716852,021B9E1B45A9EC65,classic_bike,2021-08-25 12:54:55,2021-08-25 13:00:08,E 39 St & Lexington Ave,6389,E 48 St & 3 Ave,6541,40.7494985460252,-73.97729203113158,40.7546011026,-73.971878855,casual
2716854,485FADFC4DBE9EA2,electric_bike,2021-08-04 12:13:40,2021-08-04 12:14:21,E 48 St & 3 Ave,6541,E 48 St & 3 Ave,6541,40.7546011026,-73.971878855,40.7546011026,-73.971878855,casual
2716871,F755C21465F630DB,classic_bike,2021-08-26 18:27:32,2021-08-26 20:05:59,E 48 St & 3 Ave,6541,E 48 St & 3 Ave,6541,40.7546011026,-73.971878855,40.7546011026,-73.971878855,casual
2716872,8DBD466AE3D5EDC1,electric_bike,2021-08-17 20:04:57,2021-08-17 21:56:49,E 48 St & 3 Ave,6541,E 48 St & 3 Ave,6541,40.7546011026,-73.971878855,40.7546011026,-73.971878855,casual
2716874,322EF3A3B1A180F0,classic_bike,2021-08-18 14:01:10,2021-08-18 14:18:25,Lafayette St & E 8 St,5788,E 48 St & 3 Ave,6541,40.73020660529954,-73.99102628231049,40.7546011026,-73.971878855,casual
2716879,3902AD220BB4F5EE,electric_bike,2021-08-04 06:47:54,2021-08-04 06:51:51,6 Ave & W 45 St,6593,E 48 St & 3 Ave,6541,40.756951,-73.982631,40.7546011026,-73.971878855,member
2716977,081C62E21B89D6E9,classic_bike,2021-08-24 16:54:56,2021-08-24 17:08:56,W 47 St & 6 Ave,6667,E 48 St & 3 Ave,6541,40.758397,-73.98255,40.7546011026,-73.971878855,casual
2716980,0CCBA227943E3EE7,classic_bike,2021-08-01 17:20:46,2021-08-01 18:01:01,W 26 St & 8 Ave,6297,E 48 St & 3 Ave,6541,40.74734825,-73.99723551,40.7546011026,-73.971878855,casual
2716983,1797A0D0F1039F79,classic_bike,2021-08-19 16:33:44,2021-08-19 16:42:42,W 47 St & 6 Ave,6667,E 48 St & 3 Ave,6541,40.758397,-73.98255,40.7546011026,-73.971878855,casual
2717001,8953B7990ED049BE,classic_bike,2021-08-08 16:23:55,2021-08-08 16:34:11,E 58 St & 1 Ave (NE Corner),6682,E 48 St & 3 Ave,6541,40.75892386377695,-73.96226227283478,40.7546011026,-73.971878855,casual
2717035,31668759C2407E52,electric_bike,2021-08-09 12:31:22,2021-08-09 12:55:13,E 48 St & 3 Ave,6541,E 48 St & 3 Ave,6541,40.7546011026,-73.971878855,40.7546011026,-73.971878855,member
2717040,0A37782B9CB6D220,classic_bike,2021-08-12 06:47:45,2021-08-12 06:52:45,6 Ave & W 45 St,6593,E 48 St & 3 Ave,6541,40.756951,-73.982631,40.7546011026,-73.971878855,member
2717044,16D6A102F10E9FC1,classic_bike,2021-08-18 23:26:14,2021-08-18 23:31:39,6 Ave & W 45 St,6593,E 48 St & 3 Ave,6541,40.756951,-73.982631,40.7546011026,-73.971878855,member
2717080,012BF8E43DE75175,classic_bike,2021-08-11 18:07:46,2021-08-11 18:12:57,E 48 St & 3 Ave,6541,E 48 St & 3 Ave,6541,40.7546011026,-73.971878855,40.7546011026,-73.971878855,casual
2717096,97F1619EF4B87DD3,classic_bike,2021-08-29 08:58:53,2021-08-29 09:18:53,E 39 St & Lexington Ave,6389,E 48 St & 3 Ave,6541,40.7494985460252,-73.97729203113158,40.7546011026,-73.971878855,casual
2717099,B0B65ED681441B43,classic_bike,2021-08-04 11:14:18,2021-08-04 14:45:40,E 48 St & 3 Ave,6541,E 48 St & 3 Ave,6541,40.7546011026,-73.971878855,40.7546011026,-73.971878855,casual
2717107,EA63ADA682861C49,classic_bike,2021-08-29 12:52:06,2021-08-29 12:52:27,E 48 St & 3 Ave,6541,E 48 St & 3 Ave,6541,40.7546011026,-73.971878855,40.7546011026,-73.971878855,casual
2717109,A763CDE435ACAB4B,classic_bike,2021-08-25 10:21:09,2021-08-25 10:21:17,E 48 St & 3 Ave,6541,E 48 St & 3 Ave,6541,40.7546011026,-73.971878855,40.7546011026,-73.971878855,member
2717128,52E72562971FFA20,classic_bike,2021-08-28 21:22:41,2021-08-28 22:49:17,E 48 St & 3 Ave,6541,E 48 St & 3 Ave,6541,40.7546011026,-73.971878855,40.7546011026,-73.971878855,casual
2717172,46EE2A92092EF687,classic_bike,2021-08-15 16:04:58,2021-08-15 16:19:48,Riverside Blvd & W 67 St,7183,E 48 St & 3 Ave,6541,40.777507027547976,-73.98888587951659,40.7546011026,-73.971878855,casual
2717182,8D3C97062261619E,electric_bike,2021-08-18 09:33:40,2021-08-18 09:51:00,1 Ave & E 68 St,6822,E 48 St & 3 Ave,6541,40.76500525,-73.95818491,40.7546011026,-73.971878855,casual
2717185,8470E6B234FF1644,classic_bike,2021-08-05 18:45:12,2021-08-05 18:52:36,E 58 St & 1 Ave (NE Corner),6682,E 48 St & 3 Ave,6541,40.75892386377695,-73.96226227283478,40.7546011026,-73.971878855,member
2717201,9BE2BB07D5A8F7AA,electric_bike,2021-08-02 14:57:31,2021-08-02 15:15:07,W 22 St & 10 Ave,6306,E 48 St & 3 Ave,6541,40.74691959,-74.00451887,40.7546011026,-73.971878855,member
2717210,5D0780D058FCC1B7,classic_bike,2021-08-12 07:46:06,2021-08-12 07:51:27,W 47 St & 6 Ave,6667,E 48 St & 3 Ave,6541,40.758397,-73.98255,40.7546011026,-73.971878855,member
2717219,B22121C8FFDB7B52,classic_bike,2021-08-20 08:10:07,2021-08-20 08:19:39,2 Ave & E 29 St,6122,E 48 St & 3 Ave,6541,40.74172351097472,-73.97809267044067,40.7546011026,-73.971878855,member
2717220,B787D3AA069CCA59,electric_bike,2021-08-25 08:23:58,2021-08-25 08:32:10,2 Ave & E 29 St,6122,E 48 St & 3 Ave,6541,40.74172351097472,-73.97809267044067,40.7546011026,-73.971878855,member
2717221,C62D9DF7067A1543,electric_bike,2021-08-31 12:31:47,2021-08-31 12:40:55,2 Ave & E 29 St,6122,E 48 St & 3 Ave,6541,40.74172351097472,-73.97809267044067,40.7546011026,-73.971878855,member
2717227,59FB079E036620AE,electric_bike,2021-08-06 12:42:34,2021-08-06 12:54:27,W 35 St & 9 Ave,6569,E 48 St & 3 Ave,6541,40.75414519263519,-73.9960889518261,40.7546011026,-73.971878855,member
2717233,AA6FD1934D290FCB,classic_bike,2021-08-06 16:50:48,2021-08-06 17:10:38,9 Ave & W 22 St,6266,E 48 St & 3 Ave,6541,40.7454973,-74.00197139,40.7546011026,-73.971878855,member
2717254,F4116B1A53814001,electric_bike,2021-08-15 13:32:04,2021-08-15 13:43:13,W 54 St & 9 Ave,6920,E 48 St & 3 Ave,6541,40.76584941,-73.98690506,40.7546011026,-73.971878855,member
2717279,65D6F5B059DD3D3D,electric_bike,2021-08-23 08:33:32,2021-08-23 08:42:03,2 Ave & E 29 St,6122,E 48 St & 3 Ave,6541,40.74172351097472,-73.97809267044067,40.7546011026,-73.971878855,member
2717280,472391036D0132D8,electric_bike,2021-08-11 08:42:06,2021-08-11 08:51:00,2 Ave & E 29 St,6122,E 48 St & 3 Ave,6541,40.74172351097472,-73.97809267044067,40.7546011026,-73.971878855,member
2717325,D7EA1A74AA7A80E1,electric_bike,2021-08-14 08:54:33,2021-08-14 09:42:18,E 47 St & Park Ave,6584,E 48 St & 3 Ave,6541,40.75510267,-73.97498696,40.7546011026,-73.971878855,member
2717353,72F3596B258DEB41,electric_bike,2021-08-06 16:08:13,2021-08-06 16:17:51,W 54 St & 9 Ave,6920,E 48 St & 3 Ave,6541,40.76584941,-73.98690506,40.7546011026,-73.971878855,member
2717367,F14DBB24C21C77BF,classic_bike,2021-08-12 08:30:29,2021-08-12 08:32:05,E 47 St & Park Ave,6584,E 48 St & 3 Ave,6541,40.75510267,-73.97498696,40.7546011026,-73.971878855,member
2717370,16C79061962D52D0,classic_bike,2021-08-10 08:36:55,2021-08-10 08:48:10,2 Ave & E 31 St,6197,E 48 St & 3 Ave,6541,40.74290902,-73.97706058,40.7546011026,-73.971878855,member
2717378,84C053173A5EEA1D,docked_bike,2021-08-13 21:21:14,2021-08-14 06:31:02,2 Ave & E 31 St,6197,E 48 St & 3 Ave,6541,40.742909,-73.977061,40.754601,-73.971879,casual
2717398,9F388BF049EA822D,docked_bike,2021-08-13 21:20:44,2021-08-13 21:37:37,2 Ave & E 31 St,6197,E 48 St & 3 Ave,6541,40.742909,-73.977061,40.754601,-73.971879,casual
2717422,3B18566940201DE7,classic_bike,2021-08-03 06:37:14,2021-08-03 06:48:09,E 23 St & 1 Ave,5929,E 48 St & 3 Ave,6541,40.736502,-73.97809472,40.7546011026,-73.971878855,member
2717427,FB24523BC3E686F9,classic_bike,2021-08-24 09:35:44,2021-08-24 09:58:28,Gansevoort St & Hudson St,6072,E 48 St & 3 Ave,6541,40.73944820130404,-74.00507032871246,40.7546011026,-73.971878855,member
2717515,4E57103108F0798C,classic_bike,2021-08-27 07:17:28,2021-08-27 07:36:38,2 Ave & E 96 St,7338,E 48 St & 3 Ave,6541,40.7839636,-73.9471673,40.7546011026,-73.971878855,member
2717519,8634714A0A9F9F34,classic_bike,2021-08-31 09:41:23,2021-08-31 10:09:17,Riverside Dr & W 91 St,7524,E 48 St & 3 Ave,6541,40.79313480986663,-73.97700369358063,40.7546011026,-73.971878855,member
2717541,CD81C5721C202AFC,docked_bike,2021-08-11 16:19:50,2021-08-11 16:32:50,Central Park S & 6 Ave,6876,E 48 St & 3 Ave,6541,40.765909,-73.976342,40.754601,-73.971879,casual
2717569,8EF6725FC041B27E,classic_bike,2021-08-12 07:35:25,2021-08-12 08:00:55,Franklin St & Dupont St,5944,E 48 St & 3 Ave,6541,40.73564,-73.95866,40.7546011026,-73.971878855,member
2717584,A8FAC30FFAFC65B7,classic_bike,2021-08-25 20:01:20,2021-08-25 20:02:55,E 45 St & 3 Ave,6464,E 48 St & 3 Ave,6541,40.75255434,-73.97282625,40.7546011026,-73.971878855,member
2717588,D534EAF314407CCA,classic_bike,2021-08-08 00:55:08,2021-08-08 01:14:52,Allen St & Rivington St,5414,E 48 St & 3 Ave,6541,40.72019576,-73.98997825,40.7546011026,-73.971878855,casual
2717606,5D98AF29E64D9F15,electric_bike,2021-08-13 15:12:02,2021-08-13 15:21:20,Broadway & E 21 St,6098,E 48 St & 3 Ave,6541,40.73988840858996,-73.98958593606949,40.7546011026,-73.971878855,member
2717616,3EC5D6F69AC6E786,electric_bike,2021-08-11 12:58:35,2021-08-11 13:07:22,Broadway & E 21 St,6098,E 48 St & 3 Ave,6541,40.73988840858996,-73.98958593606949,40.7546011026,-73.971878855,member
2717621,250420B793AB4605,electric_bike,2021-08-07 11:34:22,2021-08-07 11:44:53,Broadway & E 21 St,6098,E 48 St & 3 Ave,6541,40.73988840858996,-73.98958593606949,40.7546011026,-73.971878855,casual
2717628,253F965856C067AB,classic_bike,2021-08-13 17:39:27,2021-08-13 17:58:10,Broadway & E 21 St,6098,E 48 St & 3 Ave,6541,40.73988840858996,-73.98958593606949,40.7546011026,-73.971878855,member
2717675,EF3783200670E124,electric_bike,2021-08-10 09:23:03,2021-08-10 10:00:06,Putnam Ave & Throop Ave,4392,E 48 St & 3 Ave,6541,40.6851532,-73.94111,40.7546011026,-73.971878855,member
2717706,9C8375F95A92147C,electric_bike,2021-08-16 15:20:26,2021-08-16 15:38:49,Amsterdam Ave & W 73 St,7260,E 48 St & 3 Ave,6541,40.77966809007312,-73.98093044757842,40.7546011026,-73.971878855,member
2717707,697F4CB6BFF29545,electric_bike,2021-08-29 03:45:23,2021-08-29 04:00:08,4 Ave & E 12 St,5788,E 48 St & 3 Ave,6541,40.732647,-73.99011,40.7546011026,-73.971878855,member
2717714,BF5A7B5F4ED1A1C7,classic_bike,2021-08-25 06:44:13,2021-08-25 06:49:34,E 55 St & 2 Ave,6650,E 48 St & 3 Ave,6541,40.75797322,-73.96603308,40.7546011026,-73.971878855,casual
2717716,51AE20DF9E8795FE,electric_bike,2021-08-05 10:46:22,2021-08-05 10:53:07,W 52 St & 6 Ave,6740,E 48 St & 3 Ave,6541,40.76132983124814,-73.97982001304626,40.7546011026,-73.971878855,member
2717718,FF80F8FC6C272D56,classic_bike,2021-08-13 08:49:57,2021-08-13 08:59:53,3 Ave & E 62 St,6762,E 48 St & 3 Ave,6541,40.76312584,-73.96526895,40.7546011026,-73.971878855,member
2717762,A18B9D9E7AE7F02F,classic_bike,2021-08-16 12:39:37,2021-08-16 12:59:36,4 Ave & E 12 St,5788,E 48 St & 3 Ave,6541,40.732647,-73.99011,40.7546011026,-73.971878855,member
2717775,3C105ED0853779A6,classic_bike,2021-08-17 16:14:59,2021-08-17 16:18:36,E 51 St & Lexington Ave,6659,E 48 St & 3 Ave,6541,40.75714758,-73.97207836,40.7546011026,-73.971878855,member
2717779,B6987158958780C6,classic_bike,2021-08-23 19:53:39,2021-08-23 20:08:40,E 72 St & York Ave,6889,E 48 St & 3 Ave,6541,40.76663814,-73.95348296,40.7546011026,-73.971878855,member
2717786,2B3AE4537E646642,classic_bike,2021-08-27 23:25:16,2021-08-27 23:36:22,5 Ave & E 29 St,6248,E 48 St & 3 Ave,6541,40.7451677,-73.98683077,40.7546011026,-73.971878855,casual
2717809,6844508BC508C195,classic_bike,2021-08-06 08:18:46,2021-08-06 08:39:06,W 84 St & Broadway,7409,E 48 St & 3 Ave,6541,40.7867947,-73.977112,40.7546011026,-73.971878855,member
2717823,CECF35D96F87ED70,classic_bike,2021-08-29 16:20:29,2021-08-29 16:37:48,Riverside Dr & W 72 St,7288,E 48 St & 3 Ave,6541,40.78057799010334,-73.98562431335449,40.7546011026,-73.971878855,member
2717825,1DEDAAE927A68EA6,classic_bike,2021-08-30 15:56:54,2021-08-30 16:13:55,5 Ave & E 29 St,6248,E 48 St & 3 Ave,6541,40.7451677,-73.98683077,40.7546011026,-73.971878855,member
2717831,E4F79F8B270756ED,classic_bike,2021-08-03 17:44:32,2021-08-03 18:25:37,Central Park North & Adam Clayton Powell Blvd,7617,E 48 St & 3 Ave,6541,40.799484,-73.955613,40.7546011026,-73.971878855,casual
2717847,44A78AE2F4277581,classic_bike,2021-08-12 08:27:01,2021-08-12 08:47:16,Central Park W & W 91 St,7453,E 48 St & 3 Ave,6541,40.78866499127884,-73.96680057048798,40.7546011026,-73.971878855,member
2717899,303C958BEFB30ACB,electric_bike,2021-08-06 15:08:30,2021-08-06 15:33:28,Central Park North & Adam Clayton Powell Blvd,7617,E 48 St & 3 Ave,6541,40.799484,-73.955613,40.7546011026,-73.971878855,member
2717901,35EE7EFC959EAC67,classic_bike,2021-08-06 09:47:58,2021-08-06 09:54:11,Lexington Ave & E 36 St,6313,E 48 St & 3 Ave,6541,40.7475739589548,-73.9788007736206,40.7546011026,-73.971878855,member
2717922,AAE26CD538A457E9,classic_bike,2021-08-27 08:41:13,2021-08-27 08:46:29,Lexington Ave & E 36 St,6313,E 48 St & 3 Ave,6541,40.7475739589548,-73.9788007736206,40.7546011026,-73.971878855,member
2717939,E63E56457BB6D2C1,classic_bike,2021-08-09 15:16:36,2021-08-09 15:24:49,Broadway & W 51 St,6779,E 48 St & 3 Ave,6541,40.76228826,-73.98336183,40.7546011026,-73.971878855,member
2717957,CE71E42CC05449E3,classic_bike,2021-08-11 07:51:08,2021-08-11 08:16:29,Jay St & York St,4895,E 48 St & 3 Ave,6541,40.70140317257725,-73.98672670125961,40.7546011026,-73.971878855,member
2717961,FEA42A9B7A3E4084,electric_bike,2021-08-18 15:48:41,2021-08-18 15:53:58,E 31 St & 3 Ave,6239,E 48 St & 3 Ave,6541,40.74394314,-73.97966069,40.7546011026,-73.971878855,member
2717965,D0F270A1A938058E,classic_bike,2021-08-18 08:27:21,2021-08-18 08:35:38,E 31 St & 3 Ave,6239,E 48 St & 3 Ave,6541,40.74394314,-73.97966069,40.7546011026,-73.971878855,member
2717975,3DCE1AE112C39FD2,classic_bike,2021-08-26 05:44:53,2021-08-26 05:50:01,E 50 St & Park Ave,6659,E 48 St & 3 Ave,6541,40.757334,-73.974235,40.7546011026,-73.971878855,member
2718003,7C67DBE34E63EE75,classic_bike,2021-08-24 17:36:17,2021-08-24 17:59:11,Centre St & Worth St,5279,E 48 St & 3 Ave,6541,40.71494807,-74.00234482,40.7546011026,-73.971878855,member
2718051,2D4AAA583FAA9E7D,classic_bike,2021-08-03 08:31:37,2021-08-03 08:37:51,Broadway & W 51 St,6779,E 48 St & 3 Ave,6541,40.76228826,-73.98336183,40.7546011026,-73.971878855,member
2718056,80A9D42FFF7F3CB4,electric_bike,2021-08-20 12:05:38,2021-08-20 12:11:49,E 31 St & 3 Ave,6239,E 48 St & 3 Ave,6541,40.74394314,-73.97966069,40.7546011026,-73.971878855,member
2718077,4A388F3FBADEBAC3,classic_bike,2021-08-12 09:38:02,2021-08-12 10:05:55,Jay St & York St,4895,E 48 St & 3 Ave,6541,40.70140317257725,-73.98672670125961,40.7546011026,-73.971878855,member
2718091,D6F330EB16E58177,classic_bike,2021-08-17 13:38:51,2021-08-17 14:23:58,11 Ave & W 41 St,6726,E 48 St & 3 Ave,6541,40.76030096,-73.99884222,40.7546011026,-73.971878855,casual
2718119,472402B3D4F04CBA,classic_bike,2021-08-13 11:52:43,2021-08-13 12:12:39,E 25 St & 1 Ave,6004,E 48 St & 3 Ave,6541,40.7381765,-73.97738662,40.7546011026,-73.971878855,casual
2718137,68E7F9F9B73D573F,classic_bike,2021-08-31 16:59:14,2021-08-31 17:15:26,E 72 St & York Ave,6889,E 48 St & 3 Ave,6541,40.76663814,-73.95348296,40.7546011026,-73.971878855,member
2718161,07FC28B13DA0ABE9,classic_bike,2021-08-30 16:14:17,2021-08-30 16:45:48,Mott St & Prince St,5561,E 48 St & 3 Ave,6541,40.72317958,-73.99480012,40.7546011026,-73.971878855,casual
2718174,E57C6DD70E706350,classic_bike,2021-08-10 06:30:23,2021-08-10 06:46:34,Riverside Dr & W 72 St,7288,E 48 St & 3 Ave,6541,40.78057799010334,-73.98562431335449,40.7546011026,-73.971878855,member
2718192,097B5F535E70D54A,electric_bike,2021-08-28 17:19:31,2021-08-28 17:38:42,W 11 St & 6 Ave,5914,E 48 St & 3 Ave,6541,40.73532427,-73.99800419,40.7546011026,-73.971878855,member
2718194,E82EA5AF9BE0C434,classic_bike,2021-08-10 11:52:50,2021-08-10 11:57:17,E 41 St & Madison Ave,6474,E 48 St & 3 Ave,6541,40.752165280621966,-73.97992193698882,40.7546011026,-73.971878855,member
2718235,730DC2A55618DB94,classic_bike,2021-08-09 05:50:37,2021-08-09 06:02:23,8 Ave & W 31 St,6450,E 48 St & 3 Ave,6541,40.7505853470215,-73.9946848154068,40.7546011026,-73.971878855,casual
2718240,6B9F43D8F81866E6,classic_bike,2021-08-05 07:40:35,2021-08-05 07:51:09,8 Ave & W 31 St,6450,E 48 St & 3 Ave,6541,40.7505853470215,-73.9946848154068,40.7546011026,-73.971878855,member
2718287,AFA2DB5A55FEA050,classic_bike,2021-08-12 21:25:36,2021-08-12 21:39:12,E 25 St & 1 Ave,6004,E 48 St & 3 Ave,6541,40.7381765,-73.97738662,40.7546011026,-73.971878855,casual
2718293,DD8B6F833A6E35B9,classic_bike,2021-08-16 07:30:59,2021-08-16 07:52:49,Amsterdam Ave & W 82 St,7360,E 48 St & 3 Ave,6541,40.78524672,-73.97667321,40.7546011026,-73.971878855,member
2718298,99129F97B1E0211E,classic_bike,2021-08-20 08:05:42,2021-08-20 08:25:42,Amsterdam Ave & W 82 St,7360,E 48 St & 3 Ave,6541,40.78524672,-73.97667321,40.7546011026,-73.971878855,member
2718302,AC2E93F7D20EC266,electric_bike,2021-08-12 20:36:58,2021-08-12 20:47:10,Broadway & E 21 St,6098,E 48 St & 3 Ave,6541,40.73988840858996,-73.98958593606949,40.7546011026,-73.971878855,member
2718319,B9C348ED15309B6F,electric_bike,2021-08-04 09:26:28,2021-08-04 09:49:30,Leonard St & Church St,5359,E 48 St & 3 Ave,6541,40.717571,-74.005549,40.7546011026,-73.971878855,member
2718331,D3126586F2002F7A,electric_bike,2021-08-25 19:13:20,2021-08-25 19:41:35,Sands St & Jay St,4821,E 48 St & 3 Ave,6541,40.700119,-73.9862,40.7546011026,-73.971878855,member
2718333,50DBD969F749E47A,classic_bike,2021-08-10 12:40:16,2021-08-10 13:05:03,Amsterdam Ave & W 82 St,7360,E 48 St & 3 Ave,6541,40.78524672,-73.97667321,40.7546011026,-73.971878855,member
2718372,21031F5E2F92A547,classic_bike,2021-08-16 09:24:01,2021-08-16 09:51:47,8 Ave & W 31 St,6450,E 48 St & 3 Ave,6541,40.7505853470215,-73.9946848154068,40.7546011026,-73.971878855,casual
2718442,835105A470A89C87,classic_bike,2021-08-28 02:59:16,2021-08-28 03:04:48,W 51 St & 6 Ave,6740,E 48 St & 3 Ave,6541,40.7606597,-73.98042047,40.7546011026,-73.971878855,casual
2718446,6CA68A2C1DE2956B,electric_bike,2021-08-06 02:51:41,2021-08-06 03:15:51,W 22 St & 8 Ave,6224,E 48 St & 3 Ave,6541,40.74475148,-73.99915362,40.7546011026,-73.971878855,casual
2718451,215C3B881C6DA659,electric_bike,2021-08-17 09:14:55,2021-08-17 09:22:56,E 27 St & 1 Ave,6004,E 48 St & 3 Ave,6541,40.739445,-73.976806,40.7546011026,-73.971878855,member
2718462,DE778C8ED7B9B20D,classic_bike,2021-08-22 02:40:36,2021-08-22 02:51:19,W 33 St & 7 Ave,6407,E 48 St & 3 Ave,6541,40.75019995,-73.99093085,40.7546011026,-73.971878855,member
2718464,5535E1E9A3225CA4,classic_bike,2021-08-12 06:11:35,2021-08-12 06:21:18,W 33 St & 7 Ave,6407,E 48 St & 3 Ave,6541,40.75019995,-73.99093085,40.7546011026,-73.971878855,member
2718468,DF8630B401DB332E,classic_bike,2021-08-26 06:15:41,2021-08-26 06:27:23,W 33 St & 7 Ave,6407,E 48 St & 3 Ave,6541,40.75019995,-73.99093085,40.7546011026,-73.971878855,member
2718469,B9B66ABE397CBEE8,classic_bike,2021-08-11 06:11:32,2021-08-11 06:21:31,W 33 St & 7 Ave,6407,E 48 St & 3 Ave,6541,40.75019995,-73.99093085,40.7546011026,-73.971878855,member
2718472,4911EDBC7B513774,classic_bike,2021-08-07 00:05:44,2021-08-07 00:16:49,W 33 St & 7 Ave,6407,E 48 St & 3 Ave,6541,40.75019995,-73.99093085,40.7546011026,-73.971878855,member
2718473,8922E4F779257C4B,electric_bike,2021-08-12 09:15:55,2021-08-12 09:24:01,W 33 St & 7 Ave,6407,E 48 St & 3 Ave,6541,40.75019995,-73.99093085,40.7546011026,-73.971878855,member
2718495,24C9259588696214,classic_bike,2021-08-17 08:54:14,2021-08-17 09:04:39,W 33 St & 7 Ave,6407,E 48 St & 3 Ave,6541,40.75019995,-73.99093085,40.7546011026,-73.971878855,member
2718497,9E2590CD7D5B8478,classic_bike,2021-08-14 06:00:38,2021-08-14 06:11:59,W 33 St & 7 Ave,6407,E 48 St & 3 Ave,6541,40.75019995,-73.99093085,40.7546011026,-73.971878855,member
2718560,91E7C371921A05B7,classic_bike,2021-08-09 17:55:07,2021-08-09 18:14:03,9 Ave & W 22 St,6266,E 48 St & 3 Ave,6541,40.7454973,-74.00197139,40.7546011026,-73.971878855,member
2718563,9FC6F90CBA511C4D,classic_bike,2021-08-23 18:33:03,2021-08-23 18:45:26,5 Ave & E 93 St,7372,E 48 St & 3 Ave,6541,40.7857851,-73.957481,40.7546011026,-73.971878855,member
2718577,EA57C5185AAC452C,classic_bike,2021-08-25 13:42:51,2021-08-25 13:51:06,W 42 St & 6 Ave,6517,E 48 St & 3 Ave,6541,40.75492,-73.98455,40.7546011026,-73.971878855,member
2718595,DD29DD5B66F349C3,classic_bike,2021-08-05 10:42:39,2021-08-05 10:51:05,E 60 St & York Ave,6682,E 48 St & 3 Ave,6541,40.759107,-73.959223,40.7546011026,-73.971878855,member
2718619,E5F5A7B36689F391,classic_bike,2021-08-30 08:45:53,2021-08-30 08:49:01,E 51 St & 1 Ave,6532,E 48 St & 3 Ave,6541,40.75455731,-73.96592976,40.7546011026,-73.971878855,member
2718643,F725CCD8F6403885,classic_bike,2021-08-17 16:36:56,2021-08-17 16:40:35,Pershing Square South,6432,E 48 St & 3 Ave,6541,40.751581,-73.97791,40.7546011026,-73.971878855,member
2718661,C04DCF8C561CA1D0,classic_bike,2021-08-05 17:53:06,2021-08-05 17:57:31,Pershing Square South,6432,E 48 St & 3 Ave,6541,40.751581,-73.97791,40.7546011026,-73.971878855,casual
2718717,DBE04B87D19543D1,electric_bike,2021-08-07 11:13:00,2021-08-07 11:31:55,5 Ave & E 93 St,7372,E 48 St & 3 Ave,6541,40.7857851,-73.957481,40.7546011026,-73.971878855,member
2718718,BD1E914C8977ECED,electric_bike,2021-08-12 19:45:51,2021-08-12 19:56:28,5 Ave & E 93 St,7372,E 48 St & 3 Ave,6541,40.7857851,-73.957481,40.7546011026,-73.971878855,member
2718719,22AE6D91153F8CB1,classic_bike,2021-08-27 17:50:21,2021-08-27 18:04:07,5 Ave & E 93 St,7372,E 48 St & 3 Ave,6541,40.7857851,-73.957481,40.7546011026,-73.971878855,member
2718720,FF3297280C3DB9C1,classic_bike,2021-08-11 18:32:04,2021-08-11 18:47:19,5 Ave & E 93 St,7372,E 48 St & 3 Ave,6541,40.7857851,-73.957481,40.7546011026,-73.971878855,member
2718721,3557E6454BB69D9D,classic_bike,2021-08-05 16:12:27,2021-08-05 16:32:36,5 Ave & E 93 St,7372,E 48 St & 3 Ave,6541,40.7857851,-73.957481,40.7546011026,-73.971878855,member
2718743,355D52A38566DFCB,classic_bike,2021-08-03 09:10:13,2021-08-03 09:20:55,E 15 St & 3 Ave,5863,E 48 St & 3 Ave,6541,40.734232,-73.986923,40.7546011026,-73.971878855,member
2718750,5AC74A6776FD305B,classic_bike,2021-08-19 19:50:47,2021-08-19 19:52:53,E 44 St & Lexington Ave,6464,E 48 St & 3 Ave,6541,40.752643,-73.974996,40.7546011026,-73.971878855,member
2718775,9DC7052CCF8DA220,classic_bike,2021-08-18 21:01:49,2021-08-18 21:42:24,2 Ave & E 55 St,6650,E 48 St & 3 Ave,6541,40.757920208794026,-73.96638214588165,40.7546011026,-73.971878855,member
2718785,3B90B882DF4E512D,classic_bike,2021-08-26 09:06:46,2021-08-26 09:19:48,Central Park West & W 72 St,7141,E 48 St & 3 Ave,6541,40.77579376683666,-73.9762057363987,40.7546011026,-73.971878855,member
2718803,5A31F74EE473EF9B,classic_bike,2021-08-07 12:30:35,2021-08-07 12:47:51,Central Park West & W 72 St,7141,E 48 St & 3 Ave,6541,40.77579376683666,-73.9762057363987,40.7546011026,-73.971878855,casual
2718806,5AF395F2568AA67E,classic_bike,2021-08-11 08:59:36,2021-08-11 09:03:45,2 Ave & E 55 St,6650,E 48 St & 3 Ave,6541,40.757920208794026,-73.96638214588165,40.7546011026,-73.971878855,member
2718832,7D70EA699F670E02,classic_bike,2021-08-25 15:45:11,2021-08-25 15:55:03,E 68 St & 3 Ave,6896,E 48 St & 3 Ave,6541,40.76712840349542,-73.96224617958069,40.7546011026,-73.971878855,member
2718836,35F4A52443EB0781,classic_bike,2021-08-15 14:29:52,2021-08-15 14:32:54,E 44 St & Lexington Ave,6464,E 48 St & 3 Ave,6541,40.752643,-73.974996,40.7546011026,-73.971878855,member
2718839,50653E96B691C365,classic_bike,2021-08-24 08:09:30,2021-08-24 08:27:13,Riverside Dr & W 78 St,7340,E 48 St & 3 Ave,6541,40.78414472,-73.98362492,40.7546011026,-73.971878855,member
2718850,CA799D9FAC231020,electric_bike,2021-08-28 09:09:48,2021-08-28 09:52:17,Lewis Ave & Madison St,4425,E 48 St & 3 Ave,6541,40.686312,-73.935775,40.7546011026,-73.971878855,member
2718852,E2FF58959F8BA478,classic_bike,2021-08-17 11:07:56,2021-08-17 11:11:42,E 44 St & Lexington Ave,6464,E 48 St & 3 Ave,6541,40.752643,-73.974996,40.7546011026,-73.971878855,member
2718862,D816214DA5EEFDD5,electric_bike,2021-08-16 18:22:44,2021-08-16 18:47:17,E 118 St & 1 Ave,7596,E 48 St & 3 Ave,6541,40.79747,-73.93504,40.7546011026,-73.971878855,member
2718869,2CF84E9D6C2E4403,electric_bike,2021-08-18 07:53:47,2021-08-18 08:03:27,W 33 St & 7 Ave,6407,E 48 St & 3 Ave,6541,40.75019995,-73.99093085,40.7546011026,-73.971878855,member
2718872,0F00E7D68C8E5F10,electric_bike,2021-08-05 08:20:47,2021-08-05 08:33:16,W 25 St & 6 Ave,6215,E 48 St & 3 Ave,6541,40.74395411,-73.99144871,40.7546011026,-73.971878855,member
2718873,7A7F6FF226040A60,electric_bike,2021-08-06 08:35:18,2021-08-06 08:46:38,W 25 St & 6 Ave,6215,E 48 St & 3 Ave,6541,40.74395411,-73.99144871,40.7546011026,-73.971878855,member
2718896,7DF856F762DB3E31,electric_bike,2021-08-16 08:26:04,2021-08-16 08:36:31,W 34 St & 11 Ave,6578,E 48 St & 3 Ave,6541,40.75594159,-74.0021163,40.7546011026,-73.971878855,member
2718917,84781465C62B2207,classic_bike,2021-08-02 08:20:10,2021-08-02 08:33:17,W 25 St & 6 Ave,6215,E 48 St & 3 Ave,6541,40.74395411,-73.99144871,40.7546011026,-73.971878855,member
2718921,40494D7FBFE1D339,electric_bike,2021-08-03 11:12:09,2021-08-03 11:24:10,W 37 St & 10 Ave,6611,E 48 St & 3 Ave,6541,40.75660359,-73.9979009,40.7546011026,-73.971878855,member
2718944,B507AFF56E7E27CA,classic_bike,2021-08-31 09:33:41,2021-08-31 09:57:17,Rivington St & Ridge St,5406,E 48 St & 3 Ave,6541,40.71850211,-73.98329859,40.7546011026,-73.971878855,member
2718953,80270702098991F9,classic_bike,2021-08-04 07:19:32,2021-08-04 07:33:52,8 Ave & W 33 St,6450,E 48 St & 3 Ave,6541,40.751551,-73.993934,40.7546011026,-73.971878855,member
2718962,3BDB9E40392D63FA,classic_bike,2021-08-04 22:10:45,2021-08-04 22:22:30,8 Ave & W 33 St,6450,E 48 St & 3 Ave,6541,40.751551,-73.993934,40.7546011026,-73.971878855,casual
2718975,466451760FCAAEA4,classic_bike,2021-08-05 20:58:55,2021-08-05 21:14:51,W 25 St & 6 Ave,6215,E 48 St & 3 Ave,6541,40.74395411,-73.99144871,40.7546011026,-73.971878855,member
2718976,C846468AE3CC24F6,classic_bike,2021-08-03 15:01:44,2021-08-03 15:29:40,5 Ave & E 93 St,7372,E 48 St & 3 Ave,6541,40.7857851,-73.957481,40.7546011026,-73.971878855,member
2718978,EBBAA3A1529FBE67,classic_bike,2021-08-27 08:18:54,2021-08-27 08:31:36,W 25 St & 6 Ave,6215,E 48 St & 3 Ave,6541,40.74395411,-73.99144871,40.7546011026,-73.971878855,member
2718979,E34E95C4D638F8B2,classic_bike,2021-08-18 08:49:21,2021-08-18 09:02:05,W 25 St & 6 Ave,6215,E 48 St & 3 Ave,6541,40.74395411,-73.99144871,40.7546011026,-73.971878855,member
2719002,CE228B4A0767083F,classic_bike,2021-08-27 22:01:59,2021-08-27 22:16:01,8 Ave & W 33 St,6450,E 48 St & 3 Ave,6541,40.751551,-73.993934,40.7546011026,-73.971878855,member
2719025,24049E6C82D5C13A,electric_bike,2021-08-17 10:50:07,2021-08-17 11:06:22,8 Ave & W 33 St,6450,E 48 St & 3 Ave,6541,40.751551,-73.993934,40.7546011026,-73.971878855,member
2719053,F1EFA4CAAFB0BC0F,classic_bike,2021-08-30 11:29:02,2021-08-30 11:46:25,8 Ave & W 33 St,6450,E 48 St & 3 Ave,6541,40.751551,-73.993934,40.7546011026,-73.971878855,casual
2719060,C9FA3EE9A1E84B31,classic_bike,2021-08-12 12:04:38,2021-08-12 12:19:48,8 Ave & W 33 St,6450,E 48 St & 3 Ave,6541,40.751551,-73.993934,40.7546011026,-73.971878855,casual
2719071,EB6BE31CC7BBB406,classic_bike,2021-08-20 06:32:35,2021-08-20 06:41:55,8 Ave & W 33 St,6450,E 48 St & 3 Ave,6541,40.751551,-73.993934,40.7546011026,-73.971878855,casual
2719074,C1025122E816922E,electric_bike,2021-08-24 22:12:39,2021-08-24 22:26:54,8 Ave & W 33 St,6450,E 48 St & 3 Ave,6541,40.751551,-73.993934,40.7546011026,-73.971878855,casual
2719077,76A3B60F3553BD16,classic_bike,2021-08-29 12:55:27,2021-08-29 13:12:09,8 Ave & W 33 St,6450,E 48 St & 3 Ave,6541,40.751551,-73.993934,40.7546011026,-73.971878855,casual
2719087,6A59D8F8B0F390DB,classic_bike,2021-08-11 17:19:26,2021-08-11 17:24:12,W 51 St & Rockefeller Plaza,6700,E 48 St & 3 Ave,6541,40.75969995906254,-73.97808194160461,40.7546011026,-73.971878855,member
2719088,F009F0F8395B9BB3,classic_bike,2021-08-27 12:45:11,2021-08-27 12:53:02,W 51 St & Rockefeller Plaza,6700,E 48 St & 3 Ave,6541,40.75969995906254,-73.97808194160461,40.7546011026,-73.971878855,member
2719098,4F4240F46C1E3EEF,classic_bike,2021-08-11 08:46:44,2021-08-11 09:10:02,Central Park W & W 91 St,7453,E 48 St & 3 Ave,6541,40.78866499127884,-73.96680057048798,40.7546011026,-73.971878855,member
2719109,B4F44BBE5877F345,classic_bike,2021-08-05 07:19:55,2021-08-05 07:35:32,E 10 St & Avenue A,5659,E 48 St & 3 Ave,6541,40.72740794,-73.98142006,40.7546011026,-73.971878855,member
2719110,F5AC60789749E03B,classic_bike,2021-08-09 07:43:40,2021-08-09 07:58:52,E 10 St & Avenue A,5659,E 48 St & 3 Ave,6541,40.72740794,-73.98142006,40.7546011026,-73.971878855,member
2719111,CB0239C216D8A66E,classic_bike,2021-08-16 07:52:29,2021-08-16 08:09:12,E 10 St & Avenue A,5659,E 48 St & 3 Ave,6541,40.72740794,-73.98142006,40.7546011026,-73.971878855,member
2719137,F8E19BBAB511FF67,classic_bike,2021-08-15 17:31:48,2021-08-15 17:46:42,12 Ave & W 40 St,6765,E 48 St & 3 Ave,6541,40.76087502,-74.00277668,40.7546011026,-73.971878855,member
2719139,742545A37D088109,classic_bike,2021-08-03 07:47:27,2021-08-03 08:02:48,E 16 St & Irving Pl,5938,E 48 St & 3 Ave,6541,40.735367055605394,-73.98797392845154,40.7546011026,-73.971878855,member
2719142,F6B527CE34A9A35F,classic_bike,2021-08-10 07:07:14,2021-08-10 07:19:50,1 Ave & E 18 St,5854,E 48 St & 3 Ave,6541,40.73381219196632,-73.98054420948029,40.7546011026,-73.971878855,member
2719148,D8BA6C10A44AC273,classic_bike,2021-08-09 22:01:28,2021-08-09 22:16:23,E 13 St & Avenue A,5779,E 48 St & 3 Ave,6541,40.72966729392978,-73.98067966103554,40.7546011026,-73.971878855,casual
2719149,DC697C550B30298D,classic_bike,2021-08-29 17:59:39,2021-08-29 18:11:59,W 47 St & 10 Ave,6824,E 48 St & 3 Ave,6541,40.76269882,-73.99301222,40.7546011026,-73.971878855,casual
2719152,01A7E5520ADD6E65,electric_bike,2021-08-27 11:31:52,2021-08-27 13:37:57,1 Ave & E 18 St,5854,E 48 St & 3 Ave,6541,40.73381219196632,-73.98054420948029,40.7546011026,-73.971878855,casual
2719207,C406F1AC6B540684,classic_bike,2021-08-12 05:31:34,2021-08-12 05:41:03,W 42 St & 8 Ave,6602,E 48 St & 3 Ave,6541,40.7575699,-73.99098507,40.7546011026,-73.971878855,member
2719235,6F6BD8564EEA658A,classic_bike,2021-08-05 06:34:00,2021-08-05 06:46:15,W 42 St & 8 Ave,6602,E 48 St & 3 Ave,6541,40.7575699,-73.99098507,40.7546011026,-73.971878855,member
2719238,6ED091553C5FBF6C,classic_bike,2021-08-17 09:36:51,2021-08-17 09:55:48,E 2 St & Avenue A,5553,E 48 St & 3 Ave,6541,40.72307749068673,-73.98583620786667,40.7546011026,-73.971878855,member
2719251,4AF606282A4B1784,classic_bike,2021-08-11 05:32:06,2021-08-11 05:42:07,W 42 St & 8 Ave,6602,E 48 St & 3 Ave,6541,40.7575699,-73.99098507,40.7546011026,-73.971878855,member
2719252,CAF48EC9E1EEABD8,classic_bike,2021-08-12 07:27:08,2021-08-12 07:42:14,1 Ave & E 18 St,5854,E 48 St & 3 Ave,6541,40.73381219196632,-73.98054420948029,40.7546011026,-73.971878855,member
2719253,72AEC8832B452BDE,classic_bike,2021-08-30 07:37:23,2021-08-30 07:49:45,1 Ave & E 18 St,5854,E 48 St & 3 Ave,6541,40.73381219196632,-73.98054420948029,40.7546011026,-73.971878855,member
2719267,C9970A6F1B8FD9E2,classic_bike,2021-08-18 07:33:18,2021-08-18 07:46:58,1 Ave & E 18 St,5854,E 48 St & 3 Ave,6541,40.73381219196632,-73.98054420948029,40.7546011026,-73.971878855,member
2719320,485639E2F62204C1,electric_bike,2021-08-24 06:46:00,2021-08-24 06:59:30,E 6 St & Avenue D,5506,E 48 St & 3 Ave,6541,40.72228087,-73.97668709,40.7546011026,-73.971878855,member
2719345,AEADEE84EE2B65AE,classic_bike,2021-08-25 08:07:21,2021-08-25 08:20:33,E 15 St & 3 Ave,5863,E 48 St & 3 Ave,6541,40.734232,-73.986923,40.7546011026,-73.971878855,member
2719347,06F9E810E205F776,classic_bike,2021-08-06 10:52:34,2021-08-06 11:04:37,E 15 St & 3 Ave,5863,E 48 St & 3 Ave,6541,40.734232,-73.986923,40.7546011026,-73.971878855,member
2719365,0CDB9F0D0E663BA6,classic_bike,2021-08-31 08:44:41,2021-08-31 09:04:25,Central Park W & W 91 St,7453,E 48 St & 3 Ave,6541,40.78866499127884,-73.96680057048798,40.7546011026,-73.971878855,member
2719374,E418A383F599C84A,classic_bike,2021-08-03 16:33:08,2021-08-03 16:45:31,E 31 St & 3 Ave,6239,E 48 St & 3 Ave,6541,40.74394314,-73.97966069,40.7546011026,-73.971878855,member
2719375,F0F5179301171F51,classic_bike,2021-08-05 19:37:03,2021-08-05 19:42:15,Broadway & W 51 St,6779,E 48 St & 3 Ave,6541,40.76228826,-73.98336183,40.7546011026,-73.971878855,member
2719389,032719CDD74AF20E,classic_bike,2021-08-29 18:20:19,2021-08-29 18:27:50,E 31 St & 3 Ave,6239,E 48 St & 3 Ave,6541,40.74394314,-73.97966069,40.7546011026,-73.971878855,member
2719392,2828D8246EB70234,electric_bike,2021-08-19 15:57:54,2021-08-19 16:03:44,E 31 St & 3 Ave,6239,E 48 St & 3 Ave,6541,40.74394314,-73.97966069,40.7546011026,-73.971878855,member
2719393,B1E4545CC3C629D6,classic_bike,2021-08-11 08:42:03,2021-08-11 08:48:22,Broadway & W 51 St,6779,E 48 St & 3 Ave,6541,40.76228826,-73.98336183,40.7546011026,-73.971878855,member
2719394,2CD47CFD795EAB28,classic_bike,2021-08-05 18:02:28,2021-08-05 18:15:20,8 Ave & W 33 St,6450,E 48 St & 3 Ave,6541,40.751551,-73.993934,40.7546011026,-73.971878855,member
2719411,0354A721719CF76B,classic_bike,2021-08-26 17:20:16,2021-08-26 17:40:19,8 Ave & W 33 St,6450,E 48 St & 3 Ave,6541,40.751551,-73.993934,40.7546011026,-73.971878855,casual
2719422,2D95F01802024952,classic_bike,2021-08-24 10:06:35,2021-08-24 10:12:53,Broadway & W 51 St,6779,E 48 St & 3 Ave,6541,40.76228826,-73.98336183,40.7546011026,-73.971878855,member
2719424,8A1B367963E9C193,classic_bike,2021-08-26 08:30:05,2021-08-26 08:37:32,Broadway & W 51 St,6779,E 48 St & 3 Ave,6541,40.76228826,-73.98336183,40.7546011026,-73.971878855,member
2719428,EF268C1EAF84DC0F,classic_bike,2021-08-14 00:32:58,2021-08-14 00:38:14,E 31 St & 3 Ave,6239,E 48 St & 3 Ave,6541,40.74394314,-73.97966069,40.7546011026,-73.971878855,member
2719429,B38A22948D2212B2,classic_bike,2021-08-23 19:59:37,2021-08-23 20:10:06,E 31 St & 3 Ave,6239,E 48 St & 3 Ave,6541,40.74394314,-73.97966069,40.7546011026,-73.971878855,member
2719435,113F5E19864E4833,classic_bike,2021-08-25 08:28:51,2021-08-25 08:40:24,E 31 St & 3 Ave,6239,E 48 St & 3 Ave,6541,40.74394314,-73.97966069,40.7546011026,-73.971878855,member
2719439,077E9A9C9D558044,electric_bike,2021-08-31 04:38:19,2021-08-31 04:42:53,E 31 St & 3 Ave,6239,E 48 St & 3 Ave,6541,40.74394314,-73.97966069,40.7546011026,-73.971878855,casual
2719449,B7EE2E18D91FF0CD,electric_bike,2021-08-26 09:58:59,2021-08-26 10:04:55,Broadway & W 51 St,6779,E 48 St & 3 Ave,6541,40.76228826,-73.98336183,40.7546011026,-73.971878855,member
2719464,2CC4C6925422835F,classic_bike,2021-08-11 12:46:52,2021-08-11 13:10:38,Great Jones St,5636,E 48 St & 3 Ave,6541,40.72743423,-73.99379025,40.7546011026,-73.971878855,member
2719475,6BBF39A652AE8E82,classic_bike,2021-08-15 19:26:40,2021-08-15 19:34:16,E 31 St & 3 Ave,6239,E 48 St & 3 Ave,6541,40.74394314,-73.97966069,40.7546011026,-73.971878855,member
2719478,2E5DA835603305C7,classic_bike,2021-08-18 22:34:43,2021-08-18 22:41:12,Broadway & W 51 St,6779,E 48 St & 3 Ave,6541,40.76228826,-73.98336183,40.7546011026,-73.971878855,member
2719497,71D86A53282F10E1,electric_bike,2021-08-15 07:44:11,2021-08-15 08:22:21,W 110 St & Amsterdam Ave,7646,E 48 St & 3 Ave,6541,40.802692,-73.96295,40.7546011026,-73.971878855,casual
2719499,CCB347AC404A66E6,classic_bike,2021-08-28 13:43:29,2021-08-28 13:54:16,Broadway & W 51 St,6779,E 48 St & 3 Ave,6541,40.76228826,-73.98336183,40.7546011026,-73.971878855,casual
2719522,79760BF1D710CE87,electric_bike,2021-08-19 01:28:02,2021-08-19 01:41:30,8 Ave & W 33 St,6450,E 48 St & 3 Ave,6541,40.751551,-73.993934,40.7546011026,-73.971878855,casual
2719524,A6DCC383AF3C2A42,classic_bike,2021-08-21 17:12:49,2021-08-21 17:26:49,6 Ave & W 33 St,6364,E 48 St & 3 Ave,6541,40.74901271,-73.98848395,40.7546011026,-73.971878855,member
2719552,4CC7563525E46722,classic_bike,2021-08-16 04:29:30,2021-08-16 04:48:30,E 82 St & East End Ave,7049,E 48 St & 3 Ave,6541,40.7724607,-73.9468208,40.7546011026,-73.971878855,casual
2719568,46A0A248F42CD505,electric_bike,2021-08-10 14:11:15,2021-08-10 14:19:52,6 Ave & W 33 St,6364,E 48 St & 3 Ave,6541,40.74901271,-73.98848395,40.7546011026,-73.971878855,member
2719574,A7C7F3BBC578CB05,docked_bike,2021-08-28 19:17:03,2021-08-28 19:29:41,6 Ave & W 33 St,6364,E 48 St & 3 Ave,6541,40.749013,-73.988484,40.754601,-73.971879,casual
2719587,776F88AFAA070CB2,classic_bike,2021-08-01 21:39:45,2021-08-01 22:00:05,University Pl & E 14 St,5905,E 48 St & 3 Ave,6541,40.734814,-73.992085,40.7546011026,-73.971878855,member
2719599,C7CD80CCD5B37F87,classic_bike,2021-08-24 06:32:03,2021-08-24 06:43:24,W 42 St & Dyer Ave,6644,E 48 St & 3 Ave,6541,40.75898481399634,-73.99379968643188,40.7546011026,-73.971878855,member
2719601,2A8BC017E66E1795,classic_bike,2021-08-17 06:35:41,2021-08-17 06:52:26,W 42 St & Dyer Ave,6644,E 48 St & 3 Ave,6541,40.75898481399634,-73.99379968643188,40.7546011026,-73.971878855,member
2719619,45DD99E3E6338210,classic_bike,2021-08-06 09:57:45,2021-08-06 10:12:21,E 66 St & Madison Ave,6969,E 48 St & 3 Ave,6541,40.76800889305947,-73.96845281124115,40.7546011026,-73.971878855,member
2719628,0E24484D4183E76A,classic_bike,2021-08-21 17:12:54,2021-08-21 17:34:02,E 82 St & East End Ave,7049,E 48 St & 3 Ave,6541,40.7724607,-73.9468208,40.7546011026,-73.971878855,member
2719646,3FC280213B2CE60A,classic_bike,2021-08-30 09:10:04,2021-08-30 09:21:37,3 Ave & E 62 St,6762,E 48 St & 3 Ave,6541,40.76312584,-73.96526895,40.7546011026,-73.971878855,member
2719649,1686D44CE22B56DD,electric_bike,2021-08-11 09:01:58,2021-08-11 09:05:58,W 52 St & 6 Ave,6740,E 48 St & 3 Ave,6541,40.76132983124814,-73.97982001304626,40.7546011026,-73.971878855,member
2719651,BAAFEC16842101FB,classic_bike,2021-08-24 13:26:05,2021-08-24 13:34:16,3 Ave & E 62 St,6762,E 48 St & 3 Ave,6541,40.76312584,-73.96526895,40.7546011026,-73.971878855,member
2719654,C6C7A892C2387B72,classic_bike,2021-08-25 12:22:01,2021-08-25 12:38:58,3 Ave & E 62 St,6762,E 48 St & 3 Ave,6541,40.76312584,-73.96526895,40.7546011026,-73.971878855,casual
2719668,E459026A60FE6D56,classic_bike,2021-08-26 06:19:50,2021-08-26 06:35:27,W 70 St & Amsterdam Ave,7207,E 48 St & 3 Ave,6541,40.77748046,-73.98288594,40.7546011026,-73.971878855,member
2719674,08D59BD9D8CBA52D,classic_bike,2021-08-09 18:55:25,2021-08-09 19:06:02,E 20 St & Park Ave,6055,E 48 St & 3 Ave,6541,40.73827428,-73.98751968,40.7546011026,-73.971878855,member
2719699,8B1A9D97397AB671,classic_bike,2021-08-06 05:15:54,2021-08-06 05:24:12,W 47 St & 6 Ave,6667,E 48 St & 3 Ave,6541,40.758397,-73.98255,40.7546011026,-73.971878855,casual
2719705,9517BB955435FEAF,classic_bike,2021-08-05 08:54:21,2021-08-05 09:04:29,3 Ave & E 62 St,6762,E 48 St & 3 Ave,6541,40.76312584,-73.96526895,40.7546011026,-73.971878855,member
2719706,C65A0DBE47C80264,classic_bike,2021-08-05 13:32:49,2021-08-05 13:39:12,W 52 St & 6 Ave,6740,E 48 St & 3 Ave,6541,40.76132983124814,-73.97982001304626,40.7546011026,-73.971878855,member
2719769,12316B8C28C6CECA,classic_bike,2021-08-25 14:22:42,2021-08-25 14:38:41,W 55 St & 6 Ave,6809,E 48 St & 3 Ave,6541,40.763189,-73.978434,40.7546011026,-73.971878855,casual
2719775,1A96755937982427,classic_bike,2021-08-02 08:03:04,2021-08-02 08:30:52,Jay St & York St,4895,E 48 St & 3 Ave,6541,40.70140317257725,-73.98672670125961,40.7546011026,-73.971878855,member
2719776,77C26A1F810E3A03,classic_bike,2021-08-04 08:11:43,2021-08-04 08:40:15,Jay St & York St,4895,E 48 St & 3 Ave,6541,40.70140317257725,-73.98672670125961,40.7546011026,-73.971878855,member
2719790,94C6BF792C022258,classic_bike,2021-08-13 07:42:14,2021-08-13 07:48:00,W 52 St & 6 Ave,6740,E 48 St & 3 Ave,6541,40.76132983124814,-73.97982001304626,40.7546011026,-73.971878855,member
2719880,3492048E4784F6ED,classic_bike,2021-08-03 22:33:39,2021-08-03 22:45:35,1 Ave & E 16 St,5779,E 48 St & 3 Ave,6541,40.73221853,-73.98165557,40.7546011026,-73.971878855,member
2719905,EADB552E067CC521,classic_bike,2021-08-19 16:35:56,2021-08-19 16:45:19,6 Ave & W 33 St,6364,E 48 St & 3 Ave,6541,40.74901271,-73.98848395,40.7546011026,-73.971878855,member
2719919,57145262BF78A439,classic_bike,2021-08-07 20:08:30,2021-08-07 20:17:42,E 33 St & 1 Ave,6197,E 48 St & 3 Ave,6541,40.74322681432173,-73.97449783980846,40.7546011026,-73.971878855,member
2719928,C70841F3670A7480,classic_bike,2021-08-29 08:34:11,2021-08-29 08:43:08,E 33 St & 1 Ave,6197,E 48 St & 3 Ave,6541,40.74322681432173,-73.97449783980846,40.7546011026,-73.971878855,member
2719941,BEF81D7F1E91DA72,electric_bike,2021-08-27 08:22:17,2021-08-27 08:28:13,E 33 St & 1 Ave,6197,E 48 St & 3 Ave,6541,40.74322681432173,-73.97449783980846,40.7546011026,-73.971878855,member
2719956,E32FDDDB719525DF,classic_bike,2021-08-14 11:49:15,2021-08-14 11:57:32,E 33 St & 1 Ave,6197,E 48 St & 3 Ave,6541,40.74322681432173,-73.97449783980846,40.7546011026,-73.971878855,member
2719974,5EE1310DA9752806,classic_bike,2021-08-26 07:20:21,2021-08-26 07:36:26,E 95 St & 3 Ave,7365,E 48 St & 3 Ave,6541,40.7849032,-73.950503,40.7546011026,-73.971878855,member
2719979,25CE771F7BB363C9,classic_bike,2021-08-18 07:41:54,2021-08-18 07:58:47,E 95 St & 3 Ave,7365,E 48 St & 3 Ave,6541,40.7849032,-73.950503,40.7546011026,-73.971878855,member
2719980,97D14239B0ED5156,electric_bike,2021-08-20 08:00:07,2021-08-20 08:06:08,E 33 St & 1 Ave,6197,E 48 St & 3 Ave,6541,40.74322681432173,-73.97449783980846,40.7546011026,-73.971878855,member
2720004,16B5EC14F9819A81,classic_bike,2021-08-18 08:41:26,2021-08-18 09:00:13,Columbia St & Rivington St,5365,E 48 St & 3 Ave,6541,40.71739973,-73.98016555,40.7546011026,-73.971878855,member
2720006,A8BBBA1FEF673E16,classic_bike,2021-08-02 18:57:33,2021-08-02 19:08:17,E 33 St & 1 Ave,6197,E 48 St & 3 Ave,6541,40.74322681432173,-73.97449783980846,40.7546011026,-73.971878855,member
2720056,C868C2FC42770019,classic_bike,2021-08-18 17:46:36,2021-08-18 17:48:23,E 44 St & Lexington Ave,6464,E 48 St & 3 Ave,6541,40.752643,-73.974996,40.7546011026,-73.971878855,member
2720066,C65C9DC923ECEB57,classic_bike,2021-08-02 16:06:08,2021-08-02 16:09:18,E 44 St & Lexington Ave,6464,E 48 St & 3 Ave,6541,40.752643,-73.974996,40.7546011026,-73.971878855,member
2720079,6771F409C3093117,classic_bike,2021-08-10 09:01:36,2021-08-10 09:18:57,Columbia St & Rivington St,5365,E 48 St & 3 Ave,6541,40.71739973,-73.98016555,40.7546011026,-73.971878855,member
2720133,2FE3094C05F68E6C,classic_bike,2021-08-17 07:52:13,2021-08-17 08:00:19,E 33 St & 1 Ave,6197,E 48 St & 3 Ave,6541,40.74322681432173,-73.97449783980846,40.7546011026,-73.971878855,member
2720144,97E21DC73F83AABC,classic_bike,2021-08-16 07:43:21,2021-08-16 07:58:07,E 95 St & 3 Ave,7365,E 48 St & 3 Ave,6541,40.7849032,-73.950503,40.7546011026,-73.971878855,member
2720158,F94B9A0ED9BF5E1F,classic_bike,2021-08-29 07:19:39,2021-08-29 07:27:17,6 Ave & W 33 St,6364,E 48 St & 3 Ave,6541,40.74901271,-73.98848395,40.7546011026,-73.971878855,member
2720167,87D39F88DF84616A,electric_bike,2021-08-12 05:02:59,2021-08-12 05:11:55,W 70 St & Amsterdam Ave,7207,E 48 St & 3 Ave,6541,40.77748046,-73.98288594,40.7546011026,-73.971878855,member
2720169,8B00C75D825C1F48,classic_bike,2021-08-13 09:48:00,2021-08-13 09:58:44,W 70 St & Amsterdam Ave,7207,E 48 St & 3 Ave,6541,40.77748046,-73.98288594,40.7546011026,-73.971878855,member
2720175,6C3843B97750D330,classic_bike,2021-08-10 18:00:57,2021-08-10 18:18:40,E 20 St & Park Ave,6055,E 48 St & 3 Ave,6541,40.73827428,-73.98751968,40.7546011026,-73.971878855,casual
2720216,A0D19B2AD737C73D,classic_bike,2021-08-25 22:04:55,2021-08-25 22:22:51,E 13 St & 2 Ave,5820,E 48 St & 3 Ave,6541,40.73153937464073,-73.9853024482727,40.7546011026,-73.971878855,member
2720222,3F6BA650EA733925,classic_bike,2021-08-19 08:09:17,2021-08-19 08:29:37,West End Ave & W 60 St,7059,E 48 St & 3 Ave,6541,40.77237,-73.99005,40.7546011026,-73.971878855,member
2720230,FCB23652948D6BA7,classic_bike,2021-08-23 18:31:10,2021-08-23 18:44:58,E 13 St & 2 Ave,5820,E 48 St & 3 Ave,6541,40.73153937464073,-73.9853024482727,40.7546011026,-73.971878855,casual
2720246,E4E235356B5E2458,classic_bike,2021-08-27 10:02:34,2021-08-27 10:09:03,W 48 St & Rockefeller Plaza,6667,E 48 St & 3 Ave,6541,40.75793646243674,-73.97960275411606,40.7546011026,-73.971878855,casual
2720269,1426DDBC9E33D733,classic_bike,2021-08-04 08:53:41,2021-08-04 09:00:02,Broadway & W 51 St,6779,E 48 St & 3 Ave,6541,40.76228826,-73.98336183,40.7546011026,-73.971878855,member
2720272,D35814CCD1F36BF3,classic_bike,2021-08-21 16:43:20,2021-08-21 16:59:04,E 31 St & 3 Ave,6239,E 48 St & 3 Ave,6541,40.74394314,-73.97966069,40.7546011026,-73.971878855,member
2720279,971781BC49C4029A,classic_bike,2021-08-25 08:38:43,2021-08-25 08:45:15,Broadway & W 51 St,6779,E 48 St & 3 Ave,6541,40.76228826,-73.98336183,40.7546011026,-73.971878855,member
2720284,7A9CD5F584D140E1,classic_bike,2021-08-17 16:07:08,2021-08-17 16:09:10,E 48 St & 5 Ave,6626,E 48 St & 3 Ave,6541,40.75724567911726,-73.97805914282799,40.7546011026,-73.971878855,member
2720289,0D47F18B69999613,classic_bike,2021-08-30 20:00:05,2021-08-30 20:04:14,E 48 St & 5 Ave,6626,E 48 St & 3 Ave,6541,40.75724567911726,-73.97805914282799,40.7546011026,-73.971878855,member
2720307,C5858D6C4FD68C93,electric_bike,2021-08-17 14:56:48,2021-08-17 15:05:36,E 48 St & 5 Ave,6626,E 48 St & 3 Ave,6541,40.75724567911726,-73.97805914282799,40.7546011026,-73.971878855,member
2720331,516DE00B3BD01B07,classic_bike,2021-08-27 12:43:54,2021-08-27 13:08:58,West End Ave & W 60 St,7059,E 48 St & 3 Ave,6541,40.77237,-73.99005,40.7546011026,-73.971878855,member
2720371,366092518B6EACB5,classic_bike,2021-08-27 06:27:10,2021-08-27 06:40:24,W 42 St & 8 Ave,6602,E 48 St & 3 Ave,6541,40.7575699,-73.99098507,40.7546011026,-73.971878855,member
2720397,11D1301AE3E4CBB7,classic_bike,2021-08-12 17:19:28,2021-08-12 18:00:56,Madison Ave & E 82 St,7188,E 48 St & 3 Ave,6541,40.7781314,-73.96069399,40.7546011026,-73.971878855,casual
2720424,F340FA050F4CE354,classic_bike,2021-08-20 09:39:25,2021-08-20 09:56:50,E 13 St & 2 Ave,5820,E 48 St & 3 Ave,6541,40.73153937464073,-73.9853024482727,40.7546011026,-73.971878855,member
2720442,1882FF68E31D24EA,classic_bike,2021-08-11 07:41:30,2021-08-11 07:56:28,E 10 St & Avenue A,5659,E 48 St & 3 Ave,6541,40.72740794,-73.98142006,40.7546011026,-73.971878855,member
2720450,BA08D83D0D60F288,classic_bike,2021-08-03 10:09:11,2021-08-03 10:21:05,E 23 St & 1 Ave,5929,E 48 St & 3 Ave,6541,40.736502,-73.97809472,40.7546011026,-73.971878855,member
2720477,B4D5FB9305B7BA4B,classic_bike,2021-08-14 13:39:55,2021-08-14 13:45:42,E 48 St & 5 Ave,6626,E 48 St & 3 Ave,6541,40.75724567911726,-73.97805914282799,40.7546011026,-73.971878855,casual
2720483,A05BD0C931E788F4,classic_bike,2021-08-28 13:24:43,2021-08-28 13:49:03,Central Park West & W 68 St,7079,E 48 St & 3 Ave,6541,40.7734066,-73.97782542,40.7546011026,-73.971878855,casual
2720484,39B019567C117911,classic_bike,2021-08-10 16:38:37,2021-08-10 16:51:35,E 32 St & Park Ave,6280,E 48 St & 3 Ave,6541,40.7457121,-73.98194829,40.7546011026,-73.971878855,member
2720492,6693DA4F5656554B,classic_bike,2021-08-15 12:52:49,2021-08-15 13:02:19,E 32 St & Park Ave,6280,E 48 St & 3 Ave,6541,40.7457121,-73.98194829,40.7546011026,-73.971878855,member
2720508,6A685A96AC2591C9,classic_bike,2021-08-16 10:25:09,2021-08-16 10:55:34,West St & Liberty St,5184,E 48 St & 3 Ave,6541,40.711444,-74.014847,40.7546011026,-73.971878855,member
2720509,A4F9C989B03EF19C,electric_bike,2021-08-16 09:53:32,2021-08-16 10:04:52,Central Park West & W 68 St,7079,E 48 St & 3 Ave,6541,40.7734066,-73.97782542,40.7546011026,-73.971878855,member
2720530,2F740C93CEDFE290,classic_bike,2021-08-16 18:20:45,2021-08-16 18:31:08,E 32 St & Park Ave,6280,E 48 St & 3 Ave,6541,40.7457121,-73.98194829,40.7546011026,-73.971878855,member
2720531,853AE0183393155F,electric_bike,2021-08-05 09:55:57,2021-08-05 10:03:14,E 32 St & Park Ave,6280,E 48 St & 3 Ave,6541,40.7457121,-73.98194829,40.7546011026,-73.971878855,member
2720533,F4922592A766C9E9,classic_bike,2021-08-19 18:58:57,2021-08-19 19:15:00,W 67 St & Broadway,7116,E 48 St & 3 Ave,6541,40.77492513,-73.98266566,40.7546011026,-73.971878855,member
2720555,BC51E6F03AA0E478,electric_bike,2021-08-16 11:47:23,2021-08-16 11:49:50,E 48 St & 5 Ave,6626,E 48 St & 3 Ave,6541,40.75724567911726,-73.97805914282799,40.7546011026,-73.971878855,member
2720559,600A89447507AFAD,classic_bike,2021-08-16 07:31:45,2021-08-16 07:34:44,E 48 St & 5 Ave,6626,E 48 St & 3 Ave,6541,40.75724567911726,-73.97805914282799,40.7546011026,-73.971878855,member
2720563,9D238804595B2150,classic_bike,2021-08-31 19:33:11,2021-08-31 19:41:07,E 32 St & Park Ave,6280,E 48 St & 3 Ave,6541,40.7457121,-73.98194829,40.7546011026,-73.971878855,member
2720587,F78D4AC947979E31,classic_bike,2021-08-12 17:21:42,2021-08-12 18:00:57,Madison Ave & E 82 St,7188,E 48 St & 3 Ave,6541,40.7781314,-73.96069399,40.7546011026,-73.971878855,casual
2720598,6543B978F6F88344,classic_bike,2021-08-05 07:53:37,2021-08-05 08:11:22,E 95 St & 3 Ave,7365,E 48 St & 3 Ave,6541,40.7849032,-73.950503,40.7546011026,-73.971878855,member
2720625,7059B7EC05F3A246,classic_bike,2021-08-30 16:17:44,2021-08-30 16:29:00,E 32 St & Park Ave,6280,E 48 St & 3 Ave,6541,40.7457121,-73.98194829,40.7546011026,-73.971878855,member
2720626,6B74F9CA334F1E99,classic_bike,2021-08-03 07:15:54,2021-08-03 07:26:38,W 53 St & 10 Ave,6890,E 48 St & 3 Ave,6541,40.76669671,-73.99061728,40.7546011026,-73.971878855,member
2720629,B7986F638E6F0047,classic_bike,2021-08-31 17:21:33,2021-08-31 17:34:00,W 53 St & 10 Ave,6890,E 48 St & 3 Ave,6541,40.76669671,-73.99061728,40.7546011026,-73.971878855,member
2720646,C256AC107A0A5705,electric_bike,2021-08-23 08:59:41,2021-08-23 09:08:55,W 53 St & 10 Ave,6890,E 48 St & 3 Ave,6541,40.76669671,-73.99061728,40.7546011026,-73.971878855,member
2720653,B1F31DABD519D3C9,electric_bike,2021-08-23 11:24:18,2021-08-23 11:33:14,Lexington Ave & E 26 St,6089,E 48 St & 3 Ave,6541,40.741459,-73.983293,40.7546011026,-73.971878855,member
2720656,9D7B756E4FA08B75,electric_bike,2021-08-07 22:10:55,2021-08-07 23:34:00,2 Ave & E 31 St,6197,E 48 St & 3 Ave,6541,40.74290902,-73.97706058,40.7546011026,-73.971878855,casual
2720698,2E8F3DAA0A04F627,classic_bike,2021-08-09 09:07:17,2021-08-09 09:27:17,Columbia St & Rivington St,5365,E 48 St & 3 Ave,6541,40.71739973,-73.98016555,40.7546011026,-73.971878855,member
2720709,9EFB24323988C07F,electric_bike,2021-08-05 09:57:19,2021-08-05 10:19:38,Madison Ave & E 82 St,7188,E 48 St & 3 Ave,6541,40.7781314,-73.96069399,40.7546011026,-73.971878855,member
2720718,12DE08F35AE48AFC,electric_bike,2021-08-26 13:38:21,2021-08-26 13:48:25,1 Ave & E 16 St,5779,E 48 St & 3 Ave,6541,40.73221853,-73.98165557,40.7546011026,-73.971878855,member
2720725,9056D0747638ECFF,electric_bike,2021-08-02 19:12:44,2021-08-02 19:25:41,W 24 St & 7 Ave,6257,E 48 St & 3 Ave,6541,40.74487634,-73.99529885,40.7546011026,-73.971878855,member
2720726,FC1331C8354AAA23,electric_bike,2021-08-09 13:34:15,2021-08-09 13:36:28,E 48 St & 5 Ave,6626,E 48 St & 3 Ave,6541,40.75724567911726,-73.97805914282799,40.7546011026,-73.971878855,member
2720745,BFB5C76C88787A06,classic_bike,2021-08-30 14:54:29,2021-08-30 14:58:19,E 48 St & 5 Ave,6626,E 48 St & 3 Ave,6541,40.75724567911726,-73.97805914282799,40.7546011026,-73.971878855,member
2720748,A02CC78C33340CCB,classic_bike,2021-08-17 15:41:20,2021-08-17 15:45:08,E 48 St & 5 Ave,6626,E 48 St & 3 Ave,6541,40.75724567911726,-73.97805914282799,40.7546011026,-73.971878855,member
2720770,BB9D80855379187E,classic_bike,2021-08-24 16:43:21,2021-08-24 16:48:45,E 40 St & 5 Ave,6474,E 48 St & 3 Ave,6541,40.752062307,-73.9816324043,40.7546011026,-73.971878855,member
2720798,01C6E589731D81A6,classic_bike,2021-08-27 23:27:41,2021-08-27 23:33:43,E 58 St & 1 Ave (NW Corner),6723,E 48 St & 3 Ave,6541,40.759125,-73.962658,40.7546011026,-73.971878855,member
2720801,022B2175368A6C59,classic_bike,2021-08-26 15:46:29,2021-08-26 16:05:09,W 43 St & 10 Ave,6756,E 48 St & 3 Ave,6541,40.76009437,-73.99461843,40.7546011026,-73.971878855,member
2720812,DF5E6536A1FA1CA2,classic_bike,2021-08-19 09:28:07,2021-08-19 09:37:23,W 43 St & 10 Ave,6756,E 48 St & 3 Ave,6541,40.76009437,-73.99461843,40.7546011026,-73.971878855,member
2720819,DC9C6EA63A3A5C79,classic_bike,2021-08-04 17:12:10,2021-08-04 17:22:45,6 Ave & W 33 St,6364,E 48 St & 3 Ave,6541,40.74901271,-73.98848395,40.7546011026,-73.971878855,member
2720821,BC4413890D41D745,classic_bike,2021-08-14 15:48:13,2021-08-14 15:58:20,6 Ave & W 33 St,6364,E 48 St & 3 Ave,6541,40.74901271,-73.98848395,40.7546011026,-73.971878855,member
2720849,0D96101206F4FC50,electric_bike,2021-08-18 14:17:16,2021-08-18 14:41:49,Central Park West & W 76 St,7253,E 48 St & 3 Ave,6541,40.77896784,-73.97374737,40.7546011026,-73.971878855,casual
2720850,20615088FBD86A24,classic_bike,2021-08-28 19:49:23,2021-08-28 20:02:59,W 43 St & 10 Ave,6756,E 48 St & 3 Ave,6541,40.76009437,-73.99461843,40.7546011026,-73.971878855,casual
2720854,EEE0A5D2FDD97BC7,classic_bike,2021-08-25 08:23:17,2021-08-25 08:41:39,Central Park West & W 76 St,7253,E 48 St & 3 Ave,6541,40.77896784,-73.97374737,40.7546011026,-73.971878855,member
2720865,559E29717336173E,classic_bike,2021-08-23 17:44:14,2021-08-23 17:50:46,E 58 St & 1 Ave (NW Corner),6723,E 48 St & 3 Ave,6541,40.759125,-73.962658,40.7546011026,-73.971878855,member
2720868,6A5EECB763A838FF,classic_bike,2021-08-07 15:21:05,2021-08-07 15:27:27,E 58 St & 1 Ave (NW Corner),6723,E 48 St & 3 Ave,6541,40.759125,-73.962658,40.7546011026,-73.971878855,member
2720872,7E2D22C2039233EB,electric_bike,2021-08-10 08:49:58,2021-08-10 08:58:26,W 50 St & 10 Ave,6890,E 48 St & 3 Ave,6541,40.76473420006519,-73.99194359779358,40.7546011026,-73.971878855,member
2720895,A6150D39A1A8D4F6,classic_bike,2021-08-21 15:13:42,2021-08-21 15:21:39,E 27 St & Park Ave S,6131,E 48 St & 3 Ave,6541,40.74275179648995,-73.9847157150507,40.7546011026,-73.971878855,member
2720936,6893BED21D2724E7,electric_bike,2021-08-06 08:37:27,2021-08-06 08:45:07,W 50 St & 10 Ave,6890,E 48 St & 3 Ave,6541,40.76473420006519,-73.99194359779358,40.7546011026,-73.971878855,member
2720940,DD5E6DAA39682B5F,classic_bike,2021-08-05 12:38:36,2021-08-05 12:45:52,E 31 St & 3 Ave,6239,E 48 St & 3 Ave,6541,40.74394314,-73.97966069,40.7546011026,-73.971878855,member
2720956,C9878C9E2656027D,classic_bike,2021-08-05 08:33:14,2021-08-05 08:44:27,W 50 St & 10 Ave,6890,E 48 St & 3 Ave,6541,40.76473420006519,-73.99194359779358,40.7546011026,-73.971878855,member
2721038,D47181B24EC9E112,classic_bike,2021-08-30 09:09:22,2021-08-30 09:17:22,Broadway & W 51 St,6779,E 48 St & 3 Ave,6541,40.76228826,-73.98336183,40.7546011026,-73.971878855,member
2721053,C017F4FB14862B60,electric_bike,2021-08-06 22:48:01,2021-08-06 23:03:32,Greenwich Ave & 8 Ave,6072,E 48 St & 3 Ave,6541,40.7390169121,-74.0026376103,40.7546011026,-73.971878855,member
2721064,BA20862AD2F88187,electric_bike,2021-08-28 18:29:08,2021-08-28 18:38:29,W 50 St & 10 Ave,6890,E 48 St & 3 Ave,6541,40.76473420006519,-73.99194359779358,40.7546011026,-73.971878855,member
2721140,D77625616D3B9262,electric_bike,2021-08-30 20:14:30,2021-08-30 20:26:46,W 26 St & 8 Ave,6297,E 48 St & 3 Ave,6541,40.74734825,-73.99723551,40.7546011026,-73.971878855,casual
2721149,040788EC07D89DBF,classic_bike,2021-08-12 15:13:09,2021-08-12 15:22:43,W 47 St & 6 Ave,6667,E 48 St & 3 Ave,6541,40.758397,-73.98255,40.7546011026,-73.971878855,casual
2721154,1D02CD39AC9B5EC0,electric_bike,2021-08-14 17:21:09,2021-08-14 17:38:26,Greenwich Ave & 8 Ave,6072,E 48 St & 3 Ave,6541,40.7390169121,-74.0026376103,40.7546011026,-73.971878855,casual
2721175,C1B2247037F8D818,electric_bike,2021-08-27 13:28:07,2021-08-27 13:32:25,1 Ave & E 44 St,6379,E 48 St & 3 Ave,6541,40.75001986,-73.96905301,40.7546011026,-73.971878855,member
2721178,6D6E12B68156E96F,classic_bike,2021-08-02 08:39:38,2021-08-02 09:04:49,31 Ave & Crescent St,6893,E 48 St & 3 Ave,6541,40.7658346,-73.9265474,40.7546011026,-73.971878855,member
2721223,200E9CB8F819D072,classic_bike,2021-08-25 14:00:29,2021-08-25 14:05:55,W 44 St & 5 Ave,6551,E 48 St & 3 Ave,6541,40.75500254,-73.98014437,40.7546011026,-73.971878855,member
2721235,97959C254F2E6DFD,classic_bike,2021-08-10 16:40:19,2021-08-10 16:46:28,W 44 St & 5 Ave,6551,E 48 St & 3 Ave,6541,40.75500254,-73.98014437,40.7546011026,-73.971878855,member
2721237,DECF91838FC56F5F,classic_bike,2021-08-24 09:23:32,2021-08-24 09:55:17,Riverside Dr & W 104 St,7623,E 48 St & 3 Ave,6541,40.8013434,-73.9711457439,40.7546011026,-73.971878855,member
2721246,B867D4FE6202F3BE,classic_bike,2021-08-03 16:58:04,2021-08-03 17:01:53,E 47 St & 1 Ave,6498,E 48 St & 3 Ave,6541,40.75206862,-73.96784384,40.7546011026,-73.971878855,member
2721254,04037AF18D17DF17,classic_bike,2021-08-11 07:10:11,2021-08-11 07:25:09,1 Ave & E 30 St,6079,E 48 St & 3 Ave,6541,40.74144387,-73.97536082,40.7546011026,-73.971878855,member
2721257,DA0041346023544B,classic_bike,2021-08-19 09:46:48,2021-08-19 09:54:15,1 Ave & E 30 St,6079,E 48 St & 3 Ave,6541,40.74144387,-73.97536082,40.7546011026,-73.971878855,member
2721260,F05355213E6BA55C,electric_bike,2021-08-24 08:47:10,2021-08-24 09:10:43,Warren St & W Broadway,5288,E 48 St & 3 Ave,6541,40.71473993,-74.00910627,40.7546011026,-73.971878855,member
2721279,8CB92E2D67BB9080,classic_bike,2021-08-11 18:07:29,2021-08-11 18:15:41,W 44 St & 5 Ave,6551,E 48 St & 3 Ave,6541,40.75500254,-73.98014437,40.7546011026,-73.971878855,member
2721280,BDA15F357B99BE43,classic_bike,2021-08-28 13:42:04,2021-08-28 13:47:56,W 44 St & 5 Ave,6551,E 48 St & 3 Ave,6541,40.75500254,-73.98014437,40.7546011026,-73.971878855,member
2721283,6BCDB291C47C0C39,classic_bike,2021-08-18 17:48:37,2021-08-18 17:51:36,E 47 St & 1 Ave,6498,E 48 St & 3 Ave,6541,40.75206862,-73.96784384,40.7546011026,-73.971878855,member
2721287,BE3361E9DC5E5F8D,classic_bike,2021-08-31 16:54:18,2021-08-31 17:00:13,W 44 St & 5 Ave,6551,E 48 St & 3 Ave,6541,40.75500254,-73.98014437,40.7546011026,-73.971878855,member
2721304,18F5AFC13FA38158,electric_bike,2021-08-23 09:00:55,2021-08-23 09:22:46,6 Ave & Canal St,5500,E 48 St & 3 Ave,6541,40.72243797,-74.00566443,40.7546011026,-73.971878855,member
2721317,FD46A86820D9425C,electric_bike,2021-08-31 08:45:41,2021-08-31 08:48:50,1 Ave & E 44 St,6379,E 48 St & 3 Ave,6541,40.75001986,-73.96905301,40.7546011026,-73.971878855,member
2721325,0658EA57524BFF48,classic_bike,2021-08-09 11:06:25,2021-08-09 11:17:38,1 Ave & E 30 St,6079,E 48 St & 3 Ave,6541,40.74144387,-73.97536082,40.7546011026,-73.971878855,member
2721332,AD5058251F4A87D2,classic_bike,2021-08-18 15:22:50,2021-08-18 15:30:58,W 44 St & 5 Ave,6551,E 48 St & 3 Ave,6541,40.75500254,-73.98014437,40.7546011026,-73.971878855,member
2721355,AAE87AE78A418D88,classic_bike,2021-08-10 16:30:12,2021-08-10 16:34:12,Pershing Square South,6432,E 48 St & 3 Ave,6541,40.751581,-73.97791,40.7546011026,-73.971878855,member
2721357,26074F72DDF6E729,classic_bike,2021-08-07 11:42:50,2021-08-07 12:42:32,Central Park West & W 72 St,7141,E 48 St & 3 Ave,6541,40.77579376683666,-73.9762057363987,40.7546011026,-73.971878855,casual
2721400,F5590A528697A0B6,classic_bike,2021-08-20 05:30:51,2021-08-20 05:39:04,W 42 St & 8 Ave,6602,E 48 St & 3 Ave,6541,40.7575699,-73.99098507,40.7546011026,-73.971878855,member
2721417,0DD5AE8CE4C3E68E,electric_bike,2021-08-19 15:42:40,2021-08-19 15:49:51,E 30 St & Park Ave S,6206,E 48 St & 3 Ave,6541,40.74444921,-73.98303529,40.7546011026,-73.971878855,member
2721433,5D492330B089D376,classic_bike,2021-08-24 18:04:22,2021-08-24 18:07:15,E 47 St & 1 Ave,6498,E 48 St & 3 Ave,6541,40.75206862,-73.96784384,40.7546011026,-73.971878855,member
2721440,E515BE5A528D6EC8,classic_bike,2021-08-31 17:39:18,2021-08-31 17:45:25,E 47 St & 1 Ave,6498,E 48 St & 3 Ave,6541,40.75206862,-73.96784384,40.7546011026,-73.971878855,member
2721450,67FEE595B64D20B2,classic_bike,2021-08-24 16:57:19,2021-08-24 17:02:56,W 44 St & 5 Ave,6551,E 48 St & 3 Ave,6541,40.75500254,-73.98014437,40.7546011026,-73.971878855,member
2721451,4C849AF90475456A,classic_bike,2021-08-30 16:51:24,2021-08-30 16:57:01,W 44 St & 5 Ave,6551,E 48 St & 3 Ave,6541,40.75500254,-73.98014437,40.7546011026,-73.971878855,member
2721507,8115DFA475C053AE,classic_bike,2021-08-31 16:11:09,2021-08-31 16:13:25,E 47 St & 1 Ave,6498,E 48 St & 3 Ave,6541,40.75206862,-73.96784384,40.7546011026,-73.971878855,member
2721508,84EC87A16076A6A9,classic_bike,2021-08-27 16:10:42,2021-08-27 16:12:55,E 47 St & 1 Ave,6498,E 48 St & 3 Ave,6541,40.75206862,-73.96784384,40.7546011026,-73.971878855,member
2721526,652A341F6AFD0805,classic_bike,2021-08-09 08:07:05,2021-08-09 08:28:55,Riverside Dr & W 82 St,7388,E 48 St & 3 Ave,6541,40.78720869,-73.98128127,40.7546011026,-73.971878855,member
2721540,D78E92A260DC0AB1,electric_bike,2021-08-19 08:04:39,2021-08-19 08:37:34,Riverside Dr & W 82 St,7388,E 48 St & 3 Ave,6541,40.78720869,-73.98128127,40.7546011026,-73.971878855,member
2721561,7E538B3B77188F74,classic_bike,2021-08-25 06:21:24,2021-08-25 06:33:58,W 70 St & Amsterdam Ave,7207,E 48 St & 3 Ave,6541,40.77748046,-73.98288594,40.7546011026,-73.971878855,member
2721562,1FB0CABC94DFAC53,electric_bike,2021-08-14 10:16:42,2021-08-14 10:46:01,W 70 St & Amsterdam Ave,7207,E 48 St & 3 Ave,6541,40.77748046,-73.98288594,40.7546011026,-73.971878855,member
2721574,1F3ECF7CCDFE79EE,electric_bike,2021-08-11 07:56:40,2021-08-11 08:07:44,W 33 St & 7 Ave,6407,E 48 St & 3 Ave,6541,40.75019995,-73.99093085,40.7546011026,-73.971878855,member
2721576,204A3057A76AAF22,classic_bike,2021-08-31 20:34:25,2021-08-31 20:48:30,W 33 St & 7 Ave,6407,E 48 St & 3 Ave,6541,40.75019995,-73.99093085,40.7546011026,-73.971878855,member
2721578,1F934FFE5F69619C,classic_bike,2021-08-10 05:57:39,2021-08-10 06:16:47,W 20 St & 10 Ave,6306,E 48 St & 3 Ave,6541,40.745686,-74.005141,40.7546011026,-73.971878855,member
2721599,83FE8427226721A7,classic_bike,2021-08-13 14:22:33,2021-08-13 14:25:23,E 44 St & 2 Ave,6422,E 48 St & 3 Ave,6541,40.75118387463277,-73.97138714790344,40.7546011026,-73.971878855,member
2721615,FBA4B057F4C43420,classic_bike,2021-08-17 11:57:38,2021-08-17 12:03:14,E 59 St & Madison Ave,6801,E 48 St & 3 Ave,6541,40.76350532,-73.97109243,40.7546011026,-73.971878855,member
2721623,B591B0C9426504B6,electric_bike,2021-08-19 10:57:28,2021-08-19 11:13:41,44 Dr & 21 St,6278,E 48 St & 3 Ave,6541,40.748,-73.9460927,40.7546011026,-73.971878855,casual
2721628,7DEE2EE18A85017A,classic_bike,2021-08-20 21:41:34,2021-08-20 21:51:56,E 33 St & 1 Ave,6197,E 48 St & 3 Ave,6541,40.74322681432173,-73.97449783980846,40.7546011026,-73.971878855,casual
2721633,444B8FEEF4281611,classic_bike,2021-08-17 09:24:16,2021-08-17 09:37:32,E 33 St & 1 Ave,6197,E 48 St & 3 Ave,6541,40.74322681432173,-73.97449783980846,40.7546011026,-73.971878855,member
2721668,E20C2610ED15DFC7,classic_bike,2021-08-25 08:54:45,2021-08-25 09:24:05,Division St & Bowery,5270,E 48 St & 3 Ave,6541,40.714193,-73.996732,40.7546011026,-73.971878855,member
2721670,B9F4C974FF9ACA84,classic_bike,2021-08-15 16:02:09,2021-08-15 16:15:26,11 Ave & W 41 St,6726,E 48 St & 3 Ave,6541,40.76030096,-73.99884222,40.7546011026,-73.971878855,member
2721692,42CC6480C44FAD3C,electric_bike,2021-08-06 08:12:28,2021-08-06 08:18:11,E 33 St & 1 Ave,6197,E 48 St & 3 Ave,6541,40.74322681432173,-73.97449783980846,40.7546011026,-73.971878855,member
2721720,28837D9CCCBD669E,classic_bike,2021-08-15 16:27:45,2021-08-15 16:39:50,W 42 St & 8 Ave,6602,E 48 St & 3 Ave,6541,40.7575699,-73.99098507,40.7546011026,-73.971878855,member
2721721,6E42BBBFB2976A79,classic_bike,2021-08-06 08:54:53,2021-08-06 09:04:59,W 42 St & 8 Ave,6602,E 48 St & 3 Ave,6541,40.7575699,-73.99098507,40.7546011026,-73.971878855,member
2721764,DB1CFBF748172361,classic_bike,2021-08-18 07:08:22,2021-08-18 07:29:33,E 97 St & 3 Ave,7365,E 48 St & 3 Ave,6541,40.7859201,-73.94860294,40.7546011026,-73.971878855,member
2721765,08C5C3B4A30CF532,classic_bike,2021-08-12 07:08:17,2021-08-12 07:33:58,E 97 St & 3 Ave,7365,E 48 St & 3 Ave,6541,40.7859201,-73.94860294,40.7546011026,-73.971878855,member
2721776,AEFE3B28124C9E16,classic_bike,2021-08-13 07:08:14,2021-08-13 07:27:51,E 97 St & 3 Ave,7365,E 48 St & 3 Ave,6541,40.7859201,-73.94860294,40.7546011026,-73.971878855,member
2721816,3FE8E7994BB0D4A7,electric_bike,2021-08-05 12:04:34,2021-08-05 12:12:27,E 32 St & Park Ave,6280,E 48 St & 3 Ave,6541,40.7457121,-73.98194829,40.7546011026,-73.971878855,member
2721845,249221DECF9F469B,classic_bike,2021-08-28 18:41:17,2021-08-28 18:55:51,W 67 St & Broadway,7116,E 48 St & 3 Ave,6541,40.77492513,-73.98266566,40.7546011026,-73.971878855,casual
2721928,EF8C99A21E4D1C97,classic_bike,2021-08-05 08:20:42,2021-08-05 08:39:08,E 2 St & Avenue B,5515,E 48 St & 3 Ave,6541,40.72217444,-73.98368779,40.7546011026,-73.971878855,casual
2721964,F70B9CD5EC9714DE,electric_bike,2021-08-04 09:44:22,2021-08-04 09:50:40,Broadway & W 41 St,6560,E 48 St & 3 Ave,6541,40.75513557,-73.98658032,40.7546011026,-73.971878855,member
2721986,47FBF7951E9D0E98,classic_bike,2021-08-09 18:31:49,2021-08-09 18:40:41,5 Ave & E 63 St,6904,E 48 St & 3 Ave,6541,40.766368,-73.971518,40.7546011026,-73.971878855,member
2722008,AAB7453F748988AA,classic_bike,2021-08-13 14:55:57,2021-08-13 15:05:14,E 68 St & Madison Ave,6932,E 48 St & 3 Ave,6541,40.7691572,-73.96703464,40.7546011026,-73.971878855,casual
2722012,85AB727799DDEA32,classic_bike,2021-08-05 14:38:17,2021-08-05 15:01:07,Newtown Ave & 23 St,7026,E 48 St & 3 Ave,6541,40.7713615,-73.9246145,40.7546011026,-73.971878855,casual
2722055,5A43229F3358BF82,electric_bike,2021-08-02 09:11:43,2021-08-02 09:15:15,E 40 St & 5 Ave,6474,E 48 St & 3 Ave,6541,40.752062307,-73.9816324043,40.7546011026,-73.971878855,member
2722101,7C616C26B62CD5D0,classic_bike,2021-08-04 05:30:28,2021-08-04 05:40:20,W 42 St & 8 Ave,6602,E 48 St & 3 Ave,6541,40.7575699,-73.99098507,40.7546011026,-73.971878855,member
2722117,5CA9932B28FE4955,classic_bike,2021-08-18 08:48:44,2021-08-18 08:56:28,W 42 St & 8 Ave,6602,E 48 St & 3 Ave,6541,40.7575699,-73.99098507,40.7546011026,-73.971878855,member
2722144,9B84B272833C3D7C,classic_bike,2021-08-05 13:20:28,2021-08-05 13:43:18,E 59 St & Madison Ave,6801,E 48 St & 3 Ave,6541,40.76350532,-73.97109243,40.7546011026,-73.971878855,member
2722160,623367BC225943CF,electric_bike,2021-08-01 00:07:09,2021-08-01 00:39:27,West St & Liberty St,5184,E 48 St & 3 Ave,6541,40.711444,-74.014847,40.7546011026,-73.971878855,member
2722166,AE2E429D3E48C6B4,classic_bike,2021-08-10 15:42:45,2021-08-10 15:49:48,E 32 St & Park Ave,6280,E 48 St & 3 Ave,6541,40.7457121,-73.98194829,40.7546011026,-73.971878855,member
2722190,D14AFAD05D1F7CC1,electric_bike,2021-08-04 16:04:51,2021-08-04 16:07:37,E 48 St & 5 Ave,6626,E 48 St & 3 Ave,6541,40.75724567911726,-73.97805914282799,40.7546011026,-73.971878855,member
2722225,1DE9F3F757D56E7E,classic_bike,2021-08-02 07:03:59,2021-08-02 07:28:07,McGuinness Blvd & Eagle St,5977,E 48 St & 3 Ave,6541,40.73555,-73.95284,40.7546011026,-73.971878855,member
2722242,6533CAAEA0EB276D,electric_bike,2021-08-05 00:19:57,2021-08-05 00:30:59,W 36 St & 9 Ave,6569,E 48 St & 3 Ave,6541,40.75462324029105,-73.99516761302948,40.7546011026,-73.971878855,casual
2722249,49973536FB27CEF3,classic_bike,2021-08-17 08:21:10,2021-08-17 08:26:21,W 42 St & 6 Ave,6517,E 48 St & 3 Ave,6541,40.75492,-73.98455,40.7546011026,-73.971878855,member
2722253,BE8AEB2C554506ED,classic_bike,2021-08-25 16:19:04,2021-08-25 16:29:03,E 33 St & 1 Ave,6197,E 48 St & 3 Ave,6541,40.74322681432173,-73.97449783980846,40.7546011026,-73.971878855,member
2722254,7F8AB8CA032FD523,classic_bike,2021-08-09 16:31:28,2021-08-09 16:41:16,E 33 St & 1 Ave,6197,E 48 St & 3 Ave,6541,40.74322681432173,-73.97449783980846,40.7546011026,-73.971878855,member
2722283,E33ADFF39214C8A2,classic_bike,2021-08-19 16:12:24,2021-08-19 16:22:14,8 Ave & W 52 St,6816,E 48 St & 3 Ave,6541,40.76370739,-73.9851615,40.7546011026,-73.971878855,member
2722299,2015E14F7CF8D290,classic_bike,2021-08-04 12:59:14,2021-08-04 13:10:37,8 Ave & W 52 St,6816,E 48 St & 3 Ave,6541,40.76370739,-73.9851615,40.7546011026,-73.971878855,casual
2722325,E26B81C2277D77D7,classic_bike,2021-08-03 06:22:11,2021-08-03 06:28:58,W 42 St & 6 Ave,6517,E 48 St & 3 Ave,6541,40.75492,-73.98455,40.7546011026,-73.971878855,member
2722330,4E61E188E90B51C7,classic_bike,2021-08-09 07:02:40,2021-08-09 07:29:47,McGuinness Blvd & Eagle St,5977,E 48 St & 3 Ave,6541,40.73555,-73.95284,40.7546011026,-73.971878855,member
2722335,9A6AACA10C7255CE,classic_bike,2021-08-27 18:32:21,2021-08-27 18:41:20,8 Ave & W 52 St,6816,E 48 St & 3 Ave,6541,40.76370739,-73.9851615,40.7546011026,-73.971878855,casual
2722352,22520FE2849B0F74,classic_bike,2021-08-02 11:57:01,2021-08-02 12:31:30,West St & Liberty St,5184,E 48 St & 3 Ave,6541,40.711444,-74.014847,40.7546011026,-73.971878855,member
2722371,173ECD7F321822CC,electric_bike,2021-08-26 07:30:57,2021-08-26 07:36:07,1 Ave & E 30 St,6079,E 48 St & 3 Ave,6541,40.74144387,-73.97536082,40.7546011026,-73.971878855,casual
2722376,0CF1F2D636D6DF01,classic_bike,2021-08-21 19:35:50,2021-08-21 19:48:56,1 Ave & E 30 St,6079,E 48 St & 3 Ave,6541,40.74144387,-73.97536082,40.7546011026,-73.971878855,casual
2722454,290D42BC1E015F3B,classic_bike,2021-08-04 07:21:10,2021-08-04 07:35:56,E 10 St & Avenue A,5659,E 48 St & 3 Ave,6541,40.72740794,-73.98142006,40.7546011026,-73.971878855,member
2722499,A57E297F5CB4696F,electric_bike,2021-08-31 09:46:24,2021-08-31 09:50:40,W 52 St & 6 Ave,6740,E 48 St & 3 Ave,6541,40.76132983124814,-73.97982001304626,40.7546011026,-73.971878855,member
2722500,F62ED66BC96EDAF3,electric_bike,2021-08-03 10:47:20,2021-08-03 10:53:00,W 52 St & 6 Ave,6740,E 48 St & 3 Ave,6541,40.76132983124814,-73.97982001304626,40.7546011026,-73.971878855,member
2722501,C99592BC9D0210C0,classic_bike,2021-08-24 17:36:05,2021-08-24 17:41:48,3 Ave & E 62 St,6762,E 48 St & 3 Ave,6541,40.76312584,-73.96526895,40.7546011026,-73.971878855,member
2722502,06A37B85753E7658,classic_bike,2021-08-18 08:57:30,2021-08-18 09:11:58,3 Ave & E 62 St,6762,E 48 St & 3 Ave,6541,40.76312584,-73.96526895,40.7546011026,-73.971878855,member
2722503,CD19B69FEB520125,classic_bike,2021-08-26 09:46:16,2021-08-26 09:55:30,3 Ave & E 62 St,6762,E 48 St & 3 Ave,6541,40.76312584,-73.96526895,40.7546011026,-73.971878855,member
2722504,D3E070AD62C83200,classic_bike,2021-08-20 08:56:37,2021-08-20 09:08:41,3 Ave & E 62 St,6762,E 48 St & 3 Ave,6541,40.76312584,-73.96526895,40.7546011026,-73.971878855,member
2722524,9B0025D830562EE8,electric_bike,2021-08-02 09:53:27,2021-08-02 09:57:55,W 52 St & 6 Ave,6740,E 48 St & 3 Ave,6541,40.76132983124814,-73.97982001304626,40.7546011026,-73.971878855,member
2722526,E38A968E5696FB6E,classic_bike,2021-08-28 11:45:32,2021-08-28 11:50:20,W 52 St & 6 Ave,6740,E 48 St & 3 Ave,6541,40.76132983124814,-73.97982001304626,40.7546011026,-73.971878855,member
2722529,1C9134E59461FB52,classic_bike,2021-08-10 09:21:27,2021-08-10 09:31:19,3 Ave & E 62 St,6762,E 48 St & 3 Ave,6541,40.76312584,-73.96526895,40.7546011026,-73.971878855,member
2722536,A85A483EAD80A1E1,electric_bike,2021-08-25 10:40:11,2021-08-25 10:58:33,3 Ave & E 62 St,6762,E 48 St & 3 Ave,6541,40.76312584,-73.96526895,40.7546011026,-73.971878855,member
2722547,E644F9F82250DFC5,classic_bike,2021-08-30 09:19:12,2021-08-30 09:25:35,W 52 St & 6 Ave,6740,E 48 St & 3 Ave,6541,40.76132983124814,-73.97982001304626,40.7546011026,-73.971878855,member
2722554,4300656B9EDB7AF2,classic_bike,2021-08-19 08:34:09,2021-08-19 08:46:33,3 Ave & E 62 St,6762,E 48 St & 3 Ave,6541,40.76312584,-73.96526895,40.7546011026,-73.971878855,member
2722562,BB61AF14E69BC9F2,classic_bike,2021-08-12 08:09:48,2021-08-12 08:18:03,3 Ave & E 62 St,6762,E 48 St & 3 Ave,6541,40.76312584,-73.96526895,40.7546011026,-73.971878855,member
2722565,1FFD9DF8C52E0246,electric_bike,2021-08-31 07:59:34,2021-08-31 08:34:34,West St & Liberty St,5184,E 48 St & 3 Ave,6541,40.711444,-74.014847,40.7546011026,-73.971878855,member
2722582,C71FF27D53EF7CBF,electric_bike,2021-08-20 09:43:31,2021-08-20 09:59:31,W 22 St & 10 Ave,6306,E 48 St & 3 Ave,6541,40.74691959,-74.00451887,40.7546011026,-73.971878855,member
2722587,43F7A79418D9677D,classic_bike,2021-08-05 21:46:21,2021-08-05 21:52:47,W 47 St & 6 Ave,6667,E 48 St & 3 Ave,6541,40.758397,-73.98255,40.7546011026,-73.971878855,member
2722590,2BC57CE6D872B400,classic_bike,2021-08-02 07:20:50,2021-08-02 07:25:43,W 47 St & 6 Ave,6667,E 48 St & 3 Ave,6541,40.758397,-73.98255,40.7546011026,-73.971878855,member
2722591,188F94D4BADEDC42,classic_bike,2021-08-22 00:41:25,2021-08-22 01:03:48,W 26 St & 8 Ave,6297,E 48 St & 3 Ave,6541,40.74734825,-73.99723551,40.7546011026,-73.971878855,casual
2722592,0A6BDEEF7BA15BD5,classic_bike,2021-08-26 15:18:02,2021-08-26 15:25:27,W 47 St & 6 Ave,6667,E 48 St & 3 Ave,6541,40.758397,-73.98255,40.7546011026,-73.971878855,casual
2722600,716A18849606D10B,classic_bike,2021-08-14 13:38:05,2021-08-14 13:44:46,W 37 St & 5 Ave,6398,E 48 St & 3 Ave,6541,40.75038009,-73.98338988,40.7546011026,-73.971878855,member
2722610,4EB8574F719D67BC,classic_bike,2021-08-31 11:18:03,2021-08-31 11:25:27,W 52 St & 6 Ave,6740,E 48 St & 3 Ave,6541,40.76132983124814,-73.97982001304626,40.7546011026,-73.971878855,member
2722613,67548475E668B359,classic_bike,2021-08-16 07:51:02,2021-08-16 08:00:14,3 Ave & E 62 St,6762,E 48 St & 3 Ave,6541,40.76312584,-73.96526895,40.7546011026,-73.971878855,member
2722630,CE654D9636DD2E40,electric_bike,2021-08-02 21:37:10,2021-08-02 21:47:29,W 37 St & 5 Ave,6398,E 48 St & 3 Ave,6541,40.75038009,-73.98338988,40.7546011026,-73.971878855,casual
2722696,86DB10E5CC192A06,classic_bike,2021-08-21 16:46:24,2021-08-21 16:59:20,E 31 St & 3 Ave,6239,E 48 St & 3 Ave,6541,40.74394314,-73.97966069,40.7546011026,-73.971878855,casual
2722706,9B7DC3F82C8FE824,electric_bike,2021-08-15 09:07:56,2021-08-15 09:13:12,E 31 St & 3 Ave,6239,E 48 St & 3 Ave,6541,40.74394314,-73.97966069,40.7546011026,-73.971878855,casual
2722741,444293BA77AA6087,classic_bike,2021-08-16 18:52:23,2021-08-16 18:55:52,E 44 St & 2 Ave,6422,E 48 St & 3 Ave,6541,40.75118387463277,-73.97138714790344,40.7546011026,-73.971878855,member
2722747,77157C0518DD21C7,electric_bike,2021-08-07 21:48:33,2021-08-07 23:34:04,E 58 St & 1 Ave (NW Corner),6723,E 48 St & 3 Ave,6541,40.759125,-73.962658,40.7546011026,-73.971878855,casual
2722748,9BB6EAD51968B261,electric_bike,2021-08-30 20:17:47,2021-08-30 20:25:18,E 58 St & 1 Ave (NW Corner),6723,E 48 St & 3 Ave,6541,40.759125,-73.962658,40.7546011026,-73.971878855,casual
2722782,18669B525D212542,classic_bike,2021-08-25 18:17:36,2021-08-25 18:22:44,E 40 St & 5 Ave,6474,E 48 St & 3 Ave,6541,40.752062307,-73.9816324043,40.7546011026,-73.971878855,member
2722792,E1B99D8B3FDBA64E,docked_bike,2021-08-31 12:42:53,2021-08-31 14:10:23,W 59 St & 10 Ave,7023,E 48 St & 3 Ave,6541,40.770513,-73.988038,40.754601,-73.971879,casual
2722799,3F6945BD56759F7D,classic_bike,2021-08-18 07:43:18,2021-08-18 07:54:00,W 53 St & 10 Ave,6890,E 48 St & 3 Ave,6541,40.76669671,-73.99061728,40.7546011026,-73.971878855,member
2722800,739938B89738CE12,electric_bike,2021-08-31 09:53:50,2021-08-31 10:11:44,MacDougal St & Prince St,5687,E 48 St & 3 Ave,6541,40.72710258,-74.00297088,40.7546011026,-73.971878855,member
2722810,48489E5C6578E40A,classic_bike,2021-08-30 15:01:00,2021-08-30 15:07:33,E 32 St & Park Ave,6280,E 48 St & 3 Ave,6541,40.7457121,-73.98194829,40.7546011026,-73.971878855,casual
2722822,150CE336256695B2,classic_bike,2021-08-12 18:06:43,2021-08-12 18:20:54,Broadway & W 29 St,6289,E 48 St & 3 Ave,6541,40.7462009,-73.98855723,40.7546011026,-73.971878855,member
2722823,3D73151FFE6AF845,electric_bike,2021-08-06 07:06:21,2021-08-06 07:18:21,W 36 St & 9 Ave,6569,E 48 St & 3 Ave,6541,40.75462324029105,-73.99516761302948,40.7546011026,-73.971878855,member
2722825,5F6AF7049D2B131D,electric_bike,2021-08-27 07:46:36,2021-08-27 07:51:36,W 42 St & 6 Ave,6517,E 48 St & 3 Ave,6541,40.75492,-73.98455,40.7546011026,-73.971878855,member
2722835,DFAED34FD3BECB99,classic_bike,2021-08-12 16:41:59,2021-08-12 16:47:50,W 42 St & 6 Ave,6517,E 48 St & 3 Ave,6541,40.75492,-73.98455,40.7546011026,-73.971878855,member
2722836,3CB4D121B9B22CD5,classic_bike,2021-08-24 09:35:39,2021-08-24 09:46:06,Broadway & W 56 St,6847,E 48 St & 3 Ave,6541,40.7652654,-73.98192338,40.7546011026,-73.971878855,member
2722841,EAF1F791BA76AF44,classic_bike,2021-08-30 12:27:05,2021-08-30 12:31:51,E 48 St & 5 Ave,6626,E 48 St & 3 Ave,6541,40.75724567911726,-73.97805914282799,40.7546011026,-73.971878855,member
2722864,D755427CBD24ACE6,classic_bike,2021-08-29 18:32:58,2021-08-29 19:03:40,W 36 St & 9 Ave,6569,E 48 St & 3 Ave,6541,40.75462324029105,-73.99516761302948,40.7546011026,-73.971878855,member
2722875,C3719909876C4C84,classic_bike,2021-08-26 09:05:23,2021-08-26 09:19:08,W 54 St & 11 Ave,6955,E 48 St & 3 Ave,6541,40.768333,-73.992573,40.7546011026,-73.971878855,member
2722876,272CCEB1FCAC0246,electric_bike,2021-08-25 08:55:21,2021-08-25 09:07:30,W 54 St & 11 Ave,6955,E 48 St & 3 Ave,6541,40.768333,-73.992573,40.7546011026,-73.971878855,member
2722932,477CB88FD59B54DC,classic_bike,2021-08-17 15:08:38,2021-08-17 15:50:53,Broadway & W 29 St,6289,E 48 St & 3 Ave,6541,40.7462009,-73.98855723,40.7546011026,-73.971878855,member
2722941,479E43EE99389E59,classic_bike,2021-08-24 06:05:10,2021-08-24 06:10:33,Broadway & W 41 St,6560,E 48 St & 3 Ave,6541,40.75513557,-73.98658032,40.7546011026,-73.971878855,member
2722960,571460EE687EB81B,classic_bike,2021-08-13 15:24:17,2021-08-13 15:29:31,2 Ave & E 55 St,6650,E 48 St & 3 Ave,6541,40.757920208794026,-73.96638214588165,40.7546011026,-73.971878855,member
2722963,FC275FB6B75FB0B4,electric_bike,2021-08-02 07:50:43,2021-08-02 08:01:24,E 15 St & 3 Ave,5863,E 48 St & 3 Ave,6541,40.734232,-73.986923,40.7546011026,-73.971878855,member
2722966,4026105247C5E1B4,classic_bike,2021-08-27 17:07:27,2021-08-27 17:10:54,2 Ave & E 55 St,6650,E 48 St & 3 Ave,6541,40.757920208794026,-73.96638214588165,40.7546011026,-73.971878855,casual
2722967,9D9C9DD019E5FAF7,classic_bike,2021-08-10 16:59:22,2021-08-10 17:01:50,E 44 St & Lexington Ave,6464,E 48 St & 3 Ave,6541,40.752643,-73.974996,40.7546011026,-73.971878855,casual
2723006,39FC07254EE67FAA,classic_bike,2021-08-17 09:00:40,2021-08-17 09:10:17,3 Ave & E 62 St,6762,E 48 St & 3 Ave,6541,40.76312584,-73.96526895,40.7546011026,-73.971878855,member
2723009,E4B3FCB7DE965018,classic_bike,2021-08-01 14:08:39,2021-08-01 14:30:58,W 104 St & Amsterdam Ave,7610,E 48 St & 3 Ave,6541,40.79904139288298,-73.96649479866028,40.7546011026,-73.971878855,member
2723020,BFDF9B190B9C2BA4,docked_bike,2021-08-14 11:18:00,2021-08-14 11:41:56,E 15 St & 3 Ave,5863,E 48 St & 3 Ave,6541,40.734232,-73.986923,40.754601,-73.971879,casual
2723031,7B03CFE2353921EC,classic_bike,2021-08-11 08:58:57,2021-08-11 09:03:36,2 Ave & E 55 St,6650,E 48 St & 3 Ave,6541,40.757920208794026,-73.96638214588165,40.7546011026,-73.971878855,member
2723079,6573D3574DA2F9C5,electric_bike,2021-08-24 16:41:01,2021-08-24 17:06:13,Frederick Douglass Blvd & W 115 St,7658,E 48 St & 3 Ave,6541,40.8038654,-73.9559308,40.7546011026,-73.971878855,member
2723108,41E1504FF372EF8F,classic_bike,2021-08-24 10:42:18,2021-08-24 10:54:07,W 63 St & Broadway,7052,E 48 St & 3 Ave,6541,40.77163851,-73.98261428,40.7546011026,-73.971878855,member
2723127,46541965DD2E6A71,classic_bike,2021-08-26 11:35:02,2021-08-26 11:46:47,W 63 St & Broadway,7052,E 48 St & 3 Ave,6541,40.77163851,-73.98261428,40.7546011026,-73.971878855,casual
2723128,4F6657CBD53FFD53,classic_bike,2021-08-15 23:27:17,2021-08-16 00:09:43,Carmine St & 6 Ave,5763,E 48 St & 3 Ave,6541,40.73038599,-74.00214988,40.7546011026,-73.971878855,casual
2723151,47C2131FFC4B5127,classic_bike,2021-08-15 18:45:18,2021-08-15 19:02:06,W 63 St & Broadway,7052,E 48 St & 3 Ave,6541,40.77163851,-73.98261428,40.7546011026,-73.971878855,member
2723161,7090D7E307C581D5,electric_bike,2021-08-17 07:49:15,2021-08-17 08:05:58,36 Ave & 10 St,6737,E 48 St & 3 Ave,6541,40.7614376,-73.9411265,40.7546011026,-73.971878855,member
2723165,5A02535FBA199BAE,electric_bike,2021-08-19 13:40:14,2021-08-19 16:46:21,Lenox Ave & W 126 St,7720,E 48 St & 3 Ave,6541,40.808442,-73.9452087,40.7546011026,-73.971878855,member
2723169,2DEDCD0C7CD1B9A5,classic_bike,2021-08-18 18:20:17,2021-08-18 18:36:34,W 25 St & 6 Ave,6215,E 48 St & 3 Ave,6541,40.74395411,-73.99144871,40.7546011026,-73.971878855,member
2723171,F8CE13E6F18BF6CC,electric_bike,2021-08-17 19:50:52,2021-08-17 20:01:43,W 25 St & 6 Ave,6215,E 48 St & 3 Ave,6541,40.74395411,-73.99144871,40.7546011026,-73.971878855,member
2723173,3D8CD33C15323628,classic_bike,2021-08-10 08:45:08,2021-08-10 08:57:17,W 25 St & 6 Ave,6215,E 48 St & 3 Ave,6541,40.74395411,-73.99144871,40.7546011026,-73.971878855,member
2723179,1ABE4F2318E0A837,classic_bike,2021-08-09 10:55:16,2021-08-09 11:17:08,Amsterdam Ave & W 82 St,7360,E 48 St & 3 Ave,6541,40.78524672,-73.97667321,40.7546011026,-73.971878855,member
2723194,C122D4DEEF7DE479,classic_bike,2021-08-30 08:49:28,2021-08-30 09:03:32,W 63 St & Broadway,7052,E 48 St & 3 Ave,6541,40.77163851,-73.98261428,40.7546011026,-73.971878855,member
2723220,9B64FC58B8A1E399,classic_bike,2021-08-18 20:41:11,2021-08-18 20:54:51,W 63 St & Broadway,7052,E 48 St & 3 Ave,6541,40.77163851,-73.98261428,40.7546011026,-73.971878855,casual
2723238,9335105C276FCA24,classic_bike,2021-08-28 19:54:44,2021-08-28 19:59:57,E 51 St & 1 Ave,6532,E 48 St & 3 Ave,6541,40.75455731,-73.96592976,40.7546011026,-73.971878855,member
2723258,98DE201AFA36B125,classic_bike,2021-08-20 16:32:52,2021-08-20 16:36:06,Pershing Square South,6432,E 48 St & 3 Ave,6541,40.751581,-73.97791,40.7546011026,-73.971878855,member
2723272,20A785559A475FCF,classic_bike,2021-08-25 08:53:23,2021-08-25 09:05:12,1 Ave & E 68 St,6822,E 48 St & 3 Ave,6541,40.76500525,-73.95818491,40.7546011026,-73.971878855,member
2723273,69B6FA0D071F73D0,classic_bike,2021-08-18 08:50:37,2021-08-18 09:01:17,1 Ave & E 68 St,6822,E 48 St & 3 Ave,6541,40.76500525,-73.95818491,40.7546011026,-73.971878855,member
2723283,650FDDB2CDBC9A44,classic_bike,2021-08-09 12:39:05,2021-08-09 12:53:24,1 Ave & E 68 St,6822,E 48 St & 3 Ave,6541,40.76500525,-73.95818491,40.7546011026,-73.971878855,member
2723370,A1C7754E680995ED,classic_bike,2021-08-06 06:09:13,2021-08-06 06:19:53,W 33 St & 7 Ave,6407,E 48 St & 3 Ave,6541,40.75019995,-73.99093085,40.7546011026,-73.971878855,member
2723372,6197E6A803A8F75B,classic_bike,2021-08-24 07:59:34,2021-08-24 08:10:57,W 33 St & 7 Ave,6407,E 48 St & 3 Ave,6541,40.75019995,-73.99093085,40.7546011026,-73.971878855,member
2723457,CB1269BC8F9BA4F4,classic_bike,2021-08-31 14:21:54,2021-08-31 14:37:22,E 13 St & Avenue A,5779,E 48 St & 3 Ave,6541,40.72966729392978,-73.98067966103554,40.7546011026,-73.971878855,member
2723463,8C70A8E17071703E,classic_bike,2021-08-17 08:09:19,2021-08-17 08:19:38,2 Ave & E 29 St,6122,E 48 St & 3 Ave,6541,40.74172351097472,-73.97809267044067,40.7546011026,-73.971878855,member
2723465,272CFE6A1CEB53F3,electric_bike,2021-08-28 18:03:16,2021-08-28 18:15:02,W 35 St & 9 Ave,6569,E 48 St & 3 Ave,6541,40.75414519263519,-73.9960889518261,40.7546011026,-73.971878855,member
2723482,91F26A80A3457BDF,electric_bike,2021-08-03 11:34:59,2021-08-03 11:41:22,2 Ave & E 29 St,6122,E 48 St & 3 Ave,6541,40.74172351097472,-73.97809267044067,40.7546011026,-73.971878855,member
2723491,6E5481D6A3330412,classic_bike,2021-08-21 13:40:40,2021-08-21 13:55:55,W 35 St & 9 Ave,6569,E 48 St & 3 Ave,6541,40.75414519263519,-73.9960889518261,40.7546011026,-73.971878855,member
2723519,140CE9BC84F08A55,classic_bike,2021-08-18 08:15:33,2021-08-18 08:24:17,2 Ave & E 29 St,6122,E 48 St & 3 Ave,6541,40.74172351097472,-73.97809267044067,40.7546011026,-73.971878855,member
2723523,DFB77E2BFF83E257,electric_bike,2021-08-05 09:47:45,2021-08-05 10:09:45,34 Ave & 21 St,6798,E 48 St & 3 Ave,6541,40.7628138,-73.9342862,40.7546011026,-73.971878855,member
2723525,5E9EBC2CFDE14923,electric_bike,2021-08-16 10:58:50,2021-08-16 11:37:11,Hanson Pl & Ashland Pl,4395,E 48 St & 3 Ave,6541,40.68506807308177,-73.97790759801863,40.7546011026,-73.971878855,member
2723527,F32305908AC8883B,classic_bike,2021-08-17 11:52:28,2021-08-17 12:07:46,9 Ave & W 22 St,6266,E 48 St & 3 Ave,6541,40.7454973,-74.00197139,40.7546011026,-73.971878855,member
2723534,E72686631AE95565,classic_bike,2021-08-13 23:56:45,2021-08-14 00:15:21,9 Ave & W 22 St,6266,E 48 St & 3 Ave,6541,40.7454973,-74.00197139,40.7546011026,-73.971878855,casual
2723539,AFBB3267DFA3FE72,classic_bike,2021-08-08 15:20:41,2021-08-08 15:31:05,2 Ave & E 29 St,6122,E 48 St & 3 Ave,6541,40.74172351097472,-73.97809267044067,40.7546011026,-73.971878855,member
2723545,BFB497456BC6E621,classic_bike,2021-08-16 16:10:04,2021-08-16 16:24:28,2 Ave & E 29 St,6122,E 48 St & 3 Ave,6541,40.74172351097472,-73.97809267044067,40.7546011026,-73.971878855,casual
2723549,46A7779F91B36F11,classic_bike,2021-08-03 18:03:38,2021-08-03 18:21:03,9 Ave & W 22 St,6266,E 48 St & 3 Ave,6541,40.7454973,-74.00197139,40.7546011026,-73.971878855,member
2723581,CE4E89F001EDB71E,electric_bike,2021-08-17 17:33:02,2021-08-17 17:55:19,E 97 St & Madison Ave,7393,E 48 St & 3 Ave,6541,40.787801,-73.953559,40.7546011026,-73.971878855,member
2723594,737F3BE90F45F9EE,classic_bike,2021-08-05 18:04:43,2021-08-05 18:22:46,9 Ave & W 22 St,6266,E 48 St & 3 Ave,6541,40.7454973,-74.00197139,40.7546011026,-73.971878855,member
2723597,183105B738EAEE51,classic_bike,2021-08-01 14:27:40,2021-08-01 14:37:45,2 Ave & E 29 St,6122,E 48 St & 3 Ave,6541,40.74172351097472,-73.97809267044067,40.7546011026,-73.971878855,member
2723619,F606B9ADB89AD1BF,classic_bike,2021-08-27 18:54:07,2021-08-27 19:08:49,E 74 St & 1 Ave,6953,E 48 St & 3 Ave,6541,40.7689738,-73.95482273,40.7546011026,-73.971878855,casual
2723653,99D4A32C7C3C8E81,classic_bike,2021-08-16 07:27:51,2021-08-16 07:42:12,1 Ave & E 18 St,5854,E 48 St & 3 Ave,6541,40.73381219196632,-73.98054420948029,40.7546011026,-73.971878855,member
2723656,50D5924596650200,electric_bike,2021-08-20 07:57:22,2021-08-20 08:08:11,E 16 St & Irving Pl,5938,E 48 St & 3 Ave,6541,40.735367055605394,-73.98797392845154,40.7546011026,-73.971878855,member
2723657,14D3B86522861CF6,classic_bike,2021-08-03 08:40:24,2021-08-03 08:48:16,Broadway & W 37 St,6441,E 48 St & 3 Ave,6541,40.75172632,-73.98753523,40.7546011026,-73.971878855,member
2723664,2CEF6AA2E74D67DC,classic_bike,2021-08-14 11:33:00,2021-08-14 11:57:49,E 16 St & Irving Pl,5938,E 48 St & 3 Ave,6541,40.735367055605394,-73.98797392845154,40.7546011026,-73.971878855,member
2723668,700ADECA3662938D,classic_bike,2021-08-23 15:14:02,2021-08-23 15:43:59,1 Ave & E 18 St,5854,E 48 St & 3 Ave,6541,40.73381219196632,-73.98054420948029,40.7546011026,-73.971878855,member
2723683,CE20480C79923BEA,electric_bike,2021-08-11 07:42:01,2021-08-11 07:48:38,1 Ave & E 68 St,6822,E 48 St & 3 Ave,6541,40.76500525,-73.95818491,40.7546011026,-73.971878855,member
2723685,2A36F3737AFA9A0F,classic_bike,2021-08-12 05:55:05,2021-08-12 06:02:46,W 41 St & 8 Ave,6602,E 48 St & 3 Ave,6541,40.75640548,-73.9900262,40.7546011026,-73.971878855,member
2723708,6018DA60F0D051AA,classic_bike,2021-08-31 09:15:02,2021-08-31 09:22:40,W 41 St & 8 Ave,6602,E 48 St & 3 Ave,6541,40.75640548,-73.9900262,40.7546011026,-73.971878855,member
2723709,C5BA5DD2366C05A4,classic_bike,2021-08-25 05:36:53,2021-08-25 05:45:02,W 41 St & 8 Ave,6602,E 48 St & 3 Ave,6541,40.75640548,-73.9900262,40.7546011026,-73.971878855,member
2723718,6465BC36E1778B1E,classic_bike,2021-08-01 13:37:05,2021-08-01 13:50:44,Madison Ave & E 26 St,6131,E 48 St & 3 Ave,6541,40.742684734875695,-73.98671329021454,40.7546011026,-73.971878855,member
2723723,C13F64C83F47B74C,electric_bike,2021-08-31 07:47:17,2021-08-31 07:54:41,1 Ave & E 68 St,6822,E 48 St & 3 Ave,6541,40.76500525,-73.95818491,40.7546011026,-73.971878855,member
2723725,BCB74CDCCEA655B4,classic_bike,2021-08-09 07:34:48,2021-08-09 07:49:47,Riverside Blvd & W 67 St,7183,E 48 St & 3 Ave,6541,40.777507027547976,-73.98888587951659,40.7546011026,-73.971878855,member
2723759,EF8257EFE79D29B7,classic_bike,2021-08-11 05:52:27,2021-08-11 06:00:06,W 41 St & 8 Ave,6602,E 48 St & 3 Ave,6541,40.75640548,-73.9900262,40.7546011026,-73.971878855,member
2723771,D55F802120E38D44,electric_bike,2021-08-08 08:00:26,2021-08-08 08:07:35,1 Ave & E 68 St,6822,E 48 St & 3 Ave,6541,40.76500525,-73.95818491,40.7546011026,-73.971878855,casual
2723777,EB6BD6B1937541DD,classic_bike,2021-08-07 22:26:20,2021-08-07 22:40:25,Madison Ave & E 26 St,6131,E 48 St & 3 Ave,6541,40.742684734875695,-73.98671329021454,40.7546011026,-73.971878855,casual
2723778,A072C6E9E5612FDE,electric_bike,2021-08-06 18:29:59,2021-08-06 18:37:33,1 Ave & E 68 St,6822,E 48 St & 3 Ave,6541,40.76500525,-73.95818491,40.7546011026,-73.971878855,casual
2723796,0FF02CF97906C58A,classic_bike,2021-08-30 14:02:07,2021-08-30 14:13:15,W 41 St & 8 Ave,6602,E 48 St & 3 Ave,6541,40.75640548,-73.9900262,40.7546011026,-73.971878855,member
2723797,BC2ECF0DBB627AE6,electric_bike,2021-08-07 23:47:15,2021-08-07 23:56:48,Broadway & W 29 St,6289,E 48 St & 3 Ave,6541,40.7462009,-73.98855723,40.7546011026,-73.971878855,member
2723809,F7018FA3A1744F23,classic_bike,2021-08-17 15:21:58,2021-08-17 15:33:36,W 41 St & 8 Ave,6602,E 48 St & 3 Ave,6541,40.75640548,-73.9900262,40.7546011026,-73.971878855,member
2723870,78B0680AE20BFC4C,classic_bike,2021-08-17 05:38:42,2021-08-17 05:47:53,W 41 St & 8 Ave,6602,E 48 St & 3 Ave,6541,40.75640548,-73.9900262,40.7546011026,-73.971878855,member
2723887,1947861B19FED488,classic_bike,2021-08-17 23:29:56,2021-08-17 23:38:54,W 41 St & 8 Ave,6602,E 48 St & 3 Ave,6541,40.75640548,-73.9900262,40.7546011026,-73.971878855,member
2723901,876BA650347EA519,electric_bike,2021-08-11 23:53:00,2021-08-12 00:03:05,W 41 St & 8 Ave,6602,E 48 St & 3 Ave,6541,40.75640548,-73.9900262,40.7546011026,-73.971878855,casual
2723911,FE2058EF12A784E7,classic_bike,2021-08-05 09:00:54,2021-08-05 09:08:40,W 41 St & 8 Ave,6602,E 48 St & 3 Ave,6541,40.75640548,-73.9900262,40.7546011026,-73.971878855,member
2723942,033B76DE8F47EAF7,classic_bike,2021-08-20 08:00:51,2021-08-20 08:08:27,W 41 St & 8 Ave,6602,E 48 St & 3 Ave,6541,40.75640548,-73.9900262,40.7546011026,-73.971878855,member
2723983,4C04324E9EFF9D05,classic_bike,2021-08-06 12:32:52,2021-08-06 12:35:08,E 45 St & 3 Ave,6464,E 48 St & 3 Ave,6541,40.75255434,-73.97282625,40.7546011026,-73.971878855,member
2723989,A0E64ABBBAC47512,electric_bike,2021-08-17 14:47:31,2021-08-17 14:50:11,E 45 St & 3 Ave,6464,E 48 St & 3 Ave,6541,40.75255434,-73.97282625,40.7546011026,-73.971878855,member
2724006,7B5246EE1D34FBE7,electric_bike,2021-08-10 12:09:53,2021-08-10 12:21:16,W 59 St & 10 Ave,7023,E 48 St & 3 Ave,6541,40.770513,-73.988038,40.7546011026,-73.971878855,member
2724014,4A92B6FE2843A087,classic_bike,2021-08-20 14:46:03,2021-08-20 14:59:52,E 45 St & 3 Ave,6464,E 48 St & 3 Ave,6541,40.75255434,-73.97282625,40.7546011026,-73.971878855,casual
2724034,C5886FE1B02FBC01,electric_bike,2021-08-02 00:12:43,2021-08-02 00:36:09,Allen St & Rivington St,5414,E 48 St & 3 Ave,6541,40.72019576,-73.98997825,40.7546011026,-73.971878855,member
2724041,2BCBC19FFA0AFD86,classic_bike,2021-08-04 07:18:28,2021-08-04 07:46:15,Franklin St & Dupont St,5944,E 48 St & 3 Ave,6541,40.73564,-73.95866,40.7546011026,-73.971878855,member
2724097,C6D4B727E0D93B95,electric_bike,2021-08-18 18:46:11,2021-08-18 18:47:24,E 45 St & 3 Ave,6464,E 48 St & 3 Ave,6541,40.75255434,-73.97282625,40.7546011026,-73.971878855,member
2724112,BCD104DC99711C26,classic_bike,2021-08-07 10:22:56,2021-08-07 10:52:48,E 45 St & 3 Ave,6464,E 48 St & 3 Ave,6541,40.75255434,-73.97282625,40.7546011026,-73.971878855,casual
2724132,8474EAB13138B78B,classic_bike,2021-08-30 18:07:07,2021-08-30 18:12:45,W 48 St & Rockefeller Plaza,6667,E 48 St & 3 Ave,6541,40.75793646243674,-73.97960275411606,40.7546011026,-73.971878855,member
2724137,ACCC64DDF4374460,classic_bike,2021-08-26 08:17:55,2021-08-26 08:21:15,W 48 St & Rockefeller Plaza,6667,E 48 St & 3 Ave,6541,40.75793646243674,-73.97960275411606,40.7546011026,-73.971878855,member
2724139,1450B51C59872DC5,classic_bike,2021-08-01 03:39:55,2021-08-01 03:44:03,W 48 St & Rockefeller Plaza,6667,E 48 St & 3 Ave,6541,40.75793646243674,-73.97960275411606,40.7546011026,-73.971878855,casual
2724164,2B885F332E080EAF,classic_bike,2021-08-29 16:13:20,2021-08-29 16:14:33,E 45 St & 3 Ave,6464,E 48 St & 3 Ave,6541,40.75255434,-73.97282625,40.7546011026,-73.971878855,member
2724172,11D913AA74E1DC8A,electric_bike,2021-08-04 08:36:47,2021-08-04 09:00:20,Murray St & West St,5329,E 48 St & 3 Ave,6541,40.7149787,-74.013012,40.7546011026,-73.971878855,member
2724184,547A25177D101954,electric_bike,2021-08-27 12:43:03,2021-08-27 12:46:16,W 48 St & Rockefeller Plaza,6667,E 48 St & 3 Ave,6541,40.75793646243674,-73.97960275411606,40.7546011026,-73.971878855,casual
2724193,9A5152DC52D7DEE8,classic_bike,2021-08-03 17:09:50,2021-08-03 17:11:10,E 45 St & 3 Ave,6464,E 48 St & 3 Ave,6541,40.75255434,-73.97282625,40.7546011026,-73.971878855,member
2724209,FCEEBBB994BE6D04,classic_bike,2021-08-30 07:28:52,2021-08-30 07:57:06,Franklin St & Dupont St,5944,E 48 St & 3 Ave,6541,40.73564,-73.95866,40.7546011026,-73.971878855,member
2724210,96ABC4CF66836E4C,classic_bike,2021-08-22 05:37:31,2021-08-22 05:40:38,E 45 St & 3 Ave,6464,E 48 St & 3 Ave,6541,40.75255434,-73.97282625,40.7546011026,-73.971878855,casual
2724232,F02EF25137F8ED03,electric_bike,2021-08-19 14:48:43,2021-08-19 14:57:48,E 76 St & Park Ave,7128,E 48 St & 3 Ave,6541,40.773763,-73.96222088,40.7546011026,-73.971878855,casual
2724260,94BE6ABEC65E8BDE,classic_bike,2021-08-15 23:49:43,2021-08-15 23:54:32,W 48 St & Rockefeller Plaza,6667,E 48 St & 3 Ave,6541,40.75793646243674,-73.97960275411606,40.7546011026,-73.971878855,casual
2724262,C543C6C582FDD2B9,classic_bike,2021-08-14 02:03:45,2021-08-14 02:07:03,W 48 St & Rockefeller Plaza,6667,E 48 St & 3 Ave,6541,40.75793646243674,-73.97960275411606,40.7546011026,-73.971878855,casual
2724269,ADC4861BD8848C11,electric_bike,2021-08-05 17:00:57,2021-08-05 17:05:49,W 48 St & Rockefeller Plaza,6667,E 48 St & 3 Ave,6541,40.75793646243674,-73.97960275411606,40.7546011026,-73.971878855,member
2724288,68FE633CD367098E,classic_bike,2021-08-16 10:05:39,2021-08-16 10:19:00,W 44 St & 11 Ave,6756,E 48 St & 3 Ave,6541,40.762009,-73.996975,40.7546011026,-73.971878855,member
2724291,76B7C431CCA4F2DA,classic_bike,2021-08-19 09:40:37,2021-08-19 09:53:03,W 44 St & 11 Ave,6756,E 48 St & 3 Ave,6541,40.762009,-73.996975,40.7546011026,-73.971878855,member
2724298,9D5A0FA18F5A517F,classic_bike,2021-08-03 08:32:01,2021-08-03 08:42:06,W 44 St & 11 Ave,6756,E 48 St & 3 Ave,6541,40.762009,-73.996975,40.7546011026,-73.971878855,member
2724305,9D9D633AD86104E5,classic_bike,2021-08-30 19:50:52,2021-08-30 20:07:52,W 44 St & 11 Ave,6756,E 48 St & 3 Ave,6541,40.762009,-73.996975,40.7546011026,-73.971878855,member
2724306,B540E09B53282195,classic_bike,2021-08-16 17:26:01,2021-08-16 17:31:33,W 48 St & Rockefeller Plaza,6667,E 48 St & 3 Ave,6541,40.75793646243674,-73.97960275411606,40.7546011026,-73.971878855,member
2724330,3DEE3D10FB2EB939,electric_bike,2021-08-10 16:38:02,2021-08-10 16:55:02,21 St & 36 Ave,6729,E 48 St & 3 Ave,6541,40.7601853,-73.9362726,40.7546011026,-73.971878855,member
2724336,355EB7FEA2EC6FA8,classic_bike,2021-08-24 08:29:24,2021-08-24 08:33:38,W 48 St & Rockefeller Plaza,6667,E 48 St & 3 Ave,6541,40.75793646243674,-73.97960275411606,40.7546011026,-73.971878855,member
2724347,35AFBF4710632B6E,classic_bike,2021-08-04 06:21:43,2021-08-04 06:25:25,W 48 St & Rockefeller Plaza,6667,E 48 St & 3 Ave,6541,40.75793646243674,-73.97960275411606,40.7546011026,-73.971878855,member
2724388,8B5A4958084F51D4,classic_bike,2021-08-28 16:10:36,2021-08-28 16:20:57,Broadway & W 29 St,6289,E 48 St & 3 Ave,6541,40.7462009,-73.98855723,40.7546011026,-73.971878855,member
2724392,F6FD521307936543,classic_bike,2021-08-13 12:51:48,2021-08-13 13:00:10,W 42 St & 6 Ave,6517,E 48 St & 3 Ave,6541,40.75492,-73.98455,40.7546011026,-73.971878855,member
2724407,17BDB79AB732629F,classic_bike,2021-08-12 09:59:12,2021-08-12 10:08:04,8 Ave & W 52 St,6816,E 48 St & 3 Ave,6541,40.76370739,-73.9851615,40.7546011026,-73.971878855,member
2724422,B5DB43A7D552302A,electric_bike,2021-08-16 12:51:33,2021-08-16 12:57:17,E 33 St & 5 Ave,6322,E 48 St & 3 Ave,6541,40.74765947,-73.98490707,40.7546011026,-73.971878855,member
2724441,A21F146F7C03865E,electric_bike,2021-08-16 16:10:10,2021-08-16 17:42:45,Barrow St & Hudson St,5805,E 48 St & 3 Ave,6541,40.73172428,-74.00674436,40.7546011026,-73.971878855,casual
2724457,DC622F419EF94BE6,classic_bike,2021-08-15 13:58:04,2021-08-15 14:31:20,W 59 St & 10 Ave,7023,E 48 St & 3 Ave,6541,40.770513,-73.988038,40.7546011026,-73.971878855,casual
2724459,7653E02CA4ABF25A,classic_bike,2021-08-13 14:18:40,2021-08-13 14:34:47,W 59 St & 10 Ave,7023,E 48 St & 3 Ave,6541,40.770513,-73.988038,40.7546011026,-73.971878855,member
2724467,C9B56FD993090562,classic_bike,2021-08-13 19:36:39,2021-08-13 20:16:19,Delancey St & Eldridge St,5414,E 48 St & 3 Ave,6541,40.719383,-73.991479,40.7546011026,-73.971878855,casual
2724475,E637F13E5865F77C,classic_bike,2021-08-12 19:45:11,2021-08-12 20:01:27,Avenue C & E 18 St,5769,E 48 St & 3 Ave,6541,40.730563,-73.973984,40.7546011026,-73.971878855,casual
2724493,87D64B16D38A3086,classic_bike,2021-08-01 14:20:45,2021-08-01 14:42:09,E 72 St & York Ave,6889,E 48 St & 3 Ave,6541,40.76663814,-73.95348296,40.7546011026,-73.971878855,member
2724519,69F110D5AE63C6B3,electric_bike,2021-08-30 20:33:17,2021-08-30 20:58:20,11 Ave & W 27 St,6425,E 48 St & 3 Ave,6541,40.751396,-74.005226,40.7546011026,-73.971878855,casual
2724520,63C6E89FE7136526,classic_bike,2021-08-09 22:59:03,2021-08-09 23:15:15,8 Ave & W 27 St,6297,E 48 St & 3 Ave,6541,40.747968,-73.996637,40.7546011026,-73.971878855,casual
2724548,B346AEB39DAB635C,classic_bike,2021-08-10 07:05:22,2021-08-10 07:31:19,McGuinness Blvd & Eagle St,5977,E 48 St & 3 Ave,6541,40.73555,-73.95284,40.7546011026,-73.971878855,member
2724559,22908DAD94E9F9C3,electric_bike,2021-08-27 09:46:40,2021-08-27 09:58:36,W 18 St & 6 Ave,6064,E 48 St & 3 Ave,6541,40.73971301,-73.99456405,40.7546011026,-73.971878855,member
2724566,949488595258B15E,classic_bike,2021-08-19 18:01:28,2021-08-19 18:15:44,W 18 St & 6 Ave,6064,E 48 St & 3 Ave,6541,40.73971301,-73.99456405,40.7546011026,-73.971878855,member
2724567,8D37F6226892AEE9,electric_bike,2021-08-05 15:22:10,2021-08-05 15:28:38,8 Ave & W 52 St,6816,E 48 St & 3 Ave,6541,40.76370739,-73.9851615,40.7546011026,-73.971878855,member
2724579,4C9624B3C9F38A4B,electric_bike,2021-08-24 19:44:09,2021-08-24 20:27:46,11 Ave & W 27 St,6425,E 48 St & 3 Ave,6541,40.751396,-74.005226,40.7546011026,-73.971878855,member
2724605,7667F8FA7D128833,classic_bike,2021-08-02 18:18:19,2021-08-02 18:29:05,FDR Drive & E 35 St,6230,E 48 St & 3 Ave,6541,40.744219,-73.97121214,40.7546011026,-73.971878855,member
2724607,6E71053B7C252CF4,electric_bike,2021-08-09 08:55:37,2021-08-09 09:05:26,E 20 St & 2 Ave,5971,E 48 St & 3 Ave,6541,40.73587678,-73.98205027,40.7546011026,-73.971878855,member
2724655,AB5EDFA9ACD90824,electric_bike,2021-08-11 08:09:46,2021-08-11 08:21:41,E 72 St & York Ave,6889,E 48 St & 3 Ave,6541,40.76663814,-73.95348296,40.7546011026,-73.971878855,member
2724658,1BBBAD7E0A6B977F,classic_bike,2021-08-16 21:07:39,2021-08-16 21:19:41,E 72 St & York Ave,6889,E 48 St & 3 Ave,6541,40.76663814,-73.95348296,40.7546011026,-73.971878855,member
2724659,FA87342B8D4F1533,electric_bike,2021-08-16 09:11:50,2021-08-16 09:21:11,E 72 St & York Ave,6889,E 48 St & 3 Ave,6541,40.76663814,-73.95348296,40.7546011026,-73.971878855,member
2724680,6728E7A6710C0276,classic_bike,2021-08-06 19:33:47,2021-08-06 19:49:07,E 72 St & York Ave,6889,E 48 St & 3 Ave,6541,40.76663814,-73.95348296,40.7546011026,-73.971878855,member
2724681,CA94A6395F08BC08,classic_bike,2021-08-26 08:40:46,2021-08-26 08:52:31,E 72 St & York Ave,6889,E 48 St & 3 Ave,6541,40.76663814,-73.95348296,40.7546011026,-73.971878855,member
2724688,DA0E4B6E30BC5C4C,electric_bike,2021-08-11 07:55:26,2021-08-11 08:07:53,E 72 St & York Ave,6889,E 48 St & 3 Ave,6541,40.76663814,-73.95348296,40.7546011026,-73.971878855,casual
2724699,7E134A0A10E704DD,classic_bike,2021-08-03 08:57:47,2021-08-03 09:22:33,Central Park West & W 76 St,7253,E 48 St & 3 Ave,6541,40.77896784,-73.97374737,40.7546011026,-73.971878855,member
2724710,7434AD4858BFCF79,classic_bike,2021-08-25 22:26:46,2021-08-25 22:34:41,E 58 St & 1 Ave (NW Corner),6723,E 48 St & 3 Ave,6541,40.759125,-73.962658,40.7546011026,-73.971878855,member
2724715,B4442669CD2ED181,classic_bike,2021-08-01 11:57:09,2021-08-01 12:15:41,Central Park West & W 76 St,7253,E 48 St & 3 Ave,6541,40.77896784,-73.97374737,40.7546011026,-73.971878855,member
2724716,48121A394E611FB5,classic_bike,2021-08-17 19:41:30,2021-08-17 19:45:08,E 44 St & 2 Ave,6422,E 48 St & 3 Ave,6541,40.75118387463277,-73.97138714790344,40.7546011026,-73.971878855,member
2724720,57C6008EC7D863AD,classic_bike,2021-08-24 20:49:31,2021-08-24 21:01:31,W 43 St & 10 Ave,6756,E 48 St & 3 Ave,6541,40.76009437,-73.99461843,40.7546011026,-73.971878855,casual
2724723,8AC61F33EE8FC01B,classic_bike,2021-08-12 09:12:47,2021-08-12 09:33:06,W 43 St & 10 Ave,6756,E 48 St & 3 Ave,6541,40.76009437,-73.99461843,40.7546011026,-73.971878855,casual
2724849,E869AD49435D6B10,classic_bike,2021-08-29 14:10:07,2021-08-29 14:22:37,E 23 St & 1 Ave,5929,E 48 St & 3 Ave,6541,40.736502,-73.97809472,40.7546011026,-73.971878855,member
2724918,6DA57ADA5B27FE4A,classic_bike,2021-08-09 20:09:35,2021-08-09 20:25:29,E 9 St & 5 Ave,5872,E 48 St & 3 Ave,6541,40.73275887045087,-73.99581670761108,40.7546011026,-73.971878855,casual
2724969,A83E169E11E8EAE4,electric_bike,2021-08-18 12:30:33,2021-08-18 12:49:35,36 Ave & 10 St,6737,E 48 St & 3 Ave,6541,40.7614376,-73.9411265,40.7546011026,-73.971878855,member
2724986,4C8014DBC48FF701,electric_bike,2021-08-16 11:46:27,2021-08-16 11:56:31,E 72 St & York Ave,6889,E 48 St & 3 Ave,6541,40.76663814,-73.95348296,40.7546011026,-73.971878855,member
2725020,7E799341D7F6F3E0,classic_bike,2021-08-04 08:30:36,2021-08-04 08:43:31,2 Ave & E 72 St,6925,E 48 St & 3 Ave,6541,40.7687620293096,-73.95840793848038,40.7546011026,-73.971878855,member
2725028,E3B26B0A45175DA5,classic_bike,2021-08-06 08:43:51,2021-08-06 08:57:12,2 Ave & E 72 St,6925,E 48 St & 3 Ave,6541,40.7687620293096,-73.95840793848038,40.7546011026,-73.971878855,member
2725029,63203C0C61B73608,electric_bike,2021-08-13 09:06:30,2021-08-13 09:15:07,Broadway & W 58 St,6948,E 48 St & 3 Ave,6541,40.76695317,-73.98169333,40.7546011026,-73.971878855,member
2725039,1EC59AF493CAE2C7,electric_bike,2021-08-02 12:21:00,2021-08-02 12:26:14,E 56 St & Madison Ave,6732,E 48 St & 3 Ave,6541,40.761573,-73.972628,40.7546011026,-73.971878855,member
2725045,74119BF80324BC04,classic_bike,2021-08-27 16:11:35,2021-08-27 16:21:00,9 Ave & W 45 St,6717,E 48 St & 3 Ave,6541,40.76019252,-73.9912551,40.7546011026,-73.971878855,casual
2725048,4C9850A7BE233B3E,classic_bike,2021-08-13 10:17:11,2021-08-13 10:31:40,Broadway & W 58 St,6948,E 48 St & 3 Ave,6541,40.76695317,-73.98169333,40.7546011026,-73.971878855,casual
2725049,00EBB29CD81B0484,classic_bike,2021-08-16 06:59:01,2021-08-16 07:07:42,9 Ave & W 45 St,6717,E 48 St & 3 Ave,6541,40.76019252,-73.9912551,40.7546011026,-73.971878855,member
2725050,A2B7B08C65234793,classic_bike,2021-08-11 17:42:47,2021-08-11 17:59:22,9 Ave & W 45 St,6717,E 48 St & 3 Ave,6541,40.76019252,-73.9912551,40.7546011026,-73.971878855,casual
2725054,F0F240356FABEE2E,classic_bike,2021-08-04 08:52:32,2021-08-04 09:01:33,2 Ave & E 72 St,6925,E 48 St & 3 Ave,6541,40.7687620293096,-73.95840793848038,40.7546011026,-73.971878855,casual
2725055,D23B080D900F9D37,classic_bike,2021-08-27 08:24:54,2021-08-27 08:42:19,W 100 St & Manhattan Ave,7538,E 48 St & 3 Ave,6541,40.795,-73.9645,40.7546011026,-73.971878855,member
2725073,8E74746E8AA38AE9,classic_bike,2021-08-27 08:29:12,2021-08-27 08:42:01,2 Ave & E 72 St,6925,E 48 St & 3 Ave,6541,40.7687620293096,-73.95840793848038,40.7546011026,-73.971878855,member
2725080,6E110954A9470296,classic_bike,2021-08-13 20:08:34,2021-08-13 20:19:16,9 Ave & W 45 St,6717,E 48 St & 3 Ave,6541,40.76019252,-73.9912551,40.7546011026,-73.971878855,casual
2725091,A0ACE7AA7B65F194,classic_bike,2021-08-16 08:18:43,2021-08-16 08:38:56,W 100 St & Manhattan Ave,7538,E 48 St & 3 Ave,6541,40.795,-73.9645,40.7546011026,-73.971878855,member
2725102,3920F9B2E3D37444,classic_bike,2021-08-13 09:51:16,2021-08-13 10:31:56,Columbus Ave & W 72 St,7175,E 48 St & 3 Ave,6541,40.7770575,-73.97898475,40.7546011026,-73.971878855,casual
2725109,B6836722B4FE8D19,electric_bike,2021-08-20 23:01:08,2021-08-20 23:17:02,Columbus Ave & W 72 St,7175,E 48 St & 3 Ave,6541,40.7770575,-73.97898475,40.7546011026,-73.971878855,member
2725119,F2A114F1EF6A8EB8,classic_bike,2021-08-15 10:23:37,2021-08-15 10:37:28,Columbus Ave & W 72 St,7175,E 48 St & 3 Ave,6541,40.7770575,-73.97898475,40.7546011026,-73.971878855,casual
2725134,EA948F6694F19E19,electric_bike,2021-08-28 23:25:36,2021-08-28 23:34:56,E 72 St & York Ave,6889,E 48 St & 3 Ave,6541,40.76663814,-73.95348296,40.7546011026,-73.971878855,casual
2725148,C792287840BDA0C2,electric_bike,2021-08-23 09:42:00,2021-08-23 09:54:06,Columbus Ave & W 72 St,7175,E 48 St & 3 Ave,6541,40.7770575,-73.97898475,40.7546011026,-73.971878855,member
2725166,F222F4186C3A60A0,electric_bike,2021-08-20 09:27:04,2021-08-20 09:28:53,E 44 St & Lexington Ave,6464,E 48 St & 3 Ave,6541,40.752643,-73.974996,40.7546011026,-73.971878855,member
2725176,11B9D9285C702CF8,classic_bike,2021-08-11 08:39:24,2021-08-11 08:54:32,Columbus Ave & W 72 St,7175,E 48 St & 3 Ave,6541,40.7770575,-73.97898475,40.7546011026,-73.971878855,member
2725203,197D3ED06A5A9D41,electric_bike,2021-08-17 07:46:11,2021-08-17 07:58:23,E 78 St & 2 Ave,7057,E 48 St & 3 Ave,6541,40.7727966,-73.95577801,40.7546011026,-73.971878855,member
2725218,21AD2482EDA533E9,classic_bike,2021-08-21 07:20:53,2021-08-21 07:24:29,W 48 St & Rockefeller Plaza,6667,E 48 St & 3 Ave,6541,40.75793646243674,-73.97960275411606,40.7546011026,-73.971878855,member
2725254,BDCF5FE133D45B9B,classic_bike,2021-08-04 09:26:58,2021-08-04 09:37:30,E 78 St & 2 Ave,7057,E 48 St & 3 Ave,6541,40.7727966,-73.95577801,40.7546011026,-73.971878855,member
2725261,99AFABAF30E087CB,classic_bike,2021-08-13 09:55:05,2021-08-13 10:32:20,Columbus Ave & W 72 St,7175,E 48 St & 3 Ave,6541,40.7770575,-73.97898475,40.7546011026,-73.971878855,casual
2725269,F15CDB614EF495A9,classic_bike,2021-08-02 08:18:45,2021-08-02 08:29:15,E 78 St & 2 Ave,7057,E 48 St & 3 Ave,6541,40.7727966,-73.95577801,40.7546011026,-73.971878855,member
2725276,67FD8322F98C8959,classic_bike,2021-08-19 13:47:43,2021-08-19 13:51:20,W 48 St & Rockefeller Plaza,6667,E 48 St & 3 Ave,6541,40.75793646243674,-73.97960275411606,40.7546011026,-73.971878855,casual
2725304,4E99463848FDF292,classic_bike,2021-08-01 05:04:24,2021-08-01 05:15:35,8 Ave & W 31 St,6450,E 48 St & 3 Ave,6541,40.7505853470215,-73.9946848154068,40.7546011026,-73.971878855,member
2725309,AD46835D3DEE48FD,classic_bike,2021-08-28 18:07:30,2021-08-28 18:10:38,W 48 St & Rockefeller Plaza,6667,E 48 St & 3 Ave,6541,40.75793646243674,-73.97960275411606,40.7546011026,-73.971878855,member
2725312,57D52B6EB5611921,classic_bike,2021-08-04 06:52:03,2021-08-04 07:04:30,8 Ave & W 31 St,6450,E 48 St & 3 Ave,6541,40.7505853470215,-73.9946848154068,40.7546011026,-73.971878855,member
2725322,7CC405E17E45EEAD,classic_bike,2021-08-04 07:56:15,2021-08-04 08:09:53,8 Ave & W 31 St,6450,E 48 St & 3 Ave,6541,40.7505853470215,-73.9946848154068,40.7546011026,-73.971878855,member
2725327,8DD629F91B8189AF,classic_bike,2021-08-14 01:03:41,2021-08-14 01:19:10,8 Ave & W 31 St,6450,E 48 St & 3 Ave,6541,40.7505853470215,-73.9946848154068,40.7546011026,-73.971878855,casual
2725334,0CB5862A5C048E9E,classic_bike,2021-08-12 08:06:37,2021-08-12 08:20:39,W 46 St & 11 Ave,6795,E 48 St & 3 Ave,6541,40.76341379,-73.99667444,40.7546011026,-73.971878855,member
2725370,A67CEA5565E37937,classic_bike,2021-08-04 09:09:25,2021-08-04 09:22:35,Columbus Ave & W 72 St,7175,E 48 St & 3 Ave,6541,40.7770575,-73.97898475,40.7546011026,-73.971878855,member
2725377,E615A3511BC5CB3E,classic_bike,2021-08-06 09:20:32,2021-08-06 09:35:24,E 78 St & 2 Ave,7057,E 48 St & 3 Ave,6541,40.7727966,-73.95577801,40.7546011026,-73.971878855,member
2725378,22836E659F38FF45,classic_bike,2021-08-04 09:00:53,2021-08-04 09:13:45,E 78 St & 2 Ave,7057,E 48 St & 3 Ave,6541,40.7727966,-73.95577801,40.7546011026,-73.971878855,member
2725401,E81737FBF11A9477,classic_bike,2021-08-06 09:29:29,2021-08-06 09:36:29,Broadway & W 36 St,6441,E 48 St & 3 Ave,6541,40.75097711,-73.98765428,40.7546011026,-73.971878855,member
2725414,B7351604E934A5BA,classic_bike,2021-08-28 19:40:43,2021-08-28 19:50:33,W 50 St & 9 Ave,6854,E 48 St & 3 Ave,6541,40.76360467795863,-73.98917958140373,40.7546011026,-73.971878855,casual
2725428,C1C96455C2AD8532,classic_bike,2021-08-28 18:05:18,2021-08-28 18:17:43,Broadway & W 36 St,6441,E 48 St & 3 Ave,6541,40.75097711,-73.98765428,40.7546011026,-73.971878855,member
2725465,E798507CA4748FC7,classic_bike,2021-08-02 18:49:27,2021-08-02 18:52:02,E 47 St & 1 Ave,6498,E 48 St & 3 Ave,6541,40.75206862,-73.96784384,40.7546011026,-73.971878855,member
2725466,5C7A0096D3F619A3,classic_bike,2021-08-25 19:20:54,2021-08-25 19:24:22,E 47 St & 1 Ave,6498,E 48 St & 3 Ave,6541,40.75206862,-73.96784384,40.7546011026,-73.971878855,member
2725481,193A67A29F2783AB,electric_bike,2021-08-11 16:54:10,2021-08-11 17:00:03,W 44 St & 5 Ave,6551,E 48 St & 3 Ave,6541,40.75500254,-73.98014437,40.7546011026,-73.971878855,member
2725528,3E97782839B86B05,classic_bike,2021-08-06 06:36:56,2021-08-06 06:46:48,W 31 St & 7 Ave,6331,E 48 St & 3 Ave,6541,40.749156,-73.9916,40.7546011026,-73.971878855,casual
2725532,DCD45201C973E81B,electric_bike,2021-08-06 09:50:41,2021-08-06 09:59:44,W 31 St & 7 Ave,6331,E 48 St & 3 Ave,6541,40.749156,-73.9916,40.7546011026,-73.971878855,casual
2725540,C32B916D0E7B9CE3,classic_bike,2021-08-25 08:02:29,2021-08-25 08:06:55,E 39 St & 2 Ave,6345,E 48 St & 3 Ave,6541,40.74803319428767,-73.973827958107,40.7546011026,-73.971878855,member
2725541,65A3B5BE043EFFF7,classic_bike,2021-08-25 15:42:19,2021-08-25 15:46:27,E 39 St & 2 Ave,6345,E 48 St & 3 Ave,6541,40.74803319428767,-73.973827958107,40.7546011026,-73.971878855,member
2725544,3B7E0351A8698B1C,classic_bike,2021-08-07 20:37:40,2021-08-07 20:51:17,W 31 St & 7 Ave,6331,E 48 St & 3 Ave,6541,40.749156,-73.9916,40.7546011026,-73.971878855,member
2725555,44110832EC213B3A,classic_bike,2021-08-28 04:24:42,2021-08-28 04:42:39,W 31 St & 7 Ave,6331,E 48 St & 3 Ave,6541,40.749156,-73.9916,40.7546011026,-73.971878855,casual
2725560,76BAD7261414F5D9,classic_bike,2021-08-01 11:50:17,2021-08-01 12:18:15,W 15 St & 10 Ave,6115,E 48 St & 3 Ave,6541,40.74275382865903,-74.00747358798981,40.7546011026,-73.971878855,casual
2725562,E56138FBD13B41AE,classic_bike,2021-08-26 08:24:04,2021-08-26 08:29:15,E 39 St & 2 Ave,6345,E 48 St & 3 Ave,6541,40.74803319428767,-73.973827958107,40.7546011026,-73.971878855,member
2725578,CA7BE5EF6A6CDC8B,classic_bike,2021-08-29 16:02:46,2021-08-29 16:07:13,E 39 St & 2 Ave,6345,E 48 St & 3 Ave,6541,40.74803319428767,-73.973827958107,40.7546011026,-73.971878855,member
2725599,82B61DC85E2573D7,classic_bike,2021-08-27 13:49:00,2021-08-27 13:53:43,E 39 St & 2 Ave,6345,E 48 St & 3 Ave,6541,40.74803319428767,-73.973827958107,40.7546011026,-73.971878855,member
2725600,16D1213BB095B503,classic_bike,2021-08-27 15:37:19,2021-08-27 15:41:42,E 39 St & 2 Ave,6345,E 48 St & 3 Ave,6541,40.74803319428767,-73.973827958107,40.7546011026,-73.971878855,member
2725605,415FB982B7A6789B,electric_bike,2021-08-14 12:58:25,2021-08-14 13:02:01,E 39 St & 2 Ave,6345,E 48 St & 3 Ave,6541,40.74803319428767,-73.973827958107,40.7546011026,-73.971878855,member
2725614,328CD644EB5C4E84,classic_bike,2021-08-16 10:13:19,2021-08-16 10:39:57,6 Ave & Broome St,5610,E 48 St & 3 Ave,6541,40.72431,-74.00473,40.7546011026,-73.971878855,casual
2725643,4C383535B208A739,electric_bike,2021-08-11 11:33:33,2021-08-11 11:50:12,W 31 St & 7 Ave,6331,E 48 St & 3 Ave,6541,40.749156,-73.9916,40.7546011026,-73.971878855,casual
2725740,B2349822CADE6CB9,classic_bike,2021-08-08 15:17:06,2021-08-08 15:29:48,Central Park West & W 72 St,7141,E 48 St & 3 Ave,6541,40.77579376683666,-73.9762057363987,40.7546011026,-73.971878855,member
2725796,1A7330BF5CD1E3AB,classic_bike,2021-08-07 16:30:41,2021-08-07 16:48:26,E 88 St & 1 Ave,7235,E 48 St & 3 Ave,6541,40.778301,-73.9488134,40.7546011026,-73.971878855,member
2725797,CA25DBAD5E68CA53,classic_bike,2021-08-08 15:06:20,2021-08-08 15:43:53,31 Ave & Steinway St,6782,E 48 St & 3 Ave,6541,40.7611488,-73.9170071,40.7546011026,-73.971878855,member
2725800,B0E8A952C10A3AAE,classic_bike,2021-08-10 07:55:14,2021-08-10 08:12:37,E 88 St & 1 Ave,7235,E 48 St & 3 Ave,6541,40.778301,-73.9488134,40.7546011026,-73.971878855,member
2725805,6D8CE9A4A33DDF89,classic_bike,2021-08-07 01:35:47,2021-08-07 01:36:57,E 45 St & 3 Ave,6464,E 48 St & 3 Ave,6541,40.75255434,-73.97282625,40.7546011026,-73.971878855,member
2725815,77109592702159BE,classic_bike,2021-08-04 13:10:23,2021-08-04 13:20:10,6 Ave & W 34 St,6364,E 48 St & 3 Ave,6541,40.74964,-73.98805,40.7546011026,-73.971878855,member
2725862,F965EFC585C47DEA,classic_bike,2021-08-16 08:46:01,2021-08-16 08:59:18,6 Ave & W 34 St,6364,E 48 St & 3 Ave,6541,40.74964,-73.98805,40.7546011026,-73.971878855,member
2725917,62DA5E67DE0C4456,classic_bike,2021-08-05 17:08:44,2021-08-05 17:18:17,6 Ave & W 34 St,6364,E 48 St & 3 Ave,6541,40.74964,-73.98805,40.7546011026,-73.971878855,member
2725920,4C3115710F06DCAF,classic_bike,2021-08-13 00:11:11,2021-08-13 00:34:09,Cleveland Pl & Spring St,5492,E 48 St & 3 Ave,6541,40.722103786686034,-73.99724900722504,40.7546011026,-73.971878855,member
2725946,385F922040441FF7,classic_bike,2021-08-12 03:27:35,2021-08-12 03:46:40,Cleveland Pl & Spring St,5492,E 48 St & 3 Ave,6541,40.722103786686034,-73.99724900722504,40.7546011026,-73.971878855,member
2725992,4B78F5187D8DF3F4,classic_bike,2021-08-15 18:58:54,2021-08-15 19:10:31,6 Ave & W 34 St,6364,E 48 St & 3 Ave,6541,40.74964,-73.98805,40.7546011026,-73.971878855,member
2726025,255E6F003BDCC3A1,classic_bike,2021-08-31 18:48:29,2021-08-31 19:06:00,6 Ave & W 34 St,6364,E 48 St & 3 Ave,6541,40.74964,-73.98805,40.7546011026,-73.971878855,casual
2726073,EA683AE491302AFB,electric_bike,2021-08-01 22:28:53,2021-08-01 22:36:32,9 Ave & W 45 St,6717,E 48 St & 3 Ave,6541,40.76019252,-73.9912551,40.7546011026,-73.971878855,member
2726075,1557B6094C9BDB35,classic_bike,2021-08-04 22:17:32,2021-08-04 22:25:48,9 Ave & W 45 St,6717,E 48 St & 3 Ave,6541,40.76019252,-73.9912551,40.7546011026,-73.971878855,member
2726112,196243E938DD3F19,classic_bike,2021-08-20 11:40:20,2021-08-20 11:49:58,6 Ave & W 34 St,6364,E 48 St & 3 Ave,6541,40.74964,-73.98805,40.7546011026,-73.971878855,member
2726127,07250682B1FF6D5D,electric_bike,2021-08-06 20:12:07,2021-08-06 20:21:46,E 74 St & 1 Ave,6953,E 48 St & 3 Ave,6541,40.7689738,-73.95482273,40.7546011026,-73.971878855,member
2726132,85A7A30CBEAD84C7,electric_bike,2021-08-14 15:05:54,2021-08-14 15:25:25,Roosevelt Island Tramway,6599,E 48 St & 3 Ave,6541,40.757284,-73.9536,40.7546011026,-73.971878855,casual
2726167,416989F50EADF333,classic_bike,2021-08-11 08:31:39,2021-08-11 08:59:21,Central Park W & W 91 St,7453,E 48 St & 3 Ave,6541,40.78866499127884,-73.96680057048798,40.7546011026,-73.971878855,member
2726225,EE75F8AC152D96A2,classic_bike,2021-08-09 11:53:55,2021-08-09 12:21:41,Broadway & E 14 St,5905,E 48 St & 3 Ave,6541,40.73454567,-73.99074142,40.7546011026,-73.971878855,casual
2726244,FC9F60940251A7C2,classic_bike,2021-08-02 09:33:41,2021-08-02 09:40:48,7 Ave & Central Park South,6912,E 48 St & 3 Ave,6541,40.7667405590595,-73.9790689945221,40.7546011026,-73.971878855,member
2726266,CBFF5E31D9A25AB6,classic_bike,2021-08-28 13:17:00,2021-08-28 13:26:59,7 Ave & Central Park South,6912,E 48 St & 3 Ave,6541,40.7667405590595,-73.9790689945221,40.7546011026,-73.971878855,member
2726276,32915CDF23EF471A,classic_bike,2021-08-12 08:28:06,2021-08-12 08:41:24,W 36 St & 7 Ave,6483,E 48 St & 3 Ave,6541,40.752149,-73.989539,40.7546011026,-73.971878855,member
2726296,01DF4024F8401C7C,classic_bike,2021-08-14 12:06:53,2021-08-14 12:24:11,E 9 St & 5 Ave,5872,E 48 St & 3 Ave,6541,40.73275887045087,-73.99581670761108,40.7546011026,-73.971878855,member
2726307,27D91913A68E7454,classic_bike,2021-08-31 08:00:10,2021-08-31 08:10:22,7 Ave & Central Park South,6912,E 48 St & 3 Ave,6541,40.7667405590595,-73.9790689945221,40.7546011026,-73.971878855,member
2726314,19AC52A07C60F4B7,classic_bike,2021-08-01 17:02:39,2021-08-01 17:12:58,2 Ave & E 31 St,6197,E 48 St & 3 Ave,6541,40.74290902,-73.97706058,40.7546011026,-73.971878855,member
2726315,8B42AF37E0359608,classic_bike,2021-08-16 08:56:37,2021-08-16 08:58:23,E 47 St & Park Ave,6584,E 48 St & 3 Ave,6541,40.75510267,-73.97498696,40.7546011026,-73.971878855,member
2726322,35D1F44C806CC36B,electric_bike,2021-08-09 17:44:39,2021-08-09 17:46:02,E 47 St & Park Ave,6584,E 48 St & 3 Ave,6541,40.75510267,-73.97498696,40.7546011026,-73.971878855,member
2726351,F8C9F7E6DD99607D,classic_bike,2021-08-18 17:52:26,2021-08-18 17:57:03,E 53 St & Madison Ave,6659,E 48 St & 3 Ave,6541,40.7597108,-73.97402311,40.7546011026,-73.971878855,member
2726382,13FF1A02267FCB05,classic_bike,2021-08-19 19:24:47,2021-08-19 19:45:02,MacDougal St & Washington Sq,5797,E 48 St & 3 Ave,6541,40.73226398,-73.99852205,40.7546011026,-73.971878855,casual
2726391,4F6540292A4231CE,electric_bike,2021-08-20 08:32:00,2021-08-20 08:55:10,E 9 St & 5 Ave,5872,E 48 St & 3 Ave,6541,40.73275887045087,-73.99581670761108,40.7546011026,-73.971878855,member
2726393,53A6DC0157621593,electric_bike,2021-08-06 15:36:20,2021-08-06 15:42:41,E 31 St & 3 Ave,6239,E 48 St & 3 Ave,6541,40.74394314,-73.97966069,40.7546011026,-73.971878855,member
2726396,89C2963F7EDCCDFA,electric_bike,2021-08-26 10:24:15,2021-08-26 10:30:29,Broadway & W 51 St,6779,E 48 St & 3 Ave,6541,40.76228826,-73.98336183,40.7546011026,-73.971878855,member
2726398,EAB823F75BDAE884,classic_bike,2021-08-31 08:32:03,2021-08-31 08:38:55,Broadway & W 51 St,6779,E 48 St & 3 Ave,6541,40.76228826,-73.98336183,40.7546011026,-73.971878855,member
2726399,E209E0DAB2FA1827,classic_bike,2021-08-10 09:42:45,2021-08-10 09:47:57,Broadway & W 51 St,6779,E 48 St & 3 Ave,6541,40.76228826,-73.98336183,40.7546011026,-73.971878855,member
2726401,DF2A06E381936BD7,classic_bike,2021-08-02 08:57:18,2021-08-02 09:04:17,E 31 St & 3 Ave,6239,E 48 St & 3 Ave,6541,40.74394314,-73.97966069,40.7546011026,-73.971878855,member
2726404,49EB033B4679E566,classic_bike,2021-08-05 09:58:31,2021-08-05 10:04:44,Broadway & W 51 St,6779,E 48 St & 3 Ave,6541,40.76228826,-73.98336183,40.7546011026,-73.971878855,member
2726413,71992A2B00E58B69,electric_bike,2021-08-27 09:06:52,2021-08-27 09:13:53,Broadway & W 51 St,6779,E 48 St & 3 Ave,6541,40.76228826,-73.98336183,40.7546011026,-73.971878855,member
2726460,2642178E17C4F323,classic_bike,2021-08-26 17:56:35,2021-08-26 18:35:36,7 Ave & Central Park South,6912,E 48 St & 3 Ave,6541,40.7667405590595,-73.9790689945221,40.7546011026,-73.971878855,casual
2726464,40ACE7A230D66CDD,classic_bike,2021-08-20 20:28:03,2021-08-20 20:39:03,7 Ave & Central Park South,6912,E 48 St & 3 Ave,6541,40.7667405590595,-73.9790689945221,40.7546011026,-73.971878855,casual
2726483,729680C00BFB628B,electric_bike,2021-08-09 11:53:59,2021-08-09 12:21:29,Broadway & E 14 St,5905,E 48 St & 3 Ave,6541,40.73454567,-73.99074142,40.7546011026,-73.971878855,casual
2726489,9CDF4FBF1D05284E,electric_bike,2021-08-23 22:51:39,2021-08-23 23:08:50,10 Ave & W 28 St,6459,E 48 St & 3 Ave,6541,40.75066386,-74.00176802,40.7546011026,-73.971878855,member
2726509,521A2CB64906DB25,classic_bike,2021-08-20 14:06:12,2021-08-20 14:27:11,E 40 St & 5 Ave,6474,E 48 St & 3 Ave,6541,40.752062307,-73.9816324043,40.7546011026,-73.971878855,casual
2726530,2271C73913885B47,classic_bike,2021-08-17 09:55:01,2021-08-17 10:10:54,W 52 St & 11 Ave,6926,E 48 St & 3 Ave,6541,40.76727216,-73.99392888,40.7546011026,-73.971878855,member
2726531,CD9C763DA7744DA3,classic_bike,2021-08-25 08:42:36,2021-08-25 08:55:34,W 52 St & 11 Ave,6926,E 48 St & 3 Ave,6541,40.76727216,-73.99392888,40.7546011026,-73.971878855,member
2726549,7E19BE1910CFA89A,classic_bike,2021-08-24 21:30:14,2021-08-24 23:15:16,6 Ave & W 34 St,6364,E 48 St & 3 Ave,6541,40.74964,-73.98805,40.7546011026,-73.971878855,casual
2726550,BC4FB440AE019937,classic_bike,2021-08-24 21:28:49,2021-08-24 23:15:17,6 Ave & W 34 St,6364,E 48 St & 3 Ave,6541,40.74964,-73.98805,40.7546011026,-73.971878855,casual
2726556,BAF8BDFEBBCE0748,classic_bike,2021-08-16 07:27:45,2021-08-16 07:56:35,W Broadway & W Houston St,5644,E 48 St & 3 Ave,6541,40.726378,-74.000472,40.7546011026,-73.971878855,member
2726589,B925EBAE4454373B,classic_bike,2021-08-31 13:49:17,2021-08-31 14:04:58,E 33 St & 5 Ave,6322,E 48 St & 3 Ave,6541,40.74765947,-73.98490707,40.7546011026,-73.971878855,casual
2726612,07ED6932234A9450,classic_bike,2021-08-12 09:06:33,2021-08-12 09:17:55,W 42 St & 8 Ave,6602,E 48 St & 3 Ave,6541,40.7575699,-73.99098507,40.7546011026,-73.971878855,member
2726631,5DA0B9F16422F497,classic_bike,2021-08-04 09:17:27,2021-08-04 09:35:45,E 2 St & Avenue A,5553,E 48 St & 3 Ave,6541,40.72307749068673,-73.98583620786667,40.7546011026,-73.971878855,member
2726632,CD562A3866E9C141,classic_bike,2021-08-16 16:31:00,2021-08-16 16:41:38,W 42 St & 8 Ave,6602,E 48 St & 3 Ave,6541,40.7575699,-73.99098507,40.7546011026,-73.971878855,member
2726639,98AA078FADD28483,classic_bike,2021-08-26 05:49:23,2021-08-26 05:57:10,W 42 St & 8 Ave,6602,E 48 St & 3 Ave,6541,40.7575699,-73.99098507,40.7546011026,-73.971878855,member
2726646,57EF359F718BCB98,classic_bike,2021-08-24 09:28:26,2021-08-24 09:35:22,W 42 St & 8 Ave,6602,E 48 St & 3 Ave,6541,40.7575699,-73.99098507,40.7546011026,-73.971878855,member
2726701,66B8CCD8CC501B77,electric_bike,2021-08-22 20:43:15,2021-08-22 20:54:04,6 Ave & W 34 St,6364,E 48 St & 3 Ave,6541,40.74964,-73.98805,40.7546011026,-73.971878855,member
2726803,EAA29DE87DE0403E,electric_bike,2021-08-26 11:47:34,2021-08-26 11:59:30,W 44 St & 11 Ave,6756,E 48 St & 3 Ave,6541,40.762009,-73.996975,40.7546011026,-73.971878855,member
2726826,198882D835AFB44F,classic_bike,2021-08-29 17:44:07,2021-08-29 18:09:16,6 Ave & W 34 St,6364,E 48 St & 3 Ave,6541,40.74964,-73.98805,40.7546011026,-73.971878855,casual
2726843,BB99BF234488CB41,classic_bike,2021-08-09 08:50:33,2021-08-09 09:07:48,Ave D & E 8 St,5506,E 48 St & 3 Ave,6541,40.72368361,-73.97574813,40.7546011026,-73.971878855,member
2726845,422FFD1597679C46,classic_bike,2021-08-26 17:04:33,2021-08-26 17:11:41,W 51 St & 6 Ave,6740,E 48 St & 3 Ave,6541,40.7606597,-73.98042047,40.7546011026,-73.971878855,member
2726861,A0C9183D5175BC72,classic_bike,2021-08-04 09:10:13,2021-08-04 09:15:05,W 48 St & Rockefeller Plaza,6667,E 48 St & 3 Ave,6541,40.75793646243674,-73.97960275411606,40.7546011026,-73.971878855,member
2726891,8DE8FBB01DA57F79,classic_bike,2021-08-19 19:41:59,2021-08-19 19:55:21,6 Ave & W 34 St,6364,E 48 St & 3 Ave,6541,40.74964,-73.98805,40.7546011026,-73.971878855,casual
2726896,9D70F557C16A4D09,classic_bike,2021-08-20 14:44:47,2021-08-20 15:00:02,E 45 St & 3 Ave,6464,E 48 St & 3 Ave,6541,40.75255434,-73.97282625,40.7546011026,-73.971878855,casual
2726905,E22FC35299635FDC,classic_bike,2021-08-21 08:16:14,2021-08-21 08:22:39,1 Ave & E 39 St,6303,E 48 St & 3 Ave,6541,40.74714,-73.97113,40.7546011026,-73.971878855,member
2726912,11EC5D44E63665FC,classic_bike,2021-08-30 07:31:26,2021-08-30 07:35:07,E 39 St & 2 Ave,6345,E 48 St & 3 Ave,6541,40.74803319428767,-73.973827958107,40.7546011026,-73.971878855,member
2726913,8E521184F82796DA,classic_bike,2021-08-31 07:32:49,2021-08-31 07:36:11,E 39 St & 2 Ave,6345,E 48 St & 3 Ave,6541,40.74803319428767,-73.973827958107,40.7546011026,-73.971878855,member
2726921,503634C276A833B0,classic_bike,2021-08-29 10:48:54,2021-08-29 10:57:12,1 Ave & E 39 St,6303,E 48 St & 3 Ave,6541,40.74714,-73.97113,40.7546011026,-73.971878855,member
2726927,669CB31AE96F400E,classic_bike,2021-08-09 07:56:07,2021-08-09 08:19:03,E 91 St & 2 Ave,7286,E 48 St & 3 Ave,6541,40.78115276427916,-73.94963040947914,40.7546011026,-73.971878855,member
2726952,CF017EE4845621F9,classic_bike,2021-08-20 08:22:43,2021-08-20 08:28:38,1 Ave & E 39 St,6303,E 48 St & 3 Ave,6541,40.74714,-73.97113,40.7546011026,-73.971878855,member
2726957,7BFEE7ABDC4DBED6,docked_bike,2021-08-29 12:43:25,2021-08-29 13:21:31,Pearl St & Peck Slip,5096,E 48 St & 3 Ave,6541,40.708485,-74.002751,40.754601,-73.971879,casual
2726961,9DC8F4967A3CACC3,classic_bike,2021-08-18 10:36:51,2021-08-18 10:48:33,W 53 St & 10 Ave,6890,E 48 St & 3 Ave,6541,40.76669671,-73.99061728,40.7546011026,-73.971878855,member
2727026,D4C7833D176E3B92,classic_bike,2021-08-17 21:47:56,2021-08-17 22:45:58,E 55 St & 2 Ave,6650,E 48 St & 3 Ave,6541,40.75797322,-73.96603308,40.7546011026,-73.971878855,member
2727040,1F4212AADADC0330,classic_bike,2021-08-30 08:07:54,2021-08-30 08:23:05,E 88 St & 1 Ave,7235,E 48 St & 3 Ave,6541,40.778301,-73.9488134,40.7546011026,-73.971878855,member
2727041,54C20B26657A01A7,classic_bike,2021-08-17 07:57:37,2021-08-17 08:12:36,E 88 St & 1 Ave,7235,E 48 St & 3 Ave,6541,40.778301,-73.9488134,40.7546011026,-73.971878855,member
2727042,D5C6765DDDDFDCE1,classic_bike,2021-08-03 08:44:55,2021-08-03 09:02:58,Allen St & Rivington St,5414,E 48 St & 3 Ave,6541,40.72019576,-73.98997825,40.7546011026,-73.971878855,member
2727061,C7131446BD730AB0,electric_bike,2021-08-28 06:22:34,2021-08-28 06:45:29,Amsterdam Ave & W 125 St,7800,E 48 St & 3 Ave,6541,40.813358,-73.956461,40.7546011026,-73.971878855,casual
2727065,6565A36393E1C1BD,classic_bike,2021-08-05 21:38:13,2021-08-05 22:02:56,W 100 St & Manhattan Ave,7538,E 48 St & 3 Ave,6541,40.795,-73.9645,40.7546011026,-73.971878855,member
2727072,21B5957BEA72D197,classic_bike,2021-08-20 10:03:48,2021-08-20 10:15:08,W 25 St & 6 Ave,6215,E 48 St & 3 Ave,6541,40.74395411,-73.99144871,40.7546011026,-73.971878855,member
2727074,BFCFB5EC26413299,electric_bike,2021-08-04 08:26:30,2021-08-04 08:37:53,W 25 St & 6 Ave,6215,E 48 St & 3 Ave,6541,40.74395411,-73.99144871,40.7546011026,-73.971878855,member
2727084,57358A589EBF395C,electric_bike,2021-08-24 08:27:16,2021-08-24 08:44:59,Spring St & Hudson St,5653,E 48 St & 3 Ave,6541,40.72583996792375,-74.0076532959938,40.7546011026,-73.971878855,member
2727125,0759F70ACE37030C,electric_bike,2021-08-25 20:09:44,2021-08-25 20:15:56,FDR Drive & E 35 St,6230,E 48 St & 3 Ave,6541,40.744219,-73.97121214,40.7546011026,-73.971878855,member
2727133,85652C0A39DD3637,classic_bike,2021-08-13 23:45:09,2021-08-14 00:04:29,E 98 St & Park Ave,7443,E 48 St & 3 Ave,6541,40.78813,-73.95206,40.7546011026,-73.971878855,member
2727144,2599F46F0923A3BA,classic_bike,2021-08-05 17:55:40,2021-08-05 18:02:54,FDR Drive & E 35 St,6230,E 48 St & 3 Ave,6541,40.744219,-73.97121214,40.7546011026,-73.971878855,member
2727188,7C32A15878DC1811,classic_bike,2021-08-15 15:21:24,2021-08-15 15:45:25,FDR Drive & E 35 St,6230,E 48 St & 3 Ave,6541,40.744219,-73.97121214,40.7546011026,-73.971878855,casual
2727199,1E732C3EE45738FB,electric_bike,2021-08-09 09:35:19,2021-08-09 09:43:33,W 50 St & 10 Ave,6890,E 48 St & 3 Ave,6541,40.76473420006519,-73.99194359779358,40.7546011026,-73.971878855,member
2727234,AF48669151865121,classic_bike,2021-08-24 20:21:40,2021-08-24 20:35:17,E 20 St & 2 Ave,5971,E 48 St & 3 Ave,6541,40.73587678,-73.98205027,40.7546011026,-73.971878855,member
2727241,15AF02D21161DDE8,classic_bike,2021-08-11 08:08:15,2021-08-11 08:15:10,FDR Drive & E 35 St,6230,E 48 St & 3 Ave,6541,40.744219,-73.97121214,40.7546011026,-73.971878855,member
2727307,21F1FBADC7BD5A68,classic_bike,2021-08-07 11:10:57,2021-08-07 11:21:27,E 27 St & Park Ave S,6131,E 48 St & 3 Ave,6541,40.74275179648995,-73.9847157150507,40.7546011026,-73.971878855,member
2727350,E3E6C07A4F49195E,classic_bike,2021-08-09 21:36:21,2021-08-09 23:10:10,Columbus Ave & W 72 St,7175,E 48 St & 3 Ave,6541,40.7770575,-73.97898475,40.7546011026,-73.971878855,casual
2727351,1C78072EC138F22B,classic_bike,2021-08-01 11:51:01,2021-08-01 12:06:33,W 34 St & 11 Ave,6578,E 48 St & 3 Ave,6541,40.75594159,-74.0021163,40.7546011026,-73.971878855,member
2727354,0DE6285DB8B677E9,classic_bike,2021-08-05 23:43:18,2021-08-06 00:00:33,W 37 St & 10 Ave,6611,E 48 St & 3 Ave,6541,40.75660359,-73.9979009,40.7546011026,-73.971878855,casual
2727357,E37A283F2EC27997,classic_bike,2021-08-01 11:51:27,2021-08-01 12:06:37,W 34 St & 11 Ave,6578,E 48 St & 3 Ave,6541,40.75594159,-74.0021163,40.7546011026,-73.971878855,casual
2727374,F3DE51768FC79228,electric_bike,2021-08-18 09:09:28,2021-08-18 09:20:07,W 11 St & 6 Ave,5914,E 48 St & 3 Ave,6541,40.73532427,-73.99800419,40.7546011026,-73.971878855,member
2727390,E70B8E221460E49E,classic_bike,2021-08-03 14:22:02,2021-08-03 14:36:08,Columbus Ave & W 72 St,7175,E 48 St & 3 Ave,6541,40.7770575,-73.97898475,40.7546011026,-73.971878855,member
2727391,4F9F8C0940BB7B7D,classic_bike,2021-08-24 08:33:32,2021-08-24 08:48:48,Columbus Ave & W 72 St,7175,E 48 St & 3 Ave,6541,40.7770575,-73.97898475,40.7546011026,-73.971878855,member
2727396,2489C12430D86436,classic_bike,2021-08-05 09:32:14,2021-08-05 09:45:46,Columbus Ave & W 72 St,7175,E 48 St & 3 Ave,6541,40.7770575,-73.97898475,40.7546011026,-73.971878855,member
2727414,0719EDE2B1DE5588,electric_bike,2021-08-31 13:11:34,2021-08-31 13:31:09,E 47 St & 1 Ave,6498,E 48 St & 3 Ave,6541,40.75206862,-73.96784384,40.7546011026,-73.971878855,casual
2727420,10DAE858FF19FF31,classic_bike,2021-08-29 16:07:58,2021-08-29 16:10:45,1 Ave & E 44 St,6379,E 48 St & 3 Ave,6541,40.75001986,-73.96905301,40.7546011026,-73.971878855,member
2727427,3C28B385A498CD28,electric_bike,2021-08-27 13:20:11,2021-08-27 13:29:39,8 Ave & W 49 St,6747,E 48 St & 3 Ave,6541,40.76171227910671,-73.98655101656914,40.7546011026,-73.971878855,casual
2727441,AA618ED87B68DBA6,classic_bike,2021-08-04 14:09:13,2021-08-04 14:15:39,E 47 St & 1 Ave,6498,E 48 St & 3 Ave,6541,40.75206862,-73.96784384,40.7546011026,-73.971878855,member
2727443,863CE330733ECC6A,electric_bike,2021-08-05 12:40:43,2021-08-05 12:45:10,E 47 St & 1 Ave,6498,E 48 St & 3 Ave,6541,40.75206862,-73.96784384,40.7546011026,-73.971878855,member
2727459,D15FB3E43830CC3B,electric_bike,2021-08-14 14:53:17,2021-08-14 14:58:32,W 44 St & 5 Ave,6551,E 48 St & 3 Ave,6541,40.75500254,-73.98014437,40.7546011026,-73.971878855,casual
2727496,C79EA1EA554C0BB8,electric_bike,2021-08-25 07:25:20,2021-08-25 07:30:22,1 Ave & E 30 St,6079,E 48 St & 3 Ave,6541,40.74144387,-73.97536082,40.7546011026,-73.971878855,casual
2727525,C8D3CA31307B0F14,electric_bike,2021-08-31 13:07:36,2021-08-31 13:30:39,E 47 St & 1 Ave,6498,E 48 St & 3 Ave,6541,40.75206862,-73.96784384,40.7546011026,-73.971878855,casual
2727568,00D76F8E3EB244FC,classic_bike,2021-08-11 10:49:20,2021-08-11 11:00:24,1 Ave & E 30 St,6079,E 48 St & 3 Ave,6541,40.74144387,-73.97536082,40.7546011026,-73.971878855,member
2727576,03FCEDB50C1ADF5C,classic_bike,2021-08-03 09:36:42,2021-08-03 09:51:07,Columbus Ave & W 72 St,7175,E 48 St & 3 Ave,6541,40.7770575,-73.97898475,40.7546011026,-73.971878855,member
2727578,6FC7C491B68D3E25,classic_bike,2021-08-07 18:34:49,2021-08-07 18:46:57,E 78 St & 2 Ave,7057,E 48 St & 3 Ave,6541,40.7727966,-73.95577801,40.7546011026,-73.971878855,member
2727581,51DD01152C5C1759,classic_bike,2021-08-01 17:53:32,2021-08-01 18:09:29,Columbus Ave & W 72 St,7175,E 48 St & 3 Ave,6541,40.7770575,-73.97898475,40.7546011026,-73.971878855,casual
2727655,AFA00061EB74C0E4,electric_bike,2021-08-12 00:57:06,2021-08-12 01:08:34,E 58 St & 1 Ave (NE Corner),6682,E 48 St & 3 Ave,6541,40.75892386377695,-73.96226227283478,40.7546011026,-73.971878855,casual
2727671,00C322431399CAD1,classic_bike,2021-08-04 17:09:12,2021-08-04 17:38:14,Greenwich St & Hubert St,5470,E 48 St & 3 Ave,6541,40.721319,-74.010065,40.7546011026,-73.971878855,member
2727685,B667ADAA9323D9AD,electric_bike,2021-08-17 08:28:15,2021-08-17 08:36:36,1 Ave & E 68 St,6822,E 48 St & 3 Ave,6541,40.76500525,-73.95818491,40.7546011026,-73.971878855,member
2727712,EA685A68AA6859BC,classic_bike,2021-08-16 20:47:59,2021-08-16 20:55:04,E 56 St & 3 Ave,6691,E 48 St & 3 Ave,6541,40.75934501,-73.96759673,40.7546011026,-73.971878855,casual
2727743,DDBEA8EA86E6B5D6,classic_bike,2021-08-17 13:09:58,2021-08-17 13:11:45,E 47 St & 2 Ave,6498,E 48 St & 3 Ave,6541,40.75323098,-73.97032517,40.7546011026,-73.971878855,member
2727745,AF63478817B944C0,classic_bike,2021-08-15 10:29:59,2021-08-15 10:31:22,E 47 St & 2 Ave,6498,E 48 St & 3 Ave,6541,40.75323098,-73.97032517,40.7546011026,-73.971878855,member
2727754,35F4A27066595D1D,classic_bike,2021-08-26 11:26:41,2021-08-26 11:27:56,E 47 St & 2 Ave,6498,E 48 St & 3 Ave,6541,40.75323098,-73.97032517,40.7546011026,-73.971878855,member
2727756,496F8FD600B63D97,classic_bike,2021-08-25 07:48:02,2021-08-25 07:52:30,E 56 St & 3 Ave,6691,E 48 St & 3 Ave,6541,40.75934501,-73.96759673,40.7546011026,-73.971878855,member
2727775,FCB6CDD0CB8670E7,classic_bike,2021-08-13 08:09:40,2021-08-13 08:30:55,W 84 St & Columbus Ave,7382,E 48 St & 3 Ave,6541,40.78499979,-73.97283406,40.7546011026,-73.971878855,member
2727780,A554C73E474E164E,classic_bike,2021-08-31 18:48:58,2021-08-31 18:52:29,E 56 St & 3 Ave,6691,E 48 St & 3 Ave,6541,40.75934501,-73.96759673,40.7546011026,-73.971878855,member
2727785,57B3E2AFD0CBD641,classic_bike,2021-08-11 07:38:33,2021-08-11 08:03:30,E 85 St & 3 Ave,7212,E 48 St & 3 Ave,6541,40.77801203,-73.95407149,40.7546011026,-73.971878855,casual
2727790,0F84B9E8486BA11A,classic_bike,2021-08-15 17:56:21,2021-08-15 19:53:43,E 47 St & 2 Ave,6498,E 48 St & 3 Ave,6541,40.75323098,-73.97032517,40.7546011026,-73.971878855,member
2727806,2A7E601678E43F75,classic_bike,2021-08-01 14:11:53,2021-08-01 14:27:44,2 Ave & E 72 St,6925,E 48 St & 3 Ave,6541,40.7687620293096,-73.95840793848038,40.7546011026,-73.971878855,member
2727871,9FA3B5541C4B33D3,classic_bike,2021-08-30 08:30:44,2021-08-30 08:40:27,E 25 St & 1 Ave,6004,E 48 St & 3 Ave,6541,40.7381765,-73.97738662,40.7546011026,-73.971878855,member
2727919,917DAB3FBCAC0D5E,classic_bike,2021-08-17 07:57:14,2021-08-17 08:17:46,Gansevoort St & Hudson St,6072,E 48 St & 3 Ave,6541,40.73944820130404,-74.00507032871246,40.7546011026,-73.971878855,member
2727920,AE9059CB85586286,classic_bike,2021-08-17 13:58:36,2021-08-17 14:20:38,Gansevoort St & Hudson St,6072,E 48 St & 3 Ave,6541,40.73944820130404,-74.00507032871246,40.7546011026,-73.971878855,member
2727982,C0840065C4E28D83,classic_bike,2021-08-25 23:11:43,2021-08-25 23:34:06,W 100 St & Broadway,7580,E 48 St & 3 Ave,6541,40.7973721,-73.97041192,40.7546011026,-73.971878855,casual
2728020,D443B560D243E439,electric_bike,2021-08-02 13:26:58,2021-08-02 13:27:52,E 47 St & 2 Ave,6498,E 48 St & 3 Ave,6541,40.75323098,-73.97032517,40.7546011026,-73.971878855,member
2728053,A433B75C4C6853A2,classic_bike,2021-08-09 10:45:16,2021-08-09 11:12:08,E 47 St & 2 Ave,6498,E 48 St & 3 Ave,6541,40.75323098,-73.97032517,40.7546011026,-73.971878855,member
2728114,BC2CC67AA7F49A9D,classic_bike,2021-08-15 12:10:17,2021-08-15 12:35:30,W 87 St & Amsterdam Ave,7458,E 48 St & 3 Ave,6541,40.78839,-73.9747,40.7546011026,-73.971878855,member
2728123,5618FBC4A8118DA3,classic_bike,2021-08-25 08:31:30,2021-08-25 08:52:53,W 87 St & Amsterdam Ave,7458,E 48 St & 3 Ave,6541,40.78839,-73.9747,40.7546011026,-73.971878855,member
2728126,AF1AC826F1AA669C,classic_bike,2021-08-03 08:22:33,2021-08-03 08:43:45,W 87 St & Amsterdam Ave,7458,E 48 St & 3 Ave,6541,40.78839,-73.9747,40.7546011026,-73.971878855,member
2728152,DD9D4379EFAD06F9,electric_bike,2021-08-23 08:34:37,2021-08-23 08:46:31,W 25 St & 6 Ave,6215,E 48 St & 3 Ave,6541,40.74395411,-73.99144871,40.7546011026,-73.971878855,member
2728155,CE7345C7E3764D9E,classic_bike,2021-08-09 09:31:52,2021-08-09 09:42:25,W 25 St & 6 Ave,6215,E 48 St & 3 Ave,6541,40.74395411,-73.99144871,40.7546011026,-73.971878855,member
2728156,27FC24574C6E76E9,electric_bike,2021-08-26 07:58:54,2021-08-26 08:46:33,Clark St & Henry St,4789,E 48 St & 3 Ave,6541,40.69760127,-73.99344559,40.7546011026,-73.971878855,member
2728182,1E6889551EB982C6,classic_bike,2021-08-19 09:12:53,2021-08-19 09:28:55,W 20 St & 10 Ave,6306,E 48 St & 3 Ave,6541,40.745686,-74.005141,40.7546011026,-73.971878855,member
2728203,4CE707371DB43E41,classic_bike,2021-08-29 12:36:37,2021-08-29 12:39:16,W 48 St & Rockefeller Plaza,6667,E 48 St & 3 Ave,6541,40.75793646243674,-73.97960275411606,40.7546011026,-73.971878855,member
2728226,A88A8C319C26B73C,classic_bike,2021-08-16 19:25:35,2021-08-16 19:28:00,E 47 St & 1 Ave,6498,E 48 St & 3 Ave,6541,40.75206862,-73.96784384,40.7546011026,-73.971878855,member
2728234,245C2B805065A28B,classic_bike,2021-08-17 08:30:45,2021-08-17 08:35:52,E 53 St & Lexington Ave,6617,E 48 St & 3 Ave,6541,40.75828065,-73.97069431,40.7546011026,-73.971878855,member
2728239,19F5F61B9B9EA2C1,electric_bike,2021-08-29 14:36:36,2021-08-29 14:55:23,Forsyth St & Broome St,5453,E 48 St & 3 Ave,6541,40.71893904,-73.99266288,40.7546011026,-73.971878855,member
2728244,2D41C78ADEED5007,classic_bike,2021-08-18 11:50:10,2021-08-18 11:57:08,E 56 St & Madison Ave,6732,E 48 St & 3 Ave,6541,40.761573,-73.972628,40.7546011026,-73.971878855,member
2728245,D9C711155D2521F1,classic_bike,2021-08-10 08:51:16,2021-08-10 09:10:03,2 Ave & E 72 St,6925,E 48 St & 3 Ave,6541,40.7687620293096,-73.95840793848038,40.7546011026,-73.971878855,member
2728249,14D21D5DB6CFDF17,classic_bike,2021-08-23 16:07:11,2021-08-23 16:18:23,Broadway & W 58 St,6948,E 48 St & 3 Ave,6541,40.76695317,-73.98169333,40.7546011026,-73.971878855,member
2728251,EB0CB546816B1946,classic_bike,2021-08-25 12:21:35,2021-08-25 12:34:03,E 81 St & York Ave,7084,E 48 St & 3 Ave,6541,40.7728384,-73.94989233,40.7546011026,-73.971878855,member
2728257,7AA1212D82C11336,classic_bike,2021-08-17 07:30:01,2021-08-17 07:32:48,E 53 St & Lexington Ave,6617,E 48 St & 3 Ave,6541,40.75828065,-73.97069431,40.7546011026,-73.971878855,member
2728280,0F849DEC34A01A26,classic_bike,2021-08-12 09:13:13,2021-08-12 09:17:42,E 53 St & Lexington Ave,6617,E 48 St & 3 Ave,6541,40.75828065,-73.97069431,40.7546011026,-73.971878855,member
2728281,3EB2D86B7FA6EBA0,classic_bike,2021-08-03 07:48:36,2021-08-03 07:55:13,Grand Army Plaza & Central Park S,6839,E 48 St & 3 Ave,6541,40.7643971,-73.97371465,40.7546011026,-73.971878855,member
2728283,BDB2FFC1A3B530C1,classic_bike,2021-08-16 12:14:14,2021-08-16 12:17:20,E 53 St & Lexington Ave,6617,E 48 St & 3 Ave,6541,40.75828065,-73.97069431,40.7546011026,-73.971878855,member
2728287,B437AF3FB8333F35,classic_bike,2021-08-03 07:54:46,2021-08-03 08:01:35,E 53 St & Lexington Ave,6617,E 48 St & 3 Ave,6541,40.75828065,-73.97069431,40.7546011026,-73.971878855,member
2728301,E627E6E45B1643AD,classic_bike,2021-08-20 19:22:30,2021-08-20 19:57:42,Grand Army Plaza & Central Park S,6839,E 48 St & 3 Ave,6541,40.7643971,-73.97371465,40.7546011026,-73.971878855,member
2728303,4F833AE61D31BEC9,electric_bike,2021-08-05 09:58:50,2021-08-05 10:03:08,W 51 St & Rockefeller Plaza,6700,E 48 St & 3 Ave,6541,40.75969995906254,-73.97808194160461,40.7546011026,-73.971878855,member
2728323,AF08B37E8A9B3B22,classic_bike,2021-08-12 15:25:11,2021-08-12 15:33:18,W 52 St & 6 Ave,6740,E 48 St & 3 Ave,6541,40.76132983124814,-73.97982001304626,40.7546011026,-73.971878855,casual
2728352,13E5D0374C46FBCB,electric_bike,2021-08-16 09:39:26,2021-08-16 09:41:35,E 44 St & 2 Ave,6422,E 48 St & 3 Ave,6541,40.75118387463277,-73.97138714790344,40.7546011026,-73.971878855,member
2728356,79E77200F05EB1A2,classic_bike,2021-08-11 07:56:15,2021-08-11 08:12:50,E 68 St & 3 Ave,6896,E 48 St & 3 Ave,6541,40.76712840349542,-73.96224617958069,40.7546011026,-73.971878855,member
2728359,23A98C686758C389,classic_bike,2021-08-06 16:56:21,2021-08-06 17:26:42,W 34 St & 11 Ave,6578,E 48 St & 3 Ave,6541,40.75594159,-74.0021163,40.7546011026,-73.971878855,member
2728369,DF1EF7641E154DE4,electric_bike,2021-08-13 14:10:23,2021-08-13 14:22:18,Central Park West & W 76 St,7253,E 48 St & 3 Ave,6541,40.77896784,-73.97374737,40.7546011026,-73.971878855,member
2728374,E3CD5649687ECE08,electric_bike,2021-08-31 09:48:23,2021-08-31 10:01:17,W 24 St & 7 Ave,6257,E 48 St & 3 Ave,6541,40.74487634,-73.99529885,40.7546011026,-73.971878855,member
2728375,FDD17321087F87C3,classic_bike,2021-08-17 07:41:09,2021-08-17 07:43:48,E 48 St & 5 Ave,6626,E 48 St & 3 Ave,6541,40.75724567911726,-73.97805914282799,40.7546011026,-73.971878855,member
2728376,F6B41031A45C3F6F,classic_bike,2021-08-17 15:41:08,2021-08-17 15:45:16,E 48 St & 5 Ave,6626,E 48 St & 3 Ave,6541,40.75724567911726,-73.97805914282799,40.7546011026,-73.971878855,member
2728379,DF9E1F35259643D2,classic_bike,2021-08-04 17:20:39,2021-08-04 17:22:43,E 48 St & 5 Ave,6626,E 48 St & 3 Ave,6541,40.75724567911726,-73.97805914282799,40.7546011026,-73.971878855,member
2728381,606390E8B3D145F8,classic_bike,2021-08-03 07:48:39,2021-08-03 07:58:32,W 43 St & 10 Ave,6756,E 48 St & 3 Ave,6541,40.76009437,-73.99461843,40.7546011026,-73.971878855,casual
2728384,769616C1FB3F7C9E,classic_bike,2021-08-07 16:54:49,2021-08-07 16:58:10,E 44 St & 2 Ave,6422,E 48 St & 3 Ave,6541,40.75118387463277,-73.97138714790344,40.7546011026,-73.971878855,member
2728386,2B609F19CC3647C5,classic_bike,2021-08-09 09:58:55,2021-08-09 10:02:08,E 44 St & 2 Ave,6422,E 48 St & 3 Ave,6541,40.75118387463277,-73.97138714790344,40.7546011026,-73.971878855,member
2728388,3BADB7D9CEA577C6,classic_bike,2021-08-27 11:46:37,2021-08-27 11:49:11,E 44 St & 2 Ave,6422,E 48 St & 3 Ave,6541,40.75118387463277,-73.97138714790344,40.7546011026,-73.971878855,member
2728397,7539EEA26F6F1859,electric_bike,2021-08-21 14:20:15,2021-08-21 14:46:59,W 95 St & Broadway,7541,E 48 St & 3 Ave,6541,40.7937704,-73.971888,40.7546011026,-73.971878855,casual
2728406,19B82FCCCFB2D6C9,electric_bike,2021-08-27 08:40:31,2021-08-27 08:56:44,Lafayette St & E 8 St,5788,E 48 St & 3 Ave,6541,40.73020660529954,-73.99102628231049,40.7546011026,-73.971878855,member
2728411,6BFFF2B8938736D8,classic_bike,2021-08-06 16:39:22,2021-08-06 16:56:15,E 48 St & 3 Ave,6541,1 Ave & E 6 St,5626,40.7546011026,-73.971878855,40.72633085971696,-73.98616880178452,member
2728421,293AB3C805D9210B,classic_bike,2021-08-02 14:05:14,2021-08-02 14:15:57,E 39 St & Lexington Ave,6389,E 48 St & 3 Ave,6541,40.7494985460252,-73.97729203113158,40.7546011026,-73.971878855,casual
2728422,CEC612A4F93FBB1E,classic_bike,2021-08-02 14:20:54,2021-08-02 14:27:17,E 48 St & 3 Ave,6541,E 48 St & 3 Ave,6541,40.7546011026,-73.971878855,40.7546011026,-73.971878855,casual
2728426,47C7AF728B7FC128,electric_bike,2021-08-05 11:46:40,2021-08-05 11:47:13,E 48 St & 3 Ave,6541,E 48 St & 3 Ave,6541,40.7546011026,-73.971878855,40.7546011026,-73.971878855,member
2728444,501D39BC443E7D7F,electric_bike,2021-08-28 18:01:01,2021-08-28 18:02:39,E 48 St & 3 Ave,6541,E 48 St & 3 Ave,6541,40.7546011026,-73.971878855,40.7546011026,-73.971878855,member
2728446,5CE83EFE677DA39E,electric_bike,2021-08-22 23:59:38,2021-08-23 00:00:31,E 48 St & 3 Ave,6541,E 48 St & 3 Ave,6541,40.7546011026,-73.971878855,40.7546011026,-73.971878855,member
2728485,7C9FF517D0A93571,classic_bike,2021-08-13 19:55:14,2021-08-13 20:02:29,6 Ave & W 45 St,6593,E 48 St & 3 Ave,6541,40.756951,-73.982631,40.7546011026,-73.971878855,member
2728493,096255B958962150,classic_bike,2021-08-02 17:34:51,2021-08-02 17:56:40,E 48 St & 3 Ave,6541,E 114 St & 1 Ave,7540,40.7546011026,-73.971878855,40.7945663,-73.9362541,member
2728499,8A1E612E3829F6AC,classic_bike,2021-08-02 10:39:56,2021-08-02 11:17:56,E 48 St & 3 Ave,6541,E 48 St & 3 Ave,6541,40.7546011026,-73.971878855,40.7546011026,-73.971878855,casual
2728500,C6C0DC58DDD82B68,electric_bike,2021-08-01 07:17:09,2021-08-01 07:52:14,E 48 St & 3 Ave,6541,E 48 St & 3 Ave,6541,40.7546011026,-73.971878855,40.7546011026,-73.971878855,casual
2728519,6AE9DED7709B7EAC,classic_bike,2021-08-06 07:40:34,2021-08-06 07:40:47,E 48 St & 3 Ave,6541,E 48 St & 3 Ave,6541,40.7546011026,-73.971878855,40.7546011026,-73.971878855,casual
2728520,E812A01F7BC42C19,classic_bike,2021-08-06 07:42:13,2021-08-06 07:42:17,E 48 St & 3 Ave,6541,E 48 St & 3 Ave,6541,40.7546011026,-73.971878855,40.7546011026,-73.971878855,casual
2728521,07686956899EE81F,classic_bike,2021-08-06 07:44:59,2021-08-06 08:39:08,E 48 St & 3 Ave,6541,E 48 St & 3 Ave,6541,40.7546011026,-73.971878855,40.7546011026,-73.971878855,casual
2728528,D015E5A0313E1352,classic_bike,2021-08-06 14:16:30,2021-08-06 14:19:12,E 48 St & 3 Ave,6541,E 48 St & 3 Ave,6541,40.7546011026,-73.971878855,40.7546011026,-73.971878855,casual
2728532,A8373C7D254A3A23,classic_bike,2021-08-11 18:06:27,2021-08-11 18:11:51,E 48 St & 3 Ave,6541,E 48 St & 3 Ave,6541,40.7546011026,-73.971878855,40.7546011026,-73.971878855,casual
2728553,D819CED41F8A8BF6,electric_bike,2021-08-08 23:11:07,2021-08-08 23:17:30,6 Ave & W 45 St,6593,E 48 St & 3 Ave,6541,40.756951,-73.982631,40.7546011026,-73.971878855,casual
2728561,D4360426C8568E52,classic_bike,2021-08-14 12:39:22,2021-08-14 13:08:05,E 48 St & 3 Ave,6541,E 48 St & 3 Ave,6541,40.7546011026,-73.971878855,40.7546011026,-73.971878855,casual
2728577,5012F1A4CFBEA04E,electric_bike,2021-08-23 02:07:03,2021-08-23 02:07:59,E 48 St & 3 Ave,6541,E 48 St & 3 Ave,6541,40.7546011026,-73.971878855,40.7546011026,-73.971878855,casual
2728578,2652ED86E3AE3D57,electric_bike,2021-08-23 02:09:03,2021-08-23 02:09:45,E 48 St & 3 Ave,6541,E 48 St & 3 Ave,6541,40.7546011026,-73.971878855,40.7546011026,-73.971878855,casual
2728587,9DEB0ADDC52130D4,classic_bike,2021-08-29 22:43:01,2021-08-29 23:04:40,Lafayette St & E 8 St,5788,E 48 St & 3 Ave,6541,40.73020660529954,-73.99102628231049,40.7546011026,-73.971878855,casual
2728591,82E5187E1C42A132,classic_bike,2021-08-05 19:50:44,2021-08-05 19:57:43,E 48 St & 3 Ave,6541,E 39 St & Lexington Ave,6389,40.7546011026,-73.971878855,40.7494985460252,-73.97729203113158,casual
2728607,14EF83FDCF11D7C9,classic_bike,2021-08-30 12:11:42,2021-08-30 12:12:11,E 48 St & 3 Ave,6541,E 48 St & 3 Ave,6541,40.7546011026,-73.971878855,40.7546011026,-73.971878855,casual
2728621,9CBC39DABF857256,electric_bike,2021-08-13 13:13:15,2021-08-13 13:20:58,E 58 St & 1 Ave (NW Corner),6723,E 48 St & 3 Ave,6541,40.759125,-73.962658,40.7546011026,-73.971878855,casual
2728666,FC63E792DE868417,classic_bike,2021-08-13 18:52:41,2021-08-13 19:06:45,W 43 St & 10 Ave,6756,E 48 St & 3 Ave,6541,40.76009437,-73.99461843,40.7546011026,-73.971878855,member
2728667,0AB49686BB9DFCCD,classic_bike,2021-08-31 19:53:08,2021-08-31 19:56:40,E 44 St & 2 Ave,6422,E 48 St & 3 Ave,6541,40.75118387463277,-73.97138714790344,40.7546011026,-73.971878855,member
2728736,BA5B6C3391648005,electric_bike,2021-08-09 09:29:36,2021-08-09 10:22:48,Centre St & Worth St,5279,E 48 St & 3 Ave,6541,40.71494807,-74.00234482,40.7546011026,-73.971878855,member
2728759,42E209BD9948E981,classic_bike,2021-08-21 01:54:50,2021-08-21 02:28:12,Hudson St & Reade St,5359,E 48 St & 3 Ave,6541,40.71625008,-74.0091059,40.7546011026,-73.971878855,member
2728808,35EF1C40D72EE2CD,electric_bike,2021-08-24 21:50:36,2021-08-24 22:04:33,W 36 St & 9 Ave,6569,E 48 St & 3 Ave,6541,40.75462324029105,-73.99516761302948,40.7546011026,-73.971878855,casual
2728848,A0851D49D0E8E2F1,classic_bike,2021-08-27 08:28:18,2021-08-27 08:38:53,E 19 St & 3 Ave,5938,E 48 St & 3 Ave,6541,40.73624527,-73.98473765,40.7546011026,-73.971878855,member
2728888,83789FD8A931D37F,classic_bike,2021-08-08 11:16:41,2021-08-08 11:23:08,3 Ave & E 62 St,6762,E 48 St & 3 Ave,6541,40.76312584,-73.96526895,40.7546011026,-73.971878855,member
2728905,50297B940053623E,classic_bike,2021-08-25 15:27:32,2021-08-25 15:36:12,W 36 St & 7 Ave,6483,E 48 St & 3 Ave,6541,40.752149,-73.989539,40.7546011026,-73.971878855,member
2728915,BB035AE50D09BC0C,classic_bike,2021-08-05 22:34:12,2021-08-05 22:51:47,MacDougal St & Washington Sq,5797,E 48 St & 3 Ave,6541,40.73226398,-73.99852205,40.7546011026,-73.971878855,member
2728932,4205B4523DDF99D9,electric_bike,2021-08-30 06:35:41,2021-08-30 06:55:28,1 Ave & E 39 St,6303,E 48 St & 3 Ave,6541,40.74714,-73.97113,40.7546011026,-73.971878855,member
2728933,2CA0CC4D5E470AFE,electric_bike,2021-08-04 09:18:20,2021-08-04 09:33:42,E 91 St & 2 Ave,7286,E 48 St & 3 Ave,6541,40.78115276427916,-73.94963040947914,40.7546011026,-73.971878855,member
2728944,11CFA5A03F821E41,electric_bike,2021-08-11 10:55:42,2021-08-11 11:02:37,W 48 St & Rockefeller Plaza,6667,E 48 St & 3 Ave,6541,40.75793646243674,-73.97960275411606,40.7546011026,-73.971878855,member
2728963,41EF79C2BCF5FF5C,electric_bike,2021-08-10 11:00:19,2021-08-10 11:08:06,W 42 St & 6 Ave,6517,E 48 St & 3 Ave,6541,40.75492,-73.98455,40.7546011026,-73.971878855,member
2728972,62E30D30F1ECA0BF,classic_bike,2021-08-11 14:10:35,2021-08-11 14:19:58,2 Ave & E 31 St,6197,E 48 St & 3 Ave,6541,40.74290902,-73.97706058,40.7546011026,-73.971878855,member
2728977,EF8768CFFA3A423A,classic_bike,2021-08-11 15:33:36,2021-08-11 15:34:45,E 47 St & Park Ave,6584,E 48 St & 3 Ave,6541,40.75510267,-73.97498696,40.7546011026,-73.971878855,member
2728988,D4CF91687EAB8D8D,classic_bike,2021-08-18 14:09:19,2021-08-18 14:18:42,Lexington Ave & E 26 St,6089,E 48 St & 3 Ave,6541,40.741459,-73.983293,40.7546011026,-73.971878855,member
2728998,D205EE61B1DB9943,classic_bike,2021-08-04 07:23:02,2021-08-04 07:33:05,E 27 St & 1 Ave,6004,E 48 St & 3 Ave,6541,40.739445,-73.976806,40.7546011026,-73.971878855,member
2729016,11D91CB1055ADB76,electric_bike,2021-08-09 08:44:51,2021-08-09 08:52:30,2 Ave & E 31 St,6197,E 48 St & 3 Ave,6541,40.74290902,-73.97706058,40.7546011026,-73.971878855,member
2729021,7BFA6D18129851EF,classic_bike,2021-08-26 08:37:05,2021-08-26 08:46:59,Lexington Ave & E 26 St,6089,E 48 St & 3 Ave,6541,40.741459,-73.983293,40.7546011026,-73.971878855,member
2729031,744EAC352D4D6700,classic_bike,2021-08-09 20:53:05,2021-08-09 20:55:38,E 47 St & Park Ave,6584,E 48 St & 3 Ave,6541,40.75510267,-73.97498696,40.7546011026,-73.971878855,member
2729032,348FF25B62DC5B84,electric_bike,2021-08-19 08:54:19,2021-08-19 09:03:02,2 Ave & E 31 St,6197,E 48 St & 3 Ave,6541,40.74290902,-73.97706058,40.7546011026,-73.971878855,member
2729034,590EDE62C62CB4C8,classic_bike,2021-08-25 09:31:50,2021-08-25 09:41:46,Lexington Ave & E 26 St,6089,E 48 St & 3 Ave,6541,40.741459,-73.983293,40.7546011026,-73.971878855,member
2729037,AA31A7A34FA6A2EE,classic_bike,2021-08-14 12:31:05,2021-08-14 12:46:23,E 47 St & Park Ave,6584,E 48 St & 3 Ave,6541,40.75510267,-73.97498696,40.7546011026,-73.971878855,member
2729041,CFD20C71B41BD8C7,classic_bike,2021-08-30 12:42:20,2021-08-30 13:29:19,E 47 St & Park Ave,6584,E 48 St & 3 Ave,6541,40.75510267,-73.97498696,40.7546011026,-73.971878855,member
2729062,1343A468DDB4D707,classic_bike,2021-08-24 07:59:27,2021-08-24 08:13:22,E 16 St & Irving Pl,5938,E 48 St & 3 Ave,6541,40.735367055605394,-73.98797392845154,40.7546011026,-73.971878855,member
2729070,04032554FA949D9B,classic_bike,2021-08-19 09:33:19,2021-08-19 09:42:22,Broadway & W 37 St,6441,E 48 St & 3 Ave,6541,40.75172632,-73.98753523,40.7546011026,-73.971878855,member
2729099,E54BB7F574747F9F,classic_bike,2021-08-01 12:43:47,2021-08-01 12:46:36,E 50 St & Park Ave,6659,E 48 St & 3 Ave,6541,40.757334,-73.974235,40.7546011026,-73.971878855,member
2729109,45FDE7AEDA5818E7,electric_bike,2021-08-14 04:20:40,2021-08-14 04:45:49,E 33 St & 5 Ave,6322,E 48 St & 3 Ave,6541,40.74765947,-73.98490707,40.7546011026,-73.971878855,member
2729116,75130EE5F0AB9CA8,classic_bike,2021-08-25 16:06:44,2021-08-25 16:15:06,6 Ave & W 34 St,6364,E 48 St & 3 Ave,6541,40.74964,-73.98805,40.7546011026,-73.971878855,member
2729117,8A78246702EBA200,classic_bike,2021-08-20 06:14:34,2021-08-20 06:24:38,6 Ave & W 34 St,6364,E 48 St & 3 Ave,6541,40.74964,-73.98805,40.7546011026,-73.971878855,member
2729146,E93BA099FCB0AA66,classic_bike,2021-08-03 09:45:46,2021-08-03 09:54:06,W 41 St & 8 Ave,6602,E 48 St & 3 Ave,6541,40.75640548,-73.9900262,40.7546011026,-73.971878855,member
2729156,90D46B70AC801AD8,classic_bike,2021-08-18 08:39:57,2021-08-18 08:51:55,W 41 St & 8 Ave,6602,E 48 St & 3 Ave,6541,40.75640548,-73.9900262,40.7546011026,-73.971878855,member
2729159,C698481A0F00CED5,classic_bike,2021-08-12 08:36:01,2021-08-12 08:47:32,W 41 St & 8 Ave,6602,E 48 St & 3 Ave,6541,40.75640548,-73.9900262,40.7546011026,-73.971878855,casual
2729169,69C79FBDDE7F42BF,electric_bike,2021-08-08 00:22:44,2021-08-08 00:43:33,W 41 St & 8 Ave,6602,E 48 St & 3 Ave,6541,40.75640548,-73.9900262,40.7546011026,-73.971878855,casual
2729175,8153437480C87F3F,classic_bike,2021-08-31 13:49:59,2021-08-31 14:04:32,E 33 St & 5 Ave,6322,E 48 St & 3 Ave,6541,40.74765947,-73.98490707,40.7546011026,-73.971878855,casual
2729187,1727A36E937FC8CA,electric_bike,2021-08-04 08:44:39,2021-08-04 08:49:01,1 Ave & E 39 St,6303,E 48 St & 3 Ave,6541,40.74714,-73.97113,40.7546011026,-73.971878855,member
2729190,D571D70F05213CF5,classic_bike,2021-08-24 07:51:52,2021-08-24 08:12:50,E 91 St & 2 Ave,7286,E 48 St & 3 Ave,6541,40.78115276427916,-73.94963040947914,40.7546011026,-73.971878855,member
2729204,5C923BF95C801BCC,electric_bike,2021-08-03 05:59:23,2021-08-03 06:06:38,6 Ave & W 33 St,6364,E 48 St & 3 Ave,6541,40.74901271,-73.98848395,40.7546011026,-73.971878855,member
2729211,207F9A4C4A061063,classic_bike,2021-08-18 10:39:14,2021-08-18 10:59:17,6 Ave & W 33 St,6364,E 48 St & 3 Ave,6541,40.74901271,-73.98848395,40.7546011026,-73.971878855,member
2729212,372EEB736125837D,classic_bike,2021-08-11 17:54:27,2021-08-11 18:09:01,6 Ave & W 33 St,6364,E 48 St & 3 Ave,6541,40.74901271,-73.98848395,40.7546011026,-73.971878855,member
2729214,825D0F75123A6150,classic_bike,2021-08-03 17:53:48,2021-08-03 18:04:29,6 Ave & W 33 St,6364,E 48 St & 3 Ave,6541,40.74901271,-73.98848395,40.7546011026,-73.971878855,member
2729257,6E1A1BAD87E5F8D3,classic_bike,2021-08-29 20:10:39,2021-08-29 20:49:53,Centre St & Worth St,5279,E 48 St & 3 Ave,6541,40.71494807,-74.00234482,40.7546011026,-73.971878855,member
2729263,F71ED174E35D93F4,electric_bike,2021-08-14 22:06:47,2021-08-15 00:56:25,E 50 St & Park Ave,6659,E 48 St & 3 Ave,6541,40.757334,-73.974235,40.7546011026,-73.971878855,casual
2729277,89FD038DBFF782A4,classic_bike,2021-08-08 04:06:25,2021-08-08 04:35:05,Thompson St & Bleecker St,5721,E 48 St & 3 Ave,6541,40.72840059450829,-73.99968780577183,40.7546011026,-73.971878855,casual
2729278,7965D45903FA6171,classic_bike,2021-08-27 06:20:19,2021-08-27 06:33:02,W 70 St & Amsterdam Ave,7207,E 48 St & 3 Ave,6541,40.77748046,-73.98288594,40.7546011026,-73.971878855,member
2729321,B677A91CF6285CB2,docked_bike,2021-08-29 17:21:53,2021-08-29 18:00:29,Columbus Ave & W 95 St,7520,E 48 St & 3 Ave,6541,40.791956,-73.968087,40.754601,-73.971879,casual
2729328,A03DAD4414380CFF,electric_bike,2021-08-04 19:00:09,2021-08-04 19:07:50,E 33 St & 5 Ave,6322,E 48 St & 3 Ave,6541,40.74765947,-73.98490707,40.7546011026,-73.971878855,casual
2729339,2DB91865A1B7E299,electric_bike,2021-08-17 14:20:39,2021-08-17 14:28:15,E 33 St & 5 Ave,6322,E 48 St & 3 Ave,6541,40.74765947,-73.98490707,40.7546011026,-73.971878855,casual
2729344,E5A77FA51B611186,electric_bike,2021-08-12 08:28:46,2021-08-12 08:42:45,W 76 St & Columbus Ave,7281,E 48 St & 3 Ave,6541,40.7801839724239,-73.97728532552719,40.7546011026,-73.971878855,member
2729356,E13B2A0844B50823,classic_bike,2021-08-18 17:50:02,2021-08-18 18:37:17,Maiden Ln & Pearl St,5065,E 48 St & 3 Ave,6541,40.70706456,-74.00731853,40.7546011026,-73.971878855,casual
2729363,BFAA01E972DA4402,classic_bike,2021-08-02 08:03:09,2021-08-02 08:45:12,Maiden Ln & Pearl St,5065,E 48 St & 3 Ave,6541,40.70706456,-74.00731853,40.7546011026,-73.971878855,member
2729373,C61C79625C8CF610,classic_bike,2021-08-18 11:41:24,2021-08-18 11:48:45,E 39 St & 2 Ave,6345,E 48 St & 3 Ave,6541,40.74803319428767,-73.973827958107,40.7546011026,-73.971878855,member
2729383,AF0113ACCF6ACE94,classic_bike,2021-08-21 18:16:17,2021-08-21 18:21:13,E 39 St & 2 Ave,6345,E 48 St & 3 Ave,6541,40.74803319428767,-73.973827958107,40.7546011026,-73.971878855,member
2729386,D8363717EAC993BD,electric_bike,2021-08-31 07:32:50,2021-08-31 07:37:30,E 39 St & 2 Ave,6345,E 48 St & 3 Ave,6541,40.74803319428767,-73.973827958107,40.7546011026,-73.971878855,casual
2729407,D6B75DA51DA90B5B,classic_bike,2021-08-28 10:06:45,2021-08-28 10:13:20,E 31 St & 3 Ave,6239,E 48 St & 3 Ave,6541,40.74394314,-73.97966069,40.7546011026,-73.971878855,member
2729412,387FAC70A6D2EED9,classic_bike,2021-08-17 08:42:21,2021-08-17 08:48:35,Broadway & W 51 St,6779,E 48 St & 3 Ave,6541,40.76228826,-73.98336183,40.7546011026,-73.971878855,member
2729430,95CFA8B514676C2E,classic_bike,2021-08-11 17:14:09,2021-08-11 17:21:10,E 31 St & 3 Ave,6239,E 48 St & 3 Ave,6541,40.74394314,-73.97966069,40.7546011026,-73.971878855,member
2729431,301D44B12D9DCE05,classic_bike,2021-08-25 17:08:28,2021-08-25 17:16:25,E 31 St & 3 Ave,6239,E 48 St & 3 Ave,6541,40.74394314,-73.97966069,40.7546011026,-73.971878855,member
2729432,37126FC40959422C,classic_bike,2021-08-18 17:12:22,2021-08-18 17:21:04,E 31 St & 3 Ave,6239,E 48 St & 3 Ave,6541,40.74394314,-73.97966069,40.7546011026,-73.971878855,member
2729435,D40C5862A91F6407,classic_bike,2021-08-30 17:44:07,2021-08-30 17:51:15,E 31 St & 3 Ave,6239,E 48 St & 3 Ave,6541,40.74394314,-73.97966069,40.7546011026,-73.971878855,member
2729439,508E70A5CEBB4D3D,classic_bike,2021-08-26 09:34:32,2021-08-26 10:05:14,W 110 St & Amsterdam Ave,7646,E 48 St & 3 Ave,6541,40.802692,-73.96295,40.7546011026,-73.971878855,member
2729440,3CC9C6972E887AF2,classic_bike,2021-08-31 01:42:47,2021-08-31 01:48:11,E 31 St & 3 Ave,6239,E 48 St & 3 Ave,6541,40.74394314,-73.97966069,40.7546011026,-73.971878855,member
2729453,7714D736398054BB,classic_bike,2021-08-28 02:05:36,2021-08-28 02:49:27,Broadway & W 51 St,6779,E 48 St & 3 Ave,6541,40.76228826,-73.98336183,40.7546011026,-73.971878855,member
2729463,256AA184B0B58671,classic_bike,2021-08-18 09:47:02,2021-08-18 09:54:59,Broadway & W 51 St,6779,E 48 St & 3 Ave,6541,40.76228826,-73.98336183,40.7546011026,-73.971878855,member
2729467,AC6D200507446485,classic_bike,2021-08-02 12:51:32,2021-08-02 12:59:44,Broadway & W 51 St,6779,E 48 St & 3 Ave,6541,40.76228826,-73.98336183,40.7546011026,-73.971878855,member
2729468,BA27FE41973AA3AD,classic_bike,2021-08-16 23:12:02,2021-08-16 23:19:02,E 31 St & 3 Ave,6239,E 48 St & 3 Ave,6541,40.74394314,-73.97966069,40.7546011026,-73.971878855,member
2729513,C76B01DC4FE1512B,electric_bike,2021-08-20 18:20:23,2021-08-20 18:48:11,West St & Chambers St,5329,E 48 St & 3 Ave,6541,40.71754834,-74.01322069,40.7546011026,-73.971878855,casual
2729528,73DAF490060274F6,docked_bike,2021-08-18 17:45:32,2021-08-18 18:37:11,Maiden Ln & Pearl St,5065,E 48 St & 3 Ave,6541,40.707065,-74.007319,40.754601,-73.971879,casual
2729533,F1D7186498165DA8,classic_bike,2021-08-17 15:02:46,2021-08-17 15:09:08,Broadway & W 51 St,6779,E 48 St & 3 Ave,6541,40.76228826,-73.98336183,40.7546011026,-73.971878855,member
2729535,CD17C6311FC9B91B,electric_bike,2021-08-30 08:27:01,2021-08-30 08:36:44,E 31 St & 3 Ave,6239,E 48 St & 3 Ave,6541,40.74394314,-73.97966069,40.7546011026,-73.971878855,member
2729540,EC0CE282439ADC2F,classic_bike,2021-08-25 08:35:49,2021-08-25 08:42:01,E 31 St & 3 Ave,6239,E 48 St & 3 Ave,6541,40.74394314,-73.97966069,40.7546011026,-73.971878855,casual
2729591,600695BC3800BBD7,classic_bike,2021-08-01 20:21:16,2021-08-01 20:46:45,Spring St & Hudson St,5653,E 48 St & 3 Ave,6541,40.72583996792375,-74.0076532959938,40.7546011026,-73.971878855,member
2729614,1374F910436B0D57,classic_bike,2021-08-13 08:25:56,2021-08-13 08:51:55,Spruce St & Nassau St,5137,E 48 St & 3 Ave,6541,40.71146364,-74.00552427,40.7546011026,-73.971878855,member
2729622,8D18C31DBAF8FC5B,classic_bike,2021-08-18 17:46:54,2021-08-18 18:15:36,University Pl & E 8 St,5755,E 48 St & 3 Ave,6541,40.73143724085228,-73.99490341544151,40.7546011026,-73.971878855,member
2729632,04FAE5CE412C4E7A,electric_bike,2021-08-02 15:34:51,2021-08-02 15:51:29,W 76 St & Columbus Ave,7281,E 48 St & 3 Ave,6541,40.7801839724239,-73.97728532552719,40.7546011026,-73.971878855,member
2729640,204B03E07DFD1B3F,electric_bike,2021-08-24 09:12:40,2021-08-24 10:07:17,W 212 St & 10 Ave,8647,E 48 St & 3 Ave,6541,40.8676583895191,-73.91675725579262,40.7546011026,-73.971878855,member
2729641,C4CA71745C5615A1,classic_bike,2021-08-16 09:26:31,2021-08-16 09:37:01,Broadway & W 36 St,6441,E 48 St & 3 Ave,6541,40.75097711,-73.98765428,40.7546011026,-73.971878855,member
2729662,12EBEC2E1BF3DA05,electric_bike,2021-08-01 17:00:39,2021-08-01 17:13:55,Broadway & W 36 St,6441,E 48 St & 3 Ave,6541,40.75097711,-73.98765428,40.7546011026,-73.971878855,casual
2729695,61ED84AAB3349A7B,classic_bike,2021-08-27 09:30:08,2021-08-27 09:38:29,3 Ave & E 72 St,7028,E 48 St & 3 Ave,6541,40.7699426,-73.96060712,40.7546011026,-73.971878855,member
2729698,99DC462893557DEC,classic_bike,2021-08-18 08:40:10,2021-08-18 08:46:48,Broadway & W 51 St,6779,E 48 St & 3 Ave,6541,40.76228826,-73.98336183,40.7546011026,-73.971878855,member
2729709,7E2835F315D30BB3,classic_bike,2021-08-14 07:25:29,2021-08-14 07:32:06,E 31 St & 3 Ave,6239,E 48 St & 3 Ave,6541,40.74394314,-73.97966069,40.7546011026,-73.971878855,casual
2729733,D6B62557946D402F,docked_bike,2021-08-11 17:32:21,2021-08-11 17:53:15,5 Ave & E 78 St,7161,E 48 St & 3 Ave,6541,40.776321,-73.964274,40.754601,-73.971879,casual
2729750,292E51B19FB65EA0,classic_bike,2021-08-21 14:41:32,2021-08-21 14:47:34,E 39 St & 2 Ave,6345,E 48 St & 3 Ave,6541,40.74803319428767,-73.973827958107,40.7546011026,-73.971878855,casual
2729752,BCE48152BBDB538C,electric_bike,2021-08-05 16:17:34,2021-08-05 16:30:24,W 31 St & 7 Ave,6331,E 48 St & 3 Ave,6541,40.749156,-73.9916,40.7546011026,-73.971878855,casual
2729757,8983BB337466E4C2,classic_bike,2021-08-12 12:25:32,2021-08-12 12:31:22,E 53 St & Madison Ave,6659,E 48 St & 3 Ave,6541,40.7597108,-73.97402311,40.7546011026,-73.971878855,member
2729763,37D05D9CBEBCF286,electric_bike,2021-08-19 15:46:20,2021-08-19 15:55:24,W 36 St & 7 Ave,6483,E 48 St & 3 Ave,6541,40.752149,-73.989539,40.7546011026,-73.971878855,casual
2729768,E061EB912DE2508E,electric_bike,2021-08-21 13:57:10,2021-08-21 14:04:30,E 19 St & 3 Ave,5938,E 48 St & 3 Ave,6541,40.73624527,-73.98473765,40.7546011026,-73.971878855,casual
2729778,9D5381E3B682EF7D,classic_bike,2021-08-03 21:28:09,2021-08-03 21:52:21,E 6 St & Avenue D,5506,E 48 St & 3 Ave,6541,40.72228087,-73.97668709,40.7546011026,-73.971878855,member
2729786,7D70FFCA19FF79D2,electric_bike,2021-08-25 11:12:20,2021-08-25 11:17:23,E 39 St & 2 Ave,6345,E 48 St & 3 Ave,6541,40.74803319428767,-73.973827958107,40.7546011026,-73.971878855,member
2729796,6C184CDB13851341,classic_bike,2021-08-17 09:38:00,2021-08-17 09:42:16,E 47 St & 1 Ave,6498,E 48 St & 3 Ave,6541,40.75206862,-73.96784384,40.7546011026,-73.971878855,member
2729798,F768FB14CA0873DA,classic_bike,2021-08-24 20:10:24,2021-08-24 20:14:39,E 47 St & 1 Ave,6498,E 48 St & 3 Ave,6541,40.75206862,-73.96784384,40.7546011026,-73.971878855,member
2729804,6D2E723B20502547,classic_bike,2021-08-06 08:50:50,2021-08-06 08:55:20,W 44 St & 5 Ave,6551,E 48 St & 3 Ave,6541,40.75500254,-73.98014437,40.7546011026,-73.971878855,member
2729826,9B3811B04AA80729,classic_bike,2021-08-25 18:42:08,2021-08-25 18:56:37,5 Ave & E 87 St,7323,E 48 St & 3 Ave,6541,40.78231448346993,-73.95980536937714,40.7546011026,-73.971878855,member
2729832,8472A7B2378193AF,classic_bike,2021-08-29 17:34:22,2021-08-29 17:48:12,E 53 St & Madison Ave,6659,E 48 St & 3 Ave,6541,40.7597108,-73.97402311,40.7546011026,-73.971878855,casual
2729833,A5433B24D92FF4F6,electric_bike,2021-08-29 14:51:12,2021-08-29 16:39:01,MacDougal St & Washington Sq,5797,E 48 St & 3 Ave,6541,40.73226398,-73.99852205,40.7546011026,-73.971878855,casual
2729835,2FEDEFF3E2AB2B7F,classic_bike,2021-08-07 18:35:31,2021-08-07 18:46:12,E 19 St & 3 Ave,5938,E 48 St & 3 Ave,6541,40.73624527,-73.98473765,40.7546011026,-73.971878855,casual
2729844,E32C1365B14FA2A1,classic_bike,2021-08-17 12:07:24,2021-08-17 12:31:33,W 16 St & The High Line,6233,E 48 St & 3 Ave,6541,40.74334935,-74.00681753,40.7546011026,-73.971878855,member
2729849,5D3E547C7813BB9D,classic_bike,2021-08-21 12:35:36,2021-08-21 12:39:08,Pershing Square North,6432,E 48 St & 3 Ave,6541,40.751873,-73.977706,40.7546011026,-73.971878855,member
2729891,CC44ECE199F87C0E,classic_bike,2021-08-08 09:50:29,2021-08-08 10:02:27,E 19 St & 3 Ave,5938,E 48 St & 3 Ave,6541,40.73624527,-73.98473765,40.7546011026,-73.971878855,casual
2729918,CF6F056C1053CFF9,electric_bike,2021-08-24 08:58:40,2021-08-24 09:11:39,W 27 St & 7 Ave,6247,E 48 St & 3 Ave,6541,40.746647,-73.993915,40.7546011026,-73.971878855,member
2729987,8FA2C7978EAAE396,classic_bike,2021-08-29 14:22:43,2021-08-29 14:37:19,E 81 St & Park Ave,7188,E 48 St & 3 Ave,6541,40.77677702,-73.9590097,40.7546011026,-73.971878855,member
2730025,BA9F85D0E03C069B,classic_bike,2021-08-15 03:59:27,2021-08-15 04:32:33,Pershing Square North,6432,E 48 St & 3 Ave,6541,40.751873,-73.977706,40.7546011026,-73.971878855,casual
2730031,48904607247E97F9,classic_bike,2021-08-16 16:20:14,2021-08-16 16:36:46,E 81 St & 3 Ave,7154,E 48 St & 3 Ave,6541,40.77573034,-73.9567526,40.7546011026,-73.971878855,member
2730064,7E4C055E4F818ACE,electric_bike,2021-08-16 11:06:21,2021-08-16 11:20:40,10 Ave & W 28 St,6459,E 48 St & 3 Ave,6541,40.75066386,-74.00176802,40.7546011026,-73.971878855,member
2730093,9530842503CCFC46,classic_bike,2021-08-01 11:25:27,2021-08-01 11:29:59,E 54 St & 1 Ave,6608,E 48 St & 3 Ave,6541,40.756265,-73.964179,40.7546011026,-73.971878855,member
2730124,D8993E1F14904C18,classic_bike,2021-08-27 22:03:38,2021-08-27 22:41:28,E 54 St & 1 Ave,6608,E 48 St & 3 Ave,6541,40.756265,-73.964179,40.7546011026,-73.971878855,member
2730190,24E89DC064FA192D,classic_bike,2021-08-10 07:55:42,2021-08-10 07:59:47,E 54 St & 1 Ave,6608,E 48 St & 3 Ave,6541,40.756265,-73.964179,40.7546011026,-73.971878855,member
2730200,D5258349B131BFDC,classic_bike,2021-08-28 10:44:22,2021-08-28 10:57:26,E 81 St & Park Ave,7188,E 48 St & 3 Ave,6541,40.77677702,-73.9590097,40.7546011026,-73.971878855,member
2730216,8E48037C4812621F,classic_bike,2021-08-11 09:11:05,2021-08-11 09:15:56,E 54 St & 1 Ave,6608,E 48 St & 3 Ave,6541,40.756265,-73.964179,40.7546011026,-73.971878855,member
2730257,CFBF143683FC68D0,electric_bike,2021-08-18 11:09:12,2021-08-18 11:14:30,E 63 St & 3 Ave,6830,E 48 St & 3 Ave,6541,40.763954,-73.9646,40.7546011026,-73.971878855,member
2730258,6C318BC9D45A6E1E,electric_bike,2021-08-18 18:00:04,2021-08-18 18:05:23,E 63 St & 3 Ave,6830,E 48 St & 3 Ave,6541,40.763954,-73.9646,40.7546011026,-73.971878855,member
2730275,B3222CC0DAFE5B7A,classic_bike,2021-08-18 18:36:13,2021-08-18 18:39:35,E 39 St & 2 Ave,6345,E 48 St & 3 Ave,6541,40.74803319428767,-73.973827958107,40.7546011026,-73.971878855,member
2730295,7F8B071DEA40B0B1,classic_bike,2021-08-31 17:37:50,2021-08-31 17:47:17,E 19 St & 3 Ave,5938,E 48 St & 3 Ave,6541,40.73624527,-73.98473765,40.7546011026,-73.971878855,casual
2730322,8ADAF6F825DCB9FB,classic_bike,2021-08-15 14:25:40,2021-08-15 14:39:03,E 66 St & Madison Ave,6969,E 48 St & 3 Ave,6541,40.76800889305947,-73.96845281124115,40.7546011026,-73.971878855,casual
2730408,AFCE3EB9C572D89E,classic_bike,2021-08-05 21:13:26,2021-08-05 21:28:57,5 Ave & E 87 St,7323,E 48 St & 3 Ave,6541,40.78231448346993,-73.95980536937714,40.7546011026,-73.971878855,member
2730425,CE373A880433EEF3,classic_bike,2021-08-16 15:30:54,2021-08-16 15:34:10,Madison Av & E 51 St,6659,E 48 St & 3 Ave,6541,40.75863,-73.97513,40.7546011026,-73.971878855,member
2730445,689BED46FDA8EC14,electric_bike,2021-08-13 14:44:05,2021-08-13 14:54:06,4 Ave & E 12 St,5788,E 48 St & 3 Ave,6541,40.732647,-73.99011,40.7546011026,-73.971878855,member
2730510,AC031BFFB20D6531,classic_bike,2021-08-02 08:40:41,2021-08-02 08:59:03,E 91 St & 2 Ave,7286,E 48 St & 3 Ave,6541,40.78115276427916,-73.94963040947914,40.7546011026,-73.971878855,member
2730511,6CECEFB2325A3C30,electric_bike,2021-08-24 08:21:48,2021-08-24 08:26:03,1 Ave & E 39 St,6303,E 48 St & 3 Ave,6541,40.74714,-73.97113,40.7546011026,-73.971878855,member
2730525,EF30277178B410D4,classic_bike,2021-08-20 19:02:02,2021-08-20 19:04:54,W 48 St & Rockefeller Plaza,6667,E 48 St & 3 Ave,6541,40.75793646243674,-73.97960275411606,40.7546011026,-73.971878855,member
2730545,5F47B59AF49EF2C9,classic_bike,2021-08-15 15:59:45,2021-08-15 16:06:09,E 58 St & 3 Ave,6762,E 48 St & 3 Ave,6541,40.76095756,-73.96724467,40.7546011026,-73.971878855,member
2730547,580877A4258A10C0,classic_bike,2021-08-05 18:07:46,2021-08-05 18:14:30,E 54 St & 1 Ave,6608,E 48 St & 3 Ave,6541,40.756265,-73.964179,40.7546011026,-73.971878855,member
2730549,C0B1B768FF097F17,classic_bike,2021-08-17 14:42:19,2021-08-17 14:51:33,E 63 St & 3 Ave,6830,E 48 St & 3 Ave,6541,40.763954,-73.9646,40.7546011026,-73.971878855,member
2730550,3B4FD22C6CA7F127,classic_bike,2021-08-19 23:37:53,2021-08-19 23:54:13,E 54 St & 1 Ave,6608,E 48 St & 3 Ave,6541,40.756265,-73.964179,40.7546011026,-73.971878855,member
2730552,644710F7FA0869BE,classic_bike,2021-08-07 10:59:42,2021-08-07 11:03:44,E 58 St & 3 Ave,6762,E 48 St & 3 Ave,6541,40.76095756,-73.96724467,40.7546011026,-73.971878855,member
2730554,05656E6E820AD5B4,classic_bike,2021-08-04 06:20:13,2021-08-04 06:25:49,E 63 St & 3 Ave,6830,E 48 St & 3 Ave,6541,40.763954,-73.9646,40.7546011026,-73.971878855,member
2730575,8D146095D7D9CDFA,electric_bike,2021-08-16 15:45:57,2021-08-16 15:49:09,1 Ave & E 39 St,6303,E 48 St & 3 Ave,6541,40.74714,-73.97113,40.7546011026,-73.971878855,member
2730577,D4DD3837C79634F8,classic_bike,2021-08-05 11:18:44,2021-08-05 11:24:54,1 Ave & E 39 St,6303,E 48 St & 3 Ave,6541,40.74714,-73.97113,40.7546011026,-73.971878855,member
2730634,2DA6A793E0C595D6,classic_bike,2021-08-16 13:22:17,2021-08-16 13:56:53,Hudson St & W 13 St,6115,E 48 St & 3 Ave,6541,40.74005708567285,-74.0052741765976,40.7546011026,-73.971878855,casual
2730637,0B3FA11B2B10F46E,classic_bike,2021-08-20 15:45:34,2021-08-20 15:49:43,E 55 St & 2 Ave,6650,E 48 St & 3 Ave,6541,40.75797322,-73.96603308,40.7546011026,-73.971878855,member
2730640,9F7F889538DFA860,classic_bike,2021-08-27 17:45:15,2021-08-27 18:13:41,E 55 St & 2 Ave,6650,E 48 St & 3 Ave,6541,40.75797322,-73.96603308,40.7546011026,-73.971878855,member
2730643,3FB2F29B66F0CD0A,classic_bike,2021-08-05 19:46:00,2021-08-05 19:52:05,E 58 St & 3 Ave,6762,E 48 St & 3 Ave,6541,40.76095756,-73.96724467,40.7546011026,-73.971878855,member
2730647,FFE0A6B37B0DCD05,electric_bike,2021-08-19 14:23:58,2021-08-19 14:28:26,E 58 St & 3 Ave,6762,E 48 St & 3 Ave,6541,40.76095756,-73.96724467,40.7546011026,-73.971878855,member
2730665,44246842642CCC89,electric_bike,2021-08-25 19:21:12,2021-08-25 19:30:19,W 50 St & 10 Ave,6890,E 48 St & 3 Ave,6541,40.76473420006519,-73.99194359779358,40.7546011026,-73.971878855,member
2730705,03EF13B4C900857C,classic_bike,2021-08-17 19:32:32,2021-08-17 19:38:18,1 Ave & E 39 St,6303,E 48 St & 3 Ave,6541,40.74714,-73.97113,40.7546011026,-73.971878855,casual
2730710,B72718E3BDA9A8D6,classic_bike,2021-08-26 23:25:15,2021-08-26 23:33:02,1 Ave & E 39 St,6303,E 48 St & 3 Ave,6541,40.74714,-73.97113,40.7546011026,-73.971878855,casual
2730719,98600ED7896D72E9,classic_bike,2021-08-05 07:47:57,2021-08-05 08:14:13,Jay St & York St,4895,E 48 St & 3 Ave,6541,40.70140317257725,-73.98672670125961,40.7546011026,-73.971878855,member
2730732,5919EF30C2C8B807,classic_bike,2021-08-14 00:55:12,2021-08-14 01:13:33,Allen St & Stanton St,5484,E 48 St & 3 Ave,6541,40.722055,-73.989111,40.7546011026,-73.971878855,casual
2730762,DB370A532890A47C,classic_bike,2021-08-15 21:43:18,2021-08-15 21:45:26,E 44 St & 2 Ave,6422,E 48 St & 3 Ave,6541,40.75118387463277,-73.97138714790344,40.7546011026,-73.971878855,member
2730853,80D954E3B49D1513,classic_bike,2021-08-05 17:11:23,2021-08-05 17:16:40,E 39 St & Lexington Ave,6389,E 48 St & 3 Ave,6541,40.7494985460252,-73.97729203113158,40.7546011026,-73.971878855,member
2730862,388F6A64E3CBAEFC,classic_bike,2021-08-25 16:20:37,2021-08-25 16:20:38,E 48 St & 3 Ave,6541,E 48 St & 3 Ave,6541,40.7546011026,-73.971878855,40.7546011026,-73.971878855,member
2730878,F01B74F7B70451D2,classic_bike,2021-08-13 23:20:31,2021-08-13 23:45:01,E 48 St & 3 Ave,6541,E 48 St & 3 Ave,6541,40.7546011026,-73.971878855,40.7546011026,-73.971878855,casual
2730974,FFFD2D101C4A2D2E,classic_bike,2021-08-27 14:49:08,2021-08-27 15:00:56,5 Ave & E 72 St,7100,E 48 St & 3 Ave,6541,40.77282817,-73.96685276,40.7546011026,-73.971878855,member
2730975,5495886BE542DD98,classic_bike,2021-08-01 19:08:14,2021-08-01 19:30:48,Central Park West & W 85 St,7354,E 48 St & 3 Ave,6541,40.78476,-73.969862,40.7546011026,-73.971878855,member
2730992,8B78C07B897C5C78,classic_bike,2021-08-04 19:32:19,2021-08-04 19:41:22,Lexington Ave & E 29 St,6164,E 48 St & 3 Ave,6541,40.74311555376486,-73.98215353488922,40.7546011026,-73.971878855,member
2730995,5BB3FEF78E6060E6,classic_bike,2021-08-20 15:43:42,2021-08-20 15:53:31,Lexington Ave & E 29 St,6164,E 48 St & 3 Ave,6541,40.74311555376486,-73.98215353488922,40.7546011026,-73.971878855,member
2731024,3FD0EC300E0BE781,classic_bike,2021-08-07 17:11:12,2021-08-07 17:22:18,Lexington Ave & E 29 St,6164,E 48 St & 3 Ave,6541,40.74311555376486,-73.98215353488922,40.7546011026,-73.971878855,member
2731028,4E1C40D603ED3F16,classic_bike,2021-08-25 07:20:49,2021-08-25 07:28:47,Lexington Ave & E 29 St,6164,E 48 St & 3 Ave,6541,40.74311555376486,-73.98215353488922,40.7546011026,-73.971878855,member
2731066,49A9AC63810F9059,classic_bike,2021-08-07 01:15:26,2021-08-07 01:24:58,Lexington Ave & E 29 St,6164,E 48 St & 3 Ave,6541,40.74311555376486,-73.98215353488922,40.7546011026,-73.971878855,casual
2731069,9F870A7E7B7AB042,classic_bike,2021-08-27 19:20:23,2021-08-27 19:30:25,Lexington Ave & E 29 St,6164,E 48 St & 3 Ave,6541,40.74311555376486,-73.98215353488922,40.7546011026,-73.971878855,member
2731206,DF358841A673206F,classic_bike,2021-08-20 23:24:36,2021-08-21 00:17:52,W 43 St & 10 Ave,6756,E 48 St & 3 Ave,6541,40.76009437,-73.99461843,40.7546011026,-73.971878855,member
2731219,D10E0DEED7BDCA5A,classic_bike,2021-08-29 17:53:34,2021-08-29 18:11:54,W 43 St & 10 Ave,6756,E 48 St & 3 Ave,6541,40.76009437,-73.99461843,40.7546011026,-73.971878855,casual
2731255,9CF2A9CACCB30D8C,classic_bike,2021-08-05 17:11:30,2021-08-05 17:31:47,Central Park West & W 76 St,7253,E 48 St & 3 Ave,6541,40.77896784,-73.97374737,40.7546011026,-73.971878855,casual
2731260,B131951C62186FFF,classic_bike,2021-08-11 10:53:22,2021-08-11 11:00:14,E 58 St & 1 Ave (NW Corner),6723,E 48 St & 3 Ave,6541,40.759125,-73.962658,40.7546011026,-73.971878855,member
2731291,9296F0CFD981BAD6,classic_bike,2021-08-21 01:41:35,2021-08-21 01:51:05,E 58 St & 1 Ave (NW Corner),6723,E 48 St & 3 Ave,6541,40.759125,-73.962658,40.7546011026,-73.971878855,casual
2731298,EF6BBEB304A3CD63,electric_bike,2021-08-13 19:13:54,2021-08-13 19:25:20,W 43 St & 10 Ave,6756,E 48 St & 3 Ave,6541,40.76009437,-73.99461843,40.7546011026,-73.971878855,casual
2731325,583DA151AB240648,classic_bike,2021-08-02 17:50:49,2021-08-02 18:18:00,Fulton St & Pearl St,5024,E 48 St & 3 Ave,6541,40.70772198491691,-74.00438636541367,40.7546011026,-73.971878855,member
2731407,97FBB75CD2B01064,classic_bike,2021-08-01 19:56:35,2021-08-01 20:16:41,St Marks Pl & 1 Ave,5626,E 48 St & 3 Ave,6541,40.72779126,-73.98564945,40.7546011026,-73.971878855,casual
2731456,8A73FBE50AE3B5E3,classic_bike,2021-08-03 06:58:14,2021-08-03 07:23:45,McGuinness Blvd & Eagle St,5977,E 48 St & 3 Ave,6541,40.73555,-73.95284,40.7546011026,-73.971878855,member
2731487,0AD88A7B68E527B2,classic_bike,2021-08-30 08:11:02,2021-08-30 08:17:31,W 42 St & 6 Ave,6517,E 48 St & 3 Ave,6541,40.75492,-73.98455,40.7546011026,-73.971878855,member
2731497,DE858EAA67ABD7CE,classic_bike,2021-08-24 06:19:15,2021-08-24 06:26:02,W 42 St & 6 Ave,6517,E 48 St & 3 Ave,6541,40.75492,-73.98455,40.7546011026,-73.971878855,member
2731524,A0BBF17DC50B0DBB,classic_bike,2021-08-17 13:24:39,2021-08-17 13:35:15,E 30 St & Park Ave S,6206,E 48 St & 3 Ave,6541,40.74444921,-73.98303529,40.7546011026,-73.971878855,casual
2731571,021F2F5339B73738,classic_bike,2021-08-24 18:35:09,2021-08-24 18:59:17,Central Park W & W 97 St,7538,E 48 St & 3 Ave,6541,40.79249519495111,-73.96417066463071,40.7546011026,-73.971878855,casual
2731626,9E2D62ECDB52C529,electric_bike,2021-08-10 13:43:03,2021-08-10 14:10:48,Murray St & Greenwich St,5288,E 48 St & 3 Ave,6541,40.71485150526252,-74.01122331619263,40.7546011026,-73.971878855,member
2731634,498295BC9EBF1660,classic_bike,2021-08-29 16:52:15,2021-08-29 17:21:05,Allen St & Stanton St,5484,E 48 St & 3 Ave,6541,40.722055,-73.989111,40.7546011026,-73.971878855,casual
2731655,68B136083414FBAF,electric_bike,2021-08-21 17:23:49,2021-08-21 17:40:24,Perry St & Greenwich Ave,5955,E 48 St & 3 Ave,6541,40.735918,-74.000939,40.7546011026,-73.971878855,casual
2731656,66F37A34FF49900D,classic_bike,2021-08-02 09:57:45,2021-08-02 10:05:15,Broadway & W 41 St,6560,E 48 St & 3 Ave,6541,40.75513557,-73.98658032,40.7546011026,-73.971878855,member
2731659,9D56408847DB54B5,electric_bike,2021-08-08 07:38:38,2021-08-08 07:50:29,W 54 St & 11 Ave,6955,E 48 St & 3 Ave,6541,40.768333,-73.992573,40.7546011026,-73.971878855,member
2731675,526A46AE8E0A29F4,classic_bike,2021-08-12 19:56:28,2021-08-12 20:09:22,E 72 St & Park Ave,6998,E 48 St & 3 Ave,6541,40.77118287540658,-73.96409422159195,40.7546011026,-73.971878855,member
2731679,8B4C4CAD7A9D9842,classic_bike,2021-08-07 20:50:55,2021-08-07 20:56:41,Broadway & W 41 St,6560,E 48 St & 3 Ave,6541,40.75513557,-73.98658032,40.7546011026,-73.971878855,member
2731680,1FF867ADC19C532D,docked_bike,2021-08-28 17:42:24,2021-08-28 19:19:36,E 88 St & Park Ave,7293,E 48 St & 3 Ave,6541,40.781411,-73.955959,40.754601,-73.971879,casual
2731698,80FF14A83B30FFF4,classic_bike,2021-08-09 08:52:10,2021-08-09 09:04:50,W 54 St & 11 Ave,6955,E 48 St & 3 Ave,6541,40.768333,-73.992573,40.7546011026,-73.971878855,member
2731704,6FC837B4787B2E21,classic_bike,2021-08-11 08:59:31,2021-08-11 09:10:38,W 54 St & 11 Ave,6955,E 48 St & 3 Ave,6541,40.768333,-73.992573,40.7546011026,-73.971878855,member
2731705,B3EEC9C4D7C9FD25,classic_bike,2021-08-20 09:05:26,2021-08-20 09:13:43,Broadway & W 41 St,6560,E 48 St & 3 Ave,6541,40.75513557,-73.98658032,40.7546011026,-73.971878855,member
2731708,8CBA199C9EF5ECA7,classic_bike,2021-08-06 16:28:23,2021-08-06 16:39:54,W 54 St & 11 Ave,6955,E 48 St & 3 Ave,6541,40.768333,-73.992573,40.7546011026,-73.971878855,member
2731725,8A733A58DE53A6D4,classic_bike,2021-08-13 06:03:35,2021-08-13 06:08:56,Broadway & W 41 St,6560,E 48 St & 3 Ave,6541,40.75513557,-73.98658032,40.7546011026,-73.971878855,member
2731728,8513F6978EA1AED1,classic_bike,2021-08-20 23:32:33,2021-08-21 00:18:12,Broadway & W 41 St,6560,E 48 St & 3 Ave,6541,40.75513557,-73.98658032,40.7546011026,-73.971878855,casual
2731741,AE934FA385A3E8EC,electric_bike,2021-08-17 17:33:45,2021-08-17 17:51:12,Greenwich St & Perry St,5922,E 48 St & 3 Ave,6541,40.73498,-74.00697,40.7546011026,-73.971878855,member
2731759,AD5029F2C347F770,classic_bike,2021-08-30 08:24:19,2021-08-30 08:47:02,Central Park W & W 91 St,7453,E 48 St & 3 Ave,6541,40.78866499127884,-73.96680057048798,40.7546011026,-73.971878855,casual
2731760,4088ACC0F6E134AA,electric_bike,2021-08-18 09:06:18,2021-08-18 09:08:31,E 44 St & 2 Ave,6422,E 48 St & 3 Ave,6541,40.75118387463277,-73.97138714790344,40.7546011026,-73.971878855,member
2731761,7C2C1B6C78671631,electric_bike,2021-08-23 08:58:12,2021-08-23 09:00:15,E 44 St & 2 Ave,6422,E 48 St & 3 Ave,6541,40.75118387463277,-73.97138714790344,40.7546011026,-73.971878855,member
2731763,E2D7C7710920C461,classic_bike,2021-08-10 18:03:25,2021-08-10 18:14:14,W 43 St & 10 Ave,6756,E 48 St & 3 Ave,6541,40.76009437,-73.99461843,40.7546011026,-73.971878855,member
2731767,6C058C606D16D849,classic_bike,2021-08-24 21:39:45,2021-08-24 21:56:01,Central Park West & W 76 St,7253,E 48 St & 3 Ave,6541,40.77896784,-73.97374737,40.7546011026,-73.971878855,member
2731776,C984238BA4867C91,classic_bike,2021-08-15 18:34:05,2021-08-15 18:57:02,Bleecker St & Crosby St,5679,E 48 St & 3 Ave,6541,40.72615604980408,-73.99510189890862,40.7546011026,-73.971878855,member
2731811,4E4CAB48B33A0DF5,classic_bike,2021-08-03 08:17:01,2021-08-03 08:57:57,Central Park W & W 91 St,7453,E 48 St & 3 Ave,6541,40.78866499127884,-73.96680057048798,40.7546011026,-73.971878855,member
2731820,DB6331294D10CABE,classic_bike,2021-08-30 08:40:02,2021-08-30 09:12:01,Greenwich St & Perry St,5922,E 48 St & 3 Ave,6541,40.73498,-74.00697,40.7546011026,-73.971878855,member
2731906,499740EFBC8E4043,electric_bike,2021-08-09 10:52:10,2021-08-09 11:05:43,9 Ave & W 22 St,6266,E 48 St & 3 Ave,6541,40.7454973,-74.00197139,40.7546011026,-73.971878855,member
2731928,D29D33E0663568B7,electric_bike,2021-08-04 19:44:57,2021-08-04 19:50:10,Pershing Square North,6432,E 48 St & 3 Ave,6541,40.751873,-73.977706,40.7546011026,-73.971878855,member
2731932,7756B411F6662DE5,classic_bike,2021-08-04 19:45:07,2021-08-04 19:50:24,Pershing Square North,6432,E 48 St & 3 Ave,6541,40.751873,-73.977706,40.7546011026,-73.971878855,member
2732004,82FF621862DEDD00,electric_bike,2021-08-26 11:57:16,2021-08-26 12:08:54,W 29 St & 9 Ave,6416,E 48 St & 3 Ave,6541,40.7500727,-73.99839279,40.7546011026,-73.971878855,member
2732017,C80CF84A2340E1A4,classic_bike,2021-08-17 14:12:50,2021-08-17 14:23:31,E 63 St & 3 Ave,6830,E 48 St & 3 Ave,6541,40.763954,-73.9646,40.7546011026,-73.971878855,casual
2732022,CBA98FEF91D95544,classic_bike,2021-08-27 19:57:07,2021-08-27 20:03:34,E 54 St & 1 Ave,6608,E 48 St & 3 Ave,6541,40.756265,-73.964179,40.7546011026,-73.971878855,member
2732090,78E1CCDFB79634C6,electric_bike,2021-08-20 08:11:28,2021-08-20 08:27:14,Bank St & Washington St,5964,E 48 St & 3 Ave,6541,40.7361967,-74.00859207,40.7546011026,-73.971878855,member
2732092,249D3A93CF160FC7,classic_bike,2021-08-29 18:36:29,2021-08-29 18:43:29,E 58 St & 3 Ave,6762,E 48 St & 3 Ave,6541,40.76095756,-73.96724467,40.7546011026,-73.971878855,member
2732095,417733307A8CA318,classic_bike,2021-08-06 08:45:33,2021-08-06 08:57:18,E 63 St & 3 Ave,6830,E 48 St & 3 Ave,6541,40.763954,-73.9646,40.7546011026,-73.971878855,member
2732111,AB88A000562FF55D,classic_bike,2021-08-16 15:01:49,2021-08-16 15:06:06,Madison Av & E 51 St,6659,E 48 St & 3 Ave,6541,40.75863,-73.97513,40.7546011026,-73.971878855,member
2732120,5283544F3AF9F66E,classic_bike,2021-08-27 12:16:28,2021-08-27 12:35:52,1 Ave & E 39 St,6303,E 48 St & 3 Ave,6541,40.74714,-73.97113,40.7546011026,-73.971878855,member
2732165,E5BBDDF2DC722F21,classic_bike,2021-08-03 13:34:05,2021-08-03 15:15:06,Madison Av & E 51 St,6659,E 48 St & 3 Ave,6541,40.75863,-73.97513,40.7546011026,-73.971878855,casual
2732166,37664A2FFD75D749,classic_bike,2021-08-03 13:34:05,2021-08-03 15:15:02,Madison Av & E 51 St,6659,E 48 St & 3 Ave,6541,40.75863,-73.97513,40.7546011026,-73.971878855,casual
2732169,0FD29BD29DE161A6,classic_bike,2021-08-24 08:53:23,2021-08-24 09:04:22,3 Ave & E 62 St,6762,E 48 St & 3 Ave,6541,40.76312584,-73.96526895,40.7546011026,-73.971878855,member
2732175,6A43DCA8E88B14C9,classic_bike,2021-08-21 15:57:19,2021-08-21 16:17:54,3 Ave & E 62 St,6762,E 48 St & 3 Ave,6541,40.76312584,-73.96526895,40.7546011026,-73.971878855,casual
2732208,31F85223E09C097A,classic_bike,2021-08-26 08:28:05,2021-08-26 08:34:20,1 Ave & E 39 St,6303,E 48 St & 3 Ave,6541,40.74714,-73.97113,40.7546011026,-73.971878855,member
2732226,FE0D854CF0545150,classic_bike,2021-08-02 19:22:00,2021-08-02 20:12:46,Allen St & Stanton St,5484,E 48 St & 3 Ave,6541,40.722055,-73.989111,40.7546011026,-73.971878855,casual
2732307,6E22A08F0E042C24,electric_bike,2021-08-12 10:20:09,2021-08-12 10:37:12,FDR Drive & E 35 St,6230,E 48 St & 3 Ave,6541,40.744219,-73.97121214,40.7546011026,-73.971878855,member
2732311,81BC3380507C842E,classic_bike,2021-08-02 19:35:11,2021-08-02 19:48:46,FDR Drive & E 35 St,6230,E 48 St & 3 Ave,6541,40.744219,-73.97121214,40.7546011026,-73.971878855,member
2732324,67F82D5B0A65805D,classic_bike,2021-08-31 13:59:42,2021-08-31 14:18:14,4 Ave & E 12 St,5788,E 48 St & 3 Ave,6541,40.732647,-73.99011,40.7546011026,-73.971878855,member
2732326,0E73FB5FEE415756,electric_bike,2021-08-05 08:13:52,2021-08-05 08:19:39,E 33 St & 1 Ave,6197,E 48 St & 3 Ave,6541,40.74322681432173,-73.97449783980846,40.7546011026,-73.971878855,member
2732328,20A1985228D176AA,classic_bike,2021-08-23 16:20:53,2021-08-23 16:31:10,E 33 St & 1 Ave,6197,E 48 St & 3 Ave,6541,40.74322681432173,-73.97449783980846,40.7546011026,-73.971878855,member
2732332,3923A60B1EB52E79,electric_bike,2021-08-10 13:00:16,2021-08-10 13:08:49,E 33 St & 1 Ave,6197,E 48 St & 3 Ave,6541,40.74322681432173,-73.97449783980846,40.7546011026,-73.971878855,casual
2732335,A466DF250C794D33,classic_bike,2021-08-20 21:41:58,2021-08-20 21:51:45,E 33 St & 1 Ave,6197,E 48 St & 3 Ave,6541,40.74322681432173,-73.97449783980846,40.7546011026,-73.971878855,casual
2732382,1B528E3DA29CEB0D,classic_bike,2021-08-20 18:28:44,2021-08-20 19:47:02,Jay St & York St,4895,E 48 St & 3 Ave,6541,40.70140317257725,-73.98672670125961,40.7546011026,-73.971878855,casual
2732422,EBFD2D0F093895F3,electric_bike,2021-08-25 23:11:52,2021-08-25 23:34:04,W 100 St & Broadway,7580,E 48 St & 3 Ave,6541,40.7973721,-73.97041192,40.7546011026,-73.971878855,member
2732457,1620AF0059429B44,electric_bike,2021-08-17 07:53:14,2021-08-17 08:03:00,W 33 St & 7 Ave,6407,E 48 St & 3 Ave,6541,40.75019995,-73.99093085,40.7546011026,-73.971878855,member
2732467,95D53CF9ED01F3BD,classic_bike,2021-08-27 06:09:44,2021-08-27 06:22:39,W 33 St & 7 Ave,6407,E 48 St & 3 Ave,6541,40.75019995,-73.99093085,40.7546011026,-73.971878855,member
2732494,646AD61777AB51E2,classic_bike,2021-08-24 07:36:56,2021-08-24 07:44:44,E 33 St & 1 Ave,6197,E 48 St & 3 Ave,6541,40.74322681432173,-73.97449783980846,40.7546011026,-73.971878855,casual
2732526,FF7C2210BF096FB2,classic_bike,2021-08-25 16:43:27,2021-08-25 16:54:12,W 33 St & 7 Ave,6407,E 48 St & 3 Ave,6541,40.75019995,-73.99093085,40.7546011026,-73.971878855,member
2732529,3DC3E368598FFD80,classic_bike,2021-08-09 16:10:23,2021-08-09 16:24:06,E 58 St & 3 Ave,6762,E 48 St & 3 Ave,6541,40.76095756,-73.96724467,40.7546011026,-73.971878855,member
2732545,74B9DC2A0C297A64,classic_bike,2021-08-02 18:03:34,2021-08-02 18:17:01,8 Ave & W 33 St,6450,E 48 St & 3 Ave,6541,40.751551,-73.993934,40.7546011026,-73.971878855,member
2732561,AADC7DDA01F38E9C,classic_bike,2021-08-23 06:27:41,2021-08-23 06:44:24,W 33 St & 7 Ave,6407,E 48 St & 3 Ave,6541,40.75019995,-73.99093085,40.7546011026,-73.971878855,casual
2732604,EF599E3B514E1B99,classic_bike,2021-08-20 08:38:31,2021-08-20 08:56:51,Amsterdam Ave & W 82 St,7360,E 48 St & 3 Ave,6541,40.78524672,-73.97667321,40.7546011026,-73.971878855,member
2732621,B2B32BB6A4C8B7C7,electric_bike,2021-08-26 23:24:26,2021-08-26 23:32:54,1 Ave & E 39 St,6303,E 48 St & 3 Ave,6541,40.74714,-73.97113,40.7546011026,-73.971878855,casual
2732648,07BAF40AC5029322,classic_bike,2021-08-18 14:57:57,2021-08-18 15:32:29,Great Jones St,5636,E 48 St & 3 Ave,6541,40.72743423,-73.99379025,40.7546011026,-73.971878855,member
2732649,A5DB21A16EA6E40D,classic_bike,2021-08-19 13:19:29,2021-08-19 13:27:57,Broadway & W 51 St,6779,E 48 St & 3 Ave,6541,40.76228826,-73.98336183,40.7546011026,-73.971878855,member
2732651,8438C992AF87A1CD,classic_bike,2021-08-03 17:31:25,2021-08-03 18:05:04,E 97 St & Madison Ave,7393,E 48 St & 3 Ave,6541,40.787801,-73.953559,40.7546011026,-73.971878855,member
2732659,4936A634627485F9,classic_bike,2021-08-23 18:48:07,2021-08-23 19:00:22,W 35 St & 9 Ave,6569,E 48 St & 3 Ave,6541,40.75414519263519,-73.9960889518261,40.7546011026,-73.971878855,member
2732671,618446B2710D078F,classic_bike,2021-08-24 18:05:22,2021-08-24 18:15:45,2 Ave & E 29 St,6122,E 48 St & 3 Ave,6541,40.74172351097472,-73.97809267044067,40.7546011026,-73.971878855,casual
2732688,275B0FB251F1B877,classic_bike,2021-08-21 16:43:22,2021-08-21 16:54:51,3 Ave & E 71 St,6960,E 48 St & 3 Ave,6541,40.76873687,-73.96119945,40.7546011026,-73.971878855,member
2732710,41C8C76DA5D84F01,electric_bike,2021-08-16 20:52:34,2021-08-16 21:01:46,W 41 St & 8 Ave,6602,E 48 St & 3 Ave,6541,40.75640548,-73.9900262,40.7546011026,-73.971878855,member
2732731,813A2B8839F49458,electric_bike,2021-08-30 14:26:02,2021-08-30 14:36:55,7 Ave & Central Park South,6912,E 48 St & 3 Ave,6541,40.7667405590595,-73.9790689945221,40.7546011026,-73.971878855,member
2732732,6DCF46F81BB81512,electric_bike,2021-08-12 08:33:47,2021-08-12 08:49:30,King St & Varick St,5687,E 48 St & 3 Ave,6541,40.72789701409023,-74.00536268949507,40.7546011026,-73.971878855,member
2732739,A33C3CB1653B7BFE,electric_bike,2021-08-17 08:34:54,2021-08-17 08:44:52,Broadway & W 25 St,6173,E 48 St & 3 Ave,6541,40.74286877312112,-73.98918628692627,40.7546011026,-73.971878855,member
2732764,42ACFD6B8A24BB9B,electric_bike,2021-08-18 09:47:50,2021-08-18 09:58:45,W 27 St & 7 Ave,6247,E 48 St & 3 Ave,6541,40.746647,-73.993915,40.7546011026,-73.971878855,member
2732778,8050B5E286614C37,electric_bike,2021-08-05 17:34:45,2021-08-05 17:56:55,Madison Ave & E 99 St,7443,E 48 St & 3 Ave,6541,40.78948541553215,-73.95242929458618,40.7546011026,-73.971878855,member
2732801,B3A8786B89A2725F,classic_bike,2021-08-26 07:12:19,2021-08-26 07:32:08,E 97 St & 3 Ave,7365,E 48 St & 3 Ave,6541,40.7859201,-73.94860294,40.7546011026,-73.971878855,member
2732803,7FBB1CC714083B10,classic_bike,2021-08-16 07:11:07,2021-08-16 07:32:21,E 97 St & 3 Ave,7365,E 48 St & 3 Ave,6541,40.7859201,-73.94860294,40.7546011026,-73.971878855,member
2732821,152A3DC715ADA722,classic_bike,2021-08-13 09:28:53,2021-08-13 09:42:02,W 25 St & 6 Ave,6215,E 48 St & 3 Ave,6541,40.74395411,-73.99144871,40.7546011026,-73.971878855,member
2732833,F563B9D42F882749,classic_bike,2021-08-16 00:23:02,2021-08-16 00:38:01,E 25 St & 2 Ave,6046,E 48 St & 3 Ave,6541,40.73912601,-73.97973776,40.7546011026,-73.971878855,casual
2732868,ABBCAD0C42E0D81A,classic_bike,2021-08-24 08:06:37,2021-08-24 08:25:33,1 Ave & E 78 St,7020,E 48 St & 3 Ave,6541,40.77140426,-73.9535166,40.7546011026,-73.971878855,casual
2732888,1474003F587E1F22,classic_bike,2021-08-25 06:29:09,2021-08-25 06:44:44,1 Ave & E 78 St,7020,E 48 St & 3 Ave,6541,40.77140426,-73.9535166,40.7546011026,-73.971878855,member
2732897,F3217E3AE493C467,classic_bike,2021-08-31 09:16:07,2021-08-31 09:35:55,Washington Pl & 6 Ave,5838,E 48 St & 3 Ave,6541,40.73224119,-74.00026394,40.7546011026,-73.971878855,member
2732905,683AC348297E9A26,classic_bike,2021-08-25 07:32:23,2021-08-25 07:50:50,Washington Pl & 6 Ave,5838,E 48 St & 3 Ave,6541,40.73224119,-74.00026394,40.7546011026,-73.971878855,member
2732915,8EABA9753E81B04E,classic_bike,2021-08-19 08:11:58,2021-08-19 08:29:12,1 Ave & E 78 St,7020,E 48 St & 3 Ave,6541,40.77140426,-73.9535166,40.7546011026,-73.971878855,casual
2732925,C676C1A17CC632F6,classic_bike,2021-08-29 19:13:51,2021-08-29 19:37:43,11 Ave & W 27 St,6425,E 48 St & 3 Ave,6541,40.751396,-74.005226,40.7546011026,-73.971878855,casual
2732926,6A176ED7D9C61B5A,classic_bike,2021-08-29 19:13:36,2021-08-29 19:37:54,11 Ave & W 27 St,6425,E 48 St & 3 Ave,6541,40.751396,-74.005226,40.7546011026,-73.971878855,casual
2732939,E6BB8E238A2552F5,electric_bike,2021-08-29 03:06:49,2021-08-29 03:14:03,E 25 St & 2 Ave,6046,E 48 St & 3 Ave,6541,40.73912601,-73.97973776,40.7546011026,-73.971878855,member
2733034,D9B353132054C561,classic_bike,2021-08-27 07:26:23,2021-08-27 07:41:52,1 Ave & E 78 St,7020,E 48 St & 3 Ave,6541,40.77140426,-73.9535166,40.7546011026,-73.971878855,casual
2733085,41DD5E26EC4D0448,classic_bike,2021-08-17 12:55:50,2021-08-17 13:02:42,E 59 St & Madison Ave,6801,E 48 St & 3 Ave,6541,40.76350532,-73.97109243,40.7546011026,-73.971878855,member
2733123,3D64EEA499CF5DBD,classic_bike,2021-08-21 21:24:16,2021-08-21 21:41:07,1 Ave & E 78 St,7020,E 48 St & 3 Ave,6541,40.77140426,-73.9535166,40.7546011026,-73.971878855,member
2733144,B55C1D37E31ADE42,classic_bike,2021-08-19 07:36:11,2021-08-19 08:04:31,Franklin St & Dupont St,5944,E 48 St & 3 Ave,6541,40.73564,-73.95866,40.7546011026,-73.971878855,member
2733154,3F42E0FF71718EA6,classic_bike,2021-08-28 13:33:37,2021-08-28 14:15:56,31 St & Astoria Blvd,6989,E 48 St & 3 Ave,6541,40.7699176,-73.9184057,40.7546011026,-73.971878855,casual
2733160,49A90A0B20B274BF,classic_bike,2021-08-04 11:45:59,2021-08-04 11:48:33,E 45 St & 3 Ave,6464,E 48 St & 3 Ave,6541,40.75255434,-73.97282625,40.7546011026,-73.971878855,casual
2733166,6DAB7861F9282D34,classic_bike,2021-08-05 13:10:52,2021-08-05 13:12:34,E 45 St & 3 Ave,6464,E 48 St & 3 Ave,6541,40.75255434,-73.97282625,40.7546011026,-73.971878855,member
2733173,D9E5AF2EE6D46CFB,electric_bike,2021-08-30 14:07:36,2021-08-30 14:14:35,Lexington Ave & E 29 St,6164,E 48 St & 3 Ave,6541,40.74311555376486,-73.98215353488922,40.7546011026,-73.971878855,member
2733221,BAF5BD69A39E5B79,electric_bike,2021-08-06 00:06:04,2021-08-06 00:26:04,E 11 St & Avenue B,5659,E 48 St & 3 Ave,6541,40.72746420692392,-73.97950418293476,40.7546011026,-73.971878855,casual
2733280,E8FAD699FD2FC0B7,classic_bike,2021-08-25 10:40:34,2021-08-25 10:43:25,Pershing Square South,6432,E 48 St & 3 Ave,6541,40.751581,-73.97791,40.7546011026,-73.971878855,member
2733313,0CE212014F63D2C3,classic_bike,2021-08-03 12:53:42,2021-08-03 13:05:35,8 Ave & W 33 St,6450,E 48 St & 3 Ave,6541,40.751551,-73.993934,40.7546011026,-73.971878855,casual
2733317,4307A50BA38C9822,classic_bike,2021-08-18 10:59:17,2021-08-18 11:28:51,W 106 St & Central Park West,7606,E 48 St & 3 Ave,6541,40.7981856,-73.9605909006,40.7546011026,-73.971878855,member
2733320,54BA879A2288B48C,classic_bike,2021-08-16 19:15:17,2021-08-16 19:33:16,W 59 St & 10 Ave,7023,E 48 St & 3 Ave,6541,40.770513,-73.988038,40.7546011026,-73.971878855,member
2733344,65DFF4491D5A8C38,classic_bike,2021-08-28 18:37:25,2021-08-28 18:55:25,W 33 St & 7 Ave,6407,E 48 St & 3 Ave,6541,40.75019995,-73.99093085,40.7546011026,-73.971878855,casual
2733355,3CC24B10FF594662,classic_bike,2021-08-26 06:18:12,2021-08-26 06:28:36,W 33 St & 7 Ave,6407,E 48 St & 3 Ave,6541,40.75019995,-73.99093085,40.7546011026,-73.971878855,member
2733356,8773F26D2CD93CD3,classic_bike,2021-08-28 11:43:59,2021-08-28 11:50:44,W 51 St & 6 Ave,6740,E 48 St & 3 Ave,6541,40.7606597,-73.98042047,40.7546011026,-73.971878855,member
2733361,8028BEC534CFA943,classic_bike,2021-08-03 09:26:25,2021-08-03 09:43:38,Ave D & E 8 St,5506,E 48 St & 3 Ave,6541,40.72368361,-73.97574813,40.7546011026,-73.971878855,member
2733363,85435A3DBC324B4D,classic_bike,2021-08-10 08:44:39,2021-08-10 08:55:58,W 31 St & 7 Ave,6331,E 48 St & 3 Ave,6541,40.749156,-73.9916,40.7546011026,-73.971878855,member
2733368,6FC97EB848399C5C,classic_bike,2021-08-27 06:11:24,2021-08-27 06:20:43,W 33 St & 7 Ave,6407,E 48 St & 3 Ave,6541,40.75019995,-73.99093085,40.7546011026,-73.971878855,member
2733371,CB1B093CC39E6B9B,classic_bike,2021-08-10 06:12:03,2021-08-10 06:23:03,W 33 St & 7 Ave,6407,E 48 St & 3 Ave,6541,40.75019995,-73.99093085,40.7546011026,-73.971878855,member
2733372,B2BACF57CB46D20E,classic_bike,2021-08-18 06:10:13,2021-08-18 06:21:30,W 33 St & 7 Ave,6407,E 48 St & 3 Ave,6541,40.75019995,-73.99093085,40.7546011026,-73.971878855,member
2733388,8706F7242FA84EB1,classic_bike,2021-08-26 15:41:48,2021-08-26 15:51:46,Broadway & W 36 St,6441,E 48 St & 3 Ave,6541,40.75097711,-73.98765428,40.7546011026,-73.971878855,member
2733406,47FB10E552173F33,classic_bike,2021-08-23 09:47:30,2021-08-23 09:58:34,W 63 St & Broadway,7052,E 48 St & 3 Ave,6541,40.77163851,-73.98261428,40.7546011026,-73.971878855,member
2733418,8F378D6E0CCE4829,classic_bike,2021-08-15 12:49:44,2021-08-15 13:30:27,W 30 St & 10 Ave,6459,E 48 St & 3 Ave,6541,40.752694,-74.002353,40.7546011026,-73.971878855,casual
2733427,52131B7B46454A43,classic_bike,2021-08-31 20:34:05,2021-08-31 20:48:29,W 33 St & 7 Ave,6407,E 48 St & 3 Ave,6541,40.75019995,-73.99093085,40.7546011026,-73.971878855,member
2733435,814A8D0FD9FAB316,classic_bike,2021-08-06 20:31:52,2021-08-06 20:54:02,W 22 St & 8 Ave,6224,E 48 St & 3 Ave,6541,40.74475148,-73.99915362,40.7546011026,-73.971878855,casual
2733437,BB9502D9819619F8,classic_bike,2021-08-24 14:25:01,2021-08-24 14:31:51,W 51 St & 6 Ave,6740,E 48 St & 3 Ave,6541,40.7606597,-73.98042047,40.7546011026,-73.971878855,casual
2733439,E3B298E301C65346,classic_bike,2021-08-06 20:30:57,2021-08-06 20:54:18,W 22 St & 8 Ave,6224,E 48 St & 3 Ave,6541,40.74475148,-73.99915362,40.7546011026,-73.971878855,casual
2733450,682E980425D85E76,classic_bike,2021-08-31 18:00:31,2021-08-31 18:10:50,W 42 St & 8 Ave,6602,E 48 St & 3 Ave,6541,40.7575699,-73.99098507,40.7546011026,-73.971878855,member
2733458,31077059E170AC18,classic_bike,2021-08-03 08:26:09,2021-08-03 08:54:10,Spruce St & Gold St,5137,E 48 St & 3 Ave,6541,40.7103231,-74.0043228,40.7546011026,-73.971878855,member
2733476,463E051ECB1349F2,electric_bike,2021-08-06 12:41:14,2021-08-06 12:53:36,W 51 St & 6 Ave,6740,E 48 St & 3 Ave,6541,40.7606597,-73.98042047,40.7546011026,-73.971878855,casual
2733493,DA6FFF9A7DD9F69D,classic_bike,2021-08-30 08:45:48,2021-08-30 09:02:49,Sullivan St & Washington Sq,5721,E 48 St & 3 Ave,6541,40.73047747,-73.99906065,40.7546011026,-73.971878855,member
2733504,DD1F25018E5D5CA3,classic_bike,2021-08-04 07:39:47,2021-08-04 07:52:09,Lexington Ave & E 24 St,6089,E 48 St & 3 Ave,6541,40.74025878,-73.98409214,40.7546011026,-73.971878855,member
2733513,811BE718D27EC822,classic_bike,2021-08-03 08:12:07,2021-08-03 08:31:19,West End Ave & W 60 St,7059,E 48 St & 3 Ave,6541,40.77237,-73.99005,40.7546011026,-73.971878855,member
2733514,FF2BCE5EAFFFB2D7,electric_bike,2021-08-02 08:02:14,2021-08-02 08:19:06,West End Ave & W 60 St,7059,E 48 St & 3 Ave,6541,40.77237,-73.99005,40.7546011026,-73.971878855,member
2733542,BDFF9FBFB0CF0331,classic_bike,2021-08-31 06:11:35,2021-08-31 06:23:00,W 33 St & 7 Ave,6407,E 48 St & 3 Ave,6541,40.75019995,-73.99093085,40.7546011026,-73.971878855,member
2733549,5F9F078FB727A3E8,electric_bike,2021-08-02 11:54:50,2021-08-02 12:34:28,W 51 St & 6 Ave,6740,E 48 St & 3 Ave,6541,40.7606597,-73.98042047,40.7546011026,-73.971878855,member
2733558,288BA187F2F0C078,electric_bike,2021-08-06 12:41:41,2021-08-06 12:53:49,W 51 St & 6 Ave,6740,E 48 St & 3 Ave,6541,40.7606597,-73.98042047,40.7546011026,-73.971878855,casual
2733572,11A80765B8F7C267,classic_bike,2021-08-02 08:22:03,2021-08-02 08:51:23,Spruce St & Gold St,5137,E 48 St & 3 Ave,6541,40.7103231,-74.0043228,40.7546011026,-73.971878855,member
2733578,4921D5AE96B7B9B7,classic_bike,2021-08-19 13:17:44,2021-08-19 13:28:36,W 51 St & 6 Ave,6740,E 48 St & 3 Ave,6541,40.7606597,-73.98042047,40.7546011026,-73.971878855,casual
2733581,DEBC33D6862A5E96,classic_bike,2021-08-28 18:38:29,2021-08-28 18:55:27,W 33 St & 7 Ave,6407,E 48 St & 3 Ave,6541,40.75019995,-73.99093085,40.7546011026,-73.971878855,casual
2733615,2001B2DDEE6244E3,classic_bike,2021-08-15 21:08:39,2021-08-15 21:18:15,6 Ave & W 33 St,6364,E 48 St & 3 Ave,6541,40.74901271,-73.98848395,40.7546011026,-73.971878855,member
2733629,1B3A9E19EEE85CB4,classic_bike,2021-08-17 15:38:50,2021-08-17 15:51:11,6 Ave & W 33 St,6364,E 48 St & 3 Ave,6541,40.74901271,-73.98848395,40.7546011026,-73.971878855,member
2733671,C1AA50E517425CE0,electric_bike,2021-08-21 18:13:58,2021-08-21 18:24:32,6 Ave & W 33 St,6364,E 48 St & 3 Ave,6541,40.74901271,-73.98848395,40.7546011026,-73.971878855,casual
2733672,A75FFFE3D644DAAC,classic_bike,2021-08-20 17:39:44,2021-08-20 17:58:44,6 Ave & W 33 St,6364,E 48 St & 3 Ave,6541,40.74901271,-73.98848395,40.7546011026,-73.971878855,casual
2733687,EAFA4400CFA725F8,classic_bike,2021-08-29 22:12:29,2021-08-29 22:22:56,Central Park West & W 68 St,7079,E 48 St & 3 Ave,6541,40.7734066,-73.97782542,40.7546011026,-73.971878855,casual
2733701,ADFCC645B5DD8A15,classic_bike,2021-08-07 11:42:56,2021-08-07 11:52:33,E 32 St & Park Ave,6280,E 48 St & 3 Ave,6541,40.7457121,-73.98194829,40.7546011026,-73.971878855,casual
2733729,EB7FF3D8090A643C,electric_bike,2021-08-02 06:01:21,2021-08-02 06:06:12,W 37 St & 5 Ave,6398,E 48 St & 3 Ave,6541,40.75038009,-73.98338988,40.7546011026,-73.971878855,member
2733739,DD444DD1FECF07CC,classic_bike,2021-08-02 17:30:04,2021-08-02 17:48:04,Madison Av & E 51 St,6659,E 48 St & 3 Ave,6541,40.75863,-73.97513,40.7546011026,-73.971878855,casual
2733743,0FD08089966D8A6D,electric_bike,2021-08-20 08:59:48,2021-08-20 09:11:59,11 Ave & W 27 St,6425,E 48 St & 3 Ave,6541,40.751396,-74.005226,40.7546011026,-73.971878855,member
2733752,66F4544049367F50,electric_bike,2021-08-13 08:48:14,2021-08-13 08:54:53,Lexington Ave & E 26 St,6089,E 48 St & 3 Ave,6541,40.741459,-73.983293,40.7546011026,-73.971878855,member
2733763,B0F4226565248F0E,electric_bike,2021-08-20 03:50:14,2021-08-20 03:56:57,Lexington Ave & E 26 St,6089,E 48 St & 3 Ave,6541,40.741459,-73.983293,40.7546011026,-73.971878855,casual
2733781,8521B599173B2FAE,electric_bike,2021-08-04 08:38:28,2021-08-04 08:47:50,E 63 St & 3 Ave,6830,E 48 St & 3 Ave,6541,40.763954,-73.9646,40.7546011026,-73.971878855,member
2733782,A22CA9275CAC6206,classic_bike,2021-08-25 17:39:36,2021-08-25 17:48:29,E 63 St & 3 Ave,6830,E 48 St & 3 Ave,6541,40.763954,-73.9646,40.7546011026,-73.971878855,member
2733793,8519D3EFC13EF2B6,classic_bike,2021-08-15 20:11:59,2021-08-15 20:16:12,E 58 St & 3 Ave,6762,E 48 St & 3 Ave,6541,40.76095756,-73.96724467,40.7546011026,-73.971878855,casual
2733794,CA062444E47B8E61,electric_bike,2021-08-21 13:07:46,2021-08-21 13:20:08,E 58 St & 3 Ave,6762,E 48 St & 3 Ave,6541,40.76095756,-73.96724467,40.7546011026,-73.971878855,casual
2733796,B659278DFB150F99,electric_bike,2021-08-28 22:53:14,2021-08-28 23:00:10,E 58 St & 3 Ave,6762,E 48 St & 3 Ave,6541,40.76095756,-73.96724467,40.7546011026,-73.971878855,casual
2733805,41550E8EA9116677,electric_bike,2021-08-03 08:04:06,2021-08-03 08:11:17,3 Ave & E 71 St,6960,E 48 St & 3 Ave,6541,40.76873687,-73.96119945,40.7546011026,-73.971878855,member
2733807,3B06343E37BBE9D4,classic_bike,2021-08-28 12:17:03,2021-08-28 12:35:34,E 48 St & 5 Ave,6626,E 48 St & 3 Ave,6541,40.75724567911726,-73.97805914282799,40.7546011026,-73.971878855,member
2733814,0BCB3127DC34490A,classic_bike,2021-08-29 18:11:06,2021-08-29 18:17:43,1 Ave & E 62 St,6753,E 48 St & 3 Ave,6541,40.7612274,-73.96094022,40.7546011026,-73.971878855,member
2733862,376910FA586B9D2A,classic_bike,2021-08-19 11:50:00,2021-08-19 11:52:53,E 51 St & 2 Ave,6575,E 48 St & 3 Ave,6541,40.755293,-73.967641,40.7546011026,-73.971878855,member
2733876,D574CBD47BFA8B5E,classic_bike,2021-08-21 17:02:49,2021-08-21 17:17:48,E 58 St & Madison Ave,6839,E 48 St & 3 Ave,6541,40.76302594280519,-73.97209525108337,40.7546011026,-73.971878855,casual
2733899,307F463675E65AE8,classic_bike,2021-08-09 19:57:58,2021-08-09 20:17:55,Riverside Dr & W 72 St,7288,E 48 St & 3 Ave,6541,40.78057799010334,-73.98562431335449,40.7546011026,-73.971878855,member
2733902,B564AE99C9420746,electric_bike,2021-08-11 11:16:39,2021-08-11 11:33:22,Mercer St & Spring St,5532,E 48 St & 3 Ave,6541,40.72362738,-73.99949601,40.7546011026,-73.971878855,member
2733925,56CE6BCBA3DA6F21,classic_bike,2021-08-04 19:56:57,2021-08-04 20:07:18,W 53 St & 10 Ave,6890,E 48 St & 3 Ave,6541,40.76669671,-73.99061728,40.7546011026,-73.971878855,member
2733950,D9B19FFF5125E337,classic_bike,2021-08-05 19:26:05,2021-08-05 19:44:21,W 42 St & 6 Ave,6517,E 48 St & 3 Ave,6541,40.75492,-73.98455,40.7546011026,-73.971878855,member
2733971,FAF9AF5CBB801A28,classic_bike,2021-08-21 13:40:43,2021-08-21 13:55:51,W 35 St & 9 Ave,6569,E 48 St & 3 Ave,6541,40.75414519263519,-73.9960889518261,40.7546011026,-73.971878855,member
2733982,10260292366F762F,classic_bike,2021-08-31 08:50:32,2021-08-31 08:54:59,E 53 St & Lexington Ave,6617,E 48 St & 3 Ave,6541,40.75828065,-73.97069431,40.7546011026,-73.971878855,member
2733984,D5ACEA27B898E627,electric_bike,2021-08-11 10:33:55,2021-08-11 10:42:15,Grand Army Plaza & Central Park S,6839,E 48 St & 3 Ave,6541,40.7643971,-73.97371465,40.7546011026,-73.971878855,casual
2734141,DEDAD476D228E5F5,classic_bike,2021-08-19 05:49:36,2021-08-19 06:10:40,E 25 St & 2 Ave,6046,E 48 St & 3 Ave,6541,40.73912601,-73.97973776,40.7546011026,-73.971878855,member
2734147,01B35858E979F267,classic_bike,2021-08-20 19:11:38,2021-08-20 19:37:44,Central Park W & W 97 St,7538,E 48 St & 3 Ave,6541,40.79249519495111,-73.96417066463071,40.7546011026,-73.971878855,member
2734154,F314BF1DCACDE6E2,classic_bike,2021-08-16 08:45:40,2021-08-16 09:03:32,3 Ave & E 72 St,7028,E 48 St & 3 Ave,6541,40.7699426,-73.96060712,40.7546011026,-73.971878855,member
2734158,455EE72548C10E8E,electric_bike,2021-08-07 14:17:02,2021-08-07 14:44:56,E 48 St & 5 Ave,6626,E 48 St & 3 Ave,6541,40.75724567911726,-73.97805914282799,40.7546011026,-73.971878855,casual
2734164,CCEA28E243E98744,classic_bike,2021-08-19 07:20:27,2021-08-19 07:23:07,E 48 St & 5 Ave,6626,E 48 St & 3 Ave,6541,40.75724567911726,-73.97805914282799,40.7546011026,-73.971878855,member
2734165,96E1CD02B587D84D,classic_bike,2021-08-19 15:39:57,2021-08-19 15:42:20,E 48 St & 5 Ave,6626,E 48 St & 3 Ave,6541,40.75724567911726,-73.97805914282799,40.7546011026,-73.971878855,member
2734208,1C8F51805EEF4C03,electric_bike,2021-08-29 07:25:21,2021-08-29 07:32:27,E 32 St & Park Ave,6280,E 48 St & 3 Ave,6541,40.7457121,-73.98194829,40.7546011026,-73.971878855,member
2734233,9F624BE4A08875A1,electric_bike,2021-08-03 13:07:26,2021-08-03 13:14:41,E 32 St & Park Ave,6280,E 48 St & 3 Ave,6541,40.7457121,-73.98194829,40.7546011026,-73.971878855,member
2734239,1B0B518EBB5F6A9F,classic_bike,2021-08-04 08:46:38,2021-08-04 09:05:24,W 67 St & Broadway,7116,E 48 St & 3 Ave,6541,40.77492513,-73.98266566,40.7546011026,-73.971878855,member
2734250,614BF59EBF6345EC,classic_bike,2021-08-05 08:20:08,2021-08-05 08:35:40,Central Park West & W 72 St,7141,E 48 St & 3 Ave,6541,40.77579376683666,-73.9762057363987,40.7546011026,-73.971878855,member
2734254,F644B0B000919E61,classic_bike,2021-08-30 08:38:08,2021-08-30 08:41:38,Pershing Square South,6432,E 48 St & 3 Ave,6541,40.751581,-73.97791,40.7546011026,-73.971878855,member
2734255,4A673CCE2D82BC7F,electric_bike,2021-08-23 09:20:22,2021-08-23 09:34:57,E 84 St & Park Ave,7243,E 48 St & 3 Ave,6541,40.77862688,-73.95772073,40.7546011026,-73.971878855,member
2734278,233CA7367ED64432,electric_bike,2021-08-16 08:47:33,2021-08-16 09:01:39,Perry St & Greenwich Ave,5955,E 48 St & 3 Ave,6541,40.735918,-74.000939,40.7546011026,-73.971878855,member
2734290,862A6B0B96550B00,classic_bike,2021-08-31 12:12:47,2021-08-31 12:43:28,W 15 St & 10 Ave,6115,E 48 St & 3 Ave,6541,40.74275382865903,-74.00747358798981,40.7546011026,-73.971878855,member
2734296,AE6C454D8B57FB65,classic_bike,2021-08-18 08:28:45,2021-08-18 08:49:49,W 90 St & Amsterdam Ave,7432,E 48 St & 3 Ave,6541,40.79017948095081,-73.97288918495178,40.7546011026,-73.971878855,member
2734298,60A4DFA54DC8CCAB,electric_bike,2021-08-09 04:54:52,2021-08-09 05:04:44,W 70 St & Amsterdam Ave,7207,E 48 St & 3 Ave,6541,40.77748046,-73.98288594,40.7546011026,-73.971878855,member
2734304,826D369FB2458A73,electric_bike,2021-08-28 17:49:12,2021-08-28 17:59:39,6 Ave & W 33 St,6364,E 48 St & 3 Ave,6541,40.74901271,-73.98848395,40.7546011026,-73.971878855,member
2734331,6E189F97E5216FDC,classic_bike,2021-08-04 18:40:01,2021-08-04 18:58:48,W 42 St & 6 Ave,6517,E 48 St & 3 Ave,6541,40.75492,-73.98455,40.7546011026,-73.971878855,member
2734343,D45192AE39B9124F,classic_bike,2021-08-08 12:56:48,2021-08-08 13:00:16,E 48 St & 5 Ave,6626,E 48 St & 3 Ave,6541,40.75724567911726,-73.97805914282799,40.7546011026,-73.971878855,member
2734353,C41E553886C7B907,classic_bike,2021-08-11 18:35:53,2021-08-11 18:50:01,E 63 St & 3 Ave,6830,E 48 St & 3 Ave,6541,40.763954,-73.9646,40.7546011026,-73.971878855,casual
2734359,EE1339632A4D4028,electric_bike,2021-08-24 15:55:34,2021-08-24 16:23:20,W 64 St & Thelonious Monk Circle,7123,E 48 St & 3 Ave,6541,40.77515953434235,-73.98918695747852,40.7546011026,-73.971878855,member
2734360,1C779F715787A765,electric_bike,2021-08-18 13:31:38,2021-08-18 13:39:07,8 Ave & W 52 St,6816,E 48 St & 3 Ave,6541,40.76370739,-73.9851615,40.7546011026,-73.971878855,member
2734383,6A2DB29BD9EE3B79,classic_bike,2021-08-30 14:32:09,2021-08-30 14:46:16,6 Ave & W 33 St,6364,E 48 St & 3 Ave,6541,40.74901271,-73.98848395,40.7546011026,-73.971878855,member
2734412,CB6840EB75F8176C,classic_bike,2021-08-27 07:47:58,2021-08-27 08:03:00,E 85 St & York Ave,7146,E 48 St & 3 Ave,6541,40.77536905,-73.94803392,40.7546011026,-73.971878855,member
2734417,24B4C81EF62CBE58,classic_bike,2021-08-30 11:00:23,2021-08-30 11:24:53,6 Ave & Broome St,5610,E 48 St & 3 Ave,6541,40.72431,-74.00473,40.7546011026,-73.971878855,casual
2734437,9008B7056C782810,classic_bike,2021-08-02 16:06:48,2021-08-02 16:09:35,E 43 St & 2 Ave,6422,E 48 St & 3 Ave,6541,40.75022392,-73.97121414,40.7546011026,-73.971878855,member
2734474,9B080C0E6D896DF3,classic_bike,2021-08-06 16:56:57,2021-08-06 17:26:44,W 34 St & 11 Ave,6578,E 48 St & 3 Ave,6541,40.75594159,-74.0021163,40.7546011026,-73.971878855,casual
2734476,0806123A77429B33,classic_bike,2021-08-05 09:00:46,2021-08-05 09:13:41,W 34 St & 11 Ave,6578,E 48 St & 3 Ave,6541,40.75594159,-74.0021163,40.7546011026,-73.971878855,member
2734491,BB12118AAC087A47,classic_bike,2021-08-03 14:47:49,2021-08-03 15:01:45,W 34 St & 11 Ave,6578,E 48 St & 3 Ave,6541,40.75594159,-74.0021163,40.7546011026,-73.971878855,member
2734497,EABCB63DD607ED2A,classic_bike,2021-08-20 20:48:01,2021-08-20 20:56:00,Central Park S & 6 Ave,6876,E 48 St & 3 Ave,6541,40.76590936,-73.97634151,40.7546011026,-73.971878855,member
2734565,16B2C1084E77838E,classic_bike,2021-08-14 17:10:51,2021-08-14 17:39:15,E 81 St & Park Ave,7188,E 48 St & 3 Ave,6541,40.77677702,-73.9590097,40.7546011026,-73.971878855,member
2734567,A8959E74AD896B8C,classic_bike,2021-08-01 15:01:21,2021-08-01 15:05:21,E 43 St & 2 Ave,6422,E 48 St & 3 Ave,6541,40.75022392,-73.97121414,40.7546011026,-73.971878855,member
2734568,CF7B73B6EDB4D135,classic_bike,2021-08-01 14:41:33,2021-08-01 14:45:20,E 43 St & 2 Ave,6422,E 48 St & 3 Ave,6541,40.75022392,-73.97121414,40.7546011026,-73.971878855,member
2734569,3F3A4794175D58D7,classic_bike,2021-08-01 14:51:36,2021-08-01 14:55:44,E 43 St & 2 Ave,6422,E 48 St & 3 Ave,6541,40.75022392,-73.97121414,40.7546011026,-73.971878855,member
2734581,984DAB8743442BAD,classic_bike,2021-08-03 08:46:55,2021-08-03 08:59:56,E 43 St & 2 Ave,6422,E 48 St & 3 Ave,6541,40.75022392,-73.97121414,40.7546011026,-73.971878855,member
2734622,B4063741908577E7,classic_bike,2021-08-24 21:11:39,2021-08-24 21:21:29,6 Ave & W 33 St,6364,E 48 St & 3 Ave,6541,40.74901271,-73.98848395,40.7546011026,-73.971878855,casual
2734625,C2A61D619089FF9F,classic_bike,2021-08-31 18:44:49,2021-08-31 19:06:08,6 Ave & W 33 St,6364,E 48 St & 3 Ave,6541,40.74901271,-73.98848395,40.7546011026,-73.971878855,casual
2734733,FD8E7AFB0D29B809,classic_bike,2021-08-24 13:27:52,2021-08-24 13:31:26,E 48 St & 5 Ave,6626,E 48 St & 3 Ave,6541,40.75724567911726,-73.97805914282799,40.7546011026,-73.971878855,member
2734738,A877C26D209A054C,classic_bike,2021-08-07 23:08:30,2021-08-07 23:19:26,E 48 St & 5 Ave,6626,E 48 St & 3 Ave,6541,40.75724567911726,-73.97805914282799,40.7546011026,-73.971878855,member
2734739,F957FA60E6E27B6E,classic_bike,2021-08-19 13:14:01,2021-08-19 13:18:18,E 48 St & 5 Ave,6626,E 48 St & 3 Ave,6541,40.75724567911726,-73.97805914282799,40.7546011026,-73.971878855,member
2734748,DDB1560177877500,classic_bike,2021-08-07 07:24:32,2021-08-07 07:26:43,E 48 St & 5 Ave,6626,E 48 St & 3 Ave,6541,40.75724567911726,-73.97805914282799,40.7546011026,-73.971878855,member
2734763,57CBB01FC6925C26,classic_bike,2021-08-08 15:11:37,2021-08-08 15:22:53,Broadway & E 21 St,6098,E 48 St & 3 Ave,6541,40.73988840858996,-73.98958593606949,40.7546011026,-73.971878855,member
2734769,736C8810958E8455,classic_bike,2021-08-31 15:12:27,2021-08-31 15:23:04,Lexington Ave & E 29 St,6164,E 48 St & 3 Ave,6541,40.74311555376486,-73.98215353488922,40.7546011026,-73.971878855,casual
2734789,FAABAD3816E286D9,classic_bike,2021-08-30 18:17:27,2021-08-30 18:25:44,W 42 St & 8 Ave,6602,E 48 St & 3 Ave,6541,40.7575699,-73.99098507,40.7546011026,-73.971878855,member
2734792,C9D59CF1B5026954,classic_bike,2021-08-23 09:01:05,2021-08-23 09:11:12,W 42 St & 8 Ave,6602,E 48 St & 3 Ave,6541,40.7575699,-73.99098507,40.7546011026,-73.971878855,member
2734793,CCBB4FB65EE64FA6,classic_bike,2021-08-25 07:42:06,2021-08-25 07:57:08,E 10 St & Avenue A,5659,E 48 St & 3 Ave,6541,40.72740794,-73.98142006,40.7546011026,-73.971878855,member
2734797,6BE44A97549E1093,classic_bike,2021-08-20 06:19:30,2021-08-20 06:28:35,W 42 St & 8 Ave,6602,E 48 St & 3 Ave,6541,40.7575699,-73.99098507,40.7546011026,-73.971878855,member
2734802,21F1CE8D110D9312,classic_bike,2021-08-06 17:42:34,2021-08-06 18:00:32,W 51 St & 6 Ave,6740,E 48 St & 3 Ave,6541,40.7606597,-73.98042047,40.7546011026,-73.971878855,member
2734803,5C31CDB5935C01A3,electric_bike,2021-08-03 23:24:46,2021-08-03 23:29:56,W 51 St & 6 Ave,6740,E 48 St & 3 Ave,6541,40.7606597,-73.98042047,40.7546011026,-73.971878855,member
2734856,8115CB452015ADDC,classic_bike,2021-08-06 07:56:39,2021-08-06 08:04:47,Central Park S & 6 Ave,6876,E 48 St & 3 Ave,6541,40.76590936,-73.97634151,40.7546011026,-73.971878855,member
2734876,9A8663F9D693FAF8,classic_bike,2021-08-26 19:52:00,2021-08-26 20:09:02,Broadway & E 21 St,6098,E 48 St & 3 Ave,6541,40.73988840858996,-73.98958593606949,40.7546011026,-73.971878855,casual
2734884,0C25D504B2333184,classic_bike,2021-08-15 14:25:27,2021-08-15 14:34:15,Central Park S & 6 Ave,6876,E 48 St & 3 Ave,6541,40.76590936,-73.97634151,40.7546011026,-73.971878855,casual
2734904,3277ACC9AD86A3FA,electric_bike,2021-08-09 09:11:37,2021-08-09 09:27:13,E 89 St & 3 Ave,7265,E 48 St & 3 Ave,6541,40.7806284,-73.9521667,40.7546011026,-73.971878855,member
2734910,3468FE467DAEB5BD,electric_bike,2021-08-05 11:28:44,2021-08-05 11:31:31,E 48 St & 5 Ave,6626,E 48 St & 3 Ave,6541,40.75724567911726,-73.97805914282799,40.7546011026,-73.971878855,member
2734913,71508284BFFD9C50,classic_bike,2021-08-07 14:15:44,2021-08-07 14:46:15,E 48 St & 5 Ave,6626,E 48 St & 3 Ave,6541,40.75724567911726,-73.97805914282799,40.7546011026,-73.971878855,casual
2734915,75A6333CBABD6CB3,classic_bike,2021-08-17 17:56:34,2021-08-17 18:18:36,W 24 St & 7 Ave,6257,E 48 St & 3 Ave,6541,40.74487634,-73.99529885,40.7546011026,-73.971878855,member
2734932,BF6657765D9E3C51,docked_bike,2021-08-04 11:46:47,2021-08-04 11:55:05,E 55 St & 2 Ave,6650,E 48 St & 3 Ave,6541,40.757973,-73.966033,40.754601,-73.971879,casual
2734947,A323BDE07C2B8FE9,classic_bike,2021-08-05 08:37:05,2021-08-05 08:58:50,Riverside Dr & W 91 St,7524,E 48 St & 3 Ave,6541,40.79313480986663,-73.97700369358063,40.7546011026,-73.971878855,member
2734993,D00606358A92D13C,classic_bike,2021-08-31 15:36:53,2021-08-31 15:46:50,Broadway & E 21 St,6098,E 48 St & 3 Ave,6541,40.73988840858996,-73.98958593606949,40.7546011026,-73.971878855,member
2734994,C33D0C8DCD347C78,classic_bike,2021-08-31 18:24:59,2021-08-31 18:35:10,Broadway & E 21 St,6098,E 48 St & 3 Ave,6541,40.73988840858996,-73.98958593606949,40.7546011026,-73.971878855,member
2734995,3FD40215E1794E2F,classic_bike,2021-08-31 14:09:07,2021-08-31 14:20:54,Broadway & E 21 St,6098,E 48 St & 3 Ave,6541,40.73988840858996,-73.98958593606949,40.7546011026,-73.971878855,member
2735000,A724DCF743BC1367,classic_bike,2021-08-03 17:29:46,2021-08-03 17:46:38,9 Ave & W 22 St,6266,E 48 St & 3 Ave,6541,40.7454973,-74.00197139,40.7546011026,-73.971878855,member
2735018,9A1D45DE10DC85B3,classic_bike,2021-08-18 08:52:10,2021-08-18 09:03:20,2 Ave & E 29 St,6122,E 48 St & 3 Ave,6541,40.74172351097472,-73.97809267044067,40.7546011026,-73.971878855,member
2735043,146E74CF122CE8EC,classic_bike,2021-08-31 09:07:59,2021-08-31 09:27:01,Bialystoker Pl & Delancey St,5335,E 48 St & 3 Ave,6541,40.71622644,-73.98261206,40.7546011026,-73.971878855,member
2735047,BDDE27646C7CC5BA,classic_bike,2021-08-29 17:35:51,2021-08-29 17:47:17,Central Park S & 6 Ave,6876,E 48 St & 3 Ave,6541,40.76590936,-73.97634151,40.7546011026,-73.971878855,casual
2735058,0AE90A463B30BB2F,classic_bike,2021-08-09 09:49:29,2021-08-09 10:04:11,Central Park S & 6 Ave,6876,E 48 St & 3 Ave,6541,40.76590936,-73.97634151,40.7546011026,-73.971878855,member
2735068,DB14D85C82B498CA,electric_bike,2021-08-29 00:21:43,2021-08-29 00:40:06,Bialystoker Pl & Delancey St,5335,E 48 St & 3 Ave,6541,40.71622644,-73.98261206,40.7546011026,-73.971878855,casual
2735073,226937FD4F2A4180,electric_bike,2021-08-17 01:30:01,2021-08-17 01:42:03,Central Park S & 6 Ave,6876,E 48 St & 3 Ave,6541,40.76590936,-73.97634151,40.7546011026,-73.971878855,casual
2735085,7F325C5128BB23FB,electric_bike,2021-08-17 17:48:09,2021-08-17 20:23:03,Central Park S & 6 Ave,6876,E 48 St & 3 Ave,6541,40.76590936,-73.97634151,40.7546011026,-73.971878855,casual
2735163,5EB78DF03FC661F7,classic_bike,2021-08-18 14:52:56,2021-08-18 15:02:36,W 51 St & 6 Ave,6740,E 48 St & 3 Ave,6541,40.7606597,-73.98042047,40.7546011026,-73.971878855,casual
2735196,A12D928F6CAEA75F,classic_bike,2021-08-10 17:38:45,2021-08-10 17:39:11,E 48 St & 3 Ave,6541,E 48 St & 3 Ave,6541,40.7546011026,-73.971878855,40.7546011026,-73.971878855,member
2735202,E184C53902EE329B,classic_bike,2021-08-25 17:48:13,2021-08-25 17:54:16,E 48 St & 3 Ave,6541,E 48 St & 3 Ave,6541,40.7546011026,-73.971878855,40.7546011026,-73.971878855,member
2735205,2186079ABAF14E63,electric_bike,2021-08-11 19:03:14,2021-08-11 19:03:41,E 48 St & 3 Ave,6541,E 48 St & 3 Ave,6541,40.7546011026,-73.971878855,40.7546011026,-73.971878855,member
2735226,EEC99C6B702A3474,classic_bike,2021-08-15 17:38:52,2021-08-15 19:10:11,E 48 St & 3 Ave,6541,E 48 St & 3 Ave,6541,40.7546011026,-73.971878855,40.7546011026,-73.971878855,member
2735246,329BCC9699A30BA0,classic_bike,2021-08-18 12:54:21,2021-08-18 13:00:36,E 39 St & Lexington Ave,6389,E 48 St & 3 Ave,6541,40.7494985460252,-73.97729203113158,40.7546011026,-73.971878855,casual
2735247,436B73567BCD50DE,classic_bike,2021-08-18 14:33:36,2021-08-18 14:39:27,E 48 St & 3 Ave,6541,E 39 St & Lexington Ave,6389,40.7546011026,-73.971878855,40.7494985460252,-73.97729203113158,casual
2735248,959478D053CAE183,classic_bike,2021-08-18 08:51:11,2021-08-18 08:57:38,E 48 St & 3 Ave,6541,6 Ave & W 45 St,6593,40.7546011026,-73.971878855,40.756951,-73.982631,casual
2735270,90D0FC9BC76210D4,classic_bike,2021-08-20 20:45:09,2021-08-20 20:58:00,E 16 St & 5 Ave,6022,E 48 St & 3 Ave,6541,40.73726186,-73.99238967,40.7546011026,-73.971878855,member
2735276,4626D520DB0F57CB,classic_bike,2021-08-03 19:26:42,2021-08-03 19:54:00,W 89 St & Columbus Ave,7432,E 48 St & 3 Ave,6541,40.7882213,-73.97041561,40.7546011026,-73.971878855,casual
2735282,5ECA051419A691F6,electric_bike,2021-08-05 16:22:59,2021-08-05 16:34:59,E 27 St & Park Ave S,6131,E 48 St & 3 Ave,6541,40.74275179648995,-73.9847157150507,40.7546011026,-73.971878855,member
2735296,E02BAB39F8494D8F,classic_bike,2021-08-20 08:56:42,2021-08-20 09:08:29,E 27 St & Park Ave S,6131,E 48 St & 3 Ave,6541,40.74275179648995,-73.9847157150507,40.7546011026,-73.971878855,casual
2735319,0CBACE394B92ACD5,electric_bike,2021-08-31 12:36:09,2021-08-31 12:43:04,W 37 St & 5 Ave,6398,E 48 St & 3 Ave,6541,40.75038009,-73.98338988,40.7546011026,-73.971878855,member
2735329,1B3442DBEDBD3BBC,classic_bike,2021-08-02 18:00:54,2021-08-02 18:18:16,9 Ave & W 22 St,6266,E 48 St & 3 Ave,6541,40.7454973,-74.00197139,40.7546011026,-73.971878855,member
2735339,3124121A3BD6E54B,electric_bike,2021-08-18 09:26:07,2021-08-18 09:47:19,W 15 St & 7 Ave,6030,E 48 St & 3 Ave,6541,40.73935542,-73.99931783,40.7546011026,-73.971878855,member
2735340,27B9998804A7CC43,classic_bike,2021-08-26 08:51:23,2021-08-26 09:11:41,W 15 St & 7 Ave,6030,E 48 St & 3 Ave,6541,40.73935542,-73.99931783,40.7546011026,-73.971878855,member
2735395,C8F068C461371966,classic_bike,2021-08-03 23:21:50,2021-08-03 23:45:31,E 6 St & Avenue D,5506,E 48 St & 3 Ave,6541,40.72228087,-73.97668709,40.7546011026,-73.971878855,casual
2735421,CA9922A515C0B58D,classic_bike,2021-08-29 19:33:33,2021-08-29 19:57:15,E 20 St & FDR Drive,5886,E 48 St & 3 Ave,6541,40.73314259,-73.97573881,40.7546011026,-73.971878855,member
2735424,CAD7F243DB51D5D0,electric_bike,2021-08-28 11:28:43,2021-08-28 12:07:08,Central Park North & Adam Clayton Powell Blvd,7617,E 48 St & 3 Ave,6541,40.799484,-73.955613,40.7546011026,-73.971878855,member
2735440,161E190D4930B604,classic_bike,2021-08-07 18:59:05,2021-08-07 19:25:37,E 63 St & 3 Ave,6830,E 48 St & 3 Ave,6541,40.763954,-73.9646,40.7546011026,-73.971878855,casual
2735443,AD22B3B500C3277A,classic_bike,2021-08-17 21:45:41,2021-08-17 22:08:04,E 58 St & 3 Ave,6762,E 48 St & 3 Ave,6541,40.76095756,-73.96724467,40.7546011026,-73.971878855,casual
2735444,CE96FD9F92752EA3,classic_bike,2021-08-19 17:18:56,2021-08-19 17:26:59,E 63 St & 3 Ave,6830,E 48 St & 3 Ave,6541,40.763954,-73.9646,40.7546011026,-73.971878855,casual
2735463,EF41AAE20E179A9F,classic_bike,2021-08-11 20:29:14,2021-08-11 20:35:35,E 54 St & 1 Ave,6608,E 48 St & 3 Ave,6541,40.756265,-73.964179,40.7546011026,-73.971878855,casual
2735466,3E48441D1D62319F,electric_bike,2021-08-04 19:28:01,2021-08-04 19:35:22,E 63 St & 3 Ave,6830,E 48 St & 3 Ave,6541,40.763954,-73.9646,40.7546011026,-73.971878855,casual
2735468,F304D19C0C88E1CF,classic_bike,2021-08-28 00:00:19,2021-08-28 00:10:18,E 63 St & 3 Ave,6830,E 48 St & 3 Ave,6541,40.763954,-73.9646,40.7546011026,-73.971878855,casual
2735514,B01B2C15BF401689,classic_bike,2021-08-28 14:30:01,2021-08-28 14:36:50,E 33 St & 5 Ave,6322,E 48 St & 3 Ave,6541,40.74765947,-73.98490707,40.7546011026,-73.971878855,member
2735541,1F177B84CD6D5D43,classic_bike,2021-08-10 07:29:56,2021-08-10 07:37:00,3 Ave & E 71 St,6960,E 48 St & 3 Ave,6541,40.76873687,-73.96119945,40.7546011026,-73.971878855,member
2735542,54051C1C7D9A7523,classic_bike,2021-08-31 07:52:51,2021-08-31 08:01:23,3 Ave & E 71 St,6960,E 48 St & 3 Ave,6541,40.76873687,-73.96119945,40.7546011026,-73.971878855,member
2735543,39A4F46725564CE0,classic_bike,2021-08-18 07:34:35,2021-08-18 07:41:49,3 Ave & E 71 St,6960,E 48 St & 3 Ave,6541,40.76873687,-73.96119945,40.7546011026,-73.971878855,member
2735549,9BDB210AE0A4E0A5,electric_bike,2021-08-04 01:24:51,2021-08-04 01:30:37,W 51 St & Rockefeller Plaza,6700,E 48 St & 3 Ave,6541,40.75969995906254,-73.97808194160461,40.7546011026,-73.971878855,member
2735550,664AED9501D46695,classic_bike,2021-08-16 08:24:36,2021-08-16 08:28:49,E 53 St & Lexington Ave,6617,E 48 St & 3 Ave,6541,40.75828065,-73.97069431,40.7546011026,-73.971878855,member
2735553,23D2A2DFA8EEFA8B,classic_bike,2021-08-05 10:48:45,2021-08-05 10:58:03,Grand Army Plaza & Central Park S,6839,E 48 St & 3 Ave,6541,40.7643971,-73.97371465,40.7546011026,-73.971878855,member
2735555,D2377BD98C2E8BCD,classic_bike,2021-08-16 08:53:43,2021-08-16 09:16:52,31 Ave & Crescent St,6893,E 48 St & 3 Ave,6541,40.7658346,-73.9265474,40.7546011026,-73.971878855,member
2735576,90ED99DA16C588FE,classic_bike,2021-08-29 19:12:03,2021-08-29 19:31:38,W 21 St & 6 Ave,6140,E 48 St & 3 Ave,6541,40.74173969,-73.99415556,40.7546011026,-73.971878855,member
2735590,105249FC6F3826AD,classic_bike,2021-08-11 08:58:06,2021-08-11 09:07:45,8 Ave & W 33 St,6450,E 48 St & 3 Ave,6541,40.751551,-73.993934,40.7546011026,-73.971878855,member
2735603,4672D2AC2E5E1494,classic_bike,2021-08-01 11:46:31,2021-08-01 12:18:10,8 Ave & W 33 St,6450,E 48 St & 3 Ave,6541,40.751551,-73.993934,40.7546011026,-73.971878855,casual
2735622,3F7796613F68FA5A,electric_bike,2021-08-14 14:34:51,2021-08-14 14:43:21,W 49 St & 8 Ave,6747,E 48 St & 3 Ave,6541,40.76227205,-73.98788205,40.7546011026,-73.971878855,member
2735672,AE46D1D11CCB6FB9,classic_bike,2021-08-18 14:45:07,2021-08-18 14:49:56,E 48 St & 3 Ave,6541,E 39 St & Lexington Ave,6389,40.7546011026,-73.971878855,40.7494985460252,-73.97729203113158,member
2735689,8BBB4965025BD4CE,classic_bike,2021-08-16 07:28:10,2021-08-16 07:28:32,E 48 St & 3 Ave,6541,E 48 St & 3 Ave,6541,40.7546011026,-73.971878855,40.7546011026,-73.971878855,member
2735691,B839635B1090F992,classic_bike,2021-08-31 18:07:21,2021-08-31 18:08:02,E 48 St & 3 Ave,6541,E 48 St & 3 Ave,6541,40.7546011026,-73.971878855,40.7546011026,-73.971878855,member
2735694,216E53B8BA91364F,classic_bike,2021-08-25 11:33:31,2021-08-25 11:33:34,E 48 St & 3 Ave,6541,E 48 St & 3 Ave,6541,40.7546011026,-73.971878855,40.7546011026,-73.971878855,member
2735729,E679AB1796B3B87D,classic_bike,2021-08-09 07:42:43,2021-08-09 08:24:36,E 48 St & 3 Ave,6541,E 48 St & 3 Ave,6541,40.7546011026,-73.971878855,40.7546011026,-73.971878855,casual
2735737,B210E6F2A6AC39A1,electric_bike,2021-08-05 11:47:24,2021-08-05 12:02:29,E 48 St & 3 Ave,6541,E 48 St & 3 Ave,6541,40.7546011026,-73.971878855,40.7546011026,-73.971878855,casual
2735750,2B01887B9FEDA612,classic_bike,2021-08-20 17:54:42,2021-08-20 18:17:16,Lafayette St & E 8 St,5788,E 48 St & 3 Ave,6541,40.73020660529954,-73.99102628231049,40.7546011026,-73.971878855,casual
2735760,880AE5BE1C2FFDB4,classic_bike,2021-08-19 12:22:12,2021-08-19 12:28:47,W 55 St & 6 Ave,6809,E 48 St & 3 Ave,6541,40.763189,-73.978434,40.7546011026,-73.971878855,member
2735761,510C7D8B6FB4C3D9,classic_bike,2021-08-18 12:31:47,2021-08-18 12:39:26,W 55 St & 6 Ave,6809,E 48 St & 3 Ave,6541,40.763189,-73.978434,40.7546011026,-73.971878855,member
2735776,9A47EF49AD31B609,classic_bike,2021-08-04 09:02:43,2021-08-04 09:05:33,E 43 St & 2 Ave,6422,E 48 St & 3 Ave,6541,40.75022392,-73.97121414,40.7546011026,-73.971878855,member
2735813,CEBDD4AF189F81F8,classic_bike,2021-08-08 08:17:57,2021-08-08 08:26:29,Lexington Ave & E 36 St,6313,E 48 St & 3 Ave,6541,40.7475739589548,-73.9788007736206,40.7546011026,-73.971878855,casual
2735823,68B488F45F8809F8,classic_bike,2021-08-28 15:06:59,2021-08-28 15:11:15,E 39 St & 2 Ave,6345,E 48 St & 3 Ave,6541,40.74803319428767,-73.973827958107,40.7546011026,-73.971878855,member
2735848,8E5BBDBC850A0566,classic_bike,2021-08-24 22:06:46,2021-08-24 22:11:58,Lexington Ave & E 36 St,6313,E 48 St & 3 Ave,6541,40.7475739589548,-73.9788007736206,40.7546011026,-73.971878855,casual
2735884,4ABF1A7FE3BBD5BE,docked_bike,2021-08-31 08:54:19,2021-08-31 09:24:01,Central Park North & Adam Clayton Powell Blvd,7617,E 48 St & 3 Ave,6541,40.799484,-73.955613,40.754601,-73.971879,casual
2735908,084A5E689152382E,classic_bike,2021-08-11 15:07:33,2021-08-11 15:16:27,W 49 St & 8 Ave,6747,E 48 St & 3 Ave,6541,40.76227205,-73.98788205,40.7546011026,-73.971878855,member
2735911,AA5F05EBBEB5A92D,classic_bike,2021-08-25 07:03:18,2021-08-25 07:20:44,W 21 St & 6 Ave,6140,E 48 St & 3 Ave,6541,40.74173969,-73.99415556,40.7546011026,-73.971878855,casual
2735919,D8786C4409DB456A,classic_bike,2021-08-29 10:20:49,2021-08-29 10:34:24,W 21 St & 6 Ave,6140,E 48 St & 3 Ave,6541,40.74173969,-73.99415556,40.7546011026,-73.971878855,casual
2735922,59BF3645B2342ACC,classic_bike,2021-08-16 16:19:10,2021-08-16 16:53:08,E 12 St & Ave C,5616,E 48 St & 3 Ave,6541,40.727243,-73.976831,40.7546011026,-73.971878855,casual
2735924,99F542671A8D46AF,electric_bike,2021-08-30 14:13:00,2021-08-30 14:24:25,W 49 St & 8 Ave,6747,E 48 St & 3 Ave,6541,40.76227205,-73.98788205,40.7546011026,-73.971878855,casual
2735931,C51E213F83F7D023,classic_bike,2021-08-05 08:40:18,2021-08-05 08:51:16,W 49 St & 8 Ave,6747,E 48 St & 3 Ave,6541,40.76227205,-73.98788205,40.7546011026,-73.971878855,member
2735934,BBF5BC1A2DE6B869,classic_bike,2021-08-05 12:28:14,2021-08-05 12:42:28,W 21 St & 6 Ave,6140,E 48 St & 3 Ave,6541,40.74173969,-73.99415556,40.7546011026,-73.971878855,member
2735945,361F291BE7941284,electric_bike,2021-08-23 22:01:41,2021-08-23 22:08:58,W 47 St & 10 Ave,6824,E 48 St & 3 Ave,6541,40.76269882,-73.99301222,40.7546011026,-73.971878855,member
2735946,BBEBA6FFAA67B39C,classic_bike,2021-08-20 21:58:06,2021-08-20 22:10:41,W 47 St & 10 Ave,6824,E 48 St & 3 Ave,6541,40.76269882,-73.99301222,40.7546011026,-73.971878855,member
2735948,A9FE4A0412BADB31,classic_bike,2021-08-10 09:26:11,2021-08-10 09:43:46,W 84 St & Columbus Ave,7382,E 48 St & 3 Ave,6541,40.78499979,-73.97283406,40.7546011026,-73.971878855,member
2735963,0D15314F44595535,classic_bike,2021-08-25 17:53:51,2021-08-25 17:59:21,E 56 St & 3 Ave,6691,E 48 St & 3 Ave,6541,40.75934501,-73.96759673,40.7546011026,-73.971878855,casual
2735964,D65EF32A561D9A89,electric_bike,2021-08-06 21:03:01,2021-08-06 22:32:14,E 47 St & 2 Ave,6498,E 48 St & 3 Ave,6541,40.75323098,-73.97032517,40.7546011026,-73.971878855,casual
2736000,1C04B0D601174992,classic_bike,2021-08-21 08:29:22,2021-08-21 08:34:30,E 39 St & 2 Ave,6345,E 48 St & 3 Ave,6541,40.74803319428767,-73.973827958107,40.7546011026,-73.971878855,member
2736024,651F024FBC015070,classic_bike,2021-08-16 08:33:52,2021-08-16 08:42:12,W 49 St & 8 Ave,6747,E 48 St & 3 Ave,6541,40.76227205,-73.98788205,40.7546011026,-73.971878855,member
2736044,E533F9C8B1B3EEF7,classic_bike,2021-08-18 08:32:44,2021-08-18 08:53:11,E 11 St & Avenue B,5659,E 48 St & 3 Ave,6541,40.72746420692392,-73.97950418293476,40.7546011026,-73.971878855,member
2736053,7CAFC8973044D28D,classic_bike,2021-08-05 09:06:49,2021-08-05 09:18:16,W 25 St & 6 Ave,6215,E 48 St & 3 Ave,6541,40.74395411,-73.99144871,40.7546011026,-73.971878855,member
2736061,3802EF45FEF78D4D,classic_bike,2021-08-20 23:07:21,2021-08-20 23:09:17,E 47 St & 2 Ave,6498,E 48 St & 3 Ave,6541,40.75323098,-73.97032517,40.7546011026,-73.971878855,member
2736068,9A35E15F82F32717,classic_bike,2021-08-31 13:46:54,2021-08-31 13:48:57,E 47 St & 2 Ave,6498,E 48 St & 3 Ave,6541,40.75323098,-73.97032517,40.7546011026,-73.971878855,member
2736082,4A115981178AEBBD,classic_bike,2021-08-16 19:40:33,2021-08-16 19:54:31,E 51 St & 2 Ave,6575,E 48 St & 3 Ave,6541,40.755293,-73.967641,40.7546011026,-73.971878855,casual
2736089,6047C1CEE5EF683D,docked_bike,2021-08-03 19:01:28,2021-08-03 19:25:37,5 Ave & E 72 St,7100,E 48 St & 3 Ave,6541,40.772828,-73.966853,40.754601,-73.971879,casual
2736096,FADC3D912B126809,classic_bike,2021-08-17 19:06:45,2021-08-17 19:29:34,W 31 St & 7 Ave,6331,E 48 St & 3 Ave,6541,40.749156,-73.9916,40.7546011026,-73.971878855,member
2736108,7360CD532D3E516F,electric_bike,2021-08-05 06:18:34,2021-08-05 06:31:33,W 70 St & Amsterdam Ave,7207,E 48 St & 3 Ave,6541,40.77748046,-73.98288594,40.7546011026,-73.971878855,member
2736127,D25A712F2265CB95,electric_bike,2021-08-11 10:46:17,2021-08-11 12:12:27,W 21 St & 6 Ave,6140,E 48 St & 3 Ave,6541,40.74173969,-73.99415556,40.7546011026,-73.971878855,member
2736149,64990488CD4FD816,classic_bike,2021-08-28 13:03:39,2021-08-28 13:38:40,W 4 St & 7 Ave S,5880,E 48 St & 3 Ave,6541,40.73401143,-74.00293877,40.7546011026,-73.971878855,member
2736160,811B141DE26C90E3,electric_bike,2021-08-05 15:17:32,2021-08-05 16:00:02,W 4 St & 7 Ave S,5880,E 48 St & 3 Ave,6541,40.73401143,-74.00293877,40.7546011026,-73.971878855,member
2736188,13D147D6F6B04DDE,classic_bike,2021-08-15 02:17:28,2021-08-15 02:30:39,W 45 St & 8 Ave,6676,E 48 St & 3 Ave,6541,40.75929124,-73.98859651,40.7546011026,-73.971878855,casual
2736192,D6A86D16077D1867,classic_bike,2021-08-26 08:21:30,2021-08-26 08:22:58,E 47 St & 2 Ave,6498,E 48 St & 3 Ave,6541,40.75323098,-73.97032517,40.7546011026,-73.971878855,member
2736221,4D16D5BF21432475,classic_bike,2021-08-15 04:06:32,2021-08-15 04:34:37,11 Ave & W 27 St,6425,E 48 St & 3 Ave,6541,40.751396,-74.005226,40.7546011026,-73.971878855,casual
2736254,0091D8BF65992B78,classic_bike,2021-08-27 17:11:41,2021-08-27 17:17:32,Lexington Ave & E 36 St,6313,E 48 St & 3 Ave,6541,40.7475739589548,-73.9788007736206,40.7546011026,-73.971878855,member
2736255,7E5F57F5D9DDD237,classic_bike,2021-08-15 20:32:03,2021-08-15 20:38:03,Lexington Ave & E 36 St,6313,E 48 St & 3 Ave,6541,40.7475739589548,-73.9788007736206,40.7546011026,-73.971878855,member
2736258,9A5F42E814172053,classic_bike,2021-08-07 12:40:28,2021-08-07 12:49:29,W 37 St & 5 Ave,6398,E 48 St & 3 Ave,6541,40.75038009,-73.98338988,40.7546011026,-73.971878855,member
2736290,A5E755111F9C2CD1,classic_bike,2021-08-15 16:35:05,2021-08-15 16:39:44,E 48 St & 3 Ave,6541,E 39 St & Lexington Ave,6389,40.7546011026,-73.971878855,40.7494985460252,-73.97729203113158,member
2736297,5B2B99856055E5C9,electric_bike,2021-08-22 22:23:13,2021-08-22 22:36:50,E 48 St & 3 Ave,6541,E 48 St & 3 Ave,6541,40.7546011026,-73.971878855,40.7546011026,-73.971878855,member
2736308,422218B49E36FE2E,classic_bike,2021-08-26 15:44:10,2021-08-26 15:44:46,E 48 St & 3 Ave,6541,E 48 St & 3 Ave,6541,40.7546011026,-73.971878855,40.7546011026,-73.971878855,member
2736341,22B01A482802A8AE,classic_bike,2021-08-05 16:07:09,2021-08-05 16:07:31,E 48 St & 3 Ave,6541,E 48 St & 3 Ave,6541,40.7546011026,-73.971878855,40.7546011026,-73.971878855,casual
2736378,7F8BB1FD6F488A87,classic_bike,2021-08-31 10:11:49,2021-08-31 10:30:31,E 11 St & Avenue B,5659,E 48 St & 3 Ave,6541,40.72746420692392,-73.97950418293476,40.7546011026,-73.971878855,member
2736388,7578B25E3329EDA1,classic_bike,2021-08-04 12:41:51,2021-08-04 12:48:32,E 56 St & 3 Ave,6691,E 48 St & 3 Ave,6541,40.75934501,-73.96759673,40.7546011026,-73.971878855,member
2736413,B6F82DE4E9656DF1,classic_bike,2021-08-16 06:54:00,2021-08-16 07:22:05,Franklin St & Dupont St,5944,E 48 St & 3 Ave,6541,40.73564,-73.95866,40.7546011026,-73.971878855,member
2736414,92D2C62C8323FA44,classic_bike,2021-08-03 09:17:34,2021-08-03 09:55:27,Bayard St & Leonard St,5442,E 48 St & 3 Ave,6541,40.71915571696044,-73.94885390996933,40.7546011026,-73.971878855,member
2736421,D68553B815C47E0C,electric_bike,2021-08-04 14:57:05,2021-08-04 14:58:32,E 45 St & 3 Ave,6464,E 48 St & 3 Ave,6541,40.75255434,-73.97282625,40.7546011026,-73.971878855,member
2736428,BEA11159C22FB041,classic_bike,2021-08-20 07:54:23,2021-08-20 08:09:51,E 88 St & 1 Ave,7235,E 48 St & 3 Ave,6541,40.778301,-73.9488134,40.7546011026,-73.971878855,member
2736446,9B55068BA40C8AFA,classic_bike,2021-08-05 17:30:58,2021-08-05 17:43:00,W 54 St & 9 Ave,6920,E 48 St & 3 Ave,6541,40.76584941,-73.98690506,40.7546011026,-73.971878855,member
2736469,F5E622DDFAC8C3DC,classic_bike,2021-08-06 17:01:44,2021-08-06 17:07:33,Lexington Ave & E 36 St,6313,E 48 St & 3 Ave,6541,40.7475739589548,-73.9788007736206,40.7546011026,-73.971878855,member
2736486,C7AC27322D1D7B05,classic_bike,2021-08-09 09:09:34,2021-08-09 09:22:46,1 Ave & E 78 St,7020,E 48 St & 3 Ave,6541,40.77140426,-73.9535166,40.7546011026,-73.971878855,member
2736502,BC5A329D245F1DEE,classic_bike,2021-08-25 09:45:09,2021-08-25 10:03:48,Columbus Ave & W 72 St,7175,E 48 St & 3 Ave,6541,40.7770575,-73.97898475,40.7546011026,-73.971878855,member
2736503,2D28F51B73A3E234,classic_bike,2021-08-04 09:20:35,2021-08-04 09:34:29,Columbus Ave & W 72 St,7175,E 48 St & 3 Ave,6541,40.7770575,-73.97898475,40.7546011026,-73.971878855,member
2736669,B1D0B0C620988CCE,classic_bike,2021-08-29 18:38:44,2021-08-29 19:06:03,Henry St & Grand St,5294,E 48 St & 3 Ave,6541,40.714211,-73.981095,40.7546011026,-73.971878855,member
2736672,EC9F20DA04DC93A8,classic_bike,2021-08-25 18:01:26,2021-08-25 18:14:17,E 30 St & Park Ave S,6206,E 48 St & 3 Ave,6541,40.74444921,-73.98303529,40.7546011026,-73.971878855,member
2736683,F1D5747144689631,electric_bike,2021-08-11 06:18:17,2021-08-11 06:23:51,W 37 St & 5 Ave,6398,E 48 St & 3 Ave,6541,40.75038009,-73.98338988,40.7546011026,-73.971878855,member
2736703,C7EEAF1CE0747E4C,electric_bike,2021-08-02 06:52:35,2021-08-02 07:27:05,Fulton St & Waverly Ave,4345,E 48 St & 3 Ave,6541,40.68323865460341,-73.96599590778351,40.7546011026,-73.971878855,member
2736715,9F134FF3B9109807,classic_bike,2021-08-30 00:26:02,2021-08-30 00:31:00,E 39 St & 2 Ave,6345,E 48 St & 3 Ave,6541,40.74803319428767,-73.973827958107,40.7546011026,-73.971878855,member
2736718,CEDD18D538EC35EB,electric_bike,2021-08-11 09:08:38,2021-08-11 09:32:27,W 15 St & 10 Ave,6115,E 48 St & 3 Ave,6541,40.74275382865903,-74.00747358798981,40.7546011026,-73.971878855,member
2736762,AA7338E3679906CF,classic_bike,2021-08-09 10:02:52,2021-08-09 10:15:29,Columbus Ave & W 72 St,7175,E 48 St & 3 Ave,6541,40.7770575,-73.97898475,40.7546011026,-73.971878855,member
2736763,FDA50D37E888338D,classic_bike,2021-08-10 09:08:42,2021-08-10 09:21:27,Columbus Ave & W 72 St,7175,E 48 St & 3 Ave,6541,40.7770575,-73.97898475,40.7546011026,-73.971878855,member
2736775,45F3E561B908576F,classic_bike,2021-08-08 16:58:27,2021-08-08 17:06:17,1 Ave & E 62 St,6753,E 48 St & 3 Ave,6541,40.7612274,-73.96094022,40.7546011026,-73.971878855,member
2736776,50F382A9C0EF4861,electric_bike,2021-08-24 10:36:38,2021-08-24 11:08:38,Riverside Dr & W 91 St,7524,E 48 St & 3 Ave,6541,40.79313480986663,-73.97700369358063,40.7546011026,-73.971878855,member
2736810,E801FAC3E68D8F78,classic_bike,2021-08-09 12:01:46,2021-08-09 12:05:46,E 56 St & 3 Ave,6691,E 48 St & 3 Ave,6541,40.75934501,-73.96759673,40.7546011026,-73.971878855,member
2736814,806E63B3EB97DBA8,electric_bike,2021-08-01 00:04:09,2021-08-01 00:07:57,E 56 St & 3 Ave,6691,E 48 St & 3 Ave,6541,40.75934501,-73.96759673,40.7546011026,-73.971878855,casual
2736817,B34FEDFDFA81264B,electric_bike,2021-08-18 14:51:27,2021-08-18 15:30:11,E 47 St & 2 Ave,6498,E 48 St & 3 Ave,6541,40.75323098,-73.97032517,40.7546011026,-73.971878855,casual
2736818,A26E73B3761A4528,electric_bike,2021-08-03 08:22:42,2021-08-03 08:46:58,Leonard St & Church St,5359,E 48 St & 3 Ave,6541,40.717571,-74.005549,40.7546011026,-73.971878855,member
2736828,111D344AF0694A81,classic_bike,2021-08-26 08:06:49,2021-08-26 08:15:16,W 49 St & 8 Ave,6747,E 48 St & 3 Ave,6541,40.76227205,-73.98788205,40.7546011026,-73.971878855,member
2736838,E7D0D8125671E079,classic_bike,2021-08-26 07:05:58,2021-08-26 07:21:04,W 21 St & 6 Ave,6140,E 48 St & 3 Ave,6541,40.74173969,-73.99415556,40.7546011026,-73.971878855,casual
2736839,CC796ABB4C756405,electric_bike,2021-08-14 03:30:05,2021-08-14 05:23:25,W 49 St & 8 Ave,6747,E 48 St & 3 Ave,6541,40.76227205,-73.98788205,40.7546011026,-73.971878855,casual
2736847,EA3D95DFF52A550D,classic_bike,2021-08-28 16:57:20,2021-08-28 17:13:21,W 31 St & 7 Ave,6331,E 48 St & 3 Ave,6541,40.749156,-73.9916,40.7546011026,-73.971878855,casual
2736852,1E1BD152B792A6AC,electric_bike,2021-08-23 10:32:58,2021-08-23 10:39:22,W 49 St & 8 Ave,6747,E 48 St & 3 Ave,6541,40.76227205,-73.98788205,40.7546011026,-73.971878855,member
2736857,BF6AE9E6A3F7A7A3,classic_bike,2021-08-05 09:24:34,2021-08-05 09:36:58,W 49 St & 8 Ave,6747,E 48 St & 3 Ave,6541,40.76227205,-73.98788205,40.7546011026,-73.971878855,member
2736858,3B5F843991EDDE0B,classic_bike,2021-08-01 01:25:53,2021-08-01 01:34:21,W 49 St & 8 Ave,6747,E 48 St & 3 Ave,6541,40.76227205,-73.98788205,40.7546011026,-73.971878855,member
2736861,DE290DD4AA22BFC0,classic_bike,2021-08-24 11:08:12,2021-08-24 11:15:24,W 49 St & 8 Ave,6747,E 48 St & 3 Ave,6541,40.76227205,-73.98788205,40.7546011026,-73.971878855,casual
2736878,8E6AF3E86951067F,classic_bike,2021-08-25 10:31:39,2021-08-25 10:41:33,W 49 St & 8 Ave,6747,E 48 St & 3 Ave,6541,40.76227205,-73.98788205,40.7546011026,-73.971878855,member
2736887,1562462D3A575D49,classic_bike,2021-08-19 07:06:52,2021-08-19 07:19:49,W 21 St & 6 Ave,6140,E 48 St & 3 Ave,6541,40.74173969,-73.99415556,40.7546011026,-73.971878855,casual
2736892,667384492C343696,classic_bike,2021-08-28 09:36:59,2021-08-28 09:49:14,W 21 St & 6 Ave,6140,E 48 St & 3 Ave,6541,40.74173969,-73.99415556,40.7546011026,-73.971878855,casual
2736893,B1B3067855F008CD,classic_bike,2021-08-20 06:10:55,2021-08-20 06:24:16,W 21 St & 6 Ave,6140,E 48 St & 3 Ave,6541,40.74173969,-73.99415556,40.7546011026,-73.971878855,casual
2736901,80D86A3510909D65,classic_bike,2021-08-17 17:43:58,2021-08-17 18:01:29,W 21 St & 6 Ave,6140,E 48 St & 3 Ave,6541,40.74173969,-73.99415556,40.7546011026,-73.971878855,casual
2736920,FD9CA623450DA3D6,classic_bike,2021-08-17 08:41:25,2021-08-17 08:51:08,W 49 St & 8 Ave,6747,E 48 St & 3 Ave,6541,40.76227205,-73.98788205,40.7546011026,-73.971878855,member
2736926,2854210287CEAF35,classic_bike,2021-08-09 07:55:29,2021-08-09 08:22:35,Jay St & York St,4895,E 48 St & 3 Ave,6541,40.70140317257725,-73.98672670125961,40.7546011026,-73.971878855,member
2736968,DCD8C1521AB41738,electric_bike,2021-08-04 10:47:40,2021-08-04 11:04:11,W 55 St & 6 Ave,6809,E 48 St & 3 Ave,6541,40.763189,-73.978434,40.7546011026,-73.971878855,member
2736969,083C13C3ADB90C09,classic_bike,2021-08-14 20:32:58,2021-08-14 20:49:32,W 55 St & 6 Ave,6809,E 48 St & 3 Ave,6541,40.763189,-73.978434,40.7546011026,-73.971878855,casual
2736973,494B0B9D59235B5A,classic_bike,2021-08-11 18:57:08,2021-08-11 18:58:59,E 50 St & Park Ave,6659,E 48 St & 3 Ave,6541,40.757334,-73.974235,40.7546011026,-73.971878855,casual
2736993,A51B6CAD4730EC7E,classic_bike,2021-08-14 12:41:41,2021-08-14 13:13:37,Leonard St & Church St,5359,E 48 St & 3 Ave,6541,40.717571,-74.005549,40.7546011026,-73.971878855,member
2737005,3A6AE242C61B5487,electric_bike,2021-08-15 14:48:46,2021-08-15 15:21:53,E 20 St & FDR Drive,5886,E 48 St & 3 Ave,6541,40.73314259,-73.97573881,40.7546011026,-73.971878855,member
2737054,03802A154F480EA4,classic_bike,2021-08-11 06:42:30,2021-08-11 06:48:22,6 Ave & W 45 St,6593,E 48 St & 3 Ave,6541,40.756951,-73.982631,40.7546011026,-73.971878855,member
2737060,C9C33B1EAB38D916,classic_bike,2021-08-18 08:52:26,2021-08-18 08:55:52,E 39 St & Lexington Ave,6389,E 48 St & 3 Ave,6541,40.7494985460252,-73.97729203113158,40.7546011026,-73.971878855,member
2737061,028BA16A65E69C68,classic_bike,2021-08-31 08:36:54,2021-08-31 08:40:38,E 39 St & Lexington Ave,6389,E 48 St & 3 Ave,6541,40.7494985460252,-73.97729203113158,40.7546011026,-73.971878855,member
2737068,C89845F616CF9F4F,classic_bike,2021-08-04 09:11:33,2021-08-04 09:16:50,6 Ave & W 45 St,6593,E 48 St & 3 Ave,6541,40.756951,-73.982631,40.7546011026,-73.971878855,member
2737078,25144DF6BA80D210,classic_bike,2021-08-02 16:28:47,2021-08-02 16:32:14,E 48 St & 3 Ave,6541,E 39 St & Lexington Ave,6389,40.7546011026,-73.971878855,40.7494985460252,-73.97729203113158,member
2737092,74EADBAC11584509,classic_bike,2021-08-26 16:07:29,2021-08-26 16:19:59,E 48 St & 3 Ave,6541,E 48 St & 3 Ave,6541,40.7546011026,-73.971878855,40.7546011026,-73.971878855,member
2737096,BE539B6D03704921,classic_bike,2021-08-06 21:27:38,2021-08-06 21:31:08,E 48 St & 3 Ave,6541,E 39 St & Lexington Ave,6389,40.7546011026,-73.971878855,40.7494985460252,-73.97729203113158,member
2737121,1B69239D06362922,electric_bike,2021-08-25 20:37:08,2021-08-25 20:37:29,E 48 St & 3 Ave,6541,E 48 St & 3 Ave,6541,40.7546011026,-73.971878855,40.7546011026,-73.971878855,member
2737122,14FC87BF5595045A,electric_bike,2021-08-14 04:47:22,2021-08-14 04:48:57,E 48 St & 3 Ave,6541,E 48 St & 3 Ave,6541,40.7546011026,-73.971878855,40.7546011026,-73.971878855,member
2737125,1DEAB31F8B88CBB0,classic_bike,2021-08-31 15:26:15,2021-08-31 15:56:55,E 114 St & 1 Ave,7540,E 48 St & 3 Ave,6541,40.7945663,-73.9362541,40.7546011026,-73.971878855,member
2737126,76CE3606945D6E15,classic_bike,2021-08-31 14:00:17,2021-08-31 14:30:38,E 48 St & 3 Ave,6541,E 114 St & 1 Ave,7540,40.7546011026,-73.971878855,40.7945663,-73.9362541,member
2737141,3BA641B93BE62DAA,classic_bike,2021-08-05 03:06:56,2021-08-05 03:14:26,E 48 St & 3 Ave,6541,6 Ave & W 45 St,6593,40.7546011026,-73.971878855,40.756951,-73.982631,casual
2737142,6F596EF5A483CC27,classic_bike,2021-08-05 02:54:15,2021-08-05 02:59:53,6 Ave & W 45 St,6593,E 48 St & 3 Ave,6541,40.756951,-73.982631,40.7546011026,-73.971878855,casual
2737150,CCAD8B88A3530D22,classic_bike,2021-08-12 20:47:57,2021-08-12 20:53:04,E 39 St & Lexington Ave,6389,E 48 St & 3 Ave,6541,40.7494985460252,-73.97729203113158,40.7546011026,-73.971878855,member
2737159,A0CDB6CB370A5F19,electric_bike,2021-08-23 12:09:03,2021-08-23 12:15:15,E 39 St & Lexington Ave,6389,E 48 St & 3 Ave,6541,40.7494985460252,-73.97729203113158,40.7546011026,-73.971878855,member
2737160,F1CF277DEAD79766,electric_bike,2021-08-23 12:16:57,2021-08-23 12:20:12,E 48 St & 3 Ave,6541,E 48 St & 3 Ave,6541,40.7546011026,-73.971878855,40.7546011026,-73.971878855,member
2737169,E01EE548F72FBE70,classic_bike,2021-08-29 09:49:14,2021-08-29 09:50:01,E 48 St & 3 Ave,6541,E 48 St & 3 Ave,6541,40.7546011026,-73.971878855,40.7546011026,-73.971878855,member
2737179,0509E25D26CAD70D,classic_bike,2021-08-31 12:15:05,2021-08-31 12:15:07,E 48 St & 3 Ave,6541,E 48 St & 3 Ave,6541,40.7546011026,-73.971878855,40.7546011026,-73.971878855,member
2737193,A126B7E07D6B0DC3,electric_bike,2021-08-23 12:40:25,2021-08-23 12:41:02,E 48 St & 3 Ave,6541,E 48 St & 3 Ave,6541,40.7546011026,-73.971878855,40.7546011026,-73.971878855,member
2737195,564632D234EE27C3,classic_bike,2021-08-31 17:03:29,2021-08-31 17:04:00,E 48 St & 3 Ave,6541,E 48 St & 3 Ave,6541,40.7546011026,-73.971878855,40.7546011026,-73.971878855,member
2737197,E9CB893E8CA7F73B,classic_bike,2021-08-03 18:08:51,2021-08-03 18:20:15,E 48 St & 3 Ave,6541,E 39 St & Lexington Ave,6389,40.7546011026,-73.971878855,40.7494985460252,-73.97729203113158,member
2737204,80D15E1A938D05BE,classic_bike,2021-08-17 08:42:31,2021-08-17 08:45:42,E 48 St & 3 Ave,6541,E 39 St & Lexington Ave,6389,40.7546011026,-73.971878855,40.7494985460252,-73.97729203113158,member
2737219,CA9B87CB0FAF06E0,classic_bike,2021-08-12 17:44:27,2021-08-12 17:57:45,E 48 St & 3 Ave,6541,E 81 St & 2 Ave,7121,40.7546011026,-73.971878855,40.77477944895728,-73.95427465438843,member
2737224,452278614F6970A7,classic_bike,2021-08-11 18:15:31,2021-08-11 18:36:22,E 48 St & 3 Ave,6541,1 Ave & E 6 St,5626,40.7546011026,-73.971878855,40.72633085971696,-73.98616880178452,casual
2737236,BD96CAE839C75B12,classic_bike,2021-08-13 16:46:41,2021-08-13 16:46:57,E 48 St & 3 Ave,6541,E 48 St & 3 Ave,6541,40.7546011026,-73.971878855,40.7546011026,-73.971878855,casual
2737258,9C6A929841AE4CBA,classic_bike,2021-08-17 05:50:25,2021-08-17 06:02:59,E 81 St & 2 Ave,7121,E 48 St & 3 Ave,6541,40.77477944895728,-73.95427465438843,40.7546011026,-73.971878855,member
2737277,2420C1E0E9DC0122,electric_bike,2021-08-15 01:32:15,2021-08-15 02:16:34,E 48 St & 3 Ave,6541,E 48 St & 3 Ave,6541,40.7546011026,-73.971878855,40.7546011026,-73.971878855,member
2737287,A387C65C6741D21B,classic_bike,2021-08-18 10:59:58,2021-08-18 11:00:10,E 48 St & 3 Ave,6541,E 48 St & 3 Ave,6541,40.7546011026,-73.971878855,40.7546011026,-73.971878855,member
2737289,58EF6684D391968C,classic_bike,2021-08-25 08:35:58,2021-08-25 08:39:31,E 39 St & Lexington Ave,6389,E 48 St & 3 Ave,6541,40.7494985460252,-73.97729203113158,40.7546011026,-73.971878855,member
2737319,43788D137C7D834C,electric_bike,2021-08-17 11:13:08,2021-08-17 11:23:41,Madison Av & E 51 St,6659,E 48 St & 3 Ave,6541,40.75863,-73.97513,40.7546011026,-73.971878855,casual
2737342,28EBC4DF56BD81B6,classic_bike,2021-08-31 10:00:01,2021-08-31 10:08:21,W 49 St & 8 Ave,6747,E 48 St & 3 Ave,6541,40.76227205,-73.98788205,40.7546011026,-73.971878855,member
2737343,AC7FB5EB408A00F0,classic_bike,2021-08-12 17:25:14,2021-08-12 17:33:13,W 49 St & 8 Ave,6747,E 48 St & 3 Ave,6541,40.76227205,-73.98788205,40.7546011026,-73.971878855,member
2737353,86E9028718D9C873,classic_bike,2021-08-18 17:25:06,2021-08-18 17:36:18,W 49 St & 8 Ave,6747,E 48 St & 3 Ave,6541,40.76227205,-73.98788205,40.7546011026,-73.971878855,member
2737383,F56029AFF1254EDA,classic_bike,2021-08-18 14:44:42,2021-08-18 15:04:50,Broadway & W 29 St,6289,E 48 St & 3 Ave,6541,40.7462009,-73.98855723,40.7546011026,-73.971878855,member
2737395,AAB3B5AF31DB1437,classic_bike,2021-08-24 10:19:45,2021-08-24 10:39:50,E 11 St & Avenue B,5659,E 48 St & 3 Ave,6541,40.72746420692392,-73.97950418293476,40.7546011026,-73.971878855,member
2737396,5D9B6147C88F152D,classic_bike,2021-08-14 10:09:46,2021-08-14 10:27:35,E 11 St & Avenue B,5659,E 48 St & 3 Ave,6541,40.72746420692392,-73.97950418293476,40.7546011026,-73.971878855,member
2737397,02BACA1EF76D5FDA,classic_bike,2021-08-13 10:02:07,2021-08-13 10:22:34,E 11 St & Avenue B,5659,E 48 St & 3 Ave,6541,40.72746420692392,-73.97950418293476,40.7546011026,-73.971878855,member
2737422,F50E4F5493DA6AA8,classic_bike,2021-08-26 08:53:19,2021-08-26 08:56:56,1 Ave & E 44 St,6379,E 48 St & 3 Ave,6541,40.75001986,-73.96905301,40.7546011026,-73.971878855,member
2737428,84DD028734ADB8B8,electric_bike,2021-08-16 06:26:39,2021-08-16 06:37:27,W 70 St & Amsterdam Ave,7207,E 48 St & 3 Ave,6541,40.77748046,-73.98288594,40.7546011026,-73.971878855,member
2737430,F1CB17756C9A783C,classic_bike,2021-08-18 18:14:33,2021-08-18 18:24:28,6 Ave & W 33 St,6364,E 48 St & 3 Ave,6541,40.74901271,-73.98848395,40.7546011026,-73.971878855,member
2737466,A13C1B7008B8D78F,electric_bike,2021-08-10 16:40:56,2021-08-10 17:06:25,Adam Clayton Powell Blvd & W 115 St,7643,E 48 St & 3 Ave,6541,40.802535,-73.9532423,40.7546011026,-73.971878855,member
2737501,C217E67FEE22272A,classic_bike,2021-08-01 00:48:19,2021-08-01 01:23:25,Grand St & Havemeyer St,5267,E 48 St & 3 Ave,6541,40.71286844,-73.95698119,40.7546011026,-73.971878855,member
2737532,D98BEC4C4DAE3980,classic_bike,2021-08-06 07:34:50,2021-08-06 07:41:04,E 68 St & 3 Ave,6896,E 48 St & 3 Ave,6541,40.76712840349542,-73.96224617958069,40.7546011026,-73.971878855,member
2737533,9842831148EF3F1F,electric_bike,2021-08-12 07:21:48,2021-08-12 07:27:30,E 68 St & 3 Ave,6896,E 48 St & 3 Ave,6541,40.76712840349542,-73.96224617958069,40.7546011026,-73.971878855,member
2737537,56A0FAB72D4D2A14,electric_bike,2021-08-29 15:57:19,2021-08-29 16:09:18,5 Ave & E 72 St,7100,E 48 St & 3 Ave,6541,40.77282817,-73.96685276,40.7546011026,-73.971878855,member
2737577,00BAD05A6CC7F5F0,classic_bike,2021-08-29 16:52:30,2021-08-29 17:21:00,Allen St & Stanton St,5484,E 48 St & 3 Ave,6541,40.722055,-73.989111,40.7546011026,-73.971878855,casual
2737583,4E9819ACF9D4B5CC,classic_bike,2021-08-20 09:08:31,2021-08-20 09:31:20,Gansevoort St & Hudson St,6072,E 48 St & 3 Ave,6541,40.73944820130404,-74.00507032871246,40.7546011026,-73.971878855,member
2737654,814079F00F5F2550,classic_bike,2021-08-11 15:36:28,2021-08-11 15:50:54,Central Park S & 6 Ave,6876,E 48 St & 3 Ave,6541,40.76590936,-73.97634151,40.7546011026,-73.971878855,member
2737660,88E45C5431FF0CDF,classic_bike,2021-08-15 16:40:43,2021-08-15 17:06:50,Broadway & E 21 St,6098,E 48 St & 3 Ave,6541,40.73988840858996,-73.98958593606949,40.7546011026,-73.971878855,casual
2737661,DEF87C2C2B022908,classic_bike,2021-08-23 14:25:46,2021-08-23 14:36:21,Central Park S & 6 Ave,6876,E 48 St & 3 Ave,6541,40.76590936,-73.97634151,40.7546011026,-73.971878855,casual
2737671,46D8023B673268C4,electric_bike,2021-08-06 09:50:05,2021-08-06 10:08:06,Broadway & E 21 St,6098,E 48 St & 3 Ave,6541,40.73988840858996,-73.98958593606949,40.7546011026,-73.971878855,casual
2737673,ACF9E5722636DCCF,classic_bike,2021-08-14 20:23:20,2021-08-14 20:37:54,Broadway & E 21 St,6098,E 48 St & 3 Ave,6541,40.73988840858996,-73.98958593606949,40.7546011026,-73.971878855,casual
2737730,A6F031DAF6F59719,classic_bike,2021-08-17 06:19:06,2021-08-17 06:30:26,Broadway & W 36 St,6441,E 48 St & 3 Ave,6541,40.75097711,-73.98765428,40.7546011026,-73.971878855,member
2737768,3B2F009AFD3B159A,classic_bike,2021-08-19 09:47:02,2021-08-19 09:58:38,1 Ave & E 68 St,6822,E 48 St & 3 Ave,6541,40.76500525,-73.95818491,40.7546011026,-73.971878855,member
2737786,5EA577E44DD22E4E,classic_bike,2021-08-07 22:26:24,2021-08-07 22:40:14,Madison Ave & E 26 St,6131,E 48 St & 3 Ave,6541,40.742684734875695,-73.98671329021454,40.7546011026,-73.971878855,casual
2737789,458118F8932007B2,electric_bike,2021-08-19 09:04:49,2021-08-19 09:12:38,1 Ave & E 68 St,6822,E 48 St & 3 Ave,6541,40.76500525,-73.95818491,40.7546011026,-73.971878855,member
2737794,E0A71E3B47CDFA21,classic_bike,2021-08-18 08:30:25,2021-08-18 08:39:50,1 Ave & E 68 St,6822,E 48 St & 3 Ave,6541,40.76500525,-73.95818491,40.7546011026,-73.971878855,member
2737795,C852638A2339385B,classic_bike,2021-08-24 08:30:47,2021-08-24 08:39:16,1 Ave & E 68 St,6822,E 48 St & 3 Ave,6541,40.76500525,-73.95818491,40.7546011026,-73.971878855,member
2737806,FF8059262F5F456A,classic_bike,2021-08-26 08:36:09,2021-08-26 08:39:43,E 39 St & Lexington Ave,6389,E 48 St & 3 Ave,6541,40.7494985460252,-73.97729203113158,40.7546011026,-73.971878855,member
2737808,00DD96B6B113D0CB,classic_bike,2021-08-14 18:30:03,2021-08-14 18:33:37,E 39 St & Lexington Ave,6389,E 48 St & 3 Ave,6541,40.7494985460252,-73.97729203113158,40.7546011026,-73.971878855,member
2737811,D5C57BCC2A84A84A,classic_bike,2021-08-21 04:56:32,2021-08-21 05:08:06,E 48 St & 3 Ave,6541,6 Ave & W 45 St,6593,40.7546011026,-73.971878855,40.756951,-73.982631,member
2737815,9BD593A4EECD50AC,classic_bike,2021-08-04 10:56:27,2021-08-04 11:01:11,E 39 St & Lexington Ave,6389,E 48 St & 3 Ave,6541,40.7494985460252,-73.97729203113158,40.7546011026,-73.971878855,member
2737818,3045577DABD7DEB1,classic_bike,2021-08-16 06:43:44,2021-08-16 06:49:36,6 Ave & W 45 St,6593,E 48 St & 3 Ave,6541,40.756951,-73.982631,40.7546011026,-73.971878855,member
2737824,D371B7C00ED6EDF9,classic_bike,2021-08-13 06:36:05,2021-08-13 06:40:40,6 Ave & W 45 St,6593,E 48 St & 3 Ave,6541,40.756951,-73.982631,40.7546011026,-73.971878855,member
2737831,2CEB7CB920E3FBAA,classic_bike,2021-08-31 21:02:56,2021-08-31 21:44:59,E 48 St & 3 Ave,6541,E 48 St & 3 Ave,6541,40.7546011026,-73.971878855,40.7546011026,-73.971878855,member
2737840,38A613BF250AF7B7,electric_bike,2021-08-10 08:01:51,2021-08-10 08:36:28,E 48 St & 3 Ave,6541,E 81 St & 2 Ave,7121,40.7546011026,-73.971878855,40.77477944895728,-73.95427465438843,member
2737852,B539D761B6C8B592,classic_bike,2021-08-24 08:33:35,2021-08-24 08:37:03,E 39 St & Lexington Ave,6389,E 48 St & 3 Ave,6541,40.7494985460252,-73.97729203113158,40.7546011026,-73.971878855,member
2737859,C29D4D1365BC330F,electric_bike,2021-08-18 10:16:59,2021-08-18 10:20:12,E 48 St & 3 Ave,6541,E 48 St & 3 Ave,6541,40.7546011026,-73.971878855,40.7546011026,-73.971878855,casual
2737876,F2074E44FA174AC3,classic_bike,2021-08-18 00:31:17,2021-08-18 00:41:51,8 Ave & W 38 St,6526,E 48 St & 3 Ave,6541,40.75461,-73.99177,40.7546011026,-73.971878855,casual
2737900,1599657BF790B0AF,classic_bike,2021-08-30 00:25:48,2021-08-30 00:31:37,E 39 St & 2 Ave,6345,E 48 St & 3 Ave,6541,40.74803319428767,-73.973827958107,40.7546011026,-73.971878855,member
2737902,7396F77514239DDA,classic_bike,2021-08-03 09:25:47,2021-08-03 09:39:24,W 31 St & 7 Ave,6331,E 48 St & 3 Ave,6541,40.749156,-73.9916,40.7546011026,-73.971878855,member
2737906,6F60A7ABF296E6A7,electric_bike,2021-08-11 09:37:21,2021-08-11 09:51:07,Amsterdam Ave & W 73 St,7260,E 48 St & 3 Ave,6541,40.77966809007312,-73.98093044757842,40.7546011026,-73.971878855,casual
2737918,2716DA0AB5278538,classic_bike,2021-08-10 18:30:05,2021-08-10 18:47:59,5 Ave & E 29 St,6248,E 48 St & 3 Ave,6541,40.7451677,-73.98683077,40.7546011026,-73.971878855,member
2737995,6B460844B5BDD5D6,classic_bike,2021-08-20 08:33:30,2021-08-20 09:06:18,Spruce St & Nassau St,5137,E 48 St & 3 Ave,6541,40.71146364,-74.00552427,40.7546011026,-73.971878855,member
2737996,21977C7074A17690,classic_bike,2021-08-16 08:29:43,2021-08-16 08:58:38,Spruce St & Nassau St,5137,E 48 St & 3 Ave,6541,40.71146364,-74.00552427,40.7546011026,-73.971878855,member
2737999,F0D15B3308FD9615,classic_bike,2021-08-04 07:34:04,2021-08-04 08:04:51,Spruce St & Nassau St,5137,E 48 St & 3 Ave,6541,40.71146364,-74.00552427,40.7546011026,-73.971878855,member
2738043,BE77B7DF2AB0802F,classic_bike,2021-08-19 09:58:21,2021-08-19 10:26:07,Vernon Blvd & 10 St,6937,E 48 St & 3 Ave,6541,40.7671863,-73.9373554,40.7546011026,-73.971878855,member
2738054,81738FBCAB8EDE29,classic_bike,2021-08-17 08:46:53,2021-08-17 08:57:04,2 Ave & E 72 St,6925,E 48 St & 3 Ave,6541,40.7687620293096,-73.95840793848038,40.7546011026,-73.971878855,member
2738084,5BEC80D9835DDC07,electric_bike,2021-08-18 09:28:06,2021-08-18 09:45:03,1 Ave & E 94 St,7286,E 48 St & 3 Ave,6541,40.7817212,-73.94594,40.7546011026,-73.971878855,member
2738106,BDB4EB405364597D,classic_bike,2021-08-17 06:13:59,2021-08-17 06:24:04,6 Ave & W 34 St,6364,E 48 St & 3 Ave,6541,40.74964,-73.98805,40.7546011026,-73.971878855,member
2738121,978809A83A01896F,electric_bike,2021-08-16 15:19:00,2021-08-16 15:23:38,Madison Av & E 51 St,6659,E 48 St & 3 Ave,6541,40.75863,-73.97513,40.7546011026,-73.971878855,member
2738131,A72E9CEA69323BE8,classic_bike,2021-08-20 12:05:16,2021-08-20 12:08:08,Madison Av & E 51 St,6659,E 48 St & 3 Ave,6541,40.75863,-73.97513,40.7546011026,-73.971878855,member
2738149,CDC24DDDB1C1A60D,classic_bike,2021-08-17 07:13:04,2021-08-17 07:25:54,Broadway & W 41 St,6560,E 48 St & 3 Ave,6541,40.75513557,-73.98658032,40.7546011026,-73.971878855,member
2738152,1CAA194555E04D60,classic_bike,2021-08-20 23:31:05,2021-08-21 01:03:49,Broadway & W 41 St,6560,E 48 St & 3 Ave,6541,40.75513557,-73.98658032,40.7546011026,-73.971878855,casual
2738159,69D04E754ACE68AB,classic_bike,2021-08-16 07:08:27,2021-08-16 07:24:10,W 21 St & 6 Ave,6140,E 48 St & 3 Ave,6541,40.74173969,-73.99415556,40.7546011026,-73.971878855,casual
2738190,CB353095C2F18E1E,electric_bike,2021-08-11 08:47:20,2021-08-11 08:54:08,W 49 St & 8 Ave,6747,E 48 St & 3 Ave,6541,40.76227205,-73.98788205,40.7546011026,-73.971878855,member
2738191,69D305654C6ADFAD,classic_bike,2021-08-12 08:30:12,2021-08-12 08:40:51,W 49 St & 8 Ave,6747,E 48 St & 3 Ave,6541,40.76227205,-73.98788205,40.7546011026,-73.971878855,member
2738193,6F77D28285D51D4A,electric_bike,2021-08-14 14:34:22,2021-08-14 14:43:18,W 49 St & 8 Ave,6747,E 48 St & 3 Ave,6541,40.76227205,-73.98788205,40.7546011026,-73.971878855,casual
2738219,ED98DB75FD255A85,electric_bike,2021-08-04 10:50:43,2021-08-04 10:58:34,W 54 St & 9 Ave,6920,E 48 St & 3 Ave,6541,40.76584941,-73.98690506,40.7546011026,-73.971878855,member
2738233,28F733136F6B12AC,classic_bike,2021-08-27 09:47:00,2021-08-27 10:05:40,E 13 St & 2 Ave,5820,E 48 St & 3 Ave,6541,40.73153937464073,-73.9853024482727,40.7546011026,-73.971878855,member
2738236,DA2FC96786257DE5,classic_bike,2021-08-09 08:08:32,2021-08-09 08:28:21,West End Ave & W 60 St,7059,E 48 St & 3 Ave,6541,40.77237,-73.99005,40.7546011026,-73.971878855,member
2738250,B8B4395DECBFA337,electric_bike,2021-08-06 21:43:46,2021-08-06 21:55:06,E 13 St & 2 Ave,5820,E 48 St & 3 Ave,6541,40.73153937464073,-73.9853024482727,40.7546011026,-73.971878855,casual
2738256,1FEE3703FA22E2A3,classic_bike,2021-08-10 09:34:46,2021-08-10 09:52:09,E 13 St & 2 Ave,5820,E 48 St & 3 Ave,6541,40.73153937464073,-73.9853024482727,40.7546011026,-73.971878855,member
2738263,4251313225B84381,classic_bike,2021-08-03 16:39:06,2021-08-03 16:44:43,W 47 St & 6 Ave,6667,E 48 St & 3 Ave,6541,40.758397,-73.98255,40.7546011026,-73.971878855,member
2738310,AFFB87F41DAFA6AB,classic_bike,2021-08-17 09:38:39,2021-08-17 09:45:40,1 Ave & E 39 St,6303,E 48 St & 3 Ave,6541,40.74714,-73.97113,40.7546011026,-73.971878855,casual
2738311,3B92F6D0323AE6A5,classic_bike,2021-08-18 07:53:28,2021-08-18 08:00:33,1 Ave & E 39 St,6303,E 48 St & 3 Ave,6541,40.74714,-73.97113,40.7546011026,-73.971878855,casual
2738318,EA586AEC76C877D2,classic_bike,2021-08-25 07:42:16,2021-08-25 07:48:30,1 Ave & E 39 St,6303,E 48 St & 3 Ave,6541,40.74714,-73.97113,40.7546011026,-73.971878855,casual
2738334,D51CD7F58A7172DD,electric_bike,2021-08-07 01:03:00,2021-08-07 01:06:26,1 Ave & E 39 St,6303,E 48 St & 3 Ave,6541,40.74714,-73.97113,40.7546011026,-73.971878855,member
2738349,7BEDB2B0540BC1C3,classic_bike,2021-08-21 07:32:54,2021-08-21 07:39:01,1 Ave & E 39 St,6303,E 48 St & 3 Ave,6541,40.74714,-73.97113,40.7546011026,-73.971878855,casual
2738366,7E8F51B07537D116,classic_bike,2021-08-03 18:07:27,2021-08-03 18:21:07,Amsterdam Ave & W 66 St,7149,E 48 St & 3 Ave,6541,40.7746671,-73.98470567,40.7546011026,-73.971878855,member
2738394,CD0106B3065C2D4F,classic_bike,2021-08-24 09:44:58,2021-08-24 09:48:39,E 39 St & Lexington Ave,6389,E 48 St & 3 Ave,6541,40.7494985460252,-73.97729203113158,40.7546011026,-73.971878855,member
2738411,80A7BDBCD9ABE44D,classic_bike,2021-08-17 14:07:21,2021-08-17 14:35:05,E 48 St & 3 Ave,6541,E 48 St & 3 Ave,6541,40.7546011026,-73.971878855,40.7546011026,-73.971878855,member
2738412,57F4089105B004C3,classic_bike,2021-08-19 10:23:05,2021-08-19 11:08:28,E 48 St & 3 Ave,6541,E 48 St & 3 Ave,6541,40.7546011026,-73.971878855,40.7546011026,-73.971878855,member
2738428,1E0118D9D30E80E4,classic_bike,2021-08-04 09:44:03,2021-08-04 09:47:40,E 48 St & 3 Ave,6541,E 39 St & Lexington Ave,6389,40.7546011026,-73.971878855,40.7494985460252,-73.97729203113158,member
2738429,CD95443F092F96B8,classic_bike,2021-08-04 11:12:36,2021-08-04 11:15:29,E 48 St & 3 Ave,6541,E 48 St & 3 Ave,6541,40.7546011026,-73.971878855,40.7546011026,-73.971878855,member
2738466,8A58DD40A60FAA9F,docked_bike,2021-08-30 17:14:10,2021-08-30 17:44:09,5 Ave & E 87 St,7323,E 48 St & 3 Ave,6541,40.782323,-73.959875,40.754601,-73.971879,casual
2738523,EF8E100E79869DB0,classic_bike,2021-08-17 20:11:59,2021-08-17 21:56:46,E 47 St & 2 Ave,6498,E 48 St & 3 Ave,6541,40.75323098,-73.97032517,40.7546011026,-73.971878855,casual
2738532,44F0871500735AF3,classic_bike,2021-08-11 22:24:07,2021-08-11 22:27:47,E 47 St & 2 Ave,6498,E 48 St & 3 Ave,6541,40.75323098,-73.97032517,40.7546011026,-73.971878855,member
2738537,4B22CFD40EF3EE1A,classic_bike,2021-08-17 11:40:35,2021-08-17 11:57:50,E 84 St & 1 Ave,7180,E 48 St & 3 Ave,6541,40.77565541,-73.95068615,40.7546011026,-73.971878855,member
2738548,B6301483A301CCB3,classic_bike,2021-08-12 18:33:41,2021-08-12 18:43:52,W 45 St & 8 Ave,6676,E 48 St & 3 Ave,6541,40.75929124,-73.98859651,40.7546011026,-73.971878855,member
2738573,B51C5F041E24F634,classic_bike,2021-08-12 10:05:15,2021-08-12 10:10:58,E 56 St & 3 Ave,6691,E 48 St & 3 Ave,6541,40.75934501,-73.96759673,40.7546011026,-73.971878855,member
2738578,091F0FA90B17EFDF,classic_bike,2021-08-27 09:11:43,2021-08-27 09:17:16,E 56 St & 3 Ave,6691,E 48 St & 3 Ave,6541,40.75934501,-73.96759673,40.7546011026,-73.971878855,member
2738590,0DCAE615668DBB46,classic_bike,2021-08-12 12:17:42,2021-08-12 12:23:17,E 56 St & 3 Ave,6691,E 48 St & 3 Ave,6541,40.75934501,-73.96759673,40.7546011026,-73.971878855,member
2738593,D5350ECB3616B877,classic_bike,2021-08-11 12:42:00,2021-08-11 12:48:38,E 56 St & 3 Ave,6691,E 48 St & 3 Ave,6541,40.75934501,-73.96759673,40.7546011026,-73.971878855,member
2738609,A31D3A27D11D7463,classic_bike,2021-08-18 10:19:51,2021-08-18 10:45:49,Riverside Dr & W 82 St,7388,E 48 St & 3 Ave,6541,40.78720869,-73.98128127,40.7546011026,-73.971878855,member
2738661,355DAE11EFE3CE15,classic_bike,2021-08-21 16:28:19,2021-08-21 16:39:22,Broadway & W 37 St,6441,E 48 St & 3 Ave,6541,40.75172632,-73.98753523,40.7546011026,-73.971878855,member
2738666,FAFF0E4C36482961,electric_bike,2021-08-16 10:50:23,2021-08-16 11:00:44,Avenue C & E 18 St,5769,E 48 St & 3 Ave,6541,40.730563,-73.973984,40.7546011026,-73.971878855,member
2738697,698A982BC18E085B,classic_bike,2021-08-04 19:33:16,2021-08-04 20:02:00,Broadway & W 25 St,6173,E 48 St & 3 Ave,6541,40.74286877312112,-73.98918628692627,40.7546011026,-73.971878855,casual
2738706,60C35A519C1B0FAC,classic_bike,2021-08-11 09:02:46,2021-08-11 09:24:59,W 90 St & Amsterdam Ave,7432,E 48 St & 3 Ave,6541,40.79017948095081,-73.97288918495178,40.7546011026,-73.971878855,member
2738742,3B5AA9CA3A95BB8A,classic_bike,2021-08-09 08:37:31,2021-08-09 08:47:42,1 Ave & E 68 St,6822,E 48 St & 3 Ave,6541,40.76500525,-73.95818491,40.7546011026,-73.971878855,member
2738749,D74CB70BD5A4BFD3,electric_bike,2021-08-03 08:22:07,2021-08-03 08:29:15,1 Ave & E 68 St,6822,E 48 St & 3 Ave,6541,40.76500525,-73.95818491,40.7546011026,-73.971878855,member
2738750,0C2B3A7ECF7D0A59,electric_bike,2021-08-30 08:30:23,2021-08-30 08:38:59,1 Ave & E 68 St,6822,E 48 St & 3 Ave,6541,40.76500525,-73.95818491,40.7546011026,-73.971878855,member
2738810,75B447AFEBE757D9,classic_bike,2021-08-01 12:26:16,2021-08-01 12:46:04,Christopher St & Greenwich St,5847,E 48 St & 3 Ave,6541,40.73291553,-74.00711384,40.7546011026,-73.971878855,casual
2738835,2940CB3B2C35EC7B,classic_bike,2021-08-19 08:47:38,2021-08-19 08:58:37,W 49 St & 8 Ave,6747,E 48 St & 3 Ave,6541,40.76227205,-73.98788205,40.7546011026,-73.971878855,member
2738837,7814B3264533CCC6,classic_bike,2021-08-20 17:46:58,2021-08-20 17:58:59,W 21 St & 6 Ave,6140,E 48 St & 3 Ave,6541,40.74173969,-73.99415556,40.7546011026,-73.971878855,member
2738839,CA2B81B90F2A4061,classic_bike,2021-08-25 08:44:49,2021-08-25 08:54:16,W 49 St & 8 Ave,6747,E 48 St & 3 Ave,6541,40.76227205,-73.98788205,40.7546011026,-73.971878855,member
2738841,6EEF51F8E2FBB5DE,classic_bike,2021-08-10 18:25:45,2021-08-10 18:38:09,W 49 St & 8 Ave,6747,E 48 St & 3 Ave,6541,40.76227205,-73.98788205,40.7546011026,-73.971878855,casual
2738843,06B0C38E12D5DC2E,classic_bike,2021-08-28 21:18:00,2021-08-28 21:36:46,W 49 St & 8 Ave,6747,E 48 St & 3 Ave,6541,40.76227205,-73.98788205,40.7546011026,-73.971878855,casual
2738855,144D73410C795AB9,classic_bike,2021-08-29 22:03:45,2021-08-29 22:28:24,Cleveland Pl & Spring St,5492,E 48 St & 3 Ave,6541,40.722103786686034,-73.99724900722504,40.7546011026,-73.971878855,member
2738883,0A53DA984DAE36A2,classic_bike,2021-08-25 20:21:59,2021-08-25 20:29:58,Broadway & W 41 St,6560,E 48 St & 3 Ave,6541,40.75513557,-73.98658032,40.7546011026,-73.971878855,member
2738889,C8106E9D16973392,electric_bike,2021-08-10 09:20:06,2021-08-10 09:25:50,W 49 St & 8 Ave,6747,E 48 St & 3 Ave,6541,40.76227205,-73.98788205,40.7546011026,-73.971878855,member
2738905,84CEA409DA7400C1,electric_bike,2021-08-18 18:00:03,2021-08-18 18:34:22,W 34 St & 11 Ave,6578,E 48 St & 3 Ave,6541,40.75594159,-74.0021163,40.7546011026,-73.971878855,member
2738908,3BE2AA22226B39C4,classic_bike,2021-08-16 16:04:51,2021-08-16 16:20:43,W 37 St & 10 Ave,6611,E 48 St & 3 Ave,6541,40.75660359,-73.9979009,40.7546011026,-73.971878855,casual
2738929,AFA8002F9094E935,classic_bike,2021-08-05 07:17:35,2021-08-05 07:29:42,Lexington Ave & E 24 St,6089,E 48 St & 3 Ave,6541,40.74025878,-73.98409214,40.7546011026,-73.971878855,member
2738930,24943A9F7F9E1661,classic_bike,2021-08-18 09:16:44,2021-08-18 09:34:09,E 13 St & 2 Ave,5820,E 48 St & 3 Ave,6541,40.73153937464073,-73.9853024482727,40.7546011026,-73.971878855,member
2738931,752022791B05636E,classic_bike,2021-08-25 09:51:40,2021-08-25 10:08:46,E 13 St & 2 Ave,5820,E 48 St & 3 Ave,6541,40.73153937464073,-73.9853024482727,40.7546011026,-73.971878855,member
2738942,C9284D4EDB25BE75,electric_bike,2021-08-11 08:42:25,2021-08-11 09:10:46,Hudson St & Reade St,5359,E 48 St & 3 Ave,6541,40.71625008,-74.0091059,40.7546011026,-73.971878855,member
2738970,E01A6F365ADF0CBE,classic_bike,2021-08-27 15:38:30,2021-08-27 15:51:57,E 13 St & 2 Ave,5820,E 48 St & 3 Ave,6541,40.73153937464073,-73.9853024482727,40.7546011026,-73.971878855,member
2739007,5E95A2EB8D9BBF19,classic_bike,2021-08-10 09:14:57,2021-08-10 09:19:41,1 Ave & E 44 St,6379,E 48 St & 3 Ave,6541,40.75001986,-73.96905301,40.7546011026,-73.971878855,member
2739010,EF646E4D3F33857E,classic_bike,2021-08-10 08:19:30,2021-08-10 08:30:53,2 Ave & E 72 St,6925,E 48 St & 3 Ave,6541,40.7687620293096,-73.95840793848038,40.7546011026,-73.971878855,member
2739015,46ADA616082DC2B5,electric_bike,2021-08-24 09:42:49,2021-08-24 09:55:37,W 56 St & 10 Ave,6955,E 48 St & 3 Ave,6541,40.768254,-73.988639,40.7546011026,-73.971878855,member
2739024,840FEC9B49E78DDC,electric_bike,2021-08-10 08:44:59,2021-08-10 09:09:27,Park Pl & Church St,5288,E 48 St & 3 Ave,6541,40.71334184275907,-74.00935515761375,40.7546011026,-73.971878855,member
2739025,D820426FA93CB7D6,classic_bike,2021-08-10 07:50:08,2021-08-10 07:57:43,2 Ave & E 72 St,6925,E 48 St & 3 Ave,6541,40.7687620293096,-73.95840793848038,40.7546011026,-73.971878855,member
2739027,6113CAFFFC9A9A6E,classic_bike,2021-08-05 11:48:15,2021-08-05 11:57:24,Broadway & W 58 St,6948,E 48 St & 3 Ave,6541,40.76695317,-73.98169333,40.7546011026,-73.971878855,member
2739032,DDF727E8E9BDF044,electric_bike,2021-08-28 22:40:44,2021-08-28 23:21:40,9 Ave & W 45 St,6717,E 48 St & 3 Ave,6541,40.76019252,-73.9912551,40.7546011026,-73.971878855,member
2739054,BDCEE40C21415D06,classic_bike,2021-08-05 09:10:54,2021-08-05 09:27:11,8 Ave & W 38 St,6526,E 48 St & 3 Ave,6541,40.75461,-73.99177,40.7546011026,-73.971878855,casual
2739082,55A66199E485208F,classic_bike,2021-08-25 08:26:45,2021-08-25 08:32:56,1 Ave & E 39 St,6303,E 48 St & 3 Ave,6541,40.74714,-73.97113,40.7546011026,-73.971878855,member
2739083,AA77B0053459BCB4,electric_bike,2021-08-20 19:34:32,2021-08-20 19:52:00,W 29 St & 9 Ave,6416,E 48 St & 3 Ave,6541,40.7500727,-73.99839279,40.7546011026,-73.971878855,member
2739095,2E518D53495B0353,electric_bike,2021-08-05 22:03:50,2021-08-05 22:10:12,W 47 St & 6 Ave,6667,E 48 St & 3 Ave,6541,40.758397,-73.98255,40.7546011026,-73.971878855,member
2739101,F0F76A5F3D45C69D,electric_bike,2021-08-21 12:35:04,2021-08-21 12:42:24,W 47 St & 6 Ave,6667,E 48 St & 3 Ave,6541,40.758397,-73.98255,40.7546011026,-73.971878855,casual
2739118,69F426543346ADE8,electric_bike,2021-08-29 11:02:52,2021-08-29 11:15:40,E 88 St & 1 Ave,7235,E 48 St & 3 Ave,6541,40.778301,-73.9488134,40.7546011026,-73.971878855,casual
2739144,BBEB03EBA095E992,classic_bike,2021-08-07 16:43:48,2021-08-07 16:50:10,1 Ave & E 39 St,6303,E 48 St & 3 Ave,6541,40.74714,-73.97113,40.7546011026,-73.971878855,member
2739153,01337BE46CDDB424,classic_bike,2021-08-23 17:59:52,2021-08-23 18:13:18,W 29 St & 9 Ave,6416,E 48 St & 3 Ave,6541,40.7500727,-73.99839279,40.7546011026,-73.971878855,member
2739161,D3381D9767188C72,classic_bike,2021-08-25 19:15:33,2021-08-25 19:23:00,1 Ave & E 39 St,6303,E 48 St & 3 Ave,6541,40.74714,-73.97113,40.7546011026,-73.971878855,casual
2739174,A3EB89ECBAC0DA57,classic_bike,2021-08-11 07:57:07,2021-08-11 08:11:23,E 85 St & York Ave,7146,E 48 St & 3 Ave,6541,40.77536905,-73.94803392,40.7546011026,-73.971878855,member
2739205,5DF9B1DCF8D74F58,classic_bike,2021-08-19 11:24:02,2021-08-19 11:29:01,E 48 St & 3 Ave,6541,E 39 St & Lexington Ave,6389,40.7546011026,-73.971878855,40.7494985460252,-73.97729203113158,member
2739208,D1636B145C725F1A,electric_bike,2021-08-06 08:18:55,2021-08-06 08:22:29,E 39 St & Lexington Ave,6389,E 48 St & 3 Ave,6541,40.7494985460252,-73.97729203113158,40.7546011026,-73.971878855,member
2739209,7BBE85BFE52B72FB,classic_bike,2021-08-24 08:35:06,2021-08-24 08:39:19,E 39 St & Lexington Ave,6389,E 48 St & 3 Ave,6541,40.7494985460252,-73.97729203113158,40.7546011026,-73.971878855,member
2739213,6EFDF96FA6795F8B,electric_bike,2021-08-11 19:06:50,2021-08-11 19:08:29,E 48 St & 3 Ave,6541,E 48 St & 3 Ave,6541,40.7546011026,-73.971878855,40.7546011026,-73.971878855,member
2739234,3829649459ED676F,classic_bike,2021-08-29 09:07:02,2021-08-29 09:33:58,E 48 St & 3 Ave,6541,E 48 St & 3 Ave,6541,40.7546011026,-73.971878855,40.7546011026,-73.971878855,casual
2739261,988F8925C7221EFD,classic_bike,2021-08-13 13:01:41,2021-08-13 13:04:02,E 48 St & 3 Ave,6541,E 48 St & 3 Ave,6541,40.7546011026,-73.971878855,40.7546011026,-73.971878855,casual
2739265,4A5E5333D9DD0444,electric_bike,2021-08-07 07:19:06,2021-08-07 08:03:06,E 48 St & 3 Ave,6541,E 48 St & 3 Ave,6541,40.7546011026,-73.971878855,40.7546011026,-73.971878855,casual
2739281,A13789EB056A49C4,electric_bike,2021-08-16 21:32:31,2021-08-16 22:02:04,Steinway St & 21 Ave,7137,E 48 St & 3 Ave,6541,40.774798,-73.903787,40.7546011026,-73.971878855,member
2739287,B925E6B907A93A01,classic_bike,2021-08-03 17:56:06,2021-08-03 18:01:20,E 53 St & Madison Ave,6659,E 48 St & 3 Ave,6541,40.7597108,-73.97402311,40.7546011026,-73.971878855,member
2739295,A922EB84712EEC98,classic_bike,2021-08-29 17:34:52,2021-08-29 17:48:22,E 53 St & Madison Ave,6659,E 48 St & 3 Ave,6541,40.7597108,-73.97402311,40.7546011026,-73.971878855,casual
2739304,0AEB861027DA8E48,classic_bike,2021-08-05 09:31:16,2021-08-05 09:36:19,E 53 St & Madison Ave,6659,E 48 St & 3 Ave,6541,40.7597108,-73.97402311,40.7546011026,-73.971878855,member
2739317,847AAC48324ABA6C,electric_bike,2021-08-20 08:24:24,2021-08-20 08:32:14,E 19 St & 3 Ave,5938,E 48 St & 3 Ave,6541,40.73624527,-73.98473765,40.7546011026,-73.971878855,member
2739328,64BF9CDFC22A6E39,electric_bike,2021-08-22 23:59:25,2021-08-23 00:14:06,E 19 St & 3 Ave,5938,E 48 St & 3 Ave,6541,40.73624527,-73.98473765,40.7546011026,-73.971878855,member
2739376,CBE99E107877D33A,electric_bike,2021-08-04 08:35:59,2021-08-04 08:49:59,10 Ave & W 14 St,6157,E 48 St & 3 Ave,6541,40.74198159994023,-74.00831580162048,40.7546011026,-73.971878855,member
2739406,FD79469AA85A4797,classic_bike,2021-08-17 17:03:56,2021-08-17 17:34:37,LaGuardia Pl & W 3 St,5721,E 48 St & 3 Ave,6541,40.72917025,-73.99810231,40.7546011026,-73.971878855,member
2739424,21235EB9F4BE8106,classic_bike,2021-08-23 22:02:52,2021-08-23 22:32:51,E 51 St & Lexington Ave,6659,E 48 St & 3 Ave,6541,40.75714758,-73.97207836,40.7546011026,-73.971878855,member
2739443,C527BF8D0AC64623,classic_bike,2021-08-31 17:50:15,2021-08-31 18:26:11,Hudson St & W 13 St,6115,E 48 St & 3 Ave,6541,40.74005708567285,-74.0052741765976,40.7546011026,-73.971878855,member
2739459,CF19208D184BB27E,classic_bike,2021-08-12 09:24:06,2021-08-12 09:41:54,LaGuardia Pl & W 3 St,5721,E 48 St & 3 Ave,6541,40.72917025,-73.99810231,40.7546011026,-73.971878855,casual
2739529,4EF44FF88FD8F78A,classic_bike,2021-08-09 08:06:06,2021-08-09 08:28:39,W 90 St & Amsterdam Ave,7432,E 48 St & 3 Ave,6541,40.79017948095081,-73.97288918495178,40.7546011026,-73.971878855,member
2739558,E25DA67AAD67E5D5,classic_bike,2021-08-19 09:09:15,2021-08-19 09:16:57,W 45 St & 8 Ave,6676,E 48 St & 3 Ave,6541,40.75929124,-73.98859651,40.7546011026,-73.971878855,casual
2739586,39EAD8943D732F81,classic_bike,2021-08-18 06:58:57,2021-08-18 07:01:50,W 48 St & Rockefeller Plaza,6667,E 48 St & 3 Ave,6541,40.75793646243674,-73.97960275411606,40.7546011026,-73.971878855,member
2739587,A20FF79733F294B0,electric_bike,2021-08-27 13:48:16,2021-08-27 13:51:01,W 48 St & Rockefeller Plaza,6667,E 48 St & 3 Ave,6541,40.75793646243674,-73.97960275411606,40.7546011026,-73.971878855,member
2739589,B5AF607B59A4B5CD,electric_bike,2021-08-26 06:24:46,2021-08-26 06:28:05,W 48 St & Rockefeller Plaza,6667,E 48 St & 3 Ave,6541,40.75793646243674,-73.97960275411606,40.7546011026,-73.971878855,member
2739595,D5F927E1D5B0EB3A,classic_bike,2021-08-06 05:30:28,2021-08-06 05:33:08,W 48 St & Rockefeller Plaza,6667,E 48 St & 3 Ave,6541,40.75793646243674,-73.97960275411606,40.7546011026,-73.971878855,member
2739605,20C527C6E7DE28F3,classic_bike,2021-08-21 17:55:05,2021-08-21 18:00:14,W 48 St & Rockefeller Plaza,6667,E 48 St & 3 Ave,6541,40.75793646243674,-73.97960275411606,40.7546011026,-73.971878855,member
2739611,8F5EE3A3DB42520A,classic_bike,2021-08-04 18:59:07,2021-08-04 19:35:45,John St & William St,5065,E 48 St & 3 Ave,6541,40.70862144,-74.00722156,40.7546011026,-73.971878855,member
2739633,ABA033D91E460678,classic_bike,2021-08-07 14:47:17,2021-08-07 15:12:32,E 48 St & 3 Ave,6541,6 Ave & W 45 St,6593,40.7546011026,-73.971878855,40.756951,-73.982631,casual
2739639,D95477104EA1023E,classic_bike,2021-08-30 15:35:40,2021-08-30 15:49:43,E 48 St & 3 Ave,6541,Lafayette St & E 8 St,5788,40.7546011026,-73.971878855,40.73020660529954,-73.99102628231049,member
2739669,5642C38C797A7A46,electric_bike,2021-08-17 15:18:44,2021-08-17 15:19:53,E 48 St & 3 Ave,6541,E 48 St & 3 Ave,6541,40.7546011026,-73.971878855,40.7546011026,-73.971878855,member
2739708,6A7F5B9EB795D05C,classic_bike,2021-08-14 06:30:39,2021-08-14 06:31:00,E 48 St & 3 Ave,6541,E 48 St & 3 Ave,6541,40.7546011026,-73.971878855,40.7546011026,-73.971878855,casual
2739747,0A6E4B7E35C1F648,classic_bike,2021-08-26 18:17:33,2021-08-26 18:21:04,W 48 St & Rockefeller Plaza,6667,E 48 St & 3 Ave,6541,40.75793646243674,-73.97960275411606,40.7546011026,-73.971878855,member
2739751,B681CA002EAC1736,classic_bike,2021-08-27 06:19:49,2021-08-27 06:23:50,W 48 St & Rockefeller Plaza,6667,E 48 St & 3 Ave,6541,40.75793646243674,-73.97960275411606,40.7546011026,-73.971878855,member
2739756,A9FA9C74A8284CBA,classic_bike,2021-08-25 08:30:19,2021-08-25 08:33:18,W 48 St & Rockefeller Plaza,6667,E 48 St & 3 Ave,6541,40.75793646243674,-73.97960275411606,40.7546011026,-73.971878855,member
2739757,8666EE66EB6DAA43,classic_bike,2021-08-31 09:11:59,2021-08-31 09:15:38,W 48 St & Rockefeller Plaza,6667,E 48 St & 3 Ave,6541,40.75793646243674,-73.97960275411606,40.7546011026,-73.971878855,member
2739762,26C274545BEC7662,electric_bike,2021-08-15 11:06:35,2021-08-15 12:07:47,E 50 St & Park Ave,6659,E 48 St & 3 Ave,6541,40.757334,-73.974235,40.7546011026,-73.971878855,casual
2739764,2F0CEBFC3BA2D916,classic_bike,2021-08-20 18:28:46,2021-08-20 19:47:07,Jay St & York St,4895,E 48 St & 3 Ave,6541,40.70140317257725,-73.98672670125961,40.7546011026,-73.971878855,casual
2739773,1B445347C08016BD,classic_bike,2021-08-05 17:54:23,2021-08-05 17:57:48,W 48 St & Rockefeller Plaza,6667,E 48 St & 3 Ave,6541,40.75793646243674,-73.97960275411606,40.7546011026,-73.971878855,member
2739779,EC45D68D66EB2BB4,classic_bike,2021-08-18 16:49:12,2021-08-18 17:06:03,5 Ave & E 29 St,6248,E 48 St & 3 Ave,6541,40.7451677,-73.98683077,40.7546011026,-73.971878855,member
2739785,5BE2466A550A9B8F,electric_bike,2021-08-24 17:28:27,2021-08-24 17:55:16,Madison Ave & E 99 St,7443,E 48 St & 3 Ave,6541,40.78948541553215,-73.95242929458618,40.7546011026,-73.971878855,member
2739795,551E4AB708A7571F,classic_bike,2021-08-10 10:07:31,2021-08-10 10:35:25,Pitt St & Stanton St,5406,E 48 St & 3 Ave,6541,40.71926081,-73.98178024,40.7546011026,-73.971878855,casual
2739812,47A206D626E46FDE,classic_bike,2021-08-21 00:36:33,2021-08-21 01:03:49,W 48 St & Rockefeller Plaza,6667,E 48 St & 3 Ave,6541,40.75793646243674,-73.97960275411606,40.7546011026,-73.971878855,casual
2739815,1CCDFD9E1F22C96F,classic_bike,2021-08-11 07:52:45,2021-08-11 08:11:00,Riverside Dr & W 72 St,7288,E 48 St & 3 Ave,6541,40.78057799010334,-73.98562431335449,40.7546011026,-73.971878855,member
2739829,F1C8FEC771BF51A5,electric_bike,2021-08-04 10:51:54,2021-08-04 11:04:04,5 Ave & E 29 St,6248,E 48 St & 3 Ave,6541,40.7451677,-73.98683077,40.7546011026,-73.971878855,member
2739873,DCA116E8FB40F060,classic_bike,2021-08-12 16:52:03,2021-08-12 17:00:06,Broadway & W 41 St,6560,E 48 St & 3 Ave,6541,40.75513557,-73.98658032,40.7546011026,-73.971878855,member
2739879,6C00A553F26848E8,classic_bike,2021-08-04 08:24:47,2021-08-04 08:31:10,Broadway & W 41 St,6560,E 48 St & 3 Ave,6541,40.75513557,-73.98658032,40.7546011026,-73.971878855,member
2739893,9DCBEFADE108D66C,classic_bike,2021-08-12 17:03:48,2021-08-12 17:13:26,6 Ave & W 33 St,6364,E 48 St & 3 Ave,6541,40.74901271,-73.98848395,40.7546011026,-73.971878855,member
2739899,D1654C69DF41E7BB,classic_bike,2021-08-23 08:55:36,2021-08-23 09:06:01,W 54 St & 11 Ave,6955,E 48 St & 3 Ave,6541,40.768333,-73.992573,40.7546011026,-73.971878855,member
2739910,3E7F806421E1BCD7,classic_bike,2021-08-06 06:36:41,2021-08-06 06:55:46,Riverside Dr & W 72 St,7288,E 48 St & 3 Ave,6541,40.78057799010334,-73.98562431335449,40.7546011026,-73.971878855,member
2739911,800B3FFA9E95D2EF,classic_bike,2021-08-16 07:40:44,2021-08-16 07:57:26,Riverside Dr & W 72 St,7288,E 48 St & 3 Ave,6541,40.78057799010334,-73.98562431335449,40.7546011026,-73.971878855,member
2739912,1371BDC3745ADE93,electric_bike,2021-08-12 07:56:53,2021-08-12 08:13:42,Riverside Dr & W 72 St,7288,E 48 St & 3 Ave,6541,40.78057799010334,-73.98562431335449,40.7546011026,-73.971878855,member
2739922,3B7F8E922018F43D,classic_bike,2021-08-18 18:26:46,2021-08-18 18:48:49,Queens Plaza North & Crescent St,6429,E 48 St & 3 Ave,6541,40.75110165,-73.94073717,40.7546011026,-73.971878855,member
2739926,217F056501C490F3,electric_bike,2021-08-13 19:54:57,2021-08-13 20:03:24,W 44 St & 11 Ave,6756,E 48 St & 3 Ave,6541,40.762009,-73.996975,40.7546011026,-73.971878855,member
2739942,CDCFD4D88F5E52F9,classic_bike,2021-08-02 11:47:05,2021-08-02 12:00:29,5 Ave & E 29 St,6248,E 48 St & 3 Ave,6541,40.7451677,-73.98683077,40.7546011026,-73.971878855,member
2739944,3552E3F222E2A1E0,classic_bike,2021-08-27 15:36:39,2021-08-27 15:51:17,5 Ave & E 29 St,6248,E 48 St & 3 Ave,6541,40.7451677,-73.98683077,40.7546011026,-73.971878855,member
2739953,F621ACC300E0B65A,electric_bike,2021-08-30 12:24:51,2021-08-30 12:32:34,Broadway & W 41 St,6560,E 48 St & 3 Ave,6541,40.75513557,-73.98658032,40.7546011026,-73.971878855,member
2739958,7224AB2CAD628040,classic_bike,2021-08-20 09:18:30,2021-08-20 09:31:51,W 54 St & 11 Ave,6955,E 48 St & 3 Ave,6541,40.768333,-73.992573,40.7546011026,-73.971878855,member
2739960,3551B71380168A6A,classic_bike,2021-08-11 00:54:56,2021-08-11 01:26:23,Christopher St & Greenwich St,5847,E 48 St & 3 Ave,6541,40.73291553,-74.00711384,40.7546011026,-73.971878855,member
2739961,C205C38D99EC3CBA,electric_bike,2021-08-26 16:50:49,2021-08-26 17:16:09,Christopher St & Greenwich St,5847,E 48 St & 3 Ave,6541,40.73291553,-74.00711384,40.7546011026,-73.971878855,member
2739994,F63375A2072FB9DF,classic_bike,2021-08-13 11:53:10,2021-08-13 12:12:37,E 25 St & 1 Ave,6004,E 48 St & 3 Ave,6541,40.7381765,-73.97738662,40.7546011026,-73.971878855,casual
2740037,C9EA639B1606F632,classic_bike,2021-08-20 18:34:19,2021-08-20 18:55:27,12 Ave & W 40 St,6765,E 48 St & 3 Ave,6541,40.76087502,-74.00277668,40.7546011026,-73.971878855,member
2740042,2CA78E6900AB6B72,electric_bike,2021-08-18 07:59:17,2021-08-18 08:11:09,E 16 St & Irving Pl,5938,E 48 St & 3 Ave,6541,40.735367055605394,-73.98797392845154,40.7546011026,-73.971878855,member
2740043,43CF3C388F11EACD,classic_bike,2021-08-06 07:59:22,2021-08-06 08:14:28,E 16 St & Irving Pl,5938,E 48 St & 3 Ave,6541,40.735367055605394,-73.98797392845154,40.7546011026,-73.971878855,member
2740046,21D5E41133109AE4,classic_bike,2021-08-06 18:25:41,2021-08-06 18:42:31,W 47 St & 10 Ave,6824,E 48 St & 3 Ave,6541,40.76269882,-73.99301222,40.7546011026,-73.971878855,member
2740047,E290BC976FE70BD1,classic_bike,2021-08-25 07:24:43,2021-08-25 07:37:28,1 Ave & E 18 St,5854,E 48 St & 3 Ave,6541,40.73381219196632,-73.98054420948029,40.7546011026,-73.971878855,member
2740053,38B32A2BF9C2EAA0,classic_bike,2021-08-13 11:52:34,2021-08-13 12:14:15,E 25 St & 1 Ave,6004,E 48 St & 3 Ave,6541,40.7381765,-73.97738662,40.7546011026,-73.971878855,casual
2740062,95E564791F651E96,classic_bike,2021-08-09 12:10:21,2021-08-09 12:17:27,E 56 St & 3 Ave,6691,E 48 St & 3 Ave,6541,40.75934501,-73.96759673,40.7546011026,-73.971878855,member
2740063,8A28F48CFDD8475E,classic_bike,2021-08-09 18:57:51,2021-08-09 19:04:05,E 56 St & 3 Ave,6691,E 48 St & 3 Ave,6541,40.75934501,-73.96759673,40.7546011026,-73.971878855,member
2740092,91A2318C0E417B43,classic_bike,2021-08-06 23:50:35,2021-08-07 00:12:15,Washington St & Gansevoort St,6039,E 48 St & 3 Ave,6541,40.739323,-74.008119,40.7546011026,-73.971878855,member
2740159,153E7C159A8D03DA,classic_bike,2021-08-15 18:19:16,2021-08-15 18:49:36,10 Ave & W 14 St,6157,E 48 St & 3 Ave,6541,40.74198159994023,-74.00831580162048,40.7546011026,-73.971878855,casual
2740176,9037182EB61211C8,electric_bike,2021-08-12 04:48:22,2021-08-12 05:29:23,9 Ave & W 45 St,6717,E 48 St & 3 Ave,6541,40.76019252,-73.9912551,40.7546011026,-73.971878855,member
2740178,80542510B234145D,electric_bike,2021-08-12 10:21:56,2021-08-12 10:30:39,2 Ave & E 72 St,6925,E 48 St & 3 Ave,6541,40.7687620293096,-73.95840793848038,40.7546011026,-73.971878855,member
2740208,BF0C160315FF6EFA,classic_bike,2021-08-15 18:19:47,2021-08-15 18:49:51,10 Ave & W 14 St,6157,E 48 St & 3 Ave,6541,40.74198159994023,-74.00831580162048,40.7546011026,-73.971878855,casual
2740214,85FB179165992E28,classic_bike,2021-08-29 15:00:49,2021-08-29 15:09:14,Broadway & W 58 St,6948,E 48 St & 3 Ave,6541,40.76695317,-73.98169333,40.7546011026,-73.971878855,member
2740226,23EB05F247687DF4,classic_bike,2021-08-26 22:09:48,2021-08-26 22:43:59,E 47 St & 1 Ave,6498,E 48 St & 3 Ave,6541,40.75206862,-73.96784384,40.7546011026,-73.971878855,casual
2740260,0BB96EBB6103EC92,classic_bike,2021-08-16 17:29:15,2021-08-16 17:35:00,W 44 St & 5 Ave,6551,E 48 St & 3 Ave,6541,40.75500254,-73.98014437,40.7546011026,-73.971878855,member
2740263,5E8052FC307805A0,electric_bike,2021-08-15 01:35:15,2021-08-15 03:00:25,E 47 St & 1 Ave,6498,E 48 St & 3 Ave,6541,40.75206862,-73.96784384,40.7546011026,-73.971878855,member
2740266,19360BFD40F9003F,classic_bike,2021-08-23 22:07:31,2021-08-23 22:31:39,MacDougal St & Washington Sq,5797,E 48 St & 3 Ave,6541,40.73226398,-73.99852205,40.7546011026,-73.971878855,member
2740272,2807700E3FC3432A,classic_bike,2021-08-17 07:42:08,2021-08-17 07:47:09,W 47 St & 6 Ave,6667,E 48 St & 3 Ave,6541,40.758397,-73.98255,40.7546011026,-73.971878855,member
2740282,A854BD6E66883D7A,electric_bike,2021-08-31 15:54:29,2021-08-31 16:06:27,W 36 St & 9 Ave,6569,E 48 St & 3 Ave,6541,40.75462324029105,-73.99516761302948,40.7546011026,-73.971878855,member
2740293,E8E1E767885C65B6,classic_bike,2021-08-23 08:45:31,2021-08-23 08:56:34,1 Ave & E 68 St,6822,E 48 St & 3 Ave,6541,40.76500525,-73.95818491,40.7546011026,-73.971878855,member
2740308,1120218C9BCD269E,classic_bike,2021-08-14 23:56:39,2021-08-15 00:13:42,E 12 St & Ave C,5616,E 48 St & 3 Ave,6541,40.727243,-73.976831,40.7546011026,-73.971878855,casual
2740316,CDD058F0A4DCE091,electric_bike,2021-08-10 08:19:25,2021-08-10 08:26:20,1 Ave & E 68 St,6822,E 48 St & 3 Ave,6541,40.76500525,-73.95818491,40.7546011026,-73.971878855,member
2740317,F3FC8B3CB999B123,classic_bike,2021-08-06 09:57:05,2021-08-06 10:03:22,E 58 St & 1 Ave (NE Corner),6682,E 48 St & 3 Ave,6541,40.75892386377695,-73.96226227283478,40.7546011026,-73.971878855,member
2740318,0BFA5137708EA6D4,classic_bike,2021-08-03 07:28:20,2021-08-03 07:43:07,E 74 St & 1 Ave,6953,E 48 St & 3 Ave,6541,40.7689738,-73.95482273,40.7546011026,-73.971878855,member
2740323,9165A91FDE336F71,classic_bike,2021-08-16 08:50:14,2021-08-16 09:00:50,1 Ave & E 68 St,6822,E 48 St & 3 Ave,6541,40.76500525,-73.95818491,40.7546011026,-73.971878855,member
2740330,C235C5C75901689C,electric_bike,2021-08-25 08:31:03,2021-08-25 08:38:50,1 Ave & E 68 St,6822,E 48 St & 3 Ave,6541,40.76500525,-73.95818491,40.7546011026,-73.971878855,member
2740331,9E723A9551601EB8,electric_bike,2021-08-20 08:52:21,2021-08-20 09:00:43,1 Ave & E 68 St,6822,E 48 St & 3 Ave,6541,40.76500525,-73.95818491,40.7546011026,-73.971878855,member
2740332,88D0828D832BD490,electric_bike,2021-08-27 09:00:52,2021-08-27 09:07:53,1 Ave & E 68 St,6822,E 48 St & 3 Ave,6541,40.76500525,-73.95818491,40.7546011026,-73.971878855,member
2740335,1B778280B0AF9394,electric_bike,2021-08-18 06:37:15,2021-08-18 06:44:10,1 Ave & E 68 St,6822,E 48 St & 3 Ave,6541,40.76500525,-73.95818491,40.7546011026,-73.971878855,member
2740359,07884252CE21920C,classic_bike,2021-08-05 23:24:15,2021-08-05 23:42:20,E 85 St & York Ave,7146,E 48 St & 3 Ave,6541,40.77536905,-73.94803392,40.7546011026,-73.971878855,member
2740365,CED9B41BF9C51B54,classic_bike,2021-08-25 01:05:34,2021-08-25 01:08:01,E 48 St & 3 Ave,6541,E 48 St & 3 Ave,6541,40.7546011026,-73.971878855,40.7546011026,-73.971878855,member
2740366,AA1A6F99E5237D89,classic_bike,2021-08-02 10:36:08,2021-08-02 10:49:54,E 48 St & 3 Ave,6541,E 81 St & 2 Ave,7121,40.7546011026,-73.971878855,40.77477944895728,-73.95427465438843,member
2740402,926A2E1A14669D82,classic_bike,2021-08-02 18:43:27,2021-08-02 18:43:45,E 48 St & 3 Ave,6541,E 48 St & 3 Ave,6541,40.7546011026,-73.971878855,40.7546011026,-73.971878855,member
2740405,36BA6D8BCE2B0597,electric_bike,2021-08-17 15:54:47,2021-08-17 15:55:36,E 48 St & 3 Ave,6541,E 48 St & 3 Ave,6541,40.7546011026,-73.971878855,40.7546011026,-73.971878855,member
2740407,45AAD1DD9BC62AF0,classic_bike,2021-08-05 08:29:36,2021-08-05 08:34:01,E 39 St & Lexington Ave,6389,E 48 St & 3 Ave,6541,40.7494985460252,-73.97729203113158,40.7546011026,-73.971878855,member
2740408,E60BA6C74875E3AE,classic_bike,2021-08-05 14:12:02,2021-08-05 14:15:38,E 48 St & 3 Ave,6541,E 39 St & Lexington Ave,6389,40.7546011026,-73.971878855,40.7494985460252,-73.97729203113158,member
2740409,FA826B2FE8FB2F71,classic_bike,2021-08-05 15:04:07,2021-08-05 15:08:10,E 39 St & Lexington Ave,6389,E 48 St & 3 Ave,6541,40.7494985460252,-73.97729203113158,40.7546011026,-73.971878855,member
2740436,0F8A0B76786F28BD,electric_bike,2021-08-27 14:03:54,2021-08-27 14:10:22,E 48 St & 3 Ave,6541,E 39 St & Lexington Ave,6389,40.7546011026,-73.971878855,40.7494985460252,-73.97729203113158,member
2740438,B8491ACACF0DF7C4,classic_bike,2021-08-19 21:32:24,2021-08-19 21:39:21,E 39 St & Lexington Ave,6389,E 48 St & 3 Ave,6541,40.7494985460252,-73.97729203113158,40.7546011026,-73.971878855,member
2740447,66C35F63C57DBE9F,docked_bike,2021-08-17 17:12:22,2021-08-17 17:16:08,E 39 St & Lexington Ave,6389,E 48 St & 3 Ave,6541,40.749499,-73.977292,40.754601,-73.971879,casual
2740455,CA276EB29596D57E,classic_bike,2021-08-26 17:16:01,2021-08-26 17:16:40,E 48 St & 3 Ave,6541,E 48 St & 3 Ave,6541,40.7546011026,-73.971878855,40.7546011026,-73.971878855,member
2740469,6D0027B004D630E8,classic_bike,2021-08-06 17:39:39,2021-08-06 17:40:21,E 48 St & 3 Ave,6541,E 48 St & 3 Ave,6541,40.7546011026,-73.971878855,40.7546011026,-73.971878855,member
2740474,88877FDFFA034D3A,classic_bike,2021-08-28 13:00:48,2021-08-28 13:16:09,E 48 St & 3 Ave,6541,E 48 St & 3 Ave,6541,40.7546011026,-73.971878855,40.7546011026,-73.971878855,member
2740503,5433E317C5901F49,classic_bike,2021-08-29 17:13:11,2021-08-29 18:00:28,E 48 St & 3 Ave,6541,Alexander Ave & E 134 St,7712,40.7546011026,-73.971878855,40.807466,-73.927107,member
2740504,36E654E9ADDE0276,classic_bike,2021-08-12 08:40:52,2021-08-12 08:44:41,E 39 St & Lexington Ave,6389,E 48 St & 3 Ave,6541,40.7494985460252,-73.97729203113158,40.7546011026,-73.971878855,member
2740521,93149577E349F6BD,classic_bike,2021-08-25 05:33:45,2021-08-25 05:56:05,E 50 St & Park Ave,6659,E 48 St & 3 Ave,6541,40.757334,-73.974235,40.7546011026,-73.971878855,member
2740544,F132B9FC8C9E5DBD,classic_bike,2021-08-07 16:30:51,2021-08-07 17:28:25,Warren St & W Broadway,5288,E 48 St & 3 Ave,6541,40.71473993,-74.00910627,40.7546011026,-73.971878855,casual
2740549,E2431309E8953483,classic_bike,2021-08-07 18:32:23,2021-08-07 18:47:06,W 26 St & 8 Ave,6297,E 48 St & 3 Ave,6541,40.74734825,-73.99723551,40.7546011026,-73.971878855,member
2740564,B88E4426866F7252,electric_bike,2021-08-11 08:01:27,2021-08-11 08:22:47,Greenwich St & W Houston St,5730,E 48 St & 3 Ave,6541,40.728846,-74.008591,40.7546011026,-73.971878855,member
2740567,EF88654E0E71987D,electric_bike,2021-08-18 08:51:58,2021-08-18 08:57:07,W 47 St & 6 Ave,6667,E 48 St & 3 Ave,6541,40.758397,-73.98255,40.7546011026,-73.971878855,member
2740576,2C8D2B080EC6DC58,classic_bike,2021-08-13 20:10:28,2021-08-13 20:17:00,W 47 St & 6 Ave,6667,E 48 St & 3 Ave,6541,40.758397,-73.98255,40.7546011026,-73.971878855,member
2740588,3B7A5B1172E307B9,electric_bike,2021-08-06 11:47:41,2021-08-06 11:51:33,W 47 St & 6 Ave,6667,E 48 St & 3 Ave,6541,40.758397,-73.98255,40.7546011026,-73.971878855,member
2740594,16DF9F56F3E1C634,electric_bike,2021-08-12 07:39:55,2021-08-12 07:52:20,W 26 St & 8 Ave,6297,E 48 St & 3 Ave,6541,40.74734825,-73.99723551,40.7546011026,-73.971878855,member
2740608,2A7B6A492D9E8DCD,classic_bike,2021-08-11 15:51:49,2021-08-11 15:58:19,E 53 St & Madison Ave,6659,E 48 St & 3 Ave,6541,40.7597108,-73.97402311,40.7546011026,-73.971878855,member
2740641,FCF0125DC6FEF9CD,electric_bike,2021-08-17 18:37:53,2021-08-17 19:40:14,E 58 St & 3 Ave,6762,E 48 St & 3 Ave,6541,40.76095756,-73.96724467,40.7546011026,-73.971878855,casual
2740654,B1F183964D05C127,classic_bike,2021-08-17 21:45:51,2021-08-17 22:08:29,E 58 St & 3 Ave,6762,E 48 St & 3 Ave,6541,40.76095756,-73.96724467,40.7546011026,-73.971878855,casual
2740658,0C49A71B762728B2,classic_bike,2021-08-11 20:29:45,2021-08-11 20:35:42,E 54 St & 1 Ave,6608,E 48 St & 3 Ave,6541,40.756265,-73.964179,40.7546011026,-73.971878855,casual
2740668,4836C0625CB8D86B,classic_bike,2021-08-21 13:09:00,2021-08-21 13:20:02,E 58 St & 3 Ave,6762,E 48 St & 3 Ave,6541,40.76095756,-73.96724467,40.7546011026,-73.971878855,casual
2740680,AEDB7E3A872F5EDE,classic_bike,2021-08-07 18:00:40,2021-08-07 18:15:48,W 34 St & 11 Ave,6578,E 48 St & 3 Ave,6541,40.75594159,-74.0021163,40.7546011026,-73.971878855,member
2740695,C73555D2B91E7916,classic_bike,2021-08-26 07:24:35,2021-08-26 07:39:05,1 Ave & E 18 St,5854,E 48 St & 3 Ave,6541,40.73381219196632,-73.98054420948029,40.7546011026,-73.971878855,member
2740710,91A9DEA4B28CCCEA,classic_bike,2021-08-05 09:03:46,2021-08-05 09:12:04,Broadway & W 37 St,6441,E 48 St & 3 Ave,6541,40.75172632,-73.98753523,40.7546011026,-73.971878855,member
2740731,7CE523B83914E7AB,classic_bike,2021-08-18 12:25:23,2021-08-18 12:47:52,W 4 St & 7 Ave S,5880,E 48 St & 3 Ave,6541,40.73401143,-74.00293877,40.7546011026,-73.971878855,member
2740750,99FB9EBF068439CC,classic_bike,2021-08-27 19:52:37,2021-08-27 20:01:23,W 45 St & 8 Ave,6676,E 48 St & 3 Ave,6541,40.75929124,-73.98859651,40.7546011026,-73.971878855,member
2740752,733D3BD2F385887F,classic_bike,2021-08-25 00:40:25,2021-08-25 00:50:39,W 45 St & 8 Ave,6676,E 48 St & 3 Ave,6541,40.75929124,-73.98859651,40.7546011026,-73.971878855,member
2740790,3BAF7F3897944FF7,classic_bike,2021-08-10 13:36:21,2021-08-10 13:45:28,W 45 St & 8 Ave,6676,E 48 St & 3 Ave,6541,40.75929124,-73.98859651,40.7546011026,-73.971878855,member
2740800,4DD87068886E6503,classic_bike,2021-08-17 01:30:11,2021-08-17 01:41:07,W 45 St & 8 Ave,6676,E 48 St & 3 Ave,6541,40.75929124,-73.98859651,40.7546011026,-73.971878855,member
2740829,B2B2B24BADCA4096,classic_bike,2021-08-15 02:17:38,2021-08-15 02:30:43,W 45 St & 8 Ave,6676,E 48 St & 3 Ave,6541,40.75929124,-73.98859651,40.7546011026,-73.971878855,member
2740857,240FAA36D8E09DB5,classic_bike,2021-08-15 18:03:35,2021-08-15 18:24:57,E 84 St & 1 Ave,7180,E 48 St & 3 Ave,6541,40.77565541,-73.95068615,40.7546011026,-73.971878855,casual
2740867,5FC0ED5F52F62770,electric_bike,2021-08-18 06:38:32,2021-08-18 06:43:41,W 45 St & 8 Ave,6676,E 48 St & 3 Ave,6541,40.75929124,-73.98859651,40.7546011026,-73.971878855,member
2740868,5EA8B4C6C2AB8BCF,classic_bike,2021-08-28 11:56:46,2021-08-28 12:14:31,W 4 St & 7 Ave S,5880,E 48 St & 3 Ave,6541,40.73401143,-74.00293877,40.7546011026,-73.971878855,casual
2740881,6C475A9BD3E11ABA,classic_bike,2021-08-17 19:18:11,2021-08-17 19:28:30,W 45 St & 8 Ave,6676,E 48 St & 3 Ave,6541,40.75929124,-73.98859651,40.7546011026,-73.971878855,member
2740891,CB2B59A5A9B3A35D,classic_bike,2021-08-18 06:46:43,2021-08-18 06:54:35,W 45 St & 8 Ave,6676,E 48 St & 3 Ave,6541,40.75929124,-73.98859651,40.7546011026,-73.971878855,member
2740907,EEF24586264DC737,classic_bike,2021-08-27 22:18:56,2021-08-27 22:31:18,W 45 St & 8 Ave,6676,E 48 St & 3 Ave,6541,40.75929124,-73.98859651,40.7546011026,-73.971878855,casual
2740935,8BDBBAED4CBB3BC2,electric_bike,2021-08-08 00:36:40,2021-08-08 00:41:06,Lexington Ave & E 36 St,6313,E 48 St & 3 Ave,6541,40.7475739589548,-73.9788007736206,40.7546011026,-73.971878855,member
2741048,5B423AD25DDB4110,electric_bike,2021-08-29 21:13:02,2021-08-29 21:28:35,E 5 St & Avenue C,5545,E 48 St & 3 Ave,6541,40.72299208,-73.97995466,40.7546011026,-73.971878855,member
2741062,EFF6C6B2D203315F,classic_bike,2021-08-01 19:21:37,2021-08-01 19:36:12,E 84 St & 1 Ave,7180,E 48 St & 3 Ave,6541,40.77565541,-73.95068615,40.7546011026,-73.971878855,member
2741102,B3173D19E6918EF4,electric_bike,2021-08-30 12:33:02,2021-08-30 12:41:45,W 45 St & 8 Ave,6676,E 48 St & 3 Ave,6541,40.75929124,-73.98859651,40.7546011026,-73.971878855,member
2741116,B157BAAB96793373,classic_bike,2021-08-10 19:40:31,2021-08-10 19:48:19,W 45 St & 8 Ave,6676,E 48 St & 3 Ave,6541,40.75929124,-73.98859651,40.7546011026,-73.971878855,member
2741143,8398C89CA519BFEB,classic_bike,2021-08-20 18:33:46,2021-08-20 18:42:21,W 45 St & 8 Ave,6676,E 48 St & 3 Ave,6541,40.75929124,-73.98859651,40.7546011026,-73.971878855,casual
2741148,74D3EB142CBF9F45,classic_bike,2021-08-10 09:41:35,2021-08-10 09:48:09,W 45 St & 8 Ave,6676,E 48 St & 3 Ave,6541,40.75929124,-73.98859651,40.7546011026,-73.971878855,casual
2741191,894B7AA23DED9D99,electric_bike,2021-08-19 18:36:21,2021-08-19 18:43:24,W 45 St & 8 Ave,6676,E 48 St & 3 Ave,6541,40.75929124,-73.98859651,40.7546011026,-73.971878855,casual
2741200,DCD38D711BA168D1,classic_bike,2021-08-30 18:41:43,2021-08-30 19:22:27,Lafayette St & Jersey St,5561,E 48 St & 3 Ave,6541,40.72456089,-73.99565293,40.7546011026,-73.971878855,casual
2741231,40FF937A520FD158,classic_bike,2021-08-31 07:17:58,2021-08-31 07:27:05,W 45 St & 8 Ave,6676,E 48 St & 3 Ave,6541,40.75929124,-73.98859651,40.7546011026,-73.971878855,member
2741246,45292C2807948A1B,classic_bike,2021-08-18 09:12:08,2021-08-18 09:21:09,W 45 St & 8 Ave,6676,E 48 St & 3 Ave,6541,40.75929124,-73.98859651,40.7546011026,-73.971878855,member
2741252,A1AFCA9359709AFB,classic_bike,2021-08-01 10:18:23,2021-08-01 10:30:24,W 45 St & 8 Ave,6676,E 48 St & 3 Ave,6541,40.75929124,-73.98859651,40.7546011026,-73.971878855,member
2741281,55FD2F2C56BEEFB0,classic_bike,2021-08-02 09:06:19,2021-08-02 09:15:34,W 45 St & 8 Ave,6676,E 48 St & 3 Ave,6541,40.75929124,-73.98859651,40.7546011026,-73.971878855,member
2741335,4C6F77CB2C3E6B7A,classic_bike,2021-08-02 09:30:26,2021-08-02 09:49:26,Broadway & E 14 St,5905,E 48 St & 3 Ave,6541,40.73454567,-73.99074142,40.7546011026,-73.971878855,member
2741397,56B11F8B333273F5,classic_bike,2021-08-16 11:50:56,2021-08-16 11:55:20,2 Ave & E 55 St,6650,E 48 St & 3 Ave,6541,40.757920208794026,-73.96638214588165,40.7546011026,-73.971878855,member
2741400,58AF59770F104716,classic_bike,2021-08-13 12:17:22,2021-08-13 12:21:36,2 Ave & E 55 St,6650,E 48 St & 3 Ave,6541,40.757920208794026,-73.96638214588165,40.7546011026,-73.971878855,member
2741411,C14ACBE7D6D8EC0B,classic_bike,2021-08-20 08:37:57,2021-08-20 08:57:45,Central Park West & W 85 St,7354,E 48 St & 3 Ave,6541,40.78476,-73.969862,40.7546011026,-73.971878855,member
2741451,E975544AD6DD925C,classic_bike,2021-08-17 09:19:56,2021-08-17 09:26:51,Broadway & W 41 St,6560,E 48 St & 3 Ave,6541,40.75513557,-73.98658032,40.7546011026,-73.971878855,member
2741453,33D3D91E8980FBD0,classic_bike,2021-08-21 00:16:05,2021-08-21 00:20:36,Lexington Ave & E 36 St,6313,E 48 St & 3 Ave,6541,40.7475739589548,-73.9788007736206,40.7546011026,-73.971878855,member
2741460,F5FFE1C294C2B5B1,classic_bike,2021-08-04 18:43:39,2021-08-04 18:54:57,W 49 St & 8 Ave,6747,E 48 St & 3 Ave,6541,40.76227205,-73.98788205,40.7546011026,-73.971878855,member
2741488,34975F10CFE59D69,classic_bike,2021-08-11 20:17:49,2021-08-11 20:31:40,W 27 St & 7 Ave,6247,E 48 St & 3 Ave,6541,40.746647,-73.993915,40.7546011026,-73.971878855,casual
2741494,101BB0C29EEF2773,classic_bike,2021-08-04 06:41:59,2021-08-04 06:51:00,Broadway & W 38 St,6560,E 48 St & 3 Ave,6541,40.7529728216068,-73.98734897375107,40.7546011026,-73.971878855,member
2741503,38BCC8A54D953092,classic_bike,2021-08-17 07:06:13,2021-08-17 07:21:06,W 21 St & 6 Ave,6140,E 48 St & 3 Ave,6541,40.74173969,-73.99415556,40.7546011026,-73.971878855,casual
2741516,07EFFE56CFA9A733,classic_bike,2021-08-18 08:24:39,2021-08-18 08:46:43,Amsterdam Ave & W 79 St,7311,E 48 St & 3 Ave,6541,40.7829391,-73.9786517,40.7546011026,-73.971878855,member
2741522,36109045A9B3779B,electric_bike,2021-08-06 12:33:27,2021-08-06 12:41:07,2 Ave & E 31 St,6197,E 48 St & 3 Ave,6541,40.74290902,-73.97706058,40.7546011026,-73.971878855,member
2741556,DB1B1ABE7C1D44FE,classic_bike,2021-08-31 16:12:31,2021-08-31 16:24:30,E 27 St & 1 Ave,6004,E 48 St & 3 Ave,6541,40.739445,-73.976806,40.7546011026,-73.971878855,member
2741579,BB43BB19E566765D,electric_bike,2021-08-07 13:15:42,2021-08-07 14:24:54,W 113 St & Broadway,7713,E 48 St & 3 Ave,6541,40.805973,-73.964928,40.7546011026,-73.971878855,casual
2741581,567E1B7766AD4CD6,electric_bike,2021-08-02 08:32:42,2021-08-02 09:30:16,E 47 St & Park Ave,6584,E 48 St & 3 Ave,6541,40.75510267,-73.97498696,40.7546011026,-73.971878855,casual
2741582,FC388189B73BB1D0,classic_bike,2021-08-15 16:57:35,2021-08-15 17:10:34,Lexington Ave & E 26 St,6089,E 48 St & 3 Ave,6541,40.741459,-73.983293,40.7546011026,-73.971878855,casual
2741598,688F08324633BEFC,classic_bike,2021-08-10 18:23:29,2021-08-10 19:03:44,St Marks Pl & 2 Ave,5669,E 48 St & 3 Ave,6541,40.7284186,-73.98713956,40.7546011026,-73.971878855,member
2741619,199893E795E88876,classic_bike,2021-08-29 18:09:18,2021-08-29 18:17:58,E 31 St & 3 Ave,6239,E 48 St & 3 Ave,6541,40.74394314,-73.97966069,40.7546011026,-73.971878855,member
2741620,88A2AA7A3A491180,electric_bike,2021-08-03 09:59:08,2021-08-03 10:04:27,Broadway & W 51 St,6779,E 48 St & 3 Ave,6541,40.76228826,-73.98336183,40.7546011026,-73.971878855,member
2741627,F27ED767BBD949E9,electric_bike,2021-08-25 09:41:29,2021-08-25 09:47:20,Broadway & W 51 St,6779,E 48 St & 3 Ave,6541,40.76228826,-73.98336183,40.7546011026,-73.971878855,member
2741628,417A0A6938035E6E,classic_bike,2021-08-04 16:33:26,2021-08-04 16:45:30,E 31 St & 3 Ave,6239,E 48 St & 3 Ave,6541,40.74394314,-73.97966069,40.7546011026,-73.971878855,member
2741657,4663F6B05299EF74,classic_bike,2021-08-29 18:37:41,2021-08-29 18:50:59,5 Ave & E 93 St,7372,E 48 St & 3 Ave,6541,40.7857851,-73.957481,40.7546011026,-73.971878855,member
2741669,FAE4FCEFBCF2F396,classic_bike,2021-08-27 00:00:44,2021-08-27 00:11:46,Broadway & W 41 St,6560,E 48 St & 3 Ave,6541,40.75513557,-73.98658032,40.7546011026,-73.971878855,member
2741671,C35A27EFFC4D71B5,electric_bike,2021-08-30 10:49:10,2021-08-30 10:54:34,Broadway & W 41 St,6560,E 48 St & 3 Ave,6541,40.75513557,-73.98658032,40.7546011026,-73.971878855,member
2741703,74155E55DF9FCBBA,classic_bike,2021-08-27 19:55:44,2021-08-27 20:11:09,8 Ave & W 38 St,6526,E 48 St & 3 Ave,6541,40.75461,-73.99177,40.7546011026,-73.971878855,member
2741736,F66CB0D513FF2917,classic_bike,2021-08-25 07:58:48,2021-08-25 08:13:39,E 84 St & 1 Ave,7180,E 48 St & 3 Ave,6541,40.77565541,-73.95068615,40.7546011026,-73.971878855,member
2741742,E90ADF1AB08F58DA,classic_bike,2021-08-08 00:12:10,2021-08-08 12:11:14,W 45 St & 8 Ave,6676,E 48 St & 3 Ave,6541,40.75929124,-73.98859651,40.7546011026,-73.971878855,casual
2741743,1CE1B958806F8039,classic_bike,2021-08-11 08:35:28,2021-08-11 08:44:29,W 45 St & 8 Ave,6676,E 48 St & 3 Ave,6541,40.75929124,-73.98859651,40.7546011026,-73.971878855,casual
2741761,6C6FF1A3A3C8D23C,classic_bike,2021-08-19 07:12:00,2021-08-19 07:19:27,W 45 St & 8 Ave,6676,E 48 St & 3 Ave,6541,40.75929124,-73.98859651,40.7546011026,-73.971878855,member
2741765,4024B1D6E6DF0812,electric_bike,2021-08-16 11:53:35,2021-08-16 11:55:54,W 48 St & Rockefeller Plaza,6667,E 48 St & 3 Ave,6541,40.75793646243674,-73.97960275411606,40.7546011026,-73.971878855,member
2741770,213754D8EB1E49A0,classic_bike,2021-08-18 17:30:11,2021-08-18 17:34:26,W 48 St & Rockefeller Plaza,6667,E 48 St & 3 Ave,6541,40.75793646243674,-73.97960275411606,40.7546011026,-73.971878855,member
2741775,30F45AD292B3455A,classic_bike,2021-08-25 10:37:21,2021-08-25 10:57:17,W 4 St & 7 Ave S,5880,E 48 St & 3 Ave,6541,40.73401143,-74.00293877,40.7546011026,-73.971878855,member
2741808,0A8C5D55DCBE8E7D,classic_bike,2021-08-10 08:36:34,2021-08-10 08:37:10,E 48 St & 3 Ave,6541,E 48 St & 3 Ave,6541,40.7546011026,-73.971878855,40.7546011026,-73.971878855,member
2741809,41722E9EDF2E05DA,classic_bike,2021-08-27 12:11:22,2021-08-27 12:22:36,E 48 St & 3 Ave,6541,6 Ave & W 45 St,6593,40.7546011026,-73.971878855,40.756951,-73.982631,member
2741840,87A3D5FEDC73F859,electric_bike,2021-08-12 22:54:23,2021-08-12 22:58:49,6 Ave & W 45 St,6593,E 48 St & 3 Ave,6541,40.756951,-73.982631,40.7546011026,-73.971878855,member
2741851,6477C396E8E5D84E,classic_bike,2021-08-03 08:55:11,2021-08-03 09:00:21,6 Ave & W 45 St,6593,E 48 St & 3 Ave,6541,40.756951,-73.982631,40.7546011026,-73.971878855,member
2741976,643F75A43ED95171,classic_bike,2021-08-16 18:46:28,2021-08-16 18:53:05,E 39 St & Lexington Ave,6389,E 48 St & 3 Ave,6541,40.7494985460252,-73.97729203113158,40.7546011026,-73.971878855,member
2742006,6DDB837E8CC51A0B,classic_bike,2021-08-25 14:38:32,2021-08-25 14:54:23,E 81 St & 2 Ave,7121,E 48 St & 3 Ave,6541,40.77477944895728,-73.95427465438843,40.7546011026,-73.971878855,member
2742011,9594A6E1B013616E,classic_bike,2021-08-09 18:07:14,2021-08-09 18:23:08,E 48 St & 3 Ave,6541,1 Ave & E 6 St,5626,40.7546011026,-73.971878855,40.72633085971696,-73.98616880178452,member
2742022,62968F873A0B6962,electric_bike,2021-08-05 12:19:12,2021-08-05 12:24:02,E 48 St & 3 Ave,6541,E 39 St & Lexington Ave,6389,40.7546011026,-73.971878855,40.7494985460252,-73.97729203113158,member
2742042,A20D260EBF086F2E,classic_bike,2021-08-02 21:31:25,2021-08-02 21:40:56,Broadway & W 58 St,6948,E 48 St & 3 Ave,6541,40.76695317,-73.98169333,40.7546011026,-73.971878855,member
2742046,0EB44C67F2727C71,electric_bike,2021-08-17 15:21:00,2021-08-17 15:32:20,W 56 St & 10 Ave,6955,E 48 St & 3 Ave,6541,40.768254,-73.988639,40.7546011026,-73.971878855,member
2742049,A633C6C776F81110,classic_bike,2021-08-15 22:46:21,2021-08-15 22:55:33,9 Ave & W 45 St,6717,E 48 St & 3 Ave,6541,40.76019252,-73.9912551,40.7546011026,-73.971878855,member
2742051,68A24FD01DD0434A,classic_bike,2021-08-19 10:08:37,2021-08-19 10:20:05,Broadway & W 58 St,6948,E 48 St & 3 Ave,6541,40.76695317,-73.98169333,40.7546011026,-73.971878855,member
2742113,7F25BBBD81800549,classic_bike,2021-08-29 16:48:54,2021-08-29 17:08:21,LaGuardia Pl & W 3 St,5721,E 48 St & 3 Ave,6541,40.72917025,-73.99810231,40.7546011026,-73.971878855,member
2742124,B802F71BDE0D72C2,electric_bike,2021-08-11 08:45:12,2021-08-11 08:52:36,Madison Ave & E 26 St,6131,E 48 St & 3 Ave,6541,40.742684734875695,-73.98671329021454,40.7546011026,-73.971878855,member
2742142,B83957AA883B85A4,classic_bike,2021-08-24 14:44:26,2021-08-24 14:46:39,E 51 St & Lexington Ave,6659,E 48 St & 3 Ave,6541,40.75714758,-73.97207836,40.7546011026,-73.971878855,member
2742152,6E6FC3129B925916,electric_bike,2021-08-17 02:31:56,2021-08-17 02:41:39,1 Ave & E 68 St,6822,E 48 St & 3 Ave,6541,40.76500525,-73.95818491,40.7546011026,-73.971878855,member
2742157,00835E0E436D2F3C,classic_bike,2021-08-15 09:43:08,2021-08-15 10:02:12,W 74 St & Columbus Ave,7230,E 48 St & 3 Ave,6541,40.7785669,-73.97754961,40.7546011026,-73.971878855,member
2742161,262F8DA0C7ECFB5B,classic_bike,2021-08-24 06:32:01,2021-08-24 07:23:33,1 Ave & E 68 St,6822,E 48 St & 3 Ave,6541,40.76500525,-73.95818491,40.7546011026,-73.971878855,member
2742175,A2AB656F81AA3D8D,classic_bike,2021-08-19 12:59:32,2021-08-19 13:10:50,Amsterdam Ave & W 66 St,7149,E 48 St & 3 Ave,6541,40.7746671,-73.98470567,40.7546011026,-73.971878855,member
2742202,3B74369E115FE037,classic_bike,2021-08-08 19:31:09,2021-08-08 19:54:04,E 88 St & Park Ave,7293,E 48 St & 3 Ave,6541,40.781410700190015,-73.95595908164978,40.7546011026,-73.971878855,member
2742208,A49F87863394C172,electric_bike,2021-08-31 23:07:51,2021-08-31 23:13:28,W 47 St & 6 Ave,6667,E 48 St & 3 Ave,6541,40.758397,-73.98255,40.7546011026,-73.971878855,member
2742251,A5E495A4EC6EB8F7,electric_bike,2021-08-14 00:40:57,2021-08-14 00:45:00,W 47 St & 6 Ave,6667,E 48 St & 3 Ave,6541,40.758397,-73.98255,40.7546011026,-73.971878855,member
2742261,6D011FA0F8B0EBF6,classic_bike,2021-08-25 09:17:25,2021-08-25 09:27:37,E 19 St & 3 Ave,5938,E 48 St & 3 Ave,6541,40.73624527,-73.98473765,40.7546011026,-73.971878855,member
2742274,97D61658F1398BD2,electric_bike,2021-08-19 08:22:07,2021-08-19 08:36:15,W 34 St & 11 Ave,6578,E 48 St & 3 Ave,6541,40.75594159,-74.0021163,40.7546011026,-73.971878855,member
2742330,A166E094CE9236D6,electric_bike,2021-08-09 10:00:37,2021-08-09 10:19:38,King St & Varick St,5687,E 48 St & 3 Ave,6541,40.72789701409023,-74.00536268949507,40.7546011026,-73.971878855,member
2742345,0BD70FED27B0F1F1,electric_bike,2021-08-15 00:59:42,2021-08-15 01:07:40,Broadway & E 14 St,5905,E 48 St & 3 Ave,6541,40.73454567,-73.99074142,40.7546011026,-73.971878855,member
2742365,7A5D7A57CC4167CA,classic_bike,2021-08-15 21:45:52,2021-08-15 21:55:36,7 Ave & Central Park South,6912,E 48 St & 3 Ave,6541,40.7667405590595,-73.9790689945221,40.7546011026,-73.971878855,casual
2742371,F346081C1819565D,electric_bike,2021-08-07 13:42:17,2021-08-07 14:19:38,Lispenard St & Broadway,5391,E 48 St & 3 Ave,6541,40.71939226,-74.00247214,40.7546011026,-73.971878855,casual
2742386,AC54DBDE10047376,classic_bike,2021-08-06 22:51:37,2021-08-06 23:10:06,Broadway & E 14 St,5905,E 48 St & 3 Ave,6541,40.73454567,-73.99074142,40.7546011026,-73.971878855,member
2742405,CC91FDED62A1B6D8,classic_bike,2021-08-13 17:38:43,2021-08-13 17:44:24,E 48 St & 3 Ave,6541,6 Ave & W 45 St,6593,40.7546011026,-73.971878855,40.756951,-73.982631,member
2742413,DCDB16DD57B3662F,classic_bike,2021-08-25 10:55:05,2021-08-25 10:59:56,E 39 St & Lexington Ave,6389,E 48 St & 3 Ave,6541,40.7494985460252,-73.97729203113158,40.7546011026,-73.971878855,member
2742434,FCE70AFD850169C1,classic_bike,2021-08-11 11:37:46,2021-08-11 11:37:49,E 48 St & 3 Ave,6541,E 48 St & 3 Ave,6541,40.7546011026,-73.971878855,40.7546011026,-73.971878855,member
2742490,EFB41E0DE5312B93,classic_bike,2021-08-14 09:11:28,2021-08-14 09:11:51,E 48 St & 3 Ave,6541,E 48 St & 3 Ave,6541,40.7546011026,-73.971878855,40.7546011026,-73.971878855,casual
2742509,E4C0B9A52A5107F4,classic_bike,2021-08-31 18:46:07,2021-08-31 18:57:11,Avenue C & E 18 St,5769,E 48 St & 3 Ave,6541,40.730563,-73.973984,40.7546011026,-73.971878855,member
2742523,76DF768F91C6F31B,electric_bike,2021-08-09 09:18:34,2021-08-09 09:27:18,7 Ave & Central Park South,6912,E 48 St & 3 Ave,6541,40.7667405590595,-73.9790689945221,40.7546011026,-73.971878855,member
2742577,C554FA85CE890E95,classic_bike,2021-08-20 18:05:49,2021-08-20 18:24:46,5 Ave & E 72 St,7100,E 48 St & 3 Ave,6541,40.77282817,-73.96685276,40.7546011026,-73.971878855,casual
2742593,F8D8545D7C277283,electric_bike,2021-08-24 13:12:32,2021-08-24 13:31:46,King St & Varick St,5687,E 48 St & 3 Ave,6541,40.72789701409023,-74.00536268949507,40.7546011026,-73.971878855,member
2742594,65E301C22FE049E6,electric_bike,2021-08-18 13:36:44,2021-08-18 13:55:47,King St & Varick St,5687,E 48 St & 3 Ave,6541,40.72789701409023,-74.00536268949507,40.7546011026,-73.971878855,member
2742602,EFEFF07EED455B54,classic_bike,2021-08-03 12:50:48,2021-08-03 13:10:40,Greenwich St & W Houston St,5730,E 48 St & 3 Ave,6541,40.728846,-74.008591,40.7546011026,-73.971878855,member
2742608,BB561E3A7AB63998,classic_bike,2021-08-29 10:36:31,2021-08-29 10:57:28,Greenwich St & W Houston St,5730,E 48 St & 3 Ave,6541,40.728846,-74.008591,40.7546011026,-73.971878855,casual
2742614,E4ACFDE0ABEB4334,classic_bike,2021-08-24 16:55:19,2021-08-24 17:08:52,W 47 St & 6 Ave,6667,E 48 St & 3 Ave,6541,40.758397,-73.98255,40.7546011026,-73.971878855,casual
2742634,A105ECB23391FAE8,electric_bike,2021-08-02 09:07:53,2021-08-02 09:27:03,Central Park West & W 85 St,7354,E 48 St & 3 Ave,6541,40.78476,-73.969862,40.7546011026,-73.971878855,member
2742644,589E8E70087B7231,electric_bike,2021-08-31 08:35:04,2021-08-31 08:43:17,Madison Ave & E 26 St,6131,E 48 St & 3 Ave,6541,40.742684734875695,-73.98671329021454,40.7546011026,-73.971878855,member
2742645,17156A02AA29CBB7,classic_bike,2021-08-31 07:06:19,2021-08-31 07:30:42,Riverside Blvd & W 67 St,7183,E 48 St & 3 Ave,6541,40.777507027547976,-73.98888587951659,40.7546011026,-73.971878855,member
2742646,31FD85CE6580B211,electric_bike,2021-08-31 05:54:32,2021-08-31 06:03:01,1 Ave & E 68 St,6822,E 48 St & 3 Ave,6541,40.76500525,-73.95818491,40.7546011026,-73.971878855,member
2742653,1AB3899CED7BF880,electric_bike,2021-08-13 08:25:25,2021-08-13 08:33:10,1 Ave & E 68 St,6822,E 48 St & 3 Ave,6541,40.76500525,-73.95818491,40.7546011026,-73.971878855,member
2742663,8B4BDAC3C088EB1D,classic_bike,2021-08-16 20:45:03,2021-08-16 20:54:58,Broadway & W 29 St,6289,E 48 St & 3 Ave,6541,40.7462009,-73.98855723,40.7546011026,-73.971878855,member
2742664,77DB62DFEA765773,classic_bike,2021-08-26 17:30:33,2021-08-26 17:43:51,Broadway & W 58 St,6948,E 48 St & 3 Ave,6541,40.76695317,-73.98169333,40.7546011026,-73.971878855,member
2742666,23D41309EE5BDF2C,classic_bike,2021-08-16 08:53:33,2021-08-16 09:04:28,2 Ave & E 72 St,6925,E 48 St & 3 Ave,6541,40.7687620293096,-73.95840793848038,40.7546011026,-73.971878855,member
2742674,F1CAFBF3F54B5C06,classic_bike,2021-08-10 18:36:35,2021-08-10 18:46:31,1 Ave & E 68 St,6822,E 48 St & 3 Ave,6541,40.76500525,-73.95818491,40.7546011026,-73.971878855,member
2742683,65A5C9507F6DEE42,classic_bike,2021-08-30 08:50:01,2021-08-30 09:00:12,2 Ave & E 72 St,6925,E 48 St & 3 Ave,6541,40.7687620293096,-73.95840793848038,40.7546011026,-73.971878855,member
2742693,AB7EC7F8458C820B,electric_bike,2021-08-10 09:23:44,2021-08-10 09:30:58,Broadway & W 51 St,6779,E 48 St & 3 Ave,6541,40.76228826,-73.98336183,40.7546011026,-73.971878855,member
2742695,9047C2332B61ED40,classic_bike,2021-08-18 09:55:26,2021-08-18 10:02:32,Broadway & W 51 St,6779,E 48 St & 3 Ave,6541,40.76228826,-73.98336183,40.7546011026,-73.971878855,member
2742696,E99165E3675CCCB2,classic_bike,2021-08-05 08:31:33,2021-08-05 08:39:42,E 31 St & 3 Ave,6239,E 48 St & 3 Ave,6541,40.74394314,-73.97966069,40.7546011026,-73.971878855,member
2742697,3C84673BB678FF0D,classic_bike,2021-08-17 07:51:14,2021-08-17 08:00:03,Broadway & W 51 St,6779,E 48 St & 3 Ave,6541,40.76228826,-73.98336183,40.7546011026,-73.971878855,member
2742708,E6E15BF9FD323DC0,classic_bike,2021-08-27 08:46:18,2021-08-27 08:52:31,E 31 St & 3 Ave,6239,E 48 St & 3 Ave,6541,40.74394314,-73.97966069,40.7546011026,-73.971878855,casual
2742713,13443E9A936A0520,classic_bike,2021-08-12 12:39:22,2021-08-12 12:45:04,Broadway & W 51 St,6779,E 48 St & 3 Ave,6541,40.76228826,-73.98336183,40.7546011026,-73.971878855,member
2742722,3F322560B543ACF1,classic_bike,2021-08-24 10:32:32,2021-08-24 10:40:28,Broadway & W 51 St,6779,E 48 St & 3 Ave,6541,40.76228826,-73.98336183,40.7546011026,-73.971878855,member
2742731,6B5BBA4C1BB2E855,classic_bike,2021-08-12 17:25:10,2021-08-12 17:33:12,W 49 St & 8 Ave,6747,E 48 St & 3 Ave,6541,40.76227205,-73.98788205,40.7546011026,-73.971878855,member
2742734,2059039671B7A3DD,classic_bike,2021-08-16 08:47:26,2021-08-16 08:57:19,W 49 St & 8 Ave,6747,E 48 St & 3 Ave,6541,40.76227205,-73.98788205,40.7546011026,-73.971878855,member
2742738,F78F9F9F9FDB6F21,classic_bike,2021-08-18 08:34:59,2021-08-18 08:50:06,W 35 St & Dyer Ave,6569,E 48 St & 3 Ave,6541,40.754691750226016,-73.99740189313889,40.7546011026,-73.971878855,member
2742743,C6CC0016B7D0C41B,classic_bike,2021-08-26 07:58:14,2021-08-26 08:12:26,W 35 St & Dyer Ave,6569,E 48 St & 3 Ave,6541,40.754691750226016,-73.99740189313889,40.7546011026,-73.971878855,member
2742746,9BED90D4AA3F7072,electric_bike,2021-08-22 23:51:42,2021-08-22 23:58:47,E 31 St & 3 Ave,6239,E 48 St & 3 Ave,6541,40.74394314,-73.97966069,40.7546011026,-73.971878855,member
2742769,CF89190C4A6D2B46,classic_bike,2021-08-05 17:43:23,2021-08-05 17:46:37,E 53 St & Madison Ave,6659,E 48 St & 3 Ave,6541,40.7597108,-73.97402311,40.7546011026,-73.971878855,member
2742780,0E078E8884CD8D7F,electric_bike,2021-08-19 12:38:13,2021-08-19 12:46:23,W 49 St & 8 Ave,6747,E 48 St & 3 Ave,6541,40.76227205,-73.98788205,40.7546011026,-73.971878855,member
2742784,5265056BC4C4E206,classic_bike,2021-08-16 08:24:07,2021-08-16 08:31:41,W 49 St & 8 Ave,6747,E 48 St & 3 Ave,6541,40.76227205,-73.98788205,40.7546011026,-73.971878855,member
2742792,0FF70058CFFC49D7,classic_bike,2021-08-26 19:56:27,2021-08-26 20:11:05,2 Ave & E 31 St,6197,E 48 St & 3 Ave,6541,40.74290902,-73.97706058,40.7546011026,-73.971878855,casual
2742810,C567A14921B19DA3,classic_bike,2021-08-04 07:57:24,2021-08-04 08:18:09,Riverside Dr & W 72 St,7288,E 48 St & 3 Ave,6541,40.78057799010334,-73.98562431335449,40.7546011026,-73.971878855,member
2742813,E8E3564E180F4BEF,classic_bike,2021-08-31 12:48:11,2021-08-31 13:04:17,5 Ave & E 29 St,6248,E 48 St & 3 Ave,6541,40.7451677,-73.98683077,40.7546011026,-73.971878855,member
2742821,D9E8DE345356233E,electric_bike,2021-08-05 09:20:00,2021-08-05 09:28:40,W 53 St & 10 Ave,6890,E 48 St & 3 Ave,6541,40.76669671,-73.99061728,40.7546011026,-73.971878855,member
2742824,0A1F0E9014A85B68,classic_bike,2021-08-31 10:08:22,2021-08-31 10:37:39,West St & Liberty St,5184,E 48 St & 3 Ave,6541,40.711444,-74.014847,40.7546011026,-73.971878855,member
2742830,2A6886030846C144,classic_bike,2021-08-16 08:34:09,2021-08-16 08:46:26,Central Park West & W 68 St,7079,E 48 St & 3 Ave,6541,40.7734066,-73.97782542,40.7546011026,-73.971878855,member
2742832,7A1EECF56DFE5314,classic_bike,2021-08-18 16:36:59,2021-08-18 16:44:41,E 32 St & Park Ave,6280,E 48 St & 3 Ave,6541,40.7457121,-73.98194829,40.7546011026,-73.971878855,member
2742836,F757D0DB77300D84,electric_bike,2021-08-11 09:25:40,2021-08-11 09:36:41,Central Park West & W 68 St,7079,E 48 St & 3 Ave,6541,40.7734066,-73.97782542,40.7546011026,-73.971878855,member
2742838,69AE5C34D7E82A83,classic_bike,2021-08-18 17:14:02,2021-08-18 17:49:59,Frederick Douglass Blvd & W 117 St,7688,E 48 St & 3 Ave,6541,40.805159,-73.954692,40.7546011026,-73.971878855,member
2742842,1E1E6B309FEA1AEA,classic_bike,2021-08-05 07:57:59,2021-08-05 08:15:14,Riverside Dr & W 72 St,7288,E 48 St & 3 Ave,6541,40.78057799010334,-73.98562431335449,40.7546011026,-73.971878855,member
2742843,4C361F5C2FEDE787,classic_bike,2021-08-20 06:34:28,2021-08-20 06:54:46,Riverside Dr & W 72 St,7288,E 48 St & 3 Ave,6541,40.78057799010334,-73.98562431335449,40.7546011026,-73.971878855,member
2742844,B671B2E4CC9ED148,classic_bike,2021-08-30 07:37:36,2021-08-30 07:54:37,Riverside Dr & W 72 St,7288,E 48 St & 3 Ave,6541,40.78057799010334,-73.98562431335449,40.7546011026,-73.971878855,member
2742845,0419D226FDA5A2CF,classic_bike,2021-08-05 18:31:31,2021-08-05 18:39:47,5 Ave & E 29 St,6248,E 48 St & 3 Ave,6541,40.7451677,-73.98683077,40.7546011026,-73.971878855,member
2742850,D848ABFE650E9EB8,classic_bike,2021-08-23 16:36:55,2021-08-23 16:42:23,E 48 St & 3 Ave,6541,E 39 St & Lexington Ave,6389,40.7546011026,-73.971878855,40.7494985460252,-73.97729203113158,member
2742876,6EFB55D26015462B,classic_bike,2021-08-20 23:11:19,2021-08-20 23:16:33,E 48 St & 3 Ave,6541,6 Ave & W 45 St,6593,40.7546011026,-73.971878855,40.756951,-73.982631,member
2742885,2849344A3D3699BE,classic_bike,2021-08-05 18:35:24,2021-08-05 18:52:38,E 48 St & 3 Ave,6541,E 48 St & 3 Ave,6541,40.7546011026,-73.971878855,40.7546011026,-73.971878855,member
2742899,42E1D1C2B468D775,classic_bike,2021-08-04 23:51:25,2021-08-04 23:51:33,E 48 St & 3 Ave,6541,E 48 St & 3 Ave,6541,40.7546011026,-73.971878855,40.7546011026,-73.971878855,member
2742904,1D14D87E5F48C3CB,classic_bike,2021-08-25 14:19:16,2021-08-25 14:45:04,E 48 St & 3 Ave,6541,Market St & Henry St,5270,40.7546011026,-73.971878855,40.71310702305908,-73.99446353316307,member
2742918,EC3EE1FB3CBF7B13,classic_bike,2021-08-09 17:27:31,2021-08-09 17:27:36,E 48 St & 3 Ave,6541,E 48 St & 3 Ave,6541,40.7546011026,-73.971878855,40.7546011026,-73.971878855,member
2742926,123C399CC60464EB,classic_bike,2021-08-31 18:30:19,2021-08-31 18:31:49,E 48 St & 3 Ave,6541,E 48 St & 3 Ave,6541,40.7546011026,-73.971878855,40.7546011026,-73.971878855,member
2742951,ECF345B7A28D5AE6,classic_bike,2021-08-23 14:24:19,2021-08-23 15:04:05,E 48 St & 3 Ave,6541,E 39 St & Lexington Ave,6389,40.7546011026,-73.971878855,40.7494985460252,-73.97729203113158,casual
2742986,BA169E78C3ED6049,classic_bike,2021-08-17 09:50:41,2021-08-17 09:59:38,W 41 St & 8 Ave,6602,E 48 St & 3 Ave,6541,40.75640548,-73.9900262,40.7546011026,-73.971878855,member
2742991,7C075D301B07D0B0,electric_bike,2021-08-15 14:01:26,2021-08-15 14:09:23,W 41 St & 8 Ave,6602,E 48 St & 3 Ave,6541,40.75640548,-73.9900262,40.7546011026,-73.971878855,casual
2742996,D6712E251C08FF70,electric_bike,2021-08-26 08:24:43,2021-08-26 08:33:25,1 Ave & E 68 St,6822,E 48 St & 3 Ave,6541,40.76500525,-73.95818491,40.7546011026,-73.971878855,member
2743012,6EA3507B9A8F1B93,classic_bike,2021-08-06 16:28:30,2021-08-06 16:39:57,W 54 St & 11 Ave,6955,E 48 St & 3 Ave,6541,40.768333,-73.992573,40.7546011026,-73.971878855,casual
2743013,5009F425E3DBE489,classic_bike,2021-08-19 22:00:05,2021-08-19 22:15:04,W 54 St & 11 Ave,6955,E 48 St & 3 Ave,6541,40.768333,-73.992573,40.7546011026,-73.971878855,casual
2743022,6DCCEE422D935989,classic_bike,2021-08-02 08:44:52,2021-08-02 08:54:37,2 Ave & E 72 St,6925,E 48 St & 3 Ave,6541,40.7687620293096,-73.95840793848038,40.7546011026,-73.971878855,casual
2743033,D86D88BE5DF32A89,classic_bike,2021-08-27 06:03:16,2021-08-27 06:14:25,2 Ave & E 72 St,6925,E 48 St & 3 Ave,6541,40.7687620293096,-73.95840793848038,40.7546011026,-73.971878855,member
2743045,E9FD5133302F81FB,classic_bike,2021-08-03 17:29:11,2021-08-03 17:38:54,W 45 St & 8 Ave,6676,E 48 St & 3 Ave,6541,40.75929124,-73.98859651,40.7546011026,-73.971878855,member
2743059,0F41CF491063FCBE,electric_bike,2021-08-24 08:38:29,2021-08-24 08:45:08,W 49 St & 8 Ave,6747,E 48 St & 3 Ave,6541,40.76227205,-73.98788205,40.7546011026,-73.971878855,member
2743062,7A177DD18D0C9720,classic_bike,2021-08-27 08:49:20,2021-08-27 09:10:13,W 21 St & 6 Ave,6140,E 48 St & 3 Ave,6541,40.74173969,-73.99415556,40.7546011026,-73.971878855,member
2743063,2D0220F94339B54B,classic_bike,2021-08-19 08:09:12,2021-08-19 08:23:15,W 49 St & 8 Ave,6747,E 48 St & 3 Ave,6541,40.76227205,-73.98788205,40.7546011026,-73.971878855,member
2743071,B389D4E6CDDD2F83,classic_bike,2021-08-11 08:49:21,2021-08-11 09:01:40,W 25 St & 6 Ave,6215,E 48 St & 3 Ave,6541,40.74395411,-73.99144871,40.7546011026,-73.971878855,member
2743072,9167130BE82E2243,classic_bike,2021-08-13 07:39:00,2021-08-13 07:51:43,W 25 St & 6 Ave,6215,E 48 St & 3 Ave,6541,40.74395411,-73.99144871,40.7546011026,-73.971878855,member
2743080,DE1445C57424090D,classic_bike,2021-08-25 15:38:55,2021-08-25 15:47:57,Broadway & W 41 St,6560,E 48 St & 3 Ave,6541,40.75513557,-73.98658032,40.7546011026,-73.971878855,member
2743081,0EBEE4FD0DD9B369,classic_bike,2021-08-03 07:58:26,2021-08-03 08:05:42,Broadway & W 41 St,6560,E 48 St & 3 Ave,6541,40.75513557,-73.98658032,40.7546011026,-73.971878855,member
2743082,C10BC3DA145088F9,classic_bike,2021-08-26 08:10:07,2021-08-26 08:18:16,Broadway & W 41 St,6560,E 48 St & 3 Ave,6541,40.75513557,-73.98658032,40.7546011026,-73.971878855,member
2743099,02295F112235F17A,classic_bike,2021-08-28 20:14:20,2021-08-28 20:25:44,W 54 St & 11 Ave,6955,E 48 St & 3 Ave,6541,40.768333,-73.992573,40.7546011026,-73.971878855,casual
2743103,0997376BB0B5F340,electric_bike,2021-08-27 16:02:43,2021-08-27 16:11:56,E 68 St & Madison Ave,6932,E 48 St & 3 Ave,6541,40.7691572,-73.96703464,40.7546011026,-73.971878855,casual
2743106,141DDF05831FEECA,classic_bike,2021-08-25 07:32:11,2021-08-25 07:51:19,Riverside Dr & W 72 St,7288,E 48 St & 3 Ave,6541,40.78057799010334,-73.98562431335449,40.7546011026,-73.971878855,member
2743118,1F214D14013D535A,classic_bike,2021-08-06 17:27:38,2021-08-06 17:51:27,Riverside Dr & W 72 St,7288,E 48 St & 3 Ave,6541,40.78057799010334,-73.98562431335449,40.7546011026,-73.971878855,member
2743119,945415330936834C,classic_bike,2021-08-04 08:40:12,2021-08-04 09:08:11,Frederick Douglass Blvd & W 117 St,7688,E 48 St & 3 Ave,6541,40.805159,-73.954692,40.7546011026,-73.971878855,member
2743132,EFA6AF81E4404F05,classic_bike,2021-08-25 08:45:17,2021-08-25 08:57:29,W 63 St & Broadway,7052,E 48 St & 3 Ave,6541,40.77163851,-73.98261428,40.7546011026,-73.971878855,member
2743143,33D1A1A9EA907476,classic_bike,2021-08-05 20:49:04,2021-08-05 21:01:29,W 63 St & Broadway,7052,E 48 St & 3 Ave,6541,40.77163851,-73.98261428,40.7546011026,-73.971878855,member
2743155,8A7EDEAF4E07B5C5,classic_bike,2021-08-31 17:55:39,2021-08-31 18:20:59,W 30 St & 10 Ave,6459,E 48 St & 3 Ave,6541,40.752694,-74.002353,40.7546011026,-73.971878855,member
2743179,08F4BAA9C8A6E57C,classic_bike,2021-08-07 15:15:04,2021-08-07 17:21:40,12 Ave & W 40 St,6765,E 48 St & 3 Ave,6541,40.76087502,-74.00277668,40.7546011026,-73.971878855,casual
2743200,7C8256C7D65D4038,electric_bike,2021-08-11 11:15:58,2021-08-11 11:48:57,Willoughby Ave & Walworth St,4634,E 48 St & 3 Ave,6541,40.69331716,-73.95381995,40.7546011026,-73.971878855,member
2743205,DC10A5526392CDD2,classic_bike,2021-08-26 17:50:27,2021-08-26 18:08:11,10 Ave & W 28 St,6459,E 48 St & 3 Ave,6541,40.75066386,-74.00176802,40.7546011026,-73.971878855,member
2743247,3F74AE58FB6B7B37,classic_bike,2021-08-19 17:36:50,2021-08-19 17:42:01,E 54 St & 1 Ave,6608,E 48 St & 3 Ave,6541,40.756265,-73.964179,40.7546011026,-73.971878855,member
2743260,724B79ACEE61ED5B,classic_bike,2021-08-05 20:03:55,2021-08-05 20:09:56,E 58 St & 3 Ave,6762,E 48 St & 3 Ave,6541,40.76095756,-73.96724467,40.7546011026,-73.971878855,member
2743277,A2D7562B445192E5,classic_bike,2021-08-07 00:22:09,2021-08-07 00:28:43,W 45 St & 8 Ave,6676,E 48 St & 3 Ave,6541,40.75929124,-73.98859651,40.7546011026,-73.971878855,member
2743291,2E4BD1DB5A07881E,classic_bike,2021-08-15 19:19:37,2021-08-15 20:15:08,Lafayette St & Jersey St,5561,E 48 St & 3 Ave,6541,40.72456089,-73.99565293,40.7546011026,-73.971878855,casual
2743393,495D8CA06FC22253,classic_bike,2021-08-13 23:42:06,2021-08-13 23:49:13,Broadway & W 51 St,6779,E 48 St & 3 Ave,6541,40.76228826,-73.98336183,40.7546011026,-73.971878855,member
2743424,24B5EBD88E1C4B9C,classic_bike,2021-08-03 12:47:31,2021-08-03 12:59:32,W 49 St & 8 Ave,6747,E 48 St & 3 Ave,6541,40.76227205,-73.98788205,40.7546011026,-73.971878855,member
2743433,02459BCDC101270E,electric_bike,2021-08-08 12:08:29,2021-08-08 12:17:44,Lexington Ave & E 29 St,6164,E 48 St & 3 Ave,6541,40.74311555376486,-73.98215353488922,40.7546011026,-73.971878855,member
2743434,485ECE985F989622,classic_bike,2021-08-08 15:39:21,2021-08-08 15:47:35,Lexington Ave & E 29 St,6164,E 48 St & 3 Ave,6541,40.74311555376486,-73.98215353488922,40.7546011026,-73.971878855,member
2743461,46C02BFD0FB02979,electric_bike,2021-08-13 10:34:41,2021-08-13 11:14:18,S Portland Ave & Hanson Pl,4354,E 48 St & 3 Ave,6541,40.68539567,-73.97431458,40.7546011026,-73.971878855,member
2743468,28F5ABAC6E9028EC,classic_bike,2021-08-21 16:13:22,2021-08-21 16:33:02,11 Ave & W 59 St,7059,E 48 St & 3 Ave,6541,40.77149671054441,-73.99046033620834,40.7546011026,-73.971878855,casual
2743470,839AEFA8F5BAD1FA,classic_bike,2021-08-28 17:39:59,2021-08-28 17:58:23,11 Ave & W 59 St,7059,E 48 St & 3 Ave,6541,40.77149671054441,-73.99046033620834,40.7546011026,-73.971878855,casual
2743565,9EA49E53150AEBF9,electric_bike,2021-08-25 07:56:29,2021-08-25 08:08:48,E 84 St & 1 Ave,7180,E 48 St & 3 Ave,6541,40.77565541,-73.95068615,40.7546011026,-73.971878855,casual
2743619,25B2CB3D19901DE8,classic_bike,2021-08-07 15:23:26,2021-08-07 17:21:33,12 Ave & W 40 St,6765,E 48 St & 3 Ave,6541,40.76087502,-74.00277668,40.7546011026,-73.971878855,casual
2743623,9321D9C21A77D47F,electric_bike,2021-08-17 08:03:33,2021-08-17 08:13:34,W 47 St & 10 Ave,6824,E 48 St & 3 Ave,6541,40.76269882,-73.99301222,40.7546011026,-73.971878855,member
2743649,B668BC8955D712BF,classic_bike,2021-08-19 12:23:51,2021-08-19 12:30:24,Broadway & W 41 St,6560,E 48 St & 3 Ave,6541,40.75513557,-73.98658032,40.7546011026,-73.971878855,member
2743653,2F9843FD23A6837C,classic_bike,2021-08-21 11:33:13,2021-08-21 11:48:03,W 54 St & 11 Ave,6955,E 48 St & 3 Ave,6541,40.768333,-73.992573,40.7546011026,-73.971878855,casual
2743658,0079825D266B9F48,electric_bike,2021-08-02 08:40:08,2021-08-02 08:46:35,E 68 St & Madison Ave,6932,E 48 St & 3 Ave,6541,40.7691572,-73.96703464,40.7546011026,-73.971878855,member
2743675,3D7C616A0E4E07BE,classic_bike,2021-08-04 08:38:07,2021-08-04 08:48:48,1 Ave & E 68 St,6822,E 48 St & 3 Ave,6541,40.76500525,-73.95818491,40.7546011026,-73.971878855,member
2743676,AFFCEB70619ABD01,classic_bike,2021-08-11 08:33:23,2021-08-11 08:46:00,1 Ave & E 68 St,6822,E 48 St & 3 Ave,6541,40.76500525,-73.95818491,40.7546011026,-73.971878855,member
2743678,0C2F23289CD0E8E0,classic_bike,2021-08-20 08:58:49,2021-08-20 09:09:53,1 Ave & E 68 St,6822,E 48 St & 3 Ave,6541,40.76500525,-73.95818491,40.7546011026,-73.971878855,member
2743679,CCA7233B50AC88BE,classic_bike,2021-08-03 08:47:41,2021-08-03 08:57:03,Madison Ave & E 26 St,6131,E 48 St & 3 Ave,6541,40.742684734875695,-73.98671329021454,40.7546011026,-73.971878855,member
2743683,1DC9AA5B13924D42,classic_bike,2021-08-16 18:36:01,2021-08-16 18:56:57,E 58 St & 1 Ave (NE Corner),6682,E 48 St & 3 Ave,6541,40.75892386377695,-73.96226227283478,40.7546011026,-73.971878855,member
2743685,7D979A670C1CB3A0,classic_bike,2021-08-16 16:55:25,2021-08-16 17:07:16,1 Ave & E 68 St,6822,E 48 St & 3 Ave,6541,40.76500525,-73.95818491,40.7546011026,-73.971878855,member
2743687,1C86B2C20EA43D6F,classic_bike,2021-08-25 23:36:45,2021-08-25 23:49:40,1 Ave & E 68 St,6822,E 48 St & 3 Ave,6541,40.76500525,-73.95818491,40.7546011026,-73.971878855,member
2743723,3BBBB60DAE772EBB,classic_bike,2021-08-04 09:13:11,2021-08-04 09:19:16,E 58 St & 3 Ave,6762,E 48 St & 3 Ave,6541,40.76095756,-73.96724467,40.7546011026,-73.971878855,member
2743752,275518D87E930027,classic_bike,2021-08-10 07:20:17,2021-08-10 07:37:38,5 Ave & E 93 St,7372,E 48 St & 3 Ave,6541,40.7857851,-73.957481,40.7546011026,-73.971878855,member
2743782,CB1A79096BB529F0,classic_bike,2021-08-13 20:40:44,2021-08-13 20:48:43,E 76 St & Park Ave,7128,E 48 St & 3 Ave,6541,40.773763,-73.96222088,40.7546011026,-73.971878855,member
2743783,18A1EE28802D42D5,electric_bike,2021-08-10 08:48:19,2021-08-10 09:02:03,Carmine St & 6 Ave,5763,E 48 St & 3 Ave,6541,40.73038599,-74.00214988,40.7546011026,-73.971878855,member
2743784,A39C5F5C3DB1DA95,electric_bike,2021-08-09 08:40:50,2021-08-09 08:54:39,Carmine St & 6 Ave,5763,E 48 St & 3 Ave,6541,40.73038599,-74.00214988,40.7546011026,-73.971878855,member
2743785,7603EC11F491BFB4,electric_bike,2021-08-07 18:58:52,2021-08-07 19:12:04,W 63 St & Broadway,7052,E 48 St & 3 Ave,6541,40.77163851,-73.98261428,40.7546011026,-73.971878855,member
2743828,B89BE18BF5609D98,classic_bike,2021-08-17 00:41:29,2021-08-17 00:46:20,E 48 St & 3 Ave,6541,E 48 St & 3 Ave,6541,40.7546011026,-73.971878855,40.7546011026,-73.971878855,member
2743841,856D96BAA85ECAC4,classic_bike,2021-08-19 08:44:02,2021-08-19 08:47:34,E 39 St & Lexington Ave,6389,E 48 St & 3 Ave,6541,40.7494985460252,-73.97729203113158,40.7546011026,-73.971878855,member
2743851,F535DDFCF352ED2C,electric_bike,2021-08-13 12:53:35,2021-08-13 13:03:19,Lexington Ave & E 29 St,6164,E 48 St & 3 Ave,6541,40.74311555376486,-73.98215353488922,40.7546011026,-73.971878855,member
2743856,64AC4F6349ED9FCD,classic_bike,2021-08-17 15:46:16,2021-08-17 15:54:08,Lexington Ave & E 29 St,6164,E 48 St & 3 Ave,6541,40.74311555376486,-73.98215353488922,40.7546011026,-73.971878855,member
2743858,2B35667D952B0662,classic_bike,2021-08-01 19:29:50,2021-08-01 19:38:20,W 49 St & 8 Ave,6747,E 48 St & 3 Ave,6541,40.76227205,-73.98788205,40.7546011026,-73.971878855,casual
2743860,A4858473D45E6183,classic_bike,2021-08-21 18:42:35,2021-08-21 18:52:33,W 49 St & 8 Ave,6747,E 48 St & 3 Ave,6541,40.76227205,-73.98788205,40.7546011026,-73.971878855,casual
2743863,E3183B017BB1042A,electric_bike,2021-08-30 08:18:32,2021-08-30 08:25:30,W 49 St & 8 Ave,6747,E 48 St & 3 Ave,6541,40.76227205,-73.98788205,40.7546011026,-73.971878855,member
2743880,4C42401F30CC7BC0,electric_bike,2021-08-10 06:03:07,2021-08-10 06:06:54,E 40 St & 5 Ave,6474,E 48 St & 3 Ave,6541,40.752062307,-73.9816324043,40.7546011026,-73.971878855,member
2743890,D0EEDC58A503E68C,electric_bike,2021-08-06 11:45:06,2021-08-06 12:03:57,FDR Drive & E 35 St,6230,E 48 St & 3 Ave,6541,40.744219,-73.97121214,40.7546011026,-73.971878855,casual
2743898,8A65CD32B65D963C,electric_bike,2021-08-09 10:57:38,2021-08-09 11:03:51,Lexington Ave & E 29 St,6164,E 48 St & 3 Ave,6541,40.74311555376486,-73.98215353488922,40.7546011026,-73.971878855,member
2743912,4198F0DE6F69DFE7,classic_bike,2021-08-25 09:07:44,2021-08-25 09:24:39,E 93 St & 2 Ave,7286,E 48 St & 3 Ave,6541,40.782454175279874,-73.9489196240902,40.7546011026,-73.971878855,member
2743931,B4D6C16FEAF14A3D,classic_bike,2021-08-03 09:37:04,2021-08-03 09:51:25,11 Ave & W 59 St,7059,E 48 St & 3 Ave,6541,40.77149671054441,-73.99046033620834,40.7546011026,-73.971878855,member
2743934,67D6BAC1B3B7D380,electric_bike,2021-08-31 09:42:50,2021-08-31 10:00:32,8 Ave & W 16 St,6072,E 48 St & 3 Ave,6541,40.740983,-74.001702,40.7546011026,-73.971878855,member
2743950,C1365C3C2B1E112A,classic_bike,2021-08-01 11:10:26,2021-08-01 11:22:36,W 52 St & 11 Ave,6926,E 48 St & 3 Ave,6541,40.76727216,-73.99392888,40.7546011026,-73.971878855,member
2743965,8255CA36053B3F1D,classic_bike,2021-08-31 08:39:36,2021-08-31 08:43:35,E 39 St & Lexington Ave,6389,E 48 St & 3 Ave,6541,40.7494985460252,-73.97729203113158,40.7546011026,-73.971878855,member
2743988,EB0FEBB0F693BDAC,classic_bike,2021-08-24 14:44:27,2021-08-24 14:44:46,E 48 St & 3 Ave,6541,E 48 St & 3 Ave,6541,40.7546011026,-73.971878855,40.7546011026,-73.971878855,member
2744006,5B7BB2FB7DB6CF44,classic_bike,2021-08-10 12:14:09,2021-08-10 12:47:20,W 20 St & 8 Ave,6224,E 48 St & 3 Ave,6541,40.74345335,-74.00004031,40.7546011026,-73.971878855,member
2744018,C5B927A255AB7468,classic_bike,2021-08-17 08:12:44,2021-08-17 08:27:59,E 16 St & Irving Pl,5938,E 48 St & 3 Ave,6541,40.735367055605394,-73.98797392845154,40.7546011026,-73.971878855,member
2744043,228FC00C5012541A,electric_bike,2021-08-04 11:46:14,2021-08-04 11:54:08,Broadway & W 37 St,6441,E 48 St & 3 Ave,6541,40.75172632,-73.98753523,40.7546011026,-73.971878855,member
2744110,4615F2ABC3BAC873,classic_bike,2021-08-30 16:57:06,2021-08-30 17:13:14,9 Ave & W 22 St,6266,E 48 St & 3 Ave,6541,40.7454973,-74.00197139,40.7546011026,-73.971878855,member
2744128,4B7D3FF469261AC2,classic_bike,2021-08-10 07:16:10,2021-08-10 07:36:31,9 Ave & W 22 St,6266,E 48 St & 3 Ave,6541,40.7454973,-74.00197139,40.7546011026,-73.971878855,member
2744133,8B8CD6ABD166BD53,electric_bike,2021-08-26 08:31:54,2021-08-26 08:40:17,2 Ave & E 29 St,6122,E 48 St & 3 Ave,6541,40.74172351097472,-73.97809267044067,40.7546011026,-73.971878855,member
2744143,AEDA99172E5F6FF2,electric_bike,2021-08-26 14:45:21,2021-08-26 14:47:52,W 48 St & Rockefeller Plaza,6667,E 48 St & 3 Ave,6541,40.75793646243674,-73.97960275411606,40.7546011026,-73.971878855,member
2744145,74077E75AA403F5C,classic_bike,2021-08-05 17:32:02,2021-08-05 17:35:53,W 48 St & Rockefeller Plaza,6667,E 48 St & 3 Ave,6541,40.75793646243674,-73.97960275411606,40.7546011026,-73.971878855,member
2744148,10AD917E99137F93,classic_bike,2021-08-31 16:42:42,2021-08-31 16:47:53,W 48 St & Rockefeller Plaza,6667,E 48 St & 3 Ave,6541,40.75793646243674,-73.97960275411606,40.7546011026,-73.971878855,member
2744153,06B4C8F3706361D1,electric_bike,2021-08-16 10:48:53,2021-08-16 10:54:39,W 48 St & Rockefeller Plaza,6667,E 48 St & 3 Ave,6541,40.75793646243674,-73.97960275411606,40.7546011026,-73.971878855,member
2744159,EEE248B32C506A50,classic_bike,2021-08-14 08:51:58,2021-08-14 09:29:11,5 Ave & E 103 St,7511,E 48 St & 3 Ave,6541,40.7922553,-73.95249933,40.7546011026,-73.971878855,member
2744162,91D2808A040F1710,electric_bike,2021-08-27 11:52:21,2021-08-27 12:12:57,5 Ave & E 103 St,7511,E 48 St & 3 Ave,6541,40.7922553,-73.95249933,40.7546011026,-73.971878855,member
2744171,36A12CA981BA0E8C,electric_bike,2021-08-17 09:43:57,2021-08-17 09:44:32,E 48 St & 3 Ave,6541,E 48 St & 3 Ave,6541,40.7546011026,-73.971878855,40.7546011026,-73.971878855,member
2744174,EF890359ED4D3EC2,classic_bike,2021-08-14 14:03:53,2021-08-14 14:04:44,E 48 St & 3 Ave,6541,E 48 St & 3 Ave,6541,40.7546011026,-73.971878855,40.7546011026,-73.971878855,member
2744179,A2F52E429BDB63F8,classic_bike,2021-08-21 10:40:56,2021-08-21 10:44:57,E 48 St & 3 Ave,6541,E 39 St & Lexington Ave,6389,40.7546011026,-73.971878855,40.7494985460252,-73.97729203113158,member
2744181,54E22649CACCD339,classic_bike,2021-08-25 10:34:42,2021-08-25 10:44:27,E 48 St & 3 Ave,6541,E 48 St & 3 Ave,6541,40.7546011026,-73.971878855,40.7546011026,-73.971878855,member
2744197,A9EC87CF4D16980B,classic_bike,2021-08-26 16:18:30,2021-08-26 16:18:52,E 48 St & 3 Ave,6541,E 48 St & 3 Ave,6541,40.7546011026,-73.971878855,40.7546011026,-73.971878855,member
2744198,18B6F89E0661948D,classic_bike,2021-08-26 16:19:24,2021-08-26 16:25:19,E 48 St & 3 Ave,6541,6 Ave & W 45 St,6593,40.7546011026,-73.971878855,40.756951,-73.982631,member
2744212,80D452A564ED44E4,electric_bike,2021-08-23 10:51:59,2021-08-23 11:27:45,Bergen St & Vanderbilt Ave,4157,E 48 St & 3 Ave,6541,40.6794388,-73.9680438,40.7546011026,-73.971878855,member
2744234,A8F0A4EC6610A42D,electric_bike,2021-08-24 09:12:23,2021-08-24 09:19:38,W 47 St & 10 Ave,6824,E 48 St & 3 Ave,6541,40.76269882,-73.99301222,40.7546011026,-73.971878855,member
2744240,9225332FBE364067,classic_bike,2021-08-19 22:57:33,2021-08-19 23:06:01,W 47 St & 10 Ave,6824,E 48 St & 3 Ave,6541,40.76269882,-73.99301222,40.7546011026,-73.971878855,member
2744242,B7DE4EC5140DBCAA,classic_bike,2021-08-26 16:46:43,2021-08-26 16:55:25,W 47 St & 10 Ave,6824,E 48 St & 3 Ave,6541,40.76269882,-73.99301222,40.7546011026,-73.971878855,member
2744254,47C58CB998BE3AA2,classic_bike,2021-08-10 18:01:48,2021-08-10 18:09:27,W 49 St & 8 Ave,6747,E 48 St & 3 Ave,6541,40.76227205,-73.98788205,40.7546011026,-73.971878855,member
2744274,EE93E648E954803D,electric_bike,2021-08-04 07:15:16,2021-08-04 07:22:17,W 45 St & 8 Ave,6676,E 48 St & 3 Ave,6541,40.75929124,-73.98859651,40.7546011026,-73.971878855,member
2744291,71C1EEC957444CB2,classic_bike,2021-08-14 22:49:44,2021-08-14 23:05:27,W 45 St & 8 Ave,6676,E 48 St & 3 Ave,6541,40.75929124,-73.98859651,40.7546011026,-73.971878855,casual
2744352,E3785BED963742AB,classic_bike,2021-08-24 11:55:29,2021-08-24 12:07:05,8 Ave & W 31 St,6450,E 48 St & 3 Ave,6541,40.7505853470215,-73.9946848154068,40.7546011026,-73.971878855,member
2744362,14FA72717173A743,classic_bike,2021-08-31 16:36:08,2021-08-31 17:01:35,Madison Ave & E 120 St,7667,E 48 St & 3 Ave,6541,40.80295,-73.942954,40.7546011026,-73.971878855,member
2744371,5C49E5FFE0940227,classic_bike,2021-08-07 20:57:22,2021-08-07 21:15:30,8 Ave & W 31 St,6450,E 48 St & 3 Ave,6541,40.7505853470215,-73.9946848154068,40.7546011026,-73.971878855,member
2744373,7344407FD976523C,classic_bike,2021-08-09 17:04:32,2021-08-09 17:08:58,E 41 St & Madison Ave,6474,E 48 St & 3 Ave,6541,40.752165280621966,-73.97992193698882,40.7546011026,-73.971878855,member
2744386,124AB9B144B4AAE2,classic_bike,2021-08-07 09:32:20,2021-08-07 09:41:57,E 72 St & Park Ave,6998,E 48 St & 3 Ave,6541,40.77118287540658,-73.96409422159195,40.7546011026,-73.971878855,member
2744441,70F4C1ADBA799177,classic_bike,2021-08-11 07:23:22,2021-08-11 07:34:48,8 Ave & W 31 St,6450,E 48 St & 3 Ave,6541,40.7505853470215,-73.9946848154068,40.7546011026,-73.971878855,member
2744459,69C9B79E27A2194C,electric_bike,2021-08-30 13:03:40,2021-08-30 13:18:07,W 21 St & 6 Ave,6140,E 48 St & 3 Ave,6541,40.74173969,-73.99415556,40.7546011026,-73.971878855,casual
2744462,CE4682F384670B0F,classic_bike,2021-08-15 20:29:52,2021-08-15 20:42:33,W 21 St & 6 Ave,6140,E 48 St & 3 Ave,6541,40.74173969,-73.99415556,40.7546011026,-73.971878855,casual
2744463,B742109DCA86848C,electric_bike,2021-08-02 13:47:51,2021-08-02 13:54:19,W 49 St & 8 Ave,6747,E 48 St & 3 Ave,6541,40.76227205,-73.98788205,40.7546011026,-73.971878855,member
2744465,15758FAF1A08BCD9,classic_bike,2021-08-20 15:20:37,2021-08-20 15:39:32,W 21 St & 6 Ave,6140,E 48 St & 3 Ave,6541,40.74173969,-73.99415556,40.7546011026,-73.971878855,member
2744469,FEAD5CABFA1D9F14,classic_bike,2021-08-19 16:42:09,2021-08-19 16:43:17,E 48 St & 3 Ave,6541,E 48 St & 3 Ave,6541,40.7546011026,-73.971878855,40.7546011026,-73.971878855,member
2744472,0AC7D4245F82E75E,classic_bike,2021-08-10 17:51:56,2021-08-10 17:52:17,E 48 St & 3 Ave,6541,E 48 St & 3 Ave,6541,40.7546011026,-73.971878855,40.7546011026,-73.971878855,member
2744503,3E23BC64380E5014,classic_bike,2021-08-11 13:53:37,2021-08-11 13:54:24,E 48 St & 3 Ave,6541,E 48 St & 3 Ave,6541,40.7546011026,-73.971878855,40.7546011026,-73.971878855,casual
2744505,C2F5C6109F73DD50,electric_bike,2021-08-19 11:08:43,2021-08-19 11:14:05,6 Ave & W 45 St,6593,E 48 St & 3 Ave,6541,40.756951,-73.982631,40.7546011026,-73.971878855,casual
2744506,934BB0150EF65DD7,classic_bike,2021-08-15 15:02:48,2021-08-15 15:24:51,E 48 St & 3 Ave,6541,E 48 St & 3 Ave,6541,40.7546011026,-73.971878855,40.7546011026,-73.971878855,casual
2744514,CE3CCE5B4987E2E7,classic_bike,2021-08-25 01:05:11,2021-08-25 01:05:15,E 48 St & 3 Ave,6541,E 48 St & 3 Ave,6541,40.7546011026,-73.971878855,40.7546011026,-73.971878855,casual
2744519,93EEFAB1AB2C9EC7,classic_bike,2021-08-26 00:30:13,2021-08-26 00:42:14,Lafayette St & E 8 St,5788,E 48 St & 3 Ave,6541,40.73020660529954,-73.99102628231049,40.7546011026,-73.971878855,casual
2744521,5D7B7996FBA5DA08,classic_bike,2021-08-09 19:51:00,2021-08-09 20:18:26,Motorgate,6814,E 48 St & 3 Ave,6541,40.7639089,-73.9477213,40.7546011026,-73.971878855,member
2744522,8AA4DE11F4709BE1,classic_bike,2021-08-03 18:46:35,2021-08-03 19:25:12,Murray St & Greenwich St,5288,E 48 St & 3 Ave,6541,40.71485150526252,-74.01122331619263,40.7546011026,-73.971878855,member
2744525,00F1F93551EEB7FC,classic_bike,2021-08-05 07:09:23,2021-08-05 07:34:01,McGuinness Blvd & Eagle St,5977,E 48 St & 3 Ave,6541,40.73555,-73.95284,40.7546011026,-73.971878855,member
2744526,1611A908768F9285,classic_bike,2021-08-11 11:34:09,2021-08-11 11:58:12,McGuinness Blvd & Eagle St,5977,E 48 St & 3 Ave,6541,40.73555,-73.95284,40.7546011026,-73.971878855,member
2744544,848362091C82D01C,electric_bike,2021-08-13 09:13:32,2021-08-13 09:24:31,10 Ave & W 28 St,6459,E 48 St & 3 Ave,6541,40.75066386,-74.00176802,40.7546011026,-73.971878855,member
2744549,95A246EC9EB0D3A9,classic_bike,2021-08-04 15:11:04,2021-08-04 15:26:59,5 Ave & E 93 St,7372,E 48 St & 3 Ave,6541,40.7857851,-73.957481,40.7546011026,-73.971878855,member
2744550,16388DB1A01FA9C1,classic_bike,2021-08-08 16:03:23,2021-08-08 16:21:43,5 Ave & E 93 St,7372,E 48 St & 3 Ave,6541,40.7857851,-73.957481,40.7546011026,-73.971878855,member
2744553,F8F110D196CAA319,electric_bike,2021-08-26 09:33:21,2021-08-26 09:43:14,W 25 St & 6 Ave,6215,E 48 St & 3 Ave,6541,40.74395411,-73.99144871,40.7546011026,-73.971878855,member
2744556,B04B728E3D14A7A5,classic_bike,2021-08-04 11:54:02,2021-08-04 12:06:36,W 25 St & 6 Ave,6215,E 48 St & 3 Ave,6541,40.74395411,-73.99144871,40.7546011026,-73.971878855,member
2744563,E8831F3D8D6F0C42,classic_bike,2021-08-02 08:06:41,2021-08-02 08:20:06,1 Ave & E 78 St,7020,E 48 St & 3 Ave,6541,40.77140426,-73.9535166,40.7546011026,-73.971878855,member
2744585,0A5017AC13412100,electric_bike,2021-08-26 08:00:06,2021-08-26 08:11:44,1 Ave & E 78 St,7020,E 48 St & 3 Ave,6541,40.77140426,-73.9535166,40.7546011026,-73.971878855,casual
2744587,3DB2060F81351366,electric_bike,2021-08-06 04:13:30,2021-08-06 04:20:37,E 25 St & 2 Ave,6046,E 48 St & 3 Ave,6541,40.73912601,-73.97973776,40.7546011026,-73.971878855,casual
2744596,94F91D04E6A90FA9,classic_bike,2021-08-05 19:57:13,2021-08-05 20:05:53,E 25 St & 2 Ave,6046,E 48 St & 3 Ave,6541,40.73912601,-73.97973776,40.7546011026,-73.971878855,member
2744601,AF724C9558631477,classic_bike,2021-08-04 08:12:49,2021-08-04 08:31:57,1 Ave & E 78 St,7020,E 48 St & 3 Ave,6541,40.77140426,-73.9535166,40.7546011026,-73.971878855,casual
2744602,86C7CC2F4BB37E26,electric_bike,2021-08-03 15:21:23,2021-08-03 15:33:44,1 Ave & E 78 St,7020,E 48 St & 3 Ave,6541,40.77140426,-73.9535166,40.7546011026,-73.971878855,casual
2744603,8C2D7EE500269179,electric_bike,2021-08-29 22:05:37,2021-08-29 22:18:34,1 Ave & E 78 St,7020,E 48 St & 3 Ave,6541,40.77140426,-73.9535166,40.7546011026,-73.971878855,casual
2744635,3563D72C152242DC,classic_bike,2021-08-27 06:09:48,2021-08-27 08:48:15,W 21 St & 6 Ave,6140,E 48 St & 3 Ave,6541,40.74173969,-73.99415556,40.7546011026,-73.971878855,casual
2744684,008DE55D4DF6D282,classic_bike,2021-08-25 22:07:21,2021-08-25 22:43:11,W 49 St & 8 Ave,6747,E 48 St & 3 Ave,6541,40.76227205,-73.98788205,40.7546011026,-73.971878855,member
2744689,C5D80E6F62C264B1,electric_bike,2021-08-14 03:29:40,2021-08-14 03:51:13,W 49 St & 8 Ave,6747,E 48 St & 3 Ave,6541,40.76227205,-73.98788205,40.7546011026,-73.971878855,member
2744694,EE23A402C907B112,classic_bike,2021-08-24 07:06:35,2021-08-24 07:19:38,W 21 St & 6 Ave,6140,E 48 St & 3 Ave,6541,40.74173969,-73.99415556,40.7546011026,-73.971878855,casual
2744699,2D430CBBE5A6C14B,classic_bike,2021-08-18 07:02:31,2021-08-18 07:16:02,W 21 St & 6 Ave,6140,E 48 St & 3 Ave,6541,40.74173969,-73.99415556,40.7546011026,-73.971878855,casual
2744700,04AD19287AB9DB32,classic_bike,2021-08-03 18:08:43,2021-08-03 18:27:07,W 21 St & 6 Ave,6140,E 48 St & 3 Ave,6541,40.74173969,-73.99415556,40.7546011026,-73.971878855,casual
2744704,4397BAD4C2C728E5,classic_bike,2021-08-15 19:37:20,2021-08-15 19:53:18,W 21 St & 6 Ave,6140,E 48 St & 3 Ave,6541,40.74173969,-73.99415556,40.7546011026,-73.971878855,casual
2744719,949FC91FC7C51DFF,classic_bike,2021-08-07 03:52:08,2021-08-07 03:59:56,Lexington Ave & E 29 St,6164,E 48 St & 3 Ave,6541,40.74311555376486,-73.98215353488922,40.7546011026,-73.971878855,member
2744722,A08B3A6029C16267,classic_bike,2021-08-07 01:15:20,2021-08-07 01:24:23,Lexington Ave & E 29 St,6164,E 48 St & 3 Ave,6541,40.74311555376486,-73.98215353488922,40.7546011026,-73.971878855,casual
2744733,B67B67E611BE5B4F,classic_bike,2021-08-13 11:29:08,2021-08-13 11:49:14,E 48 St & 3 Ave,6541,Lafayette St & E 8 St,5788,40.7546011026,-73.971878855,40.73020660529954,-73.99102628231049,member
2744735,2E3875E0AA2BCF0F,classic_bike,2021-08-27 16:53:48,2021-08-27 16:57:35,E 48 St & 3 Ave,6541,E 39 St & Lexington Ave,6389,40.7546011026,-73.971878855,40.7494985460252,-73.97729203113158,member
2744769,610339FF32E7503C,classic_bike,2021-08-20 13:04:38,2021-08-20 13:10:30,E 48 St & 3 Ave,6541,6 Ave & W 45 St,6593,40.7546011026,-73.971878855,40.756951,-73.982631,member
2744772,01FA2324F82A5827,classic_bike,2021-08-28 23:40:06,2021-08-28 23:48:57,E 48 St & 3 Ave,6541,E 39 St & Lexington Ave,6389,40.7546011026,-73.971878855,40.7494985460252,-73.97729203113158,member
2744790,A9DD97AF151B4333,classic_bike,2021-08-17 09:00:18,2021-08-17 09:06:31,E 39 St & Lexington Ave,6389,E 48 St & 3 Ave,6541,40.7494985460252,-73.97729203113158,40.7546011026,-73.971878855,member
2744795,E46207A24391257B,classic_bike,2021-08-25 14:22:44,2021-08-25 14:23:13,E 48 St & 3 Ave,6541,E 48 St & 3 Ave,6541,40.7546011026,-73.971878855,40.7546011026,-73.971878855,member
2744846,2119D9D92FF97190,classic_bike,2021-08-02 02:45:52,2021-08-02 03:05:59,E 48 St & 3 Ave,6541,E 48 St & 3 Ave,6541,40.7546011026,-73.971878855,40.7546011026,-73.971878855,casual
2744849,1C615262F3C18854,classic_bike,2021-08-31 17:57:31,2021-08-31 18:07:27,E 48 St & 3 Ave,6541,E 39 St & Lexington Ave,6389,40.7546011026,-73.971878855,40.7494985460252,-73.97729203113158,casual
2744859,40638016050B0657,electric_bike,2021-08-16 16:20:45,2021-08-16 17:24:27,Laight St & Hudson St,5539,E 48 St & 3 Ave,6541,40.72185379,-74.00771779,40.7546011026,-73.971878855,casual
2744888,3AC9939E12B7D1CA,classic_bike,2021-08-24 08:46:33,2021-08-24 09:03:28,W 52 St & 11 Ave,6926,E 48 St & 3 Ave,6541,40.76727216,-73.99392888,40.7546011026,-73.971878855,member
2744935,3577283FDD26089D,classic_bike,2021-08-05 05:26:05,2021-08-05 05:34:42,W 42 St & 8 Ave,6602,E 48 St & 3 Ave,6541,40.7575699,-73.99098507,40.7546011026,-73.971878855,member
2744937,E0B6043882BB589D,classic_bike,2021-08-31 18:25:04,2021-08-31 18:27:03,E 48 St & 3 Ave,6541,E 48 St & 3 Ave,6541,40.7546011026,-73.971878855,40.7546011026,-73.971878855,member
2744939,0614A04E50CBD77C,classic_bike,2021-08-11 19:01:50,2021-08-11 19:08:08,E 48 St & 3 Ave,6541,E 39 St & Lexington Ave,6389,40.7546011026,-73.971878855,40.7494985460252,-73.97729203113158,member
2744974,34839472C792B51A,classic_bike,2021-08-12 15:41:05,2021-08-12 15:41:27,E 48 St & 3 Ave,6541,E 48 St & 3 Ave,6541,40.7546011026,-73.971878855,40.7546011026,-73.971878855,member
2745015,6E9FF5B5A349C153,classic_bike,2021-08-11 19:50:43,2021-08-11 20:01:58,W 46 St & 11 Ave,6795,E 48 St & 3 Ave,6541,40.76341379,-73.99667444,40.7546011026,-73.971878855,member
2745017,94EC4B4B15B6A89F,classic_bike,2021-08-29 00:55:47,2021-08-29 01:07:56,W 25 St & 6 Ave,6215,E 48 St & 3 Ave,6541,40.74395411,-73.99144871,40.7546011026,-73.971878855,member
2745050,5EC0C44A0F0A150D,classic_bike,2021-08-26 11:54:52,2021-08-26 12:02:39,W 49 St & 8 Ave,6747,E 48 St & 3 Ave,6541,40.76227205,-73.98788205,40.7546011026,-73.971878855,member
2745056,BCA3FAB2430CDEA0,classic_bike,2021-08-06 21:04:09,2021-08-06 21:17:04,E 25 St & 2 Ave,6046,E 48 St & 3 Ave,6541,40.73912601,-73.97973776,40.7546011026,-73.971878855,member
2745062,019AEDA9B062FF37,electric_bike,2021-08-03 22:23:56,2021-08-03 22:46:00,E 5 St & Avenue C,5545,E 48 St & 3 Ave,6541,40.72299208,-73.97995466,40.7546011026,-73.971878855,member
2745063,BC0A47CE5BE0F23E,classic_bike,2021-08-03 08:03:12,2021-08-03 08:15:43,E 84 St & 1 Ave,7180,E 48 St & 3 Ave,6541,40.77565541,-73.95068615,40.7546011026,-73.971878855,member
2745094,E496D17C2ABF7EC8,classic_bike,2021-08-07 09:12:04,2021-08-07 09:12:39,E 48 St & 3 Ave,6541,E 48 St & 3 Ave,6541,40.7546011026,-73.971878855,40.7546011026,-73.971878855,member
2745096,84084E462493D194,classic_bike,2021-08-18 18:20:09,2021-08-18 18:20:13,E 48 St & 3 Ave,6541,E 48 St & 3 Ave,6541,40.7546011026,-73.971878855,40.7546011026,-73.971878855,member
2745097,092C420B8FA8ED51,classic_bike,2021-08-06 12:13:09,2021-08-06 12:29:41,E 48 St & 3 Ave,6541,Lafayette St & E 8 St,5788,40.7546011026,-73.971878855,40.73020660529954,-73.99102628231049,member
2745098,EBC80AA6DDB78B3E,classic_bike,2021-08-06 11:45:23,2021-08-06 12:02:15,E 48 St & 3 Ave,6541,E 48 St & 3 Ave,6541,40.7546011026,-73.971878855,40.7546011026,-73.971878855,member
2745104,560E05CC1F7228C8,classic_bike,2021-08-09 13:37:45,2021-08-09 13:59:10,E 48 St & 3 Ave,6541,E 81 St & 2 Ave,7121,40.7546011026,-73.971878855,40.77477944895728,-73.95427465438843,member
2745106,79B2952905209B9D,classic_bike,2021-08-27 16:11:11,2021-08-27 16:18:15,6 Ave & W 45 St,6593,E 48 St & 3 Ave,6541,40.756951,-73.982631,40.7546011026,-73.971878855,member
2745115,949D69635185E2B9,classic_bike,2021-08-10 08:35:26,2021-08-10 08:39:03,E 39 St & Lexington Ave,6389,E 48 St & 3 Ave,6541,40.7494985460252,-73.97729203113158,40.7546011026,-73.971878855,member
2745171,FBFA69F7A6C42E5B,classic_bike,2021-08-06 05:47:55,2021-08-06 05:56:41,W 42 St & 8 Ave,6602,E 48 St & 3 Ave,6541,40.7575699,-73.99098507,40.7546011026,-73.971878855,member
2745182,3F915AD8F471DE9C,classic_bike,2021-08-18 16:31:11,2021-08-18 16:58:02,E 10 St & Avenue A,5659,E 48 St & 3 Ave,6541,40.72740794,-73.98142006,40.7546011026,-73.971878855,casual
2745195,9326A56E5CF4D473,electric_bike,2021-08-03 06:35:03,2021-08-03 06:43:36,W 42 St & 8 Ave,6602,E 48 St & 3 Ave,6541,40.7575699,-73.99098507,40.7546011026,-73.971878855,member
2745212,3EF847A00A924596,classic_bike,2021-08-23 21:08:20,2021-08-23 21:27:50,E 2 St & Avenue A,5553,E 48 St & 3 Ave,6541,40.72307749068673,-73.98583620786667,40.7546011026,-73.971878855,casual
2745223,8EA863FCB134820A,electric_bike,2021-08-23 22:46:56,2021-08-23 22:57:31,Broadway & W 58 St,6948,E 48 St & 3 Ave,6541,40.76695317,-73.98169333,40.7546011026,-73.971878855,member
2745225,246A644F35CD9A03,classic_bike,2021-08-30 09:32:02,2021-08-30 09:52:29,W 15 St & 7 Ave,6030,E 48 St & 3 Ave,6541,40.73935542,-73.99931783,40.7546011026,-73.971878855,member
2745231,A8FB9A0C00B4E243,electric_bike,2021-08-11 08:40:26,2021-08-11 08:55:15,E 97 St & Madison Ave,7393,E 48 St & 3 Ave,6541,40.787801,-73.953559,40.7546011026,-73.971878855,member
2745237,C20FD061AC7E07C8,electric_bike,2021-08-29 18:42:04,2021-08-29 19:00:05,W Broadway & W Houston St,5644,E 48 St & 3 Ave,6541,40.726378,-74.000472,40.7546011026,-73.971878855,member
2745239,4565940C418697C7,classic_bike,2021-08-14 17:31:29,2021-08-14 17:44:55,10 Ave & W 28 St,6459,E 48 St & 3 Ave,6541,40.75066386,-74.00176802,40.7546011026,-73.971878855,member
2745243,030907982587D440,electric_bike,2021-08-06 22:01:48,2021-08-06 22:13:24,10 Ave & W 28 St,6459,E 48 St & 3 Ave,6541,40.75066386,-74.00176802,40.7546011026,-73.971878855,member
2745250,7DE250869CC2146C,classic_bike,2021-08-18 08:17:21,2021-08-18 08:33:04,W 52 St & 11 Ave,6926,E 48 St & 3 Ave,6541,40.76727216,-73.99392888,40.7546011026,-73.971878855,member
2745268,DA525DA70C69EF70,classic_bike,2021-08-29 18:00:43,2021-08-29 18:11:56,W 41 St & 8 Ave,6602,E 48 St & 3 Ave,6541,40.75640548,-73.9900262,40.7546011026,-73.971878855,member
2745301,4B1D274F56EFA4F9,electric_bike,2021-08-11 09:20:53,2021-08-11 09:29:13,FDR Drive & E 35 St,6230,E 48 St & 3 Ave,6541,40.744219,-73.97121214,40.7546011026,-73.971878855,member
2745316,B0EF8A8028D34A46,electric_bike,2021-08-01 15:20:12,2021-08-01 15:31:35,W 15 St & 7 Ave,6030,E 48 St & 3 Ave,6541,40.73935542,-73.99931783,40.7546011026,-73.971878855,member
2745332,9551263B5F535A3F,classic_bike,2021-08-26 23:39:34,2021-08-26 23:49:16,Broadway & W 56 St,6847,E 48 St & 3 Ave,6541,40.7652654,-73.98192338,40.7546011026,-73.971878855,member
2745338,D689FDE706F757ED,classic_bike,2021-08-21 17:45:04,2021-08-21 18:00:51,W 64 St & Thelonious Monk Circle,7123,E 48 St & 3 Ave,6541,40.77515953434235,-73.98918695747852,40.7546011026,-73.971878855,member
2745340,D2346F909DDA5B63,classic_bike,2021-08-18 08:21:31,2021-08-18 08:39:31,E 4 St & 2 Ave,5593,E 48 St & 3 Ave,6541,40.7262807,-73.98978041,40.7546011026,-73.971878855,member
2745360,2F0B641865807DEA,electric_bike,2021-08-05 17:03:33,2021-08-05 17:09:10,2 Ave & E 29 St,6122,E 48 St & 3 Ave,6541,40.74172351097472,-73.97809267044067,40.7546011026,-73.971878855,member
2745376,D9239397C2EE1287,classic_bike,2021-08-19 13:17:55,2021-08-19 13:25:51,E 39 St & Lexington Ave,6389,E 48 St & 3 Ave,6541,40.7494985460252,-73.97729203113158,40.7546011026,-73.971878855,member
2745378,D457370EBD19EB2E,electric_bike,2021-08-13 11:45:41,2021-08-13 11:46:30,E 48 St & 3 Ave,6541,E 48 St & 3 Ave,6541,40.7546011026,-73.971878855,40.7546011026,-73.971878855,member
2745379,55481EF798EB2056,electric_bike,2021-08-13 11:47:09,2021-08-13 11:47:59,E 48 St & 3 Ave,6541,E 48 St & 3 Ave,6541,40.7546011026,-73.971878855,40.7546011026,-73.971878855,member
2745385,5B8F6546853F22D4,electric_bike,2021-08-13 09:09:17,2021-08-13 09:09:17,E 48 St & 3 Ave,6541,E 48 St & 3 Ave,6541,40.7546011026,-73.971878855,40.7546011026,-73.971878855,member
2745417,90569E95E87FC182,classic_bike,2021-08-17 12:25:10,2021-08-17 13:43:21,E 48 St & 3 Ave,6541,E 48 St & 3 Ave,6541,40.7546011026,-73.971878855,40.7546011026,-73.971878855,casual
2745442,FE2F4B8044C1DAEF,classic_bike,2021-08-31 18:29:46,2021-08-31 18:46:22,1 Ave & E 78 St,7020,E 48 St & 3 Ave,6541,40.77140426,-73.9535166,40.7546011026,-73.971878855,casual
2745477,046449A456133524,classic_bike,2021-08-26 15:34:52,2021-08-26 15:44:56,E 25 St & 2 Ave,6046,E 48 St & 3 Ave,6541,40.73912601,-73.97973776,40.7546011026,-73.971878855,member
2745488,742576D4636626D6,classic_bike,2021-08-20 07:14:45,2021-08-20 07:31:38,1 Ave & E 78 St,7020,E 48 St & 3 Ave,6541,40.77140426,-73.9535166,40.7546011026,-73.971878855,casual
2745520,2D0EB5333DF4B7B7,classic_bike,2021-08-11 17:28:12,2021-08-11 17:28:24,E 48 St & 3 Ave,6541,E 48 St & 3 Ave,6541,40.7546011026,-73.971878855,40.7546011026,-73.971878855,casual
2745523,80999AFE3F7BC4F1,classic_bike,2021-08-17 08:50:41,2021-08-17 08:57:04,E 48 St & 3 Ave,6541,6 Ave & W 45 St,6593,40.7546011026,-73.971878855,40.756951,-73.982631,casual
2745557,FABD3DD63370441B,classic_bike,2021-08-27 19:18:58,2021-08-27 19:31:34,E 48 St & 3 Ave,6541,Lafayette St & E 8 St,5788,40.7546011026,-73.971878855,40.73020660529954,-73.99102628231049,casual
2745565,972A9CB64235036E,classic_bike,2021-08-02 08:51:23,2021-08-02 08:59:01,Broadway & W 51 St,6779,E 48 St & 3 Ave,6541,40.76228826,-73.98336183,40.7546011026,-73.971878855,member
2745579,920CD6CAB69425F8,classic_bike,2021-08-07 11:10:42,2021-08-07 12:42:14,Broadway & W 58 St,6948,E 48 St & 3 Ave,6541,40.76695317,-73.98169333,40.7546011026,-73.971878855,member
2745580,538C2304CCFE5525,classic_bike,2021-08-13 21:34:07,2021-08-13 21:43:49,9 Ave & W 45 St,6717,E 48 St & 3 Ave,6541,40.76019252,-73.9912551,40.7546011026,-73.971878855,member
2745599,708F0C1BF9638D1A,classic_bike,2021-08-10 08:28:48,2021-08-10 08:34:51,6 Ave & W 45 St,6593,E 48 St & 3 Ave,6541,40.756951,-73.982631,40.7546011026,-73.971878855,member
2745606,73ED55C1D1489191,classic_bike,2021-08-30 06:43:38,2021-08-30 06:48:16,6 Ave & W 45 St,6593,E 48 St & 3 Ave,6541,40.756951,-73.982631,40.7546011026,-73.971878855,member
2745607,2AE10FE23A654731,classic_bike,2021-08-31 06:45:33,2021-08-31 06:51:16,6 Ave & W 45 St,6593,E 48 St & 3 Ave,6541,40.756951,-73.982631,40.7546011026,-73.971878855,member
2745618,251EBC0F2BE0ADE7,classic_bike,2021-08-30 08:41:31,2021-08-30 08:45:08,E 39 St & Lexington Ave,6389,E 48 St & 3 Ave,6541,40.7494985460252,-73.97729203113158,40.7546011026,-73.971878855,member
2745619,E3BB437CC67E8532,classic_bike,2021-08-09 08:34:51,2021-08-09 08:38:24,E 39 St & Lexington Ave,6389,E 48 St & 3 Ave,6541,40.7494985460252,-73.97729203113158,40.7546011026,-73.971878855,member
2745621,6991FB6C85257EA3,classic_bike,2021-08-06 08:39:32,2021-08-06 08:42:06,E 39 St & Lexington Ave,6389,E 48 St & 3 Ave,6541,40.7494985460252,-73.97729203113158,40.7546011026,-73.971878855,member
2745627,C67BBA21B8FF202D,classic_bike,2021-08-07 22:29:47,2021-08-07 22:30:34,E 48 St & 3 Ave,6541,E 48 St & 3 Ave,6541,40.7546011026,-73.971878855,40.7546011026,-73.971878855,member
2745655,8C1EA073BC7ABD28,classic_bike,2021-08-01 14:24:46,2021-08-01 15:27:53,E 48 St & 3 Ave,6541,E 39 St & Lexington Ave,6389,40.7546011026,-73.971878855,40.7494985460252,-73.97729203113158,casual
2745659,752C437D056E0056,classic_bike,2021-08-01 14:21:44,2021-08-01 15:25:12,E 48 St & 3 Ave,6541,E 39 St & Lexington Ave,6389,40.7546011026,-73.971878855,40.7494985460252,-73.97729203113158,casual
2745710,62A1C3BEF44BA3B7,classic_bike,2021-08-25 08:57:57,2021-08-25 09:03:22,E 51 St & 1 Ave,6532,E 48 St & 3 Ave,6541,40.75455731,-73.96592976,40.7546011026,-73.971878855,member
2745726,5E780A016EABF7D6,electric_bike,2021-08-31 13:26:18,2021-08-31 13:28:53,E 51 St & 1 Ave,6532,E 48 St & 3 Ave,6541,40.75455731,-73.96592976,40.7546011026,-73.971878855,member
2745754,95C3A075D9797D3C,classic_bike,2021-08-18 15:10:30,2021-08-18 15:28:41,Lexington Ave & E 26 St,6089,E 48 St & 3 Ave,6541,40.741459,-73.983293,40.7546011026,-73.971878855,casual
2745758,30B99112D8D2777B,classic_bike,2021-08-02 21:41:12,2021-08-02 21:58:25,University Pl & E 14 St,5905,E 48 St & 3 Ave,6541,40.734814,-73.992085,40.7546011026,-73.971878855,member
2745787,DE5B747D3E71B444,classic_bike,2021-08-14 18:43:35,2021-08-14 18:54:00,W 49 St & 8 Ave,6747,E 48 St & 3 Ave,6541,40.76227205,-73.98788205,40.7546011026,-73.971878855,member
2745792,B3CC2750791D9E89,classic_bike,2021-08-29 17:13:43,2021-08-29 18:00:28,E 48 St & 3 Ave,6541,Alexander Ave & E 134 St,7712,40.7546011026,-73.971878855,40.807466,-73.927107,member
2745810,5213AF5E50280D4A,classic_bike,2021-08-06 18:50:33,2021-08-06 18:57:27,E 48 St & 3 Ave,6541,E 48 St & 3 Ave,6541,40.7546011026,-73.971878855,40.7546011026,-73.971878855,member
2745824,6E88B51DCFE3869A,classic_bike,2021-08-07 10:13:59,2021-08-07 10:52:42,E 48 St & 3 Ave,6541,E 48 St & 3 Ave,6541,40.7546011026,-73.971878855,40.7546011026,-73.971878855,casual
2745836,670AC9969A9D38C8,classic_bike,2021-08-25 20:05:57,2021-08-25 20:06:40,E 48 St & 3 Ave,6541,E 48 St & 3 Ave,6541,40.7546011026,-73.971878855,40.7546011026,-73.971878855,casual
2745871,33443D8AEAA04F47,classic_bike,2021-08-25 09:13:33,2021-08-25 09:29:08,11 Ave & W 41 St,6726,E 48 St & 3 Ave,6541,40.76030096,-73.99884222,40.7546011026,-73.971878855,member
2745882,7552F7591992C400,classic_bike,2021-08-25 18:40:42,2021-08-25 19:12:49,5 Ave & E 72 St,7100,E 48 St & 3 Ave,6541,40.77282817,-73.96685276,40.7546011026,-73.971878855,casual
2745918,312CA8736F73F073,electric_bike,2021-08-10 09:30:15,2021-08-10 09:49:51,W 15 St & 7 Ave,6030,E 48 St & 3 Ave,6541,40.73935542,-73.99931783,40.7546011026,-73.971878855,member
2745934,0D8FAA73EED5AE24,classic_bike,2021-08-13 18:08:29,2021-08-13 18:09:46,E 48 St & 3 Ave,6541,E 48 St & 3 Ave,6541,40.7546011026,-73.971878855,40.7546011026,-73.971878855,member
2745976,8C15D0AEDF9F4364,classic_bike,2021-08-30 17:07:36,2021-08-30 17:22:41,E 48 St & 3 Ave,6541,E 48 St & 3 Ave,6541,40.7546011026,-73.971878855,40.7546011026,-73.971878855,member
2745999,38898796066FEF12,electric_bike,2021-08-07 14:46:00,2021-08-07 15:13:00,E 48 St & 3 Ave,6541,6 Ave & W 45 St,6593,40.7546011026,-73.971878855,40.756951,-73.982631,casual
2746041,66E28DBB870E4D38,classic_bike,2021-08-29 12:40:56,2021-08-29 13:00:43,E 6 St & Avenue D,5506,E 48 St & 3 Ave,6541,40.72228087,-73.97668709,40.7546011026,-73.971878855,member
2746050,3B21A67191F70F7F,classic_bike,2021-08-07 15:48:15,2021-08-07 16:01:22,W 42 St & 8 Ave,6602,E 48 St & 3 Ave,6541,40.7575699,-73.99098507,40.7546011026,-73.971878855,casual
2746095,28AE0DF8627BFD55,classic_bike,2021-08-21 16:55:26,2021-08-21 16:59:19,E 48 St & 3 Ave,6541,E 39 St & Lexington Ave,6389,40.7546011026,-73.971878855,40.7494985460252,-73.97729203113158,member
2746100,2A07F5236882F922,classic_bike,2021-08-29 17:55:31,2021-08-29 18:02:14,6 Ave & W 45 St,6593,E 48 St & 3 Ave,6541,40.756951,-73.982631,40.7546011026,-73.971878855,member
2746132,52FD01F680309C82,classic_bike,2021-08-25 12:25:43,2021-08-25 12:33:23,Broadway & W 51 St,6779,E 48 St & 3 Ave,6541,40.76228826,-73.98336183,40.7546011026,-73.971878855,member
2746140,074FDF05D61B18D1,classic_bike,2021-08-18 12:41:54,2021-08-18 12:48:25,Broadway & W 51 St,6779,E 48 St & 3 Ave,6541,40.76228826,-73.98336183,40.7546011026,-73.971878855,member
2746146,C8801B9C6C560234,classic_bike,2021-08-18 12:09:03,2021-08-18 12:15:31,Broadway & W 51 St,6779,E 48 St & 3 Ave,6541,40.76228826,-73.98336183,40.7546011026,-73.971878855,member
2746147,BB408A482D290FFC,classic_bike,2021-08-16 08:07:17,2021-08-16 08:15:04,Broadway & W 51 St,6779,E 48 St & 3 Ave,6541,40.76228826,-73.98336183,40.7546011026,-73.971878855,member
2746149,69E7A697C2B970F5,electric_bike,2021-08-28 11:29:11,2021-08-28 12:05:36,Central Park North & Adam Clayton Powell Blvd,7617,E 48 St & 3 Ave,6541,40.799484,-73.955613,40.7546011026,-73.971878855,member
2746152,271DF3720A07AF9F,classic_bike,2021-08-30 19:37:06,2021-08-30 19:40:09,E 48 St & 3 Ave,6541,E 48 St & 3 Ave,6541,40.7546011026,-73.971878855,40.7546011026,-73.971878855,member
2746190,9265E01D0FB25F76,classic_bike,2021-08-15 16:11:12,2021-08-15 16:19:55,E 63 St & 3 Ave,6830,E 48 St & 3 Ave,6541,40.763954,-73.9646,40.7546011026,-73.971878855,member
2746202,EE14C5AD493998D9,electric_bike,2021-08-11 11:31:40,2021-08-11 12:41:56,Division St & Bowery,5270,E 48 St & 3 Ave,6541,40.714193,-73.996732,40.7546011026,-73.971878855,member
2746210,4DAB4008BE957720,classic_bike,2021-08-03 08:49:33,2021-08-03 09:01:41,1 Ave & E 78 St,7020,E 48 St & 3 Ave,6541,40.77140426,-73.9535166,40.7546011026,-73.971878855,member
2746211,1DFF3FCD4368C20C,classic_bike,2021-08-10 08:59:11,2021-08-10 09:12:29,1 Ave & E 78 St,7020,E 48 St & 3 Ave,6541,40.77140426,-73.9535166,40.7546011026,-73.971878855,member
2746212,1003574D8B5AFFB1,classic_bike,2021-08-05 08:53:33,2021-08-05 09:07:45,1 Ave & E 78 St,7020,E 48 St & 3 Ave,6541,40.77140426,-73.9535166,40.7546011026,-73.971878855,member
2746264,9B7172A8BDD13F76,classic_bike,2021-08-14 22:54:32,2021-08-14 23:25:38,E 17 St & Broadway,5980,E 48 St & 3 Ave,6541,40.73704984,-73.99009296,40.7546011026,-73.971878855,casual
2746332,891A1F780EB8F698,classic_bike,2021-08-03 17:14:41,2021-08-03 17:49:19,University Pl & E 14 St,5905,E 48 St & 3 Ave,6541,40.734814,-73.992085,40.7546011026,-73.971878855,casual
2746337,89665A39E55E1C3A,classic_bike,2021-08-03 15:24:46,2021-08-03 15:30:07,W 47 St & 6 Ave,6667,E 48 St & 3 Ave,6541,40.758397,-73.98255,40.7546011026,-73.971878855,member
2746343,3E8D71620FD6555C,classic_bike,2021-08-03 18:56:20,2021-08-03 19:13:49,W 26 St & 8 Ave,6297,E 48 St & 3 Ave,6541,40.74734825,-73.99723551,40.7546011026,-73.971878855,member
2746353,A1617C5109B5F584,electric_bike,2021-08-17 07:45:33,2021-08-17 07:50:17,W 47 St & 6 Ave,6667,E 48 St & 3 Ave,6541,40.758397,-73.98255,40.7546011026,-73.971878855,member
2746377,D642B49F7DD54CD6,classic_bike,2021-08-29 15:17:17,2021-08-29 15:18:00,E 48 St & 3 Ave,6541,E 48 St & 3 Ave,6541,40.7546011026,-73.971878855,40.7546011026,-73.971878855,member
2746383,1331220B88F4D588,classic_bike,2021-08-29 09:43:14,2021-08-29 09:54:35,6 Ave & W 45 St,6593,E 48 St & 3 Ave,6541,40.756951,-73.982631,40.7546011026,-73.971878855,member
2746388,EF080E4E8E6C1952,classic_bike,2021-08-20 08:49:06,2021-08-20 08:52:26,E 39 St & Lexington Ave,6389,E 48 St & 3 Ave,6541,40.7494985460252,-73.97729203113158,40.7546011026,-73.971878855,member
2746389,0C7C66D9245E176C,classic_bike,2021-08-02 08:31:29,2021-08-02 08:35:20,E 39 St & Lexington Ave,6389,E 48 St & 3 Ave,6541,40.7494985460252,-73.97729203113158,40.7546011026,-73.971878855,member
2746392,AD6DDC7B7AC89341,classic_bike,2021-08-11 08:32:50,2021-08-11 08:37:00,E 39 St & Lexington Ave,6389,E 48 St & 3 Ave,6541,40.7494985460252,-73.97729203113158,40.7546011026,-73.971878855,member
2746435,AF10371509C9F287,electric_bike,2021-08-26 09:00:25,2021-08-26 09:07:15,1 Ave & E 68 St,6822,E 48 St & 3 Ave,6541,40.76500525,-73.95818491,40.7546011026,-73.971878855,member
2746447,C75EF43C2BA59DBB,classic_bike,2021-08-27 08:36:35,2021-08-27 08:40:16,E 39 St & Lexington Ave,6389,E 48 St & 3 Ave,6541,40.7494985460252,-73.97729203113158,40.7546011026,-73.971878855,member
2746462,6E188A78528539F3,classic_bike,2021-08-06 13:21:17,2021-08-06 13:26:25,E 39 St & Lexington Ave,6389,E 48 St & 3 Ave,6541,40.7494985460252,-73.97729203113158,40.7546011026,-73.971878855,member
2746514,F840D427465BB465,classic_bike,2021-08-12 08:10:13,2021-08-12 08:18:46,2 Ave & E 72 St,6925,E 48 St & 3 Ave,6541,40.7687620293096,-73.95840793848038,40.7546011026,-73.971878855,member
2746516,BE4C583CBA31EB53,classic_bike,2021-08-29 10:16:35,2021-08-29 10:23:08,2 Ave & E 72 St,6925,E 48 St & 3 Ave,6541,40.7687620293096,-73.95840793848038,40.7546011026,-73.971878855,member
2746525,E394587CDF943DF5,classic_bike,2021-08-06 17:31:29,2021-08-06 17:36:40,E 48 St & 3 Ave,6541,E 39 St & Lexington Ave,6389,40.7546011026,-73.971878855,40.7494985460252,-73.97729203113158,member
2746543,DC674FC3616A91AB,classic_bike,2021-08-30 18:47:07,2021-08-30 18:47:15,E 48 St & 3 Ave,6541,E 48 St & 3 Ave,6541,40.7546011026,-73.971878855,40.7546011026,-73.971878855,member
2746563,4E8CE6C64A185908,classic_bike,2021-08-19 07:37:51,2021-08-19 07:49:33,W 56 St & 10 Ave,6955,E 48 St & 3 Ave,6541,40.768254,-73.988639,40.7546011026,-73.971878855,member
2746600,747F3179E5579248,classic_bike,2021-08-13 08:39:21,2021-08-13 08:44:14,E 39 St & Lexington Ave,6389,E 48 St & 3 Ave,6541,40.7494985460252,-73.97729203113158,40.7546011026,-73.971878855,member
2746607,9BC81A728598FBC6,classic_bike,2021-08-18 15:35:41,2021-08-18 15:45:30,E 48 St & 3 Ave,6541,E 39 St & Lexington Ave,6389,40.7546011026,-73.971878855,40.7494985460252,-73.97729203113158,member
2746638,AE90121D6AD254BF,classic_bike,2021-08-26 08:24:28,2021-08-26 08:36:21,E 81 St & 2 Ave,7121,E 48 St & 3 Ave,6541,40.77477944895728,-73.95427465438843,40.7546011026,-73.971878855,casual
2746641,0367036538147850,classic_bike,2021-08-14 18:17:39,2021-08-14 18:56:42,E 48 St & 3 Ave,6541,E 39 St & Lexington Ave,6389,40.7546011026,-73.971878855,40.7494985460252,-73.97729203113158,casual
2746642,FB941805988CFD81,classic_bike,2021-08-14 18:04:46,2021-08-14 18:12:41,E 39 St & Lexington Ave,6389,E 48 St & 3 Ave,6541,40.7494985460252,-73.97729203113158,40.7546011026,-73.971878855,casual
2746661,506CAD7EEDA0011B,classic_bike,2021-08-14 10:51:44,2021-08-14 10:55:00,E 48 St & 3 Ave,6541,E 48 St & 3 Ave,6541,40.7546011026,-73.971878855,40.7546011026,-73.971878855,casual
2746668,C707598CD508CEC3,classic_bike,2021-08-09 15:28:55,2021-08-09 15:29:42,E 48 St & 3 Ave,6541,E 48 St & 3 Ave,6541,40.7546011026,-73.971878855,40.7546011026,-73.971878855,casual
2746671,82261390C2AD40C5,classic_bike,2021-08-04 17:27:32,2021-08-04 17:41:08,E 48 St & 3 Ave,6541,E 48 St & 3 Ave,6541,40.7546011026,-73.971878855,40.7546011026,-73.971878855,member
2746688,E5F1807DEB10D1DA,classic_bike,2021-08-19 16:45:21,2021-08-19 17:06:30,E 48 St & 3 Ave,6541,1 Ave & E 6 St,5626,40.7546011026,-73.971878855,40.72633085971696,-73.98616880178452,casual
2746698,3F9ED888138A6088,electric_bike,2021-08-17 17:10:22,2021-08-17 20:22:49,E 48 St & 3 Ave,6541,E 48 St & 3 Ave,6541,40.7546011026,-73.971878855,40.7546011026,-73.971878855,casual
2746704,CF6BB9646CC7006D,classic_bike,2021-08-02 02:47:27,2021-08-02 03:06:02,E 48 St & 3 Ave,6541,E 48 St & 3 Ave,6541,40.7546011026,-73.971878855,40.7546011026,-73.971878855,casual
2746710,8889F4C94A90F9BB,classic_bike,2021-08-29 22:43:10,2021-08-29 23:04:45,Lafayette St & E 8 St,5788,E 48 St & 3 Ave,6541,40.73020660529954,-73.99102628231049,40.7546011026,-73.971878855,casual
2746772,F2BF641F645A78FE,classic_bike,2021-08-17 16:28:52,2021-08-17 16:40:36,W 41 St & 8 Ave,6602,E 48 St & 3 Ave,6541,40.75640548,-73.9900262,40.7546011026,-73.971878855,member
2746831,3BEAEF0886AD9492,classic_bike,2021-08-14 15:17:30,2021-08-14 16:29:19,E 17 St & Broadway,5980,E 48 St & 3 Ave,6541,40.73704984,-73.99009296,40.7546011026,-73.971878855,member
2746873,26D5AA813FFEA9B7,classic_bike,2021-08-16 07:26:57,2021-08-16 07:38:26,E 81 St & 2 Ave,7121,E 48 St & 3 Ave,6541,40.77477944895728,-73.95427465438843,40.7546011026,-73.971878855,member
2746886,3905D81BF03C378B,classic_bike,2021-08-19 06:39:58,2021-08-19 06:45:10,6 Ave & W 45 St,6593,E 48 St & 3 Ave,6541,40.756951,-73.982631,40.7546011026,-73.971878855,member
2746934,E9FF0101FDE6B227,classic_bike,2021-08-06 08:20:53,2021-08-06 08:31:14,W 53 St & 10 Ave,6890,E 48 St & 3 Ave,6541,40.76669671,-73.99061728,40.7546011026,-73.971878855,member
2746936,A9FACC49E86CE577,classic_bike,2021-08-29 19:38:53,2021-08-29 19:52:59,E 32 St & Park Ave,6280,E 48 St & 3 Ave,6541,40.7457121,-73.98194829,40.7546011026,-73.971878855,member
2746976,8E626F7E14E3CE61,electric_bike,2021-08-03 22:10:40,2021-08-03 22:18:06,W 47 St & 10 Ave,6824,E 48 St & 3 Ave,6541,40.76269882,-73.99301222,40.7546011026,-73.971878855,member
2746978,698CA8E2902CDE04,classic_bike,2021-08-24 07:10:42,2021-08-24 07:24:11,1 Ave & E 18 St,5854,E 48 St & 3 Ave,6541,40.73381219196632,-73.98054420948029,40.7546011026,-73.971878855,member
2746979,B3088BD8CF820B6C,classic_bike,2021-08-09 07:12:31,2021-08-09 07:27:27,1 Ave & E 18 St,5854,E 48 St & 3 Ave,6541,40.73381219196632,-73.98054420948029,40.7546011026,-73.971878855,member
2746988,DF3E339571500FA0,classic_bike,2021-08-13 07:54:07,2021-08-13 08:08:19,E 85 St & York Ave,7146,E 48 St & 3 Ave,6541,40.77536905,-73.94803392,40.7546011026,-73.971878855,member
2746999,820A380B6FFE51B1,classic_bike,2021-08-17 08:49:13,2021-08-17 09:12:12,Division St & Bowery,5270,E 48 St & 3 Ave,6541,40.714193,-73.996732,40.7546011026,-73.971878855,member
2747014,367B715658261247,classic_bike,2021-08-18 18:15:50,2021-08-18 18:25:52,E 48 St & 3 Ave,6541,6 Ave & W 45 St,6593,40.7546011026,-73.971878855,40.756951,-73.982631,member
2747025,F353028FFC1D277C,classic_bike,2021-08-03 17:50:04,2021-08-03 17:50:32,E 48 St & 3 Ave,6541,E 48 St & 3 Ave,6541,40.7546011026,-73.971878855,40.7546011026,-73.971878855,member
2747035,7FDFBD76B7E669DA,classic_bike,2021-08-14 18:02:10,2021-08-14 19:50:00,E 48 St & 3 Ave,6541,E 48 St & 3 Ave,6541,40.7546011026,-73.971878855,40.7546011026,-73.971878855,member
2747049,5A1C2DBEFE93EF33,classic_bike,2021-08-19 08:07:02,2021-08-19 08:18:50,E 81 St & 2 Ave,7121,E 48 St & 3 Ave,6541,40.77477944895728,-73.95427465438843,40.7546011026,-73.971878855,member
2747053,DA67E3AD09DF884A,classic_bike,2021-08-24 18:11:50,2021-08-24 18:12:20,E 48 St & 3 Ave,6541,E 48 St & 3 Ave,6541,40.7546011026,-73.971878855,40.7546011026,-73.971878855,member
2747060,CE673007221ED59E,electric_bike,2021-08-04 12:37:06,2021-08-04 12:37:40,E 48 St & 3 Ave,6541,E 48 St & 3 Ave,6541,40.7546011026,-73.971878855,40.7546011026,-73.971878855,member
2747061,5F105128D453FBCC,electric_bike,2021-08-04 12:38:06,2021-08-04 12:44:21,E 48 St & 3 Ave,6541,6 Ave & W 45 St,6593,40.7546011026,-73.971878855,40.756951,-73.982631,member
2747066,1789605B92C1B831,classic_bike,2021-08-12 17:30:35,2021-08-12 17:30:57,E 48 St & 3 Ave,6541,E 48 St & 3 Ave,6541,40.7546011026,-73.971878855,40.7546011026,-73.971878855,member
2747087,0824183A1B155F24,classic_bike,2021-08-19 12:03:58,2021-08-19 12:17:43,E 81 St & 2 Ave,7121,E 48 St & 3 Ave,6541,40.77477944895728,-73.95427465438843,40.7546011026,-73.971878855,member
2747089,A0FB02D58C65A5D4,classic_bike,2021-08-08 14:22:38,2021-08-08 14:35:54,E 81 St & 2 Ave,7121,E 48 St & 3 Ave,6541,40.77477944895728,-73.95427465438843,40.7546011026,-73.971878855,member
2747117,AE37B5FFC7D0EA9B,classic_bike,2021-08-28 21:24:21,2021-08-28 22:49:40,E 48 St & 3 Ave,6541,E 48 St & 3 Ave,6541,40.7546011026,-73.971878855,40.7546011026,-73.971878855,casual
2747135,292D2B63ED21BAF1,electric_bike,2021-08-09 09:49:37,2021-08-09 10:09:37,W 15 St & 7 Ave,6030,E 48 St & 3 Ave,6541,40.73935542,-73.99931783,40.7546011026,-73.971878855,member
2747150,11F9011C5C242C96,classic_bike,2021-08-14 12:35:13,2021-08-14 12:54:17,Lafayette St & E 8 St,5788,E 48 St & 3 Ave,6541,40.73020660529954,-73.99102628231049,40.7546011026,-73.971878855,member
2747168,E10F8F88E82EA3CA,classic_bike,2021-08-31 19:07:49,2021-08-31 19:08:27,E 48 St & 3 Ave,6541,E 48 St & 3 Ave,6541,40.7546011026,-73.971878855,40.7546011026,-73.971878855,member
2747179,2D87CF9C5CCA3588,classic_bike,2021-08-27 19:39:27,2021-08-27 19:45:40,E 48 St & 3 Ave,6541,6 Ave & W 45 St,6593,40.7546011026,-73.971878855,40.756951,-73.982631,member
2747185,6B3E937AA83717A3,classic_bike,2021-08-02 14:07:22,2021-08-02 14:15:42,E 39 St & Lexington Ave,6389,E 48 St & 3 Ave,6541,40.7494985460252,-73.97729203113158,40.7546011026,-73.971878855,casual
2747186,B7191A30E5706BFC,classic_bike,2021-08-02 14:20:23,2021-08-02 14:27:00,E 48 St & 3 Ave,6541,E 48 St & 3 Ave,6541,40.7546011026,-73.971878855,40.7546011026,-73.971878855,casual
2747187,B400619E5F66CC51,classic_bike,2021-08-18 18:16:45,2021-08-18 18:17:14,E 48 St & 3 Ave,6541,E 48 St & 3 Ave,6541,40.7546011026,-73.971878855,40.7546011026,-73.971878855,member
2747188,9CCF47EDC4557157,classic_bike,2021-08-18 08:03:53,2021-08-18 08:17:21,E 81 St & 2 Ave,7121,E 48 St & 3 Ave,6541,40.77477944895728,-73.95427465438843,40.7546011026,-73.971878855,member
2747190,7E847B32FB69223B,classic_bike,2021-08-05 06:15:45,2021-08-05 06:21:38,6 Ave & W 45 St,6593,E 48 St & 3 Ave,6541,40.756951,-73.982631,40.7546011026,-73.971878855,member
2747193,F65E70326CAE5DCD,classic_bike,2021-08-25 08:29:40,2021-08-25 08:34:56,6 Ave & W 45 St,6593,E 48 St & 3 Ave,6541,40.756951,-73.982631,40.7546011026,-73.971878855,member
2747205,A2596A063FD2257D,classic_bike,2021-08-25 09:11:07,2021-08-25 09:17:51,E 39 St & Lexington Ave,6389,E 48 St & 3 Ave,6541,40.7494985460252,-73.97729203113158,40.7546011026,-73.971878855,member
2747221,626CF331C22F56FC,electric_bike,2021-08-22 20:09:00,2021-08-22 20:19:49,E 81 St & 2 Ave,7121,E 48 St & 3 Ave,6541,40.77477944895728,-73.95427465438843,40.7546011026,-73.971878855,member
2747238,53006424BDC82D5B,classic_bike,2021-08-17 08:59:22,2021-08-17 09:04:57,6 Ave & W 45 St,6593,E 48 St & 3 Ave,6541,40.756951,-73.982631,40.7546011026,-73.971878855,member
2747240,3D9D31D8C4497F2D,electric_bike,2021-08-24 11:56:07,2021-08-24 12:37:25,E 48 St & 3 Ave,6541,E 48 St & 3 Ave,6541,40.7546011026,-73.971878855,40.7546011026,-73.971878855,member
2747241,8DDC263353683220,electric_bike,2021-08-06 16:59:47,2021-08-06 17:01:11,E 48 St & 3 Ave,6541,E 48 St & 3 Ave,6541,40.7546011026,-73.971878855,40.7546011026,-73.971878855,member
2747298,FA7B1E0008665F47,classic_bike,2021-08-11 09:08:14,2021-08-11 09:16:32,FDR Drive & E 35 St,6230,E 48 St & 3 Ave,6541,40.744219,-73.97121214,40.7546011026,-73.971878855,member
2747308,9198FE44C9567855,classic_bike,2021-08-14 05:28:27,2021-08-14 05:32:08,E 39 St & Lexington Ave,6389,E 48 St & 3 Ave,6541,40.7494985460252,-73.97729203113158,40.7546011026,-73.971878855,member
2747360,34FD3B4C5842FC62,electric_bike,2021-08-08 23:11:48,2021-08-08 23:17:39,6 Ave & W 45 St,6593,E 48 St & 3 Ave,6541,40.756951,-73.982631,40.7546011026,-73.971878855,casual
2747374,6217ADA963CEE1BD,classic_bike,2021-08-02 07:31:17,2021-08-02 07:34:43,E 39 St & Lexington Ave,6389,E 48 St & 3 Ave,6541,40.7494985460252,-73.97729203113158,40.7546011026,-73.971878855,member
2747380,0A5A55C04B35EAC5,classic_bike,2021-08-12 07:58:27,2021-08-12 08:05:58,FDR Drive & E 35 St,6230,E 48 St & 3 Ave,6541,40.744219,-73.97121214,40.7546011026,-73.971878855,member
2747383,12248A51047629FE,electric_bike,2021-08-09 07:03:49,2021-08-09 07:09:40,FDR Drive & E 35 St,6230,E 48 St & 3 Ave,6541,40.744219,-73.97121214,40.7546011026,-73.971878855,member
2747390,84E3061449ACACEE,classic_bike,2021-08-07 08:00:09,2021-08-07 08:18:23,9 Ave & W 22 St,6266,E 48 St & 3 Ave,6541,40.7454973,-74.00197139,40.7546011026,-73.971878855,member
2747395,D677004367E0D99F,classic_bike,2021-08-09 17:54:54,2021-08-09 18:14:04,9 Ave & W 22 St,6266,E 48 St & 3 Ave,6541,40.7454973,-74.00197139,40.7546011026,-73.971878855,member
2747411,BAE60E07DCE0F52A,classic_bike,2021-08-31 11:47:00,2021-08-31 11:52:27,E 63 St & 3 Ave,6830,E 48 St & 3 Ave,6541,40.763954,-73.9646,40.7546011026,-73.971878855,member
2747412,738CD87344A99918,classic_bike,2021-08-16 06:37:18,2021-08-16 06:43:11,E 63 St & 3 Ave,6830,E 48 St & 3 Ave,6541,40.763954,-73.9646,40.7546011026,-73.971878855,member
2747425,E4FC1FEC9D88A202,classic_bike,2021-08-10 18:20:53,2021-08-10 18:26:52,E 40 St & 5 Ave,6474,E 48 St & 3 Ave,6541,40.752062307,-73.9816324043,40.7546011026,-73.971878855,member
2747426,6B1D5FA880A6F659,classic_bike,2021-08-17 19:38:30,2021-08-17 19:44:56,E 40 St & 5 Ave,6474,E 48 St & 3 Ave,6541,40.752062307,-73.9816324043,40.7546011026,-73.971878855,member
2747463,EAF9056DADF9F70D,electric_bike,2021-08-26 18:21:45,2021-08-26 18:39:20,Perry St & Bleecker St,5922,E 48 St & 3 Ave,6541,40.73535398,-74.00483091,40.7546011026,-73.971878855,member
2747471,769418FE144BC780,classic_bike,2021-08-26 19:45:01,2021-08-26 19:55:16,E 40 St & 5 Ave,6474,E 48 St & 3 Ave,6541,40.752062307,-73.9816324043,40.7546011026,-73.971878855,member
2747514,A47A03077EA5990C,classic_bike,2021-08-15 15:19:55,2021-08-15 15:45:16,FDR Drive & E 35 St,6230,E 48 St & 3 Ave,6541,40.744219,-73.97121214,40.7546011026,-73.971878855,casual
2747520,F44703AC99E13264,classic_bike,2021-08-14 08:14:26,2021-08-14 08:15:04,E 48 St & 3 Ave,6541,E 48 St & 3 Ave,6541,40.7546011026,-73.971878855,40.7546011026,-73.971878855,member
2747522,51B1AD42CA61D9B3,classic_bike,2021-08-17 08:43:30,2021-08-17 08:46:35,E 39 St & Lexington Ave,6389,E 48 St & 3 Ave,6541,40.7494985460252,-73.97729203113158,40.7546011026,-73.971878855,member
2747523,FCE9901DB82206F6,classic_bike,2021-08-17 15:08:26,2021-08-17 15:12:58,E 39 St & Lexington Ave,6389,E 48 St & 3 Ave,6541,40.7494985460252,-73.97729203113158,40.7546011026,-73.971878855,member
2747526,8646F96EF729A47E,classic_bike,2021-08-10 18:09:43,2021-08-10 18:10:14,E 48 St & 3 Ave,6541,E 48 St & 3 Ave,6541,40.7546011026,-73.971878855,40.7546011026,-73.971878855,member
2747597,FC963A725E88BA35,classic_bike,2021-08-31 18:02:50,2021-08-31 18:03:08,E 48 St & 3 Ave,6541,E 48 St & 3 Ave,6541,40.7546011026,-73.971878855,40.7546011026,-73.971878855,member
2747604,4AACE7A8D132036A,classic_bike,2021-08-16 12:40:37,2021-08-16 12:51:20,E 81 St & 2 Ave,7121,E 48 St & 3 Ave,6541,40.77477944895728,-73.95427465438843,40.7546011026,-73.971878855,member
2747605,47B66F1430F41111,classic_bike,2021-08-04 08:17:53,2021-08-04 08:21:38,E 39 St & Lexington Ave,6389,E 48 St & 3 Ave,6541,40.7494985460252,-73.97729203113158,40.7546011026,-73.971878855,member
2747628,0D5B78522DBEA582,classic_bike,2021-08-04 08:21:53,2021-08-04 08:40:51,W 87 St & Amsterdam Ave,7458,E 48 St & 3 Ave,6541,40.78839,-73.9747,40.7546011026,-73.971878855,member
2747644,5D363C93043A9836,classic_bike,2021-08-25 07:11:00,2021-08-25 07:30:43,E 97 St & 3 Ave,7365,E 48 St & 3 Ave,6541,40.7859201,-73.94860294,40.7546011026,-73.971878855,member
2747654,02127C1AEF288055,electric_bike,2021-08-03 18:52:13,2021-08-03 19:13:53,W 87 St & Amsterdam Ave,7458,E 48 St & 3 Ave,6541,40.78839,-73.9747,40.7546011026,-73.971878855,member
2747660,48F48FE8C578A6E8,classic_bike,2021-08-24 08:11:55,2021-08-24 08:32:58,W 87 St & Amsterdam Ave,7458,E 48 St & 3 Ave,6541,40.78839,-73.9747,40.7546011026,-73.971878855,member
2747698,38AC0AE5B347A68E,classic_bike,2021-08-31 18:29:08,2021-08-31 18:46:28,1 Ave & E 78 St,7020,E 48 St & 3 Ave,6541,40.77140426,-73.9535166,40.7546011026,-73.971878855,member
2747735,6FF4F67040C86100,classic_bike,2021-08-31 06:33:54,2021-08-31 06:41:39,W 45 St & 8 Ave,6676,E 48 St & 3 Ave,6541,40.75929124,-73.98859651,40.7546011026,-73.971878855,member
2747761,7CCC454932F7B6DE,electric_bike,2021-08-11 07:54:52,2021-08-11 08:00:04,E 48 St & 3 Ave,6541,E 39 St & Lexington Ave,6389,40.7546011026,-73.971878855,40.7494985460252,-73.97729203113158,member
2747808,F32928EB4760926F,classic_bike,2021-08-04 20:18:19,2021-08-04 20:23:54,6 Ave & W 45 St,6593,E 48 St & 3 Ave,6541,40.756951,-73.982631,40.7546011026,-73.971878855,member
2747816,583BC01292EABD9D,classic_bike,2021-08-17 19:38:55,2021-08-17 19:45:06,E 48 St & 3 Ave,6541,6 Ave & W 45 St,6593,40.7546011026,-73.971878855,40.756951,-73.982631,member
2747829,D95DCD062B4B1604,classic_bike,2021-08-10 18:24:44,2021-08-10 18:26:39,E 48 St & 3 Ave,6541,E 48 St & 3 Ave,6541,40.7546011026,-73.971878855,40.7546011026,-73.971878855,member
2747836,5C0E734AA84EFE88,electric_bike,2021-08-05 08:23:14,2021-08-05 08:43:34,E 48 St & 3 Ave,6541,E 48 St & 3 Ave,6541,40.7546011026,-73.971878855,40.7546011026,-73.971878855,casual
2747837,D8910B86B9FACB1C,classic_bike,2021-08-05 09:52:48,2021-08-05 09:53:00,E 48 St & 3 Ave,6541,E 48 St & 3 Ave,6541,40.7546011026,-73.971878855,40.7546011026,-73.971878855,casual
2747853,FCCAD0D35DA8AA70,electric_bike,2021-08-06 18:46:13,2021-08-06 19:35:20,E 48 St & 3 Ave,6541,E 48 St & 3 Ave,6541,40.7546011026,-73.971878855,40.7546011026,-73.971878855,casual
2747884,9DE92C694BE0A017,classic_bike,2021-08-04 08:54:06,2021-08-04 09:06:55,E 20 St & 2 Ave,5971,E 48 St & 3 Ave,6541,40.73587678,-73.98205027,40.7546011026,-73.971878855,member
2747893,9F60ADAF442523E0,docked_bike,2021-08-15 12:13:55,2021-08-15 12:29:42,FDR Drive & E 35 St,6230,E 48 St & 3 Ave,6541,40.744219,-73.971212,40.754601,-73.971879,casual
2748028,E556ED9214A262ED,classic_bike,2021-08-06 12:23:44,2021-08-06 12:35:27,E 16 St & Irving Pl,5938,E 48 St & 3 Ave,6541,40.735367055605394,-73.98797392845154,40.7546011026,-73.971878855,member
2748033,C7F9B74F2E52A8C9,classic_bike,2021-08-03 19:43:32,2021-08-03 19:55:17,W 47 St & 10 Ave,6824,E 48 St & 3 Ave,6541,40.76269882,-73.99301222,40.7546011026,-73.971878855,member
2748161,ED7366611CEEC528,electric_bike,2021-08-15 15:33:57,2021-08-15 15:40:45,2 Ave & E 29 St,6122,E 48 St & 3 Ave,6541,40.74172351097472,-73.97809267044067,40.7546011026,-73.971878855,member
2748199,C703A3535853DD80,classic_bike,2021-08-05 07:49:33,2021-08-05 08:03:27,12 Ave & W 40 St,6765,E 48 St & 3 Ave,6541,40.76087502,-74.00277668,40.7546011026,-73.971878855,member
2748284,50737FF7E5F8355A,classic_bike,2021-08-08 00:34:36,2021-08-08 00:38:45,E 58 St & 3 Ave,6762,E 48 St & 3 Ave,6541,40.76095756,-73.96724467,40.7546011026,-73.971878855,member
2748285,6AD17458492E2A89,classic_bike,2021-08-30 20:09:58,2021-08-30 20:17:56,E 63 St & 3 Ave,6830,E 48 St & 3 Ave,6541,40.763954,-73.9646,40.7546011026,-73.971878855,member
2748305,BECE044CA4081A9A,classic_bike,2021-08-14 09:44:40,2021-08-14 10:12:55,E 48 St & 3 Ave,6541,Centre St & Chambers St,5207,40.7546011026,-73.971878855,40.71273266,-74.0046073,casual
2748306,60B584C0C6A8434F,classic_bike,2021-08-14 09:43:24,2021-08-14 10:12:51,E 48 St & 3 Ave,6541,Centre St & Chambers St,5207,40.7546011026,-73.971878855,40.71273266,-74.0046073,casual
2749227,08C59258BD71A7FC,classic_bike,2021-08-19 14:20:12,2021-08-19 14:21:43,E 51 St & Lexington Ave,6659,E 48 St & 3 Ave,6541,40.75714758,-73.97207836,40.7546011026,-73.971878855,member
2749295,3ECA1DCFC6DCE6C4,classic_bike,2021-08-13 08:53:58,2021-08-13 09:03:23,W 49 St & 8 Ave,6747,E 48 St & 3 Ave,6541,40.76227205,-73.98788205,40.7546011026,-73.971878855,member
2749297,93419C4251E97B7C,classic_bike,2021-08-30 07:02:43,2021-08-30 07:15:19,W 21 St & 6 Ave,6140,E 48 St & 3 Ave,6541,40.74173969,-73.99415556,40.7546011026,-73.971878855,casual
2749302,8C34E5D288023F14,classic_bike,2021-08-21 15:35:25,2021-08-21 15:43:17,W 49 St & 8 Ave,6747,E 48 St & 3 Ave,6541,40.76227205,-73.98788205,40.7546011026,-73.971878855,casual
2749303,B8ED78E04397FC01,classic_bike,2021-08-21 18:43:10,2021-08-21 18:52:25,W 49 St & 8 Ave,6747,E 48 St & 3 Ave,6541,40.76227205,-73.98788205,40.7546011026,-73.971878855,casual
2749305,EEE0A7989D01BB0E,classic_bike,2021-08-16 16:18:40,2021-08-16 16:52:44,E 12 St & Ave C,5616,E 48 St & 3 Ave,6541,40.727243,-73.976831,40.7546011026,-73.971878855,casual
2749307,A4E92EB016712D09,electric_bike,2021-08-24 01:59:02,2021-08-24 02:14:42,E 12 St & Ave C,5616,E 48 St & 3 Ave,6541,40.727243,-73.976831,40.7546011026,-73.971878855,casual
2749466,974D2713DC43E1D0,electric_bike,2021-08-26 08:13:13,2021-08-26 08:13:40,E 48 St & 3 Ave,6541,E 48 St & 3 Ave,6541,40.7546011026,-73.971878855,40.7546011026,-73.971878855,member
2749472,8A20EECEB15E5A69,electric_bike,2021-08-23 09:31:27,2021-08-23 09:34:17,E 39 St & Lexington Ave,6389,E 48 St & 3 Ave,6541,40.7494985460252,-73.97729203113158,40.7546011026,-73.971878855,member
2749473,75E4F250CC2FDB97,electric_bike,2021-08-23 09:21:48,2021-08-23 09:26:04,E 48 St & 3 Ave,6541,E 39 St & Lexington Ave,6389,40.7546011026,-73.971878855,40.7494985460252,-73.97729203113158,member
2749474,8FC672247D091F15,classic_bike,2021-08-23 18:15:36,2021-08-23 18:21:22,E 48 St & 3 Ave,6541,E 39 St & Lexington Ave,6389,40.7546011026,-73.971878855,40.7494985460252,-73.97729203113158,member
2749475,1FC6CB3FDDC42B0B,electric_bike,2021-08-23 08:19:30,2021-08-23 08:22:31,E 39 St & Lexington Ave,6389,E 48 St & 3 Ave,6541,40.7494985460252,-73.97729203113158,40.7546011026,-73.971878855,member
2749477,9254D71AD654804C,classic_bike,2021-08-03 08:31:15,2021-08-03 08:34:36,E 39 St & Lexington Ave,6389,E 48 St & 3 Ave,6541,40.7494985460252,-73.97729203113158,40.7546011026,-73.971878855,member
2749478,134B7E81F84D2BE5,classic_bike,2021-08-18 14:07:27,2021-08-18 14:11:23,E 48 St & 3 Ave,6541,E 39 St & Lexington Ave,6389,40.7546011026,-73.971878855,40.7494985460252,-73.97729203113158,member
2749479,20D64BE1B3A16C30,classic_bike,2021-08-18 08:26:08,2021-08-18 08:29:37,E 39 St & Lexington Ave,6389,E 48 St & 3 Ave,6541,40.7494985460252,-73.97729203113158,40.7546011026,-73.971878855,member
2749480,91A782F29505B8C2,classic_bike,2021-08-18 14:33:17,2021-08-18 14:36:54,E 39 St & Lexington Ave,6389,E 48 St & 3 Ave,6541,40.7494985460252,-73.97729203113158,40.7546011026,-73.971878855,member
2749481,FE9914AEB040810A,classic_bike,2021-08-18 18:16:10,2021-08-18 18:20:23,E 48 St & 3 Ave,6541,E 39 St & Lexington Ave,6389,40.7546011026,-73.971878855,40.7494985460252,-73.97729203113158,member
2749503,308607A637794FCF,classic_bike,2021-08-29 15:23:30,2021-08-29 15:25:11,E 48 St & 3 Ave,6541,E 48 St & 3 Ave,6541,40.7546011026,-73.971878855,40.7546011026,-73.971878855,member
2749504,BF4C3FD0DF5FABA6,classic_bike,2021-08-18 13:43:23,2021-08-18 14:02:13,E 48 St & 3 Ave,6541,1 Ave & E 6 St,5626,40.7546011026,-73.971878855,40.72633085971696,-73.98616880178452,member
2749710,48AD1B36BB27B829,classic_bike,2021-08-05 08:39:05,2021-08-05 08:45:49,E 51 St & 1 Ave,6532,E 48 St & 3 Ave,6541,40.75455731,-73.96592976,40.7546011026,-73.971878855,member
2749873,885117EDDCEDBCE0,classic_bike,2021-08-12 16:03:13,2021-08-12 16:03:51,E 48 St & 3 Ave,6541,E 48 St & 3 Ave,6541,40.7546011026,-73.971878855,40.7546011026,-73.971878855,member
2749877,811EC18F4FB75B5D,classic_bike,2021-08-30 16:59:01,2021-08-30 17:03:36,E 39 St & Lexington Ave,6389,E 48 St & 3 Ave,6541,40.7494985460252,-73.97729203113158,40.7546011026,-73.971878855,member
2749885,23B71F11D0705C10,classic_bike,2021-08-20 17:52:24,2021-08-20 17:53:27,E 48 St & 3 Ave,6541,E 48 St & 3 Ave,6541,40.7546011026,-73.971878855,40.7546011026,-73.971878855,casual
2749889,836050D1539065FD,classic_bike,2021-08-12 16:06:38,2021-08-12 16:29:57,E 48 St & 3 Ave,6541,1 Ave & E 6 St,5626,40.7546011026,-73.971878855,40.72633085971696,-73.98616880178452,casual
2749896,CD414C67675E792B,classic_bike,2021-08-15 16:21:49,2021-08-15 17:01:13,E 48 St & 3 Ave,6541,E 39 St & Lexington Ave,6389,40.7546011026,-73.971878855,40.7494985460252,-73.97729203113158,casual
2749897,28855233A2D2011D,classic_bike,2021-08-15 14:00:00,2021-08-15 14:26:44,E 39 St & Lexington Ave,6389,E 48 St & 3 Ave,6541,40.7494985460252,-73.97729203113158,40.7546011026,-73.971878855,casual
2749904,CA6C3DEB23F43050,classic_bike,2021-08-17 20:59:18,2021-08-17 21:06:00,6 Ave & W 45 St,6593,E 48 St & 3 Ave,6541,40.756951,-73.982631,40.7546011026,-73.971878855,casual
2749906,42781BA832A736FD,classic_bike,2021-08-04 10:48:03,2021-08-04 12:11:29,E 48 St & 3 Ave,6541,E 48 St & 3 Ave,6541,40.7546011026,-73.971878855,40.7546011026,-73.971878855,casual
2751548,24B60DF300480B90,classic_bike,2021-08-30 14:51:14,2021-08-30 15:09:54,E 48 St & 3 Ave,6541,Bleecker St & Crosby St,5679,40.7546011026,-73.971878855,40.72615604980408,-73.99510189890862,member
2772888,0C3C70467CBA6372,electric_bike,2021-08-11 07:47:09,2021-08-11 08:07:02,E 48 St & 3 Ave,6541,Bleecker St & Crosby St,5679,40.7546011026,-73.971878855,40.72615604980408,-73.99510189890862,member
2774330,24F73EE8D4C13B86,electric_bike,2021-08-25 21:25:02,2021-08-25 22:01:37,E 48 St & 3 Ave,6541,Lenox Ave & W 140 St,7872,40.7546011026,-73.971878855,40.817245,-73.938787,member
2775117,9787B901CA544F17,classic_bike,2021-08-03 12:31:19,2021-08-03 12:48:35,E 48 St & 3 Ave,6541,Stanton St & Chrystie St,5523,40.7546011026,-73.971878855,40.72229346,-73.99147535,member
2775122,42567DD68FCA8A16,electric_bike,2021-08-16 20:46:34,2021-08-16 20:58:50,E 48 St & 3 Ave,6541,Stanton St & Chrystie St,5523,40.7546011026,-73.971878855,40.72229346,-73.99147535,member
2775172,F234FF199909FA59,classic_bike,2021-08-17 17:33:18,2021-08-17 17:51:49,E 48 St & 3 Ave,6541,Bleecker St & Crosby St,5679,40.7546011026,-73.971878855,40.72615604980408,-73.99510189890862,member
2775173,A18CFEFB759C973E,classic_bike,2021-08-24 17:58:22,2021-08-24 18:17:26,E 48 St & 3 Ave,6541,Bleecker St & Crosby St,5679,40.7546011026,-73.971878855,40.72615604980408,-73.99510189890862,member
2776404,29C0E6750AF45626,classic_bike,2021-08-10 16:55:03,2021-08-10 17:14:45,E 48 St & 3 Ave,6541,Bleecker St & Crosby St,5679,40.7546011026,-73.971878855,40.72615604980408,-73.99510189890862,member
2776434,96B3069C8774BB7D,classic_bike,2021-08-14 09:31:03,2021-08-14 09:58:01,E 48 St & 3 Ave,6541,Centre St & Chambers St,5207,40.7546011026,-73.971878855,40.71273266,-74.0046073,casual
2776448,E87A2ABDC56FE51E,classic_bike,2021-08-14 09:44:06,2021-08-14 10:13:19,E 48 St & 3 Ave,6541,Centre St & Chambers St,5207,40.7546011026,-73.971878855,40.71273266,-74.0046073,casual
2777027,BF1292CE58D37BC3,classic_bike,2021-08-31 17:39:34,2021-08-31 17:59:28,E 48 St & 3 Ave,6541,Bleecker St & Crosby St,5679,40.7546011026,-73.971878855,40.72615604980408,-73.99510189890862,member
2778156,449BCA3F65E75E57,classic_bike,2021-08-31 14:22:34,2021-08-31 14:36:33,E 48 St & 3 Ave,6541,8 Ave & W 33 St,6450,40.7546011026,-73.971878855,40.751551,-73.993934,member
2778157,9E925AD22FE3EB84,classic_bike,2021-08-03 14:20:04,2021-08-03 14:32:25,E 48 St & 3 Ave,6541,8 Ave & W 33 St,6450,40.7546011026,-73.971878855,40.751551,-73.993934,member
2778166,BD1C3299DEA1DABE,classic_bike,2021-08-03 15:15:53,2021-08-03 15:28:31,E 48 St & 3 Ave,6541,8 Ave & W 33 St,6450,40.7546011026,-73.971878855,40.751551,-73.993934,casual
2778173,FA7BFF598C9A276B,classic_bike,2021-08-05 17:08:17,2021-08-05 17:25:37,E 48 St & 3 Ave,6541,8 Ave & W 33 St,6450,40.7546011026,-73.971878855,40.751551,-73.993934,casual
2789336,B3FB46EE42750A19,classic_bike,2021-08-03 14:21:15,2021-08-03 14:33:26,E 48 St & 3 Ave,6541,8 Ave & W 33 St,6450,40.7546011026,-73.971878855,40.751551,-73.993934,member
2789337,4656D4A5F503F53F,classic_bike,2021-08-05 14:14:16,2021-08-05 14:24:58,E 48 St & 3 Ave,6541,8 Ave & W 33 St,6450,40.7546011026,-73.971878855,40.751551,-73.993934,member
2789338,7DD7A75024C02C1C,classic_bike,2021-08-06 13:53:58,2021-08-06 14:06:40,E 48 St & 3 Ave,6541,8 Ave & W 33 St,6450,40.7546011026,-73.971878855,40.751551,-73.993934,member
2790129,1D2F0BFC34FFAA9D,classic_bike,2021-08-19 14:20:35,2021-08-19 14:32:55,E 48 St & 3 Ave,6541,8 Ave & W 33 St,6450,40.7546011026,-73.971878855,40.751551,-73.993934,member
2790130,A6203AF3C8CF3BD8,classic_bike,2021-08-18 14:06:39,2021-08-18 14:19:34,E 48 St & 3 Ave,6541,8 Ave & W 33 St,6450,40.7546011026,-73.971878855,40.751551,-73.993934,member
2790221,534058AEA97522B7,classic_bike,2021-08-05 14:56:28,2021-08-05 15:13:11,E 48 St & 3 Ave,6541,8 Ave & W 33 St,6450,40.7546011026,-73.971878855,40.751551,-73.993934,member
2790222,616A3BE7FF248F2B,classic_bike,2021-08-23 14:17:35,2021-08-23 14:30:36,E 48 St & 3 Ave,6541,8 Ave & W 33 St,6450,40.7546011026,-73.971878855,40.751551,-73.993934,member
2790404,8131F034972CF7A4,classic_bike,2021-08-09 14:23:09,2021-08-09 14:33:50,E 48 St & 3 Ave,6541,8 Ave & W 33 St,6450,40.7546011026,-73.971878855,40.751551,-73.993934,member
2790405,6767DD698877B9D5,classic_bike,2021-08-12 14:22:51,2021-08-12 14:35:07,E 48 St & 3 Ave,6541,8 Ave & W 33 St,6450,40.7546011026,-73.971878855,40.751551,-73.993934,member
2790406,CDEE0CC0892BA6FB,classic_bike,2021-08-04 14:21:15,2021-08-04 14:32:03,E 48 St & 3 Ave,6541,8 Ave & W 33 St,6450,40.7546011026,-73.971878855,40.751551,-73.993934,member
2790553,CCFA541A3CBEAB78,classic_bike,2021-08-10 18:50:07,2021-08-10 19:05:11,E 48 St & 3 Ave,6541,W 82 St & Central Park West,7304,40.7546011026,-73.971878855,40.78275,-73.97137,member
2790557,1649B49C293600DB,classic_bike,2021-08-08 15:49:03,2021-08-08 16:02:16,E 48 St & 3 Ave,6541,8 Ave & W 33 St,6450,40.7546011026,-73.971878855,40.751551,-73.993934,member
2791760,77A2B0387C851693,classic_bike,2021-08-13 13:51:39,2021-08-13 14:02:09,E 48 St & 3 Ave,6541,8 Ave & W 33 St,6450,40.7546011026,-73.971878855,40.751551,-73.993934,member
2791761,5A8B1BCD800FCEFA,classic_bike,2021-08-24 14:15:55,2021-08-24 14:27:24,E 48 St & 3 Ave,6541,8 Ave & W 33 St,6450,40.7546011026,-73.971878855,40.751551,-73.993934,member
2792657,275A5E7B8C6AB7F2,classic_bike,2021-08-13 13:50:26,2021-08-13 14:04:08,E 48 St & 3 Ave,6541,8 Ave & W 33 St,6450,40.7546011026,-73.971878855,40.751551,-73.993934,member
2792666,25FC2CCADC95519D,classic_bike,2021-08-17 14:15:10,2021-08-17 14:27:03,E 48 St & 3 Ave,6541,8 Ave & W 33 St,6450,40.7546011026,-73.971878855,40.751551,-73.993934,member
2792668,ED0502D161DC5004,classic_bike,2021-08-11 14:20:58,2021-08-11 14:35:04,E 48 St & 3 Ave,6541,8 Ave & W 33 St,6450,40.7546011026,-73.971878855,40.751551,-73.993934,member
2792673,F744F1A09C9947F2,classic_bike,2021-08-28 13:15:49,2021-08-28 13:31:40,E 48 St & 3 Ave,6541,8 Ave & W 33 St,6450,40.7546011026,-73.971878855,40.751551,-73.993934,member
2792677,3B88F4F8675992FA,classic_bike,2021-08-16 14:19:58,2021-08-16 14:31:14,E 48 St & 3 Ave,6541,8 Ave & W 33 St,6450,40.7546011026,-73.971878855,40.751551,-73.993934,member
2792685,878C3D0D477B40B4,classic_bike,2021-08-12 14:20:51,2021-08-12 14:33:46,E 48 St & 3 Ave,6541,8 Ave & W 33 St,6450,40.7546011026,-73.971878855,40.751551,-73.993934,member
2792726,80281556F192044A,electric_bike,2021-08-30 13:00:10,2021-08-30 14:14:33,E 48 St & 3 Ave,6541,W 82 St & Central Park West,7304,40.7546011026,-73.971878855,40.78275,-73.97137,casual
2793412,5BD0A5FCBACD2B18,classic_bike,2021-08-27 13:46:01,2021-08-27 13:58:57,E 48 St & 3 Ave,6541,8 Ave & W 33 St,6450,40.7546011026,-73.971878855,40.751551,-73.993934,member
2793958,9D8F7D36AA9A8F4B,classic_bike,2021-08-09 14:19:56,2021-08-09 14:32:20,E 48 St & 3 Ave,6541,8 Ave & W 33 St,6450,40.7546011026,-73.971878855,40.751551,-73.993934,member
2793959,F84C4DEFE0D50110,classic_bike,2021-08-26 14:20:51,2021-08-26 14:33:22,E 48 St & 3 Ave,6541,8 Ave & W 33 St,6450,40.7546011026,-73.971878855,40.751551,-73.993934,member
2793960,7C29D3B3CD20E49C,classic_bike,2021-08-11 14:21:55,2021-08-11 14:35:09,E 48 St & 3 Ave,6541,8 Ave & W 33 St,6450,40.7546011026,-73.971878855,40.751551,-73.993934,member
2793961,C8F0F69BCFE5C52B,classic_bike,2021-08-02 14:24:57,2021-08-02 14:37:02,E 48 St & 3 Ave,6541,8 Ave & W 33 St,6450,40.7546011026,-73.971878855,40.751551,-73.993934,member
2793966,1564D77591F1CB72,electric_bike,2021-08-02 12:26:29,2021-08-02 12:42:35,E 48 St & 3 Ave,6541,Thompson St & Bleecker St,5721,40.7546011026,-73.971878855,40.72840059450829,-73.99968780577183,member
2793985,6B00F5D7CED13F28,classic_bike,2021-08-19 21:11:56,2021-08-19 21:35:09,E 48 St & 3 Ave,6541,Thompson St & Bleecker St,5721,40.7546011026,-73.971878855,40.72840059450829,-73.99968780577183,member
2793986,D44FE17D1F5F66C4,classic_bike,2021-08-16 14:22:37,2021-08-16 14:36:22,E 48 St & 3 Ave,6541,8 Ave & W 33 St,6450,40.7546011026,-73.971878855,40.751551,-73.993934,member
2793992,0D8E5C48DDA7202F,classic_bike,2021-08-20 13:44:20,2021-08-20 13:56:05,E 48 St & 3 Ave,6541,8 Ave & W 33 St,6450,40.7546011026,-73.971878855,40.751551,-73.993934,member
2793993,C73FA84312809597,classic_bike,2021-08-06 13:53:08,2021-08-06 14:05:14,E 48 St & 3 Ave,6541,8 Ave & W 33 St,6450,40.7546011026,-73.971878855,40.751551,-73.993934,member
2793998,821451E748D1806F,classic_bike,2021-08-04 15:53:53,2021-08-04 16:04:19,E 48 St & 3 Ave,6541,8 Ave & W 33 St,6450,40.7546011026,-73.971878855,40.751551,-73.993934,casual
2794005,AE4395A6145714F2,classic_bike,2021-08-25 14:23:35,2021-08-25 14:39:36,E 48 St & 3 Ave,6541,8 Ave & W 33 St,6450,40.7546011026,-73.971878855,40.751551,-73.993934,member
2794007,C38E770C55B4E267,classic_bike,2021-08-05 14:17:15,2021-08-05 14:30:55,E 48 St & 3 Ave,6541,8 Ave & W 33 St,6450,40.7546011026,-73.971878855,40.751551,-73.993934,member
2794010,88539FEF4055469C,classic_bike,2021-08-30 14:26:25,2021-08-30 14:39:42,E 48 St & 3 Ave,6541,8 Ave & W 33 St,6450,40.7546011026,-73.971878855,40.751551,-73.993934,member
2794011,208CFEABA9FCC207,classic_bike,2021-08-04 16:47:45,2021-08-04 16:57:55,E 48 St & 3 Ave,6541,8 Ave & W 33 St,6450,40.7546011026,-73.971878855,40.751551,-73.993934,member
2794018,3BDBA7B125410892,classic_bike,2021-08-24 12:27:25,2021-08-24 12:41:23,E 48 St & 3 Ave,6541,8 Ave & W 33 St,6450,40.7546011026,-73.971878855,40.751551,-73.993934,member
2794019,31220D319855BFB8,classic_bike,2021-08-04 14:21:08,2021-08-04 14:31:54,E 48 St & 3 Ave,6541,8 Ave & W 33 St,6450,40.7546011026,-73.971878855,40.751551,-73.993934,member
2794020,FC41CF2394FE5747,classic_bike,2021-08-19 14:19:26,2021-08-19 14:33:50,E 48 St & 3 Ave,6541,8 Ave & W 33 St,6450,40.7546011026,-73.971878855,40.751551,-73.993934,member
2794062,D6C007A5FB6F3921,classic_bike,2021-08-10 14:14:35,2021-08-10 14:24:46,E 48 St & 3 Ave,6541,8 Ave & W 33 St,6450,40.7546011026,-73.971878855,40.751551,-73.993934,member
2794187,087831B39834A699,classic_bike,2021-08-03 14:46:05,2021-08-03 15:09:22,E 48 St & 3 Ave,6541,W 82 St & Central Park West,7304,40.7546011026,-73.971878855,40.78275,-73.97137,member
2794188,53162969892F8C12,classic_bike,2021-08-03 15:44:47,2021-08-03 15:55:50,E 48 St & 3 Ave,6541,8 Ave & W 33 St,6450,40.7546011026,-73.971878855,40.751551,-73.993934,casual
2794205,669B9D4409086A7E,classic_bike,2021-08-10 14:17:23,2021-08-10 14:30:47,E 48 St & 3 Ave,6541,8 Ave & W 33 St,6450,40.7546011026,-73.971878855,40.751551,-73.993934,member
2794206,F50E17FE94877E26,classic_bike,2021-08-18 14:20:39,2021-08-18 14:33:48,E 48 St & 3 Ave,6541,8 Ave & W 33 St,6450,40.7546011026,-73.971878855,40.751551,-73.993934,member
2794207,F05071FF8C543014,classic_bike,2021-08-17 14:20:34,2021-08-17 14:33:24,E 48 St & 3 Ave,6541,8 Ave & W 33 St,6450,40.7546011026,-73.971878855,40.751551,-73.993934,member
2794385,5F1C5FEDB29458E4,classic_bike,2021-08-19 12:11:35,2021-08-19 12:30:27,E 48 St & 3 Ave,6541,W 82 St & Central Park West,7304,40.7546011026,-73.971878855,40.78275,-73.97137,member
2798673,D4D234552C6E6F62,classic_bike,2021-08-11 16:13:06,2021-08-11 16:35:14,E 48 St & 3 Ave,6541,E 20 St & 2 Ave,5971,40.7546011026,-73.971878855,40.73587678,-73.98205027,member
2798682,CC54A3F7EB95B9E3,classic_bike,2021-08-27 12:17:45,2021-08-27 12:25:53,E 48 St & 3 Ave,6541,FDR Drive & E 35 St,6230,40.7546011026,-73.971878855,40.744219,-73.97121214,member
2801121,5354BD5C11DCC08A,electric_bike,2021-08-05 21:39:01,2021-08-05 21:54:03,E 48 St & 3 Ave,6541,Perry St & Bleecker St,5922,40.7546011026,-73.971878855,40.73535398,-74.00483091,casual
2803676,3BB9D60AC676B398,electric_bike,2021-08-30 08:11:32,2021-08-30 08:19:05,E 48 St & 3 Ave,6541,FDR Drive & E 35 St,6230,40.7546011026,-73.971878855,40.744219,-73.97121214,member
2803678,EFAD63F83E1EC55F,classic_bike,2021-08-04 17:16:16,2021-08-04 17:28:41,E 48 St & 3 Ave,6541,E 20 St & 2 Ave,5971,40.7546011026,-73.971878855,40.73587678,-73.98205027,member
2803682,0994D3A3FFCBDD19,classic_bike,2021-08-25 18:06:39,2021-08-25 18:16:29,E 48 St & 3 Ave,6541,FDR Drive & E 35 St,6230,40.7546011026,-73.971878855,40.744219,-73.97121214,casual
2806003,9D0018897449A6BE,electric_bike,2021-08-03 09:51:24,2021-08-03 09:56:10,E 48 St & 3 Ave,6541,E 40 St & 5 Ave,6474,40.7546011026,-73.971878855,40.752062307,-73.9816324043,member
2806019,2F7C51C924FBB663,classic_bike,2021-08-03 16:53:36,2021-08-03 17:04:31,E 48 St & 3 Ave,6541,E 20 St & 2 Ave,5971,40.7546011026,-73.971878855,40.73587678,-73.98205027,casual
2811165,66D738DD63F66E7A,classic_bike,2021-08-11 17:32:53,2021-08-11 17:46:00,E 48 St & 3 Ave,6541,FDR Drive & E 35 St,6230,40.7546011026,-73.971878855,40.744219,-73.97121214,casual
2811166,F25A3EC204F4A73D,classic_bike,2021-08-05 16:33:53,2021-08-05 16:43:51,E 48 St & 3 Ave,6541,E 20 St & 2 Ave,5971,40.7546011026,-73.971878855,40.73587678,-73.98205027,casual
2814880,F8E2495DFD1FB8F1,electric_bike,2021-08-24 18:34:17,2021-08-24 18:39:31,E 48 St & 3 Ave,6541,FDR Drive & E 35 St,6230,40.7546011026,-73.971878855,40.744219,-73.97121214,member
2815383,CBB476B4D36C560D,electric_bike,2021-08-12 11:04:40,2021-08-12 11:10:29,E 48 St & 3 Ave,6541,FDR Drive & E 35 St,6230,40.7546011026,-73.971878855,40.744219,-73.97121214,member
2815396,882741D362BE380B,classic_bike,2021-08-02 18:22:20,2021-08-02 18:29:30,E 48 St & 3 Ave,6541,FDR Drive & E 35 St,6230,40.7546011026,-73.971878855,40.744219,-73.97121214,casual
2815920,C119AC26282C2527,classic_bike,2021-08-25 23:14:05,2021-08-25 23:20:23,E 48 St & 3 Ave,6541,FDR Drive & E 35 St,6230,40.7546011026,-73.971878855,40.744219,-73.97121214,member
2815922,DDC2FA9B22102615,classic_bike,2021-08-16 16:14:27,2021-08-16 16:23:12,E 48 St & 3 Ave,6541,FDR Drive & E 35 St,6230,40.7546011026,-73.971878855,40.744219,-73.97121214,member
2815923,3EB3BA4B8D44EC0F,classic_bike,2021-08-09 16:13:27,2021-08-09 16:22:13,E 48 St & 3 Ave,6541,FDR Drive & E 35 St,6230,40.7546011026,-73.971878855,40.744219,-73.97121214,member
2815927,D8BF1020AB7FD9D4,classic_bike,2021-08-10 14:42:22,2021-08-10 14:52:55,E 48 St & 3 Ave,6541,E 20 St & 2 Ave,5971,40.7546011026,-73.971878855,40.73587678,-73.98205027,member
2815931,FE12D6EAA78DADCC,classic_bike,2021-08-05 20:14:56,2021-08-05 20:22:38,E 48 St & 3 Ave,6541,FDR Drive & E 35 St,6230,40.7546011026,-73.971878855,40.744219,-73.97121214,casual
2816332,BBA43E454F860054,electric_bike,2021-08-04 11:16:13,2021-08-04 11:21:17,E 48 St & 3 Ave,6541,E 40 St & 5 Ave,6474,40.7546011026,-73.971878855,40.752062307,-73.9816324043,member
2816336,A9EB5B2DABD4C04D,classic_bike,2021-08-08 16:30:45,2021-08-08 16:34:50,E 48 St & 3 Ave,6541,FDR Drive & E 35 St,6230,40.7546011026,-73.971878855,40.744219,-73.97121214,casual
2816701,8CB152DC92091CC2,electric_bike,2021-08-10 14:21:26,2021-08-10 14:29:23,E 48 St & 3 Ave,6541,FDR Drive & E 35 St,6230,40.7546011026,-73.971878855,40.744219,-73.97121214,member
2816706,028284A376D211E4,classic_bike,2021-08-19 21:50:40,2021-08-19 21:56:38,E 48 St & 3 Ave,6541,FDR Drive & E 35 St,6230,40.7546011026,-73.971878855,40.744219,-73.97121214,member
2816913,6FEAA2746E68A5C9,classic_bike,2021-08-09 16:08:43,2021-08-09 16:17:39,E 48 St & 3 Ave,6541,FDR Drive & E 35 St,6230,40.7546011026,-73.971878855,40.744219,-73.97121214,member
2817150,9CFA8F6F50D98777,electric_bike,2021-08-18 12:54:21,2021-08-18 13:32:47,E 48 St & 3 Ave,6541,21 Ave & 80 St,7060,40.7546011026,-73.971878855,40.770888,-73.889914,member
2819167,1FE84B5B96FA87BB,electric_bike,2021-08-23 12:07:29,2021-08-23 12:13:35,E 48 St & 3 Ave,6541,E 40 St & 5 Ave,6474,40.7546011026,-73.971878855,40.752062307,-73.9816324043,member
2819168,6A1E2B1642DFA00E,classic_bike,2021-08-06 18:46:20,2021-08-06 18:54:31,E 48 St & 3 Ave,6541,E 40 St & 5 Ave,6474,40.7546011026,-73.971878855,40.752062307,-73.9816324043,casual
2819187,4E18DB30559C8E56,classic_bike,2021-08-19 16:13:57,2021-08-19 16:21:04,E 48 St & 3 Ave,6541,FDR Drive & E 35 St,6230,40.7546011026,-73.971878855,40.744219,-73.97121214,member
2819189,CA250BFFECE22014,classic_bike,2021-08-12 16:13:06,2021-08-12 16:21:45,E 48 St & 3 Ave,6541,FDR Drive & E 35 St,6230,40.7546011026,-73.971878855,40.744219,-73.97121214,member
2819206,E002C67F5E7A8856,classic_bike,2021-08-10 16:43:31,2021-08-10 16:52:53,E 48 St & 3 Ave,6541,E 20 St & 2 Ave,5971,40.7546011026,-73.971878855,40.73587678,-73.98205027,casual
2819212,BEC40D0198960FCB,classic_bike,2021-08-14 20:28:21,2021-08-14 20:40:37,E 48 St & 3 Ave,6541,E 20 St & 2 Ave,5971,40.7546011026,-73.971878855,40.73587678,-73.98205027,casual
2819221,740E693DE2575103,classic_bike,2021-08-08 16:41:03,2021-08-08 17:25:36,E 48 St & 3 Ave,6541,FDR Drive & E 35 St,6230,40.7546011026,-73.971878855,40.744219,-73.97121214,casual
2819225,FBD0FB60481BB534,classic_bike,2021-08-25 12:54:07,2021-08-25 13:05:34,E 48 St & 3 Ave,6541,E 20 St & 2 Ave,5971,40.7546011026,-73.971878855,40.73587678,-73.98205027,member
2820088,C1EB28E8128B4A2B,electric_bike,2021-08-07 23:48:46,2021-08-07 23:59:09,E 48 St & 3 Ave,6541,FDR Drive & E 35 St,6230,40.7546011026,-73.971878855,40.744219,-73.97121214,member
2820130,02055FDB126E5D15,classic_bike,2021-08-25 16:43:32,2021-08-25 16:52:30,E 48 St & 3 Ave,6541,E 20 St & 2 Ave,5971,40.7546011026,-73.971878855,40.73587678,-73.98205027,casual
2820139,F22F5C3E21AC35C8,classic_bike,2021-08-27 15:13:33,2021-08-27 15:23:15,E 48 St & 3 Ave,6541,E 40 St & 5 Ave,6474,40.7546011026,-73.971878855,40.752062307,-73.9816324043,member
2820454,31B45DD7BA5216A2,classic_bike,2021-08-29 12:02:56,2021-08-29 12:09:00,E 48 St & 3 Ave,6541,E 40 St & 5 Ave,6474,40.7546011026,-73.971878855,40.752062307,-73.9816324043,member
2820455,9D1E26D2237EBD03,electric_bike,2021-08-10 11:13:00,2021-08-10 11:19:14,E 48 St & 3 Ave,6541,E 40 St & 5 Ave,6474,40.7546011026,-73.971878855,40.752062307,-73.9816324043,member
2820465,76DA261DDA7596CC,classic_bike,2021-08-01 15:57:39,2021-08-01 16:07:46,E 48 St & 3 Ave,6541,FDR Drive & E 35 St,6230,40.7546011026,-73.971878855,40.744219,-73.97121214,member
2820496,A2E95656A020BB47,electric_bike,2021-08-03 22:21:55,2021-08-03 22:28:08,E 48 St & 3 Ave,6541,FDR Drive & E 35 St,6230,40.7546011026,-73.971878855,40.744219,-73.97121214,member
2820502,DB017CF4C2272E1C,classic_bike,2021-08-05 13:24:02,2021-08-05 13:37:57,E 48 St & 3 Ave,6541,E 20 St & 2 Ave,5971,40.7546011026,-73.971878855,40.73587678,-73.98205027,casual
2820509,C8366F74F240D6AE,classic_bike,2021-08-11 16:26:14,2021-08-11 16:38:28,E 48 St & 3 Ave,6541,E 20 St & 2 Ave,5971,40.7546011026,-73.971878855,40.73587678,-73.98205027,casual
2820815,CD947126E9E99A2D,classic_bike,2021-08-31 17:52:33,2021-08-31 18:01:03,E 48 St & 3 Ave,6541,FDR Drive & E 35 St,6230,40.7546011026,-73.971878855,40.744219,-73.97121214,member
2820817,1DECFE0828483539,classic_bike,2021-08-15 16:56:37,2021-08-15 17:05:12,E 48 St & 3 Ave,6541,E 40 St & 5 Ave,6474,40.7546011026,-73.971878855,40.752062307,-73.9816324043,member
2820818,C04CF6A0BD2E6AE0,classic_bike,2021-08-30 16:13:53,2021-08-30 16:21:37,E 48 St & 3 Ave,6541,FDR Drive & E 35 St,6230,40.7546011026,-73.971878855,40.744219,-73.97121214,member
2820887,F0E1D2172FF4D5DF,classic_bike,2021-08-14 13:48:12,2021-08-14 13:56:52,E 48 St & 3 Ave,6541,FDR Drive & E 35 St,6230,40.7546011026,-73.971878855,40.744219,-73.97121214,casual
2820937,3FBC683E6FFB25CA,classic_bike,2021-08-17 18:27:10,2021-08-17 18:36:08,E 48 St & 3 Ave,6541,FDR Drive & E 35 St,6230,40.7546011026,-73.971878855,40.744219,-73.97121214,member
2820939,C6B779873E314EDD,electric_bike,2021-08-23 13:23:21,2021-08-23 13:34:52,E 48 St & 3 Ave,6541,E 20 St & 2 Ave,5971,40.7546011026,-73.971878855,40.73587678,-73.98205027,member
2820941,9F827E8C3EFFED67,classic_bike,2021-08-30 18:47:07,2021-08-30 18:55:07,E 48 St & 3 Ave,6541,E 40 St & 5 Ave,6474,40.7546011026,-73.971878855,40.752062307,-73.9816324043,member
2820953,D9E73C98F56D11AF,classic_bike,2021-08-17 17:44:55,2021-08-17 17:54:20,E 48 St & 3 Ave,6541,E 20 St & 2 Ave,5971,40.7546011026,-73.971878855,40.73587678,-73.98205027,member
2820960,F5ECC1969B2E4332,classic_bike,2021-08-16 16:41:04,2021-08-16 16:49:30,E 48 St & 3 Ave,6541,E 20 St & 2 Ave,5971,40.7546011026,-73.971878855,40.73587678,-73.98205027,casual
2820961,F5471FDD56D33187,classic_bike,2021-08-31 16:41:17,2021-08-31 16:51:05,E 48 St & 3 Ave,6541,E 20 St & 2 Ave,5971,40.7546011026,-73.971878855,40.73587678,-73.98205027,casual
2820965,49B76EE9B8FE8AA6,classic_bike,2021-08-26 16:41:01,2021-08-26 16:49:21,E 48 St & 3 Ave,6541,E 20 St & 2 Ave,5971,40.7546011026,-73.971878855,40.73587678,-73.98205027,casual
2821059,000D0196757ACF7C,classic_bike,2021-08-03 17:52:32,2021-08-03 18:08:57,E 48 St & 3 Ave,6541,FDR Drive & E 35 St,6230,40.7546011026,-73.971878855,40.744219,-73.97121214,member
2821128,248AA91A45DF28A7,classic_bike,2021-08-20 15:19:45,2021-08-20 15:26:15,E 48 St & 3 Ave,6541,E 40 St & 5 Ave,6474,40.7546011026,-73.971878855,40.752062307,-73.9816324043,member
2821150,C78DB705056AA2AA,electric_bike,2021-08-05 11:32:12,2021-08-05 11:41:13,E 48 St & 3 Ave,6541,FDR Drive & E 35 St,6230,40.7546011026,-73.971878855,40.744219,-73.97121214,member
2821157,CEB0B3B6108E59AA,classic_bike,2021-08-31 18:11:49,2021-08-31 18:40:14,E 48 St & 3 Ave,6541,Perry St & Bleecker St,5922,40.7546011026,-73.971878855,40.73535398,-74.00483091,member
2833629,3C38667B5D255D65,classic_bike,2021-08-29 14:57:35,2021-08-29 15:06:54,E 48 St & 3 Ave,6541,7 Ave & Central Park South,6912,40.7546011026,-73.971878855,40.7667405590595,-73.9790689945221,casual
2833634,2B9CCB35A393D8FE,electric_bike,2021-08-07 14:25:43,2021-08-07 14:44:09,E 48 St & 3 Ave,6541,Broadway & E 14 St,5905,40.7546011026,-73.971878855,40.73454567,-73.99074142,casual
2843502,D2B2DF4326C77538,classic_bike,2021-08-30 19:00:37,2021-08-30 19:13:49,E 48 St & 3 Ave,6541,7 Ave & Central Park South,6912,40.7546011026,-73.971878855,40.7667405590595,-73.9790689945221,member
2843520,B90D95DECC74D625,electric_bike,2021-08-09 19:13:14,2021-08-09 19:25:12,E 48 St & 3 Ave,6541,7 Ave & Central Park South,6912,40.7546011026,-73.971878855,40.7667405590595,-73.9790689945221,casual
2843522,723D87C44E47B44C,classic_bike,2021-08-28 11:40:00,2021-08-28 12:55:05,E 48 St & 3 Ave,6541,7 Ave & Central Park South,6912,40.7546011026,-73.971878855,40.7667405590595,-73.9790689945221,casual
2848111,5C8C4732270D4DFA,classic_bike,2021-08-25 17:47:48,2021-08-25 18:22:02,E 48 St & 3 Ave,6541,St Nicholas Ave & Manhattan Ave,7723,40.7546011026,-73.971878855,40.809725,-73.953149,member
2853744,72F964DD0EF4659E,classic_bike,2021-08-26 17:31:19,2021-08-26 17:53:04,E 48 St & 3 Ave,6541,King St & Varick St,5687,40.7546011026,-73.971878855,40.72789701409023,-74.00536268949507,member
2853826,C5221841C58EA9FB,classic_bike,2021-08-01 12:02:21,2021-08-01 12:18:03,E 48 St & 3 Ave,6541,7 Ave & Central Park South,6912,40.7546011026,-73.971878855,40.7667405590595,-73.9790689945221,member
2853875,D7F6C09EF05A9B16,classic_bike,2021-08-28 11:39:44,2021-08-28 12:55:07,E 48 St & 3 Ave,6541,7 Ave & Central Park South,6912,40.7546011026,-73.971878855,40.7667405590595,-73.9790689945221,casual
2854646,EBBDAEE682B0CF11,classic_bike,2021-08-25 17:06:35,2021-08-25 17:21:08,E 48 St & 3 Ave,6541,Broadway & E 14 St,5905,40.7546011026,-73.971878855,40.73454567,-73.99074142,member
2854647,DECBEF454B2B1539,classic_bike,2021-08-19 18:03:32,2021-08-19 18:30:06,E 48 St & 3 Ave,6541,King St & Varick St,5687,40.7546011026,-73.971878855,40.72789701409023,-74.00536268949507,member
2854773,22411A08F2BB870F,classic_bike,2021-08-21 17:46:50,2021-08-21 18:09:33,E 48 St & 3 Ave,6541,Broadway & E 14 St,5905,40.7546011026,-73.971878855,40.73454567,-73.99074142,casual
2854830,8F50DCE8ACA78FF1,classic_bike,2021-08-24 17:17:01,2021-08-24 17:38:00,E 48 St & 3 Ave,6541,Broadway & E 14 St,5905,40.7546011026,-73.971878855,40.73454567,-73.99074142,member
2857180,2AE2AB208B5A4152,classic_bike,2021-08-04 18:08:50,2021-08-04 18:24:38,E 48 St & 3 Ave,6541,Broadway & E 14 St,5905,40.7546011026,-73.971878855,40.73454567,-73.99074142,member
2857338,B1877AA943563BAD,electric_bike,2021-08-13 21:16:58,2021-08-13 21:33:21,E 48 St & 3 Ave,6541,King St & Varick St,5687,40.7546011026,-73.971878855,40.72789701409023,-74.00536268949507,member
2858022,BFAE69F212ECD9BC,classic_bike,2021-08-26 19:25:26,2021-08-26 19:44:01,E 48 St & 3 Ave,6541,Broadway & E 14 St,5905,40.7546011026,-73.971878855,40.73454567,-73.99074142,casual
2858711,7A1D8A1B78C806EB,classic_bike,2021-08-25 16:29:52,2021-08-25 16:41:05,E 48 St & 3 Ave,6541,Broadway & E 14 St,5905,40.7546011026,-73.971878855,40.73454567,-73.99074142,member
2863222,E927103A3B1F2D1F,classic_bike,2021-08-21 16:31:59,2021-08-21 16:47:55,E 48 St & 3 Ave,6541,11 Ave & W 41 St,6726,40.7546011026,-73.971878855,40.76030096,-73.99884222,casual
2867862,8B941D8F1336D766,classic_bike,2021-08-05 17:53:25,2021-08-05 18:08:35,E 48 St & 3 Ave,6541,11 Ave & W 41 St,6726,40.7546011026,-73.971878855,40.76030096,-73.99884222,member
2867863,820FE95A23C787F2,classic_bike,2021-08-12 17:56:44,2021-08-12 18:17:17,E 48 St & 3 Ave,6541,11 Ave & W 41 St,6726,40.7546011026,-73.971878855,40.76030096,-73.99884222,member
2868075,31929D8DE82B8CC7,classic_bike,2021-08-24 18:32:35,2021-08-24 18:49:07,E 48 St & 3 Ave,6541,11 Ave & W 41 St,6726,40.7546011026,-73.971878855,40.76030096,-73.99884222,member
2868079,3CCDDBD9292D0F2B,classic_bike,2021-08-29 07:43:39,2021-08-29 08:04:03,E 48 St & 3 Ave,6541,Division St & Bowery,5270,40.7546011026,-73.971878855,40.714193,-73.996732,casual
2875741,61D2BAB6652B5F8F,classic_bike,2021-08-17 18:39:59,2021-08-17 18:57:27,E 48 St & 3 Ave,6541,11 Ave & W 41 St,6726,40.7546011026,-73.971878855,40.76030096,-73.99884222,member
2875744,317728D17AF810ED,classic_bike,2021-08-29 07:42:41,2021-08-29 08:04:02,E 48 St & 3 Ave,6541,Division St & Bowery,5270,40.7546011026,-73.971878855,40.714193,-73.996732,member
2875747,1292D43FAC4264F6,classic_bike,2021-08-31 18:26:22,2021-08-31 18:41:46,E 48 St & 3 Ave,6541,11 Ave & W 41 St,6726,40.7546011026,-73.971878855,40.76030096,-73.99884222,casual
2877875,89A2B70342EA91B6,classic_bike,2021-08-11 18:11:07,2021-08-11 18:23:33,E 48 St & 3 Ave,6541,11 Ave & W 41 St,6726,40.7546011026,-73.971878855,40.76030096,-73.99884222,member
2878261,894574877B24DF31,classic_bike,2021-08-19 17:52:39,2021-08-19 18:07:04,E 48 St & 3 Ave,6541,11 Ave & W 41 St,6726,40.7546011026,-73.971878855,40.76030096,-73.99884222,member
2878939,E89CE7A6CE2E1F0E,classic_bike,2021-08-24 18:29:48,2021-08-24 18:41:37,E 48 St & 3 Ave,6541,11 Ave & W 41 St,6726,40.7546011026,-73.971878855,40.76030096,-73.99884222,member
2878946,D593885F8AD78B75,classic_bike,2021-08-17 18:38:55,2021-08-17 18:58:09,E 48 St & 3 Ave,6541,11 Ave & W 41 St,6726,40.7546011026,-73.971878855,40.76030096,-73.99884222,casual
2878953,C63FB784358DF0E1,classic_bike,2021-08-29 16:40:40,2021-08-29 16:59:33,E 48 St & 3 Ave,6541,11 Ave & W 41 St,6726,40.7546011026,-73.971878855,40.76030096,-73.99884222,member
2878954,D126B78B00D472A3,electric_bike,2021-08-21 18:31:18,2021-08-21 18:41:17,E 48 St & 3 Ave,6541,11 Ave & W 41 St,6726,40.7546011026,-73.971878855,40.76030096,-73.99884222,member
2878962,0EF2A790764EA30C,classic_bike,2021-08-25 06:18:39,2021-08-25 06:28:23,E 48 St & 3 Ave,6541,11 Ave & W 41 St,6726,40.7546011026,-73.971878855,40.76030096,-73.99884222,member
2878973,58260DBAFF8ABA58,classic_bike,2021-08-24 18:30:24,2021-08-24 18:46:02,E 48 St & 3 Ave,6541,11 Ave & W 41 St,6726,40.7546011026,-73.971878855,40.76030096,-73.99884222,member
2879010,C1842EA4971B0102,classic_bike,2021-08-25 17:54:59,2021-08-25 18:17:07,E 48 St & 3 Ave,6541,11 Ave & W 41 St,6726,40.7546011026,-73.971878855,40.76030096,-73.99884222,member
2879017,09B657C482890442,electric_bike,2021-08-11 17:10:11,2021-08-11 17:25:04,E 48 St & 3 Ave,6541,11 Ave & W 41 St,6726,40.7546011026,-73.971878855,40.76030096,-73.99884222,member
2879194,856D4646A5445E01,classic_bike,2021-08-08 15:06:36,2021-08-08 15:21:54,E 48 St & 3 Ave,6541,11 Ave & W 41 St,6726,40.7546011026,-73.971878855,40.76030096,-73.99884222,casual
2879605,CA9DB8A395F4B4F3,electric_bike,2021-08-12 12:44:51,2021-08-12 12:54:10,E 48 St & 3 Ave,6541,11 Ave & W 41 St,6726,40.7546011026,-73.971878855,40.76030096,-73.99884222,member
2880161,02140348C9F8D47B,electric_bike,2021-08-04 19:08:52,2021-08-04 19:19:31,E 48 St & 3 Ave,6541,11 Ave & W 41 St,6726,40.7546011026,-73.971878855,40.76030096,-73.99884222,member
2880162,3BF0A2E1919E571F,classic_bike,2021-08-20 14:10:59,2021-08-20 14:29:46,E 48 St & 3 Ave,6541,11 Ave & W 41 St,6726,40.7546011026,-73.971878855,40.76030096,-73.99884222,member
2880163,28A89775D7AD9B54,electric_bike,2021-08-11 18:36:46,2021-08-11 18:54:13,E 48 St & 3 Ave,6541,48 Ave & 5 St,6212,40.7546011026,-73.971878855,40.74436328706688,-73.9558732509613,member
2880167,FC7655EFA007CE1E,classic_bike,2021-08-03 17:11:59,2021-08-03 17:27:36,E 48 St & 3 Ave,6541,11 Ave & W 41 St,6726,40.7546011026,-73.971878855,40.76030096,-73.99884222,member
2880646,671886AD5EE3A6AF,electric_bike,2021-08-04 10:43:38,2021-08-04 10:55:58,E 48 St & 3 Ave,6541,11 Ave & W 41 St,6726,40.7546011026,-73.971878855,40.76030096,-73.99884222,casual
2880851,22D5C8ED16A10863,classic_bike,2021-08-18 17:21:00,2021-08-18 17:34:06,E 48 St & 3 Ave,6541,11 Ave & W 41 St,6726,40.7546011026,-73.971878855,40.76030096,-73.99884222,member
2886860,48DA3BFD31CE19E8,electric_bike,2021-08-05 12:39:08,2021-08-05 12:54:34,E 48 St & 3 Ave,6541,Cooper Square & Astor Pl,5712,40.7546011026,-73.971878855,40.72951496224949,-73.99075269699097,casual
2899240,D5A00A8ACE88A114,classic_bike,2021-08-11 17:31:44,2021-08-11 17:48:00,E 48 St & 3 Ave,6541,44 Dr & Jackson Ave,6352,40.7546011026,-73.971878855,40.74718234,-73.9432635,casual
2900154,17AD57B17A82F619,classic_bike,2021-08-14 13:08:58,2021-08-14 13:33:15,E 48 St & 3 Ave,6541,44 Dr & Jackson Ave,6352,40.7546011026,-73.971878855,40.74718234,-73.9432635,member
2900967,8F3220CD827C2828,classic_bike,2021-08-18 16:06:15,2021-08-18 16:25:59,E 48 St & 3 Ave,6541,Cooper Square & Astor Pl,5712,40.7546011026,-73.971878855,40.72951496224949,-73.99075269699097,casual
2901905,80C06E61C9FF3F8B,electric_bike,2021-08-29 10:15:48,2021-08-29 10:43:30,E 48 St & 3 Ave,6541,Fulton St & Pearl St,5024,40.7546011026,-73.971878855,40.70772198491691,-74.00438636541367,member
2903103,09CCE7A67361B418,classic_bike,2021-08-14 10:56:25,2021-08-14 12:00:55,E 48 St & 3 Ave,6541,Fulton St & Pearl St,5024,40.7546011026,-73.971878855,40.70772198491691,-74.00438636541367,casual
2903588,1D4795DD6DE2DAA0,classic_bike,2021-08-14 13:10:10,2021-08-14 13:33:16,E 48 St & 3 Ave,6541,44 Dr & Jackson Ave,6352,40.7546011026,-73.971878855,40.74718234,-73.9432635,member
2903682,28EFEFCDA393E8C1,electric_bike,2021-08-09 15:36:08,2021-08-09 15:52:34,E 48 St & 3 Ave,6541,44 Dr & Jackson Ave,6352,40.7546011026,-73.971878855,40.74718234,-73.9432635,member
2904112,42C3FFBFAEDABDCB,classic_bike,2021-08-07 13:03:49,2021-08-07 13:19:31,E 48 St & 3 Ave,6541,Cooper Square & Astor Pl,5712,40.7546011026,-73.971878855,40.72951496224949,-73.99075269699097,member
2904139,87DDE7424FAAD928,classic_bike,2021-08-14 10:52:37,2021-08-14 11:41:37,E 48 St & 3 Ave,6541,Fulton St & Pearl St,5024,40.7546011026,-73.971878855,40.70772198491691,-74.00438636541367,casual
2904728,1B227AA3E4AC5620,classic_bike,2021-08-02 12:17:44,2021-08-02 12:57:08,E 48 St & 3 Ave,6541,Fulton St & Pearl St,5024,40.7546011026,-73.971878855,40.70772198491691,-74.00438636541367,casual
2907664,E7A1497BC1CB64C0,classic_bike,2021-08-03 22:54:27,2021-08-03 23:36:40,E 48 St & 3 Ave,6541,Fulton St & Pearl St,5024,40.7546011026,-73.971878855,40.70772198491691,-74.00438636541367,member
2925716,FF12279D13A3A42B,classic_bike,2021-08-11 18:07:26,2021-08-11 18:25:30,E 48 St & 3 Ave,6541,E 16 St & 5 Ave,6022,40.7546011026,-73.971878855,40.73726186,-73.99238967,member
2925730,487CB8C8AE63EB9C,electric_bike,2021-08-14 12:07:29,2021-08-14 12:26:40,E 48 St & 3 Ave,6541,Norfolk St & Broome St,5374,40.7546011026,-73.971878855,40.7172274,-73.98802084,casual
2932175,557EA40DEED8334E,classic_bike,2021-08-16 09:47:25,2021-08-16 12:26:28,E 48 St & 3 Ave,6541,Adams St & Prospect St,4821,40.7546011026,-73.971878855,40.70076308326151,-73.98869812488556,casual
2935290,2628DA246223EED2,classic_bike,2021-08-14 09:49:11,2021-08-14 10:08:17,E 48 St & 3 Ave,6541,E 16 St & 5 Ave,6022,40.7546011026,-73.971878855,40.73726186,-73.99238967,casual
2938456,65C7B7E3B9228268,classic_bike,2021-08-06 16:03:16,2021-08-06 16:17:22,E 48 St & 3 Ave,6541,E 16 St & 5 Ave,6022,40.7546011026,-73.971878855,40.73726186,-73.99238967,member
2938469,84E188923B6E9632,electric_bike,2021-08-26 17:19:42,2021-08-26 17:35:31,E 48 St & 3 Ave,6541,Stanton St & Norfolk St,5445,40.7546011026,-73.971878855,40.720747,-73.986274,member
2938689,4334D2B9252866F6,classic_bike,2021-08-24 18:24:39,2021-08-24 18:42:16,E 48 St & 3 Ave,6541,St Marks Pl & 2 Ave,5669,40.7546011026,-73.971878855,40.7284186,-73.98713956,casual
2939970,01CAE5F8D8F923E2,classic_bike,2021-08-26 19:21:48,2021-08-26 19:55:08,E 48 St & 3 Ave,6541,S 3 St & Bedford Ave,5235,40.7546011026,-73.971878855,40.71260486,-73.96264403,member
2940116,1D272721DF3A8D0B,classic_bike,2021-08-10 17:52:49,2021-08-10 18:07:59,E 48 St & 3 Ave,6541,St Marks Pl & 2 Ave,5669,40.7546011026,-73.971878855,40.7284186,-73.98713956,member
2941543,0FEC238A4CA6A1B1,electric_bike,2021-08-16 09:51:55,2021-08-16 12:26:46,E 48 St & 3 Ave,6541,Adams St & Prospect St,4821,40.7546011026,-73.971878855,40.70076308326151,-73.98869812488556,casual
2941581,6BAEAE997B622855,classic_bike,2021-08-30 19:07:37,2021-08-30 19:39:13,E 48 St & 3 Ave,6541,Adams St & Prospect St,4821,40.7546011026,-73.971878855,40.70076308326151,-73.98869812488556,member
2942374,ACB4F6575AB406F5,electric_bike,2021-08-18 16:02:37,2021-08-18 16:36:47,E 48 St & 3 Ave,6541,36 St & Ditmars Blvd,7111,40.7546011026,-73.971878855,40.774306,-73.908335,member
2942379,32EC80580E75C6D3,classic_bike,2021-08-25 18:03:05,2021-08-25 18:15:40,E 48 St & 3 Ave,6541,St Marks Pl & 2 Ave,5669,40.7546011026,-73.971878855,40.7284186,-73.98713956,member
2942835,F54E85A2EB3315EA,classic_bike,2021-08-26 19:13:13,2021-08-26 19:32:25,E 48 St & 3 Ave,6541,Stanton St & Norfolk St,5445,40.7546011026,-73.971878855,40.720747,-73.986274,member
2942841,6C3D31C437B5C824,classic_bike,2021-08-08 10:28:10,2021-08-08 10:59:44,E 48 St & 3 Ave,6541,St Marks Pl & 2 Ave,5669,40.7546011026,-73.971878855,40.7284186,-73.98713956,casual
2942863,94430BF01ABBB28D,classic_bike,2021-08-24 18:25:00,2021-08-24 18:42:05,E 48 St & 3 Ave,6541,St Marks Pl & 2 Ave,5669,40.7546011026,-73.971878855,40.7284186,-73.98713956,member
2943729,F09F572E929E0D78,classic_bike,2021-08-19 12:55:43,2021-08-19 13:14:54,E 48 St & 3 Ave,6541,St Marks Pl & 2 Ave,5669,40.7546011026,-73.971878855,40.7284186,-73.98713956,member
2944099,DF676FE8945EAA30,classic_bike,2021-08-30 19:00:12,2021-08-30 19:27:58,E 48 St & 3 Ave,6541,S 3 St & Bedford Ave,5235,40.7546011026,-73.971878855,40.71260486,-73.96264403,member
2944690,56E9C8EA46DD3C51,classic_bike,2021-08-15 08:04:35,2021-08-15 08:21:53,E 48 St & 3 Ave,6541,St Marks Pl & 2 Ave,5669,40.7546011026,-73.971878855,40.7284186,-73.98713956,casual
2945330,912E2C1E98D026AF,classic_bike,2021-08-24 15:45:55,2021-08-24 16:02:47,E 48 St & 3 Ave,6541,E 16 St & 5 Ave,6022,40.7546011026,-73.971878855,40.73726186,-73.99238967,member
2945346,5053506479B9C905,electric_bike,2021-08-29 19:04:30,2021-08-29 19:31:43,E 48 St & 3 Ave,6541,Lincoln Ave & E 138 St,7744,40.7546011026,-73.971878855,40.810893,-73.927311,member
2946213,B7CD6DD15A65D43D,electric_bike,2021-08-02 08:57:08,2021-08-02 09:10:55,E 48 St & 3 Ave,6541,St Marks Pl & 2 Ave,5669,40.7546011026,-73.971878855,40.7284186,-73.98713956,casual
2948652,B0123C91CB6F9FCA,electric_bike,2021-08-27 13:14:05,2021-08-27 13:20:18,E 48 St & 3 Ave,6541,W 37 St & 5 Ave,6398,40.7546011026,-73.971878855,40.75038009,-73.98338988,member
2948657,D8FC2F9015C74C53,electric_bike,2021-08-04 01:46:51,2021-08-04 01:52:27,E 48 St & 3 Ave,6541,W 37 St & 5 Ave,6398,40.7546011026,-73.971878855,40.75038009,-73.98338988,member
2948659,8FD263DBE9611A74,classic_bike,2021-08-27 15:21:28,2021-08-27 15:29:26,E 48 St & 3 Ave,6541,W 37 St & 5 Ave,6398,40.7546011026,-73.971878855,40.75038009,-73.98338988,casual
2950758,37D6ED18765136B7,classic_bike,2021-08-05 14:00:55,2021-08-05 14:10:08,E 48 St & 3 Ave,6541,W 37 St & 5 Ave,6398,40.7546011026,-73.971878855,40.75038009,-73.98338988,casual
2950760,4CA3A8A94C38B915,electric_bike,2021-08-10 11:34:57,2021-08-10 11:43:50,E 48 St & 3 Ave,6541,W 37 St & 5 Ave,6398,40.7546011026,-73.971878855,40.75038009,-73.98338988,casual
2950763,15352875EAAE8533,classic_bike,2021-08-31 15:25:56,2021-08-31 15:33:40,E 48 St & 3 Ave,6541,W 37 St & 5 Ave,6398,40.7546011026,-73.971878855,40.75038009,-73.98338988,casual
2950800,D6FB55C1F490C527,classic_bike,2021-08-18 17:37:42,2021-08-18 17:43:45,E 48 St & 3 Ave,6541,W 37 St & 5 Ave,6398,40.7546011026,-73.971878855,40.75038009,-73.98338988,member
2950804,2D3B7022FBFA38EB,classic_bike,2021-08-26 17:10:01,2021-08-26 17:20:21,E 48 St & 3 Ave,6541,W 37 St & 5 Ave,6398,40.7546011026,-73.971878855,40.75038009,-73.98338988,member
2950806,A6CC9070FF024935,electric_bike,2021-08-11 09:11:16,2021-08-11 09:33:12,E 48 St & 3 Ave,6541,Grand St & Elizabeth St,5382,40.7546011026,-73.971878855,40.718822,-73.99596,member
2960797,FAC5C4E382DBCCC3,classic_bike,2021-08-03 12:53:58,2021-08-03 13:01:40,E 48 St & 3 Ave,6541,W 37 St & 5 Ave,6398,40.7546011026,-73.971878855,40.75038009,-73.98338988,member
2961744,03883ABDE7FE6A8F,electric_bike,2021-08-13 19:54:15,2021-08-13 20:00:40,E 48 St & 3 Ave,6541,W 37 St & 5 Ave,6398,40.7546011026,-73.971878855,40.75038009,-73.98338988,member
2961749,F761BC834E27E8FD,classic_bike,2021-08-26 15:41:17,2021-08-26 16:03:12,E 48 St & 3 Ave,6541,Perry St & Greenwich Ave,5955,40.7546011026,-73.971878855,40.735918,-74.000939,member
2963027,4267AAC75204C9BB,classic_bike,2021-08-03 22:05:02,2021-08-03 22:41:30,E 48 St & 3 Ave,6541,Grand St & Elizabeth St,5382,40.7546011026,-73.971878855,40.718822,-73.99596,member
2963063,4F5917AF7367085B,classic_bike,2021-08-31 06:59:19,2021-08-31 07:11:47,E 48 St & 3 Ave,6541,W 37 St & 5 Ave,6398,40.7546011026,-73.971878855,40.75038009,-73.98338988,casual
2963076,5DBF659377A9E98C,classic_bike,2021-08-11 17:35:54,2021-08-11 18:02:29,E 48 St & 3 Ave,6541,Grand St & Elizabeth St,5382,40.7546011026,-73.971878855,40.718822,-73.99596,member
2963079,C92749D19129F071,classic_bike,2021-08-11 16:27:30,2021-08-11 16:37:22,E 48 St & 3 Ave,6541,W 37 St & 5 Ave,6398,40.7546011026,-73.971878855,40.75038009,-73.98338988,member
2963140,A19360F116CF3F9E,electric_bike,2021-08-11 08:15:20,2021-08-11 08:21:53,E 48 St & 3 Ave,6541,W 37 St & 5 Ave,6398,40.7546011026,-73.971878855,40.75038009,-73.98338988,casual
2963219,B6F716A9B8EE0F39,classic_bike,2021-08-20 17:56:42,2021-08-20 18:04:59,E 48 St & 3 Ave,6541,W 37 St & 5 Ave,6398,40.7546011026,-73.971878855,40.75038009,-73.98338988,member
2963227,05273832E1B6509D,classic_bike,2021-08-01 10:58:28,2021-08-01 11:27:43,E 48 St & 3 Ave,6541,Perry St & Greenwich Ave,5955,40.7546011026,-73.971878855,40.735918,-74.000939,casual
2963661,8B00AD5CE7039486,electric_bike,2021-08-16 19:54:20,2021-08-16 20:01:25,E 48 St & 3 Ave,6541,W 37 St & 5 Ave,6398,40.7546011026,-73.971878855,40.75038009,-73.98338988,member
2963682,1702DF6D2103DF20,classic_bike,2021-08-26 01:20:47,2021-08-26 01:45:57,E 48 St & 3 Ave,6541,Grand St & Elizabeth St,5382,40.7546011026,-73.971878855,40.718822,-73.99596,casual
2963955,F3FDBE2E476A9125,classic_bike,2021-08-11 11:20:16,2021-08-11 11:30:15,E 48 St & 3 Ave,6541,W 37 St & 5 Ave,6398,40.7546011026,-73.971878855,40.75038009,-73.98338988,casual
2964467,5AA050BFF3517940,classic_bike,2021-08-28 21:18:17,2021-08-28 21:31:09,E 48 St & 3 Ave,6541,W 37 St & 5 Ave,6398,40.7546011026,-73.971878855,40.75038009,-73.98338988,casual
2964473,863438AF23E42D9F,classic_bike,2021-08-28 21:17:49,2021-08-28 21:31:02,E 48 St & 3 Ave,6541,W 37 St & 5 Ave,6398,40.7546011026,-73.971878855,40.75038009,-73.98338988,member
2964638,6B6D012CDD488D53,electric_bike,2021-08-24 15:08:11,2021-08-24 15:13:29,E 48 St & 3 Ave,6541,W 37 St & 5 Ave,6398,40.7546011026,-73.971878855,40.75038009,-73.98338988,casual
2965264,8CCB4B190729C9D9,electric_bike,2021-08-28 01:29:51,2021-08-28 01:45:31,E 48 St & 3 Ave,6541,Perry St & Greenwich Ave,5955,40.7546011026,-73.971878855,40.735918,-74.000939,member
2965268,4F63075EE75CE66B,classic_bike,2021-08-20 17:54:04,2021-08-20 18:55:53,E 48 St & 3 Ave,6541,W 37 St & 5 Ave,6398,40.7546011026,-73.971878855,40.75038009,-73.98338988,casual
2966580,5843E752DC517C9E,classic_bike,2021-08-11 07:38:02,2021-08-11 07:42:19,E 48 St & 3 Ave,6541,E 41 St & Madison Ave,6474,40.7546011026,-73.971878855,40.752165280621966,-73.97992193698882,member
2966581,8AEA13E7AD6ECBE5,classic_bike,2021-08-31 07:46:38,2021-08-31 07:51:12,E 48 St & 3 Ave,6541,E 41 St & Madison Ave,6474,40.7546011026,-73.971878855,40.752165280621966,-73.97992193698882,member
2966593,85F4059CCD6AF798,classic_bike,2021-08-16 11:37:24,2021-08-16 12:09:34,E 48 St & 3 Ave,6541,8 Ave & W 31 St,6450,40.7546011026,-73.971878855,40.7505853470215,-73.9946848154068,casual
2967075,44754A87526A7883,electric_bike,2021-08-24 13:52:42,2021-08-24 13:57:52,E 48 St & 3 Ave,6541,W 37 St & 5 Ave,6398,40.7546011026,-73.971878855,40.75038009,-73.98338988,member
2982729,1B614F67C2EC1C75,electric_bike,2021-08-12 09:25:55,2021-08-12 09:36:45,E 48 St & 3 Ave,6541,8 Ave & W 31 St,6450,40.7546011026,-73.971878855,40.7505853470215,-73.9946848154068,member
2996875,E0A01D4FD8FDE80E,classic_bike,2021-08-01 13:53:56,2021-08-01 14:06:35,E 48 St & 3 Ave,6541,8 Ave & W 31 St,6450,40.7546011026,-73.971878855,40.7505853470215,-73.9946848154068,member
2997547,5D8F3FFAA6C55976,classic_bike,2021-08-11 16:18:33,2021-08-11 16:23:16,E 48 St & 3 Ave,6541,E 41 St & Madison Ave,6474,40.7546011026,-73.971878855,40.752165280621966,-73.97992193698882,member
2997553,3D4A8B04DB479A50,classic_bike,2021-08-11 16:26:18,2021-08-11 16:44:44,E 48 St & 3 Ave,6541,8 Ave & W 31 St,6450,40.7546011026,-73.971878855,40.7505853470215,-73.9946848154068,casual
2997776,B801166EBD6AA0F9,electric_bike,2021-08-25 07:26:02,2021-08-25 07:29:12,E 48 St & 3 Ave,6541,E 41 St & Madison Ave,6474,40.7546011026,-73.971878855,40.752165280621966,-73.97992193698882,member
2998419,CD7A389208BBFE03,classic_bike,2021-08-16 18:38:06,2021-08-16 18:44:47,E 48 St & 3 Ave,6541,E 41 St & Madison Ave,6474,40.7546011026,-73.971878855,40.752165280621966,-73.97992193698882,member
2999623,73AEEBCA549F5633,classic_bike,2021-08-10 07:38:43,2021-08-10 07:42:38,E 48 St & 3 Ave,6541,E 41 St & Madison Ave,6474,40.7546011026,-73.971878855,40.752165280621966,-73.97992193698882,member
2999627,5A2B32407CEF55A3,classic_bike,2021-08-03 18:24:13,2021-08-03 18:57:27,E 48 St & 3 Ave,6541,DeKalb Ave & Vanderbilt Ave,4461,40.7546011026,-73.971878855,40.68940747,-73.96885458,member
3001222,930D8126D95BCE6F,classic_bike,2021-08-24 07:37:18,2021-08-24 07:41:58,E 48 St & 3 Ave,6541,E 41 St & Madison Ave,6474,40.7546011026,-73.971878855,40.752165280621966,-73.97992193698882,member
3001242,33448A6BBA32B648,classic_bike,2021-08-30 17:52:38,2021-08-30 17:59:11,E 48 St & 3 Ave,6541,E 41 St & Madison Ave,6474,40.7546011026,-73.971878855,40.752165280621966,-73.97992193698882,member
3001353,C21070E6838F3DDF,classic_bike,2021-08-14 09:28:03,2021-08-14 09:41:58,E 48 St & 3 Ave,6541,8 Ave & W 31 St,6450,40.7546011026,-73.971878855,40.7505853470215,-73.9946848154068,casual
3001360,3C2C8B50481ED0FF,electric_bike,2021-08-24 03:22:26,2021-08-24 03:38:50,E 48 St & 3 Ave,6541,Madison Ave & E 120 St,7667,40.7546011026,-73.971878855,40.80295,-73.942954,casual
3001367,F21B93C587E1A71F,electric_bike,2021-08-20 09:01:23,2021-08-20 09:16:41,E 48 St & 3 Ave,6541,E 7 St & Avenue A,5626,40.7546011026,-73.971878855,40.72621788,-73.98379855,member
3001736,DC423FB1B7237B36,classic_bike,2021-08-12 07:52:52,2021-08-12 07:57:14,E 48 St & 3 Ave,6541,E 41 St & Madison Ave,6474,40.7546011026,-73.971878855,40.752165280621966,-73.97992193698882,member
3001801,32EEAFD5E510D2D5,classic_bike,2021-08-17 07:27:28,2021-08-17 07:32:11,E 48 St & 3 Ave,6541,E 41 St & Madison Ave,6474,40.7546011026,-73.971878855,40.752165280621966,-73.97992193698882,member
3001841,717238DA08342F1C,classic_bike,2021-08-16 14:10:31,2021-08-16 14:24:47,E 48 St & 3 Ave,6541,8 Ave & W 31 St,6450,40.7546011026,-73.971878855,40.7505853470215,-73.9946848154068,member
3001851,FCD92DC45F17840F,classic_bike,2021-08-17 10:54:32,2021-08-17 10:59:14,E 48 St & 3 Ave,6541,E 41 St & Madison Ave,6474,40.7546011026,-73.971878855,40.752165280621966,-73.97992193698882,casual
3001853,523F9691F6A0FA93,electric_bike,2021-08-04 09:28:07,2021-08-04 09:37:37,E 48 St & 3 Ave,6541,E 41 St & Madison Ave,6474,40.7546011026,-73.971878855,40.752165280621966,-73.97992193698882,casual
3001873,35164B1C84933FB7,classic_bike,2021-08-18 07:27:29,2021-08-18 07:32:23,E 48 St & 3 Ave,6541,E 41 St & Madison Ave,6474,40.7546011026,-73.971878855,40.752165280621966,-73.97992193698882,member
3002848,F3A3C80295D21AC6,classic_bike,2021-08-10 17:43:28,2021-08-10 17:49:07,E 48 St & 3 Ave,6541,E 41 St & Madison Ave,6474,40.7546011026,-73.971878855,40.752165280621966,-73.97992193698882,member
3006833,2E7AAA4230C3F41B,classic_bike,2021-08-16 21:28:45,2021-08-16 21:48:13,E 48 St & 3 Ave,6541,W 36 St & 9 Ave,6569,40.7546011026,-73.971878855,40.75462324029105,-73.99516761302948,member
3009468,ADB751AA069990A5,electric_bike,2021-08-07 07:35:38,2021-08-07 07:44:43,E 48 St & 3 Ave,6541,W 36 St & 9 Ave,6569,40.7546011026,-73.971878855,40.75462324029105,-73.99516761302948,member
3012083,D1D7CEF40740C14B,classic_bike,2021-08-16 18:19:27,2021-08-16 18:30:11,E 48 St & 3 Ave,6541,Broadway & W 29 St,6289,40.7546011026,-73.971878855,40.7462009,-73.98855723,member
3012086,8FA456E51FA58B3E,electric_bike,2021-08-24 13:12:30,2021-08-24 13:36:06,E 48 St & 3 Ave,6541,W 36 St & 9 Ave,6569,40.7546011026,-73.971878855,40.75462324029105,-73.99516761302948,casual
3013283,02CD2523C0FE7493,classic_bike,2021-08-24 18:12:08,2021-08-24 18:23:16,E 48 St & 3 Ave,6541,W 36 St & 9 Ave,6569,40.7546011026,-73.971878855,40.75462324029105,-73.99516761302948,casual
3015869,30AECB713C3A0EDA,classic_bike,2021-08-26 18:57:23,2021-08-26 19:09:03,E 48 St & 3 Ave,6541,W 36 St & 9 Ave,6569,40.7546011026,-73.971878855,40.75462324029105,-73.99516761302948,casual
3016890,A8642164E60370F6,classic_bike,2021-08-24 21:31:59,2021-08-24 21:42:37,E 48 St & 3 Ave,6541,Broadway & W 29 St,6289,40.7546011026,-73.971878855,40.7462009,-73.98855723,member
3017385,14F8E1EF44F1330E,classic_bike,2021-08-28 14:23:10,2021-08-28 14:30:12,E 48 St & 3 Ave,6541,Broadway & W 29 St,6289,40.7546011026,-73.971878855,40.7462009,-73.98855723,member
3017767,7C10C455AFB3C4F2,classic_bike,2021-08-16 10:25:24,2021-08-16 10:35:37,E 48 St & 3 Ave,6541,Broadway & W 29 St,6289,40.7546011026,-73.971878855,40.7462009,-73.98855723,member
3018558,C45B1F546872476F,electric_bike,2021-08-03 09:04:59,2021-08-03 09:17:40,E 48 St & 3 Ave,6541,Broadway & W 29 St,6289,40.7546011026,-73.971878855,40.7462009,-73.98855723,casual
3018732,9235ECFCCB370B13,electric_bike,2021-08-07 01:37:14,2021-08-07 01:43:58,E 48 St & 3 Ave,6541,Broadway & W 29 St,6289,40.7546011026,-73.971878855,40.7462009,-73.98855723,member
3018736,DEE94A19729BE18A,classic_bike,2021-08-06 17:16:29,2021-08-06 17:33:12,E 48 St & 3 Ave,6541,W 36 St & 9 Ave,6569,40.7546011026,-73.971878855,40.75462324029105,-73.99516761302948,member
3019574,7F49C5E8A49DCBE4,classic_bike,2021-08-05 17:12:14,2021-08-05 17:23:02,E 48 St & 3 Ave,6541,Broadway & W 29 St,6289,40.7546011026,-73.971878855,40.7462009,-73.98855723,member
3019620,6DAF6D4603C2A827,classic_bike,2021-08-12 15:43:59,2021-08-12 15:58:59,E 48 St & 3 Ave,6541,Broadway & W 29 St,6289,40.7546011026,-73.971878855,40.7462009,-73.98855723,member
3019652,56F3BEA6BB0950CA,classic_bike,2021-08-03 19:19:00,2021-08-03 19:33:49,E 48 St & 3 Ave,6541,Broadway & W 29 St,6289,40.7546011026,-73.971878855,40.7462009,-73.98855723,member
3019653,4B06A39DB35A97EB,classic_bike,2021-08-03 17:55:41,2021-08-03 18:13:19,E 48 St & 3 Ave,6541,Broadway & W 29 St,6289,40.7546011026,-73.971878855,40.7462009,-73.98855723,member
3019705,839AA352E3F93200,electric_bike,2021-08-24 13:12:00,2021-08-24 13:36:01,E 48 St & 3 Ave,6541,W 36 St & 9 Ave,6569,40.7546011026,-73.971878855,40.75462324029105,-73.99516761302948,casual
3019895,75445147324C1EB0,classic_bike,2021-08-15 21:13:12,2021-08-15 21:29:40,E 48 St & 3 Ave,6541,Broadway & W 29 St,6289,40.7546011026,-73.971878855,40.7462009,-73.98855723,member
3020243,76282E5CE6B6B56A,classic_bike,2021-08-17 14:41:53,2021-08-17 15:08:26,E 48 St & 3 Ave,6541,Broadway & W 29 St,6289,40.7546011026,-73.971878855,40.7462009,-73.98855723,member
3029865,CEFED103056BAA7B,classic_bike,2021-08-31 18:03:13,2021-08-31 18:12:35,E 48 St & 3 Ave,6541,W 54 St & 9 Ave,6920,40.7546011026,-73.971878855,40.76584941,-73.98690506,casual
3029872,C16025DF0B7D15C5,classic_bike,2021-08-07 17:56:56,2021-08-07 18:07:36,E 48 St & 3 Ave,6541,W 54 St & 9 Ave,6920,40.7546011026,-73.971878855,40.76584941,-73.98690506,casual
3036069,8B0C9E26248608E2,classic_bike,2021-08-12 17:19:12,2021-08-12 17:31:39,E 48 St & 3 Ave,6541,W 54 St & 9 Ave,6920,40.7546011026,-73.971878855,40.76584941,-73.98690506,casual
3037120,FDBF157635252A76,electric_bike,2021-08-14 14:47:36,2021-08-14 14:53:30,E 48 St & 3 Ave,6541,E 30 St & Park Ave S,6206,40.7546011026,-73.971878855,40.74444921,-73.98303529,member
3038285,C5CF2F01B1221BD9,electric_bike,2021-08-11 09:35:51,2021-08-11 09:46:44,E 48 St & 3 Ave,6541,W 54 St & 9 Ave,6920,40.7546011026,-73.971878855,40.76584941,-73.98690506,member
3041374,2B569B1DB853780D,classic_bike,2021-08-28 14:11:54,2021-08-28 14:29:06,E 48 St & 3 Ave,6541,W 54 St & 9 Ave,6920,40.7546011026,-73.971878855,40.76584941,-73.98690506,casual
3041442,6BB761DA7F92857A,classic_bike,2021-08-16 08:14:32,2021-08-16 08:26:11,E 48 St & 3 Ave,6541,W 54 St & 9 Ave,6920,40.7546011026,-73.971878855,40.76584941,-73.98690506,member
3041471,3F58845F008A228A,electric_bike,2021-08-14 14:47:47,2021-08-14 14:53:19,E 48 St & 3 Ave,6541,E 30 St & Park Ave S,6206,40.7546011026,-73.971878855,40.74444921,-73.98303529,casual
3042413,E14529AD8359ACF6,classic_bike,2021-08-24 18:25:14,2021-08-24 18:44:42,E 48 St & 3 Ave,6541,W 54 St & 9 Ave,6920,40.7546011026,-73.971878855,40.76584941,-73.98690506,member
3042621,FEA7592C5BD81A9F,classic_bike,2021-08-20 15:29:36,2021-08-20 15:38:37,E 48 St & 3 Ave,6541,E 30 St & Park Ave S,6206,40.7546011026,-73.971878855,40.74444921,-73.98303529,member
3042723,501360268F100AB7,classic_bike,2021-08-14 08:15:56,2021-08-14 08:54:47,E 48 St & 3 Ave,6541,E 30 St & Park Ave S,6206,40.7546011026,-73.971878855,40.74444921,-73.98303529,member
3042755,C8060E6251EA68F0,classic_bike,2021-08-01 12:18:44,2021-08-01 12:28:47,E 48 St & 3 Ave,6541,W 54 St & 9 Ave,6920,40.7546011026,-73.971878855,40.76584941,-73.98690506,member
3045728,22AE492BE32E79CC,electric_bike,2021-08-31 22:02:59,2021-08-31 22:37:09,E 48 St & 3 Ave,6541,W Broadway & Spring St,5569,40.7546011026,-73.971878855,40.72494672359416,-74.00165855884552,casual
3053227,4ABC360A755E9387,classic_bike,2021-08-28 14:35:40,2021-08-28 15:09:33,E 48 St & 3 Ave,6541,W Broadway & Spring St,5569,40.7546011026,-73.971878855,40.72494672359416,-74.00165855884552,member
3053442,F23EE8C4DE39CC75,classic_bike,2021-08-28 14:36:06,2021-08-28 15:09:45,E 48 St & 3 Ave,6541,W Broadway & Spring St,5569,40.7546011026,-73.971878855,40.72494672359416,-74.00165855884552,member
3053655,DA7FF5567DC3CBD9,classic_bike,2021-08-16 18:38:30,2021-08-16 18:52:02,E 48 St & 3 Ave,6541,W Broadway & Spring St,5569,40.7546011026,-73.971878855,40.72494672359416,-74.00165855884552,member
3058221,18C0F3355E9C8BFF,classic_bike,2021-08-02 17:58:54,2021-08-02 18:02:25,E 48 St & 3 Ave,6541,E 47 St & 2 Ave,6498,40.7546011026,-73.971878855,40.75323098,-73.97032517,member
3058227,DF868E528F7E8DE0,classic_bike,2021-08-17 16:15:32,2021-08-17 16:21:06,E 48 St & 3 Ave,6541,E 56 St & 3 Ave,6691,40.7546011026,-73.971878855,40.75934501,-73.96759673,member
3058229,E7EF61FB61F5AC02,classic_bike,2021-08-24 18:00:52,2021-08-24 18:05:41,E 48 St & 3 Ave,6541,E 56 St & 3 Ave,6691,40.7546011026,-73.971878855,40.75934501,-73.96759673,member
3058231,E5C2AC76269CAD69,classic_bike,2021-08-10 07:48:51,2021-08-10 07:53:12,E 48 St & 3 Ave,6541,E 56 St & 3 Ave,6691,40.7546011026,-73.971878855,40.75934501,-73.96759673,member
3060668,9D2FD7FE20093A8B,electric_bike,2021-08-26 13:37:46,2021-08-26 13:41:19,E 48 St & 3 Ave,6541,E 56 St & 3 Ave,6691,40.7546011026,-73.971878855,40.75934501,-73.96759673,member
3060719,44DD2CD6923E4198,classic_bike,2021-08-27 13:09:42,2021-08-27 13:16:39,E 48 St & 3 Ave,6541,E 56 St & 3 Ave,6691,40.7546011026,-73.971878855,40.75934501,-73.96759673,casual
3063272,7D8EE713AD427F66,classic_bike,2021-08-27 08:14:58,2021-08-27 08:18:35,E 48 St & 3 Ave,6541,E 56 St & 3 Ave,6691,40.7546011026,-73.971878855,40.75934501,-73.96759673,member
3063292,716C171B27F6C05F,electric_bike,2021-08-09 12:51:29,2021-08-09 12:57:46,E 48 St & 3 Ave,6541,E 56 St & 3 Ave,6691,40.7546011026,-73.971878855,40.75934501,-73.96759673,casual
3064868,6C332802642AF086,classic_bike,2021-08-02 17:02:21,2021-08-02 17:04:14,E 48 St & 3 Ave,6541,E 47 St & 2 Ave,6498,40.7546011026,-73.971878855,40.75323098,-73.97032517,member
3064873,9058E42CC6B7ABF2,classic_bike,2021-08-28 13:34:08,2021-08-28 13:38:48,E 48 St & 3 Ave,6541,E 56 St & 3 Ave,6691,40.7546011026,-73.971878855,40.75934501,-73.96759673,member
3067081,F71249EEEE81EE74,classic_bike,2021-08-02 17:54:09,2021-08-02 18:16:05,E 48 St & 3 Ave,6541,E 85 St & 3 Ave,7212,40.7546011026,-73.971878855,40.77801203,-73.95407149,member
3067086,005F3871F08AF033,classic_bike,2021-08-11 23:05:14,2021-08-11 23:06:48,E 48 St & 3 Ave,6541,E 47 St & 2 Ave,6498,40.7546011026,-73.971878855,40.75323098,-73.97032517,member
3068617,37D6233665AE5FE1,classic_bike,2021-08-18 17:47:07,2021-08-18 17:58:04,E 48 St & 3 Ave,6541,E 47 St & 2 Ave,6498,40.7546011026,-73.971878855,40.75323098,-73.97032517,member
3069712,DCD59D2E1C4F476B,classic_bike,2021-08-30 07:00:48,2021-08-30 07:02:42,E 48 St & 3 Ave,6541,E 47 St & 2 Ave,6498,40.7546011026,-73.971878855,40.75323098,-73.97032517,member
3069719,BF6B8E86CC8D7F80,electric_bike,2021-08-06 12:41:48,2021-08-06 12:44:39,E 48 St & 3 Ave,6541,E 56 St & 3 Ave,6691,40.7546011026,-73.971878855,40.75934501,-73.96759673,member
3069720,62A5B9519B290A25,classic_bike,2021-08-04 20:15:16,2021-08-04 20:16:32,E 48 St & 3 Ave,6541,E 47 St & 2 Ave,6498,40.7546011026,-73.971878855,40.75323098,-73.97032517,member
3069728,DE2A58E0CAEAA4F2,classic_bike,2021-08-07 21:47:07,2021-08-07 21:49:27,E 48 St & 3 Ave,6541,E 47 St & 2 Ave,6498,40.7546011026,-73.971878855,40.75323098,-73.97032517,member
3069733,00722490AB0A11C3,classic_bike,2021-08-03 16:24:01,2021-08-03 16:28:05,E 48 St & 3 Ave,6541,E 56 St & 3 Ave,6691,40.7546011026,-73.971878855,40.75934501,-73.96759673,member
3069738,8606CA199FA5EAE1,electric_bike,2021-08-03 19:14:28,2021-08-03 19:17:52,E 48 St & 3 Ave,6541,E 56 St & 3 Ave,6691,40.7546011026,-73.971878855,40.75934501,-73.96759673,member
3070237,6877896193D49EAD,classic_bike,2021-08-27 18:11:20,2021-08-27 18:15:44,E 48 St & 3 Ave,6541,E 56 St & 3 Ave,6691,40.7546011026,-73.971878855,40.75934501,-73.96759673,member
3070238,BACD58F4A57A046E,classic_bike,2021-08-11 19:59:05,2021-08-11 20:01:36,E 48 St & 3 Ave,6541,E 56 St & 3 Ave,6691,40.7546011026,-73.971878855,40.75934501,-73.96759673,member
3070711,D305F7905C61BCE2,classic_bike,2021-08-18 10:49:12,2021-08-18 10:51:16,E 48 St & 3 Ave,6541,E 47 St & 2 Ave,6498,40.7546011026,-73.971878855,40.75323098,-73.97032517,member
3070712,27DE63C73DDB5140,classic_bike,2021-08-18 10:43:08,2021-08-18 10:45:13,E 48 St & 3 Ave,6541,E 47 St & 2 Ave,6498,40.7546011026,-73.971878855,40.75323098,-73.97032517,member
3070717,B0CEAF245E9001C7,classic_bike,2021-08-02 17:53:40,2021-08-02 17:58:35,E 48 St & 3 Ave,6541,E 56 St & 3 Ave,6691,40.7546011026,-73.971878855,40.75934501,-73.96759673,casual
3071378,D8FF2BBE9504D845,classic_bike,2021-08-22 19:41:40,2021-08-22 19:55:08,E 48 St & 3 Ave,6541,E 85 St & 3 Ave,7212,40.7546011026,-73.971878855,40.77801203,-73.95407149,member
3071379,C9E9B68534FB51F4,electric_bike,2021-08-31 09:54:45,2021-08-31 09:58:25,E 48 St & 3 Ave,6541,E 47 St & 2 Ave,6498,40.7546011026,-73.971878855,40.75323098,-73.97032517,member
3071418,0034C94655377122,classic_bike,2021-08-29 17:37:38,2021-08-29 17:41:06,E 48 St & 3 Ave,6541,E 56 St & 3 Ave,6691,40.7546011026,-73.971878855,40.75934501,-73.96759673,member
3071423,5B270C71391BA03B,classic_bike,2021-08-08 12:39:16,2021-08-08 13:04:16,E 48 St & 3 Ave,6541,Pike St & Monroe St,5159,40.7546011026,-73.971878855,40.71173107,-73.99193043,member
3071424,9E9BAC433ACD320B,classic_bike,2021-08-02 19:19:26,2021-08-02 19:23:37,E 48 St & 3 Ave,6541,E 56 St & 3 Ave,6691,40.7546011026,-73.971878855,40.75934501,-73.96759673,member
3071462,6C27E7B72D8A0155,classic_bike,2021-08-25 16:17:24,2021-08-25 16:23:53,E 48 St & 3 Ave,6541,E 56 St & 3 Ave,6691,40.7546011026,-73.971878855,40.75934501,-73.96759673,casual
3071468,0CBDE6C1E8C29366,classic_bike,2021-08-15 21:52:52,2021-08-15 22:01:01,E 48 St & 3 Ave,6541,E 56 St & 3 Ave,6691,40.7546011026,-73.971878855,40.75934501,-73.96759673,casual
3071501,AAAD17712D69CAFE,classic_bike,2021-08-05 13:45:56,2021-08-05 13:50:58,E 48 St & 3 Ave,6541,E 56 St & 3 Ave,6691,40.7546011026,-73.971878855,40.75934501,-73.96759673,member
3071502,DA18969F77476824,classic_bike,2021-08-05 07:49:30,2021-08-05 07:53:02,E 48 St & 3 Ave,6541,E 56 St & 3 Ave,6691,40.7546011026,-73.971878855,40.75934501,-73.96759673,member
3071506,CE4EABF580A37F66,classic_bike,2021-08-25 12:01:45,2021-08-25 12:04:30,E 48 St & 3 Ave,6541,E 56 St & 3 Ave,6691,40.7546011026,-73.971878855,40.75934501,-73.96759673,member
3071514,82E1077A803F7A75,classic_bike,2021-08-12 12:55:33,2021-08-12 12:59:50,E 48 St & 3 Ave,6541,E 56 St & 3 Ave,6691,40.7546011026,-73.971878855,40.75934501,-73.96759673,member
3071515,A2BD0683E79D3AB2,classic_bike,2021-08-12 07:51:11,2021-08-12 07:56:35,E 48 St & 3 Ave,6541,E 56 St & 3 Ave,6691,40.7546011026,-73.971878855,40.75934501,-73.96759673,member
3071516,06B1A15CDBD706DD,classic_bike,2021-08-18 10:55:48,2021-08-18 10:58:07,E 48 St & 3 Ave,6541,E 47 St & 2 Ave,6498,40.7546011026,-73.971878855,40.75323098,-73.97032517,member
3071517,1AFD1FF622E89168,classic_bike,2021-08-18 10:42:46,2021-08-18 10:45:09,E 48 St & 3 Ave,6541,E 47 St & 2 Ave,6498,40.7546011026,-73.971878855,40.75323098,-73.97032517,member
3071518,1B2D1B8C7A8715B4,classic_bike,2021-08-18 10:49:25,2021-08-18 10:51:20,E 48 St & 3 Ave,6541,E 47 St & 2 Ave,6498,40.7546011026,-73.971878855,40.75323098,-73.97032517,member
3071519,A7AD5DDCD252F68F,classic_bike,2021-08-18 18:34:19,2021-08-18 19:07:45,E 48 St & 3 Ave,6541,E 85 St & 3 Ave,7212,40.7546011026,-73.971878855,40.77801203,-73.95407149,member
3071534,512A41B473C7D95E,classic_bike,2021-08-17 08:33:20,2021-08-17 08:37:27,E 48 St & 3 Ave,6541,E 56 St & 3 Ave,6691,40.7546011026,-73.971878855,40.75934501,-73.96759673,member
3072103,54A51B489E4B02A8,electric_bike,2021-08-25 08:27:19,2021-08-25 08:40:22,E 48 St & 3 Ave,6541,E 85 St & 3 Ave,7212,40.7546011026,-73.971878855,40.77801203,-73.95407149,member
3072109,ACC8B1F10F8F11D8,classic_bike,2021-08-06 22:33:11,2021-08-06 22:34:51,E 48 St & 3 Ave,6541,E 47 St & 2 Ave,6498,40.7546011026,-73.971878855,40.75323098,-73.97032517,member
3072110,61C56603747FE863,classic_bike,2021-08-06 22:38:45,2021-08-06 22:40:41,E 48 St & 3 Ave,6541,E 47 St & 2 Ave,6498,40.7546011026,-73.971878855,40.75323098,-73.97032517,member
3072224,35483F09F8D2A8BC,classic_bike,2021-08-31 15:57:13,2021-08-31 15:58:06,E 48 St & 3 Ave,6541,E 47 St & 2 Ave,6498,40.7546011026,-73.971878855,40.75323098,-73.97032517,member
3072227,3DD4A4853970C247,classic_bike,2021-08-19 14:06:30,2021-08-19 14:19:23,E 48 St & 3 Ave,6541,E 56 St & 3 Ave,6691,40.7546011026,-73.971878855,40.75934501,-73.96759673,member
3072249,50832646F5B587DC,electric_bike,2021-08-30 21:17:14,2021-08-30 21:25:57,E 48 St & 3 Ave,6541,E 85 St & 3 Ave,7212,40.7546011026,-73.971878855,40.77801203,-73.95407149,member
3072266,23F8357E04533DA6,classic_bike,2021-08-06 08:46:46,2021-08-06 08:52:01,E 48 St & 3 Ave,6541,E 56 St & 3 Ave,6691,40.7546011026,-73.971878855,40.75934501,-73.96759673,member
3072283,8E6A2F21A6CE23F6,classic_bike,2021-08-30 07:18:01,2021-08-30 07:19:56,E 48 St & 3 Ave,6541,E 47 St & 2 Ave,6498,40.7546011026,-73.971878855,40.75323098,-73.97032517,casual
3072354,88C38E5447A79986,classic_bike,2021-08-02 12:58:04,2021-08-02 13:01:40,E 48 St & 3 Ave,6541,E 56 St & 3 Ave,6691,40.7546011026,-73.971878855,40.75934501,-73.96759673,member
3072358,B3083ADBB9716FBB,classic_bike,2021-08-26 18:33:22,2021-08-26 18:34:44,E 48 St & 3 Ave,6541,E 47 St & 2 Ave,6498,40.7546011026,-73.971878855,40.75323098,-73.97032517,casual
3072379,775EECD0CAA4CB96,classic_bike,2021-08-24 18:11:15,2021-08-24 18:15:04,E 48 St & 3 Ave,6541,E 56 St & 3 Ave,6691,40.7546011026,-73.971878855,40.75934501,-73.96759673,member
3072411,74407A4D2DBD8F02,classic_bike,2021-08-06 17:08:56,2021-08-06 17:34:22,E 48 St & 3 Ave,6541,E 85 St & 3 Ave,7212,40.7546011026,-73.971878855,40.77801203,-73.95407149,member
3072414,8794C222D6D041AC,classic_bike,2021-08-04 13:47:14,2021-08-04 13:52:05,E 48 St & 3 Ave,6541,E 56 St & 3 Ave,6691,40.7546011026,-73.971878855,40.75934501,-73.96759673,member
3072415,83C52C87467EF2B0,classic_bike,2021-08-04 07:52:39,2021-08-04 07:56:20,E 48 St & 3 Ave,6541,E 56 St & 3 Ave,6691,40.7546011026,-73.971878855,40.75934501,-73.96759673,member
3072514,1CBB0016F611FFCC,classic_bike,2021-08-05 19:01:04,2021-08-05 20:13:15,E 48 St & 3 Ave,6541,E 47 St & 2 Ave,6498,40.7546011026,-73.971878855,40.75323098,-73.97032517,casual
3072561,AD3C46125E705806,classic_bike,2021-08-18 10:52:05,2021-08-18 10:53:42,E 48 St & 3 Ave,6541,E 47 St & 2 Ave,6498,40.7546011026,-73.971878855,40.75323098,-73.97032517,member
3072562,528E9B7534534E14,classic_bike,2021-08-18 10:47:34,2021-08-18 10:48:57,E 48 St & 3 Ave,6541,E 47 St & 2 Ave,6498,40.7546011026,-73.971878855,40.75323098,-73.97032517,member
3072563,626F659C7E6222CD,classic_bike,2021-08-18 10:41:56,2021-08-18 10:44:42,E 48 St & 3 Ave,6541,E 47 St & 2 Ave,6498,40.7546011026,-73.971878855,40.75323098,-73.97032517,member
3072565,FB3A168943351EF7,classic_bike,2021-08-11 16:36:00,2021-08-11 16:36:49,E 48 St & 3 Ave,6541,E 47 St & 2 Ave,6498,40.7546011026,-73.971878855,40.75323098,-73.97032517,member
3072568,840BE1E7688BD864,classic_bike,2021-08-24 09:39:02,2021-08-24 09:42:53,E 48 St & 3 Ave,6541,E 56 St & 3 Ave,6691,40.7546011026,-73.971878855,40.75934501,-73.96759673,member
3072569,9E143151F2F27ECB,classic_bike,2021-08-11 07:54:45,2021-08-11 07:58:50,E 48 St & 3 Ave,6541,E 56 St & 3 Ave,6691,40.7546011026,-73.971878855,40.75934501,-73.96759673,member
3072570,CD0E4A95768CF276,classic_bike,2021-08-20 17:48:28,2021-08-20 18:07:12,E 48 St & 3 Ave,6541,E 85 St & 3 Ave,7212,40.7546011026,-73.971878855,40.77801203,-73.95407149,member
3072571,B056F06BF5969E14,classic_bike,2021-08-18 14:29:09,2021-08-18 14:31:31,E 48 St & 3 Ave,6541,E 47 St & 2 Ave,6498,40.7546011026,-73.971878855,40.75323098,-73.97032517,member
3072579,B02FC837A872712E,classic_bike,2021-08-09 09:57:01,2021-08-09 10:02:09,E 48 St & 3 Ave,6541,E 56 St & 3 Ave,6691,40.7546011026,-73.971878855,40.75934501,-73.96759673,member
3072632,A76458142A9D86C0,classic_bike,2021-08-25 15:29:30,2021-08-25 15:33:07,E 48 St & 3 Ave,6541,E 56 St & 3 Ave,6691,40.7546011026,-73.971878855,40.75934501,-73.96759673,member
3072655,4BD0B5E6EEFB40F0,classic_bike,2021-08-29 17:23:00,2021-08-29 17:27:27,E 48 St & 3 Ave,6541,E 56 St & 3 Ave,6691,40.7546011026,-73.971878855,40.75934501,-73.96759673,casual
3072657,FC089E431DAF7F84,classic_bike,2021-08-05 00:24:40,2021-08-05 00:26:17,E 48 St & 3 Ave,6541,E 47 St & 2 Ave,6498,40.7546011026,-73.971878855,40.75323098,-73.97032517,member
3072659,C500EA3E02BE842A,classic_bike,2021-08-03 13:48:43,2021-08-03 13:53:33,E 48 St & 3 Ave,6541,E 56 St & 3 Ave,6691,40.7546011026,-73.971878855,40.75934501,-73.96759673,member
3072660,144F13AF253ACEE1,classic_bike,2021-08-03 07:59:41,2021-08-03 08:03:29,E 48 St & 3 Ave,6541,E 56 St & 3 Ave,6691,40.7546011026,-73.971878855,40.75934501,-73.96759673,member
3072661,6E4A9DA8CEFEBBE0,classic_bike,2021-08-29 17:22:40,2021-08-29 17:27:46,E 48 St & 3 Ave,6541,E 56 St & 3 Ave,6691,40.7546011026,-73.971878855,40.75934501,-73.96759673,casual
3072665,2069975E49AD4455,classic_bike,2021-08-19 17:42:20,2021-08-19 17:47:48,E 48 St & 3 Ave,6541,E 56 St & 3 Ave,6691,40.7546011026,-73.971878855,40.75934501,-73.96759673,member
3072672,F2B6D2406F3FEB54,electric_bike,2021-08-10 10:56:15,2021-08-10 11:11:29,E 48 St & 3 Ave,6541,E 85 St & 3 Ave,7212,40.7546011026,-73.971878855,40.77801203,-73.95407149,member
3072673,B22CD67CA9E5C3C2,classic_bike,2021-08-20 20:11:45,2021-08-20 20:43:15,E 48 St & 3 Ave,6541,E 47 St & 2 Ave,6498,40.7546011026,-73.971878855,40.75323098,-73.97032517,member
3072677,A8C7AEC16ECC1BA3,electric_bike,2021-08-12 08:48:09,2021-08-12 08:50:28,E 48 St & 3 Ave,6541,E 47 St & 2 Ave,6498,40.7546011026,-73.971878855,40.75323098,-73.97032517,member
3072692,E3EDCCE0CCDA9547,classic_bike,2021-08-08 11:19:45,2021-08-08 11:31:50,E 48 St & 3 Ave,6541,E 85 St & 3 Ave,7212,40.7546011026,-73.971878855,40.77801203,-73.95407149,member
3072695,00421208CD89B0DB,classic_bike,2021-08-04 00:19:38,2021-08-04 00:21:57,E 48 St & 3 Ave,6541,E 47 St & 2 Ave,6498,40.7546011026,-73.971878855,40.75323098,-73.97032517,member
3072698,D73FFEF5CDE37248,classic_bike,2021-08-09 07:55:33,2021-08-09 07:59:33,E 48 St & 3 Ave,6541,E 56 St & 3 Ave,6691,40.7546011026,-73.971878855,40.75934501,-73.96759673,member
3072699,C2D5C800F317FC3D,classic_bike,2021-08-09 13:13:03,2021-08-09 13:17:58,E 48 St & 3 Ave,6541,E 56 St & 3 Ave,6691,40.7546011026,-73.971878855,40.75934501,-73.96759673,member
3072706,141CBC556F483115,electric_bike,2021-08-07 20:18:26,2021-08-07 20:23:10,E 48 St & 3 Ave,6541,E 56 St & 3 Ave,6691,40.7546011026,-73.971878855,40.75934501,-73.96759673,member
3072744,0019195BED75A2BC,classic_bike,2021-08-12 16:41:46,2021-08-12 17:02:53,E 48 St & 3 Ave,6541,W 84 St & Columbus Ave,7382,40.7546011026,-73.971878855,40.78499979,-73.97283406,member
3072753,79C623937B1C9ED8,classic_bike,2021-08-04 16:37:50,2021-08-04 17:10:02,E 48 St & 3 Ave,6541,E 85 St & 3 Ave,7212,40.7546011026,-73.971878855,40.77801203,-73.95407149,member
3072761,E55F81CCD4A7CD3E,classic_bike,2021-08-10 17:43:07,2021-08-10 17:58:10,E 48 St & 3 Ave,6541,E 85 St & 3 Ave,7212,40.7546011026,-73.971878855,40.77801203,-73.95407149,member
3072804,8F9735F83EF312E0,classic_bike,2021-08-25 17:49:12,2021-08-25 17:51:09,E 48 St & 3 Ave,6541,E 47 St & 2 Ave,6498,40.7546011026,-73.971878855,40.75323098,-73.97032517,member
3072813,9F221403DDA09D01,classic_bike,2021-08-19 17:42:43,2021-08-19 17:47:58,E 48 St & 3 Ave,6541,E 56 St & 3 Ave,6691,40.7546011026,-73.971878855,40.75934501,-73.96759673,member
3072818,4C9CCCBB04302448,classic_bike,2021-08-03 18:04:59,2021-08-03 18:06:24,E 48 St & 3 Ave,6541,E 47 St & 2 Ave,6498,40.7546011026,-73.971878855,40.75323098,-73.97032517,member
