,ride_id,rideable_type,started_at,ended_at,start_station_name,start_station_id,end_station_name,end_station_id,start_lat,start_lng,end_lat,end_lng,member_casual
86459,F91D02129621309C,classic_bike,2021-08-04 11:03:42,2021-08-04 11:08:23,Webster Ave & E 166 St,8052,Grand Concourse & E 166 St,8092,40.828975,-73.911259,40.83196,-73.91956,member
120919,1182C3D3758DFE83,electric_bike,2021-08-10 01:25:12,2021-08-10 01:33:11,Webster Ave & E 166 St,8052,E Burnside Ave & Ryer Ave,8397,40.828975,-73.911259,40.850535,-73.901318,member
121477,7BEA328F47D90CC4,classic_bike,2021-08-31 14:03:57,2021-08-31 14:22:43,E 165 St & Clay Ave,8052,E 161 St & River Ave,8041,40.82809,-73.91288,40.827883,-73.927111,casual
193124,819B3E6A50D51A14,electric_bike,2021-08-20 19:30:18,2021-08-20 19:33:01,E 165 St & Clay Ave,8052,E 167 St & Clay Ave,8088,40.82809,-73.91288,40.83094,-73.91125,member
196827,F0F4C7A4DAF446F9,electric_bike,2021-08-06 06:20:17,2021-08-06 06:43:25,E 165 St & Clay Ave,8052,Madison Ave & E 99 St,7443,40.82809,-73.91288,40.78948541553215,-73.95242929458618,casual
229530,44177B63B0809B5B,classic_bike,2021-08-25 12:43:43,2021-08-25 12:47:02,E 161 St & Park Ave,7979,E 165 St & Clay Ave,8052,40.824811,-73.916407,40.82809,-73.91288,casual
317168,3169C37F76A1C2C8,classic_bike,2021-08-19 00:36:36,2021-08-19 00:53:57,Webster Ave & E 166 St,8052,Washington Ave & E 174 St,8277,40.828975,-73.911259,40.843079,-73.900216,casual
317169,1C028F9B80E9C26E,classic_bike,2021-08-19 00:36:52,2021-08-19 00:54:10,Webster Ave & E 166 St,8052,Washington Ave & E 174 St,8277,40.828975,-73.911259,40.843079,-73.900216,casual
317170,8A1CB1227077229D,electric_bike,2021-08-04 01:25:00,2021-08-04 01:33:04,Webster Ave & E 166 St,8052,E Burnside Ave & Ryer Ave,8397,40.828975,-73.911259,40.850535,-73.901318,casual
329777,20138116FBD65201,classic_bike,2021-08-10 19:16:55,2021-08-10 19:19:24,E 165 St & Clay Ave,8052,Park Ave & E 162 St,8016,40.82809,-73.91288,40.825716,-73.915585,member
343769,B818393F44833A6C,classic_bike,2021-08-21 09:22:49,2021-08-21 09:28:00,E 165 St & Clay Ave,8052,Grand Concourse & E 166 St,8092,40.82809,-73.91288,40.83196,-73.91956,member
360358,6B576F01123FE85A,classic_bike,2021-08-02 08:23:27,2021-08-02 08:30:25,E 165 St & Clay Ave,8052,Grand Concourse & E 167 St,8126,40.82809,-73.91288,40.834263,-73.917641,member
363827,23DC3C2E597F9424,classic_bike,2021-08-13 10:55:44,2021-08-13 11:05:31,E 165 St & Clay Ave,8052,Grand Concourse & E 167 St,8126,40.82809,-73.91288,40.834263,-73.917641,member
373907,64286DF083C5DCC5,electric_bike,2021-08-26 18:01:26,2021-08-26 18:24:20,Webster Ave & E 166 St,8052,Amsterdam Ave & W 172 St,8242,40.828975,-73.911259,40.842173,-73.935111,casual
377350,7E5DC6A6AEC08DA9,electric_bike,2021-08-02 15:35:28,2021-08-02 15:40:57,E 165 St & Clay Ave,8052,Brook Ave & E 157 St,7935,40.82809,-73.91288,40.820713,-73.911759,member
437360,302D573EF99B48A6,classic_bike,2021-08-31 12:33:28,2021-08-31 12:37:45,E 161 St & Park Ave,7979,Webster Ave & E 166 St,8052,40.824811,-73.916407,40.828975,-73.911259,member
437401,9AEE0FBFF97CDC28,classic_bike,2021-08-12 08:10:41,2021-08-12 08:16:59,Westchester Ave & Longwood Ave,7909,Webster Ave & E 166 St,8052,40.819701,-73.901311,40.828975,-73.911259,casual
437403,F2C13CC99252E040,classic_bike,2021-08-24 08:05:31,2021-08-24 08:13:11,Westchester Ave & Longwood Ave,7909,Webster Ave & E 166 St,8052,40.819701,-73.901311,40.828975,-73.911259,casual
437405,A9A0F62C7439CA88,classic_bike,2021-08-18 08:03:41,2021-08-18 08:11:31,Westchester Ave & Longwood Ave,7909,Webster Ave & E 166 St,8052,40.819701,-73.901311,40.828975,-73.911259,casual
438327,519AD82B698542B7,classic_bike,2021-08-03 11:06:14,2021-08-03 11:15:04,Grand Concourse & E 166 St,8092,Webster Ave & E 166 St,8052,40.83196,-73.91956,40.828975,-73.911259,member
475907,E41D628D7E85BAE1,classic_bike,2021-08-04 15:11:14,2021-08-04 15:32:33,Webster Ave & E 166 St,8052,Park Ave & E 124 St,7682,40.828975,-73.911259,40.8045555,-73.9396861,member
504645,702C0F64E9F30907,classic_bike,2021-08-27 16:15:57,2021-08-27 16:19:17,Webster Ave & E 166 St,8052,E 167 St & Clay Ave,8088,40.828975,-73.911259,40.83094,-73.91125,casual
505453,052E52754F735C9B,classic_bike,2021-08-30 15:47:19,2021-08-30 15:50:04,E 165 St & Clay Ave,8052,E 167 St & Clay Ave,8088,40.82809,-73.91288,40.83094,-73.91125,member
506247,36E26F453A5CC290,electric_bike,2021-08-20 00:39:51,2021-08-20 01:29:53,Webster Ave & E 166 St,8052,E 167 St & Clay Ave,8088,40.828975,-73.911259,40.83094,-73.91125,member
506326,1506786017629DF4,electric_bike,2021-08-18 10:25:29,2021-08-18 10:49:46,E 165 St & Clay Ave,8052,E 167 St & Clay Ave,8088,40.82809,-73.91288,40.83094,-73.91125,member
506336,EDFC39EDF63E89C4,classic_bike,2021-08-13 16:40:32,2021-08-13 16:44:08,E 165 St & Clay Ave,8052,E 167 St & Clay Ave,8088,40.82809,-73.91288,40.83094,-73.91125,casual
507176,4F35EA265388EBE6,classic_bike,2021-08-01 14:27:23,2021-08-01 14:29:40,Webster Ave & E 166 St,8052,E 167 St & Clay Ave,8088,40.828975,-73.911259,40.83094,-73.91125,member
507937,3460605B0617745A,classic_bike,2021-08-01 09:41:11,2021-08-01 09:42:44,E 165 St & Clay Ave,8052,E 167 St & Clay Ave,8088,40.82809,-73.91288,40.83094,-73.91125,member
508310,4A107C922DB31F6B,electric_bike,2021-08-17 14:14:22,2021-08-17 14:16:20,Webster Ave & E 166 St,8052,E 167 St & Clay Ave,8088,40.828975,-73.911259,40.83094,-73.91125,member
508810,0333EBB7FBC6E751,electric_bike,2021-08-30 09:39:21,2021-08-30 09:57:48,E 165 St & Clay Ave,8052,E 167 St & Clay Ave,8088,40.82809,-73.91288,40.83094,-73.91125,casual
508811,5F06870CFB2386A2,classic_bike,2021-08-12 06:59:51,2021-08-12 07:03:38,E 165 St & Clay Ave,8052,E 167 St & Clay Ave,8088,40.82809,-73.91288,40.83094,-73.91125,member
508931,2A02238047B88D4F,classic_bike,2021-08-25 08:11:10,2021-08-25 08:13:29,E 165 St & Clay Ave,8052,E 167 St & Clay Ave,8088,40.82809,-73.91288,40.83094,-73.91125,member
508933,D04FB10A5DB0524B,electric_bike,2021-08-03 20:23:26,2021-08-03 20:46:58,E 165 St & Clay Ave,8052,E 167 St & Clay Ave,8088,40.82809,-73.91288,40.83094,-73.91125,member
508935,D34CF7DF3273E56E,electric_bike,2021-08-25 21:45:58,2021-08-25 22:29:13,E 165 St & Clay Ave,8052,E 167 St & Clay Ave,8088,40.82809,-73.91288,40.83094,-73.91125,casual
518721,49E86D78925655F9,electric_bike,2021-08-26 18:03:42,2021-08-26 18:24:11,E 165 St & Clay Ave,8052,Amsterdam Ave & W 172 St,8242,40.82809,-73.91288,40.842173,-73.935111,casual
539250,007CA3FB26DA91B6,classic_bike,2021-08-15 02:33:06,2021-08-15 02:44:16,E 165 St & Clay Ave,8052,Rogers Pl & E 165 St,7987,40.82809,-73.91288,40.823926,-73.897366,casual
560055,83C4821FD8EB35C3,electric_bike,2021-08-06 05:45:45,2021-08-06 05:56:04,E 165 St & Clay Ave,8052,E 133 St & Cypress Pl,7642,40.82809,-73.91288,40.80262,-73.9174,casual
560081,54149D45143574E3,electric_bike,2021-08-02 19:59:25,2021-08-02 20:04:02,E 165 St & Clay Ave,8052,Washington Ave & E 167 St,8068,40.82809,-73.91288,40.829896,-73.907618,member
562127,F092C1E79AB67E22,electric_bike,2021-08-14 12:06:13,2021-08-14 12:09:42,E 165 St & Clay Ave,8052,Washington Ave & E 167 St,8068,40.82809,-73.91288,40.829896,-73.907618,member
562913,CE3262363D24C4CC,electric_bike,2021-08-19 05:57:12,2021-08-19 06:06:38,E 165 St & Clay Ave,8052,E 133 St & Cypress Pl,7642,40.82809,-73.91288,40.80262,-73.9174,casual
581514,CE1007BDE6E5D54C,classic_bike,2021-08-01 10:01:54,2021-08-01 10:07:26,E 165 St & Clay Ave,8052,Grand Concourse & E 167 St,8126,40.82809,-73.91288,40.834263,-73.917641,member
584080,4958034D0F70C3F7,classic_bike,2021-08-03 11:47:15,2021-08-03 11:53:06,E 165 St & Clay Ave,8052,Grand Concourse & E 167 St,8126,40.82809,-73.91288,40.834263,-73.917641,member
586186,B8F53166694E43A6,electric_bike,2021-08-17 18:49:34,2021-08-17 19:12:19,E 165 St & Clay Ave,8052,Grand Concourse & E 167 St,8126,40.82809,-73.91288,40.834263,-73.917641,member
590162,617B90EE71C2647A,electric_bike,2021-08-17 19:05:52,2021-08-17 19:13:46,Webster Ave & E 166 St,8052,E 157 St & River Ave,8005,40.828975,-73.911259,40.825737,-73.927311,casual
599663,55DA8EBF12353841,electric_bike,2021-08-30 07:40:46,2021-08-30 07:46:44,E 165 St & Clay Ave,8052,E 157 St & River Ave,8005,40.82809,-73.91288,40.825737,-73.927311,casual
605264,8074EB2D59440388,classic_bike,2021-08-26 18:19:06,2021-08-26 18:41:35,E 165 St & Clay Ave,8052,E 157 St & River Ave,8005,40.82809,-73.91288,40.825737,-73.927311,casual
692112,1B53068697D823F0,electric_bike,2021-08-17 14:51:19,2021-08-17 15:02:17,Webster Ave & E 166 St,8052,E 169 St & Webster Ave,8122,40.828975,-73.911259,40.834015,-73.908863,member
693318,22EA470669D9AE85,electric_bike,2021-08-13 23:00:42,2021-08-13 23:08:23,Webster Ave & E 166 St,8052,E 169 St & Webster Ave,8122,40.828975,-73.911259,40.834015,-73.908863,member
693726,940BCE91121FEFE3,classic_bike,2021-08-27 12:08:45,2021-08-27 12:11:39,Webster Ave & E 166 St,8052,E 169 St & Webster Ave,8122,40.828975,-73.911259,40.834015,-73.908863,member
694211,3FA2FF7747E123AF,electric_bike,2021-08-27 11:50:15,2021-08-27 12:02:44,Webster Ave & E 166 St,8052,E 169 St & Webster Ave,8122,40.828975,-73.911259,40.834015,-73.908863,member
694991,ED277E62107B1167,classic_bike,2021-08-03 20:35:52,2021-08-03 20:40:30,E 165 St & Clay Ave,8052,E 169 St & Webster Ave,8122,40.82809,-73.91288,40.834015,-73.908863,casual
772799,453399E33A3E9C8A,electric_bike,2021-08-16 17:59:18,2021-08-16 18:20:12,Webster Ave & E 166 St,8052,Bronx Shore Comfort Station,7618,40.828975,-73.911259,40.80046,-73.92404,member
785908,7987D1B39F845A80,electric_bike,2021-08-03 16:17:27,2021-08-03 16:34:23,Webster Ave & E 166 St,8052,W 129 St & Convent Ave,7818,40.828975,-73.911259,40.814394437915816,-73.95324736833572,member
800949,DE8CF9A9ACF14B29,electric_bike,2021-08-05 16:57:31,2021-08-05 17:15:27,E 165 St & Clay Ave,8052,W 129 St & Convent Ave,7818,40.82809,-73.91288,40.814394437915816,-73.95324736833572,member
822774,DE322AEB5AE59F07,electric_bike,2021-08-07 23:59:26,2021-08-08 00:33:53,E 165 St & Clay Ave,8052,Boston Rd & Prospect Ave,8133,40.82809,-73.91288,40.833246,-73.896599,member
824733,0F933CDAB527814C,electric_bike,2021-08-19 06:52:41,2021-08-19 07:05:18,Webster Ave & E 166 St,8052,River Ave & E 151 St,7967,40.828975,-73.911259,40.822217,-73.928939,casual
827720,A90780EC1511F6F6,classic_bike,2021-08-10 14:41:41,2021-08-10 14:47:52,E 165 St & Clay Ave,8052,E 167 St & Franklin Ave,8048,40.82809,-73.91288,40.82895,-73.90521,casual
827800,55CD506E79975A6C,electric_bike,2021-08-07 23:58:31,2021-08-08 00:33:53,E 165 St & Clay Ave,8052,Boston Rd & Prospect Ave,8133,40.82809,-73.91288,40.833246,-73.896599,member
840505,D146A97B55004B5A,classic_bike,2021-08-06 13:38:38,2021-08-06 13:46:48,Webster Ave & E 166 St,8052,Grand Concourse & E 166 St,8092,40.828975,-73.911259,40.83196,-73.91956,member
846315,251DC687AE80DE45,electric_bike,2021-08-02 11:45:32,2021-08-02 11:49:18,E 165 St & Clay Ave,8052,Grand Concourse & E 166 St,8092,40.82809,-73.91288,40.83196,-73.91956,member
846316,929DF084845354BD,electric_bike,2021-08-02 06:18:49,2021-08-02 06:21:57,E 165 St & Clay Ave,8052,Grand Concourse & E 166 St,8092,40.82809,-73.91288,40.83196,-73.91956,member
846319,EF39853CD35AD0AD,electric_bike,2021-08-31 18:43:57,2021-08-31 18:49:44,E 165 St & Clay Ave,8052,Grand Concourse & E 166 St,8092,40.82809,-73.91288,40.83196,-73.91956,member
846839,C662EF80CD3BEDB6,electric_bike,2021-08-22 22:28:39,2021-08-22 22:34:49,E 165 St & Clay Ave,8052,Grand Concourse & E 166 St,8092,40.82809,-73.91288,40.83196,-73.91956,member
846987,3194EF0C14968019,classic_bike,2021-08-27 16:47:16,2021-08-27 17:18:17,E 165 St & Clay Ave,8052,Sedgwick Ave & W Tremont Ave,8428,40.82809,-73.91288,40.853157,-73.918214,casual
846989,F1E9D0B012C38288,electric_bike,2021-08-06 12:10:33,2021-08-06 12:13:58,E 165 St & Clay Ave,8052,Grand Concourse & E 166 St,8092,40.82809,-73.91288,40.83196,-73.91956,casual
847149,ED14E4C77D1623D9,classic_bike,2021-08-01 15:44:28,2021-08-01 15:55:32,E 165 St & Clay Ave,8052,Grand Concourse & E 166 St,8092,40.82809,-73.91288,40.83196,-73.91956,member
847949,5D8B0231B8369711,electric_bike,2021-08-10 05:03:09,2021-08-10 05:05:43,E 165 St & Clay Ave,8052,Grand Concourse & E 166 St,8092,40.82809,-73.91288,40.83196,-73.91956,member
847950,21093336AD57C49D,electric_bike,2021-08-14 05:08:58,2021-08-14 05:12:09,E 165 St & Clay Ave,8052,Grand Concourse & E 166 St,8092,40.82809,-73.91288,40.83196,-73.91956,member
848240,AD254B3EE18ACEEE,classic_bike,2021-08-04 13:46:30,2021-08-04 13:53:34,E 165 St & Clay Ave,8052,Grand Concourse & E 166 St,8092,40.82809,-73.91288,40.83196,-73.91956,casual
848717,7FA8FC49829382F9,electric_bike,2021-08-17 13:12:52,2021-08-17 13:17:21,E 165 St & Clay Ave,8052,Grand Concourse & E 166 St,8092,40.82809,-73.91288,40.83196,-73.91956,casual
848722,A76B4EBA7179D130,classic_bike,2021-08-21 16:18:05,2021-08-21 16:24:57,E 165 St & Clay Ave,8052,Grand Concourse & E 166 St,8092,40.82809,-73.91288,40.83196,-73.91956,casual
848982,9661D5924BA2DA65,classic_bike,2021-08-18 11:00:55,2021-08-18 11:04:47,E 165 St & Clay Ave,8052,Grand Concourse & E 166 St,8092,40.82809,-73.91288,40.83196,-73.91956,member
869361,A5DB831710B3FA63,electric_bike,2021-08-19 09:22:51,2021-08-19 09:34:25,Webster Ave & E 166 St,8052,Broadway & W 160 St,8157,40.828975,-73.911259,40.835775,-73.9434,casual
883096,81C46BD2907EA11D,electric_bike,2021-08-29 11:17:06,2021-08-29 11:31:39,Webster Ave & E 166 St,8052,Lenox Ave & W 144 St,7910,40.828975,-73.911259,40.819783,-73.936521,member
886377,F8ED71F86374CB21,electric_bike,2021-08-02 15:44:28,2021-08-02 15:58:40,E 165 St & Clay Ave,8052,Lenox Ave & W 144 St,7910,40.82809,-73.91288,40.819783,-73.936521,member
886380,08E1D62BB124BF54,electric_bike,2021-08-17 13:16:11,2021-08-17 13:26:38,E 165 St & Clay Ave,8052,Faile St & Garrison Ave,7922,40.82809,-73.91288,40.820578,-73.888271,casual
886408,B0C3A474A25FBA55,classic_bike,2021-08-26 19:53:44,2021-08-26 20:01:59,Webster Ave & E 166 St,8052,Westchester Ave & Longwood Ave,7909,40.828975,-73.911259,40.819701,-73.901311,casual
907346,0B00AC2CDD74B02C,electric_bike,2021-08-12 16:40:20,2021-08-12 16:52:41,E 165 St & Clay Ave,8052,3 Ave & E 172 St,8205,40.82809,-73.91288,40.839586,-73.900277,casual
915390,435B5C499A2F7018,electric_bike,2021-08-13 21:40:14,2021-08-13 21:51:40,E 165 St & Clay Ave,8052,Wales Ave & E 147 St,7751,40.82809,-73.91288,40.811314,-73.907729,member
915455,D1B6498F6CBEE4A6,classic_bike,2021-08-20 12:18:22,2021-08-20 12:23:05,E 165 St & Clay Ave,8052,Fulton Ave & E 168 St,8084,40.82809,-73.91288,40.830471,-73.904556,member
922863,B75C6799AC469744,classic_bike,2021-08-26 20:41:22,2021-08-26 20:59:26,E 165 St & Clay Ave,8052,Wales Ave & E 147 St,7751,40.82809,-73.91288,40.811314,-73.907729,casual
922908,92DC776887E66598,electric_bike,2021-08-17 18:04:15,2021-08-17 18:13:11,E 165 St & Clay Ave,8052,Wales Ave & E 147 St,7751,40.82809,-73.91288,40.811314,-73.907729,casual
950952,9D4005D2EFEB8A5F,classic_bike,2021-08-27 11:05:25,2021-08-27 11:24:10,E 165 St & Clay Ave,8052,E 174 St & Walton Ave,8285,40.82809,-73.91288,40.844811,-73.912042,casual
963684,B4D3C833ECFAB76F,electric_bike,2021-08-16 15:42:27,2021-08-16 15:54:47,E 165 St & Clay Ave,8052,Shakespeare Ave & W 169 St,8198,40.82809,-73.91288,40.839312,-73.922423,casual
965368,93D15733FDE86292,electric_bike,2021-08-14 20:55:12,2021-08-14 21:02:27,E 165 St & Clay Ave,8052,Shakespeare Ave & W 169 St,8198,40.82809,-73.91288,40.839312,-73.922423,member
985859,94013676C37DD735,classic_bike,2021-08-10 15:52:03,2021-08-10 16:01:19,Webster Ave & E 166 St,8052,E 165 St & Jerome Ave,8130,40.828975,-73.911259,40.83263,-73.925101,member
1000206,9E9000A5E1AED378,classic_bike,2021-08-09 02:37:44,2021-08-09 02:41:47,Webster Ave & E 166 St,8052,E 158 St & Melrose Ave,7957,40.828975,-73.911259,40.822215,-73.914688,casual
1007132,BBDF171855553A72,classic_bike,2021-08-07 23:23:10,2021-08-08 00:26:17,Webster Ave & E 166 St,8052,E 158 St & Melrose Ave,7957,40.828975,-73.911259,40.822215,-73.914688,casual
1013550,5151E15ADDCC5FF0,electric_bike,2021-08-19 15:29:26,2021-08-19 15:31:41,E 165 St & Clay Ave,8052,E 158 St & Melrose Ave,7957,40.82809,-73.91288,40.822215,-73.914688,casual
1016646,D6CFD380CF53C372,classic_bike,2021-08-20 11:16:39,2021-08-20 11:30:47,Webster Ave & E 166 St,8052,E 158 St & Melrose Ave,7957,40.828975,-73.911259,40.822215,-73.914688,member
1016662,10B53878F19211E3,classic_bike,2021-08-10 00:22:10,2021-08-10 00:27:17,Webster Ave & E 166 St,8052,E 158 St & Melrose Ave,7957,40.828975,-73.911259,40.822215,-73.914688,member
1017367,85890A98D8037A9B,classic_bike,2021-08-20 22:54:48,2021-08-20 22:59:35,Webster Ave & E 166 St,8052,E 158 St & Melrose Ave,7957,40.828975,-73.911259,40.822215,-73.914688,casual
1038593,FE9DA52B55AA9790,electric_bike,2021-08-14 12:39:25,2021-08-14 12:45:33,E 165 St & Clay Ave,8052,Melrose Ave & E 150 St,7879,40.82809,-73.91288,40.816827,-73.917338,member
1039741,89F69A00CC53E457,electric_bike,2021-08-09 08:32:37,2021-08-09 08:36:58,E 165 St & Clay Ave,8052,Melrose Ave & E 150 St,7879,40.82809,-73.91288,40.816827,-73.917338,member
1040284,95790D8BC70ED4E0,electric_bike,2021-08-03 07:28:56,2021-08-03 07:33:46,Webster Ave & E 166 St,8052,Melrose Ave & E 150 St,7879,40.828975,-73.911259,40.816827,-73.917338,member
1052679,23F0E5328B42ABCB,electric_bike,2021-08-10 09:29:22,2021-08-10 09:34:35,E 165 St & Clay Ave,8052,Melrose Ave & E 150 St,7879,40.82809,-73.91288,40.816827,-73.917338,member
1053940,0C8BA58AAFA81FC4,classic_bike,2021-08-10 14:19:00,2021-08-10 14:40:08,E 165 St & Clay Ave,8052,Concourse Village West & E 156 St,7962,40.82809,-73.91288,40.823162,-73.923267,member
1056462,98DBCBC628D3C612,electric_bike,2021-08-15 08:53:05,2021-08-15 08:58:48,Webster Ave & E 166 St,8052,Melrose Ave & E 150 St,7879,40.828975,-73.911259,40.816827,-73.917338,member
1059236,631CADD9CF19558C,electric_bike,2021-08-24 17:14:22,2021-08-24 17:37:36,Webster Ave & E 166 St,8052,E Mosholu Pkwy & E 204 St,8748,40.828975,-73.911259,40.8740704,-73.8833650931,casual
1059665,4E6CB613AE6F9129,electric_bike,2021-08-25 07:39:25,2021-08-25 07:43:11,E 165 St & Clay Ave,8052,Melrose Ave & E 150 St,7879,40.82809,-73.91288,40.816827,-73.917338,member
1059704,36D0679B1DD6F9EE,electric_bike,2021-08-04 12:24:02,2021-08-04 12:34:23,E 165 St & Clay Ave,8052,Melrose Ave & E 150 St,7879,40.82809,-73.91288,40.816827,-73.917338,member
1059729,C7A22CA26B822BF1,classic_bike,2021-08-20 15:44:26,2021-08-20 15:54:51,E 165 St & Clay Ave,8052,Melrose Ave & E 150 St,7879,40.82809,-73.91288,40.816827,-73.917338,casual
1060164,42D5FD502B0A113A,classic_bike,2021-08-05 19:18:20,2021-08-05 19:26:14,E 165 St & Clay Ave,8052,Melrose Ave & E 150 St,7879,40.82809,-73.91288,40.816827,-73.917338,casual
1060436,5505B8C2BB8ADAE2,electric_bike,2021-08-07 17:00:18,2021-08-07 17:04:48,E 165 St & Clay Ave,8052,Melrose Ave & E 150 St,7879,40.82809,-73.91288,40.816827,-73.917338,casual
1060443,ABED20F79EA4C70E,electric_bike,2021-08-16 12:53:23,2021-08-16 12:59:56,E 165 St & Clay Ave,8052,Melrose Ave & E 150 St,7879,40.82809,-73.91288,40.816827,-73.917338,casual
1060620,65A57D46897DBCAB,electric_bike,2021-08-11 18:58:04,2021-08-11 19:02:54,E 165 St & Clay Ave,8052,Melrose Ave & E 150 St,7879,40.82809,-73.91288,40.816827,-73.917338,member
1060837,E3660D321CC3F1D0,classic_bike,2021-08-01 18:54:45,2021-08-01 19:02:08,E 165 St & Clay Ave,8052,Melrose Ave & E 150 St,7879,40.82809,-73.91288,40.816827,-73.917338,casual
1074705,34AC3F143DB5B86A,electric_bike,2021-08-14 23:12:36,2021-08-14 23:21:07,E 165 St & Clay Ave,8052,Longwood Ave & Southern Blvd,7849,40.82809,-73.91288,40.816343,-73.896447,member
1079459,F10F54294D8FB57E,electric_bike,2021-08-17 09:38:45,2021-08-17 09:50:11,Webster Ave & E 166 St,8052,W 160 St & St. Nicholas Ave,8138,40.828975,-73.911259,40.834468,-73.939865,member
1080360,AA0E999BDE52C6F0,electric_bike,2021-08-29 19:32:30,2021-08-29 19:41:25,Webster Ave & E 166 St,8052,West Farms Rd & Boone Ave,8076,40.828975,-73.911259,40.830025,-73.886312,casual
1086942,306C07ACBE6AC9A6,classic_bike,2021-08-08 02:22:03,2021-08-08 02:36:28,E 165 St & Clay Ave,8052,Longwood Ave & Southern Blvd,7849,40.82809,-73.91288,40.816343,-73.896447,member
1104662,CB5386A620A2499A,electric_bike,2021-08-18 07:37:02,2021-08-18 08:03:42,E 165 St & Clay Ave,8052,W 106 St & Central Park West,7606,40.82809,-73.91288,40.7981856,-73.9605909006,casual
1108656,04156F50D4547DEE,classic_bike,2021-08-29 15:31:28,2021-08-29 15:46:09,E 165 St & Clay Ave,8052,Grand Concourse & East Mount Eden Ave,8265,40.82809,-73.91288,40.84301,-73.91172,casual
1108682,58130CEC08BFA868,classic_bike,2021-08-29 08:56:18,2021-08-29 09:18:57,E 165 St & Clay Ave,8052,Jerome Ave & W Fordham Rd,8586,40.82809,-73.91288,40.86294,-73.90108,member
1140076,B88D1A23FCE59B76,electric_bike,2021-08-13 01:34:49,2021-08-13 01:46:12,E 165 St & Clay Ave,8052,Walton Ave & E 171 St,8249,40.82809,-73.91288,40.840683,-73.915073,member
1142982,CA789BC9B5668AF0,electric_bike,2021-08-26 05:04:57,2021-08-26 05:31:26,E 165 St & Clay Ave,8052,W 145 St & Amsterdam Ave,7997,40.82809,-73.91288,40.825244,-73.947257,member
1170631,3355C8D804300F5D,electric_bike,2021-08-27 05:24:56,2021-08-27 05:32:35,E 165 St & Clay Ave,8052,Grand Concourse & E 161 St,8021,40.82809,-73.91288,40.82713380423556,-73.9227358996868,member
1170664,A126A82D4F9403BF,electric_bike,2021-08-29 22:26:51,2021-08-29 22:30:34,E 165 St & Clay Ave,8052,Grand Concourse & E 161 St,8021,40.82809,-73.91288,40.82713380423556,-73.9227358996868,member
1170665,3EDCBAA837A0D779,electric_bike,2021-08-30 05:17:19,2021-08-30 05:26:57,E 165 St & Clay Ave,8052,Grand Concourse & E 161 St,8021,40.82809,-73.91288,40.82713380423556,-73.9227358996868,member
1170666,4C8F04BFE22E52FC,electric_bike,2021-08-29 05:16:01,2021-08-29 05:21:50,E 165 St & Clay Ave,8052,Grand Concourse & E 161 St,8021,40.82809,-73.91288,40.82713380423556,-73.9227358996868,member
1171425,D1778C2EE914E4B5,electric_bike,2021-08-16 05:05:40,2021-08-16 05:09:24,E 165 St & Clay Ave,8052,Grand Concourse & E 161 St,8021,40.82809,-73.91288,40.82713380423556,-73.9227358996868,member
1219962,7544F843801536C6,electric_bike,2021-08-16 16:19:23,2021-08-16 16:41:59,E 165 St & Clay Ave,8052,Grand Concourse & E 171 St,8194,40.82809,-73.91288,40.839549,-73.913004,casual
1245760,75F50269C3607C87,electric_bike,2021-08-12 20:51:25,2021-08-12 20:56:29,E 165 St & Clay Ave,8052,E 156 & Brook Ave,7896,40.82809,-73.91288,40.819823,-73.912411,casual
1291811,3B36C7F431C2B7AB,classic_bike,2021-08-18 15:59:45,2021-08-18 16:27:48,Webster Ave & E 166 St,8052,Westchester Ave & E 156 St,7891,40.828975,-73.911259,40.817802,-73.905203,casual
1298549,018E835D1750305E,electric_bike,2021-08-28 19:33:40,2021-08-28 19:46:15,E 165 St & Clay Ave,8052,St. Ann's Av & Bruckner Blvd,7657,40.82809,-73.91288,40.803399,-73.919763,casual
1308568,D979DA49574B53A2,classic_bike,2021-08-01 23:19:51,2021-08-01 23:40:02,Webster Ave & E 166 St,8052,E Fordham Rd & Webster Ave,8582,40.828975,-73.911259,40.861748,-73.89105,member
1314151,7F16DFA8512AB0E7,classic_bike,2021-08-29 19:42:48,2021-08-29 19:55:49,Webster Ave & E 166 St,8052,St. Ann's Av & Bruckner Blvd,7657,40.828975,-73.911259,40.803399,-73.919763,casual
1321709,C7F4BC59D0256C40,classic_bike,2021-08-15 01:51:26,2021-08-15 02:15:22,E 165 St & Clay Ave,8052,Townsend Ave & E 175 St,8323,40.82809,-73.91288,40.84741,-73.911359,casual
1323893,8DFA0022D3E64A26,electric_bike,2021-08-28 22:54:33,2021-08-28 23:08:10,Webster Ave & E 166 St,8052,E Fordham Rd & Webster Ave,8582,40.828975,-73.911259,40.861748,-73.89105,member
1326150,0AE67E32E894E529,electric_bike,2021-08-10 18:22:25,2021-08-10 18:33:15,Webster Ave & E 166 St,8052,Westchester Ave & E 156 St,7891,40.828975,-73.911259,40.817802,-73.905203,casual
1327502,3952C8F6DBC2A255,electric_bike,2021-08-16 21:39:50,2021-08-16 22:26:10,E 165 St & Clay Ave,8052,E Fordham Rd & Webster Ave,8582,40.82809,-73.91288,40.861748,-73.89105,member
1350356,198342E018BE0685,classic_bike,2021-08-15 06:20:18,2021-08-15 06:29:05,E 165 St & Clay Ave,8052,E 149 St & Morris Ave,7863,40.82809,-73.91288,40.81734,-73.922962,casual
1350593,307FA1C8D7E898A0,electric_bike,2021-08-03 12:10:32,2021-08-03 12:26:01,E 165 St & Clay Ave,8052,E 149 St & Morris Ave,7863,40.82809,-73.91288,40.81734,-73.922962,casual
1350594,CA05849F6C0B05E1,classic_bike,2021-08-19 06:19:12,2021-08-19 06:31:18,E 165 St & Clay Ave,8052,E 149 St & Morris Ave,7863,40.82809,-73.91288,40.81734,-73.922962,casual
1352333,EA57C3DFEB5CC46C,classic_bike,2021-08-01 19:16:25,2021-08-02 20:07:27,Webster Ave & E 166 St,8052,Willis Ave & E 141 St,7759,40.828975,-73.911259,40.81093,-73.921606,casual
1353046,87EE6154F379B604,classic_bike,2021-08-28 16:30:50,2021-08-28 16:51:56,Webster Ave & E 166 St,8052,Walton Ave & E 183 St,8514,40.828975,-73.911259,40.858472,-73.90266,casual
1354620,A48E82B22CCE2203,classic_bike,2021-08-12 09:42:37,2021-08-12 09:56:42,E 165 St & Clay Ave,8052,E 149 St & Morris Ave,7863,40.82809,-73.91288,40.81734,-73.922962,member
1354939,BBA483C1FA6895A2,classic_bike,2021-08-11 10:43:36,2021-08-11 10:57:48,E 165 St & Clay Ave,8052,E 149 St & Morris Ave,7863,40.82809,-73.91288,40.81734,-73.922962,member
1358512,C302A2C6DEF23D64,electric_bike,2021-08-01 14:16:06,2021-08-01 14:22:30,E 165 St & Clay Ave,8052,E 155 St & Courtlandt Ave,7940,40.82809,-73.91288,40.82057,-73.917579,casual
1362566,8910393CF133B2F5,electric_bike,2021-08-09 05:14:02,2021-08-09 05:18:28,E 165 St & Clay Ave,8052,Grand Concourse & E 164 St,8057,40.82809,-73.91288,40.829608,-73.921461,member
1362604,7D7F59F3463669BD,electric_bike,2021-08-03 21:12:43,2021-08-03 23:42:59,E 165 St & Clay Ave,8052,E 106 St & Lexington Ave,7504,40.82809,-73.91288,40.791976,-73.945993,casual
1371762,A4C85BBFE78D6602,electric_bike,2021-08-23 20:24:28,2021-08-23 20:27:58,E 165 St & Clay Ave,8052,Grand Concourse & E 164 St,8057,40.82809,-73.91288,40.829608,-73.921461,member
1371765,2CABF7384B206A67,classic_bike,2021-08-12 08:17:01,2021-08-12 08:22:00,E 165 St & Clay Ave,8052,Grand Concourse & E 164 St,8057,40.82809,-73.91288,40.829608,-73.921461,member
1374120,D277087EC2518523,electric_bike,2021-08-11 05:08:37,2021-08-11 05:11:37,E 165 St & Clay Ave,8052,Grand Concourse & E 164 St,8057,40.82809,-73.91288,40.829608,-73.921461,member
1375748,920C9E6E18EC9E51,classic_bike,2021-08-18 19:14:28,2021-08-18 19:19:49,E 165 St & Clay Ave,8052,Grand Concourse & E 164 St,8057,40.82809,-73.91288,40.829608,-73.921461,member
1376394,6E62A3AA38356336,classic_bike,2021-08-24 10:45:10,2021-08-24 10:50:11,E 165 St & Clay Ave,8052,Grand Concourse & E 164 St,8057,40.82809,-73.91288,40.829608,-73.921461,member
1378674,FFADD183A59FA1A3,classic_bike,2021-08-06 08:02:55,2021-08-06 08:09:32,Westchester Ave & Longwood Ave,7909,Webster Ave & E 166 St,8052,40.819701,-73.901311,40.828975,-73.911259,casual
1378693,7F35F5AA43F54552,classic_bike,2021-08-09 09:46:16,2021-08-09 09:53:27,Westchester Ave & Longwood Ave,7909,Webster Ave & E 166 St,8052,40.819701,-73.901311,40.828975,-73.911259,casual
1379150,6B62C314229280B5,electric_bike,2021-08-27 15:20:04,2021-08-27 15:34:09,Goble Pl & Macombs Rd,8269,Webster Ave & E 166 St,8052,40.844075,-73.917256,40.828975,-73.911259,casual
1379310,FB18E3F0E8FAA810,classic_bike,2021-08-30 11:03:43,2021-08-30 11:15:11,E 161 St & Park Ave,7979,Webster Ave & E 166 St,8052,40.824811,-73.916407,40.828975,-73.911259,member
1379446,B79A287AE1C1A384,classic_bike,2021-08-24 21:25:49,2021-08-24 21:31:38,Webster Ave & E 166 St,8052,E 171 St & Webster Ave,8190,40.828975,-73.911259,40.838379,-73.905838,member
1379447,9F855CD9731D215E,classic_bike,2021-08-25 10:35:46,2021-08-25 10:41:19,E 171 St & Webster Ave,8190,Webster Ave & E 166 St,8052,40.838379,-73.905838,40.828975,-73.911259,member
1379481,D8AD0612BD798827,electric_bike,2021-08-16 15:43:46,2021-08-16 15:44:24,Webster Ave & E 166 St,8052,Webster Ave & E 166 St,8052,40.828975,-73.911259,40.828975,-73.911259,member
1379512,FC0C2AFC5895D666,classic_bike,2021-08-21 08:04:38,2021-08-21 08:09:19,E 171 St & Webster Ave,8190,Webster Ave & E 166 St,8052,40.838379,-73.905838,40.828975,-73.911259,member
1380220,024E679CEEF2BDB8,electric_bike,2021-08-31 02:34:02,2021-08-31 02:49:06,E 115 St & Lexington Ave,7599,Webster Ave & E 166 St,8052,40.797911,-73.9423,40.828975,-73.911259,casual
1380485,F7AF3DB8AAF9503F,classic_bike,2021-08-21 12:47:43,2021-08-21 12:59:10,3 Ave & E 170 St,8137,Webster Ave & E 166 St,8052,40.834857,-73.903743,40.828975,-73.911259,member
1380610,11D397838D1396CB,classic_bike,2021-08-03 16:20:31,2021-08-03 16:47:08,Webster Ave & E 166 St,8052,Webster Ave & E 166 St,8052,40.828975,-73.911259,40.828975,-73.911259,casual
1380810,4748AA13ED6AEF8D,electric_bike,2021-08-29 17:23:56,2021-08-29 17:40:47,Tiebout Ave & E 184 St,8510,Webster Ave & E 166 St,8052,40.858498,-73.89637,40.828975,-73.911259,casual
1381378,99B87E39745B5360,electric_bike,2021-08-10 17:31:04,2021-08-10 17:36:41,E 155 St & Courtlandt Ave,7940,Webster Ave & E 166 St,8052,40.82057,-73.917579,40.828975,-73.911259,casual
1381410,9C4F9A774C35C648,classic_bike,2021-08-28 08:03:02,2021-08-28 08:09:03,Westchester Ave & Longwood Ave,7909,Webster Ave & E 166 St,8052,40.819701,-73.901311,40.828975,-73.911259,casual
1381689,5639523F436184E0,electric_bike,2021-08-16 13:40:00,2021-08-16 13:48:18,Melrose Ave & E 150 St,7879,Webster Ave & E 166 St,8052,40.816827,-73.917338,40.828975,-73.911259,casual
1381732,BDB0C93BF4B2F51C,electric_bike,2021-08-31 15:25:32,2021-08-31 15:31:48,Melrose Ave & E 150 St,7879,Webster Ave & E 166 St,8052,40.816827,-73.917338,40.828975,-73.911259,casual
1381747,CD410EF78474B298,electric_bike,2021-08-10 12:17:35,2021-08-10 12:24:31,Melrose Ave & E 150 St,7879,Webster Ave & E 166 St,8052,40.816827,-73.917338,40.828975,-73.911259,casual
1381764,73923F7FC3BC841F,electric_bike,2021-08-29 03:52:22,2021-08-29 04:08:33,E 106 St & 1 Ave,7456,Webster Ave & E 166 St,8052,40.7892529,-73.93956237,40.828975,-73.911259,casual
1383264,C11FE379163BF653,electric_bike,2021-08-31 02:54:22,2021-08-31 03:21:53,W 212 St & 10 Ave,8647,Webster Ave & E 166 St,8052,40.8676583895191,-73.91675725579262,40.828975,-73.911259,casual
1383415,44ACECC8507F1179,classic_bike,2021-08-29 14:00:49,2021-08-29 14:04:22,Sherman Ave & E 166 St,8072,Webster Ave & E 166 St,8052,40.83130549267296,-73.91744792461395,40.828975,-73.911259,member
1383765,C9C054F24790DEE5,electric_bike,2021-08-24 16:22:11,2021-08-24 16:42:54,Anthony Ave & E 175 St,8319,Webster Ave & E 166 St,8052,40.846465,-73.903869,40.828975,-73.911259,casual
1383784,FB59588A03643922,electric_bike,2021-08-19 01:57:05,2021-08-19 02:06:02,Jerome Ave & E 164 St,8096,Webster Ave & E 166 St,8052,40.831444,-73.926226,40.828975,-73.911259,casual
1384079,D3360961B60C2ECF,classic_bike,2021-08-27 15:20:11,2021-08-27 15:34:05,Goble Pl & Macombs Rd,8269,Webster Ave & E 166 St,8052,40.844075,-73.917256,40.828975,-73.911259,casual
1384408,0BD3DBF4DFA42A6C,electric_bike,2021-08-29 23:27:53,2021-08-29 23:28:47,Webster Ave & E 166 St,8052,Webster Ave & E 166 St,8052,40.828975,-73.911259,40.828975,-73.911259,member
1384427,C8DB38BA1FA441E8,classic_bike,2021-08-13 01:26:06,2021-08-13 01:26:08,Webster Ave & E 166 St,8052,Webster Ave & E 166 St,8052,40.828975,-73.911259,40.828975,-73.911259,member
1384463,EFAA5DF3D49B27CF,electric_bike,2021-08-10 00:34:33,2021-08-10 00:58:30,Webster Ave & E 166 St,8052,Webster Ave & E 166 St,8052,40.828975,-73.911259,40.828975,-73.911259,casual
1384512,7D1EAD6E9730A956,classic_bike,2021-08-17 21:17:42,2021-08-17 21:24:11,Webster Ave & E 166 St,8052,E 171 St & Webster Ave,8190,40.828975,-73.911259,40.838379,-73.905838,member
1384513,51597C4469384150,classic_bike,2021-08-27 00:52:44,2021-08-27 00:58:52,Webster Ave & E 166 St,8052,E 171 St & Webster Ave,8190,40.828975,-73.911259,40.838379,-73.905838,member
1384514,E891801EB3273048,classic_bike,2021-08-27 09:30:02,2021-08-27 09:35:59,E 171 St & Webster Ave,8190,Webster Ave & E 166 St,8052,40.838379,-73.905838,40.828975,-73.911259,member
1384830,7035E78B585C9ADE,electric_bike,2021-08-17 15:58:00,2021-08-17 16:07:06,Garrison Ave & Manida St,7905,Webster Ave & E 166 St,8052,40.818743,-73.890247,40.828975,-73.911259,casual
1385036,C5A4F3BDCA803D39,electric_bike,2021-08-17 15:49:45,2021-08-17 16:25:57,Webster Ave & Ford St,8472,Webster Ave & E 166 St,8052,40.85556,-73.89615,40.828975,-73.911259,casual
1385266,BA268BCB2990E03D,electric_bike,2021-08-26 21:13:36,2021-08-26 21:29:07,2 Ave & E 122 St,7622,Webster Ave & E 166 St,8052,40.8006721,-73.9349,40.828975,-73.911259,casual
1385357,E3A924EB1B5E47F2,electric_bike,2021-08-22 03:40:41,2021-08-22 03:47:13,Brook Ave & E 157 St,7935,Webster Ave & E 166 St,8052,40.820713,-73.911759,40.828975,-73.911259,casual
1385430,30D5344CE153D084,electric_bike,2021-08-06 21:11:34,2021-08-06 21:26:34,E 161 St & River Ave,8041,Webster Ave & E 166 St,8052,40.827883,-73.927111,40.828975,-73.911259,casual
1385643,5C437A9EAC85EA99,electric_bike,2021-08-28 08:43:02,2021-08-28 08:46:55,Washington Ave & E 167 St,8068,Webster Ave & E 166 St,8052,40.829896,-73.907618,40.828975,-73.911259,casual
1385673,B34CE54411E9E5B7,electric_bike,2021-08-03 03:07:07,2021-08-03 03:51:03,E 167 St & Clay Ave,8088,Webster Ave & E 166 St,8052,40.83094,-73.91125,40.828975,-73.911259,casual
1385675,6A74A63B436C2573,electric_bike,2021-08-09 23:59:22,2021-08-10 00:18:51,Webster Ave & Ford St,8472,Webster Ave & E 166 St,8052,40.85556,-73.89615,40.828975,-73.911259,member
1386156,42A63468323ECF61,classic_bike,2021-08-30 08:00:06,2021-08-30 08:07:07,Westchester Ave & Longwood Ave,7909,Webster Ave & E 166 St,8052,40.819701,-73.901311,40.828975,-73.911259,casual
1386341,A89D214966B95E81,classic_bike,2021-08-24 06:01:11,2021-08-24 06:13:23,Crotona Park North & Prospect Ave,8236,Webster Ave & E 166 St,8052,40.841092,-73.892317,40.828975,-73.911259,casual
1386367,F669E4AB36BA9CD5,classic_bike,2021-08-21 04:28:53,2021-08-21 04:45:04,Crotona Park North & Prospect Ave,8236,Webster Ave & E 166 St,8052,40.841092,-73.892317,40.828975,-73.911259,casual
1387133,6B0C4DFD72B6C864,electric_bike,2021-08-27 08:01:58,2021-08-27 08:08:18,Westchester Ave & Longwood Ave,7909,Webster Ave & E 166 St,8052,40.819701,-73.901311,40.828975,-73.911259,casual
1387134,C43D08A686BF6C7B,classic_bike,2021-08-04 16:03:23,2021-08-04 16:11:03,Westchester Ave & Longwood Ave,7909,Webster Ave & E 166 St,8052,40.819701,-73.901311,40.828975,-73.911259,casual
1387875,90778A1EEADE8FE7,classic_bike,2021-08-26 08:46:42,2021-08-26 09:08:02,Tiebout Ave & E 184 St,8510,Webster Ave & E 166 St,8052,40.858498,-73.89637,40.828975,-73.911259,casual
1388124,AAF7A4E858CD6C10,classic_bike,2021-08-29 21:56:13,2021-08-29 21:59:38,E 170 St & Webster Ave,8156,Webster Ave & E 166 St,8052,40.83617913677475,-73.90730146322765,40.828975,-73.911259,member
1388961,E51E3F79131AF7D9,electric_bike,2021-08-16 17:10:28,2021-08-16 17:25:37,Intervale Ave & Kelly St,8044,Webster Ave & E 166 St,8052,40.827301,-73.896372,40.828975,-73.911259,member
1389305,179A6B32FDC53799,classic_bike,2021-08-20 22:52:14,2021-08-20 22:54:16,E 167 St & Clay Ave,8088,Webster Ave & E 166 St,8052,40.83094,-73.91125,40.828975,-73.911259,casual
1389388,862D3FE131060B0E,electric_bike,2021-08-27 15:57:30,2021-08-27 16:02:45,E 167 St & Clay Ave,8088,Webster Ave & E 166 St,8052,40.83094,-73.91125,40.828975,-73.911259,casual
1390641,591197E914A61470,classic_bike,2021-08-31 19:29:06,2021-08-31 19:38:08,E 156 & Brook Ave,7896,Webster Ave & E 166 St,8052,40.819823,-73.912411,40.828975,-73.911259,casual
1390827,B49BF9D6EB2D001A,classic_bike,2021-08-05 08:08:42,2021-08-05 08:16:13,Westchester Ave & Longwood Ave,7909,Webster Ave & E 166 St,8052,40.819701,-73.901311,40.828975,-73.911259,casual
1392286,94CF2C96A8EFE294,electric_bike,2021-08-03 23:49:45,2021-08-04 00:27:07,E 106 St & Lexington Ave,7504,Webster Ave & E 166 St,8052,40.791976,-73.945993,40.828975,-73.911259,casual
1393189,980C353CC1BCE153,classic_bike,2021-08-26 04:18:33,2021-08-26 04:32:46,St. Ann's Av & Bruckner Blvd,7657,Webster Ave & E 166 St,8052,40.803399,-73.919763,40.828975,-73.911259,casual
1395105,C27A614AD154A0D1,classic_bike,2021-08-10 15:56:56,2021-08-10 16:02:40,Tinton Ave & E 165 St,7991,Webster Ave & E 166 St,8052,40.824796,-73.90242,40.828975,-73.911259,casual
1395469,8605104743B0ECA5,classic_bike,2021-08-25 08:09:15,2021-08-25 08:15:23,Westchester Ave & Longwood Ave,7909,Webster Ave & E 166 St,8052,40.819701,-73.901311,40.828975,-73.911259,casual
1395474,224951702223F7F0,classic_bike,2021-08-26 08:09:32,2021-08-26 08:16:44,Westchester Ave & Longwood Ave,7909,Webster Ave & E 166 St,8052,40.819701,-73.901311,40.828975,-73.911259,casual
1396091,9808EEC849A3E791,electric_bike,2021-08-14 21:07:16,2021-08-14 21:25:13,E 118 St & 1 Ave,7596,Webster Ave & E 166 St,8052,40.79747,-73.93504,40.828975,-73.911259,casual
1396292,5BECE3ECC2154FB8,classic_bike,2021-08-17 14:45:28,2021-08-17 14:50:58,E 169 St & Webster Ave,8122,Webster Ave & E 166 St,8052,40.834015,-73.908863,40.828975,-73.911259,member
1396622,D8E01F2D9A81E765,electric_bike,2021-08-30 00:42:33,2021-08-30 01:04:45,Webster Ave & E 166 St,8052,Webster Ave & E 166 St,8052,40.828975,-73.911259,40.828975,-73.911259,casual
1396623,D30238F7FE0F8A02,electric_bike,2021-08-30 00:41:32,2021-08-30 00:42:03,Webster Ave & E 166 St,8052,Webster Ave & E 166 St,8052,40.828975,-73.911259,40.828975,-73.911259,casual
1396658,2FB1E1F0B5A4EE6B,classic_bike,2021-08-13 18:10:11,2021-08-13 18:15:03,Webster Ave & E 166 St,8052,E 171 St & Webster Ave,8190,40.828975,-73.911259,40.838379,-73.905838,casual
1396744,8F202AD871B500E9,electric_bike,2021-08-16 17:26:09,2021-08-16 17:27:17,Webster Ave & E 166 St,8052,Webster Ave & E 166 St,8052,40.828975,-73.911259,40.828975,-73.911259,member
1396843,27E8A2EFF5C89C8F,classic_bike,2021-08-07 23:21:31,2021-08-07 23:22:28,Webster Ave & E 166 St,8052,Webster Ave & E 166 St,8052,40.828975,-73.911259,40.828975,-73.911259,casual
1396916,10406951FF5B20EB,classic_bike,2021-08-17 18:19:48,2021-08-17 19:20:42,Webster Ave & E 166 St,8052,Webster Ave & E 166 St,8052,40.828975,-73.911259,40.828975,-73.911259,casual
1396917,B9FC658BE8AC05B1,classic_bike,2021-08-17 17:27:34,2021-08-17 17:48:24,Webster Ave & E 166 St,8052,Webster Ave & E 166 St,8052,40.828975,-73.911259,40.828975,-73.911259,casual
1396942,3D3F0BAEAFFB35FD,classic_bike,2021-08-19 07:43:07,2021-08-19 07:48:17,E 171 St & Webster Ave,8190,Webster Ave & E 166 St,8052,40.838379,-73.905838,40.828975,-73.911259,member
1396943,CE52AAA7D7F64A7B,classic_bike,2021-08-04 08:34:33,2021-08-04 08:42:11,E 171 St & Webster Ave,8190,Webster Ave & E 166 St,8052,40.838379,-73.905838,40.828975,-73.911259,member
1396944,7000F28E0E975CDD,classic_bike,2021-08-13 00:55:38,2021-08-13 01:01:57,Webster Ave & E 166 St,8052,E 171 St & Webster Ave,8190,40.828975,-73.911259,40.838379,-73.905838,member
1396945,1402AEE21B17AD55,classic_bike,2021-08-13 10:04:35,2021-08-13 10:10:51,E 171 St & Webster Ave,8190,Webster Ave & E 166 St,8052,40.838379,-73.905838,40.828975,-73.911259,member
1396946,D3A238049351580D,classic_bike,2021-08-23 15:58:59,2021-08-23 16:04:09,E 171 St & Webster Ave,8190,Webster Ave & E 166 St,8052,40.838379,-73.905838,40.828975,-73.911259,member
1396947,462E0FD5BD7D91FA,classic_bike,2021-08-23 18:23:16,2021-08-23 18:29:35,Webster Ave & E 166 St,8052,E 171 St & Webster Ave,8190,40.828975,-73.911259,40.838379,-73.905838,member
1396957,D7C439EA46F486D0,classic_bike,2021-08-06 00:53:24,2021-08-06 00:59:21,Webster Ave & E 166 St,8052,E 171 St & Webster Ave,8190,40.828975,-73.911259,40.838379,-73.905838,member
1396980,FCA72A3565C74B56,classic_bike,2021-08-05 23:04:37,2021-08-05 23:25:07,Webster Ave & E 166 St,8052,Webster Ave & E 166 St,8052,40.828975,-73.911259,40.828975,-73.911259,member
1396982,7F13EF2DB236AC94,classic_bike,2021-08-24 07:33:58,2021-08-24 07:38:56,E 171 St & Webster Ave,8190,Webster Ave & E 166 St,8052,40.838379,-73.905838,40.828975,-73.911259,member
1397103,197DC6712C51039A,classic_bike,2021-08-30 13:48:29,2021-08-30 13:53:45,E 171 St & Webster Ave,8190,Webster Ave & E 166 St,8052,40.838379,-73.905838,40.828975,-73.911259,member
1397104,DDEDC17577ED70C3,classic_bike,2021-08-04 20:12:00,2021-08-04 20:18:44,Webster Ave & E 166 St,8052,E 171 St & Webster Ave,8190,40.828975,-73.911259,40.838379,-73.905838,member
1397241,49B9631C8596CA53,classic_bike,2021-08-14 07:21:18,2021-08-14 07:26:26,E 171 St & Webster Ave,8190,Webster Ave & E 166 St,8052,40.838379,-73.905838,40.828975,-73.911259,member
1397242,A50768C8433FD9F5,classic_bike,2021-08-13 22:17:37,2021-08-13 22:22:48,Webster Ave & E 166 St,8052,E 171 St & Webster Ave,8190,40.828975,-73.911259,40.838379,-73.905838,member
1397295,8F24A87F0513ADC6,classic_bike,2021-08-18 01:02:37,2021-08-18 01:06:58,Webster Ave & E 166 St,8052,E 171 St & Webster Ave,8190,40.828975,-73.911259,40.838379,-73.905838,casual
1397301,D430127A8324A2D8,electric_bike,2021-08-17 13:10:18,2021-08-17 13:11:29,Webster Ave & E 166 St,8052,Webster Ave & E 166 St,8052,40.828975,-73.911259,40.828975,-73.911259,casual
1397332,A4B2588DF44079E5,electric_bike,2021-08-30 10:11:40,2021-08-30 10:14:41,Webster Ave & E 166 St,8052,Webster Ave & E 166 St,8052,40.828975,-73.911259,40.828975,-73.911259,member
1397333,1467D10E598A63CC,classic_bike,2021-08-02 19:41:28,2021-08-02 19:57:18,Webster Ave & E 166 St,8052,E 171 St & Webster Ave,8190,40.828975,-73.911259,40.838379,-73.905838,member
1398379,A618E5D7207B2904,electric_bike,2021-08-30 03:58:16,2021-08-30 03:58:53,Webster Ave & E 166 St,8052,Webster Ave & E 166 St,8052,40.828975,-73.911259,40.828975,-73.911259,casual
1398406,4C935C8427E243A5,classic_bike,2021-08-21 09:59:25,2021-08-21 10:04:58,Grand Concourse & E 166 St,8092,Webster Ave & E 166 St,8052,40.83196,-73.91956,40.828975,-73.911259,member
1398443,D63895B2A7E002A7,classic_bike,2021-08-27 22:15:57,2021-08-27 22:21:36,Webster Ave & E 166 St,8052,E 171 St & Webster Ave,8190,40.828975,-73.911259,40.838379,-73.905838,member
1398449,D92D4416D8C33736,classic_bike,2021-08-09 19:40:32,2021-08-09 19:47:36,Webster Ave & E 166 St,8052,E 171 St & Webster Ave,8190,40.828975,-73.911259,40.838379,-73.905838,member
1398481,E5EC6492EE3A0FD3,classic_bike,2021-08-12 11:02:28,2021-08-12 11:06:10,Grand Concourse & E 166 St,8092,Webster Ave & E 166 St,8052,40.83196,-73.91956,40.828975,-73.911259,member
1398489,A825BEEE53253EA2,classic_bike,2021-08-10 15:45:46,2021-08-10 15:50:27,3 Ave & E 163 St,7974,Webster Ave & E 166 St,8052,40.823872,-73.908699,40.828975,-73.911259,member
1399213,FDD0129759F7AC47,classic_bike,2021-08-14 22:02:34,2021-08-14 22:08:27,Washington Ave & E 163 St,7995,Webster Ave & E 166 St,8052,40.824,-73.91089,40.828975,-73.911259,member
1399257,688525D9B620B19A,classic_bike,2021-08-07 23:32:37,2021-08-07 23:38:38,Washington Ave & E 163 St,7995,Webster Ave & E 166 St,8052,40.824,-73.91089,40.828975,-73.911259,member
1399345,1093B4903085E0BF,classic_bike,2021-08-06 18:51:41,2021-08-06 18:54:39,Washington Ave & E 163 St,7995,Webster Ave & E 166 St,8052,40.824,-73.91089,40.828975,-73.911259,casual
1400231,BFB4C6D85E0B849B,classic_bike,2021-08-31 09:54:49,2021-08-31 09:59:24,E 170 St & Webster Ave,8156,Webster Ave & E 166 St,8052,40.83617913677475,-73.90730146322765,40.828975,-73.911259,member
1400303,5715DCAA01A94357,classic_bike,2021-08-02 14:22:38,2021-08-02 14:26:24,E 170 St & Webster Ave,8156,Webster Ave & E 166 St,8052,40.83617913677475,-73.90730146322765,40.828975,-73.911259,member
1400382,58F1DEFD6BAFA39E,classic_bike,2021-08-18 18:14:51,2021-08-18 18:21:43,E 170 St & Webster Ave,8156,Webster Ave & E 166 St,8052,40.83617913677475,-73.90730146322765,40.828975,-73.911259,casual
1400442,8AD895BE3E52CD36,classic_bike,2021-08-20 06:59:39,2021-08-20 07:03:23,E 170 St & Webster Ave,8156,Webster Ave & E 166 St,8052,40.83617913677475,-73.90730146322765,40.828975,-73.911259,member
1400489,815886BED08E898B,electric_bike,2021-08-19 06:11:36,2021-08-19 06:25:39,E 116 St & 2 Ave,7563,Webster Ave & E 166 St,8052,40.796879,-73.937261,40.828975,-73.911259,casual
1400920,93E13D8F8E7AC24F,classic_bike,2021-08-20 08:08:01,2021-08-20 08:15:49,E 160 St & Tinton Ave,7931,Webster Ave & E 166 St,8052,40.820302,-73.903944,40.828975,-73.911259,casual
1400929,1B1A207994C241A4,classic_bike,2021-08-11 17:36:32,2021-08-11 17:44:31,Washington Ave & E 163 St,7995,Webster Ave & E 166 St,8052,40.824,-73.91089,40.828975,-73.911259,member
1400930,5E14C701D223A728,electric_bike,2021-08-16 15:25:27,2021-08-16 15:29:11,Washington Ave & E 163 St,7995,Webster Ave & E 166 St,8052,40.824,-73.91089,40.828975,-73.911259,member
1400942,1E235631B99A9307,electric_bike,2021-08-03 16:03:02,2021-08-03 16:08:24,E 160 St & Tinton Ave,7931,Webster Ave & E 166 St,8052,40.820302,-73.903944,40.828975,-73.911259,casual
1401075,168BC50B95E83D4B,electric_bike,2021-08-10 00:37:39,2021-08-10 00:58:39,E 149 St & Morris Ave,7863,Webster Ave & E 166 St,8052,40.81734,-73.922962,40.828975,-73.911259,casual
1401599,56F5AAF3930E4F70,classic_bike,2021-08-18 09:08:08,2021-08-18 09:12:42,E 170 St & Webster Ave,8156,Webster Ave & E 166 St,8052,40.83617913677475,-73.90730146322765,40.828975,-73.911259,member
1401696,81F1F59BDE1F1228,electric_bike,2021-08-30 13:40:06,2021-08-30 13:52:44,Brook Ave & E 138 St,7707,Webster Ave & E 166 St,8052,40.807408,-73.91924,40.828975,-73.911259,member
1402008,50BBED9D8B8BC1A1,classic_bike,2021-08-15 21:34:52,2021-08-15 21:36:12,E 167 St & Clay Ave,8088,Webster Ave & E 166 St,8052,40.83094,-73.91125,40.828975,-73.911259,member
1402009,5900115F26BE337A,electric_bike,2021-08-14 14:57:29,2021-08-14 15:14:46,E 167 St & Clay Ave,8088,Webster Ave & E 166 St,8052,40.83094,-73.91125,40.828975,-73.911259,casual
1402378,BAA51860D8D28A6E,classic_bike,2021-08-14 08:14:24,2021-08-14 08:18:19,Cauldwell Ave & E 161 St,7952,Webster Ave & E 166 St,8052,40.82188,-73.907521,40.828975,-73.911259,casual
1402379,3E0655865D6660D2,electric_bike,2021-08-29 19:39:56,2021-08-29 19:41:50,E 167 St & Clay Ave,8088,Webster Ave & E 166 St,8052,40.83094,-73.91125,40.828975,-73.911259,casual
1402380,207FEF6FD464D966,electric_bike,2021-08-27 00:41:51,2021-08-27 01:07:33,E 167 St & Clay Ave,8088,Webster Ave & E 166 St,8052,40.83094,-73.91125,40.828975,-73.911259,casual
1402397,29D926441D64077A,electric_bike,2021-08-29 19:22:28,2021-08-29 19:31:33,3 Ave & E 169 St,8103,Webster Ave & E 166 St,8052,40.832678,-73.905158,40.828975,-73.911259,casual
1402772,39047A89FA1CE8D3,electric_bike,2021-08-27 11:04:01,2021-08-27 11:07:11,E 167 St & Clay Ave,8088,Webster Ave & E 166 St,8052,40.83094,-73.91125,40.828975,-73.911259,member
1402868,1E9222065C03C15A,classic_bike,2021-08-28 17:44:46,2021-08-28 17:54:49,E Tremont Ave & E 176 St,8356,Webster Ave & E 166 St,8052,40.847798,-73.901883,40.828975,-73.911259,casual
1403621,6F671EF746392C36,electric_bike,2021-08-28 19:07:33,2021-08-28 19:47:03,E 165 St & Clay Ave,8052,Webster Ave & E 166 St,8052,40.82809,-73.91288,40.828975,-73.911259,casual
1403838,49BF745E7516AEC4,electric_bike,2021-08-28 00:36:31,2021-08-28 00:50:42,1 Ave & E 110 St,7522,Webster Ave & E 166 St,8052,40.7923272,-73.9383,40.828975,-73.911259,casual
1403845,52577DECA85846BF,classic_bike,2021-08-04 14:28:11,2021-08-04 14:41:16,Lenox Ave & W 146 St,7910,Webster Ave & E 166 St,8052,40.821111,-73.935971,40.828975,-73.911259,member
1403980,2A5A3DA22025E15D,electric_bike,2021-08-16 17:56:51,2021-08-16 17:57:51,Webster Ave & E 166 St,8052,Webster Ave & E 166 St,8052,40.828975,-73.911259,40.828975,-73.911259,member
1404284,F4BE347BAF99B715,classic_bike,2021-08-28 10:57:56,2021-08-28 10:59:57,E 165 St & Clay Ave,8052,Webster Ave & E 166 St,8052,40.82809,-73.91288,40.828975,-73.911259,casual
1404287,8AD4EDEF127A25E3,classic_bike,2021-08-18 20:25:15,2021-08-18 20:32:41,E 165 St & Clay Ave,8052,E 171 St & Webster Ave,8190,40.82809,-73.91288,40.838379,-73.905838,casual
1404514,DF3F97CF4F1EAFD2,classic_bike,2021-08-26 07:30:32,2021-08-26 07:34:26,E 170 St & Webster Ave,8156,Webster Ave & E 166 St,8052,40.83617913677475,-73.90730146322765,40.828975,-73.911259,member
1404515,DB142FB5D4C01330,classic_bike,2021-08-15 10:16:43,2021-08-15 10:20:56,E 170 St & Webster Ave,8156,Webster Ave & E 166 St,8052,40.83617913677475,-73.90730146322765,40.828975,-73.911259,member
1404525,D93794DF839AADEF,classic_bike,2021-08-28 08:24:08,2021-08-28 08:28:07,E 170 St & Webster Ave,8156,Webster Ave & E 166 St,8052,40.83617913677475,-73.90730146322765,40.828975,-73.911259,member
1404600,A7E2B06EF12F8E8C,classic_bike,2021-08-14 22:02:37,2021-08-14 22:08:27,Washington Ave & E 163 St,7995,Webster Ave & E 166 St,8052,40.824,-73.91089,40.828975,-73.911259,member
1405195,B45D756232C1D10E,electric_bike,2021-08-29 23:55:18,2021-08-30 00:11:49,Bradhurst Ave & W 148 St,7992,Webster Ave & E 166 St,8052,40.825125,-73.941616,40.828975,-73.911259,member
1405242,B57797834B9F022D,classic_bike,2021-08-07 11:06:17,2021-08-07 11:15:12,E Tremont Ave & E 176 St,8356,Webster Ave & E 166 St,8052,40.847798,-73.901883,40.828975,-73.911259,member
1405525,73082BE2F18E4651,electric_bike,2021-08-16 22:38:14,2021-08-16 22:56:05,E 118 St & 1 Ave,7596,Webster Ave & E 166 St,8052,40.79747,-73.93504,40.828975,-73.911259,casual
1406087,0A4D08ACB3E3D7A5,classic_bike,2021-08-16 04:08:34,2021-08-16 04:19:20,Webster Ave & E 166 St,8052,E 171 St & Webster Ave,8190,40.828975,-73.911259,40.838379,-73.905838,casual
1406133,29CA9A767C70003D,electric_bike,2021-08-30 02:28:18,2021-08-30 02:28:59,Webster Ave & E 166 St,8052,Webster Ave & E 166 St,8052,40.828975,-73.911259,40.828975,-73.911259,member
1406147,25A11BF65CDEF690,classic_bike,2021-08-03 02:36:20,2021-08-03 02:58:07,Webster Ave & E 166 St,8052,Webster Ave & E 166 St,8052,40.828975,-73.911259,40.828975,-73.911259,casual
1406148,13C39957F43853C4,classic_bike,2021-08-06 19:10:35,2021-08-06 19:11:02,Webster Ave & E 166 St,8052,Webster Ave & E 166 St,8052,40.828975,-73.911259,40.828975,-73.911259,casual
1406179,3197BAC24697E4A1,electric_bike,2021-08-10 18:01:31,2021-08-10 18:02:24,Webster Ave & E 166 St,8052,Webster Ave & E 166 St,8052,40.828975,-73.911259,40.828975,-73.911259,member
1406263,223687E55973310B,classic_bike,2021-08-25 22:29:08,2021-08-25 22:34:55,E 171 St & Webster Ave,8190,Webster Ave & E 166 St,8052,40.838379,-73.905838,40.828975,-73.911259,casual
1406274,B91A312A43F5D139,electric_bike,2021-08-16 20:36:13,2021-08-16 20:37:33,Webster Ave & E 166 St,8052,Webster Ave & E 166 St,8052,40.828975,-73.911259,40.828975,-73.911259,casual
1406294,CCAAD2CB30800DA6,electric_bike,2021-08-17 13:12:15,2021-08-17 13:13:08,Webster Ave & E 166 St,8052,Webster Ave & E 166 St,8052,40.828975,-73.911259,40.828975,-73.911259,casual
1406300,7AA0652B17B1DE0F,classic_bike,2021-08-25 11:37:26,2021-08-25 11:49:23,Webster Ave & E 166 St,8052,Webster Ave & E 166 St,8052,40.828975,-73.911259,40.828975,-73.911259,casual
1406497,B104D196A952E286,classic_bike,2021-08-05 07:30:54,2021-08-05 07:35:35,E 171 St & Webster Ave,8190,Webster Ave & E 166 St,8052,40.838379,-73.905838,40.828975,-73.911259,member
1406498,F46C0CAC211F663C,classic_bike,2021-08-29 11:52:23,2021-08-29 11:57:42,E 171 St & Webster Ave,8190,Webster Ave & E 166 St,8052,40.838379,-73.905838,40.828975,-73.911259,member
1406499,5492A55A271BAC5A,classic_bike,2021-08-28 22:57:42,2021-08-28 23:02:46,Webster Ave & E 166 St,8052,E 171 St & Webster Ave,8190,40.828975,-73.911259,40.838379,-73.905838,member
1406509,A2D9087E7509B839,electric_bike,2021-08-17 08:02:48,2021-08-17 08:08:47,E 160 St & Tinton Ave,7931,Webster Ave & E 166 St,8052,40.820302,-73.903944,40.828975,-73.911259,casual
1406650,B22F5D388504738D,classic_bike,2021-08-09 12:53:44,2021-08-09 13:01:35,E 171 St & Webster Ave,8190,Webster Ave & E 166 St,8052,40.838379,-73.905838,40.828975,-73.911259,casual
1406725,20E6ECAF25771ACD,classic_bike,2021-08-12 01:24:48,2021-08-12 01:32:14,Webster Ave & E 166 St,8052,E 171 St & Webster Ave,8190,40.828975,-73.911259,40.838379,-73.905838,member
1406963,D8A77ED6EB37FB56,classic_bike,2021-08-02 10:44:43,2021-08-02 11:25:41,E 161 St & Park Ave,7979,Webster Ave & E 166 St,8052,40.824811,-73.916407,40.828975,-73.911259,casual
1407041,CE0A6D424735D797,classic_bike,2021-08-27 20:48:23,2021-08-27 20:52:59,Webster Ave & E 166 St,8052,E 171 St & Webster Ave,8190,40.828975,-73.911259,40.838379,-73.905838,casual
1407093,C6ED5AF70412DCEF,electric_bike,2021-08-29 08:20:44,2021-08-29 08:26:22,Westchester Ave & Longwood Ave,7909,Webster Ave & E 166 St,8052,40.819701,-73.901311,40.828975,-73.911259,casual
1407525,D5200396CBC6F9EA,electric_bike,2021-08-28 22:43:20,2021-08-28 22:54:14,Anderson Ave & W 164 St,8096,Webster Ave & E 166 St,8052,40.832057,-73.927421,40.828975,-73.911259,member
1407581,7104BA6FD22CAAB5,electric_bike,2021-08-19 08:19:55,2021-08-19 08:59:52,River Ave & E 151 St,7967,Webster Ave & E 166 St,8052,40.822217,-73.928939,40.828975,-73.911259,casual
1407908,D713DFB0EBD93F11,classic_bike,2021-08-10 00:21:16,2021-08-10 00:21:39,Webster Ave & E 166 St,8052,Webster Ave & E 166 St,8052,40.828975,-73.911259,40.828975,-73.911259,member
1407909,B175A331191E6DDF,electric_bike,2021-08-10 00:19:46,2021-08-10 00:19:57,Webster Ave & E 166 St,8052,Webster Ave & E 166 St,8052,40.828975,-73.911259,40.828975,-73.911259,member
1407959,7CC570D40962F5A8,electric_bike,2021-08-19 15:32:48,2021-08-19 17:39:34,Webster Ave & E 166 St,8052,Webster Ave & E 166 St,8052,40.828975,-73.911259,40.828975,-73.911259,member
1408063,9FC09167A6BD8856,classic_bike,2021-08-04 20:15:21,2021-08-04 20:15:32,Webster Ave & E 166 St,8052,Webster Ave & E 166 St,8052,40.828975,-73.911259,40.828975,-73.911259,casual
1408064,7B28695AB80DE922,classic_bike,2021-08-04 22:00:06,2021-08-04 22:22:44,Webster Ave & E 166 St,8052,Webster Ave & E 166 St,8052,40.828975,-73.911259,40.828975,-73.911259,casual
1408126,E6948C2FD0801379,classic_bike,2021-08-15 16:44:30,2021-08-15 16:50:06,E 171 St & Webster Ave,8190,Webster Ave & E 166 St,8052,40.838379,-73.905838,40.828975,-73.911259,member
1408135,939EC1FCFC762C5C,electric_bike,2021-08-17 14:11:59,2021-08-17 14:13:36,Webster Ave & E 166 St,8052,Webster Ave & E 166 St,8052,40.828975,-73.911259,40.828975,-73.911259,member
1408280,B682DF6F00F65F81,electric_bike,2021-08-27 00:40:37,2021-08-27 01:07:25,E 165 St & Clay Ave,8052,Webster Ave & E 166 St,8052,40.82809,-73.91288,40.828975,-73.911259,casual
1408290,512E493E6899A99B,classic_bike,2021-08-18 12:39:23,2021-08-18 12:56:52,W 147 St & Adam Clayton Powell Blvd,7971,Webster Ave & E 166 St,8052,40.82281,-73.937413,40.828975,-73.911259,member
1408300,ECE97D60085C1F49,classic_bike,2021-08-29 12:40:38,2021-08-29 12:49:28,E 165 St & Clay Ave,8052,E 171 St & Webster Ave,8190,40.82809,-73.91288,40.838379,-73.905838,casual
1408645,BDAB0B2D220D0246,electric_bike,2021-08-31 03:25:17,2021-08-31 03:26:15,Webster Ave & E 166 St,8052,Webster Ave & E 166 St,8052,40.828975,-73.911259,40.828975,-73.911259,member
1409201,C9D3052D775C4F47,classic_bike,2021-08-15 13:13:22,2021-08-15 13:15:45,E 165 St & Clay Ave,8052,Webster Ave & E 166 St,8052,40.82809,-73.91288,40.828975,-73.911259,member
1410354,5B7B5AE5F925282C,electric_bike,2021-08-30 09:35:58,2021-08-30 09:36:58,Webster Ave & E 166 St,8052,Webster Ave & E 166 St,8052,40.828975,-73.911259,40.828975,-73.911259,casual
1411172,794EA7A0FA285542,electric_bike,2021-08-26 16:19:58,2021-08-26 16:36:40,Southern Blvd & E 175 St,8196,Webster Ave & E 166 St,8052,40.839335,-73.886445,40.828975,-73.911259,casual
1411345,3713C8D6AE4F2375,classic_bike,2021-08-15 18:04:52,2021-08-15 18:12:36,E 156 & Brook Ave,7896,Webster Ave & E 166 St,8052,40.819823,-73.912411,40.828975,-73.911259,casual
1412052,49CB3C2671CD465B,electric_bike,2021-08-13 21:42:58,2021-08-13 21:46:58,E 169 St & Webster Ave,8122,Webster Ave & E 166 St,8052,40.834015,-73.908863,40.828975,-73.911259,member
1412122,5E63D38289760302,classic_bike,2021-08-28 15:31:46,2021-08-28 15:41:00,Concourse Village East & E 158 St,8000,Webster Ave & E 166 St,8052,40.823732,-73.919379,40.828975,-73.911259,member
1414242,E42A81D776E3EFCF,electric_bike,2021-08-13 19:22:26,2021-08-13 19:26:43,Clay Ave & Claremont Pkwy,8225,Webster Ave & E 166 St,8052,40.83999,-73.90549,40.828975,-73.911259,member
1465301,9F6998C1750E30B2,classic_bike,2021-08-14 18:18:13,2021-08-14 18:32:17,Webster Ave & E 166 St,8052,E 161 St & Park Ave,7979,40.828975,-73.911259,40.824811,-73.916407,member
1469961,E9BF83F811A9B09C,classic_bike,2021-08-24 19:46:58,2021-08-24 19:51:55,Webster Ave & E 166 St,8052,E 161 St & Park Ave,7979,40.828975,-73.911259,40.824811,-73.916407,member
1474804,8BE57AF46CDAC6E8,classic_bike,2021-08-30 11:15:26,2021-08-30 11:24:24,Webster Ave & E 166 St,8052,E 161 St & Park Ave,7979,40.828975,-73.911259,40.824811,-73.916407,member
1481747,933EC238FAE7756B,classic_bike,2021-08-03 05:08:48,2021-08-03 05:12:10,E 165 St & Clay Ave,8052,E 161 St & Park Ave,7979,40.82809,-73.91288,40.824811,-73.916407,member
1481748,41BD5AA7C1420479,electric_bike,2021-08-03 18:01:07,2021-08-03 18:03:17,E 165 St & Clay Ave,8052,E 161 St & Park Ave,7979,40.82809,-73.91288,40.824811,-73.916407,member
1481856,AFC496172A92F4CD,electric_bike,2021-08-11 15:53:29,2021-08-11 15:57:52,E 165 St & Clay Ave,8052,3 Ave & E 169 St,8103,40.82809,-73.91288,40.832678,-73.905158,casual
1481860,BC36BC39684E4129,classic_bike,2021-08-06 14:00:08,2021-08-06 14:07:49,E 165 St & Clay Ave,8052,3 Ave & E 169 St,8103,40.82809,-73.91288,40.832678,-73.905158,casual
1482893,625956FAC857FEEA,classic_bike,2021-08-02 06:22:35,2021-08-02 06:26:55,E 165 St & Clay Ave,8052,E 161 St & Park Ave,7979,40.82809,-73.91288,40.824811,-73.916407,member
1483611,80B311E5348FDA08,classic_bike,2021-08-10 20:38:33,2021-08-10 21:21:56,E 165 St & Clay Ave,8052,E 161 St & Park Ave,7979,40.82809,-73.91288,40.824811,-73.916407,member
1506843,59BC9B4B6AE54765,electric_bike,2021-08-29 14:05:50,2021-08-29 14:15:10,Webster Ave & E 166 St,8052,E 167 St & Bryant Ave,8040,40.828975,-73.911259,40.826706,-73.888719,member
1522884,A4B9115282A3DB9F,electric_bike,2021-08-26 14:11:30,2021-08-26 14:21:32,E 165 St & Clay Ave,8052,E 167 St & Bryant Ave,8040,40.82809,-73.91288,40.826706,-73.888719,member
1539087,B3A2B1A839015E4B,classic_bike,2021-08-07 21:14:48,2021-08-07 22:02:54,Webster Ave & E 166 St,8052,Jerome Ave & E Mosholu Parkway S,8795,40.828975,-73.911259,40.87935,-73.88534,casual
1574415,79D750E97F9D5593,electric_bike,2021-08-27 22:09:15,2021-08-27 22:22:15,E 165 St & Clay Ave,8052,E 138 St & Cypress Ave,7669,40.82809,-73.91288,40.805559,-73.914718,member
1581175,1082EB855AB60B31,electric_bike,2021-08-12 15:36:33,2021-08-12 15:51:07,E 165 St & Clay Ave,8052,Brook Ave & E 141 St,7740,40.82809,-73.91288,40.809619,-73.917875,casual
1596717,7CF50F7C21C7FAD7,electric_bike,2021-08-28 00:17:17,2021-08-28 00:32:24,E 165 St & Clay Ave,8052,Lenox Ave & W 133 St,7790,40.82809,-73.91288,40.81296,-73.941878,casual
1596784,14EB51387CB90A2A,electric_bike,2021-08-15 18:59:39,2021-08-15 19:13:22,E 165 St & Clay Ave,8052,Lenox Ave & W 133 St,7790,40.82809,-73.91288,40.81296,-73.941878,member
1629548,5C8EF873F9DBF57E,electric_bike,2021-08-28 11:00:24,2021-08-28 11:09:39,Webster Ave & E 166 St,8052,Boone Ave & E 172 St,8110,40.828975,-73.911259,40.832649,-73.885272,casual
1629685,AC9B66B08609AC0E,electric_bike,2021-08-17 16:29:26,2021-08-17 17:09:39,Webster Ave & E 166 St,8052,Willis Ave & E 137 St,7726,40.828975,-73.911259,40.808384,-73.923604,casual
1629707,0BEB2483AE7C01E6,classic_bike,2021-08-07 16:09:30,2021-08-07 16:14:20,Webster Ave & E 166 St,8052,Boston Rd & E 167 St,8048,40.828975,-73.911259,40.828199,-73.903719,casual
1629851,20CCAC13EFBEB45D,electric_bike,2021-08-27 11:07:41,2021-08-27 11:56:11,Webster Ave & E 166 St,8052,W 45 St & 8 Ave,6676,40.828975,-73.911259,40.75929124,-73.98859651,member
1629877,71E13E8AC584842A,electric_bike,2021-08-29 22:00:42,2021-08-29 23:50:38,Webster Ave & E 166 St,8052,Concourse Village East & E 158 St,8000,40.828975,-73.911259,40.823732,-73.919379,member
1635098,B33454A582CC7413,electric_bike,2021-08-13 04:25:51,2021-08-13 04:31:56,E 165 St & Clay Ave,8052,Gerard Ave & E 164 St,8077,40.82809,-73.91288,40.830262,-73.923391,casual
1635119,5A6E58BD7A75CB41,classic_bike,2021-08-08 06:17:14,2021-08-08 06:23:26,E 165 St & Clay Ave,8052,Concourse Village East & E 158 St,8000,40.82809,-73.91288,40.823732,-73.919379,casual
1636424,2FE9043280B34018,electric_bike,2021-08-17 18:46:44,2021-08-17 18:56:25,E 165 St & Clay Ave,8052,Gerard Ave & E 164 St,8077,40.82809,-73.91288,40.830262,-73.923391,member
1636498,6A1D6D39E3EA9B92,classic_bike,2021-08-25 17:49:20,2021-08-25 18:00:12,E 165 St & Clay Ave,8052,Boston Rd & E 167 St,8048,40.82809,-73.91288,40.828199,-73.903719,casual
1682980,A94A2773C290C4C3,classic_bike,2021-08-13 01:27:28,2021-08-13 01:41:48,Webster Ave & E 166 St,8052,Clay Ave & Claremont Pkwy,8225,40.828975,-73.911259,40.83999,-73.90549,member
1707117,E15E9BD8A8CD9008,classic_bike,2021-08-08 17:16:57,2021-08-08 17:34:58,Webster Ave & E 166 St,8052,Clay Ave & Claremont Pkwy,8225,40.828975,-73.911259,40.83999,-73.90549,member
1728182,C36E68AF039CB377,classic_bike,2021-08-14 21:29:05,2021-08-14 21:52:34,E 165 St & Clay Ave,8052,E 132 St & Madison Ave,7748,40.82809,-73.91288,40.810224,-73.937195,casual
1788244,00FD6C8D52AE0D69,electric_bike,2021-08-14 20:34:26,2021-08-14 20:43:04,Webster Ave & E 166 St,8052,E 147 St & Bergen Ave,7840,40.828975,-73.911259,40.814673,-73.91839,casual
1794685,23ACE64850F98477,electric_bike,2021-08-19 15:26:26,2021-08-19 15:31:52,E 165 St & Clay Ave,8052,Walton Ave & E 168 St,8179,40.82809,-73.91288,40.83649,-73.918316,member
1805554,29EB80D3C3C5CAF6,electric_bike,2021-08-24 14:49:37,2021-08-24 15:11:58,E 165 St & Clay Ave,8052,W 100 St & Broadway,7580,40.82809,-73.91288,40.7973721,-73.97041192,casual
1906787,A9D693B85A3AD0F0,electric_bike,2021-08-26 09:58:55,2021-08-26 10:10:26,E 165 St & Clay Ave,8052,E 141 St & Jackson Ave,7703,40.82809,-73.91288,40.806896,-73.911837,casual
1906838,2A11E3A579F64463,classic_bike,2021-08-25 17:43:16,2021-08-25 18:27:03,E 165 St & Clay Ave,8052,E 141 St & Jackson Ave,7703,40.82809,-73.91288,40.806896,-73.911837,casual
1912959,CB7E1C2F1F547278,classic_bike,2021-08-21 00:17:19,2021-08-21 00:22:41,Webster Ave & E 166 St,8052,E 170 St & Webster Ave,8156,40.828975,-73.911259,40.83617913677475,-73.90730146322765,member
1913399,2B7FA6FFB716053F,electric_bike,2021-08-06 19:10:35,2021-08-06 19:25:52,E 165 St & Clay Ave,8052,Westchester Ave & Jackson Ave,7853,40.82809,-73.91288,40.816124,-73.908116,member
1913404,3F674A7EFC5A27A6,classic_bike,2021-08-05 17:16:58,2021-08-05 17:25:42,E 165 St & Clay Ave,8052,Morris Ave & McClellan St,8107,40.82809,-73.91288,40.831584,-73.9149,member
1913416,3808B1384FFE44FB,classic_bike,2021-08-09 10:40:30,2021-08-09 10:45:09,E 165 St & Clay Ave,8052,E 170 St & Webster Ave,8156,40.82809,-73.91288,40.83617913677475,-73.90730146322765,member
1913424,D1C3AF2720B80497,classic_bike,2021-08-02 08:35:31,2021-08-02 08:41:47,E 165 St & Clay Ave,8052,E 170 St & Webster Ave,8156,40.82809,-73.91288,40.83617913677475,-73.90730146322765,casual
1913433,5720275C5024B88A,electric_bike,2021-08-10 12:44:35,2021-08-10 15:11:11,E 165 St & Clay Ave,8052,Morris Ave & McClellan St,8107,40.82809,-73.91288,40.831584,-73.9149,casual
1919828,F11E721C7359A567,electric_bike,2021-08-29 19:23:10,2021-08-29 19:54:25,E 165 St & Clay Ave,8052,E 170 St & Webster Ave,8156,40.82809,-73.91288,40.83617913677475,-73.90730146322765,casual
1920055,71BDD64A6E630767,electric_bike,2021-08-10 12:47:37,2021-08-10 15:11:36,Webster Ave & E 166 St,8052,Morris Ave & McClellan St,8107,40.828975,-73.911259,40.831584,-73.9149,casual
1924391,1B1837602FAEB51D,classic_bike,2021-08-18 20:52:47,2021-08-18 21:00:25,Webster Ave & E 166 St,8052,E 170 St & Webster Ave,8156,40.828975,-73.911259,40.83617913677475,-73.90730146322765,member
1924396,C3655D3416D526E2,classic_bike,2021-08-06 22:30:38,2021-08-06 22:38:24,Webster Ave & E 166 St,8052,E 170 St & Webster Ave,8156,40.828975,-73.911259,40.83617913677475,-73.90730146322765,member
1929392,2F608A2215E7B01C,classic_bike,2021-08-20 17:59:13,2021-08-20 18:02:54,Webster Ave & E 166 St,8052,E 170 St & Webster Ave,8156,40.828975,-73.911259,40.83617913677475,-73.90730146322765,casual
1929506,F2A1E03829D2A62F,electric_bike,2021-08-11 10:14:39,2021-08-11 10:26:29,E 165 St & Clay Ave,8052,Edgecombe Ave & W 141 St,7915,40.82809,-73.91288,40.820681,-73.945144,member
1929907,CFE9608D4ED4C308,classic_bike,2021-08-31 19:41:21,2021-08-31 19:47:03,Webster Ave & E 166 St,8052,E 170 St & Webster Ave,8156,40.828975,-73.911259,40.83617913677475,-73.90730146322765,member
1939474,5CBE44FA2435F1E7,classic_bike,2021-08-08 12:18:47,2021-08-08 12:23:24,E 165 St & Clay Ave,8052,E 170 St & Webster Ave,8156,40.82809,-73.91288,40.83617913677475,-73.90730146322765,member
1939514,90B45981A27BF7B0,classic_bike,2021-08-18 15:43:29,2021-08-18 16:27:52,E 165 St & Clay Ave,8052,Morris Ave & McClellan St,8107,40.82809,-73.91288,40.831584,-73.9149,casual
1939554,FE4428BE6135823B,electric_bike,2021-08-13 21:15:07,2021-08-13 21:27:15,E 165 St & Clay Ave,8052,Westchester Ave & Jackson Ave,7853,40.82809,-73.91288,40.816124,-73.908116,casual
1939556,2D08763FC4B668C0,classic_bike,2021-08-07 01:05:41,2021-08-07 01:29:18,E 165 St & Clay Ave,8052,Morris Ave & McClellan St,8107,40.82809,-73.91288,40.831584,-73.9149,casual
1939572,A97B815D9D9B930B,classic_bike,2021-08-25 22:23:41,2021-08-25 22:33:23,E 165 St & Clay Ave,8052,E 170 St & Webster Ave,8156,40.82809,-73.91288,40.83617913677475,-73.90730146322765,casual
1939602,4B99145B42CC9C6B,electric_bike,2021-08-23 19:19:04,2021-08-23 19:27:14,E 165 St & Clay Ave,8052,Morris Ave & McClellan St,8107,40.82809,-73.91288,40.831584,-73.9149,member
1939634,3F2D6AB8DAF32FCE,classic_bike,2021-08-30 09:14:35,2021-08-30 09:17:52,E 165 St & Clay Ave,8052,Morris Ave & McClellan St,8107,40.82809,-73.91288,40.831584,-73.9149,member
1939639,BC0C1D68CF3D3039,classic_bike,2021-08-12 16:56:30,2021-08-12 16:59:38,E 165 St & Clay Ave,8052,Morris Ave & McClellan St,8107,40.82809,-73.91288,40.831584,-73.9149,member
1940352,4B90B641800D2F1E,classic_bike,2021-08-06 18:52:03,2021-08-06 18:55:16,E 165 St & Clay Ave,8052,Morris Ave & McClellan St,8107,40.82809,-73.91288,40.831584,-73.9149,member
1940608,D387B4CB3EC53264,electric_bike,2021-08-12 04:29:57,2021-08-12 04:33:17,E 165 St & Clay Ave,8052,E 170 St & Webster Ave,8156,40.82809,-73.91288,40.83617913677475,-73.90730146322765,casual
1941231,CABDB9ECCC413704,classic_bike,2021-08-13 18:10:41,2021-08-13 18:13:34,Webster Ave & E 166 St,8052,E 170 St & Webster Ave,8156,40.828975,-73.911259,40.83617913677475,-73.90730146322765,casual
1941395,D31840C5C951BD3A,classic_bike,2021-08-19 21:22:29,2021-08-19 21:34:25,E 165 St & Clay Ave,8052,Morris Ave & McClellan St,8107,40.82809,-73.91288,40.831584,-73.9149,member
1941632,700D1F8D303227CB,classic_bike,2021-08-10 18:03:45,2021-08-10 18:08:58,Webster Ave & E 166 St,8052,E 170 St & Webster Ave,8156,40.828975,-73.911259,40.83617913677475,-73.90730146322765,member
1941682,F81397FB7FC0EB6D,classic_bike,2021-08-08 00:33:31,2021-08-08 00:38:37,Webster Ave & E 166 St,8052,E 170 St & Webster Ave,8156,40.828975,-73.911259,40.83617913677475,-73.90730146322765,member
1941683,2ED6B76E54615704,classic_bike,2021-08-19 23:53:51,2021-08-20 00:00:44,Webster Ave & E 166 St,8052,E 170 St & Webster Ave,8156,40.828975,-73.911259,40.83617913677475,-73.90730146322765,member
1988003,1691394DCAE55425,electric_bike,2021-08-21 09:08:15,2021-08-21 09:32:19,E 165 St & Clay Ave,8052,W 212 St & 10 Ave,8647,40.82809,-73.91288,40.8676583895191,-73.91675725579262,member
1997093,31E2B657B731945C,electric_bike,2021-08-10 23:10:52,2021-08-10 23:22:37,E 165 St & Clay Ave,8052,St Nicholas Ave & W 150 St,8013,40.82809,-73.91288,40.827212,-73.942722,member
2019832,538124941BE2EE8A,electric_bike,2021-08-17 05:08:02,2021-08-17 05:46:23,E 165 St & Clay Ave,8052,W 148 St & Amsterdam Ave,8033,40.82809,-73.91288,40.827075,-73.945909,member
2022095,C0B2EB3E8EC6F002,classic_bike,2021-08-29 22:28:09,2021-08-30 23:28:05,E 165 St & Clay Ave,8052,,nan,40.82809,-73.91288,,,casual
2040325,597643BF949F190A,electric_bike,2021-08-09 16:09:10,2021-08-09 16:15:18,E 165 St & Clay Ave,8052,E 153 St & E 157 St,8025,40.82809,-73.91288,40.826677,-73.929327,member
2041608,9C0870E00B1B5C8C,electric_bike,2021-08-28 15:55:41,2021-08-28 16:05:07,E 165 St & Clay Ave,8052,E 163 St & Union Ave,7970,40.82809,-73.91288,40.822545,-73.901824,member
2041660,D23E2ED9B8944EE3,electric_bike,2021-08-12 12:14:47,2021-08-12 12:21:22,Webster Ave & E 166 St,8052,E 153 St & E 157 St,8025,40.828975,-73.911259,40.826677,-73.929327,member
2042420,1BCF6652582F7FC7,electric_bike,2021-08-24 19:08:18,2021-08-24 19:25:40,E 165 St & Clay Ave,8052,E 163 St & Union Ave,7970,40.82809,-73.91288,40.822545,-73.901824,casual
2051934,2A43B1FCDC2E795C,electric_bike,2021-08-10 09:25:12,2021-08-10 10:31:52,Webster Ave & E 166 St,8052,Franklin Ave & E 169 St,8118,40.828975,-73.911259,40.83171,-73.90208,casual
2064628,7D1D809DB3DA4697,electric_bike,2021-08-14 01:27:21,2021-08-14 01:37:03,E 165 St & Clay Ave,8052,Franklin Ave & E 169 St,8118,40.82809,-73.91288,40.83171,-73.90208,casual
2065152,C0811FBE185D2026,electric_bike,2021-08-06 22:12:28,2021-08-06 22:50:52,Webster Ave & E 166 St,8052,Riverside Dr & W 138 St,7942,40.828975,-73.911259,40.823168,-73.955857,casual
2065811,993DE281FF5CC1A9,electric_bike,2021-08-27 14:59:32,2021-08-27 15:09:55,E 165 St & Clay Ave,8052,Lafayette Ave & Hunts Point Ave,7883,40.82809,-73.91288,40.816567,-73.888161,casual
2068111,2C7C1496667C6AC3,classic_bike,2021-08-01 23:01:46,2021-08-01 23:12:41,E 165 St & Clay Ave,8052,Franklin Ave & E 169 St,8118,40.82809,-73.91288,40.83171,-73.90208,casual
2077092,336D94AAB94B3D7D,classic_bike,2021-08-16 15:38:08,2021-08-16 16:05:32,Webster Ave & E 166 St,8052,Aqueduct Ave & W 190 St,8605,40.828975,-73.911259,40.8649213,-73.9024238,casual
2210183,7773575F018B6DFC,electric_bike,2021-08-27 03:31:08,2021-08-27 03:54:47,Webster Ave & E 166 St,8052,Brook Ave & E 138 St,7707,40.828975,-73.911259,40.807408,-73.91924,casual
2235465,42F516CC40CC8A58,electric_bike,2021-08-20 18:47:25,2021-08-20 19:03:05,Shakespeare Ave & W 169 St,8198,E 165 St & Clay Ave,8052,40.839312,-73.922423,40.82809,-73.91288,casual
2235466,2C4AF926EDF49F88,electric_bike,2021-08-03 19:43:59,2021-08-03 20:05:08,E 161 St & River Ave,8041,E 165 St & Clay Ave,8052,40.827883,-73.927111,40.82809,-73.91288,member
2235629,C8FE549013DDB6E5,classic_bike,2021-08-20 18:22:23,2021-08-20 18:29:46,Tinton Ave & E 165 St,7991,E 165 St & Clay Ave,8052,40.824796,-73.90242,40.82809,-73.91288,member
2235878,70A390D5B9F0311F,classic_bike,2021-08-15 18:48:17,2021-08-15 18:59:12,Crotona Park East & E 173 St,8182,E 165 St & Clay Ave,8052,40.837037,-73.890413,40.82809,-73.91288,member
2235907,D2F460B71FD57C7A,classic_bike,2021-08-26 17:44:19,2021-08-26 17:55:31,E 170 St & Webster Ave,8156,E 165 St & Clay Ave,8052,40.83617913677475,-73.90730146322765,40.82809,-73.91288,casual
2236064,47883A1824AE06BC,classic_bike,2021-08-24 18:31:20,2021-08-24 19:05:02,E 161 St & River Ave,8041,E 165 St & Clay Ave,8052,40.827883,-73.927111,40.82809,-73.91288,casual
2236208,1FB2E4F51F9A529C,classic_bike,2021-08-06 22:12:54,2021-08-06 22:40:46,E 161 St & River Ave,8041,E 165 St & Clay Ave,8052,40.827883,-73.927111,40.82809,-73.91288,member
2236240,6DF88C6B0645937E,electric_bike,2021-08-23 03:07:00,2021-08-23 03:52:09,Broadway & W 142 St,7981,E 165 St & Clay Ave,8052,40.824686,-73.951947,40.82809,-73.91288,member
2236241,642B5BB74B2465B0,electric_bike,2021-08-23 06:19:37,2021-08-23 06:47:15,W 148 St & Amsterdam Ave,8033,E 165 St & Clay Ave,8052,40.827075,-73.945909,40.82809,-73.91288,member
2236242,9BC00364298356D8,electric_bike,2021-08-22 21:46:20,2021-08-22 22:15:26,W 148 St & Amsterdam Ave,8033,E 165 St & Clay Ave,8052,40.827075,-73.945909,40.82809,-73.91288,member
2236313,240023EEFF1F7AD6,electric_bike,2021-08-16 15:29:53,2021-08-16 15:33:12,Webster Ave & E 166 St,8052,E 165 St & Clay Ave,8052,40.828975,-73.911259,40.82809,-73.91288,member
2236490,1A2F2BD9956C9AEB,electric_bike,2021-08-24 03:18:04,2021-08-24 03:53:04,Broadway & W 142 St,7981,E 165 St & Clay Ave,8052,40.824686,-73.951947,40.82809,-73.91288,member
2236491,FD5026B2F5A35C04,electric_bike,2021-08-06 03:15:02,2021-08-06 03:46:55,Broadway & W 142 St,7981,E 165 St & Clay Ave,8052,40.824686,-73.951947,40.82809,-73.91288,member
2237187,A070B8A8BD2B1117,electric_bike,2021-08-15 15:39:14,2021-08-15 16:12:41,E 138 St & Canal St W,7803,E 165 St & Clay Ave,8052,40.812304,-73.929153,40.82809,-73.91288,casual
2237224,871CE3724198475E,electric_bike,2021-08-27 12:25:20,2021-08-27 14:06:08,3 Ave & Franklin Ave,8012,E 165 St & Clay Ave,8052,40.82696,-73.907451,40.82809,-73.91288,member
2237525,3166F0E03E358FB5,electric_bike,2021-08-14 11:12:26,2021-08-14 11:26:51,Park Ave & E 162 St,8016,E 165 St & Clay Ave,8052,40.825716,-73.915585,40.82809,-73.91288,casual
2237757,8DF77D59FCA84C45,classic_bike,2021-08-17 17:17:40,2021-08-17 17:20:45,E 161 St & Park Ave,7979,E 165 St & Clay Ave,8052,40.824811,-73.916407,40.82809,-73.91288,casual
2238133,ABDD4ED7E09E1856,electric_bike,2021-08-05 16:05:22,2021-08-05 16:21:58,Fulton Ave & E 172 St,8186,E 165 St & Clay Ave,8052,40.839229,-73.899047,40.82809,-73.91288,member
2238552,FCB9211EA7B8FD7C,classic_bike,2021-08-02 16:09:55,2021-08-02 20:24:04,E 142 St & 3 Ave,7781,E 165 St & Clay Ave,8052,40.812735,-73.923697,40.82809,-73.91288,casual
2238648,4CF90524FB954513,classic_bike,2021-08-30 07:08:24,2021-08-30 07:11:23,Morris Ave & E 163 St,8036,E 165 St & Clay Ave,8052,40.827230499624726,-73.91765579597632,40.82809,-73.91288,member
2238663,752540C6A103DC6A,electric_bike,2021-08-06 09:21:23,2021-08-06 09:47:42,St Nicholas Ave & W 150 St,8013,E 165 St & Clay Ave,8052,40.827212,-73.942722,40.82809,-73.91288,member
2238758,0A0EF5FB37328943,classic_bike,2021-08-06 17:53:35,2021-08-06 19:10:09,Morris Ave & McClellan St,8107,E 165 St & Clay Ave,8052,40.831584,-73.9149,40.82809,-73.91288,member
2238759,97621C5148E8048E,classic_bike,2021-08-05 22:57:36,2021-08-05 23:12:51,Morris Ave & McClellan St,8107,E 165 St & Clay Ave,8052,40.831584,-73.9149,40.82809,-73.91288,member
2238772,D4F19EAC1FC73667,classic_bike,2021-08-02 10:06:32,2021-08-02 10:16:26,E 170 St & Webster Ave,8156,E 165 St & Clay Ave,8052,40.83617913677475,-73.90730146322765,40.82809,-73.91288,casual
2238915,519D029F6515A330,classic_bike,2021-08-05 22:56:36,2021-08-05 23:12:54,Morris Ave & McClellan St,8107,E 165 St & Clay Ave,8052,40.831584,-73.9149,40.82809,-73.91288,member
2238916,6111D8387FF7C8E2,classic_bike,2021-08-06 17:53:46,2021-08-06 19:10:08,Morris Ave & McClellan St,8107,E 165 St & Clay Ave,8052,40.831584,-73.9149,40.82809,-73.91288,member
2239008,18FCD15F4B0007C8,classic_bike,2021-08-06 21:12:25,2021-08-06 21:27:56,E 161 St & River Ave,8041,E 165 St & Clay Ave,8052,40.827883,-73.927111,40.82809,-73.91288,casual
2239222,CC27B62F83E6A17A,electric_bike,2021-08-28 15:19:18,2021-08-28 16:09:12,E 97 St & Madison Ave,7393,E 165 St & Clay Ave,8052,40.787801,-73.953559,40.82809,-73.91288,casual
2239303,FDD2B27AD7B692CA,electric_bike,2021-08-14 03:23:17,2021-08-14 03:45:32,Broadway & W 142 St,7981,E 165 St & Clay Ave,8052,40.824686,-73.951947,40.82809,-73.91288,member
2239339,1DE85111FC60140C,classic_bike,2021-08-10 19:14:12,2021-08-10 19:16:00,E 165 St & Clay Ave,8052,E 165 St & Clay Ave,8052,40.82809,-73.91288,40.82809,-73.91288,member
2239342,69006C9CF87E74BC,classic_bike,2021-08-13 10:54:18,2021-08-13 10:54:45,E 165 St & Clay Ave,8052,E 165 St & Clay Ave,8052,40.82809,-73.91288,40.82809,-73.91288,member
2239351,AA01DB8150CF5CCB,classic_bike,2021-08-11 16:50:24,2021-08-11 16:59:46,Morris Ave & E 153 St,7901,E 165 St & Clay Ave,8052,40.820036,-73.921411,40.82809,-73.91288,member
2239739,F15C1090AA0211F5,electric_bike,2021-08-19 11:12:30,2021-08-19 11:39:15,Grand Concourse & E 175 St,8303,E 165 St & Clay Ave,8052,40.846221,-73.909232,40.82809,-73.91288,member
2239812,0D0C806B737A50E3,electric_bike,2021-08-06 18:39:21,2021-08-06 19:06:32,Botanical Sq & Webster Ave,8646,E 165 St & Clay Ave,8052,40.86814,-73.88145,40.82809,-73.91288,member
2240264,8F7FA1D4F78E0D8B,electric_bike,2021-08-27 12:59:12,2021-08-27 14:06:04,5 Av & W 139 St,7851,E 165 St & Clay Ave,8052,40.815484,-73.935856,40.82809,-73.91288,casual
2240438,55C86B1D180027F6,classic_bike,2021-08-10 10:58:11,2021-08-10 11:08:45,E 153 St & E 157 St,8025,E 165 St & Clay Ave,8052,40.826677,-73.929327,40.82809,-73.91288,member
2240567,8067826895A64712,electric_bike,2021-08-24 18:41:53,2021-08-24 19:04:56,Morris Ave & E 163 St,8036,E 165 St & Clay Ave,8052,40.827230499624726,-73.91765579597632,40.82809,-73.91288,casual
2240597,84EACCD19C143F03,classic_bike,2021-08-06 01:17:15,2021-08-06 01:21:39,Grand Concourse & E 166 St,8092,E 165 St & Clay Ave,8052,40.83196,-73.91956,40.82809,-73.91288,casual
2240733,119F6CA5C3F018C5,classic_bike,2021-08-31 18:35:34,2021-08-31 18:40:23,3 Ave & E 170 St,8137,E 165 St & Clay Ave,8052,40.834857,-73.903743,40.82809,-73.91288,member
2240879,4C0FD65E99D029DD,electric_bike,2021-08-02 20:03:03,2021-08-02 20:10:07,Bergen Ave & E 152 St,7858,E 165 St & Clay Ave,8052,40.817166,-73.914737,40.82809,-73.91288,casual
2241006,56E4901242969EEF,electric_bike,2021-08-02 11:35:02,2021-08-02 11:40:05,E 161 St & River Ave,8041,E 165 St & Clay Ave,8052,40.827883,-73.927111,40.82809,-73.91288,member
2241007,2087A8E5C439A539,electric_bike,2021-08-18 18:12:26,2021-08-18 18:19:48,E 161 St & River Ave,8041,E 165 St & Clay Ave,8052,40.827883,-73.927111,40.82809,-73.91288,member
2241196,CC60323FAADB08E2,electric_bike,2021-08-31 17:29:28,2021-08-31 17:44:55,Webster Ave & Ford St,8472,E 165 St & Clay Ave,8052,40.85556,-73.89615,40.82809,-73.91288,casual
2241308,339C9C66ECAA4A9E,electric_bike,2021-08-09 12:19:22,2021-08-09 12:30:14,Webster Ave & Ford St,8472,E 165 St & Clay Ave,8052,40.85556,-73.89615,40.82809,-73.91288,member
2241418,007A771CE35F2965,classic_bike,2021-08-14 14:24:46,2021-08-14 14:28:31,Park Ave & E 162 St,8016,E 165 St & Clay Ave,8052,40.825716,-73.915585,40.82809,-73.91288,casual
2241492,04EC8824A842C674,electric_bike,2021-08-16 03:05:55,2021-08-16 03:25:06,W 145 St & Amsterdam Ave,7997,E 165 St & Clay Ave,8052,40.825244,-73.947257,40.82809,-73.91288,casual
2242266,2B8A07693989422D,docked_bike,2021-08-17 16:12:24,2021-08-17 17:03:56,Washington Ave & E 163 St,7995,E 165 St & Clay Ave,8052,40.824,-73.91089,40.82809,-73.91288,casual
2242478,D9BABA9D0755C5EC,electric_bike,2021-08-12 14:26:58,2021-08-12 14:36:40,Garrison Ave & Manida St,7905,E 165 St & Clay Ave,8052,40.818743,-73.890247,40.82809,-73.91288,casual
2242479,6A94778BFCE580DB,electric_bike,2021-08-16 14:27:15,2021-08-16 14:37:52,Garrison Ave & Manida St,7905,E 165 St & Clay Ave,8052,40.818743,-73.890247,40.82809,-73.91288,casual
2242516,4A27B319FFC97872,electric_bike,2021-08-18 22:16:46,2021-08-19 04:05:03,W 148 St & Amsterdam Ave,8033,E 165 St & Clay Ave,8052,40.827075,-73.945909,40.82809,-73.91288,member
2243216,4CE90238C12597B5,electric_bike,2021-08-23 19:09:25,2021-08-23 19:17:44,E 156 & Brook Ave,7896,E 165 St & Clay Ave,8052,40.819823,-73.912411,40.82809,-73.91288,member
2243465,C8BE19093C6305C6,classic_bike,2021-08-13 21:18:09,2021-08-13 21:26:12,E 161 St & River Ave,8041,E 165 St & Clay Ave,8052,40.827883,-73.927111,40.82809,-73.91288,casual
2243506,90077A078169622D,classic_bike,2021-08-27 00:20:56,2021-08-27 00:32:43,E Burnside Ave & Ryer Ave,8397,E 165 St & Clay Ave,8052,40.850535,-73.901318,40.82809,-73.91288,casual
2243571,B0841409334B42DD,classic_bike,2021-08-13 13:53:48,2021-08-13 13:56:38,E 169 St & Webster Ave,8122,E 165 St & Clay Ave,8052,40.834015,-73.908863,40.82809,-73.91288,member
2243603,833E8FFFE30DD2B1,electric_bike,2021-08-02 15:30:37,2021-08-02 15:34:52,E 169 St & Webster Ave,8122,E 165 St & Clay Ave,8052,40.834015,-73.908863,40.82809,-73.91288,member
2243805,A86E9CF6F315AD66,classic_bike,2021-08-08 00:47:59,2021-08-08 01:00:19,Longwood Ave & Southern Blvd,7849,E 165 St & Clay Ave,8052,40.816343,-73.896447,40.82809,-73.91288,member
2243854,FB0A68DAB04F351D,classic_bike,2021-08-09 10:59:47,2021-08-09 11:08:31,E 153 St & E 157 St,8025,E 165 St & Clay Ave,8052,40.826677,-73.929327,40.82809,-73.91288,member
2244611,DB8D70F5420FCAC7,classic_bike,2021-08-26 19:09:25,2021-08-26 20:23:23,Morris Ave & McClellan St,8107,E 165 St & Clay Ave,8052,40.831584,-73.9149,40.82809,-73.91288,casual
2244699,C7543FD2CAB658FE,electric_bike,2021-08-15 15:04:04,2021-08-15 15:12:06,Southern Blvd & Tiffany St,7867,E 165 St & Clay Ave,8052,40.818185,-73.894143,40.82809,-73.91288,casual
2245362,C11A5D8566D59AE6,electric_bike,2021-08-28 15:53:01,2021-08-28 15:55:22,E 167 St & Clay Ave,8088,E 165 St & Clay Ave,8052,40.83094,-73.91125,40.82809,-73.91288,member
2245364,50A1C50852C2AF91,electric_bike,2021-08-30 03:38:28,2021-08-30 04:05:51,W 146 St & Broadway,8018,E 165 St & Clay Ave,8052,40.826969,-73.949738,40.82809,-73.91288,member
2245365,AE5513ED1CAF062B,electric_bike,2021-08-29 03:01:09,2021-08-29 03:55:52,W 146 St & Broadway,8018,E 165 St & Clay Ave,8052,40.826969,-73.949738,40.82809,-73.91288,member
2245477,419C4C508FB42555,electric_bike,2021-08-07 15:09:37,2021-08-07 15:46:37,Madison Ave & E 99 St,7443,E 165 St & Clay Ave,8052,40.78948541553215,-73.95242929458618,40.82809,-73.91288,casual
2245950,E78D36BFB2296BA9,classic_bike,2021-08-06 16:32:48,2021-08-06 17:11:45,Grand Concourse & E Mosholu Pkwy S,8795,E 165 St & Clay Ave,8052,40.877964,-73.8847550291,40.82809,-73.91288,casual
2246205,24C5F65B616A42C0,electric_bike,2021-08-09 17:41:02,2021-08-09 17:46:37,Melrose Ave & E 150 St,7879,E 165 St & Clay Ave,8052,40.816827,-73.917338,40.82809,-73.91288,casual
2246247,252F2A813E4F3950,classic_bike,2021-08-24 18:32:26,2021-08-24 19:04:44,E 161 St & River Ave,8041,E 165 St & Clay Ave,8052,40.827883,-73.927111,40.82809,-73.91288,casual
2246249,3C0EEDADA22642A0,classic_bike,2021-08-24 18:31:42,2021-08-24 19:02:48,E 161 St & River Ave,8041,E 165 St & Clay Ave,8052,40.827883,-73.927111,40.82809,-73.91288,casual
2246326,CBCFC8F7050BF997,electric_bike,2021-08-27 13:21:05,2021-08-27 14:06:21,W 148 St & Amsterdam Ave,8033,E 165 St & Clay Ave,8052,40.827075,-73.945909,40.82809,-73.91288,member
2246399,47CEA1D63DB34633,electric_bike,2021-08-03 17:46:46,2021-08-03 17:52:53,Cauldwell Ave & E 158 St,7913,E 165 St & Clay Ave,8052,40.81989,-73.908351,40.82809,-73.91288,casual
2246469,53FC0D4AFFCE7906,classic_bike,2021-08-14 13:00:53,2021-08-14 13:05:33,E 169 St & Webster Ave,8122,E 165 St & Clay Ave,8052,40.834015,-73.908863,40.82809,-73.91288,member
2246479,7550D94AC19A9CFC,classic_bike,2021-08-09 23:54:10,2021-08-09 23:59:44,Grand Concourse & E 161 St,8021,E 165 St & Clay Ave,8052,40.82713380423556,-73.9227358996868,40.82809,-73.91288,member
2246693,02C64C21D30308F9,classic_bike,2021-08-16 16:52:36,2021-08-16 16:55:24,Morris Ave & E 163 St,8036,E 165 St & Clay Ave,8052,40.827230499624726,-73.91765579597632,40.82809,-73.91288,member
2246841,51D2B8B2C58A9A65,classic_bike,2021-08-14 12:01:06,2021-08-14 12:05:44,Grand Concourse & E 164 St,8057,E 165 St & Clay Ave,8052,40.829608,-73.921461,40.82809,-73.91288,member
2247008,EF639A6CAFB7647F,classic_bike,2021-08-01 09:56:16,2021-08-01 10:01:02,Grant Ave & E 169 St,8141,E 165 St & Clay Ave,8052,40.83579,-73.913741,40.82809,-73.91288,member
2247014,3FD1A5D9E872BC76,classic_bike,2021-08-05 15:56:31,2021-08-05 16:02:50,E 155 St & Courtlandt Ave,7940,E 165 St & Clay Ave,8052,40.82057,-73.917579,40.82809,-73.91288,casual
2247125,F176F0011FDE9A46,electric_bike,2021-08-13 12:44:22,2021-08-13 12:51:41,Jerome Ave & E 164 St,8096,E 165 St & Clay Ave,8052,40.831444,-73.926226,40.82809,-73.91288,member
2247127,93FB0A5074503BB1,classic_bike,2021-08-14 20:41:29,2021-08-14 20:54:53,Westchester Ave & Southern Blvd,8004,E 165 St & Clay Ave,8052,40.824956,-73.891677,40.82809,-73.91288,member
2247398,133507287C22C6AD,electric_bike,2021-08-29 15:17:06,2021-08-29 16:02:32,E 98 St & Park Ave,7443,E 165 St & Clay Ave,8052,40.78813,-73.95206,40.82809,-73.91288,casual
2247400,FE6C1FE19E73CA87,electric_bike,2021-08-02 04:05:58,2021-08-02 04:13:22,3 Ave & E 170 St,8137,E 165 St & Clay Ave,8052,40.834857,-73.903743,40.82809,-73.91288,member
2247606,9C22FF1D83560D99,classic_bike,2021-08-02 15:33:58,2021-08-02 15:41:22,E 171 St & Webster Ave,8190,E 165 St & Clay Ave,8052,40.838379,-73.905838,40.82809,-73.91288,member
2248074,FEADA729D5019182,electric_bike,2021-08-28 14:20:44,2021-08-28 14:57:23,E 170 St & Webster Ave,8156,E 165 St & Clay Ave,8052,40.83617913677475,-73.90730146322765,40.82809,-73.91288,casual
2248517,D650AB643F060944,electric_bike,2021-08-14 18:36:54,2021-08-14 18:41:48,E 161 St & Park Ave,7979,E 165 St & Clay Ave,8052,40.824811,-73.916407,40.82809,-73.91288,casual
2248784,11A70F7C24E0FCC5,classic_bike,2021-08-20 15:39:33,2021-08-20 15:41:35,E 167 St & Clay Ave,8088,E 165 St & Clay Ave,8052,40.83094,-73.91125,40.82809,-73.91288,casual
2248871,24A2A85A1102A6E5,electric_bike,2021-08-30 21:55:34,2021-08-30 22:01:14,Shakespeare Ave & W 169 St,8198,E 165 St & Clay Ave,8052,40.839312,-73.922423,40.82809,-73.91288,member
2249226,CE754F18CB9B7722,electric_bike,2021-08-03 22:01:06,2021-08-03 22:43:09,W 145 St & Amsterdam Ave,7997,E 165 St & Clay Ave,8052,40.825244,-73.947257,40.82809,-73.91288,member
2249227,DCF633F6ABD7D2CC,electric_bike,2021-08-10 07:56:08,2021-08-10 08:27:06,W 145 St & Amsterdam Ave,7997,E 165 St & Clay Ave,8052,40.825244,-73.947257,40.82809,-73.91288,member
2249287,27985AA1FA2CCD41,classic_bike,2021-08-21 02:04:05,2021-08-21 02:29:26,Fulton Ave & St. Paul's Pl,8152,E 165 St & Clay Ave,8052,40.83545,-73.90153,40.82809,-73.91288,casual
2249302,40896DC6C0EEE473,electric_bike,2021-08-31 19:34:52,2021-08-31 19:39:21,Grand Concourse & E 161 St,8021,E 165 St & Clay Ave,8052,40.82713380423556,-73.9227358996868,40.82809,-73.91288,member
2249437,174E8FD13E14DCD2,electric_bike,2021-08-01 00:43:47,2021-08-01 00:52:23,Cauldwell Ave & E 158 St,7913,E 165 St & Clay Ave,8052,40.81989,-73.908351,40.82809,-73.91288,casual
2249490,ECA8BFFB3D46B37B,electric_bike,2021-08-05 10:49:57,2021-08-05 11:03:05,W 135 St & Lenox Terrace Pl,7832,E 165 St & Clay Ave,8052,40.813619,-73.939336,40.82809,-73.91288,member
2249583,2C554ABA4B9515F4,classic_bike,2021-08-19 11:14:36,2021-08-19 11:46:41,E 141 St & Jackson Ave,7703,E 165 St & Clay Ave,8052,40.806896,-73.911837,40.82809,-73.91288,casual
2250303,40D5F85FAEA3825B,classic_bike,2021-08-23 09:25:23,2021-08-23 09:48:26,Crotona Park North & Prospect Ave,8236,E 165 St & Clay Ave,8052,40.841092,-73.892317,40.82809,-73.91288,member
2250316,469D792D5A95CEB9,classic_bike,2021-08-14 11:55:37,2021-08-14 12:02:13,E 170 St & Clay Ave,8156,E 165 St & Clay Ave,8052,40.837213,-73.908345,40.82809,-73.91288,member
2250687,F92ABD5290281DCC,electric_bike,2021-08-16 10:48:23,2021-08-16 11:15:57,Amsterdam Ave & W 152 St,8069,E 165 St & Clay Ave,8052,40.829523,-73.944279,40.82809,-73.91288,member
2250697,FD95EE269431F7D8,electric_bike,2021-08-12 21:49:10,2021-08-12 22:19:39,W 148 St & Amsterdam Ave,8033,E 165 St & Clay Ave,8052,40.827075,-73.945909,40.82809,-73.91288,member
2251050,15A4730D0A8007E2,electric_bike,2021-08-11 15:04:39,2021-08-11 15:15:39,River Ave & E 153 St,8005,E 165 St & Clay Ave,8052,40.82441,-73.92818,40.82809,-73.91288,casual
2251067,0E993F956AE4F241,classic_bike,2021-08-17 23:42:28,2021-08-18 00:01:18,E Fordham Rd & Webster Ave,8582,E 165 St & Clay Ave,8052,40.861748,-73.89105,40.82809,-73.91288,casual
2251074,EBBE6D4C223058D2,electric_bike,2021-08-05 23:02:30,2021-08-05 23:12:09,Ogden Ave & W 164 St,8115,E 165 St & Clay Ave,8052,40.832812,-73.929372,40.82809,-73.91288,member
2251140,D254EF307123A1F8,electric_bike,2021-08-12 19:12:40,2021-08-12 19:35:27,River Ave & E 153 St,8005,E 165 St & Clay Ave,8052,40.82441,-73.92818,40.82809,-73.91288,member
2251233,46169DFBD735031A,electric_bike,2021-08-17 00:33:16,2021-08-17 00:38:32,Park Ave & E 162 St,8016,E 165 St & Clay Ave,8052,40.825716,-73.915585,40.82809,-73.91288,member
2251310,B039506A49C67F4C,electric_bike,2021-08-16 15:18:33,2021-08-16 15:54:16,Plaza Dr & W 170 St,8213,E 165 St & Clay Ave,8052,40.840484,-73.917946,40.82809,-73.91288,casual
2251523,B40A93577A285DF0,electric_bike,2021-08-10 01:16:05,2021-08-10 01:18:56,3 Ave & E 163 St,7974,E 165 St & Clay Ave,8052,40.823872,-73.908699,40.82809,-73.91288,member
2251572,7CD13D0C65676DBC,classic_bike,2021-08-31 12:37:58,2021-08-31 12:39:10,Webster Ave & E 166 St,8052,E 165 St & Clay Ave,8052,40.828975,-73.911259,40.82809,-73.91288,member
2251592,9BC1793FDDB7FA19,classic_bike,2021-08-06 09:45:31,2021-08-06 09:52:56,E 171 St & Webster Ave,8190,E 165 St & Clay Ave,8052,40.838379,-73.905838,40.82809,-73.91288,member
2251833,A04946C2C621ED81,classic_bike,2021-08-02 00:23:36,2021-08-02 00:28:25,Grand Concourse & E 161 St,8021,E 165 St & Clay Ave,8052,40.82713380423556,-73.9227358996868,40.82809,-73.91288,member
2252341,D4F67DB39E97A628,electric_bike,2021-08-18 15:52:37,2021-08-18 15:56:38,Morris Ave & McClellan St,8107,E 165 St & Clay Ave,8052,40.831584,-73.9149,40.82809,-73.91288,member
2252448,924D228597F08759,electric_bike,2021-08-09 22:55:31,2021-08-09 22:59:49,Washington Ave & E 163 St,7995,E 165 St & Clay Ave,8052,40.824,-73.91089,40.82809,-73.91288,member
2252499,61A5079E177B45A0,electric_bike,2021-08-24 16:54:03,2021-08-24 17:09:26,Amsterdam Ave & W 156 St,8104,E 165 St & Clay Ave,8052,40.832081,-73.942386,40.82809,-73.91288,member
2252511,F9A2A44764584137,electric_bike,2021-08-07 14:25:58,2021-08-07 14:43:13,Willis Ave & E 141 St,7759,E 165 St & Clay Ave,8052,40.81093,-73.921606,40.82809,-73.91288,member
2252522,B46608E368B098D8,classic_bike,2021-08-09 17:59:06,2021-08-09 18:19:29,E 149 St & Morris Ave,7863,E 165 St & Clay Ave,8052,40.81734,-73.922962,40.82809,-73.91288,casual
2252790,8F38CFC07DC7AF74,electric_bike,2021-08-01 23:04:27,2021-08-01 23:17:11,W 155 St & Frederick Douglass Blvd,8065,E 165 St & Clay Ave,8052,40.82923,-73.936996,40.82809,-73.91288,member
2252860,9C0D79AD91BF539D,electric_bike,2021-08-18 17:51:52,2021-08-18 18:53:46,Courtlandt Ave & E 149 St,7840,E 165 St & Clay Ave,8052,40.816402,-73.919549,40.82809,-73.91288,casual
2252877,02F799792FBE5233,electric_bike,2021-08-08 13:28:49,2021-08-08 13:30:04,Park Ave & E 162 St,8016,E 165 St & Clay Ave,8052,40.825716,-73.915585,40.82809,-73.91288,member
2252962,CF0AA71ED3A7268B,electric_bike,2021-08-09 18:27:33,2021-08-09 18:47:21,1 Ave & E 110 St,7522,E 165 St & Clay Ave,8052,40.7923272,-73.9383,40.82809,-73.91288,member
2253637,8A4AAD5605B30991,electric_bike,2021-08-27 03:23:57,2021-08-27 03:46:59,W 145 St & Amsterdam Ave,7997,E 165 St & Clay Ave,8052,40.825244,-73.947257,40.82809,-73.91288,member
2254135,A687BE65AA18CAC5,electric_bike,2021-08-25 21:19:28,2021-08-25 21:27:50,E 149 St & Morris Ave,7863,E 165 St & Clay Ave,8052,40.81734,-73.922962,40.82809,-73.91288,casual
2254266,A934AC0F9FED1E9D,electric_bike,2021-08-30 07:05:04,2021-08-30 07:30:43,Grand Concourse & E 161 St,8021,E 165 St & Clay Ave,8052,40.82713380423556,-73.9227358996868,40.82809,-73.91288,member
2254284,55C3C6021A70B82E,electric_bike,2021-08-13 23:25:47,2021-08-14 00:04:39,Grand Concourse & E 161 St,8021,E 165 St & Clay Ave,8052,40.82713380423556,-73.9227358996868,40.82809,-73.91288,member
2254463,9C729066B5C8820F,electric_bike,2021-08-19 16:50:05,2021-08-19 17:01:00,Plaza Dr & W 170 St,8213,E 165 St & Clay Ave,8052,40.840484,-73.917946,40.82809,-73.91288,member
2254552,291939AE4EDC853E,classic_bike,2021-08-20 12:16:04,2021-08-20 12:18:06,Morris Ave & E 163 St,8036,E 165 St & Clay Ave,8052,40.827230499624726,-73.91765579597632,40.82809,-73.91288,member
2254562,EE250A66CBDF61C5,electric_bike,2021-08-13 18:58:11,2021-08-13 19:16:53,Morris Ave & E 163 St,8036,E 165 St & Clay Ave,8052,40.827230499624726,-73.91765579597632,40.82809,-73.91288,casual
2254623,CF65B4332295B53E,electric_bike,2021-08-14 12:03:05,2021-08-14 12:42:20,Riverside Dr & W 145 St,8018,E 165 St & Clay Ave,8052,40.827305,-73.951989,40.82809,-73.91288,member
2254834,B40367AF0E81DB45,classic_bike,2021-08-21 01:14:24,2021-08-21 01:20:13,Grand Concourse & E 166 St,8092,E 165 St & Clay Ave,8052,40.83196,-73.91956,40.82809,-73.91288,casual
2255126,6A68C32F467D5E91,electric_bike,2021-08-11 03:04:18,2021-08-11 03:45:37,W 145 St & Amsterdam Ave,7997,E 165 St & Clay Ave,8052,40.825244,-73.947257,40.82809,-73.91288,member
2255700,58B9074AE2D3A903,classic_bike,2021-08-01 10:30:10,2021-08-01 10:36:22,Grand Concourse & E 167 St,8126,E 165 St & Clay Ave,8052,40.834263,-73.917641,40.82809,-73.91288,member
2256105,2C9F4F8E5FAB32C5,electric_bike,2021-08-12 22:46:00,2021-08-13 01:34:05,Townsend Ave & E 175 St,8323,E 165 St & Clay Ave,8052,40.84741,-73.911359,40.82809,-73.91288,member
2256748,BCCEA368068C17E5,electric_bike,2021-08-24 11:53:29,2021-08-24 12:33:53,W 145 St & Amsterdam Ave,7997,E 165 St & Clay Ave,8052,40.825244,-73.947257,40.82809,-73.91288,member
2256749,0FFB5E85E3920A00,electric_bike,2021-08-17 03:27:46,2021-08-17 04:09:07,W 145 St & Amsterdam Ave,7997,E 165 St & Clay Ave,8052,40.825244,-73.947257,40.82809,-73.91288,member
2257149,0DB5798CF5E3D84C,electric_bike,2021-08-26 11:55:20,2021-08-26 12:20:11,E 167 St & Clay Ave,8088,E 165 St & Clay Ave,8052,40.83094,-73.91125,40.82809,-73.91288,casual
2257221,EE23AB8DEA4104A2,classic_bike,2021-08-25 14:35:06,2021-08-25 14:42:21,E 167 St & Clay Ave,8088,E 165 St & Clay Ave,8052,40.83094,-73.91125,40.82809,-73.91288,casual
2257223,D332C3E8B09CB5A2,electric_bike,2021-08-12 16:20:01,2021-08-12 16:28:02,Cauldwell Ave & E 161 St,7952,E 165 St & Clay Ave,8052,40.82188,-73.907521,40.82809,-73.91288,member
2257891,19A723563EFA39DE,classic_bike,2021-08-19 18:06:19,2021-08-19 18:09:12,E 161 St & Park Ave,7979,E 165 St & Clay Ave,8052,40.824811,-73.916407,40.82809,-73.91288,member
2258037,5156BAE295B41586,classic_bike,2021-08-06 16:01:13,2021-08-06 16:07:55,E 163 St & Union Ave,7970,E 165 St & Clay Ave,8052,40.822545,-73.901824,40.82809,-73.91288,casual
2258254,9CB14FA39E820E2C,classic_bike,2021-08-30 07:13:37,2021-08-30 07:15:02,Webster Ave & E 166 St,8052,E 165 St & Clay Ave,8052,40.828975,-73.911259,40.82809,-73.91288,member
2258263,686074EF79DBD213,classic_bike,2021-08-15 21:36:25,2021-08-15 21:38:12,Webster Ave & E 166 St,8052,E 165 St & Clay Ave,8052,40.828975,-73.911259,40.82809,-73.91288,member
2258333,8CAD4FEBB6FDCE93,classic_bike,2021-08-01 17:21:57,2021-08-01 17:38:00,Bergen Ave & E 152 St,7858,E 165 St & Clay Ave,8052,40.817166,-73.914737,40.82809,-73.91288,member
2259096,1D2860505CB5F922,electric_bike,2021-08-07 22:23:54,2021-08-07 23:18:01,E 84 St & Park Ave,7243,E 165 St & Clay Ave,8052,40.77862688,-73.95772073,40.82809,-73.91288,member
2259511,BFA55CC2CDDF80CD,classic_bike,2021-08-21 01:14:08,2021-08-21 01:20:19,Grand Concourse & E 166 St,8092,E 165 St & Clay Ave,8052,40.83196,-73.91956,40.82809,-73.91288,casual
2259512,7D9BEEE2CE15E8EE,classic_bike,2021-08-07 05:43:31,2021-08-07 05:46:30,Grand Concourse & E 166 St,8092,E 165 St & Clay Ave,8052,40.83196,-73.91956,40.82809,-73.91288,casual
2259534,9CF07B7D8C44C898,classic_bike,2021-08-09 10:54:30,2021-08-09 10:58:04,Grand Concourse & E 166 St,8092,E 165 St & Clay Ave,8052,40.83196,-73.91956,40.82809,-73.91288,member
2259667,856BB8604FE253E6,electric_bike,2021-08-27 20:53:43,2021-08-27 21:01:40,University Ave & W 168 St,8183,E 165 St & Clay Ave,8052,40.838706,-73.927034,40.82809,-73.91288,member
2259786,AA97237D527B2EF0,classic_bike,2021-08-10 18:00:19,2021-08-10 18:09:44,Morris Ave & McClellan St,8107,E 165 St & Clay Ave,8052,40.831584,-73.9149,40.82809,-73.91288,member
2259821,8194658868F60672,electric_bike,2021-08-16 21:21:24,2021-08-16 21:38:36,Jerome Ave & E 164 St,8096,E 165 St & Clay Ave,8052,40.831444,-73.926226,40.82809,-73.91288,member
2259845,2C85E6753C813888,electric_bike,2021-08-27 19:22:41,2021-08-27 19:27:53,E 170 St & Webster Ave,8156,E 165 St & Clay Ave,8052,40.83617913677475,-73.90730146322765,40.82809,-73.91288,casual
2260064,C359529DB7BED870,classic_bike,2021-08-16 11:10:52,2021-08-16 12:19:00,College Ave & E 170 St,8175,E 165 St & Clay Ave,8052,40.837576,-73.910489,40.82809,-73.91288,casual
2260065,B74CA04F80A15853,electric_bike,2021-08-25 09:53:00,2021-08-25 10:00:07,College Ave & E 170 St,8175,E 165 St & Clay Ave,8052,40.837576,-73.910489,40.82809,-73.91288,casual
2260327,4690409CD4B2E6F8,classic_bike,2021-08-04 03:39:28,2021-08-04 03:43:13,Grand Concourse & E 166 St,8092,E 165 St & Clay Ave,8052,40.83196,-73.91956,40.82809,-73.91288,casual
2260457,F2000131D1DC34ED,classic_bike,2021-08-17 14:32:06,2021-08-17 14:41:22,E 149 St & Morris Ave,7863,E 165 St & Clay Ave,8052,40.81734,-73.922962,40.82809,-73.91288,member
2260504,A64EE633C8F8A1B1,electric_bike,2021-08-10 03:16:43,2021-08-10 03:49:03,W 146 St & Broadway,8018,E 165 St & Clay Ave,8052,40.826969,-73.949738,40.82809,-73.91288,member
2260510,ED0EA10FB66EFEA5,classic_bike,2021-08-28 19:30:47,2021-08-28 19:33:15,E 167 St & Clay Ave,8088,E 165 St & Clay Ave,8052,40.83094,-73.91125,40.82809,-73.91288,casual
2260602,0DBBB4D2926CEDA8,classic_bike,2021-08-11 16:14:53,2021-08-11 16:29:56,Melrose Ave & E 150 St,7879,E 165 St & Clay Ave,8052,40.816827,-73.917338,40.82809,-73.91288,casual
2260630,9FE8676EECDEF78C,electric_bike,2021-08-14 11:22:44,2021-08-14 12:13:02,Louis Nine Blvd & Intervale Ave,8114,E 165 St & Clay Ave,8052,40.831998,-73.892686,40.82809,-73.91288,member
2260688,3F389D6B94AD8DD5,electric_bike,2021-08-10 17:36:56,2021-08-10 17:41:43,Melrose Ave & E 150 St,7879,E 165 St & Clay Ave,8052,40.816827,-73.917338,40.82809,-73.91288,member
2260825,4E2CB1D2DB361FD3,classic_bike,2021-08-12 07:44:05,2021-08-12 07:48:58,Grand Concourse & E 166 St,8092,E 165 St & Clay Ave,8052,40.83196,-73.91956,40.82809,-73.91288,casual
2261242,10BB39B72DD72074,classic_bike,2021-08-26 14:04:28,2021-08-26 14:10:56,Sherman Ave & E 166 St,8072,E 165 St & Clay Ave,8052,40.83130549267296,-73.91744792461395,40.82809,-73.91288,member
2261514,6BA8FC99D87F1F15,electric_bike,2021-08-18 07:31:20,2021-08-18 07:35:49,E 167 St & Clay Ave,8088,E 165 St & Clay Ave,8052,40.83094,-73.91125,40.82809,-73.91288,casual
2261519,B822951B82D846A9,classic_bike,2021-08-26 10:28:46,2021-08-26 10:41:10,E 161 St & Park Ave,7979,E 165 St & Clay Ave,8052,40.824811,-73.916407,40.82809,-73.91288,member
2261846,FD29A27D89FA0AC9,electric_bike,2021-08-09 06:43:52,2021-08-09 07:26:02,Grand Concourse & E 164 St,8057,E 165 St & Clay Ave,8052,40.829608,-73.921461,40.82809,-73.91288,member
2261847,593C2FDAD5647C1B,electric_bike,2021-08-07 03:36:40,2021-08-07 03:41:27,Grand Concourse & E 164 St,8057,E 165 St & Clay Ave,8052,40.829608,-73.921461,40.82809,-73.91288,member
2261848,2B64A99A12F7EE2F,electric_bike,2021-08-07 07:58:59,2021-08-07 08:06:51,Grand Concourse & E 164 St,8057,E 165 St & Clay Ave,8052,40.829608,-73.921461,40.82809,-73.91288,member
2262027,ADC862A1F0FBB390,electric_bike,2021-08-03 10:50:18,2021-08-03 11:33:26,Sherman Ave & E 166 St,8072,E 165 St & Clay Ave,8052,40.83130549267296,-73.91744792461395,40.82809,-73.91288,member
2262196,30F95A8E63AFD8CE,electric_bike,2021-08-29 09:36:12,2021-08-29 10:16:41,Grand Concourse & E 166 St,8092,E 165 St & Clay Ave,8052,40.83196,-73.91956,40.82809,-73.91288,member
2262312,0236716621D7885A,classic_bike,2021-08-03 18:39:57,2021-08-03 18:44:09,Grand Concourse & E 166 St,8092,E 165 St & Clay Ave,8052,40.83196,-73.91956,40.82809,-73.91288,casual
2262564,DB15B219C5A78861,electric_bike,2021-08-10 22:30:22,2021-08-10 22:39:53,Harlem River Dr & W 155 St,8085,E 165 St & Clay Ave,8052,40.830476,-73.939929,40.82809,-73.91288,member
2262629,8481C57D9B460796,electric_bike,2021-08-10 10:32:27,2021-08-10 10:37:18,Cauldwell Ave & E 161 St,7952,E 165 St & Clay Ave,8052,40.82188,-73.907521,40.82809,-73.91288,casual
2262746,985939D77C98A2E9,electric_bike,2021-08-03 10:46:52,2021-08-03 11:02:46,W 129 St & Convent Ave,7818,E 165 St & Clay Ave,8052,40.814394437915816,-73.95324736833572,40.82809,-73.91288,member
2262799,43D8EE6AEB1579D2,classic_bike,2021-08-24 14:44:29,2021-08-24 15:03:24,Jerome Ave & W 177 St,8362,E 165 St & Clay Ave,8052,40.850121,-73.910765,40.82809,-73.91288,member
2263049,1D6A73A3358D27B3,electric_bike,2021-08-15 18:13:54,2021-08-15 18:43:32,E 167 St & Clay Ave,8088,E 165 St & Clay Ave,8052,40.83094,-73.91125,40.82809,-73.91288,casual
2263263,D98FE300B5339459,classic_bike,2021-08-14 21:10:27,2021-08-14 21:24:21,Townsend Ave & E 175 St,8323,E 165 St & Clay Ave,8052,40.84741,-73.911359,40.82809,-73.91288,casual
2264300,1760EB9A5C6C86D8,electric_bike,2021-08-30 22:27:58,2021-08-30 22:49:46,Cedar Ave & W Fordham Rd,8575,E 165 St & Clay Ave,8052,40.86156,-73.91219,40.82809,-73.91288,casual
2264563,7E201A2674DABE0F,electric_bike,2021-08-20 15:42:19,2021-08-20 15:42:42,E 165 St & Clay Ave,8052,E 165 St & Clay Ave,8052,40.82809,-73.91288,40.82809,-73.91288,casual
2264655,0E7842FF0ED693DA,electric_bike,2021-08-19 14:08:17,2021-08-19 14:19:35,Barry St & Tiffany St,7844,E 165 St & Clay Ave,8052,40.816126,-73.891559,40.82809,-73.91288,casual
2264880,C09C57AC7174DC33,classic_bike,2021-08-29 11:47:21,2021-08-29 11:55:09,Charlotte St & Boston Rd,8167,E 165 St & Clay Ave,8052,40.8358771,-73.8931428,40.82809,-73.91288,member
2264995,38F2FBD9782EF5E7,electric_bike,2021-08-27 20:34:59,2021-08-27 21:20:06,E 88 St & 1 Ave,7235,E 165 St & Clay Ave,8052,40.778301,-73.9488134,40.82809,-73.91288,casual
2265052,FB96FA29CCB68413,classic_bike,2021-08-27 22:05:41,2021-08-27 22:08:48,E 169 St & Webster Ave,8122,E 165 St & Clay Ave,8052,40.834015,-73.908863,40.82809,-73.91288,member
2265074,BE35D241AC5B58EA,electric_bike,2021-08-27 13:01:43,2021-08-27 14:06:38,Lenox Ave & W 140 St,7872,E 165 St & Clay Ave,8052,40.817245,-73.938787,40.82809,-73.91288,casual
2265391,3A63DD6279605343,electric_bike,2021-08-13 15:18:02,2021-08-13 15:54:18,E 97 St & Madison Ave,7393,E 165 St & Clay Ave,8052,40.787801,-73.953559,40.82809,-73.91288,casual
2265507,BD946C07807CAD25,electric_bike,2021-08-14 21:36:44,2021-08-14 22:21:39,Grand Ave & W 181 St,8500,E 165 St & Clay Ave,8052,40.856302,-73.907302,40.82809,-73.91288,member
2265578,F1B23FCC1CE38E6C,electric_bike,2021-08-03 17:32:30,2021-08-03 17:52:17,Morris Ave & E 163 St,8036,E 165 St & Clay Ave,8052,40.827230499624726,-73.91765579597632,40.82809,-73.91288,casual
2266007,6724CC70FB6B7BBE,electric_bike,2021-08-12 15:17:28,2021-08-12 16:04:23,E 97 St & Madison Ave,7393,E 165 St & Clay Ave,8052,40.787801,-73.953559,40.82809,-73.91288,casual
2266149,F282FD9C69B002B6,electric_bike,2021-08-07 23:52:28,2021-08-07 23:57:23,Cauldwell Ave & E 161 St,7952,E 165 St & Clay Ave,8052,40.82188,-73.907521,40.82809,-73.91288,member
2266831,0693AF7D2EE69DA3,classic_bike,2021-08-19 19:42:26,2021-08-19 19:56:00,Brook Ave & E 138 St,7707,E 165 St & Clay Ave,8052,40.807408,-73.91924,40.82809,-73.91288,casual
2267577,391E1474DBCAD192,electric_bike,2021-08-08 21:04:06,2021-08-08 21:09:27,Courtlandt Ave & E 157 St,7979,E 165 St & Clay Ave,8052,40.822267,-73.916792,40.82809,-73.91288,member
2267823,6F27427B5F39C623,classic_bike,2021-08-17 17:48:16,2021-08-17 18:02:49,Jerome Ave & Ogden Ave,8081,E 165 St & Clay Ave,8052,40.829797,-73.931015,40.82809,-73.91288,casual
2267991,0C2117AA7EE1E624,electric_bike,2021-08-20 06:21:40,2021-08-20 06:23:38,E 165 St & Clay Ave,8052,E 165 St & Clay Ave,8052,40.82809,-73.91288,40.82809,-73.91288,casual
2268159,AB5C853108847CDC,electric_bike,2021-08-07 15:00:32,2021-08-07 15:09:39,E 165 St & Clay Ave,8052,E 165 St & Clay Ave,8052,40.82809,-73.91288,40.82809,-73.91288,member
2268160,CCFA2CB1C6EFFBD8,electric_bike,2021-08-07 14:49:59,2021-08-07 14:54:33,E 165 St & Clay Ave,8052,E 165 St & Clay Ave,8052,40.82809,-73.91288,40.82809,-73.91288,member
2268170,1EA3AF8A2389B8FA,classic_bike,2021-08-12 21:29:08,2021-08-12 21:58:13,E 165 St & Clay Ave,8052,E 165 St & Clay Ave,8052,40.82809,-73.91288,40.82809,-73.91288,casual
2268275,432CF26F5824DBA1,classic_bike,2021-08-02 15:04:17,2021-08-02 15:43:02,Morris Ave & E 163 St,8036,E 165 St & Clay Ave,8052,40.827230499624726,-73.91765579597632,40.82809,-73.91288,casual
2268546,8832A06E811F660F,electric_bike,2021-08-31 21:16:21,2021-08-31 21:57:12,E 165 St & Clay Ave,8052,E 165 St & Clay Ave,8052,40.82809,-73.91288,40.82809,-73.91288,member
2268583,483F45D2DB233B72,classic_bike,2021-08-01 14:02:15,2021-08-01 14:11:23,E 165 St & Clay Ave,8052,E 165 St & Clay Ave,8052,40.82809,-73.91288,40.82809,-73.91288,casual
2268667,5BF78BA1932B0754,classic_bike,2021-08-21 10:05:59,2021-08-21 10:09:18,Webster Ave & E 166 St,8052,E 165 St & Clay Ave,8052,40.828975,-73.911259,40.82809,-73.91288,member
2268887,573D5E108FD27C1D,electric_bike,2021-08-17 16:04:25,2021-08-17 17:04:21,Washington Ave & E 163 St,7995,E 165 St & Clay Ave,8052,40.824,-73.91089,40.82809,-73.91288,casual
2269059,0E0E7D291F76E093,electric_bike,2021-08-26 15:24:59,2021-08-26 16:22:47,E 98 St & Park Ave,7443,E 165 St & Clay Ave,8052,40.78813,-73.95206,40.82809,-73.91288,casual
2269065,3B67056E7DD8E89E,electric_bike,2021-08-09 15:24:32,2021-08-09 16:08:32,E 98 St & Park Ave,7443,E 165 St & Clay Ave,8052,40.78813,-73.95206,40.82809,-73.91288,casual
2269123,F4B4DE7F093DB9BB,electric_bike,2021-08-17 18:27:11,2021-08-17 18:44:11,Courtlandt Ave & E 157 St,7979,E 165 St & Clay Ave,8052,40.822267,-73.916792,40.82809,-73.91288,casual
2269254,28380D8C30C6DD09,electric_bike,2021-08-19 21:01:14,2021-08-19 22:03:30,E 161 St & River Ave,8041,E 165 St & Clay Ave,8052,40.827883,-73.927111,40.82809,-73.91288,member
2269362,ED19EF9A6DE6F070,classic_bike,2021-08-17 19:47:21,2021-08-17 19:51:05,E 165 St & Clay Ave,8052,E 165 St & Clay Ave,8052,40.82809,-73.91288,40.82809,-73.91288,member
2269374,839E6C6C616105EF,electric_bike,2021-08-13 00:45:38,2021-08-13 00:52:01,E 165 St & Clay Ave,8052,E 165 St & Clay Ave,8052,40.82809,-73.91288,40.82809,-73.91288,casual
2269388,75B5AEA32C299876,classic_bike,2021-08-30 15:42:04,2021-08-30 15:45:30,Washington Ave & E 163 St,7995,E 165 St & Clay Ave,8052,40.824,-73.91089,40.82809,-73.91288,member
2269473,6DC9F0D547644D4C,classic_bike,2021-08-01 03:17:27,2021-08-01 03:20:38,Grand Concourse & E 166 St,8092,E 165 St & Clay Ave,8052,40.83196,-73.91956,40.82809,-73.91288,member
2269597,0902A1B14B367E72,classic_bike,2021-08-15 15:42:22,2021-08-15 15:47:28,Washington Ave & E 163 St,7995,E 165 St & Clay Ave,8052,40.824,-73.91089,40.82809,-73.91288,member
2269707,2D2424A66381CB11,electric_bike,2021-08-29 19:30:40,2021-08-29 19:40:47,River Ave & E 151 St,7967,E 165 St & Clay Ave,8052,40.822217,-73.928939,40.82809,-73.91288,member
2270085,D4868C7B69C3DBC8,classic_bike,2021-08-24 22:42:43,2021-08-24 22:50:28,St Ann's Ave & Westchester Ave,7835,E 165 St & Clay Ave,8052,40.815887,-73.911918,40.82809,-73.91288,casual
2270230,5154163EC574EED8,electric_bike,2021-08-23 17:25:01,2021-08-23 18:34:07,Melrose Ave & E 154 St,7918,E 165 St & Clay Ave,8052,40.819609,-73.916071,40.82809,-73.91288,casual
2270480,482CE28B31B0EA3C,electric_bike,2021-08-02 16:32:46,2021-08-02 17:14:05,E 165 St & Clay Ave,8052,E 165 St & Clay Ave,8052,40.82809,-73.91288,40.82809,-73.91288,casual
2270531,C2CD12689D9E93EB,electric_bike,2021-08-26 07:15:55,2021-08-26 07:55:41,W 148 St & Amsterdam Ave,8033,E 165 St & Clay Ave,8052,40.827075,-73.945909,40.82809,-73.91288,member
2270674,DA4CA1BD4A138AD8,electric_bike,2021-08-31 15:54:38,2021-08-31 15:59:39,Melrose Ave & E 154 St,7918,E 165 St & Clay Ave,8052,40.819609,-73.916071,40.82809,-73.91288,casual
2270764,D3047805E80AF4F4,classic_bike,2021-08-17 18:54:47,2021-08-17 19:28:39,E 165 St & Clay Ave,8052,E 165 St & Clay Ave,8052,40.82809,-73.91288,40.82809,-73.91288,casual
2270900,EA7F9A0920761646,classic_bike,2021-08-26 16:33:38,2021-08-26 16:43:22,E 171 St & Webster Ave,8190,E 165 St & Clay Ave,8052,40.838379,-73.905838,40.82809,-73.91288,casual
2271186,ED7808ED8AA103A4,classic_bike,2021-08-22 19:37:13,2021-08-22 19:37:16,E 165 St & Clay Ave,8052,E 165 St & Clay Ave,8052,40.82809,-73.91288,40.82809,-73.91288,member
2271448,080D27D0FCF5F6B9,classic_bike,2021-08-21 18:59:53,2021-08-21 19:04:05,Melrose Ave & E 154 St,7918,E 165 St & Clay Ave,8052,40.819609,-73.916071,40.82809,-73.91288,casual
2271645,C02E2A316134D999,electric_bike,2021-08-10 08:46:23,2021-08-10 09:00:59,E 165 St & Clay Ave,8052,W 169 St & Fort Washington Ave,8282,40.82809,-73.91288,40.8428422,-73.9421253,member
2271888,0070F728DF76BD35,electric_bike,2021-08-01 14:12:31,2021-08-01 14:18:25,E 169 St & Webster Ave,8122,E 165 St & Clay Ave,8052,40.834015,-73.908863,40.82809,-73.91288,member
2271896,F8A09611FE3A653D,classic_bike,2021-08-31 18:52:53,2021-08-31 19:03:23,E 169 St & Webster Ave,8122,E 165 St & Clay Ave,8052,40.834015,-73.908863,40.82809,-73.91288,casual
2271902,490A50C204EAFB26,electric_bike,2021-08-30 09:14:09,2021-08-30 09:24:08,Willis Ave & E 141 St,7759,E 165 St & Clay Ave,8052,40.81093,-73.921606,40.82809,-73.91288,casual
2271964,48998C4259756E06,classic_bike,2021-08-12 18:03:39,2021-08-12 18:14:45,E 149 St & Morris Ave,7863,E 165 St & Clay Ave,8052,40.81734,-73.922962,40.82809,-73.91288,member
2272021,9683DB839DB82B59,electric_bike,2021-08-18 03:53:10,2021-08-18 04:43:23,Hamilton Pl & W 138 St,7920,E 165 St & Clay Ave,8052,40.821728,-73.952761,40.82809,-73.91288,member
2272138,AE203CF82705EFC1,electric_bike,2021-08-02 18:10:23,2021-08-02 18:17:25,Boston Rd & Prospect Ave,8133,E 165 St & Clay Ave,8052,40.833246,-73.896599,40.82809,-73.91288,member
2272169,B5D955A0BDA84B63,electric_bike,2021-08-13 19:56:48,2021-08-13 20:09:27,Union Ave & E 169 St,8064,E 165 St & Clay Ave,8052,40.82995,-73.898802,40.82809,-73.91288,casual
2272499,874E6F267DEC3A9B,electric_bike,2021-08-13 19:38:47,2021-08-13 19:48:03,E 161 St & River Ave,8041,E 165 St & Clay Ave,8052,40.827883,-73.927111,40.82809,-73.91288,member
2272500,7B33A7FA2AD2BCF8,electric_bike,2021-08-12 23:49:18,2021-08-13 00:45:35,E 161 St & River Ave,8041,E 165 St & Clay Ave,8052,40.827883,-73.927111,40.82809,-73.91288,member
2272518,9F5FD1A30EDF9BC3,classic_bike,2021-08-02 09:27:31,2021-08-02 09:30:50,Washington Ave & E 167 St,8068,E 165 St & Clay Ave,8052,40.829896,-73.907618,40.82809,-73.91288,member
2272635,340180EE0E9F89E9,classic_bike,2021-08-27 13:27:13,2021-08-27 13:44:01,Waterloo Pl & Crotona Park East,8216,E 165 St & Clay Ave,8052,40.839194,-73.888587,40.82809,-73.91288,casual
2272786,5D387885353C8207,classic_bike,2021-08-09 16:03:59,2021-08-09 16:09:10,3 Ave & E 163 St,7974,E 165 St & Clay Ave,8052,40.823872,-73.908699,40.82809,-73.91288,member
2272932,0865F782A7A6A38F,classic_bike,2021-08-27 15:50:19,2021-08-27 15:56:42,Fulton Ave & E 168 St,8084,E 165 St & Clay Ave,8052,40.830471,-73.904556,40.82809,-73.91288,member
2273059,303FE78407BADAFA,electric_bike,2021-08-20 16:59:19,2021-08-20 16:59:49,E 165 St & Clay Ave,8052,E 165 St & Clay Ave,8052,40.82809,-73.91288,40.82809,-73.91288,member
2273213,3ED0B0A42FC5D681,electric_bike,2021-08-11 18:31:02,2021-08-11 18:42:07,Lafayette Ave & Hunts Point Ave,7883,E 165 St & Clay Ave,8052,40.816567,-73.888161,40.82809,-73.91288,member
2273384,F916C49C186F62F3,electric_bike,2021-08-25 04:49:49,2021-08-25 04:58:02,Prospect Ave & E 167 St,8008,E 165 St & Clay Ave,8052,40.826303,-73.898751,40.82809,-73.91288,member
2273952,E9817EC7A4D79E6A,classic_bike,2021-08-12 06:20:02,2021-08-12 06:20:08,E 165 St & Clay Ave,8052,E 165 St & Clay Ave,8052,40.82809,-73.91288,40.82809,-73.91288,casual
2274102,B68091DEDF4FBC99,classic_bike,2021-08-20 12:08:25,2021-08-20 12:14:56,E 165 St & Clay Ave,8052,E 165 St & Clay Ave,8052,40.82809,-73.91288,40.82809,-73.91288,casual
2274103,A9F582EC98B76F56,electric_bike,2021-08-20 12:06:44,2021-08-20 12:07:53,E 165 St & Clay Ave,8052,E 165 St & Clay Ave,8052,40.82809,-73.91288,40.82809,-73.91288,casual
2274299,72979ED45F16658A,classic_bike,2021-08-04 13:45:24,2021-08-04 13:45:37,E 165 St & Clay Ave,8052,E 165 St & Clay Ave,8052,40.82809,-73.91288,40.82809,-73.91288,casual
2274541,865135FBEC7731AA,classic_bike,2021-08-16 21:39:09,2021-08-16 21:39:19,E 165 St & Clay Ave,8052,E 165 St & Clay Ave,8052,40.82809,-73.91288,40.82809,-73.91288,member
2274692,E8EEAE4274D6BBA8,electric_bike,2021-08-07 23:31:55,2021-08-07 23:57:57,E 165 St & Clay Ave,8052,E 165 St & Clay Ave,8052,40.82809,-73.91288,40.82809,-73.91288,member
2274766,7839AE35E616FBC9,classic_bike,2021-08-16 19:19:54,2021-08-16 19:45:30,E 165 St & Clay Ave,8052,E 165 St & Clay Ave,8052,40.82809,-73.91288,40.82809,-73.91288,casual
2275071,5C5424DEA4371E47,electric_bike,2021-08-17 12:49:10,2021-08-17 13:02:51,Beck St & Leggett Ave,7807,E 165 St & Clay Ave,8052,40.815077,-73.899939,40.82809,-73.91288,member
2275120,843127E33BFC9FF9,classic_bike,2021-08-03 20:31:07,2021-08-03 20:34:38,Park Ave & E 162 St,8016,E 165 St & Clay Ave,8052,40.825716,-73.915585,40.82809,-73.91288,casual
2275161,8A3DA0B5A836AC3E,classic_bike,2021-08-10 12:18:44,2021-08-10 12:54:39,Beck St & Leggett Ave,7807,E 165 St & Clay Ave,8052,40.815077,-73.899939,40.82809,-73.91288,member
2275287,D542FF7BD85E1964,classic_bike,2021-08-30 09:37:42,2021-08-30 09:38:41,Webster Ave & E 166 St,8052,E 165 St & Clay Ave,8052,40.828975,-73.911259,40.82809,-73.91288,casual
2275390,F8199A7B97EB69DA,electric_bike,2021-08-11 16:55:41,2021-08-11 17:01:27,Gerard Ave & McClellan St,8145,E 165 St & Clay Ave,8052,40.833909,-73.92112,40.82809,-73.91288,member
2275461,19FA8AD66CEEE661,electric_bike,2021-08-05 23:20:38,2021-08-06 00:14:07,E 118 St & 3 Ave,7611,E 165 St & Clay Ave,8052,40.799139,-73.9389152,40.82809,-73.91288,casual
2275626,A3085B2E0DC9BC24,electric_bike,2021-08-11 09:11:15,2021-08-11 09:53:36,Broadway & W 142 St,7981,E 165 St & Clay Ave,8052,40.824686,-73.951947,40.82809,-73.91288,member
2275627,C367D2E49E5F0E47,electric_bike,2021-08-16 02:56:43,2021-08-16 03:44:38,W 148 St & Amsterdam Ave,8033,E 165 St & Clay Ave,8052,40.827075,-73.945909,40.82809,-73.91288,member
2275749,5CE0EB0911973326,classic_bike,2021-08-29 18:22:22,2021-08-29 18:25:50,Grand Concourse & E 167 St,8126,E 165 St & Clay Ave,8052,40.834263,-73.917641,40.82809,-73.91288,member
2275755,FFCC3B0EE81A8C86,electric_bike,2021-08-20 22:52:17,2021-08-20 23:06:00,Gerard Ave & E 146 St,7868,E 165 St & Clay Ave,8052,40.817755,-73.92965,40.82809,-73.91288,member
2275983,7241D201499BA425,electric_bike,2021-08-01 10:12:49,2021-08-01 10:26:30,W 155 St & Frederick Douglass Blvd,8065,E 165 St & Clay Ave,8052,40.82923,-73.936996,40.82809,-73.91288,member
2276478,0046FA7C73CD3FC3,electric_bike,2021-08-25 14:42:56,2021-08-25 14:59:35,E 165 St & Clay Ave,8052,E 165 St & Clay Ave,8052,40.82809,-73.91288,40.82809,-73.91288,casual
2276864,B03B732EAC45081B,classic_bike,2021-08-03 16:09:14,2021-08-03 16:12:30,E 165 St & Clay Ave,8052,E 165 St & Clay Ave,8052,40.82809,-73.91288,40.82809,-73.91288,member
2276977,68A320D85ACA3AB2,classic_bike,2021-08-07 23:38:21,2021-08-07 23:58:07,Park Ave & E 162 St,8016,E 165 St & Clay Ave,8052,40.825716,-73.915585,40.82809,-73.91288,member
2277485,45DBC233B6080882,classic_bike,2021-08-20 11:07:47,2021-08-20 11:13:52,Grand Concourse & E 161 St,8021,E 165 St & Clay Ave,8052,40.82713380423556,-73.9227358996868,40.82809,-73.91288,member
2277838,20A76E4B46DEAEA0,classic_bike,2021-08-15 10:47:47,2021-08-15 11:14:22,E 132 St & Madison Ave,7748,E 165 St & Clay Ave,8052,40.810224,-73.937195,40.82809,-73.91288,casual
2279330,E3CE944CE1F05F36,electric_bike,2021-08-05 16:42:54,2021-08-05 16:48:37,Grand Concourse & E 161 St,8021,E 165 St & Clay Ave,8052,40.82713380423556,-73.9227358996868,40.82809,-73.91288,member
2279334,8095FB6A01FB6106,electric_bike,2021-08-17 14:30:04,2021-08-17 15:03:31,Grand Concourse & E 161 St,8021,E 165 St & Clay Ave,8052,40.82713380423556,-73.9227358996868,40.82809,-73.91288,member
2279413,51AAADA8CDB2DCAC,classic_bike,2021-08-29 08:44:41,2021-08-29 08:55:37,Willis Ave & E 137 St,7726,E 165 St & Clay Ave,8052,40.808384,-73.923604,40.82809,-73.91288,member
2279479,D9EC554B2FFCB205,electric_bike,2021-08-25 07:36:09,2021-08-25 07:38:55,Morris Ave & McClellan St,8107,E 165 St & Clay Ave,8052,40.831584,-73.9149,40.82809,-73.91288,member
2279484,AD4FA53259522BFB,electric_bike,2021-08-12 00:18:03,2021-08-12 00:27:37,Morris Ave & McClellan St,8107,E 165 St & Clay Ave,8052,40.831584,-73.9149,40.82809,-73.91288,member
2280340,A410222263AB0DE7,electric_bike,2021-08-02 15:46:38,2021-08-02 16:13:50,E 118 St & Madison Ave,7640,E 165 St & Clay Ave,8052,40.8014866,-73.9442507,40.82809,-73.91288,casual
2280353,E4B8F93429125718,electric_bike,2021-08-14 15:27:26,2021-08-14 15:52:47,E 118 St & Madison Ave,7640,E 165 St & Clay Ave,8052,40.8014866,-73.9442507,40.82809,-73.91288,casual
2280362,D85ADD09B257EC10,electric_bike,2021-08-02 12:47:35,2021-08-02 13:29:41,Amsterdam Ave & W 152 St,8069,E 165 St & Clay Ave,8052,40.829523,-73.944279,40.82809,-73.91288,member
2280363,CE23F5E117BED4D9,electric_bike,2021-08-02 08:03:33,2021-08-02 08:46:58,Amsterdam Ave & W 152 St,8069,E 165 St & Clay Ave,8052,40.829523,-73.944279,40.82809,-73.91288,member
2280364,9CC5B19730A3A867,electric_bike,2021-08-02 03:30:16,2021-08-02 04:10:36,Amsterdam Ave & W 152 St,8069,E 165 St & Clay Ave,8052,40.829523,-73.944279,40.82809,-73.91288,member
2280365,605E81C3B1989DD5,electric_bike,2021-08-26 03:32:46,2021-08-26 03:58:36,Amsterdam Ave & W 152 St,8069,E 165 St & Clay Ave,8052,40.829523,-73.944279,40.82809,-73.91288,member
2280393,F6C3A9897C6B85B8,classic_bike,2021-08-28 00:10:12,2021-08-28 00:25:41,Creston Ave & E 178 St,8379,E 165 St & Clay Ave,8052,40.850885,-73.906469,40.82809,-73.91288,casual
2280531,80D49070AC05C58F,electric_bike,2021-08-09 03:25:45,2021-08-09 03:48:58,Amsterdam Ave & W 152 St,8069,E 165 St & Clay Ave,8052,40.829523,-73.944279,40.82809,-73.91288,member
2288429,45C170ACEFCED283,electric_bike,2021-08-15 16:54:38,2021-08-15 17:45:27,E 165 St & Clay Ave,8052,6 Ave & W 34 St,6364,40.82809,-73.91288,40.74964,-73.98805,member
2315054,870EC0F2743AC684,classic_bike,2021-08-12 21:21:03,2021-08-12 21:38:24,Webster Ave & E 166 St,8052,Tiebout Ave & E 184 St,8510,40.828975,-73.911259,40.858498,-73.89637,casual
2364892,A4ECA2670778FF58,electric_bike,2021-08-30 14:09:56,2021-08-30 14:25:47,Webster Ave & E 166 St,8052,Ogden Ave & W 164 St,8115,40.828975,-73.911259,40.832812,-73.929372,member
2389399,4C42D93B8DCB6A92,classic_bike,2021-08-15 13:16:00,2021-08-15 13:18:59,Webster Ave & E 166 St,8052,Park Ave & E 162 St,8016,40.828975,-73.911259,40.825716,-73.915585,member
2389520,D8FC9CD76CF9D0B3,classic_bike,2021-08-30 07:17:10,2021-08-30 07:19:59,Webster Ave & E 166 St,8052,Park Ave & E 162 St,8016,40.828975,-73.911259,40.825716,-73.915585,member
2389521,E7527BA25A75566B,classic_bike,2021-08-31 12:41:23,2021-08-31 12:47:08,Webster Ave & E 166 St,8052,Park Ave & E 162 St,8016,40.828975,-73.911259,40.825716,-73.915585,member
2393921,27BDF609884F6BAC,electric_bike,2021-08-02 20:40:23,2021-08-02 20:42:30,E 165 St & Clay Ave,8052,Park Ave & E 162 St,8016,40.82809,-73.91288,40.825716,-73.915585,member
2394918,EED1D7813B6AA183,electric_bike,2021-08-09 18:52:07,2021-08-09 18:54:12,E 165 St & Clay Ave,8052,Park Ave & E 162 St,8016,40.82809,-73.91288,40.825716,-73.915585,member
2395022,2CB36181AC53E9ED,electric_bike,2021-08-25 07:52:39,2021-08-25 07:54:55,E 165 St & Clay Ave,8052,Park Ave & E 162 St,8016,40.82809,-73.91288,40.825716,-73.915585,casual
2396180,4F57BD479639431F,classic_bike,2021-08-14 10:27:53,2021-08-14 10:30:38,E 165 St & Clay Ave,8052,Park Ave & E 162 St,8016,40.82809,-73.91288,40.825716,-73.915585,member
2396183,8277B452CFF432BE,electric_bike,2021-08-02 09:31:52,2021-08-02 09:33:11,E 165 St & Clay Ave,8052,Park Ave & E 162 St,8016,40.82809,-73.91288,40.825716,-73.915585,member
2397798,B3E9DB4A5749E4DF,classic_bike,2021-08-15 21:38:26,2021-08-15 21:41:01,E 165 St & Clay Ave,8052,Park Ave & E 162 St,8016,40.82809,-73.91288,40.825716,-73.915585,member
2398074,FD0A3E2337C0EFD8,classic_bike,2021-08-07 23:33:02,2021-08-07 23:37:15,E 165 St & Clay Ave,8052,Park Ave & E 162 St,8016,40.82809,-73.91288,40.825716,-73.915585,member
2399453,24CB17A2E7BE2AF0,electric_bike,2021-08-08 13:49:34,2021-08-08 14:29:47,E 165 St & Clay Ave,8052,Park Ave & E 162 St,8016,40.82809,-73.91288,40.825716,-73.915585,member
2402119,E44F5AD2B3C6BDB3,electric_bike,2021-08-11 17:20:39,2021-08-11 17:22:23,E 165 St & Clay Ave,8052,Park Ave & E 162 St,8016,40.82809,-73.91288,40.825716,-73.915585,member
2452393,53BC4CD456D80AA4,electric_bike,2021-08-31 03:26:28,2021-08-31 03:38:35,Webster Ave & E 166 St,8052,Ogden Ave & W 165 St,8149,40.828975,-73.911259,40.834457,-73.928381,member
2454933,B756B6896D12C807,classic_bike,2021-08-29 11:49:24,2021-08-29 11:59:50,Webster Ave & E 166 St,8052,E 169 St & Fox St,8024,40.828975,-73.911259,40.827184,-73.893721,casual
2467072,697F0C79E6E0653A,electric_bike,2021-08-02 06:19:19,2021-08-02 06:41:50,E 165 St & Clay Ave,8052,Madison Ave & E 99 St,7443,40.82809,-73.91288,40.78948541553215,-73.95242929458618,casual
2467117,177752158E7CDCA0,electric_bike,2021-08-30 23:32:39,2021-08-30 23:50:13,E 165 St & Clay Ave,8052,Melrose Ave & E 154 St,7918,40.82809,-73.91288,40.819609,-73.916071,casual
2468276,E00B7267F5041D12,electric_bike,2021-08-27 15:57:36,2021-08-27 16:02:42,E 165 St & Clay Ave,8052,Melrose Ave & E 154 St,7918,40.82809,-73.91288,40.819609,-73.916071,member
2468507,3660918E3A505A47,classic_bike,2021-08-17 17:06:29,2021-08-17 17:13:57,Webster Ave & E 166 St,8052,Melrose Ave & E 154 St,7918,40.828975,-73.911259,40.819609,-73.916071,casual
2468998,07D91173E9BD90B5,electric_bike,2021-08-07 06:16:17,2021-08-07 06:41:44,E 165 St & Clay Ave,8052,Madison Ave & E 99 St,7443,40.82809,-73.91288,40.78948541553215,-73.95242929458618,casual
2473474,62D690F84E64456C,classic_bike,2021-08-21 14:13:15,2021-08-21 14:17:57,Webster Ave & E 166 St,8052,Melrose Ave & E 154 St,7918,40.828975,-73.911259,40.819609,-73.916071,casual
2473907,5898C0D9E67FDC3A,electric_bike,2021-08-30 02:29:33,2021-08-30 02:42:52,Webster Ave & E 166 St,8052,Frederick Douglass Blvd & W 145 St,7954,40.828975,-73.911259,40.823061,-73.941928,member
2474174,2385D3CEF7CAF58D,electric_bike,2021-08-14 13:06:18,2021-08-14 13:19:47,E 165 St & Clay Ave,8052,Frederick Douglass Blvd & W 145 St,7954,40.82809,-73.91288,40.823061,-73.941928,member
2474176,E434053B85511FC4,electric_bike,2021-08-16 06:21:43,2021-08-16 06:43:13,E 165 St & Clay Ave,8052,Madison Ave & E 99 St,7443,40.82809,-73.91288,40.78948541553215,-73.95242929458618,casual
2474583,D47271DB2488538E,classic_bike,2021-08-15 15:55:18,2021-08-15 16:02:29,E 165 St & Clay Ave,8052,Melrose Ave & E 154 St,7918,40.82809,-73.91288,40.819609,-73.916071,casual
2479675,7A3D6AFF56EAEB51,classic_bike,2021-08-11 17:45:35,2021-08-11 17:55:36,Webster Ave & E 166 St,8052,River Ave & McClellan St,8111,40.828975,-73.911259,40.83406,-73.92243,member
2482430,612F03279D7EC8C3,electric_bike,2021-08-12 16:28:48,2021-08-12 16:35:04,E 165 St & Clay Ave,8052,River Ave & McClellan St,8111,40.82809,-73.91288,40.83406,-73.92243,member
2482431,E934B1F5AC4E2D28,electric_bike,2021-08-16 15:33:41,2021-08-16 15:41:48,E 165 St & Clay Ave,8052,River Ave & McClellan St,8111,40.82809,-73.91288,40.83406,-73.92243,member
2488079,89BD0BF6F8A03BB0,electric_bike,2021-08-18 18:57:36,2021-08-18 19:16:37,E 165 St & Clay Ave,8052,Audubon Ave & Fort George Ave,8491,40.82809,-73.91288,40.85715781391904,-73.92717361450195,casual
2541641,2CA8947CDB5AD63C,electric_bike,2021-08-19 18:09:36,2021-08-19 18:38:08,E 165 St & Clay Ave,8052,Columbus Ave & W 103 St,7595,40.82809,-73.91288,40.7969347,-73.9643412291,member
2556658,A5974CB567038D6B,classic_bike,2021-08-29 05:52:33,2021-08-29 06:23:10,E 165 St & Clay Ave,8052,E 138 St & Grand Concourse,7803,40.82809,-73.91288,40.813224,-73.930605,casual
2598929,751E78CF4A4CFF84,electric_bike,2021-08-01 09:14:25,2021-08-01 09:26:52,E 165 St & Clay Ave,8052,Waterloo Pl & Crotona Park East,8216,40.82809,-73.91288,40.839194,-73.888587,casual
2605967,492CCCEA7522863A,electric_bike,2021-08-25 15:43:17,2021-08-25 15:55:06,E 165 St & Clay Ave,8052,Edgecombe Ave & W 145 St,7976,40.82809,-73.91288,40.823498,-73.94386,casual
2606540,4CEFA31DE22A02D6,electric_bike,2021-08-22 18:57:34,2021-08-22 19:07:42,Webster Ave & E 166 St,8052,Waterloo Pl & Crotona Park East,8216,40.828975,-73.911259,40.839194,-73.888587,casual
2615289,13A01063A9B2DE15,classic_bike,2021-08-23 12:40:43,2021-08-23 12:59:59,E 165 St & Clay Ave,8052,Waterloo Pl & Crotona Park East,8216,40.82809,-73.91288,40.839194,-73.888587,casual
2620850,07EE58F3977C613B,classic_bike,2021-08-12 18:16:37,2021-08-12 18:27:33,Webster Ave & E 166 St,8052,3 Ave & E 170 St,8137,40.828975,-73.911259,40.834857,-73.903743,member
2622811,8060C674F374702D,classic_bike,2021-08-21 13:04:44,2021-08-21 13:19:59,Webster Ave & E 166 St,8052,3 Ave & E 170 St,8137,40.828975,-73.911259,40.834857,-73.903743,member
2628428,0F1BE412FB64F550,electric_bike,2021-08-18 17:45:00,2021-08-18 17:52:39,E 165 St & Clay Ave,8052,3 Ave & E 170 St,8137,40.82809,-73.91288,40.834857,-73.903743,member
2628455,8B3AD4501066DBB2,classic_bike,2021-08-29 23:00:29,2021-08-29 23:06:56,E 165 St & Clay Ave,8052,3 Ave & E 170 St,8137,40.82809,-73.91288,40.834857,-73.903743,casual
2631630,37C774339B138AF6,electric_bike,2021-08-02 02:44:27,2021-08-02 02:54:18,E 165 St & Clay Ave,8052,3 Ave & E 170 St,8137,40.82809,-73.91288,40.834857,-73.903743,member
2632093,3F90D110A1125FEC,electric_bike,2021-08-02 18:05:59,2021-08-02 18:13:30,E 165 St & Clay Ave,8052,Jerome Ave & Ogden Ave,8081,40.82809,-73.91288,40.829797,-73.931015,casual
2632106,7323E33767F9D87A,electric_bike,2021-08-31 22:09:33,2021-08-31 22:12:32,E 165 St & Clay Ave,8052,Courtlandt Ave & E 157 St,7979,40.82809,-73.91288,40.822267,-73.916792,member
2643889,3C2B28C84748A1D5,classic_bike,2021-08-20 06:24:30,2021-08-20 06:33:36,E 165 St & Clay Ave,8052,Courtlandt Ave & E 157 St,7979,40.82809,-73.91288,40.822267,-73.916792,casual
2644106,AB6C804EB7C66912,classic_bike,2021-08-21 06:20:49,2021-08-21 06:30:58,E 165 St & Clay Ave,8052,Courtlandt Ave & E 157 St,7979,40.82809,-73.91288,40.822267,-73.916792,casual
2644487,9F0081FC0FE9CE93,electric_bike,2021-08-31 16:27:28,2021-08-31 16:31:06,E 165 St & Clay Ave,8052,Courtlandt Ave & E 157 St,7979,40.82809,-73.91288,40.822267,-73.916792,member
2644488,7EF4BDF4101A1940,electric_bike,2021-08-13 22:25:17,2021-08-13 22:29:12,E 165 St & Clay Ave,8052,Courtlandt Ave & E 157 St,7979,40.82809,-73.91288,40.822267,-73.916792,member
2645599,68AFA9602AEEF3CC,electric_bike,2021-08-08 21:53:19,2021-08-08 22:00:18,E 165 St & Clay Ave,8052,Courtlandt Ave & E 157 St,7979,40.82809,-73.91288,40.822267,-73.916792,member
2646855,A299EBA2BF65886F,classic_bike,2021-08-14 12:44:15,2021-08-14 12:49:17,E 165 St & Clay Ave,8052,Courtlandt Ave & E 157 St,7979,40.82809,-73.91288,40.822267,-73.916792,member
2647452,25C089838CB3ECE6,electric_bike,2021-08-09 16:09:58,2021-08-09 16:18:09,E 165 St & Clay Ave,8052,Ogden Ave & Merriam Ave,8218,40.82809,-73.91288,40.839142,-73.925961,member
2656257,0A862AE6FB0C8B1E,electric_bike,2021-08-28 00:11:54,2021-08-28 00:53:25,E 165 St & Clay Ave,8052,Morris Ave & E 163 St,8036,40.82809,-73.91288,40.827230499624726,-73.91765579597632,casual
2663225,3B64075FD4F3635F,classic_bike,2021-08-30 16:45:40,2021-08-30 16:52:08,Webster Ave & E 166 St,8052,Morris Ave & E 163 St,8036,40.828975,-73.911259,40.827230499624726,-73.91765579597632,casual
2663228,98A39E8E2E72B366,electric_bike,2021-08-27 18:28:08,2021-08-27 18:33:26,Webster Ave & E 166 St,8052,Morris Ave & E 163 St,8036,40.828975,-73.911259,40.827230499624726,-73.91765579597632,casual
2667561,DA3AE4D44CBB328F,classic_bike,2021-08-03 17:25:36,2021-08-03 17:31:40,E 165 St & Clay Ave,8052,Morris Ave & E 163 St,8036,40.82809,-73.91288,40.827230499624726,-73.91765579597632,casual
2667565,C2B4BF7933C0D768,classic_bike,2021-08-14 21:55:57,2021-08-14 22:09:55,E 165 St & Clay Ave,8052,Morris Ave & E 163 St,8036,40.82809,-73.91288,40.827230499624726,-73.91765579597632,casual
2667588,F1CC1A52439834B7,classic_bike,2021-08-13 17:41:44,2021-08-13 17:44:59,E 165 St & Clay Ave,8052,Morris Ave & E 163 St,8036,40.82809,-73.91288,40.827230499624726,-73.91765579597632,member
2667604,D5C0AE30B7C687EE,classic_bike,2021-08-13 06:16:14,2021-08-13 06:20:26,E 165 St & Clay Ave,8052,Morris Ave & E 163 St,8036,40.82809,-73.91288,40.827230499624726,-73.91765579597632,casual
2671913,08D5E7BB275C221A,classic_bike,2021-08-26 23:49:54,2021-08-27 00:35:19,E 165 St & Clay Ave,8052,Morris Ave & E 163 St,8036,40.82809,-73.91288,40.827230499624726,-73.91765579597632,casual
2671922,E46832E2592C4C19,classic_bike,2021-08-12 06:21:02,2021-08-12 06:25:39,E 165 St & Clay Ave,8052,Morris Ave & E 163 St,8036,40.82809,-73.91288,40.827230499624726,-73.91765579597632,casual
2672663,196BAD36334D7706,classic_bike,2021-08-30 11:35:31,2021-08-30 11:39:47,E 165 St & Clay Ave,8052,Morris Ave & E 163 St,8036,40.82809,-73.91288,40.827230499624726,-73.91765579597632,member
2685874,48676D32C59369A2,electric_bike,2021-08-31 05:42:03,2021-08-31 05:45:25,Webster Ave & E 166 St,8052,Washington Ave & E 163 St,7995,40.828975,-73.911259,40.824,-73.91089,casual
2692181,8800C9ECB1AF52F6,classic_bike,2021-08-15 17:30:15,2021-08-15 17:36:32,Webster Ave & E 166 St,8052,Washington Ave & E 163 St,7995,40.828975,-73.911259,40.824,-73.91089,casual
2697554,5F6CDE76C16AD000,classic_bike,2021-08-06 19:12:10,2021-08-06 19:21:11,Webster Ave & E 166 St,8052,Washington Ave & E 163 St,7995,40.828975,-73.911259,40.824,-73.91089,casual
2699729,8B9D22E15E962081,classic_bike,2021-08-14 14:29:25,2021-08-14 14:33:56,E 165 St & Clay Ave,8052,Washington Ave & E 163 St,7995,40.82809,-73.91288,40.824,-73.91089,casual
2701224,6AA883D20EEC52D8,classic_bike,2021-08-28 00:27:38,2021-08-28 00:29:29,E 165 St & Clay Ave,8052,Washington Ave & E 163 St,7995,40.82809,-73.91288,40.824,-73.91089,casual
2701761,50954149EBABC874,electric_bike,2021-08-09 20:54:58,2021-08-09 21:00:15,E 165 St & Clay Ave,8052,Washington Ave & E 163 St,7995,40.82809,-73.91288,40.824,-73.91089,casual
2708173,DD335846211B4F2E,electric_bike,2021-08-18 19:19:02,2021-08-18 19:33:49,E 165 St & Clay Ave,8052,2 Ave & E 122 St,7622,40.82809,-73.91288,40.8006721,-73.9349,casual
2717671,77FFEC4FC9DED8C5,electric_bike,2021-08-05 16:41:09,2021-08-05 16:55:56,E 165 St & Clay Ave,8052,Alexander Ave & E 134 St,7712,40.82809,-73.91288,40.807466,-73.927107,member
2748757,6780B0E894B59F3D,electric_bike,2021-08-10 17:46:53,2021-08-10 17:57:38,E 165 St & Clay Ave,8052,Lenox Ave & W 140 St,7872,40.82809,-73.91288,40.817245,-73.938787,member
2789019,72E0972E1D839524,electric_bike,2021-08-24 05:06:59,2021-08-24 05:09:00,E 165 St & Clay Ave,8052,Sherman Ave & E 166 St,8072,40.82809,-73.91288,40.83130549267296,-73.91744792461395,member
2789039,D15D4DC41D71EB88,electric_bike,2021-08-27 15:20:57,2021-08-27 15:23:32,E 165 St & Clay Ave,8052,Sherman Ave & E 166 St,8072,40.82809,-73.91288,40.83130549267296,-73.91744792461395,member
2790990,C33697707165A266,electric_bike,2021-08-13 16:40:12,2021-08-13 17:00:09,E 165 St & Clay Ave,8052,Sherman Ave & E 166 St,8072,40.82809,-73.91288,40.83130549267296,-73.91744792461395,casual
2791389,0B532207711FDF3A,electric_bike,2021-08-05 12:47:03,2021-08-05 12:49:19,E 165 St & Clay Ave,8052,Sherman Ave & E 166 St,8072,40.82809,-73.91288,40.83130549267296,-73.91744792461395,member
2791390,2EC17F49E47D360E,electric_bike,2021-08-06 05:21:18,2021-08-06 05:23:18,E 165 St & Clay Ave,8052,Sherman Ave & E 166 St,8072,40.82809,-73.91288,40.83130549267296,-73.91744792461395,member
2792526,661A53E514058F74,electric_bike,2021-08-23 05:04:50,2021-08-23 05:07:02,E 165 St & Clay Ave,8052,Sherman Ave & E 166 St,8072,40.82809,-73.91288,40.83130549267296,-73.91744792461395,member
2853947,1BC49B9B245DB157,electric_bike,2021-08-27 20:20:44,2021-08-27 20:40:44,E 165 St & Clay Ave,8052,Creston Ave & E 181 St,8456,40.82809,-73.91288,40.8549,-73.90281,casual
2865126,DB2047135285F1BB,electric_bike,2021-08-13 13:37:01,2021-08-13 13:50:11,E 165 St & Clay Ave,8052,E Tremont Ave & E 176 St,8356,40.82809,-73.91288,40.847798,-73.901883,member
2866397,D1364D65BB34EA4A,classic_bike,2021-08-07 23:39:23,2021-08-07 23:52:44,Webster Ave & E 166 St,8052,E Tremont Ave & E 176 St,8356,40.828975,-73.911259,40.847798,-73.901883,member
2866463,E27056EB075B60C2,electric_bike,2021-08-07 10:55:17,2021-08-07 11:04:14,E 165 St & Clay Ave,8052,Walton Ave & E 153 St,7945,40.82809,-73.91288,40.822351,-73.926907,member
2873573,942B533ECE2C36F8,electric_bike,2021-08-29 01:06:50,2021-08-29 01:21:48,Webster Ave & E 166 St,8052,E Tremont Ave & E 176 St,8356,40.828975,-73.911259,40.847798,-73.901883,casual
2874638,111E475F12C03032,electric_bike,2021-08-31 19:53:49,2021-08-31 20:24:24,Webster Ave & E 166 St,8052,E Tremont Ave & E 176 St,8356,40.828975,-73.911259,40.847798,-73.901883,casual
2877317,E1AFF2B13E3C34E2,classic_bike,2021-08-25 11:11:59,2021-08-25 11:22:44,E 165 St & Clay Ave,8052,E Tremont Ave & E 176 St,8356,40.82809,-73.91288,40.847798,-73.901883,casual
2899721,5D49EF72C86B092E,electric_bike,2021-08-13 01:35:09,2021-08-13 01:43:04,E 165 St & Clay Ave,8052,Crotona Park North & Prospect Ave,8236,40.82809,-73.91288,40.841092,-73.892317,casual
2914606,B5A67A502F7B8B4D,electric_bike,2021-08-01 16:21:54,2021-08-01 17:21:42,E 165 St & Clay Ave,8052,Dyckman St & Staff St,8655,40.82809,-73.91288,40.868846,-73.931537,casual
2928547,FC34E035F4D10B93,classic_bike,2021-08-02 11:27:08,2021-08-02 12:19:48,Webster Ave & E 166 St,8052,E 142 St & 3 Ave,7781,40.828975,-73.911259,40.812735,-73.923697,casual
2930402,93E717C68443EE0B,classic_bike,2021-08-09 06:16:29,2021-08-09 06:32:35,E 165 St & Clay Ave,8052,Lincoln Ave & E 138 St,7744,40.82809,-73.91288,40.810893,-73.927311,casual
2937173,4FB2E593CE14AC40,classic_bike,2021-08-22 06:21:10,2021-08-22 06:36:03,E 165 St & Clay Ave,8052,E 138 St & Canal St W,7803,40.82809,-73.91288,40.812304,-73.929153,casual
2937189,333D72FF57FBEE07,classic_bike,2021-08-24 14:54:46,2021-08-24 15:57:23,E 165 St & Clay Ave,8052,Webster Ave & Ford St,8472,40.82809,-73.91288,40.85556,-73.89615,casual
2968617,B2BA5677952EA7D2,electric_bike,2021-08-27 16:03:48,2021-08-27 16:23:03,Webster Ave & E 166 St,8052,Westchester Ave & Southern Blvd,8004,40.828975,-73.911259,40.824956,-73.891677,casual
2992193,056E7BB0DD60CBEF,classic_bike,2021-08-11 19:30:06,2021-08-11 19:48:47,Webster Ave & E 166 St,8052,Adam Clayton Powell Blvd & W 151 St,8009,40.828975,-73.911259,40.825289,-73.936232,casual
2995342,F05B43F3F8BDC3F5,electric_bike,2021-08-23 09:48:57,2021-08-23 09:53:33,E 165 St & Clay Ave,8052,Jerome Ave & E 164 St,8096,40.82809,-73.91288,40.831444,-73.926226,member
2997996,B33976A7C7C13279,electric_bike,2021-08-03 11:18:40,2021-08-03 11:28:26,E 165 St & Clay Ave,8052,Westchester Ave & Southern Blvd,8004,40.82809,-73.91288,40.824956,-73.891677,member
3032685,21BF6ABA4B35734C,electric_bike,2021-08-31 00:11:37,2021-08-31 00:15:20,E 165 St & Clay Ave,8052,3 Ave & Franklin Ave,8012,40.82809,-73.91288,40.82696,-73.907451,casual
3032817,ABEBE9022D6BDF6E,classic_bike,2021-08-20 18:53:23,2021-08-20 18:56:52,E 165 St & Clay Ave,8052,3 Ave & Franklin Ave,8012,40.82809,-73.91288,40.82696,-73.907451,casual
3033923,C46BC4371CAF9F7E,electric_bike,2021-08-15 15:48:30,2021-08-15 16:08:31,E 165 St & Clay Ave,8052,3 Ave & Franklin Ave,8012,40.82809,-73.91288,40.82696,-73.907451,member
3034797,8881DD991C1F6A67,classic_bike,2021-08-15 17:52:03,2021-08-15 17:55:06,E 165 St & Clay Ave,8052,3 Ave & Franklin Ave,8012,40.82809,-73.91288,40.82696,-73.907451,member
3037330,44D935EE3976509A,classic_bike,2021-08-16 20:18:19,2021-08-16 20:22:22,E 165 St & Clay Ave,8052,3 Ave & Franklin Ave,8012,40.82809,-73.91288,40.82696,-73.907451,casual
3037402,399FE14EF0939A9D,classic_bike,2021-08-16 16:56:07,2021-08-16 16:59:31,E 165 St & Clay Ave,8052,3 Ave & Franklin Ave,8012,40.82809,-73.91288,40.82696,-73.907451,member
3043509,AB0A97931B5598D4,classic_bike,2021-08-24 20:41:26,2021-08-24 20:53:23,E 165 St & Clay Ave,8052,Washington Ave & E 174 St,8277,40.82809,-73.91288,40.843079,-73.900216,casual
3043567,AE94C38FB17D28CE,classic_bike,2021-08-10 10:38:49,2021-08-10 10:46:18,E 165 St & Clay Ave,8052,E 161 St & River Ave,8041,40.82809,-73.91288,40.827883,-73.927111,casual
3043571,B55BCAD064490B99,electric_bike,2021-08-07 18:52:48,2021-08-07 19:21:57,E 165 St & Clay Ave,8052,E 161 St & River Ave,8041,40.82809,-73.91288,40.827883,-73.927111,casual
3043572,D834486C47C4C24B,classic_bike,2021-08-02 17:09:41,2021-08-02 17:19:28,E 165 St & Clay Ave,8052,E 161 St & River Ave,8041,40.82809,-73.91288,40.827883,-73.927111,casual
3044353,A00EF7A52A04F048,electric_bike,2021-08-29 11:38:22,2021-08-29 11:45:50,E 165 St & Clay Ave,8052,E 161 St & River Ave,8041,40.82809,-73.91288,40.827883,-73.927111,member
3046533,E9543748ADEC57F0,electric_bike,2021-08-24 20:42:16,2021-08-24 20:53:19,E 165 St & Clay Ave,8052,Washington Ave & E 174 St,8277,40.82809,-73.91288,40.843079,-73.900216,casual
3046555,3D2C39533E0B4630,classic_bike,2021-08-25 08:05:35,2021-08-25 08:17:00,E 165 St & Clay Ave,8052,E 161 St & River Ave,8041,40.82809,-73.91288,40.827883,-73.927111,member
3046579,9532379557F6C6C5,classic_bike,2021-08-30 15:55:29,2021-08-30 16:12:34,E 165 St & Clay Ave,8052,E 161 St & River Ave,8041,40.82809,-73.91288,40.827883,-73.927111,member
3047326,7D49FAC808BDA754,classic_bike,2021-08-06 18:21:29,2021-08-06 18:29:10,E 165 St & Clay Ave,8052,E 161 St & River Ave,8041,40.82809,-73.91288,40.827883,-73.927111,casual
3050303,B714FEF76B4E50A4,classic_bike,2021-08-18 18:22:44,2021-08-18 18:38:28,Webster Ave & E 166 St,8052,E 161 St & River Ave,8041,40.828975,-73.911259,40.827883,-73.927111,casual
3050485,B54963721C538C5D,classic_bike,2021-08-26 23:49:55,2021-08-27 00:00:36,E 165 St & Clay Ave,8052,E 161 St & River Ave,8041,40.82809,-73.91288,40.827883,-73.927111,casual
3050497,60C49C55804A4363,electric_bike,2021-08-27 01:44:52,2021-08-27 01:55:22,Webster Ave & E 166 St,8052,E Burnside Ave & Ryer Ave,8397,40.828975,-73.911259,40.850535,-73.901318,casual
3050549,B73D902C1A947170,classic_bike,2021-08-24 20:43:01,2021-08-24 20:53:28,E 165 St & Clay Ave,8052,Washington Ave & E 174 St,8277,40.82809,-73.91288,40.843079,-73.900216,casual
3050765,219797334D086953,classic_bike,2021-08-31 21:18:32,2021-08-31 21:28:19,E 165 St & Clay Ave,8052,E 161 St & River Ave,8041,40.82809,-73.91288,40.827883,-73.927111,member
3050778,442FC85EAD9CAEFA,electric_bike,2021-08-14 18:04:21,2021-08-14 18:10:41,E 165 St & Clay Ave,8052,E 161 St & River Ave,8041,40.82809,-73.91288,40.827883,-73.927111,casual
3054958,47056A1D741B7C26,classic_bike,2021-08-04 20:15:58,2021-08-04 20:21:23,Webster Ave & E 166 St,8052,3 Ave & E 163 St,7974,40.828975,-73.911259,40.823872,-73.908699,casual
3055519,664CFE37C897D7B3,electric_bike,2021-08-13 21:47:37,2021-08-13 21:54:08,Webster Ave & E 166 St,8052,3 Ave & E 163 St,7974,40.828975,-73.911259,40.823872,-73.908699,member
3065346,11CBF9172DE0C8CD,electric_bike,2021-08-26 23:45:09,2021-08-27 00:02:21,Webster Ave & E 166 St,8052,W 192 St & University Ave,8639,40.828975,-73.911259,40.866899,-73.901942,member
3065507,959E79D6CE33CD45,classic_bike,2021-08-08 10:46:53,2021-08-08 10:50:22,E 165 St & Clay Ave,8052,3 Ave & E 163 St,7974,40.82809,-73.91288,40.823872,-73.908699,member
3066346,B11615D6B00A92B0,electric_bike,2021-08-10 00:00:31,2021-08-10 00:02:48,E 165 St & Clay Ave,8052,3 Ave & E 163 St,7974,40.82809,-73.91288,40.823872,-73.908699,member
3066453,5F01812735AFCFDA,classic_bike,2021-08-18 05:49:35,2021-08-18 05:53:38,E 165 St & Clay Ave,8052,3 Ave & E 163 St,7974,40.82809,-73.91288,40.823872,-73.908699,casual
