,ride_id,rideable_type,started_at,ended_at,start_station_name,start_station_id,end_station_name,end_station_id,start_lat,start_lng,end_lat,end_lng,member_casual
199,D349D1A63C0AE18B,electric_bike,2021-08-25 06:38:34,2021-08-25 06:58:31,Bedford Ave & Montgomery St,3736,Clark St & Henry St,4789,40.665816,-73.956934,40.69760127,-73.99344559,member
6645,A600DCA4B23D888F,classic_bike,2021-08-24 19:39:14,2021-08-24 19:45:00,Atlantic Ave & Furman St,4614,Clark St & Henry St,4789,40.69165183,-73.9999786,40.69760127,-73.99344559,member
6657,A04B3EEF3E8A4DE0,classic_bike,2021-08-11 15:46:04,2021-08-11 15:52:30,Henry St & Degraw St,4380,Clark St & Henry St,4789,40.6847514,-73.99917254,40.69760127,-73.99344559,member
6658,DC4B204C2F365773,classic_bike,2021-08-20 15:45:12,2021-08-20 15:53:06,Henry St & Degraw St,4380,Clark St & Henry St,4789,40.6847514,-73.99917254,40.69760127,-73.99344559,member
6659,A5358FF3117A90A1,electric_bike,2021-08-26 12:06:47,2021-08-26 12:11:09,Schermerhorn St & Court St,4565,Clark St & Henry St,4789,40.69102925677968,-73.99183362722397,40.69760127,-73.99344559,casual
6664,400D3283335F869F,classic_bike,2021-08-03 10:25:11,2021-08-03 10:36:38,Schermerhorn St & Court St,4565,Clark St & Henry St,4789,40.69102925677968,-73.99183362722397,40.69760127,-73.99344559,casual
6666,5B1321D8FA92CEBC,classic_bike,2021-08-24 13:48:05,2021-08-24 14:19:13,Schermerhorn St & Court St,4565,Clark St & Henry St,4789,40.69102925677968,-73.99183362722397,40.69760127,-73.99344559,casual
6684,4DBD7E5F9E6B6DE0,electric_bike,2021-08-15 23:23:41,2021-08-15 23:33:32,Spruce St & Gold St,5137,Clark St & Henry St,4789,40.7103231,-74.0043228,40.69760127,-73.99344559,casual
6709,1CAA9721B34270B2,classic_bike,2021-08-02 21:36:27,2021-08-02 22:05:24,E 60 St & York Ave,6682,Clark St & Henry St,4789,40.759107,-73.959223,40.69760127,-73.99344559,member
6717,2BEAE48D135326E3,classic_bike,2021-08-30 23:17:37,2021-08-30 23:19:57,Henry St & Remsen St,4645,Clark St & Henry St,4789,40.69400964865994,-73.99465128779411,40.69760127,-73.99344559,member
6750,D4221DA69F6B17DA,classic_bike,2021-08-26 13:29:56,2021-08-26 13:31:44,Hicks St & Montague St,4645,Clark St & Henry St,4789,40.69512845,-73.99595065,40.69760127,-73.99344559,member
6752,5E3AE8159CF32C21,electric_bike,2021-08-19 18:20:59,2021-08-19 18:26:19,Duffield St & Willoughby St,4596,Clark St & Henry St,4789,40.69221589,-73.9842844,40.69760127,-73.99344559,member
6755,D4421308D47FD4AB,classic_bike,2021-08-01 14:26:47,2021-08-01 16:21:35,Brooklyn Bridge Park - Pier 2,4756,Clark St & Henry St,4789,40.698458,-73.997178,40.69760127,-73.99344559,casual
6758,959E7F17FB28DBCF,classic_bike,2021-08-31 14:20:50,2021-08-31 14:35:08,Brooklyn Bridge Park - Pier 2,4756,Clark St & Henry St,4789,40.698458,-73.997178,40.69760127,-73.99344559,casual
6766,1BBA9EAA43D45148,classic_bike,2021-08-28 20:54:03,2021-08-28 21:16:50,MacDougal St & Prince St,5687,Clark St & Henry St,4789,40.72710258,-74.00297088,40.69760127,-73.99344559,member
6767,26E6FA36E4702DEB,electric_bike,2021-08-11 07:07:38,2021-08-11 07:23:43,6 St & 7 Ave,3834,Clark St & Henry St,4789,40.6686627,-73.97988067,40.69760127,-73.99344559,member
6768,BE935959AFEE2C62,electric_bike,2021-08-04 07:18:06,2021-08-04 07:35:32,6 St & 7 Ave,3834,Clark St & Henry St,4789,40.6686627,-73.97988067,40.69760127,-73.99344559,member
6771,8447219243DF4760,electric_bike,2021-08-02 07:35:40,2021-08-02 07:47:02,Clinton Ave & Myrtle Ave,4651,Clark St & Henry St,4789,40.693261,-73.968896,40.69760127,-73.99344559,member
6773,AF0749C3D4C8895D,classic_bike,2021-08-05 16:57:27,2021-08-05 17:07:59,Clinton Ave & Myrtle Ave,4651,Clark St & Henry St,4789,40.693261,-73.968896,40.69760127,-73.99344559,member
52195,3488BC2DE4E8AA88,electric_bike,2021-08-16 10:22:39,2021-08-16 10:41:07,Clark St & Henry St,4789,North Moore St & Greenwich St,5470,40.69760127,-73.99344559,40.72019521437465,-74.0103006362915,casual
53433,7BB947778339D80F,electric_bike,2021-08-01 07:49:44,2021-08-01 07:52:38,Clark St & Henry St,4789,Front St & Washington St,4936,40.69760127,-73.99344559,40.70255088,-73.98940236,member
58275,9F772F6217D290A8,classic_bike,2021-08-29 01:11:57,2021-08-29 01:15:34,Clark St & Henry St,4789,Henry St & Atlantic Ave,4531,40.69760127,-73.99344559,40.69089272,-73.99612349,member
58282,90ECCA43EF4582B7,classic_bike,2021-08-07 17:05:50,2021-08-07 17:09:07,Clark St & Henry St,4789,Henry St & Atlantic Ave,4531,40.69760127,-73.99344559,40.69089272,-73.99612349,casual
64932,F3CF082B9B974BDE,electric_bike,2021-08-11 23:32:09,2021-08-12 00:08:48,Clark St & Henry St,4789,Columbus Ave & W 72 St,7175,40.69760127,-73.99344559,40.7770575,-73.97898475,member
72201,05AB84454797E239,electric_bike,2021-08-05 10:16:12,2021-08-05 10:30:56,Clark St & Henry St,4789,Grand St & Elizabeth St,5382,40.69760127,-73.99344559,40.718822,-73.99596,member
77243,50C74C7DFE39C2C8,classic_bike,2021-08-31 13:35:43,2021-08-31 13:52:15,Clark St & Henry St,4789,Old Fulton St,4903,40.69760127,-73.99344559,40.70277159,-73.99383605,member
77244,F5328B0D95917044,docked_bike,2021-08-21 12:45:16,2021-08-21 13:23:46,Clark St & Henry St,4789,Old Fulton St,4903,40.697601,-73.993446,40.702772,-73.993836,casual
77250,898751FF6C79C75B,classic_bike,2021-08-21 18:20:05,2021-08-21 18:24:08,Clark St & Henry St,4789,Old Fulton St,4903,40.69760127,-73.99344559,40.70277159,-73.99383605,member
89581,AAF4A2D5300D71C7,electric_bike,2021-08-04 19:36:29,2021-08-04 19:43:55,Duffield St & Willoughby St,4596,Clark St & Henry St,4789,40.69221589,-73.9842844,40.69760127,-73.99344559,member
89596,479D2B3B0AF85CF3,classic_bike,2021-08-19 11:17:40,2021-08-19 11:35:43,Berkeley Pl & 7 Ave,4051,Clark St & Henry St,4789,40.675146838709786,-73.97523209452629,40.69760127,-73.99344559,member
89600,49978E6ACA4299C3,classic_bike,2021-08-26 20:57:47,2021-08-26 21:26:05,1 Ave & E 30 St,6079,Clark St & Henry St,4789,40.74144387,-73.97536082,40.69760127,-73.99344559,member
89660,E6B35AE2FEF11C60,classic_bike,2021-08-20 08:49:02,2021-08-20 08:52:58,Henry St & Middagh St,4861,Clark St & Henry St,4789,40.7003,-73.991581,40.69760127,-73.99344559,member
89661,8212028EC14A626D,classic_bike,2021-08-17 16:39:31,2021-08-17 16:42:05,Henry St & Middagh St,4861,Clark St & Henry St,4789,40.7003,-73.991581,40.69760127,-73.99344559,member
89662,0E684F6819DE6924,classic_bike,2021-08-17 08:21:15,2021-08-17 08:23:44,Henry St & Middagh St,4861,Clark St & Henry St,4789,40.7003,-73.991581,40.69760127,-73.99344559,member
89663,CEBA0ECBA784EA38,classic_bike,2021-08-27 18:01:48,2021-08-27 18:03:40,Henry St & Middagh St,4861,Clark St & Henry St,4789,40.7003,-73.991581,40.69760127,-73.99344559,member
89665,E1BDDD9D99F19244,classic_bike,2021-08-10 12:37:34,2021-08-10 12:39:59,Henry St & Middagh St,4861,Clark St & Henry St,4789,40.7003,-73.991581,40.69760127,-73.99344559,member
89666,D55BA7EBA9F6BDC2,classic_bike,2021-08-18 02:29:40,2021-08-18 02:32:28,Henry St & Middagh St,4861,Clark St & Henry St,4789,40.7003,-73.991581,40.69760127,-73.99344559,member
89667,A9A6E9824F21D76E,electric_bike,2021-08-25 22:01:09,2021-08-25 22:11:13,Henry St & Middagh St,4861,Clark St & Henry St,4789,40.7003,-73.991581,40.69760127,-73.99344559,casual
89671,4EB5AA9BB8A467F6,classic_bike,2021-08-09 22:50:33,2021-08-09 22:55:56,Henry St & Middagh St,4861,Clark St & Henry St,4789,40.7003,-73.991581,40.69760127,-73.99344559,casual
89672,2E5FA73514DA0E07,classic_bike,2021-08-14 12:04:29,2021-08-14 12:14:21,Schermerhorn St & Bond St,4479,Clark St & Henry St,4789,40.688417427540834,-73.98451656103134,40.69760127,-73.99344559,member
89675,721B8D08DB80AE04,classic_bike,2021-08-14 15:26:57,2021-08-14 15:37:15,Willoughby St & Ashland Pl,4587,Clark St & Henry St,4789,40.69178,-73.97877,40.69760127,-73.99344559,member
89679,4C17C1EF0D49041C,classic_bike,2021-08-23 20:45:20,2021-08-23 20:53:35,Schermerhorn St & Bond St,4479,Clark St & Henry St,4789,40.688417427540834,-73.98451656103134,40.69760127,-73.99344559,casual
89722,ABF157044956FBCD,electric_bike,2021-08-29 21:23:17,2021-08-29 21:38:30,Forsyth St & Canal St,5270,Clark St & Henry St,4789,40.7158155,-73.99422366,40.69760127,-73.99344559,member
89729,271D6088A92510EC,classic_bike,2021-08-11 09:10:33,2021-08-11 09:17:04,Atlantic Ave & Furman St,4614,Clark St & Henry St,4789,40.69165183,-73.9999786,40.69760127,-73.99344559,member
89735,7EEAEEECCB6B0B48,classic_bike,2021-08-24 06:47:53,2021-08-24 06:56:12,Henry St & Degraw St,4380,Clark St & Henry St,4789,40.6847514,-73.99917254,40.69760127,-73.99344559,member
89740,F06C3135D49E1B96,classic_bike,2021-08-12 17:36:32,2021-08-12 17:43:09,Schermerhorn St & Court St,4565,Clark St & Henry St,4789,40.69102925677968,-73.99183362722397,40.69760127,-73.99344559,member
89745,806BA15442B61822,classic_bike,2021-08-10 13:32:52,2021-08-10 14:05:17,E 2 St & Avenue C,5476,Clark St & Henry St,4789,40.7208736,-73.98085795,40.69760127,-73.99344559,casual
89750,C07299190BC4E0C9,classic_bike,2021-08-23 12:47:40,2021-08-23 12:56:17,Clinton St & Union St,4266,Clark St & Henry St,4789,40.6831164,-73.99785267,40.69760127,-73.99344559,member
89751,E63E3453092271D4,classic_bike,2021-08-27 23:18:57,2021-08-27 23:28:42,Clinton St & Union St,4266,Clark St & Henry St,4789,40.6831164,-73.99785267,40.69760127,-73.99344559,member
89754,FB866932124DB432,classic_bike,2021-08-12 17:55:33,2021-08-12 18:33:10,Broadway & W 36 St,6441,Clark St & Henry St,4789,40.75097711,-73.98765428,40.69760127,-73.99344559,member
89759,F4C9300B2E22E23F,classic_bike,2021-08-10 13:33:02,2021-08-10 14:05:30,E 2 St & Avenue C,5476,Clark St & Henry St,4789,40.7208736,-73.98085795,40.69760127,-73.99344559,casual
89764,58DEBFE6AB58A433,electric_bike,2021-08-16 18:37:07,2021-08-16 19:46:14,W 106 St & Amsterdam Ave,7634,Clark St & Henry St,4789,40.8008363,-73.9664492472,40.69760127,-73.99344559,casual
89771,3F31F911BD233868,electric_bike,2021-08-07 01:22:32,2021-08-07 01:38:17,Emerson Pl & Myrtle Ave,4683,Clark St & Henry St,4789,40.69363137,-73.96223558,40.69760127,-73.99344559,member
89772,8C122674247F4A63,classic_bike,2021-08-21 18:06:58,2021-08-21 18:14:46,Schermerhorn St & Court St,4565,Clark St & Henry St,4789,40.69102925677968,-73.99183362722397,40.69760127,-73.99344559,member
89774,C347699BE92FDC60,classic_bike,2021-08-07 13:40:46,2021-08-07 13:45:42,Schermerhorn St & Court St,4565,Clark St & Henry St,4789,40.69102925677968,-73.99183362722397,40.69760127,-73.99344559,member
89778,5CB39951B54865C8,electric_bike,2021-08-24 20:13:38,2021-08-24 20:17:36,Schermerhorn St & Court St,4565,Clark St & Henry St,4789,40.69102925677968,-73.99183362722397,40.69760127,-73.99344559,member
89782,C38D749B1218727F,classic_bike,2021-08-01 14:48:01,2021-08-01 14:58:05,Emerson Pl & Myrtle Ave,4683,Clark St & Henry St,4789,40.69363137,-73.96223558,40.69760127,-73.99344559,member
89786,5365859488F88FDF,classic_bike,2021-08-30 17:28:25,2021-08-30 17:43:07,Emerson Pl & Myrtle Ave,4683,Clark St & Henry St,4789,40.69363137,-73.96223558,40.69760127,-73.99344559,member
89789,1C876CDB2320DA8A,classic_bike,2021-08-23 10:53:13,2021-08-23 10:58:53,Schermerhorn St & Court St,4565,Clark St & Henry St,4789,40.69102925677968,-73.99183362722397,40.69760127,-73.99344559,member
89795,DF66A33E4FAAF135,classic_bike,2021-08-25 15:46:36,2021-08-25 15:53:17,Henry St & Degraw St,4380,Clark St & Henry St,4789,40.6847514,-73.99917254,40.69760127,-73.99344559,casual
89802,13EA686A09C7B6D8,classic_bike,2021-08-18 18:16:50,2021-08-18 18:22:39,Schermerhorn St & Court St,4565,Clark St & Henry St,4789,40.69102925677968,-73.99183362722397,40.69760127,-73.99344559,casual
89806,DB41AED6AD671AA0,classic_bike,2021-08-09 10:57:46,2021-08-09 11:09:46,Schermerhorn St & Court St,4565,Clark St & Henry St,4789,40.69102925677968,-73.99183362722397,40.69760127,-73.99344559,casual
89831,5E4056AF508809D1,classic_bike,2021-08-09 17:06:03,2021-08-09 17:42:21,E 51 St & Lexington Ave,6659,Clark St & Henry St,4789,40.75714758,-73.97207836,40.69760127,-73.99344559,member
89858,E9A71C260F3F7F46,classic_bike,2021-08-24 19:19:48,2021-08-24 19:26:47,Dock St & Front St,4903,Clark St & Henry St,4789,40.702709,-73.99253,40.69760127,-73.99344559,member
89859,A1C64C9DA88F68CB,electric_bike,2021-08-28 14:59:31,2021-08-28 15:11:24,Dock St & Front St,4903,Clark St & Henry St,4789,40.702709,-73.99253,40.69760127,-73.99344559,casual
89873,22AB26965BEE49BA,electric_bike,2021-08-05 00:43:12,2021-08-05 01:04:13,Sharon St & Olive St,5323,Clark St & Henry St,4789,40.715353,-73.93856,40.69760127,-73.99344559,member
89876,79B423954200BF52,electric_bike,2021-08-09 17:53:02,2021-08-09 18:10:32,Liberty St & Nassau St,5105,Clark St & Henry St,4789,40.70858894240581,-74.00935482235809,40.69760127,-73.99344559,member
89889,258C2A31736BF0A8,classic_bike,2021-08-30 18:57:25,2021-08-30 19:09:57,3 St & 3 Ave,4028,Clark St & Henry St,4789,40.6750705,-73.98775226,40.69760127,-73.99344559,member
89903,FD32A7A5540F6A57,classic_bike,2021-08-13 18:53:27,2021-08-13 19:03:05,Pacific St & Nevins St,4362,Clark St & Henry St,4789,40.6853761,-73.98302136,40.69760127,-73.99344559,member
89919,26E492DA8057119A,electric_bike,2021-08-06 12:46:44,2021-08-06 13:05:38,Kent Ave & N 7 St,5489,Clark St & Henry St,4789,40.72036775298455,-73.96165072917938,40.69760127,-73.99344559,casual
89922,F7DDB64279AF85C0,electric_bike,2021-08-18 11:22:44,2021-08-18 11:28:09,Bond St & Fulton St,4479,Clark St & Henry St,4789,40.68962188790333,-73.98304268717766,40.69760127,-73.99344559,member
89923,DE3C0ADE2CA25F43,classic_bike,2021-08-01 14:40:03,2021-08-01 14:50:56,Bond St & Fulton St,4479,Clark St & Henry St,4789,40.68962188790333,-73.98304268717766,40.69760127,-73.99344559,member
89925,403136A35D57E3FE,classic_bike,2021-08-30 18:37:39,2021-08-30 19:00:21,Mercer St & Spring St,5532,Clark St & Henry St,4789,40.72362738,-73.99949601,40.69760127,-73.99344559,member
89932,0D2B90B4DEA2EA39,classic_bike,2021-08-24 17:40:28,2021-08-24 17:42:41,Hicks St & Montague St,4645,Clark St & Henry St,4789,40.69512845,-73.99595065,40.69760127,-73.99344559,member
89933,03E98BBA23CC39B4,classic_bike,2021-08-05 13:34:05,2021-08-05 13:46:44,Hicks St & Montague St,4645,Clark St & Henry St,4789,40.69512845,-73.99595065,40.69760127,-73.99344559,member
89935,499375B5742EEA8C,classic_bike,2021-08-08 06:36:21,2021-08-08 06:38:28,Hicks St & Montague St,4645,Clark St & Henry St,4789,40.69512845,-73.99595065,40.69760127,-73.99344559,member
89936,F8A00AC36C831632,classic_bike,2021-08-10 09:39:17,2021-08-10 09:41:11,Hicks St & Montague St,4645,Clark St & Henry St,4789,40.69512845,-73.99595065,40.69760127,-73.99344559,member
89953,F5C7B63EF9F6C0B6,electric_bike,2021-08-12 10:31:15,2021-08-12 10:46:53,Pike St & E Broadway,5270,Clark St & Henry St,4789,40.71406667,-73.99293911,40.69760127,-73.99344559,member
89955,75E0F7448409EE81,classic_bike,2021-08-18 12:27:22,2021-08-18 12:56:23,Berkeley Pl & 7 Ave,4051,Clark St & Henry St,4789,40.675146838709786,-73.97523209452629,40.69760127,-73.99344559,member
89969,9F3855E8E893EBF6,classic_bike,2021-08-24 23:25:24,2021-08-24 23:42:46,E 2 St & 2 Ave,5593,Clark St & Henry St,4789,40.72502876,-73.99069656,40.69760127,-73.99344559,member
89977,6416EB6EC0A34CF1,classic_bike,2021-08-27 19:52:40,2021-08-27 20:01:15,Duffield St & Willoughby St,4596,Clark St & Henry St,4789,40.69221589,-73.9842844,40.69760127,-73.99344559,member
89987,8A4BE05DA8645023,classic_bike,2021-08-29 19:25:41,2021-08-29 19:32:05,Duffield St & Willoughby St,4596,Clark St & Henry St,4789,40.69221589,-73.9842844,40.69760127,-73.99344559,casual
89993,66093141AD732348,classic_bike,2021-08-21 13:21:20,2021-08-21 13:38:02,Baltic St & 5 Ave,4208,Clark St & Henry St,4789,40.6795766,-73.97854971,40.69760127,-73.99344559,member
89994,DC75B09868015CA7,classic_bike,2021-08-11 21:39:16,2021-08-11 21:44:18,Congress St & Clinton St,4455,Clark St & Henry St,4789,40.68825516598005,-73.99545192718506,40.69760127,-73.99344559,member
89999,C13D6A22EDDF9200,classic_bike,2021-08-31 12:43:54,2021-08-31 12:54:57,Clinton St & Union St,4266,Clark St & Henry St,4789,40.6831164,-73.99785267,40.69760127,-73.99344559,member
90016,A9EFE015504B1F40,classic_bike,2021-08-27 14:51:17,2021-08-27 15:05:09,Schermerhorn St & Court St,4565,Clark St & Henry St,4789,40.69102925677968,-73.99183362722397,40.69760127,-73.99344559,casual
90017,84D9E9D7139C29D3,classic_bike,2021-08-18 12:16:01,2021-08-18 12:27:12,Schermerhorn St & Court St,4565,Clark St & Henry St,4789,40.69102925677968,-73.99183362722397,40.69760127,-73.99344559,casual
90019,EF11819DC337100F,classic_bike,2021-08-30 14:23:22,2021-08-30 14:33:31,Schermerhorn St & Court St,4565,Clark St & Henry St,4789,40.69102925677968,-73.99183362722397,40.69760127,-73.99344559,casual
90030,8243195D50248EDF,classic_bike,2021-08-29 10:41:28,2021-08-29 10:44:03,Columbia Heights & Cranberry St,4829,Clark St & Henry St,4789,40.70037867,-73.99548059,40.69760127,-73.99344559,member
90033,9A6D416BD45A1BEE,classic_bike,2021-08-08 16:13:46,2021-08-08 16:16:39,Columbia Heights & Cranberry St,4829,Clark St & Henry St,4789,40.70037867,-73.99548059,40.69760127,-73.99344559,member
90039,C98FA873F89A745F,electric_bike,2021-08-16 19:03:42,2021-08-16 19:08:49,Columbia Heights & Cranberry St,4829,Clark St & Henry St,4789,40.70037867,-73.99548059,40.69760127,-73.99344559,casual
90044,FC68E44E20848807,classic_bike,2021-08-27 13:59:18,2021-08-27 14:04:13,Columbia Heights & Cranberry St,4829,Clark St & Henry St,4789,40.70037867,-73.99548059,40.69760127,-73.99344559,casual
90065,2D48652F7714D9C4,classic_bike,2021-08-18 10:15:38,2021-08-18 10:18:56,Columbia Heights & Cranberry St,4829,Clark St & Henry St,4789,40.70037867,-73.99548059,40.69760127,-73.99344559,member
90072,949945995AE6604B,classic_bike,2021-08-29 15:57:04,2021-08-29 16:15:01,Murray St & West St,5329,Clark St & Henry St,4789,40.7149787,-74.013012,40.69760127,-73.99344559,member
90096,FA342F3F1C02476A,classic_bike,2021-08-25 22:11:22,2021-08-25 22:20:26,Columbia St & Degraw St,4422,Clark St & Henry St,4789,40.6859296,-74.00242364,40.69760127,-73.99344559,casual
90100,478F18586C94D0E2,classic_bike,2021-08-08 17:42:55,2021-08-08 17:55:50,Columbia St & Degraw St,4422,Clark St & Henry St,4789,40.6859296,-74.00242364,40.69760127,-73.99344559,casual
90122,DC3BB369DE5BBAD0,classic_bike,2021-08-03 07:32:33,2021-08-03 07:44:48,Clinton Ave & Myrtle Ave,4651,Clark St & Henry St,4789,40.693261,-73.968896,40.69760127,-73.99344559,member
90130,C35F21E7C7740B7B,electric_bike,2021-08-27 16:18:48,2021-08-27 16:31:21,Howard St & Centre St,5422,Clark St & Henry St,4789,40.71910537,-73.99973337,40.69760127,-73.99344559,casual
90135,3CA583B172C4EAF9,classic_bike,2021-08-28 21:43:36,2021-08-28 21:56:26,Columbia St & Degraw St,4422,Clark St & Henry St,4789,40.6859296,-74.00242364,40.69760127,-73.99344559,member
90136,5C6AE992CBC86B78,electric_bike,2021-08-04 23:16:33,2021-08-04 23:34:42,Franklin Ave & St Marks Ave,4107,Clark St & Henry St,4789,40.6758324,-73.9561677,40.69760127,-73.99344559,member
90137,C94431ADAEB48D67,classic_bike,2021-08-04 14:18:20,2021-08-04 14:26:16,Columbia St & Degraw St,4422,Clark St & Henry St,4789,40.6859296,-74.00242364,40.69760127,-73.99344559,member
90167,C6820EC7A9CD382F,classic_bike,2021-08-16 22:40:40,2021-08-16 22:45:02,Jay St & Tech Pl,4710,Clark St & Henry St,4789,40.695065,-73.987167,40.69760127,-73.99344559,member
90189,1054D34D2D567F89,electric_bike,2021-08-18 15:53:43,2021-08-18 16:08:30,Cleveland Pl & Spring St,5492,Clark St & Henry St,4789,40.722103786686034,-73.99724900722504,40.69760127,-73.99344559,member
90194,20E3BCB8FD8D705F,electric_bike,2021-08-24 09:36:11,2021-08-24 09:51:41,Cleveland Pl & Spring St,5492,Clark St & Henry St,4789,40.722103786686034,-73.99724900722504,40.69760127,-73.99344559,member
90203,DE811036DC87DCE8,electric_bike,2021-08-28 21:30:08,2021-08-28 22:19:22,Central Park West & W 85 St,7354,Clark St & Henry St,4789,40.78476,-73.969862,40.69760127,-73.99344559,casual
90207,9A88B759824EB377,classic_bike,2021-08-14 22:56:04,2021-08-14 22:58:49,Hicks St & Montague St,4645,Clark St & Henry St,4789,40.69512845,-73.99595065,40.69760127,-73.99344559,casual
90212,712958F156F411B1,classic_bike,2021-08-17 20:23:58,2021-08-17 20:34:25,Duffield St & Willoughby St,4596,Clark St & Henry St,4789,40.69221589,-73.9842844,40.69760127,-73.99344559,member
90213,442753CD3FF4874F,classic_bike,2021-08-18 18:04:01,2021-08-18 18:13:10,Duffield St & Willoughby St,4596,Clark St & Henry St,4789,40.69221589,-73.9842844,40.69760127,-73.99344559,member
90216,6849C6A9ED962030,classic_bike,2021-08-30 09:09:25,2021-08-30 09:16:39,Duffield St & Willoughby St,4596,Clark St & Henry St,4789,40.69221589,-73.9842844,40.69760127,-73.99344559,member
90217,02425F7B523C9E09,classic_bike,2021-08-04 18:58:43,2021-08-04 19:08:26,Duffield St & Willoughby St,4596,Clark St & Henry St,4789,40.69221589,-73.9842844,40.69760127,-73.99344559,member
90218,8037F847E0AA8161,classic_bike,2021-08-23 23:58:44,2021-08-24 00:19:14,Duffield St & Willoughby St,4596,Clark St & Henry St,4789,40.69221589,-73.9842844,40.69760127,-73.99344559,member
90219,A341A1FF71BC067D,electric_bike,2021-08-24 14:56:38,2021-08-24 15:02:41,Duffield St & Willoughby St,4596,Clark St & Henry St,4789,40.69221589,-73.9842844,40.69760127,-73.99344559,member
90226,DAB4B463DAD86E90,classic_bike,2021-08-03 21:48:48,2021-08-03 21:51:07,Hicks St & Montague St,4645,Clark St & Henry St,4789,40.69512845,-73.99595065,40.69760127,-73.99344559,member
90229,890F4A8091512CCF,classic_bike,2021-08-29 18:19:46,2021-08-29 18:22:39,Hicks St & Montague St,4645,Clark St & Henry St,4789,40.69512845,-73.99595065,40.69760127,-73.99344559,member
90237,897D323A2EB0CD15,classic_bike,2021-08-24 06:51:39,2021-08-24 06:53:26,Hicks St & Montague St,4645,Clark St & Henry St,4789,40.69512845,-73.99595065,40.69760127,-73.99344559,member
90242,8EAF191B41C1E802,classic_bike,2021-08-03 08:46:36,2021-08-03 08:48:18,Hicks St & Montague St,4645,Clark St & Henry St,4789,40.69512845,-73.99595065,40.69760127,-73.99344559,member
90243,1317A282E18EDD61,classic_bike,2021-08-31 18:44:14,2021-08-31 18:46:32,Hicks St & Montague St,4645,Clark St & Henry St,4789,40.69512845,-73.99595065,40.69760127,-73.99344559,member
90245,80E18B4C37E63290,classic_bike,2021-08-26 17:43:03,2021-08-26 18:00:59,Hicks St & Montague St,4645,Clark St & Henry St,4789,40.69512845,-73.99595065,40.69760127,-73.99344559,member
90251,9A23F393B6C699B4,classic_bike,2021-08-15 13:26:58,2021-08-15 13:55:18,Hicks St & Montague St,4645,Clark St & Henry St,4789,40.69512845,-73.99595065,40.69760127,-73.99344559,casual
90253,C113732226A7E521,electric_bike,2021-08-29 15:08:45,2021-08-29 15:21:36,Hicks St & Montague St,4645,Clark St & Henry St,4789,40.69512845,-73.99595065,40.69760127,-73.99344559,casual
90257,8045CBE99234A976,classic_bike,2021-08-04 14:17:40,2021-08-04 14:25:51,Kane St & Clinton St,4455,Clark St & Henry St,4789,40.6861758,-73.99645295,40.69760127,-73.99344559,member
90258,2CE03837D63EC4AC,electric_bike,2021-08-23 17:52:31,2021-08-23 17:54:36,Hicks St & Montague St,4645,Clark St & Henry St,4789,40.69512845,-73.99595065,40.69760127,-73.99344559,member
90260,BDD081B29DF434F4,classic_bike,2021-08-20 07:39:53,2021-08-20 07:45:49,Hicks St & Montague St,4645,Clark St & Henry St,4789,40.69512845,-73.99595065,40.69760127,-73.99344559,member
90261,0427F329576EE712,classic_bike,2021-08-27 15:43:45,2021-08-27 15:45:59,Hicks St & Montague St,4645,Clark St & Henry St,4789,40.69512845,-73.99595065,40.69760127,-73.99344559,member
90262,CD3F5A8D7D277989,classic_bike,2021-08-10 16:05:03,2021-08-10 16:07:20,Hicks St & Montague St,4645,Clark St & Henry St,4789,40.69512845,-73.99595065,40.69760127,-73.99344559,member
90263,CBAA9B2B18C2BA8F,classic_bike,2021-08-06 18:31:13,2021-08-06 18:33:25,Hicks St & Montague St,4645,Clark St & Henry St,4789,40.69512845,-73.99595065,40.69760127,-73.99344559,member
90264,16B22C6C91967075,classic_bike,2021-08-07 17:10:54,2021-08-07 17:13:06,Hicks St & Montague St,4645,Clark St & Henry St,4789,40.69512845,-73.99595065,40.69760127,-73.99344559,member
90270,EB77896AE99466E1,classic_bike,2021-08-26 19:11:49,2021-08-26 19:14:51,Hicks St & Montague St,4645,Clark St & Henry St,4789,40.69512845,-73.99595065,40.69760127,-73.99344559,member
90277,4A54DA9D876A24AA,classic_bike,2021-08-20 14:47:18,2021-08-20 14:53:55,Kane St & Clinton St,4455,Clark St & Henry St,4789,40.6861758,-73.99645295,40.69760127,-73.99344559,casual
90290,DFB0C6B0683D081C,classic_bike,2021-08-29 15:12:05,2021-08-29 15:19:12,Hicks St & Montague St,4645,Clark St & Henry St,4789,40.69512845,-73.99595065,40.69760127,-73.99344559,casual
90293,4DC999225DB837E4,electric_bike,2021-08-01 18:50:16,2021-08-01 19:16:54,Henry St & Remsen St,4645,Clark St & Henry St,4789,40.69400964865994,-73.99465128779411,40.69760127,-73.99344559,casual
90297,11E1262AEF20A697,electric_bike,2021-08-24 10:13:47,2021-08-24 10:37:08,Myrtle Ave & Linden St,4816,Clark St & Henry St,4789,40.69943,-73.91337,40.69760127,-73.99344559,casual
90316,687E46D71D2EB2EF,classic_bike,2021-08-24 21:20:15,2021-08-24 22:42:52,Washington St & Gansevoort St,6039,Clark St & Henry St,4789,40.739323,-74.008119,40.69760127,-73.99344559,member
90337,DC9EE01042D5FD9D,classic_bike,2021-08-15 16:11:16,2021-08-15 16:24:38,Brooklyn Bridge Park - Pier 2,4756,Clark St & Henry St,4789,40.698458,-73.997178,40.69760127,-73.99344559,member
90342,F9D0124AA1956C91,electric_bike,2021-08-04 19:52:25,2021-08-04 21:23:09,Brooklyn Bridge Park - Pier 2,4756,Clark St & Henry St,4789,40.698458,-73.997178,40.69760127,-73.99344559,casual
90349,090F0528A43C5419,classic_bike,2021-08-08 16:59:49,2021-08-08 17:08:50,Brooklyn Bridge Park - Pier 2,4756,Clark St & Henry St,4789,40.698458,-73.997178,40.69760127,-73.99344559,member
90350,C567EC8DA295E766,classic_bike,2021-08-19 14:32:09,2021-08-19 14:37:57,Concord St & Bridge St,4781,Clark St & Henry St,4789,40.69766564,-73.98476437,40.69760127,-73.99344559,member
90354,A86CF615E5956DFB,classic_bike,2021-08-24 18:08:42,2021-08-24 18:14:11,Concord St & Bridge St,4781,Clark St & Henry St,4789,40.69766564,-73.98476437,40.69760127,-73.99344559,member
90361,66E874149ECFB3AE,classic_bike,2021-08-20 22:13:05,2021-08-20 22:24:50,Brooklyn Bridge Park - Pier 2,4756,Clark St & Henry St,4789,40.698458,-73.997178,40.69760127,-73.99344559,casual
90368,057D5FEA21E4B3B5,classic_bike,2021-08-21 00:19:14,2021-08-21 00:29:05,Atlantic Ave & Fort Greene Pl,4354,Clark St & Henry St,4789,40.68382604,-73.97632328,40.69760127,-73.99344559,member
90370,5D298E0A8F6A8531,classic_bike,2021-08-29 14:38:15,2021-08-29 14:41:01,Hicks St & Montague St,4645,Clark St & Henry St,4789,40.69512845,-73.99595065,40.69760127,-73.99344559,member
90372,81FBACDD5ED83EC6,classic_bike,2021-08-31 23:54:21,2021-08-31 23:56:35,Hicks St & Montague St,4645,Clark St & Henry St,4789,40.69512845,-73.99595065,40.69760127,-73.99344559,member
90373,60180EA996291B88,classic_bike,2021-08-18 13:28:06,2021-08-18 13:30:54,Hicks St & Montague St,4645,Clark St & Henry St,4789,40.69512845,-73.99595065,40.69760127,-73.99344559,member
90395,FD21C9473079764D,classic_bike,2021-08-26 20:00:51,2021-08-26 20:07:10,Concord St & Bridge St,4781,Clark St & Henry St,4789,40.69766564,-73.98476437,40.69760127,-73.99344559,member
90407,193EA0C72F11AC47,classic_bike,2021-08-19 19:25:25,2021-08-19 19:43:59,Broadway & E 14 St,5905,Clark St & Henry St,4789,40.73454567,-73.99074142,40.69760127,-73.99344559,member
90434,B36F8609689CE05E,classic_bike,2021-08-20 07:56:33,2021-08-20 08:36:22,S Portland Ave & Hanson Pl,4354,Clark St & Henry St,4789,40.68539567,-73.97431458,40.69760127,-73.99344559,casual
90489,53F50EFC71CDD3B3,classic_bike,2021-08-26 21:35:54,2021-08-26 21:40:26,Montague St & Clinton St,4677,Clark St & Henry St,4789,40.6942715,-73.9923272,40.69760127,-73.99344559,member
90490,775BDF74F98DFC83,classic_bike,2021-08-18 09:59:13,2021-08-18 10:01:43,Montague St & Clinton St,4677,Clark St & Henry St,4789,40.6942715,-73.9923272,40.69760127,-73.99344559,member
90497,B9E818AC84E1AD92,classic_bike,2021-08-17 08:05:10,2021-08-17 08:08:14,Montague St & Clinton St,4677,Clark St & Henry St,4789,40.6942715,-73.9923272,40.69760127,-73.99344559,member
90498,A8C111460D3DF953,classic_bike,2021-08-24 19:04:59,2021-08-24 19:17:46,Montague St & Clinton St,4677,Clark St & Henry St,4789,40.6942715,-73.9923272,40.69760127,-73.99344559,member
90499,178E80D5C997F31C,classic_bike,2021-08-29 15:54:11,2021-08-29 16:21:29,Montague St & Clinton St,4677,Clark St & Henry St,4789,40.6942715,-73.9923272,40.69760127,-73.99344559,member
90501,5F6BBC9B7726FB49,classic_bike,2021-08-25 20:09:57,2021-08-25 20:13:02,Montague St & Clinton St,4677,Clark St & Henry St,4789,40.6942715,-73.9923272,40.69760127,-73.99344559,casual
90559,FED81E14D04969C6,classic_bike,2021-08-15 18:14:25,2021-08-15 18:23:41,Brooklyn Bridge Park - Pier 2,4756,Clark St & Henry St,4789,40.698458,-73.997178,40.69760127,-73.99344559,member
90562,35F1D5F276B4F005,classic_bike,2021-08-03 21:05:51,2021-08-03 21:18:57,Douglass St & 4 Ave,4175,Clark St & Henry St,4789,40.6792788,-73.98154004,40.69760127,-73.99344559,member
90586,F8DEF19D9B6EFB67,electric_bike,2021-08-16 10:51:42,2021-08-16 11:08:01,St Johns Pl & Washington Ave,4001,Clark St & Henry St,4789,40.6737236,-73.9631611,40.69760127,-73.99344559,casual
90606,17AB9331114AF3D6,electric_bike,2021-08-11 06:44:27,2021-08-11 07:00:49,St Johns Pl & Washington Ave,4001,Clark St & Henry St,4789,40.6737236,-73.9631611,40.69760127,-73.99344559,casual
90615,D42A05393B53C7FA,electric_bike,2021-08-06 06:46:54,2021-08-06 07:00:31,St Johns Pl & Washington Ave,4001,Clark St & Henry St,4789,40.6737236,-73.9631611,40.69760127,-73.99344559,casual
90669,BA875A71193AAAEA,electric_bike,2021-08-24 19:39:02,2021-08-24 19:59:38,Eastern Pkwy & Franklin Ave,3919,Clark St & Henry St,4789,40.6707767,-73.9576801,40.69760127,-73.99344559,casual
90671,67D9A0B8DA7EB0D9,classic_bike,2021-08-05 15:57:37,2021-08-05 16:04:27,Brooklyn Bridge Park - Pier 2,4756,Clark St & Henry St,4789,40.698458,-73.997178,40.69760127,-73.99344559,member
90680,307DB2BD7E903FEA,classic_bike,2021-08-20 23:46:10,2021-08-21 00:15:30,Brooklyn Bridge Park - Pier 2,4756,Clark St & Henry St,4789,40.698458,-73.997178,40.69760127,-73.99344559,casual
90681,582EF99465E945D6,classic_bike,2021-08-12 14:03:50,2021-08-12 14:21:09,Brooklyn Bridge Park - Pier 2,4756,Clark St & Henry St,4789,40.698458,-73.997178,40.69760127,-73.99344559,casual
90684,05C3FB56ECD4DD0D,electric_bike,2021-08-30 21:26:05,2021-08-30 21:40:00,Brooklyn Bridge Park - Pier 2,4756,Clark St & Henry St,4789,40.698458,-73.997178,40.69760127,-73.99344559,casual
90696,61A518AD027E2B92,electric_bike,2021-08-19 09:09:39,2021-08-19 09:18:51,Smith St & 3 St,4151,Clark St & Henry St,4789,40.6787242,-73.99599099,40.69760127,-73.99344559,member
90714,F9F706D8E2E6FE1B,classic_bike,2021-08-12 18:24:02,2021-08-12 18:32:30,Myrtle Ave & Fleet Pl,4628,Clark St & Henry St,4789,40.693534,-73.981909,40.69760127,-73.99344559,member
90715,8A9CAD824721244E,classic_bike,2021-08-17 18:14:08,2021-08-17 18:22:17,Myrtle Ave & Fleet Pl,4628,Clark St & Henry St,4789,40.693534,-73.981909,40.69760127,-73.99344559,member
90716,3266B391099B7B59,classic_bike,2021-08-05 17:48:45,2021-08-05 17:56:18,Myrtle Ave & Fleet Pl,4628,Clark St & Henry St,4789,40.693534,-73.981909,40.69760127,-73.99344559,member
90720,6226C10BBAF8C531,electric_bike,2021-08-11 10:23:15,2021-08-11 10:54:23,Madison St & Evergreen Ave,4560,Clark St & Henry St,4789,40.69122,-73.91693,40.69760127,-73.99344559,member
90746,DBB5B4069E263696,classic_bike,2021-08-06 18:13:11,2021-08-06 18:25:34,Bond St & Bergen St,4404,Clark St & Henry St,4789,40.6849668,-73.98620772,40.69760127,-73.99344559,member
90762,809BA2F717852258,classic_bike,2021-08-06 10:41:46,2021-08-06 11:06:09,Rogers Ave & Sterling St,3696,Clark St & Henry St,4789,40.6630619,-73.9538746,40.69760127,-73.99344559,member
90818,CCDD0658693FE62B,classic_bike,2021-08-30 08:18:05,2021-08-30 08:38:33,4 Ave & 3 St,4028,Clark St & Henry St,4789,40.673746,-73.985649,40.69760127,-73.99344559,member
90820,DC4AAB575F256E6F,classic_bike,2021-08-24 19:45:43,2021-08-24 20:12:01,Prospect Park W & 20 St,3507,Clark St & Henry St,4789,40.656633,-73.983864,40.69760127,-73.99344559,member
90831,505FFDFBB66582E0,classic_bike,2021-08-27 21:19:43,2021-08-27 21:30:35,Clinton Ave & Myrtle Ave,4651,Clark St & Henry St,4789,40.693261,-73.968896,40.69760127,-73.99344559,member
90839,6FA5DF7E933B89F1,classic_bike,2021-08-21 14:51:51,2021-08-21 15:19:49,Fulton St & Adams St,4637,Clark St & Henry St,4789,40.69241829257847,-73.98949474096298,40.69760127,-73.99344559,member
90841,4FFFBD4EB54C01F0,classic_bike,2021-08-07 12:49:40,2021-08-07 13:16:55,Grand Army Plaza & Plaza St West,4010,Clark St & Henry St,4789,40.6729679,-73.97087984,40.69760127,-73.99344559,casual
90845,8305E9DE8ED7AFE9,classic_bike,2021-08-17 15:55:06,2021-08-17 15:58:57,Fulton St & Adams St,4637,Clark St & Henry St,4789,40.69241829257847,-73.98949474096298,40.69760127,-73.99344559,member
90846,E3A5D3979617E3F5,classic_bike,2021-08-19 17:35:07,2021-08-19 17:42:14,Fulton St & Adams St,4637,Clark St & Henry St,4789,40.69241829257847,-73.98949474096298,40.69760127,-73.99344559,member
90847,601B074669F97E8C,classic_bike,2021-08-21 09:10:27,2021-08-21 09:37:00,Grand Army Plaza & Plaza St West,4010,Clark St & Henry St,4789,40.6729679,-73.97087984,40.69760127,-73.99344559,member
90857,8E8BFB119A5AE6B4,classic_bike,2021-08-07 17:46:50,2021-08-07 18:13:40,Grand Army Plaza & Plaza St West,4010,Clark St & Henry St,4789,40.6729679,-73.97087984,40.69760127,-73.99344559,member
90863,0403A5A2F992B55C,classic_bike,2021-08-10 20:07:59,2021-08-10 20:12:19,Fulton St & Adams St,4637,Clark St & Henry St,4789,40.69241829257847,-73.98949474096298,40.69760127,-73.99344559,member
91604,B88838BC1242DE85,classic_bike,2021-08-13 18:27:52,2021-08-13 18:42:04,Barclay St & Church St,5216,Clark St & Henry St,4789,40.71291224,-74.01020234,40.69760127,-73.99344559,member
91663,C13DC7E86BDB966D,electric_bike,2021-08-12 12:31:57,2021-08-12 12:53:47,W 31 St & 7 Ave,6331,Clark St & Henry St,4789,40.749156,-73.9916,40.69760127,-73.99344559,member
91722,F42E3278AC06CE98,electric_bike,2021-08-06 16:51:05,2021-08-06 17:29:24,19 St & 8 Ave,3547,Clark St & Henry St,4789,40.658489,-73.985543,40.69760127,-73.99344559,member
93509,EEA997536A3358A9,classic_bike,2021-08-17 20:19:01,2021-08-17 20:50:21,Clark St & Henry St,4789,Kingston Ave & Herkimer St,4205,40.69760127,-73.99344559,40.67890679,-73.94142771,casual
93510,670887568E96F77B,classic_bike,2021-08-16 15:07:36,2021-08-16 15:21:22,Clark St & Henry St,4789,Degraw St & Hoyt St,4258,40.69760127,-73.99344559,40.68199044270703,-73.99079024791718,casual
121379,97BD55E246AC83B9,classic_bike,2021-08-14 12:09:25,2021-08-14 12:17:35,Clark St & Henry St,4789,Clermont Ave & Park Ave,4692,40.69760127,-73.99344559,40.69573398,-73.97129668,member
126480,986F5BA64E3DC2B0,classic_bike,2021-08-04 15:10:21,2021-08-04 15:21:46,Clark St & Henry St,4789,Clinton Ave & Myrtle Ave,4651,40.69760127,-73.99344559,40.693261,-73.968896,member
127435,6033C55A8D844501,electric_bike,2021-08-03 21:06:47,2021-08-03 21:20:55,Clark St & Henry St,4789,Clinton Ave & Myrtle Ave,4651,40.69760127,-73.99344559,40.693261,-73.968896,member
127437,D3E95373672E7B66,classic_bike,2021-08-23 18:22:49,2021-08-23 18:40:22,Clark St & Henry St,4789,Howard St & Centre St,5422,40.69760127,-73.99344559,40.71910537,-73.99973337,casual
129916,BF29D23776738710,classic_bike,2021-08-19 07:53:10,2021-08-19 08:19:32,Clark St & Henry St,4789,Thompson St & Bleecker St,5721,40.69760127,-73.99344559,40.72840059450829,-73.99968780577183,member
136371,6EB91E5919E722B6,classic_bike,2021-08-08 13:55:27,2021-08-08 14:13:48,Clark St & Henry St,4789,Front St & Washington St,4936,40.69760127,-73.99344559,40.70255088,-73.98940236,member
136374,AF5494611075CAEA,classic_bike,2021-08-17 08:32:29,2021-08-17 09:05:27,Clark St & Henry St,4789,Jefferson St & Cypress Ave,5082,40.69760127,-73.99344559,40.70907,-73.92157,member
137031,9B6869B227B2D89D,classic_bike,2021-08-01 17:07:37,2021-08-01 17:16:22,Clark St & Henry St,4789,Court St & State St,4488,40.69760127,-73.99344559,40.6902375,-73.99203074,member
137888,7AD7E47C55B6A30D,classic_bike,2021-08-22 11:36:28,2021-08-22 11:40:57,Clark St & Henry St,4789,Court St & State St,4488,40.69760127,-73.99344559,40.6902375,-73.99203074,member
137890,2116ABA628BABD27,classic_bike,2021-08-23 16:44:03,2021-08-23 16:49:28,Clark St & Henry St,4789,Court St & State St,4488,40.69760127,-73.99344559,40.6902375,-73.99203074,member
137894,88B07799C7099BE0,classic_bike,2021-08-21 12:19:54,2021-08-21 12:26:41,Clark St & Henry St,4789,Court St & State St,4488,40.69760127,-73.99344559,40.6902375,-73.99203074,member
137895,D749B3E6AC870849,classic_bike,2021-08-28 10:37:56,2021-08-28 10:57:12,Clark St & Henry St,4789,Underhill Ave & Pacific St,4231,40.69760127,-73.99344559,40.6804836,-73.9646795,member
144932,1060B83F3E558838,classic_bike,2021-08-05 12:13:22,2021-08-05 12:18:14,Clark St & Henry St,4789,Brooklyn Bridge Park - Pier 2,4756,40.69760127,-73.99344559,40.698458,-73.997178,member
149634,C3B6467E2C841A8B,classic_bike,2021-08-09 07:20:45,2021-08-09 07:51:25,Clark St & Henry St,4789,Wyckoff Av & Jefferson St,5051,40.69760127,-73.99344559,40.707165,-73.923711,member
153150,57CD2F5FE76C56F6,classic_bike,2021-08-06 17:29:48,2021-08-06 17:37:26,Clark St & Henry St,4789,Kane St & Clinton St,4455,40.69760127,-73.99344559,40.6861758,-73.99645295,casual
153154,44E81200C041AD17,classic_bike,2021-08-05 16:06:50,2021-08-05 16:12:13,Clark St & Henry St,4789,Kane St & Clinton St,4455,40.69760127,-73.99344559,40.6861758,-73.99645295,member
153155,07106F2683DC8156,classic_bike,2021-08-23 17:58:09,2021-08-23 18:05:30,Clark St & Henry St,4789,Kane St & Clinton St,4455,40.69760127,-73.99344559,40.6861758,-73.99645295,member
153156,8403F45E7F91FFFF,electric_bike,2021-08-16 22:01:29,2021-08-16 22:06:32,Clark St & Henry St,4789,Hicks St & Montague St,4645,40.69760127,-73.99344559,40.69512845,-73.99595065,member
153157,3573A829F679E354,classic_bike,2021-08-13 16:52:37,2021-08-13 16:55:15,Clark St & Henry St,4789,Hicks St & Montague St,4645,40.69760127,-73.99344559,40.69512845,-73.99595065,member
153159,2D14DB457A9865A9,classic_bike,2021-08-29 16:43:00,2021-08-29 16:47:59,Clark St & Henry St,4789,Hicks St & Montague St,4645,40.69760127,-73.99344559,40.69512845,-73.99595065,member
153160,CE56E4A66F3C67A5,classic_bike,2021-08-11 16:26:11,2021-08-11 16:32:40,Clark St & Henry St,4789,Kane St & Clinton St,4455,40.69760127,-73.99344559,40.6861758,-73.99645295,member
153161,12EE905B1DA2F97A,electric_bike,2021-08-16 07:23:21,2021-08-16 07:55:30,Clark St & Henry St,4789,Hicks St & Montague St,4645,40.69760127,-73.99344559,40.69512845,-73.99595065,member
153165,E1B4E11B5B9A99EF,classic_bike,2021-08-24 15:58:28,2021-08-24 16:05:12,Clark St & Henry St,4789,Kane St & Clinton St,4455,40.69760127,-73.99344559,40.6861758,-73.99645295,member
153171,399A610BCA56234A,classic_bike,2021-08-09 15:43:04,2021-08-09 15:45:30,Clark St & Henry St,4789,Hicks St & Montague St,4645,40.69760127,-73.99344559,40.69512845,-73.99595065,member
153172,7272E0ACE50CE9BE,classic_bike,2021-08-09 15:53:42,2021-08-09 15:56:08,Clark St & Henry St,4789,Hicks St & Montague St,4645,40.69760127,-73.99344559,40.69512845,-73.99595065,member
153173,4A339864771C8F56,classic_bike,2021-08-30 16:26:59,2021-08-30 16:33:03,Clark St & Henry St,4789,Kane St & Clinton St,4455,40.69760127,-73.99344559,40.6861758,-73.99645295,member
153175,178122B97710312B,classic_bike,2021-08-13 17:13:06,2021-08-13 17:18:56,Clark St & Henry St,4789,Kane St & Clinton St,4455,40.69760127,-73.99344559,40.6861758,-73.99645295,member
153178,10C04B9986701D89,classic_bike,2021-08-13 17:13:50,2021-08-13 17:19:02,Clark St & Henry St,4789,Kane St & Clinton St,4455,40.69760127,-73.99344559,40.6861758,-73.99645295,casual
153179,E4A4DA37EB50E9B2,electric_bike,2021-08-09 13:16:30,2021-08-09 13:19:37,Clark St & Henry St,4789,Hicks St & Montague St,4645,40.69760127,-73.99344559,40.69512845,-73.99595065,casual
153181,19B709396CA39ED0,electric_bike,2021-08-23 18:55:19,2021-08-23 18:57:34,Clark St & Henry St,4789,Hicks St & Montague St,4645,40.69760127,-73.99344559,40.69512845,-73.99595065,member
153182,61A7D6182CC8A3F6,classic_bike,2021-08-18 17:30:23,2021-08-18 17:33:23,Clark St & Henry St,4789,Hicks St & Montague St,4645,40.69760127,-73.99344559,40.69512845,-73.99595065,member
153183,E3D1FB21ED149CFB,classic_bike,2021-08-07 17:05:50,2021-08-07 17:08:24,Clark St & Henry St,4789,Hicks St & Montague St,4645,40.69760127,-73.99344559,40.69512845,-73.99595065,member
153185,E74CC53B707AE8AC,electric_bike,2021-08-20 19:13:47,2021-08-20 19:18:27,Clark St & Henry St,4789,Kane St & Clinton St,4455,40.69760127,-73.99344559,40.6861758,-73.99645295,member
153186,8C42A7EEDED3DAED,classic_bike,2021-08-10 14:50:47,2021-08-10 14:53:24,Clark St & Henry St,4789,Hicks St & Montague St,4645,40.69760127,-73.99344559,40.69512845,-73.99595065,member
153187,E18730FBD57EE860,classic_bike,2021-08-18 13:36:43,2021-08-18 13:39:35,Clark St & Henry St,4789,Hicks St & Montague St,4645,40.69760127,-73.99344559,40.69512845,-73.99595065,member
153194,1AF062AB192F1C35,classic_bike,2021-08-18 15:36:57,2021-08-18 15:42:57,Clark St & Henry St,4789,Kane St & Clinton St,4455,40.69760127,-73.99344559,40.6861758,-73.99645295,casual
153201,3DC382E36A08F4D4,classic_bike,2021-08-03 11:50:35,2021-08-03 12:04:02,Clark St & Henry St,4789,Kane St & Clinton St,4455,40.69760127,-73.99344559,40.6861758,-73.99645295,member
153202,824D4BA91228B9E8,classic_bike,2021-08-23 17:12:36,2021-08-23 17:15:06,Clark St & Henry St,4789,Hicks St & Montague St,4645,40.69760127,-73.99344559,40.69512845,-73.99595065,member
153203,7CF63EABB1AFB680,classic_bike,2021-08-13 20:39:37,2021-08-13 20:44:32,Clark St & Henry St,4789,Hicks St & Montague St,4645,40.69760127,-73.99344559,40.69512845,-73.99595065,member
153204,0D7EB3EF3C167CE5,classic_bike,2021-08-30 17:48:27,2021-08-30 18:12:13,Clark St & Henry St,4789,St James Pl & Pearl St,5167,40.69760127,-73.99344559,40.71117416,-74.00016545,member
153206,75B8CE921091B2A6,classic_bike,2021-08-02 17:48:54,2021-08-02 18:20:06,Clark St & Henry St,4789,St James Pl & Pearl St,5167,40.69760127,-73.99344559,40.71117416,-74.00016545,member
153207,9BCB0B46A88552FB,classic_bike,2021-08-17 16:24:47,2021-08-17 16:30:58,Clark St & Henry St,4789,Kane St & Clinton St,4455,40.69760127,-73.99344559,40.6861758,-73.99645295,member
153208,1EF4627653A7B0BE,electric_bike,2021-08-12 14:15:51,2021-08-12 14:21:54,Clark St & Henry St,4789,Kane St & Clinton St,4455,40.69760127,-73.99344559,40.6861758,-73.99645295,member
153209,0B0AF70073545AB0,classic_bike,2021-08-28 14:31:37,2021-08-28 14:34:12,Clark St & Henry St,4789,Hicks St & Montague St,4645,40.69760127,-73.99344559,40.69512845,-73.99595065,member
153210,681D408E30CF8047,classic_bike,2021-08-13 11:29:45,2021-08-13 11:47:35,Clark St & Henry St,4789,Hicks St & Montague St,4645,40.69760127,-73.99344559,40.69512845,-73.99595065,member
153217,014661D7BD665AD6,electric_bike,2021-08-24 17:44:16,2021-08-24 21:21:09,Clark St & Henry St,4789,Hicks St & Montague St,4645,40.69760127,-73.99344559,40.69512845,-73.99595065,casual
153222,6C0E04D20D37F399,classic_bike,2021-08-19 18:45:20,2021-08-19 18:47:31,Clark St & Henry St,4789,Hicks St & Montague St,4645,40.69760127,-73.99344559,40.69512845,-73.99595065,member
153223,1730B2AE97C383E3,classic_bike,2021-08-26 17:02:19,2021-08-26 17:05:00,Clark St & Henry St,4789,Hicks St & Montague St,4645,40.69760127,-73.99344559,40.69512845,-73.99595065,member
153227,05620BBFE69C4C7E,classic_bike,2021-08-18 17:21:13,2021-08-18 17:23:07,Clark St & Henry St,4789,Hicks St & Montague St,4645,40.69760127,-73.99344559,40.69512845,-73.99595065,member
153229,9329765827F6D08F,classic_bike,2021-08-05 16:28:54,2021-08-05 16:36:50,Clark St & Henry St,4789,Kane St & Clinton St,4455,40.69760127,-73.99344559,40.6861758,-73.99645295,member
153230,0F0BC383B880D64E,classic_bike,2021-08-05 19:11:06,2021-08-05 19:13:12,Clark St & Henry St,4789,Hicks St & Montague St,4645,40.69760127,-73.99344559,40.69512845,-73.99595065,member
153231,54B5A6525529823E,classic_bike,2021-08-10 19:58:05,2021-08-10 20:04:51,Clark St & Henry St,4789,Kane St & Clinton St,4455,40.69760127,-73.99344559,40.6861758,-73.99645295,member
154606,B497A47E3B116BB4,classic_bike,2021-08-21 15:13:32,2021-08-21 15:23:05,Clark St & Henry St,4789,Kane St & Clinton St,4455,40.69760127,-73.99344559,40.6861758,-73.99645295,member
154609,9C1B522444AACCA6,electric_bike,2021-08-23 20:57:54,2021-08-23 21:07:14,Clark St & Henry St,4789,Hicks St & Montague St,4645,40.69760127,-73.99344559,40.69512845,-73.99595065,member
154610,F6B20CB4110C7C60,classic_bike,2021-08-01 12:41:01,2021-08-01 12:43:13,Clark St & Henry St,4789,Hicks St & Montague St,4645,40.69760127,-73.99344559,40.69512845,-73.99595065,member
154612,57041205E08782CD,classic_bike,2021-08-25 17:57:59,2021-08-25 18:05:03,Clark St & Henry St,4789,Kane St & Clinton St,4455,40.69760127,-73.99344559,40.6861758,-73.99645295,member
164329,26CEF005BF8F49AF,electric_bike,2021-08-25 11:30:57,2021-08-25 12:05:43,Clark St & Henry St,4789,Metropolitan Ave & Bedford Ave,5308,40.69760127,-73.99344559,40.71534825,-73.96024116,member
165234,0A8793C3A8CADF96,classic_bike,2021-08-25 15:17:19,2021-08-25 15:31:27,Clark St & Henry St,4789,Carlton Ave & Dean St,4199,40.69760127,-73.99344559,40.6809741,-73.9710097,member
165235,5F0D4259460F0353,classic_bike,2021-08-01 17:49:58,2021-08-01 18:03:59,Clark St & Henry St,4789,Bergen St & 4 Ave,4322,40.69760127,-73.99344559,40.68256425759694,-73.9798977971077,member
168534,302DAC9B66DDDE68,electric_bike,2021-08-09 07:52:16,2021-08-09 08:18:04,Clark St & Henry St,4789,W 34 St & 11 Ave,6578,40.69760127,-73.99344559,40.75594159,-74.0021163,member
169102,930F1A3621AD60EA,classic_bike,2021-08-28 20:30:04,2021-08-28 21:27:14,Clark St & Henry St,4789,Bayard St & Baxter St,5351,40.69760127,-73.99344559,40.71602118,-73.99974372,casual
186458,85BFEED82B0AEA2E,classic_bike,2021-08-20 14:24:46,2021-08-20 14:36:11,Clark St & Henry St,4789,Bond St & Fulton St,4479,40.69760127,-73.99344559,40.68962188790333,-73.98304268717766,member
193699,01DAB78DAFF91A4C,electric_bike,2021-08-15 20:21:28,2021-08-15 20:41:25,Clark St & Henry St,4789,Putnam Ave & Throop Ave,4392,40.69760127,-73.99344559,40.6851532,-73.94111,member
194325,57C2CB33500D3DA0,classic_bike,2021-08-21 19:52:10,2021-08-21 20:01:27,Clark St & Henry St,4789,Columbia St & Kane St,4422,40.69760127,-73.99344559,40.68763155,-74.0016256,casual
196500,E0FCE592CC6D1B4D,classic_bike,2021-08-24 12:03:30,2021-08-24 12:11:25,Clark St & Henry St,4789,Butler St & Court St,4339,40.69760127,-73.99344559,40.6849894,-73.99440329,member
196502,5FECC3AED5C41759,classic_bike,2021-08-02 19:46:18,2021-08-02 19:55:57,Clark St & Henry St,4789,Butler St & Court St,4339,40.69760127,-73.99344559,40.6849894,-73.99440329,member
196521,7E44DD02634999BD,classic_bike,2021-08-14 14:18:44,2021-08-14 14:32:54,Clark St & Henry St,4789,Columbia St & Kane St,4422,40.69760127,-73.99344559,40.68763155,-74.0016256,member
196523,9374D0F2EB1A6515,classic_bike,2021-08-05 10:25:37,2021-08-05 10:32:43,Clark St & Henry St,4789,Butler St & Court St,4339,40.69760127,-73.99344559,40.6849894,-73.99440329,member
196526,5169D050F6637FEE,classic_bike,2021-08-23 22:56:06,2021-08-23 23:02:56,Clark St & Henry St,4789,Columbia St & Kane St,4422,40.69760127,-73.99344559,40.68763155,-74.0016256,member
196527,76634D08EEFA33C0,classic_bike,2021-08-06 18:32:22,2021-08-06 18:38:56,Clark St & Henry St,4789,Columbia St & Kane St,4422,40.69760127,-73.99344559,40.68763155,-74.0016256,casual
196529,969527642A3F218F,classic_bike,2021-08-05 19:01:41,2021-08-05 19:10:00,Clark St & Henry St,4789,Butler St & Court St,4339,40.69760127,-73.99344559,40.6849894,-73.99440329,member
196530,16A6916147D0190F,classic_bike,2021-08-25 20:09:59,2021-08-25 20:17:58,Clark St & Henry St,4789,Columbia St & Kane St,4422,40.69760127,-73.99344559,40.68763155,-74.0016256,member
196531,45ABF2F36041F128,classic_bike,2021-08-16 23:23:42,2021-08-16 23:31:39,Clark St & Henry St,4789,Columbia St & Kane St,4422,40.69760127,-73.99344559,40.68763155,-74.0016256,member
196565,814D06125DD39454,classic_bike,2021-08-19 22:05:03,2021-08-19 22:12:03,Clark St & Henry St,4789,Butler St & Court St,4339,40.69760127,-73.99344559,40.6849894,-73.99440329,member
196567,B1FD430C25CCDB36,classic_bike,2021-08-02 19:45:55,2021-08-02 19:55:58,Clark St & Henry St,4789,Butler St & Court St,4339,40.69760127,-73.99344559,40.6849894,-73.99440329,casual
197535,213A3EF2B19262CF,electric_bike,2021-08-13 16:16:36,2021-08-13 16:38:17,Clark St & Henry St,4789,Great Jones St,5636,40.69760127,-73.99344559,40.72743423,-73.99379025,member
197563,0BB226039A82749C,classic_bike,2021-08-26 09:45:15,2021-08-26 09:50:23,Clark St & Henry St,4789,Lawrence St & Willoughby St,4596,40.69760127,-73.99344559,40.69236178,-73.98631746,member
197564,F6B8E5C8C158D8E5,classic_bike,2021-08-21 10:35:26,2021-08-21 10:40:32,Clark St & Henry St,4789,Lawrence St & Willoughby St,4596,40.69760127,-73.99344559,40.69236178,-73.98631746,member
197565,2A7EA0F8DE2824AC,classic_bike,2021-08-17 09:39:46,2021-08-17 10:08:19,Clark St & Henry St,4789,Lorimer St & Calyer St,5709,40.69760127,-73.99344559,40.72795,-73.95414,member
197566,69BED1A34854D49A,electric_bike,2021-08-20 09:53:25,2021-08-20 10:14:13,Clark St & Henry St,4789,Lorimer St & Calyer St,5709,40.69760127,-73.99344559,40.72795,-73.95414,member
197570,25422248786F13AB,classic_bike,2021-08-04 11:20:19,2021-08-04 11:27:25,Clark St & Henry St,4789,Lawrence St & Willoughby St,4596,40.69760127,-73.99344559,40.69236178,-73.98631746,member
197576,97A09636823CBDC9,classic_bike,2021-08-30 22:38:37,2021-08-30 22:45:52,Clark St & Henry St,4789,Lawrence St & Willoughby St,4596,40.69760127,-73.99344559,40.69236178,-73.98631746,casual
197579,E97FE323608D07EF,classic_bike,2021-08-20 22:51:58,2021-08-20 23:40:33,Clark St & Henry St,4789,Smith St & 9 St,4077,40.69760127,-73.99344559,40.6746957,-73.99785768,casual
210077,94AC3A0E0A42D331,classic_bike,2021-08-25 13:18:10,2021-08-25 13:23:13,Clark St & Henry St,4789,Court St & State St,4488,40.69760127,-73.99344559,40.6902375,-73.99203074,member
210105,4D24FC187833A4CB,classic_bike,2021-08-22 08:03:56,2021-08-22 08:08:06,Clark St & Henry St,4789,Court St & State St,4488,40.69760127,-73.99344559,40.6902375,-73.99203074,member
210106,77C9EAD4102EC4B7,classic_bike,2021-08-15 07:04:36,2021-08-15 07:09:33,Clark St & Henry St,4789,Court St & State St,4488,40.69760127,-73.99344559,40.6902375,-73.99203074,member
210109,4A7421FE9ADEB5F6,classic_bike,2021-08-11 16:47:44,2021-08-11 16:52:34,Clark St & Henry St,4789,Court St & State St,4488,40.69760127,-73.99344559,40.6902375,-73.99203074,member
210111,32149BC4EF1E4E37,classic_bike,2021-08-03 17:16:12,2021-08-03 17:20:36,Clark St & Henry St,4789,Court St & State St,4488,40.69760127,-73.99344559,40.6902375,-73.99203074,member
210112,A7F4F241E285C046,electric_bike,2021-08-15 03:22:24,2021-08-15 03:43:01,Clark St & Henry St,4789,Delancey St & Eldridge St,5414,40.69760127,-73.99344559,40.719383,-73.991479,member
210113,9A46FC9E1819A77B,classic_bike,2021-08-12 22:40:19,2021-08-12 23:08:06,Clark St & Henry St,4789,Underhill Ave & Pacific St,4231,40.69760127,-73.99344559,40.6804836,-73.9646795,casual
210582,1B99B566FA13E74C,classic_bike,2021-08-10 12:21:48,2021-08-10 12:26:19,Clark St & Henry St,4789,Court St & State St,4488,40.69760127,-73.99344559,40.6902375,-73.99203074,member
210584,5D0B84B6A924EDFF,classic_bike,2021-08-01 09:44:51,2021-08-01 09:52:28,Clark St & Henry St,4789,Court St & State St,4488,40.69760127,-73.99344559,40.6902375,-73.99203074,member
211275,1A348B8407A810DE,classic_bike,2021-08-14 19:07:08,2021-08-14 19:12:35,Clark St & Henry St,4789,Court St & State St,4488,40.69760127,-73.99344559,40.6902375,-73.99203074,member
214589,321A180C77374BD6,classic_bike,2021-08-31 19:55:18,2021-08-31 20:25:53,Clark St & Henry St,4789,11 Ave & W 27 St,6425,40.69760127,-73.99344559,40.751396,-74.005226,member
214609,B371912CE6BB2FAB,classic_bike,2021-08-30 16:51:17,2021-08-30 17:25:25,Clark St & Henry St,4789,Bushwick Ave & Forrest St,4914,40.69760127,-73.99344559,40.70076,-73.93641,casual
217539,5C5BF168E1FC5699,classic_bike,2021-08-11 12:38:31,2021-08-11 13:25:59,Clark St & Henry St,4789,Leonard St & Maujer St,5148,40.69760127,-73.99344559,40.7103685423523,-73.94705951213837,casual
217990,87F3BD097BCADA18,classic_bike,2021-08-11 12:37:49,2021-08-11 13:25:42,Clark St & Henry St,4789,Leonard St & Maujer St,5148,40.69760127,-73.99344559,40.7103685423523,-73.94705951213837,casual
223760,318252E3A7E152D3,classic_bike,2021-08-03 10:39:34,2021-08-03 10:57:56,Clark St & Henry St,4789,Clinton St & Grand St,5303,40.69760127,-73.99344559,40.71559509,-73.9870295,casual
223837,372D3D2A658D3628,classic_bike,2021-08-30 00:21:27,2021-08-30 00:36:47,Clark St & Henry St,4789,Smith St & 3 St,4151,40.69760127,-73.99344559,40.6787242,-73.99599099,casual
223838,FDF97124F87C3A8F,classic_bike,2021-08-05 15:29:20,2021-08-05 16:21:22,Clark St & Henry St,4789,10 Ave & W 14 St,6157,40.69760127,-73.99344559,40.74198159994023,-74.00831580162048,casual
227311,956F131B85AE208A,electric_bike,2021-08-10 09:04:50,2021-08-10 09:17:20,Clark St & Henry St,4789,Clinton St\t& Cherry St,5190,40.69760127,-73.99344559,40.711471394469264,-73.98672603070736,member
227312,BE2F46AC4ACB11D9,electric_bike,2021-08-21 08:23:02,2021-08-21 08:36:32,Clark St & Henry St,4789,Clinton St\t& Cherry St,5190,40.69760127,-73.99344559,40.711471394469264,-73.98672603070736,member
230169,3447B2642ADEAF4A,classic_bike,2021-08-29 18:14:17,2021-08-29 18:40:28,Clark St & Henry St,4789,Greene Ave & Nostrand Ave,4519,40.69760127,-73.99344559,40.6883337,-73.950916,member
233600,2032DB3C0E1BBB0D,classic_bike,2021-08-15 23:52:10,2021-08-16 00:44:13,Clark St & Henry St,4789,Spruce St & Nassau St,5137,40.69760127,-73.99344559,40.71146364,-74.00552427,casual
233612,A51988A251B3DFE2,electric_bike,2021-08-02 18:17:58,2021-08-02 18:29:11,Clark St & Henry St,4789,Spruce St & Nassau St,5137,40.69760127,-73.99344559,40.71146364,-74.00552427,member
236882,64E7CE96B1A35136,classic_bike,2021-08-21 15:28:17,2021-08-21 15:51:16,Clark St & Henry St,4789,Carroll St & 5 Ave,4060,40.69760127,-73.99344559,40.6751622,-73.9814832,casual
241936,49BC8AD1901F27D9,classic_bike,2021-08-17 21:49:42,2021-08-17 21:56:07,Clark St & Henry St,4789,Henry St & Atlantic Ave,4531,40.69760127,-73.99344559,40.69089272,-73.99612349,member
241938,E5648482ED7F54B6,classic_bike,2021-08-09 00:14:29,2021-08-09 00:22:21,Clark St & Henry St,4789,Henry St & Atlantic Ave,4531,40.69760127,-73.99344559,40.69089272,-73.99612349,member
241939,2BE54C0E8882503B,classic_bike,2021-08-17 15:34:46,2021-08-17 15:38:25,Clark St & Henry St,4789,Henry St & Atlantic Ave,4531,40.69760127,-73.99344559,40.69089272,-73.99612349,casual
241941,BEF5974703623EE1,classic_bike,2021-08-03 23:49:09,2021-08-03 23:51:44,Clark St & Henry St,4789,Henry St & Atlantic Ave,4531,40.69760127,-73.99344559,40.69089272,-73.99612349,casual
241942,CBC4E8F77E6482C2,classic_bike,2021-08-13 22:23:44,2021-08-13 22:29:03,Clark St & Henry St,4789,Henry St & Atlantic Ave,4531,40.69760127,-73.99344559,40.69089272,-73.99612349,casual
241945,608F27E4939EF29E,electric_bike,2021-08-31 19:46:00,2021-08-31 19:49:12,Clark St & Henry St,4789,Henry St & Atlantic Ave,4531,40.69760127,-73.99344559,40.69089272,-73.99612349,casual
241953,712E26E3677D27DE,classic_bike,2021-08-11 13:20:07,2021-08-11 13:38:12,Clark St & Henry St,4789,Willoughby Ave & Hall St,4611,40.69760127,-73.99344559,40.69196035,-73.96536851,member
241955,F78619E65BF878B0,classic_bike,2021-08-11 18:37:53,2021-08-11 18:44:13,Clark St & Henry St,4789,Henry St & Atlantic Ave,4531,40.69760127,-73.99344559,40.69089272,-73.99612349,casual
241956,07EA2AB0EE103D30,classic_bike,2021-08-13 22:23:51,2021-08-13 22:29:38,Clark St & Henry St,4789,Henry St & Atlantic Ave,4531,40.69760127,-73.99344559,40.69089272,-73.99612349,casual
241957,B53739B79C061B89,classic_bike,2021-08-14 13:53:04,2021-08-14 13:56:35,Clark St & Henry St,4789,Henry St & Atlantic Ave,4531,40.69760127,-73.99344559,40.69089272,-73.99612349,casual
241981,199362EA24433070,classic_bike,2021-08-08 11:24:16,2021-08-08 11:27:27,Clark St & Henry St,4789,Henry St & Atlantic Ave,4531,40.69760127,-73.99344559,40.69089272,-73.99612349,member
241983,BF673F10E25935AC,classic_bike,2021-08-06 06:58:00,2021-08-06 07:01:08,Clark St & Henry St,4789,Henry St & Atlantic Ave,4531,40.69760127,-73.99344559,40.69089272,-73.99612349,member
241984,77347A78768688DB,classic_bike,2021-08-15 17:17:35,2021-08-15 17:22:17,Clark St & Henry St,4789,Henry St & Atlantic Ave,4531,40.69760127,-73.99344559,40.69089272,-73.99612349,member
242003,4F07F6C50D34E06F,classic_bike,2021-08-30 14:16:19,2021-08-30 14:19:42,Clark St & Henry St,4789,Henry St & Atlantic Ave,4531,40.69760127,-73.99344559,40.69089272,-73.99612349,member
242004,2077A7D982B2FAA0,classic_bike,2021-08-10 14:39:51,2021-08-10 14:42:54,Clark St & Henry St,4789,Henry St & Atlantic Ave,4531,40.69760127,-73.99344559,40.69089272,-73.99612349,member
242006,537E30B1C51E2B8C,classic_bike,2021-08-11 13:41:36,2021-08-11 13:44:51,Clark St & Henry St,4789,Henry St & Atlantic Ave,4531,40.69760127,-73.99344559,40.69089272,-73.99612349,member
242007,639A966333F0AF53,classic_bike,2021-08-03 17:08:56,2021-08-03 17:12:05,Clark St & Henry St,4789,Henry St & Atlantic Ave,4531,40.69760127,-73.99344559,40.69089272,-73.99612349,member
242008,2186475BAB224EED,classic_bike,2021-08-19 17:32:12,2021-08-19 17:35:47,Clark St & Henry St,4789,Henry St & Atlantic Ave,4531,40.69760127,-73.99344559,40.69089272,-73.99612349,member
242012,C7A094D66DCB030D,classic_bike,2021-08-17 21:16:41,2021-08-17 21:32:23,Clark St & Henry St,4789,Henry St & Atlantic Ave,4531,40.69760127,-73.99344559,40.69089272,-73.99612349,member
242018,E95031DBB7E6200A,docked_bike,2021-08-29 19:34:51,2021-08-29 19:38:06,Clark St & Henry St,4789,Henry St & Atlantic Ave,4531,40.697601,-73.993446,40.690893,-73.996123,casual
242020,6119069C7429B31B,classic_bike,2021-08-17 19:59:05,2021-08-17 20:02:28,Clark St & Henry St,4789,Henry St & Atlantic Ave,4531,40.69760127,-73.99344559,40.69089272,-73.99612349,member
242021,D98F837F4F36750B,classic_bike,2021-08-14 12:10:29,2021-08-14 12:17:01,Clark St & Henry St,4789,Henry St & Atlantic Ave,4531,40.69760127,-73.99344559,40.69089272,-73.99612349,member
242022,BA0EC214080D083D,classic_bike,2021-08-19 14:32:23,2021-08-19 14:35:09,Clark St & Henry St,4789,Henry St & Atlantic Ave,4531,40.69760127,-73.99344559,40.69089272,-73.99612349,member
242023,33ADCA1BD75DC4A4,classic_bike,2021-08-09 11:27:15,2021-08-09 11:41:51,Clark St & Henry St,4789,Henry St & Atlantic Ave,4531,40.69760127,-73.99344559,40.69089272,-73.99612349,member
242024,66B54D2FC774317C,classic_bike,2021-08-30 18:02:19,2021-08-30 18:04:55,Clark St & Henry St,4789,Henry St & Atlantic Ave,4531,40.69760127,-73.99344559,40.69089272,-73.99612349,member
242030,5E860EF2AA14E237,electric_bike,2021-08-28 23:52:33,2021-08-29 00:12:52,Clark St & Henry St,4789,Henry St & Atlantic Ave,4531,40.69760127,-73.99344559,40.69089272,-73.99612349,casual
242034,83996048999ACB3A,electric_bike,2021-08-08 15:14:11,2021-08-08 15:16:37,Clark St & Henry St,4789,Henry St & Atlantic Ave,4531,40.69760127,-73.99344559,40.69089272,-73.99612349,member
242036,604C38F32F062277,classic_bike,2021-08-16 14:35:42,2021-08-16 15:04:41,Clark St & Henry St,4789,Rockaway Ave & Bainbridge St,4285,40.69760127,-73.99344559,40.68319988172761,-73.91166642308235,member
242110,FAE067D8D5425ABC,classic_bike,2021-08-21 17:58:48,2021-08-21 18:02:29,Clark St & Henry St,4789,Henry St & Atlantic Ave,4531,40.69760127,-73.99344559,40.69089272,-73.99612349,member
242111,D50E8EF13491341F,classic_bike,2021-08-26 11:16:51,2021-08-26 11:20:02,Clark St & Henry St,4789,Henry St & Atlantic Ave,4531,40.69760127,-73.99344559,40.69089272,-73.99612349,member
242112,56AD160893FD67A8,classic_bike,2021-08-15 18:44:04,2021-08-15 18:48:57,Clark St & Henry St,4789,Henry St & Atlantic Ave,4531,40.69760127,-73.99344559,40.69089272,-73.99612349,member
242116,DCE81B9284137A7C,classic_bike,2021-08-18 18:39:46,2021-08-18 18:45:08,Clark St & Henry St,4789,Henry St & Atlantic Ave,4531,40.69760127,-73.99344559,40.69089272,-73.99612349,casual
242134,7BFA050100A00B71,electric_bike,2021-08-24 10:12:29,2021-08-24 10:15:04,Clark St & Henry St,4789,Henry St & Atlantic Ave,4531,40.69760127,-73.99344559,40.69089272,-73.99612349,member
242135,A592CB510DD0166B,classic_bike,2021-08-21 15:59:47,2021-08-21 16:11:46,Clark St & Henry St,4789,Henry St & Atlantic Ave,4531,40.69760127,-73.99344559,40.69089272,-73.99612349,member
242140,798B6A3E130CCCE4,classic_bike,2021-08-26 10:26:11,2021-08-26 10:29:07,Clark St & Henry St,4789,Henry St & Atlantic Ave,4531,40.69760127,-73.99344559,40.69089272,-73.99612349,member
242142,5DA4F6BFA2F46B59,classic_bike,2021-08-29 17:13:52,2021-08-29 17:19:22,Clark St & Henry St,4789,Henry St & Atlantic Ave,4531,40.69760127,-73.99344559,40.69089272,-73.99612349,casual
242319,EFEAA47A77CABB23,classic_bike,2021-08-20 17:29:55,2021-08-20 17:32:45,Clark St & Henry St,4789,Henry St & Atlantic Ave,4531,40.69760127,-73.99344559,40.69089272,-73.99612349,member
242320,BB11702B6A061FEA,classic_bike,2021-08-20 14:23:30,2021-08-20 14:26:02,Clark St & Henry St,4789,Henry St & Atlantic Ave,4531,40.69760127,-73.99344559,40.69089272,-73.99612349,member
244843,0A5BEF813DE6B210,classic_bike,2021-08-09 12:30:08,2021-08-09 12:34:24,Clark St & Henry St,4789,Front St & Jay St,4895,40.69760127,-73.99344559,40.702461,-73.986842,member
244848,534C6219B60DDC0D,classic_bike,2021-08-06 23:32:10,2021-08-06 23:40:50,Clark St & Henry St,4789,,nan,40.69760127,-73.99344559,40.7,-74.0,casual
244849,A69FB8FB801F8343,electric_bike,2021-08-15 20:39:28,2021-08-15 20:50:58,Clark St & Henry St,4789,Front St & Jay St,4895,40.69760127,-73.99344559,40.702461,-73.986842,casual
244850,9EDB2FAB44D7E07D,classic_bike,2021-08-20 20:25:11,2021-08-20 20:30:21,Clark St & Henry St,4789,Dock St & Front St,4903,40.69760127,-73.99344559,40.702709,-73.99253,casual
250449,B4A6E8D075BE768C,electric_bike,2021-08-22 09:49:43,2021-08-22 10:19:13,Clark St & Henry St,4789,1 Ave & E 68 St,6822,40.69760127,-73.99344559,40.76500525,-73.95818491,member
250460,2F17B933B0134175,electric_bike,2021-08-12 18:47:06,2021-08-12 19:14:55,Clark St & Henry St,4789,Kingston Ave & Herkimer St,4205,40.69760127,-73.99344559,40.67890679,-73.94142771,casual
256435,74CCB2280EB60951,classic_bike,2021-08-26 09:47:23,2021-08-26 09:59:22,Clark St & Henry St,4789,Washington Park,4546,40.69760127,-73.99344559,40.6917823,-73.9737299,member
279224,56E9C58F7F4D2059,classic_bike,2021-08-31 19:19:47,2021-08-31 20:01:44,Clark St & Henry St,4789,W 47 St & 10 Ave,6824,40.69760127,-73.99344559,40.76269882,-73.99301222,member
285048,2112784C022B6CED,electric_bike,2021-08-24 18:46:15,2021-08-24 19:53:27,Clark St & Henry St,4789,8 Ave & W 38 St,6526,40.69760127,-73.99344559,40.75461,-73.99177,casual
287122,D79F3E27AF4623E1,electric_bike,2021-08-31 02:02:39,2021-08-31 02:18:37,Clark St & Henry St,4789,Grand Ave & Bergen St,4190,40.69760127,-73.99344559,40.678045,-73.962408,member
287126,C95CC2BC655F048F,classic_bike,2021-08-03 16:02:46,2021-08-03 16:20:45,Clark St & Henry St,4789,Grand Ave & Bergen St,4190,40.69760127,-73.99344559,40.678045,-73.962408,member
290140,16D3D4F351A98871,electric_bike,2021-08-05 10:16:52,2021-08-05 10:20:22,Clinton St & Joralemon St,4605,Clark St & Henry St,4789,40.69239502,-73.99337909,40.69760127,-73.99344559,member
290143,1021B4035C8646A3,classic_bike,2021-08-08 15:51:36,2021-08-08 16:04:42,Forsyth St & Canal St,5270,Clark St & Henry St,4789,40.7158155,-73.99422366,40.69760127,-73.99344559,member
290159,EA53E0F5ADDDB0C3,classic_bike,2021-08-19 20:42:44,2021-08-19 20:52:38,Clinton St & 4 Place,4119,Clark St & Henry St,4789,40.6783563,-74.00014502,40.69760127,-73.99344559,casual
290162,D681BAE8975F9778,electric_bike,2021-08-13 22:19:37,2021-08-13 22:43:18,S 4 St & Rodney St,5156,Clark St & Henry St,4789,40.70934,-73.95608,40.69760127,-73.99344559,casual
290167,64A576BDFAF06423,classic_bike,2021-08-04 10:12:39,2021-08-04 10:16:08,Clinton St & Joralemon St,4605,Clark St & Henry St,4789,40.69239502,-73.99337909,40.69760127,-73.99344559,member
290168,A3B53F790C701817,classic_bike,2021-08-03 15:14:39,2021-08-03 15:21:25,Clinton St & Joralemon St,4605,Clark St & Henry St,4789,40.69239502,-73.99337909,40.69760127,-73.99344559,member
290171,B73A98BEB62B7E09,classic_bike,2021-08-18 17:05:52,2021-08-18 17:46:10,E 51 St & Lexington Ave,6659,Clark St & Henry St,4789,40.75714758,-73.97207836,40.69760127,-73.99344559,member
290185,16970C78D32632C5,classic_bike,2021-08-03 19:46:11,2021-08-03 19:49:57,Clinton St & Joralemon St,4605,Clark St & Henry St,4789,40.69239502,-73.99337909,40.69760127,-73.99344559,member
290192,958B2AC6B6D16F6F,electric_bike,2021-08-09 23:54:17,2021-08-10 00:04:27,Forsyth St & Canal St,5270,Clark St & Henry St,4789,40.7158155,-73.99422366,40.69760127,-73.99344559,member
290193,D3E9017490308971,classic_bike,2021-08-31 09:30:24,2021-08-31 09:34:55,Clinton St & Joralemon St,4605,Clark St & Henry St,4789,40.69239502,-73.99337909,40.69760127,-73.99344559,member
290216,FFD83DBBEA1CDAEF,classic_bike,2021-08-12 18:48:40,2021-08-12 19:03:50,Vesey Pl & River Terrace,5297,Clark St & Henry St,4789,40.7153379,-74.01658354,40.69760127,-73.99344559,member
290253,E69286ECE886F2A5,classic_bike,2021-08-27 23:22:13,2021-08-27 23:31:52,DeKalb Ave & S Portland Ave,4546,Clark St & Henry St,4789,40.68981035,-73.97493121,40.69760127,-73.99344559,member
290255,118B8A15E4BCF0B1,classic_bike,2021-08-20 17:35:25,2021-08-20 17:48:27,DeKalb Ave & S Portland Ave,4546,Clark St & Henry St,4789,40.68981035,-73.97493121,40.69760127,-73.99344559,member
290259,FAB1C22D83D2AAC6,classic_bike,2021-08-28 19:16:10,2021-08-28 19:27:45,DeKalb Ave & S Portland Ave,4546,Clark St & Henry St,4789,40.68981035,-73.97493121,40.69760127,-73.99344559,member
290261,E905290F8B138C75,classic_bike,2021-08-07 02:08:15,2021-08-07 02:40:15,N 6 St & Bedford Ave,5379,Clark St & Henry St,4789,40.71745169,-73.95850939,40.69760127,-73.99344559,casual
290269,E00F3BB9A2E7A9BD,classic_bike,2021-08-18 22:16:21,2021-08-18 22:46:29,W 13 St & 7 Ave,6030,Clark St & Henry St,4789,40.73781509,-73.99994661,40.69760127,-73.99344559,member
290272,EC5CB2BE3DD5E980,classic_bike,2021-08-07 11:56:56,2021-08-07 12:23:15,N 6 St & Bedford Ave,5379,Clark St & Henry St,4789,40.71745169,-73.95850939,40.69760127,-73.99344559,member
290279,30EDF549D838CA00,classic_bike,2021-08-24 02:41:26,2021-08-24 03:06:38,N 6 St & Bedford Ave,5379,Clark St & Henry St,4789,40.71745169,-73.95850939,40.69760127,-73.99344559,casual
290281,9C28D0AC4424476C,electric_bike,2021-08-02 22:45:25,2021-08-02 23:18:37,Kingston Ave & Herkimer St,4205,Clark St & Henry St,4789,40.67890679,-73.94142771,40.69760127,-73.99344559,casual
290288,6C0F62AA3DA4F088,classic_bike,2021-08-06 09:15:47,2021-08-06 09:24:56,Washington Park,4546,Clark St & Henry St,4789,40.6917823,-73.9737299,40.69760127,-73.99344559,casual
290296,CD39EFD0441668ED,classic_bike,2021-08-16 15:51:03,2021-08-16 16:03:29,Degraw St & Hoyt St,4258,Clark St & Henry St,4789,40.68199044270703,-73.99079024791718,40.69760127,-73.99344559,casual
290308,8003B933833B6A1C,electric_bike,2021-08-15 19:33:41,2021-08-15 19:53:48,3 St & Prospect Park West,3865,Clark St & Henry St,4789,40.668132,-73.97363831,40.69760127,-73.99344559,member
290312,5EF90190B326D143,classic_bike,2021-08-17 18:17:43,2021-08-17 18:45:05,Kingston Ave & Herkimer St,4205,Clark St & Henry St,4789,40.67890679,-73.94142771,40.69760127,-73.99344559,casual
290324,F699BEA69A1A665A,electric_bike,2021-08-28 20:49:54,2021-08-28 20:53:09,Schermerhorn St & Court St,4565,Clark St & Henry St,4789,40.69102925677968,-73.99183362722397,40.69760127,-73.99344559,member
290344,8FD51A910CCBEAA8,electric_bike,2021-08-03 13:08:30,2021-08-03 13:33:48,Bank St & Hudson St,5922,Clark St & Henry St,4789,40.73652889,-74.00618026,40.69760127,-73.99344559,member
290352,1411AAA51A6CC36F,classic_bike,2021-08-30 12:32:37,2021-08-30 12:36:14,Schermerhorn St & Court St,4565,Clark St & Henry St,4789,40.69102925677968,-73.99183362722397,40.69760127,-73.99344559,member
290354,08B85D7DC6C5AD35,classic_bike,2021-08-23 16:23:34,2021-08-23 16:51:59,Schermerhorn St & Court St,4565,Clark St & Henry St,4789,40.69102925677968,-73.99183362722397,40.69760127,-73.99344559,member
290355,5DC716AFF7A473E6,classic_bike,2021-08-27 13:14:44,2021-08-27 13:19:43,Schermerhorn St & Court St,4565,Clark St & Henry St,4789,40.69102925677968,-73.99183362722397,40.69760127,-73.99344559,member
290399,90E3E4B249390610,classic_bike,2021-08-23 10:27:35,2021-08-23 10:31:20,Schermerhorn St & Court St,4565,Clark St & Henry St,4789,40.69102925677968,-73.99183362722397,40.69760127,-73.99344559,member
290400,C0C98C6D4B718D78,classic_bike,2021-08-31 11:50:21,2021-08-31 11:58:38,Schermerhorn St & Court St,4565,Clark St & Henry St,4789,40.69102925677968,-73.99183362722397,40.69760127,-73.99344559,casual
290401,0B448ED61159BD51,classic_bike,2021-08-31 15:42:50,2021-08-31 15:50:20,Henry St & Degraw St,4380,Clark St & Henry St,4789,40.6847514,-73.99917254,40.69760127,-73.99344559,casual
290417,743F1F9EE860D109,classic_bike,2021-08-30 15:46:43,2021-08-30 15:53:30,Henry St & Degraw St,4380,Clark St & Henry St,4789,40.6847514,-73.99917254,40.69760127,-73.99344559,casual
290425,4794B3CE1CE5613E,electric_bike,2021-08-29 11:31:13,2021-08-29 13:20:38,Schermerhorn St & Court St,4565,Clark St & Henry St,4789,40.69102925677968,-73.99183362722397,40.69760127,-73.99344559,casual
290427,6C1F9D04FC22F3D9,electric_bike,2021-08-27 15:49:55,2021-08-27 15:55:09,Henry St & Degraw St,4380,Clark St & Henry St,4789,40.6847514,-73.99917254,40.69760127,-73.99344559,casual
290429,F82D7ACB7AB9C5F6,classic_bike,2021-08-26 15:44:41,2021-08-26 15:51:27,Henry St & Degraw St,4380,Clark St & Henry St,4789,40.6847514,-73.99917254,40.69760127,-73.99344559,casual
290436,FD4472C1600CCEFF,classic_bike,2021-08-11 15:03:39,2021-08-11 15:08:30,Schermerhorn St & Court St,4565,Clark St & Henry St,4789,40.69102925677968,-73.99183362722397,40.69760127,-73.99344559,casual
290441,463BAA06C5686BA5,classic_bike,2021-08-25 19:43:08,2021-08-25 20:06:42,Coffey St & Conover St,4137,Clark St & Henry St,4789,40.677236,-74.015665,40.69760127,-73.99344559,member
290450,8415C6B76C55B745,electric_bike,2021-08-19 18:52:15,2021-08-19 18:53:57,Henry St & Middagh St,4861,Clark St & Henry St,4789,40.7003,-73.991581,40.69760127,-73.99344559,member
290451,24FBC557CCEBEC43,electric_bike,2021-08-09 20:04:57,2021-08-09 20:06:54,Henry St & Middagh St,4861,Clark St & Henry St,4789,40.7003,-73.991581,40.69760127,-73.99344559,member
290453,070775AEE9E3CD98,classic_bike,2021-08-03 09:57:38,2021-08-03 09:59:38,Henry St & Middagh St,4861,Clark St & Henry St,4789,40.7003,-73.991581,40.69760127,-73.99344559,member
290517,F67267E8BAE4B218,classic_bike,2021-08-30 19:51:37,2021-08-30 20:37:17,14 St & 5 Ave,3771,Clark St & Henry St,4789,40.666287,-73.98895053,40.69760127,-73.99344559,member
290519,081D18B1EA4B99BD,classic_bike,2021-08-19 19:41:58,2021-08-19 19:52:04,DeKalb Ave & S Portland Ave,4546,Clark St & Henry St,4789,40.68981035,-73.97493121,40.69760127,-73.99344559,member
290520,AD09FCB8F1AFA860,classic_bike,2021-08-28 00:58:15,2021-08-28 01:26:54,N 6 St & Bedford Ave,5379,Clark St & Henry St,4789,40.71745169,-73.95850939,40.69760127,-73.99344559,member
290524,F630C1E4F015B4FE,classic_bike,2021-08-19 19:42:18,2021-08-19 19:51:59,DeKalb Ave & S Portland Ave,4546,Clark St & Henry St,4789,40.68981035,-73.97493121,40.69760127,-73.99344559,member
290602,F21087BEF0CB7016,electric_bike,2021-08-25 14:19:55,2021-08-25 14:35:38,Division St & Bowery,5270,Clark St & Henry St,4789,40.714193,-73.996732,40.69760127,-73.99344559,member
290605,3575B8900F169C8E,electric_bike,2021-08-28 14:36:11,2021-08-28 14:47:27,Forsyth St & Canal St,5270,Clark St & Henry St,4789,40.7158155,-73.99422366,40.69760127,-73.99344559,member
290610,266C294B39A15DF2,electric_bike,2021-08-14 09:58:13,2021-08-14 10:10:07,Front St & Jay St,4895,Clark St & Henry St,4789,40.702461,-73.986842,40.69760127,-73.99344559,member
290625,76BFF6D620F252EA,classic_bike,2021-08-08 17:26:17,2021-08-08 17:32:52,Dock St & Front St,4903,Clark St & Henry St,4789,40.702709,-73.99253,40.69760127,-73.99344559,casual
290630,6050BB2C6F3E05EB,classic_bike,2021-08-08 18:37:34,2021-08-08 18:51:32,Dock St & Front St,4903,Clark St & Henry St,4789,40.702709,-73.99253,40.69760127,-73.99344559,casual
290631,F2E42B8B54004F4D,electric_bike,2021-08-17 10:57:05,2021-08-17 11:01:10,Front St & Jay St,4895,Clark St & Henry St,4789,40.702461,-73.986842,40.69760127,-73.99344559,casual
290637,68DAFD6FC4675820,classic_bike,2021-08-11 02:25:16,2021-08-11 02:30:40,Adams St & Prospect St,4821,Clark St & Henry St,4789,40.70076308326151,-73.98869812488556,40.69760127,-73.99344559,member
290646,FE196A2BB0EA7750,classic_bike,2021-08-09 17:58:26,2021-08-09 18:03:08,Adams St & Prospect St,4821,Clark St & Henry St,4789,40.70076308326151,-73.98869812488556,40.69760127,-73.99344559,member
290648,2246702063FBB258,electric_bike,2021-08-31 17:58:36,2021-08-31 20:05:55,Central Ave & Himrod St,4713,Clark St & Henry St,4789,40.69676,-73.92302,40.69760127,-73.99344559,casual
290665,5DF5821315A20780,electric_bike,2021-08-29 12:52:35,2021-08-29 12:58:03,Adams St & Prospect St,4821,Clark St & Henry St,4789,40.70076308326151,-73.98869812488556,40.69760127,-73.99344559,member
290667,F1C8C512215BA237,classic_bike,2021-08-30 14:57:56,2021-08-30 15:02:55,Adams St & Prospect St,4821,Clark St & Henry St,4789,40.70076308326151,-73.98869812488556,40.69760127,-73.99344559,member
290674,8307466D920156AF,classic_bike,2021-08-10 17:12:18,2021-08-10 17:15:41,Adams St & Prospect St,4821,Clark St & Henry St,4789,40.70076308326151,-73.98869812488556,40.69760127,-73.99344559,member
290675,76B74648ABA54A26,classic_bike,2021-08-27 14:27:30,2021-08-27 14:44:21,St Marks Pl & 2 Ave,5669,Clark St & Henry St,4789,40.7284186,-73.98713956,40.69760127,-73.99344559,member
290681,31C65D765DF4A1A7,electric_bike,2021-08-14 11:04:11,2021-08-14 11:22:00,Stanton St & Norfolk St,5445,Clark St & Henry St,4789,40.720747,-73.986274,40.69760127,-73.99344559,member
290697,05FEC00D9FD462E3,electric_bike,2021-08-15 07:57:40,2021-08-15 08:01:56,Adams St & Prospect St,4821,Clark St & Henry St,4789,40.70076308326151,-73.98869812488556,40.69760127,-73.99344559,member
290719,B10835DA1E6855A2,classic_bike,2021-08-29 15:05:50,2021-08-29 15:26:37,Adams St & Prospect St,4821,Clark St & Henry St,4789,40.70076308326151,-73.98869812488556,40.69760127,-73.99344559,member
290729,B5A5637F18CAF0AD,classic_bike,2021-08-12 17:23:15,2021-08-12 17:26:41,Adams St & Prospect St,4821,Clark St & Henry St,4789,40.70076308326151,-73.98869812488556,40.69760127,-73.99344559,member
290732,1C4CC6E010A55F04,classic_bike,2021-08-18 17:38:51,2021-08-18 17:58:24,St Marks Pl & 2 Ave,5669,Clark St & Henry St,4789,40.7284186,-73.98713956,40.69760127,-73.99344559,member
290771,82B67092C5110AA2,docked_bike,2021-08-08 02:37:55,2021-08-08 03:10:52,Dock St & Front St,4903,Clark St & Henry St,4789,40.702709,-73.99253,40.697601,-73.993446,casual
290810,BB8B60193482CD59,classic_bike,2021-08-04 12:08:59,2021-08-04 12:13:36,Dock St & Front St,4903,Clark St & Henry St,4789,40.702709,-73.99253,40.69760127,-73.99344559,member
290862,92E4D8A378C7645D,classic_bike,2021-08-02 18:32:23,2021-08-02 18:42:16,Pacific St & Nevins St,4362,Clark St & Henry St,4789,40.6853761,-73.98302136,40.69760127,-73.99344559,casual
290869,686F20F06BEA6940,electric_bike,2021-08-07 10:01:20,2021-08-07 10:19:35,Wyckoff Ave & Gates Ave,4847,Clark St & Henry St,4789,40.699871408829885,-73.91171872615814,40.69760127,-73.99344559,member
290919,D73BFDAECE86C447,classic_bike,2021-08-28 13:19:28,2021-08-28 13:31:57,Fulton St & Broadway,5175,Clark St & Henry St,4789,40.711066,-74.009447,40.69760127,-73.99344559,member
290925,2B80FAA3ACC2424C,classic_bike,2021-08-05 10:03:57,2021-08-05 10:10:21,Henry St & Atlantic Ave,4531,Clark St & Henry St,4789,40.69089272,-73.99612349,40.69760127,-73.99344559,member
290929,C091D6F542A43F2D,classic_bike,2021-08-31 23:31:09,2021-08-31 23:36:47,Henry St & Atlantic Ave,4531,Clark St & Henry St,4789,40.69089272,-73.99612349,40.69760127,-73.99344559,casual
290930,EFFE9D821B3558F5,electric_bike,2021-08-02 19:16:46,2021-08-02 19:22:40,Henry St & Atlantic Ave,4531,Clark St & Henry St,4789,40.69089272,-73.99612349,40.69760127,-73.99344559,casual
290940,136383EA5025B1B3,classic_bike,2021-08-04 19:34:34,2021-08-04 19:52:00,Douglass St & 3 Ave,4217,Clark St & Henry St,4789,40.6802133,-73.98432695,40.69760127,-73.99344559,member
290941,A0D39462820C4128,classic_bike,2021-08-06 17:38:21,2021-08-06 17:56:05,Douglass St & 3 Ave,4217,Clark St & Henry St,4789,40.6802133,-73.98432695,40.69760127,-73.99344559,member
290943,5FA1C258AD6A5D81,classic_bike,2021-08-29 00:26:40,2021-08-29 00:44:36,Douglass St & 3 Ave,4217,Clark St & Henry St,4789,40.6802133,-73.98432695,40.69760127,-73.99344559,member
290956,9A5A9921C4EECCB6,electric_bike,2021-08-23 11:40:50,2021-08-23 12:06:23,2 Ave & E 29 St,6122,Clark St & Henry St,4789,40.74172351097472,-73.97809267044067,40.69760127,-73.99344559,member
290968,9D4D5C61A7BC708E,classic_bike,2021-08-31 18:36:57,2021-08-31 18:53:19,Douglass St & 3 Ave,4217,Clark St & Henry St,4789,40.6802133,-73.98432695,40.69760127,-73.99344559,member
290969,E5EF731914A601C7,classic_bike,2021-08-15 12:08:37,2021-08-15 12:22:57,Douglass St & 3 Ave,4217,Clark St & Henry St,4789,40.6802133,-73.98432695,40.69760127,-73.99344559,member
290972,632A6F51F0A0793B,electric_bike,2021-08-30 16:08:10,2021-08-30 16:20:53,Hanson Pl & Ashland Pl,4395,Clark St & Henry St,4789,40.68506807308177,-73.97790759801863,40.69760127,-73.99344559,member
290989,BFC23525EC2922D6,classic_bike,2021-08-04 12:37:36,2021-08-04 13:00:23,Hanson Pl & Ashland Pl,4395,Clark St & Henry St,4789,40.68506807308177,-73.97790759801863,40.69760127,-73.99344559,member
291014,38E9D4DB9EA9DB8A,classic_bike,2021-08-28 14:00:36,2021-08-28 14:42:25,Lafayette Ave & St James Pl,4494,Clark St & Henry St,4789,40.68851534,-73.9647628,40.69760127,-73.99344559,member
291025,CAC87DBDBF1DE4C1,electric_bike,2021-08-31 13:51:13,2021-08-31 13:56:59,Boerum Pl\t& Pacific St,4488,Clark St & Henry St,4789,40.68848905639242,-73.99116039276123,40.69760127,-73.99344559,member
291026,C8D7930F482FBF1C,electric_bike,2021-08-11 17:58:47,2021-08-11 18:12:55,Boerum Pl\t& Pacific St,4488,Clark St & Henry St,4789,40.68848905639242,-73.99116039276123,40.69760127,-73.99344559,member
291033,E25C938E71C3242F,electric_bike,2021-08-25 10:39:52,2021-08-25 11:07:00,Jay St & York St,4895,Clark St & Henry St,4789,40.70140317257725,-73.98672670125961,40.69760127,-73.99344559,member
291047,EC2AB741D2096FEA,classic_bike,2021-08-30 19:45:19,2021-08-30 19:52:52,Columbia St & Degraw St,4422,Clark St & Henry St,4789,40.6859296,-74.00242364,40.69760127,-73.99344559,casual
291058,5D75DFA3DBC7EEBC,classic_bike,2021-08-13 10:07:46,2021-08-13 10:14:48,Bond St & Fulton St,4479,Clark St & Henry St,4789,40.68962188790333,-73.98304268717766,40.69760127,-73.99344559,member
291061,DF17524F5A7762B3,classic_bike,2021-08-20 11:20:20,2021-08-20 11:30:57,Bond St & Fulton St,4479,Clark St & Henry St,4789,40.68962188790333,-73.98304268717766,40.69760127,-73.99344559,member
291067,71093BEC7B4A7473,classic_bike,2021-08-15 19:08:22,2021-08-15 19:17:13,Jay St & York St,4895,Clark St & Henry St,4789,40.70140317257725,-73.98672670125961,40.69760127,-73.99344559,member
291068,F25185B9E3362C28,electric_bike,2021-08-04 20:11:17,2021-08-04 20:15:17,Congress St & Clinton St,4455,Clark St & Henry St,4789,40.68825516598005,-73.99545192718506,40.69760127,-73.99344559,member
291071,C02175670E0DDC1B,classic_bike,2021-08-30 17:14:05,2021-08-30 17:20:29,Congress St & Clinton St,4455,Clark St & Henry St,4789,40.68825516598005,-73.99545192718506,40.69760127,-73.99344559,member
291072,3A41D8186E4BE62D,electric_bike,2021-08-09 12:59:11,2021-08-09 13:04:29,Jay St & York St,4895,Clark St & Henry St,4789,40.70140317257725,-73.98672670125961,40.69760127,-73.99344559,casual
291073,8F6AB54E848E6D10,electric_bike,2021-08-13 20:03:28,2021-08-13 20:10:05,Warren St & Smith St,4371,Clark St & Henry St,4789,40.68542400997018,-73.99127773940563,40.69760127,-73.99344559,casual
291074,F7E4ED181D79F717,classic_bike,2021-08-13 13:51:16,2021-08-13 13:58:36,Congress St & Clinton St,4455,Clark St & Henry St,4789,40.68825516598005,-73.99545192718506,40.69760127,-73.99344559,casual
291076,E05672E347D1AC08,classic_bike,2021-08-23 12:06:38,2021-08-23 12:12:03,Congress St & Clinton St,4455,Clark St & Henry St,4789,40.68825516598005,-73.99545192718506,40.69760127,-73.99344559,member
291079,F6E0CA11449FC522,classic_bike,2021-08-10 21:32:12,2021-08-10 21:41:48,Congress St & Clinton St,4455,Clark St & Henry St,4789,40.68825516598005,-73.99545192718506,40.69760127,-73.99344559,member
291080,63BB60336D2E1186,electric_bike,2021-08-16 18:50:01,2021-08-16 18:54:28,Congress St & Clinton St,4455,Clark St & Henry St,4789,40.68825516598005,-73.99545192718506,40.69760127,-73.99344559,member
291081,B972261E8EFEBC1C,classic_bike,2021-08-01 13:16:41,2021-08-01 13:24:43,Congress St & Clinton St,4455,Clark St & Henry St,4789,40.68825516598005,-73.99545192718506,40.69760127,-73.99344559,member
291086,E8280CA031FD264E,electric_bike,2021-08-05 09:31:47,2021-08-05 09:38:23,Congress St & Clinton St,4455,Clark St & Henry St,4789,40.68825516598005,-73.99545192718506,40.69760127,-73.99344559,member
291088,5FF8637706AC95C5,classic_bike,2021-08-03 19:11:48,2021-08-03 19:24:06,Warren St & Smith St,4371,Clark St & Henry St,4789,40.68542400997018,-73.99127773940563,40.69760127,-73.99344559,member
291091,87A90DEBF82CE4A8,classic_bike,2021-08-02 13:04:21,2021-08-02 13:10:00,Jay St & York St,4895,Clark St & Henry St,4789,40.70140317257725,-73.98672670125961,40.69760127,-73.99344559,member
291092,6C153FD3B2E15845,classic_bike,2021-08-15 22:45:22,2021-08-15 23:35:10,3 Ave & Carroll St,4143,Clark St & Henry St,4789,40.677027,-73.9865,40.69760127,-73.99344559,casual
291093,B1952AF34E68551D,electric_bike,2021-08-10 16:37:42,2021-08-10 16:51:55,Hudson St & Reade St,5359,Clark St & Henry St,4789,40.71625008,-74.0091059,40.69760127,-73.99344559,member
291097,0902E4BCBFDD09DA,electric_bike,2021-08-20 11:26:05,2021-08-20 11:34:18,Warren St & Smith St,4371,Clark St & Henry St,4789,40.68542400997018,-73.99127773940563,40.69760127,-73.99344559,member
291100,1624715A4ECFEE41,classic_bike,2021-08-24 20:17:31,2021-08-24 20:35:49,Congress St & Clinton St,4455,Clark St & Henry St,4789,40.68825516598005,-73.99545192718506,40.69760127,-73.99344559,member
291102,907BC42067367A35,classic_bike,2021-08-04 18:04:39,2021-08-04 18:10:56,Congress St & Clinton St,4455,Clark St & Henry St,4789,40.68825516598005,-73.99545192718506,40.69760127,-73.99344559,member
291131,3D264F8EB3727BB6,classic_bike,2021-08-09 12:14:05,2021-08-09 12:32:26,Garfield Pl & 8 Ave,3978,Clark St & Henry St,4789,40.6711978,-73.97484126,40.69760127,-73.99344559,member
291144,A9A709A1CB04BC9B,electric_bike,2021-08-05 16:22:07,2021-08-05 16:38:04,Cleveland Pl & Spring St,5492,Clark St & Henry St,4789,40.722103786686034,-73.99724900722504,40.69760127,-73.99344559,member
291157,16B93BCB025935D7,electric_bike,2021-08-21 19:10:31,2021-08-21 19:20:59,Emerson Pl & Myrtle Ave,4683,Clark St & Henry St,4789,40.69363137,-73.96223558,40.69760127,-73.99344559,member
291158,AB5E5D831CE610B0,classic_bike,2021-08-03 13:31:49,2021-08-03 13:36:32,Schermerhorn St & Court St,4565,Clark St & Henry St,4789,40.69102925677968,-73.99183362722397,40.69760127,-73.99344559,member
291172,6E07E74FF8911517,classic_bike,2021-08-05 20:43:19,2021-08-05 20:49:00,Schermerhorn St & Court St,4565,Clark St & Henry St,4789,40.69102925677968,-73.99183362722397,40.69760127,-73.99344559,member
291184,6A8F34CCF120BB13,electric_bike,2021-08-06 14:58:08,2021-08-06 15:16:13,Clark St & Henry St,4789,Kent Ave & S 11 St,5062,40.69760127,-73.99344559,40.707644944175705,-73.96841526031494,member
291187,2FA90E983986DFEE,electric_bike,2021-08-23 21:14:49,2021-08-23 21:38:14,Clark St & Henry St,4789,W 25 St & 6 Ave,6215,40.69760127,-73.99344559,40.74395411,-73.99144871,member
291211,B9870520BA94F5A4,classic_bike,2021-08-14 19:45:48,2021-08-14 19:54:38,Clark St & Henry St,4789,Clark St & Henry St,4789,40.69760127,-73.99344559,40.69760127,-73.99344559,member
291222,011833F019B1825E,electric_bike,2021-08-26 15:07:06,2021-08-26 15:41:43,W 70 St & Amsterdam Ave,7207,Clark St & Henry St,4789,40.77748046,-73.98288594,40.69760127,-73.99344559,member
291225,E6D03F70CCB9F4F0,classic_bike,2021-08-06 16:23:04,2021-08-06 16:59:17,E 20 St & Park Ave,6055,Clark St & Henry St,4789,40.73827428,-73.98751968,40.69760127,-73.99344559,member
291234,059A5676884020E3,classic_bike,2021-08-18 15:37:31,2021-08-18 15:44:55,Henry St & Degraw St,4380,Clark St & Henry St,4789,40.6847514,-73.99917254,40.69760127,-73.99344559,member
291241,F15F81502B042D16,classic_bike,2021-08-23 18:12:41,2021-08-23 18:30:51,21 St & 4 Ave,3668,Clark St & Henry St,4789,40.662584,-73.995554,40.69760127,-73.99344559,member
291247,C1039A4FFF319D93,classic_bike,2021-08-26 22:09:58,2021-08-26 22:32:52,E 20 St & Park Ave,6055,Clark St & Henry St,4789,40.73827428,-73.98751968,40.69760127,-73.99344559,member
291248,55F64994A64B6645,classic_bike,2021-08-27 16:05:47,2021-08-27 16:14:34,3 Ave & Schermerhorn St,4437,Clark St & Henry St,4789,40.68683208,-73.9796772,40.69760127,-73.99344559,member
291255,1C2099E18BF32861,electric_bike,2021-08-25 23:38:50,2021-08-26 00:01:25,E 20 St & Park Ave,6055,Clark St & Henry St,4789,40.73827428,-73.98751968,40.69760127,-73.99344559,member
291259,4E6CF4DAAC12A665,classic_bike,2021-08-08 16:46:47,2021-08-08 16:57:27,3 Ave & Schermerhorn St,4437,Clark St & Henry St,4789,40.68683208,-73.9796772,40.69760127,-73.99344559,member
291267,03031F2884C2143E,classic_bike,2021-08-12 16:10:32,2021-08-12 16:23:46,3 Ave & Schermerhorn St,4437,Clark St & Henry St,4789,40.68683208,-73.9796772,40.69760127,-73.99344559,member
291280,CCB4C0A3C4C47CE1,classic_bike,2021-08-10 17:15:13,2021-08-10 17:21:46,Front St & Gold St,4927,Clark St & Henry St,4789,40.70224,-73.982578,40.69760127,-73.99344559,member
291282,C10A7A42AD8DF383,classic_bike,2021-08-30 21:13:23,2021-08-30 21:31:27,Park Ave & St Edwards St,4700,Clark St & Henry St,4789,40.69608941,-73.97803415,40.69760127,-73.99344559,member
291303,25BF99629936F7BC,classic_bike,2021-08-05 20:54:05,2021-08-05 21:07:17,Bond St & Bergen St,4404,Clark St & Henry St,4789,40.6849668,-73.98620772,40.69760127,-73.99344559,member
291340,3B5F8FEEA7B5CAE8,classic_bike,2021-08-20 20:37:36,2021-08-20 20:49:32,Bond St & Bergen St,4404,Clark St & Henry St,4789,40.6849668,-73.98620772,40.69760127,-73.99344559,member
291360,3B37B7239A05434B,classic_bike,2021-08-16 19:02:18,2021-08-16 19:05:27,Cadman Plaza E & Red Cross Pl,4821,Clark St & Henry St,4789,40.69991755,-73.98971773,40.69760127,-73.99344559,member
291361,2F7F4A179FE2D9CD,electric_bike,2021-08-17 13:34:42,2021-08-17 13:52:21,Roebling St & N 4 St,5267,Clark St & Henry St,4789,40.71469,-73.95739,40.69760127,-73.99344559,member
291362,16B53E0249F5DB40,classic_bike,2021-08-13 16:16:33,2021-08-13 18:42:23,Bridge St & Water St,4968,Clark St & Henry St,4789,40.70296934155272,-73.98469090461731,40.69760127,-73.99344559,casual
291377,7807F049C5696B71,electric_bike,2021-08-18 08:57:14,2021-08-18 09:15:15,Roebling St & N 4 St,5267,Clark St & Henry St,4789,40.71469,-73.95739,40.69760127,-73.99344559,casual
291385,8ABB302A2097D49E,electric_bike,2021-08-31 09:57:17,2021-08-31 10:05:02,Bridge St & Water St,4968,Clark St & Henry St,4789,40.70296934155272,-73.98469090461731,40.69760127,-73.99344559,casual
291400,D28D4A34013DD61A,electric_bike,2021-08-11 17:38:16,2021-08-11 18:16:54,46 Ave & 5 St,6286,Clark St & Henry St,4789,40.74731,-73.95451,40.69760127,-73.99344559,casual
291414,B2810E0B56448DBD,classic_bike,2021-08-30 11:21:16,2021-08-30 11:29:13,Bridge St & Water St,4968,Clark St & Henry St,4789,40.70296934155272,-73.98469090461731,40.69760127,-73.99344559,member
291416,6BDF6A83A30A7DBE,classic_bike,2021-08-25 08:42:59,2021-08-25 08:58:35,Cadman Plaza E & Red Cross Pl,4821,Clark St & Henry St,4789,40.69991755,-73.98971773,40.69760127,-73.99344559,member
291423,EE2575D2FB9A2E08,classic_bike,2021-08-25 20:50:53,2021-08-25 20:54:12,Cadman Plaza E & Red Cross Pl,4821,Clark St & Henry St,4789,40.69991755,-73.98971773,40.69760127,-73.99344559,member
291440,A256169C0EF1F7B7,electric_bike,2021-08-26 18:17:15,2021-08-26 18:29:31,E 1 St & 1 Ave,5593,Clark St & Henry St,4789,40.72335597960796,-73.98864984512329,40.69760127,-73.99344559,member
291444,7AA9CECBB267E74A,classic_bike,2021-08-21 01:10:33,2021-08-21 01:37:55,Metropolitan Ave & Meeker Ave,5300,Clark St & Henry St,4789,40.71413311,-73.95234386,40.69760127,-73.99344559,casual
291474,BA4F5EAC496FA5DF,electric_bike,2021-08-29 17:01:50,2021-08-29 18:26:53,Montague St & Clinton St,4677,Clark St & Henry St,4789,40.6942715,-73.9923272,40.69760127,-73.99344559,member
291476,8F5A39ABAB069A4F,classic_bike,2021-08-24 15:04:32,2021-08-24 15:07:05,Montague St & Clinton St,4677,Clark St & Henry St,4789,40.6942715,-73.9923272,40.69760127,-73.99344559,member
291477,7B0CAC6195A82F76,classic_bike,2021-08-24 11:17:32,2021-08-24 11:21:21,Montague St & Clinton St,4677,Clark St & Henry St,4789,40.6942715,-73.9923272,40.69760127,-73.99344559,member
291480,795E142A9210242E,classic_bike,2021-08-14 09:41:30,2021-08-14 09:43:27,Montague St & Clinton St,4677,Clark St & Henry St,4789,40.6942715,-73.9923272,40.69760127,-73.99344559,member
291487,AAD021BCC7598511,classic_bike,2021-08-31 12:06:33,2021-08-31 12:08:57,Montague St & Clinton St,4677,Clark St & Henry St,4789,40.6942715,-73.9923272,40.69760127,-73.99344559,member
291506,B6E393A7A7A6BB3E,classic_bike,2021-08-14 14:25:16,2021-08-14 14:28:28,Montague St & Clinton St,4677,Clark St & Henry St,4789,40.6942715,-73.9923272,40.69760127,-73.99344559,member
291509,B5B83A339ECFD1E7,classic_bike,2021-08-22 15:29:13,2021-08-22 15:38:02,Sands St Gate,4812,Clark St & Henry St,4789,40.699569,-73.979827,40.69760127,-73.99344559,casual
291513,59B30638CF450907,classic_bike,2021-08-25 18:34:08,2021-08-25 19:01:40,Montague St & Clinton St,4677,Clark St & Henry St,4789,40.6942715,-73.9923272,40.69760127,-73.99344559,casual
291534,8A7620AFD9C5E8C4,classic_bike,2021-08-29 12:36:32,2021-08-29 12:48:03,3 Ave & Schermerhorn St,4437,Clark St & Henry St,4789,40.68683208,-73.9796772,40.69760127,-73.99344559,member
291535,A4468705AF39FD8A,classic_bike,2021-08-23 18:38:12,2021-08-23 18:49:59,3 Ave & Schermerhorn St,4437,Clark St & Henry St,4789,40.68683208,-73.9796772,40.69760127,-73.99344559,member
291543,AD44A260CABA3E36,classic_bike,2021-08-31 19:26:21,2021-08-31 19:29:20,Montague St & Clinton St,4677,Clark St & Henry St,4789,40.6942715,-73.9923272,40.69760127,-73.99344559,member
291551,D7B9E1A2B56B86AD,classic_bike,2021-08-05 19:44:48,2021-08-05 19:48:57,Montague St & Clinton St,4677,Clark St & Henry St,4789,40.6942715,-73.9923272,40.69760127,-73.99344559,member
291552,314D5DFAF4187B4F,electric_bike,2021-08-06 13:22:54,2021-08-06 13:25:35,Montague St & Clinton St,4677,Clark St & Henry St,4789,40.6942715,-73.9923272,40.69760127,-73.99344559,member
291555,54247A3DA1FC46F1,classic_bike,2021-08-08 10:38:43,2021-08-08 10:41:39,Montague St & Clinton St,4677,Clark St & Henry St,4789,40.6942715,-73.9923272,40.69760127,-73.99344559,member
291571,FCFC31B95CA76926,classic_bike,2021-08-23 15:16:53,2021-08-23 15:20:17,Montague St & Clinton St,4677,Clark St & Henry St,4789,40.6942715,-73.9923272,40.69760127,-73.99344559,member
291572,F34248F4C01A6F15,classic_bike,2021-08-03 18:44:32,2021-08-03 18:47:13,Montague St & Clinton St,4677,Clark St & Henry St,4789,40.6942715,-73.9923272,40.69760127,-73.99344559,member
291634,820ABFC415A67649,electric_bike,2021-08-06 15:56:25,2021-08-06 16:05:59,Flushing Ave & Vanderbilt Ave,4762,Clark St & Henry St,4789,40.69795031569544,-73.97077560424805,40.69760127,-73.99344559,casual
291649,2B702A5F08A97EE0,classic_bike,2021-08-09 14:28:14,2021-08-09 14:41:22,3 Ave & Schermerhorn St,4437,Clark St & Henry St,4789,40.68683208,-73.9796772,40.69760127,-73.99344559,member
291663,BD8195AA1F450BB0,classic_bike,2021-08-16 21:06:51,2021-08-16 21:20:57,Flushing Ave & Vanderbilt Ave,4762,Clark St & Henry St,4789,40.69795031569544,-73.97077560424805,40.69760127,-73.99344559,member
291672,A9CA2927BDBFA5FB,classic_bike,2021-08-07 16:31:20,2021-08-07 16:51:27,3 Ave & Schermerhorn St,4437,Clark St & Henry St,4789,40.68683208,-73.9796772,40.69760127,-73.99344559,member
291673,D46A105D3AA5CC40,electric_bike,2021-08-08 18:56:30,2021-08-08 19:10:46,3 Ave & Schermerhorn St,4437,Clark St & Henry St,4789,40.68683208,-73.9796772,40.69760127,-73.99344559,member
291684,FFDB105D60DCC0F2,electric_bike,2021-08-12 14:04:18,2021-08-12 14:20:55,Brooklyn Bridge Park - Pier 2,4756,Clark St & Henry St,4789,40.698458,-73.997178,40.69760127,-73.99344559,casual
291711,DAC1F9904FE7AB75,electric_bike,2021-08-25 23:45:44,2021-08-26 00:05:11,Lewis Ave & Decatur St,4237,Clark St & Henry St,4789,40.6814598,-73.934903,40.69760127,-73.99344559,member
291715,3090F5A746B75954,classic_bike,2021-08-21 17:35:03,2021-08-21 17:51:51,Dwight St & Van Dyke St,3981,Clark St & Henry St,4789,40.67363551341504,-74.01195555925369,40.69760127,-73.99344559,member
291721,717B8B4DF42188BE,classic_bike,2021-08-05 19:10:18,2021-08-05 19:32:03,Dwight St & Van Dyke St,3981,Clark St & Henry St,4789,40.67363551341504,-74.01195555925369,40.69760127,-73.99344559,casual
291743,7A0CB8F1D515CA20,classic_bike,2021-08-16 15:37:41,2021-08-16 16:00:46,Dwight St & Van Dyke St,3981,Clark St & Henry St,4789,40.67363551341504,-74.01195555925369,40.69760127,-73.99344559,member
291759,92EAD05E714FD482,classic_bike,2021-08-17 16:00:53,2021-08-17 16:28:03,E 33 St & 1 Ave,6197,Clark St & Henry St,4789,40.74322681432173,-73.97449783980846,40.69760127,-73.99344559,member
291773,B37149CB7C441433,electric_bike,2021-08-01 14:37:20,2021-08-01 15:04:38,Broadway & Kosciuszko St,4608,Clark St & Henry St,4789,40.69329,-73.92852,40.69760127,-73.99344559,member
291777,3A3416FDD0E03E4E,classic_bike,2021-08-11 15:28:14,2021-08-11 15:40:02,Bergen St & Flatbush Ave,4281,Clark St & Henry St,4789,40.680944723477296,-73.97567331790923,40.69760127,-73.99344559,member
291778,4D416399843D1E1C,electric_bike,2021-08-30 17:56:09,2021-08-30 18:17:39,W 20 St & 7 Ave,6182,Clark St & Henry St,4789,40.74238787,-73.99726235,40.69760127,-73.99344559,member
291780,BADCAD68AFA0025B,classic_bike,2021-08-01 16:10:47,2021-08-01 16:24:49,St Marks Pl & 4 Ave,4249,Clark St & Henry St,4789,40.68177810928762,-73.97988975048065,40.69760127,-73.99344559,member
291782,46F978D356FC2CB5,classic_bike,2021-08-21 17:35:15,2021-08-21 17:51:46,Dwight St & Van Dyke St,3981,Clark St & Henry St,4789,40.67363551341504,-74.01195555925369,40.69760127,-73.99344559,member
291784,DA61EA7CA12980D7,electric_bike,2021-08-30 11:26:27,2021-08-30 11:48:29,E 33 St & 1 Ave,6197,Clark St & Henry St,4789,40.74322681432173,-73.97449783980846,40.69760127,-73.99344559,member
291791,EE7D63CEC29D1CD6,classic_bike,2021-08-24 23:15:25,2021-08-24 23:22:58,Butler St & Court St,4339,Clark St & Henry St,4789,40.6849894,-73.99440329,40.69760127,-73.99344559,member
291799,135FA78CBACCF698,electric_bike,2021-08-14 13:56:11,2021-08-14 14:06:10,Carlton Ave & Flushing Ave,4732,Clark St & Henry St,4789,40.697787,-73.973736,40.69760127,-73.99344559,member
291819,289F2606C97C5558,classic_bike,2021-08-30 22:16:46,2021-08-30 22:22:04,Jay St & York St,4895,Clark St & Henry St,4789,40.70140317257725,-73.98672670125961,40.69760127,-73.99344559,member
291838,FBED63733503BA0D,electric_bike,2021-08-20 11:50:37,2021-08-20 12:01:45,Centre St & Worth St,5279,Clark St & Henry St,4789,40.71494807,-74.00234482,40.69760127,-73.99344559,member
291841,DB924C21D703686A,classic_bike,2021-08-16 19:21:07,2021-08-16 19:26:59,Congress St & Clinton St,4455,Clark St & Henry St,4789,40.68825516598005,-73.99545192718506,40.69760127,-73.99344559,member
291842,6280C561E792ABF3,electric_bike,2021-08-06 22:36:48,2021-08-06 22:42:36,Congress St & Clinton St,4455,Clark St & Henry St,4789,40.68825516598005,-73.99545192718506,40.69760127,-73.99344559,member
291852,3FBECC611BC460AF,classic_bike,2021-08-20 15:23:32,2021-08-20 15:47:19,Dwight St & Van Dyke St,3981,Clark St & Henry St,4789,40.67363551341504,-74.01195555925369,40.69760127,-73.99344559,member
291894,A32B6B09A1ED290A,electric_bike,2021-08-24 08:04:49,2021-08-24 08:08:21,Jay St & York St,4895,Clark St & Henry St,4789,40.70140317257725,-73.98672670125961,40.69760127,-73.99344559,member
291907,6F31770DEAB1C3BC,classic_bike,2021-08-25 21:21:18,2021-08-25 21:54:08,St James Pl & Pearl St,5167,Clark St & Henry St,4789,40.71117416,-74.00016545,40.69760127,-73.99344559,casual
291910,5C11E46CE1C88043,classic_bike,2021-08-12 18:12:48,2021-08-12 18:19:59,Kane St & Clinton St,4455,Clark St & Henry St,4789,40.6861758,-73.99645295,40.69760127,-73.99344559,member
291912,E542F725F7FF24B3,classic_bike,2021-08-31 11:43:01,2021-08-31 11:51:38,Kane St & Clinton St,4455,Clark St & Henry St,4789,40.6861758,-73.99645295,40.69760127,-73.99344559,member
291914,9295F4C616FAA331,classic_bike,2021-08-14 20:10:14,2021-08-14 20:14:08,Hicks St & Montague St,4645,Clark St & Henry St,4789,40.69512845,-73.99595065,40.69760127,-73.99344559,member
291919,E1414C4F539EFFB6,classic_bike,2021-08-13 19:54:04,2021-08-13 19:55:50,Hicks St & Montague St,4645,Clark St & Henry St,4789,40.69512845,-73.99595065,40.69760127,-73.99344559,member
291922,EC2F1E2E83377082,classic_bike,2021-08-16 20:46:10,2021-08-16 20:49:03,Hicks St & Montague St,4645,Clark St & Henry St,4789,40.69512845,-73.99595065,40.69760127,-73.99344559,member
291923,914534183A32D876,classic_bike,2021-08-05 17:14:06,2021-08-05 17:15:44,Hicks St & Montague St,4645,Clark St & Henry St,4789,40.69512845,-73.99595065,40.69760127,-73.99344559,member
291927,6104160260263E5F,classic_bike,2021-08-23 20:54:49,2021-08-23 21:03:57,Hicks St & Montague St,4645,Clark St & Henry St,4789,40.69512845,-73.99595065,40.69760127,-73.99344559,casual
291931,92F0F5774E9F5071,electric_bike,2021-08-31 16:24:54,2021-08-31 16:38:53,Leonard St & Church St,5359,Clark St & Henry St,4789,40.717571,-74.005549,40.69760127,-73.99344559,member
291937,697F587BB03C8602,classic_bike,2021-08-24 10:47:34,2021-08-24 10:53:15,Duffield St & Willoughby St,4596,Clark St & Henry St,4789,40.69221589,-73.9842844,40.69760127,-73.99344559,member
291938,A78761C9002F6DDD,classic_bike,2021-08-04 07:44:29,2021-08-04 07:50:37,Duffield St & Willoughby St,4596,Clark St & Henry St,4789,40.69221589,-73.9842844,40.69760127,-73.99344559,member
291939,FC3574B2C825A21B,classic_bike,2021-08-16 18:11:00,2021-08-16 18:21:48,Duffield St & Willoughby St,4596,Clark St & Henry St,4789,40.69221589,-73.9842844,40.69760127,-73.99344559,member
291943,0A1445FCD12B22C3,electric_bike,2021-08-02 18:20:47,2021-08-02 18:36:00,6 Ave & 12 St,3803,Clark St & Henry St,4789,40.6663181,-73.9854617,40.69760127,-73.99344559,member
291950,78FA16086DA01935,classic_bike,2021-08-01 18:22:13,2021-08-01 18:27:38,Front St & Washington St,4936,Clark St & Henry St,4789,40.70255088,-73.98940236,40.69760127,-73.99344559,member
291951,99E04129FCA88B37,classic_bike,2021-08-01 18:00:37,2021-08-01 18:05:03,Front St & Washington St,4936,Clark St & Henry St,4789,40.70255088,-73.98940236,40.69760127,-73.99344559,member
291952,29D85C7EC5029A9B,classic_bike,2021-08-01 18:11:07,2021-08-01 18:15:50,Front St & Washington St,4936,Clark St & Henry St,4789,40.70255088,-73.98940236,40.69760127,-73.99344559,member
291956,AD3D97D4C0B6895A,electric_bike,2021-08-07 18:15:14,2021-08-07 18:19:30,Front St & Washington St,4936,Clark St & Henry St,4789,40.70255088,-73.98940236,40.69760127,-73.99344559,member
291979,6664AB4ACF7C69A7,classic_bike,2021-08-12 20:35:52,2021-08-12 20:41:17,Front St & Washington St,4936,Clark St & Henry St,4789,40.70255088,-73.98940236,40.69760127,-73.99344559,member
291989,421D9BEBBA6CE46A,classic_bike,2021-08-29 12:16:24,2021-08-29 12:32:07,DeKalb Ave & Vanderbilt Ave,4461,Clark St & Henry St,4789,40.68940747,-73.96885458,40.69760127,-73.99344559,member
291997,B0E5D96BDE22446E,classic_bike,2021-08-02 14:05:32,2021-08-02 14:25:07,Cliff St & Fulton St,5065,Clark St & Henry St,4789,40.70838,-74.00495,40.69760127,-73.99344559,member
292006,E5CD0D94EA6CFD80,classic_bike,2021-08-03 14:36:05,2021-08-03 14:57:47,Dean St & Franklin Ave,4107,Clark St & Henry St,4789,40.67759206937376,-73.955637216568,40.69760127,-73.99344559,member
292010,8895A0F56F49251C,electric_bike,2021-08-29 21:00:27,2021-08-29 21:18:32,W Broadway & Spring St,5569,Clark St & Henry St,4789,40.72494672359416,-74.00165855884552,40.69760127,-73.99344559,member
292013,F480CB079B3900F3,classic_bike,2021-08-18 01:30:39,2021-08-18 01:38:12,State St & Smith St,4565,Clark St & Henry St,4789,40.68926942,-73.98912867,40.69760127,-73.99344559,member
292055,9CC44700B4E425E7,electric_bike,2021-08-14 14:38:50,2021-08-14 14:57:29,Nassau St & Navy St,4812,Clark St & Henry St,4789,40.69839895,-73.98068914,40.69760127,-73.99344559,casual
292065,A11128E06F109BBE,classic_bike,2021-08-20 19:58:16,2021-08-20 20:03:25,Adams St & Prospect St,4821,Clark St & Henry St,4789,40.70076308326151,-73.98869812488556,40.69760127,-73.99344559,member
292072,E1FDC74B28288814,classic_bike,2021-08-20 18:07:04,2021-08-20 18:12:37,Adams St & Prospect St,4821,Clark St & Henry St,4789,40.70076308326151,-73.98869812488556,40.69760127,-73.99344559,member
292075,AA20C1A444C7F60B,classic_bike,2021-08-28 22:45:05,2021-08-28 23:04:48,4 Ave & 3 St,4028,Clark St & Henry St,4789,40.673746,-73.985649,40.69760127,-73.99344559,member
292077,442C14B1A0E10F1A,classic_bike,2021-08-28 17:47:28,2021-08-28 17:52:00,Adams St & Prospect St,4821,Clark St & Henry St,4789,40.70076308326151,-73.98869812488556,40.69760127,-73.99344559,member
292079,3A5FC29AB9C02924,classic_bike,2021-08-15 02:17:07,2021-08-15 02:21:53,Adams St & Prospect St,4821,Clark St & Henry St,4789,40.70076308326151,-73.98869812488556,40.69760127,-73.99344559,member
292098,F96FCBA043ADD534,electric_bike,2021-08-21 01:26:31,2021-08-21 01:57:25,Suffolk St & Stanton St,5445,Clark St & Henry St,4789,40.72066442,-73.98517977,40.69760127,-73.99344559,member
292122,EABC20072FDE7082,classic_bike,2021-08-17 15:59:52,2021-08-17 16:23:10,Greene Ave & Throop Ave,4510,Clark St & Henry St,4789,40.6894932,-73.942061,40.69760127,-73.99344559,member
292144,6E71C99A980E47C0,electric_bike,2021-08-11 12:31:30,2021-08-11 12:50:09,Berry St & N 8 St,5379,Clark St & Henry St,4789,40.7190095,-73.95852515,40.69760127,-73.99344559,casual
292147,C96947C2114F7676,electric_bike,2021-08-20 11:29:54,2021-08-20 11:48:04,Berry St & N 8 St,5379,Clark St & Henry St,4789,40.7190095,-73.95852515,40.69760127,-73.99344559,casual
292150,FEF2EEF2F17969A8,classic_bike,2021-08-12 07:55:39,2021-08-12 08:01:37,Myrtle Ave & Fleet Pl,4628,Clark St & Henry St,4789,40.693534,-73.981909,40.69760127,-73.99344559,member
292153,EB0E375A1F56B056,electric_bike,2021-08-30 23:54:23,2021-08-31 00:11:40,S 4 St & Rodney St,5156,Clark St & Henry St,4789,40.70934,-73.95608,40.69760127,-73.99344559,casual
292155,0C41E8EE67DC0771,electric_bike,2021-08-13 22:17:28,2021-08-13 22:43:48,S 4 St & Rodney St,5156,Clark St & Henry St,4789,40.70934,-73.95608,40.69760127,-73.99344559,casual
292159,1721AB9A1A22414A,electric_bike,2021-08-31 13:57:40,2021-08-31 14:15:34,Sullivan St & Washington Sq,5721,Clark St & Henry St,4789,40.73047747,-73.99906065,40.69760127,-73.99344559,member
292166,EFC8966C252D96CE,classic_bike,2021-08-31 13:50:52,2021-08-31 14:02:07,Myrtle Ave & Fleet Pl,4628,Clark St & Henry St,4789,40.693534,-73.981909,40.69760127,-73.99344559,member
292171,59C185F331701A9B,electric_bike,2021-08-16 07:09:39,2021-08-16 07:14:58,Atlantic Ave & Furman St,4614,Clark St & Henry St,4789,40.69165183,-73.9999786,40.69760127,-73.99344559,member
292177,76E3FF831709C8AB,classic_bike,2021-08-25 15:00:25,2021-08-25 15:07:34,Atlantic Ave & Furman St,4614,Clark St & Henry St,4789,40.69165183,-73.9999786,40.69760127,-73.99344559,casual
292212,05F036A66D173482,classic_bike,2021-08-30 15:42:53,2021-08-30 16:00:00,Union Ave & Wallabout St,4818,Clark St & Henry St,4789,40.70029511,-73.95032283,40.69760127,-73.99344559,member
292254,EB73523ADD4C2EB7,electric_bike,2021-08-07 14:50:47,2021-08-07 15:12:31,Greenwich St & W Houston St,5730,Clark St & Henry St,4789,40.728846,-74.008591,40.69760127,-73.99344559,member
292262,ED18975F44DF00A7,classic_bike,2021-08-28 15:09:24,2021-08-28 15:28:32,Grand Army Plaza & Plaza St West,4010,Clark St & Henry St,4789,40.6729679,-73.97087984,40.69760127,-73.99344559,member
292264,59BEF143087BDAE3,classic_bike,2021-08-06 19:04:50,2021-08-06 19:29:09,3 St & 7 Ave,3905,Clark St & Henry St,4789,40.6703837,-73.97839676,40.69760127,-73.99344559,member
292272,E3E344B37EFF342E,classic_bike,2021-08-08 20:57:16,2021-08-08 21:02:14,Fulton St & Adams St,4637,Clark St & Henry St,4789,40.69241829257847,-73.98949474096298,40.69760127,-73.99344559,casual
292293,D5B38E933F0A03BB,classic_bike,2021-08-17 18:11:32,2021-08-17 18:16:46,Fulton St & Adams St,4637,Clark St & Henry St,4789,40.69241829257847,-73.98949474096298,40.69760127,-73.99344559,member
292297,8AB7F1DB7758E7CF,classic_bike,2021-08-01 12:22:18,2021-08-01 12:28:46,Clinton St & Joralemon St,4605,Clark St & Henry St,4789,40.69239502,-73.99337909,40.69760127,-73.99344559,member
292298,E7D25752BFA113D0,classic_bike,2021-08-01 14:04:40,2021-08-01 14:07:45,Clinton St & Joralemon St,4605,Clark St & Henry St,4789,40.69239502,-73.99337909,40.69760127,-73.99344559,member
292303,26060F3E04B283B2,classic_bike,2021-08-04 08:28:12,2021-08-04 08:33:46,Clinton St & Joralemon St,4605,Clark St & Henry St,4789,40.69239502,-73.99337909,40.69760127,-73.99344559,member
292304,5A5D4947F3F5DF50,classic_bike,2021-08-04 16:04:26,2021-08-04 16:08:11,Clinton St & Joralemon St,4605,Clark St & Henry St,4789,40.69239502,-73.99337909,40.69760127,-73.99344559,member
292308,45BF9647AC6EB73F,classic_bike,2021-08-19 17:38:39,2021-08-19 17:53:21,Forsyth St & Canal St,5270,Clark St & Henry St,4789,40.7158155,-73.99422366,40.69760127,-73.99344559,member
292309,C52B9C4814E9A303,classic_bike,2021-08-24 00:34:34,2021-08-24 00:48:17,Forsyth St & Canal St,5270,Clark St & Henry St,4789,40.7158155,-73.99422366,40.69760127,-73.99344559,member
292315,41BCFAFF40670DC3,classic_bike,2021-08-12 16:16:23,2021-08-12 16:19:46,Clinton St & Joralemon St,4605,Clark St & Henry St,4789,40.69239502,-73.99337909,40.69760127,-73.99344559,member
292316,B7E4B72C612E4DA8,classic_bike,2021-08-03 14:50:26,2021-08-03 14:54:00,Clinton St & Joralemon St,4605,Clark St & Henry St,4789,40.69239502,-73.99337909,40.69760127,-73.99344559,member
292325,349DE999FA68A4E8,classic_bike,2021-08-29 11:33:01,2021-08-29 11:43:04,State St & Smith St,4565,Clark St & Henry St,4789,40.68926942,-73.98912867,40.69760127,-73.99344559,member
292330,3D69A6B3BEF431A0,classic_bike,2021-08-11 18:26:39,2021-08-11 18:40:56,Forsyth St & Canal St,5270,Clark St & Henry St,4789,40.7158155,-73.99422366,40.69760127,-73.99344559,member
292332,4EDAEA3D79921724,classic_bike,2021-08-26 15:43:41,2021-08-26 15:47:57,Clinton St & Joralemon St,4605,Clark St & Henry St,4789,40.69239502,-73.99337909,40.69760127,-73.99344559,casual
292333,FC88DE7A90D6072C,classic_bike,2021-08-26 08:03:00,2021-08-26 08:05:27,Cadman Plaza E & Red Cross Pl,4821,Clark St & Henry St,4789,40.69991755,-73.98971773,40.69760127,-73.99344559,member
292334,70F24BAFA52D3453,classic_bike,2021-08-26 18:10:51,2021-08-26 18:32:06,Bridge St & Water St,4968,Clark St & Henry St,4789,40.70296934155272,-73.98469090461731,40.69760127,-73.99344559,member
292342,77C83F2DB76F327F,classic_bike,2021-08-06 22:45:27,2021-08-06 23:06:55,Grand St & Elizabeth St,5382,Clark St & Henry St,4789,40.718822,-73.99596,40.69760127,-73.99344559,casual
292353,0849DA97CBD5C5A8,classic_bike,2021-08-19 16:49:24,2021-08-19 16:51:45,Clinton St & Tillary St,4748,Clark St & Henry St,4789,40.69623297129316,-73.99142056703568,40.69760127,-73.99344559,member
292359,ACD93D3045894DEC,classic_bike,2021-08-31 18:49:40,2021-08-31 18:51:12,Clinton St & Tillary St,4748,Clark St & Henry St,4789,40.69623297129316,-73.99142056703568,40.69760127,-73.99344559,member
292360,7FF47E0007939B86,classic_bike,2021-08-31 18:59:31,2021-08-31 19:00:45,Clinton St & Tillary St,4748,Clark St & Henry St,4789,40.69623297129316,-73.99142056703568,40.69760127,-73.99344559,member
292361,B2FE1036CAB2C924,classic_bike,2021-08-31 18:54:57,2021-08-31 18:56:11,Clinton St & Tillary St,4748,Clark St & Henry St,4789,40.69623297129316,-73.99142056703568,40.69760127,-73.99344559,member
292362,02214E585FC37756,classic_bike,2021-08-17 13:26:58,2021-08-17 13:28:16,Clinton St & Tillary St,4748,Clark St & Henry St,4789,40.69623297129316,-73.99142056703568,40.69760127,-73.99344559,member
292363,36C8D4AA1D6DE0A6,classic_bike,2021-08-17 17:51:04,2021-08-17 17:53:08,Clinton St & Tillary St,4748,Clark St & Henry St,4789,40.69623297129316,-73.99142056703568,40.69760127,-73.99344559,member
292364,BADDC1089251A6FE,classic_bike,2021-08-17 18:05:57,2021-08-17 18:07:24,Clinton St & Tillary St,4748,Clark St & Henry St,4789,40.69623297129316,-73.99142056703568,40.69760127,-73.99344559,member
292365,B0B3DF31C6A3225B,classic_bike,2021-08-17 18:36:45,2021-08-17 18:37:59,Clinton St & Tillary St,4748,Clark St & Henry St,4789,40.69623297129316,-73.99142056703568,40.69760127,-73.99344559,member
292366,4EA3A5B3CFF84DE2,classic_bike,2021-08-17 18:01:15,2021-08-17 18:02:23,Clinton St & Tillary St,4748,Clark St & Henry St,4789,40.69623297129316,-73.99142056703568,40.69760127,-73.99344559,member
292367,1DCEBB6AAB394652,classic_bike,2021-08-17 17:56:22,2021-08-17 17:57:49,Clinton St & Tillary St,4748,Clark St & Henry St,4789,40.69623297129316,-73.99142056703568,40.69760127,-73.99344559,member
292368,A670443D259DCC85,classic_bike,2021-08-17 13:22:10,2021-08-17 13:23:42,Clinton St & Tillary St,4748,Clark St & Henry St,4789,40.69623297129316,-73.99142056703568,40.69760127,-73.99344559,member
292369,28076F8140F3094A,classic_bike,2021-08-02 20:23:40,2021-08-02 20:25:21,Clinton St & Tillary St,4748,Clark St & Henry St,4789,40.69623297129316,-73.99142056703568,40.69760127,-73.99344559,member
292370,8400CAC0D77941D3,classic_bike,2021-08-03 15:09:51,2021-08-03 15:11:12,Clinton St & Tillary St,4748,Clark St & Henry St,4789,40.69623297129316,-73.99142056703568,40.69760127,-73.99344559,member
292371,72EF77DE6DB70743,classic_bike,2021-08-07 14:24:53,2021-08-07 14:26:23,Clinton St & Tillary St,4748,Clark St & Henry St,4789,40.69623297129316,-73.99142056703568,40.69760127,-73.99344559,member
292372,054C43816A7DBF46,classic_bike,2021-08-23 12:48:18,2021-08-23 12:50:33,Clinton St & Tillary St,4748,Clark St & Henry St,4789,40.69623297129316,-73.99142056703568,40.69760127,-73.99344559,member
292379,BE83EAC4D24161B0,electric_bike,2021-08-19 18:06:44,2021-08-19 18:41:37,Prospect Park W & 20 St,3507,Clark St & Henry St,4789,40.656633,-73.983864,40.69760127,-73.99344559,member
292381,C8A3045B16450779,classic_bike,2021-08-30 15:58:40,2021-08-30 16:00:16,Clinton St & Tillary St,4748,Clark St & Henry St,4789,40.69623297129316,-73.99142056703568,40.69760127,-73.99344559,member
292382,3FCB1A0E7221A457,classic_bike,2021-08-30 16:03:30,2021-08-30 16:05:06,Clinton St & Tillary St,4748,Clark St & Henry St,4789,40.69623297129316,-73.99142056703568,40.69760127,-73.99344559,member
292383,4086BA91F15D345E,classic_bike,2021-08-27 17:14:25,2021-08-27 17:16:52,Clinton St & Tillary St,4748,Clark St & Henry St,4789,40.69623297129316,-73.99142056703568,40.69760127,-73.99344559,member
292395,F1C7BF46492D2EAA,electric_bike,2021-08-30 22:30:19,2021-08-30 22:40:42,State St & Smith St,4565,Clark St & Henry St,4789,40.68926942,-73.98912867,40.69760127,-73.99344559,casual
292420,E961307B32A4F685,classic_bike,2021-08-30 19:46:01,2021-08-30 20:11:45,Prospect Park W & 20 St,3507,Clark St & Henry St,4789,40.656633,-73.983864,40.69760127,-73.99344559,member
292421,8E9BEDA0BA0091F4,classic_bike,2021-08-29 15:11:26,2021-08-29 15:12:41,Clinton St & Tillary St,4748,Clark St & Henry St,4789,40.69623297129316,-73.99142056703568,40.69760127,-73.99344559,member
292447,F6E21E1EAA774A5E,classic_bike,2021-08-19 23:22:33,2021-08-19 23:25:03,Hicks St & Montague St,4645,Clark St & Henry St,4789,40.69512845,-73.99595065,40.69760127,-73.99344559,member
292450,7263623A7973DA39,electric_bike,2021-08-30 18:49:25,2021-08-30 19:00:02,Duffield St & Willoughby St,4596,Clark St & Henry St,4789,40.69221589,-73.9842844,40.69760127,-73.99344559,casual
292467,796C1A465CFB7A44,classic_bike,2021-08-27 18:22:15,2021-08-27 18:38:36,Van Brunt St & Wolcott St,4095,Clark St & Henry St,4789,40.6773429,-74.01275056,40.69760127,-73.99344559,member
292469,9A8D5DC5B82C8276,classic_bike,2021-08-29 17:17:28,2021-08-29 17:27:24,DeKalb Ave & S Portland Ave,4546,Clark St & Henry St,4789,40.68981035,-73.97493121,40.69760127,-73.99344559,member
292474,76E0939983FCC2F1,electric_bike,2021-08-10 15:34:32,2021-08-10 15:43:47,DeKalb Ave & S Portland Ave,4546,Clark St & Henry St,4789,40.68981035,-73.97493121,40.69760127,-73.99344559,member
292479,74DFFFF97D480D01,electric_bike,2021-08-30 11:26:08,2021-08-30 11:34:49,DeKalb Ave & S Portland Ave,4546,Clark St & Henry St,4789,40.68981035,-73.97493121,40.69760127,-73.99344559,casual
292492,74059FCB21C987CD,classic_bike,2021-08-03 11:41:31,2021-08-03 11:43:09,Henry St & Middagh St,4861,Clark St & Henry St,4789,40.7003,-73.991581,40.69760127,-73.99344559,member
292493,B6F0B3A2573CC6CC,classic_bike,2021-08-21 17:35:08,2021-08-21 17:38:33,Henry St & Middagh St,4861,Clark St & Henry St,4789,40.7003,-73.991581,40.69760127,-73.99344559,member
292495,74CE5FA1232285CF,classic_bike,2021-08-01 17:20:35,2021-08-01 17:24:24,Henry St & Middagh St,4861,Clark St & Henry St,4789,40.7003,-73.991581,40.69760127,-73.99344559,member
292496,82B8FC4C89A62094,classic_bike,2021-08-20 08:40:56,2021-08-20 08:43:09,Henry St & Middagh St,4861,Clark St & Henry St,4789,40.7003,-73.991581,40.69760127,-73.99344559,member
292497,756AC5DBDBD6942E,classic_bike,2021-08-06 22:02:07,2021-08-06 22:03:46,Henry St & Middagh St,4861,Clark St & Henry St,4789,40.7003,-73.991581,40.69760127,-73.99344559,member
292498,ABD04464A14DEEF2,electric_bike,2021-08-24 18:12:49,2021-08-24 18:15:44,Henry St & Middagh St,4861,Clark St & Henry St,4789,40.7003,-73.991581,40.69760127,-73.99344559,member
292499,2B8E6DA43243370E,electric_bike,2021-08-17 14:59:52,2021-08-17 15:01:23,Henry St & Middagh St,4861,Clark St & Henry St,4789,40.7003,-73.991581,40.69760127,-73.99344559,member
292501,4361C49AE13852BB,classic_bike,2021-08-28 23:39:58,2021-08-28 23:42:53,Henry St & Middagh St,4861,Clark St & Henry St,4789,40.7003,-73.991581,40.69760127,-73.99344559,member
292502,54E7577982BE54C1,classic_bike,2021-08-31 23:59:42,2021-09-01 00:02:33,Henry St & Middagh St,4861,Clark St & Henry St,4789,40.7003,-73.991581,40.69760127,-73.99344559,member
292504,4D7DAA41AE02A160,classic_bike,2021-08-25 18:46:38,2021-08-25 18:49:03,Henry St & Middagh St,4861,Clark St & Henry St,4789,40.7003,-73.991581,40.69760127,-73.99344559,casual
292505,75EC503B0CAE5300,electric_bike,2021-08-16 18:29:37,2021-08-16 18:51:10,E 2 St & Avenue A,5553,Clark St & Henry St,4789,40.72307749068673,-73.98583620786667,40.69760127,-73.99344559,member
292522,C222E7231641C98F,classic_bike,2021-08-30 17:52:15,2021-08-30 17:58:24,Old Fulton St,4903,Clark St & Henry St,4789,40.70277159,-73.99383605,40.69760127,-73.99344559,member
292534,D68361E899AB51C2,electric_bike,2021-08-12 13:21:00,2021-08-12 13:23:54,Old Fulton St,4903,Clark St & Henry St,4789,40.70277159,-73.99383605,40.69760127,-73.99344559,casual
292547,45F7C744361A36C9,electric_bike,2021-08-31 17:12:50,2021-08-31 17:57:26,Prospect Park W & 20 St,3507,Clark St & Henry St,4789,40.656633,-73.983864,40.69760127,-73.99344559,member
292562,6A4845E0DE0A36ED,electric_bike,2021-08-29 12:30:37,2021-08-29 12:33:45,Old Fulton St,4903,Clark St & Henry St,4789,40.70277159,-73.99383605,40.69760127,-73.99344559,member
292569,60B9AE45F15CD35A,classic_bike,2021-08-14 15:47:57,2021-08-14 15:55:08,Old Fulton St,4903,Clark St & Henry St,4789,40.70277159,-73.99383605,40.69760127,-73.99344559,member
292580,52A3A35350FE712B,classic_bike,2021-08-27 20:12:56,2021-08-27 20:18:54,Old Fulton St,4903,Clark St & Henry St,4789,40.70277159,-73.99383605,40.69760127,-73.99344559,member
292593,7078D9360CC20F0C,classic_bike,2021-08-10 18:28:46,2021-08-10 19:03:54,Old Fulton St,4903,Clark St & Henry St,4789,40.70277159,-73.99383605,40.69760127,-73.99344559,casual
292616,6A7229689CF72DBD,classic_bike,2021-08-03 14:17:06,2021-08-03 14:31:17,Old Fulton St,4903,Clark St & Henry St,4789,40.70277159,-73.99383605,40.69760127,-73.99344559,casual
292626,E0FB53DF94B19A2F,classic_bike,2021-08-26 17:07:35,2021-08-26 17:39:39,N 11 St & Kent Ave,5489,Clark St & Henry St,4789,40.72248188638219,-73.95921930670738,40.69760127,-73.99344559,casual
292652,CBE5C2ED55C51336,classic_bike,2021-08-10 18:06:44,2021-08-10 19:03:48,Old Fulton St,4903,Clark St & Henry St,4789,40.70277159,-73.99383605,40.69760127,-73.99344559,member
292653,F1538F0D94BC3698,classic_bike,2021-08-26 15:44:08,2021-08-26 15:47:04,Columbia Heights & Cranberry St,4829,Clark St & Henry St,4789,40.70037867,-73.99548059,40.69760127,-73.99344559,member
292654,37D865F2C940B512,classic_bike,2021-08-12 20:22:59,2021-08-12 20:25:37,Columbia Heights & Cranberry St,4829,Clark St & Henry St,4789,40.70037867,-73.99548059,40.69760127,-73.99344559,member
292658,8FA1E0DE4370F246,classic_bike,2021-08-23 15:06:08,2021-08-23 15:10:03,Columbia Heights & Cranberry St,4829,Clark St & Henry St,4789,40.70037867,-73.99548059,40.69760127,-73.99344559,member
292671,958D34CECA0F3F58,classic_bike,2021-08-07 01:38:53,2021-08-07 01:42:36,Columbia Heights & Cranberry St,4829,Clark St & Henry St,4789,40.70037867,-73.99548059,40.69760127,-73.99344559,member
292672,384F33439A0BB129,classic_bike,2021-08-07 22:35:47,2021-08-07 22:43:41,Columbia Heights & Cranberry St,4829,Clark St & Henry St,4789,40.70037867,-73.99548059,40.69760127,-73.99344559,member
292679,02815496D5AC40BA,classic_bike,2021-08-14 16:10:35,2021-08-14 16:16:27,Columbia Heights & Cranberry St,4829,Clark St & Henry St,4789,40.70037867,-73.99548059,40.69760127,-73.99344559,member
292701,A91D7F7165717D95,electric_bike,2021-08-29 23:20:28,2021-08-29 23:37:40,Broadway & Berry St,5164,Clark St & Henry St,4789,40.71044554,-73.96525063,40.69760127,-73.99344559,member
292705,47438458944F12C1,electric_bike,2021-08-11 00:18:27,2021-08-11 00:31:35,Allen St & Rivington St,5414,Clark St & Henry St,4789,40.72019576,-73.98997825,40.69760127,-73.99344559,member
292709,B720E496131192EB,classic_bike,2021-08-07 13:22:43,2021-08-07 13:36:19,Nassau St\t& Duffield St,4781,Clark St & Henry St,4789,40.698477,-73.98384,40.69760127,-73.99344559,casual
292710,C1DF5C47A82650B2,classic_bike,2021-08-21 11:14:43,2021-08-21 11:23:12,Clinton St & Union St,4266,Clark St & Henry St,4789,40.6831164,-73.99785267,40.69760127,-73.99344559,casual
292711,3F21E11A3108E6E5,classic_bike,2021-08-08 12:30:52,2021-08-08 12:40:40,Clinton St & Union St,4266,Clark St & Henry St,4789,40.6831164,-73.99785267,40.69760127,-73.99344559,member
292712,A5F180598FDAF02B,classic_bike,2021-08-30 22:38:55,2021-08-30 22:49:54,Clinton St & Union St,4266,Clark St & Henry St,4789,40.6831164,-73.99785267,40.69760127,-73.99344559,casual
292713,85514F2F85035EC8,classic_bike,2021-08-15 22:45:34,2021-08-15 23:35:10,3 Ave & Carroll St,4143,Clark St & Henry St,4789,40.677027,-73.9865,40.69760127,-73.99344559,casual
292720,506C3651E2637200,electric_bike,2021-08-03 23:47:00,2021-08-03 23:57:44,Park Pl & Church St,5288,Clark St & Henry St,4789,40.71334184275907,-74.00935515761375,40.69760127,-73.99344559,member
292722,8399D6B7353258B9,classic_bike,2021-08-31 07:34:26,2021-08-31 07:40:18,Nassau St\t& Duffield St,4781,Clark St & Henry St,4789,40.698477,-73.98384,40.69760127,-73.99344559,casual
292723,D9352201D5B3C74D,classic_bike,2021-08-13 12:27:08,2021-08-13 13:03:13,Caton Ave & E 7 St,3199,Clark St & Henry St,4789,40.647718,-73.973663,40.69760127,-73.99344559,casual
292725,D0C9AF3AA547C271,classic_bike,2021-08-07 01:45:21,2021-08-07 03:25:59,Park Pl & Church St,5288,Clark St & Henry St,4789,40.71334184275907,-74.00935515761375,40.69760127,-73.99344559,casual
292739,97D5F473C744C63B,electric_bike,2021-08-11 10:06:04,2021-08-11 10:33:11,Wyckoff Ave & Gates Ave,4847,Clark St & Henry St,4789,40.699871408829885,-73.91171872615814,40.69760127,-73.99344559,casual
292743,8744722E81BA2417,classic_bike,2021-08-29 15:56:48,2021-08-29 16:23:16,Avenue D & E 3 St,5436,Clark St & Henry St,4789,40.72082834,-73.97793172,40.69760127,-73.99344559,member
292755,D008D959733A5F0B,electric_bike,2021-08-14 00:29:28,2021-08-14 00:44:16,Bergen St & Flatbush Ave,4281,Clark St & Henry St,4789,40.680944723477296,-73.97567331790923,40.69760127,-73.99344559,member
292787,66CDDB106C1BEFAC,classic_bike,2021-08-21 11:40:24,2021-08-21 12:08:51,E 13 St & Avenue A,5779,Clark St & Henry St,4789,40.72966729392978,-73.98067966103554,40.69760127,-73.99344559,casual
292813,C616D369146C64A4,classic_bike,2021-08-06 13:41:00,2021-08-06 13:47:26,Congress St & Clinton St,4455,Clark St & Henry St,4789,40.68825516598005,-73.99545192718506,40.69760127,-73.99344559,member
292815,84F1E66446A71837,classic_bike,2021-08-29 10:46:26,2021-08-29 11:04:34,Warren St & Smith St,4371,Clark St & Henry St,4789,40.68542400997018,-73.99127773940563,40.69760127,-73.99344559,member
292839,866B4FB74B290913,classic_bike,2021-08-14 18:11:17,2021-08-14 18:22:56,President St & Henry St,4307,Clark St & Henry St,4789,40.6828003,-73.99990419,40.69760127,-73.99344559,member
292845,ACEEE36E35F438FD,classic_bike,2021-08-14 03:13:59,2021-08-14 03:20:56,Dock St & Front St,4903,Clark St & Henry St,4789,40.702709,-73.99253,40.69760127,-73.99344559,casual
292884,F7CACA2F95E9BFF3,classic_bike,2021-08-30 20:23:58,2021-08-30 20:38:26,Bergen St & Vanderbilt Ave,4157,Clark St & Henry St,4789,40.6794388,-73.9680438,40.69760127,-73.99344559,member
292885,A89D02F21DB5692E,classic_bike,2021-08-07 17:21:04,2021-08-07 17:33:24,Hanson Pl & Ashland Pl,4395,Clark St & Henry St,4789,40.68506807308177,-73.97790759801863,40.69760127,-73.99344559,member
292886,74DBDE549AA085C4,classic_bike,2021-08-11 20:05:42,2021-08-11 20:19:09,Hanson Pl & Ashland Pl,4395,Clark St & Henry St,4789,40.68506807308177,-73.97790759801863,40.69760127,-73.99344559,member
292890,5FDB77ECFCB555C5,classic_bike,2021-08-14 19:38:11,2021-08-14 20:11:51,W 20 St & 10 Ave,6306,Clark St & Henry St,4789,40.745686,-74.005141,40.69760127,-73.99344559,member
292900,7BA93497831BBD6D,classic_bike,2021-08-25 22:07:00,2021-08-25 22:14:55,Schermerhorn St & Bond St,4479,Clark St & Henry St,4789,40.688417427540834,-73.98451656103134,40.69760127,-73.99344559,member
292903,7936A1ECB2086C19,classic_bike,2021-08-10 08:52:01,2021-08-10 09:01:39,Schermerhorn St & Bond St,4479,Clark St & Henry St,4789,40.688417427540834,-73.98451656103134,40.69760127,-73.99344559,member
292909,C2AE54E5E8D8F0A7,classic_bike,2021-08-02 16:15:10,2021-08-02 16:24:53,Schermerhorn St & Bond St,4479,Clark St & Henry St,4789,40.688417427540834,-73.98451656103134,40.69760127,-73.99344559,member
292914,9D6B563B92086F73,classic_bike,2021-08-19 10:02:28,2021-08-19 10:10:01,Willoughby St & Ashland Pl,4587,Clark St & Henry St,4789,40.69178,-73.97877,40.69760127,-73.99344559,member
292916,62FAE7E9B4B8625F,classic_bike,2021-08-26 09:21:23,2021-08-26 09:32:35,Willoughby St & Ashland Pl,4587,Clark St & Henry St,4789,40.69178,-73.97877,40.69760127,-73.99344559,member
292925,3DF0EC0286335270,classic_bike,2021-08-10 11:49:06,2021-08-10 11:58:19,Schermerhorn St & Bond St,4479,Clark St & Henry St,4789,40.688417427540834,-73.98451656103134,40.69760127,-73.99344559,casual
292927,4E6C82FADD10282E,classic_bike,2021-08-16 11:17:18,2021-08-16 11:26:17,Schermerhorn St & Bond St,4479,Clark St & Henry St,4789,40.688417427540834,-73.98451656103134,40.69760127,-73.99344559,casual
292941,D5347E937BE69228,classic_bike,2021-08-31 16:15:40,2021-08-31 16:24:55,Bond St & Fulton St,4479,Clark St & Henry St,4789,40.68962188790333,-73.98304268717766,40.69760127,-73.99344559,member
292955,FCA3DC2D9AD5F2E1,classic_bike,2021-08-31 14:42:58,2021-08-31 14:55:13,Bond St & Fulton St,4479,Clark St & Henry St,4789,40.68962188790333,-73.98304268717766,40.69760127,-73.99344559,casual
292965,F2764C2CDF61196D,classic_bike,2021-08-25 12:13:44,2021-08-25 12:25:05,Dean St & Hoyt St,4446,Clark St & Henry St,4789,40.6864442,-73.98759104,40.69760127,-73.99344559,member
292969,E2D13148C77EF36E,classic_bike,2021-08-25 22:02:35,2021-08-25 22:24:06,Mercer St & Bleecker St,5679,Clark St & Henry St,4789,40.72706363348306,-73.99662137031554,40.69760127,-73.99344559,member
292977,724447DB6413A3AC,classic_bike,2021-08-02 13:02:17,2021-08-02 13:12:37,Lafayette Ave & Fort Greene Pl,4395,Clark St & Henry St,4789,40.68691865,-73.976682,40.69760127,-73.99344559,member
292991,2D2FDBE459A0E538,electric_bike,2021-08-06 17:34:31,2021-08-06 17:49:48,St Marks Pl & 2 Ave,5669,Clark St & Henry St,4789,40.7284186,-73.98713956,40.69760127,-73.99344559,member
293010,C24EA8A1BD2651D3,electric_bike,2021-08-31 22:19:51,2021-08-31 22:43:15,S 3 St & Bedford Ave,5235,Clark St & Henry St,4789,40.71260486,-73.96264403,40.69760127,-73.99344559,casual
293031,AF2791B6C2631EE9,classic_bike,2021-08-07 23:24:52,2021-08-07 23:38:22,Union St & 4 Ave,4175,Clark St & Henry St,4789,40.6772744,-73.98282002,40.69760127,-73.99344559,member
293037,A7BED3ED59CB386D,classic_bike,2021-08-21 01:27:03,2021-08-21 01:40:53,Dean St & Hoyt St,4446,Clark St & Henry St,4789,40.6864442,-73.98759104,40.69760127,-73.99344559,member
293038,1C38979E7712C930,electric_bike,2021-08-21 17:22:09,2021-08-21 17:28:41,Dean St & Hoyt St,4446,Clark St & Henry St,4789,40.6864442,-73.98759104,40.69760127,-73.99344559,member
293042,4F7B40B98C243403,electric_bike,2021-08-27 23:54:10,2021-08-28 00:15:50,Duane St & Greenwich St,5400,Clark St & Henry St,4789,40.71748752,-74.0104554,40.69760127,-73.99344559,member
293043,662354EC2AE9B202,electric_bike,2021-08-27 23:34:06,2021-08-27 23:49:31,Greenwich St & Hubert St,5470,Clark St & Henry St,4789,40.721319,-74.010065,40.69760127,-73.99344559,member
293049,7A34BC0AFB9CA262,classic_bike,2021-08-28 23:01:38,2021-08-28 23:28:49,E 16 St & 5 Ave,6022,Clark St & Henry St,4789,40.73726186,-73.99238967,40.69760127,-73.99344559,member
293056,A25667670D2F9BD3,classic_bike,2021-08-26 19:08:22,2021-08-26 19:24:15,Lispenard St & Broadway,5391,Clark St & Henry St,4789,40.71939226,-74.00247214,40.69760127,-73.99344559,member
293065,D88D3DEC4267EC58,classic_bike,2021-08-04 18:26:29,2021-08-04 18:39:44,Myrtle Ave & St Edwards St,4659,Clark St & Henry St,4789,40.69327018,-73.97703874,40.69760127,-73.99344559,casual
293074,D37B6A7CCBB6931F,electric_bike,2021-08-13 22:38:49,2021-08-13 22:43:38,Sands St & Jay St,4821,Clark St & Henry St,4789,40.700119,-73.9862,40.69760127,-73.99344559,casual
293096,2844B1853579E0F3,classic_bike,2021-08-14 00:13:03,2021-08-14 00:35:04,Pacific St & Classon Ave,4148,Clark St & Henry St,4789,40.6791944,-73.9587903,40.69760127,-73.99344559,casual
293126,A661B6FF1D2959D9,electric_bike,2021-08-06 17:05:44,2021-08-06 17:40:20,10 Ave & W 28 St,6459,Clark St & Henry St,4789,40.75066386,-74.00176802,40.69760127,-73.99344559,member
293143,47C5E0523DFB82B9,electric_bike,2021-08-07 14:52:25,2021-08-07 15:14:22,W Broadway & W Houston St,5644,Clark St & Henry St,4789,40.726378,-74.000472,40.69760127,-73.99344559,casual
293148,B6A46F6EA3D7DBED,classic_bike,2021-08-03 19:21:50,2021-08-03 19:56:46,Wyckoff Av & Jefferson St,5051,Clark St & Henry St,4789,40.707165,-73.923711,40.69760127,-73.99344559,member
293158,CE4A8D0F55B5A8A1,electric_bike,2021-08-22 06:25:08,2021-08-22 06:42:57,Grove St & Broadway,4526,Clark St & Henry St,4789,40.69047,-73.923511,40.69760127,-73.99344559,casual
293166,FFDD2C7994293096,classic_bike,2021-08-11 14:05:45,2021-08-11 14:26:59,S 4 St & Wythe Ave,5204,Clark St & Henry St,4789,40.71285887,-73.96590294,40.69760127,-73.99344559,member
293181,BF0737D84B9B004B,classic_bike,2021-08-08 19:29:57,2021-08-08 19:44:16,Smith St & 3 St,4151,Clark St & Henry St,4789,40.6787242,-73.99599099,40.69760127,-73.99344559,member
293231,AB14F39C0661AFD5,classic_bike,2021-08-31 17:00:22,2021-08-31 17:40:46,E 51 St & Lexington Ave,6659,Clark St & Henry St,4789,40.75714758,-73.97207836,40.69760127,-73.99344559,member
293245,1344448AB2A05603,electric_bike,2021-08-14 10:29:47,2021-08-14 10:44:30,St Johns Pl & Washington Ave,4001,Clark St & Henry St,4789,40.6737236,-73.9631611,40.69760127,-73.99344559,member
293250,0B2FAFEA8F589C98,classic_bike,2021-08-04 13:05:46,2021-08-04 13:13:08,Warren St & Court St,4413,Clark St & Henry St,4789,40.686371,-73.99383324,40.69760127,-73.99344559,member
293259,8F26A467313B8AB8,electric_bike,2021-08-26 13:02:55,2021-08-26 13:10:19,Lawrence St & Willoughby St,4596,Clark St & Henry St,4789,40.69236178,-73.98631746,40.69760127,-73.99344559,casual
293264,0DACFF2F58F1FA24,classic_bike,2021-08-23 15:08:33,2021-08-23 15:17:12,Lawrence St & Willoughby St,4596,Clark St & Henry St,4789,40.69236178,-73.98631746,40.69760127,-73.99344559,casual
293269,AB4A57CBE876A772,classic_bike,2021-08-23 19:10:20,2021-08-23 19:24:32,Lawrence St & Willoughby St,4596,Clark St & Henry St,4789,40.69236178,-73.98631746,40.69760127,-73.99344559,casual
293283,A6CEBFEB5C474A4D,electric_bike,2021-08-01 11:40:07,2021-08-01 11:58:07,Warren St & W Broadway,5288,Clark St & Henry St,4789,40.71473993,-74.00910627,40.69760127,-73.99344559,member
293285,973044593952BC9A,electric_bike,2021-08-02 15:50:23,2021-08-02 16:08:21,Berkeley Pl & 7 Ave,4051,Clark St & Henry St,4789,40.675146838709786,-73.97523209452629,40.69760127,-73.99344559,member
293324,2D33060813FE3140,classic_bike,2021-08-29 16:33:44,2021-08-29 17:02:52,1 Ave & E 30 St,6079,Clark St & Henry St,4789,40.74144387,-73.97536082,40.69760127,-73.99344559,member
293325,D6F2DAD25AD815EF,electric_bike,2021-08-18 13:17:51,2021-08-18 13:41:40,4 Ave & 9 St,3955,Clark St & Henry St,4789,40.6705135,-73.98876585,40.69760127,-73.99344559,member
293326,98D8F9F289E35222,classic_bike,2021-08-05 23:13:12,2021-08-05 23:32:31,6 Ave & Canal St,5500,Clark St & Henry St,4789,40.72243797,-74.00566443,40.69760127,-73.99344559,member
293338,E2B99D12EFE0FEAC,classic_bike,2021-08-30 09:24:23,2021-08-30 09:28:01,Cadman Plaza E & Tillary St,4677,Clark St & Henry St,4789,40.69597683,-73.99014892,40.69760127,-73.99344559,member
293340,F3CE79A9D64F61DD,classic_bike,2021-08-26 13:08:47,2021-08-26 13:11:23,Cadman Plaza E & Tillary St,4677,Clark St & Henry St,4789,40.69597683,-73.99014892,40.69760127,-73.99344559,member
293341,869A5E12A95E0302,classic_bike,2021-08-19 17:34:27,2021-08-19 17:37:19,Cadman Plaza E & Tillary St,4677,Clark St & Henry St,4789,40.69597683,-73.99014892,40.69760127,-73.99344559,member
293342,6591E613CBB4FBDA,classic_bike,2021-08-19 14:59:03,2021-08-19 15:18:01,Centre St & Chambers St,5207,Clark St & Henry St,4789,40.71273266,-74.0046073,40.69760127,-73.99344559,member
293344,E58E4C6A53E9005B,classic_bike,2021-08-01 15:55:30,2021-08-01 16:17:06,Coffey St & Conover St,4137,Clark St & Henry St,4789,40.677236,-74.015665,40.69760127,-73.99344559,casual
293345,E73D4FB24A596D14,classic_bike,2021-08-15 20:05:15,2021-08-15 20:30:42,Coffey St & Conover St,4137,Clark St & Henry St,4789,40.677236,-74.015665,40.69760127,-73.99344559,casual
293346,9A80088B89E6B0CE,classic_bike,2021-08-19 12:41:47,2021-08-19 12:44:41,Cadman Plaza E & Tillary St,4677,Clark St & Henry St,4789,40.69597683,-73.99014892,40.69760127,-73.99344559,casual
293347,3AD43CF51F0E19BE,classic_bike,2021-08-05 19:55:05,2021-08-05 20:56:42,Centre St & Chambers St,5207,Clark St & Henry St,4789,40.71273266,-74.0046073,40.69760127,-73.99344559,casual
293348,E01EC4EEB908BE30,classic_bike,2021-08-06 23:08:27,2021-08-06 23:51:10,Coffey St & Conover St,4137,Clark St & Henry St,4789,40.677236,-74.015665,40.69760127,-73.99344559,casual
293405,BDBDFC3301DF56E1,classic_bike,2021-08-13 15:10:29,2021-08-13 15:12:37,Columbia Heights & Cranberry St,4829,Clark St & Henry St,4789,40.70037867,-73.99548059,40.69760127,-73.99344559,member
293411,590ECDB8C7EA6329,classic_bike,2021-08-29 00:43:05,2021-08-29 01:13:16,Columbia Heights & Cranberry St,4829,Clark St & Henry St,4789,40.70037867,-73.99548059,40.69760127,-73.99344559,casual
293453,DE7F3B9969531045,classic_bike,2021-08-26 16:04:29,2021-08-26 16:30:11,6 Ave & Broome St,5610,Clark St & Henry St,4789,40.72431,-74.00473,40.69760127,-73.99344559,member
293466,47D9719926328A78,classic_bike,2021-08-03 21:07:24,2021-08-03 21:24:52,Forsyth St\t& Grand St,5382,Clark St & Henry St,4789,40.71779817737835,-73.99316132068634,40.69760127,-73.99344559,member
293468,746F12A98C5CDE3E,classic_bike,2021-08-27 16:04:52,2021-08-27 16:19:54,Forsyth St\t& Grand St,5382,Clark St & Henry St,4789,40.71779817737835,-73.99316132068634,40.69760127,-73.99344559,member
293470,064A4A6F5C3EDEC7,electric_bike,2021-08-03 18:13:16,2021-08-03 18:31:53,Cleveland Pl & Spring St,5492,Clark St & Henry St,4789,40.722103786686034,-73.99724900722504,40.69760127,-73.99344559,casual
293486,FE49D0108AC5401D,electric_bike,2021-08-29 20:21:49,2021-08-29 20:38:25,Forsyth St\t& Grand St,5382,Clark St & Henry St,4789,40.71779817737835,-73.99316132068634,40.69760127,-73.99344559,member
293501,2E5291FC5CAE22CD,classic_bike,2021-08-16 12:47:29,2021-08-16 13:17:10,Calyer St & Jewel St,5743,Clark St & Henry St,4789,40.72984,-73.94839,40.69760127,-73.99344559,member
293511,ADBD373728E320B9,classic_bike,2021-08-16 23:19:08,2021-08-16 23:23:40,Jay St & York St,4895,Clark St & Henry St,4789,40.70140317257725,-73.98672670125961,40.69760127,-73.99344559,member
293513,831F009292073386,classic_bike,2021-08-14 12:39:55,2021-08-14 13:01:14,Centre St & Worth St,5279,Clark St & Henry St,4789,40.71494807,-74.00234482,40.69760127,-73.99344559,casual
293554,A6B270276F0E5995,classic_bike,2021-08-04 20:38:10,2021-08-04 20:43:32,Congress St & Clinton St,4455,Clark St & Henry St,4789,40.68825516598005,-73.99545192718506,40.69760127,-73.99344559,member
293556,17EF2F9707EFEEA6,classic_bike,2021-08-27 08:34:08,2021-08-27 08:39:25,Congress St & Clinton St,4455,Clark St & Henry St,4789,40.68825516598005,-73.99545192718506,40.69760127,-73.99344559,member
293558,2D689567E3B9E8F1,classic_bike,2021-08-24 08:37:58,2021-08-24 08:45:21,Jay St & York St,4895,Clark St & Henry St,4789,40.70140317257725,-73.98672670125961,40.69760127,-73.99344559,member
293559,BB257E5C93F2BFD1,classic_bike,2021-08-26 08:23:43,2021-08-26 08:31:43,Warren St & Smith St,4371,Clark St & Henry St,4789,40.68542400997018,-73.99127773940563,40.69760127,-73.99344559,member
293561,7CA3A9BC13958E5E,classic_bike,2021-08-04 20:40:03,2021-08-04 20:47:32,Congress St & Clinton St,4455,Clark St & Henry St,4789,40.68825516598005,-73.99545192718506,40.69760127,-73.99344559,casual
293565,A2090447B1C8731A,classic_bike,2021-08-19 15:36:08,2021-08-19 15:52:25,Pacific St & Nevins St,4362,Clark St & Henry St,4789,40.6853761,-73.98302136,40.69760127,-73.99344559,member
293601,C6586201E0E82B09,electric_bike,2021-08-16 11:47:40,2021-08-16 12:22:16,2 Ave & E 31 St,6197,Clark St & Henry St,4789,40.74290902,-73.97706058,40.69760127,-73.99344559,member
293605,0FA76A140CD24C64,classic_bike,2021-08-06 23:27:08,2021-08-06 23:30:41,Clinton St & Joralemon St,4605,Clark St & Henry St,4789,40.69239502,-73.99337909,40.69760127,-73.99344559,member
293610,7AEA17F6E1F29900,classic_bike,2021-08-04 21:14:48,2021-08-04 21:17:14,Clinton St & Joralemon St,4605,Clark St & Henry St,4789,40.69239502,-73.99337909,40.69760127,-73.99344559,casual
293625,D07493D0954516F1,classic_bike,2021-08-18 09:41:20,2021-08-18 09:41:56,Clark St & Henry St,4789,Clark St & Henry St,4789,40.69760127,-73.99344559,40.69760127,-73.99344559,member
293650,E42B522C796F5E38,classic_bike,2021-08-31 07:40:46,2021-08-31 08:41:34,Clark St & Henry St,4789,Clark St & Henry St,4789,40.69760127,-73.99344559,40.69760127,-73.99344559,member
293667,0784C6BD0DA89B31,classic_bike,2021-08-17 20:18:12,2021-08-17 20:18:31,Clark St & Henry St,4789,Clark St & Henry St,4789,40.69760127,-73.99344559,40.69760127,-73.99344559,casual
293669,3D92C4FC9BBE8511,classic_bike,2021-08-11 21:10:45,2021-08-11 21:13:05,Clark St & Henry St,4789,Clark St & Henry St,4789,40.69760127,-73.99344559,40.69760127,-73.99344559,casual
293677,8284540F462D968B,classic_bike,2021-08-19 21:49:01,2021-08-19 21:52:14,Clark St & Henry St,4789,Clark St & Henry St,4789,40.69760127,-73.99344559,40.69760127,-73.99344559,casual
293682,6F202EA43EDE17AC,classic_bike,2021-08-17 14:30:54,2021-08-17 14:31:26,Clark St & Henry St,4789,Clark St & Henry St,4789,40.69760127,-73.99344559,40.69760127,-73.99344559,member
293697,E81DBD25B982FCCD,classic_bike,2021-08-28 12:07:11,2021-08-28 12:35:23,Clark St & Henry St,4789,Clark St & Henry St,4789,40.69760127,-73.99344559,40.69760127,-73.99344559,member
293698,E782AF2CD91DE6D0,classic_bike,2021-08-08 17:02:08,2021-08-08 17:34:01,Clark St & Henry St,4789,Clark St & Henry St,4789,40.69760127,-73.99344559,40.69760127,-73.99344559,casual
293732,2F99FF2D6449DEB5,classic_bike,2021-08-05 17:19:23,2021-08-05 17:25:40,Clark St & Henry St,4789,Clark St & Henry St,4789,40.69760127,-73.99344559,40.69760127,-73.99344559,casual
293740,27FC69C2A8F67F0E,electric_bike,2021-08-31 21:26:04,2021-08-31 21:26:47,Clark St & Henry St,4789,Clark St & Henry St,4789,40.69760127,-73.99344559,40.69760127,-73.99344559,casual
293742,595E00ED6198E739,electric_bike,2021-08-08 13:01:38,2021-08-08 16:57:51,Clark St & Henry St,4789,Clark St & Henry St,4789,40.69760127,-73.99344559,40.69760127,-73.99344559,casual
293744,70BD3EEB0C6F5ED0,classic_bike,2021-08-08 17:01:18,2021-08-08 17:33:13,Clark St & Henry St,4789,Clark St & Henry St,4789,40.69760127,-73.99344559,40.69760127,-73.99344559,casual
293749,85F2B136C970278A,electric_bike,2021-08-16 02:30:01,2021-08-16 02:39:05,Forsyth St & Canal St,5270,Clark St & Henry St,4789,40.7158155,-73.99422366,40.69760127,-73.99344559,member
293751,EF6B373309475FF1,classic_bike,2021-08-06 23:26:45,2021-08-06 23:30:57,Clinton St & Joralemon St,4605,Clark St & Henry St,4789,40.69239502,-73.99337909,40.69760127,-73.99344559,casual
293765,97B53999D3A842A4,classic_bike,2021-08-03 18:13:17,2021-08-03 18:30:35,Clark St & Henry St,4789,Kent Ave & S 11 St,5062,40.69760127,-73.99344559,40.707644944175705,-73.96841526031494,member
293782,DBFEF3E419FFF361,classic_bike,2021-08-27 06:43:37,2021-08-27 06:47:23,Clark St & Henry St,4789,Clark St & Henry St,4789,40.69760127,-73.99344559,40.69760127,-73.99344559,member
293824,BE0C2151EF4E04EF,classic_bike,2021-08-09 18:39:21,2021-08-09 19:39:11,Clark St & Henry St,4789,Clark St & Henry St,4789,40.69760127,-73.99344559,40.69760127,-73.99344559,casual
293837,961DA335B47C5CC9,classic_bike,2021-08-28 16:23:16,2021-08-28 16:27:37,Clinton St & Joralemon St,4605,Clark St & Henry St,4789,40.69239502,-73.99337909,40.69760127,-73.99344559,member
293868,27F0539CC2839248,classic_bike,2021-08-29 23:37:44,2021-08-30 00:25:52,Clark St & Henry St,4789,Clark St & Henry St,4789,40.69760127,-73.99344559,40.69760127,-73.99344559,casual
293869,5D11CF12BA85C697,electric_bike,2021-08-29 19:51:28,2021-08-29 19:55:19,Clark St & Henry St,4789,Clark St & Henry St,4789,40.69760127,-73.99344559,40.69760127,-73.99344559,casual
293905,F8D96BA8376FAEB2,classic_bike,2021-08-23 18:03:51,2021-08-23 18:04:17,Clark St & Henry St,4789,Clark St & Henry St,4789,40.69760127,-73.99344559,40.69760127,-73.99344559,casual
293924,81621EB536985337,classic_bike,2021-08-23 16:06:58,2021-08-23 16:17:42,Clark St & Henry St,4789,Clark St & Henry St,4789,40.69760127,-73.99344559,40.69760127,-73.99344559,casual
293933,BF55BE2FB98A91DF,classic_bike,2021-08-26 19:03:58,2021-08-26 19:05:13,Clark St & Henry St,4789,Clark St & Henry St,4789,40.69760127,-73.99344559,40.69760127,-73.99344559,casual
293952,2DD19B8DAEC2BC0D,classic_bike,2021-08-26 17:46:49,2021-08-26 18:04:00,Clark St & Henry St,4789,Clark St & Henry St,4789,40.69760127,-73.99344559,40.69760127,-73.99344559,member
293962,442397006E4B4379,classic_bike,2021-08-19 17:57:31,2021-08-19 17:58:07,Clark St & Henry St,4789,Clark St & Henry St,4789,40.69760127,-73.99344559,40.69760127,-73.99344559,member
293976,6C31D12476AB0009,classic_bike,2021-08-30 14:01:17,2021-08-30 14:12:44,Clark St & Henry St,4789,Clark St & Henry St,4789,40.69760127,-73.99344559,40.69760127,-73.99344559,member
293977,F30B18552252DBC1,classic_bike,2021-08-26 08:17:34,2021-08-26 09:01:02,Clark St & Henry St,4789,Clark St & Henry St,4789,40.69760127,-73.99344559,40.69760127,-73.99344559,member
293989,1AF9B4DFD804C740,classic_bike,2021-08-28 18:07:11,2021-08-28 18:48:26,Clark St & Henry St,4789,Clark St & Henry St,4789,40.69760127,-73.99344559,40.69760127,-73.99344559,casual
293994,456500C9C0C05B13,classic_bike,2021-08-13 13:43:05,2021-08-13 13:52:11,Clark St & Henry St,4789,Clark St & Henry St,4789,40.69760127,-73.99344559,40.69760127,-73.99344559,casual
294004,818F48FB7A2D6D1D,classic_bike,2021-08-06 13:40:17,2021-08-06 13:52:04,Clark St & Henry St,4789,Clark St & Henry St,4789,40.69760127,-73.99344559,40.69760127,-73.99344559,casual
294010,1E6C1D9A08825FC1,classic_bike,2021-08-31 07:44:33,2021-08-31 07:46:53,Clark St & Henry St,4789,Clark St & Henry St,4789,40.69760127,-73.99344559,40.69760127,-73.99344559,member
294042,360BB0AF55BAD2D4,classic_bike,2021-08-04 12:54:22,2021-08-04 13:02:51,3 Ave & Schermerhorn St,4437,Clark St & Henry St,4789,40.68683208,-73.9796772,40.69760127,-73.99344559,member
294043,2C6BF94BDAAE8F71,classic_bike,2021-08-03 19:46:08,2021-08-03 19:56:35,3 Ave & Schermerhorn St,4437,Clark St & Henry St,4789,40.68683208,-73.9796772,40.69760127,-73.99344559,member
294044,3EE95C4F62BDD562,classic_bike,2021-08-02 19:19:09,2021-08-02 19:31:30,3 Ave & Schermerhorn St,4437,Clark St & Henry St,4789,40.68683208,-73.9796772,40.69760127,-73.99344559,member
294047,FDF0DCBD0071390C,classic_bike,2021-08-06 19:05:02,2021-08-06 19:29:33,3 St & 7 Ave,3905,Clark St & Henry St,4789,40.6703837,-73.97839676,40.69760127,-73.99344559,member
294049,DB2A9429D2C26BE6,classic_bike,2021-08-16 14:28:45,2021-08-16 14:32:01,Fulton St & Adams St,4637,Clark St & Henry St,4789,40.69241829257847,-73.98949474096298,40.69760127,-73.99344559,member
294050,3811AFB96FA8F73D,classic_bike,2021-08-20 20:14:44,2021-08-20 20:21:54,Fulton St & Adams St,4637,Clark St & Henry St,4789,40.69241829257847,-73.98949474096298,40.69760127,-73.99344559,member
294054,37853169376D12B1,classic_bike,2021-08-31 10:03:05,2021-08-31 10:11:12,3 Ave & Schermerhorn St,4437,Clark St & Henry St,4789,40.68683208,-73.9796772,40.69760127,-73.99344559,member
294179,5BF20331C6678CDF,electric_bike,2021-08-25 11:57:06,2021-08-25 12:02:32,Dean St & Hoyt St,4446,Clark St & Henry St,4789,40.6864442,-73.98759104,40.69760127,-73.99344559,member
294248,D14D1AC738D68113,electric_bike,2021-08-16 09:28:08,2021-08-16 09:44:23,E 13 St & Avenue A,5779,Clark St & Henry St,4789,40.72966729392978,-73.98067966103554,40.69760127,-73.99344559,member
294430,F64EAFDDBEF283A5,classic_bike,2021-08-04 20:28:23,2021-08-04 20:42:01,Nassau St & Navy St,4812,Clark St & Henry St,4789,40.69839895,-73.98068914,40.69760127,-73.99344559,member
294588,11740534A180126B,classic_bike,2021-08-13 17:18:52,2021-08-13 17:20:57,Hicks St & Montague St,4645,Clark St & Henry St,4789,40.69512845,-73.99595065,40.69760127,-73.99344559,member
294589,F76ADA3ABFB6AED1,classic_bike,2021-08-27 07:43:37,2021-08-27 07:45:37,Hicks St & Montague St,4645,Clark St & Henry St,4789,40.69512845,-73.99595065,40.69760127,-73.99344559,member
294698,E550D2026A36DF9B,electric_bike,2021-08-18 15:42:36,2021-08-18 15:46:50,Clark St & Henry St,4789,Front St & Washington St,4936,40.69760127,-73.99344559,40.70255088,-73.98940236,member
294764,581854F3A2C38909,classic_bike,2021-08-10 13:41:54,2021-08-10 14:10:07,Clark St & Henry St,4789,Front St & Washington St,4936,40.69760127,-73.99344559,40.70255088,-73.98940236,casual
295064,486F19E44AC701CB,classic_bike,2021-08-06 16:34:01,2021-08-06 16:38:48,Clark St & Henry St,4789,Front St & Washington St,4936,40.69760127,-73.99344559,40.70255088,-73.98940236,member
295065,CBC44C11A5426DFF,classic_bike,2021-08-10 11:07:15,2021-08-10 11:38:20,Clark St & Henry St,4789,Jefferson St & Cypress Ave,5082,40.69760127,-73.99344559,40.70907,-73.92157,member
295066,6765CB68884383BC,electric_bike,2021-08-11 20:40:14,2021-08-11 20:55:19,Clark St & Henry St,4789,Front St & Washington St,4936,40.69760127,-73.99344559,40.70255088,-73.98940236,casual
295735,6282BEEEA4493F70,classic_bike,2021-08-10 19:06:02,2021-08-10 19:10:53,Clark St & Henry St,4789,Front St & Washington St,4936,40.69760127,-73.99344559,40.70255088,-73.98940236,member
295741,EA11CE8EE29171C6,classic_bike,2021-08-13 10:42:02,2021-08-13 11:13:26,Clark St & Henry St,4789,Jefferson St & Cypress Ave,5082,40.69760127,-73.99344559,40.70907,-73.92157,member
296168,D13BA0676FD9B987,classic_bike,2021-08-04 15:04:55,2021-08-04 15:10:12,Clark St & Henry St,4789,Front St & Washington St,4936,40.69760127,-73.99344559,40.70255088,-73.98940236,member
300837,3C5A033A5823F84E,electric_bike,2021-08-11 10:42:07,2021-08-11 11:16:59,Clark St & Henry St,4789,Grand Army Plaza & Central Park S,6839,40.69760127,-73.99344559,40.7643971,-73.97371465,member
302314,05B2DEA490C4AF4F,classic_bike,2021-08-23 16:23:13,2021-08-23 16:46:21,Clark St & Henry St,4789,Forsyth St & Broome St,5453,40.69760127,-73.99344559,40.71893904,-73.99266288,casual
302345,2BFC80FAFAEC19E9,classic_bike,2021-08-13 19:05:57,2021-08-13 19:19:27,Clark St & Henry St,4789,Adelphi St & Myrtle Ave,4620,40.69760127,-73.99344559,40.69308257,-73.97178913,casual
306939,C5016ADBF110F124,electric_bike,2021-08-09 16:40:42,2021-08-09 16:45:26,Clark St & Henry St,4789,Old Fulton St,4903,40.69760127,-73.99344559,40.70277159,-73.99383605,member
306944,6C12BE5FF59A62F2,classic_bike,2021-08-26 18:26:22,2021-08-26 18:31:31,Clark St & Henry St,4789,Old Fulton St,4903,40.69760127,-73.99344559,40.70277159,-73.99383605,member
311046,F8B4E5B620030E56,electric_bike,2021-08-07 02:08:41,2021-08-07 02:30:20,Clark St & Henry St,4789,7 Ave & Park Pl,4125,40.69760127,-73.99344559,40.6776147,-73.97324283,casual
311047,1E68716D28FDD386,classic_bike,2021-08-24 11:15:33,2021-08-24 11:38:46,Clark St & Henry St,4789,7 Ave & Park Pl,4125,40.69760127,-73.99344559,40.6776147,-73.97324283,casual
311049,4B39A0F0F79174AD,classic_bike,2021-08-20 20:48:29,2021-08-20 21:14:27,Clark St & Henry St,4789,7 Ave & Park Pl,4125,40.69760127,-73.99344559,40.6776147,-73.97324283,casual
316017,63A30ECBC17DBEA0,classic_bike,2021-08-14 09:11:48,2021-08-14 09:23:24,Clark St & Henry St,4789,Union St & Nevins St,4143,40.69760127,-73.99344559,40.67909799721684,-73.98765474557877,member
316035,49C449BE653B4E3F,classic_bike,2021-08-16 16:01:47,2021-08-16 16:15:27,Clark St & Henry St,4789,7 Ave & Park Pl,4125,40.69760127,-73.99344559,40.6776147,-73.97324283,member
316049,DE3528ECC9698BD5,classic_bike,2021-08-15 14:25:38,2021-08-15 14:56:26,Clark St & Henry St,4789,Marcus Garvey Blvd & Macon St,4278,40.69760127,-73.99344559,40.682601,-73.938037,casual
316085,3DACE530DD94C0BD,classic_bike,2021-08-06 15:42:43,2021-08-06 15:56:18,Clark St & Henry St,4789,7 Ave & Park Pl,4125,40.69760127,-73.99344559,40.6776147,-73.97324283,member
316088,33B7EED91731D553,electric_bike,2021-08-21 17:36:23,2021-08-21 17:45:18,Clark St & Henry St,4789,Union St & Nevins St,4143,40.69760127,-73.99344559,40.67909799721684,-73.98765474557877,member
316097,B1129235933B2D49,classic_bike,2021-08-03 09:44:17,2021-08-03 10:02:59,Clark St & Henry St,4789,7 Ave & Park Pl,4125,40.69760127,-73.99344559,40.6776147,-73.97324283,casual
316384,A0DB1FFEE3F79C04,classic_bike,2021-08-12 20:03:07,2021-08-12 20:17:45,Clark St & Henry St,4789,Union St & Nevins St,4143,40.69760127,-73.99344559,40.67909799721684,-73.98765474557877,member
316385,6920B344B1ABDAB7,classic_bike,2021-08-08 11:32:03,2021-08-08 11:39:12,Clark St & Henry St,4789,State St & Smith St,4565,40.69760127,-73.99344559,40.68926942,-73.98912867,member
316387,6E2177FAC7A346D1,classic_bike,2021-08-31 13:47:53,2021-08-31 13:56:39,Clark St & Henry St,4789,State St & Smith St,4565,40.69760127,-73.99344559,40.68926942,-73.98912867,member
316388,4A784E01D0EC41BC,electric_bike,2021-08-31 11:19:49,2021-08-31 11:27:18,Clark St & Henry St,4789,1 Pl & Clinton St,4193,40.69760127,-73.99344559,40.6809591,-73.99905709,member
316398,2A9B29B9FB410508,classic_bike,2021-08-15 12:32:04,2021-08-15 12:40:19,Clark St & Henry St,4789,State St & Smith St,4565,40.69760127,-73.99344559,40.68926942,-73.98912867,casual
316404,C3204E4ED9057F2F,classic_bike,2021-08-07 14:03:25,2021-08-07 14:29:20,Clark St & Henry St,4789,Underhill Ave & Lincoln Pl,4042,40.69760127,-73.99344559,40.6740123,-73.9671457,member
316411,4EC3845172470E9A,electric_bike,2021-08-06 20:18:09,2021-08-06 20:27:35,Clark St & Henry St,4789,1 Pl & Clinton St,4193,40.69760127,-73.99344559,40.6809591,-73.99905709,casual
316413,0456AC4E23663EBE,classic_bike,2021-08-01 10:06:27,2021-08-01 10:16:40,Clark St & Henry St,4789,1 Pl & Clinton St,4193,40.69760127,-73.99344559,40.6809591,-73.99905709,casual
316424,AA0FEB9D667B85AD,classic_bike,2021-08-25 17:44:57,2021-08-25 18:04:23,Clark St & Henry St,4789,State St & Smith St,4565,40.69760127,-73.99344559,40.68926942,-73.98912867,casual
316427,755882B0ACB983E6,electric_bike,2021-08-13 17:38:06,2021-08-13 17:46:04,Clark St & Henry St,4789,1 Pl & Clinton St,4193,40.69760127,-73.99344559,40.6809591,-73.99905709,member
337945,BC1F1CE590EC56A6,classic_bike,2021-08-02 08:54:17,2021-08-02 09:30:52,Clark St & Henry St,4789,Carlton Ave & Flushing Ave,4732,40.69760127,-73.99344559,40.697787,-73.973736,member
337951,46F6E2EDC90E0014,electric_bike,2021-08-09 19:30:32,2021-08-09 19:44:39,Clark St & Henry St,4789,Bergen St & Flatbush Ave,4281,40.69760127,-73.99344559,40.680944723477296,-73.97567331790923,casual
337953,2C538BCD0499F270,classic_bike,2021-08-01 15:31:44,2021-08-01 16:01:49,Clark St & Henry St,4789,Prospect Park SW & Vanderbilt St,3457,40.69760127,-73.99344559,40.65482,-73.973217,casual
343990,5EF9294EDB435612,classic_bike,2021-08-17 08:13:20,2021-08-17 08:19:15,Clark St & Henry St,4789,Duffield St & Willoughby St,4596,40.69760127,-73.99344559,40.69221589,-73.9842844,member
343992,63FA0CF6673C7ABD,electric_bike,2021-08-06 14:33:44,2021-08-06 14:50:23,Clark St & Henry St,4789,Market St & Cherry St,5198,40.69760127,-73.99344559,40.71076228,-73.99400398,casual
343993,C7626034231187F7,classic_bike,2021-08-30 18:05:52,2021-08-30 18:17:39,Clark St & Henry St,4789,Duffield St & Willoughby St,4596,40.69760127,-73.99344559,40.69221589,-73.9842844,casual
349487,49D6CAF859F70C57,electric_bike,2021-08-24 19:27:21,2021-08-24 19:44:47,Clark St & Henry St,4789,2 Ave & 32 St,3532,40.69760127,-73.99344559,40.659176,-74.006584,member
349499,3EDD6D8E3360870B,classic_bike,2021-08-26 00:12:25,2021-08-26 00:18:36,Clark St & Henry St,4789,Concord St & Bridge St,4781,40.69760127,-73.99344559,40.69766564,-73.98476437,member
349508,459852ED8302CF47,classic_bike,2021-08-13 12:07:44,2021-08-13 12:13:26,Clark St & Henry St,4789,Brooklyn Bridge Park - Pier 2,4756,40.69760127,-73.99344559,40.698458,-73.997178,member
349509,65DCB752C64389D7,classic_bike,2021-08-07 08:05:54,2021-08-07 08:10:38,Clark St & Henry St,4789,Brooklyn Bridge Park - Pier 2,4756,40.69760127,-73.99344559,40.698458,-73.997178,member
349534,6B08F69D706D7B26,electric_bike,2021-08-02 20:53:32,2021-08-02 21:11:16,Clark St & Henry St,4789,Prospect Pl & 6 Ave,4166,40.69760127,-73.99344559,40.6793307,-73.97519523,casual
349537,A380F106ED004CF5,classic_bike,2021-08-30 11:26:34,2021-08-30 11:29:38,Clark St & Henry St,4789,Concord St & Bridge St,4781,40.69760127,-73.99344559,40.69766564,-73.98476437,member
349548,AE6987F3FC3A2C8D,classic_bike,2021-08-29 07:56:14,2021-08-29 08:26:26,Clark St & Henry St,4789,Bus Slip & State St,4889,40.69760127,-73.99344559,40.701907,-74.013942,casual
349550,6AC13A407EC371A3,classic_bike,2021-08-15 16:43:07,2021-08-15 17:10:45,Clark St & Henry St,4789,Brooklyn Bridge Park - Pier 2,4756,40.69760127,-73.99344559,40.698458,-73.997178,casual
349554,3C84A1A11F5430D4,electric_bike,2021-08-14 20:45:05,2021-08-14 21:16:36,Clark St & Henry St,4789,Brooklyn Bridge Park - Pier 2,4756,40.69760127,-73.99344559,40.698458,-73.997178,casual
349558,D53D7F077A8E671C,classic_bike,2021-08-16 13:08:15,2021-08-16 13:53:44,Clark St & Henry St,4789,Brooklyn Bridge Park - Pier 2,4756,40.69760127,-73.99344559,40.698458,-73.997178,casual
349602,DCE85FCE63B46A61,classic_bike,2021-08-23 11:33:21,2021-08-23 11:38:04,Clark St & Henry St,4789,Concord St & Bridge St,4781,40.69760127,-73.99344559,40.69766564,-73.98476437,member
349627,EAE121A8FBF25D63,classic_bike,2021-08-23 14:45:31,2021-08-23 14:50:29,Clark St & Henry St,4789,Concord St & Bridge St,4781,40.69760127,-73.99344559,40.69766564,-73.98476437,member
349635,06E248135239EBCF,classic_bike,2021-08-05 05:40:36,2021-08-05 05:48:06,Clark St & Henry St,4789,Brooklyn Bridge Park - Pier 2,4756,40.69760127,-73.99344559,40.698458,-73.997178,member
349644,20351A952D37D136,classic_bike,2021-08-16 17:56:43,2021-08-16 18:03:18,Clark St & Henry St,4789,Brooklyn Bridge Park - Pier 2,4756,40.69760127,-73.99344559,40.698458,-73.997178,member
349649,EB7B59CFC309E5FF,electric_bike,2021-08-29 10:15:11,2021-08-29 10:20:10,Clark St & Henry St,4789,Concord St & Bridge St,4781,40.69760127,-73.99344559,40.69766564,-73.98476437,member
351183,D69476B4072129F9,classic_bike,2021-08-16 15:40:38,2021-08-16 15:50:44,Clark St & Henry St,4789,Brooklyn Bridge Park - Pier 2,4756,40.69760127,-73.99344559,40.698458,-73.997178,casual
351184,EE702DBA26C3FD64,classic_bike,2021-08-25 13:24:48,2021-08-25 13:43:05,Clark St & Henry St,4789,Brooklyn Bridge Park - Pier 2,4756,40.69760127,-73.99344559,40.698458,-73.997178,casual
351473,843794B2019333E5,classic_bike,2021-08-12 20:36:50,2021-08-12 21:05:38,Clark St & Henry St,4789,Brooklyn Bridge Park - Pier 2,4756,40.69760127,-73.99344559,40.698458,-73.997178,casual
351477,F35815DE6D71FB88,classic_bike,2021-08-12 10:14:50,2021-08-12 11:10:53,Clark St & Henry St,4789,Brooklyn Bridge Park - Pier 2,4756,40.69760127,-73.99344559,40.698458,-73.997178,casual
351524,654F8ECC81C2B86A,classic_bike,2021-08-20 07:09:58,2021-08-20 07:17:17,Clark St & Henry St,4789,Brooklyn Bridge Park - Pier 2,4756,40.69760127,-73.99344559,40.698458,-73.997178,member
355502,67FE5C5F97B13B17,classic_bike,2021-08-01 17:28:19,2021-08-01 17:48:57,Clark St & Henry St,4789,Pacific St & Classon Ave,4148,40.69760127,-73.99344559,40.6791944,-73.9587903,casual
356529,49349FFE0E930342,classic_bike,2021-08-24 18:09:51,2021-08-24 18:27:25,Clark St & Henry St,4789,S 4 St & Wythe Ave,5204,40.69760127,-73.99344559,40.71285887,-73.96590294,member
356530,1EF3D36F0751E793,classic_bike,2021-08-03 13:36:33,2021-08-03 13:56:35,Clark St & Henry St,4789,S 4 St & Wythe Ave,5204,40.69760127,-73.99344559,40.71285887,-73.96590294,member
358515,58E1D9316DE5CCF5,classic_bike,2021-08-07 18:39:08,2021-08-07 19:09:06,Clark St & Henry St,4789,Wyckoff Av & Jefferson St,5051,40.69760127,-73.99344559,40.707165,-73.923711,member
360382,494829FA389C7AF1,classic_bike,2021-08-17 17:51:58,2021-08-17 17:59:39,Clark St & Henry St,4789,Henry St & Degraw St,4380,40.69760127,-73.99344559,40.6847514,-73.99917254,member
360384,6E4D94D5B9ED388F,classic_bike,2021-08-13 16:29:53,2021-08-13 16:45:54,Clark St & Henry St,4789,Emerson Pl & Myrtle Ave,4683,40.69760127,-73.99344559,40.69363137,-73.96223558,member
360385,B7C3A66D5F2C62E0,classic_bike,2021-08-10 07:59:34,2021-08-10 08:06:59,Clark St & Henry St,4789,Henry St & Degraw St,4380,40.69760127,-73.99344559,40.6847514,-73.99917254,member
360871,C3188E7235A1B885,electric_bike,2021-08-19 07:34:35,2021-08-19 07:40:37,Clark St & Henry St,4789,Henry St & Degraw St,4380,40.69760127,-73.99344559,40.6847514,-73.99917254,casual
361765,F81A51F515138792,classic_bike,2021-08-27 15:32:27,2021-08-27 15:39:04,Clark St & Henry St,4789,Henry St & Degraw St,4380,40.69760127,-73.99344559,40.6847514,-73.99917254,member
363355,2CD23C0E0CB9B529,electric_bike,2021-08-30 13:32:00,2021-08-30 13:35:22,Clark St & Henry St,4789,Schermerhorn St & Court St,4565,40.69760127,-73.99344559,40.69102925677968,-73.99183362722397,member
363358,2DC873F9025A45F9,classic_bike,2021-08-11 16:17:43,2021-08-11 16:23:29,Clark St & Henry St,4789,Schermerhorn St & Court St,4565,40.69760127,-73.99344559,40.69102925677968,-73.99183362722397,casual
363359,82AAFBB205FC86C2,classic_bike,2021-08-07 16:50:57,2021-08-07 16:58:10,Clark St & Henry St,4789,Henry St & Degraw St,4380,40.69760127,-73.99344559,40.6847514,-73.99917254,member
363360,9A244413A38EF80B,electric_bike,2021-08-31 09:20:07,2021-08-31 09:53:53,Clark St & Henry St,4789,W 36 St & 7 Ave,6483,40.69760127,-73.99344559,40.752149,-73.989539,member
363367,E98B614A8C98C4A4,classic_bike,2021-08-03 19:21:58,2021-08-03 19:25:57,Clark St & Henry St,4789,Schermerhorn St & Court St,4565,40.69760127,-73.99344559,40.69102925677968,-73.99183362722397,member
363369,E37026C1EAC25083,classic_bike,2021-08-16 18:31:32,2021-08-16 18:38:07,Clark St & Henry St,4789,Henry St & Degraw St,4380,40.69760127,-73.99344559,40.6847514,-73.99917254,member
363412,171CC2A65F735319,classic_bike,2021-08-16 18:43:52,2021-08-16 18:48:26,Clark St & Henry St,4789,Schermerhorn St & Court St,4565,40.69760127,-73.99344559,40.69102925677968,-73.99183362722397,member
363414,80AD38FD3A30582B,electric_bike,2021-08-28 15:35:54,2021-08-28 15:42:43,Clark St & Henry St,4789,Henry St & Degraw St,4380,40.69760127,-73.99344559,40.6847514,-73.99917254,member
363420,6A83A403C4A7DB17,classic_bike,2021-08-11 18:07:53,2021-08-11 18:15:37,Clark St & Henry St,4789,Henry St & Degraw St,4380,40.69760127,-73.99344559,40.6847514,-73.99917254,member
363427,6B642078F5B75855,electric_bike,2021-08-03 13:37:35,2021-08-03 13:41:29,Clark St & Henry St,4789,Schermerhorn St & Court St,4565,40.69760127,-73.99344559,40.69102925677968,-73.99183362722397,casual
363577,4FA45C24B78D30F0,electric_bike,2021-08-24 18:08:07,2021-08-24 18:19:35,Clark St & Henry St,4789,Emerson Pl & Myrtle Ave,4683,40.69760127,-73.99344559,40.69363137,-73.96223558,member
363578,7E5560467297F7E3,classic_bike,2021-08-13 19:06:51,2021-08-13 19:15:33,Clark St & Henry St,4789,Henry St & Degraw St,4380,40.69760127,-73.99344559,40.6847514,-73.99917254,member
365759,0B338BC55BB714F2,electric_bike,2021-08-18 07:58:30,2021-08-18 08:04:10,Clark St & Henry St,4789,Henry St & Degraw St,4380,40.69760127,-73.99344559,40.6847514,-73.99917254,member
370223,14FD242B975B5317,classic_bike,2021-08-30 13:13:42,2021-08-30 13:26:19,Clark St & Henry St,4789,Union Ave & Wallabout St,4818,40.69760127,-73.99344559,40.70029511,-73.95032283,member
381884,10F2C1E81F07C55D,classic_bike,2021-08-04 21:05:48,2021-08-04 21:19:33,Clark St & Henry St,4789,Sigourney St & Columbia St,3940,40.69760127,-73.99344559,40.67267243410948,-74.0087952464819,member
381920,4C667DE905189E3C,electric_bike,2021-08-13 16:53:30,2021-08-13 17:28:25,Clark St & Henry St,4789,Scholes St & Manhattan Ave,5108,40.69760127,-73.99344559,40.70870368,-73.9448625,casual
381921,DD09D76C235EAAD8,electric_bike,2021-08-05 17:26:12,2021-08-05 17:57:57,Clark St & Henry St,4789,Scholes St & Manhattan Ave,5108,40.69760127,-73.99344559,40.70870368,-73.9448625,casual
381927,FD8318F6A0A67002,classic_bike,2021-08-27 08:14:20,2021-08-27 08:41:43,Clark St & Henry St,4789,W 26 St & 8 Ave,6297,40.69760127,-73.99344559,40.74734825,-73.99723551,member
381937,39659E26B2927D94,classic_bike,2021-08-30 08:15:51,2021-08-30 08:47:05,Clark St & Henry St,4789,W 26 St & 8 Ave,6297,40.69760127,-73.99344559,40.74734825,-73.99723551,member
389048,FB20C887E30F49B4,electric_bike,2021-08-03 22:44:12,2021-08-03 23:17:59,Clark St & Henry St,4789,Laight St & Hudson St,5539,40.69760127,-73.99344559,40.72185379,-74.00771779,member
389055,A3A01B585E5920D2,classic_bike,2021-08-23 10:16:23,2021-08-23 10:27:36,Clark St & Henry St,4789,Van Brunt St & Van Dyke St,4095,40.69760127,-73.99344559,40.6758329439129,-74.01472628116608,casual
389058,9E95AB0EF34AE007,classic_bike,2021-08-06 21:13:23,2021-08-06 21:41:01,Clark St & Henry St,4789,5 Ave & 3 St,3987,40.69760127,-73.99344559,40.6728155,-73.98352355,casual
389060,3CDA3098D8C58555,electric_bike,2021-08-09 17:14:50,2021-08-09 17:28:21,Clark St & Henry St,4789,5 Ave & 3 St,3987,40.69760127,-73.99344559,40.6728155,-73.98352355,member
389062,DBAF4C4D248C0FD0,docked_bike,2021-08-27 09:02:48,2021-08-27 09:21:56,Clark St & Henry St,4789,Van Brunt St & Van Dyke St,4095,40.697601,-73.993446,40.675833,-74.014726,casual
389067,5038D0856E97409A,classic_bike,2021-08-18 20:40:07,2021-08-18 20:49:07,Clark St & Henry St,4789,Carroll St & Columbia St,4348,40.69760127,-73.99344559,40.6830456,-74.00348559,casual
389071,B245B4BDAC7FF70E,classic_bike,2021-08-10 19:11:59,2021-08-10 19:19:56,Clark St & Henry St,4789,Carroll St & Columbia St,4348,40.69760127,-73.99344559,40.6830456,-74.00348559,member
389078,A7E72E7B630B08A2,classic_bike,2021-08-16 17:57:16,2021-08-16 18:04:36,Clark St & Henry St,4789,Carroll St & Columbia St,4348,40.69760127,-73.99344559,40.6830456,-74.00348559,member
389098,17E5D291FDFFFAFE,classic_bike,2021-08-12 17:09:31,2021-08-12 17:19:31,Clark St & Henry St,4789,Carroll St & Columbia St,4348,40.69760127,-73.99344559,40.6830456,-74.00348559,member
389101,8B7EAE1C8372B0D7,electric_bike,2021-08-09 15:28:54,2021-08-09 15:57:58,Clark St & Henry St,4789,Bridge St & York St,4853,40.69760127,-73.99344559,40.70133448066992,-73.98471236228943,member
389102,7A0C6405FF05DDED,docked_bike,2021-08-31 19:38:15,2021-08-31 20:03:23,Clark St & Henry St,4789,Van Brunt St & Van Dyke St,4095,40.697601,-73.993446,40.675833,-74.014726,casual
389105,7D2D83CA7468E166,classic_bike,2021-08-25 11:36:40,2021-08-25 11:52:47,Clark St & Henry St,4789,Henry St & W 9 St,4086,40.69760127,-73.99344559,40.6763744,-74.00324957,member
389106,ED41010439E47C90,classic_bike,2021-08-26 08:49:45,2021-08-26 09:07:38,Clark St & Henry St,4789,Henry St & W 9 St,4086,40.69760127,-73.99344559,40.6763744,-74.00324957,member
389113,129BA310B4A3C73E,classic_bike,2021-08-28 13:46:06,2021-08-28 14:04:15,Clark St & Henry St,4789,Van Brunt St & Van Dyke St,4095,40.69760127,-73.99344559,40.6758329439129,-74.01472628116608,member
389114,1048FF2905E0EF60,electric_bike,2021-08-16 14:29:18,2021-08-16 14:33:02,Clark St & Henry St,4789,Bridge St & York St,4853,40.69760127,-73.99344559,40.70133448066992,-73.98471236228943,member
389119,216161EEAC23ED0F,classic_bike,2021-08-05 14:24:29,2021-08-05 14:30:11,Clark St & Henry St,4789,Bridge St & York St,4853,40.69760127,-73.99344559,40.70133448066992,-73.98471236228943,member
389153,BABC47D5442FF329,classic_bike,2021-08-03 07:20:38,2021-08-03 07:32:09,Clark St & Henry St,4789,Carroll St & Columbia St,4348,40.69760127,-73.99344559,40.6830456,-74.00348559,casual
399651,A5C230278771A91A,classic_bike,2021-08-10 13:38:31,2021-08-10 14:02:54,Clark St & Henry St,4789,1 Ave & E 30 St,6079,40.69760127,-73.99344559,40.74144387,-73.97536082,member
413085,54B9955642D9929C,classic_bike,2021-08-03 14:59:22,2021-08-03 15:18:36,Clark St & Henry St,4789,Lexington Ave & Classon Ave,4452,40.69760127,-73.99344559,40.68676793,-73.95928168,member
421149,5D5684A8E7C61CAB,electric_bike,2021-08-29 13:39:29,2021-08-29 13:49:58,Clark St & Henry St,4789,Henry St & Middagh St,4861,40.69760127,-73.99344559,40.7003,-73.991581,casual
421160,7EAF5F75F31AD5E5,classic_bike,2021-08-18 09:42:20,2021-08-18 10:00:08,Clark St & Henry St,4789,7 St & 3 Ave,3996,40.69760127,-73.99344559,40.67260298150126,-73.98983001708984,member
421175,31CA0EAF6449ABB7,classic_bike,2021-08-13 09:17:59,2021-08-13 09:20:04,Clark St & Henry St,4789,Henry St & Middagh St,4861,40.69760127,-73.99344559,40.7003,-73.991581,member
421176,1227FF1B283FDD69,classic_bike,2021-08-24 11:22:40,2021-08-24 11:32:22,Clark St & Henry St,4789,Henry St & Middagh St,4861,40.69760127,-73.99344559,40.7003,-73.991581,member
421273,CE6C46A105B1BABC,classic_bike,2021-08-28 22:23:10,2021-08-28 22:37:26,Clark St & Henry St,4789,Hoyt St & Warren St,4330,40.69760127,-73.99344559,40.6843549,-73.98901629,member
421277,D76183A45F53D553,classic_bike,2021-08-04 19:57:28,2021-08-04 20:35:41,Clark St & Henry St,4789,Henry St & Middagh St,4861,40.69760127,-73.99344559,40.7003,-73.991581,casual
421306,AF7427961049BC4E,classic_bike,2021-08-28 16:59:49,2021-08-28 17:02:50,Clark St & Henry St,4789,Henry St & Middagh St,4861,40.69760127,-73.99344559,40.7003,-73.991581,member
424516,E672538299752CAD,classic_bike,2021-08-05 21:18:46,2021-08-05 21:49:21,Clark St & Henry St,4789,Kosciuszko St & Nostrand Ave,4519,40.69760127,-73.99344559,40.69072549,-73.95133465,member
424518,543FACE3949C9D58,classic_bike,2021-08-25 19:36:52,2021-08-25 19:48:56,Clark St & Henry St,4789,Congress St & Hicks St,4497,40.69760127,-73.99344559,40.6893952,-73.9995126,member
424519,3F4DBF58A4AD0E0E,classic_bike,2021-08-05 21:18:33,2021-08-05 21:50:00,Clark St & Henry St,4789,Kosciuszko St & Nostrand Ave,4519,40.69760127,-73.99344559,40.69072549,-73.95133465,member
424520,9717DDC280191405,classic_bike,2021-08-16 18:47:37,2021-08-16 18:54:39,Clark St & Henry St,4789,Congress St & Hicks St,4497,40.69760127,-73.99344559,40.6893952,-73.9995126,casual
431647,0359A626351CBE19,classic_bike,2021-08-11 22:07:41,2021-08-11 22:24:42,Clark St & Henry St,4789,Willoughby Ave & Walworth St,4634,40.69760127,-73.99344559,40.69331716,-73.95381995,casual
435800,7A75DF7B37C6E6EB,classic_bike,2021-08-15 19:19:45,2021-08-15 19:27:14,Clark St & Henry St,4789,Johnson St & Gold St,4668,40.69760127,-73.99344559,40.69474881,-73.98362464,member
435801,3546F059B0F9CC30,electric_bike,2021-08-10 16:02:56,2021-08-10 16:13:28,Clark St & Henry St,4789,Liberty St & Nassau St,5105,40.69760127,-73.99344559,40.70858894240581,-74.00935482235809,member
436229,A2CCED161CDD0825,electric_bike,2021-08-12 07:40:18,2021-08-12 07:51:52,Clark St & Henry St,4789,Liberty St & Nassau St,5105,40.69760127,-73.99344559,40.70858894240581,-74.00935482235809,member
436230,6FA02AD66C65F898,electric_bike,2021-08-05 08:14:44,2021-08-05 08:30:39,Clark St & Henry St,4789,Broadway & Battery Pl,4962,40.69760127,-73.99344559,40.70463334,-74.01361706,member
436231,4DEA5C5B50F15033,electric_bike,2021-08-04 10:03:25,2021-08-04 10:20:11,Clark St & Henry St,4789,Broadway & Battery Pl,4962,40.69760127,-73.99344559,40.70463334,-74.01361706,member
441827,ECC8BBDD5492E18D,classic_bike,2021-08-19 13:25:37,2021-08-19 14:20:18,Clark St & Henry St,4789,Jackson Ave & 46 Rd,6203,40.69760127,-73.99344559,40.74524768,-73.94733276,member
448358,C94F935418427DC1,classic_bike,2021-08-20 17:52:36,2021-08-20 17:57:16,Clark St & Henry St,4789,Myrtle Ave & Fleet Pl,4628,40.69760127,-73.99344559,40.693534,-73.981909,member
452073,C1BBE344915976BC,classic_bike,2021-08-20 09:25:32,2021-08-20 09:26:54,Clark St & Henry St,4789,Pierrepont St & Monroe Pl,4718,40.69760127,-73.99344559,40.69535693320225,-73.99344027042389,member
457355,F8EC9C9EAB78A766,docked_bike,2021-08-09 22:13:37,2021-08-09 22:57:17,Clark St & Henry St,4789,Grand St & Greene St,5500,40.697601,-73.993446,40.7217,-74.002381,casual
458989,C394FC016E40AD14,classic_bike,2021-08-09 20:43:29,2021-08-09 21:11:14,Clark St & Henry St,4789,E 1 St & 1 Ave,5593,40.69760127,-73.99344559,40.72335597960796,-73.98864984512329,casual
463034,0EA5B0CCE8D97C3B,electric_bike,2021-08-26 19:53:18,2021-08-26 20:04:22,Clark St & Henry St,4789,Clinton St & Union St,4266,40.69760127,-73.99344559,40.6831164,-73.99785267,member
473227,D835B65CF496A78B,classic_bike,2021-08-08 16:12:00,2021-08-08 16:27:25,Clark St & Henry St,4789,Washington Ave & Park Ave,4724,40.69760127,-73.99344559,40.69610226,-73.96751037,casual
475837,C7C75B9FD194BF66,electric_bike,2021-08-31 20:55:10,2021-08-31 21:07:50,Clark St & Henry St,4789,Washington Ave & Park Ave,4724,40.69760127,-73.99344559,40.69610226,-73.96751037,casual
475846,8EA1A03127F900F1,classic_bike,2021-08-12 13:53:04,2021-08-12 14:05:41,Clark St & Henry St,4789,Washington Ave & Park Ave,4724,40.69760127,-73.99344559,40.69610226,-73.96751037,casual
480948,D351E055FC3AB573,classic_bike,2021-08-08 16:12:05,2021-08-08 16:26:37,Clark St & Henry St,4789,Washington Ave & Park Ave,4724,40.69760127,-73.99344559,40.69610226,-73.96751037,casual
482189,82FCB71A1D1669D9,classic_bike,2021-08-03 18:22:56,2021-08-03 18:38:50,Clark St & Henry St,4789,Washington Ave & Park Ave,4724,40.69760127,-73.99344559,40.69610226,-73.96751037,member
483660,30E3D0D85CF0A6F7,classic_bike,2021-08-10 14:47:11,2021-08-10 15:17:11,Clark St & Henry St,4789,Grand St & Havemeyer St,5267,40.69760127,-73.99344559,40.71286844,-73.95698119,member
486584,859A0FC561F1CA97,electric_bike,2021-08-05 00:31:10,2021-08-05 00:56:04,Clark St & Henry St,4789,Grand St & Havemeyer St,5267,40.69760127,-73.99344559,40.71286844,-73.95698119,casual
486939,E7F5178C80591B69,classic_bike,2021-08-30 18:43:32,2021-08-30 19:17:15,Clark St & Henry St,4789,Grand St & Havemeyer St,5267,40.69760127,-73.99344559,40.71286844,-73.95698119,casual
487117,70E0B360E7851BD4,classic_bike,2021-08-15 15:15:48,2021-08-15 15:41:31,Clark St & Henry St,4789,Grand St & Havemeyer St,5267,40.69760127,-73.99344559,40.71286844,-73.95698119,member
488298,810252EAC17E99A7,classic_bike,2021-08-29 15:30:21,2021-08-29 16:06:51,Clark St & Henry St,4789,Grand St & Havemeyer St,5267,40.69760127,-73.99344559,40.71286844,-73.95698119,member
488434,786F0F5B593CBA91,classic_bike,2021-08-27 10:46:34,2021-08-27 11:20:15,Clark St & Henry St,4789,Grand St & Havemeyer St,5267,40.69760127,-73.99344559,40.71286844,-73.95698119,casual
493867,C976EE2D15D5337F,classic_bike,2021-08-23 17:22:40,2021-08-23 17:37:05,Clark St & Henry St,4789,Clinton St & Union St,4266,40.69760127,-73.99344559,40.6831164,-73.99785267,member
493873,1DB327E859D43DD3,classic_bike,2021-08-09 20:40:25,2021-08-09 20:49:31,Clark St & Henry St,4789,Nassau St\t& Duffield St,4781,40.69760127,-73.99344559,40.698477,-73.98384,member
493877,6471C60EB5C06A42,classic_bike,2021-08-13 23:22:56,2021-08-13 23:30:17,Clark St & Henry St,4789,Nassau St\t& Duffield St,4781,40.69760127,-73.99344559,40.698477,-73.98384,member
493880,4031D5E0F890C703,classic_bike,2021-08-31 20:46:27,2021-08-31 20:53:55,Clark St & Henry St,4789,Clinton St & Union St,4266,40.69760127,-73.99344559,40.6831164,-73.99785267,member
493884,15AD76DF26605C84,classic_bike,2021-08-30 17:57:09,2021-08-30 18:06:11,Clark St & Henry St,4789,Clinton St & Union St,4266,40.69760127,-73.99344559,40.6831164,-73.99785267,member
493885,5370C8107F11D3A4,classic_bike,2021-08-15 12:04:34,2021-08-15 12:17:52,Clark St & Henry St,4789,Clinton St & Union St,4266,40.69760127,-73.99344559,40.6831164,-73.99785267,casual
493886,287833860880ACE6,classic_bike,2021-08-19 20:51:38,2021-08-19 21:20:54,Clark St & Henry St,4789,Clinton St & Union St,4266,40.69760127,-73.99344559,40.6831164,-73.99785267,casual
493891,AD79163DE49F39A9,classic_bike,2021-08-16 18:43:42,2021-08-16 18:52:55,Clark St & Henry St,4789,Nassau St\t& Duffield St,4781,40.69760127,-73.99344559,40.698477,-73.98384,member
493892,2AB963F81F576443,classic_bike,2021-08-21 09:13:46,2021-08-21 09:21:55,Clark St & Henry St,4789,Clinton St & Union St,4266,40.69760127,-73.99344559,40.6831164,-73.99785267,member
493906,EEDD0A6AB4CC2353,classic_bike,2021-08-23 21:03:50,2021-08-23 21:12:15,Clark St & Henry St,4789,Clinton St & Union St,4266,40.69760127,-73.99344559,40.6831164,-73.99785267,casual
494632,6001232F3B0291A1,classic_bike,2021-08-31 07:42:45,2021-08-31 07:47:27,Clark St & Henry St,4789,Nassau St\t& Duffield St,4781,40.69760127,-73.99344559,40.698477,-73.98384,casual
494965,ACEB3900545B04AE,classic_bike,2021-08-31 14:39:40,2021-08-31 14:47:55,Clark St & Henry St,4789,Clinton St & Union St,4266,40.69760127,-73.99344559,40.6831164,-73.99785267,member
494984,DD9DB7A131CB129D,classic_bike,2021-08-09 20:40:20,2021-08-09 20:49:29,Clark St & Henry St,4789,Nassau St\t& Duffield St,4781,40.69760127,-73.99344559,40.698477,-73.98384,member
495032,427EEFC4B883B689,electric_bike,2021-08-20 15:46:25,2021-08-20 15:59:56,Clark St & Henry St,4789,Clinton St & Union St,4266,40.69760127,-73.99344559,40.6831164,-73.99785267,member
495033,C6A4406B5F87A272,electric_bike,2021-08-09 10:18:21,2021-08-09 10:29:00,Clark St & Henry St,4789,Park Pl & Church St,5288,40.69760127,-73.99344559,40.71334184275907,-74.00935515761375,member
495387,5D5F898714936BC7,classic_bike,2021-08-15 12:03:57,2021-08-15 12:16:30,Clark St & Henry St,4789,Clinton St & Union St,4266,40.69760127,-73.99344559,40.6831164,-73.99785267,member
496765,2546010861E4AE14,classic_bike,2021-08-04 19:08:41,2021-08-04 19:18:49,Clark St & Henry St,4789,Clinton St & Union St,4266,40.69760127,-73.99344559,40.6831164,-73.99785267,member
497680,ED92869051E723F0,classic_bike,2021-08-06 09:03:54,2021-08-06 09:12:39,Clark St & Henry St,4789,Clinton St & Union St,4266,40.69760127,-73.99344559,40.6831164,-73.99785267,member
497855,3C8FEEE3468418B9,classic_bike,2021-08-03 18:30:54,2021-08-03 18:38:32,Clark St & Henry St,4789,Clinton St & Union St,4266,40.69760127,-73.99344559,40.6831164,-73.99785267,member
497946,B321AED916C697E4,classic_bike,2021-08-01 08:46:58,2021-08-01 08:57:06,Clark St & Henry St,4789,Clinton St & Union St,4266,40.69760127,-73.99344559,40.6831164,-73.99785267,member
498949,D955A7756C30D0FF,classic_bike,2021-08-05 19:09:22,2021-08-05 19:16:23,Clark St & Henry St,4789,Clinton St & Union St,4266,40.69760127,-73.99344559,40.6831164,-73.99785267,casual
499242,F8AAE38A4AFDE18F,classic_bike,2021-08-06 09:04:46,2021-08-06 09:08:59,Clark St & Henry St,4789,Nassau St\t& Duffield St,4781,40.69760127,-73.99344559,40.698477,-73.98384,member
499682,121D4699AE3E09FF,electric_bike,2021-08-23 23:17:20,2021-08-23 23:30:02,Clark St & Henry St,4789,Nassau St\t& Duffield St,4781,40.69760127,-73.99344559,40.698477,-73.98384,casual
500535,FE913B860B769406,classic_bike,2021-08-27 18:06:58,2021-08-27 18:16:11,Clark St & Henry St,4789,Clinton St & Union St,4266,40.69760127,-73.99344559,40.6831164,-73.99785267,member
500920,4BC67D59C5302040,classic_bike,2021-08-14 17:26:57,2021-08-14 17:34:52,Clark St & Henry St,4789,Nassau St\t& Duffield St,4781,40.69760127,-73.99344559,40.698477,-73.98384,member
509845,88AC479A6A248F3B,classic_bike,2021-08-24 17:35:46,2021-08-24 18:38:56,Clark St & Henry St,4789,Putnam Ave & Throop Ave,4392,40.69760127,-73.99344559,40.6851532,-73.94111,member
516908,187534A2CD8CE69A,classic_bike,2021-08-20 09:12:38,2021-08-20 09:58:02,Clark St & Henry St,4789,Stockholm St & Wilson Ave,4824,40.69760127,-73.99344559,40.699304,-73.923044,casual
516922,85F3F82ED0307B74,electric_bike,2021-08-19 19:34:50,2021-08-19 20:05:27,Clark St & Henry St,4789,Stockholm St & Wilson Ave,4824,40.69760127,-73.99344559,40.699304,-73.923044,casual
526906,11BAB0F376E6C3B1,classic_bike,2021-08-07 22:39:56,2021-08-07 22:49:39,Clark St & Henry St,4789,Hicks St & Montague St,4645,40.69760127,-73.99344559,40.69512845,-73.99595065,member
526908,313F70BE76F2898F,classic_bike,2021-08-19 18:20:27,2021-08-19 18:24:14,Clark St & Henry St,4789,Hicks St & Montague St,4645,40.69760127,-73.99344559,40.69512845,-73.99595065,member
526909,D0D21E74DD8F93CB,electric_bike,2021-08-26 14:47:43,2021-08-26 14:49:46,Clark St & Henry St,4789,Hicks St & Montague St,4645,40.69760127,-73.99344559,40.69512845,-73.99595065,member
526910,7A9BECBA1DEC211D,electric_bike,2021-08-16 00:38:22,2021-08-16 01:24:30,Clark St & Henry St,4789,Hicks St & Montague St,4645,40.69760127,-73.99344559,40.69512845,-73.99595065,member
526913,B1645934F8E6C43F,classic_bike,2021-08-26 19:32:25,2021-08-26 19:54:06,Clark St & Henry St,4789,Kane St & Clinton St,4455,40.69760127,-73.99344559,40.6861758,-73.99645295,member
526939,FCE0829A9F9F2945,classic_bike,2021-08-14 20:45:56,2021-08-14 20:48:43,Clark St & Henry St,4789,Hicks St & Montague St,4645,40.69760127,-73.99344559,40.69512845,-73.99595065,member
526941,ACA4E73614DD38B8,classic_bike,2021-08-12 22:50:43,2021-08-12 22:54:06,Clark St & Henry St,4789,Hicks St & Montague St,4645,40.69760127,-73.99344559,40.69512845,-73.99595065,member
526943,34C1E538608A05CE,classic_bike,2021-08-24 19:23:09,2021-08-24 19:26:03,Clark St & Henry St,4789,Hicks St & Montague St,4645,40.69760127,-73.99344559,40.69512845,-73.99595065,member
526944,06475974B62F8210,classic_bike,2021-08-19 08:39:35,2021-08-19 08:42:14,Clark St & Henry St,4789,Hicks St & Montague St,4645,40.69760127,-73.99344559,40.69512845,-73.99595065,member
526945,B18F6B89B1AFD0C8,classic_bike,2021-08-26 18:13:14,2021-08-26 18:16:58,Clark St & Henry St,4789,Hicks St & Montague St,4645,40.69760127,-73.99344559,40.69512845,-73.99595065,member
526946,BCCAD44DA9AAB2EB,classic_bike,2021-08-19 15:59:53,2021-08-19 16:02:37,Clark St & Henry St,4789,Hicks St & Montague St,4645,40.69760127,-73.99344559,40.69512845,-73.99595065,member
526947,667702F76F8BCE73,classic_bike,2021-08-26 17:23:29,2021-08-26 17:25:24,Clark St & Henry St,4789,Hicks St & Montague St,4645,40.69760127,-73.99344559,40.69512845,-73.99595065,member
526948,9453271F73190F44,classic_bike,2021-08-25 17:10:32,2021-08-25 17:12:30,Clark St & Henry St,4789,Hicks St & Montague St,4645,40.69760127,-73.99344559,40.69512845,-73.99595065,member
526949,3B650388770AE7C0,classic_bike,2021-08-16 00:24:16,2021-08-16 00:26:52,Clark St & Henry St,4789,Hicks St & Montague St,4645,40.69760127,-73.99344559,40.69512845,-73.99595065,member
526953,13694F1EA8A829C6,classic_bike,2021-08-06 12:11:34,2021-08-06 12:14:14,Clark St & Henry St,4789,Hicks St & Montague St,4645,40.69760127,-73.99344559,40.69512845,-73.99595065,casual
526957,CF9FF6EF09FED708,classic_bike,2021-08-12 19:26:24,2021-08-12 19:39:46,Clark St & Henry St,4789,Kane St & Clinton St,4455,40.69760127,-73.99344559,40.6861758,-73.99645295,member
526960,2FA508E7A4190BAD,classic_bike,2021-08-03 12:07:45,2021-08-03 12:10:18,Clark St & Henry St,4789,Hicks St & Montague St,4645,40.69760127,-73.99344559,40.69512845,-73.99595065,member
526963,C276560F3BAE5FB1,classic_bike,2021-08-30 18:03:49,2021-08-30 18:10:28,Clark St & Henry St,4789,Kane St & Clinton St,4455,40.69760127,-73.99344559,40.6861758,-73.99645295,member
528091,B7D6BD62D3D4A1CA,classic_bike,2021-08-10 21:49:16,2021-08-10 21:51:42,Clark St & Henry St,4789,Hicks St & Montague St,4645,40.69760127,-73.99344559,40.69512845,-73.99595065,member
528092,90412D751C6AAE5C,classic_bike,2021-08-04 09:52:47,2021-08-04 09:54:52,Clark St & Henry St,4789,Hicks St & Montague St,4645,40.69760127,-73.99344559,40.69512845,-73.99595065,member
528094,7FBEFDCE24D01210,classic_bike,2021-08-06 23:42:05,2021-08-06 23:44:13,Clark St & Henry St,4789,Hicks St & Montague St,4645,40.69760127,-73.99344559,40.69512845,-73.99595065,member
530264,8D2C703F1495CF32,classic_bike,2021-08-30 15:32:11,2021-08-30 15:45:56,Clark St & Henry St,4789,Kane St & Clinton St,4455,40.69760127,-73.99344559,40.6861758,-73.99645295,casual
530268,6920F9CE7FF5FF76,classic_bike,2021-08-25 16:57:47,2021-08-25 17:08:28,Clark St & Henry St,4789,Kane St & Clinton St,4455,40.69760127,-73.99344559,40.6861758,-73.99645295,casual
530272,1398F58D118151D4,classic_bike,2021-08-02 13:57:33,2021-08-02 14:00:06,Clark St & Henry St,4789,Hicks St & Montague St,4645,40.69760127,-73.99344559,40.69512845,-73.99595065,member
530273,C0DBEA3E4D8CD8B2,classic_bike,2021-08-12 17:27:26,2021-08-12 17:30:50,Clark St & Henry St,4789,Hicks St & Montague St,4645,40.69760127,-73.99344559,40.69512845,-73.99595065,member
530274,3AEF57B04E4B4879,classic_bike,2021-08-27 19:25:58,2021-08-27 19:28:18,Clark St & Henry St,4789,Hicks St & Montague St,4645,40.69760127,-73.99344559,40.69512845,-73.99595065,member
530292,184491EC54EA258D,classic_bike,2021-08-01 18:24:02,2021-08-01 18:26:28,Clark St & Henry St,4789,Hicks St & Montague St,4645,40.69760127,-73.99344559,40.69512845,-73.99595065,member
530295,BDE2719B6D5F2EEF,classic_bike,2021-08-14 19:28:28,2021-08-14 19:30:13,Clark St & Henry St,4789,Hicks St & Montague St,4645,40.69760127,-73.99344559,40.69512845,-73.99595065,member
530301,C3BEAB808140B097,classic_bike,2021-08-10 17:44:46,2021-08-10 18:09:37,Clark St & Henry St,4789,St James Pl & Pearl St,5167,40.69760127,-73.99344559,40.71117416,-74.00016545,member
530302,4BD753D4417B28AF,classic_bike,2021-08-27 17:16:01,2021-08-27 17:37:34,Clark St & Henry St,4789,Kane St & Clinton St,4455,40.69760127,-73.99344559,40.6861758,-73.99645295,member
530308,87018434F531181C,electric_bike,2021-08-08 17:11:19,2021-08-08 17:13:28,Clark St & Henry St,4789,Hicks St & Montague St,4645,40.69760127,-73.99344559,40.69512845,-73.99595065,member
530313,0CF22D910B9DB407,classic_bike,2021-08-26 18:05:54,2021-08-26 18:13:14,Clark St & Henry St,4789,Kane St & Clinton St,4455,40.69760127,-73.99344559,40.6861758,-73.99645295,casual
530314,134C33781FA71522,classic_bike,2021-08-04 18:19:03,2021-08-04 18:21:29,Clark St & Henry St,4789,Hicks St & Montague St,4645,40.69760127,-73.99344559,40.69512845,-73.99595065,member
530319,D2FF339521AD7E07,electric_bike,2021-08-05 19:03:57,2021-08-05 19:06:38,Clark St & Henry St,4789,Hicks St & Montague St,4645,40.69760127,-73.99344559,40.69512845,-73.99595065,member
530323,2AA75D5F5245EB23,classic_bike,2021-08-01 13:13:32,2021-08-01 13:18:25,Clark St & Henry St,4789,Kane St & Clinton St,4455,40.69760127,-73.99344559,40.6861758,-73.99645295,member
530325,4AED84773758C23E,electric_bike,2021-08-07 18:24:44,2021-08-07 18:28:01,Clark St & Henry St,4789,Hicks St & Montague St,4645,40.69760127,-73.99344559,40.69512845,-73.99595065,member
530327,EF1E3B94C3AD83FE,classic_bike,2021-08-20 10:52:28,2021-08-20 11:02:28,Clark St & Henry St,4789,Kane St & Clinton St,4455,40.69760127,-73.99344559,40.6861758,-73.99645295,casual
533699,BDFE94FC18707484,classic_bike,2021-08-03 20:45:18,2021-08-03 20:47:03,Clark St & Henry St,4789,Hicks St & Montague St,4645,40.69760127,-73.99344559,40.69512845,-73.99595065,member
533700,A6B92C70F3865A7E,classic_bike,2021-08-07 09:35:17,2021-08-07 09:37:51,Clark St & Henry St,4789,Hicks St & Montague St,4645,40.69760127,-73.99344559,40.69512845,-73.99595065,member
533706,12B4BEC163067B6C,classic_bike,2021-08-01 17:20:16,2021-08-01 17:25:02,Clark St & Henry St,4789,Hicks St & Montague St,4645,40.69760127,-73.99344559,40.69512845,-73.99595065,member
533707,B9AA6ED526D8C922,classic_bike,2021-08-25 17:57:09,2021-08-25 18:17:34,Clark St & Henry St,4789,St James Pl & Pearl St,5167,40.69760127,-73.99344559,40.71117416,-74.00016545,member
533715,569D4E1170A099BB,classic_bike,2021-08-14 12:10:19,2021-08-14 12:19:52,Clark St & Henry St,4789,Kane St & Clinton St,4455,40.69760127,-73.99344559,40.6861758,-73.99645295,casual
533718,AF2A0238DF5560FF,classic_bike,2021-08-28 11:19:46,2021-08-28 11:23:03,Clark St & Henry St,4789,Hicks St & Montague St,4645,40.69760127,-73.99344559,40.69512845,-73.99595065,member
533720,E6CBF80673ACF649,classic_bike,2021-08-29 16:10:47,2021-08-29 16:13:14,Clark St & Henry St,4789,Hicks St & Montague St,4645,40.69760127,-73.99344559,40.69512845,-73.99595065,member
533723,111E75025D959D2C,classic_bike,2021-08-09 15:09:20,2021-08-09 15:14:56,Clark St & Henry St,4789,Kane St & Clinton St,4455,40.69760127,-73.99344559,40.6861758,-73.99645295,member
533724,E950233D1FEC6EDF,classic_bike,2021-08-18 14:21:08,2021-08-18 14:22:50,Clark St & Henry St,4789,Hicks St & Montague St,4645,40.69760127,-73.99344559,40.69512845,-73.99595065,member
533734,0FC995077F776F02,classic_bike,2021-08-26 16:49:12,2021-08-26 16:52:42,Clark St & Henry St,4789,Hicks St & Montague St,4645,40.69760127,-73.99344559,40.69512845,-73.99595065,member
533735,EFEF3D215C6BC236,classic_bike,2021-08-12 05:57:06,2021-08-12 05:59:24,Clark St & Henry St,4789,Hicks St & Montague St,4645,40.69760127,-73.99344559,40.69512845,-73.99595065,member
533736,4DB391431473E5E9,classic_bike,2021-08-01 08:15:19,2021-08-01 08:36:01,Clark St & Henry St,4789,Hicks St & Montague St,4645,40.69760127,-73.99344559,40.69512845,-73.99595065,member
534127,B0A6988728028F84,classic_bike,2021-08-25 18:10:40,2021-08-25 18:25:12,Clark St & Henry St,4789,Hicks St & Montague St,4645,40.69760127,-73.99344559,40.69512845,-73.99595065,member
534128,11FE323FC3F85158,electric_bike,2021-08-18 13:23:58,2021-08-18 13:29:08,Clark St & Henry St,4789,Hicks St & Montague St,4645,40.69760127,-73.99344559,40.69512845,-73.99595065,member
534129,A5F996492FE27928,classic_bike,2021-08-14 12:26:04,2021-08-14 12:28:12,Clark St & Henry St,4789,Hicks St & Montague St,4645,40.69760127,-73.99344559,40.69512845,-73.99595065,member
534160,B60F8CC9434FFA93,classic_bike,2021-08-31 12:24:35,2021-08-31 12:28:13,Clark St & Henry St,4789,Hicks St & Montague St,4645,40.69760127,-73.99344559,40.69512845,-73.99595065,member
534166,A8CE313BAD2F2E5F,classic_bike,2021-08-06 23:33:31,2021-08-06 23:41:09,Clark St & Henry St,4789,Hicks St & Montague St,4645,40.69760127,-73.99344559,40.69512845,-73.99595065,casual
538513,AC3EA4D192957BF3,classic_bike,2021-08-01 23:11:37,2021-08-01 23:19:10,Clark St & Henry St,4789,Kane St & Clinton St,4455,40.69760127,-73.99344559,40.6861758,-73.99645295,member
538514,16BF95BFB2456992,classic_bike,2021-08-16 00:24:17,2021-08-16 00:26:54,Clark St & Henry St,4789,Hicks St & Montague St,4645,40.69760127,-73.99344559,40.69512845,-73.99595065,member
538518,6D4C1020B9C12286,classic_bike,2021-08-03 18:49:42,2021-08-03 18:59:02,Clark St & Henry St,4789,Hicks St & Montague St,4645,40.69760127,-73.99344559,40.69512845,-73.99595065,member
538539,69BC0D17A9056780,classic_bike,2021-08-17 20:48:35,2021-08-17 20:50:51,Clark St & Henry St,4789,Hicks St & Montague St,4645,40.69760127,-73.99344559,40.69512845,-73.99595065,member
538540,E6D06A12C902DE28,classic_bike,2021-08-06 17:38:44,2021-08-06 18:01:06,Clark St & Henry St,4789,St James Pl & Pearl St,5167,40.69760127,-73.99344559,40.71117416,-74.00016545,member
538542,A638DACEF4E0517F,classic_bike,2021-08-03 16:22:15,2021-08-03 16:25:11,Clark St & Henry St,4789,Hicks St & Montague St,4645,40.69760127,-73.99344559,40.69512845,-73.99595065,member
538546,442A9988E000ABCD,classic_bike,2021-08-20 22:42:49,2021-08-20 22:45:23,Clark St & Henry St,4789,Hicks St & Montague St,4645,40.69760127,-73.99344559,40.69512845,-73.99595065,casual
538877,E6F47EB50E548830,electric_bike,2021-08-10 16:34:12,2021-08-10 16:37:51,Clark St & Henry St,4789,Hicks St & Montague St,4645,40.69760127,-73.99344559,40.69512845,-73.99595065,casual
538891,74189BF62159B907,electric_bike,2021-08-24 16:45:25,2021-08-24 16:47:52,Clark St & Henry St,4789,Hicks St & Montague St,4645,40.69760127,-73.99344559,40.69512845,-73.99595065,member
538892,D410637F4E71070F,classic_bike,2021-08-17 09:03:52,2021-08-17 09:06:08,Clark St & Henry St,4789,Hicks St & Montague St,4645,40.69760127,-73.99344559,40.69512845,-73.99595065,member
538896,2D0DA818341BA56B,classic_bike,2021-08-05 18:14:27,2021-08-05 18:17:02,Clark St & Henry St,4789,Hicks St & Montague St,4645,40.69760127,-73.99344559,40.69512845,-73.99595065,member
538897,DAAFAA2CDBC1FD92,electric_bike,2021-08-29 15:30:56,2021-08-29 15:33:48,Clark St & Henry St,4789,Hicks St & Montague St,4645,40.69760127,-73.99344559,40.69512845,-73.99595065,member
538898,2A651126C516E6A4,electric_bike,2021-08-06 23:27:17,2021-08-06 23:30:23,Clark St & Henry St,4789,Hicks St & Montague St,4645,40.69760127,-73.99344559,40.69512845,-73.99595065,member
538900,114BC152501A9C9F,classic_bike,2021-08-12 11:43:42,2021-08-12 11:55:13,Clark St & Henry St,4789,Kane St & Clinton St,4455,40.69760127,-73.99344559,40.6861758,-73.99645295,member
538904,BCE8C9804ACE1162,classic_bike,2021-08-01 13:13:33,2021-08-01 13:18:02,Clark St & Henry St,4789,Kane St & Clinton St,4455,40.69760127,-73.99344559,40.6861758,-73.99645295,member
538905,EEB33DE7971F321E,classic_bike,2021-08-19 09:09:38,2021-08-19 09:16:44,Clark St & Henry St,4789,Kane St & Clinton St,4455,40.69760127,-73.99344559,40.6861758,-73.99645295,member
538906,2401F71747D1BC31,classic_bike,2021-08-06 08:44:27,2021-08-06 08:48:22,Clark St & Henry St,4789,Hicks St & Montague St,4645,40.69760127,-73.99344559,40.69512845,-73.99595065,casual
539138,F12E7F1C910A1821,classic_bike,2021-08-04 09:11:14,2021-08-04 09:20:48,Clark St & Henry St,4789,Hicks St & Montague St,4645,40.69760127,-73.99344559,40.69512845,-73.99595065,casual
539775,210C7694AC2A2D83,classic_bike,2021-08-19 17:22:39,2021-08-19 17:24:42,Clark St & Henry St,4789,Hicks St & Montague St,4645,40.69760127,-73.99344559,40.69512845,-73.99595065,member
539778,6B65F3D499EA1549,classic_bike,2021-08-29 11:03:43,2021-08-29 11:06:02,Clark St & Henry St,4789,Hicks St & Montague St,4645,40.69760127,-73.99344559,40.69512845,-73.99595065,member
540926,0DB6284192A6477A,classic_bike,2021-08-19 20:10:31,2021-08-19 20:19:47,Clark St & Henry St,4789,Kane St & Clinton St,4455,40.69760127,-73.99344559,40.6861758,-73.99645295,member
540927,027EE26232D6F8AA,classic_bike,2021-08-28 14:37:49,2021-08-28 14:47:24,Clark St & Henry St,4789,Hicks St & Montague St,4645,40.69760127,-73.99344559,40.69512845,-73.99595065,member
540929,AEFD672315A38FA9,classic_bike,2021-08-19 17:39:44,2021-08-19 18:01:12,Clark St & Henry St,4789,St James Pl & Pearl St,5167,40.69760127,-73.99344559,40.71117416,-74.00016545,member
540930,E9CB0EE65E24ECA9,classic_bike,2021-08-06 14:20:34,2021-08-06 14:25:34,Clark St & Henry St,4789,Kane St & Clinton St,4455,40.69760127,-73.99344559,40.6861758,-73.99645295,member
540931,F7ECD5A901A33733,classic_bike,2021-08-01 11:01:25,2021-08-01 11:03:50,Clark St & Henry St,4789,Hicks St & Montague St,4645,40.69760127,-73.99344559,40.69512845,-73.99595065,member
540932,23FFFD3576124E37,classic_bike,2021-08-03 19:25:19,2021-08-03 19:30:44,Clark St & Henry St,4789,Kane St & Clinton St,4455,40.69760127,-73.99344559,40.6861758,-73.99645295,member
540934,CDCB2AC0BA644524,classic_bike,2021-08-16 18:40:07,2021-08-16 18:42:45,Clark St & Henry St,4789,Hicks St & Montague St,4645,40.69760127,-73.99344559,40.69512845,-73.99595065,member
540935,20E2DBB5EA7E76D7,classic_bike,2021-08-02 18:08:51,2021-08-02 18:10:30,Clark St & Henry St,4789,Hicks St & Montague St,4645,40.69760127,-73.99344559,40.69512845,-73.99595065,member
540936,75DC073B507B577E,electric_bike,2021-08-05 17:42:38,2021-08-05 18:03:08,Clark St & Henry St,4789,St James Pl & Pearl St,5167,40.69760127,-73.99344559,40.71117416,-74.00016545,member
540937,A991DBA1D036EEE4,classic_bike,2021-08-26 23:21:20,2021-08-26 23:27:17,Clark St & Henry St,4789,Hicks St & Montague St,4645,40.69760127,-73.99344559,40.69512845,-73.99595065,member
541253,946268799C392220,classic_bike,2021-08-25 20:12:36,2021-08-25 20:15:35,Clark St & Henry St,4789,Hicks St & Montague St,4645,40.69760127,-73.99344559,40.69512845,-73.99595065,member
541255,77ACDACBA03742B1,electric_bike,2021-08-05 18:54:55,2021-08-05 18:56:37,Clark St & Henry St,4789,Hicks St & Montague St,4645,40.69760127,-73.99344559,40.69512845,-73.99595065,member
541256,5FDB586E7562CD17,classic_bike,2021-08-20 08:54:45,2021-08-20 08:58:11,Clark St & Henry St,4789,Hicks St & Montague St,4645,40.69760127,-73.99344559,40.69512845,-73.99595065,member
541258,E75A9349B0D61D54,classic_bike,2021-08-24 18:48:30,2021-08-24 18:51:11,Clark St & Henry St,4789,Hicks St & Montague St,4645,40.69760127,-73.99344559,40.69512845,-73.99595065,member
541527,61DBB7224F1D4F26,classic_bike,2021-08-09 18:21:40,2021-08-09 19:43:07,Clark St & Henry St,4789,Hicks St & Montague St,4645,40.69760127,-73.99344559,40.69512845,-73.99595065,member
541528,BD26E5180951D6AE,electric_bike,2021-08-09 20:58:11,2021-08-09 21:00:23,Clark St & Henry St,4789,Hicks St & Montague St,4645,40.69760127,-73.99344559,40.69512845,-73.99595065,member
542181,4DC5697A5F168DC7,classic_bike,2021-08-27 11:31:43,2021-08-27 11:33:57,Clark St & Henry St,4789,Hicks St & Montague St,4645,40.69760127,-73.99344559,40.69512845,-73.99595065,member
542182,722819775BFFCEB5,classic_bike,2021-08-09 17:43:01,2021-08-09 18:04:11,Clark St & Henry St,4789,St James Pl & Pearl St,5167,40.69760127,-73.99344559,40.71117416,-74.00016545,member
542184,551964A434C396BB,classic_bike,2021-08-03 19:42:33,2021-08-03 19:45:58,Clark St & Henry St,4789,Hicks St & Montague St,4645,40.69760127,-73.99344559,40.69512845,-73.99595065,member
542185,67C69DDECAC83E45,classic_bike,2021-08-24 16:53:17,2021-08-24 16:55:39,Clark St & Henry St,4789,Hicks St & Montague St,4645,40.69760127,-73.99344559,40.69512845,-73.99595065,member
543063,3F4FBFC16993183A,classic_bike,2021-08-26 17:56:28,2021-08-26 18:10:58,Clark St & Henry St,4789,Hicks St & Montague St,4645,40.69760127,-73.99344559,40.69512845,-73.99595065,casual
543067,C938D50AE4B2D098,classic_bike,2021-08-25 16:43:12,2021-08-25 16:56:15,Clark St & Henry St,4789,Kane St & Clinton St,4455,40.69760127,-73.99344559,40.6861758,-73.99645295,casual
543068,294039017A727D09,classic_bike,2021-08-18 16:25:34,2021-08-18 16:47:02,Clark St & Henry St,4789,Hicks St & Montague St,4645,40.69760127,-73.99344559,40.69512845,-73.99595065,casual
543071,9C05248ED7F20CB9,classic_bike,2021-08-05 15:05:14,2021-08-05 15:09:06,Clark St & Henry St,4789,Hicks St & Montague St,4645,40.69760127,-73.99344559,40.69512845,-73.99595065,member
543560,EA7D7755ADBBEC7D,classic_bike,2021-08-09 08:40:06,2021-08-09 08:43:50,Clark St & Henry St,4789,Hicks St & Montague St,4645,40.69760127,-73.99344559,40.69512845,-73.99595065,member
543562,B45AC792B1D0DE83,classic_bike,2021-08-16 17:44:25,2021-08-16 17:46:15,Clark St & Henry St,4789,Hicks St & Montague St,4645,40.69760127,-73.99344559,40.69512845,-73.99595065,member
543563,6D3DAA83FB22BC5E,classic_bike,2021-08-04 22:11:14,2021-08-04 22:13:59,Clark St & Henry St,4789,Hicks St & Montague St,4645,40.69760127,-73.99344559,40.69512845,-73.99595065,member
543564,03426C91714C7AFF,classic_bike,2021-08-05 16:49:01,2021-08-05 16:53:34,Clark St & Henry St,4789,Hicks St & Montague St,4645,40.69760127,-73.99344559,40.69512845,-73.99595065,member
543565,9669769093339B64,classic_bike,2021-08-01 10:53:11,2021-08-01 10:55:15,Clark St & Henry St,4789,Hicks St & Montague St,4645,40.69760127,-73.99344559,40.69512845,-73.99595065,member
543567,5C3EE906F5917C92,electric_bike,2021-08-06 16:08:17,2021-08-06 16:11:57,Clark St & Henry St,4789,Kane St & Clinton St,4455,40.69760127,-73.99344559,40.6861758,-73.99645295,member
543916,8FBB23DD869C5D21,classic_bike,2021-08-02 21:05:13,2021-08-02 21:07:44,Clark St & Henry St,4789,Hicks St & Montague St,4645,40.69760127,-73.99344559,40.69512845,-73.99595065,member
543917,28EA6007BB5B7619,classic_bike,2021-08-14 18:15:39,2021-08-14 18:17:27,Clark St & Henry St,4789,Hicks St & Montague St,4645,40.69760127,-73.99344559,40.69512845,-73.99595065,member
543918,E1CD035C449A7F5F,classic_bike,2021-08-12 17:39:01,2021-08-12 17:41:48,Clark St & Henry St,4789,Hicks St & Montague St,4645,40.69760127,-73.99344559,40.69512845,-73.99595065,member
544916,EB73E021E025DCE8,classic_bike,2021-08-18 17:00:36,2021-08-18 17:26:22,Clark St & Henry St,4789,Kane St & Clinton St,4455,40.69760127,-73.99344559,40.6861758,-73.99645295,casual
545196,0B7CEDF50E7694EF,classic_bike,2021-08-23 19:47:30,2021-08-23 19:51:30,Clark St & Henry St,4789,Hicks St & Montague St,4645,40.69760127,-73.99344559,40.69512845,-73.99595065,member
545198,18F46E92BFC32001,classic_bike,2021-08-17 22:23:11,2021-08-17 22:25:43,Clark St & Henry St,4789,Hicks St & Montague St,4645,40.69760127,-73.99344559,40.69512845,-73.99595065,member
545199,5CA9FA323415BE63,classic_bike,2021-08-01 23:11:31,2021-08-01 23:19:11,Clark St & Henry St,4789,Kane St & Clinton St,4455,40.69760127,-73.99344559,40.6861758,-73.99645295,member
545201,2FE7659457825820,electric_bike,2021-08-26 13:35:22,2021-08-26 13:37:14,Clark St & Henry St,4789,Hicks St & Montague St,4645,40.69760127,-73.99344559,40.69512845,-73.99595065,member
545202,BEC898170AD68871,classic_bike,2021-08-31 21:31:56,2021-08-31 21:34:41,Clark St & Henry St,4789,Hicks St & Montague St,4645,40.69760127,-73.99344559,40.69512845,-73.99595065,member
545203,B8F623DCF71C7D02,classic_bike,2021-08-20 18:34:12,2021-08-20 18:36:42,Clark St & Henry St,4789,Hicks St & Montague St,4645,40.69760127,-73.99344559,40.69512845,-73.99595065,member
545204,D584F6F568CE165F,electric_bike,2021-08-07 14:39:05,2021-08-07 14:41:29,Clark St & Henry St,4789,Hicks St & Montague St,4645,40.69760127,-73.99344559,40.69512845,-73.99595065,member
545205,F066BBFEF05895AE,electric_bike,2021-08-07 14:09:11,2021-08-07 14:11:07,Clark St & Henry St,4789,Hicks St & Montague St,4645,40.69760127,-73.99344559,40.69512845,-73.99595065,member
545206,858AD0C86B0DE94B,classic_bike,2021-08-04 11:34:44,2021-08-04 11:43:28,Clark St & Henry St,4789,Hicks St & Montague St,4645,40.69760127,-73.99344559,40.69512845,-73.99595065,member
545207,9703595623EB73F2,classic_bike,2021-08-26 23:21:39,2021-08-26 23:27:00,Clark St & Henry St,4789,Hicks St & Montague St,4645,40.69760127,-73.99344559,40.69512845,-73.99595065,member
545210,4B2E37B17B18D1C4,classic_bike,2021-08-17 17:43:12,2021-08-17 18:03:53,Clark St & Henry St,4789,St James Pl & Pearl St,5167,40.69760127,-73.99344559,40.71117416,-74.00016545,member
545211,11FD3DD5EFDA6E72,classic_bike,2021-08-05 17:10:18,2021-08-05 17:12:20,Clark St & Henry St,4789,Hicks St & Montague St,4645,40.69760127,-73.99344559,40.69512845,-73.99595065,member
545214,849105A550A1FC91,classic_bike,2021-08-24 23:36:17,2021-08-24 23:47:52,Clark St & Henry St,4789,Kane St & Clinton St,4455,40.69760127,-73.99344559,40.6861758,-73.99645295,member
545226,866AB3C118F52424,classic_bike,2021-08-24 17:28:32,2021-08-24 17:47:30,Clark St & Henry St,4789,Hicks St & Montague St,4645,40.69760127,-73.99344559,40.69512845,-73.99595065,member
545228,E1BF97D01B057BC9,classic_bike,2021-08-28 16:59:42,2021-08-28 17:49:56,Clark St & Henry St,4789,Hicks St & Montague St,4645,40.69760127,-73.99344559,40.69512845,-73.99595065,casual
545232,9C3A78438819AE1F,classic_bike,2021-08-17 18:28:13,2021-08-17 18:31:02,Clark St & Henry St,4789,Hicks St & Montague St,4645,40.69760127,-73.99344559,40.69512845,-73.99595065,member
545233,710254C98C85D7FF,classic_bike,2021-08-12 09:14:14,2021-08-12 09:18:11,Clark St & Henry St,4789,Hicks St & Montague St,4645,40.69760127,-73.99344559,40.69512845,-73.99595065,member
545234,853B2C484CB41733,classic_bike,2021-08-23 17:52:37,2021-08-23 18:14:18,Clark St & Henry St,4789,St James Pl & Pearl St,5167,40.69760127,-73.99344559,40.71117416,-74.00016545,member
545235,DC77FFB366D4D0BE,classic_bike,2021-08-09 17:12:41,2021-08-09 17:15:26,Clark St & Henry St,4789,Hicks St & Montague St,4645,40.69760127,-73.99344559,40.69512845,-73.99595065,member
545236,F6430A7759F255E2,classic_bike,2021-08-10 17:58:09,2021-08-10 18:13:44,Clark St & Henry St,4789,Kane St & Clinton St,4455,40.69760127,-73.99344559,40.6861758,-73.99645295,member
545247,343315EB84078577,classic_bike,2021-08-12 09:14:26,2021-08-12 09:18:13,Clark St & Henry St,4789,Hicks St & Montague St,4645,40.69760127,-73.99344559,40.69512845,-73.99595065,member
545481,5155FC5B8B53FBC1,classic_bike,2021-08-24 18:04:49,2021-08-24 18:26:12,Clark St & Henry St,4789,St James Pl & Pearl St,5167,40.69760127,-73.99344559,40.71117416,-74.00016545,member
546528,B1C3562E326D6E3A,classic_bike,2021-08-02 21:25:59,2021-08-02 21:42:23,Clark St & Henry St,4789,Garfield Pl & 8 Ave,3978,40.69760127,-73.99344559,40.6711978,-73.97484126,member
546530,AA08F0E3BD49802F,electric_bike,2021-08-31 13:18:43,2021-08-31 13:35:51,Clark St & Henry St,4789,Garfield Pl & 8 Ave,3978,40.69760127,-73.99344559,40.6711978,-73.97484126,member
549280,BABF50C07C622D14,classic_bike,2021-08-23 19:49:41,2021-08-23 19:53:05,Clark St & Henry St,4789,Hicks St & Montague St,4645,40.69760127,-73.99344559,40.69512845,-73.99595065,member
549281,4F1874FA76E722ED,classic_bike,2021-08-20 17:42:09,2021-08-20 18:03:17,Clark St & Henry St,4789,St James Pl & Pearl St,5167,40.69760127,-73.99344559,40.71117416,-74.00016545,member
552388,872233964D6B5E24,classic_bike,2021-08-20 15:51:59,2021-08-20 16:12:21,Clark St & Henry St,4789,Franklin Ave & Myrtle Ave,4715,40.69760127,-73.99344559,40.694546087246025,-73.95801365375519,casual
554579,BED9E595757E7A2E,classic_bike,2021-08-03 18:49:45,2021-08-03 19:10:09,Clark St & Henry St,4789,Garfield Pl & 8 Ave,3978,40.69760127,-73.99344559,40.6711978,-73.97484126,member
554580,2F5A327C7316567B,electric_bike,2021-08-20 07:33:03,2021-08-20 07:50:59,Clark St & Henry St,4789,Stanton St & Mangin St,5326,40.69760127,-73.99344559,40.71782143,-73.97628939,member
554603,9B2DD2E1D1D1A218,classic_bike,2021-08-23 19:26:29,2021-08-23 19:49:42,Clark St & Henry St,4789,Garfield Pl & 8 Ave,3978,40.69760127,-73.99344559,40.6711978,-73.97484126,member
556827,65D99BD9C4B7A530,electric_bike,2021-08-09 20:45:43,2021-08-09 21:05:10,Clark St & Henry St,4789,Garfield Pl & 8 Ave,3978,40.69760127,-73.99344559,40.6711978,-73.97484126,member
563868,403CDC37B9BB0136,electric_bike,2021-08-29 16:30:53,2021-08-29 17:12:05,Clark St & Henry St,4789,E 33 St & 5 Ave,6322,40.69760127,-73.99344559,40.74765947,-73.98490707,member
565575,2C8328D4D34AFB05,classic_bike,2021-08-31 17:18:02,2021-08-31 17:30:50,Clark St & Henry St,4789,Emerson Pl & Myrtle Ave,4683,40.69760127,-73.99344559,40.69363137,-73.96223558,member
565649,F6770719618FFC4C,classic_bike,2021-08-06 07:48:16,2021-08-06 07:54:26,Clark St & Henry St,4789,Henry St & Degraw St,4380,40.69760127,-73.99344559,40.6847514,-73.99917254,member
565650,E0E4C09550381A2F,classic_bike,2021-08-23 22:22:03,2021-08-23 22:28:09,Clark St & Henry St,4789,Henry St & Degraw St,4380,40.69760127,-73.99344559,40.6847514,-73.99917254,member
567442,615D47A7A331715D,electric_bike,2021-08-13 23:01:10,2021-08-13 23:17:22,Clark St & Henry St,4789,Emerson Pl & Myrtle Ave,4683,40.69760127,-73.99344559,40.69363137,-73.96223558,member
567443,14BB01B55F787F6B,electric_bike,2021-08-13 23:01:06,2021-08-13 23:16:54,Clark St & Henry St,4789,Emerson Pl & Myrtle Ave,4683,40.69760127,-73.99344559,40.69363137,-73.96223558,member
567445,99B6B5B4A8AE2FC1,classic_bike,2021-08-18 07:26:10,2021-08-18 07:32:48,Clark St & Henry St,4789,Henry St & Degraw St,4380,40.69760127,-73.99344559,40.6847514,-73.99917254,casual
567450,BD909ADA34AE0D7C,classic_bike,2021-08-21 21:59:39,2021-08-21 22:19:08,Clark St & Henry St,4789,Henry St & Degraw St,4380,40.69760127,-73.99344559,40.6847514,-73.99917254,casual
570267,4BDBD979B2FD37D5,classic_bike,2021-08-11 13:28:33,2021-08-11 13:33:47,Clark St & Henry St,4789,Schermerhorn St & Court St,4565,40.69760127,-73.99344559,40.69102925677968,-73.99183362722397,member
570269,8B0DE5115243DDBC,classic_bike,2021-08-19 18:19:41,2021-08-19 18:24:59,Clark St & Henry St,4789,Henry St & Degraw St,4380,40.69760127,-73.99344559,40.6847514,-73.99917254,member
570273,90928C01DFFA5840,classic_bike,2021-08-25 19:46:55,2021-08-25 19:53:43,Clark St & Henry St,4789,Henry St & Degraw St,4380,40.69760127,-73.99344559,40.6847514,-73.99917254,casual
570274,5C58845DD0F3B036,classic_bike,2021-08-25 14:22:17,2021-08-25 14:28:53,Clark St & Henry St,4789,Henry St & Degraw St,4380,40.69760127,-73.99344559,40.6847514,-73.99917254,casual
570275,BE1E99A83DCF4ADB,classic_bike,2021-08-25 09:00:58,2021-08-25 09:28:32,Clark St & Henry St,4789,Emerson Pl & Myrtle Ave,4683,40.69760127,-73.99344559,40.69363137,-73.96223558,casual
570311,8E2BFA6399F77626,classic_bike,2021-08-03 18:35:17,2021-08-03 18:41:07,Clark St & Henry St,4789,Henry St & Degraw St,4380,40.69760127,-73.99344559,40.6847514,-73.99917254,member
570319,69865C592E8CD9CB,classic_bike,2021-08-17 01:38:25,2021-08-17 02:05:11,Clark St & Henry St,4789,Sterling Pl & Bedford Ave,3993,40.69760127,-73.99344559,40.672695,-73.954131,casual
570323,0A88A6D3C630F80B,electric_bike,2021-08-13 07:37:12,2021-08-13 07:42:21,Clark St & Henry St,4789,Henry St & Degraw St,4380,40.69760127,-73.99344559,40.6847514,-73.99917254,casual
570324,3DDF80F90B5BEB4F,classic_bike,2021-08-16 21:58:31,2021-08-16 22:14:57,Clark St & Henry St,4789,Schermerhorn St & Court St,4565,40.69760127,-73.99344559,40.69102925677968,-73.99183362722397,casual
570328,AA192E5914BC1874,classic_bike,2021-08-18 17:27:00,2021-08-18 17:33:48,Clark St & Henry St,4789,Henry St & Degraw St,4380,40.69760127,-73.99344559,40.6847514,-73.99917254,member
570330,685BA5935B7EB9F8,classic_bike,2021-08-09 23:13:19,2021-08-09 23:18:00,Clark St & Henry St,4789,Schermerhorn St & Court St,4565,40.69760127,-73.99344559,40.69102925677968,-73.99183362722397,casual
570350,176B89A8E109759E,classic_bike,2021-08-31 18:57:51,2021-08-31 19:08:53,Clark St & Henry St,4789,Schermerhorn St & Court St,4565,40.69760127,-73.99344559,40.69102925677968,-73.99183362722397,member
570357,5F76EBE66E586518,classic_bike,2021-08-16 07:55:09,2021-08-16 08:00:49,Clark St & Henry St,4789,Henry St & Degraw St,4380,40.69760127,-73.99344559,40.6847514,-73.99917254,member
570358,1E5F5091A65FBE92,classic_bike,2021-08-19 07:58:34,2021-08-19 08:05:04,Clark St & Henry St,4789,Henry St & Degraw St,4380,40.69760127,-73.99344559,40.6847514,-73.99917254,member
570361,131EEF8958F4079F,classic_bike,2021-08-11 07:57:47,2021-08-11 08:04:42,Clark St & Henry St,4789,Henry St & Degraw St,4380,40.69760127,-73.99344559,40.6847514,-73.99917254,member
570627,D74B2BC61F16B8DB,classic_bike,2021-08-04 09:04:33,2021-08-04 09:10:15,Clark St & Henry St,4789,Schermerhorn St & Court St,4565,40.69760127,-73.99344559,40.69102925677968,-73.99183362722397,member
570628,A3C4186C4A96A497,classic_bike,2021-08-11 17:25:25,2021-08-11 17:35:39,Clark St & Henry St,4789,Henry St & Degraw St,4380,40.69760127,-73.99344559,40.6847514,-73.99917254,member
570637,308475F7E941DDB1,classic_bike,2021-08-24 18:32:03,2021-08-24 18:39:19,Clark St & Henry St,4789,Henry St & Degraw St,4380,40.69760127,-73.99344559,40.6847514,-73.99917254,member
570640,0C003E94244FFE09,classic_bike,2021-08-17 07:56:25,2021-08-17 08:02:27,Clark St & Henry St,4789,Henry St & Degraw St,4380,40.69760127,-73.99344559,40.6847514,-73.99917254,member
570811,54FE4180EBFE4688,classic_bike,2021-08-10 18:32:14,2021-08-10 18:39:46,Clark St & Henry St,4789,Henry St & Degraw St,4380,40.69760127,-73.99344559,40.6847514,-73.99917254,member
570908,7C77D1960CCCABFA,classic_bike,2021-08-25 17:21:47,2021-08-25 17:38:21,Clark St & Henry St,4789,Emerson Pl & Myrtle Ave,4683,40.69760127,-73.99344559,40.69363137,-73.96223558,member
570909,842619963B5BE3E3,classic_bike,2021-08-15 12:37:11,2021-08-15 12:44:22,Clark St & Henry St,4789,Henry St & Degraw St,4380,40.69760127,-73.99344559,40.6847514,-73.99917254,member
570910,F9DACB25BF39A372,electric_bike,2021-08-05 17:10:08,2021-08-05 17:16:11,Clark St & Henry St,4789,Schermerhorn St & Court St,4565,40.69760127,-73.99344559,40.69102925677968,-73.99183362722397,casual
572030,ED2D87FD1279DEE5,classic_bike,2021-08-26 22:11:47,2021-08-26 22:38:54,Clark St & Henry St,4789,Schermerhorn St & Court St,4565,40.69760127,-73.99344559,40.69102925677968,-73.99183362722397,casual
573733,9FB45D2921E1FDF4,classic_bike,2021-08-18 17:43:10,2021-08-18 17:49:22,Clark St & Henry St,4789,Henry St & Degraw St,4380,40.69760127,-73.99344559,40.6847514,-73.99917254,member
573735,135F4E26F8607C01,classic_bike,2021-08-30 08:35:44,2021-08-30 08:39:19,Clark St & Henry St,4789,Schermerhorn St & Court St,4565,40.69760127,-73.99344559,40.69102925677968,-73.99183362722397,member
573736,546C6AB06C4E5A33,classic_bike,2021-08-04 16:08:23,2021-08-04 16:14:57,Clark St & Henry St,4789,Henry St & Degraw St,4380,40.69760127,-73.99344559,40.6847514,-73.99917254,member
573737,88160EC3820D90EB,classic_bike,2021-08-04 11:55:47,2021-08-04 12:02:49,Clark St & Henry St,4789,Henry St & Degraw St,4380,40.69760127,-73.99344559,40.6847514,-73.99917254,member
573741,341EBD37969E64C7,classic_bike,2021-08-24 22:12:36,2021-08-24 22:26:40,Clark St & Henry St,4789,Schermerhorn St & Court St,4565,40.69760127,-73.99344559,40.69102925677968,-73.99183362722397,casual
573744,FEE57F9A69E8C1F7,electric_bike,2021-08-13 07:56:08,2021-08-13 08:00:40,Clark St & Henry St,4789,Henry St & Degraw St,4380,40.69760127,-73.99344559,40.6847514,-73.99917254,member
573747,9AD058A7FF66447B,electric_bike,2021-08-30 08:28:30,2021-08-30 08:34:24,Clark St & Henry St,4789,Henry St & Degraw St,4380,40.69760127,-73.99344559,40.6847514,-73.99917254,casual
573748,D00D745A1115413C,electric_bike,2021-08-31 13:43:11,2021-08-31 14:02:02,Clark St & Henry St,4789,Emerson Pl & Myrtle Ave,4683,40.69760127,-73.99344559,40.69363137,-73.96223558,casual
573751,9358ABE75B8546B9,classic_bike,2021-08-29 16:11:04,2021-08-29 16:15:55,Clark St & Henry St,4789,Schermerhorn St & Court St,4565,40.69760127,-73.99344559,40.69102925677968,-73.99183362722397,member
573752,21B0BAF7C2616808,classic_bike,2021-08-29 12:05:53,2021-08-29 12:16:23,Clark St & Henry St,4789,Schermerhorn St & Court St,4565,40.69760127,-73.99344559,40.69102925677968,-73.99183362722397,member
573754,D24326DDA01A886E,classic_bike,2021-08-25 15:57:32,2021-08-25 16:03:35,Clark St & Henry St,4789,Schermerhorn St & Court St,4565,40.69760127,-73.99344559,40.69102925677968,-73.99183362722397,member
573763,BF90888340D4F1AD,electric_bike,2021-08-01 14:25:04,2021-08-01 14:40:48,Clark St & Henry St,4789,Henry St & Degraw St,4380,40.69760127,-73.99344559,40.6847514,-73.99917254,casual
573764,BF209D8F334C1B06,classic_bike,2021-08-02 18:16:48,2021-08-02 18:23:17,Clark St & Henry St,4789,Henry St & Degraw St,4380,40.69760127,-73.99344559,40.6847514,-73.99917254,member
573767,25518E5C76AE8665,electric_bike,2021-08-26 11:30:43,2021-08-26 11:41:47,Clark St & Henry St,4789,Schermerhorn St & Court St,4565,40.69760127,-73.99344559,40.69102925677968,-73.99183362722397,casual
573769,4A22DB75B9B1CA6E,classic_bike,2021-08-02 22:06:11,2021-08-02 22:40:56,Clark St & Henry St,4789,Schermerhorn St & Court St,4565,40.69760127,-73.99344559,40.69102925677968,-73.99183362722397,casual
573778,218A35BE1FFE313F,classic_bike,2021-08-29 13:14:46,2021-08-29 13:19:54,Clark St & Henry St,4789,Schermerhorn St & Court St,4565,40.69760127,-73.99344559,40.69102925677968,-73.99183362722397,member
573779,A422FE1A65AA3F16,classic_bike,2021-08-24 18:19:59,2021-08-24 18:27:33,Clark St & Henry St,4789,Henry St & Degraw St,4380,40.69760127,-73.99344559,40.6847514,-73.99917254,member
573782,00BBB90D3C620D54,classic_bike,2021-08-23 10:14:36,2021-08-23 10:23:09,Clark St & Henry St,4789,Schermerhorn St & Court St,4565,40.69760127,-73.99344559,40.69102925677968,-73.99183362722397,member
573783,CBF8483EBA3A3800,classic_bike,2021-08-31 16:51:16,2021-08-31 16:59:20,Clark St & Henry St,4789,Henry St & Degraw St,4380,40.69760127,-73.99344559,40.6847514,-73.99917254,member
573785,77065702C3A07568,classic_bike,2021-08-03 09:50:18,2021-08-03 09:53:50,Clark St & Henry St,4789,Schermerhorn St & Court St,4565,40.69760127,-73.99344559,40.69102925677968,-73.99183362722397,member
573787,B165D89D302D15AC,electric_bike,2021-08-24 08:08:47,2021-08-24 08:14:14,Clark St & Henry St,4789,Henry St & Degraw St,4380,40.69760127,-73.99344559,40.6847514,-73.99917254,member
573791,509157C60F4303D1,classic_bike,2021-08-11 14:21:35,2021-08-11 14:28:23,Clark St & Henry St,4789,Henry St & Degraw St,4380,40.69760127,-73.99344559,40.6847514,-73.99917254,member
573795,FAC335A60913BADC,classic_bike,2021-08-13 13:05:44,2021-08-13 13:25:55,Clark St & Henry St,4789,Schermerhorn St & Court St,4565,40.69760127,-73.99344559,40.69102925677968,-73.99183362722397,casual
573797,6CF71ED204D243FA,classic_bike,2021-08-08 15:23:41,2021-08-08 16:36:00,Clark St & Henry St,4789,MacDougal St & Washington Sq,5797,40.69760127,-73.99344559,40.73226398,-73.99852205,casual
573802,170A94B41031EAF7,classic_bike,2021-08-21 12:24:50,2021-08-21 12:42:58,Clark St & Henry St,4789,Emerson Pl & Myrtle Ave,4683,40.69760127,-73.99344559,40.69363137,-73.96223558,member
573804,85B88935D8EEE9E2,classic_bike,2021-08-19 19:23:51,2021-08-19 19:27:34,Clark St & Henry St,4789,Schermerhorn St & Court St,4565,40.69760127,-73.99344559,40.69102925677968,-73.99183362722397,member
573809,A21BCAB3F69ACB8F,classic_bike,2021-08-11 22:27:35,2021-08-11 22:34:13,Clark St & Henry St,4789,Henry St & Degraw St,4380,40.69760127,-73.99344559,40.6847514,-73.99917254,member
573817,CE194837B6B4B5BF,classic_bike,2021-08-15 07:23:08,2021-08-15 07:30:45,Clark St & Henry St,4789,Henry St & Degraw St,4380,40.69760127,-73.99344559,40.6847514,-73.99917254,member
573819,A1D5219D98680AD1,classic_bike,2021-08-25 08:57:00,2021-08-25 09:37:14,Clark St & Henry St,4789,E 53 St & Madison Ave,6659,40.69760127,-73.99344559,40.7597108,-73.97402311,member
573824,8262839E2A5AC4A9,classic_bike,2021-08-25 08:00:40,2021-08-25 08:06:53,Clark St & Henry St,4789,Henry St & Degraw St,4380,40.69760127,-73.99344559,40.6847514,-73.99917254,member
573829,0C746B32708F9533,classic_bike,2021-08-17 18:31:53,2021-08-17 18:39:40,Clark St & Henry St,4789,Henry St & Degraw St,4380,40.69760127,-73.99344559,40.6847514,-73.99917254,member
573832,2B463393E4C1F7C0,classic_bike,2021-08-27 08:02:55,2021-08-27 08:08:34,Clark St & Henry St,4789,Henry St & Degraw St,4380,40.69760127,-73.99344559,40.6847514,-73.99917254,casual
573837,C4A22BF5B832F588,classic_bike,2021-08-20 08:01:16,2021-08-20 08:12:36,Clark St & Henry St,4789,Henry St & Degraw St,4380,40.69760127,-73.99344559,40.6847514,-73.99917254,member
573838,32DC542516F06AA4,classic_bike,2021-08-12 07:59:34,2021-08-12 08:07:09,Clark St & Henry St,4789,Henry St & Degraw St,4380,40.69760127,-73.99344559,40.6847514,-73.99917254,member
573840,E6332231B5EFAD03,classic_bike,2021-08-27 09:26:30,2021-08-27 09:34:16,Clark St & Henry St,4789,Henry St & Degraw St,4380,40.69760127,-73.99344559,40.6847514,-73.99917254,member
573842,EC59FD26B0778117,classic_bike,2021-08-30 07:56:55,2021-08-30 08:02:35,Clark St & Henry St,4789,Henry St & Degraw St,4380,40.69760127,-73.99344559,40.6847514,-73.99917254,casual
573845,4CC843BA773EF986,classic_bike,2021-08-20 15:15:43,2021-08-20 15:26:31,Clark St & Henry St,4789,Henry St & Degraw St,4380,40.69760127,-73.99344559,40.6847514,-73.99917254,casual
573852,1548829A7A0995CA,classic_bike,2021-08-14 14:58:38,2021-08-14 15:13:42,Clark St & Henry St,4789,Henry St & Degraw St,4380,40.69760127,-73.99344559,40.6847514,-73.99917254,casual
573853,530AB210ECBE82F2,classic_bike,2021-08-26 16:43:45,2021-08-26 16:51:09,Clark St & Henry St,4789,Henry St & Degraw St,4380,40.69760127,-73.99344559,40.6847514,-73.99917254,casual
576737,003780AABA157095,classic_bike,2021-08-24 17:05:32,2021-08-24 17:41:32,Clark St & Henry St,4789,Henry St & Bay St,3972,40.69760127,-73.99344559,40.6725058,-74.00494695,member
576740,7BEF37232EBBBA5A,classic_bike,2021-08-05 15:09:05,2021-08-05 15:13:52,Clark St & Henry St,4789,Schermerhorn St & Court St,4565,40.69760127,-73.99344559,40.69102925677968,-73.99183362722397,member
576750,DA6816393C89E015,electric_bike,2021-08-26 17:26:02,2021-08-26 17:30:57,Clark St & Henry St,4789,Henry St & Degraw St,4380,40.69760127,-73.99344559,40.6847514,-73.99917254,member
576751,E257F7A9F0066540,classic_bike,2021-08-10 16:58:25,2021-08-10 17:07:43,Clark St & Henry St,4789,Henry St & Degraw St,4380,40.69760127,-73.99344559,40.6847514,-73.99917254,member
576752,030CAFA6257C894C,classic_bike,2021-08-13 17:09:39,2021-08-13 17:13:59,Clark St & Henry St,4789,Schermerhorn St & Court St,4565,40.69760127,-73.99344559,40.69102925677968,-73.99183362722397,member
576754,B6633A27FA9A7D75,classic_bike,2021-08-31 08:02:27,2021-08-31 08:08:43,Clark St & Henry St,4789,Henry St & Degraw St,4380,40.69760127,-73.99344559,40.6847514,-73.99917254,casual
576758,9173064679112A3D,electric_bike,2021-08-05 07:39:21,2021-08-05 07:44:03,Clark St & Henry St,4789,Henry St & Degraw St,4380,40.69760127,-73.99344559,40.6847514,-73.99917254,casual
576769,35D4275578143580,classic_bike,2021-08-08 15:23:14,2021-08-08 16:37:13,Clark St & Henry St,4789,MacDougal St & Washington Sq,5797,40.69760127,-73.99344559,40.73226398,-73.99852205,casual
576770,F292E08E7D6D6678,classic_bike,2021-08-30 10:49:22,2021-08-30 10:55:49,Clark St & Henry St,4789,Schermerhorn St & Court St,4565,40.69760127,-73.99344559,40.69102925677968,-73.99183362722397,casual
576771,8D807C47D6DD417B,classic_bike,2021-08-09 18:00:52,2021-08-09 18:08:45,Clark St & Henry St,4789,Henry St & Degraw St,4380,40.69760127,-73.99344559,40.6847514,-73.99917254,member
576774,773079C34A7AA47D,classic_bike,2021-08-16 17:20:04,2021-08-16 17:30:33,Clark St & Henry St,4789,Henry St & Degraw St,4380,40.69760127,-73.99344559,40.6847514,-73.99917254,casual
576777,A23F8EA3B3D55E69,electric_bike,2021-08-29 15:38:08,2021-08-29 15:52:25,Clark St & Henry St,4789,Emerson Pl & Myrtle Ave,4683,40.69760127,-73.99344559,40.69363137,-73.96223558,member
576778,9F32A5BA67379059,classic_bike,2021-08-02 19:05:26,2021-08-02 19:10:58,Clark St & Henry St,4789,Henry St & Degraw St,4380,40.69760127,-73.99344559,40.6847514,-73.99917254,member
576779,4C85A928819868E3,docked_bike,2021-08-17 22:23:48,2021-08-17 22:29:17,Clark St & Henry St,4789,Henry St & Degraw St,4380,40.697601,-73.993446,40.684751,-73.999173,casual
576794,82FB0A2356C6BB73,classic_bike,2021-08-26 09:09:41,2021-08-26 09:17:06,Clark St & Henry St,4789,Henry St & Degraw St,4380,40.69760127,-73.99344559,40.6847514,-73.99917254,member
576795,25F7CB9912DE36E7,electric_bike,2021-08-18 18:57:04,2021-08-18 19:02:53,Clark St & Henry St,4789,Henry St & Degraw St,4380,40.69760127,-73.99344559,40.6847514,-73.99917254,member
576796,0B752CE0B8A74DF1,classic_bike,2021-08-25 17:42:20,2021-08-25 17:49:10,Clark St & Henry St,4789,Henry St & Degraw St,4380,40.69760127,-73.99344559,40.6847514,-73.99917254,member
576798,B50F75E660085E5F,classic_bike,2021-08-14 14:41:49,2021-08-14 15:04:30,Clark St & Henry St,4789,Schermerhorn St & Court St,4565,40.69760127,-73.99344559,40.69102925677968,-73.99183362722397,casual
579251,8946C6E619EDD627,electric_bike,2021-08-10 16:58:33,2021-08-10 17:07:50,Clark St & Henry St,4789,Henry St & Degraw St,4380,40.69760127,-73.99344559,40.6847514,-73.99917254,casual
579258,368093BAA431C567,electric_bike,2021-08-26 20:11:23,2021-08-26 20:15:12,Clark St & Henry St,4789,Schermerhorn St & Court St,4565,40.69760127,-73.99344559,40.69102925677968,-73.99183362722397,member
581702,19BC44EFDE4E1726,classic_bike,2021-08-03 08:15:42,2021-08-03 08:20:05,Clark St & Henry St,4789,Schermerhorn St & Court St,4565,40.69760127,-73.99344559,40.69102925677968,-73.99183362722397,member
581705,9635022B2B707A6D,classic_bike,2021-08-24 19:19:20,2021-08-24 19:30:52,Clark St & Henry St,4789,Schermerhorn St & Court St,4565,40.69760127,-73.99344559,40.69102925677968,-73.99183362722397,member
583350,52B14EF8DF918536,classic_bike,2021-08-20 15:15:36,2021-08-20 15:26:08,Clark St & Henry St,4789,Henry St & Degraw St,4380,40.69760127,-73.99344559,40.6847514,-73.99917254,member
583352,AC7103FD0CCBDBC5,classic_bike,2021-08-30 18:30:19,2021-08-30 18:47:39,Clark St & Henry St,4789,Emerson Pl & Myrtle Ave,4683,40.69760127,-73.99344559,40.69363137,-73.96223558,member
583354,8D920C17C5187DA4,classic_bike,2021-08-21 17:21:57,2021-08-21 17:28:34,Clark St & Henry St,4789,Schermerhorn St & Court St,4565,40.69760127,-73.99344559,40.69102925677968,-73.99183362722397,member
583359,586195C92F51A155,classic_bike,2021-08-03 16:54:20,2021-08-03 17:02:08,Clark St & Henry St,4789,Schermerhorn St & Court St,4565,40.69760127,-73.99344559,40.69102925677968,-73.99183362722397,member
584520,2B4273053A1CABD5,electric_bike,2021-08-21 12:01:01,2021-08-21 12:07:20,Clark St & Henry St,4789,Henry St & Degraw St,4380,40.69760127,-73.99344559,40.6847514,-73.99917254,member
584759,571DFF61E63E7662,classic_bike,2021-08-24 15:33:28,2021-08-24 15:40:44,Clark St & Henry St,4789,Henry St & Degraw St,4380,40.69760127,-73.99344559,40.6847514,-73.99917254,member
585000,4F689CCED5386A37,classic_bike,2021-08-08 10:37:38,2021-08-08 10:44:37,Clark St & Henry St,4789,Henry St & Degraw St,4380,40.69760127,-73.99344559,40.6847514,-73.99917254,member
585001,0D23A4DA1E59E244,electric_bike,2021-08-09 22:20:39,2021-08-09 22:30:30,Clark St & Henry St,4789,Emerson Pl & Myrtle Ave,4683,40.69760127,-73.99344559,40.69363137,-73.96223558,casual
585002,8F2345B68F46AF20,electric_bike,2021-08-27 20:37:41,2021-08-27 21:03:00,Clark St & Henry St,4789,Emerson Pl & Myrtle Ave,4683,40.69760127,-73.99344559,40.69363137,-73.96223558,casual
585004,F5466957DF242919,electric_bike,2021-08-16 07:29:47,2021-08-16 07:36:32,Clark St & Henry St,4789,Henry St & Degraw St,4380,40.69760127,-73.99344559,40.6847514,-73.99917254,casual
585005,BB2487586E225A30,classic_bike,2021-08-15 14:15:20,2021-08-15 14:22:48,Clark St & Henry St,4789,Schermerhorn St & Court St,4565,40.69760127,-73.99344559,40.69102925677968,-73.99183362722397,casual
585006,FE49E863949FEB0A,classic_bike,2021-08-27 10:33:56,2021-08-27 10:40:03,Clark St & Henry St,4789,Schermerhorn St & Court St,4565,40.69760127,-73.99344559,40.69102925677968,-73.99183362722397,casual
585019,A33FB71510E2F1C8,electric_bike,2021-08-26 10:03:03,2021-08-26 10:07:39,Clark St & Henry St,4789,Schermerhorn St & Court St,4565,40.69760127,-73.99344559,40.69102925677968,-73.99183362722397,member
585024,BC7E74EA224D9E67,electric_bike,2021-08-09 07:43:02,2021-08-09 07:48:43,Clark St & Henry St,4789,Henry St & Degraw St,4380,40.69760127,-73.99344559,40.6847514,-73.99917254,casual
585025,67628EF3CED46E0D,classic_bike,2021-08-10 16:40:13,2021-08-10 16:47:25,Clark St & Henry St,4789,Henry St & Degraw St,4380,40.69760127,-73.99344559,40.6847514,-73.99917254,casual
585501,D4BD1459D6408B36,classic_bike,2021-08-14 11:16:11,2021-08-14 11:23:46,Clark St & Henry St,4789,Henry St & Degraw St,4380,40.69760127,-73.99344559,40.6847514,-73.99917254,member
586083,A907305DA9C08CF8,classic_bike,2021-08-25 17:40:59,2021-08-25 17:44:48,Clark St & Henry St,4789,Schermerhorn St & Court St,4565,40.69760127,-73.99344559,40.69102925677968,-73.99183362722397,member
586084,8CD7096121E2046C,classic_bike,2021-08-01 15:30:49,2021-08-01 15:42:34,Clark St & Henry St,4789,Emerson Pl & Myrtle Ave,4683,40.69760127,-73.99344559,40.69363137,-73.96223558,member
586086,0E41BF979A710EDE,classic_bike,2021-08-25 17:43:44,2021-08-25 17:47:14,Clark St & Henry St,4789,Schermerhorn St & Court St,4565,40.69760127,-73.99344559,40.69102925677968,-73.99183362722397,member
586088,F32635FBE5747B64,classic_bike,2021-08-10 13:04:46,2021-08-10 13:16:37,Clark St & Henry St,4789,Schermerhorn St & Court St,4565,40.69760127,-73.99344559,40.69102925677968,-73.99183362722397,member
586090,616C169E5DA4C116,classic_bike,2021-08-10 21:30:07,2021-08-10 21:37:03,Clark St & Henry St,4789,Henry St & Degraw St,4380,40.69760127,-73.99344559,40.6847514,-73.99917254,member
586092,B1B723F625EA6DD7,classic_bike,2021-08-16 16:08:43,2021-08-16 16:17:32,Clark St & Henry St,4789,Henry St & Degraw St,4380,40.69760127,-73.99344559,40.6847514,-73.99917254,member
586096,D1BCA0520F6CF8CE,classic_bike,2021-08-13 13:20:10,2021-08-13 13:26:40,Clark St & Henry St,4789,Henry St & Degraw St,4380,40.69760127,-73.99344559,40.6847514,-73.99917254,member
586963,395F7476E74E6A54,classic_bike,2021-08-26 12:31:00,2021-08-26 12:36:21,Clark St & Henry St,4789,Schermerhorn St & Court St,4565,40.69760127,-73.99344559,40.69102925677968,-73.99183362722397,member
586965,F6E1B53C064DDE6C,classic_bike,2021-08-07 12:44:04,2021-08-07 12:47:29,Clark St & Henry St,4789,Schermerhorn St & Court St,4565,40.69760127,-73.99344559,40.69102925677968,-73.99183362722397,member
586966,93C42CB9B6B763C4,electric_bike,2021-08-29 23:42:25,2021-08-29 23:51:57,Clark St & Henry St,4789,Henry St & Degraw St,4380,40.69760127,-73.99344559,40.6847514,-73.99917254,member
586976,144CF6EE022417F4,classic_bike,2021-08-04 08:45:59,2021-08-04 08:54:15,Clark St & Henry St,4789,Schermerhorn St & Court St,4565,40.69760127,-73.99344559,40.69102925677968,-73.99183362722397,member
586979,76576CA215E9830A,classic_bike,2021-08-05 12:44:16,2021-08-05 12:51:29,Clark St & Henry St,4789,Henry St & Degraw St,4380,40.69760127,-73.99344559,40.6847514,-73.99917254,member
586982,451635EB86F082A0,electric_bike,2021-08-24 13:57:08,2021-08-24 14:02:20,Clark St & Henry St,4789,Schermerhorn St & Court St,4565,40.69760127,-73.99344559,40.69102925677968,-73.99183362722397,member
587793,D29B4B26906972E8,classic_bike,2021-08-03 13:44:39,2021-08-03 13:51:55,Clark St & Henry St,4789,Schermerhorn St & Court St,4565,40.69760127,-73.99344559,40.69102925677968,-73.99183362722397,member
587802,ECAA0BDBAD8D6A22,electric_bike,2021-08-04 17:15:53,2021-08-04 17:20:34,Clark St & Henry St,4789,Schermerhorn St & Court St,4565,40.69760127,-73.99344559,40.69102925677968,-73.99183362722397,member
588351,F95CE8FE15E66239,classic_bike,2021-08-20 15:48:37,2021-08-20 15:53:55,Clark St & Henry St,4789,Schermerhorn St & Court St,4565,40.69760127,-73.99344559,40.69102925677968,-73.99183362722397,member
589911,636503108B468CC5,classic_bike,2021-08-03 09:18:45,2021-08-03 10:17:19,Clark St & Henry St,4789,Central Park W & W 91 St,7453,40.69760127,-73.99344559,40.78866499127884,-73.96680057048798,casual
592791,67EA51B8470D7220,electric_bike,2021-08-15 06:34:07,2021-08-15 07:51:28,Clark St & Henry St,4789,Prospect Park SW & Greenwood Ave,3385,40.69760127,-73.99344559,40.652563,-73.972573,member
598417,E5D1BB60B9185012,classic_bike,2021-08-30 17:53:24,2021-08-30 18:18:45,Clark St & Henry St,4789,Allen St & Stanton St,5484,40.69760127,-73.99344559,40.722055,-73.989111,member
598446,6F12B4D68943AC61,classic_bike,2021-08-23 19:41:13,2021-08-23 20:01:10,Clark St & Henry St,4789,St Johns Pl & Washington Ave,4001,40.69760127,-73.99344559,40.6737236,-73.9631611,casual
604804,7BD42012F5BF2E09,electric_bike,2021-08-15 21:22:26,2021-08-15 22:04:48,Clark St & Henry St,4789,Prospect Park SW & Greenwood Ave,3385,40.69760127,-73.99344559,40.652563,-73.972573,member
613582,836A2FC0DF45AA88,classic_bike,2021-08-28 17:58:31,2021-08-28 18:11:44,Clark St & Henry St,4789,Union St & 4 Ave,4175,40.69760127,-73.99344559,40.6772744,-73.98282002,member
613586,3B25C61B257FE2EA,classic_bike,2021-08-29 10:44:49,2021-08-29 10:51:49,Clark St & Henry St,4789,Dean St & Hoyt St,4446,40.69760127,-73.99344559,40.6864442,-73.98759104,member
613590,A3C7DF693151C32E,electric_bike,2021-08-25 10:57:00,2021-08-25 11:14:04,Clark St & Henry St,4789,Christopher St & Greenwich St,5847,40.69760127,-73.99344559,40.73291553,-74.00711384,member
613592,C4659D39B76F0826,electric_bike,2021-08-25 11:37:41,2021-08-25 11:44:35,Clark St & Henry St,4789,Dean St & Hoyt St,4446,40.69760127,-73.99344559,40.6864442,-73.98759104,member
613596,D0D775F23E9C3C0C,electric_bike,2021-08-29 11:33:28,2021-08-29 11:54:08,Clark St & Henry St,4789,Union St & 4 Ave,4175,40.69760127,-73.99344559,40.6772744,-73.98282002,casual
613600,42ACDE7269B4773F,classic_bike,2021-08-24 15:15:57,2021-08-24 15:30:56,Clark St & Henry St,4789,Union St & 4 Ave,4175,40.69760127,-73.99344559,40.6772744,-73.98282002,member
613601,7ECC2337B83DC7D3,classic_bike,2021-08-05 16:52:20,2021-08-05 17:01:00,Clark St & Henry St,4789,Dean St & Hoyt St,4446,40.69760127,-73.99344559,40.6864442,-73.98759104,member
613605,334371143A0D43A5,classic_bike,2021-08-20 14:49:48,2021-08-20 15:00:42,Clark St & Henry St,4789,Dean St & Hoyt St,4446,40.69760127,-73.99344559,40.6864442,-73.98759104,casual
613638,96C30278ED5460F9,electric_bike,2021-08-13 18:41:42,2021-08-13 18:54:16,Clark St & Henry St,4789,Dean St & Hoyt St,4446,40.69760127,-73.99344559,40.6864442,-73.98759104,member
613962,85AEED515A6238E9,classic_bike,2021-08-21 17:09:13,2021-08-21 17:18:44,Clark St & Henry St,4789,Dean St & Hoyt St,4446,40.69760127,-73.99344559,40.6864442,-73.98759104,member
613966,39C0DC71A6B4BE3F,classic_bike,2021-08-19 18:15:23,2021-08-19 18:25:03,Clark St & Henry St,4789,Dean St & Hoyt St,4446,40.69760127,-73.99344559,40.6864442,-73.98759104,casual
615544,BB22BC60DCD46D90,classic_bike,2021-08-08 15:09:20,2021-08-08 15:28:02,Clark St & Henry St,4789,Union St & 4 Ave,4175,40.69760127,-73.99344559,40.6772744,-73.98282002,member
615548,481644CB4C5EAE9C,classic_bike,2021-08-31 19:17:32,2021-08-31 20:02:52,Clark St & Henry St,4789,Nassau Ave & Newell St,5623,40.69760127,-73.99344559,40.724812564400175,-73.94752621650696,casual
615566,28D48603582BA48B,classic_bike,2021-08-29 11:51:01,2021-08-29 12:00:24,Clark St & Henry St,4789,Dean St & Hoyt St,4446,40.69760127,-73.99344559,40.6864442,-73.98759104,member
618726,7487E7224C91ED2A,classic_bike,2021-08-06 17:33:45,2021-08-06 17:43:45,Clark St & Henry St,4789,Dean St & Hoyt St,4446,40.69760127,-73.99344559,40.6864442,-73.98759104,member
618739,7365099E2BB0F707,electric_bike,2021-08-22 08:32:42,2021-08-22 08:40:02,Clark St & Henry St,4789,Dean St & Hoyt St,4446,40.69760127,-73.99344559,40.6864442,-73.98759104,member
620602,53A95A31041390C0,classic_bike,2021-08-29 11:51:48,2021-08-29 12:00:12,Clark St & Henry St,4789,Dean St & Hoyt St,4446,40.69760127,-73.99344559,40.6864442,-73.98759104,member
622696,8FAE2E227C1E0883,classic_bike,2021-08-02 19:05:52,2021-08-02 19:12:40,Clark St & Henry St,4789,Dean St & Hoyt St,4446,40.69760127,-73.99344559,40.6864442,-73.98759104,member
622697,F18BD6020D069D82,classic_bike,2021-08-24 19:20:00,2021-08-24 19:36:37,Clark St & Henry St,4789,Dean St & Hoyt St,4446,40.69760127,-73.99344559,40.6864442,-73.98759104,member
622705,C401E13DC5D306C9,classic_bike,2021-08-10 10:14:02,2021-08-10 10:29:02,Clark St & Henry St,4789,Union St & 4 Ave,4175,40.69760127,-73.99344559,40.6772744,-73.98282002,member
622715,A583531968301651,classic_bike,2021-08-30 20:12:20,2021-08-30 20:24:26,Clark St & Henry St,4789,Dean St & Hoyt St,4446,40.69760127,-73.99344559,40.6864442,-73.98759104,member
624836,6F4008F8D3ED98AD,classic_bike,2021-08-19 23:05:30,2021-08-19 23:17:32,Clark St & Henry St,4789,Dean St & Hoyt St,4446,40.69760127,-73.99344559,40.6864442,-73.98759104,casual
624839,BFD020511B82D26B,classic_bike,2021-08-13 12:24:49,2021-08-13 14:33:14,Clark St & Henry St,4789,Dean St & Hoyt St,4446,40.69760127,-73.99344559,40.6864442,-73.98759104,casual
626390,3D8B66C347AE3F6D,classic_bike,2021-08-26 16:37:51,2021-08-26 16:53:16,Clark St & Henry St,4789,Union St & 4 Ave,4175,40.69760127,-73.99344559,40.6772744,-73.98282002,member
627180,DED0DA8BD83B2D2A,classic_bike,2021-08-20 17:51:43,2021-08-20 18:13:44,Clark St & Henry St,4789,Union St & 4 Ave,4175,40.69760127,-73.99344559,40.6772744,-73.98282002,casual
627181,7A3F3621800B1426,classic_bike,2021-08-25 11:27:19,2021-08-25 11:41:41,Clark St & Henry St,4789,Union St & 4 Ave,4175,40.69760127,-73.99344559,40.6772744,-73.98282002,casual
627190,683E07177F9A7217,classic_bike,2021-08-28 17:59:02,2021-08-28 18:11:44,Clark St & Henry St,4789,Union St & 4 Ave,4175,40.69760127,-73.99344559,40.6772744,-73.98282002,member
632629,5474EBB6A08C21D4,electric_bike,2021-08-17 18:57:08,2021-08-17 19:05:04,Clark St & Henry St,4789,Dean St & Hoyt St,4446,40.69760127,-73.99344559,40.6864442,-73.98759104,casual
632638,D2631FD13AAE213D,classic_bike,2021-08-15 16:00:30,2021-08-15 16:16:00,Clark St & Henry St,4789,Union St & 4 Ave,4175,40.69760127,-73.99344559,40.6772744,-73.98282002,casual
632652,DB49009FAC20E250,classic_bike,2021-08-15 14:31:18,2021-08-15 14:48:33,Clark St & Henry St,4789,Duane St & Greenwich St,5400,40.69760127,-73.99344559,40.71748752,-74.0104554,member
632656,3C32ABCF7C3AFE35,electric_bike,2021-08-25 19:30:43,2021-08-25 19:40:51,Clark St & Henry St,4789,Dean St & Hoyt St,4446,40.69760127,-73.99344559,40.6864442,-73.98759104,member
632659,AA4EB415FCB41AB9,electric_bike,2021-08-24 12:32:43,2021-08-24 12:55:49,Clark St & Henry St,4789,Christopher St & Greenwich St,5847,40.69760127,-73.99344559,40.73291553,-74.00711384,member
632672,D78FE518558826BA,classic_bike,2021-08-19 18:15:13,2021-08-19 18:24:38,Clark St & Henry St,4789,Dean St & Hoyt St,4446,40.69760127,-73.99344559,40.6864442,-73.98759104,member
632719,783B55D235F4C98A,classic_bike,2021-08-06 10:46:29,2021-08-06 10:55:45,Clark St & Henry St,4789,Dean St & Hoyt St,4446,40.69760127,-73.99344559,40.6864442,-73.98759104,member
644557,3E13FB07F2357D98,electric_bike,2021-08-06 23:21:11,2021-08-06 23:42:38,Clark St & Henry St,4789,W 20 St & 10 Ave,6306,40.69760127,-73.99344559,40.745686,-74.005141,member
644618,B40A4E905D35AAD2,electric_bike,2021-08-23 07:40:55,2021-08-23 08:05:14,Clark St & Henry St,4789,Sharon St & Olive St,5323,40.69760127,-73.99344559,40.715353,-73.93856,member
657818,BEFDE77EDCD786DD,classic_bike,2021-08-17 05:03:35,2021-08-17 05:13:41,Clark St & Henry St,4789,DeKalb Ave & Hudson Ave,4513,40.69760127,-73.99344559,40.689888,-73.981013,member
661950,59104DF49284324F,classic_bike,2021-08-18 21:07:10,2021-08-18 21:20:56,Clark St & Henry St,4789,DeKalb Ave & Hudson Ave,4513,40.69760127,-73.99344559,40.689888,-73.981013,member
675824,20D0066436A3DB6B,classic_bike,2021-08-30 09:43:07,2021-08-30 10:08:32,Clark St & Henry St,4789,E 25 St & 1 Ave,6004,40.69760127,-73.99344559,40.7381765,-73.97738662,member
675828,94ED555F4DE1996C,classic_bike,2021-08-02 13:13:33,2021-08-02 13:19:40,Clark St & Henry St,4789,Boerum Pl\t& Pacific St,4488,40.69760127,-73.99344559,40.68848905639242,-73.99116039276123,member
675829,12497059E349D8A6,classic_bike,2021-08-07 00:01:21,2021-08-07 00:44:28,Clark St & Henry St,4789,55 St & 5 Ave,3050,40.69760127,-73.99344559,40.642408,-74.013318,casual
675830,662F3290401C1DA3,electric_bike,2021-08-27 22:46:24,2021-08-27 23:14:20,Clark St & Henry St,4789,55 St & 5 Ave,3050,40.69760127,-73.99344559,40.642408,-74.013318,casual
675842,8A9431A6BFAAD61E,classic_bike,2021-08-31 13:04:02,2021-08-31 13:11:30,Clark St & Henry St,4789,Boerum Pl\t& Pacific St,4488,40.69760127,-73.99344559,40.68848905639242,-73.99116039276123,casual
675845,ADA52DA3F7830265,classic_bike,2021-08-27 15:27:00,2021-08-27 15:35:20,Clark St & Henry St,4789,Boerum Pl\t& Pacific St,4488,40.69760127,-73.99344559,40.68848905639242,-73.99116039276123,member
675846,4016B57CC8635755,classic_bike,2021-08-14 15:40:59,2021-08-14 15:46:36,Clark St & Henry St,4789,Boerum Pl\t& Pacific St,4488,40.69760127,-73.99344559,40.68848905639242,-73.99116039276123,member
675848,8BEAC7AE6460CD51,classic_bike,2021-08-04 22:27:28,2021-08-04 23:10:13,Clark St & Henry St,4789,55 St & 5 Ave,3050,40.69760127,-73.99344559,40.642408,-74.013318,casual
675856,6CFC8EAEE76FD289,classic_bike,2021-08-02 13:40:31,2021-08-02 13:46:11,Clark St & Henry St,4789,Boerum Pl\t& Pacific St,4488,40.69760127,-73.99344559,40.68848905639242,-73.99116039276123,member
675857,DA4F47640EFE764B,electric_bike,2021-08-23 19:31:47,2021-08-23 19:37:16,Clark St & Henry St,4789,Boerum Pl\t& Pacific St,4488,40.69760127,-73.99344559,40.68848905639242,-73.99116039276123,member
675886,4D2380C35F689955,docked_bike,2021-08-04 18:48:27,2021-08-04 19:20:54,Clark St & Henry St,4789,1 St & 6 Ave,3946,40.697601,-73.993446,40.672784,-73.979826,casual
675892,1F1DABBDCB35BADA,classic_bike,2021-08-16 19:22:43,2021-08-16 19:28:57,Clark St & Henry St,4789,Boerum Pl\t& Pacific St,4488,40.69760127,-73.99344559,40.68848905639242,-73.99116039276123,member
675896,96B2C85F624F66BD,classic_bike,2021-08-03 13:39:56,2021-08-03 13:46:16,Clark St & Henry St,4789,Boerum Pl\t& Pacific St,4488,40.69760127,-73.99344559,40.68848905639242,-73.99116039276123,member
675897,45F823768AFB11A7,classic_bike,2021-08-28 16:56:02,2021-08-28 17:19:47,Clark St & Henry St,4789,Washington Ave & Greene Ave,4419,40.69760127,-73.99344559,40.68650065,-73.96563307,member
675923,2CEC807FC4DC8A4F,classic_bike,2021-08-23 15:33:58,2021-08-23 15:47:12,Clark St & Henry St,4789,Boerum Pl\t& Pacific St,4488,40.69760127,-73.99344559,40.68848905639242,-73.99116039276123,casual
675995,007734EEEF464C30,classic_bike,2021-08-24 17:56:34,2021-08-24 18:10:07,Clark St & Henry St,4789,Washington Ave & Greene Ave,4419,40.69760127,-73.99344559,40.68650065,-73.96563307,member
675997,786946A160A32EDB,classic_bike,2021-08-23 15:22:53,2021-08-23 15:47:49,Clark St & Henry St,4789,Boerum Pl\t& Pacific St,4488,40.69760127,-73.99344559,40.68848905639242,-73.99116039276123,casual
675998,2E76252380768296,classic_bike,2021-08-24 01:42:53,2021-08-24 01:57:10,Clark St & Henry St,4789,Boerum Pl\t& Pacific St,4488,40.69760127,-73.99344559,40.68848905639242,-73.99116039276123,casual
675999,DE7D87BAEE5581F4,classic_bike,2021-08-24 00:08:42,2021-08-24 00:14:11,Clark St & Henry St,4789,Boerum Pl\t& Pacific St,4488,40.69760127,-73.99344559,40.68848905639242,-73.99116039276123,casual
676065,1C8898F6A7EEE3B2,classic_bike,2021-08-23 15:20:22,2021-08-23 15:47:31,Clark St & Henry St,4789,Boerum Pl\t& Pacific St,4488,40.69760127,-73.99344559,40.68848905639242,-73.99116039276123,casual
676110,D86A4F9C4A17A225,classic_bike,2021-08-23 15:19:59,2021-08-23 15:47:15,Clark St & Henry St,4789,Boerum Pl\t& Pacific St,4488,40.69760127,-73.99344559,40.68848905639242,-73.99116039276123,casual
677330,5C2BB60895EBA56E,classic_bike,2021-08-26 18:55:45,2021-08-26 19:01:14,Clark St & Henry St,4789,Boerum Pl\t& Pacific St,4488,40.69760127,-73.99344559,40.68848905639242,-73.99116039276123,member
677332,1A584F447081E2E2,classic_bike,2021-08-31 18:01:13,2021-08-31 18:07:33,Clark St & Henry St,4789,Boerum Pl\t& Pacific St,4488,40.69760127,-73.99344559,40.68848905639242,-73.99116039276123,member
677333,4767E3EE29FF8CA3,classic_bike,2021-08-10 18:23:15,2021-08-10 18:29:54,Clark St & Henry St,4789,Boerum Pl\t& Pacific St,4488,40.69760127,-73.99344559,40.68848905639242,-73.99116039276123,member
677334,E396845C136DD1EB,classic_bike,2021-08-28 15:32:39,2021-08-28 15:38:26,Clark St & Henry St,4789,Boerum Pl\t& Pacific St,4488,40.69760127,-73.99344559,40.68848905639242,-73.99116039276123,member
677335,9D9F34786256BE0D,classic_bike,2021-08-19 23:04:30,2021-08-19 23:13:22,Clark St & Henry St,4789,Boerum Pl\t& Pacific St,4488,40.69760127,-73.99344559,40.68848905639242,-73.99116039276123,member
677343,ABB7DB35F338CDCB,classic_bike,2021-08-05 17:07:12,2021-08-05 17:12:17,Clark St & Henry St,4789,Boerum Pl\t& Pacific St,4488,40.69760127,-73.99344559,40.68848905639242,-73.99116039276123,member
678830,485188FDC59D199C,classic_bike,2021-08-08 17:38:24,2021-08-08 18:07:49,Clark St & Henry St,4789,Mott St & Prince St,5561,40.69760127,-73.99344559,40.72317958,-73.99480012,casual
678832,E5271AA1C50F8AAD,classic_bike,2021-08-14 17:29:57,2021-08-14 17:35:43,Clark St & Henry St,4789,Boerum Pl\t& Pacific St,4488,40.69760127,-73.99344559,40.68848905639242,-73.99116039276123,casual
678834,AF3BEEA724923ABF,electric_bike,2021-08-17 15:41:37,2021-08-17 15:58:27,Clark St & Henry St,4789,Mott St & Prince St,5561,40.69760127,-73.99344559,40.72317958,-73.99480012,member
678835,AB4B8AAA8DD9A315,electric_bike,2021-08-02 22:22:37,2021-08-02 22:43:22,Clark St & Henry St,4789,E 25 St & 1 Ave,6004,40.69760127,-73.99344559,40.7381765,-73.97738662,member
678837,DEA62AD2DB142900,classic_bike,2021-08-13 16:58:45,2021-08-13 17:05:28,Clark St & Henry St,4789,Boerum Pl\t& Pacific St,4488,40.69760127,-73.99344559,40.68848905639242,-73.99116039276123,member
678871,0449BD20010649CB,classic_bike,2021-08-12 20:06:48,2021-08-12 20:13:52,Clark St & Henry St,4789,Boerum Pl\t& Pacific St,4488,40.69760127,-73.99344559,40.68848905639242,-73.99116039276123,member
678872,91095DBDC8F370E1,electric_bike,2021-08-16 15:47:21,2021-08-16 16:07:57,Clark St & Henry St,4789,Mott St & Prince St,5561,40.69760127,-73.99344559,40.72317958,-73.99480012,casual
678873,86AE115D62A6E723,classic_bike,2021-08-24 13:24:21,2021-08-24 13:31:17,Clark St & Henry St,4789,Boerum Pl\t& Pacific St,4488,40.69760127,-73.99344559,40.68848905639242,-73.99116039276123,casual
679266,FA78DDE990C97CBF,classic_bike,2021-08-16 17:34:19,2021-08-16 17:39:21,Clark St & Henry St,4789,Boerum Pl\t& Pacific St,4488,40.69760127,-73.99344559,40.68848905639242,-73.99116039276123,member
679439,1C0A82668FC3EC87,classic_bike,2021-08-07 17:24:59,2021-08-07 17:37:37,Clark St & Henry St,4789,Boerum Pl\t& Pacific St,4488,40.69760127,-73.99344559,40.68848905639242,-73.99116039276123,member
679442,B978E9D034548287,classic_bike,2021-08-10 18:32:26,2021-08-10 18:42:01,Clark St & Henry St,4789,Boerum Pl\t& Pacific St,4488,40.69760127,-73.99344559,40.68848905639242,-73.99116039276123,member
679444,7A0CD4A3858E2A0B,classic_bike,2021-08-14 00:06:37,2021-08-14 00:48:56,Clark St & Henry St,4789,55 St & 5 Ave,3050,40.69760127,-73.99344559,40.642408,-74.013318,casual
679484,B1BA775D4441CC42,classic_bike,2021-08-27 18:20:46,2021-08-27 18:26:24,Clark St & Henry St,4789,Boerum Pl\t& Pacific St,4488,40.69760127,-73.99344559,40.68848905639242,-73.99116039276123,member
679486,628F775B254DEFFA,electric_bike,2021-08-25 22:19:25,2021-08-25 22:52:39,Clark St & Henry St,4789,55 St & 5 Ave,3050,40.69760127,-73.99344559,40.642408,-74.013318,casual
679487,6A93A0252AFBAAD7,electric_bike,2021-08-25 11:24:04,2021-08-25 11:48:33,Clark St & Henry St,4789,E 25 St & 1 Ave,6004,40.69760127,-73.99344559,40.7381765,-73.97738662,casual
679977,46CEF2D635EB5F5A,classic_bike,2021-08-07 17:25:05,2021-08-07 17:37:39,Clark St & Henry St,4789,Boerum Pl\t& Pacific St,4488,40.69760127,-73.99344559,40.68848905639242,-73.99116039276123,casual
679980,5053CEFCCC31DBF0,electric_bike,2021-08-25 12:21:32,2021-08-25 12:39:57,Clark St & Henry St,4789,Mott St & Prince St,5561,40.69760127,-73.99344559,40.72317958,-73.99480012,member
679981,F0C13C2FF321EB1F,classic_bike,2021-08-01 19:48:55,2021-08-01 19:54:35,Clark St & Henry St,4789,Boerum Pl\t& Pacific St,4488,40.69760127,-73.99344559,40.68848905639242,-73.99116039276123,casual
679982,EC72D5AC58AFED90,electric_bike,2021-08-31 23:01:18,2021-08-31 23:32:00,Clark St & Henry St,4789,55 St & 5 Ave,3050,40.69760127,-73.99344559,40.642408,-74.013318,casual
680685,1F2C26BB8145E10F,classic_bike,2021-08-04 17:22:12,2021-08-04 17:27:22,Clark St & Henry St,4789,Boerum Pl\t& Pacific St,4488,40.69760127,-73.99344559,40.68848905639242,-73.99116039276123,member
681830,EC7E7C7C9BAED5F5,electric_bike,2021-08-02 19:40:03,2021-08-02 19:47:48,Clark St & Henry St,4789,Boerum Pl\t& Pacific St,4488,40.69760127,-73.99344559,40.68848905639242,-73.99116039276123,member
681831,91A8B4CD1FCA158F,electric_bike,2021-08-16 19:56:55,2021-08-16 20:02:44,Clark St & Henry St,4789,Boerum Pl\t& Pacific St,4488,40.69760127,-73.99344559,40.68848905639242,-73.99116039276123,member
682505,124CF32068C65D6F,electric_bike,2021-08-12 19:02:37,2021-08-12 19:22:33,Clark St & Henry St,4789,Mott St & Prince St,5561,40.69760127,-73.99344559,40.72317958,-73.99480012,member
682716,96800A3065FDBEA4,classic_bike,2021-08-02 11:10:48,2021-08-02 11:31:57,Clark St & Henry St,4789,Mott St & Prince St,5561,40.69760127,-73.99344559,40.72317958,-73.99480012,member
682720,BE7317A4E01BAB66,classic_bike,2021-08-08 17:32:33,2021-08-08 17:38:48,Clark St & Henry St,4789,Boerum Pl\t& Pacific St,4488,40.69760127,-73.99344559,40.68848905639242,-73.99116039276123,casual
683231,1D8203A6F8D596FC,classic_bike,2021-08-03 08:42:41,2021-08-03 09:01:38,Clark St & Henry St,4789,Mott St & Prince St,5561,40.69760127,-73.99344559,40.72317958,-73.99480012,member
683235,8B31647656405761,classic_bike,2021-08-19 17:56:10,2021-08-19 18:03:52,Clark St & Henry St,4789,Boerum Pl\t& Pacific St,4488,40.69760127,-73.99344559,40.68848905639242,-73.99116039276123,member
683237,FE4B57FEF1249301,classic_bike,2021-08-11 18:55:50,2021-08-11 19:03:50,Clark St & Henry St,4789,Boerum Pl\t& Pacific St,4488,40.69760127,-73.99344559,40.68848905639242,-73.99116039276123,member
683452,402C9A9ACCA32258,electric_bike,2021-08-28 16:00:56,2021-08-28 16:20:57,Clark St & Henry St,4789,E 25 St & 1 Ave,6004,40.69760127,-73.99344559,40.7381765,-73.97738662,member
683466,46867B15C32B33CB,classic_bike,2021-08-09 16:31:21,2021-08-09 16:38:22,Clark St & Henry St,4789,Boerum Pl\t& Pacific St,4488,40.69760127,-73.99344559,40.68848905639242,-73.99116039276123,member
683468,8883AB87D8E85E56,classic_bike,2021-08-25 11:32:34,2021-08-25 11:38:26,Clark St & Henry St,4789,Boerum Pl\t& Pacific St,4488,40.69760127,-73.99344559,40.68848905639242,-73.99116039276123,member
684228,759A80B82DEE2A1C,classic_bike,2021-08-26 12:26:03,2021-08-26 12:31:22,Clark St & Henry St,4789,Boerum Pl\t& Pacific St,4488,40.69760127,-73.99344559,40.68848905639242,-73.99116039276123,casual
684230,5D59BABFE91FA9BB,classic_bike,2021-08-11 23:29:25,2021-08-12 00:11:22,Clark St & Henry St,4789,55 St & 5 Ave,3050,40.69760127,-73.99344559,40.642408,-74.013318,casual
684699,6C7C8C69CD8395DA,classic_bike,2021-08-13 15:05:34,2021-08-13 15:10:29,Clark St & Henry St,4789,Congress St & Clinton St,4455,40.69760127,-73.99344559,40.68825516598005,-73.99545192718506,member
684700,85C991FA7BE5F417,classic_bike,2021-08-13 14:19:19,2021-08-13 14:24:00,Clark St & Henry St,4789,Congress St & Clinton St,4455,40.69760127,-73.99344559,40.68825516598005,-73.99545192718506,member
684701,57615C02F39154DD,classic_bike,2021-08-08 08:35:36,2021-08-08 08:50:00,Clark St & Henry St,4789,3 Ave & Carroll St,4143,40.69760127,-73.99344559,40.677027,-73.9865,member
684709,8AF99B9808213B56,classic_bike,2021-08-01 00:18:47,2021-08-01 00:29:07,Clark St & Henry St,4789,Warren St & Smith St,4371,40.69760127,-73.99344559,40.68542400997018,-73.99127773940563,casual
684710,FED6C050228F4641,classic_bike,2021-08-05 22:08:14,2021-08-05 22:14:06,Clark St & Henry St,4789,Congress St & Clinton St,4455,40.69760127,-73.99344559,40.68825516598005,-73.99545192718506,member
684711,C7B35AF87A0BC4B2,electric_bike,2021-08-31 08:37:06,2021-08-31 08:49:13,Clark St & Henry St,4789,3 Ave & Carroll St,4143,40.69760127,-73.99344559,40.677027,-73.9865,casual
684712,113BC32696A8A05C,classic_bike,2021-08-31 09:39:17,2021-08-31 09:46:19,Clark St & Henry St,4789,Congress St & Clinton St,4455,40.69760127,-73.99344559,40.68825516598005,-73.99545192718506,casual
684714,E91F7BB8E831856A,electric_bike,2021-08-19 19:07:54,2021-08-19 19:21:16,Clark St & Henry St,4789,Baltic St & 5 Ave,4208,40.69760127,-73.99344559,40.6795766,-73.97854971,casual
684715,C69C170832D80D2A,electric_bike,2021-08-25 14:18:19,2021-08-25 14:22:11,Clark St & Henry St,4789,Congress St & Clinton St,4455,40.69760127,-73.99344559,40.68825516598005,-73.99545192718506,casual
684722,E5BC965A7064EF63,classic_bike,2021-08-08 15:20:24,2021-08-08 15:50:13,Clark St & Henry St,4789,Bay St & Court St,3931,40.69760127,-73.99344559,40.671409,-74.001328,member
684724,C3638469527B8294,classic_bike,2021-08-08 16:31:16,2021-08-08 17:02:54,Clark St & Henry St,4789,Warren St & Smith St,4371,40.69760127,-73.99344559,40.68542400997018,-73.99127773940563,member
684725,411F4AB2FCA04F46,electric_bike,2021-08-04 16:27:35,2021-08-04 16:31:28,Clark St & Henry St,4789,Congress St & Clinton St,4455,40.69760127,-73.99344559,40.68825516598005,-73.99545192718506,member
684726,843714716DCFEEAE,classic_bike,2021-08-20 20:04:04,2021-08-20 20:10:57,Clark St & Henry St,4789,Warren St & Smith St,4371,40.69760127,-73.99344559,40.68542400997018,-73.99127773940563,member
684729,38F99D50BEB70EDB,classic_bike,2021-08-25 23:01:47,2021-08-25 23:19:30,Clark St & Henry St,4789,Baltic St & 5 Ave,4208,40.69760127,-73.99344559,40.6795766,-73.97854971,member
684730,91D57BC26D57DB76,classic_bike,2021-08-15 12:19:22,2021-08-15 12:32:25,Clark St & Henry St,4789,Bay St & Court St,3931,40.69760127,-73.99344559,40.671409,-74.001328,member
684732,C8AB942F6D7659BB,classic_bike,2021-08-07 19:10:21,2021-08-07 19:29:29,Clark St & Henry St,4789,Congress St & Clinton St,4455,40.69760127,-73.99344559,40.68825516598005,-73.99545192718506,member
684733,793A42532240B5DE,classic_bike,2021-08-12 17:40:16,2021-08-12 17:52:07,Clark St & Henry St,4789,3 Ave & Carroll St,4143,40.69760127,-73.99344559,40.677027,-73.9865,member
684734,049A3908A5356C0A,classic_bike,2021-08-14 16:02:33,2021-08-14 16:09:44,Clark St & Henry St,4789,Congress St & Clinton St,4455,40.69760127,-73.99344559,40.68825516598005,-73.99545192718506,casual
684740,681C40D5283C7272,classic_bike,2021-08-27 13:49:27,2021-08-27 13:55:40,Clark St & Henry St,4789,Congress St & Clinton St,4455,40.69760127,-73.99344559,40.68825516598005,-73.99545192718506,casual
684743,27CE642A8C460F82,electric_bike,2021-08-15 09:33:08,2021-08-15 09:36:35,Clark St & Henry St,4789,Congress St & Clinton St,4455,40.69760127,-73.99344559,40.68825516598005,-73.99545192718506,member
684746,A987502734800EF6,classic_bike,2021-08-23 08:54:15,2021-08-23 08:59:26,Clark St & Henry St,4789,Congress St & Clinton St,4455,40.69760127,-73.99344559,40.68825516598005,-73.99545192718506,member
684750,4986FE1CE603655D,classic_bike,2021-08-27 11:29:19,2021-08-27 11:37:14,Clark St & Henry St,4789,Congress St & Clinton St,4455,40.69760127,-73.99344559,40.68825516598005,-73.99545192718506,member
684752,5BE624CC0B6F0105,classic_bike,2021-08-09 16:25:25,2021-08-09 16:32:33,Clark St & Henry St,4789,Congress St & Clinton St,4455,40.69760127,-73.99344559,40.68825516598005,-73.99545192718506,casual
684756,692F63203A4D72C4,classic_bike,2021-08-19 21:14:15,2021-08-19 21:21:47,Clark St & Henry St,4789,Jay St & York St,4895,40.69760127,-73.99344559,40.70140317257725,-73.98672670125961,member
684757,D90626532EBA16F3,electric_bike,2021-08-05 10:11:02,2021-08-05 10:24:00,Clark St & Henry St,4789,Hudson St & Reade St,5359,40.69760127,-73.99344559,40.71625008,-74.0091059,member
684758,AC541CC76B11A2BE,classic_bike,2021-08-10 17:44:48,2021-08-10 17:51:17,Clark St & Henry St,4789,Jay St & York St,4895,40.69760127,-73.99344559,40.70140317257725,-73.98672670125961,member
684759,55187056E3858750,classic_bike,2021-08-03 10:38:29,2021-08-03 10:47:37,Clark St & Henry St,4789,Jay St & York St,4895,40.69760127,-73.99344559,40.70140317257725,-73.98672670125961,member
684760,73CD970D2FA02752,classic_bike,2021-08-29 15:44:08,2021-08-29 15:50:47,Clark St & Henry St,4789,Congress St & Clinton St,4455,40.69760127,-73.99344559,40.68825516598005,-73.99545192718506,member
684773,F625F45F63B3FD42,classic_bike,2021-08-13 19:04:36,2021-08-13 19:15:08,Clark St & Henry St,4789,Warren St & Smith St,4371,40.69760127,-73.99344559,40.68542400997018,-73.99127773940563,casual
684774,B451C5DF7C275678,classic_bike,2021-08-17 18:34:34,2021-08-17 18:45:54,Clark St & Henry St,4789,Warren St & Smith St,4371,40.69760127,-73.99344559,40.68542400997018,-73.99127773940563,casual
684775,294C2BFBA57E3794,electric_bike,2021-08-29 12:46:59,2021-08-29 12:51:45,Clark St & Henry St,4789,Congress St & Clinton St,4455,40.69760127,-73.99344559,40.68825516598005,-73.99545192718506,member
684968,A6F2911AA5B00641,classic_bike,2021-08-19 08:21:52,2021-08-19 08:31:54,Clark St & Henry St,4789,3 Ave & Carroll St,4143,40.69760127,-73.99344559,40.677027,-73.9865,member
684970,572E719EC1047461,classic_bike,2021-08-19 19:18:26,2021-08-19 19:21:45,Clark St & Henry St,4789,Jay St & York St,4895,40.69760127,-73.99344559,40.70140317257725,-73.98672670125961,member
684971,CBC04D7C281827B7,electric_bike,2021-08-30 21:06:33,2021-08-30 21:17:37,Clark St & Henry St,4789,Centre St & Worth St,5279,40.69760127,-73.99344559,40.71494807,-74.00234482,casual
685014,D18025B421782F7D,classic_bike,2021-08-12 10:33:08,2021-08-12 11:00:46,Clark St & Henry St,4789,Jay St & York St,4895,40.69760127,-73.99344559,40.70140317257725,-73.98672670125961,member
685015,27CA1245DE9300B1,classic_bike,2021-08-15 15:03:44,2021-08-15 15:12:14,Clark St & Henry St,4789,Warren St & Smith St,4371,40.69760127,-73.99344559,40.68542400997018,-73.99127773940563,casual
685825,9660C3E344D5C2A9,electric_bike,2021-08-11 19:09:24,2021-08-11 19:22:43,Clark St & Henry St,4789,Centre St & Worth St,5279,40.69760127,-73.99344559,40.71494807,-74.00234482,casual
689346,F565AA85C0C0013A,electric_bike,2021-08-18 14:33:01,2021-08-18 14:40:44,Clark St & Henry St,4789,Warren St & Smith St,4371,40.69760127,-73.99344559,40.68542400997018,-73.99127773940563,member
689347,C91B2E36D20191CC,electric_bike,2021-08-27 13:48:43,2021-08-27 14:00:19,Clark St & Henry St,4789,Centre St & Worth St,5279,40.69760127,-73.99344559,40.71494807,-74.00234482,casual
689351,A0C845B48DE2E9B3,classic_bike,2021-08-05 18:14:43,2021-08-05 18:19:48,Clark St & Henry St,4789,Congress St & Clinton St,4455,40.69760127,-73.99344559,40.68825516598005,-73.99545192718506,member
689352,566634B3D06FA4F4,classic_bike,2021-08-27 13:49:43,2021-08-27 13:55:41,Clark St & Henry St,4789,Congress St & Clinton St,4455,40.69760127,-73.99344559,40.68825516598005,-73.99545192718506,member
689355,0C0BF2BC08511709,classic_bike,2021-08-14 11:33:47,2021-08-14 11:39:19,Clark St & Henry St,4789,Congress St & Clinton St,4455,40.69760127,-73.99344559,40.68825516598005,-73.99545192718506,member
689356,3D58386C1425A52B,electric_bike,2021-08-24 08:44:26,2021-08-24 08:50:28,Clark St & Henry St,4789,Jay St & York St,4895,40.69760127,-73.99344559,40.70140317257725,-73.98672670125961,casual
689358,07C53F3765FF836A,electric_bike,2021-08-01 19:14:45,2021-08-01 19:19:44,Clark St & Henry St,4789,Congress St & Clinton St,4455,40.69760127,-73.99344559,40.68825516598005,-73.99545192718506,member
689359,E47B741E3E9BBDFC,classic_bike,2021-08-02 22:27:20,2021-08-02 22:32:37,Clark St & Henry St,4789,Congress St & Clinton St,4455,40.69760127,-73.99344559,40.68825516598005,-73.99545192718506,member
689362,AC20711C6BE91C98,classic_bike,2021-08-21 16:35:41,2021-08-21 16:50:30,Clark St & Henry St,4789,Baltic St & 5 Ave,4208,40.69760127,-73.99344559,40.6795766,-73.97854971,member
689364,25FD5807254BB36B,classic_bike,2021-08-12 22:43:33,2021-08-12 22:48:07,Clark St & Henry St,4789,Congress St & Clinton St,4455,40.69760127,-73.99344559,40.68825516598005,-73.99545192718506,member
689367,A5E595A708FB2A92,classic_bike,2021-08-01 00:18:19,2021-08-01 00:29:30,Clark St & Henry St,4789,Warren St & Smith St,4371,40.69760127,-73.99344559,40.68542400997018,-73.99127773940563,casual
689373,6E42D520966E7664,classic_bike,2021-08-26 18:45:13,2021-08-26 18:49:47,Clark St & Henry St,4789,Congress St & Clinton St,4455,40.69760127,-73.99344559,40.68825516598005,-73.99545192718506,member
689375,5526E712CDA8436E,classic_bike,2021-08-11 14:15:48,2021-08-11 14:41:04,Clark St & Henry St,4789,Bay St & Court St,3931,40.69760127,-73.99344559,40.671409,-74.001328,member
689399,91D1F958171A22B4,classic_bike,2021-08-11 19:26:16,2021-08-11 19:32:12,Clark St & Henry St,4789,Congress St & Clinton St,4455,40.69760127,-73.99344559,40.68825516598005,-73.99545192718506,member
689400,6736E2602FF9EC88,classic_bike,2021-08-15 16:20:14,2021-08-15 16:32:38,Clark St & Henry St,4789,Baltic St & 5 Ave,4208,40.69760127,-73.99344559,40.6795766,-73.97854971,member
689767,0201A3D40AD39F5F,classic_bike,2021-08-05 20:12:02,2021-08-05 20:17:14,Clark St & Henry St,4789,Jay St & York St,4895,40.69760127,-73.99344559,40.70140317257725,-73.98672670125961,member
689768,D22CBADCB11E5D3B,electric_bike,2021-08-06 09:08:32,2021-08-06 09:18:57,Clark St & Henry St,4789,Centre St & Worth St,5279,40.69760127,-73.99344559,40.71494807,-74.00234482,member
689769,8E69067D66940A28,electric_bike,2021-08-26 06:25:49,2021-08-26 06:37:29,Clark St & Henry St,4789,Hudson St & Reade St,5359,40.69760127,-73.99344559,40.71625008,-74.0091059,member
689857,07F88805F33826FE,classic_bike,2021-08-25 21:23:27,2021-08-25 21:28:32,Clark St & Henry St,4789,Jay St & York St,4895,40.69760127,-73.99344559,40.70140317257725,-73.98672670125961,member
690276,C28AD03A6D413C26,electric_bike,2021-08-28 19:14:24,2021-08-28 19:21:30,Clark St & Henry St,4789,Congress St & Clinton St,4455,40.69760127,-73.99344559,40.68825516598005,-73.99545192718506,member
691877,A2DF0BCAADC3D32C,classic_bike,2021-08-02 09:48:56,2021-08-02 09:55:40,Clark St & Henry St,4789,Congress St & Clinton St,4455,40.69760127,-73.99344559,40.68825516598005,-73.99545192718506,member
691879,87DB64A83D4DE33B,classic_bike,2021-08-25 18:12:12,2021-08-25 18:18:24,Clark St & Henry St,4789,Congress St & Clinton St,4455,40.69760127,-73.99344559,40.68825516598005,-73.99545192718506,member
691880,AA8C1D8A4E082117,classic_bike,2021-08-21 13:10:18,2021-08-21 13:23:26,Clark St & Henry St,4789,Warren St & Smith St,4371,40.69760127,-73.99344559,40.68542400997018,-73.99127773940563,casual
691881,C5FCBC65A643DE6B,electric_bike,2021-08-11 19:05:40,2021-08-11 19:14:17,Clark St & Henry St,4789,Congress St & Clinton St,4455,40.69760127,-73.99344559,40.68825516598005,-73.99545192718506,casual
691882,187A70C8E3105F87,classic_bike,2021-08-13 13:28:02,2021-08-13 13:33:20,Clark St & Henry St,4789,Congress St & Clinton St,4455,40.69760127,-73.99344559,40.68825516598005,-73.99545192718506,casual
693434,0737CB1FA108A19F,classic_bike,2021-08-15 12:12:13,2021-08-15 12:17:47,Clark St & Henry St,4789,Warren St & Smith St,4371,40.69760127,-73.99344559,40.68542400997018,-73.99127773940563,member
693435,A794262A432F8541,classic_bike,2021-08-31 14:23:27,2021-08-31 14:30:12,Clark St & Henry St,4789,Jay St & York St,4895,40.69760127,-73.99344559,40.70140317257725,-73.98672670125961,member
693448,A95B3969E66113D3,classic_bike,2021-08-26 16:51:51,2021-08-26 17:02:52,Clark St & Henry St,4789,Centre St & Worth St,5279,40.69760127,-73.99344559,40.71494807,-74.00234482,member
693449,F71F80A0E95B49D8,classic_bike,2021-08-12 09:50:52,2021-08-12 10:06:00,Clark St & Henry St,4789,3 Ave & Carroll St,4143,40.69760127,-73.99344559,40.677027,-73.9865,member
693624,91598F26528AD41A,classic_bike,2021-08-07 16:01:31,2021-08-07 16:24:00,Clark St & Henry St,4789,Warren St & Smith St,4371,40.69760127,-73.99344559,40.68542400997018,-73.99127773940563,member
693626,39F1653FFE98F004,classic_bike,2021-08-26 13:48:47,2021-08-26 13:53:47,Clark St & Henry St,4789,Congress St & Clinton St,4455,40.69760127,-73.99344559,40.68825516598005,-73.99545192718506,member
693628,52952FF2E84F204A,classic_bike,2021-08-25 08:39:22,2021-08-25 09:06:41,Clark St & Henry St,4789,Centre St & Worth St,5279,40.69760127,-73.99344559,40.71494807,-74.00234482,member
693629,B3A37885FE1FBBF4,classic_bike,2021-08-05 22:08:10,2021-08-05 22:13:58,Clark St & Henry St,4789,Congress St & Clinton St,4455,40.69760127,-73.99344559,40.68825516598005,-73.99545192718506,member
693632,5C8ED24EC45E9A7C,classic_bike,2021-08-06 14:58:24,2021-08-06 15:04:37,Clark St & Henry St,4789,Jay St & York St,4895,40.69760127,-73.99344559,40.70140317257725,-73.98672670125961,member
693636,9CF5B7403BD2483B,electric_bike,2021-08-03 10:37:33,2021-08-03 10:41:19,Clark St & Henry St,4789,Jay St & York St,4895,40.69760127,-73.99344559,40.70140317257725,-73.98672670125961,member
694599,503B969323086550,classic_bike,2021-08-23 18:11:58,2021-08-23 18:23:04,Clark St & Henry St,4789,Jay St & York St,4895,40.69760127,-73.99344559,40.70140317257725,-73.98672670125961,member
694600,2959CA5D43FDC30E,electric_bike,2021-08-18 13:20:40,2021-08-18 13:28:46,Clark St & Henry St,4789,Congress St & Clinton St,4455,40.69760127,-73.99344559,40.68825516598005,-73.99545192718506,casual
694601,53A873CCE3922E7F,electric_bike,2021-08-25 16:08:50,2021-08-25 16:28:50,Clark St & Henry St,4789,Centre St & Worth St,5279,40.69760127,-73.99344559,40.71494807,-74.00234482,casual
694602,66100C3CC8C2178D,electric_bike,2021-08-18 16:22:37,2021-08-18 16:27:31,Clark St & Henry St,4789,Jay St & York St,4895,40.69760127,-73.99344559,40.70140317257725,-73.98672670125961,member
694657,00AD47E8F4ED3A06,classic_bike,2021-08-30 14:38:10,2021-08-30 14:45:07,Clark St & Henry St,4789,Congress St & Clinton St,4455,40.69760127,-73.99344559,40.68825516598005,-73.99545192718506,member
694660,3458EB03F7EEAD91,electric_bike,2021-08-30 12:21:56,2021-08-30 12:46:50,Clark St & Henry St,4789,Jay St & York St,4895,40.69760127,-73.99344559,40.70140317257725,-73.98672670125961,member
694661,4F9B7A64E47F6AC1,classic_bike,2021-08-24 11:26:26,2021-08-24 11:32:09,Clark St & Henry St,4789,Congress St & Clinton St,4455,40.69760127,-73.99344559,40.68825516598005,-73.99545192718506,member
694662,82C001F800322D3B,electric_bike,2021-08-09 19:45:21,2021-08-09 19:49:39,Clark St & Henry St,4789,Congress St & Clinton St,4455,40.69760127,-73.99344559,40.68825516598005,-73.99545192718506,member
695783,C8029F2C17D1765D,electric_bike,2021-08-01 12:32:50,2021-08-01 12:36:56,Clark St & Henry St,4789,Congress St & Clinton St,4455,40.69760127,-73.99344559,40.68825516598005,-73.99545192718506,member
695784,0AED21C0AB36A03A,classic_bike,2021-08-14 10:33:16,2021-08-14 10:39:16,Clark St & Henry St,4789,Congress St & Clinton St,4455,40.69760127,-73.99344559,40.68825516598005,-73.99545192718506,member
695800,E22F127B8D16972E,docked_bike,2021-08-08 19:49:23,2021-08-08 20:11:30,Clark St & Henry St,4789,Congress St & Clinton St,4455,40.697601,-73.993446,40.688255,-73.995452,casual
695804,102F5B7BE3F633D5,classic_bike,2021-08-24 13:45:32,2021-08-24 14:30:15,Clark St & Henry St,4789,Baltic St & 5 Ave,4208,40.69760127,-73.99344559,40.6795766,-73.97854971,casual
695972,7A0DD1B9E90C2381,classic_bike,2021-08-08 13:05:21,2021-08-08 13:13:43,Clark St & Henry St,4789,Warren St & Smith St,4371,40.69760127,-73.99344559,40.68542400997018,-73.99127773940563,casual
697062,9218497F596DF206,classic_bike,2021-08-12 09:50:10,2021-08-12 10:06:02,Clark St & Henry St,4789,3 Ave & Carroll St,4143,40.69760127,-73.99344559,40.677027,-73.9865,member
697063,931D6C40BD36F052,classic_bike,2021-08-19 15:12:02,2021-08-19 15:27:25,Clark St & Henry St,4789,Warren St & Smith St,4371,40.69760127,-73.99344559,40.68542400997018,-73.99127773940563,member
697064,B7F4302345CC1EC0,classic_bike,2021-08-20 09:01:20,2021-08-20 09:06:24,Clark St & Henry St,4789,Jay St & York St,4895,40.69760127,-73.99344559,40.70140317257725,-73.98672670125961,member
697065,3C3298FFA23FDE46,classic_bike,2021-08-12 21:20:01,2021-08-12 21:34:48,Clark St & Henry St,4789,Baltic St & 5 Ave,4208,40.69760127,-73.99344559,40.6795766,-73.97854971,member
697070,3688DA0F873D992F,classic_bike,2021-08-17 17:54:36,2021-08-17 17:59:54,Clark St & Henry St,4789,Congress St & Clinton St,4455,40.69760127,-73.99344559,40.68825516598005,-73.99545192718506,member
697071,77A548FBBE9BE7D5,classic_bike,2021-08-04 17:26:04,2021-08-04 17:32:00,Clark St & Henry St,4789,Congress St & Clinton St,4455,40.69760127,-73.99344559,40.68825516598005,-73.99545192718506,member
698367,6CDFDFFC48561F40,electric_bike,2021-08-08 09:06:47,2021-08-08 10:07:01,Clark St & Henry St,4789,Jay St & York St,4895,40.69760127,-73.99344559,40.70140317257725,-73.98672670125961,member
698368,59C45D812628F734,electric_bike,2021-08-16 16:02:44,2021-08-16 16:08:38,Clark St & Henry St,4789,Jay St & York St,4895,40.69760127,-73.99344559,40.70140317257725,-73.98672670125961,member
698796,BFA26FF40A56C691,classic_bike,2021-08-28 19:14:29,2021-08-28 19:21:18,Clark St & Henry St,4789,Congress St & Clinton St,4455,40.69760127,-73.99344559,40.68825516598005,-73.99545192718506,member
699746,86017E99465DECFE,classic_bike,2021-08-18 16:46:30,2021-08-18 16:59:30,Clark St & Henry St,4789,3 Ave & Carroll St,4143,40.69760127,-73.99344559,40.677027,-73.9865,member
700198,8C896C6FEAAE942B,classic_bike,2021-08-30 14:37:56,2021-08-30 14:45:16,Clark St & Henry St,4789,Congress St & Clinton St,4455,40.69760127,-73.99344559,40.68825516598005,-73.99545192718506,casual
700705,0A3BE0BA289CF4EC,classic_bike,2021-08-21 11:28:25,2021-08-21 11:41:57,Clark St & Henry St,4789,Centre St & Worth St,5279,40.69760127,-73.99344559,40.71494807,-74.00234482,member
700707,7AD64A9878DB0713,classic_bike,2021-08-25 10:29:29,2021-08-25 10:34:24,Clark St & Henry St,4789,Congress St & Clinton St,4455,40.69760127,-73.99344559,40.68825516598005,-73.99545192718506,member
700912,5BCB6CD8C5F51BBF,electric_bike,2021-08-21 20:30:25,2021-08-21 20:42:06,Clark St & Henry St,4789,Centre St & Worth St,5279,40.69760127,-73.99344559,40.71494807,-74.00234482,member
700942,C1E407629917E129,classic_bike,2021-08-01 11:14:56,2021-08-01 12:11:42,Clark St & Henry St,4789,Centre St & Worth St,5279,40.69760127,-73.99344559,40.71494807,-74.00234482,member
700943,CACDD7AF9F605E56,classic_bike,2021-08-28 12:27:02,2021-08-28 12:38:15,Clark St & Henry St,4789,Warren St & Smith St,4371,40.69760127,-73.99344559,40.68542400997018,-73.99127773940563,member
700944,B468B29358E8A432,docked_bike,2021-08-17 11:32:00,2021-08-17 11:41:33,Clark St & Henry St,4789,Jay St & York St,4895,40.697601,-73.993446,40.701403,-73.986727,casual
700973,D8765E0003011486,classic_bike,2021-08-21 13:10:28,2021-08-21 13:23:26,Clark St & Henry St,4789,Warren St & Smith St,4371,40.69760127,-73.99344559,40.68542400997018,-73.99127773940563,member
700975,0608E34DA10B1B11,classic_bike,2021-08-02 18:31:09,2021-08-02 19:07:38,Clark St & Henry St,4789,53 St & 4 Ave,3169,40.69760127,-73.99344559,40.644862,-74.014531,member
701717,BA73A8A307DD0AAC,classic_bike,2021-08-11 08:51:43,2021-08-11 08:57:21,Clark St & Henry St,4789,Jay St & York St,4895,40.69760127,-73.99344559,40.70140317257725,-73.98672670125961,member
701718,3C5C0C8566F1D39D,classic_bike,2021-08-10 17:37:28,2021-08-10 17:43:16,Clark St & Henry St,4789,Congress St & Clinton St,4455,40.69760127,-73.99344559,40.68825516598005,-73.99545192718506,member
701769,67CD5C051C03EE81,classic_bike,2021-08-30 16:12:30,2021-08-30 16:17:12,Clark St & Henry St,4789,Atlantic Ave & Furman St,4614,40.69760127,-73.99344559,40.69165183,-73.9999786,casual
701770,99F56F8533F6CC09,electric_bike,2021-08-13 16:40:43,2021-08-13 16:47:37,Clark St & Henry St,4789,Atlantic Ave & Furman St,4614,40.69760127,-73.99344559,40.69165183,-73.9999786,casual
704871,6C01D1A7DFE7DF97,classic_bike,2021-08-04 10:38:43,2021-08-04 10:47:58,Clark St & Henry St,4789,Atlantic Ave & Furman St,4614,40.69760127,-73.99344559,40.69165183,-73.9999786,member
704873,1843A02C9A77CAFC,classic_bike,2021-08-29 14:08:19,2021-08-29 14:13:48,Clark St & Henry St,4789,Atlantic Ave & Furman St,4614,40.69760127,-73.99344559,40.69165183,-73.9999786,member
704874,263E51366301C170,classic_bike,2021-08-09 22:15:45,2021-08-09 22:23:12,Clark St & Henry St,4789,Atlantic Ave & Furman St,4614,40.69760127,-73.99344559,40.69165183,-73.9999786,casual
704886,F4CF57F01781C792,classic_bike,2021-08-31 23:47:40,2021-08-31 23:52:43,Clark St & Henry St,4789,Atlantic Ave & Furman St,4614,40.69760127,-73.99344559,40.69165183,-73.9999786,member
704897,4D68E0F9AF20A225,classic_bike,2021-08-19 19:19:45,2021-08-19 19:34:40,Clark St & Henry St,4789,Atlantic Ave & Furman St,4614,40.69760127,-73.99344559,40.69165183,-73.9999786,member
704904,CD5DF9FD4437B580,classic_bike,2021-08-15 18:46:56,2021-08-15 18:50:50,Clark St & Henry St,4789,Atlantic Ave & Furman St,4614,40.69760127,-73.99344559,40.69165183,-73.9999786,member
704905,8C078D5E8161B67F,classic_bike,2021-08-15 13:41:13,2021-08-15 13:56:56,Clark St & Henry St,4789,Atlantic Ave & Furman St,4614,40.69760127,-73.99344559,40.69165183,-73.9999786,member
704908,066F92285B4B1C83,classic_bike,2021-08-24 19:17:21,2021-08-24 19:39:48,Clark St & Henry St,4789,5 St & 6 Ave,3874,40.69760127,-73.99344559,40.6704836,-73.98208968,casual
707420,DA0813A62A1FB010,classic_bike,2021-08-18 17:15:28,2021-08-18 17:21:36,Clark St & Henry St,4789,Atlantic Ave & Furman St,4614,40.69760127,-73.99344559,40.69165183,-73.9999786,member
707428,0FFB1D1DC12AE6E0,classic_bike,2021-08-29 20:16:12,2021-08-29 20:42:38,Clark St & Henry St,4789,Canal St & Rutgers St,5303,40.69760127,-73.99344559,40.71427487,-73.98990025,casual
707431,C6ED421014661B8E,classic_bike,2021-08-25 18:03:27,2021-08-25 18:19:28,Clark St & Henry St,4789,Atlantic Ave & Furman St,4614,40.69760127,-73.99344559,40.69165183,-73.9999786,casual
707433,9CE1C6556C26DDFE,classic_bike,2021-08-15 13:23:24,2021-08-15 13:40:02,Clark St & Henry St,4789,Atlantic Ave & Furman St,4614,40.69760127,-73.99344559,40.69165183,-73.9999786,casual
707434,1DCC3F734388C6C7,electric_bike,2021-08-24 20:24:29,2021-08-24 20:57:56,Clark St & Henry St,4789,Atlantic Ave & Furman St,4614,40.69760127,-73.99344559,40.69165183,-73.9999786,casual
707437,DA5AAF3C8AB64ABE,classic_bike,2021-08-07 13:54:21,2021-08-07 14:09:42,Clark St & Henry St,4789,Canal St & Rutgers St,5303,40.69760127,-73.99344559,40.71427487,-73.98990025,casual
707467,68F22B0AE369D2EA,classic_bike,2021-08-03 20:17:28,2021-08-03 20:22:24,Clark St & Henry St,4789,Atlantic Ave & Furman St,4614,40.69760127,-73.99344559,40.69165183,-73.9999786,member
707471,E7B528D5329826F3,classic_bike,2021-08-11 08:10:10,2021-08-11 08:19:24,Clark St & Henry St,4789,Atlantic Ave & Furman St,4614,40.69760127,-73.99344559,40.69165183,-73.9999786,casual
708233,2411155F90B5BCE4,classic_bike,2021-08-24 19:48:36,2021-08-24 19:53:36,Clark St & Henry St,4789,Atlantic Ave & Furman St,4614,40.69760127,-73.99344559,40.69165183,-73.9999786,member
711108,ABDC06AA398DE8D8,classic_bike,2021-08-10 16:37:20,2021-08-10 16:42:00,Clark St & Henry St,4789,Atlantic Ave & Furman St,4614,40.69760127,-73.99344559,40.69165183,-73.9999786,member
711115,6CA29F3F7A788736,classic_bike,2021-08-20 05:27:52,2021-08-20 05:31:07,Clark St & Henry St,4789,Atlantic Ave & Furman St,4614,40.69760127,-73.99344559,40.69165183,-73.9999786,member
711118,49322606A6C9A3E0,classic_bike,2021-08-29 17:24:46,2021-08-29 17:33:19,Clark St & Henry St,4789,Atlantic Ave & Furman St,4614,40.69760127,-73.99344559,40.69165183,-73.9999786,member
711123,4B4D6476D91A9C48,classic_bike,2021-08-19 15:59:20,2021-08-19 16:08:32,Clark St & Henry St,4789,Atlantic Ave & Furman St,4614,40.69760127,-73.99344559,40.69165183,-73.9999786,casual
711124,56BDF783D8A42C9A,classic_bike,2021-08-07 08:07:25,2021-08-07 08:21:06,Clark St & Henry St,4789,Atlantic Ave & Furman St,4614,40.69760127,-73.99344559,40.69165183,-73.9999786,casual
711128,33AA4400135B4619,classic_bike,2021-08-02 19:58:02,2021-08-02 20:13:56,Clark St & Henry St,4789,Atlantic Ave & Furman St,4614,40.69760127,-73.99344559,40.69165183,-73.9999786,casual
711404,1FF0304847B9E06A,classic_bike,2021-08-21 16:15:14,2021-08-21 16:23:41,Clark St & Henry St,4789,Atlantic Ave & Furman St,4614,40.69760127,-73.99344559,40.69165183,-73.9999786,member
711405,9E937CC3A71AFA89,classic_bike,2021-08-06 11:19:32,2021-08-06 11:43:53,Clark St & Henry St,4789,5 St & 6 Ave,3874,40.69760127,-73.99344559,40.6704836,-73.98208968,member
711506,C2E5D055F47866B6,electric_bike,2021-08-13 16:40:15,2021-08-13 16:47:16,Clark St & Henry St,4789,Atlantic Ave & Furman St,4614,40.69760127,-73.99344559,40.69165183,-73.9999786,member
711507,B26B47304BB4138F,classic_bike,2021-08-28 17:54:11,2021-08-28 17:58:58,Clark St & Henry St,4789,Atlantic Ave & Furman St,4614,40.69760127,-73.99344559,40.69165183,-73.9999786,member
711509,D83F1B3D3298AE61,electric_bike,2021-08-01 12:33:55,2021-08-01 12:38:28,Clark St & Henry St,4789,Atlantic Ave & Furman St,4614,40.69760127,-73.99344559,40.69165183,-73.9999786,member
711513,7ED3FAF323290346,classic_bike,2021-08-17 22:43:37,2021-08-17 22:47:48,Clark St & Henry St,4789,Atlantic Ave & Furman St,4614,40.69760127,-73.99344559,40.69165183,-73.9999786,member
711518,73AF31F034C354AE,classic_bike,2021-08-09 18:08:06,2021-08-09 18:13:38,Clark St & Henry St,4789,Atlantic Ave & Furman St,4614,40.69760127,-73.99344559,40.69165183,-73.9999786,casual
711519,577ABECD7AE05111,classic_bike,2021-08-12 05:50:05,2021-08-12 05:56:52,Clark St & Henry St,4789,Atlantic Ave & Furman St,4614,40.69760127,-73.99344559,40.69165183,-73.9999786,casual
712883,13CC50B699DD6CFB,classic_bike,2021-08-03 05:44:16,2021-08-03 05:52:21,Clark St & Henry St,4789,Atlantic Ave & Furman St,4614,40.69760127,-73.99344559,40.69165183,-73.9999786,casual
713756,3A3EB43048C78CB1,classic_bike,2021-08-28 19:27:55,2021-08-28 19:35:14,Clark St & Henry St,4789,Atlantic Ave & Furman St,4614,40.69760127,-73.99344559,40.69165183,-73.9999786,member
713757,0B8334779418F236,classic_bike,2021-08-15 17:47:55,2021-08-15 17:51:50,Clark St & Henry St,4789,Atlantic Ave & Furman St,4614,40.69760127,-73.99344559,40.69165183,-73.9999786,member
713759,45A42DCD1CDAC161,classic_bike,2021-08-04 17:44:42,2021-08-04 18:07:14,Clark St & Henry St,4789,5 St & 6 Ave,3874,40.69760127,-73.99344559,40.6704836,-73.98208968,member
713760,338E2ED5FAD57626,electric_bike,2021-08-31 07:42:54,2021-08-31 07:49:22,Clark St & Henry St,4789,Atlantic Ave & Furman St,4614,40.69760127,-73.99344559,40.69165183,-73.9999786,member
713765,6B498B79643BE1D0,classic_bike,2021-08-24 22:14:07,2021-08-24 22:19:34,Clark St & Henry St,4789,Atlantic Ave & Furman St,4614,40.69760127,-73.99344559,40.69165183,-73.9999786,member
713776,7E01E113EE6FEDD4,classic_bike,2021-08-28 13:30:29,2021-08-28 13:41:08,Clark St & Henry St,4789,Atlantic Ave & Furman St,4614,40.69760127,-73.99344559,40.69165183,-73.9999786,member
713777,11A4EAA26D0CFC56,classic_bike,2021-08-25 15:45:50,2021-08-25 15:54:33,Clark St & Henry St,4789,Atlantic Ave & Furman St,4614,40.69760127,-73.99344559,40.69165183,-73.9999786,member
713778,A2B79592C28EF5B3,electric_bike,2021-08-08 14:45:20,2021-08-08 15:35:50,Clark St & Henry St,4789,Atlantic Ave & Furman St,4614,40.69760127,-73.99344559,40.69165183,-73.9999786,member
713784,956341C327E5B8CF,electric_bike,2021-08-22 01:13:13,2021-08-22 01:42:28,Clark St & Henry St,4789,E 58 St & 3 Ave,6762,40.69760127,-73.99344559,40.76095756,-73.96724467,member
713845,17F8F9423DD13D69,electric_bike,2021-08-31 15:23:46,2021-08-31 15:28:21,Clark St & Henry St,4789,Atlantic Ave & Furman St,4614,40.69760127,-73.99344559,40.69165183,-73.9999786,casual
713847,968E1EE4D974C918,classic_bike,2021-08-08 04:08:43,2021-08-08 04:13:55,Clark St & Henry St,4789,Atlantic Ave & Furman St,4614,40.69760127,-73.99344559,40.69165183,-73.9999786,casual
713853,DAAA4995958E6679,classic_bike,2021-08-06 11:42:24,2021-08-06 11:51:44,Clark St & Henry St,4789,Atlantic Ave & Furman St,4614,40.69760127,-73.99344559,40.69165183,-73.9999786,member
713855,5C8B034840392995,classic_bike,2021-08-14 16:00:49,2021-08-14 16:27:36,Clark St & Henry St,4789,Atlantic Ave & Furman St,4614,40.69760127,-73.99344559,40.69165183,-73.9999786,member
713857,2F062E33141EC4CF,classic_bike,2021-08-14 18:49:19,2021-08-14 18:54:07,Clark St & Henry St,4789,Atlantic Ave & Furman St,4614,40.69760127,-73.99344559,40.69165183,-73.9999786,member
718319,3A3E66D0268E4698,classic_bike,2021-08-16 17:23:17,2021-08-16 17:44:33,Clark St & Henry St,4789,Canal St & Rutgers St,5303,40.69760127,-73.99344559,40.71427487,-73.98990025,member
718320,EDEBFA653ED90094,classic_bike,2021-08-09 19:12:26,2021-08-09 19:19:26,Clark St & Henry St,4789,Atlantic Ave & Furman St,4614,40.69760127,-73.99344559,40.69165183,-73.9999786,member
718322,9FFDA4CC14B84909,classic_bike,2021-08-08 13:24:07,2021-08-08 13:29:23,Clark St & Henry St,4789,Atlantic Ave & Furman St,4614,40.69760127,-73.99344559,40.69165183,-73.9999786,member
718324,5D7AA01ADF35044E,classic_bike,2021-08-04 15:53:10,2021-08-04 15:58:40,Clark St & Henry St,4789,Atlantic Ave & Furman St,4614,40.69760127,-73.99344559,40.69165183,-73.9999786,casual
718373,C9AFFC428F60A386,classic_bike,2021-08-10 21:10:45,2021-08-10 21:16:30,Clark St & Henry St,4789,Atlantic Ave & Furman St,4614,40.69760127,-73.99344559,40.69165183,-73.9999786,member
718374,A8DD8C9B02CE0450,classic_bike,2021-08-17 18:47:36,2021-08-17 18:54:20,Clark St & Henry St,4789,Atlantic Ave & Furman St,4614,40.69760127,-73.99344559,40.69165183,-73.9999786,member
718375,079484C995A517B3,electric_bike,2021-08-07 20:40:49,2021-08-07 20:45:18,Clark St & Henry St,4789,Atlantic Ave & Furman St,4614,40.69760127,-73.99344559,40.69165183,-73.9999786,member
720218,F6AD45C3CAA8ABDD,classic_bike,2021-08-02 19:28:09,2021-08-02 20:01:30,Clark St & Henry St,4789,E 58 St & 3 Ave,6762,40.69760127,-73.99344559,40.76095756,-73.96724467,member
720225,46A64C8DB1C71219,classic_bike,2021-08-23 19:36:53,2021-08-23 19:42:04,Clark St & Henry St,4789,Atlantic Ave & Furman St,4614,40.69760127,-73.99344559,40.69165183,-73.9999786,casual
720228,6A4C4A27FEF48600,classic_bike,2021-08-08 04:08:58,2021-08-08 04:13:59,Clark St & Henry St,4789,Atlantic Ave & Furman St,4614,40.69760127,-73.99344559,40.69165183,-73.9999786,casual
720239,8DE13AF451C73294,classic_bike,2021-08-21 11:57:54,2021-08-21 12:03:47,Clark St & Henry St,4789,Atlantic Ave & Furman St,4614,40.69760127,-73.99344559,40.69165183,-73.9999786,casual
720240,9304A584C2008149,classic_bike,2021-08-18 14:09:09,2021-08-18 14:13:48,Clark St & Henry St,4789,Atlantic Ave & Furman St,4614,40.69760127,-73.99344559,40.69165183,-73.9999786,casual
720243,01E3C3B130B4468A,classic_bike,2021-08-09 16:45:38,2021-08-09 16:50:02,Clark St & Henry St,4789,Atlantic Ave & Furman St,4614,40.69760127,-73.99344559,40.69165183,-73.9999786,member
720250,C79992CA8E4E2528,classic_bike,2021-08-17 22:43:43,2021-08-17 22:47:53,Clark St & Henry St,4789,Atlantic Ave & Furman St,4614,40.69760127,-73.99344559,40.69165183,-73.9999786,member
723179,CB679E342F4BD8AC,classic_bike,2021-08-10 22:34:46,2021-08-10 22:41:58,Clark St & Henry St,4789,Atlantic Ave & Furman St,4614,40.69760127,-73.99344559,40.69165183,-73.9999786,member
723260,ACEFA3E88397FB47,classic_bike,2021-08-21 14:26:44,2021-08-21 14:40:48,Clark St & Henry St,4789,Atlantic Ave & Furman St,4614,40.69760127,-73.99344559,40.69165183,-73.9999786,member
723261,354FB888BC0090A7,classic_bike,2021-08-31 10:44:27,2021-08-31 10:49:26,Clark St & Henry St,4789,Atlantic Ave & Furman St,4614,40.69760127,-73.99344559,40.69165183,-73.9999786,member
723263,7E3631AA862A9664,classic_bike,2021-08-24 18:30:08,2021-08-24 18:46:14,Clark St & Henry St,4789,Atlantic Ave & Furman St,4614,40.69760127,-73.99344559,40.69165183,-73.9999786,member
723265,E22212249AB0CF81,classic_bike,2021-08-12 19:25:23,2021-08-12 19:30:42,Clark St & Henry St,4789,Atlantic Ave & Furman St,4614,40.69760127,-73.99344559,40.69165183,-73.9999786,member
724361,73561501323F0252,classic_bike,2021-08-13 12:05:57,2021-08-13 12:11:28,Clark St & Henry St,4789,Atlantic Ave & Furman St,4614,40.69760127,-73.99344559,40.69165183,-73.9999786,member
725065,283FBB1E3AB64737,classic_bike,2021-08-17 19:37:17,2021-08-17 19:41:04,Clark St & Henry St,4789,Atlantic Ave & Furman St,4614,40.69760127,-73.99344559,40.69165183,-73.9999786,member
725066,ACB401D4615C703E,electric_bike,2021-08-25 14:22:20,2021-08-25 14:27:18,Clark St & Henry St,4789,Atlantic Ave & Furman St,4614,40.69760127,-73.99344559,40.69165183,-73.9999786,member
725067,F03612F05C9A104E,classic_bike,2021-08-06 11:43:23,2021-08-06 11:51:44,Clark St & Henry St,4789,Atlantic Ave & Furman St,4614,40.69760127,-73.99344559,40.69165183,-73.9999786,member
725074,BC4F75E4B3C3D0F4,classic_bike,2021-08-24 19:29:53,2021-08-24 19:55:16,Clark St & Henry St,4789,Atlantic Ave & Furman St,4614,40.69760127,-73.99344559,40.69165183,-73.9999786,member
725130,B4499789F0AC6AF8,classic_bike,2021-08-09 21:48:40,2021-08-09 21:56:08,Clark St & Henry St,4789,Atlantic Ave & Furman St,4614,40.69760127,-73.99344559,40.69165183,-73.9999786,casual
726414,5E95D84CC3553811,classic_bike,2021-08-29 01:10:10,2021-08-29 01:19:41,Clark St & Henry St,4789,Atlantic Ave & Furman St,4614,40.69760127,-73.99344559,40.69165183,-73.9999786,member
726415,7ECECBDC6FCDDFC7,classic_bike,2021-08-15 13:06:49,2021-08-15 13:30:44,Clark St & Henry St,4789,Atlantic Ave & Furman St,4614,40.69760127,-73.99344559,40.69165183,-73.9999786,member
728684,AF38E22E1E283009,classic_bike,2021-08-27 09:46:26,2021-08-27 09:54:15,Clark St & Henry St,4789,Atlantic Ave & Furman St,4614,40.69760127,-73.99344559,40.69165183,-73.9999786,member
729223,41709F2F9D8D1692,classic_bike,2021-08-10 21:11:35,2021-08-10 21:15:44,Clark St & Henry St,4789,Atlantic Ave & Furman St,4614,40.69760127,-73.99344559,40.69165183,-73.9999786,member
729224,8EB5EC1381D3FBBE,classic_bike,2021-08-28 13:30:18,2021-08-28 13:41:10,Clark St & Henry St,4789,Atlantic Ave & Furman St,4614,40.69760127,-73.99344559,40.69165183,-73.9999786,member
729780,4373CFA21616D4C5,electric_bike,2021-08-17 18:11:13,2021-08-17 18:27:31,Clark St & Henry St,4789,Canal St & Rutgers St,5303,40.69760127,-73.99344559,40.71427487,-73.98990025,member
729781,D8C3794A64CEB017,classic_bike,2021-08-17 14:48:12,2021-08-17 15:10:47,Clark St & Henry St,4789,Atlantic Ave & Furman St,4614,40.69760127,-73.99344559,40.69165183,-73.9999786,member
730670,F3C5969E4A3C147A,classic_bike,2021-08-15 05:31:49,2021-08-15 05:34:52,Clark St & Henry St,4789,Atlantic Ave & Furman St,4614,40.69760127,-73.99344559,40.69165183,-73.9999786,member
731695,CE10EB09286692C8,classic_bike,2021-08-07 08:07:35,2021-08-07 08:20:55,Clark St & Henry St,4789,Atlantic Ave & Furman St,4614,40.69760127,-73.99344559,40.69165183,-73.9999786,casual
732249,1E58DE045888F2AF,electric_bike,2021-08-23 10:11:40,2021-08-23 10:15:48,Clark St & Henry St,4789,Atlantic Ave & Furman St,4614,40.69760127,-73.99344559,40.69165183,-73.9999786,member
732250,DB67B7C638987A08,classic_bike,2021-08-12 13:10:30,2021-08-12 13:16:14,Clark St & Henry St,4789,Atlantic Ave & Furman St,4614,40.69760127,-73.99344559,40.69165183,-73.9999786,member
732252,92FF59ACB8625743,classic_bike,2021-08-30 18:29:48,2021-08-30 18:53:37,Clark St & Henry St,4789,Atlantic Ave & Furman St,4614,40.69760127,-73.99344559,40.69165183,-73.9999786,member
732253,993CDC23EEA0E6A0,electric_bike,2021-08-11 16:53:35,2021-08-11 16:58:14,Clark St & Henry St,4789,Atlantic Ave & Furman St,4614,40.69760127,-73.99344559,40.69165183,-73.9999786,member
732254,CE8012352DF96114,classic_bike,2021-08-25 19:34:50,2021-08-25 19:43:01,Clark St & Henry St,4789,Atlantic Ave & Furman St,4614,40.69760127,-73.99344559,40.69165183,-73.9999786,member
732648,7248A87B92C9FE77,classic_bike,2021-08-09 18:03:43,2021-08-09 18:40:47,Clark St & Henry St,4789,Atlantic Ave & Furman St,4614,40.69760127,-73.99344559,40.69165183,-73.9999786,member
732653,6B0BBDB8661B1C07,electric_bike,2021-08-14 21:02:46,2021-08-14 21:35:42,Clark St & Henry St,4789,Atlantic Ave & Furman St,4614,40.69760127,-73.99344559,40.69165183,-73.9999786,casual
732655,2E2A5EB166B1A2FC,classic_bike,2021-08-06 17:37:59,2021-08-06 17:45:36,Clark St & Henry St,4789,Atlantic Ave & Furman St,4614,40.69760127,-73.99344559,40.69165183,-73.9999786,casual
732656,807742F9CC11E4E2,electric_bike,2021-08-08 18:09:41,2021-08-08 18:19:08,Clark St & Henry St,4789,Atlantic Ave & Furman St,4614,40.69760127,-73.99344559,40.69165183,-73.9999786,casual
732659,EE7074B7433576C8,electric_bike,2021-08-15 15:42:43,2021-08-15 15:50:45,Clark St & Henry St,4789,Atlantic Ave & Furman St,4614,40.69760127,-73.99344559,40.69165183,-73.9999786,casual
732661,EF674DE1FAEC7495,classic_bike,2021-08-15 04:52:23,2021-08-15 04:55:51,Clark St & Henry St,4789,Atlantic Ave & Furman St,4614,40.69760127,-73.99344559,40.69165183,-73.9999786,casual
732662,15F0E354A550A3F4,classic_bike,2021-08-25 19:12:39,2021-08-25 19:20:04,Clark St & Henry St,4789,Atlantic Ave & Furman St,4614,40.69760127,-73.99344559,40.69165183,-73.9999786,member
732663,8FB5C2F26212434F,classic_bike,2021-08-21 20:59:23,2021-08-21 21:03:27,Clark St & Henry St,4789,Atlantic Ave & Furman St,4614,40.69760127,-73.99344559,40.69165183,-73.9999786,member
732667,43EF1EAFAE25777A,classic_bike,2021-08-06 20:37:37,2021-08-06 20:43:35,Clark St & Henry St,4789,Atlantic Ave & Furman St,4614,40.69760127,-73.99344559,40.69165183,-73.9999786,member
732669,E346B389AC03DFBA,classic_bike,2021-08-16 19:58:45,2021-08-16 20:05:19,Clark St & Henry St,4789,Atlantic Ave & Furman St,4614,40.69760127,-73.99344559,40.69165183,-73.9999786,member
732679,E675A5280A2FCD3A,classic_bike,2021-08-09 21:48:58,2021-08-09 21:55:54,Clark St & Henry St,4789,Atlantic Ave & Furman St,4614,40.69760127,-73.99344559,40.69165183,-73.9999786,casual
732682,FA3D671737A9D5B8,classic_bike,2021-08-17 19:08:41,2021-08-17 19:31:48,Clark St & Henry St,4789,5 St & 6 Ave,3874,40.69760127,-73.99344559,40.6704836,-73.98208968,casual
732684,6AF0361C0F237E55,classic_bike,2021-08-25 12:03:23,2021-08-25 12:08:54,Clark St & Henry St,4789,Atlantic Ave & Furman St,4614,40.69760127,-73.99344559,40.69165183,-73.9999786,member
732689,925AAA6DA662EFD9,classic_bike,2021-08-18 05:30:26,2021-08-18 05:34:08,Clark St & Henry St,4789,Atlantic Ave & Furman St,4614,40.69760127,-73.99344559,40.69165183,-73.9999786,member
732707,F07331F3F6ADC44D,classic_bike,2021-08-02 20:45:23,2021-08-02 20:51:46,Clark St & Henry St,4789,Atlantic Ave & Furman St,4614,40.69760127,-73.99344559,40.69165183,-73.9999786,member
732708,67803FCEF6A7080C,classic_bike,2021-08-04 18:15:37,2021-08-04 18:26:10,Clark St & Henry St,4789,Atlantic Ave & Furman St,4614,40.69760127,-73.99344559,40.69165183,-73.9999786,member
733976,2308F0B8BFC3F5F9,classic_bike,2021-08-03 21:32:26,2021-08-03 21:36:48,Clark St & Henry St,4789,Atlantic Ave & Furman St,4614,40.69760127,-73.99344559,40.69165183,-73.9999786,member
733978,87D300C43C6B323A,electric_bike,2021-08-05 05:39:46,2021-08-05 05:46:54,Clark St & Henry St,4789,Atlantic Ave & Furman St,4614,40.69760127,-73.99344559,40.69165183,-73.9999786,casual
734804,884BE39E40DD870A,classic_bike,2021-08-05 14:20:32,2021-08-05 14:25:17,Clark St & Henry St,4789,Atlantic Ave & Furman St,4614,40.69760127,-73.99344559,40.69165183,-73.9999786,member
735551,7890F0586772A93B,classic_bike,2021-08-18 18:21:05,2021-08-18 18:30:12,Clark St & Henry St,4789,Atlantic Ave & Furman St,4614,40.69760127,-73.99344559,40.69165183,-73.9999786,member
735606,8DE9EE7E9F2BB603,classic_bike,2021-08-04 10:39:06,2021-08-04 10:47:52,Clark St & Henry St,4789,Atlantic Ave & Furman St,4614,40.69760127,-73.99344559,40.69165183,-73.9999786,member
735611,313D4B7BBEB43720,classic_bike,2021-08-14 21:04:50,2021-08-14 21:35:28,Clark St & Henry St,4789,Atlantic Ave & Furman St,4614,40.69760127,-73.99344559,40.69165183,-73.9999786,member
735614,963F2F35B6C498DC,classic_bike,2021-08-24 11:05:02,2021-08-24 11:35:01,Clark St & Henry St,4789,Atlantic Ave & Furman St,4614,40.69760127,-73.99344559,40.69165183,-73.9999786,member
745392,B303AA9349AE11B5,classic_bike,2021-08-09 14:12:56,2021-08-09 14:15:31,Clark St & Henry St,4789,Columbia Heights & Cranberry St,4829,40.69760127,-73.99344559,40.70037867,-73.99548059,casual
745393,21779C803756AA69,classic_bike,2021-08-15 23:54:10,2021-08-15 23:56:49,Clark St & Henry St,4789,Columbia Heights & Cranberry St,4829,40.69760127,-73.99344559,40.70037867,-73.99548059,member
745420,D102CAB40178D1AC,electric_bike,2021-08-26 21:41:00,2021-08-26 21:58:58,Clark St & Henry St,4789,Broadway & Berry St,5164,40.69760127,-73.99344559,40.71044554,-73.96525063,member
745421,9D1BEF13E7C85CCD,classic_bike,2021-08-23 12:37:55,2021-08-23 12:56:45,Clark St & Henry St,4789,Columbia Heights & Cranberry St,4829,40.69760127,-73.99344559,40.70037867,-73.99548059,member
745422,64F087627628714F,classic_bike,2021-08-28 15:39:26,2021-08-28 15:41:56,Clark St & Henry St,4789,Columbia Heights & Cranberry St,4829,40.69760127,-73.99344559,40.70037867,-73.99548059,member
745437,6B9172893F43236C,classic_bike,2021-08-07 21:36:53,2021-08-07 21:39:52,Clark St & Henry St,4789,Columbia Heights & Cranberry St,4829,40.69760127,-73.99344559,40.70037867,-73.99548059,member
745438,DF6CBE802DD286FE,classic_bike,2021-08-02 08:32:54,2021-08-02 08:34:53,Clark St & Henry St,4789,Columbia Heights & Cranberry St,4829,40.69760127,-73.99344559,40.70037867,-73.99548059,member
745439,AF5AD02697E96E30,classic_bike,2021-08-20 08:21:45,2021-08-20 08:23:38,Clark St & Henry St,4789,Columbia Heights & Cranberry St,4829,40.69760127,-73.99344559,40.70037867,-73.99548059,member
745442,32BAFFF0961A9BE9,classic_bike,2021-08-24 06:37:11,2021-08-24 06:39:00,Clark St & Henry St,4789,Columbia Heights & Cranberry St,4829,40.69760127,-73.99344559,40.70037867,-73.99548059,member
745458,C527486E4A5595A2,classic_bike,2021-08-26 12:53:36,2021-08-26 12:56:15,Clark St & Henry St,4789,Columbia Heights & Cranberry St,4829,40.69760127,-73.99344559,40.70037867,-73.99548059,member
745462,3A1A87E73CF46B33,classic_bike,2021-08-05 22:37:39,2021-08-05 22:40:51,Clark St & Henry St,4789,Columbia Heights & Cranberry St,4829,40.69760127,-73.99344559,40.70037867,-73.99548059,member
745467,0AA7CB20BF49719B,classic_bike,2021-08-01 19:46:13,2021-08-01 19:52:11,Clark St & Henry St,4789,Columbia Heights & Cranberry St,4829,40.69760127,-73.99344559,40.70037867,-73.99548059,casual
745471,D6F45FFEF3984D23,classic_bike,2021-08-09 17:08:01,2021-08-09 17:20:28,Clark St & Henry St,4789,Columbia Heights & Cranberry St,4829,40.69760127,-73.99344559,40.70037867,-73.99548059,casual
745474,7D7EA76F04F34FEC,classic_bike,2021-08-22 04:47:43,2021-08-22 04:52:57,Clark St & Henry St,4789,Columbia Heights & Cranberry St,4829,40.69760127,-73.99344559,40.70037867,-73.99548059,member
745481,0A0DC0F632E0704A,classic_bike,2021-08-04 06:43:01,2021-08-04 07:01:02,Clark St & Henry St,4789,Allen St & Rivington St,5414,40.69760127,-73.99344559,40.72019576,-73.98997825,casual
745483,B514C57AB8C3D3DA,electric_bike,2021-08-12 16:39:58,2021-08-12 16:54:51,Clark St & Henry St,4789,Columbia Heights & Cranberry St,4829,40.69760127,-73.99344559,40.70037867,-73.99548059,member
745487,822DAE2A7542E2EB,classic_bike,2021-08-30 18:18:54,2021-08-30 18:34:58,Clark St & Henry St,4789,Columbia Heights & Cranberry St,4829,40.69760127,-73.99344559,40.70037867,-73.99548059,casual
745491,D7461BBF6B029888,electric_bike,2021-08-12 10:21:02,2021-08-12 11:18:37,Clark St & Henry St,4789,Columbia Heights & Cranberry St,4829,40.69760127,-73.99344559,40.70037867,-73.99548059,casual
745492,5EE10FCAD459844C,classic_bike,2021-08-24 07:27:56,2021-08-24 07:30:57,Clark St & Henry St,4789,Columbia Heights & Cranberry St,4829,40.69760127,-73.99344559,40.70037867,-73.99548059,casual
745509,17C05DC36AF3F06B,classic_bike,2021-08-31 09:56:19,2021-08-31 10:03:09,Clark St & Henry St,4789,Columbia Heights & Cranberry St,4829,40.69760127,-73.99344559,40.70037867,-73.99548059,member
745511,26A9095124C1CE27,classic_bike,2021-08-15 10:38:31,2021-08-15 10:40:41,Clark St & Henry St,4789,Columbia Heights & Cranberry St,4829,40.69760127,-73.99344559,40.70037867,-73.99548059,member
745512,BD32268468CD42B8,classic_bike,2021-08-29 15:56:14,2021-08-29 15:59:29,Clark St & Henry St,4789,Columbia Heights & Cranberry St,4829,40.69760127,-73.99344559,40.70037867,-73.99548059,casual
745517,2DD30C0023D8F079,classic_bike,2021-08-26 17:42:37,2021-08-26 17:52:55,Clark St & Henry St,4789,Columbia Heights & Cranberry St,4829,40.69760127,-73.99344559,40.70037867,-73.99548059,casual
745523,1FAF1CD00DC63C9E,classic_bike,2021-08-24 09:39:29,2021-08-24 09:43:37,Clark St & Henry St,4789,Columbia Heights & Cranberry St,4829,40.69760127,-73.99344559,40.70037867,-73.99548059,member
745524,769487D5316D1BF0,classic_bike,2021-08-14 08:22:18,2021-08-14 08:24:13,Clark St & Henry St,4789,Columbia Heights & Cranberry St,4829,40.69760127,-73.99344559,40.70037867,-73.99548059,member
745526,72D607E1E21CEA0E,classic_bike,2021-08-29 06:35:52,2021-08-29 06:37:54,Clark St & Henry St,4789,Columbia Heights & Cranberry St,4829,40.69760127,-73.99344559,40.70037867,-73.99548059,member
745527,C1E3313DFF957C18,classic_bike,2021-08-29 11:04:32,2021-08-29 11:07:43,Clark St & Henry St,4789,Columbia Heights & Cranberry St,4829,40.69760127,-73.99344559,40.70037867,-73.99548059,member
745555,DEBC9BF34255060E,classic_bike,2021-08-31 22:57:49,2021-08-31 23:00:30,Clark St & Henry St,4789,Columbia Heights & Cranberry St,4829,40.69760127,-73.99344559,40.70037867,-73.99548059,member
745561,45D0B7763AAC5DB3,classic_bike,2021-08-10 21:47:07,2021-08-10 21:49:30,Clark St & Henry St,4789,Columbia Heights & Cranberry St,4829,40.69760127,-73.99344559,40.70037867,-73.99548059,member
745569,BADE113C3E99AE03,classic_bike,2021-08-02 16:26:10,2021-08-02 16:29:13,Clark St & Henry St,4789,Columbia Heights & Cranberry St,4829,40.69760127,-73.99344559,40.70037867,-73.99548059,casual
745571,5EEFAB93E5672794,classic_bike,2021-08-28 20:45:01,2021-08-28 20:53:46,Clark St & Henry St,4789,Columbia Heights & Cranberry St,4829,40.69760127,-73.99344559,40.70037867,-73.99548059,casual
745574,82870C29DBD79F06,classic_bike,2021-08-02 13:36:54,2021-08-02 13:44:14,Clark St & Henry St,4789,Columbia Heights & Cranberry St,4829,40.69760127,-73.99344559,40.70037867,-73.99548059,casual
746892,94B1D6556BEE8D5A,classic_bike,2021-08-27 10:10:54,2021-08-27 10:28:22,Clark St & Henry St,4789,Broadway & Berry St,5164,40.69760127,-73.99344559,40.71044554,-73.96525063,member
746893,E645C2A5A759029E,classic_bike,2021-08-01 19:47:11,2021-08-01 19:51:19,Clark St & Henry St,4789,Columbia Heights & Cranberry St,4829,40.69760127,-73.99344559,40.70037867,-73.99548059,member
746894,A8403AAA8AF9BD39,classic_bike,2021-08-07 09:29:22,2021-08-07 10:04:02,Clark St & Henry St,4789,Columbia Heights & Cranberry St,4829,40.69760127,-73.99344559,40.70037867,-73.99548059,member
746895,9CEF627506C382C8,classic_bike,2021-08-20 10:42:03,2021-08-20 10:52:42,Clark St & Henry St,4789,Columbia Heights & Cranberry St,4829,40.69760127,-73.99344559,40.70037867,-73.99548059,member
746996,13954BD2489BADA1,classic_bike,2021-08-10 19:17:28,2021-08-10 19:19:17,Clark St & Henry St,4789,Columbia Heights & Cranberry St,4829,40.69760127,-73.99344559,40.70037867,-73.99548059,member
747043,A78F165481585BB3,electric_bike,2021-08-28 15:13:41,2021-08-28 15:17:17,Clark St & Henry St,4789,Columbia Heights & Cranberry St,4829,40.69760127,-73.99344559,40.70037867,-73.99548059,member
747063,CFD724DD07F68DE5,classic_bike,2021-08-06 10:48:09,2021-08-06 10:51:10,Clark St & Henry St,4789,Columbia Heights & Cranberry St,4829,40.69760127,-73.99344559,40.70037867,-73.99548059,member
747139,9A0DDD0B7D40EF17,classic_bike,2021-08-09 18:31:41,2021-08-09 18:35:42,Clark St & Henry St,4789,Columbia Heights & Cranberry St,4829,40.69760127,-73.99344559,40.70037867,-73.99548059,casual
747144,17DE246EC0B62CA4,classic_bike,2021-08-06 08:34:02,2021-08-06 09:01:40,Clark St & Henry St,4789,Broadway & Berry St,5164,40.69760127,-73.99344559,40.71044554,-73.96525063,member
747146,BB3D3E41FA0B9994,classic_bike,2021-08-03 09:27:41,2021-08-03 09:30:22,Clark St & Henry St,4789,Columbia Heights & Cranberry St,4829,40.69760127,-73.99344559,40.70037867,-73.99548059,casual
747174,AD5F243CF5599388,electric_bike,2021-08-01 20:04:59,2021-08-01 20:25:06,Clark St & Henry St,4789,Allen St & Rivington St,5414,40.69760127,-73.99344559,40.72019576,-73.98997825,member
747386,50530B8D9F0BD6BE,classic_bike,2021-08-29 09:41:10,2021-08-29 09:43:26,Clark St & Henry St,4789,Columbia Heights & Cranberry St,4829,40.69760127,-73.99344559,40.70037867,-73.99548059,member
747391,C8FDC19E5A300F37,classic_bike,2021-08-11 00:30:55,2021-08-11 00:56:43,Clark St & Henry St,4789,Columbia Heights & Cranberry St,4829,40.69760127,-73.99344559,40.70037867,-73.99548059,casual
747392,2BC97F390414ACC9,classic_bike,2021-08-26 17:44:52,2021-08-26 17:52:12,Clark St & Henry St,4789,Columbia Heights & Cranberry St,4829,40.69760127,-73.99344559,40.70037867,-73.99548059,casual
747398,746DA98C8EB817D8,electric_bike,2021-08-02 16:39:00,2021-08-02 18:20:10,Clark St & Henry St,4789,Columbia Heights & Cranberry St,4829,40.69760127,-73.99344559,40.70037867,-73.99548059,casual
747410,F4FD1986B6758225,classic_bike,2021-08-09 15:36:21,2021-08-09 15:39:09,Clark St & Henry St,4789,Columbia Heights & Cranberry St,4829,40.69760127,-73.99344559,40.70037867,-73.99548059,member
747440,7B511F3A7753AAE3,classic_bike,2021-08-11 16:12:56,2021-08-11 16:15:08,Clark St & Henry St,4789,Columbia Heights & Cranberry St,4829,40.69760127,-73.99344559,40.70037867,-73.99548059,casual
747672,87852BE3C4F77978,classic_bike,2021-08-15 08:40:12,2021-08-15 08:41:57,Clark St & Henry St,4789,Columbia Heights & Cranberry St,4829,40.69760127,-73.99344559,40.70037867,-73.99548059,member
747674,C1F47BC3A5405C05,classic_bike,2021-08-09 12:35:25,2021-08-09 12:38:01,Clark St & Henry St,4789,Columbia Heights & Cranberry St,4829,40.69760127,-73.99344559,40.70037867,-73.99548059,member
747675,90D076A95540FC10,electric_bike,2021-08-06 16:09:49,2021-08-06 16:38:59,Clark St & Henry St,4789,Bayard St & Leonard St,5442,40.69760127,-73.99344559,40.71915571696044,-73.94885390996933,member
747677,03F27E87E81A1EBF,electric_bike,2021-08-12 13:07:44,2021-08-12 13:13:19,Clark St & Henry St,4789,Columbia Heights & Cranberry St,4829,40.69760127,-73.99344559,40.70037867,-73.99548059,member
747682,DCDB43019E1AE1CA,electric_bike,2021-08-09 20:02:02,2021-08-09 20:18:36,Clark St & Henry St,4789,Broadway & Berry St,5164,40.69760127,-73.99344559,40.71044554,-73.96525063,casual
747683,193E9DCB1E3C4ECE,electric_bike,2021-08-24 20:11:50,2021-08-24 20:28:27,Clark St & Henry St,4789,Columbia Heights & Cranberry St,4829,40.69760127,-73.99344559,40.70037867,-73.99548059,casual
747704,0D66D13979550DB7,electric_bike,2021-08-17 17:47:57,2021-08-17 18:34:09,Clark St & Henry St,4789,Columbia Heights & Cranberry St,4829,40.69760127,-73.99344559,40.70037867,-73.99548059,member
749760,4E414D84D9A6BD50,classic_bike,2021-08-19 13:16:51,2021-08-19 13:19:29,Clark St & Henry St,4789,Columbia Heights & Cranberry St,4829,40.69760127,-73.99344559,40.70037867,-73.99548059,member
749761,A08251016D983066,electric_bike,2021-08-14 11:11:40,2021-08-14 11:14:12,Clark St & Henry St,4789,Columbia Heights & Cranberry St,4829,40.69760127,-73.99344559,40.70037867,-73.99548059,member
749762,EB3DE989B7017422,classic_bike,2021-08-09 17:10:54,2021-08-09 17:14:13,Clark St & Henry St,4789,Columbia Heights & Cranberry St,4829,40.69760127,-73.99344559,40.70037867,-73.99548059,member
753396,B2490D8FA1A69470,electric_bike,2021-08-08 13:17:02,2021-08-08 13:30:37,Clark St & Henry St,4789,Fulton St & William St,5137,40.69760127,-73.99344559,40.70960089363537,-74.00655090808868,member
753607,0FB5829D6D5DB6EC,electric_bike,2021-08-16 13:23:52,2021-08-16 14:00:39,Clark St & Henry St,4789,Columbia Heights & Cranberry St,4829,40.69760127,-73.99344559,40.70037867,-73.99548059,casual
753609,3AF220C4628728FA,electric_bike,2021-08-30 19:30:10,2021-08-30 19:48:58,Clark St & Henry St,4789,Broadway & Berry St,5164,40.69760127,-73.99344559,40.71044554,-73.96525063,casual
753625,FAF07DDC90FAEEB7,classic_bike,2021-08-08 18:09:22,2021-08-08 19:16:18,Clark St & Henry St,4789,Columbia Heights & Cranberry St,4829,40.69760127,-73.99344559,40.70037867,-73.99548059,casual
753628,FD31761C480E6CE5,classic_bike,2021-08-02 20:17:35,2021-08-02 20:20:51,Clark St & Henry St,4789,Columbia Heights & Cranberry St,4829,40.69760127,-73.99344559,40.70037867,-73.99548059,member
753636,86BE9D8CD37C9F7D,electric_bike,2021-08-16 14:06:29,2021-08-16 14:09:12,Clark St & Henry St,4789,Columbia Heights & Cranberry St,4829,40.69760127,-73.99344559,40.70037867,-73.99548059,member
753640,1A4613D094D7832E,classic_bike,2021-08-03 13:50:45,2021-08-03 13:53:14,Clark St & Henry St,4789,Columbia Heights & Cranberry St,4829,40.69760127,-73.99344559,40.70037867,-73.99548059,member
753641,32BD81A027F059F4,classic_bike,2021-08-23 16:37:10,2021-08-23 16:40:19,Clark St & Henry St,4789,Columbia Heights & Cranberry St,4829,40.69760127,-73.99344559,40.70037867,-73.99548059,member
753642,4D9803FFFA65F92F,classic_bike,2021-08-18 19:21:29,2021-08-18 19:24:02,Clark St & Henry St,4789,Columbia Heights & Cranberry St,4829,40.69760127,-73.99344559,40.70037867,-73.99548059,member
753643,F6BB1BEF4F10AE59,classic_bike,2021-08-18 08:09:03,2021-08-18 08:12:29,Clark St & Henry St,4789,Columbia Heights & Cranberry St,4829,40.69760127,-73.99344559,40.70037867,-73.99548059,member
753648,3EA82E91AB1E3AA5,classic_bike,2021-08-31 06:09:47,2021-08-31 06:11:41,Clark St & Henry St,4789,Columbia Heights & Cranberry St,4829,40.69760127,-73.99344559,40.70037867,-73.99548059,member
753649,5093F4CD3075EBDA,classic_bike,2021-08-27 08:33:35,2021-08-27 08:35:13,Clark St & Henry St,4789,Columbia Heights & Cranberry St,4829,40.69760127,-73.99344559,40.70037867,-73.99548059,member
753651,DE4238939E40FC9D,classic_bike,2021-08-25 21:05:35,2021-08-25 21:08:44,Clark St & Henry St,4789,Columbia Heights & Cranberry St,4829,40.69760127,-73.99344559,40.70037867,-73.99548059,member
753653,E38662BD8F1E8AF3,classic_bike,2021-08-28 06:40:13,2021-08-28 06:41:46,Clark St & Henry St,4789,Columbia Heights & Cranberry St,4829,40.69760127,-73.99344559,40.70037867,-73.99548059,member
754393,E375AA80827678BD,electric_bike,2021-08-05 19:08:46,2021-08-05 19:10:42,Clark St & Henry St,4789,Columbia Heights & Cranberry St,4829,40.69760127,-73.99344559,40.70037867,-73.99548059,member
754396,C8E7B44110F15A1B,classic_bike,2021-08-15 15:56:05,2021-08-15 15:58:55,Clark St & Henry St,4789,Columbia Heights & Cranberry St,4829,40.69760127,-73.99344559,40.70037867,-73.99548059,member
754400,1E34E6C12B32A8B2,classic_bike,2021-08-07 19:22:58,2021-08-07 19:25:07,Clark St & Henry St,4789,Columbia Heights & Cranberry St,4829,40.69760127,-73.99344559,40.70037867,-73.99548059,member
754404,6B9F54B7DF7EC475,electric_bike,2021-08-02 13:35:56,2021-08-02 13:44:14,Clark St & Henry St,4789,Columbia Heights & Cranberry St,4829,40.69760127,-73.99344559,40.70037867,-73.99548059,casual
754409,933D6038EC599538,classic_bike,2021-08-19 19:46:09,2021-08-19 19:48:55,Clark St & Henry St,4789,Columbia Heights & Cranberry St,4829,40.69760127,-73.99344559,40.70037867,-73.99548059,member
754529,64D6292D5E5F7EB2,classic_bike,2021-08-11 06:42:27,2021-08-11 06:58:35,Clark St & Henry St,4789,Allen St & Rivington St,5414,40.69760127,-73.99344559,40.72019576,-73.98997825,casual
754534,BB9018F29F8E1743,classic_bike,2021-08-12 10:10:03,2021-08-12 11:18:42,Clark St & Henry St,4789,Columbia Heights & Cranberry St,4829,40.69760127,-73.99344559,40.70037867,-73.99548059,casual
754717,5DD53FE0AEF38175,classic_bike,2021-08-17 06:52:33,2021-08-17 06:54:16,Clark St & Henry St,4789,Columbia Heights & Cranberry St,4829,40.69760127,-73.99344559,40.70037867,-73.99548059,member
754723,FFE06D05E863FE7C,classic_bike,2021-08-21 13:34:56,2021-08-21 13:37:14,Clark St & Henry St,4789,Columbia Heights & Cranberry St,4829,40.69760127,-73.99344559,40.70037867,-73.99548059,casual
755050,BE6DA59D31BB7013,classic_bike,2021-08-12 20:04:34,2021-08-12 20:06:36,Clark St & Henry St,4789,Columbia Heights & Cranberry St,4829,40.69760127,-73.99344559,40.70037867,-73.99548059,member
755056,DCE2D0D7665D68B6,classic_bike,2021-08-13 15:14:20,2021-08-13 15:16:05,Clark St & Henry St,4789,Columbia Heights & Cranberry St,4829,40.69760127,-73.99344559,40.70037867,-73.99548059,member
755382,3D5B35A7968CC397,electric_bike,2021-08-29 12:36:32,2021-08-29 12:54:11,Clark St & Henry St,4789,Columbia Heights & Cranberry St,4829,40.69760127,-73.99344559,40.70037867,-73.99548059,member
755383,F6F37B04E5ADFCFC,classic_bike,2021-08-11 19:06:15,2021-08-11 19:08:19,Clark St & Henry St,4789,Columbia Heights & Cranberry St,4829,40.69760127,-73.99344559,40.70037867,-73.99548059,member
755384,58718245D5BA26C6,classic_bike,2021-08-16 06:40:29,2021-08-16 06:42:16,Clark St & Henry St,4789,Columbia Heights & Cranberry St,4829,40.69760127,-73.99344559,40.70037867,-73.99548059,member
755389,0CB55F8A544FC1FA,classic_bike,2021-08-13 19:18:42,2021-08-13 19:23:55,Clark St & Henry St,4789,Columbia Heights & Cranberry St,4829,40.69760127,-73.99344559,40.70037867,-73.99548059,member
758122,B83850E20086ABC1,classic_bike,2021-08-23 22:23:13,2021-08-23 22:45:26,Clark St & Henry St,4789,Columbia Heights & Cranberry St,4829,40.69760127,-73.99344559,40.70037867,-73.99548059,member
758517,6AA91108EE8EA48F,electric_bike,2021-08-19 23:51:22,2021-08-20 00:25:47,Clark St & Henry St,4789,Columbia Heights & Cranberry St,4829,40.69760127,-73.99344559,40.70037867,-73.99548059,member
759140,DB15F57AC007CEC4,classic_bike,2021-08-23 15:38:15,2021-08-23 15:39:56,Clark St & Henry St,4789,Columbia Heights & Cranberry St,4829,40.69760127,-73.99344559,40.70037867,-73.99548059,member
759144,A5CFF9221F8F8319,classic_bike,2021-08-07 09:35:27,2021-08-07 09:37:18,Clark St & Henry St,4789,Columbia Heights & Cranberry St,4829,40.69760127,-73.99344559,40.70037867,-73.99548059,member
759180,956E6484BA2F4E58,electric_bike,2021-08-25 20:04:02,2021-08-25 20:07:53,Clark St & Henry St,4789,Columbia Heights & Cranberry St,4829,40.69760127,-73.99344559,40.70037867,-73.99548059,member
759181,A33E529FE51F3506,classic_bike,2021-08-13 21:49:01,2021-08-13 21:51:38,Clark St & Henry St,4789,Columbia Heights & Cranberry St,4829,40.69760127,-73.99344559,40.70037867,-73.99548059,member
759182,8F37457518EADB48,classic_bike,2021-08-12 16:39:22,2021-08-12 16:42:36,Clark St & Henry St,4789,Columbia Heights & Cranberry St,4829,40.69760127,-73.99344559,40.70037867,-73.99548059,member
759187,C4F97642F45262DE,classic_bike,2021-08-25 10:26:17,2021-08-25 10:29:19,Clark St & Henry St,4789,Columbia Heights & Cranberry St,4829,40.69760127,-73.99344559,40.70037867,-73.99548059,member
759194,9E4EE87D968F687A,classic_bike,2021-08-29 11:06:03,2021-08-29 11:08:28,Clark St & Henry St,4789,Columbia Heights & Cranberry St,4829,40.69760127,-73.99344559,40.70037867,-73.99548059,member
760467,FFDEF938A6ABA74D,classic_bike,2021-08-22 06:41:16,2021-08-22 06:43:17,Clark St & Henry St,4789,Columbia Heights & Cranberry St,4829,40.69760127,-73.99344559,40.70037867,-73.99548059,member
760665,0311D666547543A5,classic_bike,2021-08-05 22:34:37,2021-08-05 22:36:52,Clark St & Henry St,4789,Columbia Heights & Cranberry St,4829,40.69760127,-73.99344559,40.70037867,-73.99548059,member
760779,5E7E7C7B36B6877B,classic_bike,2021-08-01 20:17:22,2021-08-01 20:46:38,Clark St & Henry St,4789,Columbia Heights & Cranberry St,4829,40.69760127,-73.99344559,40.70037867,-73.99548059,member
761166,9FAFA60D70B07572,classic_bike,2021-08-09 20:25:24,2021-08-09 20:28:11,Clark St & Henry St,4789,Columbia Heights & Cranberry St,4829,40.69760127,-73.99344559,40.70037867,-73.99548059,member
761167,4F66ECF01DFDBA13,classic_bike,2021-08-20 19:51:43,2021-08-20 20:02:40,Clark St & Henry St,4789,Columbia Heights & Cranberry St,4829,40.69760127,-73.99344559,40.70037867,-73.99548059,member
761168,747E859DCEE7B8FC,classic_bike,2021-08-14 11:06:27,2021-08-14 11:09:05,Clark St & Henry St,4789,Columbia Heights & Cranberry St,4829,40.69760127,-73.99344559,40.70037867,-73.99548059,member
761170,26F58D2A0B011AA6,classic_bike,2021-08-28 11:16:48,2021-08-28 11:18:45,Clark St & Henry St,4789,Columbia Heights & Cranberry St,4829,40.69760127,-73.99344559,40.70037867,-73.99548059,member
761171,9DC4E147C3244D63,classic_bike,2021-08-04 18:04:32,2021-08-04 18:07:20,Clark St & Henry St,4789,Columbia Heights & Cranberry St,4829,40.69760127,-73.99344559,40.70037867,-73.99548059,member
762265,80A3122BF43F1BDC,classic_bike,2021-08-01 06:42:59,2021-08-01 06:44:48,Clark St & Henry St,4789,Columbia Heights & Cranberry St,4829,40.69760127,-73.99344559,40.70037867,-73.99548059,member
762266,4581EA192DB80408,classic_bike,2021-08-03 06:30:39,2021-08-03 06:32:36,Clark St & Henry St,4789,Columbia Heights & Cranberry St,4829,40.69760127,-73.99344559,40.70037867,-73.99548059,member
762267,5469FF87A19C677B,classic_bike,2021-08-30 06:44:30,2021-08-30 06:46:27,Clark St & Henry St,4789,Columbia Heights & Cranberry St,4829,40.69760127,-73.99344559,40.70037867,-73.99548059,member
762273,7C0431FCD56019D3,classic_bike,2021-08-06 17:49:46,2021-08-06 18:24:48,Clark St & Henry St,4789,Franklin St & Dupont St,5944,40.69760127,-73.99344559,40.73564,-73.95866,casual
762871,9CB3C22999D122EE,classic_bike,2021-08-02 08:18:52,2021-08-02 08:31:05,Clark St & Henry St,4789,Clinton Ave & Flushing Ave,4762,40.69760127,-73.99344559,40.69794,-73.96986848,member
766252,820C9FBD88627642,electric_bike,2021-08-03 14:47:25,2021-08-03 14:58:22,Clark St & Henry St,4789,Clinton Ave & Flushing Ave,4762,40.69760127,-73.99344559,40.69794,-73.96986848,casual
773212,8717602ED58CB340,classic_bike,2021-08-03 06:57:17,2021-08-03 07:08:02,Clark St & Henry St,4789,Clinton Ave & Flushing Ave,4762,40.69760127,-73.99344559,40.69794,-73.96986848,member
778595,B4D2E37A492A9B36,classic_bike,2021-08-02 15:33:41,2021-08-02 15:47:03,Clark St & Henry St,4789,Clinton Ave & Flushing Ave,4762,40.69760127,-73.99344559,40.69794,-73.96986848,member
779630,9BCE637986574B6C,electric_bike,2021-08-18 09:30:15,2021-08-18 09:55:13,Clark St & Henry St,4789,W 37 St & 10 Ave,6611,40.69760127,-73.99344559,40.75660359,-73.9979009,member
786076,21DCA5D52826AC22,electric_bike,2021-08-17 18:55:38,2021-08-17 19:21:06,Clark St & Henry St,4789,W 33 St & 7 Ave,6407,40.69760127,-73.99344559,40.75019995,-73.99093085,casual
791183,6CE9B9888CB970A4,electric_bike,2021-08-02 15:05:32,2021-08-02 15:31:01,Clark St & Henry St,4789,Eldert St & Bushwick Ave,4399,40.69760127,-73.99344559,40.68652,-73.91321,member
797209,AC7B8E3E5E74EB60,electric_bike,2021-08-04 23:14:25,2021-08-04 23:29:54,Clark St & Henry St,4789,24 St & 5 Ave,3555,40.69760127,-73.99344559,40.659555,-73.995068,member
809085,EA72F707BB99D162,classic_bike,2021-08-06 05:40:23,2021-08-06 06:24:04,Clark St & Henry St,4789,W 51 St & Rockefeller Plaza,6700,40.69760127,-73.99344559,40.75969995906254,-73.97808194160461,casual
812726,343E1445AB7FB665,electric_bike,2021-08-16 05:37:24,2021-08-16 06:07:35,Clark St & Henry St,4789,W 51 St & Rockefeller Plaza,6700,40.69760127,-73.99344559,40.75969995906254,-73.97808194160461,member
812728,7FFB30223EE963FD,classic_bike,2021-08-07 20:19:55,2021-08-07 20:31:36,Clark St & Henry St,4789,Adelphi St & Myrtle Ave,4620,40.69760127,-73.99344559,40.69308257,-73.97178913,member
815703,CAE3E704A067C0C1,electric_bike,2021-08-19 06:10:28,2021-08-19 06:40:49,Clark St & Henry St,4789,W 51 St & Rockefeller Plaza,6700,40.69760127,-73.99344559,40.75969995906254,-73.97808194160461,member
818542,368393B05DD42972,classic_bike,2021-08-07 20:20:19,2021-08-07 20:31:34,Clark St & Henry St,4789,Adelphi St & Myrtle Ave,4620,40.69760127,-73.99344559,40.69308257,-73.97178913,member
823087,FAFDCBE5C2701AA0,classic_bike,2021-08-12 18:50:01,2021-08-12 19:00:24,Clark St & Henry St,4789,Adelphi St & Myrtle Ave,4620,40.69760127,-73.99344559,40.69308257,-73.97178913,member
832759,F03EE10623A0C52B,electric_bike,2021-08-25 08:26:37,2021-08-25 08:32:35,Clark St & Henry St,4789,Duffield St & Willoughby St,4596,40.69760127,-73.99344559,40.69221589,-73.9842844,member
832804,C6ADBAE0E3F03CF1,classic_bike,2021-08-19 18:15:58,2021-08-19 18:23:40,Clark St & Henry St,4789,Duffield St & Willoughby St,4596,40.69760127,-73.99344559,40.69221589,-73.9842844,member
832816,BE0F92F6602BCBCE,classic_bike,2021-08-31 18:10:26,2021-08-31 18:18:20,Clark St & Henry St,4789,Duffield St & Willoughby St,4596,40.69760127,-73.99344559,40.69221589,-73.9842844,member
832825,125581AFF6461D75,electric_bike,2021-08-30 11:57:19,2021-08-30 12:05:31,Clark St & Henry St,4789,Duffield St & Willoughby St,4596,40.69760127,-73.99344559,40.69221589,-73.9842844,member
832849,6ABC830A6414F7D7,electric_bike,2021-08-07 11:20:48,2021-08-07 11:26:11,Clark St & Henry St,4789,Duffield St & Willoughby St,4596,40.69760127,-73.99344559,40.69221589,-73.9842844,member
832852,FC272532851484A8,classic_bike,2021-08-26 08:10:35,2021-08-26 08:17:20,Clark St & Henry St,4789,Duffield St & Willoughby St,4596,40.69760127,-73.99344559,40.69221589,-73.9842844,member
832866,3C01648728A2774B,classic_bike,2021-08-18 17:55:29,2021-08-18 18:00:48,Clark St & Henry St,4789,Duffield St & Willoughby St,4596,40.69760127,-73.99344559,40.69221589,-73.9842844,member
832868,0941F5B2B07706DE,classic_bike,2021-08-20 13:23:48,2021-08-20 13:30:09,Clark St & Henry St,4789,Duffield St & Willoughby St,4596,40.69760127,-73.99344559,40.69221589,-73.9842844,member
832874,AA177FA261320938,electric_bike,2021-08-03 08:11:21,2021-08-03 08:17:21,Clark St & Henry St,4789,Duffield St & Willoughby St,4596,40.69760127,-73.99344559,40.69221589,-73.9842844,member
832875,27BAC5121043057D,classic_bike,2021-08-16 08:14:54,2021-08-16 08:21:30,Clark St & Henry St,4789,Duffield St & Willoughby St,4596,40.69760127,-73.99344559,40.69221589,-73.9842844,member
832876,2DF9060E3DAE531E,classic_bike,2021-08-20 15:10:07,2021-08-20 15:14:41,Clark St & Henry St,4789,Duffield St & Willoughby St,4596,40.69760127,-73.99344559,40.69221589,-73.9842844,member
832892,AA473516D8ABF97F,electric_bike,2021-08-19 12:02:02,2021-08-19 12:06:55,Clark St & Henry St,4789,Duffield St & Willoughby St,4596,40.69760127,-73.99344559,40.69221589,-73.9842844,member
832921,DB07F90621D62751,classic_bike,2021-08-31 16:56:38,2021-08-31 17:14:15,Clark St & Henry St,4789,Duffield St & Willoughby St,4596,40.69760127,-73.99344559,40.69221589,-73.9842844,member
832922,CEA22A512A656D92,classic_bike,2021-08-30 13:27:46,2021-08-30 13:58:54,Clark St & Henry St,4789,W 31 St & 7 Ave,6331,40.69760127,-73.99344559,40.749156,-73.9916,member
832966,4D375729D3906937,classic_bike,2021-08-14 20:45:10,2021-08-14 20:57:32,Clark St & Henry St,4789,Duffield St & Willoughby St,4596,40.69760127,-73.99344559,40.69221589,-73.9842844,casual
836079,586C8CD0234843F5,classic_bike,2021-08-18 07:37:40,2021-08-18 07:44:33,Clark St & Henry St,4789,Duffield St & Willoughby St,4596,40.69760127,-73.99344559,40.69221589,-73.9842844,member
836080,EB38A41F8A7ADB0F,classic_bike,2021-08-02 08:02:45,2021-08-02 08:09:17,Clark St & Henry St,4789,Duffield St & Willoughby St,4596,40.69760127,-73.99344559,40.69221589,-73.9842844,member
837885,88DE11F53693FC87,classic_bike,2021-08-29 22:29:06,2021-08-29 22:34:49,Clark St & Henry St,4789,Duffield St & Willoughby St,4596,40.69760127,-73.99344559,40.69221589,-73.9842844,casual
839983,59791B6371A9332E,classic_bike,2021-08-12 08:02:26,2021-08-12 08:08:19,Clark St & Henry St,4789,Duffield St & Willoughby St,4596,40.69760127,-73.99344559,40.69221589,-73.9842844,member
840070,7E52DCC2FFBE5686,classic_bike,2021-08-30 13:38:44,2021-08-30 13:43:53,Clark St & Henry St,4789,Duffield St & Willoughby St,4596,40.69760127,-73.99344559,40.69221589,-73.9842844,member
840411,0EEC98B0715D4BA9,classic_bike,2021-08-23 14:37:24,2021-08-23 14:43:56,Clark St & Henry St,4789,Duffield St & Willoughby St,4596,40.69760127,-73.99344559,40.69221589,-73.9842844,member
840413,BC21D29F764CAD94,classic_bike,2021-08-08 17:18:11,2021-08-08 17:22:53,Clark St & Henry St,4789,Duffield St & Willoughby St,4596,40.69760127,-73.99344559,40.69221589,-73.9842844,member
840414,A8FC30910ED24C14,classic_bike,2021-08-01 15:36:37,2021-08-01 15:43:01,Clark St & Henry St,4789,Duffield St & Willoughby St,4596,40.69760127,-73.99344559,40.69221589,-73.9842844,member
840415,280F7F1E3A7446C1,classic_bike,2021-08-23 13:59:04,2021-08-23 14:05:19,Clark St & Henry St,4789,Duffield St & Willoughby St,4596,40.69760127,-73.99344559,40.69221589,-73.9842844,member
842068,FCF407A287738D69,classic_bike,2021-08-21 18:49:26,2021-08-21 18:55:42,Clark St & Henry St,4789,Duffield St & Willoughby St,4596,40.69760127,-73.99344559,40.69221589,-73.9842844,member
842070,7FC64160F7FDBEBC,classic_bike,2021-08-07 17:52:24,2021-08-07 17:57:57,Clark St & Henry St,4789,Duffield St & Willoughby St,4596,40.69760127,-73.99344559,40.69221589,-73.9842844,member
842071,DA51AE63761A12F0,classic_bike,2021-08-07 18:28:09,2021-08-07 18:34:38,Clark St & Henry St,4789,Duffield St & Willoughby St,4596,40.69760127,-73.99344559,40.69221589,-73.9842844,member
842097,55E938C5675FF6EA,classic_bike,2021-08-12 20:54:51,2021-08-12 21:00:49,Clark St & Henry St,4789,Duffield St & Willoughby St,4596,40.69760127,-73.99344559,40.69221589,-73.9842844,casual
843595,7EB3AC6AA9BD8B47,electric_bike,2021-08-23 21:39:25,2021-08-23 21:43:53,Clark St & Henry St,4789,Duffield St & Willoughby St,4596,40.69760127,-73.99344559,40.69221589,-73.9842844,member
843618,1883F19C3F4807DA,classic_bike,2021-08-30 08:10:07,2021-08-30 08:15:47,Clark St & Henry St,4789,Duffield St & Willoughby St,4596,40.69760127,-73.99344559,40.69221589,-73.9842844,member
845324,D6D9F9C7AEE6D4FD,classic_bike,2021-08-03 10:31:38,2021-08-03 10:46:14,Clark St & Henry St,4789,Duffield St & Willoughby St,4596,40.69760127,-73.99344559,40.69221589,-73.9842844,casual
845327,AF10F54FD51DDCC5,classic_bike,2021-08-14 20:42:29,2021-08-14 20:57:22,Clark St & Henry St,4789,Duffield St & Willoughby St,4596,40.69760127,-73.99344559,40.69221589,-73.9842844,casual
845336,D67FFFCBEC705067,classic_bike,2021-08-08 10:41:43,2021-08-08 10:47:59,Clark St & Henry St,4789,Duffield St & Willoughby St,4596,40.69760127,-73.99344559,40.69221589,-73.9842844,member
846604,0C4E524EC134DA94,classic_bike,2021-08-20 20:46:49,2021-08-20 20:54:12,Clark St & Henry St,4789,Duffield St & Willoughby St,4596,40.69760127,-73.99344559,40.69221589,-73.9842844,member
847500,967FF82A18AE6424,classic_bike,2021-08-21 09:51:26,2021-08-21 09:57:35,Clark St & Henry St,4789,Duffield St & Willoughby St,4596,40.69760127,-73.99344559,40.69221589,-73.9842844,member
848578,96EACE77F940210D,classic_bike,2021-08-21 18:24:24,2021-08-21 18:33:02,Clark St & Henry St,4789,Duffield St & Willoughby St,4596,40.69760127,-73.99344559,40.69221589,-73.9842844,member
849285,46FC11BEC4BEA4F3,classic_bike,2021-08-06 10:53:44,2021-08-06 11:00:23,Clark St & Henry St,4789,Duffield St & Willoughby St,4596,40.69760127,-73.99344559,40.69221589,-73.9842844,member
849317,1CF6D9705AC8009D,classic_bike,2021-08-14 08:30:40,2021-08-14 08:45:12,Clark St & Henry St,4789,Market St & Cherry St,5198,40.69760127,-73.99344559,40.71076228,-73.99400398,casual
849320,E87F0CDD87A7CEF2,classic_bike,2021-08-27 08:09:03,2021-08-27 08:15:32,Clark St & Henry St,4789,Duffield St & Willoughby St,4596,40.69760127,-73.99344559,40.69221589,-73.9842844,member
850331,0C37913A4EBF6111,classic_bike,2021-08-20 16:24:56,2021-08-20 16:31:22,Clark St & Henry St,4789,Duffield St & Willoughby St,4596,40.69760127,-73.99344559,40.69221589,-73.9842844,member
850339,147295C417380745,classic_bike,2021-08-17 10:03:50,2021-08-17 10:12:09,Clark St & Henry St,4789,Duffield St & Willoughby St,4596,40.69760127,-73.99344559,40.69221589,-73.9842844,member
850349,EE3EDF13EEC6B28A,classic_bike,2021-08-04 08:32:12,2021-08-04 08:37:14,Clark St & Henry St,4789,Duffield St & Willoughby St,4596,40.69760127,-73.99344559,40.69221589,-73.9842844,member
850350,F922F6F83E89BD7D,classic_bike,2021-08-27 19:21:04,2021-08-27 19:49:44,Clark St & Henry St,4789,Duffield St & Willoughby St,4596,40.69760127,-73.99344559,40.69221589,-73.9842844,casual
850356,29013DF066349481,classic_bike,2021-08-19 15:13:43,2021-08-19 15:18:37,Clark St & Henry St,4789,Duffield St & Willoughby St,4596,40.69760127,-73.99344559,40.69221589,-73.9842844,member
850448,50DFEB5B96B9D423,classic_bike,2021-08-09 08:20:15,2021-08-09 08:28:27,Clark St & Henry St,4789,Duffield St & Willoughby St,4596,40.69760127,-73.99344559,40.69221589,-73.9842844,member
850451,5D2D320C8618E0F8,classic_bike,2021-08-23 18:07:44,2021-08-23 18:12:47,Clark St & Henry St,4789,Duffield St & Willoughby St,4596,40.69760127,-73.99344559,40.69221589,-73.9842844,member
850452,75230CDB7B639648,classic_bike,2021-08-23 13:15:18,2021-08-23 13:21:26,Clark St & Henry St,4789,Duffield St & Willoughby St,4596,40.69760127,-73.99344559,40.69221589,-73.9842844,member
850458,E51F73914C4D990E,electric_bike,2021-08-31 00:28:55,2021-08-31 00:39:53,Clark St & Henry St,4789,Duffield St & Willoughby St,4596,40.69760127,-73.99344559,40.69221589,-73.9842844,member
850640,7AA9FDA8E811E3AC,classic_bike,2021-08-31 08:20:21,2021-08-31 08:25:25,Clark St & Henry St,4789,Duffield St & Willoughby St,4596,40.69760127,-73.99344559,40.69221589,-73.9842844,member
850641,B5F363A860777403,classic_bike,2021-08-29 17:18:33,2021-08-29 17:32:51,Clark St & Henry St,4789,Duffield St & Willoughby St,4596,40.69760127,-73.99344559,40.69221589,-73.9842844,casual
850789,BF54337CD2603D5B,classic_bike,2021-08-27 19:20:12,2021-08-27 19:49:42,Clark St & Henry St,4789,Duffield St & Willoughby St,4596,40.69760127,-73.99344559,40.69221589,-73.9842844,casual
851885,1A084D9C161F0779,electric_bike,2021-08-06 18:16:41,2021-08-06 18:30:55,Clark St & Henry St,4789,Allen St & Hester St,5342,40.69760127,-73.99344559,40.71605866,-73.99190759,casual
853521,040655E642FF67C4,classic_bike,2021-08-23 15:23:38,2021-08-23 15:51:50,Clark St & Henry St,4789,White St & Moore St,4987,40.69760127,-73.99344559,40.704508,-73.9351,member
853550,4B5F12E374E99F5B,electric_bike,2021-08-29 11:26:28,2021-08-29 11:53:21,Clark St & Henry St,4789,Columbia St & Lorraine St,4013,40.69760127,-73.99344559,40.6747055,-74.0075572,casual
855920,EF74D80C792AC7B1,classic_bike,2021-08-12 18:50:47,2021-08-12 19:09:43,Clark St & Henry St,4789,Columbia St & Lorraine St,4013,40.69760127,-73.99344559,40.6747055,-74.0075572,member
857417,A97C1CA392A5D78D,electric_bike,2021-08-30 23:24:26,2021-08-30 23:48:44,Clark St & Henry St,4789,White St & Moore St,4987,40.69760127,-73.99344559,40.704508,-73.9351,casual
857434,7371CAE72E51F5CA,classic_bike,2021-08-20 21:16:46,2021-08-20 21:49:54,Clark St & Henry St,4789,Leonard St & Boerum St,5036,40.69760127,-73.99344559,40.70583339,-73.94644578,member
868831,34C388EADAA7E840,electric_bike,2021-08-23 19:57:11,2021-08-23 20:53:21,Clark St & Henry St,4789,Allen St & Hester St,5342,40.69760127,-73.99344559,40.71605866,-73.99190759,casual
868858,5A3BB2BC52AA4DDE,classic_bike,2021-08-31 17:58:49,2021-08-31 18:11:41,Clark St & Henry St,4789,Columbia St & Lorraine St,4013,40.69760127,-73.99344559,40.6747055,-74.0075572,member
868865,57767BF5043CD63A,electric_bike,2021-08-16 08:36:59,2021-08-16 08:51:37,Clark St & Henry St,4789,Allen St & Hester St,5342,40.69760127,-73.99344559,40.71605866,-73.99190759,casual
869910,3C5C7F59E0789DED,classic_bike,2021-08-28 15:10:43,2021-08-28 15:34:42,Clark St & Henry St,4789,Gansevoort St & Hudson St,6072,40.69760127,-73.99344559,40.73944820130404,-74.00507032871246,member
871831,665226C15F436193,electric_bike,2021-08-24 11:15:02,2021-08-24 11:25:16,Clark St & Henry St,4789,Allen St & Hester St,5342,40.69760127,-73.99344559,40.71605866,-73.99190759,member
871832,FCCB84FE06E63DEB,electric_bike,2021-08-19 22:10:42,2021-08-19 22:28:20,Clark St & Henry St,4789,E 9 St & 5 Ave,5872,40.69760127,-73.99344559,40.73275887045087,-73.99581670761108,member
871833,274F41F88CFA2358,electric_bike,2021-08-20 03:38:38,2021-08-20 03:58:38,Clark St & Henry St,4789,E 9 St & 5 Ave,5872,40.69760127,-73.99344559,40.73275887045087,-73.99581670761108,member
874016,2090199CFF3F3C17,electric_bike,2021-08-11 14:37:54,2021-08-11 14:49:29,Clark St & Henry St,4789,Allen St & Hester St,5342,40.69760127,-73.99344559,40.71605866,-73.99190759,member
874198,F27D126347F0603B,classic_bike,2021-08-12 19:20:54,2021-08-12 19:43:48,Clark St & Henry St,4789,Columbia St & Lorraine St,4013,40.69760127,-73.99344559,40.6747055,-74.0075572,casual
876062,61147521C7082566,classic_bike,2021-08-15 21:01:24,2021-08-15 21:24:20,Clark St & Henry St,4789,4 Ave & 26 St,3596,40.69760127,-73.99344559,40.660079,-73.998633,member
882241,C575B57B9D3E5A02,electric_bike,2021-08-21 06:57:00,2021-08-21 07:10:52,Clark St & Henry St,4789,3 St & 3 Ave,4028,40.69760127,-73.99344559,40.6750705,-73.98775226,casual
883412,5734398E6D794ED0,classic_bike,2021-08-13 05:03:39,2021-08-13 05:17:19,Clark St & Henry St,4789,Harrison St & Hudson St,5400,40.69760127,-73.99344559,40.71870987,-74.0090009,member
883420,8487ED9C9122963D,classic_bike,2021-08-05 22:35:16,2021-08-05 23:21:15,Clark St & Henry St,4789,E 81 St & Park Ave,7188,40.69760127,-73.99344559,40.77677702,-73.9590097,member
886463,24A4033EF718BE69,classic_bike,2021-08-02 17:19:35,2021-08-02 17:31:56,Clark St & Henry St,4789,3 St & 3 Ave,4028,40.69760127,-73.99344559,40.6750705,-73.98775226,member
889164,9427B9E300785466,classic_bike,2021-08-16 07:36:20,2021-08-16 07:48:11,Clark St & Henry St,4789,Barclay St & Church St,5216,40.69760127,-73.99344559,40.71291224,-74.01020234,member
889177,27E92336A6D59141,electric_bike,2021-08-14 11:26:42,2021-08-14 11:56:09,Clark St & Henry St,4789,Barclay St & Church St,5216,40.69760127,-73.99344559,40.71291224,-74.01020234,member
889183,06BB4CE406D52060,electric_bike,2021-08-03 21:07:06,2021-08-03 21:20:52,Clark St & Henry St,4789,Clinton Ave & Myrtle Ave,4651,40.69760127,-73.99344559,40.693261,-73.968896,casual
892136,D0A61673C70AD60C,classic_bike,2021-08-02 07:49:04,2021-08-02 08:01:40,Clark St & Henry St,4789,Barclay St & Church St,5216,40.69760127,-73.99344559,40.71291224,-74.01020234,member
892307,D217344BCCE7D684,classic_bike,2021-08-05 08:31:36,2021-08-05 08:47:34,Clark St & Henry St,4789,Howard St & Centre St,5422,40.69760127,-73.99344559,40.71910537,-73.99973337,member
896654,85FCBE926A1A8496,electric_bike,2021-08-09 15:17:55,2021-08-09 15:27:37,Clark St & Henry St,4789,Clinton Ave & Myrtle Ave,4651,40.69760127,-73.99344559,40.693261,-73.968896,member
896656,34DD18CC1545F23E,electric_bike,2021-08-05 20:10:58,2021-08-05 20:25:52,Clark St & Henry St,4789,Clinton Ave & Myrtle Ave,4651,40.69760127,-73.99344559,40.693261,-73.968896,casual
897991,EBECA964DBCA84C0,classic_bike,2021-08-13 17:09:12,2021-08-13 17:21:40,Clark St & Henry St,4789,Clinton Ave & Myrtle Ave,4651,40.69760127,-73.99344559,40.693261,-73.968896,member
897994,6AE3A2621DD0DF65,classic_bike,2021-08-28 15:40:29,2021-08-28 16:15:06,Clark St & Henry St,4789,Howard St & Centre St,5422,40.69760127,-73.99344559,40.71910537,-73.99973337,casual
897998,121B3ECF9F6DDA10,classic_bike,2021-08-11 08:41:59,2021-08-11 08:56:30,Clark St & Henry St,4789,Howard St & Centre St,5422,40.69760127,-73.99344559,40.71910537,-73.99973337,member
898006,3BA301E51D0ED21E,classic_bike,2021-08-24 17:01:15,2021-08-24 17:12:15,Clark St & Henry St,4789,Clinton Ave & Myrtle Ave,4651,40.69760127,-73.99344559,40.693261,-73.968896,member
898007,FBB6E6386F73166C,electric_bike,2021-08-07 16:31:44,2021-08-07 16:46:30,Clark St & Henry St,4789,Barclay St & Church St,5216,40.69760127,-73.99344559,40.71291224,-74.01020234,member
898010,74F1AB210C272A0C,classic_bike,2021-08-10 07:42:16,2021-08-10 07:52:58,Clark St & Henry St,4789,Barclay St & Church St,5216,40.69760127,-73.99344559,40.71291224,-74.01020234,member
898011,DAF285875F33CBAD,classic_bike,2021-08-10 17:46:20,2021-08-10 17:59:03,Clark St & Henry St,4789,Clinton Ave & Myrtle Ave,4651,40.69760127,-73.99344559,40.693261,-73.968896,member
898019,99266DAB7D5CD204,electric_bike,2021-08-27 13:40:24,2021-08-27 14:40:21,Clark St & Henry St,4789,S 5 Pl & S 5 St,5125,40.69760127,-73.99344559,40.710451,-73.960876,casual
898023,BB737F4C8F22A027,classic_bike,2021-08-02 15:15:07,2021-08-02 15:27:54,Clark St & Henry St,4789,Clinton Ave & Myrtle Ave,4651,40.69760127,-73.99344559,40.693261,-73.968896,member
898046,CFC2DB7B8DF2CF64,classic_bike,2021-08-28 10:56:17,2021-08-28 11:12:47,Clark St & Henry St,4789,Barclay St & Church St,5216,40.69760127,-73.99344559,40.71291224,-74.01020234,member
898058,3828581D298321CD,electric_bike,2021-08-30 15:25:29,2021-08-30 15:34:00,Clark St & Henry St,4789,Clinton Ave & Myrtle Ave,4651,40.69760127,-73.99344559,40.693261,-73.968896,member
898059,A41478899E407152,electric_bike,2021-08-06 18:57:00,2021-08-06 19:10:29,Clark St & Henry St,4789,Howard St & Centre St,5422,40.69760127,-73.99344559,40.71910537,-73.99973337,member
898060,A4CD88C73E8EBD89,electric_bike,2021-08-31 21:37:21,2021-08-31 21:55:50,Clark St & Henry St,4789,E 2 St & Avenue B,5515,40.69760127,-73.99344559,40.72217444,-73.98368779,member
898849,EBBEFDAA1010E5C3,classic_bike,2021-08-25 19:08:15,2021-08-25 19:19:46,Clark St & Henry St,4789,Clinton Ave & Myrtle Ave,4651,40.69760127,-73.99344559,40.693261,-73.968896,casual
905094,9F52AF35C40B61ED,classic_bike,2021-08-18 08:37:37,2021-08-18 08:52:17,Clark St & Henry St,4789,Howard St & Centre St,5422,40.69760127,-73.99344559,40.71910537,-73.99973337,member
906777,4503930A3D40F4A5,classic_bike,2021-08-20 21:37:37,2021-08-20 21:53:37,Clark St & Henry St,4789,Barclay St & Church St,5216,40.69760127,-73.99344559,40.71291224,-74.01020234,member
906781,4A8F4D9F9C542AFB,electric_bike,2021-08-31 18:04:35,2021-08-31 18:12:51,Clark St & Henry St,4789,Clinton Ave & Myrtle Ave,4651,40.69760127,-73.99344559,40.693261,-73.968896,member
908747,6973327F35E01CC1,electric_bike,2021-08-05 12:47:50,2021-08-05 13:06:31,Clark St & Henry St,4789,Howard St & Centre St,5422,40.69760127,-73.99344559,40.71910537,-73.99973337,member
908748,CB4A88000F9E9F9E,electric_bike,2021-08-25 08:32:31,2021-08-25 08:44:10,Clark St & Henry St,4789,Howard St & Centre St,5422,40.69760127,-73.99344559,40.71910537,-73.99973337,member
908750,F073D8864024959B,classic_bike,2021-08-17 17:05:42,2021-08-17 17:18:21,Clark St & Henry St,4789,Clinton Ave & Myrtle Ave,4651,40.69760127,-73.99344559,40.693261,-73.968896,member
908751,E95BAA4D7AC67D27,classic_bike,2021-08-11 15:26:17,2021-08-11 15:37:54,Clark St & Henry St,4789,Clinton Ave & Myrtle Ave,4651,40.69760127,-73.99344559,40.693261,-73.968896,member
908753,39CB36F79863D84A,classic_bike,2021-08-09 07:48:41,2021-08-09 08:01:14,Clark St & Henry St,4789,Barclay St & Church St,5216,40.69760127,-73.99344559,40.71291224,-74.01020234,casual
908756,13F69E35C8EBD5FC,electric_bike,2021-08-27 13:40:06,2021-08-27 14:40:08,Clark St & Henry St,4789,S 5 Pl & S 5 St,5125,40.69760127,-73.99344559,40.710451,-73.960876,casual
909083,60DC629F73552248,electric_bike,2021-08-06 19:06:50,2021-08-06 19:21:02,Clark St & Henry St,4789,Barclay St & Church St,5216,40.69760127,-73.99344559,40.71291224,-74.01020234,member
909331,7093245D5D1EDF9C,classic_bike,2021-08-27 18:09:27,2021-08-27 18:23:39,Clark St & Henry St,4789,Clinton Ave & Myrtle Ave,4651,40.69760127,-73.99344559,40.693261,-73.968896,member
909332,F6501F95CCD1FEF1,electric_bike,2021-08-07 18:34:40,2021-08-07 18:48:14,Clark St & Henry St,4789,Clinton Ave & Myrtle Ave,4651,40.69760127,-73.99344559,40.693261,-73.968896,casual
909333,709984C11DB79647,classic_bike,2021-08-27 13:00:48,2021-08-27 13:23:39,Clark St & Henry St,4789,S 5 Pl & S 5 St,5125,40.69760127,-73.99344559,40.710451,-73.960876,casual
923011,1CB8F0738E2A7B52,electric_bike,2021-08-06 17:40:55,2021-08-06 18:03:29,Clark St & Henry St,4789,Mercer St & Spring St,5532,40.69760127,-73.99344559,40.72362738,-73.99949601,member
923049,F54A8655F9B1BE84,electric_bike,2021-08-02 17:38:31,2021-08-02 17:56:51,Clark St & Henry St,4789,Mercer St & Spring St,5532,40.69760127,-73.99344559,40.72362738,-73.99949601,member
923086,7BC067D1A01A4CC9,electric_bike,2021-08-11 17:24:14,2021-08-11 17:42:58,Clark St & Henry St,4789,Mercer St & Spring St,5532,40.69760127,-73.99344559,40.72362738,-73.99949601,member
923621,A4CD87A89CB60166,electric_bike,2021-08-19 19:42:25,2021-08-19 20:29:48,Clark St & Henry St,4789,Riverside Dr & W 72 St,7288,40.69760127,-73.99344559,40.78057799010334,-73.98562431335449,member
923858,88810C631F198B6D,electric_bike,2021-08-05 10:34:35,2021-08-05 10:50:16,Clark St & Henry St,4789,Mercer St & Spring St,5532,40.69760127,-73.99344559,40.72362738,-73.99949601,member
929625,996C1A80A9557032,electric_bike,2021-08-07 10:34:07,2021-08-07 10:52:18,Clark St & Henry St,4789,Mercer St & Spring St,5532,40.69760127,-73.99344559,40.72362738,-73.99949601,member
929707,F02E93F49CF48B92,electric_bike,2021-08-26 15:58:09,2021-08-26 16:15:40,Clark St & Henry St,4789,Mercer St & Spring St,5532,40.69760127,-73.99344559,40.72362738,-73.99949601,member
929975,1FBF77DB1ED57B35,electric_bike,2021-08-17 17:34:25,2021-08-17 17:51:49,Clark St & Henry St,4789,Mercer St & Spring St,5532,40.69760127,-73.99344559,40.72362738,-73.99949601,member
931118,6E932022EDA2F332,classic_bike,2021-08-28 20:28:46,2021-08-28 21:27:39,Clark St & Henry St,4789,Bayard St & Baxter St,5351,40.69760127,-73.99344559,40.71602118,-73.99974372,casual
942179,4F04FB5D87D2FF35,electric_bike,2021-08-01 19:32:29,2021-08-01 19:56:22,Clark St & Henry St,4789,George St & Wilson Ave,4906,40.69760127,-73.99344559,40.702997,-73.92997,member
942198,863DED078078083E,classic_bike,2021-08-28 14:28:56,2021-08-28 14:49:18,Clark St & Henry St,4789,Bayard St & Baxter St,5351,40.69760127,-73.99344559,40.71602118,-73.99974372,casual
942234,B71DC8D3BE3DBB34,classic_bike,2021-08-28 20:32:39,2021-08-28 21:27:21,Clark St & Henry St,4789,Bayard St & Baxter St,5351,40.69760127,-73.99344559,40.71602118,-73.99974372,casual
942239,FF58A41542011887,electric_bike,2021-08-25 04:17:08,2021-08-25 04:43:19,Clark St & Henry St,4789,Bayard St & Baxter St,5351,40.69760127,-73.99344559,40.71602118,-73.99974372,casual
943101,823D1C43698841CA,classic_bike,2021-08-30 16:11:05,2021-08-30 16:34:16,Clark St & Henry St,4789,Bayard St & Baxter St,5351,40.69760127,-73.99344559,40.71602118,-73.99974372,casual
944991,FA1CB29BB0AE12FD,classic_bike,2021-08-28 20:31:38,2021-08-28 21:27:20,Clark St & Henry St,4789,Bayard St & Baxter St,5351,40.69760127,-73.99344559,40.71602118,-73.99974372,casual
950182,CCB2ECEB70A45B8D,electric_bike,2021-08-06 17:30:09,2021-08-06 17:50:15,Clark St & Henry St,4789,7 Ave & 20 St,3588,40.69760127,-73.99344559,40.659053,-73.98854,member
954491,739C0C538F5945E3,electric_bike,2021-08-16 17:35:57,2021-08-16 18:23:22,Clark St & Henry St,4789,2 Ave & E 104 St,7436,40.69760127,-73.99344559,40.7892105,-73.94370784,member
954902,66B3D7BD69F4C181,classic_bike,2021-08-15 13:04:20,2021-08-15 13:32:24,Clark St & Henry St,4789,Central Ave & Flushing Ave,4947,40.69760127,-73.99344559,40.702831,-73.9333,member
964171,D0563C92C4AF46ED,classic_bike,2021-08-15 23:52:49,2021-08-16 00:45:43,Clark St & Henry St,4789,Spruce St & Nassau St,5137,40.69760127,-73.99344559,40.71146364,-74.00552427,casual
965528,668F38A59382E1A5,electric_bike,2021-08-03 21:03:43,2021-08-03 21:31:42,Clark St & Henry St,4789,Stagg St & Union Ave,5117,40.69760127,-73.99344559,40.70877084,-73.95095259,casual
966944,7AE4A5A494C8A87A,classic_bike,2021-08-11 08:02:35,2021-08-11 08:16:36,Clark St & Henry St,4789,Spruce St & Nassau St,5137,40.69760127,-73.99344559,40.71146364,-74.00552427,member
969211,5A399C293243F3F3,electric_bike,2021-08-03 21:03:57,2021-08-03 21:31:42,Clark St & Henry St,4789,Stagg St & Union Ave,5117,40.69760127,-73.99344559,40.70877084,-73.95095259,casual
971372,C856FEB667EBF424,classic_bike,2021-08-21 14:20:08,2021-08-21 14:37:30,Clark St & Henry St,4789,Maiden Ln & Pearl St,5065,40.69760127,-73.99344559,40.70706456,-74.00731853,member
971374,2C68DFD8830393A4,classic_bike,2021-08-11 13:42:30,2021-08-11 14:02:53,Clark St & Henry St,4789,Maiden Ln & Pearl St,5065,40.69760127,-73.99344559,40.70706456,-74.00731853,casual
972663,BCCBD02127293A22,classic_bike,2021-08-10 08:08:25,2021-08-10 08:23:03,Clark St & Henry St,4789,Spruce St & Nassau St,5137,40.69760127,-73.99344559,40.71146364,-74.00552427,member
972664,1E9E1AD294EFAD0E,classic_bike,2021-08-14 08:19:59,2021-08-14 08:32:17,Clark St & Henry St,4789,Spruce St & Nassau St,5137,40.69760127,-73.99344559,40.71146364,-74.00552427,member
978192,8EC0F03E39FB7093,classic_bike,2021-08-27 08:47:45,2021-08-27 09:14:16,Clark St & Henry St,4789,Driggs Ave & N 9 St,5411,40.69760127,-73.99344559,40.71816969454208,-73.95520135760307,member
978193,0C70443CE698774F,classic_bike,2021-08-20 18:36:50,2021-08-20 18:57:12,Clark St & Henry St,4789,Fulton St & Waverly Ave,4345,40.69760127,-73.99344559,40.68323865460341,-73.96599590778351,member
978343,EA0C369D7D1A14EC,classic_bike,2021-08-27 06:48:01,2021-08-27 07:04:45,Clark St & Henry St,4789,Fulton St & Waverly Ave,4345,40.69760127,-73.99344559,40.68323865460341,-73.96599590778351,member
978657,9DEC3DFAAD9C8A83,electric_bike,2021-08-09 10:54:39,2021-08-09 11:17:22,Clark St & Henry St,4789,Driggs Ave & N 9 St,5411,40.69760127,-73.99344559,40.71816969454208,-73.95520135760307,member
979672,8DDFB8330A1AB92F,classic_bike,2021-08-20 18:37:30,2021-08-20 18:57:10,Clark St & Henry St,4789,Fulton St & Waverly Ave,4345,40.69760127,-73.99344559,40.68323865460341,-73.96599590778351,casual
979680,497FB87E07607AA5,classic_bike,2021-08-05 20:34:11,2021-08-05 21:00:22,Clark St & Henry St,4789,Devoe St & Lorimer St,5259,40.69760127,-73.99344559,40.71335226222875,-73.9491033554077,member
979691,230B8D6B92C13E5B,classic_bike,2021-08-31 10:04:59,2021-08-31 10:39:17,Clark St & Henry St,4789,3 Ave & 17 St,3779,40.69760127,-73.99344559,40.666168,-73.995549,member
979695,76751FBE912AAEFB,electric_bike,2021-08-23 18:08:51,2021-08-23 18:26:39,Clark St & Henry St,4789,Fulton St & Waverly Ave,4345,40.69760127,-73.99344559,40.68323865460341,-73.96599590778351,casual
979702,F6AA2D46E3445B0F,classic_bike,2021-08-16 06:45:33,2021-08-16 07:00:20,Clark St & Henry St,4789,Fulton St & Waverly Ave,4345,40.69760127,-73.99344559,40.68323865460341,-73.96599590778351,member
979749,6B02D8213D2EF42E,classic_bike,2021-08-23 15:30:28,2021-08-23 15:42:15,Clark St & Henry St,4789,Fulton St & Waverly Ave,4345,40.69760127,-73.99344559,40.68323865460341,-73.96599590778351,casual
982528,8A9EF8EA53799505,electric_bike,2021-08-11 18:14:06,2021-08-11 18:28:25,Clark St & Henry St,4789,Fulton St & Waverly Ave,4345,40.69760127,-73.99344559,40.68323865460341,-73.96599590778351,member
983228,CBFB758736FD439D,classic_bike,2021-08-01 17:35:25,2021-08-01 18:03:00,Clark St & Henry St,4789,Driggs Ave & N 9 St,5411,40.69760127,-73.99344559,40.71816969454208,-73.95520135760307,member
983992,3A250DF122066CD8,electric_bike,2021-08-04 19:40:59,2021-08-04 19:55:57,Clark St & Henry St,4789,Fulton St & Waverly Ave,4345,40.69760127,-73.99344559,40.68323865460341,-73.96599590778351,casual
989477,EA5C1A3B4A209795,classic_bike,2021-08-26 16:25:29,2021-08-26 16:48:40,Clark St & Henry St,4789,Fulton St & Broadway,5175,40.69760127,-73.99344559,40.711066,-74.009447,member
989483,58E747E3996604E0,classic_bike,2021-08-14 23:22:48,2021-08-15 00:46:18,Clark St & Henry St,4789,Fulton St & Broadway,5175,40.69760127,-73.99344559,40.711066,-74.009447,casual
991007,EE2AEE7A40FE9A6C,classic_bike,2021-08-18 12:10:19,2021-08-18 12:27:07,Clark St & Henry St,4789,3 Ave & 17 St,3779,40.69760127,-73.99344559,40.666168,-73.995549,member
991121,5846E9385ADFFC74,classic_bike,2021-08-05 20:34:04,2021-08-05 21:00:24,Clark St & Henry St,4789,Devoe St & Lorimer St,5259,40.69760127,-73.99344559,40.71335226222875,-73.9491033554077,member
992123,BD0B39AE602B70A8,electric_bike,2021-08-16 20:48:35,2021-08-16 21:05:34,Clark St & Henry St,4789,1 Ave & E 16 St,5779,40.69760127,-73.99344559,40.73221853,-73.98165557,member
992129,85C21D06FD01D0AC,electric_bike,2021-08-24 19:09:43,2021-08-24 19:33:15,Clark St & Henry St,4789,Grand Ave & Bergen St,4190,40.69760127,-73.99344559,40.678045,-73.962408,member
994645,DB313FA6499B4478,electric_bike,2021-08-14 16:14:18,2021-08-14 16:30:39,Clark St & Henry St,4789,1 Ave & E 16 St,5779,40.69760127,-73.99344559,40.73221853,-73.98165557,member
997391,C2D1C6C627E3A738,electric_bike,2021-08-21 15:03:54,2021-08-21 15:20:40,Clark St & Henry St,4789,1 Ave & E 16 St,5779,40.69760127,-73.99344559,40.73221853,-73.98165557,member
997411,3EEEF246C294BC74,electric_bike,2021-08-31 19:12:19,2021-08-31 20:16:50,Clark St & Henry St,4789,Southern Blvd & E 175 St,8196,40.69760127,-73.99344559,40.839335,-73.886445,member
997417,257DABA7FB2ADC74,electric_bike,2021-08-28 14:58:08,2021-08-28 15:14:18,Clark St & Henry St,4789,1 Ave & E 16 St,5779,40.69760127,-73.99344559,40.73221853,-73.98165557,member
997423,BA17227AD7A3A0F9,classic_bike,2021-08-14 11:48:16,2021-08-14 12:12:29,Clark St & Henry St,4789,Bedford Ave & Bergen St,4066,40.69760127,-73.99344559,40.676368,-73.952918,member
997427,38D995532A00F81D,electric_bike,2021-08-15 03:41:11,2021-08-15 03:56:03,Clark St & Henry St,4789,Grand Ave & Bergen St,4190,40.69760127,-73.99344559,40.678045,-73.962408,casual
997437,F7B1EEF681C046B4,electric_bike,2021-08-04 01:05:54,2021-08-04 01:24:25,Clark St & Henry St,4789,Grand Ave & Bergen St,4190,40.69760127,-73.99344559,40.678045,-73.962408,casual
1001191,18A89A9A9B355534,classic_bike,2021-08-28 13:43:23,2021-08-28 14:17:31,Clark St & Henry St,4789,11 Ave & W 59 St,7059,40.69760127,-73.99344559,40.77149671054441,-73.99046033620834,member
1008289,1B3C21EF6FD0D2FB,electric_bike,2021-08-22 02:38:53,2021-08-22 02:51:05,Clark St & Henry St,4789,Grand Ave & Bergen St,4190,40.69760127,-73.99344559,40.678045,-73.962408,casual
1008304,B07BB89B23517C7F,classic_bike,2021-08-09 18:24:46,2021-08-09 18:48:04,Clark St & Henry St,4789,Bedford Ave & Bergen St,4066,40.69760127,-73.99344559,40.676368,-73.952918,member
1008309,687FB360DB9C8A81,electric_bike,2021-08-12 01:23:25,2021-08-12 01:38:36,Clark St & Henry St,4789,Grand Ave & Bergen St,4190,40.69760127,-73.99344559,40.678045,-73.962408,member
1008321,DF001B344B035AE8,electric_bike,2021-08-19 20:59:17,2021-08-19 21:16:13,Clark St & Henry St,4789,1 Ave & E 16 St,5779,40.69760127,-73.99344559,40.73221853,-73.98165557,member
1008353,D1FF44499F3F98F6,electric_bike,2021-08-29 15:12:09,2021-08-29 15:29:20,Clark St & Henry St,4789,Grand Ave & Bergen St,4190,40.69760127,-73.99344559,40.678045,-73.962408,casual
1008367,02A50534228CACC5,classic_bike,2021-08-03 19:59:58,2021-08-03 20:34:59,Clark St & Henry St,4789,Tompkins Ave & Hopkins St,4850,40.69760127,-73.99344559,40.69957608,-73.94708417,casual
1008372,F384A0EA06EFBF23,classic_bike,2021-08-27 09:26:16,2021-08-27 09:44:21,Clark St & Henry St,4789,Grand Ave & Bergen St,4190,40.69760127,-73.99344559,40.678045,-73.962408,member
1008375,578821412D97665B,electric_bike,2021-08-27 19:38:28,2021-08-27 20:26:26,Clark St & Henry St,4789,Bedford Ave & Bergen St,4066,40.69760127,-73.99344559,40.676368,-73.952918,casual
1009077,BBED479A5DD46401,electric_bike,2021-08-16 08:34:21,2021-08-16 08:49:29,Clark St & Henry St,4789,Grand Ave & Bergen St,4190,40.69760127,-73.99344559,40.678045,-73.962408,member
1009079,F0B827BD7D251280,electric_bike,2021-08-12 15:37:55,2021-08-12 15:57:12,Clark St & Henry St,4789,Pulaski St & Marcus Garvey Blvd,4656,40.69760127,-73.99344559,40.6933982,-73.939877,member
1009119,05BADAFDA21C0A16,electric_bike,2021-08-20 18:01:04,2021-08-20 18:15:31,Clark St & Henry St,4789,1 Ave & E 16 St,5779,40.69760127,-73.99344559,40.73221853,-73.98165557,member
1011159,CCD1DD25C477B19D,electric_bike,2021-08-17 13:53:11,2021-08-17 14:19:13,Clark St & Henry St,4789,1 Ave & E 16 St,5779,40.69760127,-73.99344559,40.73221853,-73.98165557,member
1020427,D4E0A60C2172B66E,classic_bike,2021-08-11 19:04:07,2021-08-11 19:33:02,Clark St & Henry St,4789,Bedford Ave & Bergen St,4066,40.69760127,-73.99344559,40.676368,-73.952918,member
1020428,E09A31969A10CD2A,classic_bike,2021-08-18 18:56:00,2021-08-18 19:29:23,Clark St & Henry St,4789,Bedford Ave & Bergen St,4066,40.69760127,-73.99344559,40.676368,-73.952918,member
1021264,302C1BBCAB0E4285,electric_bike,2021-08-07 11:33:09,2021-08-07 11:50:32,Clark St & Henry St,4789,1 Ave & E 16 St,5779,40.69760127,-73.99344559,40.73221853,-73.98165557,member
1027745,FFC2FB0ADA8F61E3,classic_bike,2021-08-16 19:07:33,2021-08-16 19:31:07,Clark St & Henry St,4789,Monroe St & Tompkins Ave,4434,40.69760127,-73.99344559,40.686203,-73.944694,casual
1027754,2FAE5AA5E18CF657,docked_bike,2021-08-06 09:03:51,2021-08-06 09:30:12,Clark St & Henry St,4789,Wyckoff Av & Jefferson St,5051,40.697601,-73.993446,40.707165,-73.923711,casual
1028787,A08D99BBF62EA17B,classic_bike,2021-08-16 10:29:01,2021-08-16 10:58:23,Clark St & Henry St,4789,Wyckoff Av & Jefferson St,5051,40.69760127,-73.99344559,40.707165,-73.923711,member
1028788,1ABFCC1D344EC3E7,classic_bike,2021-08-04 08:01:46,2021-08-04 08:32:30,Clark St & Henry St,4789,Wyckoff Av & Jefferson St,5051,40.69760127,-73.99344559,40.707165,-73.923711,member
1031975,123F9976D26734E6,electric_bike,2021-08-28 10:34:35,2021-08-28 10:56:23,Clark St & Henry St,4789,S 4 St & Wythe Ave,5204,40.69760127,-73.99344559,40.71285887,-73.96590294,member
1035229,EF2CA437FE8968FE,classic_bike,2021-08-21 16:07:21,2021-08-21 16:43:01,Clark St & Henry St,4789,45 St & 4 Ave,3275,40.69760127,-73.99344559,40.649145,-74.009486,member
1035533,C83723F1544A9C86,electric_bike,2021-08-09 20:08:04,2021-08-09 20:41:53,Clark St & Henry St,4789,Wyckoff Av & Jefferson St,5051,40.69760127,-73.99344559,40.707165,-73.923711,member
1035534,993C888A20F80864,classic_bike,2021-08-26 18:14:25,2021-08-26 18:31:57,Clark St & Henry St,4789,S 4 St & Wythe Ave,5204,40.69760127,-73.99344559,40.71285887,-73.96590294,member
1035862,6C438258C43FF6FF,classic_bike,2021-08-24 21:24:20,2021-08-24 21:43:33,Clark St & Henry St,4789,S 4 St & Wythe Ave,5204,40.69760127,-73.99344559,40.71285887,-73.96590294,member
1042704,A0998EBBA59E2C0C,classic_bike,2021-08-24 11:38:19,2021-08-24 11:45:01,Clark St & Henry St,4789,Nassau St & Navy St,4812,40.69760127,-73.99344559,40.69839895,-73.98068914,casual
1042753,444CA176F115411E,electric_bike,2021-08-12 16:46:10,2021-08-12 16:53:49,Clark St & Henry St,4789,Nassau St & Navy St,4812,40.69760127,-73.99344559,40.69839895,-73.98068914,casual
1042776,F8C81CA4B648EBEB,classic_bike,2021-08-31 05:47:24,2021-08-31 05:54:57,Clark St & Henry St,4789,Nassau St & Navy St,4812,40.69760127,-73.99344559,40.69839895,-73.98068914,casual
1042786,D09979BD6B02C3E0,classic_bike,2021-08-31 11:03:43,2021-08-31 11:13:41,Clark St & Henry St,4789,Washington Park,4546,40.69760127,-73.99344559,40.6917823,-73.9737299,member
1043483,EBAEA39301F707C8,classic_bike,2021-08-11 11:35:08,2021-08-11 11:43:44,Clark St & Henry St,4789,Nassau St & Navy St,4812,40.69760127,-73.99344559,40.69839895,-73.98068914,casual
1043484,12DBEB6FBAD355EC,classic_bike,2021-08-04 12:42:42,2021-08-04 13:02:55,Clark St & Henry St,4789,Washington Park,4546,40.69760127,-73.99344559,40.6917823,-73.9737299,casual
1043501,D7E6D0705D9F2DD1,classic_bike,2021-08-14 15:59:13,2021-08-14 16:48:38,Clark St & Henry St,4789,Nassau St & Navy St,4812,40.69760127,-73.99344559,40.69839895,-73.98068914,member
1043511,948B550CDA912B99,classic_bike,2021-08-16 17:49:47,2021-08-16 18:28:11,Clark St & Henry St,4789,Lexington Ave & E 24 St,6089,40.69760127,-73.99344559,40.74025878,-73.98409214,casual
1043639,E52B38EE868B903F,classic_bike,2021-08-23 17:50:00,2021-08-23 17:58:25,Clark St & Henry St,4789,Washington Park,4546,40.69760127,-73.99344559,40.6917823,-73.9737299,member
1043640,5E88C1722665584B,classic_bike,2021-08-24 13:49:40,2021-08-24 13:58:44,Clark St & Henry St,4789,Washington Park,4546,40.69760127,-73.99344559,40.6917823,-73.9737299,member
1044136,F800C27D0BB1B178,classic_bike,2021-08-29 00:19:34,2021-08-29 00:47:55,Clark St & Henry St,4789,Waterbury St & Stagg St,5099,40.69760127,-73.99344559,40.71019,-73.93734,casual
1044249,2EBD020845739C2C,classic_bike,2021-08-05 15:13:45,2021-08-05 15:42:49,Clark St & Henry St,4789,E 13 St & 2 Ave,5820,40.69760127,-73.99344559,40.73153937464073,-73.9853024482727,member
1050778,ACDBFDC9770383AE,classic_bike,2021-08-10 09:01:38,2021-08-10 09:09:11,Clark St & Henry St,4789,Nassau St & Navy St,4812,40.69760127,-73.99344559,40.69839895,-73.98068914,casual
1053092,C7EE73D3452A9082,electric_bike,2021-08-28 21:35:54,2021-08-28 22:16:35,Clark St & Henry St,4789,Kent St & McGuinness Blvd,5785,40.69760127,-73.99344559,40.73124,-73.95161,member
1057091,6893C3DC3182B698,classic_bike,2021-08-17 09:41:28,2021-08-17 09:50:04,Clark St & Henry St,4789,Nassau St & Navy St,4812,40.69760127,-73.99344559,40.69839895,-73.98068914,casual
1057912,FD4331B13BEEF189,electric_bike,2021-08-27 11:51:18,2021-08-27 11:58:08,Clark St & Henry St,4789,Nassau St & Navy St,4812,40.69760127,-73.99344559,40.69839895,-73.98068914,casual
1060254,6A53821025AB2E40,classic_bike,2021-08-31 11:35:14,2021-08-31 12:04:29,Clark St & Henry St,4789,E 13 St & 2 Ave,5820,40.69760127,-73.99344559,40.73153937464073,-73.9853024482727,casual
1060453,8D87D39B7979407F,classic_bike,2021-08-31 08:19:00,2021-08-31 08:38:48,Clark St & Henry St,4789,E 13 St & 2 Ave,5820,40.69760127,-73.99344559,40.73153937464073,-73.9853024482727,member
1064886,5F1D3719F0625960,classic_bike,2021-08-24 05:12:55,2021-08-24 05:20:01,Clark St & Henry St,4789,Nassau St & Navy St,4812,40.69760127,-73.99344559,40.69839895,-73.98068914,member
1064887,2A14848BD33BF344,classic_bike,2021-08-14 15:57:49,2021-08-14 16:48:41,Clark St & Henry St,4789,Nassau St & Navy St,4812,40.69760127,-73.99344559,40.69839895,-73.98068914,member
1064972,86B8267CAF8E14F8,classic_bike,2021-08-05 09:40:27,2021-08-05 09:46:53,Clark St & Henry St,4789,Nassau St & Navy St,4812,40.69760127,-73.99344559,40.69839895,-73.98068914,member
1065161,CE461ED9D459BF97,classic_bike,2021-08-16 11:46:52,2021-08-16 11:55:11,Clark St & Henry St,4789,Nassau St & Navy St,4812,40.69760127,-73.99344559,40.69839895,-73.98068914,casual
1066112,17D7C60B1702B74B,classic_bike,2021-08-14 15:57:29,2021-08-14 16:49:56,Clark St & Henry St,4789,Nassau St & Navy St,4812,40.69760127,-73.99344559,40.69839895,-73.98068914,member
1066911,D2E4F87FE5674056,classic_bike,2021-08-29 14:41:11,2021-08-29 14:56:35,Clark St & Henry St,4789,Van Brunt St & Wolcott St,4095,40.69760127,-73.99344559,40.6773429,-74.01275056,member
1068593,FEC946D665E41E3F,classic_bike,2021-08-27 22:51:05,2021-08-27 23:03:56,Clark St & Henry St,4789,Van Brunt St & Wolcott St,4095,40.69760127,-73.99344559,40.6773429,-74.01275056,member
1068594,9256FE632D3025C5,classic_bike,2021-08-07 13:37:09,2021-08-07 13:51:51,Clark St & Henry St,4789,Van Brunt St & Wolcott St,4095,40.69760127,-73.99344559,40.6773429,-74.01275056,member
1070598,DBBBC5166183C24A,electric_bike,2021-08-15 19:38:51,2021-08-15 20:02:04,Clark St & Henry St,4789,Monroe St & Classon Ave,4336,40.69760127,-73.99344559,40.6845683,-73.95881081,casual
1070603,3DADFFE2AE122755,classic_bike,2021-08-20 19:59:52,2021-08-20 20:29:55,Clark St & Henry St,4789,Nassau Ave & Russell St,5581,40.69760127,-73.99344559,40.72557,-73.94434,member
1070613,52377B6299A0198F,electric_bike,2021-08-06 21:09:03,2021-08-06 21:15:48,Clark St & Henry St,4789,Wyckoff St & Nevins St,4290,40.69760127,-73.99344559,40.683426,-73.984275,member
1070622,DDEB1F83A219B449,classic_bike,2021-08-08 13:48:43,2021-08-08 14:11:48,Clark St & Henry St,4789,Van Brunt St & Wolcott St,4095,40.69760127,-73.99344559,40.6773429,-74.01275056,casual
1070632,1166139959AD01E0,classic_bike,2021-08-20 18:44:44,2021-08-20 19:05:00,Clark St & Henry St,4789,Bedford Ave & S 9 St,5093,40.69760127,-73.99344559,40.70853074,-73.96408963,member
1070633,6FB8DC19822ACF6A,classic_bike,2021-08-18 18:41:52,2021-08-18 19:13:11,Clark St & Henry St,4789,Nassau Ave & Russell St,5581,40.69760127,-73.99344559,40.72557,-73.94434,member
1071661,8D3971B47829D53B,classic_bike,2021-08-13 20:24:54,2021-08-13 20:59:03,Clark St & Henry St,4789,Nassau Ave & Russell St,5581,40.69760127,-73.99344559,40.72557,-73.94434,member
1071662,DE7035FE67DE3D25,classic_bike,2021-08-18 09:07:53,2021-08-18 09:20:37,Clark St & Henry St,4789,Van Brunt St & Wolcott St,4095,40.69760127,-73.99344559,40.6773429,-74.01275056,member
1071663,F9D5F1161DAA9FDC,classic_bike,2021-08-24 09:02:11,2021-08-24 09:13:57,Clark St & Henry St,4789,Van Brunt St & Wolcott St,4095,40.69760127,-73.99344559,40.6773429,-74.01275056,member
1073195,56FAEA723196B07C,classic_bike,2021-08-26 20:07:23,2021-08-26 20:36:42,Clark St & Henry St,4789,Putnam Ave & Nostrand Ave,4327,40.69760127,-73.99344559,40.68402,-73.94977,member
1073196,8CB97C8269B1CBAA,classic_bike,2021-08-27 10:51:26,2021-08-27 11:30:55,Clark St & Henry St,4789,Van Brunt St & Wolcott St,4095,40.69760127,-73.99344559,40.6773429,-74.01275056,member
1073223,E43E4E3D3930FB91,classic_bike,2021-08-20 19:53:51,2021-08-20 20:08:06,Clark St & Henry St,4789,Wyckoff St & Nevins St,4290,40.69760127,-73.99344559,40.683426,-73.984275,member
1073374,EC66FD4B3EA97E9C,classic_bike,2021-08-26 20:13:09,2021-08-26 20:25:58,Clark St & Henry St,4789,Van Brunt St & Wolcott St,4095,40.69760127,-73.99344559,40.6773429,-74.01275056,member
1075007,FB88BB83B3345F6D,classic_bike,2021-08-09 09:00:30,2021-08-09 09:12:18,Clark St & Henry St,4789,Van Brunt St & Wolcott St,4095,40.69760127,-73.99344559,40.6773429,-74.01275056,member
1076471,6519B7E2D1A5C3DC,classic_bike,2021-08-30 01:11:15,2021-08-30 01:19:52,Clark St & Henry St,4789,Wyckoff St & Nevins St,4290,40.69760127,-73.99344559,40.683426,-73.984275,member
1076501,E1DC5C675FAF22CB,classic_bike,2021-08-17 16:10:29,2021-08-17 16:19:07,Clark St & Henry St,4789,Wyckoff St & Nevins St,4290,40.69760127,-73.99344559,40.683426,-73.984275,member
1076515,483FC047BE64E63C,classic_bike,2021-08-27 09:09:01,2021-08-27 09:23:09,Clark St & Henry St,4789,Van Brunt St & Wolcott St,4095,40.69760127,-73.99344559,40.6773429,-74.01275056,member
1076516,BB9904C661AA7E8F,electric_bike,2021-08-17 16:16:42,2021-08-17 16:25:47,Clark St & Henry St,4789,Van Brunt St & Wolcott St,4095,40.69760127,-73.99344559,40.6773429,-74.01275056,member
1076556,B382826A6685143D,classic_bike,2021-08-30 18:43:12,2021-08-30 19:11:07,Clark St & Henry St,4789,Monroe St & Classon Ave,4336,40.69760127,-73.99344559,40.6845683,-73.95881081,casual
1076562,CAABF03F4A25E0FC,electric_bike,2021-08-08 13:49:53,2021-08-08 14:11:14,Clark St & Henry St,4789,Van Brunt St & Wolcott St,4095,40.69760127,-73.99344559,40.6773429,-74.01275056,member
1077878,E5541FDBE90B7DC2,classic_bike,2021-08-16 08:06:28,2021-08-16 08:23:35,Clark St & Henry St,4789,Van Brunt St & Wolcott St,4095,40.69760127,-73.99344559,40.6773429,-74.01275056,casual
1079026,9E15DAD8238F4F9A,classic_bike,2021-08-17 18:55:42,2021-08-17 19:07:59,Clark St & Henry St,4789,Van Brunt St & Wolcott St,4095,40.69760127,-73.99344559,40.6773429,-74.01275056,member
1080314,4F88D27BF60AD776,classic_bike,2021-08-16 11:43:46,2021-08-16 11:58:10,Clark St & Henry St,4789,Wyckoff St & Nevins St,4290,40.69760127,-73.99344559,40.683426,-73.984275,member
1080318,E4BE64FBEEA19B57,classic_bike,2021-08-31 18:04:58,2021-08-31 18:18:20,Clark St & Henry St,4789,Van Brunt St & Wolcott St,4095,40.69760127,-73.99344559,40.6773429,-74.01275056,member
1080323,4FA0B6DEA87BC23A,classic_bike,2021-08-04 17:28:46,2021-08-04 17:49:13,Clark St & Henry St,4789,Fulton St & Irving Pl,4263,40.69760127,-73.99344559,40.68186,-73.959432,member
1080324,B5134E7C119BF381,classic_bike,2021-08-25 09:08:00,2021-08-25 09:20:18,Clark St & Henry St,4789,Van Brunt St & Wolcott St,4095,40.69760127,-73.99344559,40.6773429,-74.01275056,member
1080328,82424A3175B4E80E,classic_bike,2021-08-26 11:50:11,2021-08-26 12:04:56,Clark St & Henry St,4789,Van Brunt St & Wolcott St,4095,40.69760127,-73.99344559,40.6773429,-74.01275056,member
1080330,5AF5D5DE6F515FAF,classic_bike,2021-08-18 08:25:23,2021-08-18 08:39:52,Clark St & Henry St,4789,Van Brunt St & Wolcott St,4095,40.69760127,-73.99344559,40.6773429,-74.01275056,member
1080773,C34B8E7E886DD27D,classic_bike,2021-08-02 15:23:00,2021-08-02 15:57:14,Clark St & Henry St,4789,Van Brunt St & Wolcott St,4095,40.69760127,-73.99344559,40.6773429,-74.01275056,member
1080774,0EE1AF1EBB331A14,classic_bike,2021-08-06 08:41:23,2021-08-06 08:52:46,Clark St & Henry St,4789,Van Brunt St & Wolcott St,4095,40.69760127,-73.99344559,40.6773429,-74.01275056,member
1080832,A768D87F9DAD3189,electric_bike,2021-08-25 18:18:33,2021-08-25 18:36:41,Clark St & Henry St,4789,Monroe St & Classon Ave,4336,40.69760127,-73.99344559,40.6845683,-73.95881081,member
1081321,856AF1D6EF3AF52D,classic_bike,2021-08-16 12:53:07,2021-08-16 13:04:23,Clark St & Henry St,4789,Wyckoff St & Nevins St,4290,40.69760127,-73.99344559,40.683426,-73.984275,member
1083122,E8EA9713B9A2C3CD,classic_bike,2021-08-26 08:54:34,2021-08-26 09:07:38,Clark St & Henry St,4789,Van Brunt St & Wolcott St,4095,40.69760127,-73.99344559,40.6773429,-74.01275056,member
1085029,DF9A85982A4CACFF,electric_bike,2021-08-04 19:06:02,2021-08-04 19:14:59,Clark St & Henry St,4789,Van Brunt St & Wolcott St,4095,40.69760127,-73.99344559,40.6773429,-74.01275056,casual
1085192,9DC9710F12DF26B9,classic_bike,2021-08-08 13:49:19,2021-08-08 14:11:47,Clark St & Henry St,4789,Van Brunt St & Wolcott St,4095,40.69760127,-73.99344559,40.6773429,-74.01275056,member
1085196,C4F9BCCCDDD3D282,classic_bike,2021-08-16 17:43:50,2021-08-16 17:56:15,Clark St & Henry St,4789,Wyckoff St & Nevins St,4290,40.69760127,-73.99344559,40.683426,-73.984275,casual
1085438,13199B054D736626,classic_bike,2021-08-19 08:53:27,2021-08-19 09:07:05,Clark St & Henry St,4789,Van Brunt St & Wolcott St,4095,40.69760127,-73.99344559,40.6773429,-74.01275056,member
1088055,9E27B2B7BADA667D,classic_bike,2021-08-20 15:32:05,2021-08-20 15:37:34,Clark St & Henry St,4789,Court St & State St,4488,40.69760127,-73.99344559,40.6902375,-73.99203074,casual
1088057,9B699147E6748A58,classic_bike,2021-08-04 10:25:56,2021-08-04 10:30:35,Clark St & Henry St,4789,Court St & State St,4488,40.69760127,-73.99344559,40.6902375,-73.99203074,member
1088058,7E7AB0DE04DE68EA,classic_bike,2021-08-19 13:29:27,2021-08-19 13:34:06,Clark St & Henry St,4789,Court St & State St,4488,40.69760127,-73.99344559,40.6902375,-73.99203074,member
1088060,803515203DA0E32B,classic_bike,2021-08-07 18:41:05,2021-08-07 18:59:52,Clark St & Henry St,4789,President St & 4 Ave,4101,40.69760127,-73.99344559,40.676757,-73.983262,member
1088063,B3BCD2082EF2436D,classic_bike,2021-08-17 17:23:32,2021-08-17 17:32:05,Clark St & Henry St,4789,Court St & State St,4488,40.69760127,-73.99344559,40.6902375,-73.99203074,member
1088064,2332B4F37A7F2372,classic_bike,2021-08-24 18:16:47,2021-08-24 18:26:14,Clark St & Henry St,4789,Court St & State St,4488,40.69760127,-73.99344559,40.6902375,-73.99203074,member
1088069,DF46B2941050068D,classic_bike,2021-08-21 12:58:03,2021-08-21 13:02:40,Clark St & Henry St,4789,Court St & State St,4488,40.69760127,-73.99344559,40.6902375,-73.99203074,casual
1088070,A3E336C011545E88,electric_bike,2021-08-21 19:18:42,2021-08-21 19:21:40,Clark St & Henry St,4789,Court St & State St,4488,40.69760127,-73.99344559,40.6902375,-73.99203074,casual
1088071,432A146CF1FFCFDA,classic_bike,2021-08-26 15:44:47,2021-08-26 15:51:28,Clark St & Henry St,4789,Court St & State St,4488,40.69760127,-73.99344559,40.6902375,-73.99203074,member
1088072,BF882F597DDC2414,classic_bike,2021-08-26 07:33:13,2021-08-26 07:38:25,Clark St & Henry St,4789,Court St & State St,4488,40.69760127,-73.99344559,40.6902375,-73.99203074,member
1088077,3D42CD1407C21BAB,electric_bike,2021-08-14 00:44:48,2021-08-14 00:58:42,Clark St & Henry St,4789,Delancey St & Eldridge St,5414,40.69760127,-73.99344559,40.719383,-73.991479,casual
1088079,4AAEE1BAAA46DF44,classic_bike,2021-08-17 15:42:24,2021-08-17 15:47:10,Clark St & Henry St,4789,Court St & State St,4488,40.69760127,-73.99344559,40.6902375,-73.99203074,member
1088080,D019D700060A7472,classic_bike,2021-08-04 11:54:59,2021-08-04 11:59:28,Clark St & Henry St,4789,Court St & State St,4488,40.69760127,-73.99344559,40.6902375,-73.99203074,member
1088086,92732632AD62758A,classic_bike,2021-08-12 20:04:45,2021-08-12 20:09:03,Clark St & Henry St,4789,Court St & State St,4488,40.69760127,-73.99344559,40.6902375,-73.99203074,member
1088087,52A0832B8486DC79,classic_bike,2021-08-18 15:41:01,2021-08-18 15:44:48,Clark St & Henry St,4789,Court St & State St,4488,40.69760127,-73.99344559,40.6902375,-73.99203074,member
1088088,3CD289736394CC7E,classic_bike,2021-08-24 18:08:27,2021-08-24 18:14:50,Clark St & Henry St,4789,Court St & State St,4488,40.69760127,-73.99344559,40.6902375,-73.99203074,casual
1088147,3F9CA6B70D3E9524,electric_bike,2021-08-17 18:28:03,2021-08-17 18:49:47,Clark St & Henry St,4789,Underhill Ave & Pacific St,4231,40.69760127,-73.99344559,40.6804836,-73.9646795,member
1088150,1D3D4511CD95B66A,electric_bike,2021-08-31 17:28:39,2021-08-31 17:37:25,Clark St & Henry St,4789,Court St & State St,4488,40.69760127,-73.99344559,40.6902375,-73.99203074,member
1088153,57DA3728AB32811A,classic_bike,2021-08-21 13:18:04,2021-08-21 13:25:35,Clark St & Henry St,4789,Court St & State St,4488,40.69760127,-73.99344559,40.6902375,-73.99203074,casual
1088154,9B29BED791111EBE,classic_bike,2021-08-05 20:40:52,2021-08-05 20:45:52,Clark St & Henry St,4789,Court St & State St,4488,40.69760127,-73.99344559,40.6902375,-73.99203074,casual
1089374,080D004A0E65405D,classic_bike,2021-08-20 13:15:40,2021-08-20 13:19:54,Clark St & Henry St,4789,Court St & State St,4488,40.69760127,-73.99344559,40.6902375,-73.99203074,member
1089377,CBF617D072940A00,classic_bike,2021-08-30 15:26:22,2021-08-30 15:31:23,Clark St & Henry St,4789,Court St & State St,4488,40.69760127,-73.99344559,40.6902375,-73.99203074,member
1089378,C0ABC9A6BEB80D49,classic_bike,2021-08-04 18:39:08,2021-08-04 18:45:29,Clark St & Henry St,4789,Court St & State St,4488,40.69760127,-73.99344559,40.6902375,-73.99203074,member
1089379,011ED77FFE8AA40C,classic_bike,2021-08-12 11:24:05,2021-08-12 11:29:02,Clark St & Henry St,4789,Court St & State St,4488,40.69760127,-73.99344559,40.6902375,-73.99203074,member
1089384,08E7888DD5E015F5,classic_bike,2021-08-07 17:33:48,2021-08-07 17:47:14,Clark St & Henry St,4789,President St & 4 Ave,4101,40.69760127,-73.99344559,40.676757,-73.983262,casual
1092574,BF36398C1AFC5B85,classic_bike,2021-08-07 13:33:26,2021-08-07 13:59:16,Clark St & Henry St,4789,President St & 4 Ave,4101,40.69760127,-73.99344559,40.676757,-73.983262,member
1092575,64C30DD99623C540,classic_bike,2021-08-27 14:39:28,2021-08-27 14:45:24,Clark St & Henry St,4789,Court St & State St,4488,40.69760127,-73.99344559,40.6902375,-73.99203074,member
1092577,0DE232953AFB86B8,electric_bike,2021-08-31 18:01:03,2021-08-31 18:06:07,Clark St & Henry St,4789,Court St & State St,4488,40.69760127,-73.99344559,40.6902375,-73.99203074,member
1092582,7F76EE84227AC529,classic_bike,2021-08-02 15:33:43,2021-08-02 15:38:45,Clark St & Henry St,4789,Court St & State St,4488,40.69760127,-73.99344559,40.6902375,-73.99203074,member
1092583,C35A354084617438,classic_bike,2021-08-26 18:03:22,2021-08-26 18:09:53,Clark St & Henry St,4789,Court St & State St,4488,40.69760127,-73.99344559,40.6902375,-73.99203074,member
1092585,324D15E87D6D202A,classic_bike,2021-08-08 17:48:35,2021-08-08 17:56:17,Clark St & Henry St,4789,Court St & State St,4488,40.69760127,-73.99344559,40.6902375,-73.99203074,member
1092586,118CFBD95CCB2860,electric_bike,2021-08-20 12:15:15,2021-08-20 12:19:34,Clark St & Henry St,4789,Court St & State St,4488,40.69760127,-73.99344559,40.6902375,-73.99203074,member
1092597,D63C6ED8F8AE84FA,classic_bike,2021-08-05 00:47:36,2021-08-05 00:53:16,Clark St & Henry St,4789,Court St & State St,4488,40.69760127,-73.99344559,40.6902375,-73.99203074,member
1092599,BAF2AFA20E490621,classic_bike,2021-08-07 18:52:12,2021-08-07 19:56:21,Clark St & Henry St,4789,Court St & State St,4488,40.69760127,-73.99344559,40.6902375,-73.99203074,member
1092600,E60D4777525AB285,classic_bike,2021-08-12 16:09:07,2021-08-12 16:15:42,Clark St & Henry St,4789,Court St & State St,4488,40.69760127,-73.99344559,40.6902375,-73.99203074,member
1092602,51B8B2A317DB2A7A,classic_bike,2021-08-30 12:22:38,2021-08-30 12:26:56,Clark St & Henry St,4789,Court St & State St,4488,40.69760127,-73.99344559,40.6902375,-73.99203074,member
1092952,8F960EE99D85C215,classic_bike,2021-08-14 09:17:30,2021-08-14 09:21:44,Clark St & Henry St,4789,Court St & State St,4488,40.69760127,-73.99344559,40.6902375,-73.99203074,member
1092955,9F28DA0E5F41BCFE,classic_bike,2021-08-27 21:18:11,2021-08-27 21:22:46,Clark St & Henry St,4789,Court St & State St,4488,40.69760127,-73.99344559,40.6902375,-73.99203074,casual
1096018,1FD8C9B8C30768CA,classic_bike,2021-08-25 13:22:36,2021-08-25 13:27:33,Clark St & Henry St,4789,Court St & State St,4488,40.69760127,-73.99344559,40.6902375,-73.99203074,member
1096056,20B25A32EE074A12,classic_bike,2021-08-30 10:29:41,2021-08-30 10:34:04,Clark St & Henry St,4789,Court St & State St,4488,40.69760127,-73.99344559,40.6902375,-73.99203074,member
1096058,29254D62DEA0EA9A,classic_bike,2021-08-29 12:06:54,2021-08-29 12:12:49,Clark St & Henry St,4789,Court St & State St,4488,40.69760127,-73.99344559,40.6902375,-73.99203074,member
1096060,FFA3C05601EBF9DA,classic_bike,2021-08-01 11:56:59,2021-08-01 12:14:27,Clark St & Henry St,4789,Court St & State St,4488,40.69760127,-73.99344559,40.6902375,-73.99203074,member
1096061,61F783DADD32D1B2,electric_bike,2021-08-18 14:42:51,2021-08-18 15:18:04,Clark St & Henry St,4789,Court St & State St,4488,40.69760127,-73.99344559,40.6902375,-73.99203074,member
1096062,03A91FA558D2254A,electric_bike,2021-08-03 20:16:35,2021-08-03 20:21:57,Clark St & Henry St,4789,Court St & State St,4488,40.69760127,-73.99344559,40.6902375,-73.99203074,member
1096074,1CE1D02EB8B0DE19,classic_bike,2021-08-21 17:41:17,2021-08-21 18:06:12,Clark St & Henry St,4789,Court St & State St,4488,40.69760127,-73.99344559,40.6902375,-73.99203074,member
1096075,1D90D236B82074FE,electric_bike,2021-08-24 19:35:05,2021-08-24 19:41:09,Clark St & Henry St,4789,Court St & State St,4488,40.69760127,-73.99344559,40.6902375,-73.99203074,member
1096078,1516A060DF58381C,classic_bike,2021-08-16 16:33:03,2021-08-16 16:37:56,Clark St & Henry St,4789,Court St & State St,4488,40.69760127,-73.99344559,40.6902375,-73.99203074,member
1096081,FF7899F57D5D4695,classic_bike,2021-08-25 12:14:49,2021-08-25 12:19:35,Clark St & Henry St,4789,Court St & State St,4488,40.69760127,-73.99344559,40.6902375,-73.99203074,casual
1096083,C9A693EB3B1CA6FF,classic_bike,2021-08-08 16:51:19,2021-08-08 17:00:04,Clark St & Henry St,4789,Court St & State St,4488,40.69760127,-73.99344559,40.6902375,-73.99203074,casual
1096093,AF946A61E42DE7B9,classic_bike,2021-08-14 09:53:13,2021-08-14 09:57:36,Clark St & Henry St,4789,Court St & State St,4488,40.69760127,-73.99344559,40.6902375,-73.99203074,member
1096095,69417F6829E5DB9E,classic_bike,2021-08-16 12:01:19,2021-08-16 12:06:17,Clark St & Henry St,4789,Court St & State St,4488,40.69760127,-73.99344559,40.6902375,-73.99203074,member
1096096,27E0D9C5705B4D67,electric_bike,2021-08-16 19:18:29,2021-08-16 19:23:34,Clark St & Henry St,4789,Court St & State St,4488,40.69760127,-73.99344559,40.6902375,-73.99203074,member
1096104,AD838170CEF4921A,classic_bike,2021-08-26 11:49:00,2021-08-26 11:52:47,Clark St & Henry St,4789,Court St & State St,4488,40.69760127,-73.99344559,40.6902375,-73.99203074,member
1096105,75E27568097EC105,classic_bike,2021-08-25 21:34:37,2021-08-25 21:40:00,Clark St & Henry St,4789,Court St & State St,4488,40.69760127,-73.99344559,40.6902375,-73.99203074,member
1096106,1CBE5B2E9EE2CFC9,classic_bike,2021-08-17 16:49:54,2021-08-17 16:54:10,Clark St & Henry St,4789,Court St & State St,4488,40.69760127,-73.99344559,40.6902375,-73.99203074,member
1096109,638CB53FAF249AA9,electric_bike,2021-08-01 19:17:27,2021-08-01 19:29:14,Clark St & Henry St,4789,Court St & State St,4488,40.69760127,-73.99344559,40.6902375,-73.99203074,casual
1096110,42D3FF3BB590A585,electric_bike,2021-08-14 00:44:48,2021-08-14 00:58:42,Clark St & Henry St,4789,Delancey St & Eldridge St,5414,40.69760127,-73.99344559,40.719383,-73.991479,casual
1096115,35A621160FA49B4E,classic_bike,2021-08-06 17:04:41,2021-08-06 17:10:00,Clark St & Henry St,4789,Court St & State St,4488,40.69760127,-73.99344559,40.6902375,-73.99203074,member
1096118,D1928402608C5524,electric_bike,2021-08-28 21:24:29,2021-08-28 21:48:26,Clark St & Henry St,4789,Court St & State St,4488,40.69760127,-73.99344559,40.6902375,-73.99203074,member
1096133,FCBBE2A52A79B54B,classic_bike,2021-08-19 14:25:12,2021-08-19 14:31:01,Clark St & Henry St,4789,Court St & State St,4488,40.69760127,-73.99344559,40.6902375,-73.99203074,member
1096134,377358CF9891B906,classic_bike,2021-08-28 11:41:24,2021-08-28 11:59:08,Clark St & Henry St,4789,Clermont Ave & Lafayette Ave,4461,40.69760127,-73.99344559,40.68764484,-73.96968902,member
1096138,C915D1213772E9B1,electric_bike,2021-08-31 08:35:18,2021-08-31 08:41:06,Clark St & Henry St,4789,Court St & State St,4488,40.69760127,-73.99344559,40.6902375,-73.99203074,member
1096139,19826EE370F0E7F1,classic_bike,2021-08-21 18:21:48,2021-08-21 18:26:23,Clark St & Henry St,4789,Court St & State St,4488,40.69760127,-73.99344559,40.6902375,-73.99203074,member
1096140,62200B0F47EF1311,classic_bike,2021-08-01 17:07:19,2021-08-01 17:16:22,Clark St & Henry St,4789,Court St & State St,4488,40.69760127,-73.99344559,40.6902375,-73.99203074,member
1096143,3524AB765E8E731F,classic_bike,2021-08-30 14:03:52,2021-08-30 14:08:27,Clark St & Henry St,4789,Court St & State St,4488,40.69760127,-73.99344559,40.6902375,-73.99203074,casual
1097064,A3CC949562B87A44,classic_bike,2021-08-07 15:38:43,2021-08-07 15:42:53,Clark St & Henry St,4789,Court St & State St,4488,40.69760127,-73.99344559,40.6902375,-73.99203074,member
1097068,7A0D438975DF606A,electric_bike,2021-08-01 19:17:47,2021-08-01 19:31:08,Clark St & Henry St,4789,Court St & State St,4488,40.69760127,-73.99344559,40.6902375,-73.99203074,casual
1097116,1EE5C3B262ADFF6B,classic_bike,2021-08-17 18:08:32,2021-08-17 18:12:46,Clark St & Henry St,4789,Court St & State St,4488,40.69760127,-73.99344559,40.6902375,-73.99203074,member
1097119,3B4A1FC8A941E77E,electric_bike,2021-08-08 16:49:19,2021-08-08 16:53:25,Clark St & Henry St,4789,Court St & State St,4488,40.69760127,-73.99344559,40.6902375,-73.99203074,member
1097128,3CF61EA2D5B9701C,classic_bike,2021-08-04 15:56:31,2021-08-04 16:09:29,Clark St & Henry St,4789,Court St & State St,4488,40.69760127,-73.99344559,40.6902375,-73.99203074,member
1097130,E2694231FDC5366E,classic_bike,2021-08-04 05:58:45,2021-08-04 06:03:52,Clark St & Henry St,4789,Court St & State St,4488,40.69760127,-73.99344559,40.6902375,-73.99203074,member
1097131,2162B2F58F8A9682,classic_bike,2021-08-17 20:40:53,2021-08-17 20:46:03,Clark St & Henry St,4789,Court St & State St,4488,40.69760127,-73.99344559,40.6902375,-73.99203074,member
1097132,41DAC222C49A7051,classic_bike,2021-08-17 22:50:29,2021-08-17 22:55:50,Clark St & Henry St,4789,Court St & State St,4488,40.69760127,-73.99344559,40.6902375,-73.99203074,member
1097134,D5487B67B445E07D,classic_bike,2021-08-01 08:06:03,2021-08-01 08:13:20,Clark St & Henry St,4789,Court St & State St,4488,40.69760127,-73.99344559,40.6902375,-73.99203074,member
1098774,31CC08561E71B4B8,classic_bike,2021-08-13 15:27:32,2021-08-13 15:32:08,Clark St & Henry St,4789,Court St & State St,4488,40.69760127,-73.99344559,40.6902375,-73.99203074,member
1098778,4352169CA7275D8E,classic_bike,2021-08-06 13:03:05,2021-08-06 13:08:21,Clark St & Henry St,4789,Court St & State St,4488,40.69760127,-73.99344559,40.6902375,-73.99203074,member
1099762,A79B9345DE5AA231,classic_bike,2021-08-29 18:49:29,2021-08-29 18:54:38,Clark St & Henry St,4789,Court St & State St,4488,40.69760127,-73.99344559,40.6902375,-73.99203074,member
1099763,4C4488E60D9962F6,classic_bike,2021-08-29 07:12:04,2021-08-29 07:16:25,Clark St & Henry St,4789,Court St & State St,4488,40.69760127,-73.99344559,40.6902375,-73.99203074,member
1099764,BEAB127B3FBF78C7,classic_bike,2021-08-13 05:58:38,2021-08-13 06:03:54,Clark St & Henry St,4789,Court St & State St,4488,40.69760127,-73.99344559,40.6902375,-73.99203074,member
1099765,4C61B0D80F903123,classic_bike,2021-08-25 00:48:40,2021-08-25 00:53:11,Clark St & Henry St,4789,Court St & State St,4488,40.69760127,-73.99344559,40.6902375,-73.99203074,member
1099772,6949E1A2C02407A3,electric_bike,2021-08-09 14:23:07,2021-08-09 14:36:32,Clark St & Henry St,4789,Court St & State St,4488,40.69760127,-73.99344559,40.6902375,-73.99203074,member
1099773,8D753AE3B1C9A838,electric_bike,2021-08-02 18:42:16,2021-08-02 18:55:20,Clark St & Henry St,4789,Delancey St & Eldridge St,5414,40.69760127,-73.99344559,40.719383,-73.991479,member
1099778,3405EEA97EF6AB0B,classic_bike,2021-08-09 17:02:33,2021-08-09 17:07:46,Clark St & Henry St,4789,Court St & State St,4488,40.69760127,-73.99344559,40.6902375,-73.99203074,casual
1099779,0E9DF4B4742E9E63,classic_bike,2021-08-29 11:27:29,2021-08-29 11:50:46,Clark St & Henry St,4789,Underhill Ave & Pacific St,4231,40.69760127,-73.99344559,40.6804836,-73.9646795,casual
1099780,D9E064684F218973,classic_bike,2021-08-27 11:43:47,2021-08-27 11:48:34,Clark St & Henry St,4789,Court St & State St,4488,40.69760127,-73.99344559,40.6902375,-73.99203074,member
1099791,3729FA21E20BF2A1,classic_bike,2021-08-07 13:35:07,2021-08-07 13:59:18,Clark St & Henry St,4789,President St & 4 Ave,4101,40.69760127,-73.99344559,40.676757,-73.983262,casual
1099793,85F3FDF9AD8794B0,classic_bike,2021-08-16 14:06:32,2021-08-16 14:11:33,Clark St & Henry St,4789,Court St & State St,4488,40.69760127,-73.99344559,40.6902375,-73.99203074,member
1100190,F973CC12671F0F4D,classic_bike,2021-08-03 19:22:32,2021-08-03 19:26:30,Clark St & Henry St,4789,Court St & State St,4488,40.69760127,-73.99344559,40.6902375,-73.99203074,member
1100191,EC687FE4365E86E3,classic_bike,2021-08-10 17:29:53,2021-08-10 17:36:01,Clark St & Henry St,4789,Court St & State St,4488,40.69760127,-73.99344559,40.6902375,-73.99203074,member
1100194,148D1A0461DB9D6C,classic_bike,2021-08-13 22:18:58,2021-08-13 22:31:11,Clark St & Henry St,4789,Court St & State St,4488,40.69760127,-73.99344559,40.6902375,-73.99203074,casual
1100447,E787BDF5EF32C7BF,classic_bike,2021-08-31 09:51:10,2021-08-31 09:55:32,Clark St & Henry St,4789,Court St & State St,4488,40.69760127,-73.99344559,40.6902375,-73.99203074,member
1100498,5E7030BC2709FB7A,classic_bike,2021-08-14 15:46:12,2021-08-14 15:50:39,Clark St & Henry St,4789,Court St & State St,4488,40.69760127,-73.99344559,40.6902375,-73.99203074,member
1100502,A9C2DCD1BDD0F2B0,classic_bike,2021-08-12 14:27:40,2021-08-12 14:34:16,Clark St & Henry St,4789,Court St & State St,4488,40.69760127,-73.99344559,40.6902375,-73.99203074,member
1105485,E1397C34E281FC8D,classic_bike,2021-08-07 19:10:18,2021-08-07 19:16:32,Clark St & Henry St,4789,Court St & State St,4488,40.69760127,-73.99344559,40.6902375,-73.99203074,member
1105488,41D79A6D088BA95E,classic_bike,2021-08-28 18:54:34,2021-08-28 19:00:44,Clark St & Henry St,4789,Court St & State St,4488,40.69760127,-73.99344559,40.6902375,-73.99203074,member
1105490,FA43BB86D001B44A,classic_bike,2021-08-28 09:26:31,2021-08-28 09:31:33,Clark St & Henry St,4789,Court St & State St,4488,40.69760127,-73.99344559,40.6902375,-73.99203074,member
1105491,5971E946833839D0,classic_bike,2021-08-24 18:28:00,2021-08-24 18:34:24,Clark St & Henry St,4789,Court St & State St,4488,40.69760127,-73.99344559,40.6902375,-73.99203074,member
1105492,88A0AF04555D898A,classic_bike,2021-08-19 20:05:07,2021-08-19 20:13:19,Clark St & Henry St,4789,Court St & State St,4488,40.69760127,-73.99344559,40.6902375,-73.99203074,member
1105493,90548172965089A7,classic_bike,2021-08-31 20:49:01,2021-08-31 20:52:15,Clark St & Henry St,4789,Court St & State St,4488,40.69760127,-73.99344559,40.6902375,-73.99203074,member
1105494,81A311E8207A7BBC,classic_bike,2021-08-19 18:44:11,2021-08-19 18:48:48,Clark St & Henry St,4789,Court St & State St,4488,40.69760127,-73.99344559,40.6902375,-73.99203074,member
1105925,49CEF3FEB64C41A3,classic_bike,2021-08-31 13:31:20,2021-08-31 13:35:54,Clark St & Henry St,4789,Court St & State St,4488,40.69760127,-73.99344559,40.6902375,-73.99203074,member
1105928,25E106E5443DD99C,electric_bike,2021-08-21 10:56:29,2021-08-21 11:01:48,Clark St & Henry St,4789,Court St & State St,4488,40.69760127,-73.99344559,40.6902375,-73.99203074,member
1105929,C6E2A7733554E65C,classic_bike,2021-08-21 16:53:13,2021-08-21 16:59:38,Clark St & Henry St,4789,Court St & State St,4488,40.69760127,-73.99344559,40.6902375,-73.99203074,member
1105930,E68E213059494187,classic_bike,2021-08-21 14:47:18,2021-08-21 14:52:12,Clark St & Henry St,4789,Court St & State St,4488,40.69760127,-73.99344559,40.6902375,-73.99203074,member
1105943,830270B076380020,classic_bike,2021-08-31 09:12:24,2021-08-31 09:17:10,Clark St & Henry St,4789,Court St & State St,4488,40.69760127,-73.99344559,40.6902375,-73.99203074,member
1105944,85409EBAC6D3E92A,classic_bike,2021-08-06 13:09:58,2021-08-06 13:24:10,Clark St & Henry St,4789,President St & 4 Ave,4101,40.69760127,-73.99344559,40.676757,-73.983262,member
1106852,514AD668A13175FA,classic_bike,2021-08-14 06:52:17,2021-08-14 06:56:54,Clark St & Henry St,4789,Court St & State St,4488,40.69760127,-73.99344559,40.6902375,-73.99203074,member
1106853,22A83F0551175182,classic_bike,2021-08-14 12:33:11,2021-08-14 12:38:28,Clark St & Henry St,4789,Court St & State St,4488,40.69760127,-73.99344559,40.6902375,-73.99203074,member
1106854,508099CCF856A7D8,classic_bike,2021-08-10 00:58:04,2021-08-10 01:02:52,Clark St & Henry St,4789,Court St & State St,4488,40.69760127,-73.99344559,40.6902375,-73.99203074,member
1106856,0082CC161D5B84F4,classic_bike,2021-08-23 19:37:58,2021-08-23 19:45:11,Clark St & Henry St,4789,Court St & State St,4488,40.69760127,-73.99344559,40.6902375,-73.99203074,member
1107869,B1F39FC6EEA8219D,electric_bike,2021-08-29 20:00:12,2021-08-29 20:05:43,Clark St & Henry St,4789,Court St & State St,4488,40.69760127,-73.99344559,40.6902375,-73.99203074,member
1107870,D49D1D14F90039A0,electric_bike,2021-08-30 19:50:03,2021-08-30 19:56:22,Clark St & Henry St,4789,Court St & State St,4488,40.69760127,-73.99344559,40.6902375,-73.99203074,member
1108611,786882C7CC7988AB,classic_bike,2021-08-14 15:58:40,2021-08-14 16:15:03,Clark St & Henry St,4789,President St & 4 Ave,4101,40.69760127,-73.99344559,40.676757,-73.983262,member
1108615,21232F25932506AF,classic_bike,2021-08-30 12:43:40,2021-08-30 12:48:49,Clark St & Henry St,4789,Court St & State St,4488,40.69760127,-73.99344559,40.6902375,-73.99203074,member
1109779,7249AC9CB000A31A,classic_bike,2021-08-08 16:23:08,2021-08-08 16:36:14,Clark St & Henry St,4789,President St & 4 Ave,4101,40.69760127,-73.99344559,40.676757,-73.983262,member
1109780,3BB89E5032A951FE,classic_bike,2021-08-28 00:59:24,2021-08-28 01:03:42,Clark St & Henry St,4789,Court St & State St,4488,40.69760127,-73.99344559,40.6902375,-73.99203074,member
1109781,005D64C6F8259F9C,classic_bike,2021-08-30 20:29:23,2021-08-30 20:35:08,Clark St & Henry St,4789,Court St & State St,4488,40.69760127,-73.99344559,40.6902375,-73.99203074,member
1109783,12FA96BE77CADFB6,classic_bike,2021-08-18 17:01:42,2021-08-18 17:07:56,Clark St & Henry St,4789,Court St & State St,4488,40.69760127,-73.99344559,40.6902375,-73.99203074,casual
1109784,A0108EC09258C59B,electric_bike,2021-08-06 07:45:47,2021-08-06 07:49:08,Clark St & Henry St,4789,Court St & State St,4488,40.69760127,-73.99344559,40.6902375,-73.99203074,member
1109844,94ADB8B6715036E1,classic_bike,2021-08-27 00:52:46,2021-08-27 00:57:37,Clark St & Henry St,4789,Court St & State St,4488,40.69760127,-73.99344559,40.6902375,-73.99203074,member
1109845,F013953D342D3C48,classic_bike,2021-08-27 15:46:12,2021-08-27 15:51:18,Clark St & Henry St,4789,Court St & State St,4488,40.69760127,-73.99344559,40.6902375,-73.99203074,member
1109854,13631F78EB1F8648,electric_bike,2021-08-10 18:22:26,2021-08-10 18:28:13,Clark St & Henry St,4789,Court St & State St,4488,40.69760127,-73.99344559,40.6902375,-73.99203074,member
1109981,CA1AABADF3D350E9,classic_bike,2021-08-06 00:55:22,2021-08-06 00:59:58,Clark St & Henry St,4789,Court St & State St,4488,40.69760127,-73.99344559,40.6902375,-73.99203074,member
1109983,B5B187002F3A23AB,classic_bike,2021-08-07 07:08:24,2021-08-07 07:13:13,Clark St & Henry St,4789,Court St & State St,4488,40.69760127,-73.99344559,40.6902375,-73.99203074,member
1109986,58B115370F3E1F58,classic_bike,2021-08-05 19:08:59,2021-08-05 19:22:18,Clark St & Henry St,4789,President St & 4 Ave,4101,40.69760127,-73.99344559,40.676757,-73.983262,casual
1109989,2F1956F303FF5120,classic_bike,2021-08-28 13:45:07,2021-08-28 13:49:31,Clark St & Henry St,4789,Court St & State St,4488,40.69760127,-73.99344559,40.6902375,-73.99203074,member
1109990,E1C3875D6C2A9F8D,classic_bike,2021-08-28 07:04:10,2021-08-28 07:08:07,Clark St & Henry St,4789,Court St & State St,4488,40.69760127,-73.99344559,40.6902375,-73.99203074,member
1109991,A6B3329E0EF65EDE,electric_bike,2021-08-24 19:01:02,2021-08-24 19:04:17,Clark St & Henry St,4789,Court St & State St,4488,40.69760127,-73.99344559,40.6902375,-73.99203074,member
1109993,44264C8052F35AD2,classic_bike,2021-08-28 20:35:32,2021-08-28 20:39:18,Clark St & Henry St,4789,Court St & State St,4488,40.69760127,-73.99344559,40.6902375,-73.99203074,member
1110355,BB1A6402B86B1B48,classic_bike,2021-08-12 06:57:19,2021-08-12 07:04:31,Clark St & Henry St,4789,Court St & State St,4488,40.69760127,-73.99344559,40.6902375,-73.99203074,member
1110356,4F4CDE85231DE13D,classic_bike,2021-08-21 18:46:45,2021-08-21 18:51:53,Clark St & Henry St,4789,Court St & State St,4488,40.69760127,-73.99344559,40.6902375,-73.99203074,member
1110357,379A037B34767803,classic_bike,2021-08-12 20:26:27,2021-08-12 20:30:21,Clark St & Henry St,4789,Court St & State St,4488,40.69760127,-73.99344559,40.6902375,-73.99203074,member
1110358,B483DC81083C9D24,classic_bike,2021-08-12 22:39:29,2021-08-12 23:10:52,Clark St & Henry St,4789,Underhill Ave & Pacific St,4231,40.69760127,-73.99344559,40.6804836,-73.9646795,member
1110359,5BFBB70230722066,classic_bike,2021-08-02 08:51:52,2021-08-02 08:58:23,Clark St & Henry St,4789,Court St & State St,4488,40.69760127,-73.99344559,40.6902375,-73.99203074,member
1110360,C3788357CE6FE364,classic_bike,2021-08-10 12:18:37,2021-08-10 12:22:40,Clark St & Henry St,4789,Court St & State St,4488,40.69760127,-73.99344559,40.6902375,-73.99203074,member
1114887,C06D64ABD473AA9E,classic_bike,2021-08-18 17:43:00,2021-08-18 17:54:06,Clark St & Henry St,4789,St Marks Pl & 4 Ave,4249,40.69760127,-73.99344559,40.68177810928762,-73.97988975048065,casual
1114891,5D9D6AB177C47BCB,electric_bike,2021-08-23 12:46:43,2021-08-23 13:03:39,Clark St & Henry St,4789,St James Pl & Oliver St,5238,40.69760127,-73.99344559,40.71307916,-73.99851193,member
1114893,069DEE9E3B832839,classic_bike,2021-08-19 10:36:56,2021-08-19 11:21:23,Clark St & Henry St,4789,Carlton Ave & Flushing Ave,4732,40.69760127,-73.99344559,40.697787,-73.973736,member
1114899,E748503BBF30E91A,classic_bike,2021-08-24 18:09:03,2021-08-24 18:19:29,Clark St & Henry St,4789,St Marks Pl & 4 Ave,4249,40.69760127,-73.99344559,40.68177810928762,-73.97988975048065,casual
1129283,A067257C92F5C22D,classic_bike,2021-08-12 12:07:36,2021-08-12 12:19:08,Clark St & Henry St,4789,Carlton Ave & Flushing Ave,4732,40.69760127,-73.99344559,40.697787,-73.973736,member
1129287,42CE34F7F965F054,electric_bike,2021-08-10 22:51:57,2021-08-10 23:01:48,Clark St & Henry St,4789,St Marks Pl & 4 Ave,4249,40.69760127,-73.99344559,40.68177810928762,-73.97988975048065,member
1129295,2AE2189AE032ECEE,classic_bike,2021-08-13 06:44:08,2021-08-13 06:53:09,Clark St & Henry St,4789,Carlton Ave & Flushing Ave,4732,40.69760127,-73.99344559,40.697787,-73.973736,member
1129297,62A38912FF2550C1,classic_bike,2021-08-15 17:49:42,2021-08-15 18:02:10,Clark St & Henry St,4789,Carlton Ave & Flushing Ave,4732,40.69760127,-73.99344559,40.697787,-73.973736,casual
1129298,5C3A26D9BF04D718,electric_bike,2021-08-07 01:30:32,2021-08-07 01:47:31,Clark St & Henry St,4789,Broadway & Kosciuszko St,4608,40.69760127,-73.99344559,40.69329,-73.92852,member
1129302,4DBDFDCDB658D4B1,classic_bike,2021-08-14 12:31:36,2021-08-14 12:49:40,Clark St & Henry St,4789,Bergen St & Flatbush Ave,4281,40.69760127,-73.99344559,40.680944723477296,-73.97567331790923,casual
1129315,F92B11A1AEA08527,classic_bike,2021-08-12 21:10:05,2021-08-12 21:26:05,Clark St & Henry St,4789,Bergen St & Flatbush Ave,4281,40.69760127,-73.99344559,40.680944723477296,-73.97567331790923,casual
1129359,F6F2231BFC8D6582,classic_bike,2021-08-05 14:47:09,2021-08-05 15:05:44,Clark St & Henry St,4789,Dwight St & Van Dyke St,3981,40.69760127,-73.99344559,40.67363551341504,-74.01195555925369,casual
1129364,F4A3F7630E24376A,classic_bike,2021-08-02 18:12:50,2021-08-02 18:37:46,Clark St & Henry St,4789,Dwight St & Van Dyke St,3981,40.69760127,-73.99344559,40.67363551341504,-74.01195555925369,member
1129394,EA444AAC0C00A9F0,classic_bike,2021-08-19 13:52:40,2021-08-19 14:03:29,Clark St & Henry St,4789,Carlton Ave & Flushing Ave,4732,40.69760127,-73.99344559,40.697787,-73.973736,member
1129403,7A795D26CEB7A658,electric_bike,2021-08-06 10:04:58,2021-08-06 10:31:17,Clark St & Henry St,4789,E 33 St & 1 Ave,6197,40.69760127,-73.99344559,40.74322681432173,-73.97449783980846,member
1129404,189276815F1D5FA4,classic_bike,2021-08-18 17:47:19,2021-08-18 18:08:29,Clark St & Henry St,4789,St James Pl & Oliver St,5238,40.69760127,-73.99344559,40.71307916,-73.99851193,member
1129405,9836229B79B7F47D,electric_bike,2021-08-16 10:28:19,2021-08-16 10:36:09,Clark St & Henry St,4789,Carlton Ave & Flushing Ave,4732,40.69760127,-73.99344559,40.697787,-73.973736,member
1129407,C4808394584C02B8,classic_bike,2021-08-17 19:15:15,2021-08-17 19:25:28,Clark St & Henry St,4789,St Marks Pl & 4 Ave,4249,40.69760127,-73.99344559,40.68177810928762,-73.97988975048065,casual
1129428,A49E59CC1D3DA881,classic_bike,2021-08-04 08:30:09,2021-08-04 08:39:46,Clark St & Henry St,4789,Dwight St & Van Dyke St,3981,40.69760127,-73.99344559,40.67363551341504,-74.01195555925369,member
1129465,6A6C46EAE623DA0D,electric_bike,2021-08-06 14:27:12,2021-08-06 14:37:37,Clark St & Henry St,4789,Carlton Ave & Flushing Ave,4732,40.69760127,-73.99344559,40.697787,-73.973736,casual
1129471,8DAFA65C383AB6C4,electric_bike,2021-08-13 09:46:27,2021-08-13 09:54:01,Clark St & Henry St,4789,Carlton Ave & Flushing Ave,4732,40.69760127,-73.99344559,40.697787,-73.973736,member
1129642,7B0B0A0EFB850F1C,classic_bike,2021-08-02 18:12:43,2021-08-02 18:38:08,Clark St & Henry St,4789,Dwight St & Van Dyke St,3981,40.69760127,-73.99344559,40.67363551341504,-74.01195555925369,casual
1129644,B6EAC0EDD3ED272D,classic_bike,2021-08-14 12:31:52,2021-08-14 12:50:00,Clark St & Henry St,4789,Bergen St & Flatbush Ave,4281,40.69760127,-73.99344559,40.680944723477296,-73.97567331790923,casual
1131167,9EDE022A196C7071,classic_bike,2021-08-24 13:21:15,2021-08-24 13:31:43,Clark St & Henry St,4789,Carlton Ave & Flushing Ave,4732,40.69760127,-73.99344559,40.697787,-73.973736,member
1131173,08B679FF5EBB032D,classic_bike,2021-08-31 17:42:19,2021-08-31 18:06:38,Clark St & Henry St,4789,St James Pl & Oliver St,5238,40.69760127,-73.99344559,40.71307916,-73.99851193,member
1131185,6A8E0111F647B69E,electric_bike,2021-08-30 21:15:44,2021-08-30 21:28:07,Clark St & Henry St,4789,Bergen St & Flatbush Ave,4281,40.69760127,-73.99344559,40.680944723477296,-73.97567331790923,casual
1131238,FFD898B6AC414502,electric_bike,2021-08-14 21:47:53,2021-08-14 22:11:21,Clark St & Henry St,4789,Bergen St & Flatbush Ave,4281,40.69760127,-73.99344559,40.680944723477296,-73.97567331790923,casual
1140606,8D1C7E0CA571680A,electric_bike,2021-08-12 09:40:05,2021-08-12 09:48:42,Clark St & Henry St,4789,Carlton Ave & Flushing Ave,4732,40.69760127,-73.99344559,40.697787,-73.973736,member
1140607,2A3C7F239F0984B8,classic_bike,2021-08-25 10:21:42,2021-08-25 10:46:31,Clark St & Henry St,4789,E 33 St & 1 Ave,6197,40.69760127,-73.99344559,40.74322681432173,-73.97449783980846,member
1144103,F77FC8B771172587,electric_bike,2021-08-24 20:26:27,2021-08-24 20:36:54,Clark St & Henry St,4789,Bergen St & Flatbush Ave,4281,40.69760127,-73.99344559,40.680944723477296,-73.97567331790923,member
1144116,A6FBDBF3ADF1CBFD,classic_bike,2021-08-03 09:06:27,2021-08-03 09:16:38,Clark St & Henry St,4789,Carlton Ave & Flushing Ave,4732,40.69760127,-73.99344559,40.697787,-73.973736,member
1145712,67607B88F0F0FF64,classic_bike,2021-08-29 15:53:03,2021-08-29 16:19:29,Clark St & Henry St,4789,E 33 St & 1 Ave,6197,40.69760127,-73.99344559,40.74322681432173,-73.97449783980846,member
1146388,A550D29CB6551C5A,electric_bike,2021-08-25 19:29:53,2021-08-25 19:37:29,Clark St & Henry St,4789,St Marks Pl & 4 Ave,4249,40.69760127,-73.99344559,40.68177810928762,-73.97988975048065,casual
1147306,548EDD8900430F60,classic_bike,2021-08-10 22:29:44,2021-08-10 22:42:41,Clark St & Henry St,4789,Carlton Ave & Flushing Ave,4732,40.69760127,-73.99344559,40.697787,-73.973736,member
1147308,D40800C873F776A8,classic_bike,2021-08-24 16:03:47,2021-08-24 16:28:22,Clark St & Henry St,4789,Dwight St & Van Dyke St,3981,40.69760127,-73.99344559,40.67363551341504,-74.01195555925369,member
1147550,9E694AE5B54A0ECE,electric_bike,2021-08-08 21:11:51,2021-08-08 21:18:33,Clark St & Henry St,4789,Carlton Ave & Flushing Ave,4732,40.69760127,-73.99344559,40.697787,-73.973736,member
1147556,3C1ABB7E6FD7F5A3,classic_bike,2021-08-17 09:52:58,2021-08-17 10:04:20,Clark St & Henry St,4789,Carlton Ave & Flushing Ave,4732,40.69760127,-73.99344559,40.697787,-73.973736,member
1147888,2289A84AA0884016,classic_bike,2021-08-01 10:53:37,2021-08-01 11:08:10,Clark St & Henry St,4789,St Marks Pl & 4 Ave,4249,40.69760127,-73.99344559,40.68177810928762,-73.97988975048065,member
1149867,050B553A2A29A4FD,electric_bike,2021-08-10 08:43:59,2021-08-10 08:58:10,3 St & 3 Ave,4028,Clark St & Henry St,4789,40.6750705,-73.98775226,40.69760127,-73.99344559,member
1149870,2E05BA5B1C5C2C51,classic_bike,2021-08-26 17:38:26,2021-08-26 18:07:22,3 St & 3 Ave,4028,Clark St & Henry St,4789,40.6750705,-73.98775226,40.69760127,-73.99344559,casual
1149882,77C0530C9E2B0847,classic_bike,2021-08-04 15:55:49,2021-08-04 16:10:13,3 St & 3 Ave,4028,Clark St & Henry St,4789,40.6750705,-73.98775226,40.69760127,-73.99344559,member
1149883,F9B339E1BD2A0C0E,classic_bike,2021-08-22 17:18:02,2021-08-22 17:30:12,Henry St & Degraw St,4380,Clark St & Henry St,4789,40.6847514,-73.99917254,40.69760127,-73.99344559,member
1149886,ABE90F5FA3B21387,classic_bike,2021-08-12 11:27:28,2021-08-12 11:47:38,Schermerhorn St & Court St,4565,Clark St & Henry St,4789,40.69102925677968,-73.99183362722397,40.69760127,-73.99344559,casual
1149887,5F45C2C1DD07D9D8,electric_bike,2021-08-29 11:31:55,2021-08-29 13:20:13,Schermerhorn St & Court St,4565,Clark St & Henry St,4789,40.69102925677968,-73.99183362722397,40.69760127,-73.99344559,casual
1149889,732AD4E6218C2265,electric_bike,2021-08-21 19:10:19,2021-08-21 19:20:57,Emerson Pl & Myrtle Ave,4683,Clark St & Henry St,4789,40.69363137,-73.96223558,40.69760127,-73.99344559,member
1149894,DCDC03CC6EE0824B,classic_bike,2021-08-12 20:44:11,2021-08-12 20:49:24,Schermerhorn St & Court St,4565,Clark St & Henry St,4789,40.69102925677968,-73.99183362722397,40.69760127,-73.99344559,member
1149895,C4162C8825DA6586,classic_bike,2021-08-18 16:19:58,2021-08-18 16:24:41,Schermerhorn St & Court St,4565,Clark St & Henry St,4789,40.69102925677968,-73.99183362722397,40.69760127,-73.99344559,member
1149901,5B6856510C09557F,classic_bike,2021-08-13 15:59:08,2021-08-13 16:04:08,Schermerhorn St & Court St,4565,Clark St & Henry St,4789,40.69102925677968,-73.99183362722397,40.69760127,-73.99344559,member
1149902,AE862A32161DCEA8,classic_bike,2021-08-20 13:55:48,2021-08-20 14:02:37,Schermerhorn St & Court St,4565,Clark St & Henry St,4789,40.69102925677968,-73.99183362722397,40.69760127,-73.99344559,member
1149904,482358CF01E6D417,classic_bike,2021-08-30 17:28:25,2021-08-30 17:43:11,Emerson Pl & Myrtle Ave,4683,Clark St & Henry St,4789,40.69363137,-73.96223558,40.69760127,-73.99344559,member
1149908,2E8E25AC88C8DDEE,classic_bike,2021-08-04 10:48:04,2021-08-04 10:53:48,Schermerhorn St & Court St,4565,Clark St & Henry St,4789,40.69102925677968,-73.99183362722397,40.69760127,-73.99344559,member
1149911,E35B44397814EBB0,classic_bike,2021-08-30 11:42:59,2021-08-30 11:49:05,Schermerhorn St & Court St,4565,Clark St & Henry St,4789,40.69102925677968,-73.99183362722397,40.69760127,-73.99344559,member
1149930,E6EEFE6E134244D8,classic_bike,2021-08-03 08:25:33,2021-08-03 08:29:46,Schermerhorn St & Court St,4565,Clark St & Henry St,4789,40.69102925677968,-73.99183362722397,40.69760127,-73.99344559,member
1149934,A639EC331E9F9F90,classic_bike,2021-08-05 15:10:33,2021-08-05 15:16:05,Schermerhorn St & Court St,4565,Clark St & Henry St,4789,40.69102925677968,-73.99183362722397,40.69760127,-73.99344559,member
1149935,444D77E23E71A41D,classic_bike,2021-08-28 07:36:45,2021-08-28 07:41:28,Schermerhorn St & Court St,4565,Clark St & Henry St,4789,40.69102925677968,-73.99183362722397,40.69760127,-73.99344559,member
1149937,F8EED3D383249C18,classic_bike,2021-08-29 10:06:27,2021-08-29 10:12:33,Schermerhorn St & Court St,4565,Clark St & Henry St,4789,40.69102925677968,-73.99183362722397,40.69760127,-73.99344559,member
1149945,591BD97EFCEC662F,classic_bike,2021-08-04 12:19:25,2021-08-04 12:25:06,Schermerhorn St & Court St,4565,Clark St & Henry St,4789,40.69102925677968,-73.99183362722397,40.69760127,-73.99344559,member
1149949,E1900F2990196473,classic_bike,2021-08-05 23:24:00,2021-08-05 23:31:27,Henry St & Degraw St,4380,Clark St & Henry St,4789,40.6847514,-73.99917254,40.69760127,-73.99344559,member
1149950,0C3781F3AA300712,classic_bike,2021-08-06 13:46:58,2021-08-06 13:52:04,Schermerhorn St & Court St,4565,Clark St & Henry St,4789,40.69102925677968,-73.99183362722397,40.69760127,-73.99344559,member
1149951,35BEDE100C31329F,classic_bike,2021-08-15 18:37:19,2021-08-15 18:44:12,Schermerhorn St & Court St,4565,Clark St & Henry St,4789,40.69102925677968,-73.99183362722397,40.69760127,-73.99344559,member
1149955,324EF37FF411F5C5,classic_bike,2021-08-04 17:33:51,2021-08-04 18:08:47,W 36 St & 7 Ave,6483,Clark St & Henry St,4789,40.752149,-73.989539,40.69760127,-73.99344559,member
1149959,86240B3A815C4322,classic_bike,2021-08-27 12:53:21,2021-08-27 12:59:51,Schermerhorn St & Court St,4565,Clark St & Henry St,4789,40.69102925677968,-73.99183362722397,40.69760127,-73.99344559,member
1149968,03FCF1D55AA5F4E3,classic_bike,2021-08-10 13:23:53,2021-08-10 13:30:56,Schermerhorn St & Court St,4565,Clark St & Henry St,4789,40.69102925677968,-73.99183362722397,40.69760127,-73.99344559,member
1149972,90BB34F48BAE7DB2,electric_bike,2021-08-14 21:18:44,2021-08-14 21:31:28,Henry St & Degraw St,4380,Clark St & Henry St,4789,40.6847514,-73.99917254,40.69760127,-73.99344559,member
1149990,EB12149E1184B296,electric_bike,2021-08-14 02:08:21,2021-08-14 02:20:51,Clinton Ave & Myrtle Ave,4651,Clark St & Henry St,4789,40.693261,-73.968896,40.69760127,-73.99344559,member
1150036,6FF3F938E7545253,classic_bike,2021-08-01 19:01:58,2021-08-01 19:05:57,Pierrepont St & Monroe Pl,4718,Clark St & Henry St,4789,40.69535693320225,-73.99344027042389,40.69760127,-73.99344559,member
1150040,10FA1EE17829C0EB,classic_bike,2021-08-15 21:18:00,2021-08-15 21:21:58,Pierrepont St & Monroe Pl,4718,Clark St & Henry St,4789,40.69535693320225,-73.99344027042389,40.69760127,-73.99344559,member
1150041,501A17D66FD9221C,classic_bike,2021-08-08 17:30:15,2021-08-08 17:31:59,Pierrepont St & Monroe Pl,4718,Clark St & Henry St,4789,40.69535693320225,-73.99344027042389,40.69760127,-73.99344559,member
1150044,0B8DA06C79F02FC9,classic_bike,2021-08-02 19:31:09,2021-08-02 19:39:52,Pierrepont St & Monroe Pl,4718,Clark St & Henry St,4789,40.69535693320225,-73.99344027042389,40.69760127,-73.99344559,member
1150049,36426074338FED58,classic_bike,2021-08-31 12:35:43,2021-08-31 13:07:52,N 12 St & Bedford Ave,5450,Clark St & Henry St,4789,40.72079821,-73.95484712,40.69760127,-73.99344559,member
1150057,571D53836478B544,electric_bike,2021-08-28 14:11:15,2021-08-28 14:37:50,Pike St & Monroe St,5159,Clark St & Henry St,4789,40.71173107,-73.99193043,40.69760127,-73.99344559,casual
1150078,EAE2527CD11D2C1C,classic_bike,2021-08-02 07:38:32,2021-08-02 07:54:14,3 St & 3 Ave,4028,Clark St & Henry St,4789,40.6750705,-73.98775226,40.69760127,-73.99344559,member
1150093,6152BCC7F7D48465,classic_bike,2021-08-03 08:32:21,2021-08-03 08:34:28,Pierrepont St & Monroe Pl,4718,Clark St & Henry St,4789,40.69535693320225,-73.99344027042389,40.69760127,-73.99344559,member
1150121,420FB081C138C45D,classic_bike,2021-08-16 16:41:19,2021-08-16 16:51:39,Flushing Ave & Vanderbilt Ave,4762,Clark St & Henry St,4789,40.69795031569544,-73.97077560424805,40.69760127,-73.99344559,member
1150199,20A5E380B7DD9058,classic_bike,2021-08-12 20:25:19,2021-08-12 21:07:09,11 Ave & W 27 St,6425,Clark St & Henry St,4789,40.751396,-74.005226,40.69760127,-73.99344559,member
1150308,F8EFAEACD108961B,electric_bike,2021-08-13 18:59:45,2021-08-13 19:09:46,Bergen St & Flatbush Ave,4281,Clark St & Henry St,4789,40.680944723477296,-73.97567331790923,40.69760127,-73.99344559,member
1150327,E7AB1B931783DFA1,classic_bike,2021-08-05 18:55:32,2021-08-05 19:04:15,Carlton Ave & Flushing Ave,4732,Clark St & Henry St,4789,40.697787,-73.973736,40.69760127,-73.99344559,member
1150351,77871CD991035049,classic_bike,2021-08-14 18:48:09,2021-08-14 19:44:06,W 27 St & 7 Ave,6247,Clark St & Henry St,4789,40.746647,-73.993915,40.69760127,-73.99344559,member
1150385,0DE5D4E8BD81607A,classic_bike,2021-08-09 13:20:14,2021-08-09 13:29:43,Brooklyn Bridge Park - Pier 2,4756,Clark St & Henry St,4789,40.698458,-73.997178,40.69760127,-73.99344559,casual
1150393,5A403EC881ED9755,classic_bike,2021-08-24 19:38:28,2021-08-24 19:52:52,Brooklyn Bridge Park - Pier 2,4756,Clark St & Henry St,4789,40.698458,-73.997178,40.69760127,-73.99344559,member
1150398,E3D2A1AA362074C3,classic_bike,2021-08-14 17:01:26,2021-08-14 17:13:40,Brooklyn Bridge Park - Pier 2,4756,Clark St & Henry St,4789,40.698458,-73.997178,40.69760127,-73.99344559,member
1150400,A23BE31CC559573F,classic_bike,2021-08-20 22:12:50,2021-08-20 22:24:43,Brooklyn Bridge Park - Pier 2,4756,Clark St & Henry St,4789,40.698458,-73.997178,40.69760127,-73.99344559,member
1150402,D64D183D567A5F36,classic_bike,2021-08-30 19:32:41,2021-08-30 19:45:39,Brooklyn Bridge Park - Pier 2,4756,Clark St & Henry St,4789,40.698458,-73.997178,40.69760127,-73.99344559,member
1150403,A246C57469835B14,classic_bike,2021-08-10 17:54:02,2021-08-10 18:08:23,Brooklyn Bridge Park - Pier 2,4756,Clark St & Henry St,4789,40.698458,-73.997178,40.69760127,-73.99344559,member
1150411,44D10332541A2885,classic_bike,2021-08-02 09:55:02,2021-08-02 10:09:19,Brooklyn Bridge Park - Pier 2,4756,Clark St & Henry St,4789,40.698458,-73.997178,40.69760127,-73.99344559,casual
1150431,100EDCA2631F1BDA,classic_bike,2021-08-13 20:53:09,2021-08-13 21:09:02,Prospect Pl & 6 Ave,4166,Clark St & Henry St,4789,40.6793307,-73.97519523,40.69760127,-73.99344559,member
1150439,136FE2F13F669D0A,classic_bike,2021-08-05 06:21:45,2021-08-05 06:30:24,Brooklyn Bridge Park - Pier 2,4756,Clark St & Henry St,4789,40.698458,-73.997178,40.69760127,-73.99344559,member
1150454,AED5D3C5C6B2EDA9,classic_bike,2021-08-27 16:02:06,2021-08-27 16:39:07,Broadway & W 25 St,6173,Clark St & Henry St,4789,40.74286877312112,-73.98918628692627,40.69760127,-73.99344559,member
1150455,3465FFAEB18A85E7,electric_bike,2021-08-14 19:26:14,2021-08-14 19:51:30,Broadway & W 25 St,6173,Clark St & Henry St,4789,40.74286877312112,-73.98918628692627,40.69760127,-73.99344559,member
1150457,F4F71B76C4B3A713,classic_bike,2021-08-10 06:57:51,2021-08-10 07:06:07,Brooklyn Bridge Park - Pier 2,4756,Clark St & Henry St,4789,40.698458,-73.997178,40.69760127,-73.99344559,member
1150465,9B76E7B5DBBF0C61,classic_bike,2021-08-20 23:49:36,2021-08-21 00:11:57,Brooklyn Bridge Park - Pier 2,4756,Clark St & Henry St,4789,40.698458,-73.997178,40.69760127,-73.99344559,casual
1150466,A6BE3DA0519D5D61,classic_bike,2021-08-20 23:42:29,2021-08-21 00:12:09,Brooklyn Bridge Park - Pier 2,4756,Clark St & Henry St,4789,40.698458,-73.997178,40.69760127,-73.99344559,casual
1150470,6498326B0374BED6,classic_bike,2021-08-14 17:00:48,2021-08-14 17:13:35,Brooklyn Bridge Park - Pier 2,4756,Clark St & Henry St,4789,40.698458,-73.997178,40.69760127,-73.99344559,casual
1150475,1CC45655BBBE345C,electric_bike,2021-08-04 19:33:22,2021-08-04 21:23:16,Brooklyn Bridge Park - Pier 2,4756,Clark St & Henry St,4789,40.698458,-73.997178,40.69760127,-73.99344559,casual
1150478,8D512170C75AA885,electric_bike,2021-08-25 18:55:38,2021-08-25 19:17:44,W 16 St & The High Line,6233,Clark St & Henry St,4789,40.74334935,-74.00681753,40.69760127,-73.99344559,casual
1150488,A773ABB3112B68E8,classic_bike,2021-08-30 22:28:25,2021-08-30 22:40:26,State St & Smith St,4565,Clark St & Henry St,4789,40.68926942,-73.98912867,40.69760127,-73.99344559,casual
1150502,8C12B99020610950,classic_bike,2021-08-08 10:18:33,2021-08-08 10:29:23,1 Pl & Clinton St,4193,Clark St & Henry St,4789,40.6809591,-73.99905709,40.69760127,-73.99344559,casual
1150503,3CEB166AE54F3007,classic_bike,2021-08-07 10:56:50,2021-08-07 11:16:54,Underhill Ave & Lincoln Pl,4042,Clark St & Henry St,4789,40.6740123,-73.9671457,40.69760127,-73.99344559,member
1150504,313601B8D35A3A83,classic_bike,2021-08-13 18:16:09,2021-08-13 18:21:15,Adams St & Prospect St,4821,Clark St & Henry St,4789,40.70076308326151,-73.98869812488556,40.69760127,-73.99344559,member
1150514,1CCC053DECAD3487,electric_bike,2021-08-26 15:43:48,2021-08-26 15:57:52,W Broadway & Spring St,5569,Clark St & Henry St,4789,40.72494672359416,-74.00165855884552,40.69760127,-73.99344559,member
1150518,39EC7994B86E4011,classic_bike,2021-08-13 11:32:59,2021-08-13 11:43:30,State St & Smith St,4565,Clark St & Henry St,4789,40.68926942,-73.98912867,40.69760127,-73.99344559,casual
1150546,349C8DB92AF967B1,classic_bike,2021-08-08 09:00:47,2021-08-08 09:06:51,State St & Smith St,4565,Clark St & Henry St,4789,40.68926942,-73.98912867,40.69760127,-73.99344559,member
1150557,B49E2E032CC1CF41,classic_bike,2021-08-02 10:24:27,2021-08-02 10:50:18,Norfolk St & Broome St,5374,Clark St & Henry St,4789,40.7172274,-73.98802084,40.69760127,-73.99344559,member
1150566,566397FBE94EF20F,classic_bike,2021-08-31 08:46:13,2021-08-31 08:54:36,Adams St & Prospect St,4821,Clark St & Henry St,4789,40.70076308326151,-73.98869812488556,40.69760127,-73.99344559,member
1150567,845190BF3C5BE917,classic_bike,2021-08-10 16:58:48,2021-08-10 17:03:06,Adams St & Prospect St,4821,Clark St & Henry St,4789,40.70076308326151,-73.98869812488556,40.69760127,-73.99344559,member
1150573,BE7B189E66617282,classic_bike,2021-08-28 19:15:47,2021-08-28 19:24:10,Adams St & Prospect St,4821,Clark St & Henry St,4789,40.70076308326151,-73.98869812488556,40.69760127,-73.99344559,member
1150585,B77CA6800BFA3E3C,classic_bike,2021-08-14 14:56:02,2021-08-14 15:16:52,St Marks Pl & 2 Ave,5669,Clark St & Henry St,4789,40.7284186,-73.98713956,40.69760127,-73.99344559,casual
1150591,1F47361BB7A0D3AD,classic_bike,2021-08-29 16:02:38,2021-08-29 16:29:49,S 3 St & Bedford Ave,5235,Clark St & Henry St,4789,40.71260486,-73.96264403,40.69760127,-73.99344559,casual
1150594,2FF6D4178ADA297F,classic_bike,2021-08-25 12:59:42,2021-08-25 13:05:02,Adams St & Prospect St,4821,Clark St & Henry St,4789,40.70076308326151,-73.98869812488556,40.69760127,-73.99344559,casual
1150598,ED54A687FFBC45EC,electric_bike,2021-08-05 10:22:28,2021-08-05 10:26:38,Atlantic Ave & Furman St,4614,Clark St & Henry St,4789,40.69165183,-73.9999786,40.69760127,-73.99344559,member
1150623,1FB6D93BD426A22C,electric_bike,2021-08-08 16:51:59,2021-08-08 17:20:16,5 St & 6 Ave,3874,Clark St & Henry St,4789,40.6704836,-73.98208968,40.69760127,-73.99344559,member
1150637,47DEBFC50B8210F5,electric_bike,2021-08-05 07:08:50,2021-08-05 07:13:26,Atlantic Ave & Furman St,4614,Clark St & Henry St,4789,40.69165183,-73.9999786,40.69760127,-73.99344559,casual
1150638,81706BD90964B9A7,electric_bike,2021-08-20 07:42:22,2021-08-20 07:49:55,Atlantic Ave & Furman St,4614,Clark St & Henry St,4789,40.69165183,-73.9999786,40.69760127,-73.99344559,member
1150639,90A1CACC35EFC5D6,electric_bike,2021-08-12 18:59:29,2021-08-12 19:10:33,Atlantic Ave & Furman St,4614,Clark St & Henry St,4789,40.69165183,-73.9999786,40.69760127,-73.99344559,member
1150663,9C53DD107F1AB1DD,classic_bike,2021-08-10 17:09:13,2021-08-10 17:44:13,E 53 St & Lexington Ave,6617,Clark St & Henry St,4789,40.75828065,-73.97069431,40.69760127,-73.99344559,member
1150666,006D4727A09FBC01,electric_bike,2021-08-24 08:21:10,2021-08-24 08:33:49,Forsyth St & Broome St,5453,Clark St & Henry St,4789,40.71893904,-73.99266288,40.69760127,-73.99344559,member
1150681,026523519222541C,classic_bike,2021-08-29 15:05:36,2021-08-29 15:26:46,Adams St & Prospect St,4821,Clark St & Henry St,4789,40.70076308326151,-73.98869812488556,40.69760127,-73.99344559,member
1150682,567EABAF059950BD,classic_bike,2021-08-22 01:13:05,2021-08-22 01:17:16,Adams St & Prospect St,4821,Clark St & Henry St,4789,40.70076308326151,-73.98869812488556,40.69760127,-73.99344559,member
1150683,51B5A27EF8AF1172,classic_bike,2021-08-22 00:59:08,2021-08-22 01:03:49,Adams St & Prospect St,4821,Clark St & Henry St,4789,40.70076308326151,-73.98869812488556,40.69760127,-73.99344559,member
1150690,9F30671AFCA8C97D,electric_bike,2021-08-12 10:45:19,2021-08-12 10:57:55,Norfolk St & Broome St,5374,Clark St & Henry St,4789,40.7172274,-73.98802084,40.69760127,-73.99344559,member
1150694,83E285146A03DFFB,classic_bike,2021-08-25 17:57:12,2021-08-25 18:01:30,Schermerhorn St & Court St,4565,Clark St & Henry St,4789,40.69102925677968,-73.99183362722397,40.69760127,-73.99344559,member
1150698,456A0E1B0D68EB21,classic_bike,2021-08-07 14:18:31,2021-08-07 14:25:57,Schermerhorn St & Court St,4565,Clark St & Henry St,4789,40.69102925677968,-73.99183362722397,40.69760127,-73.99344559,member
1150711,5E2AF8164DD437B7,electric_bike,2021-08-29 20:15:05,2021-08-29 20:38:02,Forsyth St & Broome St,5453,Clark St & Henry St,4789,40.71893904,-73.99266288,40.69760127,-73.99344559,member
1150740,6F1FF0FBF908F216,electric_bike,2021-08-13 09:12:23,2021-08-13 09:29:49,E 2 St & Avenue C,5476,Clark St & Henry St,4789,40.7208736,-73.98085795,40.69760127,-73.99344559,member
1150746,C10AC54900C22B54,classic_bike,2021-08-04 12:44:16,2021-08-04 13:17:26,46 St & 7 Ave,3117,Clark St & Henry St,4789,40.644743,-74.003754,40.69760127,-73.99344559,member
1150779,537808C6E01DD481,electric_bike,2021-08-27 19:36:28,2021-08-27 19:44:28,Degraw St & Smith St,4298,Clark St & Henry St,4789,40.6829151,-73.99318208,40.69760127,-73.99344559,member
1150786,87B140F06C94C8E3,classic_bike,2021-08-04 19:30:05,2021-08-04 19:47:21,Mercer St & Spring St,5532,Clark St & Henry St,4789,40.72362738,-73.99949601,40.69760127,-73.99344559,member
1150803,84C23D72A77FDA4C,classic_bike,2021-08-13 16:25:34,2021-08-13 16:59:30,Willoughby Ave & Wyckoff Ave,5010,Clark St & Henry St,4789,40.705614,-73.92153,40.69760127,-73.99344559,member
1150862,4B3DB0FFD68633B1,classic_bike,2021-08-03 22:44:30,2021-08-03 22:57:20,DeKalb Ave & Vanderbilt Ave,4461,Clark St & Henry St,4789,40.68940747,-73.96885458,40.69760127,-73.99344559,member
1150887,1D3B587100799940,classic_bike,2021-08-04 16:12:10,2021-08-04 16:27:34,Sigourney St & Columbia St,3940,Clark St & Henry St,4789,40.67267243410948,-74.0087952464819,40.69760127,-73.99344559,member
1150910,BD28632739EF4014,electric_bike,2021-08-29 23:20:03,2021-08-29 23:35:52,E 1 St & 1 Ave,5593,Clark St & Henry St,4789,40.72335597960796,-73.98864984512329,40.69760127,-73.99344559,member
1150949,05A3E8A002184734,electric_bike,2021-08-18 18:17:53,2021-08-18 18:39:53,Washington Pl & Broadway,5755,Clark St & Henry St,4789,40.72903917,-73.99404649,40.69760127,-73.99344559,casual
1151023,43243D8F464EE84E,electric_bike,2021-08-08 15:37:50,2021-08-08 15:41:09,Front St & Washington St,4936,Clark St & Henry St,4789,40.70255088,-73.98940236,40.69760127,-73.99344559,member
1151028,20E863F02C9A11BB,electric_bike,2021-08-12 18:52:55,2021-08-12 18:57:16,Front St & Washington St,4936,Clark St & Henry St,4789,40.70255088,-73.98940236,40.69760127,-73.99344559,casual
1151031,9CE4A71699F59FC3,electric_bike,2021-08-31 08:19:30,2021-08-31 08:32:33,5 Ave & 3 St,3987,Clark St & Henry St,4789,40.6728155,-73.98352355,40.69760127,-73.99344559,member
1151064,AAAE3310814D8AEB,classic_bike,2021-08-03 14:53:50,2021-08-03 15:02:08,Front St & Washington St,4936,Clark St & Henry St,4789,40.70255088,-73.98940236,40.69760127,-73.99344559,member
1151065,E1DC19D406BF9D91,classic_bike,2021-08-02 20:26:17,2021-08-02 20:34:32,Front St & Washington St,4936,Clark St & Henry St,4789,40.70255088,-73.98940236,40.69760127,-73.99344559,member
1151067,253E95084C482D57,electric_bike,2021-08-28 02:32:12,2021-08-28 02:37:34,Myrtle Ave & Fleet Pl,4628,Clark St & Henry St,4789,40.693534,-73.981909,40.69760127,-73.99344559,member
1151145,1E178D23CD60F347,classic_bike,2021-08-15 17:01:50,2021-08-15 17:24:38,1 Ave & E 16 St,5779,Clark St & Henry St,4789,40.73221853,-73.98165557,40.69760127,-73.99344559,member
1151151,7B42AC61B66BF8C4,classic_bike,2021-08-28 13:34:58,2021-08-28 13:38:10,Cadman Plaza E & Red Cross Pl,4821,Clark St & Henry St,4789,40.69991755,-73.98971773,40.69760127,-73.99344559,member
1151153,054BE0A28FCBC947,electric_bike,2021-08-15 19:49:35,2021-08-15 20:02:44,Grand Ave & Bergen St,4190,Clark St & Henry St,4789,40.678045,-73.962408,40.69760127,-73.99344559,member
1151173,C144C4B54164A167,classic_bike,2021-08-02 20:51:13,2021-08-02 21:36:57,Fulton St & Pearl St,5024,Clark St & Henry St,4789,40.70772198491691,-74.00438636541367,40.69760127,-73.99344559,member
1151175,0D3AAA83AF95D955,classic_bike,2021-08-17 14:06:29,2021-08-17 14:31:00,Cooper Square & Astor Pl,5712,Clark St & Henry St,4789,40.72951496224949,-73.99075269699097,40.69760127,-73.99344559,member
1151200,1B18F985038350E7,classic_bike,2021-08-06 19:59:08,2021-08-06 20:17:06,Forsyth St & Canal St,5270,Clark St & Henry St,4789,40.7158155,-73.99422366,40.69760127,-73.99344559,casual
1151201,331077D4B6FED3BB,electric_bike,2021-08-26 18:39:29,2021-08-26 18:54:47,Forsyth St & Canal St,5270,Clark St & Henry St,4789,40.7158155,-73.99422366,40.69760127,-73.99344559,casual
1151204,618EC73A7B997E4C,classic_bike,2021-08-08 08:05:15,2021-08-08 08:21:07,Tompkins Ave & Hopkins St,4850,Clark St & Henry St,4789,40.69957608,-73.94708417,40.69760127,-73.99344559,casual
1151212,C3BA090200A763FC,electric_bike,2021-08-12 18:16:50,2021-08-12 18:36:04,1 Ave & E 16 St,5779,Clark St & Henry St,4789,40.73221853,-73.98165557,40.69760127,-73.99344559,member
1151213,41F7F0FAE28A3979,classic_bike,2021-08-17 21:04:18,2021-08-17 21:22:37,Grand Ave & Bergen St,4190,Clark St & Henry St,4789,40.678045,-73.962408,40.69760127,-73.99344559,member
1151221,FEE5CAD6723D66DB,electric_bike,2021-08-16 07:07:33,2021-08-16 07:23:28,Grand Ave & Bergen St,4190,Clark St & Henry St,4789,40.678045,-73.962408,40.69760127,-73.99344559,member
1151244,C1D1D046CAA9169C,classic_bike,2021-08-04 16:06:18,2021-08-04 16:09:44,Clinton St & Joralemon St,4605,Clark St & Henry St,4789,40.69239502,-73.99337909,40.69760127,-73.99344559,member
1151245,8C69C86D6CF6606A,classic_bike,2021-08-04 16:19:55,2021-08-04 16:23:02,Clinton St & Joralemon St,4605,Clark St & Henry St,4789,40.69239502,-73.99337909,40.69760127,-73.99344559,member
1151246,6FAD750A820658ED,electric_bike,2021-08-25 15:17:56,2021-08-25 15:21:14,Clinton St & Joralemon St,4605,Clark St & Henry St,4789,40.69239502,-73.99337909,40.69760127,-73.99344559,member
1151249,16002AD07CCF4C26,classic_bike,2021-08-10 19:31:09,2021-08-10 19:50:32,Forsyth St & Canal St,5270,Clark St & Henry St,4789,40.7158155,-73.99422366,40.69760127,-73.99344559,member
1151257,0EBCE1F2208F1639,classic_bike,2021-08-16 19:11:46,2021-08-16 19:26:15,Forsyth St & Canal St,5270,Clark St & Henry St,4789,40.7158155,-73.99422366,40.69760127,-73.99344559,member
1151258,1173479E62A33FCD,classic_bike,2021-08-11 10:56:21,2021-08-11 11:02:05,Clinton St & Joralemon St,4605,Clark St & Henry St,4789,40.69239502,-73.99337909,40.69760127,-73.99344559,member
1151261,80FFC0F3FF79A924,classic_bike,2021-08-09 18:19:36,2021-08-09 18:34:46,Forsyth St & Canal St,5270,Clark St & Henry St,4789,40.7158155,-73.99422366,40.69760127,-73.99344559,member
1151274,A32F16B9C8A0E6DD,classic_bike,2021-08-30 19:50:10,2021-08-30 19:56:11,Jay St & Tech Pl,4710,Clark St & Henry St,4789,40.695065,-73.987167,40.69760127,-73.99344559,casual
1151276,939A19E2C33A74B7,classic_bike,2021-08-08 13:19:20,2021-08-08 13:22:13,Clinton St & Joralemon St,4605,Clark St & Henry St,4789,40.69239502,-73.99337909,40.69760127,-73.99344559,member
1151279,1F3FFC92A3156B13,classic_bike,2021-08-27 20:02:20,2021-08-27 20:05:57,Fulton St & Adams St,4637,Clark St & Henry St,4789,40.69241829257847,-73.98949474096298,40.69760127,-73.99344559,member
1151284,AD47A52D979C1737,classic_bike,2021-08-04 16:47:07,2021-08-04 16:51:26,Clinton St & Joralemon St,4605,Clark St & Henry St,4789,40.69239502,-73.99337909,40.69760127,-73.99344559,member
1151285,640181FB092550CF,classic_bike,2021-08-09 14:10:58,2021-08-09 14:14:04,Clinton St & Joralemon St,4605,Clark St & Henry St,4789,40.69239502,-73.99337909,40.69760127,-73.99344559,member
1151289,6EB3CD7A73A87705,classic_bike,2021-08-15 14:53:20,2021-08-15 14:57:32,Clinton St & Joralemon St,4605,Clark St & Henry St,4789,40.69239502,-73.99337909,40.69760127,-73.99344559,member
1151292,73C6D914C0922B59,classic_bike,2021-08-03 19:16:26,2021-08-03 19:19:22,Fulton St & Adams St,4637,Clark St & Henry St,4789,40.69241829257847,-73.98949474096298,40.69760127,-73.99344559,member
1151297,FF05A8B91663AFBF,classic_bike,2021-08-21 13:08:13,2021-08-21 13:34:29,3 St & 7 Ave,3905,Clark St & Henry St,4789,40.6703837,-73.97839676,40.69760127,-73.99344559,member
1151298,E1F1BDCE3EB35C18,classic_bike,2021-08-29 19:20:10,2021-08-29 19:42:54,Grand Army Plaza & Plaza St West,4010,Clark St & Henry St,4789,40.6729679,-73.97087984,40.69760127,-73.99344559,member
1151318,37F1DBD21A72D6E5,classic_bike,2021-08-17 08:33:34,2021-08-17 08:34:53,Clinton St & Tillary St,4748,Clark St & Henry St,4789,40.69623297129316,-73.99142056703568,40.69760127,-73.99344559,member
1151319,98C61062970001CC,classic_bike,2021-08-27 15:58:56,2021-08-27 16:00:43,Clinton St & Tillary St,4748,Clark St & Henry St,4789,40.69623297129316,-73.99142056703568,40.69760127,-73.99344559,member
1151336,6A4DBD81F1EE0D82,classic_bike,2021-08-04 14:49:23,2021-08-04 15:10:10,Lafayette Ave & St James Pl,4494,Clark St & Henry St,4789,40.68851534,-73.9647628,40.69760127,-73.99344559,member
1151340,24E985BA6AC9B7C4,classic_bike,2021-08-13 18:33:15,2021-08-13 18:51:36,President St & Henry St,4307,Clark St & Henry St,4789,40.6828003,-73.99990419,40.69760127,-73.99344559,casual
1151345,6E2184F5E878F569,electric_bike,2021-08-27 09:13:31,2021-08-27 09:38:44,E 32 St & Park Ave,6280,Clark St & Henry St,4789,40.7457121,-73.98194829,40.69760127,-73.99344559,member
1151352,E700E5D5D464DD22,classic_bike,2021-08-28 20:29:07,2021-08-28 20:40:34,President St & Henry St,4307,Clark St & Henry St,4789,40.6828003,-73.99990419,40.69760127,-73.99344559,member
1151360,37EA6C75764CBEC1,classic_bike,2021-08-02 21:32:42,2021-08-02 21:51:17,10 St & 5 Ave,3842,Clark St & Henry St,4789,40.6686273,-73.98700053,40.69760127,-73.99344559,casual
1151368,AC45B638A0D583DE,classic_bike,2021-08-18 14:34:40,2021-08-18 14:39:48,Henry St & Atlantic Ave,4531,Clark St & Henry St,4789,40.69089272,-73.99612349,40.69760127,-73.99344559,member
1151370,018A5627D8550FF0,classic_bike,2021-08-09 11:51:23,2021-08-09 11:58:28,Henry St & Atlantic Ave,4531,Clark St & Henry St,4789,40.69089272,-73.99612349,40.69760127,-73.99344559,member
1151381,CD2540B614E68E82,classic_bike,2021-08-15 12:00:49,2021-08-15 12:04:32,Henry St & Atlantic Ave,4531,Clark St & Henry St,4789,40.69089272,-73.99612349,40.69760127,-73.99344559,member
1151382,5AF53EA3618B646F,classic_bike,2021-08-03 14:22:09,2021-08-03 14:34:09,Willoughby Ave & Hall St,4611,Clark St & Henry St,4789,40.69196035,-73.96536851,40.69760127,-73.99344559,member
1151386,CD42DBF3DC6D4418,classic_bike,2021-08-28 22:42:33,2021-08-28 22:47:30,Henry St & Atlantic Ave,4531,Clark St & Henry St,4789,40.69089272,-73.99612349,40.69760127,-73.99344559,member
1151392,9C2D8E8A90AFAEEB,classic_bike,2021-08-05 22:52:46,2021-08-05 22:59:03,Henry St & Atlantic Ave,4531,Clark St & Henry St,4789,40.69089272,-73.99612349,40.69760127,-73.99344559,member
1151393,EAAAC660FDBF52DD,electric_bike,2021-08-26 01:44:50,2021-08-26 02:01:40,Willoughby Ave & Hall St,4611,Clark St & Henry St,4789,40.69196035,-73.96536851,40.69760127,-73.99344559,casual
1151398,DD78487BFAA9A143,electric_bike,2021-08-31 20:01:12,2021-08-31 20:49:40,Henry St & Atlantic Ave,4531,Clark St & Henry St,4789,40.69089272,-73.99612349,40.69760127,-73.99344559,member
1151401,89A17F02EFC6E304,electric_bike,2021-08-25 11:09:54,2021-08-25 11:39:11,Van Buren St & Broadway,4568,Clark St & Henry St,4789,40.692,-73.92617,40.69760127,-73.99344559,member
1151414,F67B339F119CD6A0,classic_bike,2021-08-19 17:45:40,2021-08-19 18:23:37,E 27 St & 1 Ave,6004,Clark St & Henry St,4789,40.739445,-73.976806,40.69760127,-73.99344559,casual
1151415,8C949524A9F5831A,electric_bike,2021-08-16 02:30:39,2021-08-16 02:54:03,Cliff St & Fulton St,5065,Clark St & Henry St,4789,40.70838,-74.00495,40.69760127,-73.99344559,casual
1151419,69045C463082BF90,classic_bike,2021-08-31 16:35:16,2021-08-31 16:45:56,Willoughby Ave & Hall St,4611,Clark St & Henry St,4789,40.69196035,-73.96536851,40.69760127,-73.99344559,member
1151422,67FCC2E149EA255A,classic_bike,2021-08-10 20:16:20,2021-08-10 20:23:36,Congress St & Clinton St,4455,Clark St & Henry St,4789,40.68825516598005,-73.99545192718506,40.69760127,-73.99344559,member
1151430,12611A24A8FDF6BA,classic_bike,2021-08-25 14:26:23,2021-08-25 14:32:19,Jay St & York St,4895,Clark St & Henry St,4789,40.70140317257725,-73.98672670125961,40.69760127,-73.99344559,member
1151440,1CC5C7AACA5782A6,electric_bike,2021-08-04 18:36:54,2021-08-04 18:50:05,Forsyth St\t& Grand St,5382,Clark St & Henry St,4789,40.71779817737835,-73.99316132068634,40.69760127,-73.99344559,member
1151452,BC6AF986EBD372B0,electric_bike,2021-08-10 15:33:16,2021-08-10 15:44:15,Forsyth St\t& Grand St,5382,Clark St & Henry St,4789,40.71779817737835,-73.99316132068634,40.69760127,-73.99344559,member
1151474,C8BB714CF6F39563,electric_bike,2021-08-01 14:27:37,2021-08-01 14:47:55,DeKalb Ave & Franklin Ave,4528,Clark St & Henry St,4789,40.69064807082943,-73.95746178925037,40.69760127,-73.99344559,member
1151481,B0E68212D380FEBD,classic_bike,2021-08-08 12:16:51,2021-08-08 12:22:32,Nassau St\t& Duffield St,4781,Clark St & Henry St,4789,40.698477,-73.98384,40.69760127,-73.99344559,member
1151483,0D59DDC9EEF65D8D,classic_bike,2021-08-06 07:28:20,2021-08-06 07:37:11,Clinton St & Union St,4266,Clark St & Henry St,4789,40.6831164,-73.99785267,40.69760127,-73.99344559,member
1151486,40E418CA2FCE0349,electric_bike,2021-08-21 08:12:42,2021-08-21 08:23:44,Park Pl & Church St,5288,Clark St & Henry St,4789,40.71334184275907,-74.00935515761375,40.69760127,-73.99344559,member
1151487,6900710EF037A1E2,classic_bike,2021-08-07 01:48:37,2021-08-07 03:26:07,Park Pl & Church St,5288,Clark St & Henry St,4789,40.71334184275907,-74.00935515761375,40.69760127,-73.99344559,casual
1151489,579D378763D6A0DB,classic_bike,2021-08-08 10:57:17,2021-08-08 11:27:36,2 Av & 37 St,3460,Clark St & Henry St,4789,40.656326,-74.009627,40.69760127,-73.99344559,member
1151494,2D270D80AA1C9437,classic_bike,2021-08-14 13:31:42,2021-08-14 13:38:37,Nassau St\t& Duffield St,4781,Clark St & Henry St,4789,40.698477,-73.98384,40.69760127,-73.99344559,member
1151500,52C46D9BD937C988,classic_bike,2021-08-04 19:27:58,2021-08-04 19:46:24,Broadway & Battery Pl,4962,Clark St & Henry St,4789,40.70463334,-74.01361706,40.69760127,-73.99344559,member
1151501,E1E3AD0066C9F30C,classic_bike,2021-08-02 20:47:29,2021-08-02 21:06:17,Broadway & Battery Pl,4962,Clark St & Henry St,4789,40.70463334,-74.01361706,40.69760127,-73.99344559,member
1151504,BF48078E3B790545,classic_bike,2021-08-01 20:40:36,2021-08-01 20:49:11,Johnson St & Gold St,4668,Clark St & Henry St,4789,40.69474881,-73.98362464,40.69760127,-73.99344559,member
1151506,9BD1A87FF9CC7F53,classic_bike,2021-08-31 10:14:19,2021-08-31 10:27:35,Liberty St & Nassau St,5105,Clark St & Henry St,4789,40.70858894240581,-74.00935482235809,40.69760127,-73.99344559,casual
1151514,C77C6C4D627AE212,electric_bike,2021-08-20 13:55:44,2021-08-20 13:59:56,Johnson St & Gold St,4668,Clark St & Henry St,4789,40.69474881,-73.98362464,40.69760127,-73.99344559,member
1151530,3289590FF1B225F9,classic_bike,2021-08-31 11:18:06,2021-08-31 11:31:26,DeKalb Ave & S Portland Ave,4546,Clark St & Henry St,4789,40.68981035,-73.97493121,40.69760127,-73.99344559,member
1151542,32C1D0261B06C3E5,electric_bike,2021-08-21 19:07:55,2021-08-21 19:15:01,DeKalb Ave & S Portland Ave,4546,Clark St & Henry St,4789,40.68981035,-73.97493121,40.69760127,-73.99344559,member
1151546,F447281D3F7E8FF3,electric_bike,2021-08-24 00:44:57,2021-08-24 01:07:44,Willoughby Ave & Hall St,4611,Clark St & Henry St,4789,40.69196035,-73.96536851,40.69760127,-73.99344559,casual
1151569,1055C1B73C2BCB4A,electric_bike,2021-08-20 18:43:11,2021-08-20 19:05:10,N 6 St & Bedford Ave,5379,Clark St & Henry St,4789,40.71745169,-73.95850939,40.69760127,-73.99344559,casual
1151586,1191FFEF4F74CD26,classic_bike,2021-08-13 19:42:17,2021-08-13 20:04:14,E 15 St & 3 Ave,5863,Clark St & Henry St,4789,40.734232,-73.986923,40.69760127,-73.99344559,member
1151630,C6945AACA7DED9F1,electric_bike,2021-08-26 16:26:00,2021-08-26 16:52:01,W 24 St & 7 Ave,6257,Clark St & Henry St,4789,40.74487634,-73.99529885,40.69760127,-73.99344559,member
1151645,5A03B49B45F7459F,electric_bike,2021-08-01 18:30:19,2021-08-01 19:00:01,10 Ave & W 14 St,6157,Clark St & Henry St,4789,40.74198159994023,-74.00831580162048,40.69760127,-73.99344559,member
1151701,A9B47189467379BC,classic_bike,2021-08-24 09:32:50,2021-08-24 09:40:41,Willoughby St & Ashland Pl,4587,Clark St & Henry St,4789,40.69178,-73.97877,40.69760127,-73.99344559,member
1151704,E276EDD55358A4A2,classic_bike,2021-08-23 18:53:21,2021-08-23 19:01:27,Schermerhorn St & Bond St,4479,Clark St & Henry St,4789,40.688417427540834,-73.98451656103134,40.69760127,-73.99344559,member
1151707,C6549AF594B84960,classic_bike,2021-08-17 10:27:29,2021-08-17 10:33:53,Schermerhorn St & Bond St,4479,Clark St & Henry St,4789,40.688417427540834,-73.98451656103134,40.69760127,-73.99344559,member
1151709,4E42F8659CBB226A,classic_bike,2021-08-23 17:23:06,2021-08-23 17:45:23,Pearl St & Hanover Square,4993,Clark St & Henry St,4789,40.7047177,-74.00926027,40.69760127,-73.99344559,member
1151710,0F9E86A87A34CD51,classic_bike,2021-08-02 09:29:04,2021-08-02 09:38:15,Schermerhorn St & Bond St,4479,Clark St & Henry St,4789,40.688417427540834,-73.98451656103134,40.69760127,-73.99344559,member
1151711,728F15389F7F709C,classic_bike,2021-08-30 17:18:55,2021-08-30 17:26:03,Schermerhorn St & Bond St,4479,Clark St & Henry St,4789,40.688417427540834,-73.98451656103134,40.69760127,-73.99344559,member
1151713,0193CC84749F8B84,classic_bike,2021-08-05 19:29:11,2021-08-05 19:37:18,Schermerhorn St & Bond St,4479,Clark St & Henry St,4789,40.688417427540834,-73.98451656103134,40.69760127,-73.99344559,member
1151715,1C4A136722DE95AC,classic_bike,2021-08-07 15:03:28,2021-08-07 15:14:54,Schermerhorn St & Bond St,4479,Clark St & Henry St,4789,40.688417427540834,-73.98451656103134,40.69760127,-73.99344559,casual
1151716,5EF5B50E775F94E4,classic_bike,2021-08-27 20:19:10,2021-08-27 20:30:23,Schermerhorn St & Bond St,4479,Clark St & Henry St,4789,40.688417427540834,-73.98451656103134,40.69760127,-73.99344559,casual
1151736,825015A8FA2E5DC5,electric_bike,2021-08-15 12:10:08,2021-08-15 12:52:38,Fulton St & Broadway,5175,Clark St & Henry St,4789,40.711066,-74.009447,40.69760127,-73.99344559,casual
1151737,23422A25B8CEEA07,classic_bike,2021-08-05 17:49:01,2021-08-05 18:25:58,Driggs Ave & N 9 St,5411,Clark St & Henry St,4789,40.71816969454208,-73.95520135760307,40.69760127,-73.99344559,member
1151743,A0E0F5C07C4D4FA0,electric_bike,2021-08-11 19:35:12,2021-08-11 19:46:07,Fulton St & Waverly Ave,4345,Clark St & Henry St,4789,40.68323865460341,-73.96599590778351,40.69760127,-73.99344559,member
1151762,24AA939C42ECA216,electric_bike,2021-08-31 09:02:23,2021-08-31 09:15:25,Columbia St & Lorraine St,4013,Clark St & Henry St,4789,40.6747055,-74.0075572,40.69760127,-73.99344559,member
1151772,68C3E5EF0BDAB103,classic_bike,2021-08-16 18:09:42,2021-08-16 18:11:44,Henry St & Middagh St,4861,Clark St & Henry St,4789,40.7003,-73.991581,40.69760127,-73.99344559,member
1151777,2C6C269D5A6E1959,classic_bike,2021-08-04 17:21:33,2021-08-04 17:37:29,Columbia St & Lorraine St,4013,Clark St & Henry St,4789,40.6747055,-74.0075572,40.69760127,-73.99344559,member
1151778,E337AEF4995D3C20,classic_bike,2021-08-20 12:26:21,2021-08-20 12:28:53,Henry St & Middagh St,4861,Clark St & Henry St,4789,40.7003,-73.991581,40.69760127,-73.99344559,member
1151779,B4D45D492B9C680F,classic_bike,2021-08-01 17:20:17,2021-08-01 17:24:20,Henry St & Middagh St,4861,Clark St & Henry St,4789,40.7003,-73.991581,40.69760127,-73.99344559,member
1151780,6FF1C419A16C7C82,classic_bike,2021-08-10 21:52:08,2021-08-10 21:54:19,Henry St & Middagh St,4861,Clark St & Henry St,4789,40.7003,-73.991581,40.69760127,-73.99344559,member
1151783,934BA4CC10E02AC9,classic_bike,2021-08-23 20:53:43,2021-08-23 20:56:48,Henry St & Middagh St,4861,Clark St & Henry St,4789,40.7003,-73.991581,40.69760127,-73.99344559,member
1151785,870D818E79BA981C,classic_bike,2021-08-28 14:56:50,2021-08-28 14:58:57,Henry St & Middagh St,4861,Clark St & Henry St,4789,40.7003,-73.991581,40.69760127,-73.99344559,member
1151798,E7B4910E74594691,classic_bike,2021-08-15 18:44:30,2021-08-15 18:46:20,Henry St & Middagh St,4861,Clark St & Henry St,4789,40.7003,-73.991581,40.69760127,-73.99344559,member
1151799,A1BBA74D9D5AA1F5,electric_bike,2021-08-29 18:47:18,2021-08-29 18:54:29,Hoyt St & Warren St,4330,Clark St & Henry St,4789,40.6843549,-73.98901629,40.69760127,-73.99344559,member
1151801,DD63E82EA11DE5BC,electric_bike,2021-08-17 18:08:39,2021-08-17 18:19:48,Allen St & Hester St,5342,Clark St & Henry St,4789,40.71605866,-73.99190759,40.69760127,-73.99344559,member
1151802,5FD4D1C072BBF5B0,classic_bike,2021-08-03 09:06:42,2021-08-03 09:54:12,Sullivan Pl & Franklin Ave,3704,Clark St & Henry St,4789,40.66407983678161,-73.96025128666679,40.69760127,-73.99344559,casual
1151839,EC26E4DF216D6C56,electric_bike,2021-08-20 09:30:51,2021-08-20 09:45:49,Vesey Pl & River Terrace,5297,Clark St & Henry St,4789,40.7153379,-74.01658354,40.69760127,-73.99344559,casual
1151887,9947B55D0B632B9C,electric_bike,2021-08-05 12:25:36,2021-08-05 12:42:47,West St & Chambers St,5329,Clark St & Henry St,4789,40.71754834,-74.01322069,40.69760127,-73.99344559,casual
1151923,E84709EDEEA841F4,classic_bike,2021-08-31 19:34:28,2021-08-31 19:42:54,Duffield St & Willoughby St,4596,Clark St & Henry St,4789,40.69221589,-73.9842844,40.69760127,-73.99344559,member
1151924,14CB09C414CA5C08,classic_bike,2021-08-12 19:29:24,2021-08-12 19:35:58,Duffield St & Willoughby St,4596,Clark St & Henry St,4789,40.69221589,-73.9842844,40.69760127,-73.99344559,casual
1151939,15924E5F7D79699D,electric_bike,2021-08-07 10:05:26,2021-08-07 10:33:35,10 Ave & W 28 St,6459,Clark St & Henry St,4789,40.75066386,-74.00176802,40.69760127,-73.99344559,member
1151944,4861DB75D5894992,classic_bike,2021-08-25 20:18:58,2021-08-25 20:29:05,Duffield St & Willoughby St,4596,Clark St & Henry St,4789,40.69221589,-73.9842844,40.69760127,-73.99344559,member
1151954,BF6C7CED50EA4C6E,electric_bike,2021-08-23 18:19:22,2021-08-23 18:47:21,India St & Manhattan Ave,5826,Clark St & Henry St,4789,40.73232194,-73.9550858,40.69760127,-73.99344559,casual
1151960,1EAD8FD91FCA07C1,classic_bike,2021-08-30 18:19:59,2021-08-30 18:36:10,St Marks Pl & 1 Ave,5626,Clark St & Henry St,4789,40.72779126,-73.98564945,40.69760127,-73.99344559,member
1151968,A665202C1283165D,classic_bike,2021-08-10 22:50:35,2021-08-10 23:13:18,West St & Chambers St,5329,Clark St & Henry St,4789,40.71754834,-74.01322069,40.69760127,-73.99344559,member
1151969,14DD90E71BB6FA4A,electric_bike,2021-08-09 18:54:23,2021-08-09 19:15:13,Wythe Ave & Metropolitan Ave,5348,Clark St & Henry St,4789,40.716887,-73.963198,40.69760127,-73.99344559,member
1151971,8A5314649283FB55,classic_bike,2021-08-14 13:42:56,2021-08-14 14:04:40,West St & Chambers St,5329,Clark St & Henry St,4789,40.71754834,-74.01322069,40.69760127,-73.99344559,member
1151999,DE6989D04EF43BE6,classic_bike,2021-08-30 12:01:58,2021-08-30 12:10:55,Lawrence St & Willoughby St,4596,Clark St & Henry St,4789,40.69236178,-73.98631746,40.69760127,-73.99344559,casual
1152006,5E1A934EE79264BE,classic_bike,2021-08-04 14:31:29,2021-08-04 14:36:28,Lawrence St & Willoughby St,4596,Clark St & Henry St,4789,40.69236178,-73.98631746,40.69760127,-73.99344559,casual
1152046,38425C158C7C5498,classic_bike,2021-08-27 07:49:28,2021-08-27 07:59:21,Columbia St & Degraw St,4422,Clark St & Henry St,4789,40.6859296,-74.00242364,40.69760127,-73.99344559,member
1152047,F35D926FB9350A89,electric_bike,2021-08-02 07:03:44,2021-08-02 07:21:52,6 St & 7 Ave,3834,Clark St & Henry St,4789,40.6686627,-73.97988067,40.69760127,-73.99344559,member
1152063,623F30776117B411,classic_bike,2021-08-27 18:08:36,2021-08-27 18:14:40,Lawrence St & Willoughby St,4596,Clark St & Henry St,4789,40.69236178,-73.98631746,40.69760127,-73.99344559,member
1152067,8CF332D98FF12E1B,classic_bike,2021-08-07 16:48:11,2021-08-07 17:26:49,Lawrence St & Willoughby St,4596,Clark St & Henry St,4789,40.69236178,-73.98631746,40.69760127,-73.99344559,member
1152068,DD91EFD9D7786356,electric_bike,2021-08-25 10:55:08,2021-08-25 11:13:34,Great Jones St,5636,Clark St & Henry St,4789,40.72743423,-73.99379025,40.69760127,-73.99344559,member
1152075,BAD646CB79CAD075,classic_bike,2021-08-30 17:24:35,2021-08-30 17:27:07,Henry St & Middagh St,4861,Clark St & Henry St,4789,40.7003,-73.991581,40.69760127,-73.99344559,member
1152076,880FC493004D9C96,classic_bike,2021-08-30 17:37:03,2021-08-30 17:39:28,Henry St & Middagh St,4861,Clark St & Henry St,4789,40.7003,-73.991581,40.69760127,-73.99344559,member
1152083,C5FCF938F62826E3,classic_bike,2021-08-29 14:04:39,2021-08-29 14:31:50,45 St & 4 Ave,3275,Clark St & Henry St,4789,40.649145,-74.009486,40.69760127,-73.99344559,casual
1152085,0C1B43A3032C28CC,classic_bike,2021-08-18 18:19:16,2021-08-18 18:51:24,Union Ave & Jackson St,5300,Clark St & Henry St,4789,40.7160751,-73.952029,40.69760127,-73.99344559,casual
1152131,E57A846BBA925BA4,classic_bike,2021-08-04 18:19:20,2021-08-04 18:57:46,Wyckoff Av & Jefferson St,5051,Clark St & Henry St,4789,40.707165,-73.923711,40.69760127,-73.99344559,member
1152153,6F15233CA9D6142C,classic_bike,2021-08-31 08:59:46,2021-08-31 09:20:13,Berkeley Pl & 7 Ave,4051,Clark St & Henry St,4789,40.675146838709786,-73.97523209452629,40.69760127,-73.99344559,member
1152154,E76C080A289FE811,electric_bike,2021-08-29 02:31:59,2021-08-29 02:41:43,Pike St & E Broadway,5270,Clark St & Henry St,4789,40.71406667,-73.99293911,40.69760127,-73.99344559,member
1152157,36F9D341DD54F803,classic_bike,2021-08-20 07:43:50,2021-08-20 08:34:40,W 44 St & 5 Ave,6551,Clark St & Henry St,4789,40.75500254,-73.98014437,40.69760127,-73.99344559,member
1152163,26D3535C161FBBD0,classic_bike,2021-08-27 23:17:50,2021-08-27 23:58:39,1 Ave & E 30 St,6079,Clark St & Henry St,4789,40.74144387,-73.97536082,40.69760127,-73.99344559,member
1152165,3E726414B3249ED3,classic_bike,2021-08-10 15:05:41,2021-08-10 16:03:49,E 2 St & 2 Ave,5593,Clark St & Henry St,4789,40.72502876,-73.99069656,40.69760127,-73.99344559,casual
1152166,39D7C622285B2006,classic_bike,2021-08-30 00:33:08,2021-08-30 00:46:57,Warren St & W Broadway,5288,Clark St & Henry St,4789,40.71473993,-74.00910627,40.69760127,-73.99344559,casual
1152167,64CAE194C756DFE8,classic_bike,2021-08-14 15:49:27,2021-08-14 15:58:38,Warren St & Court St,4413,Clark St & Henry St,4789,40.686371,-73.99383324,40.69760127,-73.99344559,casual
1152171,C62B38A5112E2FA8,classic_bike,2021-08-25 19:10:10,2021-08-25 19:41:09,W 44 St & 5 Ave,6551,Clark St & Henry St,4789,40.75500254,-73.98014437,40.69760127,-73.99344559,member
1152174,447DC62FA9C1140C,electric_bike,2021-08-14 21:32:33,2021-08-14 21:39:09,Warren St & Court St,4413,Clark St & Henry St,4789,40.686371,-73.99383324,40.69760127,-73.99344559,member
1152181,00815B846FFA70FD,electric_bike,2021-08-17 15:38:11,2021-08-17 15:51:56,Warren St & W Broadway,5288,Clark St & Henry St,4789,40.71473993,-74.00910627,40.69760127,-73.99344559,member
1152183,E8592FFDA2B6CC6E,classic_bike,2021-08-17 17:51:16,2021-08-17 17:59:25,Warren St & Court St,4413,Clark St & Henry St,4789,40.686371,-73.99383324,40.69760127,-73.99344559,member
1152212,1FC27D05BFBB1FF7,classic_bike,2021-08-04 20:52:32,2021-08-04 21:26:52,Bond St & Fulton St,4479,Clark St & Henry St,4789,40.68962188790333,-73.98304268717766,40.69760127,-73.99344559,casual
1152224,30F773AA07B1A3E0,electric_bike,2021-08-25 22:01:40,2021-08-25 22:11:22,Bond St & Fulton St,4479,Clark St & Henry St,4789,40.68962188790333,-73.98304268717766,40.69760127,-73.99344559,casual
1152239,9FF00E128F8C8346,electric_bike,2021-08-08 20:53:07,2021-08-08 21:25:38,E 15 St & 3 Ave,5863,Clark St & Henry St,4789,40.734232,-73.986923,40.69760127,-73.99344559,member
1152249,9BFAC466A969BD1F,electric_bike,2021-08-19 16:25:19,2021-08-19 16:34:02,Bond St & Fulton St,4479,Clark St & Henry St,4789,40.68962188790333,-73.98304268717766,40.69760127,-73.99344559,member
1152253,342341516A9A878D,classic_bike,2021-08-31 18:20:06,2021-08-31 18:28:30,Bond St & Fulton St,4479,Clark St & Henry St,4789,40.68962188790333,-73.98304268717766,40.69760127,-73.99344559,casual
1152258,F2093D539E0A8C4F,electric_bike,2021-08-01 18:22:34,2021-08-01 18:37:59,Wall St & South St,4953,Clark St & Henry St,4789,40.70437,-74.00637,40.69760127,-73.99344559,casual
1152263,2408D972F7709827,classic_bike,2021-08-13 15:30:16,2021-08-13 15:45:19,DeKalb Ave & S Portland Ave,4546,Clark St & Henry St,4789,40.68981035,-73.97493121,40.69760127,-73.99344559,member
1152265,D34EB8F3CCD50854,classic_bike,2021-08-27 23:22:32,2021-08-27 23:31:53,DeKalb Ave & S Portland Ave,4546,Clark St & Henry St,4789,40.68981035,-73.97493121,40.69760127,-73.99344559,member
1152270,CBA54FB866AFD1DA,classic_bike,2021-08-15 13:08:54,2021-08-15 13:37:09,E 15 St & 3 Ave,5863,Clark St & Henry St,4789,40.734232,-73.986923,40.69760127,-73.99344559,casual
1152291,0043A70C87A4E2C7,classic_bike,2021-08-26 20:06:37,2021-08-26 20:09:36,Columbia Heights & Cranberry St,4829,Clark St & Henry St,4789,40.70037867,-73.99548059,40.69760127,-73.99344559,member
1152293,AB35D06E928F2ADA,classic_bike,2021-08-16 19:41:02,2021-08-16 19:47:55,Columbia Heights & Cranberry St,4829,Clark St & Henry St,4789,40.70037867,-73.99548059,40.69760127,-73.99344559,member
1152295,81FFFCC4511F7C24,classic_bike,2021-08-29 21:08:21,2021-08-29 21:11:35,Columbia Heights & Cranberry St,4829,Clark St & Henry St,4789,40.70037867,-73.99548059,40.69760127,-73.99344559,member
1152296,4287203A036695DD,classic_bike,2021-08-15 17:58:16,2021-08-15 18:00:46,Columbia Heights & Cranberry St,4829,Clark St & Henry St,4789,40.70037867,-73.99548059,40.69760127,-73.99344559,member
1152313,2537C4DD464CF697,classic_bike,2021-08-01 17:21:30,2021-08-01 17:24:24,Columbia Heights & Cranberry St,4829,Clark St & Henry St,4789,40.70037867,-73.99548059,40.69760127,-73.99344559,member
1152322,93BA007BE8E730B7,classic_bike,2021-08-24 16:04:36,2021-08-24 16:23:59,Columbia Heights & Cranberry St,4829,Clark St & Henry St,4789,40.70037867,-73.99548059,40.69760127,-73.99344559,casual
1152323,644AB315F660C6A5,classic_bike,2021-08-21 14:55:43,2021-08-21 15:04:15,Columbia Heights & Cranberry St,4829,Clark St & Henry St,4789,40.70037867,-73.99548059,40.69760127,-73.99344559,member
1152339,83BE0584FBD9401F,classic_bike,2021-08-29 12:57:25,2021-08-29 13:05:31,Johnson St & Gold St,4668,Clark St & Henry St,4789,40.69474881,-73.98362464,40.69760127,-73.99344559,casual
1152348,36C6C26562EB8DFB,classic_bike,2021-08-02 11:28:06,2021-08-02 11:32:58,Columbia Heights & Cranberry St,4829,Clark St & Henry St,4789,40.70037867,-73.99548059,40.69760127,-73.99344559,member
1152353,3B1EBFB7E12CD201,classic_bike,2021-08-02 21:06:18,2021-08-02 21:23:00,Columbia Heights & Cranberry St,4829,Clark St & Henry St,4789,40.70037867,-73.99548059,40.69760127,-73.99344559,member
1152356,2748C589DF8ACCCC,classic_bike,2021-08-17 21:55:44,2021-08-17 21:59:08,Columbia Heights & Cranberry St,4829,Clark St & Henry St,4789,40.70037867,-73.99548059,40.69760127,-73.99344559,member
1152361,9669E15613E71241,classic_bike,2021-08-24 17:18:39,2021-08-24 17:22:28,Columbia Heights & Cranberry St,4829,Clark St & Henry St,4789,40.70037867,-73.99548059,40.69760127,-73.99344559,casual
1152363,104BEC332A766EFE,classic_bike,2021-08-21 14:56:59,2021-08-21 15:04:17,Columbia Heights & Cranberry St,4829,Clark St & Henry St,4789,40.70037867,-73.99548059,40.69760127,-73.99344559,member
1152368,1B2DBDBDCF4B5D54,classic_bike,2021-08-16 14:45:13,2021-08-16 14:48:00,Columbia Heights & Cranberry St,4829,Clark St & Henry St,4789,40.70037867,-73.99548059,40.69760127,-73.99344559,member
1152369,1F060E75C394D74F,classic_bike,2021-08-06 19:32:51,2021-08-06 19:35:43,Columbia Heights & Cranberry St,4829,Clark St & Henry St,4789,40.70037867,-73.99548059,40.69760127,-73.99344559,member
1152370,48EFB5ED15E6EB88,classic_bike,2021-08-29 11:20:17,2021-08-29 11:42:30,Murray St & West St,5329,Clark St & Henry St,4789,40.7149787,-74.013012,40.69760127,-73.99344559,member
1152373,56533E6721A087C8,classic_bike,2021-08-01 20:09:17,2021-08-01 20:28:54,Columbia Heights & Cranberry St,4829,Clark St & Henry St,4789,40.70037867,-73.99548059,40.69760127,-73.99344559,member
1152378,51FF253F1EBE3ECF,classic_bike,2021-08-19 16:04:36,2021-08-19 16:08:50,Columbia Heights & Cranberry St,4829,Clark St & Henry St,4789,40.70037867,-73.99548059,40.69760127,-73.99344559,member
1152383,56CB6A33E18515E0,classic_bike,2021-08-20 17:57:05,2021-08-20 18:00:53,Columbia Heights & Cranberry St,4829,Clark St & Henry St,4789,40.70037867,-73.99548059,40.69760127,-73.99344559,member
1152386,64FE9504F40DF312,docked_bike,2021-08-30 17:53:48,2021-08-30 18:16:47,Columbia Heights & Cranberry St,4829,Clark St & Henry St,4789,40.700379,-73.995481,40.697601,-73.993446,casual
1152390,E43B68CABA56F0BE,classic_bike,2021-08-01 21:12:54,2021-08-01 21:37:32,Columbia Heights & Cranberry St,4829,Clark St & Henry St,4789,40.70037867,-73.99548059,40.69760127,-73.99344559,casual
1152393,1AA0E9515C3672B9,classic_bike,2021-08-26 12:07:39,2021-08-26 12:36:39,Columbia Heights & Cranberry St,4829,Clark St & Henry St,4789,40.70037867,-73.99548059,40.69760127,-73.99344559,member
1152395,E74855FEAE121D17,classic_bike,2021-08-01 14:03:37,2021-08-01 14:07:00,Columbia Heights & Cranberry St,4829,Clark St & Henry St,4789,40.70037867,-73.99548059,40.69760127,-73.99344559,member
1152403,DB349721E1896566,classic_bike,2021-08-08 10:47:55,2021-08-08 10:51:14,Montague St & Clinton St,4677,Clark St & Henry St,4789,40.6942715,-73.9923272,40.69760127,-73.99344559,member
1152408,F4A5C338850DC300,classic_bike,2021-08-16 13:23:14,2021-08-16 13:25:21,Montague St & Clinton St,4677,Clark St & Henry St,4789,40.6942715,-73.9923272,40.69760127,-73.99344559,member
1152417,5EE2455506C8442A,classic_bike,2021-08-03 07:57:49,2021-08-03 08:00:10,Montague St & Clinton St,4677,Clark St & Henry St,4789,40.6942715,-73.9923272,40.69760127,-73.99344559,member
1152420,86E357892CDA0100,classic_bike,2021-08-30 13:09:02,2021-08-30 13:12:18,Montague St & Clinton St,4677,Clark St & Henry St,4789,40.6942715,-73.9923272,40.69760127,-73.99344559,member
1152425,34DB4BB50B9B994A,classic_bike,2021-08-01 20:45:53,2021-08-01 20:57:49,Clinton St & Union St,4266,Clark St & Henry St,4789,40.6831164,-73.99785267,40.69760127,-73.99344559,member
1152427,1D3C0AA1D4D8E521,classic_bike,2021-08-09 15:32:20,2021-08-09 15:41:27,Clinton St & Union St,4266,Clark St & Henry St,4789,40.6831164,-73.99785267,40.69760127,-73.99344559,casual
1152428,7A57A869A24BCE65,classic_bike,2021-08-31 21:31:47,2021-08-31 21:36:51,Montague St & Clinton St,4677,Clark St & Henry St,4789,40.6942715,-73.9923272,40.69760127,-73.99344559,member
1152433,B6879718BB31895D,classic_bike,2021-08-05 00:22:32,2021-08-05 00:26:32,Montague St & Clinton St,4677,Clark St & Henry St,4789,40.6942715,-73.9923272,40.69760127,-73.99344559,member
1152445,3767F73F57FEBBE0,classic_bike,2021-08-14 14:12:15,2021-08-14 14:19:17,Montague St & Clinton St,4677,Clark St & Henry St,4789,40.6942715,-73.9923272,40.69760127,-73.99344559,member
1152446,09BB84AB7CF81614,classic_bike,2021-08-09 21:01:23,2021-08-09 21:04:05,Montague St & Clinton St,4677,Clark St & Henry St,4789,40.6942715,-73.9923272,40.69760127,-73.99344559,member
1152448,C6151C2A36ED8B0C,classic_bike,2021-08-29 16:10:47,2021-08-29 16:13:45,Montague St & Clinton St,4677,Clark St & Henry St,4789,40.6942715,-73.9923272,40.69760127,-73.99344559,member
1152458,9A81299C4D9C5E95,classic_bike,2021-08-13 16:23:18,2021-08-13 16:27:19,Montague St & Clinton St,4677,Clark St & Henry St,4789,40.6942715,-73.9923272,40.69760127,-73.99344559,member
1152477,C459C0E6FB2D3FA5,electric_bike,2021-08-31 13:00:13,2021-08-31 13:38:48,Henry St & Atlantic Ave,4531,Clark St & Henry St,4789,40.69089272,-73.99612349,40.69760127,-73.99344559,member
1152478,89AB259E0739CEDC,classic_bike,2021-08-20 17:28:57,2021-08-20 17:22:50,Henry St & Atlantic Ave,4531,Clark St & Henry St,4789,40.69089272,-73.99612349,40.69760127,-73.99344559,member
1152479,89EEFF7E9BB38F03,classic_bike,2021-08-20 14:16:18,2021-08-20 14:21:43,Henry St & Atlantic Ave,4531,Clark St & Henry St,4789,40.69089272,-73.99612349,40.69760127,-73.99344559,member
1152489,73E8AAF0461399B3,electric_bike,2021-08-03 13:26:42,2021-08-03 14:00:54,Grand St & Havemeyer St,5267,Clark St & Henry St,4789,40.71286844,-73.95698119,40.69760127,-73.99344559,member
1152500,AD89DC0C8A45F259,classic_bike,2021-08-04 14:02:18,2021-08-04 14:21:48,2 Ave & E 29 St,6122,Clark St & Henry St,4789,40.74172351097472,-73.97809267044067,40.69760127,-73.99344559,member
1152525,1F988338139D708D,classic_bike,2021-08-28 17:00:24,2021-08-28 17:01:02,Clark St & Henry St,4789,Clark St & Henry St,4789,40.69760127,-73.99344559,40.69760127,-73.99344559,member
1152528,FE304014DBCDDDC5,classic_bike,2021-08-10 13:37:30,2021-08-10 13:38:02,Clark St & Henry St,4789,Clark St & Henry St,4789,40.69760127,-73.99344559,40.69760127,-73.99344559,member
1152529,B303E216E496494B,classic_bike,2021-08-29 20:47:14,2021-08-29 21:11:58,Clark St & Henry St,4789,Clark St & Henry St,4789,40.69760127,-73.99344559,40.69760127,-73.99344559,member
1152530,E9B7066BA15CD7E2,classic_bike,2021-08-04 20:45:42,2021-08-04 21:03:33,Clark St & Henry St,4789,Clark St & Henry St,4789,40.69760127,-73.99344559,40.69760127,-73.99344559,member
1152538,37586ED867503D4E,electric_bike,2021-08-30 10:32:46,2021-08-30 10:57:05,W 20 St & 10 Ave,6306,Clark St & Henry St,4789,40.745686,-74.005141,40.69760127,-73.99344559,member
1152541,A386502489306B07,electric_bike,2021-08-11 00:34:48,2021-08-11 00:57:55,Clark St & Henry St,4789,Clark St & Henry St,4789,40.69760127,-73.99344559,40.69760127,-73.99344559,member
1152542,18632344917D87DB,electric_bike,2021-08-11 19:09:08,2021-08-11 19:09:10,Clark St & Henry St,4789,Clark St & Henry St,4789,40.69760127,-73.99344559,40.69760127,-73.99344559,member
1152548,063F84EE7D88C331,classic_bike,2021-08-04 13:32:25,2021-08-04 13:42:33,Clark St & Henry St,4789,Clark St & Henry St,4789,40.69760127,-73.99344559,40.69760127,-73.99344559,member
1152601,E74B1E104849CE93,classic_bike,2021-08-08 17:40:41,2021-08-08 17:49:26,Clark St & Henry St,4789,Clark St & Henry St,4789,40.69760127,-73.99344559,40.69760127,-73.99344559,casual
1152628,879B35A3F0F2AEC5,electric_bike,2021-08-08 13:16:11,2021-08-08 13:16:42,Clark St & Henry St,4789,Clark St & Henry St,4789,40.69760127,-73.99344559,40.69760127,-73.99344559,member
1152636,7B32B7A0ABD4472E,classic_bike,2021-08-18 11:23:43,2021-08-18 14:00:41,Clark St & Henry St,4789,Clark St & Henry St,4789,40.69760127,-73.99344559,40.69760127,-73.99344559,member
1152703,9AE9EAA394D67A30,electric_bike,2021-08-20 22:41:18,2021-08-20 22:47:54,Clark St & Henry St,4789,Clark St & Henry St,4789,40.69760127,-73.99344559,40.69760127,-73.99344559,casual
1152740,03B002596EACF9EC,electric_bike,2021-08-24 11:44:53,2021-08-24 11:58:30,Willoughby Ave & Hall St,4611,Clark St & Henry St,4789,40.69196035,-73.96536851,40.69760127,-73.99344559,member
1152741,730F4A6B41636F22,electric_bike,2021-08-18 19:51:40,2021-08-18 20:01:58,Willoughby Ave & Hall St,4611,Clark St & Henry St,4789,40.69196035,-73.96536851,40.69760127,-73.99344559,casual
1152743,C7EBFA1BA8CADC99,classic_bike,2021-08-28 17:21:18,2021-08-28 17:50:54,Lexington Ave & E 36 St,6313,Clark St & Henry St,4789,40.7475739589548,-73.9788007736206,40.69760127,-73.99344559,member
1152768,032E415B474A87AD,electric_bike,2021-08-28 15:10:34,2021-08-28 15:13:10,Clark St & Henry St,4789,Clark St & Henry St,4789,40.69760127,-73.99344559,40.69760127,-73.99344559,member
1152769,5D656B8D2DB8699B,classic_bike,2021-08-02 14:40:42,2021-08-02 14:47:00,Clark St & Henry St,4789,Clark St & Henry St,4789,40.69760127,-73.99344559,40.69760127,-73.99344559,member
1152777,53CAC19C3B12345C,classic_bike,2021-08-04 14:36:45,2021-08-04 14:36:46,Clark St & Henry St,4789,Clark St & Henry St,4789,40.69760127,-73.99344559,40.69760127,-73.99344559,member
1152778,581438148FF9B15F,classic_bike,2021-08-04 14:20:02,2021-08-04 14:29:27,Clark St & Henry St,4789,Clark St & Henry St,4789,40.69760127,-73.99344559,40.69760127,-73.99344559,member
1152789,2DD209A9DE83C18A,classic_bike,2021-08-03 12:51:52,2021-08-03 12:53:55,Clark St & Henry St,4789,Clark St & Henry St,4789,40.69760127,-73.99344559,40.69760127,-73.99344559,casual
1152829,630BBEFBA5AF32B5,classic_bike,2021-08-03 12:14:52,2021-08-03 12:15:16,Clark St & Henry St,4789,Clark St & Henry St,4789,40.69760127,-73.99344559,40.69760127,-73.99344559,casual
1152839,C1BD8DDBB57D0B6B,electric_bike,2021-08-25 14:20:43,2021-08-25 14:21:21,Clark St & Henry St,4789,Clark St & Henry St,4789,40.69760127,-73.99344559,40.69760127,-73.99344559,casual
1152844,E40745662FAEA5FD,classic_bike,2021-08-28 11:17:01,2021-08-28 13:20:19,Clark St & Henry St,4789,Clark St & Henry St,4789,40.69760127,-73.99344559,40.69760127,-73.99344559,casual
1152883,25AAD83A1105B31C,classic_bike,2021-08-19 18:41:14,2021-08-19 19:06:15,Washington St & Gansevoort St,6039,Clark St & Henry St,4789,40.739323,-74.008119,40.69760127,-73.99344559,casual
1152885,CFD13875ADDC8B42,classic_bike,2021-08-24 21:29:36,2021-08-24 22:41:47,Washington St & Gansevoort St,6039,Clark St & Henry St,4789,40.739323,-74.008119,40.69760127,-73.99344559,casual
1152919,0CB704EBC9885134,electric_bike,2021-08-04 07:26:20,2021-08-04 07:33:26,Columbia St & Degraw St,4422,Clark St & Henry St,4789,40.6859296,-74.00242364,40.69760127,-73.99344559,casual
1152920,A0077CE3717B4CB9,classic_bike,2021-08-31 09:16:34,2021-08-31 09:29:08,Columbia St & Degraw St,4422,Clark St & Henry St,4789,40.6859296,-74.00242364,40.69760127,-73.99344559,casual
1152984,7107C0E35D339E15,electric_bike,2021-08-29 18:49:39,2021-08-29 19:13:29,Clinton St & Tillary St,4748,Clark St & Henry St,4789,40.69623297129316,-73.99142056703568,40.69760127,-73.99344559,member
1152986,DA1CF5ACBA7D9E6D,electric_bike,2021-08-08 22:10:10,2021-08-08 22:12:20,Clinton St & Tillary St,4748,Clark St & Henry St,4789,40.69623297129316,-73.99142056703568,40.69760127,-73.99344559,member
1152987,9296F7C1A37AB85E,classic_bike,2021-08-17 18:43:04,2021-08-17 18:44:12,Clinton St & Tillary St,4748,Clark St & Henry St,4789,40.69623297129316,-73.99142056703568,40.69760127,-73.99344559,member
1153029,4BB3B38F30452ADF,classic_bike,2021-08-21 13:46:34,2021-08-21 13:53:50,Sands St & Jay St,4821,Clark St & Henry St,4789,40.700119,-73.9862,40.69760127,-73.99344559,member
1153050,6E86FC0129424E2B,electric_bike,2021-08-06 17:58:34,2021-08-06 20:11:15,30 Ave & 21 St,6996,Clark St & Henry St,4789,40.7703743,-73.9286078,40.69760127,-73.99344559,casual
1153054,96684F8B4ACDB742,classic_bike,2021-08-07 15:36:59,2021-08-07 16:11:56,E 20 St & 2 Ave,5971,Clark St & Henry St,4789,40.73587678,-73.98205027,40.69760127,-73.99344559,member
1153055,440188286FE02EF3,classic_bike,2021-08-02 17:22:26,2021-08-02 17:56:36,Dock 72 Way & Market St,4804,Clark St & Henry St,4789,40.69985,-73.97141,40.69760127,-73.99344559,member
1153092,E7627352B9C65871,electric_bike,2021-08-19 10:08:12,2021-08-19 10:26:31,1 Ave & E 16 St,5779,Clark St & Henry St,4789,40.73221853,-73.98165557,40.69760127,-73.99344559,member
1153113,7F787D6DAF6ECEE3,classic_bike,2021-08-05 12:46:34,2021-08-05 13:18:16,46 St & 7 Ave,3117,Clark St & Henry St,4789,40.644743,-74.003754,40.69760127,-73.99344559,member
1153120,7680505953AC98CF,electric_bike,2021-08-10 11:09:25,2021-08-10 11:32:40,E 17 St & Broadway,5980,Clark St & Henry St,4789,40.73704984,-73.99009296,40.69760127,-73.99344559,member
1153127,FE435D839AFA16BA,classic_bike,2021-08-29 22:11:45,2021-08-29 22:38:24,University Pl & E 14 St,5905,Clark St & Henry St,4789,40.734814,-73.992085,40.69760127,-73.99344559,member
1153147,0179470FB3DCE050,classic_bike,2021-08-30 09:42:23,2021-08-30 09:45:45,Concord St & Bridge St,4781,Clark St & Henry St,4789,40.69766564,-73.98476437,40.69760127,-73.99344559,member
1153149,18964B1A36D24973,electric_bike,2021-08-13 14:24:41,2021-08-13 14:30:19,Brooklyn Bridge Park - Pier 2,4756,Clark St & Henry St,4789,40.698458,-73.997178,40.69760127,-73.99344559,member
1153150,0F95B9922DBB40BC,electric_bike,2021-08-14 11:56:56,2021-08-14 12:21:09,2 Ave & 32 St,3532,Clark St & Henry St,4789,40.659176,-74.006584,40.69760127,-73.99344559,member
1153157,6AF9CBDB58AE86C8,classic_bike,2021-08-04 21:22:27,2021-08-04 21:36:24,Brooklyn Bridge Park - Pier 2,4756,Clark St & Henry St,4789,40.698458,-73.997178,40.69760127,-73.99344559,casual
1153187,FBD058D1CF22E062,classic_bike,2021-08-28 23:26:38,2021-08-28 23:33:34,Old Fulton St,4903,Clark St & Henry St,4789,40.70277159,-73.99383605,40.69760127,-73.99344559,member
1153190,43AB11D8F6C3B5F5,classic_bike,2021-08-26 22:08:46,2021-08-26 22:16:38,Old Fulton St,4903,Clark St & Henry St,4789,40.70277159,-73.99383605,40.69760127,-73.99344559,member
1153206,14C652527AC1AF98,electric_bike,2021-08-25 12:33:59,2021-08-25 12:37:18,Old Fulton St,4903,Clark St & Henry St,4789,40.70277159,-73.99383605,40.69760127,-73.99344559,casual
1153217,7A9A15321A610ACB,classic_bike,2021-08-26 10:22:55,2021-08-26 10:26:40,Old Fulton St,4903,Clark St & Henry St,4789,40.70277159,-73.99383605,40.69760127,-73.99344559,member
1153222,E57E99AC4E0BC074,classic_bike,2021-08-09 18:58:46,2021-08-09 19:10:11,Old Fulton St,4903,Clark St & Henry St,4789,40.70277159,-73.99383605,40.69760127,-73.99344559,casual
1153223,FE84B9917A8AC30F,classic_bike,2021-08-13 00:02:31,2021-08-13 00:07:58,Old Fulton St,4903,Clark St & Henry St,4789,40.70277159,-73.99383605,40.69760127,-73.99344559,casual
1153228,CF9E7C4477CCE5F3,classic_bike,2021-08-03 14:08:22,2021-08-03 14:31:33,Old Fulton St,4903,Clark St & Henry St,4789,40.70277159,-73.99383605,40.69760127,-73.99344559,casual
1153233,985B26FD531978E3,classic_bike,2021-08-12 01:31:30,2021-08-12 01:47:49,Old Fulton St,4903,Clark St & Henry St,4789,40.70277159,-73.99383605,40.69760127,-73.99344559,casual
1153234,A30E1C1BA63CDA0A,classic_bike,2021-08-12 01:29:12,2021-08-12 01:48:27,Old Fulton St,4903,Clark St & Henry St,4789,40.70277159,-73.99383605,40.69760127,-73.99344559,casual
1153241,D69AD6E6CD995E97,classic_bike,2021-08-07 20:23:08,2021-08-07 20:45:22,Old Fulton St,4903,Clark St & Henry St,4789,40.70277159,-73.99383605,40.69760127,-73.99344559,casual
1153268,F3E144627249CC37,classic_bike,2021-08-12 01:28:22,2021-08-12 01:48:31,Old Fulton St,4903,Clark St & Henry St,4789,40.70277159,-73.99383605,40.69760127,-73.99344559,casual
1153271,C5016A739B53808D,classic_bike,2021-08-10 18:20:57,2021-08-10 19:03:41,Old Fulton St,4903,Clark St & Henry St,4789,40.70277159,-73.99383605,40.69760127,-73.99344559,casual
1153279,33F44ED4E7980920,classic_bike,2021-08-19 08:22:17,2021-08-19 08:26:09,Dock St & Front St,4903,Clark St & Henry St,4789,40.702709,-73.99253,40.69760127,-73.99344559,member
1153283,5DE53E9431551524,electric_bike,2021-08-30 12:11:15,2021-08-30 12:14:09,Old Fulton St,4903,Clark St & Henry St,4789,40.70277159,-73.99383605,40.69760127,-73.99344559,member
1153289,D9A9DA0FE5AD76AA,classic_bike,2021-08-10 18:25:09,2021-08-10 18:49:22,Old Fulton St,4903,Clark St & Henry St,4789,40.70277159,-73.99383605,40.69760127,-73.99344559,casual
1153294,938AEDB6B53EECF7,classic_bike,2021-08-07 23:13:04,2021-08-07 23:18:24,Old Fulton St,4903,Clark St & Henry St,4789,40.70277159,-73.99383605,40.69760127,-73.99344559,casual
1153295,0417E5018F927257,classic_bike,2021-08-26 22:07:44,2021-08-26 22:11:27,Old Fulton St,4903,Clark St & Henry St,4789,40.70277159,-73.99383605,40.69760127,-73.99344559,casual
1153297,AA27FE6FAEB79D4A,classic_bike,2021-08-30 09:52:18,2021-08-30 09:57:11,Old Fulton St,4903,Clark St & Henry St,4789,40.70277159,-73.99383605,40.69760127,-73.99344559,casual
1153303,B0B4AFBF5115AD5C,electric_bike,2021-08-26 23:01:28,2021-08-26 23:07:14,Dock St & Front St,4903,Clark St & Henry St,4789,40.702709,-73.99253,40.69760127,-73.99344559,casual
1153326,DF84F9914FCF09FC,classic_bike,2021-08-23 19:14:07,2021-08-23 19:18:33,Cadman Plaza E & Red Cross Pl,4821,Clark St & Henry St,4789,40.69991755,-73.98971773,40.69760127,-73.99344559,member
1153332,EE1D1F63BAA1E651,electric_bike,2021-08-06 14:30:21,2021-08-06 14:43:48,Rivington St & Chrystie St,5453,Clark St & Henry St,4789,40.72110063,-73.9919254,40.69760127,-73.99344559,member
1153359,05B12F7F6BF7A165,electric_bike,2021-08-07 15:11:13,2021-08-07 15:18:54,Clinton St & 4 Place,4119,Clark St & Henry St,4789,40.6783563,-74.00014502,40.69760127,-73.99344559,member
1153360,F525EA0B9F6E891F,classic_bike,2021-08-25 17:42:11,2021-08-25 17:57:46,Union Ave & Wallabout St,4818,Clark St & Henry St,4789,40.70029511,-73.95032283,40.69760127,-73.99344559,member
1153368,F380C528B22E6BC0,classic_bike,2021-08-04 18:57:50,2021-08-04 19:03:47,Myrtle Ave & Fleet Pl,4628,Clark St & Henry St,4789,40.693534,-73.981909,40.69760127,-73.99344559,member
1153369,D6D8F475A0141DBE,classic_bike,2021-08-01 15:46:15,2021-08-01 15:52:54,Myrtle Ave & Fleet Pl,4628,Clark St & Henry St,4789,40.693534,-73.981909,40.69760127,-73.99344559,member
1153370,6E9377CB18314457,classic_bike,2021-08-24 18:16:13,2021-08-24 18:24:25,Myrtle Ave & Fleet Pl,4628,Clark St & Henry St,4789,40.693534,-73.981909,40.69760127,-73.99344559,member
1153381,97269E4B6E64E83F,electric_bike,2021-08-08 15:03:38,2021-08-08 15:08:35,Congress St & Clinton St,4455,Clark St & Henry St,4789,40.68825516598005,-73.99545192718506,40.69760127,-73.99344559,member
1153383,8E0A7643ECE476C9,electric_bike,2021-08-20 18:09:08,2021-08-20 18:22:15,Bergen St & 4 Ave,4322,Clark St & Henry St,4789,40.68256425759694,-73.9798977971077,40.69760127,-73.99344559,member
1153385,0D286025D286C86C,classic_bike,2021-08-31 22:33:07,2021-08-31 22:40:31,Congress St & Clinton St,4455,Clark St & Henry St,4789,40.68825516598005,-73.99545192718506,40.69760127,-73.99344559,casual
1153386,97749EE3B6EE8E12,electric_bike,2021-08-27 18:26:13,2021-08-27 18:44:35,Baltic St & 5 Ave,4208,Clark St & Henry St,4789,40.6795766,-73.97854971,40.69760127,-73.99344559,casual
1153387,7E693EF39A6D9CBC,electric_bike,2021-08-08 14:13:54,2021-08-08 14:27:10,Bay St & Court St,3931,Clark St & Henry St,4789,40.671409,-74.001328,40.69760127,-73.99344559,casual
1153396,521D4FF654998A04,classic_bike,2021-08-25 14:10:19,2021-08-25 14:13:26,Cadman Plaza E & Red Cross Pl,4821,Clark St & Henry St,4789,40.69991755,-73.98971773,40.69760127,-73.99344559,member
1153397,9C03BEF87382C319,electric_bike,2021-08-16 17:26:01,2021-08-16 17:29:04,Cadman Plaza E & Red Cross Pl,4821,Clark St & Henry St,4789,40.69991755,-73.98971773,40.69760127,-73.99344559,member
1153399,FFA8232147B43C17,classic_bike,2021-08-04 20:02:28,2021-08-04 20:50:42,10 St & 5 Ave,3842,Clark St & Henry St,4789,40.6686273,-73.98700053,40.69760127,-73.99344559,member
1153401,821FE9A38DD30305,classic_bike,2021-08-03 20:11:35,2021-08-03 20:33:44,Carroll St & 6 Ave,4019,Clark St & Henry St,4789,40.6740886,-73.9787282,40.69760127,-73.99344559,member
1153422,A7BB846845ED58B6,electric_bike,2021-08-21 16:21:04,2021-08-21 16:34:56,Carroll St & 5 Ave,4060,Clark St & Henry St,4789,40.6751622,-73.9814832,40.69760127,-73.99344559,member
1153449,F7DF1F00331D9785,classic_bike,2021-08-14 16:33:18,2021-08-14 16:52:32,Carroll St & 5 Ave,4060,Clark St & Henry St,4789,40.6751622,-73.9814832,40.69760127,-73.99344559,casual
1153477,89BBBEB68FEB026F,classic_bike,2021-08-06 18:49:58,2021-08-06 19:13:26,Verona Pl & Fulton St,4124,Clark St & Henry St,4789,40.6803560840434,-73.9476791024208,40.69760127,-73.99344559,casual
1153507,42B8E5F164A6C193,electric_bike,2021-08-29 07:15:40,2021-08-29 07:31:36,Garfield Pl & 8 Ave,3978,Clark St & Henry St,4789,40.6711978,-73.97484126,40.69760127,-73.99344559,member
1153513,8D168DEE4795B8EA,electric_bike,2021-08-04 16:58:37,2021-08-04 17:03:25,Boerum Pl\t& Pacific St,4488,Clark St & Henry St,4789,40.68848905639242,-73.99116039276123,40.69760127,-73.99344559,member
1153514,948FA14DBC25B204,electric_bike,2021-08-27 16:43:56,2021-08-27 16:53:12,Boerum Pl\t& Pacific St,4488,Clark St & Henry St,4789,40.68848905639242,-73.99116039276123,40.69760127,-73.99344559,member
1153519,19AB7C1F5D7A04BB,classic_bike,2021-08-05 18:11:50,2021-08-05 18:18:04,Boerum Pl\t& Pacific St,4488,Clark St & Henry St,4789,40.68848905639242,-73.99116039276123,40.69760127,-73.99344559,member
1153524,B54999A30FEBB5A5,classic_bike,2021-08-30 16:06:20,2021-08-30 16:14:08,Boerum Pl\t& Pacific St,4488,Clark St & Henry St,4789,40.68848905639242,-73.99116039276123,40.69760127,-73.99344559,member
1153526,64F9B9AED999E4DA,classic_bike,2021-08-08 17:43:59,2021-08-08 17:55:01,Boerum Pl\t& Pacific St,4488,Clark St & Henry St,4789,40.68848905639242,-73.99116039276123,40.69760127,-73.99344559,member
1153527,B4A40AC927F313D9,classic_bike,2021-08-08 08:38:47,2021-08-08 08:50:39,Boerum Pl\t& Pacific St,4488,Clark St & Henry St,4789,40.68848905639242,-73.99116039276123,40.69760127,-73.99344559,member
1153531,2F52B7738AA9D3C8,classic_bike,2021-08-10 17:16:30,2021-08-10 17:26:54,Boerum Pl\t& Pacific St,4488,Clark St & Henry St,4789,40.68848905639242,-73.99116039276123,40.69760127,-73.99344559,member
1153588,BAA6230BAB68F6CA,classic_bike,2021-08-21 01:10:28,2021-08-21 01:37:51,Metropolitan Ave & Meeker Ave,5300,Clark St & Henry St,4789,40.71413311,-73.95234386,40.69760127,-73.99344559,casual
1153604,D577DAD5703F1D93,electric_bike,2021-08-19 21:03:11,2021-08-19 21:12:34,DeKalb Ave & Vanderbilt Ave,4461,Clark St & Henry St,4789,40.68940747,-73.96885458,40.69760127,-73.99344559,member
1153609,545BF0043B92EF67,classic_bike,2021-08-13 11:48:15,2021-08-13 12:16:15,Degraw St & Hoyt St,4258,Clark St & Henry St,4789,40.68199044270703,-73.99079024791718,40.69760127,-73.99344559,member
1153613,B407FD259D9BFD92,classic_bike,2021-08-23 13:44:08,2021-08-23 14:01:11,Degraw St & Hoyt St,4258,Clark St & Henry St,4789,40.68199044270703,-73.99079024791718,40.69760127,-73.99344559,casual
1153621,2A8749FF92533F8A,classic_bike,2021-08-27 13:51:40,2021-08-27 14:04:46,Degraw St & Hoyt St,4258,Clark St & Henry St,4789,40.68199044270703,-73.99079024791718,40.69760127,-73.99344559,casual
1153627,B032ACA4CF91D609,classic_bike,2021-08-16 13:51:02,2021-08-16 14:03:56,Degraw St & Hoyt St,4258,Clark St & Henry St,4789,40.68199044270703,-73.99079024791718,40.69760127,-73.99344559,casual
1153628,E74F7BFB9973A402,electric_bike,2021-08-15 15:25:58,2021-08-15 15:36:32,Degraw St & Hoyt St,4258,Clark St & Henry St,4789,40.68199044270703,-73.99079024791718,40.69760127,-73.99344559,casual
1153660,B6E408801DA14142,electric_bike,2021-08-16 21:14:44,2021-08-16 21:38:26,Driggs Ave & Lorimer St,5481,Clark St & Henry St,4789,40.72179134,-73.9504154,40.69760127,-73.99344559,casual
1153678,C44699800EADFE4E,classic_bike,2021-08-11 19:32:29,2021-08-11 19:53:06,7 Ave & Park Pl,4125,Clark St & Henry St,4789,40.6776147,-73.97324283,40.69760127,-73.99344559,member
1153684,8AEA2FDF038245FD,electric_bike,2021-08-09 22:08:09,2021-08-09 22:18:59,Pike St & Monroe St,5159,Clark St & Henry St,4789,40.71173107,-73.99193043,40.69760127,-73.99344559,member
1153686,8156B201E5DCD29E,electric_bike,2021-08-29 21:01:17,2021-08-29 21:24:36,Pike St & Monroe St,5159,Clark St & Henry St,4789,40.71173107,-73.99193043,40.69760127,-73.99344559,casual
1153693,661BA6C4FBB2F5DA,classic_bike,2021-08-22 19:43:10,2021-08-22 20:00:56,7 Ave & Park Pl,4125,Clark St & Henry St,4789,40.6776147,-73.97324283,40.69760127,-73.99344559,casual
1153709,73F2FE60BF7A39DC,classic_bike,2021-08-09 07:52:07,2021-08-09 08:03:29,Clinton Ave & Myrtle Ave,4651,Clark St & Henry St,4789,40.693261,-73.968896,40.69760127,-73.99344559,member
1153720,B0BE337D548CCD01,electric_bike,2021-08-26 01:53:39,2021-08-26 01:57:44,State St & Smith St,4565,Clark St & Henry St,4789,40.68926942,-73.98912867,40.69760127,-73.99344559,member
1153721,C0BF7CDE1E94B27A,classic_bike,2021-08-09 20:24:04,2021-08-09 20:35:00,State St & Smith St,4565,Clark St & Henry St,4789,40.68926942,-73.98912867,40.69760127,-73.99344559,member
1153723,B3DEA176BE7F3691,classic_bike,2021-08-29 11:33:15,2021-08-29 11:43:19,State St & Smith St,4565,Clark St & Henry St,4789,40.68926942,-73.98912867,40.69760127,-73.99344559,casual
1153733,2F7C8B6FD0E1C694,classic_bike,2021-08-30 08:37:16,2021-08-30 08:57:59,Clinton Ave & Myrtle Ave,4651,Clark St & Henry St,4789,40.693261,-73.968896,40.69760127,-73.99344559,member
1153747,323F193F66432EC8,classic_bike,2021-08-07 16:44:12,2021-08-07 16:54:36,Brooklyn Bridge Park - Pier 2,4756,Clark St & Henry St,4789,40.698458,-73.997178,40.69760127,-73.99344559,member
1153761,3A6CDC5755393372,classic_bike,2021-08-01 11:55:31,2021-08-01 12:10:27,St Marks Pl & 4 Ave,4249,Clark St & Henry St,4789,40.68177810928762,-73.97988975048065,40.69760127,-73.99344559,member
1153762,B9745EF5555B0AC9,classic_bike,2021-08-11 07:39:23,2021-08-11 07:41:29,Pierrepont St & Monroe Pl,4718,Clark St & Henry St,4789,40.69535693320225,-73.99344027042389,40.69760127,-73.99344559,member
1153764,4BD83902E0C0F743,electric_bike,2021-08-01 19:00:18,2021-08-01 19:15:13,Pierrepont St & Monroe Pl,4718,Clark St & Henry St,4789,40.69535693320225,-73.99344027042389,40.69760127,-73.99344559,member
1153785,1D6B4B1DFAE62F3E,electric_bike,2021-08-15 21:16:56,2021-08-15 21:18:14,Pierrepont St & Monroe Pl,4718,Clark St & Henry St,4789,40.69535693320225,-73.99344027042389,40.69760127,-73.99344559,member
1153786,B6908B0B38BD5432,electric_bike,2021-08-01 19:00:44,2021-08-01 19:02:25,Pierrepont St & Monroe Pl,4718,Clark St & Henry St,4789,40.69535693320225,-73.99344027042389,40.69760127,-73.99344559,member
1153790,CAF206E680309D77,classic_bike,2021-08-07 17:33:30,2021-08-07 17:37:10,Adams St & Prospect St,4821,Clark St & Henry St,4789,40.70076308326151,-73.98869812488556,40.69760127,-73.99344559,member
1153791,F1E15D02615F3A69,classic_bike,2021-08-07 11:08:16,2021-08-07 11:11:56,Adams St & Prospect St,4821,Clark St & Henry St,4789,40.70076308326151,-73.98869812488556,40.69760127,-73.99344559,member
1153792,A32D5CAB52D3F71C,classic_bike,2021-08-07 16:59:20,2021-08-07 17:03:28,Adams St & Prospect St,4821,Clark St & Henry St,4789,40.70076308326151,-73.98869812488556,40.69760127,-73.99344559,member
1153804,F32FEAA0BF910CAA,classic_bike,2021-08-13 02:38:28,2021-08-13 02:41:20,Pierrepont St & Monroe Pl,4718,Clark St & Henry St,4789,40.69535693320225,-73.99344027042389,40.69760127,-73.99344559,member
1153806,B6FC7D44CD6BD269,electric_bike,2021-08-01 19:00:06,2021-08-01 19:03:47,Pierrepont St & Monroe Pl,4718,Clark St & Henry St,4789,40.69535693320225,-73.99344027042389,40.69760127,-73.99344559,member
1153820,B739B9E2548D950A,classic_bike,2021-08-14 14:55:50,2021-08-14 15:16:59,St Marks Pl & 2 Ave,5669,Clark St & Henry St,4789,40.7284186,-73.98713956,40.69760127,-73.99344559,casual
1153829,F21C670B5ADC206E,classic_bike,2021-08-01 12:23:17,2021-08-01 12:51:14,S 3 St & Bedford Ave,5235,Clark St & Henry St,4789,40.71260486,-73.96264403,40.69760127,-73.99344559,casual
1153843,8C6414BEA10C1F2F,classic_bike,2021-08-13 18:19:53,2021-08-13 18:28:36,Adams St & Prospect St,4821,Clark St & Henry St,4789,40.70076308326151,-73.98869812488556,40.69760127,-73.99344559,member
1153844,0B0A631CDA19390B,classic_bike,2021-08-02 12:10:08,2021-08-02 12:18:13,Columbia St & Kane St,4422,Clark St & Henry St,4789,40.68763155,-74.0016256,40.69760127,-73.99344559,member
1153850,8483567BE222F59A,classic_bike,2021-08-02 21:56:47,2021-08-02 22:22:56,St Marks Pl & 2 Ave,5669,Clark St & Henry St,4789,40.7284186,-73.98713956,40.69760127,-73.99344559,member
1153855,A594E275358591E4,classic_bike,2021-08-22 04:37:00,2021-08-22 04:40:03,Adams St & Prospect St,4821,Clark St & Henry St,4789,40.70076308326151,-73.98869812488556,40.69760127,-73.99344559,member
1153856,8876AD5C34F0ED71,classic_bike,2021-08-22 04:43:59,2021-08-22 04:46:45,Adams St & Prospect St,4821,Clark St & Henry St,4789,40.70076308326151,-73.98869812488556,40.69760127,-73.99344559,member
1153857,D7F22F958544796F,classic_bike,2021-08-22 05:06:15,2021-08-22 05:09:05,Adams St & Prospect St,4821,Clark St & Henry St,4789,40.70076308326151,-73.98869812488556,40.69760127,-73.99344559,member
1153858,29B9145EB9CCE6F2,classic_bike,2021-08-07 14:13:53,2021-08-07 14:18:08,Adams St & Prospect St,4821,Clark St & Henry St,4789,40.70076308326151,-73.98869812488556,40.69760127,-73.99344559,member
1153859,17AA2A654C47E585,electric_bike,2021-08-07 19:41:38,2021-08-07 19:45:13,Adams St & Prospect St,4821,Clark St & Henry St,4789,40.70076308326151,-73.98869812488556,40.69760127,-73.99344559,member
1153871,A26A2BDCD4CB7A71,classic_bike,2021-08-13 11:40:03,2021-08-13 11:47:11,Butler St & Court St,4339,Clark St & Henry St,4789,40.6849894,-73.99440329,40.69760127,-73.99344559,member
1153872,04DBC7D7F442C081,electric_bike,2021-08-18 14:09:45,2021-08-18 14:16:20,Columbia St & Kane St,4422,Clark St & Henry St,4789,40.68763155,-74.0016256,40.69760127,-73.99344559,casual
1153876,DBCA98F14D479D13,electric_bike,2021-08-20 17:49:59,2021-08-20 18:18:53,W 36 St & 7 Ave,6483,Clark St & Henry St,4789,40.752149,-73.989539,40.69760127,-73.99344559,member
1153890,868E797BAAD5AF21,classic_bike,2021-08-06 11:47:42,2021-08-06 12:05:55,Schermerhorn St & Court St,4565,Clark St & Henry St,4789,40.69102925677968,-73.99183362722397,40.69760127,-73.99344559,casual
1153896,9787733F5CB74660,classic_bike,2021-08-07 12:52:03,2021-08-07 12:56:30,Schermerhorn St & Court St,4565,Clark St & Henry St,4789,40.69102925677968,-73.99183362722397,40.69760127,-73.99344559,member
1153898,9361E1F70143AF9D,classic_bike,2021-08-30 20:09:27,2021-08-30 20:17:25,Schermerhorn St & Court St,4565,Clark St & Henry St,4789,40.69102925677968,-73.99183362722397,40.69760127,-73.99344559,member
1153906,8B351A5FD10DE33A,classic_bike,2021-08-04 08:14:09,2021-08-04 08:16:34,Pierrepont St & Monroe Pl,4718,Clark St & Henry St,4789,40.69535693320225,-73.99344027042389,40.69760127,-73.99344559,member
1153908,76E00DA284482025,classic_bike,2021-08-26 14:31:57,2021-08-26 14:34:26,Pierrepont St & Monroe Pl,4718,Clark St & Henry St,4789,40.69535693320225,-73.99344027042389,40.69760127,-73.99344559,member
1153912,776689DE69042AA2,classic_bike,2021-08-22 17:17:54,2021-08-22 17:30:07,Henry St & Degraw St,4380,Clark St & Henry St,4789,40.6847514,-73.99917254,40.69760127,-73.99344559,member
1153915,5B7DBC8525EFCC8B,electric_bike,2021-08-08 12:45:02,2021-08-08 12:51:08,Henry St & Degraw St,4380,Clark St & Henry St,4789,40.6847514,-73.99917254,40.69760127,-73.99344559,member
1153916,62347947196258B9,classic_bike,2021-08-25 11:20:20,2021-08-25 11:24:28,Schermerhorn St & Court St,4565,Clark St & Henry St,4789,40.69102925677968,-73.99183362722397,40.69760127,-73.99344559,member
1153937,C77455B4F6893EE1,classic_bike,2021-08-21 14:30:05,2021-08-21 14:46:59,Bayard St & Baxter St,5351,Clark St & Henry St,4789,40.71602118,-73.99974372,40.69760127,-73.99344559,member
1154053,107086924C92F1B9,classic_bike,2021-08-14 18:30:34,2021-08-14 18:46:55,DeKalb Ave & Hudson Ave,4513,Clark St & Henry St,4789,40.689888,-73.981013,40.69760127,-73.99344559,member
1154070,602CD54976B26F3C,classic_bike,2021-08-20 12:54:17,2021-08-20 13:01:30,DeKalb Ave & Hudson Ave,4513,Clark St & Henry St,4789,40.689888,-73.981013,40.69760127,-73.99344559,member
1154079,E443FAC8DAF40A47,electric_bike,2021-08-16 21:54:53,2021-08-16 22:09:41,Canal St & Rutgers St,5303,Clark St & Henry St,4789,40.71427487,-73.98990025,40.69760127,-73.99344559,member
1154123,0D072D5108177314,electric_bike,2021-08-30 20:26:42,2021-08-30 20:59:46,1 Ave & E 62 St,6753,Clark St & Henry St,4789,40.7612274,-73.96094022,40.69760127,-73.99344559,member
1154143,CEA4F1EFD160EB56,electric_bike,2021-08-01 13:26:55,2021-08-01 13:55:24,William St & Pine St,5065,Clark St & Henry St,4789,40.70717936,-74.00887308,40.69760127,-73.99344559,casual
1154180,BE37325765AFCA61,classic_bike,2021-08-03 17:04:19,2021-08-03 17:13:18,Commerce St & Van Brunt St,4243,Clark St & Henry St,4789,40.6812117,-74.00860912,40.69760127,-73.99344559,member
1154181,274858E15539CBC4,classic_bike,2021-08-18 08:06:13,2021-08-18 08:24:18,7 Ave & Park Pl,4125,Clark St & Henry St,4789,40.6776147,-73.97324283,40.69760127,-73.99344559,member
1154188,6EC4BFEA760BE813,electric_bike,2021-08-06 08:37:34,2021-08-06 08:47:12,Bond St & Fulton St,4479,Clark St & Henry St,4789,40.68962188790333,-73.98304268717766,40.69760127,-73.99344559,member
1154200,D1D91BF9B75D119C,classic_bike,2021-08-30 01:09:42,2021-08-30 01:44:54,Bedford Ave & Nassau Ave,5550,Clark St & Henry St,4789,40.72311651,-73.95212324,40.69760127,-73.99344559,casual
1154224,7AECD36F05740617,classic_bike,2021-08-15 18:22:49,2021-08-15 18:30:50,Concord St & Bridge St,4781,Clark St & Henry St,4789,40.69766564,-73.98476437,40.69760127,-73.99344559,member
1154229,6EEAF60B182E6C42,classic_bike,2021-08-17 22:17:52,2021-08-17 22:24:11,Brooklyn Bridge Park - Pier 2,4756,Clark St & Henry St,4789,40.698458,-73.997178,40.69760127,-73.99344559,member
1154252,13C3F5BD4A1B14EB,classic_bike,2021-08-03 09:59:34,2021-08-03 10:05:18,Brooklyn Bridge Park - Pier 2,4756,Clark St & Henry St,4789,40.698458,-73.997178,40.69760127,-73.99344559,member
1154262,30C69D14BC1AFD5D,classic_bike,2021-08-02 05:55:13,2021-08-02 06:03:28,Brooklyn Bridge Park - Pier 2,4756,Clark St & Henry St,4789,40.698458,-73.997178,40.69760127,-73.99344559,member
1154263,BF9C369E5311A8EE,electric_bike,2021-08-16 06:10:45,2021-08-16 06:17:02,Brooklyn Bridge Park - Pier 2,4756,Clark St & Henry St,4789,40.698458,-73.997178,40.69760127,-73.99344559,member
1154271,2DA4D7CF429359D5,classic_bike,2021-08-05 15:56:08,2021-08-05 16:11:58,Douglass St & 4 Ave,4175,Clark St & Henry St,4789,40.6792788,-73.98154004,40.69760127,-73.99344559,casual
1154279,41D306DF943348DF,classic_bike,2021-08-31 18:47:40,2021-08-31 19:29:02,Pierrepont St & Monroe Pl,4718,Clark St & Henry St,4789,40.69535693320225,-73.99344027042389,40.69760127,-73.99344559,member
1154290,0795F806E52A21BC,classic_bike,2021-08-23 18:51:29,2021-08-23 19:04:40,Flushing Ave & Vanderbilt Ave,4762,Clark St & Henry St,4789,40.69795031569544,-73.97077560424805,40.69760127,-73.99344559,member
1154292,8E01CB3B22511F66,classic_bike,2021-08-10 13:34:27,2021-08-10 13:46:23,Flushing Ave & Vanderbilt Ave,4762,Clark St & Henry St,4789,40.69795031569544,-73.97077560424805,40.69760127,-73.99344559,member
1154307,DCB3ADA680EDFB32,classic_bike,2021-08-31 17:38:18,2021-08-31 18:04:21,Broadway & W 25 St,6173,Clark St & Henry St,4789,40.74286877312112,-73.98918628692627,40.69760127,-73.99344559,member
1154315,A42C12373415C55F,classic_bike,2021-08-30 21:13:13,2021-08-30 21:20:53,Concord St & Bridge St,4781,Clark St & Henry St,4789,40.69766564,-73.98476437,40.69760127,-73.99344559,casual
1154317,71083F6D7F431EDB,electric_bike,2021-08-04 19:32:14,2021-08-04 21:24:46,Brooklyn Bridge Park - Pier 2,4756,Clark St & Henry St,4789,40.698458,-73.997178,40.69760127,-73.99344559,casual
1154366,126AA0EF8079CBED,classic_bike,2021-08-01 19:44:59,2021-08-01 20:01:58,Adelphi St & Myrtle Ave,4620,Clark St & Henry St,4789,40.69308257,-73.97178913,40.69760127,-73.99344559,casual
1154369,2ADAF345D33D8220,classic_bike,2021-08-18 20:24:28,2021-08-18 20:32:15,Front St & Gold St,4927,Clark St & Henry St,4789,40.70224,-73.982578,40.69760127,-73.99344559,member
1154376,81A7F32B3A5EED62,classic_bike,2021-08-08 13:23:55,2021-08-08 13:55:41,W 36 St & 9 Ave,6569,Clark St & Henry St,4789,40.75462324029105,-73.99516761302948,40.69760127,-73.99344559,member
1154378,C7795BF508C54BA2,electric_bike,2021-08-14 13:03:43,2021-08-14 13:23:27,Stanton St & Chrystie St,5523,Clark St & Henry St,4789,40.72229346,-73.99147535,40.69760127,-73.99344559,member
1154380,1F79F8B0AAFCCE6E,electric_bike,2021-08-25 10:42:19,2021-08-25 11:13:32,Bleecker St & Crosby St,5679,Clark St & Henry St,4789,40.72615604980408,-73.99510189890862,40.69760127,-73.99344559,member
1154381,0EE9666071847732,classic_bike,2021-08-15 21:09:50,2021-08-15 21:41:41,Bleecker St & Crosby St,5679,Clark St & Henry St,4789,40.72615604980408,-73.99510189890862,40.69760127,-73.99344559,member
1154402,5A035B02B8D99FDC,electric_bike,2021-08-09 09:42:13,2021-08-09 09:56:11,Grand St & Elizabeth St,5382,Clark St & Henry St,4789,40.718822,-73.99596,40.69760127,-73.99344559,member
1154437,89E8B36499781173,classic_bike,2021-08-08 17:54:08,2021-08-08 18:02:23,Front St & Gold St,4927,Clark St & Henry St,4789,40.70224,-73.982578,40.69760127,-73.99344559,member
1154441,D15B7B462B3828B6,electric_bike,2021-08-26 19:26:28,2021-08-26 19:33:43,Nassau St & Navy St,4812,Clark St & Henry St,4789,40.69839895,-73.98068914,40.69760127,-73.99344559,member
1154455,136D510E090AEB6A,classic_bike,2021-08-12 19:50:36,2021-08-12 20:03:06,Washington Park,4546,Clark St & Henry St,4789,40.6917823,-73.9737299,40.69760127,-73.99344559,casual
1154472,1D75BE7A7402E3DC,classic_bike,2021-08-18 16:47:26,2021-08-18 16:52:12,Hicks St & Montague St,4645,Clark St & Henry St,4789,40.69512845,-73.99595065,40.69760127,-73.99344559,member
1154473,BF0992890CE00B0E,classic_bike,2021-08-12 17:22:53,2021-08-12 17:24:55,Hicks St & Montague St,4645,Clark St & Henry St,4789,40.69512845,-73.99595065,40.69760127,-73.99344559,member
1154497,D0EDDA454A030623,classic_bike,2021-08-02 17:06:20,2021-08-02 17:08:05,Hicks St & Montague St,4645,Clark St & Henry St,4789,40.69512845,-73.99595065,40.69760127,-73.99344559,member
1154500,BE542EC62997894A,electric_bike,2021-08-27 20:20:30,2021-08-27 20:33:25,Adelphi St & Myrtle Ave,4620,Clark St & Henry St,4789,40.69308257,-73.97178913,40.69760127,-73.99344559,member
1154512,43A984BDE5126891,classic_bike,2021-08-16 16:59:51,2021-08-16 17:01:31,Hicks St & Montague St,4645,Clark St & Henry St,4789,40.69512845,-73.99595065,40.69760127,-73.99344559,member
1154515,48C0AA286CEAC5D5,classic_bike,2021-08-15 10:51:36,2021-08-15 10:59:53,Kane St & Clinton St,4455,Clark St & Henry St,4789,40.6861758,-73.99645295,40.69760127,-73.99344559,member
1154516,941B4C220F456272,classic_bike,2021-08-05 08:13:41,2021-08-05 08:15:28,Hicks St & Montague St,4645,Clark St & Henry St,4789,40.69512845,-73.99595065,40.69760127,-73.99344559,member
1154517,C66819F46D84E7FA,electric_bike,2021-08-13 23:57:42,2021-08-14 00:04:46,Kane St & Clinton St,4455,Clark St & Henry St,4789,40.6861758,-73.99645295,40.69760127,-73.99344559,casual
1154537,8B01FF6C97E968CC,electric_bike,2021-08-24 18:37:23,2021-08-24 18:39:05,Hicks St & Montague St,4645,Clark St & Henry St,4789,40.69512845,-73.99595065,40.69760127,-73.99344559,member
1154538,0BB69FCFC6142005,classic_bike,2021-08-04 08:13:42,2021-08-04 08:16:09,Hicks St & Montague St,4645,Clark St & Henry St,4789,40.69512845,-73.99595065,40.69760127,-73.99344559,member
1154540,0018451A7614E059,classic_bike,2021-08-03 21:35:22,2021-08-03 21:50:33,Hicks St & Montague St,4645,Clark St & Henry St,4789,40.69512845,-73.99595065,40.69760127,-73.99344559,member
1154543,E2EF49497F5E6263,electric_bike,2021-08-13 07:41:13,2021-08-13 07:42:53,Hicks St & Montague St,4645,Clark St & Henry St,4789,40.69512845,-73.99595065,40.69760127,-73.99344559,member
1154544,8867AF691F0CC8D4,classic_bike,2021-08-04 09:28:59,2021-08-04 09:36:47,Kane St & Clinton St,4455,Clark St & Henry St,4789,40.6861758,-73.99645295,40.69760127,-73.99344559,member
1154548,BE1EEB3AECA98EC6,classic_bike,2021-08-27 09:00:44,2021-08-27 09:04:08,Hicks St & Montague St,4645,Clark St & Henry St,4789,40.69512845,-73.99595065,40.69760127,-73.99344559,member
1154549,2D40085F9B5F1DCD,classic_bike,2021-08-31 12:28:54,2021-08-31 12:31:23,Hicks St & Montague St,4645,Clark St & Henry St,4789,40.69512845,-73.99595065,40.69760127,-73.99344559,member
1154551,EC64C0AD8EB9E3D0,electric_bike,2021-08-26 13:06:33,2021-08-26 13:09:41,Hicks St & Montague St,4645,Clark St & Henry St,4789,40.69512845,-73.99595065,40.69760127,-73.99344559,member
1154553,1D907A5DE69AE963,classic_bike,2021-08-31 12:53:44,2021-08-31 12:56:26,Hicks St & Montague St,4645,Clark St & Henry St,4789,40.69512845,-73.99595065,40.69760127,-73.99344559,member
1154554,067F04D6CA32D16D,classic_bike,2021-08-31 17:24:44,2021-08-31 17:27:34,Hicks St & Montague St,4645,Clark St & Henry St,4789,40.69512845,-73.99595065,40.69760127,-73.99344559,member
1154556,E1D8EACEBAAC56A6,classic_bike,2021-08-27 20:58:44,2021-08-27 21:08:47,Hicks St & Montague St,4645,Clark St & Henry St,4789,40.69512845,-73.99595065,40.69760127,-73.99344559,member
1154557,2329AC0C2009523F,classic_bike,2021-08-07 14:35:10,2021-08-07 14:37:33,Hicks St & Montague St,4645,Clark St & Henry St,4789,40.69512845,-73.99595065,40.69760127,-73.99344559,member
1154558,4AE174AE62492149,electric_bike,2021-08-07 10:05:44,2021-08-07 10:07:30,Hicks St & Montague St,4645,Clark St & Henry St,4789,40.69512845,-73.99595065,40.69760127,-73.99344559,member
1154559,5E66AD308EEF6FE8,classic_bike,2021-08-11 06:20:24,2021-08-11 06:24:18,Hicks St & Montague St,4645,Clark St & Henry St,4789,40.69512845,-73.99595065,40.69760127,-73.99344559,member
1154562,5B0049E1515ECCF2,classic_bike,2021-08-31 20:10:11,2021-08-31 20:12:50,Hicks St & Montague St,4645,Clark St & Henry St,4789,40.69512845,-73.99595065,40.69760127,-73.99344559,member
1154565,84EFBC83EF91E6B5,classic_bike,2021-08-02 23:20:36,2021-08-02 23:22:48,Hicks St & Montague St,4645,Clark St & Henry St,4789,40.69512845,-73.99595065,40.69760127,-73.99344559,member
1154567,ED29011FC7C04628,electric_bike,2021-08-28 17:59:17,2021-08-28 18:57:55,Hicks St & Montague St,4645,Clark St & Henry St,4789,40.69512845,-73.99595065,40.69760127,-73.99344559,member
1154568,7332A9F6DC1A0C6C,classic_bike,2021-08-20 22:29:25,2021-08-20 22:31:58,Hicks St & Montague St,4645,Clark St & Henry St,4789,40.69512845,-73.99595065,40.69760127,-73.99344559,member
1154569,DAF738345847DF83,electric_bike,2021-08-16 18:34:33,2021-08-16 18:54:04,Dean St & Franklin Ave,4107,Clark St & Henry St,4789,40.67759206937376,-73.955637216568,40.69760127,-73.99344559,member
1154601,2935AE0C35F409F8,electric_bike,2021-08-07 18:35:20,2021-08-07 19:16:49,Metropolitan Ave & Bedford Ave,5308,Clark St & Henry St,4789,40.71534825,-73.96024116,40.69760127,-73.99344559,member
1154614,E43E79E0B308F5A2,electric_bike,2021-08-27 23:20:29,2021-08-27 23:43:46,Leonard St & Maujer St,5148,Clark St & Henry St,4789,40.7103685423523,-73.94705951213837,40.69760127,-73.99344559,member
1154619,B427348526D45651,classic_bike,2021-08-06 17:06:28,2021-08-06 17:42:32,Broadway & W 36 St,6441,Clark St & Henry St,4789,40.75097711,-73.98765428,40.69760127,-73.99344559,member
1154622,5BAC8FD3B6FD4470,electric_bike,2021-08-23 22:46:17,2021-08-23 23:06:24,E 2 St & Avenue C,5476,Clark St & Henry St,4789,40.7208736,-73.98085795,40.69760127,-73.99344559,member
1154625,3E2D17E803A7E0A8,electric_bike,2021-08-28 18:51:45,2021-08-28 19:12:33,E 11 St & 1 Ave,5746,Clark St & Henry St,4789,40.72953837,-73.98426726,40.69760127,-73.99344559,member
1154627,93934D98315E8D69,classic_bike,2021-08-21 17:18:46,2021-08-21 17:47:30,Grand St & Greene St,5500,Clark St & Henry St,4789,40.72170005235607,-74.00238141417502,40.69760127,-73.99344559,member
1154651,55D49214937F2D34,electric_bike,2021-08-13 14:29:37,2021-08-13 14:48:40,E 2 St & Avenue C,5476,Clark St & Henry St,4789,40.7208736,-73.98085795,40.69760127,-73.99344559,member
1154653,D2008C97C781F96E,classic_bike,2021-08-09 17:49:49,2021-08-09 18:22:23,Broadway & W 36 St,6441,Clark St & Henry St,4789,40.75097711,-73.98765428,40.69760127,-73.99344559,member
1154658,CE2E87DE7C33FEFE,electric_bike,2021-08-06 17:13:17,2021-08-06 17:29:57,E 11 St & 1 Ave,5746,Clark St & Henry St,4789,40.72953837,-73.98426726,40.69760127,-73.99344559,member
1154675,56CD62CDB2904BEB,classic_bike,2021-08-25 16:00:05,2021-08-25 16:39:04,Metropolitan Ave & Bedford Ave,5308,Clark St & Henry St,4789,40.71534825,-73.96024116,40.69760127,-73.99344559,member
1154681,09EC56628447BE96,electric_bike,2021-08-23 21:09:34,2021-08-23 21:50:12,1 Ave & E 62 St,6753,Clark St & Henry St,4789,40.7612274,-73.96094022,40.69760127,-73.99344559,member
1154690,6503920EA0586ADD,classic_bike,2021-08-05 13:14:31,2021-08-05 13:21:55,Brooklyn Bridge Park - Pier 2,4756,Clark St & Henry St,4789,40.698458,-73.997178,40.69760127,-73.99344559,member
1154695,3B6B3F6424B75420,electric_bike,2021-08-09 12:46:01,2021-08-09 13:04:50,Allen St & Hester St,5342,Clark St & Henry St,4789,40.71605866,-73.99190759,40.69760127,-73.99344559,member
1154713,C5D14428DC7A458B,classic_bike,2021-08-24 10:57:01,2021-08-24 11:19:34,Hancock St & Bedford Ave,4255,Clark St & Henry St,4789,40.68216564,-73.95399026,40.69760127,-73.99344559,member
1154741,DB98F39C7F2E68B7,classic_bike,2021-08-24 20:14:10,2021-08-24 20:19:18,Fulton St & Adams St,4637,Clark St & Henry St,4789,40.69241829257847,-73.98949474096298,40.69760127,-73.99344559,member
1154748,4103EF31BC12A00C,electric_bike,2021-08-06 05:41:23,2021-08-06 06:08:54,3 St & 7 Ave,3905,Clark St & Henry St,4789,40.6703837,-73.97839676,40.69760127,-73.99344559,casual
1154749,7BC1D6C11AC3ABC6,electric_bike,2021-08-12 13:30:24,2021-08-12 13:56:08,E 47 St & 2 Ave,6498,Clark St & Henry St,4789,40.75323098,-73.97032517,40.69760127,-73.99344559,member
1154755,AD5579EC302D7334,classic_bike,2021-08-29 19:05:51,2021-08-29 19:35:03,White St & Moore St,4987,Clark St & Henry St,4789,40.704508,-73.9351,40.69760127,-73.99344559,casual
1154784,70467317BD55A257,electric_bike,2021-08-20 18:23:05,2021-08-20 18:36:15,Allen St & Hester St,5342,Clark St & Henry St,4789,40.71605866,-73.99190759,40.69760127,-73.99344559,member
1154796,C25CB64599EFAF8C,classic_bike,2021-08-31 22:28:37,2021-08-31 22:42:23,Allen St & Hester St,5342,Clark St & Henry St,4789,40.71605866,-73.99190759,40.69760127,-73.99344559,member
1154805,662EF6627542E9DF,classic_bike,2021-08-10 18:40:00,2021-08-10 18:46:14,Kane St & Clinton St,4455,Clark St & Henry St,4789,40.6861758,-73.99645295,40.69760127,-73.99344559,member
1154806,81D0DEEA572BF977,classic_bike,2021-08-07 14:16:17,2021-08-07 14:18:22,Hicks St & Montague St,4645,Clark St & Henry St,4789,40.69512845,-73.99595065,40.69760127,-73.99344559,member
1154807,9F3C1E1165BD3786,classic_bike,2021-08-08 12:25:14,2021-08-08 12:28:13,Hicks St & Montague St,4645,Clark St & Henry St,4789,40.69512845,-73.99595065,40.69760127,-73.99344559,member
1154809,AD0B15E95380CA7C,classic_bike,2021-08-26 07:56:16,2021-08-26 08:04:08,Kane St & Clinton St,4455,Clark St & Henry St,4789,40.6861758,-73.99645295,40.69760127,-73.99344559,member
1154810,CE889CA7FD406733,classic_bike,2021-08-10 10:44:14,2021-08-10 10:46:10,Hicks St & Montague St,4645,Clark St & Henry St,4789,40.69512845,-73.99595065,40.69760127,-73.99344559,member
1154811,65A49315942732F7,classic_bike,2021-08-19 08:38:55,2021-08-19 08:40:59,Hicks St & Montague St,4645,Clark St & Henry St,4789,40.69512845,-73.99595065,40.69760127,-73.99344559,member
1154822,3CF0C49F1BC6FEAE,electric_bike,2021-08-14 00:22:32,2021-08-14 00:38:00,Kingston Ave & Herkimer St,4205,Clark St & Henry St,4789,40.67890679,-73.94142771,40.69760127,-73.99344559,member
1154826,616EB715B6A40F29,classic_bike,2021-08-23 16:45:52,2021-08-23 16:48:35,Henry St & Middagh St,4861,Clark St & Henry St,4789,40.7003,-73.991581,40.69760127,-73.99344559,member
1154834,5BCF1D7A376B4A75,classic_bike,2021-08-06 23:03:02,2021-08-06 23:07:50,Henry St & Middagh St,4861,Clark St & Henry St,4789,40.7003,-73.991581,40.69760127,-73.99344559,member
1154842,85A70D81E52D615E,classic_bike,2021-08-31 19:20:20,2021-08-31 19:28:03,Boerum Pl\t& Pacific St,4488,Clark St & Henry St,4789,40.68848905639242,-73.99116039276123,40.69760127,-73.99344559,member
1154843,4D043AA2D8870D2F,classic_bike,2021-08-30 18:41:19,2021-08-30 18:59:57,Mott St & Prince St,5561,Clark St & Henry St,4789,40.72317958,-73.99480012,40.69760127,-73.99344559,member
1154844,75A65B876447A111,electric_bike,2021-08-28 21:08:17,2021-08-28 21:17:20,Boerum Pl\t& Pacific St,4488,Clark St & Henry St,4789,40.68848905639242,-73.99116039276123,40.69760127,-73.99344559,casual
1154855,D44C38E920F8B490,electric_bike,2021-08-24 13:33:19,2021-08-24 13:53:59,Lispenard St & Broadway,5391,Clark St & Henry St,4789,40.71939226,-74.00247214,40.69760127,-73.99344559,casual
1154864,E8FF0FF0BCC65B79,classic_bike,2021-08-12 15:59:23,2021-08-12 16:01:46,Henry St & Middagh St,4861,Clark St & Henry St,4789,40.7003,-73.991581,40.69760127,-73.99344559,member
1154865,0FCBCFC22A54F833,classic_bike,2021-08-28 00:28:01,2021-08-28 00:30:28,Henry St & Middagh St,4861,Clark St & Henry St,4789,40.7003,-73.991581,40.69760127,-73.99344559,member
1154867,55696646490492EA,classic_bike,2021-08-26 17:02:33,2021-08-26 17:06:18,Henry St & Middagh St,4861,Clark St & Henry St,4789,40.7003,-73.991581,40.69760127,-73.99344559,member
1154897,F90553B848B3706D,electric_bike,2021-08-13 16:20:42,2021-08-13 16:36:09,Grand St & Greene St,5500,Clark St & Henry St,4789,40.72170005235607,-74.00238141417502,40.69760127,-73.99344559,casual
1154908,7FF668FA10645C54,classic_bike,2021-08-21 17:53:23,2021-08-21 17:55:40,Henry St & Middagh St,4861,Clark St & Henry St,4789,40.7003,-73.991581,40.69760127,-73.99344559,casual
1154909,18F1EB16ED088228,classic_bike,2021-08-07 14:23:02,2021-08-07 14:24:50,Henry St & Middagh St,4861,Clark St & Henry St,4789,40.7003,-73.991581,40.69760127,-73.99344559,member
1154910,2E1850EB565D70C2,classic_bike,2021-08-07 14:41:04,2021-08-07 14:43:07,Henry St & Middagh St,4861,Clark St & Henry St,4789,40.7003,-73.991581,40.69760127,-73.99344559,member
1154911,BD2F71B4EC2AD23B,classic_bike,2021-08-07 14:17:14,2021-08-07 14:19:13,Henry St & Middagh St,4861,Clark St & Henry St,4789,40.7003,-73.991581,40.69760127,-73.99344559,member
1154912,899699C62CF31B66,classic_bike,2021-08-07 14:11:32,2021-08-07 14:13:13,Henry St & Middagh St,4861,Clark St & Henry St,4789,40.7003,-73.991581,40.69760127,-73.99344559,member
1154913,87C9055F711D6E46,classic_bike,2021-08-07 17:24:41,2021-08-07 17:27:00,Henry St & Middagh St,4861,Clark St & Henry St,4789,40.7003,-73.991581,40.69760127,-73.99344559,member
1154914,D8D6B83D1D0F86CB,classic_bike,2021-08-07 14:35:07,2021-08-07 14:37:07,Henry St & Middagh St,4861,Clark St & Henry St,4789,40.7003,-73.991581,40.69760127,-73.99344559,member
1154915,FDE87D2DE6528B9C,classic_bike,2021-08-07 17:07:25,2021-08-07 17:09:10,Henry St & Middagh St,4861,Clark St & Henry St,4789,40.7003,-73.991581,40.69760127,-73.99344559,member
1154916,8659C1F09E6C43DA,classic_bike,2021-08-07 17:12:58,2021-08-07 17:14:57,Henry St & Middagh St,4861,Clark St & Henry St,4789,40.7003,-73.991581,40.69760127,-73.99344559,member
1154917,4D93EE483CF146C8,classic_bike,2021-08-07 17:18:56,2021-08-07 17:20:45,Henry St & Middagh St,4861,Clark St & Henry St,4789,40.7003,-73.991581,40.69760127,-73.99344559,member
1154918,DA94D9FAE5F44D5C,classic_bike,2021-08-07 14:28:46,2021-08-07 14:30:55,Henry St & Middagh St,4861,Clark St & Henry St,4789,40.7003,-73.991581,40.69760127,-73.99344559,member
1154919,47E86A01F950DA0E,classic_bike,2021-08-16 14:21:14,2021-08-16 14:23:23,Henry St & Middagh St,4861,Clark St & Henry St,4789,40.7003,-73.991581,40.69760127,-73.99344559,member
1154920,0791FDE46F28ED6F,classic_bike,2021-08-16 14:14:28,2021-08-16 14:16:42,Henry St & Middagh St,4861,Clark St & Henry St,4789,40.7003,-73.991581,40.69760127,-73.99344559,member
1154922,66F2332E35054628,classic_bike,2021-08-01 10:17:51,2021-08-01 10:22:03,Henry St & Middagh St,4861,Clark St & Henry St,4789,40.7003,-73.991581,40.69760127,-73.99344559,casual
1154955,8961D7747515EA2D,classic_bike,2021-08-31 20:33:29,2021-08-31 20:57:58,Carroll St & 5 Ave,4060,Clark St & Henry St,4789,40.6751622,-73.9814832,40.69760127,-73.99344559,member
1154999,3CA4CF4D7E8F60F4,electric_bike,2021-08-11 23:37:38,2021-08-11 23:45:29,DeKalb Ave & S Portland Ave,4546,Clark St & Henry St,4789,40.68981035,-73.97493121,40.69760127,-73.99344559,member
1155029,D0F54BAB1F2C0B4F,electric_bike,2021-08-22 01:05:45,2021-08-22 01:19:45,Prospect Pl & Underhill Ave,4116,Clark St & Henry St,4789,40.6769694,-73.96579,40.69760127,-73.99344559,member
1155040,25D005ADE9CFEEE1,classic_bike,2021-08-02 11:22:57,2021-08-02 11:31:23,Schermerhorn St & Bond St,4479,Clark St & Henry St,4789,40.688417427540834,-73.98451656103134,40.69760127,-73.99344559,member
1155050,298340692AB51A65,classic_bike,2021-08-05 16:42:29,2021-08-05 17:06:28,Hope St & Union Ave,5187,Clark St & Henry St,4789,40.71167351,-73.95141312,40.69760127,-73.99344559,member
1155064,B8B84F8AB4E7E13B,classic_bike,2021-08-31 19:08:52,2021-08-31 19:40:52,14 St & 7 Ave,3731,Clark St & Henry St,4789,40.663779,-73.98396846,40.69760127,-73.99344559,member
1155099,48A2E3ECCAAE602C,classic_bike,2021-08-16 22:43:58,2021-08-16 23:11:09,Plaza St West & Flatbush Ave,4010,Clark St & Henry St,4789,40.6750207,-73.97111473,40.69760127,-73.99344559,member
1155106,B9DCB3F251AC37E1,classic_bike,2021-08-30 18:58:34,2021-08-30 19:37:14,Hope St & Union Ave,5187,Clark St & Henry St,4789,40.71167351,-73.95141312,40.69760127,-73.99344559,casual
1155115,F7BB770A9554B2EF,classic_bike,2021-08-15 14:59:23,2021-08-15 15:22:55,Clinton St & Grand St,5303,Clark St & Henry St,4789,40.71559509,-73.9870295,40.69760127,-73.99344559,casual
1155117,6848C0CBC2307235,classic_bike,2021-08-28 17:09:16,2021-08-28 17:25:44,Smith St & 3 St,4151,Clark St & Henry St,4789,40.6787242,-73.99599099,40.69760127,-73.99344559,casual
1155119,BFABE509E9BBD462,classic_bike,2021-08-19 16:52:40,2021-08-19 17:19:33,LaGuardia Pl & W 3 St,5721,Clark St & Henry St,4789,40.72917025,-73.99810231,40.69760127,-73.99344559,casual
1155133,920A84E2D70DCA47,electric_bike,2021-08-20 22:15:52,2021-08-20 22:28:32,Smith St & 3 St,4151,Clark St & Henry St,4789,40.6787242,-73.99599099,40.69760127,-73.99344559,member
1155134,A8AE8A1FB721118D,classic_bike,2021-08-12 11:13:21,2021-08-12 11:37:15,Clinton St & Grand St,5303,Clark St & Henry St,4789,40.71559509,-73.9870295,40.69760127,-73.99344559,member
1155151,F7D4B1610BDEFAC3,classic_bike,2021-08-26 20:48:38,2021-08-26 21:12:09,Fulton St & Waverly Ave,4345,Clark St & Henry St,4789,40.68323865460341,-73.96599590778351,40.69760127,-73.99344559,member
1155180,6E04222E9433D559,classic_bike,2021-08-08 11:55:12,2021-08-08 12:05:33,Sands St & Jay St,4821,Clark St & Henry St,4789,40.700119,-73.9862,40.69760127,-73.99344559,member
1155181,97741FB2419F11C0,classic_bike,2021-08-03 11:00:27,2021-08-03 11:40:55,Sands St & Jay St,4821,Clark St & Henry St,4789,40.700119,-73.9862,40.69760127,-73.99344559,member
1155182,E324DF58014B20B0,classic_bike,2021-08-20 08:55:31,2021-08-20 09:00:08,Sands St & Jay St,4821,Clark St & Henry St,4789,40.700119,-73.9862,40.69760127,-73.99344559,member
1155183,9B065873E2C70D83,electric_bike,2021-08-28 14:56:38,2021-08-28 15:01:43,Sands St & Jay St,4821,Clark St & Henry St,4789,40.700119,-73.9862,40.69760127,-73.99344559,member
1155187,E47888C76AEFE8F4,electric_bike,2021-08-10 15:19:41,2021-08-10 15:55:55,Columbus Ave & W 72 St,7175,Clark St & Henry St,4789,40.7770575,-73.97898475,40.69760127,-73.99344559,member
1155196,B05898B4890BAC69,electric_bike,2021-08-11 10:11:30,2021-08-11 10:15:47,Johnson St & Gold St,4668,Clark St & Henry St,4789,40.69474881,-73.98362464,40.69760127,-73.99344559,member
1155212,175B43DD59F81E41,classic_bike,2021-08-07 20:52:23,2021-08-07 21:00:49,Johnson St & Gold St,4668,Clark St & Henry St,4789,40.69474881,-73.98362464,40.69760127,-73.99344559,member
1155227,55B21B15FD35708A,classic_bike,2021-08-28 07:09:29,2021-08-28 07:17:28,President St & Henry St,4307,Clark St & Henry St,4789,40.6828003,-73.99990419,40.69760127,-73.99344559,member
1155230,CE2AB97051B8CFBA,classic_bike,2021-08-30 18:32:19,2021-08-30 18:48:19,Pearl St & Peck Slip,5096,Clark St & Henry St,4789,40.708485,-74.002751,40.69760127,-73.99344559,member
1155232,911E34E3CBEEC507,classic_bike,2021-08-08 11:40:43,2021-08-08 11:49:17,President St & Henry St,4307,Clark St & Henry St,4789,40.6828003,-73.99990419,40.69760127,-73.99344559,member
1155262,8BB865A75900FD6A,classic_bike,2021-08-21 11:33:21,2021-08-21 11:43:22,Columbia St & Degraw St,4422,Clark St & Henry St,4789,40.6859296,-74.00242364,40.69760127,-73.99344559,casual
1155271,A684475D3E1DFF25,classic_bike,2021-08-06 16:47:00,2021-08-06 17:10:25,Lafayette Ave & St James Pl,4494,Clark St & Henry St,4789,40.68851534,-73.9647628,40.69760127,-73.99344559,member
1155272,0EBC3646130DC586,classic_bike,2021-08-10 17:12:22,2021-08-10 17:29:18,Lafayette Ave & St James Pl,4494,Clark St & Henry St,4789,40.68851534,-73.9647628,40.69760127,-73.99344559,member
1155273,95CE5D0F968B9BE5,classic_bike,2021-08-12 16:38:44,2021-08-12 17:00:50,Lafayette Ave & St James Pl,4494,Clark St & Henry St,4789,40.68851534,-73.9647628,40.69760127,-73.99344559,member
1155274,064693CE495E1E83,electric_bike,2021-08-12 07:11:55,2021-08-12 07:29:47,6 St & 7 Ave,3834,Clark St & Henry St,4789,40.6686627,-73.97988067,40.69760127,-73.99344559,member
1155275,442CF28D5D0FB596,electric_bike,2021-08-10 07:14:30,2021-08-10 07:31:49,6 St & 7 Ave,3834,Clark St & Henry St,4789,40.6686627,-73.97988067,40.69760127,-73.99344559,member
1155276,72352B9FF24BBB03,electric_bike,2021-08-05 07:11:15,2021-08-05 07:27:46,6 St & 7 Ave,3834,Clark St & Henry St,4789,40.6686627,-73.97988067,40.69760127,-73.99344559,member
1155303,2810A0786370714D,classic_bike,2021-08-11 15:45:46,2021-08-11 16:03:27,Lafayette Ave & St James Pl,4494,Clark St & Henry St,4789,40.68851534,-73.9647628,40.69760127,-73.99344559,member
1155319,DD14A68C587F5D17,electric_bike,2021-08-05 21:16:49,2021-08-05 21:30:04,Rivington St & Chrystie St,5453,Clark St & Henry St,4789,40.72110063,-73.9919254,40.69760127,-73.99344559,member
1155355,23557E463DB89D8C,classic_bike,2021-08-15 10:31:44,2021-08-15 10:39:56,Clinton St & Union St,4266,Clark St & Henry St,4789,40.6831164,-73.99785267,40.69760127,-73.99344559,member
1155356,83298557D37F1608,classic_bike,2021-08-18 23:15:37,2021-08-18 23:54:01,Driggs Ave & N Henry St,5542,Clark St & Henry St,4789,40.72325,-73.94308,40.69760127,-73.99344559,member
1155357,F42BCEB894069A6C,classic_bike,2021-08-21 11:17:16,2021-08-21 11:46:03,Driggs Ave & N Henry St,5542,Clark St & Henry St,4789,40.72325,-73.94308,40.69760127,-73.99344559,member
1155386,A33E11D1A6D12909,classic_bike,2021-08-28 19:11:22,2021-08-28 19:11:50,Clark St & Henry St,4789,Clark St & Henry St,4789,40.69760127,-73.99344559,40.69760127,-73.99344559,member
1155391,F0580468203CF174,classic_bike,2021-08-17 19:39:42,2021-08-17 19:44:43,Clark St & Henry St,4789,Clark St & Henry St,4789,40.69760127,-73.99344559,40.69760127,-73.99344559,member
1155392,5B90C6F88B84FB78,classic_bike,2021-08-27 16:41:13,2021-08-27 16:50:28,Clark St & Henry St,4789,Clark St & Henry St,4789,40.69760127,-73.99344559,40.69760127,-73.99344559,member
1155395,A7E8C956A57F8A92,electric_bike,2021-08-01 19:43:16,2021-08-01 19:45:15,Clark St & Henry St,4789,Clark St & Henry St,4789,40.69760127,-73.99344559,40.69760127,-73.99344559,member
1155406,806F2C16CF4BD877,classic_bike,2021-08-31 18:37:24,2021-08-31 19:02:36,Wythe Ave & Metropolitan Ave,5348,Clark St & Henry St,4789,40.716887,-73.963198,40.69760127,-73.99344559,member
1155437,6FFCA82104C449AF,electric_bike,2021-08-17 13:52:35,2021-08-17 14:03:42,Clark St & Henry St,4789,Clark St & Henry St,4789,40.69760127,-73.99344559,40.69760127,-73.99344559,casual
1155470,DDBDFC5717402E5B,classic_bike,2021-08-26 13:16:24,2021-08-26 13:26:29,Clark St & Henry St,4789,Clark St & Henry St,4789,40.69760127,-73.99344559,40.69760127,-73.99344559,casual
1155577,C1BF877AFE2E6FFE,classic_bike,2021-08-25 23:58:43,2021-08-26 00:13:43,Warren St & Court St,4413,Clark St & Henry St,4789,40.686371,-73.99383324,40.69760127,-73.99344559,casual
1155579,5E867CCCACCCE87D,classic_bike,2021-08-28 16:22:36,2021-08-28 16:43:50,4 Ave & 9 St,3955,Clark St & Henry St,4789,40.6705135,-73.98876585,40.69760127,-73.99344559,casual
1155590,7A347B7C7121DFEF,classic_bike,2021-08-05 11:12:21,2021-08-05 11:30:46,Berkeley Pl & 7 Ave,4051,Clark St & Henry St,4789,40.675146838709786,-73.97523209452629,40.69760127,-73.99344559,member
1155607,CAC208AA46E4BC2D,electric_bike,2021-08-11 16:06:08,2021-08-11 16:50:08,Riverside Dr & W 104 St,7623,Clark St & Henry St,4789,40.8013434,-73.9711457439,40.69760127,-73.99344559,member
1155611,D98CB23311BE1D30,electric_bike,2021-08-17 11:16:53,2021-08-17 11:36:36,4 Ave & 9 St,3955,Clark St & Henry St,4789,40.6705135,-73.98876585,40.69760127,-73.99344559,casual
1155612,4D093FCABF2F83D0,electric_bike,2021-08-17 11:13:48,2021-08-17 11:36:30,12 St & 4 Ave,3882,Clark St & Henry St,4789,40.668603,-73.9904394,40.69760127,-73.99344559,casual
1155617,76828E5C40AB4278,classic_bike,2021-08-31 19:04:35,2021-08-31 19:23:16,Warren St & W Broadway,5288,Clark St & Henry St,4789,40.71473993,-74.00910627,40.69760127,-73.99344559,member
1155619,723EEAF8871C7ADB,classic_bike,2021-08-15 16:55:14,2021-08-15 17:18:28,Pier 40 - Hudson River Park,5696,Clark St & Henry St,4789,40.7277140777778,-74.01129573583603,40.69760127,-73.99344559,member
1155630,AD9E4C42479C4A16,classic_bike,2021-08-09 07:50:06,2021-08-09 08:34:04,E 48 St & 5 Ave,6626,Clark St & Henry St,4789,40.75724567911726,-73.97805914282799,40.69760127,-73.99344559,member
1155669,F9B1CA8BE0D61D59,electric_bike,2021-08-30 19:40:21,2021-08-30 19:46:00,Duffield St & Willoughby St,4596,Clark St & Henry St,4789,40.69221589,-73.9842844,40.69760127,-73.99344559,member
1155671,F079D3E566213C15,electric_bike,2021-08-18 15:20:26,2021-08-18 15:25:52,Duffield St & Willoughby St,4596,Clark St & Henry St,4789,40.69221589,-73.9842844,40.69760127,-73.99344559,member
1155674,6CE0D851A1C71ECD,classic_bike,2021-08-03 21:24:46,2021-08-03 21:31:33,Duffield St & Willoughby St,4596,Clark St & Henry St,4789,40.69221589,-73.9842844,40.69760127,-73.99344559,member
1155689,49C59ABDE8E94D66,classic_bike,2021-08-16 08:23:19,2021-08-16 08:29:00,Lawrence St & Willoughby St,4596,Clark St & Henry St,4789,40.69236178,-73.98631746,40.69760127,-73.99344559,member
1155693,1432828ED409D6F0,electric_bike,2021-08-27 12:45:29,2021-08-27 12:50:39,Lawrence St & Willoughby St,4596,Clark St & Henry St,4789,40.69236178,-73.98631746,40.69760127,-73.99344559,member
1155694,64794780B1E90142,classic_bike,2021-08-24 11:44:29,2021-08-24 11:53:47,Lawrence St & Willoughby St,4596,Clark St & Henry St,4789,40.69236178,-73.98631746,40.69760127,-73.99344559,member
1155697,455A153DDD124D9A,classic_bike,2021-08-06 08:12:15,2021-08-06 08:17:30,Lawrence St & Willoughby St,4596,Clark St & Henry St,4789,40.69236178,-73.98631746,40.69760127,-73.99344559,member
1155703,42550343DFE5F498,classic_bike,2021-08-23 19:10:54,2021-08-23 19:19:14,Lawrence St & Willoughby St,4596,Clark St & Henry St,4789,40.69236178,-73.98631746,40.69760127,-73.99344559,casual
1155820,FCB487FA39A45E35,classic_bike,2021-08-10 15:05:15,2021-08-10 15:48:35,E 2 St & 2 Ave,5593,Clark St & Henry St,4789,40.72502876,-73.99069656,40.69760127,-73.99344559,casual
1155858,266BDBD2968334AF,electric_bike,2021-08-21 11:48:17,2021-08-21 12:02:10,E 4 St & 2 Ave,5593,Clark St & Henry St,4789,40.7262807,-73.98978041,40.69760127,-73.99344559,member
1155863,CBD7AF010420F7F3,classic_bike,2021-08-19 18:23:41,2021-08-19 19:40:58,8 Ave & W 52 St,6816,Clark St & Henry St,4789,40.76370739,-73.9851615,40.69760127,-73.99344559,casual
1155886,4741E4C8A3B1596F,classic_bike,2021-08-26 11:29:17,2021-08-26 11:30:19,Clark St & Henry St,4789,Clark St & Henry St,4789,40.69760127,-73.99344559,40.69760127,-73.99344559,casual
1155911,09F7DEA09D504924,classic_bike,2021-08-13 23:18:29,2021-08-13 23:43:06,Clark St & Henry St,4789,Lewis Ave & Kosciuszko St,4617,40.69760127,-73.99344559,40.69237074,-73.93705428,casual
1155915,EC484DE80BF1A6E6,electric_bike,2021-08-27 00:19:42,2021-08-27 00:43:24,Clark St & Henry St,4789,W 18 St & 9 Ave,6190,40.69760127,-73.99344559,40.7435337324616,-74.00367558002472,casual
1155927,6C5BC5B468DBC80B,classic_bike,2021-08-16 18:30:58,2021-08-16 19:15:10,Clark St & Henry St,4789,Clark St & Henry St,4789,40.69760127,-73.99344559,40.69760127,-73.99344559,member
1155950,ECC5EBD7F6B929D8,classic_bike,2021-08-21 16:59:32,2021-08-21 17:00:41,Clark St & Henry St,4789,Clark St & Henry St,4789,40.69760127,-73.99344559,40.69760127,-73.99344559,member
1155954,72B9023DB52EE3E7,electric_bike,2021-08-18 20:09:24,2021-08-18 20:41:17,Clark St & Henry St,4789,Huron St & Franklin St,5869,40.69760127,-73.99344559,40.73266,-73.95826,casual
1155958,30244D1E647262B1,classic_bike,2021-08-10 19:09:40,2021-08-10 19:19:20,Clark St & Henry St,4789,Clark St & Henry St,4789,40.69760127,-73.99344559,40.69760127,-73.99344559,member
1155965,28BFB6D9FD23B816,classic_bike,2021-08-14 18:21:32,2021-08-14 18:22:45,Clark St & Henry St,4789,Clark St & Henry St,4789,40.69760127,-73.99344559,40.69760127,-73.99344559,member
1155969,C46584AA562991F1,classic_bike,2021-08-17 00:58:49,2021-08-17 00:58:51,Clark St & Henry St,4789,Clark St & Henry St,4789,40.69760127,-73.99344559,40.69760127,-73.99344559,member
1155988,0C83E9D29F25DAD3,electric_bike,2021-08-25 14:16:53,2021-08-25 14:17:31,Clark St & Henry St,4789,Clark St & Henry St,4789,40.69760127,-73.99344559,40.69760127,-73.99344559,casual
1156021,1747CC55FB0E8D4B,classic_bike,2021-08-18 11:41:46,2021-08-18 11:45:06,Montague St & Clinton St,4677,Clark St & Henry St,4789,40.6942715,-73.9923272,40.69760127,-73.99344559,member
1156022,94E8B39FA39E4A13,classic_bike,2021-08-18 17:27:51,2021-08-18 17:32:29,Montague St & Clinton St,4677,Clark St & Henry St,4789,40.6942715,-73.9923272,40.69760127,-73.99344559,member
1156025,2AC79146E1691231,electric_bike,2021-08-23 19:09:49,2021-08-23 19:19:03,Montague St & Clinton St,4677,Clark St & Henry St,4789,40.6942715,-73.9923272,40.69760127,-73.99344559,member
1156030,D1EA1AC251D0FE43,classic_bike,2021-08-06 07:58:35,2021-08-06 08:01:28,Montague St & Clinton St,4677,Clark St & Henry St,4789,40.6942715,-73.9923272,40.69760127,-73.99344559,member
1156034,B6F7D195545894D3,classic_bike,2021-08-16 22:01:38,2021-08-16 22:10:12,Sands St Gate,4812,Clark St & Henry St,4789,40.699569,-73.979827,40.69760127,-73.99344559,casual
1156045,7DB105354514A461,classic_bike,2021-08-28 09:41:57,2021-08-28 09:50:39,Montague St & Clinton St,4677,Clark St & Henry St,4789,40.6942715,-73.9923272,40.69760127,-73.99344559,member
1156057,C2B6A302996AE5E5,classic_bike,2021-08-12 07:52:27,2021-08-12 07:59:18,Atlantic Ave & Furman St,4614,Clark St & Henry St,4789,40.69165183,-73.9999786,40.69760127,-73.99344559,casual
1156059,4E911BF53BD17ED2,classic_bike,2021-08-11 08:20:53,2021-08-11 08:27:34,Lawrence St & Willoughby St,4596,Clark St & Henry St,4789,40.69236178,-73.98631746,40.69760127,-73.99344559,member
1156066,CBC9566D29B263B2,electric_bike,2021-08-06 16:07:48,2021-08-06 16:18:33,Smith St & 9 St,4077,Clark St & Henry St,4789,40.6746957,-73.99785768,40.69760127,-73.99344559,casual
1156071,4CBBFE7072CC4277,classic_bike,2021-08-14 16:32:40,2021-08-14 16:53:47,Great Jones St,5636,Clark St & Henry St,4789,40.72743423,-73.99379025,40.69760127,-73.99344559,casual
1156076,245ADD323C5E2B90,electric_bike,2021-08-29 22:33:42,2021-08-29 22:40:47,Duffield St & Willoughby St,4596,Clark St & Henry St,4789,40.69221589,-73.9842844,40.69760127,-73.99344559,member
1156077,A368911C3F2AC6C9,electric_bike,2021-08-17 17:24:13,2021-08-17 17:43:26,W 15 St & 10 Ave,6115,Clark St & Henry St,4789,40.74275382865903,-74.00747358798981,40.69760127,-73.99344559,member
1156079,BA9388970C5A7018,classic_bike,2021-08-24 09:50:43,2021-08-24 09:57:01,Duffield St & Willoughby St,4596,Clark St & Henry St,4789,40.69221589,-73.9842844,40.69760127,-73.99344559,casual
1156083,869024EA8972B7A4,classic_bike,2021-08-18 17:44:45,2021-08-18 18:19:34,W 15 St & 10 Ave,6115,Clark St & Henry St,4789,40.74275382865903,-74.00747358798981,40.69760127,-73.99344559,casual
1156084,C6E82C57E8499447,classic_bike,2021-08-25 13:42:38,2021-08-25 13:45:58,Montague St & Clinton St,4677,Clark St & Henry St,4789,40.6942715,-73.9923272,40.69760127,-73.99344559,member
1156087,E206045A95AED4F8,classic_bike,2021-08-17 15:04:50,2021-08-17 15:14:47,Montague St & Clinton St,4677,Clark St & Henry St,4789,40.6942715,-73.9923272,40.69760127,-73.99344559,member
1156091,08D36C00A136F7A6,classic_bike,2021-08-31 18:49:24,2021-08-31 19:10:13,Carmine St & 6 Ave,5763,Clark St & Henry St,4789,40.73038599,-74.00214988,40.69760127,-73.99344559,member
1156110,C685F5CA7B00BDE4,classic_bike,2021-08-30 06:44:02,2021-08-30 06:49:32,Montague St & Clinton St,4677,Clark St & Henry St,4789,40.6942715,-73.9923272,40.69760127,-73.99344559,member
1156111,5A017F8746896DBD,classic_bike,2021-08-07 14:43:12,2021-08-07 14:45:59,Montague St & Clinton St,4677,Clark St & Henry St,4789,40.6942715,-73.9923272,40.69760127,-73.99344559,member
1156117,C0F7A5932FBA0910,electric_bike,2021-08-25 18:59:51,2021-08-25 19:22:37,Grand St & Havemeyer St,5267,Clark St & Henry St,4789,40.71286844,-73.95698119,40.69760127,-73.99344559,member
1156124,C9CEDB12FFD607F0,classic_bike,2021-08-02 17:39:00,2021-08-02 17:42:16,Montague St & Clinton St,4677,Clark St & Henry St,4789,40.6942715,-73.9923272,40.69760127,-73.99344559,member
1156134,7FE6AEDCB00D280E,electric_bike,2021-08-25 19:38:44,2021-08-25 20:03:38,9 Ave & W 18 St,6190,Clark St & Henry St,4789,40.74317449,-74.00366443,40.69760127,-73.99344559,member
1156148,8CB4726B52984D09,classic_bike,2021-08-24 20:45:28,2021-08-24 20:51:07,Montague St & Clinton St,4677,Clark St & Henry St,4789,40.6942715,-73.9923272,40.69760127,-73.99344559,casual
1156162,56A52EFF24EFA9EF,classic_bike,2021-08-06 12:43:32,2021-08-06 13:12:10,Central Ave & Decatur St,4432,Clark St & Henry St,4789,40.6882,-73.90798,40.69760127,-73.99344559,member
1156187,1B64300F921FA368,electric_bike,2021-08-27 08:34:10,2021-08-27 08:52:38,E 2 St & Avenue A,5553,Clark St & Henry St,4789,40.72307749068673,-73.98583620786667,40.69760127,-73.99344559,member
1156191,5D7791BBA4212A33,classic_bike,2021-08-11 17:38:16,2021-08-11 17:46:38,Boerum Pl\t& Pacific St,4488,Clark St & Henry St,4789,40.68848905639242,-73.99116039276123,40.69760127,-73.99344559,member
1156193,B37E3D08C3BF6E4F,electric_bike,2021-08-03 14:27:22,2021-08-03 14:33:06,Boerum Pl\t& Pacific St,4488,Clark St & Henry St,4789,40.68848905639242,-73.99116039276123,40.69760127,-73.99344559,member
1156194,36B902E77EA4E0C6,classic_bike,2021-08-08 14:42:27,2021-08-08 15:12:49,Mott St & Prince St,5561,Clark St & Henry St,4789,40.72317958,-73.99480012,40.69760127,-73.99344559,casual
1156197,E7D9D02D03B281FE,classic_bike,2021-08-14 18:55:00,2021-08-14 19:04:05,Boerum Pl\t& Pacific St,4488,Clark St & Henry St,4789,40.68848905639242,-73.99116039276123,40.69760127,-73.99344559,casual
1156201,931D4CB56CB3BDFE,electric_bike,2021-08-25 08:09:59,2021-08-25 08:20:49,Smith St & 9 St,4077,Clark St & Henry St,4789,40.6746957,-73.99785768,40.69760127,-73.99344559,member
1156249,585D9A8F9DD856C2,classic_bike,2021-08-15 08:57:14,2021-08-15 09:10:27,Van Brunt St & Wolcott St,4095,Clark St & Henry St,4789,40.6773429,-74.01275056,40.69760127,-73.99344559,member
1156267,E1680FF62072A8BA,electric_bike,2021-08-20 21:07:14,2021-08-20 21:33:44,Nassau Ave & Russell St,5581,Clark St & Henry St,4789,40.72557,-73.94434,40.69760127,-73.99344559,member
1156273,F2376A6EDEAF827E,classic_bike,2021-08-30 15:37:06,2021-08-30 15:45:11,Myrtle Ave & Fleet Pl,4628,Clark St & Henry St,4789,40.693534,-73.981909,40.69760127,-73.99344559,member
1156278,DE4D31F3F33ECD1E,classic_bike,2021-08-29 20:49:00,2021-08-29 20:57:25,Myrtle Ave & Fleet Pl,4628,Clark St & Henry St,4789,40.693534,-73.981909,40.69760127,-73.99344559,member
1156297,F94C90375CCBF7A5,classic_bike,2021-08-24 09:25:22,2021-08-24 09:30:59,Myrtle Ave & Fleet Pl,4628,Clark St & Henry St,4789,40.693534,-73.981909,40.69760127,-73.99344559,member
1156313,DC95F9DF24817A2B,classic_bike,2021-08-24 17:54:55,2021-08-24 18:20:32,Wolcott St & Dwight St,4054,Clark St & Henry St,4789,40.6753274,-74.0100698,40.69760127,-73.99344559,member
1156331,C7EC370DD3489FF8,classic_bike,2021-08-14 11:17:49,2021-08-14 11:21:56,Sands St & Jay St,4821,Clark St & Henry St,4789,40.700119,-73.9862,40.69760127,-73.99344559,member
1156338,80BCFD1CEAA4DA7A,classic_bike,2021-08-14 14:44:08,2021-08-14 14:57:17,Sands St & Jay St,4821,Clark St & Henry St,4789,40.700119,-73.9862,40.69760127,-73.99344559,casual
1156381,5940970E2E5767B0,electric_bike,2021-08-05 18:38:33,2021-08-05 18:53:40,Mercer St & Spring St,5532,Clark St & Henry St,4789,40.72362738,-73.99949601,40.69760127,-73.99344559,member
1156392,5C8EAE914E1B0BBF,classic_bike,2021-08-24 08:58:35,2021-08-24 09:04:10,Sands St & Jay St,4821,Clark St & Henry St,4789,40.700119,-73.9862,40.69760127,-73.99344559,member
1156402,267599D73A46098C,classic_bike,2021-08-01 19:48:11,2021-08-01 19:56:55,Warren St & Court St,4413,Clark St & Henry St,4789,40.686371,-73.99383324,40.69760127,-73.99344559,member
1156403,D9FB046C5ADB6CBF,electric_bike,2021-08-31 18:48:15,2021-08-31 19:06:06,Pike St & E Broadway,5270,Clark St & Henry St,4789,40.71406667,-73.99293911,40.69760127,-73.99344559,member
1156424,BAE4805D2E028FB5,classic_bike,2021-08-18 17:22:43,2021-08-18 17:32:50,Clinton St & Union St,4266,Clark St & Henry St,4789,40.6831164,-73.99785267,40.69760127,-73.99344559,member
1156437,4B4F351B103A7C9B,classic_bike,2021-08-04 14:28:15,2021-08-04 14:59:32,Wythe Ave & Metropolitan Ave,5348,Clark St & Henry St,4789,40.716887,-73.963198,40.69760127,-73.99344559,member
1156447,F0A8C949C6DD718B,classic_bike,2021-08-07 11:32:35,2021-08-07 11:39:15,Bridge St & Water St,4968,Clark St & Henry St,4789,40.70296934155272,-73.98469090461731,40.69760127,-73.99344559,member
1156450,E5ED8677D284A3B8,classic_bike,2021-08-08 13:08:06,2021-08-08 13:17:59,Bridge St & Water St,4968,Clark St & Henry St,4789,40.70296934155272,-73.98469090461731,40.69760127,-73.99344559,casual
1156455,A4CF71AE3BD1B2FB,classic_bike,2021-08-05 18:26:29,2021-08-05 18:48:01,6 Ave & 9 St,3803,Clark St & Henry St,4789,40.668127,-73.98377641,40.69760127,-73.99344559,member
1156510,A3813F48A47827AC,classic_bike,2021-08-03 17:41:34,2021-08-03 18:07:59,John St & William St,5065,Clark St & Henry St,4789,40.70862144,-74.00722156,40.69760127,-73.99344559,casual
1156520,283D8E93F6EF9CE4,classic_bike,2021-08-02 20:19:17,2021-08-02 21:01:37,10 St & 5 Ave,3842,Clark St & Henry St,4789,40.6686273,-73.98700053,40.69760127,-73.99344559,member
1156523,71D83F5D39740D28,electric_bike,2021-08-15 01:23:46,2021-08-15 01:30:37,Bond St & Bergen St,4404,Clark St & Henry St,4789,40.6849668,-73.98620772,40.69760127,-73.99344559,member
1156526,EECDD0FEB48AB82F,classic_bike,2021-08-18 23:21:08,2021-08-18 23:41:05,Carroll St & 6 Ave,4019,Clark St & Henry St,4789,40.6740886,-73.9787282,40.69760127,-73.99344559,member
1156528,A0340E88DBE6A584,electric_bike,2021-08-13 07:17:57,2021-08-13 07:33:31,6 St & 7 Ave,3834,Clark St & Henry St,4789,40.6686627,-73.97988067,40.69760127,-73.99344559,member
1156529,C9193EF7B9B41835,classic_bike,2021-08-29 07:13:02,2021-08-29 07:31:32,6 St & 7 Ave,3834,Clark St & Henry St,4789,40.6686627,-73.97988067,40.69760127,-73.99344559,member
1156539,465D815EEDB7C450,electric_bike,2021-08-15 12:38:15,2021-08-15 12:51:18,Columbia St & Degraw St,4422,Clark St & Henry St,4789,40.6859296,-74.00242364,40.69760127,-73.99344559,casual
1156543,B97C0E31C0955D8B,classic_bike,2021-08-06 14:14:18,2021-08-06 14:23:05,Columbia St & Degraw St,4422,Clark St & Henry St,4789,40.6859296,-74.00242364,40.69760127,-73.99344559,casual
1156553,BDA9DBC068404D67,classic_bike,2021-08-05 22:23:39,2021-08-05 22:32:59,Henry St & Atlantic Ave,4531,Clark St & Henry St,4789,40.69089272,-73.99612349,40.69760127,-73.99344559,member
1156555,5E89C999208F7A40,electric_bike,2021-08-02 14:48:24,2021-08-02 14:53:23,Henry St & Atlantic Ave,4531,Clark St & Henry St,4789,40.69089272,-73.99612349,40.69760127,-73.99344559,member
1156556,8B05B91672050E3E,classic_bike,2021-08-12 16:24:45,2021-08-12 16:30:46,Henry St & Atlantic Ave,4531,Clark St & Henry St,4789,40.69089272,-73.99612349,40.69760127,-73.99344559,member
1156568,4515536F22705448,classic_bike,2021-08-19 08:19:05,2021-08-19 08:56:22,Johnson St & Gold St,4668,Clark St & Henry St,4789,40.69474881,-73.98362464,40.69760127,-73.99344559,member
1156577,2317FFEEF55A0497,classic_bike,2021-08-02 12:22:06,2021-08-02 12:30:34,Henry St & Atlantic Ave,4531,Clark St & Henry St,4789,40.69089272,-73.99612349,40.69760127,-73.99344559,member
1156578,9E8655A92B1ADA59,classic_bike,2021-08-31 16:20:39,2021-08-31 16:26:15,Henry St & Atlantic Ave,4531,Clark St & Henry St,4789,40.69089272,-73.99612349,40.69760127,-73.99344559,member
1156579,D67334DDC4DD2C78,classic_bike,2021-08-16 16:36:32,2021-08-16 16:46:47,Henry St & Atlantic Ave,4531,Clark St & Henry St,4789,40.69089272,-73.99612349,40.69760127,-73.99344559,member
1156580,DDFADD9793B2F089,classic_bike,2021-08-04 16:03:57,2021-08-04 16:08:59,Henry St & Atlantic Ave,4531,Clark St & Henry St,4789,40.69089272,-73.99612349,40.69760127,-73.99344559,member
1156585,FD498E9AB64C6043,classic_bike,2021-08-09 17:55:39,2021-08-09 18:08:43,Van Brunt St & Wolcott St,4095,Clark St & Henry St,4789,40.6773429,-74.01275056,40.69760127,-73.99344559,member
1156586,7B9BA77E435067B6,classic_bike,2021-08-23 17:42:29,2021-08-23 17:56:11,Van Brunt St & Wolcott St,4095,Clark St & Henry St,4789,40.6773429,-74.01275056,40.69760127,-73.99344559,member
1156598,1A0C0E2E5CE18443,classic_bike,2021-08-24 19:08:03,2021-08-24 19:38:28,E 51 St & 2 Ave,6575,Clark St & Henry St,4789,40.755293,-73.967641,40.69760127,-73.99344559,member
1156616,87C2A0658BF372E3,classic_bike,2021-08-15 20:21:39,2021-08-15 20:37:39,Fulton St & Waverly Ave,4345,Clark St & Henry St,4789,40.68323865460341,-73.96599590778351,40.69760127,-73.99344559,member
1156625,3B3A177E7DFB8E29,electric_bike,2021-08-19 22:42:50,2021-08-19 23:16:42,Stockholm St & Wilson Ave,4824,Clark St & Henry St,4789,40.699304,-73.923044,40.69760127,-73.99344559,casual
1156638,5FB3B66FA15DAA9F,classic_bike,2021-08-01 19:09:10,2021-08-01 19:37:21,Henry St & Atlantic Ave,4531,Clark St & Henry St,4789,40.69089272,-73.99612349,40.69760127,-73.99344559,member
1156640,C56844B555040B21,classic_bike,2021-08-12 20:18:27,2021-08-12 20:24:23,Henry St & Atlantic Ave,4531,Clark St & Henry St,4789,40.69089272,-73.99612349,40.69760127,-73.99344559,member
1156651,4B404836F128A506,classic_bike,2021-08-30 19:32:33,2021-08-30 19:37:00,Henry St & Atlantic Ave,4531,Clark St & Henry St,4789,40.69089272,-73.99612349,40.69760127,-73.99344559,casual
1156676,E1B4A13375F44B40,classic_bike,2021-08-23 17:41:04,2021-08-23 17:58:28,Union Ave & Wallabout St,4818,Clark St & Henry St,4789,40.70029511,-73.95032283,40.69760127,-73.99344559,member
1156681,03D5F769C8F5F32D,classic_bike,2021-08-13 17:18:28,2021-08-13 17:54:01,E 51 St & 2 Ave,6575,Clark St & Henry St,4789,40.755293,-73.967641,40.69760127,-73.99344559,member
1156692,A0922A9F9E077B4F,classic_bike,2021-08-14 18:50:53,2021-08-14 19:06:57,Bergen St & 4 Ave,4322,Clark St & Henry St,4789,40.68256425759694,-73.9798977971077,40.69760127,-73.99344559,member
1156724,50C561BB2FC4A3C2,classic_bike,2021-08-01 14:39:04,2021-08-01 14:48:13,Old Fulton St,4903,Clark St & Henry St,4789,40.70277159,-73.99383605,40.69760127,-73.99344559,casual
1156741,356A18F20942E2A5,classic_bike,2021-08-08 15:32:10,2021-08-08 16:39:06,10 Ave & W 14 St,6157,Clark St & Henry St,4789,40.74198159994023,-74.00831580162048,40.69760127,-73.99344559,casual
1156753,18827C355A5643ED,classic_bike,2021-08-06 16:51:22,2021-08-06 17:02:58,Boerum Pl\t& Pacific St,4488,Clark St & Henry St,4789,40.68848905639242,-73.99116039276123,40.69760127,-73.99344559,member
1156765,97FF74B07CE8D653,classic_bike,2021-08-07 03:11:23,2021-08-07 04:45:15,LaGuardia Pl & W 3 St,5721,Clark St & Henry St,4789,40.72917025,-73.99810231,40.69760127,-73.99344559,member
1156766,97F0F19AFAEB2178,electric_bike,2021-08-01 18:30:35,2021-08-01 19:09:12,10 Ave & W 14 St,6157,Clark St & Henry St,4789,40.74198159994023,-74.00831580162048,40.69760127,-73.99344559,member
1156767,755AA9887CBC5ED6,classic_bike,2021-08-02 16:22:21,2021-08-02 16:30:14,Boerum Pl\t& Pacific St,4488,Clark St & Henry St,4789,40.68848905639242,-73.99116039276123,40.69760127,-73.99344559,member
1156768,88BC1131A014F8DE,classic_bike,2021-08-08 15:04:27,2021-08-08 15:13:33,Boerum Pl\t& Pacific St,4488,Clark St & Henry St,4789,40.68848905639242,-73.99116039276123,40.69760127,-73.99344559,member
1156769,7F2D7FE19B72B846,classic_bike,2021-08-27 15:24:08,2021-08-27 15:32:54,Boerum Pl\t& Pacific St,4488,Clark St & Henry St,4789,40.68848905639242,-73.99116039276123,40.69760127,-73.99344559,member
1156771,1E0F412786C31253,classic_bike,2021-08-14 11:34:45,2021-08-14 11:56:02,Mott St & Prince St,5561,Clark St & Henry St,4789,40.72317958,-73.99480012,40.69760127,-73.99344559,casual
1156772,BC0E6A79A4B46368,electric_bike,2021-08-09 06:00:34,2021-08-09 06:29:55,W 30 St & 10 Ave,6459,Clark St & Henry St,4789,40.752694,-74.002353,40.69760127,-73.99344559,member
1156779,2F2CBEB875D58CEF,electric_bike,2021-08-11 09:23:55,2021-08-11 09:42:10,Clinton St\t& Cherry St,5190,Clark St & Henry St,4789,40.711471394469264,-73.98672603070736,40.69760127,-73.99344559,member
1156780,2D731CF03837F5B7,electric_bike,2021-08-10 22:08:51,2021-08-10 22:22:19,Clinton St\t& Cherry St,5190,Clark St & Henry St,4789,40.711471394469264,-73.98672603070736,40.69760127,-73.99344559,member
1156781,EDFFA0B2E24D14C1,classic_bike,2021-08-05 17:06:27,2021-08-05 17:46:27,E 51 St & Lexington Ave,6659,Clark St & Henry St,4789,40.75714758,-73.97207836,40.69760127,-73.99344559,member
1156782,E3C56FB23AC3F17D,electric_bike,2021-08-01 18:30:01,2021-08-01 19:00:18,10 Ave & W 14 St,6157,Clark St & Henry St,4789,40.74198159994023,-74.00831580162048,40.69760127,-73.99344559,member
1156793,1019A614B2B9269E,electric_bike,2021-08-10 18:12:37,2021-08-10 18:19:40,Court St & State St,4488,Clark St & Henry St,4789,40.6902375,-73.99203074,40.69760127,-73.99344559,member
1156799,0980C902691B4DC3,classic_bike,2021-08-06 18:54:03,2021-08-06 19:07:40,Court St & State St,4488,Clark St & Henry St,4789,40.6902375,-73.99203074,40.69760127,-73.99344559,casual
1156804,A4EA487A94B94F0C,classic_bike,2021-08-05 09:11:19,2021-08-05 09:16:29,Court St & State St,4488,Clark St & Henry St,4789,40.6902375,-73.99203074,40.69760127,-73.99344559,casual
1156805,5AE38BD4BF4ECF94,electric_bike,2021-08-12 10:14:34,2021-08-12 10:18:52,Court St & State St,4488,Clark St & Henry St,4789,40.6902375,-73.99203074,40.69760127,-73.99344559,casual
1156806,7727F7D9B730241D,classic_bike,2021-08-31 17:42:12,2021-08-31 17:49:15,Court St & State St,4488,Clark St & Henry St,4789,40.6902375,-73.99203074,40.69760127,-73.99344559,casual
1156814,8939A6CBFE667F23,classic_bike,2021-08-14 17:13:31,2021-08-14 17:22:48,Court St & State St,4488,Clark St & Henry St,4789,40.6902375,-73.99203074,40.69760127,-73.99344559,member
1156817,12D80D7C6422CFA5,classic_bike,2021-08-01 15:13:36,2021-08-01 15:22:21,Court St & State St,4488,Clark St & Henry St,4789,40.6902375,-73.99203074,40.69760127,-73.99344559,member
1156819,8F5060747F9EE9B6,classic_bike,2021-08-06 23:55:45,2021-08-07 00:21:34,Delancey St & Eldridge St,5414,Clark St & Henry St,4789,40.719383,-73.991479,40.69760127,-73.99344559,casual
1156820,4034FBB75CE32476,electric_bike,2021-08-14 15:59:41,2021-08-14 16:32:28,Greenwood Ave & E 4 St,3353,Clark St & Henry St,4789,40.650739,-73.977739,40.69760127,-73.99344559,casual
1156823,0A57128AEF0A93BC,classic_bike,2021-08-30 10:28:23,2021-08-30 10:35:46,Court St & State St,4488,Clark St & Henry St,4789,40.6902375,-73.99203074,40.69760127,-73.99344559,casual
1156824,485F7B206EB51E17,classic_bike,2021-08-06 13:33:00,2021-08-06 13:42:15,Court St & State St,4488,Clark St & Henry St,4789,40.6902375,-73.99203074,40.69760127,-73.99344559,casual
1156825,6C86699747DBFE1A,classic_bike,2021-08-26 13:41:17,2021-08-26 13:47:52,Court St & State St,4488,Clark St & Henry St,4789,40.6902375,-73.99203074,40.69760127,-73.99344559,casual
1156828,F25701E6F660CF19,electric_bike,2021-08-31 17:42:24,2021-08-31 17:49:27,Court St & State St,4488,Clark St & Henry St,4789,40.6902375,-73.99203074,40.69760127,-73.99344559,casual
1156831,A92DC6C390E87CCB,classic_bike,2021-08-31 07:49:26,2021-08-31 08:07:23,Delancey St & Eldridge St,5414,Clark St & Henry St,4789,40.719383,-73.991479,40.69760127,-73.99344559,member
1156856,048DCF7FEF45290D,classic_bike,2021-08-12 20:47:40,2021-08-12 20:52:44,Court St & State St,4488,Clark St & Henry St,4789,40.6902375,-73.99203074,40.69760127,-73.99344559,member
1156857,113B82B7C4BB1ECA,electric_bike,2021-08-23 20:28:47,2021-08-23 20:33:12,Court St & State St,4488,Clark St & Henry St,4789,40.6902375,-73.99203074,40.69760127,-73.99344559,member
1156858,882B0000813BDB34,classic_bike,2021-08-30 20:49:03,2021-08-30 20:56:47,Court St & State St,4488,Clark St & Henry St,4789,40.6902375,-73.99203074,40.69760127,-73.99344559,member
1156859,C504731F2819D165,classic_bike,2021-08-01 11:50:02,2021-08-01 12:11:02,President St & 4 Ave,4101,Clark St & Henry St,4789,40.676757,-73.983262,40.69760127,-73.99344559,member
1156910,766AD94696682A41,classic_bike,2021-08-13 18:43:13,2021-08-13 19:04:13,E 4 St & 2 Ave,5593,Clark St & Henry St,4789,40.7262807,-73.98978041,40.69760127,-73.99344559,casual
1156935,4164D17643901E07,classic_bike,2021-08-14 19:22:12,2021-08-14 19:36:13,DeKalb Ave & S Portland Ave,4546,Clark St & Henry St,4789,40.68981035,-73.97493121,40.69760127,-73.99344559,member
1156945,E8DE232992E51A6B,electric_bike,2021-08-31 12:46:36,2021-08-31 13:36:58,Montrose Ave & Bushwick Ave,5068,Clark St & Henry St,4789,40.70767788,-73.94016171,40.69760127,-73.99344559,member
1156966,69A2D25ABD0F4CD3,classic_bike,2021-08-04 14:25:49,2021-08-04 14:55:27,Nassau Ave & Newell St,5623,Clark St & Henry St,4789,40.724812564400175,-73.94752621650696,40.69760127,-73.99344559,member
1156968,BCBD16B08887B132,classic_bike,2021-08-05 15:30:03,2021-08-05 15:39:17,Dean St & Hoyt St,4446,Clark St & Henry St,4789,40.6864442,-73.98759104,40.69760127,-73.99344559,member
1156972,FF7CA60C8727723C,classic_bike,2021-08-29 13:17:27,2021-08-29 13:26:22,Columbia St & Kane St,4422,Clark St & Henry St,4789,40.68763155,-74.0016256,40.69760127,-73.99344559,member
1156977,99486966C754702B,classic_bike,2021-08-16 11:00:20,2021-08-16 11:07:21,State St & Smith St,4565,Clark St & Henry St,4789,40.68926942,-73.98912867,40.69760127,-73.99344559,casual
1156983,BBBF8B53C30D3D90,classic_bike,2021-08-10 16:49:31,2021-08-10 16:56:32,State St & Smith St,4565,Clark St & Henry St,4789,40.68926942,-73.98912867,40.69760127,-73.99344559,casual
1156990,5BA987A82F1D2299,classic_bike,2021-08-27 12:47:17,2021-08-27 12:57:17,Carroll St & Columbia St,4348,Clark St & Henry St,4789,40.6830456,-74.00348559,40.69760127,-73.99344559,member
1156992,BBD849763EFDDE07,classic_bike,2021-08-17 18:56:49,2021-08-17 19:10:09,Henry St & W 9 St,4086,Clark St & Henry St,4789,40.6763744,-74.00324957,40.69760127,-73.99344559,member
1157024,D1D10DD920337508,classic_bike,2021-08-13 09:00:34,2021-08-13 09:14:45,Prospect Pl & 6 Ave,4166,Clark St & Henry St,4789,40.6793307,-73.97519523,40.69760127,-73.99344559,member
1157035,8692801B10E86E2E,electric_bike,2021-08-06 18:36:24,2021-08-06 18:53:03,William St & Pine St,5065,Clark St & Henry St,4789,40.70717936,-74.00887308,40.69760127,-73.99344559,member
1157036,2B5DB84401E88E0A,electric_bike,2021-08-13 18:28:17,2021-08-13 18:37:14,Flushing Ave & Vanderbilt Ave,4762,Clark St & Henry St,4789,40.69795031569544,-73.97077560424805,40.69760127,-73.99344559,member
1157080,BA111185D1D35C96,classic_bike,2021-08-30 09:08:37,2021-08-30 09:28:38,DeKalb Ave & Hudson Ave,4513,Clark St & Henry St,4789,40.689888,-73.981013,40.69760127,-73.99344559,member
1157081,D55377FE948A11AA,classic_bike,2021-08-07 21:20:32,2021-08-07 21:28:57,DeKalb Ave & Hudson Ave,4513,Clark St & Henry St,4789,40.689888,-73.981013,40.69760127,-73.99344559,member
1157085,E0C252365C2C7332,classic_bike,2021-08-18 10:23:51,2021-08-18 10:54:13,Parade Pl & Crooke Ave,3376,Clark St & Henry St,4789,40.651847,-73.965248,40.69760127,-73.99344559,member
1157088,4C746DA4BB40F153,electric_bike,2021-08-26 23:00:52,2021-08-26 23:34:34,Parade Pl & Crooke Ave,3376,Clark St & Henry St,4789,40.651847,-73.965248,40.69760127,-73.99344559,casual
1157103,8C8019EBB0202B47,classic_bike,2021-08-18 17:29:40,2021-08-18 17:47:57,Union St & 4 Ave,4175,Clark St & Henry St,4789,40.6772744,-73.98282002,40.69760127,-73.99344559,casual
1157126,04CC2DB807BAF28D,electric_bike,2021-08-19 19:15:20,2021-08-19 19:23:23,DeKalb Ave & Hudson Ave,4513,Clark St & Henry St,4789,40.689888,-73.981013,40.69760127,-73.99344559,member
1157127,60A31C4FA7DF6C26,electric_bike,2021-08-15 09:05:33,2021-08-15 09:10:57,DeKalb Ave & Hudson Ave,4513,Clark St & Henry St,4789,40.689888,-73.981013,40.69760127,-73.99344559,member
1157157,C6EB3AA872BF6892,electric_bike,2021-08-11 17:02:07,2021-08-11 17:23:49,Hudson St & W 13 St,6115,Clark St & Henry St,4789,40.74005708567285,-74.0052741765976,40.69760127,-73.99344559,member
1157158,2611A2908524A81A,classic_bike,2021-08-13 03:00:03,2021-08-13 03:04:54,DeKalb Ave & Hudson Ave,4513,Clark St & Henry St,4789,40.689888,-73.981013,40.69760127,-73.99344559,member
1157160,1C7FF5D98422DDAF,classic_bike,2021-08-09 08:33:04,2021-08-09 08:50:50,4 Ave & 3 St,4028,Clark St & Henry St,4789,40.673746,-73.985649,40.69760127,-73.99344559,member
1157162,F1DA7778609C140B,classic_bike,2021-08-11 08:26:15,2021-08-11 08:42:30,4 Ave & 3 St,4028,Clark St & Henry St,4789,40.673746,-73.985649,40.69760127,-73.99344559,member
1157166,09E5843D4A7BD02D,electric_bike,2021-08-29 13:20:53,2021-08-29 13:44:01,Putnam Ave & Knickerbocker Ave,4663,Clark St & Henry St,4789,40.69545,-73.91164,40.69760127,-73.99344559,member
1157172,87ED80555C83703C,classic_bike,2021-08-04 20:13:06,2021-08-04 20:56:48,E 8 St & Caton Ave,3272,Clark St & Henry St,4789,40.648055,-73.972432,40.69760127,-73.99344559,member
1157180,9703D17B8D77C405,classic_bike,2021-08-24 19:33:24,2021-08-24 19:48:51,Forsyth St\t& Grand St,5382,Clark St & Henry St,4789,40.71779817737835,-73.99316132068634,40.69760127,-73.99344559,member
1157181,DB90F910F12466FD,classic_bike,2021-08-19 18:05:36,2021-08-19 18:23:25,Forsyth St\t& Grand St,5382,Clark St & Henry St,4789,40.71779817737835,-73.99316132068634,40.69760127,-73.99344559,member
1157182,C7D180EA46959FDC,classic_bike,2021-08-25 17:42:46,2021-08-25 17:58:07,Forsyth St\t& Grand St,5382,Clark St & Henry St,4789,40.71779817737835,-73.99316132068634,40.69760127,-73.99344559,member
1157183,1E272D6FDCA1904A,electric_bike,2021-08-20 21:23:01,2021-08-20 21:34:17,Forsyth St\t& Grand St,5382,Clark St & Henry St,4789,40.71779817737835,-73.99316132068634,40.69760127,-73.99344559,member
1157216,75420204909AFAEF,electric_bike,2021-08-14 20:01:08,2021-08-14 20:42:56,Willoughby Ave & Wyckoff Ave,5010,Clark St & Henry St,4789,40.705614,-73.92153,40.69760127,-73.99344559,member
1157228,F6A0F53F8436EFE6,electric_bike,2021-08-30 08:09:38,2021-08-30 08:24:05,Cleveland Pl & Spring St,5492,Clark St & Henry St,4789,40.722103786686034,-73.99724900722504,40.69760127,-73.99344559,member
1157270,D9C228B8EDA43A8F,electric_bike,2021-08-09 14:23:48,2021-08-09 14:35:44,West St & Chambers St,5329,Clark St & Henry St,4789,40.71754834,-74.01322069,40.69760127,-73.99344559,member
1157276,CFF122A7FA7F0C97,classic_bike,2021-08-25 18:42:35,2021-08-25 18:55:47,DeKalb Ave & Vanderbilt Ave,4461,Clark St & Henry St,4789,40.68940747,-73.96885458,40.69760127,-73.99344559,member
1157304,E22E709E4AA4BE15,electric_bike,2021-08-27 19:05:48,2021-08-27 19:42:52,Cleveland Pl & Spring St,5492,Clark St & Henry St,4789,40.722103786686034,-73.99724900722504,40.69760127,-73.99344559,member
1157306,FA99728D1137402D,classic_bike,2021-08-16 17:45:05,2021-08-16 18:02:29,Cleveland Pl & Spring St,5492,Clark St & Henry St,4789,40.722103786686034,-73.99724900722504,40.69760127,-73.99344559,member
1157342,B908CA3AFA9F4E0B,classic_bike,2021-08-01 16:29:26,2021-08-01 16:42:28,Atlantic Ave & Furman St,4614,Clark St & Henry St,4789,40.69165183,-73.9999786,40.69760127,-73.99344559,member
1157351,92AA0D9923195E0C,classic_bike,2021-08-04 18:32:22,2021-08-04 18:44:05,Atlantic Ave & Furman St,4614,Clark St & Henry St,4789,40.69165183,-73.9999786,40.69760127,-73.99344559,member
1157360,671EA51FB6E97880,electric_bike,2021-08-06 08:16:13,2021-08-06 08:20:05,Atlantic Ave & Furman St,4614,Clark St & Henry St,4789,40.69165183,-73.9999786,40.69760127,-73.99344559,member
1157376,B05344D285389A86,electric_bike,2021-08-12 18:46:49,2021-08-12 18:58:20,Spruce St & Gold St,5137,Clark St & Henry St,4789,40.7103231,-74.0043228,40.69760127,-73.99344559,member
1157462,A408F9BC10E03521,electric_bike,2021-08-06 09:02:55,2021-08-06 09:39:03,E 58 St & 1 Ave (NW Corner),6723,Clark St & Henry St,4789,40.759125,-73.962658,40.69760127,-73.99344559,member
1157502,7B930AD704A05D68,electric_bike,2021-08-16 09:35:02,2021-08-16 09:59:59,Suffolk St & Stanton St,5445,Clark St & Henry St,4789,40.72066442,-73.98517977,40.69760127,-73.99344559,member
1157545,EB65155EC35518AC,classic_bike,2021-08-31 19:36:56,2021-08-31 19:54:14,Dwight St & Van Dyke St,3981,Clark St & Henry St,4789,40.67363551341504,-74.01195555925369,40.69760127,-73.99344559,member
1157560,CE5073F207AFF519,classic_bike,2021-08-27 18:53:42,2021-08-27 19:13:02,Carlton Ave & Flushing Ave,4732,Clark St & Henry St,4789,40.697787,-73.973736,40.69760127,-73.99344559,member
1157580,397237C57B40BB4E,classic_bike,2021-08-17 17:48:46,2021-08-17 18:00:47,Carlton Ave & Flushing Ave,4732,Clark St & Henry St,4789,40.697787,-73.973736,40.69760127,-73.99344559,member
1157582,BB3D397C0FCAF23D,classic_bike,2021-08-09 19:48:21,2021-08-09 20:15:34,Lewis Ave & Decatur St,4237,Clark St & Henry St,4789,40.6814598,-73.934903,40.69760127,-73.99344559,member
1157593,76A6F98D69B84306,electric_bike,2021-08-18 21:26:47,2021-08-18 21:42:02,Bergen St & Flatbush Ave,4281,Clark St & Henry St,4789,40.680944723477296,-73.97567331790923,40.69760127,-73.99344559,casual
1157594,6A84AFEF30220F5B,classic_bike,2021-08-16 10:32:30,2021-08-16 10:46:23,Carlton Ave & Flushing Ave,4732,Clark St & Henry St,4789,40.697787,-73.973736,40.69760127,-73.99344559,casual
1157599,9305E387C495BD7E,classic_bike,2021-08-21 18:17:34,2021-08-21 18:33:39,Bergen St & Flatbush Ave,4281,Clark St & Henry St,4789,40.680944723477296,-73.97567331790923,40.69760127,-73.99344559,member
1157603,8DCFADD556877F82,classic_bike,2021-08-25 00:23:39,2021-08-25 00:30:36,Schermerhorn St & Bond St,4479,Clark St & Henry St,4789,40.688417427540834,-73.98451656103134,40.69760127,-73.99344559,member
1157608,FD586B5D22CA3BF6,classic_bike,2021-08-19 13:55:19,2021-08-19 14:19:52,Schermerhorn St & Bond St,4479,Clark St & Henry St,4789,40.688417427540834,-73.98451656103134,40.69760127,-73.99344559,casual
1157610,4D2DBBF10EF71EA7,electric_bike,2021-08-03 17:59:31,2021-08-03 18:25:42,1 Ave & E 39 St,6303,Clark St & Henry St,4789,40.74714,-73.97113,40.69760127,-73.99344559,casual
1157618,53FDC2E30CFD29D8,classic_bike,2021-08-05 18:55:02,2021-08-05 19:16:39,Carlton Ave & Flushing Ave,4732,Clark St & Henry St,4789,40.697787,-73.973736,40.69760127,-73.99344559,member
1157629,4CE4A51FC1BC7BD9,classic_bike,2021-08-05 18:57:04,2021-08-05 19:18:21,Carlton Ave & Flushing Ave,4732,Clark St & Henry St,4789,40.697787,-73.973736,40.69760127,-73.99344559,casual
1157644,812CF1AF18FA0C3B,electric_bike,2021-08-30 19:01:42,2021-08-30 19:20:03,E 13 St & 2 Ave,5820,Clark St & Henry St,4789,40.73153937464073,-73.9853024482727,40.69760127,-73.99344559,member
1157655,C998183B793E68AF,electric_bike,2021-08-11 22:30:34,2021-08-11 22:37:23,Nassau St & Navy St,4812,Clark St & Henry St,4789,40.69839895,-73.98068914,40.69760127,-73.99344559,casual
1157671,8D87E3F97FCD2194,electric_bike,2021-08-24 01:46:35,2021-08-24 01:54:43,Washington Park,4546,Clark St & Henry St,4789,40.6917823,-73.9737299,40.69760127,-73.99344559,member
1157701,067F80F35A237511,classic_bike,2021-08-10 08:27:51,2021-08-10 08:33:52,Atlantic Ave & Furman St,4614,Clark St & Henry St,4789,40.69165183,-73.9999786,40.69760127,-73.99344559,member
1157728,B7E65B60905ADD67,classic_bike,2021-08-24 21:16:59,2021-08-24 22:41:50,Washington St & Gansevoort St,6039,Clark St & Henry St,4789,40.739323,-74.008119,40.69760127,-73.99344559,casual
1157735,92530BE2EA4C80EF,electric_bike,2021-08-11 14:06:40,2021-08-11 14:17:04,Dean St & Hoyt St,4446,Clark St & Henry St,4789,40.6864442,-73.98759104,40.69760127,-73.99344559,member
1157738,B37DCEBB1466765E,classic_bike,2021-08-31 21:56:34,2021-08-31 22:35:36,Nassau Ave & Newell St,5623,Clark St & Henry St,4789,40.724812564400175,-73.94752621650696,40.69760127,-73.99344559,casual
1157777,AC0B6A0750A90829,classic_bike,2021-08-04 13:43:25,2021-08-04 13:47:20,Fulton St & Adams St,4637,Clark St & Henry St,4789,40.69241829257847,-73.98949474096298,40.69760127,-73.99344559,member
1157784,FDFAA82D02375F04,classic_bike,2021-08-12 15:22:09,2021-08-12 15:39:10,3 St & 7 Ave,3905,Clark St & Henry St,4789,40.6703837,-73.97839676,40.69760127,-73.99344559,member
1157785,90B699D365EE0BE3,classic_bike,2021-08-10 13:53:23,2021-08-10 13:57:53,Fulton St & Adams St,4637,Clark St & Henry St,4789,40.69241829257847,-73.98949474096298,40.69760127,-73.99344559,member
1157787,5BDCAB3C92E9234C,classic_bike,2021-08-24 17:36:59,2021-08-24 17:41:28,Fulton St & Adams St,4637,Clark St & Henry St,4789,40.69241829257847,-73.98949474096298,40.69760127,-73.99344559,member
1157819,3A089D2A80A35DEF,classic_bike,2021-08-02 18:46:57,2021-08-02 18:54:44,Fulton St & Adams St,4637,Clark St & Henry St,4789,40.69241829257847,-73.98949474096298,40.69760127,-73.99344559,casual
1157820,DF2C189CA0922D99,classic_bike,2021-08-17 19:27:57,2021-08-17 19:50:41,3 St & 7 Ave,3905,Clark St & Henry St,4789,40.6703837,-73.97839676,40.69760127,-73.99344559,casual
1157829,179497AF627FEC37,classic_bike,2021-08-12 09:06:48,2021-08-12 09:13:58,Front St & Washington St,4936,Clark St & Henry St,4789,40.70255088,-73.98940236,40.69760127,-73.99344559,member
1157831,6145968D4A43E5AF,electric_bike,2021-08-12 21:45:46,2021-08-12 21:50:50,Front St & Washington St,4936,Clark St & Henry St,4789,40.70255088,-73.98940236,40.69760127,-73.99344559,member
1157832,A24E62474B2F9661,classic_bike,2021-08-02 11:38:57,2021-08-02 12:04:00,17 St & 5 Ave,3699,Clark St & Henry St,4789,40.663493,-73.991007,40.69760127,-73.99344559,member
1157836,C85EB002FB45831F,classic_bike,2021-08-03 20:46:22,2021-08-03 20:51:41,Front St & Washington St,4936,Clark St & Henry St,4789,40.70255088,-73.98940236,40.69760127,-73.99344559,member
1157840,298D3C2D06C50252,classic_bike,2021-08-11 09:00:50,2021-08-11 09:07:53,Front St & Washington St,4936,Clark St & Henry St,4789,40.70255088,-73.98940236,40.69760127,-73.99344559,casual
1157862,BFA2FE83BB247E4C,classic_bike,2021-08-14 16:05:22,2021-08-14 16:11:50,Front St & Washington St,4936,Clark St & Henry St,4789,40.70255088,-73.98940236,40.69760127,-73.99344559,member
1157864,4AF523EEE70DAB48,classic_bike,2021-08-11 09:00:03,2021-08-11 09:05:09,Front St & Washington St,4936,Clark St & Henry St,4789,40.70255088,-73.98940236,40.69760127,-73.99344559,member
1157865,BDC53D41801AD161,electric_bike,2021-08-02 12:59:39,2021-08-02 13:21:56,Bushwick Ave & Harman St,4640,Clark St & Henry St,4789,40.69356,-73.92524,40.69760127,-73.99344559,member
1157870,59810147FFBEA5B9,classic_bike,2021-08-16 18:14:57,2021-08-16 18:19:57,Front St & Washington St,4936,Clark St & Henry St,4789,40.70255088,-73.98940236,40.69760127,-73.99344559,casual
1157880,9E6EAF11C796BC02,electric_bike,2021-08-14 03:12:49,2021-08-14 03:21:04,Front St & Washington St,4936,Clark St & Henry St,4789,40.70255088,-73.98940236,40.69760127,-73.99344559,casual
1157891,21CD87E623D77174,classic_bike,2021-08-11 11:30:43,2021-08-11 11:44:49,Front St & Gold St,4927,Clark St & Henry St,4789,40.70224,-73.982578,40.69760127,-73.99344559,member
1157906,666AB7A39CB32772,classic_bike,2021-08-05 08:14:24,2021-08-05 08:21:20,Front St & Gold St,4927,Clark St & Henry St,4789,40.70224,-73.982578,40.69760127,-73.99344559,member
1157907,7A6BCC1C674FC7D0,electric_bike,2021-08-09 08:06:00,2021-08-09 08:12:35,Front St & Gold St,4927,Clark St & Henry St,4789,40.70224,-73.982578,40.69760127,-73.99344559,member
1157908,89C6E13B7D9D7915,electric_bike,2021-08-21 15:17:15,2021-08-21 15:40:46,Broadway & W 29 St,6289,Clark St & Henry St,4789,40.7462009,-73.98855723,40.69760127,-73.99344559,member
1157914,726BBA36A59DF2F7,classic_bike,2021-08-02 20:05:35,2021-08-02 20:53:28,Broadway & W 29 St,6289,Clark St & Henry St,4789,40.7462009,-73.98855723,40.69760127,-73.99344559,member
1157920,068AD21C57710851,electric_bike,2021-08-16 15:21:21,2021-08-16 15:39:59,McKibbin St & Manhattan Ave,4996,Clark St & Henry St,4789,40.70510918,-73.94407279,40.69760127,-73.99344559,casual
1157922,2F7CAABC2F9CBFA9,electric_bike,2021-08-27 13:03:36,2021-08-27 13:13:14,Court St & Nelson St,4077,Clark St & Henry St,4789,40.6763947,-73.99869893,40.69760127,-73.99344559,casual
1157925,015452987E5BD772,classic_bike,2021-08-15 22:50:49,2021-08-15 22:57:03,Front St & Gold St,4927,Clark St & Henry St,4789,40.70224,-73.982578,40.69760127,-73.99344559,member
1157928,C90DB9092C210461,electric_bike,2021-08-14 13:12:23,2021-08-14 13:34:28,Graham Ave & Withers St,5403,Clark St & Henry St,4789,40.7169811,-73.94485918,40.69760127,-73.99344559,casual
1157938,587ABB0A00B92EC2,classic_bike,2021-08-06 17:27:05,2021-08-06 17:35:04,Front St & Gold St,4927,Clark St & Henry St,4789,40.70224,-73.982578,40.69760127,-73.99344559,member
1157971,D7A14CB8680FA03F,classic_bike,2021-08-06 17:54:11,2021-08-06 18:19:16,Dean St & Franklin Ave,4107,Clark St & Henry St,4789,40.67759206937376,-73.955637216568,40.69760127,-73.99344559,member
1158003,34D3DED8DABF6941,electric_bike,2021-08-16 18:36:57,2021-08-16 18:56:14,Broadway & E 14 St,5905,Clark St & Henry St,4789,40.73454567,-73.99074142,40.69760127,-73.99344559,member
1158004,A0486F7DE7D7411A,classic_bike,2021-08-01 01:07:14,2021-08-01 01:24:33,Berkeley Pl & 6 Ave,4134,Clark St & Henry St,4789,40.6765304,-73.97846879,40.69760127,-73.99344559,member
1158006,69045B55B4900EF4,classic_bike,2021-08-01 20:11:43,2021-08-01 20:46:10,7 Ave & Central Park South,6912,Clark St & Henry St,4789,40.7667405590595,-73.9790689945221,40.69760127,-73.99344559,member
1158029,DD1DBAD4B816791A,classic_bike,2021-08-09 17:49:47,2021-08-09 17:55:13,Front St & Washington St,4936,Clark St & Henry St,4789,40.70255088,-73.98940236,40.69760127,-73.99344559,casual
1158050,8DC3D8C915090D1C,electric_bike,2021-08-03 09:58:46,2021-08-03 10:01:47,Clinton St & Joralemon St,4605,Clark St & Henry St,4789,40.69239502,-73.99337909,40.69760127,-73.99344559,member
1158062,8B077B20A86F8421,classic_bike,2021-08-01 13:31:30,2021-08-01 13:37:29,Clinton St & Joralemon St,4605,Clark St & Henry St,4789,40.69239502,-73.99337909,40.69760127,-73.99344559,member
1158063,EEBB40B576EA6A20,electric_bike,2021-08-31 18:53:48,2021-08-31 19:08:51,Forsyth St & Canal St,5270,Clark St & Henry St,4789,40.7158155,-73.99422366,40.69760127,-73.99344559,member
1158068,B1254769209DFEC2,classic_bike,2021-08-16 22:07:15,2021-08-16 22:20:01,Henry St & Middagh St,4861,Clark St & Henry St,4789,40.7003,-73.991581,40.69760127,-73.99344559,member
1158069,E2EE3B6B685737BB,classic_bike,2021-08-08 16:05:11,2021-08-08 16:07:28,Henry St & Middagh St,4861,Clark St & Henry St,4789,40.7003,-73.991581,40.69760127,-73.99344559,member
1158070,800ACBEF3E577E27,classic_bike,2021-08-18 13:03:26,2021-08-18 13:05:37,Henry St & Middagh St,4861,Clark St & Henry St,4789,40.7003,-73.991581,40.69760127,-73.99344559,member
1158071,872259EBB1553575,classic_bike,2021-08-02 12:31:01,2021-08-02 12:34:24,Henry St & Middagh St,4861,Clark St & Henry St,4789,40.7003,-73.991581,40.69760127,-73.99344559,member
1158072,DB904D6ACDDDEE10,classic_bike,2021-08-30 15:41:07,2021-08-30 15:43:13,Henry St & Middagh St,4861,Clark St & Henry St,4789,40.7003,-73.991581,40.69760127,-73.99344559,member
1158073,D36EA3EB6914E1FD,classic_bike,2021-08-30 19:06:38,2021-08-30 19:08:24,Henry St & Middagh St,4861,Clark St & Henry St,4789,40.7003,-73.991581,40.69760127,-73.99344559,member
1158074,970F50694FD890FD,classic_bike,2021-08-26 14:21:42,2021-08-26 14:24:04,Henry St & Middagh St,4861,Clark St & Henry St,4789,40.7003,-73.991581,40.69760127,-73.99344559,member
1158080,0A1EC3227AED20CC,classic_bike,2021-08-13 12:01:08,2021-08-13 12:05:30,Henry St & Middagh St,4861,Clark St & Henry St,4789,40.7003,-73.991581,40.69760127,-73.99344559,member
1158089,E4FEAB70C7901942,classic_bike,2021-08-21 10:41:38,2021-08-21 11:05:08,Vesey Pl & River Terrace,5297,Clark St & Henry St,4789,40.7153379,-74.01658354,40.69760127,-73.99344559,member
1158110,A6FCA67899103A7F,classic_bike,2021-08-17 16:58:18,2021-08-17 17:23:36,Lexington Ave & Classon Ave,4452,Clark St & Henry St,4789,40.68676793,-73.95928168,40.69760127,-73.99344559,member
1158138,3726B034A85A7BC1,electric_bike,2021-08-14 14:38:03,2021-08-14 14:57:07,Nassau St & Navy St,4812,Clark St & Henry St,4789,40.69839895,-73.98068914,40.69760127,-73.99344559,member
1158140,1BACB101F540527D,classic_bike,2021-08-06 19:19:53,2021-08-06 19:28:10,Nassau St & Navy St,4812,Clark St & Henry St,4789,40.69839895,-73.98068914,40.69760127,-73.99344559,member
1158190,B46D94CDA3CEE9DE,classic_bike,2021-08-19 09:19:32,2021-08-19 09:28:51,1 Pl & Clinton St,4193,Clark St & Henry St,4789,40.6809591,-73.99905709,40.69760127,-73.99344559,member
1158236,D978BB76F89E5CBA,electric_bike,2021-08-27 11:28:42,2021-08-27 11:35:04,Butler St & Court St,4339,Clark St & Henry St,4789,40.6849894,-73.99440329,40.69760127,-73.99344559,casual
1158262,59A29D875488E9B3,classic_bike,2021-08-04 18:16:52,2021-08-04 18:32:51,Bergen St & Flatbush Ave,4281,Clark St & Henry St,4789,40.680944723477296,-73.97567331790923,40.69760127,-73.99344559,member
1158264,25638AD15770E83B,classic_bike,2021-08-29 17:56:20,2021-08-29 18:08:25,Carlton Ave & Flushing Ave,4732,Clark St & Henry St,4789,40.697787,-73.973736,40.69760127,-73.99344559,member
1158265,1FE1217B6C7D3B6F,classic_bike,2021-08-13 16:57:38,2021-08-13 17:11:53,Bergen St & Flatbush Ave,4281,Clark St & Henry St,4789,40.680944723477296,-73.97567331790923,40.69760127,-73.99344559,member
1158272,371219F5683A4BC4,electric_bike,2021-08-24 18:22:18,2021-08-24 19:02:18,Broadway & W 58 St,6948,Clark St & Henry St,4789,40.76695317,-73.98169333,40.69760127,-73.99344559,member
1158291,E49135A3200290A7,classic_bike,2021-08-19 23:22:58,2021-08-19 23:25:05,Hicks St & Montague St,4645,Clark St & Henry St,4789,40.69512845,-73.99595065,40.69760127,-73.99344559,member
1158294,4D5097A441576373,classic_bike,2021-08-11 20:55:14,2021-08-11 20:58:09,Hicks St & Montague St,4645,Clark St & Henry St,4789,40.69512845,-73.99595065,40.69760127,-73.99344559,member
1158295,3163851FEC6452E6,electric_bike,2021-08-29 10:06:46,2021-08-29 10:08:28,Hicks St & Montague St,4645,Clark St & Henry St,4789,40.69512845,-73.99595065,40.69760127,-73.99344559,member
1158302,2D4EBD7FE6475E97,classic_bike,2021-08-31 17:53:15,2021-08-31 18:00:20,Kane St & Clinton St,4455,Clark St & Henry St,4789,40.6861758,-73.99645295,40.69760127,-73.99344559,member
1158303,2C64A9012309B383,electric_bike,2021-08-03 19:16:43,2021-08-03 19:31:36,Hicks St & Montague St,4645,Clark St & Henry St,4789,40.69512845,-73.99595065,40.69760127,-73.99344559,member
1158304,3C6990DCFBC62231,classic_bike,2021-08-16 07:16:41,2021-08-16 07:18:34,Hicks St & Montague St,4645,Clark St & Henry St,4789,40.69512845,-73.99595065,40.69760127,-73.99344559,member
1158305,8CA98B6FA066ADFB,classic_bike,2021-08-03 15:40:06,2021-08-03 15:42:30,Hicks St & Montague St,4645,Clark St & Henry St,4789,40.69512845,-73.99595065,40.69760127,-73.99344559,member
1158309,57A42E6838BDE8C7,classic_bike,2021-08-17 10:13:34,2021-08-17 10:15:32,Hicks St & Montague St,4645,Clark St & Henry St,4789,40.69512845,-73.99595065,40.69760127,-73.99344559,member
1158311,AEE664CBE9FA0CF8,classic_bike,2021-08-13 19:00:09,2021-08-13 19:02:49,Hicks St & Montague St,4645,Clark St & Henry St,4789,40.69512845,-73.99595065,40.69760127,-73.99344559,member
1158327,A088FFB7D4988DB3,electric_bike,2021-08-09 20:04:37,2021-08-09 20:24:37,LaGuardia Pl & W 3 St,5721,Clark St & Henry St,4789,40.72917025,-73.99810231,40.69760127,-73.99344559,member
1158329,2D7D46907B80744E,classic_bike,2021-08-16 14:55:15,2021-08-16 15:04:57,Kane St & Clinton St,4455,Clark St & Henry St,4789,40.6861758,-73.99645295,40.69760127,-73.99344559,member
1158334,0840165C2C15EF81,classic_bike,2021-08-16 08:26:59,2021-08-16 08:29:11,Hicks St & Montague St,4645,Clark St & Henry St,4789,40.69512845,-73.99595065,40.69760127,-73.99344559,member
1158335,2135F8FD3F36EA50,classic_bike,2021-08-01 08:16:08,2021-08-01 08:18:56,Hicks St & Montague St,4645,Clark St & Henry St,4789,40.69512845,-73.99595065,40.69760127,-73.99344559,member
1158336,27B139C5F76785B0,classic_bike,2021-08-08 15:57:10,2021-08-08 15:59:37,Hicks St & Montague St,4645,Clark St & Henry St,4789,40.69512845,-73.99595065,40.69760127,-73.99344559,member
1158337,32534A0585E35899,classic_bike,2021-08-18 14:25:17,2021-08-18 14:27:11,Hicks St & Montague St,4645,Clark St & Henry St,4789,40.69512845,-73.99595065,40.69760127,-73.99344559,member
1158341,F33A7129B2998233,electric_bike,2021-08-23 18:00:50,2021-08-23 18:39:24,Prospect Park W & 20 St,3507,Clark St & Henry St,4789,40.656633,-73.983864,40.69760127,-73.99344559,member
1158350,57780BEF19DCEC32,classic_bike,2021-08-21 14:37:54,2021-08-21 14:39:33,Clinton St & Tillary St,4748,Clark St & Henry St,4789,40.69623297129316,-73.99142056703568,40.69760127,-73.99344559,member
1158358,AAB5C39774764409,electric_bike,2021-08-31 13:08:14,2021-08-31 13:09:27,Clinton St & Tillary St,4748,Clark St & Henry St,4789,40.69623297129316,-73.99142056703568,40.69760127,-73.99344559,member
1158364,DD3A340204747E87,classic_bike,2021-08-05 19:45:49,2021-08-05 20:11:19,Bayard St & Baxter St,5351,Clark St & Henry St,4789,40.71602118,-73.99974372,40.69760127,-73.99344559,member
1158365,AAA9C51305F450F6,classic_bike,2021-08-25 19:22:02,2021-08-25 19:40:18,Prospect Park W & 20 St,3507,Clark St & Henry St,4789,40.656633,-73.983864,40.69760127,-73.99344559,member
1158366,B30FCFC683B2A1F1,classic_bike,2021-08-18 19:53:51,2021-08-18 20:12:02,Prospect Park W & 20 St,3507,Clark St & Henry St,4789,40.656633,-73.983864,40.69760127,-73.99344559,member
1158370,31484C13B4B8544A,classic_bike,2021-08-31 16:15:25,2021-08-31 16:17:32,Clinton St & Tillary St,4748,Clark St & Henry St,4789,40.69623297129316,-73.99142056703568,40.69760127,-73.99344559,member
1158371,48B705A2DE9E911B,classic_bike,2021-08-08 16:22:54,2021-08-08 16:24:30,Clinton St & Tillary St,4748,Clark St & Henry St,4789,40.69623297129316,-73.99142056703568,40.69760127,-73.99344559,member
1158373,C8A57488AC5F8309,classic_bike,2021-08-07 13:22:34,2021-08-07 13:36:14,Nassau St\t& Duffield St,4781,Clark St & Henry St,4789,40.698477,-73.98384,40.69760127,-73.99344559,member
1158377,290E24ED243621F0,classic_bike,2021-08-04 16:20:03,2021-08-04 16:28:59,Court St & State St,4488,Clark St & Henry St,4789,40.6902375,-73.99203074,40.69760127,-73.99344559,member
1158378,CA9F6EC91B08324D,classic_bike,2021-08-10 12:38:19,2021-08-10 12:44:26,Court St & State St,4488,Clark St & Henry St,4789,40.6902375,-73.99203074,40.69760127,-73.99344559,member
1158389,52299C07AB3E1BCB,classic_bike,2021-08-23 18:16:54,2021-08-23 18:34:22,Ashland Pl & Dekalb Ave,4513,Clark St & Henry St,4789,40.690065,-73.978776,40.69760127,-73.99344559,member
1158435,233B165AD4B342A4,classic_bike,2021-08-30 17:37:11,2021-08-30 18:26:42,Greenwood Ave & E 4 St,3353,Clark St & Henry St,4789,40.650739,-73.977739,40.69760127,-73.99344559,casual
1158436,63C62F31D7A3B391,electric_bike,2021-08-29 20:40:09,2021-08-29 20:57:26,Delancey St & Eldridge St,5414,Clark St & Henry St,4789,40.719383,-73.991479,40.69760127,-73.99344559,casual
1158438,F2F28DF9227373E5,electric_bike,2021-08-14 15:45:52,2021-08-14 16:10:21,Barrow St & Hudson St,5805,Clark St & Henry St,4789,40.73172428,-74.00674436,40.69760127,-73.99344559,casual
1158441,08E82231D5DE8E22,classic_bike,2021-08-09 17:52:10,2021-08-09 18:04:30,Ashland Pl & Dekalb Ave,4513,Clark St & Henry St,4789,40.690065,-73.978776,40.69760127,-73.99344559,member
1158445,37F6B529D46AE0CF,classic_bike,2021-08-14 18:55:39,2021-08-14 19:03:33,Court St & State St,4488,Clark St & Henry St,4789,40.6902375,-73.99203074,40.69760127,-73.99344559,member
1158446,9190B74BE99AE686,classic_bike,2021-08-29 19:30:08,2021-08-29 19:41:49,Court St & State St,4488,Clark St & Henry St,4789,40.6902375,-73.99203074,40.69760127,-73.99344559,casual
1158449,92AE00FC94A803F2,classic_bike,2021-08-21 15:18:34,2021-08-21 15:25:39,Court St & State St,4488,Clark St & Henry St,4789,40.6902375,-73.99203074,40.69760127,-73.99344559,member
1158477,11A16CB33E40ECDB,classic_bike,2021-08-12 14:11:18,2021-08-12 14:44:49,Willoughby Ave & Wyckoff Ave,5010,Clark St & Henry St,4789,40.705614,-73.92153,40.69760127,-73.99344559,member
1158498,BC6FDC8F16B50BE0,electric_bike,2021-08-07 21:05:40,2021-08-07 21:36:11,Parade Pl & Crooke Ave,3376,Clark St & Henry St,4789,40.651847,-73.965248,40.69760127,-73.99344559,member
1158526,850AA6E011FA00F2,electric_bike,2021-08-06 15:26:15,2021-08-06 15:54:03,12 Ave & W 40 St,6765,Clark St & Henry St,4789,40.76087502,-74.00277668,40.69760127,-73.99344559,member
1158549,15E892B6F85A2377,classic_bike,2021-08-17 14:47:16,2021-08-17 15:38:37,Milton St & Franklin St,5752,Clark St & Henry St,4789,40.72906,-73.95779,40.69760127,-73.99344559,casual
1158555,23951736442D62DF,electric_bike,2021-08-26 19:34:01,2021-08-26 20:07:47,W 47 St & 10 Ave,6824,Clark St & Henry St,4789,40.76269882,-73.99301222,40.69760127,-73.99344559,casual
1158601,73ECF19DECAB8676,classic_bike,2021-08-15 19:16:20,2021-08-15 19:38:38,Broadway & E 14 St,5905,Clark St & Henry St,4789,40.73454567,-73.99074142,40.69760127,-73.99344559,member
1158628,ABB965EC5D4CB6B2,electric_bike,2021-08-15 00:36:52,2021-08-15 01:09:09,Irving Ave & Jefferson St,5051,Clark St & Henry St,4789,40.70538,-73.92535,40.69760127,-73.99344559,member
1158636,2D98843E9AFAD646,classic_bike,2021-08-09 17:11:30,2021-08-09 17:59:24,E 58 St & Madison Ave,6839,Clark St & Henry St,4789,40.76302594280519,-73.97209525108337,40.69760127,-73.99344559,member
1158642,19F5AE2E036B441F,classic_bike,2021-08-12 19:39:16,2021-08-12 19:47:42,Duffield St & Willoughby St,4596,Clark St & Henry St,4789,40.69221589,-73.9842844,40.69760127,-73.99344559,member
1158643,E52275A66B05EF6E,classic_bike,2021-08-13 20:18:13,2021-08-13 20:28:36,Duffield St & Willoughby St,4596,Clark St & Henry St,4789,40.69221589,-73.9842844,40.69760127,-73.99344559,member
1158645,CEF921A8060362CD,classic_bike,2021-08-18 10:29:31,2021-08-18 10:52:39,Great Jones St,5636,Clark St & Henry St,4789,40.72743423,-73.99379025,40.69760127,-73.99344559,member
1158646,A1CF2AFDE5AC4306,electric_bike,2021-08-22 07:25:23,2021-08-22 07:29:36,Lawrence St & Willoughby St,4596,Clark St & Henry St,4789,40.69236178,-73.98631746,40.69760127,-73.99344559,member
1158661,A07BE8D695D0F634,electric_bike,2021-08-05 16:57:02,2021-08-05 17:23:55,Lawrence St & Willoughby St,4596,Clark St & Henry St,4789,40.69236178,-73.98631746,40.69760127,-73.99344559,casual
1158663,AE598E2B01D40024,classic_bike,2021-08-24 12:45:21,2021-08-24 12:52:40,Lawrence St & Willoughby St,4596,Clark St & Henry St,4789,40.69236178,-73.98631746,40.69760127,-73.99344559,casual
1158665,CA1B33C2D1ED7DEE,classic_bike,2021-08-09 11:53:40,2021-08-09 11:59:30,Henry St & Atlantic Ave,4531,Clark St & Henry St,4789,40.69089272,-73.99612349,40.69760127,-73.99344559,member
1158666,BD513BB86016F3A9,classic_bike,2021-08-17 08:00:20,2021-08-17 08:05:25,Henry St & Atlantic Ave,4531,Clark St & Henry St,4789,40.69089272,-73.99612349,40.69760127,-73.99344559,member
1158668,781A871BA1A7964D,classic_bike,2021-08-15 21:16:15,2021-08-15 21:18:20,Pierrepont St & Monroe Pl,4718,Clark St & Henry St,4789,40.69535693320225,-73.99344027042389,40.69760127,-73.99344559,member
1158685,05C8E2361337CD41,electric_bike,2021-08-08 17:57:21,2021-08-08 19:07:10,Pierrepont St & Monroe Pl,4718,Clark St & Henry St,4789,40.69535693320225,-73.99344027042389,40.69760127,-73.99344559,casual
1158725,0F8A3B7DFEB23737,classic_bike,2021-08-23 18:46:03,2021-08-23 18:47:28,Clark St & Henry St,4789,Clark St & Henry St,4789,40.69760127,-73.99344559,40.69760127,-73.99344559,member
1158739,DB63198447650917,electric_bike,2021-08-28 00:22:02,2021-08-28 01:04:23,Clark St & Henry St,4789,Clark St & Henry St,4789,40.69760127,-73.99344559,40.69760127,-73.99344559,member
1158743,A2174F233006B5A0,classic_bike,2021-08-10 17:50:04,2021-08-10 17:50:08,Clark St & Henry St,4789,Clark St & Henry St,4789,40.69760127,-73.99344559,40.69760127,-73.99344559,member
1158744,89702DF533EAAAC7,classic_bike,2021-08-10 14:21:53,2021-08-10 15:23:59,Clark St & Henry St,4789,Clark St & Henry St,4789,40.69760127,-73.99344559,40.69760127,-73.99344559,member
1158756,3EF409EB79276A6F,classic_bike,2021-08-30 13:45:32,2021-08-30 15:11:05,Clark St & Henry St,4789,Clark St & Henry St,4789,40.69760127,-73.99344559,40.69760127,-73.99344559,casual
1158775,E3F23CD5F4C29AE4,electric_bike,2021-08-29 12:17:30,2021-08-29 12:21:19,Henry St & Atlantic Ave,4531,Clark St & Henry St,4789,40.69089272,-73.99612349,40.69760127,-73.99344559,casual
1158781,CB6D8A17A174AC2C,classic_bike,2021-08-30 19:47:18,2021-08-30 19:51:21,Henry St & Atlantic Ave,4531,Clark St & Henry St,4789,40.69089272,-73.99612349,40.69760127,-73.99344559,member
1158784,5C75FFE6D874F598,classic_bike,2021-08-26 18:25:36,2021-08-26 18:55:14,Pacific St & Nevins St,4362,Clark St & Henry St,4789,40.6853761,-73.98302136,40.69760127,-73.99344559,member
1158791,B2475BED16489A07,classic_bike,2021-08-01 12:25:20,2021-08-01 12:46:30,Kent Ave & N 7 St,5489,Clark St & Henry St,4789,40.72036775298455,-73.96165072917938,40.69760127,-73.99344559,member
1158847,59BE5C25A39533FC,electric_bike,2021-08-18 15:26:50,2021-08-18 15:30:25,Henry St & Atlantic Ave,4531,Clark St & Henry St,4789,40.69089272,-73.99612349,40.69760127,-73.99344559,casual
1158858,59BDBD468E6F65CA,electric_bike,2021-08-19 18:39:50,2021-08-19 19:06:03,Christopher St & Greenwich St,5847,Clark St & Henry St,4789,40.73291553,-74.00711384,40.69760127,-73.99344559,member
1158881,69645C0FBC7D4694,classic_bike,2021-08-27 07:21:08,2021-08-27 07:59:21,Clark St & Henry St,4789,Clark St & Henry St,4789,40.69760127,-73.99344559,40.69760127,-73.99344559,member
1158885,D3180F678D5DEB09,classic_bike,2021-08-02 19:31:58,2021-08-02 19:32:04,Clark St & Henry St,4789,Clark St & Henry St,4789,40.69760127,-73.99344559,40.69760127,-73.99344559,member
1158917,7AFAD5D7820565FB,classic_bike,2021-08-10 16:41:05,2021-08-10 17:18:27,8 Ave & W 33 St,6450,Clark St & Henry St,4789,40.751551,-73.993934,40.69760127,-73.99344559,member
1158918,8E06B7C63ACE89CD,classic_bike,2021-08-05 19:56:28,2021-08-05 20:06:36,Degraw St & Smith St,4298,Clark St & Henry St,4789,40.6829151,-73.99318208,40.69760127,-73.99344559,member
1158929,3A7A90077059C9CF,classic_bike,2021-08-24 14:51:32,2021-08-24 15:24:28,Montrose Ave & Bushwick Ave,5068,Clark St & Henry St,4789,40.70767788,-73.94016171,40.69760127,-73.99344559,member
1158931,FF2293B9739ECBEB,classic_bike,2021-08-24 02:37:31,2021-08-24 03:06:19,N 6 St & Bedford Ave,5379,Clark St & Henry St,4789,40.71745169,-73.95850939,40.69760127,-73.99344559,member
1158940,D05753BF97FABDD4,electric_bike,2021-08-09 08:18:42,2021-08-09 08:34:03,DeKalb Ave & S Portland Ave,4546,Clark St & Henry St,4789,40.68981035,-73.97493121,40.69760127,-73.99344559,casual
1158990,EA69503D7751ADA5,classic_bike,2021-08-02 16:15:36,2021-08-02 16:34:30,E 4 St & 2 Ave,5593,Clark St & Henry St,4789,40.7262807,-73.98978041,40.69760127,-73.99344559,member
1159046,BE4F9BC30BBF29B6,electric_bike,2021-08-10 21:35:48,2021-08-10 21:53:50,Grand St & Havemeyer St,5267,Clark St & Henry St,4789,40.71286844,-73.95698119,40.69760127,-73.99344559,member
1159059,B803E73E5768827D,electric_bike,2021-08-18 17:56:26,2021-08-18 18:17:30,Allen St & Stanton St,5484,Clark St & Henry St,4789,40.722055,-73.989111,40.69760127,-73.99344559,member
1159060,B22443AA358C8AF3,classic_bike,2021-08-05 14:21:08,2021-08-05 14:35:14,Clinton St & 4 Place,4119,Clark St & Henry St,4789,40.6783563,-74.00014502,40.69760127,-73.99344559,member
1159065,C7A0111381BDB1A0,classic_bike,2021-08-30 18:52:50,2021-08-30 19:04:13,3 Ave & Schermerhorn St,4437,Clark St & Henry St,4789,40.68683208,-73.9796772,40.69760127,-73.99344559,member
1159067,5222DAD50D431D72,electric_bike,2021-08-03 00:18:22,2021-08-03 00:27:22,3 Ave & Schermerhorn St,4437,Clark St & Henry St,4789,40.68683208,-73.9796772,40.69760127,-73.99344559,casual
1159076,9E3D906BB1D6C0DE,classic_bike,2021-08-01 19:56:52,2021-08-01 20:06:29,3 Ave & Schermerhorn St,4437,Clark St & Henry St,4789,40.68683208,-73.9796772,40.69760127,-73.99344559,member
1159083,814695B906866E4D,electric_bike,2021-08-05 21:51:26,2021-08-05 22:16:49,Knickerbocker Ave & Thames St,5018,Clark St & Henry St,4789,40.70539,-73.92976,40.69760127,-73.99344559,member
1159085,6A9965C242189DF5,electric_bike,2021-08-26 00:35:37,2021-08-26 01:00:31,University Pl & E 8 St,5755,Clark St & Henry St,4789,40.73143724085228,-73.99490341544151,40.69760127,-73.99344559,casual
1159095,98CE01E39094AC34,classic_bike,2021-08-07 01:50:48,2021-08-07 02:12:53,N 11 St & Kent Ave,5489,Clark St & Henry St,4789,40.72248188638219,-73.95921930670738,40.69760127,-73.99344559,member
1159106,358D5C9F1CB2D846,classic_bike,2021-08-30 18:26:11,2021-08-30 18:31:59,Henry St & Atlantic Ave,4531,Clark St & Henry St,4789,40.69089272,-73.99612349,40.69760127,-73.99344559,member
1159107,F1CA7AE08281A70F,classic_bike,2021-08-16 16:27:37,2021-08-16 16:38:19,Henry St & Atlantic Ave,4531,Clark St & Henry St,4789,40.69089272,-73.99612349,40.69760127,-73.99344559,member
1159108,01BD4FF7C7A0675A,classic_bike,2021-08-26 12:10:38,2021-08-26 12:16:18,Henry St & Atlantic Ave,4531,Clark St & Henry St,4789,40.69089272,-73.99612349,40.69760127,-73.99344559,member
1159109,1B14903855177CF9,classic_bike,2021-08-25 19:11:35,2021-08-25 19:16:23,Henry St & Atlantic Ave,4531,Clark St & Henry St,4789,40.69089272,-73.99612349,40.69760127,-73.99344559,member
1159111,AC7DDA7028285B03,classic_bike,2021-08-02 19:17:49,2021-08-02 19:22:17,Henry St & Atlantic Ave,4531,Clark St & Henry St,4789,40.69089272,-73.99612349,40.69760127,-73.99344559,casual
1159120,AE58585A871BCDB1,classic_bike,2021-08-31 18:19:03,2021-08-31 18:39:10,Pulaski St & Marcus Garvey Blvd,4656,Clark St & Henry St,4789,40.6933982,-73.939877,40.69760127,-73.99344559,member
1159125,5C26BB9D3D7668DF,classic_bike,2021-08-10 12:15:39,2021-08-10 12:21:37,Myrtle Ave & Fleet Pl,4628,Clark St & Henry St,4789,40.693534,-73.981909,40.69760127,-73.99344559,member
1159142,E70FDD529D96DAB2,classic_bike,2021-08-03 16:41:52,2021-08-03 16:50:15,Warren St & Smith St,4371,Clark St & Henry St,4789,40.68542400997018,-73.99127773940563,40.69760127,-73.99344559,member
1159143,CC51BF5545A1F2C9,electric_bike,2021-08-26 17:00:06,2021-08-26 17:18:04,Hudson St & Reade St,5359,Clark St & Henry St,4789,40.71625008,-74.0091059,40.69760127,-73.99344559,member
1159146,7ACD34F870D9C104,classic_bike,2021-08-18 20:27:50,2021-08-18 20:44:58,Hudson St & Reade St,5359,Clark St & Henry St,4789,40.71625008,-74.0091059,40.69760127,-73.99344559,member
1159147,22A3F27C62C49E36,electric_bike,2021-08-18 13:19:25,2021-08-18 13:25:26,Warren St & Smith St,4371,Clark St & Henry St,4789,40.68542400997018,-73.99127773940563,40.69760127,-73.99344559,member
1159148,301EBA0268E47AEE,classic_bike,2021-08-17 16:51:32,2021-08-17 16:58:38,Jay St & York St,4895,Clark St & Henry St,4789,40.70140317257725,-73.98672670125961,40.69760127,-73.99344559,member
1159149,0E05504D3022D4CE,classic_bike,2021-08-29 14:15:48,2021-08-29 14:24:53,Warren St & Smith St,4371,Clark St & Henry St,4789,40.68542400997018,-73.99127773940563,40.69760127,-73.99344559,member
1159152,50B27FBFE28C6946,classic_bike,2021-08-06 17:16:28,2021-08-06 17:33:26,Baltic St & 5 Ave,4208,Clark St & Henry St,4789,40.6795766,-73.97854971,40.69760127,-73.99344559,member
1159153,6B99806AEEB896A3,classic_bike,2021-08-16 00:06:10,2021-08-16 00:19:29,Bay St & Court St,3931,Clark St & Henry St,4789,40.671409,-74.001328,40.69760127,-73.99344559,member
1159155,84A0797078495B0F,electric_bike,2021-08-14 14:04:39,2021-08-14 14:43:02,Congress St & Clinton St,4455,Clark St & Henry St,4789,40.68825516598005,-73.99545192718506,40.69760127,-73.99344559,casual
1159163,FAD92A6BA349426D,electric_bike,2021-08-29 22:17:33,2021-08-29 22:24:43,Myrtle Ave & Fleet Pl,4628,Clark St & Henry St,4789,40.693534,-73.981909,40.69760127,-73.99344559,member
1159166,D35623AAD53EB1BF,electric_bike,2021-08-24 17:10:29,2021-08-24 17:17:34,Jay St & York St,4895,Clark St & Henry St,4789,40.70140317257725,-73.98672670125961,40.69760127,-73.99344559,member
1159171,71CE94AD6D1CF13F,electric_bike,2021-08-01 11:45:11,2021-08-01 11:58:10,Centre St & Worth St,5279,Clark St & Henry St,4789,40.71494807,-74.00234482,40.69760127,-73.99344559,member
1159173,93A9E95669D8D3E8,classic_bike,2021-08-12 22:53:03,2021-08-12 22:59:08,Congress St & Clinton St,4455,Clark St & Henry St,4789,40.68825516598005,-73.99545192718506,40.69760127,-73.99344559,member
1159174,8104BBDCD0FC47D8,classic_bike,2021-08-20 17:57:15,2021-08-20 18:01:56,Jay St & York St,4895,Clark St & Henry St,4789,40.70140317257725,-73.98672670125961,40.69760127,-73.99344559,member
1159192,E3A795DD497E9E3C,electric_bike,2021-08-20 07:15:33,2021-08-20 07:31:32,Grand Ave & Bergen St,4190,Clark St & Henry St,4789,40.678045,-73.962408,40.69760127,-73.99344559,member
1159201,43136507A3B4494A,electric_bike,2021-08-17 07:11:00,2021-08-17 07:27:44,Grand Ave & Bergen St,4190,Clark St & Henry St,4789,40.678045,-73.962408,40.69760127,-73.99344559,member
1159208,E2E05273518358AC,electric_bike,2021-08-06 19:44:47,2021-08-06 20:15:23,E 10 St & Avenue A,5659,Clark St & Henry St,4789,40.72740794,-73.98142006,40.69760127,-73.99344559,member
1159229,418D97206FEB3516,classic_bike,2021-08-04 13:28:59,2021-08-04 13:34:40,Jay St & York St,4895,Clark St & Henry St,4789,40.70140317257725,-73.98672670125961,40.69760127,-73.99344559,member
1159230,EED1679E68DEE155,classic_bike,2021-08-27 00:23:38,2021-08-27 00:28:45,Congress St & Clinton St,4455,Clark St & Henry St,4789,40.68825516598005,-73.99545192718506,40.69760127,-73.99344559,member
1159231,2A5EEAFA25C57EB6,classic_bike,2021-08-11 10:58:03,2021-08-11 11:30:21,Hudson St & Reade St,5359,Clark St & Henry St,4789,40.71625008,-74.0091059,40.69760127,-73.99344559,casual
1159247,85E2BFF1FB17D081,electric_bike,2021-08-17 13:14:28,2021-08-17 13:37:28,E 20 St & Park Ave,6055,Clark St & Henry St,4789,40.73827428,-73.98751968,40.69760127,-73.99344559,member
1159268,A563DD400ABC3F38,classic_bike,2021-08-23 23:51:44,2021-08-23 23:58:22,Jay St & York St,4895,Clark St & Henry St,4789,40.70140317257725,-73.98672670125961,40.69760127,-73.99344559,member
1159276,1FFACBB17633D7FA,classic_bike,2021-08-01 11:05:41,2021-08-01 11:22:31,Forsyth St & Broome St,5453,Clark St & Henry St,4789,40.71893904,-73.99266288,40.69760127,-73.99344559,member
1159287,3AA63AF906D09135,classic_bike,2021-08-21 14:06:08,2021-08-21 14:17:25,Clinton St & 4 Place,4119,Clark St & Henry St,4789,40.6783563,-74.00014502,40.69760127,-73.99344559,member
1159301,03919E63DE981887,classic_bike,2021-08-10 18:19:55,2021-08-10 18:27:46,Myrtle Ave & Fleet Pl,4628,Clark St & Henry St,4789,40.693534,-73.981909,40.69760127,-73.99344559,member
1159303,D7FBC7E3905AC130,classic_bike,2021-08-25 19:46:58,2021-08-25 19:54:11,Myrtle Ave & Fleet Pl,4628,Clark St & Henry St,4789,40.693534,-73.981909,40.69760127,-73.99344559,member
1159306,FBFB5A75EB1D7D56,classic_bike,2021-08-07 17:08:25,2021-08-07 17:32:54,Mercer St & Spring St,5532,Clark St & Henry St,4789,40.72362738,-73.99949601,40.69760127,-73.99344559,casual
1159308,4F6BF72C7B27D088,electric_bike,2021-08-26 20:32:19,2021-08-26 21:32:02,8 Ave & W 38 St,6526,Clark St & Henry St,4789,40.75461,-73.99177,40.69760127,-73.99344559,casual
1159329,BAB4A6D5A6793A5B,electric_bike,2021-08-15 23:45:47,2021-08-15 23:59:17,Forsyth St & Broome St,5453,Clark St & Henry St,4789,40.71893904,-73.99266288,40.69760127,-73.99344559,member
1159364,FF51930913D61DE8,electric_bike,2021-08-19 20:41:42,2021-08-19 21:01:24,Prospect Park West & 8 St,3722,Clark St & Henry St,4789,40.66514681533792,-73.97637605667114,40.69760127,-73.99344559,casual
1159409,0E18A2D7E2A4827D,electric_bike,2021-08-19 18:48:23,2021-08-19 19:06:05,1 Ave & E 16 St,5779,Clark St & Henry St,4789,40.73221853,-73.98165557,40.69760127,-73.99344559,member
1159421,356E38C32AA60D99,classic_bike,2021-08-06 22:45:44,2021-08-06 23:07:02,Grand St & Elizabeth St,5382,Clark St & Henry St,4789,40.718822,-73.99596,40.69760127,-73.99344559,member
1159422,C923A805E1C48F9B,electric_bike,2021-08-03 19:20:33,2021-08-03 19:33:43,Grand St & Elizabeth St,5382,Clark St & Henry St,4789,40.718822,-73.99596,40.69760127,-73.99344559,member
1159456,CB6438B322FCF9A2,classic_bike,2021-08-30 18:07:15,2021-08-30 18:38:21,Sigourney St & Columbia St,3940,Clark St & Henry St,4789,40.67267243410948,-74.0087952464819,40.69760127,-73.99344559,member
1159464,4B6A2DC25643AE7F,electric_bike,2021-08-30 08:55:10,2021-08-30 09:07:27,Grand St & Elizabeth St,5382,Clark St & Henry St,4789,40.718822,-73.99596,40.69760127,-73.99344559,casual
1159467,3B78F496B553F4F4,classic_bike,2021-08-10 07:46:40,2021-08-10 07:57:36,Adelphi St & Myrtle Ave,4620,Clark St & Henry St,4789,40.69308257,-73.97178913,40.69760127,-73.99344559,member
1159471,55878E46DB4101EE,classic_bike,2021-08-14 17:45:23,2021-08-14 17:56:42,Lafayette Ave & Fort Greene Pl,4395,Clark St & Henry St,4789,40.68691865,-73.976682,40.69760127,-73.99344559,member
1159472,31FAB5D5A93DD78F,classic_bike,2021-08-01 21:17:33,2021-08-01 21:22:15,Sands St & Jay St,4821,Clark St & Henry St,4789,40.700119,-73.9862,40.69760127,-73.99344559,member
1159475,49FDF1F6F35D5169,electric_bike,2021-08-27 17:20:28,2021-08-27 17:31:11,Forsyth St & Broome St,5453,Clark St & Henry St,4789,40.71893904,-73.99266288,40.69760127,-73.99344559,member
1159481,11F50F40AFDE25DB,classic_bike,2021-08-26 14:05:47,2021-08-26 14:11:49,Sands St & Jay St,4821,Clark St & Henry St,4789,40.700119,-73.9862,40.69760127,-73.99344559,member
1159494,2430CDDEFB421982,classic_bike,2021-08-15 17:53:41,2021-08-15 18:22:36,Greene Ave & Nostrand Ave,4519,Clark St & Henry St,4789,40.6883337,-73.950916,40.69760127,-73.99344559,member
1159496,856824BE270146F5,classic_bike,2021-08-30 16:35:57,2021-08-30 16:55:05,Cliff St & Fulton St,5065,Clark St & Henry St,4789,40.70838,-74.00495,40.69760127,-73.99344559,member
1159503,CD3711308ED69448,classic_bike,2021-08-24 19:59:51,2021-08-24 20:28:58,Stanton St & Mangin St,5326,Clark St & Henry St,4789,40.71782143,-73.97628939,40.69760127,-73.99344559,member
1159508,F5C99E71E16658DB,classic_bike,2021-08-18 18:11:39,2021-08-18 19:01:40,Clark St & Henry St,4789,Clark St & Henry St,4789,40.69760127,-73.99344559,40.69760127,-73.99344559,member
1159517,B8DA0F19FFC1CE08,classic_bike,2021-08-18 10:56:53,2021-08-18 10:57:29,Clark St & Henry St,4789,Clark St & Henry St,4789,40.69760127,-73.99344559,40.69760127,-73.99344559,member
1159525,F7647DC99DE3BB79,electric_bike,2021-08-05 17:10:08,2021-08-05 17:59:12,Clark St & Henry St,4789,Clark St & Henry St,4789,40.69760127,-73.99344559,40.69760127,-73.99344559,member
1159539,2A3E4034E95A8AB9,classic_bike,2021-08-29 22:12:32,2021-08-29 22:13:39,Clark St & Henry St,4789,Clark St & Henry St,4789,40.69760127,-73.99344559,40.69760127,-73.99344559,casual
1159540,06D02E6833AC4580,classic_bike,2021-08-29 23:47:38,2021-08-30 00:25:43,Clark St & Henry St,4789,Clark St & Henry St,4789,40.69760127,-73.99344559,40.69760127,-73.99344559,casual
1159594,17C18AE8E3E7468B,classic_bike,2021-08-16 11:14:35,2021-08-16 11:19:05,Clark St & Henry St,4789,Clark St & Henry St,4789,40.69760127,-73.99344559,40.69760127,-73.99344559,casual
1159596,0E949BFEAC08D50C,classic_bike,2021-08-31 13:02:53,2021-08-31 13:19:14,Clark St & Henry St,4789,Clark St & Henry St,4789,40.69760127,-73.99344559,40.69760127,-73.99344559,casual
1159608,B0690E7610C5904A,classic_bike,2021-08-15 15:45:57,2021-08-15 16:08:27,E 14 St & Avenue B,5736,Clark St & Henry St,4789,40.72938685,-73.97772429,40.69760127,-73.99344559,member
1159632,C7FEE66952A69596,classic_bike,2021-08-03 18:16:02,2021-08-03 18:45:15,E 31 St & 3 Ave,6239,Clark St & Henry St,4789,40.74394314,-73.97966069,40.69760127,-73.99344559,member
1159808,FCA85B33E3BF8605,classic_bike,2021-08-11 13:43:57,2021-08-11 13:48:49,Schermerhorn St & Court St,4565,Clark St & Henry St,4789,40.69102925677968,-73.99183362722397,40.69760127,-73.99344559,member
1159810,55B2F8E850398CF7,classic_bike,2021-08-30 08:51:53,2021-08-30 08:56:54,Schermerhorn St & Court St,4565,Clark St & Henry St,4789,40.69102925677968,-73.99183362722397,40.69760127,-73.99344559,member
1159811,6DAD7F03C54C12B6,classic_bike,2021-08-10 15:41:02,2021-08-10 15:48:25,Henry St & Degraw St,4380,Clark St & Henry St,4789,40.6847514,-73.99917254,40.69760127,-73.99344559,member
1159848,0BFFBB03702F8A79,classic_bike,2021-08-11 18:30:10,2021-08-11 18:39:34,Bridge St & Water St,4968,Clark St & Henry St,4789,40.70296934155272,-73.98469090461731,40.69760127,-73.99344559,casual
1159851,8CF6B8A74A635476,electric_bike,2021-08-08 17:40:05,2021-08-08 18:49:46,Cadman Plaza E & Red Cross Pl,4821,Clark St & Henry St,4789,40.69991755,-73.98971773,40.69760127,-73.99344559,casual
1159855,E96947D284E4E8FA,classic_bike,2021-08-07 16:06:04,2021-08-07 16:11:03,Schermerhorn St & Court St,4565,Clark St & Henry St,4789,40.69102925677968,-73.99183362722397,40.69760127,-73.99344559,member
1159859,6837F6E242C6AA91,classic_bike,2021-08-25 21:47:35,2021-08-25 21:52:00,Schermerhorn St & Court St,4565,Clark St & Henry St,4789,40.69102925677968,-73.99183362722397,40.69760127,-73.99344559,member
1159864,A380CFAA079D6B0D,classic_bike,2021-08-16 20:58:47,2021-08-16 21:04:02,Schermerhorn St & Court St,4565,Clark St & Henry St,4789,40.69102925677968,-73.99183362722397,40.69760127,-73.99344559,member
1159873,527339E76A58D8BF,classic_bike,2021-08-21 11:48:54,2021-08-21 11:58:40,Schermerhorn St & Court St,4565,Clark St & Henry St,4789,40.69102925677968,-73.99183362722397,40.69760127,-73.99344559,casual
1159874,B848D45A5C0C301B,classic_bike,2021-08-21 18:56:44,2021-08-21 19:01:42,Schermerhorn St & Court St,4565,Clark St & Henry St,4789,40.69102925677968,-73.99183362722397,40.69760127,-73.99344559,casual
1159903,770CD30287C68A07,classic_bike,2021-08-23 21:37:18,2021-08-23 22:25:24,Madison Ave & E 26 St,6131,Clark St & Henry St,4789,40.742684734875695,-73.98671329021454,40.69760127,-73.99344559,casual
1159912,F212784505D04942,classic_bike,2021-08-11 16:32:35,2021-08-11 16:45:05,Court St & State St,4488,Clark St & Henry St,4789,40.6902375,-73.99203074,40.69760127,-73.99344559,member
1159921,B1CE6F151C4BC6DB,classic_bike,2021-08-16 19:38:43,2021-08-16 19:47:00,Court St & State St,4488,Clark St & Henry St,4789,40.6902375,-73.99203074,40.69760127,-73.99344559,casual
1159923,59A123B6E791FC5D,classic_bike,2021-08-21 10:26:38,2021-08-21 10:45:25,Underhill Ave & Pacific St,4231,Clark St & Henry St,4789,40.6804836,-73.9646795,40.69760127,-73.99344559,casual
1159934,97903A90E889391E,classic_bike,2021-08-05 11:25:12,2021-08-05 11:29:30,Court St & State St,4488,Clark St & Henry St,4789,40.6902375,-73.99203074,40.69760127,-73.99344559,member
1159935,FBF756C7349A9E1E,classic_bike,2021-08-17 19:21:54,2021-08-17 19:33:03,Court St & State St,4488,Clark St & Henry St,4789,40.6902375,-73.99203074,40.69760127,-73.99344559,member
1159938,B9E5D6F558967E59,classic_bike,2021-08-18 10:19:34,2021-08-18 10:26:35,Court St & State St,4488,Clark St & Henry St,4789,40.6902375,-73.99203074,40.69760127,-73.99344559,casual
1159950,31CFBF19D6114994,classic_bike,2021-08-29 20:27:21,2021-08-29 20:32:46,Court St & State St,4488,Clark St & Henry St,4789,40.6902375,-73.99203074,40.69760127,-73.99344559,member
1159966,E0E5FD2243097499,classic_bike,2021-08-03 12:44:41,2021-08-03 13:20:38,46 St & 7 Ave,3117,Clark St & Henry St,4789,40.644743,-74.003754,40.69760127,-73.99344559,member
1159968,71E03DE776C59662,classic_bike,2021-08-21 14:47:47,2021-08-21 14:53:01,Schermerhorn St & Court St,4565,Clark St & Henry St,4789,40.69102925677968,-73.99183362722397,40.69760127,-73.99344559,member
1159972,E62FF3E598284465,classic_bike,2021-08-30 20:58:26,2021-08-30 21:21:34,Emerson Pl & Myrtle Ave,4683,Clark St & Henry St,4789,40.69363137,-73.96223558,40.69760127,-73.99344559,member
1159988,05CCBD3C0A19B83D,classic_bike,2021-08-11 10:23:24,2021-08-11 10:26:09,Henry St & Middagh St,4861,Clark St & Henry St,4789,40.7003,-73.991581,40.69760127,-73.99344559,member
1159990,4649775A61CD0DA5,classic_bike,2021-08-08 13:26:02,2021-08-08 13:28:02,Henry St & Middagh St,4861,Clark St & Henry St,4789,40.7003,-73.991581,40.69760127,-73.99344559,member
1159991,77EEED8BBA3895BB,classic_bike,2021-08-01 10:24:16,2021-08-01 10:27:07,Henry St & Middagh St,4861,Clark St & Henry St,4789,40.7003,-73.991581,40.69760127,-73.99344559,member
1159993,6AC03AE469D3834B,classic_bike,2021-08-27 15:50:51,2021-08-27 15:53:06,Henry St & Middagh St,4861,Clark St & Henry St,4789,40.7003,-73.991581,40.69760127,-73.99344559,member
1159994,1EBCC963376DB067,classic_bike,2021-08-27 16:38:04,2021-08-27 16:40:10,Henry St & Middagh St,4861,Clark St & Henry St,4789,40.7003,-73.991581,40.69760127,-73.99344559,member
1159995,43EB2FD6007D8851,classic_bike,2021-08-19 07:43:13,2021-08-19 07:45:05,Henry St & Middagh St,4861,Clark St & Henry St,4789,40.7003,-73.991581,40.69760127,-73.99344559,member
1160002,E27A5F043723DD58,classic_bike,2021-08-23 19:54:07,2021-08-23 20:00:49,Schermerhorn St & Court St,4565,Clark St & Henry St,4789,40.69102925677968,-73.99183362722397,40.69760127,-73.99344559,member
1160012,CD881EACE967CC74,electric_bike,2021-08-23 12:32:34,2021-08-23 12:37:00,Schermerhorn St & Court St,4565,Clark St & Henry St,4789,40.69102925677968,-73.99183362722397,40.69760127,-73.99344559,casual
1160017,F16315B240F83249,classic_bike,2021-08-25 21:18:01,2021-08-25 21:30:30,Clinton Ave & Myrtle Ave,4651,Clark St & Henry St,4789,40.693261,-73.968896,40.69760127,-73.99344559,member
1160038,C85BCAF3390C3614,classic_bike,2021-08-09 10:17:59,2021-08-09 10:38:31,Lewis Ave & Kosciuszko St,4617,Clark St & Henry St,4789,40.69237074,-73.93705428,40.69760127,-73.99344559,member
1160044,E11FF7FCFF522393,classic_bike,2021-08-20 09:04:56,2021-08-20 09:05:48,Clark St & Henry St,4789,Clark St & Henry St,4789,40.69760127,-73.99344559,40.69760127,-73.99344559,member
1160055,B48ED37B803CBAD1,classic_bike,2021-08-03 19:20:51,2021-08-03 19:39:46,Great Jones St,5636,Clark St & Henry St,4789,40.72743423,-73.99379025,40.69760127,-73.99344559,member
1160056,85E8F119EBD4C15D,classic_bike,2021-08-01 10:24:14,2021-08-01 10:27:05,Henry St & Middagh St,4861,Clark St & Henry St,4789,40.7003,-73.991581,40.69760127,-73.99344559,member
1160061,A5E4882A8C3E1F63,classic_bike,2021-08-28 14:37:05,2021-08-28 14:58:59,Henry St & Middagh St,4861,Clark St & Henry St,4789,40.7003,-73.991581,40.69760127,-73.99344559,casual
1160070,E87B28DC259CF555,classic_bike,2021-08-21 18:55:05,2021-08-21 19:00:09,Court St & State St,4488,Clark St & Henry St,4789,40.6902375,-73.99203074,40.69760127,-73.99344559,member
1160077,2572E946095D475F,classic_bike,2021-08-06 23:56:11,2021-08-07 00:21:36,Delancey St & Eldridge St,5414,Clark St & Henry St,4789,40.719383,-73.991479,40.69760127,-73.99344559,casual
1160078,417ED833FA1B25F1,electric_bike,2021-08-21 13:55:53,2021-08-21 14:26:45,Underhill Ave & Pacific St,4231,Clark St & Henry St,4789,40.6804836,-73.9646795,40.69760127,-73.99344559,casual
1160082,2EF8F08B4ECFE8D2,classic_bike,2021-08-01 00:52:57,2021-08-01 00:58:05,Court St & State St,4488,Clark St & Henry St,4789,40.6902375,-73.99203074,40.69760127,-73.99344559,casual
1160086,66896FA9F661250C,electric_bike,2021-08-05 18:49:36,2021-08-05 18:56:07,Duffield St & Willoughby St,4596,Clark St & Henry St,4789,40.69221589,-73.9842844,40.69760127,-73.99344559,member
1160101,F790FD633C7CF24C,classic_bike,2021-08-08 11:46:45,2021-08-08 11:56:39,Butler St & Court St,4339,Clark St & Henry St,4789,40.6849894,-73.99440329,40.69760127,-73.99344559,member
1160111,A2572348EF00B083,classic_bike,2021-08-30 19:07:40,2021-08-30 19:38:35,Columbia St & Kane St,4422,Clark St & Henry St,4789,40.68763155,-74.0016256,40.69760127,-73.99344559,member
1160112,04C67396B228F2D4,classic_bike,2021-08-09 22:03:57,2021-08-09 22:15:03,Columbia St & Kane St,4422,Clark St & Henry St,4789,40.68763155,-74.0016256,40.69760127,-73.99344559,member
1160115,A37B604795E09961,classic_bike,2021-08-04 16:45:25,2021-08-04 16:52:41,Court St & State St,4488,Clark St & Henry St,4789,40.6902375,-73.99203074,40.69760127,-73.99344559,member
1160123,385508EDEA30042C,classic_bike,2021-08-05 19:42:04,2021-08-05 19:53:55,1 Pl & Clinton St,4193,Clark St & Henry St,4789,40.6809591,-73.99905709,40.69760127,-73.99344559,casual
1160140,976DEFED064A97B0,classic_bike,2021-08-09 02:14:18,2021-08-09 02:26:13,Boerum Pl\t& Pacific St,4488,Clark St & Henry St,4789,40.68848905639242,-73.99116039276123,40.69760127,-73.99344559,member
1160158,1A7BCD6DFA32C0B6,classic_bike,2021-08-11 07:40:43,2021-08-11 07:55:57,Clinton Ave & Myrtle Ave,4651,Clark St & Henry St,4789,40.693261,-73.968896,40.69760127,-73.99344559,member
1160166,6B2332A52B7E2564,electric_bike,2021-08-12 20:39:09,2021-08-12 20:55:38,Mott St & Prince St,5561,Clark St & Henry St,4789,40.72317958,-73.99480012,40.69760127,-73.99344559,casual
1160176,2BAC6D7BCC6168EE,electric_bike,2021-08-06 09:41:17,2021-08-06 09:55:13,Howard St & Centre St,5422,Clark St & Henry St,4789,40.71910537,-73.99973337,40.69760127,-73.99344559,member
1160177,AC1D39BAAF6D4FCD,classic_bike,2021-08-16 07:49:06,2021-08-16 08:01:22,Clinton Ave & Myrtle Ave,4651,Clark St & Henry St,4789,40.693261,-73.968896,40.69760127,-73.99344559,member
1160184,AC2BFC5649B12870,classic_bike,2021-08-24 17:32:41,2021-08-24 17:46:54,Dock 72 Way & Market St,4804,Clark St & Henry St,4789,40.69985,-73.97141,40.69760127,-73.99344559,member
1160187,B4E4B495BDF66DB4,electric_bike,2021-08-01 23:26:57,2021-08-01 23:42:19,Columbia St & Lorraine St,4013,Clark St & Henry St,4789,40.6747055,-74.0075572,40.69760127,-73.99344559,member
1160195,C861A04BED2B3EC5,classic_bike,2021-08-27 08:48:24,2021-08-27 08:59:27,Court St & Nelson St,4077,Clark St & Henry St,4789,40.6763947,-73.99869893,40.69760127,-73.99344559,member
1160201,1534C4F85D85C67B,classic_bike,2021-08-25 01:06:50,2021-08-25 01:34:59,Metropolitan Ave & Bedford Ave,5308,Clark St & Henry St,4789,40.71534825,-73.96024116,40.69760127,-73.99344559,casual
1160241,012184A438A7FCF0,electric_bike,2021-08-17 14:41:29,2021-08-17 15:22:34,Myrtle Ave & St Edwards St,4659,Clark St & Henry St,4789,40.69327018,-73.97703874,40.69760127,-73.99344559,member
1160242,D3403DC7B2DDC15A,classic_bike,2021-08-07 00:41:35,2021-08-07 00:55:57,Berkeley Pl & 6 Ave,4134,Clark St & Henry St,4789,40.6765304,-73.97846879,40.69760127,-73.99344559,member
1160246,F5E5169B4B7F8359,electric_bike,2021-08-17 22:04:37,2021-08-17 22:14:42,Myrtle Ave & St Edwards St,4659,Clark St & Henry St,4789,40.69327018,-73.97703874,40.69760127,-73.99344559,member
1160253,399106D9C4F8267D,classic_bike,2021-08-01 17:43:54,2021-08-01 17:50:26,Front St & Washington St,4936,Clark St & Henry St,4789,40.70255088,-73.98940236,40.69760127,-73.99344559,member
1160254,9F99C4FA778EEF27,electric_bike,2021-08-05 11:46:00,2021-08-05 11:50:08,Front St & Washington St,4936,Clark St & Henry St,4789,40.70255088,-73.98940236,40.69760127,-73.99344559,member
1160255,F867AB4CA3A2B269,classic_bike,2021-08-16 20:34:05,2021-08-16 20:41:43,Front St & Washington St,4936,Clark St & Henry St,4789,40.70255088,-73.98940236,40.69760127,-73.99344559,member
1160265,4CCD10DE5CB1F083,classic_bike,2021-08-08 11:40:37,2021-08-08 11:47:46,Front St & Washington St,4936,Clark St & Henry St,4789,40.70255088,-73.98940236,40.69760127,-73.99344559,member
1160277,747D8739544850C8,docked_bike,2021-08-01 14:31:10,2021-08-01 16:21:18,Brooklyn Bridge Park - Pier 2,4756,Clark St & Henry St,4789,40.698458,-73.997178,40.697601,-73.993446,casual
1160280,E091D2CC76947CB2,electric_bike,2021-08-02 15:53:33,2021-08-02 16:03:18,Brooklyn Bridge Park - Pier 2,4756,Clark St & Henry St,4789,40.698458,-73.997178,40.69760127,-73.99344559,member
1160290,DC76499F45CAD0C9,classic_bike,2021-08-26 08:39:51,2021-08-26 08:45:57,Concord St & Bridge St,4781,Clark St & Henry St,4789,40.69766564,-73.98476437,40.69760127,-73.99344559,member
1160297,408817416137EEC6,classic_bike,2021-08-20 22:13:20,2021-08-20 22:24:37,Brooklyn Bridge Park - Pier 2,4756,Clark St & Henry St,4789,40.698458,-73.997178,40.69760127,-73.99344559,member
1160313,DEAEF0971686E6B6,classic_bike,2021-08-05 11:37:05,2021-08-05 11:54:34,Prospect Pl & 6 Ave,4166,Clark St & Henry St,4789,40.6793307,-73.97519523,40.69760127,-73.99344559,member
1160319,1710FE9C176C55EE,classic_bike,2021-08-06 17:46:05,2021-08-06 17:52:58,Court St & State St,4488,Clark St & Henry St,4789,40.6902375,-73.99203074,40.69760127,-73.99344559,member
1160320,92BE3D4A3667E321,classic_bike,2021-08-19 15:04:50,2021-08-19 15:10:16,Court St & State St,4488,Clark St & Henry St,4789,40.6902375,-73.99203074,40.69760127,-73.99344559,member
1160321,B0087CE85352EE7F,classic_bike,2021-08-31 11:04:48,2021-08-31 11:09:54,Court St & State St,4488,Clark St & Henry St,4789,40.6902375,-73.99203074,40.69760127,-73.99344559,member
1160322,10D023725C73057C,electric_bike,2021-08-31 15:17:27,2021-08-31 15:22:48,Court St & State St,4488,Clark St & Henry St,4789,40.6902375,-73.99203074,40.69760127,-73.99344559,casual
1160333,5C2A18EC17270698,classic_bike,2021-08-25 08:57:54,2021-08-25 09:01:25,Columbia Heights & Cranberry St,4829,Clark St & Henry St,4789,40.70037867,-73.99548059,40.69760127,-73.99344559,member
1160346,91BBFE72D7F7996D,electric_bike,2021-08-17 08:49:45,2021-08-17 08:57:13,Fulton St & Adams St,4637,Clark St & Henry St,4789,40.69241829257847,-73.98949474096298,40.69760127,-73.99344559,member
1160347,991B622B9C36137B,electric_bike,2021-08-06 19:49:40,2021-08-06 19:51:56,Fulton St & Adams St,4637,Clark St & Henry St,4789,40.69241829257847,-73.98949474096298,40.69760127,-73.99344559,member
1160350,E6BE1DCDEB948F5C,electric_bike,2021-08-23 18:31:00,2021-08-23 18:52:53,Fulton St & Adams St,4637,Clark St & Henry St,4789,40.69241829257847,-73.98949474096298,40.69760127,-73.99344559,casual
1160357,181FFF612B9DC7B8,electric_bike,2021-08-20 15:34:30,2021-08-20 15:37:18,Fulton St & Adams St,4637,Clark St & Henry St,4789,40.69241829257847,-73.98949474096298,40.69760127,-73.99344559,member
1160384,17B0F6E88911DA60,classic_bike,2021-08-21 13:06:35,2021-08-21 13:26:48,Grand Army Plaza & Plaza St West,4010,Clark St & Henry St,4789,40.6729679,-73.97087984,40.69760127,-73.99344559,casual
1160390,18BBD76AB271F718,classic_bike,2021-08-06 14:46:47,2021-08-06 14:53:20,Bond St & Fulton St,4479,Clark St & Henry St,4789,40.68962188790333,-73.98304268717766,40.69760127,-73.99344559,member
1160394,E05C661D1E2F2DE9,electric_bike,2021-08-29 11:22:10,2021-08-29 11:31:14,Bond St & Fulton St,4479,Clark St & Henry St,4789,40.68962188790333,-73.98304268717766,40.69760127,-73.99344559,member
1160412,5836C1F0AF0D810D,electric_bike,2021-08-09 18:43:49,2021-08-09 18:51:32,Bond St & Fulton St,4479,Clark St & Henry St,4789,40.68962188790333,-73.98304268717766,40.69760127,-73.99344559,member
1160415,502CD15C4235C3AA,classic_bike,2021-08-21 18:45:41,2021-08-21 18:57:02,Bond St & Fulton St,4479,Clark St & Henry St,4789,40.68962188790333,-73.98304268717766,40.69760127,-73.99344559,member
1160420,9D8C05AE0D832D46,classic_bike,2021-08-14 08:38:58,2021-08-14 08:46:14,Bond St & Fulton St,4479,Clark St & Henry St,4789,40.68962188790333,-73.98304268717766,40.69760127,-73.99344559,member
1160421,B6FD28E75B24829F,electric_bike,2021-08-08 08:21:36,2021-08-08 09:04:29,Bond St & Fulton St,4479,Clark St & Henry St,4789,40.68962188790333,-73.98304268717766,40.69760127,-73.99344559,member
1160465,E666F8C857C31200,electric_bike,2021-08-23 13:57:57,2021-08-23 14:01:38,Dock St & Front St,4903,Clark St & Henry St,4789,40.702709,-73.99253,40.69760127,-73.99344559,member
1160469,1EF3300FC98740B3,classic_bike,2021-08-01 14:49:53,2021-08-01 15:10:56,Flushing Ave & Vanderbilt Ave,4762,Clark St & Henry St,4789,40.69795031569544,-73.97077560424805,40.69760127,-73.99344559,member
1160474,80D4CECF8B5C679C,classic_bike,2021-08-27 17:43:08,2021-08-27 17:59:50,Van Brunt St & Wolcott St,4095,Clark St & Henry St,4789,40.6773429,-74.01275056,40.69760127,-73.99344559,member
1160486,0090D95D6D1ED7CF,classic_bike,2021-08-16 19:05:27,2021-08-16 19:36:08,Columbia Heights & Cranberry St,4829,Clark St & Henry St,4789,40.70037867,-73.99548059,40.69760127,-73.99344559,member
1160488,99C850D557A2393C,electric_bike,2021-08-09 14:28:36,2021-08-09 14:30:47,Columbia Heights & Cranberry St,4829,Clark St & Henry St,4789,40.70037867,-73.99548059,40.69760127,-73.99344559,member
1160489,D4727C1450A42922,classic_bike,2021-08-16 14:45:26,2021-08-16 14:48:12,Columbia Heights & Cranberry St,4829,Clark St & Henry St,4789,40.70037867,-73.99548059,40.69760127,-73.99344559,member
1160499,0F33CE27B00BB51C,classic_bike,2021-08-16 18:18:39,2021-08-16 18:32:20,DeKalb Ave & Hudson Ave,4513,Clark St & Henry St,4789,40.689888,-73.981013,40.69760127,-73.99344559,member
1160522,1B447ED84B507F79,classic_bike,2021-08-20 22:05:39,2021-08-20 22:21:07,DeKalb Ave & Vanderbilt Ave,4461,Clark St & Henry St,4789,40.68940747,-73.96885458,40.69760127,-73.99344559,member
1160526,DFC0EE8786738D10,classic_bike,2021-08-07 21:20:43,2021-08-07 21:28:53,DeKalb Ave & Hudson Ave,4513,Clark St & Henry St,4789,40.689888,-73.981013,40.69760127,-73.99344559,member
1160546,4833C78EDB18EE1F,classic_bike,2021-08-26 09:37:49,2021-08-26 09:59:59,E 20 St & 2 Ave,5971,Clark St & Henry St,4789,40.73587678,-73.98205027,40.69760127,-73.99344559,member
1160556,5C9BABB514A5575F,electric_bike,2021-08-24 07:30:38,2021-08-24 07:35:47,Bond St & Fulton St,4479,Clark St & Henry St,4789,40.68962188790333,-73.98304268717766,40.69760127,-73.99344559,member
1160557,68875C18FFE39584,classic_bike,2021-08-25 08:45:57,2021-08-25 08:56:13,Bond St & Fulton St,4479,Clark St & Henry St,4789,40.68962188790333,-73.98304268717766,40.69760127,-73.99344559,member
1160560,0E3C4E5CE550E54D,classic_bike,2021-08-03 17:37:31,2021-08-03 17:53:08,4 Ave & 3 St,4028,Clark St & Henry St,4789,40.673746,-73.985649,40.69760127,-73.99344559,member
1160573,AC53E7C74555CBEB,classic_bike,2021-08-05 17:11:04,2021-08-05 17:31:52,Carroll St & 6 Ave,4019,Clark St & Henry St,4789,40.6740886,-73.9787282,40.69760127,-73.99344559,member
1160576,E26610F223885E72,classic_bike,2021-08-15 13:48:14,2021-08-15 14:06:37,10 St & 5 Ave,3842,Clark St & Henry St,4789,40.6686273,-73.98700053,40.69760127,-73.99344559,member
1160579,DBACC8A36965F801,electric_bike,2021-08-26 21:53:56,2021-08-26 22:02:11,Bond St & Bergen St,4404,Clark St & Henry St,4789,40.6849668,-73.98620772,40.69760127,-73.99344559,member
1160586,7FC6BF11ADB28F30,classic_bike,2021-08-16 08:32:46,2021-08-16 08:38:14,Front St & Washington St,4936,Clark St & Henry St,4789,40.70255088,-73.98940236,40.69760127,-73.99344559,member
1160592,C46171983B4EB955,classic_bike,2021-08-16 15:59:43,2021-08-16 16:04:03,Dock St & Front St,4903,Clark St & Henry St,4789,40.702709,-73.99253,40.69760127,-73.99344559,member
1160593,A7E75FADE0D2636C,classic_bike,2021-08-16 11:31:29,2021-08-16 11:34:38,Dock St & Front St,4903,Clark St & Henry St,4789,40.702709,-73.99253,40.69760127,-73.99344559,member
1160595,2C4BDABDCABADFFD,classic_bike,2021-08-05 08:45:48,2021-08-05 08:55:26,Bond St & Bergen St,4404,Clark St & Henry St,4789,40.6849668,-73.98620772,40.69760127,-73.99344559,member
1160611,5112A808031B81EC,electric_bike,2021-08-29 18:31:32,2021-08-29 19:57:43,Broadway & W 165 St,8191,Clark St & Henry St,4789,40.839137,-73.941409,40.69760127,-73.99344559,casual
1160619,02AFB6C465334677,electric_bike,2021-08-12 10:40:29,2021-08-12 11:05:02,Lewis Ave & Decatur St,4237,Clark St & Henry St,4789,40.6814598,-73.934903,40.69760127,-73.99344559,member
1160650,564B51786184A3DF,electric_bike,2021-08-05 10:48:57,2021-08-05 10:59:14,Carlton Ave & Flushing Ave,4732,Clark St & Henry St,4789,40.697787,-73.973736,40.69760127,-73.99344559,member
1160668,8DE88569BF8455BE,electric_bike,2021-08-07 10:01:37,2021-08-07 10:05:13,Henry St & Remsen St,4645,Clark St & Henry St,4789,40.69400964865994,-73.99465128779411,40.69760127,-73.99344559,casual
1160681,FF64571C718095D9,classic_bike,2021-08-31 21:32:15,2021-08-31 21:36:45,Henry St & Remsen St,4645,Clark St & Henry St,4789,40.69400964865994,-73.99465128779411,40.69760127,-73.99344559,member
1160694,583B7E26D1C6F766,electric_bike,2021-08-13 19:48:15,2021-08-13 20:00:01,Clinton Ave & Myrtle Ave,4651,Clark St & Henry St,4789,40.693261,-73.968896,40.69760127,-73.99344559,member
1160697,22FF0304B25C65F1,classic_bike,2021-08-11 18:14:21,2021-08-11 18:16:59,Henry St & Remsen St,4645,Clark St & Henry St,4789,40.69400964865994,-73.99465128779411,40.69760127,-73.99344559,member
1160723,A41AAD4A120233F3,electric_bike,2021-08-27 15:19:54,2021-08-27 15:29:54,Carroll St & Columbia St,4348,Clark St & Henry St,4789,40.6830456,-74.00348559,40.69760127,-73.99344559,member
1160727,2834368E3CE93931,classic_bike,2021-08-26 08:55:13,2021-08-26 09:06:05,Carroll St & Columbia St,4348,Clark St & Henry St,4789,40.6830456,-74.00348559,40.69760127,-73.99344559,member
1160746,7974AAC6F69C1BE5,electric_bike,2021-08-01 12:37:41,2021-08-01 12:58:21,E 25 St & 2 Ave,6046,Clark St & Henry St,4789,40.73912601,-73.97973776,40.69760127,-73.99344559,member
1160756,F046E6432535BBFC,classic_bike,2021-08-29 19:30:49,2021-08-29 19:42:23,Court St & State St,4488,Clark St & Henry St,4789,40.6902375,-73.99203074,40.69760127,-73.99344559,casual
1160758,3965C18A56C5E17F,classic_bike,2021-08-30 10:33:11,2021-08-30 10:47:27,President St & 4 Ave,4101,Clark St & Henry St,4789,40.676757,-73.983262,40.69760127,-73.99344559,member
1160759,67D3F30703297A1D,classic_bike,2021-08-07 15:36:01,2021-08-07 16:07:10,Commerce St & Van Brunt St,4243,Clark St & Henry St,4789,40.6812117,-74.00860912,40.69760127,-73.99344559,member
1160768,89F7A6A3B2904D14,classic_bike,2021-08-18 18:48:31,2021-08-18 19:06:34,Delancey St & Eldridge St,5414,Clark St & Henry St,4789,40.719383,-73.991479,40.69760127,-73.99344559,member
1160769,079ED2BC2A93E96F,classic_bike,2021-08-12 11:41:15,2021-08-12 11:47:28,Court St & State St,4488,Clark St & Henry St,4789,40.6902375,-73.99203074,40.69760127,-73.99344559,member
1160770,FA9AFA597D500F8A,classic_bike,2021-08-25 16:23:34,2021-08-25 16:52:50,7 Ave & Park Pl,4125,Clark St & Henry St,4789,40.6776147,-73.97324283,40.69760127,-73.99344559,member
1160779,E7A680FD89AC63FD,classic_bike,2021-08-16 19:14:25,2021-08-16 19:52:22,E 56 St & 3 Ave,6691,Clark St & Henry St,4789,40.75934501,-73.96759673,40.69760127,-73.99344559,casual
1160791,5502EA6326CE2833,classic_bike,2021-08-04 16:13:43,2021-08-04 16:26:49,Atlantic Ave & Fort Greene Pl,4354,Clark St & Henry St,4789,40.68382604,-73.97632328,40.69760127,-73.99344559,casual
1160793,E6F2A940AED96A04,classic_bike,2021-08-29 18:21:30,2021-08-29 18:43:46,Atlantic Ave & Fort Greene Pl,4354,Clark St & Henry St,4789,40.68382604,-73.97632328,40.69760127,-73.99344559,member
1160874,4A9164EE3659D434,electric_bike,2021-08-30 20:04:05,2021-08-30 20:29:58,E 7 St & Avenue A,5626,Clark St & Henry St,4789,40.72621788,-73.98379855,40.69760127,-73.99344559,member
1160893,43E2E1ECDA5A6E68,classic_bike,2021-08-10 12:01:15,2021-08-10 12:17:08,Atlantic Ave & Furman St,4614,Clark St & Henry St,4789,40.69165183,-73.9999786,40.69760127,-73.99344559,member
1160902,7E46C1DF516213A2,classic_bike,2021-08-09 08:22:39,2021-08-09 08:28:56,Atlantic Ave & Furman St,4614,Clark St & Henry St,4789,40.69165183,-73.9999786,40.69760127,-73.99344559,member
1160911,DD3FDAE5E081ADDC,classic_bike,2021-08-12 19:29:42,2021-08-12 20:03:12,W 15 St & 6 Ave,5989,Clark St & Henry St,4789,40.738046142482766,-73.99642959237099,40.69760127,-73.99344559,member
1160946,B317FC3C8A54BCBB,classic_bike,2021-08-25 17:32:05,2021-08-25 17:45:04,St Marks Pl & 4 Ave,4249,Clark St & Henry St,4789,40.68177810928762,-73.97988975048065,40.69760127,-73.99344559,member
1160989,B4E0B5832011B855,classic_bike,2021-08-01 21:58:32,2021-08-01 22:16:59,Pacific St & Classon Ave,4148,Clark St & Henry St,4789,40.6791944,-73.9587903,40.69760127,-73.99344559,casual
1160992,EC58BF7B2178C25F,classic_bike,2021-08-26 18:06:24,2021-08-26 18:35:55,45 St & 4 Ave,3275,Clark St & Henry St,4789,40.649145,-74.009486,40.69760127,-73.99344559,casual
1161012,1C030E5E2BE2B5FA,classic_bike,2021-08-19 12:06:48,2021-08-19 12:24:07,Garfield Pl & 8 Ave,3978,Clark St & Henry St,4789,40.6711978,-73.97484126,40.69760127,-73.99344559,member
1161021,B8C46C67B542FE3D,classic_bike,2021-08-07 16:43:47,2021-08-07 16:54:25,Brooklyn Bridge Park - Pier 2,4756,Clark St & Henry St,4789,40.698458,-73.997178,40.69760127,-73.99344559,member
1161022,7AA94F3BA4ECB8E4,classic_bike,2021-08-20 07:41:04,2021-08-20 07:48:38,Brooklyn Bridge Park - Pier 2,4756,Clark St & Henry St,4789,40.698458,-73.997178,40.69760127,-73.99344559,member
1161026,93A8BC2CD32F557A,classic_bike,2021-08-21 11:39:27,2021-08-21 12:13:36,Bus Slip & State St,4889,Clark St & Henry St,4789,40.701907,-74.013942,40.69760127,-73.99344559,casual
1161030,71B8D6F43544F4EF,classic_bike,2021-08-28 18:27:17,2021-08-28 18:46:27,3 St & Hoyt St,4110,Clark St & Henry St,4789,40.6777287,-73.99364123,40.69760127,-73.99344559,member
1161045,2A515142C999308C,electric_bike,2021-08-23 11:44:35,2021-08-23 11:59:10,Garfield Pl & 8 Ave,3978,Clark St & Henry St,4789,40.6711978,-73.97484126,40.69760127,-73.99344559,member
1161052,05C698C2B0D8D85A,classic_bike,2021-08-27 00:24:33,2021-08-27 00:32:05,Sands St & Jay St,4821,Clark St & Henry St,4789,40.700119,-73.9862,40.69760127,-73.99344559,member
1161071,5CC16CFF34C9D9C8,electric_bike,2021-08-27 13:38:58,2021-08-27 13:43:02,Sands St & Jay St,4821,Clark St & Henry St,4789,40.700119,-73.9862,40.69760127,-73.99344559,member
1161084,F42866B60A4946A3,classic_bike,2021-08-18 20:24:18,2021-08-18 20:32:23,Front St & Gold St,4927,Clark St & Henry St,4789,40.70224,-73.982578,40.69760127,-73.99344559,member
1161087,568B639537A77A52,electric_bike,2021-08-16 15:30:49,2021-08-16 15:43:09,Pioneer St & Richards St,4128,Clark St & Henry St,4789,40.6777748,-74.0094613,40.69760127,-73.99344559,member
1161097,CF77062DAA8ECC87,classic_bike,2021-08-23 18:32:13,2021-08-23 18:46:38,Allen St & Hester St,5342,Clark St & Henry St,4789,40.71605866,-73.99190759,40.69760127,-73.99344559,member
1161101,E8913F8BC61C6820,classic_bike,2021-08-08 16:07:51,2021-08-08 16:28:39,Allen St & Hester St,5342,Clark St & Henry St,4789,40.71605866,-73.99190759,40.69760127,-73.99344559,member
1161125,9F5A399A71FA6C73,classic_bike,2021-08-16 18:59:29,2021-08-16 19:14:16,Forsyth St\t& Grand St,5382,Clark St & Henry St,4789,40.71779817737835,-73.99316132068634,40.69760127,-73.99344559,member
1161127,3BA1C5D6B25ADE6B,electric_bike,2021-08-29 17:22:27,2021-08-29 17:53:39,John St & William St,5065,Clark St & Henry St,4789,40.70862144,-74.00722156,40.69760127,-73.99344559,member
1161133,583B717B527B278B,classic_bike,2021-08-02 19:14:32,2021-08-02 19:29:11,Forsyth St\t& Grand St,5382,Clark St & Henry St,4789,40.71779817737835,-73.99316132068634,40.69760127,-73.99344559,member
1161148,D54DF7476B9F70DE,classic_bike,2021-08-01 14:13:19,2021-08-01 14:16:57,Fulton St & Adams St,4637,Clark St & Henry St,4789,40.69241829257847,-73.98949474096298,40.69760127,-73.99344559,member
1161149,880D8AB5796548DB,classic_bike,2021-08-11 18:48:25,2021-08-11 18:53:04,Fulton St & Adams St,4637,Clark St & Henry St,4789,40.69241829257847,-73.98949474096298,40.69760127,-73.99344559,member
1161152,D5DA7802D79426FA,electric_bike,2021-08-05 17:22:24,2021-08-05 17:40:22,3 St & 7 Ave,3905,Clark St & Henry St,4789,40.6703837,-73.97839676,40.69760127,-73.99344559,casual
1161164,F7994B5C7B498BDF,electric_bike,2021-08-28 10:18:48,2021-08-28 10:33:21,Cleveland Pl & Spring St,5492,Clark St & Henry St,4789,40.722103786686034,-73.99724900722504,40.69760127,-73.99344559,casual
1161171,63778F13CFBF75AF,electric_bike,2021-08-18 09:08:10,2021-08-18 09:22:27,Cleveland Pl & Spring St,5492,Clark St & Henry St,4789,40.722103786686034,-73.99724900722504,40.69760127,-73.99344559,member
1161174,7C32F2830C6E4AD7,classic_bike,2021-08-06 13:48:04,2021-08-06 14:07:11,Bergen St & Flatbush Ave,4281,Clark St & Henry St,4789,40.680944723477296,-73.97567331790923,40.69760127,-73.99344559,member
1161219,C6175574633D7E50,classic_bike,2021-08-28 22:40:37,2021-08-28 22:50:35,Kane St & Clinton St,4455,Clark St & Henry St,4789,40.6861758,-73.99645295,40.69760127,-73.99344559,member
1161220,502C26FBE7675268,classic_bike,2021-08-13 20:03:58,2021-08-13 20:06:15,Hicks St & Montague St,4645,Clark St & Henry St,4789,40.69512845,-73.99595065,40.69760127,-73.99344559,member
1161225,ED7E3AD7BBB8919B,electric_bike,2021-08-20 12:05:16,2021-08-20 12:33:47,Pershing Square South,6432,Clark St & Henry St,4789,40.751581,-73.97791,40.69760127,-73.99344559,member
1161232,16097BC274DF9843,classic_bike,2021-08-06 09:07:15,2021-08-06 09:17:52,Court St & Nelson St,4077,Clark St & Henry St,4789,40.6763947,-73.99869893,40.69760127,-73.99344559,member
1161294,1AB58C9970290EC4,classic_bike,2021-08-15 23:35:43,2021-08-15 23:42:30,Atlantic Ave & Furman St,4614,Clark St & Henry St,4789,40.69165183,-73.9999786,40.69760127,-73.99344559,member
1161301,BA38651F6037F94F,electric_bike,2021-08-07 20:30:09,2021-08-07 20:40:39,Adelphi St & Myrtle Ave,4620,Clark St & Henry St,4789,40.69308257,-73.97178913,40.69760127,-73.99344559,member
1161306,868D0322767B63D3,classic_bike,2021-08-13 10:58:33,2021-08-13 11:10:08,Hoyt St & Warren St,4330,Clark St & Henry St,4789,40.6843549,-73.98901629,40.69760127,-73.99344559,member
1161307,68182FF7AEF385FE,classic_bike,2021-08-18 21:05:25,2021-08-18 21:07:08,Henry St & Middagh St,4861,Clark St & Henry St,4789,40.7003,-73.991581,40.69760127,-73.99344559,member
1161308,0DC39C42438B2651,classic_bike,2021-08-18 21:10:13,2021-08-18 21:12:26,Henry St & Middagh St,4861,Clark St & Henry St,4789,40.7003,-73.991581,40.69760127,-73.99344559,member
1161309,15FB25F9C092DA12,classic_bike,2021-08-09 12:35:07,2021-08-09 12:37:55,Henry St & Middagh St,4861,Clark St & Henry St,4789,40.7003,-73.991581,40.69760127,-73.99344559,member
1161311,0CFE3747776D6404,classic_bike,2021-08-20 18:23:29,2021-08-20 18:25:04,Henry St & Middagh St,4861,Clark St & Henry St,4789,40.7003,-73.991581,40.69760127,-73.99344559,member
1161312,3850698330C5CC4C,classic_bike,2021-08-19 22:32:38,2021-08-19 22:34:13,Henry St & Middagh St,4861,Clark St & Henry St,4789,40.7003,-73.991581,40.69760127,-73.99344559,member
1161317,F585B70331234D56,classic_bike,2021-08-12 22:02:21,2021-08-12 22:12:34,Henry St & Middagh St,4861,Clark St & Henry St,4789,40.7003,-73.991581,40.69760127,-73.99344559,member
1161318,2C364EA0D4860582,classic_bike,2021-08-18 23:02:39,2021-08-18 23:05:13,Henry St & Middagh St,4861,Clark St & Henry St,4789,40.7003,-73.991581,40.69760127,-73.99344559,member
1161319,4E9719834B1C0EB9,classic_bike,2021-08-18 22:45:18,2021-08-18 22:48:03,Henry St & Middagh St,4861,Clark St & Henry St,4789,40.7003,-73.991581,40.69760127,-73.99344559,member
1161320,A37CE374223BFA42,classic_bike,2021-08-01 14:40:47,2021-08-01 14:43:20,Henry St & Middagh St,4861,Clark St & Henry St,4789,40.7003,-73.991581,40.69760127,-73.99344559,member
1161323,205AD97A41426D47,electric_bike,2021-08-07 17:29:10,2021-08-07 17:32:41,Henry St & Middagh St,4861,Clark St & Henry St,4789,40.7003,-73.991581,40.69760127,-73.99344559,casual
1161333,3F78B4B1F39A6BD7,electric_bike,2021-08-30 18:56:53,2021-08-30 19:19:46,Broadway & E 14 St,5905,Clark St & Henry St,4789,40.73454567,-73.99074142,40.69760127,-73.99344559,member
1161345,3762FFD334685A85,classic_bike,2021-08-07 00:41:54,2021-08-07 00:55:54,Berkeley Pl & 6 Ave,4134,Clark St & Henry St,4789,40.6765304,-73.97846879,40.69760127,-73.99344559,member
1161346,5DFB178165C3FC2D,classic_bike,2021-08-25 09:44:14,2021-08-25 09:46:25,Henry St & Middagh St,4861,Clark St & Henry St,4789,40.7003,-73.991581,40.69760127,-73.99344559,member
1161348,6017CF05EC0C6D38,classic_bike,2021-08-11 07:27:52,2021-08-11 07:29:46,Henry St & Middagh St,4861,Clark St & Henry St,4789,40.7003,-73.991581,40.69760127,-73.99344559,member
1161349,19BFE0BB93E4BF6D,classic_bike,2021-08-12 22:14:17,2021-08-12 22:16:47,Henry St & Middagh St,4861,Clark St & Henry St,4789,40.7003,-73.991581,40.69760127,-73.99344559,member
1161350,607772287140A8F8,classic_bike,2021-08-23 15:15:54,2021-08-23 15:18:14,Henry St & Middagh St,4861,Clark St & Henry St,4789,40.7003,-73.991581,40.69760127,-73.99344559,member
1161355,851997526C2743AF,classic_bike,2021-08-17 20:31:55,2021-08-17 20:34:26,Henry St & Middagh St,4861,Clark St & Henry St,4789,40.7003,-73.991581,40.69760127,-73.99344559,casual
1161374,BBA226DB74B7F853,classic_bike,2021-08-17 22:04:08,2021-08-17 22:14:48,Myrtle Ave & St Edwards St,4659,Clark St & Henry St,4789,40.69327018,-73.97703874,40.69760127,-73.99344559,member
1161380,EF4AAB6766D71811,classic_bike,2021-08-21 13:47:44,2021-08-21 13:49:47,Henry St & Middagh St,4861,Clark St & Henry St,4789,40.7003,-73.991581,40.69760127,-73.99344559,member
1161381,A48488CAF2C25823,electric_bike,2021-08-28 10:57:34,2021-08-28 10:59:14,Henry St & Middagh St,4861,Clark St & Henry St,4789,40.7003,-73.991581,40.69760127,-73.99344559,member
1161383,3E4B7BB26939E9EC,electric_bike,2021-08-13 09:05:16,2021-08-13 09:07:01,Henry St & Middagh St,4861,Clark St & Henry St,4789,40.7003,-73.991581,40.69760127,-73.99344559,member
1161388,7825AD23B3E5F1A0,classic_bike,2021-08-20 09:11:09,2021-08-20 09:27:03,23 St & 3 Ave,3707,Clark St & Henry St,4789,40.662611,-73.998623,40.69760127,-73.99344559,member
1161410,6DEADFA1CCE31F41,classic_bike,2021-08-26 12:45:50,2021-08-26 13:00:28,Forsyth St & Canal St,5270,Clark St & Henry St,4789,40.7158155,-73.99422366,40.69760127,-73.99344559,member
1161413,280FC65EA7A0EC0F,classic_bike,2021-08-17 20:05:04,2021-08-17 20:08:55,Clinton St & Joralemon St,4605,Clark St & Henry St,4789,40.69239502,-73.99337909,40.69760127,-73.99344559,member
1161414,D9A9D4655614509B,classic_bike,2021-08-20 16:35:01,2021-08-20 17:00:58,Union St & Bedford Ave,3879,Clark St & Henry St,4789,40.6691783,-73.9554162,40.69760127,-73.99344559,member
1161420,B175DA634BB5E13D,electric_bike,2021-08-29 10:55:43,2021-08-29 10:58:07,Clinton St & Joralemon St,4605,Clark St & Henry St,4789,40.69239502,-73.99337909,40.69760127,-73.99344559,member
1161421,82F616F336646065,classic_bike,2021-08-19 23:05:05,2021-08-19 23:21:13,Forsyth St & Canal St,5270,Clark St & Henry St,4789,40.7158155,-73.99422366,40.69760127,-73.99344559,member
1161422,7EBEC0768613C2B8,classic_bike,2021-08-02 12:30:00,2021-08-02 12:34:18,Clinton St & Joralemon St,4605,Clark St & Henry St,4789,40.69239502,-73.99337909,40.69760127,-73.99344559,member
1161423,2A57CAA48400E6BA,classic_bike,2021-08-08 16:56:13,2021-08-08 17:01:13,Clinton St & Joralemon St,4605,Clark St & Henry St,4789,40.69239502,-73.99337909,40.69760127,-73.99344559,member
1161432,5546CE00C7B19A63,classic_bike,2021-08-23 20:44:26,2021-08-23 20:46:17,Henry St & Middagh St,4861,Clark St & Henry St,4789,40.7003,-73.991581,40.69760127,-73.99344559,member
1161433,45527581747CE1EC,classic_bike,2021-08-09 15:25:38,2021-08-09 15:27:43,Henry St & Middagh St,4861,Clark St & Henry St,4789,40.7003,-73.991581,40.69760127,-73.99344559,member
1161434,D1B991B76DC7A507,classic_bike,2021-08-09 15:34:28,2021-08-09 15:36:46,Henry St & Middagh St,4861,Clark St & Henry St,4789,40.7003,-73.991581,40.69760127,-73.99344559,member
1161435,3523A1C0FC1E663E,classic_bike,2021-08-09 16:15:41,2021-08-09 16:17:51,Henry St & Middagh St,4861,Clark St & Henry St,4789,40.7003,-73.991581,40.69760127,-73.99344559,member
1161436,F504B53712CD8F67,classic_bike,2021-08-09 16:07:56,2021-08-09 16:10:09,Henry St & Middagh St,4861,Clark St & Henry St,4789,40.7003,-73.991581,40.69760127,-73.99344559,member
1161437,6FB52C4EF4023B79,classic_bike,2021-08-25 16:26:20,2021-08-25 16:28:35,Henry St & Middagh St,4861,Clark St & Henry St,4789,40.7003,-73.991581,40.69760127,-73.99344559,member
1161439,486651C3ACB0B4AB,classic_bike,2021-08-11 09:33:24,2021-08-11 09:35:48,Henry St & Middagh St,4861,Clark St & Henry St,4789,40.7003,-73.991581,40.69760127,-73.99344559,member
1161440,539BEE33C466EB4D,classic_bike,2021-08-14 19:00:29,2021-08-14 19:02:24,Henry St & Middagh St,4861,Clark St & Henry St,4789,40.7003,-73.991581,40.69760127,-73.99344559,member
1161442,21906B62D270400D,electric_bike,2021-08-29 10:40:39,2021-08-29 10:44:20,Henry St & Middagh St,4861,Clark St & Henry St,4789,40.7003,-73.991581,40.69760127,-73.99344559,casual
1161463,86EA0B99A074C3DD,electric_bike,2021-08-22 00:31:55,2021-08-22 01:04:19,Clinton St\t& Cherry St,5190,Clark St & Henry St,4789,40.711471394469264,-73.98672603070736,40.69760127,-73.99344559,member
1161467,8CED66119D0FA463,classic_bike,2021-08-30 11:05:25,2021-08-30 11:23:26,Plaza St West & Flatbush Ave,4010,Clark St & Henry St,4789,40.6750207,-73.97111473,40.69760127,-73.99344559,member
1161476,667895417253AB42,classic_bike,2021-08-11 17:25:03,2021-08-11 17:57:06,Stanton St & Chrystie St,5523,Clark St & Henry St,4789,40.72229346,-73.99147535,40.69760127,-73.99344559,member
1161477,0026FA07CFC3C62E,classic_bike,2021-08-30 17:59:36,2021-08-30 18:02:07,Cadman Plaza E & Tillary St,4677,Clark St & Henry St,4789,40.69597683,-73.99014892,40.69760127,-73.99344559,member
1161499,79F2A4CC5C1362EB,electric_bike,2021-08-01 18:03:47,2021-08-01 18:25:33,Berry St & N 8 St,5379,Clark St & Henry St,4789,40.7190095,-73.95852515,40.69760127,-73.99344559,member
1161512,346411FA948F25D2,classic_bike,2021-08-07 02:13:15,2021-08-07 02:40:03,Berry St & N 8 St,5379,Clark St & Henry St,4789,40.7190095,-73.95852515,40.69760127,-73.99344559,casual
1161549,C2D282BF36B08AB8,electric_bike,2021-08-24 16:15:33,2021-08-24 16:42:02,W 42 St & 6 Ave,6517,Clark St & Henry St,4789,40.75492,-73.98455,40.69760127,-73.99344559,member
1161566,6FA68E9657219C27,classic_bike,2021-08-13 15:40:50,2021-08-13 15:43:04,Henry St & Middagh St,4861,Clark St & Henry St,4789,40.7003,-73.991581,40.69760127,-73.99344559,member
1161567,A9095BBAB3E252B1,classic_bike,2021-08-24 15:12:08,2021-08-24 15:14:37,Henry St & Middagh St,4861,Clark St & Henry St,4789,40.7003,-73.991581,40.69760127,-73.99344559,member
1161568,65112E933A202C86,electric_bike,2021-08-17 15:57:01,2021-08-17 16:12:53,7 St & 3 Ave,3996,Clark St & Henry St,4789,40.67260298150126,-73.98983001708984,40.69760127,-73.99344559,member
1161574,E0B4CB8262CCE441,classic_bike,2021-08-25 17:50:00,2021-08-25 17:51:49,Clinton St & Tillary St,4748,Clark St & Henry St,4789,40.69623297129316,-73.99142056703568,40.69760127,-73.99344559,member
1161605,D625E3C3C0B2DC1F,classic_bike,2021-08-03 14:43:20,2021-08-03 14:44:30,Clinton St & Tillary St,4748,Clark St & Henry St,4789,40.69623297129316,-73.99142056703568,40.69760127,-73.99344559,member
1161606,FE3066B8A7E47249,classic_bike,2021-08-03 14:39:40,2021-08-03 14:40:47,Clinton St & Tillary St,4748,Clark St & Henry St,4789,40.69623297129316,-73.99142056703568,40.69760127,-73.99344559,member
1161628,23DE3B4EA01B8917,electric_bike,2021-08-16 13:55:13,2021-08-16 14:00:59,Willoughby St & Fleet St,4628,Clark St & Henry St,4789,40.69196566,-73.9813018,40.69760127,-73.99344559,member
1161631,44D6125186F0D2C7,classic_bike,2021-08-23 17:08:50,2021-08-23 17:10:12,Clinton St & Tillary St,4748,Clark St & Henry St,4789,40.69623297129316,-73.99142056703568,40.69760127,-73.99344559,member
1161632,1ABF9852730681EE,classic_bike,2021-08-23 17:02:37,2021-08-23 17:04:06,Clinton St & Tillary St,4748,Clark St & Henry St,4789,40.69623297129316,-73.99142056703568,40.69760127,-73.99344559,member
1161633,618A981B56536609,classic_bike,2021-08-23 17:05:34,2021-08-23 17:06:59,Clinton St & Tillary St,4748,Clark St & Henry St,4789,40.69623297129316,-73.99142056703568,40.69760127,-73.99344559,member
1161634,AAF76B0B17F11FCC,classic_bike,2021-08-03 15:06:23,2021-08-03 15:08:08,Clinton St & Tillary St,4748,Clark St & Henry St,4789,40.69623297129316,-73.99142056703568,40.69760127,-73.99344559,member
1161635,CDB61E6F50F710CE,classic_bike,2021-08-03 15:01:23,2021-08-03 15:03:04,Clinton St & Tillary St,4748,Clark St & Henry St,4789,40.69623297129316,-73.99142056703568,40.69760127,-73.99344559,member
1161636,ACFCA3EF12E1C601,classic_bike,2021-08-03 15:13:27,2021-08-03 15:15:04,Clinton St & Tillary St,4748,Clark St & Henry St,4789,40.69623297129316,-73.99142056703568,40.69760127,-73.99344559,member
1161637,24547F19A7D1D719,classic_bike,2021-08-03 14:57:12,2021-08-03 14:58:19,Clinton St & Tillary St,4748,Clark St & Henry St,4789,40.69623297129316,-73.99142056703568,40.69760127,-73.99344559,member
1161638,22D015EA99DCBB8D,classic_bike,2021-08-18 13:18:31,2021-08-18 13:38:50,Clinton St & Tillary St,4748,Clark St & Henry St,4789,40.69623297129316,-73.99142056703568,40.69760127,-73.99344559,member
1161639,525E1F65ABFC5900,classic_bike,2021-08-23 17:17:10,2021-08-23 17:42:32,Prospect Park W & 20 St,3507,Clark St & Henry St,4789,40.656633,-73.983864,40.69760127,-73.99344559,member
1161642,474F0401D24B1B4D,electric_bike,2021-08-12 16:10:49,2021-08-12 16:22:05,Hanson Pl & Ashland Pl,4395,Clark St & Henry St,4789,40.68506807308177,-73.97790759801863,40.69760127,-73.99344559,member
1161644,86BF1503BA320281,classic_bike,2021-08-26 20:36:43,2021-08-26 20:49:51,Hanson Pl & Ashland Pl,4395,Clark St & Henry St,4789,40.68506807308177,-73.97790759801863,40.69760127,-73.99344559,member
1161685,BA15A083816C9143,electric_bike,2021-08-24 22:59:46,2021-08-24 23:12:28,Clinton St\t& Cherry St,5190,Clark St & Henry St,4789,40.711471394469264,-73.98672603070736,40.69760127,-73.99344559,member
1161688,9AB4A230BA4F8EC1,classic_bike,2021-08-03 17:05:59,2021-08-03 17:26:10,Clinton St & Grand St,5303,Clark St & Henry St,4789,40.71559509,-73.9870295,40.69760127,-73.99344559,casual
1161697,AC10CCF325044CDE,classic_bike,2021-08-13 22:27:20,2021-08-13 22:47:50,Clinton St\t& Cherry St,5190,Clark St & Henry St,4789,40.711471394469264,-73.98672603070736,40.69760127,-73.99344559,member
1161698,C208F87FBF80F809,classic_bike,2021-08-30 02:22:47,2021-08-30 02:45:20,Clinton St\t& Cherry St,5190,Clark St & Henry St,4789,40.711471394469264,-73.98672603070736,40.69760127,-73.99344559,member
1161702,D448677592B3EF69,classic_bike,2021-08-14 10:13:19,2021-08-14 10:16:56,Clinton St & Joralemon St,4605,Clark St & Henry St,4789,40.69239502,-73.99337909,40.69760127,-73.99344559,member
1161705,22831A7EA81E8956,classic_bike,2021-08-06 19:59:14,2021-08-06 20:17:03,Forsyth St & Canal St,5270,Clark St & Henry St,4789,40.7158155,-73.99422366,40.69760127,-73.99344559,casual
1161706,142D62B1F30017D8,classic_bike,2021-08-17 17:38:23,2021-08-17 17:42:19,Clinton St & Joralemon St,4605,Clark St & Henry St,4789,40.69239502,-73.99337909,40.69760127,-73.99344559,casual
1161708,5A6614AD2697910B,classic_bike,2021-08-05 19:49:31,2021-08-05 20:07:10,Prospect Park W & 20 St,3507,Clark St & Henry St,4789,40.656633,-73.983864,40.69760127,-73.99344559,member
1161710,6EF83C41C7EDC63A,classic_bike,2021-08-30 16:03:40,2021-08-30 16:04:59,Clinton St & Tillary St,4748,Clark St & Henry St,4789,40.69623297129316,-73.99142056703568,40.69760127,-73.99344559,member
1161738,A079868B178CCD62,electric_bike,2021-08-31 14:02:24,2021-08-31 14:13:28,Forsyth St\t& Grand St,5382,Clark St & Henry St,4789,40.71779817737835,-73.99316132068634,40.69760127,-73.99344559,member
1161768,054E0EFD11BD60C6,classic_bike,2021-08-02 17:31:25,2021-08-02 17:48:34,Rivington St & Chrystie St,5453,Clark St & Henry St,4789,40.72110063,-73.9919254,40.69760127,-73.99344559,member
1161811,B32C89488B648162,electric_bike,2021-08-26 07:40:19,2021-08-26 07:46:29,Warren St & Court St,4413,Clark St & Henry St,4789,40.686371,-73.99383324,40.69760127,-73.99344559,member
1161830,B8819B65B63560E6,classic_bike,2021-08-08 17:54:00,2021-08-08 18:02:16,Front St & Gold St,4927,Clark St & Henry St,4789,40.70224,-73.982578,40.69760127,-73.99344559,member
1161833,99E59B76ADAE91D4,electric_bike,2021-08-19 23:58:44,2021-08-20 00:09:38,Pike St & E Broadway,5270,Clark St & Henry St,4789,40.71406667,-73.99293911,40.69760127,-73.99344559,member
1161840,5F15732A6C71C112,classic_bike,2021-08-19 00:07:31,2021-08-19 00:15:20,Warren St & Court St,4413,Clark St & Henry St,4789,40.686371,-73.99383324,40.69760127,-73.99344559,casual
1161845,0533AFCFB02277A0,electric_bike,2021-08-12 20:19:23,2021-08-12 20:31:05,Pike St & E Broadway,5270,Clark St & Henry St,4789,40.71406667,-73.99293911,40.69760127,-73.99344559,member
1161850,03AF44E2DA753BDD,classic_bike,2021-08-10 16:23:55,2021-08-10 16:56:21,1 Ave & E 30 St,6079,Clark St & Henry St,4789,40.74144387,-73.97536082,40.69760127,-73.99344559,member
1161853,A4D85FD9E6CD0D21,docked_bike,2021-08-03 18:38:17,2021-08-03 18:53:41,Warren St & Court St,4413,Clark St & Henry St,4789,40.686371,-73.993833,40.697601,-73.993446,casual
1161857,13425D33B8977C5F,classic_bike,2021-08-11 20:43:21,2021-08-11 20:51:27,Warren St & Court St,4413,Clark St & Henry St,4789,40.686371,-73.99383324,40.69760127,-73.99344559,member
1161867,67E70F475D3EC6C0,classic_bike,2021-08-18 19:17:13,2021-08-18 19:32:26,Lispenard St & Broadway,5391,Clark St & Henry St,4789,40.71939226,-74.00247214,40.69760127,-73.99344559,member
1161868,A69875B1ECF6BEBF,classic_bike,2021-08-16 19:15:26,2021-08-16 19:32:38,Lispenard St & Broadway,5391,Clark St & Henry St,4789,40.71939226,-74.00247214,40.69760127,-73.99344559,member
1161869,8055031B1E67E574,classic_bike,2021-08-03 18:43:30,2021-08-03 19:00:04,Lispenard St & Broadway,5391,Clark St & Henry St,4789,40.71939226,-74.00247214,40.69760127,-73.99344559,member
1161894,72FE840699B380FB,classic_bike,2021-08-09 21:44:15,2021-08-09 21:53:34,Warren St & Court St,4413,Clark St & Henry St,4789,40.686371,-73.99383324,40.69760127,-73.99344559,casual
1161900,64D4DE9C3B1EABF1,electric_bike,2021-08-16 12:36:54,2021-08-16 12:57:18,4 Ave & E 12 St,5788,Clark St & Henry St,4789,40.732647,-73.99011,40.69760127,-73.99344559,member
1161955,2DA0D1A5B7307D16,classic_bike,2021-08-20 09:04:29,2021-08-20 09:06:03,Pierrepont St & Monroe Pl,4718,Clark St & Henry St,4789,40.69535693320225,-73.99344027042389,40.69760127,-73.99344559,member
1161958,D4F04E5CCF617D04,classic_bike,2021-08-27 17:02:04,2021-08-27 17:03:28,Pierrepont St & Monroe Pl,4718,Clark St & Henry St,4789,40.69535693320225,-73.99344027042389,40.69760127,-73.99344559,member
1161967,25D3A39D685F6975,electric_bike,2021-08-29 09:07:26,2021-08-29 09:22:01,E 2 St & 2 Ave,5593,Clark St & Henry St,4789,40.72502876,-73.99069656,40.69760127,-73.99344559,member
1161969,4DB799BA6874A0B2,classic_bike,2021-08-16 23:36:43,2021-08-16 23:45:27,Warren St & Court St,4413,Clark St & Henry St,4789,40.686371,-73.99383324,40.69760127,-73.99344559,casual
1161971,B2905782C353865D,classic_bike,2021-08-21 13:07:46,2021-08-21 13:34:41,3 St & 7 Ave,3905,Clark St & Henry St,4789,40.6703837,-73.97839676,40.69760127,-73.99344559,member
1161984,2E3886228C6055A4,electric_bike,2021-08-13 17:28:00,2021-08-13 17:34:42,Pierrepont St & Monroe Pl,4718,Clark St & Henry St,4789,40.69535693320225,-73.99344027042389,40.69760127,-73.99344559,member
1161985,707D7B1BED812EAB,electric_bike,2021-08-30 16:04:24,2021-08-30 16:06:50,Pierrepont St & Monroe Pl,4718,Clark St & Henry St,4789,40.69535693320225,-73.99344027042389,40.69760127,-73.99344559,member
1162019,17FA5A7560779224,classic_bike,2021-08-18 15:09:22,2021-08-18 15:11:42,Pierrepont St & Monroe Pl,4718,Clark St & Henry St,4789,40.69535693320225,-73.99344027042389,40.69760127,-73.99344559,member
1162035,06CA472758851DA0,classic_bike,2021-08-02 22:56:15,2021-08-02 23:08:23,Clinton Ave & Flushing Ave,4762,Clark St & Henry St,4789,40.69794,-73.96986848,40.69760127,-73.99344559,member
1162077,8859E8B43A93A47C,classic_bike,2021-08-26 20:12:52,2021-08-26 20:24:09,Clinton Ave & Flushing Ave,4762,Clark St & Henry St,4789,40.69794,-73.96986848,40.69760127,-73.99344559,member
1162078,A17E835610236509,electric_bike,2021-08-15 19:25:15,2021-08-15 19:39:48,Fulton St & Broadway,5175,Clark St & Henry St,4789,40.711066,-74.009447,40.69760127,-73.99344559,member
1162083,986369516E064B5C,classic_bike,2021-08-04 07:18:46,2021-08-04 07:39:43,3 Ave & 17 St,3779,Clark St & Henry St,4789,40.666168,-73.995549,40.69760127,-73.99344559,member
1162093,CD8A0C72CC3D08D6,electric_bike,2021-08-15 12:09:54,2021-08-15 12:52:15,Fulton St & Broadway,5175,Clark St & Henry St,4789,40.711066,-74.009447,40.69760127,-73.99344559,casual
1162101,32105077F79FF6FD,classic_bike,2021-08-15 12:09:30,2021-08-15 12:52:30,Fulton St & Broadway,5175,Clark St & Henry St,4789,40.711066,-74.009447,40.69760127,-73.99344559,casual
1162131,8E7A67BEB51A2FF2,electric_bike,2021-08-04 22:18:02,2021-08-04 22:37:16,Madison St & Montgomery St,5262,Clark St & Henry St,4789,40.713126,-73.984844,40.69760127,-73.99344559,casual
1162151,7B4CDF2BDED16A5D,classic_bike,2021-08-17 10:05:32,2021-08-17 10:24:31,Union St & Nevins St,4143,Clark St & Henry St,4789,40.67909799721684,-73.98765474557877,40.69760127,-73.99344559,member
1162164,0FB5B1749D660F3A,classic_bike,2021-08-23 17:05:20,2021-08-23 17:44:14,E 53 St & Lexington Ave,6617,Clark St & Henry St,4789,40.75828065,-73.97069431,40.69760127,-73.99344559,member
1162171,F96019CAE6891C24,classic_bike,2021-08-15 12:27:52,2021-08-15 12:42:50,Adelphi St & Myrtle Ave,4620,Clark St & Henry St,4789,40.69308257,-73.97178913,40.69760127,-73.99344559,member
1162184,47FDBBF9FFC11A20,electric_bike,2021-08-25 22:34:31,2021-08-26 01:08:54,Myrtle Ave & Marcy Ave,4707,Clark St & Henry St,4789,40.69539817,-73.94954908,40.69760127,-73.99344559,casual
1162189,E41B309EBDD01B5E,classic_bike,2021-08-10 21:38:06,2021-08-10 22:19:07,E 33 St & 1 Ave,6197,Clark St & Henry St,4789,40.74322681432173,-73.97449783980846,40.69760127,-73.99344559,member
1162190,869445E64B3A9586,classic_bike,2021-08-25 17:20:54,2021-08-25 17:40:58,Carroll St & Bond St,4184,Clark St & Henry St,4789,40.6786115,-73.99037292,40.69760127,-73.99344559,member
1162191,609BB81BC708C86A,electric_bike,2021-08-01 18:51:50,2021-08-01 18:53:23,Cadman Plaza E & Tillary St,4677,Clark St & Henry St,4789,40.69597683,-73.99014892,40.69760127,-73.99344559,member
1162192,37EF158B34AF50CD,classic_bike,2021-08-02 15:37:36,2021-08-02 15:39:56,Cadman Plaza E & Tillary St,4677,Clark St & Henry St,4789,40.69597683,-73.99014892,40.69760127,-73.99344559,member
1162193,3E307B486B9C54A8,classic_bike,2021-08-02 15:18:59,2021-08-02 15:21:22,Cadman Plaza E & Tillary St,4677,Clark St & Henry St,4789,40.69597683,-73.99014892,40.69760127,-73.99344559,member
1162194,DDFBE8FFD22E7131,classic_bike,2021-08-02 15:27:41,2021-08-02 15:29:51,Cadman Plaza E & Tillary St,4677,Clark St & Henry St,4789,40.69597683,-73.99014892,40.69760127,-73.99344559,member
1162195,37960D3197151CB0,classic_bike,2021-08-02 12:52:54,2021-08-02 12:56:44,Cadman Plaza E & Tillary St,4677,Clark St & Henry St,4789,40.69597683,-73.99014892,40.69760127,-73.99344559,member
1162196,A9A002DCA87C715E,classic_bike,2021-08-28 14:49:09,2021-08-28 14:51:37,Cadman Plaza E & Tillary St,4677,Clark St & Henry St,4789,40.69597683,-73.99014892,40.69760127,-73.99344559,member
1162203,C2DF9BDF2D530330,classic_bike,2021-08-23 16:52:24,2021-08-23 17:12:32,Stanton St & Chrystie St,5523,Clark St & Henry St,4789,40.72229346,-73.99147535,40.69760127,-73.99344559,member
1162204,FF46B94F9F140C7A,classic_bike,2021-08-24 17:56:43,2021-08-24 17:59:42,Cadman Plaza E & Tillary St,4677,Clark St & Henry St,4789,40.69597683,-73.99014892,40.69760127,-73.99344559,member
1162206,BD60882D644ED6AA,classic_bike,2021-08-06 19:55:26,2021-08-06 19:58:20,Cadman Plaza E & Tillary St,4677,Clark St & Henry St,4789,40.69597683,-73.99014892,40.69760127,-73.99344559,casual
1162214,8D7DDE1BB46BFF5B,classic_bike,2021-08-19 18:22:58,2021-08-19 18:36:24,Centre St & Chambers St,5207,Clark St & Henry St,4789,40.71273266,-74.0046073,40.69760127,-73.99344559,member
1162215,37128F29069B529C,electric_bike,2021-08-16 17:00:33,2021-08-16 17:23:43,Bleecker St & Crosby St,5679,Clark St & Henry St,4789,40.72615604980408,-73.99510189890862,40.69760127,-73.99344559,member
1162217,B24233A389048044,electric_bike,2021-08-15 22:59:35,2021-08-15 23:09:43,Centre St & Chambers St,5207,Clark St & Henry St,4789,40.71273266,-74.0046073,40.69760127,-73.99344559,member
1162219,89164C0FDDC8AD86,docked_bike,2021-08-10 10:58:44,2021-08-10 11:48:00,Centre St & Chambers St,5207,Clark St & Henry St,4789,40.712733,-74.004607,40.697601,-73.993446,casual
1162222,7A046FDCF190F8B2,classic_bike,2021-08-04 16:32:02,2021-08-04 16:44:42,Carroll St & Bond St,4184,Clark St & Henry St,4789,40.6786115,-73.99037292,40.69760127,-73.99344559,casual
1162225,C022E1BE318AB2D0,electric_bike,2021-08-09 15:59:14,2021-08-09 16:08:33,Park Ave & St Edwards St,4700,Clark St & Henry St,4789,40.69608941,-73.97803415,40.69760127,-73.99344559,member
1162230,ED261AFB77EBAABD,classic_bike,2021-08-15 08:48:15,2021-08-15 08:56:55,Front St & Gold St,4927,Clark St & Henry St,4789,40.70224,-73.982578,40.69760127,-73.99344559,casual
1162243,8856F0F2DA1082EC,classic_bike,2021-08-15 18:15:30,2021-08-15 18:22:29,Jay St & York St,4895,Clark St & Henry St,4789,40.70140317257725,-73.98672670125961,40.69760127,-73.99344559,member
1162246,ADCD1F0D995C047E,classic_bike,2021-08-05 19:41:13,2021-08-05 19:56:02,Centre St & Worth St,5279,Clark St & Henry St,4789,40.71494807,-74.00234482,40.69760127,-73.99344559,member
1162247,C844213E6446432E,classic_bike,2021-08-06 18:13:04,2021-08-06 18:27:55,Centre St & Worth St,5279,Clark St & Henry St,4789,40.71494807,-74.00234482,40.69760127,-73.99344559,member
1162249,DA626D7255764093,classic_bike,2021-08-02 11:48:24,2021-08-02 11:53:45,Jay St & York St,4895,Clark St & Henry St,4789,40.70140317257725,-73.98672670125961,40.69760127,-73.99344559,member
1162251,0FEDB3614944A69D,classic_bike,2021-08-18 13:55:11,2021-08-18 15:21:25,Congress St & Clinton St,4455,Clark St & Henry St,4789,40.68825516598005,-73.99545192718506,40.69760127,-73.99344559,casual
1162253,0101BBC3C43F8B16,classic_bike,2021-08-29 16:45:00,2021-08-29 16:52:43,Congress St & Clinton St,4455,Clark St & Henry St,4789,40.68825516598005,-73.99545192718506,40.69760127,-73.99344559,member
1162260,FAE16303305B23C6,classic_bike,2021-08-17 18:07:39,2021-08-17 18:13:11,Congress St & Clinton St,4455,Clark St & Henry St,4789,40.68825516598005,-73.99545192718506,40.69760127,-73.99344559,member
1162261,3B7E4048EADA4A3C,classic_bike,2021-08-28 01:40:56,2021-08-28 01:49:27,Warren St & Smith St,4371,Clark St & Henry St,4789,40.68542400997018,-73.99127773940563,40.69760127,-73.99344559,member
1162264,4CD8905E1483F470,electric_bike,2021-08-17 18:46:30,2021-08-17 18:51:01,Congress St & Clinton St,4455,Clark St & Henry St,4789,40.68825516598005,-73.99545192718506,40.69760127,-73.99344559,member
1162267,3BBEA7C8C00ADCFC,classic_bike,2021-08-02 20:11:47,2021-08-02 20:18:09,Jay St & York St,4895,Clark St & Henry St,4789,40.70140317257725,-73.98672670125961,40.69760127,-73.99344559,member
1162273,689C413BC55F55A7,classic_bike,2021-08-31 19:03:59,2021-08-31 19:24:28,3 Ave & Carroll St,4143,Clark St & Henry St,4789,40.677027,-73.9865,40.69760127,-73.99344559,member
1162274,84BCA79E6E9897E2,classic_bike,2021-08-24 14:48:59,2021-08-24 15:11:17,Hudson St & Reade St,5359,Clark St & Henry St,4789,40.71625008,-74.0091059,40.69760127,-73.99344559,member
1162275,814E53F1E37D11E4,classic_bike,2021-08-29 10:52:12,2021-08-29 11:00:05,Congress St & Clinton St,4455,Clark St & Henry St,4789,40.68825516598005,-73.99545192718506,40.69760127,-73.99344559,member
1162276,8B28295E76970CB6,classic_bike,2021-08-25 21:18:45,2021-08-25 21:34:50,3 Ave & Carroll St,4143,Clark St & Henry St,4789,40.677027,-73.9865,40.69760127,-73.99344559,casual
1162277,6CCF6C26BBB31B1B,electric_bike,2021-08-31 10:58:02,2021-08-31 11:12:23,Baltic St & 5 Ave,4208,Clark St & Henry St,4789,40.6795766,-73.97854971,40.69760127,-73.99344559,casual
1162278,EE4D39927EC495DA,electric_bike,2021-08-08 16:53:52,2021-08-08 16:58:12,Jay St & York St,4895,Clark St & Henry St,4789,40.70140317257725,-73.98672670125961,40.69760127,-73.99344559,member
1162280,F95363C9C5443AAD,classic_bike,2021-08-03 20:05:44,2021-08-03 20:09:42,Fulton St & Adams St,4637,Clark St & Henry St,4789,40.69241829257847,-73.98949474096298,40.69760127,-73.99344559,member
1162283,D02303DD4BDFB08D,classic_bike,2021-08-25 16:20:41,2021-08-25 16:30:26,Warren St & Smith St,4371,Clark St & Henry St,4789,40.68542400997018,-73.99127773940563,40.69760127,-73.99344559,member
1162284,00BC365998680F41,classic_bike,2021-08-01 15:50:55,2021-08-01 16:02:10,Warren St & Smith St,4371,Clark St & Henry St,4789,40.68542400997018,-73.99127773940563,40.69760127,-73.99344559,member
1162287,F750D6C9831ADB3B,electric_bike,2021-08-18 13:05:14,2021-08-18 13:11:51,Congress St & Clinton St,4455,Clark St & Henry St,4789,40.68825516598005,-73.99545192718506,40.69760127,-73.99344559,casual
1162289,3CBBED5D950FD386,classic_bike,2021-08-31 17:49:07,2021-08-31 17:58:27,Warren St & Smith St,4371,Clark St & Henry St,4789,40.68542400997018,-73.99127773940563,40.69760127,-73.99344559,member
1162292,BCF2F3A127ABD0F4,classic_bike,2021-08-15 19:08:59,2021-08-15 19:17:21,Jay St & York St,4895,Clark St & Henry St,4789,40.70140317257725,-73.98672670125961,40.69760127,-73.99344559,casual
1162294,B52A90B8F963AF46,classic_bike,2021-08-04 20:40:20,2021-08-04 20:47:28,Congress St & Clinton St,4455,Clark St & Henry St,4789,40.68825516598005,-73.99545192718506,40.69760127,-73.99344559,member
1162295,5204F4F34BAB1DC0,classic_bike,2021-08-21 12:00:11,2021-08-21 12:14:02,Warren St & Smith St,4371,Clark St & Henry St,4789,40.68542400997018,-73.99127773940563,40.69760127,-73.99344559,member
1162296,B23AC10E4DB47464,classic_bike,2021-08-25 16:01:21,2021-08-25 16:08:03,Jay St & York St,4895,Clark St & Henry St,4789,40.70140317257725,-73.98672670125961,40.69760127,-73.99344559,member
1162298,46B3BEA2502E8754,classic_bike,2021-08-06 12:51:03,2021-08-06 12:57:08,Jay St & York St,4895,Clark St & Henry St,4789,40.70140317257725,-73.98672670125961,40.69760127,-73.99344559,member
1162299,E6E65032208A50E9,classic_bike,2021-08-06 12:32:40,2021-08-06 12:39:04,Jay St & York St,4895,Clark St & Henry St,4789,40.70140317257725,-73.98672670125961,40.69760127,-73.99344559,member
1162300,EB85960D4261A939,classic_bike,2021-08-06 13:08:54,2021-08-06 13:15:39,Jay St & York St,4895,Clark St & Henry St,4789,40.70140317257725,-73.98672670125961,40.69760127,-73.99344559,member
1162302,3CA6BBADD51B0840,classic_bike,2021-08-06 14:16:00,2021-08-06 14:21:36,Jay St & York St,4895,Clark St & Henry St,4789,40.70140317257725,-73.98672670125961,40.69760127,-73.99344559,member
1162308,D7B76F05DACF0654,classic_bike,2021-08-03 15:44:06,2021-08-03 15:51:09,Congress St & Clinton St,4455,Clark St & Henry St,4789,40.68825516598005,-73.99545192718506,40.69760127,-73.99344559,member
1162309,FCF08C9F267738D3,classic_bike,2021-08-29 12:26:57,2021-08-29 12:30:46,Congress St & Clinton St,4455,Clark St & Henry St,4789,40.68825516598005,-73.99545192718506,40.69760127,-73.99344559,member
1162310,EC3344CD01E56126,classic_bike,2021-08-29 12:13:04,2021-08-29 12:19:38,Warren St & Smith St,4371,Clark St & Henry St,4789,40.68542400997018,-73.99127773940563,40.69760127,-73.99344559,member
1162311,E5E4E7299F108124,classic_bike,2021-08-29 12:37:02,2021-08-29 12:41:07,Congress St & Clinton St,4455,Clark St & Henry St,4789,40.68825516598005,-73.99545192718506,40.69760127,-73.99344559,member
1162312,CF18AA4E49756165,classic_bike,2021-08-11 18:49:13,2021-08-11 19:02:16,Centre St & Worth St,5279,Clark St & Henry St,4789,40.71494807,-74.00234482,40.69760127,-73.99344559,member
1162315,ACB0476DA1887C79,classic_bike,2021-08-04 17:43:55,2021-08-04 17:52:04,Congress St & Clinton St,4455,Clark St & Henry St,4789,40.68825516598005,-73.99545192718506,40.69760127,-73.99344559,member
1162316,69905283094D8EB2,classic_bike,2021-08-05 18:56:52,2021-08-05 19:02:29,Congress St & Clinton St,4455,Clark St & Henry St,4789,40.68825516598005,-73.99545192718506,40.69760127,-73.99344559,member
1162321,67C5C241CF755271,classic_bike,2021-08-11 10:59:41,2021-08-11 11:30:04,Hudson St & Reade St,5359,Clark St & Henry St,4789,40.71625008,-74.0091059,40.69760127,-73.99344559,casual
1162322,BBF79DE0C05A4321,electric_bike,2021-08-02 15:38:22,2021-08-02 15:50:32,Bay St & Court St,3931,Clark St & Henry St,4789,40.671409,-74.001328,40.69760127,-73.99344559,casual
1162325,30E83EC2370F3F60,electric_bike,2021-08-13 15:15:11,2021-08-13 15:19:24,Congress St & Clinton St,4455,Clark St & Henry St,4789,40.68825516598005,-73.99545192718506,40.69760127,-73.99344559,member
1162326,1BA23AC4FEECD662,classic_bike,2021-08-13 14:53:20,2021-08-13 14:59:33,Congress St & Clinton St,4455,Clark St & Henry St,4789,40.68825516598005,-73.99545192718506,40.69760127,-73.99344559,member
1162329,27B436C2968E23B4,classic_bike,2021-08-10 10:57:04,2021-08-10 11:02:34,Jay St & York St,4895,Clark St & Henry St,4789,40.70140317257725,-73.98672670125961,40.69760127,-73.99344559,member
1162331,8BDB7164BA1ADFCC,classic_bike,2021-08-27 12:40:27,2021-08-27 12:47:33,Congress St & Clinton St,4455,Clark St & Henry St,4789,40.68825516598005,-73.99545192718506,40.69760127,-73.99344559,member
1162333,611B551A55EA650D,classic_bike,2021-08-20 11:07:14,2021-08-20 11:12:47,Congress St & Clinton St,4455,Clark St & Henry St,4789,40.68825516598005,-73.99545192718506,40.69760127,-73.99344559,member
1162334,53321B72F8D121AF,classic_bike,2021-08-07 13:07:03,2021-08-07 13:11:40,Congress St & Clinton St,4455,Clark St & Henry St,4789,40.68825516598005,-73.99545192718506,40.69760127,-73.99344559,member
1162335,1484A8F2DFE6EBE0,classic_bike,2021-08-17 15:55:31,2021-08-17 16:04:23,Warren St & Smith St,4371,Clark St & Henry St,4789,40.68542400997018,-73.99127773940563,40.69760127,-73.99344559,member
1162336,EA0FFBF9CD814180,electric_bike,2021-08-18 21:19:45,2021-08-18 21:27:41,Warren St & Smith St,4371,Clark St & Henry St,4789,40.68542400997018,-73.99127773940563,40.69760127,-73.99344559,member
1162339,9D1E000A93F66573,classic_bike,2021-08-14 14:04:41,2021-08-14 14:43:11,Congress St & Clinton St,4455,Clark St & Henry St,4789,40.68825516598005,-73.99545192718506,40.69760127,-73.99344559,casual
1162350,C2381284F9BC5C87,classic_bike,2021-08-06 16:49:41,2021-08-06 17:02:05,Bergen St & Flatbush Ave,4281,Clark St & Henry St,4789,40.680944723477296,-73.97567331790923,40.69760127,-73.99344559,member
1162355,523C9CB84B54D0EF,electric_bike,2021-08-30 22:01:53,2021-08-30 22:22:26,Bergen St & Flatbush Ave,4281,Clark St & Henry St,4789,40.680944723477296,-73.97567331790923,40.69760127,-73.99344559,casual
1162361,A7BF66AA6BE0F77C,classic_bike,2021-08-05 19:09:55,2021-08-05 19:32:59,Dwight St & Van Dyke St,3981,Clark St & Henry St,4789,40.67363551341504,-74.01195555925369,40.69760127,-73.99344559,casual
1162382,F43C881A41396601,classic_bike,2021-08-29 11:11:26,2021-08-29 11:20:39,Bond St & Bergen St,4404,Clark St & Henry St,4789,40.6849668,-73.98620772,40.69760127,-73.99344559,member
1162383,34BAD08FADE55337,classic_bike,2021-08-05 18:42:39,2021-08-05 18:52:11,Bond St & Bergen St,4404,Clark St & Henry St,4789,40.6849668,-73.98620772,40.69760127,-73.99344559,member
1162445,59406DC21D2FBB33,classic_bike,2021-08-06 10:23:36,2021-08-06 10:58:26,Madison St & Evergreen Ave,4560,Clark St & Henry St,4789,40.69122,-73.91693,40.69760127,-73.99344559,member
1162454,B979A63CD8A91DE7,classic_bike,2021-08-19 18:13:11,2021-08-19 18:20:24,Myrtle Ave & Fleet Pl,4628,Clark St & Henry St,4789,40.693534,-73.981909,40.69760127,-73.99344559,member
1162468,BECA582496AE624B,classic_bike,2021-08-01 15:20:45,2021-08-01 15:33:44,DeKalb Ave & Vanderbilt Ave,4461,Clark St & Henry St,4789,40.68940747,-73.96885458,40.69760127,-73.99344559,member
1162486,4C48ABEB8B5C5D4D,classic_bike,2021-08-13 17:03:29,2021-08-13 17:10:06,Myrtle Ave & Fleet Pl,4628,Clark St & Henry St,4789,40.693534,-73.981909,40.69760127,-73.99344559,member
1162487,0D50F4EBA93718EF,classic_bike,2021-08-27 16:27:49,2021-08-27 16:35:14,Myrtle Ave & Fleet Pl,4628,Clark St & Henry St,4789,40.693534,-73.981909,40.69760127,-73.99344559,member
1162490,E7193F283848E491,classic_bike,2021-08-19 10:20:29,2021-08-19 10:56:50,Madison St & Evergreen Ave,4560,Clark St & Henry St,4789,40.69122,-73.91693,40.69760127,-73.99344559,member
1162510,C17FF30CFD924340,classic_bike,2021-08-30 12:14:51,2021-08-30 12:35:44,Garfield Pl & 8 Ave,3978,Clark St & Henry St,4789,40.6711978,-73.97484126,40.69760127,-73.99344559,member
1162528,8E54CE47F78A6BEA,classic_bike,2021-08-29 01:44:13,2021-08-29 01:53:16,DeKalb Ave & Hudson Ave,4513,Clark St & Henry St,4789,40.689888,-73.981013,40.69760127,-73.99344559,member
1162531,80E0C09F5CBA6421,electric_bike,2021-08-24 18:40:09,2021-08-24 18:55:58,Franklin Ave & Myrtle Ave,4715,Clark St & Henry St,4789,40.694546087246025,-73.95801365375519,40.69760127,-73.99344559,casual
1162534,C01075C222D7A1C6,electric_bike,2021-08-25 10:23:41,2021-08-25 10:38:39,Garfield Pl & 8 Ave,3978,Clark St & Henry St,4789,40.6711978,-73.97484126,40.69760127,-73.99344559,member
1162559,31F95E64401754F1,electric_bike,2021-08-20 09:11:58,2021-08-20 09:34:16,Stanton St & Mangin St,5326,Clark St & Henry St,4789,40.71782143,-73.97628939,40.69760127,-73.99344559,member
1162597,FFD8320AEE8B2476,electric_bike,2021-08-18 13:06:05,2021-08-18 13:09:32,Sands St & Jay St,4821,Clark St & Henry St,4789,40.700119,-73.9862,40.69760127,-73.99344559,member
1162599,AF2573C6FF628D09,electric_bike,2021-08-31 12:57:53,2021-08-31 13:01:26,Sands St & Jay St,4821,Clark St & Henry St,4789,40.700119,-73.9862,40.69760127,-73.99344559,member
1162617,043A91D453D658BF,classic_bike,2021-08-16 18:10:42,2021-08-16 18:20:13,Sands St & Jay St,4821,Clark St & Henry St,4789,40.700119,-73.9862,40.69760127,-73.99344559,member
1162621,B03EF9B524FC834D,classic_bike,2021-08-07 02:51:56,2021-08-07 03:01:14,Sands St & Jay St,4821,Clark St & Henry St,4789,40.700119,-73.9862,40.69760127,-73.99344559,member
1162622,DFA3216BE5ADA63B,classic_bike,2021-08-04 14:54:31,2021-08-04 15:00:50,Sands St & Jay St,4821,Clark St & Henry St,4789,40.700119,-73.9862,40.69760127,-73.99344559,member
1162624,5E708CCE0B77EF42,classic_bike,2021-08-07 20:02:33,2021-08-07 20:04:52,Henry St & Remsen St,4645,Clark St & Henry St,4789,40.69400964865994,-73.99465128779411,40.69760127,-73.99344559,member
1162642,EFE7478379428E56,classic_bike,2021-08-09 18:30:00,2021-08-09 18:48:08,6 Ave & 9 St,3803,Clark St & Henry St,4789,40.668127,-73.98377641,40.69760127,-73.99344559,member
1162653,376C2B4FBC8E9851,classic_bike,2021-08-18 20:58:14,2021-08-18 21:02:07,Sands St & Jay St,4821,Clark St & Henry St,4789,40.700119,-73.9862,40.69760127,-73.99344559,member
1162654,8A691D093F9E0E6C,electric_bike,2021-08-09 20:39:11,2021-08-09 20:48:56,Lafayette Ave & Fort Greene Pl,4395,Clark St & Henry St,4789,40.68691865,-73.976682,40.69760127,-73.99344559,member
1162662,1D19DB86C214CC43,classic_bike,2021-08-06 23:52:45,2021-08-07 00:07:08,Lafayette Ave & Fort Greene Pl,4395,Clark St & Henry St,4789,40.68691865,-73.976682,40.69760127,-73.99344559,member
1162666,71A5E79E40E95659,classic_bike,2021-08-11 10:01:48,2021-08-11 10:13:52,Lafayette Ave & Fort Greene Pl,4395,Clark St & Henry St,4789,40.68691865,-73.976682,40.69760127,-73.99344559,member
1162668,ED2961565F63417E,classic_bike,2021-08-14 15:36:03,2021-08-14 15:53:58,Lafayette Ave & Fort Greene Pl,4395,Clark St & Henry St,4789,40.68691865,-73.976682,40.69760127,-73.99344559,casual
1162670,37B3C8DB6A7A920F,classic_bike,2021-08-26 17:22:17,2021-08-26 17:37:59,Union Ave & Wallabout St,4818,Clark St & Henry St,4789,40.70029511,-73.95032283,40.69760127,-73.99344559,member
1162701,67EDDFC71E219AE9,classic_bike,2021-08-11 20:20:21,2021-08-11 20:48:37,Stanton St & Mangin St,5326,Clark St & Henry St,4789,40.71782143,-73.97628939,40.69760127,-73.99344559,member
1162716,C6EA6A2F0308D8B7,classic_bike,2021-08-14 16:51:37,2021-08-14 17:29:03,McGuinness Blvd & Eagle St,5977,Clark St & Henry St,4789,40.73555,-73.95284,40.69760127,-73.99344559,member
1162746,F0AFB46EEE9C37EC,classic_bike,2021-08-10 20:13:02,2021-08-10 20:28:52,10 St & 2 Ave,3922,Clark St & Henry St,4789,40.671907,-73.993612,40.69760127,-73.99344559,member
1162766,C4156BCCB7D3A4D2,electric_bike,2021-08-27 21:41:19,2021-08-27 21:58:10,E 4 St & 2 Ave,5593,Clark St & Henry St,4789,40.7262807,-73.98978041,40.69760127,-73.99344559,member
1162784,EA6B57A6F1571BD6,electric_bike,2021-08-20 23:30:56,2021-08-20 23:48:17,Cambridge Pl & Gates Ave,4377,Clark St & Henry St,4789,40.68488,-73.96304,40.69760127,-73.99344559,casual
1162792,99AEBD19ADD5DE75,classic_bike,2021-08-01 00:22:22,2021-08-01 00:52:25,Stewart Ave & Johnson Ave,5123,Clark St & Henry St,4789,40.70869,-73.92587,40.69760127,-73.99344559,member
1162819,F3B70FADDF193B8B,classic_bike,2021-08-09 12:10:10,2021-08-09 12:55:03,Bergen St & 4 Ave,4322,Clark St & Henry St,4789,40.68256425759694,-73.9798977971077,40.69760127,-73.99344559,casual
1162820,C83418E10C459BAD,classic_bike,2021-08-27 18:53:52,2021-08-27 19:06:21,Bergen St & 4 Ave,4322,Clark St & Henry St,4789,40.68256425759694,-73.9798977971077,40.69760127,-73.99344559,member
1162821,FC03AD08A64B1E74,classic_bike,2021-08-31 16:23:27,2021-08-31 16:55:28,6 Ave & Broome St,5610,Clark St & Henry St,4789,40.72431,-74.00473,40.69760127,-73.99344559,member
1162822,BCA9F1279A67BA00,classic_bike,2021-08-27 15:31:42,2021-08-27 16:02:58,6 Ave & Broome St,5610,Clark St & Henry St,4789,40.72431,-74.00473,40.69760127,-73.99344559,member
1162834,77341BCF9B9B8543,classic_bike,2021-08-05 18:26:31,2021-08-05 18:39:49,Bergen St & 4 Ave,4322,Clark St & Henry St,4789,40.68256425759694,-73.9798977971077,40.69760127,-73.99344559,casual
1162839,8DCF85EE45C4D888,classic_bike,2021-08-18 15:51:06,2021-08-18 16:19:24,6 Ave & Broome St,5610,Clark St & Henry St,4789,40.72431,-74.00473,40.69760127,-73.99344559,member
1162853,7FFB33C94C9BDB7B,classic_bike,2021-08-25 22:32:05,2021-08-25 22:43:51,Degraw St & Smith St,4298,Clark St & Henry St,4789,40.6829151,-73.99318208,40.69760127,-73.99344559,member
1162874,DE4820D877F285DA,classic_bike,2021-08-12 17:57:35,2021-08-12 18:14:12,Little West St & 1 Pl,5001,Clark St & Henry St,4789,40.70569254,-74.01677685,40.69760127,-73.99344559,member
1162920,597B8406A0B5B176,classic_bike,2021-08-14 01:19:54,2021-08-14 01:32:47,Degraw St & Smith St,4298,Clark St & Henry St,4789,40.6829151,-73.99318208,40.69760127,-73.99344559,casual
1162940,9760E6128A17A789,electric_bike,2021-08-28 15:34:46,2021-08-28 15:44:21,Degraw St & Smith St,4298,Clark St & Henry St,4789,40.6829151,-73.99318208,40.69760127,-73.99344559,casual
1162951,24621CF913EC7F51,classic_bike,2021-08-30 18:54:51,2021-08-30 19:04:15,Degraw St & Smith St,4298,Clark St & Henry St,4789,40.6829151,-73.99318208,40.69760127,-73.99344559,casual
1162956,D779252934E710B8,electric_bike,2021-08-26 20:30:23,2021-08-26 21:32:38,8 Ave & W 38 St,6526,Clark St & Henry St,4789,40.75461,-73.99177,40.69760127,-73.99344559,casual
1162980,D4A3D4B18891FC50,electric_bike,2021-08-20 21:17:50,2021-08-20 21:46:02,E 2 St & Avenue A,5553,Clark St & Henry St,4789,40.72307749068673,-73.98583620786667,40.69760127,-73.99344559,member
1162981,5C89760404A263F4,classic_bike,2021-08-29 01:23:04,2021-08-29 01:50:15,E 6 St & Avenue B,5584,Clark St & Henry St,4789,40.72453734,-73.98185424,40.69760127,-73.99344559,casual
1162984,75FA0AE4EC429DE0,classic_bike,2021-08-30 18:02:50,2021-08-30 18:37:07,E 6 St & Avenue B,5584,Clark St & Henry St,4789,40.72453734,-73.98185424,40.69760127,-73.99344559,casual
1162999,528C3EA13C1387CC,classic_bike,2021-08-06 12:14:29,2021-08-06 12:19:21,Henry St & Atlantic Ave,4531,Clark St & Henry St,4789,40.69089272,-73.99612349,40.69760127,-73.99344559,member
1163003,D1602322BE818913,classic_bike,2021-08-02 19:40:25,2021-08-02 20:35:47,Henry St & Atlantic Ave,4531,Clark St & Henry St,4789,40.69089272,-73.99612349,40.69760127,-73.99344559,member
1163004,32F35EC856CACBD8,classic_bike,2021-08-25 11:24:39,2021-08-25 11:29:09,Henry St & Atlantic Ave,4531,Clark St & Henry St,4789,40.69089272,-73.99612349,40.69760127,-73.99344559,member
1163005,3FC0B3B4C9F276F8,classic_bike,2021-08-17 16:22:29,2021-08-17 16:27:48,Henry St & Atlantic Ave,4531,Clark St & Henry St,4789,40.69089272,-73.99612349,40.69760127,-73.99344559,member
1163207,EE56F9C9CAFE6C88,classic_bike,2021-08-06 17:26:46,2021-08-06 17:34:42,Boerum Pl\t& Pacific St,4488,Clark St & Henry St,4789,40.68848905639242,-73.99116039276123,40.69760127,-73.99344559,member
1163208,43B0AA8D27FB003F,classic_bike,2021-08-14 08:48:58,2021-08-14 08:57:59,Boerum Pl\t& Pacific St,4488,Clark St & Henry St,4789,40.68848905639242,-73.99116039276123,40.69760127,-73.99344559,member
1163211,AF1D0B8407BEA5C1,classic_bike,2021-08-09 16:42:21,2021-08-09 16:49:44,Boerum Pl\t& Pacific St,4488,Clark St & Henry St,4789,40.68848905639242,-73.99116039276123,40.69760127,-73.99344559,member
1163218,85EDC7EF80717A83,classic_bike,2021-08-06 19:55:01,2021-08-06 20:01:34,Boerum Pl\t& Pacific St,4488,Clark St & Henry St,4789,40.68848905639242,-73.99116039276123,40.69760127,-73.99344559,casual
1163223,647282E56E3B4F44,classic_bike,2021-08-04 11:40:32,2021-08-04 11:51:14,Boerum Pl\t& Pacific St,4488,Clark St & Henry St,4789,40.68848905639242,-73.99116039276123,40.69760127,-73.99344559,member
1163224,0093A2B571CEE98B,classic_bike,2021-08-04 07:19:04,2021-08-04 07:28:48,Boerum Pl\t& Pacific St,4488,Clark St & Henry St,4789,40.68848905639242,-73.99116039276123,40.69760127,-73.99344559,member
1163228,B3DBB41BE0F6DC38,electric_bike,2021-08-19 17:25:58,2021-08-19 17:32:34,Columbia St & Kane St,4422,Clark St & Henry St,4789,40.68763155,-74.0016256,40.69760127,-73.99344559,member
1163234,23A3DC9437255571,classic_bike,2021-08-31 10:39:33,2021-08-31 10:46:36,Bridge St & Water St,4968,Clark St & Henry St,4789,40.70296934155272,-73.98469090461731,40.69760127,-73.99344559,member
1163236,B37F48DA523E253E,electric_bike,2021-08-16 09:33:51,2021-08-16 10:21:14,46 Ave & 5 St,6286,Clark St & Henry St,4789,40.74731,-73.95451,40.69760127,-73.99344559,member
1163239,402D69653D10D47D,classic_bike,2021-08-20 23:08:52,2021-08-20 23:20:48,Myrtle Ave & Fleet Pl,4628,Clark St & Henry St,4789,40.693534,-73.981909,40.69760127,-73.99344559,member
1163245,55649D37AEEC9686,classic_bike,2021-08-30 19:01:05,2021-08-30 19:07:59,Myrtle Ave & Fleet Pl,4628,Clark St & Henry St,4789,40.693534,-73.981909,40.69760127,-73.99344559,member
1163247,8C9EB16390EE6D80,classic_bike,2021-08-11 18:52:49,2021-08-11 18:59:14,Bridge St & Water St,4968,Clark St & Henry St,4789,40.70296934155272,-73.98469090461731,40.69760127,-73.99344559,member
1163249,F241F75FE68928FE,classic_bike,2021-08-14 03:02:06,2021-08-14 03:04:53,Cadman Plaza E & Red Cross Pl,4821,Clark St & Henry St,4789,40.69991755,-73.98971773,40.69760127,-73.99344559,member
1163256,7CE48ABC85F7481A,electric_bike,2021-08-16 09:36:01,2021-08-16 10:21:23,46 Ave & 5 St,6286,Clark St & Henry St,4789,40.74731,-73.95451,40.69760127,-73.99344559,casual
1163259,9A9B156910B361F4,classic_bike,2021-08-20 14:13:31,2021-08-20 14:27:43,Van Brunt St & Wolcott St,4095,Clark St & Henry St,4789,40.6773429,-74.01275056,40.69760127,-73.99344559,member
1163265,19DF979E5E4589D4,classic_bike,2021-08-08 13:08:03,2021-08-08 13:17:46,Bridge St & Water St,4968,Clark St & Henry St,4789,40.70296934155272,-73.98469090461731,40.69760127,-73.99344559,member
1163272,17C0C4E5C3828115,classic_bike,2021-08-15 11:54:05,2021-08-15 12:27:05,S 4 St & Rodney St,5156,Clark St & Henry St,4789,40.70934,-73.95608,40.69760127,-73.99344559,casual
1163280,BD7D6B017D8233D1,classic_bike,2021-08-31 17:45:02,2021-08-31 17:58:10,Van Brunt St & Wolcott St,4095,Clark St & Henry St,4789,40.6773429,-74.01275056,40.69760127,-73.99344559,member
1163282,0A8DE52F13245982,classic_bike,2021-08-06 18:36:25,2021-08-06 18:48:39,Van Brunt St & Wolcott St,4095,Clark St & Henry St,4789,40.6773429,-74.01275056,40.69760127,-73.99344559,member
1163286,2CC593DE4B6324FB,classic_bike,2021-08-28 19:42:13,2021-08-28 19:59:57,Van Brunt St & Wolcott St,4095,Clark St & Henry St,4789,40.6773429,-74.01275056,40.69760127,-73.99344559,member
1163292,DF5CD48A05166B95,classic_bike,2021-08-25 08:30:56,2021-08-25 08:50:49,Clinton St & 4 Place,4119,Clark St & Henry St,4789,40.6783563,-74.00014502,40.69760127,-73.99344559,member
1163294,08E056F8DDB8CA40,classic_bike,2021-08-19 17:48:06,2021-08-19 18:02:38,Van Brunt St & Wolcott St,4095,Clark St & Henry St,4789,40.6773429,-74.01275056,40.69760127,-73.99344559,member
1163296,A20DB3F0E9285D32,electric_bike,2021-08-01 17:28:21,2021-08-01 17:37:36,Carroll St & Bond St,4184,Clark St & Henry St,4789,40.6786115,-73.99037292,40.69760127,-73.99344559,member
1163297,C27E576096F46EC2,classic_bike,2021-08-04 19:40:51,2021-08-04 19:43:31,Cadman Plaza E & Tillary St,4677,Clark St & Henry St,4789,40.69597683,-73.99014892,40.69760127,-73.99344559,casual
1163299,B98B92810E646EFA,classic_bike,2021-08-20 14:41:57,2021-08-20 14:43:35,Cadman Plaza E & Tillary St,4677,Clark St & Henry St,4789,40.69597683,-73.99014892,40.69760127,-73.99344559,casual
1163306,84E6A8CEC819F78E,electric_bike,2021-08-27 15:25:52,2021-08-27 15:39:45,Van Brunt St & Wolcott St,4095,Clark St & Henry St,4789,40.6773429,-74.01275056,40.69760127,-73.99344559,member
1163311,00291309E722AA36,classic_bike,2021-08-14 21:34:59,2021-08-14 22:05:22,Fulton St & Irving Pl,4263,Clark St & Henry St,4789,40.68186,-73.959432,40.69760127,-73.99344559,casual
1163321,08E0CB4F5FF135F6,classic_bike,2021-08-02 15:49:11,2021-08-02 16:04:22,3 St & 3 Ave,4028,Clark St & Henry St,4789,40.6750705,-73.98775226,40.69760127,-73.99344559,member
1163323,7AF4F8407A62A67E,classic_bike,2021-08-04 18:13:08,2021-08-04 18:25:32,Van Brunt St & Wolcott St,4095,Clark St & Henry St,4789,40.6773429,-74.01275056,40.69760127,-73.99344559,member
1163325,448AA78A53EF3328,classic_bike,2021-08-03 20:34:01,2021-08-03 20:47:05,Stanton St & Chrystie St,5523,Clark St & Henry St,4789,40.72229346,-73.99147535,40.69760127,-73.99344559,member
1163328,BD5218AC2BE57A11,classic_bike,2021-08-21 14:22:29,2021-08-21 14:38:47,Centre St & Chambers St,5207,Clark St & Henry St,4789,40.71273266,-74.0046073,40.69760127,-73.99344559,member
1163332,1DFFF99F0ED8D448,classic_bike,2021-08-31 19:25:15,2021-08-31 19:30:20,Dock St & Front St,4903,Clark St & Henry St,4789,40.702709,-73.99253,40.69760127,-73.99344559,member
1163334,B66DDDBBEEAE3FCD,classic_bike,2021-08-08 17:25:33,2021-08-08 17:32:57,Dock St & Front St,4903,Clark St & Henry St,4789,40.702709,-73.99253,40.69760127,-73.99344559,member
1163335,1600837E9A275BFE,classic_bike,2021-08-07 12:01:08,2021-08-07 12:07:13,Dock St & Front St,4903,Clark St & Henry St,4789,40.702709,-73.99253,40.69760127,-73.99344559,member
1163340,8FE10F16F1BFE351,classic_bike,2021-08-24 18:24:02,2021-08-24 18:37:37,Dock St & Front St,4903,Clark St & Henry St,4789,40.702709,-73.99253,40.69760127,-73.99344559,casual
1163344,1B197A46137F80EA,classic_bike,2021-08-06 20:45:26,2021-08-06 20:58:53,Centre St & Chambers St,5207,Clark St & Henry St,4789,40.71273266,-74.0046073,40.69760127,-73.99344559,member
1163345,178ECB40D204B918,docked_bike,2021-08-31 15:28:46,2021-08-31 15:32:07,Cadman Plaza E & Tillary St,4677,Clark St & Henry St,4789,40.695977,-73.990149,40.697601,-73.993446,casual
1163353,85BE31022F6E29AA,electric_bike,2021-08-12 14:14:12,2021-08-12 14:23:09,Carroll St & Columbia St,4348,Clark St & Henry St,4789,40.6830456,-74.00348559,40.69760127,-73.99344559,member
1163356,9977DCCC8357F4AC,electric_bike,2021-08-09 07:02:42,2021-08-09 07:08:52,Carroll St & Columbia St,4348,Clark St & Henry St,4789,40.6830456,-74.00348559,40.69760127,-73.99344559,member
1163363,F79B6989736BBE67,classic_bike,2021-08-25 23:05:33,2021-08-25 23:20:14,5 Ave & 3 St,3987,Clark St & Henry St,4789,40.6728155,-73.98352355,40.69760127,-73.99344559,member
1163438,02D7FFA063A98B9F,classic_bike,2021-08-10 17:12:02,2021-08-10 17:25:09,Dock 72 Way & Market St,4804,Clark St & Henry St,4789,40.69985,-73.97141,40.69760127,-73.99344559,member
1163460,9C2CFEE7201AF2FD,classic_bike,2021-08-09 12:07:17,2021-08-09 12:19:23,Washington Ave & Park Ave,4724,Clark St & Henry St,4789,40.69610226,-73.96751037,40.69760127,-73.99344559,member
1163465,D0FD24953880DAAA,electric_bike,2021-08-13 05:21:53,2021-08-13 05:41:49,Pulaski St & Marcus Garvey Blvd,4656,Clark St & Henry St,4789,40.6933982,-73.939877,40.69760127,-73.99344559,member
1163467,BACA1DC5C54A9652,electric_bike,2021-08-18 09:30:16,2021-08-18 09:46:53,1 Ave & E 16 St,5779,Clark St & Henry St,4789,40.73221853,-73.98165557,40.69760127,-73.99344559,member
1163492,E71C2BCBB4142A7A,classic_bike,2021-08-02 18:42:28,2021-08-02 19:04:36,1 Ave & E 16 St,5779,Clark St & Henry St,4789,40.73221853,-73.98165557,40.69760127,-73.99344559,member
1163500,3CDCFCB95EE22BAA,electric_bike,2021-08-29 14:35:12,2021-08-29 14:50:02,Washington Ave & Park Ave,4724,Clark St & Henry St,4789,40.69610226,-73.96751037,40.69760127,-73.99344559,member
1163523,7B82E60F255F49DB,classic_bike,2021-08-25 19:57:11,2021-08-25 20:12:33,Washington Ave & Park Ave,4724,Clark St & Henry St,4789,40.69610226,-73.96751037,40.69760127,-73.99344559,member
1163538,15725E2C494743F7,classic_bike,2021-08-15 12:10:24,2021-08-15 12:52:11,Fulton St & Broadway,5175,Clark St & Henry St,4789,40.711066,-74.009447,40.69760127,-73.99344559,casual
1163539,843628C7A58C382F,classic_bike,2021-08-31 22:10:07,2021-08-31 22:41:22,Washington Pl & 6 Ave,5838,Clark St & Henry St,4789,40.73224119,-74.00026394,40.69760127,-73.99344559,member
1163540,B438A0CB9EF673C5,electric_bike,2021-08-03 08:07:30,2021-08-03 08:11:17,Henry St & Remsen St,4645,Clark St & Henry St,4789,40.69400964865994,-73.99465128779411,40.69760127,-73.99344559,member
1163547,DB16137D0A221713,classic_bike,2021-08-31 17:33:47,2021-08-31 17:40:51,Brooklyn Bridge Park - Pier 2,4756,Clark St & Henry St,4789,40.698458,-73.997178,40.69760127,-73.99344559,member
1163566,EFEAB7FD7265CB2C,classic_bike,2021-08-04 16:55:51,2021-08-04 17:14:53,Douglass St & 4 Ave,4175,Clark St & Henry St,4789,40.6792788,-73.98154004,40.69760127,-73.99344559,member
1163571,F8BC65FBD2D2EDDE,electric_bike,2021-08-28 22:11:49,2021-08-28 22:58:41,Broadway & W 38 St,6560,Clark St & Henry St,4789,40.7529728216068,-73.98734897375107,40.69760127,-73.99344559,member
1163577,93A5703B63C4D10C,classic_bike,2021-08-17 22:41:40,2021-08-18 14:11:31,Brooklyn Bridge Park - Pier 2,4756,Clark St & Henry St,4789,40.698458,-73.997178,40.69760127,-73.99344559,casual
1163581,CA485B00F46A78C2,classic_bike,2021-08-19 21:49:08,2021-08-19 22:46:44,Brooklyn Bridge Park - Pier 2,4756,Clark St & Henry St,4789,40.698458,-73.997178,40.69760127,-73.99344559,casual
1163583,D200B0FB8E89F5AC,docked_bike,2021-08-20 23:38:59,2021-08-21 00:11:58,Brooklyn Bridge Park - Pier 2,4756,Clark St & Henry St,4789,40.698458,-73.997178,40.697601,-73.993446,casual
1163595,460BF3A76420A668,electric_bike,2021-08-02 22:04:47,2021-08-02 22:19:02,Brooklyn Bridge Park - Pier 2,4756,Clark St & Henry St,4789,40.698458,-73.997178,40.69760127,-73.99344559,member
1163608,2C076E10AD49B765,electric_bike,2021-08-29 17:28:28,2021-08-29 17:53:46,Fulton St & Broadway,5175,Clark St & Henry St,4789,40.711066,-74.009447,40.69760127,-73.99344559,member
1163635,919C398A90E36D0F,electric_bike,2021-08-19 19:04:37,2021-08-19 19:34:20,W 30 St & 10 Ave,6459,Clark St & Henry St,4789,40.752694,-74.002353,40.69760127,-73.99344559,member
1163636,8DA1D292F944602A,classic_bike,2021-08-01 10:51:34,2021-08-01 10:59:06,Montague St & Clinton St,4677,Clark St & Henry St,4789,40.6942715,-73.9923272,40.69760127,-73.99344559,member
1163637,3A8D6EF4A3A22E84,classic_bike,2021-08-31 10:31:41,2021-08-31 10:34:08,Montague St & Clinton St,4677,Clark St & Henry St,4789,40.6942715,-73.9923272,40.69760127,-73.99344559,member
1163638,A23D687B00B1F037,classic_bike,2021-08-03 07:48:42,2021-08-03 07:51:05,Montague St & Clinton St,4677,Clark St & Henry St,4789,40.6942715,-73.9923272,40.69760127,-73.99344559,member
1163659,9F4FA74A1E0C93E7,classic_bike,2021-08-22 19:22:10,2021-08-22 19:24:45,Montague St & Clinton St,4677,Clark St & Henry St,4789,40.6942715,-73.9923272,40.69760127,-73.99344559,member
1163660,5B9C1B9ED156BA18,classic_bike,2021-08-18 17:40:13,2021-08-18 17:43:27,Montague St & Clinton St,4677,Clark St & Henry St,4789,40.6942715,-73.9923272,40.69760127,-73.99344559,member
1163666,EF693F9216CFB3E9,classic_bike,2021-08-30 13:33:08,2021-08-30 13:41:08,Duffield St & Willoughby St,4596,Clark St & Henry St,4789,40.69221589,-73.9842844,40.69760127,-73.99344559,member
1163677,65CBDE800D6EA2EC,classic_bike,2021-08-21 00:47:11,2021-08-21 00:50:10,Montague St & Clinton St,4677,Clark St & Henry St,4789,40.6942715,-73.9923272,40.69760127,-73.99344559,member
1163691,388778FC12AAE108,classic_bike,2021-08-06 19:08:12,2021-08-06 19:17:23,Montague St & Clinton St,4677,Clark St & Henry St,4789,40.6942715,-73.9923272,40.69760127,-73.99344559,member
1163694,4A79ED5304579E5E,classic_bike,2021-08-29 15:57:02,2021-08-29 16:23:46,Avenue D & E 3 St,5436,Clark St & Henry St,4789,40.72082834,-73.97793172,40.69760127,-73.99344559,casual
1163715,D66273DB26E2DC34,classic_bike,2021-08-05 15:33:29,2021-08-05 15:40:28,Duffield St & Willoughby St,4596,Clark St & Henry St,4789,40.69221589,-73.9842844,40.69760127,-73.99344559,casual
1163722,649842B455EE750B,classic_bike,2021-08-11 13:06:07,2021-08-11 13:25:59,Sands St Gate,4812,Clark St & Henry St,4789,40.699569,-73.979827,40.69760127,-73.99344559,member
1163723,D06D37323A94B68B,classic_bike,2021-08-07 08:54:47,2021-08-07 08:58:36,Montague St & Clinton St,4677,Clark St & Henry St,4789,40.6942715,-73.9923272,40.69760127,-73.99344559,member
1163727,816585919AC5253B,classic_bike,2021-08-21 10:09:25,2021-08-21 10:15:44,Duffield St & Willoughby St,4596,Clark St & Henry St,4789,40.69221589,-73.9842844,40.69760127,-73.99344559,member
1163728,C41CDA4515EE531E,electric_bike,2021-08-25 23:31:16,2021-08-25 23:36:31,Duffield St & Willoughby St,4596,Clark St & Henry St,4789,40.69221589,-73.9842844,40.69760127,-73.99344559,member
1163729,60C15356F5C3745F,classic_bike,2021-08-10 21:18:12,2021-08-10 21:26:19,Duffield St & Willoughby St,4596,Clark St & Henry St,4789,40.69221589,-73.9842844,40.69760127,-73.99344559,member
1163730,3D817C854C444B45,classic_bike,2021-08-20 21:45:38,2021-08-20 21:53:08,Duffield St & Willoughby St,4596,Clark St & Henry St,4789,40.69221589,-73.9842844,40.69760127,-73.99344559,member
1163737,1ED88ED053E8C407,electric_bike,2021-08-17 21:25:55,2021-08-17 21:32:38,Duffield St & Willoughby St,4596,Clark St & Henry St,4789,40.69221589,-73.9842844,40.69760127,-73.99344559,casual
1163738,BDC0F948D3F1458F,electric_bike,2021-08-25 18:55:05,2021-08-25 19:01:44,Duffield St & Willoughby St,4596,Clark St & Henry St,4789,40.69221589,-73.9842844,40.69760127,-73.99344559,member
1163746,63CD3348FA4DF4E2,electric_bike,2021-08-24 17:54:45,2021-08-24 17:59:45,Duffield St & Willoughby St,4596,Clark St & Henry St,4789,40.69221589,-73.9842844,40.69760127,-73.99344559,member
1163754,A93C0A3DEC760BB8,classic_bike,2021-08-19 19:09:15,2021-08-19 19:17:18,Duffield St & Willoughby St,4596,Clark St & Henry St,4789,40.69221589,-73.9842844,40.69760127,-73.99344559,member
1163758,F2F30503CB1C7495,electric_bike,2021-08-31 14:09:07,2021-08-31 14:19:38,Spruce St & Nassau St,5137,Clark St & Henry St,4789,40.71146364,-74.00552427,40.69760127,-73.99344559,member
1163763,8F6EEBCD59E86508,electric_bike,2021-08-05 12:54:07,2021-08-05 12:55:39,Pierrepont St & Monroe Pl,4718,Clark St & Henry St,4789,40.69535693320225,-73.99344027042389,40.69760127,-73.99344559,member
1163765,3B40FF9FA6BFE2B2,electric_bike,2021-08-11 15:18:43,2021-08-11 15:55:54,Amsterdam Ave & W 73 St,7260,Clark St & Henry St,4789,40.77966809007312,-73.98093044757842,40.69760127,-73.99344559,member
1163767,819415DD270100EE,classic_bike,2021-08-02 02:35:11,2021-08-02 02:38:54,Pierrepont St & Monroe Pl,4718,Clark St & Henry St,4789,40.69535693320225,-73.99344027042389,40.69760127,-73.99344559,member
1163769,4E077BA310FC6C91,classic_bike,2021-08-18 17:38:40,2021-08-18 17:41:28,Pierrepont St & Monroe Pl,4718,Clark St & Henry St,4789,40.69535693320225,-73.99344027042389,40.69760127,-73.99344559,member
1163771,1F900746EB35A215,electric_bike,2021-08-11 13:08:13,2021-08-11 13:35:22,W 15 St & 10 Ave,6115,Clark St & Henry St,4789,40.74275382865903,-74.00747358798981,40.69760127,-73.99344559,casual
1163774,950C0236F1A02EC8,classic_bike,2021-08-27 00:03:08,2021-08-27 00:10:08,Duffield St & Willoughby St,4596,Clark St & Henry St,4789,40.69221589,-73.9842844,40.69760127,-73.99344559,member
1163779,2E330CCF2FDF52F6,classic_bike,2021-08-14 12:17:03,2021-08-14 12:24:16,Duffield St & Willoughby St,4596,Clark St & Henry St,4789,40.69221589,-73.9842844,40.69760127,-73.99344559,member
1163788,AFEC56E9BF4F2574,classic_bike,2021-08-28 11:33:01,2021-08-28 11:50:11,Maiden Ln & Pearl St,5065,Clark St & Henry St,4789,40.70706456,-74.00731853,40.69760127,-73.99344559,member
1163790,11604E781DA4128A,classic_bike,2021-08-06 10:38:28,2021-08-06 11:05:46,Stagg St & Union Ave,5117,Clark St & Henry St,4789,40.70877084,-73.95095259,40.69760127,-73.99344559,member
1163799,5796FF42AC90F106,electric_bike,2021-08-16 08:15:16,2021-08-16 08:25:34,Pierrepont St & Monroe Pl,4718,Clark St & Henry St,4789,40.69535693320225,-73.99344027042389,40.69760127,-73.99344559,member
1163836,2B73DD7AC9A6A658,electric_bike,2021-08-25 07:13:04,2021-08-25 07:31:32,6 St & 7 Ave,3834,Clark St & Henry St,4789,40.6686627,-73.97988067,40.69760127,-73.99344559,member
1163848,AFF6D70E85823FA2,classic_bike,2021-08-19 13:55:05,2021-08-19 14:19:45,Schermerhorn St & Bond St,4479,Clark St & Henry St,4789,40.688417427540834,-73.98451656103134,40.69760127,-73.99344559,casual
1163866,A398A37AF0A79BCB,classic_bike,2021-08-02 23:25:17,2021-08-02 23:57:22,Meserole Ave & Manhattan Ave,5666,Clark St & Henry St,4789,40.72708584,-73.95299117,40.69760127,-73.99344559,member
1163877,A8870F4E88755027,classic_bike,2021-08-27 20:28:31,2021-08-27 20:36:42,Schermerhorn St & Bond St,4479,Clark St & Henry St,4789,40.688417427540834,-73.98451656103134,40.69760127,-73.99344559,casual
1163879,4935AF7D3312E70C,electric_bike,2021-08-10 20:05:59,2021-08-10 20:12:38,Schermerhorn St & Bond St,4479,Clark St & Henry St,4789,40.688417427540834,-73.98451656103134,40.69760127,-73.99344559,casual
1163895,02255B6A2C7B3712,classic_bike,2021-08-06 17:22:03,2021-08-06 17:31:06,Schermerhorn St & Bond St,4479,Clark St & Henry St,4789,40.688417427540834,-73.98451656103134,40.69760127,-73.99344559,member
1163898,7A2E7DC2D25392CC,electric_bike,2021-08-07 22:06:16,2021-08-07 22:19:42,Prospect Pl & Underhill Ave,4116,Clark St & Henry St,4789,40.6769694,-73.96579,40.69760127,-73.99344559,member
1163909,35EC0D2F9C48FEB0,classic_bike,2021-08-11 11:49:36,2021-08-11 11:56:34,Schermerhorn St & Bond St,4479,Clark St & Henry St,4789,40.688417427540834,-73.98451656103134,40.69760127,-73.99344559,member
1163911,124881C6D907BA09,classic_bike,2021-08-01 19:43:46,2021-08-01 19:52:26,Schermerhorn St & Bond St,4479,Clark St & Henry St,4789,40.688417427540834,-73.98451656103134,40.69760127,-73.99344559,member
1163918,81C980FA39FE3475,classic_bike,2021-08-28 19:31:10,2021-08-28 19:58:16,4 Ave & 9 St,3955,Clark St & Henry St,4789,40.6705135,-73.98876585,40.69760127,-73.99344559,member
1163919,16393FF8D6C4924B,classic_bike,2021-08-29 11:07:11,2021-08-29 11:14:48,Warren St & Court St,4413,Clark St & Henry St,4789,40.686371,-73.99383324,40.69760127,-73.99344559,member
1163923,71B9C98C702737F2,electric_bike,2021-08-02 16:19:48,2021-08-02 16:32:42,E 2 St & 2 Ave,5593,Clark St & Henry St,4789,40.72502876,-73.99069656,40.69760127,-73.99344559,member
1163925,01C8C44DCDBC57D7,classic_bike,2021-08-19 22:28:04,2021-08-19 22:34:13,Warren St & Court St,4413,Clark St & Henry St,4789,40.686371,-73.99383324,40.69760127,-73.99344559,member
1163931,35A14C63AD5FB684,electric_bike,2021-08-03 20:08:40,2021-08-03 20:16:14,Schermerhorn St & Bond St,4479,Clark St & Henry St,4789,40.688417427540834,-73.98451656103134,40.69760127,-73.99344559,member
1163950,655DB36BEE8938DF,classic_bike,2021-08-23 18:53:28,2021-08-23 19:01:27,Schermerhorn St & Bond St,4479,Clark St & Henry St,4789,40.688417427540834,-73.98451656103134,40.69760127,-73.99344559,member
1163954,4C88C82BF5F7B3E3,electric_bike,2021-08-17 18:22:39,2021-08-17 18:43:07,Prospect Pl & Underhill Ave,4116,Clark St & Henry St,4789,40.6769694,-73.96579,40.69760127,-73.99344559,member
1163965,FAC88AEBEEFB2627,classic_bike,2021-08-16 09:44:28,2021-08-16 09:59:50,Broad St & Bridge St,4962,Clark St & Henry St,4789,40.70365182,-74.01167797,40.69760127,-73.99344559,member
1163971,09E854EF2B07813C,classic_bike,2021-08-11 06:55:18,2021-08-11 07:02:28,Schermerhorn St & Bond St,4479,Clark St & Henry St,4789,40.688417427540834,-73.98451656103134,40.69760127,-73.99344559,member
1163973,C754EE26B8AD871D,classic_bike,2021-08-21 11:56:44,2021-08-21 12:07:25,Schermerhorn St & Bond St,4479,Clark St & Henry St,4789,40.688417427540834,-73.98451656103134,40.69760127,-73.99344559,casual
1163974,A28DE3C8CDF908FA,classic_bike,2021-08-07 13:17:44,2021-08-07 13:25:40,Schermerhorn St & Bond St,4479,Clark St & Henry St,4789,40.688417427540834,-73.98451656103134,40.69760127,-73.99344559,casual
1163976,F83C73292376B04C,classic_bike,2021-08-12 19:01:18,2021-08-12 19:10:03,Schermerhorn St & Bond St,4479,Clark St & Henry St,4789,40.688417427540834,-73.98451656103134,40.69760127,-73.99344559,casual
1163981,06624AF0832419DF,classic_bike,2021-08-15 01:51:35,2021-08-15 02:00:31,Schermerhorn St & Bond St,4479,Clark St & Henry St,4789,40.688417427540834,-73.98451656103134,40.69760127,-73.99344559,member
1163983,2FEF4EEF01A4404C,classic_bike,2021-08-22 14:44:33,2021-08-22 14:52:29,Schermerhorn St & Bond St,4479,Clark St & Henry St,4789,40.688417427540834,-73.98451656103134,40.69760127,-73.99344559,casual
1163990,5F4F6D16F55DDC69,classic_bike,2021-08-12 10:21:43,2021-08-12 10:29:00,Willoughby St & Ashland Pl,4587,Clark St & Henry St,4789,40.69178,-73.97877,40.69760127,-73.99344559,member
1163994,70B6F8CDD3B65E0B,classic_bike,2021-08-12 12:56:33,2021-08-12 13:08:48,Schermerhorn St & Bond St,4479,Clark St & Henry St,4789,40.688417427540834,-73.98451656103134,40.69760127,-73.99344559,casual
1163995,719249C746225464,classic_bike,2021-08-28 17:42:29,2021-08-28 17:51:35,Schermerhorn St & Bond St,4479,Clark St & Henry St,4789,40.688417427540834,-73.98451656103134,40.69760127,-73.99344559,casual
1163996,497BA1787043E79B,classic_bike,2021-08-10 18:43:42,2021-08-10 18:56:12,Warren St & W Broadway,5288,Clark St & Henry St,4789,40.71473993,-74.00910627,40.69760127,-73.99344559,member
1163997,8CEBDB5B463BEAD3,classic_bike,2021-08-31 19:39:18,2021-08-31 20:12:17,1 Ave & E 30 St,6079,Clark St & Henry St,4789,40.74144387,-73.97536082,40.69760127,-73.99344559,member
1164000,57710479C8F243CC,classic_bike,2021-08-30 08:20:48,2021-08-30 08:29:50,Schermerhorn St & Bond St,4479,Clark St & Henry St,4789,40.688417427540834,-73.98451656103134,40.69760127,-73.99344559,member
1164009,F4704681C02124A6,classic_bike,2021-08-28 14:05:37,2021-08-28 14:27:35,Berkeley Pl & 7 Ave,4051,Clark St & Henry St,4789,40.675146838709786,-73.97523209452629,40.69760127,-73.99344559,member
1164010,F3E6F8C73FA18E79,electric_bike,2021-08-20 17:02:41,2021-08-20 17:23:19,Warren St & W Broadway,5288,Clark St & Henry St,4789,40.71473993,-74.00910627,40.69760127,-73.99344559,member
1164028,FC299193D4808F0C,classic_bike,2021-08-15 15:47:47,2021-08-15 15:56:25,Schermerhorn St & Bond St,4479,Clark St & Henry St,4789,40.688417427540834,-73.98451656103134,40.69760127,-73.99344559,member
1164031,CEF0A47738E8BD5B,electric_bike,2021-08-09 19:15:40,2021-08-09 19:30:05,Prospect Pl & Underhill Ave,4116,Clark St & Henry St,4789,40.6769694,-73.96579,40.69760127,-73.99344559,member
1164049,B9AFDFEDAA9F50A3,electric_bike,2021-08-26 18:41:05,2021-08-26 19:01:53,Great Jones St,5636,Clark St & Henry St,4789,40.72743423,-73.99379025,40.69760127,-73.99344559,member
1164050,17E95BB42AEF5708,classic_bike,2021-08-28 23:32:41,2021-08-29 00:06:25,E 31 St & 3 Ave,6239,Clark St & Henry St,4789,40.74394314,-73.97966069,40.69760127,-73.99344559,casual
1164061,AF9F44B12F628078,classic_bike,2021-08-23 18:44:20,2021-08-23 18:50:49,Lawrence St & Willoughby St,4596,Clark St & Henry St,4789,40.69236178,-73.98631746,40.69760127,-73.99344559,member
1164076,6F9D385D6A85D750,classic_bike,2021-08-06 10:09:47,2021-08-06 10:13:26,Fulton St & Adams St,4637,Clark St & Henry St,4789,40.69241829257847,-73.98949474096298,40.69760127,-73.99344559,member
1164077,1ECBDD00A3304D74,electric_bike,2021-08-24 13:36:25,2021-08-24 13:41:23,Fulton St & Adams St,4637,Clark St & Henry St,4789,40.69241829257847,-73.98949474096298,40.69760127,-73.99344559,member
1164078,A2388E5A47CBF5DB,classic_bike,2021-08-27 20:02:01,2021-08-27 20:05:55,Fulton St & Adams St,4637,Clark St & Henry St,4789,40.69241829257847,-73.98949474096298,40.69760127,-73.99344559,member
1164080,2E5B5904A289DF7F,classic_bike,2021-08-03 15:36:51,2021-08-03 15:41:13,Fulton St & Adams St,4637,Clark St & Henry St,4789,40.69241829257847,-73.98949474096298,40.69760127,-73.99344559,member
1164082,31E027C9A0555A69,classic_bike,2021-08-12 11:08:04,2021-08-12 11:23:14,Grand Army Plaza & Plaza St West,4010,Clark St & Henry St,4789,40.6729679,-73.97087984,40.69760127,-73.99344559,member
1164087,691AA290A33B523B,classic_bike,2021-08-26 13:49:54,2021-08-26 13:56:52,Lawrence St & Willoughby St,4596,Clark St & Henry St,4789,40.69236178,-73.98631746,40.69760127,-73.99344559,casual
1164090,C1EA506B05110F94,electric_bike,2021-08-15 09:54:08,2021-08-15 10:11:49,Great Jones St,5636,Clark St & Henry St,4789,40.72743423,-73.99379025,40.69760127,-73.99344559,casual
1164101,891A7682A373102A,classic_bike,2021-08-31 10:41:36,2021-08-31 10:48:09,Willoughby St & Fleet St,4628,Clark St & Henry St,4789,40.69196566,-73.9813018,40.69760127,-73.99344559,member
1164117,E678379164D241AC,classic_bike,2021-08-05 16:31:43,2021-08-05 16:37:21,Lawrence St & Willoughby St,4596,Clark St & Henry St,4789,40.69236178,-73.98631746,40.69760127,-73.99344559,member
1164120,48E5AEB8BE353FD3,classic_bike,2021-08-06 16:36:33,2021-08-06 16:44:30,Lawrence St & Willoughby St,4596,Clark St & Henry St,4789,40.69236178,-73.98631746,40.69760127,-73.99344559,member
1164121,5C73696A8875C09E,classic_bike,2021-08-13 18:19:37,2021-08-13 18:35:13,Reade St & Broadway,5247,Clark St & Henry St,4789,40.71450451,-74.00562789,40.69760127,-73.99344559,member
1164125,0A8A2C1851E96E5A,classic_bike,2021-08-03 14:17:21,2021-08-03 14:29:06,Smith St & 9 St,4077,Clark St & Henry St,4789,40.6746957,-73.99785768,40.69760127,-73.99344559,member
1164140,41B86D2EA51B7BBA,electric_bike,2021-08-24 18:39:31,2021-08-24 18:59:46,Great Jones St,5636,Clark St & Henry St,4789,40.72743423,-73.99379025,40.69760127,-73.99344559,member
1164146,5345092AEED93353,classic_bike,2021-08-14 23:13:24,2021-08-14 23:34:22,Lawrence St & Willoughby St,4596,Clark St & Henry St,4789,40.69236178,-73.98631746,40.69760127,-73.99344559,casual
1164166,9B696D6B9A473973,electric_bike,2021-08-26 22:15:07,2021-08-26 22:33:51,Great Jones St,5636,Clark St & Henry St,4789,40.72743423,-73.99379025,40.69760127,-73.99344559,member
1164171,6541B970DE2976C1,classic_bike,2021-08-26 10:58:02,2021-08-26 11:03:21,Lawrence St & Willoughby St,4596,Clark St & Henry St,4789,40.69236178,-73.98631746,40.69760127,-73.99344559,member
1164175,9AA92687A49DD766,electric_bike,2021-08-02 20:29:39,2021-08-02 20:40:04,Reade St & Broadway,5247,Clark St & Henry St,4789,40.71450451,-74.00562789,40.69760127,-73.99344559,member
1164185,4AA7234BC0421FE1,classic_bike,2021-08-15 10:28:20,2021-08-15 10:30:50,Columbia Heights & Cranberry St,4829,Clark St & Henry St,4789,40.70037867,-73.99548059,40.69760127,-73.99344559,member
1164190,71D648C9CE3F0866,classic_bike,2021-08-16 07:18:20,2021-08-16 07:21:33,Columbia Heights & Cranberry St,4829,Clark St & Henry St,4789,40.70037867,-73.99548059,40.69760127,-73.99344559,member
1164191,C0B71BE851111D6F,classic_bike,2021-08-31 10:22:56,2021-08-31 10:26:30,Columbia Heights & Cranberry St,4829,Clark St & Henry St,4789,40.70037867,-73.99548059,40.69760127,-73.99344559,member
1164192,5FAC1B8A3EC17274,classic_bike,2021-08-28 14:36:14,2021-08-28 14:39:02,Columbia Heights & Cranberry St,4829,Clark St & Henry St,4789,40.70037867,-73.99548059,40.69760127,-73.99344559,member
1164216,A762C750BC6555FF,classic_bike,2021-08-27 05:24:55,2021-08-27 05:51:56,Smith St & 9 St,4077,Clark St & Henry St,4789,40.6746957,-73.99785768,40.69760127,-73.99344559,casual
1164221,0CF34DBE93608F7A,classic_bike,2021-08-31 20:55:36,2021-08-31 21:04:01,DeKalb Ave & Hudson Ave,4513,Clark St & Henry St,4789,40.689888,-73.981013,40.69760127,-73.99344559,member
1164236,47E8921E10F48168,classic_bike,2021-08-02 19:07:00,2021-08-02 19:23:34,Court St & Nelson St,4077,Clark St & Henry St,4789,40.6763947,-73.99869893,40.69760127,-73.99344559,casual
1164253,1963E07A91766A39,classic_bike,2021-08-08 14:59:16,2021-08-08 15:06:50,Clinton St & Tillary St,4748,Clark St & Henry St,4789,40.69623297129316,-73.99142056703568,40.69760127,-73.99344559,member
1164258,7324A581183E125A,classic_bike,2021-08-18 15:37:44,2021-08-18 15:39:11,Clinton St & Tillary St,4748,Clark St & Henry St,4789,40.69623297129316,-73.99142056703568,40.69760127,-73.99344559,member
1164259,3D26D1CDEAFF18D2,classic_bike,2021-08-18 15:48:38,2021-08-18 15:50:07,Clinton St & Tillary St,4748,Clark St & Henry St,4789,40.69623297129316,-73.99142056703568,40.69760127,-73.99344559,member
1164260,2224FE997A8085DC,classic_bike,2021-08-18 16:19:46,2021-08-18 16:21:06,Clinton St & Tillary St,4748,Clark St & Henry St,4789,40.69623297129316,-73.99142056703568,40.69760127,-73.99344559,member
1164261,F93450960CCF117B,classic_bike,2021-08-18 15:28:16,2021-08-18 15:29:31,Clinton St & Tillary St,4748,Clark St & Henry St,4789,40.69623297129316,-73.99142056703568,40.69760127,-73.99344559,member
1164262,76E20B373D6398D7,classic_bike,2021-08-18 15:33:00,2021-08-18 15:34:17,Clinton St & Tillary St,4748,Clark St & Henry St,4789,40.69623297129316,-73.99142056703568,40.69760127,-73.99344559,member
1164263,0B8967AA008CF9CF,classic_bike,2021-08-18 15:42:37,2021-08-18 15:44:11,Clinton St & Tillary St,4748,Clark St & Henry St,4789,40.69623297129316,-73.99142056703568,40.69760127,-73.99344559,member
1164265,CFB952DEA6EBEFC5,classic_bike,2021-08-21 14:33:52,2021-08-21 14:35:43,Clinton St & Tillary St,4748,Clark St & Henry St,4789,40.69623297129316,-73.99142056703568,40.69760127,-73.99344559,member
1164276,83079397C9250477,classic_bike,2021-08-21 13:54:21,2021-08-21 14:49:26,3 Ave & E 72 St,7028,Clark St & Henry St,4789,40.7699426,-73.96060712,40.69760127,-73.99344559,member
1164282,BB712351202DF0E9,classic_bike,2021-08-29 21:41:10,2021-08-29 21:54:44,Jay St & Tech Pl,4710,Clark St & Henry St,4789,40.695065,-73.987167,40.69760127,-73.99344559,casual
1164292,5363336A4ED7F4E4,classic_bike,2021-08-25 15:07:56,2021-08-25 15:14:16,Jay St & Tech Pl,4710,Clark St & Henry St,4789,40.695065,-73.987167,40.69760127,-73.99344559,casual
1164294,2655CD97FF32427A,classic_bike,2021-08-05 17:26:53,2021-08-05 17:46:38,Richards St & Delavan St,4202,Clark St & Henry St,4789,40.6794327,-74.00785041,40.69760127,-73.99344559,casual
1164298,64CC692886E69D22,classic_bike,2021-08-31 15:26:34,2021-08-31 15:33:20,Jay St & Tech Pl,4710,Clark St & Henry St,4789,40.695065,-73.987167,40.69760127,-73.99344559,casual
1164301,AB72DC10768A88F7,electric_bike,2021-08-04 08:12:14,2021-08-04 08:36:18,Jay St & Tech Pl,4710,Clark St & Henry St,4789,40.695065,-73.987167,40.69760127,-73.99344559,casual
1164307,ADD830BC04CFEB6C,classic_bike,2021-08-14 18:18:25,2021-08-14 18:24:59,Jay St & Tech Pl,4710,Clark St & Henry St,4789,40.695065,-73.987167,40.69760127,-73.99344559,member
1164318,57F2E852488B9ACD,electric_bike,2021-08-30 14:20:55,2021-08-30 14:29:09,Jay St & Tech Pl,4710,Clark St & Henry St,4789,40.695065,-73.987167,40.69760127,-73.99344559,casual
1164320,AD84AB9471A3BEFF,electric_bike,2021-08-05 19:40:03,2021-08-05 20:02:02,Bushwick Ave & McKibbin St,5027,Clark St & Henry St,4789,40.705517,-73.93936,40.69760127,-73.99344559,casual
1164322,8AC5EDFEA106B68F,classic_bike,2021-08-04 13:23:13,2021-08-04 13:28:47,Jay St & Tech Pl,4710,Clark St & Henry St,4789,40.695065,-73.987167,40.69760127,-73.99344559,casual
1164324,648D9CEB560F0B4B,classic_bike,2021-08-26 07:21:53,2021-08-26 07:37:47,3 St & Hoyt St,4110,Clark St & Henry St,4789,40.6777287,-73.99364123,40.69760127,-73.99344559,member
1164354,4219450E7AC22965,classic_bike,2021-08-30 20:34:11,2021-08-30 21:03:00,E 33 St & 1 Ave,6197,Clark St & Henry St,4789,40.74322681432173,-73.97449783980846,40.69760127,-73.99344559,member
1164355,989A3711879EAC7A,electric_bike,2021-08-10 08:13:44,2021-08-10 08:30:00,Columbia St & Rivington St,5365,Clark St & Henry St,4789,40.71739973,-73.98016555,40.69760127,-73.99344559,member
1164358,8C23BB080A746AD3,electric_bike,2021-08-16 13:15:55,2021-08-16 13:33:53,Bayard St & Baxter St,5351,Clark St & Henry St,4789,40.71602118,-73.99974372,40.69760127,-73.99344559,casual
1164373,E97C50244F734964,classic_bike,2021-08-20 16:47:08,2021-08-20 17:03:33,Bergen St & Flatbush Ave,4281,Clark St & Henry St,4789,40.680944723477296,-73.97567331790923,40.69760127,-73.99344559,member
1164374,2EE51CE5929A85B7,classic_bike,2021-08-20 16:27:20,2021-08-20 16:38:52,Carlton Ave & Flushing Ave,4732,Clark St & Henry St,4789,40.697787,-73.973736,40.69760127,-73.99344559,member
1164376,D3DA0F099588B5D9,electric_bike,2021-08-19 07:24:02,2021-08-19 07:35:34,Bergen St & Flatbush Ave,4281,Clark St & Henry St,4789,40.680944723477296,-73.97567331790923,40.69760127,-73.99344559,member
1164384,FD177DCD10017A98,classic_bike,2021-08-13 20:42:25,2021-08-13 21:02:38,Bayard St & Baxter St,5351,Clark St & Henry St,4789,40.71602118,-73.99974372,40.69760127,-73.99344559,member
1164390,E5D4FB8E2CB7BA1E,electric_bike,2021-08-26 21:10:22,2021-08-26 21:21:32,Bayard St & Baxter St,5351,Clark St & Henry St,4789,40.71602118,-73.99974372,40.69760127,-73.99344559,member
1164392,3963CFD4A4F289F6,electric_bike,2021-08-06 09:19:35,2021-08-06 09:29:20,Carlton Ave & Flushing Ave,4732,Clark St & Henry St,4789,40.697787,-73.973736,40.69760127,-73.99344559,member
1164406,D934D5954E89F319,classic_bike,2021-08-13 15:41:58,2021-08-13 16:14:25,Dwight St & Van Dyke St,3981,Clark St & Henry St,4789,40.67363551341504,-74.01195555925369,40.69760127,-73.99344559,member
1164422,6B9B4572BF80F2A9,classic_bike,2021-08-23 15:42:46,2021-08-23 15:46:04,Columbia Heights & Cranberry St,4829,Clark St & Henry St,4789,40.70037867,-73.99548059,40.69760127,-73.99344559,member
1164424,DB68899E66E13177,classic_bike,2021-08-12 19:59:41,2021-08-12 20:01:43,Columbia Heights & Cranberry St,4829,Clark St & Henry St,4789,40.70037867,-73.99548059,40.69760127,-73.99344559,member
1164425,3CE5E1F3B78002D8,classic_bike,2021-08-18 07:53:26,2021-08-18 07:57:44,Columbia Heights & Cranberry St,4829,Clark St & Henry St,4789,40.70037867,-73.99548059,40.69760127,-73.99344559,member
1164427,B71B5FB1CA035801,electric_bike,2021-08-28 15:42:34,2021-08-28 15:46:31,Columbia Heights & Cranberry St,4829,Clark St & Henry St,4789,40.70037867,-73.99548059,40.69760127,-73.99344559,member
1164434,BB3C84CBD7CA2A80,classic_bike,2021-08-29 11:17:17,2021-08-29 11:20:11,Columbia Heights & Cranberry St,4829,Clark St & Henry St,4789,40.70037867,-73.99548059,40.69760127,-73.99344559,casual
1164437,EAFAE3AA50C7F900,classic_bike,2021-08-02 21:12:04,2021-08-02 21:16:42,Columbia Heights & Cranberry St,4829,Clark St & Henry St,4789,40.70037867,-73.99548059,40.69760127,-73.99344559,casual
1164442,5964ECDBFFB41253,electric_bike,2021-08-11 23:15:40,2021-08-11 23:29:32,Bayard St & Baxter St,5351,Clark St & Henry St,4789,40.71602118,-73.99974372,40.69760127,-73.99344559,member
1164447,73D4F3D8868420D4,electric_bike,2021-08-09 20:05:05,2021-08-09 20:22:10,Bayard St & Baxter St,5351,Clark St & Henry St,4789,40.71602118,-73.99974372,40.69760127,-73.99344559,member
1164479,0AF73D6837F76B64,classic_bike,2021-08-03 14:31:02,2021-08-03 14:34:56,Clinton St & Joralemon St,4605,Clark St & Henry St,4789,40.69239502,-73.99337909,40.69760127,-73.99344559,member
1164491,9B13D44B4CDCD507,classic_bike,2021-08-28 16:22:48,2021-08-28 16:55:06,Union St & 4 Ave,4175,Clark St & Henry St,4789,40.6772744,-73.98282002,40.69760127,-73.99344559,member
1164495,E30CF76A69CB79AA,classic_bike,2021-08-03 14:32:47,2021-08-03 14:36:11,Clinton St & Joralemon St,4605,Clark St & Henry St,4789,40.69239502,-73.99337909,40.69760127,-73.99344559,member
1164501,A34F2F596F49AC9B,electric_bike,2021-08-13 18:19:55,2021-08-13 18:35:35,Mercer St & Bleecker St,5679,Clark St & Henry St,4789,40.72706363348306,-73.99662137031554,40.69760127,-73.99344559,member
1164514,38808288BEB34877,classic_bike,2021-08-18 20:52:17,2021-08-18 21:04:27,Dean St & Hoyt St,4446,Clark St & Henry St,4789,40.6864442,-73.98759104,40.69760127,-73.99344559,member
1164517,E6BCEBF63590712E,classic_bike,2021-08-10 18:13:02,2021-08-10 18:28:21,Lispenard St & Broadway,5391,Clark St & Henry St,4789,40.71939226,-74.00247214,40.69760127,-73.99344559,member
1164540,1F77E3F0FFAF1F6B,classic_bike,2021-08-12 18:40:02,2021-08-12 18:56:07,Greenwich St & Hubert St,5470,Clark St & Henry St,4789,40.721319,-74.010065,40.69760127,-73.99344559,member
1164541,70E3276EC3F433EB,electric_bike,2021-08-10 23:32:06,2021-08-10 23:45:50,Duane St & Greenwich St,5400,Clark St & Henry St,4789,40.71748752,-74.0104554,40.69760127,-73.99344559,member
1164557,8D6DCE3C0B606AD9,docked_bike,2021-08-21 01:30:10,2021-08-21 01:40:28,Dean St & Hoyt St,4446,Clark St & Henry St,4789,40.686444,-73.987591,40.697601,-73.993446,casual
1164564,C5CB33E6752770A4,classic_bike,2021-08-01 09:53:07,2021-08-01 10:04:01,Nassau St & Navy St,4812,Clark St & Henry St,4789,40.69839895,-73.98068914,40.69760127,-73.99344559,member
1164566,53F8B660E83E7D8D,electric_bike,2021-08-23 19:33:47,2021-08-23 19:43:53,Washington Park,4546,Clark St & Henry St,4789,40.6917823,-73.9737299,40.69760127,-73.99344559,member
1164567,275ABB5BA4A4742E,classic_bike,2021-08-24 15:40:32,2021-08-24 15:48:48,Washington Park,4546,Clark St & Henry St,4789,40.6917823,-73.9737299,40.69760127,-73.99344559,member
1164569,8CD5F93A7320C102,electric_bike,2021-08-26 09:41:46,2021-08-26 09:58:11,E 13 St & 2 Ave,5820,Clark St & Henry St,4789,40.73153937464073,-73.9853024482727,40.69760127,-73.99344559,member
1164585,3A55263AF9F9CA27,classic_bike,2021-08-17 07:18:13,2021-08-17 07:40:28,West St & Chambers St,5329,Clark St & Henry St,4789,40.71754834,-74.01322069,40.69760127,-73.99344559,member
1164586,C407CE171DA59F28,classic_bike,2021-08-17 16:46:20,2021-08-17 17:12:16,West St & Chambers St,5329,Clark St & Henry St,4789,40.71754834,-74.01322069,40.69760127,-73.99344559,member
1164605,6219409E325606AA,classic_bike,2021-08-23 16:38:45,2021-08-23 17:00:48,Old Slip & South St,4993,Clark St & Henry St,4789,40.70336686695866,-74.007867872715,40.69760127,-73.99344559,member
1164662,4984B0983B409030,classic_bike,2021-08-31 18:33:01,2021-08-31 18:59:58,Bank St & Washington St,5964,Clark St & Henry St,4789,40.7361967,-74.00859207,40.69760127,-73.99344559,member
1164665,F4D5E491F06AA7DD,electric_bike,2021-08-11 13:37:58,2021-08-11 13:52:17,Canal St & Rutgers St,5303,Clark St & Henry St,4789,40.71427487,-73.98990025,40.69760127,-73.99344559,member
1164670,35779B76FBDB2375,electric_bike,2021-08-27 01:53:11,2021-08-27 02:12:23,5 St & 6 Ave,3874,Clark St & Henry St,4789,40.6704836,-73.98208968,40.69760127,-73.99344559,member
1164699,85DFDC7DFE95162A,classic_bike,2021-08-05 08:53:15,2021-08-05 08:57:18,Atlantic Ave & Furman St,4614,Clark St & Henry St,4789,40.69165183,-73.9999786,40.69760127,-73.99344559,member
1164707,9ED01644B3E45A04,classic_bike,2021-08-20 18:45:35,2021-08-20 19:23:19,Atlantic Ave & Furman St,4614,Clark St & Henry St,4789,40.69165183,-73.9999786,40.69760127,-73.99344559,casual
1164709,470C54C643E0E8DF,classic_bike,2021-08-31 17:27:44,2021-08-31 18:08:04,Atlantic Ave & Furman St,4614,Clark St & Henry St,4789,40.69165183,-73.9999786,40.69760127,-73.99344559,member
1164721,3FA85BFE431F0525,electric_bike,2021-08-09 08:25:35,2021-08-09 08:53:52,5 St & 6 Ave,3874,Clark St & Henry St,4789,40.6704836,-73.98208968,40.69760127,-73.99344559,member
1164724,83ED4C5E265148D3,classic_bike,2021-08-17 21:31:45,2021-08-17 21:36:55,Atlantic Ave & Furman St,4614,Clark St & Henry St,4789,40.69165183,-73.9999786,40.69760127,-73.99344559,member
1164737,F4816E18AA05E65F,classic_bike,2021-08-24 16:36:25,2021-08-24 16:50:10,4 Ave & 3 St,4028,Clark St & Henry St,4789,40.673746,-73.985649,40.69760127,-73.99344559,member
1164746,91BD87058C66E52A,classic_bike,2021-08-05 20:07:31,2021-08-05 20:56:26,Spruce St & Nassau St,5137,Clark St & Henry St,4789,40.71146364,-74.00552427,40.69760127,-73.99344559,casual
1164774,791C234861B4DAC9,electric_bike,2021-08-03 19:32:42,2021-08-03 19:47:38,Allen St & Hester St,5342,Clark St & Henry St,4789,40.71605866,-73.99190759,40.69760127,-73.99344559,member
1164777,654071EB61216953,electric_bike,2021-08-13 00:11:05,2021-08-13 00:47:52,Amsterdam Ave & W 73 St,7260,Clark St & Henry St,4789,40.77966809007312,-73.98093044757842,40.69760127,-73.99344559,member
1164786,BA7D816CAA84EC03,electric_bike,2021-08-27 10:33:47,2021-08-27 10:38:01,Jay St & Tech Pl,4710,Clark St & Henry St,4789,40.695065,-73.987167,40.69760127,-73.99344559,casual
1164821,48CC9E05763215B1,electric_bike,2021-08-04 16:12:38,2021-08-04 16:25:43,Allen St & Hester St,5342,Clark St & Henry St,4789,40.71605866,-73.99190759,40.69760127,-73.99344559,casual
1164823,2B68A8000F0267F6,classic_bike,2021-08-03 21:40:51,2021-08-03 21:52:02,Allen St & Hester St,5342,Clark St & Henry St,4789,40.71605866,-73.99190759,40.69760127,-73.99344559,casual
1164830,507FDF5175AB6636,electric_bike,2021-08-27 19:47:15,2021-08-27 20:15:45,24 St & 5 Ave,3555,Clark St & Henry St,4789,40.659555,-73.995068,40.69760127,-73.99344559,member
1164856,60782C95992C5050,classic_bike,2021-08-03 20:43:20,2021-08-03 20:46:32,Henry St & Middagh St,4861,Clark St & Henry St,4789,40.7003,-73.991581,40.69760127,-73.99344559,member
1164857,E15467B6D0243A3C,classic_bike,2021-08-21 17:58:41,2021-08-21 18:01:01,Henry St & Middagh St,4861,Clark St & Henry St,4789,40.7003,-73.991581,40.69760127,-73.99344559,member
1164858,30E59BACAD60A394,classic_bike,2021-08-02 18:14:26,2021-08-02 18:16:22,Henry St & Middagh St,4861,Clark St & Henry St,4789,40.7003,-73.991581,40.69760127,-73.99344559,member
1164859,23D7C6673FE5EED3,classic_bike,2021-08-23 17:09:45,2021-08-23 17:12:13,Henry St & Middagh St,4861,Clark St & Henry St,4789,40.7003,-73.991581,40.69760127,-73.99344559,member
1164860,97CB5C2ADCA603F4,electric_bike,2021-08-09 14:14:21,2021-08-09 14:15:59,Henry St & Middagh St,4861,Clark St & Henry St,4789,40.7003,-73.991581,40.69760127,-73.99344559,member
1164861,F49FC8E7867B7EAC,electric_bike,2021-08-09 14:04:22,2021-08-09 14:05:53,Henry St & Middagh St,4861,Clark St & Henry St,4789,40.7003,-73.991581,40.69760127,-73.99344559,member
1164862,7F0DFE1EB96FC4BB,classic_bike,2021-08-28 00:28:03,2021-08-28 00:30:24,Henry St & Middagh St,4861,Clark St & Henry St,4789,40.7003,-73.991581,40.69760127,-73.99344559,member
1164866,FC0DEB4657B5D2FE,classic_bike,2021-08-23 19:05:49,2021-08-23 20:15:56,Henry St & Middagh St,4861,Clark St & Henry St,4789,40.7003,-73.991581,40.69760127,-73.99344559,member
1164867,A9D3D6CBD7FF23D3,classic_bike,2021-08-07 15:21:20,2021-08-07 15:24:14,Henry St & Middagh St,4861,Clark St & Henry St,4789,40.7003,-73.991581,40.69760127,-73.99344559,member
1164869,57A23D7CCC02A0A1,classic_bike,2021-08-25 08:27:09,2021-08-25 08:28:49,Henry St & Middagh St,4861,Clark St & Henry St,4789,40.7003,-73.991581,40.69760127,-73.99344559,member
1164870,AFA05302CE62182C,classic_bike,2021-08-05 18:52:27,2021-08-05 18:54:32,Henry St & Middagh St,4861,Clark St & Henry St,4789,40.7003,-73.991581,40.69760127,-73.99344559,member
1164871,511E197E06BBBACC,classic_bike,2021-08-24 18:21:07,2021-08-24 18:22:56,Henry St & Middagh St,4861,Clark St & Henry St,4789,40.7003,-73.991581,40.69760127,-73.99344559,member
1164882,2BEEE9B88EC6B3D5,electric_bike,2021-08-05 12:27:02,2021-08-05 12:36:01,Court St & Nelson St,4077,Clark St & Henry St,4789,40.6763947,-73.99869893,40.69760127,-73.99344559,member
1164895,C58866C8A7E3C165,classic_bike,2021-08-29 18:20:39,2021-08-29 18:24:14,Montague St & Clinton St,4677,Clark St & Henry St,4789,40.6942715,-73.9923272,40.69760127,-73.99344559,member
1164947,2197AD15F1D2D51B,classic_bike,2021-08-16 18:07:51,2021-08-16 18:38:13,E 7 St & Avenue A,5626,Clark St & Henry St,4789,40.72621788,-73.98379855,40.69760127,-73.99344559,casual
1164963,5A833984AA3B7732,classic_bike,2021-08-11 10:41:09,2021-08-11 10:59:09,Court St & Nelson St,4077,Clark St & Henry St,4789,40.6763947,-73.99869893,40.69760127,-73.99344559,casual
1165015,430A3D5AF227BB3A,classic_bike,2021-08-12 13:16:10,2021-08-12 13:20:43,Clinton St & Joralemon St,4605,Clark St & Henry St,4789,40.69239502,-73.99337909,40.69760127,-73.99344559,casual
1165019,A2B26E285B789824,classic_bike,2021-08-12 09:51:39,2021-08-12 09:55:29,Clinton St & Joralemon St,4605,Clark St & Henry St,4789,40.69239502,-73.99337909,40.69760127,-73.99344559,member
1165028,7EE0146CCFBFF291,classic_bike,2021-08-06 23:26:27,2021-08-06 23:31:07,Clinton St & Joralemon St,4605,Clark St & Henry St,4789,40.69239502,-73.99337909,40.69760127,-73.99344559,casual
1165030,A46237969B7EB19C,classic_bike,2021-08-09 14:09:01,2021-08-09 14:27:10,Forsyth St & Canal St,5270,Clark St & Henry St,4789,40.7158155,-73.99422366,40.69760127,-73.99344559,member
1165032,0F564E1314011EDD,classic_bike,2021-08-14 22:57:25,2021-08-14 23:13:52,Forsyth St & Canal St,5270,Clark St & Henry St,4789,40.7158155,-73.99422366,40.69760127,-73.99344559,member
1165033,19448F4027B40081,electric_bike,2021-08-20 09:18:49,2021-08-20 09:29:51,Forsyth St & Canal St,5270,Clark St & Henry St,4789,40.7158155,-73.99422366,40.69760127,-73.99344559,member
1165034,BC5476991C5B3E55,electric_bike,2021-08-08 10:00:00,2021-08-08 10:02:53,Clinton St & Joralemon St,4605,Clark St & Henry St,4789,40.69239502,-73.99337909,40.69760127,-73.99344559,member
1165035,A991978C8E306822,electric_bike,2021-08-31 23:52:51,2021-08-31 23:57:01,Clinton St & Joralemon St,4605,Clark St & Henry St,4789,40.69239502,-73.99337909,40.69760127,-73.99344559,member
1165036,EF15449053BFEEF7,classic_bike,2021-08-16 13:23:59,2021-08-16 13:43:54,Forsyth St & Canal St,5270,Clark St & Henry St,4789,40.7158155,-73.99422366,40.69760127,-73.99344559,member
1165045,4596B7AFCE604C57,electric_bike,2021-08-20 21:49:00,2021-08-20 21:58:43,Forsyth St & Canal St,5270,Clark St & Henry St,4789,40.7158155,-73.99422366,40.69760127,-73.99344559,member
1165046,FF27B0AE6BB0AEE0,classic_bike,2021-08-18 03:07:06,2021-08-18 03:13:29,Clinton St & Joralemon St,4605,Clark St & Henry St,4789,40.69239502,-73.99337909,40.69760127,-73.99344559,member
1165049,6C2AFE791593FDA1,classic_bike,2021-08-24 00:00:36,2021-08-24 01:00:24,Forsyth St & Canal St,5270,Clark St & Henry St,4789,40.7158155,-73.99422366,40.69760127,-73.99344559,casual
1165057,EFED8C112FAF2090,classic_bike,2021-08-31 14:52:07,2021-08-31 14:56:42,Clinton St & Joralemon St,4605,Clark St & Henry St,4789,40.69239502,-73.99337909,40.69760127,-73.99344559,member
1165058,5F7B4F00162F6C7A,electric_bike,2021-08-09 14:35:30,2021-08-09 14:38:34,Clinton St & Joralemon St,4605,Clark St & Henry St,4789,40.69239502,-73.99337909,40.69760127,-73.99344559,member
1165071,1763631D966A1964,electric_bike,2021-08-11 09:44:35,2021-08-11 10:08:00,Greenwich Ave & 8 Ave,6072,Clark St & Henry St,4789,40.7390169121,-74.0026376103,40.69760127,-73.99344559,member
1165072,87720A11A6B47009,classic_bike,2021-08-03 16:00:04,2021-08-03 16:03:37,Clinton St & Joralemon St,4605,Clark St & Henry St,4789,40.69239502,-73.99337909,40.69760127,-73.99344559,member
1165073,A223D2FED43C8E28,classic_bike,2021-08-17 20:14:37,2021-08-17 20:19:38,Clinton St & Joralemon St,4605,Clark St & Henry St,4789,40.69239502,-73.99337909,40.69760127,-73.99344559,member
1165079,7E1D1556939AD47F,classic_bike,2021-08-03 14:47:41,2021-08-03 14:52:12,Clinton St & Joralemon St,4605,Clark St & Henry St,4789,40.69239502,-73.99337909,40.69760127,-73.99344559,member
1165080,EA1364C792918B64,classic_bike,2021-08-20 08:17:48,2021-08-20 08:36:22,Clinton St & Joralemon St,4605,Clark St & Henry St,4789,40.69239502,-73.99337909,40.69760127,-73.99344559,member
1165081,AEEB60BADA243847,classic_bike,2021-08-22 01:23:42,2021-08-22 01:29:05,Clinton St & Joralemon St,4605,Clark St & Henry St,4789,40.69239502,-73.99337909,40.69760127,-73.99344559,member
1165082,D6E9C57994931F0C,classic_bike,2021-08-17 17:28:46,2021-08-17 17:33:22,Clinton St & Joralemon St,4605,Clark St & Henry St,4789,40.69239502,-73.99337909,40.69760127,-73.99344559,member
1165094,3B3DDC4EBC4EDFCF,classic_bike,2021-08-23 13:18:13,2021-08-23 13:25:07,Lawrence St & Willoughby St,4596,Clark St & Henry St,4789,40.69236178,-73.98631746,40.69760127,-73.99344559,casual
1165098,17CC68392DA3F78C,electric_bike,2021-08-16 15:24:18,2021-08-16 15:35:20,Railroad Ave & Kay Ave,4990,Clark St & Henry St,4789,40.70531194,-73.97100056,40.69760127,-73.99344559,member
1165099,32CFDB1A26B55D77,classic_bike,2021-08-20 21:16:05,2021-08-20 21:20:54,Lawrence St & Willoughby St,4596,Clark St & Henry St,4789,40.69236178,-73.98631746,40.69760127,-73.99344559,member
1165123,EDA2AE2F2E41C492,classic_bike,2021-08-01 14:48:00,2021-08-01 15:11:29,Flushing Ave & Vanderbilt Ave,4762,Clark St & Henry St,4789,40.69795031569544,-73.97077560424805,40.69760127,-73.99344559,member
1165131,24EC00889D0ACF02,classic_bike,2021-08-10 15:08:46,2021-08-10 16:57:25,Flushing Ave & Vanderbilt Ave,4762,Clark St & Henry St,4789,40.69795031569544,-73.97077560424805,40.69760127,-73.99344559,casual
1165155,12DB63CA8A0BBDD0,classic_bike,2021-08-05 15:59:16,2021-08-05 16:16:18,Great Jones St,5636,Clark St & Henry St,4789,40.72743423,-73.99379025,40.69760127,-73.99344559,member
1165156,35049FE424C78FA9,classic_bike,2021-08-28 23:31:58,2021-08-29 00:06:43,E 31 St & 3 Ave,6239,Clark St & Henry St,4789,40.74394314,-73.97966069,40.69760127,-73.99344559,member
1165159,8935A6558D08A933,classic_bike,2021-08-17 13:36:40,2021-08-17 13:38:23,Clinton St & Tillary St,4748,Clark St & Henry St,4789,40.69623297129316,-73.99142056703568,40.69760127,-73.99344559,member
1165167,CD2F98B14C064FCD,classic_bike,2021-08-10 22:04:32,2021-08-10 22:06:14,Clinton St & Tillary St,4748,Clark St & Henry St,4789,40.69623297129316,-73.99142056703568,40.69760127,-73.99344559,member
1165170,A57B534E07E9FB6F,classic_bike,2021-08-03 08:10:54,2021-08-03 08:12:37,Clinton St & Tillary St,4748,Clark St & Henry St,4789,40.69623297129316,-73.99142056703568,40.69760127,-73.99344559,member
1165172,1F5ABA763FBDC194,classic_bike,2021-08-14 20:50:03,2021-08-14 20:56:54,Clinton St & Tillary St,4748,Clark St & Henry St,4789,40.69623297129316,-73.99142056703568,40.69760127,-73.99344559,member
1165174,D049F5A12477691D,classic_bike,2021-08-22 15:49:49,2021-08-22 15:51:20,Clinton St & Tillary St,4748,Clark St & Henry St,4789,40.69623297129316,-73.99142056703568,40.69760127,-73.99344559,member
1165175,A257FA5DBA28B65C,classic_bike,2021-08-27 07:38:57,2021-08-27 08:30:09,Clinton St & Tillary St,4748,Clark St & Henry St,4789,40.69623297129316,-73.99142056703568,40.69760127,-73.99344559,member
1165179,5A3F75888C08182E,classic_bike,2021-08-23 15:56:24,2021-08-23 15:57:53,Clinton St & Tillary St,4748,Clark St & Henry St,4789,40.69623297129316,-73.99142056703568,40.69760127,-73.99344559,member
1165180,7BA291E6D1E66F7D,classic_bike,2021-08-14 13:45:33,2021-08-14 13:46:47,Clinton St & Tillary St,4748,Clark St & Henry St,4789,40.69623297129316,-73.99142056703568,40.69760127,-73.99344559,member
1165181,50C6057479E2CA86,classic_bike,2021-08-14 13:57:29,2021-08-14 13:58:41,Clinton St & Tillary St,4748,Clark St & Henry St,4789,40.69623297129316,-73.99142056703568,40.69760127,-73.99344559,member
1165182,B3186417BC7B2FF2,classic_bike,2021-08-14 13:39:53,2021-08-14 13:41:18,Clinton St & Tillary St,4748,Clark St & Henry St,4789,40.69623297129316,-73.99142056703568,40.69760127,-73.99344559,member
1165183,5FB96B63E19539F9,classic_bike,2021-08-14 14:02:17,2021-08-14 14:03:47,Clinton St & Tillary St,4748,Clark St & Henry St,4789,40.69623297129316,-73.99142056703568,40.69760127,-73.99344559,member
1165184,DF574211671CC8E7,classic_bike,2021-08-14 14:07:13,2021-08-14 14:08:36,Clinton St & Tillary St,4748,Clark St & Henry St,4789,40.69623297129316,-73.99142056703568,40.69760127,-73.99344559,member
1165185,C7ADB4DE1F93C238,classic_bike,2021-08-14 13:52:42,2021-08-14 13:54:19,Clinton St & Tillary St,4748,Clark St & Henry St,4789,40.69623297129316,-73.99142056703568,40.69760127,-73.99344559,member
1165202,142B3C1CDC68347B,electric_bike,2021-08-06 23:12:17,2021-08-06 23:20:06,Willoughby St & Fleet St,4628,Clark St & Henry St,4789,40.69196566,-73.9813018,40.69760127,-73.99344559,casual
1165203,3BE451B687FED809,classic_bike,2021-08-03 18:25:27,2021-08-03 18:33:46,Clinton St & Tillary St,4748,Clark St & Henry St,4789,40.69623297129316,-73.99142056703568,40.69760127,-73.99344559,member
1165205,717C7F2E07F40702,classic_bike,2021-08-26 16:02:33,2021-08-26 16:03:54,Clinton St & Tillary St,4748,Clark St & Henry St,4789,40.69623297129316,-73.99142056703568,40.69760127,-73.99344559,member
1165206,8E2E59A964C76F42,classic_bike,2021-08-26 15:45:49,2021-08-26 15:47:11,Clinton St & Tillary St,4748,Clark St & Henry St,4789,40.69623297129316,-73.99142056703568,40.69760127,-73.99344559,member
1165207,548B448BC2F29BB4,classic_bike,2021-08-26 15:04:51,2021-08-26 15:06:10,Clinton St & Tillary St,4748,Clark St & Henry St,4789,40.69623297129316,-73.99142056703568,40.69760127,-73.99344559,member
1165208,7C7172494620F8D4,classic_bike,2021-08-26 15:51:33,2021-08-26 15:52:47,Clinton St & Tillary St,4748,Clark St & Henry St,4789,40.69623297129316,-73.99142056703568,40.69760127,-73.99344559,member
1165209,DD0197512074325E,classic_bike,2021-08-26 16:07:33,2021-08-26 16:08:57,Clinton St & Tillary St,4748,Clark St & Henry St,4789,40.69623297129316,-73.99142056703568,40.69760127,-73.99344559,member
1165210,8E0200D8641A42B4,classic_bike,2021-08-26 15:57:19,2021-08-26 15:58:44,Clinton St & Tillary St,4748,Clark St & Henry St,4789,40.69623297129316,-73.99142056703568,40.69760127,-73.99344559,member
1165241,D5BC7E702885EE69,classic_bike,2021-08-20 23:12:15,2021-08-20 23:22:04,Hanson Pl & Ashland Pl,4395,Clark St & Henry St,4789,40.68506807308177,-73.97790759801863,40.69760127,-73.99344559,member
1165247,51C39296C9CE1811,electric_bike,2021-08-06 08:12:11,2021-08-06 08:25:06,Hanson Pl & Ashland Pl,4395,Clark St & Henry St,4789,40.68506807308177,-73.97790759801863,40.69760127,-73.99344559,casual
1165251,5C3F994777801977,electric_bike,2021-08-05 18:18:58,2021-08-05 18:46:43,2 Ave & E 29 St,6122,Clark St & Henry St,4789,40.74172351097472,-73.97809267044067,40.69760127,-73.99344559,member
1165252,0B4D48E69E9EDE4E,classic_bike,2021-08-16 19:39:11,2021-08-16 19:54:59,Douglass St & 3 Ave,4217,Clark St & Henry St,4789,40.6802133,-73.98432695,40.69760127,-73.99344559,member
1165253,F9B259829F772A42,classic_bike,2021-08-28 13:04:40,2021-08-28 13:21:39,Douglass St & 3 Ave,4217,Clark St & Henry St,4789,40.6802133,-73.98432695,40.69760127,-73.99344559,member
1165254,B89667A66EAF9BDB,classic_bike,2021-08-13 13:07:32,2021-08-13 13:22:17,Douglass St & 3 Ave,4217,Clark St & Henry St,4789,40.6802133,-73.98432695,40.69760127,-73.99344559,member
1165256,9DA1ADCBA33A0F78,classic_bike,2021-08-16 14:08:16,2021-08-16 14:30:12,Douglass St & 3 Ave,4217,Clark St & Henry St,4789,40.6802133,-73.98432695,40.69760127,-73.99344559,member
1165257,979D14D9CD3404B0,classic_bike,2021-08-02 13:23:08,2021-08-02 13:42:39,Douglass St & 3 Ave,4217,Clark St & Henry St,4789,40.6802133,-73.98432695,40.69760127,-73.99344559,member
1165258,FDBA4D4371F7A997,classic_bike,2021-08-28 22:11:04,2021-08-28 22:21:43,Douglass St & 3 Ave,4217,Clark St & Henry St,4789,40.6802133,-73.98432695,40.69760127,-73.99344559,member
1165261,655B7AF5E57FA448,classic_bike,2021-08-29 00:26:16,2021-08-29 00:44:41,Douglass St & 3 Ave,4217,Clark St & Henry St,4789,40.6802133,-73.98432695,40.69760127,-73.99344559,member
1165272,188731D526EF5543,classic_bike,2021-08-06 19:35:20,2021-08-06 19:44:20,Schermerhorn St & Bond St,4479,Clark St & Henry St,4789,40.688417427540834,-73.98451656103134,40.69760127,-73.99344559,member
1165292,6611C5B06495EC69,classic_bike,2021-08-11 10:37:00,2021-08-11 10:48:30,Schermerhorn St & Bond St,4479,Clark St & Henry St,4789,40.688417427540834,-73.98451656103134,40.69760127,-73.99344559,casual
1165308,FE93A03DAA4D0EAD,classic_bike,2021-08-27 14:41:04,2021-08-27 15:00:35,Bergen St & Vanderbilt Ave,4157,Clark St & Henry St,4789,40.6794388,-73.9680438,40.69760127,-73.99344559,casual
1165312,378501459C127A19,classic_bike,2021-08-12 18:26:21,2021-08-12 18:46:16,6 Ave & 12 St,3803,Clark St & Henry St,4789,40.6663181,-73.9854617,40.69760127,-73.99344559,member
1165319,E30B360375B50549,classic_bike,2021-08-06 11:49:24,2021-08-06 11:56:41,Front St & Washington St,4936,Clark St & Henry St,4789,40.70255088,-73.98940236,40.69760127,-73.99344559,member
1165323,9D5783BCB35076A2,electric_bike,2021-08-31 19:14:29,2021-08-31 19:21:04,Schermerhorn St & Bond St,4479,Clark St & Henry St,4789,40.688417427540834,-73.98451656103134,40.69760127,-73.99344559,member
1165329,046AE44029A09F67,electric_bike,2021-08-18 15:36:38,2021-08-18 15:42:57,Columbia St & Kane St,4422,Clark St & Henry St,4789,40.68763155,-74.0016256,40.69760127,-73.99344559,member
1165341,53966BAE67563DB2,classic_bike,2021-08-24 07:45:23,2021-08-24 07:57:05,Clinton Ave & Myrtle Ave,4651,Clark St & Henry St,4789,40.693261,-73.968896,40.69760127,-73.99344559,member
1165357,DEF8F066CAB2CF2C,classic_bike,2021-08-16 18:08:03,2021-08-16 18:22:57,Barclay St & Church St,5216,Clark St & Henry St,4789,40.71291224,-74.01020234,40.69760127,-73.99344559,member
1165380,194A7084BD50FDEA,electric_bike,2021-08-02 18:09:15,2021-08-02 18:38:13,Stagg St & Union Ave,5117,Clark St & Henry St,4789,40.70877084,-73.95095259,40.69760127,-73.99344559,casual
1165383,17C11C30B6EEFE75,electric_bike,2021-08-19 01:54:52,2021-08-19 02:06:45,Madison St & Clinton St,5190,Clark St & Henry St,4789,40.71269042,-73.98776323,40.69760127,-73.99344559,member
1165395,BDE2A6C39F55B548,classic_bike,2021-08-03 13:40:30,2021-08-03 14:01:34,Clinton Ave & Myrtle Ave,4651,Clark St & Henry St,4789,40.693261,-73.968896,40.69760127,-73.99344559,casual
1165400,C2D7EEC78B629ADF,electric_bike,2021-08-12 14:44:45,2021-08-12 15:05:04,S 5 Pl & S 5 St,5125,Clark St & Henry St,4789,40.710451,-73.960876,40.69760127,-73.99344559,casual
1165410,98B2DF4ECC7DF411,classic_bike,2021-08-12 12:46:54,2021-08-12 13:21:55,46 St & 7 Ave,3117,Clark St & Henry St,4789,40.644743,-74.003754,40.69760127,-73.99344559,member
1165421,DEFECC38C20F7B3C,classic_bike,2021-08-16 18:21:45,2021-08-16 18:30:29,Duffield St & Willoughby St,4596,Clark St & Henry St,4789,40.69221589,-73.9842844,40.69760127,-73.99344559,member
1165426,3C4AD8A639377952,classic_bike,2021-08-03 11:22:33,2021-08-03 11:31:06,Duffield St & Willoughby St,4596,Clark St & Henry St,4789,40.69221589,-73.9842844,40.69760127,-73.99344559,casual
1165442,45E92A17792663DF,classic_bike,2021-08-02 12:44:10,2021-08-02 13:15:12,46 St & 7 Ave,3117,Clark St & Henry St,4789,40.644743,-74.003754,40.69760127,-73.99344559,member
1165448,6AB71EB38D7B6A3F,classic_bike,2021-08-09 12:42:36,2021-08-09 13:18:44,46 St & 7 Ave,3117,Clark St & Henry St,4789,40.644743,-74.003754,40.69760127,-73.99344559,member
1165458,4E994F8FC4A239FE,classic_bike,2021-08-26 08:37:04,2021-08-26 08:39:21,Montague St & Clinton St,4677,Clark St & Henry St,4789,40.6942715,-73.9923272,40.69760127,-73.99344559,member
1165459,65E582DC41D401A3,classic_bike,2021-08-28 19:40:09,2021-08-28 19:43:05,Montague St & Clinton St,4677,Clark St & Henry St,4789,40.6942715,-73.9923272,40.69760127,-73.99344559,member
1165460,F3027D850012F1C8,classic_bike,2021-08-19 22:27:56,2021-08-19 22:32:32,Montague St & Clinton St,4677,Clark St & Henry St,4789,40.6942715,-73.9923272,40.69760127,-73.99344559,member
1165468,E3007389516147F5,electric_bike,2021-08-23 17:30:38,2021-08-23 17:51:56,Broadway & E 21 St,6098,Clark St & Henry St,4789,40.73988840858996,-73.98958593606949,40.69760127,-73.99344559,member
1165475,3FACB37AB195F2C5,classic_bike,2021-08-30 20:34:24,2021-08-30 20:37:07,Montague St & Clinton St,4677,Clark St & Henry St,4789,40.6942715,-73.9923272,40.69760127,-73.99344559,member
1165481,3ABEF2F7A49524BE,classic_bike,2021-08-28 15:05:07,2021-08-28 15:28:16,Carmine St & 6 Ave,5763,Clark St & Henry St,4789,40.73038599,-74.00214988,40.69760127,-73.99344559,member
1165490,678176266B994999,classic_bike,2021-08-07 15:31:46,2021-08-07 15:38:05,Court St & State St,4488,Clark St & Henry St,4789,40.6902375,-73.99203074,40.69760127,-73.99344559,member
1165493,A5176DD74A6F42DC,classic_bike,2021-08-29 15:00:00,2021-08-29 15:30:35,Court St & State St,4488,Clark St & Henry St,4789,40.6902375,-73.99203074,40.69760127,-73.99344559,member
1165495,9AC7626604E80739,classic_bike,2021-08-04 21:37:46,2021-08-04 21:43:12,Court St & State St,4488,Clark St & Henry St,4789,40.6902375,-73.99203074,40.69760127,-73.99344559,member
1165511,897C925792F2709F,electric_bike,2021-08-13 19:25:56,2021-08-13 19:29:45,Concord St & Bridge St,4781,Clark St & Henry St,4789,40.69766564,-73.98476437,40.69760127,-73.99344559,member
1165513,13033DC316B8BBF2,classic_bike,2021-08-04 19:36:28,2021-08-04 19:46:54,Brooklyn Bridge Park - Pier 2,4756,Clark St & Henry St,4789,40.698458,-73.997178,40.69760127,-73.99344559,member
1165518,CF8CC09FDA6884D1,classic_bike,2021-08-03 15:16:48,2021-08-03 15:25:26,Brooklyn Bridge Park - Pier 2,4756,Clark St & Henry St,4789,40.698458,-73.997178,40.69760127,-73.99344559,member
1165519,669393D099BC103A,classic_bike,2021-08-23 18:20:39,2021-08-23 18:30:40,Brooklyn Bridge Park - Pier 2,4756,Clark St & Henry St,4789,40.698458,-73.997178,40.69760127,-73.99344559,member
1165521,6C02AFB506CFDF18,classic_bike,2021-08-19 21:48:20,2021-08-19 22:46:38,Brooklyn Bridge Park - Pier 2,4756,Clark St & Henry St,4789,40.698458,-73.997178,40.69760127,-73.99344559,casual
1165527,78BB8A58866C0C5A,electric_bike,2021-08-23 21:32:47,2021-08-23 22:25:40,Broadway & W 25 St,6173,Clark St & Henry St,4789,40.74286877312112,-73.98918628692627,40.69760127,-73.99344559,casual
1165536,CE6FB5DDCCD68069,classic_bike,2021-08-09 17:57:18,2021-08-09 18:02:32,Concord St & Bridge St,4781,Clark St & Henry St,4789,40.69766564,-73.98476437,40.69760127,-73.99344559,member
1165541,CA977586D62E5D32,electric_bike,2021-08-25 07:01:15,2021-08-25 07:07:38,Brooklyn Bridge Park - Pier 2,4756,Clark St & Henry St,4789,40.698458,-73.997178,40.69760127,-73.99344559,member
1165543,E1275C712B577C67,electric_bike,2021-08-18 14:11:40,2021-08-18 14:36:15,W 27 St & 7 Ave,6247,Clark St & Henry St,4789,40.746647,-73.993915,40.69760127,-73.99344559,member
1165553,B7F8F2EEAD654D83,electric_bike,2021-08-06 12:10:42,2021-08-06 12:35:19,7 St & 5 Ave,3914,Clark St & Henry St,4789,40.6704922,-73.98541675,40.69760127,-73.99344559,member
1165596,957FC18C7344928A,classic_bike,2021-08-07 12:41:51,2021-08-07 13:03:19,Carroll St & 5 Ave,4060,Clark St & Henry St,4789,40.6751622,-73.9814832,40.69760127,-73.99344559,member
1165614,6E75A00BF916BD78,electric_bike,2021-08-31 07:25:33,2021-08-31 07:30:39,Brooklyn Bridge Park - Pier 2,4756,Clark St & Henry St,4789,40.698458,-73.997178,40.69760127,-73.99344559,member
1165615,DE4E88667CA1E59A,docked_bike,2021-08-01 14:31:24,2021-08-01 16:21:16,Brooklyn Bridge Park - Pier 2,4756,Clark St & Henry St,4789,40.698458,-73.997178,40.697601,-73.993446,casual
1165619,1126E8F98B31A776,electric_bike,2021-08-07 10:08:53,2021-08-07 10:13:12,Brooklyn Bridge Park - Pier 2,4756,Clark St & Henry St,4789,40.698458,-73.997178,40.69760127,-73.99344559,member
1165621,9EA58B5848AEC7C1,classic_bike,2021-08-24 09:22:27,2021-08-24 09:28:05,Concord St & Bridge St,4781,Clark St & Henry St,4789,40.69766564,-73.98476437,40.69760127,-73.99344559,member
1165631,EEE4D2422F91270E,classic_bike,2021-08-13 02:22:43,2021-08-13 02:42:26,Allen St & Stanton St,5484,Clark St & Henry St,4789,40.722055,-73.989111,40.69760127,-73.99344559,member
1165635,625ED0BF4ABE1D2B,classic_bike,2021-08-19 16:15:50,2021-08-19 16:46:18,6 Ave & Broome St,5610,Clark St & Henry St,4789,40.72431,-74.00473,40.69760127,-73.99344559,casual
1165636,939D9AF0B02BA578,classic_bike,2021-08-11 18:17:24,2021-08-11 18:39:15,Carlton Ave & Dean St,4199,Clark St & Henry St,4789,40.6809741,-73.9710097,40.69760127,-73.99344559,casual
1165653,C5ACB6AE0669A149,electric_bike,2021-08-11 13:05:01,2021-08-11 13:17:26,Carlton Ave & Park Ave,4732,Clark St & Henry St,4789,40.69580705,-73.97355569,40.69760127,-73.99344559,member
1165671,94F051EA89F2AF68,electric_bike,2021-08-17 06:45:22,2021-08-17 06:59:45,St Johns Pl & Washington Ave,4001,Clark St & Henry St,4789,40.6737236,-73.9631611,40.69760127,-73.99344559,casual
1165672,37E4C0C3A19C41D4,electric_bike,2021-08-03 06:45:06,2021-08-03 06:59:44,St Johns Pl & Washington Ave,4001,Clark St & Henry St,4789,40.6737236,-73.9631611,40.69760127,-73.99344559,casual
1165688,D2D324308EF52DA4,classic_bike,2021-08-04 08:36:38,2021-08-04 08:45:20,Ashland Pl & Dekalb Ave,4513,Clark St & Henry St,4789,40.690065,-73.978776,40.69760127,-73.99344559,member
1165698,B9CF1C40B2686AFE,electric_bike,2021-08-24 15:14:52,2021-08-24 15:51:57,Columbus Ave & W 72 St,7175,Clark St & Henry St,4789,40.7770575,-73.97898475,40.69760127,-73.99344559,member
1165699,9E443BCBCFA63B0D,classic_bike,2021-08-28 18:10:00,2021-08-28 18:23:52,Ashland Pl & Dekalb Ave,4513,Clark St & Henry St,4789,40.690065,-73.978776,40.69760127,-73.99344559,member
1165727,5B4A2012FF5632E3,classic_bike,2021-08-01 18:33:47,2021-08-01 18:40:35,Clark St & Henry St,4789,Clark St & Henry St,4789,40.69760127,-73.99344559,40.69760127,-73.99344559,member
1165736,657FFBDB06CA5882,electric_bike,2021-08-31 20:07:32,2021-08-31 20:07:45,Clark St & Henry St,4789,Clark St & Henry St,4789,40.69760127,-73.99344559,40.69760127,-73.99344559,casual
1165742,FD032251CB86C916,electric_bike,2021-08-14 15:06:54,2021-08-14 15:19:50,Clark St & Henry St,4789,Clark St & Henry St,4789,40.69760127,-73.99344559,40.69760127,-73.99344559,casual
1165748,9EA52466F32F1A53,classic_bike,2021-08-28 11:16:18,2021-08-28 13:20:08,Clark St & Henry St,4789,Clark St & Henry St,4789,40.69760127,-73.99344559,40.69760127,-73.99344559,casual
1165758,7CB16C8A64769E3B,classic_bike,2021-08-14 18:23:03,2021-08-14 18:23:14,Clark St & Henry St,4789,Clark St & Henry St,4789,40.69760127,-73.99344559,40.69760127,-73.99344559,member
1165763,AFA20A3F3F29C592,classic_bike,2021-08-08 18:11:33,2021-08-08 18:11:50,Clark St & Henry St,4789,Clark St & Henry St,4789,40.69760127,-73.99344559,40.69760127,-73.99344559,member
1165764,27975B9C712A47AE,classic_bike,2021-08-01 14:33:28,2021-08-01 15:00:41,Clark St & Henry St,4789,Clark St & Henry St,4789,40.69760127,-73.99344559,40.69760127,-73.99344559,member
1165771,B5AF822C51CCD13B,classic_bike,2021-08-01 15:33:31,2021-08-01 15:41:30,Clark St & Henry St,4789,Clark St & Henry St,4789,40.69760127,-73.99344559,40.69760127,-73.99344559,member
1165779,A4234CF0AC502505,classic_bike,2021-08-06 15:35:07,2021-08-06 15:42:08,Clark St & Henry St,4789,Clark St & Henry St,4789,40.69760127,-73.99344559,40.69760127,-73.99344559,member
1165783,E45D7EBF70CF417D,classic_bike,2021-08-13 14:35:18,2021-08-13 14:37:10,Clark St & Henry St,4789,Clark St & Henry St,4789,40.69760127,-73.99344559,40.69760127,-73.99344559,member
1165793,505D7D52B3DFCCD2,electric_bike,2021-08-23 09:29:00,2021-08-23 09:31:42,Concord St & Bridge St,4781,Clark St & Henry St,4789,40.69766564,-73.98476437,40.69760127,-73.99344559,member
1165803,C8927C9D2851A32B,classic_bike,2021-08-30 21:27:10,2021-08-30 21:40:13,Brooklyn Bridge Park - Pier 2,4756,Clark St & Henry St,4789,40.698458,-73.997178,40.69760127,-73.99344559,casual
1165804,E3BEC653A85774D8,classic_bike,2021-08-20 23:40:57,2021-08-21 00:11:42,Brooklyn Bridge Park - Pier 2,4756,Clark St & Henry St,4789,40.698458,-73.997178,40.69760127,-73.99344559,casual
1165833,54BCF690CF660562,classic_bike,2021-08-24 07:11:17,2021-08-24 07:55:28,Clark St & Henry St,4789,Clark St & Henry St,4789,40.69760127,-73.99344559,40.69760127,-73.99344559,member
1165834,54E5DCE77CB3FC83,classic_bike,2021-08-24 12:49:53,2021-08-24 12:49:56,Clark St & Henry St,4789,Clark St & Henry St,4789,40.69760127,-73.99344559,40.69760127,-73.99344559,member
1165852,412A693CB477F463,electric_bike,2021-08-30 20:55:28,2021-08-30 21:10:29,Clark St & Henry St,4789,Kent Ave & S 11 St,5062,40.69760127,-73.99344559,40.707644944175705,-73.96841526031494,casual
1165858,FEAC66E7456AFBA2,classic_bike,2021-08-16 20:32:46,2021-08-16 20:33:53,Clark St & Henry St,4789,Clark St & Henry St,4789,40.69760127,-73.99344559,40.69760127,-73.99344559,casual
1165869,5284BAC2BA0B4E59,classic_bike,2021-08-08 10:47:52,2021-08-08 11:24:56,Clark St & Henry St,4789,Clark St & Henry St,4789,40.69760127,-73.99344559,40.69760127,-73.99344559,casual
1165880,C9561BD422E40D77,classic_bike,2021-08-05 17:21:00,2021-08-05 17:24:50,Clark St & Henry St,4789,Clark St & Henry St,4789,40.69760127,-73.99344559,40.69760127,-73.99344559,casual
1165883,A5917A8099D02AB2,classic_bike,2021-08-27 20:39:39,2021-08-27 21:47:19,Clark St & Henry St,4789,Clark St & Henry St,4789,40.69760127,-73.99344559,40.69760127,-73.99344559,casual
1165892,2E98DE2B05217815,electric_bike,2021-08-12 15:46:41,2021-08-12 16:13:05,Clark St & Henry St,4789,Clark St & Henry St,4789,40.69760127,-73.99344559,40.69760127,-73.99344559,casual
1165927,4DE79CCB1C608F25,classic_bike,2021-08-19 18:07:10,2021-08-19 18:39:23,Clark St & Henry St,4789,Clark St & Henry St,4789,40.69760127,-73.99344559,40.69760127,-73.99344559,member
1165930,F8509D99319FC894,classic_bike,2021-08-04 15:16:32,2021-08-04 15:30:21,Clark St & Henry St,4789,Clark St & Henry St,4789,40.69760127,-73.99344559,40.69760127,-73.99344559,casual
1165931,E60C28887C7132FE,classic_bike,2021-08-04 15:13:53,2021-08-04 15:16:06,Clark St & Henry St,4789,Clark St & Henry St,4789,40.69760127,-73.99344559,40.69760127,-73.99344559,casual
1165945,4E58DC06D67BD089,electric_bike,2021-08-02 15:31:22,2021-08-02 15:45:36,Kent Ave & S 11 St,5062,Clark St & Henry St,4789,40.707644944175705,-73.96841526031494,40.69760127,-73.99344559,casual
1165957,AABEC40B023F2C27,electric_bike,2021-08-23 20:40:42,2021-08-23 20:45:55,Court St & State St,4488,Clark St & Henry St,4789,40.6902375,-73.99203074,40.69760127,-73.99344559,member
1165960,2E7B159C18EDFC6B,electric_bike,2021-08-17 02:00:17,2021-08-17 02:14:55,Delancey St & Eldridge St,5414,Clark St & Henry St,4789,40.719383,-73.991479,40.69760127,-73.99344559,casual
1165963,F497C5AECCBF8ABB,classic_bike,2021-08-20 14:25:01,2021-08-20 14:25:15,Clark St & Henry St,4789,Clark St & Henry St,4789,40.69760127,-73.99344559,40.69760127,-73.99344559,member
1165984,8276C81FAE632150,classic_bike,2021-08-17 11:23:00,2021-08-17 11:23:14,Clark St & Henry St,4789,Clark St & Henry St,4789,40.69760127,-73.99344559,40.69760127,-73.99344559,member
1166004,907803DF3928730C,electric_bike,2021-08-18 19:48:06,2021-08-18 20:02:15,Clark St & Henry St,4789,Kent Ave & S 11 St,5062,40.69760127,-73.99344559,40.707644944175705,-73.96841526031494,casual
1166041,625B3BA2BA476B6C,classic_bike,2021-08-10 08:30:10,2021-08-10 09:14:52,Clark St & Henry St,4789,Clark St & Henry St,4789,40.69760127,-73.99344559,40.69760127,-73.99344559,member
1166059,94EA0813C971916D,electric_bike,2021-08-23 17:58:45,2021-08-23 18:58:04,Clark St & Henry St,4789,Clark St & Henry St,4789,40.69760127,-73.99344559,40.69760127,-73.99344559,member
1166088,CB24E0FCD58A59DB,classic_bike,2021-08-16 15:14:55,2021-08-16 15:25:10,Clark St & Henry St,4789,Clark St & Henry St,4789,40.69760127,-73.99344559,40.69760127,-73.99344559,member
1166104,49D8DA2B6AD8C93A,classic_bike,2021-08-21 20:36:46,2021-08-21 20:50:13,Clark St & Henry St,4789,Clark St & Henry St,4789,40.69760127,-73.99344559,40.69760127,-73.99344559,member
1166134,4100797FE7517E30,electric_bike,2021-08-08 17:52:20,2021-08-08 18:49:58,Clark St & Henry St,4789,Clark St & Henry St,4789,40.69760127,-73.99344559,40.69760127,-73.99344559,casual
1166136,04B0B5E93AA53C2E,classic_bike,2021-08-30 13:22:38,2021-08-30 13:44:38,Clark St & Henry St,4789,Clark St & Henry St,4789,40.69760127,-73.99344559,40.69760127,-73.99344559,casual
1166162,C5D34D346F06F905,electric_bike,2021-08-10 16:00:36,2021-08-10 16:55:45,Clark St & Henry St,4789,Clark St & Henry St,4789,40.69760127,-73.99344559,40.69760127,-73.99344559,member
1166199,36C17D74D67B5741,classic_bike,2021-08-30 07:39:41,2021-08-30 08:20:57,Clark St & Henry St,4789,Clark St & Henry St,4789,40.69760127,-73.99344559,40.69760127,-73.99344559,member
1166203,D7FCAB78B8B640EA,classic_bike,2021-08-23 14:36:31,2021-08-23 14:37:00,Clark St & Henry St,4789,Clark St & Henry St,4789,40.69760127,-73.99344559,40.69760127,-73.99344559,member
1166204,33015B673A867130,classic_bike,2021-08-23 20:04:42,2021-08-23 20:12:00,Clark St & Henry St,4789,Clark St & Henry St,4789,40.69760127,-73.99344559,40.69760127,-73.99344559,member
1166224,1B75E812C33CEA3E,classic_bike,2021-08-05 15:12:07,2021-08-05 15:12:37,Clark St & Henry St,4789,Clark St & Henry St,4789,40.69760127,-73.99344559,40.69760127,-73.99344559,member
1166225,B610AAA450EB905B,classic_bike,2021-08-04 20:11:19,2021-08-04 20:49:30,Clark St & Henry St,4789,Clark St & Henry St,4789,40.69760127,-73.99344559,40.69760127,-73.99344559,member
1166227,D2AA86E461AD9CE6,classic_bike,2021-08-06 15:35:35,2021-08-06 15:48:38,Clark St & Henry St,4789,Clark St & Henry St,4789,40.69760127,-73.99344559,40.69760127,-73.99344559,member
1166234,1F0010CEF66E4520,electric_bike,2021-08-12 00:15:58,2021-08-12 00:54:43,Clark St & Henry St,4789,Clark St & Henry St,4789,40.69760127,-73.99344559,40.69760127,-73.99344559,member
1166235,D6A5A9A9658D3843,electric_bike,2021-08-15 17:09:30,2021-08-15 18:05:22,Clark St & Henry St,4789,Clark St & Henry St,4789,40.69760127,-73.99344559,40.69760127,-73.99344559,member
1166242,0BB57683279967BC,classic_bike,2021-08-16 13:21:41,2021-08-16 13:21:59,Clark St & Henry St,4789,Clark St & Henry St,4789,40.69760127,-73.99344559,40.69760127,-73.99344559,casual
1166266,3FF5848FA1C70A09,classic_bike,2021-08-07 17:04:14,2021-08-07 17:06:09,Clark St & Henry St,4789,Clark St & Henry St,4789,40.69760127,-73.99344559,40.69760127,-73.99344559,casual
1166281,4E167F9F64365C5A,classic_bike,2021-08-26 22:33:15,2021-08-26 22:34:52,Clark St & Henry St,4789,Clark St & Henry St,4789,40.69760127,-73.99344559,40.69760127,-73.99344559,casual
1166298,9963FB3716BB43A1,electric_bike,2021-08-11 10:26:29,2021-08-11 10:52:20,Clark St & Henry St,4789,W 25 St & 6 Ave,6215,40.69760127,-73.99344559,40.74395411,-73.99144871,member
1166309,E6EFCF6B7764191E,classic_bike,2021-08-14 17:38:51,2021-08-14 17:39:59,Clark St & Henry St,4789,Clark St & Henry St,4789,40.69760127,-73.99344559,40.69760127,-73.99344559,member
1166327,1658C61C1A6F1C51,classic_bike,2021-08-12 12:04:33,2021-08-12 12:27:21,Clark St & Henry St,4789,Clark St & Henry St,4789,40.69760127,-73.99344559,40.69760127,-73.99344559,member
1166335,FA72D3E866671EFC,classic_bike,2021-08-30 08:32:56,2021-08-30 08:33:18,Clark St & Henry St,4789,Clark St & Henry St,4789,40.69760127,-73.99344559,40.69760127,-73.99344559,member
1166348,6B68FFA9EA02710B,classic_bike,2021-08-16 15:45:45,2021-08-16 15:53:15,Henry St & Degraw St,4380,Clark St & Henry St,4789,40.6847514,-73.99917254,40.69760127,-73.99344559,member
1166349,81A109981CF0018A,classic_bike,2021-08-19 15:51:38,2021-08-19 15:58:22,Henry St & Degraw St,4380,Clark St & Henry St,4789,40.6847514,-73.99917254,40.69760127,-73.99344559,member
1166358,3A6298577960C378,classic_bike,2021-08-12 15:38:56,2021-08-12 15:46:11,Henry St & Degraw St,4380,Clark St & Henry St,4789,40.6847514,-73.99917254,40.69760127,-73.99344559,member
1166359,97F8B34DA2EAE180,classic_bike,2021-08-17 15:44:04,2021-08-17 15:50:33,Henry St & Degraw St,4380,Clark St & Henry St,4789,40.6847514,-73.99917254,40.69760127,-73.99344559,member
1166361,A08866A988C75E52,classic_bike,2021-08-11 13:10:19,2021-08-11 13:21:09,Schermerhorn St & Court St,4565,Clark St & Henry St,4789,40.69102925677968,-73.99183362722397,40.69760127,-73.99344559,casual
1166362,6D211198F06D4F9A,classic_bike,2021-08-20 12:06:09,2021-08-20 12:17:05,Schermerhorn St & Court St,4565,Clark St & Henry St,4789,40.69102925677968,-73.99183362722397,40.69760127,-73.99344559,casual
1166367,77AF367CD10240B2,electric_bike,2021-08-14 16:10:10,2021-08-14 16:16:27,Schermerhorn St & Court St,4565,Clark St & Henry St,4789,40.69102925677968,-73.99183362722397,40.69760127,-73.99344559,casual
1166371,D3871BB496B5A7DB,classic_bike,2021-08-26 14:00:51,2021-08-26 14:33:56,Schermerhorn St & Court St,4565,Clark St & Henry St,4789,40.69102925677968,-73.99183362722397,40.69760127,-73.99344559,casual
1166377,EA9EB0C973395BAD,classic_bike,2021-08-09 23:24:04,2021-08-09 23:29:37,Schermerhorn St & Court St,4565,Clark St & Henry St,4789,40.69102925677968,-73.99183362722397,40.69760127,-73.99344559,casual
1166378,1EF9D9AB436DAE44,classic_bike,2021-08-25 13:52:34,2021-08-25 14:17:37,Schermerhorn St & Court St,4565,Clark St & Henry St,4789,40.69102925677968,-73.99183362722397,40.69760127,-73.99344559,casual
1166379,CF5F4A0F72E5C50A,classic_bike,2021-08-25 17:56:28,2021-08-25 18:02:04,Schermerhorn St & Court St,4565,Clark St & Henry St,4789,40.69102925677968,-73.99183362722397,40.69760127,-73.99344559,casual
1166380,64065B12102BADEA,classic_bike,2021-08-28 15:21:23,2021-08-28 15:27:20,Schermerhorn St & Court St,4565,Clark St & Henry St,4789,40.69102925677968,-73.99183362722397,40.69760127,-73.99344559,casual
1166392,6D0CBDC06E0C7291,classic_bike,2021-08-15 19:28:05,2021-08-15 19:30:38,Pierrepont St & Monroe Pl,4718,Clark St & Henry St,4789,40.69535693320225,-73.99344027042389,40.69760127,-73.99344559,member
1166400,CEEEA893200F5579,classic_bike,2021-08-03 13:30:07,2021-08-03 13:35:26,Schermerhorn St & Court St,4565,Clark St & Henry St,4789,40.69102925677968,-73.99183362722397,40.69760127,-73.99344559,member
1166429,CE486668C4B1A9B7,classic_bike,2021-08-06 01:02:53,2021-08-06 02:22:51,Clark St & Henry St,4789,Clark St & Henry St,4789,40.69760127,-73.99344559,40.69760127,-73.99344559,casual
1166463,70F6A32EC4BAD8E5,classic_bike,2021-08-31 11:24:37,2021-08-31 11:27:34,Clark St & Henry St,4789,Clark St & Henry St,4789,40.69760127,-73.99344559,40.69760127,-73.99344559,member
1166468,6A50EB3E7F712A73,electric_bike,2021-08-23 17:58:59,2021-08-23 18:04:35,Clark St & Henry St,4789,Clark St & Henry St,4789,40.69760127,-73.99344559,40.69760127,-73.99344559,member
1166469,2EF74F5050ADAF2F,electric_bike,2021-08-25 12:20:55,2021-08-25 12:21:20,Clark St & Henry St,4789,Clark St & Henry St,4789,40.69760127,-73.99344559,40.69760127,-73.99344559,member
1166470,9AAF595B0507908A,electric_bike,2021-08-25 12:20:06,2021-08-25 12:20:38,Clark St & Henry St,4789,Clark St & Henry St,4789,40.69760127,-73.99344559,40.69760127,-73.99344559,member
1166474,FF3A848F3310C7A4,classic_bike,2021-08-25 22:39:15,2021-08-25 22:39:27,Clark St & Henry St,4789,Clark St & Henry St,4789,40.69760127,-73.99344559,40.69760127,-73.99344559,casual
1166485,613B1951BF2E79A2,classic_bike,2021-08-16 17:09:32,2021-08-16 17:48:06,Clark St & Henry St,4789,Clark St & Henry St,4789,40.69760127,-73.99344559,40.69760127,-73.99344559,casual
1166505,33B6D6DF38D0E4F7,electric_bike,2021-08-20 08:06:38,2021-08-20 08:14:16,Clark St & Henry St,4789,Clark St & Henry St,4789,40.69760127,-73.99344559,40.69760127,-73.99344559,member
1166511,ACCEF92348A57373,classic_bike,2021-08-13 06:39:34,2021-08-13 06:39:51,Clark St & Henry St,4789,Clark St & Henry St,4789,40.69760127,-73.99344559,40.69760127,-73.99344559,member
1166512,647DCDDD4CAE0563,classic_bike,2021-08-02 18:41:02,2021-08-02 18:45:25,Cadman Plaza E & Red Cross Pl,4821,Clark St & Henry St,4789,40.69991755,-73.98971773,40.69760127,-73.99344559,member
1166525,4E2BC1019C4EB2DE,electric_bike,2021-08-08 10:56:21,2021-08-08 11:05:40,DeKalb Ave & S Portland Ave,4546,Clark St & Henry St,4789,40.68981035,-73.97493121,40.69760127,-73.99344559,member
1166568,381A2430E115563A,electric_bike,2021-08-25 13:05:29,2021-08-25 13:24:56,N 6 St & Bedford Ave,5379,Clark St & Henry St,4789,40.71745169,-73.95850939,40.69760127,-73.99344559,casual
1166574,DC73F0F95186A01E,classic_bike,2021-08-15 16:10:30,2021-08-15 16:19:36,DeKalb Ave & S Portland Ave,4546,Clark St & Henry St,4789,40.68981035,-73.97493121,40.69760127,-73.99344559,member
1166597,D509DA1CB33923B6,classic_bike,2021-08-03 19:38:03,2021-08-03 19:46:55,DeKalb Ave & S Portland Ave,4546,Clark St & Henry St,4789,40.68981035,-73.97493121,40.69760127,-73.99344559,member
1166603,C63E76CB8AD3E763,classic_bike,2021-08-02 20:16:40,2021-08-02 20:48:02,2 Ave & E 55 St,6650,Clark St & Henry St,4789,40.757920208794026,-73.96638214588165,40.69760127,-73.99344559,member
1166631,AB7EE1A915B483E5,classic_bike,2021-08-10 20:08:31,2021-08-10 20:22:59,Clinton Ave & Flushing Ave,4762,Clark St & Henry St,4789,40.69794,-73.96986848,40.69760127,-73.99344559,member
1166634,A023A15172D7F147,classic_bike,2021-08-09 16:00:50,2021-08-09 16:31:43,Jefferson St & Cypress Ave,5082,Clark St & Henry St,4789,40.70907,-73.92157,40.69760127,-73.99344559,member
1166638,7C04A47F0E689198,classic_bike,2021-08-03 22:51:37,2021-08-03 23:02:29,Clinton Ave & Flushing Ave,4762,Clark St & Henry St,4789,40.69794,-73.96986848,40.69760127,-73.99344559,member
1166643,AB2AB1BF780E8325,classic_bike,2021-08-29 16:23:01,2021-08-29 16:36:25,Clinton Ave & Flushing Ave,4762,Clark St & Henry St,4789,40.69794,-73.96986848,40.69760127,-73.99344559,member
1166686,739E608D7B4EB177,electric_bike,2021-08-25 15:22:21,2021-08-25 15:35:35,Henry St & Atlantic Ave,4531,Clark St & Henry St,4789,40.69089272,-73.99612349,40.69760127,-73.99344559,casual
1166717,6FDF9ACD48296A51,electric_bike,2021-08-17 17:08:34,2021-08-17 17:33:50,9 Ave & W 22 St,6266,Clark St & Henry St,4789,40.7454973,-74.00197139,40.69760127,-73.99344559,member
1166723,6C07C830A4099FFF,classic_bike,2021-08-07 13:22:49,2021-08-07 13:36:25,Nassau St\t& Duffield St,4781,Clark St & Henry St,4789,40.698477,-73.98384,40.69760127,-73.99344559,casual
1166726,140B140BA9F79367,classic_bike,2021-08-07 13:22:23,2021-08-07 13:36:18,Nassau St\t& Duffield St,4781,Clark St & Henry St,4789,40.698477,-73.98384,40.69760127,-73.99344559,member
1166731,CC170E0DA16FB8C6,classic_bike,2021-08-11 17:49:30,2021-08-11 18:04:43,Lafayette Ave & Fort Greene Pl,4395,Clark St & Henry St,4789,40.68691865,-73.976682,40.69760127,-73.99344559,member
1166774,E2B14290D53EF1B9,electric_bike,2021-08-25 07:56:40,2021-08-25 08:07:50,Lafayette Ave & Fort Greene Pl,4395,Clark St & Henry St,4789,40.68691865,-73.976682,40.69760127,-73.99344559,casual
1166780,C6C1937A2D605E63,classic_bike,2021-08-09 18:05:00,2021-08-09 18:24:03,Garfield Pl & 8 Ave,3978,Clark St & Henry St,4789,40.6711978,-73.97484126,40.69760127,-73.99344559,member
1166799,4327760EC8118CF3,electric_bike,2021-08-19 12:28:00,2021-08-19 12:34:13,Sands St & Jay St,4821,Clark St & Henry St,4789,40.700119,-73.9862,40.69760127,-73.99344559,member
1166800,351DF2E4CFD34D7E,classic_bike,2021-08-28 00:43:01,2021-08-28 00:51:56,Sands St & Jay St,4821,Clark St & Henry St,4789,40.700119,-73.9862,40.69760127,-73.99344559,member
1166802,3C48ABA15F2B6DC2,classic_bike,2021-08-28 23:55:51,2021-08-29 00:02:56,Sands St & Jay St,4821,Clark St & Henry St,4789,40.700119,-73.9862,40.69760127,-73.99344559,member
1166804,4A7A296202169CED,classic_bike,2021-08-28 00:42:56,2021-08-28 00:51:52,Sands St & Jay St,4821,Clark St & Henry St,4789,40.700119,-73.9862,40.69760127,-73.99344559,member
1166805,F23DD2A36CA0EA2D,electric_bike,2021-08-12 21:16:35,2021-08-12 21:19:35,Clinton St & Joralemon St,4605,Clark St & Henry St,4789,40.69239502,-73.99337909,40.69760127,-73.99344559,member
1166828,208D2D9A53AA4AD3,classic_bike,2021-08-09 15:52:30,2021-08-09 16:06:29,3 St & 3 Ave,4028,Clark St & Henry St,4789,40.6750705,-73.98775226,40.69760127,-73.99344559,member
1166830,0AB90321A0EF1677,classic_bike,2021-08-25 10:24:25,2021-08-25 10:55:25,Parade Pl & Crooke Ave,3376,Clark St & Henry St,4789,40.651847,-73.965248,40.69760127,-73.99344559,member
1166834,5164389A8794EBB0,electric_bike,2021-08-26 23:01:17,2021-08-26 23:34:50,Parade Pl & Crooke Ave,3376,Clark St & Henry St,4789,40.651847,-73.965248,40.69760127,-73.99344559,casual
1166873,02BC4EE264AE5E90,classic_bike,2021-08-12 19:40:54,2021-08-12 19:54:30,Clinton Ave & Flushing Ave,4762,Clark St & Henry St,4789,40.69794,-73.96986848,40.69760127,-73.99344559,member
1166886,AE7403100A919E3F,classic_bike,2021-08-26 16:50:18,2021-08-26 17:10:32,14 St & 5 Ave,3771,Clark St & Henry St,4789,40.666287,-73.98895053,40.69760127,-73.99344559,member
1166891,96F87A1426DC5A15,classic_bike,2021-08-01 12:00:36,2021-08-01 12:10:51,DeKalb Ave & S Portland Ave,4546,Clark St & Henry St,4789,40.68981035,-73.97493121,40.69760127,-73.99344559,member
1166949,7A0409CC94D23506,electric_bike,2021-08-20 23:31:17,2021-08-20 23:48:20,Cambridge Pl & Gates Ave,4377,Clark St & Henry St,4789,40.68488,-73.96304,40.69760127,-73.99344559,member
1166963,2AC35F1382FB2C7A,classic_bike,2021-08-16 17:52:34,2021-08-16 17:56:14,Fulton St & Adams St,4637,Clark St & Henry St,4789,40.69241829257847,-73.98949474096298,40.69760127,-73.99344559,member
1166964,FCD4929B0C903138,classic_bike,2021-08-08 15:43:12,2021-08-08 15:46:37,Fulton St & Adams St,4637,Clark St & Henry St,4789,40.69241829257847,-73.98949474096298,40.69760127,-73.99344559,member
1166968,6BB3E70550E4D207,classic_bike,2021-08-25 15:17:44,2021-08-25 15:37:13,3 St & 7 Ave,3905,Clark St & Henry St,4789,40.6703837,-73.97839676,40.69760127,-73.99344559,member
1167018,13EBDD32F53E539B,electric_bike,2021-08-24 21:36:31,2021-08-24 22:46:18,Riverside Dr & W 78 St,7340,Clark St & Henry St,4789,40.78414472,-73.98362492,40.69760127,-73.99344559,member
1167050,D411C633C57333F3,classic_bike,2021-08-29 13:45:02,2021-08-29 14:00:19,Carlton Ave & Dean St,4199,Clark St & Henry St,4789,40.6809741,-73.9710097,40.69760127,-73.99344559,member
1167059,D94BEFC0E230BEA1,electric_bike,2021-08-24 19:33:29,2021-08-24 19:53:34,Clark St & Henry St,4789,Clark St & Henry St,4789,40.69760127,-73.99344559,40.69760127,-73.99344559,member
1167078,FF2A834E6B45F381,classic_bike,2021-08-06 01:09:54,2021-08-06 02:22:30,Clark St & Henry St,4789,Clark St & Henry St,4789,40.69760127,-73.99344559,40.69760127,-73.99344559,casual
1167094,7248D003FFFF33A0,classic_bike,2021-08-21 17:42:24,2021-08-21 18:52:53,W 82 St & Central Park West,7304,Clark St & Henry St,4789,40.78275,-73.97137,40.69760127,-73.99344559,casual
1167099,B9CD23535558C9FF,classic_bike,2021-08-19 16:17:42,2021-08-19 16:46:19,6 Ave & Broome St,5610,Clark St & Henry St,4789,40.72431,-74.00473,40.69760127,-73.99344559,member
1167124,30448141E179C97A,classic_bike,2021-08-27 19:36:01,2021-08-27 19:43:02,Boerum Pl\t& Pacific St,4488,Clark St & Henry St,4789,40.68848905639242,-73.99116039276123,40.69760127,-73.99344559,member
1167132,941E2EDE51F80DC0,electric_bike,2021-08-11 18:42:19,2021-08-11 19:03:30,Eastern Pkwy & Franklin Ave,3919,Clark St & Henry St,4789,40.6707767,-73.9576801,40.69760127,-73.99344559,member
1167142,423B4C926D38EE28,electric_bike,2021-08-06 21:38:25,2021-08-06 22:32:01,E 4 St & 2 Ave,5593,Clark St & Henry St,4789,40.7262807,-73.98978041,40.69760127,-73.99344559,member
1167152,0B7C19B3DE0C94E9,electric_bike,2021-08-01 19:48:04,2021-08-01 19:54:53,Clark St & Henry St,4789,Clark St & Henry St,4789,40.69760127,-73.99344559,40.69760127,-73.99344559,member
1167165,A8BADD12BABE7371,docked_bike,2021-08-28 23:36:57,2021-08-29 00:01:09,Bedford Ave & S 9 St,5093,Clark St & Henry St,4789,40.708531,-73.96409,40.697601,-73.993446,casual
1167172,3D3619FA335B1EDC,classic_bike,2021-08-28 19:42:46,2021-08-28 19:59:51,Van Brunt St & Wolcott St,4095,Clark St & Henry St,4789,40.6773429,-74.01275056,40.69760127,-73.99344559,member
1167179,B587490C7E3E12DB,electric_bike,2021-08-16 23:02:35,2021-08-16 23:27:56,Huron St & Franklin St,5869,Clark St & Henry St,4789,40.73266,-73.95826,40.69760127,-73.99344559,member
1167182,A9A689F29768C934,classic_bike,2021-08-09 10:15:56,2021-08-09 10:38:20,Lewis Ave & Kosciuszko St,4617,Clark St & Henry St,4789,40.69237074,-73.93705428,40.69760127,-73.99344559,member
1167185,A12BC1C16C6CB97E,classic_bike,2021-08-16 17:21:20,2021-08-16 17:22:24,Clark St & Henry St,4789,Clark St & Henry St,4789,40.69760127,-73.99344559,40.69760127,-73.99344559,member
1167203,16375926A7AFDD0D,classic_bike,2021-08-01 18:14:09,2021-08-01 18:29:02,Clark St & Henry St,4789,Clark St & Henry St,4789,40.69760127,-73.99344559,40.69760127,-73.99344559,member
1167245,B9131C5EBA137E2F,classic_bike,2021-08-20 18:45:02,2021-08-20 19:23:06,Atlantic Ave & Furman St,4614,Clark St & Henry St,4789,40.69165183,-73.9999786,40.69760127,-73.99344559,casual
1167248,8DC22C3085AAE510,classic_bike,2021-08-02 20:15:07,2021-08-02 20:55:04,Atlantic Ave & Furman St,4614,Clark St & Henry St,4789,40.69165183,-73.9999786,40.69760127,-73.99344559,casual
1167255,6F632B472980D777,classic_bike,2021-08-14 23:33:00,2021-08-14 23:49:57,State St & Smith St,4565,Clark St & Henry St,4789,40.68926942,-73.98912867,40.69760127,-73.99344559,member
1167261,2F5193AF9B9C6A76,electric_bike,2021-08-15 16:17:00,2021-08-15 16:34:45,W Broadway & W Houston St,5644,Clark St & Henry St,4789,40.726378,-74.000472,40.69760127,-73.99344559,member
1167276,53E009CDBECD657B,classic_bike,2021-08-11 22:56:59,2021-08-11 23:15:55,Warren St & Court St,4413,Clark St & Henry St,4789,40.686371,-73.99383324,40.69760127,-73.99344559,casual
1167289,F33EA78057EC84B4,classic_bike,2021-08-25 18:05:25,2021-08-25 18:34:07,1 Ave & E 30 St,6079,Clark St & Henry St,4789,40.74144387,-73.97536082,40.69760127,-73.99344559,member
1167311,529675E388856618,electric_bike,2021-08-04 10:59:36,2021-08-04 11:15:49,E 2 St & 2 Ave,5593,Clark St & Henry St,4789,40.72502876,-73.99069656,40.69760127,-73.99344559,member
1167315,61ED8A8A21E06553,electric_bike,2021-08-18 12:23:22,2021-08-18 12:28:33,Warren St & Court St,4413,Clark St & Henry St,4789,40.686371,-73.99383324,40.69760127,-73.99344559,member
1167329,FD7341E449E491DE,classic_bike,2021-08-25 00:00:36,2021-08-25 00:10:28,Warren St & Court St,4413,Clark St & Henry St,4789,40.686371,-73.99383324,40.69760127,-73.99344559,casual
1167332,84A3F573BAD06A61,electric_bike,2021-08-08 16:13:39,2021-08-08 16:43:41,Pier 40 - Hudson River Park,5696,Clark St & Henry St,4789,40.7277140777778,-74.01129573583603,40.69760127,-73.99344559,member
1167378,4EA30B69A42CC3FF,classic_bike,2021-08-03 18:16:07,2021-08-03 18:45:02,E 31 St & 3 Ave,6239,Clark St & Henry St,4789,40.74394314,-73.97966069,40.69760127,-73.99344559,member
1167386,9723E4234BDD3E96,classic_bike,2021-08-04 18:40:19,2021-08-04 18:46:17,Lawrence St & Willoughby St,4596,Clark St & Henry St,4789,40.69236178,-73.98631746,40.69760127,-73.99344559,member
1167399,4EA6A44AEF16B300,electric_bike,2021-08-06 18:07:43,2021-08-06 19:04:12,Lawrence St & Willoughby St,4596,Clark St & Henry St,4789,40.69236178,-73.98631746,40.69760127,-73.99344559,member
1167407,DE284EAEA40D96CE,classic_bike,2021-08-19 17:54:40,2021-08-19 18:03:43,Lawrence St & Willoughby St,4596,Clark St & Henry St,4789,40.69236178,-73.98631746,40.69760127,-73.99344559,member
1167468,0BA337BF014163F2,electric_bike,2021-08-09 12:03:44,2021-08-09 12:10:28,Court St & State St,4488,Clark St & Henry St,4789,40.6902375,-73.99203074,40.69760127,-73.99344559,member
1167469,D2CC6CB8D2F5B1AF,classic_bike,2021-08-25 09:23:54,2021-08-25 09:44:55,Macon St & Nostrand Ave,4214,Clark St & Henry St,4789,40.6809833854,-73.9500479759,40.69760127,-73.99344559,member
1167471,4BC5B248ECA3024B,classic_bike,2021-08-30 10:09:12,2021-08-30 10:30:35,President St & 4 Ave,4101,Clark St & Henry St,4789,40.676757,-73.983262,40.69760127,-73.99344559,casual
1167472,A21F112D52865FD5,classic_bike,2021-08-26 19:25:52,2021-08-26 19:31:49,Court St & State St,4488,Clark St & Henry St,4789,40.6902375,-73.99203074,40.69760127,-73.99344559,casual
1167476,1B6697DE56B89469,classic_bike,2021-08-18 13:47:38,2021-08-18 14:10:25,Greene Ave & Throop Ave,4510,Clark St & Henry St,4789,40.6894932,-73.942061,40.69760127,-73.99344559,member
1167484,180549AD34F6C66B,electric_bike,2021-08-28 09:39:38,2021-08-28 09:50:30,Dean St & Hoyt St,4446,Clark St & Henry St,4789,40.6864442,-73.98759104,40.69760127,-73.99344559,member
1167559,3E10FCD58ECFED4B,electric_bike,2021-08-15 01:38:11,2021-08-15 02:26:54,W 95 St & Broadway,7541,Clark St & Henry St,4789,40.7937704,-73.971888,40.69760127,-73.99344559,casual
1167620,3371D2A313B1536B,classic_bike,2021-08-27 13:26:59,2021-08-27 13:32:15,Court St & State St,4488,Clark St & Henry St,4789,40.6902375,-73.99203074,40.69760127,-73.99344559,member
1167622,4F32C707B3325605,classic_bike,2021-08-21 17:01:16,2021-08-21 17:06:37,Court St & State St,4488,Clark St & Henry St,4789,40.6902375,-73.99203074,40.69760127,-73.99344559,member
1167624,0777DE13525B12FE,electric_bike,2021-08-08 19:35:13,2021-08-08 19:39:28,Court St & State St,4488,Clark St & Henry St,4789,40.6902375,-73.99203074,40.69760127,-73.99344559,member
1167625,07CE799EB03B27BA,classic_bike,2021-08-19 17:46:14,2021-08-19 17:55:26,Court St & State St,4488,Clark St & Henry St,4789,40.6902375,-73.99203074,40.69760127,-73.99344559,member
1167650,A3E9BFEB4E6CFD88,electric_bike,2021-08-17 14:37:11,2021-08-17 15:23:02,Myrtle Ave & St Edwards St,4659,Clark St & Henry St,4789,40.69327018,-73.97703874,40.69760127,-73.99344559,member
1167651,21E11E625B754B16,electric_bike,2021-08-31 19:26:00,2021-08-31 19:34:59,Myrtle Ave & St Edwards St,4659,Clark St & Henry St,4789,40.69327018,-73.97703874,40.69760127,-73.99344559,member
1167727,354D07EAE3793236,electric_bike,2021-08-10 17:33:32,2021-08-10 17:56:11,Broadway & E 21 St,6098,Clark St & Henry St,4789,40.73988840858996,-73.98958593606949,40.69760127,-73.99344559,member
1167797,4763D64AA01EBBBB,classic_bike,2021-08-09 22:49:40,2021-08-09 22:51:51,Henry St & Remsen St,4645,Clark St & Henry St,4789,40.69400964865994,-73.99465128779411,40.69760127,-73.99344559,casual
1167800,09BCDC18E0F72273,electric_bike,2021-08-12 16:03:55,2021-08-12 16:07:30,Henry St & Remsen St,4645,Clark St & Henry St,4789,40.69400964865994,-73.99465128779411,40.69760127,-73.99344559,member
1167838,EEAB3A0F8EF8E976,electric_bike,2021-08-01 18:55:46,2021-08-01 19:17:07,Henry St & Remsen St,4645,Clark St & Henry St,4789,40.69400964865994,-73.99465128779411,40.69760127,-73.99344559,casual
1167860,737849C0E2849335,classic_bike,2021-08-28 15:50:24,2021-08-28 16:15:59,Douglass St & 3 Ave,4217,Clark St & Henry St,4789,40.6802133,-73.98432695,40.69760127,-73.99344559,casual
1167865,7780AC360B527D62,classic_bike,2021-08-03 20:12:54,2021-08-03 20:22:16,Hanson Pl & Ashland Pl,4395,Clark St & Henry St,4789,40.68506807308177,-73.97790759801863,40.69760127,-73.99344559,casual
1167870,115ED87559A766FE,classic_bike,2021-08-18 20:58:42,2021-08-18 21:06:13,Court St & State St,4488,Clark St & Henry St,4789,40.6902375,-73.99203074,40.69760127,-73.99344559,member
1167873,6E3EE58F5A4E17C8,classic_bike,2021-08-13 10:18:13,2021-08-13 10:24:40,Court St & State St,4488,Clark St & Henry St,4789,40.6902375,-73.99203074,40.69760127,-73.99344559,member
1167874,E55F47E36F9BC552,classic_bike,2021-08-17 20:57:41,2021-08-17 21:03:52,Court St & State St,4488,Clark St & Henry St,4789,40.6902375,-73.99203074,40.69760127,-73.99344559,member
1167888,F687FE836D7CC58D,classic_bike,2021-08-21 01:10:58,2021-08-21 01:44:29,Central Ave & Flushing Ave,4947,Clark St & Henry St,4789,40.702831,-73.9333,40.69760127,-73.99344559,member
1167911,C8877342BC0404AF,classic_bike,2021-08-10 16:01:20,2021-08-10 16:02:29,Clinton St & Tillary St,4748,Clark St & Henry St,4789,40.69623297129316,-73.99142056703568,40.69760127,-73.99344559,member
1167919,6395C0D0E92C6BDF,classic_bike,2021-08-31 20:07:20,2021-08-31 20:32:14,Prospect Park W & 20 St,3507,Clark St & Henry St,4789,40.656633,-73.983864,40.69760127,-73.99344559,member
1167920,CF5291E0E7D7BE70,classic_bike,2021-08-23 18:51:29,2021-08-23 18:53:18,Clinton St & Tillary St,4748,Clark St & Henry St,4789,40.69623297129316,-73.99142056703568,40.69760127,-73.99344559,member
1167921,25EA298CCBAD656B,classic_bike,2021-08-23 18:58:07,2021-08-23 18:59:34,Clinton St & Tillary St,4748,Clark St & Henry St,4789,40.69623297129316,-73.99142056703568,40.69760127,-73.99344559,member
1167929,2F964F801BC80E63,electric_bike,2021-08-09 13:41:11,2021-08-09 13:57:23,Douglass St & 3 Ave,4217,Clark St & Henry St,4789,40.6802133,-73.98432695,40.69760127,-73.99344559,member
1167961,CEED8EBCCC03D65F,classic_bike,2021-08-17 18:55:50,2021-08-17 19:12:14,Prospect Park W & 20 St,3507,Clark St & Henry St,4789,40.656633,-73.983864,40.69760127,-73.99344559,member
1167962,71CD7E2FCC37489A,electric_bike,2021-08-06 17:29:02,2021-08-06 17:58:46,Clinton St & Tillary St,4748,Clark St & Henry St,4789,40.69623297129316,-73.99142056703568,40.69760127,-73.99344559,member
1168021,67E84351F386729A,classic_bike,2021-08-12 13:00:10,2021-08-12 13:29:54,Eldert St & Bushwick Ave,4399,Clark St & Henry St,4789,40.68652,-73.91321,40.69760127,-73.99344559,member
1168024,A1211757A8D4EB8E,classic_bike,2021-08-26 17:48:58,2021-08-26 18:02:00,Forsyth St & Canal St,5270,Clark St & Henry St,4789,40.7158155,-73.99422366,40.69760127,-73.99344559,member
1168025,191B97103E9246B9,classic_bike,2021-08-30 11:02:20,2021-08-30 11:16:31,Forsyth St & Canal St,5270,Clark St & Henry St,4789,40.7158155,-73.99422366,40.69760127,-73.99344559,member
1168040,C1004438DA4AF565,classic_bike,2021-08-13 15:24:44,2021-08-13 15:42:15,Warren St & W Broadway,5288,Clark St & Henry St,4789,40.71473993,-74.00910627,40.69760127,-73.99344559,member
1168041,3DFC07285F871143,classic_bike,2021-08-17 18:34:00,2021-08-17 19:03:38,Pier 40 - Hudson River Park,5696,Clark St & Henry St,4789,40.7277140777778,-74.01129573583603,40.69760127,-73.99344559,member
1168055,9230D444BF3B61C8,electric_bike,2021-08-27 03:32:24,2021-08-27 03:41:38,Forsyth St & Canal St,5270,Clark St & Henry St,4789,40.7158155,-73.99422366,40.69760127,-73.99344559,member
1168058,3ED00B0ECD1AC4FA,classic_bike,2021-08-12 09:51:20,2021-08-12 09:55:31,Clinton St & Joralemon St,4605,Clark St & Henry St,4789,40.69239502,-73.99337909,40.69760127,-73.99344559,member
1168064,E3A788198802607D,classic_bike,2021-08-07 18:35:28,2021-08-07 19:16:49,Metropolitan Ave & Bedford Ave,5308,Clark St & Henry St,4789,40.71534825,-73.96024116,40.69760127,-73.99344559,member
1168066,6586F8AB3CF13CB2,classic_bike,2021-08-28 16:22:33,2021-08-28 16:43:34,4 Ave & 9 St,3955,Clark St & Henry St,4789,40.6705135,-73.98876585,40.69760127,-73.99344559,member
1168068,D6B47D0E3D7DFBC4,classic_bike,2021-08-17 15:31:30,2021-08-17 15:47:07,Warren St & Court St,4413,Clark St & Henry St,4789,40.686371,-73.99383324,40.69760127,-73.99344559,member
1168071,0F7ED9BCE492D9B3,classic_bike,2021-08-13 20:55:32,2021-08-13 21:25:22,Pier 40 - Hudson River Park,5696,Clark St & Henry St,4789,40.7277140777778,-74.01129573583603,40.69760127,-73.99344559,member
1168074,7BD3510FA7597284,classic_bike,2021-08-15 11:57:49,2021-08-15 12:04:57,Warren St & Court St,4413,Clark St & Henry St,4789,40.686371,-73.99383324,40.69760127,-73.99344559,member
1168124,D101E11FD2B4C42D,classic_bike,2021-08-13 16:15:00,2021-08-13 16:28:05,Court St & Nelson St,4077,Clark St & Henry St,4789,40.6763947,-73.99869893,40.69760127,-73.99344559,casual
1168136,ACAFD92783952A81,electric_bike,2021-08-03 19:37:22,2021-08-03 20:03:47,10 Ave & W 28 St,6459,Clark St & Henry St,4789,40.75066386,-74.00176802,40.69760127,-73.99344559,member
1168150,A84BC8F4F8042970,classic_bike,2021-08-17 22:01:02,2021-08-17 22:20:44,W Broadway & W Houston St,5644,Clark St & Henry St,4789,40.726378,-74.000472,40.69760127,-73.99344559,member
1168160,C29545313B512727,classic_bike,2021-08-28 12:06:36,2021-08-28 12:30:05,Wythe Ave & Metropolitan Ave,5348,Clark St & Henry St,4789,40.716887,-73.963198,40.69760127,-73.99344559,member
1168174,CEB6E076D7F7F807,classic_bike,2021-08-12 18:43:43,2021-08-12 18:59:02,Van Brunt St & Wolcott St,4095,Clark St & Henry St,4789,40.6773429,-74.01275056,40.69760127,-73.99344559,member
1168186,7E8DE1681EC1172D,classic_bike,2021-08-20 10:52:42,2021-08-20 11:05:14,Court St & Nelson St,4077,Clark St & Henry St,4789,40.6763947,-73.99869893,40.69760127,-73.99344559,casual
1168199,A5C3D3680D43A97A,classic_bike,2021-08-24 08:12:59,2021-08-24 08:14:23,Clinton St & Tillary St,4748,Clark St & Henry St,4789,40.69623297129316,-73.99142056703568,40.69760127,-73.99344559,member
1168200,61A428029D47AE42,classic_bike,2021-08-24 08:16:46,2021-08-24 08:18:27,Clinton St & Tillary St,4748,Clark St & Henry St,4789,40.69623297129316,-73.99142056703568,40.69760127,-73.99344559,member
1168201,99BA596A58F79587,classic_bike,2021-08-24 08:10:02,2021-08-24 08:11:12,Clinton St & Tillary St,4748,Clark St & Henry St,4789,40.69623297129316,-73.99142056703568,40.69760127,-73.99344559,member
1168202,215900FBB7014996,classic_bike,2021-08-30 17:30:28,2021-08-30 17:31:52,Clinton St & Tillary St,4748,Clark St & Henry St,4789,40.69623297129316,-73.99142056703568,40.69760127,-73.99344559,member
1168203,E7B07BD7004CB3EA,classic_bike,2021-08-30 16:40:39,2021-08-30 16:42:11,Clinton St & Tillary St,4748,Clark St & Henry St,4789,40.69623297129316,-73.99142056703568,40.69760127,-73.99344559,member
1168204,FB128AD8706744A1,classic_bike,2021-08-28 15:17:40,2021-08-28 15:28:19,Willoughby St & Fleet St,4628,Clark St & Henry St,4789,40.69196566,-73.9813018,40.69760127,-73.99344559,member
1168211,0D75D4B499E91E64,classic_bike,2021-08-02 19:37:51,2021-08-02 19:55:32,Prospect Park W & 20 St,3507,Clark St & Henry St,4789,40.656633,-73.983864,40.69760127,-73.99344559,member
1168217,3309E7C9CD774D3B,classic_bike,2021-08-01 14:47:14,2021-08-01 14:48:36,Clinton St & Tillary St,4748,Clark St & Henry St,4789,40.69623297129316,-73.99142056703568,40.69760127,-73.99344559,member
1168218,0BEE8222D30E251B,classic_bike,2021-08-01 14:57:26,2021-08-01 14:58:49,Clinton St & Tillary St,4748,Clark St & Henry St,4789,40.69623297129316,-73.99142056703568,40.69760127,-73.99344559,member
1168219,FF244E0E806E7D47,classic_bike,2021-08-01 14:25:02,2021-08-01 14:26:34,Clinton St & Tillary St,4748,Clark St & Henry St,4789,40.69623297129316,-73.99142056703568,40.69760127,-73.99344559,member
1168220,6E9DC66D0C28CB18,classic_bike,2021-08-01 14:14:10,2021-08-01 14:15:44,Clinton St & Tillary St,4748,Clark St & Henry St,4789,40.69623297129316,-73.99142056703568,40.69760127,-73.99344559,member
1168221,AD2F5CE949A8AC26,classic_bike,2021-08-01 14:30:53,2021-08-01 14:32:02,Clinton St & Tillary St,4748,Clark St & Henry St,4789,40.69623297129316,-73.99142056703568,40.69760127,-73.99344559,member
1168222,92992E078FCEC977,classic_bike,2021-08-01 14:41:06,2021-08-01 14:42:48,Clinton St & Tillary St,4748,Clark St & Henry St,4789,40.69623297129316,-73.99142056703568,40.69760127,-73.99344559,member
1168223,AE16CA1F3F90A168,classic_bike,2021-08-01 14:52:37,2021-08-01 14:54:03,Clinton St & Tillary St,4748,Clark St & Henry St,4789,40.69623297129316,-73.99142056703568,40.69760127,-73.99344559,member
1168224,A8BA07B6A2A0CB6F,classic_bike,2021-08-01 14:36:38,2021-08-01 14:37:55,Clinton St & Tillary St,4748,Clark St & Henry St,4789,40.69623297129316,-73.99142056703568,40.69760127,-73.99344559,member
1168230,580B24E4D6876733,classic_bike,2021-08-25 16:40:15,2021-08-25 17:05:03,West St & Chambers St,5329,Clark St & Henry St,4789,40.71754834,-74.01322069,40.69760127,-73.99344559,member
1168276,D7722F312AA7999E,classic_bike,2021-08-03 18:45:51,2021-08-03 19:01:21,Lexington Ave & Classon Ave,4452,Clark St & Henry St,4789,40.68676793,-73.95928168,40.69760127,-73.99344559,member
1168308,CE3D224DE3D3DBE8,classic_bike,2021-08-26 11:21:30,2021-08-26 11:49:09,Clinton St & Tillary St,4748,Clark St & Henry St,4789,40.69623297129316,-73.99142056703568,40.69760127,-73.99344559,member
1168311,A3F6A5F498642D63,classic_bike,2021-08-27 16:08:48,2021-08-27 16:10:04,Clinton St & Tillary St,4748,Clark St & Henry St,4789,40.69623297129316,-73.99142056703568,40.69760127,-73.99344559,member
1168313,EEA7694D11901F8C,classic_bike,2021-08-02 09:41:30,2021-08-02 09:42:43,Clinton St & Tillary St,4748,Clark St & Henry St,4789,40.69623297129316,-73.99142056703568,40.69760127,-73.99344559,member
1168316,53CACB67AEC8EA17,electric_bike,2021-08-28 12:57:05,2021-08-28 12:58:24,Clinton St & Tillary St,4748,Clark St & Henry St,4789,40.69623297129316,-73.99142056703568,40.69760127,-73.99344559,member
1168317,BC8B0F75F36CE886,classic_bike,2021-08-11 14:06:25,2021-08-11 14:18:11,Atlantic Ave & Fort Greene Pl,4354,Clark St & Henry St,4789,40.68382604,-73.97632328,40.69760127,-73.99344559,member
1168318,1A4663977DC39FC6,classic_bike,2021-08-27 15:56:24,2021-08-27 15:57:48,Clinton St & Tillary St,4748,Clark St & Henry St,4789,40.69623297129316,-73.99142056703568,40.69760127,-73.99344559,member
1168319,B2B30ABFA50FB8BB,classic_bike,2021-08-07 17:18:37,2021-08-07 17:19:49,Clinton St & Tillary St,4748,Clark St & Henry St,4789,40.69623297129316,-73.99142056703568,40.69760127,-73.99344559,member
1168320,9D7DF6E4E6BC903A,classic_bike,2021-08-07 17:35:14,2021-08-07 17:36:37,Clinton St & Tillary St,4748,Clark St & Henry St,4789,40.69623297129316,-73.99142056703568,40.69760127,-73.99344559,member
1168356,E4C29CEA2B6CA379,classic_bike,2021-08-24 11:35:27,2021-08-24 12:07:20,Atlantic Ave & Furman St,4614,Clark St & Henry St,4789,40.69165183,-73.9999786,40.69760127,-73.99344559,member
1168359,76BF34AA61DC9A65,classic_bike,2021-08-09 19:05:01,2021-08-09 19:10:43,Atlantic Ave & Furman St,4614,Clark St & Henry St,4789,40.69165183,-73.9999786,40.69760127,-73.99344559,member
1168370,349E6FBC42C902A2,classic_bike,2021-08-08 14:43:28,2021-08-08 14:49:14,Atlantic Ave & Furman St,4614,Clark St & Henry St,4789,40.69165183,-73.9999786,40.69760127,-73.99344559,member
1168373,32FAD26C7A7361D1,classic_bike,2021-08-03 07:57:37,2021-08-03 08:04:12,Atlantic Ave & Furman St,4614,Clark St & Henry St,4789,40.69165183,-73.9999786,40.69760127,-73.99344559,casual
1168396,76E1A1D788684ACF,electric_bike,2021-08-24 21:52:45,2021-08-24 22:51:51,West St & Chambers St,5329,Clark St & Henry St,4789,40.71754834,-74.01322069,40.69760127,-73.99344559,casual
1168399,A23498400E3F2950,classic_bike,2021-08-27 17:09:11,2021-08-27 17:36:29,Wythe Ave & Metropolitan Ave,5348,Clark St & Henry St,4789,40.716887,-73.963198,40.69760127,-73.99344559,casual
1168400,E4F2763F5EEFD43C,classic_bike,2021-08-23 19:48:14,2021-08-23 20:02:25,Leonard St & Church St,5359,Clark St & Henry St,4789,40.717571,-74.005549,40.69760127,-73.99344559,member
1168437,32B0C4E03424015C,electric_bike,2021-08-29 10:58:44,2021-08-29 11:25:28,W Broadway & W Houston St,5644,Clark St & Henry St,4789,40.726378,-74.000472,40.69760127,-73.99344559,casual
1168459,253E1579A1DEE922,classic_bike,2021-08-05 20:16:21,2021-08-05 20:32:22,Rivington St & Chrystie St,5453,Clark St & Henry St,4789,40.72110063,-73.9919254,40.69760127,-73.99344559,member
1168468,4EFAAF34F0A595CF,classic_bike,2021-08-11 22:43:44,2021-08-11 23:07:17,West St & Chambers St,5329,Clark St & Henry St,4789,40.71754834,-74.01322069,40.69760127,-73.99344559,member
1168470,97ED9FA81F3F6F4A,classic_bike,2021-08-12 20:20:19,2021-08-12 20:45:08,West St & Chambers St,5329,Clark St & Henry St,4789,40.71754834,-74.01322069,40.69760127,-73.99344559,member
1168502,0DBE24A6B523B613,classic_bike,2021-08-03 18:24:02,2021-08-03 18:44:17,Broadway & Battery Pl,4962,Clark St & Henry St,4789,40.70463334,-74.01361706,40.69760127,-73.99344559,member
1168506,F69B30ECCDA899A7,electric_bike,2021-08-13 19:37:32,2021-08-13 19:51:43,Albany St & Greenwich St,5145,Clark St & Henry St,4789,40.709267,-74.013247,40.69760127,-73.99344559,member
1168508,1372AC37DB77FC42,electric_bike,2021-08-05 09:44:39,2021-08-05 10:00:05,Broadway & Battery Pl,4962,Clark St & Henry St,4789,40.70463334,-74.01361706,40.69760127,-73.99344559,member
1168515,9F1CC4AD9F005F5E,classic_bike,2021-08-15 19:44:50,2021-08-15 19:52:51,Bond St & Fulton St,4479,Clark St & Henry St,4789,40.68962188790333,-73.98304268717766,40.69760127,-73.99344559,member
1168517,3FAF5FE6E0DA0299,classic_bike,2021-08-31 19:58:08,2021-08-31 20:09:13,Johnson St & Gold St,4668,Clark St & Henry St,4789,40.69474881,-73.98362464,40.69760127,-73.99344559,member
1168523,D2B19A681E3F0170,classic_bike,2021-08-08 18:33:10,2021-08-08 19:10:53,Bond St & Fulton St,4479,Clark St & Henry St,4789,40.68962188790333,-73.98304268717766,40.69760127,-73.99344559,member
1168528,31D85AABFEB694D7,classic_bike,2021-08-05 19:27:31,2021-08-05 19:44:25,Broadway & Battery Pl,4962,Clark St & Henry St,4789,40.70463334,-74.01361706,40.69760127,-73.99344559,member
1168536,BC9168E7FA89D5C3,classic_bike,2021-08-02 09:27:10,2021-08-02 09:31:00,Clinton St & Joralemon St,4605,Clark St & Henry St,4789,40.69239502,-73.99337909,40.69760127,-73.99344559,member
1168538,B2E9B2ECE8B7CE1A,classic_bike,2021-08-02 20:27:25,2021-08-02 20:30:04,Clinton St & Joralemon St,4605,Clark St & Henry St,4789,40.69239502,-73.99337909,40.69760127,-73.99344559,member
1168542,F93B464CC7460EAC,electric_bike,2021-08-12 18:41:56,2021-08-12 18:52:02,Forsyth St & Canal St,5270,Clark St & Henry St,4789,40.7158155,-73.99422366,40.69760127,-73.99344559,member
1168543,3CFE3FE02A49975A,classic_bike,2021-08-09 20:22:41,2021-08-09 20:40:06,Broadway & Battery Pl,4962,Clark St & Henry St,4789,40.70463334,-74.01361706,40.69760127,-73.99344559,member
1168551,EF63809F45CFA4E5,classic_bike,2021-08-23 13:28:12,2021-08-23 13:58:23,Broadway & Battery Pl,4962,Clark St & Henry St,4789,40.70463334,-74.01361706,40.69760127,-73.99344559,casual
1168554,24959732C1B4E115,classic_bike,2021-08-28 18:03:01,2021-08-28 18:30:12,Liberty St & Nassau St,5105,Clark St & Henry St,4789,40.70858894240581,-74.00935482235809,40.69760127,-73.99344559,casual
1168568,2D5067B43E38B579,classic_bike,2021-08-21 01:13:11,2021-08-21 01:38:14,Devoe St & Lorimer St,5259,Clark St & Henry St,4789,40.71335226222875,-73.9491033554077,40.69760127,-73.99344559,member
1168569,1A5A236DC4D20913,electric_bike,2021-08-27 00:10:17,2021-08-27 00:25:02,Fulton St & Waverly Ave,4345,Clark St & Henry St,4789,40.68323865460341,-73.96599590778351,40.69760127,-73.99344559,casual
1168575,482421DB88848ECB,classic_bike,2021-08-12 09:19:28,2021-08-12 09:28:04,Dean St & Hoyt St,4446,Clark St & Henry St,4789,40.6864442,-73.98759104,40.69760127,-73.99344559,member
1168617,8EE03C30D842CBC9,classic_bike,2021-08-19 13:31:44,2021-08-19 14:11:01,Cleveland Pl & Spring St,5492,Clark St & Henry St,4789,40.722103786686034,-73.99724900722504,40.69760127,-73.99344559,casual
1168620,1A09670210BF4891,classic_bike,2021-08-05 13:43:30,2021-08-05 14:30:32,Albany St & Greenwich St,5145,Clark St & Henry St,4789,40.709267,-74.013247,40.69760127,-73.99344559,casual
1168621,EEEE2B994507BFC2,classic_bike,2021-08-23 13:28:06,2021-08-23 13:58:33,Broadway & Battery Pl,4962,Clark St & Henry St,4789,40.70463334,-74.01361706,40.69760127,-73.99344559,casual
1168637,D2917B96B86F62AA,electric_bike,2021-08-09 13:47:02,2021-08-09 13:56:38,Forsyth St\t& Grand St,5382,Clark St & Henry St,4789,40.71779817737835,-73.99316132068634,40.69760127,-73.99344559,member
1168650,4A3A70C519D74155,classic_bike,2021-08-15 16:05:20,2021-08-15 16:06:45,Clinton St & Tillary St,4748,Clark St & Henry St,4789,40.69623297129316,-73.99142056703568,40.69760127,-73.99344559,member
1168651,63F92E821FDD7CA1,classic_bike,2021-08-15 16:00:03,2021-08-15 16:01:21,Clinton St & Tillary St,4748,Clark St & Henry St,4789,40.69623297129316,-73.99142056703568,40.69760127,-73.99344559,member
1168652,D430C19688F423E1,classic_bike,2021-08-15 16:10:02,2021-08-15 16:11:21,Clinton St & Tillary St,4748,Clark St & Henry St,4789,40.69623297129316,-73.99142056703568,40.69760127,-73.99344559,member
1168653,997957BE62730A90,classic_bike,2021-08-15 16:14:50,2021-08-15 16:16:33,Clinton St & Tillary St,4748,Clark St & Henry St,4789,40.69623297129316,-73.99142056703568,40.69760127,-73.99344559,member
1168654,E0A8FC78A0775826,classic_bike,2021-08-15 15:44:35,2021-08-15 15:45:55,Clinton St & Tillary St,4748,Clark St & Henry St,4789,40.69623297129316,-73.99142056703568,40.69760127,-73.99344559,member
1168655,D61D046F52DD11A4,classic_bike,2021-08-28 13:48:22,2021-08-28 13:49:40,Clinton St & Tillary St,4748,Clark St & Henry St,4789,40.69623297129316,-73.99142056703568,40.69760127,-73.99344559,member
1168665,6EB1B25B71A76E7F,classic_bike,2021-08-11 20:03:45,2021-08-11 20:14:26,Clinton Ave & Flushing Ave,4762,Clark St & Henry St,4789,40.69794,-73.96986848,40.69760127,-73.99344559,member
1168666,589D0467C56E3EDC,classic_bike,2021-08-01 23:20:56,2021-08-01 23:32:33,Clinton Ave & Flushing Ave,4762,Clark St & Henry St,4789,40.69794,-73.96986848,40.69760127,-73.99344559,member
1168681,1DFF8168451372EC,electric_bike,2021-08-03 19:36:50,2021-08-03 19:47:59,Wyckoff St & Nevins St,4290,Clark St & Henry St,4789,40.683426,-73.984275,40.69760127,-73.99344559,member
1168684,B0E981EA5A092E7D,classic_bike,2021-08-04 21:01:47,2021-08-04 22:01:03,Van Brunt St & Wolcott St,4095,Clark St & Henry St,4789,40.6773429,-74.01275056,40.69760127,-73.99344559,casual
1168725,197B1144AABC74E7,classic_bike,2021-08-16 23:50:15,2021-08-17 00:31:58,Rivington St & Chrystie St,5453,Clark St & Henry St,4789,40.72110063,-73.9919254,40.69760127,-73.99344559,casual
1168815,61C5EE5C675640EF,classic_bike,2021-08-16 14:44:40,2021-08-16 14:56:49,Court St & Nelson St,4077,Clark St & Henry St,4789,40.6763947,-73.99869893,40.69760127,-73.99344559,casual
1168827,BB93CF8041873E66,classic_bike,2021-08-05 23:54:38,2021-08-05 23:59:31,Old Fulton St,4903,Clark St & Henry St,4789,40.70277159,-73.99383605,40.69760127,-73.99344559,member
1168857,DBF2BECB8B767305,classic_bike,2021-08-28 14:45:37,2021-08-28 15:19:10,Wythe Ave & Metropolitan Ave,5348,Clark St & Henry St,4789,40.716887,-73.963198,40.69760127,-73.99344559,casual
1168865,C602ED5FF3A3E327,classic_bike,2021-08-03 18:28:24,2021-08-03 18:55:20,West St & Chambers St,5329,Clark St & Henry St,4789,40.71754834,-74.01322069,40.69760127,-73.99344559,member
1168873,1DFC510D10E8718B,classic_bike,2021-08-03 19:13:21,2021-08-03 19:39:10,Wythe Ave & Metropolitan Ave,5348,Clark St & Henry St,4789,40.716887,-73.963198,40.69760127,-73.99344559,casual
1168896,79E6EDCCE3B76E60,classic_bike,2021-08-03 13:07:57,2021-08-03 13:11:27,Henry St & Remsen St,4645,Clark St & Henry St,4789,40.69400964865994,-73.99465128779411,40.69760127,-73.99344559,member
1168897,7AC2AEA4B5E1A656,classic_bike,2021-08-03 19:01:00,2021-08-03 19:04:21,Henry St & Remsen St,4645,Clark St & Henry St,4789,40.69400964865994,-73.99465128779411,40.69760127,-73.99344559,member
1168898,0732AE1DC7B63107,classic_bike,2021-08-12 20:19:46,2021-08-12 20:46:34,E 25 St & 2 Ave,6046,Clark St & Henry St,4789,40.73912601,-73.97973776,40.69760127,-73.99344559,member
1168900,4408FA10D7499698,classic_bike,2021-08-09 17:01:11,2021-08-09 17:04:01,Henry St & Remsen St,4645,Clark St & Henry St,4789,40.69400964865994,-73.99465128779411,40.69760127,-73.99344559,member
1168912,B2ABEAD9F32E0C9A,classic_bike,2021-08-15 12:53:29,2021-08-15 12:53:32,Clark St & Henry St,4789,Clark St & Henry St,4789,40.69760127,-73.99344559,40.69760127,-73.99344559,member
1168913,E6F2B1A541A1B5B7,classic_bike,2021-08-06 09:06:46,2021-08-06 09:08:19,Clark St & Henry St,4789,Clark St & Henry St,4789,40.69760127,-73.99344559,40.69760127,-73.99344559,member
1168914,9D7A490C481F54AD,classic_bike,2021-08-21 18:40:28,2021-08-21 18:40:42,Clark St & Henry St,4789,Clark St & Henry St,4789,40.69760127,-73.99344559,40.69760127,-73.99344559,member
1168919,0557BBA03D17776A,classic_bike,2021-08-29 13:51:47,2021-08-29 13:52:06,Clark St & Henry St,4789,Clark St & Henry St,4789,40.69760127,-73.99344559,40.69760127,-73.99344559,member
1168920,1F2BE40F9B93CB22,electric_bike,2021-08-21 19:34:04,2021-08-21 19:35:15,Clark St & Henry St,4789,Clark St & Henry St,4789,40.69760127,-73.99344559,40.69760127,-73.99344559,member
1168926,D02711A1D0735FA5,classic_bike,2021-08-28 16:58:20,2021-08-28 16:59:31,Clark St & Henry St,4789,Clark St & Henry St,4789,40.69760127,-73.99344559,40.69760127,-73.99344559,member
1168927,3BB13444538FAFC4,classic_bike,2021-08-28 16:59:58,2021-08-28 17:01:45,Clark St & Henry St,4789,Clark St & Henry St,4789,40.69760127,-73.99344559,40.69760127,-73.99344559,member
1168936,613E12B9C106D95A,classic_bike,2021-08-07 21:20:42,2021-08-07 21:23:56,Columbia Heights & Cranberry St,4829,Clark St & Henry St,4789,40.70037867,-73.99548059,40.69760127,-73.99344559,member
1168949,044770EC33C4FC4D,classic_bike,2021-08-15 19:14:08,2021-08-15 19:32:49,Columbia Heights & Cranberry St,4829,Clark St & Henry St,4789,40.70037867,-73.99548059,40.69760127,-73.99344559,member
1168965,5CFD5CAC80B4E5A1,classic_bike,2021-08-12 18:36:40,2021-08-12 18:39:32,Columbia Heights & Cranberry St,4829,Clark St & Henry St,4789,40.70037867,-73.99548059,40.69760127,-73.99344559,member
1168966,043B3FC8E3277D9F,classic_bike,2021-08-01 10:54:51,2021-08-01 11:11:43,Columbia Heights & Cranberry St,4829,Clark St & Henry St,4789,40.70037867,-73.99548059,40.69760127,-73.99344559,member
1168975,5512D8B0E4764DF1,classic_bike,2021-08-04 12:57:14,2021-08-04 13:04:40,Columbia Heights & Cranberry St,4829,Clark St & Henry St,4789,40.70037867,-73.99548059,40.69760127,-73.99344559,casual
1168976,BBCE9C6D9D590398,classic_bike,2021-08-29 00:42:34,2021-08-29 01:13:20,Columbia Heights & Cranberry St,4829,Clark St & Henry St,4789,40.70037867,-73.99548059,40.69760127,-73.99344559,casual
1168979,89FA8D0390B039CE,classic_bike,2021-08-08 15:10:38,2021-08-08 15:21:29,Columbia Heights & Cranberry St,4829,Clark St & Henry St,4789,40.70037867,-73.99548059,40.69760127,-73.99344559,casual
1168984,2F8F7A880FA0A69C,classic_bike,2021-08-31 13:18:31,2021-08-31 13:45:04,Columbia Heights & Cranberry St,4829,Clark St & Henry St,4789,40.70037867,-73.99548059,40.69760127,-73.99344559,member
1168996,E47AEB6EA359CFF8,classic_bike,2021-08-26 15:33:51,2021-08-26 15:36:30,Columbia Heights & Cranberry St,4829,Clark St & Henry St,4789,40.70037867,-73.99548059,40.69760127,-73.99344559,member
1168997,824E66B7BF30AA1C,classic_bike,2021-08-26 15:12:40,2021-08-26 15:15:28,Columbia Heights & Cranberry St,4829,Clark St & Henry St,4789,40.70037867,-73.99548059,40.69760127,-73.99344559,member
1168998,D8DEE61B1963A5F9,classic_bike,2021-08-26 15:21:17,2021-08-26 15:23:58,Columbia Heights & Cranberry St,4829,Clark St & Henry St,4789,40.70037867,-73.99548059,40.69760127,-73.99344559,member
1168999,5025565FC556E0D7,classic_bike,2021-08-29 11:19:55,2021-08-29 11:42:01,Murray St & West St,5329,Clark St & Henry St,4789,40.7149787,-74.013012,40.69760127,-73.99344559,member
1169007,A5BDF346AC83FCFB,classic_bike,2021-08-12 16:30:12,2021-08-12 16:33:34,Columbia Heights & Cranberry St,4829,Clark St & Henry St,4789,40.70037867,-73.99548059,40.69760127,-73.99344559,member
1169029,F855D77ED0A86F01,classic_bike,2021-08-05 19:09:34,2021-08-05 19:42:26,Clark St & Henry St,4789,Huron St & Franklin St,5869,40.69760127,-73.99344559,40.73266,-73.95826,member
1169030,EBBB32CA80EC69F3,electric_bike,2021-08-02 23:37:56,2021-08-02 23:38:33,Clark St & Henry St,4789,Clark St & Henry St,4789,40.69760127,-73.99344559,40.69760127,-73.99344559,member
1169033,51F657038BEC64BF,classic_bike,2021-08-08 08:46:23,2021-08-08 08:47:33,Clark St & Henry St,4789,Clark St & Henry St,4789,40.69760127,-73.99344559,40.69760127,-73.99344559,member
1169037,B36AFEEB00813DD2,electric_bike,2021-08-20 22:50:30,2021-08-20 22:51:37,Clark St & Henry St,4789,Clark St & Henry St,4789,40.69760127,-73.99344559,40.69760127,-73.99344559,member
1169038,EC96E769AB7FE376,classic_bike,2021-08-20 22:40:53,2021-08-20 22:47:39,Clark St & Henry St,4789,Clark St & Henry St,4789,40.69760127,-73.99344559,40.69760127,-73.99344559,member
1169042,91CE36FDD2D521A4,classic_bike,2021-08-18 16:12:31,2021-08-18 16:15:53,Columbia Heights & Cranberry St,4829,Clark St & Henry St,4789,40.70037867,-73.99548059,40.69760127,-73.99344559,member
1169043,BA2537A870954A28,classic_bike,2021-08-24 15:58:43,2021-08-24 16:02:27,Columbia Heights & Cranberry St,4829,Clark St & Henry St,4789,40.70037867,-73.99548059,40.69760127,-73.99344559,member
1169053,E80FE4C1FA337063,classic_bike,2021-08-15 07:58:26,2021-08-15 08:27:33,Columbia Heights & Cranberry St,4829,Clark St & Henry St,4789,40.70037867,-73.99548059,40.69760127,-73.99344559,casual
1169058,20F9D8DB33E8D2DA,classic_bike,2021-08-28 19:00:55,2021-08-28 19:03:48,Columbia Heights & Cranberry St,4829,Clark St & Henry St,4789,40.70037867,-73.99548059,40.69760127,-73.99344559,member
1169061,A69AED54252BE655,electric_bike,2021-08-30 10:15:37,2021-08-30 10:18:36,Columbia Heights & Cranberry St,4829,Clark St & Henry St,4789,40.70037867,-73.99548059,40.69760127,-73.99344559,member
1169063,91F688FA6108E775,classic_bike,2021-08-16 15:25:56,2021-08-16 15:29:02,Columbia Heights & Cranberry St,4829,Clark St & Henry St,4789,40.70037867,-73.99548059,40.69760127,-73.99344559,member
1169064,DA31503C75C187D9,classic_bike,2021-08-16 15:09:06,2021-08-16 15:11:56,Columbia Heights & Cranberry St,4829,Clark St & Henry St,4789,40.70037867,-73.99548059,40.69760127,-73.99344559,member
1169065,66A453D750E38E77,classic_bike,2021-08-16 14:59:26,2021-08-16 15:02:32,Columbia Heights & Cranberry St,4829,Clark St & Henry St,4789,40.70037867,-73.99548059,40.69760127,-73.99344559,member
1169066,1BBA14C774D26CA6,classic_bike,2021-08-16 15:35:52,2021-08-16 15:38:47,Columbia Heights & Cranberry St,4829,Clark St & Henry St,4789,40.70037867,-73.99548059,40.69760127,-73.99344559,member
1169074,A8BC5273653A5961,electric_bike,2021-08-26 17:16:25,2021-08-26 17:23:26,Columbia Heights & Cranberry St,4829,Clark St & Henry St,4789,40.70037867,-73.99548059,40.69760127,-73.99344559,member
1169082,DFA0EBAA155960C3,classic_bike,2021-08-30 15:49:47,2021-08-30 15:58:57,Duffield St & Willoughby St,4596,Clark St & Henry St,4789,40.69221589,-73.9842844,40.69760127,-73.99344559,member
1169094,F42DFA74EEC99B64,classic_bike,2021-08-17 18:06:09,2021-08-17 18:10:36,Henry St & Remsen St,4645,Clark St & Henry St,4789,40.69400964865994,-73.99465128779411,40.69760127,-73.99344559,member
1169113,3A43BED25B8594B8,electric_bike,2021-08-21 17:52:23,2021-08-21 18:07:20,Broadway & Berry St,5164,Clark St & Henry St,4789,40.71044554,-73.96525063,40.69760127,-73.99344559,member
1169121,DE2B07587C96BBCC,classic_bike,2021-08-30 07:26:58,2021-08-30 07:29:06,Columbia Heights & Cranberry St,4829,Clark St & Henry St,4789,40.70037867,-73.99548059,40.69760127,-73.99344559,member
1169124,74E8B7F9040A29DC,classic_bike,2021-08-19 14:37:43,2021-08-19 14:56:07,Murray St & West St,5329,Clark St & Henry St,4789,40.7149787,-74.013012,40.69760127,-73.99344559,casual
1169127,52939BB264D0D7CD,classic_bike,2021-08-21 13:43:13,2021-08-21 13:46:26,Columbia Heights & Cranberry St,4829,Clark St & Henry St,4789,40.70037867,-73.99548059,40.69760127,-73.99344559,casual
1169128,E00A2D6C7640D431,classic_bike,2021-08-13 09:16:16,2021-08-13 09:20:09,Columbia Heights & Cranberry St,4829,Clark St & Henry St,4789,40.70037867,-73.99548059,40.69760127,-73.99344559,casual
1169138,DD7E2EBD77AFE8CE,electric_bike,2021-08-20 11:21:22,2021-08-20 11:54:26,W 15 St & 10 Ave,6115,Clark St & Henry St,4789,40.74275382865903,-74.00747358798981,40.69760127,-73.99344559,casual
1169139,D710A3967750BE21,classic_bike,2021-08-10 16:44:31,2021-08-10 16:59:40,Washington Ave & Park Ave,4724,Clark St & Henry St,4789,40.69610226,-73.96751037,40.69760127,-73.99344559,member
1169153,97FC995D1E5D59BE,classic_bike,2021-08-23 18:41:09,2021-08-23 18:47:30,Duffield St & Willoughby St,4596,Clark St & Henry St,4789,40.69221589,-73.9842844,40.69760127,-73.99344559,member
1169192,14595F512780ED9E,classic_bike,2021-08-01 20:54:33,2021-08-01 21:24:49,Metropolitan Ave & Vandervoort Ave,5241,Clark St & Henry St,4789,40.71429,-73.93323,40.69760127,-73.99344559,member
1169197,48549948134DBE32,electric_bike,2021-08-04 16:29:37,2021-08-04 16:45:54,S Portland Ave & Hanson Pl,4354,Clark St & Henry St,4789,40.68539567,-73.97431458,40.69760127,-73.99344559,member
1169208,D87C9CBE321543EA,classic_bike,2021-08-23 16:43:24,2021-08-23 16:50:31,Duffield St & Willoughby St,4596,Clark St & Henry St,4789,40.69221589,-73.9842844,40.69760127,-73.99344559,member
1169242,CD15778297415790,electric_bike,2021-08-22 01:48:42,2021-08-22 02:06:20,Grand St & Elizabeth St,5382,Clark St & Henry St,4789,40.718822,-73.99596,40.69760127,-73.99344559,casual
1169272,A4195DF94C717272,electric_bike,2021-08-13 18:28:02,2021-08-13 18:40:05,Grand St & Elizabeth St,5382,Clark St & Henry St,4789,40.718822,-73.99596,40.69760127,-73.99344559,member
1169290,DA326D37BE520CF1,classic_bike,2021-08-24 19:12:51,2021-08-24 19:54:08,Park Cir & East Dr,3344,Clark St & Henry St,4789,40.651566,-73.972212,40.69760127,-73.99344559,member
1169298,D5B8360DCDDF6522,electric_bike,2021-08-09 16:55:21,2021-08-09 17:10:15,Cleveland Pl & Spring St,5492,Clark St & Henry St,4789,40.722103786686034,-73.99724900722504,40.69760127,-73.99344559,member
1169319,CE9CCD423208F9A1,classic_bike,2021-08-19 21:34:45,2021-08-19 21:38:35,Henry St & Remsen St,4645,Clark St & Henry St,4789,40.69400964865994,-73.99465128779411,40.69760127,-73.99344559,member
1169332,4F61A73D3A5A8C8A,classic_bike,2021-08-06 17:06:46,2021-08-06 17:20:39,3 Ave & Schermerhorn St,4437,Clark St & Henry St,4789,40.68683208,-73.9796772,40.69760127,-73.99344559,member
1169342,11F0ED1EEB040CC1,classic_bike,2021-08-05 21:58:46,2021-08-05 22:08:11,3 Ave & Schermerhorn St,4437,Clark St & Henry St,4789,40.68683208,-73.9796772,40.69760127,-73.99344559,member
1169359,3BE4D197F0F2175A,electric_bike,2021-08-04 08:23:26,2021-08-04 08:37:30,Allen St & Stanton St,5484,Clark St & Henry St,4789,40.722055,-73.989111,40.69760127,-73.99344559,casual
1169366,1C3C13B4CB3E13FF,classic_bike,2021-08-04 11:33:25,2021-08-04 11:53:47,21 St & 4 Ave,3668,Clark St & Henry St,4789,40.662584,-73.995554,40.69760127,-73.99344559,member
1169368,8C30417895859B43,classic_bike,2021-08-29 13:48:09,2021-08-29 13:57:34,3 Ave & Schermerhorn St,4437,Clark St & Henry St,4789,40.68683208,-73.9796772,40.69760127,-73.99344559,member
1169378,35F9F775BCFCCD3C,classic_bike,2021-08-10 17:39:40,2021-08-10 18:14:47,E 20 St & Park Ave,6055,Clark St & Henry St,4789,40.73827428,-73.98751968,40.69760127,-73.99344559,member
1169387,394A50B34583331E,electric_bike,2021-08-24 07:18:54,2021-08-24 07:29:09,Court St & Nelson St,4077,Clark St & Henry St,4789,40.6763947,-73.99869893,40.69760127,-73.99344559,member
1169428,9FA5363B7F7B6BA3,classic_bike,2021-08-17 19:40:52,2021-08-17 19:54:31,3 Ave & Schermerhorn St,4437,Clark St & Henry St,4789,40.68683208,-73.9796772,40.69760127,-73.99344559,casual
1169444,3C9FD3997B8F685C,electric_bike,2021-08-25 18:06:54,2021-08-25 18:19:55,Suffolk St & Stanton St,5445,Clark St & Henry St,4789,40.72066442,-73.98517977,40.69760127,-73.99344559,casual
1169448,EBB9ECB50A7072D1,classic_bike,2021-08-19 15:29:07,2021-08-19 15:34:31,Duffield St & Willoughby St,4596,Clark St & Henry St,4789,40.69221589,-73.9842844,40.69760127,-73.99344559,member
1169449,F9F6D38E3DDA7757,classic_bike,2021-08-02 18:31:43,2021-08-02 18:38:56,Duffield St & Willoughby St,4596,Clark St & Henry St,4789,40.69221589,-73.9842844,40.69760127,-73.99344559,member
1169455,8C9D876161BB0C95,classic_bike,2021-08-25 19:07:59,2021-08-25 19:19:55,Henry St & W 9 St,4086,Clark St & Henry St,4789,40.6763744,-74.00324957,40.69760127,-73.99344559,member
1169461,F39055BD3A07766B,classic_bike,2021-08-07 12:19:13,2021-08-07 12:25:45,Front St & Gold St,4927,Clark St & Henry St,4789,40.70224,-73.982578,40.69760127,-73.99344559,member
1169484,CB1CA6559C84AD60,electric_bike,2021-08-04 22:59:50,2021-08-04 23:13:30,Cleveland Pl & Spring St,5492,Clark St & Henry St,4789,40.722103786686034,-73.99724900722504,40.69760127,-73.99344559,member
1169498,A75C7F188BF39C42,electric_bike,2021-08-26 19:31:52,2021-08-26 19:49:10,Suffolk St & Stanton St,5445,Clark St & Henry St,4789,40.72066442,-73.98517977,40.69760127,-73.99344559,casual
1169501,A45B3D5377C1D817,electric_bike,2021-08-11 08:30:29,2021-08-11 08:44:05,Stanton St & Chrystie St,5523,Clark St & Henry St,4789,40.72229346,-73.99147535,40.69760127,-73.99344559,casual
1169503,0F9D06AD35681862,classic_bike,2021-08-27 15:55:09,2021-08-27 15:57:35,Cadman Plaza E & Tillary St,4677,Clark St & Henry St,4789,40.69597683,-73.99014892,40.69760127,-73.99344559,casual
1169514,C126D90465C444CC,classic_bike,2021-08-10 17:12:01,2021-08-10 17:20:10,Lawrence St & Willoughby St,4596,Clark St & Henry St,4789,40.69236178,-73.98631746,40.69760127,-73.99344559,member
1169516,B63FBC560B46447B,classic_bike,2021-08-30 17:43:05,2021-08-30 17:45:30,Cadman Plaza E & Tillary St,4677,Clark St & Henry St,4789,40.69597683,-73.99014892,40.69760127,-73.99344559,member
1169517,E25AAD62682950E2,classic_bike,2021-08-16 20:21:41,2021-08-16 20:24:52,Cadman Plaza E & Tillary St,4677,Clark St & Henry St,4789,40.69597683,-73.99014892,40.69760127,-73.99344559,casual
1169518,CB006F845EBDD6D2,classic_bike,2021-08-30 11:27:49,2021-08-30 11:40:30,Centre St & Chambers St,5207,Clark St & Henry St,4789,40.71273266,-74.0046073,40.69760127,-73.99344559,casual
1169521,61BF9EA306B3B58A,electric_bike,2021-08-25 16:20:02,2021-08-25 16:21:55,Cadman Plaza E & Tillary St,4677,Clark St & Henry St,4789,40.69597683,-73.99014892,40.69760127,-73.99344559,member
1169522,DD50B252DE84AFB2,classic_bike,2021-08-25 16:32:31,2021-08-25 16:35:08,Cadman Plaza E & Tillary St,4677,Clark St & Henry St,4789,40.69597683,-73.99014892,40.69760127,-73.99344559,member
1169523,4BCCAF3E649C15D9,electric_bike,2021-08-02 14:55:01,2021-08-02 15:02:29,Lawrence St & Willoughby St,4596,Clark St & Henry St,4789,40.69236178,-73.98631746,40.69760127,-73.99344559,member
1169524,7F9ED96C48929949,classic_bike,2021-08-25 19:50:18,2021-08-25 19:55:58,Lawrence St & Willoughby St,4596,Clark St & Henry St,4789,40.69236178,-73.98631746,40.69760127,-73.99344559,member
1169525,2FC187D8ED70F809,classic_bike,2021-08-20 07:16:43,2021-08-20 07:23:34,Lawrence St & Willoughby St,4596,Clark St & Henry St,4789,40.69236178,-73.98631746,40.69760127,-73.99344559,member
1169526,A28D74CD3CBF3715,classic_bike,2021-08-05 09:13:30,2021-08-05 09:15:54,Cadman Plaza E & Tillary St,4677,Clark St & Henry St,4789,40.69597683,-73.99014892,40.69760127,-73.99344559,member
1169528,9FDA90E85F169DAE,electric_bike,2021-08-18 23:32:47,2021-08-18 23:41:17,Centre St & Chambers St,5207,Clark St & Henry St,4789,40.71273266,-74.0046073,40.69760127,-73.99344559,member
1169529,1EB9B384FD8EB591,classic_bike,2021-08-30 11:53:35,2021-08-30 11:55:20,Cadman Plaza E & Tillary St,4677,Clark St & Henry St,4789,40.69597683,-73.99014892,40.69760127,-73.99344559,member
1169531,C6C46C165A756AC3,classic_bike,2021-08-31 17:36:33,2021-08-31 17:39:12,Cadman Plaza E & Tillary St,4677,Clark St & Henry St,4789,40.69597683,-73.99014892,40.69760127,-73.99344559,member
1169535,1FA4213631C17D29,classic_bike,2021-08-19 15:00:54,2021-08-19 15:17:21,Centre St & Chambers St,5207,Clark St & Henry St,4789,40.71273266,-74.0046073,40.69760127,-73.99344559,member
1169537,00B8A79E9BE6BF21,classic_bike,2021-08-06 14:28:21,2021-08-06 14:30:55,Cadman Plaza E & Tillary St,4677,Clark St & Henry St,4789,40.69597683,-73.99014892,40.69760127,-73.99344559,member
1169539,184C57F9F3921A91,classic_bike,2021-08-17 18:49:05,2021-08-17 19:02:17,Centre St & Chambers St,5207,Clark St & Henry St,4789,40.71273266,-74.0046073,40.69760127,-73.99344559,member
1169540,270044F72581A9C0,classic_bike,2021-08-08 00:29:50,2021-08-08 00:46:58,Coffey St & Conover St,4137,Clark St & Henry St,4789,40.677236,-74.015665,40.69760127,-73.99344559,member
1169542,59F11B5E4FE3C5B4,classic_bike,2021-08-19 19:36:37,2021-08-19 19:42:45,Lawrence St & Willoughby St,4596,Clark St & Henry St,4789,40.69236178,-73.98631746,40.69760127,-73.99344559,member
1169549,4F039E79645027AE,classic_bike,2021-08-28 18:13:08,2021-08-28 18:26:39,Centre St & Chambers St,5207,Clark St & Henry St,4789,40.71273266,-74.0046073,40.69760127,-73.99344559,member
1169550,9FCCD701D91590CD,classic_bike,2021-08-26 13:29:26,2021-08-26 13:48:21,Stanton St & Chrystie St,5523,Clark St & Henry St,4789,40.72229346,-73.99147535,40.69760127,-73.99344559,member
1169553,CEFEEAEC79ABF9CF,docked_bike,2021-08-10 10:59:03,2021-08-10 11:47:55,Centre St & Chambers St,5207,Clark St & Henry St,4789,40.712733,-74.004607,40.697601,-73.993446,casual
1169554,48D475AA0B3523F5,classic_bike,2021-08-29 14:29:17,2021-08-29 14:45:16,Stanton St & Chrystie St,5523,Clark St & Henry St,4789,40.72229346,-73.99147535,40.69760127,-73.99344559,member
1169555,AFA6E05573612A32,classic_bike,2021-08-24 14:52:09,2021-08-24 15:08:49,Stanton St & Chrystie St,5523,Clark St & Henry St,4789,40.72229346,-73.99147535,40.69760127,-73.99344559,member
1169558,C66BFBEE1863B0EE,classic_bike,2021-08-08 01:08:23,2021-08-08 01:37:13,E 9 St & Avenue C,5616,Clark St & Henry St,4789,40.72521311,-73.97768752,40.69760127,-73.99344559,member
1169562,96D5CDE248AA7802,classic_bike,2021-08-13 15:38:41,2021-08-13 15:52:58,Centre St & Chambers St,5207,Clark St & Henry St,4789,40.71273266,-74.0046073,40.69760127,-73.99344559,member
1169564,C870013FDE74CDAE,classic_bike,2021-08-20 15:39:24,2021-08-20 16:04:28,6 Ave & Broome St,5610,Clark St & Henry St,4789,40.72431,-74.00473,40.69760127,-73.99344559,member
1169565,765966E95F6E509B,classic_bike,2021-08-30 15:53:02,2021-08-30 16:24:57,6 Ave & Broome St,5610,Clark St & Henry St,4789,40.72431,-74.00473,40.69760127,-73.99344559,member
1169572,AA85BCC12A8A6F8F,classic_bike,2021-08-25 17:21:03,2021-08-25 17:40:56,Carroll St & Bond St,4184,Clark St & Henry St,4789,40.6786115,-73.99037292,40.69760127,-73.99344559,member
1169573,D14E13E959F185C8,classic_bike,2021-08-24 19:58:29,2021-08-24 20:01:46,Cadman Plaza E & Tillary St,4677,Clark St & Henry St,4789,40.69597683,-73.99014892,40.69760127,-73.99344559,member
1169577,B6FD2120ADF79349,classic_bike,2021-08-20 08:05:14,2021-08-20 08:11:05,Cadman Plaza E & Tillary St,4677,Clark St & Henry St,4789,40.69597683,-73.99014892,40.69760127,-73.99344559,member
1169579,556326942BE330FB,classic_bike,2021-08-30 13:27:43,2021-08-30 13:30:34,Cadman Plaza E & Tillary St,4677,Clark St & Henry St,4789,40.69597683,-73.99014892,40.69760127,-73.99344559,casual
1169582,DB1FA50B77B5F2A4,classic_bike,2021-08-20 21:46:33,2021-08-20 22:04:40,Centre St & Chambers St,5207,Clark St & Henry St,4789,40.71273266,-74.0046073,40.69760127,-73.99344559,member
1169585,4CFE4A595C5EEB86,classic_bike,2021-08-07 12:00:53,2021-08-07 12:02:51,Cadman Plaza E & Tillary St,4677,Clark St & Henry St,4789,40.69597683,-73.99014892,40.69760127,-73.99344559,member
1169587,A29F12B4449CA034,classic_bike,2021-08-08 12:04:00,2021-08-08 12:56:29,Centre St & Chambers St,5207,Clark St & Henry St,4789,40.71273266,-74.0046073,40.69760127,-73.99344559,casual
1169588,8C344E50D4550543,classic_bike,2021-08-25 17:29:41,2021-08-25 17:48:25,Coffey St & Conover St,4137,Clark St & Henry St,4789,40.677236,-74.015665,40.69760127,-73.99344559,casual
1169589,4B920A373DCD8D79,classic_bike,2021-08-21 14:31:29,2021-08-21 14:53:56,Centre St & Chambers St,5207,Clark St & Henry St,4789,40.71273266,-74.0046073,40.69760127,-73.99344559,casual
1169590,3DC43ECDA839DB1C,classic_bike,2021-08-26 20:53:26,2021-08-26 21:04:56,Centre St & Chambers St,5207,Clark St & Henry St,4789,40.71273266,-74.0046073,40.69760127,-73.99344559,member
1169592,80EE167CDD530973,electric_bike,2021-08-25 22:34:36,2021-08-26 01:08:41,Myrtle Ave & Marcy Ave,4707,Clark St & Henry St,4789,40.69539817,-73.94954908,40.69760127,-73.99344559,casual
1169593,7BFA9374167BE929,classic_bike,2021-08-15 20:04:57,2021-08-15 20:30:38,Coffey St & Conover St,4137,Clark St & Henry St,4789,40.677236,-74.015665,40.69760127,-73.99344559,casual
1169595,E29E143126CF5D9B,classic_bike,2021-08-02 20:54:59,2021-08-02 20:58:00,Cadman Plaza E & Tillary St,4677,Clark St & Henry St,4789,40.69597683,-73.99014892,40.69760127,-73.99344559,casual
1169597,12BFB4F439753396,classic_bike,2021-08-06 17:36:12,2021-08-06 18:03:38,Centre St & Chambers St,5207,Clark St & Henry St,4789,40.71273266,-74.0046073,40.69760127,-73.99344559,casual
1169599,B09A07627EDF29A4,electric_bike,2021-08-27 21:09:33,2021-08-27 21:20:21,Centre St & Chambers St,5207,Clark St & Henry St,4789,40.71273266,-74.0046073,40.69760127,-73.99344559,casual
1169601,36F4B21C42B32FD9,classic_bike,2021-08-06 17:36:10,2021-08-06 18:03:32,Centre St & Chambers St,5207,Clark St & Henry St,4789,40.71273266,-74.0046073,40.69760127,-73.99344559,casual
1169605,B1F8D9CCD68CDEFB,classic_bike,2021-08-26 08:21:18,2021-08-26 08:23:39,Cadman Plaza E & Tillary St,4677,Clark St & Henry St,4789,40.69597683,-73.99014892,40.69760127,-73.99344559,member
1169607,AE8D1B387F6968D5,docked_bike,2021-08-10 10:57:41,2021-08-10 11:48:33,Centre St & Chambers St,5207,Clark St & Henry St,4789,40.712733,-74.004607,40.697601,-73.993446,casual
1169608,E4DC6A1D62AFC622,classic_bike,2021-08-02 12:08:24,2021-08-02 12:11:22,Cadman Plaza E & Tillary St,4677,Clark St & Henry St,4789,40.69597683,-73.99014892,40.69760127,-73.99344559,casual
1169612,7BE8A104A168EDFB,classic_bike,2021-08-12 09:44:31,2021-08-12 10:00:54,Centre St & Chambers St,5207,Clark St & Henry St,4789,40.71273266,-74.0046073,40.69760127,-73.99344559,casual
1169613,4B826918C0BFD922,classic_bike,2021-08-05 18:55:08,2021-08-05 19:08:16,Centre St & Chambers St,5207,Clark St & Henry St,4789,40.71273266,-74.0046073,40.69760127,-73.99344559,member
1169616,9A9D45C1A65183C5,classic_bike,2021-08-10 18:32:54,2021-08-10 18:44:15,Centre St & Chambers St,5207,Clark St & Henry St,4789,40.71273266,-74.0046073,40.69760127,-73.99344559,member
1169619,7953E5F0C50A4F06,classic_bike,2021-08-05 23:30:53,2021-08-05 23:50:18,Bleecker St & Crosby St,5679,Clark St & Henry St,4789,40.72615604980408,-73.99510189890862,40.69760127,-73.99344559,member
1169625,DBC11AD0D1806D5E,classic_bike,2021-08-20 13:22:01,2021-08-20 13:32:23,Dean St & Hoyt St,4446,Clark St & Henry St,4789,40.6864442,-73.98759104,40.69760127,-73.99344559,casual
1169626,56CACC4A8A465C05,classic_bike,2021-08-03 15:01:27,2021-08-03 15:04:08,Cadman Plaza E & Tillary St,4677,Clark St & Henry St,4789,40.69597683,-73.99014892,40.69760127,-73.99344559,member
1169628,6FF1E192D01B8F2F,classic_bike,2021-08-03 12:09:26,2021-08-03 12:29:17,Monroe St & Classon Ave,4336,Clark St & Henry St,4789,40.6845683,-73.95881081,40.69760127,-73.99344559,member
1169642,0D29BC883EDF6CD6,electric_bike,2021-08-26 11:10:59,2021-08-26 11:29:48,W Broadway & W Houston St,5644,Clark St & Henry St,4789,40.726378,-74.000472,40.69760127,-73.99344559,member
1169656,C20F5B21B2A3397D,classic_bike,2021-08-17 19:35:33,2021-08-17 19:49:49,Cleveland Pl & Spring St,5492,Clark St & Henry St,4789,40.722103786686034,-73.99724900722504,40.69760127,-73.99344559,member
1169660,2C157DF58312A4CC,classic_bike,2021-08-30 21:45:47,2021-08-30 22:00:53,Centre St & Chambers St,5207,Clark St & Henry St,4789,40.71273266,-74.0046073,40.69760127,-73.99344559,member
1169666,ED65F862A6C4F959,classic_bike,2021-08-28 18:28:27,2021-08-28 18:31:27,Cadman Plaza E & Tillary St,4677,Clark St & Henry St,4789,40.69597683,-73.99014892,40.69760127,-73.99344559,casual
1169678,75E9C6046BE31873,electric_bike,2021-08-05 16:32:39,2021-08-05 16:47:44,Fulton St & Irving Pl,4263,Clark St & Henry St,4789,40.68186,-73.959432,40.69760127,-73.99344559,casual
1169683,E00DD76F9B6B80B6,electric_bike,2021-08-18 17:27:05,2021-08-18 17:41:57,Bleecker St & Crosby St,5679,Clark St & Henry St,4789,40.72615604980408,-73.99510189890862,40.69760127,-73.99344559,member
1169685,0AA204D7ED140F46,classic_bike,2021-08-31 20:20:35,2021-08-31 20:24:03,Cadman Plaza E & Tillary St,4677,Clark St & Henry St,4789,40.69597683,-73.99014892,40.69760127,-73.99344559,member
1169686,50A3A51FCB302F86,classic_bike,2021-08-06 16:35:13,2021-08-06 16:57:06,Stanton St & Chrystie St,5523,Clark St & Henry St,4789,40.72229346,-73.99147535,40.69760127,-73.99344559,member
1169689,A26BC13A51782A06,classic_bike,2021-08-26 20:41:36,2021-08-26 20:45:24,Cadman Plaza E & Tillary St,4677,Clark St & Henry St,4789,40.69597683,-73.99014892,40.69760127,-73.99344559,casual
1169690,DF1F6B0F7E19F34A,classic_bike,2021-08-18 17:14:26,2021-08-18 17:16:57,Cadman Plaza E & Tillary St,4677,Clark St & Henry St,4789,40.69597683,-73.99014892,40.69760127,-73.99344559,casual
1169691,D7DBBCACBB9784E6,electric_bike,2021-08-08 12:01:05,2021-08-08 12:58:27,Centre St & Chambers St,5207,Clark St & Henry St,4789,40.71273266,-74.0046073,40.69760127,-73.99344559,casual
1169699,2461245DC9FC5974,classic_bike,2021-08-26 17:59:55,2021-08-26 18:14:25,Centre St & Chambers St,5207,Clark St & Henry St,4789,40.71273266,-74.0046073,40.69760127,-73.99344559,member
1169704,769AE40A3C473322,electric_bike,2021-08-05 18:11:29,2021-08-05 18:24:10,Grand St & Elizabeth St,5382,Clark St & Henry St,4789,40.718822,-73.99596,40.69760127,-73.99344559,member
1169725,9D7DD42BCF45BADC,classic_bike,2021-08-01 00:11:13,2021-08-01 00:28:26,Pike St & Monroe St,5159,Clark St & Henry St,4789,40.71173107,-73.99193043,40.69760127,-73.99344559,casual
1169778,A16744AEC609FAA2,classic_bike,2021-08-30 21:25:34,2021-08-30 21:44:27,Carroll St & Bond St,4184,Clark St & Henry St,4789,40.6786115,-73.99037292,40.69760127,-73.99344559,member
1169779,50B9D909F8032E05,classic_bike,2021-08-06 16:38:09,2021-08-06 20:29:14,Cadman Plaza E & Tillary St,4677,Clark St & Henry St,4789,40.69597683,-73.99014892,40.69760127,-73.99344559,casual
1169780,ABAB5F4492D472C1,classic_bike,2021-08-05 20:09:28,2021-08-05 20:56:35,Centre St & Chambers St,5207,Clark St & Henry St,4789,40.71273266,-74.0046073,40.69760127,-73.99344559,casual
1169781,4CD8CAE9EABB72C4,classic_bike,2021-08-05 19:43:32,2021-08-05 20:56:48,Centre St & Chambers St,5207,Clark St & Henry St,4789,40.71273266,-74.0046073,40.69760127,-73.99344559,casual
1169782,FA0C2511104BCCA9,classic_bike,2021-08-23 13:16:16,2021-08-23 13:18:29,Cadman Plaza E & Tillary St,4677,Clark St & Henry St,4789,40.69597683,-73.99014892,40.69760127,-73.99344559,casual
1169804,F87D12BA515F5596,electric_bike,2021-08-21 13:22:38,2021-08-21 13:33:50,Douglass St & 3 Ave,4217,Clark St & Henry St,4789,40.6802133,-73.98432695,40.69760127,-73.99344559,member
1169810,74A5F413D43DD870,classic_bike,2021-08-13 13:07:58,2021-08-13 13:42:05,Hanson Pl & Ashland Pl,4395,Clark St & Henry St,4789,40.68506807308177,-73.97790759801863,40.69760127,-73.99344559,casual
1169829,F472BCEA1E4F5CC8,classic_bike,2021-08-17 21:50:35,2021-08-17 22:09:11,Bleecker St & Crosby St,5679,Clark St & Henry St,4789,40.72615604980408,-73.99510189890862,40.69760127,-73.99344559,member
1169831,3F4288F053BBA3A4,classic_bike,2021-08-12 14:54:59,2021-08-12 14:57:43,Cadman Plaza E & Tillary St,4677,Clark St & Henry St,4789,40.69597683,-73.99014892,40.69760127,-73.99344559,member
1169848,6844756ECB18BD14,electric_bike,2021-08-24 17:48:35,2021-08-24 17:59:40,Division St & Bowery,5270,Clark St & Henry St,4789,40.714193,-73.996732,40.69760127,-73.99344559,member
1169849,5030CDB755D24E18,electric_bike,2021-08-06 15:56:38,2021-08-06 16:06:05,Bond St & Fulton St,4479,Clark St & Henry St,4789,40.68962188790333,-73.98304268717766,40.69760127,-73.99344559,member
1169901,3D068F41EFCB42A4,classic_bike,2021-08-04 19:17:51,2021-08-04 19:30:49,Hanson Pl & Ashland Pl,4395,Clark St & Henry St,4789,40.68506807308177,-73.97790759801863,40.69760127,-73.99344559,member
1169924,DF15140A46D77740,classic_bike,2021-08-01 08:51:14,2021-08-01 09:06:54,S Portland Ave & Hanson Pl,4354,Clark St & Henry St,4789,40.68539567,-73.97431458,40.69760127,-73.99344559,casual
1169932,0365A1CBB24A8247,classic_bike,2021-08-10 09:50:06,2021-08-10 10:04:20,Bergen St & Vanderbilt Ave,4157,Clark St & Henry St,4789,40.6794388,-73.9680438,40.69760127,-73.99344559,member
1169940,DEF368BDF4A986A0,classic_bike,2021-08-25 18:16:11,2021-08-25 18:26:07,Willoughby St & Fleet St,4628,Clark St & Henry St,4789,40.69196566,-73.9813018,40.69760127,-73.99344559,member
1169941,2CB1A7F79FEBBDE7,classic_bike,2021-08-24 14:16:14,2021-08-24 14:17:35,Clinton St & Tillary St,4748,Clark St & Henry St,4789,40.69623297129316,-73.99142056703568,40.69760127,-73.99344559,member
1169942,1E3A6D0E8E995FCC,classic_bike,2021-08-24 14:07:27,2021-08-24 14:08:33,Clinton St & Tillary St,4748,Clark St & Henry St,4789,40.69623297129316,-73.99142056703568,40.69760127,-73.99344559,member
1169943,CC3423B096E998B4,classic_bike,2021-08-24 14:21:50,2021-08-24 14:23:25,Clinton St & Tillary St,4748,Clark St & Henry St,4789,40.69623297129316,-73.99142056703568,40.69760127,-73.99344559,member
1169944,DA2B2DDCF9E69BFC,classic_bike,2021-08-24 14:11:37,2021-08-24 14:13:03,Clinton St & Tillary St,4748,Clark St & Henry St,4789,40.69623297129316,-73.99142056703568,40.69760127,-73.99344559,member
1169945,F597AC1D3AA3178C,classic_bike,2021-08-04 16:17:06,2021-08-04 16:18:31,Clinton St & Tillary St,4748,Clark St & Henry St,4789,40.69623297129316,-73.99142056703568,40.69760127,-73.99344559,member
1169946,00171B4EE4A670BC,classic_bike,2021-08-04 16:22:26,2021-08-04 16:24:01,Clinton St & Tillary St,4748,Clark St & Henry St,4789,40.69623297129316,-73.99142056703568,40.69760127,-73.99344559,member
1169947,BBB1435FF3AE0A00,classic_bike,2021-08-04 16:28:25,2021-08-04 16:30:04,Clinton St & Tillary St,4748,Clark St & Henry St,4789,40.69623297129316,-73.99142056703568,40.69760127,-73.99344559,member
1169948,805B7025018E08C6,classic_bike,2021-08-04 16:11:12,2021-08-04 16:12:35,Clinton St & Tillary St,4748,Clark St & Henry St,4789,40.69623297129316,-73.99142056703568,40.69760127,-73.99344559,member
1169949,E6BF8358C9CCC7C9,classic_bike,2021-08-20 12:42:53,2021-08-20 12:44:34,Clinton St & Tillary St,4748,Clark St & Henry St,4789,40.69623297129316,-73.99142056703568,40.69760127,-73.99344559,member
1169950,2737DEE28223BB9A,classic_bike,2021-08-20 16:47:41,2021-08-20 16:49:09,Clinton St & Tillary St,4748,Clark St & Henry St,4789,40.69623297129316,-73.99142056703568,40.69760127,-73.99344559,member
1169951,F4837A730A58E84D,classic_bike,2021-08-20 16:43:10,2021-08-20 16:44:23,Clinton St & Tillary St,4748,Clark St & Henry St,4789,40.69623297129316,-73.99142056703568,40.69760127,-73.99344559,member
1169952,3D2A333BD3EBE194,classic_bike,2021-08-20 16:20:16,2021-08-20 16:21:32,Clinton St & Tillary St,4748,Clark St & Henry St,4789,40.69623297129316,-73.99142056703568,40.69760127,-73.99344559,member
1169973,F6EF657E34457663,classic_bike,2021-08-26 18:06:53,2021-08-26 18:23:11,Van Brunt St & Wolcott St,4095,Clark St & Henry St,4789,40.6773429,-74.01275056,40.69760127,-73.99344559,member
1169974,C177427E11AF26E8,electric_bike,2021-08-17 18:11:32,2021-08-17 18:21:01,Van Brunt St & Wolcott St,4095,Clark St & Henry St,4789,40.6773429,-74.01275056,40.69760127,-73.99344559,member
1169975,5213DCE9B7D0F2EF,classic_bike,2021-08-16 11:14:36,2021-08-16 11:27:50,Van Brunt St & Wolcott St,4095,Clark St & Henry St,4789,40.6773429,-74.01275056,40.69760127,-73.99344559,member
1169976,528153ED29ACDEC8,classic_bike,2021-08-03 18:08:59,2021-08-03 18:23:36,Van Brunt St & Wolcott St,4095,Clark St & Henry St,4789,40.6773429,-74.01275056,40.69760127,-73.99344559,member
1169982,492446B9EA7D7B33,classic_bike,2021-08-14 21:33:12,2021-08-14 22:05:09,Fulton St & Irving Pl,4263,Clark St & Henry St,4789,40.68186,-73.959432,40.69760127,-73.99344559,casual
1169985,45B5F53B01E9BB66,classic_bike,2021-08-06 00:43:34,2021-08-06 01:04:55,Jay St & Tech Pl,4710,Clark St & Henry St,4789,40.695065,-73.987167,40.69760127,-73.99344559,member
1169988,8901F90C98C72303,classic_bike,2021-08-31 13:14:40,2021-08-31 13:23:36,Jay St & Tech Pl,4710,Clark St & Henry St,4789,40.695065,-73.987167,40.69760127,-73.99344559,casual
1170003,71814A8676359DA8,classic_bike,2021-08-24 15:08:37,2021-08-24 15:14:48,Jay St & Tech Pl,4710,Clark St & Henry St,4789,40.695065,-73.987167,40.69760127,-73.99344559,member
1170004,89CCD32E49C1A270,classic_bike,2021-08-20 22:23:40,2021-08-20 22:30:04,Jay St & Tech Pl,4710,Clark St & Henry St,4789,40.695065,-73.987167,40.69760127,-73.99344559,member
1170005,621023E60FF4A970,classic_bike,2021-08-29 11:27:35,2021-08-29 11:31:38,Jay St & Tech Pl,4710,Clark St & Henry St,4789,40.695065,-73.987167,40.69760127,-73.99344559,member
1170006,210BA0093467B120,classic_bike,2021-08-26 16:19:35,2021-08-26 16:26:18,Jay St & Tech Pl,4710,Clark St & Henry St,4789,40.695065,-73.987167,40.69760127,-73.99344559,member
1170008,E952D71A656B5130,classic_bike,2021-08-10 16:44:23,2021-08-10 16:59:45,Washington Ave & Park Ave,4724,Clark St & Henry St,4789,40.69610226,-73.96751037,40.69760127,-73.99344559,member
1170016,DDC48E54E203C7C1,electric_bike,2021-08-26 14:25:58,2021-08-26 14:30:56,Jay St & Tech Pl,4710,Clark St & Henry St,4789,40.695065,-73.987167,40.69760127,-73.99344559,casual
1170020,A1FDE07174750117,classic_bike,2021-08-12 14:24:48,2021-08-12 14:31:00,Jay St & Tech Pl,4710,Clark St & Henry St,4789,40.695065,-73.987167,40.69760127,-73.99344559,casual
1170025,6FBC05AD072B87A0,classic_bike,2021-08-06 16:23:10,2021-08-06 16:30:20,Myrtle Ave & Fleet Pl,4628,Clark St & Henry St,4789,40.693534,-73.981909,40.69760127,-73.99344559,member
1170050,BBDF18411AE038A9,classic_bike,2021-08-11 07:28:48,2021-08-11 07:48:43,Grand St & Elizabeth St,5382,Clark St & Henry St,4789,40.718822,-73.99596,40.69760127,-73.99344559,member
1170064,E7C91CFF33157E81,electric_bike,2021-08-25 10:25:27,2021-08-25 11:13:31,MacDougal St & Prince St,5687,Clark St & Henry St,4789,40.72710258,-74.00297088,40.69760127,-73.99344559,casual
1170088,AF227C6FB33B6F8F,classic_bike,2021-08-02 16:24:15,2021-08-02 16:49:47,Lafayette Ave & St James Pl,4494,Clark St & Henry St,4789,40.68851534,-73.9647628,40.69760127,-73.99344559,member
1170091,418B1DBDD24A920D,classic_bike,2021-08-14 18:19:04,2021-08-14 18:24:46,Jay St & Tech Pl,4710,Clark St & Henry St,4789,40.695065,-73.987167,40.69760127,-73.99344559,member
1170092,E361DB84239F5D12,classic_bike,2021-08-16 20:05:01,2021-08-16 20:18:52,3 St & Hoyt St,4110,Clark St & Henry St,4789,40.6777287,-73.99364123,40.69760127,-73.99344559,member
1170099,C71EACC464BE41B9,electric_bike,2021-08-28 07:15:26,2021-08-28 07:31:26,6 St & 7 Ave,3834,Clark St & Henry St,4789,40.6686627,-73.97988067,40.69760127,-73.99344559,member
1170101,EB92EB7C6CED4D7D,classic_bike,2021-08-19 18:47:10,2021-08-19 18:55:52,President St & Henry St,4307,Clark St & Henry St,4789,40.6828003,-73.99990419,40.69760127,-73.99344559,member
1170122,18AA6F57F42442A3,electric_bike,2021-08-23 19:25:29,2021-08-23 19:42:27,Classon Ave & St Marks Ave,4074,Clark St & Henry St,4789,40.6765198,-73.9596082,40.69760127,-73.99344559,member
1170136,4969670AEB24F6FD,electric_bike,2021-08-09 10:30:57,2021-08-09 13:07:25,Jay St & Tech Pl,4710,Clark St & Henry St,4789,40.695065,-73.987167,40.69760127,-73.99344559,casual
1170140,5FC0FFE48F7971EE,classic_bike,2021-08-04 17:51:06,2021-08-04 18:07:18,Douglass St & 4 Ave,4175,Clark St & Henry St,4789,40.6792788,-73.98154004,40.69760127,-73.99344559,member
1170179,66A919451EB747D3,classic_bike,2021-08-09 16:39:27,2021-08-09 17:07:12,Lafayette Ave & St James Pl,4494,Clark St & Henry St,4789,40.68851534,-73.9647628,40.69760127,-73.99344559,member
1170192,42DD5174D56D7EEA,classic_bike,2021-08-05 16:10:31,2021-08-05 16:36:35,Classon Ave & St Marks Ave,4074,Clark St & Henry St,4789,40.6765198,-73.9596082,40.69760127,-73.99344559,casual
1170194,B99120742DEE9587,classic_bike,2021-08-28 16:03:43,2021-08-28 16:17:12,Columbia St & Degraw St,4422,Clark St & Henry St,4789,40.6859296,-74.00242364,40.69760127,-73.99344559,casual
1170201,19D8A95572B04F1A,electric_bike,2021-08-14 09:21:28,2021-08-14 09:41:44,E 10 St & Avenue A,5659,Clark St & Henry St,4789,40.72740794,-73.98142006,40.69760127,-73.99344559,member
1170211,A55D86D07ED41BEA,electric_bike,2021-08-30 20:34:15,2021-08-30 21:01:02,Ocean Pkwy & Church Ave,3125,Clark St & Henry St,4789,40.64471895763575,-73.97451460361481,40.69760127,-73.99344559,member
1170219,67774807317F08CC,classic_bike,2021-08-22 12:08:37,2021-08-22 12:13:30,Clinton St & Joralemon St,4605,Clark St & Henry St,4789,40.69239502,-73.99337909,40.69760127,-73.99344559,member
1170220,E11350BD53FBF598,classic_bike,2021-08-25 15:02:53,2021-08-25 15:06:33,Clinton St & Joralemon St,4605,Clark St & Henry St,4789,40.69239502,-73.99337909,40.69760127,-73.99344559,member
1170221,09EDA249DAB47142,classic_bike,2021-08-31 16:07:19,2021-08-31 16:22:54,Forsyth St & Canal St,5270,Clark St & Henry St,4789,40.7158155,-73.99422366,40.69760127,-73.99344559,member
1170231,EE606E556EBD634E,classic_bike,2021-08-02 22:04:43,2021-08-02 22:19:22,Brooklyn Bridge Park - Pier 2,4756,Clark St & Henry St,4789,40.698458,-73.997178,40.69760127,-73.99344559,member
1170235,914ABEA4FDD2738F,classic_bike,2021-08-21 18:50:58,2021-08-21 19:06:45,4 Ave & 3 St,4028,Clark St & Henry St,4789,40.673746,-73.985649,40.69760127,-73.99344559,member
1170236,9D9CFFEDD76CF2BF,classic_bike,2021-08-21 15:44:37,2021-08-21 16:06:19,4 Ave & 3 St,4028,Clark St & Henry St,4789,40.673746,-73.985649,40.69760127,-73.99344559,member
1170242,9462B8A98BB11F88,classic_bike,2021-08-20 17:35:17,2021-08-20 17:37:55,Cadman Plaza E & Tillary St,4677,Clark St & Henry St,4789,40.69597683,-73.99014892,40.69760127,-73.99344559,member
1170244,734BC8CF0D5259F7,electric_bike,2021-08-19 23:03:49,2021-08-19 23:13:57,Centre St & Chambers St,5207,Clark St & Henry St,4789,40.71273266,-74.0046073,40.69760127,-73.99344559,member
1170247,2094751CBBDBD98D,classic_bike,2021-08-24 20:49:27,2021-08-24 20:52:16,Cadman Plaza E & Tillary St,4677,Clark St & Henry St,4789,40.69597683,-73.99014892,40.69760127,-73.99344559,casual
1170254,B16FAA212B71AB63,classic_bike,2021-08-31 13:34:17,2021-08-31 13:38:43,Jay St & Tech Pl,4710,Clark St & Henry St,4789,40.695065,-73.987167,40.69760127,-73.99344559,member
1170256,85B9AC18E070B39D,classic_bike,2021-08-15 14:46:47,2021-08-15 15:00:02,3 St & Hoyt St,4110,Clark St & Henry St,4789,40.6777287,-73.99364123,40.69760127,-73.99344559,member
1170263,E634B7E6A358F11D,electric_bike,2021-08-11 13:08:29,2021-08-11 13:35:23,W 15 St & 10 Ave,6115,Clark St & Henry St,4789,40.74275382865903,-74.00747358798981,40.69760127,-73.99344559,casual
1170316,C9855FF3DC813086,classic_bike,2021-08-11 17:17:35,2021-08-11 17:21:13,Cadman Plaza E & Tillary St,4677,Clark St & Henry St,4789,40.69597683,-73.99014892,40.69760127,-73.99344559,casual
1170317,E41B3AAE54C1F090,classic_bike,2021-08-21 17:05:00,2021-08-21 17:07:44,Cadman Plaza E & Tillary St,4677,Clark St & Henry St,4789,40.69597683,-73.99014892,40.69760127,-73.99344559,member
1170358,FF27F03E92588E10,classic_bike,2021-08-25 18:02:54,2021-08-25 18:06:05,Cadman Plaza E & Tillary St,4677,Clark St & Henry St,4789,40.69597683,-73.99014892,40.69760127,-73.99344559,member
1170361,45195A8E3AAE9D75,classic_bike,2021-08-19 08:42:07,2021-08-19 09:13:39,E 20 St & 2 Ave,5971,Clark St & Henry St,4789,40.73587678,-73.98205027,40.69760127,-73.99344559,member
1170363,24F81B4C3B71D3A3,classic_bike,2021-08-28 20:26:24,2021-08-28 20:57:49,E 20 St & 2 Ave,5971,Clark St & Henry St,4789,40.73587678,-73.98205027,40.69760127,-73.99344559,member
1170370,0BBE9FE768ACECC0,classic_bike,2021-08-04 23:58:51,2021-08-05 00:18:10,1 Ave & E 6 St,5626,Clark St & Henry St,4789,40.72633085971696,-73.98616880178452,40.69760127,-73.99344559,member
1170374,8960E138BCCEF646,classic_bike,2021-08-30 19:06:11,2021-08-30 19:18:55,Henry St & W 9 St,4086,Clark St & Henry St,4789,40.6763744,-74.00324957,40.69760127,-73.99344559,member
1170386,4E7C0D2F3E26E00A,classic_bike,2021-08-06 14:07:13,2021-08-06 14:28:42,Allen St & Stanton St,5484,Clark St & Henry St,4789,40.722055,-73.989111,40.69760127,-73.99344559,member
1170387,F37240846F67785E,classic_bike,2021-08-27 23:22:56,2021-08-27 23:33:22,Front St & Gold St,4927,Clark St & Henry St,4789,40.70224,-73.982578,40.69760127,-73.99344559,member
1170412,E35A5893136C025D,classic_bike,2021-08-13 18:34:14,2021-08-13 18:46:06,President St & Henry St,4307,Clark St & Henry St,4789,40.6828003,-73.99990419,40.69760127,-73.99344559,casual
1170448,782AFBE45538FDD0,electric_bike,2021-08-31 17:12:13,2021-08-31 17:30:30,West St & Liberty St,5184,Clark St & Henry St,4789,40.711444,-74.014847,40.69760127,-73.99344559,member
1170451,DFC34C8D3278B9CC,classic_bike,2021-08-19 19:02:21,2021-08-19 19:41:54,West St & Liberty St,5184,Clark St & Henry St,4789,40.711444,-74.014847,40.69760127,-73.99344559,member
1170458,82FBFB627C3EB120,classic_bike,2021-08-25 18:04:18,2021-08-25 18:22:58,21 St & 4 Ave,3668,Clark St & Henry St,4789,40.662584,-73.995554,40.69760127,-73.99344559,member
1170463,D7E15B8A7CD0D9EA,classic_bike,2021-08-31 21:28:25,2021-08-31 21:54:06,Clinton St & 4 Place,4119,Clark St & Henry St,4789,40.6783563,-74.00014502,40.69760127,-73.99344559,member
1170485,CEC81DADF2D315A9,electric_bike,2021-08-28 19:21:18,2021-08-28 20:25:46,Lenox Ave & W 111 St,7602,Clark St & Henry St,4789,40.7987859,-73.9523,40.69760127,-73.99344559,casual
1170491,50CF43C0DC0E2D24,electric_bike,2021-08-06 07:15:23,2021-08-06 07:31:44,6 St & 7 Ave,3834,Clark St & Henry St,4789,40.6686627,-73.97988067,40.69760127,-73.99344559,member
1170492,75E3E26EE780153F,electric_bike,2021-08-15 07:12:24,2021-08-15 07:27:05,6 St & 7 Ave,3834,Clark St & Henry St,4789,40.6686627,-73.97988067,40.69760127,-73.99344559,member
1170501,08F81CFB2B31BE9B,classic_bike,2021-08-25 14:14:21,2021-08-25 14:23:29,Columbia St & Degraw St,4422,Clark St & Henry St,4789,40.6859296,-74.00242364,40.69760127,-73.99344559,casual
1170506,931995737BDAC10D,classic_bike,2021-08-04 08:29:04,2021-08-04 08:40:20,Columbia St & Degraw St,4422,Clark St & Henry St,4789,40.6859296,-74.00242364,40.69760127,-73.99344559,casual
1170512,105132B06DB76E7E,electric_bike,2021-08-26 17:29:14,2021-08-26 18:27:56,W 37 St & 5 Ave,6398,Clark St & Henry St,4789,40.75038009,-73.98338988,40.69760127,-73.99344559,member
1170520,9F8947128BC18E3B,electric_bike,2021-08-09 07:09:01,2021-08-09 07:25:56,6 St & 7 Ave,3834,Clark St & Henry St,4789,40.6686627,-73.97988067,40.69760127,-73.99344559,member
1170530,5C943BB046F74F1E,classic_bike,2021-08-28 16:03:46,2021-08-28 16:17:21,Columbia St & Degraw St,4422,Clark St & Henry St,4789,40.6859296,-74.00242364,40.69760127,-73.99344559,member
1170541,C738760F87C1A706,classic_bike,2021-08-18 19:15:07,2021-08-18 19:48:16,W 33 St & 7 Ave,6407,Clark St & Henry St,4789,40.75019995,-73.99093085,40.69760127,-73.99344559,member
1170547,B357F08789FDD1F5,classic_bike,2021-08-03 18:13:23,2021-08-03 18:46:06,8 Ave & W 33 St,6450,Clark St & Henry St,4789,40.751551,-73.993934,40.69760127,-73.99344559,member
1170552,1D97880EC04108CA,classic_bike,2021-08-15 18:58:43,2021-08-15 19:09:16,3 Ave & Schermerhorn St,4437,Clark St & Henry St,4789,40.68683208,-73.9796772,40.69760127,-73.99344559,member
1170557,00F6D20B18150720,electric_bike,2021-08-30 21:55:17,2021-08-30 22:22:22,E 6 St & Avenue B,5584,Clark St & Henry St,4789,40.72453734,-73.98185424,40.69760127,-73.99344559,member
1170558,655A993CE96A4FDD,classic_bike,2021-08-30 17:00:47,2021-08-30 17:16:25,4 Ave & 3 St,4028,Clark St & Henry St,4789,40.673746,-73.985649,40.69760127,-73.99344559,member
1170561,BA4E01B3338115E0,classic_bike,2021-08-26 19:02:36,2021-08-26 19:12:31,Columbia St & Degraw St,4422,Clark St & Henry St,4789,40.6859296,-74.00242364,40.69760127,-73.99344559,member
1170577,666651B859BD4E90,electric_bike,2021-08-31 18:21:08,2021-08-31 18:45:02,Union Ave & N 12 St,5411,Clark St & Henry St,4789,40.71924,-73.95242,40.69760127,-73.99344559,casual
1170578,0CEE9D7D389F55DF,classic_bike,2021-08-20 16:17:52,2021-08-20 16:45:53,S Portland Ave & Hanson Pl,4354,Clark St & Henry St,4789,40.68539567,-73.97431458,40.69760127,-73.99344559,casual
1170603,BBDDA622514E910F,classic_bike,2021-08-30 09:37:04,2021-08-30 09:52:59,Atlantic Ave & Fort Greene Pl,4354,Clark St & Henry St,4789,40.68382604,-73.97632328,40.69760127,-73.99344559,member
1170607,CC489C287ECC3936,classic_bike,2021-08-12 21:09:45,2021-08-12 21:12:26,Clinton St & Joralemon St,4605,Clark St & Henry St,4789,40.69239502,-73.99337909,40.69760127,-73.99344559,member
1170608,C03496B2A6C06A8C,classic_bike,2021-08-27 09:00:29,2021-08-27 09:04:40,Clinton St & Joralemon St,4605,Clark St & Henry St,4789,40.69239502,-73.99337909,40.69760127,-73.99344559,casual
1170609,C988779A534E87B0,classic_bike,2021-08-24 14:45:31,2021-08-24 14:50:25,Clinton St & Joralemon St,4605,Clark St & Henry St,4789,40.69239502,-73.99337909,40.69760127,-73.99344559,casual
1170610,C9D190FBF4A9C399,classic_bike,2021-08-09 18:44:48,2021-08-09 18:55:53,3 Ave & Schermerhorn St,4437,Clark St & Henry St,4789,40.68683208,-73.9796772,40.69760127,-73.99344559,member
1170611,E8B6717162AF903C,classic_bike,2021-08-08 16:47:08,2021-08-08 16:57:24,3 Ave & Schermerhorn St,4437,Clark St & Henry St,4789,40.68683208,-73.9796772,40.69760127,-73.99344559,member
1170614,1C045FA6184E0DE9,classic_bike,2021-08-17 17:47:59,2021-08-17 18:23:05,E 20 St & Park Ave,6055,Clark St & Henry St,4789,40.73827428,-73.98751968,40.69760127,-73.99344559,member
1170676,D1C45D7D9DE34C0F,docked_bike,2021-08-09 20:36:58,2021-08-09 20:42:24,Clark St & Henry St,4789,Clark St & Henry St,4789,40.697601,-73.993446,40.697601,-73.993446,casual
1170689,2CB9974BFCE91663,classic_bike,2021-08-13 17:12:49,2021-08-13 17:14:13,Clark St & Henry St,4789,Clark St & Henry St,4789,40.69760127,-73.99344559,40.69760127,-73.99344559,member
1170703,567E31D9C23236D1,classic_bike,2021-08-21 08:25:42,2021-08-21 08:26:29,Clark St & Henry St,4789,Clark St & Henry St,4789,40.69760127,-73.99344559,40.69760127,-73.99344559,member
1170711,162A745EDFA08928,classic_bike,2021-08-30 20:53:45,2021-08-30 20:56:47,Cadman Plaza E & Tillary St,4677,Clark St & Henry St,4789,40.69597683,-73.99014892,40.69760127,-73.99344559,casual
1170713,3E08B6ADF3E97BEC,electric_bike,2021-08-03 08:20:11,2021-08-03 08:33:49,Stanton St & Chrystie St,5523,Clark St & Henry St,4789,40.72229346,-73.99147535,40.69760127,-73.99344559,casual
1170715,DE0DDB96ADB1458F,classic_bike,2021-08-21 14:31:43,2021-08-21 14:53:58,Centre St & Chambers St,5207,Clark St & Henry St,4789,40.71273266,-74.0046073,40.69760127,-73.99344559,casual
1170729,B567B109D4CA3E70,classic_bike,2021-08-03 10:03:14,2021-08-03 10:09:42,Myrtle Ave & Fleet Pl,4628,Clark St & Henry St,4789,40.693534,-73.981909,40.69760127,-73.99344559,member
1170737,F838DBAF790F756D,electric_bike,2021-08-13 22:17:59,2021-08-13 22:43:20,S 4 St & Rodney St,5156,Clark St & Henry St,4789,40.70934,-73.95608,40.69760127,-73.99344559,casual
1170753,E7F39A1C4C5BD9A8,electric_bike,2021-08-17 17:38:33,2021-08-17 18:00:03,Broadway & E 21 St,6098,Clark St & Henry St,4789,40.73988840858996,-73.98958593606949,40.69760127,-73.99344559,member
1170765,523968C5A0006A28,electric_bike,2021-08-06 19:30:08,2021-08-06 20:03:12,Broadway & Kosciuszko St,4608,Clark St & Henry St,4789,40.69329,-73.92852,40.69760127,-73.99344559,member
1170770,F3DC5BE225E3CAB3,electric_bike,2021-08-28 22:17:33,2021-08-28 22:33:30,Bialystoker Pl & Delancey St,5335,Clark St & Henry St,4789,40.71622644,-73.98261206,40.69760127,-73.99344559,member
1170773,822585381B55849E,electric_bike,2021-08-27 11:33:44,2021-08-27 11:47:45,Leonard St & Church St,5359,Clark St & Henry St,4789,40.717571,-74.005549,40.69760127,-73.99344559,member
1170774,2F9F00CFC71623E0,classic_bike,2021-08-24 18:05:28,2021-08-24 18:20:14,Leonard St & Church St,5359,Clark St & Henry St,4789,40.717571,-74.005549,40.69760127,-73.99344559,member
1170791,FFE2C1A07E38AE41,electric_bike,2021-08-21 10:00:27,2021-08-21 10:06:06,Duffield St & Willoughby St,4596,Clark St & Henry St,4789,40.69221589,-73.9842844,40.69760127,-73.99344559,member
1170794,231A4462023CBCC5,classic_bike,2021-08-12 00:41:41,2021-08-12 00:49:21,Duffield St & Willoughby St,4596,Clark St & Henry St,4789,40.69221589,-73.9842844,40.69760127,-73.99344559,member
1170799,CA1140D3A6E3EEFF,classic_bike,2021-08-11 15:30:45,2021-08-11 15:40:35,Duffield St & Willoughby St,4596,Clark St & Henry St,4789,40.69221589,-73.9842844,40.69760127,-73.99344559,member
1170802,B6D9A875191ECC97,classic_bike,2021-08-09 11:47:06,2021-08-09 12:20:02,Willoughby Ave & Hall St,4611,Clark St & Henry St,4789,40.69196035,-73.96536851,40.69760127,-73.99344559,casual
1170834,CEE2ACD1AF02FFD4,electric_bike,2021-08-29 12:40:16,2021-08-29 12:44:43,Henry St & Atlantic Ave,4531,Clark St & Henry St,4789,40.69089272,-73.99612349,40.69760127,-73.99344559,member
1170836,226AB6C77815DBC2,classic_bike,2021-08-05 22:37:19,2021-08-05 22:51:52,Rivington St & Chrystie St,5453,Clark St & Henry St,4789,40.72110063,-73.9919254,40.69760127,-73.99344559,member
1170839,C79ADB829281EA70,classic_bike,2021-08-05 16:23:34,2021-08-05 16:29:32,Henry St & Atlantic Ave,4531,Clark St & Henry St,4789,40.69089272,-73.99612349,40.69760127,-73.99344559,member
1170840,BAB3AF7C1B9B2EE6,classic_bike,2021-08-19 16:26:24,2021-08-19 16:31:28,Henry St & Atlantic Ave,4531,Clark St & Henry St,4789,40.69089272,-73.99612349,40.69760127,-73.99344559,member
1170841,5447455A9D22AB58,electric_bike,2021-08-28 20:55:50,2021-08-28 21:01:39,Duffield St & Willoughby St,4596,Clark St & Henry St,4789,40.69221589,-73.9842844,40.69760127,-73.99344559,member
1170848,C67C376E32EF1F21,classic_bike,2021-08-13 12:39:56,2021-08-13 12:53:00,Duffield St & Willoughby St,4596,Clark St & Henry St,4789,40.69221589,-73.9842844,40.69760127,-73.99344559,casual
1170858,0138AB2347F6ED53,classic_bike,2021-08-20 07:26:10,2021-08-20 07:30:12,Henry St & Atlantic Ave,4531,Clark St & Henry St,4789,40.69089272,-73.99612349,40.69760127,-73.99344559,member
1170862,A2D1CD3BDDAC9EA3,electric_bike,2021-08-31 00:11:00,2021-08-31 00:30:20,Willoughby Ave & Hall St,4611,Clark St & Henry St,4789,40.69196035,-73.96536851,40.69760127,-73.99344559,casual
1170866,DF73BD9ED1A5C533,electric_bike,2021-08-14 00:25:35,2021-08-14 00:35:08,Henry St & Atlantic Ave,4531,Clark St & Henry St,4789,40.69089272,-73.99612349,40.69760127,-73.99344559,casual
1170867,7058DB52171A0A37,classic_bike,2021-08-14 00:25:51,2021-08-14 00:35:25,Henry St & Atlantic Ave,4531,Clark St & Henry St,4789,40.69089272,-73.99612349,40.69760127,-73.99344559,casual
1170870,B17E623F0B264AD1,classic_bike,2021-08-27 10:59:06,2021-08-27 11:12:34,Bergen St & Vanderbilt Ave,4157,Clark St & Henry St,4789,40.6794388,-73.9680438,40.69760127,-73.99344559,member
1170872,887DA27F2C7503F1,electric_bike,2021-08-13 15:40:35,2021-08-13 15:52:32,Hanson Pl & Ashland Pl,4395,Clark St & Henry St,4789,40.68506807308177,-73.97790759801863,40.69760127,-73.99344559,member
1170873,F6ABE8AA9FB6F909,classic_bike,2021-08-20 13:33:41,2021-08-20 13:49:42,Douglass St & 3 Ave,4217,Clark St & Henry St,4789,40.6802133,-73.98432695,40.69760127,-73.99344559,member
1170882,06A3F57BEA7C92AF,electric_bike,2021-08-29 14:01:53,2021-08-29 14:36:30,Broadway & E 21 St,6098,Clark St & Henry St,4789,40.73988840858996,-73.98958593606949,40.69760127,-73.99344559,member
1170886,7B6856BC84D2FC2F,classic_bike,2021-08-04 14:40:13,2021-08-04 14:42:52,Columbia Heights & Cranberry St,4829,Clark St & Henry St,4789,40.70037867,-73.99548059,40.69760127,-73.99344559,member
1170887,37AC647A3BFC1B3A,classic_bike,2021-08-03 09:00:52,2021-08-03 09:03:55,Columbia Heights & Cranberry St,4829,Clark St & Henry St,4789,40.70037867,-73.99548059,40.69760127,-73.99344559,member
1170888,76ADF32B3C3921C7,classic_bike,2021-08-03 19:36:34,2021-08-03 19:39:16,Columbia Heights & Cranberry St,4829,Clark St & Henry St,4789,40.70037867,-73.99548059,40.69760127,-73.99344559,member
1170893,E8408BA02AC109A3,classic_bike,2021-08-29 22:41:42,2021-08-29 23:13:14,Columbia Heights & Cranberry St,4829,Clark St & Henry St,4789,40.70037867,-73.99548059,40.69760127,-73.99344559,member
1170894,21FF5F96453FFEE2,classic_bike,2021-08-22 04:53:16,2021-08-22 04:57:23,Columbia Heights & Cranberry St,4829,Clark St & Henry St,4789,40.70037867,-73.99548059,40.69760127,-73.99344559,member
1170895,97B0FDDE76C325E6,classic_bike,2021-08-21 19:39:58,2021-08-21 19:43:25,Columbia Heights & Cranberry St,4829,Clark St & Henry St,4789,40.70037867,-73.99548059,40.69760127,-73.99344559,member
1170899,AD88BBBE4218D738,classic_bike,2021-08-29 11:10:02,2021-08-29 11:12:56,Columbia Heights & Cranberry St,4829,Clark St & Henry St,4789,40.70037867,-73.99548059,40.69760127,-73.99344559,member
1170905,CA5F56F7C1DCFF18,classic_bike,2021-08-05 18:06:03,2021-08-05 18:11:01,Columbia Heights & Cranberry St,4829,Clark St & Henry St,4789,40.70037867,-73.99548059,40.69760127,-73.99344559,casual
1170920,8DF30C05FB00DB3B,classic_bike,2021-08-20 16:36:14,2021-08-20 16:38:53,Columbia Heights & Cranberry St,4829,Clark St & Henry St,4789,40.70037867,-73.99548059,40.69760127,-73.99344559,member
1170921,30C0205579ABB511,classic_bike,2021-08-20 16:27:11,2021-08-20 16:29:48,Columbia Heights & Cranberry St,4829,Clark St & Henry St,4789,40.70037867,-73.99548059,40.69760127,-73.99344559,member
1170929,C0C60B0A74925139,classic_bike,2021-08-02 21:12:16,2021-08-02 21:16:34,Columbia Heights & Cranberry St,4829,Clark St & Henry St,4789,40.70037867,-73.99548059,40.69760127,-73.99344559,casual
1170938,8289AD16FD7DA9E8,classic_bike,2021-08-17 21:55:29,2021-08-17 21:59:02,Columbia Heights & Cranberry St,4829,Clark St & Henry St,4789,40.70037867,-73.99548059,40.69760127,-73.99344559,casual
1170948,5617799D9E918CD0,electric_bike,2021-08-02 17:50:37,2021-08-02 18:05:35,W Broadway & Spring St,5569,Clark St & Henry St,4789,40.72494672359416,-74.00165855884552,40.69760127,-73.99344559,member
1170962,5387D4C75EFC4998,electric_bike,2021-08-02 13:26:34,2021-08-02 14:09:30,W 51 St & Rockefeller Plaza,6700,Clark St & Henry St,4789,40.75969995906254,-73.97808194160461,40.69760127,-73.99344559,casual
1170987,A1941AB36DDAE7A8,classic_bike,2021-08-30 10:24:38,2021-08-30 10:58:01,E 27 St & Park Ave S,6131,Clark St & Henry St,4789,40.74275179648995,-73.9847157150507,40.69760127,-73.99344559,casual
1171003,7AB7D9015C714B54,electric_bike,2021-08-19 22:35:16,2021-08-19 22:50:08,Pike St & Monroe St,5159,Clark St & Henry St,4789,40.71173107,-73.99193043,40.69760127,-73.99344559,casual
1171017,13720F50E1CA3E5C,classic_bike,2021-08-18 18:44:25,2021-08-18 18:52:00,Myrtle Ave & Fleet Pl,4628,Clark St & Henry St,4789,40.693534,-73.981909,40.69760127,-73.99344559,member
1171018,7A075474FBEAB5ED,classic_bike,2021-08-20 15:24:15,2021-08-20 15:32:27,Myrtle Ave & Fleet Pl,4628,Clark St & Henry St,4789,40.693534,-73.981909,40.69760127,-73.99344559,member
1171019,26483080287A3290,classic_bike,2021-08-16 18:19:04,2021-08-16 18:26:16,Myrtle Ave & Fleet Pl,4628,Clark St & Henry St,4789,40.693534,-73.981909,40.69760127,-73.99344559,member
1171020,C29414C9CBBBEA92,classic_bike,2021-08-10 18:32:22,2021-08-10 18:39:59,Myrtle Ave & Fleet Pl,4628,Clark St & Henry St,4789,40.693534,-73.981909,40.69760127,-73.99344559,member
1171026,18BC887332522750,classic_bike,2021-08-07 01:42:58,2021-08-07 02:02:48,Allen St & Stanton St,5484,Clark St & Henry St,4789,40.722055,-73.989111,40.69760127,-73.99344559,member
1171030,6F810AD1BD957138,classic_bike,2021-08-28 17:29:57,2021-08-28 17:38:24,Clinton St & Joralemon St,4605,Clark St & Henry St,4789,40.69239502,-73.99337909,40.69760127,-73.99344559,casual
1171031,4862031EF2C65EBB,electric_bike,2021-08-18 14:30:54,2021-08-18 14:50:00,Union St & Bedford Ave,3879,Clark St & Henry St,4789,40.6691783,-73.9554162,40.69760127,-73.99344559,casual
1171040,46D64C690FA67483,classic_bike,2021-08-05 18:21:11,2021-08-05 19:00:16,Dock St & Front St,4903,Clark St & Henry St,4789,40.702709,-73.99253,40.69760127,-73.99344559,member
1171041,369B9C9DEF84FD78,classic_bike,2021-08-07 16:57:36,2021-08-07 17:03:38,Dock St & Front St,4903,Clark St & Henry St,4789,40.702709,-73.99253,40.69760127,-73.99344559,member
1171042,CBA065DAA16F2EC0,electric_bike,2021-08-02 10:43:22,2021-08-02 11:02:13,St Johns Pl & Washington Ave,4001,Clark St & Henry St,4789,40.6737236,-73.9631611,40.69760127,-73.99344559,casual
1171047,B86F54F80C5E791F,classic_bike,2021-08-06 12:11:30,2021-08-06 12:40:17,Hudson St & W 13 St,6115,Clark St & Henry St,4789,40.74005708567285,-74.0052741765976,40.69760127,-73.99344559,member
1171053,D438B44B55E0FD65,classic_bike,2021-08-20 14:32:59,2021-08-20 14:56:05,Clark St & Henry St,4789,Clark St & Henry St,4789,40.69760127,-73.99344559,40.69760127,-73.99344559,member
1171058,AFCA66D27B229BB5,classic_bike,2021-08-28 15:27:46,2021-08-28 15:46:44,Allen St & Stanton St,5484,Clark St & Henry St,4789,40.722055,-73.989111,40.69760127,-73.99344559,member
1171068,3140BB1469E413F9,electric_bike,2021-08-14 10:55:00,2021-08-14 10:58:02,Dock St & Front St,4903,Clark St & Henry St,4789,40.702709,-73.99253,40.69760127,-73.99344559,member
1171075,DB9E3123FDF3BD2A,classic_bike,2021-08-15 16:52:18,2021-08-15 17:00:15,Dock St & Front St,4903,Clark St & Henry St,4789,40.702709,-73.99253,40.69760127,-73.99344559,member
1171095,BCD6BF897EA4D11A,electric_bike,2021-08-13 15:08:33,2021-08-13 15:16:14,Degraw St & Smith St,4298,Clark St & Henry St,4789,40.6829151,-73.99318208,40.69760127,-73.99344559,casual
1171099,C354056A3D67A7D1,classic_bike,2021-08-17 19:16:00,2021-08-17 19:28:16,Centre St & Chambers St,5207,Clark St & Henry St,4789,40.71273266,-74.0046073,40.69760127,-73.99344559,member
1171100,0D9F98AB870A8A00,classic_bike,2021-08-19 15:51:39,2021-08-19 15:58:37,State St & Smith St,4565,Clark St & Henry St,4789,40.68926942,-73.98912867,40.69760127,-73.99344559,member
1171101,6B69E58B1FCC53F2,classic_bike,2021-08-08 18:03:59,2021-08-08 18:23:07,Pioneer St & Richards St,4128,Clark St & Henry St,4789,40.6777748,-74.0094613,40.69760127,-73.99344559,member
1171102,840EA6E95D9A2B4B,electric_bike,2021-08-07 18:22:15,2021-08-07 18:31:34,1 Pl & Clinton St,4193,Clark St & Henry St,4789,40.6809591,-73.99905709,40.69760127,-73.99344559,member
1171106,883450BF5592A69B,classic_bike,2021-08-23 17:48:53,2021-08-23 17:57:53,State St & Smith St,4565,Clark St & Henry St,4789,40.68926942,-73.98912867,40.69760127,-73.99344559,member
1171110,B2F094A3841D994B,classic_bike,2021-08-13 01:25:58,2021-08-13 01:33:21,Duffield St & Willoughby St,4596,Clark St & Henry St,4789,40.69221589,-73.9842844,40.69760127,-73.99344559,member
1171113,51E8BA4629B42D28,classic_bike,2021-08-23 20:47:37,2021-08-23 20:56:23,Duffield St & Willoughby St,4596,Clark St & Henry St,4789,40.69221589,-73.9842844,40.69760127,-73.99344559,member
1171115,014167CE30507BF5,classic_bike,2021-08-04 17:31:49,2021-08-04 17:54:54,Henry St & Grand St,5294,Clark St & Henry St,4789,40.714211,-73.981095,40.69760127,-73.99344559,member
1171118,7E418A9E3FB3748C,classic_bike,2021-08-31 17:45:30,2021-08-31 17:49:28,Fulton St & Adams St,4637,Clark St & Henry St,4789,40.69241829257847,-73.98949474096298,40.69760127,-73.99344559,member
1171124,ABA2BC973F065380,electric_bike,2021-08-01 13:24:06,2021-08-01 13:29:07,Fulton St & Adams St,4637,Clark St & Henry St,4789,40.69241829257847,-73.98949474096298,40.69760127,-73.99344559,member
1171126,8D91444D571EA864,classic_bike,2021-08-11 18:16:44,2021-08-11 18:52:25,6 Ave & W 34 St,6364,Clark St & Henry St,4789,40.74964,-73.98805,40.69760127,-73.99344559,member
1171132,3E6B0EEA5398ADCA,electric_bike,2021-08-17 15:19:49,2021-08-17 15:35:53,Cleveland Pl & Spring St,5492,Clark St & Henry St,4789,40.722103786686034,-73.99724900722504,40.69760127,-73.99344559,member
1171145,E3E57910843EF584,classic_bike,2021-08-14 23:45:16,2021-08-15 00:12:20,Cedar St & Evergreen Ave,4721,Clark St & Henry St,4789,40.69671,-73.92807,40.69760127,-73.99344559,casual
1171147,56EA12092A0D863B,classic_bike,2021-08-24 20:23:17,2021-08-24 21:00:37,W 24 St & 7 Ave,6257,Clark St & Henry St,4789,40.74487634,-73.99529885,40.69760127,-73.99344559,member
1171153,DD2245C655997D86,classic_bike,2021-08-10 19:46:21,2021-08-10 19:52:33,Johnson St & Gold St,4668,Clark St & Henry St,4789,40.69474881,-73.98362464,40.69760127,-73.99344559,member
1171154,D60D88593AEA44B2,electric_bike,2021-08-10 18:56:29,2021-08-10 19:13:57,St Marks Pl & 1 Ave,5626,Clark St & Henry St,4789,40.72779126,-73.98564945,40.69760127,-73.99344559,member
1171170,7FE8E35198FCCF4B,classic_bike,2021-08-15 12:21:23,2021-08-15 12:30:46,Butler St & Court St,4339,Clark St & Henry St,4789,40.6849894,-73.99440329,40.69760127,-73.99344559,member
1171171,4FE618606ED6D6A8,electric_bike,2021-08-11 20:17:45,2021-08-11 20:34:18,Broadway & Battery Pl,4962,Clark St & Henry St,4789,40.70463334,-74.01361706,40.69760127,-73.99344559,member
1171197,189993C4A70490DB,classic_bike,2021-08-20 17:50:19,2021-08-20 18:06:50,3 St & 7 Ave,3905,Clark St & Henry St,4789,40.6703837,-73.97839676,40.69760127,-73.99344559,member
1171198,4171BDD859B6C91A,classic_bike,2021-08-11 09:23:01,2021-08-11 09:27:25,Fulton St & Adams St,4637,Clark St & Henry St,4789,40.69241829257847,-73.98949474096298,40.69760127,-73.99344559,member
1171202,718941AB45622602,classic_bike,2021-08-15 17:55:34,2021-08-15 18:16:44,Underhill Ave & Lincoln Pl,4042,Clark St & Henry St,4789,40.6740123,-73.9671457,40.69760127,-73.99344559,member
1171209,A0A3DE330B4BDF2E,classic_bike,2021-08-26 23:00:33,2021-08-26 23:07:08,Dock St & Front St,4903,Clark St & Henry St,4789,40.702709,-73.99253,40.69760127,-73.99344559,casual
1171212,EC37AFE209DFA6CE,electric_bike,2021-08-08 10:36:49,2021-08-08 11:01:06,Jefferson Ave & Evergreen Ave,4517,Clark St & Henry St,4789,40.68989,-73.91458,40.69760127,-73.99344559,member
1171216,DDFC3DD14638C4CB,classic_bike,2021-08-02 09:00:04,2021-08-02 11:10:24,Cleveland Pl & Spring St,5492,Clark St & Henry St,4789,40.722103786686034,-73.99724900722504,40.69760127,-73.99344559,member
1171225,8A8B28DA7618535A,classic_bike,2021-08-14 11:30:50,2021-08-14 11:36:30,Brooklyn Bridge Park - Pier 2,4756,Clark St & Henry St,4789,40.698458,-73.997178,40.69760127,-73.99344559,member
1171227,EEABD910EBC76FE0,classic_bike,2021-08-15 16:20:01,2021-08-15 16:37:59,Grand Army Plaza & Plaza St West,4010,Clark St & Henry St,4789,40.6729679,-73.97087984,40.69760127,-73.99344559,member
1171229,F473DCF9C14E52D8,classic_bike,2021-08-25 08:16:31,2021-08-25 08:20:36,Fulton St & Adams St,4637,Clark St & Henry St,4789,40.69241829257847,-73.98949474096298,40.69760127,-73.99344559,member
1171237,CB7F4F7357FEBEE4,classic_bike,2021-08-23 17:47:09,2021-08-23 18:01:00,Centre St & Worth St,5279,Clark St & Henry St,4789,40.71494807,-74.00234482,40.69760127,-73.99344559,member
1171238,BBB9A520C5087CFC,classic_bike,2021-08-24 17:31:09,2021-08-24 17:46:58,Centre St & Worth St,5279,Clark St & Henry St,4789,40.71494807,-74.00234482,40.69760127,-73.99344559,member
1171241,7BE5D80382F54AC6,classic_bike,2021-08-02 21:55:17,2021-08-02 22:05:22,Congress St & Clinton St,4455,Clark St & Henry St,4789,40.68825516598005,-73.99545192718506,40.69760127,-73.99344559,member
1171242,751CE390998BE950,classic_bike,2021-08-15 12:51:30,2021-08-15 12:57:16,Congress St & Clinton St,4455,Clark St & Henry St,4789,40.68825516598005,-73.99545192718506,40.69760127,-73.99344559,member
1171249,6C7C0C04711093F4,classic_bike,2021-08-18 21:48:51,2021-08-18 21:50:40,Hicks St & Montague St,4645,Clark St & Henry St,4789,40.69512845,-73.99595065,40.69760127,-73.99344559,member
1171250,C0A9A0FEE11B7FF5,classic_bike,2021-08-26 10:23:03,2021-08-26 10:25:17,Hicks St & Montague St,4645,Clark St & Henry St,4789,40.69512845,-73.99595065,40.69760127,-73.99344559,member
1171251,A11C661449A8CBA5,classic_bike,2021-08-29 12:55:05,2021-08-29 12:58:36,Hicks St & Montague St,4645,Clark St & Henry St,4789,40.69512845,-73.99595065,40.69760127,-73.99344559,member
1171252,FAD3AC6CC8D1A006,electric_bike,2021-08-26 07:30:12,2021-08-26 07:31:57,Hicks St & Montague St,4645,Clark St & Henry St,4789,40.69512845,-73.99595065,40.69760127,-73.99344559,member
1171253,FC137E99FF91E32E,classic_bike,2021-08-24 14:01:42,2021-08-24 14:03:49,Hicks St & Montague St,4645,Clark St & Henry St,4789,40.69512845,-73.99595065,40.69760127,-73.99344559,member
1171256,A9A3FDA2AEB2400F,classic_bike,2021-08-31 14:34:00,2021-08-31 14:37:13,Hicks St & Montague St,4645,Clark St & Henry St,4789,40.69512845,-73.99595065,40.69760127,-73.99344559,member
1171257,31A38559E112C8AD,classic_bike,2021-08-11 07:06:38,2021-08-11 07:15:44,Kane St & Clinton St,4455,Clark St & Henry St,4789,40.6861758,-73.99645295,40.69760127,-73.99344559,member
1171258,5DC9A7F97C4294FA,classic_bike,2021-08-05 09:13:43,2021-08-05 09:15:53,Hicks St & Montague St,4645,Clark St & Henry St,4789,40.69512845,-73.99595065,40.69760127,-73.99344559,member
1171259,2CE84B2DF05AB8F7,classic_bike,2021-08-23 15:42:49,2021-08-23 15:45:53,Hicks St & Montague St,4645,Clark St & Henry St,4789,40.69512845,-73.99595065,40.69760127,-73.99344559,member
1171260,AF1E66377EEA76CF,classic_bike,2021-08-02 18:12:23,2021-08-02 18:13:57,Hicks St & Montague St,4645,Clark St & Henry St,4789,40.69512845,-73.99595065,40.69760127,-73.99344559,member
1171275,46A195F06901E51C,classic_bike,2021-08-25 10:47:03,2021-08-25 11:05:19,5 Ave & 3 St,3987,Clark St & Henry St,4789,40.6728155,-73.98352355,40.69760127,-73.99344559,member
1171282,5BA1D6916971741F,electric_bike,2021-08-24 21:28:31,2021-08-24 21:35:09,Warren St & Smith St,4371,Clark St & Henry St,4789,40.68542400997018,-73.99127773940563,40.69760127,-73.99344559,casual
1171288,7F87534C2F76B9FD,classic_bike,2021-08-24 19:27:03,2021-08-24 19:52:08,W 21 St & 6 Ave,6140,Clark St & Henry St,4789,40.74173969,-73.99415556,40.69760127,-73.99344559,member
1171313,F53AD7D2B4BF13A8,classic_bike,2021-08-13 20:32:49,2021-08-13 20:40:48,Dock St & Front St,4903,Clark St & Henry St,4789,40.702709,-73.99253,40.69760127,-73.99344559,member
1171318,93488A9BAD87E251,classic_bike,2021-08-08 02:33:06,2021-08-08 03:11:32,Dock St & Front St,4903,Clark St & Henry St,4789,40.702709,-73.99253,40.69760127,-73.99344559,casual
1171321,D3A993B7AEA3A81B,classic_bike,2021-08-16 08:16:23,2021-08-16 08:23:42,Butler St & Court St,4339,Clark St & Henry St,4789,40.6849894,-73.99440329,40.69760127,-73.99344559,member
1171322,409DA94CF79BBBCD,electric_bike,2021-08-23 12:29:20,2021-08-23 12:33:50,Henry St & Atlantic Ave,4531,Clark St & Henry St,4789,40.69089272,-73.99612349,40.69760127,-73.99344559,member
1171323,2E4EB5B65E692C20,classic_bike,2021-08-13 14:42:53,2021-08-13 14:48:33,Henry St & Atlantic Ave,4531,Clark St & Henry St,4789,40.69089272,-73.99612349,40.69760127,-73.99344559,member
1171324,8EA2E7B3DE7F4CEE,classic_bike,2021-08-30 14:41:15,2021-08-30 14:47:21,Henry St & Atlantic Ave,4531,Clark St & Henry St,4789,40.69089272,-73.99612349,40.69760127,-73.99344559,member
1171338,43983B4C5045974C,classic_bike,2021-08-06 10:46:54,2021-08-06 11:07:30,Grand Army Plaza & Plaza St West,4010,Clark St & Henry St,4789,40.6729679,-73.97087984,40.69760127,-73.99344559,member
1171343,9ECBC4C365D41B1A,electric_bike,2021-08-22 19:30:31,2021-08-22 20:06:59,1 Ave & E 68 St,6822,Clark St & Henry St,4789,40.76500525,-73.95818491,40.69760127,-73.99344559,member
1171346,C3B19CECBB02CFC7,classic_bike,2021-08-29 10:12:08,2021-08-29 10:19:15,State St & Smith St,4565,Clark St & Henry St,4789,40.68926942,-73.98912867,40.69760127,-73.99344559,member
1171402,A050E71B9C4967DB,classic_bike,2021-08-06 23:35:29,2021-08-06 23:38:10,Hicks St & Montague St,4645,Clark St & Henry St,4789,40.69512845,-73.99595065,40.69760127,-73.99344559,member
1171404,8DBB00D736CA7508,classic_bike,2021-08-26 19:24:43,2021-08-26 19:26:34,Hicks St & Montague St,4645,Clark St & Henry St,4789,40.69512845,-73.99595065,40.69760127,-73.99344559,member
1171405,637957E771FE7986,electric_bike,2021-08-17 08:14:54,2021-08-17 08:17:22,Hicks St & Montague St,4645,Clark St & Henry St,4789,40.69512845,-73.99595065,40.69760127,-73.99344559,member
1171406,C8EE769124DCB9E7,classic_bike,2021-08-16 22:37:42,2021-08-16 22:39:35,Hicks St & Montague St,4645,Clark St & Henry St,4789,40.69512845,-73.99595065,40.69760127,-73.99344559,member
1171423,1E324BA951EE92D6,classic_bike,2021-08-29 19:51:23,2021-08-29 19:57:22,Fulton St & Adams St,4637,Clark St & Henry St,4789,40.69241829257847,-73.98949474096298,40.69760127,-73.99344559,member
1171447,2B9967F891BB4EFB,classic_bike,2021-08-11 11:19:04,2021-08-11 11:52:49,W 21 St & 6 Ave,6140,Clark St & Henry St,4789,40.74173969,-73.99415556,40.69760127,-73.99344559,casual
1171450,A70877A7B1937002,classic_bike,2021-08-11 17:10:35,2021-08-11 17:23:11,Carroll St & Columbia St,4348,Clark St & Henry St,4789,40.6830456,-74.00348559,40.69760127,-73.99344559,member
1171457,10B7BAF489F13C42,electric_bike,2021-08-29 15:47:46,2021-08-29 16:13:48,Lafayette St & E 8 St,5788,Clark St & Henry St,4789,40.73020660529954,-73.99102628231049,40.69760127,-73.99344559,casual
1171462,27973AE88B2E0278,electric_bike,2021-08-31 00:15:51,2021-08-31 00:19:39,Fulton St & Adams St,4637,Clark St & Henry St,4789,40.69241829257847,-73.98949474096298,40.69760127,-73.99344559,member
1171476,9BC07F368CA6930F,classic_bike,2021-08-03 20:06:41,2021-08-03 20:29:13,Congress St & Hicks St,4497,Clark St & Henry St,4789,40.6893952,-73.9995126,40.69760127,-73.99344559,casual
1171481,5FDF8941A7EAE9D1,classic_bike,2021-08-22 08:12:02,2021-08-22 08:23:45,Congress St & Hicks St,4497,Clark St & Henry St,4789,40.6893952,-73.9995126,40.69760127,-73.99344559,member
1171496,F9AD404E107CD8E0,classic_bike,2021-08-26 20:54:30,2021-08-26 21:01:15,Congress St & Hicks St,4497,Clark St & Henry St,4789,40.6893952,-73.9995126,40.69760127,-73.99344559,casual
1171503,F47056D8DA2A02B7,classic_bike,2021-08-11 11:23:02,2021-08-11 11:38:29,Willoughby Ave & Hall St,4611,Clark St & Henry St,4789,40.69196035,-73.96536851,40.69760127,-73.99344559,member
1171504,75D6543939D9BDE4,electric_bike,2021-08-11 16:36:36,2021-08-11 16:41:17,Henry St & Atlantic Ave,4531,Clark St & Henry St,4789,40.69089272,-73.99612349,40.69760127,-73.99344559,member
1171505,BD2F35571EF7CD60,classic_bike,2021-08-17 13:07:06,2021-08-17 13:12:18,Henry St & Atlantic Ave,4531,Clark St & Henry St,4789,40.69089272,-73.99612349,40.69760127,-73.99344559,member
1171538,F5A8EC5C9FC1B326,classic_bike,2021-08-07 16:51:45,2021-08-07 16:57:41,Henry St & Atlantic Ave,4531,Clark St & Henry St,4789,40.69089272,-73.99612349,40.69760127,-73.99344559,member
1171555,80FB4CDF32870342,classic_bike,2021-08-13 11:08:34,2021-08-13 11:17:40,Dean St & Hoyt St,4446,Clark St & Henry St,4789,40.6864442,-73.98759104,40.69760127,-73.99344559,member
1171561,1F2945B90FD0712D,classic_bike,2021-08-12 18:27:21,2021-08-12 18:44:21,Fulton St & Broadway,5175,Clark St & Henry St,4789,40.711066,-74.009447,40.69760127,-73.99344559,member
1171580,8D04A3D20CEFDCAA,classic_bike,2021-08-09 15:02:09,2021-08-09 15:14:09,Bergen St & 4 Ave,4322,Clark St & Henry St,4789,40.68256425759694,-73.9798977971077,40.69760127,-73.99344559,member
1171590,B0B763B5BC683E86,classic_bike,2021-08-21 18:07:56,2021-08-21 18:11:49,Columbia Heights & Cranberry St,4829,Clark St & Henry St,4789,40.70037867,-73.99548059,40.69760127,-73.99344559,casual
1171591,E40883B6EA03B88F,classic_bike,2021-08-01 21:20:03,2021-08-01 21:37:17,Columbia Heights & Cranberry St,4829,Clark St & Henry St,4789,40.70037867,-73.99548059,40.69760127,-73.99344559,casual
1171592,411D6F7A31B6015B,classic_bike,2021-08-02 16:26:02,2021-08-02 16:37:22,Columbia Heights & Cranberry St,4829,Clark St & Henry St,4789,40.70037867,-73.99548059,40.69760127,-73.99344559,casual
1171599,D1632A4579BA7CDC,classic_bike,2021-08-28 14:59:13,2021-08-28 15:09:05,Dock St & Front St,4903,Clark St & Henry St,4789,40.702709,-73.99253,40.69760127,-73.99344559,casual
1171600,E2E81141C6AC93D0,classic_bike,2021-08-24 18:23:40,2021-08-24 18:37:49,Dock St & Front St,4903,Clark St & Henry St,4789,40.702709,-73.99253,40.69760127,-73.99344559,casual
1171602,C570CBE882077C17,classic_bike,2021-08-24 15:58:49,2021-08-24 16:05:51,Henry St & Degraw St,4380,Clark St & Henry St,4789,40.6847514,-73.99917254,40.69760127,-73.99344559,member
1171603,0FBFF43F87908465,classic_bike,2021-08-13 15:45:07,2021-08-13 15:51:47,Henry St & Degraw St,4380,Clark St & Henry St,4789,40.6847514,-73.99917254,40.69760127,-73.99344559,member
1171627,83A84166DE8B0CFB,classic_bike,2021-08-12 17:23:23,2021-08-12 17:31:07,Nassau St\t& Duffield St,4781,Clark St & Henry St,4789,40.698477,-73.98384,40.69760127,-73.99344559,member
1171629,047C4277EFAC2B5A,classic_bike,2021-08-24 21:16:05,2021-08-24 21:22:22,Columbia Heights & Cranberry St,4829,Clark St & Henry St,4789,40.70037867,-73.99548059,40.69760127,-73.99344559,casual
1171631,7F3579B17D75A5B8,classic_bike,2021-08-01 22:08:34,2021-08-01 22:14:04,Jay St & York St,4895,Clark St & Henry St,4789,40.70140317257725,-73.98672670125961,40.69760127,-73.99344559,member
1171632,D17C9E6AB1BA7E7C,classic_bike,2021-08-13 23:45:31,2021-08-13 23:50:24,Congress St & Clinton St,4455,Clark St & Henry St,4789,40.68825516598005,-73.99545192718506,40.69760127,-73.99344559,member
1171643,304E258C20BA20BA,classic_bike,2021-08-15 13:13:38,2021-08-15 13:21:44,Columbia St & Kane St,4422,Clark St & Henry St,4789,40.68763155,-74.0016256,40.69760127,-73.99344559,member
1171644,CA76B8DF03F73218,classic_bike,2021-08-30 17:42:35,2021-08-30 18:02:17,Leonard St & Church St,5359,Clark St & Henry St,4789,40.717571,-74.005549,40.69760127,-73.99344559,member
1171658,362FD812CDA89BC4,classic_bike,2021-08-28 11:47:18,2021-08-28 12:04:58,Union St & 4 Ave,4175,Clark St & Henry St,4789,40.6772744,-73.98282002,40.69760127,-73.99344559,casual
1171669,395C9CF85CE69E4B,electric_bike,2021-08-26 16:59:47,2021-08-26 17:06:41,Schermerhorn St & Bond St,4479,Clark St & Henry St,4789,40.688417427540834,-73.98451656103134,40.69760127,-73.99344559,member
1171676,87E24E8CEB09EAF4,classic_bike,2021-08-31 19:33:11,2021-08-31 19:42:35,Schermerhorn St & Bond St,4479,Clark St & Henry St,4789,40.688417427540834,-73.98451656103134,40.69760127,-73.99344559,casual
1171679,BCA68D7CCD04E7D2,classic_bike,2021-08-27 20:41:18,2021-08-27 20:52:00,Bergen St & Smith St,4446,Clark St & Henry St,4789,40.6867443,-73.99063168,40.69760127,-73.99344559,member
1171681,EA8EE0D1DFDEBAB7,electric_bike,2021-08-26 12:53:28,2021-08-26 13:00:26,Bergen St & Smith St,4446,Clark St & Henry St,4789,40.6867443,-73.99063168,40.69760127,-73.99344559,member
1171690,CBA86DBAFB48CE98,classic_bike,2021-08-15 19:05:06,2021-08-15 19:16:52,President St & Henry St,4307,Clark St & Henry St,4789,40.6828003,-73.99990419,40.69760127,-73.99344559,member
1171708,4146CB0BA6268A22,classic_bike,2021-08-12 09:45:57,2021-08-12 09:55:50,Court St & State St,4488,Clark St & Henry St,4789,40.6902375,-73.99203074,40.69760127,-73.99344559,member
1171709,FDFB96336C1DF80C,electric_bike,2021-08-01 07:13:09,2021-08-01 07:27:47,6 St & 7 Ave,3834,Clark St & Henry St,4789,40.6686627,-73.97988067,40.69760127,-73.99344559,member
1171710,B2B7C1EE346C2C98,electric_bike,2021-08-14 07:17:23,2021-08-14 07:29:57,6 St & 7 Ave,3834,Clark St & Henry St,4789,40.6686627,-73.97988067,40.69760127,-73.99344559,member
1171712,78B1036D849E5330,electric_bike,2021-08-08 07:13:07,2021-08-08 07:29:33,6 St & 7 Ave,3834,Clark St & Henry St,4789,40.6686627,-73.97988067,40.69760127,-73.99344559,member
1171713,A328F207413A2DA9,electric_bike,2021-08-27 07:14:39,2021-08-27 07:31:16,6 St & 7 Ave,3834,Clark St & Henry St,4789,40.6686627,-73.97988067,40.69760127,-73.99344559,member
1171714,476A0D12FF257142,electric_bike,2021-08-24 19:25:09,2021-08-24 19:34:42,Columbia St & Degraw St,4422,Clark St & Henry St,4789,40.6859296,-74.00242364,40.69760127,-73.99344559,member
1171719,D67E49EA741E4C34,electric_bike,2021-08-02 20:17:39,2021-08-02 20:39:58,Watts St & Greenwich St,5578,Clark St & Henry St,4789,40.72405549,-74.00965965,40.69760127,-73.99344559,member
1171722,A226A0A13AE89CA5,classic_bike,2021-08-02 17:15:03,2021-08-02 17:28:14,Spruce St & Nassau St,5137,Clark St & Henry St,4789,40.71146364,-74.00552427,40.69760127,-73.99344559,casual
1171723,1E2FBDFED8D0F0F6,classic_bike,2021-08-02 13:55:37,2021-08-02 14:04:27,Dean St & Hoyt St,4446,Clark St & Henry St,4789,40.6864442,-73.98759104,40.69760127,-73.99344559,member
1171726,3074E9191C08E1B3,classic_bike,2021-08-28 15:31:45,2021-08-28 15:36:27,Henry St & Atlantic Ave,4531,Clark St & Henry St,4789,40.69089272,-73.99612349,40.69760127,-73.99344559,member
1171740,E405AA142964E2BB,electric_bike,2021-08-31 18:09:21,2021-08-31 18:18:22,Degraw St & Hoyt St,4258,Clark St & Henry St,4789,40.68199044270703,-73.99079024791718,40.69760127,-73.99344559,member
1171747,31598AA1FBC47075,classic_bike,2021-08-16 18:26:35,2021-08-16 18:48:10,7 Ave & Park Pl,4125,Clark St & Henry St,4789,40.6776147,-73.97324283,40.69760127,-73.99344559,member
1171753,817C25BDB789BE76,classic_bike,2021-08-22 00:59:07,2021-08-22 01:03:56,Adams St & Prospect St,4821,Clark St & Henry St,4789,40.70076308326151,-73.98869812488556,40.69760127,-73.99344559,member
1171754,43417B0A8617CE19,classic_bike,2021-08-22 01:13:06,2021-08-22 01:17:16,Adams St & Prospect St,4821,Clark St & Henry St,4789,40.70076308326151,-73.98869812488556,40.69760127,-73.99344559,member
1171755,D9815E90748FC2B0,electric_bike,2021-08-18 18:38:11,2021-08-18 18:53:47,6 Ave & Broome St,5610,Clark St & Henry St,4789,40.72431,-74.00473,40.69760127,-73.99344559,member
1171756,F0B9F10C60F0D804,classic_bike,2021-08-18 18:27:50,2021-08-18 18:32:27,Fulton St & Adams St,4637,Clark St & Henry St,4789,40.69241829257847,-73.98949474096298,40.69760127,-73.99344559,member
1171758,DD7F7219F54B373E,classic_bike,2021-08-02 17:24:41,2021-08-02 17:55:51,3 St & 7 Ave,3905,Clark St & Henry St,4789,40.6703837,-73.97839676,40.69760127,-73.99344559,member
1171762,8A5758D2D90925D9,classic_bike,2021-08-24 21:54:08,2021-08-24 22:02:51,Bergen St & Smith St,4446,Clark St & Henry St,4789,40.6867443,-73.99063168,40.69760127,-73.99344559,member
1171777,28F1FDAE05A83ED4,classic_bike,2021-08-26 17:43:38,2021-08-26 17:54:21,Bergen St & Smith St,4446,Clark St & Henry St,4789,40.6867443,-73.99063168,40.69760127,-73.99344559,member
1171778,439D3EB25EFD8219,classic_bike,2021-08-26 09:18:06,2021-08-26 09:27:45,Bergen St & Smith St,4446,Clark St & Henry St,4789,40.6867443,-73.99063168,40.69760127,-73.99344559,member
1171780,66EB59FFC76C6F3C,electric_bike,2021-08-15 10:50:21,2021-08-15 10:59:21,Carroll St & Smith St,4225,Clark St & Henry St,4789,40.680611,-73.99475825,40.69760127,-73.99344559,member
1171784,879120281B9A76A9,classic_bike,2021-08-24 13:23:57,2021-08-24 13:37:51,Bergen St & Smith St,4446,Clark St & Henry St,4789,40.6867443,-73.99063168,40.69760127,-73.99344559,member
1171787,BF5D1F49ED7E2A3E,electric_bike,2021-08-09 15:42:22,2021-08-09 15:53:07,Carroll St & Smith St,4225,Clark St & Henry St,4789,40.680611,-73.99475825,40.69760127,-73.99344559,casual
1171793,9B5E2403F02B70B9,electric_bike,2021-08-07 10:02:04,2021-08-07 10:19:12,E 13 St & 2 Ave,5820,Clark St & Henry St,4789,40.73153937464073,-73.9853024482727,40.69760127,-73.99344559,member
1171803,ED345BE7E302D87B,classic_bike,2021-08-24 20:49:16,2021-08-24 20:58:20,Columbia St & Kane St,4422,Clark St & Henry St,4789,40.68763155,-74.0016256,40.69760127,-73.99344559,member
1171824,BBC44E745CE22BDA,classic_bike,2021-08-12 18:14:24,2021-08-12 18:39:40,N 6 St & Bedford Ave,5379,Clark St & Henry St,4789,40.71745169,-73.95850939,40.69760127,-73.99344559,casual
1171848,26AF485DFDF8D3EE,classic_bike,2021-08-02 09:18:43,2021-08-02 09:42:20,Clinton St & Union St,4266,Clark St & Henry St,4789,40.6831164,-73.99785267,40.69760127,-73.99344559,casual
1171856,CE17F760ECC00D33,electric_bike,2021-08-28 23:18:41,2021-08-28 23:22:50,State St & Smith St,4565,Clark St & Henry St,4789,40.68926942,-73.98912867,40.69760127,-73.99344559,member
1171875,CDD9F29FDEC31FDA,classic_bike,2021-08-14 23:33:35,2021-08-14 23:49:49,State St & Smith St,4565,Clark St & Henry St,4789,40.68926942,-73.98912867,40.69760127,-73.99344559,member
1171878,F020640485B8FF30,classic_bike,2021-08-17 16:59:57,2021-08-17 17:22:24,Underhill Ave & Lincoln Pl,4042,Clark St & Henry St,4789,40.6740123,-73.9671457,40.69760127,-73.99344559,member
1171882,64A1C3A17E1C7C15,electric_bike,2021-08-05 19:06:59,2021-08-05 19:18:19,Forsyth St & Canal St,5270,Clark St & Henry St,4789,40.7158155,-73.99422366,40.69760127,-73.99344559,member
1171885,E46E66634962F70D,classic_bike,2021-08-06 11:55:56,2021-08-06 12:09:25,Clinton St & Joralemon St,4605,Clark St & Henry St,4789,40.69239502,-73.99337909,40.69760127,-73.99344559,casual
1171896,B464D0406D3EBE8E,electric_bike,2021-08-06 14:19:11,2021-08-06 14:23:38,Dock St & Front St,4903,Clark St & Henry St,4789,40.702709,-73.99253,40.69760127,-73.99344559,member
1171902,575ED453151F1E4D,classic_bike,2021-08-24 15:40:14,2021-08-24 16:09:24,6 Ave & Broome St,5610,Clark St & Henry St,4789,40.72431,-74.00473,40.69760127,-73.99344559,member
1171904,00CD8179BE973419,classic_bike,2021-08-19 23:21:20,2021-08-20 00:00:19,Knickerbocker Ave & Cooper St,4582,Clark St & Henry St,4789,40.69081,-73.90448,40.69760127,-73.99344559,member
1171907,ACF8BF2C4D17CCDD,classic_bike,2021-08-26 23:01:54,2021-08-26 23:07:07,Dock St & Front St,4903,Clark St & Henry St,4789,40.702709,-73.99253,40.69760127,-73.99344559,casual
1171910,9F9AC193FEBC6724,electric_bike,2021-08-13 14:52:13,2021-08-13 14:58:05,Front St & Jay St,4895,Clark St & Henry St,4789,40.702461,-73.986842,40.69760127,-73.99344559,casual
1171914,EA8C4ABA53DE545B,classic_bike,2021-08-08 18:40:50,2021-08-08 18:51:12,Dock St & Front St,4903,Clark St & Henry St,4789,40.702709,-73.99253,40.69760127,-73.99344559,casual
1171920,B0145F7AB5B8FCB5,classic_bike,2021-08-26 17:15:47,2021-08-26 17:19:28,Columbia Heights & Cranberry St,4829,Clark St & Henry St,4789,40.70037867,-73.99548059,40.69760127,-73.99344559,member
1171927,173D1D23FFC332E6,classic_bike,2021-08-18 10:16:15,2021-08-18 10:30:00,Flushing Ave & Vanderbilt Ave,4762,Clark St & Henry St,4789,40.69795031569544,-73.97077560424805,40.69760127,-73.99344559,casual
1171932,5DAD7315A2D347C6,classic_bike,2021-08-02 18:55:28,2021-08-02 19:18:24,Broadway & Battery Pl,4962,Clark St & Henry St,4789,40.70463334,-74.01361706,40.69760127,-73.99344559,member
1171942,3A703A7943078C05,classic_bike,2021-08-03 11:10:40,2021-08-03 11:17:03,Johnson St & Gold St,4668,Clark St & Henry St,4789,40.69474881,-73.98362464,40.69760127,-73.99344559,member
1171943,82EF3D446D79C4F7,classic_bike,2021-08-09 18:42:21,2021-08-09 19:02:24,Broadway & Battery Pl,4962,Clark St & Henry St,4789,40.70463334,-74.01361706,40.69760127,-73.99344559,member
1171947,4F701A8F78F9DD14,classic_bike,2021-08-26 18:42:50,2021-08-26 18:59:44,Broadway & Battery Pl,4962,Clark St & Henry St,4789,40.70463334,-74.01361706,40.69760127,-73.99344559,member
1171958,E4E35BB7F969DF69,electric_bike,2021-08-27 13:12:02,2021-08-27 13:15:55,Dock St & Front St,4903,Clark St & Henry St,4789,40.702709,-73.99253,40.69760127,-73.99344559,member
1171961,B38AB8C01C039C31,classic_bike,2021-08-03 16:42:11,2021-08-03 17:02:09,Lafayette Ave & St James Pl,4494,Clark St & Henry St,4789,40.68851534,-73.9647628,40.69760127,-73.99344559,member
1171975,A890358A822EF663,classic_bike,2021-08-21 18:08:56,2021-08-21 18:23:31,Ashland Pl & Dekalb Ave,4513,Clark St & Henry St,4789,40.690065,-73.978776,40.69760127,-73.99344559,member
1171979,B918D7357F7F7E56,electric_bike,2021-08-26 07:19:37,2021-08-26 07:35:22,6 St & 7 Ave,3834,Clark St & Henry St,4789,40.6686627,-73.97988067,40.69760127,-73.99344559,member
1171980,13042CF2A56F2550,electric_bike,2021-08-03 07:11:50,2021-08-03 07:29:36,6 St & 7 Ave,3834,Clark St & Henry St,4789,40.6686627,-73.97988067,40.69760127,-73.99344559,member
1171983,2C1A83012C333089,classic_bike,2021-08-14 14:13:00,2021-08-14 14:18:28,Fulton St & Adams St,4637,Clark St & Henry St,4789,40.69241829257847,-73.98949474096298,40.69760127,-73.99344559,member
1171987,40C6CF3F103B3271,classic_bike,2021-08-03 11:19:46,2021-08-03 11:23:55,Fulton St & Adams St,4637,Clark St & Henry St,4789,40.69241829257847,-73.98949474096298,40.69760127,-73.99344559,member
1171991,6874735523413622,electric_bike,2021-08-20 14:49:53,2021-08-20 15:30:07,Fulton St & Adams St,4637,Clark St & Henry St,4789,40.69241829257847,-73.98949474096298,40.69760127,-73.99344559,member
1171992,A1E09B8A826CECE0,classic_bike,2021-08-20 12:33:26,2021-08-20 12:37:38,Dock St & Front St,4903,Clark St & Henry St,4789,40.702709,-73.99253,40.69760127,-73.99344559,member
1171994,09D3F051FAE7151A,classic_bike,2021-08-20 07:55:24,2021-08-20 08:00:14,Dock St & Front St,4903,Clark St & Henry St,4789,40.702709,-73.99253,40.69760127,-73.99344559,member
1171995,02BD74F0DF1B461B,classic_bike,2021-08-27 19:25:04,2021-08-27 19:32:58,Dock St & Front St,4903,Clark St & Henry St,4789,40.702709,-73.99253,40.69760127,-73.99344559,member
1171996,20FAA6E6E9B77717,classic_bike,2021-08-29 21:17:10,2021-08-29 21:23:29,Jay St & Tech Pl,4710,Clark St & Henry St,4789,40.695065,-73.987167,40.69760127,-73.99344559,member
1171998,56F802933867B4A1,classic_bike,2021-08-29 21:33:51,2021-08-29 21:55:54,Jay St & Tech Pl,4710,Clark St & Henry St,4789,40.695065,-73.987167,40.69760127,-73.99344559,casual
1172004,AEFB64AEDC960F4A,classic_bike,2021-08-04 11:49:03,2021-08-04 11:53:31,Jay St & Tech Pl,4710,Clark St & Henry St,4789,40.695065,-73.987167,40.69760127,-73.99344559,member
1172006,8AD7BFED37B6571A,classic_bike,2021-08-14 23:21:49,2021-08-14 23:26:39,State St & Smith St,4565,Clark St & Henry St,4789,40.68926942,-73.98912867,40.69760127,-73.99344559,member
1172007,94EA9EE1094C9C31,classic_bike,2021-08-19 20:56:12,2021-08-19 21:03:55,State St & Smith St,4565,Clark St & Henry St,4789,40.68926942,-73.98912867,40.69760127,-73.99344559,member
1172021,CF18422681F2C055,classic_bike,2021-08-28 18:42:55,2021-08-28 19:06:51,1 Pl & Clinton St,4193,Clark St & Henry St,4789,40.6809591,-73.99905709,40.69760127,-73.99344559,member
1172025,F42940F9C66A7159,classic_bike,2021-08-15 22:49:19,2021-08-15 22:59:26,Warren St & Court St,4413,Clark St & Henry St,4789,40.686371,-73.99383324,40.69760127,-73.99344559,casual
1172046,4B21E975EEDA10B4,electric_bike,2021-08-30 14:28:23,2021-08-30 14:34:43,Henry St & Degraw St,4380,Clark St & Henry St,4789,40.6847514,-73.99917254,40.69760127,-73.99344559,member
1172059,1FB178ADAB651759,electric_bike,2021-08-04 19:31:20,2021-08-04 19:52:12,Pearl St & Hanover Square,4993,Clark St & Henry St,4789,40.7047177,-74.00926027,40.69760127,-73.99344559,member
1172069,EAAD659A2EA50280,electric_bike,2021-08-04 19:28:36,2021-08-04 19:42:13,Leonard St & Church St,5359,Clark St & Henry St,4789,40.717571,-74.005549,40.69760127,-73.99344559,member
1172082,82639E89C9C1C4FE,electric_bike,2021-08-18 15:29:01,2021-08-18 15:45:56,Grand St & Elizabeth St,5382,Clark St & Henry St,4789,40.718822,-73.99596,40.69760127,-73.99344559,member
1172085,84EDC94518483C13,classic_bike,2021-08-08 02:31:33,2021-08-08 03:11:14,Dock St & Front St,4903,Clark St & Henry St,4789,40.702709,-73.99253,40.69760127,-73.99344559,casual
1172093,16176B3591C1A053,classic_bike,2021-08-17 08:16:09,2021-08-17 08:31:38,3 St & 3 Ave,4028,Clark St & Henry St,4789,40.6750705,-73.98775226,40.69760127,-73.99344559,member
1172095,CD2EB1D826121C14,classic_bike,2021-08-23 19:57:30,2021-08-23 20:03:44,Brooklyn Bridge Park - Pier 2,4756,Clark St & Henry St,4789,40.698458,-73.997178,40.69760127,-73.99344559,member
1172099,3994DF831D99655E,classic_bike,2021-08-13 20:53:13,2021-08-13 21:09:05,Prospect Pl & 6 Ave,4166,Clark St & Henry St,4789,40.6793307,-73.97519523,40.69760127,-73.99344559,casual
1172103,3E1F328C13D349EA,electric_bike,2021-08-23 22:30:58,2021-08-23 22:41:07,Pike St & Monroe St,5159,Clark St & Henry St,4789,40.71173107,-73.99193043,40.69760127,-73.99344559,member
1172111,DF44DF85AD179409,electric_bike,2021-08-29 17:19:16,2021-08-29 17:26:44,Carroll St & Columbia St,4348,Clark St & Henry St,4789,40.6830456,-74.00348559,40.69760127,-73.99344559,member
1172116,BA010BD097E73FA0,classic_bike,2021-08-11 19:10:11,2021-08-11 19:24:16,Henry St & W 9 St,4086,Clark St & Henry St,4789,40.6763744,-74.00324957,40.69760127,-73.99344559,member
1172120,601099717FA2A624,classic_bike,2021-08-01 19:54:35,2021-08-01 20:14:28,5 Ave & 3 St,3987,Clark St & Henry St,4789,40.6728155,-73.98352355,40.69760127,-73.99344559,member
1172122,230B284899F5F0F9,electric_bike,2021-08-04 19:19:47,2021-08-04 19:37:57,1 Ave & E 6 St,5626,Clark St & Henry St,4789,40.72633085971696,-73.98616880178452,40.69760127,-73.99344559,member
1172125,A67341758A4AD22C,classic_bike,2021-08-26 19:36:12,2021-08-26 19:43:15,Bridge St & York St,4853,Clark St & Henry St,4789,40.70133448066992,-73.98471236228943,40.69760127,-73.99344559,member
1172127,7E186539855B0B78,classic_bike,2021-08-26 07:20:02,2021-08-26 07:45:06,5 Ave & 3 St,3987,Clark St & Henry St,4789,40.6728155,-73.98352355,40.69760127,-73.99344559,member
1172148,AAF28F4C12757AFC,classic_bike,2021-08-18 23:20:36,2021-08-18 23:40:58,Carroll St & 6 Ave,4019,Clark St & Henry St,4789,40.6740886,-73.9787282,40.69760127,-73.99344559,member
1172187,AACAB9C607A50670,classic_bike,2021-08-17 18:18:34,2021-08-17 18:31:59,Leonard St & Church St,5359,Clark St & Henry St,4789,40.717571,-74.005549,40.69760127,-73.99344559,member
1172188,904CA955AAF06BBF,classic_bike,2021-08-11 18:33:36,2021-08-11 18:47:51,Leonard St & Church St,5359,Clark St & Henry St,4789,40.717571,-74.005549,40.69760127,-73.99344559,member
1172194,D2868A6C879C58F6,classic_bike,2021-08-17 14:59:22,2021-08-17 15:28:43,McKibbin St & Bogart St,5059,Clark St & Henry St,4789,40.706237,-73.933871,40.69760127,-73.99344559,casual
1172225,F176995FC69366EA,electric_bike,2021-08-04 21:11:52,2021-08-04 21:58:39,E 58 St & 1 Ave (NE Corner),6682,Clark St & Henry St,4789,40.75892386377695,-73.96226227283478,40.69760127,-73.99344559,member
1172239,363DD871F4EC5F67,classic_bike,2021-08-26 19:22:16,2021-08-26 19:27:26,Atlantic Ave & Furman St,4614,Clark St & Henry St,4789,40.69165183,-73.9999786,40.69760127,-73.99344559,member
1172243,D7965AED2A255CF3,classic_bike,2021-08-09 18:40:52,2021-08-09 18:57:09,Bergen St & Smith St,4446,Clark St & Henry St,4789,40.6867443,-73.99063168,40.69760127,-73.99344559,member
1172249,C7B05C72D25C02FA,classic_bike,2021-08-02 17:16:45,2021-08-02 17:47:07,W 33 St & 7 Ave,6407,Clark St & Henry St,4789,40.75019995,-73.99093085,40.69760127,-73.99344559,casual
1172257,28AB445ADD92FE84,classic_bike,2021-08-05 18:41:13,2021-08-05 18:58:24,Leonard St & Church St,5359,Clark St & Henry St,4789,40.717571,-74.005549,40.69760127,-73.99344559,member
1172260,0D60412A5A229D78,classic_bike,2021-08-11 17:59:42,2021-08-11 18:10:26,Carroll St & Smith St,4225,Clark St & Henry St,4789,40.680611,-73.99475825,40.69760127,-73.99344559,member
1172262,A32FD538E0FB60E8,classic_bike,2021-08-21 10:33:46,2021-08-21 10:49:53,Plaza St East & Flatbush Ave,4010,Clark St & Henry St,4789,40.673134,-73.969106,40.69760127,-73.99344559,casual
1172266,D2B075C89E4DAE66,classic_bike,2021-08-13 22:55:04,2021-08-13 23:07:25,Bergen St & Smith St,4446,Clark St & Henry St,4789,40.6867443,-73.99063168,40.69760127,-73.99344559,casual
1172268,642041B97CDD4635,classic_bike,2021-08-17 13:19:03,2021-08-17 13:42:58,Lafayette St & Jersey St,5561,Clark St & Henry St,4789,40.72456089,-73.99565293,40.69760127,-73.99344559,member
1172269,2C48C55161582C0C,electric_bike,2021-08-16 14:43:56,2021-08-16 14:53:15,Bergen St & Smith St,4446,Clark St & Henry St,4789,40.6867443,-73.99063168,40.69760127,-73.99344559,member
1172270,97F35B94F2F4896A,electric_bike,2021-08-28 11:56:29,2021-08-28 12:02:27,Bergen St & Smith St,4446,Clark St & Henry St,4789,40.6867443,-73.99063168,40.69760127,-73.99344559,member
1172274,12CD169E6037CA14,classic_bike,2021-08-29 08:54:47,2021-08-29 09:05:26,Bergen St & Smith St,4446,Clark St & Henry St,4789,40.6867443,-73.99063168,40.69760127,-73.99344559,member
1172278,CB16E4E8C9B83658,electric_bike,2021-08-20 11:29:31,2021-08-20 11:38:02,Bergen St & Smith St,4446,Clark St & Henry St,4789,40.6867443,-73.99063168,40.69760127,-73.99344559,casual
1172279,08C36454A44BF318,classic_bike,2021-08-20 16:29:48,2021-08-20 16:40:25,Bergen St & Smith St,4446,Clark St & Henry St,4789,40.6867443,-73.99063168,40.69760127,-73.99344559,casual
1172282,1639C4720BAA48FC,classic_bike,2021-08-24 20:57:11,2021-08-24 21:06:33,Bergen St & Smith St,4446,Clark St & Henry St,4789,40.6867443,-73.99063168,40.69760127,-73.99344559,member
1172283,1369A853881DFE7B,classic_bike,2021-08-30 12:46:31,2021-08-30 13:01:08,Carroll St & Smith St,4225,Clark St & Henry St,4789,40.680611,-73.99475825,40.69760127,-73.99344559,member
1172286,D7110B12D13961E1,electric_bike,2021-08-12 09:19:57,2021-08-12 09:35:47,Lafayette St & Jersey St,5561,Clark St & Henry St,4789,40.72456089,-73.99565293,40.69760127,-73.99344559,casual
1172288,201D03A040DE9A2B,classic_bike,2021-08-04 19:51:43,2021-08-04 20:28:22,W 45 St & 8 Ave,6676,Clark St & Henry St,4789,40.75929124,-73.98859651,40.69760127,-73.99344559,casual
1172292,8E217D39DB632C09,classic_bike,2021-08-20 16:29:52,2021-08-20 16:40:57,Bergen St & Smith St,4446,Clark St & Henry St,4789,40.6867443,-73.99063168,40.69760127,-73.99344559,casual
1172294,788754451E8BCC38,classic_bike,2021-08-04 12:09:10,2021-08-04 12:17:04,Bergen St & Smith St,4446,Clark St & Henry St,4789,40.6867443,-73.99063168,40.69760127,-73.99344559,member
1172300,B56FE86EA5FFFE6D,classic_bike,2021-08-25 02:11:42,2021-08-25 02:24:24,Bergen St & Smith St,4446,Clark St & Henry St,4789,40.6867443,-73.99063168,40.69760127,-73.99344559,member
1172302,D8BD9D44CFBA77E3,classic_bike,2021-08-13 22:54:54,2021-08-13 23:07:25,Bergen St & Smith St,4446,Clark St & Henry St,4789,40.6867443,-73.99063168,40.69760127,-73.99344559,member
1172307,00A12E7B98040820,classic_bike,2021-08-05 22:56:42,2021-08-05 23:05:18,Carroll St & Smith St,4225,Clark St & Henry St,4789,40.680611,-73.99475825,40.69760127,-73.99344559,casual
1172317,2442E59A3B43F56D,classic_bike,2021-08-06 19:36:40,2021-08-06 19:42:40,Atlantic Ave & Furman St,4614,Clark St & Henry St,4789,40.69165183,-73.9999786,40.69760127,-73.99344559,casual
1172321,50D5F4AAADF6213E,electric_bike,2021-08-18 07:37:40,2021-08-18 07:43:53,Atlantic Ave & Furman St,4614,Clark St & Henry St,4789,40.69165183,-73.9999786,40.69760127,-73.99344559,member
1172322,8BC0F9B91564A602,classic_bike,2021-08-20 18:45:00,2021-08-20 19:23:16,Atlantic Ave & Furman St,4614,Clark St & Henry St,4789,40.69165183,-73.9999786,40.69760127,-73.99344559,casual
1172341,46A8376264DA0C69,classic_bike,2021-08-25 16:45:04,2021-08-25 17:01:45,Lafayette St & Jersey St,5561,Clark St & Henry St,4789,40.72456089,-73.99565293,40.69760127,-73.99344559,member
1172343,F3B88C553FD850EB,classic_bike,2021-08-12 18:22:33,2021-08-12 18:38:07,Lafayette St & Jersey St,5561,Clark St & Henry St,4789,40.72456089,-73.99565293,40.69760127,-73.99344559,member
1172344,83ED71164069CDD5,classic_bike,2021-08-25 21:46:25,2021-08-25 22:11:34,Lafayette St & Jersey St,5561,Clark St & Henry St,4789,40.72456089,-73.99565293,40.69760127,-73.99344559,member
1172347,D039D70CD29809DF,electric_bike,2021-08-25 13:23:20,2021-08-25 13:40:13,Lafayette St & Jersey St,5561,Clark St & Henry St,4789,40.72456089,-73.99565293,40.69760127,-73.99344559,member
1172349,CA71533163378B9C,classic_bike,2021-08-11 12:33:38,2021-08-11 12:37:49,Adams St & Prospect St,4821,Clark St & Henry St,4789,40.70076308326151,-73.98869812488556,40.69760127,-73.99344559,member
1172350,D855A122134B7E56,electric_bike,2021-08-21 08:05:37,2021-08-21 08:10:53,Adams St & Prospect St,4821,Clark St & Henry St,4789,40.70076308326151,-73.98869812488556,40.69760127,-73.99344559,member
1172352,F4C7F6F4EF9DB22D,classic_bike,2021-08-19 15:03:36,2021-08-19 15:08:47,Adams St & Prospect St,4821,Clark St & Henry St,4789,40.70076308326151,-73.98869812488556,40.69760127,-73.99344559,member
1172359,E88550453115BD94,classic_bike,2021-08-01 17:54:59,2021-08-01 18:04:40,Bergen St & Smith St,4446,Clark St & Henry St,4789,40.6867443,-73.99063168,40.69760127,-73.99344559,member
1172363,955B8EECBB0701C5,classic_bike,2021-08-29 12:32:45,2021-08-29 12:42:55,Schermerhorn St & Bond St,4479,Clark St & Henry St,4789,40.688417427540834,-73.98451656103134,40.69760127,-73.99344559,member
1172365,7CC2A0E093F7257F,classic_bike,2021-08-01 17:56:13,2021-08-01 18:04:42,Schermerhorn St & Bond St,4479,Clark St & Henry St,4789,40.688417427540834,-73.98451656103134,40.69760127,-73.99344559,member
1172367,52E78DA984D5C058,classic_bike,2021-08-23 13:01:23,2021-08-23 13:10:04,Schermerhorn St & Bond St,4479,Clark St & Henry St,4789,40.688417427540834,-73.98451656103134,40.69760127,-73.99344559,member
1172373,3CE026188C57D918,electric_bike,2021-08-23 17:59:25,2021-08-23 18:15:29,E 12 St & 3 Ave,5788,Clark St & Henry St,4789,40.73223272,-73.98889957,40.69760127,-73.99344559,member
1172386,EA298F6E9B886C1F,electric_bike,2021-08-02 13:27:05,2021-08-02 13:50:26,E 20 St & Park Ave,6055,Clark St & Henry St,4789,40.73827428,-73.98751968,40.69760127,-73.99344559,casual
1172408,18A19C14847DC050,classic_bike,2021-08-20 19:11:26,2021-08-20 19:14:57,Henry St & Atlantic Ave,4531,Clark St & Henry St,4789,40.69089272,-73.99612349,40.69760127,-73.99344559,member
1172453,C492E4266FEBEEC1,classic_bike,2021-08-09 19:14:34,2021-08-09 19:21:09,Duffield St & Willoughby St,4596,Clark St & Henry St,4789,40.69221589,-73.9842844,40.69760127,-73.99344559,member
1172461,7F927D305A3EFCB7,classic_bike,2021-08-06 18:03:16,2021-08-06 18:10:01,Schermerhorn St & Bond St,4479,Clark St & Henry St,4789,40.688417427540834,-73.98451656103134,40.69760127,-73.99344559,member
1172464,4015D46178CCD204,classic_bike,2021-08-25 16:53:59,2021-08-25 16:56:47,Jay St & Tech Pl,4710,Clark St & Henry St,4789,40.695065,-73.987167,40.69760127,-73.99344559,member
1172465,F62E00B32748130B,classic_bike,2021-08-24 21:10:09,2021-08-24 21:13:04,Jay St & Tech Pl,4710,Clark St & Henry St,4789,40.695065,-73.987167,40.69760127,-73.99344559,member
1172471,AD15081AA5580B92,classic_bike,2021-08-18 18:14:45,2021-08-18 18:21:02,Duffield St & Willoughby St,4596,Clark St & Henry St,4789,40.69221589,-73.9842844,40.69760127,-73.99344559,member
1172472,1D00E404A8901A18,classic_bike,2021-08-06 13:30:22,2021-08-06 13:38:26,Duffield St & Willoughby St,4596,Clark St & Henry St,4789,40.69221589,-73.9842844,40.69760127,-73.99344559,member
1172473,D1BCFCC7EA5798B5,classic_bike,2021-08-20 15:39:45,2021-08-20 15:46:03,Duffield St & Willoughby St,4596,Clark St & Henry St,4789,40.69221589,-73.9842844,40.69760127,-73.99344559,member
1172495,181586E91899BA83,classic_bike,2021-08-26 09:12:36,2021-08-26 09:15:13,Hicks St & Montague St,4645,Clark St & Henry St,4789,40.69512845,-73.99595065,40.69760127,-73.99344559,member
1172502,73BF6C07696FDB1B,classic_bike,2021-08-05 23:03:13,2021-08-05 23:10:21,Lawrence St & Willoughby St,4596,Clark St & Henry St,4789,40.69236178,-73.98631746,40.69760127,-73.99344559,casual
1172554,587C5CCD435AB9A1,classic_bike,2021-08-06 21:06:52,2021-08-06 21:07:37,Clark St & Henry St,4789,Clark St & Henry St,4789,40.69760127,-73.99344559,40.69760127,-73.99344559,member
1172559,B38F2BFD8A4646CC,electric_bike,2021-08-13 16:32:01,2021-08-13 16:43:50,Fulton St & William St,5137,Clark St & Henry St,4789,40.70960089363537,-74.00655090808868,40.69760127,-73.99344559,member
1172560,0A7149E672D71A1D,classic_bike,2021-08-23 16:58:51,2021-08-23 17:00:51,Columbia Heights & Cranberry St,4829,Clark St & Henry St,4789,40.70037867,-73.99548059,40.69760127,-73.99344559,member
1172561,3881B04EBAC7A0B7,classic_bike,2021-08-23 12:24:34,2021-08-23 12:26:51,Columbia Heights & Cranberry St,4829,Clark St & Henry St,4789,40.70037867,-73.99548059,40.69760127,-73.99344559,member
1172567,BD47C2CDB2D08819,electric_bike,2021-08-24 19:41:13,2021-08-24 19:52:04,Court St & State St,4488,Clark St & Henry St,4789,40.6902375,-73.99203074,40.69760127,-73.99344559,member
1172568,65CE6138A9AD6369,classic_bike,2021-08-21 16:23:03,2021-08-21 16:29:51,Court St & State St,4488,Clark St & Henry St,4789,40.6902375,-73.99203074,40.69760127,-73.99344559,member
1172569,08475F5FA5024E76,classic_bike,2021-08-24 08:13:25,2021-08-24 08:32:40,Macon St & Nostrand Ave,4214,Clark St & Henry St,4789,40.6809833854,-73.9500479759,40.69760127,-73.99344559,member
1172582,5CFCF4EBFB6D14AA,classic_bike,2021-08-07 19:55:09,2021-08-07 20:03:10,Court St & State St,4488,Clark St & Henry St,4789,40.6902375,-73.99203074,40.69760127,-73.99344559,member
1172585,0EF6D0E86C72538B,classic_bike,2021-08-05 20:06:26,2021-08-05 20:13:23,Court St & State St,4488,Clark St & Henry St,4789,40.6902375,-73.99203074,40.69760127,-73.99344559,member
1172587,16BC3577ECD77E7B,classic_bike,2021-08-28 19:15:55,2021-08-28 19:24:08,Adams St & Prospect St,4821,Clark St & Henry St,4789,40.70076308326151,-73.98869812488556,40.69760127,-73.99344559,member
1172592,14EF192B5A8309E9,classic_bike,2021-08-04 15:49:05,2021-08-04 16:06:27,Fulton St & Broadway,5175,Clark St & Henry St,4789,40.711066,-74.009447,40.69760127,-73.99344559,member
1172596,03D0752853E15FC2,classic_bike,2021-08-09 18:00:15,2021-08-09 18:05:20,Court St & State St,4488,Clark St & Henry St,4789,40.6902375,-73.99203074,40.69760127,-73.99344559,member
1172599,62B7DC135831DBA2,classic_bike,2021-08-17 21:19:43,2021-08-17 21:25:00,Court St & State St,4488,Clark St & Henry St,4789,40.6902375,-73.99203074,40.69760127,-73.99344559,member
1172600,AFEB82F68BE8899E,electric_bike,2021-08-11 19:37:59,2021-08-11 19:42:28,Court St & State St,4488,Clark St & Henry St,4789,40.6902375,-73.99203074,40.69760127,-73.99344559,member
1172604,8A24A39EB709D238,classic_bike,2021-08-03 13:26:30,2021-08-03 13:32:06,Court St & State St,4488,Clark St & Henry St,4789,40.6902375,-73.99203074,40.69760127,-73.99344559,member
1172605,4BA29EB0BC269F7A,classic_bike,2021-08-07 17:35:52,2021-08-07 17:57:06,Delancey St & Eldridge St,5414,Clark St & Henry St,4789,40.719383,-73.991479,40.69760127,-73.99344559,member
1172612,F739A6F27F3E90F0,classic_bike,2021-08-08 15:32:20,2021-08-08 16:39:11,10 Ave & W 14 St,6157,Clark St & Henry St,4789,40.74198159994023,-74.00831580162048,40.69760127,-73.99344559,casual
1172614,12E7FDAEBBC82D5D,classic_bike,2021-08-21 15:26:29,2021-08-21 15:43:09,Plaza St West & Flatbush Ave,4010,Clark St & Henry St,4789,40.6750207,-73.97111473,40.69760127,-73.99344559,casual
1172615,510DD13492D4FDC6,classic_bike,2021-08-20 21:50:24,2021-08-20 22:11:41,14 St & 7 Ave,3731,Clark St & Henry St,4789,40.663779,-73.98396846,40.69760127,-73.99344559,casual
1172636,63C8A89DCCFB1BC8,classic_bike,2021-08-27 12:31:09,2021-08-27 12:41:02,Schermerhorn St & Bond St,4479,Clark St & Henry St,4789,40.688417427540834,-73.98451656103134,40.69760127,-73.99344559,member
1172646,F2D8B1608DB3BF01,classic_bike,2021-08-04 17:06:29,2021-08-04 17:44:21,E 51 St & Lexington Ave,6659,Clark St & Henry St,4789,40.75714758,-73.97207836,40.69760127,-73.99344559,member
1172665,BE59FA58EF2EB65B,classic_bike,2021-08-24 19:04:22,2021-08-24 19:16:12,Henry St & W 9 St,4086,Clark St & Henry St,4789,40.6763744,-74.00324957,40.69760127,-73.99344559,member
1172675,3C0E72A46AA51F79,electric_bike,2021-08-11 22:57:31,2021-08-11 23:07:28,Smith St & 3 St,4151,Clark St & Henry St,4789,40.6787242,-73.99599099,40.69760127,-73.99344559,member
1172680,4C1FC374840067ED,classic_bike,2021-08-24 11:52:08,2021-08-24 12:12:02,Clinton St & Grand St,5303,Clark St & Henry St,4789,40.71559509,-73.9870295,40.69760127,-73.99344559,member
1172692,083D716A0298E189,classic_bike,2021-08-17 18:04:27,2021-08-17 18:24:05,Broadway & Battery Pl,4962,Clark St & Henry St,4789,40.70463334,-74.01361706,40.69760127,-73.99344559,member
1172693,F7311183B817755F,classic_bike,2021-08-29 22:14:16,2021-08-29 22:34:25,Broadway & Battery Pl,4962,Clark St & Henry St,4789,40.70463334,-74.01361706,40.69760127,-73.99344559,member
1172730,9B537F4A6A7C8578,classic_bike,2021-08-28 20:49:31,2021-08-28 20:59:41,Bergen St & Smith St,4446,Clark St & Henry St,4789,40.6867443,-73.99063168,40.69760127,-73.99344559,member
1172731,9D893441CA096C32,classic_bike,2021-08-28 20:20:04,2021-08-28 20:29:28,Bergen St & Smith St,4446,Clark St & Henry St,4789,40.6867443,-73.99063168,40.69760127,-73.99344559,member
1172732,D3B8489DC209B611,electric_bike,2021-08-23 20:42:38,2021-08-23 20:53:40,Bergen St & Smith St,4446,Clark St & Henry St,4789,40.6867443,-73.99063168,40.69760127,-73.99344559,member
1172733,857BD0CFC70FA0C3,classic_bike,2021-08-01 14:54:32,2021-08-01 15:02:16,Duffield St & Willoughby St,4596,Clark St & Henry St,4789,40.69221589,-73.9842844,40.69760127,-73.99344559,member
1172735,F0A60E92C3195802,classic_bike,2021-08-17 19:37:10,2021-08-17 19:46:28,Duffield St & Willoughby St,4596,Clark St & Henry St,4789,40.69221589,-73.9842844,40.69760127,-73.99344559,member
1172746,7CED75A86BA346BF,electric_bike,2021-08-05 17:00:58,2021-08-05 17:24:10,Duffield St & Willoughby St,4596,Clark St & Henry St,4789,40.69221589,-73.9842844,40.69760127,-73.99344559,casual
1172751,265B346C2CA07749,electric_bike,2021-08-28 19:13:08,2021-08-28 19:13:46,Clark St & Henry St,4789,Clark St & Henry St,4789,40.69760127,-73.99344559,40.69760127,-73.99344559,member
1172759,4BD54B266276F297,classic_bike,2021-08-16 21:08:44,2021-08-16 21:16:19,Clark St & Henry St,4789,Clark St & Henry St,4789,40.69760127,-73.99344559,40.69760127,-73.99344559,member
1172786,12E2FCC12E199886,electric_bike,2021-08-21 12:07:52,2021-08-21 12:24:56,Carroll St & Smith St,4225,Clark St & Henry St,4789,40.680611,-73.99475825,40.69760127,-73.99344559,member
1172810,735AC3362E0B9CC8,electric_bike,2021-08-28 23:07:14,2021-08-28 23:51:53,Clark St & Henry St,4789,Clark St & Henry St,4789,40.69760127,-73.99344559,40.69760127,-73.99344559,member
1172811,34375538A3080700,electric_bike,2021-08-08 13:48:28,2021-08-08 13:48:50,Clark St & Henry St,4789,Clark St & Henry St,4789,40.69760127,-73.99344559,40.69760127,-73.99344559,member
1172815,CAF6040D22AC26AE,electric_bike,2021-08-25 16:36:03,2021-08-25 16:52:53,Clark St & Henry St,4789,Clark St & Henry St,4789,40.69760127,-73.99344559,40.69760127,-73.99344559,member
1172816,2F44C95416DAA2A5,classic_bike,2021-08-16 12:51:36,2021-08-16 13:13:30,Clark St & Henry St,4789,Lewis Ave & Kosciuszko St,4617,40.69760127,-73.99344559,40.69237074,-73.93705428,member
1172817,26155514BF5DBB79,classic_bike,2021-08-28 18:51:38,2021-08-28 19:00:26,Clark St & Henry St,4789,Clark St & Henry St,4789,40.69760127,-73.99344559,40.69760127,-73.99344559,member
1172821,8A6F73D0AC6B2A74,classic_bike,2021-08-26 09:52:31,2021-08-26 09:52:34,Clark St & Henry St,4789,Clark St & Henry St,4789,40.69760127,-73.99344559,40.69760127,-73.99344559,member
1172833,BF9201E6E724B54F,classic_bike,2021-08-23 19:26:55,2021-08-23 19:26:57,Clark St & Henry St,4789,Clark St & Henry St,4789,40.69760127,-73.99344559,40.69760127,-73.99344559,casual
1172845,282F993794C71818,electric_bike,2021-08-14 20:42:11,2021-08-15 01:08:09,Clark St & Henry St,4789,Clark St & Henry St,4789,40.69760127,-73.99344559,40.69760127,-73.99344559,casual
1172885,6B93F1BD1D1953EF,classic_bike,2021-08-14 23:27:37,2021-08-14 23:31:01,Clark St & Henry St,4789,Clark St & Henry St,4789,40.69760127,-73.99344559,40.69760127,-73.99344559,casual
1172895,A3263A4234FEAF78,electric_bike,2021-08-18 19:27:48,2021-08-18 19:35:16,Front St & Gold St,4927,Clark St & Henry St,4789,40.70224,-73.982578,40.69760127,-73.99344559,casual
1172912,7843FF3F15CD7428,classic_bike,2021-08-11 12:32:31,2021-08-11 12:37:55,Front St & Jay St,4895,Clark St & Henry St,4789,40.702461,-73.986842,40.69760127,-73.99344559,member
1172918,8BC3BF580CCEF21E,electric_bike,2021-08-29 14:01:39,2021-08-29 14:36:34,Broadway & E 21 St,6098,Clark St & Henry St,4789,40.73988840858996,-73.98958593606949,40.69760127,-73.99344559,member
1172925,14F59D171D4C72FF,electric_bike,2021-08-17 08:19:05,2021-08-17 08:23:54,Congress St & Clinton St,4455,Clark St & Henry St,4789,40.68825516598005,-73.99545192718506,40.69760127,-73.99344559,member
1172926,C6ADBAA8778D4821,classic_bike,2021-08-28 12:57:40,2021-08-28 13:08:37,Warren St & Smith St,4371,Clark St & Henry St,4789,40.68542400997018,-73.99127773940563,40.69760127,-73.99344559,member
1172927,49031D6E0A5442FD,electric_bike,2021-08-24 17:32:09,2021-08-24 17:37:41,Congress St & Clinton St,4455,Clark St & Henry St,4789,40.68825516598005,-73.99545192718506,40.69760127,-73.99344559,member
1172930,33EBADF3940A575D,classic_bike,2021-08-13 14:32:22,2021-08-13 14:40:10,Front St & Jay St,4895,Clark St & Henry St,4789,40.702461,-73.986842,40.69760127,-73.99344559,casual
1172939,457744487A58FE74,classic_bike,2021-08-19 18:22:31,2021-08-19 18:26:58,Henry St & Atlantic Ave,4531,Clark St & Henry St,4789,40.69089272,-73.99612349,40.69760127,-73.99344559,member
1172941,9F8B187B19C3F5C9,classic_bike,2021-08-29 07:18:53,2021-08-29 07:22:25,Henry St & Atlantic Ave,4531,Clark St & Henry St,4789,40.69089272,-73.99612349,40.69760127,-73.99344559,member
1172942,1F535584BFBC6BFE,classic_bike,2021-08-24 19:18:10,2021-08-24 19:22:49,Henry St & Atlantic Ave,4531,Clark St & Henry St,4789,40.69089272,-73.99612349,40.69760127,-73.99344559,member
1172943,6794AC791CFA3637,classic_bike,2021-08-08 16:13:58,2021-08-08 16:19:24,Henry St & Atlantic Ave,4531,Clark St & Henry St,4789,40.69089272,-73.99612349,40.69760127,-73.99344559,member
1172948,0C40C5D3D784CAB2,classic_bike,2021-08-20 18:34:22,2021-08-20 18:40:07,Henry St & Atlantic Ave,4531,Clark St & Henry St,4789,40.69089272,-73.99612349,40.69760127,-73.99344559,member
1172959,D67809FA31700861,electric_bike,2021-08-24 17:24:35,2021-08-24 17:37:41,Bergen St & 4 Ave,4322,Clark St & Henry St,4789,40.68256425759694,-73.9798977971077,40.69760127,-73.99344559,member
1172964,32203C93F6153C40,classic_bike,2021-08-24 11:26:40,2021-08-24 11:42:11,Bergen St & 4 Ave,4322,Clark St & Henry St,4789,40.68256425759694,-73.9798977971077,40.69760127,-73.99344559,member
1172965,AA8BDDC94F754FD2,electric_bike,2021-08-03 07:49:01,2021-08-03 07:57:44,Commerce St & Van Brunt St,4243,Clark St & Henry St,4789,40.6812117,-74.00860912,40.69760127,-73.99344559,member
1172976,92D4CB08420D9997,classic_bike,2021-08-05 16:40:19,2021-08-05 17:03:54,Lafayette Ave & St James Pl,4494,Clark St & Henry St,4789,40.68851534,-73.9647628,40.69760127,-73.99344559,member
1172977,7596FAB2D636AC6B,classic_bike,2021-08-16 16:53:49,2021-08-16 17:15:51,Lafayette Ave & St James Pl,4494,Clark St & Henry St,4789,40.68851534,-73.9647628,40.69760127,-73.99344559,member
1173028,7C353CC8F8439F55,electric_bike,2021-08-07 14:04:33,2021-08-07 14:07:59,Henry St & Atlantic Ave,4531,Clark St & Henry St,4789,40.69089272,-73.99612349,40.69760127,-73.99344559,member
1173030,F1838BBD21640F15,classic_bike,2021-08-16 23:41:01,2021-08-17 00:02:23,10 St & 5 Ave,3842,Clark St & Henry St,4789,40.6686273,-73.98700053,40.69760127,-73.99344559,member
1173050,35746E8B75F4FCD4,electric_bike,2021-08-16 02:35:47,2021-08-16 02:53:33,Spruce St & Nassau St,5137,Clark St & Henry St,4789,40.71146364,-74.00552427,40.69760127,-73.99344559,casual
1173065,494AD1CF923981FD,classic_bike,2021-08-18 08:09:32,2021-08-18 08:16:24,Kane St & Clinton St,4455,Clark St & Henry St,4789,40.6861758,-73.99645295,40.69760127,-73.99344559,member
1173067,0A7406D50ABD9F47,electric_bike,2021-08-12 21:18:07,2021-08-12 21:30:22,Hicks St & Montague St,4645,Clark St & Henry St,4789,40.69512845,-73.99595065,40.69760127,-73.99344559,casual
1173071,B229A62C0B498ACE,classic_bike,2021-08-10 10:20:48,2021-08-10 12:01:25,Hicks St & Montague St,4645,Clark St & Henry St,4789,40.69512845,-73.99595065,40.69760127,-73.99344559,member
1173072,57711D3BA168EA3D,classic_bike,2021-08-12 17:45:45,2021-08-12 17:48:06,Hicks St & Montague St,4645,Clark St & Henry St,4789,40.69512845,-73.99595065,40.69760127,-73.99344559,member
1173078,ED351AEB74E4FBD7,classic_bike,2021-08-01 12:29:09,2021-08-01 12:31:45,Hicks St & Montague St,4645,Clark St & Henry St,4789,40.69512845,-73.99595065,40.69760127,-73.99344559,member
1173080,57E4A260CB15DA9B,classic_bike,2021-08-25 23:03:11,2021-08-25 23:05:24,Hicks St & Montague St,4645,Clark St & Henry St,4789,40.69512845,-73.99595065,40.69760127,-73.99344559,member
1173081,584550EC40C8ACF6,classic_bike,2021-08-26 18:23:05,2021-08-26 18:29:17,Kane St & Clinton St,4455,Clark St & Henry St,4789,40.6861758,-73.99645295,40.69760127,-73.99344559,member
1173082,E84FFB5CE0BC7776,classic_bike,2021-08-20 16:46:37,2021-08-20 16:57:13,Kane St & Clinton St,4455,Clark St & Henry St,4789,40.6861758,-73.99645295,40.69760127,-73.99344559,member
1173084,32BC02AC287AD77E,electric_bike,2021-08-02 22:47:05,2021-08-02 22:53:30,Hicks St & Montague St,4645,Clark St & Henry St,4789,40.69512845,-73.99595065,40.69760127,-73.99344559,casual
1173089,0CBE62FB4F639015,classic_bike,2021-08-19 17:23:07,2021-08-19 17:32:26,Nassau St\t& Duffield St,4781,Clark St & Henry St,4789,40.698477,-73.98384,40.69760127,-73.99344559,member
1173092,7741EE6A11C38A43,classic_bike,2021-08-26 22:34:50,2021-08-26 22:50:22,Centre St & Chambers St,5207,Clark St & Henry St,4789,40.71273266,-74.0046073,40.69760127,-73.99344559,member
1173093,E5C6BC0EBAC69670,classic_bike,2021-08-08 18:31:53,2021-08-08 18:34:12,Cadman Plaza E & Tillary St,4677,Clark St & Henry St,4789,40.69597683,-73.99014892,40.69760127,-73.99344559,casual
1173094,DB2B65D3F96A9D8F,classic_bike,2021-08-27 18:36:35,2021-08-27 18:38:12,Hicks St & Montague St,4645,Clark St & Henry St,4789,40.69512845,-73.99595065,40.69760127,-73.99344559,member
1173095,69E26017191FF4AB,classic_bike,2021-08-17 23:03:53,2021-08-17 23:05:39,Hicks St & Montague St,4645,Clark St & Henry St,4789,40.69512845,-73.99595065,40.69760127,-73.99344559,member
1173097,B10CB8167B35BBFA,classic_bike,2021-08-09 15:18:03,2021-08-09 15:20:06,Hicks St & Montague St,4645,Clark St & Henry St,4789,40.69512845,-73.99595065,40.69760127,-73.99344559,member
1173104,29916920BD0B53D5,classic_bike,2021-08-24 17:28:20,2021-08-24 17:30:21,Hicks St & Montague St,4645,Clark St & Henry St,4789,40.69512845,-73.99595065,40.69760127,-73.99344559,member
1173107,990670DB04D68447,classic_bike,2021-08-13 13:52:52,2021-08-13 14:02:03,Hicks St & Montague St,4645,Clark St & Henry St,4789,40.69512845,-73.99595065,40.69760127,-73.99344559,member
1173113,1B6287CB48F1CA1F,classic_bike,2021-08-29 16:25:40,2021-08-29 16:30:28,Hicks St & Montague St,4645,Clark St & Henry St,4789,40.69512845,-73.99595065,40.69760127,-73.99344559,member
1173115,E7445109421B48C2,classic_bike,2021-08-18 16:42:41,2021-08-18 16:58:18,Lafayette St & Jersey St,5561,Clark St & Henry St,4789,40.72456089,-73.99565293,40.69760127,-73.99344559,member
1173116,AE0AD5373EB99D04,classic_bike,2021-08-27 11:18:23,2021-08-27 11:32:40,Carroll St & Smith St,4225,Clark St & Henry St,4789,40.680611,-73.99475825,40.69760127,-73.99344559,member
1173121,10154707AA8C285A,classic_bike,2021-08-27 10:42:11,2021-08-27 10:44:35,Hicks St & Montague St,4645,Clark St & Henry St,4789,40.69512845,-73.99595065,40.69760127,-73.99344559,member
1173122,B9937CB7706054F3,classic_bike,2021-08-01 15:30:30,2021-08-01 15:36:13,Hicks St & Montague St,4645,Clark St & Henry St,4789,40.69512845,-73.99595065,40.69760127,-73.99344559,member
1173123,8CBA1B76CB0D3DD9,classic_bike,2021-08-03 09:54:58,2021-08-03 09:56:55,Hicks St & Montague St,4645,Clark St & Henry St,4789,40.69512845,-73.99595065,40.69760127,-73.99344559,member
1173128,6AC796516DB59ABF,classic_bike,2021-08-14 18:20:08,2021-08-14 18:21:55,Hicks St & Montague St,4645,Clark St & Henry St,4789,40.69512845,-73.99595065,40.69760127,-73.99344559,member
1173129,6E4FEC3838AE1148,classic_bike,2021-08-12 12:53:49,2021-08-12 13:01:09,Kane St & Clinton St,4455,Clark St & Henry St,4789,40.6861758,-73.99645295,40.69760127,-73.99344559,member
1173130,3D0DAAB1F9C6F7D8,classic_bike,2021-08-30 17:12:43,2021-08-30 17:24:11,Bergen St & Smith St,4446,Clark St & Henry St,4789,40.6867443,-73.99063168,40.69760127,-73.99344559,member
1173155,CEA16434B4DBAF36,classic_bike,2021-08-16 17:05:26,2021-08-16 17:46:04,E 51 St & Lexington Ave,6659,Clark St & Henry St,4789,40.75714758,-73.97207836,40.69760127,-73.99344559,member
1173164,D26FB09F49E1480B,classic_bike,2021-08-01 08:43:16,2021-08-01 11:05:46,10 Ave & W 14 St,6157,Clark St & Henry St,4789,40.74198159994023,-74.00831580162048,40.69760127,-73.99344559,member
1173165,0A4454477E2AAF09,electric_bike,2021-08-04 12:18:15,2021-08-04 12:35:49,Great Jones St,5636,Clark St & Henry St,4789,40.72743423,-73.99379025,40.69760127,-73.99344559,member
1173167,2212558AB7E2811E,classic_bike,2021-08-31 17:10:03,2021-08-31 17:26:29,Reade St & Broadway,5247,Clark St & Henry St,4789,40.71450451,-74.00562789,40.69760127,-73.99344559,member
1173184,08920F96311C8B8E,classic_bike,2021-08-28 23:32:16,2021-08-29 00:06:10,E 31 St & 3 Ave,6239,Clark St & Henry St,4789,40.74394314,-73.97966069,40.69760127,-73.99344559,member
1173195,BEF00852E8AB93A4,classic_bike,2021-08-28 11:29:13,2021-08-28 11:36:13,Lawrence St & Willoughby St,4596,Clark St & Henry St,4789,40.69236178,-73.98631746,40.69760127,-73.99344559,casual
1173208,FE5A2C889E773EA1,electric_bike,2021-08-02 17:16:38,2021-08-02 17:37:50,Hudson St & W 13 St,6115,Clark St & Henry St,4789,40.74005708567285,-74.0052741765976,40.69760127,-73.99344559,member
1173209,8D668750D39F9D7F,classic_bike,2021-08-27 16:17:24,2021-08-27 16:25:23,Columbia St & Kane St,4422,Clark St & Henry St,4789,40.68763155,-74.0016256,40.69760127,-73.99344559,member
1173216,29EFD4B14F129DFD,classic_bike,2021-08-15 19:57:56,2021-08-15 20:31:05,Columbia St & Kane St,4422,Clark St & Henry St,4789,40.68763155,-74.0016256,40.69760127,-73.99344559,member
1173225,71D083A0856AE98E,electric_bike,2021-08-17 06:36:09,2021-08-17 06:55:46,Bedford Ave & Montgomery St,3736,Clark St & Henry St,4789,40.665816,-73.956934,40.69760127,-73.99344559,member
1173247,C209B5B9FB62886F,classic_bike,2021-08-04 16:42:50,2021-08-04 16:53:10,Congress St & Hicks St,4497,Clark St & Henry St,4789,40.6893952,-73.9995126,40.69760127,-73.99344559,member
1173251,42E32583D659BB4E,classic_bike,2021-08-02 19:35:17,2021-08-02 20:05:06,W 21 St & 6 Ave,6140,Clark St & Henry St,4789,40.74173969,-73.99415556,40.69760127,-73.99344559,member
1173258,03B4BD56A8897BED,classic_bike,2021-08-03 17:45:59,2021-08-03 17:56:55,Myrtle Ave & Fleet Pl,4628,Clark St & Henry St,4789,40.693534,-73.981909,40.69760127,-73.99344559,member
1173284,7A14BFA02C5CBBCB,classic_bike,2021-08-17 13:07:59,2021-08-17 13:14:34,Lawrence St & Willoughby St,4596,Clark St & Henry St,4789,40.69236178,-73.98631746,40.69760127,-73.99344559,member
1173291,F2CAA2FF7A1B657F,classic_bike,2021-08-23 16:50:43,2021-08-23 16:59:22,Congress St & Hicks St,4497,Clark St & Henry St,4789,40.6893952,-73.9995126,40.69760127,-73.99344559,member
1173296,D28C591C089DAB16,classic_bike,2021-08-24 08:32:12,2021-08-24 08:39:19,Congress St & Hicks St,4497,Clark St & Henry St,4789,40.6893952,-73.9995126,40.69760127,-73.99344559,member
1173323,55DA5745861E9252,classic_bike,2021-08-30 14:22:43,2021-08-30 14:29:26,Congress St & Hicks St,4497,Clark St & Henry St,4789,40.6893952,-73.9995126,40.69760127,-73.99344559,member
1173333,11C05CF22A5D96BA,classic_bike,2021-08-03 07:36:55,2021-08-03 07:43:54,Congress St & Hicks St,4497,Clark St & Henry St,4789,40.6893952,-73.9995126,40.69760127,-73.99344559,member
1173334,988DB9E52751A996,classic_bike,2021-08-01 14:21:00,2021-08-01 14:36:43,Pioneer St & Van Brunt St,4169,Clark St & Henry St,4789,40.679043,-74.011169,40.69760127,-73.99344559,member
1173342,9E7CA8393360C609,classic_bike,2021-08-12 20:42:44,2021-08-12 21:03:14,Pioneer St & Van Brunt St,4169,Clark St & Henry St,4789,40.679043,-74.011169,40.69760127,-73.99344559,member
1173362,DE7E3F21DA6765E9,classic_bike,2021-08-05 16:42:01,2021-08-05 17:06:39,Hope St & Union Ave,5187,Clark St & Henry St,4789,40.71167351,-73.95141312,40.69760127,-73.99344559,member
1173369,E761A1C71156C3C6,classic_bike,2021-08-20 22:14:35,2021-08-20 22:24:56,Brooklyn Bridge Park - Pier 2,4756,Clark St & Henry St,4789,40.698458,-73.997178,40.69760127,-73.99344559,casual
1173370,5C0B2F5E6D80EAB3,classic_bike,2021-08-20 23:41:41,2021-08-21 00:11:46,Brooklyn Bridge Park - Pier 2,4756,Clark St & Henry St,4789,40.698458,-73.997178,40.69760127,-73.99344559,casual
1173387,9AF7F0A45BA93698,electric_bike,2021-08-07 10:41:05,2021-08-07 11:15:32,Graham Ave & Grand St,5178,Clark St & Henry St,4789,40.711863,-73.944024,40.69760127,-73.99344559,casual
1173405,04C1B058163B3A7C,classic_bike,2021-08-07 10:48:16,2021-08-07 10:48:33,Clark St & Henry St,4789,Clark St & Henry St,4789,40.69760127,-73.99344559,40.69760127,-73.99344559,member
1173419,5439D1C4D7A78289,electric_bike,2021-08-11 16:52:16,2021-08-11 17:08:52,Clark St & Henry St,4789,Lewis Ave & Kosciuszko St,4617,40.69760127,-73.99344559,40.69237074,-73.93705428,member
1173420,1B3391EBB705ED37,classic_bike,2021-08-15 14:05:32,2021-08-15 14:24:41,Clark St & Henry St,4789,Clark St & Henry St,4789,40.69760127,-73.99344559,40.69760127,-73.99344559,member
1173446,C4691D62418393AB,classic_bike,2021-08-06 01:09:02,2021-08-06 02:22:30,Clark St & Henry St,4789,Clark St & Henry St,4789,40.69760127,-73.99344559,40.69760127,-73.99344559,casual
1173449,466E1439FA993BA1,classic_bike,2021-08-23 15:13:40,2021-08-23 15:14:43,Clark St & Henry St,4789,Clark St & Henry St,4789,40.69760127,-73.99344559,40.69760127,-73.99344559,casual
1173454,60F45076085D3359,classic_bike,2021-08-23 11:43:24,2021-08-23 12:39:59,Clark St & Henry St,4789,Clark St & Henry St,4789,40.69760127,-73.99344559,40.69760127,-73.99344559,casual
1173475,0CD118B7FB9C28D1,electric_bike,2021-08-08 14:10:24,2021-08-08 14:11:18,Clark St & Henry St,4789,Clark St & Henry St,4789,40.69760127,-73.99344559,40.69760127,-73.99344559,casual
1173488,CFDCC595BD561B5C,classic_bike,2021-08-19 16:56:51,2021-08-19 17:02:53,Jay St & York St,4895,Clark St & Henry St,4789,40.70140317257725,-73.98672670125961,40.69760127,-73.99344559,member
1173490,9B9784C1F0D5A2F4,electric_bike,2021-08-02 14:53:17,2021-08-02 14:58:57,Congress St & Clinton St,4455,Clark St & Henry St,4789,40.68825516598005,-73.99545192718506,40.69760127,-73.99344559,member
1173492,3D693E8642A95347,classic_bike,2021-08-28 17:50:29,2021-08-28 18:04:14,Warren St & Smith St,4371,Clark St & Henry St,4789,40.68542400997018,-73.99127773940563,40.69760127,-73.99344559,member
1173493,879309B1B0B28D41,classic_bike,2021-08-01 20:05:52,2021-08-01 20:33:41,Hudson St & Reade St,5359,Clark St & Henry St,4789,40.71625008,-74.0091059,40.69760127,-73.99344559,casual
1173497,C723F8B5E66CE4B5,electric_bike,2021-08-01 10:56:36,2021-08-01 11:03:53,Jay St & York St,4895,Clark St & Henry St,4789,40.70140317257725,-73.98672670125961,40.69760127,-73.99344559,member
1173499,16E28E64E0F984C7,electric_bike,2021-08-22 03:11:42,2021-08-22 03:26:53,Bayard St & Baxter St,5351,Clark St & Henry St,4789,40.71602118,-73.99974372,40.69760127,-73.99344559,member
1173508,E4B18017E64A6DC7,classic_bike,2021-08-30 17:00:59,2021-08-30 17:29:56,Bayard St & Baxter St,5351,Clark St & Henry St,4789,40.71602118,-73.99974372,40.69760127,-73.99344559,casual
1173520,EDBD9574F321E4BE,classic_bike,2021-08-20 12:47:59,2021-08-20 12:54:57,Adams St & Prospect St,4821,Clark St & Henry St,4789,40.70076308326151,-73.98869812488556,40.69760127,-73.99344559,member
1173522,C5ED7D804E7A4DD1,classic_bike,2021-08-26 10:13:41,2021-08-26 10:15:44,Hicks St & Montague St,4645,Clark St & Henry St,4789,40.69512845,-73.99595065,40.69760127,-73.99344559,member
1173527,063F6308D7B8F677,classic_bike,2021-08-03 15:10:03,2021-08-03 15:19:53,Degraw St & Hoyt St,4258,Clark St & Henry St,4789,40.68199044270703,-73.99079024791718,40.69760127,-73.99344559,member
1173553,64B013CB42C6D51C,classic_bike,2021-08-14 00:45:45,2021-08-14 00:54:41,Schermerhorn St & Bond St,4479,Clark St & Henry St,4789,40.688417427540834,-73.98451656103134,40.69760127,-73.99344559,member
1173562,EDBA5D439D735069,classic_bike,2021-08-24 08:17:39,2021-08-24 08:54:32,W 47 St & 6 Ave,6667,Clark St & Henry St,4789,40.758397,-73.98255,40.69760127,-73.99344559,member
1173596,A1FDC259DDB126F3,electric_bike,2021-08-14 14:47:48,2021-08-14 15:22:59,36 St & 3 Ave,3460,Clark St & Henry St,4789,40.655716,-74.006664,40.69760127,-73.99344559,casual
1173607,87CABF7272A6A90E,classic_bike,2021-08-10 13:37:05,2021-08-10 13:41:29,Dock St & Front St,4903,Clark St & Henry St,4789,40.702709,-73.99253,40.69760127,-73.99344559,member
1173616,34148723EAFC3930,electric_bike,2021-08-14 14:48:03,2021-08-14 15:22:57,36 St & 3 Ave,3460,Clark St & Henry St,4789,40.655716,-74.006664,40.69760127,-73.99344559,member
1173639,557706471D4A55E5,electric_bike,2021-08-20 18:12:28,2021-08-20 18:45:28,14 St & 7 Ave,3731,Clark St & Henry St,4789,40.663779,-73.98396846,40.69760127,-73.99344559,member
1173650,7A89BBADC2D6A99F,classic_bike,2021-08-27 11:44:52,2021-08-27 11:50:33,Schermerhorn St & Court St,4565,Clark St & Henry St,4789,40.69102925677968,-73.99183362722397,40.69760127,-73.99344559,member
1173651,AF8A859B31303D06,electric_bike,2021-08-30 13:21:51,2021-08-30 13:25:18,Schermerhorn St & Court St,4565,Clark St & Henry St,4789,40.69102925677968,-73.99183362722397,40.69760127,-73.99344559,member
1173653,D9C56E2A1CA724C2,classic_bike,2021-08-14 18:55:52,2021-08-14 19:03:36,Court St & State St,4488,Clark St & Henry St,4789,40.6902375,-73.99203074,40.69760127,-73.99344559,member
1173654,08F3A79565A0852E,classic_bike,2021-08-14 21:14:44,2021-08-14 21:23:50,Court St & State St,4488,Clark St & Henry St,4789,40.6902375,-73.99203074,40.69760127,-73.99344559,member
1173657,86774F7538B59D44,classic_bike,2021-08-03 21:02:42,2021-08-03 21:08:10,Court St & State St,4488,Clark St & Henry St,4789,40.6902375,-73.99203074,40.69760127,-73.99344559,member
1173660,9144EF66F426402D,classic_bike,2021-08-18 17:22:23,2021-08-18 17:59:18,W 36 St & 7 Ave,6483,Clark St & Henry St,4789,40.752149,-73.989539,40.69760127,-73.99344559,member
1173661,C8656478E75CBC4D,classic_bike,2021-08-26 17:32:54,2021-08-26 18:12:09,W 36 St & 7 Ave,6483,Clark St & Henry St,4789,40.752149,-73.989539,40.69760127,-73.99344559,member
1173662,40FF6CEADCA6C206,electric_bike,2021-08-06 10:28:18,2021-08-06 11:01:08,MacDougal St & Washington Sq,5797,Clark St & Henry St,4789,40.73226398,-73.99852205,40.69760127,-73.99344559,member
1173664,7CB1A03D1515E51E,classic_bike,2021-08-21 13:46:59,2021-08-21 13:52:41,Court St & State St,4488,Clark St & Henry St,4789,40.6902375,-73.99203074,40.69760127,-73.99344559,member
1173665,7546E47324AACD61,classic_bike,2021-08-21 19:00:30,2021-08-21 19:06:12,Court St & State St,4488,Clark St & Henry St,4789,40.6902375,-73.99203074,40.69760127,-73.99344559,member
1173667,7894763BA45C00CC,electric_bike,2021-08-17 01:20:05,2021-08-17 01:39:40,Barrow St & Hudson St,5805,Clark St & Henry St,4789,40.73172428,-74.00674436,40.69760127,-73.99344559,member
1173669,2CEBB5BA264DA1AA,classic_bike,2021-08-28 16:37:11,2021-08-28 16:43:08,Court St & State St,4488,Clark St & Henry St,4789,40.6902375,-73.99203074,40.69760127,-73.99344559,member
1173670,1F554EA8C63212C1,classic_bike,2021-08-15 15:34:53,2021-08-15 15:40:15,Schermerhorn St & Court St,4565,Clark St & Henry St,4789,40.69102925677968,-73.99183362722397,40.69760127,-73.99344559,member
1173681,695AC68796B21FDE,classic_bike,2021-08-01 10:42:00,2021-08-01 10:47:02,Schermerhorn St & Court St,4565,Clark St & Henry St,4789,40.69102925677968,-73.99183362722397,40.69760127,-73.99344559,member
1173682,AA7284EFF286A06C,classic_bike,2021-08-20 20:38:11,2021-08-20 20:43:24,Schermerhorn St & Court St,4565,Clark St & Henry St,4789,40.69102925677968,-73.99183362722397,40.69760127,-73.99344559,member
1173683,C3A47AED9F816169,classic_bike,2021-08-23 18:57:20,2021-08-23 19:02:27,Schermerhorn St & Court St,4565,Clark St & Henry St,4789,40.69102925677968,-73.99183362722397,40.69760127,-73.99344559,member
1173685,E375AC1DF3264F42,classic_bike,2021-08-25 17:39:11,2021-08-25 18:16:27,W 36 St & 7 Ave,6483,Clark St & Henry St,4789,40.752149,-73.989539,40.69760127,-73.99344559,member
1173686,337ECD8A7A8E7074,classic_bike,2021-08-10 06:39:48,2021-08-10 06:47:11,Henry St & Degraw St,4380,Clark St & Henry St,4789,40.6847514,-73.99917254,40.69760127,-73.99344559,member
1173697,0B1764DEB531FC4D,classic_bike,2021-08-05 15:18:45,2021-08-05 15:23:18,Schermerhorn St & Court St,4565,Clark St & Henry St,4789,40.69102925677968,-73.99183362722397,40.69760127,-73.99344559,member
1173701,8AAD0CCF50C916BD,classic_bike,2021-08-14 11:20:08,2021-08-14 11:28:23,Henry St & Degraw St,4380,Clark St & Henry St,4789,40.6847514,-73.99917254,40.69760127,-73.99344559,member
1173707,FF57097E484033FD,classic_bike,2021-08-09 20:29:19,2021-08-09 20:35:03,Schermerhorn St & Court St,4565,Clark St & Henry St,4789,40.69102925677968,-73.99183362722397,40.69760127,-73.99344559,member
1173718,9C7EACF0C209BCBC,classic_bike,2021-08-05 23:23:24,2021-08-05 23:31:24,Henry St & Degraw St,4380,Clark St & Henry St,4789,40.6847514,-73.99917254,40.69760127,-73.99344559,member
1173722,480EC7AFBC23D247,electric_bike,2021-08-04 17:26:26,2021-08-04 17:29:51,Schermerhorn St & Court St,4565,Clark St & Henry St,4789,40.69102925677968,-73.99183362722397,40.69760127,-73.99344559,member
1173723,29423CFFC22878AB,electric_bike,2021-08-24 14:08:30,2021-08-24 14:11:56,Schermerhorn St & Court St,4565,Clark St & Henry St,4789,40.69102925677968,-73.99183362722397,40.69760127,-73.99344559,member
1173724,E092093FA38677A3,classic_bike,2021-08-25 21:24:54,2021-08-25 21:54:53,St James Pl & Pearl St,5167,Clark St & Henry St,4789,40.71117416,-74.00016545,40.69760127,-73.99344559,casual
1173725,CC61F1363D0D23C3,classic_bike,2021-08-20 09:13:03,2021-08-20 09:21:01,Kane St & Clinton St,4455,Clark St & Henry St,4789,40.6861758,-73.99645295,40.69760127,-73.99344559,casual
1173731,8B519AD16D56CCE2,classic_bike,2021-08-30 09:05:27,2021-08-30 09:13:04,Kane St & Clinton St,4455,Clark St & Henry St,4789,40.6861758,-73.99645295,40.69760127,-73.99344559,member
1173737,3034C983FF028024,docked_bike,2021-08-19 18:20:37,2021-08-19 18:31:37,Van Brunt St & Wolcott St,4095,Clark St & Henry St,4789,40.677343,-74.012751,40.697601,-73.993446,casual
1173739,9C4213E9107A31B8,electric_bike,2021-08-05 18:40:02,2021-08-05 18:51:26,Clinton St & Grand St,5303,Clark St & Henry St,4789,40.71559509,-73.9870295,40.69760127,-73.99344559,member
1173742,EDE7D86F5A6604FC,classic_bike,2021-08-01 08:50:40,2021-08-01 08:57:48,Henry St & Atlantic Ave,4531,Clark St & Henry St,4789,40.69089272,-73.99612349,40.69760127,-73.99344559,member
1173757,A51BFCCF860BE360,classic_bike,2021-08-10 16:35:08,2021-08-10 16:41:31,Henry St & Atlantic Ave,4531,Clark St & Henry St,4789,40.69089272,-73.99612349,40.69760127,-73.99344559,member
1173788,A68DD384870ABBE1,classic_bike,2021-08-09 16:15:25,2021-08-09 16:30:09,Flushing Ave & Vanderbilt Ave,4762,Clark St & Henry St,4789,40.69795031569544,-73.97077560424805,40.69760127,-73.99344559,member
1173790,7A559F151A02A104,classic_bike,2021-08-30 18:00:26,2021-08-30 18:06:51,Henry St & Atlantic Ave,4531,Clark St & Henry St,4789,40.69089272,-73.99612349,40.69760127,-73.99344559,member
1173799,1801313F6883E12A,classic_bike,2021-08-05 22:49:59,2021-08-05 23:00:10,Flushing Ave & Vanderbilt Ave,4762,Clark St & Henry St,4789,40.69795031569544,-73.97077560424805,40.69760127,-73.99344559,member
1173807,C8C2BF3461F1535F,classic_bike,2021-08-17 09:09:51,2021-08-17 09:24:50,Bergen St & Smith St,4446,Clark St & Henry St,4789,40.6867443,-73.99063168,40.69760127,-73.99344559,member
1173809,35F763B5270BA53A,classic_bike,2021-08-26 09:07:10,2021-08-26 09:17:55,Bergen St & Smith St,4446,Clark St & Henry St,4789,40.6867443,-73.99063168,40.69760127,-73.99344559,member
1173821,24C945C8F52C878E,classic_bike,2021-08-18 10:39:38,2021-08-18 10:54:01,Clark St & Henry St,4789,Clark St & Henry St,4789,40.69760127,-73.99344559,40.69760127,-73.99344559,member
1173822,15BD0F1AE97C3FBE,classic_bike,2021-08-18 10:37:12,2021-08-18 10:38:22,Clark St & Henry St,4789,Clark St & Henry St,4789,40.69760127,-73.99344559,40.69760127,-73.99344559,member
1173830,27E129E2A0FB45CF,classic_bike,2021-08-23 21:55:13,2021-08-23 22:10:00,Clark St & Henry St,4789,Clark St & Henry St,4789,40.69760127,-73.99344559,40.69760127,-73.99344559,member
1173837,84D0BAD6E317DB0B,classic_bike,2021-08-17 20:09:13,2021-08-17 20:09:33,Clark St & Henry St,4789,Clark St & Henry St,4789,40.69760127,-73.99344559,40.69760127,-73.99344559,member
1173851,802883BD9202679F,electric_bike,2021-08-02 22:45:24,2021-08-02 23:18:15,Kingston Ave & Herkimer St,4205,Clark St & Henry St,4789,40.67890679,-73.94142771,40.69760127,-73.99344559,member
1173852,C8005DBB2FD2B2C2,electric_bike,2021-08-09 08:13:51,2021-08-09 08:15:20,Hicks St & Montague St,4645,Clark St & Henry St,4789,40.69512845,-73.99595065,40.69760127,-73.99344559,member
1173888,B5E5AAB40C8D2040,electric_bike,2021-08-07 14:07:10,2021-08-07 14:33:10,Congress St & Hicks St,4497,Clark St & Henry St,4789,40.6893952,-73.9995126,40.69760127,-73.99344559,casual
1173891,49E3DFB2C8C4CBC2,classic_bike,2021-08-07 11:33:51,2021-08-07 11:40:55,Congress St & Hicks St,4497,Clark St & Henry St,4789,40.6893952,-73.9995126,40.69760127,-73.99344559,casual
1173912,A4A0D4EBBA8536C9,classic_bike,2021-08-05 20:18:06,2021-08-05 20:59:09,W 45 St & 8 Ave,6676,Clark St & Henry St,4789,40.75929124,-73.98859651,40.69760127,-73.99344559,casual
1173927,E43CBE6B27967F42,electric_bike,2021-08-05 07:55:01,2021-08-05 08:13:32,Plaza St West & Flatbush Ave,4010,Clark St & Henry St,4789,40.6750207,-73.97111473,40.69760127,-73.99344559,member
1173932,FD97CA4803DCCE99,classic_bike,2021-08-28 11:09:18,2021-08-28 11:25:12,Plaza St West & Flatbush Ave,4010,Clark St & Henry St,4789,40.6750207,-73.97111473,40.69760127,-73.99344559,casual
1173935,DEE51C1B74DB61EB,classic_bike,2021-08-15 15:01:05,2021-08-15 15:22:53,Clinton St & Grand St,5303,Clark St & Henry St,4789,40.71559509,-73.9870295,40.69760127,-73.99344559,member
1173951,A282CEADD56CAA2C,classic_bike,2021-08-05 15:43:36,2021-08-05 15:49:20,Schermerhorn St & Court St,4565,Clark St & Henry St,4789,40.69102925677968,-73.99183362722397,40.69760127,-73.99344559,casual
1173957,3CEB3BFD324B54BE,classic_bike,2021-08-01 14:55:49,2021-08-01 15:16:20,Bergen St & Smith St,4446,Clark St & Henry St,4789,40.6867443,-73.99063168,40.69760127,-73.99344559,member
1173960,08195E2A2C9A7807,classic_bike,2021-08-23 18:17:36,2021-08-23 18:26:54,Bergen St & Smith St,4446,Clark St & Henry St,4789,40.6867443,-73.99063168,40.69760127,-73.99344559,member
1173966,14801BC2CA6216E3,classic_bike,2021-08-29 11:23:14,2021-08-29 11:29:56,Front St & Gold St,4927,Clark St & Henry St,4789,40.70224,-73.982578,40.69760127,-73.99344559,member
1173968,FF091C361B215027,classic_bike,2021-08-02 18:52:10,2021-08-02 19:02:51,Bond St & Bergen St,4404,Clark St & Henry St,4789,40.6849668,-73.98620772,40.69760127,-73.99344559,member
1173988,70B3369F5D76FF87,classic_bike,2021-08-31 08:32:30,2021-08-31 08:40:47,Atlantic Ave & Furman St,4614,Clark St & Henry St,4789,40.69165183,-73.9999786,40.69760127,-73.99344559,member
1173991,AA65205830B64A1D,electric_bike,2021-08-24 18:15:57,2021-08-24 18:33:25,MacDougal St & Prince St,5687,Clark St & Henry St,4789,40.72710258,-74.00297088,40.69760127,-73.99344559,member
1173997,3BA14D80C4ACABF9,classic_bike,2021-08-05 21:53:29,2021-08-05 21:59:32,Atlantic Ave & Furman St,4614,Clark St & Henry St,4789,40.69165183,-73.9999786,40.69760127,-73.99344559,member
1174002,67AB7F013B003752,classic_bike,2021-08-04 08:08:37,2021-08-04 08:14:32,Atlantic Ave & Furman St,4614,Clark St & Henry St,4789,40.69165183,-73.9999786,40.69760127,-73.99344559,member
1174023,A5AAA48A3C8D28EA,electric_bike,2021-08-25 17:48:13,2021-08-25 18:04:58,Lafayette St & Jersey St,5561,Clark St & Henry St,4789,40.72456089,-73.99565293,40.69760127,-73.99344559,member
1174038,048114949B4ED914,classic_bike,2021-08-24 15:00:06,2021-08-24 15:07:17,Sands St & Jay St,4821,Clark St & Henry St,4789,40.700119,-73.9862,40.69760127,-73.99344559,member
1174060,A887F3FA89A3FBE4,classic_bike,2021-08-10 07:55:29,2021-08-10 07:57:54,Montague St & Clinton St,4677,Clark St & Henry St,4789,40.6942715,-73.9923272,40.69760127,-73.99344559,member
1174062,2AC09C84CF74D3E6,classic_bike,2021-08-24 19:07:47,2021-08-24 19:15:10,Sands St & Jay St,4821,Clark St & Henry St,4789,40.700119,-73.9862,40.69760127,-73.99344559,member
1174066,A14FC720FBE08E4B,classic_bike,2021-08-29 02:57:15,2021-08-29 03:04:30,Bergen St & Smith St,4446,Clark St & Henry St,4789,40.6867443,-73.99063168,40.69760127,-73.99344559,member
1174067,1287DAB9D413C063,electric_bike,2021-08-16 13:10:25,2021-08-16 13:16:32,Bergen St & Smith St,4446,Clark St & Henry St,4789,40.6867443,-73.99063168,40.69760127,-73.99344559,member
1174068,5EABD3DEBD182A5B,classic_bike,2021-08-11 17:59:30,2021-08-11 18:10:28,Carroll St & Smith St,4225,Clark St & Henry St,4789,40.680611,-73.99475825,40.69760127,-73.99344559,member
1174080,811A608C1E898FC0,classic_bike,2021-08-11 09:19:42,2021-08-11 09:24:42,Court St & State St,4488,Clark St & Henry St,4789,40.6902375,-73.99203074,40.69760127,-73.99344559,member
1174087,6F686CEDF63A6962,classic_bike,2021-08-11 19:21:18,2021-08-11 19:28:35,Court St & State St,4488,Clark St & Henry St,4789,40.6902375,-73.99203074,40.69760127,-73.99344559,member
1174092,465958658FA81DF7,electric_bike,2021-08-16 20:46:39,2021-08-16 20:51:09,Court St & State St,4488,Clark St & Henry St,4789,40.6902375,-73.99203074,40.69760127,-73.99344559,member
1174093,FFCB59FEEFAED63A,classic_bike,2021-08-02 20:23:19,2021-08-02 20:29:45,Court St & State St,4488,Clark St & Henry St,4789,40.6902375,-73.99203074,40.69760127,-73.99344559,member
1174095,98AF3EDB8BD68C8B,electric_bike,2021-08-07 23:55:56,2021-08-08 00:00:13,Court St & State St,4488,Clark St & Henry St,4789,40.6902375,-73.99203074,40.69760127,-73.99344559,casual
1174097,9602ABF35817B2DF,classic_bike,2021-08-18 19:06:05,2021-08-18 19:11:23,Court St & State St,4488,Clark St & Henry St,4789,40.6902375,-73.99203074,40.69760127,-73.99344559,member
1174098,1CF87C06F0CA55D7,electric_bike,2021-08-21 11:52:58,2021-08-21 11:58:57,Court St & State St,4488,Clark St & Henry St,4789,40.6902375,-73.99203074,40.69760127,-73.99344559,member
1174108,9583100BC92CAD37,electric_bike,2021-08-25 15:06:00,2021-08-25 15:09:43,Court St & State St,4488,Clark St & Henry St,4789,40.6902375,-73.99203074,40.69760127,-73.99344559,member
1174109,59195AE7DCBEEDD2,classic_bike,2021-08-24 20:40:39,2021-08-24 20:47:59,Court St & State St,4488,Clark St & Henry St,4789,40.6902375,-73.99203074,40.69760127,-73.99344559,member
1174111,901BF7C0B974E544,classic_bike,2021-08-29 18:42:24,2021-08-29 18:53:34,Bergen St & Smith St,4446,Clark St & Henry St,4789,40.6867443,-73.99063168,40.69760127,-73.99344559,member
1174112,51E5C530A18FF021,classic_bike,2021-08-04 21:09:26,2021-08-04 21:27:55,Lafayette St & Jersey St,5561,Clark St & Henry St,4789,40.72456089,-73.99565293,40.69760127,-73.99344559,member
1174115,C5601EDC2EF257D1,classic_bike,2021-08-16 14:35:27,2021-08-16 15:01:09,Plaza St East & Flatbush Ave,4010,Clark St & Henry St,4789,40.673134,-73.969106,40.69760127,-73.99344559,member
1174116,648745FE999DCBD4,classic_bike,2021-08-24 21:54:08,2021-08-24 22:02:31,Bergen St & Smith St,4446,Clark St & Henry St,4789,40.6867443,-73.99063168,40.69760127,-73.99344559,member
1174123,BEDA8BFB17B6B112,classic_bike,2021-08-07 16:26:28,2021-08-07 16:36:27,Kane St & Clinton St,4455,Clark St & Henry St,4789,40.6861758,-73.99645295,40.69760127,-73.99344559,member
1174125,AE19B510E8EB6D44,classic_bike,2021-08-12 09:40:42,2021-08-12 09:42:24,Hicks St & Montague St,4645,Clark St & Henry St,4789,40.69512845,-73.99595065,40.69760127,-73.99344559,member
1174132,ADA8BE6B6E1D7EB7,electric_bike,2021-08-04 20:21:46,2021-08-04 20:22:33,Clark St & Henry St,4789,Clark St & Henry St,4789,40.69760127,-73.99344559,40.69760127,-73.99344559,member
1174140,BC52C0C27B8952A4,classic_bike,2021-08-16 11:15:08,2021-08-16 11:18:45,Clark St & Henry St,4789,Clark St & Henry St,4789,40.69760127,-73.99344559,40.69760127,-73.99344559,member
1174154,71C321375728E5FE,classic_bike,2021-08-27 20:40:29,2021-08-27 21:46:52,Clark St & Henry St,4789,Clark St & Henry St,4789,40.69760127,-73.99344559,40.69760127,-73.99344559,member
1174162,D390F386E0BD5D76,electric_bike,2021-08-19 19:29:09,2021-08-19 19:39:53,Pierrepont St & Monroe Pl,4718,Clark St & Henry St,4789,40.69535693320225,-73.99344027042389,40.69760127,-73.99344559,member
1174184,572D44DAC573DF0E,classic_bike,2021-08-25 06:48:30,2021-08-25 06:56:48,Bond St & Bergen St,4404,Clark St & Henry St,4789,40.6849668,-73.98620772,40.69760127,-73.99344559,member
1174186,3BF01C96072DD4E0,electric_bike,2021-08-12 10:10:04,2021-08-12 10:22:37,Atlantic Ave & Fort Greene Pl,4354,Clark St & Henry St,4789,40.68382604,-73.97632328,40.69760127,-73.99344559,member
1174190,DD3D26F1F084CF36,classic_bike,2021-08-09 19:56:14,2021-08-09 20:49:03,10 St & 5 Ave,3842,Clark St & Henry St,4789,40.6686273,-73.98700053,40.69760127,-73.99344559,member
1174201,2F1ABC83983BE5C9,electric_bike,2021-08-11 19:36:57,2021-08-11 19:50:59,Murray St & Greenwich St,5288,Clark St & Henry St,4789,40.71485150526252,-74.01122331619263,40.69760127,-73.99344559,member
1174205,381F0A1363A15807,classic_bike,2021-08-05 18:21:57,2021-08-05 18:39:21,Atlantic Ave & Fort Greene Pl,4354,Clark St & Henry St,4789,40.68382604,-73.97632328,40.69760127,-73.99344559,member
1174216,13650D80DBAE8DD9,classic_bike,2021-08-31 11:58:23,2021-08-31 11:58:34,Clark St & Henry St,4789,Clark St & Henry St,4789,40.69760127,-73.99344559,40.69760127,-73.99344559,casual
1174229,4AB7677EA12961DB,classic_bike,2021-08-18 07:11:54,2021-08-18 07:28:23,Grand Ave & Bergen St,4190,Clark St & Henry St,4789,40.678045,-73.962408,40.69760127,-73.99344559,member
1174236,826D3344EE7C4910,electric_bike,2021-08-06 14:18:50,2021-08-06 14:23:52,Dock St & Front St,4903,Clark St & Henry St,4789,40.702709,-73.99253,40.69760127,-73.99344559,member
1174237,95F337960EDF134D,classic_bike,2021-08-31 19:02:53,2021-08-31 19:10:42,Dock St & Front St,4903,Clark St & Henry St,4789,40.702709,-73.99253,40.69760127,-73.99344559,member
1174252,F7019B52E8D89622,electric_bike,2021-08-14 14:57:39,2021-08-14 15:02:48,Congress St & Hicks St,4497,Clark St & Henry St,4789,40.6893952,-73.9995126,40.69760127,-73.99344559,member
1174253,E75A68476D273F9F,classic_bike,2021-08-15 12:39:16,2021-08-15 12:51:13,Pioneer St & Van Brunt St,4169,Clark St & Henry St,4789,40.679043,-74.011169,40.69760127,-73.99344559,casual
1174314,9BDCA7E46E63C6F8,classic_bike,2021-08-16 18:02:23,2021-08-16 18:19:58,Lafayette St & Jersey St,5561,Clark St & Henry St,4789,40.72456089,-73.99565293,40.69760127,-73.99344559,member
1174343,E0F712524B0EBA9A,electric_bike,2021-08-19 07:25:53,2021-08-19 07:32:47,Atlantic Ave & Furman St,4614,Clark St & Henry St,4789,40.69165183,-73.9999786,40.69760127,-73.99344559,member
1174398,542F4F3E39964A66,classic_bike,2021-08-03 10:34:51,2021-08-03 10:40:20,Court St & State St,4488,Clark St & Henry St,4789,40.6902375,-73.99203074,40.69760127,-73.99344559,member
1174399,7B181C113844B29A,classic_bike,2021-08-05 10:21:00,2021-08-05 10:26:38,Court St & State St,4488,Clark St & Henry St,4789,40.6902375,-73.99203074,40.69760127,-73.99344559,member
1174400,FB6B667B27BB4677,classic_bike,2021-08-20 13:38:31,2021-08-20 13:43:59,Court St & State St,4488,Clark St & Henry St,4789,40.6902375,-73.99203074,40.69760127,-73.99344559,member
1174401,D5E5798DD6871642,electric_bike,2021-08-19 20:50:51,2021-08-19 20:56:09,Court St & State St,4488,Clark St & Henry St,4789,40.6902375,-73.99203074,40.69760127,-73.99344559,member
1174407,6056F268B2B2387F,classic_bike,2021-08-14 14:16:54,2021-08-14 14:41:11,Clermont Ave & Lafayette Ave,4461,Clark St & Henry St,4789,40.68764484,-73.96968902,40.69760127,-73.99344559,member
1174410,619D901BBB59E1A5,classic_bike,2021-08-02 21:55:50,2021-08-02 22:05:25,Congress St & Clinton St,4455,Clark St & Henry St,4789,40.68825516598005,-73.99545192718506,40.69760127,-73.99344559,casual
1174415,EBB3D3EB45C637A3,classic_bike,2021-08-06 00:48:54,2021-08-06 00:53:13,Court St & State St,4488,Clark St & Henry St,4789,40.6902375,-73.99203074,40.69760127,-73.99344559,casual
1174425,6AD3AA2E41F38E9D,classic_bike,2021-08-04 19:31:29,2021-08-04 19:47:53,Lispenard St & Broadway,5391,Clark St & Henry St,4789,40.71939226,-74.00247214,40.69760127,-73.99344559,member
1174432,435467BB1A580154,classic_bike,2021-08-05 19:01:20,2021-08-05 19:07:53,Schermerhorn St & Bond St,4479,Clark St & Henry St,4789,40.688417427540834,-73.98451656103134,40.69760127,-73.99344559,member
1174447,80D446716EDF5F98,electric_bike,2021-08-09 19:28:33,2021-08-09 19:44:14,Mercer St & Spring St,5532,Clark St & Henry St,4789,40.72362738,-73.99949601,40.69760127,-73.99344559,member
1174464,69CEB330C842D8BB,classic_bike,2021-08-13 10:28:13,2021-08-13 10:33:04,Lawrence St & Willoughby St,4596,Clark St & Henry St,4789,40.69236178,-73.98631746,40.69760127,-73.99344559,member
1174465,96539066519EF964,classic_bike,2021-08-05 16:23:51,2021-08-05 16:28:30,Lawrence St & Willoughby St,4596,Clark St & Henry St,4789,40.69236178,-73.98631746,40.69760127,-73.99344559,member
1174503,F12B671A4F566A0D,electric_bike,2021-08-28 20:42:29,2021-08-28 21:34:09,W 45 St & 8 Ave,6676,Clark St & Henry St,4789,40.75929124,-73.98859651,40.69760127,-73.99344559,member
1174505,FADCC5205F4CCFEF,classic_bike,2021-08-25 21:35:32,2021-08-25 21:43:55,Bergen St & Smith St,4446,Clark St & Henry St,4789,40.6867443,-73.99063168,40.69760127,-73.99344559,member
1174506,E644EA2CF29FAEF7,classic_bike,2021-08-07 20:52:22,2021-08-07 21:00:54,Johnson St & Gold St,4668,Clark St & Henry St,4789,40.69474881,-73.98362464,40.69760127,-73.99344559,member
1174514,088988AB39383AE6,classic_bike,2021-08-14 09:47:40,2021-08-14 10:10:33,Bedford Ave & Bergen St,4066,Clark St & Henry St,4789,40.676368,-73.952918,40.69760127,-73.99344559,member
1174518,CE7ED12534504D05,classic_bike,2021-08-31 12:59:52,2021-08-31 13:28:38,E 5 St & Avenue C,5545,Clark St & Henry St,4789,40.72299208,-73.97995466,40.69760127,-73.99344559,member
1174519,468653B02DD2792E,electric_bike,2021-08-31 18:25:42,2021-08-31 18:34:08,Bergen St & Smith St,4446,Clark St & Henry St,4789,40.6867443,-73.99063168,40.69760127,-73.99344559,member
1174520,C0F72732DEC2300D,classic_bike,2021-08-25 20:51:52,2021-08-25 21:01:45,Bergen St & Smith St,4446,Clark St & Henry St,4789,40.6867443,-73.99063168,40.69760127,-73.99344559,member
1174521,CCC8995B2ADB7A94,classic_bike,2021-08-23 19:52:41,2021-08-23 20:00:34,Bergen St & Smith St,4446,Clark St & Henry St,4789,40.6867443,-73.99063168,40.69760127,-73.99344559,member
1174531,75C8F9D37A86937E,classic_bike,2021-08-19 19:22:51,2021-08-19 19:38:22,Lispenard St & Broadway,5391,Clark St & Henry St,4789,40.71939226,-74.00247214,40.69760127,-73.99344559,member
1174535,0DB1C7621B820594,classic_bike,2021-08-04 17:11:28,2021-08-04 17:36:18,Pulaski St & Marcus Garvey Blvd,4656,Clark St & Henry St,4789,40.6933982,-73.939877,40.69760127,-73.99344559,member
1174571,40DA7058A1D72C4D,classic_bike,2021-08-07 13:04:56,2021-08-07 13:34:43,Milton St & Franklin St,5752,Clark St & Henry St,4789,40.72906,-73.95779,40.69760127,-73.99344559,member
1174573,F9F16769B36B01F4,electric_bike,2021-08-29 16:01:13,2021-08-29 16:21:44,E 13 St & Avenue A,5779,Clark St & Henry St,4789,40.72966729392978,-73.98067966103554,40.69760127,-73.99344559,member
1174597,0D2882BCE4DDA321,classic_bike,2021-08-11 18:20:57,2021-08-11 18:44:26,W 21 St & 6 Ave,6140,Clark St & Henry St,4789,40.74173969,-73.99415556,40.69760127,-73.99344559,member
1174609,DB59BF6F01566E46,classic_bike,2021-08-11 18:01:22,2021-08-11 18:23:46,Lafayette Ave & Fort Greene Pl,4395,Clark St & Henry St,4789,40.68691865,-73.976682,40.69760127,-73.99344559,member
1174624,80B9282CF380433E,classic_bike,2021-08-04 12:09:11,2021-08-04 12:16:15,Johnson St & Gold St,4668,Clark St & Henry St,4789,40.69474881,-73.98362464,40.69760127,-73.99344559,member
1174625,34AA07ACC4AA64B3,classic_bike,2021-08-18 20:38:56,2021-08-18 20:47:26,Johnson St & Gold St,4668,Clark St & Henry St,4789,40.69474881,-73.98362464,40.69760127,-73.99344559,member
1174631,DFD01F61F7576D28,electric_bike,2021-08-06 15:57:21,2021-08-06 16:17:45,Broadway & Battery Pl,4962,Clark St & Henry St,4789,40.70463334,-74.01361706,40.69760127,-73.99344559,member
1174632,AD5A93FB3DF1C13D,electric_bike,2021-08-06 22:15:49,2021-08-06 22:32:03,Albany St & Greenwich St,5145,Clark St & Henry St,4789,40.709267,-74.013247,40.69760127,-73.99344559,member
1174649,5F3363E072400785,classic_bike,2021-08-09 15:45:58,2021-08-09 15:51:49,Henry St & Atlantic Ave,4531,Clark St & Henry St,4789,40.69089272,-73.99612349,40.69760127,-73.99344559,member
1174650,02EBC3E26E549899,classic_bike,2021-08-15 23:32:38,2021-08-15 23:38:41,Henry St & Atlantic Ave,4531,Clark St & Henry St,4789,40.69089272,-73.99612349,40.69760127,-73.99344559,member
1174652,0693A9166A95214E,classic_bike,2021-08-08 14:23:15,2021-08-08 14:28:53,Henry St & Atlantic Ave,4531,Clark St & Henry St,4789,40.69089272,-73.99612349,40.69760127,-73.99344559,member
1174657,77DF80B2BF435950,classic_bike,2021-08-20 13:01:33,2021-08-20 13:13:24,Sands St Gate,4812,Clark St & Henry St,4789,40.699569,-73.979827,40.69760127,-73.99344559,member
1174670,6BE4463F0D3A8883,classic_bike,2021-08-09 09:28:44,2021-08-09 10:24:26,E 76 St & Park Ave,7128,Clark St & Henry St,4789,40.773763,-73.96222088,40.69760127,-73.99344559,member
1174673,3DC3DF20EA902F5C,classic_bike,2021-08-17 07:31:51,2021-08-17 07:51:37,5 Ave & 3 St,3987,Clark St & Henry St,4789,40.6728155,-73.98352355,40.69760127,-73.99344559,member
1174676,6EB0CBBD685C59BA,classic_bike,2021-08-12 07:28:15,2021-08-12 07:46:55,5 Ave & 3 St,3987,Clark St & Henry St,4789,40.6728155,-73.98352355,40.69760127,-73.99344559,member
1174680,EB7D9113CD793F7B,classic_bike,2021-08-05 07:27:11,2021-08-05 07:46:57,5 Ave & 3 St,3987,Clark St & Henry St,4789,40.6728155,-73.98352355,40.69760127,-73.99344559,member
1174703,621ECA1B21BD8752,classic_bike,2021-08-03 20:48:54,2021-08-03 20:58:09,Schermerhorn St & Bond St,4479,Clark St & Henry St,4789,40.688417427540834,-73.98451656103134,40.69760127,-73.99344559,member
1174709,4E84902FF831ACC5,classic_bike,2021-08-12 20:25:13,2021-08-12 20:35:18,Schermerhorn St & Bond St,4479,Clark St & Henry St,4789,40.688417427540834,-73.98451656103134,40.69760127,-73.99344559,member
1174712,85F0E5BFD2AE1956,classic_bike,2021-08-31 09:21:03,2021-08-31 09:24:00,Montague St & Clinton St,4677,Clark St & Henry St,4789,40.6942715,-73.9923272,40.69760127,-73.99344559,member
1174714,4E9C0FA20B492C83,electric_bike,2021-08-03 22:19:02,2021-08-03 22:21:24,Montague St & Clinton St,4677,Clark St & Henry St,4789,40.6942715,-73.9923272,40.69760127,-73.99344559,member
1174715,4CE5BF599ABAE7E3,electric_bike,2021-08-31 18:52:04,2021-08-31 18:58:04,Sands St Gate,4812,Clark St & Henry St,4789,40.699569,-73.979827,40.69760127,-73.99344559,member
1174725,8A806AE185FA393E,classic_bike,2021-08-18 23:08:05,2021-08-18 23:14:30,Bridge St & York St,4853,Clark St & Henry St,4789,40.70133448066992,-73.98471236228943,40.69760127,-73.99344559,member
1174727,D3C4B162218EC5AA,classic_bike,2021-08-24 20:07:25,2021-08-24 20:16:31,Bridge St & York St,4853,Clark St & Henry St,4789,40.70133448066992,-73.98471236228943,40.69760127,-73.99344559,member
1174728,1ADEBEA8A9D8706F,electric_bike,2021-08-05 23:35:50,2021-08-06 08:03:29,West Drive & Prospect Park West,3651,Clark St & Henry St,4789,40.6610633719006,-73.97945255041122,40.69760127,-73.99344559,member
1174740,DC05892F1B478C1C,classic_bike,2021-08-30 18:54:09,2021-08-30 19:24:03,E 48 St & 3 Ave,6541,Clark St & Henry St,4789,40.7546011026,-73.971878855,40.69760127,-73.99344559,member
1174743,7DB1D4AA59554958,electric_bike,2021-08-02 15:39:04,2021-08-02 16:07:59,E 39 St & Lexington Ave,6389,Clark St & Henry St,4789,40.7494985460252,-73.97729203113158,40.69760127,-73.99344559,member
1174756,AE7F5E05A7C13A60,classic_bike,2021-08-01 12:16:21,2021-08-01 12:22:33,Johnson St & Gold St,4668,Clark St & Henry St,4789,40.69474881,-73.98362464,40.69760127,-73.99344559,member
1174762,D1002F54107A93DA,classic_bike,2021-08-14 12:01:35,2021-08-14 12:16:43,Bergen St & 4 Ave,4322,Clark St & Henry St,4789,40.68256425759694,-73.9798977971077,40.69760127,-73.99344559,member
1174764,BBE10218929B0B93,classic_bike,2021-08-17 21:05:36,2021-08-17 21:26:31,Broadway & Battery Pl,4962,Clark St & Henry St,4789,40.70463334,-74.01361706,40.69760127,-73.99344559,member
1174765,22F2C13B198F4789,classic_bike,2021-08-25 18:41:03,2021-08-25 19:00:02,Broadway & Battery Pl,4962,Clark St & Henry St,4789,40.70463334,-74.01361706,40.69760127,-73.99344559,member
1174768,4DC9058A033E7CE4,classic_bike,2021-08-27 21:55:06,2021-08-27 21:57:32,Montague St & Clinton St,4677,Clark St & Henry St,4789,40.6942715,-73.9923272,40.69760127,-73.99344559,member
1174769,9C7FFBC01241CB15,classic_bike,2021-08-10 12:55:32,2021-08-10 12:58:43,Montague St & Clinton St,4677,Clark St & Henry St,4789,40.6942715,-73.9923272,40.69760127,-73.99344559,member
1174771,D34C68583EA231CD,classic_bike,2021-08-16 18:47:03,2021-08-16 19:12:30,Washington St & Gansevoort St,6039,Clark St & Henry St,4789,40.739323,-74.008119,40.69760127,-73.99344559,member
1174775,6CFAC9C93DBE4EDA,electric_bike,2021-08-31 08:49:14,2021-08-31 09:02:46,Smith St & 9 St,4077,Clark St & Henry St,4789,40.6746957,-73.99785768,40.69760127,-73.99344559,member
1174782,533AF2DE9BF35A95,classic_bike,2021-08-16 22:49:07,2021-08-16 22:52:08,Montague St & Clinton St,4677,Clark St & Henry St,4789,40.6942715,-73.9923272,40.69760127,-73.99344559,member
1174787,61663DF8EF24FACE,electric_bike,2021-08-31 17:11:31,2021-08-31 17:18:25,Bergen St & Smith St,4446,Clark St & Henry St,4789,40.6867443,-73.99063168,40.69760127,-73.99344559,member
1174811,E1921A9CF8F178CA,classic_bike,2021-08-12 09:22:05,2021-08-12 09:24:09,Montague St & Clinton St,4677,Clark St & Henry St,4789,40.6942715,-73.9923272,40.69760127,-73.99344559,member
1174816,BE2047A1393BA08A,classic_bike,2021-08-28 23:46:30,2021-08-28 23:52:39,Bridge St & York St,4853,Clark St & Henry St,4789,40.70133448066992,-73.98471236228943,40.69760127,-73.99344559,casual
1174827,7547429B233A6FEA,classic_bike,2021-08-06 00:09:04,2021-08-06 00:13:48,Henry St & Atlantic Ave,4531,Clark St & Henry St,4789,40.69089272,-73.99612349,40.69760127,-73.99344559,member
1174830,44801C846078073F,electric_bike,2021-08-25 14:53:56,2021-08-25 15:00:14,Bergen St & Smith St,4446,Clark St & Henry St,4789,40.6867443,-73.99063168,40.69760127,-73.99344559,member
1174833,E04B568E30F4A854,classic_bike,2021-08-27 13:56:24,2021-08-27 14:09:27,Carroll St & Smith St,4225,Clark St & Henry St,4789,40.680611,-73.99475825,40.69760127,-73.99344559,member
1174835,CB4CB1C28EDB31AA,classic_bike,2021-08-17 21:05:58,2021-08-17 21:17:33,Bergen St & Smith St,4446,Clark St & Henry St,4789,40.6867443,-73.99063168,40.69760127,-73.99344559,member
1174851,A1399FEEDA5FDB08,classic_bike,2021-08-29 16:58:23,2021-08-29 17:06:01,Jay St & Tech Pl,4710,Clark St & Henry St,4789,40.695065,-73.987167,40.69760127,-73.99344559,member
1174862,16227CDD1F21D2DC,electric_bike,2021-08-29 09:07:00,2021-08-29 09:39:42,West Drive & Prospect Park West,3651,Clark St & Henry St,4789,40.6610633719006,-73.97945255041122,40.69760127,-73.99344559,member
1174864,2DC8E504841D2A2C,classic_bike,2021-08-03 09:37:03,2021-08-03 09:50:42,Carroll St & Columbia St,4348,Clark St & Henry St,4789,40.6830456,-74.00348559,40.69760127,-73.99344559,member
1174878,E76A868710FE3A44,classic_bike,2021-08-31 15:09:23,2021-08-31 15:15:20,Jay St & Tech Pl,4710,Clark St & Henry St,4789,40.695065,-73.987167,40.69760127,-73.99344559,member
1174884,86D34DEADA5D3FEA,classic_bike,2021-08-13 18:19:51,2021-08-13 18:25:11,Jay St & Tech Pl,4710,Clark St & Henry St,4789,40.695065,-73.987167,40.69760127,-73.99344559,member
1174885,3F118524BE30E7E6,electric_bike,2021-08-20 00:58:10,2021-08-20 01:02:17,Jay St & Tech Pl,4710,Clark St & Henry St,4789,40.695065,-73.987167,40.69760127,-73.99344559,member
1174886,3087749AD0769527,electric_bike,2021-08-22 00:40:07,2021-08-22 00:46:29,Jay St & Tech Pl,4710,Clark St & Henry St,4789,40.695065,-73.987167,40.69760127,-73.99344559,member
1174890,8FCEAD72EB4F7687,classic_bike,2021-08-25 15:00:31,2021-08-25 15:05:04,Jay St & Tech Pl,4710,Clark St & Henry St,4789,40.695065,-73.987167,40.69760127,-73.99344559,member
1174898,E2F1196BDC59D4D0,classic_bike,2021-08-24 23:16:20,2021-08-24 23:24:07,Jay St & Tech Pl,4710,Clark St & Henry St,4789,40.695065,-73.987167,40.69760127,-73.99344559,member
1174899,CB740C6AE151EA3A,electric_bike,2021-08-25 14:50:49,2021-08-25 14:54:30,Jay St & Tech Pl,4710,Clark St & Henry St,4789,40.695065,-73.987167,40.69760127,-73.99344559,member
1174900,603156276265409E,classic_bike,2021-08-23 14:54:54,2021-08-23 14:58:40,Jay St & Tech Pl,4710,Clark St & Henry St,4789,40.695065,-73.987167,40.69760127,-73.99344559,member
1174901,6758653D308A78E3,classic_bike,2021-08-23 18:49:19,2021-08-23 18:55:15,Jay St & Tech Pl,4710,Clark St & Henry St,4789,40.695065,-73.987167,40.69760127,-73.99344559,member
1174902,58E7E6103C257096,classic_bike,2021-08-22 22:28:24,2021-08-22 22:35:44,Jay St & Tech Pl,4710,Clark St & Henry St,4789,40.695065,-73.987167,40.69760127,-73.99344559,member
1174903,7A17676FA4A41A7C,classic_bike,2021-08-27 19:39:28,2021-08-27 19:44:59,Jay St & Tech Pl,4710,Clark St & Henry St,4789,40.695065,-73.987167,40.69760127,-73.99344559,member
1174904,6FB8DE6A4DDAC697,classic_bike,2021-08-19 17:11:03,2021-08-19 17:15:10,Jay St & Tech Pl,4710,Clark St & Henry St,4789,40.695065,-73.987167,40.69760127,-73.99344559,member
1174905,0BD59B52102C6A80,classic_bike,2021-08-04 19:33:15,2021-08-04 19:38:51,Jay St & Tech Pl,4710,Clark St & Henry St,4789,40.695065,-73.987167,40.69760127,-73.99344559,member
1174907,0866ADC5484479D5,classic_bike,2021-08-25 23:22:01,2021-08-25 23:30:58,Jay St & Tech Pl,4710,Clark St & Henry St,4789,40.695065,-73.987167,40.69760127,-73.99344559,member
1174908,58F0588DC0B09ACD,classic_bike,2021-08-31 00:48:59,2021-08-31 00:55:03,Jay St & Tech Pl,4710,Clark St & Henry St,4789,40.695065,-73.987167,40.69760127,-73.99344559,member
1174909,CF25101BD4D735D2,classic_bike,2021-08-29 17:13:05,2021-08-29 17:17:04,Jay St & Tech Pl,4710,Clark St & Henry St,4789,40.695065,-73.987167,40.69760127,-73.99344559,member
1174913,9170AA773B148EBB,electric_bike,2021-08-11 11:52:18,2021-08-11 12:01:49,Richards St & Delavan St,4202,Clark St & Henry St,4789,40.6794327,-74.00785041,40.69760127,-73.99344559,member
1174914,A1E9CE40A660299B,classic_bike,2021-08-29 13:43:10,2021-08-29 13:51:10,Jay St & Tech Pl,4710,Clark St & Henry St,4789,40.695065,-73.987167,40.69760127,-73.99344559,member
1174915,5A9BF149B0A68BB8,classic_bike,2021-08-21 14:37:48,2021-08-21 14:46:00,Jay St & Tech Pl,4710,Clark St & Henry St,4789,40.695065,-73.987167,40.69760127,-73.99344559,member
1174922,9F1FC8A7C0AFD232,classic_bike,2021-08-10 14:46:19,2021-08-10 14:50:30,Henry St & Atlantic Ave,4531,Clark St & Henry St,4789,40.69089272,-73.99612349,40.69760127,-73.99344559,member
1174927,FB50FF3D2855382F,classic_bike,2021-08-19 20:57:00,2021-08-19 21:02:34,Henry St & Atlantic Ave,4531,Clark St & Henry St,4789,40.69089272,-73.99612349,40.69760127,-73.99344559,member
1174931,853C04CA566C5673,electric_bike,2021-08-30 18:20:12,2021-08-30 18:28:52,Bergen St & Smith St,4446,Clark St & Henry St,4789,40.6867443,-73.99063168,40.69760127,-73.99344559,member
1174932,21BC275893DFD380,classic_bike,2021-08-24 08:20:36,2021-08-24 08:27:52,Bergen St & Smith St,4446,Clark St & Henry St,4789,40.6867443,-73.99063168,40.69760127,-73.99344559,member
1174933,6663D4C38157BAB8,classic_bike,2021-08-23 19:34:33,2021-08-23 19:42:05,Bergen St & Smith St,4446,Clark St & Henry St,4789,40.6867443,-73.99063168,40.69760127,-73.99344559,member
1174936,31FD6D41C22D0568,classic_bike,2021-08-13 19:02:37,2021-08-13 19:07:52,Jay St & Tech Pl,4710,Clark St & Henry St,4789,40.695065,-73.987167,40.69760127,-73.99344559,member
1174955,055A3EA1D944C598,classic_bike,2021-08-13 22:55:00,2021-08-13 23:07:03,Bergen St & Smith St,4446,Clark St & Henry St,4789,40.6867443,-73.99063168,40.69760127,-73.99344559,member
1174960,BAADB0357FBD2294,classic_bike,2021-08-24 13:19:12,2021-08-24 13:29:40,Bergen St & Smith St,4446,Clark St & Henry St,4789,40.6867443,-73.99063168,40.69760127,-73.99344559,member
1174964,701F30D0EB3C5B71,classic_bike,2021-08-02 13:17:33,2021-08-02 13:27:16,Bergen St & Smith St,4446,Clark St & Henry St,4789,40.6867443,-73.99063168,40.69760127,-73.99344559,casual
1174978,AFB64C06374EBA87,classic_bike,2021-08-26 17:08:56,2021-08-26 17:13:34,Jay St & Tech Pl,4710,Clark St & Henry St,4789,40.695065,-73.987167,40.69760127,-73.99344559,member
1174979,18B143AC29C897F9,electric_bike,2021-08-27 18:53:52,2021-08-27 19:05:09,Spruce St & Nassau St,5137,Clark St & Henry St,4789,40.71146364,-74.00552427,40.69760127,-73.99344559,member
1175023,F2B36B1CD6BE6DDD,classic_bike,2021-08-11 10:32:01,2021-08-11 10:53:30,Bedford Ave & Bergen St,4066,Clark St & Henry St,4789,40.676368,-73.952918,40.69760127,-73.99344559,member
1175028,86CB46D3258665EE,classic_bike,2021-08-09 17:43:39,2021-08-09 17:54:49,Montague St & Clinton St,4677,Clark St & Henry St,4789,40.6942715,-73.9923272,40.69760127,-73.99344559,member
1175035,E995ECB3B5A7BBFE,electric_bike,2021-08-26 18:33:25,2021-08-26 18:38:52,Jay St & Tech Pl,4710,Clark St & Henry St,4789,40.695065,-73.987167,40.69760127,-73.99344559,member
1175036,09C7A09C25417184,electric_bike,2021-08-24 12:03:13,2021-08-24 12:17:17,Jay St & Tech Pl,4710,Clark St & Henry St,4789,40.695065,-73.987167,40.69760127,-73.99344559,member
1175037,8DDD4493A691CE2D,classic_bike,2021-08-24 18:12:09,2021-08-24 18:16:59,Jay St & Tech Pl,4710,Clark St & Henry St,4789,40.695065,-73.987167,40.69760127,-73.99344559,member
1175053,094E813CC6181F4C,classic_bike,2021-08-02 13:45:36,2021-08-02 14:01:33,Clark St & Henry St,4789,Clark St & Henry St,4789,40.69760127,-73.99344559,40.69760127,-73.99344559,member
1175062,69D6602A147112C5,electric_bike,2021-08-24 21:38:57,2021-08-24 22:02:58,Clark St & Henry St,4789,Clark St & Henry St,4789,40.69760127,-73.99344559,40.69760127,-73.99344559,member
1175070,C6B77045612BFA5F,classic_bike,2021-08-09 01:58:56,2021-08-09 02:05:55,Clark St & Henry St,4789,Clark St & Henry St,4789,40.69760127,-73.99344559,40.69760127,-73.99344559,member
1175106,F87BCF683820531B,classic_bike,2021-08-02 07:57:49,2021-08-02 08:20:33,Clark St & Henry St,4789,Clark St & Henry St,4789,40.69760127,-73.99344559,40.69760127,-73.99344559,member
1175121,F747C10D5BEB9837,classic_bike,2021-08-29 11:44:37,2021-08-29 11:44:46,Clark St & Henry St,4789,Clark St & Henry St,4789,40.69760127,-73.99344559,40.69760127,-73.99344559,member
1175122,5196DEE62C98D275,electric_bike,2021-08-10 22:27:57,2021-08-10 22:28:31,Clark St & Henry St,4789,Clark St & Henry St,4789,40.69760127,-73.99344559,40.69760127,-73.99344559,member
1175137,AFB3E39C88592B1E,classic_bike,2021-08-14 18:15:39,2021-08-14 18:19:55,Jay St & Tech Pl,4710,Clark St & Henry St,4789,40.695065,-73.987167,40.69760127,-73.99344559,member
1175138,5DF39DAFCB49C38C,classic_bike,2021-08-29 16:57:46,2021-08-29 17:07:09,Jay St & Tech Pl,4710,Clark St & Henry St,4789,40.695065,-73.987167,40.69760127,-73.99344559,member
1175150,7F8DD118A516AA83,classic_bike,2021-08-07 13:02:55,2021-08-07 13:09:13,Warren St & Court St,4413,Clark St & Henry St,4789,40.686371,-73.99383324,40.69760127,-73.99344559,member
1175160,1A8603F33447D087,classic_bike,2021-08-04 14:17:19,2021-08-04 14:27:38,DeKalb Ave & Vanderbilt Ave,4461,Clark St & Henry St,4789,40.68940747,-73.96885458,40.69760127,-73.99344559,member
1175164,AD6DAB261966905A,classic_bike,2021-08-27 08:22:21,2021-08-27 08:31:56,Carroll St & Columbia St,4348,Clark St & Henry St,4789,40.6830456,-74.00348559,40.69760127,-73.99344559,member
1175190,7DDE474474369684,classic_bike,2021-08-13 20:42:58,2021-08-13 20:48:45,Front St & Washington St,4936,Clark St & Henry St,4789,40.70255088,-73.98940236,40.69760127,-73.99344559,member
1175195,94D0C1983B6C4658,classic_bike,2021-08-24 16:00:45,2021-08-24 16:12:27,Bergen St & Smith St,4446,Clark St & Henry St,4789,40.6867443,-73.99063168,40.69760127,-73.99344559,member
1175196,E70B5A2809D7B88B,classic_bike,2021-08-27 17:52:52,2021-08-27 18:04:06,Bergen St & Smith St,4446,Clark St & Henry St,4789,40.6867443,-73.99063168,40.69760127,-73.99344559,member
1175197,F13240B52E218CD3,classic_bike,2021-08-27 02:16:26,2021-08-27 02:28:31,Bergen St & Smith St,4446,Clark St & Henry St,4789,40.6867443,-73.99063168,40.69760127,-73.99344559,member
1175202,47ACB2FB4C0FB24C,classic_bike,2021-08-17 18:18:35,2021-08-17 18:38:21,6 Ave & 12 St,3803,Clark St & Henry St,4789,40.6663181,-73.9854617,40.69760127,-73.99344559,member
1175212,5A2C377E575D8F67,electric_bike,2021-08-16 17:16:31,2021-08-16 17:20:07,Front St & Washington St,4936,Clark St & Henry St,4789,40.70255088,-73.98940236,40.69760127,-73.99344559,casual
1175217,ACFADFC372590C31,classic_bike,2021-08-25 19:36:03,2021-08-25 19:50:08,Lispenard St & Broadway,5391,Clark St & Henry St,4789,40.71939226,-74.00247214,40.69760127,-73.99344559,member
1175227,5DB2E61363EF772E,docked_bike,2021-08-13 19:56:20,2021-08-13 20:02:24,Front St & Washington St,4936,Clark St & Henry St,4789,40.702551,-73.989402,40.697601,-73.993446,casual
1175233,9233DC7624C34877,electric_bike,2021-08-15 02:09:00,2021-08-15 02:19:07,Canal St & Rutgers St,5303,Clark St & Henry St,4789,40.71427487,-73.98990025,40.69760127,-73.99344559,member
1175252,0F7522AB79C03075,classic_bike,2021-08-18 08:48:35,2021-08-18 09:00:58,Carroll St & Columbia St,4348,Clark St & Henry St,4789,40.6830456,-74.00348559,40.69760127,-73.99344559,member
1175262,11A9BBA45C282FC3,classic_bike,2021-08-10 07:31:03,2021-08-10 07:49:29,5 Ave & 3 St,3987,Clark St & Henry St,4789,40.6728155,-73.98352355,40.69760127,-73.99344559,member
1175275,E82D5D47A3061F59,classic_bike,2021-08-28 01:08:20,2021-08-28 01:40:31,W 15 St & 7 Ave,6030,Clark St & Henry St,4789,40.73935542,-73.99931783,40.69760127,-73.99344559,member
1175279,DC2C48A671AEDCB0,classic_bike,2021-08-04 12:02:16,2021-08-04 12:13:06,Front St & Gold St,4927,Clark St & Henry St,4789,40.70224,-73.982578,40.69760127,-73.99344559,member
1175282,9EB739932038A07F,classic_bike,2021-08-23 17:10:16,2021-08-23 17:16:25,Johnson St & Gold St,4668,Clark St & Henry St,4789,40.69474881,-73.98362464,40.69760127,-73.99344559,member
1175294,B25840E4CF01F699,classic_bike,2021-08-17 14:41:54,2021-08-17 15:38:58,Milton St & Franklin St,5752,Clark St & Henry St,4789,40.72906,-73.95779,40.69760127,-73.99344559,casual
1175296,3DA6F6C7726BFE7B,electric_bike,2021-08-09 13:02:59,2021-08-09 13:12:43,Pioneer St & Van Brunt St,4169,Clark St & Henry St,4789,40.679043,-74.011169,40.69760127,-73.99344559,member
1175309,A71E4F70C1701F2C,electric_bike,2021-08-31 20:41:52,2021-08-31 20:59:46,Broadway & Battery Pl,4962,Clark St & Henry St,4789,40.70463334,-74.01361706,40.69760127,-73.99344559,member
1175311,B3AE5E98F55AE7FB,classic_bike,2021-08-26 09:04:33,2021-08-26 09:11:04,Johnson St & Gold St,4668,Clark St & Henry St,4789,40.69474881,-73.98362464,40.69760127,-73.99344559,member
1175348,178C0B91C601C826,classic_bike,2021-08-12 08:49:19,2021-08-12 09:01:20,Myrtle Ave & St Edwards St,4659,Clark St & Henry St,4789,40.69327018,-73.97703874,40.69760127,-73.99344559,member
1175361,35956A2D5C66C23A,classic_bike,2021-08-06 13:06:38,2021-08-06 13:21:01,23 St & 3 Ave,3707,Clark St & Henry St,4789,40.662611,-73.998623,40.69760127,-73.99344559,member
1175386,AB6835A87D7FAE3D,classic_bike,2021-08-18 11:43:01,2021-08-18 12:04:07,Bergen St & Vanderbilt Ave,4157,Clark St & Henry St,4789,40.6794388,-73.9680438,40.69760127,-73.99344559,member
1175394,05AD732FD55BDDAC,classic_bike,2021-08-14 10:42:12,2021-08-14 11:02:38,Lafayette St & E 8 St,5788,Clark St & Henry St,4789,40.73020660529954,-73.99102628231049,40.69760127,-73.99344559,member
1175408,2C68F327D52CA70C,classic_bike,2021-08-21 18:39:22,2021-08-21 18:51:04,Hanson Pl & Ashland Pl,4395,Clark St & Henry St,4789,40.68506807308177,-73.97790759801863,40.69760127,-73.99344559,member
1175414,15A0F1E892022E46,classic_bike,2021-08-31 13:01:34,2021-08-31 13:22:30,Atlantic Ave & Fort Greene Pl,4354,Clark St & Henry St,4789,40.68382604,-73.97632328,40.69760127,-73.99344559,member
1175430,224E3DEEC2396DB4,electric_bike,2021-08-03 18:42:15,2021-08-03 18:57:34,W Broadway & W Houston St,5644,Clark St & Henry St,4789,40.726378,-74.000472,40.69760127,-73.99344559,member
1175439,75CAEFE4E6F74A05,classic_bike,2021-08-13 14:59:53,2021-08-13 15:13:13,Carroll St & Columbia St,4348,Clark St & Henry St,4789,40.6830456,-74.00348559,40.69760127,-73.99344559,member
1175446,8BAE05958EED7DEA,classic_bike,2021-08-02 16:25:42,2021-08-02 16:28:17,Montague St & Clinton St,4677,Clark St & Henry St,4789,40.6942715,-73.9923272,40.69760127,-73.99344559,member
1175447,F26FEDD04A57B159,classic_bike,2021-08-06 09:57:49,2021-08-06 10:00:39,Montague St & Clinton St,4677,Clark St & Henry St,4789,40.6942715,-73.9923272,40.69760127,-73.99344559,member
1175479,9B3331D26E314713,electric_bike,2021-08-24 18:58:31,2021-08-24 19:28:51,Perry St & Bleecker St,5922,Clark St & Henry St,4789,40.73535398,-74.00483091,40.69760127,-73.99344559,member
1175490,47FDCB09732A479B,classic_bike,2021-08-30 12:51:14,2021-08-30 13:17:17,Wythe Ave & Metropolitan Ave,5348,Clark St & Henry St,4789,40.716887,-73.963198,40.69760127,-73.99344559,member
1175503,9C8446196BC8B1F9,classic_bike,2021-08-16 08:37:37,2021-08-16 08:52:36,Carroll St & Columbia St,4348,Clark St & Henry St,4789,40.6830456,-74.00348559,40.69760127,-73.99344559,member
1175509,365E84E775232ECE,classic_bike,2021-08-11 18:54:05,2021-08-11 19:06:12,Sands St Gate,4812,Clark St & Henry St,4789,40.699569,-73.979827,40.69760127,-73.99344559,casual
1175519,80E54055BF4252F5,electric_bike,2021-08-10 15:24:20,2021-08-10 15:51:24,E 40 St & 5 Ave,6474,Clark St & Henry St,4789,40.752062307,-73.9816324043,40.69760127,-73.99344559,member
1175546,9E913A6DD9D91C7C,classic_bike,2021-08-26 18:35:15,2021-08-26 18:55:04,West St & Chambers St,5329,Clark St & Henry St,4789,40.71754834,-74.01322069,40.69760127,-73.99344559,member
1175562,0BF6C99FBACEE8CA,classic_bike,2021-08-27 09:11:00,2021-08-27 09:30:55,Wythe Ave & Metropolitan Ave,5348,Clark St & Henry St,4789,40.716887,-73.963198,40.69760127,-73.99344559,member
1175617,1388AD70403571D3,classic_bike,2021-08-24 07:24:51,2021-08-24 07:45:16,5 Ave & 3 St,3987,Clark St & Henry St,4789,40.6728155,-73.98352355,40.69760127,-73.99344559,member
1175618,6E4BEA89BE08A00F,classic_bike,2021-08-23 15:10:08,2021-08-23 15:18:22,Carroll St & Columbia St,4348,Clark St & Henry St,4789,40.6830456,-74.00348559,40.69760127,-73.99344559,member
1175619,691DBEFC5A8D37CB,classic_bike,2021-08-01 14:15:45,2021-08-01 14:36:59,Van Brunt St & Van Dyke St,4095,Clark St & Henry St,4789,40.6758329439129,-74.01472628116608,40.69760127,-73.99344559,member
1175640,13BE4BEFB7D7B774,classic_bike,2021-08-17 21:19:01,2021-08-17 21:45:01,Lafayette St & E 8 St,5788,Clark St & Henry St,4789,40.73020660529954,-73.99102628231049,40.69760127,-73.99344559,casual
1175650,AB5F9B2F59FD5D55,classic_bike,2021-08-13 09:15:50,2021-08-13 09:21:30,Atlantic Ave & Furman St,4614,Clark St & Henry St,4789,40.69165183,-73.9999786,40.69760127,-73.99344559,member
1175651,D56BBBD3F292B14A,classic_bike,2021-08-16 08:05:14,2021-08-16 08:10:55,Atlantic Ave & Furman St,4614,Clark St & Henry St,4789,40.69165183,-73.9999786,40.69760127,-73.99344559,member
1175657,1EB40E50CC469448,classic_bike,2021-08-18 16:23:54,2021-08-18 16:31:20,Atlantic Ave & Furman St,4614,Clark St & Henry St,4789,40.69165183,-73.9999786,40.69760127,-73.99344559,member
1175658,8520FF8C7130796E,classic_bike,2021-08-20 13:11:49,2021-08-20 13:34:16,Washington Pl & 6 Ave,5838,Clark St & Henry St,4789,40.73224119,-74.00026394,40.69760127,-73.99344559,member
1175688,57FDB7D640649EAC,classic_bike,2021-08-25 11:26:22,2021-08-25 11:30:16,Henry St & Remsen St,4645,Clark St & Henry St,4789,40.69400964865994,-73.99465128779411,40.69760127,-73.99344559,member
1175705,32A7E0EE0FA7AC77,electric_bike,2021-08-31 18:10:31,2021-08-31 20:05:47,Myrtle Ave & Linden St,4816,Clark St & Henry St,4789,40.69943,-73.91337,40.69760127,-73.99344559,casual
1175713,60CE0183F0FA6132,classic_bike,2021-08-14 15:00:57,2021-08-14 15:19:06,Willoughby Ave & Walworth St,4634,Clark St & Henry St,4789,40.69331716,-73.95381995,40.69760127,-73.99344559,member
1175743,DA9E88B8F32EE5C5,electric_bike,2021-08-04 09:06:43,2021-08-04 09:26:26,N 11 St & Kent Ave,5489,Clark St & Henry St,4789,40.72248188638219,-73.95921930670738,40.69760127,-73.99344559,casual
1175745,573C7D513DFC41B2,classic_bike,2021-08-16 21:31:22,2021-08-16 21:43:05,Degraw St & Hoyt St,4258,Clark St & Henry St,4789,40.68199044270703,-73.99079024791718,40.69760127,-73.99344559,member
1175758,45637179EF7CF06A,classic_bike,2021-08-20 08:12:49,2021-08-20 08:16:31,Henry St & Remsen St,4645,Clark St & Henry St,4789,40.69400964865994,-73.99465128779411,40.69760127,-73.99344559,member
1175760,A7BB77469E34E690,classic_bike,2021-08-18 18:17:12,2021-08-18 18:22:37,Henry St & Remsen St,4645,Clark St & Henry St,4789,40.69400964865994,-73.99465128779411,40.69760127,-73.99344559,member
1175769,C259595E57DB03A9,electric_bike,2021-08-17 17:49:39,2021-08-17 18:05:38,W Broadway & W Houston St,5644,Clark St & Henry St,4789,40.726378,-74.000472,40.69760127,-73.99344559,member
1175780,128FB187044F947B,classic_bike,2021-08-01 19:21:31,2021-08-01 19:37:23,Coffey St & Conover St,4137,Clark St & Henry St,4789,40.677236,-74.015665,40.69760127,-73.99344559,member
1175781,C417F171A05685D6,classic_bike,2021-08-25 19:41:48,2021-08-25 20:06:30,Coffey St & Conover St,4137,Clark St & Henry St,4789,40.677236,-74.015665,40.69760127,-73.99344559,member
1175802,75231EADC45CBD1E,electric_bike,2021-08-27 22:17:29,2021-08-27 22:28:53,Clinton St\t& Cherry St,5190,Clark St & Henry St,4789,40.711471394469264,-73.98672603070736,40.69760127,-73.99344559,member
1175805,65483578B8B8D2CC,classic_bike,2021-08-08 18:23:32,2021-08-08 18:31:36,Boerum Pl\t& Pacific St,4488,Clark St & Henry St,4789,40.68848905639242,-73.99116039276123,40.69760127,-73.99344559,casual
1175807,8FB9541E02D17F18,classic_bike,2021-08-23 15:22:14,2021-08-23 15:30:18,Boerum Pl\t& Pacific St,4488,Clark St & Henry St,4789,40.68848905639242,-73.99116039276123,40.69760127,-73.99344559,casual
1175810,1EF66E2475459486,classic_bike,2021-08-09 16:40:09,2021-08-09 17:03:33,Bedford Ave & Bergen St,4066,Clark St & Henry St,4789,40.676368,-73.952918,40.69760127,-73.99344559,member
1175855,6A3BEF03033445E4,classic_bike,2021-08-19 17:47:36,2021-08-19 18:00:36,Pioneer St & Van Brunt St,4169,Clark St & Henry St,4789,40.679043,-74.011169,40.69760127,-73.99344559,member
1175866,B984BA0EC74442E1,classic_bike,2021-08-06 06:58:37,2021-08-06 07:17:09,Prospect Park SW & 10 Ave,3611,Clark St & Henry St,4789,40.659945,-73.977504,40.69760127,-73.99344559,member
1175870,823761FF313A00D2,classic_bike,2021-08-24 16:59:31,2021-08-24 17:35:14,Congress St & Hicks St,4497,Clark St & Henry St,4789,40.6893952,-73.9995126,40.69760127,-73.99344559,member
1175892,BDD6C47B33FF224D,classic_bike,2021-08-12 08:47:16,2021-08-12 08:54:00,Bond St & Fulton St,4479,Clark St & Henry St,4789,40.68962188790333,-73.98304268717766,40.69760127,-73.99344559,member
1175893,3E21902B0743B6BC,electric_bike,2021-08-01 10:25:24,2021-08-01 10:38:06,4 Ave & 17 St,3739,Clark St & Henry St,4789,40.665507,-73.993037,40.69760127,-73.99344559,member
1175906,D99EDE83677F1414,classic_bike,2021-08-23 18:01:47,2021-08-23 18:05:54,Henry St & Remsen St,4645,Clark St & Henry St,4789,40.69400964865994,-73.99465128779411,40.69760127,-73.99344559,member
1175914,3AD7CF8433030E3D,classic_bike,2021-08-30 13:03:14,2021-08-30 13:16:24,Hanson Pl & Ashland Pl,4395,Clark St & Henry St,4789,40.68506807308177,-73.97790759801863,40.69760127,-73.99344559,member
1175915,D7889A714A81FC4F,classic_bike,2021-08-24 15:48:43,2021-08-24 16:03:06,Hanson Pl & Ashland Pl,4395,Clark St & Henry St,4789,40.68506807308177,-73.97790759801863,40.69760127,-73.99344559,member
1175926,CD9EDA40A160347A,classic_bike,2021-08-13 15:37:20,2021-08-13 15:43:40,Front St & Washington St,4936,Clark St & Henry St,4789,40.70255088,-73.98940236,40.69760127,-73.99344559,member
1175929,C6DD21D9D37E4731,classic_bike,2021-08-02 09:35:54,2021-08-02 09:37:52,Cadman Plaza E & Tillary St,4677,Clark St & Henry St,4789,40.69597683,-73.99014892,40.69760127,-73.99344559,member
1175930,37373E121731C86C,classic_bike,2021-08-19 14:02:12,2021-08-19 14:17:40,Stanton St & Chrystie St,5523,Clark St & Henry St,4789,40.72229346,-73.99147535,40.69760127,-73.99344559,member
1175931,CC45BD69E4309F4E,electric_bike,2021-08-15 02:25:38,2021-08-15 03:10:16,Stanton St & Chrystie St,5523,Clark St & Henry St,4789,40.72229346,-73.99147535,40.69760127,-73.99344559,member
1175935,2A986AA5C9811C12,classic_bike,2021-08-07 20:12:18,2021-08-07 20:17:03,Front St & Washington St,4936,Clark St & Henry St,4789,40.70255088,-73.98940236,40.69760127,-73.99344559,member
1175956,A28656978F90D0F3,electric_bike,2021-08-31 22:54:56,2021-08-31 22:59:52,Boerum Pl\t& Pacific St,4488,Clark St & Henry St,4789,40.68848905639242,-73.99116039276123,40.69760127,-73.99344559,member
1175961,53464C5F71D275B0,electric_bike,2021-08-29 19:58:57,2021-08-29 20:30:34,Clark St & Henry St,4789,Clark St & Henry St,4789,40.69760127,-73.99344559,40.69760127,-73.99344559,member
1175964,0F1DC2F270A16F3D,electric_bike,2021-08-30 10:27:11,2021-08-30 10:27:53,Clark St & Henry St,4789,Clark St & Henry St,4789,40.69760127,-73.99344559,40.69760127,-73.99344559,member
1175967,7F53A2B69D3B68DB,classic_bike,2021-08-04 16:28:26,2021-08-04 16:53:08,Clark St & Henry St,4789,Clark St & Henry St,4789,40.69760127,-73.99344559,40.69760127,-73.99344559,member
1175969,AC42DAB785561ABE,classic_bike,2021-08-16 11:06:22,2021-08-16 11:16:52,Clark St & Henry St,4789,Clark St & Henry St,4789,40.69760127,-73.99344559,40.69760127,-73.99344559,member
1175976,9A1D42C5122246E0,classic_bike,2021-08-01 18:11:41,2021-08-01 18:18:55,Clark St & Henry St,4789,Clark St & Henry St,4789,40.69760127,-73.99344559,40.69760127,-73.99344559,member
1175977,228823D9F69CA573,classic_bike,2021-08-11 09:01:18,2021-08-11 09:01:20,Clark St & Henry St,4789,Clark St & Henry St,4789,40.69760127,-73.99344559,40.69760127,-73.99344559,member
1175987,E0BB4D361335676A,classic_bike,2021-08-16 14:27:10,2021-08-16 14:33:40,Boerum Pl\t& Pacific St,4488,Clark St & Henry St,4789,40.68848905639242,-73.99116039276123,40.69760127,-73.99344559,casual
1175992,1455A01ACE7BA82F,classic_bike,2021-08-14 21:40:01,2021-08-14 21:47:57,Boerum Pl\t& Pacific St,4488,Clark St & Henry St,4789,40.68848905639242,-73.99116039276123,40.69760127,-73.99344559,casual
1175993,6D088FE3D60FD041,classic_bike,2021-08-15 01:36:13,2021-08-15 01:45:00,Boerum Pl\t& Pacific St,4488,Clark St & Henry St,4789,40.68848905639242,-73.99116039276123,40.69760127,-73.99344559,casual
1175996,A17D8094090776ED,classic_bike,2021-08-14 12:36:10,2021-08-14 12:45:00,Boerum Pl\t& Pacific St,4488,Clark St & Henry St,4789,40.68848905639242,-73.99116039276123,40.69760127,-73.99344559,casual
1175997,AEB61A99D6563AE0,classic_bike,2021-08-03 22:28:45,2021-08-03 22:46:37,Mott St & Prince St,5561,Clark St & Henry St,4789,40.72317958,-73.99480012,40.69760127,-73.99344559,casual
1175998,C4F591B3E7D4C775,classic_bike,2021-08-24 08:14:59,2021-08-24 08:57:51,Clark St & Henry St,4789,Clark St & Henry St,4789,40.69760127,-73.99344559,40.69760127,-73.99344559,member
1176019,27FD307FFEFF0D9B,classic_bike,2021-08-01 11:09:50,2021-08-01 11:11:39,Clark St & Henry St,4789,Clark St & Henry St,4789,40.69760127,-73.99344559,40.69760127,-73.99344559,member
1176040,39E160A6AE648EA1,electric_bike,2021-08-07 00:49:47,2021-08-07 01:14:15,Huron St & Franklin St,5869,Clark St & Henry St,4789,40.73266,-73.95826,40.69760127,-73.99344559,member
1176050,927C15704C86BA6F,electric_bike,2021-08-07 11:32:27,2021-08-07 11:32:43,Clark St & Henry St,4789,Clark St & Henry St,4789,40.69760127,-73.99344559,40.69760127,-73.99344559,member
1176059,4B54604D1860B1DB,classic_bike,2021-08-28 18:07:24,2021-08-28 18:48:11,Clark St & Henry St,4789,Clark St & Henry St,4789,40.69760127,-73.99344559,40.69760127,-73.99344559,casual
1176078,071D3467A55A7BB7,electric_bike,2021-08-09 10:32:31,2021-08-09 13:07:35,Jay St & Tech Pl,4710,Clark St & Henry St,4789,40.695065,-73.987167,40.69760127,-73.99344559,casual
1176083,0D64760967A9EAF5,classic_bike,2021-08-27 19:34:09,2021-08-27 19:39:24,Jay St & Tech Pl,4710,Clark St & Henry St,4789,40.695065,-73.987167,40.69760127,-73.99344559,member
1176085,0F8CC7DB771A56F7,classic_bike,2021-08-31 15:23:52,2021-08-31 15:32:04,Jay St & Tech Pl,4710,Clark St & Henry St,4789,40.695065,-73.987167,40.69760127,-73.99344559,member
1176089,BD9805649F860095,classic_bike,2021-08-05 16:10:34,2021-08-05 16:14:26,Jay St & Tech Pl,4710,Clark St & Henry St,4789,40.695065,-73.987167,40.69760127,-73.99344559,member
1176093,69C8F76E9CAFA65D,classic_bike,2021-08-12 21:25:39,2021-08-12 21:32:07,Bond St & Fulton St,4479,Clark St & Henry St,4789,40.68962188790333,-73.98304268717766,40.69760127,-73.99344559,member
1176094,4B93237BF412CAB6,classic_bike,2021-08-03 12:43:48,2021-08-03 12:58:09,Bond St & Fulton St,4479,Clark St & Henry St,4789,40.68962188790333,-73.98304268717766,40.69760127,-73.99344559,member
1176136,AE80145F1B18866D,classic_bike,2021-08-21 13:40:42,2021-08-21 13:52:54,Bond St & Fulton St,4479,Clark St & Henry St,4789,40.68962188790333,-73.98304268717766,40.69760127,-73.99344559,member
1176158,1C3FF50E8243D65D,classic_bike,2021-08-24 09:53:51,2021-08-24 10:10:22,Pioneer St & Van Brunt St,4169,Clark St & Henry St,4789,40.679043,-74.011169,40.69760127,-73.99344559,member
1176164,89922D6EDF7A681D,classic_bike,2021-08-17 20:12:15,2021-08-17 20:18:45,Congress St & Hicks St,4497,Clark St & Henry St,4789,40.6893952,-73.9995126,40.69760127,-73.99344559,member
1176165,884B0D32B4A15036,classic_bike,2021-08-17 08:27:48,2021-08-17 08:34:47,Congress St & Hicks St,4497,Clark St & Henry St,4789,40.6893952,-73.9995126,40.69760127,-73.99344559,member
1176188,DE63164FF22B8E17,classic_bike,2021-08-06 22:00:27,2021-08-06 22:32:55,Jefferson St & Cypress Ave,5082,Clark St & Henry St,4789,40.70907,-73.92157,40.69760127,-73.99344559,member
1176189,7480B43559A06A13,classic_bike,2021-08-26 20:34:32,2021-08-26 21:06:10,Jefferson St & Cypress Ave,5082,Clark St & Henry St,4789,40.70907,-73.92157,40.69760127,-73.99344559,member
1176193,DB6C31B5872F6FFA,classic_bike,2021-08-18 12:35:17,2021-08-18 12:48:40,Carroll St & Columbia St,4348,Clark St & Henry St,4789,40.6830456,-74.00348559,40.69760127,-73.99344559,member
1176197,8B30A337EDDBEABD,electric_bike,2021-08-26 17:01:10,2021-08-26 17:14:09,Market St & Henry St,5270,Clark St & Henry St,4789,40.71310702305908,-73.99446353316307,40.69760127,-73.99344559,member
1176198,0CD7E1CEE30EE283,electric_bike,2021-08-23 08:47:51,2021-08-23 08:58:54,Van Brunt St & Van Dyke St,4095,Clark St & Henry St,4789,40.6758329439129,-74.01472628116608,40.69760127,-73.99344559,casual
1176199,E9A3E2C737CAC103,classic_bike,2021-08-25 09:48:19,2021-08-25 10:00:09,Carroll St & Columbia St,4348,Clark St & Henry St,4789,40.6830456,-74.00348559,40.69760127,-73.99344559,member
1176201,7842275CD648B098,classic_bike,2021-08-18 22:24:23,2021-08-18 22:39:01,Carroll St & Columbia St,4348,Clark St & Henry St,4789,40.6830456,-74.00348559,40.69760127,-73.99344559,member
1176203,406573AACA23A4AA,classic_bike,2021-08-09 13:54:31,2021-08-09 14:03:55,Carroll St & Columbia St,4348,Clark St & Henry St,4789,40.6830456,-74.00348559,40.69760127,-73.99344559,member
1176210,C57A251E2980439E,classic_bike,2021-08-16 07:37:32,2021-08-16 07:55:21,5 Ave & 3 St,3987,Clark St & Henry St,4789,40.6728155,-73.98352355,40.69760127,-73.99344559,member
1176211,B192957B3AB92881,classic_bike,2021-08-19 07:19:32,2021-08-19 07:41:13,5 Ave & 3 St,3987,Clark St & Henry St,4789,40.6728155,-73.98352355,40.69760127,-73.99344559,member
1176213,DA314ADE2F3B40C5,classic_bike,2021-08-04 10:12:10,2021-08-04 10:18:28,Front St & Washington St,4936,Clark St & Henry St,4789,40.70255088,-73.98940236,40.69760127,-73.99344559,member
1176214,D8232A5B600821BD,classic_bike,2021-08-12 09:06:46,2021-08-12 09:13:54,Front St & Washington St,4936,Clark St & Henry St,4789,40.70255088,-73.98940236,40.69760127,-73.99344559,member
1176220,A1A17C1D563482FF,electric_bike,2021-08-19 17:26:22,2021-08-19 17:42:17,MacDougal St & Prince St,5687,Clark St & Henry St,4789,40.72710258,-74.00297088,40.69760127,-73.99344559,member
1176231,7D3B28C16EF06E45,electric_bike,2021-08-25 10:33:15,2021-08-25 11:13:27,Laight St & Hudson St,5539,Clark St & Henry St,4789,40.72185379,-74.00771779,40.69760127,-73.99344559,member
1176264,30D795958934E353,electric_bike,2021-08-16 08:14:06,2021-08-16 08:31:39,Hanson Pl & Ashland Pl,4395,Clark St & Henry St,4789,40.68506807308177,-73.97790759801863,40.69760127,-73.99344559,member
1176271,F6E1243C6CE5DEA4,classic_bike,2021-08-25 08:15:30,2021-08-25 08:22:51,Bergen St & Smith St,4446,Clark St & Henry St,4789,40.6867443,-73.99063168,40.69760127,-73.99344559,member
1176274,A789AED251EC6320,electric_bike,2021-08-08 13:47:07,2021-08-08 14:01:52,Lafayette St & Jersey St,5561,Clark St & Henry St,4789,40.72456089,-73.99565293,40.69760127,-73.99344559,member
1176292,B8198C0592F81189,classic_bike,2021-08-18 17:29:56,2021-08-18 17:36:35,Congress St & Hicks St,4497,Clark St & Henry St,4789,40.6893952,-73.9995126,40.69760127,-73.99344559,member
1176303,0FA858B7ADF541D8,electric_bike,2021-08-13 07:46:32,2021-08-13 07:55:10,Bond St & Fulton St,4479,Clark St & Henry St,4789,40.68962188790333,-73.98304268717766,40.69760127,-73.99344559,member
1176309,3A5E9220278FA74A,electric_bike,2021-08-03 20:52:07,2021-08-03 21:24:45,E 10 St & Avenue A,5659,Clark St & Henry St,4789,40.72740794,-73.98142006,40.69760127,-73.99344559,member
1176320,D4896B2C5CF14D85,classic_bike,2021-08-11 13:11:35,2021-08-11 13:20:02,Carroll St & Columbia St,4348,Clark St & Henry St,4789,40.6830456,-74.00348559,40.69760127,-73.99344559,member
1176335,C5F4803B1DD079E5,electric_bike,2021-08-21 14:10:36,2021-08-21 14:30:04,Bleecker St & Crosby St,5679,Clark St & Henry St,4789,40.72615604980408,-73.99510189890862,40.69760127,-73.99344559,member
1176336,E4F53DFA59FB9175,classic_bike,2021-08-06 12:17:33,2021-08-06 12:26:58,Cadman Plaza E & Tillary St,4677,Clark St & Henry St,4789,40.69597683,-73.99014892,40.69760127,-73.99344559,member
1176337,793A4E9FE4E5BA0F,classic_bike,2021-08-07 17:28:47,2021-08-07 17:31:35,Cadman Plaza E & Tillary St,4677,Clark St & Henry St,4789,40.69597683,-73.99014892,40.69760127,-73.99344559,member
1176338,0815743CCD7903DB,classic_bike,2021-08-07 17:12:59,2021-08-07 17:15:14,Cadman Plaza E & Tillary St,4677,Clark St & Henry St,4789,40.69597683,-73.99014892,40.69760127,-73.99344559,member
1176339,C24801845ECEF62F,classic_bike,2021-08-07 17:41:30,2021-08-07 17:43:36,Cadman Plaza E & Tillary St,4677,Clark St & Henry St,4789,40.69597683,-73.99014892,40.69760127,-73.99344559,member
1176342,8754BB59B415C8FC,classic_bike,2021-08-09 08:26:58,2021-08-09 08:29:30,Cadman Plaza E & Tillary St,4677,Clark St & Henry St,4789,40.69597683,-73.99014892,40.69760127,-73.99344559,member
1176345,60428CE01170F15C,classic_bike,2021-08-19 08:19:44,2021-08-19 08:25:58,Congress St & Hicks St,4497,Clark St & Henry St,4789,40.6893952,-73.9995126,40.69760127,-73.99344559,member
1176355,A0F8E112C9406D22,classic_bike,2021-08-23 19:18:11,2021-08-23 19:25:21,Congress St & Hicks St,4497,Clark St & Henry St,4789,40.6893952,-73.9995126,40.69760127,-73.99344559,member
1176371,5510D7758B9C516A,classic_bike,2021-08-25 13:00:04,2021-08-25 13:12:57,Bergen St & Smith St,4446,Clark St & Henry St,4789,40.6867443,-73.99063168,40.69760127,-73.99344559,casual
1176373,7C278C3CB6117C85,classic_bike,2021-08-13 22:55:23,2021-08-13 23:07:37,Bergen St & Smith St,4446,Clark St & Henry St,4789,40.6867443,-73.99063168,40.69760127,-73.99344559,casual
1176374,27EE259AA943BFEA,electric_bike,2021-08-05 01:24:14,2021-08-05 01:43:20,University Pl & E 14 St,5905,Clark St & Henry St,4789,40.734814,-73.992085,40.69760127,-73.99344559,member
1176380,A740F8F5884C0014,classic_bike,2021-08-12 12:16:44,2021-08-12 12:52:31,W 42 St & 8 Ave,6602,Clark St & Henry St,4789,40.7575699,-73.99098507,40.69760127,-73.99344559,member
1176410,86AE3AB27062781F,classic_bike,2021-08-18 00:41:20,2021-08-18 01:08:49,Irving Ave & Jefferson St,5051,Clark St & Henry St,4789,40.70538,-73.92535,40.69760127,-73.99344559,member
1176449,9C8ED434FD6575BA,classic_bike,2021-08-24 17:14:30,2021-08-24 17:57:16,W 42 St & 6 Ave,6517,Clark St & Henry St,4789,40.75492,-73.98455,40.69760127,-73.99344559,member
1176490,1E6B161FF3B7F95A,electric_bike,2021-08-21 09:41:00,2021-08-21 10:04:26,Bushwick Ave & Stagg St,5140,Clark St & Henry St,4789,40.709897,-73.94008,40.69760127,-73.99344559,casual
1176538,ACC86DC997708187,docked_bike,2021-08-04 16:33:31,2021-08-04 16:55:53,Carroll St & 5 Ave,4060,Clark St & Henry St,4789,40.675162,-73.981483,40.697601,-73.993446,casual
1176551,9DD822D6F9C70B0C,classic_bike,2021-08-18 18:23:37,2021-08-18 18:31:04,Front St & Washington St,4936,Clark St & Henry St,4789,40.70255088,-73.98940236,40.69760127,-73.99344559,member
1176560,E9AC1683350BFE63,classic_bike,2021-08-24 08:59:56,2021-08-24 09:13:27,Pioneer St & Van Brunt St,4169,Clark St & Henry St,4789,40.679043,-74.011169,40.69760127,-73.99344559,member
1176562,E748C43729E9A622,classic_bike,2021-08-20 11:08:32,2021-08-20 11:19:40,Pioneer St & Van Brunt St,4169,Clark St & Henry St,4789,40.679043,-74.011169,40.69760127,-73.99344559,member
1176580,901CB2D9E16FC0CB,classic_bike,2021-08-06 19:44:11,2021-08-06 20:15:16,E 10 St & Avenue A,5659,Clark St & Henry St,4789,40.72740794,-73.98142006,40.69760127,-73.99344559,member
1176582,6BE215B423A191EA,classic_bike,2021-08-20 09:16:47,2021-08-20 09:36:36,Bleecker St & Crosby St,5679,Clark St & Henry St,4789,40.72615604980408,-73.99510189890862,40.69760127,-73.99344559,member
1176599,C62D49B08DB28FC6,classic_bike,2021-08-20 20:22:35,2021-08-20 20:28:19,Old Fulton St,4903,Clark St & Henry St,4789,40.70277159,-73.99383605,40.69760127,-73.99344559,member
1176601,72548A09EC5F4955,classic_bike,2021-08-04 23:42:10,2021-08-04 23:47:25,Old Fulton St,4903,Clark St & Henry St,4789,40.70277159,-73.99383605,40.69760127,-73.99344559,member
1176608,9200184522C3DB3F,electric_bike,2021-08-25 21:41:23,2021-08-25 22:15:21,E 81 St & 2 Ave,7121,Clark St & Henry St,4789,40.77477944895728,-73.95427465438843,40.69760127,-73.99344559,member
1176611,82FEFD20966D240B,classic_bike,2021-08-16 10:57:28,2021-08-16 11:06:57,Carroll St & Columbia St,4348,Clark St & Henry St,4789,40.6830456,-74.00348559,40.69760127,-73.99344559,member
1176617,2227FE9F366690DD,electric_bike,2021-08-08 09:21:24,2021-08-08 09:36:33,1 Ave & E 6 St,5626,Clark St & Henry St,4789,40.72633085971696,-73.98616880178452,40.69760127,-73.99344559,member
1176635,9C3BEBC054653A3B,classic_bike,2021-08-04 21:04:50,2021-08-04 21:22:10,5 Ave & 3 St,3987,Clark St & Henry St,4789,40.6728155,-73.98352355,40.69760127,-73.99344559,member
1176637,960E0D726D777D31,classic_bike,2021-08-13 16:04:44,2021-08-13 16:15:43,Bridge St & York St,4853,Clark St & Henry St,4789,40.70133448066992,-73.98471236228943,40.69760127,-73.99344559,member
1176640,A4623B94F77ACC2A,classic_bike,2021-08-26 16:34:20,2021-08-26 16:45:51,Bridge St & York St,4853,Clark St & Henry St,4789,40.70133448066992,-73.98471236228943,40.69760127,-73.99344559,member
1176647,F9888A0811EC454A,classic_bike,2021-08-24 16:05:34,2021-08-24 16:18:00,Dock 72 Way & Market St,4804,Clark St & Henry St,4789,40.69985,-73.97141,40.69760127,-73.99344559,member
1176649,EA215A0EA4BE73E2,electric_bike,2021-08-16 19:34:44,2021-08-16 19:44:27,Bond St & Fulton St,4479,Clark St & Henry St,4789,40.68962188790333,-73.98304268717766,40.69760127,-73.99344559,member
1176662,D0A89798E7B64E04,classic_bike,2021-08-09 20:17:14,2021-08-09 20:20:32,Old Fulton St,4903,Clark St & Henry St,4789,40.70277159,-73.99383605,40.69760127,-73.99344559,member
1176667,155F6D2203851654,classic_bike,2021-08-25 16:59:10,2021-08-25 17:36:47,Jefferson St & Cypress Ave,5082,Clark St & Henry St,4789,40.70907,-73.92157,40.69760127,-73.99344559,member
1176681,04256FEF55BE0AF0,classic_bike,2021-08-06 20:07:53,2021-08-06 20:26:18,Marcy Ave & Lafayette Ave,4476,Clark St & Henry St,4789,40.6900815,-73.947915,40.69760127,-73.99344559,member
1176700,0D6029F9FBBFCCE7,classic_bike,2021-08-17 19:39:41,2021-08-17 19:55:04,Washington Ave & Park Ave,4724,Clark St & Henry St,4789,40.69610226,-73.96751037,40.69760127,-73.99344559,member
1176720,714A49C816E7FC72,electric_bike,2021-08-31 21:20:11,2021-08-31 21:25:00,Bergen St & Smith St,4446,Clark St & Henry St,4789,40.6867443,-73.99063168,40.69760127,-73.99344559,member
1176731,4DFE0BDFAC8A8FDE,classic_bike,2021-08-17 19:59:54,2021-08-17 20:29:30,Eastern Pkwy & Washington Ave,3928,Clark St & Henry St,4789,40.6716493,-73.9631145,40.69760127,-73.99344559,casual
1176735,FE1853BA3BD5DC3E,classic_bike,2021-08-26 19:48:19,2021-08-26 19:56:42,Bergen St & Smith St,4446,Clark St & Henry St,4789,40.6867443,-73.99063168,40.69760127,-73.99344559,member
1176736,406658CFDB7D60C1,classic_bike,2021-08-19 21:26:21,2021-08-19 21:35:49,Carroll St & Smith St,4225,Clark St & Henry St,4789,40.680611,-73.99475825,40.69760127,-73.99344559,member
1176739,B919A1684A7C5C57,classic_bike,2021-08-20 16:58:13,2021-08-20 17:10:23,Bergen St & Smith St,4446,Clark St & Henry St,4789,40.6867443,-73.99063168,40.69760127,-73.99344559,member
1176743,29CA8FC578A652A2,classic_bike,2021-08-28 15:32:58,2021-08-28 15:44:30,Carroll St & Smith St,4225,Clark St & Henry St,4789,40.680611,-73.99475825,40.69760127,-73.99344559,casual
1176748,E3B73367D5EF65E3,classic_bike,2021-08-02 21:53:12,2021-08-02 22:08:52,Lafayette St & Jersey St,5561,Clark St & Henry St,4789,40.72456089,-73.99565293,40.69760127,-73.99344559,member
1176749,A5E5AFB7DF6565C5,classic_bike,2021-08-28 11:44:00,2021-08-28 12:04:29,Plaza St East & Flatbush Ave,4010,Clark St & Henry St,4789,40.673134,-73.969106,40.69760127,-73.99344559,member
1176766,87798DAC79BF1C90,classic_bike,2021-08-19 12:17:37,2021-08-19 12:26:40,Bergen St & Smith St,4446,Clark St & Henry St,4789,40.6867443,-73.99063168,40.69760127,-73.99344559,casual
1176771,07D0B917D658652A,classic_bike,2021-08-24 14:49:43,2021-08-24 14:59:49,Dock 72 Way & Market St,4804,Clark St & Henry St,4789,40.69985,-73.97141,40.69760127,-73.99344559,member
1176777,F7C399BC2E9FFE1A,classic_bike,2021-08-30 15:00:12,2021-08-30 15:13:23,Carroll St & Columbia St,4348,Clark St & Henry St,4789,40.6830456,-74.00348559,40.69760127,-73.99344559,member
1176779,ED0EAFD24A8905D3,classic_bike,2021-08-10 19:02:02,2021-08-10 19:14:06,Henry St & W 9 St,4086,Clark St & Henry St,4789,40.6763744,-74.00324957,40.69760127,-73.99344559,member
1176781,5F7CA1E91732EED2,classic_bike,2021-08-05 14:21:28,2021-08-05 14:26:11,Old Fulton St,4903,Clark St & Henry St,4789,40.70277159,-73.99383605,40.69760127,-73.99344559,member
1176785,C0F2E4CE888A9E2A,classic_bike,2021-08-12 23:25:11,2021-08-12 23:50:05,N 11 St & Kent Ave,5489,Clark St & Henry St,4789,40.72248188638219,-73.95921930670738,40.69760127,-73.99344559,member
1176792,D194767A202932E2,classic_bike,2021-08-01 19:12:00,2021-08-01 19:24:27,Hanson Pl & Ashland Pl,4395,Clark St & Henry St,4789,40.68506807308177,-73.97790759801863,40.69760127,-73.99344559,member
1176799,659B0CEFA46F62EA,electric_bike,2021-08-10 17:05:37,2021-08-10 17:09:34,Old Fulton St,4903,Clark St & Henry St,4789,40.70277159,-73.99383605,40.69760127,-73.99344559,member
1176803,C4D5D6AF751E9491,electric_bike,2021-08-25 17:02:20,2021-08-25 17:04:56,Old Fulton St,4903,Clark St & Henry St,4789,40.70277159,-73.99383605,40.69760127,-73.99344559,member
1176816,585D8D2B6598CA3F,classic_bike,2021-08-28 15:42:09,2021-08-28 15:54:18,Bergen St & Smith St,4446,Clark St & Henry St,4789,40.6867443,-73.99063168,40.69760127,-73.99344559,member
1176818,E09B5552AC44910B,classic_bike,2021-08-07 22:11:55,2021-08-07 22:22:53,Carroll St & Smith St,4225,Clark St & Henry St,4789,40.680611,-73.99475825,40.69760127,-73.99344559,member
1176840,89BA566C8E2B81AA,electric_bike,2021-08-24 19:22:45,2021-08-24 19:25:56,Old Fulton St,4903,Clark St & Henry St,4789,40.70277159,-73.99383605,40.69760127,-73.99344559,member
1176845,CFCCCA977FFF11EC,electric_bike,2021-08-15 17:22:38,2021-08-15 17:27:08,Old Fulton St,4903,Clark St & Henry St,4789,40.70277159,-73.99383605,40.69760127,-73.99344559,member
1176849,2717D26336C1E62F,classic_bike,2021-08-07 15:37:14,2021-08-07 15:46:03,Old Fulton St,4903,Clark St & Henry St,4789,40.70277159,-73.99383605,40.69760127,-73.99344559,member
1176868,178455A985E35FBA,classic_bike,2021-08-17 08:36:53,2021-08-17 08:46:20,Carroll St & Columbia St,4348,Clark St & Henry St,4789,40.6830456,-74.00348559,40.69760127,-73.99344559,member
1176869,A7940739937AAA17,classic_bike,2021-08-09 07:28:55,2021-08-09 07:51:06,5 Ave & 3 St,3987,Clark St & Henry St,4789,40.6728155,-73.98352355,40.69760127,-73.99344559,member
1176870,9806D0580A791B57,classic_bike,2021-08-02 07:34:28,2021-08-02 07:53:13,5 Ave & 3 St,3987,Clark St & Henry St,4789,40.6728155,-73.98352355,40.69760127,-73.99344559,member
1176871,3648897A189E8510,classic_bike,2021-08-08 09:35:59,2021-08-08 09:54:07,Carroll St & Columbia St,4348,Clark St & Henry St,4789,40.6830456,-74.00348559,40.69760127,-73.99344559,member
1176880,37FFA2DB9E927FCF,docked_bike,2021-08-14 09:49:40,2021-08-14 10:10:48,Lafayette St & Jersey St,5561,Clark St & Henry St,4789,40.724561,-73.995653,40.697601,-73.993446,casual
1176889,062D33F9F1875826,electric_bike,2021-08-30 14:45:41,2021-08-30 15:11:59,Bergen St & Smith St,4446,Clark St & Henry St,4789,40.6867443,-73.99063168,40.69760127,-73.99344559,casual
1176897,806CBF1CA22AB1A0,classic_bike,2021-08-31 20:13:00,2021-08-31 20:38:28,E 17 St & Broadway,5980,Clark St & Henry St,4789,40.73704984,-73.99009296,40.69760127,-73.99344559,member
1176909,6C0F052A01D11751,classic_bike,2021-08-08 10:40:51,2021-08-08 11:19:50,N 11 St & Kent Ave,5489,Clark St & Henry St,4789,40.72248188638219,-73.95921930670738,40.69760127,-73.99344559,member
1176928,233998CBEA5100EA,classic_bike,2021-08-28 20:49:30,2021-08-28 20:59:43,Bergen St & Smith St,4446,Clark St & Henry St,4789,40.6867443,-73.99063168,40.69760127,-73.99344559,member
1176929,1316FE8FB0D18270,classic_bike,2021-08-28 20:20:18,2021-08-28 20:29:27,Bergen St & Smith St,4446,Clark St & Henry St,4789,40.6867443,-73.99063168,40.69760127,-73.99344559,member
1176936,FC3D20DC74D30C2B,classic_bike,2021-08-08 14:55:50,2021-08-08 15:05:24,Old Fulton St,4903,Clark St & Henry St,4789,40.70277159,-73.99383605,40.69760127,-73.99344559,member
1176939,2FE881A5D03F356C,classic_bike,2021-08-02 12:38:37,2021-08-02 13:04:29,Old Fulton St,4903,Clark St & Henry St,4789,40.70277159,-73.99383605,40.69760127,-73.99344559,casual
1176971,703CB4BDA8331C64,classic_bike,2021-08-23 17:38:59,2021-08-23 17:53:48,Atlantic Ave & Furman St,4614,Clark St & Henry St,4789,40.69165183,-73.9999786,40.69760127,-73.99344559,member
1176972,D5729795D75DFA8A,electric_bike,2021-08-07 14:14:59,2021-08-07 14:27:25,Atlantic Ave & Furman St,4614,Clark St & Henry St,4789,40.69165183,-73.9999786,40.69760127,-73.99344559,casual
1176973,768972DAA826B064,classic_bike,2021-08-19 10:04:02,2021-08-19 10:14:14,Atlantic Ave & Furman St,4614,Clark St & Henry St,4789,40.69165183,-73.9999786,40.69760127,-73.99344559,casual
1177051,E3CBF6EBC218C020,classic_bike,2021-08-05 21:37:34,2021-08-05 21:41:58,Jay St & Tech Pl,4710,Clark St & Henry St,4789,40.695065,-73.987167,40.69760127,-73.99344559,member
1177052,778D3BCB3759DBF9,classic_bike,2021-08-15 01:55:09,2021-08-15 02:00:23,Jay St & Tech Pl,4710,Clark St & Henry St,4789,40.695065,-73.987167,40.69760127,-73.99344559,member
1177087,1AFE4F10A0039412,classic_bike,2021-08-07 16:53:47,2021-08-07 17:01:21,Front St & Washington St,4936,Clark St & Henry St,4789,40.70255088,-73.98940236,40.69760127,-73.99344559,member
1177088,1488D7F3DD772CA1,electric_bike,2021-08-08 18:01:01,2021-08-08 18:05:19,Front St & Washington St,4936,Clark St & Henry St,4789,40.70255088,-73.98940236,40.69760127,-73.99344559,member
1177387,6C07D1A592C946ED,classic_bike,2021-08-14 14:00:10,2021-08-14 14:07:38,Bergen St & Smith St,4446,Clark St & Henry St,4789,40.6867443,-73.99063168,40.69760127,-73.99344559,member
1177391,581D3F63D77C2260,electric_bike,2021-08-21 13:02:54,2021-08-21 13:19:52,Lafayette St & Jersey St,5561,Clark St & Henry St,4789,40.72456089,-73.99565293,40.69760127,-73.99344559,member
1177395,2E546255CF51BD79,electric_bike,2021-08-22 08:43:30,2021-08-22 08:49:56,Bergen St & Smith St,4446,Clark St & Henry St,4789,40.6867443,-73.99063168,40.69760127,-73.99344559,member
1177396,794FCE3F137D91CC,classic_bike,2021-08-21 21:12:25,2021-08-21 21:21:38,Bergen St & Smith St,4446,Clark St & Henry St,4789,40.6867443,-73.99063168,40.69760127,-73.99344559,member
1177398,87FF994DF11A85ED,classic_bike,2021-08-25 13:57:54,2021-08-25 14:13:50,Bergen St & Smith St,4446,Clark St & Henry St,4789,40.6867443,-73.99063168,40.69760127,-73.99344559,member
1177457,9603C4C4B494BE55,classic_bike,2021-08-31 15:14:10,2021-08-31 15:20:07,Bergen St & Smith St,4446,Clark St & Henry St,4789,40.6867443,-73.99063168,40.69760127,-73.99344559,member
1177666,5A7CD00191C6F422,electric_bike,2021-08-06 20:51:20,2021-08-06 20:55:36,Old Fulton St,4903,Clark St & Henry St,4789,40.70277159,-73.99383605,40.69760127,-73.99344559,member
1177681,CE93B88131C837F5,classic_bike,2021-08-21 20:25:11,2021-08-21 20:29:52,Old Fulton St,4903,Clark St & Henry St,4789,40.70277159,-73.99383605,40.69760127,-73.99344559,member
1178627,A6AFE0B6D5427209,electric_bike,2021-08-31 21:18:18,2021-08-31 21:23:43,Bond St & Fulton St,4479,Clark St & Henry St,4789,40.68962188790333,-73.98304268717766,40.69760127,-73.99344559,member
1179247,2247A84B0D488C57,classic_bike,2021-08-12 13:33:21,2021-08-12 13:39:21,Front St & Washington St,4936,Clark St & Henry St,4789,40.70255088,-73.98940236,40.69760127,-73.99344559,member
1179401,4E391D896F8C40EC,classic_bike,2021-08-10 02:17:04,2021-08-10 02:25:59,Boerum Pl\t& Pacific St,4488,Clark St & Henry St,4789,40.68848905639242,-73.99116039276123,40.69760127,-73.99344559,member
1179477,7616128E5EFA9186,electric_bike,2021-08-07 18:15:11,2021-08-07 18:19:27,Front St & Washington St,4936,Clark St & Henry St,4789,40.70255088,-73.98940236,40.69760127,-73.99344559,member
1179737,3E6FEEC072CED575,classic_bike,2021-08-25 08:49:58,2021-08-25 09:07:57,Clark St & Henry St,4789,E 5 St & Cooper Sq,5712,40.69760127,-73.99344559,40.72769,-73.990993,member
1179778,FC5C20462FC7375D,electric_bike,2021-08-31 13:42:35,2021-08-31 13:54:16,Clark St & Henry St,4789,DeKalb Ave & S Portland Ave,4546,40.69760127,-73.99344559,40.68981035,-73.97493121,member
1179788,8BBD321ABA72250F,electric_bike,2021-08-23 18:40:23,2021-08-23 18:54:20,Clark St & Henry St,4789,DeKalb Ave & S Portland Ave,4546,40.69760127,-73.99344559,40.68981035,-73.97493121,casual
1179794,3077D8B005E10373,electric_bike,2021-08-14 03:33:58,2021-08-14 03:52:44,Clark St & Henry St,4789,Lefferts Pl & Franklin Ave,4222,40.69760127,-73.99344559,40.680342423,-73.9557689392,casual
1179840,A5E33978AE63A5D0,electric_bike,2021-08-07 10:27:04,2021-08-07 10:53:33,Clark St & Henry St,4789,Morgan Ave & Maspeth Ave,5354,40.69760127,-73.99344559,40.716657,-73.93637,member
1182908,00FDB046C62C259A,electric_bike,2021-08-14 03:34:30,2021-08-14 03:52:41,Clark St & Henry St,4789,Lefferts Pl & Franklin Ave,4222,40.69760127,-73.99344559,40.680342423,-73.9557689392,casual
1189258,8EC02FE5519CB47A,classic_bike,2021-08-19 07:14:33,2021-08-19 07:41:23,Clark St & Henry St,4789,E 15 St & 3 Ave,5863,40.69760127,-73.99344559,40.734232,-73.986923,member
1189277,39C100964B5A8087,classic_bike,2021-08-01 13:50:39,2021-08-01 14:11:53,Clark St & Henry St,4789,E 15 St & 3 Ave,5863,40.69760127,-73.99344559,40.734232,-73.986923,member
1196104,82CEB7E4DEAEAF5A,classic_bike,2021-08-17 10:46:14,2021-08-17 10:55:53,Clark St & Henry St,4789,DeKalb Ave & S Portland Ave,4546,40.69760127,-73.99344559,40.68981035,-73.97493121,member
1199651,AC29B82282D40B24,electric_bike,2021-08-24 18:35:44,2021-08-24 18:47:01,Clark St & Henry St,4789,DeKalb Ave & S Portland Ave,4546,40.69760127,-73.99344559,40.68981035,-73.97493121,member
1199980,60B3EA45CFB9FE20,electric_bike,2021-08-27 06:36:01,2021-08-27 06:44:40,Clark St & Henry St,4789,DeKalb Ave & S Portland Ave,4546,40.69760127,-73.99344559,40.68981035,-73.97493121,member
1199997,32DFB85373316989,electric_bike,2021-08-02 16:11:47,2021-08-02 16:28:53,Clark St & Henry St,4789,N 6 St & Bedford Ave,5379,40.69760127,-73.99344559,40.71745169,-73.95850939,casual
1204042,9F47EDE686580A82,classic_bike,2021-08-10 09:46:28,2021-08-10 09:57:43,Clark St & Henry St,4789,DeKalb Ave & S Portland Ave,4546,40.69760127,-73.99344559,40.68981035,-73.97493121,member
1204043,6C419DFD3FE15DF0,classic_bike,2021-08-10 07:15:55,2021-08-10 07:28:28,Clark St & Henry St,4789,DeKalb Ave & S Portland Ave,4546,40.69760127,-73.99344559,40.68981035,-73.97493121,member
1204045,E43E873BD1BB49C7,classic_bike,2021-08-02 15:20:56,2021-08-02 16:30:29,Clark St & Henry St,4789,Lewis Ave & Madison St,4425,40.69760127,-73.99344559,40.686312,-73.935775,member
1204050,02DF5478F8E042B7,electric_bike,2021-08-09 18:59:31,2021-08-09 19:14:11,Clark St & Henry St,4789,14 St & 5 Ave,3771,40.69760127,-73.99344559,40.666287,-73.98895053,member
1209277,18999A67A051DDED,electric_bike,2021-08-11 14:05:50,2021-08-11 14:24:02,Clark St & Henry St,4789,DeKalb Ave & S Portland Ave,4546,40.69760127,-73.99344559,40.68981035,-73.97493121,casual
1209293,B0B552896A0C741A,classic_bike,2021-08-01 09:58:14,2021-08-01 10:09:28,Clark St & Henry St,4789,DeKalb Ave & S Portland Ave,4546,40.69760127,-73.99344559,40.68981035,-73.97493121,member
1211551,83D99FF24CB1EC60,electric_bike,2021-08-21 00:12:04,2021-08-21 00:27:44,Clark St & Henry St,4789,E 5 St & Cooper Sq,5712,40.69760127,-73.99344559,40.72769,-73.990993,member
1211915,FCB0B8F949D11598,electric_bike,2021-08-01 16:43:00,2021-08-01 18:06:14,Clark St & Henry St,4789,Riverside Dr & W 78 St,7340,40.69760127,-73.99344559,40.78414472,-73.98362492,member
1215887,C24C855A831D65BB,electric_bike,2021-08-16 12:30:14,2021-08-16 12:53:00,Clark St & Henry St,4789,Lewis Ave & Madison St,4425,40.69760127,-73.99344559,40.686312,-73.935775,member
1215899,813AB19072D9F661,classic_bike,2021-08-21 08:04:24,2021-08-21 08:18:39,Clark St & Henry St,4789,DeKalb Ave & S Portland Ave,4546,40.69760127,-73.99344559,40.68981035,-73.97493121,member
1215920,DED20CF3F3937FC8,classic_bike,2021-08-15 23:06:40,2021-08-15 23:32:11,Clark St & Henry St,4789,E 15 St & 3 Ave,5863,40.69760127,-73.99344559,40.734232,-73.986923,member
1227835,1D4FFF58B19E7829,classic_bike,2021-08-07 01:09:17,2021-08-07 01:30:05,Clark St & Henry St,4789,Lexington Ave & Classon Ave,4452,40.69760127,-73.99344559,40.68676793,-73.95928168,member
1227853,FA2F4AB78F991681,classic_bike,2021-08-07 15:20:19,2021-08-07 15:43:55,Clark St & Henry St,4789,Lexington Ave & Classon Ave,4452,40.69760127,-73.99344559,40.68676793,-73.95928168,member
1231343,8BE10F930B8E4F32,electric_bike,2021-08-06 17:35:57,2021-08-06 17:55:47,Clark St & Henry St,4789,Lexington Ave & Classon Ave,4452,40.69760127,-73.99344559,40.68676793,-73.95928168,casual
1231350,CCA94600FC8924AE,classic_bike,2021-08-11 07:44:46,2021-08-11 08:00:06,Clark St & Henry St,4789,Vesey Pl & River Terrace,5297,40.69760127,-73.99344559,40.7153379,-74.01658354,member
1231384,82E697928406F66F,classic_bike,2021-08-21 08:28:13,2021-08-21 08:48:55,Clark St & Henry St,4789,Vesey Pl & River Terrace,5297,40.69760127,-73.99344559,40.7153379,-74.01658354,member
1238954,AE911E8744CF4F12,electric_bike,2021-08-27 19:47:00,2021-08-27 20:23:34,Clark St & Henry St,4789,Broadway & W 58 St,6948,40.69760127,-73.99344559,40.76695317,-73.98169333,member
1239023,DF13FAE676C4EA12,classic_bike,2021-08-17 07:59:17,2021-08-17 08:12:01,Clark St & Henry St,4789,Vesey Pl & River Terrace,5297,40.69760127,-73.99344559,40.7153379,-74.01658354,member
1239043,E0289499AB57285D,classic_bike,2021-08-24 12:26:28,2021-08-24 13:07:02,Clark St & Henry St,4789,2 Ave & E 72 St,6925,40.69760127,-73.99344559,40.7687620293096,-73.95840793848038,member
1239050,6DECC60CBAF0F58C,electric_bike,2021-08-11 13:05:34,2021-08-11 13:29:50,Clark St & Henry St,4789,Vesey Pl & River Terrace,5297,40.69760127,-73.99344559,40.7153379,-74.01658354,member
1239051,FEC5212AAC922622,classic_bike,2021-08-04 18:56:11,2021-08-04 19:56:38,Clark St & Henry St,4789,9 Ave & W 45 St,6717,40.69760127,-73.99344559,40.76019252,-73.9912551,member
1239093,56282FB031BC3874,classic_bike,2021-08-18 07:31:26,2021-08-18 07:44:58,Clark St & Henry St,4789,Vesey Pl & River Terrace,5297,40.69760127,-73.99344559,40.7153379,-74.01658354,member
1250264,6C577CB571D050F3,classic_bike,2021-08-05 07:48:38,2021-08-05 08:05:01,Clark St & Henry St,4789,Vesey Pl & River Terrace,5297,40.69760127,-73.99344559,40.7153379,-74.01658354,member
1255644,7B4F67DC13B89BB3,classic_bike,2021-08-17 15:55:25,2021-08-17 16:19:40,Clark St & Henry St,4789,Lexington Ave & Classon Ave,4452,40.69760127,-73.99344559,40.68676793,-73.95928168,member
1256238,5E6BA5E925411627,classic_bike,2021-08-04 07:45:56,2021-08-04 07:59:51,Clark St & Henry St,4789,Vesey Pl & River Terrace,5297,40.69760127,-73.99344559,40.7153379,-74.01658354,member
1256873,6FFF110E950B4AD1,classic_bike,2021-08-12 07:54:56,2021-08-12 08:09:46,Clark St & Henry St,4789,Vesey Pl & River Terrace,5297,40.69760127,-73.99344559,40.7153379,-74.01658354,member
1257526,B2E4DD9E228C70C9,classic_bike,2021-08-03 07:51:57,2021-08-03 08:05:13,Clark St & Henry St,4789,Vesey Pl & River Terrace,5297,40.69760127,-73.99344559,40.7153379,-74.01658354,member
1259946,D7EEA27466B0DAF5,classic_bike,2021-08-05 19:56:17,2021-08-05 19:58:43,Clark St & Henry St,4789,Henry St & Remsen St,4645,40.69760127,-73.99344559,40.69400964865994,-73.99465128779411,member
1261109,A9F2905D07A0EB7D,classic_bike,2021-08-11 18:19:12,2021-08-11 18:22:14,Clark St & Henry St,4789,Henry St & Remsen St,4645,40.69760127,-73.99344559,40.69400964865994,-73.99465128779411,member
1261126,6A8216666A2D72BB,classic_bike,2021-08-28 01:52:10,2021-08-28 01:55:26,Clark St & Henry St,4789,Henry St & Remsen St,4645,40.69760127,-73.99344559,40.69400964865994,-73.99465128779411,member
1261128,B0B9ADFA149B7600,electric_bike,2021-08-12 10:58:25,2021-08-12 11:00:02,Clark St & Henry St,4789,Henry St & Remsen St,4645,40.69760127,-73.99344559,40.69400964865994,-73.99465128779411,member
1261175,B6C4012463860826,classic_bike,2021-08-28 12:36:22,2021-08-28 12:39:51,Clark St & Henry St,4789,Henry St & Remsen St,4645,40.69760127,-73.99344559,40.69400964865994,-73.99465128779411,member
1262082,12A1465280C5D530,classic_bike,2021-08-10 07:23:02,2021-08-10 07:25:21,Clark St & Henry St,4789,Henry St & Remsen St,4645,40.69760127,-73.99344559,40.69400964865994,-73.99465128779411,member
1262122,6AA25B32CF8A0B28,classic_bike,2021-08-05 22:49:01,2021-08-05 22:52:12,Clark St & Henry St,4789,Henry St & Remsen St,4645,40.69760127,-73.99344559,40.69400964865994,-73.99465128779411,member
1262923,E88DC6F12413BF68,classic_bike,2021-08-08 12:39:45,2021-08-08 12:42:09,Clark St & Henry St,4789,Henry St & Remsen St,4645,40.69760127,-73.99344559,40.69400964865994,-73.99465128779411,member
1262929,811DAD7DF806BEDB,classic_bike,2021-08-26 17:10:27,2021-08-26 17:13:18,Clark St & Henry St,4789,Henry St & Remsen St,4645,40.69760127,-73.99344559,40.69400964865994,-73.99465128779411,member
1264248,0D43DD2767946CE0,classic_bike,2021-08-29 17:25:29,2021-08-29 17:27:39,Clark St & Henry St,4789,Henry St & Remsen St,4645,40.69760127,-73.99344559,40.69400964865994,-73.99465128779411,member
1264260,36A92AB14D7EDAE4,classic_bike,2021-08-31 18:36:59,2021-08-31 18:38:57,Clark St & Henry St,4789,Henry St & Remsen St,4645,40.69760127,-73.99344559,40.69400964865994,-73.99465128779411,member
1264262,30780C71BEE2DABA,classic_bike,2021-08-06 15:53:33,2021-08-06 15:55:21,Clark St & Henry St,4789,Henry St & Remsen St,4645,40.69760127,-73.99344559,40.69400964865994,-73.99465128779411,member
1264301,77F5D2E0CC89A40B,classic_bike,2021-08-04 12:43:35,2021-08-04 12:45:39,Clark St & Henry St,4789,Henry St & Remsen St,4645,40.69760127,-73.99344559,40.69400964865994,-73.99465128779411,member
1264302,2DC5775BD747AC38,electric_bike,2021-08-24 18:23:28,2021-08-24 18:26:30,Clark St & Henry St,4789,Henry St & Remsen St,4645,40.69760127,-73.99344559,40.69400964865994,-73.99465128779411,member
1264305,E8EE256F37661D92,electric_bike,2021-08-07 11:18:32,2021-08-07 11:22:39,Clark St & Henry St,4789,Henry St & Remsen St,4645,40.69760127,-73.99344559,40.69400964865994,-73.99465128779411,casual
1264923,0D8BDA60D704E27C,classic_bike,2021-08-03 21:28:38,2021-08-03 21:32:19,Clark St & Henry St,4789,Henry St & Remsen St,4645,40.69760127,-73.99344559,40.69400964865994,-73.99465128779411,member
1265395,BBD9DABC3DA11E33,electric_bike,2021-08-20 22:40:53,2021-08-20 23:09:48,Clark St & Henry St,4789,Henry St & Remsen St,4645,40.69760127,-73.99344559,40.69400964865994,-73.99465128779411,casual
1270260,F965439FB046C84F,classic_bike,2021-08-25 19:52:13,2021-08-25 19:54:24,Clark St & Henry St,4789,Henry St & Remsen St,4645,40.69760127,-73.99344559,40.69400964865994,-73.99465128779411,member
1270290,9BDFE8D11BFB4402,classic_bike,2021-08-14 15:39:08,2021-08-14 15:41:46,Clark St & Henry St,4789,Henry St & Remsen St,4645,40.69760127,-73.99344559,40.69400964865994,-73.99465128779411,casual
1274468,9062B9C68ADA84EA,classic_bike,2021-08-03 14:48:23,2021-08-03 14:52:47,Clark St & Henry St,4789,Henry St & Remsen St,4645,40.69760127,-73.99344559,40.69400964865994,-73.99465128779411,member
1274472,B4B7DF714BE4DF0D,electric_bike,2021-08-01 13:29:49,2021-08-01 13:32:19,Clark St & Henry St,4789,Henry St & Remsen St,4645,40.69760127,-73.99344559,40.69400964865994,-73.99465128779411,casual
1274513,1B65208A5EE1C5CE,classic_bike,2021-08-28 16:04:31,2021-08-28 16:07:21,Clark St & Henry St,4789,Henry St & Remsen St,4645,40.69760127,-73.99344559,40.69400964865994,-73.99465128779411,casual
1275435,5C9ECCE74E6697CC,classic_bike,2021-08-02 18:17:51,2021-08-02 18:20:29,Clark St & Henry St,4789,Henry St & Remsen St,4645,40.69760127,-73.99344559,40.69400964865994,-73.99465128779411,member
1277806,13FABC08BE55A2C3,classic_bike,2021-08-01 20:53:31,2021-08-01 20:55:33,Clark St & Henry St,4789,Henry St & Remsen St,4645,40.69760127,-73.99344559,40.69400964865994,-73.99465128779411,member
1277816,9F5F9D127859C428,classic_bike,2021-08-15 15:06:21,2021-08-15 15:08:39,Clark St & Henry St,4789,Henry St & Remsen St,4645,40.69760127,-73.99344559,40.69400964865994,-73.99465128779411,member
1277818,16B0D5D27F81492D,classic_bike,2021-08-28 23:52:31,2021-08-28 23:58:34,Clark St & Henry St,4789,Henry St & Remsen St,4645,40.69760127,-73.99344559,40.69400964865994,-73.99465128779411,casual
1279014,848B43EC2AF3BCCB,classic_bike,2021-08-13 17:21:42,2021-08-13 17:25:31,Clark St & Henry St,4789,Henry St & Remsen St,4645,40.69760127,-73.99344559,40.69400964865994,-73.99465128779411,member
1281273,F56C16E7473154BD,classic_bike,2021-08-26 15:54:53,2021-08-26 15:57:06,Clark St & Henry St,4789,Henry St & Remsen St,4645,40.69760127,-73.99344559,40.69400964865994,-73.99465128779411,member
1281275,258104433E23AC0A,classic_bike,2021-08-29 14:31:08,2021-08-29 14:33:20,Clark St & Henry St,4789,Henry St & Remsen St,4645,40.69760127,-73.99344559,40.69400964865994,-73.99465128779411,casual
1282588,A877ECBE2587D024,classic_bike,2021-08-31 06:00:40,2021-08-31 06:03:01,Clark St & Henry St,4789,Henry St & Remsen St,4645,40.69760127,-73.99344559,40.69400964865994,-73.99465128779411,member
1283653,93C56A536EBF41C0,classic_bike,2021-08-03 07:05:26,2021-08-03 07:07:54,Clark St & Henry St,4789,Henry St & Remsen St,4645,40.69760127,-73.99344559,40.69400964865994,-73.99465128779411,member
1285967,E4A0778CC720079C,electric_bike,2021-08-26 01:08:37,2021-08-26 01:11:14,Clark St & Henry St,4789,Henry St & Remsen St,4645,40.69760127,-73.99344559,40.69400964865994,-73.99465128779411,member
1286271,529F4D8E93B96431,classic_bike,2021-08-03 19:13:18,2021-08-03 19:15:22,Clark St & Henry St,4789,Henry St & Remsen St,4645,40.69760127,-73.99344559,40.69400964865994,-73.99465128779411,member
1286273,4A917623E15743DF,classic_bike,2021-08-05 17:02:57,2021-08-05 17:05:28,Clark St & Henry St,4789,Henry St & Remsen St,4645,40.69760127,-73.99344559,40.69400964865994,-73.99465128779411,member
1286305,80826C7DA489B5B6,classic_bike,2021-08-18 10:43:14,2021-08-18 11:04:54,Clark St & Henry St,4789,E 3 St & 1 Ave,5553,40.69760127,-73.99344559,40.72467721,-73.98783413,member
1286308,7062353765DFF18D,classic_bike,2021-08-25 18:53:24,2021-08-25 18:55:45,Clark St & Henry St,4789,Henry St & Remsen St,4645,40.69760127,-73.99344559,40.69400964865994,-73.99465128779411,member
1286309,B259273AE3FD8D1B,classic_bike,2021-08-28 16:38:11,2021-08-28 16:44:53,Clark St & Henry St,4789,Henry St & Remsen St,4645,40.69760127,-73.99344559,40.69400964865994,-73.99465128779411,member
1287695,9B62DD1EFEB969B6,classic_bike,2021-08-12 20:04:52,2021-08-12 20:10:32,Clark St & Henry St,4789,Henry St & Remsen St,4645,40.69760127,-73.99344559,40.69400964865994,-73.99465128779411,member
1287699,DA45A5CB65CCF811,classic_bike,2021-08-07 00:25:14,2021-08-07 00:27:25,Clark St & Henry St,4789,Henry St & Remsen St,4645,40.69760127,-73.99344559,40.69400964865994,-73.99465128779411,member
1287701,C67016F5CF78A51E,classic_bike,2021-08-31 09:09:41,2021-08-31 09:14:53,Clark St & Henry St,4789,Henry St & Remsen St,4645,40.69760127,-73.99344559,40.69400964865994,-73.99465128779411,casual
1287733,097AACEC97802910,electric_bike,2021-08-17 02:33:02,2021-08-17 02:49:29,Clark St & Henry St,4789,Madison St & Montgomery St,5262,40.69760127,-73.99344559,40.713126,-73.984844,member
1288495,1A844912B858562C,electric_bike,2021-08-31 14:46:31,2021-08-31 14:49:17,Clark St & Henry St,4789,Henry St & Remsen St,4645,40.69760127,-73.99344559,40.69400964865994,-73.99465128779411,member
1288497,9F4299DE6F017498,classic_bike,2021-08-12 19:36:21,2021-08-12 19:39:29,Clark St & Henry St,4789,Henry St & Remsen St,4645,40.69760127,-73.99344559,40.69400964865994,-73.99465128779411,member
1289313,F1BD1694AFA194AE,classic_bike,2021-08-04 11:53:31,2021-08-04 11:55:22,Clark St & Henry St,4789,Henry St & Remsen St,4645,40.69760127,-73.99344559,40.69400964865994,-73.99465128779411,member
1289315,F505F3AD9FFBD6A2,classic_bike,2021-08-07 00:38:03,2021-08-07 00:40:08,Clark St & Henry St,4789,Henry St & Remsen St,4645,40.69760127,-73.99344559,40.69400964865994,-73.99465128779411,member
1293410,18F65AAD8942E40D,classic_bike,2021-08-16 09:39:26,2021-08-16 09:53:00,Clark St & Henry St,4789,Hanson Pl & Ashland Pl,4395,40.69760127,-73.99344559,40.68506807308177,-73.97790759801863,member
1293411,EB1D8113D4810766,classic_bike,2021-08-26 09:44:12,2021-08-26 09:55:52,Clark St & Henry St,4789,Hanson Pl & Ashland Pl,4395,40.69760127,-73.99344559,40.68506807308177,-73.97790759801863,member
1293434,38F0BB3F322FDBB1,electric_bike,2021-08-21 11:45:00,2021-08-21 11:56:07,Clark St & Henry St,4789,Douglass St & 3 Ave,4217,40.69760127,-73.99344559,40.6802133,-73.98432695,member
1293515,59DCA382C26C89AA,classic_bike,2021-08-24 15:24:52,2021-08-24 15:35:29,Clark St & Henry St,4789,Hanson Pl & Ashland Pl,4395,40.69760127,-73.99344559,40.68506807308177,-73.97790759801863,member
1293517,19F583876FE8AB0D,electric_bike,2021-08-25 15:12:14,2021-08-25 15:32:11,Clark St & Henry St,4789,Hanson Pl & Ashland Pl,4395,40.69760127,-73.99344559,40.68506807308177,-73.97790759801863,member
1296595,5BBAB4E5042F47B4,classic_bike,2021-08-03 18:07:14,2021-08-03 18:23:45,Clark St & Henry St,4789,Hanson Pl & Ashland Pl,4395,40.69760127,-73.99344559,40.68506807308177,-73.97790759801863,member
1296636,51C940F51C11EFC4,electric_bike,2021-08-28 00:27:13,2021-08-28 00:40:17,Clark St & Henry St,4789,Bergen St & Vanderbilt Ave,4157,40.69760127,-73.99344559,40.6794388,-73.9680438,member
1296637,8A23FF8D7D0D00CE,electric_bike,2021-08-20 11:36:31,2021-08-20 12:02:49,Clark St & Henry St,4789,W 15 St & 7 Ave,6030,40.69760127,-73.99344559,40.73935542,-73.99931783,member
1296649,68BCBE4A6434FAE3,classic_bike,2021-08-17 18:40:58,2021-08-17 18:54:34,Clark St & Henry St,4789,Douglass St & 3 Ave,4217,40.69760127,-73.99344559,40.6802133,-73.98432695,member
1296694,1726C190F902E7AA,electric_bike,2021-08-05 06:10:47,2021-08-05 06:21:09,Clark St & Henry St,4789,Hanson Pl & Ashland Pl,4395,40.69760127,-73.99344559,40.68506807308177,-73.97790759801863,member
1296700,3A4F89DD04A79F38,classic_bike,2021-08-30 11:51:13,2021-08-30 12:01:33,Clark St & Henry St,4789,Hanson Pl & Ashland Pl,4395,40.69760127,-73.99344559,40.68506807308177,-73.97790759801863,casual
1296951,15EB3CAD6CEEE697,classic_bike,2021-08-12 06:06:59,2021-08-12 06:21:27,Clark St & Henry St,4789,Hanson Pl & Ashland Pl,4395,40.69760127,-73.99344559,40.68506807308177,-73.97790759801863,member
1296958,604898E18980670A,electric_bike,2021-08-05 07:39:26,2021-08-05 07:53:15,Clark St & Henry St,4789,Douglass St & 3 Ave,4217,40.69760127,-73.99344559,40.6802133,-73.98432695,member
1296964,2038BB7BE6AF430B,electric_bike,2021-08-16 10:35:16,2021-08-16 10:43:25,Clark St & Henry St,4789,Hanson Pl & Ashland Pl,4395,40.69760127,-73.99344559,40.68506807308177,-73.97790759801863,member
1301795,38C361FB7B57BEC8,electric_bike,2021-08-09 15:40:10,2021-08-09 15:48:23,Clark St & Henry St,4789,Hanson Pl & Ashland Pl,4395,40.69760127,-73.99344559,40.68506807308177,-73.97790759801863,member
1301799,BE0BD6A120183B21,electric_bike,2021-08-04 09:39:32,2021-08-04 09:51:21,Clark St & Henry St,4789,Hanson Pl & Ashland Pl,4395,40.69760127,-73.99344559,40.68506807308177,-73.97790759801863,member
1301826,705B8365604338D0,electric_bike,2021-08-06 13:11:37,2021-08-06 13:21:51,Clark St & Henry St,4789,Hanson Pl & Ashland Pl,4395,40.69760127,-73.99344559,40.68506807308177,-73.97790759801863,casual
1301831,23CC8C4A75ABD43C,classic_bike,2021-08-03 19:33:20,2021-08-03 19:43:27,Clark St & Henry St,4789,Hanson Pl & Ashland Pl,4395,40.69760127,-73.99344559,40.68506807308177,-73.97790759801863,casual
1301833,D55FC89EF3A2E18A,electric_bike,2021-08-08 09:48:22,2021-08-08 09:56:13,Clark St & Henry St,4789,Hanson Pl & Ashland Pl,4395,40.69760127,-73.99344559,40.68506807308177,-73.97790759801863,member
1304175,3C55B50DA5FB4C1C,classic_bike,2021-08-21 07:55:47,2021-08-21 08:13:23,Clark St & Henry St,4789,Hanson Pl & Ashland Pl,4395,40.69760127,-73.99344559,40.68506807308177,-73.97790759801863,member
1307951,917E228D67B27F41,classic_bike,2021-08-15 07:10:44,2021-08-15 07:20:10,Clark St & Henry St,4789,Hanson Pl & Ashland Pl,4395,40.69760127,-73.99344559,40.68506807308177,-73.97790759801863,member
1308430,6EC4C6DD2F947B77,classic_bike,2021-08-20 12:38:08,2021-08-20 13:17:59,Clark St & Henry St,4789,Greenpoint Ave & Manhattan Ave,5785,40.69760127,-73.99344559,40.73026,-73.95394,member
1309862,8D40B5B55DB8978F,classic_bike,2021-08-30 02:00:56,2021-08-30 02:20:02,Clark St & Henry St,4789,Bergen St & Vanderbilt Ave,4157,40.69760127,-73.99344559,40.6794388,-73.9680438,casual
1311718,AE7B7A99CCEB519E,electric_bike,2021-08-12 16:38:29,2021-08-12 16:51:53,Clark St & Henry St,4789,Hanson Pl & Ashland Pl,4395,40.69760127,-73.99344559,40.68506807308177,-73.97790759801863,member
1311728,E6111F56FA6F47DD,electric_bike,2021-08-09 15:15:18,2021-08-09 15:25:45,Clark St & Henry St,4789,Hanson Pl & Ashland Pl,4395,40.69760127,-73.99344559,40.68506807308177,-73.97790759801863,member
1313892,9A5B3D620B159D52,classic_bike,2021-08-18 22:27:11,2021-08-18 22:43:21,Clark St & Henry St,4789,Hanson Pl & Ashland Pl,4395,40.69760127,-73.99344559,40.68506807308177,-73.97790759801863,casual
1316457,F690EBAE5B0C2057,electric_bike,2021-08-12 13:29:19,2021-08-12 13:39:27,Clark St & Henry St,4789,Hanson Pl & Ashland Pl,4395,40.69760127,-73.99344559,40.68506807308177,-73.97790759801863,casual
1316459,CE5CE303A53F4F0C,electric_bike,2021-08-19 06:06:03,2021-08-19 06:17:26,Clark St & Henry St,4789,Hanson Pl & Ashland Pl,4395,40.69760127,-73.99344559,40.68506807308177,-73.97790759801863,member
1325259,C1528B70320809EC,classic_bike,2021-08-31 19:23:49,2021-08-31 19:42:54,Clark St & Henry St,4789,Bergen St & Vanderbilt Ave,4157,40.69760127,-73.99344559,40.6794388,-73.9680438,member
1326088,9BC10D7538F23870,classic_bike,2021-08-13 06:12:47,2021-08-13 06:24:58,Clark St & Henry St,4789,Hanson Pl & Ashland Pl,4395,40.69760127,-73.99344559,40.68506807308177,-73.97790759801863,member
1326089,282E3EA14DEAE5AF,electric_bike,2021-08-26 18:44:43,2021-08-26 18:59:25,Clark St & Henry St,4789,Hanson Pl & Ashland Pl,4395,40.69760127,-73.99344559,40.68506807308177,-73.97790759801863,casual
1326091,9502450344DB8F00,classic_bike,2021-08-18 22:27:59,2021-08-18 22:43:06,Clark St & Henry St,4789,Hanson Pl & Ashland Pl,4395,40.69760127,-73.99344559,40.68506807308177,-73.97790759801863,casual
1326109,74A10A66AE3E3CB3,classic_bike,2021-08-13 09:29:05,2021-08-13 09:41:58,Clark St & Henry St,4789,Hanson Pl & Ashland Pl,4395,40.69760127,-73.99344559,40.68506807308177,-73.97790759801863,member
1329755,7B206572B213AA5F,classic_bike,2021-08-10 12:54:02,2021-08-10 13:07:40,Clark St & Henry St,4789,Hanson Pl & Ashland Pl,4395,40.69760127,-73.99344559,40.68506807308177,-73.97790759801863,member
1329783,BC5C7D7114F45B44,classic_bike,2021-08-21 16:29:05,2021-08-21 16:43:54,Clark St & Henry St,4789,Bergen St & Vanderbilt Ave,4157,40.69760127,-73.99344559,40.6794388,-73.9680438,member
1329793,DBE9EEC40E6192AD,classic_bike,2021-08-06 10:28:02,2021-08-06 10:39:22,Clark St & Henry St,4789,Hanson Pl & Ashland Pl,4395,40.69760127,-73.99344559,40.68506807308177,-73.97790759801863,member
1329794,7672F774A4F84CB0,classic_bike,2021-08-06 18:47:26,2021-08-06 18:57:59,Clark St & Henry St,4789,Hanson Pl & Ashland Pl,4395,40.69760127,-73.99344559,40.68506807308177,-73.97790759801863,member
1329797,0E83DB9F7562F8B8,classic_bike,2021-08-04 15:23:43,2021-08-04 15:39:24,Clark St & Henry St,4789,Hanson Pl & Ashland Pl,4395,40.69760127,-73.99344559,40.68506807308177,-73.97790759801863,member
1329798,C16AE24E3AC29758,classic_bike,2021-08-17 18:25:15,2021-08-17 18:37:35,Clark St & Henry St,4789,Hanson Pl & Ashland Pl,4395,40.69760127,-73.99344559,40.68506807308177,-73.97790759801863,member
1333381,4E5702A337292D41,electric_bike,2021-08-23 19:56:58,2021-08-23 20:01:51,Clark St & Henry St,4789,Pierrepont St & Monroe Pl,4718,40.69760127,-73.99344559,40.69535693320225,-73.99344027042389,member
1333412,6B40F1A296F68380,classic_bike,2021-08-28 11:21:53,2021-08-28 11:54:47,Clark St & Henry St,4789,N 12 St & Bedford Ave,5450,40.69760127,-73.99344559,40.72079821,-73.95484712,member
1333413,2CAAAA25CABF4730,classic_bike,2021-08-10 16:30:06,2021-08-10 16:38:15,Clark St & Henry St,4789,Pierrepont St & Monroe Pl,4718,40.69760127,-73.99344559,40.69535693320225,-73.99344027042389,member
1334681,618BA849EA527687,classic_bike,2021-08-20 11:14:00,2021-08-20 11:15:25,Clark St & Henry St,4789,Pierrepont St & Monroe Pl,4718,40.69760127,-73.99344559,40.69535693320225,-73.99344027042389,member
1339292,23C066561AFF6648,classic_bike,2021-08-19 18:45:55,2021-08-19 18:47:43,Clark St & Henry St,4789,Pierrepont St & Monroe Pl,4718,40.69760127,-73.99344559,40.69535693320225,-73.99344027042389,member
1342818,843B106AAC370583,classic_bike,2021-08-10 16:06:48,2021-08-10 16:08:51,Clark St & Henry St,4789,Pierrepont St & Monroe Pl,4718,40.69760127,-73.99344559,40.69535693320225,-73.99344027042389,member
1342829,1339A573C880DC7B,electric_bike,2021-08-16 13:29:54,2021-08-16 14:17:16,Clark St & Henry St,4789,Pierrepont St & Monroe Pl,4718,40.69760127,-73.99344559,40.69535693320225,-73.99344027042389,member
1342832,860659867FD34DE6,classic_bike,2021-08-28 15:30:55,2021-08-28 15:39:15,Clark St & Henry St,4789,Pierrepont St & Monroe Pl,4718,40.69760127,-73.99344559,40.69535693320225,-73.99344027042389,member
1342839,9207BFE1BF877D0B,classic_bike,2021-08-08 17:52:51,2021-08-08 17:56:49,Clark St & Henry St,4789,Pierrepont St & Monroe Pl,4718,40.69760127,-73.99344559,40.69535693320225,-73.99344027042389,casual
1342855,85EF2A8F1AE82B65,classic_bike,2021-08-11 13:53:44,2021-08-11 13:55:24,Clark St & Henry St,4789,Pierrepont St & Monroe Pl,4718,40.69760127,-73.99344559,40.69535693320225,-73.99344027042389,member
1342857,AD882B17D17F4A2B,classic_bike,2021-08-21 13:16:38,2021-08-21 13:18:29,Clark St & Henry St,4789,Pierrepont St & Monroe Pl,4718,40.69760127,-73.99344559,40.69535693320225,-73.99344027042389,member
1342858,1BA5D42F06013A15,classic_bike,2021-08-21 13:27:30,2021-08-21 13:29:08,Clark St & Henry St,4789,Pierrepont St & Monroe Pl,4718,40.69760127,-73.99344559,40.69535693320225,-73.99344027042389,member
1342859,21CABF74FC9572D4,classic_bike,2021-08-21 13:22:14,2021-08-21 13:23:40,Clark St & Henry St,4789,Pierrepont St & Monroe Pl,4718,40.69760127,-73.99344559,40.69535693320225,-73.99344027042389,member
1342860,A7A2C4FFC46B88C1,classic_bike,2021-08-21 13:11:27,2021-08-21 13:12:58,Clark St & Henry St,4789,Pierrepont St & Monroe Pl,4718,40.69760127,-73.99344559,40.69535693320225,-73.99344027042389,member
1342861,4186BBE0B16CC387,classic_bike,2021-08-21 13:06:04,2021-08-21 13:07:34,Clark St & Henry St,4789,Pierrepont St & Monroe Pl,4718,40.69760127,-73.99344559,40.69535693320225,-73.99344027042389,member
1342862,C75A4DDB8F7CB2DD,classic_bike,2021-08-21 13:00:52,2021-08-21 13:02:24,Clark St & Henry St,4789,Pierrepont St & Monroe Pl,4718,40.69760127,-73.99344559,40.69535693320225,-73.99344027042389,member
1342889,4B8630819701E01E,electric_bike,2021-08-21 13:35:45,2021-08-21 13:50:05,Clark St & Henry St,4789,Pierrepont St & Monroe Pl,4718,40.69760127,-73.99344559,40.69535693320225,-73.99344027042389,member
1342991,FA3B82D9365C51C8,classic_bike,2021-08-19 14:29:39,2021-08-19 14:31:44,Clark St & Henry St,4789,Pierrepont St & Monroe Pl,4718,40.69760127,-73.99344559,40.69535693320225,-73.99344027042389,member
1342992,5E839D079C88521C,classic_bike,2021-08-19 14:23:57,2021-08-19 14:25:34,Clark St & Henry St,4789,Pierrepont St & Monroe Pl,4718,40.69760127,-73.99344559,40.69535693320225,-73.99344027042389,member
1342993,19FA4452B9508789,classic_bike,2021-08-19 14:17:59,2021-08-19 14:19:38,Clark St & Henry St,4789,Pierrepont St & Monroe Pl,4718,40.69760127,-73.99344559,40.69535693320225,-73.99344027042389,member
1342994,4F3F28CA1BBFFF3F,classic_bike,2021-08-19 14:04:34,2021-08-19 14:06:02,Clark St & Henry St,4789,Pierrepont St & Monroe Pl,4718,40.69760127,-73.99344559,40.69535693320225,-73.99344027042389,member
1342995,8161E126245B0F08,classic_bike,2021-08-19 13:58:26,2021-08-19 13:59:58,Clark St & Henry St,4789,Pierrepont St & Monroe Pl,4718,40.69760127,-73.99344559,40.69535693320225,-73.99344027042389,member
1342996,49A2F9CECBB197A1,classic_bike,2021-08-19 14:41:21,2021-08-19 14:43:05,Clark St & Henry St,4789,Pierrepont St & Monroe Pl,4718,40.69760127,-73.99344559,40.69535693320225,-73.99344027042389,member
1342997,9B51EA6A2C55EF6B,classic_bike,2021-08-19 14:10:55,2021-08-19 14:12:33,Clark St & Henry St,4789,Pierrepont St & Monroe Pl,4718,40.69760127,-73.99344559,40.69535693320225,-73.99344027042389,member
1342998,7C63275CF140835A,classic_bike,2021-08-19 13:52:35,2021-08-19 13:54:20,Clark St & Henry St,4789,Pierrepont St & Monroe Pl,4718,40.69760127,-73.99344559,40.69535693320225,-73.99344027042389,member
1343584,6331911849B70D32,electric_bike,2021-08-21 10:45:32,2021-08-21 10:48:42,Clark St & Henry St,4789,Pierrepont St & Monroe Pl,4718,40.69760127,-73.99344559,40.69535693320225,-73.99344027042389,member
1343585,A687996953952E0B,classic_bike,2021-08-05 15:28:53,2021-08-05 15:53:39,Clark St & Henry St,4789,Pierrepont St & Monroe Pl,4718,40.69760127,-73.99344559,40.69535693320225,-73.99344027042389,member
1343612,06C64E508BD4B3A0,classic_bike,2021-08-11 08:59:13,2021-08-11 09:01:11,Clark St & Henry St,4789,Pierrepont St & Monroe Pl,4718,40.69760127,-73.99344559,40.69535693320225,-73.99344027042389,member
1343619,E3A46721B98A7F78,classic_bike,2021-08-25 15:33:01,2021-08-25 15:34:34,Clark St & Henry St,4789,Pierrepont St & Monroe Pl,4718,40.69760127,-73.99344559,40.69535693320225,-73.99344027042389,member
1347892,D840C4344875205F,classic_bike,2021-08-17 10:49:32,2021-08-17 10:51:43,Clark St & Henry St,4789,Pierrepont St & Monroe Pl,4718,40.69760127,-73.99344559,40.69535693320225,-73.99344027042389,member
1347905,C74303FD0268CA20,classic_bike,2021-08-29 15:27:58,2021-08-29 15:30:19,Clark St & Henry St,4789,Pierrepont St & Monroe Pl,4718,40.69760127,-73.99344559,40.69535693320225,-73.99344027042389,member
1347914,4BD8F4D02EA2727B,classic_bike,2021-08-08 16:00:03,2021-08-08 16:01:48,Clark St & Henry St,4789,Pierrepont St & Monroe Pl,4718,40.69760127,-73.99344559,40.69535693320225,-73.99344027042389,member
1347918,9A278474A2FC4DC8,classic_bike,2021-08-21 22:12:07,2021-08-21 22:13:25,Clark St & Henry St,4789,Pierrepont St & Monroe Pl,4718,40.69760127,-73.99344559,40.69535693320225,-73.99344027042389,member
1347925,3005545727552492,electric_bike,2021-08-08 20:09:45,2021-08-08 20:18:05,Clark St & Henry St,4789,Pierrepont St & Monroe Pl,4718,40.69760127,-73.99344559,40.69535693320225,-73.99344027042389,casual
1348723,18E738889183826E,classic_bike,2021-08-06 18:22:35,2021-08-06 18:24:01,Clark St & Henry St,4789,Pierrepont St & Monroe Pl,4718,40.69760127,-73.99344559,40.69535693320225,-73.99344027042389,member
1348724,60F54E4484F47DF4,classic_bike,2021-08-14 00:13:53,2021-08-14 00:15:30,Clark St & Henry St,4789,Pierrepont St & Monroe Pl,4718,40.69760127,-73.99344559,40.69535693320225,-73.99344027042389,member
1351821,D50862C54EEB5DDE,classic_bike,2021-08-31 11:54:27,2021-08-31 11:55:45,Clark St & Henry St,4789,Pierrepont St & Monroe Pl,4718,40.69760127,-73.99344559,40.69535693320225,-73.99344027042389,member
1352844,ADF6526444395D5D,classic_bike,2021-08-10 05:39:47,2021-08-10 05:41:38,Clark St & Henry St,4789,Pierrepont St & Monroe Pl,4718,40.69760127,-73.99344559,40.69535693320225,-73.99344027042389,member
1353712,3883E1DFADAA7EB6,classic_bike,2021-08-25 22:32:10,2021-08-25 22:35:09,Clark St & Henry St,4789,Pierrepont St & Monroe Pl,4718,40.69760127,-73.99344559,40.69535693320225,-73.99344027042389,casual
1354103,7748514458304D17,electric_bike,2021-08-08 20:09:49,2021-08-08 20:18:01,Clark St & Henry St,4789,Pierrepont St & Monroe Pl,4718,40.69760127,-73.99344559,40.69535693320225,-73.99344027042389,member
1355542,65BDB628CEFAD963,classic_bike,2021-08-27 10:35:07,2021-08-27 10:37:01,Clark St & Henry St,4789,Pierrepont St & Monroe Pl,4718,40.69760127,-73.99344559,40.69535693320225,-73.99344027042389,member
1356505,42AC31920E5C63EC,classic_bike,2021-08-09 11:15:51,2021-08-09 11:18:35,Clark St & Henry St,4789,Pierrepont St & Monroe Pl,4718,40.69760127,-73.99344559,40.69535693320225,-73.99344027042389,member
1356508,E0DEE9A2B04BAAA4,classic_bike,2021-08-21 16:15:42,2021-08-21 16:18:06,Clark St & Henry St,4789,Pierrepont St & Monroe Pl,4718,40.69760127,-73.99344559,40.69535693320225,-73.99344027042389,member
1358161,2F0482FB29E4C935,classic_bike,2021-08-14 11:01:40,2021-08-14 11:03:17,Clark St & Henry St,4789,Pierrepont St & Monroe Pl,4718,40.69760127,-73.99344559,40.69535693320225,-73.99344027042389,member
1358162,119389B1D3E97B63,classic_bike,2021-08-21 16:26:32,2021-08-21 16:27:47,Clark St & Henry St,4789,Pierrepont St & Monroe Pl,4718,40.69760127,-73.99344559,40.69535693320225,-73.99344027042389,member
1358163,84B30327E236B152,classic_bike,2021-08-21 16:29:30,2021-08-21 16:30:40,Clark St & Henry St,4789,Pierrepont St & Monroe Pl,4718,40.69760127,-73.99344559,40.69535693320225,-73.99344027042389,member
1366783,BA58EF535C70F86B,electric_bike,2021-08-30 16:50:13,2021-08-30 17:25:49,Clark St & Henry St,4789,Bushwick Ave & Forrest St,4914,40.69760127,-73.99344559,40.70076,-73.93641,casual
1375424,C1AD425D615C7745,classic_bike,2021-08-26 09:41:51,2021-08-26 10:11:42,Clark St & Henry St,4789,8 Ave & W 27 St,6297,40.69760127,-73.99344559,40.747968,-73.996637,member
1375528,442D25B8927D12F6,classic_bike,2021-08-28 16:38:08,2021-08-28 17:16:00,Clark St & Henry St,4789,Bushwick Ave & Forrest St,4914,40.69760127,-73.99344559,40.70076,-73.93641,casual
1379744,7CAEB08E326CC375,electric_bike,2021-08-05 18:26:32,2021-08-05 18:39:45,Clark St & Henry St,4789,Forsyth St & Canal St,5270,40.69760127,-73.99344559,40.7158155,-73.99422366,member
1379754,65C3063FCF008EA3,electric_bike,2021-08-22 23:11:17,2021-08-22 23:14:06,Clark St & Henry St,4789,Clinton St & Joralemon St,4605,40.69760127,-73.99344559,40.69239502,-73.99337909,member
1381573,AE1C35A656CC7611,electric_bike,2021-08-01 19:19:23,2021-08-01 19:24:10,Clark St & Henry St,4789,Clinton St & Joralemon St,4605,40.69760127,-73.99344559,40.69239502,-73.99337909,member
1381587,02997184C9F561D9,classic_bike,2021-08-14 22:49:36,2021-08-14 23:08:27,Clark St & Henry St,4789,Forsyth St & Canal St,5270,40.69760127,-73.99344559,40.7158155,-73.99422366,member
1381588,FE32F5B0D88822B2,classic_bike,2021-08-03 00:32:34,2021-08-03 00:37:28,Clark St & Henry St,4789,Clinton St & Joralemon St,4605,40.69760127,-73.99344559,40.69239502,-73.99337909,member
1381590,D15E303E102E273F,classic_bike,2021-08-11 12:49:25,2021-08-11 12:55:08,Clark St & Henry St,4789,Clinton St & Joralemon St,4605,40.69760127,-73.99344559,40.69239502,-73.99337909,member
1386914,5E293D49DE9A5DA9,electric_bike,2021-08-29 21:20:59,2021-08-29 21:32:54,Clark St & Henry St,4789,Clinton St & Joralemon St,4605,40.69760127,-73.99344559,40.69239502,-73.99337909,member
1386927,F5F200259F979433,classic_bike,2021-08-14 19:24:52,2021-08-14 19:29:51,Clark St & Henry St,4789,Clinton St & Joralemon St,4605,40.69760127,-73.99344559,40.69239502,-73.99337909,casual
1386949,1E144D7D392F1671,electric_bike,2021-08-03 19:34:07,2021-08-03 20:08:45,Clark St & Henry St,4789,W 50 St & 10 Ave,6890,40.69760127,-73.99344559,40.76473420006519,-73.99194359779358,casual
1386955,571D63E490CB0458,classic_bike,2021-08-28 19:08:12,2021-08-28 19:22:30,Clark St & Henry St,4789,Clinton St & Joralemon St,4605,40.69760127,-73.99344559,40.69239502,-73.99337909,casual
1388334,BC6FFAC35D77A16A,classic_bike,2021-08-13 15:00:39,2021-08-13 15:03:32,Clark St & Henry St,4789,Clinton St & Joralemon St,4605,40.69760127,-73.99344559,40.69239502,-73.99337909,member
1388339,E0E1F0595B4A30EA,classic_bike,2021-08-29 13:22:16,2021-08-29 13:35:58,Clark St & Henry St,4789,Clinton St & Joralemon St,4605,40.69760127,-73.99344559,40.69239502,-73.99337909,member
1394428,DB226368C722F847,classic_bike,2021-08-13 20:58:37,2021-08-13 21:22:13,Clark St & Henry St,4789,Clinton St & Joralemon St,4605,40.69760127,-73.99344559,40.69239502,-73.99337909,casual
1394429,3D742AC7B114633B,classic_bike,2021-08-16 21:30:34,2021-08-16 21:40:01,Clark St & Henry St,4789,Clinton St & Joralemon St,4605,40.69760127,-73.99344559,40.69239502,-73.99337909,casual
1394445,BC417771E749D1D5,classic_bike,2021-08-09 09:25:37,2021-08-09 09:29:49,Clark St & Henry St,4789,Clinton St & Joralemon St,4605,40.69760127,-73.99344559,40.69239502,-73.99337909,member
1394447,1EFFC0413C446B22,classic_bike,2021-08-04 21:11:31,2021-08-04 21:26:13,Clark St & Henry St,4789,Forsyth St & Canal St,5270,40.69760127,-73.99344559,40.7158155,-73.99422366,member
1394448,31C98F9279873629,classic_bike,2021-08-14 10:26:54,2021-08-14 10:30:29,Clark St & Henry St,4789,Clinton St & Joralemon St,4605,40.69760127,-73.99344559,40.69239502,-73.99337909,member
1394470,E68A5BA64CD56570,classic_bike,2021-08-27 12:19:09,2021-08-27 12:24:12,Clark St & Henry St,4789,Clinton St & Joralemon St,4605,40.69760127,-73.99344559,40.69239502,-73.99337909,member
1394473,D8491D1433B21FFE,electric_bike,2021-08-30 14:52:35,2021-08-30 14:59:19,Clark St & Henry St,4789,Clinton St & Joralemon St,4605,40.69760127,-73.99344559,40.69239502,-73.99337909,member
1394520,9932D4E173FCA494,electric_bike,2021-08-18 15:56:41,2021-08-18 16:41:27,Clark St & Henry St,4789,Clinton St & Joralemon St,4605,40.69760127,-73.99344559,40.69239502,-73.99337909,casual
1394537,5F5D967F2784BF3A,classic_bike,2021-08-07 17:18:21,2021-08-07 17:22:07,Clark St & Henry St,4789,Clinton St & Joralemon St,4605,40.69760127,-73.99344559,40.69239502,-73.99337909,member
1394540,A2D833517A52FB2E,classic_bike,2021-08-02 13:16:10,2021-08-02 13:22:15,Clark St & Henry St,4789,Clinton St & Joralemon St,4605,40.69760127,-73.99344559,40.69239502,-73.99337909,member
1394551,2AD02533022CBCE1,classic_bike,2021-08-01 15:04:48,2021-08-01 15:24:14,Clark St & Henry St,4789,Clinton St & Joralemon St,4605,40.69760127,-73.99344559,40.69239502,-73.99337909,casual
1394558,F998BE65ABEE365F,electric_bike,2021-08-02 15:48:44,2021-08-02 15:51:26,Clark St & Henry St,4789,Clinton St & Joralemon St,4605,40.69760127,-73.99344559,40.69239502,-73.99337909,member
1394559,30CDF55A9F4820DE,classic_bike,2021-08-28 19:07:06,2021-08-28 19:22:23,Clark St & Henry St,4789,Clinton St & Joralemon St,4605,40.69760127,-73.99344559,40.69239502,-73.99337909,member
1394561,F648721502E8F682,classic_bike,2021-08-28 19:06:33,2021-08-28 19:22:24,Clark St & Henry St,4789,Clinton St & Joralemon St,4605,40.69760127,-73.99344559,40.69239502,-73.99337909,member
1394574,2404774289FA8D89,classic_bike,2021-08-05 18:38:18,2021-08-05 19:04:36,Clark St & Henry St,4789,Greenwich Ave & 8 Ave,6072,40.69760127,-73.99344559,40.7390169121,-74.0026376103,member
1395304,9BD86E219B607CB7,electric_bike,2021-08-01 19:19:50,2021-08-01 19:23:51,Clark St & Henry St,4789,Clinton St & Joralemon St,4605,40.69760127,-73.99344559,40.69239502,-73.99337909,member
1395326,3268FA459B0E3B59,classic_bike,2021-08-03 18:56:35,2021-08-03 19:09:47,Clark St & Henry St,4789,Clinton St & Joralemon St,4605,40.69760127,-73.99344559,40.69239502,-73.99337909,casual
1395335,71622907EE9A43B4,classic_bike,2021-08-24 17:20:07,2021-08-24 17:23:44,Clark St & Henry St,4789,Clinton St & Joralemon St,4605,40.69760127,-73.99344559,40.69239502,-73.99337909,member
1395351,47B99A8BB850C52C,classic_bike,2021-08-29 16:24:56,2021-08-29 16:28:43,Clark St & Henry St,4789,Clinton St & Joralemon St,4605,40.69760127,-73.99344559,40.69239502,-73.99337909,member
1395358,F1CDF327308D81E7,electric_bike,2021-08-24 12:32:37,2021-08-24 12:37:20,Clark St & Henry St,4789,Clinton St & Joralemon St,4605,40.69760127,-73.99344559,40.69239502,-73.99337909,casual
1395410,94EDB122BEE073C4,classic_bike,2021-08-02 12:04:53,2021-08-02 12:18:44,Clark St & Henry St,4789,Forsyth St & Canal St,5270,40.69760127,-73.99344559,40.7158155,-73.99422366,casual
1395413,87F76CBE75DF1D75,classic_bike,2021-08-12 18:22:56,2021-08-12 18:36:22,Clark St & Henry St,4789,Forsyth St & Canal St,5270,40.69760127,-73.99344559,40.7158155,-73.99422366,member
1399150,4CC7B3A8ECC7C7D1,classic_bike,2021-08-29 18:39:10,2021-08-29 18:51:32,Clark St & Henry St,4789,Forsyth St & Canal St,5270,40.69760127,-73.99344559,40.7158155,-73.99422366,member
1399151,F2E6A8EBEA62D46A,classic_bike,2021-08-25 17:39:37,2021-08-25 17:44:36,Clark St & Henry St,4789,Clinton St & Joralemon St,4605,40.69760127,-73.99344559,40.69239502,-73.99337909,member
1404209,3D56DD130BCE81B7,classic_bike,2021-08-03 19:14:07,2021-08-03 19:24:27,Clark St & Henry St,4789,Forsyth St & Canal St,5270,40.69760127,-73.99344559,40.7158155,-73.99422366,member
1405327,404C460095C46E5F,electric_bike,2021-08-14 13:35:15,2021-08-14 13:50:23,Clark St & Henry St,4789,Forsyth St & Canal St,5270,40.69760127,-73.99344559,40.7158155,-73.99422366,member
1406933,833896A121CA872C,classic_bike,2021-08-17 01:20:10,2021-08-17 01:23:32,Clark St & Henry St,4789,Clinton St & Joralemon St,4605,40.69760127,-73.99344559,40.69239502,-73.99337909,member
1406934,78066E6F134B69E4,classic_bike,2021-08-17 08:34:39,2021-08-17 08:40:42,Clark St & Henry St,4789,Clinton St & Joralemon St,4605,40.69760127,-73.99344559,40.69239502,-73.99337909,member
1411869,292CB87FB352CF02,classic_bike,2021-08-14 14:32:31,2021-08-14 15:18:36,Clark St & Henry St,4789,Clinton St & Joralemon St,4605,40.69760127,-73.99344559,40.69239502,-73.99337909,member
1412007,7A4A01241728BCBD,electric_bike,2021-08-10 17:11:30,2021-08-10 17:23:56,Clark St & Henry St,4789,Forsyth St & Canal St,5270,40.69760127,-73.99344559,40.7158155,-73.99422366,member
1412024,B57D75CC48BFC160,classic_bike,2021-08-26 20:18:36,2021-08-26 20:27:40,Clark St & Henry St,4789,Clinton St & Joralemon St,4605,40.69760127,-73.99344559,40.69239502,-73.99337909,member
1412027,2DD54B58C6D86004,electric_bike,2021-08-01 11:26:19,2021-08-01 11:30:49,Clark St & Henry St,4789,Clinton St & Joralemon St,4605,40.69760127,-73.99344559,40.69239502,-73.99337909,member
1417892,39D9494489B114BB,electric_bike,2021-08-08 10:40:30,2021-08-08 11:04:19,Clark St & Henry St,4789,E 10 St & Avenue A,5659,40.69760127,-73.99344559,40.72740794,-73.98142006,member
1421181,DE367B03D2BB049E,classic_bike,2021-08-10 18:00:14,2021-08-10 18:47:09,Clark St & Henry St,4789,E 6 St & Avenue D,5506,40.69760127,-73.99344559,40.72228087,-73.97668709,casual
1435457,717D2AFB67219E9E,electric_bike,2021-08-29 18:58:42,2021-08-29 19:18:39,Clark St & Henry St,4789,E 6 St & Avenue B,5584,40.69760127,-73.99344559,40.72453734,-73.98185424,member
1437119,2634B788D3E01571,electric_bike,2021-08-13 19:14:35,2021-08-13 19:45:12,Clark St & Henry St,4789,E 10 St & Avenue A,5659,40.69760127,-73.99344559,40.72740794,-73.98142006,member
1437125,69D0AD8EAD66D4E3,docked_bike,2021-08-15 18:46:34,2021-08-15 20:03:34,Clark St & Henry St,4789,W 42 St & 8 Ave,6602,40.697601,-73.993446,40.75757,-73.990985,casual
1437146,9B0D35F17C04F226,docked_bike,2021-08-15 18:46:10,2021-08-15 20:04:50,Clark St & Henry St,4789,W 42 St & 8 Ave,6602,40.697601,-73.993446,40.75757,-73.990985,casual
1437149,FD3EDEA2131F9FF1,classic_bike,2021-08-31 21:14:54,2021-08-31 21:40:39,Clark St & Henry St,4789,E 6 St & Avenue B,5584,40.69760127,-73.99344559,40.72453734,-73.98185424,casual
1437163,08261E8094F098A9,classic_bike,2021-08-14 12:51:02,2021-08-14 13:21:54,Clark St & Henry St,4789,E 10 St & Avenue A,5659,40.69760127,-73.99344559,40.72740794,-73.98142006,member
1437191,9AC438133639455D,electric_bike,2021-08-21 12:36:55,2021-08-21 12:55:45,Clark St & Henry St,4789,E 14 St & Avenue B,5736,40.69760127,-73.99344559,40.72938685,-73.97772429,member
1437198,7D844484CFE2F0B7,electric_bike,2021-08-13 20:12:29,2021-08-13 20:42:39,Clark St & Henry St,4789,Broadway & Roebling St,5125,40.69760127,-73.99344559,40.70924826276157,-73.96063148975372,casual
1454344,24563963DCA28986,electric_bike,2021-08-29 15:06:01,2021-08-29 15:24:24,Clark St & Henry St,4789,E 10 St & Avenue A,5659,40.69760127,-73.99344559,40.72740794,-73.98142006,member
1464042,EE7CC3C25EC5A865,classic_bike,2021-08-20 16:03:04,2021-08-20 16:10:14,Clark St & Henry St,4789,Brooklyn Bridge Park - Pier 2,4756,40.69760127,-73.99344559,40.698458,-73.997178,member
1464061,95A545EC80EFB4D1,classic_bike,2021-08-05 16:44:54,2021-08-05 17:02:51,Clark St & Henry St,4789,Brooklyn Bridge Park - Pier 2,4756,40.69760127,-73.99344559,40.698458,-73.997178,casual
1465161,134E2F226733D589,classic_bike,2021-08-18 22:28:53,2021-08-18 22:44:09,Clark St & Henry St,4789,Brooklyn Bridge Park - Pier 2,4756,40.69760127,-73.99344559,40.698458,-73.997178,member
1465332,16C99A2BAC486674,classic_bike,2021-08-16 21:34:28,2021-08-16 21:38:27,Clark St & Henry St,4789,Concord St & Bridge St,4781,40.69760127,-73.99344559,40.69766564,-73.98476437,member
1465337,508F675F53C2FC7E,classic_bike,2021-08-17 18:59:30,2021-08-17 19:12:28,Clark St & Henry St,4789,Prospect Pl & 6 Ave,4166,40.69760127,-73.99344559,40.6793307,-73.97519523,member
1474856,90603F79BFD7F650,classic_bike,2021-08-14 09:56:49,2021-08-14 10:01:35,Clark St & Henry St,4789,Concord St & Bridge St,4781,40.69760127,-73.99344559,40.69766564,-73.98476437,member
1474863,30FC7ACD9E4C4668,classic_bike,2021-08-01 13:50:35,2021-08-01 14:27:37,Clark St & Henry St,4789,Brooklyn Bridge Park - Pier 2,4756,40.69760127,-73.99344559,40.698458,-73.997178,member
1474865,633F97B000DB435B,classic_bike,2021-08-28 22:28:40,2021-08-28 22:34:03,Clark St & Henry St,4789,Concord St & Bridge St,4781,40.69760127,-73.99344559,40.69766564,-73.98476437,member
1474866,F8F9B1B1C3E3A6B7,classic_bike,2021-08-25 06:25:46,2021-08-25 06:33:10,Clark St & Henry St,4789,Brooklyn Bridge Park - Pier 2,4756,40.69760127,-73.99344559,40.698458,-73.997178,member
1474875,39A5A3D441019F45,classic_bike,2021-08-18 14:31:36,2021-08-18 14:45:46,Clark St & Henry St,4789,Brooklyn Bridge Park - Pier 2,4756,40.69760127,-73.99344559,40.698458,-73.997178,casual
1474926,06F28BC897511B4E,classic_bike,2021-08-15 16:19:12,2021-08-15 16:28:00,Clark St & Henry St,4789,Brooklyn Bridge Park - Pier 2,4756,40.69760127,-73.99344559,40.698458,-73.997178,member
1474930,7144A8C537210A19,classic_bike,2021-08-12 10:09:53,2021-08-12 10:46:32,Clark St & Henry St,4789,Brooklyn Bridge Park - Pier 2,4756,40.69760127,-73.99344559,40.698458,-73.997178,casual
1474950,F798050FCD76AB8F,classic_bike,2021-08-17 01:30:52,2021-08-17 01:49:18,Clark St & Henry St,4789,Prospect Pl & 6 Ave,4166,40.69760127,-73.99344559,40.6793307,-73.97519523,member
1474954,97E2E6B6ED81493D,classic_bike,2021-08-02 05:16:34,2021-08-02 05:24:13,Clark St & Henry St,4789,Brooklyn Bridge Park - Pier 2,4756,40.69760127,-73.99344559,40.698458,-73.997178,member
1474955,A4B9C83117119F97,classic_bike,2021-08-31 06:52:31,2021-08-31 06:59:31,Clark St & Henry St,4789,Brooklyn Bridge Park - Pier 2,4756,40.69760127,-73.99344559,40.698458,-73.997178,member
1474957,0EE4CB4B95C65736,docked_bike,2021-08-14 10:16:54,2021-08-14 10:48:35,Clark St & Henry St,4789,Brooklyn Bridge Park - Pier 2,4756,40.697601,-73.993446,40.698458,-73.997178,casual
1475007,02931157378BED1D,classic_bike,2021-08-13 17:01:21,2021-08-13 17:09:35,Clark St & Henry St,4789,Brooklyn Bridge Park - Pier 2,4756,40.69760127,-73.99344559,40.698458,-73.997178,casual
1475469,15426BFA536FA8C8,classic_bike,2021-08-03 13:56:25,2021-08-03 14:07:03,Clark St & Henry St,4789,Brooklyn Bridge Park - Pier 2,4756,40.69760127,-73.99344559,40.698458,-73.997178,member
1475475,DCC6059E13E6AAA7,classic_bike,2021-08-28 08:03:54,2021-08-28 08:31:46,Clark St & Henry St,4789,Prospect Pl & 6 Ave,4166,40.69760127,-73.99344559,40.6793307,-73.97519523,casual
1475584,A239FD8FD982E1B2,classic_bike,2021-08-29 07:56:41,2021-08-29 08:26:34,Clark St & Henry St,4789,Bus Slip & State St,4889,40.69760127,-73.99344559,40.701907,-74.013942,casual
1475592,17244DB0ED4588EE,classic_bike,2021-08-13 00:06:12,2021-08-13 00:20:02,Clark St & Henry St,4789,Douglass St & 4 Ave,4175,40.69760127,-73.99344559,40.6792788,-73.98154004,casual
1475602,69C7DE33A55CA541,classic_bike,2021-08-25 18:04:22,2021-08-25 18:14:35,Clark St & Henry St,4789,Brooklyn Bridge Park - Pier 2,4756,40.69760127,-73.99344559,40.698458,-73.997178,casual
1475622,A8F44E8714A185A3,classic_bike,2021-08-03 20:56:04,2021-08-03 21:02:01,Clark St & Henry St,4789,Concord St & Bridge St,4781,40.69760127,-73.99344559,40.69766564,-73.98476437,member
1475750,36099AE30E5BFD96,classic_bike,2021-08-06 12:51:32,2021-08-06 12:58:30,Clark St & Henry St,4789,Brooklyn Bridge Park - Pier 2,4756,40.69760127,-73.99344559,40.698458,-73.997178,member
1475752,6377C80C381CB4A7,classic_bike,2021-08-06 17:28:53,2021-08-06 17:36:40,Clark St & Henry St,4789,Brooklyn Bridge Park - Pier 2,4756,40.69760127,-73.99344559,40.698458,-73.997178,member
1477951,A5ADC283EFBCE40D,classic_bike,2021-08-24 09:35:49,2021-08-24 09:50:09,Clark St & Henry St,4789,Douglass St & 4 Ave,4175,40.69760127,-73.99344559,40.6792788,-73.98154004,member
1477957,C646188B07C1C036,classic_bike,2021-08-07 02:09:25,2021-08-07 02:30:01,Clark St & Henry St,4789,Douglass St & 4 Ave,4175,40.69760127,-73.99344559,40.6792788,-73.98154004,casual
1477975,11530D56E87BF553,electric_bike,2021-08-26 17:24:02,2021-08-26 17:59:37,Clark St & Henry St,4789,Concord St & Bridge St,4781,40.69760127,-73.99344559,40.69766564,-73.98476437,member
1477983,E82619147A0CDC48,electric_bike,2021-08-05 22:21:53,2021-08-05 22:26:45,Clark St & Henry St,4789,Brooklyn Bridge Park - Pier 2,4756,40.69760127,-73.99344559,40.698458,-73.997178,member
1477984,8E7A194512D523EE,classic_bike,2021-08-19 19:30:11,2021-08-19 19:50:37,Clark St & Henry St,4789,Prospect Pl & 6 Ave,4166,40.69760127,-73.99344559,40.6793307,-73.97519523,member
1480958,24813AD48F08BE9C,classic_bike,2021-08-19 20:31:33,2021-08-19 20:39:13,Clark St & Henry St,4789,Brooklyn Bridge Park - Pier 2,4756,40.69760127,-73.99344559,40.698458,-73.997178,member
1481209,E69CD10F0805BA3E,classic_bike,2021-08-25 13:25:33,2021-08-25 13:44:43,Clark St & Henry St,4789,Brooklyn Bridge Park - Pier 2,4756,40.69760127,-73.99344559,40.698458,-73.997178,casual
1481214,61649B0032538AC3,classic_bike,2021-08-30 18:37:56,2021-08-30 18:48:07,Clark St & Henry St,4789,Concord St & Bridge St,4781,40.69760127,-73.99344559,40.69766564,-73.98476437,casual
1481217,E92D66DEA2BC5912,classic_bike,2021-08-02 12:14:07,2021-08-02 12:31:30,Clark St & Henry St,4789,Douglass St & 4 Ave,4175,40.69760127,-73.99344559,40.6792788,-73.98154004,member
1481218,2AC8D88B7823F98C,classic_bike,2021-08-08 13:02:47,2021-08-08 13:17:17,Clark St & Henry St,4789,Douglass St & 4 Ave,4175,40.69760127,-73.99344559,40.6792788,-73.98154004,member
1481225,ECFEFC9C9EEB1747,classic_bike,2021-08-14 20:44:51,2021-08-14 21:17:23,Clark St & Henry St,4789,Brooklyn Bridge Park - Pier 2,4756,40.69760127,-73.99344559,40.698458,-73.997178,casual
1482600,DF725B000FBE7411,classic_bike,2021-08-11 19:13:13,2021-08-11 19:31:15,Clark St & Henry St,4789,Douglass St & 4 Ave,4175,40.69760127,-73.99344559,40.6792788,-73.98154004,casual
1483431,38768BAB0B5E121E,classic_bike,2021-08-29 07:56:46,2021-08-29 08:26:21,Clark St & Henry St,4789,Bus Slip & State St,4889,40.69760127,-73.99344559,40.701907,-74.013942,member
1484351,39850611192FC259,docked_bike,2021-08-20 20:51:33,2021-08-20 21:07:22,Clark St & Henry St,4789,Brooklyn Bridge Park - Pier 2,4756,40.697601,-73.993446,40.698458,-73.997178,casual
1487422,76B9E6D514874FF9,classic_bike,2021-08-12 18:09:16,2021-08-12 18:32:07,Clark St & Henry St,4789,Brooklyn Bridge Park - Pier 2,4756,40.69760127,-73.99344559,40.698458,-73.997178,casual
1487429,2F256CFD4161287A,classic_bike,2021-08-16 17:47:18,2021-08-16 18:04:35,Clark St & Henry St,4789,Brooklyn Bridge Park - Pier 2,4756,40.69760127,-73.99344559,40.698458,-73.997178,casual
1487430,1B4EF3BAC1644F0E,classic_bike,2021-08-16 17:49:14,2021-08-16 18:02:51,Clark St & Henry St,4789,Brooklyn Bridge Park - Pier 2,4756,40.69760127,-73.99344559,40.698458,-73.997178,casual
1487431,74D7473F98D9D336,classic_bike,2021-08-20 20:47:48,2021-08-20 21:07:20,Clark St & Henry St,4789,Brooklyn Bridge Park - Pier 2,4756,40.69760127,-73.99344559,40.698458,-73.997178,casual
1488566,3B7171057F4E810E,classic_bike,2021-08-12 21:41:34,2021-08-12 22:00:50,Clark St & Henry St,4789,Douglass St & 4 Ave,4175,40.69760127,-73.99344559,40.6792788,-73.98154004,member
1489437,E55F22FBBD177B39,classic_bike,2021-08-12 18:09:33,2021-08-12 18:19:46,Clark St & Henry St,4789,Brooklyn Bridge Park - Pier 2,4756,40.69760127,-73.99344559,40.698458,-73.997178,casual
1489438,DBA3CE766AA2B846,electric_bike,2021-08-06 18:14:17,2021-08-06 18:43:05,Clark St & Henry St,4789,W 16 St & The High Line,6233,40.69760127,-73.99344559,40.74334935,-74.00681753,member
1489444,F5448B1837FCEC9F,classic_bike,2021-08-01 13:50:59,2021-08-01 14:26:45,Clark St & Henry St,4789,Brooklyn Bridge Park - Pier 2,4756,40.69760127,-73.99344559,40.698458,-73.997178,member
1489462,6E24BB7C5BF3E3F7,classic_bike,2021-08-28 11:42:58,2021-08-28 11:57:24,Clark St & Henry St,4789,Douglass St & 4 Ave,4175,40.69760127,-73.99344559,40.6792788,-73.98154004,member
1489464,9BA5AE3925CB89F6,classic_bike,2021-08-25 13:24:39,2021-08-25 13:43:04,Clark St & Henry St,4789,Brooklyn Bridge Park - Pier 2,4756,40.69760127,-73.99344559,40.698458,-73.997178,casual
1489806,2912D20030454185,classic_bike,2021-08-10 06:21:01,2021-08-10 06:28:18,Clark St & Henry St,4789,Brooklyn Bridge Park - Pier 2,4756,40.69760127,-73.99344559,40.698458,-73.997178,member
1489808,BFA77A8F6DC08552,classic_bike,2021-08-16 05:34:21,2021-08-16 05:41:20,Clark St & Henry St,4789,Brooklyn Bridge Park - Pier 2,4756,40.69760127,-73.99344559,40.698458,-73.997178,member
1489812,F02A5FD03A76091D,classic_bike,2021-08-28 08:02:03,2021-08-28 08:31:33,Clark St & Henry St,4789,Prospect Pl & 6 Ave,4166,40.69760127,-73.99344559,40.6793307,-73.97519523,casual
1490181,C05DA2B6AF4B1BCF,classic_bike,2021-08-10 16:11:25,2021-08-10 16:16:43,Clark St & Henry St,4789,Concord St & Bridge St,4781,40.69760127,-73.99344559,40.69766564,-73.98476437,member
1490187,D6E28115157044C6,classic_bike,2021-08-25 18:02:00,2021-08-25 18:14:20,Clark St & Henry St,4789,Brooklyn Bridge Park - Pier 2,4756,40.69760127,-73.99344559,40.698458,-73.997178,casual
1490192,29F2D2DB9F9691AD,classic_bike,2021-08-26 22:22:36,2021-08-26 22:30:44,Clark St & Henry St,4789,Concord St & Bridge St,4781,40.69760127,-73.99344559,40.69766564,-73.98476437,member
1490194,9D0C4218278AD0EA,electric_bike,2021-08-28 02:08:57,2021-08-28 02:22:10,Clark St & Henry St,4789,Prospect Pl & 6 Ave,4166,40.69760127,-73.99344559,40.6793307,-73.97519523,casual
1490937,CFE66B9952922BBD,classic_bike,2021-08-10 15:59:55,2021-08-10 16:07:46,Clark St & Henry St,4789,Brooklyn Bridge Park - Pier 2,4756,40.69760127,-73.99344559,40.698458,-73.997178,member
1490941,49E5DCF58D036B84,classic_bike,2021-08-21 07:47:15,2021-08-21 08:04:15,Clark St & Henry St,4789,Prospect Pl & 6 Ave,4166,40.69760127,-73.99344559,40.6793307,-73.97519523,member
1499743,E46F3A1D45E746F6,classic_bike,2021-08-09 11:22:51,2021-08-09 11:46:02,Clark St & Henry St,4789,E 27 St & 1 Ave,6004,40.69760127,-73.99344559,40.739445,-73.976806,member
1499862,DE1DAC4EF48253B4,electric_bike,2021-08-04 18:01:58,2021-08-04 18:09:17,Clark St & Henry St,4789,Pacific St & Nevins St,4362,40.69760127,-73.99344559,40.6853761,-73.98302136,member
1499866,E84B61269D356889,electric_bike,2021-08-18 10:16:48,2021-08-18 10:36:46,Clark St & Henry St,4789,Kent Ave & N 7 St,5489,40.69760127,-73.99344559,40.72036775298455,-73.96165072917938,casual
1499972,1DC7B9A863FDB20C,classic_bike,2021-08-07 13:19:24,2021-08-07 13:48:47,Clark St & Henry St,4789,Kent Ave & N 7 St,5489,40.69760127,-73.99344559,40.72036775298455,-73.96165072917938,casual
1500050,A81DD8A59D268A5C,electric_bike,2021-08-01 18:15:13,2021-08-01 18:37:51,Clark St & Henry St,4789,Kent Ave & N 7 St,5489,40.69760127,-73.99344559,40.72036775298455,-73.96165072917938,casual
1503260,1536EAC7994671C3,electric_bike,2021-08-31 22:43:32,2021-08-31 23:08:25,Clark St & Henry St,4789,Kent Ave & N 7 St,5489,40.69760127,-73.99344559,40.72036775298455,-73.96165072917938,member
1512933,EC1968177A8B85EF,classic_bike,2021-08-30 08:09:49,2021-08-30 08:42:34,Clark St & Henry St,4789,E 47 St & Park Ave,6584,40.69760127,-73.99344559,40.75510267,-73.97498696,member
1512999,F655840381B8FECD,classic_bike,2021-08-07 10:42:26,2021-08-07 11:16:57,Clark St & Henry St,4789,Kent Ave & N 7 St,5489,40.69760127,-73.99344559,40.72036775298455,-73.96165072917938,member
1513005,8449F33A33BE710F,classic_bike,2021-08-15 09:11:57,2021-08-15 09:40:42,Clark St & Henry St,4789,Kent Ave & N 7 St,5489,40.69760127,-73.99344559,40.72036775298455,-73.96165072917938,member
1513016,E7C6212F7E7D8329,electric_bike,2021-08-12 22:22:39,2021-08-12 22:54:10,Clark St & Henry St,4789,E 27 St & 1 Ave,6004,40.69760127,-73.99344559,40.739445,-73.976806,member
1513206,2C6EAC52D6CA6468,electric_bike,2021-08-31 22:37:52,2021-08-31 22:58:43,Clark St & Henry St,4789,Lexington Ave & E 26 St,6089,40.69760127,-73.99344559,40.741459,-73.983293,member
1513208,E0B4842DDFF31811,classic_bike,2021-08-31 06:24:16,2021-08-31 06:47:13,Clark St & Henry St,4789,E 27 St & 1 Ave,6004,40.69760127,-73.99344559,40.739445,-73.976806,member
1513211,42A2405F3A68948C,electric_bike,2021-08-31 18:47:50,2021-08-31 19:12:18,Clark St & Henry St,4789,Kent Ave & N 7 St,5489,40.69760127,-73.99344559,40.72036775298455,-73.96165072917938,casual
1515813,4F91E2B142FB8434,classic_bike,2021-08-03 12:55:21,2021-08-03 13:32:48,Clark St & Henry St,4789,53 St & 2 Ave,3211,40.69760127,-73.99344559,40.64744,-74.018846,casual
1517982,9653FE0C758D8D32,electric_bike,2021-08-25 18:22:51,2021-08-25 18:52:24,Clark St & Henry St,4789,Chester Ave & 12 Ave,3135,40.69760127,-73.99344559,40.644367,-73.984276,member
1525048,48F8D618DBE27C08,electric_bike,2021-08-11 13:52:01,2021-08-11 14:10:17,Clark St & Henry St,4789,Kent Ave & N 7 St,5489,40.69760127,-73.99344559,40.72036775298455,-73.96165072917938,casual
1527731,20A37C45A1A4882E,classic_bike,2021-08-29 18:14:00,2021-08-29 18:40:20,Clark St & Henry St,4789,Greene Ave & Nostrand Ave,4519,40.69760127,-73.99344559,40.6883337,-73.950916,member
1528383,89723BFD16C4848B,electric_bike,2021-08-07 15:24:32,2021-08-07 15:48:55,Clark St & Henry St,4789,Kent Ave & N 7 St,5489,40.69760127,-73.99344559,40.72036775298455,-73.96165072917938,member
1541925,885F185A6BEB59A0,electric_bike,2021-08-09 14:39:21,2021-08-09 14:54:48,Clark St & Henry St,4789,Madison St & Clinton St,5190,40.69760127,-73.99344559,40.71269042,-73.98776323,member
1546614,0534D8944A01E3C4,electric_bike,2021-08-17 11:37:43,2021-08-17 11:57:24,Clark St & Henry St,4789,E 1 St & 1 Ave,5593,40.69760127,-73.99344559,40.72335597960796,-73.98864984512329,casual
1546615,612BFFA76AE3A73C,electric_bike,2021-08-17 11:37:44,2021-08-17 11:57:36,Clark St & Henry St,4789,E 1 St & 1 Ave,5593,40.69760127,-73.99344559,40.72335597960796,-73.98864984512329,casual
1548248,E45683AA8FF3A95B,electric_bike,2021-08-04 08:48:05,2021-08-04 09:11:28,Clark St & Henry St,4789,Metropolitan Ave & Meeker Ave,5300,40.69760127,-73.99344559,40.71413311,-73.95234386,member
1549593,B767F23CAA8EEDDA,electric_bike,2021-08-21 11:14:13,2021-08-21 11:46:00,Clark St & Henry St,4789,Metropolitan Ave & Meeker Ave,5300,40.69760127,-73.99344559,40.71413311,-73.95234386,casual
1549897,5A37A48BFEBE10FD,electric_bike,2021-08-13 20:07:26,2021-08-13 20:23:15,Clark St & Henry St,4789,E 1 St & 1 Ave,5593,40.69760127,-73.99344559,40.72335597960796,-73.98864984512329,member
1549901,37234F44F4A70DF3,electric_bike,2021-08-12 21:47:10,2021-08-12 22:17:33,Clark St & Henry St,4789,Washington St & Gansevoort St,6039,40.69760127,-73.99344559,40.739323,-74.008119,casual
1552828,D7EDE92585D7F347,electric_bike,2021-08-21 11:13:36,2021-08-21 11:45:46,Clark St & Henry St,4789,Metropolitan Ave & Meeker Ave,5300,40.69760127,-73.99344559,40.71413311,-73.95234386,casual
1553042,BECB7C539B8F5696,electric_bike,2021-08-11 07:30:25,2021-08-11 07:51:56,Clark St & Henry St,4789,Washington St & Gansevoort St,6039,40.69760127,-73.99344559,40.739323,-74.008119,member
1556800,CECBC4784D33D2CA,docked_bike,2021-08-09 20:44:22,2021-08-09 21:11:34,Clark St & Henry St,4789,E 1 St & 1 Ave,5593,40.697601,-73.993446,40.723356,-73.98865,casual
1558656,E0F3060D79832E9A,electric_bike,2021-08-19 07:45:43,2021-08-19 08:06:55,Clark St & Henry St,4789,Washington St & Gansevoort St,6039,40.69760127,-73.99344559,40.739323,-74.008119,member
1558832,3C3A90CF9A845DBC,electric_bike,2021-08-21 00:34:56,2021-08-21 01:02:28,Clark St & Henry St,4789,Metropolitan Ave & Meeker Ave,5300,40.69760127,-73.99344559,40.71413311,-73.95234386,casual
1560125,496E310EC854D7D3,electric_bike,2021-08-09 14:22:48,2021-08-09 14:51:11,Clark St & Henry St,4789,Washington St & Gansevoort St,6039,40.69760127,-73.99344559,40.739323,-74.008119,member
1564576,46FD38CF1585014E,classic_bike,2021-08-21 12:08:07,2021-08-21 12:19:30,Clark St & Henry St,4789,Bergen St & 4 Ave,4322,40.69760127,-73.99344559,40.68256425759694,-73.9798977971077,member
1566008,A8C37113F78303CE,classic_bike,2021-08-27 10:44:55,2021-08-27 11:03:07,Clark St & Henry St,4789,Carlton Ave & Dean St,4199,40.69760127,-73.99344559,40.6809741,-73.9710097,member
1566020,1C94D4D8DC14A81C,electric_bike,2021-08-08 23:17:41,2021-08-08 23:44:50,Clark St & Henry St,4789,Engert Ave & McGuinness Blvd,5473,40.69760127,-73.99344559,40.72158,-73.94546,member
1569152,29B7194244AE3319,electric_bike,2021-08-10 00:52:52,2021-08-10 01:11:39,Clark St & Henry St,4789,Albany Ave & Fulton St,4237,40.69760127,-73.99344559,40.6800105,-73.938475,member
1569224,F3E9BB1EFEC3A427,classic_bike,2021-08-19 18:56:26,2021-08-19 19:13:03,Clark St & Henry St,4789,Carlton Ave & Dean St,4199,40.69760127,-73.99344559,40.6809741,-73.9710097,casual
1571181,8E0900DEC21C3B89,classic_bike,2021-08-19 19:10:52,2021-08-19 19:59:27,Clark St & Henry St,4789,Knickerbocker Ave & Cooper St,4582,40.69760127,-73.99344559,40.69081,-73.90448,member
1571183,92C7A88BD41A0E66,classic_bike,2021-08-30 17:37:00,2021-08-30 17:49:22,Clark St & Henry St,4789,Bergen St & 4 Ave,4322,40.69760127,-73.99344559,40.68256425759694,-73.9798977971077,casual
1571235,226BF96536583999,classic_bike,2021-08-17 09:01:55,2021-08-17 09:26:40,Clark St & Henry St,4789,6 Ave & Broome St,5610,40.69760127,-73.99344559,40.72431,-74.00473,member
1572983,8E42D6538E8B25EA,classic_bike,2021-08-20 09:18:18,2021-08-20 09:30:59,Clark St & Henry St,4789,Bergen St & 4 Ave,4322,40.69760127,-73.99344559,40.68256425759694,-73.9798977971077,member
1574428,663E7A34B418C232,electric_bike,2021-08-04 22:06:43,2021-08-04 23:05:56,Clark St & Henry St,4789,E 138 St & Cypress Ave,7669,40.69760127,-73.99344559,40.805559,-73.914718,member
1575069,3E245C53E4893EC9,classic_bike,2021-08-27 19:18:13,2021-08-27 19:32:29,Clark St & Henry St,4789,Carlton Ave & Dean St,4199,40.69760127,-73.99344559,40.6809741,-73.9710097,member
1575534,280DB4A9AAF18E89,classic_bike,2021-08-12 21:40:00,2021-08-12 21:59:19,Clark St & Henry St,4789,Bergen St & 4 Ave,4322,40.69760127,-73.99344559,40.68256425759694,-73.9798977971077,member
1575580,B9B7779323997297,classic_bike,2021-08-25 08:43:34,2021-08-25 09:13:56,Clark St & Henry St,4789,6 Ave & Broome St,5610,40.69760127,-73.99344559,40.72431,-74.00473,member
1578284,EC0E5A9A370161B3,classic_bike,2021-08-21 12:06:49,2021-08-21 12:19:33,Clark St & Henry St,4789,Bergen St & 4 Ave,4322,40.69760127,-73.99344559,40.68256425759694,-73.9798977971077,member
1578291,4440F33B4E72C3C4,electric_bike,2021-08-06 19:53:27,2021-08-06 20:11:14,Clark St & Henry St,4789,6 Ave & Broome St,5610,40.69760127,-73.99344559,40.72431,-74.00473,member
1578297,366DF7356B9AB46D,classic_bike,2021-08-21 14:13:31,2021-08-21 14:24:59,Clark St & Henry St,4789,Bergen St & 4 Ave,4322,40.69760127,-73.99344559,40.68256425759694,-73.9798977971077,member
1578351,658E99A2CBA9A5E7,classic_bike,2021-08-10 19:09:40,2021-08-10 19:21:46,Clark St & Henry St,4789,Bergen St & 4 Ave,4322,40.69760127,-73.99344559,40.68256425759694,-73.9798977971077,member
1578366,8351A5A527CC350A,classic_bike,2021-08-30 13:26:14,2021-08-30 14:04:10,Clark St & Henry St,4789,6 Ave & Broome St,5610,40.69760127,-73.99344559,40.72431,-74.00473,casual
1581653,FC457D788B687EF0,electric_bike,2021-08-20 12:53:22,2021-08-20 12:59:56,Clark St & Henry St,4789,Degraw St & Hoyt St,4258,40.69760127,-73.99344559,40.68199044270703,-73.99079024791718,member
1581659,FE0C86A5D4962BCE,classic_bike,2021-08-29 16:52:46,2021-08-29 17:23:00,Clark St & Henry St,4789,Kingston Ave & Herkimer St,4205,40.69760127,-73.99344559,40.67890679,-73.94142771,casual
1581671,DF260FD7C2143B32,classic_bike,2021-08-06 12:42:25,2021-08-06 12:55:44,Clark St & Henry St,4789,Degraw St & Hoyt St,4258,40.69760127,-73.99344559,40.68199044270703,-73.99079024791718,casual
1591052,7DF9EBCF0FAA1D44,electric_bike,2021-08-13 23:06:01,2021-08-14 11:58:22,Clark St & Henry St,4789,Prospect Park SW & 10 Ave,3611,40.69760127,-73.99344559,40.659945,-73.977504,casual
1593033,483E39139BD1EED7,classic_bike,2021-08-06 06:02:22,2021-08-06 06:25:43,Clark St & Henry St,4789,Prospect Park SW & 10 Ave,3611,40.69760127,-73.99344559,40.659945,-73.977504,member
1593054,6EFA52BD24B09CA9,classic_bike,2021-08-27 22:12:10,2021-08-27 23:24:52,Clark St & Henry St,4789,1 Ave & E 68 St,6822,40.69760127,-73.99344559,40.76500525,-73.95818491,casual
1593072,A0DC8B4C3EF45887,classic_bike,2021-08-19 20:24:22,2021-08-19 20:34:35,Clark St & Henry St,4789,Degraw St & Hoyt St,4258,40.69760127,-73.99344559,40.68199044270703,-73.99079024791718,member
1593087,528432FEB070AEA4,electric_bike,2021-08-19 09:21:38,2021-08-19 09:58:38,Clark St & Henry St,4789,1 Ave & E 68 St,6822,40.69760127,-73.99344559,40.76500525,-73.95818491,member
1593758,1551FDE35E7B17FA,electric_bike,2021-08-31 19:22:21,2021-08-31 19:39:30,Clark St & Henry St,4789,Degraw St & Hoyt St,4258,40.69760127,-73.99344559,40.68199044270703,-73.99079024791718,member
1595039,D33DA970DC4748C7,classic_bike,2021-08-25 09:45:23,2021-08-25 10:14:44,Clark St & Henry St,4789,Prospect Park SW & 10 Ave,3611,40.69760127,-73.99344559,40.659945,-73.977504,casual
1595041,D1A9A871F47EE3E6,classic_bike,2021-08-27 22:11:22,2021-08-27 23:24:36,Clark St & Henry St,4789,1 Ave & E 68 St,6822,40.69760127,-73.99344559,40.76500525,-73.95818491,casual
1599173,94A652072D621B9E,classic_bike,2021-08-28 12:56:41,2021-08-28 13:56:22,Clark St & Henry St,4789,E 58 St & 1 Ave (NE Corner),6682,40.69760127,-73.99344559,40.75892386377695,-73.96226227283478,casual
1599396,8D2B335A98477249,classic_bike,2021-08-28 12:57:59,2021-08-28 13:55:49,Clark St & Henry St,4789,E 58 St & 1 Ave (NE Corner),6682,40.69760127,-73.99344559,40.75892386377695,-73.96226227283478,casual
1600972,39E2AEBC16943FD4,classic_bike,2021-08-30 14:03:49,2021-08-30 14:12:52,Clark St & Henry St,4789,Degraw St & Hoyt St,4258,40.69760127,-73.99344559,40.68199044270703,-73.99079024791718,member
1600973,179F292A652BC95F,classic_bike,2021-08-24 13:24:13,2021-08-24 13:34:36,Clark St & Henry St,4789,Degraw St & Hoyt St,4258,40.69760127,-73.99344559,40.68199044270703,-73.99079024791718,member
1632337,78FB9BEE62F32CF9,classic_bike,2021-08-15 21:20:06,2021-08-15 21:28:08,Clark St & Henry St,4789,Bergen St & Smith St,4446,40.69760127,-73.99344559,40.6867443,-73.99063168,member
1632338,C700140582D6FC9D,electric_bike,2021-08-08 11:23:35,2021-08-08 11:46:04,Clark St & Henry St,4789,W 4 St & 7 Ave S,5880,40.69760127,-73.99344559,40.73401143,-74.00293877,member
1632343,B26B40EEB8796CAB,classic_bike,2021-08-29 17:01:16,2021-08-29 17:07:36,Clark St & Henry St,4789,Bergen St & Smith St,4446,40.69760127,-73.99344559,40.6867443,-73.99063168,member
1632347,15A4942DD39FF0BC,classic_bike,2021-08-07 10:50:01,2021-08-07 10:57:09,Clark St & Henry St,4789,Bergen St & Smith St,4446,40.69760127,-73.99344559,40.6867443,-73.99063168,member
1632349,479BF8D79FF20FB3,electric_bike,2021-08-02 06:53:16,2021-08-02 07:08:11,Clark St & Henry St,4789,Lafayette St & Jersey St,5561,40.69760127,-73.99344559,40.72456089,-73.99565293,member
1632354,E665227F2AB907B2,classic_bike,2021-08-28 15:02:38,2021-08-28 15:18:41,Clark St & Henry St,4789,Bergen St & Smith St,4446,40.69760127,-73.99344559,40.6867443,-73.99063168,casual
1632358,FD10E2133C674431,classic_bike,2021-08-20 10:51:23,2021-08-20 10:59:02,Clark St & Henry St,4789,Bergen St & Smith St,4446,40.69760127,-73.99344559,40.6867443,-73.99063168,casual
1632360,F7FEEB2D4ACB581B,classic_bike,2021-08-03 06:22:54,2021-08-03 06:37:58,Clark St & Henry St,4789,Lafayette St & Jersey St,5561,40.69760127,-73.99344559,40.72456089,-73.99565293,member
1632364,0F909CA7C6D6E22E,electric_bike,2021-08-23 14:24:05,2021-08-23 14:32:02,Clark St & Henry St,4789,Bergen St & Smith St,4446,40.69760127,-73.99344559,40.6867443,-73.99063168,member
1632367,DD7C95CD2BE66A6B,electric_bike,2021-08-15 10:26:32,2021-08-15 10:35:15,Clark St & Henry St,4789,Carroll St & Smith St,4225,40.69760127,-73.99344559,40.680611,-73.99475825,member
1632368,7DC9DE14C6910AF7,electric_bike,2021-08-29 17:37:09,2021-08-29 17:55:16,Clark St & Henry St,4789,Lafayette St & Jersey St,5561,40.69760127,-73.99344559,40.72456089,-73.99565293,casual
1632370,9EEEF3D9DB025426,classic_bike,2021-08-20 15:32:04,2021-08-20 15:39:24,Clark St & Henry St,4789,Bergen St & Smith St,4446,40.69760127,-73.99344559,40.6867443,-73.99063168,casual
1632371,DBF888EADC0BAA91,docked_bike,2021-08-16 21:54:33,2021-08-16 22:14:28,Clark St & Henry St,4789,Bergen St & Smith St,4446,40.697601,-73.993446,40.686744,-73.990632,casual
1632386,E38104B9D40D8863,classic_bike,2021-08-04 10:12:49,2021-08-04 10:24:08,Clark St & Henry St,4789,Bergen St & Smith St,4446,40.69760127,-73.99344559,40.6867443,-73.99063168,member
1632388,27D6DA6D6C4CA7C6,classic_bike,2021-08-14 12:41:48,2021-08-14 12:54:17,Clark St & Henry St,4789,Carroll St & Smith St,4225,40.69760127,-73.99344559,40.680611,-73.99475825,member
1632389,F3ED5B5AD59DD359,electric_bike,2021-08-06 18:02:55,2021-08-06 18:21:46,Clark St & Henry St,4789,Lafayette St & Jersey St,5561,40.69760127,-73.99344559,40.72456089,-73.99565293,member
1632403,C361BA2D3FA11960,classic_bike,2021-08-30 18:03:14,2021-08-30 18:08:47,Clark St & Henry St,4789,Bergen St & Smith St,4446,40.69760127,-73.99344559,40.6867443,-73.99063168,member
1632406,644902854364B3BC,classic_bike,2021-08-30 10:11:32,2021-08-30 10:24:06,Clark St & Henry St,4789,Carroll St & Smith St,4225,40.69760127,-73.99344559,40.680611,-73.99475825,member
1632423,2FC093F1258D28DF,classic_bike,2021-08-11 07:56:30,2021-08-11 08:12:22,Clark St & Henry St,4789,Lafayette St & Jersey St,5561,40.69760127,-73.99344559,40.72456089,-73.99565293,member
1632430,0CE4337B3FFB58B0,classic_bike,2021-08-15 13:27:49,2021-08-15 13:54:31,Clark St & Henry St,4789,Lafayette St & Jersey St,5561,40.69760127,-73.99344559,40.72456089,-73.99565293,casual
1632440,37C73EB508449244,classic_bike,2021-08-06 07:12:17,2021-08-06 07:30:56,Clark St & Henry St,4789,Plaza St East & Flatbush Ave,4010,40.69760127,-73.99344559,40.673134,-73.969106,member
1632444,7DC1CF2E06409BCE,classic_bike,2021-08-10 10:27:37,2021-08-10 10:38:20,Clark St & Henry St,4789,Bergen St & Smith St,4446,40.69760127,-73.99344559,40.6867443,-73.99063168,member
1632448,B1898C78EEBFC2CA,classic_bike,2021-08-03 18:09:16,2021-08-03 18:20:56,Clark St & Henry St,4789,Carroll St & Smith St,4225,40.69760127,-73.99344559,40.680611,-73.99475825,member
1632465,39539737138E8AF7,electric_bike,2021-08-17 08:14:07,2021-08-17 08:19:11,Clark St & Henry St,4789,Bergen St & Smith St,4446,40.69760127,-73.99344559,40.6867443,-73.99063168,member
1632466,80651570F0B4C42D,electric_bike,2021-08-17 21:37:15,2021-08-17 21:44:16,Clark St & Henry St,4789,Carroll St & Smith St,4225,40.69760127,-73.99344559,40.680611,-73.99475825,member
1632469,BF171255178197A9,classic_bike,2021-08-10 10:28:23,2021-08-10 10:38:34,Clark St & Henry St,4789,Bergen St & Smith St,4446,40.69760127,-73.99344559,40.6867443,-73.99063168,casual
1632471,260E3A8241A8A56A,electric_bike,2021-08-28 13:09:34,2021-08-28 13:15:58,Clark St & Henry St,4789,Bergen St & Smith St,4446,40.69760127,-73.99344559,40.6867443,-73.99063168,member
1632473,EA941E4EC81D5574,classic_bike,2021-08-14 16:31:27,2021-08-14 16:37:21,Clark St & Henry St,4789,Bergen St & Smith St,4446,40.69760127,-73.99344559,40.6867443,-73.99063168,member
1632476,C283BA341EE25CAE,classic_bike,2021-08-13 10:37:57,2021-08-13 10:44:43,Clark St & Henry St,4789,Bergen St & Smith St,4446,40.69760127,-73.99344559,40.6867443,-73.99063168,member
1632483,12EF52F1FBC0897F,classic_bike,2021-08-07 15:03:35,2021-08-07 15:09:21,Clark St & Henry St,4789,Bergen St & Smith St,4446,40.69760127,-73.99344559,40.6867443,-73.99063168,member
1632484,26342324AE2AE41C,classic_bike,2021-08-26 18:18:40,2021-08-26 18:25:18,Clark St & Henry St,4789,Bergen St & Smith St,4446,40.69760127,-73.99344559,40.6867443,-73.99063168,member
1632494,A3C26D4E6C53E194,classic_bike,2021-08-05 13:40:20,2021-08-05 13:46:52,Clark St & Henry St,4789,Bergen St & Smith St,4446,40.69760127,-73.99344559,40.6867443,-73.99063168,member
1632506,89F0F2F5D57A21B5,classic_bike,2021-08-27 15:04:57,2021-08-27 15:11:06,Clark St & Henry St,4789,Bergen St & Smith St,4446,40.69760127,-73.99344559,40.6867443,-73.99063168,member
1632507,4CDE85945F4EB5AB,classic_bike,2021-08-29 20:24:59,2021-08-29 20:30:23,Clark St & Henry St,4789,Bergen St & Smith St,4446,40.69760127,-73.99344559,40.6867443,-73.99063168,member
1632511,75FE978A1F488D0D,classic_bike,2021-08-31 05:45:13,2021-08-31 06:02:01,Clark St & Henry St,4789,Lafayette St & Jersey St,5561,40.69760127,-73.99344559,40.72456089,-73.99565293,member
1632512,CB2BA4C2D47430E9,electric_bike,2021-08-09 07:19:20,2021-08-09 07:32:44,Clark St & Henry St,4789,Lafayette St & Jersey St,5561,40.69760127,-73.99344559,40.72456089,-73.99565293,member
1632513,D72B88B982C91B92,electric_bike,2021-08-29 23:43:17,2021-08-29 23:47:48,Clark St & Henry St,4789,Bergen St & Smith St,4446,40.69760127,-73.99344559,40.6867443,-73.99063168,member
1632514,BD79CE23F4F1C21D,classic_bike,2021-08-07 12:03:14,2021-08-07 12:09:24,Clark St & Henry St,4789,Bergen St & Smith St,4446,40.69760127,-73.99344559,40.6867443,-73.99063168,member
1632520,AF493F32E9329FD1,classic_bike,2021-08-04 06:22:55,2021-08-04 06:37:41,Clark St & Henry St,4789,Lafayette St & Jersey St,5561,40.69760127,-73.99344559,40.72456089,-73.99565293,member
1632523,AA4FEFB90DC6C149,classic_bike,2021-08-30 07:38:59,2021-08-30 07:56:04,Clark St & Henry St,4789,Lafayette St & Jersey St,5561,40.69760127,-73.99344559,40.72456089,-73.99565293,member
1632524,AD577E454AC50F84,classic_bike,2021-08-10 07:06:18,2021-08-10 07:21:38,Clark St & Henry St,4789,Lafayette St & Jersey St,5561,40.69760127,-73.99344559,40.72456089,-73.99565293,member
1632525,60C292CF1CFED243,electric_bike,2021-08-06 06:24:00,2021-08-06 06:38:13,Clark St & Henry St,4789,Lafayette St & Jersey St,5561,40.69760127,-73.99344559,40.72456089,-73.99565293,member
1632530,F6278488338E61CC,electric_bike,2021-08-26 19:47:25,2021-08-26 19:57:51,Clark St & Henry St,4789,Carroll St & Smith St,4225,40.69760127,-73.99344559,40.680611,-73.99475825,casual
1632536,E460A277A7ED1B47,classic_bike,2021-08-16 21:54:01,2021-08-16 22:14:09,Clark St & Henry St,4789,Bergen St & Smith St,4446,40.69760127,-73.99344559,40.6867443,-73.99063168,casual
1632544,69906742568C1B12,classic_bike,2021-08-07 02:42:23,2021-08-07 03:00:01,Clark St & Henry St,4789,Carroll St & Smith St,4225,40.69760127,-73.99344559,40.680611,-73.99475825,member
1632547,2520A0DE64D2B006,classic_bike,2021-08-14 10:08:40,2021-08-14 10:31:27,Clark St & Henry St,4789,Lafayette St & Jersey St,5561,40.69760127,-73.99344559,40.72456089,-73.99565293,member
1632548,8A6C24E65F007F60,electric_bike,2021-08-21 16:04:11,2021-08-21 16:13:19,Clark St & Henry St,4789,Carroll St & Smith St,4225,40.69760127,-73.99344559,40.680611,-73.99475825,member
1632561,EFD8F7BC70EC370E,classic_bike,2021-08-18 06:45:13,2021-08-18 07:02:05,Clark St & Henry St,4789,Lafayette St & Jersey St,5561,40.69760127,-73.99344559,40.72456089,-73.99565293,member
1632567,DF5CD8C884601476,classic_bike,2021-08-16 21:57:45,2021-08-16 22:13:57,Clark St & Henry St,4789,Bergen St & Smith St,4446,40.69760127,-73.99344559,40.6867443,-73.99063168,casual
1632570,8412D6DDFB8C1D9A,classic_bike,2021-08-24 13:25:02,2021-08-24 13:34:30,Clark St & Henry St,4789,Carroll St & Smith St,4225,40.69760127,-73.99344559,40.680611,-73.99475825,member
1632571,41850294B6165B51,classic_bike,2021-08-30 13:17:22,2021-08-30 13:27:33,Clark St & Henry St,4789,Carroll St & Smith St,4225,40.69760127,-73.99344559,40.680611,-73.99475825,member
1632587,9813FBFB6BA09A80,electric_bike,2021-08-01 14:48:31,2021-08-01 14:56:00,Clark St & Henry St,4789,Bergen St & Smith St,4446,40.69760127,-73.99344559,40.6867443,-73.99063168,member
1632589,AF763FE27BAE70BE,electric_bike,2021-08-20 18:55:53,2021-08-20 19:15:14,Clark St & Henry St,4789,W 4 St & 7 Ave S,5880,40.69760127,-73.99344559,40.73401143,-74.00293877,member
1632590,9B2EDF7EA77B4EFD,electric_bike,2021-08-16 06:24:36,2021-08-16 06:38:09,Clark St & Henry St,4789,Lafayette St & Jersey St,5561,40.69760127,-73.99344559,40.72456089,-73.99565293,member
1636058,F1A5E90BA5802B0E,electric_bike,2021-08-31 23:41:57,2021-08-31 23:46:15,Clark St & Henry St,4789,Bergen St & Smith St,4446,40.69760127,-73.99344559,40.6867443,-73.99063168,member
1636062,BA6FEE9A25F5BDBF,classic_bike,2021-08-19 18:47:57,2021-08-19 18:57:08,Clark St & Henry St,4789,Carroll St & Smith St,4225,40.69760127,-73.99344559,40.680611,-73.99475825,member
1636074,6127FE9B011382C9,classic_bike,2021-08-26 19:48:19,2021-08-26 19:57:44,Clark St & Henry St,4789,Carroll St & Smith St,4225,40.69760127,-73.99344559,40.680611,-73.99475825,member
1636076,84C1EC170E2C6084,electric_bike,2021-08-05 06:22:06,2021-08-05 06:35:41,Clark St & Henry St,4789,Lafayette St & Jersey St,5561,40.69760127,-73.99344559,40.72456089,-73.99565293,member
1636077,36D6C96A60EF7B79,classic_bike,2021-08-16 08:09:00,2021-08-16 08:20:14,Clark St & Henry St,4789,Carroll St & Smith St,4225,40.69760127,-73.99344559,40.680611,-73.99475825,member
1636078,B6458E873CA6E0E5,classic_bike,2021-08-10 10:10:18,2021-08-10 10:24:38,Clark St & Henry St,4789,Carroll St & Smith St,4225,40.69760127,-73.99344559,40.680611,-73.99475825,member
1636120,1D7830B0CD6C9D9B,classic_bike,2021-08-27 17:16:56,2021-08-27 17:28:14,Clark St & Henry St,4789,Carroll St & Smith St,4225,40.69760127,-73.99344559,40.680611,-73.99475825,member
1636121,613F852D033CF122,classic_bike,2021-08-31 20:43:35,2021-08-31 20:57:22,Clark St & Henry St,4789,Bergen St & Smith St,4446,40.69760127,-73.99344559,40.6867443,-73.99063168,member
1636403,CFC640781DF97469,classic_bike,2021-08-25 08:25:09,2021-08-25 08:34:57,Clark St & Henry St,4789,Bergen St & Smith St,4446,40.69760127,-73.99344559,40.6867443,-73.99063168,member
1636404,2A061FD71F749D15,classic_bike,2021-08-18 08:41:53,2021-08-18 08:54:46,Clark St & Henry St,4789,Bergen St & Smith St,4446,40.69760127,-73.99344559,40.6867443,-73.99063168,member
1636405,BC9EDC36430A6584,classic_bike,2021-08-18 18:47:34,2021-08-18 18:56:42,Clark St & Henry St,4789,Bergen St & Smith St,4446,40.69760127,-73.99344559,40.6867443,-73.99063168,member
1636407,176D3D5806D7E553,classic_bike,2021-08-18 11:52:09,2021-08-18 11:58:04,Clark St & Henry St,4789,Bergen St & Smith St,4446,40.69760127,-73.99344559,40.6867443,-73.99063168,member
1637064,F3B1C21B0968CD84,classic_bike,2021-08-28 14:31:06,2021-08-28 14:54:36,Clark St & Henry St,4789,Lafayette St & Jersey St,5561,40.69760127,-73.99344559,40.72456089,-73.99565293,member
1637066,FB6FFA0BA8E0BF4E,electric_bike,2021-08-17 15:23:24,2021-08-17 16:00:09,Clark St & Henry St,4789,Bergen St & Smith St,4446,40.69760127,-73.99344559,40.6867443,-73.99063168,member
1637069,A6DDFEE8C04AB8B8,classic_bike,2021-08-28 13:43:26,2021-08-28 13:57:56,Clark St & Henry St,4789,Carroll St & Smith St,4225,40.69760127,-73.99344559,40.680611,-73.99475825,casual
1637161,0EEFD31BF6140DCD,classic_bike,2021-08-31 18:09:12,2021-08-31 18:17:44,Clark St & Henry St,4789,Bergen St & Smith St,4446,40.69760127,-73.99344559,40.6867443,-73.99063168,member
1637643,E052419B23B149A6,classic_bike,2021-08-03 17:21:40,2021-08-03 17:26:46,Clark St & Henry St,4789,Bergen St & Smith St,4446,40.69760127,-73.99344559,40.6867443,-73.99063168,member
1637644,3C3BB113CF2C1CCD,classic_bike,2021-08-18 10:56:08,2021-08-18 11:22:21,Clark St & Henry St,4789,Plaza St East & Flatbush Ave,4010,40.69760127,-73.99344559,40.673134,-73.969106,member
1637646,D80EDE3AA9A2B3DF,classic_bike,2021-08-23 17:28:35,2021-08-23 17:57:17,Clark St & Henry St,4789,E 5 St & Avenue C,5545,40.69760127,-73.99344559,40.72299208,-73.97995466,member
1637650,5DBB958302198326,classic_bike,2021-08-17 19:10:35,2021-08-17 19:18:52,Clark St & Henry St,4789,Bergen St & Smith St,4446,40.69760127,-73.99344559,40.6867443,-73.99063168,member
1637653,DA23659B8CD67D00,classic_bike,2021-08-28 15:02:01,2021-08-28 15:18:52,Clark St & Henry St,4789,Bergen St & Smith St,4446,40.69760127,-73.99344559,40.6867443,-73.99063168,casual
1637658,B08040350D96F514,classic_bike,2021-08-07 15:45:57,2021-08-07 15:56:14,Clark St & Henry St,4789,Bergen St & Smith St,4446,40.69760127,-73.99344559,40.6867443,-73.99063168,member
1637666,6FF27B6A4685F122,electric_bike,2021-08-17 06:19:03,2021-08-17 06:31:56,Clark St & Henry St,4789,Lafayette St & Jersey St,5561,40.69760127,-73.99344559,40.72456089,-73.99565293,member
1637667,7464080BC80DDB46,classic_bike,2021-08-28 16:49:37,2021-08-28 16:57:49,Clark St & Henry St,4789,Carroll St & Smith St,4225,40.69760127,-73.99344559,40.680611,-73.99475825,member
1660466,66A1711CEBF9F804,electric_bike,2021-08-26 08:06:35,2021-08-26 08:22:41,Clark St & Henry St,4789,Washington Pl & Broadway,5755,40.69760127,-73.99344559,40.72903917,-73.99404649,member
1660511,628B5BF0C2804070,classic_bike,2021-08-02 13:14:46,2021-08-02 13:40:58,Clark St & Henry St,4789,Prospect Park West & 8 St,3722,40.69760127,-73.99344559,40.66514681533792,-73.97637605667114,member
1660524,08AFB5934517770C,electric_bike,2021-08-21 08:46:11,2021-08-21 09:08:17,Clark St & Henry St,4789,Prospect Park West & 8 St,3722,40.69760127,-73.99344559,40.66514681533792,-73.97637605667114,member
1660540,C44CB14B4FFF9D76,classic_bike,2021-08-08 15:20:38,2021-08-08 15:40:04,Clark St & Henry St,4789,Sigourney St & Columbia St,3940,40.69760127,-73.99344559,40.67267243410948,-74.0087952464819,member
1660553,D5891E8983F5A4F9,electric_bike,2021-08-05 17:25:49,2021-08-05 17:57:16,Clark St & Henry St,4789,Scholes St & Manhattan Ave,5108,40.69760127,-73.99344559,40.70870368,-73.9448625,casual
1660554,D1EDC1760475B23D,classic_bike,2021-08-14 14:23:59,2021-08-14 14:52:02,Clark St & Henry St,4789,Washington Pl & Broadway,5755,40.69760127,-73.99344559,40.72903917,-73.99404649,casual
1660658,33F1B3E49A233CF7,classic_bike,2021-08-05 14:46:16,2021-08-05 15:07:25,Clark St & Henry St,4789,Sigourney St & Columbia St,3940,40.69760127,-73.99344559,40.67267243410948,-74.0087952464819,casual
1660744,336969F06CAC95C3,electric_bike,2021-08-24 22:54:03,2021-08-24 23:15:07,Clark St & Henry St,4789,Carroll St & Franklin Ave,3847,40.69760127,-73.99344559,40.6679411,-73.9588,member
1662226,56A491731C989E87,classic_bike,2021-08-01 17:13:04,2021-08-01 17:41:59,Clark St & Henry St,4789,W 22 St & 10 Ave,6306,40.69760127,-73.99344559,40.74691959,-74.00451887,member
1662551,267B5E04452363D3,classic_bike,2021-08-06 18:45:28,2021-08-06 19:08:40,Clark St & Henry St,4789,Sigourney St & Columbia St,3940,40.69760127,-73.99344559,40.67267243410948,-74.0087952464819,member
1662558,62D065B5B9DE553A,electric_bike,2021-08-19 18:57:24,2021-08-19 19:15:33,Clark St & Henry St,4789,Prospect Park West & 8 St,3722,40.69760127,-73.99344559,40.66514681533792,-73.97637605667114,casual
1662620,55D72C4B780AB407,electric_bike,2021-08-25 22:40:59,2021-08-25 23:03:22,Clark St & Henry St,4789,W 22 St & 10 Ave,6306,40.69760127,-73.99344559,40.74691959,-74.00451887,casual
1668422,F924341DCD5AF3EB,electric_bike,2021-08-21 16:42:43,2021-08-21 17:04:20,Clark St & Henry St,4789,Scholes St & Manhattan Ave,5108,40.69760127,-73.99344559,40.70870368,-73.9448625,member
1676207,530ABD8F0BA612C6,classic_bike,2021-08-07 19:05:28,2021-08-07 19:33:28,Clark St & Henry St,4789,Scholes St & Manhattan Ave,5108,40.69760127,-73.99344559,40.70870368,-73.9448625,member
1676210,1726A91F7CFE63C4,classic_bike,2021-08-31 07:48:25,2021-08-31 08:14:10,Clark St & Henry St,4789,Prospect Park West & 8 St,3722,40.69760127,-73.99344559,40.66514681533792,-73.97637605667114,member
1680836,9EF52C14DC4147A7,classic_bike,2021-08-07 08:29:25,2021-08-07 08:31:50,Clark St & Henry St,4789,Old Fulton St,4903,40.69760127,-73.99344559,40.70277159,-73.99383605,member
1680844,580B2E6C1F567991,classic_bike,2021-08-30 17:29:58,2021-08-30 17:38:16,Clark St & Henry St,4789,Old Fulton St,4903,40.69760127,-73.99344559,40.70277159,-73.99383605,casual
1680896,FCB8B04C1EB4631F,electric_bike,2021-08-16 17:33:35,2021-08-16 17:56:08,Clark St & Henry St,4789,Old Fulton St,4903,40.69760127,-73.99344559,40.70277159,-73.99383605,casual
1680906,886E44C925471ED7,classic_bike,2021-08-07 20:23:31,2021-08-07 20:31:35,Clark St & Henry St,4789,Old Fulton St,4903,40.69760127,-73.99344559,40.70277159,-73.99383605,casual
1680945,C9293CD7F435EC66,classic_bike,2021-08-14 15:37:10,2021-08-14 15:41:32,Clark St & Henry St,4789,Old Fulton St,4903,40.69760127,-73.99344559,40.70277159,-73.99383605,member
1680948,88CF5CBB44FDD816,classic_bike,2021-08-06 20:42:26,2021-08-06 20:50:25,Clark St & Henry St,4789,Old Fulton St,4903,40.69760127,-73.99344559,40.70277159,-73.99383605,member
1693552,6C5FF7D48ADD538E,classic_bike,2021-08-05 18:37:50,2021-08-05 19:30:41,Clark St & Henry St,4789,University Pl & E 14 St,5905,40.69760127,-73.99344559,40.734814,-73.992085,member
1693557,BD8EB70C9A2BEDD0,electric_bike,2021-08-14 08:51:15,2021-08-14 09:12:03,Clark St & Henry St,4789,E 17 St & Broadway,5980,40.69760127,-73.99344559,40.73704984,-73.99009296,member
1693562,6704A553085D8B9E,classic_bike,2021-08-01 13:08:14,2021-08-01 14:27:47,Clark St & Henry St,4789,Old Fulton St,4903,40.69760127,-73.99344559,40.70277159,-73.99383605,casual
1693604,1D5F40BAF4C36E62,classic_bike,2021-08-26 21:34:38,2021-08-26 21:39:28,Clark St & Henry St,4789,Old Fulton St,4903,40.69760127,-73.99344559,40.70277159,-73.99383605,member
1693769,B60490B0AA993AED,classic_bike,2021-08-11 08:09:08,2021-08-11 08:11:26,Clark St & Henry St,4789,Old Fulton St,4903,40.69760127,-73.99344559,40.70277159,-73.99383605,member
1693800,8BAB6EEFE4F643CF,electric_bike,2021-08-26 13:47:36,2021-08-26 14:10:03,Clark St & Henry St,4789,E 17 St & Broadway,5980,40.69760127,-73.99344559,40.73704984,-73.99009296,member
1693802,B39F326BA3A47B9D,classic_bike,2021-08-08 08:51:54,2021-08-08 09:19:10,Clark St & Henry St,4789,N 11 St & Kent Ave,5489,40.69760127,-73.99344559,40.72248188638219,-73.95921930670738,member
1695096,3BC8B52DDBAA9EBC,classic_bike,2021-08-26 18:25:58,2021-08-26 18:31:04,Clark St & Henry St,4789,Old Fulton St,4903,40.69760127,-73.99344559,40.70277159,-73.99383605,member
1695100,D50E051C454F4B00,electric_bike,2021-08-27 00:29:16,2021-08-27 00:36:10,Clark St & Henry St,4789,Old Fulton St,4903,40.69760127,-73.99344559,40.70277159,-73.99383605,member
1695160,84EDE84E570BDE2B,classic_bike,2021-08-18 13:55:27,2021-08-18 14:04:39,Clark St & Henry St,4789,Old Fulton St,4903,40.69760127,-73.99344559,40.70277159,-73.99383605,member
1695188,71851147561EB4B7,classic_bike,2021-08-24 18:11:38,2021-08-24 18:42:13,Clark St & Henry St,4789,N 11 St & Kent Ave,5489,40.69760127,-73.99344559,40.72248188638219,-73.95921930670738,member
1695200,A77900FC596E5152,classic_bike,2021-08-31 16:29:58,2021-08-31 16:34:24,Clark St & Henry St,4789,Old Fulton St,4903,40.69760127,-73.99344559,40.70277159,-73.99383605,casual
1695201,A7A0187C00A3803B,classic_bike,2021-08-26 18:24:06,2021-08-26 18:40:49,Clark St & Henry St,4789,Old Fulton St,4903,40.69760127,-73.99344559,40.70277159,-73.99383605,member
1695211,DFAADDFEDB5EF5F6,docked_bike,2021-08-21 12:44:23,2021-08-21 13:23:26,Clark St & Henry St,4789,Old Fulton St,4903,40.697601,-73.993446,40.702772,-73.993836,casual
1695212,7D4AF7CFAE4F490C,classic_bike,2021-08-01 13:05:23,2021-08-01 14:28:36,Clark St & Henry St,4789,Old Fulton St,4903,40.69760127,-73.99344559,40.70277159,-73.99383605,casual
1695215,6523BCF3ACF12AB6,classic_bike,2021-08-01 13:31:02,2021-08-01 13:36:01,Clark St & Henry St,4789,Old Fulton St,4903,40.69760127,-73.99344559,40.70277159,-73.99383605,member
1695223,05F0223DB9091A15,classic_bike,2021-08-09 19:33:24,2021-08-09 19:36:49,Clark St & Henry St,4789,Old Fulton St,4903,40.69760127,-73.99344559,40.70277159,-73.99383605,member
1695226,05255EF56ADDF34E,classic_bike,2021-08-20 11:58:10,2021-08-20 12:15:22,Clark St & Henry St,4789,Old Fulton St,4903,40.69760127,-73.99344559,40.70277159,-73.99383605,member
1695228,D71C2B3CC88825AD,classic_bike,2021-08-01 16:47:02,2021-08-01 17:18:39,Clark St & Henry St,4789,Old Fulton St,4903,40.69760127,-73.99344559,40.70277159,-73.99383605,casual
1695243,07F6D254CCAB4A56,classic_bike,2021-08-06 14:07:42,2021-08-06 14:47:42,Clark St & Henry St,4789,Old Fulton St,4903,40.69760127,-73.99344559,40.70277159,-73.99383605,casual
1695244,91EC5CC7A91346B0,classic_bike,2021-08-23 14:52:42,2021-08-23 15:08:50,Clark St & Henry St,4789,Old Fulton St,4903,40.69760127,-73.99344559,40.70277159,-73.99383605,casual
1695413,4C43ACC5098A430C,classic_bike,2021-08-12 18:37:12,2021-08-12 18:40:56,Clark St & Henry St,4789,Old Fulton St,4903,40.69760127,-73.99344559,40.70277159,-73.99383605,member
1695415,3E99BF2228EAB309,classic_bike,2021-08-06 11:24:50,2021-08-06 11:29:10,Clark St & Henry St,4789,Old Fulton St,4903,40.69760127,-73.99344559,40.70277159,-73.99383605,member
1695416,62FEB590DAA72BF5,classic_bike,2021-08-07 15:24:37,2021-08-07 15:32:27,Clark St & Henry St,4789,Old Fulton St,4903,40.69760127,-73.99344559,40.70277159,-73.99383605,member
1695450,CFD9AC9E225FE0C9,classic_bike,2021-08-14 14:20:09,2021-08-14 14:24:20,Clark St & Henry St,4789,Old Fulton St,4903,40.69760127,-73.99344559,40.70277159,-73.99383605,member
1695455,50F9618A19F64666,electric_bike,2021-08-17 08:24:28,2021-08-17 08:56:56,Clark St & Henry St,4789,W 42 St & Dyer Ave,6644,40.69760127,-73.99344559,40.75898481399634,-73.99379968643188,member
1695458,F05A5668304F4817,classic_bike,2021-08-03 15:48:11,2021-08-03 15:59:51,Clark St & Henry St,4789,Old Fulton St,4903,40.69760127,-73.99344559,40.70277159,-73.99383605,casual
1695466,7FBA293094969B0F,classic_bike,2021-08-18 13:54:35,2021-08-18 14:04:40,Clark St & Henry St,4789,Old Fulton St,4903,40.69760127,-73.99344559,40.70277159,-73.99383605,casual
1695472,7D43BF06669F034F,classic_bike,2021-08-26 19:06:22,2021-08-26 19:11:24,Clark St & Henry St,4789,Old Fulton St,4903,40.69760127,-73.99344559,40.70277159,-73.99383605,casual
1695732,52593C5633871F79,classic_bike,2021-08-08 14:12:11,2021-08-08 14:37:18,Clark St & Henry St,4789,Old Fulton St,4903,40.69760127,-73.99344559,40.70277159,-73.99383605,member
1696417,6B012914FF96650E,classic_bike,2021-08-27 21:50:09,2021-08-27 21:55:26,Clark St & Henry St,4789,Old Fulton St,4903,40.69760127,-73.99344559,40.70277159,-73.99383605,member
1696426,18EC9A83BCD1A277,classic_bike,2021-08-24 16:38:14,2021-08-24 16:45:10,Clark St & Henry St,4789,Old Fulton St,4903,40.69760127,-73.99344559,40.70277159,-73.99383605,casual
1697172,84AC506B9B7353CD,classic_bike,2021-08-01 16:46:58,2021-08-01 17:18:18,Clark St & Henry St,4789,Old Fulton St,4903,40.69760127,-73.99344559,40.70277159,-73.99383605,casual
1697180,D3473CD7EC111536,classic_bike,2021-08-26 21:35:49,2021-08-26 21:39:41,Clark St & Henry St,4789,Old Fulton St,4903,40.69760127,-73.99344559,40.70277159,-73.99383605,casual
1697299,EB45F316D43034A3,classic_bike,2021-08-06 14:10:08,2021-08-06 15:00:58,Clark St & Henry St,4789,Old Fulton St,4903,40.69760127,-73.99344559,40.70277159,-73.99383605,casual
1697343,E448D3240C887CB5,classic_bike,2021-08-29 12:43:06,2021-08-29 13:01:15,Clark St & Henry St,4789,Old Fulton St,4903,40.69760127,-73.99344559,40.70277159,-73.99383605,member
1697434,EFFC7C4A441F8B2A,classic_bike,2021-08-25 18:46:39,2021-08-25 18:54:38,Clark St & Henry St,4789,Old Fulton St,4903,40.69760127,-73.99344559,40.70277159,-73.99383605,member
1702807,F8BDA3202617B698,classic_bike,2021-08-30 09:21:50,2021-08-30 09:25:50,Clark St & Henry St,4789,Old Fulton St,4903,40.69760127,-73.99344559,40.70277159,-73.99383605,member
1706557,1842A9CDBC51EEE8,classic_bike,2021-08-16 20:45:43,2021-08-16 20:49:07,Clark St & Henry St,4789,Old Fulton St,4903,40.69760127,-73.99344559,40.70277159,-73.99383605,member
1706559,89BCA3A564CE8AD7,classic_bike,2021-08-28 17:41:26,2021-08-28 17:47:32,Clark St & Henry St,4789,Old Fulton St,4903,40.69760127,-73.99344559,40.70277159,-73.99383605,member
1706561,FEACEFDBF79BDC4C,classic_bike,2021-08-19 07:36:21,2021-08-19 08:03:20,Clark St & Henry St,4789,Old Fulton St,4903,40.69760127,-73.99344559,40.70277159,-73.99383605,casual
1708099,E8E51D839DBA48F5,electric_bike,2021-08-18 15:30:01,2021-08-18 15:49:31,Clark St & Henry St,4789,Marcy Ave & Lafayette Ave,4476,40.69760127,-73.99344559,40.6900815,-73.947915,member
1708105,3D5BA7070338CF4D,electric_bike,2021-08-14 16:30:52,2021-08-14 16:35:21,Clark St & Henry St,4789,Old Fulton St,4903,40.69760127,-73.99344559,40.70277159,-73.99383605,member
1709395,34CCA81F289C03DA,classic_bike,2021-08-05 16:45:17,2021-08-05 17:10:16,Clark St & Henry St,4789,Old Fulton St,4903,40.69760127,-73.99344559,40.70277159,-73.99383605,casual
1709397,E4C2970A3B960782,classic_bike,2021-08-21 12:33:15,2021-08-21 12:38:05,Clark St & Henry St,4789,Old Fulton St,4903,40.69760127,-73.99344559,40.70277159,-73.99383605,casual
1710264,B98BBEC63B3DFBFF,classic_bike,2021-08-05 22:18:18,2021-08-05 22:22:39,Clark St & Henry St,4789,Old Fulton St,4903,40.69760127,-73.99344559,40.70277159,-73.99383605,casual
1710266,C025C71DCE93D8F1,classic_bike,2021-08-06 14:17:32,2021-08-06 15:03:38,Clark St & Henry St,4789,Old Fulton St,4903,40.69760127,-73.99344559,40.70277159,-73.99383605,casual
1710270,25534C026F26ACD8,classic_bike,2021-08-20 23:22:29,2021-08-20 23:26:34,Clark St & Henry St,4789,Old Fulton St,4903,40.69760127,-73.99344559,40.70277159,-73.99383605,member
1710271,B010126855F45F20,classic_bike,2021-08-12 18:05:24,2021-08-12 18:09:04,Clark St & Henry St,4789,Old Fulton St,4903,40.69760127,-73.99344559,40.70277159,-73.99383605,casual
1710560,4C0916373ED3991D,electric_bike,2021-08-27 21:23:08,2021-08-27 21:41:03,Clark St & Henry St,4789,6 Ave & 21 St,3628,40.69760127,-73.99344559,40.66016,-73.990974,member
1710565,AC44F5A9D4E9A5EA,classic_bike,2021-08-01 13:04:17,2021-08-01 14:33:01,Clark St & Henry St,4789,Old Fulton St,4903,40.69760127,-73.99344559,40.70277159,-73.99383605,casual
1710566,AB695587CCD1547D,classic_bike,2021-08-28 10:51:06,2021-08-28 10:56:28,Clark St & Henry St,4789,Old Fulton St,4903,40.69760127,-73.99344559,40.70277159,-73.99383605,casual
1710573,32A2FD8E9E7EDA36,electric_bike,2021-08-07 11:42:12,2021-08-07 13:06:58,Clark St & Henry St,4789,E 17 St & Broadway,5980,40.69760127,-73.99344559,40.73704984,-73.99009296,casual
1710574,45CA8532C5D34234,classic_bike,2021-08-26 22:16:02,2021-08-26 22:19:17,Clark St & Henry St,4789,Old Fulton St,4903,40.69760127,-73.99344559,40.70277159,-73.99383605,casual
1713517,FAF20029DF0C2361,classic_bike,2021-08-27 13:21:22,2021-08-27 13:26:59,Clark St & Henry St,4789,Old Fulton St,4903,40.69760127,-73.99344559,40.70277159,-73.99383605,member
1713521,DCB6412C8CE2CB35,classic_bike,2021-08-19 07:35:58,2021-08-19 08:02:53,Clark St & Henry St,4789,Old Fulton St,4903,40.69760127,-73.99344559,40.70277159,-73.99383605,casual
1713658,A3401921E93357B4,docked_bike,2021-08-21 12:44:18,2021-08-21 13:23:31,Clark St & Henry St,4789,Old Fulton St,4903,40.697601,-73.993446,40.702772,-73.993836,casual
1714530,ADB9C3BBD9D764DC,classic_bike,2021-08-01 11:09:27,2021-08-01 11:19:35,Clark St & Henry St,4789,Old Fulton St,4903,40.69760127,-73.99344559,40.70277159,-73.99383605,member
1715338,83EBFF13057E71B6,classic_bike,2021-08-14 19:22:06,2021-08-14 19:26:05,Clark St & Henry St,4789,Old Fulton St,4903,40.69760127,-73.99344559,40.70277159,-73.99383605,member
1715341,5F06EC28E5E2B6D9,classic_bike,2021-08-19 12:12:20,2021-08-19 12:18:28,Clark St & Henry St,4789,Old Fulton St,4903,40.69760127,-73.99344559,40.70277159,-73.99383605,member
1717871,90EA96EF791357A8,classic_bike,2021-08-31 09:41:29,2021-08-31 09:45:54,Clark St & Henry St,4789,Jay St & Tech Pl,4710,40.69760127,-73.99344559,40.695065,-73.987167,member
1718639,6A5F410023F8A9AA,classic_bike,2021-08-19 12:44:53,2021-08-19 12:49:02,Clark St & Henry St,4789,Jay St & Tech Pl,4710,40.69760127,-73.99344559,40.695065,-73.987167,member
1718640,694A73B9237ECC03,classic_bike,2021-08-19 19:38:05,2021-08-19 19:41:22,Clark St & Henry St,4789,Jay St & Tech Pl,4710,40.69760127,-73.99344559,40.695065,-73.987167,member
1719659,184C3EDB8469F628,classic_bike,2021-08-15 00:32:39,2021-08-15 00:36:15,Clark St & Henry St,4789,Jay St & Tech Pl,4710,40.69760127,-73.99344559,40.695065,-73.987167,member
1719661,2977C1FD751EFDAA,classic_bike,2021-08-31 12:29:51,2021-08-31 12:36:22,Clark St & Henry St,4789,Jay St & Tech Pl,4710,40.69760127,-73.99344559,40.695065,-73.987167,casual
1719673,F84DB8F2A6606785,classic_bike,2021-08-26 16:43:32,2021-08-26 16:46:39,Clark St & Henry St,4789,Jay St & Tech Pl,4710,40.69760127,-73.99344559,40.695065,-73.987167,member
1719674,9206EB3BEEB8F3C0,classic_bike,2021-08-26 09:33:44,2021-08-26 09:36:49,Clark St & Henry St,4789,Jay St & Tech Pl,4710,40.69760127,-73.99344559,40.695065,-73.987167,member
1719676,0EB8F942C521A177,electric_bike,2021-08-13 18:36:05,2021-08-13 18:39:20,Clark St & Henry St,4789,Jay St & Tech Pl,4710,40.69760127,-73.99344559,40.695065,-73.987167,member
1719677,C96E92BA6F993BD0,electric_bike,2021-08-29 12:18:36,2021-08-29 12:21:33,Clark St & Henry St,4789,Jay St & Tech Pl,4710,40.69760127,-73.99344559,40.695065,-73.987167,member
1720285,9EBD8547023519B3,electric_bike,2021-08-26 19:15:53,2021-08-26 19:25:06,Clark St & Henry St,4789,Jay St & Tech Pl,4710,40.69760127,-73.99344559,40.695065,-73.987167,member
1720843,F5BA0B4955065508,classic_bike,2021-08-27 13:57:42,2021-08-27 14:10:53,Clark St & Henry St,4789,Jay St & Tech Pl,4710,40.69760127,-73.99344559,40.695065,-73.987167,casual
1721334,70F5F31B288B702D,classic_bike,2021-08-31 17:16:06,2021-08-31 18:10:57,Clark St & Henry St,4789,Jay St & Tech Pl,4710,40.69760127,-73.99344559,40.695065,-73.987167,member
1721337,FD8D829CAF9AD61F,classic_bike,2021-08-19 15:19:10,2021-08-19 15:54:58,Clark St & Henry St,4789,Richards St & Delavan St,4202,40.69760127,-73.99344559,40.6794327,-74.00785041,member
1722119,12BF0C480B23D6C5,classic_bike,2021-08-24 09:18:03,2021-08-24 09:23:01,Clark St & Henry St,4789,Jay St & Tech Pl,4710,40.69760127,-73.99344559,40.695065,-73.987167,member
1722513,51A9DA31C10E454E,classic_bike,2021-08-26 11:36:30,2021-08-26 11:43:02,Clark St & Henry St,4789,Jay St & Tech Pl,4710,40.69760127,-73.99344559,40.695065,-73.987167,member
1722514,761CFD0EB5103BC4,electric_bike,2021-08-27 13:14:52,2021-08-27 13:19:47,Clark St & Henry St,4789,Jay St & Tech Pl,4710,40.69760127,-73.99344559,40.695065,-73.987167,casual
1723132,8829775DC88F12AB,classic_bike,2021-08-27 13:56:35,2021-08-27 14:10:50,Clark St & Henry St,4789,Jay St & Tech Pl,4710,40.69760127,-73.99344559,40.695065,-73.987167,casual
1723728,2E7ACAD6A5006754,classic_bike,2021-08-20 09:06:11,2021-08-20 09:23:20,Clark St & Henry St,4789,Richards St & Delavan St,4202,40.69760127,-73.99344559,40.6794327,-74.00785041,member
1723729,B1DDDF3E1DBC2B06,classic_bike,2021-08-26 10:04:36,2021-08-26 10:13:33,Clark St & Henry St,4789,Jay St & Tech Pl,4710,40.69760127,-73.99344559,40.695065,-73.987167,member
1723733,939DF042DB8BB6D2,classic_bike,2021-08-31 19:44:59,2021-08-31 19:54:05,Clark St & Henry St,4789,Jay St & Tech Pl,4710,40.69760127,-73.99344559,40.695065,-73.987167,member
1723737,090719CA7C1DF225,classic_bike,2021-08-01 18:22:38,2021-08-01 18:27:34,Clark St & Henry St,4789,Jay St & Tech Pl,4710,40.69760127,-73.99344559,40.695065,-73.987167,member
1723740,0D398B0FA48FAE47,electric_bike,2021-08-30 13:08:16,2021-08-30 13:18:32,Clark St & Henry St,4789,Jay St & Tech Pl,4710,40.69760127,-73.99344559,40.695065,-73.987167,casual
1723741,E9BF4FACC92FD7FA,classic_bike,2021-08-27 11:24:33,2021-08-27 11:35:14,Clark St & Henry St,4789,Richards St & Delavan St,4202,40.69760127,-73.99344559,40.6794327,-74.00785041,casual
1724629,B74227D7E95625C1,electric_bike,2021-08-22 18:46:45,2021-08-22 18:49:41,Clark St & Henry St,4789,Jay St & Tech Pl,4710,40.69760127,-73.99344559,40.695065,-73.987167,member
1724630,0AB6E7A1DD126F4C,classic_bike,2021-08-04 19:50:28,2021-08-04 20:03:03,Clark St & Henry St,4789,Jay St & Tech Pl,4710,40.69760127,-73.99344559,40.695065,-73.987167,member
1724631,073389A2647373A9,classic_bike,2021-08-23 13:01:32,2021-08-23 13:05:25,Clark St & Henry St,4789,Jay St & Tech Pl,4710,40.69760127,-73.99344559,40.695065,-73.987167,casual
1724632,5CA8BF7D766548C8,classic_bike,2021-08-23 11:51:36,2021-08-23 11:57:22,Clark St & Henry St,4789,Jay St & Tech Pl,4710,40.69760127,-73.99344559,40.695065,-73.987167,casual
1724636,34DE3751B17AE87D,classic_bike,2021-08-29 08:36:58,2021-08-29 08:40:25,Clark St & Henry St,4789,Jay St & Tech Pl,4710,40.69760127,-73.99344559,40.695065,-73.987167,member
1724731,0A358B1B04EE2650,electric_bike,2021-08-24 08:39:34,2021-08-24 08:54:32,Clark St & Henry St,4789,Richards St & Delavan St,4202,40.69760127,-73.99344559,40.6794327,-74.00785041,member
1725271,EEC2FA6C6C8F9740,electric_bike,2021-08-31 18:33:33,2021-08-31 18:37:26,Clark St & Henry St,4789,Jay St & Tech Pl,4710,40.69760127,-73.99344559,40.695065,-73.987167,casual
1725273,A555DBE12698B2BE,classic_bike,2021-08-26 13:52:17,2021-08-26 13:59:17,Clark St & Henry St,4789,Jay St & Tech Pl,4710,40.69760127,-73.99344559,40.695065,-73.987167,member
1725729,6B92DEFCBB6D9FD5,electric_bike,2021-08-27 10:44:55,2021-08-27 10:48:47,Clark St & Henry St,4789,Jay St & Tech Pl,4710,40.69760127,-73.99344559,40.695065,-73.987167,casual
1726504,5943E2D0F5F8406A,classic_bike,2021-08-31 09:50:03,2021-08-31 09:56:57,Clark St & Henry St,4789,Jay St & Tech Pl,4710,40.69760127,-73.99344559,40.695065,-73.987167,casual
1726505,FFE561634E814C86,classic_bike,2021-08-31 10:00:31,2021-08-31 15:25:51,Clark St & Henry St,4789,Jay St & Tech Pl,4710,40.69760127,-73.99344559,40.695065,-73.987167,casual
1726530,AD50298C5018483C,classic_bike,2021-08-08 16:42:30,2021-08-08 16:47:15,Clark St & Henry St,4789,Jay St & Tech Pl,4710,40.69760127,-73.99344559,40.695065,-73.987167,member
1726531,B5049DF58A9C93AF,classic_bike,2021-08-24 08:49:58,2021-08-24 08:53:07,Clark St & Henry St,4789,Jay St & Tech Pl,4710,40.69760127,-73.99344559,40.695065,-73.987167,member
1726532,17BA349FFFCFE281,electric_bike,2021-08-24 16:38:50,2021-08-24 16:41:12,Clark St & Henry St,4789,Jay St & Tech Pl,4710,40.69760127,-73.99344559,40.695065,-73.987167,member
1726533,67553FF089B99BFC,classic_bike,2021-08-17 08:42:10,2021-08-17 08:46:07,Clark St & Henry St,4789,Jay St & Tech Pl,4710,40.69760127,-73.99344559,40.695065,-73.987167,member
1726534,2FBC3C956904E3F6,classic_bike,2021-08-17 16:58:47,2021-08-17 17:03:08,Clark St & Henry St,4789,Jay St & Tech Pl,4710,40.69760127,-73.99344559,40.695065,-73.987167,member
1727645,38D71C3D9E181DD4,classic_bike,2021-08-27 09:30:06,2021-08-27 09:34:46,Clark St & Henry St,4789,Jay St & Tech Pl,4710,40.69760127,-73.99344559,40.695065,-73.987167,member
1727647,4EF0A781072538AB,classic_bike,2021-08-28 14:49:20,2021-08-28 14:53:37,Clark St & Henry St,4789,Jay St & Tech Pl,4710,40.69760127,-73.99344559,40.695065,-73.987167,member
1727835,802813E7B41DDCEF,classic_bike,2021-08-30 09:14:11,2021-08-30 09:17:52,Clark St & Henry St,4789,Jay St & Tech Pl,4710,40.69760127,-73.99344559,40.695065,-73.987167,member
1727836,F59AD30FEA1E0205,classic_bike,2021-08-21 16:47:28,2021-08-21 16:51:38,Clark St & Henry St,4789,Jay St & Tech Pl,4710,40.69760127,-73.99344559,40.695065,-73.987167,member
1727837,6825A3286C2AFD69,classic_bike,2021-08-21 08:27:24,2021-08-21 08:31:08,Clark St & Henry St,4789,Jay St & Tech Pl,4710,40.69760127,-73.99344559,40.695065,-73.987167,member
1728515,F7C01E55EE44E3D6,classic_bike,2021-08-19 15:17:50,2021-08-19 15:55:07,Clark St & Henry St,4789,Richards St & Delavan St,4202,40.69760127,-73.99344559,40.6794327,-74.00785041,member
1728758,EF1EE65A72108F2E,docked_bike,2021-08-31 09:54:30,2021-08-31 10:08:52,Clark St & Henry St,4789,Jay St & Tech Pl,4710,40.697601,-73.993446,40.695065,-73.987167,casual
1729395,E7227F06486A746D,classic_bike,2021-08-25 09:42:37,2021-08-25 09:47:06,Clark St & Henry St,4789,Jay St & Tech Pl,4710,40.69760127,-73.99344559,40.695065,-73.987167,member
1729396,F74CF28B6DB8345B,electric_bike,2021-08-24 20:54:49,2021-08-24 20:57:15,Clark St & Henry St,4789,Jay St & Tech Pl,4710,40.69760127,-73.99344559,40.695065,-73.987167,member
1729397,30A5E7A74CBF9B10,electric_bike,2021-08-25 17:36:54,2021-08-25 18:12:35,Clark St & Henry St,4789,Jay St & Tech Pl,4710,40.69760127,-73.99344559,40.695065,-73.987167,member
1729398,88EF1F3067EDE64B,electric_bike,2021-08-23 12:50:47,2021-08-23 12:53:28,Clark St & Henry St,4789,Jay St & Tech Pl,4710,40.69760127,-73.99344559,40.695065,-73.987167,member
1729399,CCB45D6DCFE65838,classic_bike,2021-08-23 17:15:59,2021-08-23 17:19:31,Clark St & Henry St,4789,Jay St & Tech Pl,4710,40.69760127,-73.99344559,40.695065,-73.987167,member
1729400,AF106BF46B08CDBD,classic_bike,2021-08-27 12:09:37,2021-08-27 12:12:39,Clark St & Henry St,4789,Jay St & Tech Pl,4710,40.69760127,-73.99344559,40.695065,-73.987167,member
1729403,4B122699F3239EFF,classic_bike,2021-08-28 13:02:59,2021-08-28 13:08:29,Clark St & Henry St,4789,Jay St & Tech Pl,4710,40.69760127,-73.99344559,40.695065,-73.987167,member
1729404,015C3C2F376AB9FE,classic_bike,2021-08-28 12:24:34,2021-08-28 12:27:29,Clark St & Henry St,4789,Jay St & Tech Pl,4710,40.69760127,-73.99344559,40.695065,-73.987167,member
1729710,67102000ED20EF83,classic_bike,2021-08-17 20:14:06,2021-08-17 20:16:55,Clark St & Henry St,4789,Jay St & Tech Pl,4710,40.69760127,-73.99344559,40.695065,-73.987167,member
1729801,34E7D61BA42CBEFC,classic_bike,2021-08-31 09:54:21,2021-08-31 10:08:56,Clark St & Henry St,4789,Jay St & Tech Pl,4710,40.69760127,-73.99344559,40.695065,-73.987167,member
1731145,7D4C0A1ECD0C8CF9,classic_bike,2021-08-15 08:59:02,2021-08-15 09:17:35,Clark St & Henry St,4789,Richards St & Delavan St,4202,40.69760127,-73.99344559,40.6794327,-74.00785041,member
1731147,29F82E2CBCC6D998,classic_bike,2021-08-23 18:08:53,2021-08-23 18:13:37,Clark St & Henry St,4789,Jay St & Tech Pl,4710,40.69760127,-73.99344559,40.695065,-73.987167,member
1733531,5FB097A36338CF3D,classic_bike,2021-08-17 12:26:43,2021-08-17 12:43:25,Clark St & Henry St,4789,Jay St & Tech Pl,4710,40.69760127,-73.99344559,40.695065,-73.987167,member
1733532,B002F6F38A9902AC,classic_bike,2021-08-25 11:50:05,2021-08-25 11:53:01,Clark St & Henry St,4789,Jay St & Tech Pl,4710,40.69760127,-73.99344559,40.695065,-73.987167,member
1733533,1B7B2F8D9C86E8A0,classic_bike,2021-08-28 12:48:57,2021-08-28 12:53:13,Clark St & Henry St,4789,Jay St & Tech Pl,4710,40.69760127,-73.99344559,40.695065,-73.987167,member
1733534,968232D7DD143F9C,classic_bike,2021-08-26 12:21:13,2021-08-26 12:24:30,Clark St & Henry St,4789,Jay St & Tech Pl,4710,40.69760127,-73.99344559,40.695065,-73.987167,member
1733535,D24DCA083D1A58CE,classic_bike,2021-08-30 21:40:10,2021-08-30 21:43:29,Clark St & Henry St,4789,Jay St & Tech Pl,4710,40.69760127,-73.99344559,40.695065,-73.987167,member
1733536,7B71ED28562D45B7,classic_bike,2021-08-29 12:46:51,2021-08-29 12:51:15,Clark St & Henry St,4789,Jay St & Tech Pl,4710,40.69760127,-73.99344559,40.695065,-73.987167,member
1733537,929600F6CD33D5D4,classic_bike,2021-08-07 23:03:13,2021-08-07 23:08:23,Clark St & Henry St,4789,Jay St & Tech Pl,4710,40.69760127,-73.99344559,40.695065,-73.987167,member
1733538,544CBD800B5937EC,classic_bike,2021-08-19 16:15:01,2021-08-19 16:18:42,Clark St & Henry St,4789,Jay St & Tech Pl,4710,40.69760127,-73.99344559,40.695065,-73.987167,member
1738132,16D274213BB42139,classic_bike,2021-08-30 23:29:38,2021-08-31 00:00:25,Clark St & Henry St,4789,Wythe Ave & Metropolitan Ave,5348,40.69760127,-73.99344559,40.716887,-73.963198,member
1740581,97C8B0A76D678B18,classic_bike,2021-08-11 10:01:46,2021-08-11 10:21:49,Clark St & Henry St,4789,West St & Chambers St,5329,40.69760127,-73.99344559,40.71754834,-74.01322069,member
1751117,13E47086AFDEECCE,electric_bike,2021-08-02 16:39:52,2021-08-02 16:57:38,Clark St & Henry St,4789,Wythe Ave & Metropolitan Ave,5348,40.69760127,-73.99344559,40.716887,-73.963198,member
1751146,53D9E2CF28EC6997,classic_bike,2021-08-04 11:05:53,2021-08-04 11:35:19,Clark St & Henry St,4789,Wythe Ave & Metropolitan Ave,5348,40.69760127,-73.99344559,40.716887,-73.963198,member
1751181,286E715DB1D29AD8,electric_bike,2021-08-26 07:42:22,2021-08-26 08:06:31,Clark St & Henry St,4789,Kingsland Ave & Nassau Ave,5613,40.69760127,-73.99344559,40.72577,-73.94173,member
1751213,5D6A495ED49E1671,classic_bike,2021-08-17 06:58:15,2021-08-17 07:14:05,Clark St & Henry St,4789,West St & Chambers St,5329,40.69760127,-73.99344559,40.71754834,-74.01322069,member
1751263,3C9F3353A6B1E548,electric_bike,2021-08-07 09:24:36,2021-08-07 09:41:19,Clark St & Henry St,4789,Wythe Ave & Metropolitan Ave,5348,40.69760127,-73.99344559,40.716887,-73.963198,member
1751291,5AAC3B8C56D70730,classic_bike,2021-08-03 07:31:55,2021-08-03 07:51:45,Clark St & Henry St,4789,West St & Chambers St,5329,40.69760127,-73.99344559,40.71754834,-74.01322069,member
1751325,7E29039EB9A402FC,classic_bike,2021-08-29 14:42:47,2021-08-29 15:16:35,Clark St & Henry St,4789,Wythe Ave & Metropolitan Ave,5348,40.69760127,-73.99344559,40.716887,-73.963198,member
1751327,719673415D134DD0,electric_bike,2021-08-04 07:39:35,2021-08-04 08:24:52,Clark St & Henry St,4789,W Broadway & W Houston St,5644,40.69760127,-73.99344559,40.726378,-74.000472,member
1751332,EAD97F534CC34AB2,classic_bike,2021-08-27 07:58:25,2021-08-27 08:21:26,Clark St & Henry St,4789,West St & Chambers St,5329,40.69760127,-73.99344559,40.71754834,-74.01322069,member
1751359,E6BFE67F3916FCDD,classic_bike,2021-08-15 15:13:39,2021-08-15 15:35:13,Clark St & Henry St,4789,West St & Chambers St,5329,40.69760127,-73.99344559,40.71754834,-74.01322069,member
1751424,C666341A7CF5DBCC,classic_bike,2021-08-25 07:02:22,2021-08-25 07:21:35,Clark St & Henry St,4789,West St & Chambers St,5329,40.69760127,-73.99344559,40.71754834,-74.01322069,member
1751426,BA10B211A4FF3A92,classic_bike,2021-08-17 07:32:26,2021-08-17 07:52:02,Clark St & Henry St,4789,West St & Chambers St,5329,40.69760127,-73.99344559,40.71754834,-74.01322069,member
1751439,B7579BEE433AEAB6,classic_bike,2021-08-26 07:45:19,2021-08-26 08:07:03,Clark St & Henry St,4789,West St & Chambers St,5329,40.69760127,-73.99344559,40.71754834,-74.01322069,member
1751440,049C44BD1F6D0C1F,classic_bike,2021-08-31 07:22:37,2021-08-31 07:44:14,Clark St & Henry St,4789,West St & Chambers St,5329,40.69760127,-73.99344559,40.71754834,-74.01322069,member
1751441,F67EFF71E698F374,classic_bike,2021-08-18 09:37:52,2021-08-18 09:59:20,Clark St & Henry St,4789,West St & Chambers St,5329,40.69760127,-73.99344559,40.71754834,-74.01322069,member
1751449,878981878D327D00,electric_bike,2021-08-30 23:21:00,2021-08-30 23:36:47,Clark St & Henry St,4789,Wythe Ave & Metropolitan Ave,5348,40.69760127,-73.99344559,40.716887,-73.963198,member
1752286,B51B15933D22E483,electric_bike,2021-08-14 14:18:38,2021-08-14 14:31:55,Clark St & Henry St,4789,Willoughby Ave & Walworth St,4634,40.69760127,-73.99344559,40.69331716,-73.95381995,member
1753897,363A38A11A6D5A32,classic_bike,2021-08-15 15:13:36,2021-08-15 15:35:11,Clark St & Henry St,4789,West St & Chambers St,5329,40.69760127,-73.99344559,40.71754834,-74.01322069,casual
1761285,C0C1DA772C0CFA19,electric_bike,2021-08-11 05:51:44,2021-08-11 06:17:41,Clark St & Henry St,4789,Kingsland Ave & Nassau Ave,5613,40.69760127,-73.99344559,40.72577,-73.94173,member
1761290,BBC1EEA83E9034DF,classic_bike,2021-08-14 10:01:32,2021-08-14 10:27:17,Clark St & Henry St,4789,West St & Chambers St,5329,40.69760127,-73.99344559,40.71754834,-74.01322069,member
1761291,25D175D43F9B9C2B,classic_bike,2021-08-14 17:11:07,2021-08-14 17:36:59,Clark St & Henry St,4789,West St & Chambers St,5329,40.69760127,-73.99344559,40.71754834,-74.01322069,member
1762970,89FA22562FA95A08,classic_bike,2021-08-17 06:57:02,2021-08-17 07:14:44,Clark St & Henry St,4789,West St & Chambers St,5329,40.69760127,-73.99344559,40.71754834,-74.01322069,member
1767127,288AC7AEFF02E4B0,classic_bike,2021-08-28 10:23:07,2021-08-28 10:42:55,Clark St & Henry St,4789,West St & Chambers St,5329,40.69760127,-73.99344559,40.71754834,-74.01322069,member
1767128,0AE156FA36F88EE0,classic_bike,2021-08-24 07:15:22,2021-08-24 07:36:46,Clark St & Henry St,4789,West St & Chambers St,5329,40.69760127,-73.99344559,40.71754834,-74.01322069,member
1771402,543E090DAE1293CA,classic_bike,2021-08-08 00:19:54,2021-08-08 00:47:53,Clark St & Henry St,4789,Albany St & Greenwich St,5145,40.69760127,-73.99344559,40.709267,-74.013247,casual
1772707,798C1A52D0DD5081,classic_bike,2021-08-07 22:35:19,2021-08-07 22:44:15,Clark St & Henry St,4789,Johnson St & Gold St,4668,40.69760127,-73.99344559,40.69474881,-73.98362464,member
1772711,74FF5F647764DAB9,classic_bike,2021-08-03 14:11:02,2021-08-03 14:25:11,Clark St & Henry St,4789,Johnson St & Gold St,4668,40.69760127,-73.99344559,40.69474881,-73.98362464,casual
1773918,66E3FBD2158A8A5B,electric_bike,2021-08-02 17:08:25,2021-08-02 17:29:10,Clark St & Henry St,4789,St Marks Pl & 1 Ave,5626,40.69760127,-73.99344559,40.72779126,-73.98564945,member
1776533,8F55B871F7FF2871,classic_bike,2021-08-11 08:47:21,2021-08-11 09:03:24,Clark St & Henry St,4789,Broadway & Battery Pl,4962,40.69760127,-73.99344559,40.70463334,-74.01361706,member
1776569,BEF192BF2EC45A5F,classic_bike,2021-08-18 09:08:31,2021-08-18 09:25:47,Clark St & Henry St,4789,Broadway & Battery Pl,4962,40.69760127,-73.99344559,40.70463334,-74.01361706,member
1776570,DB134C6A1705C055,electric_bike,2021-08-18 09:36:57,2021-08-18 09:54:23,Clark St & Henry St,4789,Broadway & Battery Pl,4962,40.69760127,-73.99344559,40.70463334,-74.01361706,member
1777826,7FE20FBF86F82DB6,electric_bike,2021-08-17 07:30:33,2021-08-17 07:34:50,Clark St & Henry St,4789,Johnson St & Gold St,4668,40.69760127,-73.99344559,40.69474881,-73.98362464,member
1777829,9A08982EE763FFF0,classic_bike,2021-08-08 12:59:35,2021-08-08 13:05:08,Clark St & Henry St,4789,Johnson St & Gold St,4668,40.69760127,-73.99344559,40.69474881,-73.98362464,member
1777830,99167CD96530DD66,electric_bike,2021-08-28 23:55:23,2021-08-29 00:03:18,Clark St & Henry St,4789,Johnson St & Gold St,4668,40.69760127,-73.99344559,40.69474881,-73.98362464,member
1777832,1A102EAC3901B2CE,classic_bike,2021-08-22 21:44:43,2021-08-22 21:50:27,Clark St & Henry St,4789,Johnson St & Gold St,4668,40.69760127,-73.99344559,40.69474881,-73.98362464,member
1777836,AECC4C058C3BD0EC,classic_bike,2021-08-28 22:29:44,2021-08-28 22:34:55,Clark St & Henry St,4789,Johnson St & Gold St,4668,40.69760127,-73.99344559,40.69474881,-73.98362464,casual
1777858,ACF68F9F603D9056,classic_bike,2021-08-05 08:50:13,2021-08-05 09:06:59,Clark St & Henry St,4789,Broadway & Battery Pl,4962,40.69760127,-73.99344559,40.70463334,-74.01361706,member
1777860,412EA607B3A3F94D,classic_bike,2021-08-17 23:42:35,2021-08-17 23:48:00,Clark St & Henry St,4789,Johnson St & Gold St,4668,40.69760127,-73.99344559,40.69474881,-73.98362464,member
1779656,D1A8C785BF184C7E,classic_bike,2021-08-21 15:23:17,2021-08-21 15:29:58,Clark St & Henry St,4789,Johnson St & Gold St,4668,40.69760127,-73.99344559,40.69474881,-73.98362464,member
1779787,23F980B2AAD86CEB,electric_bike,2021-08-02 14:11:08,2021-08-02 14:26:33,Clark St & Henry St,4789,Albany St & Greenwich St,5145,40.69760127,-73.99344559,40.709267,-74.013247,member
1781829,7496E8C5E47D8AE0,classic_bike,2021-08-30 18:42:44,2021-08-30 19:01:07,Clark St & Henry St,4789,St Marks Pl & 1 Ave,5626,40.69760127,-73.99344559,40.72779126,-73.98564945,member
1781830,AB63B8A1336BED41,classic_bike,2021-08-02 14:13:28,2021-08-02 14:17:48,Clark St & Henry St,4789,Johnson St & Gold St,4668,40.69760127,-73.99344559,40.69474881,-73.98362464,member
1781857,A5B2CBB7C6D0884A,electric_bike,2021-08-02 07:31:55,2021-08-02 07:47:52,Clark St & Henry St,4789,Broadway & Battery Pl,4962,40.69760127,-73.99344559,40.70463334,-74.01361706,member
1781860,BB7885E9E0F91416,classic_bike,2021-08-09 13:05:46,2021-08-09 13:10:58,Clark St & Henry St,4789,Johnson St & Gold St,4668,40.69760127,-73.99344559,40.69474881,-73.98362464,member
1781861,DFBA8385794D0C2F,classic_bike,2021-08-19 18:38:20,2021-08-19 18:52:02,Clark St & Henry St,4789,Johnson St & Gold St,4668,40.69760127,-73.99344559,40.69474881,-73.98362464,member
1781869,88E68B2F66578195,electric_bike,2021-08-04 12:40:37,2021-08-04 12:53:35,Clark St & Henry St,4789,Liberty St & Nassau St,5105,40.69760127,-73.99344559,40.70858894240581,-74.00935482235809,member
1781870,13B97CB7641D13CF,classic_bike,2021-08-05 16:28:09,2021-08-05 17:07:59,Clark St & Henry St,4789,Broadway & Battery Pl,4962,40.69760127,-73.99344559,40.70463334,-74.01361706,casual
1781874,10B278AC70129E8D,electric_bike,2021-08-09 08:46:38,2021-08-09 09:03:32,Clark St & Henry St,4789,Broadway & Battery Pl,4962,40.69760127,-73.99344559,40.70463334,-74.01361706,member
1781879,E2553997B11029D3,classic_bike,2021-08-30 15:13:41,2021-08-30 15:37:28,Clark St & Henry St,4789,Cedar St & Evergreen Ave,4721,40.69760127,-73.99344559,40.69671,-73.92807,casual
1781880,2F48F039E5F4568B,electric_bike,2021-08-17 15:12:22,2021-08-17 15:29:14,Clark St & Henry St,4789,Albany St & Greenwich St,5145,40.69760127,-73.99344559,40.709267,-74.013247,casual
1781957,E2A24FB4272098ED,electric_bike,2021-08-06 09:46:24,2021-08-06 10:02:56,Clark St & Henry St,4789,Broadway & Battery Pl,4962,40.69760127,-73.99344559,40.70463334,-74.01361706,member
1781990,75C19CFB2CAC5EEF,classic_bike,2021-08-09 23:47:45,2021-08-09 23:51:30,Clark St & Henry St,4789,Johnson St & Gold St,4668,40.69760127,-73.99344559,40.69474881,-73.98362464,casual
1781991,91AC00E87E6CD4EA,electric_bike,2021-08-30 09:29:06,2021-08-30 09:40:50,Clark St & Henry St,4789,Broadway & Battery Pl,4962,40.69760127,-73.99344559,40.70463334,-74.01361706,member
1782030,A5F8F0D89C12F0E3,classic_bike,2021-08-19 09:17:43,2021-08-19 09:22:29,Clark St & Henry St,4789,Johnson St & Gold St,4668,40.69760127,-73.99344559,40.69474881,-73.98362464,member
1782031,86C6B76E52FDA4F6,classic_bike,2021-08-04 13:27:42,2021-08-04 13:33:03,Clark St & Henry St,4789,Johnson St & Gold St,4668,40.69760127,-73.99344559,40.69474881,-73.98362464,member
1782032,28A2D252BB4FF90B,classic_bike,2021-08-04 11:22:10,2021-08-04 11:26:37,Clark St & Henry St,4789,Johnson St & Gold St,4668,40.69760127,-73.99344559,40.69474881,-73.98362464,member
1782033,BB97A7EE1141695B,electric_bike,2021-08-11 09:47:07,2021-08-11 10:04:14,Clark St & Henry St,4789,Broadway & Battery Pl,4962,40.69760127,-73.99344559,40.70463334,-74.01361706,member
1782904,AAC516AC95CD823C,classic_bike,2021-08-01 20:03:34,2021-08-01 20:27:01,Clark St & Henry St,4789,Johnson St & Gold St,4668,40.69760127,-73.99344559,40.69474881,-73.98362464,member
1783576,737F584F6241A74B,electric_bike,2021-08-03 08:04:08,2021-08-03 08:21:12,Clark St & Henry St,4789,Liberty St & Nassau St,5105,40.69760127,-73.99344559,40.70858894240581,-74.00935482235809,member
1783577,725D6D95B7F34197,classic_bike,2021-08-27 09:52:42,2021-08-27 10:10:43,Clark St & Henry St,4789,Broadway & Battery Pl,4962,40.69760127,-73.99344559,40.70463334,-74.01361706,member
1783581,7BB83E7468B7581D,classic_bike,2021-08-05 16:28:25,2021-08-05 17:07:57,Clark St & Henry St,4789,Broadway & Battery Pl,4962,40.69760127,-73.99344559,40.70463334,-74.01361706,casual
1787473,9F0EB927C5FED923,classic_bike,2021-08-30 07:54:34,2021-08-30 08:14:18,Clark St & Henry St,4789,Broadway & Battery Pl,4962,40.69760127,-73.99344559,40.70463334,-74.01361706,member
1787680,4A3A90B38E57C72B,classic_bike,2021-08-03 08:07:06,2021-08-03 08:28:46,Clark St & Henry St,4789,Broadway & Battery Pl,4962,40.69760127,-73.99344559,40.70463334,-74.01361706,member
1787681,5F87362A73D7EEEA,classic_bike,2021-08-16 09:07:52,2021-08-16 09:22:32,Clark St & Henry St,4789,Broadway & Battery Pl,4962,40.69760127,-73.99344559,40.70463334,-74.01361706,member
1787682,89344CFEF9048F28,classic_bike,2021-08-02 09:54:29,2021-08-02 10:09:40,Clark St & Henry St,4789,Broadway & Battery Pl,4962,40.69760127,-73.99344559,40.70463334,-74.01361706,member
1787684,A42A3EA8F6A53E47,classic_bike,2021-08-03 18:57:56,2021-08-03 19:03:29,Clark St & Henry St,4789,Johnson St & Gold St,4668,40.69760127,-73.99344559,40.69474881,-73.98362464,member
1788550,AA04A9DF8CB0B8E5,classic_bike,2021-08-09 21:37:25,2021-08-09 21:51:29,Clark St & Henry St,4789,Liberty St & Nassau St,5105,40.69760127,-73.99344559,40.70858894240581,-74.00935482235809,member
1788551,FBB2C15BD0DEC235,classic_bike,2021-08-17 09:42:14,2021-08-17 09:57:31,Clark St & Henry St,4789,Broadway & Battery Pl,4962,40.69760127,-73.99344559,40.70463334,-74.01361706,member
1788552,42E4F04495C9773E,classic_bike,2021-08-01 14:20:56,2021-08-01 14:25:54,Clark St & Henry St,4789,Johnson St & Gold St,4668,40.69760127,-73.99344559,40.69474881,-73.98362464,member
1788554,6FE13662383BD0C5,electric_bike,2021-08-05 19:09:53,2021-08-05 19:25:00,Clark St & Henry St,4789,Albany St & Greenwich St,5145,40.69760127,-73.99344559,40.709267,-74.013247,member
1790242,67D124EBF7A6223C,classic_bike,2021-08-12 09:31:57,2021-08-12 09:43:28,Clark St & Henry St,4789,Johnson St & Gold St,4668,40.69760127,-73.99344559,40.69474881,-73.98362464,member
1790243,14913C071ED0FCFE,electric_bike,2021-08-30 23:21:38,2021-08-30 23:48:49,Clark St & Henry St,4789,St Marks Pl & 1 Ave,5626,40.69760127,-73.99344559,40.72779126,-73.98564945,member
1790438,96E22702FF99F52F,classic_bike,2021-08-26 09:22:31,2021-08-26 09:29:55,Clark St & Henry St,4789,Johnson St & Gold St,4668,40.69760127,-73.99344559,40.69474881,-73.98362464,member
1790524,008058B8BAB4C674,classic_bike,2021-08-03 13:38:13,2021-08-03 13:43:15,Clark St & Henry St,4789,Johnson St & Gold St,4668,40.69760127,-73.99344559,40.69474881,-73.98362464,member
1790861,39A10F7E35754C57,classic_bike,2021-08-08 21:51:28,2021-08-08 21:57:26,Clark St & Henry St,4789,Johnson St & Gold St,4668,40.69760127,-73.99344559,40.69474881,-73.98362464,member
1790862,12C5D503F368D8E5,classic_bike,2021-08-07 22:35:06,2021-08-07 22:43:20,Clark St & Henry St,4789,Johnson St & Gold St,4668,40.69760127,-73.99344559,40.69474881,-73.98362464,member
1791023,60DADA6331BB195C,electric_bike,2021-08-18 18:23:11,2021-08-18 18:39:26,Clark St & Henry St,4789,Albany St & Greenwich St,5145,40.69760127,-73.99344559,40.709267,-74.013247,casual
1791590,C3D1C5C1CF6DD54D,classic_bike,2021-08-24 10:04:46,2021-08-24 10:12:49,Clark St & Henry St,4789,Johnson St & Gold St,4668,40.69760127,-73.99344559,40.69474881,-73.98362464,member
1791591,5FCCBD29D435239B,classic_bike,2021-08-12 09:59:56,2021-08-12 10:15:31,Clark St & Henry St,4789,Broadway & Battery Pl,4962,40.69760127,-73.99344559,40.70463334,-74.01361706,member
1791769,AC154C9B19B633FB,classic_bike,2021-08-10 10:04:29,2021-08-10 10:19:58,Clark St & Henry St,4789,Broadway & Battery Pl,4962,40.69760127,-73.99344559,40.70463334,-74.01361706,member
1791935,A6AB11ADAE851FCB,electric_bike,2021-08-02 07:56:07,2021-08-02 08:09:19,Clark St & Henry St,4789,Liberty St & Nassau St,5105,40.69760127,-73.99344559,40.70858894240581,-74.00935482235809,member
1791937,75C0E1C6B3A7B429,classic_bike,2021-08-03 08:53:42,2021-08-03 09:12:03,Clark St & Henry St,4789,Broadway & Battery Pl,4962,40.69760127,-73.99344559,40.70463334,-74.01361706,member
1793367,C6C17E38E7236ECA,electric_bike,2021-08-30 10:32:57,2021-08-30 10:34:10,Clark St & Henry St,4789,Clinton St & Tillary St,4748,40.69760127,-73.99344559,40.69623297129316,-73.99142056703568,member
1793368,21B3DE8EC4F5DF64,electric_bike,2021-08-03 20:11:14,2021-08-03 20:35:20,Clark St & Henry St,4789,Clinton St & Tillary St,4748,40.69760127,-73.99344559,40.69623297129316,-73.99142056703568,member
1793371,9E49CE3F53E9C641,electric_bike,2021-08-27 16:12:04,2021-08-27 16:13:17,Clark St & Henry St,4789,Clinton St & Tillary St,4748,40.69760127,-73.99344559,40.69623297129316,-73.99142056703568,member
1795905,8D7FDC03D2FD154E,classic_bike,2021-08-12 13:00:17,2021-08-12 13:02:10,Clark St & Henry St,4789,Clinton St & Tillary St,4748,40.69760127,-73.99344559,40.69623297129316,-73.99142056703568,member
1795913,D45F2AD612B8D038,classic_bike,2021-08-24 06:17:13,2021-08-24 06:18:29,Clark St & Henry St,4789,Clinton St & Tillary St,4748,40.69760127,-73.99344559,40.69623297129316,-73.99142056703568,member
1795915,D2105DDC53830482,classic_bike,2021-08-30 06:16:52,2021-08-30 06:18:07,Clark St & Henry St,4789,Clinton St & Tillary St,4748,40.69760127,-73.99344559,40.69623297129316,-73.99142056703568,member
1795916,4EFA3E5A6E72A0F0,classic_bike,2021-08-26 10:17:17,2021-08-26 10:18:48,Clark St & Henry St,4789,Clinton St & Tillary St,4748,40.69760127,-73.99344559,40.69623297129316,-73.99142056703568,member
1795918,5EE9B394728BBEE9,electric_bike,2021-08-28 21:24:34,2021-08-28 21:56:24,Clark St & Henry St,4789,Clinton St & Tillary St,4748,40.69760127,-73.99344559,40.69623297129316,-73.99142056703568,member
1795924,CBC84885E6D983F1,classic_bike,2021-08-18 16:25:40,2021-08-18 16:28:03,Clark St & Henry St,4789,Clinton St & Tillary St,4748,40.69760127,-73.99344559,40.69623297129316,-73.99142056703568,member
1795925,290E839884C8A8D4,electric_bike,2021-08-25 07:21:22,2021-08-25 07:22:33,Clark St & Henry St,4789,Clinton St & Tillary St,4748,40.69760127,-73.99344559,40.69623297129316,-73.99142056703568,member
1795928,24E05D1880635F27,classic_bike,2021-08-27 08:53:14,2021-08-27 08:55:45,Clark St & Henry St,4789,Clinton St & Tillary St,4748,40.69760127,-73.99344559,40.69623297129316,-73.99142056703568,member
1795929,BD3C1A550DE851DB,classic_bike,2021-08-02 06:05:02,2021-08-02 06:06:28,Clark St & Henry St,4789,Clinton St & Tillary St,4748,40.69760127,-73.99344559,40.69623297129316,-73.99142056703568,member
1795937,A76DFF86B93F1D17,classic_bike,2021-08-09 15:51:19,2021-08-09 16:23:29,Clark St & Henry St,4789,Clinton St & Tillary St,4748,40.69760127,-73.99344559,40.69623297129316,-73.99142056703568,casual
1795940,93702026893D9DD1,classic_bike,2021-08-14 11:37:46,2021-08-14 11:39:28,Clark St & Henry St,4789,Clinton St & Tillary St,4748,40.69760127,-73.99344559,40.69623297129316,-73.99142056703568,member
1795941,E575ACDAADE6650D,classic_bike,2021-08-14 12:27:03,2021-08-14 12:28:56,Clark St & Henry St,4789,Clinton St & Tillary St,4748,40.69760127,-73.99344559,40.69623297129316,-73.99142056703568,member
1795942,4F4007DA89FDF3F3,classic_bike,2021-08-14 12:10:41,2021-08-14 12:12:42,Clark St & Henry St,4789,Clinton St & Tillary St,4748,40.69760127,-73.99344559,40.69623297129316,-73.99142056703568,member
1795943,8D63D7990B899733,classic_bike,2021-08-14 11:45:02,2021-08-14 11:46:42,Clark St & Henry St,4789,Clinton St & Tillary St,4748,40.69760127,-73.99344559,40.69623297129316,-73.99142056703568,member
1795944,D1F5F6D3042196C6,classic_bike,2021-08-14 12:19:46,2021-08-14 12:21:44,Clark St & Henry St,4789,Clinton St & Tillary St,4748,40.69760127,-73.99344559,40.69623297129316,-73.99142056703568,member
1795948,804C31AFC98567E8,electric_bike,2021-08-12 20:32:44,2021-08-12 21:08:07,Clark St & Henry St,4789,Prospect Park W & 20 St,3507,40.69760127,-73.99344559,40.656633,-73.983864,member
1795949,00B8BD8A066C5A0B,classic_bike,2021-08-24 16:48:38,2021-08-24 16:49:58,Clark St & Henry St,4789,Clinton St & Tillary St,4748,40.69760127,-73.99344559,40.69623297129316,-73.99142056703568,member
1795952,A095244A09C907C9,classic_bike,2021-08-17 12:59:10,2021-08-17 13:04:26,Clark St & Henry St,4789,Clinton St & Tillary St,4748,40.69760127,-73.99344559,40.69623297129316,-73.99142056703568,member
1795955,76F53ABECCFE79D4,classic_bike,2021-08-06 19:07:14,2021-08-06 19:09:04,Clark St & Henry St,4789,Clinton St & Tillary St,4748,40.69760127,-73.99344559,40.69623297129316,-73.99142056703568,member
1795969,4914FCACF12A619B,classic_bike,2021-08-30 09:49:06,2021-08-30 09:51:38,Clark St & Henry St,4789,Clinton St & Tillary St,4748,40.69760127,-73.99344559,40.69623297129316,-73.99142056703568,member
1795974,DA4A2844B3178157,classic_bike,2021-08-05 19:15:02,2021-08-05 19:16:23,Clark St & Henry St,4789,Clinton St & Tillary St,4748,40.69760127,-73.99344559,40.69623297129316,-73.99142056703568,member
1795975,43D5FEB1FDD674DA,classic_bike,2021-08-01 19:02:17,2021-08-01 19:03:37,Clark St & Henry St,4789,Clinton St & Tillary St,4748,40.69760127,-73.99344559,40.69623297129316,-73.99142056703568,member
1801326,57439946FD878DBD,classic_bike,2021-08-26 14:52:05,2021-08-26 14:53:24,Clark St & Henry St,4789,Clinton St & Tillary St,4748,40.69760127,-73.99344559,40.69623297129316,-73.99142056703568,member
1801327,184552847A0D6BC7,classic_bike,2021-08-03 09:12:30,2021-08-03 09:14:18,Clark St & Henry St,4789,Clinton St & Tillary St,4748,40.69760127,-73.99344559,40.69623297129316,-73.99142056703568,member
1801342,268C6998E8424226,classic_bike,2021-08-09 13:06:03,2021-08-09 13:21:55,Clark St & Henry St,4789,Clinton St & Tillary St,4748,40.69760127,-73.99344559,40.69623297129316,-73.99142056703568,member
1801346,64DB2C2EE8E665BC,classic_bike,2021-08-24 06:56:33,2021-08-24 06:58:39,Clark St & Henry St,4789,Clinton St & Tillary St,4748,40.69760127,-73.99344559,40.69623297129316,-73.99142056703568,member
1801347,B7EED27877E84E7B,classic_bike,2021-08-05 08:56:49,2021-08-05 08:58:05,Clark St & Henry St,4789,Clinton St & Tillary St,4748,40.69760127,-73.99344559,40.69623297129316,-73.99142056703568,member
1801348,6E772BCEADD70128,classic_bike,2021-08-10 10:07:06,2021-08-10 10:09:29,Clark St & Henry St,4789,Clinton St & Tillary St,4748,40.69760127,-73.99344559,40.69623297129316,-73.99142056703568,member
1801349,4B989070FFD2FDC6,electric_bike,2021-08-05 14:05:48,2021-08-05 14:07:58,Clark St & Henry St,4789,Clinton St & Tillary St,4748,40.69760127,-73.99344559,40.69623297129316,-73.99142056703568,member
1801353,84D82C13AF0DFFB0,electric_bike,2021-08-05 21:35:26,2021-08-05 21:36:44,Clark St & Henry St,4789,Clinton St & Tillary St,4748,40.69760127,-73.99344559,40.69623297129316,-73.99142056703568,member
1801355,724404BB219ECED8,classic_bike,2021-08-24 23:57:50,2021-08-24 23:59:41,Clark St & Henry St,4789,Clinton St & Tillary St,4748,40.69760127,-73.99344559,40.69623297129316,-73.99142056703568,member
1801356,7ADA20F5091B9924,classic_bike,2021-08-01 15:05:02,2021-08-01 15:36:19,Clark St & Henry St,4789,Clinton St & Tillary St,4748,40.69760127,-73.99344559,40.69623297129316,-73.99142056703568,casual
1801364,312F3CE1594329CA,classic_bike,2021-08-31 19:20:17,2021-08-31 19:55:06,Clark St & Henry St,4789,Prospect Park W & 20 St,3507,40.69760127,-73.99344559,40.656633,-73.983864,member
1801365,7A9D7E7FF1B4392C,classic_bike,2021-08-24 18:42:06,2021-08-24 19:18:15,Clark St & Henry St,4789,Prospect Park W & 20 St,3507,40.69760127,-73.99344559,40.656633,-73.983864,member
1801367,962FA50B8B4CE6F9,classic_bike,2021-08-08 14:34:54,2021-08-08 14:48:04,Clark St & Henry St,4789,Clinton St & Tillary St,4748,40.69760127,-73.99344559,40.69623297129316,-73.99142056703568,member
1801371,047F597D7102A439,electric_bike,2021-08-08 18:47:14,2021-08-08 19:16:44,Clark St & Henry St,4789,Clinton St & Tillary St,4748,40.69760127,-73.99344559,40.69623297129316,-73.99142056703568,member
1801395,05F8AF8C2DBF4E3E,classic_bike,2021-08-02 20:12:59,2021-08-02 20:16:07,Clark St & Henry St,4789,Clinton St & Tillary St,4748,40.69760127,-73.99344559,40.69623297129316,-73.99142056703568,member
1801670,D5471916EAFED158,classic_bike,2021-08-09 17:06:35,2021-08-09 17:13:26,Clark St & Henry St,4789,Clinton St & Tillary St,4748,40.69760127,-73.99344559,40.69623297129316,-73.99142056703568,member
1802387,919BD78BC74D00A3,electric_bike,2021-08-13 02:41:53,2021-08-13 02:43:50,Clark St & Henry St,4789,Clinton St & Tillary St,4748,40.69760127,-73.99344559,40.69623297129316,-73.99142056703568,member
1802581,10D5015BAF03E1DA,classic_bike,2021-08-17 18:20:28,2021-08-17 18:22:00,Clark St & Henry St,4789,Clinton St & Tillary St,4748,40.69760127,-73.99344559,40.69623297129316,-73.99142056703568,member
1802660,78B99644FBB94E88,classic_bike,2021-08-15 10:44:37,2021-08-15 10:46:41,Clark St & Henry St,4789,Clinton St & Tillary St,4748,40.69760127,-73.99344559,40.69623297129316,-73.99142056703568,member
1802661,BB59DF8C570BB566,classic_bike,2021-08-29 15:03:10,2021-08-29 15:04:32,Clark St & Henry St,4789,Clinton St & Tillary St,4748,40.69760127,-73.99344559,40.69623297129316,-73.99142056703568,member
1803163,262586F680D08ED6,classic_bike,2021-08-15 15:14:07,2021-08-15 15:15:51,Clark St & Henry St,4789,Clinton St & Tillary St,4748,40.69760127,-73.99344559,40.69623297129316,-73.99142056703568,member
1803164,7D92228887114992,classic_bike,2021-08-13 03:09:50,2021-08-13 03:27:11,Clark St & Henry St,4789,Clinton St & Tillary St,4748,40.69760127,-73.99344559,40.69623297129316,-73.99142056703568,member
1803166,B38E5301BC61D955,classic_bike,2021-08-25 18:42:40,2021-08-25 19:21:34,Clark St & Henry St,4789,Prospect Park W & 20 St,3507,40.69760127,-73.99344559,40.656633,-73.983864,member
1803167,3EB3A69038F9DA7A,classic_bike,2021-08-19 18:02:42,2021-08-19 18:04:07,Clark St & Henry St,4789,Clinton St & Tillary St,4748,40.69760127,-73.99344559,40.69623297129316,-73.99142056703568,member
1803168,A5C605E17B285E2A,classic_bike,2021-08-18 19:08:26,2021-08-18 19:10:45,Clark St & Henry St,4789,Clinton St & Tillary St,4748,40.69760127,-73.99344559,40.69623297129316,-73.99142056703568,member
1803825,18FE7B66B23DE208,classic_bike,2021-08-30 18:40:31,2021-08-30 19:14:52,Clark St & Henry St,4789,Prospect Park W & 20 St,3507,40.69760127,-73.99344559,40.656633,-73.983864,member
1803826,DF02A73066124A00,classic_bike,2021-08-31 16:54:27,2021-08-31 16:56:16,Clark St & Henry St,4789,Clinton St & Tillary St,4748,40.69760127,-73.99344559,40.69623297129316,-73.99142056703568,member
1805579,DE154E19288694E3,classic_bike,2021-08-13 17:12:21,2021-08-13 17:41:03,Clark St & Henry St,4789,Willoughby St & Fleet St,4628,40.69760127,-73.99344559,40.69196566,-73.9813018,casual
1805581,1FD50E2E7C8332DD,classic_bike,2021-08-17 21:37:35,2021-08-17 21:38:55,Clark St & Henry St,4789,Clinton St & Tillary St,4748,40.69760127,-73.99344559,40.69623297129316,-73.99142056703568,member
1805744,8EEB8B5575C11F7A,classic_bike,2021-08-30 09:37:20,2021-08-30 09:39:44,Clark St & Henry St,4789,Clinton St & Tillary St,4748,40.69760127,-73.99344559,40.69623297129316,-73.99142056703568,member
1805840,9A95E12BCA9BA6FD,classic_bike,2021-08-15 15:53:58,2021-08-15 15:55:36,Clark St & Henry St,4789,Clinton St & Tillary St,4748,40.69760127,-73.99344559,40.69623297129316,-73.99142056703568,member
1805841,9CBCA4F4CCBC4655,classic_bike,2021-08-07 00:51:32,2021-08-07 00:53:53,Clark St & Henry St,4789,Clinton St & Tillary St,4748,40.69760127,-73.99344559,40.69623297129316,-73.99142056703568,member
1806544,97770EA98B2C0F6A,classic_bike,2021-08-26 09:08:40,2021-08-26 09:10:00,Clark St & Henry St,4789,Clinton St & Tillary St,4748,40.69760127,-73.99344559,40.69623297129316,-73.99142056703568,member
1806561,B83C3B4B0F264847,electric_bike,2021-08-17 08:30:00,2021-08-17 08:31:51,Clark St & Henry St,4789,Clinton St & Tillary St,4748,40.69760127,-73.99344559,40.69623297129316,-73.99142056703568,member
1806562,A5F844990CBBC3B0,docked_bike,2021-08-30 20:20:09,2021-08-30 20:31:37,Clark St & Henry St,4789,Willoughby St & Fleet St,4628,40.697601,-73.993446,40.691966,-73.981302,casual
1806564,C25D1010E199A9EE,classic_bike,2021-08-04 12:56:15,2021-08-04 12:57:25,Clark St & Henry St,4789,Clinton St & Tillary St,4748,40.69760127,-73.99344559,40.69623297129316,-73.99142056703568,member
1806704,3CF32AA9DC7301FD,classic_bike,2021-08-09 15:44:49,2021-08-09 16:23:24,Clark St & Henry St,4789,Clinton St & Tillary St,4748,40.69760127,-73.99344559,40.69623297129316,-73.99142056703568,casual
1806707,66C5456621F75B3A,classic_bike,2021-08-06 21:09:13,2021-08-06 21:10:28,Clark St & Henry St,4789,Clinton St & Tillary St,4748,40.69760127,-73.99344559,40.69623297129316,-73.99142056703568,casual
1807095,FF0FF84D2747D0FD,classic_bike,2021-08-02 19:04:42,2021-08-02 19:37:19,Clark St & Henry St,4789,Prospect Park W & 20 St,3507,40.69760127,-73.99344559,40.656633,-73.983864,member
1807133,31394AA41F8D4570,classic_bike,2021-08-13 17:12:33,2021-08-13 17:41:11,Clark St & Henry St,4789,Willoughby St & Fleet St,4628,40.69760127,-73.99344559,40.69196566,-73.9813018,member
1807508,BA7BC5C72D0CA450,electric_bike,2021-08-23 20:42:49,2021-08-23 21:18:17,Clark St & Henry St,4789,Prospect Park W & 20 St,3507,40.69760127,-73.99344559,40.656633,-73.983864,member
1808213,43D3660F1FE89B2B,classic_bike,2021-08-20 16:33:13,2021-08-20 16:34:39,Clark St & Henry St,4789,Clinton St & Tillary St,4748,40.69760127,-73.99344559,40.69623297129316,-73.99142056703568,member
1808247,8A290E5E354C90A1,electric_bike,2021-08-29 16:25:32,2021-08-29 17:08:03,Clark St & Henry St,4789,Prospect Park W & 20 St,3507,40.69760127,-73.99344559,40.656633,-73.983864,member
1808258,89E29C636A49D8E1,classic_bike,2021-08-30 20:14:00,2021-08-30 20:32:00,Clark St & Henry St,4789,Willoughby St & Fleet St,4628,40.69760127,-73.99344559,40.69196566,-73.9813018,member
1808356,DE5F8842CF9751A0,classic_bike,2021-08-16 16:21:29,2021-08-16 16:24:38,Clark St & Henry St,4789,Clinton St & Tillary St,4748,40.69760127,-73.99344559,40.69623297129316,-73.99142056703568,member
1809385,5C2B77B25F00A9B9,classic_bike,2021-08-14 10:14:15,2021-08-14 10:15:52,Clark St & Henry St,4789,Clinton St & Tillary St,4748,40.69760127,-73.99344559,40.69623297129316,-73.99142056703568,member
1814655,A74013D8C2D6C0D3,classic_bike,2021-08-03 05:50:01,2021-08-03 06:17:35,Clark St & Henry St,4789,E 60 St & York Ave,6682,40.69760127,-73.99344559,40.759107,-73.959223,member
1821748,1742F30BFE736E1E,electric_bike,2021-08-04 20:20:05,2021-08-04 20:51:43,Clark St & Henry St,4789,E 8 St & Caton Ave,3272,40.69760127,-73.99344559,40.648055,-73.972432,casual
1826215,798313CB76A292B7,classic_bike,2021-08-20 08:00:48,2021-08-20 08:24:26,Clark St & Henry St,4789,1 Ave & E 18 St,5854,40.69760127,-73.99344559,40.73381219196632,-73.98054420948029,casual
1836603,D20D1D3D21399139,electric_bike,2021-08-07 22:41:09,2021-08-07 23:28:48,Clark St & Henry St,4789,31 St & Newtown Ave,6923,40.69760127,-73.99344559,40.7675487799971,-73.9209334552288,member
1842533,F2EC4CFE0E2215B4,electric_bike,2021-08-14 02:52:19,2021-08-14 03:20:14,Clark St & Henry St,4789,12 Ave & W 40 St,6765,40.69760127,-73.99344559,40.76087502,-74.00277668,member
1861506,0B2BB37EA2656F48,classic_bike,2021-08-08 15:15:30,2021-08-08 15:40:38,Clark St & Henry St,4789,E 13 St & Avenue A,5779,40.69760127,-73.99344559,40.72966729392978,-73.98067966103554,member
1876202,E5A8241AEFCF7D6F,electric_bike,2021-08-04 07:44:09,2021-08-04 08:16:10,Clark St & Henry St,4789,8 Ave & W 38 St,6526,40.69760127,-73.99344559,40.75461,-73.99177,member
1879160,8E3AB2ECB8FF9172,classic_bike,2021-08-04 09:44:32,2021-08-04 09:50:44,Clark St & Henry St,4789,Lawrence St & Willoughby St,4596,40.69760127,-73.99344559,40.69236178,-73.98631746,member
1879163,3A382686D7105289,classic_bike,2021-08-05 13:33:39,2021-08-05 13:39:51,Clark St & Henry St,4789,Lawrence St & Willoughby St,4596,40.69760127,-73.99344559,40.69236178,-73.98631746,member
1885362,99B7420343B50F29,classic_bike,2021-08-25 07:27:13,2021-08-25 07:40:55,Clark St & Henry St,4789,Reade St & Broadway,5247,40.69760127,-73.99344559,40.71450451,-74.00562789,member
1885367,50818A36F1B882F2,classic_bike,2021-08-26 13:25:42,2021-08-26 13:31:21,Clark St & Henry St,4789,Lawrence St & Willoughby St,4596,40.69760127,-73.99344559,40.69236178,-73.98631746,casual
1885368,73EEC71D2060B7C1,classic_bike,2021-08-28 16:40:38,2021-08-28 16:56:27,Clark St & Henry St,4789,Lawrence St & Willoughby St,4596,40.69760127,-73.99344559,40.69236178,-73.98631746,casual
1885370,E3AA54D04783FD7A,electric_bike,2021-08-15 08:22:27,2021-08-15 08:36:12,Clark St & Henry St,4789,Great Jones St,5636,40.69760127,-73.99344559,40.72743423,-73.99379025,casual
1885474,336F98F1851EDA54,classic_bike,2021-08-03 09:10:52,2021-08-03 09:16:33,Clark St & Henry St,4789,Lawrence St & Willoughby St,4596,40.69760127,-73.99344559,40.69236178,-73.98631746,member
1885478,D31A889C07B00DF2,electric_bike,2021-08-20 22:51:52,2021-08-20 23:40:33,Clark St & Henry St,4789,Smith St & 9 St,4077,40.69760127,-73.99344559,40.6746957,-73.99785768,casual
1885486,339F3AEB71EC4720,classic_bike,2021-08-07 13:40:20,2021-08-07 13:50:11,Clark St & Henry St,4789,Lawrence St & Willoughby St,4596,40.69760127,-73.99344559,40.69236178,-73.98631746,member
1885494,A4B6829D513CB853,classic_bike,2021-08-30 12:29:45,2021-08-30 12:38:33,Clark St & Henry St,4789,Lawrence St & Willoughby St,4596,40.69760127,-73.99344559,40.69236178,-73.98631746,member
1885495,D75094CBD90E3309,classic_bike,2021-08-26 11:25:33,2021-08-26 11:38:39,Clark St & Henry St,4789,Lawrence St & Willoughby St,4596,40.69760127,-73.99344559,40.69236178,-73.98631746,member
1885536,888209EF458F292C,classic_bike,2021-08-17 16:08:25,2021-08-17 16:30:29,Clark St & Henry St,4789,Lorimer St & Calyer St,5709,40.69760127,-73.99344559,40.72795,-73.95414,member
1885745,6C15F8F0B2C39BED,classic_bike,2021-08-05 05:10:46,2021-08-05 05:19:00,Clark St & Henry St,4789,Lawrence St & Willoughby St,4596,40.69760127,-73.99344559,40.69236178,-73.98631746,member
1885761,211BEBCEB891F5E3,classic_bike,2021-08-03 11:33:04,2021-08-03 11:47:04,Clark St & Henry St,4789,Reade St & Broadway,5247,40.69760127,-73.99344559,40.71450451,-74.00562789,member
1885766,661ED1BE6CDC2D6A,classic_bike,2021-08-16 15:59:10,2021-08-16 16:12:54,Clark St & Henry St,4789,Smith St & 9 St,4077,40.69760127,-73.99344559,40.6746957,-73.99785768,casual
1888434,F7E49BFED9655A62,classic_bike,2021-08-27 16:16:36,2021-08-27 16:20:03,Clark St & Henry St,4789,Lawrence St & Willoughby St,4596,40.69760127,-73.99344559,40.69236178,-73.98631746,member
1888445,F5EF604F17ECA9E3,classic_bike,2021-08-14 18:48:45,2021-08-14 18:55:04,Clark St & Henry St,4789,Lawrence St & Willoughby St,4596,40.69760127,-73.99344559,40.69236178,-73.98631746,member
1888476,8350FCD6AF90FBA5,classic_bike,2021-08-18 13:52:48,2021-08-18 14:01:16,Clark St & Henry St,4789,Lawrence St & Willoughby St,4596,40.69760127,-73.99344559,40.69236178,-73.98631746,casual
1889112,F7F4BF905E10F099,classic_bike,2021-08-13 11:51:37,2021-08-13 12:01:17,Clark St & Henry St,4789,Lawrence St & Willoughby St,4596,40.69760127,-73.99344559,40.69236178,-73.98631746,member
1889114,DC0A509B2486CD1D,classic_bike,2021-08-23 12:54:47,2021-08-23 13:00:17,Clark St & Henry St,4789,Lawrence St & Willoughby St,4596,40.69760127,-73.99344559,40.69236178,-73.98631746,casual
1893975,04605D33BD46E47D,classic_bike,2021-08-16 09:44:33,2021-08-16 09:50:07,Clark St & Henry St,4789,Lawrence St & Willoughby St,4596,40.69760127,-73.99344559,40.69236178,-73.98631746,member
1893976,F56871B88FD97F61,classic_bike,2021-08-20 08:32:23,2021-08-20 08:39:06,Clark St & Henry St,4789,Lawrence St & Willoughby St,4596,40.69760127,-73.99344559,40.69236178,-73.98631746,member
1893977,AC08DB5F5CE1B496,classic_bike,2021-08-16 15:12:35,2021-08-16 15:39:29,Clark St & Henry St,4789,Lorimer St & Calyer St,5709,40.69760127,-73.99344559,40.72795,-73.95414,member
1893981,FA0FA8911CE4E3A1,classic_bike,2021-08-28 14:18:28,2021-08-28 14:28:02,Clark St & Henry St,4789,Lawrence St & Willoughby St,4596,40.69760127,-73.99344559,40.69236178,-73.98631746,member
1893994,957AB0788778D84F,classic_bike,2021-08-19 15:59:09,2021-08-19 16:30:00,Clark St & Henry St,4789,E 31 St & 3 Ave,6239,40.69760127,-73.99344559,40.74394314,-73.97966069,casual
1893997,2C1CDC1B8BD33285,classic_bike,2021-08-28 16:41:12,2021-08-28 16:56:24,Clark St & Henry St,4789,Lawrence St & Willoughby St,4596,40.69760127,-73.99344559,40.69236178,-73.98631746,casual
1894028,A7C99C5FF5BDD861,electric_bike,2021-08-29 21:04:24,2021-08-29 21:10:24,Clark St & Henry St,4789,Lawrence St & Willoughby St,4596,40.69760127,-73.99344559,40.69236178,-73.98631746,member
1894035,65CBFC8689695384,classic_bike,2021-08-30 12:33:30,2021-08-30 12:38:47,Clark St & Henry St,4789,Lawrence St & Willoughby St,4596,40.69760127,-73.99344559,40.69236178,-73.98631746,casual
1894044,E62E507D582EDF04,electric_bike,2021-08-06 16:20:46,2021-08-06 16:29:35,Clark St & Henry St,4789,Lawrence St & Willoughby St,4596,40.69760127,-73.99344559,40.69236178,-73.98631746,member
1894048,3586065D736AEA84,classic_bike,2021-08-26 15:19:30,2021-08-26 15:29:22,Clark St & Henry St,4789,Smith St & 9 St,4077,40.69760127,-73.99344559,40.6746957,-73.99785768,member
1894054,598562A0A1F68989,classic_bike,2021-08-27 12:14:21,2021-08-27 12:19:05,Clark St & Henry St,4789,Lawrence St & Willoughby St,4596,40.69760127,-73.99344559,40.69236178,-73.98631746,casual
1894066,4188E1D9DD78FE98,electric_bike,2021-08-09 18:21:02,2021-08-09 18:31:00,Clark St & Henry St,4789,Smith St & 9 St,4077,40.69760127,-73.99344559,40.6746957,-73.99785768,member
1894210,BFA89601F4D348AE,classic_bike,2021-08-24 13:11:54,2021-08-24 13:24:26,Clark St & Henry St,4789,Lawrence St & Willoughby St,4596,40.69760127,-73.99344559,40.69236178,-73.98631746,member
1894215,71AA45D6F3145EF8,classic_bike,2021-08-05 16:04:38,2021-08-05 16:08:35,Clark St & Henry St,4789,Lawrence St & Willoughby St,4596,40.69760127,-73.99344559,40.69236178,-73.98631746,member
1894222,29FEEA02DA53EE21,classic_bike,2021-08-04 09:13:36,2021-08-04 09:21:06,Clark St & Henry St,4789,Lawrence St & Willoughby St,4596,40.69760127,-73.99344559,40.69236178,-73.98631746,member
1894513,C1C7A3C4E7F7CB7D,classic_bike,2021-08-24 12:50:28,2021-08-24 12:57:03,Clark St & Henry St,4789,Lawrence St & Willoughby St,4596,40.69760127,-73.99344559,40.69236178,-73.98631746,member
1896266,234B86181871019F,electric_bike,2021-08-23 18:48:27,2021-08-23 18:54:14,Clark St & Henry St,4789,Lawrence St & Willoughby St,4596,40.69760127,-73.99344559,40.69236178,-73.98631746,member
1901706,4094DC51287ADA23,classic_bike,2021-08-28 19:02:32,2021-08-28 19:07:02,Clark St & Henry St,4789,Lawrence St & Willoughby St,4596,40.69760127,-73.99344559,40.69236178,-73.98631746,member
1902213,3A55D2BE70815A43,classic_bike,2021-08-20 15:58:49,2021-08-20 16:04:28,Clark St & Henry St,4789,Lawrence St & Willoughby St,4596,40.69760127,-73.99344559,40.69236178,-73.98631746,member
1902214,2145593B181C107F,classic_bike,2021-08-24 12:40:30,2021-08-24 12:45:06,Clark St & Henry St,4789,Lawrence St & Willoughby St,4596,40.69760127,-73.99344559,40.69236178,-73.98631746,member
1904687,649E1A4364F038E5,classic_bike,2021-08-31 13:43:45,2021-08-31 13:48:39,Clark St & Henry St,4789,Lawrence St & Willoughby St,4596,40.69760127,-73.99344559,40.69236178,-73.98631746,member
1904876,81991CF8C39AA3AB,classic_bike,2021-08-15 22:07:52,2021-08-15 22:15:36,Clark St & Henry St,4789,Lawrence St & Willoughby St,4596,40.69760127,-73.99344559,40.69236178,-73.98631746,casual
1908449,6161F6897C0C78E7,classic_bike,2021-08-28 11:05:22,2021-08-28 11:11:07,Clark St & Henry St,4789,Lawrence St & Willoughby St,4596,40.69760127,-73.99344559,40.69236178,-73.98631746,casual
1908451,07FCFB7ED997436A,classic_bike,2021-08-03 10:54:11,2021-08-03 11:08:06,Clark St & Henry St,4789,Smith St & 9 St,4077,40.69760127,-73.99344559,40.6746957,-73.99785768,member
1908452,411FDFFF5BC4E369,classic_bike,2021-08-19 14:51:33,2021-08-19 14:58:04,Clark St & Henry St,4789,Lawrence St & Willoughby St,4596,40.69760127,-73.99344559,40.69236178,-73.98631746,member
1908605,4BE44EA358845E31,classic_bike,2021-08-20 10:59:56,2021-08-20 11:06:47,Clark St & Henry St,4789,Lawrence St & Willoughby St,4596,40.69760127,-73.99344559,40.69236178,-73.98631746,member
1908607,53668EFCD38DCA90,classic_bike,2021-08-07 14:15:04,2021-08-07 14:24:53,Clark St & Henry St,4789,Lawrence St & Willoughby St,4596,40.69760127,-73.99344559,40.69236178,-73.98631746,member
1908857,804A8B308A367E34,classic_bike,2021-08-19 19:58:16,2021-08-19 20:05:56,Clark St & Henry St,4789,Lawrence St & Willoughby St,4596,40.69760127,-73.99344559,40.69236178,-73.98631746,member
1909088,4917A4F5A51BD9AB,classic_bike,2021-08-10 08:41:04,2021-08-10 08:47:43,Clark St & Henry St,4789,Lawrence St & Willoughby St,4596,40.69760127,-73.99344559,40.69236178,-73.98631746,member
1909090,CA1CAC9B0642752F,classic_bike,2021-08-14 11:16:30,2021-08-14 11:22:14,Clark St & Henry St,4789,Lawrence St & Willoughby St,4596,40.69760127,-73.99344559,40.69236178,-73.98631746,member
1909111,05AD9817BD2BF51A,electric_bike,2021-08-02 20:53:57,2021-08-02 21:10:48,Clark St & Henry St,4789,Smith St & 9 St,4077,40.69760127,-73.99344559,40.6746957,-73.99785768,member
1909114,E9287E54FA42E651,classic_bike,2021-08-16 22:23:14,2021-08-16 22:28:04,Clark St & Henry St,4789,Lawrence St & Willoughby St,4596,40.69760127,-73.99344559,40.69236178,-73.98631746,member
1909115,D815BDFBF1EC0283,classic_bike,2021-08-25 19:55:12,2021-08-25 19:59:51,Clark St & Henry St,4789,Lawrence St & Willoughby St,4596,40.69760127,-73.99344559,40.69236178,-73.98631746,member
1909116,366E2942684C5908,classic_bike,2021-08-30 22:36:55,2021-08-30 22:45:22,Clark St & Henry St,4789,Lawrence St & Willoughby St,4596,40.69760127,-73.99344559,40.69236178,-73.98631746,member
1909117,01AF588ADB8F6BB3,classic_bike,2021-08-31 12:28:55,2021-08-31 12:38:15,Clark St & Henry St,4789,Lawrence St & Willoughby St,4596,40.69760127,-73.99344559,40.69236178,-73.98631746,member
1909118,00A361F7C51B64FA,classic_bike,2021-08-18 15:59:36,2021-08-18 16:04:17,Clark St & Henry St,4789,Lawrence St & Willoughby St,4596,40.69760127,-73.99344559,40.69236178,-73.98631746,member
1909119,D860572D5673C362,classic_bike,2021-08-29 11:38:32,2021-08-29 11:42:15,Clark St & Henry St,4789,Lawrence St & Willoughby St,4596,40.69760127,-73.99344559,40.69236178,-73.98631746,member
1909120,EDBE9562DF87E32C,classic_bike,2021-08-25 11:18:01,2021-08-25 11:24:04,Clark St & Henry St,4789,Lawrence St & Willoughby St,4596,40.69760127,-73.99344559,40.69236178,-73.98631746,member
1909122,C1FECD703875B847,classic_bike,2021-08-07 17:05:40,2021-08-07 17:22:09,Clark St & Henry St,4789,Smith St & 9 St,4077,40.69760127,-73.99344559,40.6746957,-73.99785768,member
1909151,EF2C0302BE000291,classic_bike,2021-08-13 18:05:56,2021-08-13 18:12:50,Clark St & Henry St,4789,Lawrence St & Willoughby St,4596,40.69760127,-73.99344559,40.69236178,-73.98631746,member
1918880,1FE80F6167D99C5F,electric_bike,2021-08-10 11:33:07,2021-08-10 11:38:16,Clark St & Henry St,4789,Sands St Gate,4812,40.69760127,-73.99344559,40.699569,-73.979827,casual
1918884,01C9F282DDF4F267,electric_bike,2021-08-20 04:27:44,2021-08-20 04:32:42,Clark St & Henry St,4789,Sands St Gate,4812,40.69760127,-73.99344559,40.699569,-73.979827,casual
1918919,3B9EA40BC1D99C6C,classic_bike,2021-08-19 08:42:55,2021-08-19 08:46:02,Clark St & Henry St,4789,Montague St & Clinton St,4677,40.69760127,-73.99344559,40.6942715,-73.9923272,member
1918925,59E32172413ED78D,classic_bike,2021-08-16 19:48:37,2021-08-16 19:52:26,Clark St & Henry St,4789,Montague St & Clinton St,4677,40.69760127,-73.99344559,40.6942715,-73.9923272,casual
1918930,74F5D0E9F6268516,classic_bike,2021-08-29 12:25:44,2021-08-29 12:28:55,Clark St & Henry St,4789,Montague St & Clinton St,4677,40.69760127,-73.99344559,40.6942715,-73.9923272,member
1918932,D46C3EC2043F743E,electric_bike,2021-08-26 18:39:16,2021-08-26 19:10:36,Clark St & Henry St,4789,Carmine St & 6 Ave,5763,40.69760127,-73.99344559,40.73038599,-74.00214988,member
1918938,3BDC5F2668C7C06D,electric_bike,2021-08-24 05:27:47,2021-08-24 05:32:54,Clark St & Henry St,4789,Sands St Gate,4812,40.69760127,-73.99344559,40.699569,-73.979827,casual
1918939,4FA63C9907B16F5E,classic_bike,2021-08-06 12:45:42,2021-08-06 12:51:42,Clark St & Henry St,4789,Sands St Gate,4812,40.69760127,-73.99344559,40.699569,-73.979827,casual
1918946,57C2C00833317CD3,classic_bike,2021-08-14 08:13:43,2021-08-14 08:16:40,Clark St & Henry St,4789,Montague St & Clinton St,4677,40.69760127,-73.99344559,40.6942715,-73.9923272,member
1918951,BDE315D6CB1DAB84,classic_bike,2021-08-09 16:56:14,2021-08-09 17:12:15,Clark St & Henry St,4789,Sands St Gate,4812,40.69760127,-73.99344559,40.699569,-73.979827,casual
1918961,CA772B63B405788E,classic_bike,2021-08-10 16:38:13,2021-08-10 16:41:33,Clark St & Henry St,4789,Montague St & Clinton St,4677,40.69760127,-73.99344559,40.6942715,-73.9923272,member
1918962,58668CD627988A3F,classic_bike,2021-08-23 18:12:31,2021-08-23 18:15:29,Clark St & Henry St,4789,Montague St & Clinton St,4677,40.69760127,-73.99344559,40.6942715,-73.9923272,casual
1918963,3EAB12A53D50D333,classic_bike,2021-08-23 15:32:51,2021-08-23 15:36:05,Clark St & Henry St,4789,Montague St & Clinton St,4677,40.69760127,-73.99344559,40.6942715,-73.9923272,casual
1918972,CCBBB392F0B93B27,electric_bike,2021-08-06 08:34:48,2021-08-06 08:58:54,Clark St & Henry St,4789,W 30 St & 10 Ave,6459,40.69760127,-73.99344559,40.752694,-74.002353,member
1918984,DE17E520D8AB6A21,classic_bike,2021-08-01 09:16:40,2021-08-01 09:24:29,Clark St & Henry St,4789,Sands St Gate,4812,40.69760127,-73.99344559,40.699569,-73.979827,member
1918985,F4D0C453E36596E2,classic_bike,2021-08-01 15:11:34,2021-08-01 15:14:46,Clark St & Henry St,4789,Montague St & Clinton St,4677,40.69760127,-73.99344559,40.6942715,-73.9923272,member
1919008,6025CE7164EC9E5B,classic_bike,2021-08-16 13:28:11,2021-08-16 13:30:21,Clark St & Henry St,4789,Montague St & Clinton St,4677,40.69760127,-73.99344559,40.6942715,-73.9923272,member
1919009,41325654CDC49F6B,classic_bike,2021-08-14 12:16:35,2021-08-14 12:23:01,Clark St & Henry St,4789,Montague St & Clinton St,4677,40.69760127,-73.99344559,40.6942715,-73.9923272,member
1919021,0E41B7A92BFFA91A,classic_bike,2021-08-24 18:29:18,2021-08-24 18:33:39,Clark St & Henry St,4789,Montague St & Clinton St,4677,40.69760127,-73.99344559,40.6942715,-73.9923272,member
1919022,BA47E84672F601F2,classic_bike,2021-08-09 18:31:35,2021-08-09 18:35:07,Clark St & Henry St,4789,Montague St & Clinton St,4677,40.69760127,-73.99344559,40.6942715,-73.9923272,member
1919023,40810A3ADB831D10,classic_bike,2021-08-19 18:33:16,2021-08-19 18:36:53,Clark St & Henry St,4789,Montague St & Clinton St,4677,40.69760127,-73.99344559,40.6942715,-73.9923272,member
1919096,BE23D3AF671A1252,classic_bike,2021-08-02 18:34:01,2021-08-02 18:40:42,Clark St & Henry St,4789,Montague St & Clinton St,4677,40.69760127,-73.99344559,40.6942715,-73.9923272,member
1919101,51D4D5CF41AEAB9A,electric_bike,2021-08-23 12:51:27,2021-08-23 12:58:08,Clark St & Henry St,4789,Sands St Gate,4812,40.69760127,-73.99344559,40.699569,-73.979827,casual
1922252,26587A00EC6CC6C9,classic_bike,2021-08-14 14:08:23,2021-08-14 14:10:40,Clark St & Henry St,4789,Montague St & Clinton St,4677,40.69760127,-73.99344559,40.6942715,-73.9923272,member
1922253,7A5467F4E3B450DD,classic_bike,2021-08-04 18:42:50,2021-08-04 18:45:59,Clark St & Henry St,4789,Montague St & Clinton St,4677,40.69760127,-73.99344559,40.6942715,-73.9923272,member
1922254,7BE27107CD74B8ED,classic_bike,2021-08-01 16:40:36,2021-08-01 16:44:13,Clark St & Henry St,4789,Montague St & Clinton St,4677,40.69760127,-73.99344559,40.6942715,-73.9923272,member
1922256,D4DAB1C9459C65BC,classic_bike,2021-08-07 08:41:58,2021-08-07 08:45:00,Clark St & Henry St,4789,Montague St & Clinton St,4677,40.69760127,-73.99344559,40.6942715,-73.9923272,member
1922257,E6F8AD45BC902004,classic_bike,2021-08-25 10:34:25,2021-08-25 10:39:48,Clark St & Henry St,4789,Sands St Gate,4812,40.69760127,-73.99344559,40.699569,-73.979827,casual
1922261,45DAAD99668B6483,classic_bike,2021-08-18 11:45:11,2021-08-18 11:52:11,Clark St & Henry St,4789,Sands St Gate,4812,40.69760127,-73.99344559,40.699569,-73.979827,casual
1922262,6011F98A44B79A4D,classic_bike,2021-08-14 04:38:43,2021-08-14 04:45:05,Clark St & Henry St,4789,Sands St Gate,4812,40.69760127,-73.99344559,40.699569,-73.979827,casual
1922264,2738ADD3EEF27DE4,classic_bike,2021-08-18 21:48:53,2021-08-18 21:54:25,Clark St & Henry St,4789,Montague St & Clinton St,4677,40.69760127,-73.99344559,40.6942715,-73.9923272,casual
1924398,7467F57789DB3354,classic_bike,2021-08-18 17:12:58,2021-08-18 17:27:26,Clark St & Henry St,4789,Montague St & Clinton St,4677,40.69760127,-73.99344559,40.6942715,-73.9923272,member
1924402,7484BD8E294DE488,classic_bike,2021-08-28 09:07:04,2021-08-28 09:14:21,Clark St & Henry St,4789,Montague St & Clinton St,4677,40.69760127,-73.99344559,40.6942715,-73.9923272,member
1924403,A68BCE324253D82B,classic_bike,2021-08-23 14:55:56,2021-08-23 15:01:34,Clark St & Henry St,4789,Montague St & Clinton St,4677,40.69760127,-73.99344559,40.6942715,-73.9923272,member
1924462,6E8EE190126E3B1A,classic_bike,2021-08-20 09:58:49,2021-08-20 10:03:02,Clark St & Henry St,4789,Montague St & Clinton St,4677,40.69760127,-73.99344559,40.6942715,-73.9923272,member
1924465,0BC215D56F205F4A,classic_bike,2021-08-04 09:20:07,2021-08-04 09:34:54,Clark St & Henry St,4789,Montague St & Clinton St,4677,40.69760127,-73.99344559,40.6942715,-73.9923272,member
1924466,BE049BDE563828E6,classic_bike,2021-08-31 10:39:42,2021-08-31 10:43:08,Clark St & Henry St,4789,Montague St & Clinton St,4677,40.69760127,-73.99344559,40.6942715,-73.9923272,member
1924469,9D7120E1B2A6C969,classic_bike,2021-08-26 13:53:31,2021-08-26 13:56:23,Clark St & Henry St,4789,Montague St & Clinton St,4677,40.69760127,-73.99344559,40.6942715,-73.9923272,member
1924471,84036D013FD8C34A,electric_bike,2021-08-27 17:04:10,2021-08-27 17:31:30,Clark St & Henry St,4789,Montague St & Clinton St,4677,40.69760127,-73.99344559,40.6942715,-73.9923272,member
1924603,C457CD518425AACD,classic_bike,2021-08-14 19:25:17,2021-08-14 19:28:15,Clark St & Henry St,4789,Montague St & Clinton St,4677,40.69760127,-73.99344559,40.6942715,-73.9923272,member
1924606,2EE927FE503B4BE2,classic_bike,2021-08-29 22:16:00,2021-08-29 22:21:54,Clark St & Henry St,4789,Montague St & Clinton St,4677,40.69760127,-73.99344559,40.6942715,-73.9923272,casual
1925446,1EB5219E095C3EFA,classic_bike,2021-08-22 19:15:30,2021-08-22 19:18:02,Clark St & Henry St,4789,Montague St & Clinton St,4677,40.69760127,-73.99344559,40.6942715,-73.9923272,member
1925447,637CE4B7A888099E,classic_bike,2021-08-17 00:09:48,2021-08-17 00:27:58,Clark St & Henry St,4789,Carmine St & 6 Ave,5763,40.69760127,-73.99344559,40.73038599,-74.00214988,member
1929250,BF51CE71762D23E4,classic_bike,2021-08-04 22:28:31,2021-08-04 22:34:54,Clark St & Henry St,4789,Montague St & Clinton St,4677,40.69760127,-73.99344559,40.6942715,-73.9923272,member
1929253,D146186A0BA3770D,classic_bike,2021-08-31 15:22:26,2021-08-31 15:25:40,Clark St & Henry St,4789,Montague St & Clinton St,4677,40.69760127,-73.99344559,40.6942715,-73.9923272,member
1929254,EEEC6A22CE075A3C,classic_bike,2021-08-31 13:59:35,2021-08-31 14:03:22,Clark St & Henry St,4789,Montague St & Clinton St,4677,40.69760127,-73.99344559,40.6942715,-73.9923272,member
1929305,3FBE6DF7D7AEFDC8,electric_bike,2021-08-31 23:06:00,2021-08-31 23:26:13,Clark St & Henry St,4789,Carmine St & 6 Ave,5763,40.69760127,-73.99344559,40.73038599,-74.00214988,member
1929312,C72DB50F11995058,electric_bike,2021-08-28 08:48:09,2021-08-28 08:50:12,Clark St & Henry St,4789,Montague St & Clinton St,4677,40.69760127,-73.99344559,40.6942715,-73.9923272,member
1929325,B4D108A564434996,electric_bike,2021-08-25 04:17:13,2021-08-25 05:00:07,Clark St & Henry St,4789,Carmine St & 6 Ave,5763,40.69760127,-73.99344559,40.73038599,-74.00214988,casual
1929344,EE51B08C64F570C3,classic_bike,2021-08-26 00:47:16,2021-08-26 00:50:12,Clark St & Henry St,4789,Montague St & Clinton St,4677,40.69760127,-73.99344559,40.6942715,-73.9923272,member
1929347,72064BE0313E773D,classic_bike,2021-08-24 06:42:37,2021-08-24 06:44:43,Clark St & Henry St,4789,Montague St & Clinton St,4677,40.69760127,-73.99344559,40.6942715,-73.9923272,member
1929351,E9E9B43D07510B1E,classic_bike,2021-08-25 18:41:17,2021-08-25 18:44:46,Clark St & Henry St,4789,Montague St & Clinton St,4677,40.69760127,-73.99344559,40.6942715,-73.9923272,member
1929363,1768FF8B8908A83D,classic_bike,2021-08-19 14:16:13,2021-08-19 14:20:18,Clark St & Henry St,4789,Montague St & Clinton St,4677,40.69760127,-73.99344559,40.6942715,-73.9923272,member
1929369,6949BB0EE55FA513,electric_bike,2021-08-25 17:59:31,2021-08-25 18:22:42,Clark St & Henry St,4789,Carmine St & 6 Ave,5763,40.69760127,-73.99344559,40.73038599,-74.00214988,member
1929371,A007C4ECB4AF1F53,classic_bike,2021-08-14 09:04:32,2021-08-14 09:06:53,Clark St & Henry St,4789,Montague St & Clinton St,4677,40.69760127,-73.99344559,40.6942715,-73.9923272,member
1929372,2A0B64CD1F5FE990,electric_bike,2021-08-31 20:29:23,2021-08-31 20:32:17,Clark St & Henry St,4789,Montague St & Clinton St,4677,40.69760127,-73.99344559,40.6942715,-73.9923272,member
1929373,77D5D7E066B8FF5F,classic_bike,2021-08-06 18:33:05,2021-08-06 18:36:42,Clark St & Henry St,4789,Montague St & Clinton St,4677,40.69760127,-73.99344559,40.6942715,-73.9923272,member
1929393,D8B7FAD2B97B1359,electric_bike,2021-08-29 10:05:11,2021-08-29 10:13:43,Clark St & Henry St,4789,Sands St Gate,4812,40.69760127,-73.99344559,40.699569,-73.979827,member
1929449,EF185D8FC8AC9D68,classic_bike,2021-08-30 06:39:19,2021-08-30 06:42:04,Clark St & Henry St,4789,Montague St & Clinton St,4677,40.69760127,-73.99344559,40.6942715,-73.9923272,member
1929452,6AD79C79289A6958,classic_bike,2021-08-27 21:41:51,2021-08-27 21:48:49,Clark St & Henry St,4789,Montague St & Clinton St,4677,40.69760127,-73.99344559,40.6942715,-73.9923272,member
1929455,0FF83A6F446B1E56,classic_bike,2021-08-29 13:37:09,2021-08-29 13:45:07,Clark St & Henry St,4789,Montague St & Clinton St,4677,40.69760127,-73.99344559,40.6942715,-73.9923272,member
1929456,1FB728806CBC83A1,classic_bike,2021-08-24 01:57:06,2021-08-24 01:59:38,Clark St & Henry St,4789,Montague St & Clinton St,4677,40.69760127,-73.99344559,40.6942715,-73.9923272,member
1929457,E4B02FE3B0A46721,electric_bike,2021-08-06 13:27:02,2021-08-06 13:46:28,Clark St & Henry St,4789,Carmine St & 6 Ave,5763,40.69760127,-73.99344559,40.73038599,-74.00214988,member
1929458,44056F8E3506485D,electric_bike,2021-08-28 06:41:33,2021-08-28 06:59:26,Clark St & Henry St,4789,Carmine St & 6 Ave,5763,40.69760127,-73.99344559,40.73038599,-74.00214988,member
1929459,113C10F7F8B76966,electric_bike,2021-08-12 11:16:48,2021-08-12 11:18:57,Clark St & Henry St,4789,Montague St & Clinton St,4677,40.69760127,-73.99344559,40.6942715,-73.9923272,member
1929590,412B1ED7883E7F67,classic_bike,2021-08-25 05:25:27,2021-08-25 05:32:21,Clark St & Henry St,4789,Sands St Gate,4812,40.69760127,-73.99344559,40.699569,-73.979827,casual
1930761,C363D95084F497F4,classic_bike,2021-08-30 22:58:48,2021-08-30 23:02:12,Clark St & Henry St,4789,Montague St & Clinton St,4677,40.69760127,-73.99344559,40.6942715,-73.9923272,casual
1930762,21E7CEA3323A0576,classic_bike,2021-08-10 05:31:13,2021-08-10 05:37:29,Clark St & Henry St,4789,Sands St Gate,4812,40.69760127,-73.99344559,40.699569,-73.979827,casual
1930768,B9AB8E31948F69C2,classic_bike,2021-08-25 12:50:11,2021-08-25 12:56:17,Clark St & Henry St,4789,Sands St Gate,4812,40.69760127,-73.99344559,40.699569,-73.979827,casual
1931128,437BD879DF8F15C9,classic_bike,2021-08-04 16:43:40,2021-08-04 16:45:50,Clark St & Henry St,4789,Montague St & Clinton St,4677,40.69760127,-73.99344559,40.6942715,-73.9923272,member
1931131,BC1F2F3DA6695CD8,classic_bike,2021-08-10 17:54:45,2021-08-10 17:59:12,Clark St & Henry St,4789,Montague St & Clinton St,4677,40.69760127,-73.99344559,40.6942715,-73.9923272,member
1931134,BA4DFCE5841066BB,classic_bike,2021-08-29 13:36:49,2021-08-29 13:45:08,Clark St & Henry St,4789,Montague St & Clinton St,4677,40.69760127,-73.99344559,40.6942715,-73.9923272,member
1931135,B53A211848C3699B,classic_bike,2021-08-01 14:17:34,2021-08-01 14:31:03,Clark St & Henry St,4789,Sands St Gate,4812,40.69760127,-73.99344559,40.699569,-73.979827,casual
1934265,0CBE33B61B746EB3,electric_bike,2021-08-03 18:28:15,2021-08-03 18:31:52,Clark St & Henry St,4789,Montague St & Clinton St,4677,40.69760127,-73.99344559,40.6942715,-73.9923272,member
1934269,7BE83F6B7A4A6131,classic_bike,2021-08-25 20:32:07,2021-08-25 20:35:46,Clark St & Henry St,4789,Montague St & Clinton St,4677,40.69760127,-73.99344559,40.6942715,-73.9923272,casual
1934271,ED6999AC78D87D45,electric_bike,2021-08-27 09:39:49,2021-08-27 09:44:29,Clark St & Henry St,4789,Montague St & Clinton St,4677,40.69760127,-73.99344559,40.6942715,-73.9923272,casual
1934346,CDAADC14A73AC3F9,classic_bike,2021-08-19 11:47:42,2021-08-19 12:08:52,Clark St & Henry St,4789,Carmine St & 6 Ave,5763,40.69760127,-73.99344559,40.73038599,-74.00214988,member
1934349,CBE0B8D4B25485ED,classic_bike,2021-08-14 13:06:45,2021-08-14 13:15:57,Clark St & Henry St,4789,Sands St Gate,4812,40.69760127,-73.99344559,40.699569,-73.979827,member
1934413,34BBBA5AC7553D9C,classic_bike,2021-08-03 15:36:49,2021-08-03 15:39:47,Clark St & Henry St,4789,Montague St & Clinton St,4677,40.69760127,-73.99344559,40.6942715,-73.9923272,casual
1934415,30C39C35C3967BD7,classic_bike,2021-08-11 18:13:12,2021-08-11 18:20:30,Clark St & Henry St,4789,Montague St & Clinton St,4677,40.69760127,-73.99344559,40.6942715,-73.9923272,casual
1934418,2A402168F0E6BB0D,electric_bike,2021-08-27 11:43:19,2021-08-27 11:51:02,Clark St & Henry St,4789,Sands St Gate,4812,40.69760127,-73.99344559,40.699569,-73.979827,casual
1934422,B618D9184C620FDB,classic_bike,2021-08-29 23:34:54,2021-08-29 23:37:14,Clark St & Henry St,4789,Montague St & Clinton St,4677,40.69760127,-73.99344559,40.6942715,-73.9923272,casual
1934425,80CFBCF4A05B8701,classic_bike,2021-08-31 16:59:53,2021-08-31 17:02:40,Clark St & Henry St,4789,Montague St & Clinton St,4677,40.69760127,-73.99344559,40.6942715,-73.9923272,member
1934547,1BB8648C458EFF72,classic_bike,2021-08-15 04:51:53,2021-08-15 07:25:43,Clark St & Henry St,4789,Sands St Gate,4812,40.69760127,-73.99344559,40.699569,-73.979827,casual
1934551,F68C271975E33B65,classic_bike,2021-08-16 20:39:39,2021-08-16 20:45:17,Clark St & Henry St,4789,Sands St Gate,4812,40.69760127,-73.99344559,40.699569,-73.979827,member
1934554,4FF37A5CEA6967B1,classic_bike,2021-08-20 13:17:41,2021-08-20 13:20:36,Clark St & Henry St,4789,Montague St & Clinton St,4677,40.69760127,-73.99344559,40.6942715,-73.9923272,member
1936256,86B3E8B89F10B4E4,electric_bike,2021-08-07 09:06:17,2021-08-07 09:08:26,Clark St & Henry St,4789,Montague St & Clinton St,4677,40.69760127,-73.99344559,40.6942715,-73.9923272,member
1936258,EB2EDCDBB3676CE6,electric_bike,2021-08-28 17:13:12,2021-08-28 17:28:12,Clark St & Henry St,4789,Montague St & Clinton St,4677,40.69760127,-73.99344559,40.6942715,-73.9923272,member
1936260,995D59349B9DF4C8,classic_bike,2021-08-19 13:38:15,2021-08-19 13:42:13,Clark St & Henry St,4789,Montague St & Clinton St,4677,40.69760127,-73.99344559,40.6942715,-73.9923272,member
1940146,3ABB52C7B4970847,classic_bike,2021-08-24 17:35:49,2021-08-24 17:39:22,Clark St & Henry St,4789,Montague St & Clinton St,4677,40.69760127,-73.99344559,40.6942715,-73.9923272,member
1941012,8925BCF71D8C9585,classic_bike,2021-08-21 12:24:34,2021-08-21 12:27:23,Clark St & Henry St,4789,Montague St & Clinton St,4677,40.69760127,-73.99344559,40.6942715,-73.9923272,member
1942995,115FA8463839B59B,classic_bike,2021-08-30 08:58:54,2021-08-30 09:03:32,Clark St & Henry St,4789,Montague St & Clinton St,4677,40.69760127,-73.99344559,40.6942715,-73.9923272,member
1943000,C39D29743A121E29,classic_bike,2021-08-31 11:30:01,2021-08-31 11:36:39,Clark St & Henry St,4789,Sands St Gate,4812,40.69760127,-73.99344559,40.699569,-73.979827,casual
1943491,7F03E493B684401C,classic_bike,2021-08-17 11:43:53,2021-08-17 11:50:14,Clark St & Henry St,4789,Sands St Gate,4812,40.69760127,-73.99344559,40.699569,-73.979827,casual
1943494,B37437B8FDBD723D,classic_bike,2021-08-16 05:35:27,2021-08-16 05:41:55,Clark St & Henry St,4789,Sands St Gate,4812,40.69760127,-73.99344559,40.699569,-73.979827,casual
1944364,69047A9C5987BF65,classic_bike,2021-08-04 08:00:27,2021-08-04 08:03:37,Clark St & Henry St,4789,Montague St & Clinton St,4677,40.69760127,-73.99344559,40.6942715,-73.9923272,member
1944370,6AEE6ACA366AA33F,classic_bike,2021-08-15 16:29:18,2021-08-15 16:39:24,Clark St & Henry St,4789,Montague St & Clinton St,4677,40.69760127,-73.99344559,40.6942715,-73.9923272,member
1944371,760CE190542CEA13,electric_bike,2021-08-15 17:38:37,2021-08-15 17:57:09,Clark St & Henry St,4789,Montague St & Clinton St,4677,40.69760127,-73.99344559,40.6942715,-73.9923272,member
1945453,E63B159D2A9A363A,classic_bike,2021-08-01 08:32:17,2021-08-01 08:35:44,Clark St & Henry St,4789,Montague St & Clinton St,4677,40.69760127,-73.99344559,40.6942715,-73.9923272,member
1945457,34E5976F9C18F599,classic_bike,2021-08-06 07:20:51,2021-08-06 07:23:31,Clark St & Henry St,4789,Montague St & Clinton St,4677,40.69760127,-73.99344559,40.6942715,-73.9923272,member
1945458,C3C4826A1E0BE14F,classic_bike,2021-08-02 09:48:09,2021-08-02 09:52:11,Clark St & Henry St,4789,Montague St & Clinton St,4677,40.69760127,-73.99344559,40.6942715,-73.9923272,member
1945459,F02B9E1649B218D6,classic_bike,2021-08-02 19:22:04,2021-08-02 19:24:28,Clark St & Henry St,4789,Montague St & Clinton St,4677,40.69760127,-73.99344559,40.6942715,-73.9923272,member
1945462,7B495F4F03708097,electric_bike,2021-08-11 20:05:29,2021-08-11 20:08:20,Clark St & Henry St,4789,Montague St & Clinton St,4677,40.69760127,-73.99344559,40.6942715,-73.9923272,member
1945465,3130B4DD58A309B1,classic_bike,2021-08-08 03:21:24,2021-08-08 03:28:47,Clark St & Henry St,4789,Sands St Gate,4812,40.69760127,-73.99344559,40.699569,-73.979827,member
1945987,3BA9F80BCE40F594,classic_bike,2021-08-29 11:48:14,2021-08-29 11:52:59,Clark St & Henry St,4789,Montague St & Clinton St,4677,40.69760127,-73.99344559,40.6942715,-73.9923272,member
1946824,8118EFB22B4291B0,classic_bike,2021-08-06 09:53:11,2021-08-06 09:55:39,Clark St & Henry St,4789,Montague St & Clinton St,4677,40.69760127,-73.99344559,40.6942715,-73.9923272,member
1946826,AB4D8651D97BBD99,classic_bike,2021-08-20 10:00:43,2021-08-20 10:07:07,Clark St & Henry St,4789,Sands St Gate,4812,40.69760127,-73.99344559,40.699569,-73.979827,member
1946827,9A1549D6FCEDC4BA,electric_bike,2021-08-13 13:16:25,2021-08-13 13:25:33,Clark St & Henry St,4789,Sands St Gate,4812,40.69760127,-73.99344559,40.699569,-73.979827,member
1946839,E7E24A1393498FC4,electric_bike,2021-08-26 08:44:43,2021-08-26 08:47:04,Clark St & Henry St,4789,Montague St & Clinton St,4677,40.69760127,-73.99344559,40.6942715,-73.9923272,member
1946845,5D612DD4E7AC7B3E,classic_bike,2021-08-23 18:03:39,2021-08-23 18:14:59,Clark St & Henry St,4789,Montague St & Clinton St,4677,40.69760127,-73.99344559,40.6942715,-73.9923272,member
1947184,D05E839F7F93E982,classic_bike,2021-08-05 18:31:57,2021-08-05 18:36:46,Clark St & Henry St,4789,Montague St & Clinton St,4677,40.69760127,-73.99344559,40.6942715,-73.9923272,member
1947185,E9E24A2C8C67938B,classic_bike,2021-08-21 08:52:32,2021-08-21 08:55:04,Clark St & Henry St,4789,Montague St & Clinton St,4677,40.69760127,-73.99344559,40.6942715,-73.9923272,member
1951783,AC771557D9C83E33,classic_bike,2021-08-02 00:38:44,2021-08-02 00:41:21,Clark St & Henry St,4789,Henry St & Middagh St,4861,40.69760127,-73.99344559,40.7003,-73.991581,member
1951784,D9623346083F9420,classic_bike,2021-08-03 11:51:57,2021-08-03 11:53:26,Clark St & Henry St,4789,Henry St & Middagh St,4861,40.69760127,-73.99344559,40.7003,-73.991581,member
1951786,2E8987EF537FE840,classic_bike,2021-08-17 17:16:42,2021-08-17 18:19:03,Clark St & Henry St,4789,Henry St & Middagh St,4861,40.69760127,-73.99344559,40.7003,-73.991581,casual
1951791,8AB14CA007B7D2AB,classic_bike,2021-08-10 10:21:00,2021-08-10 10:31:30,Clark St & Henry St,4789,Henry St & Middagh St,4861,40.69760127,-73.99344559,40.7003,-73.991581,member
1951792,06518607A7DA76AE,classic_bike,2021-08-24 18:09:33,2021-08-24 18:11:22,Clark St & Henry St,4789,Henry St & Middagh St,4861,40.69760127,-73.99344559,40.7003,-73.991581,member
1951805,9FEE2F20E6022212,classic_bike,2021-08-07 17:03:45,2021-08-07 17:40:50,Clark St & Henry St,4789,Henry St & Middagh St,4861,40.69760127,-73.99344559,40.7003,-73.991581,casual
1951806,E5906A31FF5AE24C,classic_bike,2021-08-17 17:17:00,2021-08-17 18:19:14,Clark St & Henry St,4789,Henry St & Middagh St,4861,40.69760127,-73.99344559,40.7003,-73.991581,casual
1951814,0F311677294B7222,classic_bike,2021-08-07 12:27:41,2021-08-07 12:40:16,Clark St & Henry St,4789,Henry St & Middagh St,4861,40.69760127,-73.99344559,40.7003,-73.991581,member
1952698,9F403DF34A8C2143,classic_bike,2021-08-26 18:46:00,2021-08-26 19:02:28,Clark St & Henry St,4789,7 St & 3 Ave,3996,40.69760127,-73.99344559,40.67260298150126,-73.98983001708984,member
1952700,4F853A46E179FC6F,classic_bike,2021-08-19 19:06:03,2021-08-19 19:36:38,Clark St & Henry St,4789,Henry St & Middagh St,4861,40.69760127,-73.99344559,40.7003,-73.991581,casual
1952701,9DDCEAFE83F492A7,electric_bike,2021-08-25 10:40:25,2021-08-25 11:11:32,Clark St & Henry St,4789,Henry St & Middagh St,4861,40.69760127,-73.99344559,40.7003,-73.991581,casual
1953026,22577E681FCE8416,classic_bike,2021-08-25 07:53:22,2021-08-25 08:38:15,Clark St & Henry St,4789,3 Ave & E 62 St,6762,40.69760127,-73.99344559,40.76312584,-73.96526895,member
1955004,3C8DD968A33165D4,classic_bike,2021-08-30 19:41:25,2021-08-30 19:43:05,Clark St & Henry St,4789,Henry St & Middagh St,4861,40.69760127,-73.99344559,40.7003,-73.991581,member
1955005,22A403ADD45DF878,classic_bike,2021-08-01 10:23:17,2021-08-01 10:39:55,Clark St & Henry St,4789,Henry St & Middagh St,4861,40.69760127,-73.99344559,40.7003,-73.991581,casual
1955006,972F7EC482E5B638,classic_bike,2021-08-17 20:00:08,2021-08-17 20:14:09,Clark St & Henry St,4789,7 St & 3 Ave,3996,40.69760127,-73.99344559,40.67260298150126,-73.98983001708984,member
1955016,C183D162823062EB,docked_bike,2021-08-25 10:43:34,2021-08-25 11:12:11,Clark St & Henry St,4789,Henry St & Middagh St,4861,40.697601,-73.993446,40.7003,-73.991581,casual
1955020,0F6243507C8841FC,electric_bike,2021-08-12 11:13:20,2021-08-12 11:20:41,Clark St & Henry St,4789,Henry St & Middagh St,4861,40.69760127,-73.99344559,40.7003,-73.991581,member
1955027,8871BE752D8B5367,classic_bike,2021-08-04 19:57:34,2021-08-04 20:36:22,Clark St & Henry St,4789,Henry St & Middagh St,4861,40.69760127,-73.99344559,40.7003,-73.991581,casual
1955028,2FDA041716315FB3,classic_bike,2021-08-30 03:55:54,2021-08-30 03:57:58,Clark St & Henry St,4789,Henry St & Middagh St,4861,40.69760127,-73.99344559,40.7003,-73.991581,casual
1955029,062406B3BE656380,classic_bike,2021-08-25 12:15:30,2021-08-25 12:41:51,Clark St & Henry St,4789,Henry St & Middagh St,4861,40.69760127,-73.99344559,40.7003,-73.991581,casual
1955030,E11833D64DFF56D9,classic_bike,2021-08-26 09:20:27,2021-08-26 10:04:53,Clark St & Henry St,4789,3 Ave & E 62 St,6762,40.69760127,-73.99344559,40.76312584,-73.96526895,member
1955032,5C1F685BB331C9D3,classic_bike,2021-08-23 12:56:59,2021-08-23 12:59:27,Clark St & Henry St,4789,Henry St & Middagh St,4861,40.69760127,-73.99344559,40.7003,-73.991581,member
1955358,0620790473929582,classic_bike,2021-08-23 20:59:06,2021-08-23 21:19:22,Clark St & Henry St,4789,Park Pl & Franklin Ave,4033,40.69760127,-73.99344559,40.6741806,-73.9564947,member
1956161,CE398625F94B9F5A,classic_bike,2021-08-31 12:02:18,2021-08-31 12:06:42,Clark St & Henry St,4789,Henry St & Middagh St,4861,40.69760127,-73.99344559,40.7003,-73.991581,member
1956162,F2F2C1D1D65F12D6,classic_bike,2021-08-08 10:57:00,2021-08-08 10:59:05,Clark St & Henry St,4789,Henry St & Middagh St,4861,40.69760127,-73.99344559,40.7003,-73.991581,member
1956163,0FC96622568B1636,classic_bike,2021-08-10 06:36:24,2021-08-10 06:38:29,Clark St & Henry St,4789,Henry St & Middagh St,4861,40.69760127,-73.99344559,40.7003,-73.991581,member
1956179,8A305EF429D9C2DD,classic_bike,2021-08-07 17:15:32,2021-08-07 17:47:23,Clark St & Henry St,4789,Henry St & Middagh St,4861,40.69760127,-73.99344559,40.7003,-73.991581,casual
1956627,5092ACBA2856EEDE,docked_bike,2021-08-05 15:05:34,2021-08-05 15:21:06,Clark St & Henry St,4789,Henry St & Middagh St,4861,40.697601,-73.993446,40.7003,-73.991581,casual
1956629,DFD74BB23E0DC2E0,classic_bike,2021-08-30 09:38:44,2021-08-30 09:40:53,Clark St & Henry St,4789,Henry St & Middagh St,4861,40.69760127,-73.99344559,40.7003,-73.991581,member
1957815,756F7786E73539D0,classic_bike,2021-08-01 21:24:42,2021-08-01 21:26:38,Clark St & Henry St,4789,Henry St & Middagh St,4861,40.69760127,-73.99344559,40.7003,-73.991581,member
1957891,8EBEB4F326144AB8,electric_bike,2021-08-31 17:44:56,2021-08-31 17:58:30,Clark St & Henry St,4789,7 St & 3 Ave,3996,40.69760127,-73.99344559,40.67260298150126,-73.98983001708984,member
1958544,10A080952839C89B,classic_bike,2021-08-17 16:21:42,2021-08-17 16:23:17,Clark St & Henry St,4789,Henry St & Middagh St,4861,40.69760127,-73.99344559,40.7003,-73.991581,casual
1959354,A5661E549E4BF860,classic_bike,2021-08-19 08:20:48,2021-08-19 09:06:39,Clark St & Henry St,4789,3 Ave & E 62 St,6762,40.69760127,-73.99344559,40.76312584,-73.96526895,member
1959358,E40AB480803F35AA,classic_bike,2021-08-01 09:18:36,2021-08-01 09:20:20,Clark St & Henry St,4789,Henry St & Middagh St,4861,40.69760127,-73.99344559,40.7003,-73.991581,member
1959359,9C9FDC171B3210DC,classic_bike,2021-08-14 10:02:09,2021-08-14 10:04:25,Clark St & Henry St,4789,Henry St & Middagh St,4861,40.69760127,-73.99344559,40.7003,-73.991581,member
1959360,BD227FD926090EBF,electric_bike,2021-08-17 08:17:54,2021-08-17 08:53:06,Clark St & Henry St,4789,W 52 St & 6 Ave,6740,40.69760127,-73.99344559,40.76132983124814,-73.97982001304626,member
1959442,CA95DDBCB74ABBAA,electric_bike,2021-08-15 08:08:34,2021-08-15 08:31:23,Clark St & Henry St,4789,7 St & 3 Ave,3996,40.69760127,-73.99344559,40.67260298150126,-73.98983001708984,casual
1959719,6B56928A56E820D2,classic_bike,2021-08-18 18:20:06,2021-08-18 18:39:53,Clark St & Henry St,4789,7 St & 3 Ave,3996,40.69760127,-73.99344559,40.67260298150126,-73.98983001708984,member
1959728,A441546A1DB966DC,classic_bike,2021-08-17 14:37:49,2021-08-17 14:55:03,Clark St & Henry St,4789,7 St & 3 Ave,3996,40.69760127,-73.99344559,40.67260298150126,-73.98983001708984,member
1959731,6CE7095240E2C514,classic_bike,2021-08-06 18:20:01,2021-08-06 18:22:12,Clark St & Henry St,4789,Henry St & Middagh St,4861,40.69760127,-73.99344559,40.7003,-73.991581,member
1959823,1A80941BEF8DD492,classic_bike,2021-08-03 18:03:54,2021-08-03 18:06:41,Clark St & Henry St,4789,Henry St & Middagh St,4861,40.69760127,-73.99344559,40.7003,-73.991581,member
1963778,7F1D928AC3E21016,classic_bike,2021-08-30 10:11:55,2021-08-30 10:32:44,Clark St & Henry St,4789,3 St & Prospect Park West,3865,40.69760127,-73.99344559,40.668132,-73.97363831,member
1977924,3FA4CB0413AC5E75,docked_bike,2021-08-09 22:12:43,2021-08-09 22:57:28,Clark St & Henry St,4789,Grand St & Greene St,5500,40.697601,-73.993446,40.7217,-74.002381,casual
1985064,050D8C45635CAF2E,electric_bike,2021-08-02 23:39:01,2021-08-02 23:57:19,Clark St & Henry St,4789,E 11 St & 1 Ave,5746,40.69760127,-73.99344559,40.72953837,-73.98426726,member
1985118,EB8428A46BFE3411,classic_bike,2021-08-06 09:25:37,2021-08-06 09:57:18,Clark St & Henry St,4789,Broadway & W 36 St,6441,40.69760127,-73.99344559,40.75097711,-73.98765428,member
1985190,C90DEFD0756D0FF4,classic_bike,2021-08-15 17:44:05,2021-08-15 18:12:19,Clark St & Henry St,4789,E 11 St & 1 Ave,5746,40.69760127,-73.99344559,40.72953837,-73.98426726,casual
1985191,D321B8F1AC8BF58D,classic_bike,2021-08-29 17:08:44,2021-08-29 17:31:37,Clark St & Henry St,4789,E 11 St & 1 Ave,5746,40.69760127,-73.99344559,40.72953837,-73.98426726,member
1986114,2214C584FE895F2B,electric_bike,2021-08-19 17:41:01,2021-08-19 18:04:51,Clark St & Henry St,4789,Hancock St & Bedford Ave,4255,40.69760127,-73.99344559,40.68216564,-73.95399026,member
1987607,5501EF327F14B2ED,electric_bike,2021-08-05 12:45:27,2021-08-05 13:00:18,Clark St & Henry St,4789,E 11 St & 1 Ave,5746,40.69760127,-73.99344559,40.72953837,-73.98426726,member
1993118,6653AFC098AF79A8,classic_bike,2021-08-18 10:21:31,2021-08-18 10:46:31,Clark St & Henry St,4789,3 St & Prospect Park West,3865,40.69760127,-73.99344559,40.668132,-73.97363831,member
1998144,C6D333DED6A683E8,electric_bike,2021-08-17 18:20:56,2021-08-17 18:34:30,Clark St & Henry St,4789,Grand St & Greene St,5500,40.69760127,-73.99344559,40.72170005235607,-74.00238141417502,member
1998145,8F8D2EFFFB5C8907,electric_bike,2021-08-11 11:03:00,2021-08-11 11:16:17,Clark St & Henry St,4789,Grand St & Greene St,5500,40.69760127,-73.99344559,40.72170005235607,-74.00238141417502,member
2008025,C0F0EBCA517D0C20,classic_bike,2021-08-11 22:17:28,2021-08-11 22:22:29,Clark St & Henry St,4789,Front St & Jay St,4895,40.69760127,-73.99344559,40.702461,-73.986842,member
2008026,1B61CF87BD32E38D,classic_bike,2021-08-16 13:30:03,2021-08-16 13:35:11,Clark St & Henry St,4789,Dock St & Front St,4903,40.69760127,-73.99344559,40.702709,-73.99253,member
2008051,79786CFFF89C88D2,classic_bike,2021-08-16 17:41:14,2021-08-16 17:48:25,Clark St & Henry St,4789,Dock St & Front St,4903,40.69760127,-73.99344559,40.702709,-73.99253,casual
2008061,AD13A4471D3289A0,electric_bike,2021-08-08 19:20:01,2021-08-08 19:41:54,Clark St & Henry St,4789,W 10 St & Washington St,5847,40.69760127,-73.99344559,40.73342399437081,-74.00851495563984,casual
2008062,C248E7C11B50D4DE,classic_bike,2021-08-26 12:59:53,2021-08-26 13:15:26,Clark St & Henry St,4789,Dock St & Front St,4903,40.69760127,-73.99344559,40.702709,-73.99253,casual
2008066,90134337482A6862,electric_bike,2021-08-29 15:11:22,2021-08-29 15:36:03,Clark St & Henry St,4789,W 10 St & Washington St,5847,40.69760127,-73.99344559,40.73342399437081,-74.00851495563984,member
2008070,B815BC5D05EB333D,classic_bike,2021-08-30 09:52:46,2021-08-30 09:58:08,Clark St & Henry St,4789,Dock St & Front St,4903,40.69760127,-73.99344559,40.702709,-73.99253,casual
2008083,648180A5A10BE8BB,classic_bike,2021-08-04 16:04:47,2021-08-04 16:18:15,Clark St & Henry St,4789,Dock St & Front St,4903,40.69760127,-73.99344559,40.702709,-73.99253,casual
2008084,BCD31496B45CD267,classic_bike,2021-08-04 16:05:07,2021-08-04 16:15:39,Clark St & Henry St,4789,Dock St & Front St,4903,40.69760127,-73.99344559,40.702709,-73.99253,casual
2008087,82DE520F5591B116,classic_bike,2021-08-15 20:39:20,2021-08-15 20:50:57,Clark St & Henry St,4789,Front St & Jay St,4895,40.69760127,-73.99344559,40.702461,-73.986842,member
2008108,49F911C0F2AF2FD0,docked_bike,2021-08-29 22:25:47,2021-08-29 23:48:01,Clark St & Henry St,4789,,nan,40.697601,-73.993446,,,casual
2008120,2944419FAD4F9A53,classic_bike,2021-08-16 19:31:29,2021-08-16 19:38:30,Clark St & Henry St,4789,Dock St & Front St,4903,40.69760127,-73.99344559,40.702709,-73.99253,member
2008121,217CFBCF3108A858,classic_bike,2021-08-30 06:31:53,2021-08-30 06:37:06,Clark St & Henry St,4789,Dock St & Front St,4903,40.69760127,-73.99344559,40.702709,-73.99253,member
2008130,3AF09BF73243BE9D,classic_bike,2021-08-11 12:46:30,2021-08-11 12:51:22,Clark St & Henry St,4789,Front St & Jay St,4895,40.69760127,-73.99344559,40.702461,-73.986842,member
2008132,B177742674BAD374,electric_bike,2021-08-17 00:04:14,2021-08-17 00:38:24,Clark St & Henry St,4789,,nan,40.69760127,-73.99344559,40.7,-73.93,member
2008134,7F5A3668556D6626,electric_bike,2021-08-09 12:33:37,2021-08-09 13:09:14,Clark St & Henry St,4789,,nan,40.69760127,-73.99344559,,,member
2008141,31DB2AB02456685F,electric_bike,2021-08-12 15:42:17,2021-08-12 15:52:42,Clark St & Henry St,4789,Front St & Jay St,4895,40.69760127,-73.99344559,40.702461,-73.986842,casual
2008143,F569DF9285189D7E,classic_bike,2021-08-24 18:52:19,2021-08-25 01:00:36,Clark St & Henry St,4789,,nan,40.69760127,-73.99344559,,,casual
2008158,865012D558664364,classic_bike,2021-08-02 08:51:45,2021-08-02 09:03:26,Clark St & Henry St,4789,Front St & Jay St,4895,40.69760127,-73.99344559,40.702461,-73.986842,casual
2008165,5635B3700066FFD9,classic_bike,2021-08-11 13:55:00,2021-08-11 13:59:56,Clark St & Henry St,4789,Dock St & Front St,4903,40.69760127,-73.99344559,40.702709,-73.99253,member
2008168,B5E8DC3EF1137A1F,classic_bike,2021-08-03 15:51:21,2021-08-03 16:04:09,Clark St & Henry St,4789,Dock St & Front St,4903,40.69760127,-73.99344559,40.702709,-73.99253,casual
2008169,F08CA85DE8E0C24A,classic_bike,2021-08-20 21:00:48,2021-08-20 21:10:58,Clark St & Henry St,4789,Dock St & Front St,4903,40.69760127,-73.99344559,40.702709,-73.99253,casual
2008173,6DCC27D2FCDE5E4C,classic_bike,2021-08-16 22:51:13,2021-08-16 23:04:24,Clark St & Henry St,4789,,nan,40.69760127,-73.99344559,40.68,-73.98,member
2009093,2BFFAA705EB8AF1B,classic_bike,2021-08-07 21:01:54,2021-08-07 21:01:54,Clark St & Henry St,4789,,nan,40.69760127,-73.99344559,40.7,-73.99,member
2009183,088025756D9780F9,electric_bike,2021-08-16 16:02:46,2021-08-16 16:08:56,Clark St & Henry St,4789,Front St & Jay St,4895,40.69760127,-73.99344559,40.702461,-73.986842,member
2009221,88B857D0A119612C,classic_bike,2021-08-07 11:47:43,2021-08-07 11:53:41,Clark St & Henry St,4789,Dock St & Front St,4903,40.69760127,-73.99344559,40.702709,-73.99253,member
2009224,BC86BA862E09D8D6,classic_bike,2021-08-24 13:10:39,2021-08-24 13:29:41,Clark St & Henry St,4789,Dock St & Front St,4903,40.69760127,-73.99344559,40.702709,-73.99253,casual
2009946,EC63B45368305F05,classic_bike,2021-08-14 23:04:51,2021-08-14 23:15:47,Clark St & Henry St,4789,Front St & Jay St,4895,40.69760127,-73.99344559,40.702461,-73.986842,member
2009949,FCBC41CDBA1C0F50,classic_bike,2021-08-25 12:39:47,2021-08-25 12:52:08,Clark St & Henry St,4789,Dock St & Front St,4903,40.69760127,-73.99344559,40.702709,-73.99253,member
2009973,E377EA1A194B7146,classic_bike,2021-08-13 15:12:07,2021-08-13 15:16:08,Clark St & Henry St,4789,Front St & Jay St,4895,40.69760127,-73.99344559,40.702461,-73.986842,member
2019389,0262D7728993ADED,electric_bike,2021-08-11 12:02:36,2021-08-11 13:17:36,Clark St & Henry St,4789,,nan,40.69760127,-73.99344559,40.69,-73.99,member
2019459,C8972B745BC5406B,classic_bike,2021-08-25 12:39:48,2021-08-25 12:52:32,Clark St & Henry St,4789,Dock St & Front St,4903,40.69760127,-73.99344559,40.702709,-73.99253,member
2021024,C15509DED7646582,classic_bike,2021-08-20 13:52:24,2021-08-20 19:54:05,Clark St & Henry St,4789,,nan,40.69760127,-73.99344559,40.7,-74.0,casual
2021126,54D551C54C3C4DC7,classic_bike,2021-08-21 18:28:10,2021-08-21 19:12:26,Clark St & Henry St,4789,,nan,40.69760127,-73.99344559,,,casual
2021382,DD572D155BF0AF24,electric_bike,2021-08-26 09:01:19,2021-08-26 12:38:45,Clark St & Henry St,4789,,nan,40.69760127,-73.99344559,,,casual
2021402,45ED58FB80B6E613,docked_bike,2021-08-31 19:38:13,2021-09-03 03:02:36,Clark St & Henry St,4789,,nan,40.697601,-73.993446,,,casual
2021421,B1F426A316E1C009,electric_bike,2021-08-13 19:56:06,2021-08-13 20:14:51,Clark St & Henry St,4789,W 10 St & Washington St,5847,40.69760127,-73.99344559,40.73342399437081,-74.00851495563984,member
2021422,BE5A27D130ADADD2,classic_bike,2021-08-17 08:34:16,2021-08-17 09:20:53,Clark St & Henry St,4789,,nan,40.69760127,-73.99344559,,,member
2021426,1338AE4D8C9FB44B,classic_bike,2021-08-12 16:38:49,2021-08-12 17:03:32,Clark St & Henry St,4789,,nan,40.69760127,-73.99344559,40.67,-73.98,member
2023068,6B353A606239D7AC,classic_bike,2021-08-31 12:09:20,2021-08-31 12:12:57,Clark St & Henry St,4789,Front St & Jay St,4895,40.69760127,-73.99344559,40.702461,-73.986842,member
2024721,293A81D75011778D,electric_bike,2021-08-13 05:42:14,2021-08-13 06:22:37,Clark St & Henry St,4789,Front St & Jay St,4895,40.69760127,-73.99344559,40.702461,-73.986842,member
2025956,6CDDB50AF801C594,classic_bike,2021-08-05 17:01:15,2021-08-05 17:26:18,Clark St & Henry St,4789,Front St & Jay St,4895,40.69760127,-73.99344559,40.702461,-73.986842,member
2027749,34D6DE8372B7E592,classic_bike,2021-08-01 15:10:26,2021-08-01 15:17:42,Clark St & Henry St,4789,Dock St & Front St,4903,40.69760127,-73.99344559,40.702709,-73.99253,member
2027756,DED25B7B0A07120A,classic_bike,2021-08-25 15:12:14,2021-08-25 15:29:00,Clark St & Henry St,4789,Dock St & Front St,4903,40.69760127,-73.99344559,40.702709,-73.99253,casual
2027762,7D5F17654ED897EA,electric_bike,2021-08-19 19:37:26,2021-08-19 20:06:17,Clark St & Henry St,4789,,nan,40.69760127,-73.99344559,40.69,-74.0,member
2027765,F6B41D84CEEAE5C4,classic_bike,2021-08-07 11:50:07,2021-08-07 11:53:56,Clark St & Henry St,4789,Dock St & Front St,4903,40.69760127,-73.99344559,40.702709,-73.99253,casual
2027766,277B28CD5E41EC3A,classic_bike,2021-08-16 17:40:25,2021-08-16 17:49:01,Clark St & Henry St,4789,Dock St & Front St,4903,40.69760127,-73.99344559,40.702709,-73.99253,casual
2028137,B8E38F699F80DFBC,classic_bike,2021-08-17 09:12:00,2021-08-17 14:43:37,Clark St & Henry St,4789,,nan,40.69760127,-73.99344559,,,member
2028426,0E72543B4423897F,classic_bike,2021-08-27 08:43:03,2021-08-27 08:46:07,Clark St & Henry St,4789,Dock St & Front St,4903,40.69760127,-73.99344559,40.702709,-73.99253,member
2028428,1544B9DE8984573B,classic_bike,2021-08-02 16:22:21,2021-08-02 16:26:33,Clark St & Henry St,4789,Dock St & Front St,4903,40.69760127,-73.99344559,40.702709,-73.99253,member
2029618,D25879C721012104,classic_bike,2021-08-13 15:08:44,2021-08-13 15:14:28,Clark St & Henry St,4789,Front St & Jay St,4895,40.69760127,-73.99344559,40.702461,-73.986842,member
2029756,85FF43FC8AAFDC48,classic_bike,2021-08-13 09:24:02,2021-08-13 09:31:59,Clark St & Henry St,4789,Dock St & Front St,4903,40.69760127,-73.99344559,40.702709,-73.99253,member
2035959,3E682859EBF2BEC2,classic_bike,2021-08-20 09:42:31,2021-08-20 09:54:43,Clark St & Henry St,4789,Ashland Pl & Dekalb Ave,4513,40.69760127,-73.99344559,40.690065,-73.978776,member
2035963,BF5028D2298E5D86,classic_bike,2021-08-04 13:34:56,2021-08-04 13:42:54,Clark St & Henry St,4789,Ashland Pl & Dekalb Ave,4513,40.69760127,-73.99344559,40.690065,-73.978776,member
2035966,F7647067A2757C24,classic_bike,2021-08-07 21:55:42,2021-08-07 22:11:25,Clark St & Henry St,4789,DeKalb Ave & Franklin Ave,4528,40.69760127,-73.99344559,40.69064807082943,-73.95746178925037,member
2035976,20E20760C502B451,classic_bike,2021-08-30 19:15:12,2021-08-30 19:27:43,Clark St & Henry St,4789,Ashland Pl & Dekalb Ave,4513,40.69760127,-73.99344559,40.690065,-73.978776,member
2035986,44753C665477DB33,electric_bike,2021-08-12 21:32:31,2021-08-12 22:07:57,Clark St & Henry St,4789,E 78 St & 2 Ave,7057,40.69760127,-73.99344559,40.7727966,-73.95577801,member
2036005,BDCCEDDEBA54D2E5,electric_bike,2021-08-22 01:12:46,2021-08-22 01:51:16,Clark St & Henry St,4789,Columbus Ave & W 72 St,7175,40.69760127,-73.99344559,40.7770575,-73.97898475,member
2036006,C55D9B5F91A13CAE,electric_bike,2021-08-19 23:10:35,2021-08-19 23:46:16,Clark St & Henry St,4789,Columbus Ave & W 72 St,7175,40.69760127,-73.99344559,40.7770575,-73.97898475,member
2036015,1CBCAA6889A626E9,classic_bike,2021-08-18 10:48:14,2021-08-18 11:01:06,Clark St & Henry St,4789,Ashland Pl & Dekalb Ave,4513,40.69760127,-73.99344559,40.690065,-73.978776,member
2036472,540B58A9D5EA8C90,electric_bike,2021-08-10 23:41:38,2021-08-11 00:16:31,Clark St & Henry St,4789,Columbus Ave & W 72 St,7175,40.69760127,-73.99344559,40.7770575,-73.97898475,member
2041570,B3E3944091CD1A9B,electric_bike,2021-08-08 00:38:39,2021-08-08 01:32:11,Clark St & Henry St,4789,Columbus Ave & W 72 St,7175,40.69760127,-73.99344559,40.7770575,-73.97898475,member
2042570,04626D808AC3C407,electric_bike,2021-08-08 11:24:18,2021-08-08 12:19:14,Clark St & Henry St,4789,E 78 St & 2 Ave,7057,40.69760127,-73.99344559,40.7727966,-73.95577801,member
2050814,37453B0A441AE9D1,classic_bike,2021-08-29 07:48:26,2021-08-29 07:53:31,Clark St & Henry St,4789,Congress St & Hicks St,4497,40.69760127,-73.99344559,40.6893952,-73.9995126,member
2050832,C1ABFC131EA8BCFE,classic_bike,2021-08-04 16:28:49,2021-08-04 16:42:29,Clark St & Henry St,4789,Congress St & Hicks St,4497,40.69760127,-73.99344559,40.6893952,-73.9995126,member
2050833,A17C02EA77EF2DD9,classic_bike,2021-08-02 08:40:23,2021-08-02 09:08:41,Clark St & Henry St,4789,W 21 St & 6 Ave,6140,40.69760127,-73.99344559,40.74173969,-73.99415556,member
2050839,170DB2724C8A1813,classic_bike,2021-08-29 14:16:48,2021-08-29 14:26:18,Clark St & Henry St,4789,Congress St & Hicks St,4497,40.69760127,-73.99344559,40.6893952,-73.9995126,casual
2050842,8785ACC90B41BD68,classic_bike,2021-08-26 22:11:17,2021-08-26 22:23:57,Clark St & Henry St,4789,Pioneer St & Van Brunt St,4169,40.69760127,-73.99344559,40.679043,-74.011169,casual
2054225,B9CB403C8DDAD31C,classic_bike,2021-08-30 14:02:49,2021-08-30 14:22:30,Clark St & Henry St,4789,Pioneer St & Van Brunt St,4169,40.69760127,-73.99344559,40.679043,-74.011169,member
2054252,3D426B5BDFBBC171,classic_bike,2021-08-19 12:47:49,2021-08-19 13:07:42,Clark St & Henry St,4789,Pioneer St & Van Brunt St,4169,40.69760127,-73.99344559,40.679043,-74.011169,member
2054283,F6219198AAC46A3E,electric_bike,2021-08-13 14:32:14,2021-08-13 14:48:45,Clark St & Henry St,4789,Congress St & Hicks St,4497,40.69760127,-73.99344559,40.6893952,-73.9995126,casual
2054285,E8849AC5C897CA61,classic_bike,2021-08-08 13:49:15,2021-08-08 14:06:45,Clark St & Henry St,4789,Pioneer St & Van Brunt St,4169,40.69760127,-73.99344559,40.679043,-74.011169,member
2054294,32860B187D69D12D,classic_bike,2021-08-14 15:00:31,2021-08-14 15:35:58,Clark St & Henry St,4789,Leonard St & Nassau Ave,5550,40.69760127,-73.99344559,40.7239567849954,-73.94984364509583,member
2054307,CBBAF713D9FCFD2D,classic_bike,2021-08-16 23:06:22,2021-08-16 23:11:05,Clark St & Henry St,4789,Congress St & Hicks St,4497,40.69760127,-73.99344559,40.6893952,-73.9995126,member
2054311,FC8BC46FA458135D,classic_bike,2021-08-31 09:05:45,2021-08-31 09:17:09,Clark St & Henry St,4789,Pioneer St & Van Brunt St,4169,40.69760127,-73.99344559,40.679043,-74.011169,member
2054315,62A0C4EDB5967BBA,electric_bike,2021-08-14 15:39:47,2021-08-14 16:02:24,Clark St & Henry St,4789,Montgomery St & Franklin Ave,3776,40.69760127,-73.99344559,40.666439306870814,-73.9605563879013,member
2054340,36CFC1D4EAECC7F2,classic_bike,2021-08-07 13:23:26,2021-08-07 14:03:10,Clark St & Henry St,4789,Congress St & Hicks St,4497,40.69760127,-73.99344559,40.6893952,-73.9995126,casual
2054443,5E8060CCBA8EC0AD,classic_bike,2021-08-29 14:08:58,2021-08-29 14:30:26,Clark St & Henry St,4789,Pioneer St & Van Brunt St,4169,40.69760127,-73.99344559,40.679043,-74.011169,casual
2054515,A833D21025561C80,classic_bike,2021-08-07 14:52:26,2021-08-07 15:20:03,Clark St & Henry St,4789,Pioneer St & Van Brunt St,4169,40.69760127,-73.99344559,40.679043,-74.011169,member
2054518,5A53CB4BFE10AC53,electric_bike,2021-08-24 17:26:13,2021-08-24 17:32:05,Clark St & Henry St,4789,Congress St & Hicks St,4497,40.69760127,-73.99344559,40.6893952,-73.9995126,member
2057556,E9D3EB979D16E62E,classic_bike,2021-08-19 18:51:33,2021-08-19 19:06:45,Clark St & Henry St,4789,Congress St & Hicks St,4497,40.69760127,-73.99344559,40.6893952,-73.9995126,member
2057559,588794DDF54C18EB,classic_bike,2021-08-24 16:51:51,2021-08-24 16:58:04,Clark St & Henry St,4789,Congress St & Hicks St,4497,40.69760127,-73.99344559,40.6893952,-73.9995126,member
2057560,696A302D4958002A,classic_bike,2021-08-05 08:27:04,2021-08-05 08:59:36,Clark St & Henry St,4789,W 21 St & 6 Ave,6140,40.69760127,-73.99344559,40.74173969,-73.99415556,member
2057562,6A9153AFC11DFA2D,classic_bike,2021-08-04 17:35:26,2021-08-04 17:43:17,Clark St & Henry St,4789,Congress St & Hicks St,4497,40.69760127,-73.99344559,40.6893952,-73.9995126,member
2057798,B16ADA65CABF34F5,classic_bike,2021-08-18 18:59:22,2021-08-18 19:04:34,Clark St & Henry St,4789,Congress St & Hicks St,4497,40.69760127,-73.99344559,40.6893952,-73.9995126,member
2057800,610D954930C3B204,classic_bike,2021-08-16 13:52:58,2021-08-16 14:07:04,Clark St & Henry St,4789,Pioneer St & Van Brunt St,4169,40.69760127,-73.99344559,40.679043,-74.011169,member
2062594,125E3A8C7EEA45D0,classic_bike,2021-08-07 16:37:37,2021-08-07 16:51:49,Clark St & Henry St,4789,Pioneer St & Van Brunt St,4169,40.69760127,-73.99344559,40.679043,-74.011169,member
2062606,EE2628CA2794992B,classic_bike,2021-08-11 17:24:45,2021-08-11 17:30:49,Clark St & Henry St,4789,Congress St & Hicks St,4497,40.69760127,-73.99344559,40.6893952,-73.9995126,member
2063747,CAB3AF221ADA1770,classic_bike,2021-08-14 09:09:21,2021-08-14 09:20:51,Clark St & Henry St,4789,Pioneer St & Van Brunt St,4169,40.69760127,-73.99344559,40.679043,-74.011169,member
2063971,F84E64CC33299DB6,classic_bike,2021-08-05 17:25:41,2021-08-05 17:32:42,Clark St & Henry St,4789,Congress St & Hicks St,4497,40.69760127,-73.99344559,40.6893952,-73.9995126,member
2064024,BE7A6B405EB3E31A,classic_bike,2021-08-30 20:41:02,2021-08-30 20:48:13,Clark St & Henry St,4789,Congress St & Hicks St,4497,40.69760127,-73.99344559,40.6893952,-73.9995126,member
2066331,289C41CC230A95B4,classic_bike,2021-08-24 09:51:01,2021-08-24 09:56:22,Clark St & Henry St,4789,Congress St & Hicks St,4497,40.69760127,-73.99344559,40.6893952,-73.9995126,member
2068277,8220DD0EB0CEE275,classic_bike,2021-08-30 15:46:15,2021-08-30 15:51:28,Clark St & Henry St,4789,Congress St & Hicks St,4497,40.69760127,-73.99344559,40.6893952,-73.9995126,member
2068695,433CE23C02D8CD1D,classic_bike,2021-08-18 17:45:31,2021-08-18 17:57:29,Clark St & Henry St,4789,Pioneer St & Van Brunt St,4169,40.69760127,-73.99344559,40.679043,-74.011169,casual
2070370,8F94D195E33E0E53,classic_bike,2021-08-01 13:07:34,2021-08-01 13:45:12,Clark St & Henry St,4789,Montgomery St & Franklin Ave,3776,40.69760127,-73.99344559,40.666439306870814,-73.9605563879013,member
2070378,231CAEDE69678D6A,classic_bike,2021-08-30 09:06:18,2021-08-30 09:23:23,Clark St & Henry St,4789,Pioneer St & Van Brunt St,4169,40.69760127,-73.99344559,40.679043,-74.011169,member
2070380,BB36CEA1F4AC92A4,classic_bike,2021-08-06 15:39:18,2021-08-06 15:52:13,Clark St & Henry St,4789,Pioneer St & Van Brunt St,4169,40.69760127,-73.99344559,40.679043,-74.011169,member
2070381,1A2BBDF725A0667A,classic_bike,2021-08-28 14:47:06,2021-08-28 15:43:25,Clark St & Henry St,4789,Pioneer St & Van Brunt St,4169,40.69760127,-73.99344559,40.679043,-74.011169,member
2071447,43BEC2229D7BFAF1,classic_bike,2021-08-07 14:53:07,2021-08-07 15:19:40,Clark St & Henry St,4789,Pioneer St & Van Brunt St,4169,40.69760127,-73.99344559,40.679043,-74.011169,casual
2071789,C757BBCC833B6C58,classic_bike,2021-08-07 07:33:00,2021-08-07 07:38:15,Clark St & Henry St,4789,Congress St & Hicks St,4497,40.69760127,-73.99344559,40.6893952,-73.9995126,member
2071791,51E3778D4D0AD614,classic_bike,2021-08-20 20:01:01,2021-08-20 20:22:13,Clark St & Henry St,4789,Kosciuszko St & Nostrand Ave,4519,40.69760127,-73.99344559,40.69072549,-73.95133465,member
2074096,F03DEEBBD524C299,classic_bike,2021-08-14 16:18:19,2021-08-14 16:42:55,Clark St & Henry St,4789,Suffolk St & Stanton St,5445,40.69760127,-73.99344559,40.72066442,-73.98517977,member
2080590,CD6819FEFA5C04D2,classic_bike,2021-08-20 20:14:36,2021-08-20 20:43:45,Clark St & Henry St,4789,Berry St & N 8 St,5379,40.69760127,-73.99344559,40.7190095,-73.95852515,member
2083433,B923F74603D66D8B,classic_bike,2021-08-25 00:23:57,2021-08-25 00:51:26,Clark St & Henry St,4789,Greene Ave & Throop Ave,4510,40.69760127,-73.99344559,40.6894932,-73.942061,casual
2091462,75CF0491C5CF3929,electric_bike,2021-08-20 00:00:49,2021-08-20 00:20:55,Clark St & Henry St,4789,Berry St & N 8 St,5379,40.69760127,-73.99344559,40.7190095,-73.95852515,member
2094651,D2869863CD6C2EB5,classic_bike,2021-08-07 13:17:59,2021-08-07 13:53:52,Clark St & Henry St,4789,Berry St & N 8 St,5379,40.69760127,-73.99344559,40.7190095,-73.95852515,member
2094783,6414686AF60DE7C3,classic_bike,2021-08-13 18:45:28,2021-08-13 19:08:47,Clark St & Henry St,4789,Greene Ave & Throop Ave,4510,40.69760127,-73.99344559,40.6894932,-73.942061,member
2094939,B8A46ED6A5F780C4,classic_bike,2021-08-25 00:24:18,2021-08-25 00:51:35,Clark St & Henry St,4789,Greene Ave & Throop Ave,4510,40.69760127,-73.99344559,40.6894932,-73.942061,casual
2095537,3F24057A515A1A77,electric_bike,2021-08-25 15:33:22,2021-08-25 15:48:00,Clark St & Henry St,4789,Suffolk St & Stanton St,5445,40.69760127,-73.99344559,40.72066442,-73.98517977,casual
2118271,0122B62341C0C6F5,classic_bike,2021-08-11 19:28:38,2021-08-11 19:38:41,Clark St & Henry St,4789,3 Ave & Schermerhorn St,4437,40.69760127,-73.99344559,40.68683208,-73.9796772,member
2120171,CB321A2810EAC229,classic_bike,2021-08-30 15:30:44,2021-08-30 15:51:11,Clark St & Henry St,4789,3 Ave & Schermerhorn St,4437,40.69760127,-73.99344559,40.68683208,-73.9796772,casual
2121095,93A64C2D62D83538,classic_bike,2021-08-11 13:23:49,2021-08-11 13:33:10,Clark St & Henry St,4789,3 Ave & Schermerhorn St,4437,40.69760127,-73.99344559,40.68683208,-73.9796772,member
2121155,896412C07A11F4CA,classic_bike,2021-08-04 12:28:29,2021-08-04 12:38:50,Clark St & Henry St,4789,3 Ave & Schermerhorn St,4437,40.69760127,-73.99344559,40.68683208,-73.9796772,member
2121156,195D60C61EDE0721,classic_bike,2021-08-02 17:42:03,2021-08-02 17:51:31,Clark St & Henry St,4789,3 Ave & Schermerhorn St,4437,40.69760127,-73.99344559,40.68683208,-73.9796772,member
2125398,660255F14B040FCF,classic_bike,2021-08-24 21:43:33,2021-08-24 21:52:05,Clark St & Henry St,4789,3 Ave & Schermerhorn St,4437,40.69760127,-73.99344559,40.68683208,-73.9796772,member
2125399,1DE2A0037468A762,classic_bike,2021-08-31 16:22:03,2021-08-31 17:04:32,Clark St & Henry St,4789,Vesey St & Church St,5216,40.69760127,-73.99344559,40.71221958009051,-74.01047229766846,member
2125407,6B03074E2C9C3CDC,classic_bike,2021-08-05 14:30:02,2021-08-05 14:45:16,Clark St & Henry St,4789,3 Ave & Schermerhorn St,4437,40.69760127,-73.99344559,40.68683208,-73.9796772,member
2125513,9745225EBD545552,electric_bike,2021-08-21 10:27:16,2021-08-21 10:38:32,Clark St & Henry St,4789,3 Ave & Schermerhorn St,4437,40.69760127,-73.99344559,40.68683208,-73.9796772,casual
2125731,12420C00D06045E9,classic_bike,2021-08-02 20:42:53,2021-08-02 20:56:48,Clark St & Henry St,4789,3 Ave & Schermerhorn St,4437,40.69760127,-73.99344559,40.68683208,-73.9796772,member
2125739,A1B0247A462F969E,electric_bike,2021-08-02 17:03:21,2021-08-02 17:29:49,Clark St & Henry St,4789,E 20 St & Park Ave,6055,40.69760127,-73.99344559,40.73827428,-73.98751968,casual
2126099,AAF19B2AB69368FB,classic_bike,2021-08-03 12:09:49,2021-08-03 12:21:37,Clark St & Henry St,4789,3 Ave & Schermerhorn St,4437,40.69760127,-73.99344559,40.68683208,-73.9796772,member
2127514,A1A26434AB87C820,classic_bike,2021-08-17 16:10:27,2021-08-17 16:21:29,Clark St & Henry St,4789,3 Ave & Schermerhorn St,4437,40.69760127,-73.99344559,40.68683208,-73.9796772,member
2127539,BEDD5D5E85C5F448,electric_bike,2021-08-18 13:47:05,2021-08-18 13:58:26,Clark St & Henry St,4789,3 Ave & Schermerhorn St,4437,40.69760127,-73.99344559,40.68683208,-73.9796772,member
2127546,4DE26F4FC5870D0C,classic_bike,2021-08-15 18:32:01,2021-08-15 18:45:36,Clark St & Henry St,4789,3 Ave & Schermerhorn St,4437,40.69760127,-73.99344559,40.68683208,-73.9796772,member
2127547,7119E165C6EE8BC8,classic_bike,2021-08-20 06:11:21,2021-08-20 06:23:01,Clark St & Henry St,4789,3 Ave & Schermerhorn St,4437,40.69760127,-73.99344559,40.68683208,-73.9796772,member
2128008,96C465FC9FD7709A,electric_bike,2021-08-16 21:04:34,2021-08-16 21:32:46,Clark St & Henry St,4789,E 20 St & Park Ave,6055,40.69760127,-73.99344559,40.73827428,-73.98751968,member
2128013,C10B629DAF2B95D3,classic_bike,2021-08-04 21:02:54,2021-08-04 21:20:48,Clark St & Henry St,4789,3 Ave & Schermerhorn St,4437,40.69760127,-73.99344559,40.68683208,-73.9796772,member
2128386,13E62D24AE58DBDF,classic_bike,2021-08-15 11:01:24,2021-08-15 11:16:38,Clark St & Henry St,4789,3 Ave & Schermerhorn St,4437,40.69760127,-73.99344559,40.68683208,-73.9796772,member
2128387,D84D941C74884D57,classic_bike,2021-08-29 13:08:37,2021-08-29 13:16:17,Clark St & Henry St,4789,3 Ave & Schermerhorn St,4437,40.69760127,-73.99344559,40.68683208,-73.9796772,member
2128389,786C91613DB2409D,classic_bike,2021-08-05 09:25:41,2021-08-05 09:36:16,Clark St & Henry St,4789,3 Ave & Schermerhorn St,4437,40.69760127,-73.99344559,40.68683208,-73.9796772,member
2138226,31D1919AE806AB9F,classic_bike,2021-08-31 10:56:26,2021-08-31 11:06:13,Clark St & Henry St,4789,3 Ave & Schermerhorn St,4437,40.69760127,-73.99344559,40.68683208,-73.9796772,member
2138244,24992B72641FE03A,classic_bike,2021-08-14 19:19:01,2021-08-14 19:27:46,Clark St & Henry St,4789,3 Ave & Schermerhorn St,4437,40.69760127,-73.99344559,40.68683208,-73.9796772,member
2138247,A03C5396A49C4A33,classic_bike,2021-08-05 17:19:44,2021-08-05 17:37:17,Clark St & Henry St,4789,3 Ave & Schermerhorn St,4437,40.69760127,-73.99344559,40.68683208,-73.9796772,member
2138249,A3F568BD059FDBDA,classic_bike,2021-08-17 09:03:07,2021-08-17 09:20:54,Clark St & Henry St,4789,3 Ave & Schermerhorn St,4437,40.69760127,-73.99344559,40.68683208,-73.9796772,member
2138271,55CF88C9CE183777,electric_bike,2021-08-25 11:12:31,2021-08-25 11:20:24,Clark St & Henry St,4789,3 Ave & Schermerhorn St,4437,40.69760127,-73.99344559,40.68683208,-73.9796772,casual
2138313,0833A845272F1775,classic_bike,2021-08-29 21:42:52,2021-08-29 21:53:20,Clark St & Henry St,4789,3 Ave & Schermerhorn St,4437,40.69760127,-73.99344559,40.68683208,-73.9796772,casual
2138366,C97E500A4BD77459,electric_bike,2021-08-29 15:09:03,2021-08-29 15:23:48,Clark St & Henry St,4789,South St & Whitehall St,4846,40.69760127,-73.99344559,40.70122128,-74.01234218,casual
2140983,3CD626CDB4CE31D0,electric_bike,2021-08-10 16:57:24,2021-08-10 17:06:41,Clark St & Henry St,4789,3 Ave & Schermerhorn St,4437,40.69760127,-73.99344559,40.68683208,-73.9796772,member
2141260,D51C8718FFF966B1,classic_bike,2021-08-28 10:25:45,2021-08-28 10:38:15,Clark St & Henry St,4789,Vesey St & Church St,5216,40.69760127,-73.99344559,40.71221958009051,-74.01047229766846,member
2141265,682EC79A560273D8,classic_bike,2021-08-05 17:51:31,2021-08-05 18:01:20,Clark St & Henry St,4789,3 Ave & Schermerhorn St,4437,40.69760127,-73.99344559,40.68683208,-73.9796772,member
2141387,295BD687094B76B6,classic_bike,2021-08-27 14:45:37,2021-08-27 14:53:58,Clark St & Henry St,4789,3 Ave & Schermerhorn St,4437,40.69760127,-73.99344559,40.68683208,-73.9796772,member
2142320,0E9AAC85D63842B8,classic_bike,2021-08-23 17:03:27,2021-08-23 17:19:57,Clark St & Henry St,4789,3 Ave & Schermerhorn St,4437,40.69760127,-73.99344559,40.68683208,-73.9796772,member
2142323,48D62482D840B496,electric_bike,2021-08-26 13:37:49,2021-08-26 13:52:44,Clark St & Henry St,4789,3 Ave & Schermerhorn St,4437,40.69760127,-73.99344559,40.68683208,-73.9796772,member
2143961,E3C6A42A11665326,classic_bike,2021-08-25 09:18:46,2021-08-25 09:31:12,Clark St & Henry St,4789,3 Ave & Schermerhorn St,4437,40.69760127,-73.99344559,40.68683208,-73.9796772,member
2143964,0B787090C73214ED,electric_bike,2021-08-31 08:43:02,2021-08-31 08:51:10,Clark St & Henry St,4789,3 Ave & Schermerhorn St,4437,40.69760127,-73.99344559,40.68683208,-73.9796772,casual
2144172,41B8490917D33E45,classic_bike,2021-08-29 11:03:05,2021-08-29 11:17:16,Clark St & Henry St,4789,3 Ave & Schermerhorn St,4437,40.69760127,-73.99344559,40.68683208,-73.9796772,member
2144963,846E8AD747A00E01,classic_bike,2021-08-29 11:04:15,2021-08-29 11:17:06,Clark St & Henry St,4789,3 Ave & Schermerhorn St,4437,40.69760127,-73.99344559,40.68683208,-73.9796772,member
2147769,3CCA104D26621772,classic_bike,2021-08-05 17:19:35,2021-08-05 17:37:25,Clark St & Henry St,4789,3 Ave & Schermerhorn St,4437,40.69760127,-73.99344559,40.68683208,-73.9796772,member
2147770,AEB64571CB5CF6E5,classic_bike,2021-08-31 16:24:44,2021-08-31 17:04:31,Clark St & Henry St,4789,Vesey St & Church St,5216,40.69760127,-73.99344559,40.71221958009051,-74.01047229766846,casual
2147824,89571ADD8BF56782,electric_bike,2021-08-20 09:35:08,2021-08-20 09:44:44,Clark St & Henry St,4789,3 Ave & Schermerhorn St,4437,40.69760127,-73.99344559,40.68683208,-73.9796772,member
2147923,09F880F1FC1413BA,classic_bike,2021-08-09 12:24:23,2021-08-09 12:34:37,Clark St & Henry St,4789,3 Ave & Schermerhorn St,4437,40.69760127,-73.99344559,40.68683208,-73.9796772,member
2147929,F6C87F46D498DC49,classic_bike,2021-08-05 20:44:38,2021-08-05 20:54:06,Clark St & Henry St,4789,3 Ave & Schermerhorn St,4437,40.69760127,-73.99344559,40.68683208,-73.9796772,member
2147930,4F69799B08A9DA21,classic_bike,2021-08-06 16:47:46,2021-08-06 16:57:56,Clark St & Henry St,4789,3 Ave & Schermerhorn St,4437,40.69760127,-73.99344559,40.68683208,-73.9796772,member
2149239,315E27B1D113C72B,classic_bike,2021-08-31 12:23:55,2021-08-31 12:39:01,Clark St & Henry St,4789,3 Ave & Schermerhorn St,4437,40.69760127,-73.99344559,40.68683208,-73.9796772,member
2153316,D7A64E7706F07C1A,electric_bike,2021-08-24 15:07:43,2021-08-24 15:18:44,Clark St & Henry St,4789,Warren St & W Broadway,5288,40.69760127,-73.99344559,40.71473993,-74.00910627,member
2153329,7BB610DDF2830B45,classic_bike,2021-08-24 12:41:47,2021-08-24 12:52:12,Clark St & Henry St,4789,Warren St & Court St,4413,40.69760127,-73.99344559,40.686371,-73.99383324,member
2153343,4293DB9B739703C8,electric_bike,2021-08-31 16:51:19,2021-08-31 17:15:55,Clark St & Henry St,4789,6 Ave & Canal St,5500,40.69760127,-73.99344559,40.72243797,-74.00566443,member
2153362,E34C13915383E12B,electric_bike,2021-08-20 11:45:20,2021-08-20 12:00:29,Clark St & Henry St,4789,Berkeley Pl & 7 Ave,4051,40.69760127,-73.99344559,40.675146838709786,-73.97523209452629,casual
2153374,19D9FE35606AA901,classic_bike,2021-08-30 16:43:57,2021-08-30 16:51:08,Clark St & Henry St,4789,Warren St & Court St,4413,40.69760127,-73.99344559,40.686371,-73.99383324,member
2153380,FDF73C2A200092AA,classic_bike,2021-08-14 09:52:40,2021-08-14 09:59:01,Clark St & Henry St,4789,Warren St & Court St,4413,40.69760127,-73.99344559,40.686371,-73.99383324,member
2155311,5CF4DD9421484CA0,classic_bike,2021-08-18 19:08:21,2021-08-18 19:34:28,Clark St & Henry St,4789,Warren St & W Broadway,5288,40.69760127,-73.99344559,40.71473993,-74.00910627,member
2155316,2BD62BCCAC03CEB7,classic_bike,2021-08-23 13:53:04,2021-08-23 14:14:04,Clark St & Henry St,4789,Berkeley Pl & 7 Ave,4051,40.69760127,-73.99344559,40.675146838709786,-73.97523209452629,casual
2158356,F9840621ED7282E9,classic_bike,2021-08-12 13:01:59,2021-08-12 13:19:35,Clark St & Henry St,4789,Berkeley Pl & 7 Ave,4051,40.69760127,-73.99344559,40.675146838709786,-73.97523209452629,member
2158362,D362B2066E90813A,electric_bike,2021-08-30 18:31:48,2021-08-30 18:50:47,Clark St & Henry St,4789,E 2 St & 2 Ave,5593,40.69760127,-73.99344559,40.72502876,-73.99069656,casual
2160547,F6893CDB54F48030,classic_bike,2021-08-20 16:17:19,2021-08-20 16:26:06,Clark St & Henry St,4789,Warren St & Court St,4413,40.69760127,-73.99344559,40.686371,-73.99383324,member
2166342,7BC052D8F513509C,classic_bike,2021-08-23 18:30:27,2021-08-23 18:37:33,Clark St & Henry St,4789,Warren St & Court St,4413,40.69760127,-73.99344559,40.686371,-73.99383324,member
2166345,1D1C15AE272574E9,classic_bike,2021-08-17 17:45:40,2021-08-17 17:53:54,Clark St & Henry St,4789,Warren St & Court St,4413,40.69760127,-73.99344559,40.686371,-73.99383324,casual
2166387,104AB4BB410E0B76,classic_bike,2021-08-12 16:42:34,2021-08-12 17:00:17,Clark St & Henry St,4789,Berkeley Pl & 7 Ave,4051,40.69760127,-73.99344559,40.675146838709786,-73.97523209452629,member
2166388,3563E48357B2FDE9,electric_bike,2021-08-14 15:19:45,2021-08-14 16:00:11,Clark St & Henry St,4789,1 Ave & E 30 St,6079,40.69760127,-73.99344559,40.74144387,-73.97536082,member
2166395,C1577E37BCE7B07C,electric_bike,2021-08-04 17:10:05,2021-08-04 17:16:30,Clark St & Henry St,4789,Warren St & Court St,4413,40.69760127,-73.99344559,40.686371,-73.99383324,casual
2176102,91BC8ED97A5CF41F,classic_bike,2021-08-11 21:36:41,2021-08-11 21:57:00,Clark St & Henry St,4789,4 Ave & 9 St,3955,40.69760127,-73.99344559,40.6705135,-73.98876585,casual
2176105,1AABBE454E151C71,classic_bike,2021-08-24 13:30:12,2021-08-24 13:37:46,Clark St & Henry St,4789,Warren St & Court St,4413,40.69760127,-73.99344559,40.686371,-73.99383324,member
2176113,352D2EC662BF5FB2,classic_bike,2021-08-07 02:11:12,2021-08-07 02:34:42,Clark St & Henry St,4789,4 Ave & 9 St,3955,40.69760127,-73.99344559,40.6705135,-73.98876585,casual
2176115,F8E5CEF556162B83,classic_bike,2021-08-15 12:58:10,2021-08-15 13:26:37,Clark St & Henry St,4789,12 St & 4 Ave,3882,40.69760127,-73.99344559,40.668603,-73.9904394,casual
2176118,E2CD7FB26E7D832B,classic_bike,2021-08-25 10:50:32,2021-08-25 10:57:27,Clark St & Henry St,4789,Warren St & Court St,4413,40.69760127,-73.99344559,40.686371,-73.99383324,member
2176134,5477E79A9BD64BA8,classic_bike,2021-08-11 09:29:58,2021-08-11 10:07:27,Clark St & Henry St,4789,E 47 St & 1 Ave,6498,40.69760127,-73.99344559,40.75206862,-73.96784384,member
2179144,B704BBE71E5C73AE,electric_bike,2021-08-28 00:59:23,2021-08-28 01:11:50,Clark St & Henry St,4789,Berkeley Pl & 7 Ave,4051,40.69760127,-73.99344559,40.675146838709786,-73.97523209452629,member
2179145,76A4799AAE2E587C,electric_bike,2021-08-26 07:22:36,2021-08-26 07:28:09,Clark St & Henry St,4789,Warren St & Court St,4413,40.69760127,-73.99344559,40.686371,-73.99383324,member
2183448,EB21CB42377352B8,classic_bike,2021-08-21 13:17:00,2021-08-21 13:23:33,Clark St & Henry St,4789,Warren St & Court St,4413,40.69760127,-73.99344559,40.686371,-73.99383324,member
2184046,9288A607BC194208,classic_bike,2021-08-08 09:56:47,2021-08-08 10:35:02,Clark St & Henry St,4789,Warren St & W Broadway,5288,40.69760127,-73.99344559,40.71473993,-74.00910627,member
2186660,8368D8BB2D836F38,classic_bike,2021-08-09 14:57:30,2021-08-09 15:15:47,Clark St & Henry St,4789,Berkeley Pl & 7 Ave,4051,40.69760127,-73.99344559,40.675146838709786,-73.97523209452629,member
2186662,6C21EB0024BE7BC5,classic_bike,2021-08-17 17:55:13,2021-08-17 18:14:52,Clark St & Henry St,4789,4 Ave & 9 St,3955,40.69760127,-73.99344559,40.6705135,-73.98876585,member
2186715,BAC6076A645B6AEF,electric_bike,2021-08-10 18:09:19,2021-08-10 18:26:03,Clark St & Henry St,4789,Warren St & W Broadway,5288,40.69760127,-73.99344559,40.71473993,-74.00910627,member
2186717,C7B5A2D552E86967,classic_bike,2021-08-21 01:47:17,2021-08-21 01:54:10,Clark St & Henry St,4789,Warren St & Court St,4413,40.69760127,-73.99344559,40.686371,-73.99383324,member
2188067,B0C452DD012FB077,classic_bike,2021-08-08 12:55:52,2021-08-08 13:19:18,Clark St & Henry St,4789,1 Ave & E 30 St,6079,40.69760127,-73.99344559,40.74144387,-73.97536082,member
2191143,B6EAE8E29AF58083,classic_bike,2021-08-28 13:12:54,2021-08-28 13:35:20,Clark St & Henry St,4789,Pike St & E Broadway,5270,40.69760127,-73.99344559,40.71406667,-73.99293911,casual
2191146,44B1709FF89C3996,classic_bike,2021-08-15 12:58:16,2021-08-15 13:26:52,Clark St & Henry St,4789,12 St & 4 Ave,3882,40.69760127,-73.99344559,40.668603,-73.9904394,casual
2192064,02A4E45BCB54EC73,classic_bike,2021-08-28 12:44:19,2021-08-28 12:51:30,Clark St & Henry St,4789,Warren St & Court St,4413,40.69760127,-73.99344559,40.686371,-73.99383324,member
2196878,63BEF5F11E9C89BC,electric_bike,2021-08-21 19:23:04,2021-08-21 19:31:30,Clark St & Henry St,4789,Cumberland St & Lafayette Ave,4428,40.69760127,-73.99344559,40.68753406,-73.97265183,member
2196884,E715917C4BB4BBE3,classic_bike,2021-08-30 20:15:03,2021-08-30 20:43:49,Clark St & Henry St,4789,W 24 St & 7 Ave,6257,40.69760127,-73.99344559,40.74487634,-73.99529885,member
2197140,388AE138FB59D527,classic_bike,2021-08-29 12:11:50,2021-08-29 12:29:30,Clark St & Henry St,4789,Cumberland St & Lafayette Ave,4428,40.69760127,-73.99344559,40.68753406,-73.97265183,casual
2197646,389356599364CCAE,classic_bike,2021-08-13 11:18:48,2021-08-13 11:38:24,Clark St & Henry St,4789,Columbia St & W 9 St,4086,40.69760127,-73.99344559,40.6769993,-74.00647134,member
2203253,42C878FD896AB3C8,electric_bike,2021-08-26 21:30:52,2021-08-26 21:39:53,Clark St & Henry St,4789,Cumberland St & Lafayette Ave,4428,40.69760127,-73.99344559,40.68753406,-73.97265183,member
2211304,3540547E15544779,classic_bike,2021-08-05 22:12:00,2021-08-05 22:23:49,Clark St & Henry St,4789,Cumberland St & Lafayette Ave,4428,40.69760127,-73.99344559,40.68753406,-73.97265183,member
2219936,F81FE6358E9A028B,electric_bike,2021-08-30 18:31:46,2021-08-30 19:17:24,Clark St & Henry St,4789,1 Ave & E 62 St,6753,40.69760127,-73.99344559,40.7612274,-73.96094022,member
2219941,21F1588D113BE1A0,electric_bike,2021-08-18 17:52:54,2021-08-18 18:05:38,Clark St & Henry St,4789,4 Ave & 3 St,4028,40.69760127,-73.99344559,40.673746,-73.985649,casual
2219945,8C105EFD83A0C459,classic_bike,2021-08-02 16:41:19,2021-08-02 16:59:49,Clark St & Henry St,4789,4 Ave & 3 St,4028,40.69760127,-73.99344559,40.673746,-73.985649,member
2228904,7959892B4A5A63E3,classic_bike,2021-08-31 18:42:31,2021-08-31 18:59:23,Clark St & Henry St,4789,4 Ave & 3 St,4028,40.69760127,-73.99344559,40.673746,-73.985649,member
2230482,414AA4E6335FB2C1,electric_bike,2021-08-16 18:55:27,2021-08-16 19:09:26,Clark St & Henry St,4789,4 Ave & 3 St,4028,40.69760127,-73.99344559,40.673746,-73.985649,casual
2231359,BE4957A0523D936D,electric_bike,2021-08-17 18:06:17,2021-08-17 18:19:36,Clark St & Henry St,4789,4 Ave & 3 St,4028,40.69760127,-73.99344559,40.673746,-73.985649,casual
2231682,399C480E09149E43,electric_bike,2021-08-16 18:54:59,2021-08-16 19:09:32,Clark St & Henry St,4789,4 Ave & 3 St,4028,40.69760127,-73.99344559,40.673746,-73.985649,casual
2231683,023C8F7B6635F503,classic_bike,2021-08-19 08:29:50,2021-08-19 08:51:08,Clark St & Henry St,4789,4 Ave & 3 St,4028,40.69760127,-73.99344559,40.673746,-73.985649,casual
2232631,154DDC0BD26A3A48,classic_bike,2021-08-01 14:31:32,2021-08-01 14:54:27,Clark St & Henry St,4789,4 Ave & 3 St,4028,40.69760127,-73.99344559,40.673746,-73.985649,member
2234495,285E59B88844AD58,classic_bike,2021-08-19 18:23:28,2021-08-19 18:37:45,Clark St & Henry St,4789,4 Ave & 3 St,4028,40.69760127,-73.99344559,40.673746,-73.985649,casual
2237649,DAE238A0063900E0,electric_bike,2021-08-31 08:31:46,2021-08-31 08:44:19,Clark St & Henry St,4789,Leonard St & Church St,5359,40.69760127,-73.99344559,40.717571,-74.005549,member
2238737,503D5D08323036BC,classic_bike,2021-08-03 06:41:21,2021-08-03 06:57:37,Clark St & Henry St,4789,Rivington St & Chrystie St,5453,40.69760127,-73.99344559,40.72110063,-73.9919254,casual
2242852,FC869A6922FB8513,classic_bike,2021-08-12 06:32:37,2021-08-12 06:47:18,Clark St & Henry St,4789,Rivington St & Chrystie St,5453,40.69760127,-73.99344559,40.72110063,-73.9919254,casual
2249307,246471DF3E03E2FA,classic_bike,2021-08-10 23:41:32,2021-08-11 00:14:51,Clark St & Henry St,4789,5 Ave & 41 St,3306,40.69760127,-73.99344559,40.649983,-74.005144,casual
2251810,AF3C9AD40A351E28,classic_bike,2021-08-05 06:36:44,2021-08-05 06:54:49,Clark St & Henry St,4789,Rivington St & Chrystie St,5453,40.69760127,-73.99344559,40.72110063,-73.9919254,casual
2251844,BE3B7109C6830D10,classic_bike,2021-08-10 06:33:48,2021-08-10 06:51:57,Clark St & Henry St,4789,Rivington St & Chrystie St,5453,40.69760127,-73.99344559,40.72110063,-73.9919254,casual
2254269,2129B18B0A3E7A48,electric_bike,2021-08-27 08:38:31,2021-08-27 08:50:08,Clark St & Henry St,4789,Leonard St & Church St,5359,40.69760127,-73.99344559,40.717571,-74.005549,member
2260735,242F495D7604949F,electric_bike,2021-08-29 22:57:51,2021-08-29 23:32:20,Clark St & Henry St,4789,Morgan Ave & Lombardy St,5503,40.69760127,-73.99344559,40.72226,-73.93889,casual
2260894,621C5A7B7D0E5122,classic_bike,2021-08-21 08:35:59,2021-08-21 08:50:21,Clark St & Henry St,4789,Leonard St & Church St,5359,40.69760127,-73.99344559,40.717571,-74.005549,casual
2261646,804AD88E4227267C,classic_bike,2021-08-27 09:08:48,2021-08-27 09:36:24,Clark St & Henry St,4789,Broadway & E 21 St,6098,40.69760127,-73.99344559,40.73988840858996,-73.98958593606949,member
2262059,42BD2B4CEF6E5E8E,electric_bike,2021-08-29 22:58:13,2021-08-29 23:32:22,Clark St & Henry St,4789,Morgan Ave & Lombardy St,5503,40.69760127,-73.99344559,40.72226,-73.93889,casual
2274961,C96565EC6712CF7A,classic_bike,2021-08-07 07:28:40,2021-08-07 07:45:46,Clark St & Henry St,4789,Rivington St & Chrystie St,5453,40.69760127,-73.99344559,40.72110063,-73.9919254,casual
2277639,E21BC77996E24094,electric_bike,2021-08-15 23:39:25,2021-08-16 00:00:41,Clark St & Henry St,4789,Graham Ave & Grand St,5178,40.69760127,-73.99344559,40.711863,-73.944024,member
2279333,1536A9F762AED9D7,electric_bike,2021-08-24 13:41:42,2021-08-24 13:53:44,Clark St & Henry St,4789,Leonard St & Church St,5359,40.69760127,-73.99344559,40.717571,-74.005549,member
2280981,D2C4713CC8954E84,classic_bike,2021-08-19 10:15:35,2021-08-19 10:31:31,Clark St & Henry St,4789,Forsyth St\t& Grand St,5382,40.69760127,-73.99344559,40.71779817737835,-73.99316132068634,member
2285874,61302D2F175DEE5A,electric_bike,2021-08-20 14:19:22,2021-08-20 14:35:08,Clark St & Henry St,4789,Cleveland Pl & Spring St,5492,40.69760127,-73.99344559,40.722103786686034,-73.99724900722504,member
2285875,9B7B47E1553AD82B,electric_bike,2021-08-14 12:30:58,2021-08-14 12:52:19,Clark St & Henry St,4789,E 12 St & 3 Ave,5788,40.69760127,-73.99344559,40.73223272,-73.98889957,member
2285902,3322C9ABCA32FD04,classic_bike,2021-08-29 12:47:07,2021-08-29 13:24:26,Clark St & Henry St,4789,48 St & 5 Ave,3202,40.69760127,-73.99344559,40.646351,-74.009271,casual
2285903,4E11E3221D1F2ECC,electric_bike,2021-08-23 23:30:07,2021-08-23 23:51:57,Clark St & Henry St,4789,Cleveland Pl & Spring St,5492,40.69760127,-73.99344559,40.722103786686034,-73.99724900722504,member
2285912,8844B682AA33B95C,electric_bike,2021-08-31 21:27:15,2021-08-31 22:02:40,Clark St & Henry St,4789,Graham Ave & Herbert St,5403,40.69760127,-73.99344559,40.71929301,-73.94500379,casual
2285915,DD7CCA2241BA4EDB,electric_bike,2021-08-02 23:23:08,2021-08-03 00:02:47,Clark St & Henry St,4789,6 Ave & W 34 St,6364,40.69760127,-73.99344559,40.74964,-73.98805,member
2285922,369296D9EB97A0C9,classic_bike,2021-08-01 16:45:41,2021-08-01 17:15:20,Clark St & Henry St,4789,Park Cir & East Dr,3344,40.69760127,-73.99344559,40.651566,-73.972212,member
2285923,C66C0F3C4A6977BB,electric_bike,2021-08-29 22:58:34,2021-08-29 23:31:42,Clark St & Henry St,4789,Forsyth St\t& Grand St,5382,40.69760127,-73.99344559,40.71779817737835,-73.99316132068634,casual
2286089,74932BEFFA4D4750,classic_bike,2021-08-30 21:22:20,2021-08-30 21:40:42,Clark St & Henry St,4789,Forsyth St\t& Grand St,5382,40.69760127,-73.99344559,40.71779817737835,-73.99316132068634,member
2293066,C8862119596BF06D,electric_bike,2021-08-25 11:29:29,2021-08-25 11:59:46,Clark St & Henry St,4789,6 Ave & W 34 St,6364,40.69760127,-73.99344559,40.74964,-73.98805,member
2300388,FFBF308014E1A845,electric_bike,2021-08-01 19:10:40,2021-08-01 19:27:55,Clark St & Henry St,4789,Cleveland Pl & Spring St,5492,40.69760127,-73.99344559,40.722103786686034,-73.99724900722504,casual
2301881,A39C99968C71D184,classic_bike,2021-08-24 08:49:24,2021-08-24 09:03:23,Clark St & Henry St,4789,Forsyth St\t& Grand St,5382,40.69760127,-73.99344559,40.71779817737835,-73.99316132068634,member
2301889,87FF19BB04CCFADF,electric_bike,2021-08-20 12:34:53,2021-08-20 12:52:54,Clark St & Henry St,4789,Cleveland Pl & Spring St,5492,40.69760127,-73.99344559,40.722103786686034,-73.99724900722504,member
2306718,F600E1505936F491,classic_bike,2021-08-24 13:08:46,2021-08-24 13:25:34,Clark St & Henry St,4789,Cleveland Pl & Spring St,5492,40.69760127,-73.99344559,40.722103786686034,-73.99724900722504,member
2306720,C959395B3E1F6F27,electric_bike,2021-08-05 06:20:13,2021-08-05 06:34:04,Clark St & Henry St,4789,Cleveland Pl & Spring St,5492,40.69760127,-73.99344559,40.722103786686034,-73.99724900722504,member
2307315,FFE0DB51ECAF2BF1,electric_bike,2021-08-16 06:22:04,2021-08-16 06:35:46,Clark St & Henry St,4789,Cleveland Pl & Spring St,5492,40.69760127,-73.99344559,40.722103786686034,-73.99724900722504,member
2309313,35E7B284C587511D,electric_bike,2021-08-21 10:20:14,2021-08-21 10:32:35,Clark St & Henry St,4789,Cleveland Pl & Spring St,5492,40.69760127,-73.99344559,40.722103786686034,-73.99724900722504,member
2309985,8F28C56D1B4E5621,electric_bike,2021-08-09 13:10:26,2021-08-09 13:27:18,Clark St & Henry St,4789,Cleveland Pl & Spring St,5492,40.69760127,-73.99344559,40.722103786686034,-73.99724900722504,member
2311017,0FB38E9F8C8D5A51,electric_bike,2021-08-12 19:17:01,2021-08-12 19:32:28,Clark St & Henry St,4789,Cleveland Pl & Spring St,5492,40.69760127,-73.99344559,40.722103786686034,-73.99724900722504,casual
2311811,544CE2318FEB3670,electric_bike,2021-08-18 14:50:47,2021-08-18 15:07:17,Clark St & Henry St,4789,Cleveland Pl & Spring St,5492,40.69760127,-73.99344559,40.722103786686034,-73.99724900722504,member
2313448,FFAFB53029B9D825,electric_bike,2021-08-10 19:14:57,2021-08-10 19:40:21,Clark St & Henry St,4789,Central Ave & Melrose St,4832,40.69760127,-73.99344559,40.70112,-73.93039,member
2313496,7ADF7BB18A332182,classic_bike,2021-08-12 19:38:18,2021-08-12 20:06:44,Clark St & Henry St,4789,Verona Pl & Fulton St,4124,40.69760127,-73.99344559,40.6803560840434,-73.9476791024208,member
2313499,5FE3BA2E9AD94A33,electric_bike,2021-08-16 10:08:39,2021-08-16 10:22:38,Clark St & Henry St,4789,Carroll St & 5 Ave,4060,40.69760127,-73.99344559,40.6751622,-73.9814832,member
2315141,19287487E21DF1D5,classic_bike,2021-08-28 12:34:53,2021-08-28 13:01:23,Clark St & Henry St,4789,7 St & 5 Ave,3914,40.69760127,-73.99344559,40.6704922,-73.98541675,casual
2326218,7A44A98AF9F7CE4C,electric_bike,2021-08-21 14:34:22,2021-08-21 14:58:50,Clark St & Henry St,4789,Carroll St & 5 Ave,4060,40.69760127,-73.99344559,40.6751622,-73.9814832,member
2331844,5E71626969CF2E57,classic_bike,2021-08-27 19:53:50,2021-08-27 20:14:41,Clark St & Henry St,4789,Carroll St & 5 Ave,4060,40.69760127,-73.99344559,40.6751622,-73.9814832,casual
2332421,DF9F1E4EC9B46208,classic_bike,2021-08-30 17:43:22,2021-08-30 18:08:52,Clark St & Henry St,4789,Carroll St & 5 Ave,4060,40.69760127,-73.99344559,40.6751622,-73.9814832,member
2332577,F97160F0CA0838C8,classic_bike,2021-08-21 16:28:40,2021-08-21 16:49:46,Clark St & Henry St,4789,Carroll St & 5 Ave,4060,40.69760127,-73.99344559,40.6751622,-73.9814832,member
2332584,EAC9EFB3B2C68D9B,electric_bike,2021-08-05 18:11:52,2021-08-05 19:47:26,Clark St & Henry St,4789,Madison Av & E 51 St,6659,40.69760127,-73.99344559,40.75863,-73.97513,casual
2333617,4342EA21FF9C93D7,classic_bike,2021-08-02 13:06:31,2021-08-02 13:19:06,Clark St & Henry St,4789,10 St & 2 Ave,3922,40.69760127,-73.99344559,40.671907,-73.993612,member
2334552,AFF497EBDFA63824,electric_bike,2021-08-12 19:13:48,2021-08-12 19:20:30,Clark St & Henry St,4789,Bond St & Bergen St,4404,40.69760127,-73.99344559,40.6849668,-73.98620772,member
2341822,3BB5C9C56FF0F19B,classic_bike,2021-08-02 21:09:05,2021-08-02 21:20:00,Clark St & Henry St,4789,Bond St & Bergen St,4404,40.69760127,-73.99344559,40.6849668,-73.98620772,casual
2347068,FDED876FD2EFBEA5,classic_bike,2021-08-14 19:12:03,2021-08-14 19:31:45,Clark St & Henry St,4789,Carroll St & 6 Ave,4019,40.69760127,-73.99344559,40.6740886,-73.9787282,casual
2347071,8366905BD4119BD5,classic_bike,2021-08-04 21:02:06,2021-08-04 21:33:56,Clark St & Henry St,4789,10 St & 2 Ave,3922,40.69760127,-73.99344559,40.671907,-73.993612,casual
2347072,4DD5B75C2FD9D0A8,electric_bike,2021-08-23 22:34:17,2021-08-23 22:54:59,Clark St & Henry St,4789,10 St & 2 Ave,3922,40.69760127,-73.99344559,40.671907,-73.993612,casual
2347079,B97F0623E42F8964,classic_bike,2021-08-16 19:58:38,2021-08-16 20:11:55,Clark St & Henry St,4789,Bond St & Bergen St,4404,40.69760127,-73.99344559,40.6849668,-73.98620772,member
2347092,E0699E511F19ACC6,classic_bike,2021-08-19 19:58:25,2021-08-19 20:06:38,Clark St & Henry St,4789,Bond St & Bergen St,4404,40.69760127,-73.99344559,40.6849668,-73.98620772,member
2347093,0999187DACDA2716,classic_bike,2021-08-25 07:59:07,2021-08-25 08:08:30,Clark St & Henry St,4789,Bond St & Bergen St,4404,40.69760127,-73.99344559,40.6849668,-73.98620772,member
2347889,E46B447C2AE3F70A,classic_bike,2021-08-19 21:56:19,2021-08-19 22:12:29,Clark St & Henry St,4789,John St & William St,5065,40.69760127,-73.99344559,40.70862144,-74.00722156,member
2347890,A56970D378C9DC2F,electric_bike,2021-08-07 09:22:51,2021-08-07 09:37:33,Clark St & Henry St,4789,10 St & 5 Ave,3842,40.69760127,-73.99344559,40.6686273,-73.98700053,member
2348103,3A81B0340D2E9893,classic_bike,2021-08-09 16:55:40,2021-08-09 17:12:19,Clark St & Henry St,4789,Carroll St & 6 Ave,4019,40.69760127,-73.99344559,40.6740886,-73.9787282,member
2348123,72FD8837183CB019,classic_bike,2021-08-16 17:37:30,2021-08-16 17:57:19,Clark St & Henry St,4789,10 St & 5 Ave,3842,40.69760127,-73.99344559,40.6686273,-73.98700053,member
2349001,4049236A741BF3AB,classic_bike,2021-08-02 21:08:52,2021-08-02 21:20:18,Clark St & Henry St,4789,Bond St & Bergen St,4404,40.69760127,-73.99344559,40.6849668,-73.98620772,casual
2352533,D457D94539A6CC33,electric_bike,2021-08-18 18:49:23,2021-08-18 19:13:23,Clark St & Henry St,4789,Carroll St & 6 Ave,4019,40.69760127,-73.99344559,40.6740886,-73.9787282,member
2352534,646A223D05AB1944,classic_bike,2021-08-28 16:47:22,2021-08-28 17:07:43,Clark St & Henry St,4789,10 St & 5 Ave,3842,40.69760127,-73.99344559,40.6686273,-73.98700053,member
2356565,F4552E0D1CDC4E46,classic_bike,2021-08-22 20:15:49,2021-08-22 20:33:20,Clark St & Henry St,4789,John St & William St,5065,40.69760127,-73.99344559,40.70862144,-74.00722156,member
2356595,2EF5C98D5D62C329,electric_bike,2021-08-01 10:44:52,2021-08-01 11:00:39,Clark St & Henry St,4789,Carroll St & 6 Ave,4019,40.69760127,-73.99344559,40.6740886,-73.9787282,member
2356613,B6A602417158B7E5,classic_bike,2021-08-18 18:49:53,2021-08-18 19:13:07,Clark St & Henry St,4789,Carroll St & 6 Ave,4019,40.69760127,-73.99344559,40.6740886,-73.9787282,member
2356971,9BFEE55808C7B154,classic_bike,2021-08-28 15:29:20,2021-08-28 15:43:46,Clark St & Henry St,4789,10 St & 2 Ave,3922,40.69760127,-73.99344559,40.671907,-73.993612,casual
2360921,2BDA0F48E1F8EA5C,classic_bike,2021-08-26 20:43:16,2021-08-26 20:51:56,Clark St & Henry St,4789,Sands St & Jay St,4821,40.69760127,-73.99344559,40.700119,-73.9862,member
2361541,133CC3AF5F9CFDFC,electric_bike,2021-08-24 22:53:36,2021-08-24 23:12:27,Clark St & Henry St,4789,6 Ave & 9 St,3803,40.69760127,-73.99344559,40.668127,-73.98377641,casual
2365729,D84D87DF65502757,classic_bike,2021-08-30 17:22:00,2021-08-30 17:29:44,Clark St & Henry St,4789,Sands St & Jay St,4821,40.69760127,-73.99344559,40.700119,-73.9862,member
2365732,0313A46E7CCB509D,electric_bike,2021-08-29 10:36:19,2021-08-29 10:50:32,Clark St & Henry St,4789,Sands St & Jay St,4821,40.69760127,-73.99344559,40.700119,-73.9862,casual
2365735,A1B5130B5FC13975,classic_bike,2021-08-02 20:10:02,2021-08-02 20:28:41,Clark St & Henry St,4789,6 Ave & 9 St,3803,40.69760127,-73.99344559,40.668127,-73.98377641,member
2365738,54BCDFE4F60EF20C,classic_bike,2021-08-28 18:56:39,2021-08-28 19:02:57,Clark St & Henry St,4789,Sands St & Jay St,4821,40.69760127,-73.99344559,40.700119,-73.9862,member
2365750,3BE3269E6FCBA343,classic_bike,2021-08-14 21:51:30,2021-08-14 21:58:14,Clark St & Henry St,4789,Sands St & Jay St,4821,40.69760127,-73.99344559,40.700119,-73.9862,casual
2365765,AC68DF5400F16C76,classic_bike,2021-08-18 20:39:40,2021-08-18 21:00:19,Clark St & Henry St,4789,Clinton St & Centre St,4045,40.69760127,-73.99344559,40.67434,-74.00194698,casual
2365787,101C9F40F993C6DF,electric_bike,2021-08-28 19:04:24,2021-08-28 19:19:39,Clark St & Henry St,4789,6 Ave & 9 St,3803,40.69760127,-73.99344559,40.668127,-73.98377641,member
2365805,F84890C2926BBBFA,classic_bike,2021-08-01 11:29:21,2021-08-01 11:49:56,Clark St & Henry St,4789,Lafayette Ave & Fort Greene Pl,4395,40.69760127,-73.99344559,40.68691865,-73.976682,casual
2365884,17744417039EA3E2,classic_bike,2021-08-18 12:15:41,2021-08-18 12:29:22,Clark St & Henry St,4789,Lafayette Ave & Fort Greene Pl,4395,40.69760127,-73.99344559,40.68691865,-73.976682,member
2365953,3C24273B6544878D,electric_bike,2021-08-31 14:46:35,2021-08-31 14:58:48,Clark St & Henry St,4789,Lafayette Ave & Fort Greene Pl,4395,40.69760127,-73.99344559,40.68691865,-73.976682,member
2365954,EAC81A35D3379A0F,classic_bike,2021-08-18 20:38:19,2021-08-18 20:59:43,Clark St & Henry St,4789,Clinton St & Centre St,4045,40.69760127,-73.99344559,40.67434,-74.00194698,member
2366157,EAB4015D6128794B,classic_bike,2021-08-21 13:58:37,2021-08-21 14:10:35,Clark St & Henry St,4789,Lafayette Ave & Fort Greene Pl,4395,40.69760127,-73.99344559,40.68691865,-73.976682,member
2367705,611BFFD02315293F,classic_bike,2021-08-01 11:26:30,2021-08-01 11:50:08,Clark St & Henry St,4789,Lafayette Ave & Fort Greene Pl,4395,40.69760127,-73.99344559,40.68691865,-73.976682,casual
2373634,0480CA0E97F519BE,electric_bike,2021-08-14 21:41:31,2021-08-14 21:47:25,Clark St & Henry St,4789,Sands St & Jay St,4821,40.69760127,-73.99344559,40.700119,-73.9862,member
2375666,DCE690C544F90672,classic_bike,2021-08-24 23:47:42,2021-08-25 00:14:51,Clark St & Henry St,4789,6 Ave & 9 St,3803,40.69760127,-73.99344559,40.668127,-73.98377641,casual
2375708,EA21C59A20D6A182,electric_bike,2021-08-05 19:25:26,2021-08-05 20:11:37,Clark St & Henry St,4789,W 20 St & 8 Ave,6224,40.69760127,-73.99344559,40.74345335,-74.00004031,member
2375712,6954D929E137E5B5,classic_bike,2021-08-14 10:11:05,2021-08-14 10:29:32,Clark St & Henry St,4789,Clinton St & Centre St,4045,40.69760127,-73.99344559,40.67434,-74.00194698,member
2375715,8DD66A5D26BE5CB2,classic_bike,2021-08-07 19:07:05,2021-08-07 19:19:58,Clark St & Henry St,4789,Lafayette Ave & Fort Greene Pl,4395,40.69760127,-73.99344559,40.68691865,-73.976682,casual
2375744,42A131A21A37BE8F,electric_bike,2021-08-20 21:52:39,2021-08-20 22:10:35,Clark St & Henry St,4789,Lafayette Ave & Fort Greene Pl,4395,40.69760127,-73.99344559,40.68691865,-73.976682,member
2375745,636A428F1335C3F1,classic_bike,2021-08-24 06:38:03,2021-08-24 06:42:18,Clark St & Henry St,4789,Sands St & Jay St,4821,40.69760127,-73.99344559,40.700119,-73.9862,member
2378850,E61C0A7971172701,electric_bike,2021-08-19 17:58:35,2021-08-19 18:41:48,Clark St & Henry St,4789,Broadway & W 41 St,6560,40.69760127,-73.99344559,40.75513557,-73.98658032,member
2378853,700773BAB2087A16,classic_bike,2021-08-29 22:40:25,2021-08-29 23:12:53,Clark St & Henry St,4789,Bedford Ave & Montgomery St,3736,40.69760127,-73.99344559,40.665816,-73.956934,casual
2378856,97E5CDD897206632,classic_bike,2021-08-29 16:09:47,2021-08-29 17:01:24,Clark St & Henry St,4789,Broadway & W 41 St,6560,40.69760127,-73.99344559,40.75513557,-73.98658032,casual
2378888,6BB2D2DC0C8E2C80,classic_bike,2021-08-08 00:20:44,2021-08-08 00:56:22,Clark St & Henry St,4789,William St & Pine St,5065,40.69760127,-73.99344559,40.70717936,-74.00887308,casual
2383913,86EB1E73B6F877E0,classic_bike,2021-08-21 12:10:22,2021-08-21 12:24:15,Clark St & Henry St,4789,Flushing Ave & Vanderbilt Ave,4762,40.69760127,-73.99344559,40.69795031569544,-73.97077560424805,member
2383917,660623F5AA1A26E6,classic_bike,2021-08-28 15:39:49,2021-08-28 15:50:52,Clark St & Henry St,4789,Flushing Ave & Vanderbilt Ave,4762,40.69760127,-73.99344559,40.69795031569544,-73.97077560424805,casual
2383935,935DAD558C8CD2D2,classic_bike,2021-08-24 10:49:20,2021-08-24 11:05:46,Clark St & Henry St,4789,Flushing Ave & Vanderbilt Ave,4762,40.69760127,-73.99344559,40.69795031569544,-73.97077560424805,member
2387525,099669E065B02B0E,classic_bike,2021-08-29 13:23:31,2021-08-29 13:37:38,Clark St & Henry St,4789,Flushing Ave & Vanderbilt Ave,4762,40.69760127,-73.99344559,40.69795031569544,-73.97077560424805,casual
2387540,50BC98D1DEF1ADE2,classic_bike,2021-08-29 13:23:15,2021-08-29 13:37:40,Clark St & Henry St,4789,Flushing Ave & Vanderbilt Ave,4762,40.69760127,-73.99344559,40.69795031569544,-73.97077560424805,casual
2387575,915ECCA191C60321,classic_bike,2021-08-29 22:20:51,2021-08-29 22:55:41,Clark St & Henry St,4789,Bedford Ave & Montgomery St,3736,40.69760127,-73.99344559,40.665816,-73.956934,casual
2387634,0023E1FCF108C773,electric_bike,2021-08-22 10:11:15,2021-08-22 10:20:31,Clark St & Henry St,4789,Flushing Ave & Vanderbilt Ave,4762,40.69760127,-73.99344559,40.69795031569544,-73.97077560424805,member
2387655,857357F204BC3BEC,classic_bike,2021-08-16 23:35:22,2021-08-17 00:09:12,Clark St & Henry St,4789,Driggs Ave & Lorimer St,5481,40.69760127,-73.99344559,40.72179134,-73.9504154,member
2390399,9828E79B2AEEA1D4,classic_bike,2021-08-06 20:57:58,2021-08-06 21:16:39,Clark St & Henry St,4789,William St & Pine St,5065,40.69760127,-73.99344559,40.70717936,-74.00887308,member
2399378,0422017A6B772CF3,classic_bike,2021-08-05 09:56:21,2021-08-05 10:30:03,Clark St & Henry St,4789,W 54 St & 11 Ave,6955,40.69760127,-73.99344559,40.768333,-73.992573,member
2402231,068AEF5E228038C1,electric_bike,2021-08-08 07:30:19,2021-08-08 07:37:06,Clark St & Henry St,4789,Flushing Ave & Vanderbilt Ave,4762,40.69760127,-73.99344559,40.69795031569544,-73.97077560424805,casual
2402282,50C4A3294FB84642,classic_bike,2021-08-29 16:09:48,2021-08-29 17:01:28,Clark St & Henry St,4789,Broadway & W 41 St,6560,40.69760127,-73.99344559,40.75513557,-73.98658032,member
2404807,A54F6BEEE1BE1466,classic_bike,2021-08-06 20:09:48,2021-08-06 20:21:26,Clark St & Henry St,4789,Flushing Ave & Vanderbilt Ave,4762,40.69760127,-73.99344559,40.69795031569544,-73.97077560424805,member
2404993,9D34B7E331C92EC7,classic_bike,2021-08-19 15:27:49,2021-08-19 15:36:55,Clark St & Henry St,4789,Flushing Ave & Vanderbilt Ave,4762,40.69760127,-73.99344559,40.69795031569544,-73.97077560424805,casual
2415909,E366057CB5D5F837,classic_bike,2021-08-20 22:33:38,2021-08-20 23:00:45,Clark St & Henry St,4789,Eastern Pkwy & Franklin Ave,3919,40.69760127,-73.99344559,40.6707767,-73.9576801,member
2420909,B536A90859027FB7,classic_bike,2021-08-27 22:28:19,2021-08-27 22:45:32,Clark St & Henry St,4789,E 4 St & 2 Ave,5593,40.69760127,-73.99344559,40.7262807,-73.98978041,member
2432289,A3A800863EC82010,classic_bike,2021-08-24 09:30:18,2021-08-24 09:50:04,Clark St & Henry St,4789,Grand St & Samuel Dickstein Plaza,5335,40.69760127,-73.99344559,40.71511871996496,-73.98417055606842,member
2432299,C5C7D3BABA2789A9,electric_bike,2021-08-19 18:44:25,2021-08-19 19:06:25,Clark St & Henry St,4789,Cambridge Pl & Gates Ave,4377,40.69760127,-73.99344559,40.68488,-73.96304,member
2432345,6BE718EA59809CD8,electric_bike,2021-08-06 10:03:58,2021-08-06 10:21:23,Clark St & Henry St,4789,Little West St & 1 Pl,5001,40.69760127,-73.99344559,40.70569254,-74.01677685,casual
2432382,28A6588545C96257,electric_bike,2021-08-13 19:33:28,2021-08-13 20:11:09,Clark St & Henry St,4789,8 Ave & W 52 St,6816,40.69760127,-73.99344559,40.76370739,-73.9851615,member
2432524,C77CB274429BF71C,classic_bike,2021-08-05 11:45:33,2021-08-05 12:03:16,Clark St & Henry St,4789,Little West St & 1 Pl,5001,40.69760127,-73.99344559,40.70569254,-74.01677685,member
2451547,F2606CBE567F8912,docked_bike,2021-08-19 22:19:38,2021-08-19 23:23:58,Clark St & Henry St,4789,Eastern Pkwy & Franklin Ave,3919,40.697601,-73.993446,40.670777,-73.95768,casual
2466589,00F5453A49B6F24A,electric_bike,2021-08-09 15:57:36,2021-08-09 16:04:50,Clark St & Henry St,4789,Butler St & Court St,4339,40.69760127,-73.99344559,40.6849894,-73.99440329,casual
2466590,0DD9F6ECE51EE635,classic_bike,2021-08-21 14:00:38,2021-08-21 14:06:45,Clark St & Henry St,4789,Columbia St & Kane St,4422,40.69760127,-73.99344559,40.68763155,-74.0016256,casual
2466591,3E461E51C4FF3DD7,classic_bike,2021-08-19 17:50:13,2021-08-19 17:57:59,Clark St & Henry St,4789,Columbia St & Kane St,4422,40.69760127,-73.99344559,40.68763155,-74.0016256,casual
2467629,0045EC654CF9457F,classic_bike,2021-08-30 10:57:39,2021-08-30 11:03:20,Clark St & Henry St,4789,Columbia St & Kane St,4422,40.69760127,-73.99344559,40.68763155,-74.0016256,casual
2467697,23F65B5F59709B32,classic_bike,2021-08-19 17:50:40,2021-08-19 17:58:00,Clark St & Henry St,4789,Columbia St & Kane St,4422,40.69760127,-73.99344559,40.68763155,-74.0016256,member
2467710,7BA0456DA22FC635,classic_bike,2021-08-03 13:08:00,2021-08-03 13:15:29,Clark St & Henry St,4789,Columbia St & Kane St,4422,40.69760127,-73.99344559,40.68763155,-74.0016256,member
2467711,86D0623338BF743B,classic_bike,2021-08-20 17:10:56,2021-08-20 17:11:47,Clark St & Henry St,4789,Columbia St & Kane St,4422,40.69760127,-73.99344559,40.68763155,-74.0016256,member
2467712,4B49AF68C31272D0,classic_bike,2021-08-06 15:32:59,2021-08-06 15:42:46,Clark St & Henry St,4789,Columbia St & Kane St,4422,40.69760127,-73.99344559,40.68763155,-74.0016256,casual
2467715,63C7C3FFAD126CF4,classic_bike,2021-08-30 22:03:51,2021-08-30 22:14:00,Clark St & Henry St,4789,Columbia St & Kane St,4422,40.69760127,-73.99344559,40.68763155,-74.0016256,casual
2468313,F5C17E9B23BE5338,classic_bike,2021-08-14 17:36:04,2021-08-14 17:43:24,Clark St & Henry St,4789,Columbia St & Kane St,4422,40.69760127,-73.99344559,40.68763155,-74.0016256,member
2468319,6D2B7307C15AB155,classic_bike,2021-08-26 18:04:03,2021-08-26 18:12:19,Clark St & Henry St,4789,Columbia St & Kane St,4422,40.69760127,-73.99344559,40.68763155,-74.0016256,member
2468924,774929CB1EBDD341,classic_bike,2021-08-17 14:15:09,2021-08-17 14:23:25,Clark St & Henry St,4789,Butler St & Court St,4339,40.69760127,-73.99344559,40.6849894,-73.99440329,casual
2472061,76B4DD09019B662D,classic_bike,2021-08-11 15:22:20,2021-08-11 15:32:10,Clark St & Henry St,4789,Butler St & Court St,4339,40.69760127,-73.99344559,40.6849894,-73.99440329,casual
2472062,6D1A9265F2977C6B,classic_bike,2021-08-02 19:45:44,2021-08-02 19:56:02,Clark St & Henry St,4789,Butler St & Court St,4339,40.69760127,-73.99344559,40.6849894,-73.99440329,casual
2472449,F71008F7E83AD1AC,classic_bike,2021-08-30 11:41:43,2021-08-30 11:50:02,Clark St & Henry St,4789,Columbia St & Kane St,4422,40.69760127,-73.99344559,40.68763155,-74.0016256,member
2473767,B724C9924FC5EF27,classic_bike,2021-08-23 22:56:10,2021-08-23 23:03:17,Clark St & Henry St,4789,Columbia St & Kane St,4422,40.69760127,-73.99344559,40.68763155,-74.0016256,member
2473769,F13DA952A1E0E863,classic_bike,2021-08-03 13:19:06,2021-08-03 13:25:23,Clark St & Henry St,4789,Columbia St & Kane St,4422,40.69760127,-73.99344559,40.68763155,-74.0016256,member
2473771,CCC0AB25B5B11626,electric_bike,2021-08-21 00:30:23,2021-08-21 00:35:24,Clark St & Henry St,4789,Butler St & Court St,4339,40.69760127,-73.99344559,40.6849894,-73.99440329,member
2474606,F859B15E40D8E9C5,classic_bike,2021-08-31 16:47:31,2021-08-31 16:54:34,Clark St & Henry St,4789,Butler St & Court St,4339,40.69760127,-73.99344559,40.6849894,-73.99440329,member
2475883,F9193C2AB48F2A67,electric_bike,2021-08-28 12:08:47,2021-08-28 12:18:08,Clark St & Henry St,4789,Butler St & Court St,4339,40.69760127,-73.99344559,40.6849894,-73.99440329,casual
2476060,8108424ED00E12DC,classic_bike,2021-08-12 12:31:23,2021-08-12 12:38:36,Clark St & Henry St,4789,Butler St & Court St,4339,40.69760127,-73.99344559,40.6849894,-73.99440329,member
2476063,BA6A6AABFC7891D8,electric_bike,2021-08-25 12:26:33,2021-08-25 12:31:43,Clark St & Henry St,4789,Columbia St & Kane St,4422,40.69760127,-73.99344559,40.68763155,-74.0016256,member
2476067,EB706230D577C8F1,classic_bike,2021-08-27 20:33:29,2021-08-27 20:42:34,Clark St & Henry St,4789,Columbia St & Kane St,4422,40.69760127,-73.99344559,40.68763155,-74.0016256,casual
2476079,A50238B9A5D84390,classic_bike,2021-08-25 18:06:18,2021-08-25 18:35:21,Clark St & Henry St,4789,Columbia St & Kane St,4422,40.69760127,-73.99344559,40.68763155,-74.0016256,member
2476080,DB1F82CA0B096B59,classic_bike,2021-08-09 22:40:50,2021-08-09 22:52:38,Clark St & Henry St,4789,Butler St & Court St,4339,40.69760127,-73.99344559,40.6849894,-73.99440329,member
2478055,14986C3498FDA4AE,classic_bike,2021-08-17 16:30:13,2021-08-17 16:33:05,Clark St & Henry St,4789,Henry St & Atlantic Ave,4531,40.69760127,-73.99344559,40.69089272,-73.99612349,member
2478061,F675820E6BA0598F,classic_bike,2021-08-17 21:01:29,2021-08-17 21:05:02,Clark St & Henry St,4789,Henry St & Atlantic Ave,4531,40.69760127,-73.99344559,40.69089272,-73.99612349,casual
2478073,24DDAE67A8590E44,classic_bike,2021-08-30 08:33:34,2021-08-30 08:43:54,Clark St & Henry St,4789,Willoughby Ave & Hall St,4611,40.69760127,-73.99344559,40.69196035,-73.96536851,member
2478074,2729A9FF47857192,classic_bike,2021-08-04 14:20:36,2021-08-04 14:23:44,Clark St & Henry St,4789,Henry St & Atlantic Ave,4531,40.69760127,-73.99344559,40.69089272,-73.99612349,member
2478075,769D887415B5895A,electric_bike,2021-08-28 15:47:25,2021-08-28 16:00:22,Clark St & Henry St,4789,Willoughby Ave & Hall St,4611,40.69760127,-73.99344559,40.69196035,-73.96536851,member
2478078,121049134C49FB10,classic_bike,2021-08-29 00:41:07,2021-08-29 00:46:05,Clark St & Henry St,4789,Henry St & Atlantic Ave,4531,40.69760127,-73.99344559,40.69089272,-73.99612349,member
2478509,8669D57641ABD4D6,classic_bike,2021-08-30 20:10:30,2021-08-30 20:13:12,Clark St & Henry St,4789,Henry St & Atlantic Ave,4531,40.69760127,-73.99344559,40.69089272,-73.99612349,member
2478514,0442062979A1E853,classic_bike,2021-08-20 11:17:27,2021-08-20 11:22:18,Clark St & Henry St,4789,Henry St & Atlantic Ave,4531,40.69760127,-73.99344559,40.69089272,-73.99612349,casual
2478516,1C6C0D2A2B41D7CF,classic_bike,2021-08-31 10:24:20,2021-08-31 12:12:53,Clark St & Henry St,4789,Henry St & Atlantic Ave,4531,40.69760127,-73.99344559,40.69089272,-73.99612349,member
2478518,F39597C2B65E7293,classic_bike,2021-08-09 09:06:30,2021-08-09 09:09:43,Clark St & Henry St,4789,Henry St & Atlantic Ave,4531,40.69760127,-73.99344559,40.69089272,-73.99612349,member
2478527,D0022379F03DF585,classic_bike,2021-08-24 18:48:31,2021-08-24 18:53:55,Clark St & Henry St,4789,Henry St & Atlantic Ave,4531,40.69760127,-73.99344559,40.69089272,-73.99612349,member
2478529,A05171211AFFD541,classic_bike,2021-08-02 18:16:55,2021-08-02 18:19:18,Clark St & Henry St,4789,Henry St & Atlantic Ave,4531,40.69760127,-73.99344559,40.69089272,-73.99612349,member
2478535,7485D4A566006FDE,classic_bike,2021-08-31 13:44:24,2021-08-31 13:53:09,Clark St & Henry St,4789,Willoughby Ave & Hall St,4611,40.69760127,-73.99344559,40.69196035,-73.96536851,member
2478536,9E9888002417B8EF,classic_bike,2021-08-26 02:24:50,2021-08-26 02:30:07,Clark St & Henry St,4789,Henry St & Atlantic Ave,4531,40.69760127,-73.99344559,40.69089272,-73.99612349,member
2478537,46602F41CC29E1A6,classic_bike,2021-08-06 10:28:55,2021-08-06 10:33:26,Clark St & Henry St,4789,Henry St & Atlantic Ave,4531,40.69760127,-73.99344559,40.69089272,-73.99612349,member
2478538,9D52C22579CE96B2,classic_bike,2021-08-01 17:11:36,2021-08-01 17:15:07,Clark St & Henry St,4789,Henry St & Atlantic Ave,4531,40.69760127,-73.99344559,40.69089272,-73.99612349,member
2478539,061C21C8AC1E26B8,classic_bike,2021-08-01 14:28:28,2021-08-01 14:49:57,Clark St & Henry St,4789,Henry St & Atlantic Ave,4531,40.69760127,-73.99344559,40.69089272,-73.99612349,member
2478541,33B564246197FD09,classic_bike,2021-08-20 20:02:30,2021-08-20 20:06:30,Clark St & Henry St,4789,Henry St & Atlantic Ave,4531,40.69760127,-73.99344559,40.69089272,-73.99612349,member
2478604,6762DBACA6FF1BFA,electric_bike,2021-08-11 20:20:27,2021-08-11 20:24:33,Clark St & Henry St,4789,Henry St & Atlantic Ave,4531,40.69760127,-73.99344559,40.69089272,-73.99612349,member
2478605,EAB3B5DB8C9F62C0,classic_bike,2021-08-17 14:37:53,2021-08-17 14:40:45,Clark St & Henry St,4789,Henry St & Atlantic Ave,4531,40.69760127,-73.99344559,40.69089272,-73.99612349,member
2478607,8DA5FE72A812A63D,classic_bike,2021-08-29 20:17:18,2021-08-29 21:14:01,Clark St & Henry St,4789,Van Buren St & Broadway,4568,40.69760127,-73.99344559,40.692,-73.92617,member
2480229,01213D0692D13054,electric_bike,2021-08-11 16:12:54,2021-08-11 16:15:46,Clark St & Henry St,4789,Henry St & Atlantic Ave,4531,40.69760127,-73.99344559,40.69089272,-73.99612349,member
2480255,FDD0D8E44E9DB905,classic_bike,2021-08-23 18:37:52,2021-08-23 18:40:42,Clark St & Henry St,4789,Henry St & Atlantic Ave,4531,40.69760127,-73.99344559,40.69089272,-73.99612349,member
2480258,0603A9CEB869B4D5,classic_bike,2021-08-31 07:13:24,2021-08-31 07:17:05,Clark St & Henry St,4789,Henry St & Atlantic Ave,4531,40.69760127,-73.99344559,40.69089272,-73.99612349,member
2480271,0A92B6346BEBF4C9,classic_bike,2021-08-29 19:09:46,2021-08-29 19:12:38,Clark St & Henry St,4789,Henry St & Atlantic Ave,4531,40.69760127,-73.99344559,40.69089272,-73.99612349,member
2481554,303002617A8ACBEE,classic_bike,2021-08-10 12:39:51,2021-08-10 12:44:08,Clark St & Henry St,4789,Henry St & Atlantic Ave,4531,40.69760127,-73.99344559,40.69089272,-73.99612349,member
2481555,743A1A84F9848141,classic_bike,2021-08-18 10:59:49,2021-08-18 11:03:50,Clark St & Henry St,4789,Henry St & Atlantic Ave,4531,40.69760127,-73.99344559,40.69089272,-73.99612349,member
2481557,917A8DF0C461B42B,classic_bike,2021-08-21 10:31:23,2021-08-21 10:35:24,Clark St & Henry St,4789,Henry St & Atlantic Ave,4531,40.69760127,-73.99344559,40.69089272,-73.99612349,member
2481561,072E0D04EFDF2075,classic_bike,2021-08-26 07:53:21,2021-08-26 07:56:32,Clark St & Henry St,4789,Henry St & Atlantic Ave,4531,40.69760127,-73.99344559,40.69089272,-73.99612349,casual
2481566,CAFEF50F55157995,classic_bike,2021-08-15 21:11:40,2021-08-15 21:14:39,Clark St & Henry St,4789,Henry St & Atlantic Ave,4531,40.69760127,-73.99344559,40.69089272,-73.99612349,member
2481568,A0B307BB6A882584,classic_bike,2021-08-31 17:19:15,2021-08-31 17:23:59,Clark St & Henry St,4789,Henry St & Atlantic Ave,4531,40.69760127,-73.99344559,40.69089272,-73.99612349,member
2481569,16727F25583E0DEE,classic_bike,2021-08-04 18:29:13,2021-08-04 18:32:14,Clark St & Henry St,4789,Henry St & Atlantic Ave,4531,40.69760127,-73.99344559,40.69089272,-73.99612349,member
2481729,42B1DC9D64B3C6DF,classic_bike,2021-08-03 16:39:15,2021-08-03 17:11:58,Clark St & Henry St,4789,Lexington Ave & E 36 St,6313,40.69760127,-73.99344559,40.7475739589548,-73.9788007736206,member
2481957,D95B84E01E76EB62,electric_bike,2021-08-14 14:44:57,2021-08-14 14:49:45,Clark St & Henry St,4789,Henry St & Atlantic Ave,4531,40.69760127,-73.99344559,40.69089272,-73.99612349,member
2483734,186C64076FF0D633,classic_bike,2021-08-23 15:01:26,2021-08-23 15:05:22,Clark St & Henry St,4789,Henry St & Atlantic Ave,4531,40.69760127,-73.99344559,40.69089272,-73.99612349,casual
2483736,F8861DA32FA398EB,classic_bike,2021-08-18 17:04:53,2021-08-18 17:09:24,Clark St & Henry St,4789,Henry St & Atlantic Ave,4531,40.69760127,-73.99344559,40.69089272,-73.99612349,casual
2483738,F17B1065A8BD4E6A,classic_bike,2021-08-15 00:37:45,2021-08-15 00:40:35,Clark St & Henry St,4789,Henry St & Atlantic Ave,4531,40.69760127,-73.99344559,40.69089272,-73.99612349,member
2483749,FCB357E8EDA473E2,electric_bike,2021-08-25 16:55:40,2021-08-25 16:59:39,Clark St & Henry St,4789,Henry St & Atlantic Ave,4531,40.69760127,-73.99344559,40.69089272,-73.99612349,casual
2483762,0F27759334349F03,classic_bike,2021-08-11 14:31:10,2021-08-11 14:35:18,Clark St & Henry St,4789,Henry St & Atlantic Ave,4531,40.69760127,-73.99344559,40.69089272,-73.99612349,member
2483763,296F21D5BE168999,classic_bike,2021-08-03 13:00:55,2021-08-03 13:04:04,Clark St & Henry St,4789,Henry St & Atlantic Ave,4531,40.69760127,-73.99344559,40.69089272,-73.99612349,member
2483764,FB81E0E5F8ABE10E,classic_bike,2021-08-09 21:18:10,2021-08-09 21:22:17,Clark St & Henry St,4789,Henry St & Atlantic Ave,4531,40.69760127,-73.99344559,40.69089272,-73.99612349,member
2483768,7B5F1FCB36810C45,classic_bike,2021-08-15 00:37:42,2021-08-15 00:41:02,Clark St & Henry St,4789,Henry St & Atlantic Ave,4531,40.69760127,-73.99344559,40.69089272,-73.99612349,member
2483798,F286A1604DAE96C7,classic_bike,2021-08-15 12:33:41,2021-08-15 12:42:38,Clark St & Henry St,4789,Henry St & Atlantic Ave,4531,40.69760127,-73.99344559,40.69089272,-73.99612349,member
2483799,D34BE9D831A78777,classic_bike,2021-08-13 10:36:17,2021-08-13 10:45:19,Clark St & Henry St,4789,Henry St & Atlantic Ave,4531,40.69760127,-73.99344559,40.69089272,-73.99612349,member
2483801,D7B79E1345201003,classic_bike,2021-08-02 18:08:22,2021-08-02 18:12:50,Clark St & Henry St,4789,Henry St & Atlantic Ave,4531,40.69760127,-73.99344559,40.69089272,-73.99612349,member
2483803,3EDA02F14023CD65,electric_bike,2021-08-24 18:03:47,2021-08-24 18:06:23,Clark St & Henry St,4789,Henry St & Atlantic Ave,4531,40.69760127,-73.99344559,40.69089272,-73.99612349,casual
2484845,EE2282A7F8AF23EB,classic_bike,2021-08-20 16:06:33,2021-08-20 16:10:45,Clark St & Henry St,4789,Henry St & Atlantic Ave,4531,40.69760127,-73.99344559,40.69089272,-73.99612349,member
2484847,733A55F608E08229,classic_bike,2021-08-28 16:37:25,2021-08-28 16:41:19,Clark St & Henry St,4789,Henry St & Atlantic Ave,4531,40.69760127,-73.99344559,40.69089272,-73.99612349,member
2485805,CBF5D2B34CDA502E,classic_bike,2021-08-16 15:19:44,2021-08-16 15:23:03,Clark St & Henry St,4789,Henry St & Atlantic Ave,4531,40.69760127,-73.99344559,40.69089272,-73.99612349,member
2485806,E67D36AA0307381C,classic_bike,2021-08-21 17:59:02,2021-08-21 18:02:23,Clark St & Henry St,4789,Henry St & Atlantic Ave,4531,40.69760127,-73.99344559,40.69089272,-73.99612349,member
2485807,24EFEF78AD4D4BD2,electric_bike,2021-08-30 11:38:09,2021-08-30 11:42:33,Clark St & Henry St,4789,Henry St & Atlantic Ave,4531,40.69760127,-73.99344559,40.69089272,-73.99612349,member
2485808,2B41050A8F290630,classic_bike,2021-08-30 06:42:26,2021-08-30 06:47:22,Clark St & Henry St,4789,Henry St & Atlantic Ave,4531,40.69760127,-73.99344559,40.69089272,-73.99612349,member
2485809,46A62C8E2FE04728,electric_bike,2021-08-04 22:26:14,2021-08-04 22:29:42,Clark St & Henry St,4789,Henry St & Atlantic Ave,4531,40.69760127,-73.99344559,40.69089272,-73.99612349,member
2485811,2264E11EB598CF2E,classic_bike,2021-08-17 18:16:36,2021-08-17 18:20:15,Clark St & Henry St,4789,Henry St & Atlantic Ave,4531,40.69760127,-73.99344559,40.69089272,-73.99612349,casual
2485813,206CB7391D4FE018,classic_bike,2021-08-24 16:58:56,2021-08-24 17:04:04,Clark St & Henry St,4789,Henry St & Atlantic Ave,4531,40.69760127,-73.99344559,40.69089272,-73.99612349,casual
2485816,E0B5C5ACFC83C17C,classic_bike,2021-08-28 13:57:48,2021-08-28 14:02:19,Clark St & Henry St,4789,Henry St & Atlantic Ave,4531,40.69760127,-73.99344559,40.69089272,-73.99612349,casual
2485824,5A7C52695FDEBC5C,classic_bike,2021-08-09 19:00:40,2021-08-09 19:03:41,Clark St & Henry St,4789,Henry St & Atlantic Ave,4531,40.69760127,-73.99344559,40.69089272,-73.99612349,member
2485830,117CB26ABBD694D1,classic_bike,2021-08-31 17:18:49,2021-08-31 17:24:17,Clark St & Henry St,4789,Henry St & Atlantic Ave,4531,40.69760127,-73.99344559,40.69089272,-73.99612349,member
2487315,70F4A508574EC9AD,classic_bike,2021-08-06 10:28:55,2021-08-06 10:33:13,Clark St & Henry St,4789,Henry St & Atlantic Ave,4531,40.69760127,-73.99344559,40.69089272,-73.99612349,member
2487316,55F62F8BC1096267,classic_bike,2021-08-28 18:36:04,2021-08-28 18:38:47,Clark St & Henry St,4789,Henry St & Atlantic Ave,4531,40.69760127,-73.99344559,40.69089272,-73.99612349,member
2487317,8399BDA49B1EBCB0,classic_bike,2021-08-06 08:53:43,2021-08-06 08:57:25,Clark St & Henry St,4789,Henry St & Atlantic Ave,4531,40.69760127,-73.99344559,40.69089272,-73.99612349,casual
2487529,F07B8081CEF6D982,electric_bike,2021-08-30 19:12:47,2021-08-30 19:15:27,Clark St & Henry St,4789,Henry St & Atlantic Ave,4531,40.69760127,-73.99344559,40.69089272,-73.99612349,casual
2487532,A3B2A8E5C4D4932D,electric_bike,2021-08-03 14:57:00,2021-08-03 15:00:26,Clark St & Henry St,4789,Henry St & Atlantic Ave,4531,40.69760127,-73.99344559,40.69089272,-73.99612349,member
2487533,C8DA55AB47274445,classic_bike,2021-08-08 11:43:26,2021-08-08 11:47:17,Clark St & Henry St,4789,Henry St & Atlantic Ave,4531,40.69760127,-73.99344559,40.69089272,-73.99612349,member
2487539,D3FC601702BE51A1,classic_bike,2021-08-31 13:07:03,2021-08-31 13:11:23,Clark St & Henry St,4789,Henry St & Atlantic Ave,4531,40.69760127,-73.99344559,40.69089272,-73.99612349,member
2487541,11D05C4923910C25,classic_bike,2021-08-07 16:24:27,2021-08-07 16:28:14,Clark St & Henry St,4789,Henry St & Atlantic Ave,4531,40.69760127,-73.99344559,40.69089272,-73.99612349,member
2488638,EFC8C13496EB1544,electric_bike,2021-08-02 18:45:36,2021-08-02 18:48:59,Clark St & Henry St,4789,Henry St & Atlantic Ave,4531,40.69760127,-73.99344559,40.69089272,-73.99612349,member
2488639,C9CD986E3BF919CB,classic_bike,2021-08-05 16:38:46,2021-08-05 16:42:17,Clark St & Henry St,4789,Henry St & Atlantic Ave,4531,40.69760127,-73.99344559,40.69089272,-73.99612349,member
2488640,62E8E1B5F188B35A,classic_bike,2021-08-21 16:05:07,2021-08-21 16:09:10,Clark St & Henry St,4789,Henry St & Atlantic Ave,4531,40.69760127,-73.99344559,40.69089272,-73.99612349,member
2489165,1F335B09055F0DB0,classic_bike,2021-08-12 06:55:23,2021-08-12 06:59:16,Clark St & Henry St,4789,Henry St & Atlantic Ave,4531,40.69760127,-73.99344559,40.69089272,-73.99612349,member
2489169,92B3B5105F0F6209,classic_bike,2021-08-18 19:37:42,2021-08-18 19:40:36,Clark St & Henry St,4789,Henry St & Atlantic Ave,4531,40.69760127,-73.99344559,40.69089272,-73.99612349,member
2489422,09E1F10DB6458836,classic_bike,2021-08-25 18:39:05,2021-08-25 18:42:13,Clark St & Henry St,4789,Henry St & Atlantic Ave,4531,40.69760127,-73.99344559,40.69089272,-73.99612349,member
2490048,4FFB64CED163299D,classic_bike,2021-08-01 18:26:06,2021-08-01 18:30:42,Clark St & Henry St,4789,Henry St & Atlantic Ave,4531,40.69760127,-73.99344559,40.69089272,-73.99612349,member
2490049,B2BAB32A3BF7608E,classic_bike,2021-08-31 08:43:46,2021-08-31 08:47:50,Clark St & Henry St,4789,Henry St & Atlantic Ave,4531,40.69760127,-73.99344559,40.69089272,-73.99612349,member
2490050,8F67BA00DCD59B84,classic_bike,2021-08-14 17:02:28,2021-08-14 17:06:11,Clark St & Henry St,4789,Henry St & Atlantic Ave,4531,40.69760127,-73.99344559,40.69089272,-73.99612349,member
2490506,561181596482EAC7,classic_bike,2021-08-29 00:41:08,2021-08-29 00:45:56,Clark St & Henry St,4789,Henry St & Atlantic Ave,4531,40.69760127,-73.99344559,40.69089272,-73.99612349,member
2490507,C459E3B38507AA8F,classic_bike,2021-08-11 11:56:50,2021-08-11 12:00:29,Clark St & Henry St,4789,Henry St & Atlantic Ave,4531,40.69760127,-73.99344559,40.69089272,-73.99612349,member
2490508,B3D339D4C48F4F27,classic_bike,2021-08-25 17:45:57,2021-08-25 17:49:21,Clark St & Henry St,4789,Henry St & Atlantic Ave,4531,40.69760127,-73.99344559,40.69089272,-73.99612349,member
2490528,830571475C9A2085,classic_bike,2021-08-03 16:39:44,2021-08-03 17:12:00,Clark St & Henry St,4789,Lexington Ave & E 36 St,6313,40.69760127,-73.99344559,40.7475739589548,-73.9788007736206,member
2490529,CF57BFBACC235402,classic_bike,2021-08-07 10:48:54,2021-08-07 10:52:01,Clark St & Henry St,4789,Henry St & Atlantic Ave,4531,40.69760127,-73.99344559,40.69089272,-73.99612349,member
2490533,A4C34593DDE5C193,classic_bike,2021-08-26 16:26:37,2021-08-26 16:30:53,Clark St & Henry St,4789,Henry St & Atlantic Ave,4531,40.69760127,-73.99344559,40.69089272,-73.99612349,member
2490537,74740D5899004EF2,classic_bike,2021-08-21 14:28:51,2021-08-21 14:33:55,Clark St & Henry St,4789,Henry St & Atlantic Ave,4531,40.69760127,-73.99344559,40.69089272,-73.99612349,casual
2490588,788B5ABF215B101D,classic_bike,2021-08-02 15:10:08,2021-08-02 15:13:17,Clark St & Henry St,4789,Henry St & Atlantic Ave,4531,40.69760127,-73.99344559,40.69089272,-73.99612349,member
2490592,20307D83CD9D51B9,classic_bike,2021-08-11 17:48:21,2021-08-11 17:52:32,Clark St & Henry St,4789,Henry St & Atlantic Ave,4531,40.69760127,-73.99344559,40.69089272,-73.99612349,member
2490594,AB67CB151DF0263B,classic_bike,2021-08-14 18:48:44,2021-08-14 18:51:27,Clark St & Henry St,4789,Henry St & Atlantic Ave,4531,40.69760127,-73.99344559,40.69089272,-73.99612349,member
2490633,B046A941D0D091D8,classic_bike,2021-08-31 12:00:33,2021-08-31 12:06:23,Clark St & Henry St,4789,Henry St & Atlantic Ave,4531,40.69760127,-73.99344559,40.69089272,-73.99612349,casual
2490639,72D4CA7240001562,classic_bike,2021-08-15 12:28:28,2021-08-15 12:32:30,Clark St & Henry St,4789,Henry St & Atlantic Ave,4531,40.69760127,-73.99344559,40.69089272,-73.99612349,member
2490786,6764E114F45C10B4,classic_bike,2021-08-31 14:57:13,2021-08-31 15:00:35,Clark St & Henry St,4789,Henry St & Atlantic Ave,4531,40.69760127,-73.99344559,40.69089272,-73.99612349,member
2490787,2315D9FE4E7B9000,electric_bike,2021-08-30 16:27:35,2021-08-30 16:30:30,Clark St & Henry St,4789,Henry St & Atlantic Ave,4531,40.69760127,-73.99344559,40.69089272,-73.99612349,member
2490788,8264A10B59DD38E4,classic_bike,2021-08-02 09:04:44,2021-08-02 09:08:11,Clark St & Henry St,4789,Henry St & Atlantic Ave,4531,40.69760127,-73.99344559,40.69089272,-73.99612349,member
2490851,4A150941B487D72A,classic_bike,2021-08-28 19:27:51,2021-08-28 19:31:14,Clark St & Henry St,4789,Henry St & Atlantic Ave,4531,40.69760127,-73.99344559,40.69089272,-73.99612349,member
2490852,BC0F9D0EE4F29799,classic_bike,2021-08-14 22:23:49,2021-08-14 22:26:54,Clark St & Henry St,4789,Henry St & Atlantic Ave,4531,40.69760127,-73.99344559,40.69089272,-73.99612349,member
2491376,BA79B48423B10698,classic_bike,2021-08-31 19:51:26,2021-08-31 19:55:29,Clark St & Henry St,4789,Henry St & Atlantic Ave,4531,40.69760127,-73.99344559,40.69089272,-73.99612349,member
2491378,55D2AA13218585F9,classic_bike,2021-08-05 09:08:55,2021-08-05 09:11:53,Clark St & Henry St,4789,Henry St & Atlantic Ave,4531,40.69760127,-73.99344559,40.69089272,-73.99612349,member
2491391,BC4E76FFF3068820,classic_bike,2021-08-30 15:48:03,2021-08-30 15:53:15,Clark St & Henry St,4789,Henry St & Atlantic Ave,4531,40.69760127,-73.99344559,40.69089272,-73.99612349,member
2491392,0AECBC1B9CC7400C,classic_bike,2021-08-05 21:39:06,2021-08-05 21:42:33,Clark St & Henry St,4789,Henry St & Atlantic Ave,4531,40.69760127,-73.99344559,40.69089272,-73.99612349,member
2497635,43D64B95C2595AEA,electric_bike,2021-08-27 09:05:48,2021-08-27 09:18:44,Clark St & Henry St,4789,Clinton St\t& Cherry St,5190,40.69760127,-73.99344559,40.711471394469264,-73.98672603070736,member
2497704,9746BBD60B12341C,classic_bike,2021-08-09 09:05:35,2021-08-09 09:22:21,Clark St & Henry St,4789,Clinton St\t& Cherry St,5190,40.69760127,-73.99344559,40.711471394469264,-73.98672603070736,member
2502467,36EB712E314E00A2,classic_bike,2021-08-29 11:18:04,2021-08-29 11:56:03,Clark St & Henry St,4789,Smith St & 3 St,4151,40.69760127,-73.99344559,40.6787242,-73.99599099,member
2503430,C8F399690C94CDD1,classic_bike,2021-08-29 11:21:04,2021-08-29 11:36:42,Clark St & Henry St,4789,Smith St & 3 St,4151,40.69760127,-73.99344559,40.6787242,-73.99599099,casual
2503437,8C2DC3E7442FC04E,classic_bike,2021-08-27 02:02:52,2021-08-27 02:15:46,Clark St & Henry St,4789,Smith St & 3 St,4151,40.69760127,-73.99344559,40.6787242,-73.99599099,casual
2508501,4F7AA7062FCCF10F,classic_bike,2021-08-21 18:41:13,2021-08-21 18:52:56,Clark St & Henry St,4789,Smith St & 3 St,4151,40.69760127,-73.99344559,40.6787242,-73.99599099,member
2508504,949E831DD067A4C7,electric_bike,2021-08-28 11:08:29,2021-08-28 12:05:41,Clark St & Henry St,4789,2 Ave & 36 St,3460,40.69760127,-73.99344559,40.65708866668485,-74.00870203971863,member
2511124,45BEF77D0F975B64,electric_bike,2021-08-23 09:05:37,2021-08-23 09:18:41,Clark St & Henry St,4789,Clinton St\t& Cherry St,5190,40.69760127,-73.99344559,40.711471394469264,-73.98672603070736,member
2511125,1AA1F39DE9DC82D9,classic_bike,2021-08-24 09:06:43,2021-08-24 09:22:16,Clark St & Henry St,4789,Clinton St\t& Cherry St,5190,40.69760127,-73.99344559,40.711471394469264,-73.98672603070736,member
2515615,BD6C8DDCDC7E4FBD,classic_bike,2021-08-14 19:18:39,2021-08-14 19:43:56,Clark St & Henry St,4789,Hope St & Union Ave,5187,40.69760127,-73.99344559,40.71167351,-73.95141312,member
2518741,4872189E4666C059,classic_bike,2021-08-02 01:17:18,2021-08-02 01:31:52,Clark St & Henry St,4789,Smith St & 3 St,4151,40.69760127,-73.99344559,40.6787242,-73.99599099,casual
2518791,416AD5215A137C04,electric_bike,2021-08-29 22:14:01,2021-08-29 22:32:35,Clark St & Henry St,4789,LaGuardia Pl & W 3 St,5721,40.69760127,-73.99344559,40.72917025,-73.99810231,member
2519565,FDA1EEC0116D5C1C,classic_bike,2021-08-29 11:18:18,2021-08-29 11:36:35,Clark St & Henry St,4789,Smith St & 3 St,4151,40.69760127,-73.99344559,40.6787242,-73.99599099,casual
2522972,69FD1FD2DEAE96E4,classic_bike,2021-08-09 11:14:19,2021-08-09 11:39:46,Clark St & Henry St,4789,LaGuardia Pl & W 3 St,5721,40.69760127,-73.99344559,40.72917025,-73.99810231,member
2522974,2347F2998AEDDB55,classic_bike,2021-08-28 12:10:04,2021-08-28 12:42:50,Clark St & Henry St,4789,14 St & 7 Ave,3731,40.69760127,-73.99344559,40.663779,-73.98396846,member
2524071,F6C4630D9EEFD278,classic_bike,2021-08-11 18:16:48,2021-08-11 18:27:49,Clark St & Henry St,4789,Smith St & 3 St,4151,40.69760127,-73.99344559,40.6787242,-73.99599099,member
2526885,1C68A6F3BC4EEAA4,classic_bike,2021-08-06 17:39:53,2021-08-06 17:59:12,Clark St & Henry St,4789,Plaza St West & Flatbush Ave,4010,40.69760127,-73.99344559,40.6750207,-73.97111473,casual
2527906,53C04F702AB0C15D,classic_bike,2021-08-28 11:08:26,2021-08-28 12:05:38,Clark St & Henry St,4789,2 Ave & 36 St,3460,40.69760127,-73.99344559,40.65708866668485,-74.00870203971863,casual
2528010,D37C56142CF172AD,classic_bike,2021-08-11 18:15:25,2021-08-11 18:28:03,Clark St & Henry St,4789,Smith St & 3 St,4151,40.69760127,-73.99344559,40.6787242,-73.99599099,member
2529026,69D0E328BFB2181C,classic_bike,2021-08-08 10:13:26,2021-08-08 10:38:20,Clark St & Henry St,4789,2 Ave & 36 St,3460,40.69760127,-73.99344559,40.65708866668485,-74.00870203971863,member
2538581,F5517DF7DB5F1EFE,classic_bike,2021-08-08 17:41:59,2021-08-08 17:49:15,Clark St & Henry St,4789,Schermerhorn St & Bond St,4479,40.69760127,-73.99344559,40.688417427540834,-73.98451656103134,casual
2544274,9E06A569165E80C2,electric_bike,2021-08-07 19:20:28,2021-08-07 19:29:19,Clark St & Henry St,4789,Schermerhorn St & Bond St,4479,40.69760127,-73.99344559,40.688417427540834,-73.98451656103134,member
2544276,AAFDCE80E9F403BC,classic_bike,2021-08-28 09:07:09,2021-08-28 09:14:00,Clark St & Henry St,4789,Schermerhorn St & Bond St,4479,40.69760127,-73.99344559,40.688417427540834,-73.98451656103134,member
2544279,19366588F6004E02,classic_bike,2021-08-19 12:22:50,2021-08-19 12:33:12,Clark St & Henry St,4789,Schermerhorn St & Bond St,4479,40.69760127,-73.99344559,40.688417427540834,-73.98451656103134,casual
2544296,6B8C1AB2C718949A,classic_bike,2021-08-01 16:38:27,2021-08-01 16:49:30,Clark St & Henry St,4789,Schermerhorn St & Bond St,4479,40.69760127,-73.99344559,40.688417427540834,-73.98451656103134,member
2544304,0C0D1DC74DE4D00F,classic_bike,2021-08-28 12:58:39,2021-08-28 13:07:20,Clark St & Henry St,4789,Schermerhorn St & Bond St,4479,40.69760127,-73.99344559,40.688417427540834,-73.98451656103134,casual
2544361,475D7683B6EA9D91,classic_bike,2021-08-18 12:28:06,2021-08-18 12:38:32,Clark St & Henry St,4789,Schermerhorn St & Bond St,4479,40.69760127,-73.99344559,40.688417427540834,-73.98451656103134,member
2544363,E7DB75BBD15EB8BA,electric_bike,2021-08-26 21:50:38,2021-08-26 22:11:21,Clark St & Henry St,4789,Prospect Pl & Underhill Ave,4116,40.69760127,-73.99344559,40.6769694,-73.96579,member
2544365,E71CD5BF49E2D019,classic_bike,2021-08-12 07:22:01,2021-08-12 07:29:36,Clark St & Henry St,4789,Schermerhorn St & Bond St,4479,40.69760127,-73.99344559,40.688417427540834,-73.98451656103134,member
2544373,D1CF655A424A58A5,classic_bike,2021-08-13 19:17:14,2021-08-13 19:24:09,Clark St & Henry St,4789,Schermerhorn St & Bond St,4479,40.69760127,-73.99344559,40.688417427540834,-73.98451656103134,member
2544380,84D9FAC75F1D50CD,electric_bike,2021-08-15 07:54:55,2021-08-15 08:00:20,Clark St & Henry St,4789,Schermerhorn St & Bond St,4479,40.69760127,-73.99344559,40.688417427540834,-73.98451656103134,member
2544388,5EF7B06B57C9CCB0,classic_bike,2021-08-18 08:22:54,2021-08-18 08:30:34,Clark St & Henry St,4789,Schermerhorn St & Bond St,4479,40.69760127,-73.99344559,40.688417427540834,-73.98451656103134,member
2544389,D1BB013DE7B474B5,classic_bike,2021-08-06 09:08:05,2021-08-06 09:35:30,Clark St & Henry St,4789,Rogers Ave & Sterling St,3696,40.69760127,-73.99344559,40.6630619,-73.9538746,member
2544391,D35612284D42572C,classic_bike,2021-08-24 01:19:05,2021-08-24 01:29:27,Clark St & Henry St,4789,Schermerhorn St & Bond St,4479,40.69760127,-73.99344559,40.688417427540834,-73.98451656103134,casual
2544406,D55EAE32C0BF4F81,classic_bike,2021-08-29 15:29:02,2021-08-29 15:44:24,Clark St & Henry St,4789,Schermerhorn St & Bond St,4479,40.69760127,-73.99344559,40.688417427540834,-73.98451656103134,member
2544408,6DFB7B68C56EC4D0,classic_bike,2021-08-21 18:50:13,2021-08-21 18:56:54,Clark St & Henry St,4789,Schermerhorn St & Bond St,4479,40.69760127,-73.99344559,40.688417427540834,-73.98451656103134,casual
2544476,FDBD7D680D03F87D,classic_bike,2021-08-23 22:01:37,2021-08-23 22:11:19,Clark St & Henry St,4789,Schermerhorn St & Bond St,4479,40.69760127,-73.99344559,40.688417427540834,-73.98451656103134,member
2544478,ADC5F73F2EFB6897,classic_bike,2021-08-23 22:01:55,2021-08-23 22:11:18,Clark St & Henry St,4789,Schermerhorn St & Bond St,4479,40.69760127,-73.99344559,40.688417427540834,-73.98451656103134,member
2544484,908911BFB2CEC31C,classic_bike,2021-08-14 07:50:36,2021-08-14 07:56:45,Clark St & Henry St,4789,Schermerhorn St & Bond St,4479,40.69760127,-73.99344559,40.688417427540834,-73.98451656103134,member
2544487,3F82AFE98CF1FED0,classic_bike,2021-08-19 14:54:48,2021-08-19 15:02:41,Clark St & Henry St,4789,Schermerhorn St & Bond St,4479,40.69760127,-73.99344559,40.688417427540834,-73.98451656103134,member
2544497,47AAF8540039B164,classic_bike,2021-08-27 14:50:12,2021-08-27 14:58:36,Clark St & Henry St,4789,Schermerhorn St & Bond St,4479,40.69760127,-73.99344559,40.688417427540834,-73.98451656103134,member
2545171,B83E8B5178550F0D,classic_bike,2021-08-30 09:34:09,2021-08-30 09:41:47,Clark St & Henry St,4789,Schermerhorn St & Bond St,4479,40.69760127,-73.99344559,40.688417427540834,-73.98451656103134,member
2545172,3D89E2C4899F6180,classic_bike,2021-08-30 17:51:17,2021-08-30 18:00:28,Clark St & Henry St,4789,Schermerhorn St & Bond St,4479,40.69760127,-73.99344559,40.688417427540834,-73.98451656103134,member
2545175,639A24E69504E413,classic_bike,2021-08-25 18:00:02,2021-08-25 18:07:15,Clark St & Henry St,4789,Schermerhorn St & Bond St,4479,40.69760127,-73.99344559,40.688417427540834,-73.98451656103134,casual
2545176,F02AC6B4C7D67C08,classic_bike,2021-08-02 11:21:36,2021-08-02 11:33:29,Clark St & Henry St,4789,Schermerhorn St & Bond St,4479,40.69760127,-73.99344559,40.688417427540834,-73.98451656103134,casual
2545178,3958213DB28F3F12,electric_bike,2021-08-26 23:16:40,2021-08-26 23:31:41,Clark St & Henry St,4789,Prospect Pl & Underhill Ave,4116,40.69760127,-73.99344559,40.6769694,-73.96579,casual
2545226,EFFB6D262DCEC232,classic_bike,2021-08-10 11:51:23,2021-08-10 11:59:21,Clark St & Henry St,4789,Schermerhorn St & Bond St,4479,40.69760127,-73.99344559,40.688417427540834,-73.98451656103134,member
2545293,63CACD4246AA182F,classic_bike,2021-08-21 12:36:28,2021-08-21 12:48:57,Clark St & Henry St,4789,Schermerhorn St & Bond St,4479,40.69760127,-73.99344559,40.688417427540834,-73.98451656103134,member
2545296,89200E6621230141,classic_bike,2021-08-10 18:26:44,2021-08-10 18:36:08,Clark St & Henry St,4789,Schermerhorn St & Bond St,4479,40.69760127,-73.99344559,40.688417427540834,-73.98451656103134,member
2545297,0B2BB1E1CCCAA785,classic_bike,2021-08-10 19:13:03,2021-08-10 19:19:05,Clark St & Henry St,4789,Schermerhorn St & Bond St,4479,40.69760127,-73.99344559,40.688417427540834,-73.98451656103134,casual
2545298,F11CC8CEC4D07765,classic_bike,2021-08-31 18:14:43,2021-08-31 18:23:22,Clark St & Henry St,4789,Schermerhorn St & Bond St,4479,40.69760127,-73.99344559,40.688417427540834,-73.98451656103134,casual
2545308,E3FE7755CFE24783,classic_bike,2021-08-30 13:58:18,2021-08-30 14:05:55,Clark St & Henry St,4789,Schermerhorn St & Bond St,4479,40.69760127,-73.99344559,40.688417427540834,-73.98451656103134,member
2545309,0518901EB38CA39A,electric_bike,2021-08-28 22:20:05,2021-08-28 22:44:30,Clark St & Henry St,4789,Rogers Ave & Sterling St,3696,40.69760127,-73.99344559,40.6630619,-73.9538746,casual
2545311,3058E503297B2037,electric_bike,2021-08-27 19:07:25,2021-08-27 19:14:58,Clark St & Henry St,4789,Schermerhorn St & Bond St,4479,40.69760127,-73.99344559,40.688417427540834,-73.98451656103134,casual
2545313,E8A6E86CC231AE56,electric_bike,2021-08-14 08:04:18,2021-08-14 08:12:07,Clark St & Henry St,4789,Willoughby St & Ashland Pl,4587,40.69760127,-73.99344559,40.69178,-73.97877,casual
2545980,1E0FB045EE3BBD0F,classic_bike,2021-08-07 16:51:57,2021-08-07 17:01:30,Clark St & Henry St,4789,Schermerhorn St & Bond St,4479,40.69760127,-73.99344559,40.688417427540834,-73.98451656103134,member
2546018,4C28FA2C2F1AC9DE,classic_bike,2021-08-19 19:40:46,2021-08-19 19:50:36,Clark St & Henry St,4789,Schermerhorn St & Bond St,4479,40.69760127,-73.99344559,40.688417427540834,-73.98451656103134,member
2546388,A8268D20C86732BF,classic_bike,2021-08-06 00:15:19,2021-08-06 00:20:35,Clark St & Henry St,4789,Schermerhorn St & Bond St,4479,40.69760127,-73.99344559,40.688417427540834,-73.98451656103134,member
2546389,20A52E8E1AB604FB,electric_bike,2021-08-13 18:56:12,2021-08-13 19:04:08,Clark St & Henry St,4789,Schermerhorn St & Bond St,4479,40.69760127,-73.99344559,40.688417427540834,-73.98451656103134,member
2552511,E9C3E48AE9DC9475,classic_bike,2021-08-03 18:47:28,2021-08-03 18:55:54,Clark St & Henry St,4789,Schermerhorn St & Bond St,4479,40.69760127,-73.99344559,40.688417427540834,-73.98451656103134,member
2552514,39857ABE0AE7D10B,classic_bike,2021-08-10 07:27:28,2021-08-10 07:48:06,Clark St & Henry St,4789,Broad St & Bridge St,4962,40.69760127,-73.99344559,40.70365182,-74.01167797,member
2552515,ED96A0F96D77B6DA,electric_bike,2021-08-22 13:16:50,2021-08-22 13:21:22,Clark St & Henry St,4789,Schermerhorn St & Bond St,4479,40.69760127,-73.99344559,40.688417427540834,-73.98451656103134,casual
2554099,788A21EFB3EC7138,classic_bike,2021-08-05 12:04:07,2021-08-05 12:10:40,Clark St & Henry St,4789,Schermerhorn St & Bond St,4479,40.69760127,-73.99344559,40.688417427540834,-73.98451656103134,member
2554105,9D3BB1FD7093384B,classic_bike,2021-08-05 20:27:48,2021-08-05 20:38:07,Clark St & Henry St,4789,Schermerhorn St & Bond St,4479,40.69760127,-73.99344559,40.688417427540834,-73.98451656103134,member
2554553,36B1BCA2F57B876A,classic_bike,2021-08-27 18:48:27,2021-08-27 18:55:44,Clark St & Henry St,4789,Schermerhorn St & Bond St,4479,40.69760127,-73.99344559,40.688417427540834,-73.98451656103134,member
2554557,02B826620337D330,electric_bike,2021-08-07 18:24:51,2021-08-07 18:47:40,Clark St & Henry St,4789,Rogers Ave & Sterling St,3696,40.69760127,-73.99344559,40.6630619,-73.9538746,casual
2554584,448F15AE970C7A9D,classic_bike,2021-08-27 08:42:18,2021-08-27 08:51:21,Clark St & Henry St,4789,Schermerhorn St & Bond St,4479,40.69760127,-73.99344559,40.688417427540834,-73.98451656103134,member
2554586,B6238D5D2DAE2799,classic_bike,2021-08-02 11:21:05,2021-08-02 11:33:17,Clark St & Henry St,4789,Schermerhorn St & Bond St,4479,40.69760127,-73.99344559,40.688417427540834,-73.98451656103134,member
2554591,323DACC01AC642DA,classic_bike,2021-08-28 15:47:49,2021-08-28 15:56:22,Clark St & Henry St,4789,Schermerhorn St & Bond St,4479,40.69760127,-73.99344559,40.688417427540834,-73.98451656103134,casual
2554623,C054A5FB0160652E,classic_bike,2021-08-13 18:30:20,2021-08-13 18:40:34,Clark St & Henry St,4789,Schermerhorn St & Bond St,4479,40.69760127,-73.99344559,40.688417427540834,-73.98451656103134,member
2554624,9E95E61E129EC5A9,classic_bike,2021-08-10 18:39:14,2021-08-10 18:50:31,Clark St & Henry St,4789,Schermerhorn St & Bond St,4479,40.69760127,-73.99344559,40.688417427540834,-73.98451656103134,member
2556090,C6E2888060D2E94E,classic_bike,2021-08-19 12:22:40,2021-08-19 12:33:13,Clark St & Henry St,4789,Schermerhorn St & Bond St,4479,40.69760127,-73.99344559,40.688417427540834,-73.98451656103134,casual
2558287,B6F69126F5658092,electric_bike,2021-08-03 07:33:06,2021-08-03 07:46:37,Clark St & Henry St,4789,Broad St & Bridge St,4962,40.69760127,-73.99344559,40.70365182,-74.01167797,member
2560050,ADA6942A9C3AA808,electric_bike,2021-08-04 19:46:11,2021-08-04 19:51:04,Clark St & Henry St,4789,Schermerhorn St & Bond St,4479,40.69760127,-73.99344559,40.688417427540834,-73.98451656103134,casual
2560051,A57B2E157F5CCCB6,classic_bike,2021-08-06 17:39:37,2021-08-06 17:46:56,Clark St & Henry St,4789,Schermerhorn St & Bond St,4479,40.69760127,-73.99344559,40.688417427540834,-73.98451656103134,member
2560623,1D0893164C706882,classic_bike,2021-08-13 19:17:59,2021-08-13 19:24:53,Clark St & Henry St,4789,Schermerhorn St & Bond St,4479,40.69760127,-73.99344559,40.688417427540834,-73.98451656103134,member
2560624,70FCAFF2138C0568,classic_bike,2021-08-23 19:27:25,2021-08-23 19:33:33,Clark St & Henry St,4789,Schermerhorn St & Bond St,4479,40.69760127,-73.99344559,40.688417427540834,-73.98451656103134,casual
2560923,0F413D52AB8DB2F6,classic_bike,2021-08-08 16:20:05,2021-08-08 16:27:05,Clark St & Henry St,4789,Schermerhorn St & Bond St,4479,40.69760127,-73.99344559,40.688417427540834,-73.98451656103134,member
2562229,E464E0DCCC2975E3,electric_bike,2021-08-28 22:19:59,2021-08-28 22:44:35,Clark St & Henry St,4789,Rogers Ave & Sterling St,3696,40.69760127,-73.99344559,40.6630619,-73.9538746,casual
2562484,D52D1F2898A192FA,electric_bike,2021-08-18 12:43:47,2021-08-18 12:50:25,Clark St & Henry St,4789,Schermerhorn St & Bond St,4479,40.69760127,-73.99344559,40.688417427540834,-73.98451656103134,member
2562487,809E96A0F8921795,classic_bike,2021-08-23 13:26:01,2021-08-23 13:36:16,Clark St & Henry St,4789,Schermerhorn St & Bond St,4479,40.69760127,-73.99344559,40.688417427540834,-73.98451656103134,member
2562488,AD0C0963FFC74DC5,classic_bike,2021-08-30 17:51:41,2021-08-30 18:00:28,Clark St & Henry St,4789,Schermerhorn St & Bond St,4479,40.69760127,-73.99344559,40.688417427540834,-73.98451656103134,member
2562617,767BE2D26BE4EE60,classic_bike,2021-08-17 19:39:05,2021-08-17 19:47:49,Clark St & Henry St,4789,Schermerhorn St & Bond St,4479,40.69760127,-73.99344559,40.688417427540834,-73.98451656103134,member
2562618,9163602E26BB2782,classic_bike,2021-08-10 18:39:02,2021-08-10 18:50:36,Clark St & Henry St,4789,Schermerhorn St & Bond St,4479,40.69760127,-73.99344559,40.688417427540834,-73.98451656103134,member
2562620,B48C1553B218BF81,classic_bike,2021-08-15 12:27:08,2021-08-15 12:33:07,Clark St & Henry St,4789,Schermerhorn St & Bond St,4479,40.69760127,-73.99344559,40.688417427540834,-73.98451656103134,member
2562912,AD0CF27AAC3F9E68,electric_bike,2021-08-25 07:21:36,2021-08-25 07:35:29,Clark St & Henry St,4789,Broad St & Bridge St,4962,40.69760127,-73.99344559,40.70365182,-74.01167797,member
2564031,942CD27654864004,classic_bike,2021-08-31 20:47:06,2021-08-31 20:57:09,Clark St & Henry St,4789,President St & Henry St,4307,40.69760127,-73.99344559,40.6828003,-73.99990419,member
2564045,E34D2C0370F27CAB,classic_bike,2021-08-24 19:28:43,2021-08-24 19:36:27,Clark St & Henry St,4789,President St & Henry St,4307,40.69760127,-73.99344559,40.6828003,-73.99990419,casual
2564512,459EAA4849943A35,classic_bike,2021-08-26 17:02:38,2021-08-26 17:24:44,Clark St & Henry St,4789,Franklin Ave & St Marks Ave,4107,40.69760127,-73.99344559,40.6758324,-73.9561677,member
2565481,4C17A98D628C59E0,classic_bike,2021-08-16 11:44:42,2021-08-16 11:54:29,Clark St & Henry St,4789,Schermerhorn St & Bond St,4479,40.69760127,-73.99344559,40.688417427540834,-73.98451656103134,member
2571306,E54222FBFC7A67C1,classic_bike,2021-08-27 18:52:50,2021-08-27 19:01:02,Clark St & Henry St,4789,President St & Henry St,4307,40.69760127,-73.99344559,40.6828003,-73.99990419,casual
2573459,79D7EF394629F7E2,classic_bike,2021-08-13 19:21:56,2021-08-13 19:29:13,Clark St & Henry St,4789,Columbia St & Degraw St,4422,40.69760127,-73.99344559,40.6859296,-74.00242364,casual
2575353,271E254BDBF4AA24,classic_bike,2021-08-12 18:07:13,2021-08-12 18:15:19,Clark St & Henry St,4789,President St & Henry St,4307,40.69760127,-73.99344559,40.6828003,-73.99990419,member
2575377,F5ACDD2849DED749,classic_bike,2021-08-23 20:05:32,2021-08-23 20:41:04,Clark St & Henry St,4789,MacDougal St & Prince St,5687,40.69760127,-73.99344559,40.72710258,-74.00297088,casual
2575877,EF297F017A22704A,classic_bike,2021-08-01 12:04:49,2021-08-01 12:29:45,Clark St & Henry St,4789,Classon Ave & St Marks Ave,4074,40.69760127,-73.99344559,40.6765198,-73.9596082,casual
2581300,308EC0439280ED88,classic_bike,2021-08-20 09:02:46,2021-08-20 09:24:02,Clark St & Henry St,4789,Lafayette Ave & St James Pl,4494,40.69760127,-73.99344559,40.68851534,-73.9647628,member
2581313,EB631A39364D0FD0,classic_bike,2021-08-20 09:24:40,2021-08-20 09:41:38,Clark St & Henry St,4789,Columbia St & Degraw St,4422,40.69760127,-73.99344559,40.6859296,-74.00242364,casual
2581364,D71852A2C4C8EA7F,classic_bike,2021-08-08 08:34:18,2021-08-08 08:53:33,Clark St & Henry St,4789,6 St & 7 Ave,3834,40.69760127,-73.99344559,40.6686627,-73.97988067,member
2582316,BCB737CBB06B042F,electric_bike,2021-08-12 19:07:03,2021-08-12 19:17:03,Clark St & Henry St,4789,Columbia St & Degraw St,4422,40.69760127,-73.99344559,40.6859296,-74.00242364,member
2584824,51C91032F2633A3F,electric_bike,2021-08-29 08:29:19,2021-08-29 08:46:09,Clark St & Henry St,4789,6 St & 7 Ave,3834,40.69760127,-73.99344559,40.6686627,-73.97988067,member
2584826,8079E78A55E6753C,classic_bike,2021-08-28 16:02:28,2021-08-28 16:19:33,Clark St & Henry St,4789,Pearl St & Peck Slip,5096,40.69760127,-73.99344559,40.708485,-74.002751,member
2584829,2D2C42F4670B6389,classic_bike,2021-08-11 08:33:09,2021-08-11 08:55:27,Clark St & Henry St,4789,6 St & 7 Ave,3834,40.69760127,-73.99344559,40.6686627,-73.97988067,member
2584830,4DD6527B4839E8FC,classic_bike,2021-08-05 08:38:30,2021-08-05 08:56:30,Clark St & Henry St,4789,6 St & 7 Ave,3834,40.69760127,-73.99344559,40.6686627,-73.97988067,member
2590265,5CD725BFED4E2AA4,classic_bike,2021-08-01 12:05:24,2021-08-01 12:29:51,Clark St & Henry St,4789,Classon Ave & St Marks Ave,4074,40.69760127,-73.99344559,40.6765198,-73.9596082,casual
2590282,74DE0AF5254C5B47,classic_bike,2021-08-11 19:02:05,2021-08-11 19:10:25,Clark St & Henry St,4789,Columbia St & Degraw St,4422,40.69760127,-73.99344559,40.6859296,-74.00242364,member
2593666,5110F1CACAC8D766,electric_bike,2021-08-25 15:36:10,2021-08-25 15:44:16,Clark St & Henry St,4789,Columbia St & Degraw St,4422,40.69760127,-73.99344559,40.6859296,-74.00242364,casual
2593684,1137019AEDD04DF4,classic_bike,2021-08-12 13:43:48,2021-08-12 13:56:58,Clark St & Henry St,4789,Columbia St & Degraw St,4422,40.69760127,-73.99344559,40.6859296,-74.00242364,casual
2593691,C0A992F41F1B76D2,classic_bike,2021-08-18 09:45:31,2021-08-18 09:53:55,Clark St & Henry St,4789,President St & Henry St,4307,40.69760127,-73.99344559,40.6828003,-73.99990419,casual
2593694,33AF1FFF28A33588,classic_bike,2021-08-16 12:14:53,2021-08-16 13:14:58,Clark St & Henry St,4789,Franklin Ave & St Marks Ave,4107,40.69760127,-73.99344559,40.6758324,-73.9561677,casual
2593780,87C74B7697296B59,classic_bike,2021-08-27 20:32:59,2021-08-27 20:45:15,Clark St & Henry St,4789,Columbia St & Degraw St,4422,40.69760127,-73.99344559,40.6859296,-74.00242364,member
2593890,E38E6307408DD009,docked_bike,2021-08-09 14:54:06,2021-08-09 15:09:35,Clark St & Henry St,4789,Columbia St & Degraw St,4422,40.697601,-73.993446,40.68593,-74.002424,casual
2593919,C097A49E16F65268,classic_bike,2021-08-25 09:12:33,2021-08-25 09:24:12,Clark St & Henry St,4789,Columbia St & Degraw St,4422,40.69760127,-73.99344559,40.6859296,-74.00242364,member
2593922,6E6FB04BE7B1582F,electric_bike,2021-08-18 21:40:54,2021-08-18 21:48:23,Clark St & Henry St,4789,Columbia St & Degraw St,4422,40.69760127,-73.99344559,40.6859296,-74.00242364,casual
2593923,C53C172836572D53,classic_bike,2021-08-03 20:44:09,2021-08-03 21:15:50,Clark St & Henry St,4789,Classon Ave & St Marks Ave,4074,40.69760127,-73.99344559,40.6765198,-73.9596082,casual
2593925,D92CB72A4426D000,classic_bike,2021-08-23 17:49:39,2021-08-23 18:05:59,Clark St & Henry St,4789,President St & Henry St,4307,40.69760127,-73.99344559,40.6828003,-73.99990419,casual
2595593,E78FCBDDE7EF926F,electric_bike,2021-08-10 07:43:49,2021-08-10 07:58:21,Clark St & Henry St,4789,West St & Liberty St,5184,40.69760127,-73.99344559,40.711444,-74.014847,member
2595594,DC808B426F15435F,classic_bike,2021-08-18 22:23:19,2021-08-18 22:53:56,Clark St & Henry St,4789,Franklin Ave & St Marks Ave,4107,40.69760127,-73.99344559,40.6758324,-73.9561677,member
2595596,D10C9D448C0C7F41,classic_bike,2021-08-25 18:08:11,2021-08-25 18:19:05,Clark St & Henry St,4789,Columbia St & Degraw St,4422,40.69760127,-73.99344559,40.6859296,-74.00242364,member
2595599,1177BFDB30FAE41B,classic_bike,2021-08-21 21:58:11,2021-08-21 22:21:10,Clark St & Henry St,4789,President St & Henry St,4307,40.69760127,-73.99344559,40.6828003,-73.99990419,member
2595625,49B0ECAE0B8F3E8B,classic_bike,2021-08-25 09:38:58,2021-08-25 09:48:51,Clark St & Henry St,4789,President St & Henry St,4307,40.69760127,-73.99344559,40.6828003,-73.99990419,casual
2598622,F07A111D5DBD75C8,classic_bike,2021-08-19 18:06:43,2021-08-19 18:15:33,Clark St & Henry St,4789,Columbia St & Degraw St,4422,40.69760127,-73.99344559,40.6859296,-74.00242364,member
2598624,AB654DA875E83CDB,electric_bike,2021-08-07 14:38:10,2021-08-07 15:31:14,Clark St & Henry St,4789,Madison Ave & E 82 St,7188,40.69760127,-73.99344559,40.7781314,-73.96069399,member
2598626,AF57752F642C9CDA,classic_bike,2021-08-04 08:32:48,2021-08-04 08:52:29,Clark St & Henry St,4789,6 St & 7 Ave,3834,40.69760127,-73.99344559,40.6686627,-73.97988067,member
2598658,46031852995D37BF,classic_bike,2021-08-16 22:40:56,2021-08-16 23:03:12,Clark St & Henry St,4789,Franklin Ave & St Marks Ave,4107,40.69760127,-73.99344559,40.6758324,-73.9561677,member
2602503,0AB8D4C9EF39794F,electric_bike,2021-08-03 08:36:09,2021-08-03 08:53:22,Clark St & Henry St,4789,6 St & 7 Ave,3834,40.69760127,-73.99344559,40.6686627,-73.97988067,member
2605191,8D5ECB9EA65A36EE,classic_bike,2021-08-29 13:51:47,2021-08-29 14:00:22,Clark St & Henry St,4789,President St & Henry St,4307,40.69760127,-73.99344559,40.6828003,-73.99990419,member
2608439,77C9BFE3345EAB98,electric_bike,2021-08-26 19:11:27,2021-08-26 19:44:08,Clark St & Henry St,4789,7 Ave & 40 St,3266,40.69760127,-73.99344559,40.648169,-74.000057,member
2608476,90721EBB2AEFFE19,classic_bike,2021-08-15 23:02:09,2021-08-15 23:29:48,Clark St & Henry St,4789,Franklin Ave & St Marks Ave,4107,40.69760127,-73.99344559,40.6758324,-73.9561677,member
2608480,50B103FD19E7D7C3,electric_bike,2021-08-14 10:01:41,2021-08-14 10:23:49,Clark St & Henry St,4789,West St & Liberty St,5184,40.69760127,-73.99344559,40.711444,-74.014847,member
2608481,BCF5092EE450D976,electric_bike,2021-08-26 19:12:04,2021-08-26 19:44:13,Clark St & Henry St,4789,7 Ave & 40 St,3266,40.69760127,-73.99344559,40.648169,-74.000057,member
2610924,169502DD9024BF3A,electric_bike,2021-08-24 23:18:01,2021-08-24 23:24:08,Clark St & Henry St,4789,Columbia St & Degraw St,4422,40.69760127,-73.99344559,40.6859296,-74.00242364,member
2611098,40FB6301CE1A79AF,classic_bike,2021-08-06 21:08:38,2021-08-06 21:18:18,Clark St & Henry St,4789,President St & Henry St,4307,40.69760127,-73.99344559,40.6828003,-73.99990419,member
2612066,ADB5DE373B2C6760,electric_bike,2021-08-25 08:35:43,2021-08-25 08:53:26,Clark St & Henry St,4789,6 St & 7 Ave,3834,40.69760127,-73.99344559,40.6686627,-73.97988067,member
2612073,232AB80CE6BEBE7C,electric_bike,2021-08-06 16:19:16,2021-08-06 16:28:28,Clark St & Henry St,4789,President St & Henry St,4307,40.69760127,-73.99344559,40.6828003,-73.99990419,casual
2617146,5E34BB00A479CEFD,classic_bike,2021-08-04 16:36:48,2021-08-04 16:44:19,Clark St & Henry St,4789,President St & Henry St,4307,40.69760127,-73.99344559,40.6828003,-73.99990419,member
2617149,E69177B6E7B97351,electric_bike,2021-08-03 22:41:22,2021-08-03 22:55:30,Clark St & Henry St,4789,Franklin Ave & St Marks Ave,4107,40.69760127,-73.99344559,40.6758324,-73.9561677,member
2617154,6F8F28A08D487021,classic_bike,2021-08-11 19:08:03,2021-08-11 19:16:32,Clark St & Henry St,4789,President St & Henry St,4307,40.69760127,-73.99344559,40.6828003,-73.99990419,casual
2618281,55F279893659D067,classic_bike,2021-08-29 19:13:11,2021-08-29 19:31:22,Clark St & Henry St,4789,President St & Henry St,4307,40.69760127,-73.99344559,40.6828003,-73.99990419,member
2618283,D681C30E332329E5,classic_bike,2021-08-09 08:33:31,2021-08-09 08:52:30,Clark St & Henry St,4789,6 St & 7 Ave,3834,40.69760127,-73.99344559,40.6686627,-73.97988067,member
2619564,A0E9660D38DF250D,electric_bike,2021-08-10 08:36:31,2021-08-10 08:53:48,Clark St & Henry St,4789,6 St & 7 Ave,3834,40.69760127,-73.99344559,40.6686627,-73.97988067,member
2619565,12B3968083D24EDA,classic_bike,2021-08-04 15:08:50,2021-08-04 15:15:57,Clark St & Henry St,4789,Columbia St & Degraw St,4422,40.69760127,-73.99344559,40.6859296,-74.00242364,member
2619566,4E7D3674ED28C2C6,classic_bike,2021-08-24 17:27:14,2021-08-24 17:40:24,Clark St & Henry St,4789,President St & Henry St,4307,40.69760127,-73.99344559,40.6828003,-73.99990419,member
2621713,06B1256787C40CA8,classic_bike,2021-08-10 13:41:27,2021-08-10 14:10:01,Clark St & Henry St,4789,Front St & Washington St,4936,40.69760127,-73.99344559,40.70255088,-73.98940236,casual
2621753,AC033CE9F4B561D3,classic_bike,2021-08-10 13:42:59,2021-08-10 14:10:06,Clark St & Henry St,4789,Front St & Washington St,4936,40.69760127,-73.99344559,40.70255088,-73.98940236,casual
2622281,DC3186CF4B2CB22C,classic_bike,2021-08-12 19:56:18,2021-08-12 20:19:22,Clark St & Henry St,4789,6 Ave & 12 St,3803,40.69760127,-73.99344559,40.6663181,-73.9854617,member
2622981,B2BCEF769AC17696,classic_bike,2021-08-31 17:00:15,2021-08-31 17:05:30,Clark St & Henry St,4789,Front St & Washington St,4936,40.69760127,-73.99344559,40.70255088,-73.98940236,member
2622982,2A7BD2EE15B64788,classic_bike,2021-08-10 18:07:53,2021-08-10 18:13:19,Clark St & Henry St,4789,Front St & Washington St,4936,40.69760127,-73.99344559,40.70255088,-73.98940236,member
2622986,2CE80662C4F7E58B,classic_bike,2021-08-11 14:15:14,2021-08-11 14:21:01,Clark St & Henry St,4789,Front St & Washington St,4936,40.69760127,-73.99344559,40.70255088,-73.98940236,member
2622988,E43C3AE157BC2DC3,classic_bike,2021-08-26 08:30:23,2021-08-26 09:03:37,Clark St & Henry St,4789,Jefferson St & Cypress Ave,5082,40.69760127,-73.99344559,40.70907,-73.92157,member
2622989,DA50C918D56F3A0E,classic_bike,2021-08-24 06:58:45,2021-08-24 07:30:37,Clark St & Henry St,4789,Jefferson St & Cypress Ave,5082,40.69760127,-73.99344559,40.70907,-73.92157,member
2622990,B600631E0486773B,electric_bike,2021-08-15 13:14:58,2021-08-15 13:35:42,Clark St & Henry St,4789,Stuyvesant Walk & 1 Av Loop,5854,40.69760127,-73.99344559,40.732339777151054,-73.97898383438587,member
2622997,4190F8EF4D8918BB,electric_bike,2021-08-03 21:38:36,2021-08-03 21:58:20,Clark St & Henry St,4789,6 Ave & 12 St,3803,40.69760127,-73.99344559,40.6663181,-73.9854617,casual
2623483,AF4CC19AEDA0D287,electric_bike,2021-08-29 18:12:37,2021-08-29 18:30:46,Clark St & Henry St,4789,6 Ave & 12 St,3803,40.69760127,-73.99344559,40.6663181,-73.9854617,member
2623498,15459EB31FF7D494,classic_bike,2021-08-04 14:08:59,2021-08-04 14:14:32,Clark St & Henry St,4789,Front St & Washington St,4936,40.69760127,-73.99344559,40.70255088,-73.98940236,member
2623500,F9E2E514A33A2833,classic_bike,2021-08-03 21:47:50,2021-08-03 21:54:12,Clark St & Henry St,4789,Front St & Washington St,4936,40.69760127,-73.99344559,40.70255088,-73.98940236,member
2624133,FB459801265D9267,classic_bike,2021-08-02 13:13:06,2021-08-02 13:21:32,Clark St & Henry St,4789,Front St & Washington St,4936,40.69760127,-73.99344559,40.70255088,-73.98940236,casual
2624137,CB39ABD222403166,electric_bike,2021-08-16 19:06:14,2021-08-16 22:20:14,Clark St & Henry St,4789,Front St & Washington St,4936,40.69760127,-73.99344559,40.70255088,-73.98940236,member
2624141,EBBAF2822CE3B1F4,electric_bike,2021-08-11 08:57:39,2021-08-11 09:05:08,Clark St & Henry St,4789,Front St & Washington St,4936,40.69760127,-73.99344559,40.70255088,-73.98940236,casual
2624144,3CA96319D43DDA77,classic_bike,2021-08-25 08:25:45,2021-08-25 08:58:03,Clark St & Henry St,4789,Jefferson St & Cypress Ave,5082,40.69760127,-73.99344559,40.70907,-73.92157,member
2624145,8F620D5C030A4CFE,classic_bike,2021-08-31 18:04:58,2021-08-31 18:08:35,Clark St & Henry St,4789,Front St & Washington St,4936,40.69760127,-73.99344559,40.70255088,-73.98940236,member
2624151,CF527D31C219805F,classic_bike,2021-08-14 21:33:11,2021-08-14 21:55:49,Clark St & Henry St,4789,Front St & Washington St,4936,40.69760127,-73.99344559,40.70255088,-73.98940236,casual
2624153,F336BFE1B66F9FCC,classic_bike,2021-08-04 13:17:26,2021-08-04 13:22:51,Clark St & Henry St,4789,Front St & Washington St,4936,40.69760127,-73.99344559,40.70255088,-73.98940236,casual
2624159,D5AC021415A2BD68,classic_bike,2021-08-11 20:43:35,2021-08-11 20:55:11,Clark St & Henry St,4789,Front St & Washington St,4936,40.69760127,-73.99344559,40.70255088,-73.98940236,casual
2624161,B1E2FDE189FD0132,classic_bike,2021-08-06 12:01:16,2021-08-06 12:05:36,Clark St & Henry St,4789,Front St & Washington St,4936,40.69760127,-73.99344559,40.70255088,-73.98940236,casual
2624168,E69929ECE4BED2C7,classic_bike,2021-08-05 20:11:45,2021-08-05 20:33:02,Clark St & Henry St,4789,6 Ave & 12 St,3803,40.69760127,-73.99344559,40.6663181,-73.9854617,member
2624169,42D5FC46975FBD53,classic_bike,2021-08-03 08:00:46,2021-08-03 08:36:27,Clark St & Henry St,4789,Jefferson St & Cypress Ave,5082,40.69760127,-73.99344559,40.70907,-73.92157,member
2624170,11F51FB9D9B8EEC6,classic_bike,2021-08-23 18:21:23,2021-08-23 18:45:58,Clark St & Henry St,4789,17 St & 5 Ave,3699,40.69760127,-73.99344559,40.663493,-73.991007,member
2624172,97558570E22595F6,classic_bike,2021-08-10 13:41:24,2021-08-10 14:10:21,Clark St & Henry St,4789,Front St & Washington St,4936,40.69760127,-73.99344559,40.70255088,-73.98940236,casual
2624179,0A3C923B2798BE84,classic_bike,2021-08-16 08:55:23,2021-08-16 09:00:34,Clark St & Henry St,4789,Front St & Washington St,4936,40.69760127,-73.99344559,40.70255088,-73.98940236,casual
2624181,B222844120E38397,electric_bike,2021-08-09 14:29:16,2021-08-09 14:33:06,Clark St & Henry St,4789,Front St & Washington St,4936,40.69760127,-73.99344559,40.70255088,-73.98940236,casual
2624182,32F8017039E21438,electric_bike,2021-08-27 02:23:36,2021-08-27 02:55:44,Clark St & Henry St,4789,Greene Ave & Grandview Ave,5106,40.69760127,-73.99344559,40.709697,-73.907856,casual
2624183,FEEEE957AA83794A,classic_bike,2021-08-17 09:36:43,2021-08-17 09:40:15,Clark St & Henry St,4789,Front St & Washington St,4936,40.69760127,-73.99344559,40.70255088,-73.98940236,casual
2626885,13396622A716C058,electric_bike,2021-08-09 20:55:29,2021-08-09 21:09:37,Clark St & Henry St,4789,6 Ave & 12 St,3803,40.69760127,-73.99344559,40.6663181,-73.9854617,member
2626886,6183A1D796F4468C,classic_bike,2021-08-16 18:12:58,2021-08-16 18:20:01,Clark St & Henry St,4789,Front St & Washington St,4936,40.69760127,-73.99344559,40.70255088,-73.98940236,member
2627567,FB86285AD04FE58C,classic_bike,2021-08-08 13:57:13,2021-08-08 14:14:19,Clark St & Henry St,4789,Front St & Washington St,4936,40.69760127,-73.99344559,40.70255088,-73.98940236,member
2627569,2C9099F1A9D34AA9,electric_bike,2021-08-08 14:18:57,2021-08-08 14:23:49,Clark St & Henry St,4789,Front St & Washington St,4936,40.69760127,-73.99344559,40.70255088,-73.98940236,member
2628515,E1B5BF552B501BCD,classic_bike,2021-08-07 08:46:17,2021-08-07 08:55:04,Clark St & Henry St,4789,Front St & Washington St,4936,40.69760127,-73.99344559,40.70255088,-73.98940236,member
2628645,08D1D4955A572F99,classic_bike,2021-08-08 07:46:28,2021-08-08 07:49:59,Clark St & Henry St,4789,Front St & Washington St,4936,40.69760127,-73.99344559,40.70255088,-73.98940236,member
2628648,F0D08A17E5A9A6DE,classic_bike,2021-08-23 18:21:44,2021-08-23 18:46:01,Clark St & Henry St,4789,17 St & 5 Ave,3699,40.69760127,-73.99344559,40.663493,-73.991007,casual
2629150,B07BA876A05B817D,classic_bike,2021-08-18 06:22:16,2021-08-18 06:27:12,Clark St & Henry St,4789,Front St & Washington St,4936,40.69760127,-73.99344559,40.70255088,-73.98940236,member
2629651,78E481E841447B77,electric_bike,2021-08-19 21:37:39,2021-08-19 21:59:43,Clark St & Henry St,4789,Bushwick Ave & Harman St,4640,40.69760127,-73.99344559,40.69356,-73.92524,member
2629652,D21104DD1ABBC0AD,classic_bike,2021-08-01 13:46:00,2021-08-01 13:51:52,Clark St & Henry St,4789,Front St & Washington St,4936,40.69760127,-73.99344559,40.70255088,-73.98940236,member
2629716,7596BDFF972990AF,classic_bike,2021-08-04 19:39:05,2021-08-04 19:43:21,Clark St & Henry St,4789,Front St & Washington St,4936,40.69760127,-73.99344559,40.70255088,-73.98940236,member
2629872,C95979BE7C4F9E29,classic_bike,2021-08-10 17:33:24,2021-08-10 17:40:04,Clark St & Henry St,4789,Front St & Washington St,4936,40.69760127,-73.99344559,40.70255088,-73.98940236,member
2629873,BE8A55DE5B580F5D,classic_bike,2021-08-11 20:40:48,2021-08-11 20:55:03,Clark St & Henry St,4789,Front St & Washington St,4936,40.69760127,-73.99344559,40.70255088,-73.98940236,casual
2629875,6AFD5DFF5405E684,classic_bike,2021-08-27 09:27:26,2021-08-27 09:57:11,Clark St & Henry St,4789,Jefferson St & Cypress Ave,5082,40.69760127,-73.99344559,40.70907,-73.92157,member
2629876,5DA4082940C88C7D,classic_bike,2021-08-11 23:49:26,2021-08-12 00:30:42,Clark St & Henry St,4789,Greene Ave & Grandview Ave,5106,40.69760127,-73.99344559,40.709697,-73.907856,member
2629877,6AE5ECDEFFCEA10A,classic_bike,2021-08-18 18:25:11,2021-08-18 18:33:15,Clark St & Henry St,4789,Front St & Washington St,4936,40.69760127,-73.99344559,40.70255088,-73.98940236,member
2630149,B7CD53C5091DFE20,classic_bike,2021-08-17 20:10:45,2021-08-17 20:33:43,Clark St & Henry St,4789,6 Ave & 12 St,3803,40.69760127,-73.99344559,40.6663181,-73.9854617,member
2632037,7E6B80763A2B86F7,electric_bike,2021-08-02 11:10:19,2021-08-02 11:18:56,Clark St & Henry St,4789,S Portland Ave & Hanson Pl,4354,40.69760127,-73.99344559,40.68539567,-73.97431458,member
2633496,D42AD31FF08CFDB8,classic_bike,2021-08-05 20:59:50,2021-08-05 21:11:06,Clark St & Henry St,4789,Atlantic Ave & Fort Greene Pl,4354,40.69760127,-73.99344559,40.68382604,-73.97632328,member
2634228,2F556FB22F87EABC,classic_bike,2021-08-12 21:06:45,2021-08-12 21:36:39,Clark St & Henry St,4789,Atlantic Ave & Fort Greene Pl,4354,40.69760127,-73.99344559,40.68382604,-73.97632328,casual
2637534,1777CB6A7A633C0A,classic_bike,2021-08-30 08:27:45,2021-08-30 08:43:21,Clark St & Henry St,4789,Atlantic Ave & Fort Greene Pl,4354,40.69760127,-73.99344559,40.68382604,-73.97632328,member
2638725,FA660B78048CDF04,electric_bike,2021-08-26 19:27:06,2021-08-26 19:45:44,Clark St & Henry St,4789,Union Ave & N 12 St,5411,40.69760127,-73.99344559,40.71924,-73.95242,member
2638737,312E3DBA8135C5D7,classic_bike,2021-08-19 14:34:52,2021-08-19 14:50:55,Clark St & Henry St,4789,Atlantic Ave & Fort Greene Pl,4354,40.69760127,-73.99344559,40.68382604,-73.97632328,casual
2638745,8A5D76D2E1B17C2F,electric_bike,2021-08-15 12:54:06,2021-08-15 13:03:39,Clark St & Henry St,4789,S Portland Ave & Hanson Pl,4354,40.69760127,-73.99344559,40.68539567,-73.97431458,member
2642421,66D3D0A1FBCCA1EA,electric_bike,2021-08-14 16:40:26,2021-08-14 16:58:42,Clark St & Henry St,4789,Atlantic Ave & Fort Greene Pl,4354,40.69760127,-73.99344559,40.68382604,-73.97632328,member
2642422,76085B18AE43EC93,classic_bike,2021-08-25 06:41:05,2021-08-25 06:54:31,Clark St & Henry St,4789,S Portland Ave & Hanson Pl,4354,40.69760127,-73.99344559,40.68539567,-73.97431458,casual
2642427,8E483A267DF9D186,electric_bike,2021-08-13 23:01:37,2021-08-13 23:20:22,Clark St & Henry St,4789,Atlantic Ave & Fort Greene Pl,4354,40.69760127,-73.99344559,40.68382604,-73.97632328,casual
2642895,C8EA90872C29A550,electric_bike,2021-08-26 06:40:43,2021-08-26 06:51:38,Clark St & Henry St,4789,S Portland Ave & Hanson Pl,4354,40.69760127,-73.99344559,40.68539567,-73.97431458,casual
2646582,7C9E5048481DB1AA,classic_bike,2021-08-12 21:06:17,2021-08-12 21:41:13,Clark St & Henry St,4789,Atlantic Ave & Fort Greene Pl,4354,40.69760127,-73.99344559,40.68382604,-73.97632328,casual
2647003,C3EB6A90F2CF4B09,electric_bike,2021-08-26 06:40:58,2021-08-26 06:52:14,Clark St & Henry St,4789,S Portland Ave & Hanson Pl,4354,40.69760127,-73.99344559,40.68539567,-73.97431458,casual
2648115,545456328AAE3069,electric_bike,2021-08-17 11:35:28,2021-08-17 11:59:51,Clark St & Henry St,4789,White St & Johnson Ave,5099,40.69760127,-73.99344559,40.707174,-73.93581,casual
2649753,1E78CAA58AF31BBE,classic_bike,2021-08-06 19:40:59,2021-08-06 20:04:39,Clark St & Henry St,4789,Dean St & Franklin Ave,4107,40.69760127,-73.99344559,40.67759206937376,-73.955637216568,member
2649760,57CDD28DF9D38ABA,electric_bike,2021-08-06 11:17:43,2021-08-06 11:29:25,Clark St & Henry St,4789,Court St & Nelson St,4077,40.69760127,-73.99344559,40.6763947,-73.99869893,casual
2649768,285327A0384F4D89,classic_bike,2021-08-31 17:59:56,2021-08-31 18:18:19,Clark St & Henry St,4789,Dean St & Franklin Ave,4107,40.69760127,-73.99344559,40.67759206937376,-73.955637216568,member
2649776,6E762761201E377A,classic_bike,2021-08-13 17:30:00,2021-08-13 17:44:07,Clark St & Henry St,4789,Court St & Nelson St,4077,40.69760127,-73.99344559,40.6763947,-73.99869893,casual
2650091,A755D58C2EFC68EF,classic_bike,2021-08-19 18:05:46,2021-08-19 18:23:44,Clark St & Henry St,4789,Dean St & Franklin Ave,4107,40.69760127,-73.99344559,40.67759206937376,-73.955637216568,member
2651227,8011DD2CE1FDECFD,classic_bike,2021-08-25 16:07:41,2021-08-25 16:27:18,Clark St & Henry St,4789,Court St & Nelson St,4077,40.69760127,-73.99344559,40.6763947,-73.99869893,member
2655277,1DE2791DC954A0EB,classic_bike,2021-08-18 20:05:18,2021-08-18 20:15:30,Clark St & Henry St,4789,Court St & Nelson St,4077,40.69760127,-73.99344559,40.6763947,-73.99869893,member
2658445,23EA512B7952BC1C,classic_bike,2021-08-03 11:36:21,2021-08-03 11:58:06,Clark St & Henry St,4789,Dean St & Franklin Ave,4107,40.69760127,-73.99344559,40.67759206937376,-73.955637216568,member
2658450,C1202E06FC27CE3F,electric_bike,2021-08-05 11:15:14,2021-08-05 11:40:13,Clark St & Henry St,4789,Metropolitan Ave & Bedford Ave,5308,40.69760127,-73.99344559,40.71534825,-73.96024116,casual
2658456,3A0EC6C369F0FB94,electric_bike,2021-08-17 14:18:58,2021-08-17 14:35:58,Clark St & Henry St,4789,Lincoln Pl & Classon Ave,3960,40.69760127,-73.99344559,40.6721683,-73.9609,member
2658457,70FE64C135F808E4,electric_bike,2021-08-06 08:34:16,2021-08-06 08:48:45,Clark St & Henry St,4789,Dean St & Franklin Ave,4107,40.69760127,-73.99344559,40.67759206937376,-73.955637216568,member
2658484,21AC9FCDAD19C8D2,classic_bike,2021-08-20 12:00:47,2021-08-20 12:11:49,Clark St & Henry St,4789,Court St & Nelson St,4077,40.69760127,-73.99344559,40.6763947,-73.99869893,casual
2658517,73CD265A24857CFE,electric_bike,2021-08-16 07:21:44,2021-08-16 07:59:38,Clark St & Henry St,4789,E 84 St & Park Ave,7243,40.69760127,-73.99344559,40.77862688,-73.95772073,member
2658578,F7553CA864F42106,classic_bike,2021-08-11 11:53:11,2021-08-11 12:06:34,Clark St & Henry St,4789,Court St & Nelson St,4077,40.69760127,-73.99344559,40.6763947,-73.99869893,casual
2666698,E98E2536F97845E9,electric_bike,2021-08-04 11:49:31,2021-08-04 12:02:03,Clark St & Henry St,4789,Court St & Nelson St,4077,40.69760127,-73.99344559,40.6763947,-73.99869893,member
2666699,38D62CCA880D7654,classic_bike,2021-08-20 22:52:13,2021-08-20 23:38:45,Clark St & Henry St,4789,Court St & Nelson St,4077,40.69760127,-73.99344559,40.6763947,-73.99869893,casual
2666709,FFB9579BB232000A,electric_bike,2021-08-02 16:09:08,2021-08-02 16:18:56,Clark St & Henry St,4789,Court St & Nelson St,4077,40.69760127,-73.99344559,40.6763947,-73.99869893,member
2666711,33CBFC87889F0178,classic_bike,2021-08-09 18:28:58,2021-08-09 18:40:13,Clark St & Henry St,4789,Court St & Nelson St,4077,40.69760127,-73.99344559,40.6763947,-73.99869893,member
2666718,76B43A2916B957C1,classic_bike,2021-08-12 23:26:46,2021-08-12 23:50:48,Clark St & Henry St,4789,Dean St & Franklin Ave,4107,40.69760127,-73.99344559,40.67759206937376,-73.955637216568,member
2666722,EEACDCB7E42B76E9,classic_bike,2021-08-08 12:12:57,2021-08-08 12:26:38,Clark St & Henry St,4789,Court St & Nelson St,4077,40.69760127,-73.99344559,40.6763947,-73.99869893,casual
2666723,F26674EABC3A5878,classic_bike,2021-08-17 12:28:19,2021-08-17 12:39:11,Clark St & Henry St,4789,Court St & Nelson St,4077,40.69760127,-73.99344559,40.6763947,-73.99869893,casual
2666759,FD453C5151798007,electric_bike,2021-08-05 11:52:38,2021-08-05 12:00:39,Clark St & Henry St,4789,Court St & Nelson St,4077,40.69760127,-73.99344559,40.6763947,-73.99869893,member
2666768,CF4E1EB11CD857E0,electric_bike,2021-08-25 14:21:04,2021-08-25 14:42:01,Clark St & Henry St,4789,Metropolitan Ave & Bedford Ave,5308,40.69760127,-73.99344559,40.71534825,-73.96024116,casual
2666791,77B9EC1446C79A23,electric_bike,2021-08-23 19:20:04,2021-08-23 19:30:47,Clark St & Henry St,4789,Court St & Nelson St,4077,40.69760127,-73.99344559,40.6763947,-73.99869893,casual
2672623,21EE284A1B3C558A,classic_bike,2021-08-20 22:52:47,2021-08-20 23:39:01,Clark St & Henry St,4789,Court St & Nelson St,4077,40.69760127,-73.99344559,40.6763947,-73.99869893,member
2676024,0FB128EF32B90C1C,electric_bike,2021-08-27 19:36:22,2021-08-27 19:57:47,Clark St & Henry St,4789,McKibbin St & Manhattan Ave,4996,40.69760127,-73.99344559,40.70510918,-73.94407279,member
2676589,206493F626C209CC,electric_bike,2021-08-19 18:37:59,2021-08-19 18:46:17,Clark St & Henry St,4789,Court St & Nelson St,4077,40.69760127,-73.99344559,40.6763947,-73.99869893,member
2676591,014CDF0CA1884DDD,electric_bike,2021-08-20 18:26:52,2021-08-20 18:55:25,Clark St & Henry St,4789,Metropolitan Ave & Bedford Ave,5308,40.69760127,-73.99344559,40.71534825,-73.96024116,member
2678442,B162C458CD5FAE40,classic_bike,2021-08-27 22:37:58,2021-08-27 22:45:21,Clark St & Henry St,4789,Myrtle Ave & Fleet Pl,4628,40.69760127,-73.99344559,40.693534,-73.981909,member
2679042,CDF50150314FD1A0,classic_bike,2021-08-24 20:13:20,2021-08-24 20:19:09,Clark St & Henry St,4789,Myrtle Ave & Fleet Pl,4628,40.69760127,-73.99344559,40.693534,-73.981909,member
2679044,9AF93294298ACEF8,classic_bike,2021-08-14 12:23:28,2021-08-14 12:29:24,Clark St & Henry St,4789,Myrtle Ave & Fleet Pl,4628,40.69760127,-73.99344559,40.693534,-73.981909,member
2679048,487F0487CBDD6BA1,classic_bike,2021-08-24 10:35:54,2021-08-24 10:41:03,Clark St & Henry St,4789,Myrtle Ave & Fleet Pl,4628,40.69760127,-73.99344559,40.693534,-73.981909,member
2679050,E1C0D9827186CCE2,classic_bike,2021-08-19 11:36:01,2021-08-19 11:42:54,Clark St & Henry St,4789,Myrtle Ave & Fleet Pl,4628,40.69760127,-73.99344559,40.693534,-73.981909,member
2679750,9DEB3C0A6CA15C81,classic_bike,2021-08-19 19:52:53,2021-08-19 19:59:09,Clark St & Henry St,4789,Myrtle Ave & Fleet Pl,4628,40.69760127,-73.99344559,40.693534,-73.981909,member
2679751,57B2BD08230E29CC,classic_bike,2021-08-18 21:02:08,2021-08-18 21:08:49,Clark St & Henry St,4789,Myrtle Ave & Fleet Pl,4628,40.69760127,-73.99344559,40.693534,-73.981909,member
2681228,AF2A54605626CF42,classic_bike,2021-08-15 12:01:34,2021-08-15 12:07:38,Clark St & Henry St,4789,Myrtle Ave & Fleet Pl,4628,40.69760127,-73.99344559,40.693534,-73.981909,member
2681235,54053FB680FD3F82,classic_bike,2021-08-04 12:29:00,2021-08-04 12:35:03,Clark St & Henry St,4789,Myrtle Ave & Fleet Pl,4628,40.69760127,-73.99344559,40.693534,-73.981909,member
2681244,37A27D101491C5D2,classic_bike,2021-08-07 10:48:28,2021-08-07 11:18:34,Clark St & Henry St,4789,University Pl & E 8 St,5755,40.69760127,-73.99344559,40.73143724085228,-73.99490341544151,casual
2681250,B4A2E3241A0F3594,electric_bike,2021-08-18 11:45:00,2021-08-18 11:56:30,Clark St & Henry St,4789,Clinton St & 4 Place,4119,40.69760127,-73.99344559,40.6783563,-74.00014502,member
2681252,41DEBE5475900D7A,electric_bike,2021-08-25 12:31:11,2021-08-25 12:37:22,Clark St & Henry St,4789,Myrtle Ave & Fleet Pl,4628,40.69760127,-73.99344559,40.693534,-73.981909,member
2681253,BC3CCCEE38C722BC,classic_bike,2021-08-10 12:31:07,2021-08-10 12:36:57,Clark St & Henry St,4789,Myrtle Ave & Fleet Pl,4628,40.69760127,-73.99344559,40.693534,-73.981909,member
2681257,47E029348F61BB57,classic_bike,2021-08-05 20:18:37,2021-08-05 20:23:05,Clark St & Henry St,4789,Myrtle Ave & Fleet Pl,4628,40.69760127,-73.99344559,40.693534,-73.981909,member
2681258,BFC83D255702F329,classic_bike,2021-08-06 17:53:22,2021-08-06 17:59:09,Clark St & Henry St,4789,Myrtle Ave & Fleet Pl,4628,40.69760127,-73.99344559,40.693534,-73.981909,member
2681274,3E31A49E608C70AC,classic_bike,2021-08-05 20:01:49,2021-08-05 20:39:10,Clark St & Henry St,4789,Madison St & Evergreen Ave,4560,40.69760127,-73.99344559,40.69122,-73.91693,member
2692572,C9B897C5542E9B2A,classic_bike,2021-08-12 19:29:44,2021-08-12 20:00:33,Clark St & Henry St,4789,Madison St & Evergreen Ave,4560,40.69760127,-73.99344559,40.69122,-73.91693,member
2692574,C4A016A825DACA71,electric_bike,2021-08-21 14:44:34,2021-08-21 15:11:59,Clark St & Henry St,4789,University Pl & E 8 St,5755,40.69760127,-73.99344559,40.73143724085228,-73.99490341544151,member
2692584,24645F111951C551,electric_bike,2021-08-10 16:02:57,2021-08-10 16:11:52,Clark St & Henry St,4789,Myrtle Ave & Fleet Pl,4628,40.69760127,-73.99344559,40.693534,-73.981909,casual
2692590,40FE293353471E9B,classic_bike,2021-08-10 13:24:31,2021-08-10 13:29:36,Clark St & Henry St,4789,Myrtle Ave & Fleet Pl,4628,40.69760127,-73.99344559,40.693534,-73.981909,member
2692597,E748436E72413718,electric_bike,2021-08-11 10:47:33,2021-08-11 10:52:42,Clark St & Henry St,4789,Myrtle Ave & Fleet Pl,4628,40.69760127,-73.99344559,40.693534,-73.981909,member
2692600,580F33859F52C9B6,classic_bike,2021-08-12 09:04:38,2021-08-12 09:12:24,Clark St & Henry St,4789,Myrtle Ave & Fleet Pl,4628,40.69760127,-73.99344559,40.693534,-73.981909,member
2692605,A4BF0FA122D89CBE,classic_bike,2021-08-15 12:05:02,2021-08-15 12:11:54,Clark St & Henry St,4789,Myrtle Ave & Fleet Pl,4628,40.69760127,-73.99344559,40.693534,-73.981909,member
2692606,0FD5DEB2F2C2A2D3,classic_bike,2021-08-18 10:11:16,2021-08-18 10:17:24,Clark St & Henry St,4789,Myrtle Ave & Fleet Pl,4628,40.69760127,-73.99344559,40.693534,-73.981909,member
2692609,DDB2FCE6A9E65865,classic_bike,2021-08-17 19:50:55,2021-08-17 19:57:07,Clark St & Henry St,4789,Myrtle Ave & Fleet Pl,4628,40.69760127,-73.99344559,40.693534,-73.981909,member
2692610,B6D5E529C4413582,classic_bike,2021-08-16 20:05:13,2021-08-16 20:11:06,Clark St & Henry St,4789,Myrtle Ave & Fleet Pl,4628,40.69760127,-73.99344559,40.693534,-73.981909,member
2692612,70FB900E337326FE,classic_bike,2021-08-11 11:06:03,2021-08-11 11:12:59,Clark St & Henry St,4789,Myrtle Ave & Fleet Pl,4628,40.69760127,-73.99344559,40.693534,-73.981909,member
2692614,5E83396C5EC92DFB,classic_bike,2021-08-28 14:57:48,2021-08-28 15:03:26,Clark St & Henry St,4789,Myrtle Ave & Fleet Pl,4628,40.69760127,-73.99344559,40.693534,-73.981909,member
2692632,1E9F10FB5FA2FD9F,classic_bike,2021-08-13 18:22:13,2021-08-13 18:33:40,Clark St & Henry St,4789,Clinton St & 4 Place,4119,40.69760127,-73.99344559,40.6783563,-74.00014502,member
2692637,4D5A641B8CB21167,classic_bike,2021-08-10 21:04:54,2021-08-10 21:09:29,Clark St & Henry St,4789,Myrtle Ave & Fleet Pl,4628,40.69760127,-73.99344559,40.693534,-73.981909,member
2692641,425B524D77EB5E4C,classic_bike,2021-08-24 19:48:08,2021-08-24 20:01:03,Clark St & Henry St,4789,Clinton St & 4 Place,4119,40.69760127,-73.99344559,40.6783563,-74.00014502,casual
2692644,905C35656C108889,classic_bike,2021-08-30 20:15:57,2021-08-30 20:21:02,Clark St & Henry St,4789,Myrtle Ave & Fleet Pl,4628,40.69760127,-73.99344559,40.693534,-73.981909,member
2692645,B3B97F40503AE06B,classic_bike,2021-08-25 21:05:41,2021-08-25 21:11:01,Clark St & Henry St,4789,Myrtle Ave & Fleet Pl,4628,40.69760127,-73.99344559,40.693534,-73.981909,member
2692648,67F47E9F247B091D,electric_bike,2021-08-04 22:20:40,2021-08-04 22:29:39,Clark St & Henry St,4789,Clinton St & 4 Place,4119,40.69760127,-73.99344559,40.6783563,-74.00014502,member
2692651,96B8239502A8422F,classic_bike,2021-08-04 07:47:44,2021-08-04 08:22:52,Clark St & Henry St,4789,Pershing Square North,6432,40.69760127,-73.99344559,40.751873,-73.977706,casual
2695427,144DEB2384749FB1,classic_bike,2021-08-31 10:39:39,2021-08-31 10:46:40,Clark St & Henry St,4789,Myrtle Ave & Fleet Pl,4628,40.69760127,-73.99344559,40.693534,-73.981909,member
2695438,48C08127EE339674,classic_bike,2021-08-02 19:03:38,2021-08-02 19:39:37,Clark St & Henry St,4789,Linden St & Knickerbocker Ave,4743,40.69760127,-73.99344559,40.69714,-73.91566,casual
2695446,23C074F79EAB0FDB,electric_bike,2021-08-29 12:59:36,2021-08-29 13:29:55,Clark St & Henry St,4789,Wolcott St & Dwight St,4054,40.69760127,-73.99344559,40.6753274,-74.0100698,member
2695447,2037B9B3079EC0D5,classic_bike,2021-08-04 21:09:58,2021-08-04 21:15:15,Clark St & Henry St,4789,Myrtle Ave & Fleet Pl,4628,40.69760127,-73.99344559,40.693534,-73.981909,member
2695450,0631AC5E709F0FB4,classic_bike,2021-08-12 13:51:14,2021-08-12 14:02:51,Clark St & Henry St,4789,Clinton St & 4 Place,4119,40.69760127,-73.99344559,40.6783563,-74.00014502,member
2695462,8B34717BC63ADAE6,electric_bike,2021-08-30 15:38:02,2021-08-30 15:47:25,Clark St & Henry St,4789,Myrtle Ave & Fleet Pl,4628,40.69760127,-73.99344559,40.693534,-73.981909,casual
2695464,3710265D850935D4,electric_bike,2021-08-31 19:06:08,2021-08-31 19:27:59,Clark St & Henry St,4789,Clinton St & 4 Place,4119,40.69760127,-73.99344559,40.6783563,-74.00014502,member
2695466,1514944C857315E1,electric_bike,2021-08-29 09:59:43,2021-08-29 10:05:30,Clark St & Henry St,4789,Myrtle Ave & Fleet Pl,4628,40.69760127,-73.99344559,40.693534,-73.981909,member
2695473,FA984080FE38E88E,classic_bike,2021-08-15 14:24:03,2021-08-15 14:53:13,Clark St & Henry St,4789,Clinton St & 4 Place,4119,40.69760127,-73.99344559,40.6783563,-74.00014502,member
2695475,E5F117FA6581F1C5,classic_bike,2021-08-25 21:01:50,2021-08-25 21:09:00,Clark St & Henry St,4789,Myrtle Ave & Fleet Pl,4628,40.69760127,-73.99344559,40.693534,-73.981909,member
2695482,B660DB5BCA500C1D,classic_bike,2021-08-25 22:43:35,2021-08-25 22:55:01,Clark St & Henry St,4789,Clinton St & 4 Place,4119,40.69760127,-73.99344559,40.6783563,-74.00014502,casual
2697601,FEC9E0416A68B1C0,classic_bike,2021-08-15 14:24:35,2021-08-15 14:53:18,Clark St & Henry St,4789,Clinton St & 4 Place,4119,40.69760127,-73.99344559,40.6783563,-74.00014502,casual
2697605,64A4C4AE0307F742,classic_bike,2021-08-07 14:21:14,2021-08-07 14:27:42,Clark St & Henry St,4789,Myrtle Ave & Fleet Pl,4628,40.69760127,-73.99344559,40.693534,-73.981909,member
2699581,833EFD1D7099827D,classic_bike,2021-08-12 20:05:14,2021-08-12 20:12:35,Clark St & Henry St,4789,Myrtle Ave & Fleet Pl,4628,40.69760127,-73.99344559,40.693534,-73.981909,member
2699582,B6090C3DD5E70D84,classic_bike,2021-08-13 19:01:32,2021-08-13 19:06:53,Clark St & Henry St,4789,Myrtle Ave & Fleet Pl,4628,40.69760127,-73.99344559,40.693534,-73.981909,member
2699656,976A42CD3FC8B7B5,classic_bike,2021-08-07 10:48:32,2021-08-07 11:18:28,Clark St & Henry St,4789,University Pl & E 8 St,5755,40.69760127,-73.99344559,40.73143724085228,-73.99490341544151,casual
2700564,EE58421D996FB597,classic_bike,2021-08-23 13:40:29,2021-08-23 13:52:06,Clark St & Henry St,4789,Myrtle Ave & Fleet Pl,4628,40.69760127,-73.99344559,40.693534,-73.981909,member
2702871,EB9026F57824522F,classic_bike,2021-08-10 18:33:58,2021-08-10 18:42:54,Clark St & Henry St,4789,Myrtle Ave & Fleet Pl,4628,40.69760127,-73.99344559,40.693534,-73.981909,member
2702872,332D0E259A11A757,classic_bike,2021-08-17 12:01:38,2021-08-17 12:07:32,Clark St & Henry St,4789,Myrtle Ave & Fleet Pl,4628,40.69760127,-73.99344559,40.693534,-73.981909,member
2704166,EC81446BE2C34F35,classic_bike,2021-08-27 17:39:20,2021-08-27 17:44:45,Clark St & Henry St,4789,Myrtle Ave & Fleet Pl,4628,40.69760127,-73.99344559,40.693534,-73.981909,member
2704491,8FF908FECFD25892,classic_bike,2021-08-01 18:00:12,2021-08-01 18:19:59,Clark St & Henry St,4789,Wolcott St & Dwight St,4054,40.69760127,-73.99344559,40.6753274,-74.0100698,member
2706130,DAEDD5FC02857137,electric_bike,2021-08-20 18:24:47,2021-08-20 18:34:26,Clark St & Henry St,4789,Clinton St & 4 Place,4119,40.69760127,-73.99344559,40.6783563,-74.00014502,member
2706132,F26FA902A2CCCE14,electric_bike,2021-08-16 19:06:01,2021-08-16 19:16:02,Clark St & Henry St,4789,Clinton St & 4 Place,4119,40.69760127,-73.99344559,40.6783563,-74.00014502,member
2706137,28842A5385AD7930,electric_bike,2021-08-31 14:15:57,2021-08-31 14:38:58,Clark St & Henry St,4789,Sullivan St & Washington Sq,5721,40.69760127,-73.99344559,40.73047747,-73.99906065,member
2706138,F9703C748638F75E,classic_bike,2021-08-08 18:10:00,2021-08-08 18:19:41,Clark St & Henry St,4789,Clinton St & 4 Place,4119,40.69760127,-73.99344559,40.6783563,-74.00014502,casual
2706141,B1B10E995A2F583E,classic_bike,2021-08-07 10:49:19,2021-08-07 11:18:22,Clark St & Henry St,4789,University Pl & E 8 St,5755,40.69760127,-73.99344559,40.73143724085228,-73.99490341544151,member
2706148,7FEB47A78AC91188,classic_bike,2021-08-17 13:30:23,2021-08-17 13:35:53,Clark St & Henry St,4789,Myrtle Ave & Fleet Pl,4628,40.69760127,-73.99344559,40.693534,-73.981909,member
2706498,40CA88B144CD3554,classic_bike,2021-08-01 17:58:51,2021-08-01 18:05:39,Clark St & Henry St,4789,Myrtle Ave & Fleet Pl,4628,40.69760127,-73.99344559,40.693534,-73.981909,member
2706499,AFF500E8FD5AFD61,electric_bike,2021-08-24 14:18:30,2021-08-24 14:23:40,Clark St & Henry St,4789,Myrtle Ave & Fleet Pl,4628,40.69760127,-73.99344559,40.693534,-73.981909,member
2710380,0F9306D84B6C906F,classic_bike,2021-08-11 19:16:27,2021-08-11 19:27:14,Clark St & Henry St,4789,Carroll St & Columbia St,4348,40.69760127,-73.99344559,40.6830456,-74.00348559,member
2710381,80B210C0D770DC2D,classic_bike,2021-08-05 18:13:42,2021-08-05 18:36:12,Clark St & Henry St,4789,1 Ave & E 6 St,5626,40.69760127,-73.99344559,40.72633085971696,-73.98616880178452,member
2710386,87683B9B526EFA36,classic_bike,2021-08-31 19:50:55,2021-08-31 20:00:19,Clark St & Henry St,4789,Carroll St & Columbia St,4348,40.69760127,-73.99344559,40.6830456,-74.00348559,member
2710389,48325737BBE3A44F,docked_bike,2021-08-31 19:39:12,2021-08-31 20:03:27,Clark St & Henry St,4789,Van Brunt St & Van Dyke St,4095,40.697601,-73.993446,40.675833,-74.014726,casual
2710393,CF07A355AA0B5693,classic_bike,2021-08-31 07:34:35,2021-08-31 07:46:55,Clark St & Henry St,4789,Carroll St & Columbia St,4348,40.69760127,-73.99344559,40.6830456,-74.00348559,casual
2710414,2311B70013CDA482,classic_bike,2021-08-13 06:06:59,2021-08-13 06:12:23,Clark St & Henry St,4789,Bridge St & York St,4853,40.69760127,-73.99344559,40.70133448066992,-73.98471236228943,casual
2710418,F8AF13958220A135,electric_bike,2021-08-01 19:15:37,2021-08-01 19:34:17,Clark St & Henry St,4789,Laight St & Hudson St,5539,40.69760127,-73.99344559,40.72185379,-74.00771779,member
2710422,8DBB3ED9480D4967,classic_bike,2021-08-05 16:57:59,2021-08-05 17:16:42,Clark St & Henry St,4789,5 Ave & 3 St,3987,40.69760127,-73.99344559,40.6728155,-73.98352355,member
2710424,83236C5969782E3E,classic_bike,2021-08-11 13:08:22,2021-08-11 13:19:06,Clark St & Henry St,4789,Bridge St & York St,4853,40.69760127,-73.99344559,40.70133448066992,-73.98471236228943,member
2710425,774549956C9841AF,electric_bike,2021-08-30 22:16:15,2021-08-30 22:35:47,Clark St & Henry St,4789,Carroll St & Columbia St,4348,40.69760127,-73.99344559,40.6830456,-74.00348559,member
2710431,A23BD640CFA70CF5,electric_bike,2021-08-11 23:23:53,2021-08-11 23:34:49,Clark St & Henry St,4789,Carroll St & Columbia St,4348,40.69760127,-73.99344559,40.6830456,-74.00348559,casual
2710432,67CFBA8AECE909CB,classic_bike,2021-08-29 08:06:23,2021-08-29 08:35:54,Clark St & Henry St,4789,Henry St & W 9 St,4086,40.69760127,-73.99344559,40.6763744,-74.00324957,casual
2710434,9BAAFAA6015401F2,classic_bike,2021-08-14 12:41:24,2021-08-14 13:06:35,Clark St & Henry St,4789,Lafayette St & E 8 St,5788,40.69760127,-73.99344559,40.73020660529954,-73.99102628231049,member
2710450,63635CA791D12697,classic_bike,2021-08-25 16:30:15,2021-08-25 16:40:21,Clark St & Henry St,4789,Carroll St & Columbia St,4348,40.69760127,-73.99344559,40.6830456,-74.00348559,member
2710455,A120FA0FC3FFB0E4,classic_bike,2021-08-25 13:23:30,2021-08-25 13:42:27,Clark St & Henry St,4789,5 Ave & 3 St,3987,40.69760127,-73.99344559,40.6728155,-73.98352355,member
2710457,4791C2A0F675FE73,classic_bike,2021-08-16 16:35:19,2021-08-16 16:52:38,Clark St & Henry St,4789,5 Ave & 3 St,3987,40.69760127,-73.99344559,40.6728155,-73.98352355,member
2710458,2754430CFADECCFA,classic_bike,2021-08-19 16:01:41,2021-08-19 16:20:47,Clark St & Henry St,4789,5 Ave & 3 St,3987,40.69760127,-73.99344559,40.6728155,-73.98352355,member
2710462,2952475E13E7CA90,classic_bike,2021-08-06 09:10:33,2021-08-06 09:19:35,Clark St & Henry St,4789,Carroll St & Columbia St,4348,40.69760127,-73.99344559,40.6830456,-74.00348559,member
2712048,4CFEA801C5109AC3,classic_bike,2021-08-18 16:26:05,2021-08-18 16:36:11,Clark St & Henry St,4789,Carroll St & Columbia St,4348,40.69760127,-73.99344559,40.6830456,-74.00348559,member
2712059,22C9B52AA740958B,classic_bike,2021-08-03 16:15:12,2021-08-03 17:28:15,Clark St & Henry St,4789,Carroll St & Columbia St,4348,40.69760127,-73.99344559,40.6830456,-74.00348559,member
2718546,95A7DCD65382DF1D,classic_bike,2021-08-03 16:31:54,2021-08-03 16:50:32,Clark St & Henry St,4789,5 Ave & 3 St,3987,40.69760127,-73.99344559,40.6728155,-73.98352355,member
2718549,4D5B3B5FFAEC6895,classic_bike,2021-08-04 16:08:53,2021-08-04 16:31:38,Clark St & Henry St,4789,Lafayette St & E 8 St,5788,40.69760127,-73.99344559,40.73020660529954,-73.99102628231049,casual
2718561,B78FD15FDCEA0528,electric_bike,2021-08-04 20:50:16,2021-08-04 21:05:36,Clark St & Henry St,4789,1 Ave & E 6 St,5626,40.69760127,-73.99344559,40.72633085971696,-73.98616880178452,member
2718565,949D04B4027F2172,classic_bike,2021-08-13 17:11:22,2021-08-13 17:27:34,Clark St & Henry St,4789,Carroll St & Columbia St,4348,40.69760127,-73.99344559,40.6830456,-74.00348559,member
2718725,D074C366358AE519,electric_bike,2021-08-29 20:49:53,2021-08-29 21:04:52,Clark St & Henry St,4789,Van Brunt St & Van Dyke St,4095,40.69760127,-73.99344559,40.6758329439129,-74.01472628116608,casual
2718980,0356A9CF0F7A8C35,classic_bike,2021-08-16 08:40:50,2021-08-16 08:53:44,Clark St & Henry St,4789,Van Brunt St & Van Dyke St,4095,40.69760127,-73.99344559,40.6758329439129,-74.01472628116608,member
2718982,2E5876F84BDE78F3,electric_bike,2021-08-01 19:15:35,2021-08-01 19:34:25,Clark St & Henry St,4789,Laight St & Hudson St,5539,40.69760127,-73.99344559,40.72185379,-74.00771779,member
2723168,D1061F72065B4BA2,electric_bike,2021-08-11 14:35:46,2021-08-11 14:46:24,Clark St & Henry St,4789,Carroll St & Columbia St,4348,40.69760127,-73.99344559,40.6830456,-74.00348559,member
2723170,6D9B2148F3400452,classic_bike,2021-08-05 18:50:26,2021-08-05 19:05:10,Clark St & Henry St,4789,Van Brunt St & Van Dyke St,4095,40.69760127,-73.99344559,40.6758329439129,-74.01472628116608,member
2725332,8F904506870DE26E,classic_bike,2021-08-27 14:05:10,2021-08-27 14:15:05,Clark St & Henry St,4789,Carroll St & Columbia St,4348,40.69760127,-73.99344559,40.6830456,-74.00348559,member
2725333,7806A45DFA2725FF,electric_bike,2021-08-02 15:03:09,2021-08-02 15:16:04,Clark St & Henry St,4789,Market St & Henry St,5270,40.69760127,-73.99344559,40.71310702305908,-73.99446353316307,member
2727070,1EBAC52D9DBDA727,electric_bike,2021-08-30 19:33:23,2021-08-30 19:42:32,Clark St & Henry St,4789,Carroll St & Columbia St,4348,40.69760127,-73.99344559,40.6830456,-74.00348559,member
2727255,DF89E9090C56DEB8,classic_bike,2021-08-18 18:47:11,2021-08-18 19:01:01,Clark St & Henry St,4789,Van Brunt St & Van Dyke St,4095,40.69760127,-73.99344559,40.6758329439129,-74.01472628116608,member
2727256,8A9A9BA61F48746D,classic_bike,2021-08-24 18:48:19,2021-08-24 19:03:28,Clark St & Henry St,4789,Van Brunt St & Van Dyke St,4095,40.69760127,-73.99344559,40.6758329439129,-74.01472628116608,member
2728156,27FC24574C6E76E9,electric_bike,2021-08-26 07:58:54,2021-08-26 08:46:33,Clark St & Henry St,4789,E 48 St & 3 Ave,6541,40.69760127,-73.99344559,40.7546011026,-73.971878855,member
2732187,D35A0F9BAF27256D,electric_bike,2021-08-29 20:50:23,2021-08-29 21:04:49,Clark St & Henry St,4789,Van Brunt St & Van Dyke St,4095,40.69760127,-73.99344559,40.6758329439129,-74.01472628116608,casual
2732820,90A1922BDDFF7D33,docked_bike,2021-08-31 19:39:01,2021-08-31 20:03:52,Clark St & Henry St,4789,Van Brunt St & Van Dyke St,4095,40.697601,-73.993446,40.675833,-74.014726,casual
2734978,4FBD414A54E859F2,classic_bike,2021-08-05 18:52:52,2021-08-05 19:01:44,Clark St & Henry St,4789,Carroll St & Columbia St,4348,40.69760127,-73.99344559,40.6830456,-74.00348559,member
2734979,90DC493629182816,classic_bike,2021-08-25 20:40:46,2021-08-25 20:56:22,Clark St & Henry St,4789,5 Ave & 3 St,3987,40.69760127,-73.99344559,40.6728155,-73.98352355,member
2741658,BD4E76CD0955277B,classic_bike,2021-08-26 12:59:43,2021-08-26 13:07:44,Clark St & Henry St,4789,Carroll St & Columbia St,4348,40.69760127,-73.99344559,40.6830456,-74.00348559,member
2743069,F303952242596B81,electric_bike,2021-08-08 10:03:27,2021-08-08 10:24:28,Clark St & Henry St,4789,Lafayette St & E 8 St,5788,40.69760127,-73.99344559,40.73020660529954,-73.99102628231049,member
2743070,72F7DD21749FC70C,classic_bike,2021-08-31 18:07:06,2021-08-31 18:18:04,Clark St & Henry St,4789,Carroll St & Columbia St,4348,40.69760127,-73.99344559,40.6830456,-74.00348559,member
2743073,40649E39D677B064,classic_bike,2021-08-05 19:25:40,2021-08-05 19:51:51,Clark St & Henry St,4789,5 Ave & 3 St,3987,40.69760127,-73.99344559,40.6728155,-73.98352355,member
2743403,83E6AE1EE8521729,electric_bike,2021-08-21 13:51:34,2021-08-21 14:07:39,Clark St & Henry St,4789,5 Ave & 3 St,3987,40.69760127,-73.99344559,40.6728155,-73.98352355,member
2743404,5F45B95E5AEC5344,classic_bike,2021-08-07 18:27:22,2021-08-07 18:48:38,Clark St & Henry St,4789,1 Ave & E 6 St,5626,40.69760127,-73.99344559,40.72633085971696,-73.98616880178452,member
2743405,BB8C6874F10989A4,electric_bike,2021-08-26 15:48:19,2021-08-26 16:24:59,Clark St & Henry St,4789,E 39 St & Lexington Ave,6389,40.69760127,-73.99344559,40.7494985460252,-73.97729203113158,member
2743753,1803B2E37D4A53F0,classic_bike,2021-08-17 16:34:38,2021-08-17 16:52:38,Clark St & Henry St,4789,5 Ave & 3 St,3987,40.69760127,-73.99344559,40.6728155,-73.98352355,member
2744102,5E476D2B48F05A84,electric_bike,2021-08-28 23:00:16,2021-08-28 23:17:43,Clark St & Henry St,4789,1 Ave & E 6 St,5626,40.69760127,-73.99344559,40.72633085971696,-73.98616880178452,member
2744105,BCF28229BC0022DF,electric_bike,2021-08-09 13:51:04,2021-08-09 14:10:03,Clark St & Henry St,4789,West Drive & Prospect Park West,3651,40.69760127,-73.99344559,40.6610633719006,-73.97945255041122,member
2744425,3BECBACBE616487F,classic_bike,2021-08-09 15:58:20,2021-08-09 16:08:19,Clark St & Henry St,4789,Carroll St & Columbia St,4348,40.69760127,-73.99344559,40.6830456,-74.00348559,member
2744428,71E46D8CBA759EB4,classic_bike,2021-08-29 08:05:59,2021-08-29 08:36:02,Clark St & Henry St,4789,Henry St & W 9 St,4086,40.69760127,-73.99344559,40.6763744,-74.00324957,casual
2744545,718F8DD5B2325157,classic_bike,2021-08-09 14:54:42,2021-08-09 15:16:01,Clark St & Henry St,4789,Carroll St & Columbia St,4348,40.69760127,-73.99344559,40.6830456,-74.00348559,member
2744551,D6E77C1DB53BD460,classic_bike,2021-08-03 17:49:34,2021-08-03 17:56:57,Clark St & Henry St,4789,Carroll St & Columbia St,4348,40.69760127,-73.99344559,40.6830456,-74.00348559,member
2746858,B0C518D0396F55DF,classic_bike,2021-08-25 18:50:13,2021-08-25 19:03:39,Clark St & Henry St,4789,Carroll St & Columbia St,4348,40.69760127,-73.99344559,40.6830456,-74.00348559,casual
2746860,9D425FBAA54C5FED,classic_bike,2021-08-17 06:21:38,2021-08-17 06:26:12,Clark St & Henry St,4789,Bridge St & York St,4853,40.69760127,-73.99344559,40.70133448066992,-73.98471236228943,casual
2750236,83C45123292B8325,classic_bike,2021-08-12 07:45:58,2021-08-12 07:48:13,Clark St & Henry St,4789,Cadman Plaza E & Tillary St,4677,40.69760127,-73.99344559,40.69597683,-73.99014892,member
2750256,865AABB1ECE480C2,classic_bike,2021-08-17 09:50:16,2021-08-17 09:53:23,Clark St & Henry St,4789,Cadman Plaza E & Tillary St,4677,40.69760127,-73.99344559,40.69597683,-73.99014892,member
2750257,EC798073BC7F8E28,electric_bike,2021-08-29 19:46:04,2021-08-29 20:08:27,Clark St & Henry St,4789,Centre St & Chambers St,5207,40.69760127,-73.99344559,40.71273266,-74.0046073,casual
2752140,B93D1E29712A9F10,classic_bike,2021-08-17 08:08:03,2021-08-17 08:17:12,Clark St & Henry St,4789,Centre St & Chambers St,5207,40.69760127,-73.99344559,40.71273266,-74.0046073,member
2752141,7D1215815BAD5A41,classic_bike,2021-08-11 08:19:14,2021-08-11 08:28:40,Clark St & Henry St,4789,Centre St & Chambers St,5207,40.69760127,-73.99344559,40.71273266,-74.0046073,member
2752142,FF02ABCF83E406C4,classic_bike,2021-08-26 09:16:26,2021-08-26 09:19:13,Clark St & Henry St,4789,Cadman Plaza E & Tillary St,4677,40.69760127,-73.99344559,40.69597683,-73.99014892,member
2752143,5C7D1D5F802B372D,classic_bike,2021-08-06 21:06:31,2021-08-06 21:13:09,Clark St & Henry St,4789,Cadman Plaza E & Tillary St,4677,40.69760127,-73.99344559,40.69597683,-73.99014892,casual
2752345,5B7E4C45265FBDBE,classic_bike,2021-08-01 06:52:12,2021-08-01 06:54:24,Clark St & Henry St,4789,Cadman Plaza E & Tillary St,4677,40.69760127,-73.99344559,40.69597683,-73.99014892,member
2752346,EF241A01DAB208A7,classic_bike,2021-08-23 05:03:54,2021-08-23 05:06:15,Clark St & Henry St,4789,Cadman Plaza E & Tillary St,4677,40.69760127,-73.99344559,40.69597683,-73.99014892,member
2753598,773A445AA9F4CE60,classic_bike,2021-08-11 20:30:09,2021-08-11 20:37:21,Clark St & Henry St,4789,Carroll St & Bond St,4184,40.69760127,-73.99344559,40.6786115,-73.99037292,member
2753600,31C1974728A50E76,classic_bike,2021-08-30 13:18:05,2021-08-30 13:20:52,Clark St & Henry St,4789,Cadman Plaza E & Tillary St,4677,40.69760127,-73.99344559,40.69597683,-73.99014892,member
2753602,C9CB79B5AEA054AF,classic_bike,2021-08-30 13:51:50,2021-08-30 13:53:25,Clark St & Henry St,4789,Cadman Plaza E & Tillary St,4677,40.69760127,-73.99344559,40.69597683,-73.99014892,member
2753604,946566468E9183E7,classic_bike,2021-08-11 15:20:56,2021-08-11 15:23:45,Clark St & Henry St,4789,Cadman Plaza E & Tillary St,4677,40.69760127,-73.99344559,40.69597683,-73.99014892,casual
2753605,885ED085BF4F8682,classic_bike,2021-08-20 13:22:27,2021-08-20 13:25:07,Clark St & Henry St,4789,Cadman Plaza E & Tillary St,4677,40.69760127,-73.99344559,40.69597683,-73.99014892,casual
2756329,3842201ED70A61EF,electric_bike,2021-08-01 18:40:01,2021-08-01 18:56:06,Clark St & Henry St,4789,Prospect Pl & Vanderbilt Ave,4157,40.69760127,-73.99344559,40.67767534269111,-73.96902143955231,casual
2756330,AE77E4833C8A0BE0,electric_bike,2021-08-15 23:34:14,2021-08-16 01:08:10,Clark St & Henry St,4789,Coffey St & Conover St,4137,40.69760127,-73.99344559,40.677236,-74.015665,casual
2756331,261AAA09833BD307,classic_bike,2021-08-27 16:49:27,2021-08-27 16:59:15,Clark St & Henry St,4789,Cadman Plaza E & Tillary St,4677,40.69760127,-73.99344559,40.69597683,-73.99014892,casual
2756332,BC46505F5E64923E,classic_bike,2021-08-18 13:49:49,2021-08-18 13:52:17,Clark St & Henry St,4789,Cadman Plaza E & Tillary St,4677,40.69760127,-73.99344559,40.69597683,-73.99014892,casual
2757623,D4CFE614F4C5E315,classic_bike,2021-08-16 09:50:49,2021-08-16 09:53:35,Clark St & Henry St,4789,Cadman Plaza E & Tillary St,4677,40.69760127,-73.99344559,40.69597683,-73.99014892,member
2757624,1638E19A6F98A884,classic_bike,2021-08-27 08:35:56,2021-08-27 08:46:32,Clark St & Henry St,4789,Carroll St & Bond St,4184,40.69760127,-73.99344559,40.6786115,-73.99037292,member
2757628,6649219E67CC6309,classic_bike,2021-08-23 20:05:59,2021-08-23 20:39:43,Clark St & Henry St,4789,Bleecker St & Crosby St,5679,40.69760127,-73.99344559,40.72615604980408,-73.99510189890862,casual
2759095,8E4EECE4B420CD7C,classic_bike,2021-08-31 06:06:36,2021-08-31 06:43:25,Clark St & Henry St,4789,Cadman Plaza E & Tillary St,4677,40.69760127,-73.99344559,40.69597683,-73.99014892,casual
2759098,6A450104B714A2DF,classic_bike,2021-08-06 13:12:45,2021-08-06 13:27:57,Clark St & Henry St,4789,Cadman Plaza E & Tillary St,4677,40.69760127,-73.99344559,40.69597683,-73.99014892,casual
2759107,C4B5B048D6AC883A,classic_bike,2021-08-13 15:44:11,2021-08-13 15:56:10,Clark St & Henry St,4789,Centre St & Chambers St,5207,40.69760127,-73.99344559,40.71273266,-74.0046073,member
2759112,45694F07B075A682,classic_bike,2021-08-23 11:43:50,2021-08-23 11:45:55,Clark St & Henry St,4789,Cadman Plaza E & Tillary St,4677,40.69760127,-73.99344559,40.69597683,-73.99014892,casual
2759113,95F57DD71DB3CBAA,classic_bike,2021-08-23 13:07:24,2021-08-23 13:09:42,Clark St & Henry St,4789,Cadman Plaza E & Tillary St,4677,40.69760127,-73.99344559,40.69597683,-73.99014892,casual
2759115,9F500461B44F5F51,classic_bike,2021-08-30 11:46:16,2021-08-30 11:49:17,Clark St & Henry St,4789,Cadman Plaza E & Tillary St,4677,40.69760127,-73.99344559,40.69597683,-73.99014892,member
2759117,05DFC593F4B97E96,classic_bike,2021-08-31 18:49:48,2021-08-31 19:03:45,Clark St & Henry St,4789,Coffey St & Conover St,4137,40.69760127,-73.99344559,40.677236,-74.015665,member
2759118,4BD81DDB486A5901,classic_bike,2021-08-03 18:19:55,2021-08-03 18:23:31,Clark St & Henry St,4789,Cadman Plaza E & Tillary St,4677,40.69760127,-73.99344559,40.69597683,-73.99014892,member
2759120,DCCC699FB4B55A4E,electric_bike,2021-08-29 19:46:23,2021-08-29 20:08:29,Clark St & Henry St,4789,Centre St & Chambers St,5207,40.69760127,-73.99344559,40.71273266,-74.0046073,casual
2759121,D3CBC5BAE702F781,classic_bike,2021-08-28 10:41:53,2021-08-28 10:43:37,Clark St & Henry St,4789,Cadman Plaza E & Tillary St,4677,40.69760127,-73.99344559,40.69597683,-73.99014892,member
2759128,1A39C23BE728252C,classic_bike,2021-08-16 11:47:55,2021-08-16 11:50:38,Clark St & Henry St,4789,Cadman Plaza E & Tillary St,4677,40.69760127,-73.99344559,40.69597683,-73.99014892,casual
2759134,D49F53296EA39929,classic_bike,2021-08-08 19:38:14,2021-08-08 19:46:13,Clark St & Henry St,4789,Cadman Plaza E & Tillary St,4677,40.69760127,-73.99344559,40.69597683,-73.99014892,casual
2760143,4E875A51BB6BEB91,classic_bike,2021-08-06 14:38:35,2021-08-06 14:40:24,Clark St & Henry St,4789,Cadman Plaza E & Tillary St,4677,40.69760127,-73.99344559,40.69597683,-73.99014892,member
2761266,D2A3E43E64851B3D,classic_bike,2021-08-15 20:51:21,2021-08-15 21:09:00,Clark St & Henry St,4789,Carroll St & Bond St,4184,40.69760127,-73.99344559,40.6786115,-73.99037292,member
2761273,52203ABF194CD86D,electric_bike,2021-08-19 16:40:01,2021-08-19 16:43:26,Clark St & Henry St,4789,Cadman Plaza E & Tillary St,4677,40.69760127,-73.99344559,40.69597683,-73.99014892,member
2761275,3AEF9C34A2D1FCAB,classic_bike,2021-08-11 08:54:47,2021-08-11 09:11:03,Clark St & Henry St,4789,Coffey St & Conover St,4137,40.69760127,-73.99344559,40.677236,-74.015665,member
2763802,75C21F4DFBA7631E,electric_bike,2021-08-03 08:23:10,2021-08-03 08:24:44,Clark St & Henry St,4789,Cadman Plaza E & Tillary St,4677,40.69760127,-73.99344559,40.69597683,-73.99014892,member
2763803,6F839E9EB2A8D1B2,docked_bike,2021-08-16 11:28:00,2021-08-16 12:04:10,Clark St & Henry St,4789,Centre St & Chambers St,5207,40.697601,-73.993446,40.712733,-74.004607,casual
2763804,E364F17E08945F89,classic_bike,2021-08-27 03:23:18,2021-08-27 03:28:02,Clark St & Henry St,4789,Cadman Plaza E & Tillary St,4677,40.69760127,-73.99344559,40.69597683,-73.99014892,member
2763805,03C0926BF002E1F5,classic_bike,2021-08-20 18:14:24,2021-08-20 18:19:23,Clark St & Henry St,4789,Cadman Plaza E & Tillary St,4677,40.69760127,-73.99344559,40.69597683,-73.99014892,member
2763810,BB95E6C99BDFFEF5,classic_bike,2021-08-31 12:54:20,2021-08-31 13:11:04,Clark St & Henry St,4789,Carroll St & Bond St,4184,40.69760127,-73.99344559,40.6786115,-73.99037292,member
2763831,268B2A8044E646D5,classic_bike,2021-08-26 16:07:07,2021-08-26 16:21:26,Clark St & Henry St,4789,Cadman Plaza E & Tillary St,4677,40.69760127,-73.99344559,40.69597683,-73.99014892,casual
2763832,BDC7F341AA58FA5B,classic_bike,2021-08-25 15:53:02,2021-08-25 15:56:02,Clark St & Henry St,4789,Cadman Plaza E & Tillary St,4677,40.69760127,-73.99344559,40.69597683,-73.99014892,casual
2763834,A40293FD6088ACD4,electric_bike,2021-08-14 00:14:08,2021-08-14 00:27:14,Clark St & Henry St,4789,Prospect Pl & Vanderbilt Ave,4157,40.69760127,-73.99344559,40.67767534269111,-73.96902143955231,casual
2763835,468CB6D0E032A0F3,classic_bike,2021-08-19 22:34:30,2021-08-19 22:36:28,Clark St & Henry St,4789,Cadman Plaza E & Tillary St,4677,40.69760127,-73.99344559,40.69597683,-73.99014892,member
2763836,3FB89D521A5F281B,classic_bike,2021-08-30 14:03:45,2021-08-30 14:15:13,Clark St & Henry St,4789,Carroll St & Bond St,4184,40.69760127,-73.99344559,40.6786115,-73.99037292,member
2763846,5BF7FAEB3243A78C,classic_bike,2021-08-09 13:28:10,2021-08-09 13:38:23,Clark St & Henry St,4789,Cadman Plaza E & Tillary St,4677,40.69760127,-73.99344559,40.69597683,-73.99014892,casual
2763851,44062CED4A773C85,classic_bike,2021-08-03 12:09:33,2021-08-03 12:12:18,Clark St & Henry St,4789,Cadman Plaza E & Tillary St,4677,40.69760127,-73.99344559,40.69597683,-73.99014892,casual
2763852,809D5F5867721B97,classic_bike,2021-08-24 15:29:53,2021-08-24 15:39:16,Clark St & Henry St,4789,Cadman Plaza E & Tillary St,4677,40.69760127,-73.99344559,40.69597683,-73.99014892,casual
2763854,ADD3B84559FB99B4,classic_bike,2021-08-12 13:57:20,2021-08-12 14:00:57,Clark St & Henry St,4789,Cadman Plaza E & Tillary St,4677,40.69760127,-73.99344559,40.69597683,-73.99014892,casual
2763856,85EF957300820609,classic_bike,2021-08-12 17:59:35,2021-08-12 18:01:54,Clark St & Henry St,4789,Cadman Plaza E & Tillary St,4677,40.69760127,-73.99344559,40.69597683,-73.99014892,member
2764779,B484A1AF8573EB75,classic_bike,2021-08-09 05:11:15,2021-08-09 05:13:28,Clark St & Henry St,4789,Cadman Plaza E & Tillary St,4677,40.69760127,-73.99344559,40.69597683,-73.99014892,member
2764780,263A0965D1917044,classic_bike,2021-08-10 18:51:39,2021-08-10 19:05:40,Clark St & Henry St,4789,Coffey St & Conover St,4137,40.69760127,-73.99344559,40.677236,-74.015665,member
2764781,AF727BAB42B5C080,classic_bike,2021-08-16 10:42:59,2021-08-16 10:45:17,Clark St & Henry St,4789,Cadman Plaza E & Tillary St,4677,40.69760127,-73.99344559,40.69597683,-73.99014892,member
2764782,1972769EE56A7D2C,classic_bike,2021-08-30 22:06:53,2021-08-30 22:13:29,Clark St & Henry St,4789,Cadman Plaza E & Tillary St,4677,40.69760127,-73.99344559,40.69597683,-73.99014892,casual
2764783,9579727FF5652FAF,classic_bike,2021-08-19 13:51:18,2021-08-19 13:54:07,Clark St & Henry St,4789,Cadman Plaza E & Tillary St,4677,40.69760127,-73.99344559,40.69597683,-73.99014892,casual
2764785,C1276AFB1A45D736,classic_bike,2021-08-29 21:58:05,2021-08-29 22:31:19,Clark St & Henry St,4789,Centre St & Chambers St,5207,40.69760127,-73.99344559,40.71273266,-74.0046073,casual
2764787,65E1169059CD4777,classic_bike,2021-08-02 13:34:45,2021-08-02 14:14:25,Clark St & Henry St,4789,Cadman Plaza E & Tillary St,4677,40.69760127,-73.99344559,40.69597683,-73.99014892,casual
2764878,366AAFA4E3CDA0D3,electric_bike,2021-08-16 11:24:26,2021-08-16 12:04:25,Clark St & Henry St,4789,Centre St & Chambers St,5207,40.69760127,-73.99344559,40.71273266,-74.0046073,casual
2768514,9BBEE15A2FC608FA,classic_bike,2021-08-20 08:19:49,2021-08-20 08:36:52,Clark St & Henry St,4789,Coffey St & Conover St,4137,40.69760127,-73.99344559,40.677236,-74.015665,member
2769163,D291C837FC46EF68,classic_bike,2021-08-20 15:07:44,2021-08-20 15:10:23,Clark St & Henry St,4789,Cadman Plaza E & Tillary St,4677,40.69760127,-73.99344559,40.69597683,-73.99014892,casual
2769169,2EEB5690A2FF6E0F,classic_bike,2021-08-01 13:26:22,2021-08-01 13:44:49,Clark St & Henry St,4789,Prospect Pl & Vanderbilt Ave,4157,40.69760127,-73.99344559,40.67767534269111,-73.96902143955231,member
2769170,C0EE85873EA8D6C4,electric_bike,2021-08-14 11:13:04,2021-08-14 11:21:55,Clark St & Henry St,4789,Carroll St & Bond St,4184,40.69760127,-73.99344559,40.6786115,-73.99037292,member
2769352,BBE7564B3DB4AEA5,classic_bike,2021-08-24 13:24:36,2021-08-24 13:44:14,Clark St & Henry St,4789,Coffey St & Conover St,4137,40.69760127,-73.99344559,40.677236,-74.015665,member
2769354,1B1BF5E69738E6FB,classic_bike,2021-08-06 10:20:40,2021-08-06 10:38:00,Clark St & Henry St,4789,Coffey St & Conover St,4137,40.69760127,-73.99344559,40.677236,-74.015665,member
2770385,93CBC26F403B906A,classic_bike,2021-08-03 11:14:27,2021-08-03 11:16:57,Clark St & Henry St,4789,Cadman Plaza E & Tillary St,4677,40.69760127,-73.99344559,40.69597683,-73.99014892,member
2770558,A7EC99E7DF174457,classic_bike,2021-08-23 16:12:06,2021-08-23 16:14:11,Clark St & Henry St,4789,Cadman Plaza E & Tillary St,4677,40.69760127,-73.99344559,40.69597683,-73.99014892,member
2772252,76CFAB7A943E78DB,classic_bike,2021-08-03 09:45:29,2021-08-03 09:56:43,Clark St & Henry St,4789,Carroll St & Bond St,4184,40.69760127,-73.99344559,40.6786115,-73.99037292,member
2773533,550C23A68C75A7D4,classic_bike,2021-08-06 10:20:32,2021-08-06 10:38:07,Clark St & Henry St,4789,Coffey St & Conover St,4137,40.69760127,-73.99344559,40.677236,-74.015665,member
2774204,9115631A37CD1C27,classic_bike,2021-08-04 14:58:29,2021-08-04 15:01:14,Clark St & Henry St,4789,Cadman Plaza E & Tillary St,4677,40.69760127,-73.99344559,40.69597683,-73.99014892,casual
2774288,6D5FD3775314FA40,classic_bike,2021-08-16 07:42:37,2021-08-16 07:45:16,Clark St & Henry St,4789,Cadman Plaza E & Tillary St,4677,40.69760127,-73.99344559,40.69597683,-73.99014892,member
2774290,39A3659F33F9AEA3,electric_bike,2021-08-24 17:44:23,2021-08-24 17:52:38,Clark St & Henry St,4789,Carroll St & Bond St,4184,40.69760127,-73.99344559,40.6786115,-73.99037292,member
2774652,D44909597FAEBA75,classic_bike,2021-08-26 18:04:55,2021-08-26 18:21:18,Clark St & Henry St,4789,Carroll St & Bond St,4184,40.69760127,-73.99344559,40.6786115,-73.99037292,member
2774860,FF660C30C4DA005F,classic_bike,2021-08-31 16:41:23,2021-08-31 16:47:52,Clark St & Henry St,4789,Cadman Plaza E & Tillary St,4677,40.69760127,-73.99344559,40.69597683,-73.99014892,member
2774900,25BB1ADCF3405476,classic_bike,2021-08-28 19:39:32,2021-08-28 19:45:55,Clark St & Henry St,4789,Cadman Plaza E & Tillary St,4677,40.69760127,-73.99344559,40.69597683,-73.99014892,casual
2774901,C05BCC5937EEAF34,classic_bike,2021-08-28 16:53:24,2021-08-28 17:43:13,Clark St & Henry St,4789,Cadman Plaza E & Tillary St,4677,40.69760127,-73.99344559,40.69597683,-73.99014892,casual
2775222,3D8D08A006084CA6,classic_bike,2021-08-04 18:07:48,2021-08-04 18:11:36,Clark St & Henry St,4789,Cadman Plaza E & Tillary St,4677,40.69760127,-73.99344559,40.69597683,-73.99014892,member
2777592,30817118E6D58939,classic_bike,2021-08-06 09:28:17,2021-08-06 10:02:52,Clark St & Henry St,4789,8 Ave & W 33 St,6450,40.69760127,-73.99344559,40.751551,-73.993934,member
2777599,3F7C32A08D506EAB,classic_bike,2021-08-24 23:41:45,2021-08-24 23:50:23,Clark St & Henry St,4789,Degraw St & Smith St,4298,40.69760127,-73.99344559,40.6829151,-73.99318208,member
2777605,49AB91D4514893F6,electric_bike,2021-08-27 15:34:26,2021-08-27 15:46:53,Clark St & Henry St,4789,Degraw St & Smith St,4298,40.69760127,-73.99344559,40.6829151,-73.99318208,casual
2777643,F141DA67AB1E7ADE,classic_bike,2021-08-28 13:43:47,2021-08-28 13:53:53,Clark St & Henry St,4789,Degraw St & Smith St,4298,40.69760127,-73.99344559,40.6829151,-73.99318208,casual
2778916,47B0A9EF69B53B75,classic_bike,2021-08-08 08:32:04,2021-08-08 08:45:54,Clark St & Henry St,4789,Degraw St & Smith St,4298,40.69760127,-73.99344559,40.6829151,-73.99318208,member
2780346,B3F0DAC6A690D1BC,classic_bike,2021-08-03 09:29:38,2021-08-03 10:05:34,Clark St & Henry St,4789,8 Ave & W 33 St,6450,40.69760127,-73.99344559,40.751551,-73.993934,member
2780347,A7F75E9C7C4059CA,classic_bike,2021-08-11 07:23:30,2021-08-11 07:54:10,Clark St & Henry St,4789,8 Ave & W 33 St,6450,40.69760127,-73.99344559,40.751551,-73.993934,member
2781780,6A6ACF65A6FD0D77,classic_bike,2021-08-03 17:42:30,2021-08-03 17:49:34,Clark St & Henry St,4789,Degraw St & Smith St,4298,40.69760127,-73.99344559,40.6829151,-73.99318208,member
2781797,00E3E209D4C0442F,classic_bike,2021-08-04 13:40:47,2021-08-04 14:16:28,Clark St & Henry St,4789,8 Ave & W 33 St,6450,40.69760127,-73.99344559,40.751551,-73.993934,member
2784121,EEECC7F6AF672FAE,classic_bike,2021-08-10 07:19:23,2021-08-10 07:50:22,Clark St & Henry St,4789,8 Ave & W 33 St,6450,40.69760127,-73.99344559,40.751551,-73.993934,member
2784131,1131331DF3AB5279,docked_bike,2021-08-03 22:55:51,2021-08-03 23:06:17,Clark St & Henry St,4789,Degraw St & Smith St,4298,40.697601,-73.993446,40.682915,-73.993182,casual
2784133,FC23B9CA60CA5BA8,classic_bike,2021-08-07 12:25:45,2021-08-07 12:34:25,Clark St & Henry St,4789,Degraw St & Smith St,4298,40.69760127,-73.99344559,40.6829151,-73.99318208,member
2784139,7F86FEBAC9B6C843,classic_bike,2021-08-09 00:51:18,2021-08-09 00:59:40,Clark St & Henry St,4789,Degraw St & Smith St,4298,40.69760127,-73.99344559,40.6829151,-73.99318208,casual
2789022,B29910178D6881F8,classic_bike,2021-08-21 16:16:38,2021-08-21 16:26:28,Clark St & Henry St,4789,Degraw St & Smith St,4298,40.69760127,-73.99344559,40.6829151,-73.99318208,member
2792315,6B0C29CEA8639874,classic_bike,2021-08-07 01:28:44,2021-08-07 01:36:40,Clark St & Henry St,4789,Degraw St & Smith St,4298,40.69760127,-73.99344559,40.6829151,-73.99318208,member
2792394,1F4E5A70C12F22F9,classic_bike,2021-08-16 09:10:36,2021-08-16 09:50:37,Clark St & Henry St,4789,8 Ave & W 33 St,6450,40.69760127,-73.99344559,40.751551,-73.993934,member
2792400,AC22585EFB8AAA98,classic_bike,2021-08-23 15:16:09,2021-08-23 15:27:10,Clark St & Henry St,4789,Degraw St & Smith St,4298,40.69760127,-73.99344559,40.6829151,-73.99318208,casual
2792401,ACFBEABA10B819E3,classic_bike,2021-08-19 10:58:33,2021-08-19 11:06:12,Clark St & Henry St,4789,Degraw St & Smith St,4298,40.69760127,-73.99344559,40.6829151,-73.99318208,casual
2792402,1D5CB445C37A08EC,classic_bike,2021-08-30 18:38:58,2021-08-30 18:46:42,Clark St & Henry St,4789,Degraw St & Smith St,4298,40.69760127,-73.99344559,40.6829151,-73.99318208,casual
2792853,F7FF576EE5C011DD,classic_bike,2021-08-30 10:29:39,2021-08-30 11:04:03,Clark St & Henry St,4789,8 Ave & W 33 St,6450,40.69760127,-73.99344559,40.751551,-73.993934,member
2801909,65904F93EB827E50,classic_bike,2021-08-31 18:57:52,2021-08-31 19:11:23,Clark St & Henry St,4789,Nostrand Ave & Myrtle Ave,4707,40.69760127,-73.99344559,40.69527008,-73.95238108,member
2801967,05FF49131E5D8F1E,classic_bike,2021-08-19 07:30:15,2021-08-19 07:51:16,Clark St & Henry St,4789,Eastern Pkwy & Washington Ave,3928,40.69760127,-73.99344559,40.6716493,-73.9631145,member
2806840,971A94B374E9AFF6,electric_bike,2021-08-11 23:24:39,2021-08-11 23:50:04,Clark St & Henry St,4789,Eastern Pkwy & Washington Ave,3928,40.69760127,-73.99344559,40.6716493,-73.9631145,casual
2806850,C9814FDC16858DC9,electric_bike,2021-08-15 21:20:24,2021-08-15 22:03:32,Clark St & Henry St,4789,Prospect Park SW & 16 St,3498,40.69760127,-73.99344559,40.657265,-73.974165,member
2808029,1BD516286AC03C45,electric_bike,2021-08-31 13:23:30,2021-08-31 13:49:10,Clark St & Henry St,4789,Prospect Park SW & 16 St,3498,40.69760127,-73.99344559,40.657265,-73.974165,member
2809766,E7B81AA4B1B3C96F,classic_bike,2021-08-02 07:41:38,2021-08-02 07:51:50,Clark St & Henry St,4789,Dock 72 Way & Market St,4804,40.69760127,-73.99344559,40.69985,-73.97141,member
2813490,9A09CF45F112A507,electric_bike,2021-08-25 19:03:34,2021-08-25 19:28:27,Clark St & Henry St,4789,Perry St & Bleecker St,5922,40.69760127,-73.99344559,40.73535398,-74.00483091,member
2815201,2156F227C4AB06A5,classic_bike,2021-08-14 06:52:21,2021-08-14 07:14:48,Clark St & Henry St,4789,Eastern Pkwy & Washington Ave,3928,40.69760127,-73.99344559,40.6716493,-73.9631145,member
2815202,27582B865DE42358,electric_bike,2021-08-20 19:15:25,2021-08-20 19:41:47,Clark St & Henry St,4789,Perry St & Bleecker St,5922,40.69760127,-73.99344559,40.73535398,-74.00483091,member
2818983,A26E6286CAE4D977,classic_bike,2021-08-21 13:14:33,2021-08-21 13:40:03,Clark St & Henry St,4789,Eastern Pkwy & Washington Ave,3928,40.69760127,-73.99344559,40.6716493,-73.9631145,member
2820112,CB7A8541E011168A,electric_bike,2021-08-11 07:34:24,2021-08-11 07:56:11,Clark St & Henry St,4789,E 20 St & 2 Ave,5971,40.69760127,-73.99344559,40.73587678,-73.98205027,member
2823044,8124F725CAF9DE57,classic_bike,2021-08-05 19:29:57,2021-08-05 19:52:31,Clark St & Henry St,4789,Berkeley Pl & 6 Ave,4134,40.69760127,-73.99344559,40.6765304,-73.97846879,member
2823051,D3B11F6A13F89AEB,classic_bike,2021-08-04 08:44:07,2021-08-04 09:00:52,Clark St & Henry St,4789,Lispenard St & Broadway,5391,40.69760127,-73.99344559,40.71939226,-74.00247214,member
2828574,C76FC1FC4C36DB74,classic_bike,2021-08-25 22:26:49,2021-08-25 22:46:51,Clark St & Henry St,4789,Berkeley Pl & 6 Ave,4134,40.69760127,-73.99344559,40.6765304,-73.97846879,casual
2835515,5275A231A3B7A1BA,classic_bike,2021-08-02 08:31:12,2021-08-02 08:50:41,Clark St & Henry St,4789,Lispenard St & Broadway,5391,40.69760127,-73.99344559,40.71939226,-74.00247214,member
2837855,27879DAFD33B00C8,classic_bike,2021-08-16 16:34:13,2021-08-16 16:45:23,Clark St & Henry St,4789,Myrtle Ave & St Edwards St,4659,40.69760127,-73.99344559,40.69327018,-73.97703874,member
2837870,BE7AD7E1887F330D,classic_bike,2021-08-07 13:46:55,2021-08-07 14:13:29,Clark St & Henry St,4789,Berkeley Pl & 6 Ave,4134,40.69760127,-73.99344559,40.6765304,-73.97846879,casual
2837871,8B14E00111CC6407,classic_bike,2021-08-26 08:36:27,2021-08-26 08:51:55,Clark St & Henry St,4789,Lispenard St & Broadway,5391,40.69760127,-73.99344559,40.71939226,-74.00247214,member
2838577,A096F7C1E3FAD17B,classic_bike,2021-08-19 08:45:40,2021-08-19 09:01:28,Clark St & Henry St,4789,Lispenard St & Broadway,5391,40.69760127,-73.99344559,40.71939226,-74.00247214,member
2841287,A9156E0009A64942,classic_bike,2021-08-27 08:42:22,2021-08-27 08:57:58,Clark St & Henry St,4789,Lispenard St & Broadway,5391,40.69760127,-73.99344559,40.71939226,-74.00247214,member
2841313,652140504B49245E,electric_bike,2021-08-09 08:31:06,2021-08-09 08:49:16,Clark St & Henry St,4789,Lispenard St & Broadway,5391,40.69760127,-73.99344559,40.71939226,-74.00247214,member
2851049,99DE6A04AFC88FDB,classic_bike,2021-08-11 08:25:11,2021-08-11 08:40:31,Clark St & Henry St,4789,Lispenard St & Broadway,5391,40.69760127,-73.99344559,40.71939226,-74.00247214,member
2851135,1172D5E7E278EAA7,classic_bike,2021-08-06 18:52:19,2021-08-06 19:06:14,Clark St & Henry St,4789,Berkeley Pl & 6 Ave,4134,40.69760127,-73.99344559,40.6765304,-73.97846879,member
2851768,C8DF65404BAB4C3C,classic_bike,2021-08-10 08:31:52,2021-08-10 08:46:43,Clark St & Henry St,4789,Lispenard St & Broadway,5391,40.69760127,-73.99344559,40.71939226,-74.00247214,member
2852927,CF4BCB4D6C8D928D,electric_bike,2021-08-13 07:50:10,2021-08-13 08:12:17,Clark St & Henry St,4789,Broadway & E 14 St,5905,40.69760127,-73.99344559,40.73454567,-73.99074142,casual
2853404,B4240B135A8C503B,classic_bike,2021-08-25 22:26:21,2021-08-25 22:46:52,Clark St & Henry St,4789,Berkeley Pl & 6 Ave,4134,40.69760127,-73.99344559,40.6765304,-73.97846879,member
2856554,978580CB3AE19867,classic_bike,2021-08-18 08:46:20,2021-08-18 09:02:04,Clark St & Henry St,4789,Lispenard St & Broadway,5391,40.69760127,-73.99344559,40.71939226,-74.00247214,member
2856555,E345E98BCE4E078B,electric_bike,2021-08-24 08:36:57,2021-08-24 08:52:25,Clark St & Henry St,4789,Lispenard St & Broadway,5391,40.69760127,-73.99344559,40.71939226,-74.00247214,member
2856556,F59626C1CA3C3AA2,classic_bike,2021-08-09 08:47:29,2021-08-09 09:04:10,Clark St & Henry St,4789,Lispenard St & Broadway,5391,40.69760127,-73.99344559,40.71939226,-74.00247214,member
2864394,E5D247D98F8A1887,classic_bike,2021-08-15 13:32:29,2021-08-15 13:59:01,Clark St & Henry St,4789,Lafayette Ave & Classon Ave,4452,40.69760127,-73.99344559,40.68900443,-73.96023854,casual
2864398,03BE592C642DF805,electric_bike,2021-08-29 12:25:01,2021-08-29 13:07:05,Clark St & Henry St,4789,39 St & 2 Ave,3501,40.69760127,-73.99344559,40.65539977447831,-74.01062786579132,casual
2864408,7433D03552DE7398,classic_bike,2021-08-30 20:27:31,2021-08-30 20:51:13,Clark St & Henry St,4789,Lafayette Ave & Classon Ave,4452,40.69760127,-73.99344559,40.68900443,-73.96023854,casual
2864409,DAF9020B80DEF403,classic_bike,2021-08-28 12:14:34,2021-08-28 12:33:50,Clark St & Henry St,4789,Division St & Bowery,5270,40.69760127,-73.99344559,40.714193,-73.996732,casual
2864441,0513ABA30663D8F4,classic_bike,2021-08-02 11:28:36,2021-08-02 11:36:00,Clark St & Henry St,4789,Bond St & Fulton St,4479,40.69760127,-73.99344559,40.68962188790333,-73.98304268717766,member
2864442,E66DD6548616FC5C,classic_bike,2021-08-31 16:25:24,2021-08-31 16:31:58,Clark St & Henry St,4789,Bond St & Fulton St,4479,40.69760127,-73.99344559,40.68962188790333,-73.98304268717766,member
2864492,5589BEFDC3BC0DF2,classic_bike,2021-08-03 12:03:19,2021-08-03 12:13:12,Clark St & Henry St,4789,Bond St & Fulton St,4479,40.69760127,-73.99344559,40.68962188790333,-73.98304268717766,member
2864529,15B39EA572E931D0,electric_bike,2021-08-07 19:56:34,2021-08-07 20:02:57,Clark St & Henry St,4789,Bond St & Fulton St,4479,40.69760127,-73.99344559,40.68962188790333,-73.98304268717766,member
2864533,00EC1FE0C23BDC52,classic_bike,2021-08-19 18:35:49,2021-08-19 18:44:09,Clark St & Henry St,4789,Bond St & Fulton St,4479,40.69760127,-73.99344559,40.68962188790333,-73.98304268717766,member
2864588,38DD0AE858BF7CA6,classic_bike,2021-08-20 15:22:22,2021-08-20 15:50:09,Clark St & Henry St,4789,4 Ave & 17 St,3739,40.69760127,-73.99344559,40.665507,-73.993037,casual
2864590,C4A21D4B66E8C5E9,classic_bike,2021-08-26 12:33:10,2021-08-26 12:44:11,Clark St & Henry St,4789,Bond St & Fulton St,4479,40.69760127,-73.99344559,40.68962188790333,-73.98304268717766,casual
2864591,53719A1EC72295E5,classic_bike,2021-08-29 15:46:54,2021-08-29 16:00:19,Clark St & Henry St,4789,Bond St & Fulton St,4479,40.69760127,-73.99344559,40.68962188790333,-73.98304268717766,casual
2864630,8D5571DC60A1A2FA,classic_bike,2021-08-21 11:06:54,2021-08-21 11:31:09,Clark St & Henry St,4789,Division St & Bowery,5270,40.69760127,-73.99344559,40.714193,-73.996732,member
2864682,A8B92340E7CC5054,classic_bike,2021-08-15 13:32:50,2021-08-15 13:58:52,Clark St & Henry St,4789,Lafayette Ave & Classon Ave,4452,40.69760127,-73.99344559,40.68900443,-73.96023854,member
2864684,69D4AA528E20C0C6,classic_bike,2021-08-24 13:10:05,2021-08-24 13:27:54,Clark St & Henry St,4789,Bond St & Fulton St,4479,40.69760127,-73.99344559,40.68962188790333,-73.98304268717766,member
2864685,805B160C5E87F98B,electric_bike,2021-08-07 22:44:18,2021-08-07 23:00:58,Clark St & Henry St,4789,Lafayette Ave & Classon Ave,4452,40.69760127,-73.99344559,40.68900443,-73.96023854,member
2866680,BD74F7B0DF5BB9DA,electric_bike,2021-08-31 14:07:22,2021-08-31 14:18:59,Clark St & Henry St,4789,Bond St & Fulton St,4479,40.69760127,-73.99344559,40.68962188790333,-73.98304268717766,casual
2866691,4FDB473D5493AFFD,electric_bike,2021-08-16 17:29:06,2021-08-16 17:35:09,Clark St & Henry St,4789,Bond St & Fulton St,4479,40.69760127,-73.99344559,40.68962188790333,-73.98304268717766,member
2866692,869FC2B20BA664B6,electric_bike,2021-08-18 16:14:54,2021-08-18 16:30:15,Clark St & Henry St,4789,Bond St & Fulton St,4479,40.69760127,-73.99344559,40.68962188790333,-73.98304268717766,member
2866694,78E93DEA2DA08884,classic_bike,2021-08-15 21:03:14,2021-08-15 21:18:01,Clark St & Henry St,4789,Bond St & Fulton St,4479,40.69760127,-73.99344559,40.68962188790333,-73.98304268717766,member
2866719,6393A3C45B2973D0,classic_bike,2021-08-11 18:49:06,2021-08-11 18:58:15,Clark St & Henry St,4789,Bond St & Fulton St,4479,40.69760127,-73.99344559,40.68962188790333,-73.98304268717766,member
2866761,E40A1EF88D4954DE,classic_bike,2021-08-03 16:20:27,2021-08-03 16:25:08,Clark St & Henry St,4789,Bond St & Fulton St,4479,40.69760127,-73.99344559,40.68962188790333,-73.98304268717766,member
2867589,82A36B8C381CEAFA,electric_bike,2021-08-01 13:28:37,2021-08-01 13:51:03,Clark St & Henry St,4789,Bedford Ave & Nassau Ave,5550,40.69760127,-73.99344559,40.72311651,-73.95212324,member
2867592,016E27EAA8C52D65,electric_bike,2021-08-17 16:46:35,2021-08-17 16:53:46,Clark St & Henry St,4789,Bond St & Fulton St,4479,40.69760127,-73.99344559,40.68962188790333,-73.98304268717766,member
2867594,9AA5AAFB49936E5E,electric_bike,2021-08-07 11:05:35,2021-08-07 11:33:54,Clark St & Henry St,4789,11 Ave & W 41 St,6726,40.69760127,-73.99344559,40.76030096,-73.99884222,member
2868904,FD06E4C52529B27A,classic_bike,2021-08-05 08:11:53,2021-08-05 08:24:08,Clark St & Henry St,4789,Division St & Bowery,5270,40.69760127,-73.99344559,40.714193,-73.996732,member
2871895,A1933CF23A59680D,classic_bike,2021-08-20 14:26:49,2021-08-20 14:36:27,Clark St & Henry St,4789,Bond St & Fulton St,4479,40.69760127,-73.99344559,40.68962188790333,-73.98304268717766,member
2871902,4FED58E15AFA0886,classic_bike,2021-08-20 15:25:31,2021-08-20 15:50:31,Clark St & Henry St,4789,4 Ave & 17 St,3739,40.69760127,-73.99344559,40.665507,-73.993037,casual
2871908,B4C02E88A92A3400,electric_bike,2021-08-08 15:45:58,2021-08-08 16:12:39,Clark St & Henry St,4789,Lafayette Ave & Classon Ave,4452,40.69760127,-73.99344559,40.68900443,-73.96023854,casual
2871918,19DA9FF4691678EC,electric_bike,2021-08-13 14:52:04,2021-08-13 14:59:36,Clark St & Henry St,4789,Bond St & Fulton St,4479,40.69760127,-73.99344559,40.68962188790333,-73.98304268717766,member
2871919,2E317173099F215F,electric_bike,2021-08-29 11:03:38,2021-08-29 11:08:52,Clark St & Henry St,4789,Bond St & Fulton St,4479,40.69760127,-73.99344559,40.68962188790333,-73.98304268717766,member
2871924,16777CC0F98658A4,classic_bike,2021-08-30 11:11:45,2021-08-30 11:21:16,Clark St & Henry St,4789,Bond St & Fulton St,4479,40.69760127,-73.99344559,40.68962188790333,-73.98304268717766,member
2874800,E099000B165AC23C,classic_bike,2021-08-28 13:10:52,2021-08-28 13:20:40,Clark St & Henry St,4789,Bond St & Fulton St,4479,40.69760127,-73.99344559,40.68962188790333,-73.98304268717766,member
2876353,7D2A48CFD140E945,electric_bike,2021-08-11 15:01:08,2021-08-11 15:09:42,Clark St & Henry St,4789,Bond St & Fulton St,4479,40.69760127,-73.99344559,40.68962188790333,-73.98304268717766,member
2877208,4612EB1A47E12678,classic_bike,2021-08-30 20:27:32,2021-08-30 20:51:15,Clark St & Henry St,4789,Lafayette Ave & Classon Ave,4452,40.69760127,-73.99344559,40.68900443,-73.96023854,member
2877209,9553164A96A8305A,classic_bike,2021-08-08 18:26:05,2021-08-08 18:32:38,Clark St & Henry St,4789,Bond St & Fulton St,4479,40.69760127,-73.99344559,40.68962188790333,-73.98304268717766,member
2877210,103BF4ECD005066D,classic_bike,2021-08-23 16:09:53,2021-08-23 16:14:41,Clark St & Henry St,4789,Bond St & Fulton St,4479,40.69760127,-73.99344559,40.68962188790333,-73.98304268717766,member
2880079,0A84E2FD86483A3E,electric_bike,2021-08-15 11:00:19,2021-08-15 11:10:28,Clark St & Henry St,4789,Bond St & Fulton St,4479,40.69760127,-73.99344559,40.68962188790333,-73.98304268717766,member
2880090,2F317AD38DAB1B0E,classic_bike,2021-08-21 18:57:06,2021-08-21 19:08:28,Clark St & Henry St,4789,Bond St & Fulton St,4479,40.69760127,-73.99344559,40.68962188790333,-73.98304268717766,member
2880109,5F526C9747E3AC82,electric_bike,2021-08-31 10:14:34,2021-08-31 10:29:04,Clark St & Henry St,4789,Division St & Bowery,5270,40.69760127,-73.99344559,40.714193,-73.996732,member
2880117,55ABD9EE03E3E2CE,electric_bike,2021-08-23 11:59:34,2021-08-23 12:06:51,Clark St & Henry St,4789,Bond St & Fulton St,4479,40.69760127,-73.99344559,40.68962188790333,-73.98304268717766,member
2880190,03B7E93B3305B6FA,electric_bike,2021-08-26 12:11:59,2021-08-26 12:32:28,Clark St & Henry St,4789,Bond St & Fulton St,4479,40.69760127,-73.99344559,40.68962188790333,-73.98304268717766,member
2880191,D76CE3E09748170E,electric_bike,2021-08-26 17:47:50,2021-08-26 17:53:46,Clark St & Henry St,4789,Bond St & Fulton St,4479,40.69760127,-73.99344559,40.68962188790333,-73.98304268717766,member
2880192,37145ACDC30F935E,electric_bike,2021-08-06 07:21:37,2021-08-06 07:28:11,Clark St & Henry St,4789,Bond St & Fulton St,4479,40.69760127,-73.99344559,40.68962188790333,-73.98304268717766,member
2880213,8CE0B5F64269D710,classic_bike,2021-08-12 18:11:48,2021-08-12 18:22:12,Clark St & Henry St,4789,Bond St & Fulton St,4479,40.69760127,-73.99344559,40.68962188790333,-73.98304268717766,member
2882440,0E2EC98BA6FFF197,classic_bike,2021-08-11 08:47:18,2021-08-11 08:58:46,Clark St & Henry St,4789,Bridge St & Water St,4968,40.69760127,-73.99344559,40.70296934155272,-73.98469090461731,casual
2882443,CA9BEB7CE5D9FB27,classic_bike,2021-08-12 18:41:07,2021-08-12 19:05:26,Clark St & Henry St,4789,10 St & 7 Ave,3762,40.69760127,-73.99344559,40.6662078,-73.98199886,casual
2882458,F8D1ACCF17E47EDC,classic_bike,2021-08-07 16:35:13,2021-08-07 16:37:48,Clark St & Henry St,4789,Cadman Plaza E & Red Cross Pl,4821,40.69760127,-73.99344559,40.69991755,-73.98971773,member
2882463,047471D15E0957F1,classic_bike,2021-08-28 08:05:39,2021-08-28 08:46:34,Clark St & Henry St,4789,10 St & 7 Ave,3762,40.69760127,-73.99344559,40.6662078,-73.98199886,member
2882479,7B87BF6F7296F09E,classic_bike,2021-08-29 13:56:11,2021-08-29 14:13:42,Clark St & Henry St,4789,Fulton St & Pearl St,5024,40.69760127,-73.99344559,40.70772198491691,-74.00438636541367,casual
2882483,DC611EE81C6367FB,classic_bike,2021-08-07 12:02:05,2021-08-07 12:15:25,Clark St & Henry St,4789,Bridge St & Water St,4968,40.69760127,-73.99344559,40.70296934155272,-73.98469090461731,member
2882485,8CCAE0236465064E,electric_bike,2021-08-27 15:41:09,2021-08-27 16:00:18,Clark St & Henry St,4789,Bridge St & Water St,4968,40.69760127,-73.99344559,40.70296934155272,-73.98469090461731,member
2882486,45C472345F2FA18D,classic_bike,2021-08-23 22:22:30,2021-08-23 22:29:07,Clark St & Henry St,4789,Bridge St & Water St,4968,40.69760127,-73.99344559,40.70296934155272,-73.98469090461731,casual
2887822,3B6B09033BA0D9C4,electric_bike,2021-08-31 09:08:38,2021-08-31 09:15:11,Clark St & Henry St,4789,Bridge St & Water St,4968,40.69760127,-73.99344559,40.70296934155272,-73.98469090461731,member
2887824,2DA06DBD93776157,electric_bike,2021-08-15 20:33:57,2021-08-15 20:39:41,Clark St & Henry St,4789,Cadman Plaza E & Red Cross Pl,4821,40.69760127,-73.99344559,40.69991755,-73.98971773,member
2888570,43F3DF4EBE4B9114,electric_bike,2021-08-27 21:09:31,2021-08-27 21:18:01,Clark St & Henry St,4789,Bridge St & Water St,4968,40.69760127,-73.99344559,40.70296934155272,-73.98469090461731,member
2888620,A9179CE1CFA5D7AE,classic_bike,2021-08-30 19:41:30,2021-08-30 19:44:27,Clark St & Henry St,4789,Cadman Plaza E & Red Cross Pl,4821,40.69760127,-73.99344559,40.69991755,-73.98971773,member
2889098,6C4B0B168E51E61F,electric_bike,2021-08-15 08:30:15,2021-08-15 08:50:06,Clark St & Henry St,4789,10 St & 7 Ave,3762,40.69760127,-73.99344559,40.6662078,-73.98199886,member
2889958,CC87B8345E828443,classic_bike,2021-08-03 08:36:44,2021-08-03 08:39:53,Clark St & Henry St,4789,Cadman Plaza E & Red Cross Pl,4821,40.69760127,-73.99344559,40.69991755,-73.98971773,member
2889961,DE00E7694B332CAD,electric_bike,2021-08-31 09:03:46,2021-08-31 09:12:23,Clark St & Henry St,4789,Bridge St & Water St,4968,40.69760127,-73.99344559,40.70296934155272,-73.98469090461731,casual
2889965,64C4463253DE67FD,electric_bike,2021-08-14 20:38:05,2021-08-14 20:56:31,Clark St & Henry St,4789,10 St & 7 Ave,3762,40.69760127,-73.99344559,40.6662078,-73.98199886,member
2889966,0C5CE8B45568A4FE,docked_bike,2021-08-05 22:48:52,2021-08-05 22:55:08,Clark St & Henry St,4789,Bridge St & Water St,4968,40.697601,-73.993446,40.702969,-73.984691,casual
2889969,62AAD3D9CE76BC38,classic_bike,2021-08-23 23:30:35,2021-08-23 23:34:59,Clark St & Henry St,4789,Cadman Plaza E & Red Cross Pl,4821,40.69760127,-73.99344559,40.69991755,-73.98971773,member
2889989,526DB9A889E59196,classic_bike,2021-08-30 10:10:47,2021-08-30 10:20:49,Clark St & Henry St,4789,Bridge St & Water St,4968,40.69760127,-73.99344559,40.70296934155272,-73.98469090461731,member
2889992,488A2424B7A5C9B7,classic_bike,2021-08-16 18:34:24,2021-08-16 18:37:36,Clark St & Henry St,4789,Cadman Plaza E & Red Cross Pl,4821,40.69760127,-73.99344559,40.69991755,-73.98971773,member
2893104,F66F8E216BD76D93,classic_bike,2021-08-05 16:29:17,2021-08-05 16:32:01,Clark St & Henry St,4789,Cadman Plaza E & Red Cross Pl,4821,40.69760127,-73.99344559,40.69991755,-73.98971773,member
2893110,5AD8CDC7B0FA2920,electric_bike,2021-08-24 06:03:07,2021-08-24 06:10:33,Clark St & Henry St,4789,Bridge St & Water St,4968,40.69760127,-73.99344559,40.70296934155272,-73.98469090461731,casual
2893111,97C932DA7C4E920C,electric_bike,2021-08-16 22:40:01,2021-08-16 22:53:14,Clark St & Henry St,4789,Fulton St & Pearl St,5024,40.69760127,-73.99344559,40.70772198491691,-74.00438636541367,member
2893115,B3AE6F41BA14B550,classic_bike,2021-08-21 15:31:32,2021-08-21 16:02:31,Clark St & Henry St,4789,Cooper Square & Astor Pl,5712,40.69760127,-73.99344559,40.72951496224949,-73.99075269699097,member
2893119,337FCBF5FEBF71AC,electric_bike,2021-08-07 18:22:50,2021-08-07 18:32:51,Clark St & Henry St,4789,Cadman Plaza E & Red Cross Pl,4821,40.69760127,-73.99344559,40.69991755,-73.98971773,member
2893127,F67886A2904688B6,classic_bike,2021-08-14 15:28:53,2021-08-14 15:46:49,Clark St & Henry St,4789,Cooper Square & Astor Pl,5712,40.69760127,-73.99344559,40.72951496224949,-73.99075269699097,member
2893128,0562DBDF77A1C160,classic_bike,2021-08-11 10:21:11,2021-08-11 10:25:06,Clark St & Henry St,4789,Cadman Plaza E & Red Cross Pl,4821,40.69760127,-73.99344559,40.69991755,-73.98971773,member
2893470,55350C3203580A1C,classic_bike,2021-08-25 20:37:09,2021-08-25 20:46:49,Clark St & Henry St,4789,Bridge St & Water St,4968,40.69760127,-73.99344559,40.70296934155272,-73.98469090461731,member
2893471,467BEEDC53ED3E3B,classic_bike,2021-08-26 09:31:45,2021-08-26 09:40:25,Clark St & Henry St,4789,Bridge St & Water St,4968,40.69760127,-73.99344559,40.70296934155272,-73.98469090461731,member
2893472,5076E56C21D0C9F5,classic_bike,2021-08-02 14:38:38,2021-08-02 14:52:16,Clark St & Henry St,4789,Bridge St & Water St,4968,40.69760127,-73.99344559,40.70296934155272,-73.98469090461731,member
2893473,DF107E4C03CBBB39,classic_bike,2021-08-30 08:51:26,2021-08-30 09:01:11,Clark St & Henry St,4789,Bridge St & Water St,4968,40.69760127,-73.99344559,40.70296934155272,-73.98469090461731,casual
2895763,916B173C2D344EF3,classic_bike,2021-08-15 23:07:15,2021-08-15 23:15:23,Clark St & Henry St,4789,Bridge St & Water St,4968,40.69760127,-73.99344559,40.70296934155272,-73.98469090461731,member
2895877,0AC46A29BE37DF9F,classic_bike,2021-08-02 09:23:25,2021-08-02 09:26:06,Clark St & Henry St,4789,Cadman Plaza E & Red Cross Pl,4821,40.69760127,-73.99344559,40.69991755,-73.98971773,member
2895889,0E2E2FA800147B98,classic_bike,2021-08-27 08:47:55,2021-08-27 08:54:03,Clark St & Henry St,4789,Bridge St & Water St,4968,40.69760127,-73.99344559,40.70296934155272,-73.98469090461731,member
2895891,63C4CB4D00F49FC0,classic_bike,2021-08-28 18:36:48,2021-08-28 18:55:53,Clark St & Henry St,4789,Bridge St & Water St,4968,40.69760127,-73.99344559,40.70296934155272,-73.98469090461731,member
2895896,DEECCC534479AC13,electric_bike,2021-08-11 22:05:43,2021-08-11 22:16:51,Clark St & Henry St,4789,Cadman Plaza E & Red Cross Pl,4821,40.69760127,-73.99344559,40.69991755,-73.98971773,casual
2896761,59CF97DE4199EB8F,classic_bike,2021-08-03 08:39:56,2021-08-03 09:02:12,Clark St & Henry St,4789,10 St & 7 Ave,3762,40.69760127,-73.99344559,40.6662078,-73.98199886,casual
2896762,8DC7CF307D7D04B9,classic_bike,2021-08-26 11:30:41,2021-08-26 11:39:38,Clark St & Henry St,4789,Bridge St & Water St,4968,40.69760127,-73.99344559,40.70296934155272,-73.98469090461731,member
2896763,EAFACA5FAADF1664,classic_bike,2021-08-06 19:14:13,2021-08-06 19:18:01,Clark St & Henry St,4789,Cadman Plaza E & Red Cross Pl,4821,40.69760127,-73.99344559,40.69991755,-73.98971773,member
2896767,659FC7588DEDD344,classic_bike,2021-08-13 14:42:47,2021-08-13 14:53:34,Clark St & Henry St,4789,Bridge St & Water St,4968,40.69760127,-73.99344559,40.70296934155272,-73.98469090461731,member
2896768,195852812AD474AF,classic_bike,2021-08-16 00:58:21,2021-08-16 01:41:37,Clark St & Henry St,4789,Cadman Plaza E & Red Cross Pl,4821,40.69760127,-73.99344559,40.69991755,-73.98971773,member
2897143,DBECAB512C650E35,classic_bike,2021-08-14 06:35:38,2021-08-14 06:42:22,Clark St & Henry St,4789,Bridge St & Water St,4968,40.69760127,-73.99344559,40.70296934155272,-73.98469090461731,member
2897628,5140BEA06CB07DDB,classic_bike,2021-08-07 13:15:01,2021-08-07 13:22:56,Clark St & Henry St,4789,Bridge St & Water St,4968,40.69760127,-73.99344559,40.70296934155272,-73.98469090461731,member
2898516,F371B80FD6477312,classic_bike,2021-08-16 00:58:24,2021-08-16 01:42:23,Clark St & Henry St,4789,Cadman Plaza E & Red Cross Pl,4821,40.69760127,-73.99344559,40.69991755,-73.98971773,member
2900935,101B7973EA49EE01,classic_bike,2021-08-29 13:19:09,2021-08-29 13:22:29,Clark St & Henry St,4789,Cadman Plaza E & Red Cross Pl,4821,40.69760127,-73.99344559,40.69991755,-73.98971773,member
2900937,997B7CFD1D4687DB,classic_bike,2021-08-30 13:11:07,2021-08-30 13:14:07,Clark St & Henry St,4789,Cadman Plaza E & Red Cross Pl,4821,40.69760127,-73.99344559,40.69991755,-73.98971773,member
2902179,D19A8D34FA74E0D6,classic_bike,2021-08-05 15:03:21,2021-08-05 15:07:02,Clark St & Henry St,4789,Cadman Plaza E & Red Cross Pl,4821,40.69760127,-73.99344559,40.69991755,-73.98971773,member
2902181,FC02E292DE16595F,classic_bike,2021-08-27 22:32:24,2021-08-27 22:39:06,Clark St & Henry St,4789,Bridge St & Water St,4968,40.69760127,-73.99344559,40.70296934155272,-73.98469090461731,casual
2902183,06AF25F1F7BCE00A,classic_bike,2021-08-29 22:16:10,2021-08-29 22:20:52,Clark St & Henry St,4789,Bridge St & Water St,4968,40.69760127,-73.99344559,40.70296934155272,-73.98469090461731,casual
2902331,00658B0392DD4E16,classic_bike,2021-08-28 15:01:35,2021-08-28 16:18:32,Clark St & Henry St,4789,10 St & 7 Ave,3762,40.69760127,-73.99344559,40.6662078,-73.98199886,casual
2902751,A8D10F3D4E434C33,classic_bike,2021-08-24 15:14:53,2021-08-24 15:23:23,Clark St & Henry St,4789,Bridge St & Water St,4968,40.69760127,-73.99344559,40.70296934155272,-73.98469090461731,member
2902752,61622AAA65D97ED6,classic_bike,2021-08-05 16:08:03,2021-08-05 16:10:51,Clark St & Henry St,4789,Cadman Plaza E & Red Cross Pl,4821,40.69760127,-73.99344559,40.69991755,-73.98971773,member
2902951,257CB8A60613883D,classic_bike,2021-08-03 06:22:11,2021-08-03 06:25:23,Clark St & Henry St,4789,Cadman Plaza E & Red Cross Pl,4821,40.69760127,-73.99344559,40.69991755,-73.98971773,member
2903797,47D9651C41B7EBB7,classic_bike,2021-08-20 11:21:13,2021-08-20 11:24:17,Clark St & Henry St,4789,Cadman Plaza E & Red Cross Pl,4821,40.69760127,-73.99344559,40.69991755,-73.98971773,member
2904161,7CD6AF7B60D4D210,classic_bike,2021-08-07 13:15:00,2021-08-07 13:20:37,Clark St & Henry St,4789,Bridge St & Water St,4968,40.69760127,-73.99344559,40.70296934155272,-73.98469090461731,member
2904340,2C27EA513D2D8163,classic_bike,2021-08-04 17:53:29,2021-08-04 17:56:10,Clark St & Henry St,4789,Cadman Plaza E & Red Cross Pl,4821,40.69760127,-73.99344559,40.69991755,-73.98971773,member
2904342,8C85A1E3D7E2FB40,electric_bike,2021-08-27 21:34:40,2021-08-27 22:07:36,Clark St & Henry St,4789,Roebling St & N 4 St,5267,40.69760127,-73.99344559,40.71469,-73.95739,member
2904465,D91006074889B393,electric_bike,2021-08-20 23:10:15,2021-08-20 23:25:23,Clark St & Henry St,4789,Fulton St & Pearl St,5024,40.69760127,-73.99344559,40.70772198491691,-74.00438636541367,member
2904466,C96F825DEA94CD70,electric_bike,2021-08-14 20:38:25,2021-08-14 20:56:23,Clark St & Henry St,4789,10 St & 7 Ave,3762,40.69760127,-73.99344559,40.6662078,-73.98199886,member
2908744,13D72F32BF81C34E,classic_bike,2021-08-20 06:50:13,2021-08-20 06:53:32,Clark St & Henry St,4789,Adams St & Prospect St,4821,40.69760127,-73.99344559,40.70076308326151,-73.98869812488556,member
2912388,385BE35C8818500D,classic_bike,2021-08-06 14:14:33,2021-08-06 15:07:29,Clark St & Henry St,4789,Adams St & Prospect St,4821,40.69760127,-73.99344559,40.70076308326151,-73.98869812488556,casual
2912399,1021899CE7018C3C,classic_bike,2021-08-30 22:19:19,2021-08-30 22:23:58,Clark St & Henry St,4789,Adams St & Prospect St,4821,40.69760127,-73.99344559,40.70076308326151,-73.98869812488556,casual
2912426,46A09F61A22EF93D,classic_bike,2021-08-25 17:56:53,2021-08-25 18:01:18,Clark St & Henry St,4789,Adams St & Prospect St,4821,40.69760127,-73.99344559,40.70076308326151,-73.98869812488556,member
2912456,A1CFF0CBBEE0BE7C,classic_bike,2021-08-07 15:02:08,2021-08-07 15:07:25,Clark St & Henry St,4789,Adams St & Prospect St,4821,40.69760127,-73.99344559,40.70076308326151,-73.98869812488556,member
2912479,DA8011D46C74A43D,classic_bike,2021-08-13 01:23:08,2021-08-13 13:45:27,Clark St & Henry St,4789,Norfolk St & Broome St,5374,40.69760127,-73.99344559,40.7172274,-73.98802084,casual
2912494,DAE02FFA8CB01318,classic_bike,2021-08-25 09:49:21,2021-08-25 09:53:20,Clark St & Henry St,4789,Adams St & Prospect St,4821,40.69760127,-73.99344559,40.70076308326151,-73.98869812488556,casual
2912531,BD59CB93592BBCB8,classic_bike,2021-08-30 21:01:31,2021-08-30 21:04:49,Clark St & Henry St,4789,Adams St & Prospect St,4821,40.69760127,-73.99344559,40.70076308326151,-73.98869812488556,member
2912534,C8387A8F2F543248,classic_bike,2021-08-11 00:42:29,2021-08-11 00:46:39,Clark St & Henry St,4789,Adams St & Prospect St,4821,40.69760127,-73.99344559,40.70076308326151,-73.98869812488556,member
2912538,9D92918037A5C71D,classic_bike,2021-08-04 08:26:58,2021-08-04 08:30:45,Clark St & Henry St,4789,Adams St & Prospect St,4821,40.69760127,-73.99344559,40.70076308326151,-73.98869812488556,member
2912975,2AFF78CB9165AE16,classic_bike,2021-08-06 15:59:35,2021-08-06 16:06:34,Clark St & Henry St,4789,Adams St & Prospect St,4821,40.69760127,-73.99344559,40.70076308326151,-73.98869812488556,member
2912976,3016BB7C297C2B56,classic_bike,2021-08-22 05:09:56,2021-08-22 05:13:01,Clark St & Henry St,4789,Adams St & Prospect St,4821,40.69760127,-73.99344559,40.70076308326151,-73.98869812488556,member
2912977,1B7FE3FEF6420BBB,classic_bike,2021-08-22 04:40:27,2021-08-22 04:42:53,Clark St & Henry St,4789,Adams St & Prospect St,4821,40.69760127,-73.99344559,40.70076308326151,-73.98869812488556,member
2912978,4E996A072B6EAAEA,classic_bike,2021-08-22 04:58:15,2021-08-22 05:01:30,Clark St & Henry St,4789,Adams St & Prospect St,4821,40.69760127,-73.99344559,40.70076308326151,-73.98869812488556,member
2915305,075984A628CA7AE8,classic_bike,2021-08-28 20:54:38,2021-08-28 20:59:16,Clark St & Henry St,4789,Adams St & Prospect St,4821,40.69760127,-73.99344559,40.70076308326151,-73.98869812488556,member
2925672,AFB9853A6EBD8258,classic_bike,2021-08-28 23:10:59,2021-08-28 23:19:08,Clark St & Henry St,4789,Adams St & Prospect St,4821,40.69760127,-73.99344559,40.70076308326151,-73.98869812488556,member
2925743,4835A22E4782BC0E,classic_bike,2021-08-20 19:17:29,2021-08-20 19:23:31,Clark St & Henry St,4789,Adams St & Prospect St,4821,40.69760127,-73.99344559,40.70076308326151,-73.98869812488556,member
2925766,5172ADD31A954EFD,electric_bike,2021-08-13 09:07:37,2021-08-13 09:10:59,Clark St & Henry St,4789,Adams St & Prospect St,4821,40.69760127,-73.99344559,40.70076308326151,-73.98869812488556,member
2926086,4A687B37F8044765,classic_bike,2021-08-17 12:18:46,2021-08-17 12:22:53,Clark St & Henry St,4789,Adams St & Prospect St,4821,40.69760127,-73.99344559,40.70076308326151,-73.98869812488556,member
2926087,55CF8B464116C4FD,classic_bike,2021-08-06 09:09:47,2021-08-06 09:13:03,Clark St & Henry St,4789,Adams St & Prospect St,4821,40.69760127,-73.99344559,40.70076308326151,-73.98869812488556,member
2926162,24A171FCCED29564,electric_bike,2021-08-15 02:02:25,2021-08-15 02:05:04,Clark St & Henry St,4789,Adams St & Prospect St,4821,40.69760127,-73.99344559,40.70076308326151,-73.98869812488556,member
2926165,9749A7742D4FD057,classic_bike,2021-08-14 18:12:02,2021-08-14 18:20:19,Clark St & Henry St,4789,Adams St & Prospect St,4821,40.69760127,-73.99344559,40.70076308326151,-73.98869812488556,member
2926167,5B064033B9A3844B,classic_bike,2021-08-29 12:08:52,2021-08-29 12:19:54,Clark St & Henry St,4789,Adams St & Prospect St,4821,40.69760127,-73.99344559,40.70076308326151,-73.98869812488556,member
2926258,24433C269313126B,classic_bike,2021-08-29 07:11:50,2021-08-29 10:31:37,Clark St & Henry St,4789,Adams St & Prospect St,4821,40.69760127,-73.99344559,40.70076308326151,-73.98869812488556,casual
2926967,758B6504BB5877FD,classic_bike,2021-08-10 19:10:51,2021-08-10 19:33:49,Clark St & Henry St,4789,Adams St & Prospect St,4821,40.69760127,-73.99344559,40.70076308326151,-73.98869812488556,casual
2933834,EB32CB7CDEA49555,classic_bike,2021-08-24 08:46:22,2021-08-24 08:51:46,Clark St & Henry St,4789,Adams St & Prospect St,4821,40.69760127,-73.99344559,40.70076308326151,-73.98869812488556,member
2933845,2C2AB06D18230D8D,classic_bike,2021-08-06 14:11:46,2021-08-06 15:07:19,Clark St & Henry St,4789,Adams St & Prospect St,4821,40.69760127,-73.99344559,40.70076308326151,-73.98869812488556,casual
2936473,F3CABBFF08D78AB7,electric_bike,2021-08-14 10:10:33,2021-08-14 10:14:21,Clark St & Henry St,4789,Adams St & Prospect St,4821,40.69760127,-73.99344559,40.70076308326151,-73.98869812488556,member
2937785,0B61E7D03F8B6AF8,classic_bike,2021-08-07 06:41:26,2021-08-07 06:57:45,Clark St & Henry St,4789,Adams St & Prospect St,4821,40.69760127,-73.99344559,40.70076308326151,-73.98869812488556,member
2939458,E67D6C0343A32CF2,electric_bike,2021-08-04 20:23:09,2021-08-04 20:40:16,Clark St & Henry St,4789,St Marks Pl & 2 Ave,5669,40.69760127,-73.99344559,40.7284186,-73.98713956,member
2943239,627E04024B65574F,classic_bike,2021-08-23 15:48:28,2021-08-23 15:54:37,Clark St & Henry St,4789,Adams St & Prospect St,4821,40.69760127,-73.99344559,40.70076308326151,-73.98869812488556,member
2943240,817DC4F40B2B479E,classic_bike,2021-08-05 22:04:49,2021-08-05 22:08:28,Clark St & Henry St,4789,Adams St & Prospect St,4821,40.69760127,-73.99344559,40.70076308326151,-73.98869812488556,member
2944041,B3B8ED3C46462A83,classic_bike,2021-08-07 01:11:21,2021-08-07 01:15:18,Clark St & Henry St,4789,Adams St & Prospect St,4821,40.69760127,-73.99344559,40.70076308326151,-73.98869812488556,member
2944042,A8FDA7C488447D60,classic_bike,2021-08-25 18:31:36,2021-08-25 18:38:07,Clark St & Henry St,4789,Adams St & Prospect St,4821,40.69760127,-73.99344559,40.70076308326151,-73.98869812488556,member
2944110,29FD9D4893460943,electric_bike,2021-08-11 00:14:49,2021-08-11 01:37:59,Clark St & Henry St,4789,Adams St & Prospect St,4821,40.69760127,-73.99344559,40.70076308326151,-73.98869812488556,casual
2944113,EEF0811AD2AA4C07,electric_bike,2021-08-27 22:12:32,2021-08-27 22:35:40,Clark St & Henry St,4789,St Marks Pl & 2 Ave,5669,40.69760127,-73.99344559,40.7284186,-73.98713956,casual
2944653,A34739DDCE24202B,electric_bike,2021-08-23 23:29:16,2021-08-23 23:32:56,Clark St & Henry St,4789,Adams St & Prospect St,4821,40.69760127,-73.99344559,40.70076308326151,-73.98869812488556,member
2944663,E726E96388220D0F,classic_bike,2021-08-18 07:56:06,2021-08-18 08:42:12,Clark St & Henry St,4789,E 16 St & 5 Ave,6022,40.69760127,-73.99344559,40.73726186,-73.99238967,member
2944787,5E0B581813725804,classic_bike,2021-08-11 09:02:05,2021-08-11 09:06:25,Clark St & Henry St,4789,Adams St & Prospect St,4821,40.69760127,-73.99344559,40.70076308326151,-73.98869812488556,member
2948275,B96CB2C8156FB478,classic_bike,2021-08-17 09:09:32,2021-08-17 09:26:08,Clark St & Henry St,4789,Grand St & Elizabeth St,5382,40.69760127,-73.99344559,40.718822,-73.99596,member
2948290,696CB7D88D6A2446,classic_bike,2021-08-24 15:47:19,2021-08-24 16:08:38,Clark St & Henry St,4789,Grand St & Elizabeth St,5382,40.69760127,-73.99344559,40.718822,-73.99596,casual
2950173,92A77FD55EF343AE,classic_bike,2021-08-03 09:19:18,2021-08-03 09:36:04,Clark St & Henry St,4789,Grand St & Elizabeth St,5382,40.69760127,-73.99344559,40.718822,-73.99596,member
2950184,5664FFE155C3040B,electric_bike,2021-08-18 15:03:51,2021-08-18 15:20:20,Clark St & Henry St,4789,Grand St & Elizabeth St,5382,40.69760127,-73.99344559,40.718822,-73.99596,member
2955615,D4E028D3517E687E,classic_bike,2021-08-24 15:48:16,2021-08-24 16:08:32,Clark St & Henry St,4789,Grand St & Elizabeth St,5382,40.69760127,-73.99344559,40.718822,-73.99596,casual
2955617,5DE5058616783001,classic_bike,2021-08-04 09:20:58,2021-08-04 09:37:24,Clark St & Henry St,4789,Grand St & Elizabeth St,5382,40.69760127,-73.99344559,40.718822,-73.99596,member
2956822,FB115FEAA9355F4D,electric_bike,2021-08-17 09:08:53,2021-08-17 09:47:15,Clark St & Henry St,4789,Grand St & Elizabeth St,5382,40.69760127,-73.99344559,40.718822,-73.99596,member
2959881,C236C0409D210AEB,electric_bike,2021-08-06 09:36:56,2021-08-06 09:49:02,Clark St & Henry St,4789,Grand St & Elizabeth St,5382,40.69760127,-73.99344559,40.718822,-73.99596,member
2961623,818BE489D127E0D7,classic_bike,2021-08-16 08:39:30,2021-08-16 08:59:32,Clark St & Henry St,4789,Grand St & Elizabeth St,5382,40.69760127,-73.99344559,40.718822,-73.99596,member
2962926,46AA93999A467A95,electric_bike,2021-08-03 00:50:07,2021-08-03 01:20:26,Clark St & Henry St,4789,W 37 St & 5 Ave,6398,40.69760127,-73.99344559,40.75038009,-73.98338988,casual
2963317,EEC6507F688CE59B,electric_bike,2021-08-03 00:51:08,2021-08-03 01:20:11,Clark St & Henry St,4789,W 37 St & 5 Ave,6398,40.69760127,-73.99344559,40.75038009,-73.98338988,casual
2963999,DC915B0F5388E518,electric_bike,2021-08-20 09:35:16,2021-08-20 09:51:11,Clark St & Henry St,4789,Grand St & Elizabeth St,5382,40.69760127,-73.99344559,40.718822,-73.99596,member
2982998,917C2762893BA87C,classic_bike,2021-08-09 20:00:56,2021-08-09 20:18:09,Clark St & Henry St,4789,DeKalb Ave & Vanderbilt Ave,4461,40.69760127,-73.99344559,40.68940747,-73.96885458,member
2983001,8E71FADF5BCD60E6,classic_bike,2021-08-29 11:06:14,2021-08-29 11:56:31,Clark St & Henry St,4789,DeKalb Ave & Vanderbilt Ave,4461,40.69760127,-73.99344559,40.68940747,-73.96885458,member
2983018,09CAAB89D35031E0,classic_bike,2021-08-24 14:49:18,2021-08-24 15:04:31,Clark St & Henry St,4789,DeKalb Ave & Vanderbilt Ave,4461,40.69760127,-73.99344559,40.68940747,-73.96885458,member
2983021,E9F64CAFE14F1852,classic_bike,2021-08-02 05:55:09,2021-08-02 06:23:08,Clark St & Henry St,4789,Willoughby Ave & Wyckoff Ave,5010,40.69760127,-73.99344559,40.705614,-73.92153,member
2983045,62574D42EF6A9F2B,classic_bike,2021-08-14 14:12:15,2021-08-14 14:38:38,Clark St & Henry St,4789,Windsor Pl & Howard Pl,3579,40.69760127,-73.99344559,40.65949055893896,-73.98013919591904,casual
2983885,25F66A7BF1CB6374,classic_bike,2021-08-04 17:22:08,2021-08-04 17:42:40,Clark St & Henry St,4789,DeKalb Ave & Vanderbilt Ave,4461,40.69760127,-73.99344559,40.68940747,-73.96885458,member
2986683,02D52D1E0C20163A,classic_bike,2021-08-14 16:22:22,2021-08-14 16:44:21,Clark St & Henry St,4789,E 7 St & Avenue A,5626,40.69760127,-73.99344559,40.72621788,-73.98379855,member
2998016,0F5B6686039167C4,classic_bike,2021-08-28 18:16:52,2021-08-28 18:41:52,Clark St & Henry St,4789,E 7 St & Avenue A,5626,40.69760127,-73.99344559,40.72621788,-73.98379855,casual
3001065,E90E50C2D550E79B,classic_bike,2021-08-31 08:49:52,2021-08-31 09:21:35,Clark St & Henry St,4789,8 Ave & W 31 St,6450,40.69760127,-73.99344559,40.7505853470215,-73.9946848154068,member
3001066,C682715E8CC2C56B,electric_bike,2021-08-27 17:17:05,2021-08-27 17:41:07,Clark St & Henry St,4789,E 7 St & Avenue A,5626,40.69760127,-73.99344559,40.72621788,-73.98379855,member
3003978,8562A19E66AB394C,classic_bike,2021-08-04 08:52:04,2021-08-04 09:06:52,Clark St & Henry St,4789,Front St & Gold St,4927,40.69760127,-73.99344559,40.70224,-73.982578,casual
3003991,07B4B79160A790B6,classic_bike,2021-08-10 08:51:29,2021-08-10 08:59:11,Clark St & Henry St,4789,Front St & Gold St,4927,40.69760127,-73.99344559,40.70224,-73.982578,member
3006716,73B1DCDFDFFD6BBA,electric_bike,2021-08-25 23:46:30,2021-08-26 00:12:17,Clark St & Henry St,4789,Graham Ave & Withers St,5403,40.69760127,-73.99344559,40.7169811,-73.94485918,member
3006718,7AD64C1E22708D22,classic_bike,2021-08-31 23:06:01,2021-08-31 23:13:03,Clark St & Henry St,4789,Front St & Gold St,4927,40.69760127,-73.99344559,40.70224,-73.982578,member
3006719,D9A6EC9489EBF9B1,classic_bike,2021-08-31 19:16:38,2021-08-31 19:25:54,Clark St & Henry St,4789,Front St & Gold St,4927,40.69760127,-73.99344559,40.70224,-73.982578,member
3006775,6F5B68ED6819CB1E,electric_bike,2021-08-08 19:43:28,2021-08-08 19:54:10,Clark St & Henry St,4789,Front St & Gold St,4927,40.69760127,-73.99344559,40.70224,-73.982578,casual
3006777,299D43D04FB52933,electric_bike,2021-08-20 11:51:13,2021-08-20 12:00:44,Clark St & Henry St,4789,Park Ave & St Edwards St,4700,40.69760127,-73.99344559,40.69608941,-73.97803415,casual
3006816,C85C9ACEA92A09B3,electric_bike,2021-08-17 22:35:06,2021-08-17 22:39:45,Clark St & Henry St,4789,Front St & Gold St,4927,40.69760127,-73.99344559,40.70224,-73.982578,member
3007731,3FAB9D0AA085A8A5,electric_bike,2021-08-31 19:15:12,2021-08-31 19:26:39,Clark St & Henry St,4789,Front St & Gold St,4927,40.69760127,-73.99344559,40.70224,-73.982578,casual
3011736,FFBC9884C8F90CD2,classic_bike,2021-08-01 14:36:44,2021-08-01 14:42:46,Clark St & Henry St,4789,Front St & Gold St,4927,40.69760127,-73.99344559,40.70224,-73.982578,member
3011771,048FC037536D6D3C,classic_bike,2021-08-19 00:10:46,2021-08-19 00:17:28,Clark St & Henry St,4789,Front St & Gold St,4927,40.69760127,-73.99344559,40.70224,-73.982578,member
3013674,FCFD13D7AF0CF6DA,classic_bike,2021-08-04 12:52:18,2021-08-04 12:58:25,Clark St & Henry St,4789,Front St & Gold St,4927,40.69760127,-73.99344559,40.70224,-73.982578,member
3013714,BDB2A17053F29D4B,classic_bike,2021-08-01 16:59:09,2021-08-01 17:06:36,Clark St & Henry St,4789,Front St & Gold St,4927,40.69760127,-73.99344559,40.70224,-73.982578,casual
3016120,9F47CA4B07EF08AD,classic_bike,2021-08-19 00:10:44,2021-08-19 00:17:35,Clark St & Henry St,4789,Front St & Gold St,4927,40.69760127,-73.99344559,40.70224,-73.982578,member
3016902,95BA54DF148A342C,classic_bike,2021-08-09 08:53:49,2021-08-09 09:03:26,Clark St & Henry St,4789,Front St & Gold St,4927,40.69760127,-73.99344559,40.70224,-73.982578,member
3019074,372224572CAF9BCD,electric_bike,2021-08-06 12:37:53,2021-08-06 12:47:14,Clark St & Henry St,4789,Front St & Gold St,4927,40.69760127,-73.99344559,40.70224,-73.982578,member
3019147,DF1A7D75CD176849,classic_bike,2021-08-05 09:18:13,2021-08-05 09:24:35,Clark St & Henry St,4789,Front St & Gold St,4927,40.69760127,-73.99344559,40.70224,-73.982578,member
3019188,50499B71F204E895,electric_bike,2021-08-21 12:10:19,2021-08-21 12:15:55,Clark St & Henry St,4789,Front St & Gold St,4927,40.69760127,-73.99344559,40.70224,-73.982578,member
3025817,0758DAA4ED5D9539,classic_bike,2021-08-02 16:46:22,2021-08-02 17:08:37,Clark St & Henry St,4789,3 St & 7 Ave,3905,40.69760127,-73.99344559,40.6703837,-73.97839676,member
3025818,8BFBAD2D5F961CFF,classic_bike,2021-08-27 16:06:50,2021-08-27 16:09:53,Clark St & Henry St,4789,Fulton St & Adams St,4637,40.69760127,-73.99344559,40.69241829257847,-73.98949474096298,member
3025821,5ADD2B0021C9FD43,classic_bike,2021-08-06 00:01:48,2021-08-06 00:08:35,Clark St & Henry St,4789,Fulton St & Adams St,4637,40.69760127,-73.99344559,40.69241829257847,-73.98949474096298,member
3034939,6734CD6AB1187979,classic_bike,2021-08-03 17:08:00,2021-08-03 17:30:16,Clark St & Henry St,4789,Grand Army Plaza & Plaza St West,4010,40.69760127,-73.99344559,40.6729679,-73.97087984,member
3034950,5787A3B5C500C6F6,classic_bike,2021-08-07 16:19:49,2021-08-07 16:42:51,Clark St & Henry St,4789,Grand Army Plaza & Plaza St West,4010,40.69760127,-73.99344559,40.6729679,-73.97087984,member
3034953,D6D689470CE56CC0,classic_bike,2021-08-18 11:03:46,2021-08-18 11:08:21,Clark St & Henry St,4789,Fulton St & Adams St,4637,40.69760127,-73.99344559,40.69241829257847,-73.98949474096298,member
3034957,97E4F5707F66C433,classic_bike,2021-08-29 11:21:31,2021-08-29 11:24:59,Clark St & Henry St,4789,Fulton St & Adams St,4637,40.69760127,-73.99344559,40.69241829257847,-73.98949474096298,member
3034980,542B294F2F87DEE6,classic_bike,2021-08-21 17:12:35,2021-08-21 17:27:39,Clark St & Henry St,4789,Fulton St & Adams St,4637,40.69760127,-73.99344559,40.69241829257847,-73.98949474096298,member
3034997,0778AF12DF0EB2D8,classic_bike,2021-08-15 12:23:59,2021-08-15 12:49:46,Clark St & Henry St,4789,Grand Army Plaza & Plaza St West,4010,40.69760127,-73.99344559,40.6729679,-73.97087984,casual
3034998,CC738578851572B2,classic_bike,2021-08-29 13:52:57,2021-08-29 14:13:27,Clark St & Henry St,4789,Grand Army Plaza & Plaza St West,4010,40.69760127,-73.99344559,40.6729679,-73.97087984,member
3035000,4A08233CB16A4504,classic_bike,2021-08-23 16:41:55,2021-08-23 16:46:22,Clark St & Henry St,4789,Fulton St & Adams St,4637,40.69760127,-73.99344559,40.69241829257847,-73.98949474096298,member
3035001,FB947CDCD4D3668A,classic_bike,2021-08-20 13:57:41,2021-08-20 14:00:24,Clark St & Henry St,4789,Fulton St & Adams St,4637,40.69760127,-73.99344559,40.69241829257847,-73.98949474096298,member
3035003,7518C04709077C7F,electric_bike,2021-08-19 05:05:07,2021-08-19 05:07:34,Clark St & Henry St,4789,Fulton St & Adams St,4637,40.69760127,-73.99344559,40.69241829257847,-73.98949474096298,member
3035004,E63C7669C3364F78,classic_bike,2021-08-29 13:51:11,2021-08-29 14:13:24,Clark St & Henry St,4789,Grand Army Plaza & Plaza St West,4010,40.69760127,-73.99344559,40.6729679,-73.97087984,member
3035005,7D9C375BE89549A8,electric_bike,2021-08-17 15:23:34,2021-08-17 15:37:31,Clark St & Henry St,4789,Fulton St & Adams St,4637,40.69760127,-73.99344559,40.69241829257847,-73.98949474096298,member
3035006,5AD4D8A519CDAE53,classic_bike,2021-08-24 10:44:24,2021-08-24 10:47:46,Clark St & Henry St,4789,Fulton St & Adams St,4637,40.69760127,-73.99344559,40.69241829257847,-73.98949474096298,member
3035010,0873DAF51A1B0DA5,classic_bike,2021-08-01 18:06:19,2021-08-01 18:12:24,Clark St & Henry St,4789,Fulton St & Adams St,4637,40.69760127,-73.99344559,40.69241829257847,-73.98949474096298,casual
3035012,AB23608110D1E1A0,classic_bike,2021-08-07 16:56:13,2021-08-07 17:17:04,Clark St & Henry St,4789,3 St & 7 Ave,3905,40.69760127,-73.99344559,40.6703837,-73.97839676,casual
3035014,21F6BCDEAD54FFD2,classic_bike,2021-08-05 16:13:48,2021-08-05 16:36:57,Clark St & Henry St,4789,3 St & 7 Ave,3905,40.69760127,-73.99344559,40.6703837,-73.97839676,casual
3035022,FB8A7A319D04FAC0,classic_bike,2021-08-23 16:03:39,2021-08-23 16:34:12,Clark St & Henry St,4789,E 30 St & Park Ave S,6206,40.69760127,-73.99344559,40.74444921,-73.98303529,casual
3035038,5002AB396D63F51E,classic_bike,2021-08-20 10:01:30,2021-08-20 10:04:03,Clark St & Henry St,4789,Fulton St & Adams St,4637,40.69760127,-73.99344559,40.69241829257847,-73.98949474096298,member
3035039,A4A7F1E32EF6BA41,classic_bike,2021-08-21 22:01:53,2021-08-21 22:05:49,Clark St & Henry St,4789,Fulton St & Adams St,4637,40.69760127,-73.99344559,40.69241829257847,-73.98949474096298,member
3035040,7B583DE07F1D6B20,classic_bike,2021-08-24 18:45:42,2021-08-24 18:49:34,Clark St & Henry St,4789,Fulton St & Adams St,4637,40.69760127,-73.99344559,40.69241829257847,-73.98949474096298,member
3035043,EE2E7399899D3DC8,classic_bike,2021-08-31 19:03:37,2021-08-31 19:30:39,Clark St & Henry St,4789,3 St & 7 Ave,3905,40.69760127,-73.99344559,40.6703837,-73.97839676,member
3035047,63A4328E8E3FF839,classic_bike,2021-08-01 18:06:30,2021-08-01 18:11:50,Clark St & Henry St,4789,Fulton St & Adams St,4637,40.69760127,-73.99344559,40.69241829257847,-73.98949474096298,casual
3035059,CF62462E28415DC6,electric_bike,2021-08-05 10:24:37,2021-08-05 10:42:44,Clark St & Henry St,4789,3 St & 7 Ave,3905,40.69760127,-73.99344559,40.6703837,-73.97839676,member
3035061,0699BEF893E5AE27,electric_bike,2021-08-31 05:30:11,2021-08-31 05:33:18,Clark St & Henry St,4789,Fulton St & Adams St,4637,40.69760127,-73.99344559,40.69241829257847,-73.98949474096298,member
3035699,8E6B0737EE75EE2A,electric_bike,2021-08-12 21:32:34,2021-08-12 21:54:20,Clark St & Henry St,4789,Grand Army Plaza & Plaza St West,4010,40.69760127,-73.99344559,40.6729679,-73.97087984,member
3035757,B469CF4AC6FF4A8D,classic_bike,2021-08-13 18:58:00,2021-08-13 19:01:40,Clark St & Henry St,4789,Fulton St & Adams St,4637,40.69760127,-73.99344559,40.69241829257847,-73.98949474096298,member
3035770,88DFE89638771A67,classic_bike,2021-08-29 14:50:51,2021-08-29 15:20:50,Clark St & Henry St,4789,Grand Army Plaza & Plaza St West,4010,40.69760127,-73.99344559,40.6729679,-73.97087984,member
3035771,C8DAFAB20BCC8BAC,electric_bike,2021-08-25 15:15:17,2021-08-25 15:19:09,Clark St & Henry St,4789,Fulton St & Adams St,4637,40.69760127,-73.99344559,40.69241829257847,-73.98949474096298,member
3035800,06960F637C31B31B,classic_bike,2021-08-31 13:42:36,2021-08-31 13:45:49,Clark St & Henry St,4789,Fulton St & Adams St,4637,40.69760127,-73.99344559,40.69241829257847,-73.98949474096298,member
3035801,6CE2050D9FE7ECA4,classic_bike,2021-08-31 14:08:10,2021-08-31 14:11:23,Clark St & Henry St,4789,Fulton St & Adams St,4637,40.69760127,-73.99344559,40.69241829257847,-73.98949474096298,member
3035803,4CB8AD0CFDDE4891,electric_bike,2021-08-19 19:13:21,2021-08-19 20:13:42,Clark St & Henry St,4789,Fulton St & Adams St,4637,40.69760127,-73.99344559,40.69241829257847,-73.98949474096298,casual
3035804,C28CAC104C3B06CB,classic_bike,2021-08-21 12:12:26,2021-08-21 12:34:58,Clark St & Henry St,4789,Grand Army Plaza & Plaza St West,4010,40.69760127,-73.99344559,40.6729679,-73.97087984,casual
3035808,A5DF7F841ED87CE7,electric_bike,2021-08-31 20:13:25,2021-08-31 20:28:28,Clark St & Henry St,4789,Henry St & Grand St,5294,40.69760127,-73.99344559,40.714211,-73.981095,member
3035827,EC0695C0AFC271CA,classic_bike,2021-08-29 14:50:12,2021-08-29 15:20:25,Clark St & Henry St,4789,Grand Army Plaza & Plaza St West,4010,40.69760127,-73.99344559,40.6729679,-73.97087984,member
3035833,CB11B6CEC915E317,classic_bike,2021-08-06 10:29:22,2021-08-06 10:46:41,Clark St & Henry St,4789,Grand Army Plaza & Plaza St West,4010,40.69760127,-73.99344559,40.6729679,-73.97087984,member
3035886,0774E8B282553D13,classic_bike,2021-08-16 11:56:44,2021-08-16 12:01:37,Clark St & Henry St,4789,Fulton St & Adams St,4637,40.69760127,-73.99344559,40.69241829257847,-73.98949474096298,member
3035888,93AB1B1060E10483,classic_bike,2021-08-05 14:56:08,2021-08-05 15:00:10,Clark St & Henry St,4789,Fulton St & Adams St,4637,40.69760127,-73.99344559,40.69241829257847,-73.98949474096298,member
3035890,F28A1F41056D147E,classic_bike,2021-08-10 16:11:55,2021-08-10 16:40:58,Clark St & Henry St,4789,E 30 St & Park Ave S,6206,40.69760127,-73.99344559,40.74444921,-73.98303529,casual
3036122,1A76345A7F8BEB68,classic_bike,2021-08-03 17:26:11,2021-08-03 17:42:24,Clark St & Henry St,4789,3 St & 7 Ave,3905,40.69760127,-73.99344559,40.6703837,-73.97839676,member
3036127,ADCD4DC941BBAD1E,classic_bike,2021-08-17 22:08:57,2021-08-17 22:28:51,Clark St & Henry St,4789,3 St & 7 Ave,3905,40.69760127,-73.99344559,40.6703837,-73.97839676,casual
3036128,703291B2EA10ABBD,classic_bike,2021-08-24 16:06:02,2021-08-24 16:40:24,Clark St & Henry St,4789,E 30 St & Park Ave S,6206,40.69760127,-73.99344559,40.74444921,-73.98303529,casual
3036248,B0B02D301BA66EF0,classic_bike,2021-08-18 10:01:05,2021-08-18 10:05:12,Clark St & Henry St,4789,Fulton St & Adams St,4637,40.69760127,-73.99344559,40.69241829257847,-73.98949474096298,member
3036249,F54E622089C9F80F,electric_bike,2021-08-20 15:30:26,2021-08-20 16:12:04,Clark St & Henry St,4789,Fulton St & Adams St,4637,40.69760127,-73.99344559,40.69241829257847,-73.98949474096298,member
3036250,FF38D8178267D4E0,classic_bike,2021-08-04 16:31:26,2021-08-04 16:54:19,Clark St & Henry St,4789,Henry St & Grand St,5294,40.69760127,-73.99344559,40.714211,-73.981095,member
3036252,6ECC06E21D8139EB,classic_bike,2021-08-02 11:42:08,2021-08-02 12:03:59,Clark St & Henry St,4789,3 St & 7 Ave,3905,40.69760127,-73.99344559,40.6703837,-73.97839676,member
3036254,93ECE682A5189192,classic_bike,2021-08-03 19:07:41,2021-08-03 19:10:37,Clark St & Henry St,4789,Fulton St & Adams St,4637,40.69760127,-73.99344559,40.69241829257847,-73.98949474096298,member
3036255,AE55B8B4CF754466,classic_bike,2021-08-03 09:41:58,2021-08-03 09:45:12,Clark St & Henry St,4789,Fulton St & Adams St,4637,40.69760127,-73.99344559,40.69241829257847,-73.98949474096298,member
3036256,38E3EB9B3F2667EA,classic_bike,2021-08-02 09:32:46,2021-08-02 09:35:27,Clark St & Henry St,4789,Fulton St & Adams St,4637,40.69760127,-73.99344559,40.69241829257847,-73.98949474096298,member
3036472,B5BD7D4B9820ACED,electric_bike,2021-08-26 23:39:17,2021-08-26 23:51:38,Clark St & Henry St,4789,Grand Army Plaza & Plaza St West,4010,40.69760127,-73.99344559,40.6729679,-73.97087984,member
3036475,13789B551E7A4885,classic_bike,2021-08-23 14:02:10,2021-08-23 14:05:32,Clark St & Henry St,4789,Fulton St & Adams St,4637,40.69760127,-73.99344559,40.69241829257847,-73.98949474096298,member
3036508,2261838947A945F8,classic_bike,2021-08-07 16:38:09,2021-08-07 16:44:16,Clark St & Henry St,4789,Fulton St & Adams St,4637,40.69760127,-73.99344559,40.69241829257847,-73.98949474096298,member
3036510,C50EDB9123692C91,classic_bike,2021-08-17 11:23:40,2021-08-17 11:27:04,Clark St & Henry St,4789,Fulton St & Adams St,4637,40.69760127,-73.99344559,40.69241829257847,-73.98949474096298,member
3036511,19FF8DEDE49298D4,electric_bike,2021-08-13 15:50:41,2021-08-13 16:13:07,Clark St & Henry St,4789,E 30 St & Park Ave S,6206,40.69760127,-73.99344559,40.74444921,-73.98303529,casual
3036519,7C7323F144326215,classic_bike,2021-08-10 16:54:59,2021-08-10 17:16:21,Clark St & Henry St,4789,3 St & 7 Ave,3905,40.69760127,-73.99344559,40.6703837,-73.97839676,member
3036695,E9546503BF91167F,classic_bike,2021-08-21 14:39:46,2021-08-21 14:43:05,Clark St & Henry St,4789,Fulton St & Adams St,4637,40.69760127,-73.99344559,40.69241829257847,-73.98949474096298,member
3036696,128616B08E07BB2B,electric_bike,2021-08-08 23:51:50,2021-08-09 00:14:05,Clark St & Henry St,4789,3 St & 7 Ave,3905,40.69760127,-73.99344559,40.6703837,-73.97839676,casual
3037060,7AAAE34E7847BD24,classic_bike,2021-08-28 12:29:18,2021-08-28 12:45:37,Clark St & Henry St,4789,Henry St & Grand St,5294,40.69760127,-73.99344559,40.714211,-73.981095,member
3037297,3CC1AE5D07769D49,classic_bike,2021-08-26 15:57:24,2021-08-26 16:29:19,Clark St & Henry St,4789,E 30 St & Park Ave S,6206,40.69760127,-73.99344559,40.74444921,-73.98303529,casual
3037299,8B86B0E75AB92CA5,classic_bike,2021-08-23 17:14:08,2021-08-23 17:18:20,Clark St & Henry St,4789,Fulton St & Adams St,4637,40.69760127,-73.99344559,40.69241829257847,-73.98949474096298,member
3037488,815FE9CE5A82C5FB,classic_bike,2021-08-31 12:29:53,2021-08-31 12:51:58,Clark St & Henry St,4789,3 St & 7 Ave,3905,40.69760127,-73.99344559,40.6703837,-73.97839676,member
3037489,25C3CCB4738BA498,classic_bike,2021-08-18 18:27:52,2021-08-18 18:31:28,Clark St & Henry St,4789,Fulton St & Adams St,4637,40.69760127,-73.99344559,40.69241829257847,-73.98949474096298,member
3037761,6740ABF8F3BFC282,classic_bike,2021-08-17 12:13:30,2021-08-17 12:17:53,Clark St & Henry St,4789,Fulton St & Adams St,4637,40.69760127,-73.99344559,40.69241829257847,-73.98949474096298,member
3037763,01E052DE4E7312F6,classic_bike,2021-08-05 06:46:28,2021-08-05 07:06:53,Clark St & Henry St,4789,Grand Army Plaza & Plaza St West,4010,40.69760127,-73.99344559,40.6729679,-73.97087984,member
3037765,8F7FE83363E48D25,classic_bike,2021-08-28 08:08:40,2021-08-28 08:12:48,Clark St & Henry St,4789,Fulton St & Adams St,4637,40.69760127,-73.99344559,40.69241829257847,-73.98949474096298,member
3038232,107864FC92602AFB,electric_bike,2021-08-31 20:16:39,2021-08-31 20:23:34,Clark St & Henry St,4789,Fulton St & Adams St,4637,40.69760127,-73.99344559,40.69241829257847,-73.98949474096298,member
3039002,46B0B2FA2D4BA09E,classic_bike,2021-08-18 18:50:37,2021-08-18 19:12:57,Clark St & Henry St,4789,Grand Army Plaza & Plaza St West,4010,40.69760127,-73.99344559,40.6729679,-73.97087984,member
3039003,446BF028B3D6CF63,classic_bike,2021-08-18 17:02:47,2021-08-18 17:10:39,Clark St & Henry St,4789,Fulton St & Adams St,4637,40.69760127,-73.99344559,40.69241829257847,-73.98949474096298,member
3039011,2F79AB99F140491A,classic_bike,2021-08-19 09:46:38,2021-08-19 09:49:10,Clark St & Henry St,4789,Fulton St & Adams St,4637,40.69760127,-73.99344559,40.69241829257847,-73.98949474096298,casual
3039012,A2EEEB3D2491374C,classic_bike,2021-08-07 16:38:51,2021-08-07 16:44:15,Clark St & Henry St,4789,Fulton St & Adams St,4637,40.69760127,-73.99344559,40.69241829257847,-73.98949474096298,casual
3040384,F88C948D6F7FEDFA,classic_bike,2021-08-29 21:26:26,2021-08-29 21:30:25,Clark St & Henry St,4789,Fulton St & Adams St,4637,40.69760127,-73.99344559,40.69241829257847,-73.98949474096298,member
3040385,C0BEAEC64D6425B0,electric_bike,2021-08-21 11:31:19,2021-08-21 11:50:08,Clark St & Henry St,4789,Grand Army Plaza & Plaza St West,4010,40.69760127,-73.99344559,40.6729679,-73.97087984,member
3040386,A72274C0A85C67E8,classic_bike,2021-08-10 05:12:49,2021-08-10 05:16:14,Clark St & Henry St,4789,Fulton St & Adams St,4637,40.69760127,-73.99344559,40.69241829257847,-73.98949474096298,member
3040852,55C90E33270E0CC6,classic_bike,2021-08-20 14:53:53,2021-08-20 14:58:15,Clark St & Henry St,4789,Fulton St & Adams St,4637,40.69760127,-73.99344559,40.69241829257847,-73.98949474096298,member
3040862,9F8DA48921D9D6EA,classic_bike,2021-08-20 18:56:43,2021-08-20 19:12:44,Clark St & Henry St,4789,3 St & 7 Ave,3905,40.69760127,-73.99344559,40.6703837,-73.97839676,member
3040863,3B5782927C950F58,classic_bike,2021-08-29 15:56:35,2021-08-29 16:22:07,Clark St & Henry St,4789,Grand Army Plaza & Plaza St West,4010,40.69760127,-73.99344559,40.6729679,-73.97087984,casual
3040875,8F873EDB6F08C2D7,classic_bike,2021-08-10 08:23:51,2021-08-10 08:27:26,Clark St & Henry St,4789,Fulton St & Adams St,4637,40.69760127,-73.99344559,40.69241829257847,-73.98949474096298,member
3041047,D48F0B73651C120D,classic_bike,2021-08-19 12:24:28,2021-08-19 12:28:04,Clark St & Henry St,4789,Fulton St & Adams St,4637,40.69760127,-73.99344559,40.69241829257847,-73.98949474096298,member
3041049,9D97378B75B295FA,classic_bike,2021-08-31 22:05:56,2021-08-31 22:09:49,Clark St & Henry St,4789,Fulton St & Adams St,4637,40.69760127,-73.99344559,40.69241829257847,-73.98949474096298,member
3041050,0834552D9469714A,classic_bike,2021-08-04 23:33:15,2021-08-04 23:39:09,Clark St & Henry St,4789,Fulton St & Adams St,4637,40.69760127,-73.99344559,40.69241829257847,-73.98949474096298,member
3041738,BE2056537216BB1B,classic_bike,2021-08-16 16:43:02,2021-08-16 16:47:39,Clark St & Henry St,4789,Fulton St & Adams St,4637,40.69760127,-73.99344559,40.69241829257847,-73.98949474096298,member
3042082,035BF86B21AD1CD9,classic_bike,2021-08-07 17:04:44,2021-08-07 17:09:00,Clark St & Henry St,4789,Fulton St & Adams St,4637,40.69760127,-73.99344559,40.69241829257847,-73.98949474096298,member
3042086,6FE333474F4B444B,classic_bike,2021-08-04 12:20:43,2021-08-04 12:24:57,Clark St & Henry St,4789,Fulton St & Adams St,4637,40.69760127,-73.99344559,40.69241829257847,-73.98949474096298,member
3042088,029C50F77B046B38,classic_bike,2021-08-23 12:07:40,2021-08-23 12:11:20,Clark St & Henry St,4789,Fulton St & Adams St,4637,40.69760127,-73.99344559,40.69241829257847,-73.98949474096298,member
3044534,E7DCE2266363D48C,classic_bike,2021-08-09 12:35:45,2021-08-09 12:58:21,Clark St & Henry St,4789,W Broadway & Spring St,5569,40.69760127,-73.99344559,40.72494672359416,-74.00165855884552,member
3044631,A2CBCB290C52F77F,classic_bike,2021-08-20 07:58:45,2021-08-20 08:26:45,Clark St & Henry St,4789,W Broadway & Spring St,5569,40.69760127,-73.99344559,40.72494672359416,-74.00165855884552,member
3044632,B1D8BB2A45B69AC7,classic_bike,2021-08-30 08:03:54,2021-08-30 08:33:49,Clark St & Henry St,4789,W Broadway & Spring St,5569,40.69760127,-73.99344559,40.72494672359416,-74.00165855884552,member
3044684,72D9825F28CCD136,electric_bike,2021-08-26 22:33:20,2021-08-26 22:50:20,Clark St & Henry St,4789,Underhill Ave & Lincoln Pl,4042,40.69760127,-73.99344559,40.6740123,-73.9671457,casual
3044752,F7144525339A80A8,classic_bike,2021-08-11 15:47:54,2021-08-11 16:07:45,Clark St & Henry St,4789,1 Pl & Clinton St,4193,40.69760127,-73.99344559,40.6809591,-73.99905709,member
3044753,13C2EFB4B953E745,electric_bike,2021-08-16 15:05:36,2021-08-16 15:16:21,Clark St & Henry St,4789,Pioneer St & Richards St,4128,40.69760127,-73.99344559,40.6777748,-74.0094613,member
3044757,2BFE2709C03C382D,classic_bike,2021-08-07 14:07:30,2021-08-07 14:14:30,Clark St & Henry St,4789,State St & Smith St,4565,40.69760127,-73.99344559,40.68926942,-73.98912867,member
3044760,F8A3D703460F6AA7,classic_bike,2021-08-06 18:49:47,2021-08-06 18:57:54,Clark St & Henry St,4789,State St & Smith St,4565,40.69760127,-73.99344559,40.68926942,-73.98912867,casual
3044762,CEF367F12A5D18B9,classic_bike,2021-08-29 14:09:55,2021-08-29 14:32:26,Clark St & Henry St,4789,Pioneer St & Richards St,4128,40.69760127,-73.99344559,40.6777748,-74.0094613,casual
3044764,DFB67E321006CA30,classic_bike,2021-08-20 22:50:41,2021-08-20 23:35:07,Clark St & Henry St,4789,Cedar St & Myrtle Ave,4751,40.69760127,-73.99344559,40.697842,-73.926241,casual
3044797,CD34B9241ED05E09,electric_bike,2021-08-02 17:01:17,2021-08-02 17:12:03,Clark St & Henry St,4789,1 Pl & Clinton St,4193,40.69760127,-73.99344559,40.6809591,-73.99905709,member
3044798,A91FA4EA5843B9B5,electric_bike,2021-08-06 23:33:46,2021-08-06 23:51:21,Clark St & Henry St,4789,Underhill Ave & Lincoln Pl,4042,40.69760127,-73.99344559,40.6740123,-73.9671457,member
3047235,505EEC727ECA3EB8,classic_bike,2021-08-10 11:41:54,2021-08-10 11:50:05,Clark St & Henry St,4789,1 Pl & Clinton St,4193,40.69760127,-73.99344559,40.6809591,-73.99905709,member
3047240,7F08C723FC53BA2A,classic_bike,2021-08-02 14:32:32,2021-08-02 14:41:32,Clark St & Henry St,4789,State St & Smith St,4565,40.69760127,-73.99344559,40.68926942,-73.98912867,member
3047243,398A8B36C6E3AD61,classic_bike,2021-08-19 23:04:25,2021-08-19 23:23:01,Clark St & Henry St,4789,State St & Smith St,4565,40.69760127,-73.99344559,40.68926942,-73.98912867,casual
3047245,5F344E89242A4C41,electric_bike,2021-08-26 22:35:27,2021-08-26 22:50:11,Clark St & Henry St,4789,Underhill Ave & Lincoln Pl,4042,40.69760127,-73.99344559,40.6740123,-73.9671457,casual
3047250,3349F138B8856DAA,electric_bike,2021-08-12 10:23:52,2021-08-12 10:30:26,Clark St & Henry St,4789,1 Pl & Clinton St,4193,40.69760127,-73.99344559,40.6809591,-73.99905709,member
3047251,1012EB5185F74F1B,classic_bike,2021-08-28 14:27:57,2021-08-28 14:56:03,Clark St & Henry St,4789,Underhill Ave & Lincoln Pl,4042,40.69760127,-73.99344559,40.6740123,-73.9671457,member
3047252,189711674C3ABA8C,classic_bike,2021-08-17 20:37:32,2021-08-17 20:47:20,Clark St & Henry St,4789,State St & Smith St,4565,40.69760127,-73.99344559,40.68926942,-73.98912867,member
3047259,74AA179D02CDF4CD,classic_bike,2021-08-09 00:54:35,2021-08-09 01:01:05,Clark St & Henry St,4789,State St & Smith St,4565,40.69760127,-73.99344559,40.68926942,-73.98912867,member
3047261,68410A5A3CA8D46B,classic_bike,2021-08-08 07:00:54,2021-08-08 07:09:08,Clark St & Henry St,4789,State St & Smith St,4565,40.69760127,-73.99344559,40.68926942,-73.98912867,member
3047269,8D9F3A1FF9CD6347,classic_bike,2021-08-20 22:51:29,2021-08-20 23:35:41,Clark St & Henry St,4789,Cedar St & Myrtle Ave,4751,40.69760127,-73.99344559,40.697842,-73.926241,casual
3047270,2327CFB5F62AFBF3,electric_bike,2021-08-19 10:29:44,2021-08-19 10:36:33,Clark St & Henry St,4789,1 Pl & Clinton St,4193,40.69760127,-73.99344559,40.6809591,-73.99905709,member
3047940,282B4DCDB1F929B4,classic_bike,2021-08-04 17:51:27,2021-08-04 17:59:46,Clark St & Henry St,4789,1 Pl & Clinton St,4193,40.69760127,-73.99344559,40.6809591,-73.99905709,member
3048703,47FA07AC0AB0587E,classic_bike,2021-08-20 22:51:01,2021-08-20 23:34:57,Clark St & Henry St,4789,Cedar St & Myrtle Ave,4751,40.69760127,-73.99344559,40.697842,-73.926241,casual
3048704,8F33D9D8D7B6DCFE,classic_bike,2021-08-18 18:46:21,2021-08-18 18:54:46,Clark St & Henry St,4789,State St & Smith St,4565,40.69760127,-73.99344559,40.68926942,-73.98912867,casual
3048705,277FE248B7E45B55,electric_bike,2021-08-25 22:15:18,2021-08-25 22:22:49,Clark St & Henry St,4789,1 Pl & Clinton St,4193,40.69760127,-73.99344559,40.6809591,-73.99905709,casual
3048721,431195630C4CE418,classic_bike,2021-08-16 12:57:45,2021-08-16 13:04:36,Clark St & Henry St,4789,State St & Smith St,4565,40.69760127,-73.99344559,40.68926942,-73.98912867,member
3048724,F79A03C247BB8956,classic_bike,2021-08-12 08:56:54,2021-08-12 09:10:25,Clark St & Henry St,4789,Pioneer St & Richards St,4128,40.69760127,-73.99344559,40.6777748,-74.0094613,member
3050220,D609DE0F529C4061,classic_bike,2021-08-02 12:34:36,2021-08-02 12:41:14,Clark St & Henry St,4789,State St & Smith St,4565,40.69760127,-73.99344559,40.68926942,-73.98912867,member
3050864,14FB61774567F05B,classic_bike,2021-08-12 18:44:32,2021-08-12 18:59:35,Clark St & Henry St,4789,Pioneer St & Richards St,4128,40.69760127,-73.99344559,40.6777748,-74.0094613,member
3052344,499942D943B509C0,electric_bike,2021-08-14 13:35:20,2021-08-14 13:45:01,Clark St & Henry St,4789,State St & Smith St,4565,40.69760127,-73.99344559,40.68926942,-73.98912867,casual
3052360,2CEA58F0CF339210,classic_bike,2021-08-15 11:43:34,2021-08-15 11:59:10,Clark St & Henry St,4789,1 Pl & Clinton St,4193,40.69760127,-73.99344559,40.6809591,-73.99905709,member
3052361,88A6CF56FAFB27F7,classic_bike,2021-08-12 18:49:28,2021-08-12 19:01:33,Clark St & Henry St,4789,Pioneer St & Richards St,4128,40.69760127,-73.99344559,40.6777748,-74.0094613,member
3052540,215680A457BAA30F,classic_bike,2021-08-25 13:23:35,2021-08-25 13:56:27,Clark St & Henry St,4789,State St & Smith St,4565,40.69760127,-73.99344559,40.68926942,-73.98912867,casual
3052541,320FC95B811D5EB0,classic_bike,2021-08-03 17:40:48,2021-08-03 17:50:26,Clark St & Henry St,4789,1 Pl & Clinton St,4193,40.69760127,-73.99344559,40.6809591,-73.99905709,casual
3052684,D8A338D2A04525BD,electric_bike,2021-08-29 22:12:33,2021-08-29 22:46:56,Clark St & Henry St,4789,Underhill Ave & Lincoln Pl,4042,40.69760127,-73.99344559,40.6740123,-73.9671457,casual
3052696,863E53B6895A1347,electric_bike,2021-08-06 16:07:55,2021-08-06 16:14:05,Clark St & Henry St,4789,State St & Smith St,4565,40.69760127,-73.99344559,40.68926942,-73.98912867,member
3052697,7EEBC513038471FA,classic_bike,2021-08-27 18:42:39,2021-08-27 18:50:41,Clark St & Henry St,4789,State St & Smith St,4565,40.69760127,-73.99344559,40.68926942,-73.98912867,member
3052836,428D98BA728F0608,classic_bike,2021-08-08 16:19:16,2021-08-08 16:29:05,Clark St & Henry St,4789,1 Pl & Clinton St,4193,40.69760127,-73.99344559,40.6809591,-73.99905709,member
3053837,C7C99BC42C822338,classic_bike,2021-08-07 11:46:01,2021-08-07 12:00:46,Clark St & Henry St,4789,Union St & Nevins St,4143,40.69760127,-73.99344559,40.67909799721684,-73.98765474557877,member
3053849,59B00EE502D8FF52,classic_bike,2021-08-07 15:16:10,2021-08-07 15:34:45,Clark St & Henry St,4789,Commerce St & Van Brunt St,4243,40.69760127,-73.99344559,40.6812117,-74.00860912,member
3053938,9983C2D674CCAA5B,classic_bike,2021-08-13 15:59:17,2021-08-13 16:11:39,Clark St & Henry St,4789,7 Ave & Park Pl,4125,40.69760127,-73.99344559,40.6776147,-73.97324283,member
3053940,E89CDAC1DDD0F485,classic_bike,2021-08-31 17:50:52,2021-08-31 18:09:05,Clark St & Henry St,4789,Union St & Nevins St,4143,40.69760127,-73.99344559,40.67909799721684,-73.98765474557877,casual
3064812,0020F018F55E416F,classic_bike,2021-08-31 17:50:10,2021-08-31 18:08:42,Clark St & Henry St,4789,Union St & Nevins St,4143,40.69760127,-73.99344559,40.67909799721684,-73.98765474557877,casual
3064821,FFDA8753BF37A78D,classic_bike,2021-08-30 19:32:50,2021-08-30 20:28:36,Clark St & Henry St,4789,Powers St & Olive St,5210,40.69760127,-73.99344559,40.71323,-73.93894,member
3064827,1D8620F9C5D428F3,classic_bike,2021-08-06 20:12:12,2021-08-06 20:23:45,Clark St & Henry St,4789,Commerce St & Van Brunt St,4243,40.69760127,-73.99344559,40.6812117,-74.00860912,casual
3064828,F9C99F5378E616A9,classic_bike,2021-08-08 18:36:02,2021-08-08 18:48:18,Clark St & Henry St,4789,Commerce St & Van Brunt St,4243,40.69760127,-73.99344559,40.6812117,-74.00860912,casual
3064829,DEF66C963FEEF222,electric_bike,2021-08-28 10:26:04,2021-08-28 10:39:47,Clark St & Henry St,4789,7 Ave & Park Pl,4125,40.69760127,-73.99344559,40.6776147,-73.97324283,casual
3067045,B13786E4AA51C41F,classic_bike,2021-08-30 19:33:22,2021-08-30 20:28:34,Clark St & Henry St,4789,Powers St & Olive St,5210,40.69760127,-73.99344559,40.71323,-73.93894,casual
3067986,31ED6E13AD93959F,classic_bike,2021-08-13 20:25:46,2021-08-13 20:35:27,Clark St & Henry St,4789,Union St & Nevins St,4143,40.69760127,-73.99344559,40.67909799721684,-73.98765474557877,member
3067989,637D1FCCA0C7B793,classic_bike,2021-08-27 23:34:23,2021-08-27 23:51:55,Clark St & Henry St,4789,7 Ave & Park Pl,4125,40.69760127,-73.99344559,40.6776147,-73.97324283,member
3068774,C1C0DB62CB6FC4FE,classic_bike,2021-08-17 16:12:34,2021-08-17 16:25:06,Clark St & Henry St,4789,Union St & Nevins St,4143,40.69760127,-73.99344559,40.67909799721684,-73.98765474557877,member
3070581,98785BDBBAB79C93,classic_bike,2021-08-03 13:48:43,2021-08-03 14:00:35,Clark St & Henry St,4789,Union St & Nevins St,4143,40.69760127,-73.99344559,40.67909799721684,-73.98765474557877,member
3071599,01F4D2B9046D1FAB,classic_bike,2021-08-20 12:24:51,2021-08-20 12:36:43,Clark St & Henry St,4789,Union St & Nevins St,4143,40.69760127,-73.99344559,40.67909799721684,-73.98765474557877,member
3072047,6760C1DFEBF17359,electric_bike,2021-08-31 18:41:36,2021-08-31 18:52:51,Clark St & Henry St,4789,7 Ave & Park Pl,4125,40.69760127,-73.99344559,40.6776147,-73.97324283,member
