,ride_id,rideable_type,started_at,ended_at,start_station_name,start_station_id,end_station_name,end_station_id,start_lat,start_lng,end_lat,end_lng,member_casual
1212942,320871431EB861F4,classic_bike,2021-10-06 10:34:09,2021-10-06 10:45:15,Steinway St & 21 Ave,7137,Crescent St & 30 Ave,6958,40.774798,-73.903787,40.768692,-73.9249574,member
1212979,DD0D0013F477EE10,classic_bike,2021-10-17 17:42:49,2021-10-17 17:54:36,Steinway St & 21 Ave,7137,Crescent St & 30 Ave,6958,40.774798,-73.903787,40.768692,-73.9249574,member
1224177,6DAC209CF000CF5C,classic_bike,2021-10-29 15:39:32,2021-10-29 15:44:13,Steinway St & 21 Ave,7137,20 Ave & 33 St,7226,40.774798,-73.903787,40.779399,-73.905708,member
1224204,96CCA30828BA6F71,classic_bike,2021-10-05 18:28:17,2021-10-05 18:31:23,Steinway St & 21 Ave,7137,20 Ave & 33 St,7226,40.774798,-73.903787,40.779399,-73.905708,member
1224408,9DE0BE157A72BF50,classic_bike,2021-10-07 11:48:15,2021-10-07 11:50:51,Steinway St & 21 Ave,7137,20 Ave & 33 St,7226,40.774798,-73.903787,40.779399,-73.905708,member
1224413,A133187DE22F0EB4,classic_bike,2021-10-30 15:07:37,2021-10-30 15:12:07,Steinway St & 21 Ave,7137,20 Ave & 33 St,7226,40.774798,-73.903787,40.779399,-73.905708,member
1224457,B049953D82A4264B,classic_bike,2021-10-06 11:49:54,2021-10-06 11:52:13,Steinway St & 21 Ave,7137,20 Ave & 33 St,7226,40.774798,-73.903787,40.779399,-73.905708,member
1224500,0DE33AC0DF761070,classic_bike,2021-10-22 11:43:18,2021-10-22 11:46:11,Steinway St & 21 Ave,7137,20 Ave & 33 St,7226,40.774798,-73.903787,40.779399,-73.905708,member
1224567,E3012C72A88A2BF3,electric_bike,2021-10-04 18:29:38,2021-10-04 19:24:56,Steinway St & 21 Ave,7137,20 Ave & 33 St,7226,40.774798,-73.903787,40.779399,-73.905708,casual
1235476,0EE27C85086348A1,electric_bike,2021-10-30 19:44:29,2021-10-30 19:51:50,Steinway St & 21 Ave,7137,19 St & 24 Ave,7186,40.774798,-73.903787,40.7774552,-73.9225403,casual
1246038,EB2A699187F7FD17,classic_bike,2021-10-12 14:57:14,2021-10-12 15:06:30,Steinway St & 21 Ave,7137,38 St & 30 Ave,6850,40.774798,-73.903787,40.764174520197685,-73.91583994030952,member
1246061,D89A1747BADD7470,classic_bike,2021-10-01 20:33:39,2021-10-01 20:44:36,Steinway St & 21 Ave,7137,38 St & 30 Ave,6850,40.774798,-73.903787,40.764174520197685,-73.91583994030952,casual
1246323,EDB88DC1ABAE496F,classic_bike,2021-10-20 16:59:12,2021-10-20 17:09:06,Steinway St & 21 Ave,7137,38 St & 30 Ave,6850,40.774798,-73.903787,40.764174520197685,-73.91583994030952,member
1246367,6D38C898F7848A1F,classic_bike,2021-10-27 18:12:50,2021-10-27 18:19:09,Steinway St & 21 Ave,7137,38 St & 30 Ave,6850,40.774798,-73.903787,40.764174520197685,-73.91583994030952,casual
1248863,955B362E2BDD1C68,electric_bike,2021-10-15 16:39:16,2021-10-15 16:49:11,Steinway St & 21 Ave,7137,21 St & Hoyt Ave S,7126,40.774798,-73.903787,40.774645,-73.923706,casual
1249078,E5EE01B0B71841FF,classic_bike,2021-10-21 08:02:28,2021-10-21 08:14:51,Steinway St & 21 Ave,7137,21 St & Hoyt Ave S,7126,40.774798,-73.903787,40.774645,-73.923706,member
1249084,87C2D6DE4D4834A4,electric_bike,2021-10-08 13:55:05,2021-10-08 14:08:26,Steinway St & 21 Ave,7137,21 St & Hoyt Ave S,7126,40.774798,-73.903787,40.774645,-73.923706,casual
1256335,E07AEAEF5953B3D4,classic_bike,2021-10-02 19:32:14,2021-10-02 19:36:38,Steinway St & 21 Ave,7137,21 Ave & Crescent St,7284,40.774798,-73.903787,40.780478,-73.912212,member
1256518,DF8FF0C31EFCC0F3,classic_bike,2021-10-03 15:19:23,2021-10-03 15:24:54,Steinway St & 21 Ave,7137,21 Ave & Crescent St,7284,40.774798,-73.903787,40.780478,-73.912212,member
1256519,C8956380FCF46236,classic_bike,2021-10-17 18:16:26,2021-10-17 18:21:06,Steinway St & 21 Ave,7137,21 Ave & Crescent St,7284,40.774798,-73.903787,40.780478,-73.912212,member
1256528,A71BB371447B846F,classic_bike,2021-10-11 12:30:24,2021-10-11 12:34:45,Steinway St & 21 Ave,7137,21 Ave & Crescent St,7284,40.774798,-73.903787,40.780478,-73.912212,member
1256666,2E55400475A15FA5,classic_bike,2021-10-12 19:36:13,2021-10-12 19:41:01,Steinway St & 21 Ave,7137,21 Ave & Crescent St,7284,40.774798,-73.903787,40.780478,-73.912212,casual
1256671,A3D553D082BE9663,electric_bike,2021-10-21 19:36:38,2021-10-21 19:39:59,Steinway St & 21 Ave,7137,21 Ave & Crescent St,7284,40.774798,-73.903787,40.780478,-73.912212,casual
1256677,D2142AA36875C4FC,classic_bike,2021-10-17 18:16:43,2021-10-17 18:21:12,Steinway St & 21 Ave,7137,21 Ave & Crescent St,7284,40.774798,-73.903787,40.780478,-73.912212,member
1256698,19DF3FEEA088FF52,classic_bike,2021-10-31 16:32:15,2021-10-31 16:36:27,Steinway St & 21 Ave,7137,21 Ave & Crescent St,7284,40.774798,-73.903787,40.780478,-73.912212,member
1256744,346F396D4BE2B7EA,classic_bike,2021-10-03 15:19:40,2021-10-03 15:24:34,Steinway St & 21 Ave,7137,21 Ave & Crescent St,7284,40.774798,-73.903787,40.780478,-73.912212,member
1256801,BF5CB139A238F384,classic_bike,2021-10-11 19:40:16,2021-10-11 19:45:15,Steinway St & 21 Ave,7137,21 Ave & Crescent St,7284,40.774798,-73.903787,40.780478,-73.912212,casual
1256841,9BAF3992C547A735,electric_bike,2021-10-28 16:14:36,2021-10-28 16:18:08,Steinway St & 21 Ave,7137,21 Ave & Crescent St,7284,40.774798,-73.903787,40.780478,-73.912212,member
1279497,5C7BFAFA8D4B5CAE,classic_bike,2021-10-23 11:04:57,2021-10-23 11:14:07,Steinway St & 21 Ave,7137,30 Ave & 41 St,6812,40.774798,-73.903787,40.763422,-73.914142,member
1279503,19DA2D4347C3B54C,electric_bike,2021-10-19 20:22:56,2021-10-19 20:28:55,Steinway St & 21 Ave,7137,30 Ave & 41 St,6812,40.774798,-73.903787,40.763422,-73.914142,member
1280363,BB590A0F35BA71D9,classic_bike,2021-10-26 12:54:26,2021-10-26 13:12:50,Steinway St & 21 Ave,7137,34 Ave & 48 St,6554,40.774798,-73.903787,40.75388,-73.914952,casual
1280420,66207EFED8A51633,classic_bike,2021-10-11 13:42:19,2021-10-11 13:51:50,Steinway St & 21 Ave,7137,30 Ave & 41 St,6812,40.774798,-73.903787,40.763422,-73.914142,member
1280497,C1230687233AB103,electric_bike,2021-10-24 08:33:27,2021-10-24 08:39:40,Steinway St & 21 Ave,7137,30 Ave & 41 St,6812,40.774798,-73.903787,40.763422,-73.914142,casual
1280520,DCD618AC20C88CBD,classic_bike,2021-10-03 07:13:58,2021-10-03 07:20:55,Steinway St & 21 Ave,7137,30 Ave & 41 St,6812,40.774798,-73.903787,40.763422,-73.914142,member
1280523,0CDBC3E1E1F8E041,classic_bike,2021-10-18 13:38:07,2021-10-18 13:45:52,Steinway St & 21 Ave,7137,30 Ave & 41 St,6812,40.774798,-73.903787,40.763422,-73.914142,member
1280541,D1BDABBD585CCABC,classic_bike,2021-10-30 11:11:46,2021-10-30 11:19:10,Steinway St & 21 Ave,7137,30 Ave & 41 St,6812,40.774798,-73.903787,40.763422,-73.914142,member
1280554,6C34340FBC97C947,classic_bike,2021-10-10 08:48:58,2021-10-10 08:55:28,Steinway St & 21 Ave,7137,30 Ave & 41 St,6812,40.774798,-73.903787,40.763422,-73.914142,member
1280568,43476664DB0ABEC6,classic_bike,2021-10-26 12:54:24,2021-10-26 13:12:19,Steinway St & 21 Ave,7137,34 Ave & 48 St,6554,40.774798,-73.903787,40.75388,-73.914952,casual
1302160,904C87FB810E795F,electric_bike,2021-10-05 11:35:59,2021-10-05 12:08:10,Steinway St & 21 Ave,7137,Broadway & W 53 St,6779,40.774798,-73.903787,40.76344058,-73.98268129,casual
1313463,1180503A4AFC258E,classic_bike,2021-10-19 13:19:59,2021-10-19 13:33:25,Steinway St & 21 Ave,7137,21 St & 31 Dr,6865,40.774798,-73.903787,40.7659,-73.930819,member
1339073,423F88C6CDBFA3CA,classic_bike,2021-10-04 13:53:27,2021-10-04 13:59:39,Steinway St & 21 Ave,7137,Crescent St & Ditmars Blvd,7233,40.774798,-73.903787,40.7787185,-73.9145645,member
1347513,6D90D0642C489D58,classic_bike,2021-10-30 17:07:43,2021-10-30 17:13:39,Steinway St & 21 Ave,7137,24 Ave & 29 St,7119,40.774798,-73.903787,40.7729,-73.916142,member
1347683,06DD687846DE511A,classic_bike,2021-10-04 14:20:16,2021-10-04 14:43:23,Steinway St & 21 Ave,7137,24 Ave & 29 St,7119,40.774798,-73.903787,40.7729,-73.916142,member
1347689,A6489F21ACF77B85,classic_bike,2021-10-19 21:44:39,2021-10-19 21:51:12,Steinway St & 21 Ave,7137,25 Ave & 41 St,6943,40.774798,-73.903787,40.767666,-73.910963,member
1347696,37D0D70443CBAFC1,classic_bike,2021-10-25 19:34:46,2021-10-25 19:43:57,Steinway St & 21 Ave,7137,25 Ave & 41 St,6943,40.774798,-73.903787,40.767666,-73.910963,casual
1347698,92F20D349B3E4127,classic_bike,2021-10-25 17:10:42,2021-10-25 17:19:39,Steinway St & 21 Ave,7137,25 Ave & 41 St,6943,40.774798,-73.903787,40.767666,-73.910963,casual
1347717,22FDB53BA849A4DC,classic_bike,2021-10-23 18:00:57,2021-10-23 18:09:25,Steinway St & 21 Ave,7137,25 Ave & 41 St,6943,40.774798,-73.903787,40.767666,-73.910963,casual
1347720,7A788CFE3854B71F,classic_bike,2021-10-12 19:33:25,2021-10-12 19:41:45,Steinway St & 21 Ave,7137,24 Ave & 29 St,7119,40.774798,-73.903787,40.7729,-73.916142,casual
1359111,C350CE5888E0843C,classic_bike,2021-10-30 17:53:45,2021-10-30 18:28:15,Steinway St & 21 Ave,7137,11 St & 43 Ave,6438,40.774798,-73.903787,40.7519071,-73.9479119,casual
1359497,F17887182929BE1C,electric_bike,2021-10-01 22:17:03,2021-10-01 22:21:36,Steinway St & 21 Ave,7137,21 St & 21 Ave,7314,40.774798,-73.903787,40.782465,-73.914527,member
1359509,A5BF649F40E8E152,electric_bike,2021-10-12 14:45:22,2021-10-12 14:50:56,Steinway St & 21 Ave,7137,21 St & 21 Ave,7314,40.774798,-73.903787,40.782465,-73.914527,casual
1359567,BAEF12B37BDCEE05,classic_bike,2021-10-12 14:45:17,2021-10-12 14:51:01,Steinway St & 21 Ave,7137,21 St & 21 Ave,7314,40.774798,-73.903787,40.782465,-73.914527,casual
1359590,42DF5288C9B48471,electric_bike,2021-10-30 17:52:43,2021-10-30 18:28:04,Steinway St & 21 Ave,7137,11 St & 43 Ave,6438,40.774798,-73.903787,40.7519071,-73.9479119,casual
1374928,8B992923FB89B6D7,classic_bike,2021-10-06 18:31:28,2021-10-06 18:36:20,Steinway St & 21 Ave,7137,Steinway St & 23 Ave,7009,40.774798,-73.903787,40.7713937,-73.9077436,member
1374930,1DE516E880804E98,classic_bike,2021-10-16 10:57:33,2021-10-16 11:02:07,Steinway St & 21 Ave,7137,Steinway St & 23 Ave,7009,40.774798,-73.903787,40.7713937,-73.9077436,member
1375104,73AF21C8316EF588,classic_bike,2021-10-16 18:53:52,2021-10-16 18:58:42,Steinway St & 21 Ave,7137,Steinway St & 23 Ave,7009,40.774798,-73.903787,40.7713937,-73.9077436,casual
1375105,5FDB95C1398EB62A,classic_bike,2021-10-15 20:06:00,2021-10-15 20:10:38,Steinway St & 21 Ave,7137,Steinway St & 23 Ave,7009,40.774798,-73.903787,40.7713937,-73.9077436,casual
1375643,E70FD3F2FCC8B1B9,classic_bike,2021-10-14 07:45:10,2021-10-14 07:49:13,Steinway St & 21 Ave,7137,Steinway St & 23 Ave,7009,40.774798,-73.903787,40.7713937,-73.9077436,member
1375707,AF740CD22703EB13,classic_bike,2021-10-22 21:09:26,2021-10-22 21:14:28,Steinway St & 21 Ave,7137,Steinway St & 23 Ave,7009,40.774798,-73.903787,40.7713937,-73.9077436,casual
1375733,B6C656BE3BDD8CE6,classic_bike,2021-10-17 13:16:03,2021-10-17 13:18:57,Steinway St & 21 Ave,7137,Steinway St & 23 Ave,7009,40.774798,-73.903787,40.7713937,-73.9077436,member
1375819,09309E95B7695819,classic_bike,2021-10-03 15:44:37,2021-10-03 15:49:39,Steinway St & 21 Ave,7137,Steinway St & 23 Ave,7009,40.774798,-73.903787,40.7713937,-73.9077436,casual
1375820,6AA820A5691CC1C2,classic_bike,2021-10-03 12:38:18,2021-10-03 12:43:20,Steinway St & 21 Ave,7137,Steinway St & 23 Ave,7009,40.774798,-73.903787,40.7713937,-73.9077436,casual
1375821,4DD4FC48420AA55E,classic_bike,2021-10-02 19:52:49,2021-10-02 19:58:06,Steinway St & 21 Ave,7137,Steinway St & 23 Ave,7009,40.774798,-73.903787,40.7713937,-73.9077436,casual
1398937,8600464999FB44C0,classic_bike,2021-10-23 19:56:21,2021-10-23 20:21:28,Steinway St & 21 Ave,7137,Vernon Blvd & 47 Rd,6212,40.774798,-73.903787,40.7449067,-73.9534573,casual
1405757,DFAAE4083C01F57A,classic_bike,2021-10-30 10:01:20,2021-10-30 10:05:16,Steinway St & 21 Ave,7137,Ditmars Blvd & 43 St,7039,40.774798,-73.903787,40.771203,-73.903865,member
1405770,C8C0D467E5F21624,classic_bike,2021-10-23 10:12:15,2021-10-23 10:16:17,Steinway St & 21 Ave,7137,Ditmars Blvd & 43 St,7039,40.774798,-73.903787,40.771203,-73.903865,member
1405813,D026529E057FCDB7,classic_bike,2021-10-21 16:39:39,2021-10-21 16:43:20,Steinway St & 21 Ave,7137,Ditmars Blvd & 43 St,7039,40.774798,-73.903787,40.771203,-73.903865,member
1406033,1DF9C8D7CFF5AC95,classic_bike,2021-10-17 12:09:46,2021-10-17 12:13:02,Steinway St & 21 Ave,7137,Ditmars Blvd & 43 St,7039,40.774798,-73.903787,40.771203,-73.903865,member
1406187,42849C7BFB358CB4,classic_bike,2021-10-25 17:49:03,2021-10-25 17:52:34,Steinway St & 21 Ave,7137,Ditmars Blvd & 43 St,7039,40.774798,-73.903787,40.771203,-73.903865,member
1406354,4D8B44F066F1B1D8,electric_bike,2021-10-02 10:46:55,2021-10-02 10:50:05,Steinway St & 21 Ave,7137,Ditmars Blvd & 43 St,7039,40.774798,-73.903787,40.771203,-73.903865,member
1406450,EA14431777CDC1CA,classic_bike,2021-10-03 15:25:22,2021-10-03 16:14:51,Steinway St & 21 Ave,7137,31 Ave & 34 St,6819,40.774798,-73.903787,40.763154,-73.920827,casual
1406459,96846E869EEB841A,classic_bike,2021-10-14 11:22:39,2021-10-14 11:25:39,Steinway St & 21 Ave,7137,Ditmars Blvd & 43 St,7039,40.774798,-73.903787,40.771203,-73.903865,member
1449517,5568126A429671E6,classic_bike,2021-10-15 08:56:43,2021-10-15 09:02:50,Steinway St & 21 Ave,7137,Steinway St & 28 Ave,6915,40.774798,-73.903787,40.7656251,-73.9136695,member
1449666,FBEF127FB77AFC36,classic_bike,2021-10-07 14:38:31,2021-10-07 14:50:42,Steinway St & 21 Ave,7137,Steinway St & 28 Ave,6915,40.774798,-73.903787,40.7656251,-73.9136695,member
1449762,7AE387CFCFF446D7,classic_bike,2021-10-06 18:39:26,2021-10-06 18:45:35,Steinway St & 21 Ave,7137,Steinway St & 28 Ave,6915,40.774798,-73.903787,40.7656251,-73.9136695,casual
1449784,A96F1B0D68ADA40A,classic_bike,2021-10-29 12:12:13,2021-10-29 12:22:28,Steinway St & 21 Ave,7137,Steinway St & 28 Ave,6915,40.774798,-73.903787,40.7656251,-73.9136695,member
1449799,EF5CC48336A1266F,classic_bike,2021-10-06 16:22:57,2021-10-06 16:31:17,Steinway St & 21 Ave,7137,Steinway St & 28 Ave,6915,40.774798,-73.903787,40.7656251,-73.9136695,member
1473236,B95B493216514BFA,electric_bike,2021-10-30 11:22:11,2021-10-30 11:36:06,Steinway St & 21 Ave,7137,43 St & 37 Ave,6401,40.774798,-73.903787,40.750181,-73.919998,member
1473699,6B2A8D374D9E745C,electric_bike,2021-10-12 20:17:04,2021-10-12 20:55:52,Steinway St & 21 Ave,7137,Metropolitan Ave & Bedford Ave,5308,40.774798,-73.903787,40.71534825,-73.96024116,member
1555746,C782A6470ADD29FD,classic_bike,2021-10-19 12:02:11,2021-10-19 12:04:23,Steinway St & 21 Ave,7137,Steinway St & Ditmars Blvd,7074,40.774798,-73.903787,40.772717,-73.906127,member
1555780,353757D87D561101,classic_bike,2021-10-12 15:58:07,2021-10-12 15:59:50,Steinway St & 21 Ave,7137,Steinway St & Ditmars Blvd,7074,40.774798,-73.903787,40.772717,-73.906127,member
1555781,7AB87E2491460162,classic_bike,2021-10-12 15:52:33,2021-10-12 15:54:00,Steinway St & 21 Ave,7137,Steinway St & Ditmars Blvd,7074,40.774798,-73.903787,40.772717,-73.906127,member
1555782,D20E3EFD2D364A8B,classic_bike,2021-10-12 16:03:59,2021-10-12 16:06:09,Steinway St & 21 Ave,7137,Steinway St & Ditmars Blvd,7074,40.774798,-73.903787,40.772717,-73.906127,member
1555850,C869EF3D0E258253,electric_bike,2021-10-15 19:55:49,2021-10-15 20:06:50,Steinway St & 21 Ave,7137,Steinway St & Ditmars Blvd,7074,40.774798,-73.903787,40.772717,-73.906127,member
1555960,0D0F1AEDD93A0E0F,classic_bike,2021-10-04 14:39:19,2021-10-04 14:40:36,Steinway St & 21 Ave,7137,Steinway St & Ditmars Blvd,7074,40.774798,-73.903787,40.772717,-73.906127,member
1556000,48D18B386AA05558,classic_bike,2021-10-29 19:18:51,2021-10-29 19:20:29,Steinway St & 21 Ave,7137,Steinway St & Ditmars Blvd,7074,40.774798,-73.903787,40.772717,-73.906127,member
1556145,46FC953ED33506BD,classic_bike,2021-10-31 17:38:40,2021-10-31 17:40:57,Steinway St & 21 Ave,7137,Steinway St & Ditmars Blvd,7074,40.774798,-73.903787,40.772717,-73.906127,member
1573286,68C8E38BAFB54590,classic_bike,2021-10-27 15:23:03,2021-10-27 15:27:53,Steinway St & 21 Ave,7137,31 St & Ditmars Blvd,7144,40.774798,-73.903787,40.776168,-73.910485,member
1573290,A62981A9750836FA,electric_bike,2021-10-11 08:00:50,2021-10-11 08:04:32,Steinway St & 21 Ave,7137,31 St & Ditmars Blvd,7144,40.774798,-73.903787,40.776168,-73.910485,casual
1573298,4177710032A8F409,classic_bike,2021-10-21 07:45:01,2021-10-21 07:49:01,Steinway St & 21 Ave,7137,31 St & Ditmars Blvd,7144,40.774798,-73.903787,40.776168,-73.910485,member
1573300,7599196D248C6F49,electric_bike,2021-10-31 08:53:32,2021-10-31 08:56:13,Steinway St & 21 Ave,7137,31 St & Ditmars Blvd,7144,40.774798,-73.903787,40.776168,-73.910485,member
1573304,5E00E32E8AA3CD52,classic_bike,2021-10-23 11:44:45,2021-10-23 11:49:45,Steinway St & 21 Ave,7137,31 St & Ditmars Blvd,7144,40.774798,-73.903787,40.776168,-73.910485,member
1573305,4FB228265E5AAEC1,classic_bike,2021-10-21 07:58:14,2021-10-21 08:01:49,Steinway St & 21 Ave,7137,31 St & Ditmars Blvd,7144,40.774798,-73.903787,40.776168,-73.910485,member
1573306,D569E4387E80267E,classic_bike,2021-10-20 07:53:01,2021-10-20 07:57:27,Steinway St & 21 Ave,7137,31 St & Ditmars Blvd,7144,40.774798,-73.903787,40.776168,-73.910485,member
1573310,2E63EF455AE14E11,classic_bike,2021-10-27 10:27:05,2021-10-27 10:30:55,Steinway St & 21 Ave,7137,31 St & Ditmars Blvd,7144,40.774798,-73.903787,40.776168,-73.910485,casual
1573311,723ECC5D4FA7A474,classic_bike,2021-10-17 14:12:25,2021-10-17 14:40:29,Steinway St & 21 Ave,7137,Vernon Blvd & 31 Ave,7003,40.774798,-73.903787,40.7692475,-73.9354504,casual
1573316,B88F3881E8C6008E,classic_bike,2021-10-24 22:33:24,2021-10-24 22:39:18,Steinway St & 21 Ave,7137,31 St & Ditmars Blvd,7144,40.774798,-73.903787,40.776168,-73.910485,member
1573355,04CAACCE65F51010,electric_bike,2021-10-14 08:32:05,2021-10-14 08:35:05,Steinway St & 21 Ave,7137,31 St & Ditmars Blvd,7144,40.774798,-73.903787,40.776168,-73.910485,member
1573361,580357C55CBE4103,classic_bike,2021-10-16 16:51:35,2021-10-16 16:54:29,Steinway St & 21 Ave,7137,31 St & Ditmars Blvd,7144,40.774798,-73.903787,40.776168,-73.910485,member
1573370,8B871E18E1BDD3B9,classic_bike,2021-10-28 11:13:09,2021-10-28 11:17:54,Steinway St & 21 Ave,7137,31 St & Ditmars Blvd,7144,40.774798,-73.903787,40.776168,-73.910485,member
1573385,443ABFED8D0C425B,classic_bike,2021-10-09 08:42:42,2021-10-09 08:46:11,Steinway St & 21 Ave,7137,31 St & Ditmars Blvd,7144,40.774798,-73.903787,40.776168,-73.910485,member
1573387,B50E46D9BEB52D46,classic_bike,2021-10-27 08:00:18,2021-10-27 08:03:52,Steinway St & 21 Ave,7137,31 St & Ditmars Blvd,7144,40.774798,-73.903787,40.776168,-73.910485,member
1573395,DE63EBEE84B38A1D,electric_bike,2021-10-05 10:47:28,2021-10-05 10:51:43,Steinway St & 21 Ave,7137,31 St & Ditmars Blvd,7144,40.774798,-73.903787,40.776168,-73.910485,casual
1573430,E18779BD7806EA77,classic_bike,2021-10-21 15:16:50,2021-10-21 15:21:05,Steinway St & 21 Ave,7137,31 St & Ditmars Blvd,7144,40.774798,-73.903787,40.776168,-73.910485,member
1573432,02112C4BA6750214,classic_bike,2021-10-01 08:15:17,2021-10-01 08:19:01,Steinway St & 21 Ave,7137,31 St & Ditmars Blvd,7144,40.774798,-73.903787,40.776168,-73.910485,member
1573433,508E6E149537E073,classic_bike,2021-10-08 08:01:27,2021-10-08 08:05:22,Steinway St & 21 Ave,7137,31 St & Ditmars Blvd,7144,40.774798,-73.903787,40.776168,-73.910485,member
1573434,4BFDFA108EBF4FAC,classic_bike,2021-10-13 07:46:43,2021-10-13 07:50:05,Steinway St & 21 Ave,7137,31 St & Ditmars Blvd,7144,40.774798,-73.903787,40.776168,-73.910485,member
1573435,5C186D1D03D95E84,classic_bike,2021-10-04 08:08:54,2021-10-04 08:13:00,Steinway St & 21 Ave,7137,31 St & Ditmars Blvd,7144,40.774798,-73.903787,40.776168,-73.910485,member
1573437,231374B00A3C2F34,classic_bike,2021-10-18 10:28:42,2021-10-18 10:36:37,Steinway St & 21 Ave,7137,31 St & Ditmars Blvd,7144,40.774798,-73.903787,40.776168,-73.910485,member
1573439,59249C937D3D2325,classic_bike,2021-10-25 11:26:44,2021-10-25 11:31:54,Steinway St & 21 Ave,7137,31 St & Ditmars Blvd,7144,40.774798,-73.903787,40.776168,-73.910485,casual
1573506,0528A99B002471B6,classic_bike,2021-10-07 07:55:19,2021-10-07 07:58:55,Steinway St & 21 Ave,7137,31 St & Ditmars Blvd,7144,40.774798,-73.903787,40.776168,-73.910485,member
1573507,D8C140898D111063,classic_bike,2021-10-19 18:01:29,2021-10-19 18:06:10,Steinway St & 21 Ave,7137,31 St & Ditmars Blvd,7144,40.774798,-73.903787,40.776168,-73.910485,member
1573508,652E0B6620A71366,classic_bike,2021-10-01 16:23:23,2021-10-01 16:27:54,Steinway St & 21 Ave,7137,31 St & Ditmars Blvd,7144,40.774798,-73.903787,40.776168,-73.910485,member
1573509,4B50FDD9CE9F8805,classic_bike,2021-10-29 16:47:45,2021-10-29 16:52:11,Steinway St & 21 Ave,7137,31 St & Ditmars Blvd,7144,40.774798,-73.903787,40.776168,-73.910485,member
1573530,4BB06FD87DF0DE1E,classic_bike,2021-10-30 12:50:03,2021-10-30 12:53:42,Steinway St & 21 Ave,7137,31 St & Ditmars Blvd,7144,40.774798,-73.903787,40.776168,-73.910485,member
1573539,1E89A97A7FA0D525,classic_bike,2021-10-07 08:00:38,2021-10-07 08:05:32,Steinway St & 21 Ave,7137,31 St & Ditmars Blvd,7144,40.774798,-73.903787,40.776168,-73.910485,member
1573540,7BF8D00BFF5A5780,classic_bike,2021-10-06 07:39:52,2021-10-06 07:43:34,Steinway St & 21 Ave,7137,31 St & Ditmars Blvd,7144,40.774798,-73.903787,40.776168,-73.910485,member
1573541,4DB1368D511D88E8,classic_bike,2021-10-13 23:30:22,2021-10-13 23:34:08,Steinway St & 21 Ave,7137,31 St & Ditmars Blvd,7144,40.774798,-73.903787,40.776168,-73.910485,member
1573545,0C0EB420EE508A54,classic_bike,2021-10-24 13:18:08,2021-10-24 13:22:49,Steinway St & 21 Ave,7137,31 St & Ditmars Blvd,7144,40.774798,-73.903787,40.776168,-73.910485,member
1573546,B323BCEFE24398C6,classic_bike,2021-10-19 10:23:36,2021-10-19 10:26:39,Steinway St & 21 Ave,7137,31 St & Ditmars Blvd,7144,40.774798,-73.903787,40.776168,-73.910485,member
1573548,C3529137FC0196E5,electric_bike,2021-10-31 11:06:00,2021-10-31 11:09:13,Steinway St & 21 Ave,7137,31 St & Ditmars Blvd,7144,40.774798,-73.903787,40.776168,-73.910485,casual
1573557,232EF3EB8B522FC3,classic_bike,2021-10-04 14:47:28,2021-10-04 14:51:47,Steinway St & 21 Ave,7137,31 St & Ditmars Blvd,7144,40.774798,-73.903787,40.776168,-73.910485,member
1573582,396A19CBEB349BC9,classic_bike,2021-10-12 07:52:57,2021-10-12 07:57:10,Steinway St & 21 Ave,7137,31 St & Ditmars Blvd,7144,40.774798,-73.903787,40.776168,-73.910485,member
1573583,6A076C81D3C7DC14,classic_bike,2021-10-05 07:33:36,2021-10-05 07:37:27,Steinway St & 21 Ave,7137,31 St & Ditmars Blvd,7144,40.774798,-73.903787,40.776168,-73.910485,member
1573586,5FED785238036BE4,electric_bike,2021-10-23 10:18:06,2021-10-23 10:20:50,Steinway St & 21 Ave,7137,31 St & Ditmars Blvd,7144,40.774798,-73.903787,40.776168,-73.910485,member
1573589,C7F64FB19B172D79,classic_bike,2021-10-06 18:16:36,2021-10-06 18:20:51,Steinway St & 21 Ave,7137,31 St & Ditmars Blvd,7144,40.774798,-73.903787,40.776168,-73.910485,member
1573597,CE04AFD79A8136F2,classic_bike,2021-10-07 15:28:49,2021-10-07 15:34:19,Steinway St & 21 Ave,7137,31 St & Ditmars Blvd,7144,40.774798,-73.903787,40.776168,-73.910485,member
1573604,F9842246148267F7,classic_bike,2021-10-02 15:18:56,2021-10-02 15:37:29,Steinway St & 21 Ave,7137,Vernon Blvd & 31 Ave,7003,40.774798,-73.903787,40.7692475,-73.9354504,member
1573611,D0A56A9DED223517,classic_bike,2021-10-31 18:32:32,2021-10-31 18:36:19,Steinway St & 21 Ave,7137,31 St & Ditmars Blvd,7144,40.774798,-73.903787,40.776168,-73.910485,member
1573612,EBCDB60EBBFDBCE0,classic_bike,2021-10-05 19:00:24,2021-10-05 19:04:19,Steinway St & 21 Ave,7137,31 St & Ditmars Blvd,7144,40.774798,-73.903787,40.776168,-73.910485,member
1573618,46B3943D5D9D3E03,classic_bike,2021-10-25 11:44:37,2021-10-25 19:56:21,Steinway St & 21 Ave,7137,31 St & Ditmars Blvd,7144,40.774798,-73.903787,40.776168,-73.910485,member
1573713,3B67D055A5BE4BCE,classic_bike,2021-10-07 14:08:09,2021-10-07 14:13:27,Steinway St & 21 Ave,7137,31 St & Ditmars Blvd,7144,40.774798,-73.903787,40.776168,-73.910485,casual
1573714,C441D5753911C1C7,classic_bike,2021-10-17 14:12:16,2021-10-17 14:40:38,Steinway St & 21 Ave,7137,Vernon Blvd & 31 Ave,7003,40.774798,-73.903787,40.7692475,-73.9354504,casual
1573717,FAF175D3A41896ED,classic_bike,2021-10-22 19:45:44,2021-10-22 19:49:28,Steinway St & 21 Ave,7137,31 St & Ditmars Blvd,7144,40.774798,-73.903787,40.776168,-73.910485,member
1573724,311EEB568D61E3CC,classic_bike,2021-10-13 08:17:19,2021-10-13 08:20:37,Steinway St & 21 Ave,7137,31 St & Ditmars Blvd,7144,40.774798,-73.903787,40.776168,-73.910485,member
1573729,BA50A584C84506DA,classic_bike,2021-10-06 08:56:57,2021-10-06 09:08:40,Steinway St & 21 Ave,7137,31 St & Ditmars Blvd,7144,40.774798,-73.903787,40.776168,-73.910485,casual
1573731,E5AE2694DBAB2092,electric_bike,2021-10-14 06:57:45,2021-10-14 07:10:18,Steinway St & 21 Ave,7137,31 St & Northern Blvd,6495,40.774798,-73.903787,40.75186951421875,-73.93349289894103,casual
1573732,BF1393B9B05B91A3,classic_bike,2021-10-14 11:03:17,2021-10-14 11:07:32,Steinway St & 21 Ave,7137,31 St & Ditmars Blvd,7144,40.774798,-73.903787,40.776168,-73.910485,casual
1573746,A255D92AA3C7B202,classic_bike,2021-10-22 09:55:28,2021-10-22 09:59:37,Steinway St & 21 Ave,7137,31 St & Ditmars Blvd,7144,40.774798,-73.903787,40.776168,-73.910485,casual
1573747,DA580AFB1A54B8A8,classic_bike,2021-10-21 07:35:32,2021-10-21 07:38:55,Steinway St & 21 Ave,7137,31 St & Ditmars Blvd,7144,40.774798,-73.903787,40.776168,-73.910485,casual
1573751,F10708B5AE56B78E,classic_bike,2021-10-29 16:50:09,2021-10-29 16:55:06,Steinway St & 21 Ave,7137,31 St & Ditmars Blvd,7144,40.774798,-73.903787,40.776168,-73.910485,casual
1573757,03D8FB86FEAE3E23,electric_bike,2021-10-02 08:50:32,2021-10-02 08:53:34,Steinway St & 21 Ave,7137,31 St & Ditmars Blvd,7144,40.774798,-73.903787,40.776168,-73.910485,member
1573790,8F262D52CEE6B737,classic_bike,2021-10-23 11:28:43,2021-10-23 11:32:25,Steinway St & 21 Ave,7137,31 St & Ditmars Blvd,7144,40.774798,-73.903787,40.776168,-73.910485,casual
1573797,2F98D6B36FF600AA,electric_bike,2021-10-24 08:48:28,2021-10-24 08:51:19,Steinway St & 21 Ave,7137,31 St & Ditmars Blvd,7144,40.774798,-73.903787,40.776168,-73.910485,member
1574777,D1783C0185109607,classic_bike,2021-10-19 13:34:51,2021-10-19 13:41:47,Steinway St & 21 Ave,7137,31 St & Ditmars Blvd,7144,40.774798,-73.903787,40.776168,-73.910485,casual
1574779,FE594935147B6B69,electric_bike,2021-10-16 12:40:18,2021-10-16 12:45:07,Steinway St & 21 Ave,7137,31 St & Ditmars Blvd,7144,40.774798,-73.903787,40.776168,-73.910485,casual
1574789,F6DFAD378E53308D,classic_bike,2021-10-25 14:40:59,2021-10-25 14:44:48,Steinway St & 21 Ave,7137,31 St & Ditmars Blvd,7144,40.774798,-73.903787,40.776168,-73.910485,casual
1574791,F1EC6DAD3002EB9D,classic_bike,2021-10-27 12:26:32,2021-10-27 12:30:25,Steinway St & 21 Ave,7137,31 St & Ditmars Blvd,7144,40.774798,-73.903787,40.776168,-73.910485,casual
1574795,B80C246F8999AC85,classic_bike,2021-10-28 09:37:35,2021-10-28 09:41:26,Steinway St & 21 Ave,7137,31 St & Ditmars Blvd,7144,40.774798,-73.903787,40.776168,-73.910485,casual
1574804,4C93E98D03CFE78F,classic_bike,2021-10-08 13:42:43,2021-10-08 14:00:58,Steinway St & 21 Ave,7137,Vernon Blvd & 31 Ave,7003,40.774798,-73.903787,40.7692475,-73.9354504,member
1574810,19132D2C09F3F6D4,classic_bike,2021-10-12 07:56:11,2021-10-12 07:59:45,Steinway St & 21 Ave,7137,31 St & Ditmars Blvd,7144,40.774798,-73.903787,40.776168,-73.910485,member
1574811,3148FEF762A41B37,electric_bike,2021-10-09 16:50:47,2021-10-09 16:53:50,Steinway St & 21 Ave,7137,31 St & Ditmars Blvd,7144,40.774798,-73.903787,40.776168,-73.910485,member
1574832,D784992F9F8D42F7,classic_bike,2021-10-11 21:49:08,2021-10-11 21:53:09,Steinway St & 21 Ave,7137,31 St & Ditmars Blvd,7144,40.774798,-73.903787,40.776168,-73.910485,member
1574893,D4152960776F43F8,classic_bike,2021-10-08 13:42:22,2021-10-08 14:01:08,Steinway St & 21 Ave,7137,Vernon Blvd & 31 Ave,7003,40.774798,-73.903787,40.7692475,-73.9354504,member
1574900,2099229C2AC24BD4,classic_bike,2021-10-16 09:52:52,2021-10-16 09:56:29,Steinway St & 21 Ave,7137,31 St & Ditmars Blvd,7144,40.774798,-73.903787,40.776168,-73.910485,casual
1574907,1CC6338E7C42D175,docked_bike,2021-10-15 20:45:50,2021-10-15 20:50:21,Steinway St & 21 Ave,7137,31 St & Ditmars Blvd,7144,40.774798,-73.903787,40.776168,-73.910485,casual
1574909,858229064144F8F3,classic_bike,2021-10-30 17:54:04,2021-10-30 17:58:38,Steinway St & 21 Ave,7137,31 St & Ditmars Blvd,7144,40.774798,-73.903787,40.776168,-73.910485,casual
1574911,55275CBF9A09F06B,classic_bike,2021-10-08 11:03:14,2021-10-08 11:06:50,Steinway St & 21 Ave,7137,31 St & Ditmars Blvd,7144,40.774798,-73.903787,40.776168,-73.910485,casual
1593556,97D6632ED2B4C77C,classic_bike,2021-10-24 19:33:16,2021-10-24 19:43:06,Steinway St & 21 Ave,7137,Shore Blvd & Astoria Park,7271,40.774798,-73.903787,40.77977,-73.923162,member
1593570,50507203AC90CF7F,classic_bike,2021-10-11 16:31:13,2021-10-11 16:45:50,Steinway St & 21 Ave,7137,Shore Blvd & Astoria Park,7271,40.774798,-73.903787,40.77977,-73.923162,casual
1593602,8784F4A2F068F5DC,classic_bike,2021-10-31 12:28:59,2021-10-31 12:39:50,Steinway St & 21 Ave,7137,Shore Blvd & Astoria Park,7271,40.774798,-73.903787,40.77977,-73.923162,casual
1593681,295CC298B70ACE0F,classic_bike,2021-10-04 13:20:47,2021-10-04 13:31:46,Steinway St & 21 Ave,7137,Shore Blvd & Astoria Park,7271,40.774798,-73.903787,40.77977,-73.923162,casual
1593691,845A12D3B9C5CC92,electric_bike,2021-10-06 07:55:18,2021-10-06 08:12:02,Steinway St & 21 Ave,7137,28 St & 41 Ave,6462,40.774798,-73.903787,40.751047,-73.93797,member
1593695,ECC69BB83194AD96,classic_bike,2021-10-24 19:33:16,2021-10-24 19:42:47,Steinway St & 21 Ave,7137,Shore Blvd & Astoria Park,7271,40.774798,-73.903787,40.77977,-73.923162,member
1612206,1E291AB4EB31F9BF,classic_bike,2021-10-31 14:27:15,2021-10-31 14:40:46,Steinway St & 21 Ave,7137,34 Ave & 38 St,6638,40.774798,-73.903787,40.756913,-73.921631,member
1612273,CEAD96CDDEF4855B,classic_bike,2021-10-01 17:59:31,2021-10-01 18:12:16,Steinway St & 21 Ave,7137,34 Ave & 38 St,6638,40.774798,-73.903787,40.756913,-73.921631,member
1646887,806DBB18D744F1DE,electric_bike,2021-10-25 05:36:20,2021-10-25 05:37:53,Steinway St & 21 Ave,7137,20 Ave & 38 St,7196,40.774798,-73.903787,40.777112,-73.902382,member
1646902,B726F39F93681087,classic_bike,2021-10-20 17:59:05,2021-10-20 18:06:35,Steinway St & 21 Ave,7137,21 Ave & 80 St,7060,40.774798,-73.903787,40.770888,-73.889914,member
1646952,95BDCE9861D0D7E2,classic_bike,2021-10-13 18:26:43,2021-10-13 18:42:43,Steinway St & 21 Ave,7137,20 Ave & 38 St,7196,40.774798,-73.903787,40.777112,-73.902382,member
1646955,14762312272052C0,classic_bike,2021-10-21 08:45:45,2021-10-21 08:47:57,Steinway St & 21 Ave,7137,Steinway St & 19 Ave,7220,40.774798,-73.903787,40.778089,-73.899558,member
1647057,D787122A9C366829,electric_bike,2021-10-20 22:36:37,2021-10-20 22:40:22,Steinway St & 21 Ave,7137,21 Ave & 80 St,7060,40.774798,-73.903787,40.770888,-73.889914,member
1647106,8DD14562AF748920,classic_bike,2021-10-14 21:46:32,2021-10-14 21:56:41,Steinway St & 21 Ave,7137,21 Ave & 80 St,7060,40.774798,-73.903787,40.770888,-73.889914,member
1647200,7B8C77A2FCD46057,classic_bike,2021-10-02 15:23:49,2021-10-02 15:32:30,Steinway St & 21 Ave,7137,21 Ave & 80 St,7060,40.774798,-73.903787,40.770888,-73.889914,member
1647206,284EAB30CA984A95,classic_bike,2021-10-21 13:56:00,2021-10-21 13:57:23,Steinway St & 21 Ave,7137,20 Ave & 38 St,7196,40.774798,-73.903787,40.777112,-73.902382,member
1647257,16F12BE9995FAF4E,classic_bike,2021-10-21 14:31:14,2021-10-21 14:42:41,Steinway St & 21 Ave,7137,21 Ave & 80 St,7060,40.774798,-73.903787,40.770888,-73.889914,member
1647298,531301C2D995ADDA,classic_bike,2021-10-28 13:50:07,2021-10-28 13:51:53,Steinway St & 21 Ave,7137,20 Ave & 38 St,7196,40.774798,-73.903787,40.777112,-73.902382,member
1647299,D54FAED178DC8C12,classic_bike,2021-10-28 14:04:26,2021-10-28 14:06:00,Steinway St & 21 Ave,7137,20 Ave & 38 St,7196,40.774798,-73.903787,40.777112,-73.902382,member
1647314,0DAE0F35B34B9C28,classic_bike,2021-10-14 09:39:28,2021-10-14 09:41:10,Steinway St & 21 Ave,7137,Steinway St & 19 Ave,7220,40.774798,-73.903787,40.778089,-73.899558,member
1647369,0EACEE9833ECEB18,classic_bike,2021-10-01 14:07:29,2021-10-01 14:10:32,Steinway St & 21 Ave,7137,20 Ave & 38 St,7196,40.774798,-73.903787,40.777112,-73.902382,member
1647373,7A97B6C0B01A49BF,classic_bike,2021-10-15 12:24:11,2021-10-15 12:26:00,Steinway St & 21 Ave,7137,20 Ave & 38 St,7196,40.774798,-73.903787,40.777112,-73.902382,member
1647397,CB86B15E7830A395,electric_bike,2021-10-02 12:46:40,2021-10-02 12:53:41,Steinway St & 21 Ave,7137,21 Ave & 80 St,7060,40.774798,-73.903787,40.770888,-73.889914,member
1648494,9248147736654E7A,classic_bike,2021-10-04 14:27:55,2021-10-04 14:29:48,Steinway St & 21 Ave,7137,20 Ave & 38 St,7196,40.774798,-73.903787,40.777112,-73.902382,member
1682472,3B917B3C9D22FB4B,classic_bike,2021-10-27 17:49:50,2021-10-27 18:01:25,Steinway St & 21 Ave,7137,31 Ave & 30 St,6857,40.774798,-73.903787,40.7647,-73.9240312,member
1776354,F3DEFA250A40CF26,electric_bike,2021-10-22 17:47:23,2021-10-22 17:58:41,Steinway St & 21 Ave,7137,Vernon Blvd & 10 St,6937,40.774798,-73.903787,40.7671863,-73.9373554,member
1776511,CD62FC94A330A673,classic_bike,2021-10-02 14:55:44,2021-10-02 15:31:44,Steinway St & 21 Ave,7137,Vernon Blvd & 10 St,6937,40.774798,-73.903787,40.7671863,-73.9373554,casual
1812267,C05B7F2F8C8B242F,classic_bike,2021-10-02 14:29:21,2021-10-02 14:43:41,Steinway St & 21 Ave,7137,8 St & Astoria Blvd,7068,40.774798,-73.903787,40.7725996921817,-73.93266275525093,member
1813356,43037A8FA84A4E50,classic_bike,2021-10-07 19:30:56,2021-10-07 19:44:22,Steinway St & 21 Ave,7137,8 St & Astoria Blvd,7068,40.774798,-73.903787,40.7725996921817,-73.93266275525093,member
1905193,23ADCD7489844F84,classic_bike,2021-10-29 18:54:53,2021-10-29 19:07:56,Steinway St & 21 Ave,7137,34 Ave & 31 St,6720,40.774798,-73.903787,40.759604471387945,-73.92714411020279,member
1907529,B23C1F8FE422EF74,classic_bike,2021-10-30 15:06:12,2021-10-30 15:25:44,Steinway St & 21 Ave,7137,34 Ave & 31 St,6720,40.774798,-73.903787,40.759604471387945,-73.92714411020279,member
1948429,FAE030AE37C8A80D,electric_bike,2021-10-23 08:59:23,2021-10-23 09:02:00,Steinway St & 21 Ave,7137,31 St & 21 Ave,7202,40.774798,-73.903787,40.77813,-73.90842,member
1948433,1FBD9E5FDF018396,classic_bike,2021-10-10 18:07:40,2021-10-10 18:10:25,Steinway St & 21 Ave,7137,31 St & 21 Ave,7202,40.774798,-73.903787,40.77813,-73.90842,member
1948444,03FC7E70B935CB02,classic_bike,2021-10-22 09:56:45,2021-10-22 09:59:52,Steinway St & 21 Ave,7137,31 St & 21 Ave,7202,40.774798,-73.903787,40.77813,-73.90842,member
1948467,BA570D6CEE8A315B,classic_bike,2021-10-29 08:58:38,2021-10-29 09:01:37,Steinway St & 21 Ave,7137,31 St & 21 Ave,7202,40.774798,-73.903787,40.77813,-73.90842,member
1948472,D4BFB09AFE24E0FC,classic_bike,2021-10-24 12:53:39,2021-10-24 12:56:36,Steinway St & 21 Ave,7137,31 St & 21 Ave,7202,40.774798,-73.903787,40.77813,-73.90842,member
1948485,49C9EEB1BE993E46,classic_bike,2021-10-20 18:43:22,2021-10-20 18:46:18,Steinway St & 21 Ave,7137,31 St & 21 Ave,7202,40.774798,-73.903787,40.77813,-73.90842,member
1948489,585F1E5E1295C76A,classic_bike,2021-10-06 18:41:36,2021-10-06 18:43:51,Steinway St & 21 Ave,7137,31 St & 21 Ave,7202,40.774798,-73.903787,40.77813,-73.90842,member
1948491,BDCB153AC988CBBA,classic_bike,2021-10-10 10:15:26,2021-10-10 10:18:27,Steinway St & 21 Ave,7137,31 St & 21 Ave,7202,40.774798,-73.903787,40.77813,-73.90842,member
1948525,2B7A623240F33CBA,classic_bike,2021-10-22 20:15:48,2021-10-22 20:19:31,Steinway St & 21 Ave,7137,31 St & 21 Ave,7202,40.774798,-73.903787,40.77813,-73.90842,casual
1948571,2985B8AD300AE4EA,classic_bike,2021-10-07 08:57:57,2021-10-07 09:01:25,Steinway St & 21 Ave,7137,31 St & 21 Ave,7202,40.774798,-73.903787,40.77813,-73.90842,member
1948574,7C3D14EC5A2CCE03,electric_bike,2021-10-25 08:59:26,2021-10-25 09:02:43,Steinway St & 21 Ave,7137,31 St & 21 Ave,7202,40.774798,-73.903787,40.77813,-73.90842,member
1948575,4AD56670EDB07397,electric_bike,2021-10-11 08:57:19,2021-10-11 09:00:03,Steinway St & 21 Ave,7137,31 St & 21 Ave,7202,40.774798,-73.903787,40.77813,-73.90842,member
1948592,B4EF80BD90059236,electric_bike,2021-10-30 08:59:37,2021-10-30 09:03:07,Steinway St & 21 Ave,7137,31 St & 21 Ave,7202,40.774798,-73.903787,40.77813,-73.90842,member
1948599,3A1D118E62E9BAFF,classic_bike,2021-10-06 08:58:26,2021-10-06 09:01:03,Steinway St & 21 Ave,7137,31 St & 21 Ave,7202,40.774798,-73.903787,40.77813,-73.90842,member
1948600,F9D043526E2D70FB,classic_bike,2021-10-01 08:54:21,2021-10-01 08:57:52,Steinway St & 21 Ave,7137,31 St & 21 Ave,7202,40.774798,-73.903787,40.77813,-73.90842,member
1948613,DFB9BC219DD278D8,electric_bike,2021-10-31 10:38:05,2021-10-31 10:39:59,Steinway St & 21 Ave,7137,31 St & 21 Ave,7202,40.774798,-73.903787,40.77813,-73.90842,member
1948684,12B810943CDF3542,classic_bike,2021-10-14 15:03:02,2021-10-14 15:06:00,Steinway St & 21 Ave,7137,31 St & 21 Ave,7202,40.774798,-73.903787,40.77813,-73.90842,member
1948700,86A4CBF355FCCE5C,classic_bike,2021-10-17 10:10:18,2021-10-17 10:13:40,Steinway St & 21 Ave,7137,31 St & 21 Ave,7202,40.774798,-73.903787,40.77813,-73.90842,member
1948701,C3F61AE6CD97DD46,classic_bike,2021-10-24 10:14:01,2021-10-24 10:17:05,Steinway St & 21 Ave,7137,31 St & 21 Ave,7202,40.774798,-73.903787,40.77813,-73.90842,member
1948721,1436652F50E9CA32,classic_bike,2021-10-10 15:39:54,2021-10-10 15:49:33,Steinway St & 21 Ave,7137,31 St & 21 Ave,7202,40.774798,-73.903787,40.77813,-73.90842,casual
1948726,C016D5EDBE80FE81,electric_bike,2021-10-31 09:39:54,2021-10-31 09:42:19,Steinway St & 21 Ave,7137,31 St & 21 Ave,7202,40.774798,-73.903787,40.77813,-73.90842,casual
1948787,A8C736D3A18E190C,classic_bike,2021-10-14 08:58:33,2021-10-14 09:02:11,Steinway St & 21 Ave,7137,31 St & 21 Ave,7202,40.774798,-73.903787,40.77813,-73.90842,member
1948788,FDE591A0A664A2CB,classic_bike,2021-10-13 08:57:25,2021-10-13 09:00:24,Steinway St & 21 Ave,7137,31 St & 21 Ave,7202,40.774798,-73.903787,40.77813,-73.90842,member
1948822,55BE250B82A1314A,classic_bike,2021-10-24 21:19:05,2021-10-24 21:22:07,Steinway St & 21 Ave,7137,31 St & 21 Ave,7202,40.774798,-73.903787,40.77813,-73.90842,casual
1948957,C99A36DC904EA96E,classic_bike,2021-10-03 15:47:42,2021-10-03 15:51:59,Steinway St & 21 Ave,7137,31 St & 21 Ave,7202,40.774798,-73.903787,40.77813,-73.90842,member
1949069,DCE307EFC0888E29,classic_bike,2021-10-31 20:19:51,2021-10-31 20:27:27,Steinway St & 21 Ave,7137,31 St & 21 Ave,7202,40.774798,-73.903787,40.77813,-73.90842,casual
1949085,4D6CF0074FDD3794,classic_bike,2021-10-13 09:34:49,2021-10-13 09:37:07,Steinway St & 21 Ave,7137,31 St & 21 Ave,7202,40.774798,-73.903787,40.77813,-73.90842,member
1949113,81B8E694EAB92AA8,classic_bike,2021-10-23 17:23:24,2021-10-23 17:26:06,Steinway St & 21 Ave,7137,31 St & 21 Ave,7202,40.774798,-73.903787,40.77813,-73.90842,member
1949158,F923E4DFFD7C7B43,classic_bike,2021-10-28 19:29:49,2021-10-28 19:32:39,Steinway St & 21 Ave,7137,31 St & 21 Ave,7202,40.774798,-73.903787,40.77813,-73.90842,casual
1977080,F7CED51767262991,classic_bike,2021-10-25 17:35:50,2021-10-25 17:52:48,Steinway St & 21 Ave,7137,28 St & 36 Ave,6614,40.774798,-73.903787,40.757186,-73.932719,member
2014763,E42D24D9C8424B3A,classic_bike,2021-10-05 18:37:27,2021-10-05 18:52:51,Steinway St & 21 Ave,7137,Astoria Park S & Shore Blvd,7159,40.774798,-73.903787,40.7767,-73.927631,member
2014871,6D8C5F8BA239D41B,classic_bike,2021-10-16 13:12:42,2021-10-16 13:25:59,Steinway St & 21 Ave,7137,Astoria Park S & Shore Blvd,7159,40.774798,-73.903787,40.7767,-73.927631,member
2015479,A6C6169344925BF6,electric_bike,2021-10-02 12:25:03,2021-10-02 12:35:46,Steinway St & 21 Ave,7137,43 St & Broadway,6670,40.774798,-73.903787,40.7577284,-73.9166368,member
2015492,D70C4334E32D14E9,classic_bike,2021-10-10 16:05:48,2021-10-10 16:23:33,Steinway St & 21 Ave,7137,Astoria Park S & Shore Blvd,7159,40.774798,-73.903787,40.7767,-73.927631,member
2015614,CB8E40C7ACE5BEF3,classic_bike,2021-10-19 22:43:37,2021-10-19 22:57:26,Steinway St & 21 Ave,7137,43 St & Broadway,6670,40.774798,-73.903787,40.7577284,-73.9166368,casual
2028047,83501046E8354874,classic_bike,2021-10-07 16:00:26,2021-10-07 16:12:10,Steinway St & 21 Ave,7137,76 St & 21 Ave,7032,40.774798,-73.903787,40.77028,-73.893675,member
2028159,7D1DE2C7FB8CAD2D,electric_bike,2021-10-31 12:47:12,2021-10-31 12:57:27,Steinway St & 21 Ave,7137,76 St & 21 Ave,7032,40.774798,-73.903787,40.77028,-73.893675,casual
2038294,516F8944693BD32B,classic_bike,2021-10-23 14:13:12,2021-10-23 14:36:32,Steinway St & 21 Ave,7137,Queens Plaza North & Crescent St,6429,40.774798,-73.903787,40.75110165,-73.94073717,member
2038299,490D94E0D7DEB5AC,electric_bike,2021-10-05 16:37:20,2021-10-05 16:46:09,Steinway St & 21 Ave,7137,Bulova Ave & Brooklyn Queens Expressway W,6766,40.774798,-73.903787,40.762507,-73.902534,member
2038399,FA5E9F05405EFD8D,classic_bike,2021-10-15 12:17:51,2021-10-15 12:35:48,Steinway St & 21 Ave,7137,31 St & Broadway,6789,40.774798,-73.903787,40.761584,-73.925921,casual
2038428,688D7E032512F61C,classic_bike,2021-10-21 10:01:39,2021-10-21 10:18:35,Steinway St & 21 Ave,7137,31 St & Broadway,6789,40.774798,-73.903787,40.761584,-73.925921,member
2038453,3C36CB3DDC222875,classic_bike,2021-10-07 16:11:36,2021-10-07 16:20:39,Steinway St & 21 Ave,7137,Bulova Ave & Brooklyn Queens Expressway W,6766,40.774798,-73.903787,40.762507,-73.902534,casual
2038460,1F4A190391D75150,classic_bike,2021-10-02 17:55:06,2021-10-02 18:11:12,Steinway St & 21 Ave,7137,31 St & Broadway,6789,40.774798,-73.903787,40.761584,-73.925921,casual
2038603,ADF62B78ABA22C70,electric_bike,2021-10-19 18:34:08,2021-10-19 18:52:44,Steinway St & 21 Ave,7137,31 St & Broadway,6789,40.774798,-73.903787,40.761584,-73.925921,member
2038608,5CAF245CFDE812BC,classic_bike,2021-10-12 18:38:28,2021-10-12 18:54:19,Steinway St & 21 Ave,7137,31 St & Broadway,6789,40.774798,-73.903787,40.761584,-73.925921,casual
2038613,EBB315BA47E33F0C,electric_bike,2021-10-24 09:58:59,2021-10-24 10:22:46,Steinway St & 21 Ave,7137,9 St & 44 Rd,6361,40.774798,-73.903787,40.74966,-73.9521,member
2046345,432970987200317D,classic_bike,2021-10-29 14:33:33,2021-10-29 14:48:36,Steinway St & 21 Ave,7137,Crescent St & Broadway,6827,40.774798,-73.903787,40.7633589,-73.9286471,member
2046392,7183DB5BC3D7CBAC,classic_bike,2021-10-23 17:02:57,2021-10-23 17:17:51,Steinway St & 21 Ave,7137,Crescent St & Broadway,6827,40.774798,-73.903787,40.7633589,-73.9286471,member
2053670,48FCD6D820841210,electric_bike,2021-10-03 22:40:11,2021-10-03 23:02:11,Steinway St & 21 Ave,7137,1 Ave & E 68 St,6822,40.774798,-73.903787,40.76500525,-73.95818491,member
2053688,71A53735A5EC5877,classic_bike,2021-10-06 12:51:55,2021-10-06 13:08:38,Steinway St & 21 Ave,7137,18 St & 27 Ave,7062,40.774798,-73.903787,40.772768286288304,-73.92743647098541,casual
2066849,B48E96AEB5FE1190,classic_bike,2021-10-02 09:52:50,2021-10-02 10:06:02,Steinway St & 21 Ave,7137,35 St & Broadway,6750,40.774798,-73.903787,40.760339,-73.9222427,member
2066850,EB5BD9A365FA2B68,classic_bike,2021-10-30 10:09:48,2021-10-30 10:21:11,Steinway St & 21 Ave,7137,35 St & Broadway,6750,40.774798,-73.903787,40.760339,-73.9222427,member
2066855,945191A559B6A7B0,classic_bike,2021-10-28 07:34:12,2021-10-28 07:48:56,Steinway St & 21 Ave,7137,35 Ave & 37 St,6563,40.774798,-73.903787,40.7557327,-73.9236611,member
2066951,DE89E3DA5D3AF82E,classic_bike,2021-10-01 10:24:13,2021-10-01 10:35:11,Steinway St & 21 Ave,7137,35 St & Broadway,6750,40.774798,-73.903787,40.760339,-73.9222427,member
2066975,445FAE86D6623A69,classic_bike,2021-10-13 10:23:50,2021-10-13 10:35:54,Steinway St & 21 Ave,7137,35 St & Broadway,6750,40.774798,-73.903787,40.760339,-73.9222427,member
2066980,1555E90D2D2AB7FD,classic_bike,2021-10-13 13:21:25,2021-10-13 13:36:39,Steinway St & 21 Ave,7137,35 St & Broadway,6750,40.774798,-73.903787,40.760339,-73.9222427,casual
2067006,2620A1F01984B4B7,classic_bike,2021-10-29 10:16:14,2021-10-29 10:27:04,Steinway St & 21 Ave,7137,35 St & Broadway,6750,40.774798,-73.903787,40.760339,-73.9222427,member
2067007,C2698AEAF67C88CF,classic_bike,2021-10-15 10:17:26,2021-10-15 10:31:40,Steinway St & 21 Ave,7137,35 St & Broadway,6750,40.774798,-73.903787,40.760339,-73.9222427,member
2067008,242BF5E2D1A2A82E,classic_bike,2021-10-14 10:19:42,2021-10-14 10:29:09,Steinway St & 21 Ave,7137,35 St & Broadway,6750,40.774798,-73.903787,40.760339,-73.9222427,member
2067009,B0515E3C0DBF597A,classic_bike,2021-10-22 18:15:19,2021-10-22 18:29:13,Steinway St & 21 Ave,7137,35 St & Broadway,6750,40.774798,-73.903787,40.760339,-73.9222427,member
2067039,E53AF185038A4F6B,electric_bike,2021-10-06 08:27:42,2021-10-06 08:37:16,Steinway St & 21 Ave,7137,35 Ave & 37 St,6563,40.774798,-73.903787,40.7557327,-73.9236611,member
2067094,15E5604371CF5F06,classic_bike,2021-10-16 10:04:20,2021-10-16 10:15:05,Steinway St & 21 Ave,7137,35 St & Broadway,6750,40.774798,-73.903787,40.760339,-73.9222427,member
2067096,D38B3F4BD8AEB935,classic_bike,2021-10-20 10:23:01,2021-10-20 10:34:05,Steinway St & 21 Ave,7137,35 St & Broadway,6750,40.774798,-73.903787,40.760339,-73.9222427,member
2067097,641C68C5DAD05F00,classic_bike,2021-10-07 10:19:11,2021-10-07 10:33:55,Steinway St & 21 Ave,7137,35 St & Broadway,6750,40.774798,-73.903787,40.760339,-73.9222427,member
2067124,083ED6FEDAFCE31D,classic_bike,2021-10-06 10:21:39,2021-10-06 10:33:56,Steinway St & 21 Ave,7137,35 St & Broadway,6750,40.774798,-73.903787,40.760339,-73.9222427,member
2067125,F0492CBED8D47751,classic_bike,2021-10-22 10:17:56,2021-10-22 10:29:16,Steinway St & 21 Ave,7137,35 St & Broadway,6750,40.774798,-73.903787,40.760339,-73.9222427,member
2067126,F233741EA43B3657,docked_bike,2021-10-02 20:57:49,2021-10-02 21:10:50,Steinway St & 21 Ave,7137,35 St & Broadway,6750,40.774798,-73.903787,40.760339,-73.922243,casual
2067151,0FC30587A2216AEA,classic_bike,2021-10-11 20:32:35,2021-10-11 20:44:30,Steinway St & 21 Ave,7137,35 St & Broadway,6750,40.774798,-73.903787,40.760339,-73.9222427,member
2067159,D773C7095D3403E7,classic_bike,2021-10-10 18:38:51,2021-10-10 18:48:29,Steinway St & 21 Ave,7137,35 St & Broadway,6750,40.774798,-73.903787,40.760339,-73.9222427,casual
2075921,FF95AD1D768C579F,electric_bike,2021-10-09 09:08:25,2021-10-09 09:15:20,Steinway St & 21 Ave,7137,31 St & Hoyt Ave N,7018,40.774798,-73.903787,40.7711528,-73.9170074,member
2076180,3D3A63C8B649F81C,classic_bike,2021-10-07 18:46:40,2021-10-07 18:51:46,Steinway St & 21 Ave,7137,35 St & 23 Ave,7047,40.774798,-73.903787,40.77301508291382,-73.91119033098221,casual
2076218,2CA56C34BE2125B8,classic_bike,2021-10-29 11:36:24,2021-10-29 11:39:29,Steinway St & 21 Ave,7137,35 St & 23 Ave,7047,40.774798,-73.903787,40.77301508291382,-73.91119033098221,member
2076244,D532E7F77806AB2B,electric_bike,2021-10-12 21:18:34,2021-10-12 21:22:06,Steinway St & 21 Ave,7137,35 St & 23 Ave,7047,40.774798,-73.903787,40.77301508291382,-73.91119033098221,casual
2110865,0DA4ABB5EE5281BD,classic_bike,2021-10-13 11:28:12,2021-10-13 11:30:11,Steinway St & 21 Ave,7137,20 Ave & 42 St,7163,40.774798,-73.903787,40.775415,-73.900063,member
2111344,321FEC19C3622711,classic_bike,2021-10-27 11:30:14,2021-10-27 11:32:28,Steinway St & 21 Ave,7137,20 Ave & 42 St,7163,40.774798,-73.903787,40.775415,-73.900063,member
2142497,B082B206300E2B6A,electric_bike,2021-10-05 19:12:44,2021-10-05 19:28:51,Steinway St & 21 Ave,7137,34 Ave & 45 St,6596,40.774798,-73.903787,40.754795,-73.917014,casual
2167869,2557492605BAE3D2,classic_bike,2021-10-29 17:46:37,2021-10-29 17:51:49,Steinway St & 21 Ave,7137,37 St & 24 Ave,6981,40.774798,-73.903787,40.7701477,-73.9120938,member
2170713,57099FD354ECB12C,classic_bike,2021-10-30 00:32:48,2021-10-30 00:54:26,Steinway St & 21 Ave,7137,21 St & 38 Ave,6656,40.774798,-73.903787,40.7576314,-73.9391224,casual
2181763,34DEA22704F42248,electric_bike,2021-10-29 05:08:33,2021-10-29 05:24:02,Steinway St & 21 Ave,7137,44 Dr & 21 St,6278,40.774798,-73.903787,40.748,-73.9460927,casual
2218569,96AE1B747C8134AC,classic_bike,2021-10-07 20:11:43,2021-10-07 20:23:24,Steinway St & 21 Ave,7137,31 Ave & Crescent St,6893,40.774798,-73.903787,40.7658346,-73.9265474,member
2218623,5D519C864D65029D,classic_bike,2021-10-02 18:21:27,2021-10-02 18:35:35,Steinway St & 21 Ave,7137,31 Ave & Crescent St,6893,40.774798,-73.903787,40.7658346,-73.9265474,member
2219040,7A1490C33E4F54F2,classic_bike,2021-10-08 16:58:58,2021-10-08 17:10:58,Steinway St & 21 Ave,7137,31 Ave & Crescent St,6893,40.774798,-73.903787,40.7658346,-73.9265474,member
2231618,22E8913540451C5C,electric_bike,2021-10-12 17:39:55,2021-10-12 17:50:36,Steinway St & 21 Ave,7137,31 St & Newtown Ave,6923,40.774798,-73.903787,40.7675487799971,-73.9209334552288,casual
2231705,A3408704B6A95802,electric_bike,2021-10-08 07:01:53,2021-10-08 07:11:06,Steinway St & 21 Ave,7137,31 St & Newtown Ave,6923,40.774798,-73.903787,40.7675487799971,-73.9209334552288,member
2246956,D6EF2F9A1822C2D5,classic_bike,2021-10-13 14:36:31,2021-10-13 14:42:35,Steinway St & 21 Ave,7137,23 Rd & 29 St,7082,40.774798,-73.903787,40.77406014982225,-73.914934694767,member
2246957,6E88709EC1F9EA1C,classic_bike,2021-10-25 14:32:49,2021-10-25 14:39:38,Steinway St & 21 Ave,7137,23 Rd & 29 St,7082,40.774798,-73.903787,40.77406014982225,-73.914934694767,member
2246958,2199E5EABDBC9BB7,classic_bike,2021-10-15 14:37:41,2021-10-15 14:44:24,Steinway St & 21 Ave,7137,23 Rd & 29 St,7082,40.774798,-73.903787,40.77406014982225,-73.914934694767,member
2246959,8A1C182E88266BA5,classic_bike,2021-10-22 14:35:59,2021-10-22 14:40:59,Steinway St & 21 Ave,7137,23 Rd & 29 St,7082,40.774798,-73.903787,40.77406014982225,-73.914934694767,member
2247003,2DEE37D4B6680C00,classic_bike,2021-10-18 14:37:25,2021-10-18 14:43:52,Steinway St & 21 Ave,7137,23 Rd & 29 St,7082,40.774798,-73.903787,40.77406014982225,-73.914934694767,member
2247009,05FF4371E6817EBC,classic_bike,2021-10-07 14:36:57,2021-10-07 14:43:57,Steinway St & 21 Ave,7137,23 Rd & 29 St,7082,40.774798,-73.903787,40.77406014982225,-73.914934694767,member
2247010,EC6271E5724E212B,classic_bike,2021-10-14 14:39:24,2021-10-14 14:44:33,Steinway St & 21 Ave,7137,23 Rd & 29 St,7082,40.774798,-73.903787,40.77406014982225,-73.914934694767,member
2247017,007B875B00B8D85A,classic_bike,2021-10-26 14:36:45,2021-10-26 14:42:13,Steinway St & 21 Ave,7137,23 Rd & 29 St,7082,40.774798,-73.903787,40.77406014982225,-73.914934694767,member
2247018,C2DE18E3DB19BD37,classic_bike,2021-10-29 14:37:15,2021-10-29 14:42:15,Steinway St & 21 Ave,7137,23 Rd & 29 St,7082,40.774798,-73.903787,40.77406014982225,-73.914934694767,member
2247019,F1CE1AB21319319B,classic_bike,2021-10-27 14:37:31,2021-10-27 14:42:29,Steinway St & 21 Ave,7137,23 Rd & 29 St,7082,40.774798,-73.903787,40.77406014982225,-73.914934694767,member
2247055,FAC6709FF26B9354,classic_bike,2021-10-06 14:34:13,2021-10-06 14:41:06,Steinway St & 21 Ave,7137,23 Rd & 29 St,7082,40.774798,-73.903787,40.77406014982225,-73.914934694767,member
2259588,2FA0C835B1918560,electric_bike,2021-10-15 19:41:10,2021-10-15 19:44:23,Steinway St & 21 Ave,7137,Hazen St & 20 Ave,7032,40.774798,-73.903787,40.772092,-73.895166,member
2259652,E21FECB5ADDF32BB,classic_bike,2021-10-22 14:21:16,2021-10-22 14:25:27,Steinway St & 21 Ave,7137,Hazen St & 20 Ave,7032,40.774798,-73.903787,40.772092,-73.895166,casual
2259742,B04BE517C8884B11,classic_bike,2021-10-27 14:22:04,2021-10-27 14:26:56,Steinway St & 21 Ave,7137,Hazen St & 20 Ave,7032,40.774798,-73.903787,40.772092,-73.895166,casual
2259757,162E7C57810E2245,classic_bike,2021-10-28 14:21:54,2021-10-28 14:25:50,Steinway St & 21 Ave,7137,Hazen St & 20 Ave,7032,40.774798,-73.903787,40.772092,-73.895166,casual
2367454,7336300F26EEEF18,classic_bike,2021-10-27 16:30:14,2021-10-27 16:34:36,31 St & 23 Ave,7144,Steinway St & 21 Ave,7137,40.7747878,-73.9125551,40.774798,-73.903787,member
2367461,2925CC1BED048BAD,classic_bike,2021-10-20 18:40:01,2021-10-20 18:45:45,31 St & 23 Ave,7144,Steinway St & 21 Ave,7137,40.7747878,-73.9125551,40.774798,-73.903787,member
2367462,3E74D4B9714E784F,classic_bike,2021-10-26 17:07:24,2021-10-26 17:12:34,31 St & 23 Ave,7144,Steinway St & 21 Ave,7137,40.7747878,-73.9125551,40.774798,-73.903787,member
2367478,BBA18BE86EE4E86B,classic_bike,2021-10-27 13:59:39,2021-10-27 14:04:16,31 St & 23 Ave,7144,Steinway St & 21 Ave,7137,40.7747878,-73.9125551,40.774798,-73.903787,member
2367497,73799F5A7EFF9C24,classic_bike,2021-10-24 09:56:35,2021-10-24 09:58:38,35 St & 21 Ave,7170,Steinway St & 21 Ave,7137,40.776745,-73.906558,40.774798,-73.903787,member
2367558,C0F2E0781D5B72C5,classic_bike,2021-10-10 19:06:42,2021-10-10 19:08:59,Steinway St & Ditmars Blvd,7074,Steinway St & 21 Ave,7137,40.772717,-73.906127,40.774798,-73.903787,member
2367566,44403208DAE2D46B,classic_bike,2021-10-24 18:56:41,2021-10-24 19:32:12,Steinway St & Ditmars Blvd,7074,Steinway St & 21 Ave,7137,40.772717,-73.906127,40.774798,-73.903787,member
2367634,901B1EAB60068723,classic_bike,2021-10-18 14:53:44,2021-10-18 14:55:55,Steinway St & Ditmars Blvd,7074,Steinway St & 21 Ave,7137,40.772717,-73.906127,40.774798,-73.903787,member
2367725,ACB57CDBCC87E6A9,classic_bike,2021-10-12 02:54:03,2021-10-12 02:55:49,Steinway St & Ditmars Blvd,7074,Steinway St & 21 Ave,7137,40.772717,-73.906127,40.774798,-73.903787,member
2367737,B0D34FF494625848,classic_bike,2021-10-24 19:08:47,2021-10-24 19:32:03,Steinway St & Ditmars Blvd,7074,Steinway St & 21 Ave,7137,40.772717,-73.906127,40.774798,-73.903787,member
2368036,2E44B2997801E5A0,classic_bike,2021-10-10 09:51:17,2021-10-10 09:58:23,30 Ave & 41 St,6812,Steinway St & 21 Ave,7137,40.763422,-73.914142,40.774798,-73.903787,member
2368037,4CCB6512F861C0F9,classic_bike,2021-10-20 09:12:37,2021-10-20 09:18:25,30 Ave & 41 St,6812,Steinway St & 21 Ave,7137,40.763422,-73.914142,40.774798,-73.903787,member
2368038,44DDD212BFBCDB37,classic_bike,2021-10-08 09:28:42,2021-10-08 09:36:58,30 Ave & 41 St,6812,Steinway St & 21 Ave,7137,40.763422,-73.914142,40.774798,-73.903787,member
2368039,4BCA21CAFD9ADD03,classic_bike,2021-10-05 09:18:49,2021-10-05 09:27:34,30 Ave & 41 St,6812,Steinway St & 21 Ave,7137,40.763422,-73.914142,40.774798,-73.903787,member
2368070,FF809467D6CE30A0,classic_bike,2021-10-14 08:55:49,2021-10-14 09:03:47,30 Ave & 41 St,6812,Steinway St & 21 Ave,7137,40.763422,-73.914142,40.774798,-73.903787,member
2368076,AF2443EC972BC5DF,electric_bike,2021-10-20 21:41:57,2021-10-20 21:51:37,30 Ave & 41 St,6812,Steinway St & 21 Ave,7137,40.763422,-73.914142,40.774798,-73.903787,member
2368155,1CE3867FFBB7C9FC,classic_bike,2021-10-13 20:13:12,2021-10-13 20:19:14,30 Ave & 41 St,6812,Steinway St & 21 Ave,7137,40.763422,-73.914142,40.774798,-73.903787,member
2368173,E4374EE935C6C47E,classic_bike,2021-10-27 09:34:13,2021-10-27 09:41:11,30 Ave & 41 St,6812,Steinway St & 21 Ave,7137,40.763422,-73.914142,40.774798,-73.903787,member
2368174,9172F70298B949B5,classic_bike,2021-10-18 10:08:27,2021-10-18 10:15:31,30 Ave & 41 St,6812,Steinway St & 21 Ave,7137,40.763422,-73.914142,40.774798,-73.903787,member
2368201,DA29E8BBB0A18AFA,electric_bike,2021-10-19 21:45:48,2021-10-19 21:54:11,30 Ave & 41 St,6812,Steinway St & 21 Ave,7137,40.763422,-73.914142,40.774798,-73.903787,member
2368208,D786D4E5552EF48E,classic_bike,2021-10-18 14:27:59,2021-10-18 14:34:59,30 Ave & 41 St,6812,Steinway St & 21 Ave,7137,40.763422,-73.914142,40.774798,-73.903787,member
2368214,DDC63852C0D8015E,classic_bike,2021-10-06 20:02:00,2021-10-06 20:08:21,30 Ave & 41 St,6812,Steinway St & 21 Ave,7137,40.763422,-73.914142,40.774798,-73.903787,member
2368227,AC05E1FDD141F463,classic_bike,2021-10-06 11:15:23,2021-10-06 11:22:51,30 Ave & 41 St,6812,Steinway St & 21 Ave,7137,40.763422,-73.914142,40.774798,-73.903787,member
2368228,17CB1D4BC181C57C,electric_bike,2021-10-30 11:48:48,2021-10-30 11:54:34,30 Ave & 41 St,6812,Steinway St & 21 Ave,7137,40.763422,-73.914142,40.774798,-73.903787,member
2368229,D5E527C9DCB15F7B,classic_bike,2021-10-04 10:24:47,2021-10-04 10:31:27,30 Ave & 41 St,6812,Steinway St & 21 Ave,7137,40.763422,-73.914142,40.774798,-73.903787,member
2368249,3AE600727FB14F10,classic_bike,2021-10-13 09:18:13,2021-10-13 09:33:46,30 Ave & 41 St,6812,Steinway St & 21 Ave,7137,40.763422,-73.914142,40.774798,-73.903787,member
2368250,F456642DB9E8D953,classic_bike,2021-10-25 10:05:31,2021-10-25 10:12:32,30 Ave & 41 St,6812,Steinway St & 21 Ave,7137,40.763422,-73.914142,40.774798,-73.903787,member
2368281,F9E3CF7BF6BE8499,classic_bike,2021-10-12 09:40:15,2021-10-12 09:47:01,30 Ave & 41 St,6812,Steinway St & 21 Ave,7137,40.763422,-73.914142,40.774798,-73.903787,member
2368312,D479F0907CE7234F,classic_bike,2021-10-25 18:40:42,2021-10-25 18:43:58,20 Ave & 38 St,7196,Steinway St & 21 Ave,7137,40.777112,-73.902382,40.774798,-73.903787,casual
2368332,751540E086EF1CFE,classic_bike,2021-10-08 19:12:10,2021-10-08 19:14:51,20 Ave & 38 St,7196,Steinway St & 21 Ave,7137,40.777112,-73.902382,40.774798,-73.903787,member
2368333,59F52BC681663D05,classic_bike,2021-10-15 14:26:54,2021-10-15 14:29:13,20 Ave & 38 St,7196,Steinway St & 21 Ave,7137,40.777112,-73.902382,40.774798,-73.903787,member
2368336,34551CFB6BE80B3D,classic_bike,2021-10-06 18:37:28,2021-10-06 19:06:48,20 Ave & 38 St,7196,Steinway St & 21 Ave,7137,40.777112,-73.902382,40.774798,-73.903787,member
2368338,114CDF3041222993,classic_bike,2021-10-22 16:27:04,2021-10-22 16:29:27,20 Ave & 38 St,7196,Steinway St & 21 Ave,7137,40.777112,-73.902382,40.774798,-73.903787,member
2368356,F03059441B3F398C,classic_bike,2021-10-28 14:37:03,2021-10-28 14:39:28,20 Ave & 38 St,7196,Steinway St & 21 Ave,7137,40.777112,-73.902382,40.774798,-73.903787,member
2368357,61F775CF72E6BA3F,classic_bike,2021-10-28 13:55:04,2021-10-28 13:57:07,20 Ave & 38 St,7196,Steinway St & 21 Ave,7137,40.777112,-73.902382,40.774798,-73.903787,member
2368393,5808DF0A3321F61C,classic_bike,2021-10-01 19:40:12,2021-10-01 19:42:48,20 Ave & 38 St,7196,Steinway St & 21 Ave,7137,40.777112,-73.902382,40.774798,-73.903787,member
2368399,1A262F13FED082CD,classic_bike,2021-10-13 21:14:52,2021-10-13 21:17:26,20 Ave & 38 St,7196,Steinway St & 21 Ave,7137,40.777112,-73.902382,40.774798,-73.903787,member
2368415,2407661A234D5461,electric_bike,2021-10-08 00:09:26,2021-10-08 00:31:32,Steinway St & 19 Ave,7220,Steinway St & 21 Ave,7137,40.778089,-73.899558,40.774798,-73.903787,casual
2368454,224F4ED63C8AD074,classic_bike,2021-10-19 16:25:40,2021-10-19 16:28:02,20 Ave & 38 St,7196,Steinway St & 21 Ave,7137,40.777112,-73.902382,40.774798,-73.903787,member
2368455,245F5816E0304607,classic_bike,2021-10-29 20:28:33,2021-10-29 20:31:03,20 Ave & 38 St,7196,Steinway St & 21 Ave,7137,40.777112,-73.902382,40.774798,-73.903787,member
2368477,63466B50604597E1,classic_bike,2021-10-31 16:37:52,2021-10-31 16:45:18,20 Ave & 38 St,7196,Steinway St & 21 Ave,7137,40.777112,-73.902382,40.774798,-73.903787,casual
2368485,33AC3A02DDD93CCD,classic_bike,2021-10-29 18:49:43,2021-10-29 18:53:58,20 Ave & 38 St,7196,Steinway St & 21 Ave,7137,40.777112,-73.902382,40.774798,-73.903787,member
2368560,9BA4E7091D237837,classic_bike,2021-10-01 17:07:52,2021-10-01 17:12:36,20 Ave & 38 St,7196,Steinway St & 21 Ave,7137,40.777112,-73.902382,40.774798,-73.903787,member
2368578,C12059BD7690CD22,classic_bike,2021-10-25 12:21:20,2021-10-25 12:24:40,Steinway St & 19 Ave,7220,Steinway St & 21 Ave,7137,40.778089,-73.899558,40.774798,-73.903787,member
2368580,08239D53B2A1C820,classic_bike,2021-10-02 15:09:01,2021-10-02 15:17:21,21 Ave & 80 St,7060,Steinway St & 21 Ave,7137,40.770888,-73.889914,40.774798,-73.903787,member
2368638,FA7FA78F0B615550,classic_bike,2021-10-22 13:21:48,2021-10-22 13:24:42,20 Ave & 38 St,7196,Steinway St & 21 Ave,7137,40.777112,-73.902382,40.774798,-73.903787,member
2368642,243B73E3E90B8D08,classic_bike,2021-10-29 12:08:23,2021-10-29 12:11:34,20 Ave & 38 St,7196,Steinway St & 21 Ave,7137,40.777112,-73.902382,40.774798,-73.903787,member
2368652,499E79ADBC465172,classic_bike,2021-10-30 15:21:16,2021-10-30 15:23:28,20 Ave & 38 St,7196,Steinway St & 21 Ave,7137,40.777112,-73.902382,40.774798,-73.903787,member
2368690,F4815407E2A3403D,classic_bike,2021-10-20 16:14:52,2021-10-20 16:21:16,20 Ave & 38 St,7196,Steinway St & 21 Ave,7137,40.777112,-73.902382,40.774798,-73.903787,member
2368712,86639AFC48DA8E82,electric_bike,2021-10-30 10:03:54,2021-10-30 10:09:51,21 Ave & 80 St,7060,Steinway St & 21 Ave,7137,40.770888,-73.889914,40.774798,-73.903787,member
2368724,BE741FCCEDA0DCB5,classic_bike,2021-10-23 14:09:19,2021-10-23 14:12:50,20 Ave & 38 St,7196,Steinway St & 21 Ave,7137,40.777112,-73.902382,40.774798,-73.903787,member
2368735,40BE40B3049F521C,electric_bike,2021-10-05 17:06:41,2021-10-05 17:44:38,20 Ave & 38 St,7196,Steinway St & 21 Ave,7137,40.777112,-73.902382,40.774798,-73.903787,casual
2368799,1D9FE6BD1473CD69,classic_bike,2021-10-05 21:16:50,2021-10-05 21:31:14,31 St & Broadway,6789,Steinway St & 21 Ave,7137,40.761584,-73.925921,40.774798,-73.903787,member
2369302,D80B52EF4BFB95B3,electric_bike,2021-10-18 17:33:35,2021-10-18 18:06:58,Flushing Ave & Woodward Ave,5225,Steinway St & 21 Ave,7137,40.71246,-73.91873,40.774798,-73.903787,casual
2369303,B2826AC72B3FD935,electric_bike,2021-10-19 17:09:12,2021-10-19 17:42:21,Flushing Ave & Woodward Ave,5225,Steinway St & 21 Ave,7137,40.71246,-73.91873,40.774798,-73.903787,casual
2369512,0A9984B9F80C7469,electric_bike,2021-10-20 16:32:30,2021-10-20 16:52:48,35 Ave & 10 St,6806,Steinway St & 21 Ave,7137,40.76315481910373,-73.93985509872437,40.774798,-73.903787,member
2370329,1F9069CD078CA36D,classic_bike,2021-10-31 17:41:21,2021-10-31 17:55:32,18 St & 27 Ave,7062,Steinway St & 21 Ave,7137,40.772768286288304,-73.92743647098541,40.774798,-73.903787,member
2370584,9ABE7BAB80ED9B66,classic_bike,2021-10-19 14:23:29,2021-10-19 14:34:35,Steinway St & Ditmars Blvd,7074,Steinway St & 21 Ave,7137,40.772717,-73.906127,40.774798,-73.903787,member
2371518,7D14D51A0DDEE922,electric_bike,2021-10-22 02:10:45,2021-10-22 02:17:59,31 St & Newtown Ave,6923,Steinway St & 21 Ave,7137,40.7675487799971,-73.9209334552288,40.774798,-73.903787,casual
2371609,0DCF947CA93A8020,electric_bike,2021-10-25 06:50:15,2021-10-25 07:04:49,31 St & Broadway,6789,Steinway St & 21 Ave,7137,40.761584,-73.925921,40.774798,-73.903787,casual
2371610,5E8902B3462FA40E,classic_bike,2021-10-18 19:33:17,2021-10-18 20:07:52,Queens Plaza North & Crescent St,6429,Steinway St & 21 Ave,7137,40.75110165,-73.94073717,40.774798,-73.903787,casual
2371612,D44E7A4DB4AEAE4D,classic_bike,2021-10-01 22:06:52,2021-10-01 22:16:06,Bulova Ave & Brooklyn Queens Expressway W,6766,Steinway St & 21 Ave,7137,40.762507,-73.902534,40.774798,-73.903787,member
2371631,1D5A058F0E0AEFE0,classic_bike,2021-10-18 19:33:16,2021-10-18 20:07:53,Queens Plaza North & Crescent St,6429,Steinway St & 21 Ave,7137,40.75110165,-73.94073717,40.774798,-73.903787,casual
2371666,3C48CBA3C0F97F6D,electric_bike,2021-10-25 05:28:08,2021-10-25 05:32:28,25 Ave & 41 St,6943,Steinway St & 21 Ave,7137,40.767666,-73.910963,40.774798,-73.903787,member
2371693,397C0D01330E7BD8,classic_bike,2021-10-12 23:06:32,2021-10-12 23:13:46,24 Ave & 29 St,7119,Steinway St & 21 Ave,7137,40.7729,-73.916142,40.774798,-73.903787,casual
2371701,228978C47A5E0CD0,classic_bike,2021-10-29 09:28:00,2021-10-29 09:33:53,25 Ave & 41 St,6943,Steinway St & 21 Ave,7137,40.767666,-73.910963,40.774798,-73.903787,casual
2371706,35B9671A4E78A579,classic_bike,2021-10-06 17:30:45,2021-10-06 17:37:09,25 Ave & 41 St,6943,Steinway St & 21 Ave,7137,40.767666,-73.910963,40.774798,-73.903787,casual
2371864,B57BE625A5D6B4F9,electric_bike,2021-10-17 16:33:02,2021-10-17 16:56:09,49 Ave & 21 St,6128,Steinway St & 21 Ave,7137,40.74252,-73.948852,40.774798,-73.903787,casual
2371963,B1A7BFD955418856,classic_bike,2021-10-23 00:19:51,2021-10-23 00:36:10,21 St & 31 Dr,6865,Steinway St & 21 Ave,7137,40.7659,-73.930819,40.774798,-73.903787,member
2372474,5396B541BE36FE50,classic_bike,2021-10-01 14:05:15,2021-10-01 14:06:48,35 St & 21 Ave,7170,Steinway St & 21 Ave,7137,40.776745,-73.906558,40.774798,-73.903787,member
2372500,F3C79011DCE3B3BE,classic_bike,2021-10-06 15:02:10,2021-10-06 15:05:22,35 St & 21 Ave,7170,Steinway St & 21 Ave,7137,40.776745,-73.906558,40.774798,-73.903787,member
2372516,9C95A76B702DFFB7,electric_bike,2021-10-15 16:30:58,2021-10-15 16:38:48,Ditmars Blvd & 79 St,6994,Steinway St & 21 Ave,7137,40.768728,-73.890745,40.774798,-73.903787,casual
2372553,DC6FDC11824478FE,classic_bike,2021-10-07 22:23:00,2021-10-07 22:24:41,35 St & 21 Ave,7170,Steinway St & 21 Ave,7137,40.776745,-73.906558,40.774798,-73.903787,member
2372556,BFC5D6CE7B735BF9,classic_bike,2021-10-27 15:53:23,2021-10-27 15:54:58,35 St & 21 Ave,7170,Steinway St & 21 Ave,7137,40.776745,-73.906558,40.774798,-73.903787,member
2372582,6334C7B061B8B57C,electric_bike,2021-10-22 08:31:02,2021-10-22 08:54:14,35 St & 21 Ave,7170,Steinway St & 21 Ave,7137,40.776745,-73.906558,40.774798,-73.903787,member
2372916,7E12D11F696BB3BC,electric_bike,2021-10-29 20:55:07,2021-10-29 21:05:12,35 St & 30 Ave,6887,Steinway St & 21 Ave,7137,40.76547569244953,-73.91811579465866,40.774798,-73.903787,member
2372960,14BE1C51A27972D3,electric_bike,2021-10-23 09:56:21,2021-10-23 10:11:48,28 St & 36 Ave,6614,Steinway St & 21 Ave,7137,40.757186,-73.932719,40.774798,-73.903787,member
2373035,0B431BD85DDF8493,electric_bike,2021-10-29 07:39:17,2021-10-29 07:55:48,35 St & 30 Ave,6887,Steinway St & 21 Ave,7137,40.76547569244953,-73.91811579465866,40.774798,-73.903787,member
2373369,61161F66AFDE1400,classic_bike,2021-10-06 17:56:37,2021-10-06 17:58:57,Steinway St & 23 Ave,7009,Steinway St & 21 Ave,7137,40.7713937,-73.9077436,40.774798,-73.903787,casual
2373424,9245C68FEDD3F5BB,electric_bike,2021-10-05 08:12:21,2021-10-05 08:44:34,1 Ave & E 68 St,6822,Steinway St & 21 Ave,7137,40.76500525,-73.95818491,40.774798,-73.903787,member
2373473,7A4F3D66F7FC7C9D,classic_bike,2021-10-14 13:47:08,2021-10-14 14:06:24,18 St & 27 Ave,7062,Steinway St & 21 Ave,7137,40.772768286288304,-73.92743647098541,40.774798,-73.903787,member
2373476,E271C442F4FF4BD2,classic_bike,2021-10-19 17:01:47,2021-10-19 17:11:16,Newton Rd & 44 St,6743,Steinway St & 21 Ave,7137,40.7595701,-73.9142678,40.774798,-73.903787,casual
2373649,BD9E5809FB0F9922,electric_bike,2021-10-03 08:51:05,2021-10-03 08:54:20,21 Ave & Crescent St,7284,Steinway St & 21 Ave,7137,40.780478,-73.912212,40.774798,-73.903787,casual
2373657,2B763109FF19117B,classic_bike,2021-10-17 22:52:48,2021-10-17 22:56:38,21 Ave & Crescent St,7284,Steinway St & 21 Ave,7137,40.780478,-73.912212,40.774798,-73.903787,member
2373658,961C5CF4D760A813,classic_bike,2021-10-04 10:53:32,2021-10-04 10:59:21,21 Ave & Crescent St,7284,Steinway St & 21 Ave,7137,40.780478,-73.912212,40.774798,-73.903787,member
2373659,E0F9E45FA16C6B48,classic_bike,2021-10-31 02:08:46,2021-10-31 02:12:58,21 Ave & Crescent St,7284,Steinway St & 21 Ave,7137,40.780478,-73.912212,40.774798,-73.903787,member
2373722,503D8230081044AF,classic_bike,2021-10-30 12:49:09,2021-10-30 12:52:54,21 Ave & Crescent St,7284,Steinway St & 21 Ave,7137,40.780478,-73.912212,40.774798,-73.903787,casual
2373726,41662B44885DCF1E,electric_bike,2021-10-24 09:29:35,2021-10-24 09:32:27,21 Ave & Crescent St,7284,Steinway St & 21 Ave,7137,40.780478,-73.912212,40.774798,-73.903787,casual
2373841,82975493120CC6BE,classic_bike,2021-10-07 21:20:12,2021-10-07 21:43:17,43 St & 37 Ave,6401,Steinway St & 21 Ave,7137,40.750181,-73.919998,40.774798,-73.903787,casual
2373872,F94DAB823EC5F546,classic_bike,2021-10-06 20:36:23,2021-10-06 20:47:53,35 St & Broadway,6750,Steinway St & 21 Ave,7137,40.760339,-73.9222427,40.774798,-73.903787,member
2373888,01ED42F7D9157480,classic_bike,2021-10-30 20:27:14,2021-10-30 20:36:57,35 St & Broadway,6750,Steinway St & 21 Ave,7137,40.760339,-73.9222427,40.774798,-73.903787,member
2373909,B8048ED0F2643689,classic_bike,2021-10-01 20:42:39,2021-10-01 20:53:51,35 St & Broadway,6750,Steinway St & 21 Ave,7137,40.760339,-73.9222427,40.774798,-73.903787,member
2373910,849409496C349F0D,classic_bike,2021-10-27 18:04:59,2021-10-27 18:14:31,35 St & Broadway,6750,Steinway St & 21 Ave,7137,40.760339,-73.9222427,40.774798,-73.903787,member
2374705,C5C6C75E0495F717,classic_bike,2021-10-19 21:54:15,2021-10-19 21:58:31,25 Ave & 41 St,6943,Steinway St & 21 Ave,7137,40.767666,-73.910963,40.774798,-73.903787,member
2374717,9B7BC624C6EB0BF5,electric_bike,2021-10-28 17:39:52,2021-10-28 17:45:47,25 Ave & 41 St,6943,Steinway St & 21 Ave,7137,40.767666,-73.910963,40.774798,-73.903787,casual
2374720,118C418A8EB42BA8,classic_bike,2021-10-07 08:27:23,2021-10-07 08:34:13,24 Ave & 29 St,7119,Steinway St & 21 Ave,7137,40.7729,-73.916142,40.774798,-73.903787,member
2374722,5D7CA5C9B70DB1D1,classic_bike,2021-10-25 09:39:02,2021-10-25 09:45:46,25 Ave & 41 St,6943,Steinway St & 21 Ave,7137,40.767666,-73.910963,40.774798,-73.903787,casual
2374777,0EA7CFA4A80FFE23,classic_bike,2021-10-28 23:22:55,2021-10-28 23:25:27,Steinway St & 23 Ave,7009,Steinway St & 21 Ave,7137,40.7713937,-73.9077436,40.774798,-73.903787,member
2374802,4488E6D05BFCFBE6,classic_bike,2021-10-03 13:52:03,2021-10-03 13:56:53,Steinway St & 23 Ave,7009,Steinway St & 21 Ave,7137,40.7713937,-73.9077436,40.774798,-73.903787,casual
2374803,D92992EFF7756DB4,classic_bike,2021-10-02 20:22:50,2021-10-02 20:28:07,Steinway St & 23 Ave,7009,Steinway St & 21 Ave,7137,40.7713937,-73.9077436,40.774798,-73.903787,casual
2374817,1FDC6D1D8004263D,classic_bike,2021-10-24 12:12:54,2021-10-24 12:18:47,Steinway St & 23 Ave,7009,Steinway St & 21 Ave,7137,40.7713937,-73.9077436,40.774798,-73.903787,casual
2374840,E3D6A40D40EC97D2,classic_bike,2021-10-17 17:13:17,2021-10-17 17:15:28,Steinway St & 23 Ave,7009,Steinway St & 21 Ave,7137,40.7713937,-73.9077436,40.774798,-73.903787,member
2374849,0ADC604911875243,classic_bike,2021-10-21 21:19:13,2021-10-21 21:29:15,Steinway St & 23 Ave,7009,Steinway St & 21 Ave,7137,40.7713937,-73.9077436,40.774798,-73.903787,casual
2374875,57BBB560FA76F641,classic_bike,2021-10-15 11:13:12,2021-10-15 11:15:41,Steinway St & 23 Ave,7009,Steinway St & 21 Ave,7137,40.7713937,-73.9077436,40.774798,-73.903787,member
2374957,9575DC98099F9F29,classic_bike,2021-10-26 16:45:01,2021-10-26 16:46:57,Steinway St & 23 Ave,7009,Steinway St & 21 Ave,7137,40.7713937,-73.9077436,40.774798,-73.903787,member
2374958,F61EBE4226051FF0,electric_bike,2021-10-07 23:58:47,2021-10-08 00:00:52,Steinway St & 23 Ave,7009,Steinway St & 21 Ave,7137,40.7713937,-73.9077436,40.774798,-73.903787,member
2374973,F957D982F042D47D,electric_bike,2021-10-04 21:45:03,2021-10-04 21:57:07,36 Ave & 31 St,6572,Steinway St & 21 Ave,7137,40.75651272984955,-73.92957486212252,40.774798,-73.903787,casual
2375006,21CCBF0EED14893B,classic_bike,2021-10-02 23:53:06,2021-10-02 23:56:36,21 Ave & Crescent St,7284,Steinway St & 21 Ave,7137,40.780478,-73.912212,40.774798,-73.903787,member
2375057,E613CAC142471BAC,classic_bike,2021-10-21 20:31:13,2021-10-21 20:32:42,Steinway St & Ditmars Blvd,7074,Steinway St & 21 Ave,7137,40.772717,-73.906127,40.774798,-73.903787,member
2375488,634AD08A04B85087,classic_bike,2021-10-17 21:14:02,2021-10-17 21:17:42,21 Ave & Crescent St,7284,Steinway St & 21 Ave,7137,40.780478,-73.912212,40.774798,-73.903787,member
2375812,FB60C5C13214B95F,classic_bike,2021-10-15 20:24:57,2021-10-15 20:36:22,35 St & Broadway,6750,Steinway St & 21 Ave,7137,40.760339,-73.9222427,40.774798,-73.903787,member
2375813,D51AB9E1F68E3663,classic_bike,2021-10-22 20:17:33,2021-10-22 20:27:39,35 St & Broadway,6750,Steinway St & 21 Ave,7137,40.760339,-73.9222427,40.774798,-73.903787,member
2375814,BAFDACF4FE0B6B22,classic_bike,2021-10-20 20:31:37,2021-10-20 20:43:03,35 St & Broadway,6750,Steinway St & 21 Ave,7137,40.760339,-73.9222427,40.774798,-73.903787,member
2375858,74A814967B0B173F,classic_bike,2021-10-25 18:12:12,2021-10-25 18:15:24,43 St & 23 Ave,7009,Steinway St & 21 Ave,7137,40.769673,-73.906018,40.774798,-73.903787,casual
2376235,AFF4406A3B299C1E,classic_bike,2021-10-05 16:34:48,2021-10-05 16:36:13,35 St & 21 Ave,7170,Steinway St & 21 Ave,7137,40.776745,-73.906558,40.774798,-73.903787,member
2376413,BA2920339E7FD44C,classic_bike,2021-10-28 20:50:42,2021-10-28 21:01:15,35 St & Broadway,6750,Steinway St & 21 Ave,7137,40.760339,-73.9222427,40.774798,-73.903787,member
2376415,AFC279A59777CCF4,classic_bike,2021-10-13 20:31:04,2021-10-13 20:41:45,35 St & Broadway,6750,Steinway St & 21 Ave,7137,40.760339,-73.9222427,40.774798,-73.903787,member
2376419,87814FF6ECED07EE,classic_bike,2021-10-02 13:59:01,2021-10-02 14:12:40,35 St & Broadway,6750,Steinway St & 21 Ave,7137,40.760339,-73.9222427,40.774798,-73.903787,member
2376444,6AC97DB4EC43A0CF,electric_bike,2021-10-01 01:06:10,2021-10-01 01:14:52,35 St & Broadway,6750,Steinway St & 21 Ave,7137,40.760339,-73.9222427,40.774798,-73.903787,casual
2376479,0AA295A3AE7D2654,classic_bike,2021-10-07 13:37:58,2021-10-07 13:50:56,35 Ave & 37 St,6563,Steinway St & 21 Ave,7137,40.7557327,-73.9236611,40.774798,-73.903787,member
2376480,2F2C8F77B7C0B872,classic_bike,2021-10-12 13:08:46,2021-10-12 13:21:47,35 Ave & 37 St,6563,Steinway St & 21 Ave,7137,40.7557327,-73.9236611,40.774798,-73.903787,member
2376502,E3918A34707959A8,classic_bike,2021-10-13 21:31:20,2021-10-13 21:44:43,35 St & Broadway,6750,Steinway St & 21 Ave,7137,40.760339,-73.9222427,40.774798,-73.903787,casual
2376545,CB556780693E4C0E,classic_bike,2021-10-28 13:16:03,2021-10-28 13:28:52,35 Ave & 37 St,6563,Steinway St & 21 Ave,7137,40.7557327,-73.9236611,40.774798,-73.903787,member
2376783,112FF95C43D91569,electric_bike,2021-10-01 20:15:38,2021-10-01 20:42:01,1 Ave & E 68 St,6822,Steinway St & 21 Ave,7137,40.76500525,-73.95818491,40.774798,-73.903787,member
2376794,186A59C161623831,classic_bike,2021-10-27 19:23:34,2021-10-27 19:31:03,35 St & 30 Ave,6887,Steinway St & 21 Ave,7137,40.76547569244953,-73.91811579465866,40.774798,-73.903787,member
2376838,97E4532548B76479,classic_bike,2021-10-14 09:15:40,2021-10-14 09:37:36,47 Ave & 31 St,6151,Steinway St & 21 Ave,7137,40.743,-73.93561,40.774798,-73.903787,member
2376978,F4AC5E06B71D1F4E,electric_bike,2021-10-14 06:48:56,2021-10-14 07:03:39,Crescent St & Broadway,6827,Steinway St & 21 Ave,7137,40.7633589,-73.9286471,40.774798,-73.903787,casual
2377091,E1B28ABCD4F480FC,electric_bike,2021-10-15 13:43:16,2021-10-15 14:03:38,44 Dr & 21 St,6278,Steinway St & 21 Ave,7137,40.748,-73.9460927,40.774798,-73.903787,casual
2377414,063997A86A51947E,electric_bike,2021-10-29 12:57:38,2021-10-29 13:06:52,38 St & 30 Ave,6850,Steinway St & 21 Ave,7137,40.764174520197685,-73.91583994030952,40.774798,-73.903787,member
2377577,7D828774F3E85D79,electric_bike,2021-10-30 23:55:37,2021-10-31 00:04:59,Steinway St & 23 Ave,7009,Steinway St & 21 Ave,7137,40.7713937,-73.9077436,40.774798,-73.903787,member
2377853,1ADB55586949F153,electric_bike,2021-10-03 21:46:25,2021-10-03 21:56:24,35 St & Broadway,6750,Steinway St & 21 Ave,7137,40.760339,-73.9222427,40.774798,-73.903787,casual
2377898,CB35B6202E820EC9,classic_bike,2021-10-27 19:39:40,2021-10-27 19:48:42,38 St & 30 Ave,6850,Steinway St & 21 Ave,7137,40.764174520197685,-73.91583994030952,40.774798,-73.903787,member
2378489,0830B318D0DD8684,electric_bike,2021-10-07 19:56:46,2021-10-07 20:03:17,38 St & 30 Ave,6850,Steinway St & 21 Ave,7137,40.764174520197685,-73.91583994030952,40.774798,-73.903787,member
2378517,CB8013EA13BFE832,classic_bike,2021-10-19 09:54:13,2021-10-19 10:00:14,38 St & 30 Ave,6850,Steinway St & 21 Ave,7137,40.764174520197685,-73.91583994030952,40.774798,-73.903787,member
2378902,9AA15400F2F2EEC6,classic_bike,2021-10-17 11:26:03,2021-10-17 11:29:35,21 Ave & Crescent St,7284,Steinway St & 21 Ave,7137,40.780478,-73.912212,40.774798,-73.903787,casual
2378920,3EEBEBB9680817A7,classic_bike,2021-10-08 16:20:32,2021-10-08 16:24:54,21 Ave & Crescent St,7284,Steinway St & 21 Ave,7137,40.780478,-73.912212,40.774798,-73.903787,casual
2379112,1209BAE08BDB654D,classic_bike,2021-10-15 19:51:34,2021-10-15 19:55:21,Steinway St & 23 Ave,7009,Steinway St & 21 Ave,7137,40.7713937,-73.9077436,40.774798,-73.903787,member
2379347,AA3FDF39A52A3171,classic_bike,2021-10-21 19:21:20,2021-10-21 19:29:22,38 St & 30 Ave,6850,Steinway St & 21 Ave,7137,40.764174520197685,-73.91583994030952,40.774798,-73.903787,member
2379348,0F0797EF4C125233,classic_bike,2021-10-05 19:59:44,2021-10-05 20:08:07,38 St & 30 Ave,6850,Steinway St & 21 Ave,7137,40.764174520197685,-73.91583994030952,40.774798,-73.903787,member
2379759,B014397C446E16FC,classic_bike,2021-10-19 11:06:15,2021-10-19 11:20:12,Crescent St & Broadway,6827,Steinway St & 21 Ave,7137,40.7633589,-73.9286471,40.774798,-73.903787,member
2379799,F3E0118140394149,classic_bike,2021-10-28 20:29:17,2021-10-28 20:44:45,Crescent St & Broadway,6827,Steinway St & 21 Ave,7137,40.7633589,-73.9286471,40.774798,-73.903787,member
2379895,D3F3B1EC808CE96E,classic_bike,2021-10-11 13:34:42,2021-10-11 13:36:54,Steinway St & 23 Ave,7009,Steinway St & 21 Ave,7137,40.7713937,-73.9077436,40.774798,-73.903787,member
2380649,2E18A7A90D6CBB82,docked_bike,2021-10-09 01:55:04,2021-10-09 02:13:50,Crescent St & 30 Ave,6958,Steinway St & 21 Ave,7137,40.768692,-73.924957,40.774798,-73.903787,casual
2380733,3EA6F0E23CE281E9,classic_bike,2021-10-23 23:37:31,2021-10-23 23:40:16,36 St & Ditmars Blvd,7111,Steinway St & 21 Ave,7137,40.774306,-73.908335,40.774798,-73.903787,member
2380736,F3E39A1B7D5242A8,classic_bike,2021-10-14 18:30:21,2021-10-14 18:37:44,Ditmars Blvd & 19 St,7291,Steinway St & 21 Ave,7137,40.78145,-73.9183302,40.774798,-73.903787,member
2380738,B5DDDCDBD6EE713F,classic_bike,2021-10-20 22:14:20,2021-10-20 22:16:42,36 St & Ditmars Blvd,7111,Steinway St & 21 Ave,7137,40.774306,-73.908335,40.774798,-73.903787,member
2380835,BEFAD00F8781965C,electric_bike,2021-10-08 18:10:28,2021-10-08 18:18:42,30 Ave & 47 St,6774,Steinway St & 21 Ave,7137,40.761294,-73.909562,40.774798,-73.903787,casual
2381210,EC968B19B790CF80,classic_bike,2021-10-29 16:07:17,2021-10-29 16:11:44,31 St & 23 Ave,7144,Steinway St & 21 Ave,7137,40.7747878,-73.9125551,40.774798,-73.903787,member
2381258,25DA14B6BBE683D2,classic_bike,2021-10-20 15:47:26,2021-10-20 15:52:33,31 St & 23 Ave,7144,Steinway St & 21 Ave,7137,40.7747878,-73.9125551,40.774798,-73.903787,member
2381265,BD3F654AC195AC2B,classic_bike,2021-10-23 01:47:24,2021-10-23 01:53:14,31 St & 23 Ave,7144,Steinway St & 21 Ave,7137,40.7747878,-73.9125551,40.774798,-73.903787,casual
2381298,B65FBCD38F77D0F4,classic_bike,2021-10-12 18:01:00,2021-10-12 18:06:42,31 St & 23 Ave,7144,Steinway St & 21 Ave,7137,40.7747878,-73.9125551,40.774798,-73.903787,member
2381301,9315192D6B625070,classic_bike,2021-10-24 15:35:39,2021-10-24 15:40:26,31 St & 23 Ave,7144,Steinway St & 21 Ave,7137,40.7747878,-73.9125551,40.774798,-73.903787,member
2381305,C82EBA65315558E2,classic_bike,2021-10-23 02:44:22,2021-10-23 02:48:27,31 St & 23 Ave,7144,Steinway St & 21 Ave,7137,40.7747878,-73.9125551,40.774798,-73.903787,member
2381317,F99DDC74CD15AF6C,classic_bike,2021-10-19 18:47:31,2021-10-19 18:53:15,31 St & 23 Ave,7144,Steinway St & 21 Ave,7137,40.7747878,-73.9125551,40.774798,-73.903787,member
2381318,71AA9BB28742EB23,classic_bike,2021-10-15 17:40:30,2021-10-15 17:47:16,31 St & 23 Ave,7144,Steinway St & 21 Ave,7137,40.7747878,-73.9125551,40.774798,-73.903787,member
2381340,D9ABA9CE84C75316,electric_bike,2021-10-13 14:54:00,2021-10-13 14:59:18,31 St & 23 Ave,7144,Steinway St & 21 Ave,7137,40.7747878,-73.9125551,40.774798,-73.903787,member
2381341,C96B22E67030D36C,classic_bike,2021-10-11 14:08:56,2021-10-11 14:51:36,1 Ave & E 39 St,6303,Steinway St & 21 Ave,7137,40.74714,-73.97113,40.774798,-73.903787,member
2381350,9F74FD3BE2DF838F,classic_bike,2021-10-06 22:57:14,2021-10-06 23:02:46,31 St & 23 Ave,7144,Steinway St & 21 Ave,7137,40.7747878,-73.9125551,40.774798,-73.903787,member
2381351,E06F8F8A524F00EA,classic_bike,2021-10-30 02:02:16,2021-10-30 02:07:55,31 St & 23 Ave,7144,Steinway St & 21 Ave,7137,40.7747878,-73.9125551,40.774798,-73.903787,member
2381364,0BFB712697B76CDC,classic_bike,2021-10-12 18:14:58,2021-10-12 18:19:50,31 St & 23 Ave,7144,Steinway St & 21 Ave,7137,40.7747878,-73.9125551,40.774798,-73.903787,member
2381365,26E91C423D4CAC38,classic_bike,2021-10-13 17:43:51,2021-10-13 17:48:38,31 St & 23 Ave,7144,Steinway St & 21 Ave,7137,40.7747878,-73.9125551,40.774798,-73.903787,member
2381375,01EB1AB64A8EC03B,classic_bike,2021-10-16 07:23:57,2021-10-16 07:28:53,31 St & 23 Ave,7144,Steinway St & 21 Ave,7137,40.7747878,-73.9125551,40.774798,-73.903787,casual
2381377,F6607213B6570387,classic_bike,2021-10-03 20:42:19,2021-10-03 20:46:08,31 St & 23 Ave,7144,Steinway St & 21 Ave,7137,40.7747878,-73.9125551,40.774798,-73.903787,casual
2381402,2B710A6183F72A08,classic_bike,2021-10-01 18:49:17,2021-10-01 18:53:02,31 St & 23 Ave,7144,Steinway St & 21 Ave,7137,40.7747878,-73.9125551,40.774798,-73.903787,casual
2381404,1C2B3195446B3041,electric_bike,2021-10-23 08:34:48,2021-10-23 08:38:33,31 St & 23 Ave,7144,Steinway St & 21 Ave,7137,40.7747878,-73.9125551,40.774798,-73.903787,casual
2381419,9C9C1C1AF4AA9514,classic_bike,2021-10-14 20:35:53,2021-10-14 20:40:31,31 St & 23 Ave,7144,Steinway St & 21 Ave,7137,40.7747878,-73.9125551,40.774798,-73.903787,member
2381434,0E36C1E8D38F45DF,classic_bike,2021-10-05 01:08:47,2021-10-05 01:14:48,31 St & 23 Ave,7144,Steinway St & 21 Ave,7137,40.7747878,-73.9125551,40.774798,-73.903787,member
2381443,26B8C84ABB5B31DE,classic_bike,2021-10-28 09:31:10,2021-10-28 09:35:53,31 St & 23 Ave,7144,Steinway St & 21 Ave,7137,40.7747878,-73.9125551,40.774798,-73.903787,member
2381447,1B29F8287FBE1775,electric_bike,2021-10-27 14:52:51,2021-10-27 14:57:31,31 St & 23 Ave,7144,Steinway St & 21 Ave,7137,40.7747878,-73.9125551,40.774798,-73.903787,member
2381448,862C4057B491B427,classic_bike,2021-10-10 18:05:04,2021-10-10 18:12:02,31 St & 23 Ave,7144,Steinway St & 21 Ave,7137,40.7747878,-73.9125551,40.774798,-73.903787,member
2381450,5A671B2E1235A7DD,classic_bike,2021-10-16 12:54:31,2021-10-16 12:59:24,31 St & 23 Ave,7144,Steinway St & 21 Ave,7137,40.7747878,-73.9125551,40.774798,-73.903787,member
2381451,E86407DD5600BFC7,classic_bike,2021-10-11 22:58:26,2021-10-11 23:01:55,31 St & 23 Ave,7144,Steinway St & 21 Ave,7137,40.7747878,-73.9125551,40.774798,-73.903787,member
2381453,FF2B769323262D5E,classic_bike,2021-10-08 20:22:23,2021-10-08 20:31:38,31 St & 23 Ave,7144,Steinway St & 21 Ave,7137,40.7747878,-73.9125551,40.774798,-73.903787,member
2381454,FC914486BCF4C52E,classic_bike,2021-10-28 15:26:12,2021-10-28 15:31:20,31 St & 23 Ave,7144,Steinway St & 21 Ave,7137,40.7747878,-73.9125551,40.774798,-73.903787,member
2381461,5219311E8EF17F86,classic_bike,2021-10-25 16:42:31,2021-10-25 16:46:40,31 St & 23 Ave,7144,Steinway St & 21 Ave,7137,40.7747878,-73.9125551,40.774798,-73.903787,member
2381462,EBFDEAE4F04969C4,classic_bike,2021-10-03 03:46:56,2021-10-03 03:51:34,31 St & 23 Ave,7144,Steinway St & 21 Ave,7137,40.7747878,-73.9125551,40.774798,-73.903787,member
2381482,E7258636C9DB2ADA,classic_bike,2021-10-23 13:37:10,2021-10-23 13:41:33,31 St & 23 Ave,7144,Steinway St & 21 Ave,7137,40.7747878,-73.9125551,40.774798,-73.903787,member
2381485,09A2FDF5C4B0A17D,classic_bike,2021-10-04 16:06:25,2021-10-04 16:13:27,31 St & 23 Ave,7144,Steinway St & 21 Ave,7137,40.7747878,-73.9125551,40.774798,-73.903787,member
2381504,8AC7229645042849,classic_bike,2021-10-30 17:53:31,2021-10-30 17:58:46,31 St & 23 Ave,7144,Steinway St & 21 Ave,7137,40.7747878,-73.9125551,40.774798,-73.903787,member
2381539,ECD4886E6E627CCA,classic_bike,2021-10-29 16:48:49,2021-10-29 16:54:27,31 St & 23 Ave,7144,Steinway St & 21 Ave,7137,40.7747878,-73.9125551,40.774798,-73.903787,member
2381614,544BA7BEFA159437,electric_bike,2021-10-30 18:43:12,2021-10-30 18:47:18,31 St & 23 Ave,7144,Steinway St & 21 Ave,7137,40.7747878,-73.9125551,40.774798,-73.903787,casual
2381623,1DDF759FD73832E2,electric_bike,2021-10-08 12:33:30,2021-10-08 12:40:38,31 St & 23 Ave,7144,Steinway St & 21 Ave,7137,40.7747878,-73.9125551,40.774798,-73.903787,casual
2381626,9F5BACB7DC798E20,classic_bike,2021-10-29 08:21:00,2021-10-29 08:31:40,31 St & 23 Ave,7144,Steinway St & 21 Ave,7137,40.7747878,-73.9125551,40.774798,-73.903787,casual
2381637,C347A73C18AB6D54,classic_bike,2021-10-10 18:04:48,2021-10-10 18:11:59,31 St & 23 Ave,7144,Steinway St & 21 Ave,7137,40.7747878,-73.9125551,40.774798,-73.903787,casual
2381687,6210D98A061AD419,classic_bike,2021-10-01 22:06:03,2021-10-01 22:10:47,31 St & 23 Ave,7144,Steinway St & 21 Ave,7137,40.7747878,-73.9125551,40.774798,-73.903787,member
2381722,83532E0313678BD5,classic_bike,2021-10-28 19:56:35,2021-10-28 20:03:43,38 St & 30 Ave,6850,Steinway St & 21 Ave,7137,40.764174520197685,-73.91583994030952,40.774798,-73.903787,member
2381723,90D2D85BE660B4B6,electric_bike,2021-10-19 18:43:10,2021-10-19 18:51:26,38 St & 30 Ave,6850,Steinway St & 21 Ave,7137,40.764174520197685,-73.91583994030952,40.774798,-73.903787,member
2382328,78CF3A1E0B7E032B,classic_bike,2021-10-14 09:12:28,2021-10-14 09:15:48,Steinway St & 23 Ave,7009,Steinway St & 21 Ave,7137,40.7713937,-73.9077436,40.774798,-73.903787,member
2382722,A993F4F5AC438FCE,classic_bike,2021-10-31 19:11:51,2021-10-31 19:28:27,Crescent St & Broadway,6827,Steinway St & 21 Ave,7137,40.7633589,-73.9286471,40.774798,-73.903787,member
2383043,92EC705CBE1B4A3A,electric_bike,2021-10-13 00:38:29,2021-10-13 01:11:01,Union Ave & Jackson St,5300,Steinway St & 21 Ave,7137,40.7160751,-73.952029,40.774798,-73.903787,member
2383185,005F43978398D01F,electric_bike,2021-10-02 00:23:31,2021-10-02 01:14:03,Fulton St & William St,5137,Steinway St & 21 Ave,7137,40.70960089363537,-74.00655090808868,40.774798,-73.903787,casual
2383245,6AD1EB36FFF28171,electric_bike,2021-10-05 00:27:02,2021-10-05 00:34:00,31 Ave & Steinway St,6782,Steinway St & 21 Ave,7137,40.7611488,-73.9170071,40.774798,-73.903787,member
2383275,DB691153F977058C,classic_bike,2021-10-29 16:43:41,2021-10-29 17:05:42,31 Ave & Steinway St,6782,Steinway St & 21 Ave,7137,40.7611488,-73.9170071,40.774798,-73.903787,member
2383289,84A001F6043BDDFD,classic_bike,2021-10-12 18:55:46,2021-10-12 19:09:10,31 Ave & Steinway St,6782,Steinway St & 21 Ave,7137,40.7611488,-73.9170071,40.774798,-73.903787,casual
2383298,A7320EF62A4A7487,classic_bike,2021-10-18 01:15:52,2021-10-18 01:24:29,31 St & Astoria Blvd,6989,Steinway St & 21 Ave,7137,40.7699176,-73.9184057,40.774798,-73.903787,member
2383351,6E2CD60C16ED7393,electric_bike,2021-10-31 00:35:43,2021-10-31 00:42:02,31 St & Astoria Blvd,6989,Steinway St & 21 Ave,7137,40.7699176,-73.9184057,40.774798,-73.903787,member
2383379,542210193C88FECC,classic_bike,2021-10-07 23:48:32,2021-10-07 23:55:14,31 Ave & Steinway St,6782,Steinway St & 21 Ave,7137,40.7611488,-73.9170071,40.774798,-73.903787,casual
2383381,59562D37A9B5C2D5,classic_bike,2021-10-12 18:55:11,2021-10-12 19:09:17,31 Ave & Steinway St,6782,Steinway St & 21 Ave,7137,40.7611488,-73.9170071,40.774798,-73.903787,casual
2383383,6204D6A1147AB326,classic_bike,2021-10-07 17:49:18,2021-10-07 18:03:32,31 St & Astoria Blvd,6989,Steinway St & 21 Ave,7137,40.7699176,-73.9184057,40.774798,-73.903787,casual
2383406,92FA423D0CC81708,classic_bike,2021-10-30 12:22:34,2021-10-30 12:35:36,31 Ave & Steinway St,6782,Steinway St & 21 Ave,7137,40.7611488,-73.9170071,40.774798,-73.903787,member
2383491,31418D4675E368A7,electric_bike,2021-10-12 19:52:45,2021-10-12 20:01:19,19 St & 24 Ave,7186,Steinway St & 21 Ave,7137,40.7774552,-73.9225403,40.774798,-73.903787,casual
2383671,E09858BD67C58239,classic_bike,2021-10-08 13:16:02,2021-10-08 13:30:48,Crescent St & 30 Ave,6958,Steinway St & 21 Ave,7137,40.768692,-73.9249574,40.774798,-73.903787,casual
2383843,47C758F00B0AD1BB,classic_bike,2021-10-17 16:40:37,2021-10-17 17:11:30,34 Ave & 13 St,6836,Steinway St & 21 Ave,7137,40.7638753,-73.9364848,40.774798,-73.903787,member
2383862,DB4CA39FEF8658F6,electric_bike,2021-10-10 00:45:19,2021-10-10 01:35:01,10 Ave & W 14 St,6157,Steinway St & 21 Ave,7137,40.74198159994023,-74.00831580162048,40.774798,-73.903787,casual
2384783,B713A87A6596846F,electric_bike,2021-10-22 22:59:28,2021-10-22 23:14:55,38 Ave & 29 St,6538,Steinway St & 21 Ave,7137,40.75473,-73.93367,40.774798,-73.903787,casual
2384818,AF252431C95189F5,classic_bike,2021-10-03 19:53:52,2021-10-03 20:11:35,38 Ave & 29 St,6538,Steinway St & 21 Ave,7137,40.75473,-73.93367,40.774798,-73.903787,casual
2385897,C751CDC76E5D98FE,electric_bike,2021-10-17 17:47:39,2021-10-17 17:54:57,21 St & Hoyt Ave S,7126,Steinway St & 21 Ave,7137,40.774645,-73.923706,40.774798,-73.903787,member
2385898,9DFA9E2BDBEF06F3,classic_bike,2021-10-08 13:34:01,2021-10-08 13:53:14,21 St & Hoyt Ave S,7126,Steinway St & 21 Ave,7137,40.774645,-73.923706,40.774798,-73.903787,member
2385924,BB384EC3F49EB68C,classic_bike,2021-10-29 19:44:28,2021-10-29 19:57:36,21 St & Hoyt Ave S,7126,Steinway St & 21 Ave,7137,40.774645,-73.923706,40.774798,-73.903787,member
2385949,C27DB1F338E33B1D,classic_bike,2021-10-11 01:48:21,2021-10-11 02:00:24,21 St & Hoyt Ave S,7126,Steinway St & 21 Ave,7137,40.774645,-73.923706,40.774798,-73.903787,casual
2385950,AD90CE1CC55E7E6C,electric_bike,2021-10-25 16:44:48,2021-10-25 16:57:31,21 St & Hoyt Ave S,7126,Steinway St & 21 Ave,7137,40.774645,-73.923706,40.774798,-73.903787,casual
2386243,9D3BBA1FF06A56ED,classic_bike,2021-10-13 17:42:41,2021-10-13 17:58:07,20 Ave & 33 St,7226,Steinway St & 21 Ave,7137,40.779399,-73.905708,40.774798,-73.903787,member
2386254,75E754270C64B208,classic_bike,2021-10-06 18:00:27,2021-10-06 18:04:59,20 Ave & 33 St,7226,Steinway St & 21 Ave,7137,40.779399,-73.905708,40.774798,-73.903787,member
2386255,6C544E62696D995E,classic_bike,2021-10-25 19:56:59,2021-10-25 20:00:36,20 Ave & 33 St,7226,Steinway St & 21 Ave,7137,40.779399,-73.905708,40.774798,-73.903787,member
2386256,1335219E0CFBA54E,classic_bike,2021-10-31 19:31:42,2021-10-31 19:35:07,20 Ave & 33 St,7226,Steinway St & 21 Ave,7137,40.779399,-73.905708,40.774798,-73.903787,member
2386257,95898C6926D7F527,classic_bike,2021-10-07 20:02:24,2021-10-07 20:06:07,20 Ave & 33 St,7226,Steinway St & 21 Ave,7137,40.779399,-73.905708,40.774798,-73.903787,member
2386352,D4D66CE14440FA22,classic_bike,2021-10-11 16:24:09,2021-10-11 16:28:33,31 St & 23 Ave,7144,Steinway St & 21 Ave,7137,40.7747878,-73.9125551,40.774798,-73.903787,member
2386373,4A3619DEA87977CD,classic_bike,2021-10-04 07:54:10,2021-10-04 07:59:21,20 Ave & 33 St,7226,Steinway St & 21 Ave,7137,40.779399,-73.905708,40.774798,-73.903787,member
2386376,637B10CE31446840,classic_bike,2021-10-05 17:40:04,2021-10-05 17:44:11,20 Ave & 33 St,7226,Steinway St & 21 Ave,7137,40.779399,-73.905708,40.774798,-73.903787,member
2386395,F36B1FE935F86531,classic_bike,2021-10-30 13:22:24,2021-10-30 13:36:50,Vernon Blvd & 30 Rd,7003,Steinway St & 21 Ave,7137,40.770845,-73.934171,40.774798,-73.903787,casual
2386436,F7C7F423C189BF6E,classic_bike,2021-10-16 16:09:22,2021-10-16 16:12:33,20 Ave & 33 St,7226,Steinway St & 21 Ave,7137,40.779399,-73.905708,40.774798,-73.903787,member
2386505,393DE2EFF482F2FE,classic_bike,2021-10-13 17:16:08,2021-10-13 17:19:52,20 Ave & 33 St,7226,Steinway St & 21 Ave,7137,40.779399,-73.905708,40.774798,-73.903787,member
2386512,24E56B032534DF69,classic_bike,2021-10-25 20:43:36,2021-10-25 20:47:14,20 Ave & 33 St,7226,Steinway St & 21 Ave,7137,40.779399,-73.905708,40.774798,-73.903787,member
2386526,142986A1B9220C1C,electric_bike,2021-10-04 20:29:37,2021-10-04 20:32:16,20 Ave & 33 St,7226,Steinway St & 21 Ave,7137,40.779399,-73.905708,40.774798,-73.903787,member
2386527,000575B0430FC33E,classic_bike,2021-10-24 18:14:00,2021-10-24 18:17:02,20 Ave & 33 St,7226,Steinway St & 21 Ave,7137,40.779399,-73.905708,40.774798,-73.903787,member
2386528,9AC36212B5DF5854,classic_bike,2021-10-28 19:25:12,2021-10-28 19:28:22,20 Ave & 33 St,7226,Steinway St & 21 Ave,7137,40.779399,-73.905708,40.774798,-73.903787,member
2386537,3D0C73E3A0412587,classic_bike,2021-10-11 11:41:26,2021-10-11 12:29:54,20 Ave & 33 St,7226,Steinway St & 21 Ave,7137,40.779399,-73.905708,40.774798,-73.903787,member
2386899,F07850FF3A778BAF,electric_bike,2021-10-02 02:07:21,2021-10-02 02:12:58,28 Ave & 35 St,6951,Steinway St & 21 Ave,7137,40.7671,-73.9169858,40.774798,-73.903787,casual
2386901,505D5207E73D565F,electric_bike,2021-10-10 03:08:58,2021-10-10 03:15:06,28 Ave & 35 St,6951,Steinway St & 21 Ave,7137,40.7671,-73.9169858,40.774798,-73.903787,casual
2386911,02650CE5BA0BB598,classic_bike,2021-10-23 14:46:06,2021-10-23 14:52:37,28 Ave & 35 St,6951,Steinway St & 21 Ave,7137,40.7671,-73.9169858,40.774798,-73.903787,casual
2387097,751184D253B52F72,classic_bike,2021-10-21 17:24:27,2021-10-21 17:28:21,Ditmars Blvd & 43 St,7039,Steinway St & 21 Ave,7137,40.771203,-73.903865,40.774798,-73.903787,member
2387228,32B16791A896FED4,classic_bike,2021-10-09 11:19:22,2021-10-09 11:21:41,Ditmars Blvd & 43 St,7039,Steinway St & 21 Ave,7137,40.771203,-73.903865,40.774798,-73.903787,member
2387240,A970BFCB15BC7749,classic_bike,2021-10-12 19:05:21,2021-10-12 19:34:00,31 Ave & 34 St,6819,Steinway St & 21 Ave,7137,40.763154,-73.920827,40.774798,-73.903787,casual
2387349,0BB5441D523E9E61,classic_bike,2021-10-01 20:14:56,2021-10-01 20:37:39,31 Ave & 34 St,6819,Steinway St & 21 Ave,7137,40.763154,-73.920827,40.774798,-73.903787,casual
2387398,D90CCD9A9A65C635,classic_bike,2021-10-25 19:14:23,2021-10-25 19:18:03,Ditmars Blvd & 43 St,7039,Steinway St & 21 Ave,7137,40.771203,-73.903865,40.774798,-73.903787,member
2387461,48D0F6C51FBDE5C1,classic_bike,2021-10-06 17:54:28,2021-10-06 18:05:22,Ditmars Blvd & 43 St,7039,Steinway St & 21 Ave,7137,40.771203,-73.903865,40.774798,-73.903787,member
2387463,22BB24BF57BA68D3,electric_bike,2021-10-02 11:30:49,2021-10-02 11:33:56,Ditmars Blvd & 43 St,7039,Steinway St & 21 Ave,7137,40.771203,-73.903865,40.774798,-73.903787,member
2387471,23E6914B145A9947,classic_bike,2021-10-01 20:15:31,2021-10-01 20:37:21,31 Ave & 34 St,6819,Steinway St & 21 Ave,7137,40.763154,-73.920827,40.774798,-73.903787,casual
2387526,24C27F0F364B83B0,electric_bike,2021-10-23 20:30:04,2021-10-23 20:37:34,31 Ave & 34 St,6819,Steinway St & 21 Ave,7137,40.763154,-73.920827,40.774798,-73.903787,member
2387529,2B599AB1AF68D293,classic_bike,2021-10-18 21:35:40,2021-10-18 21:39:01,Ditmars Blvd & 43 St,7039,Steinway St & 21 Ave,7137,40.771203,-73.903865,40.774798,-73.903787,member
2387545,AA180D3DBF1D3AD6,classic_bike,2021-10-17 23:12:10,2021-10-17 23:23:10,31 Ave & 34 St,6819,Steinway St & 21 Ave,7137,40.763154,-73.920827,40.774798,-73.903787,casual
2387562,2C743999E1C6B332,electric_bike,2021-10-12 16:52:00,2021-10-12 17:20:49,28 St & 41 Ave,6462,Steinway St & 21 Ave,7137,40.751047,-73.93797,40.774798,-73.903787,casual
2387607,BC21481C1C94B412,classic_bike,2021-10-19 12:56:24,2021-10-19 13:07:46,Shore Blvd & Astoria Park,7271,Steinway St & 21 Ave,7137,40.77977,-73.923162,40.774798,-73.903787,casual
2387682,FBF17C28409A7158,classic_bike,2021-10-05 21:17:06,2021-10-05 21:19:48,36 St & Ditmars Blvd,7111,Steinway St & 21 Ave,7137,40.774306,-73.908335,40.774798,-73.903787,member
2387774,CB3B6438C5344338,classic_bike,2021-10-13 18:45:09,2021-10-13 18:48:57,36 St & Ditmars Blvd,7111,Steinway St & 21 Ave,7137,40.774306,-73.908335,40.774798,-73.903787,member
2387870,335C18F9317B1506,classic_bike,2021-10-31 16:50:29,2021-10-31 16:55:27,Ditmars Blvd & 19 St,7291,Steinway St & 21 Ave,7137,40.78145,-73.9183302,40.774798,-73.903787,member
2387887,CD7758B0E4B23273,classic_bike,2021-10-19 19:18:30,2021-10-19 19:20:42,36 St & Ditmars Blvd,7111,Steinway St & 21 Ave,7137,40.774306,-73.908335,40.774798,-73.903787,casual
2387919,B3B57510A1B01F14,classic_bike,2021-10-13 18:45:20,2021-10-13 18:48:32,36 St & Ditmars Blvd,7111,Steinway St & 21 Ave,7137,40.774306,-73.908335,40.774798,-73.903787,member
2387935,E96E35E962C2FAE1,classic_bike,2021-10-09 01:03:12,2021-10-09 01:13:51,Ditmars Blvd & 19 St,7291,Steinway St & 21 Ave,7137,40.78145,-73.9183302,40.774798,-73.903787,casual
2387974,CBF92E925E0DDFB4,classic_bike,2021-10-04 21:49:20,2021-10-04 21:52:01,36 St & Ditmars Blvd,7111,Steinway St & 21 Ave,7137,40.774306,-73.908335,40.774798,-73.903787,member
2387991,3AEE96DFD6E4DB06,classic_bike,2021-10-09 01:04:11,2021-10-09 01:13:57,Ditmars Blvd & 19 St,7291,Steinway St & 21 Ave,7137,40.78145,-73.9183302,40.774798,-73.903787,casual
2388028,477B4A8399C2705D,classic_bike,2021-10-30 16:48:50,2021-10-30 16:53:05,31 St & Ditmars Blvd,7144,Steinway St & 21 Ave,7137,40.776168,-73.910485,40.774798,-73.903787,member
2388030,9A408A6FEE881C08,classic_bike,2021-10-05 17:39:27,2021-10-05 17:42:56,31 St & Ditmars Blvd,7144,Steinway St & 21 Ave,7137,40.776168,-73.910485,40.774798,-73.903787,member
2388048,1156E0257D34F748,classic_bike,2021-10-07 09:40:27,2021-10-07 10:18:03,31 St & Ditmars Blvd,7144,Steinway St & 21 Ave,7137,40.776168,-73.910485,40.774798,-73.903787,casual
2388054,1775312047B1D9F1,electric_bike,2021-10-24 04:10:10,2021-10-24 04:13:56,31 St & Ditmars Blvd,7144,Steinway St & 21 Ave,7137,40.776168,-73.910485,40.774798,-73.903787,casual
2388062,7DA25A63729FA6E1,classic_bike,2021-10-28 22:16:12,2021-10-28 22:20:38,31 St & Ditmars Blvd,7144,Steinway St & 21 Ave,7137,40.776168,-73.910485,40.774798,-73.903787,casual
2388073,15E13333E59E55D3,electric_bike,2021-10-30 21:34:23,2021-10-30 21:37:33,31 St & Ditmars Blvd,7144,Steinway St & 21 Ave,7137,40.776168,-73.910485,40.774798,-73.903787,casual
2388082,472064F83D58D97F,electric_bike,2021-10-08 21:59:01,2021-10-08 22:01:42,31 St & Ditmars Blvd,7144,Steinway St & 21 Ave,7137,40.776168,-73.910485,40.774798,-73.903787,member
2388083,2A1BB8B41B230D25,classic_bike,2021-10-24 19:24:00,2021-10-24 19:28:00,31 St & Ditmars Blvd,7144,Steinway St & 21 Ave,7137,40.776168,-73.910485,40.774798,-73.903787,member
2388093,F2155F2D4D620EE2,classic_bike,2021-10-20 13:24:13,2021-10-20 13:28:11,31 St & Ditmars Blvd,7144,Steinway St & 21 Ave,7137,40.776168,-73.910485,40.774798,-73.903787,casual
2388124,1E609D5CEAA2B5D3,classic_bike,2021-10-23 01:26:24,2021-10-23 01:29:26,31 St & Ditmars Blvd,7144,Steinway St & 21 Ave,7137,40.776168,-73.910485,40.774798,-73.903787,member
2388135,525363D61160F7C9,classic_bike,2021-10-06 15:30:43,2021-10-06 15:36:28,31 St & Ditmars Blvd,7144,Steinway St & 21 Ave,7137,40.776168,-73.910485,40.774798,-73.903787,member
2388143,889DDBFB4B176B3F,classic_bike,2021-10-15 16:54:11,2021-10-15 16:58:11,31 St & Ditmars Blvd,7144,Steinway St & 21 Ave,7137,40.776168,-73.910485,40.774798,-73.903787,casual
2388148,5A66C2E5FF60AC1C,classic_bike,2021-10-06 19:32:03,2021-10-06 19:35:48,31 St & Ditmars Blvd,7144,Steinway St & 21 Ave,7137,40.776168,-73.910485,40.774798,-73.903787,casual
2388153,B20A49B9A0D7FD12,classic_bike,2021-10-17 18:47:10,2021-10-17 18:49:44,31 St & Ditmars Blvd,7144,Steinway St & 21 Ave,7137,40.776168,-73.910485,40.774798,-73.903787,member
2388157,CC7154B2E8B983DE,classic_bike,2021-10-22 01:02:02,2021-10-22 01:06:20,31 St & Ditmars Blvd,7144,Steinway St & 21 Ave,7137,40.776168,-73.910485,40.774798,-73.903787,member
2388167,D9A4AF689BD18F9D,classic_bike,2021-10-27 13:48:14,2021-10-27 13:52:31,31 St & Ditmars Blvd,7144,Steinway St & 21 Ave,7137,40.776168,-73.910485,40.774798,-73.903787,member
2388192,5379C1B3B2FCCA13,classic_bike,2021-10-03 23:57:56,2021-10-04 00:03:52,31 St & Ditmars Blvd,7144,Steinway St & 21 Ave,7137,40.776168,-73.910485,40.774798,-73.903787,member
2388202,378DF59AC5B7D87B,electric_bike,2021-10-01 19:54:04,2021-10-01 20:19:28,31 St & Ditmars Blvd,7144,Steinway St & 21 Ave,7137,40.776168,-73.910485,40.774798,-73.903787,member
2388211,0F2E9F23D89E42DB,classic_bike,2021-10-31 04:46:19,2021-10-31 04:49:58,31 St & Ditmars Blvd,7144,Steinway St & 21 Ave,7137,40.776168,-73.910485,40.774798,-73.903787,casual
2388212,2EBD1C011034D779,electric_bike,2021-10-16 12:28:25,2021-10-16 12:32:35,31 St & Ditmars Blvd,7144,Steinway St & 21 Ave,7137,40.776168,-73.910485,40.774798,-73.903787,casual
2388215,A8F759EFE656D6CF,classic_bike,2021-10-07 16:54:44,2021-10-07 16:59:28,31 St & Ditmars Blvd,7144,Steinway St & 21 Ave,7137,40.776168,-73.910485,40.774798,-73.903787,casual
2388235,01A1F16778A50377,classic_bike,2021-10-11 14:59:41,2021-10-11 15:02:37,31 St & Ditmars Blvd,7144,Steinway St & 21 Ave,7137,40.776168,-73.910485,40.774798,-73.903787,member
2388242,1B08C565F7951AE9,classic_bike,2021-10-22 18:27:47,2021-10-22 18:32:29,31 St & Ditmars Blvd,7144,Steinway St & 21 Ave,7137,40.776168,-73.910485,40.774798,-73.903787,member
2388272,E27E15B8DBDD608D,classic_bike,2021-10-19 18:12:50,2021-10-19 18:16:30,31 St & Ditmars Blvd,7144,Steinway St & 21 Ave,7137,40.776168,-73.910485,40.774798,-73.903787,member
2388273,8C83229D11FCD819,classic_bike,2021-10-03 19:09:59,2021-10-03 19:14:32,31 St & Ditmars Blvd,7144,Steinway St & 21 Ave,7137,40.776168,-73.910485,40.774798,-73.903787,member
2388278,BC0643B31FABD521,classic_bike,2021-10-30 12:59:28,2021-10-30 13:04:41,31 St & Ditmars Blvd,7144,Steinway St & 21 Ave,7137,40.776168,-73.910485,40.774798,-73.903787,member
2388279,CA0D0092581377CA,classic_bike,2021-10-08 19:07:29,2021-10-08 19:12:02,31 St & Ditmars Blvd,7144,Steinway St & 21 Ave,7137,40.776168,-73.910485,40.774798,-73.903787,member
2388281,2F87CE782700858D,classic_bike,2021-10-11 22:56:28,2021-10-11 23:00:18,31 St & Ditmars Blvd,7144,Steinway St & 21 Ave,7137,40.776168,-73.910485,40.774798,-73.903787,member
2388286,69D6AA3D37A8A9FC,classic_bike,2021-10-01 16:49:24,2021-10-01 16:54:06,31 St & Ditmars Blvd,7144,Steinway St & 21 Ave,7137,40.776168,-73.910485,40.774798,-73.903787,casual
2388289,08E38169A11CFB29,classic_bike,2021-10-23 18:16:47,2021-10-23 18:20:23,31 St & Ditmars Blvd,7144,Steinway St & 21 Ave,7137,40.776168,-73.910485,40.774798,-73.903787,casual
2388290,DF6AB8E79900A50D,classic_bike,2021-10-28 21:49:02,2021-10-28 22:05:28,31 St & Ditmars Blvd,7144,Steinway St & 21 Ave,7137,40.776168,-73.910485,40.774798,-73.903787,casual
2388295,69BB90D0C3582967,classic_bike,2021-10-10 14:36:15,2021-10-10 14:40:56,31 St & Ditmars Blvd,7144,Steinway St & 21 Ave,7137,40.776168,-73.910485,40.774798,-73.903787,member
2388296,377BF62192BBB310,classic_bike,2021-10-14 15:39:16,2021-10-14 15:42:50,31 St & Ditmars Blvd,7144,Steinway St & 21 Ave,7137,40.776168,-73.910485,40.774798,-73.903787,member
2388297,6BA42B60B8FEB71A,classic_bike,2021-10-20 16:38:08,2021-10-20 16:41:20,31 St & Ditmars Blvd,7144,Steinway St & 21 Ave,7137,40.776168,-73.910485,40.774798,-73.903787,member
2388304,3A6C1B44AA7B5FD1,electric_bike,2021-10-28 15:58:49,2021-10-28 16:02:03,31 St & Ditmars Blvd,7144,Steinway St & 21 Ave,7137,40.776168,-73.910485,40.774798,-73.903787,casual
2388305,7D49805C2DDC8412,classic_bike,2021-10-21 20:58:50,2021-10-21 21:04:08,31 St & Ditmars Blvd,7144,Steinway St & 21 Ave,7137,40.776168,-73.910485,40.774798,-73.903787,member
2388308,7D8ADB02ED378401,classic_bike,2021-10-24 20:08:35,2021-10-24 20:12:28,31 St & Ditmars Blvd,7144,Steinway St & 21 Ave,7137,40.776168,-73.910485,40.774798,-73.903787,member
2388309,C0CF531B8B035993,classic_bike,2021-10-24 22:51:50,2021-10-24 22:55:07,31 St & Ditmars Blvd,7144,Steinway St & 21 Ave,7137,40.776168,-73.910485,40.774798,-73.903787,member
2388319,C2DDC895EF767480,classic_bike,2021-10-26 23:07:16,2021-10-26 23:09:48,31 St & Ditmars Blvd,7144,Steinway St & 21 Ave,7137,40.776168,-73.910485,40.774798,-73.903787,member
2388336,5677BD8E9AAD24E5,electric_bike,2021-10-17 11:43:25,2021-10-17 11:55:05,31 St & Ditmars Blvd,7144,Steinway St & 21 Ave,7137,40.776168,-73.910485,40.774798,-73.903787,member
2388348,6B50AC0925E231D8,classic_bike,2021-10-03 18:12:09,2021-10-03 18:15:56,31 St & Ditmars Blvd,7144,Steinway St & 21 Ave,7137,40.776168,-73.910485,40.774798,-73.903787,member
2388349,AE603AD5686F766F,classic_bike,2021-10-02 21:15:11,2021-10-02 21:19:30,31 St & Ditmars Blvd,7144,Steinway St & 21 Ave,7137,40.776168,-73.910485,40.774798,-73.903787,member
2388355,6DFEECAE07E17CB7,classic_bike,2021-10-31 10:39:07,2021-10-31 10:42:54,31 St & Ditmars Blvd,7144,Steinway St & 21 Ave,7137,40.776168,-73.910485,40.774798,-73.903787,member
2388356,6B44A2BA61870B12,classic_bike,2021-10-05 09:59:24,2021-10-05 10:03:57,31 St & Ditmars Blvd,7144,Steinway St & 21 Ave,7137,40.776168,-73.910485,40.774798,-73.903787,casual
2388359,383D0F05A39C37B9,electric_bike,2021-10-12 19:42:49,2021-10-12 19:45:37,31 St & Ditmars Blvd,7144,Steinway St & 21 Ave,7137,40.776168,-73.910485,40.774798,-73.903787,member
2388365,E74B8FD1DC33DE03,classic_bike,2021-10-23 10:23:47,2021-10-23 10:26:46,31 St & Ditmars Blvd,7144,Steinway St & 21 Ave,7137,40.776168,-73.910485,40.774798,-73.903787,member
2388372,BC3E18FE52A21155,electric_bike,2021-10-30 20:58:52,2021-10-30 21:01:25,31 St & Ditmars Blvd,7144,Steinway St & 21 Ave,7137,40.776168,-73.910485,40.774798,-73.903787,member
2388381,B8882DE98EE02BCC,electric_bike,2021-10-15 14:34:19,2021-10-15 14:38:14,31 St & Ditmars Blvd,7144,Steinway St & 21 Ave,7137,40.776168,-73.910485,40.774798,-73.903787,member
2388382,FB54FCCC16C1F142,electric_bike,2021-10-09 16:22:01,2021-10-09 16:25:32,31 St & Ditmars Blvd,7144,Steinway St & 21 Ave,7137,40.776168,-73.910485,40.774798,-73.903787,casual
2388383,9B3666AD7E1598B8,classic_bike,2021-10-23 11:36:08,2021-10-23 11:39:48,31 St & Ditmars Blvd,7144,Steinway St & 21 Ave,7137,40.776168,-73.910485,40.774798,-73.903787,casual
2388390,D3CF04BC1932AFC2,electric_bike,2021-10-21 19:18:40,2021-10-21 19:23:12,31 St & Ditmars Blvd,7144,Steinway St & 21 Ave,7137,40.776168,-73.910485,40.774798,-73.903787,casual
2388400,1FA52920560C0F79,classic_bike,2021-10-07 00:11:32,2021-10-07 00:15:15,31 St & Ditmars Blvd,7144,Steinway St & 21 Ave,7137,40.776168,-73.910485,40.774798,-73.903787,member
2388401,5B3E3056458D5177,classic_bike,2021-10-08 18:33:17,2021-10-08 18:43:24,31 St & Ditmars Blvd,7144,Steinway St & 21 Ave,7137,40.776168,-73.910485,40.774798,-73.903787,member
2388416,83BE996526C445FB,classic_bike,2021-10-11 18:13:54,2021-10-11 18:16:56,31 St & Ditmars Blvd,7144,Steinway St & 21 Ave,7137,40.776168,-73.910485,40.774798,-73.903787,casual
2388420,518E100462BE12B8,classic_bike,2021-10-16 18:43:04,2021-10-16 18:46:50,31 St & Ditmars Blvd,7144,Steinway St & 21 Ave,7137,40.776168,-73.910485,40.774798,-73.903787,casual
2388422,5854D206BF954710,classic_bike,2021-10-03 18:12:37,2021-10-03 18:16:30,31 St & Ditmars Blvd,7144,Steinway St & 21 Ave,7137,40.776168,-73.910485,40.774798,-73.903787,member
2388433,5A94D1D3B7854074,classic_bike,2021-10-04 09:31:32,2021-10-04 09:38:00,31 St & Ditmars Blvd,7144,Steinway St & 21 Ave,7137,40.776168,-73.910485,40.774798,-73.903787,casual
2388435,86680C448F730950,classic_bike,2021-10-04 13:58:54,2021-10-04 14:04:07,31 St & Ditmars Blvd,7144,Steinway St & 21 Ave,7137,40.776168,-73.910485,40.774798,-73.903787,member
2388437,E899A1EB886012C8,classic_bike,2021-10-19 01:02:28,2021-10-19 01:05:09,31 St & Ditmars Blvd,7144,Steinway St & 21 Ave,7137,40.776168,-73.910485,40.774798,-73.903787,member
2388453,2A5D4B43A5BF428E,classic_bike,2021-10-16 12:34:28,2021-10-16 12:38:40,31 St & Ditmars Blvd,7144,Steinway St & 21 Ave,7137,40.776168,-73.910485,40.774798,-73.903787,member
2388455,3A76205E46E00B48,classic_bike,2021-10-04 18:50:21,2021-10-04 18:53:29,31 St & Ditmars Blvd,7144,Steinway St & 21 Ave,7137,40.776168,-73.910485,40.774798,-73.903787,member
2388457,1BDD27A325C46DF8,classic_bike,2021-10-14 16:55:54,2021-10-14 16:59:00,31 St & Ditmars Blvd,7144,Steinway St & 21 Ave,7137,40.776168,-73.910485,40.774798,-73.903787,member
2388475,C72B0D8D346FA93F,electric_bike,2021-10-04 16:36:10,2021-10-04 17:26:44,31 St & Ditmars Blvd,7144,Steinway St & 21 Ave,7137,40.776168,-73.910485,40.774798,-73.903787,casual
2388482,27023EAE547FD0FC,classic_bike,2021-10-15 15:46:14,2021-10-15 15:49:58,31 St & Ditmars Blvd,7144,Steinway St & 21 Ave,7137,40.776168,-73.910485,40.774798,-73.903787,member
2388530,6FB75E409C206180,classic_bike,2021-10-23 13:24:38,2021-10-23 13:27:33,31 St & Ditmars Blvd,7144,Steinway St & 21 Ave,7137,40.776168,-73.910485,40.774798,-73.903787,member
2388531,E56DAE8A456A2DBF,classic_bike,2021-10-21 14:50:34,2021-10-21 14:55:04,31 St & Ditmars Blvd,7144,Steinway St & 21 Ave,7137,40.776168,-73.910485,40.774798,-73.903787,member
2388532,83E6E7BFB6A0FC9C,classic_bike,2021-10-19 16:49:01,2021-10-19 16:52:40,31 St & Ditmars Blvd,7144,Steinway St & 21 Ave,7137,40.776168,-73.910485,40.774798,-73.903787,member
2388544,D2277985C40F9C90,electric_bike,2021-10-05 21:05:01,2021-10-05 21:12:09,Crescent St & Ditmars Blvd,7233,Steinway St & 21 Ave,7137,40.7787185,-73.9145645,40.774798,-73.903787,casual
2388604,BCD79B67FBB00CF0,classic_bike,2021-10-30 17:22:58,2021-10-30 17:29:04,Crescent St & Ditmars Blvd,7233,Steinway St & 21 Ave,7137,40.7787185,-73.9145645,40.774798,-73.903787,member
2388648,E09D9DCB6E46F7F2,classic_bike,2021-10-10 07:01:17,2021-10-10 07:07:34,Crescent St & Ditmars Blvd,7233,Steinway St & 21 Ave,7137,40.7787185,-73.9145645,40.774798,-73.903787,casual
2388748,74C91B54379E3562,electric_bike,2021-10-30 22:01:57,2021-10-30 22:08:02,23 Ave & 27 St,7178,Steinway St & 21 Ave,7137,40.776165,-73.9153175,40.774798,-73.903787,member
2389106,18B5C1A64CE0206D,classic_bike,2021-10-29 07:49:56,2021-10-29 07:56:48,20 Ave & 21 St,7363,Steinway St & 21 Ave,7137,40.784003,-73.912297,40.774798,-73.903787,member
2389107,A0984FF60690D637,classic_bike,2021-10-30 09:29:15,2021-10-30 09:35:54,20 Ave & 21 St,7363,Steinway St & 21 Ave,7137,40.784003,-73.912297,40.774798,-73.903787,member
2389294,D480B1ED6272C665,classic_bike,2021-10-03 21:04:16,2021-10-03 21:08:51,35 St & 23 Ave,7047,Steinway St & 21 Ave,7137,40.77301508291382,-73.91119033098221,40.774798,-73.903787,casual
2389525,A759D71E6B60BDDB,classic_bike,2021-10-15 19:58:40,2021-10-15 20:06:49,31 St & Hoyt Ave N,7018,Steinway St & 21 Ave,7137,40.7711528,-73.9170074,40.774798,-73.903787,member
2389553,A51A9FC7A0E80F99,classic_bike,2021-10-02 16:29:37,2021-10-02 16:39:32,31 St & Hoyt Ave N,7018,Steinway St & 21 Ave,7137,40.7711528,-73.9170074,40.774798,-73.903787,member
2389601,83FA3965458F9EB2,classic_bike,2021-10-07 16:32:05,2021-10-07 16:36:02,35 St & 23 Ave,7047,Steinway St & 21 Ave,7137,40.77301508291382,-73.91119033098221,40.774798,-73.903787,casual
2389609,27862CE287BEA83B,classic_bike,2021-10-17 13:25:33,2021-10-17 13:29:47,35 St & 23 Ave,7047,Steinway St & 21 Ave,7137,40.77301508291382,-73.91119033098221,40.774798,-73.903787,casual
2389774,6EBAA8DAFF4DC958,classic_bike,2021-10-23 11:49:39,2021-10-23 11:53:46,76 St & 21 Ave,7032,Steinway St & 21 Ave,7137,40.77028,-73.893675,40.774798,-73.903787,member
2390354,0CBE6EE48DAC9602,classic_bike,2021-10-29 14:21:12,2021-10-29 14:35:18,Astoria Park S & Shore Blvd,7159,Steinway St & 21 Ave,7137,40.7767,-73.927631,40.774798,-73.903787,member
2390669,5D7BD854AC35CC00,electric_bike,2021-10-06 02:14:25,2021-10-06 02:22:37,Astoria Park S & Shore Blvd,7159,Steinway St & 21 Ave,7137,40.7767,-73.927631,40.774798,-73.903787,casual
2390748,4147AF444B6384AF,classic_bike,2021-10-14 17:13:11,2021-10-14 17:26:32,Astoria Park S & Shore Blvd,7159,Steinway St & 21 Ave,7137,40.7767,-73.927631,40.774798,-73.903787,member
2390985,AC6FF02C4F6044F1,electric_bike,2021-10-15 18:11:22,2021-10-15 18:44:16,Leonard St & Nassau Ave,5550,Steinway St & 21 Ave,7137,40.7239567849954,-73.94984364509583,40.774798,-73.903787,casual
2391146,9DB16BB1FEF241F8,electric_bike,2021-10-10 11:15:32,2021-10-10 12:00:06,W 42 St & 6 Ave,6517,Steinway St & 21 Ave,7137,40.75492,-73.98455,40.774798,-73.903787,casual
2391749,C0403F8CABB86976,electric_bike,2021-10-26 15:52:19,2021-10-26 16:08:05,34 Ave & 38 St,6638,Steinway St & 21 Ave,7137,40.756913,-73.921631,40.774798,-73.903787,member
2391803,AAE5B6A765C08619,classic_bike,2021-10-28 18:09:58,2021-10-28 18:13:19,Ditmars Blvd & 43 St,7039,Steinway St & 21 Ave,7137,40.771203,-73.903865,40.774798,-73.903787,member
2391923,F62E601A5471E008,classic_bike,2021-10-15 19:04:00,2021-10-15 19:17:17,50 St & Northern Blvd,6511,Steinway St & 21 Ave,7137,40.753441,-73.912402,40.774798,-73.903787,member
2392113,BB6F7918AA41D6AA,classic_bike,2021-10-31 18:31:13,2021-10-31 19:01:59,8 St & Astoria Blvd,7068,Steinway St & 21 Ave,7137,40.7725996921817,-73.93266275525093,40.774798,-73.903787,casual
2392232,B1556D10A3C83B94,classic_bike,2021-10-01 14:04:51,2021-10-01 14:26:18,31 Ave & Steinway St,6782,Steinway St & 21 Ave,7137,40.7611488,-73.9170071,40.774798,-73.903787,member
2392389,FDBC04CF652916F4,classic_bike,2021-10-21 19:35:14,2021-10-21 19:43:55,Steinway St & 28 Ave,6915,Steinway St & 21 Ave,7137,40.7656251,-73.9136695,40.774798,-73.903787,member
2392397,F9492E18B1571AC6,classic_bike,2021-10-31 16:24:11,2021-10-31 16:29:29,Steinway St & 28 Ave,6915,Steinway St & 21 Ave,7137,40.7656251,-73.9136695,40.774798,-73.903787,member
2392482,616C2CC5D774A160,classic_bike,2021-10-16 18:18:40,2021-10-16 18:23:33,Steinway St & 28 Ave,6915,Steinway St & 21 Ave,7137,40.7656251,-73.9136695,40.774798,-73.903787,member
2392493,F6D661B45F8C64BD,electric_bike,2021-10-12 12:03:14,2021-10-12 12:07:58,Steinway St & 28 Ave,6915,Steinway St & 21 Ave,7137,40.7656251,-73.9136695,40.774798,-73.903787,member
2392698,E9B2AE9C50D3526A,classic_bike,2021-10-30 19:54:12,2021-10-30 20:24:22,Newtown Ave & 23 St,7026,Steinway St & 21 Ave,7137,40.7713615,-73.9246145,40.774798,-73.903787,member
2392875,B4E30F7C4678CA14,classic_bike,2021-10-08 14:59:56,2021-10-08 15:12:43,31 Ave & Crescent St,6893,Steinway St & 21 Ave,7137,40.7658346,-73.9265474,40.774798,-73.903787,member
2393203,7089733D1F4D8255,classic_bike,2021-10-08 15:00:04,2021-10-08 15:12:42,31 Ave & Crescent St,6893,Steinway St & 21 Ave,7137,40.7658346,-73.9265474,40.774798,-73.903787,member
2393222,2FB87A59CA06503B,electric_bike,2021-10-05 07:46:30,2021-10-05 07:51:11,Hazen St & 20 Ave,7032,Steinway St & 21 Ave,7137,40.772092,-73.895166,40.774798,-73.903787,member
2393503,E91359C9213A5717,classic_bike,2021-10-02 18:53:36,2021-10-02 18:59:42,Steinway St & 28 Ave,6915,Steinway St & 21 Ave,7137,40.7656251,-73.9136695,40.774798,-73.903787,member
2393567,90E2DB194C0AFC84,electric_bike,2021-10-30 11:48:17,2021-10-30 12:05:18,34 Ave & 31 St,6720,Steinway St & 21 Ave,7137,40.759604471387945,-73.92714411020279,40.774798,-73.903787,member
2394420,18262FFA8F8608CA,classic_bike,2021-10-05 00:18:42,2021-10-05 00:22:01,20 Ave & 42 St,7163,Steinway St & 21 Ave,7137,40.775415,-73.900063,40.774798,-73.903787,member
2394421,FD70A304987CD736,classic_bike,2021-10-05 18:13:09,2021-10-05 18:15:33,20 Ave & 42 St,7163,Steinway St & 21 Ave,7137,40.775415,-73.900063,40.774798,-73.903787,member
2394422,A424A4094F42012F,classic_bike,2021-10-20 13:10:19,2021-10-20 13:12:34,20 Ave & 42 St,7163,Steinway St & 21 Ave,7137,40.775415,-73.900063,40.774798,-73.903787,member
2394423,4FA77117E232C039,classic_bike,2021-10-17 21:26:57,2021-10-17 21:29:08,20 Ave & 42 St,7163,Steinway St & 21 Ave,7137,40.775415,-73.900063,40.774798,-73.903787,member
2394429,8E735B943EBECCCE,electric_bike,2021-10-30 16:26:53,2021-10-30 16:59:08,44 Dr & Jackson Ave,6352,Steinway St & 21 Ave,7137,40.74718234,-73.9432635,40.774798,-73.903787,casual
2394436,9FF4D8664BB1D0DA,classic_bike,2021-10-06 18:06:01,2021-10-06 18:35:35,20 Ave & 42 St,7163,Steinway St & 21 Ave,7137,40.775415,-73.900063,40.774798,-73.903787,member
2394438,D0344511F501A62A,classic_bike,2021-10-27 12:59:45,2021-10-27 13:02:00,20 Ave & 42 St,7163,Steinway St & 21 Ave,7137,40.775415,-73.900063,40.774798,-73.903787,member
2394439,9A7D1A9CD01530CB,classic_bike,2021-10-02 23:25:28,2021-10-02 23:29:35,20 Ave & 42 St,7163,Steinway St & 21 Ave,7137,40.775415,-73.900063,40.774798,-73.903787,member
2394440,3AB3A6599EF45BC7,classic_bike,2021-10-10 20:49:46,2021-10-10 20:52:08,20 Ave & 42 St,7163,Steinway St & 21 Ave,7137,40.775415,-73.900063,40.774798,-73.903787,member
2394441,193E342FCC1DDC25,classic_bike,2021-10-22 09:37:50,2021-10-22 09:40:13,20 Ave & 42 St,7163,Steinway St & 21 Ave,7137,40.775415,-73.900063,40.774798,-73.903787,member
2394468,37829B579E0954E2,classic_bike,2021-10-13 13:16:23,2021-10-13 13:18:22,20 Ave & 42 St,7163,Steinway St & 21 Ave,7137,40.775415,-73.900063,40.774798,-73.903787,member
2394469,462BAF983BCFA74C,classic_bike,2021-10-07 18:20:58,2021-10-07 18:22:52,20 Ave & 42 St,7163,Steinway St & 21 Ave,7137,40.775415,-73.900063,40.774798,-73.903787,member
2394533,0E57487CB3D9FC26,classic_bike,2021-10-18 18:42:31,2021-10-18 18:46:37,20 Ave & 42 St,7163,Steinway St & 21 Ave,7137,40.775415,-73.900063,40.774798,-73.903787,member
2394543,3A4830E777188C1C,classic_bike,2021-10-23 12:21:14,2021-10-23 12:23:17,20 Ave & 42 St,7163,Steinway St & 21 Ave,7137,40.775415,-73.900063,40.774798,-73.903787,member
2394684,A81FAA881E8A986C,classic_bike,2021-10-03 20:15:34,2021-10-03 20:19:43,21 Ave & Crescent St,7284,Steinway St & 21 Ave,7137,40.780478,-73.912212,40.774798,-73.903787,member
2394701,2B153F048F4C4118,electric_bike,2021-10-02 11:49:48,2021-10-02 11:53:21,21 Ave & Crescent St,7284,Steinway St & 21 Ave,7137,40.780478,-73.912212,40.774798,-73.903787,casual
2395734,B6580A0D0EA395B6,electric_bike,2021-10-14 00:14:53,2021-10-14 00:17:47,37 St & 24 Ave,6981,Steinway St & 21 Ave,7137,40.7701477,-73.9120938,40.774798,-73.903787,member
2395806,F4A05DD9BC30DBFC,classic_bike,2021-10-29 01:00:46,2021-10-29 01:06:12,37 St & 24 Ave,6981,Steinway St & 21 Ave,7137,40.7701477,-73.9120938,40.774798,-73.903787,casual
2396564,EA5D005DE1CCECCF,electric_bike,2021-10-31 10:51:29,2021-10-31 10:53:37,31 St & 21 Ave,7202,Steinway St & 21 Ave,7137,40.77813,-73.90842,40.774798,-73.903787,member
2396593,CA20EF625706D023,electric_bike,2021-10-29 02:34:51,2021-10-29 02:37:11,31 St & 21 Ave,7202,Steinway St & 21 Ave,7137,40.77813,-73.90842,40.774798,-73.903787,member
2396655,4DA1DDB6BCE4114F,classic_bike,2021-10-23 17:37:13,2021-10-23 17:40:32,31 St & 21 Ave,7202,Steinway St & 21 Ave,7137,40.77813,-73.90842,40.774798,-73.903787,member
2396660,D3CE2DCE9F21FA80,classic_bike,2021-10-11 22:07:45,2021-10-11 22:11:09,31 St & 21 Ave,7202,Steinway St & 21 Ave,7137,40.77813,-73.90842,40.774798,-73.903787,member
2396671,622FCDE7A7429A53,electric_bike,2021-10-22 15:19:12,2021-10-22 15:22:27,31 St & 21 Ave,7202,Steinway St & 21 Ave,7137,40.77813,-73.90842,40.774798,-73.903787,casual
2396680,3823E35649B664A6,classic_bike,2021-10-03 11:54:04,2021-10-03 11:57:54,31 St & 21 Ave,7202,Steinway St & 21 Ave,7137,40.77813,-73.90842,40.774798,-73.903787,member
2396681,BC30D0C272336E6F,classic_bike,2021-10-17 12:01:07,2021-10-17 12:04:58,31 St & 21 Ave,7202,Steinway St & 21 Ave,7137,40.77813,-73.90842,40.774798,-73.903787,member
2396682,E7101336B6F8E67B,classic_bike,2021-10-24 11:58:24,2021-10-24 12:01:18,31 St & 21 Ave,7202,Steinway St & 21 Ave,7137,40.77813,-73.90842,40.774798,-73.903787,member
2396683,A2D09F90FB3F8DAD,classic_bike,2021-10-13 20:08:44,2021-10-13 20:11:41,31 St & 21 Ave,7202,Steinway St & 21 Ave,7137,40.77813,-73.90842,40.774798,-73.903787,member
2396849,0589859F2984C797,classic_bike,2021-10-20 20:14:51,2021-10-20 20:17:56,31 St & 21 Ave,7202,Steinway St & 21 Ave,7137,40.77813,-73.90842,40.774798,-73.903787,member
2396850,EBFBE1E6170BCDCD,classic_bike,2021-10-10 11:53:03,2021-10-10 11:56:38,31 St & 21 Ave,7202,Steinway St & 21 Ave,7137,40.77813,-73.90842,40.774798,-73.903787,member
2396900,37AC6E177B10C3D3,classic_bike,2021-10-06 20:12:35,2021-10-06 20:15:29,31 St & 21 Ave,7202,Steinway St & 21 Ave,7137,40.77813,-73.90842,40.774798,-73.903787,member
2396913,B3FF390120F333E3,classic_bike,2021-10-12 20:24:21,2021-10-12 20:27:20,31 St & 21 Ave,7202,Steinway St & 21 Ave,7137,40.77813,-73.90842,40.774798,-73.903787,casual
2396946,EB8780D9DA81524D,classic_bike,2021-10-24 13:08:33,2021-10-24 13:11:31,31 St & 21 Ave,7202,Steinway St & 21 Ave,7137,40.77813,-73.90842,40.774798,-73.903787,member
2396956,BDCC8DFECD41CA61,classic_bike,2021-10-10 18:20:31,2021-10-10 18:23:21,31 St & 21 Ave,7202,Steinway St & 21 Ave,7137,40.77813,-73.90842,40.774798,-73.903787,member
2397025,FDA43FD6574749B0,electric_bike,2021-10-21 22:28:12,2021-10-21 22:33:06,31 St & 21 Ave,7202,Steinway St & 21 Ave,7137,40.77813,-73.90842,40.774798,-73.903787,casual
2397361,15BE21F82CC5D1BA,electric_bike,2021-10-24 00:34:38,2021-10-24 00:41:18,28 Ave & 44 St,6879,Steinway St & 21 Ave,7137,40.76408932350688,-73.91065120697021,40.774798,-73.903787,casual
2397425,CE66B6A1551D7914,classic_bike,2021-10-29 17:42:48,2021-10-29 17:53:41,46 St & 30 Rd,6703,Steinway St & 21 Ave,7137,40.76072,-73.910989,40.774798,-73.903787,casual
2397461,8B09CC51F8E9371E,classic_bike,2021-10-11 14:27:23,2021-10-11 14:33:15,21 Ave & Shore Blvd,7342,Steinway St & 21 Ave,7137,40.783956,-73.916894,40.774798,-73.903787,member
2397716,C20BE30785068174,electric_bike,2021-10-05 19:17:23,2021-10-05 19:29:39,31 Ave & 30 St,6857,Steinway St & 21 Ave,7137,40.7647,-73.9240312,40.774798,-73.903787,member
2397984,0DF1EAAD110999D9,classic_bike,2021-10-19 19:17:05,2021-10-19 19:29:08,31 Ave & 30 St,6857,Steinway St & 21 Ave,7137,40.7647,-73.9240312,40.774798,-73.903787,member
2397985,CB196E5824931B83,classic_bike,2021-10-12 07:07:27,2021-10-12 07:18:54,31 Ave & 30 St,6857,Steinway St & 21 Ave,7137,40.7647,-73.9240312,40.774798,-73.903787,member
2397986,3B7D56201E8DA0A2,electric_bike,2021-10-28 07:07:53,2021-10-28 07:18:50,31 Ave & 30 St,6857,Steinway St & 21 Ave,7137,40.7647,-73.9240312,40.774798,-73.903787,member
2397987,B8AD8EB488D6282B,electric_bike,2021-10-14 07:09:51,2021-10-14 07:18:50,31 Ave & 30 St,6857,Steinway St & 21 Ave,7137,40.7647,-73.9240312,40.774798,-73.903787,member
2398221,4BBEEEC35BC1DDCE,classic_bike,2021-10-21 16:21:26,2021-10-21 16:28:52,21 Ave & Shore Blvd,7342,Steinway St & 21 Ave,7137,40.783956,-73.916894,40.774798,-73.903787,member
2398391,1C9839BE10D75EA8,classic_bike,2021-10-05 16:49:05,2021-10-05 17:00:35,Steinway St & Broadway,6711,Steinway St & 21 Ave,7137,40.75905795418586,-73.91897544264793,40.774798,-73.903787,casual
2398456,97C6821F8CF0C80F,classic_bike,2021-10-20 19:58:26,2021-10-20 20:07:19,Steinway St & Broadway,6711,Steinway St & 21 Ave,7137,40.75905795418586,-73.91897544264793,40.774798,-73.903787,member
2398502,B27ED00F961C81AC,classic_bike,2021-10-17 11:33:59,2021-10-17 11:44:42,Steinway St & Broadway,6711,Steinway St & 21 Ave,7137,40.75905795418586,-73.91897544264793,40.774798,-73.903787,casual
2398510,88821FCF101A1145,classic_bike,2021-10-18 18:20:19,2021-10-18 18:34:32,Steinway St & Broadway,6711,Steinway St & 21 Ave,7137,40.75905795418586,-73.91897544264793,40.774798,-73.903787,member
2398534,AAF4E37B5B4A44D3,classic_bike,2021-10-06 19:38:44,2021-10-06 19:50:08,Steinway St & Broadway,6711,Steinway St & 21 Ave,7137,40.75905795418586,-73.91897544264793,40.774798,-73.903787,casual
2398581,C813D68737ECB4A4,classic_bike,2021-10-27 14:05:51,2021-10-27 14:15:29,Steinway St & Broadway,6711,Steinway St & 21 Ave,7137,40.75905795418586,-73.91897544264793,40.774798,-73.903787,casual
2398670,6DC0BA4434A32AFD,classic_bike,2021-10-21 08:40:18,2021-10-21 08:45:20,23 Rd & 29 St,7082,Steinway St & 21 Ave,7137,40.77406014982225,-73.914934694767,40.774798,-73.903787,member
2398672,C84F83749708A85D,classic_bike,2021-10-29 08:36:20,2021-10-29 08:41:14,23 Rd & 29 St,7082,Steinway St & 21 Ave,7137,40.77406014982225,-73.914934694767,40.774798,-73.903787,member
2398760,45FB3E0D8E925A7A,classic_bike,2021-10-28 17:19:39,2021-10-28 17:27:29,28 Ave & 35 St,6951,Steinway St & 21 Ave,7137,40.7671,-73.9169858,40.774798,-73.903787,casual
2398770,F5A4FD59B5EE37D3,classic_bike,2021-10-12 10:06:09,2021-10-12 10:13:49,28 Ave & 35 St,6951,Steinway St & 21 Ave,7137,40.7671,-73.9169858,40.774798,-73.903787,casual
2398923,89E464968006BC7D,classic_bike,2021-10-24 16:57:55,2021-10-24 17:41:24,Steinway St & 21 Ave,7137,Steinway St & 21 Ave,7137,40.774798,-73.903787,40.774798,-73.903787,member
2398924,15A93748DA62C7B1,classic_bike,2021-10-13 14:36:08,2021-10-13 14:36:13,Steinway St & 21 Ave,7137,Steinway St & 21 Ave,7137,40.774798,-73.903787,40.774798,-73.903787,member
2398971,1B01194989C07B6C,classic_bike,2021-10-08 11:00:39,2021-10-08 11:02:07,Steinway St & 21 Ave,7137,Steinway St & 21 Ave,7137,40.774798,-73.903787,40.774798,-73.903787,casual
2399006,172C3AF6ABF51BF3,classic_bike,2021-10-28 15:57:59,2021-10-28 15:58:01,Steinway St & 21 Ave,7137,Steinway St & 21 Ave,7137,40.774798,-73.903787,40.774798,-73.903787,member
2399061,7D8DCF81DE97E972,electric_bike,2021-10-27 16:49:38,2021-10-27 17:18:40,Steinway St & 21 Ave,7137,Steinway St & 21 Ave,7137,40.774798,-73.903787,40.774798,-73.903787,casual
2399062,F4022FEBA1DB6AFC,electric_bike,2021-10-10 10:40:41,2021-10-10 11:06:56,Steinway St & 21 Ave,7137,Steinway St & 21 Ave,7137,40.774798,-73.903787,40.774798,-73.903787,casual
2399073,285DE8B4D93AE09D,classic_bike,2021-10-17 17:38:34,2021-10-17 18:12:36,Steinway St & 21 Ave,7137,Steinway St & 21 Ave,7137,40.774798,-73.903787,40.774798,-73.903787,member
2399476,9A9EE2BC0102C51B,electric_bike,2021-10-08 13:42:00,2021-10-08 13:42:01,Steinway St & 21 Ave,7137,Steinway St & 21 Ave,7137,40.774798,-73.903787,40.774798,-73.903787,member
2399485,62F0B70732D2E2D4,classic_bike,2021-10-30 11:53:55,2021-10-30 11:55:33,Steinway St & 21 Ave,7137,Steinway St & 21 Ave,7137,40.774798,-73.903787,40.774798,-73.903787,member
2399552,45937BF374849182,classic_bike,2021-10-19 10:22:27,2021-10-19 10:22:40,Steinway St & 21 Ave,7137,Steinway St & 21 Ave,7137,40.774798,-73.903787,40.774798,-73.903787,member
2399684,16C4812E3A99A258,classic_bike,2021-10-14 18:26:30,2021-10-14 18:45:42,Steinway St & 21 Ave,7137,Steinway St & 21 Ave,7137,40.774798,-73.903787,40.774798,-73.903787,member
2399807,1C20686946B98D86,classic_bike,2021-10-02 15:16:56,2021-10-02 15:17:51,Steinway St & 21 Ave,7137,Steinway St & 21 Ave,7137,40.774798,-73.903787,40.774798,-73.903787,member
2399843,1A925DE913E836C9,classic_bike,2021-10-11 16:17:37,2021-10-11 16:53:18,Steinway St & 21 Ave,7137,Steinway St & 21 Ave,7137,40.774798,-73.903787,40.774798,-73.903787,member
2399844,936BA9C1BE1CB217,classic_bike,2021-10-16 14:17:01,2021-10-16 15:00:00,Steinway St & 21 Ave,7137,Steinway St & 21 Ave,7137,40.774798,-73.903787,40.774798,-73.903787,member
2399898,99BB49BC9A0323C3,classic_bike,2021-10-11 16:29:19,2021-10-11 16:30:22,Steinway St & 21 Ave,7137,Steinway St & 21 Ave,7137,40.774798,-73.903787,40.774798,-73.903787,casual
2400073,14E6E836CAD0B157,classic_bike,2021-10-03 07:46:12,2021-10-03 08:29:46,Steinway St & 21 Ave,7137,Steinway St & 21 Ave,7137,40.774798,-73.903787,40.774798,-73.903787,member
2400074,0C86A7079A3506F0,classic_bike,2021-10-29 14:25:34,2021-10-29 14:31:47,Steinway St & 21 Ave,7137,Steinway St & 21 Ave,7137,40.774798,-73.903787,40.774798,-73.903787,member
2400124,5ACBB4299DBACA2E,classic_bike,2021-10-01 17:58:12,2021-10-01 17:58:53,Steinway St & 21 Ave,7137,Steinway St & 21 Ave,7137,40.774798,-73.903787,40.774798,-73.903787,member
2400222,9D5D4BAF77F3AD0E,classic_bike,2021-10-25 17:52:20,2021-10-25 17:57:41,31 St & Ditmars Blvd,7144,Steinway St & 21 Ave,7137,40.776168,-73.910485,40.774798,-73.903787,casual
2400223,48F5018E0CFB9928,classic_bike,2021-10-25 15:40:09,2021-10-25 15:44:31,31 St & Ditmars Blvd,7144,Steinway St & 21 Ave,7137,40.776168,-73.910485,40.774798,-73.903787,casual
2400254,10AEA4B20BF9436C,classic_bike,2021-10-20 13:43:28,2021-10-20 13:59:54,Steinway St & 21 Ave,7137,Steinway St & 21 Ave,7137,40.774798,-73.903787,40.774798,-73.903787,member
2400257,5CEA9F3765DC31AC,classic_bike,2021-10-20 16:58:29,2021-10-20 16:58:36,Steinway St & 21 Ave,7137,Steinway St & 21 Ave,7137,40.774798,-73.903787,40.774798,-73.903787,member
2400294,A03158BB2C96C0B8,classic_bike,2021-10-22 08:26:56,2021-10-22 08:40:53,23 Rd & 29 St,7082,Steinway St & 21 Ave,7137,40.77406014982225,-73.914934694767,40.774798,-73.903787,member
2400418,35A3D3918F3B526A,classic_bike,2021-10-23 16:26:24,2021-10-23 16:40:00,Steinway St & 21 Ave,7137,Steinway St & 21 Ave,7137,40.774798,-73.903787,40.774798,-73.903787,member
2400464,0CE8DE6714F9B009,classic_bike,2021-10-28 23:49:56,2021-10-29 00:23:29,Steinway St & 21 Ave,7137,Steinway St & 21 Ave,7137,40.774798,-73.903787,40.774798,-73.903787,casual
2400465,34B7F322750C51B6,electric_bike,2021-10-29 13:23:13,2021-10-29 13:54:32,Steinway St & 21 Ave,7137,Steinway St & 21 Ave,7137,40.774798,-73.903787,40.774798,-73.903787,casual
2400466,EB2FDF201E9DBABE,classic_bike,2021-10-29 13:24:45,2021-10-29 14:05:10,Steinway St & 21 Ave,7137,Steinway St & 21 Ave,7137,40.774798,-73.903787,40.774798,-73.903787,casual
2400493,7C7530E4A59C419F,classic_bike,2021-10-28 08:29:04,2021-10-28 08:50:49,Steinway St & 21 Ave,7137,Steinway St & 21 Ave,7137,40.774798,-73.903787,40.774798,-73.903787,member
2400543,5E0D3D887020F47E,classic_bike,2021-10-05 16:05:33,2021-10-05 16:13:25,Steinway St & 21 Ave,7137,Steinway St & 21 Ave,7137,40.774798,-73.903787,40.774798,-73.903787,member
2400568,F12A57A07E634E83,electric_bike,2021-10-28 20:28:41,2021-10-28 20:37:31,Steinway St & 21 Ave,7137,Steinway St & 21 Ave,7137,40.774798,-73.903787,40.774798,-73.903787,casual
2400700,3F71F776ABEE937F,electric_bike,2021-10-10 20:42:53,2021-10-10 20:43:02,Steinway St & 21 Ave,7137,Steinway St & 21 Ave,7137,40.774798,-73.903787,40.774798,-73.903787,member
2400701,A5E03BB32A69AE56,classic_bike,2021-10-11 09:52:47,2021-10-11 10:00:01,Steinway St & 21 Ave,7137,Steinway St & 21 Ave,7137,40.774798,-73.903787,40.774798,-73.903787,member
2400702,D679E77E787AF2EC,electric_bike,2021-10-10 20:18:39,2021-10-10 20:41:57,Steinway St & 21 Ave,7137,Steinway St & 21 Ave,7137,40.774798,-73.903787,40.774798,-73.903787,member
2400703,385A3DE1B8D745FA,classic_bike,2021-10-11 09:51:55,2021-10-11 09:51:57,Steinway St & 21 Ave,7137,Steinway St & 21 Ave,7137,40.774798,-73.903787,40.774798,-73.903787,member
2400705,9FAF77F3F8D3E386,classic_bike,2021-10-25 19:02:19,2021-10-25 19:20:47,Steinway St & 21 Ave,7137,Steinway St & 21 Ave,7137,40.774798,-73.903787,40.774798,-73.903787,member
2400763,384D15D9D0BEE554,classic_bike,2021-10-25 20:21:06,2021-10-25 20:46:28,Steinway St & 21 Ave,7137,Steinway St & 21 Ave,7137,40.774798,-73.903787,40.774798,-73.903787,member
2400764,8A241611EF0AF138,electric_bike,2021-10-10 19:36:48,2021-10-10 19:48:40,Steinway St & 21 Ave,7137,Steinway St & 21 Ave,7137,40.774798,-73.903787,40.774798,-73.903787,member
2400796,F8E42A32D4A7163E,electric_bike,2021-10-16 12:30:23,2021-10-16 12:36:42,23 Rd & 29 St,7082,Steinway St & 21 Ave,7137,40.77406014982225,-73.914934694767,40.774798,-73.903787,casual
2436881,83580C884764AF50,classic_bike,2021-10-07 10:08:42,2021-10-07 10:13:11,Steinway St & 21 Ave,7137,31 St & 23 Ave,7144,40.774798,-73.903787,40.7747878,-73.9125551,member
2436903,081D6E26D3E5942F,electric_bike,2021-10-08 07:01:16,2021-10-08 07:05:41,Steinway St & 21 Ave,7137,31 St & 23 Ave,7144,40.774798,-73.903787,40.7747878,-73.9125551,member
2436913,270E989AA213C61C,classic_bike,2021-10-03 15:01:43,2021-10-03 15:06:02,Steinway St & 21 Ave,7137,31 St & 23 Ave,7144,40.774798,-73.903787,40.7747878,-73.9125551,casual
2436914,250F49D474931F87,electric_bike,2021-10-22 07:13:45,2021-10-22 07:17:39,Steinway St & 21 Ave,7137,31 St & 23 Ave,7144,40.774798,-73.903787,40.7747878,-73.9125551,member
2436915,ED60B4591A57BD2B,classic_bike,2021-10-18 14:59:59,2021-10-18 15:06:20,Steinway St & 21 Ave,7137,31 St & 23 Ave,7144,40.774798,-73.903787,40.7747878,-73.9125551,member
2436918,E92D4166D6F895A0,classic_bike,2021-10-21 10:15:57,2021-10-21 10:21:46,Steinway St & 21 Ave,7137,31 St & 23 Ave,7144,40.774798,-73.903787,40.7747878,-73.9125551,member
2436923,A5B48ABA31CA1AFB,classic_bike,2021-10-01 16:35:51,2021-10-01 16:43:54,Steinway St & 21 Ave,7137,31 St & 23 Ave,7144,40.774798,-73.903787,40.7747878,-73.9125551,casual
2436926,CA5A04407BA6A752,electric_bike,2021-10-13 07:32:29,2021-10-13 07:36:00,Steinway St & 21 Ave,7137,31 St & 23 Ave,7144,40.774798,-73.903787,40.7747878,-73.9125551,member
2436927,C1C3E1BF35D61D96,classic_bike,2021-10-28 18:02:00,2021-10-28 18:06:06,Steinway St & 21 Ave,7137,31 St & 23 Ave,7144,40.774798,-73.903787,40.7747878,-73.9125551,member
2436950,8BBAC93718067463,classic_bike,2021-10-14 16:04:38,2021-10-14 16:08:41,Steinway St & 21 Ave,7137,31 St & 23 Ave,7144,40.774798,-73.903787,40.7747878,-73.9125551,member
2436954,EEF1DE369CAE59C3,electric_bike,2021-10-15 18:30:21,2021-10-15 19:03:30,Steinway St & 21 Ave,7137,Meserole Ave & Manhattan Ave,5666,40.774798,-73.903787,40.72708584,-73.95299117,member
2436959,03104BCC4C9FE204,classic_bike,2021-10-26 15:20:06,2021-10-26 15:25:01,Steinway St & 21 Ave,7137,31 St & 23 Ave,7144,40.774798,-73.903787,40.7747878,-73.9125551,member
2436966,461CB1EF58C781A7,classic_bike,2021-10-27 07:38:42,2021-10-27 07:43:31,Steinway St & 21 Ave,7137,31 St & 23 Ave,7144,40.774798,-73.903787,40.7747878,-73.9125551,member
2436969,EFEFF2A4D0063B6E,classic_bike,2021-10-30 15:41:51,2021-10-30 15:46:42,Steinway St & 21 Ave,7137,31 St & 23 Ave,7144,40.774798,-73.903787,40.7747878,-73.9125551,member
2436971,58C62956FC12B754,electric_bike,2021-10-03 11:19:01,2021-10-03 11:24:03,Steinway St & 21 Ave,7137,31 St & 23 Ave,7144,40.774798,-73.903787,40.7747878,-73.9125551,member
2436976,8F18463F20070891,electric_bike,2021-10-19 07:15:52,2021-10-19 07:19:00,Steinway St & 21 Ave,7137,31 St & 23 Ave,7144,40.774798,-73.903787,40.7747878,-73.9125551,member
2436978,0E1A575FD4952F8A,classic_bike,2021-10-01 10:57:50,2021-10-01 11:02:52,Steinway St & 21 Ave,7137,31 St & 23 Ave,7144,40.774798,-73.903787,40.7747878,-73.9125551,member
2436989,D552296BA5751CE8,electric_bike,2021-10-29 14:02:27,2021-10-29 14:07:40,Steinway St & 21 Ave,7137,31 St & 23 Ave,7144,40.774798,-73.903787,40.7747878,-73.9125551,member
2437002,1DABF7516F3BC1E2,classic_bike,2021-10-17 10:16:05,2021-10-17 10:20:39,Steinway St & 21 Ave,7137,31 St & 23 Ave,7144,40.774798,-73.903787,40.7747878,-73.9125551,member
2437010,BCB3A97DF5DDCB39,classic_bike,2021-10-05 12:14:22,2021-10-05 12:19:28,Steinway St & 21 Ave,7137,31 St & 23 Ave,7144,40.774798,-73.903787,40.7747878,-73.9125551,member
2437011,DABFDE264DD642D7,classic_bike,2021-10-12 06:56:08,2021-10-12 07:00:23,Steinway St & 21 Ave,7137,31 St & 23 Ave,7144,40.774798,-73.903787,40.7747878,-73.9125551,member
2437042,0F1887349DE2FDD9,classic_bike,2021-10-15 08:09:48,2021-10-15 08:14:52,Steinway St & 21 Ave,7137,31 St & 23 Ave,7144,40.774798,-73.903787,40.7747878,-73.9125551,member
2437043,22E479730F0972EF,classic_bike,2021-10-14 08:10:53,2021-10-14 08:16:09,Steinway St & 21 Ave,7137,31 St & 23 Ave,7144,40.774798,-73.903787,40.7747878,-73.9125551,member
2437239,4AA7E30E41011001,classic_bike,2021-10-04 08:51:38,2021-10-04 08:56:07,Steinway St & 21 Ave,7137,31 St & 23 Ave,7144,40.774798,-73.903787,40.7747878,-73.9125551,member
2437254,2CED35D1BE5BB94F,electric_bike,2021-10-29 08:36:19,2021-10-29 08:39:38,Steinway St & 21 Ave,7137,31 St & 23 Ave,7144,40.774798,-73.903787,40.7747878,-73.9125551,member
2437255,4F59A23294842E47,classic_bike,2021-10-30 09:39:06,2021-10-30 09:44:33,Steinway St & 21 Ave,7137,31 St & 23 Ave,7144,40.774798,-73.903787,40.7747878,-73.9125551,member
2437262,B3D00E9D3141A6BB,classic_bike,2021-10-29 14:26:06,2021-10-29 15:05:59,Steinway St & 21 Ave,7137,31 St & 23 Ave,7144,40.774798,-73.903787,40.7747878,-73.9125551,member
2437277,1F4DAFC7B93EB55F,electric_bike,2021-10-30 12:16:59,2021-10-30 12:59:37,Steinway St & 21 Ave,7137,Meserole Ave & Manhattan Ave,5666,40.774798,-73.903787,40.72708584,-73.95299117,member
2437284,F30F88A6980AF86F,classic_bike,2021-10-14 09:45:58,2021-10-14 09:51:04,Steinway St & 21 Ave,7137,31 St & 23 Ave,7144,40.774798,-73.903787,40.7747878,-73.9125551,member
2437287,90DE419140908F30,classic_bike,2021-10-21 16:29:53,2021-10-21 16:34:08,Steinway St & 21 Ave,7137,31 St & 23 Ave,7144,40.774798,-73.903787,40.7747878,-73.9125551,member
2437299,8FE1FEE0F35810B6,classic_bike,2021-10-08 15:52:56,2021-10-08 15:58:01,Steinway St & 21 Ave,7137,31 St & 23 Ave,7144,40.774798,-73.903787,40.7747878,-73.9125551,member
2437308,6F1D5086542FB08A,classic_bike,2021-10-21 08:22:53,2021-10-21 08:28:01,Steinway St & 21 Ave,7137,31 St & 23 Ave,7144,40.774798,-73.903787,40.7747878,-73.9125551,member
2437323,B70B42831A81C5B7,classic_bike,2021-10-12 11:10:13,2021-10-12 11:15:24,Steinway St & 21 Ave,7137,31 St & 23 Ave,7144,40.774798,-73.903787,40.7747878,-73.9125551,member
2437325,DF922E7E392AD29B,classic_bike,2021-10-07 06:53:02,2021-10-07 06:57:26,Steinway St & 21 Ave,7137,31 St & 23 Ave,7144,40.774798,-73.903787,40.7747878,-73.9125551,member
2437332,A28871C9FF77D0F4,electric_bike,2021-10-27 17:30:04,2021-10-27 17:34:02,Steinway St & 21 Ave,7137,31 St & 23 Ave,7144,40.774798,-73.903787,40.7747878,-73.9125551,member
2437334,70937A6DD4F74486,classic_bike,2021-10-26 08:53:44,2021-10-26 08:57:45,Steinway St & 21 Ave,7137,31 St & 23 Ave,7144,40.774798,-73.903787,40.7747878,-73.9125551,member
2437335,08812F296598B060,classic_bike,2021-10-07 08:31:00,2021-10-07 08:34:55,Steinway St & 21 Ave,7137,31 St & 23 Ave,7144,40.774798,-73.903787,40.7747878,-73.9125551,member
2437339,C0B5FCCB8F182F40,classic_bike,2021-10-19 08:38:39,2021-10-19 08:42:48,Steinway St & 21 Ave,7137,31 St & 23 Ave,7144,40.774798,-73.903787,40.7747878,-73.9125551,member
2437340,3DB76B4E732DF0DC,classic_bike,2021-10-25 07:46:33,2021-10-25 07:52:01,Steinway St & 21 Ave,7137,31 St & 23 Ave,7144,40.774798,-73.903787,40.7747878,-73.9125551,member
2437341,BDE7E6630A86DC1B,classic_bike,2021-10-19 08:29:36,2021-10-19 08:34:43,Steinway St & 21 Ave,7137,31 St & 23 Ave,7144,40.774798,-73.903787,40.7747878,-73.9125551,member
2437354,CF3B4224A5A91757,classic_bike,2021-10-20 08:28:38,2021-10-20 08:33:36,Steinway St & 21 Ave,7137,31 St & 23 Ave,7144,40.774798,-73.903787,40.7747878,-73.9125551,member
2437360,011832029B40522E,classic_bike,2021-10-20 08:22:32,2021-10-20 08:26:55,Steinway St & 21 Ave,7137,31 St & 23 Ave,7144,40.774798,-73.903787,40.7747878,-73.9125551,casual
2437386,7137A7C0D0E89A10,classic_bike,2021-10-15 07:11:36,2021-10-15 07:18:10,Steinway St & 21 Ave,7137,31 St & 23 Ave,7144,40.774798,-73.903787,40.7747878,-73.9125551,member
2437387,B10FCDBE61FC4EBD,classic_bike,2021-10-03 11:18:50,2021-10-03 11:23:25,Steinway St & 21 Ave,7137,31 St & 23 Ave,7144,40.774798,-73.903787,40.7747878,-73.9125551,member
2437400,708289F5A0AE704A,classic_bike,2021-10-23 19:18:20,2021-10-23 19:23:35,Steinway St & 21 Ave,7137,31 St & 23 Ave,7144,40.774798,-73.903787,40.7747878,-73.9125551,member
2437414,67B841854703DA34,classic_bike,2021-10-16 09:25:48,2021-10-16 09:31:13,Steinway St & 21 Ave,7137,31 St & 23 Ave,7144,40.774798,-73.903787,40.7747878,-73.9125551,member
2437415,95C63742EABA5D5A,classic_bike,2021-10-22 07:33:50,2021-10-22 07:38:48,Steinway St & 21 Ave,7137,31 St & 23 Ave,7144,40.774798,-73.903787,40.7747878,-73.9125551,member
2437416,CF23319DDEACD135,classic_bike,2021-10-18 09:13:26,2021-10-18 09:20:03,Steinway St & 21 Ave,7137,31 St & 23 Ave,7144,40.774798,-73.903787,40.7747878,-73.9125551,member
2437417,CF2029BDF5448C83,electric_bike,2021-10-05 10:20:31,2021-10-05 10:23:41,Steinway St & 21 Ave,7137,31 St & 23 Ave,7144,40.774798,-73.903787,40.7747878,-73.9125551,member
2437421,93949DEC0FEBBE2D,electric_bike,2021-10-05 06:50:07,2021-10-05 06:53:14,Steinway St & 21 Ave,7137,31 St & 23 Ave,7144,40.774798,-73.903787,40.7747878,-73.9125551,member
2437465,EEA51F497965CFA4,classic_bike,2021-10-28 06:06:48,2021-10-28 06:10:08,Steinway St & 21 Ave,7137,31 St & 23 Ave,7144,40.774798,-73.903787,40.7747878,-73.9125551,member
2437472,E5AD9FFAFDEED419,classic_bike,2021-10-11 14:06:16,2021-10-11 14:10:12,Steinway St & 21 Ave,7137,31 St & 23 Ave,7144,40.774798,-73.903787,40.7747878,-73.9125551,member
2437473,817CD9CD01CD1443,classic_bike,2021-10-25 07:21:34,2021-10-25 07:25:33,Steinway St & 21 Ave,7137,31 St & 23 Ave,7144,40.774798,-73.903787,40.7747878,-73.9125551,member
2437479,6DB773F78BE8A887,classic_bike,2021-10-03 15:46:50,2021-10-03 15:51:15,Steinway St & 21 Ave,7137,31 St & 23 Ave,7144,40.774798,-73.903787,40.7747878,-73.9125551,casual
2437490,76589BB66335FB8B,classic_bike,2021-10-21 08:20:54,2021-10-21 08:26:29,Steinway St & 21 Ave,7137,31 St & 23 Ave,7144,40.774798,-73.903787,40.7747878,-73.9125551,casual
2437600,240AC8D97041573D,electric_bike,2021-10-25 17:17:00,2021-10-25 17:20:37,Steinway St & 21 Ave,7137,31 St & 23 Ave,7144,40.774798,-73.903787,40.7747878,-73.9125551,member
2437625,5E3E77A593B708E7,classic_bike,2021-10-23 09:17:01,2021-10-23 09:21:45,Steinway St & 21 Ave,7137,31 St & 23 Ave,7144,40.774798,-73.903787,40.7747878,-73.9125551,casual
2437631,51DA728B45652CD8,classic_bike,2021-10-09 09:20:48,2021-10-09 09:25:14,Steinway St & 21 Ave,7137,31 St & 23 Ave,7144,40.774798,-73.903787,40.7747878,-73.9125551,casual
2437632,62A7F271CE81A97B,electric_bike,2021-10-01 06:53:00,2021-10-01 06:56:11,Steinway St & 21 Ave,7137,31 St & 23 Ave,7144,40.774798,-73.903787,40.7747878,-73.9125551,member
2439740,BD0D4F756204C7C7,classic_bike,2021-10-18 08:24:16,2021-10-18 08:29:21,Steinway St & 21 Ave,7137,31 St & 23 Ave,7144,40.774798,-73.903787,40.7747878,-73.9125551,member
2439743,7C6BFD4026A77AF7,classic_bike,2021-10-13 10:20:16,2021-10-13 10:25:17,Steinway St & 21 Ave,7137,31 St & 23 Ave,7144,40.774798,-73.903787,40.7747878,-73.9125551,member
2439747,C7ED60C10ED9AC02,classic_bike,2021-10-29 07:49:11,2021-10-29 07:53:59,Steinway St & 21 Ave,7137,31 St & 23 Ave,7144,40.774798,-73.903787,40.7747878,-73.9125551,member
2439750,7C6FC6F82877F560,classic_bike,2021-10-27 07:27:08,2021-10-27 07:31:37,Steinway St & 21 Ave,7137,31 St & 23 Ave,7144,40.774798,-73.903787,40.7747878,-73.9125551,member
2439751,D6299E2A73D5C329,classic_bike,2021-10-18 07:47:28,2021-10-18 07:51:38,Steinway St & 21 Ave,7137,31 St & 23 Ave,7144,40.774798,-73.903787,40.7747878,-73.9125551,member
2439752,9FA6213B6075A81A,classic_bike,2021-10-15 08:15:22,2021-10-15 08:19:45,Steinway St & 21 Ave,7137,31 St & 23 Ave,7144,40.774798,-73.903787,40.7747878,-73.9125551,member
2439865,02372E568B8E5535,electric_bike,2021-10-30 12:16:56,2021-10-30 12:59:29,Steinway St & 21 Ave,7137,Meserole Ave & Manhattan Ave,5666,40.774798,-73.903787,40.72708584,-73.95299117,member
2440141,A3702D18C51D4B85,classic_bike,2021-10-28 16:01:11,2021-10-28 16:05:35,Steinway St & 21 Ave,7137,31 St & 23 Ave,7144,40.774798,-73.903787,40.7747878,-73.9125551,member
2440142,C89AC82E007B112D,electric_bike,2021-10-28 07:57:19,2021-10-28 08:00:47,Steinway St & 21 Ave,7137,31 St & 23 Ave,7144,40.774798,-73.903787,40.7747878,-73.9125551,member
2440156,96B77BD4F590BE8A,classic_bike,2021-10-20 19:50:38,2021-10-20 19:57:08,Steinway St & 21 Ave,7137,31 St & 23 Ave,7144,40.774798,-73.903787,40.7747878,-73.9125551,member
2440168,6F1E433B4503FEB0,classic_bike,2021-10-23 09:13:23,2021-10-23 09:17:48,Steinway St & 21 Ave,7137,31 St & 23 Ave,7144,40.774798,-73.903787,40.7747878,-73.9125551,member
2440170,7A0EF7DD001A5110,electric_bike,2021-10-29 07:36:00,2021-10-29 07:39:48,Steinway St & 21 Ave,7137,31 St & 23 Ave,7144,40.774798,-73.903787,40.7747878,-73.9125551,member
2440171,A86869F662B0242F,electric_bike,2021-10-20 17:01:10,2021-10-20 17:05:54,Steinway St & 21 Ave,7137,31 St & 23 Ave,7144,40.774798,-73.903787,40.7747878,-73.9125551,member
2512425,8326CFAD8CCDF03F,classic_bike,2021-10-21 18:41:37,2021-10-21 18:54:24,Steinway St & 21 Ave,7137,Steinway St & Broadway,6711,40.774798,-73.903787,40.75905795418586,-73.91897544264793,casual
2512453,AB264844AD17019B,classic_bike,2021-10-19 15:59:42,2021-10-19 16:09:27,Steinway St & 21 Ave,7137,Steinway St & Broadway,6711,40.774798,-73.903787,40.75905795418586,-73.91897544264793,member
2512678,F60E48D37D14F9F2,electric_bike,2021-10-07 20:07:38,2021-10-07 20:16:18,Steinway St & 21 Ave,7137,Steinway St & Broadway,6711,40.774798,-73.903787,40.75905795418586,-73.91897544264793,member
2513088,0646F8E84012DE0F,classic_bike,2021-10-07 07:59:21,2021-10-07 08:12:01,Steinway St & 21 Ave,7137,Steinway St & Broadway,6711,40.774798,-73.903787,40.75905795418586,-73.91897544264793,member
2513093,A687F95E07F84633,electric_bike,2021-10-17 12:01:55,2021-10-17 12:18:20,Steinway St & 21 Ave,7137,Steinway St & Broadway,6711,40.774798,-73.903787,40.75905795418586,-73.91897544264793,member
2513622,732617DF42C46C4C,classic_bike,2021-10-07 09:43:35,2021-10-07 09:56:35,Steinway St & 21 Ave,7137,Steinway St & Broadway,6711,40.774798,-73.903787,40.75905795418586,-73.91897544264793,casual
2513626,05B76264665E3D76,classic_bike,2021-10-18 20:20:31,2021-10-18 20:31:24,Steinway St & 21 Ave,7137,Steinway St & Broadway,6711,40.774798,-73.903787,40.75905795418586,-73.91897544264793,member
2513629,AAFE741705772413,classic_bike,2021-10-04 15:49:50,2021-10-04 16:01:20,Steinway St & 21 Ave,7137,Steinway St & Broadway,6711,40.774798,-73.903787,40.75905795418586,-73.91897544264793,casual
2513655,628B1ED96074FCF5,classic_bike,2021-10-11 13:27:27,2021-10-11 13:39:21,Steinway St & 21 Ave,7137,Steinway St & Broadway,6711,40.774798,-73.903787,40.75905795418586,-73.91897544264793,casual
2546648,4F4AC43405DC1F11,classic_bike,2021-10-20 09:21:01,2021-10-20 09:25:14,Steinway St & 21 Ave,7137,35 St & 21 Ave,7170,40.774798,-73.903787,40.776745,-73.906558,member
2546658,0F4C1C972A862926,classic_bike,2021-10-06 16:29:37,2021-10-06 16:48:37,Steinway St & 21 Ave,7137,35 St & 21 Ave,7170,40.774798,-73.903787,40.776745,-73.906558,casual
2546733,E31F9DE89CE7129B,classic_bike,2021-10-16 14:33:03,2021-10-16 14:40:05,Steinway St & 21 Ave,7137,Ditmars Blvd & 79 St,6994,40.774798,-73.903787,40.768728,-73.890745,member
2546831,E93DBFD4F1F43D75,classic_bike,2021-10-30 14:42:12,2021-10-30 14:44:03,Steinway St & 21 Ave,7137,35 St & 21 Ave,7170,40.774798,-73.903787,40.776745,-73.906558,member
2546845,BB4A5456C8CF02F1,classic_bike,2021-10-06 15:08:43,2021-10-06 15:11:04,Steinway St & 21 Ave,7137,35 St & 21 Ave,7170,40.774798,-73.903787,40.776745,-73.906558,member
2546962,F84A51229797C553,classic_bike,2021-10-30 15:07:02,2021-10-30 15:09:13,Steinway St & 21 Ave,7137,35 St & 21 Ave,7170,40.774798,-73.903787,40.776745,-73.906558,member
2547025,BCF56F874FCE4F46,classic_bike,2021-10-11 15:47:47,2021-10-11 15:49:38,Steinway St & 21 Ave,7137,35 St & 21 Ave,7170,40.774798,-73.903787,40.776745,-73.906558,member
2547066,83F59EB7E01139A4,electric_bike,2021-10-06 15:08:46,2021-10-06 15:28:28,Steinway St & 21 Ave,7137,35 St & 21 Ave,7170,40.774798,-73.903787,40.776745,-73.906558,member
2565214,A1282F18D796EB6C,electric_bike,2021-10-02 07:10:10,2021-10-02 07:34:42,Steinway St & 21 Ave,7137,Newtown Ave & 23 St,7026,40.774798,-73.903787,40.7713615,-73.9246145,casual
2565256,8A164858A7BD6350,electric_bike,2021-10-22 14:35:58,2021-10-22 14:51:51,Steinway St & 21 Ave,7137,Newtown Ave & 23 St,7026,40.774798,-73.903787,40.7713615,-73.9246145,member
2565337,21671A3489B1E2FB,electric_bike,2021-10-09 07:48:03,2021-10-09 08:06:06,Steinway St & 21 Ave,7137,Newtown Ave & 23 St,7026,40.774798,-73.903787,40.7713615,-73.9246145,casual
2565505,39B5C0D040587A9A,electric_bike,2021-10-23 07:46:59,2021-10-23 08:05:58,Steinway St & 21 Ave,7137,Newtown Ave & 23 St,7026,40.774798,-73.903787,40.7713615,-73.9246145,casual
2616330,83FADE802492D510,classic_bike,2021-10-14 22:45:00,2021-10-14 22:56:48,Steinway St & 21 Ave,7137,46 St & 30 Rd,6703,40.774798,-73.903787,40.76072,-73.910989,casual
2616536,7EF245F9F0E683B8,electric_bike,2021-10-22 00:56:55,2021-10-22 01:02:29,Steinway St & 21 Ave,7137,28 Ave & 44 St,6879,40.774798,-73.903787,40.76408932350688,-73.91065120697021,casual
2616658,CD5F8392A44C06C7,electric_bike,2021-10-24 03:00:43,2021-10-24 03:06:39,Steinway St & 21 Ave,7137,28 Ave & 44 St,6879,40.774798,-73.903787,40.76408932350688,-73.91065120697021,casual
2616695,DBF7AB36A352E571,classic_bike,2021-10-29 11:52:19,2021-10-29 12:01:21,Steinway St & 21 Ave,7137,28 Ave & 44 St,6879,40.774798,-73.903787,40.76408932350688,-73.91065120697021,casual
2664399,64253F5719F9B2F6,electric_bike,2021-10-31 04:10:57,2021-10-31 04:18:36,Steinway St & 21 Ave,7137,31 St & Astoria Blvd,6989,40.774798,-73.903787,40.7699176,-73.9184057,member
2664496,1B50D195E5B73E32,classic_bike,2021-10-01 11:57:44,2021-10-01 12:41:16,Steinway St & 21 Ave,7137,31 Ave & Steinway St,6782,40.774798,-73.903787,40.7611488,-73.9170071,member
2664564,11284777A5C4D558,electric_bike,2021-10-13 15:59:00,2021-10-13 16:23:39,Steinway St & 21 Ave,7137,62 St & Northern Blvd,6536,40.774798,-73.903787,40.754176,-73.900318,member
2664601,B0ED7731CE10C9F5,classic_bike,2021-10-22 08:33:39,2021-10-22 08:44:00,Steinway St & 21 Ave,7137,31 Ave & Steinway St,6782,40.774798,-73.903787,40.7611488,-73.9170071,casual
2665036,D78630C8E69E6561,classic_bike,2021-10-01 13:22:41,2021-10-01 13:33:32,Steinway St & 21 Ave,7137,31 Ave & Steinway St,6782,40.774798,-73.903787,40.7611488,-73.9170071,casual
2665044,2FA068777C5FE617,classic_bike,2021-10-28 15:59:31,2021-10-28 16:10:21,Steinway St & 21 Ave,7137,31 Ave & Steinway St,6782,40.774798,-73.903787,40.7611488,-73.9170071,casual
2665066,244B1DE1E24836D2,classic_bike,2021-10-08 10:43:07,2021-10-08 10:54:24,Steinway St & 21 Ave,7137,31 Ave & Steinway St,6782,40.774798,-73.903787,40.7611488,-73.9170071,casual
2665080,D7F870FE55B58043,classic_bike,2021-10-06 18:50:10,2021-10-06 19:03:01,Steinway St & 21 Ave,7137,31 Ave & Steinway St,6782,40.774798,-73.903787,40.7611488,-73.9170071,member
2665097,92A02EC10F9B1EE5,classic_bike,2021-10-30 12:58:35,2021-10-30 13:13:44,Steinway St & 21 Ave,7137,31 Ave & Steinway St,6782,40.774798,-73.903787,40.7611488,-73.9170071,casual
2798510,FDB99D49282B744C,electric_bike,2021-10-17 18:05:48,2021-10-17 18:58:59,Steinway St & 21 Ave,7137,Washington Pl & Broadway,5755,40.774798,-73.903787,40.72903917,-73.99404649,member
2846369,D2598441275E208F,classic_bike,2021-10-13 19:31:44,2021-10-13 19:34:32,Steinway St & 21 Ave,7137,36 St & Ditmars Blvd,7111,40.774798,-73.903787,40.774306,-73.908335,member
2846373,D4B41B1EB9C3BA7C,classic_bike,2021-10-17 12:05:50,2021-10-17 12:09:14,Steinway St & 21 Ave,7137,36 St & Ditmars Blvd,7111,40.774798,-73.903787,40.774306,-73.908335,member
2846383,40D27FE2E84E5C07,classic_bike,2021-10-19 12:08:00,2021-10-19 12:10:45,Steinway St & 21 Ave,7137,36 St & Ditmars Blvd,7111,40.774798,-73.903787,40.774306,-73.908335,member
2846451,F887E514408D2043,electric_bike,2021-10-19 22:17:45,2021-10-19 22:23:10,Steinway St & 21 Ave,7137,Ditmars Blvd & 19 St,7291,40.774798,-73.903787,40.78145,-73.9183302,member
2846484,47D30C0FE64EA210,electric_bike,2021-10-17 17:15:54,2021-10-17 17:19:54,Steinway St & 21 Ave,7137,36 St & Ditmars Blvd,7111,40.774798,-73.903787,40.774306,-73.908335,member
2846658,8D4E84748D8ECB0E,classic_bike,2021-10-12 15:36:13,2021-10-12 15:42:06,Steinway St & 21 Ave,7137,Ditmars Blvd & 19 St,7291,40.774798,-73.903787,40.78145,-73.9183302,member
2846691,4630B14D2E06521B,classic_bike,2021-10-25 12:29:48,2021-10-25 12:36:40,Steinway St & 21 Ave,7137,Ditmars Blvd & 19 St,7291,40.774798,-73.903787,40.78145,-73.9183302,member
2846710,91E15910B62C7C10,electric_bike,2021-10-26 21:30:39,2021-10-26 21:36:56,Steinway St & 21 Ave,7137,Ditmars Blvd & 19 St,7291,40.774798,-73.903787,40.78145,-73.9183302,member
2846747,CF25108021CDCB33,classic_bike,2021-10-22 10:19:21,2021-10-22 10:22:07,Steinway St & 21 Ave,7137,36 St & Ditmars Blvd,7111,40.774798,-73.903787,40.774306,-73.908335,member
2846868,EDFB2B5F15179DA9,classic_bike,2021-10-20 19:36:26,2021-10-20 19:38:57,Steinway St & 21 Ave,7137,36 St & Ditmars Blvd,7111,40.774798,-73.903787,40.774306,-73.908335,member
2846908,7A771DE2B7A21343,electric_bike,2021-10-10 15:40:34,2021-10-10 18:18:41,Steinway St & 21 Ave,7137,36 St & Ditmars Blvd,7111,40.774798,-73.903787,40.774306,-73.908335,casual
2846968,09874D3FC63719A8,electric_bike,2021-10-10 15:38:42,2021-10-10 18:18:49,Steinway St & 21 Ave,7137,36 St & Ditmars Blvd,7111,40.774798,-73.903787,40.774306,-73.908335,casual
2846987,BCCB6D1AA05A51D8,electric_bike,2021-10-16 14:09:48,2021-10-16 14:14:57,Steinway St & 21 Ave,7137,36 St & Ditmars Blvd,7111,40.774798,-73.903787,40.774306,-73.908335,casual
2875889,309345682F8DA802,classic_bike,2021-10-29 14:20:35,2021-10-29 14:27:42,Steinway St & 21 Ave,7137,23 Ave & 27 St,7178,40.774798,-73.903787,40.776165,-73.9153175,member
2876007,DD8FE829F901E78C,classic_bike,2021-10-30 22:54:00,2021-10-30 23:01:03,Steinway St & 21 Ave,7137,23 Ave & 27 St,7178,40.774798,-73.903787,40.776165,-73.9153175,member
2931515,CD02258832712890,electric_bike,2021-10-14 08:24:50,2021-10-14 09:01:36,Steinway St & 21 Ave,7137,E 39 St & Lexington Ave,6389,40.774798,-73.903787,40.7494985460252,-73.97729203113158,member
3067911,AC78E539092A4BD1,docked_bike,2021-10-15 11:32:55,2021-10-15 12:10:38,Steinway St & 21 Ave,7137,McGuinness Blvd & Eagle St,5977,40.774798,-73.903787,40.73555,-73.95284,casual
