,ride_id,rideable_type,started_at,ended_at,start_station_name,start_station_id,end_station_name,end_station_id,start_lat,start_lng,end_lat,end_lng,member_casual
166146,B457ACC0AC925C2B,electric_bike,2021-11-09 09:33:54,2021-11-09 09:44:21,Sherman Ave & E 166 St,8072,Ogden Ave & W 164 St,8115,40.83130549267296,-73.91744792461395,40.832812,-73.929372,casual
198869,593F98E811F24FB9,classic_bike,2021-11-13 20:43:12,2021-11-13 20:54:08,Sherman Ave & E 166 St,8072,College Ave & E 170 St,8175,40.83130549267296,-73.91744792461395,40.837576,-73.910489,casual
392311,996C06650131E760,electric_bike,2021-11-16 07:04:11,2021-11-16 07:26:28,Sherman Ave & E 166 St,8072,W 113 St & Broadway,7713,40.83130549267296,-73.91744792461395,40.805973,-73.964928,member
392652,4DDF933F32FCD5DE,electric_bike,2021-11-29 13:07:56,2021-11-29 13:18:31,Sherman Ave & E 166 St,8072,E 167 St & Bryant Ave,8040,40.83130549267296,-73.91744792461395,40.826706,-73.888719,member
393202,832AF95D22C47C68,electric_bike,2021-11-17 07:14:01,2021-11-17 07:37:17,Sherman Ave & E 166 St,8072,W 113 St & Broadway,7713,40.83130549267296,-73.91744792461395,40.805973,-73.964928,member
512083,A17B96F3749B606D,classic_bike,2021-11-20 15:32:28,2021-11-20 16:25:59,Sherman Ave & E 166 St,8072,Morris Ave & E 163 St,8036,40.83130549267296,-73.91744792461395,40.827230499624726,-73.91765579597632,casual
512310,E71DDE50BABF5FDF,classic_bike,2021-11-08 11:58:52,2021-11-08 12:00:39,Sherman Ave & E 166 St,8072,Morris Ave & E 163 St,8036,40.83130549267296,-73.91744792461395,40.827230499624726,-73.91765579597632,member
512475,ED18DB21EC877080,classic_bike,2021-11-09 07:15:09,2021-11-09 07:18:03,Sherman Ave & E 166 St,8072,Morris Ave & E 163 St,8036,40.83130549267296,-73.91744792461395,40.827230499624726,-73.91765579597632,member
512704,D8A5F43A4C99F683,classic_bike,2021-11-24 11:46:57,2021-11-24 11:50:41,Sherman Ave & E 166 St,8072,Morris Ave & E 163 St,8036,40.83130549267296,-73.91744792461395,40.827230499624726,-73.91765579597632,member
531799,1639CC227D144B76,electric_bike,2021-11-18 21:31:17,2021-11-18 21:42:39,Sherman Ave & E 166 St,8072,Jerome Ave & Anderson Ave,8061,40.83130549267296,-73.91744792461395,40.830179,-73.928747,member
745253,A4E4AA9F28AF9CE6,electric_bike,2021-11-10 12:41:20,2021-11-10 12:52:25,Sherman Ave & E 166 St,8072,Amsterdam Ave & W 156 St,8104,40.83130549267296,-73.91744792461395,40.832081,-73.942386,member
770311,DEA3042382D55019,electric_bike,2021-11-04 06:58:43,2021-11-04 07:10:31,Sherman Ave & E 166 St,8072,E 149 St & Eagle Ave,7793,40.83130549267296,-73.91744792461395,40.814046,-73.91186,member
770312,81D00B18014079AB,electric_bike,2021-11-04 12:46:08,2021-11-04 12:54:19,Sherman Ave & E 166 St,8072,E 149 St & Eagle Ave,7793,40.83130549267296,-73.91744792461395,40.814046,-73.91186,member
776999,84F9A6651594F3A0,classic_bike,2021-11-20 20:16:37,2021-11-20 20:26:49,Sherman Ave & E 166 St,8072,College Ave & E 170 St,8175,40.83130549267296,-73.91744792461395,40.837576,-73.910489,casual
777000,DFA67C92C90E48C5,classic_bike,2021-11-26 12:30:54,2021-11-26 12:37:57,Sherman Ave & E 166 St,8072,College Ave & E 170 St,8175,40.83130549267296,-73.91744792461395,40.837576,-73.910489,casual
777191,8F773C43214D7467,electric_bike,2021-11-10 18:18:49,2021-11-10 18:51:53,Sherman Ave & E 166 St,8072,2 Ave & E 99 St,7386,40.83130549267296,-73.91744792461395,40.7862586,-73.94552579,member
825724,E71DE477B13F72A0,electric_bike,2021-11-16 07:04:34,2021-11-16 07:25:21,Sherman Ave & E 166 St,8072,E 102 St & 1 Ave,7407,40.83130549267296,-73.91744792461395,40.7869946,-73.94164802,member
827070,DE699F6B28DBC4E3,electric_bike,2021-11-17 07:31:41,2021-11-17 07:49:51,Sherman Ave & E 166 St,8072,E 102 St & 1 Ave,7407,40.83130549267296,-73.91744792461395,40.7869946,-73.94164802,member
841852,921EC5C7531AE069,classic_bike,2021-11-16 15:51:12,2021-11-16 16:29:17,Sherman Ave & E 166 St,8072,Jerome Ave & Bedford Park Blvd E,8734,40.83130549267296,-73.91744792461395,40.87307,-73.88971,member
843184,0D8D6BA2D473CDB9,electric_bike,2021-11-18 04:36:45,2021-11-18 04:51:43,Sherman Ave & E 166 St,8072,Jerome Ave & Bedford Park Blvd E,8734,40.83130549267296,-73.91744792461395,40.87307,-73.88971,member
872708,68E2D1A92A7CA5E5,electric_bike,2021-11-10 16:07:22,2021-11-10 16:15:01,Sherman Ave & E 166 St,8072,E 167 St & Bryant Ave,8040,40.83130549267296,-73.91744792461395,40.826706,-73.888719,member
931926,61E3F8D00DF2B659,electric_bike,2021-11-02 08:33:05,2021-11-02 08:43:59,Sherman Ave & E 166 St,8072,Grand Concourse & E 144 St,7845,40.83130549267296,-73.91744792461395,40.81687039466032,-73.92798498272896,casual
947930,A54BFAB05F60F0FB,electric_bike,2021-11-15 06:26:25,2021-11-15 06:32:54,Sherman Ave & E 166 St,8072,Grand Concourse & E 164 St,8057,40.83130549267296,-73.91744792461395,40.829608,-73.921461,member
951590,CFA8CD98B3827383,electric_bike,2021-11-29 10:28:39,2021-11-29 10:30:31,Sherman Ave & E 166 St,8072,Grand Concourse & E 164 St,8057,40.83130549267296,-73.91744792461395,40.829608,-73.921461,member
991627,E739283D2F038681,electric_bike,2021-11-17 13:05:39,2021-11-17 13:13:29,Sherman Ave & E 166 St,8072,3 Ave & E 169 St,8103,40.83130549267296,-73.91744792461395,40.832678,-73.905158,casual
1006728,9CCA361E00075705,classic_bike,2021-11-10 07:12:12,2021-11-10 07:15:13,Grant Ave & E 169 St,8141,Sherman Ave & E 166 St,8072,40.83579,-73.913741,40.83130549267296,-73.91744792461395,member
1006729,57AC15537AF84E9C,classic_bike,2021-11-11 07:17:16,2021-11-11 07:20:17,Grant Ave & E 169 St,8141,Sherman Ave & E 166 St,8072,40.83579,-73.913741,40.83130549267296,-73.91744792461395,member
1007163,40990F6C4AE8EC14,electric_bike,2021-11-02 18:32:01,2021-11-02 18:46:20,E 167 St & Bryant Ave,8040,Sherman Ave & E 166 St,8072,40.826706,-73.888719,40.83130549267296,-73.91744792461395,member
1007631,90629E15504BA393,electric_bike,2021-11-04 12:06:03,2021-11-04 12:15:40,E 149 St & Eagle Ave,7793,Sherman Ave & E 166 St,8072,40.814046,-73.91186,40.83130549267296,-73.91744792461395,member
1007820,0F4B9372159386D3,electric_bike,2021-11-10 14:59:03,2021-11-10 15:44:29,Morris Ave & E 171 St,8209,Sherman Ave & E 166 St,8072,40.83899,-73.9109,40.83130549267296,-73.91744792461395,member
1008093,A9A91FA897E8CE80,electric_bike,2021-11-08 15:44:47,2021-11-08 15:54:24,Willis Ave & E 141 St,7759,Sherman Ave & E 166 St,8072,40.81093,-73.921606,40.83130549267296,-73.91744792461395,casual
1008146,D9A60146140ABDE3,electric_bike,2021-11-10 15:29:52,2021-11-10 15:44:42,E 170 St & Webster Ave,8156,Sherman Ave & E 166 St,8072,40.83617913677475,-73.90730146322765,40.83130549267296,-73.91744792461395,member
1008429,E2BA5E7C237F5FC1,electric_bike,2021-11-11 16:24:11,2021-11-11 16:38:26,E 149 St & Eagle Ave,7793,Sherman Ave & E 166 St,8072,40.814046,-73.91186,40.83130549267296,-73.91744792461395,member
1008481,437B516A45AD9A96,electric_bike,2021-11-22 00:33:44,2021-11-22 00:44:57,Willis Ave & Bruckner Blvd,7691,Sherman Ave & E 166 St,8072,40.805701,-73.925177,40.83130549267296,-73.91744792461395,member
1008591,7F8799B239611F71,electric_bike,2021-11-03 21:50:40,2021-11-03 22:11:00,E 93 St & 2 Ave,7286,Sherman Ave & E 166 St,8072,40.782454175279874,-73.9489196240902,40.83130549267296,-73.91744792461395,member
1008779,15A6BCDACBBA51AC,classic_bike,2021-11-17 07:12:16,2021-11-17 07:13:21,Grand Concourse & E 166 St,8092,Sherman Ave & E 166 St,8072,40.83196,-73.91956,40.83130549267296,-73.91744792461395,member
1009032,1B6EEB82B7F078F6,classic_bike,2021-11-21 00:11:00,2021-11-21 00:16:16,College Ave & E 170 St,8175,Sherman Ave & E 166 St,8072,40.837576,-73.910489,40.83130549267296,-73.91744792461395,casual
1009323,4FE58497E2306C75,electric_bike,2021-11-09 07:58:20,2021-11-09 07:59:31,Grand Concourse & E 166 St,8092,Sherman Ave & E 166 St,8072,40.83196,-73.91956,40.83130549267296,-73.91744792461395,member
1009339,B384D501A8951632,electric_bike,2021-11-07 08:22:08,2021-11-07 08:22:55,Grand Concourse & E 166 St,8092,Sherman Ave & E 166 St,8072,40.83196,-73.91956,40.83130549267296,-73.91744792461395,member
1009340,55A3AC2F0BA450FD,classic_bike,2021-11-08 08:56:17,2021-11-08 08:57:36,Grand Concourse & E 166 St,8092,Sherman Ave & E 166 St,8072,40.83196,-73.91956,40.83130549267296,-73.91744792461395,member
1009802,16DB96F0B2AC05D8,electric_bike,2021-11-01 20:03:44,2021-11-01 20:17:58,St. Nicholas Terrace & Convent Ave,7937,Sherman Ave & E 166 St,8072,40.821294,-73.947868,40.83130549267296,-73.91744792461395,casual
1009842,B908B4E59D98292B,electric_bike,2021-11-27 22:19:22,2021-11-27 22:22:30,Park Ave & E 162 St,8016,Sherman Ave & E 166 St,8072,40.825716,-73.915585,40.83130549267296,-73.91744792461395,member
1009927,37D3F06CB440E05E,electric_bike,2021-11-14 17:56:12,2021-11-14 18:10:56,Frederick Douglass Blvd & Harlem River Dr,8100,Sherman Ave & E 166 St,8072,40.830702,-73.936371,40.83130549267296,-73.91744792461395,casual
1010007,909CA8F5D76FC70C,classic_bike,2021-11-23 11:34:23,2021-11-23 11:42:10,E 169 St & Webster Ave,8122,Sherman Ave & E 166 St,8072,40.834015,-73.908863,40.83130549267296,-73.91744792461395,member
1010172,E24C22D7A8E993F7,electric_bike,2021-11-16 22:56:54,2021-11-16 23:30:46,W 186 St & St. Nicholas Ave,8416,Sherman Ave & E 166 St,8072,40.852253,-73.931308,40.83130549267296,-73.91744792461395,casual
1010357,6F436B7716FFD14B,electric_bike,2021-11-14 17:53:05,2021-11-14 18:10:58,Frederick Douglass Blvd & Harlem River Dr,8100,Sherman Ave & E 166 St,8072,40.830702,-73.936371,40.83130549267296,-73.91744792461395,casual
1010426,C017622933AF0047,classic_bike,2021-11-06 12:16:01,2021-11-06 12:27:44,River Ave & E 153 St,8005,Sherman Ave & E 166 St,8072,40.82441,-73.92818,40.83130549267296,-73.91744792461395,member
1010514,EF6FA352AFB0A892,electric_bike,2021-11-14 17:45:55,2021-11-14 18:11:37,Frederick Douglass Blvd & Harlem River Dr,8100,Sherman Ave & E 166 St,8072,40.830702,-73.936371,40.83130549267296,-73.91744792461395,casual
1010712,8A4BECDE633EA0F2,electric_bike,2021-11-29 20:39:22,2021-11-29 20:54:26,Home St & Westchester Ave,8020,Sherman Ave & E 166 St,8072,40.827629,-73.886659,40.83130549267296,-73.91744792461395,member
1010795,62038ECBF23CF40B,classic_bike,2021-11-16 07:02:01,2021-11-16 07:03:24,Grand Concourse & E 166 St,8092,Sherman Ave & E 166 St,8072,40.83196,-73.91956,40.83130549267296,-73.91744792461395,member
1011624,C0CE8F54656FE65B,electric_bike,2021-11-15 01:19:47,2021-11-15 01:33:26,Southern Blvd & E 149 St,7788,Sherman Ave & E 166 St,8072,40.811892,-73.904192,40.83130549267296,-73.91744792461395,member
1011764,0AFB8197B87D7F30,electric_bike,2021-11-15 21:16:46,2021-11-15 21:40:42,Grand Concourse & E 166 St,8092,Sherman Ave & E 166 St,8072,40.83196,-73.91956,40.83130549267296,-73.91744792461395,member
1011965,B11A5006C60A0E98,electric_bike,2021-11-02 17:00:19,2021-11-02 17:10:23,Prospect Ave & E 167 St,8008,Sherman Ave & E 166 St,8072,40.826303,-73.898751,40.83130549267296,-73.91744792461395,casual
1012450,4684715F04F1CC8E,electric_bike,2021-11-23 11:32:40,2021-11-23 11:36:55,E 161 St & River Ave,8041,Sherman Ave & E 166 St,8072,40.827883,-73.927111,40.83130549267296,-73.91744792461395,member
1012621,2C3476BAFBF07E01,electric_bike,2021-11-26 13:14:15,2021-11-26 14:41:45,E 149 St & Park Ave,7884,Sherman Ave & E 166 St,8072,40.818154,-73.925294,40.83130549267296,-73.91744792461395,casual
1012958,A88AB8C48B9D83D7,electric_bike,2021-11-16 15:47:03,2021-11-16 15:50:04,Morris Ave & McClellan St,8107,Sherman Ave & E 166 St,8072,40.831584,-73.9149,40.83130549267296,-73.91744792461395,member
1013296,A9607F965B544BAE,classic_bike,2021-11-26 12:29:57,2021-11-26 12:35:19,Concourse Village West & E 156 St,7962,Sherman Ave & E 166 St,8072,40.823162,-73.923267,40.83130549267296,-73.91744792461395,member
1013646,98F01D80EA904F80,electric_bike,2021-11-17 23:41:48,2021-11-17 23:59:23,Amsterdam Ave & W 183 St,8353,Sherman Ave & E 166 St,8072,40.84925,-73.93022,40.83130549267296,-73.91744792461395,casual
1013691,D77521755EDAB6B0,classic_bike,2021-11-29 19:42:03,2021-11-29 20:00:41,Sherman Ave & E 166 St,8072,Sherman Ave & E 166 St,8072,40.83130549267296,-73.91744792461395,40.83130549267296,-73.91744792461395,member
1013772,8D240D1664A99C43,electric_bike,2021-11-14 23:42:20,2021-11-14 23:43:34,Sherman Ave & E 166 St,8072,Sherman Ave & E 166 St,8072,40.83130549267296,-73.91744792461395,40.83130549267296,-73.91744792461395,casual
1013797,BA886931D1BFE2E4,classic_bike,2021-11-28 13:40:59,2021-11-28 13:46:45,College Ave & E 170 St,8175,Sherman Ave & E 166 St,8072,40.837576,-73.910489,40.83130549267296,-73.91744792461395,casual
1013848,48F2D42E6ACBFE1B,electric_bike,2021-11-19 18:07:12,2021-11-19 18:20:47,Intervale Ave & Kelly St,8044,Sherman Ave & E 166 St,8072,40.827301,-73.896372,40.83130549267296,-73.91744792461395,member
1013978,FBE72E151FDDFABE,classic_bike,2021-11-01 17:40:57,2021-11-01 17:45:44,Concourse Village West & E 156 St,7962,Sherman Ave & E 166 St,8072,40.823162,-73.923267,40.83130549267296,-73.91744792461395,member
1014004,B3DBB41AEEAC9AB9,electric_bike,2021-11-17 00:09:49,2021-11-17 00:19:52,E Tremont Ave & E 176 St,8356,Sherman Ave & E 166 St,8072,40.847798,-73.901883,40.83130549267296,-73.91744792461395,casual
1014265,F93C08CE81CDFCFC,classic_bike,2021-11-09 03:24:25,2021-11-09 03:30:03,Walton Ave & E 153 St,7945,Sherman Ave & E 166 St,8072,40.822351,-73.926907,40.83130549267296,-73.91744792461395,casual
1014426,CFA82D2F8E4E2513,electric_bike,2021-11-28 16:48:24,2021-11-28 17:02:09,Shakespeare Ave & W 169 St,8198,Sherman Ave & E 166 St,8072,40.839312,-73.922423,40.83130549267296,-73.91744792461395,member
1014464,2DF29B3A32C019F5,electric_bike,2021-11-10 09:43:11,2021-11-10 09:56:14,University Ave & W 168 St,8183,Sherman Ave & E 166 St,8072,40.838706,-73.927034,40.83130549267296,-73.91744792461395,casual
1014711,C12D24415E25D446,electric_bike,2021-11-18 17:15:29,2021-11-18 17:25:38,Southern Blvd & E 149 St,7788,Sherman Ave & E 166 St,8072,40.811892,-73.904192,40.83130549267296,-73.91744792461395,member
1015035,2BC9ACC1FAA135A3,electric_bike,2021-11-07 12:06:55,2021-11-07 12:18:15,Bruckner Blvd & Bryant Ave,7944,Sherman Ave & E 166 St,8072,40.821952,-73.888546,40.83130549267296,-73.91744792461395,member
1016347,7DA2A612AA3B9B7A,classic_bike,2021-11-01 13:15:27,2021-11-01 13:15:39,Sherman Ave & E 166 St,8072,Sherman Ave & E 166 St,8072,40.83130549267296,-73.91744792461395,40.83130549267296,-73.91744792461395,casual
1016429,D45F5B1F534F3111,classic_bike,2021-11-29 22:25:59,2021-11-29 22:44:38,E 138 St & Canal St W,7803,Sherman Ave & E 166 St,8072,40.812304,-73.929153,40.83130549267296,-73.91744792461395,casual
1016727,795A30E927853DC8,electric_bike,2021-11-08 23:43:01,2021-11-08 23:52:33,St. Ann's Ave & E 144 St,7755,Sherman Ave & E 166 St,8072,40.811112,-73.914932,40.83130549267296,-73.91744792461395,casual
1016952,28B83CB3722BC47D,electric_bike,2021-11-01 17:59:49,2021-11-01 18:02:03,Sherman Ave & E 166 St,8072,Sherman Ave & E 166 St,8072,40.83130549267296,-73.91744792461395,40.83130549267296,-73.91744792461395,casual
1016983,FEC7CF78D59B912E,classic_bike,2021-11-20 08:32:59,2021-11-20 08:33:11,Sherman Ave & E 166 St,8072,Sherman Ave & E 166 St,8072,40.83130549267296,-73.91744792461395,40.83130549267296,-73.91744792461395,member
1017025,2A4925FF92A045CC,classic_bike,2021-11-09 21:11:11,2021-11-09 21:22:20,E 161 St & River Ave,8041,Sherman Ave & E 166 St,8072,40.827883,-73.927111,40.83130549267296,-73.91744792461395,casual
1017102,A989795C76C214AB,electric_bike,2021-11-08 21:19:09,2021-11-08 21:35:21,Davidson Ave & W Burnside Ave,8441,Sherman Ave & E 166 St,8072,40.853646,-73.908731,40.83130549267296,-73.91744792461395,casual
1017315,03C05F4A76381471,electric_bike,2021-11-17 13:51:49,2021-11-17 14:02:48,3 Ave & E 169 St,8103,Sherman Ave & E 166 St,8072,40.832678,-73.905158,40.83130549267296,-73.91744792461395,casual
1017324,60873DC66C2C5DF8,electric_bike,2021-11-18 16:14:04,2021-11-18 16:30:06,St. Ann's Ave & E 144 St,7755,Sherman Ave & E 166 St,8072,40.811112,-73.914932,40.83130549267296,-73.91744792461395,member
1017570,71AC29A063F22CC5,classic_bike,2021-11-07 12:53:30,2021-11-07 13:08:09,Brook Ave & E 138 St,7707,Sherman Ave & E 166 St,8072,40.807408,-73.91924,40.83130549267296,-73.91744792461395,member
1017612,C46632EF9B07B6CF,electric_bike,2021-11-05 19:57:19,2021-11-05 19:59:15,Morris Ave & E 163 St,8036,Sherman Ave & E 166 St,8072,40.827230499624726,-73.91765579597632,40.83130549267296,-73.91744792461395,member
1017616,060B29B0AEE8D7BD,classic_bike,2021-11-18 00:15:14,2021-11-18 00:18:16,Morris Ave & E 163 St,8036,Sherman Ave & E 166 St,8072,40.827230499624726,-73.91765579597632,40.83130549267296,-73.91744792461395,member
1017626,42AE0AAA6B627E99,electric_bike,2021-11-17 09:48:51,2021-11-17 09:51:20,Morris Ave & E 163 St,8036,Sherman Ave & E 166 St,8072,40.827230499624726,-73.91765579597632,40.83130549267296,-73.91744792461395,member
1017941,E80BFB3965F14DDB,electric_bike,2021-11-10 12:26:54,2021-11-10 12:44:45,Sherman Ave & E 166 St,8072,Sherman Ave & E 166 St,8072,40.83130549267296,-73.91744792461395,40.83130549267296,-73.91744792461395,casual
1018208,C5186B631584D0A2,electric_bike,2021-11-01 12:25:20,2021-11-01 12:33:53,Morris Ave & E 142 St,7821,Sherman Ave & E 166 St,8072,40.814469,-73.924963,40.83130549267296,-73.91744792461395,member
1018274,4B6DB41F3A291D33,electric_bike,2021-11-11 22:39:22,2021-11-11 22:44:49,Grand Concourse & E 171 St,8194,Sherman Ave & E 166 St,8072,40.839549,-73.913004,40.83130549267296,-73.91744792461395,casual
1018344,2467179B3540FEC2,electric_bike,2021-11-11 10:27:22,2021-11-11 10:41:34,Bruckner Blvd & Bryant Ave,7944,Sherman Ave & E 166 St,8072,40.821952,-73.888546,40.83130549267296,-73.91744792461395,member
1019284,A7978287DA77BB6D,electric_bike,2021-11-26 13:34:08,2021-11-26 14:41:54,E 138 St & Willow Ave,7654,Sherman Ave & E 166 St,8072,40.804168,-73.911545,40.83130549267296,-73.91744792461395,member
1019354,57F7CB2A4DEA90E4,electric_bike,2021-11-03 22:29:12,2021-11-03 22:57:53,Boone Ave & E 172 St,8110,Sherman Ave & E 166 St,8072,40.832649,-73.885272,40.83130549267296,-73.91744792461395,member
1019550,3D2560E7FF459992,classic_bike,2021-11-07 15:55:11,2021-11-07 16:02:33,Washington Ave & E 167 St,8068,Sherman Ave & E 166 St,8072,40.829896,-73.907618,40.83130549267296,-73.91744792461395,casual
1019695,CCEA13AC3652408D,electric_bike,2021-11-24 12:07:44,2021-11-24 12:10:46,Morris Ave & E 163 St,8036,Sherman Ave & E 166 St,8072,40.827230499624726,-73.91765579597632,40.83130549267296,-73.91744792461395,member
1019728,869CE65744861F1F,electric_bike,2021-11-28 15:12:00,2021-11-28 15:30:10,Morris Ave & E 163 St,8036,Sherman Ave & E 166 St,8072,40.827230499624726,-73.91765579597632,40.83130549267296,-73.91744792461395,member
1019949,C336B61CCF2312F0,electric_bike,2021-11-01 16:39:58,2021-11-01 17:00:44,E 149 St & Jackson Ave,7812,Sherman Ave & E 166 St,8072,40.813135,-73.909235,40.83130549267296,-73.91744792461395,casual
1020607,18A473BE22102CA1,electric_bike,2021-11-22 22:06:23,2021-11-22 22:26:28,1 Ave & E 94 St,7286,Sherman Ave & E 166 St,8072,40.7817212,-73.94594,40.83130549267296,-73.91744792461395,member
1021155,ACEEC7DAFC0CF874,electric_bike,2021-11-21 21:45:59,2021-11-21 22:09:16,E 138 St & Cypress Ave,7669,Sherman Ave & E 166 St,8072,40.805559,-73.914718,40.83130549267296,-73.91744792461395,member
1021287,1645B8E898BA7806,electric_bike,2021-11-28 23:56:25,2021-11-29 00:10:51,Southern Blvd & E 142 St,7719,Sherman Ave & E 166 St,8072,40.807347437082,-73.90809774398804,40.83130549267296,-73.91744792461395,member
1021306,087AB777E1BDB253,electric_bike,2021-11-11 16:57:15,2021-11-11 17:17:47,Southern Blvd & E 142 St,7719,Sherman Ave & E 166 St,8072,40.807347437082,-73.90809774398804,40.83130549267296,-73.91744792461395,member
1021426,2F1AB9957F793B52,classic_bike,2021-11-09 07:11:46,2021-11-09 07:14:40,Sheridan Ave & E 168 St,8160,Sherman Ave & E 166 St,8072,40.835334,-73.9154,40.83130549267296,-73.91744792461395,member
1021435,9D71FD0D2BA7C955,electric_bike,2021-11-15 22:17:42,2021-11-15 22:42:32,1 Ave & E 94 St,7286,Sherman Ave & E 166 St,8072,40.7817212,-73.94594,40.83130549267296,-73.91744792461395,member
1021543,B1ADDFA9316991EA,electric_bike,2021-11-17 17:38:19,2021-11-17 17:52:34,Southern Blvd & E 142 St,7719,Sherman Ave & E 166 St,8072,40.807347437082,-73.90809774398804,40.83130549267296,-73.91744792461395,member
1021559,8FF76CB0C47F7EDC,electric_bike,2021-11-02 00:14:04,2021-11-02 00:35:36,Southern Blvd & E 142 St,7719,Sherman Ave & E 166 St,8072,40.807347437082,-73.90809774398804,40.83130549267296,-73.91744792461395,member
1022259,00CE3704AF5414FB,classic_bike,2021-11-10 13:42:00,2021-11-10 13:51:14,3 Ave & E 170 St,8137,Sherman Ave & E 166 St,8072,40.834857,-73.903743,40.83130549267296,-73.91744792461395,casual
1022528,3F5CF59925F605E0,classic_bike,2021-11-29 11:11:37,2021-11-29 11:26:05,E 167 St & Franklin Ave,8048,Sherman Ave & E 166 St,8072,40.82895,-73.90521,40.83130549267296,-73.91744792461395,member
1030576,D9A403B3FFAA60B0,classic_bike,2021-11-04 19:25:53,2021-11-04 19:36:30,Sherman Ave & E 166 St,8072,Morris Ave & E 142 St,7821,40.83130549267296,-73.91744792461395,40.814469,-73.924963,member
1030577,9852BB4EC628DAEE,classic_bike,2021-11-05 10:36:53,2021-11-05 10:45:59,Sherman Ave & E 166 St,8072,Morris Ave & E 142 St,7821,40.83130549267296,-73.91744792461395,40.814469,-73.924963,member
1034131,686604BA9D617C69,classic_bike,2021-11-01 11:03:27,2021-11-01 11:11:39,Sherman Ave & E 166 St,8072,Morris Ave & E 142 St,7821,40.83130549267296,-73.91744792461395,40.814469,-73.924963,member
1036810,17C75791E265D004,classic_bike,2021-11-26 13:52:12,2021-11-26 13:59:33,Sherman Ave & E 166 St,8072,Grand Concourse & E 156 St,7984,40.83130549267296,-73.91744792461395,40.823429,-73.924689,member
1037949,204BAE0C4595C3AA,electric_bike,2021-11-24 16:05:55,2021-11-24 16:19:07,Sherman Ave & E 166 St,8072,Brook Ave & E 138 St,7707,40.83130549267296,-73.91744792461395,40.807408,-73.91924,casual
1037977,561592102FFD1B1D,classic_bike,2021-11-06 12:42:07,2021-11-06 12:51:35,Sherman Ave & E 166 St,8072,Morris Ave & E 142 St,7821,40.83130549267296,-73.91744792461395,40.814469,-73.924963,member
1037978,A09AFD451E6B88AD,electric_bike,2021-11-09 12:46:55,2021-11-09 12:56:06,Sherman Ave & E 166 St,8072,Morris Ave & E 142 St,7821,40.83130549267296,-73.91744792461395,40.814469,-73.924963,member
1039294,7C314482576D07E2,classic_bike,2021-11-11 09:16:40,2021-11-11 09:25:55,Sherman Ave & E 166 St,8072,Morris Ave & E 142 St,7821,40.83130549267296,-73.91744792461395,40.814469,-73.924963,member
1056279,A8ABDBF7DD05E759,classic_bike,2021-11-19 20:09:51,2021-11-20 09:47:33,Sherman Ave & E 166 St,8072,,nan,40.83130549267296,-73.91744792461395,40.83,-73.92,member
1073939,30B6872E5AF449D0,electric_bike,2021-11-07 08:23:16,2021-11-07 09:03:15,Sherman Ave & E 166 St,8072,W 33 St & 7 Ave,6407,40.83130549267296,-73.91744792461395,40.75019995,-73.99093085,member
1090858,5CBBD1D06D374BA5,electric_bike,2021-11-10 09:13:44,2021-11-10 09:24:25,Sherman Ave & E 166 St,8072,Crotona Park East & E 173 St,8182,40.83130549267296,-73.91744792461395,40.837037,-73.890413,member
1109708,22FA866757269DEA,electric_bike,2021-11-09 06:46:55,2021-11-09 07:00:51,Sherman Ave & E 166 St,8072,Tiebout Ave & E 184 St,8510,40.83130549267296,-73.91744792461395,40.858498,-73.89637,member
1205729,CEA2124285513EF0,electric_bike,2021-11-22 07:06:09,2021-11-22 07:11:32,Sherman Ave & E 166 St,8072,E 158 St & Melrose Ave,7957,40.83130549267296,-73.91744792461395,40.822215,-73.914688,casual
1215052,FD4104B800D5956D,electric_bike,2021-11-09 08:01:16,2021-11-09 08:47:48,Sherman Ave & E 166 St,8072,Broadway & W 41 St,6560,40.83130549267296,-73.91744792461395,40.75513557,-73.98658032,member
1220873,D8A3C431360B4ADF,electric_bike,2021-11-10 07:16:05,2021-11-10 07:22:31,Sherman Ave & E 166 St,8072,Courtlandt Ave & E 149 St,7840,40.83130549267296,-73.91744792461395,40.816402,-73.919549,member
1220874,05654431D3F9C913,electric_bike,2021-11-11 07:20:40,2021-11-11 07:26:33,Sherman Ave & E 166 St,8072,Courtlandt Ave & E 149 St,7840,40.83130549267296,-73.91744792461395,40.816402,-73.919549,member
1240941,C909633A64BC6BD5,electric_bike,2021-11-11 16:14:32,2021-11-11 16:37:26,Sherman Ave & E 166 St,8072,W 163 St & Edgecombe Ave,8153,40.83130549267296,-73.91744792461395,40.835798,-73.937496,member
1271822,5FD3ECAB6A7F7E8C,electric_bike,2021-11-07 16:04:47,2021-11-07 16:08:55,Sherman Ave & E 166 St,8072,Gerard Ave & E 164 St,8077,40.83130549267296,-73.91744792461395,40.830262,-73.923391,casual
1415350,6BBB4DB1BEDA5793,electric_bike,2021-11-11 23:28:51,2021-11-11 23:44:44,Sherman Ave & E 166 St,8072,Sedgwick Ave & W Burnside Ave,8465,40.83130549267296,-73.91744792461395,40.854947,-73.916661,casual
1445290,05AF855390BCBE9E,classic_bike,2021-11-15 19:04:18,2021-11-15 19:11:26,Sherman Ave & E 166 St,8072,River Ave & E 153 St,8005,40.83130549267296,-73.91744792461395,40.82441,-73.92818,casual
1459961,080CAA23515F92E8,electric_bike,2021-11-10 05:56:47,2021-11-10 06:15:25,Sherman Ave & E 166 St,8072,Dyckman St & Henshaw St,8636,40.83130549267296,-73.91744792461395,40.867357,-73.92936,member
1462188,947E867151CB1B9F,electric_bike,2021-11-18 00:03:28,2021-11-18 00:21:19,Sherman Ave & E 166 St,8072,E 157 St & River Ave,8005,40.83130549267296,-73.91744792461395,40.825737,-73.927311,casual
1478963,E2365B8BC2282AFB,electric_bike,2021-11-20 08:34:04,2021-11-20 08:57:48,Sherman Ave & E 166 St,8072,W 110 St & Amsterdam Ave,7646,40.83130549267296,-73.91744792461395,40.802692,-73.96295,member
1489595,CC953ADCF605FBAA,electric_bike,2021-11-22 01:57:52,2021-11-22 02:07:18,Sherman Ave & E 166 St,8072,Shakespeare Ave & W 169 St,8198,40.83130549267296,-73.91744792461395,40.839312,-73.922423,member
1498752,62B2D90D13338DDE,electric_bike,2021-11-26 17:24:33,2021-11-26 18:09:53,Sherman Ave & E 166 St,8072,Broadway & Ellwood St,8547,40.83130549267296,-73.91744792461395,40.862058,-73.929719,casual
1541393,FC363703CB569712,electric_bike,2021-11-01 22:01:48,2021-11-01 22:32:28,Sherman Ave & E 166 St,8072,E 81 St & 3 Ave,7154,40.83130549267296,-73.91744792461395,40.77573034,-73.9567526,member
1564178,E4D5C01C8DA57006,electric_bike,2021-11-19 07:24:02,2021-11-19 07:49:45,Sherman Ave & E 166 St,8072,E 98 St & Park Ave,7443,40.83130549267296,-73.91744792461395,40.78813,-73.95206,member
1608868,162412AC762EE76D,electric_bike,2021-11-05 22:25:39,2021-11-05 22:28:23,Sherman Ave & E 166 St,8072,Grand Concourse & E 167 St,8126,40.83130549267296,-73.91744792461395,40.834263,-73.917641,casual
1611576,A37289218AA011B5,electric_bike,2021-11-11 07:33:38,2021-11-11 07:35:57,Sherman Ave & E 166 St,8072,Grand Concourse & E 167 St,8126,40.83130549267296,-73.91744792461395,40.834263,-73.917641,casual
1612738,D01F9381CA6FC1A7,electric_bike,2021-11-16 16:40:29,2021-11-16 16:43:45,Sherman Ave & E 166 St,8072,Grand Concourse & E 167 St,8126,40.83130549267296,-73.91744792461395,40.834263,-73.917641,casual
1644395,74A99D02A827D5F0,electric_bike,2021-11-15 15:59:10,2021-11-15 16:12:44,Sherman Ave & E 166 St,8072,Lenox Ave & W 140 St,7872,40.83130549267296,-73.91744792461395,40.817245,-73.938787,member
1651123,AD3651CCACFC8972,classic_bike,2021-11-04 11:33:14,2021-11-04 11:39:10,Sherman Ave & E 166 St,8072,Washington Ave & E 167 St,8068,40.83130549267296,-73.91744792461395,40.829896,-73.907618,member
1652374,9492CB36E42D167B,classic_bike,2021-11-08 07:19:35,2021-11-08 07:27:52,Sherman Ave & E 166 St,8072,Washington Ave & E 167 St,8068,40.83130549267296,-73.91744792461395,40.829896,-73.907618,member
1668718,4B3A6DF37D726607,electric_bike,2021-11-11 06:51:13,2021-11-11 07:00:23,Sherman Ave & E 166 St,8072,St Ann's Ave & Westchester Ave,7835,40.83130549267296,-73.91744792461395,40.815887,-73.911918,member
1683431,41C9984876D8FE6C,classic_bike,2021-11-18 13:06:50,2021-11-18 13:10:03,Sherman Ave & E 166 St,8072,Morris Ave & E 163 St,8036,40.83130549267296,-73.91744792461395,40.827230499624726,-73.91765579597632,member
1719928,975F14DABAAA908A,electric_bike,2021-11-01 15:41:20,2021-11-01 16:15:15,Sherman Ave & E 166 St,8072,5 Ave & E 63 St,6904,40.83130549267296,-73.91744792461395,40.766368,-73.971518,casual
1735198,F7FB4778D0B2B0C6,electric_bike,2021-11-14 23:44:21,2021-11-15 00:14:43,Sherman Ave & E 166 St,8072,3 Ave & E 170 St,8137,40.83130549267296,-73.91744792461395,40.834857,-73.903743,casual
1744329,AF9CF6E99B854832,electric_bike,2021-11-04 07:34:10,2021-11-04 07:48:31,Sherman Ave & E 166 St,8072,2 Ave & E 125 St,7648,40.83130549267296,-73.91744792461395,40.802554,-73.933509,member
1752521,8EEFB14AC1F47391,electric_bike,2021-11-10 18:04:26,2021-11-10 18:35:04,Sherman Ave & E 166 St,8072,E 85 St & 3 Ave,7212,40.83130549267296,-73.91744792461395,40.77801203,-73.95407149,member
1769244,6A95179076586925,electric_bike,2021-11-10 12:45:52,2021-11-10 12:55:02,Sherman Ave & E 166 St,8072,E 156 & Brook Ave,7896,40.83130549267296,-73.91744792461395,40.819823,-73.912411,casual
1776899,90AB50B6239605FE,classic_bike,2021-11-05 08:45:28,2021-11-05 08:55:17,Sherman Ave & E 166 St,8072,E 156 & Brook Ave,7896,40.83130549267296,-73.91744792461395,40.819823,-73.912411,member
1791185,40E9719EE0652BFF,classic_bike,2021-11-30 14:43:28,2021-11-30 14:45:36,Sherman Ave & E 166 St,8072,Morris Ave & McClellan St,8107,40.83130549267296,-73.91744792461395,40.831584,-73.9149,member
1791212,C0D476B72F79A9CF,electric_bike,2021-11-14 21:09:38,2021-11-14 21:10:36,Sherman Ave & E 166 St,8072,Morris Ave & McClellan St,8107,40.83130549267296,-73.91744792461395,40.831584,-73.9149,member
1792535,C90DBED0661B0AB0,electric_bike,2021-11-23 05:44:52,2021-11-23 06:04:20,Sherman Ave & E 166 St,8072,W 204 St & Vermilyea Ave,8632,40.83130549267296,-73.91744792461395,40.866141,-73.922648,member
1794418,B059332BBF531231,electric_bike,2021-11-12 07:11:36,2021-11-12 07:34:06,Sherman Ave & E 166 St,8072,W 204 St & Vermilyea Ave,8632,40.83130549267296,-73.91744792461395,40.866141,-73.922648,member
1795000,1C57E1809EA2926D,electric_bike,2021-11-02 13:01:36,2021-11-02 13:03:08,Sherman Ave & E 166 St,8072,Morris Ave & McClellan St,8107,40.83130549267296,-73.91744792461395,40.831584,-73.9149,member
1795006,1F4412AFE98B203F,classic_bike,2021-11-01 13:16:24,2021-11-01 13:37:57,Sherman Ave & E 166 St,8072,Edgecombe Ave & W 141 St,7915,40.83130549267296,-73.91744792461395,40.820681,-73.945144,casual
1796463,CAA13EB234FCE65B,electric_bike,2021-11-30 05:49:21,2021-11-30 06:08:44,Sherman Ave & E 166 St,8072,W 204 St & Vermilyea Ave,8632,40.83130549267296,-73.91744792461395,40.866141,-73.922648,member
1799592,9A49E20DD027525D,classic_bike,2021-11-25 16:22:19,2021-11-25 16:23:33,Sherman Ave & E 166 St,8072,Morris Ave & McClellan St,8107,40.83130549267296,-73.91744792461395,40.831584,-73.9149,member
1862376,334B5B9FECED9212,electric_bike,2021-11-28 19:35:35,2021-11-28 19:46:29,Sherman Ave & E 166 St,8072,Southern Blvd & E 142 St,7719,40.83130549267296,-73.91744792461395,40.807347437082,-73.90809774398804,member
1862423,F07424E26056D611,classic_bike,2021-11-09 08:10:18,2021-11-09 08:15:54,Sherman Ave & E 166 St,8072,Walton Ave & E 168 St,8179,40.83130549267296,-73.91744792461395,40.83649,-73.918316,member
1923237,D91DEC9B6164BE2F,classic_bike,2021-11-03 22:06:02,2021-11-03 22:12:18,Sherman Ave & E 166 St,8072,Concourse Village West & E 156 St,7962,40.83130549267296,-73.91744792461395,40.823162,-73.923267,member
1968473,01355FB9BB22FF22,electric_bike,2021-11-10 18:25:19,2021-11-10 18:32:52,Sherman Ave & E 166 St,8072,Plaza Dr & W 170 St,8213,40.83130549267296,-73.91744792461395,40.840484,-73.917946,member
1993444,2F6B543F02AC8B68,classic_bike,2021-11-03 18:26:41,2021-11-03 18:31:44,Sherman Ave & E 166 St,8072,Gerard Ave & McClellan St,8145,40.83130549267296,-73.91744792461395,40.833909,-73.92112,member
2031624,71A984343056264F,electric_bike,2021-11-10 15:11:41,2021-11-10 15:30:27,Sherman Ave & E 166 St,8072,Westchester Ave & Southern Blvd,8004,40.83130549267296,-73.91744792461395,40.824956,-73.891677,member
2032095,1A0B884BD8EF595A,electric_bike,2021-11-17 15:53:40,2021-11-17 16:08:45,Sherman Ave & E 166 St,8072,Westchester Ave & Southern Blvd,8004,40.83130549267296,-73.91744792461395,40.824956,-73.891677,member
2051332,2FECCF7175C92A6B,electric_bike,2021-11-11 20:43:16,2021-11-11 20:48:59,Sherman Ave & E 166 St,8072,Grand Concourse & East Mount Eden Ave,8265,40.83130549267296,-73.91744792461395,40.84301,-73.91172,casual
2073234,07C0EF3491DDD5F9,electric_bike,2021-11-29 07:22:02,2021-11-29 07:27:55,Sherman Ave & E 166 St,8072,E 167 St & Franklin Ave,8048,40.83130549267296,-73.91744792461395,40.82895,-73.90521,member
2073235,AAA4B812362077CD,classic_bike,2021-11-29 12:15:38,2021-11-29 12:25:13,Sherman Ave & E 166 St,8072,E 167 St & Franklin Ave,8048,40.83130549267296,-73.91744792461395,40.82895,-73.90521,member
2073236,17B9FD533F7A1F2B,electric_bike,2021-11-23 11:42:51,2021-11-23 12:16:49,Sherman Ave & E 166 St,8072,Grand Army Plaza & Central Park S,6839,40.83130549267296,-73.91744792461395,40.7643971,-73.97371465,member
2073244,28B8A0CCA2556CB2,electric_bike,2021-11-26 17:27:42,2021-11-26 17:45:16,Sherman Ave & E 166 St,8072,River Ave & E 151 St,7967,40.83130549267296,-73.91744792461395,40.822217,-73.928939,member
2145264,911E560061F73D32,classic_bike,2021-11-10 15:48:03,2021-11-10 15:56:38,Sherman Ave & E 166 St,8072,Clay Ave & Claremont Pkwy,8225,40.83130549267296,-73.91744792461395,40.83999,-73.90549,member
