,ride_id,rideable_type,started_at,ended_at,start_station_name,start_station_id,end_station_name,end_station_id,start_lat,start_lng,end_lat,end_lng,member_casual
29137,80BB5E25DB2B5248,electric_bike,2022-02-23 20:08:34,2022-02-23 20:15:32,21 St & 36 Ave,6729,Roosevelt Island Tramway,6599,40.7601853,-73.9362726,40.757284,-73.9536,member
70637,08FCB961048F49A2,classic_bike,2022-02-12 17:51:38,2022-02-12 18:12:31,21 St & 36 Ave,6729,Roosevelt Island Tramway,6599,40.7601853,-73.9362726,40.757284,-73.9536,member
73420,FF7A48F951F11B76,classic_bike,2022-02-27 11:23:00,2022-02-27 11:33:19,21 St & 36 Ave,6729,34 Ave & 31 St,6720,40.7601853,-73.9362726,40.759604471387945,-73.92714411020279,member
94318,40DECF847F306C55,classic_bike,2022-02-11 21:03:07,2022-02-11 21:13:51,21 St & 36 Ave,6729,Astoria Park S & Shore Blvd,7159,40.7601853,-73.9362726,40.7767,-73.927631,member
107758,A295F21CEC1C0C1E,electric_bike,2022-02-21 21:58:00,2022-02-21 22:05:17,21 St & 36 Ave,6729,38 Ave & 29 St,6538,40.7601853,-73.9362726,40.75473,-73.93367,casual
160739,934254756074D453,classic_bike,2022-02-06 13:10:01,2022-02-06 13:23:27,21 St & 36 Ave,6729,Southpoint Park,6566,40.7601853,-73.9362726,40.75370225419114,-73.95865201950072,member
177298,0D5D0B7867E23AEF,electric_bike,2022-02-11 18:31:18,2022-02-11 18:33:40,21 St & 36 Ave,6729,28 St & 36 Ave,6614,40.7601853,-73.9362726,40.757186,-73.932719,member
216915,BD3376D728E28CBA,classic_bike,2022-02-21 10:12:07,2022-02-21 10:15:40,21 St & 36 Ave,6729,34 Ave & 21 St,6798,40.7601853,-73.9362726,40.7628138,-73.9342862,member
221219,065A618E30BB1541,electric_bike,2022-02-09 12:45:26,2022-02-09 12:47:02,21 St & 36 Ave,6729,34 Ave & 21 St,6798,40.7601853,-73.9362726,40.7628138,-73.9342862,member
221223,6A9E744F1DE8713C,classic_bike,2022-02-12 12:40:44,2022-02-12 13:03:51,21 St & 36 Ave,6729,30 Ave & 47 St,6774,40.7601853,-73.9362726,40.761294,-73.909562,member
242375,93DEBDDA01F58577,electric_bike,2022-02-17 13:24:48,2022-02-17 13:33:22,21 St & 36 Ave,6729,49 Ave & 21 St,6128,40.7601853,-73.9362726,40.74252,-73.948852,member
248680,6BACDDD5B28A6C07,electric_bike,2022-02-26 12:01:32,2022-02-26 12:10:30,21 St & 36 Ave,6729,43 St & Broadway,6670,40.7601853,-73.9362726,40.7577284,-73.9166368,casual
265567,FA14C491B9AB9133,electric_bike,2022-02-12 14:59:37,2022-02-12 16:03:00,21 St & 36 Ave,6729,Roosevelt Island Tramway,6599,40.7601853,-73.9362726,40.757284,-73.9536,member
266521,B24D4F8A115A3028,classic_bike,2022-02-12 17:51:36,2022-02-12 18:12:09,21 St & 36 Ave,6729,Roosevelt Island Tramway,6599,40.7601853,-73.9362726,40.757284,-73.9536,member
266526,6879527347DE3E6B,classic_bike,2022-02-04 15:51:20,2022-02-04 16:00:25,21 St & 36 Ave,6729,Roosevelt Island Tramway,6599,40.7601853,-73.9362726,40.757284,-73.9536,member
266528,772E52B00025134D,classic_bike,2022-02-02 16:39:02,2022-02-02 16:50:21,21 St & 36 Ave,6729,Roosevelt Island Tramway,6599,40.7601853,-73.9362726,40.757284,-73.9536,member
321317,003FBE5547C88AEF,electric_bike,2022-02-26 12:01:09,2022-02-26 12:10:28,21 St & 36 Ave,6729,43 St & Broadway,6670,40.7601853,-73.9362726,40.7577284,-73.9166368,member
321319,E665C57CE49E4016,electric_bike,2022-02-18 14:27:42,2022-02-18 14:36:32,21 St & 36 Ave,6729,Astoria Park S & Shore Blvd,7159,40.7601853,-73.9362726,40.7767,-73.927631,member
334089,DE6F41405F41B784,electric_bike,2022-02-08 12:56:42,2022-02-08 12:59:48,21 St & 36 Ave,6729,Crescent St & Broadway,6827,40.7601853,-73.9362726,40.7633589,-73.9286471,member
338186,06318D6C059A8CE3,electric_bike,2022-02-25 13:02:40,2022-02-25 13:05:50,21 St & 36 Ave,6729,Crescent St & Broadway,6827,40.7601853,-73.9362726,40.7633589,-73.9286471,member
341535,EDF38332534D5344,electric_bike,2022-02-28 14:30:00,2022-02-28 14:38:14,21 St & 36 Ave,6729,35 St & Broadway,6750,40.7601853,-73.9362726,40.760339,-73.9222427,casual
341546,28EA3E91538E4101,electric_bike,2022-02-17 08:13:32,2022-02-17 08:28:50,21 St & 36 Ave,6729,E 51 St & 2 Ave,6575,40.7601853,-73.9362726,40.755293,-73.967641,member
341632,44826E3550786F16,electric_bike,2022-02-09 08:04:11,2022-02-09 08:19:39,21 St & 36 Ave,6729,E 51 St & 2 Ave,6575,40.7601853,-73.9362726,40.755293,-73.967641,member
341949,74FC8F21985B825F,electric_bike,2022-02-25 13:39:53,2022-02-25 13:49:03,21 St & 36 Ave,6729,35 Ave & 37 St,6563,40.7601853,-73.9362726,40.7557327,-73.9236611,member
342699,AAE0C60A22DE27AD,electric_bike,2022-02-24 08:21:27,2022-02-24 08:39:17,21 St & 36 Ave,6729,E 51 St & 2 Ave,6575,40.7601853,-73.9362726,40.755293,-73.967641,member
346028,49E0BEB5FD18CA0A,electric_bike,2022-02-23 08:20:22,2022-02-23 08:47:26,21 St & 36 Ave,6729,Wards Meadow Comfort Station,7327,40.7601853,-73.9362726,40.78294,-73.93077,member
373392,E53535FAC81BD20D,classic_bike,2022-02-26 17:51:25,2022-02-26 18:24:45,21 St & 36 Ave,6729,Vernon Blvd & 47 Rd,6212,40.7601853,-73.9362726,40.7449067,-73.9534573,member
373418,6CDBEDF34BE9053A,classic_bike,2022-02-26 17:55:18,2022-02-26 18:24:23,21 St & 36 Ave,6729,Vernon Blvd & 47 Rd,6212,40.7601853,-73.9362726,40.7449067,-73.9534573,member
408103,36A4A4C2B16C3ADF,electric_bike,2022-02-23 12:11:23,2022-02-23 12:14:20,21 St & 36 Ave,6729,Crescent St & 35 Ave,6688,40.7601853,-73.9362726,40.7596276,-73.9321455,member
408122,15751650FE054F3E,classic_bike,2022-02-21 11:12:31,2022-02-21 11:15:05,21 St & 36 Ave,6729,Crescent St & 35 Ave,6688,40.7601853,-73.9362726,40.7596276,-73.9321455,member
408123,5CE383687CD31C84,classic_bike,2022-02-21 11:03:35,2022-02-21 11:06:19,21 St & 36 Ave,6729,Crescent St & 35 Ave,6688,40.7601853,-73.9362726,40.7596276,-73.9321455,member
412009,82A63015C65DDBFD,electric_bike,2022-02-11 00:05:51,2022-02-11 00:53:17,21 St & 36 Ave,6729,Crescent St & 35 Ave,6688,40.7601853,-73.9362726,40.7596276,-73.9321455,member
412684,35F7BACE8FF5DD11,classic_bike,2022-02-24 11:38:27,2022-02-24 11:41:16,21 St & 36 Ave,6729,Crescent St & 35 Ave,6688,40.7601853,-73.9362726,40.7596276,-73.9321455,member
427031,4ABCCAD0D4E1F3EC,electric_bike,2022-02-10 15:13:46,2022-02-10 16:14:19,21 St & 36 Ave,6729,30 Ave & 21 St,6996,40.7601853,-73.9362726,40.7703743,-73.9286078,member
427269,EFDEFF76B6547E90,classic_bike,2022-02-26 13:52:13,2022-02-26 13:54:46,21 St & 36 Ave,6729,36 Ave & 10 St,6737,40.7601853,-73.9362726,40.7614376,-73.9411265,member
427347,A9E4A019F3047ADD,classic_bike,2022-02-16 20:07:24,2022-02-16 20:09:29,21 St & 36 Ave,6729,36 Ave & 10 St,6737,40.7601853,-73.9362726,40.7614376,-73.9411265,member
427349,ED53ED68DFCA74F1,classic_bike,2022-02-10 12:06:54,2022-02-10 12:20:15,21 St & 36 Ave,6729,24 Ave & 29 St,7119,40.7601853,-73.9362726,40.7729,-73.916142,casual
441327,142810414E5BB247,electric_bike,2022-02-14 15:30:53,2022-02-14 15:41:14,21 St & 36 Ave,6729,Steinway St & Broadway,6711,40.7601853,-73.9362726,40.75905795418586,-73.91897544264793,member
441622,066AC3F7B213751A,electric_bike,2022-02-06 19:01:28,2022-02-06 19:23:38,21 St & 36 Ave,6729,Graham Ave & Conselyea St,5291,40.7601853,-73.9362726,40.715143,-73.944507,member
447895,D3ADDFA662DEEEF4,classic_bike,2022-02-12 16:43:44,2022-02-12 17:04:58,21 St & 36 Ave,6729,Driggs Ave & N 9 St,5411,40.7601853,-73.9362726,40.71816969454208,-73.95520135760307,member
447944,12013B4DD2A42AAE,electric_bike,2022-02-27 15:24:34,2022-02-27 15:31:40,21 St & 36 Ave,6729,34 Ave & 38 St,6638,40.7601853,-73.9362726,40.756913,-73.921631,member
452354,ED49AE316F4C53E1,classic_bike,2022-02-23 12:55:53,2022-02-23 13:07:14,21 St & 36 Ave,6729,21 St & Hoyt Ave S,7126,40.7601853,-73.9362726,40.774645,-73.923706,member
453142,9D82B1518CE7C807,classic_bike,2022-02-25 13:18:12,2022-02-25 13:22:08,21 St & 36 Ave,6729,Crescent St & 34 Ave,6759,40.7601853,-73.9362726,40.76108,-73.930562,member
453745,6FBE6E8F7F6AC494,classic_bike,2022-02-22 11:32:51,2022-02-22 11:36:32,21 St & 36 Ave,6729,Crescent St & 34 Ave,6759,40.7601853,-73.9362726,40.76108,-73.930562,casual
453814,64C7B9309106686B,classic_bike,2022-02-21 15:13:09,2022-02-21 15:22:52,21 St & 36 Ave,6729,21 St & Hoyt Ave S,7126,40.7601853,-73.9362726,40.774645,-73.923706,member
458379,E12696897306681E,classic_bike,2022-02-26 08:16:42,2022-02-26 08:18:39,21 St & 36 Ave,6729,34 Ave & 21 St,6798,40.7601853,-73.9362726,40.7628138,-73.9342862,member
471256,7B44B5235C5E2A3F,classic_bike,2022-02-23 11:33:26,2022-02-23 11:40:03,21 St & 36 Ave,6729,37 Ave & 35 St,6529,40.7601853,-73.9362726,40.7531106,-73.9279917,member
487308,D1E10E06EA49C498,electric_bike,2022-02-21 09:00:40,2022-02-21 09:37:17,21 St & 36 Ave,6729,Sterling Pl & Bedford Ave,3993,40.7601853,-73.9362726,40.672695,-73.954131,member
494935,53468E8F8C581462,electric_bike,2022-02-16 09:25:12,2022-02-16 10:41:54,21 St & 36 Ave,6729,21 St & 38 Ave,6656,40.7601853,-73.9362726,40.7576314,-73.9391224,member
494947,DA66B79F6AACC685,classic_bike,2022-02-19 17:16:27,2022-02-19 17:19:28,21 St & 36 Ave,6729,21 St & 38 Ave,6656,40.7601853,-73.9362726,40.7576314,-73.9391224,member
495449,D746D7A84C29E3B7,electric_bike,2022-02-09 07:20:51,2022-02-09 07:23:03,21 St & 36 Ave,6729,21 St & 38 Ave,6656,40.7601853,-73.9362726,40.7576314,-73.9391224,member
497030,1E5EF7AA015C78E5,classic_bike,2022-02-09 17:50:36,2022-02-09 17:52:48,21 St & 36 Ave,6729,21 St & 38 Ave,6656,40.7601853,-73.9362726,40.7576314,-73.9391224,member
500406,96724D91CA07CF31,classic_bike,2022-02-21 11:21:03,2022-02-21 11:24:10,21 St & 36 Ave,6729,28 St & 36 Ave,6614,40.7601853,-73.9362726,40.757186,-73.932719,member
504543,E5A0D98CEFF88C63,classic_bike,2022-02-08 17:51:03,2022-02-08 17:56:24,21 St & 36 Ave,6729,28 St & 36 Ave,6614,40.7601853,-73.9362726,40.757186,-73.932719,member
530232,26824845B57C1FD8,electric_bike,2022-02-20 15:23:26,2022-02-20 15:41:59,E 53 St & Lexington Ave,6617,21 St & 36 Ave,6729,40.75828065,-73.97069431,40.7601853,-73.9362726,member
530233,FE5F30AEB03BEA01,electric_bike,2022-02-25 17:32:59,2022-02-25 17:50:35,E 53 St & Lexington Ave,6617,21 St & 36 Ave,6729,40.75828065,-73.97069431,40.7601853,-73.9362726,member
530235,AE73C7D7FFAD7F98,classic_bike,2022-02-24 17:43:30,2022-02-24 17:46:01,24 St & 38 Ave,6581,21 St & 36 Ave,6729,40.756351,-73.936515,40.7601853,-73.9362726,member
530309,0A969098D492AAD7,electric_bike,2022-02-24 17:45:06,2022-02-24 17:56:05,Queens Plaza North & Crescent St,6429,21 St & 36 Ave,6729,40.75110165,-73.94073717,40.7601853,-73.9362726,member
530367,4E8EE522B2787342,classic_bike,2022-02-23 08:58:25,2022-02-23 09:00:11,36 Ave & 10 St,6737,21 St & 36 Ave,6729,40.7614376,-73.9411265,40.7601853,-73.9362726,member
530368,637101D3CC6BAC4A,electric_bike,2022-02-03 09:31:43,2022-02-03 09:34:28,36 Ave & 10 St,6737,21 St & 36 Ave,6729,40.7614376,-73.9411265,40.7601853,-73.9362726,member
530370,950755A064347704,electric_bike,2022-02-22 17:57:35,2022-02-22 17:59:55,36 Ave & 10 St,6737,21 St & 36 Ave,6729,40.7614376,-73.9411265,40.7601853,-73.9362726,member
530374,77AD3185D40B2B04,classic_bike,2022-02-24 13:22:30,2022-02-24 13:39:32,30 Ave & 21 St,6996,21 St & 36 Ave,6729,40.7703743,-73.9286078,40.7601853,-73.9362726,casual
530489,CB23350D2B4273FF,electric_bike,2022-02-28 16:26:06,2022-02-28 16:38:53,1 Ave & E 68 St,6822,21 St & 36 Ave,6729,40.76500525,-73.95818491,40.7601853,-73.9362726,member
530502,C6471F93E351D0A9,electric_bike,2022-02-26 08:50:49,2022-02-26 09:04:57,1 Ave & E 68 St,6822,21 St & 36 Ave,6729,40.76500525,-73.95818491,40.7601853,-73.9362726,member
530587,7F17845A67703F63,classic_bike,2022-02-23 18:01:29,2022-02-23 18:15:01,21 St & Hoyt Ave S,7126,21 St & 36 Ave,6729,40.774645,-73.923706,40.7601853,-73.9362726,member
530588,D198C12202D35EC1,classic_bike,2022-02-21 17:45:32,2022-02-21 18:10:28,21 St & Hoyt Ave S,7126,21 St & 36 Ave,6729,40.774645,-73.923706,40.7601853,-73.9362726,member
530612,C92ED0308E1F327A,electric_bike,2022-02-23 23:01:45,2022-02-23 23:11:54,49 St & 31 Ave,6662,21 St & 36 Ave,6729,40.758057,-73.909831,40.7601853,-73.9362726,member
530701,BA14EDC43D8C9AF0,electric_bike,2022-02-22 10:39:24,2022-02-22 10:39:55,21 St & 36 Ave,6729,21 St & 36 Ave,6729,40.7601853,-73.9362726,40.7601853,-73.9362726,member
530763,7C799D91C05DD9A6,electric_bike,2022-02-11 18:09:53,2022-02-11 18:16:46,Steinway St & Broadway,6711,21 St & 36 Ave,6729,40.75905795418586,-73.91897544264793,40.7601853,-73.9362726,member
530773,7B97ADFA507BF0F4,classic_bike,2022-02-25 14:35:36,2022-02-25 15:40:08,31 St & Broadway,6789,21 St & 36 Ave,6729,40.761584,-73.925921,40.7601853,-73.9362726,member
530863,05881CCCA737E4AD,classic_bike,2022-02-08 19:43:49,2022-02-08 19:48:43,Queens Plaza North & Crescent St,6429,21 St & 36 Ave,6729,40.75110165,-73.94073717,40.7601853,-73.9362726,casual
530869,F71F7E7AB09C1A61,electric_bike,2022-02-26 19:40:49,2022-02-26 20:00:08,44 Dr & Jackson Ave,6352,21 St & 36 Ave,6729,40.74718234,-73.9432635,40.7601853,-73.9362726,member
530877,2B4EECF3E1AADF8E,electric_bike,2022-02-03 18:07:34,2022-02-03 18:26:26,E 53 St & Lexington Ave,6617,21 St & 36 Ave,6729,40.75828065,-73.97069431,40.7601853,-73.9362726,member
530878,5278246A31F0CDF8,electric_bike,2022-02-06 18:04:21,2022-02-06 18:19:13,E 53 St & Lexington Ave,6617,21 St & 36 Ave,6729,40.75828065,-73.97069431,40.7601853,-73.9362726,member
530885,EB6798A5CDE89E94,electric_bike,2022-02-05 00:47:20,2022-02-05 00:56:01,28 St & 41 Ave,6462,21 St & 36 Ave,6729,40.751047,-73.93797,40.7601853,-73.9362726,casual
530903,8CB65FF657CD899B,electric_bike,2022-02-19 14:43:48,2022-02-19 14:49:05,40 Ave & 9 St,6664,21 St & 36 Ave,6729,40.75742,-73.945133,40.7601853,-73.9362726,member
530949,8E192BE32AEA23A0,classic_bike,2022-02-24 08:22:33,2022-02-24 08:30:22,40 Ave & 9 St,6664,21 St & 36 Ave,6729,40.75742,-73.945133,40.7601853,-73.9362726,member
530960,DD40E9A9BF1E1F57,classic_bike,2022-02-23 09:34:31,2022-02-23 09:38:12,36 Ave & 10 St,6737,21 St & 36 Ave,6729,40.7614376,-73.9411265,40.7601853,-73.9362726,member
530961,D3532C019A8F956D,electric_bike,2022-02-22 09:30:46,2022-02-22 09:32:36,36 Ave & 10 St,6737,21 St & 36 Ave,6729,40.7614376,-73.9411265,40.7601853,-73.9362726,member
531142,AFF456C71CC230E0,classic_bike,2022-02-09 16:00:26,2022-02-09 16:03:22,28 St & 36 Ave,6614,21 St & 36 Ave,6729,40.757186,-73.932719,40.7601853,-73.9362726,member
531143,CE20B46D0499DAE9,classic_bike,2022-02-09 20:55:48,2022-02-09 20:58:56,28 St & 36 Ave,6614,21 St & 36 Ave,6729,40.757186,-73.932719,40.7601853,-73.9362726,member
531270,8F74A7DD1096A93D,classic_bike,2022-02-11 15:54:25,2022-02-11 15:57:56,28 St & 36 Ave,6614,21 St & 36 Ave,6729,40.757186,-73.932719,40.7601853,-73.9362726,member
531280,1C847B3C50169234,classic_bike,2022-02-12 14:56:02,2022-02-12 14:58:46,28 St & 36 Ave,6614,21 St & 36 Ave,6729,40.757186,-73.932719,40.7601853,-73.9362726,member
531296,0BC8C59242CB168A,electric_bike,2022-02-19 09:00:39,2022-02-19 09:09:25,Vernon Blvd & 31 Ave,7003,21 St & 36 Ave,6729,40.7692475,-73.9354504,40.7601853,-73.9362726,member
531402,2284754B68FC7889,classic_bike,2022-02-27 16:48:55,2022-02-27 17:13:46,21 St & 36 Ave,6729,21 St & 36 Ave,6729,40.7601853,-73.9362726,40.7601853,-73.9362726,member
531497,11F5FDDDF10CDD95,electric_bike,2022-02-23 15:00:16,2022-02-23 15:11:24,Vernon Blvd & 41 Rd,6514,21 St & 36 Ave,6729,40.7552433,-73.9485678,40.7601853,-73.9362726,member
531526,91D15F4408835F15,classic_bike,2022-02-19 17:09:24,2022-02-19 17:14:59,34th Ave & Vernon Blvd,6873,21 St & 36 Ave,6729,40.76535380385866,-73.93986314535141,40.7601853,-73.9362726,member
531563,702DC2B32D7DC94D,electric_bike,2022-02-12 12:31:47,2022-02-12 12:37:56,Crescent St & 34 Ave,6759,21 St & 36 Ave,6729,40.76108,-73.930562,40.7601853,-73.9362726,member
531663,F3D89F4E223C577F,electric_bike,2022-02-18 17:43:12,2022-02-18 17:56:24,E 58 St & 1 Ave (NW Corner),6723,21 St & 36 Ave,6729,40.759125,-73.962658,40.7601853,-73.9362726,member
531664,EEC9F062D41A9A51,electric_bike,2022-02-08 17:45:50,2022-02-08 18:08:31,E 58 St & 1 Ave (NW Corner),6723,21 St & 36 Ave,6729,40.759125,-73.962658,40.7601853,-73.9362726,member
531804,0E591E920056C8B9,electric_bike,2022-02-06 18:55:55,2022-02-06 18:59:50,34 Ave & 21 St,6798,21 St & 36 Ave,6729,40.7628138,-73.9342862,40.7601853,-73.9362726,member
531874,7C22356DCA7C6786,electric_bike,2022-02-27 17:33:38,2022-02-27 17:48:16,E 53 St & Lexington Ave,6617,21 St & 36 Ave,6729,40.75828065,-73.97069431,40.7601853,-73.9362726,member
531900,5832B511CE7F7ECD,electric_bike,2022-02-14 17:02:59,2022-02-14 17:10:31,44 Dr & Jackson Ave,6352,21 St & 36 Ave,6729,40.74718234,-73.9432635,40.7601853,-73.9362726,casual
531978,75AA6B5A54BB6496,classic_bike,2022-02-22 15:52:42,2022-02-22 16:00:02,40 Ave & 9 St,6664,21 St & 36 Ave,6729,40.75742,-73.945133,40.7601853,-73.9362726,member
531979,A8FDB8F06CF7668D,electric_bike,2022-02-16 22:52:24,2022-02-16 23:01:20,40 Ave & 9 St,6664,21 St & 36 Ave,6729,40.75742,-73.945133,40.7601853,-73.9362726,member
532071,1F37845D89DF1372,classic_bike,2022-02-09 07:15:46,2022-02-09 07:20:25,34th Ave & Vernon Blvd,6873,21 St & 36 Ave,6729,40.76535380385866,-73.93986314535141,40.7601853,-73.9362726,member
532096,906F95B43C018DC4,classic_bike,2022-02-08 08:28:42,2022-02-08 08:33:40,34th Ave & Vernon Blvd,6873,21 St & 36 Ave,6729,40.76535380385866,-73.93986314535141,40.7601853,-73.9362726,member
532097,4A1BE3C4AE16A1FE,classic_bike,2022-02-26 13:08:17,2022-02-26 13:13:07,34th Ave & Vernon Blvd,6873,21 St & 36 Ave,6729,40.76535380385866,-73.93986314535141,40.7601853,-73.9362726,member
532102,AEA3B07BC50D33A9,electric_bike,2022-02-25 13:23:26,2022-02-25 13:28:41,Vernon Blvd & 41 Rd,6514,21 St & 36 Ave,6729,40.7552433,-73.9485678,40.7601853,-73.9362726,member
532138,EA5AA69F6EC43EE8,classic_bike,2022-02-11 19:34:10,2022-02-11 19:56:38,58 St & 32 Ave,6579,21 St & 36 Ave,6729,40.75574,-73.903427,40.7601853,-73.9362726,casual
532256,69401C7110CA6968,electric_bike,2022-02-04 18:08:44,2022-02-04 18:21:59,E 58 St & 1 Ave (NW Corner),6723,21 St & 36 Ave,6729,40.759125,-73.962658,40.7601853,-73.9362726,member
532288,F2A7DADA88413D24,electric_bike,2022-02-15 17:34:03,2022-02-15 17:52:17,E 53 St & Lexington Ave,6617,21 St & 36 Ave,6729,40.75828065,-73.97069431,40.7601853,-73.9362726,member
532378,5989A2028D8922D0,electric_bike,2022-02-23 15:01:08,2022-02-23 15:22:46,McGuinness Blvd & Eagle St,5977,21 St & 36 Ave,6729,40.73555,-73.95284,40.7601853,-73.9362726,member
532386,BE21B386D4D389E5,electric_bike,2022-02-07 17:26:20,2022-02-07 17:36:45,Queens Plaza North & Crescent St,6429,21 St & 36 Ave,6729,40.75110165,-73.94073717,40.7601853,-73.9362726,member
532392,1F4C4F7A36596BCA,electric_bike,2022-02-11 09:06:40,2022-02-11 09:11:23,31 St & Broadway,6789,21 St & 36 Ave,6729,40.761584,-73.925921,40.7601853,-73.9362726,member
532395,D3814157E125B64F,classic_bike,2022-02-20 23:05:17,2022-02-20 23:16:19,Queens Plaza North & Crescent St,6429,21 St & 36 Ave,6729,40.75110165,-73.94073717,40.7601853,-73.9362726,casual
532400,A76E6E9A41278086,electric_bike,2022-02-18 18:50:57,2022-02-18 18:57:30,Queens Plaza North & Crescent St,6429,21 St & 36 Ave,6729,40.75110165,-73.94073717,40.7601853,-73.9362726,member
532404,419E6C39FD53EAAB,electric_bike,2022-02-26 20:06:30,2022-02-26 20:19:42,31 St & Broadway,6789,21 St & 36 Ave,6729,40.761584,-73.925921,40.7601853,-73.9362726,member
532412,AC0E4D30DAC6B2FD,electric_bike,2022-02-10 09:22:28,2022-02-10 09:28:55,Queens Plaza North & Crescent St,6429,21 St & 36 Ave,6729,40.75110165,-73.94073717,40.7601853,-73.9362726,member
532454,EFB8A38654875676,classic_bike,2022-02-26 19:41:26,2022-02-26 20:00:04,44 Dr & Jackson Ave,6352,21 St & 36 Ave,6729,40.74718234,-73.9432635,40.7601853,-73.9362726,member
532457,661A6A09A81CB1A5,classic_bike,2022-02-12 15:53:45,2022-02-12 16:06:41,46 Ave & 5 St,6286,21 St & 36 Ave,6729,40.74731,-73.95451,40.7601853,-73.9362726,casual
532493,69B9DB362AAF90D2,electric_bike,2022-02-15 17:48:45,2022-02-15 17:53:58,40 Ave & 9 St,6664,21 St & 36 Ave,6729,40.75742,-73.945133,40.7601853,-73.9362726,member
532503,935CDBAF9380A1F6,electric_bike,2022-02-11 18:14:11,2022-02-11 18:18:02,40 Ave & 9 St,6664,21 St & 36 Ave,6729,40.75742,-73.945133,40.7601853,-73.9362726,member
532505,7F24AEC1B52AF039,electric_bike,2022-02-14 16:01:38,2022-02-14 16:06:18,40 Ave & 9 St,6664,21 St & 36 Ave,6729,40.75742,-73.945133,40.7601853,-73.9362726,member
532509,F4A077BBB7A4127F,electric_bike,2022-02-18 21:31:01,2022-02-18 21:36:31,40 Ave & 9 St,6664,21 St & 36 Ave,6729,40.75742,-73.945133,40.7601853,-73.9362726,member
532523,D4F7D4CAB1EF1E7A,electric_bike,2022-02-13 22:25:00,2022-02-13 22:44:03,40 Ave & 9 St,6664,21 St & 36 Ave,6729,40.75742,-73.945133,40.7601853,-73.9362726,member
532549,0A71DCE92341BE06,classic_bike,2022-02-08 10:07:29,2022-02-08 10:19:21,21 St & Hoyt Ave S,7126,21 St & 36 Ave,6729,40.774645,-73.923706,40.7601853,-73.9362726,member
532814,72CDC0DAB64FAB23,classic_bike,2022-02-24 14:00:58,2022-02-24 14:12:14,49 Ave & 21 St,6128,21 St & 36 Ave,6729,40.74252,-73.948852,40.7601853,-73.9362726,casual
532824,74F5E83632030F0A,electric_bike,2022-02-24 00:15:51,2022-02-24 00:27:32,3 Ave & E 62 St,6762,21 St & 36 Ave,6729,40.76312584,-73.96526895,40.7601853,-73.9362726,member
532858,0651DED3D4F30B95,classic_bike,2022-02-11 18:41:24,2022-02-11 18:57:14,E 58 St & 1 Ave (NW Corner),6723,21 St & 36 Ave,6729,40.759125,-73.962658,40.7601853,-73.9362726,member
533028,377E64323CE1F8E2,electric_bike,2022-02-07 22:42:34,2022-02-07 23:08:58,44 Dr & Jackson Ave,6352,21 St & 36 Ave,6729,40.74718234,-73.9432635,40.7601853,-73.9362726,member
533373,15251831D27CE4BA,classic_bike,2022-02-06 14:08:14,2022-02-06 14:28:25,Southpoint Park,6566,21 St & 36 Ave,6729,40.75370225419114,-73.95865201950072,40.7601853,-73.9362726,member
533596,651ECE0CD78D013E,electric_bike,2022-02-22 17:34:23,2022-02-22 17:52:26,E 53 St & Lexington Ave,6617,21 St & 36 Ave,6729,40.75828065,-73.97069431,40.7601853,-73.9362726,member
533610,B1774BBEC74F7F54,electric_bike,2022-02-21 14:05:49,2022-02-21 14:21:15,Broadway & 51 St,6545,21 St & 36 Ave,6729,40.754164,-73.908906,40.7601853,-73.9362726,member
533637,185D486C16127381,electric_bike,2022-02-22 07:48:49,2022-02-22 07:50:48,36 Ave & 10 St,6737,21 St & 36 Ave,6729,40.7614376,-73.9411265,40.7601853,-73.9362726,member
533638,23E236B8AF29E29F,electric_bike,2022-02-01 09:29:54,2022-02-01 09:32:36,36 Ave & 10 St,6737,21 St & 36 Ave,6729,40.7614376,-73.9411265,40.7601853,-73.9362726,member
533639,C8B8BC0102F7421B,electric_bike,2022-02-08 09:36:05,2022-02-08 09:38:24,36 Ave & 10 St,6737,21 St & 36 Ave,6729,40.7614376,-73.9411265,40.7601853,-73.9362726,member
533642,BAF1ECF83AE9853B,classic_bike,2022-02-05 16:35:35,2022-02-05 16:38:28,36 Ave & 10 St,6737,21 St & 36 Ave,6729,40.7614376,-73.9411265,40.7601853,-73.9362726,member
533765,93736193C3FA3DF3,electric_bike,2022-02-24 13:59:32,2022-02-24 14:12:14,49 Ave & 21 St,6128,21 St & 36 Ave,6729,40.74252,-73.948852,40.7601853,-73.9362726,casual
533801,E9F52D0FD956F913,classic_bike,2022-02-16 16:03:00,2022-02-16 16:06:12,28 St & 36 Ave,6614,21 St & 36 Ave,6729,40.757186,-73.932719,40.7601853,-73.9362726,member
533817,00C06002BBE223AC,classic_bike,2022-02-08 13:24:46,2022-02-08 13:40:27,Center Blvd & 51 Ave,6179,21 St & 36 Ave,6729,40.74336608027021,-73.95960688591003,40.7601853,-73.9362726,member
533945,96D4943DD4104385,electric_bike,2022-02-16 15:54:41,2022-02-16 16:04:18,34 Ave & 48 St,6554,21 St & 36 Ave,6729,40.75388,-73.914952,40.7601853,-73.9362726,member
534179,4742E2600BFF1F1C,electric_bike,2022-02-25 13:55:57,2022-02-25 15:46:16,35 Ave & 37 St,6563,21 St & 36 Ave,6729,40.7557327,-73.9236611,40.7601853,-73.9362726,member
534198,F2B12DFA5EB610CE,classic_bike,2022-02-11 20:28:13,2022-02-11 21:02:51,W 55 St & 6 Ave,6809,21 St & 36 Ave,6729,40.763189,-73.978434,40.7601853,-73.9362726,member
534226,B7165FE9EE57CCB7,classic_bike,2022-02-02 13:51:10,2022-02-02 14:04:02,27 Ave & 9 St,7098,21 St & 36 Ave,6729,40.7739825,-73.9309134,40.7601853,-73.9362726,casual
534259,1AD3137E036BEFFF,classic_bike,2022-02-21 15:52:35,2022-02-21 16:05:51,27 Ave & 9 St,7098,21 St & 36 Ave,6729,40.7739825,-73.9309134,40.7601853,-73.9362726,casual
534334,7AEBDEF94D74B35A,electric_bike,2022-02-15 23:04:23,2022-02-15 23:36:24,21 St & 36 Ave,6729,21 St & 36 Ave,6729,40.7601853,-73.9362726,40.7601853,-73.9362726,member
534462,C2F33557C84C6DED,classic_bike,2022-02-09 16:19:34,2022-02-09 16:28:34,21 St & 36 Ave,6729,21 St & 36 Ave,6729,40.7601853,-73.9362726,40.7601853,-73.9362726,casual
534500,6F9A42D97B796879,electric_bike,2022-02-07 15:42:25,2022-02-07 15:43:33,21 St & 36 Ave,6729,21 St & 36 Ave,6729,40.7601853,-73.9362726,40.7601853,-73.9362726,member
534554,A3C51300B80F54C1,electric_bike,2022-02-19 11:00:27,2022-02-19 11:14:11,21 St & 36 Ave,6729,21 St & 36 Ave,6729,40.7601853,-73.9362726,40.7601853,-73.9362726,casual
534656,001C9A658D2E1741,classic_bike,2022-02-26 19:26:43,2022-02-26 19:34:08,21 St & 31 Dr,6865,21 St & 36 Ave,6729,40.7659,-73.930819,40.7601853,-73.9362726,member
534663,F7504A1353744058,classic_bike,2022-02-12 14:38:28,2022-02-12 14:40:44,35 Ave & 10 St,6806,21 St & 36 Ave,6729,40.76315481910373,-73.93985509872437,40.7601853,-73.9362726,member
534679,876DA493938195DE,classic_bike,2022-02-05 14:33:58,2022-02-05 14:36:13,35 Ave & 10 St,6806,21 St & 36 Ave,6729,40.76315481910373,-73.93985509872437,40.7601853,-73.9362726,member
534791,B862AF6E219D3107,electric_bike,2022-02-14 00:11:52,2022-02-14 00:15:06,36 Ave & 31 St,6572,21 St & 36 Ave,6729,40.75651272984955,-73.92957486212252,40.7601853,-73.9362726,member
535070,63250805BE0B75E7,electric_bike,2022-02-13 17:34:39,2022-02-13 17:51:10,E 53 St & Lexington Ave,6617,21 St & 36 Ave,6729,40.75828065,-73.97069431,40.7601853,-73.9362726,member
535071,36691054DF907CE7,electric_bike,2022-02-14 17:34:33,2022-02-14 17:50:14,E 53 St & Lexington Ave,6617,21 St & 36 Ave,6729,40.75828065,-73.97069431,40.7601853,-73.9362726,member
535098,22D822F03EA5E70C,classic_bike,2022-02-10 22:02:25,2022-02-10 22:07:14,34th Ave & Vernon Blvd,6873,21 St & 36 Ave,6729,40.76535380385866,-73.93986314535141,40.7601853,-73.9362726,member
535118,02935288D96824F0,classic_bike,2022-02-19 10:54:38,2022-02-19 11:01:27,21 St & 31 Dr,6865,21 St & 36 Ave,6729,40.7659,-73.930819,40.7601853,-73.9362726,member
535138,E219142A779230A5,electric_bike,2022-02-12 21:33:49,2022-02-12 21:41:29,34 Ave & 38 St,6638,21 St & 36 Ave,6729,40.756913,-73.921631,40.7601853,-73.9362726,member
535241,0DFBAEC25333E207,electric_bike,2022-02-25 17:12:05,2022-02-25 17:19:47,21 St & 36 Ave,6729,21 St & 36 Ave,6729,40.7601853,-73.9362726,40.7601853,-73.9362726,casual
535283,AB204A319DE94C89,classic_bike,2022-02-28 23:09:30,2022-02-28 23:30:20,21 St & 36 Ave,6729,21 St & 36 Ave,6729,40.7601853,-73.9362726,40.7601853,-73.9362726,member
535291,83FDE2417CA6EA26,electric_bike,2022-02-22 22:23:54,2022-02-22 22:28:27,31 St & Northern Blvd,6495,21 St & 36 Ave,6729,40.75186951421875,-73.93349289894103,40.7601853,-73.9362726,casual
535544,AC7AEF62FB4339FB,electric_bike,2022-02-08 16:36:22,2022-02-08 16:37:02,21 St & 36 Ave,6729,21 St & 36 Ave,6729,40.7601853,-73.9362726,40.7601853,-73.9362726,member
535572,CF57C70901609D93,electric_bike,2022-02-17 17:57:52,2022-02-17 18:00:44,21 St & 31 Dr,6865,21 St & 36 Ave,6729,40.7659,-73.930819,40.7601853,-73.9362726,member
535612,C13507A888FE2953,electric_bike,2022-02-17 13:57:07,2022-02-17 13:59:12,34 Ave & 21 St,6798,21 St & 36 Ave,6729,40.7628138,-73.9342862,40.7601853,-73.9362726,member
535643,27844E2A09AE2782,electric_bike,2022-02-11 11:39:33,2022-02-11 11:51:24,Roosevelt Island Tramway,6599,21 St & 36 Ave,6729,40.757284,-73.9536,40.7601853,-73.9362726,member
535644,80BB78CB7C6B8F0F,classic_bike,2022-02-12 18:55:38,2022-02-12 19:15:04,Roosevelt Island Tramway,6599,21 St & 36 Ave,6729,40.757284,-73.9536,40.7601853,-73.9362726,member
535673,05506F6B6A61363A,electric_bike,2022-02-10 17:36:23,2022-02-10 18:16:22,E 53 St & Lexington Ave,6617,21 St & 36 Ave,6729,40.75828065,-73.97069431,40.7601853,-73.9362726,member
535676,17A2510229D81AA4,electric_bike,2022-02-25 00:09:07,2022-02-25 00:24:42,Grand Army Plaza & Central Park S,6839,21 St & 36 Ave,6729,40.7643971,-73.97371465,40.7601853,-73.9362726,member
535677,33BB71F8E43FEA50,electric_bike,2022-02-21 17:30:59,2022-02-21 17:47:36,E 53 St & Lexington Ave,6617,21 St & 36 Ave,6729,40.75828065,-73.97069431,40.7601853,-73.9362726,member
535683,14860EAF90768789,classic_bike,2022-02-25 12:52:29,2022-02-25 13:00:59,28 St & 41 Ave,6462,21 St & 36 Ave,6729,40.751047,-73.93797,40.7601853,-73.9362726,member
535693,A98435CE60E47421,classic_bike,2022-02-26 19:03:42,2022-02-26 19:07:06,21 St & 36 Ave,6729,21 St & 36 Ave,6729,40.7601853,-73.9362726,40.7601853,-73.9362726,member
535796,A35D50F110D06876,classic_bike,2022-02-26 22:06:19,2022-02-26 22:11:52,34th Ave & Vernon Blvd,6873,21 St & 36 Ave,6729,40.76535380385866,-73.93986314535141,40.7601853,-73.9362726,member
535820,FFD72BD011DE83CC,electric_bike,2022-02-20 13:36:32,2022-02-20 13:39:54,21 St & 31 Dr,6865,21 St & 36 Ave,6729,40.7659,-73.930819,40.7601853,-73.9362726,member
535868,BC5CDEE21B91814B,electric_bike,2022-02-12 01:44:42,2022-02-12 02:10:18,34 Ave & 21 St,6798,21 St & 36 Ave,6729,40.7628138,-73.9342862,40.7601853,-73.9362726,casual
535879,7CCDE835EBC40A7D,electric_bike,2022-02-28 13:40:12,2022-02-28 14:14:12,Metropolitan Ave & Vandervoort Ave,5241,21 St & 36 Ave,6729,40.71429,-73.93323,40.7601853,-73.9362726,member
536039,FDECE68A94824BCC,classic_bike,2022-02-05 12:26:03,2022-02-05 12:36:34,Roosevelt Island Tramway,6599,21 St & 36 Ave,6729,40.757284,-73.9536,40.7601853,-73.9362726,member
536343,82BA81269D7F5056,classic_bike,2022-02-12 18:55:25,2022-02-12 19:15:24,Roosevelt Island Tramway,6599,21 St & 36 Ave,6729,40.757284,-73.9536,40.7601853,-73.9362726,member
536392,3D24AC4075748C75,electric_bike,2022-02-17 21:27:46,2022-02-17 21:50:27,24 St & 38 Ave,6581,21 St & 36 Ave,6729,40.756351,-73.936515,40.7601853,-73.9362726,casual
536431,134B87F25A61A62D,electric_bike,2022-02-11 16:37:05,2022-02-11 16:48:23,Newton Rd & 44 St,6743,21 St & 36 Ave,6729,40.7595701,-73.9142678,40.7601853,-73.9362726,member
536677,2D98358846380C14,electric_bike,2022-02-23 13:02:01,2022-02-23 13:21:22,W 44 St & 5 Ave,6551,21 St & 36 Ave,6729,40.75500254,-73.98014437,40.7601853,-73.9362726,member
536878,B42C554C5CD1F623,electric_bike,2022-02-26 16:15:37,2022-02-26 16:22:29,Crescent St & Broadway,6827,21 St & 36 Ave,6729,40.7633589,-73.9286471,40.7601853,-73.9362726,member
536910,0D162A45ADC664DD,electric_bike,2022-02-18 20:39:46,2022-02-18 20:43:15,Crescent St & Broadway,6827,21 St & 36 Ave,6729,40.7633589,-73.9286471,40.7601853,-73.9362726,member
536927,EB85E8C6152DA4B3,electric_bike,2022-02-11 00:10:30,2022-02-11 00:28:15,W 59 St & 10 Ave,7023,21 St & 36 Ave,6729,40.770513,-73.988038,40.7601853,-73.9362726,member
536982,CF6899EC4235CB78,classic_bike,2022-02-23 20:06:14,2022-02-23 20:08:14,Crescent St & 35 Ave,6688,21 St & 36 Ave,6729,40.7596276,-73.9321455,40.7601853,-73.9362726,member
537148,7322A324C3BFCD51,electric_bike,2022-02-10 14:08:38,2022-02-10 14:25:27,E 48 St & 3 Ave,6541,21 St & 36 Ave,6729,40.7546011026,-73.971878855,40.7601853,-73.9362726,member
537222,9A641EE53FF6688C,electric_bike,2022-02-17 00:07:18,2022-02-17 00:25:06,W 54 St & 9 Ave,6920,21 St & 36 Ave,6729,40.76584941,-73.98690506,40.7601853,-73.9362726,member
537458,0D128FDB91A2282D,classic_bike,2022-02-18 19:03:48,2022-02-18 19:05:56,Crescent St & 35 Ave,6688,21 St & 36 Ave,6729,40.7596276,-73.9321455,40.7601853,-73.9362726,member
537480,6C4C381037F31219,electric_bike,2022-02-12 12:14:14,2022-02-12 12:40:03,E 81 St & York Ave,7084,21 St & 36 Ave,6729,40.7728384,-73.94989233,40.7601853,-73.9362726,member
537506,63EDA5DFB406FC2A,electric_bike,2022-02-23 14:34:52,2022-02-23 15:22:46,21 St & 43 Ave,6395,21 St & 36 Ave,6729,40.75052534,-73.94594845,40.7601853,-73.9362726,member
537519,F4F487E21A3974A6,electric_bike,2022-02-11 18:08:14,2022-02-11 18:15:28,45 Ave & 21 St,6319,21 St & 36 Ave,6729,40.74737075646803,-73.94777297973631,40.7601853,-73.9362726,member
537575,38B86B7AFF54BA69,electric_bike,2022-02-10 00:01:00,2022-02-10 00:23:26,Broadway & W 58 St,6948,21 St & 36 Ave,6729,40.76695317,-73.98169333,40.7601853,-73.9362726,member
537604,A90ADCB38A74327D,electric_bike,2022-02-23 00:15:43,2022-02-23 00:30:10,Broadway & W 58 St,6948,21 St & 36 Ave,6729,40.76695317,-73.98169333,40.7601853,-73.9362726,member
537734,9F4D826B25DF682B,electric_bike,2022-02-03 00:00:42,2022-02-03 00:18:21,Broadway & W 58 St,6948,21 St & 36 Ave,6729,40.76695317,-73.98169333,40.7601853,-73.9362726,member
537803,099FFAD8DC462271,classic_bike,2022-02-04 23:11:13,2022-02-04 23:16:46,36 Ave & 10 St,6737,21 St & 36 Ave,6729,40.7614376,-73.9411265,40.7601853,-73.9362726,member
537804,0C4D2C6810B9F7AF,electric_bike,2022-02-17 15:15:54,2022-02-17 15:20:25,36 Ave & 10 St,6737,21 St & 36 Ave,6729,40.7614376,-73.9411265,40.7601853,-73.9362726,member
537805,2495FF252BD57D2E,electric_bike,2022-02-02 09:37:14,2022-02-02 09:40:14,36 Ave & 10 St,6737,21 St & 36 Ave,6729,40.7614376,-73.9411265,40.7601853,-73.9362726,member
537806,4A9A4F2DD7ABFBC9,classic_bike,2022-02-24 09:33:38,2022-02-24 09:36:51,36 Ave & 10 St,6737,21 St & 36 Ave,6729,40.7614376,-73.9411265,40.7601853,-73.9362726,member
537809,B34C32E0EBAA0433,classic_bike,2022-02-28 09:30:28,2022-02-28 09:32:45,36 Ave & 10 St,6737,21 St & 36 Ave,6729,40.7614376,-73.9411265,40.7601853,-73.9362726,casual
537814,2AD37E6477338688,classic_bike,2022-02-03 09:42:05,2022-02-03 09:44:08,36 Ave & 10 St,6737,21 St & 36 Ave,6729,40.7614376,-73.9411265,40.7601853,-73.9362726,member
537847,5B463EDD0A3CAE68,electric_bike,2022-02-19 22:41:51,2022-02-19 22:56:52,62 St & Northern Blvd,6536,21 St & 36 Ave,6729,40.754176,-73.900318,40.7601853,-73.9362726,casual
537892,1E05E3DAA6E09C81,electric_bike,2022-02-09 00:11:20,2022-02-09 00:39:42,Broadway & W 58 St,6948,21 St & 36 Ave,6729,40.76695317,-73.98169333,40.7601853,-73.9362726,member
537926,3EF6FA9506B6F6EE,electric_bike,2022-02-04 00:00:53,2022-02-04 00:18:42,Broadway & W 58 St,6948,21 St & 36 Ave,6729,40.76695317,-73.98169333,40.7601853,-73.9362726,member
537969,5D453B2F3A421DB0,electric_bike,2022-02-09 10:18:26,2022-02-09 10:24:24,Crescent St & 30 Ave,6958,21 St & 36 Ave,6729,40.768692,-73.9249574,40.7601853,-73.9362726,member
538024,6EE88C88746DEA4A,electric_bike,2022-02-02 18:44:22,2022-02-02 19:00:30,31 Ave & Steinway St,6782,21 St & 36 Ave,6729,40.7611488,-73.9170071,40.7601853,-73.9362726,casual
538144,F8281E5BA5E7D0B1,classic_bike,2022-02-08 09:34:39,2022-02-08 11:38:23,34 Ave & 13 St,6836,21 St & 36 Ave,6729,40.7638753,-73.9364848,40.7601853,-73.9362726,casual
538310,7E07737BDA1418FA,electric_bike,2022-02-14 17:10:18,2022-02-14 17:22:15,Motorgate,6814,21 St & 36 Ave,6729,40.7639089,-73.9477213,40.7601853,-73.9362726,member
538507,93518F17EB93017A,electric_bike,2022-02-23 17:59:47,2022-02-23 18:12:26,Motorgate,6814,21 St & 36 Ave,6729,40.7639089,-73.9477213,40.7601853,-73.9362726,member
538509,9C08BC926D7947A3,classic_bike,2022-02-19 15:15:00,2022-02-19 15:30:14,Motorgate,6814,21 St & 36 Ave,6729,40.7639089,-73.9477213,40.7601853,-73.9362726,member
538526,9BBADA36480EC65A,electric_bike,2022-02-22 08:06:41,2022-02-22 08:39:58,7 Ave & Central Park South,6912,21 St & 36 Ave,6729,40.7667405590595,-73.9790689945221,40.7601853,-73.9362726,member
538527,E9382FDAE9EE3228,electric_bike,2022-02-08 00:10:05,2022-02-08 00:25:17,7 Ave & Central Park South,6912,21 St & 36 Ave,6729,40.7667405590595,-73.9790689945221,40.7601853,-73.9362726,member
538663,943E64CC9B524C08,electric_bike,2022-02-24 16:57:42,2022-02-24 17:08:04,Motorgate,6814,21 St & 36 Ave,6729,40.7639089,-73.9477213,40.7601853,-73.9362726,member
538736,13EF0262C574C475,classic_bike,2022-02-23 13:22:31,2022-02-23 13:31:47,Newtown Ave & 23 St,7026,21 St & 36 Ave,6729,40.7713615,-73.9246145,40.7601853,-73.9362726,casual
538738,27920D21C2825B07,classic_bike,2022-02-04 15:38:48,2022-02-04 15:45:48,Motorgate,6814,21 St & 36 Ave,6729,40.7639089,-73.9477213,40.7601853,-73.9362726,member
538786,219D9893B9BD17B4,classic_bike,2022-02-09 19:41:55,2022-02-09 19:43:58,21 St & 38 Ave,6656,21 St & 36 Ave,6729,40.7576314,-73.9391224,40.7601853,-73.9362726,member
538794,F462A39949F0FDB7,electric_bike,2022-02-09 12:24:06,2022-02-09 12:25:38,21 St & 38 Ave,6656,21 St & 36 Ave,6729,40.7576314,-73.9391224,40.7601853,-73.9362726,member
563128,905EA9BEBDAB2437,electric_bike,2022-02-11 12:18:44,2022-02-11 14:10:00,21 St & 36 Ave,6729,27 St & Hunter St,6310,40.7601853,-73.9362726,40.7485,-73.941275,casual
571808,C35231AF01BFDB69,classic_bike,2022-02-12 16:43:50,2022-02-12 16:59:39,21 St & 36 Ave,6729,46 Ave & 5 St,6286,40.7601853,-73.9362726,40.74731,-73.95451,casual
581079,FC8E301FAE4369C1,classic_bike,2022-02-28 11:41:09,2022-02-28 12:15:15,21 St & 36 Ave,6729,48 Ave & 5 St,6212,40.7601853,-73.9362726,40.74436328706688,-73.9558732509613,member
582860,0F58174915438CF7,electric_bike,2022-02-11 10:24:14,2022-02-11 10:33:30,21 St & 36 Ave,6729,48 Ave & 5 St,6212,40.7601853,-73.9362726,40.74436328706688,-73.9558732509613,member
585722,B15498FE730E7F80,electric_bike,2022-02-22 10:41:19,2022-02-22 11:09:39,21 St & 36 Ave,6729,Lexington Ave & E 24 St,6089,40.7601853,-73.9362726,40.74025878,-73.98409214,member
593981,B18A845F906164F2,electric_bike,2022-02-22 10:39:30,2022-02-22 11:09:37,21 St & 36 Ave,6729,Lexington Ave & E 24 St,6089,40.7601853,-73.9362726,40.74025878,-73.98409214,member
609098,10A62960C879BEC4,classic_bike,2022-02-02 15:27:11,2022-02-02 15:37:58,21 St & 36 Ave,6729,27 Ave & 9 St,7098,40.7601853,-73.9362726,40.7739825,-73.9309134,member
629231,3BF508B503D698AE,electric_bike,2022-02-09 09:41:16,2022-02-09 09:46:34,21 St & 36 Ave,6729,Crescent St & 30 Ave,6958,40.7601853,-73.9362726,40.768692,-73.9249574,member
629885,B25C1B8709B565C9,classic_bike,2022-02-08 08:56:50,2022-02-08 09:13:30,21 St & 36 Ave,6729,45 Ave & 21 St,6319,40.7601853,-73.9362726,40.74737075646803,-73.94777297973631,member
643606,CD921AD5322E35B5,electric_bike,2022-02-19 12:35:16,2022-02-19 12:40:35,21 St & 36 Ave,6729,35 St & 34 Ave,6679,40.7601853,-73.9362726,40.7580583,-73.9242751,member
667840,9DF3607E23FB3FDE,classic_bike,2022-02-04 23:32:19,2022-02-04 23:38:24,21 St & 36 Ave,6729,35 Ave & 10 St,6806,40.7601853,-73.9362726,40.76315481910373,-73.93985509872437,member
668194,04C484C0BA29CF38,electric_bike,2022-02-05 00:35:09,2022-02-05 00:37:51,21 St & 36 Ave,6729,21 St & 31 Dr,6865,40.7601853,-73.9362726,40.7659,-73.930819,member
668293,304D09008CAA5FA9,classic_bike,2022-02-09 23:17:18,2022-02-09 23:20:34,21 St & 36 Ave,6729,35 Ave & 10 St,6806,40.7601853,-73.9362726,40.76315481910373,-73.93985509872437,member
668408,137F6D2EA6B85218,electric_bike,2022-02-20 13:23:22,2022-02-20 13:27:18,21 St & 36 Ave,6729,21 St & 31 Dr,6865,40.7601853,-73.9362726,40.7659,-73.930819,member
668417,8A7F4AE1939CEBBD,electric_bike,2022-02-17 11:25:51,2022-02-17 11:29:19,21 St & 36 Ave,6729,21 St & 31 Dr,6865,40.7601853,-73.9362726,40.7659,-73.930819,member
668418,B16AFE1F68168FBE,classic_bike,2022-02-23 16:42:25,2022-02-23 16:49:03,21 St & 36 Ave,6729,21 St & 31 Dr,6865,40.7601853,-73.9362726,40.7659,-73.930819,member
669547,48AFA69C48DC8157,electric_bike,2022-02-28 17:44:20,2022-02-28 17:47:51,21 St & 36 Ave,6729,21 St & 31 Dr,6865,40.7601853,-73.9362726,40.7659,-73.930819,member
677724,7D76E7D4A3666EC7,classic_bike,2022-02-19 11:52:53,2022-02-19 12:09:26,21 St & 36 Ave,6729,5 St & 51 Ave,6137,40.7601853,-73.9362726,40.7423737,-73.9566,member
698650,7786E46D66EAE915,electric_bike,2022-02-10 14:58:29,2022-02-10 15:14:53,21 St & 36 Ave,6729,Broadway & W 58 St,6948,40.7601853,-73.9362726,40.76695317,-73.98169333,member
714458,412A01EC1967E211,electric_bike,2022-02-22 07:51:10,2022-02-22 08:05:20,21 St & 36 Ave,6729,E 48 St & 3 Ave,6541,40.7601853,-73.9362726,40.7546011026,-73.971878855,member
731825,894FB358E4FB5117,classic_bike,2022-02-17 18:34:22,2022-02-17 18:40:27,21 St & 36 Ave,6729,31 Ave & 14 St,6966,40.7601853,-73.9362726,40.7682,-73.9322662,member
761894,D43F2F7148A80ADA,classic_bike,2022-02-21 15:45:39,2022-02-21 15:52:53,21 St & 36 Ave,6729,34 St & 35 Ave,6605,40.7601853,-73.9362726,40.7569332,-73.9262231,member
762200,5884986237B0B1EC,electric_bike,2022-02-23 14:16:42,2022-02-23 15:02:01,21 St & 36 Ave,6729,Prospect Park West & 8 St,3722,40.7601853,-73.9362726,40.66514681533792,-73.97637605667114,member
778396,B8AF69D3ACB8EBA6,electric_bike,2022-02-23 16:01:01,2022-02-23 16:06:35,21 St & 36 Ave,6729,36 Ave & 31 St,6572,40.7601853,-73.9362726,40.75651272984955,-73.92957486212252,member
781520,F82CC0262884A2AC,classic_bike,2022-02-16 13:19:38,2022-02-16 13:26:18,21 St & 36 Ave,6729,Broadway & 12 St,6901,40.7601853,-73.9362726,40.7668,-73.9347774,member
781538,4DD7CD0D18D49AED,classic_bike,2022-02-03 13:53:20,2022-02-03 13:57:16,21 St & 36 Ave,6729,36 Ave & 31 St,6572,40.7601853,-73.9362726,40.75651272984955,-73.92957486212252,member
782692,57816722ACA1516B,electric_bike,2022-02-08 09:31:12,2022-02-08 09:35:33,21 St & 36 Ave,6729,36 Ave & 31 St,6572,40.7601853,-73.9362726,40.75651272984955,-73.92957486212252,member
782701,3D354BEE1BC87340,electric_bike,2022-02-05 16:39:04,2022-02-05 16:42:06,21 St & 36 Ave,6729,36 Ave & 31 St,6572,40.7601853,-73.9362726,40.75651272984955,-73.92957486212252,member
784925,A5675AFA92A688F2,electric_bike,2022-02-17 15:31:39,2022-02-17 15:35:51,21 St & 36 Ave,6729,36 Ave & 31 St,6572,40.7601853,-73.9362726,40.75651272984955,-73.92957486212252,member
795363,EF342207D84A895A,electric_bike,2022-02-03 09:44:46,2022-02-03 09:52:13,21 St & 36 Ave,6729,31 Ave & Steinway St,6782,40.7601853,-73.9362726,40.7611488,-73.9170071,member
798358,8B41AB247A4DFC2B,electric_bike,2022-02-17 10:18:10,2022-02-17 10:33:46,21 St & 36 Ave,6729,31 Ave & Steinway St,6782,40.7601853,-73.9362726,40.7611488,-73.9170071,member
822450,A9CB43DCE9D6F820,electric_bike,2022-02-18 08:08:52,2022-02-18 08:14:01,21 St & 36 Ave,6729,34th Ave & Vernon Blvd,6873,40.7601853,-73.9362726,40.76535380385866,-73.93986314535141,member
827598,46F5AD824D0C86F3,classic_bike,2022-02-12 11:01:45,2022-02-12 11:10:36,21 St & 36 Ave,6729,34th Ave & Vernon Blvd,6873,40.7601853,-73.9362726,40.76535380385866,-73.93986314535141,member
827603,1E9F4F497EF3EB90,electric_bike,2022-02-19 10:16:06,2022-02-19 10:20:47,21 St & 36 Ave,6729,34th Ave & Vernon Blvd,6873,40.7601853,-73.9362726,40.76535380385866,-73.93986314535141,member
827622,490B4BA0D4E27EC1,electric_bike,2022-02-17 11:18:38,2022-02-17 11:22:38,21 St & 36 Ave,6729,34th Ave & Vernon Blvd,6873,40.7601853,-73.9362726,40.76535380385866,-73.93986314535141,member
827632,27299439CF31141B,classic_bike,2022-02-05 08:11:39,2022-02-05 08:17:44,21 St & 36 Ave,6729,34th Ave & Vernon Blvd,6873,40.7601853,-73.9362726,40.76535380385866,-73.93986314535141,member
829011,F5336D2266CC4A7E,electric_bike,2022-02-24 20:17:23,2022-02-24 20:21:59,21 St & 36 Ave,6729,34th Ave & Vernon Blvd,6873,40.7601853,-73.9362726,40.76535380385866,-73.93986314535141,member
829446,D6C94E2DA6F232E2,electric_bike,2022-02-28 07:45:24,2022-02-28 07:48:57,21 St & 36 Ave,6729,34th Ave & Vernon Blvd,6873,40.7601853,-73.9362726,40.76535380385866,-73.93986314535141,member
847124,1C6AABBF0D0389AA,electric_bike,2022-02-12 14:41:20,2022-02-12 14:58:21,21 St & 36 Ave,6729,Central Park West & W 68 St,7079,40.7601853,-73.9362726,40.7734066,-73.97782542,member
848909,97871A23F2AF5677,electric_bike,2022-02-05 14:36:30,2022-02-05 14:53:49,21 St & 36 Ave,6729,Central Park West & W 68 St,7079,40.7601853,-73.9362726,40.7734066,-73.97782542,member
850458,1E5E9DFC2ABD8EF5,electric_bike,2022-02-07 13:38:45,2022-02-07 13:58:26,21 St & 36 Ave,6729,W 67 St & Broadway,7116,40.7601853,-73.9362726,40.77492513,-73.98266566,member
850459,E6A34095BA59C0DE,electric_bike,2022-02-09 13:24:47,2022-02-09 13:45:02,21 St & 36 Ave,6729,W 67 St & Broadway,7116,40.7601853,-73.9362726,40.77492513,-73.98266566,member
850547,47CB9E0778D4A191,electric_bike,2022-02-17 14:00:19,2022-02-17 14:18:52,21 St & 36 Ave,6729,W 67 St & Broadway,7116,40.7601853,-73.9362726,40.77492513,-73.98266566,member
861863,426EB33EE933F451,classic_bike,2022-02-10 11:55:48,2022-02-10 12:09:13,21 St & 36 Ave,6729,Ditmars Blvd & 19 St,7291,40.7601853,-73.9362726,40.78145,-73.9183302,member
863017,BC3612D365E2DFA3,electric_bike,2022-02-11 19:51:52,2022-02-11 20:11:57,21 St & 36 Ave,6729,36 St & Ditmars Blvd,7111,40.7601853,-73.9362726,40.774306,-73.908335,member
871062,1AD854C303070DFB,electric_bike,2022-02-27 10:13:48,2022-02-27 10:29:38,21 St & 36 Ave,6729,1 Ave & E 78 St,7020,40.7601853,-73.9362726,40.77140426,-73.9535166,member
871076,51361C1C1F677937,classic_bike,2022-02-10 14:55:55,2022-02-10 15:14:13,21 St & 36 Ave,6729,Vernon Blvd & 41 Rd,6514,40.7601853,-73.9362726,40.7552433,-73.9485678,member
872846,BB5C2DA9FE8B3F4B,electric_bike,2022-02-19 15:50:03,2022-02-19 15:55:32,21 St & 36 Ave,6729,Vernon Blvd & 41 Rd,6514,40.7601853,-73.9362726,40.7552433,-73.9485678,member
872856,91CFD1690CBD9A55,classic_bike,2022-02-08 16:38:00,2022-02-08 16:45:37,21 St & 36 Ave,6729,Vernon Blvd & 41 Rd,6514,40.7601853,-73.9362726,40.7552433,-73.9485678,member
872873,42C4B3DBBC6D8A30,electric_bike,2022-02-23 15:48:58,2022-02-23 15:55:28,21 St & 36 Ave,6729,Vernon Blvd & 41 Rd,6514,40.7601853,-73.9362726,40.7552433,-73.9485678,member
873077,2E22D7F0C5D86734,electric_bike,2022-02-13 22:55:03,2022-02-13 23:00:48,21 St & 36 Ave,6729,Vernon Blvd & 41 Rd,6514,40.7601853,-73.9362726,40.7552433,-73.9485678,member
885921,E0F6EC3E7D39B4A3,electric_bike,2022-02-24 17:47:06,2022-02-24 17:58:18,21 St & 36 Ave,6729,49 St & 31 Ave,6662,40.7601853,-73.9362726,40.758057,-73.909831,member
886698,A193F56CE9211C05,electric_bike,2022-02-07 02:38:39,2022-02-07 02:48:58,21 St & 36 Ave,6729,49 St & 31 Ave,6662,40.7601853,-73.9362726,40.758057,-73.909831,member
887844,8C5E1192DAFD32B0,electric_bike,2022-02-02 00:02:39,2022-02-02 00:14:18,21 St & 36 Ave,6729,49 St & 31 Ave,6662,40.7601853,-73.9362726,40.758057,-73.909831,casual
894534,D2FF0D6C51596881,classic_bike,2022-02-19 15:41:49,2022-02-19 15:50:02,21 St & 36 Ave,6729,28 St & 41 Ave,6462,40.7601853,-73.9362726,40.751047,-73.93797,member
909237,C24AF767DD7889E0,electric_bike,2022-02-23 09:00:42,2022-02-23 09:16:22,21 St & 36 Ave,6729,E 56 St & 3 Ave,6691,40.7601853,-73.9362726,40.75934501,-73.96759673,member
962796,6AC7BBB97691A59D,electric_bike,2022-02-12 06:42:51,2022-02-12 06:47:23,21 St & 36 Ave,6729,Queens Plaza North & Crescent St,6429,40.7601853,-73.9362726,40.75110165,-73.94073717,casual
994900,E963218756C66618,electric_bike,2022-02-23 16:00:14,2022-02-23 16:16:13,21 St & 36 Ave,6729,7 Ave & Central Park South,6912,40.7601853,-73.9362726,40.7667405590595,-73.9790689945221,member
994925,588440A7FFAE9D0F,electric_bike,2022-02-22 15:48:31,2022-02-22 16:03:38,21 St & 36 Ave,6729,7 Ave & Central Park South,6912,40.7601853,-73.9362726,40.7667405590595,-73.9790689945221,member
994937,73E886A139EEBD0E,electric_bike,2022-02-21 15:42:16,2022-02-21 15:58:12,21 St & 36 Ave,6729,7 Ave & Central Park South,6912,40.7601853,-73.9362726,40.7667405590595,-73.9790689945221,member
994939,103414B482F47FDE,electric_bike,2022-02-15 15:38:22,2022-02-15 15:56:33,21 St & 36 Ave,6729,7 Ave & Central Park South,6912,40.7601853,-73.9362726,40.7667405590595,-73.9790689945221,member
994954,ADEDBFE614D2925A,electric_bike,2022-02-17 15:47:04,2022-02-17 16:01:16,21 St & 36 Ave,6729,7 Ave & Central Park South,6912,40.7601853,-73.9362726,40.7667405590595,-73.9790689945221,member
994981,105282CFF5DD4817,electric_bike,2022-02-03 07:38:32,2022-02-03 08:01:13,21 St & 36 Ave,6729,7 Ave & Central Park South,6912,40.7601853,-73.9362726,40.7667405590595,-73.9790689945221,member
996681,282C995F4A736CDB,electric_bike,2022-02-16 15:52:02,2022-02-16 16:08:32,21 St & 36 Ave,6729,7 Ave & Central Park South,6912,40.7601853,-73.9362726,40.7667405590595,-73.9790689945221,member
1019711,3F4C1CEF5FE3BD60,classic_bike,2022-02-24 08:41:31,2022-02-24 08:49:54,21 St & 36 Ave,6729,40 Ave & 9 St,6664,40.7601853,-73.9362726,40.75742,-73.945133,member
1019749,8B9705647FC90CBA,electric_bike,2022-02-16 23:36:50,2022-02-16 23:41:42,21 St & 36 Ave,6729,40 Ave & 9 St,6664,40.7601853,-73.9362726,40.75742,-73.945133,member
1019750,BA90131DE9426B86,classic_bike,2022-02-17 08:57:31,2022-02-17 09:03:51,21 St & 36 Ave,6729,40 Ave & 9 St,6664,40.7601853,-73.9362726,40.75742,-73.945133,member
1019752,AF706537DCCE9441,electric_bike,2022-02-18 21:52:15,2022-02-18 21:56:59,21 St & 36 Ave,6729,40 Ave & 9 St,6664,40.7601853,-73.9362726,40.75742,-73.945133,member
1019757,16C607F23947FC19,classic_bike,2022-02-11 15:06:43,2022-02-11 15:12:18,21 St & 36 Ave,6729,40 Ave & 9 St,6664,40.7601853,-73.9362726,40.75742,-73.945133,member
1019791,3F7EBBC378FB8DF0,classic_bike,2022-02-08 17:50:15,2022-02-08 17:59:44,21 St & 36 Ave,6729,40 Ave & 9 St,6664,40.7601853,-73.9362726,40.75742,-73.945133,casual
1019818,15E13419CF5AB6ED,classic_bike,2022-02-07 18:07:08,2022-02-07 18:14:03,21 St & 36 Ave,6729,40 Ave & 9 St,6664,40.7601853,-73.9362726,40.75742,-73.945133,casual
1020589,4D0988F235433F25,classic_bike,2022-02-23 16:04:04,2022-02-23 16:10:29,21 St & 36 Ave,6729,40 Ave & 9 St,6664,40.7601853,-73.9362726,40.75742,-73.945133,member
1030906,D0EEAFB8D5DBCA33,electric_bike,2022-02-11 01:39:16,2022-02-11 01:58:01,21 St & 36 Ave,6729,Vernon Blvd & 50 Ave,6170,40.7601853,-73.9362726,40.74232744,-73.95411749,member
1033438,0077DC3C9993B6B4,electric_bike,2022-02-18 19:06:35,2022-02-18 19:11:14,21 St & 36 Ave,6729,Motorgate,6814,40.7601853,-73.9362726,40.7639089,-73.9477213,member
1034055,41F662898FFDDC69,electric_bike,2022-02-14 08:09:21,2022-02-14 08:23:09,21 St & 36 Ave,6729,Motorgate,6814,40.7601853,-73.9362726,40.7639089,-73.9477213,member
1034061,C1F6F49C4F9152EA,classic_bike,2022-02-05 10:42:53,2022-02-05 10:50:34,21 St & 36 Ave,6729,Motorgate,6814,40.7601853,-73.9362726,40.7639089,-73.9477213,member
1034067,4054932DE006257B,classic_bike,2022-02-24 19:25:20,2022-02-24 19:36:18,21 St & 36 Ave,6729,Newtown Ave & 23 St,7026,40.7601853,-73.9362726,40.7713615,-73.9246145,casual
1034068,CA9906796B807B91,classic_bike,2022-02-21 21:45:35,2022-02-21 21:55:53,21 St & 36 Ave,6729,Newtown Ave & 23 St,7026,40.7601853,-73.9362726,40.7713615,-73.9246145,casual
1034076,C521A3CE494FB8A2,classic_bike,2022-02-03 15:16:13,2022-02-03 15:24:07,21 St & 36 Ave,6729,Newtown Ave & 23 St,7026,40.7601853,-73.9362726,40.7713615,-73.9246145,member
1034080,F798EC65E77CCB52,electric_bike,2022-02-24 08:18:30,2022-02-24 08:32:15,21 St & 36 Ave,6729,Motorgate,6814,40.7601853,-73.9362726,40.7639089,-73.9477213,member
1034081,41648572A96250FC,electric_bike,2022-02-23 07:25:33,2022-02-23 07:35:51,21 St & 36 Ave,6729,Motorgate,6814,40.7601853,-73.9362726,40.7639089,-73.9477213,member
1034086,95D69FEE80D9D7CF,electric_bike,2022-02-15 10:41:54,2022-02-15 10:46:32,21 St & 36 Ave,6729,Motorgate,6814,40.7601853,-73.9362726,40.7639089,-73.9477213,member
1048544,561E20634749F3A7,classic_bike,2022-02-22 15:44:54,2022-02-22 15:51:27,21 St & 36 Ave,6729,Vernon Blvd & 10 St,6937,40.7601853,-73.9362726,40.7671863,-73.9373554,member
1048555,9ADB62B6C4D38240,classic_bike,2022-02-07 15:44:34,2022-02-07 15:47:33,21 St & 36 Ave,6729,24 St & 38 Ave,6581,40.7601853,-73.9362726,40.756351,-73.936515,member
1048564,FA01B1583382B538,electric_bike,2022-02-21 11:55:09,2022-02-21 11:59:27,21 St & 36 Ave,6729,24 St & 38 Ave,6581,40.7601853,-73.9362726,40.756351,-73.936515,member
1049632,05163404A6DFAA79,classic_bike,2022-02-24 15:48:20,2022-02-24 15:51:10,21 St & 36 Ave,6729,24 St & 38 Ave,6581,40.7601853,-73.9362726,40.756351,-73.936515,member
1076313,06E47E0AEF592ADD,electric_bike,2022-02-26 09:53:18,2022-02-26 10:01:01,21 St & 36 Ave,6729,Jackson Ave & 46 Rd,6203,40.7601853,-73.9362726,40.74524768,-73.94733276,member
1076320,24E91D6DDAFFFDE0,electric_bike,2022-02-02 11:45:14,2022-02-02 11:52:53,21 St & 36 Ave,6729,Jackson Ave & 46 Rd,6203,40.7601853,-73.9362726,40.74524768,-73.94733276,member
1076362,6E6BF6568FD01B99,electric_bike,2022-02-26 09:53:28,2022-02-26 10:01:00,21 St & 36 Ave,6729,Jackson Ave & 46 Rd,6203,40.7601853,-73.9362726,40.74524768,-73.94733276,casual
1116816,F89CFCA783E09AEC,electric_bike,2022-02-12 21:47:26,2022-02-12 21:51:39,21 St & 36 Ave,6729,34 Ave & 13 St,6836,40.7601853,-73.9362726,40.7638753,-73.9364848,member
1141405,C141DDD8D957DE61,electric_bike,2022-02-11 17:53:08,2022-02-11 17:56:56,21 St & 36 Ave,6729,21 St & Queens Plaza North,6471,40.7601853,-73.9362726,40.75325964,-73.94335788,member
1141547,AD93AEFDFB2E1732,electric_bike,2022-02-11 18:54:59,2022-02-11 19:01:30,21 St & 36 Ave,6729,21 St & Queens Plaza North,6471,40.7601853,-73.9362726,40.75325964,-73.94335788,member
1141583,1DFAB2E310CD6C55,electric_bike,2022-02-10 22:07:50,2022-02-10 22:11:17,21 St & 36 Ave,6729,21 St & Queens Plaza North,6471,40.7601853,-73.9362726,40.75325964,-73.94335788,member
1141595,3AD107A0C43124E1,electric_bike,2022-02-08 08:34:30,2022-02-08 08:38:33,21 St & 36 Ave,6729,21 St & Queens Plaza North,6471,40.7601853,-73.9362726,40.75325964,-73.94335788,member
1141607,6AF70F06921EE1FD,electric_bike,2022-02-26 22:12:46,2022-02-26 22:16:24,21 St & 36 Ave,6729,21 St & Queens Plaza North,6471,40.7601853,-73.9362726,40.75325964,-73.94335788,member
1141782,643255F61B920F46,electric_bike,2022-02-13 19:35:27,2022-02-13 19:39:40,21 St & 36 Ave,6729,21 St & Queens Plaza North,6471,40.7601853,-73.9362726,40.75325964,-73.94335788,member
1142815,B6A7A1B2A4FFB399,classic_bike,2022-02-27 14:29:53,2022-02-27 14:33:42,21 St & 36 Ave,6729,21 St & Queens Plaza North,6471,40.7601853,-73.9362726,40.75325964,-73.94335788,member
1202354,2402CB5726AAA9D0,classic_bike,2022-02-22 20:45:00,2022-02-22 20:49:05,21 St & Queens Plaza North,6471,21 St & 36 Ave,6729,40.75325964,-73.94335788,40.7601853,-73.9362726,casual
1202364,7E62AA756F2946C7,classic_bike,2022-02-23 20:22:19,2022-02-23 20:26:37,21 St & Queens Plaza North,6471,21 St & 36 Ave,6729,40.75325964,-73.94335788,40.7601853,-73.9362726,member
1202409,6A7B0CC4D5CC7A0E,electric_bike,2022-02-17 09:33:31,2022-02-17 09:37:02,21 St & Queens Plaza North,6471,21 St & 36 Ave,6729,40.75325964,-73.94335788,40.7601853,-73.9362726,member
1202416,0D4114BDD00141C9,classic_bike,2022-02-10 17:58:58,2022-02-10 18:03:05,21 St & Queens Plaza North,6471,21 St & 36 Ave,6729,40.75325964,-73.94335788,40.7601853,-73.9362726,member
1202459,FE05F429D0A3751A,classic_bike,2022-02-27 19:58:42,2022-02-27 20:03:02,21 St & Queens Plaza North,6471,21 St & 36 Ave,6729,40.75325964,-73.94335788,40.7601853,-73.9362726,member
1202489,90AE0E52A42CBD46,classic_bike,2022-02-18 09:35:35,2022-02-18 09:40:55,21 St & Queens Plaza North,6471,21 St & 36 Ave,6729,40.75325964,-73.94335788,40.7601853,-73.9362726,member
1202490,499640374E7F21AF,electric_bike,2022-02-16 09:31:15,2022-02-16 09:35:35,21 St & Queens Plaza North,6471,21 St & 36 Ave,6729,40.75325964,-73.94335788,40.7601853,-73.9362726,member
1202658,A003897020139244,electric_bike,2022-02-12 09:35:19,2022-02-12 09:45:54,21 Ave & Crescent St,7284,21 St & 36 Ave,6729,40.780478,-73.912212,40.7601853,-73.9362726,member
1202683,03DD873AA6C67456,classic_bike,2022-02-18 08:01:20,2022-02-18 08:08:07,21 St & Queens Plaza North,6471,21 St & 36 Ave,6729,40.75325964,-73.94335788,40.7601853,-73.9362726,member
