,ride_id,rideable_type,started_at,ended_at,start_station_name,start_station_id,end_station_name,end_station_id,start_lat,start_lng,end_lat,end_lng,member_casual
263661,81910BDA18FE17B1,classic_bike,2022-01-19 19:35:14,2022-01-19 19:47:27,3 St & Hoyt St,4110,Willoughby St & Fleet St,4628,40.6777287,-73.99364123,40.69196566,-73.9813018,member
263662,3B51DB712E3FAE4E,classic_bike,2022-01-22 18:45:41,2022-01-22 18:58:04,3 St & Hoyt St,4110,Willoughby St & Fleet St,4628,40.6777287,-73.99364123,40.69196566,-73.9813018,member
266768,E40A3A1E5BE6BD3B,electric_bike,2022-01-13 12:47:59,2022-01-13 12:51:52,3 St & Hoyt St,4110,4 Ave & 3 St,4028,40.6777287,-73.99364123,40.673746,-73.985649,member
267132,F3E6D21397926FF8,electric_bike,2022-01-02 20:38:41,2022-01-02 20:41:48,3 St & Hoyt St,4110,4 Ave & 3 St,4028,40.6777287,-73.99364123,40.673746,-73.985649,member
267134,B793D913B842261D,classic_bike,2022-01-06 07:51:01,2022-01-06 07:55:00,3 St & Hoyt St,4110,4 Ave & 3 St,4028,40.6777287,-73.99364123,40.673746,-73.985649,member
267251,820765EC5AFE237D,classic_bike,2022-01-18 09:16:44,2022-01-18 09:23:26,3 St & Hoyt St,4110,4 Ave & 3 St,4028,40.6777287,-73.99364123,40.673746,-73.985649,member
267274,DA4F488D0E124AAD,classic_bike,2022-01-18 15:47:21,2022-01-18 15:51:24,3 St & Hoyt St,4110,4 Ave & 3 St,4028,40.6777287,-73.99364123,40.673746,-73.985649,casual
267983,7DAC92888382A806,classic_bike,2022-01-03 11:14:00,2022-01-03 11:17:41,3 St & Hoyt St,4110,4 Ave & 3 St,4028,40.6777287,-73.99364123,40.673746,-73.985649,member
272049,A083752643E119EB,electric_bike,2022-01-24 09:24:28,2022-01-24 09:33:22,3 St & Hoyt St,4110,Pierrepont St & Monroe Pl,4718,40.6777287,-73.99364123,40.69535693320225,-73.99344027042389,casual
284243,CE1F23CDB58646C5,electric_bike,2022-01-28 13:56:49,2022-01-28 14:03:14,3 St & Hoyt St,4110,Butler St & Court St,4339,40.6777287,-73.99364123,40.6849894,-73.99440329,casual
284788,D327B6E3BC737B29,electric_bike,2022-01-26 16:30:20,2022-01-26 16:35:38,3 St & Hoyt St,4110,Butler St & Court St,4339,40.6777287,-73.99364123,40.6849894,-73.99440329,member
284795,641C49685FBD74CB,classic_bike,2022-01-14 15:14:50,2022-01-14 15:21:14,3 St & Hoyt St,4110,Butler St & Court St,4339,40.6777287,-73.99364123,40.6849894,-73.99440329,member
286936,CD7513A8F1DEB857,electric_bike,2022-01-19 15:18:45,2022-01-19 15:40:55,3 St & Hoyt St,4110,1 Pl & Clinton St,4193,40.6777287,-73.99364123,40.6809591,-73.99905709,member
287149,7A8127F723EBB6A4,classic_bike,2022-01-22 15:40:23,2022-01-22 15:44:17,3 St & Hoyt St,4110,1 Pl & Clinton St,4193,40.6777287,-73.99364123,40.6809591,-73.99905709,member
287639,5D7DC47421E50EEB,classic_bike,2022-01-27 15:37:43,2022-01-27 15:42:11,3 St & Hoyt St,4110,1 Pl & Clinton St,4193,40.6777287,-73.99364123,40.6809591,-73.99905709,member
287953,771F5DEAA84CD353,classic_bike,2022-01-16 15:25:59,2022-01-16 15:35:07,3 St & Hoyt St,4110,1 Pl & Clinton St,4193,40.6777287,-73.99364123,40.6809591,-73.99905709,member
288278,C6EA3EF794580EBB,electric_bike,2022-01-30 14:57:01,2022-01-30 15:01:12,3 St & Hoyt St,4110,1 Pl & Clinton St,4193,40.6777287,-73.99364123,40.6809591,-73.99905709,member
302857,49C69A6A53B71660,electric_bike,2022-01-19 14:15:23,2022-01-19 14:36:21,3 St & Hoyt St,4110,7 Ave & Park Pl,4125,40.6777287,-73.99364123,40.6776147,-73.97324283,member
302859,569E22F75BD83E45,electric_bike,2022-01-31 19:53:04,2022-01-31 19:58:12,3 St & Hoyt St,4110,Union St & Nevins St,4143,40.6777287,-73.99364123,40.67909799721684,-73.98765474557877,member
302868,64E109DD32019371,electric_bike,2022-01-31 19:53:00,2022-01-31 19:58:23,3 St & Hoyt St,4110,Union St & Nevins St,4143,40.6777287,-73.99364123,40.67909799721684,-73.98765474557877,member
302879,7E0E6EF349E87B6D,classic_bike,2022-01-27 17:25:00,2022-01-27 17:28:15,3 St & Hoyt St,4110,Union St & Nevins St,4143,40.6777287,-73.99364123,40.67909799721684,-73.98765474557877,member
303379,D912DB0A6CC4D81C,classic_bike,2022-01-24 16:57:41,2022-01-24 17:01:42,3 St & Hoyt St,4110,Union St & Nevins St,4143,40.6777287,-73.99364123,40.67909799721684,-73.98765474557877,member
318038,8A9D554508A3C2E4,classic_bike,2022-01-25 08:40:37,2022-01-25 08:50:17,3 St & Hoyt St,4110,Congress St & Clinton St,4455,40.6777287,-73.99364123,40.68825516598005,-73.99545192718506,casual
318039,4404512BC0814CBD,electric_bike,2022-01-19 15:38:58,2022-01-19 15:42:36,3 St & Hoyt St,4110,Warren St & Smith St,4371,40.6777287,-73.99364123,40.68542400997018,-73.99127773940563,member
318105,423606B0E33472BA,classic_bike,2022-01-07 16:34:35,2022-01-07 16:44:18,3 St & Hoyt St,4110,Congress St & Clinton St,4455,40.6777287,-73.99364123,40.68825516598005,-73.99545192718506,member
318108,F3F88E621B1E1BF1,classic_bike,2022-01-20 18:36:35,2022-01-20 18:39:50,3 St & Hoyt St,4110,3 Ave & Carroll St,4143,40.6777287,-73.99364123,40.677027,-73.9865,member
318370,92F349D19E238EA0,classic_bike,2022-01-21 14:13:33,2022-01-21 14:20:02,3 St & Hoyt St,4110,Warren St & Smith St,4371,40.6777287,-73.99364123,40.68542400997018,-73.99127773940563,member
318371,55497F51B3FB299D,classic_bike,2022-01-21 11:24:50,2022-01-21 11:31:00,3 St & Hoyt St,4110,Warren St & Smith St,4371,40.6777287,-73.99364123,40.68542400997018,-73.99127773940563,member
318563,4D52A262391925C1,classic_bike,2022-01-06 18:43:26,2022-01-06 18:47:30,3 St & Hoyt St,4110,3 Ave & Carroll St,4143,40.6777287,-73.99364123,40.677027,-73.9865,member
318564,48146811AC686D7A,classic_bike,2022-01-04 11:07:20,2022-01-04 11:13:53,3 St & Hoyt St,4110,3 Ave & Carroll St,4143,40.6777287,-73.99364123,40.677027,-73.9865,member
319257,7D8395DAA44D0A4E,electric_bike,2022-01-04 16:52:28,2022-01-04 16:56:19,3 St & Hoyt St,4110,Bay St & Court St,3931,40.6777287,-73.99364123,40.671409,-74.001328,member
319264,F49DCFEEE0D68BDF,classic_bike,2022-01-14 15:48:59,2022-01-14 15:56:07,3 St & Hoyt St,4110,Bay St & Court St,3931,40.6777287,-73.99364123,40.671409,-74.001328,member
319580,192EA3186A9EE618,classic_bike,2022-01-05 13:37:27,2022-01-05 13:44:07,3 St & Hoyt St,4110,Warren St & Smith St,4371,40.6777287,-73.99364123,40.68542400997018,-73.99127773940563,member
322620,66821CF589D07432,classic_bike,2022-01-18 12:51:03,2022-01-18 13:06:51,3 St & Hoyt St,4110,6 Ave & 9 St,3803,40.6777287,-73.99364123,40.668127,-73.98377641,member
322635,891AE18B32C0EA67,electric_bike,2022-01-16 12:25:11,2022-01-16 12:31:27,3 St & Hoyt St,4110,6 Ave & 9 St,3803,40.6777287,-73.99364123,40.668127,-73.98377641,member
328244,F0448BDA0F74FA4B,electric_bike,2022-01-17 14:20:15,2022-01-17 14:32:37,3 St & Hoyt St,4110,Flatbush Ave & Ocean Ave,3704,40.6777287,-73.99364123,40.663657,-73.963014,casual
329897,9DC5B642A0BAF1FE,electric_bike,2022-01-20 15:15:40,2022-01-20 15:30:47,3 St & Hoyt St,4110,Flatbush Ave & Ocean Ave,3704,40.6777287,-73.99364123,40.663657,-73.963014,casual
342937,01B5D50341616275,classic_bike,2022-01-18 12:49:59,2022-01-18 13:26:39,3 St & Hoyt St,4110,Graham Ave & Grand St,5178,40.6777287,-73.99364123,40.711863,-73.944024,member
362839,473067C3C2A85911,classic_bike,2022-01-24 07:17:35,2022-01-24 07:34:47,3 St & Hoyt St,4110,Clark St & Henry St,4789,40.6777287,-73.99364123,40.69760127,-73.99344559,member
363504,D4DBAEF53275A691,classic_bike,2022-01-14 07:19:15,2022-01-14 07:32:49,3 St & Hoyt St,4110,Clark St & Henry St,4789,40.6777287,-73.99364123,40.69760127,-73.99344559,member
363506,602266FDE5CC69ED,electric_bike,2022-01-17 07:17:52,2022-01-17 07:30:04,3 St & Hoyt St,4110,Clark St & Henry St,4789,40.6777287,-73.99364123,40.69760127,-73.99344559,member
365271,139C28AD5B43C794,electric_bike,2022-01-03 16:44:00,2022-01-03 16:59:30,3 St & Hoyt St,4110,Clark St & Henry St,4789,40.6777287,-73.99364123,40.69760127,-73.99344559,member
369122,40BCE624C6A9987E,classic_bike,2022-01-02 15:36:57,2022-01-02 15:52:03,3 St & Hoyt St,4110,3 St & 7 Ave,3905,40.6777287,-73.99364123,40.6703837,-73.97839676,member
369130,4D20C43FF9D360A7,electric_bike,2022-01-24 18:58:20,2022-01-24 19:04:38,3 St & Hoyt St,4110,3 St & 7 Ave,3905,40.6777287,-73.99364123,40.6703837,-73.97839676,member
369143,5A7BED6F5CD9C74F,classic_bike,2022-01-26 11:54:26,2022-01-26 12:04:54,3 St & Hoyt St,4110,3 St & 7 Ave,3905,40.6777287,-73.99364123,40.6703837,-73.97839676,member
369328,5CBE511E1D2AA9AB,electric_bike,2022-01-02 14:35:35,2022-01-02 14:42:57,3 St & Hoyt St,4110,3 St & 7 Ave,3905,40.6777287,-73.99364123,40.6703837,-73.97839676,member
369329,1E52E85CD9FCEC7D,electric_bike,2022-01-17 10:19:05,2022-01-17 10:25:04,3 St & Hoyt St,4110,3 St & 7 Ave,3905,40.6777287,-73.99364123,40.6703837,-73.97839676,member
369614,5BB429E15EE04B4F,classic_bike,2022-01-03 13:32:07,2022-01-03 13:39:10,3 St & Hoyt St,4110,3 St & 7 Ave,3905,40.6777287,-73.99364123,40.6703837,-73.97839676,member
369615,FDFFB12E7C198057,classic_bike,2022-01-31 12:46:51,2022-01-31 12:55:26,3 St & Hoyt St,4110,3 St & 7 Ave,3905,40.6777287,-73.99364123,40.6703837,-73.97839676,member
369616,F718780D6F51487A,electric_bike,2022-01-18 12:53:09,2022-01-18 13:01:04,3 St & Hoyt St,4110,3 St & 7 Ave,3905,40.6777287,-73.99364123,40.6703837,-73.97839676,member
371062,213D7256AC663337,electric_bike,2022-01-02 19:08:15,2022-01-02 19:19:28,3 St & Hoyt St,4110,3 St & 7 Ave,3905,40.6777287,-73.99364123,40.6703837,-73.97839676,member
371063,ACCB79EE219032F7,electric_bike,2022-01-13 13:48:03,2022-01-13 13:57:37,3 St & Hoyt St,4110,3 St & 7 Ave,3905,40.6777287,-73.99364123,40.6703837,-73.97839676,member
372803,BD429E092440B030,classic_bike,2022-01-13 15:43:22,2022-01-13 15:55:31,3 St & Hoyt St,4110,Fulton St & Adams St,4637,40.6777287,-73.99364123,40.69241829257847,-73.98949474096298,casual
376216,D838393B9C057B29,electric_bike,2022-01-02 06:18:06,2022-01-02 06:23:44,3 St & Hoyt St,4110,Carroll St & Bond St,4184,40.6777287,-73.99364123,40.6786115,-73.99037292,member
376227,0BCCCEB87CEB9762,electric_bike,2022-01-25 18:35:19,2022-01-25 18:37:07,3 St & Hoyt St,4110,Carroll St & Bond St,4184,40.6777287,-73.99364123,40.6786115,-73.99037292,member
377044,C654532054462345,electric_bike,2022-01-19 18:40:40,2022-01-19 18:42:23,3 St & Hoyt St,4110,Carroll St & Bond St,4184,40.6777287,-73.99364123,40.6786115,-73.99037292,casual
377747,C23AEDC1D8CDC0FA,classic_bike,2022-01-07 01:59:03,2022-01-07 02:13:22,3 St & Hoyt St,4110,Carroll St & Bond St,4184,40.6777287,-73.99364123,40.6786115,-73.99037292,member
379263,4D9CE9187B5ACCB3,classic_bike,2022-01-03 10:57:43,2022-01-03 11:20:58,3 St & Hoyt St,4110,Centre St & Chambers St,5207,40.6777287,-73.99364123,40.71273266,-74.0046073,member
380039,4DB495640AB4360E,classic_bike,2022-01-03 20:06:22,2022-01-03 20:08:28,3 St & Hoyt St,4110,Carroll St & Bond St,4184,40.6777287,-73.99364123,40.6786115,-73.99037292,member
380073,A7AB165EB05FEF79,electric_bike,2022-01-16 17:17:15,2022-01-16 18:14:45,3 St & Hoyt St,4110,Carroll St & Bond St,4184,40.6777287,-73.99364123,40.6786115,-73.99037292,member
384048,C1538488EE5B0827,classic_bike,2022-01-15 08:09:43,2022-01-15 08:22:00,3 St & Hoyt St,4110,Garfield Pl & 8 Ave,3978,40.6777287,-73.99364123,40.6711978,-73.97484126,casual
384501,A9B495B8A8F98759,electric_bike,2022-01-22 23:27:55,2022-01-22 23:37:10,3 St & Hoyt St,4110,Garfield Pl & 8 Ave,3978,40.6777287,-73.99364123,40.6711978,-73.97484126,member
384563,10B48C319425ADB8,electric_bike,2022-01-31 11:13:10,2022-01-31 11:23:16,3 St & Hoyt St,4110,Garfield Pl & 8 Ave,3978,40.6777287,-73.99364123,40.6711978,-73.97484126,member
385132,4A42FEBC028B9033,electric_bike,2022-01-06 14:57:29,2022-01-06 15:17:19,3 St & Hoyt St,4110,57 St & 4 Ave,3093,40.6777287,-73.99364123,40.642622,-74.016866,casual
395247,BDA69A8C2BFA7188,classic_bike,2022-01-25 08:06:27,2022-01-25 08:17:10,3 St & Hoyt St,4110,Nevins St & Schermerhorn St,4437,40.6777287,-73.99364123,40.68737247650719,-73.98176059126854,member
395770,CF163E9114B6647B,classic_bike,2022-01-06 17:18:17,2022-01-06 17:25:58,3 St & Hoyt St,4110,Nevins St & Schermerhorn St,4437,40.6777287,-73.99364123,40.68737247650719,-73.98176059126854,member
396091,DA50E4B03E9FDF76,classic_bike,2022-01-18 18:27:36,2022-01-18 18:35:46,3 St & Hoyt St,4110,Nevins St & Schermerhorn St,4437,40.6777287,-73.99364123,40.68737247650719,-73.98176059126854,member
396092,B480728F69C42BC9,classic_bike,2022-01-13 17:56:10,2022-01-13 18:03:08,3 St & Hoyt St,4110,Nevins St & Schermerhorn St,4437,40.6777287,-73.99364123,40.68737247650719,-73.98176059126854,member
411462,75F2546C59E57D83,classic_bike,2022-01-14 18:36:14,2022-01-14 18:52:44,3 St & Hoyt St,4110,Park Cir & East Dr,3344,40.6777287,-73.99364123,40.651566,-73.972212,member
413457,AEB0109E0EA690A6,classic_bike,2022-01-21 13:27:29,2022-01-21 13:50:34,3 St & Hoyt St,4110,Park Cir & East Dr,3344,40.6777287,-73.99364123,40.651566,-73.972212,member
419823,03FAC128E57C36DB,electric_bike,2022-01-13 05:44:00,2022-01-13 05:50:06,3 St & Hoyt St,4110,Carroll St & 6 Ave,4019,40.6777287,-73.99364123,40.6740886,-73.9787282,member
419824,76BA81ED678D060D,classic_bike,2022-01-14 15:03:37,2022-01-14 15:11:53,3 St & Hoyt St,4110,Carroll St & 6 Ave,4019,40.6777287,-73.99364123,40.6740886,-73.9787282,member
419826,4A94D591A507BA2A,classic_bike,2022-01-02 06:10:08,2022-01-02 07:07:12,3 St & Hoyt St,4110,W 44 St & 11 Ave,6756,40.6777287,-73.99364123,40.762009,-73.996975,member
419827,911C132BE0668534,classic_bike,2022-01-19 14:58:09,2022-01-19 15:05:59,3 St & Hoyt St,4110,Carroll St & 6 Ave,4019,40.6777287,-73.99364123,40.6740886,-73.9787282,member
419829,DAAFB8EC9AB8B834,classic_bike,2022-01-06 05:42:51,2022-01-06 05:53:21,3 St & Hoyt St,4110,Carroll St & 6 Ave,4019,40.6777287,-73.99364123,40.6740886,-73.9787282,member
419836,1FB863DD4E829E6F,classic_bike,2022-01-13 17:28:59,2022-01-13 17:33:46,3 St & Hoyt St,4110,Bond St & Bergen St,4404,40.6777287,-73.99364123,40.6849668,-73.98620772,member
419839,6B77B6694320CE4F,classic_bike,2022-01-23 10:00:16,2022-01-23 10:07:44,3 St & Hoyt St,4110,10 St & 2 Ave,3922,40.6777287,-73.99364123,40.671907,-73.993612,member
420632,BCF1C156353447A8,classic_bike,2022-01-18 05:42:59,2022-01-18 05:51:36,3 St & Hoyt St,4110,Carroll St & 6 Ave,4019,40.6777287,-73.99364123,40.6740886,-73.9787282,member
431532,AA5CC7AD06E2B239,electric_bike,2022-01-25 10:10:50,2022-01-25 10:16:33,3 St & Hoyt St,4110,Henry St & Degraw St,4380,40.6777287,-73.99364123,40.6847514,-73.99917254,member
431559,A07B900072401BD4,electric_bike,2022-01-03 16:44:57,2022-01-03 16:48:53,3 St & Hoyt St,4110,Henry St & Degraw St,4380,40.6777287,-73.99364123,40.6847514,-73.99917254,member
438226,A06FCAEE11B8C5AB,electric_bike,2022-01-13 19:13:41,2022-01-13 19:28:05,3 St & Hoyt St,4110,Smith St & 3 St,4151,40.6777287,-73.99364123,40.6787242,-73.99599099,member
438227,A888871ADEFFF461,electric_bike,2022-01-05 19:33:00,2022-01-05 19:41:40,3 St & Hoyt St,4110,14 St & 7 Ave,3731,40.6777287,-73.99364123,40.663779,-73.98396846,member
438420,889FDFB52255BED8,classic_bike,2022-01-05 15:05:22,2022-01-05 15:08:23,3 St & Hoyt St,4110,Smith St & 3 St,4151,40.6777287,-73.99364123,40.6787242,-73.99599099,member
438422,81D21879AA2FF890,classic_bike,2022-01-26 12:26:25,2022-01-26 12:29:28,3 St & Hoyt St,4110,Smith St & 3 St,4151,40.6777287,-73.99364123,40.6787242,-73.99599099,member
438488,1601A66F8B2EFE60,classic_bike,2022-01-27 11:27:15,2022-01-27 11:29:23,3 St & Hoyt St,4110,Smith St & 3 St,4151,40.6777287,-73.99364123,40.6787242,-73.99599099,member
438489,60F124417FDA50A8,classic_bike,2022-01-27 11:21:20,2022-01-27 11:23:14,3 St & Hoyt St,4110,Smith St & 3 St,4151,40.6777287,-73.99364123,40.6787242,-73.99599099,member
438593,A002C6F3C14D3163,electric_bike,2022-01-21 13:33:08,2022-01-21 13:41:45,3 St & Hoyt St,4110,14 St & 7 Ave,3731,40.6777287,-73.99364123,40.663779,-73.98396846,member
439657,ECC4E5FE0CB9F18E,classic_bike,2022-01-06 18:26:50,2022-01-06 18:28:45,3 St & Hoyt St,4110,Smith St & 3 St,4151,40.6777287,-73.99364123,40.6787242,-73.99599099,member
439661,18FD4D00319BF727,electric_bike,2022-01-14 21:19:33,2022-01-14 21:38:41,3 St & Hoyt St,4110,Smith St & 3 St,4151,40.6777287,-73.99364123,40.6787242,-73.99599099,member
439662,450FA6A077BB1D7F,electric_bike,2022-01-23 20:42:07,2022-01-23 20:50:42,3 St & Hoyt St,4110,14 St & 7 Ave,3731,40.6777287,-73.99364123,40.663779,-73.98396846,member
439663,6D15CF642D5DF95A,classic_bike,2022-01-06 14:27:41,2022-01-06 14:31:08,3 St & Hoyt St,4110,Smith St & 3 St,4151,40.6777287,-73.99364123,40.6787242,-73.99599099,member
439670,7D6222E5D2D669C1,electric_bike,2022-01-26 19:44:53,2022-01-26 19:54:43,3 St & Hoyt St,4110,14 St & 7 Ave,3731,40.6777287,-73.99364123,40.663779,-73.98396846,member
441680,C25A2CF87E84F7CD,classic_bike,2022-01-06 19:23:23,2022-01-06 19:25:54,3 St & Hoyt St,4110,Smith St & 3 St,4151,40.6777287,-73.99364123,40.6787242,-73.99599099,member
441681,D2E0FC3694FB1F0F,classic_bike,2022-01-28 16:41:43,2022-01-28 16:44:46,3 St & Hoyt St,4110,Smith St & 3 St,4151,40.6777287,-73.99364123,40.6787242,-73.99599099,member
441682,5E6FDC79B613EBA6,classic_bike,2022-01-04 14:05:01,2022-01-04 14:08:41,3 St & Hoyt St,4110,Smith St & 3 St,4151,40.6777287,-73.99364123,40.6787242,-73.99599099,member
441683,D816F61B759EB10B,classic_bike,2022-01-02 16:55:40,2022-01-02 16:58:52,3 St & Hoyt St,4110,Smith St & 3 St,4151,40.6777287,-73.99364123,40.6787242,-73.99599099,member
441917,5D48B3A79679492B,electric_bike,2022-01-07 22:59:17,2022-01-07 23:08:55,3 St & Hoyt St,4110,14 St & 7 Ave,3731,40.6777287,-73.99364123,40.663779,-73.98396846,casual
442888,04E99B7FED6D4D40,classic_bike,2022-01-24 17:16:34,2022-01-24 17:20:09,3 St & Hoyt St,4110,Smith St & 3 St,4151,40.6777287,-73.99364123,40.6787242,-73.99599099,member
442889,CB2D94125BE9D934,classic_bike,2022-01-24 17:25:21,2022-01-24 17:28:22,3 St & Hoyt St,4110,Smith St & 3 St,4151,40.6777287,-73.99364123,40.6787242,-73.99599099,member
442890,E7C39A73289CA6FC,classic_bike,2022-01-14 17:39:10,2022-01-14 17:41:41,3 St & Hoyt St,4110,Smith St & 3 St,4151,40.6777287,-73.99364123,40.6787242,-73.99599099,member
442891,729E320524FF1333,classic_bike,2022-01-14 17:47:24,2022-01-14 17:50:24,3 St & Hoyt St,4110,Smith St & 3 St,4151,40.6777287,-73.99364123,40.6787242,-73.99599099,member
442892,1669CB697BF5F925,classic_bike,2022-01-14 17:55:40,2022-01-14 17:58:22,3 St & Hoyt St,4110,Smith St & 3 St,4151,40.6777287,-73.99364123,40.6787242,-73.99599099,member
442893,BA9AFD3D72F8940F,classic_bike,2022-01-14 17:31:59,2022-01-14 17:34:18,3 St & Hoyt St,4110,Smith St & 3 St,4151,40.6777287,-73.99364123,40.6787242,-73.99599099,member
443732,003FD456AC837A68,classic_bike,2022-01-13 18:20:42,2022-01-13 18:22:14,3 St & Hoyt St,4110,Smith St & 3 St,4151,40.6777287,-73.99364123,40.6787242,-73.99599099,member
445133,66DE0DB880131C52,electric_bike,2022-01-13 14:55:06,2022-01-13 15:03:59,3 St & Hoyt St,4110,14 St & 7 Ave,3731,40.6777287,-73.99364123,40.663779,-73.98396846,member
477107,EDF1DA7CD6377B93,electric_bike,2022-01-06 15:56:20,2022-01-06 16:07:23,3 St & Hoyt St,4110,Prospect Park West & 8 St,3722,40.6777287,-73.99364123,40.66514681533792,-73.97637605667114,casual
482666,371EA2F0AA370CD6,electric_bike,2022-01-27 19:15:17,2022-01-27 19:23:31,3 St & Hoyt St,4110,24 St & 5 Ave,3555,40.6777287,-73.99364123,40.659555,-73.995068,member
482667,47D6992D9EBBC13C,electric_bike,2022-01-05 19:59:39,2022-01-05 20:11:49,3 St & Hoyt St,4110,24 St & 5 Ave,3555,40.6777287,-73.99364123,40.659555,-73.995068,member
494156,BDD72EF1657F956F,classic_bike,2022-01-05 22:47:05,2022-01-05 23:56:44,3 St & Hoyt St,4110,11 Ave & W 59 St,7059,40.6777287,-73.99364123,40.77149671054441,-73.99046033620834,member
504084,20C19C1AE4342D92,electric_bike,2022-01-25 18:49:01,2022-01-25 18:58:36,3 St & Hoyt St,4110,3 St & Prospect Park West,3865,40.6777287,-73.99364123,40.668132,-73.97363831,member
504101,718AC0972FA98982,electric_bike,2022-01-23 11:58:33,2022-01-23 12:05:48,3 St & Hoyt St,4110,3 St & Prospect Park West,3865,40.6777287,-73.99364123,40.668132,-73.97363831,member
504429,33B369063BB4D831,electric_bike,2022-01-18 18:46:13,2022-01-18 18:55:32,3 St & Hoyt St,4110,3 St & Prospect Park West,3865,40.6777287,-73.99364123,40.668132,-73.97363831,member
505249,2B47F45BFE69EE1E,electric_bike,2022-01-19 16:28:22,2022-01-19 16:35:58,3 St & Hoyt St,4110,3 St & Prospect Park West,3865,40.6777287,-73.99364123,40.668132,-73.97363831,member
506438,666F3184376EF7E1,electric_bike,2022-01-13 13:43:43,2022-01-13 13:53:16,3 St & Hoyt St,4110,3 St & Prospect Park West,3865,40.6777287,-73.99364123,40.668132,-73.97363831,member
516857,702000D46E106E47,electric_bike,2022-01-25 15:18:35,2022-01-25 15:36:37,3 St & Hoyt St,4110,Sterling St & Bedford Ave,3665,40.6777287,-73.99364123,40.6627059,-73.9569115,member
520466,2E44FE783E7A3B24,electric_bike,2022-01-03 08:11:27,2022-01-03 08:18:35,3 St & Hoyt St,4110,Prospect Pl & 6 Ave,4166,40.6777287,-73.99364123,40.6793307,-73.97519523,casual
525327,4831073F873BE7A0,electric_bike,2022-01-13 12:09:44,2022-01-13 12:18:51,3 St & Hoyt St,4110,State St & Smith St,4522,40.6777287,-73.99364123,40.68917,-73.9886,member
530689,B4FBF721F19330FE,electric_bike,2022-01-13 11:04:32,2022-01-13 11:36:53,3 St & Hoyt St,4110,Christopher St & Greenwich St,5847,40.6777287,-73.99364123,40.73291553,-74.00711384,member
530728,4A90FF4A12DB5862,electric_bike,2022-01-19 18:33:59,2022-01-19 18:39:28,3 St & Hoyt St,4110,Dean St & Hoyt St,4446,40.6777287,-73.99364123,40.6864442,-73.98759104,member
530946,7E0F94DDF386E2C6,classic_bike,2022-01-25 16:56:07,2022-01-25 17:04:51,3 St & Hoyt St,4110,Union St & 4 Ave,4175,40.6777287,-73.99364123,40.6772744,-73.98282002,member
531336,157E5AAEB806F71C,electric_bike,2022-01-17 11:47:52,2022-01-17 11:52:27,3 St & Hoyt St,4110,Dean St & Hoyt St,4446,40.6777287,-73.99364123,40.6864442,-73.98759104,casual
531546,22472B524523AEA4,electric_bike,2022-01-21 10:20:59,2022-01-21 10:27:19,3 St & Hoyt St,4110,Union St & 4 Ave,4175,40.6777287,-73.99364123,40.6772744,-73.98282002,member
535569,90AAA4460776A51C,classic_bike,2022-01-31 13:28:35,2022-01-31 13:35:17,3 St & Hoyt St,4110,Boerum Pl\t& Pacific St,4488,40.6777287,-73.99364123,40.68848905639242,-73.99116039276123,member
535570,DF04F4A0491F2B32,classic_bike,2022-01-25 14:14:41,2022-01-25 14:20:09,3 St & Hoyt St,4110,Boerum Pl\t& Pacific St,4488,40.6777287,-73.99364123,40.68848905639242,-73.99116039276123,member
535589,01636673C0483316,classic_bike,2022-01-06 20:43:47,2022-01-06 20:53:05,3 St & Hoyt St,4110,1 St & 6 Ave,3946,40.6777287,-73.99364123,40.672784,-73.979826,member
535610,F053631B9EBC609D,classic_bike,2022-01-20 12:33:32,2022-01-20 14:35:38,3 St & Hoyt St,4110,Boerum Pl\t& Pacific St,4488,40.6777287,-73.99364123,40.68848905639242,-73.99116039276123,member
535611,1DE7C30BCD7E1287,classic_bike,2022-01-28 10:08:58,2022-01-28 10:15:37,3 St & Hoyt St,4110,Boerum Pl\t& Pacific St,4488,40.6777287,-73.99364123,40.68848905639242,-73.99116039276123,member
536696,9818B0BD6F041607,classic_bike,2022-01-05 20:43:04,2022-01-05 20:51:13,3 St & Hoyt St,4110,1 St & 6 Ave,3946,40.6777287,-73.99364123,40.672784,-73.979826,member
536825,98BD81061E646482,electric_bike,2022-01-07 10:14:20,2022-01-07 10:35:15,3 St & Hoyt St,4110,Mott St & Prince St,5561,40.6777287,-73.99364123,40.72317958,-73.99480012,member
537145,948A42DC03F25074,electric_bike,2022-01-06 09:24:31,2022-01-06 09:43:20,3 St & Hoyt St,4110,Mott St & Prince St,5561,40.6777287,-73.99364123,40.72317958,-73.99480012,member
537804,CB1C1A53B14E9AC9,electric_bike,2022-01-04 18:48:12,2022-01-04 18:53:02,3 St & Hoyt St,4110,1 St & 6 Ave,3946,40.6777287,-73.99364123,40.672784,-73.979826,member
543688,5795187A40D71CC2,electric_bike,2022-01-13 14:14:46,2022-01-13 14:26:05,3 St & Hoyt St,4110,Carlton Ave & Dean St,4199,40.6777287,-73.99364123,40.6809741,-73.9710097,member
544321,A6DFBC8FBA39EBA7,classic_bike,2022-01-25 17:23:55,2022-01-25 17:31:17,3 St & Hoyt St,4110,Bergen St & 4 Ave,4322,40.6777287,-73.99364123,40.68256425759694,-73.9798977971077,member
548289,83BD0BF58030D213,classic_bike,2022-01-24 12:11:04,2022-01-24 12:23:06,3 St & Hoyt St,4110,14 St & 5 Ave,3771,40.6777287,-73.99364123,40.666287,-73.98895053,member
548292,468198D7FEAC9170,electric_bike,2022-01-01 01:42:10,2022-01-01 02:10:10,3 St & Hoyt St,4110,Calyer St & Jewel St,5743,40.6777287,-73.99364123,40.72984,-73.94839,member
548319,86A9F6E1AA5E4CDE,classic_bike,2022-01-12 23:00:23,2022-01-12 23:24:05,3 St & Hoyt St,4110,Lewis Ave & Madison St,4425,40.6777287,-73.99364123,40.686312,-73.935775,member
553765,21D7E5CB3F59BD6F,classic_bike,2022-01-28 08:47:35,2022-01-28 08:57:05,3 St & Hoyt St,4110,14 St & 5 Ave,3771,40.6777287,-73.99364123,40.666287,-73.98895053,member
566642,8475D4ECEA365B1E,classic_bike,2022-01-03 10:37:21,2022-01-04 11:37:17,3 St & Hoyt St,4110,,nan,40.6777287,-73.99364123,,,member
567109,DA63CE7F27675C58,classic_bike,2022-01-03 10:37:31,2022-01-04 11:37:19,3 St & Hoyt St,4110,,nan,40.6777287,-73.99364123,,,member
571848,754F308C7473692E,classic_bike,2022-01-15 17:49:15,2022-01-15 19:52:43,3 St & Hoyt St,4110,,nan,40.6777287,-73.99364123,40.68,-73.98,member
577774,4811559A0F26C7E4,electric_bike,2022-01-24 15:18:12,2022-01-24 15:22:25,3 St & Hoyt St,4110,Degraw St & Hoyt St,4258,40.6777287,-73.99364123,40.68199044270703,-73.99079024791718,member
597940,8896B521416DF0A5,electric_bike,2022-01-05 16:34:57,2022-01-05 16:40:22,3 St & Hoyt St,4110,6 St & 7 Ave,3834,40.6777287,-73.99364123,40.6686627,-73.97988067,member
598151,2AEA9783169ADB16,electric_bike,2022-01-20 18:35:39,2022-01-20 18:42:23,3 St & Hoyt St,4110,Columbia St & Degraw St,4422,40.6777287,-73.99364123,40.6859296,-74.00242364,member
598596,4374F93F8113D857,electric_bike,2022-01-05 18:57:35,2022-01-05 19:03:08,3 St & Hoyt St,4110,Columbia St & Degraw St,4422,40.6777287,-73.99364123,40.6859296,-74.00242364,member
601296,AFC20E6B667214E8,electric_bike,2022-01-02 10:55:50,2022-01-02 11:10:40,3 St & Hoyt St,4110,Franklin Ave & St Marks Ave,4107,40.6777287,-73.99364123,40.6758324,-73.9561677,casual
601306,ED97FAC4C120CE2C,classic_bike,2022-01-27 18:05:16,2022-01-27 18:24:17,3 St & Hoyt St,4110,Classon Ave & St Marks Ave,4074,40.6777287,-73.99364123,40.6765198,-73.9596082,member
601312,68BAED6DFD33F854,electric_bike,2022-01-25 14:33:23,2022-01-25 14:39:27,3 St & Hoyt St,4110,6 St & 7 Ave,3834,40.6777287,-73.99364123,40.6686627,-73.97988067,member
601316,2C3802F304CC866D,classic_bike,2022-01-25 10:04:54,2022-01-25 10:10:08,3 St & Hoyt St,4110,President St & Henry St,4307,40.6777287,-73.99364123,40.6828003,-73.99990419,member
611289,25F9C086CAFB0DA1,electric_bike,2022-01-05 09:02:11,2022-01-05 09:26:13,3 St & Hoyt St,4110,Barclay St & Church St,5216,40.6777287,-73.99364123,40.71291224,-74.01020234,member
616590,B4769F4A69362429,electric_bike,2022-01-13 08:48:00,2022-01-13 09:05:46,3 St & Hoyt St,4110,Monroe St & Tompkins Ave,4434,40.6777287,-73.99364123,40.686203,-73.944694,casual
618940,B24BD9AE5922C8E2,classic_bike,2022-01-02 12:43:17,2022-01-02 13:09:11,3 St & Hoyt St,4110,Monroe St & Tompkins Ave,4434,40.6777287,-73.99364123,40.686203,-73.944694,member
620368,990CE3609E4031D6,electric_bike,2022-01-21 17:11:05,2022-01-21 17:19:53,3 St & Hoyt St,4110,Sterling Pl & 5 Ave,4208,40.6777287,-73.99364123,40.678970070475735,-73.97855266928671,casual
620383,EEE88A5020B80433,electric_bike,2022-01-19 13:50:52,2022-01-19 13:57:39,3 St & Hoyt St,4110,6 Ave & 12 St,3803,40.6777287,-73.99364123,40.6663181,-73.9854617,member
620384,782694DC98AAAB53,electric_bike,2022-01-05 11:30:15,2022-01-05 11:37:21,3 St & Hoyt St,4110,Sterling Pl & 5 Ave,4208,40.6777287,-73.99364123,40.678970070475735,-73.97855266928671,casual
620704,6BDDD73F1CC4DDBB,electric_bike,2022-01-20 20:17:43,2022-01-20 20:24:24,3 St & Hoyt St,4110,17 St & 5 Ave,3699,40.6777287,-73.99364123,40.663493,-73.991007,member
620938,F331A43985552F86,classic_bike,2022-01-05 17:25:20,2022-01-05 17:34:46,3 St & Hoyt St,4110,Sterling Pl & 5 Ave,4208,40.6777287,-73.99364123,40.678970070475735,-73.97855266928671,member
621485,9BE565C65C724679,electric_bike,2022-01-07 13:52:19,2022-01-07 13:59:26,3 St & Hoyt St,4110,6 Ave & 12 St,3803,40.6777287,-73.99364123,40.6663181,-73.9854617,member
622139,79DD204BAC9931FB,electric_bike,2022-01-20 16:24:38,2022-01-20 16:31:41,3 St & Hoyt St,4110,6 Ave & 12 St,3803,40.6777287,-73.99364123,40.6663181,-73.9854617,member
640985,6B323631AF2F23C7,electric_bike,2022-01-02 08:24:28,2022-01-02 08:32:01,3 St & Hoyt St,4110,S Portland Ave & Hanson Pl,4354,40.6777287,-73.99364123,40.68539567,-73.97431458,member
640990,F8160B6DFA080C7D,classic_bike,2022-01-13 15:07:52,2022-01-13 15:17:42,3 St & Hoyt St,4110,Atlantic Ave & Fort Greene Pl,4354,40.6777287,-73.99364123,40.68382604,-73.97632328,member
640999,5AD5562087807753,electric_bike,2022-01-02 10:17:22,2022-01-02 10:25:50,3 St & Hoyt St,4110,Atlantic Ave & Fort Greene Pl,4354,40.6777287,-73.99364123,40.68382604,-73.97632328,casual
641016,390EE9E0BF69CA1C,classic_bike,2022-01-18 09:40:10,2022-01-18 09:50:43,3 St & Hoyt St,4110,Atlantic Ave & Fort Greene Pl,4354,40.6777287,-73.99364123,40.68382604,-73.97632328,member
649759,F77F613C4287E2AA,electric_bike,2022-01-13 21:36:27,2022-01-13 21:40:10,3 St & Hoyt St,4110,7 St & 3 Ave,3996,40.6777287,-73.99364123,40.67260298150126,-73.98983001708984,member
649761,8E1BC1B66D110164,electric_bike,2022-01-14 13:13:49,2022-01-14 13:18:07,3 St & Hoyt St,4110,7 St & 3 Ave,3996,40.6777287,-73.99364123,40.67260298150126,-73.98983001708984,member
650468,92D563390EB6CCCD,classic_bike,2022-01-15 08:52:34,2022-01-15 08:58:49,3 St & Hoyt St,4110,7 St & 3 Ave,3996,40.6777287,-73.99364123,40.67260298150126,-73.98983001708984,member
650474,F26AA1A6D2143D31,classic_bike,2022-01-21 17:17:29,2022-01-21 17:34:56,3 St & Hoyt St,4110,Henry St & Middagh St,4861,40.6777287,-73.99364123,40.7003,-73.991581,casual
651650,C332254C0140A123,electric_bike,2022-01-04 16:12:17,2022-01-04 16:30:28,3 St & Hoyt St,4110,Parade Pl & Crooke Ave,3376,40.6777287,-73.99364123,40.651847,-73.965248,member
653165,2F6FEC6598BDFCF4,classic_bike,2022-01-24 12:21:55,2022-01-24 12:31:15,3 St & Hoyt St,4110,Columbia St & W 9 St,4086,40.6777287,-73.99364123,40.6769993,-74.00647134,casual
665957,C329F8BB99F66C70,classic_bike,2022-01-13 12:59:13,2022-01-13 13:08:04,3 St & Hoyt St,4110,Court St & State St,4488,40.6777287,-73.99364123,40.6902375,-73.99203074,member
666280,043927C294A209D9,electric_bike,2022-01-27 12:28:39,2022-01-27 12:36:28,3 St & Hoyt St,4110,Court St & State St,4488,40.6777287,-73.99364123,40.6902375,-73.99203074,member
666395,DCAF6533335B41D2,electric_bike,2022-01-27 11:52:54,2022-01-27 11:56:51,3 St & Hoyt St,4110,President St & 4 Ave,4101,40.6777287,-73.99364123,40.676757,-73.983262,casual
667159,A4CC8610510318ED,classic_bike,2022-01-22 16:24:33,2022-01-22 16:29:36,3 St & Hoyt St,4110,President St & 4 Ave,4101,40.6777287,-73.99364123,40.676757,-73.983262,member
667316,92EC568C19C3B04E,electric_bike,2022-01-06 15:56:45,2022-01-06 16:12:20,3 St & Hoyt St,4110,Underhill Ave & Pacific St,4231,40.6777287,-73.99364123,40.6804836,-73.9646795,member
667317,68E075E53D914757,electric_bike,2022-01-24 16:12:47,2022-01-24 16:19:28,3 St & Hoyt St,4110,President St & 4 Ave,4101,40.6777287,-73.99364123,40.676757,-73.983262,member
667319,3C047111E284F982,electric_bike,2022-01-18 14:42:37,2022-01-18 14:47:17,3 St & Hoyt St,4110,President St & 4 Ave,4101,40.6777287,-73.99364123,40.676757,-73.983262,casual
667322,B7FFF9B657E092F3,electric_bike,2022-01-27 14:59:26,2022-01-27 15:04:22,3 St & Hoyt St,4110,President St & 4 Ave,4101,40.6777287,-73.99364123,40.676757,-73.983262,member
667323,594E7912C2F80D59,electric_bike,2022-01-05 16:20:17,2022-01-05 16:36:01,3 St & Hoyt St,4110,President St & 4 Ave,4101,40.6777287,-73.99364123,40.676757,-73.983262,member
667324,0810AC2CB3A4722B,electric_bike,2022-01-17 17:23:25,2022-01-17 17:40:32,3 St & Hoyt St,4110,President St & 4 Ave,4101,40.6777287,-73.99364123,40.676757,-73.983262,member
684827,AD6D6AD7FCE616F5,classic_bike,2022-01-27 16:03:18,2022-01-27 16:14:49,3 St & Hoyt St,4110,Clinton St & Joralemon St,4605,40.6777287,-73.99364123,40.69239502,-73.99337909,member
686078,9088D772E5B9BA48,classic_bike,2022-01-02 10:21:33,2022-01-02 10:52:49,3 St & Hoyt St,4110,Forsyth St & Canal St,5270,40.6777287,-73.99364123,40.7158155,-73.99422366,member
711213,11D81F0697880F10,electric_bike,2022-01-28 07:31:18,2022-01-28 07:34:38,3 St & Hoyt St,4110,Smith St & 9 St,4077,40.6777287,-73.99364123,40.6746957,-73.99785768,member
731296,AFB4E0C56E01C0CC,electric_bike,2022-01-19 17:40:55,2022-01-19 17:51:23,3 St & Hoyt St,4110,Atlantic Ave & Furman St,4614,40.6777287,-73.99364123,40.69165183,-73.9999786,member
736969,D5048B99ACFBF768,classic_bike,2022-01-18 11:22:27,2022-01-18 11:26:37,3 St & Hoyt St,4110,Clinton St & Union St,4266,40.6777287,-73.99364123,40.6831164,-73.99785267,member
737273,11A0DD52B096D81B,electric_bike,2022-01-20 19:04:26,2022-01-20 19:21:30,3 St & Hoyt St,4110,Caton Ave & E 7 St,3199,40.6777287,-73.99364123,40.647718,-73.973663,casual
737492,A9B8FB4E78F6B703,classic_bike,2022-01-14 13:46:02,2022-01-14 13:50:29,3 St & Hoyt St,4110,Clinton St & Union St,4266,40.6777287,-73.99364123,40.6831164,-73.99785267,member
738033,CA216CEEAAA19F40,classic_bike,2022-01-24 15:26:04,2022-01-24 15:30:12,3 St & Hoyt St,4110,Clinton St & Union St,4266,40.6777287,-73.99364123,40.6831164,-73.99785267,member
739997,E398C4E6574B14A6,classic_bike,2022-01-18 13:28:00,2022-01-18 13:30:41,3 St & Hoyt St,4110,Carroll St & Smith St,4225,40.6777287,-73.99364123,40.680611,-73.99475825,member
740000,5EE199FF25846BC7,classic_bike,2022-01-16 11:19:23,2022-01-16 11:24:13,3 St & Hoyt St,4110,Bergen St & Smith St,4446,40.6777287,-73.99364123,40.6867443,-73.99063168,member
740068,BE52B6C390A2EEF5,electric_bike,2022-01-16 16:30:04,2022-01-16 16:32:41,3 St & Hoyt St,4110,Carroll St & Smith St,4225,40.6777287,-73.99364123,40.680611,-73.99475825,member
740640,49D68E35BFB18EC3,electric_bike,2022-01-02 18:30:49,2022-01-02 18:32:29,3 St & Hoyt St,4110,Carroll St & Smith St,4225,40.6777287,-73.99364123,40.680611,-73.99475825,member
740739,D4F613ED9F062AFF,classic_bike,2022-01-19 12:58:58,2022-01-19 13:05:48,3 St & Hoyt St,4110,Carroll St & Smith St,4225,40.6777287,-73.99364123,40.680611,-73.99475825,member
740741,176D851F93A4A9D2,electric_bike,2022-01-03 17:00:01,2022-01-03 17:10:01,3 St & Hoyt St,4110,Carroll St & Smith St,4225,40.6777287,-73.99364123,40.680611,-73.99475825,member
740742,46FE9EE3E8A9A068,classic_bike,2022-01-17 17:05:17,2022-01-17 17:49:56,3 St & Hoyt St,4110,Carroll St & Smith St,4225,40.6777287,-73.99364123,40.680611,-73.99475825,member
740744,17F3BAAFDAFA3F24,classic_bike,2022-01-14 18:04:53,2022-01-14 18:08:42,3 St & Hoyt St,4110,Carroll St & Smith St,4225,40.6777287,-73.99364123,40.680611,-73.99475825,member
741146,A3EA4ED98717B64A,classic_bike,2022-01-21 14:53:30,2022-01-21 14:56:35,3 St & Hoyt St,4110,Carroll St & Smith St,4225,40.6777287,-73.99364123,40.680611,-73.99475825,casual
742084,1CF4C72C54037678,electric_bike,2022-01-18 15:15:06,2022-01-18 15:17:33,3 St & Hoyt St,4110,Carroll St & Smith St,4225,40.6777287,-73.99364123,40.680611,-73.99475825,member
742103,F3C2EC16DC1F208C,electric_bike,2022-01-24 16:36:37,2022-01-24 16:38:32,3 St & Hoyt St,4110,Carroll St & Smith St,4225,40.6777287,-73.99364123,40.680611,-73.99475825,member
742104,ADD36955C7E6A2CC,classic_bike,2022-01-18 07:41:24,2022-01-18 07:46:40,3 St & Hoyt St,4110,Bergen St & Smith St,4446,40.6777287,-73.99364123,40.6867443,-73.99063168,member
755176,063ACD79466DDE92,electric_bike,2022-01-25 13:26:44,2022-01-25 13:40:21,3 St & Hoyt St,4110,Sullivan Pl & Franklin Ave,3704,40.6777287,-73.99364123,40.66407983678161,-73.96025128666679,member
758549,0CB05F6B89C73B57,electric_bike,2022-01-01 04:52:54,2022-01-01 05:06:09,3 St & Hoyt St,4110,McDonald Ave & Vanderbilt St,3394,40.6777287,-73.99364123,40.651654,-73.981231,member
759711,04E460B3246C061E,electric_bike,2022-01-24 12:11:57,2022-01-24 12:33:24,3 St & Hoyt St,4110,Bedford Ave & Montgomery St,3736,40.6777287,-73.99364123,40.665816,-73.956934,casual
760721,5CE8718B4621F9AE,electric_bike,2022-01-05 23:00:12,2022-01-05 23:18:57,3 St & Hoyt St,4110,Bedford Ave & Montgomery St,3736,40.6777287,-73.99364123,40.665816,-73.956934,casual
768387,A9A15BA56C9FC450,classic_bike,2022-01-14 16:26:19,2022-01-14 16:57:13,3 St & Hoyt St,4110,3 Ave & Wakeman Pl,2883,40.6777287,-73.99364123,40.638246,-74.024714,member
768394,7DC1C8BF8FB86CA9,classic_bike,2022-01-31 15:01:22,2022-01-31 15:28:22,3 St & Hoyt St,4110,3 Ave & Wakeman Pl,2883,40.6777287,-73.99364123,40.638246,-74.024714,member
772096,E985B26176BA0DD7,electric_bike,2022-01-25 13:31:53,2022-01-25 13:34:08,3 St & Hoyt St,4110,3 St & 3 Ave,4028,40.6777287,-73.99364123,40.6750705,-73.98775226,member
772596,B323375B7867FBBD,classic_bike,2022-01-04 12:42:54,2022-01-04 12:55:14,3 St & Hoyt St,4110,3 St & 3 Ave,4028,40.6777287,-73.99364123,40.6750705,-73.98775226,member
773150,2A927D2CE04B5D37,classic_bike,2022-01-06 13:33:27,2022-01-06 13:36:53,3 St & Hoyt St,4110,3 St & 3 Ave,4028,40.6777287,-73.99364123,40.6750705,-73.98775226,member
773153,2359A1639678B156,electric_bike,2022-01-01 08:46:55,2022-01-01 08:48:51,3 St & Hoyt St,4110,3 St & 3 Ave,4028,40.6777287,-73.99364123,40.6750705,-73.98775226,member
773155,06FF9DDC38BF9089,classic_bike,2022-01-06 20:20:37,2022-01-06 20:24:01,3 St & Hoyt St,4110,3 St & 3 Ave,4028,40.6777287,-73.99364123,40.6750705,-73.98775226,member
773156,AB43242D6DF3340E,classic_bike,2022-01-22 12:09:51,2022-01-22 12:14:37,3 St & Hoyt St,4110,3 St & 3 Ave,4028,40.6777287,-73.99364123,40.6750705,-73.98775226,member
773160,966F995417C5F3CF,classic_bike,2022-01-21 11:31:26,2022-01-21 11:34:46,3 St & Hoyt St,4110,3 St & 3 Ave,4028,40.6777287,-73.99364123,40.6750705,-73.98775226,casual
782904,AA46FA6A94B6D344,electric_bike,2022-01-27 10:25:10,2022-01-27 10:41:00,3 St & Hoyt St,4110,Eastern Pkwy & Franklin Ave,3919,40.6777287,-73.99364123,40.6707767,-73.9576801,member
803875,EA34942476A46DDB,classic_bike,2022-01-20 17:10:01,2022-01-20 17:20:37,3 St & Hoyt St,4110,Bergen St & Flatbush Ave,4281,40.6777287,-73.99364123,40.680944723477296,-73.97567331790923,member
803876,D7F78A987CBE9363,classic_bike,2022-01-19 07:55:33,2022-01-19 08:11:23,3 St & Hoyt St,4110,Bergen St & Flatbush Ave,4281,40.6777287,-73.99364123,40.680944723477296,-73.97567331790923,member
803888,87342DE1678B969A,classic_bike,2022-01-27 18:35:29,2022-01-27 18:47:24,3 St & Hoyt St,4110,Bergen St & Flatbush Ave,4281,40.6777287,-73.99364123,40.680944723477296,-73.97567331790923,member
803897,D7291826D643DA14,electric_bike,2022-01-23 19:13:04,2022-01-23 19:19:51,3 St & Hoyt St,4110,St Marks Pl & 4 Ave,4249,40.6777287,-73.99364123,40.68177810928762,-73.97988975048065,casual
804480,813EB89CC73DF795,electric_bike,2022-01-24 17:57:01,2022-01-24 18:18:22,3 St & Hoyt St,4110,Prospect Park SW & Vanderbilt St,3457,40.6777287,-73.99364123,40.65482,-73.973217,member
804494,222AA17DC9B67C03,classic_bike,2022-01-04 15:23:17,2022-01-04 15:34:21,3 St & Hoyt St,4110,Bergen St & Flatbush Ave,4281,40.6777287,-73.99364123,40.680944723477296,-73.97567331790923,member
804547,E93EE674517048D9,classic_bike,2022-01-22 16:19:04,2022-01-22 16:30:00,3 St & Hoyt St,4110,Bergen St & Flatbush Ave,4281,40.6777287,-73.99364123,40.680944723477296,-73.97567331790923,member
816779,93B2DB1E87B54C14,electric_bike,2022-01-18 20:25:31,2022-01-18 20:34:36,3 St & Hoyt St,4110,6 Ave & 21 St,3628,40.6777287,-73.99364123,40.66016,-73.990974,member
816813,96147F178B3E0641,electric_bike,2022-01-06 19:20:57,2022-01-06 19:30:23,3 St & Hoyt St,4110,6 Ave & 21 St,3628,40.6777287,-73.99364123,40.66016,-73.990974,member
816829,4E395E12C1D35746,electric_bike,2022-01-17 20:21:59,2022-01-17 20:30:20,3 St & Hoyt St,4110,6 Ave & 21 St,3628,40.6777287,-73.99364123,40.66016,-73.990974,member
816834,B1663A4BFF22C488,electric_bike,2022-01-21 19:18:36,2022-01-21 19:27:30,3 St & Hoyt St,4110,6 Ave & 21 St,3628,40.6777287,-73.99364123,40.66016,-73.990974,member
816836,952C99A253100188,electric_bike,2022-01-25 00:42:58,2022-01-25 00:51:03,3 St & Hoyt St,4110,6 Ave & 21 St,3628,40.6777287,-73.99364123,40.66016,-73.990974,member
827368,A5D81C948B129A0B,electric_bike,2022-01-02 20:28:23,2022-01-02 20:31:30,Smith St & 9 St,4077,3 St & Hoyt St,4110,40.6746957,-73.99785768,40.6777287,-73.99364123,member
827385,1E336DDFABF98676,classic_bike,2022-01-06 09:22:28,2022-01-06 09:30:48,President St & 4 Ave,4101,3 St & Hoyt St,4110,40.676757,-73.983262,40.6777287,-73.99364123,member
827470,DE644A923C9C3763,classic_bike,2022-01-04 09:41:36,2022-01-04 09:50:23,Bergen St & 4 Ave,4322,3 St & Hoyt St,4110,40.68256425759694,-73.9798977971077,40.6777287,-73.99364123,member
827497,B6FBA1DD2F2E54F3,classic_bike,2022-01-04 14:53:00,2022-01-04 15:01:24,Bergen St & 4 Ave,4322,3 St & Hoyt St,4110,40.68256425759694,-73.9798977971077,40.6777287,-73.99364123,casual
827500,65C6B8950B7639E2,classic_bike,2022-01-25 19:02:43,2022-01-25 19:13:43,Bergen St & 4 Ave,4322,3 St & Hoyt St,4110,40.68256425759694,-73.9798977971077,40.6777287,-73.99364123,member
827514,701AE529DEC38EBA,classic_bike,2022-01-21 12:36:04,2022-01-21 12:42:01,Warren St & Smith St,4371,3 St & Hoyt St,4110,40.68542400997018,-73.99127773940563,40.6777287,-73.99364123,member
827524,43890CDA462EBF04,classic_bike,2022-01-14 16:31:17,2022-01-14 16:37:17,Bay St & Court St,3931,3 St & Hoyt St,4110,40.671409,-74.001328,40.6777287,-73.99364123,member
827525,A26EDCEE92FFF98A,classic_bike,2022-01-19 14:03:36,2022-01-19 14:15:07,Warren St & Smith St,4371,3 St & Hoyt St,4110,40.68542400997018,-73.99127773940563,40.6777287,-73.99364123,member
827526,F10FEC9B3697FEB2,classic_bike,2022-01-02 11:54:45,2022-01-02 12:05:18,Warren St & Smith St,4371,3 St & Hoyt St,4110,40.68542400997018,-73.99127773940563,40.6777287,-73.99364123,member
827581,606681B2290D6F7F,electric_bike,2022-01-17 18:52:52,2022-01-17 18:58:00,President St & 4 Ave,4101,3 St & Hoyt St,4110,40.676757,-73.983262,40.6777287,-73.99364123,member
827582,0BF6DEA8C859A74D,classic_bike,2022-01-25 12:16:26,2022-01-25 12:22:28,President St & 4 Ave,4101,3 St & Hoyt St,4110,40.676757,-73.983262,40.6777287,-73.99364123,member
827585,1DF71663719A54B0,electric_bike,2022-01-27 16:57:38,2022-01-27 17:03:25,President St & 4 Ave,4101,3 St & Hoyt St,4110,40.676757,-73.983262,40.6777287,-73.99364123,member
827611,7B545DEFE55CC2CB,electric_bike,2022-01-18 15:30:59,2022-01-18 15:34:49,President St & 4 Ave,4101,3 St & Hoyt St,4110,40.676757,-73.983262,40.6777287,-73.99364123,casual
827621,02B16EBF51DC7912,classic_bike,2022-01-23 15:07:13,2022-01-23 15:15:19,President St & 4 Ave,4101,3 St & Hoyt St,4110,40.676757,-73.983262,40.6777287,-73.99364123,member
827631,0AF732294D563747,electric_bike,2022-01-31 15:20:43,2022-01-31 15:28:01,Court St & State St,4488,3 St & Hoyt St,4110,40.6902375,-73.99203074,40.6777287,-73.99364123,member
827635,A3F0061EE18CC942,classic_bike,2022-01-13 18:36:22,2022-01-13 18:44:14,Court St & State St,4488,3 St & Hoyt St,4110,40.6902375,-73.99203074,40.6777287,-73.99364123,member
827639,286126490B0C78DC,classic_bike,2022-01-31 14:00:56,2022-01-31 14:07:04,President St & 4 Ave,4101,3 St & Hoyt St,4110,40.676757,-73.983262,40.6777287,-73.99364123,member
827653,7F351AEF782C9316,classic_bike,2022-01-06 11:34:50,2022-01-06 11:39:44,Warren St & Smith St,4371,3 St & Hoyt St,4110,40.68542400997018,-73.99127773940563,40.6777287,-73.99364123,member
827660,26B488BAFC538154,classic_bike,2022-01-26 08:06:06,2022-01-26 08:31:20,Berkeley Pl & 6 Ave,4134,3 St & Hoyt St,4110,40.6765304,-73.97846879,40.6777287,-73.99364123,member
827669,FDDD92F2B1266EF0,classic_bike,2022-01-31 15:21:41,2022-01-31 15:57:02,Berkeley Pl & 6 Ave,4134,3 St & Hoyt St,4110,40.6765304,-73.97846879,40.6777287,-73.99364123,member
827685,F96C7612F6934FDD,classic_bike,2022-01-14 15:51:03,2022-01-14 16:26:03,Broadway & E 14 St,5905,3 St & Hoyt St,4110,40.73454567,-73.99074142,40.6777287,-73.99364123,member
827748,C3A46E6936E6E7F0,electric_bike,2022-01-14 09:55:17,2022-01-14 10:07:45,Classon Ave & St Marks Ave,4074,3 St & Hoyt St,4110,40.6765198,-73.9596082,40.6777287,-73.99364123,member
827749,38BA142E40F8ECB1,classic_bike,2022-01-05 17:41:56,2022-01-05 17:47:39,6 St & 7 Ave,3834,3 St & Hoyt St,4110,40.6686627,-73.97988067,40.6777287,-73.99364123,member
827751,93B3D9597BBE309C,classic_bike,2022-01-22 11:43:29,2022-01-22 12:01:15,Franklin Ave & St Marks Ave,4107,3 St & Hoyt St,4110,40.6758324,-73.9561677,40.6777287,-73.99364123,casual
827758,2D286D19952FE652,classic_bike,2022-01-24 09:57:50,2022-01-24 10:08:05,Columbia St & Degraw St,4422,3 St & Hoyt St,4110,40.6859296,-74.00242364,40.6777287,-73.99364123,member
827759,C99714B240B73626,electric_bike,2022-01-20 16:05:24,2022-01-20 16:24:04,Columbia St & Degraw St,4422,3 St & Hoyt St,4110,40.6859296,-74.00242364,40.6777287,-73.99364123,member
827763,F705D8A1B7BB3D06,electric_bike,2022-01-05 09:41:57,2022-01-05 09:47:37,6 St & 7 Ave,3834,3 St & Hoyt St,4110,40.6686627,-73.97988067,40.6777287,-73.99364123,member
827768,E66907ED179DE8D4,electric_bike,2022-01-01 08:42:02,2022-01-01 08:45:59,President St & Henry St,4307,3 St & Hoyt St,4110,40.6828003,-73.99990419,40.6777287,-73.99364123,member
827771,B92F9870FC96A921,classic_bike,2022-01-25 09:06:06,2022-01-25 09:15:35,Atlantic Ave & Furman St,4614,3 St & Hoyt St,4110,40.69165183,-73.9999786,40.6777287,-73.99364123,member
827772,8E4FA187A39AAF03,classic_bike,2022-01-05 17:50:42,2022-01-05 18:02:22,Atlantic Ave & Furman St,4614,3 St & Hoyt St,4110,40.69165183,-73.9999786,40.6777287,-73.99364123,member
827823,2685BA2435F33E9E,classic_bike,2022-01-19 17:32:08,2022-01-19 17:40:38,5 St & 6 Ave,3874,3 St & Hoyt St,4110,40.6704836,-73.98208968,40.6777287,-73.99364123,member
827843,EE3BBBA593C8F11D,classic_bike,2022-01-24 10:58:40,2022-01-24 11:05:45,5 St & 6 Ave,3874,3 St & Hoyt St,4110,40.6704836,-73.98208968,40.6777287,-73.99364123,member
827865,BF96A6AD0BF428DC,classic_bike,2022-01-18 10:09:23,2022-01-18 10:18:48,1 St & 6 Ave,3946,3 St & Hoyt St,4110,40.672784,-73.979826,40.6777287,-73.99364123,member
827876,BDC2D472BE220DBF,electric_bike,2022-01-13 12:31:09,2022-01-13 12:38:32,10 St & 7 Ave,3762,3 St & Hoyt St,4110,40.6662078,-73.98199886,40.6777287,-73.99364123,member
827882,5DB4EA188394175B,electric_bike,2022-01-16 17:02:50,2022-01-16 17:10:21,10 St & 7 Ave,3762,3 St & Hoyt St,4110,40.6662078,-73.98199886,40.6777287,-73.99364123,member
827895,6B2345AE3F8487DB,electric_bike,2022-01-24 13:49:21,2022-01-24 14:00:59,St Johns Pl & Washington Ave,4001,3 St & Hoyt St,4110,40.6737236,-73.9631611,40.6777287,-73.99364123,member
827897,7AACC0780DD7BD6F,classic_bike,2022-01-14 19:21:36,2022-01-14 19:35:58,St Johns Pl & Washington Ave,4001,3 St & Hoyt St,4110,40.6737236,-73.9631611,40.6777287,-73.99364123,member
827912,8D0431DFC695A6ED,classic_bike,2022-01-23 14:38:19,2022-01-23 15:11:22,Lexington Ave & E 24 St,6089,3 St & Hoyt St,4110,40.74025878,-73.98409214,40.6777287,-73.99364123,member
827917,B6FEFFA6190A4087,electric_bike,2022-01-03 11:38:51,2022-01-03 11:43:34,5 St & 6 Ave,3874,3 St & Hoyt St,4110,40.6704836,-73.98208968,40.6777287,-73.99364123,member
827918,58B7072B33584E04,classic_bike,2022-01-31 11:38:04,2022-01-31 11:45:25,5 St & 6 Ave,3874,3 St & Hoyt St,4110,40.6704836,-73.98208968,40.6777287,-73.99364123,member
828003,7566FE54E90DDD0D,electric_bike,2022-01-01 15:41:07,2022-01-01 15:57:12,Willoughby Ave & Hall St,4611,3 St & Hoyt St,4110,40.69196035,-73.96536851,40.6777287,-73.99364123,member
828207,9C51751DC3095ED9,classic_bike,2022-01-16 17:24:28,2022-01-16 17:28:57,3 Ave & Carroll St,4143,3 St & Hoyt St,4110,40.677027,-73.9865,40.6777287,-73.99364123,member
828212,EF29E947A7D19E97,electric_bike,2022-01-18 14:07:57,2022-01-18 14:10:38,3 Ave & Carroll St,4143,3 St & Hoyt St,4110,40.677027,-73.9865,40.6777287,-73.99364123,member
828237,37860B97C84193A9,electric_bike,2022-01-17 15:24:07,2022-01-17 15:30:53,1 Pl & Clinton St,4193,3 St & Hoyt St,4110,40.6809591,-73.99905709,40.6777287,-73.99364123,member
828242,BF410D01BDABE308,electric_bike,2022-01-17 12:17:01,2022-01-17 12:26:53,Underhill Ave & Lincoln Pl,4042,3 St & Hoyt St,4110,40.6740123,-73.9671457,40.6777287,-73.99364123,member
828246,1BF40FEDF461E493,classic_bike,2022-01-14 19:26:40,2022-01-14 19:40:37,Underhill Ave & Lincoln Pl,4042,3 St & Hoyt St,4110,40.6740123,-73.9671457,40.6777287,-73.99364123,casual
828250,0C4F46141675D9F3,classic_bike,2022-01-02 08:08:34,2022-01-02 08:11:35,1 Pl & Clinton St,4193,3 St & Hoyt St,4110,40.6809591,-73.99905709,40.6777287,-73.99364123,member
828251,312271CB0D15047B,electric_bike,2022-01-21 08:13:56,2022-01-21 08:29:39,Sullivan Pl & Bedford Ave,3736,3 St & Hoyt St,4110,40.6642406,-73.9574686,40.6777287,-73.99364123,casual
828253,1C76DB9BA8AC3E6C,electric_bike,2022-01-24 08:48:59,2022-01-24 09:05:54,Sullivan Pl & Bedford Ave,3736,3 St & Hoyt St,4110,40.6642406,-73.9574686,40.6777287,-73.99364123,casual
828256,1D024321C291FC65,electric_bike,2022-01-25 13:04:37,2022-01-25 13:14:53,Underhill Ave & Lincoln Pl,4042,3 St & Hoyt St,4110,40.6740123,-73.9671457,40.6777287,-73.99364123,member
828257,13F65D5D5EDCA5F4,electric_bike,2022-01-31 19:13:24,2022-01-31 19:29:39,Underhill Ave & Lincoln Pl,4042,3 St & Hoyt St,4110,40.6740123,-73.9671457,40.6777287,-73.99364123,member
828277,5B05FE24359557DC,classic_bike,2022-01-25 15:45:51,2022-01-25 15:52:16,6 St & 7 Ave,3834,3 St & Hoyt St,4110,40.6686627,-73.97988067,40.6777287,-73.99364123,member
828278,9A43E8FB0C8B6DAC,classic_bike,2022-01-27 08:18:48,2022-01-27 08:23:10,President St & Henry St,4307,3 St & Hoyt St,4110,40.6828003,-73.99990419,40.6777287,-73.99364123,member
828286,3C58BCE0B81FBB07,classic_bike,2022-01-14 08:45:45,2022-01-14 08:58:05,Henry St & Remsen St,4645,3 St & Hoyt St,4110,40.69400964865994,-73.99465128779411,40.6777287,-73.99364123,member
828338,680D29704FCE959B,electric_bike,2022-01-30 13:47:55,2022-01-30 14:00:50,President St & 4 Ave,4101,3 St & Hoyt St,4110,40.676757,-73.983262,40.6777287,-73.99364123,member
828347,842050499D7DE726,electric_bike,2022-01-13 15:33:30,2022-01-13 16:08:45,Reade St & Broadway,5247,3 St & Hoyt St,4110,40.71450451,-74.00562789,40.6777287,-73.99364123,member
828361,9330D88D7D329B0F,classic_bike,2022-01-25 07:57:45,2022-01-25 08:04:51,Smith St & 9 St,4077,3 St & Hoyt St,4110,40.6746957,-73.99785768,40.6777287,-73.99364123,member
828393,B6BF6674B7EF3C96,electric_bike,2022-01-16 15:54:28,2022-01-16 15:57:21,1 Pl & Clinton St,4193,3 St & Hoyt St,4110,40.6809591,-73.99905709,40.6777287,-73.99364123,member
828394,BE676414BB1BA898,electric_bike,2022-01-19 13:15:02,2022-01-19 13:26:35,Underhill Ave & Lincoln Pl,4042,3 St & Hoyt St,4110,40.6740123,-73.9671457,40.6777287,-73.99364123,member
828451,08FE7C1D77A07F29,classic_bike,2022-01-19 11:18:10,2022-01-19 11:21:36,3 Ave & Carroll St,4143,3 St & Hoyt St,4110,40.677027,-73.9865,40.6777287,-73.99364123,member
828455,FCABBD4D6A2CC027,classic_bike,2022-01-19 15:58:54,2022-01-19 16:04:55,Butler St & Court St,4339,3 St & Hoyt St,4110,40.6849894,-73.99440329,40.6777287,-73.99364123,member
828489,1FF41CF539EAF553,electric_bike,2022-01-26 10:39:35,2022-01-26 10:46:56,Bond St & Fulton St,4479,3 St & Hoyt St,4110,40.68962188790333,-73.98304268717766,40.6777287,-73.99364123,member
828496,0EB952281F997B1B,electric_bike,2022-01-17 15:54:46,2022-01-17 16:02:39,Sterling Pl & 5 Ave,4208,3 St & Hoyt St,4110,40.678970070475735,-73.97855266928671,40.6777287,-73.99364123,casual
828498,C49DBDA45DA4D80B,electric_bike,2022-01-27 09:09:32,2022-01-27 09:25:27,Prospect Pl & Underhill Ave,4116,3 St & Hoyt St,4110,40.6769694,-73.96579,40.6777287,-73.99364123,member
828668,D2247936FAB8061F,classic_bike,2022-01-03 11:34:37,2022-01-03 11:55:31,Centre St & Chambers St,5207,3 St & Hoyt St,4110,40.71273266,-74.0046073,40.6777287,-73.99364123,member
828673,E73CC0222A131CEC,electric_bike,2022-01-02 18:21:42,2022-01-02 18:47:25,Norfolk St & Broome St,5374,3 St & Hoyt St,4110,40.7172274,-73.98802084,40.6777287,-73.99364123,casual
828683,3971F0BF7B1202C2,electric_bike,2022-01-22 19:18:04,2022-01-22 19:33:33,Carroll St & Bond St,4184,3 St & Hoyt St,4110,40.6786115,-73.99037292,40.6777287,-73.99364123,member
828692,24B287A0964C093B,classic_bike,2022-01-27 15:33:47,2022-01-27 15:36:32,Carroll St & Bond St,4184,3 St & Hoyt St,4110,40.6786115,-73.99037292,40.6777287,-73.99364123,member
828781,24D88E6706447518,classic_bike,2022-01-03 15:12:33,2022-01-03 15:22:55,6 Ave & 9 St,3803,3 St & Hoyt St,4110,40.668127,-73.98377641,40.6777287,-73.99364123,member
828788,6CE1225D81543797,classic_bike,2022-01-20 14:31:43,2022-01-20 14:33:15,3 St & Hoyt St,4110,3 St & Hoyt St,4110,40.6777287,-73.99364123,40.6777287,-73.99364123,member
828789,A53447A88375EF6F,classic_bike,2022-01-20 14:33:41,2022-01-20 14:41:48,3 St & Hoyt St,4110,3 St & Hoyt St,4110,40.6777287,-73.99364123,40.6777287,-73.99364123,member
828790,C0EBCC4CA7E8DAF0,classic_bike,2022-01-20 14:30:27,2022-01-20 14:31:13,3 St & Hoyt St,4110,3 St & Hoyt St,4110,40.6777287,-73.99364123,40.6777287,-73.99364123,member
828809,1CE33FB2F57F060D,classic_bike,2022-01-25 13:30:34,2022-01-25 13:31:30,3 St & Hoyt St,4110,3 St & Hoyt St,4110,40.6777287,-73.99364123,40.6777287,-73.99364123,member
828877,48029E5C4863ED7D,electric_bike,2022-01-28 15:44:17,2022-01-28 15:52:59,3 St & Hoyt St,4110,Jay St & Tech Pl,4710,40.6777287,-73.99364123,40.695065,-73.987167,member
828913,AEAE08D837F41274,electric_bike,2022-01-05 21:19:06,2022-01-05 21:25:21,Schermerhorn St & Court St,4565,3 St & Hoyt St,4110,40.69102925677968,-73.99183362722397,40.6777287,-73.99364123,member
828918,42654E7A96D5609D,classic_bike,2022-01-03 17:23:21,2022-01-03 17:30:47,Schermerhorn St & Court St,4565,3 St & Hoyt St,4110,40.69102925677968,-73.99183362722397,40.6777287,-73.99364123,member
828931,862B4B38C582BC5E,electric_bike,2022-01-24 12:46:56,2022-01-24 12:53:14,Henry St & Degraw St,4380,3 St & Hoyt St,4110,40.6847514,-73.99917254,40.6777287,-73.99364123,member
828937,33B08FABF6C69A9A,classic_bike,2022-01-16 08:31:28,2022-01-16 08:36:37,3 St & 3 Ave,4028,3 St & Hoyt St,4110,40.6750705,-73.98775226,40.6777287,-73.99364123,member
828941,0949583338D14CE0,classic_bike,2022-01-26 09:45:59,2022-01-26 09:49:03,3 St & 3 Ave,4028,3 St & Hoyt St,4110,40.6750705,-73.98775226,40.6777287,-73.99364123,member
828944,542A143FA598BCAF,electric_bike,2022-01-06 14:25:22,2022-01-06 14:29:31,3 St & 3 Ave,4028,3 St & Hoyt St,4110,40.6750705,-73.98775226,40.6777287,-73.99364123,member
828945,827C59163E76BA3C,classic_bike,2022-01-06 18:22:37,2022-01-06 18:26:37,3 St & 3 Ave,4028,3 St & Hoyt St,4110,40.6750705,-73.98775226,40.6777287,-73.99364123,member
828947,1863376C1F732B3D,classic_bike,2022-01-28 15:40:21,2022-01-28 15:43:50,3 St & 3 Ave,4028,3 St & Hoyt St,4110,40.6750705,-73.98775226,40.6777287,-73.99364123,member
828948,AA548788942B8DD8,classic_bike,2022-01-17 17:02:16,2022-01-17 17:04:59,3 St & 3 Ave,4028,3 St & Hoyt St,4110,40.6750705,-73.98775226,40.6777287,-73.99364123,member
828949,1980FF03CDADAAF0,electric_bike,2022-01-05 08:08:26,2022-01-05 08:20:12,Columbia St & Kane St,4422,3 St & Hoyt St,4110,40.68763155,-74.0016256,40.6777287,-73.99364123,member
828950,44BA5CC93EAAA6A6,classic_bike,2022-01-04 09:46:08,2022-01-04 09:50:37,3 St & 3 Ave,4028,3 St & Hoyt St,4110,40.6750705,-73.98775226,40.6777287,-73.99364123,member
828951,95AE838DE88D9490,classic_bike,2022-01-04 16:01:16,2022-01-04 16:03:40,3 St & 3 Ave,4028,3 St & Hoyt St,4110,40.6750705,-73.98775226,40.6777287,-73.99364123,member
828956,79B4AF70F0D9A60B,electric_bike,2022-01-18 15:10:39,2022-01-18 15:14:26,3 St & 3 Ave,4028,3 St & Hoyt St,4110,40.6750705,-73.98775226,40.6777287,-73.99364123,member
828973,5A566BF865358B66,electric_bike,2022-01-19 08:34:31,2022-01-19 08:48:19,Grand Ave & Bergen St,4190,3 St & Hoyt St,4110,40.678045,-73.962408,40.6777287,-73.99364123,member
828981,7B9CE6DF329CAC27,classic_bike,2022-01-17 12:34:22,2022-01-17 12:49:42,Grand Ave & Bergen St,4190,3 St & Hoyt St,4110,40.678045,-73.962408,40.6777287,-73.99364123,member
829020,9554647E73E42CBC,electric_bike,2022-01-20 17:56:47,2022-01-20 18:03:19,State St & Smith St,4522,3 St & Hoyt St,4110,40.68917,-73.9886,40.6777287,-73.99364123,member
829024,1E1C8394F6392F8B,electric_bike,2022-01-02 00:38:51,2022-01-02 00:43:34,State St & Smith St,4522,3 St & Hoyt St,4110,40.68917,-73.9886,40.6777287,-73.99364123,casual
829065,1821C52C67292780,electric_bike,2022-01-12 22:57:35,2022-01-12 23:04:54,State St & Smith St,4522,3 St & Hoyt St,4110,40.68917,-73.9886,40.6777287,-73.99364123,member
829085,40A3FF2CC09F6071,classic_bike,2022-01-07 19:50:31,2022-01-07 20:19:08,Parade Pl & Crooke Ave,3376,3 St & Hoyt St,4110,40.651847,-73.965248,40.6777287,-73.99364123,member
829139,3744032FB73B74AA,electric_bike,2022-01-04 13:25:05,2022-01-04 13:31:54,Prospect Park West & 8 St,3722,3 St & Hoyt St,4110,40.66514681533792,-73.97637605667114,40.6777287,-73.99364123,member
829183,4A507F88A27F9394,classic_bike,2022-01-06 19:38:19,2022-01-06 19:48:39,Prospect Park West & 8 St,3722,3 St & Hoyt St,4110,40.66514681533792,-73.97637605667114,40.6777287,-73.99364123,member
829230,D9F4DE89E1989F23,electric_bike,2022-01-05 10:04:51,2022-01-05 10:24:48,6 Ave & 12 St,3803,3 St & Hoyt St,4110,40.6663181,-73.9854617,40.6777287,-73.99364123,member
829244,770E22D6B176F102,classic_bike,2022-01-02 13:17:39,2022-01-02 13:31:45,Front St & Washington St,4936,3 St & Hoyt St,4110,40.70255088,-73.98940236,40.6777287,-73.99364123,member
829245,D61D4FE8065CA33A,classic_bike,2022-01-14 13:50:48,2022-01-14 13:59:56,17 St & 5 Ave,3699,3 St & Hoyt St,4110,40.663493,-73.991007,40.6777287,-73.99364123,member
829247,E5742F993F34190C,electric_bike,2022-01-25 10:00:18,2022-01-25 10:09:51,17 St & 5 Ave,3699,3 St & Hoyt St,4110,40.663493,-73.991007,40.6777287,-73.99364123,member
829301,446D675E35A53E14,classic_bike,2022-01-23 12:58:00,2022-01-23 13:02:51,Warren St & Smith St,4371,3 St & Hoyt St,4110,40.68542400997018,-73.99127773940563,40.6777287,-73.99364123,member
829355,16443661A48F3B12,electric_bike,2022-01-18 19:16:36,2022-01-18 19:26:28,Clark St & Henry St,4789,3 St & Hoyt St,4110,40.69760127,-73.99344559,40.6777287,-73.99364123,casual
829446,3779A778854DB0D5,electric_bike,2022-01-03 14:18:43,2022-01-03 14:35:11,Monroe St & Classon Ave,4336,3 St & Hoyt St,4110,40.6845683,-73.95881081,40.6777287,-73.99364123,member
829465,BC38FD9CAA16B6A3,electric_bike,2022-01-05 18:31:58,2022-01-05 18:53:21,Mott St & Prince St,5561,3 St & Hoyt St,4110,40.72317958,-73.99480012,40.6777287,-73.99364123,member
829469,606138014D85DB65,classic_bike,2022-01-03 10:42:27,2022-01-03 10:47:28,1 St & 6 Ave,3946,3 St & Hoyt St,4110,40.672784,-73.979826,40.6777287,-73.99364123,member
829473,9AFC2A38C072B485,electric_bike,2022-01-20 14:36:19,2022-01-20 14:41:53,Boerum Pl\t& Pacific St,4488,3 St & Hoyt St,4110,40.68848905639242,-73.99116039276123,40.6777287,-73.99364123,member
829478,F4D42C0B68246661,electric_bike,2022-01-28 12:02:19,2022-01-28 12:07:37,Boerum Pl\t& Pacific St,4488,3 St & Hoyt St,4110,40.68848905639242,-73.99116039276123,40.6777287,-73.99364123,member
829479,079DBF8E773DF2C6,electric_bike,2022-01-17 14:39:52,2022-01-17 14:43:47,1 St & 6 Ave,3946,3 St & Hoyt St,4110,40.672784,-73.979826,40.6777287,-73.99364123,member
829481,0B939CA9972C4653,classic_bike,2022-01-23 12:45:11,2022-01-23 12:50:48,1 St & 6 Ave,3946,3 St & Hoyt St,4110,40.672784,-73.979826,40.6777287,-73.99364123,member
829487,7452B4F1C9FACE3A,classic_bike,2022-01-25 16:00:42,2022-01-25 16:08:52,Boerum Pl\t& Pacific St,4488,3 St & Hoyt St,4110,40.68848905639242,-73.99116039276123,40.6777287,-73.99364123,member
829490,20325606F8406E97,classic_bike,2022-01-23 12:55:37,2022-01-23 13:05:07,1 St & 6 Ave,3946,3 St & Hoyt St,4110,40.672784,-73.979826,40.6777287,-73.99364123,member
829500,3DC14E0953E70528,classic_bike,2022-01-17 10:07:31,2022-01-17 10:17:14,1 St & 6 Ave,3946,3 St & Hoyt St,4110,40.672784,-73.979826,40.6777287,-73.99364123,member
829507,BF0AE8824E428EA8,electric_bike,2022-01-19 18:12:11,2022-01-19 18:17:37,1 St & 6 Ave,3946,3 St & Hoyt St,4110,40.672784,-73.979826,40.6777287,-73.99364123,member
829518,C563CC609F8E8A54,classic_bike,2022-01-18 12:47:27,2022-01-18 12:48:29,3 St & Hoyt St,4110,3 St & Hoyt St,4110,40.6777287,-73.99364123,40.6777287,-73.99364123,member
829525,4AC3EA1B7D9A83F4,electric_bike,2022-01-13 08:46:13,2022-01-13 08:46:59,3 St & Hoyt St,4110,3 St & Hoyt St,4110,40.6777287,-73.99364123,40.6777287,-73.99364123,casual
829530,04954D7A1632B951,classic_bike,2022-01-02 10:18:48,2022-01-02 10:20:23,3 St & Hoyt St,4110,3 St & Hoyt St,4110,40.6777287,-73.99364123,40.6777287,-73.99364123,member
829561,C1DCF3E281DB7296,electric_bike,2022-01-05 13:54:49,2022-01-05 14:19:56,3 St & Hoyt St,4110,3 St & Hoyt St,4110,40.6777287,-73.99364123,40.6777287,-73.99364123,member
829569,1A5AB94D085ECBC8,electric_bike,2022-01-25 10:07:28,2022-01-25 10:10:39,3 Ave & Carroll St,4143,3 St & Hoyt St,4110,40.677027,-73.9865,40.6777287,-73.99364123,member
829571,989C5A3AA273570D,electric_bike,2022-01-20 12:14:58,2022-01-20 12:18:00,3 Ave & Carroll St,4143,3 St & Hoyt St,4110,40.677027,-73.9865,40.6777287,-73.99364123,member
829604,D4B07131DC015B48,electric_bike,2022-01-25 21:52:34,2022-01-25 22:28:33,Watts St & Greenwich St,5578,3 St & Hoyt St,4110,40.72405549,-74.00965965,40.6777287,-73.99364123,member
829612,AD0D99BE07B0BB9E,electric_bike,2022-01-01 14:53:47,2022-01-01 15:07:43,Prospect Pl & Underhill Ave,4116,3 St & Hoyt St,4110,40.6769694,-73.96579,40.6777287,-73.99364123,member
829639,FB59A8C61FA8E4D0,electric_bike,2022-01-31 08:38:20,2022-01-31 08:45:21,Schermerhorn St & Bond St,4479,3 St & Hoyt St,4110,40.688417427540834,-73.98451656103134,40.6777287,-73.99364123,member
829646,2CCB58081629754A,classic_bike,2022-01-30 14:52:30,2022-01-30 14:56:09,3 St & 3 Ave,4028,3 St & Hoyt St,4110,40.6750705,-73.98775226,40.6777287,-73.99364123,member
829648,7A35DB9FCE88E980,classic_bike,2022-01-03 15:35:38,2022-01-03 15:43:02,Schermerhorn St & Bond St,4479,3 St & Hoyt St,4110,40.688417427540834,-73.98451656103134,40.6777287,-73.99364123,member
829654,D4FDE760398C988B,electric_bike,2022-01-19 18:10:18,2022-01-19 18:16:19,Schermerhorn St & Bond St,4479,3 St & Hoyt St,4110,40.688417427540834,-73.98451656103134,40.6777287,-73.99364123,casual
829684,0870F975FF477361,electric_bike,2022-01-25 08:37:25,2022-01-25 08:43:01,6 Ave & 9 St,3803,3 St & Hoyt St,4110,40.668127,-73.98377641,40.6777287,-73.99364123,member
829693,C12B81253BE3BD4D,electric_bike,2022-01-24 16:00:07,2022-01-24 16:07:23,6 Ave & 9 St,3803,3 St & Hoyt St,4110,40.668127,-73.98377641,40.6777287,-73.99364123,member
829721,0EF7D5798DD088B7,electric_bike,2022-01-15 12:14:55,2022-01-15 12:19:30,3 St & 3 Ave,4028,3 St & Hoyt St,4110,40.6750705,-73.98775226,40.6777287,-73.99364123,member
829749,024B0EB589834D75,classic_bike,2022-01-18 09:12:15,2022-01-18 09:21:26,Union St & 4 Ave,4175,3 St & Hoyt St,4110,40.6772744,-73.98282002,40.6777287,-73.99364123,member
829750,1A7F9D2564ACF110,electric_bike,2022-01-07 21:10:22,2022-01-07 21:16:26,Union St & 4 Ave,4175,3 St & Hoyt St,4110,40.6772744,-73.98282002,40.6777287,-73.99364123,casual
829798,3BE2A42A9FBA3A45,classic_bike,2022-01-06 12:39:27,2022-01-06 12:42:14,3 St & 3 Ave,4028,3 St & Hoyt St,4110,40.6750705,-73.98775226,40.6777287,-73.99364123,member
829801,BC6ACC08EF32CBE1,classic_bike,2022-01-21 13:31:00,2022-01-21 13:36:16,3 St & 3 Ave,4028,3 St & Hoyt St,4110,40.6750705,-73.98775226,40.6777287,-73.99364123,member
829898,151164A917A7425F,classic_bike,2022-01-21 16:09:51,2022-01-21 16:18:22,3 St & 7 Ave,3905,3 St & Hoyt St,4110,40.6703837,-73.97839676,40.6777287,-73.99364123,member
829903,A0658728221955A4,electric_bike,2022-01-15 23:25:12,2022-01-15 23:34:23,3 St & Prospect Park West,3865,3 St & Hoyt St,4110,40.668132,-73.97363831,40.6777287,-73.99364123,member
829923,9A43F8183DD6FD74,electric_bike,2022-01-05 14:37:27,2022-01-05 14:40:37,Degraw St & Smith St,4298,3 St & Hoyt St,4110,40.6829151,-73.99318208,40.6777287,-73.99364123,member
829935,C01AE772431570A5,classic_bike,2022-01-04 08:58:37,2022-01-04 09:06:41,Schermerhorn St & Court St,4565,3 St & Hoyt St,4110,40.69102925677968,-73.99183362722397,40.6777287,-73.99364123,member
829938,FFA1B8B8CD9DB93E,classic_bike,2022-01-06 08:58:55,2022-01-06 09:06:05,Schermerhorn St & Court St,4565,3 St & Hoyt St,4110,40.69102925677968,-73.99183362722397,40.6777287,-73.99364123,member
829959,321DC2A42F2E93AA,classic_bike,2022-01-03 16:36:20,2022-01-03 16:42:43,3 St & 3 Ave,4028,3 St & Hoyt St,4110,40.6750705,-73.98775226,40.6777287,-73.99364123,member
829975,F62B5FD78A3C5357,classic_bike,2022-01-02 13:50:28,2022-01-02 14:00:24,3 St & Prospect Park West,3865,3 St & Hoyt St,4110,40.668132,-73.97363831,40.6777287,-73.99364123,member
830005,39A284F26815E468,classic_bike,2022-01-18 12:15:06,2022-01-18 12:35:54,Union St & Bedford Ave,3879,3 St & Hoyt St,4110,40.6691783,-73.9554162,40.6777287,-73.99364123,member
830033,0FDA5D2554F3B657,electric_bike,2022-01-20 15:37:37,2022-01-20 15:41:49,4 Ave & 9 St,3955,3 St & Hoyt St,4110,40.6705135,-73.98876585,40.6777287,-73.99364123,member
830062,974D36A2C77DC2A0,electric_bike,2022-01-13 08:45:49,2022-01-13 08:57:52,7 Ave & Park Pl,4125,3 St & Hoyt St,4110,40.6776147,-73.97324283,40.6777287,-73.99364123,member
830063,1614455EE5F6BAB1,classic_bike,2022-01-01 04:42:05,2022-01-01 04:52:14,Degraw St & Smith St,4298,3 St & Hoyt St,4110,40.6829151,-73.99318208,40.6777287,-73.99364123,member
830066,D5C59FFC0CABB9B2,classic_bike,2022-01-25 14:08:54,2022-01-25 14:16:37,3 St & Hoyt St,4110,3 St & Hoyt St,4110,40.6777287,-73.99364123,40.6777287,-73.99364123,member
830067,48F88417DE612DCC,electric_bike,2022-01-26 16:33:36,2022-01-26 16:41:36,7 Ave & Park Pl,4125,3 St & Hoyt St,4110,40.6776147,-73.97324283,40.6777287,-73.99364123,member
830068,AE8046564984DF49,electric_bike,2022-01-05 17:00:02,2022-01-05 17:10:04,7 Ave & Park Pl,4125,3 St & Hoyt St,4110,40.6776147,-73.97324283,40.6777287,-73.99364123,member
830082,E416B5F7BBB4C3F7,electric_bike,2022-01-27 10:21:26,2022-01-27 10:32:52,3 St & Hoyt St,4110,3 St & Hoyt St,4110,40.6777287,-73.99364123,40.6777287,-73.99364123,casual
830106,CCD46690C8BF5C20,electric_bike,2022-01-20 13:39:22,2022-01-20 13:50:06,Prospect Pl & Vanderbilt Ave,4157,3 St & Hoyt St,4110,40.67767534269111,-73.96902143955231,40.6777287,-73.99364123,member
830134,D7B4CF537C3CAB67,classic_bike,2022-01-25 09:20:12,2022-01-25 09:28:34,Union St & 4 Ave,4175,3 St & Hoyt St,4110,40.6772744,-73.98282002,40.6777287,-73.99364123,member
830164,F3BA825A1554DB94,classic_bike,2022-01-07 16:12:50,2022-01-07 16:20:14,1 St & 6 Ave,3946,3 St & Hoyt St,4110,40.672784,-73.979826,40.6777287,-73.99364123,member
830190,8C6FDF0AB16FD775,classic_bike,2022-01-18 18:13:34,2022-01-18 18:18:30,4 Ave & 3 St,4028,3 St & Hoyt St,4110,40.673746,-73.985649,40.6777287,-73.99364123,member
830191,309104C9969675BD,classic_bike,2022-01-02 14:57:03,2022-01-02 15:00:31,4 Ave & 3 St,4028,3 St & Hoyt St,4110,40.673746,-73.985649,40.6777287,-73.99364123,member
830192,16D709660A2ADD62,classic_bike,2022-01-06 09:09:49,2022-01-06 09:14:34,4 Ave & 3 St,4028,3 St & Hoyt St,4110,40.673746,-73.985649,40.6777287,-73.99364123,member
830200,018F32E791FBB7F4,classic_bike,2022-01-06 09:37:23,2022-01-06 09:45:10,4 Ave & 3 St,4028,3 St & Hoyt St,4110,40.673746,-73.985649,40.6777287,-73.99364123,casual
830201,C6C53F13963BEF81,classic_bike,2022-01-01 09:43:33,2022-01-01 10:04:24,Lewis Ave & Kosciuszko St,4617,3 St & Hoyt St,4110,40.69237074,-73.93705428,40.6777287,-73.99364123,member
830220,709CA0AEFB08DC20,classic_bike,2022-01-06 09:37:26,2022-01-06 09:45:21,4 Ave & 3 St,4028,3 St & Hoyt St,4110,40.673746,-73.985649,40.6777287,-73.99364123,casual
830227,0D3E7F0B686B70EF,electric_bike,2022-01-25 13:37:41,2022-01-25 14:07:57,4 Ave & 3 St,4028,3 St & Hoyt St,4110,40.673746,-73.985649,40.6777287,-73.99364123,member
830246,1E0334FD9A0821C1,classic_bike,2022-01-22 16:25:19,2022-01-22 16:41:04,30 St & 4 Ave,3564,3 St & Hoyt St,4110,40.657743,-74.001141,40.6777287,-73.99364123,member
830256,6D0C824B89FB77F8,classic_bike,2022-01-14 18:43:23,2022-01-14 18:45:02,Smith St & 3 St,4151,3 St & Hoyt St,4110,40.6787242,-73.99599099,40.6777287,-73.99364123,member
830261,EC20795826DB4FFA,electric_bike,2022-01-19 13:34:51,2022-01-19 13:42:44,14 St & 7 Ave,3731,3 St & Hoyt St,4110,40.663779,-73.98396846,40.6777287,-73.99364123,member
830262,F7E53E19847FD848,electric_bike,2022-01-15 15:03:29,2022-01-15 15:12:37,14 St & 7 Ave,3731,3 St & Hoyt St,4110,40.663779,-73.98396846,40.6777287,-73.99364123,member
830269,8364CA08FD4CFD82,electric_bike,2022-01-03 15:30:53,2022-01-03 15:39:37,14 St & 7 Ave,3731,3 St & Hoyt St,4110,40.663779,-73.98396846,40.6777287,-73.99364123,member
830273,CA5114E82FADCEE3,classic_bike,2022-01-17 17:17:34,2022-01-17 17:27:57,Prospect Pl & Underhill Ave,4116,3 St & Hoyt St,4110,40.6769694,-73.96579,40.6777287,-73.99364123,member
830277,DE5EBCA10AD830B1,classic_bike,2022-01-02 11:56:10,2022-01-02 11:59:40,Carroll St & Smith St,4225,3 St & Hoyt St,4110,40.680611,-73.99475825,40.6777287,-73.99364123,member
830299,F078846A1149E882,electric_bike,2022-01-20 19:46:45,2022-01-20 19:52:39,Bergen St & Smith St,4446,3 St & Hoyt St,4110,40.6867443,-73.99063168,40.6777287,-73.99364123,casual
830304,6AF57C20CDEA0966,classic_bike,2022-01-15 15:22:01,2022-01-15 15:35:10,Bergen St & Smith St,4446,3 St & Hoyt St,4110,40.6867443,-73.99063168,40.6777287,-73.99364123,member
830314,A1C2E296BC56FA7A,classic_bike,2022-01-20 17:45:33,2022-01-20 17:52:02,Bergen St & Smith St,4446,3 St & Hoyt St,4110,40.6867443,-73.99063168,40.6777287,-73.99364123,member
830321,40C05895F2BE558E,electric_bike,2022-01-07 17:50:33,2022-01-07 18:13:26,Lafayette St & Jersey St,5561,3 St & Hoyt St,4110,40.72456089,-73.99565293,40.6777287,-73.99364123,member
830340,76F5356222927672,classic_bike,2022-01-18 08:39:17,2022-01-18 09:06:15,3 St & Hoyt St,4110,3 St & Hoyt St,4110,40.6777287,-73.99364123,40.6777287,-73.99364123,member
830411,BE21E551772CFFE3,electric_bike,2022-01-02 09:47:25,2022-01-02 10:16:18,Monroe St & Tompkins Ave,4434,3 St & Hoyt St,4110,40.686203,-73.944694,40.6777287,-73.99364123,casual
830427,BFCF9F40345E53BF,electric_bike,2022-01-27 12:54:11,2022-01-27 13:06:26,Pierrepont St & Monroe Pl,4718,3 St & Hoyt St,4110,40.69535693320225,-73.99344027042389,40.6777287,-73.99364123,member
830447,3E87B7A3862A0A4B,electric_bike,2022-01-06 15:13:13,2022-01-06 15:30:07,Carroll St & Washington Ave,3887,3 St & Hoyt St,4110,40.6686744,-73.9618148,40.6777287,-73.99364123,member
830485,E616B9588AAF424E,classic_bike,2022-01-06 09:17:09,2022-01-06 09:32:01,10 St & 7 Ave,3762,3 St & Hoyt St,4110,40.6662078,-73.98199886,40.6777287,-73.99364123,casual
830487,C86B6B6B2C5D7114,classic_bike,2022-01-27 13:05:53,2022-01-27 13:21:17,10 St & 7 Ave,3762,3 St & Hoyt St,4110,40.6662078,-73.98199886,40.6777287,-73.99364123,casual
830488,D53AA5A1A596065E,electric_bike,2022-01-02 15:31:55,2022-01-02 15:39:35,10 St & 7 Ave,3762,3 St & Hoyt St,4110,40.6662078,-73.98199886,40.6777287,-73.99364123,member
830500,F6F9C5A1AC1C52E7,classic_bike,2022-01-25 10:21:40,2022-01-25 10:24:45,Carroll St & Smith St,4225,3 St & Hoyt St,4110,40.680611,-73.99475825,40.6777287,-73.99364123,member
830501,589ABED7F1F9F8C3,electric_bike,2022-01-04 18:02:01,2022-01-04 18:23:21,Lafayette St & Jersey St,5561,3 St & Hoyt St,4110,40.72456089,-73.99565293,40.6777287,-73.99364123,member
830526,96FFB95756EA5984,classic_bike,2022-01-14 07:38:50,2022-01-14 07:44:07,5 Ave & 3 St,3987,3 St & Hoyt St,4110,40.6728155,-73.98352355,40.6777287,-73.99364123,member
830529,171F403EA2ADA9BF,classic_bike,2022-01-02 18:26:47,2022-01-02 18:30:30,5 Ave & 3 St,3987,3 St & Hoyt St,4110,40.6728155,-73.98352355,40.6777287,-73.99364123,member
830535,CF60F8661B8FFDC5,classic_bike,2022-01-03 11:40:14,2022-01-03 11:44:11,5 Ave & 3 St,3987,3 St & Hoyt St,4110,40.6728155,-73.98352355,40.6777287,-73.99364123,member
830541,0690C05C83A0EB7A,classic_bike,2022-01-24 16:31:42,2022-01-24 16:36:03,5 Ave & 3 St,3987,3 St & Hoyt St,4110,40.6728155,-73.98352355,40.6777287,-73.99364123,member
830547,0FAD5D1BB1B964FF,classic_bike,2022-01-07 15:54:34,2022-01-07 16:08:49,Bridge St & York St,4853,3 St & Hoyt St,4110,40.70133448066992,-73.98471236228943,40.6777287,-73.99364123,member
830552,C5B6D59B993B9649,electric_bike,2022-01-26 15:40:10,2022-01-26 15:44:04,5 Ave & 3 St,3987,3 St & Hoyt St,4110,40.6728155,-73.98352355,40.6777287,-73.99364123,member
830576,EBFB564FE30B4998,electric_bike,2022-01-19 12:23:00,2022-01-19 12:26:48,5 Ave & 3 St,3987,3 St & Hoyt St,4110,40.6728155,-73.98352355,40.6777287,-73.99364123,member
830577,AE4B04BFE1DB9540,classic_bike,2022-01-06 15:51:53,2022-01-06 15:57:42,Carroll St & Columbia St,4348,3 St & Hoyt St,4110,40.6830456,-74.00348559,40.6777287,-73.99364123,member
830587,EA745D3C25863C69,electric_bike,2022-01-04 21:15:43,2022-01-04 21:20:03,5 Ave & 3 St,3987,3 St & Hoyt St,4110,40.6728155,-73.98352355,40.6777287,-73.99364123,member
830600,87C89FEB18EC36A5,classic_bike,2022-01-13 10:58:55,2022-01-13 11:11:43,5 Ave & 3 St,3987,3 St & Hoyt St,4110,40.6728155,-73.98352355,40.6777287,-73.99364123,member
830625,D11ABF692066740E,electric_bike,2022-01-15 20:30:23,2022-01-15 20:44:25,Prospect Pl & Vanderbilt Ave,4157,3 St & Hoyt St,4110,40.67767534269111,-73.96902143955231,40.6777287,-73.99364123,member
830637,931A6CB7E8BEF524,electric_bike,2022-01-28 15:06:13,2022-01-28 15:18:03,Grand Army Plaza & Plaza St West,4010,3 St & Hoyt St,4110,40.6729679,-73.97087984,40.6777287,-73.99364123,member
830642,79688B712A02F0D8,classic_bike,2022-01-01 14:11:59,2022-01-01 14:29:16,36 St & 4 Ave,3420,3 St & Hoyt St,4110,40.654144,-74.00422,40.6777287,-73.99364123,member
830644,0495BF96C29B4990,electric_bike,2022-01-21 16:47:42,2022-01-21 16:55:53,3 St & Prospect Park West,3865,3 St & Hoyt St,4110,40.668132,-73.97363831,40.6777287,-73.99364123,member
830647,4EA20B7C31136C9A,classic_bike,2022-01-07 22:52:47,2022-01-07 23:03:20,3 St & Prospect Park West,3865,3 St & Hoyt St,4110,40.668132,-73.97363831,40.6777287,-73.99364123,member
830664,5EAF6FA4E81FCD15,electric_bike,2022-01-26 09:49:32,2022-01-26 09:56:05,3 St & Hoyt St,4110,Jay St & Tech Pl,4710,40.6777287,-73.99364123,40.695065,-73.987167,member
830694,ED7D76C87500F527,classic_bike,2022-01-17 15:45:45,2022-01-17 15:56:30,Front St & Jay St,4895,3 St & Hoyt St,4110,40.702461,-73.986842,40.6777287,-73.99364123,member
830736,3E327460AA520B04,electric_bike,2022-01-28 13:51:56,2022-01-28 13:56:27,4 Ave & 3 St,4028,3 St & Hoyt St,4110,40.673746,-73.985649,40.6777287,-73.99364123,casual
830762,1E8B07D2396DE008,classic_bike,2022-01-06 09:57:10,2022-01-06 10:08:14,Lafayette Ave & Ft Greene Pl,4470,3 St & Hoyt St,4110,40.68700231292619,-73.97664964199066,40.6777287,-73.99364123,member
830773,C2887125A6A0EA74,electric_bike,2022-01-14 13:45:53,2022-01-14 13:56:23,Plaza St East & Flatbush Ave,4010,3 St & Hoyt St,4110,40.673134,-73.969106,40.6777287,-73.99364123,member
830775,FFA487AC3EF381B9,electric_bike,2022-01-06 18:08:09,2022-01-06 18:29:29,Lafayette St & Jersey St,5561,3 St & Hoyt St,4110,40.72456089,-73.99565293,40.6777287,-73.99364123,member
830777,DD3215D981BC31D8,classic_bike,2022-01-13 13:44:17,2022-01-13 13:46:53,Carroll St & Smith St,4225,3 St & Hoyt St,4110,40.680611,-73.99475825,40.6777287,-73.99364123,member
830795,800C4A8D16EACD0E,electric_bike,2022-01-24 20:23:12,2022-01-24 20:24:58,Carroll St & Smith St,4225,3 St & Hoyt St,4110,40.680611,-73.99475825,40.6777287,-73.99364123,casual
830797,524D5682962EA683,electric_bike,2022-01-15 16:22:02,2022-01-15 16:27:06,7 St & 3 Ave,3996,3 St & Hoyt St,4110,40.67260298150126,-73.98983001708984,40.6777287,-73.99364123,member
830799,F81BE393CDE7B651,electric_bike,2022-01-18 18:18:38,2022-01-18 18:27:48,10 St & 7 Ave,3762,3 St & Hoyt St,4110,40.6662078,-73.98199886,40.6777287,-73.99364123,member
830845,EAC384B32CA88FDE,classic_bike,2022-01-04 16:10:12,2022-01-04 16:11:51,Smith St & 3 St,4151,3 St & Hoyt St,4110,40.6787242,-73.99599099,40.6777287,-73.99364123,member
830853,EBAB1E6396ED750C,electric_bike,2022-01-23 17:52:08,2022-01-23 18:00:21,14 St & 7 Ave,3731,3 St & Hoyt St,4110,40.663779,-73.98396846,40.6777287,-73.99364123,member
830860,4C61A59771939E3E,electric_bike,2022-01-28 12:11:11,2022-01-28 12:22:39,Smith St & 3 St,4151,3 St & Hoyt St,4110,40.6787242,-73.99599099,40.6777287,-73.99364123,casual
830864,707F4F64F34F3C3B,electric_bike,2022-01-28 18:55:42,2022-01-28 19:04:07,14 St & 7 Ave,3731,3 St & Hoyt St,4110,40.663779,-73.98396846,40.6777287,-73.99364123,member
830867,E8DA855081524812,classic_bike,2022-01-03 13:33:45,2022-01-03 13:35:14,Smith St & 3 St,4151,3 St & Hoyt St,4110,40.6787242,-73.99599099,40.6777287,-73.99364123,member
830907,B9CB649794E07A74,electric_bike,2022-01-23 07:10:53,2022-01-23 07:14:04,5 Ave & 3 St,3987,3 St & Hoyt St,4110,40.6728155,-73.98352355,40.6777287,-73.99364123,member
830918,DC3247331FFCE05A,classic_bike,2022-01-18 13:15:14,2022-01-18 13:20:46,Dean St & Hoyt St,4446,3 St & Hoyt St,4110,40.6864442,-73.98759104,40.6777287,-73.99364123,member
830930,9D218A9E9AE16158,classic_bike,2022-01-22 17:19:31,2022-01-22 18:01:33,S 3 St & Bedford Ave,5235,3 St & Hoyt St,4110,40.71260486,-73.96264403,40.6777287,-73.99364123,member
830936,7A2FA689D6BE6937,electric_bike,2022-01-06 07:58:36,2022-01-06 08:13:12,6 Ave & 9 St,3803,3 St & Hoyt St,4110,40.668127,-73.98377641,40.6777287,-73.99364123,casual
830949,40FBD37ADDCC2CC1,classic_bike,2022-01-05 14:02:42,2022-01-05 14:11:14,Bergen St & Flatbush Ave,4281,3 St & Hoyt St,4110,40.680944723477296,-73.97567331790923,40.6777287,-73.99364123,member
830958,D273DC86C09EAF57,electric_bike,2022-01-24 17:29:11,2022-01-24 17:35:49,3 St & 7 Ave,3905,3 St & Hoyt St,4110,40.6703837,-73.97839676,40.6777287,-73.99364123,member
830969,606912990D7DFDD5,electric_bike,2022-01-19 10:22:16,2022-01-19 10:52:33,E 30 St & Park Ave S,6206,3 St & Hoyt St,4110,40.74444921,-73.98303529,40.6777287,-73.99364123,member
830973,C36F680674B4B0D5,electric_bike,2022-01-27 07:27:21,2022-01-27 07:39:57,Front St & Jay St,4895,3 St & Hoyt St,4110,40.702461,-73.986842,40.6777287,-73.99364123,member
830975,DEC168A18A4A41F4,classic_bike,2022-01-20 20:56:06,2022-01-20 21:06:00,Front St & Jay St,4895,3 St & Hoyt St,4110,40.702461,-73.986842,40.6777287,-73.99364123,member
830976,B8D25A6D7C20C4D7,classic_bike,2022-01-27 19:52:31,2022-01-27 20:03:22,Front St & Jay St,4895,3 St & Hoyt St,4110,40.702461,-73.986842,40.6777287,-73.99364123,member
831000,1EC0C1E2B7A3C23E,classic_bike,2022-01-22 16:27:33,2022-01-22 16:29:03,Smith St & 3 St,4151,3 St & Hoyt St,4110,40.6787242,-73.99599099,40.6777287,-73.99364123,member
831009,45C3B7EE9B80FEF4,electric_bike,2022-01-21 17:32:25,2022-01-21 17:40:10,14 St & 7 Ave,3731,3 St & Hoyt St,4110,40.663779,-73.98396846,40.6777287,-73.99364123,member
831010,403629E4724A74B4,electric_bike,2022-01-01 23:41:40,2022-01-01 23:48:58,14 St & 7 Ave,3731,3 St & Hoyt St,4110,40.663779,-73.98396846,40.6777287,-73.99364123,member
831089,4B799FC452A20E9A,classic_bike,2022-01-23 11:19:50,2022-01-23 11:27:15,Carroll St & 6 Ave,4019,3 St & Hoyt St,4110,40.6740886,-73.9787282,40.6777287,-73.99364123,casual
831090,BA9F8449A073F52C,electric_bike,2022-01-06 23:42:08,2022-01-06 23:47:58,10 St & 5 Ave,3842,3 St & Hoyt St,4110,40.6686273,-73.98700053,40.6777287,-73.99364123,member
831098,FE1FF5B0C0B9AD73,classic_bike,2022-01-14 10:19:03,2022-01-14 10:26:51,10 St & 5 Ave,3842,3 St & Hoyt St,4110,40.6686273,-73.98700053,40.6777287,-73.99364123,member
831117,7BB19A6AD15BD271,electric_bike,2022-01-04 23:07:08,2022-01-04 23:11:59,Carroll St & 6 Ave,4019,3 St & Hoyt St,4110,40.6740886,-73.9787282,40.6777287,-73.99364123,casual
831128,94AC0B8BD4BD55A3,classic_bike,2022-01-24 16:16:10,2022-01-24 16:26:40,Berkeley Pl & 7 Ave,4051,3 St & Hoyt St,4110,40.675146838709786,-73.97523209452629,40.6777287,-73.99364123,casual
831138,7A0B3578B316915C,electric_bike,2022-01-24 15:16:50,2022-01-24 15:17:37,3 St & Hoyt St,4110,3 St & Hoyt St,4110,40.6777287,-73.99364123,40.6777287,-73.99364123,member
831148,095AA4A6422F8C26,electric_bike,2022-01-25 13:14:51,2022-01-25 13:18:21,5 Ave & 3 St,3987,3 St & Hoyt St,4110,40.6728155,-73.98352355,40.6777287,-73.99364123,member
831167,F3760E585BB20E87,electric_bike,2022-01-02 15:45:25,2022-01-02 16:41:59,5 Ave & 3 St,3987,3 St & Hoyt St,4110,40.6728155,-73.98352355,40.6777287,-73.99364123,member
831168,363431677A467627,electric_bike,2022-01-05 11:22:11,2022-01-05 11:33:13,Grand Army Plaza & Plaza St West,4010,3 St & Hoyt St,4110,40.6729679,-73.97087984,40.6777287,-73.99364123,member
831179,A3F5495C8F1A08CB,classic_bike,2022-01-15 15:46:18,2022-01-15 15:52:59,4 Ave & 9 St,3955,3 St & Hoyt St,4110,40.6705135,-73.98876585,40.6777287,-73.99364123,member
831193,F15FF4E29177B1E7,electric_bike,2022-01-13 20:19:29,2022-01-13 20:28:22,12 St & 4 Ave,3882,3 St & Hoyt St,4110,40.668603,-73.9904394,40.6777287,-73.99364123,member
831217,BC6FEB7DA7E6DBC7,classic_bike,2022-01-27 09:34:31,2022-01-27 09:45:14,Bergen St & Flatbush Ave,4281,3 St & Hoyt St,4110,40.680944723477296,-73.97567331790923,40.6777287,-73.99364123,member
831220,64222828B50E3B3B,classic_bike,2022-01-15 13:25:31,2022-01-15 13:36:17,Bergen St & Flatbush Ave,4281,3 St & Hoyt St,4110,40.680944723477296,-73.97567331790923,40.6777287,-73.99364123,member
831264,9DEE66387CC79311,electric_bike,2022-01-04 09:18:17,2022-01-04 10:09:57,W 42 St & 6 Ave,6517,3 St & Hoyt St,4110,40.75492,-73.98455,40.6777287,-73.99364123,member
831266,84B6936F98F1A115,classic_bike,2022-01-16 13:48:17,2022-01-16 13:52:44,Clinton St & 4 Place,4119,3 St & Hoyt St,4110,40.6783563,-74.00014502,40.6777287,-73.99364123,casual
831298,0F364040E5B7060D,electric_bike,2022-01-25 09:04:55,2022-01-25 09:12:32,Bergen St & Flatbush Ave,4281,3 St & Hoyt St,4110,40.680944723477296,-73.97567331790923,40.6777287,-73.99364123,casual
831301,B71D27A8451C7233,electric_bike,2022-01-13 18:40:34,2022-01-13 18:48:58,Bergen St & Flatbush Ave,4281,3 St & Hoyt St,4110,40.680944723477296,-73.97567331790923,40.6777287,-73.99364123,member
831361,72F7201CE18BC09B,electric_bike,2022-01-24 16:25:48,2022-01-24 17:21:50,8 Ave & W 52 St,6816,3 St & Hoyt St,4110,40.76370739,-73.9851615,40.6777287,-73.99364123,member
831364,3252D5157DF8017F,classic_bike,2022-01-21 12:28:20,2022-01-21 12:36:19,Boerum Pl\t& Pacific St,4488,3 St & Hoyt St,4110,40.68848905639242,-73.99116039276123,40.6777287,-73.99364123,casual
831368,507A0B9D0841EBF7,classic_bike,2022-01-01 15:25:28,2022-01-01 15:30:16,1 St & 6 Ave,3946,3 St & Hoyt St,4110,40.672784,-73.979826,40.6777287,-73.99364123,member
831372,27C962DFE94A8CE6,classic_bike,2022-01-07 15:27:02,2022-01-07 15:35:36,6 Ave & 9 St,3803,3 St & Hoyt St,4110,40.668127,-73.98377641,40.6777287,-73.99364123,casual
831373,D003F6AF6B053034,electric_bike,2022-01-25 15:13:11,2022-01-25 15:16:57,Clinton St & 4 Place,4119,3 St & Hoyt St,4110,40.6783563,-74.00014502,40.6777287,-73.99364123,member
831381,120E69E4A80E4C44,classic_bike,2022-01-23 12:55:54,2022-01-23 13:05:07,1 St & 6 Ave,3946,3 St & Hoyt St,4110,40.672784,-73.979826,40.6777287,-73.99364123,casual
831390,0E9033DC38C4E33B,electric_bike,2022-01-18 11:46:50,2022-01-18 12:03:22,Prospect Pl & Underhill Ave,4116,3 St & Hoyt St,4110,40.6769694,-73.96579,40.6777287,-73.99364123,member
831587,69182AC91708A44F,classic_bike,2022-01-05 17:48:07,2022-01-05 17:52:09,5 Ave & 3 St,3987,3 St & Hoyt St,4110,40.6728155,-73.98352355,40.6777287,-73.99364123,member
831594,D85E8E76C672331B,classic_bike,2022-01-19 15:51:31,2022-01-19 15:55:35,5 Ave & 3 St,3987,3 St & Hoyt St,4110,40.6728155,-73.98352355,40.6777287,-73.99364123,member
831648,EF64FCD12E262088,electric_bike,2022-01-15 21:18:33,2022-01-15 21:39:25,Park Pl & Franklin Ave,4033,3 St & Hoyt St,4110,40.6741806,-73.9564947,40.6777287,-73.99364123,casual
831649,4A8B9D3867AE6BFC,electric_bike,2022-01-18 20:04:05,2022-01-18 20:09:07,Hoyt St & Warren St,4330,3 St & Hoyt St,4110,40.6843549,-73.98901629,40.6777287,-73.99364123,member
831655,8C7B2675D4A87947,classic_bike,2022-01-18 18:47:31,2022-01-18 18:51:53,Hoyt St & Warren St,4330,3 St & Hoyt St,4110,40.6843549,-73.98901629,40.6777287,-73.99364123,member
831656,8CB8BCA158F1334B,classic_bike,2022-01-21 20:16:20,2022-01-21 20:31:31,Henry St & Middagh St,4861,3 St & Hoyt St,4110,40.7003,-73.991581,40.6777287,-73.99364123,member
831657,698562DCF3F3CD5C,electric_bike,2022-01-15 21:18:32,2022-01-15 21:39:33,Park Pl & Franklin Ave,4033,3 St & Hoyt St,4110,40.6741806,-73.9564947,40.6777287,-73.99364123,member
831662,334CD4C805D1E8B3,classic_bike,2022-01-23 11:38:33,2022-01-23 11:55:30,Park Pl & Franklin Ave,4033,3 St & Hoyt St,4110,40.6741806,-73.9564947,40.6777287,-73.99364123,member
831717,C47F079DD3624D16,classic_bike,2022-01-02 14:49:59,2022-01-02 15:08:18,Lexington Ave & Classon Ave,4452,3 St & Hoyt St,4110,40.68676793,-73.95928168,40.6777287,-73.99364123,member
831733,EA64CE102EFDE7D4,electric_bike,2022-01-25 08:34:29,2022-01-25 08:40:05,5 Ave & 3 St,3987,3 St & Hoyt St,4110,40.6728155,-73.98352355,40.6777287,-73.99364123,casual
831737,F0B2C94C9D701339,classic_bike,2022-01-20 18:50:25,2022-01-20 19:08:30,Douglass St & 4 Ave,4175,3 St & Hoyt St,4110,40.6792788,-73.98154004,40.6777287,-73.99364123,member
831746,891FAE5BDBFE80F0,classic_bike,2022-01-04 08:40:39,2022-01-04 08:48:50,7 St & 5 Ave,3914,3 St & Hoyt St,4110,40.6704922,-73.98541675,40.6777287,-73.99364123,member
831763,ACF766896C3B57D6,classic_bike,2022-01-24 08:39:39,2022-01-24 08:48:36,14 St & 5 Ave,3771,3 St & Hoyt St,4110,40.666287,-73.98895053,40.6777287,-73.99364123,member
831772,C299698CE2970CE1,electric_bike,2022-01-06 15:03:57,2022-01-06 15:26:21,Willoughby Ave & Walworth St,4634,3 St & Hoyt St,4110,40.69331716,-73.95381995,40.6777287,-73.99364123,casual
831808,86E28FCA37ABB5BB,electric_bike,2022-01-06 18:33:50,2022-01-06 18:38:48,Bond St & Bergen St,4404,3 St & Hoyt St,4110,40.6849668,-73.98620772,40.6777287,-73.99364123,casual
831816,8C1C6A6EFF0A564F,electric_bike,2022-01-24 09:22:32,2022-01-24 09:31:34,Prospect Pl & 6 Ave,4166,3 St & Hoyt St,4110,40.6793307,-73.97519523,40.6777287,-73.99364123,casual
831853,72B5279A21C7871D,electric_bike,2022-01-03 16:33:35,2022-01-03 16:41:55,Prospect Pl & 6 Ave,4166,3 St & Hoyt St,4110,40.6793307,-73.97519523,40.6777287,-73.99364123,casual
831920,8F87CF788BF60A0A,classic_bike,2022-01-31 15:16:48,2022-01-31 15:25:17,Garfield Pl & 8 Ave,3978,3 St & Hoyt St,4110,40.6711978,-73.97484126,40.6777287,-73.99364123,member
831923,7FAA9860DCA12BE0,classic_bike,2022-01-28 20:01:21,2022-01-28 20:11:02,Garfield Pl & 8 Ave,3978,3 St & Hoyt St,4110,40.6711978,-73.97484126,40.6777287,-73.99364123,member
831939,19BF1FAEF6BB693F,electric_bike,2022-01-02 11:15:57,2022-01-02 11:23:43,Atlantic Ave & Fort Greene Pl,4354,3 St & Hoyt St,4110,40.68382604,-73.97632328,40.6777287,-73.99364123,casual
831956,40615F06EDC35729,classic_bike,2022-01-05 13:37:15,2022-01-05 13:41:46,4 Ave & 9 St,3955,3 St & Hoyt St,4110,40.6705135,-73.98876585,40.6777287,-73.99364123,member
831960,C2E4338E7205DF8B,electric_bike,2022-01-23 16:39:23,2022-01-23 16:44:33,Carroll St & 5 Ave,4060,3 St & Hoyt St,4110,40.6751622,-73.9814832,40.6777287,-73.99364123,member
831977,BDF48786F83ED499,classic_bike,2022-01-27 10:33:03,2022-01-27 10:38:32,7 St & 5 Ave,3914,3 St & Hoyt St,4110,40.6704922,-73.98541675,40.6777287,-73.99364123,member
832079,A9FA64C7911535C9,classic_bike,2022-01-18 09:42:50,2022-01-18 09:50:27,7 St & 5 Ave,3914,3 St & Hoyt St,4110,40.6704922,-73.98541675,40.6777287,-73.99364123,member
832114,E31F6000ACCBFF30,electric_bike,2022-01-24 10:54:22,2022-01-24 11:07:11,Fulton St & Waverly Ave,4345,3 St & Hoyt St,4110,40.68323865460341,-73.96599590778351,40.6777287,-73.99364123,member
832151,04C206AF6F23D9E5,electric_bike,2022-01-05 18:47:23,2022-01-05 18:56:34,Douglass St & 3 Ave,4217,3 St & Hoyt St,4110,40.6802133,-73.98432695,40.6777287,-73.99364123,member
832164,3ECF311B4DE2FCD9,electric_bike,2022-01-15 10:49:06,2022-01-15 11:01:29,Brooklyn Bridge Park - Pier 2,4756,3 St & Hoyt St,4110,40.698458,-73.997178,40.6777287,-73.99364123,member
832183,B7B08784CF8F12E3,classic_bike,2022-01-03 10:04:53,2022-01-03 10:09:29,Douglass St & 3 Ave,4217,3 St & Hoyt St,4110,40.6802133,-73.98432695,40.6777287,-73.99364123,member
832220,6300F51ED2171B4B,classic_bike,2022-01-16 13:56:21,2022-01-16 14:02:35,Douglass St & 3 Ave,4217,3 St & Hoyt St,4110,40.6802133,-73.98432695,40.6777287,-73.99364123,member
832284,B336FAE05F28E890,classic_bike,2022-01-05 10:06:03,2022-01-05 10:16:01,Douglass St & 3 Ave,4217,3 St & Hoyt St,4110,40.6802133,-73.98432695,40.6777287,-73.99364123,member
832294,B6541104E083739C,electric_bike,2022-01-02 10:07:25,2022-01-02 10:16:25,Garfield Pl & 8 Ave,3978,3 St & Hoyt St,4110,40.6711978,-73.97484126,40.6777287,-73.99364123,casual
832296,82ABC00DFDB6EC60,electric_bike,2022-01-05 11:05:47,2022-01-05 11:09:21,Douglass St & 3 Ave,4217,3 St & Hoyt St,4110,40.6802133,-73.98432695,40.6777287,-73.99364123,member
832339,83BFF7F60A761A3D,classic_bike,2022-01-25 11:15:31,2022-01-25 11:26:37,Hanson Pl & Ashland Pl,4395,3 St & Hoyt St,4110,40.68506807308177,-73.97790759801863,40.6777287,-73.99364123,member
832346,B741F11683CABFE3,classic_bike,2022-01-28 00:46:01,2022-01-28 01:00:15,3 Ave & Schermerhorn St,4437,3 St & Hoyt St,4110,40.68683208,-73.9796772,40.6777287,-73.99364123,member
832400,459196B676D10D6C,classic_bike,2022-01-06 09:38:39,2022-01-06 09:45:32,3 Ave & 14 St,3850,3 St & Hoyt St,4110,40.6685455,-73.99333264,40.6777287,-73.99364123,member
832492,6A5263755BBD319E,classic_bike,2022-01-24 19:49:14,2022-01-24 20:19:30,Broadway & Morris St,5033,3 St & Hoyt St,4110,40.705945132708806,-74.01321887969969,40.6777287,-73.99364123,member
832510,4206FAC51E8518BB,electric_bike,2022-01-27 18:39:33,2022-01-27 18:53:44,Bergen St & Vanderbilt Ave,4157,3 St & Hoyt St,4110,40.6794388,-73.9680438,40.6777287,-73.99364123,casual
832556,646662ACAE76DD3F,classic_bike,2022-01-02 15:11:44,2022-01-02 15:28:41,Lincoln Pl & Classon Ave,3960,3 St & Hoyt St,4110,40.6721683,-73.9609,40.6777287,-73.99364123,member
832560,E564D8BF0DFFCFCE,classic_bike,2022-01-05 10:11:05,2022-01-05 10:18:24,Nevins St & Schermerhorn St,4437,3 St & Hoyt St,4110,40.68737247650719,-73.98176059126854,40.6777287,-73.99364123,member
832581,1A828E6C3F94CC9E,classic_bike,2022-01-19 09:27:01,2022-01-19 09:34:32,Nevins St & Schermerhorn St,4437,3 St & Hoyt St,4110,40.68737247650719,-73.98176059126854,40.6777287,-73.99364123,member
832582,86F44D826EE215D9,classic_bike,2022-01-18 09:44:16,2022-01-18 09:52:06,Nevins St & Schermerhorn St,4437,3 St & Hoyt St,4110,40.68737247650719,-73.98176059126854,40.6777287,-73.99364123,member
832583,E514E78867BBB4C0,classic_bike,2022-01-26 08:52:53,2022-01-26 09:02:11,Nevins St & Schermerhorn St,4437,3 St & Hoyt St,4110,40.68737247650719,-73.98176059126854,40.6777287,-73.99364123,member
832606,739061DD74D571FB,electric_bike,2022-01-02 14:02:40,2022-01-02 14:34:15,Nevins St & Schermerhorn St,4437,3 St & Hoyt St,4110,40.68737247650719,-73.98176059126854,40.6777287,-73.99364123,member
832608,DD51C99069845D30,classic_bike,2022-01-13 09:12:34,2022-01-13 09:19:09,Nevins St & Schermerhorn St,4437,3 St & Hoyt St,4110,40.68737247650719,-73.98176059126854,40.6777287,-73.99364123,member
832623,ED8153947CDAF105,classic_bike,2022-01-21 09:58:10,2022-01-21 10:05:09,Nevins St & Schermerhorn St,4437,3 St & Hoyt St,4110,40.68737247650719,-73.98176059126854,40.6777287,-73.99364123,member
832624,6DF280D571D40FAC,classic_bike,2022-01-24 10:30:05,2022-01-24 10:36:51,Nevins St & Schermerhorn St,4437,3 St & Hoyt St,4110,40.68737247650719,-73.98176059126854,40.6777287,-73.99364123,member
832691,A48EED4A00097218,electric_bike,2022-01-14 21:00:52,2022-01-14 21:15:44,Court St & Nelson St,4077,3 St & Hoyt St,4110,40.6763947,-73.99869893,40.6777287,-73.99364123,member
832698,42AA1AD80BA816B2,electric_bike,2022-01-17 13:06:12,2022-01-17 13:39:38,Dahill Rd & 12 Ave,3208,3 St & Hoyt St,4110,40.646037,-73.980963,40.6777287,-73.99364123,member
832700,FAC5A8D7BC2BA578,electric_bike,2022-01-07 00:31:46,2022-01-07 00:38:38,7 Ave & Park Pl,4125,3 St & Hoyt St,4110,40.6776147,-73.97324283,40.6777287,-73.99364123,casual
832711,E2A64D0BB605B62A,classic_bike,2022-01-23 13:57:28,2022-01-23 14:11:13,Union St & Nevins St,4143,3 St & Hoyt St,4110,40.67909799721684,-73.98765474557877,40.6777287,-73.99364123,member
832723,D4608636169DF801,classic_bike,2022-01-06 19:00:34,2022-01-07 12:31:12,Commerce St & Van Brunt St,4243,3 St & Hoyt St,4110,40.6812117,-74.00860912,40.6777287,-73.99364123,member
832729,BCE448B6425CABEC,electric_bike,2022-01-27 12:08:45,2022-01-27 12:11:54,Court St & Nelson St,4077,3 St & Hoyt St,4110,40.6763947,-73.99869893,40.6777287,-73.99364123,member
832743,104836EA9EE0D750,classic_bike,2022-01-02 18:47:48,2022-01-02 18:57:18,Hanson Pl & Ashland Pl,4395,3 St & Hoyt St,4110,40.68506807308177,-73.97790759801863,40.6777287,-73.99364123,member
832746,85BC32C95C33C374,classic_bike,2022-01-03 08:09:09,2022-01-03 08:13:33,Union St & Nevins St,4143,3 St & Hoyt St,4110,40.67909799721684,-73.98765474557877,40.6777287,-73.99364123,member
832754,A459124CAE5BCD59,electric_bike,2022-01-13 08:43:12,2022-01-13 09:07:56,Dean St & Franklin Ave,4107,3 St & Hoyt St,4110,40.67759206937376,-73.955637216568,40.6777287,-73.99364123,member
832756,25C153779EB511FA,classic_bike,2022-01-01 16:44:00,2022-01-01 16:50:14,Warren St & Court St,4413,3 St & Hoyt St,4110,40.686371,-73.99383324,40.6777287,-73.99364123,member
832764,EF94890E97781E4E,classic_bike,2022-01-23 15:26:39,2022-01-23 15:37:15,Berkeley Pl & 7 Ave,4051,3 St & Hoyt St,4110,40.675146838709786,-73.97523209452629,40.6777287,-73.99364123,member
832771,4ACBAB90F7DEB1B9,electric_bike,2022-01-14 15:10:31,2022-01-14 15:17:59,Carroll St & 5 Ave,4060,3 St & Hoyt St,4110,40.6751622,-73.9814832,40.6777287,-73.99364123,member
837685,459028AB7AF22C80,electric_bike,2022-01-28 19:56:40,2022-01-28 20:16:40,3 St & Hoyt St,4110,Schermerhorn St & Bond St,4479,40.6777287,-73.99364123,40.688417427540834,-73.98451656103134,member
837688,0A5F88CE30CC8900,electric_bike,2022-01-20 22:58:48,2022-01-20 23:12:16,3 St & Hoyt St,4110,Prospect Pl & Underhill Ave,4116,40.6777287,-73.99364123,40.6769694,-73.96579,member
837700,7724336FFDE83C60,classic_bike,2022-01-06 20:18:35,2022-01-06 20:55:46,3 St & Hoyt St,4110,Schermerhorn St & Bond St,4479,40.6777287,-73.99364123,40.688417427540834,-73.98451656103134,member
837714,DEFF3DDCE3254813,electric_bike,2022-01-01 17:58:01,2022-01-01 18:10:37,3 St & Hoyt St,4110,Prospect Pl & Underhill Ave,4116,40.6777287,-73.99364123,40.6769694,-73.96579,member
838414,F62895A181316769,electric_bike,2022-01-02 12:35:02,2022-01-02 12:42:01,3 St & Hoyt St,4110,Schermerhorn St & Bond St,4479,40.6777287,-73.99364123,40.688417427540834,-73.98451656103134,member
839421,CCF82E6663E392D7,electric_bike,2022-01-24 11:24:38,2022-01-24 11:36:18,3 St & Hoyt St,4110,Prospect Pl & Underhill Ave,4116,40.6777287,-73.99364123,40.6769694,-73.96579,member
840885,4E6CFB94B5EEEF42,classic_bike,2022-01-07 18:00:20,2022-01-07 18:09:15,3 St & Hoyt St,4110,Schermerhorn St & Bond St,4479,40.6777287,-73.99364123,40.688417427540834,-73.98451656103134,member
841085,CC3A917FC85416B1,electric_bike,2022-01-17 15:35:59,2022-01-17 15:58:16,3 St & Hoyt St,4110,Schermerhorn St & Bond St,4479,40.6777287,-73.99364123,40.688417427540834,-73.98451656103134,member
850046,686DE758AE10E821,electric_bike,2022-01-02 12:07:09,2022-01-02 12:14:42,3 St & Hoyt St,4110,Clinton St & 4 Place,4119,40.6777287,-73.99364123,40.6783563,-74.00014502,member
850047,9FC39449C3B3396D,classic_bike,2022-01-24 20:14:34,2022-01-24 20:48:47,3 St & Hoyt St,4110,Myrtle Ave & Fleet Pl,4628,40.6777287,-73.99364123,40.693534,-73.981909,member
850053,B188F9F648EB22B9,classic_bike,2022-01-17 17:25:01,2022-01-17 17:36:14,3 St & Hoyt St,4110,Wolcott St & Dwight St,4054,40.6777287,-73.99364123,40.6753274,-74.0100698,member
851184,28D3B65ADEB8B152,electric_bike,2022-01-17 15:50:33,2022-01-17 15:55:03,3 St & Hoyt St,4110,Clinton St & 4 Place,4119,40.6777287,-73.99364123,40.6783563,-74.00014502,member
851314,44B7FB6F41B8F992,electric_bike,2022-01-06 18:42:14,2022-01-06 18:54:44,3 St & Hoyt St,4110,Myrtle Ave & Fleet Pl,4628,40.6777287,-73.99364123,40.693534,-73.981909,member
856875,88826D84BC158E94,classic_bike,2022-01-23 14:30:14,2022-01-23 14:38:32,3 St & Hoyt St,4110,5 Ave & 3 St,3987,40.6777287,-73.99364123,40.6728155,-73.98352355,member
857410,CC1EBB439ED302AC,electric_bike,2022-01-17 15:55:45,2022-01-17 16:28:18,3 St & Hoyt St,4110,E 39 St & Lexington Ave,6389,40.6777287,-73.99364123,40.7494985460252,-73.97729203113158,member
857452,5DC3A784FA68610E,electric_bike,2022-01-02 15:41:00,2022-01-02 15:44:26,3 St & Hoyt St,4110,5 Ave & 3 St,3987,40.6777287,-73.99364123,40.6728155,-73.98352355,member
857493,65EA64834CEF31C9,electric_bike,2022-01-05 15:12:49,2022-01-05 15:16:11,3 St & Hoyt St,4110,5 Ave & 3 St,3987,40.6777287,-73.99364123,40.6728155,-73.98352355,member
859054,8F66944792B964BA,classic_bike,2022-01-13 17:43:13,2022-01-13 17:48:21,3 St & Hoyt St,4110,5 Ave & 3 St,3987,40.6777287,-73.99364123,40.6728155,-73.98352355,casual
859055,5EC4A544A4D56867,classic_bike,2022-01-06 18:10:32,2022-01-06 18:17:53,3 St & Hoyt St,4110,5 Ave & 3 St,3987,40.6777287,-73.99364123,40.6728155,-73.98352355,member
859072,10BDA7F26B0BA22E,classic_bike,2022-01-24 12:16:14,2022-01-24 12:44:43,3 St & Hoyt St,4110,5 Ave & 3 St,3987,40.6777287,-73.99364123,40.6728155,-73.98352355,member
859075,D650A56529AB7380,classic_bike,2022-01-02 13:54:09,2022-01-02 14:21:52,3 St & Hoyt St,4110,5 Ave & 3 St,3987,40.6777287,-73.99364123,40.6728155,-73.98352355,member
859086,21732E65AE464E75,classic_bike,2022-01-27 12:22:16,2022-01-27 12:26:39,3 St & Hoyt St,4110,5 Ave & 3 St,3987,40.6777287,-73.99364123,40.6728155,-73.98352355,member
859088,BF394962E54CBDC8,classic_bike,2022-01-24 13:21:37,2022-01-24 13:26:32,3 St & Hoyt St,4110,5 Ave & 3 St,3987,40.6777287,-73.99364123,40.6728155,-73.98352355,member
859093,25D5868553876D8D,classic_bike,2022-01-24 09:46:04,2022-01-24 10:11:59,3 St & Hoyt St,4110,West Drive & Prospect Park West,3651,40.6777287,-73.99364123,40.6610633719006,-73.97945255041122,member
859094,81058ACBBBF716FE,electric_bike,2022-01-13 16:04:15,2022-01-13 16:09:36,3 St & Hoyt St,4110,Carroll St & Columbia St,4348,40.6777287,-73.99364123,40.6830456,-74.00348559,member
859095,198103C40D9A4AA8,classic_bike,2022-01-26 17:32:14,2022-01-26 17:38:25,3 St & Hoyt St,4110,5 Ave & 3 St,3987,40.6777287,-73.99364123,40.6728155,-73.98352355,member
860899,CEA4136B78287437,electric_bike,2022-01-17 11:01:24,2022-01-17 11:06:27,3 St & Hoyt St,4110,5 Ave & 3 St,3987,40.6777287,-73.99364123,40.6728155,-73.98352355,member
860903,767DD8692AB0C1E6,electric_bike,2022-01-17 13:35:32,2022-01-17 13:40:04,3 St & Hoyt St,4110,5 Ave & 3 St,3987,40.6777287,-73.99364123,40.6728155,-73.98352355,member
860922,3332546A8C066E89,classic_bike,2022-01-23 15:20:01,2022-01-23 15:27:38,3 St & Hoyt St,4110,5 Ave & 3 St,3987,40.6777287,-73.99364123,40.6728155,-73.98352355,member
864380,9DE332D455FCD78F,classic_bike,2022-01-23 15:20:25,2022-01-23 15:27:45,3 St & Hoyt St,4110,5 Ave & 3 St,3987,40.6777287,-73.99364123,40.6728155,-73.98352355,casual
868886,0359082A543530B1,electric_bike,2022-01-18 15:45:05,2022-01-18 16:03:24,3 St & Hoyt St,4110,Dean St & Franklin Ave,4107,40.6777287,-73.99364123,40.67759206937376,-73.955637216568,member
870056,AF498A54E2C6F9D8,electric_bike,2022-01-17 09:01:48,2022-01-17 09:15:00,3 St & Hoyt St,4110,Dean St & Franklin Ave,4107,40.6777287,-73.99364123,40.67759206937376,-73.955637216568,member
877526,6C13830CDACA3916,electric_bike,2022-01-05 17:44:05,2022-01-05 17:52:37,3 St & Hoyt St,4110,DeKalb Ave & Vanderbilt Ave,4461,40.6777287,-73.99364123,40.68940747,-73.96885458,member
877536,7559F7F6569E8CDB,electric_bike,2022-01-13 16:52:57,2022-01-13 17:04:53,3 St & Hoyt St,4110,DeKalb Ave & Vanderbilt Ave,4461,40.6777287,-73.99364123,40.68940747,-73.96885458,member
887056,942A8945734B2EEA,classic_bike,2022-01-16 15:57:40,2022-01-16 16:04:01,3 St & Hoyt St,4110,Carroll St & 5 Ave,4060,40.6777287,-73.99364123,40.6751622,-73.9814832,member
887060,FC6132ECC89848D7,electric_bike,2022-01-25 13:16:11,2022-01-25 13:21:10,3 St & Hoyt St,4110,7 St & 5 Ave,3914,40.6777287,-73.99364123,40.6704922,-73.98541675,member
887087,4477DD9CE0EE3B6B,electric_bike,2022-01-02 00:26:54,2022-01-02 00:57:38,3 St & Hoyt St,4110,Graham Ave & Conselyea St,5291,40.6777287,-73.99364123,40.715143,-73.944507,member
887099,FEA3E822A5E66A70,classic_bike,2022-01-18 18:57:56,2022-01-18 19:04:55,3 St & Hoyt St,4110,7 St & 5 Ave,3914,40.6777287,-73.99364123,40.6704922,-73.98541675,member
887748,D87C55FEA8453745,electric_bike,2022-01-26 11:54:11,2022-01-26 11:59:33,3 St & Hoyt St,4110,Carroll St & 5 Ave,4060,40.6777287,-73.99364123,40.6751622,-73.9814832,member
891422,997CB357F14934F2,electric_bike,2022-01-14 14:14:37,2022-01-14 14:20:41,3 St & Hoyt St,4110,Carroll St & 5 Ave,4060,40.6777287,-73.99364123,40.6751622,-73.9814832,member
902928,AED879F5F708FA3B,classic_bike,2022-01-02 16:46:12,2022-01-02 16:54:13,3 St & Hoyt St,4110,3 Ave & 14 St,3850,40.6777287,-73.99364123,40.6685455,-73.99333264,member
974715,190F366DD66CF2BD,electric_bike,2022-01-05 16:12:31,2022-01-05 16:16:22,3 St & Hoyt St,4110,4 Ave & 9 St,3955,40.6777287,-73.99364123,40.6705135,-73.98876585,member
974723,C2602544E090747F,electric_bike,2022-01-17 15:31:17,2022-01-17 16:24:01,3 St & Hoyt St,4110,4 Ave & 9 St,3955,40.6777287,-73.99364123,40.6705135,-73.98876585,member
975564,E43EACD2FD6D4A48,classic_bike,2022-01-27 16:53:35,2022-01-27 17:03:29,3 St & Hoyt St,4110,4 Ave & 9 St,3955,40.6777287,-73.99364123,40.6705135,-73.98876585,member
975571,311EAEB52CDAB3A3,classic_bike,2022-01-15 15:32:58,2022-01-15 15:37:35,3 St & Hoyt St,4110,4 Ave & 9 St,3955,40.6777287,-73.99364123,40.6705135,-73.98876585,member
975579,E516022FEE7CEA5E,classic_bike,2022-01-25 07:54:27,2022-01-25 07:59:22,3 St & Hoyt St,4110,4 Ave & 9 St,3955,40.6777287,-73.99364123,40.6705135,-73.98876585,member
975593,A3BA3BE0267AFDF9,classic_bike,2022-01-26 17:24:04,2022-01-26 17:30:07,3 St & Hoyt St,4110,Warren St & Court St,4413,40.6777287,-73.99364123,40.686371,-73.99383324,member
981908,A7E62290D2B4D68B,classic_bike,2022-01-17 07:39:10,2022-01-17 07:52:43,3 St & Hoyt St,4110,Berkeley Pl & 7 Ave,4051,40.6777287,-73.99364123,40.675146838709786,-73.97523209452629,casual
990921,9CF6D2D333A3A952,electric_bike,2022-01-03 12:10:50,2022-01-03 12:34:05,3 St & Hoyt St,4110,Monroe St & Bedford Ave,4368,40.6777287,-73.99364123,40.6851443,-73.95380904,member
998602,891BFB79F01D88C2,electric_bike,2022-01-02 08:12:34,2022-01-02 08:30:24,3 St & Hoyt St,4110,57 St & 1 Ave - Brooklyn Army Terminal Vaccination Site,3178,40.6777287,-73.99364123,40.646377,-74.023087,member
1012453,B3EEEA8022ABBA3F,classic_bike,2022-01-05 09:02:21,2022-01-05 09:06:11,3 St & Hoyt St,4110,Douglass St & 3 Ave,4217,40.6777287,-73.99364123,40.6802133,-73.98432695,member
1012454,9AD33B28D9DA6D85,classic_bike,2022-01-27 17:22:20,2022-01-27 17:33:44,3 St & Hoyt St,4110,Hanson Pl & Ashland Pl,4395,40.6777287,-73.99364123,40.68506807308177,-73.97790759801863,member
1012495,407A0BB03ED3ABF7,electric_bike,2022-01-05 09:52:49,2022-01-05 09:57:21,3 St & Hoyt St,4110,Douglass St & 3 Ave,4217,40.6777287,-73.99364123,40.6802133,-73.98432695,member
1012497,F0DFC7936DE51FC1,classic_bike,2022-01-07 14:04:08,2022-01-07 14:18:54,3 St & Hoyt St,4110,Bergen St & Vanderbilt Ave,4157,40.6777287,-73.99364123,40.6794388,-73.9680438,member
1012498,00BD58F3D5A37340,electric_bike,2022-01-30 15:54:51,2022-01-30 15:59:38,3 St & Hoyt St,4110,Douglass St & 3 Ave,4217,40.6777287,-73.99364123,40.6802133,-73.98432695,member
1012505,9CE2D2A06665FFF4,classic_bike,2022-01-03 08:55:41,2022-01-03 08:59:38,3 St & Hoyt St,4110,Douglass St & 3 Ave,4217,40.6777287,-73.99364123,40.6802133,-73.98432695,member
1012514,A47E1646F75D6414,electric_bike,2022-01-14 16:05:52,2022-01-14 16:19:06,3 St & Hoyt St,4110,Bergen St & Vanderbilt Ave,4157,40.6777287,-73.99364123,40.6794388,-73.9680438,casual
1012522,991A8DB36B9EC183,electric_bike,2022-01-05 16:59:13,2022-01-05 17:04:54,3 St & Hoyt St,4110,Douglass St & 3 Ave,4217,40.6777287,-73.99364123,40.6802133,-73.98432695,member
1012526,5533B2812D64EE5F,classic_bike,2022-01-18 12:53:52,2022-01-18 12:59:23,3 St & Hoyt St,4110,Douglass St & 3 Ave,4217,40.6777287,-73.99364123,40.6802133,-73.98432695,member
1014584,35CAFF6077194CDF,classic_bike,2022-01-07 16:54:38,2022-01-07 17:02:05,3 St & Hoyt St,4110,Douglass St & 3 Ave,4217,40.6777287,-73.99364123,40.6802133,-73.98432695,member
1018822,1AE11D07C781F1FD,classic_bike,2022-01-19 17:21:05,2022-01-19 17:31:55,3 St & Hoyt St,4110,Hanson Pl & Ashland Pl,4395,40.6777287,-73.99364123,40.68506807308177,-73.97790759801863,member
1018823,AB97E8030ADD0AD3,classic_bike,2022-01-31 15:59:12,2022-01-31 16:09:45,3 St & Hoyt St,4110,Hanson Pl & Ashland Pl,4395,40.6777287,-73.99364123,40.68506807308177,-73.97790759801863,member
1025001,07AEB1386047F676,classic_bike,2022-01-21 16:05:50,2022-01-21 16:13:59,3 St & Hoyt St,4110,3 Ave & Schermerhorn St,4437,40.6777287,-73.99364123,40.68683208,-73.9796772,member
1042593,CC848CA37096B202,electric_bike,2022-01-12 23:09:11,2022-01-12 23:19:00,3 St & Hoyt St,4110,Kane St & Clinton St,4455,40.6777287,-73.99364123,40.6861758,-73.99645295,member
