,ride_id,rideable_type,started_at,ended_at,start_station_name,start_station_id,end_station_name,end_station_id,start_lat,start_lng,end_lat,end_lng,member_casual
4746,B94643C4B50D76B8,classic_bike,2021-07-31 20:01:51,2021-07-31 20:07:51,Stanhope St & Fairview Ave,5146,Hart St & Wyckoff Ave,4971,40.70998,-73.91116,40.704876,-73.919911,member
8909,7C74D5D7A8EA97B9,electric_bike,2021-07-13 17:42:04,2021-07-13 17:51:06,Stanhope St & Fairview Ave,5146,Metropolitan Ave & Vandervoort Ave,5241,40.70998,-73.91116,40.71429,-73.93323,member
8936,B270FF3F2D9D879C,electric_bike,2021-07-21 19:27:34,2021-07-21 19:34:32,Stanhope St & Fairview Ave,5146,Madison St & Seneca Ave,4880,40.70998,-73.91116,40.70183,-73.90625,casual
8938,5B639585E7FF3D71,electric_bike,2021-07-12 16:57:45,2021-07-12 17:02:07,Stanhope St & Fairview Ave,5146,Madison St & Seneca Ave,4880,40.70998,-73.91116,40.70183,-73.90625,casual
8975,ACCE0C3F08397335,electric_bike,2021-07-14 18:37:14,2021-07-14 18:41:48,Stanhope St & Fairview Ave,5146,Madison St & Seneca Ave,4880,40.70998,-73.91116,40.70183,-73.90625,member
8976,33D3605185EE7710,electric_bike,2021-07-28 19:11:49,2021-07-28 19:16:26,Stanhope St & Fairview Ave,5146,Madison St & Seneca Ave,4880,40.70998,-73.91116,40.70183,-73.90625,member
9331,692E6D9623C7F4B2,classic_bike,2021-07-19 19:13:10,2021-07-19 19:21:56,Stanhope St & Fairview Ave,5146,Greene Av & Myrtle Av,4784,40.70998,-73.91116,40.698568,-73.918877,casual
10211,98E908D357865E36,classic_bike,2021-07-23 19:42:28,2021-07-23 19:48:37,Stanhope St & Fairview Ave,5146,Menahan St & Wyckoff Ave,4890,40.70998,-73.91116,40.70113,-73.91422,casual
10429,B551F7613FF24075,classic_bike,2021-07-25 11:20:41,2021-07-25 11:33:14,Stanhope St & Fairview Ave,5146,Putnam Ave & Wyckoff Ave,4735,40.70998,-73.91116,40.69811,-73.90904,casual
12611,15AD0DDE7D104487,electric_bike,2021-07-05 07:22:22,2021-07-05 07:53:20,Stanhope St & Fairview Ave,5146,Pioneer St & Van Brunt St,4169,40.70998,-73.91116,40.679043,-74.011169,casual
13578,83FDDFB3A6422F8F,electric_bike,2021-07-12 23:04:12,2021-07-12 23:19:38,Stanhope St & Fairview Ave,5146,Central Ave & Woodbine St,4632,40.70998,-73.91116,40.69296,-73.91605,casual
18082,7DD1D194CFFF01EE,classic_bike,2021-07-29 08:15:24,2021-07-29 08:20:52,Stanhope St & Fairview Ave,5146,Metropolitan Ave & Stewart Ave,5273,40.70998,-73.91116,40.71401,-73.92793,member
18386,F95CC46EB6664C62,classic_bike,2021-07-24 16:51:40,2021-07-24 17:26:33,Stanhope St & Fairview Ave,5146,Jay St & York St,4895,40.70998,-73.91116,40.70140317257725,-73.98672670125961,member
21019,353C52053F5814BE,electric_bike,2021-07-12 16:44:42,2021-07-12 16:49:29,Stanhope St & Fairview Ave,5146,Cypress Ave & Palmetto St,4921,40.70998,-73.91116,40.70157340873792,-73.90876293182373,casual
23208,F53CC2BAC1C82075,classic_bike,2021-07-30 15:20:18,2021-07-30 16:09:35,Stanhope St & Fairview Ave,5146,Prospect Park SW & Greenwood Ave,3385,40.70998,-73.91116,40.652563,-73.972573,member
23215,CDF18FB460B8ADA2,classic_bike,2021-07-27 17:12:01,2021-07-27 17:32:58,Stanhope St & Fairview Ave,5146,Broadway & Madison St,4483,40.70998,-73.91116,40.68822,-73.91966,casual
23221,F6516621BFE030C7,electric_bike,2021-07-28 19:43:34,2021-07-28 20:08:15,Stanhope St & Fairview Ave,5146,Broadway & Madison St,4483,40.70998,-73.91116,40.68822,-73.91966,member
25329,BB17041C7749561A,electric_bike,2021-07-15 12:48:11,2021-07-15 13:04:32,Stanhope St & Fairview Ave,5146,Albany Ave & Fulton St,4237,40.70998,-73.91116,40.6800105,-73.938475,member
25352,588EB84ECB38FBC6,classic_bike,2021-07-23 19:38:06,2021-07-23 19:47:35,Stanhope St & Fairview Ave,5146,Myrtle Ave & Grove St,4816,40.70998,-73.91116,40.69905,-73.91516,casual
28749,645CAAA98BE9BAC9,electric_bike,2021-07-16 14:52:50,2021-07-16 15:03:54,Stanhope St & Fairview Ave,5146,Central Ave & Woodbine St,4632,40.70998,-73.91116,40.69296,-73.91605,casual
30442,DF5591873E7561A3,electric_bike,2021-07-04 03:17:59,2021-07-04 03:21:26,Stanhope St & Fairview Ave,5146,Suydam St & St. Nicholas Ave,5043,40.70998,-73.91116,40.70636,-73.91945,casual
30574,89FF18BFBA93A463,classic_bike,2021-07-01 12:11:33,2021-07-01 12:27:54,Stanhope St & Fairview Ave,5146,Menahan St & Central Ave,4672,40.70998,-73.91116,40.69543,-73.9196,casual
30808,18914155FADCA342,electric_bike,2021-07-05 16:05:58,2021-07-05 16:15:30,Stanhope St & Fairview Ave,5146,Menahan St & Central Ave,4672,40.70998,-73.91116,40.69543,-73.9196,member
30821,4D64622E4E958CAC,classic_bike,2021-07-28 19:15:06,2021-07-28 19:27:06,Stanhope St & Fairview Ave,5146,Menahan St & Central Ave,4672,40.70998,-73.91116,40.69543,-73.9196,member
30822,9308B9FD5F693E84,classic_bike,2021-07-14 19:22:10,2021-07-14 19:30:28,Stanhope St & Fairview Ave,5146,Menahan St & Central Ave,4672,40.70998,-73.91116,40.69543,-73.9196,member
31810,A0379D8F4A43FD6A,electric_bike,2021-07-06 10:05:50,2021-07-06 10:09:16,Stanhope St & Fairview Ave,5146,Flushing Ave & Woodward Ave,5225,40.70998,-73.91116,40.71246,-73.91873,member
31811,3C9A56310E12FFF3,classic_bike,2021-07-23 05:21:46,2021-07-23 05:24:30,Stanhope St & Fairview Ave,5146,Flushing Ave & Woodward Ave,5225,40.70998,-73.91116,40.71246,-73.91873,member
31831,6587785EF3B868FD,electric_bike,2021-07-27 14:09:05,2021-07-27 14:22:38,Stanhope St & Fairview Ave,5146,Sharon St & Olive St,5323,40.70998,-73.91116,40.715353,-73.93856,member
37218,A295D7E8F89792D7,electric_bike,2021-07-02 20:31:36,2021-07-03 21:31:32,Stanhope St & Fairview Ave,5146,,nan,40.70998,-73.91116,,,casual
37609,B8B1B81EB138974D,electric_bike,2021-07-18 08:56:10,2021-07-18 09:24:10,Stanhope St & Fairview Ave,5146,Hart St & Wyckoff Ave,4971,40.70998,-73.91116,40.704876,-73.919911,member
44280,43428ACCE26F5230,classic_bike,2021-07-28 19:21:26,2021-07-29 01:29:32,Stanhope St & Fairview Ave,5146,Bushwick Ave & Furman Ave,4317,40.70998,-73.91116,40.68281,-73.90623,casual
44288,EF1B4261F6982A74,electric_bike,2021-07-02 13:33:59,2021-07-02 13:48:04,Stanhope St & Fairview Ave,5146,Hope St & Union Ave,5187,40.70998,-73.91116,40.71167351,-73.95141312,casual
47323,C426808436B6D412,classic_bike,2021-07-22 20:33:18,2021-07-22 20:41:35,Stanhope St & Fairview Ave,5146,Suydam St & St. Nicholas Ave,5043,40.70998,-73.91116,40.70636,-73.91945,member
48853,9F9162C4A6BC125C,electric_bike,2021-07-15 15:37:32,2021-07-15 16:04:59,Stanhope St & Fairview Ave,5146,Clark St & Henry St,4789,40.70998,-73.91116,40.69760127,-73.99344559,casual
50184,2BA30E214574AF81,classic_bike,2021-07-31 14:07:27,2021-07-31 15:08:51,Stanhope St & Fairview Ave,5146,Menahan St & Wyckoff Ave,4890,40.70998,-73.91116,40.70113,-73.91422,casual
50187,332856C3E1C62E50,electric_bike,2021-07-20 09:09:00,2021-07-20 09:12:42,Stanhope St & Fairview Ave,5146,Menahan St & Wyckoff Ave,4890,40.70998,-73.91116,40.70113,-73.91422,casual
52077,68A503BC78C0B063,classic_bike,2021-07-14 20:29:47,2021-07-14 20:35:13,Stanhope St & Fairview Ave,5146,Myrtle Ave & Grove St,4816,40.70998,-73.91116,40.69905,-73.91516,member
59810,2160CE5286036262,classic_bike,2021-07-14 11:57:18,2021-07-14 12:02:29,Stanhope St & Fairview Ave,5146,Suydam St & St. Nicholas Ave,5043,40.70998,-73.91116,40.70636,-73.91945,casual
59887,944255DFA2EFA431,classic_bike,2021-07-17 18:05:28,2021-07-17 18:10:43,Stanhope St & Fairview Ave,5146,Suydam St & St. Nicholas Ave,5043,40.70998,-73.91116,40.70636,-73.91945,casual
60704,C663AE96A1393195,classic_bike,2021-07-13 17:41:36,2021-07-13 17:51:08,Stanhope St & Fairview Ave,5146,Metropolitan Ave & Vandervoort Ave,5241,40.70998,-73.91116,40.71429,-73.93323,member
60725,6F1009070A0B2C27,electric_bike,2021-07-22 18:03:13,2021-07-22 18:11:42,Stanhope St & Fairview Ave,5146,Madison St & Seneca Ave,4880,40.70998,-73.91116,40.70183,-73.90625,casual
60773,7DEB0ECE2DA757C6,electric_bike,2021-07-07 19:13:34,2021-07-07 19:18:01,Stanhope St & Fairview Ave,5146,Madison St & Seneca Ave,4880,40.70998,-73.91116,40.70183,-73.90625,member
60774,929B1AD375F0D342,electric_bike,2021-07-05 18:35:33,2021-07-05 18:39:34,Stanhope St & Fairview Ave,5146,Madison St & Seneca Ave,4880,40.70998,-73.91116,40.70183,-73.90625,member
63410,FC14C990ED4AF24B,classic_bike,2021-07-18 16:27:24,2021-07-18 16:39:07,Stanhope St & Fairview Ave,5146,Irving Ave & Halsey St,4695,40.70998,-73.91116,40.69467,-73.90663,member
67564,4B0E86EAA9508D7E,classic_bike,2021-07-17 19:03:04,2021-07-17 19:30:27,Stanhope St & Fairview Ave,5146,Clermont Ave & Lafayette Ave,4461,40.70998,-73.91116,40.68764484,-73.96968902,casual
67567,C640B87ED90CE02D,electric_bike,2021-07-16 15:13:20,2021-07-16 15:41:27,Stanhope St & Fairview Ave,5146,Delancey St & Eldridge St,5414,40.70998,-73.91116,40.719383,-73.991479,casual
70986,7B6E328929F136C6,classic_bike,2021-07-16 05:14:12,2021-07-16 05:46:23,Stanhope St & Fairview Ave,5146,E 2 St & 2 Ave,5593,40.70998,-73.91116,40.72502876,-73.99069656,member
82622,48017929CFD85AE1,electric_bike,2021-07-18 15:36:53,2021-07-18 17:15:26,Stanhope St & Fairview Ave,5146,Greene Ave & Throop Ave,4510,40.70998,-73.91116,40.6894932,-73.942061,casual
103300,E62A3C420CCD2DD7,electric_bike,2021-07-06 07:25:11,2021-07-06 07:55:13,Stanhope St & Fairview Ave,5146,Pioneer St & Van Brunt St,4169,40.70998,-73.91116,40.679043,-74.011169,casual
103307,C800AABB73461630,classic_bike,2021-07-30 15:48:43,2021-07-30 16:12:47,Stanhope St & Fairview Ave,5146,Kosciuszko St & Nostrand Ave,4519,40.70998,-73.91116,40.69072549,-73.95133465,casual
121204,2A474FCC9AC23212,classic_bike,2021-07-23 21:05:18,2021-07-23 21:14:35,Stanhope St & Fairview Ave,5146,Central Ave & Himrod St,4713,40.70998,-73.91116,40.69676,-73.92302,casual
121217,361C618B1F522873,electric_bike,2021-07-29 20:27:16,2021-07-29 20:37:15,Stanhope St & Fairview Ave,5146,Wilson Ave & Troutman St,4864,40.70998,-73.91116,40.70166,-73.92754,casual
121234,3C1D09DE2AAF4099,electric_bike,2021-07-22 18:18:24,2021-07-22 18:32:25,Stanhope St & Fairview Ave,5146,Central Ave & Himrod St,4713,40.70998,-73.91116,40.69676,-73.92302,member
122002,45A8B69607FBE767,electric_bike,2021-07-30 21:42:08,2021-07-30 22:00:34,Stanhope St & Fairview Ave,5146,S 3 St & Bedford Ave,5235,40.70998,-73.91116,40.71260486,-73.96264403,member
129257,545BB89AA5A69ED3,classic_bike,2021-07-01 15:42:14,2021-07-01 15:49:59,Stanhope St & Fairview Ave,5146,Menahan St & Wyckoff Ave,4890,40.70998,-73.91116,40.70113,-73.91422,member
131380,AA755D1C12FF6233,classic_bike,2021-07-13 07:53:03,2021-07-13 07:59:34,Stanhope St & Fairview Ave,5146,Greene Av & Myrtle Av,4784,40.70998,-73.91116,40.698568,-73.918877,member
131391,454F1DB189902815,electric_bike,2021-07-02 17:04:40,2021-07-02 17:13:38,Stanhope St & Fairview Ave,5146,Evergreen Ave & Noll St,4873,40.70998,-73.91116,40.70106,-73.93318,casual
132742,BBC9B3A220A9A346,electric_bike,2021-07-01 17:11:18,2021-07-01 17:20:27,Stanhope St & Fairview Ave,5146,Evergreen Ave & Noll St,4873,40.70998,-73.91116,40.70106,-73.93318,casual
132744,E695D44DA8AD5004,electric_bike,2021-07-27 19:18:55,2021-07-27 19:30:15,Stanhope St & Fairview Ave,5146,Myrtle Ave & Linden St,4816,40.70998,-73.91116,40.69943,-73.91337,casual
132746,C3976EA3CB2D8624,electric_bike,2021-07-01 22:17:41,2021-07-01 22:26:59,Stanhope St & Fairview Ave,5146,Greene Av & Myrtle Av,4784,40.70998,-73.91116,40.698568,-73.918877,casual
132752,0B3195EAF60EDE95,classic_bike,2021-07-28 19:21:03,2021-07-28 19:35:07,Stanhope St & Fairview Ave,5146,Greene Av & Myrtle Av,4784,40.70998,-73.91116,40.698568,-73.918877,casual
132753,D9800E68F11DFF11,electric_bike,2021-07-02 10:10:21,2021-07-02 10:18:12,Stanhope St & Fairview Ave,5146,Greene Av & Myrtle Av,4784,40.70998,-73.91116,40.698568,-73.918877,casual
132787,29E49E638783E35E,classic_bike,2021-07-26 16:32:43,2021-07-26 16:41:30,Stanhope St & Fairview Ave,5146,Greene Av & Myrtle Av,4784,40.70998,-73.91116,40.698568,-73.918877,casual
141432,F5A6C651E18B52F7,classic_bike,2021-07-14 15:24:43,2021-07-14 15:36:31,Stanhope St & Fairview Ave,5146,Bushwick Ave & Dekalb Ave,4680,40.70998,-73.91116,40.69502,-73.92825,member
141437,E67EFF84811E5A20,electric_bike,2021-07-08 20:24:40,2021-07-08 20:35:47,Stanhope St & Fairview Ave,5146,Myrtle Ave & Lewis Ave,4729,40.70998,-73.91116,40.69681963,-73.93756926,member
141832,AAB3A72EDDE17FF7,electric_bike,2021-07-28 19:46:16,2021-07-28 19:58:51,Stanhope St & Fairview Ave,5146,Bushwick Ave & Dekalb Ave,4680,40.70998,-73.91116,40.69502,-73.92825,casual
150989,0D7DE7EDB16F64D6,classic_bike,2021-07-30 22:19:31,2021-07-30 22:27:16,Stanhope St & Fairview Ave,5146,Madison St & Cypress Ave,4807,40.70998,-73.91116,40.70068,-73.90742,casual
151853,90B9987C7F9296C5,electric_bike,2021-07-06 08:34:20,2021-07-06 09:00:17,Stanhope St & Fairview Ave,5146,DeKalb Ave & Hudson Ave,4513,40.70998,-73.91116,40.689888,-73.981013,member
151860,5280C4C3C76DF9AA,classic_bike,2021-07-21 20:01:41,2021-07-21 20:38:14,Stanhope St & Fairview Ave,5146,Fairview Ave & Linden St,5066,40.70998,-73.91116,40.70694,-73.90632,member
151861,95BABD6C87349AD1,electric_bike,2021-07-13 17:13:29,2021-07-13 17:42:52,Stanhope St & Fairview Ave,5146,Fairview Ave & Linden St,5066,40.70998,-73.91116,40.70694,-73.90632,member
151863,4DE4C7F0185F11AB,classic_bike,2021-07-23 15:01:54,2021-07-23 15:04:22,Stanhope St & Fairview Ave,5146,Fairview Ave & Linden St,5066,40.70998,-73.91116,40.70694,-73.90632,member
151865,0C11223A66FD1E27,classic_bike,2021-07-22 15:46:04,2021-07-22 16:04:26,Stanhope St & Fairview Ave,5146,Driggs Ave & N Henry St,5542,40.70998,-73.91116,40.72325,-73.94308,member
151875,07AC4A2641B094FE,classic_bike,2021-07-10 12:12:17,2021-07-10 12:14:57,Stanhope St & Fairview Ave,5146,Fairview Ave & Linden St,5066,40.70998,-73.91116,40.70694,-73.90632,casual
151882,89F74BE343CCAECF,classic_bike,2021-07-11 14:16:44,2021-07-11 14:31:22,Stanhope St & Fairview Ave,5146,Fairview Ave & Linden St,5066,40.70998,-73.91116,40.70694,-73.90632,member
151890,C78118DE3373D1ED,classic_bike,2021-07-13 12:38:57,2021-07-13 12:41:45,Stanhope St & Fairview Ave,5146,Fairview Ave & Linden St,5066,40.70998,-73.91116,40.70694,-73.90632,casual
152343,B80CF686E8BB77FF,classic_bike,2021-07-29 22:45:19,2021-07-29 22:48:16,Stanhope St & Fairview Ave,5146,Fairview Ave & Linden St,5066,40.70998,-73.91116,40.70694,-73.90632,member
152351,E25E5F13B1DEFA19,electric_bike,2021-07-28 19:13:16,2021-07-28 19:38:28,Stanhope St & Fairview Ave,5146,Fairview Ave & Linden St,5066,40.70998,-73.91116,40.70694,-73.90632,member
152352,589CB575636622CF,electric_bike,2021-07-10 12:12:18,2021-07-10 12:14:50,Stanhope St & Fairview Ave,5146,Fairview Ave & Linden St,5066,40.70998,-73.91116,40.70694,-73.90632,casual
162481,68201B05E5FFFCE9,electric_bike,2021-07-19 23:13:18,2021-07-19 23:17:18,Stanhope St & Fairview Ave,5146,Harman St & Seneca Ave,5002,40.70998,-73.91116,40.70577,-73.91292,casual
162482,1CCB1805BD897627,classic_bike,2021-07-24 13:31:18,2021-07-24 13:34:15,Stanhope St & Fairview Ave,5146,Harman St & Seneca Ave,5002,40.70998,-73.91116,40.70577,-73.91292,member
163267,DC8DDE4B0ED68092,electric_bike,2021-07-06 08:27:36,2021-07-06 08:55:05,Stanhope St & Fairview Ave,5146,W Broadway & W Houston St,5644,40.70998,-73.91116,40.726378,-74.000472,member
163272,BC7685462E4DEB78,electric_bike,2021-07-26 14:01:38,2021-07-26 14:21:51,Stanhope St & Fairview Ave,5146,Willoughby Ave & Walworth St,4634,40.70998,-73.91116,40.69331716,-73.95381995,member
163432,BE34917AE4680BDE,electric_bike,2021-07-02 14:46:36,2021-07-02 15:11:03,Stanhope St & Fairview Ave,5146,Kingsland Ave & Nassau Ave,5613,40.70998,-73.91116,40.72577,-73.94173,member
163439,C2C868AF0504AA9F,electric_bike,2021-07-22 08:30:42,2021-07-22 08:42:04,Stanhope St & Fairview Ave,5146,Kingsland Ave & Nassau Ave,5613,40.70998,-73.91116,40.72577,-73.94173,casual
163601,E9845B49594590A7,classic_bike,2021-07-27 12:10:17,2021-07-27 12:27:43,Stanhope St & Fairview Ave,5146,Kingsland Ave & Nassau Ave,5613,40.70998,-73.91116,40.72577,-73.94173,casual
169085,448C5624E1401607,classic_bike,2021-07-22 11:03:01,2021-07-22 11:12:25,Stanhope St & Fairview Ave,5146,Menahan St & Central Ave,4672,40.70998,-73.91116,40.69543,-73.9196,casual
193027,DDDBB6EA2392182E,electric_bike,2021-07-18 23:38:04,2021-07-18 23:46:14,Stanhope St & Fairview Ave,5146,Knickerbocker Ave & George St,4979,40.70998,-73.91116,40.704425,-73.92836,member
193052,46ABE97BEBCED484,classic_bike,2021-07-13 17:35:08,2021-07-13 17:45:15,Stanhope St & Fairview Ave,5146,Knickerbocker Ave & George St,4979,40.70998,-73.91116,40.704425,-73.92836,casual
193077,59056BEB0E13355E,classic_bike,2021-07-16 15:52:29,2021-07-16 16:02:53,Stanhope St & Fairview Ave,5146,Knickerbocker Ave & George St,4979,40.70998,-73.91116,40.704425,-73.92836,casual
193789,54282A817218A1B3,electric_bike,2021-07-04 23:27:48,2021-07-04 23:36:46,Stanhope St & Fairview Ave,5146,Knickerbocker Ave & George St,4979,40.70998,-73.91116,40.704425,-73.92836,casual
193790,7D7B2712C1ECCD81,electric_bike,2021-07-04 23:27:50,2021-07-04 23:36:46,Stanhope St & Fairview Ave,5146,Knickerbocker Ave & George St,4979,40.70998,-73.91116,40.704425,-73.92836,casual
193792,BD2FC7453471ACB2,classic_bike,2021-07-04 20:49:39,2021-07-04 21:04:37,Stanhope St & Fairview Ave,5146,Broadway & Kosciuszko St,4608,40.70998,-73.91116,40.69329,-73.92852,casual
193797,8744B79200473F03,electric_bike,2021-07-12 16:04:23,2021-07-12 16:14:12,Stanhope St & Fairview Ave,5146,Knickerbocker Ave & George St,4979,40.70998,-73.91116,40.704425,-73.92836,casual
194636,5FB7CBC66C2C789F,classic_bike,2021-07-18 12:43:00,2021-07-18 12:54:26,Stanhope St & Fairview Ave,5146,Knickerbocker Ave & George St,4979,40.70998,-73.91116,40.704425,-73.92836,casual
205300,8D868CCA5E49684E,classic_bike,2021-07-18 17:44:17,2021-07-18 17:49:12,Stanhope St & Fairview Ave,5146,Willoughby Ave & Wyckoff Ave,5010,40.70998,-73.91116,40.705614,-73.92153,member
205301,5C93DB0E1D6679B9,classic_bike,2021-07-28 18:44:41,2021-07-28 18:50:15,Stanhope St & Fairview Ave,5146,Willoughby Ave & Wyckoff Ave,5010,40.70998,-73.91116,40.705614,-73.92153,member
205313,F4D4DC93DAECFE18,electric_bike,2021-07-01 17:11:32,2021-07-01 17:16:30,Stanhope St & Fairview Ave,5146,Willoughby Ave & Wyckoff Ave,5010,40.70998,-73.91116,40.705614,-73.92153,member
205324,9107444E03F8CDE9,classic_bike,2021-07-05 13:02:39,2021-07-05 13:14:17,Stanhope St & Fairview Ave,5146,Willoughby Ave & Wyckoff Ave,5010,40.70998,-73.91116,40.705614,-73.92153,member
205334,C5CF2E0F2C4BA4A4,classic_bike,2021-07-20 16:47:15,2021-07-20 16:53:36,Stanhope St & Fairview Ave,5146,Willoughby Ave & Wyckoff Ave,5010,40.70998,-73.91116,40.705614,-73.92153,casual
206159,CED1C48F91C4CE84,classic_bike,2021-07-18 17:44:06,2021-07-18 17:49:17,Stanhope St & Fairview Ave,5146,Willoughby Ave & Wyckoff Ave,5010,40.70998,-73.91116,40.705614,-73.92153,member
206162,0639518D99834AB1,classic_bike,2021-07-22 18:57:58,2021-07-22 19:02:22,Stanhope St & Fairview Ave,5146,Willoughby Ave & Wyckoff Ave,5010,40.70998,-73.91116,40.705614,-73.92153,member
206171,99BD0EC52B77D9A0,classic_bike,2021-07-26 12:56:45,2021-07-26 13:00:40,Stanhope St & Fairview Ave,5146,Willoughby Ave & Wyckoff Ave,5010,40.70998,-73.91116,40.705614,-73.92153,member
206179,671283ECF5DA9CFF,classic_bike,2021-07-19 16:41:03,2021-07-19 16:46:24,Stanhope St & Fairview Ave,5146,Willoughby Ave & Wyckoff Ave,5010,40.70998,-73.91116,40.705614,-73.92153,casual
206184,073082BB447C281E,electric_bike,2021-07-06 08:42:50,2021-07-06 09:03:44,Stanhope St & Fairview Ave,5146,DeKalb Ave & Vanderbilt Ave,4461,40.70998,-73.91116,40.68940747,-73.96885458,casual
207504,0125BB7CBDC7F3A5,classic_bike,2021-07-23 19:42:35,2021-07-23 19:47:54,Stanhope St & Fairview Ave,5146,Willoughby Ave & Wyckoff Ave,5010,40.70998,-73.91116,40.705614,-73.92153,casual
207533,C48503DD0BAAF666,electric_bike,2021-07-22 20:05:08,2021-07-22 20:10:57,Stanhope St & Fairview Ave,5146,Willoughby Ave & Wyckoff Ave,5010,40.70998,-73.91116,40.705614,-73.92153,casual
207551,26BE621B86D443B6,classic_bike,2021-07-28 16:41:57,2021-07-28 16:46:56,Stanhope St & Fairview Ave,5146,Willoughby Ave & Wyckoff Ave,5010,40.70998,-73.91116,40.705614,-73.92153,casual
207679,EFD1F736B9A55C79,classic_bike,2021-07-23 20:33:58,2021-07-23 20:39:54,Stanhope St & Fairview Ave,5146,Willoughby Ave & Wyckoff Ave,5010,40.70998,-73.91116,40.705614,-73.92153,member
217590,E22BB315C1773815,electric_bike,2021-07-31 13:06:40,2021-07-31 14:26:44,Stanhope St & Fairview Ave,5146,Kent Ave & N 7 St,5489,40.70998,-73.91116,40.72036775298455,-73.96165072917938,casual
219477,ABBEF8AD8BE930B9,electric_bike,2021-07-10 11:47:35,2021-07-10 12:02:57,Stanhope St & Fairview Ave,5146,Greene Ave & Nostrand Ave,4519,40.70998,-73.91116,40.6883337,-73.950916,casual
223462,12B812D6F0AA7EC6,classic_bike,2021-07-18 21:55:30,2021-07-18 21:59:58,Stanhope St & Fairview Ave,5146,Harman St & Seneca Ave,5002,40.70998,-73.91116,40.70577,-73.91292,member
223471,6BF891C2474DFA61,electric_bike,2021-07-02 10:43:14,2021-07-02 10:47:49,Stanhope St & Fairview Ave,5146,Harman St & Seneca Ave,5002,40.70998,-73.91116,40.70577,-73.91292,casual
223476,F2E0DE3AFD227460,electric_bike,2021-07-04 12:32:30,2021-07-04 12:49:10,Stanhope St & Fairview Ave,5146,Harman St & Seneca Ave,5002,40.70998,-73.91116,40.70577,-73.91292,casual
223489,401FFB6A363F5C18,classic_bike,2021-07-04 01:03:14,2021-07-04 01:10:49,Stanhope St & Fairview Ave,5146,Irving Ave & Jefferson St,5051,40.70998,-73.91116,40.70538,-73.92535,casual
223504,BC03FFC9F095FC90,classic_bike,2021-07-24 19:38:32,2021-07-24 19:47:48,Stanhope St & Fairview Ave,5146,Harman St & Seneca Ave,5002,40.70998,-73.91116,40.70577,-73.91292,casual
223519,DB5E173BFDC4D9CC,electric_bike,2021-07-24 06:51:40,2021-07-24 06:57:14,Stanhope St & Fairview Ave,5146,Harman St & Seneca Ave,5002,40.70998,-73.91116,40.70577,-73.91292,casual
223526,8DDC3F8945BF1747,electric_bike,2021-07-31 00:34:35,2021-07-31 00:46:30,Stanhope St & Fairview Ave,5146,Bushwick Ave & Stagg St,5140,40.70998,-73.91116,40.709897,-73.94008,casual
223823,4C4AAC74993925D5,electric_bike,2021-07-07 08:20:01,2021-07-07 08:27:26,Wilson Ave & Troutman St,4864,Stanhope St & Fairview Ave,5146,40.70166,-73.92754,40.70998,-73.91116,casual
223831,82F0862EE3488052,electric_bike,2021-07-20 07:40:12,2021-07-20 07:47:44,Wilson Ave & Troutman St,4864,Stanhope St & Fairview Ave,5146,40.70166,-73.92754,40.70998,-73.91116,casual
223964,4A2BCF2B8F03E045,classic_bike,2021-07-04 18:47:42,2021-07-04 19:01:37,Montrose Ave & Bushwick Ave,5068,Stanhope St & Fairview Ave,5146,40.70767788,-73.94016171,40.70998,-73.91116,casual
224043,75168EFCE27689DD,electric_bike,2021-07-31 23:32:30,2021-07-31 23:47:08,Harman St & Seneca Ave,5002,Stanhope St & Fairview Ave,5146,40.70577,-73.91292,40.70998,-73.91116,casual
224167,00D63558B92263AA,classic_bike,2021-07-19 00:00:56,2021-07-19 00:08:46,Irving Ave & DeKalb Ave,4898,Stanhope St & Fairview Ave,5146,40.7027,-73.92095,40.70998,-73.91116,casual
224169,58A96C605AAD0E77,electric_bike,2021-07-14 18:53:53,2021-07-14 19:22:54,St Marks Pl & 4 Ave,4249,Stanhope St & Fairview Ave,5146,40.68177810928762,-73.97988975048065,40.70998,-73.91116,casual
224173,0E8AC36CC40C3F4D,classic_bike,2021-07-29 11:48:10,2021-07-29 11:56:12,Irving Ave & DeKalb Ave,4898,Stanhope St & Fairview Ave,5146,40.7027,-73.92095,40.70998,-73.91116,casual
224429,DF20CBDC6E8C4ADB,electric_bike,2021-07-14 17:48:40,2021-07-14 17:52:58,Willoughby Ave & Wyckoff Ave,5010,Stanhope St & Fairview Ave,5146,40.705614,-73.92153,40.70998,-73.91116,member
224438,3C04021323C8834D,classic_bike,2021-07-13 23:13:07,2021-07-13 23:26:00,Willoughby Ave & Wyckoff Ave,5010,Stanhope St & Fairview Ave,5146,40.705614,-73.92153,40.70998,-73.91116,casual
224443,76DBBDCDF488EF0F,electric_bike,2021-07-04 16:12:16,2021-07-04 16:27:55,Willoughby Ave & Wyckoff Ave,5010,Stanhope St & Fairview Ave,5146,40.705614,-73.92153,40.70998,-73.91116,casual
224478,B47434C2E358FFE1,electric_bike,2021-07-28 21:20:53,2021-07-28 22:00:53,Bushwick Ave & Furman Ave,4317,Stanhope St & Fairview Ave,5146,40.68281,-73.90623,40.70998,-73.91116,casual
224671,5CBB79D1D490FBF9,classic_bike,2021-07-15 19:13:48,2021-07-15 19:21:59,Stanhope St & Fairview Ave,5146,Stanhope St & Fairview Ave,5146,40.70998,-73.91116,40.70998,-73.91116,member
224678,4DCC1A67322F0935,classic_bike,2021-07-12 14:10:09,2021-07-12 14:51:58,Greenwich Ave & 8 Ave,6072,Stanhope St & Fairview Ave,5146,40.7390169121,-74.0026376103,40.70998,-73.91116,member
224756,0BD9710487156A4F,classic_bike,2021-07-31 13:03:47,2021-07-31 13:06:06,Stanhope St & Fairview Ave,5146,Stanhope St & Fairview Ave,5146,40.70998,-73.91116,40.70998,-73.91116,casual
224761,997486219628024F,electric_bike,2021-07-28 17:52:50,2021-07-28 17:53:35,Stanhope St & Fairview Ave,5146,Stanhope St & Fairview Ave,5146,40.70998,-73.91116,40.70998,-73.91116,casual
224817,04FE1303C559BD1B,electric_bike,2021-07-04 19:06:33,2021-07-04 19:39:07,Stanhope St & Fairview Ave,5146,Stanhope St & Fairview Ave,5146,40.70998,-73.91116,40.70998,-73.91116,member
224818,E26BF7E4788F1852,electric_bike,2021-07-04 20:49:02,2021-07-04 21:08:22,Stanhope St & Fairview Ave,5146,Stanhope St & Fairview Ave,5146,40.70998,-73.91116,40.70998,-73.91116,member
224836,270D36C725C877CE,electric_bike,2021-07-10 18:50:40,2021-07-10 19:04:44,Stanhope St & Fairview Ave,5146,Stanhope St & Fairview Ave,5146,40.70998,-73.91116,40.70998,-73.91116,member
224928,8146F3506FFB6F2B,classic_bike,2021-07-13 15:45:09,2021-07-13 15:56:48,Centre St & Seneca Ave,4837,Stanhope St & Fairview Ave,5146,40.69969,-73.9022,40.70998,-73.91116,casual
225073,5D06F770CC70775A,electric_bike,2021-07-18 21:30:48,2021-07-18 21:40:05,Wyckoff Av & Jefferson St,5051,Stanhope St & Fairview Ave,5146,40.707165,-73.923711,40.70998,-73.91116,member
225075,9B37954D98D3073F,electric_bike,2021-07-18 21:30:14,2021-07-18 21:40:08,Wyckoff Av & Jefferson St,5051,Stanhope St & Fairview Ave,5146,40.707165,-73.923711,40.70998,-73.91116,member
225081,B5212FB30C24DE71,electric_bike,2021-07-07 18:20:59,2021-07-07 18:35:39,Union Ave & Jackson St,5300,Stanhope St & Fairview Ave,5146,40.7160751,-73.952029,40.70998,-73.91116,casual
225087,D52B2522E5342AB2,classic_bike,2021-07-19 02:23:54,2021-07-19 02:35:15,Grove St & Broadway,4526,Stanhope St & Fairview Ave,5146,40.69047,-73.923511,40.70998,-73.91116,casual
225212,B8F16E2A3809E6E2,electric_bike,2021-07-19 17:08:41,2021-07-19 17:09:32,Stanhope St & Fairview Ave,5146,Stanhope St & Fairview Ave,5146,40.70998,-73.91116,40.70998,-73.91116,member
225213,1593FB8DC2645CA2,classic_bike,2021-07-19 17:10:15,2021-07-19 17:23:25,Stanhope St & Fairview Ave,5146,Stanhope St & Fairview Ave,5146,40.70998,-73.91116,40.70998,-73.91116,member
225251,628DECA68CAFDCF0,electric_bike,2021-07-11 12:59:29,2021-07-11 13:00:26,Stanhope St & Fairview Ave,5146,Stanhope St & Fairview Ave,5146,40.70998,-73.91116,40.70998,-73.91116,member
225358,4BC2271D32C9B857,electric_bike,2021-07-13 20:35:10,2021-07-13 22:36:52,Stanhope St & Fairview Ave,5146,Stanhope St & Fairview Ave,5146,40.70998,-73.91116,40.70998,-73.91116,casual
225359,7F0E3DAE917FFB15,electric_bike,2021-07-23 01:11:08,2021-07-23 03:32:31,Stanhope St & Fairview Ave,5146,Stanhope St & Fairview Ave,5146,40.70998,-73.91116,40.70998,-73.91116,casual
225375,EABA1C14517D01AE,classic_bike,2021-07-07 08:30:33,2021-07-07 11:12:22,Stanhope St & Fairview Ave,5146,Stanhope St & Fairview Ave,5146,40.70998,-73.91116,40.70998,-73.91116,casual
225437,0BD890FD130E27EA,electric_bike,2021-07-22 19:47:15,2021-07-22 19:47:16,Stanhope St & Fairview Ave,5146,Stanhope St & Fairview Ave,5146,40.70998,-73.91116,40.70998,-73.91116,member
225438,88B38709573F6089,electric_bike,2021-07-16 11:58:20,2021-07-16 12:15:00,Stanhope St & Fairview Ave,5146,Stanhope St & Fairview Ave,5146,40.70998,-73.91116,40.70998,-73.91116,member
225480,900B1062E9FC0EFA,electric_bike,2021-07-05 07:21:17,2021-07-05 07:21:52,Stanhope St & Fairview Ave,5146,Stanhope St & Fairview Ave,5146,40.70998,-73.91116,40.70998,-73.91116,casual
225512,443D67167AA20B46,electric_bike,2021-07-18 20:07:31,2021-07-18 20:44:59,Stanhope St & Fairview Ave,5146,Stanhope St & Fairview Ave,5146,40.70998,-73.91116,40.70998,-73.91116,member
225518,EEBF2B1C2BF50E03,classic_bike,2021-07-17 10:14:02,2021-07-17 10:50:05,Stanhope St & Fairview Ave,5146,Stanhope St & Fairview Ave,5146,40.70998,-73.91116,40.70998,-73.91116,member
225562,C346EA489FC1D186,classic_bike,2021-07-11 08:29:17,2021-07-11 08:56:34,Stanhope St & Fairview Ave,5146,Stanhope St & Fairview Ave,5146,40.70998,-73.91116,40.70998,-73.91116,casual
225582,ACD6DCF89E2D2AE8,classic_bike,2021-07-13 12:21:09,2021-07-13 12:21:28,Stanhope St & Fairview Ave,5146,Stanhope St & Fairview Ave,5146,40.70998,-73.91116,40.70998,-73.91116,casual
225586,0E60DF76E543054E,classic_bike,2021-07-27 12:16:59,2021-07-27 12:30:18,Stanhope St & Fairview Ave,5146,Stanhope St & Fairview Ave,5146,40.70998,-73.91116,40.70998,-73.91116,casual
225587,9D7C2B9AC3942FAB,electric_bike,2021-07-08 16:02:56,2021-07-08 16:46:33,Stanhope St & Fairview Ave,5146,Stanhope St & Fairview Ave,5146,40.70998,-73.91116,40.70998,-73.91116,casual
225588,6D7ACE909C47CC7C,electric_bike,2021-07-08 16:03:04,2021-07-08 16:46:15,Stanhope St & Fairview Ave,5146,Stanhope St & Fairview Ave,5146,40.70998,-73.91116,40.70998,-73.91116,casual
225712,47C1914FF75ECB1D,electric_bike,2021-07-15 07:28:46,2021-07-15 07:38:32,Wilson Ave & Troutman St,4864,Stanhope St & Fairview Ave,5146,40.70166,-73.92754,40.70998,-73.91116,casual
225878,895BE17C1B9214C2,classic_bike,2021-07-04 16:29:56,2021-07-04 16:38:59,Central Ave & Himrod St,4713,Stanhope St & Fairview Ave,5146,40.69676,-73.92302,40.70998,-73.91116,casual
225979,4B633AEEFD21E798,classic_bike,2021-07-14 23:49:47,2021-07-15 00:11:30,Driggs Ave & N 9 St,5411,Stanhope St & Fairview Ave,5146,40.71816969454208,-73.95520135760307,40.70998,-73.91116,casual
226097,A0E1C8A6E3011CFC,electric_bike,2021-07-06 00:37:02,2021-07-06 00:56:41,Meserole Ave & Manhattan Ave,5666,Stanhope St & Fairview Ave,5146,40.72708584,-73.95299117,40.70998,-73.91116,casual
226163,0AB40B57EE66A1DB,electric_bike,2021-07-27 16:53:07,2021-07-27 17:53:02,Leonard St & Maujer St,5148,Stanhope St & Fairview Ave,5146,40.7103685423523,-73.94705951213837,40.70998,-73.91116,member
231173,67C5EC7C613504F8,electric_bike,2021-07-24 11:46:37,2021-07-24 12:12:41,Stanhope St & Fairview Ave,5146,Broadway & Berry St,5164,40.70998,-73.91116,40.71044554,-73.96525063,member
231216,0FA8EFBE0E36C616,electric_bike,2021-07-13 17:51:23,2021-07-13 18:21:59,Stanhope St & Fairview Ave,5146,62 St & Northern Blvd,6536,40.70998,-73.91116,40.754176,-73.900318,casual
239336,9BC9EE21BCCC3C82,electric_bike,2021-07-07 07:59:10,2021-07-07 08:23:27,Stanhope St & Fairview Ave,5146,Mott St & Prince St,5561,40.70998,-73.91116,40.72317958,-73.99480012,member
239743,355DDC13F30E3FA8,electric_bike,2021-07-13 08:30:35,2021-07-13 08:54:36,Stanhope St & Fairview Ave,5146,Mott St & Prince St,5561,40.70998,-73.91116,40.72317958,-73.99480012,member
244479,97307B7AACF6249F,electric_bike,2021-07-26 20:12:05,2021-07-26 22:21:58,Stanhope St & Fairview Ave,5146,Lafayette Ave & Fort Greene Pl,4395,40.70998,-73.91116,40.68691865,-73.976682,member
245689,F8A4FCE17724D5E2,classic_bike,2021-07-29 14:15:09,2021-07-29 14:53:46,Stanhope St & Fairview Ave,5146,Smith St & 3 St,4151,40.70998,-73.91116,40.6787242,-73.99599099,casual
254485,17381EEAA303487A,classic_bike,2021-07-22 15:27:08,2021-07-22 15:47:25,Stanhope St & Fairview Ave,5146,Graham Ave & Grand St,5178,40.70998,-73.91116,40.711863,-73.944024,member
254522,A7979F514048AF26,electric_bike,2021-07-17 08:46:49,2021-07-17 08:59:05,Stanhope St & Fairview Ave,5146,Morgan Ave & Lombardy St,5503,40.70998,-73.91116,40.72226,-73.93889,casual
255067,090700D5579D5141,classic_bike,2021-07-07 14:51:46,2021-07-07 15:10:16,Stanhope St & Fairview Ave,5146,Graham Ave & Grand St,5178,40.70998,-73.91116,40.711863,-73.944024,member
262687,C9B1B45642E25006,electric_bike,2021-07-21 14:12:25,2021-07-21 14:44:14,Stanhope St & Fairview Ave,5146,Court St & Nelson St,4077,40.70998,-73.91116,40.6763947,-73.99869893,casual
283587,FAFE6F5571D9EA62,electric_bike,2021-07-18 15:05:10,2021-07-18 15:47:15,Stanhope St & Fairview Ave,5146,Degraw St & Smith St,4298,40.70998,-73.91116,40.6829151,-73.99318208,casual
291019,9E506BE63037BDE8,electric_bike,2021-07-10 10:34:02,2021-07-10 11:02:03,Stanhope St & Fairview Ave,5146,Bond St & Fulton St,4479,40.70998,-73.91116,40.68962188790333,-73.98304268717766,member
295878,58D796C0F827ACBA,classic_bike,2021-07-13 17:28:47,2021-07-13 17:35:03,Stanhope St & Fairview Ave,5146,Cypress Ave & Palmetto St,4921,40.70998,-73.91116,40.70157340873792,-73.90876293182373,member
295966,DC78063FBDA0EC5E,electric_bike,2021-07-21 17:02:47,2021-07-21 17:08:21,Stanhope St & Fairview Ave,5146,Cypress Ave & Palmetto St,4921,40.70998,-73.91116,40.70157340873792,-73.90876293182373,member
305105,ADC17B48DCFB3A34,electric_bike,2021-07-16 12:56:33,2021-07-16 13:02:53,Stanhope St & Fairview Ave,5146,Stephen St & Seneca Ave,4798,40.70998,-73.91116,40.6988,-73.9007,casual
305117,66BDDFB927942225,classic_bike,2021-07-07 19:56:14,2021-07-07 20:06:02,Stanhope St & Fairview Ave,5146,Stephen St & Seneca Ave,4798,40.70998,-73.91116,40.6988,-73.9007,casual
305121,2E27A4D80783D7F5,electric_bike,2021-07-27 09:03:03,2021-07-27 09:11:05,Stanhope St & Fairview Ave,5146,Stephen St & Seneca Ave,4798,40.70998,-73.91116,40.6988,-73.9007,casual
305122,2A2EA8853FBD908A,classic_bike,2021-07-10 16:44:23,2021-07-10 16:54:29,Stanhope St & Fairview Ave,5146,Stephen St & Seneca Ave,4798,40.70998,-73.91116,40.6988,-73.9007,casual
305129,A0238D90F624A4CD,electric_bike,2021-07-15 11:19:27,2021-07-15 11:26:53,Stanhope St & Fairview Ave,5146,Stephen St & Seneca Ave,4798,40.70998,-73.91116,40.6988,-73.9007,casual
305149,4CE6FB0A6A2488EB,classic_bike,2021-07-22 13:35:20,2021-07-22 13:43:27,Stanhope St & Fairview Ave,5146,Stephen St & Seneca Ave,4798,40.70998,-73.91116,40.6988,-73.9007,casual
305151,B3C7F0AE03DF67BD,classic_bike,2021-07-04 15:49:10,2021-07-04 15:58:55,Stanhope St & Fairview Ave,5146,Stephen St & Seneca Ave,4798,40.70998,-73.91116,40.6988,-73.9007,casual
305152,CDBBAEEED151CEE2,classic_bike,2021-07-20 14:42:35,2021-07-20 14:49:39,Stanhope St & Fairview Ave,5146,Stephen St & Seneca Ave,4798,40.70998,-73.91116,40.6988,-73.9007,casual
305162,526A3F8753427B36,electric_bike,2021-07-12 12:50:04,2021-07-12 12:58:16,Stanhope St & Fairview Ave,5146,Stephen St & Seneca Ave,4798,40.70998,-73.91116,40.6988,-73.9007,casual
305163,F2990160F3C6DCCD,electric_bike,2021-07-26 13:16:05,2021-07-26 13:22:53,Stanhope St & Fairview Ave,5146,Stephen St & Seneca Ave,4798,40.70998,-73.91116,40.6988,-73.9007,casual
305186,4C5CF02AE5260564,classic_bike,2021-07-15 09:50:21,2021-07-15 10:03:26,Stanhope St & Fairview Ave,5146,Putnam Ave & Knickerbocker Ave,4663,40.70998,-73.91116,40.69545,-73.91164,member
305195,D2BAC6FCCF1A9E7D,classic_bike,2021-07-05 14:33:07,2021-07-05 14:41:39,Stanhope St & Fairview Ave,5146,Stephen St & Seneca Ave,4798,40.70998,-73.91116,40.6988,-73.9007,casual
305203,850B7636483B6D2D,classic_bike,2021-07-19 18:40:34,2021-07-19 18:49:18,Stanhope St & Fairview Ave,5146,Stephen St & Seneca Ave,4798,40.70998,-73.91116,40.6988,-73.9007,casual
310091,35CDAB9D51ECC88A,classic_bike,2021-07-07 20:38:04,2021-07-07 21:07:37,Stanhope St & Fairview Ave,5146,Fairview Ave & Linden St,5066,40.70998,-73.91116,40.70694,-73.90632,member
310092,87B0DC5D0C5D24F8,classic_bike,2021-07-14 21:26:20,2021-07-14 21:46:25,Stanhope St & Fairview Ave,5146,Fairview Ave & Linden St,5066,40.70998,-73.91116,40.70694,-73.90632,member
317976,20CCA807DCB474BA,electric_bike,2021-07-10 17:36:25,2021-07-10 17:51:15,Stanhope St & Fairview Ave,5146,Beaver St & Fayette St,4840,40.70998,-73.91116,40.70099,-73.93921,casual
342305,4847633AEFD2070E,classic_bike,2021-07-10 14:55:07,2021-07-10 15:20:28,Stanhope St & Fairview Ave,5146,Irving Ave & Jefferson St,5051,40.70998,-73.91116,40.70538,-73.92535,casual
354055,2C381D970597B2D4,classic_bike,2021-07-24 16:50:52,2021-07-24 16:57:47,Stanhope St & Fairview Ave,5146,Putnam Ave & Wyckoff Ave,4735,40.70998,-73.91116,40.69811,-73.90904,casual
354061,0645946EDD74EAD3,electric_bike,2021-07-04 19:51:10,2021-07-04 20:01:49,Stanhope St & Fairview Ave,5146,Putnam Ave & Wyckoff Ave,4735,40.70998,-73.91116,40.69811,-73.90904,member
355154,79B7A8DDC86D1BC5,classic_bike,2021-07-20 09:52:24,2021-07-20 10:00:16,Stanhope St & Fairview Ave,5146,Putnam Ave & Wyckoff Ave,4735,40.70998,-73.91116,40.69811,-73.90904,casual
356594,DFC8E21ED7235047,electric_bike,2021-07-04 19:51:18,2021-07-04 20:01:55,Stanhope St & Fairview Ave,5146,Putnam Ave & Wyckoff Ave,4735,40.70998,-73.91116,40.69811,-73.90904,casual
364884,F61978B1B93E8E46,classic_bike,2021-07-30 19:23:37,2021-07-30 19:43:10,Stanhope St & Fairview Ave,5146,Greene Ave & Nostrand Ave,4519,40.70998,-73.91116,40.6883337,-73.950916,casual
366899,ACAF28CA34AD17B7,docked_bike,2021-07-05 09:19:38,2021-07-05 09:39:49,Stanhope St & Fairview Ave,5146,Meserole Ave & Manhattan Ave,5666,40.70998,-73.91116,40.727086,-73.952991,casual
366912,0AEA4FEDA4F62C96,electric_bike,2021-07-01 09:04:08,2021-07-01 09:27:14,Stanhope St & Fairview Ave,5146,31 St & 23 Ave,7144,40.70998,-73.91116,40.7747878,-73.9125551,member
379579,86DB3DF7A3F81B33,electric_bike,2021-07-18 20:25:06,2021-07-18 20:44:14,Stanhope St & Fairview Ave,5146,Wythe Ave & Metropolitan Ave,5348,40.70998,-73.91116,40.716887,-73.963198,casual
379581,7DB9ABBBD57D46B2,electric_bike,2021-07-18 20:24:52,2021-07-18 20:44:43,Stanhope St & Fairview Ave,5146,Wythe Ave & Metropolitan Ave,5348,40.70998,-73.91116,40.716887,-73.963198,casual
379597,A37533EA4C9D98D7,electric_bike,2021-07-10 00:18:30,2021-07-10 00:31:54,Stanhope St & Fairview Ave,5146,Kingsland Ave & Nassau Ave,5613,40.70998,-73.91116,40.72577,-73.94173,casual
394423,48B67BD1FAED29A1,electric_bike,2021-07-01 11:35:34,2021-07-01 12:07:00,Stanhope St & Fairview Ave,5146,Queens Plaza North & Crescent St,6429,40.70998,-73.91116,40.75110165,-73.94073717,casual
394439,879A33EA270B0EF6,electric_bike,2021-07-15 12:22:07,2021-07-15 12:43:40,Stanhope St & Fairview Ave,5146,9 St & 44 Rd,6361,40.70998,-73.91116,40.74966,-73.9521,casual
394894,D2E7E050DBE3402D,classic_bike,2021-07-14 17:41:08,2021-07-14 18:01:15,Metropolitan Ave & Meeker Ave,5300,Stanhope St & Fairview Ave,5146,40.71413311,-73.95234386,40.70998,-73.91116,member
395088,F5C4E2006F661B83,classic_bike,2021-07-10 20:22:02,2021-07-10 20:42:25,Broadway & Whipple St,4883,Stanhope St & Fairview Ave,5146,40.7016657,-73.9437303,40.70998,-73.91116,casual
395155,C94B49105412EBDC,classic_bike,2021-07-28 16:40:53,2021-07-28 16:41:21,Stanhope St & Fairview Ave,5146,Stanhope St & Fairview Ave,5146,40.70998,-73.91116,40.70998,-73.91116,casual
395221,C1F001D17A9E2D7E,classic_bike,2021-07-29 09:44:08,2021-07-29 09:45:07,Stanhope St & Fairview Ave,5146,Stanhope St & Fairview Ave,5146,40.70998,-73.91116,40.70998,-73.91116,member
395308,76F96B567CAF7837,electric_bike,2021-07-30 21:02:21,2021-07-30 21:10:06,Wyckoff Av & Jefferson St,5051,Stanhope St & Fairview Ave,5146,40.707165,-73.923711,40.70998,-73.91116,member
395309,B48494259C9A8400,electric_bike,2021-07-29 16:45:04,2021-07-29 16:47:43,Onderdonk Ave & Dekalb Ave,5115,Stanhope St & Fairview Ave,5146,40.70863,-73.91497,40.70998,-73.91116,member
395311,C898ECD8642A6D39,classic_bike,2021-07-24 03:48:41,2021-07-24 04:13:38,Pacific St & Classon Ave,4148,Stanhope St & Fairview Ave,5146,40.6791944,-73.9587903,40.70998,-73.91116,casual
395312,63701BB18E65A24F,electric_bike,2021-07-18 22:40:54,2021-07-18 22:54:01,Grove St & Broadway,4526,Stanhope St & Fairview Ave,5146,40.69047,-73.923511,40.70998,-73.91116,casual
395313,A41CFF87753F644E,electric_bike,2021-07-18 02:30:20,2021-07-18 02:32:11,Onderdonk Ave & Dekalb Ave,5115,Stanhope St & Fairview Ave,5146,40.70863,-73.91497,40.70998,-73.91116,casual
395314,BAB7BEB3C043625A,classic_bike,2021-07-09 18:43:44,2021-07-09 18:46:27,Onderdonk Ave & Dekalb Ave,5115,Stanhope St & Fairview Ave,5146,40.70863,-73.91497,40.70998,-73.91116,member
395320,E457211EBD0B99A6,electric_bike,2021-07-20 19:21:41,2021-07-20 19:26:35,Wyckoff Av & Jefferson St,5051,Stanhope St & Fairview Ave,5146,40.707165,-73.923711,40.70998,-73.91116,member
395321,45916CED1D9F5D89,electric_bike,2021-07-13 20:10:06,2021-07-13 20:15:22,Wyckoff Av & Jefferson St,5051,Stanhope St & Fairview Ave,5146,40.707165,-73.923711,40.70998,-73.91116,member
395322,BFE2BA12E7AAA2EC,electric_bike,2021-07-05 20:59:32,2021-07-05 21:04:19,Wyckoff Av & Jefferson St,5051,Stanhope St & Fairview Ave,5146,40.707165,-73.923711,40.70998,-73.91116,member
395323,37049AAE944D15DC,electric_bike,2021-07-21 17:26:05,2021-07-21 17:31:32,Wyckoff Av & Jefferson St,5051,Stanhope St & Fairview Ave,5146,40.707165,-73.923711,40.70998,-73.91116,member
395509,B1C37C179FA3FCD9,electric_bike,2021-07-17 01:57:01,2021-07-17 02:06:07,Bushwick Ave & Dekalb Ave,4680,Stanhope St & Fairview Ave,5146,40.69502,-73.92825,40.70998,-73.91116,casual
395581,C1EA7749624B7D3B,classic_bike,2021-07-25 03:17:51,2021-07-25 03:24:12,Willoughby Ave & Wyckoff Ave,5010,Stanhope St & Fairview Ave,5146,40.705614,-73.92153,40.70998,-73.91116,casual
395584,CD55A616A777C1FA,classic_bike,2021-07-24 04:01:42,2021-07-24 04:09:01,Willoughby Ave & Wyckoff Ave,5010,Stanhope St & Fairview Ave,5146,40.705614,-73.92153,40.70998,-73.91116,casual
395621,8947C1154D09F3F0,classic_bike,2021-07-31 22:11:25,2021-07-31 22:24:09,Willoughby Ave & Wyckoff Ave,5010,Stanhope St & Fairview Ave,5146,40.705614,-73.92153,40.70998,-73.91116,member
395623,589D6B546EECE3C9,classic_bike,2021-07-31 22:10:33,2021-07-31 22:24:17,Willoughby Ave & Wyckoff Ave,5010,Stanhope St & Fairview Ave,5146,40.705614,-73.92153,40.70998,-73.91116,casual
395664,83BFE0B68BBDD02C,electric_bike,2021-07-18 15:03:37,2021-07-18 15:08:53,Willoughby Ave & Wyckoff Ave,5010,Stanhope St & Fairview Ave,5146,40.705614,-73.92153,40.70998,-73.91116,casual
395669,3052F19DA42DD0EE,electric_bike,2021-07-10 09:38:29,2021-07-10 09:42:24,Willoughby Ave & Wyckoff Ave,5010,Stanhope St & Fairview Ave,5146,40.705614,-73.92153,40.70998,-73.91116,casual
395704,5677479D80E5A688,electric_bike,2021-07-03 16:04:44,2021-07-03 16:07:57,Onderdonk Ave & Dekalb Ave,5115,Stanhope St & Fairview Ave,5146,40.70863,-73.91497,40.70998,-73.91116,member
395706,18281BB1E684D64A,electric_bike,2021-07-28 20:09:39,2021-07-28 20:14:06,Onderdonk Ave & Dekalb Ave,5115,Stanhope St & Fairview Ave,5146,40.70863,-73.91497,40.70998,-73.91116,member
395876,25C829E01FF048E7,electric_bike,2021-07-06 18:30:27,2021-07-06 18:33:54,Menahan St & Seneca Ave,4963,Stanhope St & Fairview Ave,5146,40.70461,-73.91054,40.70998,-73.91116,member
395955,23738177A89FD072,classic_bike,2021-07-28 23:07:08,2021-07-28 23:13:50,Willoughby Ave & Wyckoff Ave,5010,Stanhope St & Fairview Ave,5146,40.705614,-73.92153,40.70998,-73.91116,casual
395956,D4B461B1B63E30A2,classic_bike,2021-07-31 22:11:40,2021-07-31 22:24:02,Willoughby Ave & Wyckoff Ave,5010,Stanhope St & Fairview Ave,5146,40.705614,-73.92153,40.70998,-73.91116,member
396001,340B210DCC49AC35,electric_bike,2021-07-10 16:59:48,2021-07-10 17:05:53,Centre St & Seneca Ave,4837,Stanhope St & Fairview Ave,5146,40.69969,-73.9022,40.70998,-73.91116,casual
396076,728F67D6EA8CC187,classic_bike,2021-07-19 16:24:58,2021-07-19 16:38:10,Willoughby Ave & Myrtle Ave,4759,Stanhope St & Fairview Ave,5146,40.69757,-73.93098,40.70998,-73.91116,casual
396083,F0212ADED05D0187,electric_bike,2021-07-02 14:25:27,2021-07-02 14:35:00,Willoughby Ave & Myrtle Ave,4759,Stanhope St & Fairview Ave,5146,40.69757,-73.93098,40.70998,-73.91116,casual
396086,587191C8540340B4,classic_bike,2021-07-20 19:13:07,2021-07-20 19:23:40,Willoughby Ave & Myrtle Ave,4759,Stanhope St & Fairview Ave,5146,40.69757,-73.93098,40.70998,-73.91116,member
396152,C88C4FF667845366,classic_bike,2021-07-11 22:26:06,2021-07-11 22:46:22,S 5 Pl & S 5 St,5125,Stanhope St & Fairview Ave,5146,40.710451,-73.960876,40.70998,-73.91116,member
396153,46E7D20E2732B2DB,classic_bike,2021-07-12 19:06:46,2021-07-12 19:27:15,S 5 Pl & S 5 St,5125,Stanhope St & Fairview Ave,5146,40.710451,-73.960876,40.70998,-73.91116,member
396334,F0D1BAA02B0752C9,electric_bike,2021-07-03 17:18:59,2021-07-03 17:55:05,Suydam St & Knickerbocker Ave,4939,Stanhope St & Fairview Ave,5146,40.702013,-73.923769,40.70998,-73.91116,member
396487,FBDE1001811FF11E,electric_bike,2021-07-13 14:20:13,2021-07-13 14:46:32,Washington Ave & Greene Ave,4419,Stanhope St & Fairview Ave,5146,40.68650065,-73.96563307,40.70998,-73.91116,member
396707,C37F741DD2C925E8,classic_bike,2021-07-19 11:14:00,2021-07-19 11:28:53,Stanhope St & Fairview Ave,5146,Stanhope St & Fairview Ave,5146,40.70998,-73.91116,40.70998,-73.91116,member
396708,59B7B9953EB65480,classic_bike,2021-07-19 15:49:23,2021-07-19 16:07:32,Stanhope St & Fairview Ave,5146,Stanhope St & Fairview Ave,5146,40.70998,-73.91116,40.70998,-73.91116,member
396808,16BB9C760D04C111,electric_bike,2021-07-31 10:46:11,2021-07-31 11:05:35,Stanhope St & Fairview Ave,5146,Stanhope St & Fairview Ave,5146,40.70998,-73.91116,40.70998,-73.91116,member
396809,64E9037335017DA3,electric_bike,2021-07-24 10:12:48,2021-07-24 10:27:11,Stanhope St & Fairview Ave,5146,Stanhope St & Fairview Ave,5146,40.70998,-73.91116,40.70998,-73.91116,member
396938,2AF2C3E9C3E8A366,classic_bike,2021-07-22 14:36:00,2021-07-22 14:38:40,Fairview Ave & Linden St,5066,Stanhope St & Fairview Ave,5146,40.70694,-73.90632,40.70998,-73.91116,member
397051,5FD5A300CC464141,classic_bike,2021-07-18 18:46:50,2021-07-18 18:59:50,Leonard St & Maujer St,5148,Stanhope St & Fairview Ave,5146,40.7103685423523,-73.94705951213837,40.70998,-73.91116,casual
397052,60312189D6AF1D7C,electric_bike,2021-07-26 09:22:27,2021-07-26 09:25:53,Fairview Ave & Linden St,5066,Stanhope St & Fairview Ave,5146,40.70694,-73.90632,40.70998,-73.91116,casual
397054,87DD2DAE8C15EB96,classic_bike,2021-07-16 15:07:32,2021-07-16 15:12:36,Fairview Ave & Linden St,5066,Stanhope St & Fairview Ave,5146,40.70694,-73.90632,40.70998,-73.91116,casual
397055,4A46AA4ED1CCF594,classic_bike,2021-07-14 18:45:14,2021-07-14 19:28:01,Leonard St & Maujer St,5148,Stanhope St & Fairview Ave,5146,40.7103685423523,-73.94705951213837,40.70998,-73.91116,member
397075,799FBA6C229F25CC,classic_bike,2021-07-24 06:34:37,2021-07-24 06:54:08,Stanhope St & Fairview Ave,5146,Stanhope St & Fairview Ave,5146,40.70998,-73.91116,40.70998,-73.91116,member
397141,A650C6BA9DC10AA0,electric_bike,2021-07-08 17:18:13,2021-07-08 17:32:28,Stanhope St & Fairview Ave,5146,Stanhope St & Fairview Ave,5146,40.70998,-73.91116,40.70998,-73.91116,casual
397172,07A71F7D577B2C84,electric_bike,2021-07-02 10:07:59,2021-07-02 10:09:13,Stanhope St & Fairview Ave,5146,Stanhope St & Fairview Ave,5146,40.70998,-73.91116,40.70998,-73.91116,casual
397306,EA335D0BBF62471F,electric_bike,2021-07-18 19:45:43,2021-07-18 19:45:48,Stanhope St & Fairview Ave,5146,Stanhope St & Fairview Ave,5146,40.70998,-73.91116,40.70998,-73.91116,casual
397320,A86736B8F740013F,electric_bike,2021-07-04 20:47:32,2021-07-04 20:50:20,Stanhope St & Fairview Ave,5146,Stanhope St & Fairview Ave,5146,40.70998,-73.91116,40.70998,-73.91116,casual
397339,8DDEFB12D9BD19E7,electric_bike,2021-07-23 01:14:03,2021-07-23 03:32:21,Stanhope St & Fairview Ave,5146,Stanhope St & Fairview Ave,5146,40.70998,-73.91116,40.70998,-73.91116,casual
397351,902CA6B5B05EBCC8,classic_bike,2021-07-12 17:42:57,2021-07-12 17:47:56,Stanhope St & Fairview Ave,5146,Stanhope St & Fairview Ave,5146,40.70998,-73.91116,40.70998,-73.91116,casual
397413,52F0B11B142184B8,classic_bike,2021-07-13 16:27:44,2021-07-13 16:44:55,Grove St & Broadway,4526,Stanhope St & Fairview Ave,5146,40.69047,-73.923511,40.70998,-73.91116,member
397429,4BD6BAB49385D30C,classic_bike,2021-07-26 13:46:03,2021-07-26 13:56:27,Wyckoff Av & Jefferson St,5051,Stanhope St & Fairview Ave,5146,40.707165,-73.923711,40.70998,-73.91116,casual
397504,8602E5D388F2AE3D,electric_bike,2021-07-16 14:02:25,2021-07-16 14:29:15,Stanhope St & Fairview Ave,5146,Avenue D & E 10 St,5575,40.70998,-73.91116,40.72506551015475,-73.97515833377838,casual
397514,06D54E05F2A33930,electric_bike,2021-07-15 06:18:25,2021-07-15 06:18:52,Stanhope St & Fairview Ave,5146,Stanhope St & Fairview Ave,5146,40.70998,-73.91116,40.70998,-73.91116,casual
397873,E71D888B25A4909B,classic_bike,2021-07-22 12:17:19,2021-07-22 12:24:11,Centre St & Seneca Ave,4837,Stanhope St & Fairview Ave,5146,40.69969,-73.9022,40.70998,-73.91116,casual
397990,BDA886B7762CBFD8,classic_bike,2021-07-30 18:27:05,2021-07-30 19:03:43,Plaza St East & Flatbush Ave,4010,Stanhope St & Fairview Ave,5146,40.673134,-73.969106,40.70998,-73.91116,member
398066,6241E6487C6DC62E,classic_bike,2021-07-24 09:12:31,2021-07-24 09:18:25,Cypress Ave & Palmetto St,4921,Stanhope St & Fairview Ave,5146,40.70157340873792,-73.90876293182373,40.70998,-73.91116,member
398157,7AFB12167BEF9487,electric_bike,2021-07-01 19:10:36,2021-07-01 19:33:39,Delancey St & Eldridge St,5414,Stanhope St & Fairview Ave,5146,40.719383,-73.991479,40.70998,-73.91116,member
398182,2B8A22BB323DEFF1,electric_bike,2021-07-04 23:07:39,2021-07-04 23:11:52,Willoughby Ave & Wyckoff Ave,5010,Stanhope St & Fairview Ave,5146,40.705614,-73.92153,40.70998,-73.91116,member
398230,CC99DF1FC86C0F48,electric_bike,2021-07-18 13:13:45,2021-07-18 13:17:37,Willoughby Ave & Wyckoff Ave,5010,Stanhope St & Fairview Ave,5146,40.705614,-73.92153,40.70998,-73.91116,casual
398274,3D84AB94CF3861ED,classic_bike,2021-07-17 04:16:25,2021-07-17 04:25:11,Willoughby Ave & Wyckoff Ave,5010,Stanhope St & Fairview Ave,5146,40.705614,-73.92153,40.70998,-73.91116,casual
398583,5E26595DA0B4D7F6,classic_bike,2021-07-09 20:42:20,2021-07-09 21:18:57,Morgan Ave & Maspeth Ave,5354,Stanhope St & Fairview Ave,5146,40.716657,-73.93637,40.70998,-73.91116,casual
398640,4E6D3D5B09BDD0EB,electric_bike,2021-07-24 03:47:12,2021-07-24 04:02:27,Halsey St & Evergreen Ave,4474,Stanhope St & Fairview Ave,5146,40.68858,-73.91227,40.70998,-73.91116,casual
398678,1169C957B0820AD8,classic_bike,2021-07-06 17:27:21,2021-07-06 17:45:36,S 5 Pl & S 5 St,5125,Stanhope St & Fairview Ave,5146,40.710451,-73.960876,40.70998,-73.91116,member
398690,0CB0E1ADBF4DF6E1,classic_bike,2021-07-08 17:52:52,2021-07-08 18:14:04,S 5 Pl & S 5 St,5125,Stanhope St & Fairview Ave,5146,40.710451,-73.960876,40.70998,-73.91116,member
398795,197E3335691EFDD2,classic_bike,2021-07-18 16:23:20,2021-07-18 16:24:29,Stanhope St & Fairview Ave,5146,Stanhope St & Fairview Ave,5146,40.70998,-73.91116,40.70998,-73.91116,member
398798,4E82A3BA129DD1CD,electric_bike,2021-07-12 14:39:21,2021-07-12 14:40:22,Stanhope St & Fairview Ave,5146,Stanhope St & Fairview Ave,5146,40.70998,-73.91116,40.70998,-73.91116,member
398972,CB5DD07F6F4BDAF5,classic_bike,2021-07-23 09:49:34,2021-07-23 09:57:34,Irving Ave & DeKalb Ave,4898,Stanhope St & Fairview Ave,5146,40.7027,-73.92095,40.70998,-73.91116,casual
398981,F360E76964B3EC76,classic_bike,2021-07-03 16:59:08,2021-07-03 18:00:30,25 Ave & 41 St,6943,Stanhope St & Fairview Ave,5146,40.767666,-73.910963,40.70998,-73.91116,member
399000,DE1ACD087A6C00A9,classic_bike,2021-07-27 23:13:06,2021-07-27 23:28:57,Broadway & Kosciuszko St,4608,Stanhope St & Fairview Ave,5146,40.69329,-73.92852,40.70998,-73.91116,member
399095,9B1684A08FC5F4BA,classic_bike,2021-07-26 22:53:09,2021-07-26 23:10:15,S 5 Pl & S 5 St,5125,Stanhope St & Fairview Ave,5146,40.710451,-73.960876,40.70998,-73.91116,member
399150,D5724CE1A0C1EA12,classic_bike,2021-07-15 00:22:38,2021-07-15 01:10:09,48 Ave & 5 St,6212,Stanhope St & Fairview Ave,5146,40.74436328706688,-73.9558732509613,40.70998,-73.91116,casual
399166,F9D951D04F530502,classic_bike,2021-07-18 16:00:21,2021-07-18 16:28:41,India St & Manhattan Ave,5826,Stanhope St & Fairview Ave,5146,40.73232194,-73.9550858,40.70998,-73.91116,member
399174,B8C8C825A6B41D59,electric_bike,2021-07-29 12:03:39,2021-07-29 12:11:24,Cypress Ave & George St,4765,Stanhope St & Fairview Ave,5146,40.69812,-73.90271,40.70998,-73.91116,casual
399222,4F73C70D7CAC6E14,electric_bike,2021-07-22 13:27:16,2021-07-22 13:53:08,31 St & Thomson Ave,6227,Stanhope St & Fairview Ave,5146,40.74469738,-73.93540375,40.70998,-73.91116,member
399228,CF1A63C1BBFDB410,electric_bike,2021-07-09 22:10:52,2021-07-09 22:19:23,Graham Ave & Grand St,5178,Stanhope St & Fairview Ave,5146,40.711863,-73.944024,40.70998,-73.91116,member
399229,DEA41C86E04BBA14,electric_bike,2021-07-14 12:11:50,2021-07-14 12:34:19,31 St & Thomson Ave,6227,Stanhope St & Fairview Ave,5146,40.74469738,-73.93540375,40.70998,-73.91116,member
399230,D7FE66572E81B2F7,electric_bike,2021-07-15 11:59:06,2021-07-15 12:25:21,31 St & Thomson Ave,6227,Stanhope St & Fairview Ave,5146,40.74469738,-73.93540375,40.70998,-73.91116,member
399253,B81BF881B9985D45,electric_bike,2021-07-19 12:09:01,2021-07-19 12:40:32,31 St & Thomson Ave,6227,Stanhope St & Fairview Ave,5146,40.74469738,-73.93540375,40.70998,-73.91116,member
399280,692D698D06866813,electric_bike,2021-07-24 09:21:59,2021-07-24 09:29:51,Irving Ave & Jefferson St,5051,Stanhope St & Fairview Ave,5146,40.70538,-73.92535,40.70998,-73.91116,casual
399282,DFB44ABF6A5D32A4,classic_bike,2021-07-04 20:54:06,2021-07-04 21:17:24,Graham Ave & Conselyea St,5291,Stanhope St & Fairview Ave,5146,40.715143,-73.944507,40.70998,-73.91116,casual
399348,303FF60695595021,electric_bike,2021-07-13 12:16:36,2021-07-13 12:46:34,31 St & Thomson Ave,6227,Stanhope St & Fairview Ave,5146,40.74469738,-73.93540375,40.70998,-73.91116,member
399349,589A03B319F1A4F9,electric_bike,2021-07-12 13:17:30,2021-07-12 13:50:17,31 St & Thomson Ave,6227,Stanhope St & Fairview Ave,5146,40.74469738,-73.93540375,40.70998,-73.91116,member
399509,5E014FB225E4DF6C,electric_bike,2021-07-19 15:25:00,2021-07-19 16:07:20,Leonard St & Maujer St,5148,Stanhope St & Fairview Ave,5146,40.7103685423523,-73.94705951213837,40.70998,-73.91116,casual
399510,32605636B9726470,electric_bike,2021-07-27 13:37:51,2021-07-27 13:40:36,Fairview Ave & Linden St,5066,Stanhope St & Fairview Ave,5146,40.70694,-73.90632,40.70998,-73.91116,casual
399512,25C3A64460DD8A67,electric_bike,2021-07-31 06:21:29,2021-07-31 06:24:11,Fairview Ave & Linden St,5066,Stanhope St & Fairview Ave,5146,40.70694,-73.90632,40.70998,-73.91116,casual
399516,B1129485B057EC34,classic_bike,2021-07-30 15:01:50,2021-07-30 15:04:49,Fairview Ave & Linden St,5066,Stanhope St & Fairview Ave,5146,40.70694,-73.90632,40.70998,-73.91116,member
399520,831F69B42465EB47,classic_bike,2021-07-13 13:03:12,2021-07-13 13:06:07,Fairview Ave & Linden St,5066,Stanhope St & Fairview Ave,5146,40.70694,-73.90632,40.70998,-73.91116,casual
399612,7C9A7E81BA78195E,classic_bike,2021-07-24 16:39:41,2021-07-24 16:52:44,Bushwick Ave & Dekalb Ave,4680,Stanhope St & Fairview Ave,5146,40.69502,-73.92825,40.70998,-73.91116,casual
399696,84BDC84D2E69C27E,classic_bike,2021-07-26 18:12:58,2021-07-26 19:15:52,Albany St & Greenwich St,5145,Stanhope St & Fairview Ave,5146,40.709267,-74.013247,40.70998,-73.91116,casual
399705,DBF4B11B33B699EE,electric_bike,2021-07-06 07:47:39,2021-07-06 07:57:23,Cedar St & Evergreen Ave,4721,Stanhope St & Fairview Ave,5146,40.69671,-73.92807,40.70998,-73.91116,casual
399936,E1C0EE7C36F12ADF,classic_bike,2021-07-25 19:29:35,2021-07-25 19:36:52,Madison St & Seneca Ave,4880,Stanhope St & Fairview Ave,5146,40.70183,-73.90625,40.70998,-73.91116,casual
399946,2322DDA24F8F3906,electric_bike,2021-07-05 08:07:02,2021-07-05 08:11:02,Madison St & Seneca Ave,4880,Stanhope St & Fairview Ave,5146,40.70183,-73.90625,40.70998,-73.91116,member
399948,5AC7675D7BF0A367,electric_bike,2021-07-31 09:08:10,2021-07-31 09:12:53,Madison St & Seneca Ave,4880,Stanhope St & Fairview Ave,5146,40.70183,-73.90625,40.70998,-73.91116,member
399950,22B41C1A8EC3CEA7,electric_bike,2021-07-16 07:57:49,2021-07-16 08:02:00,Madison St & Seneca Ave,4880,Stanhope St & Fairview Ave,5146,40.70183,-73.90625,40.70998,-73.91116,member
399951,6C1298DE87E6B3EE,electric_bike,2021-07-30 08:07:04,2021-07-30 08:11:04,Madison St & Seneca Ave,4880,Stanhope St & Fairview Ave,5146,40.70183,-73.90625,40.70998,-73.91116,member
399952,924EB252C596C830,electric_bike,2021-07-14 08:11:50,2021-07-14 08:15:39,Madison St & Seneca Ave,4880,Stanhope St & Fairview Ave,5146,40.70183,-73.90625,40.70998,-73.91116,member
400006,8A26EACD0FF44E70,electric_bike,2021-07-26 13:20:11,2021-07-26 13:26:32,Madison St & Seneca Ave,4880,Stanhope St & Fairview Ave,5146,40.70183,-73.90625,40.70998,-73.91116,casual
400008,471EAA655BD6D934,electric_bike,2021-07-25 15:19:25,2021-07-25 15:37:45,Madison St & Seneca Ave,4880,Stanhope St & Fairview Ave,5146,40.70183,-73.90625,40.70998,-73.91116,casual
400027,B628CEC9FCE5EA17,electric_bike,2021-07-19 08:08:46,2021-07-19 08:12:40,Madison St & Seneca Ave,4880,Stanhope St & Fairview Ave,5146,40.70183,-73.90625,40.70998,-73.91116,member
400177,56C8B78CFD1724D8,electric_bike,2021-07-06 23:50:55,2021-07-06 23:51:16,Stanhope St & Fairview Ave,5146,Stanhope St & Fairview Ave,5146,40.70998,-73.91116,40.70998,-73.91116,member
400339,13C7B9C7CD3D6299,electric_bike,2021-07-30 21:20:30,2021-07-30 21:25:51,Metropolitan Ave & Stewart Ave,5273,Stanhope St & Fairview Ave,5146,40.71401,-73.92793,40.70998,-73.91116,member
400687,63C68A09690E6AE2,classic_bike,2021-07-08 15:01:01,2021-07-08 15:19:44,Bushwick Ave & Powers St,5250,Stanhope St & Fairview Ave,5146,40.71247661,-73.94100005,40.70998,-73.91116,casual
400792,7F163D9820F0B0CB,electric_bike,2021-07-30 18:23:02,2021-07-30 18:38:44,Broadway & Kosciuszko St,4608,Stanhope St & Fairview Ave,5146,40.69329,-73.92852,40.70998,-73.91116,casual
400922,5A49935476EFF29B,electric_bike,2021-07-16 14:56:42,2021-07-16 15:01:24,Wyckoff Av & Jefferson St,5051,Stanhope St & Fairview Ave,5146,40.707165,-73.923711,40.70998,-73.91116,member
400938,18AA367B1B81B695,electric_bike,2021-07-13 04:27:17,2021-07-13 04:41:59,Menahan St & Seneca Ave,4963,Stanhope St & Fairview Ave,5146,40.70461,-73.91054,40.70998,-73.91116,casual
400959,BE8C4AFCC7FDE912,classic_bike,2021-07-07 17:03:24,2021-07-07 17:22:55,S 5 Pl & S 5 St,5125,Stanhope St & Fairview Ave,5146,40.710451,-73.960876,40.70998,-73.91116,member
400988,65675E7E6EA209DB,electric_bike,2021-07-28 16:35:47,2021-07-28 16:53:24,Bushwick Ave & Linden St,4600,Stanhope St & Fairview Ave,5146,40.69146,-73.92146,40.70998,-73.91116,member
400993,65FE378CCEB4AF0C,electric_bike,2021-07-01 09:01:49,2021-07-01 09:03:36,Fairview Ave & Linden St,5066,Stanhope St & Fairview Ave,5146,40.70694,-73.90632,40.70998,-73.91116,member
400995,44B7436B97D787C4,classic_bike,2021-07-21 19:37:04,2021-07-21 19:40:05,Fairview Ave & Linden St,5066,Stanhope St & Fairview Ave,5146,40.70694,-73.90632,40.70998,-73.91116,member
401024,A97F4F13A4CA8595,electric_bike,2021-07-20 21:37:17,2021-07-20 21:53:40,Leonard St & Maujer St,5148,Stanhope St & Fairview Ave,5146,40.7103685423523,-73.94705951213837,40.70998,-73.91116,casual
401027,1B08D62165CDD6D4,electric_bike,2021-07-16 13:40:09,2021-07-16 13:52:40,Leonard St & Maujer St,5148,Stanhope St & Fairview Ave,5146,40.7103685423523,-73.94705951213837,40.70998,-73.91116,casual
401031,A996FAFF846FC255,classic_bike,2021-07-01 20:26:38,2021-07-01 20:29:50,Fairview Ave & Linden St,5066,Stanhope St & Fairview Ave,5146,40.70694,-73.90632,40.70998,-73.91116,member
401032,D114B00115B5F2D9,classic_bike,2021-07-27 14:06:14,2021-07-27 14:08:48,Fairview Ave & Linden St,5066,Stanhope St & Fairview Ave,5146,40.70694,-73.90632,40.70998,-73.91116,member
401142,ABA830BF224CAB05,classic_bike,2021-07-23 19:56:27,2021-07-23 20:07:29,Irving Ave & DeKalb Ave,4898,Stanhope St & Fairview Ave,5146,40.7027,-73.92095,40.70998,-73.91116,casual
401253,876906F28704EB13,electric_bike,2021-07-26 10:55:36,2021-07-26 11:53:15,Stanhope St & Fairview Ave,5146,Stanhope St & Fairview Ave,5146,40.70998,-73.91116,40.70998,-73.91116,casual
401351,5E0E546E2D779F41,classic_bike,2021-07-15 00:20:38,2021-07-15 01:10:34,48 Ave & 5 St,6212,Stanhope St & Fairview Ave,5146,40.74436328706688,-73.9558732509613,40.70998,-73.91116,casual
401355,B789A38AC56B8AC1,classic_bike,2021-07-19 16:51:27,2021-07-19 17:06:00,Harman St & Seneca Ave,5002,Stanhope St & Fairview Ave,5146,40.70577,-73.91292,40.70998,-73.91116,member
401357,61C1FB5D571A1214,classic_bike,2021-07-07 11:37:20,2021-07-07 11:49:26,Irving Ave & Jefferson St,5051,Stanhope St & Fairview Ave,5146,40.70538,-73.92535,40.70998,-73.91116,member
401366,7F8CE5E5DF00639A,electric_bike,2021-07-21 18:26:40,2021-07-21 18:42:43,Graham Ave & Conselyea St,5291,Stanhope St & Fairview Ave,5146,40.715143,-73.944507,40.70998,-73.91116,member
401402,D94D349636553DD6,classic_bike,2021-07-26 08:59:40,2021-07-26 09:12:21,Knickerbocker Ave & Hancock St,4663,Stanhope St & Fairview Ave,5146,40.69385,-73.90974,40.70998,-73.91116,casual
401802,31AF5DE73E19761C,electric_bike,2021-07-30 02:06:44,2021-07-30 02:10:35,Menahan St & Seneca Ave,4963,Stanhope St & Fairview Ave,5146,40.70461,-73.91054,40.70998,-73.91116,casual
401809,BF2CA4D0BF2E14BD,classic_bike,2021-07-04 13:12:20,2021-07-04 13:16:50,Menahan St & Seneca Ave,4963,Stanhope St & Fairview Ave,5146,40.70461,-73.91054,40.70998,-73.91116,casual
402003,A36789FD4C897E6B,classic_bike,2021-07-22 20:33:58,2021-07-22 20:58:17,Bushwick Ave & Powers St,5250,Stanhope St & Fairview Ave,5146,40.71247661,-73.94100005,40.70998,-73.91116,member
402246,FBF306EF3696A9A6,electric_bike,2021-07-10 21:07:02,2021-07-10 21:41:16,Driggs Ave & N 9 St,5411,Stanhope St & Fairview Ave,5146,40.71816969454208,-73.95520135760307,40.70998,-73.91116,casual
402250,23978C68220EB549,electric_bike,2021-07-28 15:44:39,2021-07-28 16:09:22,Fulton St & Waverly Ave,4345,Stanhope St & Fairview Ave,5146,40.68323865460341,-73.96599590778351,40.70998,-73.91116,member
402545,BC83812279181BB8,electric_bike,2021-07-13 14:36:04,2021-07-13 14:36:44,Stanhope St & Fairview Ave,5146,Stanhope St & Fairview Ave,5146,40.70998,-73.91116,40.70998,-73.91116,member
402593,408BFA616BD33C5F,classic_bike,2021-07-26 22:30:42,2021-07-26 23:01:49,E 2 St & Avenue C,5476,Stanhope St & Fairview Ave,5146,40.7208736,-73.98085795,40.70998,-73.91116,casual
403124,E7DAC3C1151E587A,electric_bike,2021-07-28 19:06:00,2021-07-28 19:19:13,Broadway & Hancock St,4441,Stanhope St & Fairview Ave,5146,40.68663,-73.9168,40.70998,-73.91116,casual
403403,8EA1FA46FC3E8FAD,electric_bike,2021-07-26 18:51:55,2021-07-26 19:29:11,Lexington Ave & E 26 St,6089,Stanhope St & Fairview Ave,5146,40.741459,-73.983293,40.70998,-73.91116,member
403601,0A6132BCFBF58774,classic_bike,2021-07-28 19:54:50,2021-07-28 20:14:04,S 5 Pl & S 5 St,5125,Stanhope St & Fairview Ave,5146,40.710451,-73.960876,40.70998,-73.91116,member
403815,734F6F19115CB6D1,electric_bike,2021-07-17 13:39:40,2021-07-17 13:53:49,Broadway & Madison St,4483,Stanhope St & Fairview Ave,5146,40.68822,-73.91966,40.70998,-73.91116,member
403882,593989DF8B504AE0,electric_bike,2021-07-26 23:01:49,2021-07-26 23:28:34,Grand Ave & Bergen St,4190,Stanhope St & Fairview Ave,5146,40.678045,-73.962408,40.70998,-73.91116,casual
403884,C753CFBDA5B2E614,electric_bike,2021-07-21 02:14:14,2021-07-21 02:39:31,Grand Ave & Bergen St,4190,Stanhope St & Fairview Ave,5146,40.678045,-73.962408,40.70998,-73.91116,casual
403918,D83C6BDCD79BE739,classic_bike,2021-07-18 16:46:40,2021-07-18 17:00:02,Van Buren St & Broadway,4568,Stanhope St & Fairview Ave,5146,40.692,-73.92617,40.70998,-73.91116,member
404002,6C0000F9D8F6656B,electric_bike,2021-07-01 16:22:16,2021-07-01 17:10:50,Pulaski St & Marcus Garvey Blvd,4656,Stanhope St & Fairview Ave,5146,40.6933982,-73.939877,40.70998,-73.91116,member
404092,C1894E005F2823AD,electric_bike,2021-07-28 08:00:45,2021-07-28 08:01:47,Stanhope St & Fairview Ave,5146,Stanhope St & Fairview Ave,5146,40.70998,-73.91116,40.70998,-73.91116,casual
404294,EFA3381EDDE31C24,electric_bike,2021-07-04 17:33:34,2021-07-04 18:26:20,Plaza St East & Flatbush Ave,4010,Stanhope St & Fairview Ave,5146,40.673134,-73.969106,40.70998,-73.91116,member
404340,1796D37DA563CC57,electric_bike,2021-07-04 14:22:14,2021-07-04 14:25:23,Hart St & Wyckoff Ave,4971,Stanhope St & Fairview Ave,5146,40.704876,-73.919911,40.70998,-73.91116,casual
404367,82AB302E6BE89B91,electric_bike,2021-07-08 14:38:10,2021-07-08 14:53:43,Grand St & Havemeyer St,5267,Stanhope St & Fairview Ave,5146,40.71286844,-73.95698119,40.70998,-73.91116,member
404420,6A52DBB6A5CD4A75,electric_bike,2021-07-16 17:38:58,2021-07-16 18:04:25,E 2 St & Avenue C,5476,Stanhope St & Fairview Ave,5146,40.7208736,-73.98085795,40.70998,-73.91116,casual
404568,F13189B29B22FDD9,electric_bike,2021-07-10 11:49:40,2021-07-10 12:10:15,Rockaway Ave & Bainbridge St,4285,Stanhope St & Fairview Ave,5146,40.68319988172761,-73.91166642308235,40.70998,-73.91116,casual
404570,D2B4A8D5EABA8359,classic_bike,2021-07-18 16:46:41,2021-07-18 17:00:12,Van Buren St & Broadway,4568,Stanhope St & Fairview Ave,5146,40.692,-73.92617,40.70998,-73.91116,casual
404795,91EEEF9D8F8E488A,electric_bike,2021-07-18 03:49:42,2021-07-18 03:55:43,Myrtle Ave & Grove St,4816,Stanhope St & Fairview Ave,5146,40.69905,-73.91516,40.70998,-73.91116,casual
404888,9E3B4AFB689C88D5,classic_bike,2021-07-20 18:14:25,2021-07-20 18:31:56,S 5 Pl & S 5 St,5125,Stanhope St & Fairview Ave,5146,40.710451,-73.960876,40.70998,-73.91116,member
404901,3B8A53D091FC93A9,classic_bike,2021-07-20 23:17:24,2021-07-20 23:56:40,Stanhope St & Fairview Ave,5146,Stanhope St & Fairview Ave,5146,40.70998,-73.91116,40.70998,-73.91116,member
404948,615157E4E8DE901A,electric_bike,2021-07-21 18:52:56,2021-07-21 19:26:21,24 Ave & 26 St,7152,Stanhope St & Fairview Ave,5146,40.774591,-73.918544,40.70998,-73.91116,member
405002,3D83BCCB1034D21A,classic_bike,2021-07-08 10:09:04,2021-07-08 10:13:41,Hart St & Wyckoff Ave,4971,Stanhope St & Fairview Ave,5146,40.704876,-73.919911,40.70998,-73.91116,casual
405010,9A747067480B06A5,classic_bike,2021-07-06 10:31:08,2021-07-06 10:35:50,Hart St & Wyckoff Ave,4971,Stanhope St & Fairview Ave,5146,40.704876,-73.919911,40.70998,-73.91116,casual
405076,53280829084B5B9A,classic_bike,2021-07-21 19:14:33,2021-07-21 19:21:04,Myrtle Ave & Grove St,4816,Stanhope St & Fairview Ave,5146,40.69905,-73.91516,40.70998,-73.91116,member
425375,322B2FCAA5FAB2F3,classic_bike,2021-07-04 00:40:45,2021-07-04 00:49:50,Stanhope St & Fairview Ave,5146,Knickerbocker Ave & George St,4979,40.70998,-73.91116,40.704425,-73.92836,casual
425381,277DE272841534BA,classic_bike,2021-07-22 13:22:48,2021-07-22 13:31:16,Stanhope St & Fairview Ave,5146,Knickerbocker Ave & George St,4979,40.70998,-73.91116,40.704425,-73.92836,casual
425383,FE38AECFD2E1CC55,classic_bike,2021-07-23 20:18:44,2021-07-23 20:25:00,Stanhope St & Fairview Ave,5146,Irving Ave & DeKalb Ave,4898,40.70998,-73.91116,40.7027,-73.92095,casual
425406,DF848EA5093A06A8,classic_bike,2021-07-13 18:52:55,2021-07-13 19:00:13,Stanhope St & Fairview Ave,5146,Knickerbocker Ave & George St,4979,40.70998,-73.91116,40.704425,-73.92836,member
425413,022685008FFA1109,electric_bike,2021-07-15 13:44:42,2021-07-15 13:49:16,Stanhope St & Fairview Ave,5146,Irving Ave & DeKalb Ave,4898,40.70998,-73.91116,40.7027,-73.92095,casual
425419,0D434DCBC0148371,classic_bike,2021-07-31 19:30:01,2021-07-31 19:38:41,Stanhope St & Fairview Ave,5146,Knickerbocker Ave & George St,4979,40.70998,-73.91116,40.704425,-73.92836,casual
425454,7CCE1E774928B66E,classic_bike,2021-07-29 10:50:25,2021-07-29 11:00:07,Stanhope St & Fairview Ave,5146,Knickerbocker Ave & George St,4979,40.70998,-73.91116,40.704425,-73.92836,member
454411,335557B627AD48A2,electric_bike,2021-07-14 11:57:30,2021-07-14 12:15:40,Stanhope St & Fairview Ave,5146,Clermont Ave & Lafayette Ave,4461,40.70998,-73.91116,40.68764484,-73.96968902,member
457063,EC58730B00850A36,electric_bike,2021-07-14 18:27:10,2021-07-14 18:47:02,Stanhope St & Fairview Ave,5146,Greenpoint Ave & Manhattan Ave,5785,40.70998,-73.91116,40.73026,-73.95394,casual
472428,9C513FD341024231,electric_bike,2021-07-30 10:21:41,2021-07-30 10:47:33,Stanhope St & Fairview Ave,5146,4 Ave & E 12 St,5788,40.70998,-73.91116,40.732647,-73.99011,casual
478904,D011E84F36054B2F,classic_bike,2021-07-01 22:22:59,2021-07-01 22:27:59,Stanhope St & Fairview Ave,5146,Madison St & Seneca Ave,4880,40.70998,-73.91116,40.70183,-73.90625,member
481671,4E17C6E3C23C6DC7,electric_bike,2021-07-16 18:39:00,2021-07-16 18:43:24,Stanhope St & Fairview Ave,5146,Madison St & Seneca Ave,4880,40.70998,-73.91116,40.70183,-73.90625,member
481672,40858EC8874E3BF4,classic_bike,2021-07-23 19:04:13,2021-07-23 19:09:05,Stanhope St & Fairview Ave,5146,Madison St & Seneca Ave,4880,40.70998,-73.91116,40.70183,-73.90625,member
481731,9569B746EB4ADCE5,classic_bike,2021-07-10 20:46:07,2021-07-10 20:50:59,Stanhope St & Fairview Ave,5146,Madison St & Seneca Ave,4880,40.70998,-73.91116,40.70183,-73.90625,member
481735,384976F24C1493D4,classic_bike,2021-07-06 17:10:50,2021-07-06 17:17:07,Stanhope St & Fairview Ave,5146,Madison St & Seneca Ave,4880,40.70998,-73.91116,40.70183,-73.90625,member
481736,4649B11AAEEF2CB4,electric_bike,2021-07-20 17:30:22,2021-07-20 17:34:39,Stanhope St & Fairview Ave,5146,Madison St & Seneca Ave,4880,40.70998,-73.91116,40.70183,-73.90625,member
501679,FAAA22CD83B2F785,classic_bike,2021-07-06 23:52:40,2021-07-07 00:17:59,Stanhope St & Fairview Ave,5146,Halsey St & Broadway,4366,40.70998,-73.91116,40.68565,-73.91564,member
505896,7E9ADE084A36BB38,classic_bike,2021-07-20 16:17:42,2021-07-20 17:05:32,Stanhope St & Fairview Ave,5146,Greene Ave & Grandview Ave,5106,40.70998,-73.91116,40.709697,-73.907856,member
510256,7BB5D169BD38E4E8,electric_bike,2021-07-28 18:52:53,2021-07-28 19:00:27,Stanhope St & Fairview Ave,5146,Bushwick Ave & Harman St,4640,40.70998,-73.91116,40.69356,-73.92524,casual
510262,D7ADA7D6592314C2,electric_bike,2021-07-04 17:58:07,2021-07-04 18:07:14,Stanhope St & Fairview Ave,5146,Bushwick Ave & Harman St,4640,40.70998,-73.91116,40.69356,-73.92524,member
510263,054CE28ACF12A243,electric_bike,2021-07-11 16:52:54,2021-07-11 16:57:57,Stanhope St & Fairview Ave,5146,Jefferson St & Cypress Ave,5082,40.70998,-73.91116,40.70907,-73.92157,member
510266,F3057C2A26775C9F,classic_bike,2021-07-22 01:04:58,2021-07-22 01:10:12,Stanhope St & Fairview Ave,5146,Jefferson St & Cypress Ave,5082,40.70998,-73.91116,40.70907,-73.92157,member
510302,CFD9394A22C72F0C,classic_bike,2021-07-11 19:48:15,2021-07-11 20:08:28,Stanhope St & Fairview Ave,5146,Greene Ave & Grandview Ave,5106,40.70998,-73.91116,40.709697,-73.907856,member
510303,71FB261D10C63F24,classic_bike,2021-07-07 17:45:20,2021-07-07 18:06:18,Stanhope St & Fairview Ave,5146,Greene Ave & Grandview Ave,5106,40.70998,-73.91116,40.709697,-73.907856,member
510311,6F25B16B8320E91F,electric_bike,2021-07-31 20:08:12,2021-07-31 20:40:23,Stanhope St & Fairview Ave,5146,Jefferson St & Cypress Ave,5082,40.70998,-73.91116,40.70907,-73.92157,member
510318,D2B8858C17615FB1,electric_bike,2021-07-19 17:29:53,2021-07-19 17:56:53,Stanhope St & Fairview Ave,5146,Greene Ave & Grandview Ave,5106,40.70998,-73.91116,40.709697,-73.907856,casual
510327,C128A8F0CF5E83B6,classic_bike,2021-07-12 17:53:21,2021-07-12 18:12:50,Stanhope St & Fairview Ave,5146,Greene Ave & Grandview Ave,5106,40.70998,-73.91116,40.709697,-73.907856,casual
510343,D11068EE6B2CF14F,electric_bike,2021-07-24 11:47:07,2021-07-24 11:53:48,Stanhope St & Fairview Ave,5146,Jefferson St & Cypress Ave,5082,40.70998,-73.91116,40.70907,-73.92157,member
510365,026E2E99ECF939FF,classic_bike,2021-07-28 02:28:34,2021-07-28 02:30:48,Stanhope St & Fairview Ave,5146,Greene Ave & Grandview Ave,5106,40.70998,-73.91116,40.709697,-73.907856,member
510369,8E16EB59ACB12D83,classic_bike,2021-07-02 16:00:30,2021-07-02 16:06:35,Stanhope St & Fairview Ave,5146,Jefferson St & Cypress Ave,5082,40.70998,-73.91116,40.70907,-73.92157,member
510373,503D091B36B70D60,classic_bike,2021-07-18 18:36:28,2021-07-18 18:40:14,Stanhope St & Fairview Ave,5146,Greene Ave & Grandview Ave,5106,40.70998,-73.91116,40.709697,-73.907856,casual
510462,ADEEB6C19AAAD8C3,classic_bike,2021-07-07 17:47:59,2021-07-07 18:06:10,Stanhope St & Fairview Ave,5146,Greene Ave & Grandview Ave,5106,40.70998,-73.91116,40.709697,-73.907856,member
510549,141EB76BC927CFDE,electric_bike,2021-07-21 10:10:59,2021-07-21 10:15:28,Stanhope St & Fairview Ave,5146,Jefferson St & Cypress Ave,5082,40.70998,-73.91116,40.70907,-73.92157,member
531458,DCD619B93DD0AC61,electric_bike,2021-07-05 07:50:59,2021-07-05 08:05:01,Stanhope St & Fairview Ave,5146,Broadway & Whipple St,4883,40.70998,-73.91116,40.7016657,-73.9437303,casual
551974,C1F40781B17A116E,classic_bike,2021-07-16 19:35:19,2021-07-16 20:13:10,Stanhope St & Fairview Ave,5146,31 Ave & 30 St,6857,40.70998,-73.91116,40.7647,-73.9240312,casual
593330,EEDD4A58734A8384,classic_bike,2021-07-01 09:24:55,2021-07-01 09:44:04,Stanhope St & Fairview Ave,5146,Union Ave & N 12 St,5411,40.70998,-73.91116,40.71924,-73.95242,member
593566,2A19A4CEB0EA06F1,classic_bike,2021-07-03 15:47:21,2021-07-03 16:20:07,Stanhope St & Fairview Ave,5146,Newtown Ave & 23 St,7026,40.70998,-73.91116,40.7713615,-73.9246145,member
593575,2E6D945C02206E41,classic_bike,2021-07-03 15:48:01,2021-07-03 16:19:54,Stanhope St & Fairview Ave,5146,Newtown Ave & 23 St,7026,40.70998,-73.91116,40.7713615,-73.9246145,member
595177,586BC4DD6C00E5F9,electric_bike,2021-07-05 18:42:37,2021-07-05 19:15:04,Stanhope St & Fairview Ave,5146,Newtown Ave & 23 St,7026,40.70998,-73.91116,40.7713615,-73.9246145,casual
595185,70891824FEE01AA0,electric_bike,2021-07-17 17:31:50,2021-07-17 17:54:34,Stanhope St & Fairview Ave,5146,Union Ave & N 12 St,5411,40.70998,-73.91116,40.71924,-73.95242,casual
598792,6636CCEB022F7410,electric_bike,2021-07-11 14:27:46,2021-07-11 14:52:54,Stanhope St & Fairview Ave,5146,S Portland Ave & Hanson Pl,4354,40.70998,-73.91116,40.68539567,-73.97431458,member
598825,8DCEED628A0FAF56,classic_bike,2021-07-07 20:27:36,2021-07-07 20:37:42,Stanhope St & Fairview Ave,5146,White St & Johnson Ave,5099,40.70998,-73.91116,40.707174,-73.93581,member
618746,76A5EE44FBB21745,electric_bike,2021-07-03 18:05:35,2021-07-03 18:23:55,Stanhope St & Fairview Ave,5146,White St & Moore St,4987,40.70998,-73.91116,40.704508,-73.9351,member
618756,A0C5386D1C459057,classic_bike,2021-07-07 11:49:53,2021-07-07 12:07:01,Stanhope St & Fairview Ave,5146,Leonard St & Boerum St,5036,40.70998,-73.91116,40.70583339,-73.94644578,member
618864,BB3D51D54BC1059D,electric_bike,2021-07-13 08:03:06,2021-07-13 08:36:20,Stanhope St & Fairview Ave,5146,Sullivan Pl & Franklin Ave,3704,40.70998,-73.91116,40.66407983678161,-73.96025128666679,casual
618893,36A791A97D1AEE0B,electric_bike,2021-07-27 08:09:11,2021-07-27 08:32:37,Stanhope St & Fairview Ave,5146,Sullivan Pl & Franklin Ave,3704,40.70998,-73.91116,40.66407983678161,-73.96025128666679,casual
643485,B4309CDB07E29207,electric_bike,2021-07-26 22:20:07,2021-07-26 22:50:52,Stanhope St & Fairview Ave,5146,Putnam Ave & Throop Ave,4392,40.70998,-73.91116,40.6851532,-73.94111,casual
652334,16180A964965783E,classic_bike,2021-07-11 20:45:25,2021-07-11 20:56:14,Stanhope St & Fairview Ave,5146,Norman St & Wyckoff Ave,4654,40.70998,-73.91116,40.69517,-73.90311,casual
652888,F5652EE4A82B7990,classic_bike,2021-07-03 16:54:17,2021-07-03 17:04:21,Stanhope St & Fairview Ave,5146,Norman St & Wyckoff Ave,4654,40.70998,-73.91116,40.69517,-73.90311,casual
654529,336B6F436AB517B2,electric_bike,2021-07-14 08:44:15,2021-07-14 08:52:14,Stanhope St & Fairview Ave,5146,Norman St & Wyckoff Ave,4654,40.70998,-73.91116,40.69517,-73.90311,casual
654561,D7C01B62C1D19456,classic_bike,2021-07-09 16:57:31,2021-07-09 17:07:17,Stanhope St & Fairview Ave,5146,Norman St & Wyckoff Ave,4654,40.70998,-73.91116,40.69517,-73.90311,member
655208,44314153821D891C,electric_bike,2021-07-18 20:57:27,2021-07-18 21:14:07,Stanhope St & Fairview Ave,5146,Franklin Ave & Myrtle Ave,4715,40.70998,-73.91116,40.694546087246025,-73.95801365375519,casual
661966,4992978828A3E0A8,electric_bike,2021-07-06 12:46:05,2021-07-06 12:54:31,Stanhope St & Fairview Ave,5146,Centre St & Seneca Ave,4837,40.70998,-73.91116,40.69969,-73.9022,casual
673461,11D9575DDADE901C,classic_bike,2021-07-03 08:26:21,2021-07-03 08:51:01,Stanhope St & Fairview Ave,5146,Putnam Ave & Wyckoff Ave,4735,40.70998,-73.91116,40.69811,-73.90904,casual
673463,2A13E03AE93F0E11,electric_bike,2021-07-09 01:02:56,2021-07-09 01:09:43,Stanhope St & Fairview Ave,5146,Putnam Ave & Wyckoff Ave,4735,40.70998,-73.91116,40.69811,-73.90904,casual
720927,2EE4A09E3E7EFAAC,electric_bike,2021-07-28 08:02:29,2021-07-28 08:35:46,Stanhope St & Fairview Ave,5146,Dwight St & Van Dyke St,3981,40.70998,-73.91116,40.67363551341504,-74.01195555925369,casual
720935,7938671C850C2550,electric_bike,2021-07-04 23:28:16,2021-07-04 23:36:35,Stanhope St & Fairview Ave,5146,Knickerbocker Ave & George St,4979,40.70998,-73.91116,40.704425,-73.92836,member
720960,4BDFE6ED8DEB5A53,electric_bike,2021-07-19 13:17:50,2021-07-19 13:25:30,Stanhope St & Fairview Ave,5146,Irving Ave & DeKalb Ave,4898,40.70998,-73.91116,40.7027,-73.92095,casual
721655,0565AB51AA460BC5,electric_bike,2021-07-29 13:54:38,2021-07-29 13:59:21,Stanhope St & Fairview Ave,5146,Irving Ave & DeKalb Ave,4898,40.70998,-73.91116,40.7027,-73.92095,casual
744942,7B1964AB2FA79D06,electric_bike,2021-07-01 11:42:55,2021-07-01 11:56:24,Stanhope St & Fairview Ave,5146,Kosciuszko St & Tompkins Ave,4553,40.70998,-73.91116,40.69128258,-73.9452416,member
744949,7BFE46D7900520F8,classic_bike,2021-07-31 14:42:03,2021-07-31 14:46:59,Stanhope St & Fairview Ave,5146,Menahan St & Onderdonk Ave,5034,40.70998,-73.91116,40.70553,-73.9096,member
746398,EDD50EF155827B0C,classic_bike,2021-07-01 15:54:24,2021-07-01 16:09:28,Stanhope St & Fairview Ave,5146,Menahan St & Onderdonk Ave,5034,40.70998,-73.91116,40.70553,-73.9096,member
746407,7051718544173C65,classic_bike,2021-07-04 09:27:52,2021-07-04 09:31:33,Stanhope St & Fairview Ave,5146,Menahan St & Onderdonk Ave,5034,40.70998,-73.91116,40.70553,-73.9096,member
746428,65D61B0604DE408C,classic_bike,2021-07-24 10:07:05,2021-07-24 10:12:04,Stanhope St & Fairview Ave,5146,Menahan St & Onderdonk Ave,5034,40.70998,-73.91116,40.70553,-73.9096,member
746429,F07B10AB5B9DC5EF,classic_bike,2021-07-24 19:29:02,2021-07-24 19:46:41,Stanhope St & Fairview Ave,5146,Menahan St & Onderdonk Ave,5034,40.70998,-73.91116,40.70553,-73.9096,member
768908,4854770C8784DABA,classic_bike,2021-07-19 19:14:46,2021-07-19 19:17:14,Stanhope St & Fairview Ave,5146,Fairview Ave & Linden St,5066,40.70998,-73.91116,40.70694,-73.90632,casual
776981,7938DE9693BD9E99,classic_bike,2021-07-20 15:10:53,2021-07-20 15:51:14,Stanhope St & Fairview Ave,5146,Court St & Nelson St,4077,40.70998,-73.91116,40.6763947,-73.99869893,casual
776983,06465C4640FC71E1,electric_bike,2021-07-01 06:23:06,2021-07-01 06:45:06,Stanhope St & Fairview Ave,5146,35 St & 34 Ave,6679,40.70998,-73.91116,40.7580583,-73.9242751,casual
777007,9D44CF7A572180CC,classic_bike,2021-07-15 19:16:29,2021-07-15 19:46:11,Stanhope St & Fairview Ave,5146,35 St & 34 Ave,6679,40.70998,-73.91116,40.7580583,-73.9242751,casual
777103,A69B99FE76FE4D16,electric_bike,2021-07-22 14:14:44,2021-07-22 14:48:35,Stanhope St & Fairview Ave,5146,Court St & Nelson St,4077,40.70998,-73.91116,40.6763947,-73.99869893,casual
800031,2F2106E3364D2C0B,classic_bike,2021-07-14 11:28:30,2021-07-14 11:41:30,Stanhope St & Fairview Ave,5146,Hancock St & Wyckoff Ave,4735,40.70998,-73.91116,40.6972,-73.90674,casual
800034,EDA0D9151E133585,electric_bike,2021-07-11 10:39:29,2021-07-11 10:47:01,Stanhope St & Fairview Ave,5146,Hancock St & Wyckoff Ave,4735,40.70998,-73.91116,40.6972,-73.90674,casual
821870,33B94C6CD5729311,electric_bike,2021-07-07 19:19:31,2021-07-07 19:50:31,Stanhope St & Fairview Ave,5146,Driggs Ave & Lorimer St,5481,40.70998,-73.91116,40.72179134,-73.9504154,casual
821876,F3BDC07E71BFCFB6,electric_bike,2021-07-07 19:19:57,2021-07-07 19:50:14,Stanhope St & Fairview Ave,5146,Driggs Ave & Lorimer St,5481,40.70998,-73.91116,40.72179134,-73.9504154,casual
822068,10644D2525065CB0,electric_bike,2021-07-14 19:11:28,2021-07-14 19:30:24,Stanhope St & Fairview Ave,5146,Driggs Ave & Lorimer St,5481,40.70998,-73.91116,40.72179134,-73.9504154,member
822734,6443B083F0CDAB95,electric_bike,2021-07-16 13:33:43,2021-07-16 14:10:22,Stanhope St & Fairview Ave,5146,Driggs Ave & Lorimer St,5481,40.70998,-73.91116,40.72179134,-73.9504154,casual
846984,938C00FE7D7F355D,electric_bike,2021-07-17 15:10:31,2021-07-17 16:04:33,Stanhope St & Fairview Ave,5146,Fulton St & Adams St,4637,40.70998,-73.91116,40.69241829257847,-73.98949474096298,casual
868181,52260A9D3B964CBA,electric_bike,2021-07-11 08:35:22,2021-07-11 08:45:21,Stanhope St & Fairview Ave,5146,Knickerbocker Ave & Hancock St,4663,40.70998,-73.91116,40.69385,-73.90974,casual
908280,5D880EF66F043B7F,classic_bike,2021-07-31 16:14:09,2021-07-31 16:18:46,Stanhope St & Fairview Ave,5146,Madison St & Forest Ave,5025,40.70998,-73.91116,40.70555,-73.90245,member
908300,77227DF05E600D3D,electric_bike,2021-07-08 00:07:51,2021-07-08 00:12:25,Stanhope St & Fairview Ave,5146,Madison St & Forest Ave,5025,40.70998,-73.91116,40.70555,-73.90245,member
908307,8590EB0FAC82A982,classic_bike,2021-07-31 14:35:43,2021-07-31 14:44:46,Stanhope St & Fairview Ave,5146,Forest Ave & Summerfield St,4798,40.70998,-73.91116,40.69922,-73.89795,casual
908332,84317656A3BA4C72,classic_bike,2021-07-24 21:03:23,2021-07-24 21:18:09,Stanhope St & Fairview Ave,5146,Forest Ave & Summerfield St,4798,40.70998,-73.91116,40.69922,-73.89795,casual
908336,1E9B8AE33B4CF23A,electric_bike,2021-07-23 12:18:46,2021-07-23 12:24:28,Stanhope St & Fairview Ave,5146,Forest Ave & Summerfield St,4798,40.70998,-73.91116,40.69922,-73.89795,casual
908350,0288E6A2D22E5421,classic_bike,2021-07-24 21:03:28,2021-07-24 21:18:48,Stanhope St & Fairview Ave,5146,Forest Ave & Summerfield St,4798,40.70998,-73.91116,40.69922,-73.89795,casual
908390,ADF607EFE6C6D940,electric_bike,2021-07-01 12:26:25,2021-07-01 12:32:07,Stanhope St & Fairview Ave,5146,Forest Ave & Summerfield St,4798,40.70998,-73.91116,40.69922,-73.89795,casual
908393,C5D7348F9DAEC7B2,classic_bike,2021-07-18 17:10:32,2021-07-18 17:40:16,Stanhope St & Fairview Ave,5146,Forest Ave & Summerfield St,4798,40.70998,-73.91116,40.69922,-73.89795,casual
908403,360F6B11D7A632C0,electric_bike,2021-07-25 18:17:47,2021-07-25 19:14:53,Stanhope St & Fairview Ave,5146,Madison St & Forest Ave,5025,40.70998,-73.91116,40.70555,-73.90245,casual
908412,8E0D991DE070A591,electric_bike,2021-07-30 18:47:42,2021-07-30 18:51:05,Stanhope St & Fairview Ave,5146,Madison St & Forest Ave,5025,40.70998,-73.91116,40.70555,-73.90245,member
908440,9D121F3708AFA814,classic_bike,2021-07-18 17:10:16,2021-07-18 17:40:16,Stanhope St & Fairview Ave,5146,Forest Ave & Summerfield St,4798,40.70998,-73.91116,40.69922,-73.89795,casual
908455,A617996BC6D5BCC3,classic_bike,2021-07-18 17:11:16,2021-07-18 17:40:25,Stanhope St & Fairview Ave,5146,Forest Ave & Summerfield St,4798,40.70998,-73.91116,40.69922,-73.89795,casual
908457,54A2E0DE1FC3F15E,classic_bike,2021-07-26 18:50:00,2021-07-26 18:53:38,Stanhope St & Fairview Ave,5146,Madison St & Forest Ave,5025,40.70998,-73.91116,40.70555,-73.90245,member
909122,04E616CFD27ED24E,electric_bike,2021-07-13 19:06:24,2021-07-13 19:32:14,Stanhope St & Fairview Ave,5146,Forest Ave & Summerfield St,4798,40.70998,-73.91116,40.69922,-73.89795,member
909394,DA5258511E0CAB2D,classic_bike,2021-07-09 20:25:12,2021-07-09 20:28:31,Stanhope St & Fairview Ave,5146,Madison St & Forest Ave,5025,40.70998,-73.91116,40.70555,-73.90245,casual
918210,2B2CE3F72FA7C2C0,electric_bike,2021-07-03 16:55:42,2021-07-03 17:13:42,Stanhope St & Fairview Ave,5146,Melrose St & Broadway,4801,40.70998,-73.91116,40.697481,-73.935877,casual
924259,42337AA5E45E3A55,electric_bike,2021-07-11 13:01:28,2021-07-11 13:21:20,Stanhope St & Fairview Ave,5146,S 5 Pl & S 5 St,5125,40.70998,-73.91116,40.710451,-73.960876,member
926825,09CC4D5D1C223E89,classic_bike,2021-07-08 07:54:15,2021-07-08 08:11:47,Stanhope St & Fairview Ave,5146,S 5 Pl & S 5 St,5125,40.70998,-73.91116,40.710451,-73.960876,member
926937,F0820CA03F1292B9,classic_bike,2021-07-21 09:52:28,2021-07-21 10:09:38,Stanhope St & Fairview Ave,5146,S 5 Pl & S 5 St,5125,40.70998,-73.91116,40.710451,-73.960876,member
928081,8204080899D8A501,classic_bike,2021-07-22 12:32:14,2021-07-22 12:49:37,Stanhope St & Fairview Ave,5146,S 5 Pl & S 5 St,5125,40.70998,-73.91116,40.710451,-73.960876,member
928082,EFFB36B8A3E12EBA,classic_bike,2021-07-30 12:57:15,2021-07-30 13:13:40,Stanhope St & Fairview Ave,5146,S 5 Pl & S 5 St,5125,40.70998,-73.91116,40.710451,-73.960876,member
931201,FDC36DB9B8CAEF59,classic_bike,2021-07-02 11:54:06,2021-07-02 12:10:02,Stanhope St & Fairview Ave,5146,S 5 Pl & S 5 St,5125,40.70998,-73.91116,40.710451,-73.960876,member
931203,C43061A4574B4087,electric_bike,2021-07-23 17:22:05,2021-07-23 17:48:49,Stanhope St & Fairview Ave,5146,E 2 St & Avenue B,5515,40.70998,-73.91116,40.72217444,-73.98368779,member
969686,620A053E3BA9A1FC,classic_bike,2021-07-01 15:03:52,2021-07-01 15:12:23,Stanhope St & Fairview Ave,5146,George St & Wilson Ave,4906,40.70998,-73.91116,40.702997,-73.92997,member
971702,D2EC08E594443BF8,classic_bike,2021-07-12 08:31:04,2021-07-12 08:45:21,Stanhope St & Fairview Ave,5146,Graham Ave & Grand St,5178,40.70998,-73.91116,40.711863,-73.944024,member
971747,962E97233B59BF1A,classic_bike,2021-07-13 08:37:49,2021-07-13 08:51:24,Stanhope St & Fairview Ave,5146,Graham Ave & Grand St,5178,40.70998,-73.91116,40.711863,-73.944024,member
971753,243A74B432F2F214,electric_bike,2021-07-10 07:41:38,2021-07-10 08:07:34,Stanhope St & Fairview Ave,5146,Morgan Ave & Lombardy St,5503,40.70998,-73.91116,40.72226,-73.93889,casual
971770,AA1446F4074BF36E,electric_bike,2021-07-22 07:24:38,2021-07-22 07:35:57,Stanhope St & Fairview Ave,5146,Graham Ave & Grand St,5178,40.70998,-73.91116,40.711863,-73.944024,member
974139,5AD32C1AA826357F,classic_bike,2021-07-15 08:49:36,2021-07-15 09:06:44,Stanhope St & Fairview Ave,5146,Graham Ave & Grand St,5178,40.70998,-73.91116,40.711863,-73.944024,member
976178,63D5596557B37C07,electric_bike,2021-07-07 09:19:44,2021-07-07 09:32:01,Stanhope St & Fairview Ave,5146,Graham Ave & Grand St,5178,40.70998,-73.91116,40.711863,-73.944024,member
1095684,AAE98E512535155A,electric_bike,2021-07-08 22:45:59,2021-07-08 22:53:39,Stanhope St & Fairview Ave,5146,Devoe St & Morgan Ave,5282,40.70998,-73.91116,40.713811,-73.93515,member
1126069,14E9F8DE685F0E89,classic_bike,2021-07-04 16:38:31,2021-07-04 17:00:11,S 5 Pl & S 5 St,5125,Stanhope St & Fairview Ave,5146,40.710451,-73.960876,40.70998,-73.91116,member
1126070,07D681A4B06E99D9,classic_bike,2021-07-22 22:39:03,2021-07-22 22:57:29,S 5 Pl & S 5 St,5125,Stanhope St & Fairview Ave,5146,40.710451,-73.960876,40.70998,-73.91116,member
1126182,71275C893AEA43E4,electric_bike,2021-07-16 14:06:26,2021-07-16 14:17:58,Willoughby Ave & Myrtle Ave,4759,Stanhope St & Fairview Ave,5146,40.69757,-73.93098,40.70998,-73.91116,casual
1126212,A78826B1223E6AD8,classic_bike,2021-07-14 15:01:23,2021-07-14 15:16:20,Willoughby Ave & Myrtle Ave,4759,Stanhope St & Fairview Ave,5146,40.69757,-73.93098,40.70998,-73.91116,casual
1126214,B2110E6E6113509B,electric_bike,2021-07-08 10:56:00,2021-07-08 11:06:11,Willoughby Ave & Myrtle Ave,4759,Stanhope St & Fairview Ave,5146,40.69757,-73.93098,40.70998,-73.91116,casual
1126234,22CDCB4BB9EBCC65,electric_bike,2021-07-13 16:09:05,2021-07-13 16:19:32,Willoughby Ave & Myrtle Ave,4759,Stanhope St & Fairview Ave,5146,40.69757,-73.93098,40.70998,-73.91116,casual
1126259,2B1180173B768DBF,classic_bike,2021-07-07 14:31:23,2021-07-07 14:37:37,Hart St & Wyckoff Ave,4971,Stanhope St & Fairview Ave,5146,40.704876,-73.919911,40.70998,-73.91116,member
1126404,624A60FFF693A125,classic_bike,2021-07-19 15:53:12,2021-07-19 16:02:46,Myrtle Ave & Grove St,4816,Stanhope St & Fairview Ave,5146,40.69905,-73.91516,40.70998,-73.91116,casual
1126407,55162A9869CC4DC0,classic_bike,2021-07-12 01:33:03,2021-07-12 01:47:41,Knickerbocker Ave & Cooper St,4582,Stanhope St & Fairview Ave,5146,40.69081,-73.90448,40.70998,-73.91116,casual
1126535,37AE2E896BF29D63,classic_bike,2021-07-09 01:53:55,2021-07-09 02:16:35,Van Sinderen Ave & Truxton St,4161,Stanhope St & Fairview Ave,5146,40.6786,-73.90369,40.70998,-73.91116,casual
1126654,588FD39317D6A5C1,electric_bike,2021-07-09 02:23:40,2021-07-09 02:39:32,Fulton St & Utica Ave,4228,Stanhope St & Fairview Ave,5146,40.6794268,-73.9298911,40.70998,-73.91116,casual
1126934,39AB74CA0DBEE244,electric_bike,2021-07-18 09:25:19,2021-07-18 09:41:00,Hart St & Wyckoff Ave,4971,Stanhope St & Fairview Ave,5146,40.704876,-73.919911,40.70998,-73.91116,member
1126938,382EDFCF36AAD057,classic_bike,2021-07-26 16:09:07,2021-07-26 16:16:08,Hart St & Wyckoff Ave,4971,Stanhope St & Fairview Ave,5146,40.704876,-73.919911,40.70998,-73.91116,member
1127127,16D8129CE2770431,classic_bike,2021-07-12 15:20:39,2021-07-12 15:26:27,Cypress Ave & Palmetto St,4921,Stanhope St & Fairview Ave,5146,40.70157340873792,-73.90876293182373,40.70998,-73.91116,member
1127128,261A8A389077B387,electric_bike,2021-07-21 17:24:14,2021-07-21 17:38:15,Broadway & Madison St,4483,Stanhope St & Fairview Ave,5146,40.68822,-73.91966,40.70998,-73.91116,casual
1127129,8436D65B021F9D67,classic_bike,2021-07-15 15:14:27,2021-07-15 16:32:27,Broadway & Madison St,4483,Stanhope St & Fairview Ave,5146,40.68822,-73.91966,40.70998,-73.91116,casual
1127172,3269566E80719DDE,classic_bike,2021-07-22 19:11:18,2021-07-22 19:17:03,Hart St & Wyckoff Ave,4971,Stanhope St & Fairview Ave,5146,40.704876,-73.919911,40.70998,-73.91116,member
1127188,226D02A7FB50BE10,classic_bike,2021-07-10 13:16:07,2021-07-10 13:36:26,Eldert St & Bushwick Ave,4399,Stanhope St & Fairview Ave,5146,40.68652,-73.91321,40.70998,-73.91116,casual
1127426,C2A5CD5125B6745A,electric_bike,2021-07-01 10:18:51,2021-07-01 10:25:36,Menahan St & Central Ave,4672,Stanhope St & Fairview Ave,5146,40.69543,-73.9196,40.70998,-73.91116,casual
1127626,F9EBB2776B86E427,electric_bike,2021-07-28 18:11:08,2021-07-28 18:39:40,Bond St & Fulton St,4479,Stanhope St & Fairview Ave,5146,40.68962188790333,-73.98304268717766,40.70998,-73.91116,member
1127639,5BEB9DFFD00F4045,electric_bike,2021-07-28 16:54:48,2021-07-28 17:24:04,Broadway & Berry St,5164,Stanhope St & Fairview Ave,5146,40.71044554,-73.96525063,40.70998,-73.91116,member
1127684,D1D7120F545DCE6C,electric_bike,2021-07-12 15:02:11,2021-07-12 15:28:45,62 St & Northern Blvd,6536,Stanhope St & Fairview Ave,5146,40.754176,-73.900318,40.70998,-73.91116,casual
1127703,28CBB1B68568396D,electric_bike,2021-07-07 17:43:21,2021-07-07 18:13:25,Adelphi St & Myrtle Ave,4620,Stanhope St & Fairview Ave,5146,40.69308257,-73.97178913,40.70998,-73.91116,member
1127765,4D7F5151E788CAD6,electric_bike,2021-07-15 23:04:38,2021-07-15 23:29:28,Cadman Plaza E & Tillary St,4677,Stanhope St & Fairview Ave,5146,40.69597683,-73.99014892,40.70998,-73.91116,casual
1127864,B8C065B93C4ADE72,classic_bike,2021-07-31 13:31:15,2021-07-31 13:41:05,Menahan St & Wyckoff Ave,4890,Stanhope St & Fairview Ave,5146,40.70113,-73.91422,40.70998,-73.91116,casual
1127880,FF99A5A964E6B1FC,electric_bike,2021-07-27 20:22:27,2021-07-27 20:26:58,Menahan St & Wyckoff Ave,4890,Stanhope St & Fairview Ave,5146,40.70113,-73.91422,40.70998,-73.91116,casual
1128127,1BFDCE90CEAEED17,electric_bike,2021-07-26 19:54:18,2021-07-26 20:07:23,Central Ave & Woodbine St,4632,Stanhope St & Fairview Ave,5146,40.69296,-73.91605,40.70998,-73.91116,casual
1128185,D37B8C43D5187FC3,electric_bike,2021-07-17 13:51:28,2021-07-17 14:06:59,Van Sinderen Ave & Truxton St,4161,Stanhope St & Fairview Ave,5146,40.6786,-73.90369,40.70998,-73.91116,casual
1128448,9424B7D89C56847C,electric_bike,2021-07-12 21:46:59,2021-07-12 22:06:05,Central Ave & Woodbine St,4632,Stanhope St & Fairview Ave,5146,40.69296,-73.91605,40.70998,-73.91116,casual
1128663,E12E38AB0953C77B,electric_bike,2021-07-07 00:54:02,2021-07-07 01:18:31,Grand Ave & Bergen St,4190,Stanhope St & Fairview Ave,5146,40.678045,-73.962408,40.70998,-73.91116,casual
1128695,9AA6C7B8BFF0F1CC,classic_bike,2021-07-21 17:15:59,2021-07-21 17:46:44,Delancey St & Eldridge St,5414,Stanhope St & Fairview Ave,5146,40.719383,-73.991479,40.70998,-73.91116,member
1128972,150FAA4E0D1E3053,electric_bike,2021-07-01 10:02:37,2021-07-01 10:08:19,Centre St & Seneca Ave,4837,Stanhope St & Fairview Ave,5146,40.69969,-73.9022,40.70998,-73.91116,casual
1128981,7CCFB1540E868BA4,electric_bike,2021-07-23 10:27:48,2021-07-23 10:33:09,Centre St & Seneca Ave,4837,Stanhope St & Fairview Ave,5146,40.69969,-73.9022,40.70998,-73.91116,casual
1128985,837BA06349F5E018,electric_bike,2021-07-08 17:19:29,2021-07-08 17:26:12,Centre St & Seneca Ave,4837,Stanhope St & Fairview Ave,5146,40.69969,-73.9022,40.70998,-73.91116,casual
1129002,935BEA42E8B1CF06,classic_bike,2021-07-14 19:13:12,2021-07-14 19:20:04,Myrtle Ave & Grove St,4816,Stanhope St & Fairview Ave,5146,40.69905,-73.91516,40.70998,-73.91116,member
1129191,2B1BAB64B46BC6A4,electric_bike,2021-07-02 13:07:31,2021-07-02 13:13:16,Irving Ave & DeKalb Ave,4898,Stanhope St & Fairview Ave,5146,40.7027,-73.92095,40.70998,-73.91116,casual
1129208,9DE5378200610477,classic_bike,2021-07-05 04:06:31,2021-07-05 05:55:43,Irving Ave & DeKalb Ave,4898,Stanhope St & Fairview Ave,5146,40.7027,-73.92095,40.70998,-73.91116,member
1129217,85C31928CEA943B9,classic_bike,2021-07-18 11:58:57,2021-07-18 12:06:36,Irving Ave & DeKalb Ave,4898,Stanhope St & Fairview Ave,5146,40.7027,-73.92095,40.70998,-73.91116,casual
1129313,B5EBD1A32B3D107F,classic_bike,2021-07-30 20:26:00,2021-07-30 20:36:43,Centre St & Seneca Ave,4837,Stanhope St & Fairview Ave,5146,40.69969,-73.9022,40.70998,-73.91116,casual
1129314,375CD824D3FE53E2,electric_bike,2021-07-04 11:45:21,2021-07-04 12:03:47,Franklin Ave & Myrtle Ave,4715,Stanhope St & Fairview Ave,5146,40.694546087246025,-73.95801365375519,40.70998,-73.91116,casual
1129636,A2ECE2CBDD01FCC8,classic_bike,2021-07-20 22:56:32,2021-07-20 23:04:40,Willoughby Ave & Wyckoff Ave,5010,Stanhope St & Fairview Ave,5146,40.705614,-73.92153,40.70998,-73.91116,casual
1129789,6490E812331ADB31,classic_bike,2021-07-10 12:22:50,2021-07-10 13:03:28,Stanton St & Chrystie St,5523,Stanhope St & Fairview Ave,5146,40.72229346,-73.99147535,40.70998,-73.91116,casual
1129814,0727877DF684075C,electric_bike,2021-07-03 10:17:26,2021-07-03 10:33:39,Broadway & Kosciuszko St,4608,Stanhope St & Fairview Ave,5146,40.69329,-73.92852,40.70998,-73.91116,member
1129830,75A453FC9C5553EF,electric_bike,2021-07-31 21:15:26,2021-07-31 21:36:50,Delancey St & Eldridge St,5414,Stanhope St & Fairview Ave,5146,40.719383,-73.991479,40.70998,-73.91116,member
1129898,7F4EEAF13B592BA7,electric_bike,2021-07-22 22:43:50,2021-07-22 22:48:15,Suydam St & St. Nicholas Ave,5043,Stanhope St & Fairview Ave,5146,40.70636,-73.91945,40.70998,-73.91116,member
1129943,A4F8850E10677F35,classic_bike,2021-07-24 21:02:05,2021-07-24 21:39:56,Front St & Gold St,4927,Stanhope St & Fairview Ave,5146,40.70224,-73.982578,40.70998,-73.91116,member
1130163,3E67E1B188CD41C4,electric_bike,2021-07-10 17:42:05,2021-07-10 17:51:06,Van Buren St & Broadway,4568,Stanhope St & Fairview Ave,5146,40.692,-73.92617,40.70998,-73.91116,member
1130191,3CAC796BD0DDF702,classic_bike,2021-07-18 01:07:31,2021-07-18 01:20:17,Van Buren St & Broadway,4568,Stanhope St & Fairview Ave,5146,40.692,-73.92617,40.70998,-73.91116,casual
1130241,EF0C295A36F4DEC8,classic_bike,2021-07-29 07:46:30,2021-07-29 07:53:40,Hart St & Wyckoff Ave,4971,Stanhope St & Fairview Ave,5146,40.704876,-73.919911,40.70998,-73.91116,casual
1130295,337BD7484601484F,classic_bike,2021-07-03 17:55:28,2021-07-03 18:29:09,Grand St & Havemeyer St,5267,Stanhope St & Fairview Ave,5146,40.71286844,-73.95698119,40.70998,-73.91116,member
1130326,4A67E1F0FE85160D,classic_bike,2021-07-24 19:00:35,2021-07-24 19:13:38,Willoughby Ave & Myrtle Ave,4759,Stanhope St & Fairview Ave,5146,40.69757,-73.93098,40.70998,-73.91116,casual
1130337,7065828C7E890E9E,classic_bike,2021-07-05 19:06:47,2021-07-05 19:18:20,Centre St & Seneca Ave,4837,Stanhope St & Fairview Ave,5146,40.69969,-73.9022,40.70998,-73.91116,casual
1130343,338B81622D88F042,electric_bike,2021-07-28 18:05:02,2021-07-28 18:26:37,Leonard St & Nassau Ave,5550,Stanhope St & Fairview Ave,5146,40.7239567849954,-73.94984364509583,40.70998,-73.91116,casual
1130371,BA12F8791F6B3D34,electric_bike,2021-07-11 12:56:54,2021-07-11 12:58:42,Woodward Ave & Harman St,5074,Stanhope St & Fairview Ave,5146,40.70793,-73.91092,40.70998,-73.91116,member
1130403,16CF8FE64A0A407A,classic_bike,2021-07-03 17:55:16,2021-07-03 18:29:06,Grand St & Havemeyer St,5267,Stanhope St & Fairview Ave,5146,40.71286844,-73.95698119,40.70998,-73.91116,casual
1130408,88F7769055194754,classic_bike,2021-07-07 18:28:16,2021-07-07 18:44:09,Grand St & Havemeyer St,5267,Stanhope St & Fairview Ave,5146,40.71286844,-73.95698119,40.70998,-73.91116,casual
1130445,F402F36C4FBEBC4D,electric_bike,2021-07-05 19:21:50,2021-07-05 19:52:01,Park Ave & St Edwards St,4700,Stanhope St & Fairview Ave,5146,40.69608941,-73.97803415,40.70998,-73.91116,casual
1130448,881B56B9989FC009,electric_bike,2021-07-05 19:30:55,2021-07-05 19:40:34,Suydam St & St. Nicholas Ave,5043,Stanhope St & Fairview Ave,5146,40.70636,-73.91945,40.70998,-73.91116,casual
1130524,3CE595875B0764E4,electric_bike,2021-07-11 01:13:33,2021-07-11 01:31:27,Montrose Ave & Bushwick Ave,5068,Stanhope St & Fairview Ave,5146,40.70767788,-73.94016171,40.70998,-73.91116,casual
1130623,B08FD76DE08DACAD,electric_bike,2021-07-16 20:20:56,2021-07-16 20:42:47,Kent St & McGuinness Blvd,5785,Stanhope St & Fairview Ave,5146,40.73124,-73.95161,40.70998,-73.91116,casual
1130661,85107D09BA0D8454,electric_bike,2021-07-05 20:34:21,2021-07-05 20:52:59,Willoughby Ave & Hall St,4611,Stanhope St & Fairview Ave,5146,40.69196035,-73.96536851,40.70998,-73.91116,casual
1130700,50C512EED00C3207,electric_bike,2021-07-02 08:23:46,2021-07-02 08:34:16,Central Ave & Melrose St,4832,Stanhope St & Fairview Ave,5146,40.70112,-73.93039,40.70998,-73.91116,casual
1130729,4C54C1FDD549E2FF,electric_bike,2021-07-07 18:45:36,2021-07-07 19:14:36,Front St & Jay St,4895,Stanhope St & Fairview Ave,5146,40.702461,-73.986842,40.70998,-73.91116,casual
1130730,80C09FCE225EA7DE,classic_bike,2021-07-22 11:54:23,2021-07-22 11:59:50,Hart St & Wyckoff Ave,4971,Stanhope St & Fairview Ave,5146,40.704876,-73.919911,40.70998,-73.91116,casual
1130762,2867B8E6C2221996,classic_bike,2021-07-22 19:23:53,2021-07-22 20:12:14,Suydam St & Knickerbocker Ave,4939,Stanhope St & Fairview Ave,5146,40.702013,-73.923769,40.70998,-73.91116,member
1130772,56102CFB18941045,electric_bike,2021-07-31 12:48:38,2021-07-31 12:56:23,Suydam St & Knickerbocker Ave,4939,Stanhope St & Fairview Ave,5146,40.702013,-73.923769,40.70998,-73.91116,member
1130793,04396B9E2254CE0B,electric_bike,2021-07-05 20:16:26,2021-07-05 20:22:34,Suydam St & Knickerbocker Ave,4939,Stanhope St & Fairview Ave,5146,40.702013,-73.923769,40.70998,-73.91116,casual
1130814,1BE615ADACCB21EC,classic_bike,2021-07-22 19:23:33,2021-07-22 20:12:09,Suydam St & Knickerbocker Ave,4939,Stanhope St & Fairview Ave,5146,40.702013,-73.923769,40.70998,-73.91116,member
1130833,8FB8794AFFB92B7B,classic_bike,2021-07-01 10:06:10,2021-07-01 10:11:15,Hart St & Wyckoff Ave,4971,Stanhope St & Fairview Ave,5146,40.704876,-73.919911,40.70998,-73.91116,casual
1130834,0D0F22573384BA72,classic_bike,2021-07-24 17:40:55,2021-07-24 17:54:30,Hart St & Wyckoff Ave,4971,Stanhope St & Fairview Ave,5146,40.704876,-73.919911,40.70998,-73.91116,casual
1130859,A6D7751B47573E58,classic_bike,2021-07-11 18:08:09,2021-07-11 18:20:43,Cypress Ave & George St,4765,Stanhope St & Fairview Ave,5146,40.69812,-73.90271,40.70998,-73.91116,casual
1130923,48935878CEB3E37F,electric_bike,2021-07-06 10:22:39,2021-07-06 10:29:04,Cypress Ave & George St,4765,Stanhope St & Fairview Ave,5146,40.69812,-73.90271,40.70998,-73.91116,casual
1130985,A4C07AA6814D6D72,electric_bike,2021-07-10 23:39:52,2021-07-10 23:53:49,Lewis Ave & Madison St,4425,Stanhope St & Fairview Ave,5146,40.686312,-73.935775,40.70998,-73.91116,casual
1130986,9F78DC5A1D567874,electric_bike,2021-07-10 23:40:01,2021-07-10 23:53:48,Lewis Ave & Madison St,4425,Stanhope St & Fairview Ave,5146,40.686312,-73.935775,40.70998,-73.91116,casual
1131052,100D0B8F2C6AE861,classic_bike,2021-07-10 17:04:30,2021-07-10 17:15:42,Suydam St & Knickerbocker Ave,4939,Stanhope St & Fairview Ave,5146,40.702013,-73.923769,40.70998,-73.91116,casual
1131261,51C34E6C7766BFA4,electric_bike,2021-07-07 17:48:24,2021-07-07 18:02:15,Bayard St & Leonard St,5442,Stanhope St & Fairview Ave,5146,40.71915571696044,-73.94885390996933,40.70998,-73.91116,member
1131287,912BFC8C1C6CD225,electric_bike,2021-07-01 15:51:34,2021-07-01 16:17:37,Queens Plaza North & Crescent St,6429,Stanhope St & Fairview Ave,5146,40.75110165,-73.94073717,40.70998,-73.91116,member
1131318,37FA1F68613C9792,electric_bike,2021-07-27 18:04:45,2021-07-27 18:47:13,Hicks St & Montague St,4645,Stanhope St & Fairview Ave,5146,40.69512845,-73.99595065,40.70998,-73.91116,casual
1131377,36ADDE9CD14BB257,classic_bike,2021-07-18 23:09:18,2021-07-18 23:50:04,Smith St & 9 St,4077,Stanhope St & Fairview Ave,5146,40.6746957,-73.99785768,40.70998,-73.91116,casual
1131469,75E7AF85039184E9,classic_bike,2021-07-03 19:02:45,2021-07-03 19:31:43,Bergen St & Vanderbilt Ave,4157,Stanhope St & Fairview Ave,5146,40.6794388,-73.9680438,40.70998,-73.91116,casual
1131527,F632973F83893B86,classic_bike,2021-07-23 08:26:56,2021-07-23 08:31:23,Harman St & Seneca Ave,5002,Stanhope St & Fairview Ave,5146,40.70577,-73.91292,40.70998,-73.91116,member
1131574,97637126162730FF,electric_bike,2021-07-08 13:45:09,2021-07-08 13:52:26,Menahan St & Wyckoff Ave,4890,Stanhope St & Fairview Ave,5146,40.70113,-73.91422,40.70998,-73.91116,member
1131619,28405265DFDAE19B,electric_bike,2021-07-04 12:12:31,2021-07-04 12:32:28,Berry St & N 8 St,5379,Stanhope St & Fairview Ave,5146,40.7190095,-73.95852515,40.70998,-73.91116,casual
1131846,A92F56FB85FCA377,electric_bike,2021-07-22 17:50:20,2021-07-22 18:12:01,Clinton St & Grand St,5303,Stanhope St & Fairview Ave,5146,40.71559509,-73.9870295,40.70998,-73.91116,member
1131848,6BFC592C77811599,electric_bike,2021-07-04 18:30:50,2021-07-04 19:01:29,Smith St & 3 St,4151,Stanhope St & Fairview Ave,5146,40.6787242,-73.99599099,40.70998,-73.91116,member
1132139,8EBD0128D8DC2594,classic_bike,2021-07-07 17:34:20,2021-07-07 17:39:12,Hart St & Wyckoff Ave,4971,Stanhope St & Fairview Ave,5146,40.704876,-73.919911,40.70998,-73.91116,casual
1132874,8F6391D92C4391C6,electric_bike,2021-07-05 01:52:43,2021-07-05 02:21:38,Greene Ave & Throop Ave,4510,Stanhope St & Fairview Ave,5146,40.6894932,-73.942061,40.70998,-73.91116,member
1132979,FFFE70E026A94E99,electric_bike,2021-07-25 23:20:47,2021-07-25 23:50:50,Court St & Nelson St,4077,Stanhope St & Fairview Ave,5146,40.6763947,-73.99869893,40.70998,-73.91116,casual
1132996,AB92019DF5DCB1AA,electric_bike,2021-07-13 15:14:37,2021-07-13 15:23:09,Evergreen Ave & Noll St,4873,Stanhope St & Fairview Ave,5146,40.70106,-73.93318,40.70998,-73.91116,member
1133088,ABF3DB576AC0E137,classic_bike,2021-07-04 17:38:13,2021-07-04 17:50:33,White St & Johnson Ave,5099,Stanhope St & Fairview Ave,5146,40.707174,-73.93581,40.70998,-73.91116,member
1133353,879B6F4C1F9CFD26,electric_bike,2021-07-25 12:19:11,2021-07-25 12:48:57,Hanson Pl & Ashland Pl,4395,Stanhope St & Fairview Ave,5146,40.68506807308177,-73.97790759801863,40.70998,-73.91116,casual
1133366,763996867B07B2F2,electric_bike,2021-07-09 15:14:45,2021-07-09 15:28:38,Willoughby Ave & Myrtle Ave,4759,Stanhope St & Fairview Ave,5146,40.69757,-73.93098,40.70998,-73.91116,casual
1133403,0B428441B83809AA,electric_bike,2021-07-15 23:20:35,2021-07-15 23:32:17,Greene Av & Myrtle Av,4784,Stanhope St & Fairview Ave,5146,40.698568,-73.918877,40.70998,-73.91116,casual
1133496,DF05C1EC0F9BFBDF,classic_bike,2021-07-15 23:21:22,2021-07-15 23:32:10,Greene Av & Myrtle Av,4784,Stanhope St & Fairview Ave,5146,40.698568,-73.918877,40.70998,-73.91116,casual
1133673,FD8EDD6FB9A06E18,electric_bike,2021-07-26 19:50:28,2021-07-26 20:23:34,Rockaway Ave & Bainbridge St,4285,Stanhope St & Fairview Ave,5146,40.68319988172761,-73.91166642308235,40.70998,-73.91116,casual
1133787,CD41E20D507F0FFD,classic_bike,2021-07-13 09:01:09,2021-07-13 09:10:54,Greene Av & Myrtle Av,4784,Stanhope St & Fairview Ave,5146,40.698568,-73.918877,40.70998,-73.91116,member
1133997,A1FD3C04D58DABF3,electric_bike,2021-07-19 15:44:45,2021-07-19 15:57:05,Nassau Ave & Russell St,5581,Stanhope St & Fairview Ave,5146,40.72557,-73.94434,40.70998,-73.91116,member
1134003,A04EB9A657C3882C,classic_bike,2021-07-04 18:49:04,2021-07-04 19:19:07,Broadway & Whipple St,4883,Stanhope St & Fairview Ave,5146,40.7016657,-73.9437303,40.70998,-73.91116,casual
1134026,E55ECCC9E1863FBD,electric_bike,2021-07-12 08:23:27,2021-07-12 08:43:45,Fulton St & Irving Pl,4263,Stanhope St & Fairview Ave,5146,40.68186,-73.959432,40.70998,-73.91116,member
1134100,7B6535F4B556CA7C,electric_bike,2021-07-26 20:43:36,2021-07-26 21:03:23,Nassau Ave & Russell St,5581,Stanhope St & Fairview Ave,5146,40.72557,-73.94434,40.70998,-73.91116,casual
1134112,AE87C1AD60117A79,electric_bike,2021-07-05 17:03:38,2021-07-05 17:28:45,Fulton St & Irving Pl,4263,Stanhope St & Fairview Ave,5146,40.68186,-73.959432,40.70998,-73.91116,casual
1134242,DFCC6B193B556269,electric_bike,2021-07-18 11:32:52,2021-07-18 11:42:42,Hancock St & Wyckoff Ave,4735,Stanhope St & Fairview Ave,5146,40.6972,-73.90674,40.70998,-73.91116,member
1134260,DF7E720FD96D21B1,electric_bike,2021-07-11 18:33:12,2021-07-11 18:45:08,Stagg St & Morgan Ave,5170,Stanhope St & Fairview Ave,5146,40.710681,-73.93372,40.70998,-73.91116,member
1134287,8E1F9397B5581195,classic_bike,2021-07-12 10:34:47,2021-07-12 10:46:46,Hancock St & Wyckoff Ave,4735,Stanhope St & Fairview Ave,5146,40.6972,-73.90674,40.70998,-73.91116,casual
1134341,29ADB1C67AA4C472,electric_bike,2021-07-10 05:23:26,2021-07-10 05:37:11,Broadway & Roebling St,5125,Stanhope St & Fairview Ave,5146,40.70924826276157,-73.96063148975372,40.70998,-73.91116,casual
1134650,3E5EB2B75773B283,classic_bike,2021-07-05 17:34:56,2021-07-05 17:44:28,Menahan St & Seneca Ave,4963,Stanhope St & Fairview Ave,5146,40.70461,-73.91054,40.70998,-73.91116,member
1134755,AFE55F0CE8C702AD,electric_bike,2021-07-04 01:11:10,2021-07-04 01:29:14,Boerum St & Broadway,5004,Stanhope St & Fairview Ave,5146,40.70538077,-73.94976519,40.70998,-73.91116,casual
1134811,ADE3A1B24AD04E3E,classic_bike,2021-07-13 18:09:22,2021-07-13 18:24:07,Central Ave & Covert St,4550,Stanhope St & Fairview Ave,5146,40.68929,-73.90951,40.70998,-73.91116,casual
1134896,5F49364D736B7B6C,electric_bike,2021-07-26 18:54:14,2021-07-26 19:01:20,Myrtle Ave & Linden St,4816,Stanhope St & Fairview Ave,5146,40.69943,-73.91337,40.70998,-73.91116,casual
1134899,B01F44BA7534A8B6,electric_bike,2021-07-15 21:08:49,2021-07-15 21:36:56,Vernon Blvd & 41 Rd,6514,Stanhope St & Fairview Ave,5146,40.7552433,-73.9485678,40.70998,-73.91116,casual
1134984,230F75B4071E99EF,electric_bike,2021-07-12 10:34:39,2021-07-12 10:47:00,Hancock St & Wyckoff Ave,4735,Stanhope St & Fairview Ave,5146,40.6972,-73.90674,40.70998,-73.91116,casual
1135150,CBAFF9DE20B9524A,electric_bike,2021-07-21 01:35:14,2021-07-21 01:53:08,Lafayette Ave & St James Pl,4494,Stanhope St & Fairview Ave,5146,40.68851534,-73.9647628,40.70998,-73.91116,casual
1135209,004CED69552D8B68,classic_bike,2021-07-28 17:00:16,2021-07-28 17:24:57,Greene Av & Myrtle Av,4784,Stanhope St & Fairview Ave,5146,40.698568,-73.918877,40.70998,-73.91116,casual
1135682,9BE6AFD00BBDC0B6,electric_bike,2021-07-26 20:04:55,2021-07-26 20:23:46,Madison St & Evergreen Ave,4560,Stanhope St & Fairview Ave,5146,40.69122,-73.91693,40.70998,-73.91116,casual
1135735,D1045434F923931C,electric_bike,2021-07-18 19:23:59,2021-07-18 19:54:48,6 St & 7 Ave,3834,Stanhope St & Fairview Ave,5146,40.6686627,-73.97988067,40.70998,-73.91116,member
1135973,429C974212897CC8,classic_bike,2021-07-28 02:01:53,2021-07-28 02:27:17,S 4 St & Rodney St,5156,Stanhope St & Fairview Ave,5146,40.70934,-73.95608,40.70998,-73.91116,member
1136077,0CE13624E5670C99,electric_bike,2021-07-22 14:13:31,2021-07-22 14:19:16,Madison St & Forest Ave,5025,Stanhope St & Fairview Ave,5146,40.70555,-73.90245,40.70998,-73.91116,member
1136097,EFE954B866736F85,classic_bike,2021-07-24 17:48:10,2021-07-24 17:57:56,Forest Ave & Summerfield St,4798,Stanhope St & Fairview Ave,5146,40.69922,-73.89795,40.70998,-73.91116,casual
1136173,060AF02FC7963084,electric_bike,2021-07-04 18:15:43,2021-07-04 18:41:19,Willoughby Ave & Walworth St,4634,Stanhope St & Fairview Ave,5146,40.69331716,-73.95381995,40.70998,-73.91116,member
1136266,A9DE50C6D79C8F1C,docked_bike,2021-07-31 23:14:27,2021-07-31 23:34:44,Willoughby Ave & Walworth St,4634,Stanhope St & Fairview Ave,5146,40.693317,-73.95382,40.70998,-73.91116,casual
1136372,6E71D2375C40408B,electric_bike,2021-07-26 12:15:16,2021-07-26 12:46:50,47 Ave & 31 St,6151,Stanhope St & Fairview Ave,5146,40.743,-73.93561,40.70998,-73.91116,member
1136664,97812C4D3300CB31,electric_bike,2021-07-20 19:16:33,2021-07-20 19:39:20,Park Ave & Marcus Garvey Blvd,4768,Stanhope St & Fairview Ave,5146,40.698617,-73.941342,40.70998,-73.91116,casual
1136921,902F639B64C1A151,electric_bike,2021-07-04 17:33:11,2021-07-04 17:44:07,Madison St & Evergreen Ave,4560,Stanhope St & Fairview Ave,5146,40.69122,-73.91693,40.70998,-73.91116,casual
1136977,72040A282BE156FD,electric_bike,2021-07-07 21:03:13,2021-07-07 21:14:38,Sharon St & Olive St,5323,Stanhope St & Fairview Ave,5146,40.715353,-73.93856,40.70998,-73.91116,member
1136982,EDFCAD5A80202CEB,electric_bike,2021-07-04 22:15:02,2021-07-04 22:28:43,Sharon St & Olive St,5323,Stanhope St & Fairview Ave,5146,40.715353,-73.93856,40.70998,-73.91116,casual
1137011,1B149DF1F1356C72,electric_bike,2021-07-02 12:24:59,2021-07-02 12:29:20,Flushing Ave & Woodward Ave,5225,Stanhope St & Fairview Ave,5146,40.71246,-73.91873,40.70998,-73.91116,member
1137171,1D439182631F766D,classic_bike,2021-07-24 21:47:40,2021-07-24 22:02:21,Metropolitan Ave & Vandervoort Ave,5241,Stanhope St & Fairview Ave,5146,40.71429,-73.93323,40.70998,-73.91116,casual
1137244,CE08ADD37F2088D8,classic_bike,2021-07-01 22:41:24,2021-07-01 22:47:27,Madison St & Seneca Ave,4880,Stanhope St & Fairview Ave,5146,40.70183,-73.90625,40.70998,-73.91116,member
1137363,EF078A43EF7AA2F5,electric_bike,2021-07-02 16:25:27,2021-07-02 16:42:15,Wythe Ave & Metropolitan Ave,5348,Stanhope St & Fairview Ave,5146,40.716887,-73.963198,40.70998,-73.91116,member
1137403,ECBC48C02844187E,electric_bike,2021-07-14 20:29:58,2021-07-14 20:55:31,Wythe Ave & Metropolitan Ave,5348,Stanhope St & Fairview Ave,5146,40.716887,-73.963198,40.70998,-73.91116,casual
1137554,A7CD35E3949C1440,classic_bike,2021-07-09 14:55:08,2021-07-09 15:18:18,Wythe Ave & Metropolitan Ave,5348,Stanhope St & Fairview Ave,5146,40.716887,-73.963198,40.70998,-73.91116,member
1137590,A84B591C2EEF1F77,electric_bike,2021-07-14 17:13:30,2021-07-14 17:48:00,Ashland Pl & Dekalb Ave,4513,Stanhope St & Fairview Ave,5146,40.690065,-73.978776,40.70998,-73.91116,member
1137743,985BCE6C79C7D6C7,electric_bike,2021-07-11 16:20:12,2021-07-11 16:31:34,White St & Johnson Ave,5099,Stanhope St & Fairview Ave,5146,40.707174,-73.93581,40.70998,-73.91116,casual
1137825,E8CF35FFB6996680,electric_bike,2021-07-16 20:21:45,2021-07-16 20:45:33,Forsyth St\t& Grand St,5382,Stanhope St & Fairview Ave,5146,40.71779817737835,-73.99316132068634,40.70998,-73.91116,member
1138026,2522F5AC1C5E6A42,classic_bike,2021-07-04 21:41:06,2021-07-04 21:53:05,Linden St & Knickerbocker Ave,4743,Stanhope St & Fairview Ave,5146,40.69714,-73.91566,40.70998,-73.91116,casual
1138077,09863A821E65ECA0,docked_bike,2021-07-03 18:47:45,2021-07-03 19:41:31,Bank St & Hudson St,5922,Stanhope St & Fairview Ave,5146,40.736529,-74.00618,40.70998,-73.91116,casual
1138117,3CCAA1CA86140789,electric_bike,2021-07-04 23:31:35,2021-07-04 23:42:39,Forest Ave & Summerfield St,4798,Stanhope St & Fairview Ave,5146,40.69922,-73.89795,40.70998,-73.91116,casual
1138128,C585070BDA062ED9,classic_bike,2021-07-19 21:50:19,2021-07-19 22:00:36,Forest Ave & Summerfield St,4798,Stanhope St & Fairview Ave,5146,40.69922,-73.89795,40.70998,-73.91116,casual
1138434,65293681F6AD211D,electric_bike,2021-07-05 07:50:04,2021-07-05 07:59:54,Cedar St & Myrtle Ave,4751,Stanhope St & Fairview Ave,5146,40.697842,-73.926241,40.70998,-73.91116,casual
1138470,65185C3DB3D5B00A,classic_bike,2021-07-28 16:44:41,2021-07-28 17:13:32,Harrison Pl & Porter Ave,5090,Stanhope St & Fairview Ave,5146,40.70686,-73.92851,40.70998,-73.91116,casual
1138472,458C51FC4CEBEBF5,electric_bike,2021-07-14 18:17:40,2021-07-14 18:30:29,Madison St & Evergreen Ave,4560,Stanhope St & Fairview Ave,5146,40.69122,-73.91693,40.70998,-73.91116,casual
1139080,EACAF87DF63BA754,classic_bike,2021-07-23 20:34:25,2021-07-23 20:39:57,Stanhope St & Fairview Ave,5146,Willoughby Ave & Wyckoff Ave,5010,40.70998,-73.91116,40.705614,-73.92153,member
1139081,B3B79D237E65613B,classic_bike,2021-07-14 09:43:48,2021-07-14 09:49:17,Stanhope St & Fairview Ave,5146,Willoughby Ave & Wyckoff Ave,5010,40.70998,-73.91116,40.705614,-73.92153,member
1145328,940C4DD753C74D68,electric_bike,2021-07-25 23:55:38,2021-07-26 00:02:19,Stanhope St & Fairview Ave,5146,Willoughby Ave & Wyckoff Ave,5010,40.70998,-73.91116,40.705614,-73.92153,member
1162650,858B26ADAF597407,classic_bike,2021-07-23 13:36:21,2021-07-23 14:06:08,Stanhope St & Fairview Ave,5146,Canal St & Rutgers St,5303,40.70998,-73.91116,40.71427487,-73.98990025,member
1236777,9B10414E75EEEA6B,electric_bike,2021-07-06 08:04:20,2021-07-06 08:31:27,Stanhope St & Fairview Ave,5146,Carmine St & 6 Ave,5763,40.70998,-73.91116,40.73038599,-74.00214988,member
1236945,2375AEF35B83E369,electric_bike,2021-07-28 08:17:37,2021-07-28 08:46:22,Stanhope St & Fairview Ave,5146,Carmine St & 6 Ave,5763,40.70998,-73.91116,40.73038599,-74.00214988,member
1237028,A0DC0059A505CA66,electric_bike,2021-07-01 08:18:32,2021-07-01 08:46:05,Stanhope St & Fairview Ave,5146,Carmine St & 6 Ave,5763,40.70998,-73.91116,40.73038599,-74.00214988,member
1241740,478A7D6D829380C2,electric_bike,2021-07-07 19:16:35,2021-07-07 19:48:28,Stanhope St & Fairview Ave,5146,Ashland Pl & Dekalb Ave,4513,40.70998,-73.91116,40.690065,-73.978776,member
1280535,A6C7E8DD2C47CA89,electric_bike,2021-07-05 16:34:58,2021-07-05 17:01:09,Stanhope St & Fairview Ave,5146,Sullivan St & Washington Sq,5721,40.70998,-73.91116,40.73047747,-73.99906065,casual
1280542,AABC0EBB32585FA8,classic_bike,2021-07-17 11:20:47,2021-07-17 11:28:46,Stanhope St & Fairview Ave,5146,Knickerbocker Ave & Thames St,5018,40.70998,-73.91116,40.70539,-73.92976,casual
1283905,A3E725F79189DAAE,classic_bike,2021-07-01 12:55:26,2021-07-01 13:16:18,Stanhope St & Fairview Ave,5146,Linden St & Knickerbocker Ave,4743,40.70998,-73.91116,40.69714,-73.91566,casual
1283926,26221E502525319C,electric_bike,2021-07-05 16:34:46,2021-07-05 17:01:10,Stanhope St & Fairview Ave,5146,Sullivan St & Washington Sq,5721,40.70998,-73.91116,40.73047747,-73.99906065,member
1284004,9144D576E3C86DE2,classic_bike,2021-07-28 19:21:07,2021-07-28 19:31:47,Stanhope St & Fairview Ave,5146,Harrison Pl & Porter Ave,5090,40.70998,-73.91116,40.70686,-73.92851,casual
1284052,1147B87A00B7526F,electric_bike,2021-07-07 08:04:54,2021-07-07 08:32:46,Stanhope St & Fairview Ave,5146,Sullivan St & Washington Sq,5721,40.70998,-73.91116,40.73047747,-73.99906065,member
1284148,FF77A1B4CD37F6F5,electric_bike,2021-07-17 08:18:26,2021-07-17 08:32:05,Stanhope St & Fairview Ave,5146,S 4 St & Rodney St,5156,40.70998,-73.91116,40.70934,-73.95608,casual
1313618,BEE0E2FEAB73C430,electric_bike,2021-07-28 17:54:17,2021-07-28 18:17:33,Stanhope St & Fairview Ave,5146,Kingston Ave & Herkimer St,4205,40.70998,-73.91116,40.67890679,-73.94142771,casual
1322030,7216896183708604,electric_bike,2021-07-19 17:53:16,2021-07-19 18:24:25,Stanhope St & Fairview Ave,5146,1 Ave & E 68 St,6822,40.70998,-73.91116,40.76500525,-73.95818491,member
1322116,69BE10D4D71578BD,electric_bike,2021-07-07 19:23:58,2021-07-07 19:49:45,Stanhope St & Fairview Ave,5146,Kingston Ave & Herkimer St,4205,40.70998,-73.91116,40.67890679,-73.94142771,casual
1329213,2983EA4404926FC4,electric_bike,2021-07-21 13:56:45,2021-07-21 14:27:38,Stanhope St & Fairview Ave,5146,E 17 St & Broadway,5980,40.70998,-73.91116,40.73704984,-73.99009296,member
1416986,9FFFD5F27C2C5072,classic_bike,2021-07-22 19:47:13,2021-07-22 20:08:02,Stanhope St & Fairview Ave,5146,Grove St & Broadway,4526,40.70998,-73.91116,40.69047,-73.923511,member
1416988,9F6AF53450DE364C,classic_bike,2021-07-20 12:41:51,2021-07-20 12:50:07,Stanhope St & Fairview Ave,5146,Wyckoff Av & Jefferson St,5051,40.70998,-73.91116,40.707165,-73.923711,member
1416989,DAB0034B029A1599,electric_bike,2021-07-14 13:31:57,2021-07-14 13:36:40,Stanhope St & Fairview Ave,5146,Wyckoff Av & Jefferson St,5051,40.70998,-73.91116,40.707165,-73.923711,member
1416990,3D7A0132C3BFCABD,classic_bike,2021-07-24 12:16:46,2021-07-24 12:21:21,Stanhope St & Fairview Ave,5146,Wyckoff Av & Jefferson St,5051,40.70998,-73.91116,40.707165,-73.923711,member
1416991,AE2DF033F39447A3,classic_bike,2021-07-17 13:02:20,2021-07-17 13:07:19,Stanhope St & Fairview Ave,5146,Wyckoff Av & Jefferson St,5051,40.70998,-73.91116,40.707165,-73.923711,member
1416992,7E7EBDC3D750BC29,electric_bike,2021-07-15 14:07:47,2021-07-15 14:11:41,Stanhope St & Fairview Ave,5146,Wyckoff Av & Jefferson St,5051,40.70998,-73.91116,40.707165,-73.923711,member
1416993,86133872FCFB1E6A,electric_bike,2021-07-30 15:00:50,2021-07-30 15:05:18,Stanhope St & Fairview Ave,5146,Wyckoff Av & Jefferson St,5051,40.70998,-73.91116,40.707165,-73.923711,member
1416994,112C753F823BCF03,classic_bike,2021-07-22 15:42:02,2021-07-22 15:47:03,Stanhope St & Fairview Ave,5146,Wyckoff Av & Jefferson St,5051,40.70998,-73.91116,40.707165,-73.923711,member
1416995,C33C51A8B02CF100,electric_bike,2021-07-21 12:21:09,2021-07-21 12:25:20,Stanhope St & Fairview Ave,5146,Wyckoff Av & Jefferson St,5051,40.70998,-73.91116,40.707165,-73.923711,member
1417008,CFCBAED95F8197AA,classic_bike,2021-07-22 19:47:54,2021-07-22 20:07:56,Stanhope St & Fairview Ave,5146,Grove St & Broadway,4526,40.70998,-73.91116,40.69047,-73.923511,member
1417016,A9F66B921814369C,classic_bike,2021-07-28 13:33:15,2021-07-28 13:39:42,Stanhope St & Fairview Ave,5146,Wyckoff Av & Jefferson St,5051,40.70998,-73.91116,40.707165,-73.923711,casual
1417018,AA1EAEBBC63C57C0,classic_bike,2021-07-18 12:39:06,2021-07-18 12:53:11,Stanhope St & Fairview Ave,5146,Onderdonk Ave & Dekalb Ave,5115,40.70998,-73.91116,40.70863,-73.91497,member
1417338,20A2D72F3E43746E,classic_bike,2021-07-09 20:52:58,2021-07-09 20:55:31,Stanhope St & Fairview Ave,5146,Onderdonk Ave & Dekalb Ave,5115,40.70998,-73.91116,40.70863,-73.91497,member
1417342,D6CC974DD448D232,classic_bike,2021-07-21 22:37:51,2021-07-21 23:08:21,Stanhope St & Fairview Ave,5146,S 4 St & Wythe Ave,5204,40.70998,-73.91116,40.71285887,-73.96590294,member
1417349,AC0299E09FC6D9E2,classic_bike,2021-07-03 22:33:31,2021-07-03 23:10:52,Stanhope St & Fairview Ave,5146,Pacific St & Classon Ave,4148,40.70998,-73.91116,40.6791944,-73.9587903,casual
1419064,A1138E8B78DBF5C8,classic_bike,2021-07-15 06:10:27,2021-07-15 06:22:55,Stanhope St & Fairview Ave,5146,Grove St & Broadway,4526,40.70998,-73.91116,40.69047,-73.923511,member
1420515,1913E56125760EDF,classic_bike,2021-07-16 17:01:14,2021-07-16 17:21:25,Stanhope St & Fairview Ave,5146,Nassau Ave & Newell St,5623,40.70998,-73.91116,40.724812564400175,-73.94752621650696,casual
1527048,2BDE0CEBC4B960A4,electric_bike,2021-07-18 08:44:40,2021-07-18 08:49:33,Stanhope St & Fairview Ave,5146,Wyckoff Ave & Gates Ave,4847,40.70998,-73.91116,40.699871408829885,-73.91171872615814,member
1527125,921DF0A77F0425C5,classic_bike,2021-07-30 19:47:23,2021-07-30 19:53:03,Stanhope St & Fairview Ave,5146,Wyckoff Ave & Gates Ave,4847,40.70998,-73.91116,40.699871408829885,-73.91171872615814,casual
1527143,15C6C71AFACE985A,electric_bike,2021-07-04 13:17:29,2021-07-04 13:25:37,Stanhope St & Fairview Ave,5146,Wyckoff Ave & Gates Ave,4847,40.70998,-73.91116,40.699871408829885,-73.91171872615814,casual
1527161,4F52507FA353C1AE,electric_bike,2021-07-03 15:40:22,2021-07-03 15:46:08,Stanhope St & Fairview Ave,5146,Wyckoff Ave & Gates Ave,4847,40.70998,-73.91116,40.699871408829885,-73.91171872615814,member
1528837,46A93CE0E8F106BE,electric_bike,2021-07-27 08:05:00,2021-07-27 08:09:18,Stanhope St & Fairview Ave,5146,Wyckoff Ave & Gates Ave,4847,40.70998,-73.91116,40.699871408829885,-73.91171872615814,casual
1528946,CC8B2C2328198273,classic_bike,2021-07-03 20:56:52,2021-07-03 21:05:08,Stanhope St & Fairview Ave,5146,Wyckoff Ave & Gates Ave,4847,40.70998,-73.91116,40.699871408829885,-73.91171872615814,casual
1529010,77B1088B01CA0264,classic_bike,2021-07-25 13:11:21,2021-07-25 13:17:08,Stanhope St & Fairview Ave,5146,Wyckoff Ave & Gates Ave,4847,40.70998,-73.91116,40.699871408829885,-73.91171872615814,casual
1529100,6BE3AC4CAD636DA1,classic_bike,2021-07-03 20:57:17,2021-07-03 21:05:03,Stanhope St & Fairview Ave,5146,Wyckoff Ave & Gates Ave,4847,40.70998,-73.91116,40.699871408829885,-73.91171872615814,casual
1529142,A7C099C852D97AE0,electric_bike,2021-07-12 10:59:46,2021-07-12 11:05:30,Stanhope St & Fairview Ave,5146,Wyckoff Ave & Gates Ave,4847,40.70998,-73.91116,40.699871408829885,-73.91171872615814,member
1529143,ABAA0CE3B17A1662,classic_bike,2021-07-02 19:24:24,2021-07-02 19:32:51,Stanhope St & Fairview Ave,5146,Wyckoff Ave & Gates Ave,4847,40.70998,-73.91116,40.699871408829885,-73.91171872615814,member
1529194,9492A3EF10C45B30,classic_bike,2021-07-01 11:38:20,2021-07-01 11:45:58,Stanhope St & Fairview Ave,5146,Wyckoff Ave & Gates Ave,4847,40.70998,-73.91116,40.699871408829885,-73.91171872615814,casual
1529218,983EAC067BCB824C,classic_bike,2021-07-15 02:23:48,2021-07-15 02:34:30,Stanhope St & Fairview Ave,5146,Wyckoff Ave & Gates Ave,4847,40.70998,-73.91116,40.699871408829885,-73.91171872615814,casual
1529227,14488027B6B3FFAB,classic_bike,2021-07-06 15:01:05,2021-07-06 15:09:24,Stanhope St & Fairview Ave,5146,Wyckoff Ave & Gates Ave,4847,40.70998,-73.91116,40.699871408829885,-73.91171872615814,casual
1546563,FC0CF27770B5B0D6,classic_bike,2021-07-14 19:49:28,2021-07-14 19:56:38,Stanhope St & Fairview Ave,5146,Wyckoff Ave & Gates Ave,4847,40.70998,-73.91116,40.699871408829885,-73.91171872615814,member
1546564,23CDF52B50A0B729,electric_bike,2021-07-11 13:56:35,2021-07-11 14:01:27,Stanhope St & Fairview Ave,5146,Wyckoff Ave & Gates Ave,4847,40.70998,-73.91116,40.699871408829885,-73.91171872615814,member
1546596,F81B9D8893275B3D,classic_bike,2021-07-17 12:45:34,2021-07-17 12:52:22,Stanhope St & Fairview Ave,5146,Wyckoff Ave & Gates Ave,4847,40.70998,-73.91116,40.699871408829885,-73.91171872615814,member
1546625,173B4BB09106C8AE,electric_bike,2021-07-07 12:07:40,2021-07-07 12:12:35,Stanhope St & Fairview Ave,5146,Wyckoff Ave & Gates Ave,4847,40.70998,-73.91116,40.699871408829885,-73.91171872615814,member
1546640,6AC1577C48C6A9C6,electric_bike,2021-07-10 19:42:27,2021-07-10 19:47:31,Stanhope St & Fairview Ave,5146,Wyckoff Ave & Gates Ave,4847,40.70998,-73.91116,40.699871408829885,-73.91171872615814,casual
1610195,304089324D9142D3,electric_bike,2021-07-26 20:28:29,2021-07-26 21:04:33,Stanhope St & Fairview Ave,5146,Bushwick Ave & Forrest St,4914,40.70998,-73.91116,40.70076,-73.93641,casual
1610196,973394F70A139DB4,classic_bike,2021-07-26 20:32:01,2021-07-26 21:04:36,Stanhope St & Fairview Ave,5146,Bushwick Ave & Forrest St,4914,40.70998,-73.91116,40.70076,-73.93641,casual
1610327,068B933733AF6AB6,electric_bike,2021-07-28 20:33:05,2021-07-28 20:45:49,Stanhope St & Fairview Ave,5146,Bushwick Ave & Forrest St,4914,40.70998,-73.91116,40.70076,-73.93641,member
1620267,7F0D4BEED23496C7,electric_bike,2021-07-22 15:37:14,2021-07-22 15:46:42,Stanhope St & Fairview Ave,5146,Montrose Ave & Bushwick Ave,5068,40.70998,-73.91116,40.70767788,-73.94016171,casual
1623320,23C4F5D10BB62DAA,electric_bike,2021-07-28 16:30:51,2021-07-28 16:54:07,Stanhope St & Fairview Ave,5146,N 6 St & Bedford Ave,5379,40.70998,-73.91116,40.71745169,-73.95850939,casual
1624289,0DE4071AC780AC2D,electric_bike,2021-07-21 19:57:30,2021-07-21 20:15:00,Stanhope St & Fairview Ave,5146,Montrose Ave & Bushwick Ave,5068,40.70998,-73.91116,40.70767788,-73.94016171,casual
1629629,6779AEEBC495C185,electric_bike,2021-07-07 19:30:11,2021-07-07 19:48:30,Stanhope St & Fairview Ave,5146,N 6 St & Bedford Ave,5379,40.70998,-73.91116,40.71745169,-73.95850939,member
1645173,0F9794E540D16ECD,electric_bike,2021-07-16 15:27:34,2021-07-16 15:36:38,Stanhope St & Fairview Ave,5146,Montrose Ave & Bushwick Ave,5068,40.70998,-73.91116,40.70767788,-73.94016171,casual
1645178,5C9AB7B599DB22DA,electric_bike,2021-07-21 19:42:02,2021-07-21 19:52:57,Stanhope St & Fairview Ave,5146,Montrose Ave & Bushwick Ave,5068,40.70998,-73.91116,40.70767788,-73.94016171,member
1677433,382C09A3A3105798,electric_bike,2021-07-13 17:48:43,2021-07-13 17:59:37,Stanhope St & Fairview Ave,5146,Willoughby Ave & Myrtle Ave,4759,40.70998,-73.91116,40.69757,-73.93098,casual
1677458,50265C2FCE8B35FC,electric_bike,2021-07-06 17:09:35,2021-07-06 17:18:06,Stanhope St & Fairview Ave,5146,Willoughby Ave & Myrtle Ave,4759,40.70998,-73.91116,40.69757,-73.93098,casual
1678410,8DAA15FD97354A93,classic_bike,2021-07-25 20:02:57,2021-07-25 20:14:21,Stanhope St & Fairview Ave,5146,Waterbury St & Stagg St,5099,40.70998,-73.91116,40.71019,-73.93734,member
1678460,F39E39E991C10FFA,classic_bike,2021-07-20 16:40:26,2021-07-20 16:57:59,Stanhope St & Fairview Ave,5146,Willoughby Ave & Myrtle Ave,4759,40.70998,-73.91116,40.69757,-73.93098,casual
1679950,A13A5C68FE06849F,electric_bike,2021-07-27 17:14:56,2021-07-27 17:29:50,Stanhope St & Fairview Ave,5146,Willoughby Ave & Myrtle Ave,4759,40.70998,-73.91116,40.69757,-73.93098,casual
1679951,855F352FF4EDC0B7,classic_bike,2021-07-23 19:11:39,2021-07-23 19:24:04,Stanhope St & Fairview Ave,5146,Willoughby Ave & Myrtle Ave,4759,40.70998,-73.91116,40.69757,-73.93098,casual
1679954,372B5D791DCB6681,electric_bike,2021-07-04 20:51:42,2021-07-04 21:02:19,Stanhope St & Fairview Ave,5146,Willoughby Ave & Myrtle Ave,4759,40.70998,-73.91116,40.69757,-73.93098,casual
1679958,75139ED302C8DE95,classic_bike,2021-07-16 17:04:17,2021-07-16 17:18:38,Stanhope St & Fairview Ave,5146,Willoughby Ave & Myrtle Ave,4759,40.70998,-73.91116,40.69757,-73.93098,casual
1679959,7F2059B5140FB63C,classic_bike,2021-07-22 13:08:38,2021-07-22 13:35:02,Stanhope St & Fairview Ave,5146,Washington Park,4546,40.70998,-73.91116,40.6917823,-73.9737299,casual
1679962,A53437D4C44D3BAC,classic_bike,2021-07-14 16:57:37,2021-07-14 17:15:02,Stanhope St & Fairview Ave,5146,Willoughby Ave & Myrtle Ave,4759,40.70998,-73.91116,40.69757,-73.93098,casual
1680865,0B3612CF6BE87CED,electric_bike,2021-07-20 20:40:22,2021-07-20 20:49:52,Stanhope St & Fairview Ave,5146,Willoughby Ave & Myrtle Ave,4759,40.70998,-73.91116,40.69757,-73.93098,member
1752922,95E646E028D4FDB4,electric_bike,2021-07-05 23:48:00,2021-07-06 00:15:05,Stanhope St & Fairview Ave,5146,Bedford Ave & Bergen St,4066,40.70998,-73.91116,40.676368,-73.952918,casual
1754724,D28F36A46692EBBD,electric_bike,2021-07-07 13:43:37,2021-07-07 14:11:01,Stanhope St & Fairview Ave,5146,Grand Ave & Bergen St,4190,40.70998,-73.91116,40.678045,-73.962408,casual
1754725,3596CFA7A62CFB81,electric_bike,2021-07-05 13:19:19,2021-07-05 13:45:16,Stanhope St & Fairview Ave,5146,Grand Ave & Bergen St,4190,40.70998,-73.91116,40.678045,-73.962408,casual
1754743,7907E6A39F990912,electric_bike,2021-07-20 20:48:23,2021-07-20 21:05:54,Stanhope St & Fairview Ave,5146,Tompkins Ave & Hopkins St,4850,40.70998,-73.91116,40.69957608,-73.94708417,casual
1754971,9CE617E6F873BA07,electric_bike,2021-07-27 13:23:57,2021-07-27 13:47:10,Stanhope St & Fairview Ave,5146,Grand Ave & Bergen St,4190,40.70998,-73.91116,40.678045,-73.962408,casual
1765723,7270DE3806D8D71D,electric_bike,2021-07-12 13:43:51,2021-07-12 14:11:28,Stanhope St & Fairview Ave,5146,Grand Ave & Bergen St,4190,40.70998,-73.91116,40.678045,-73.962408,casual
1813033,6A747D176EACD956,classic_bike,2021-07-22 18:19:10,2021-07-22 18:32:42,Stanhope St & Fairview Ave,5146,Central Ave & Himrod St,4713,40.70998,-73.91116,40.69676,-73.92302,casual
1813034,61CEB8D537403BE0,classic_bike,2021-07-22 18:20:06,2021-07-22 18:32:44,Stanhope St & Fairview Ave,5146,Central Ave & Himrod St,4713,40.70998,-73.91116,40.69676,-73.92302,casual
1813040,DBEA6A728DA6643B,electric_bike,2021-07-12 16:18:30,2021-07-12 16:26:47,Stanhope St & Fairview Ave,5146,Wilson Ave & Troutman St,4864,40.70998,-73.91116,40.70166,-73.92754,member
1819784,2763F99817FEBC23,electric_bike,2021-07-25 15:57:31,2021-07-25 16:28:39,Stanhope St & Fairview Ave,5146,Suydam St & Knickerbocker Ave,4939,40.70998,-73.91116,40.702013,-73.923769,member
1819822,8E80E85052442007,classic_bike,2021-07-22 21:02:17,2021-07-22 21:15:18,Stanhope St & Fairview Ave,5146,Suydam St & Knickerbocker Ave,4939,40.70998,-73.91116,40.702013,-73.923769,member
1819831,2E6059924D77AE43,electric_bike,2021-07-18 12:39:27,2021-07-18 12:50:28,Stanhope St & Fairview Ave,5146,Suydam St & Knickerbocker Ave,4939,40.70998,-73.91116,40.702013,-73.923769,casual
1821726,8B83EA0FC7BBA199,classic_bike,2021-07-05 13:02:41,2021-07-05 13:09:57,Stanhope St & Fairview Ave,5146,Suydam St & Knickerbocker Ave,4939,40.70998,-73.91116,40.702013,-73.923769,member
1822909,0E57EE7FBA5723D3,classic_bike,2021-07-18 11:29:47,2021-07-18 11:37:25,Stanhope St & Fairview Ave,5146,Suydam St & Knickerbocker Ave,4939,40.70998,-73.91116,40.702013,-73.923769,casual
1822915,AB012647B82FC9E3,classic_bike,2021-07-21 11:29:34,2021-07-21 11:43:58,Stanhope St & Fairview Ave,5146,Frost St & Debevoise Ave,5433,40.70998,-73.91116,40.71882,-73.93948,casual
1822918,BC4CB7E0136C4470,classic_bike,2021-07-11 19:29:03,2021-07-11 19:37:56,Stanhope St & Fairview Ave,5146,Suydam St & Knickerbocker Ave,4939,40.70998,-73.91116,40.702013,-73.923769,member
1822965,AEB84CAC12B0AFB8,classic_bike,2021-07-14 13:56:02,2021-07-14 14:05:39,Stanhope St & Fairview Ave,5146,Suydam St & Knickerbocker Ave,4939,40.70998,-73.91116,40.702013,-73.923769,casual
1822997,8E08920AC601AC32,classic_bike,2021-07-14 13:56:14,2021-07-14 14:05:43,Stanhope St & Fairview Ave,5146,Suydam St & Knickerbocker Ave,4939,40.70998,-73.91116,40.702013,-73.923769,casual
1834344,0D9989FB57E498E8,classic_bike,2021-07-22 21:02:05,2021-07-22 21:15:24,Stanhope St & Fairview Ave,5146,Suydam St & Knickerbocker Ave,4939,40.70998,-73.91116,40.702013,-73.923769,member
1838237,4C179924C6F0564F,classic_bike,2021-07-31 10:31:52,2021-07-31 11:02:54,Stanhope St & Fairview Ave,5146,Carlton Ave & Dean St,4199,40.70998,-73.91116,40.6809741,-73.9710097,casual
1838249,A9F2E9C17E04863C,classic_bike,2021-07-12 20:51:00,2021-07-12 21:01:07,Stanhope St & Fairview Ave,5146,Myrtle Ave & Grove St,4816,40.70998,-73.91116,40.69905,-73.91516,casual
1872727,D9BA1FC7765D678D,electric_bike,2021-07-16 12:33:21,2021-07-16 12:57:30,Stanhope St & Fairview Ave,5146,40 Ave & 9 St,6664,40.70998,-73.91116,40.75742,-73.945133,casual
1901553,8930EAF1B68D3546,electric_bike,2021-07-22 08:38:51,2021-07-22 09:06:44,Stanhope St & Fairview Ave,5146,W Broadway & Spring St,5569,40.70998,-73.91116,40.72494672359416,-74.00165855884552,member
1901554,C8728F5B744EE88D,electric_bike,2021-07-05 00:01:56,2021-07-05 00:22:48,Stanhope St & Fairview Ave,5146,Jefferson Ave & Evergreen Ave,4517,40.70998,-73.91116,40.68989,-73.91458,casual
1901556,6DBE2B56E771A1CD,electric_bike,2021-07-14 18:59:25,2021-07-14 19:29:50,Stanhope St & Fairview Ave,5146,Sullivan Pl & Bedford Ave,3736,40.70998,-73.91116,40.6642406,-73.9574686,casual
1901574,27713B279D44B2A0,classic_bike,2021-07-18 19:46:24,2021-07-18 20:06:29,Stanhope St & Fairview Ave,5146,Jefferson Ave & Evergreen Ave,4517,40.70998,-73.91116,40.68989,-73.91458,casual
1901578,C58B964F33995E61,electric_bike,2021-07-16 21:00:38,2021-07-16 21:08:39,Stanhope St & Fairview Ave,5146,Cedar St & Myrtle Ave,4751,40.70998,-73.91116,40.697842,-73.926241,casual
1901602,9716EF78A640C236,electric_bike,2021-07-24 21:14:08,2021-07-24 21:27:12,Stanhope St & Fairview Ave,5146,Cedar St & Myrtle Ave,4751,40.70998,-73.91116,40.697842,-73.926241,casual
1901612,CC19E50312A28BB6,classic_bike,2021-07-10 18:34:39,2021-07-10 18:42:49,Stanhope St & Fairview Ave,5146,Cedar St & Myrtle Ave,4751,40.70998,-73.91116,40.697842,-73.926241,casual
1915452,104E8A99EF6C348A,electric_bike,2021-07-07 19:50:49,2021-07-07 20:07:16,Stanhope St & Fairview Ave,5146,Broadway & Hancock St,4441,40.70998,-73.91116,40.68663,-73.9168,casual
1915453,AD0CC7F52C492568,electric_bike,2021-07-21 19:01:48,2021-07-21 19:13:25,Stanhope St & Fairview Ave,5146,Broadway & Hancock St,4441,40.70998,-73.91116,40.68663,-73.9168,casual
1915454,5BD25827BA56BECC,classic_bike,2021-07-04 21:00:49,2021-07-04 22:41:20,Stanhope St & Fairview Ave,5146,Woodward Ave & Harman St,5074,40.70998,-73.91116,40.70793,-73.91092,casual
1915509,761A6361429B4EE6,classic_bike,2021-07-05 13:23:51,2021-07-05 13:25:25,Stanhope St & Fairview Ave,5146,Woodward Ave & Harman St,5074,40.70998,-73.91116,40.70793,-73.91092,member
1915513,069A502A02FAF19A,electric_bike,2021-07-15 17:47:11,2021-07-15 18:04:27,Stanhope St & Fairview Ave,5146,Broadway & Hancock St,4441,40.70998,-73.91116,40.68663,-73.9168,casual
1915805,45F9F1527A68C390,classic_bike,2021-07-04 20:54:59,2021-07-04 22:41:30,Stanhope St & Fairview Ave,5146,Woodward Ave & Harman St,5074,40.70998,-73.91116,40.70793,-73.91092,casual
1915806,339692BF13CDFBFC,classic_bike,2021-07-24 12:56:30,2021-07-24 13:57:35,Stanhope St & Fairview Ave,5146,Woodward Ave & Harman St,5074,40.70998,-73.91116,40.70793,-73.91092,member
2013159,8B206F9900E8E396,classic_bike,2021-07-16 17:47:19,2021-07-16 17:52:34,Stanhope St & Fairview Ave,5146,Onderdonk Ave & Gates Ave,4994,40.70998,-73.91116,40.70413,-73.90737,member
2013167,5A57B2ACB3F67B9F,classic_bike,2021-07-09 11:59:21,2021-07-09 12:04:14,Stanhope St & Fairview Ave,5146,Irving Ave & Harman St,4856,40.70998,-73.91116,40.70108,-73.9179,member
2013174,9CF61184BD83DCD1,classic_bike,2021-07-15 07:48:49,2021-07-15 07:53:45,Stanhope St & Fairview Ave,5146,Irving Ave & Harman St,4856,40.70998,-73.91116,40.70108,-73.9179,member
2013175,A02BAAAA583E441F,classic_bike,2021-07-19 09:02:00,2021-07-19 09:07:03,Stanhope St & Fairview Ave,5146,Irving Ave & Harman St,4856,40.70998,-73.91116,40.70108,-73.9179,member
2013176,E9F05FEE51798DE1,classic_bike,2021-07-28 08:00:44,2021-07-28 08:05:37,Stanhope St & Fairview Ave,5146,Irving Ave & Harman St,4856,40.70998,-73.91116,40.70108,-73.9179,member
2013177,52EBA2CBD9CF7F65,classic_bike,2021-07-07 12:35:56,2021-07-07 12:42:23,Stanhope St & Fairview Ave,5146,Irving Ave & Harman St,4856,40.70998,-73.91116,40.70108,-73.9179,member
2013183,E097763A0EB24159,classic_bike,2021-07-14 18:53:08,2021-07-14 18:57:47,Stanhope St & Fairview Ave,5146,Onderdonk Ave & Gates Ave,4994,40.70998,-73.91116,40.70413,-73.90737,casual
2013187,AFF3E1936EA0A6FE,classic_bike,2021-07-12 20:52:04,2021-07-12 21:00:11,Stanhope St & Fairview Ave,5146,Irving Ave & Harman St,4856,40.70998,-73.91116,40.70108,-73.9179,casual
2013188,25201AE81C689F73,classic_bike,2021-07-21 09:35:55,2021-07-21 09:40:44,Stanhope St & Fairview Ave,5146,Irving Ave & Harman St,4856,40.70998,-73.91116,40.70108,-73.9179,member
2013189,4938A6112451224D,classic_bike,2021-07-14 07:16:59,2021-07-14 07:21:47,Stanhope St & Fairview Ave,5146,Irving Ave & Harman St,4856,40.70998,-73.91116,40.70108,-73.9179,member
2013190,9A46EFE4C002DA6E,classic_bike,2021-07-31 11:10:41,2021-07-31 11:15:46,Stanhope St & Fairview Ave,5146,Irving Ave & Harman St,4856,40.70998,-73.91116,40.70108,-73.9179,member
2013193,87C50111D877FCA0,electric_bike,2021-07-16 19:15:46,2021-07-16 19:24:10,Stanhope St & Fairview Ave,5146,Irving Ave & Harman St,4856,40.70998,-73.91116,40.70108,-73.9179,member
2017586,E270C5DFC05AE3CD,classic_bike,2021-07-17 19:27:44,2021-07-17 19:32:37,Stanhope St & Fairview Ave,5146,Irving Ave & Harman St,4856,40.70998,-73.91116,40.70108,-73.9179,member
2017594,52830116359E25D8,classic_bike,2021-07-22 08:47:00,2021-07-22 08:51:14,Stanhope St & Fairview Ave,5146,Irving Ave & Harman St,4856,40.70998,-73.91116,40.70108,-73.9179,member
2017596,C15C019177A5BAC3,classic_bike,2021-07-26 09:14:10,2021-07-26 09:18:28,Stanhope St & Fairview Ave,5146,Irving Ave & Harman St,4856,40.70998,-73.91116,40.70108,-73.9179,member
2017597,DBFB677FB05B469A,classic_bike,2021-07-06 08:36:36,2021-07-06 08:41:36,Stanhope St & Fairview Ave,5146,Irving Ave & Harman St,4856,40.70998,-73.91116,40.70108,-73.9179,member
2017599,B21BA4ED43C574A7,classic_bike,2021-07-18 13:07:06,2021-07-18 13:12:47,Stanhope St & Fairview Ave,5146,Onderdonk Ave & Gates Ave,4994,40.70998,-73.91116,40.70413,-73.90737,member
2017606,74BAD070097D2A1F,classic_bike,2021-07-16 19:15:53,2021-07-16 19:24:05,Stanhope St & Fairview Ave,5146,Irving Ave & Harman St,4856,40.70998,-73.91116,40.70108,-73.9179,member
2017609,C35C30097F8BF797,electric_bike,2021-07-27 11:53:53,2021-07-27 11:58:38,Stanhope St & Fairview Ave,5146,Irving Ave & Harman St,4856,40.70998,-73.91116,40.70108,-73.9179,casual
2017631,E10BFE47A4602632,classic_bike,2021-07-27 08:22:46,2021-07-27 08:27:17,Stanhope St & Fairview Ave,5146,Irving Ave & Harman St,4856,40.70998,-73.91116,40.70108,-73.9179,member
2017640,4A03B145EA62117E,classic_bike,2021-07-23 08:14:17,2021-07-23 08:18:14,Stanhope St & Fairview Ave,5146,Irving Ave & Harman St,4856,40.70998,-73.91116,40.70108,-73.9179,member
2017641,C16EC84F851A4C8B,classic_bike,2021-07-22 22:02:21,2021-07-22 22:13:05,Stanhope St & Fairview Ave,5146,Onderdonk Ave & Gates Ave,4994,40.70998,-73.91116,40.70413,-73.90737,member
2017648,C1F77406F6485A46,classic_bike,2021-07-25 10:56:32,2021-07-25 11:02:56,Stanhope St & Fairview Ave,5146,Irving Ave & Harman St,4856,40.70998,-73.91116,40.70108,-73.9179,member
2017649,A9F177251A2AEB64,classic_bike,2021-07-17 10:56:45,2021-07-17 11:02:01,Stanhope St & Fairview Ave,5146,Onderdonk Ave & Gates Ave,4994,40.70998,-73.91116,40.70413,-73.90737,member
2017678,30D9B6CB9DA310E9,electric_bike,2021-07-06 09:15:15,2021-07-06 09:39:34,Stanhope St & Fairview Ave,5146,Madison St & Clinton St,5190,40.70998,-73.91116,40.71269042,-73.98776323,member
2017693,830FB0864D5A77BE,classic_bike,2021-07-14 18:53:39,2021-07-14 18:57:58,Stanhope St & Fairview Ave,5146,Onderdonk Ave & Gates Ave,4994,40.70998,-73.91116,40.70413,-73.90737,casual
2017714,8C14EDCE2A18FC1B,classic_bike,2021-07-12 20:51:50,2021-07-12 21:00:23,Stanhope St & Fairview Ave,5146,Irving Ave & Harman St,4856,40.70998,-73.91116,40.70108,-73.9179,casual
2017758,262E309AF67539DA,classic_bike,2021-07-13 14:37:17,2021-07-13 14:43:23,Stanhope St & Fairview Ave,5146,Onderdonk Ave & Gates Ave,4994,40.70998,-73.91116,40.70413,-73.90737,member
2236560,C17314DEB170AC15,electric_bike,2021-07-05 18:18:23,2021-07-05 18:41:41,Stanhope St & Fairview Ave,5146,Clinton Ave & Flushing Ave,4762,40.70998,-73.91116,40.69794,-73.96986848,casual
2236605,B8EDC4B786D5C8A2,electric_bike,2021-07-19 18:19:35,2021-07-19 18:43:28,Stanhope St & Fairview Ave,5146,Clinton Ave & Flushing Ave,4762,40.70998,-73.91116,40.69794,-73.96986848,casual
2314817,A2287DC239E0DD0E,electric_bike,2021-07-07 19:32:49,2021-07-07 19:40:29,Stanhope St & Fairview Ave,5146,Sharon St & Olive St,5323,40.70998,-73.91116,40.715353,-73.93856,member
2315929,A4F896E08E9136A0,electric_bike,2021-07-30 15:05:12,2021-07-30 15:17:34,Stanhope St & Fairview Ave,5146,Sharon St & Olive St,5323,40.70998,-73.91116,40.715353,-73.93856,member
2315947,A0D627F6D742B4E8,electric_bike,2021-07-22 14:39:01,2021-07-22 14:47:05,Stanhope St & Fairview Ave,5146,Sharon St & Olive St,5323,40.70998,-73.91116,40.715353,-73.93856,member
2315989,0A8C0FD84DD6EB59,classic_bike,2021-07-24 15:53:43,2021-07-24 15:58:29,Stanhope St & Fairview Ave,5146,Flushing Ave & Woodward Ave,5225,40.70998,-73.91116,40.71246,-73.91873,member
2316011,5EA5A3BE16DF494D,classic_bike,2021-07-24 17:46:09,2021-07-24 17:51:07,Stanhope St & Fairview Ave,5146,Flushing Ave & Woodward Ave,5225,40.70998,-73.91116,40.71246,-73.91873,member
2316026,57CC5C24720ABCBB,electric_bike,2021-07-11 17:18:01,2021-07-11 17:24:10,Stanhope St & Fairview Ave,5146,Flushing Ave & Woodward Ave,5225,40.70998,-73.91116,40.71246,-73.91873,casual
2341278,8F1605C6B9041848,electric_bike,2021-07-23 13:11:59,2021-07-23 13:44:41,Stanhope St & Fairview Ave,5146,Eastern Pkwy & Washington Ave,3928,40.70998,-73.91116,40.6716493,-73.9631145,member
2364438,D7A76587460C2E2F,electric_bike,2021-07-07 19:47:54,2021-07-07 20:03:33,Stanhope St & Fairview Ave,5146,Devoe St & Lorimer St,5259,40.70998,-73.91116,40.71335226222875,-73.9491033554077,casual
2366163,EDA9250F9495041A,electric_bike,2021-07-28 06:09:07,2021-07-28 06:27:41,Stanhope St & Fairview Ave,5146,Fulton St & Waverly Ave,4345,40.70998,-73.91116,40.68323865460341,-73.96599590778351,member
2366167,0978FFAB97DABDAD,classic_bike,2021-07-04 16:04:46,2021-07-04 16:20:33,Stanhope St & Fairview Ave,5146,Devoe St & Lorimer St,5259,40.70998,-73.91116,40.71335226222875,-73.9491033554077,member
2382390,5AB79BAAACDE187A,electric_bike,2021-07-18 21:55:34,2021-07-18 22:28:18,Stanhope St & Fairview Ave,5146,Halsey St & Tompkins Ave,4319,40.70998,-73.91116,40.6823687,-73.944118,casual
2382409,319AAA396AFDB764,electric_bike,2021-07-23 21:53:44,2021-07-23 22:20:16,Stanhope St & Fairview Ave,5146,West Drive & Prospect Park West,3651,40.70998,-73.91116,40.6610633719006,-73.97945255041122,member
2386417,03D49FAB25672904,electric_bike,2021-07-18 21:55:00,2021-07-18 22:28:46,Stanhope St & Fairview Ave,5146,Halsey St & Tompkins Ave,4319,40.70998,-73.91116,40.6823687,-73.944118,casual
2389769,55E01C683749C774,electric_bike,2021-07-19 09:00:04,2021-07-19 09:33:47,Stanhope St & Fairview Ave,5146,West Drive & Prospect Park West,3651,40.70998,-73.91116,40.6610633719006,-73.97945255041122,casual
2485680,E6C96B33BB0952B6,classic_bike,2021-07-02 18:42:52,2021-07-02 19:00:13,Stanhope St & Fairview Ave,5146,Scholes St & Manhattan Ave,5108,40.70998,-73.91116,40.70870368,-73.9448625,casual
2485733,6929D55AD0E45D65,electric_bike,2021-07-25 12:57:45,2021-07-25 13:28:08,Stanhope St & Fairview Ave,5146,Carroll St & Franklin Ave,3847,40.70998,-73.91116,40.6679411,-73.9588,casual
2485737,854AED051024CA7B,classic_bike,2021-07-09 14:52:29,2021-07-09 15:33:28,Stanhope St & Fairview Ave,5146,Scholes St & Manhattan Ave,5108,40.70998,-73.91116,40.70870368,-73.9448625,casual
2561708,4D378E6B08E977F3,electric_bike,2021-07-07 14:24:49,2021-07-07 14:32:09,Stanhope St & Fairview Ave,5146,Stockholm St & Wilson Ave,4824,40.70998,-73.91116,40.699304,-73.923044,member
2561718,6D55389FBDAF7FDF,classic_bike,2021-07-10 11:44:46,2021-07-10 11:52:37,Stanhope St & Fairview Ave,5146,Stockholm St & Wilson Ave,4824,40.70998,-73.91116,40.699304,-73.923044,casual
2561724,D934E0277AC88EDD,electric_bike,2021-07-04 15:56:04,2021-07-04 15:58:37,Stanhope St & Fairview Ave,5146,Willoughby Ave & Onderdonk Ave,5115,40.70998,-73.91116,40.7098,-73.91727,casual
2569254,29939984A260B8EF,electric_bike,2021-07-13 23:00:07,2021-07-13 23:05:33,Stanhope St & Fairview Ave,5146,Stockholm St & Wilson Ave,4824,40.70998,-73.91116,40.699304,-73.923044,casual
2569257,9FCA48C975C5525F,classic_bike,2021-07-14 19:49:09,2021-07-14 20:44:04,Stanhope St & Fairview Ave,5146,35 St & Broadway,6750,40.70998,-73.91116,40.760339,-73.9222427,member
2575896,49E3D857393FA468,classic_bike,2021-07-30 10:51:25,2021-07-30 10:54:20,Stanhope St & Fairview Ave,5146,Willoughby Ave & Onderdonk Ave,5115,40.70998,-73.91116,40.7098,-73.91727,member
2576110,2569943E4A3235D9,electric_bike,2021-07-23 06:18:34,2021-07-23 06:38:32,Stanhope St & Fairview Ave,5146,35 Ave & 37 St,6563,40.70998,-73.91116,40.7557327,-73.9236611,casual
2576241,CE9EEDCEDCB2FB7E,electric_bike,2021-07-20 06:15:14,2021-07-20 06:36:20,Stanhope St & Fairview Ave,5146,35 Ave & 37 St,6563,40.70998,-73.91116,40.7557327,-73.9236611,casual
2576289,62B116CFE1F283D3,electric_bike,2021-07-06 06:19:48,2021-07-06 06:38:26,Stanhope St & Fairview Ave,5146,35 Ave & 37 St,6563,40.70998,-73.91116,40.7557327,-73.9236611,casual
2576293,9D8C9285590C6D5F,electric_bike,2021-07-15 06:19:43,2021-07-15 06:40:25,Stanhope St & Fairview Ave,5146,35 Ave & 37 St,6563,40.70998,-73.91116,40.7557327,-73.9236611,casual
2576299,108A6EB4E6D87FF4,electric_bike,2021-07-19 06:20:49,2021-07-19 06:40:57,Stanhope St & Fairview Ave,5146,35 Ave & 37 St,6563,40.70998,-73.91116,40.7557327,-73.9236611,casual
2576382,BCBD8AA7F3151ED7,classic_bike,2021-07-07 19:38:03,2021-07-07 19:40:52,Stanhope St & Fairview Ave,5146,Willoughby Ave & Onderdonk Ave,5115,40.70998,-73.91116,40.7098,-73.91727,member
2618619,E7E5A2425931E802,electric_bike,2021-07-14 18:37:39,2021-07-14 18:55:21,58 St & 32 Ave,6579,Stanhope St & Fairview Ave,5146,40.75574,-73.903427,40.70998,-73.91116,member
2618684,700AAC8FE5B930E8,electric_bike,2021-07-01 16:15:32,2021-07-01 16:18:58,Menahan St & Onderdonk Ave,5034,Stanhope St & Fairview Ave,5146,40.70553,-73.9096,40.70998,-73.91116,member
2618746,9656E761BE76A575,classic_bike,2021-07-24 19:55:36,2021-07-24 20:10:50,Forest Ave & Summerfield St,4798,Stanhope St & Fairview Ave,5146,40.69922,-73.89795,40.70998,-73.91116,casual
2619079,1F922107D8447572,classic_bike,2021-07-11 18:17:41,2021-07-11 18:24:18,Madison St & Forest Ave,5025,Stanhope St & Fairview Ave,5146,40.70555,-73.90245,40.70998,-73.91116,member
2619085,9259B8DAE915E856,electric_bike,2021-07-26 20:20:11,2021-07-26 20:29:22,Forest Ave & Summerfield St,4798,Stanhope St & Fairview Ave,5146,40.69922,-73.89795,40.70998,-73.91116,casual
2619266,7354D84E5B5E6EED,electric_bike,2021-07-27 16:55:36,2021-07-27 17:17:00,Central Ave & Weirfield St,4591,Stanhope St & Fairview Ave,5146,40.69055,-73.91181,40.70998,-73.91116,casual
2619620,F7FED1861FA45499,electric_bike,2021-07-02 00:30:15,2021-07-02 00:42:53,Melrose St & Broadway,4801,Stanhope St & Fairview Ave,5146,40.697481,-73.935877,40.70998,-73.91116,casual
2619768,17C0243242BE7ECA,classic_bike,2021-07-13 16:41:50,2021-07-13 16:53:45,Cedar St & Myrtle Ave,4751,Stanhope St & Fairview Ave,5146,40.697842,-73.926241,40.70998,-73.91116,member
2620024,C3051BD76A4FD9D2,electric_bike,2021-07-13 07:42:02,2021-07-13 07:47:13,Madison St & Cypress Ave,4807,Stanhope St & Fairview Ave,5146,40.70068,-73.90742,40.70998,-73.91116,member
2620173,9D75C20D071614D9,classic_bike,2021-07-10 15:33:28,2021-07-10 15:45:28,Cedar St & Myrtle Ave,4751,Stanhope St & Fairview Ave,5146,40.697842,-73.926241,40.70998,-73.91116,casual
2620259,AA0E22213EBBE56B,electric_bike,2021-07-07 18:55:51,2021-07-07 19:22:11,3 Ave & Schermerhorn St,4437,Stanhope St & Fairview Ave,5146,40.68683208,-73.9796772,40.70998,-73.91116,member
2620317,9F1FDEE88F50B808,classic_bike,2021-07-20 14:05:03,2021-07-20 14:17:29,Cedar St & Myrtle Ave,4751,Stanhope St & Fairview Ave,5146,40.697842,-73.926241,40.70998,-73.91116,casual
2620357,6903AD89199F8CDA,classic_bike,2021-07-11 19:36:19,2021-07-11 20:34:13,Putnam Ave & Wyckoff Ave,4735,Stanhope St & Fairview Ave,5146,40.69811,-73.90904,40.70998,-73.91116,casual
2620358,65853EBA629B858E,electric_bike,2021-07-14 21:16:19,2021-07-14 21:40:31,Putnam Ave & Wyckoff Ave,4735,Stanhope St & Fairview Ave,5146,40.69811,-73.90904,40.70998,-73.91116,casual
2620372,A0B992A3ECDD4F03,electric_bike,2021-07-23 16:08:30,2021-07-23 16:16:36,Cedar St & Myrtle Ave,4751,Stanhope St & Fairview Ave,5146,40.697842,-73.926241,40.70998,-73.91116,casual
2620383,B3D614B77BDD4A85,classic_bike,2021-07-10 23:39:24,2021-07-10 23:56:12,Stephen St & Seneca Ave,4798,Stanhope St & Fairview Ave,5146,40.6988,-73.9007,40.70998,-73.91116,casual
2620387,4E76C02AA76E3529,classic_bike,2021-07-22 00:42:50,2021-07-22 00:53:38,Stephen St & Seneca Ave,4798,Stanhope St & Fairview Ave,5146,40.6988,-73.9007,40.70998,-73.91116,casual
2620399,1B6AFB3581BD6BB7,classic_bike,2021-07-22 00:43:08,2021-07-22 00:53:31,Stephen St & Seneca Ave,4798,Stanhope St & Fairview Ave,5146,40.6988,-73.9007,40.70998,-73.91116,casual
2620422,BDD58DB3DF30B44B,electric_bike,2021-07-18 19:22:07,2021-07-18 19:31:44,Putnam Ave & Wyckoff Ave,4735,Stanhope St & Fairview Ave,5146,40.69811,-73.90904,40.70998,-73.91116,member
2620441,8F29871D97B3318B,classic_bike,2021-07-11 19:36:15,2021-07-11 20:34:12,Putnam Ave & Wyckoff Ave,4735,Stanhope St & Fairview Ave,5146,40.69811,-73.90904,40.70998,-73.91116,casual
2620449,4F7DF3153A2DD2F6,classic_bike,2021-07-21 16:59:48,2021-07-21 17:42:07,1 Ave & E 62 St,6753,Stanhope St & Fairview Ave,5146,40.7612274,-73.96094022,40.70998,-73.91116,member
2620487,74F4D74DB92987D0,electric_bike,2021-07-29 16:59:27,2021-07-29 17:28:13,Carmine St & 6 Ave,5763,Stanhope St & Fairview Ave,5146,40.73038599,-74.00214988,40.70998,-73.91116,member
2620556,4839C93EF0D41C93,electric_bike,2021-07-12 07:51:14,2021-07-12 07:56:03,Madison St & Cypress Ave,4807,Stanhope St & Fairview Ave,5146,40.70068,-73.90742,40.70998,-73.91116,member
2620558,CA7A99F1C0C5DF73,electric_bike,2021-07-06 08:07:30,2021-07-06 08:11:56,Madison St & Cypress Ave,4807,Stanhope St & Fairview Ave,5146,40.70068,-73.90742,40.70998,-73.91116,member
2620755,0EC755982C77ECB8,electric_bike,2021-07-21 17:57:43,2021-07-21 18:02:16,Flushing Ave & Woodward Ave,5225,Stanhope St & Fairview Ave,5146,40.71246,-73.91873,40.70998,-73.91116,member
2620758,7E668345B20A215E,electric_bike,2021-07-07 19:09:07,2021-07-07 19:20:21,Sharon St & Olive St,5323,Stanhope St & Fairview Ave,5146,40.715353,-73.93856,40.70998,-73.91116,casual
2620762,3161DD0B3977BE5F,electric_bike,2021-07-21 17:46:03,2021-07-21 17:56:13,Sharon St & Olive St,5323,Stanhope St & Fairview Ave,5146,40.715353,-73.93856,40.70998,-73.91116,casual
2620959,8E259F550E296243,electric_bike,2021-07-13 16:41:37,2021-07-13 16:53:39,Cedar St & Myrtle Ave,4751,Stanhope St & Fairview Ave,5146,40.697842,-73.926241,40.70998,-73.91116,casual
2620967,35834A099D2C9D04,electric_bike,2021-07-04 14:46:59,2021-07-04 14:55:29,Cedar St & Myrtle Ave,4751,Stanhope St & Fairview Ave,5146,40.697842,-73.926241,40.70998,-73.91116,casual
2620973,0B1078998EDBF272,classic_bike,2021-07-22 21:49:23,2021-07-22 21:54:47,Madison St & Forest Ave,5025,Stanhope St & Fairview Ave,5146,40.70555,-73.90245,40.70998,-73.91116,casual
2620985,4CBA67AF16D8C373,classic_bike,2021-07-06 21:08:45,2021-07-06 21:15:54,Madison St & Forest Ave,5025,Stanhope St & Fairview Ave,5146,40.70555,-73.90245,40.70998,-73.91116,member
2620994,4695885398B215CA,classic_bike,2021-07-30 21:36:48,2021-07-30 21:41:34,Madison St & Forest Ave,5025,Stanhope St & Fairview Ave,5146,40.70555,-73.90245,40.70998,-73.91116,member
2621008,C3F50700B74B5D36,classic_bike,2021-07-28 18:37:05,2021-07-28 18:53:18,Broadway & Furman Ave,4244,Stanhope St & Fairview Ave,5146,40.68139,-73.90756,40.70998,-73.91116,casual
2621011,65D39107651E24D7,classic_bike,2021-07-19 21:49:16,2021-07-19 22:00:49,Forest Ave & Summerfield St,4798,Stanhope St & Fairview Ave,5146,40.69922,-73.89795,40.70998,-73.91116,casual
2621104,DE1F2E5EC962EDC6,electric_bike,2021-07-03 05:13:15,2021-07-03 05:28:39,Kosciuszko St & Tompkins Ave,4553,Stanhope St & Fairview Ave,5146,40.69128258,-73.9452416,40.70998,-73.91116,casual
2621106,53B64A52C181389D,electric_bike,2021-07-11 18:16:52,2021-07-11 18:20:40,Menahan St & Onderdonk Ave,5034,Stanhope St & Fairview Ave,5146,40.70553,-73.9096,40.70998,-73.91116,casual
2621133,C9486AE74A261B2F,classic_bike,2021-07-14 15:03:16,2021-07-14 15:09:36,Menahan St & Onderdonk Ave,5034,Stanhope St & Fairview Ave,5146,40.70553,-73.9096,40.70998,-73.91116,casual
2621231,D377DCE5046140F7,classic_bike,2021-07-15 08:28:49,2021-07-15 09:12:24,Putnam Ave & Knickerbocker Ave,4663,Stanhope St & Fairview Ave,5146,40.69545,-73.91164,40.70998,-73.91116,member
2621387,6F38E60C547E904E,electric_bike,2021-07-16 00:41:21,2021-07-16 00:48:04,Stephen St & Seneca Ave,4798,Stanhope St & Fairview Ave,5146,40.6988,-73.9007,40.70998,-73.91116,casual
2621391,166F22121CD0E6D8,electric_bike,2021-07-19 00:45:16,2021-07-19 00:53:49,Stephen St & Seneca Ave,4798,Stanhope St & Fairview Ave,5146,40.6988,-73.9007,40.70998,-73.91116,casual
2621732,0AC8B440DF015939,electric_bike,2021-07-23 20:55:24,2021-07-23 21:19:55,Cherry St,5181,Stanhope St & Fairview Ave,5146,40.71219906,-73.97948148,40.70998,-73.91116,member
2621798,EA98E8057C17513B,electric_bike,2021-07-07 19:05:41,2021-07-07 19:20:25,Withers St & Kingsland Ave,5362,Stanhope St & Fairview Ave,5146,40.71773,-73.94051,40.70998,-73.91116,member
2621884,729D6AE08C76E404,electric_bike,2021-07-20 21:57:55,2021-07-20 22:04:51,Madison St & Forest Ave,5025,Stanhope St & Fairview Ave,5146,40.70555,-73.90245,40.70998,-73.91116,casual
2621892,22453F37A465C959,electric_bike,2021-07-04 12:07:09,2021-07-04 12:32:33,Roebling St & N 4 St,5267,Stanhope St & Fairview Ave,5146,40.71469,-73.95739,40.70998,-73.91116,casual
2621903,78EAB350583768A6,electric_bike,2021-07-05 14:45:20,2021-07-05 14:50:35,Madison St & Forest Ave,5025,Stanhope St & Fairview Ave,5146,40.70555,-73.90245,40.70998,-73.91116,member
2621921,7FDF47E971A15825,electric_bike,2021-07-24 19:55:34,2021-07-24 20:10:50,Forest Ave & Summerfield St,4798,Stanhope St & Fairview Ave,5146,40.69922,-73.89795,40.70998,-73.91116,casual
2621961,78A7133D772D8E3D,classic_bike,2021-07-14 20:51:50,2021-07-14 21:01:49,Stephen St & Seneca Ave,4798,Stanhope St & Fairview Ave,5146,40.6988,-73.9007,40.70998,-73.91116,casual
2621962,F7B49AF5B452DA66,classic_bike,2021-07-08 00:21:42,2021-07-08 00:33:20,Stephen St & Seneca Ave,4798,Stanhope St & Fairview Ave,5146,40.6988,-73.9007,40.70998,-73.91116,casual
2621963,73E3C1BBBA7FC9D9,classic_bike,2021-07-14 20:51:23,2021-07-14 21:01:57,Stephen St & Seneca Ave,4798,Stanhope St & Fairview Ave,5146,40.6988,-73.9007,40.70998,-73.91116,casual
2622033,A0309AE42A654BF0,classic_bike,2021-07-24 05:17:37,2021-07-24 05:19:34,Greene Ave & Grandview Ave,5106,Stanhope St & Fairview Ave,5146,40.709697,-73.907856,40.70998,-73.91116,member
2622034,D9D8A04F540D4603,electric_bike,2021-07-18 18:54:20,2021-07-18 18:58:15,Jefferson St & Cypress Ave,5082,Stanhope St & Fairview Ave,5146,40.70907,-73.92157,40.70998,-73.91116,member
2622035,C2388623349DD91F,electric_bike,2021-07-03 17:30:11,2021-07-03 17:35:38,Jefferson St & Cypress Ave,5082,Stanhope St & Fairview Ave,5146,40.70907,-73.92157,40.70998,-73.91116,member
2622036,4BA75FC6EAF9BE7C,electric_bike,2021-07-25 17:34:35,2021-07-25 17:41:16,Jefferson St & Cypress Ave,5082,Stanhope St & Fairview Ave,5146,40.70907,-73.92157,40.70998,-73.91116,member
2622098,E9902AE18785947B,classic_bike,2021-07-26 00:27:09,2021-07-26 00:35:38,Stephen St & Seneca Ave,4798,Stanhope St & Fairview Ave,5146,40.6988,-73.9007,40.70998,-73.91116,casual
2622102,24C4A39422A0A04C,classic_bike,2021-07-12 17:00:57,2021-07-12 17:11:47,Stephen St & Seneca Ave,4798,Stanhope St & Fairview Ave,5146,40.6988,-73.9007,40.70998,-73.91116,casual
2622319,212E5CA8B77A3B0E,electric_bike,2021-07-04 18:17:53,2021-07-04 18:19:20,Greene Ave & Grandview Ave,5106,Stanhope St & Fairview Ave,5146,40.709697,-73.907856,40.70998,-73.91116,member
2622322,71FE58EA0A07688E,classic_bike,2021-07-28 12:59:05,2021-07-28 13:12:50,Bushwick Ave & Harman St,4640,Stanhope St & Fairview Ave,5146,40.69356,-73.92524,40.70998,-73.91116,casual
2622324,CE49C1105C80296F,electric_bike,2021-07-24 07:38:11,2021-07-24 07:46:18,Jefferson St & Cypress Ave,5082,Stanhope St & Fairview Ave,5146,40.70907,-73.92157,40.70998,-73.91116,casual
2622325,7ABF101B60688C6F,classic_bike,2021-07-18 18:42:09,2021-07-18 19:46:24,Greene Ave & Grandview Ave,5106,Stanhope St & Fairview Ave,5146,40.709697,-73.907856,40.70998,-73.91116,casual
2622545,7DD759BAC923EACA,electric_bike,2021-07-30 21:05:20,2021-07-30 21:10:17,Jefferson St & Cypress Ave,5082,Stanhope St & Fairview Ave,5146,40.70907,-73.92157,40.70998,-73.91116,member
2622559,92A6642FD11EF3AF,classic_bike,2021-07-22 04:32:37,2021-07-22 04:39:53,Jefferson St & Cypress Ave,5082,Stanhope St & Fairview Ave,5146,40.70907,-73.92157,40.70998,-73.91116,member
2622562,8C6FB4DEEED68D41,classic_bike,2021-07-05 00:47:49,2021-07-06 01:04:18,Bushwick Ave & Harman St,4640,Stanhope St & Fairview Ave,5146,40.69356,-73.92524,40.70998,-73.91116,casual
2622563,2D2920564BD26215,classic_bike,2021-07-14 18:53:37,2021-07-14 18:58:43,Greene Ave & Grandview Ave,5106,Stanhope St & Fairview Ave,5146,40.709697,-73.907856,40.70998,-73.91116,casual
2622612,EDF8523B99790344,classic_bike,2021-07-16 05:11:45,2021-07-16 05:13:46,Greene Ave & Grandview Ave,5106,Stanhope St & Fairview Ave,5146,40.709697,-73.907856,40.70998,-73.91116,member
2622621,9504EFFBF059F24E,electric_bike,2021-07-23 12:20:01,2021-07-23 12:48:03,Mercer St & Spring St,5532,Stanhope St & Fairview Ave,5146,40.72362738,-73.99949601,40.70998,-73.91116,member
2622791,AFEEFFFF6576C108,electric_bike,2021-07-28 07:51:05,2021-07-28 07:55:28,Madison St & Seneca Ave,4880,Stanhope St & Fairview Ave,5146,40.70183,-73.90625,40.70998,-73.91116,member
2622890,094372572C2FABBF,classic_bike,2021-07-22 20:00:34,2021-07-22 20:04:17,Greene Ave & Grandview Ave,5106,Stanhope St & Fairview Ave,5146,40.709697,-73.907856,40.70998,-73.91116,casual
2622895,17468BC4075F369D,classic_bike,2021-07-14 13:38:52,2021-07-14 13:41:55,Greene Ave & Grandview Ave,5106,Stanhope St & Fairview Ave,5146,40.709697,-73.907856,40.70998,-73.91116,member
2622923,74EB54F44DCA5330,classic_bike,2021-07-30 14:21:56,2021-07-30 14:39:34,Central Ave & Starr Street,4792,Stanhope St & Fairview Ave,5146,40.700003,-73.92834,40.70998,-73.91116,member
2623009,B94A34D43C3C3DFE,classic_bike,2021-07-15 14:17:52,2021-07-15 14:20:23,Greene Ave & Grandview Ave,5106,Stanhope St & Fairview Ave,5146,40.709697,-73.907856,40.70998,-73.91116,member
2623012,85C600FC5AE64D38,electric_bike,2021-07-31 11:03:30,2021-07-31 11:55:39,Greene Ave & Grandview Ave,5106,Stanhope St & Fairview Ave,5146,40.709697,-73.907856,40.70998,-73.91116,casual
2623044,10588FC208DA7498,classic_bike,2021-07-28 18:09:51,2021-07-28 19:48:59,Front St & Washington St,4936,Stanhope St & Fairview Ave,5146,40.70255088,-73.98940236,40.70998,-73.91116,casual
2623072,B0BF2D9E7DB5E376,electric_bike,2021-07-13 15:24:32,2021-07-13 15:44:58,62 St & Northern Blvd,6536,Stanhope St & Fairview Ave,5146,40.754176,-73.900318,40.70998,-73.91116,casual
2623085,083AC41905EE613F,electric_bike,2021-07-23 05:19:19,2021-07-23 05:20:59,Greene Ave & Grandview Ave,5106,Stanhope St & Fairview Ave,5146,40.709697,-73.907856,40.70998,-73.91116,member
2623088,20E8A72AD8DC012C,classic_bike,2021-07-26 20:05:54,2021-07-26 20:11:22,Greene Ave & Grandview Ave,5106,Stanhope St & Fairview Ave,5146,40.709697,-73.907856,40.70998,-73.91116,member
2623089,B4942D2804380918,classic_bike,2021-07-07 18:01:20,2021-07-07 18:08:05,Greene Ave & Grandview Ave,5106,Stanhope St & Fairview Ave,5146,40.709697,-73.907856,40.70998,-73.91116,member
2623237,A01D9DED28019658,classic_bike,2021-07-04 02:24:25,2021-07-04 02:33:30,Bushwick Ave & Harman St,4640,Stanhope St & Fairview Ave,5146,40.69356,-73.92524,40.70998,-73.91116,casual
2623349,E2FABAFEFDCC2847,electric_bike,2021-07-02 20:24:15,2021-07-02 20:30:41,Wyckoff Ave & Gates Ave,4847,Stanhope St & Fairview Ave,5146,40.699871408829885,-73.91171872615814,40.70998,-73.91116,member
2623486,D2BBD04EF3BD5999,electric_bike,2021-07-04 16:36:28,2021-07-04 17:12:43,E 13 St & Avenue A,5779,Stanhope St & Fairview Ave,5146,40.72966729392978,-73.98067966103554,40.70998,-73.91116,member
2623505,C1D7AD446E0F3D82,electric_bike,2021-07-21 08:01:16,2021-07-21 08:04:54,Madison St & Seneca Ave,4880,Stanhope St & Fairview Ave,5146,40.70183,-73.90625,40.70998,-73.91116,member
2623506,6417B8B33BCC24E8,electric_bike,2021-07-10 08:43:57,2021-07-10 08:47:55,Madison St & Seneca Ave,4880,Stanhope St & Fairview Ave,5146,40.70183,-73.90625,40.70998,-73.91116,member
2623540,3FE35C1F9DE99153,classic_bike,2021-07-26 08:11:08,2021-07-26 08:17:05,Madison St & Seneca Ave,4880,Stanhope St & Fairview Ave,5146,40.70183,-73.90625,40.70998,-73.91116,member
2623545,5F27561C3E146D2A,classic_bike,2021-07-19 13:16:53,2021-07-19 13:51:23,Wyckoff Ave & Gates Ave,4847,Stanhope St & Fairview Ave,5146,40.699871408829885,-73.91171872615814,40.70998,-73.91116,casual
2623578,F1972228751CB87F,electric_bike,2021-07-14 23:49:25,2021-07-15 00:17:17,Milton St & Franklin St,5752,Stanhope St & Fairview Ave,5146,40.72906,-73.95779,40.70998,-73.91116,casual
2623620,8BC5FE4EAA170775,electric_bike,2021-07-04 16:36:12,2021-07-04 17:12:43,E 13 St & Avenue A,5779,Stanhope St & Fairview Ave,5146,40.72966729392978,-73.98067966103554,40.70998,-73.91116,member
2623751,5DC4F97C72F8A27D,electric_bike,2021-07-01 17:07:14,2021-07-01 17:13:28,Wyckoff Ave & Gates Ave,4847,Stanhope St & Fairview Ave,5146,40.699871408829885,-73.91171872615814,40.70998,-73.91116,member
2623752,47681A8555684D02,electric_bike,2021-07-12 11:53:43,2021-07-12 11:59:09,Wyckoff Ave & Gates Ave,4847,Stanhope St & Fairview Ave,5146,40.699871408829885,-73.91171872615814,40.70998,-73.91116,member
2623807,200D436B55FB739B,classic_bike,2021-07-19 13:15:58,2021-07-19 13:51:22,Wyckoff Ave & Gates Ave,4847,Stanhope St & Fairview Ave,5146,40.699871408829885,-73.91171872615814,40.70998,-73.91116,casual
2623887,AE4D31BC2DEF8575,electric_bike,2021-07-14 20:44:50,2021-07-14 20:51:30,Wyckoff Ave & Gates Ave,4847,Stanhope St & Fairview Ave,5146,40.699871408829885,-73.91171872615814,40.70998,-73.91116,member
2624025,A414581F5074D1AE,electric_bike,2021-07-05 09:00:06,2021-07-05 09:05:34,Wyckoff Ave & Gates Ave,4847,Stanhope St & Fairview Ave,5146,40.699871408829885,-73.91171872615814,40.70998,-73.91116,member
2624212,BF149264A87DD70D,classic_bike,2021-07-01 09:44:17,2021-07-01 10:06:25,Kosciuszko St & Tompkins Ave,4553,Stanhope St & Fairview Ave,5146,40.69128258,-73.9452416,40.70998,-73.91116,member
2624321,F3957514F0DD19D5,classic_bike,2021-07-24 19:10:04,2021-07-24 19:27:35,Onderdonk Ave & Gates Ave,4994,Stanhope St & Fairview Ave,5146,40.70413,-73.90737,40.70998,-73.91116,member
2624329,7CA12A42702DB01F,classic_bike,2021-07-26 10:17:30,2021-07-26 10:23:16,Irving Ave & Harman St,4856,Stanhope St & Fairview Ave,5146,40.70108,-73.9179,40.70998,-73.91116,member
2624330,9C6F45AC366C1C9D,classic_bike,2021-07-06 09:50:03,2021-07-06 09:56:57,Irving Ave & Harman St,4856,Stanhope St & Fairview Ave,5146,40.70108,-73.9179,40.70998,-73.91116,member
2624331,AFD5CBA1EEBA1F12,electric_bike,2021-07-27 12:33:19,2021-07-27 12:38:30,Irving Ave & Harman St,4856,Stanhope St & Fairview Ave,5146,40.70108,-73.9179,40.70998,-73.91116,casual
2624499,AC0F09C35B205F62,electric_bike,2021-07-22 15:22:17,2021-07-22 15:33:12,Scholes St & Manhattan Ave,5108,Stanhope St & Fairview Ave,5146,40.70870368,-73.9448625,40.70998,-73.91116,casual
2624642,F3F2C976D6321790,classic_bike,2021-07-09 14:28:47,2021-07-09 14:41:18,Stockholm St & Wilson Ave,4824,Stanhope St & Fairview Ave,5146,40.699304,-73.923044,40.70998,-73.91116,member
2624648,945011D4CF5EEDDA,classic_bike,2021-07-17 09:31:25,2021-07-17 09:37:37,Willoughby Ave & Onderdonk Ave,5115,Stanhope St & Fairview Ave,5146,40.7098,-73.91727,40.70998,-73.91116,member
2624672,CFA629EB5961D56A,electric_bike,2021-07-31 19:47:26,2021-07-31 20:07:54,Willoughby Ave & Onderdonk Ave,5115,Stanhope St & Fairview Ave,5146,40.7098,-73.91727,40.70998,-73.91116,member
2624735,AC9FDC92CC65C624,classic_bike,2021-07-24 12:15:48,2021-07-24 12:28:06,Onderdonk Ave & Gates Ave,4994,Stanhope St & Fairview Ave,5146,40.70413,-73.90737,40.70998,-73.91116,member
2624837,1B65C88AC8E7814B,classic_bike,2021-07-17 05:09:35,2021-07-17 05:13:09,Willoughby Ave & Onderdonk Ave,5115,Stanhope St & Fairview Ave,5146,40.7098,-73.91727,40.70998,-73.91116,casual
2624862,C797EC061003D9A1,classic_bike,2021-07-21 10:54:08,2021-07-21 11:00:19,Irving Ave & Harman St,4856,Stanhope St & Fairview Ave,5146,40.70108,-73.9179,40.70998,-73.91116,member
2624863,F2D4623BF16B1D83,classic_bike,2021-07-14 08:31:26,2021-07-14 08:37:18,Irving Ave & Harman St,4856,Stanhope St & Fairview Ave,5146,40.70108,-73.9179,40.70998,-73.91116,member
2624866,0168EC12D759843C,classic_bike,2021-07-25 12:29:15,2021-07-25 12:37:01,Irving Ave & Harman St,4856,Stanhope St & Fairview Ave,5146,40.70108,-73.9179,40.70998,-73.91116,member
2624876,3C4F3942061BC172,classic_bike,2021-07-20 02:25:26,2021-07-20 02:32:52,Irving Ave & Harman St,4856,Stanhope St & Fairview Ave,5146,40.70108,-73.9179,40.70998,-73.91116,casual
2624879,3858E9D6B09F2547,electric_bike,2021-07-15 19:46:59,2021-07-15 19:55:00,Irving Ave & Harman St,4856,Stanhope St & Fairview Ave,5146,40.70108,-73.9179,40.70998,-73.91116,casual
2624904,3421FB8BE10224DF,classic_bike,2021-07-13 22:58:44,2021-07-13 23:50:42,Smith St & 9 St,4077,Stanhope St & Fairview Ave,5146,40.6746957,-73.99785768,40.70998,-73.91116,casual
2624910,A9D6BCD254A80FBB,classic_bike,2021-07-04 23:01:34,2021-07-04 23:46:39,Smith St & 9 St,4077,Stanhope St & Fairview Ave,5146,40.6746957,-73.99785768,40.70998,-73.91116,casual
2625076,07DCF01A6A823519,electric_bike,2021-07-18 15:25:36,2021-07-18 15:34:46,Central Ave & Flushing Ave,4947,Stanhope St & Fairview Ave,5146,40.702831,-73.9333,40.70998,-73.91116,casual
2625078,A4C88F6066234390,electric_bike,2021-07-04 16:51:35,2021-07-04 17:08:50,Willoughby Ave & Tompkins Ave,4665,Stanhope St & Fairview Ave,5146,40.69425403,-73.94626915,40.70998,-73.91116,casual
2625219,5BF7C4C405A97C4D,classic_bike,2021-07-27 09:40:05,2021-07-27 09:45:43,Irving Ave & Harman St,4856,Stanhope St & Fairview Ave,5146,40.70108,-73.9179,40.70998,-73.91116,member
2625226,185D7DBD81531D3B,classic_bike,2021-07-23 09:26:04,2021-07-23 09:32:22,Irving Ave & Harman St,4856,Stanhope St & Fairview Ave,5146,40.70108,-73.9179,40.70998,-73.91116,member
2625566,5F3040EC1E38F696,electric_bike,2021-07-15 09:08:33,2021-07-15 09:13:26,Irving Ave & Harman St,4856,Stanhope St & Fairview Ave,5146,40.70108,-73.9179,40.70998,-73.91116,member
2625567,C015762B5BCF9EBB,classic_bike,2021-07-19 10:01:39,2021-07-19 10:08:20,Irving Ave & Harman St,4856,Stanhope St & Fairview Ave,5146,40.70108,-73.9179,40.70998,-73.91116,member
2625568,9F46F70461379900,electric_bike,2021-07-28 09:29:17,2021-07-28 09:34:34,Irving Ave & Harman St,4856,Stanhope St & Fairview Ave,5146,40.70108,-73.9179,40.70998,-73.91116,member
2625569,5D490B42F853276B,electric_bike,2021-07-07 13:56:19,2021-07-07 14:01:21,Irving Ave & Harman St,4856,Stanhope St & Fairview Ave,5146,40.70108,-73.9179,40.70998,-73.91116,member
2625690,FE800B75CDE1061C,classic_bike,2021-07-20 02:25:37,2021-07-20 02:33:01,Irving Ave & Harman St,4856,Stanhope St & Fairview Ave,5146,40.70108,-73.9179,40.70998,-73.91116,casual
2625695,F45A5D3360EB5282,classic_bike,2021-07-17 13:14:45,2021-07-17 13:20:30,Onderdonk Ave & Gates Ave,4994,Stanhope St & Fairview Ave,5146,40.70413,-73.90737,40.70998,-73.91116,casual
2625701,09556913169C4018,electric_bike,2021-07-07 13:03:57,2021-07-07 13:09:17,Wyckoff Ave & Gates Ave,4847,Stanhope St & Fairview Ave,5146,40.699871408829885,-73.91171872615814,40.70998,-73.91116,member
2625739,8518F78F6D9F6A9C,classic_bike,2021-07-07 20:00:36,2021-07-07 20:15:29,Wyckoff Ave & Gates Ave,4847,Stanhope St & Fairview Ave,5146,40.699871408829885,-73.91171872615814,40.70998,-73.91116,member
2625838,C75E5574B5D4CBBE,classic_bike,2021-07-08 16:56:09,2021-07-08 17:05:40,Devoe St & Morgan Ave,5282,Stanhope St & Fairview Ave,5146,40.713811,-73.93515,40.70998,-73.91116,casual
2625859,E508A0690A25D50A,electric_bike,2021-07-11 00:24:27,2021-07-11 01:01:23,Columbia St & W 9 St,4086,Stanhope St & Fairview Ave,5146,40.6769993,-74.00647134,40.70998,-73.91116,casual
2625868,72F361C78EE8507C,classic_bike,2021-07-09 19:16:36,2021-07-09 19:26:34,Willoughby Ave & Onderdonk Ave,5115,Stanhope St & Fairview Ave,5146,40.7098,-73.91727,40.70998,-73.91116,casual
2625926,60C14655C67F6566,classic_bike,2021-07-28 22:05:10,2021-07-28 22:14:50,Wyckoff Av & Stanhope St,4931,Stanhope St & Fairview Ave,5146,40.703545,-73.917775,40.70998,-73.91116,member
2625932,58252F4B6C2D209C,electric_bike,2021-07-27 07:46:31,2021-07-27 07:50:34,Wyckoff Av & Stanhope St,4931,Stanhope St & Fairview Ave,5146,40.703545,-73.917775,40.70998,-73.91116,casual
2625935,7640A070435A3318,electric_bike,2021-07-04 23:49:55,2021-07-04 23:54:11,Wyckoff Av & Stanhope St,4931,Stanhope St & Fairview Ave,5146,40.703545,-73.917775,40.70998,-73.91116,casual
2625937,5C341223A9D9F34B,classic_bike,2021-07-14 18:07:39,2021-07-14 18:14:52,Wyckoff Av & Stanhope St,4931,Stanhope St & Fairview Ave,5146,40.703545,-73.917775,40.70998,-73.91116,casual
2625939,4C5A0148E59FA067,electric_bike,2021-07-29 14:37:43,2021-07-29 14:41:49,Wyckoff Av & Stanhope St,4931,Stanhope St & Fairview Ave,5146,40.703545,-73.917775,40.70998,-73.91116,casual
2625944,53268E8ED7C86C71,electric_bike,2021-07-20 22:10:23,2021-07-20 22:14:18,Wyckoff Av & Stanhope St,4931,Stanhope St & Fairview Ave,5146,40.703545,-73.917775,40.70998,-73.91116,casual
2625974,E6B989D87AD0FD70,electric_bike,2021-07-28 17:02:31,2021-07-28 17:06:39,Madison St & Woodward Ave,4954,Stanhope St & Fairview Ave,5146,40.70408,-73.90408,40.70998,-73.91116,casual
2625976,6423DE2A1574D8C2,classic_bike,2021-07-07 18:12:20,2021-07-07 18:20:44,Wyckoff Av & Stanhope St,4931,Stanhope St & Fairview Ave,5146,40.703545,-73.917775,40.70998,-73.91116,casual
2625978,D670A82405C07DF5,classic_bike,2021-07-02 14:21:58,2021-07-02 14:57:18,Caton Ave & Argyle Rd,3303,Stanhope St & Fairview Ave,5146,40.649681,-73.967829,40.70998,-73.91116,casual
2625983,8C5B4A36B7E7D88D,electric_bike,2021-07-19 21:30:23,2021-07-19 21:34:52,Wyckoff Av & Stanhope St,4931,Stanhope St & Fairview Ave,5146,40.703545,-73.917775,40.70998,-73.91116,casual
2625985,F097158907EE3C80,electric_bike,2021-07-08 14:38:25,2021-07-08 14:43:16,Wyckoff Av & Stanhope St,4931,Stanhope St & Fairview Ave,5146,40.703545,-73.917775,40.70998,-73.91116,casual
2625987,A4436E8FC9E38B7F,electric_bike,2021-07-12 06:43:39,2021-07-12 06:48:03,Wyckoff Av & Stanhope St,4931,Stanhope St & Fairview Ave,5146,40.703545,-73.917775,40.70998,-73.91116,casual
2625989,B8D5E1DABF7A2464,classic_bike,2021-07-15 18:27:45,2021-07-15 18:32:54,Wyckoff Av & Stanhope St,4931,Stanhope St & Fairview Ave,5146,40.703545,-73.917775,40.70998,-73.91116,member
2625991,75B5916139E94F2A,electric_bike,2021-07-20 04:39:29,2021-07-20 04:43:07,Wyckoff Av & Stanhope St,4931,Stanhope St & Fairview Ave,5146,40.703545,-73.917775,40.70998,-73.91116,casual
2625992,12B65A49B3F9B056,classic_bike,2021-07-17 17:21:23,2021-07-17 17:26:31,Wyckoff Av & Stanhope St,4931,Stanhope St & Fairview Ave,5146,40.703545,-73.917775,40.70998,-73.91116,casual
2626004,3DFD0176F87B4737,classic_bike,2021-07-28 22:05:28,2021-07-28 22:15:07,Wyckoff Av & Stanhope St,4931,Stanhope St & Fairview Ave,5146,40.703545,-73.917775,40.70998,-73.91116,casual
2626014,8638BFB6C41E756E,electric_bike,2021-07-11 14:56:57,2021-07-11 15:01:10,Wyckoff Av & Stanhope St,4931,Stanhope St & Fairview Ave,5146,40.703545,-73.917775,40.70998,-73.91116,member
2626024,6EFAC67D43DB2C1C,classic_bike,2021-07-29 16:07:58,2021-07-29 16:13:14,Wyckoff Av & Stanhope St,4931,Stanhope St & Fairview Ave,5146,40.703545,-73.917775,40.70998,-73.91116,member
2626049,CC5E5A125FEE8245,electric_bike,2021-07-19 16:56:20,2021-07-19 17:00:17,Wyckoff Av & Stanhope St,4931,Stanhope St & Fairview Ave,5146,40.703545,-73.917775,40.70998,-73.91116,member
2626052,A917AC1CD3989227,electric_bike,2021-07-22 17:17:11,2021-07-22 17:20:18,Wyckoff Av & Stanhope St,4931,Stanhope St & Fairview Ave,5146,40.703545,-73.917775,40.70998,-73.91116,member
2626053,0C50503DF6300730,electric_bike,2021-07-20 16:59:02,2021-07-20 17:02:29,Wyckoff Av & Stanhope St,4931,Stanhope St & Fairview Ave,5146,40.703545,-73.917775,40.70998,-73.91116,member
2626058,70BA0F2851FD5CBA,classic_bike,2021-07-18 19:25:32,2021-07-18 19:32:00,Wyckoff Av & Stanhope St,4931,Stanhope St & Fairview Ave,5146,40.703545,-73.917775,40.70998,-73.91116,member
2626067,EDBDA91764E4371B,classic_bike,2021-07-23 20:47:54,2021-07-23 21:15:20,Throop Ave & Myrtle Ave,4697,Stanhope St & Fairview Ave,5146,40.69622937,-73.94371094,40.70998,-73.91116,casual
2626070,C54CF5684388A1D3,electric_bike,2021-07-01 06:51:07,2021-07-01 06:55:40,Wyckoff Av & Stanhope St,4931,Stanhope St & Fairview Ave,5146,40.703545,-73.917775,40.70998,-73.91116,casual
2626091,CC17E39751E31FA5,electric_bike,2021-07-27 21:38:57,2021-07-27 21:42:16,Wyckoff Av & Stanhope St,4931,Stanhope St & Fairview Ave,5146,40.703545,-73.917775,40.70998,-73.91116,casual
2626095,5F0A66B583F2A9BA,electric_bike,2021-07-07 08:13:45,2021-07-07 08:17:10,Madison St & Woodward Ave,4954,Stanhope St & Fairview Ave,5146,40.70408,-73.90408,40.70998,-73.91116,member
2626120,C3650BD1B98DE414,classic_bike,2021-07-21 18:02:47,2021-07-21 18:07:56,Wyckoff Av & Stanhope St,4931,Stanhope St & Fairview Ave,5146,40.703545,-73.917775,40.70998,-73.91116,member
2626127,5CFC81C1EF098CDA,electric_bike,2021-07-09 16:08:59,2021-07-09 16:12:25,Wyckoff Av & Stanhope St,4931,Stanhope St & Fairview Ave,5146,40.703545,-73.917775,40.70998,-73.91116,member
2626129,4A2E729799958628,classic_bike,2021-07-14 19:41:54,2021-07-14 19:47:17,Wyckoff Av & Stanhope St,4931,Stanhope St & Fairview Ave,5146,40.703545,-73.917775,40.70998,-73.91116,casual
2626130,D22B543C9486B659,electric_bike,2021-07-10 22:50:02,2021-07-10 22:54:03,Madison St & Woodward Ave,4954,Stanhope St & Fairview Ave,5146,40.70408,-73.90408,40.70998,-73.91116,casual
2626135,C245FD6E1A655C59,classic_bike,2021-07-08 00:17:44,2021-07-08 00:23:49,Wyckoff Av & Stanhope St,4931,Stanhope St & Fairview Ave,5146,40.703545,-73.917775,40.70998,-73.91116,casual
2626147,ACD9601677FAF49B,electric_bike,2021-07-06 06:41:36,2021-07-06 06:45:28,Wyckoff Av & Stanhope St,4931,Stanhope St & Fairview Ave,5146,40.703545,-73.917775,40.70998,-73.91116,casual
2626148,F3581BD45DB1483E,classic_bike,2021-07-20 12:17:04,2021-07-20 12:22:23,Wyckoff Av & Stanhope St,4931,Stanhope St & Fairview Ave,5146,40.703545,-73.917775,40.70998,-73.91116,member
2626161,B42156A8A7D4AE87,classic_bike,2021-07-22 20:32:19,2021-07-22 20:58:44,Bushwick Ave & Powers St,5250,Stanhope St & Fairview Ave,5146,40.71247661,-73.94100005,40.70998,-73.91116,member
2626206,6AE904351477F351,classic_bike,2021-07-31 17:01:09,2021-07-31 17:05:11,Wyckoff Av & Stanhope St,4931,Stanhope St & Fairview Ave,5146,40.703545,-73.917775,40.70998,-73.91116,member
2626207,61F65C269E4C5D10,classic_bike,2021-07-31 07:23:30,2021-07-31 07:30:33,Wyckoff Av & Stanhope St,4931,Stanhope St & Fairview Ave,5146,40.703545,-73.917775,40.70998,-73.91116,member
2626236,6906640928E22D4E,electric_bike,2021-07-04 14:35:44,2021-07-04 14:40:06,Madison St & Woodward Ave,4954,Stanhope St & Fairview Ave,5146,40.70408,-73.90408,40.70998,-73.91116,member
2626237,1752BD5483CEF0B5,electric_bike,2021-07-18 19:46:21,2021-07-18 19:49:20,Wyckoff Av & Stanhope St,4931,Stanhope St & Fairview Ave,5146,40.703545,-73.917775,40.70998,-73.91116,member
2626358,55CAF46561C608E1,electric_bike,2021-07-16 17:37:02,2021-07-16 17:40:48,Wyckoff Av & Stanhope St,4931,Stanhope St & Fairview Ave,5146,40.703545,-73.917775,40.70998,-73.91116,member
2626374,27E2880E874F0513,classic_bike,2021-07-21 17:44:46,2021-07-21 17:50:31,Wyckoff Av & Stanhope St,4931,Stanhope St & Fairview Ave,5146,40.703545,-73.917775,40.70998,-73.91116,member
2626376,9B443238198373E3,electric_bike,2021-07-07 18:30:45,2021-07-07 18:35:00,Wyckoff Av & Stanhope St,4931,Stanhope St & Fairview Ave,5146,40.703545,-73.917775,40.70998,-73.91116,member
2626377,2859BD16954C4CCB,electric_bike,2021-07-15 10:50:11,2021-07-15 10:53:55,Wyckoff Av & Stanhope St,4931,Stanhope St & Fairview Ave,5146,40.703545,-73.917775,40.70998,-73.91116,member
2626378,992865C560F5E0DC,classic_bike,2021-07-21 19:44:23,2021-07-21 19:48:59,Wyckoff Av & Stanhope St,4931,Stanhope St & Fairview Ave,5146,40.703545,-73.917775,40.70998,-73.91116,member
2626379,421BED8E8F524AC7,classic_bike,2021-07-14 19:50:02,2021-07-14 19:53:48,Wyckoff Av & Stanhope St,4931,Stanhope St & Fairview Ave,5146,40.703545,-73.917775,40.70998,-73.91116,member
2626388,80BBD1D0A4B1DC19,electric_bike,2021-07-22 21:10:23,2021-07-22 21:13:59,Wyckoff Av & Stanhope St,4931,Stanhope St & Fairview Ave,5146,40.703545,-73.917775,40.70998,-73.91116,casual
2626389,2796F388BAF27B94,classic_bike,2021-07-23 13:42:15,2021-07-23 13:47:26,Wyckoff Av & Stanhope St,4931,Stanhope St & Fairview Ave,5146,40.703545,-73.917775,40.70998,-73.91116,casual
2626412,8D8D076E627040D2,electric_bike,2021-07-07 09:11:29,2021-07-07 09:18:10,Madison St & Woodward Ave,4954,Stanhope St & Fairview Ave,5146,40.70408,-73.90408,40.70998,-73.91116,member
2626415,142F290424E3C063,classic_bike,2021-07-19 10:20:21,2021-07-19 10:26:37,Wyckoff Av & Stanhope St,4931,Stanhope St & Fairview Ave,5146,40.703545,-73.917775,40.70998,-73.91116,casual
2626453,EFB3BD1E8C3182D3,electric_bike,2021-07-01 14:50:35,2021-07-01 14:55:23,Wyckoff Av & Stanhope St,4931,Stanhope St & Fairview Ave,5146,40.703545,-73.917775,40.70998,-73.91116,casual
2626454,820BFBE49ACAB17C,electric_bike,2021-07-27 16:49:35,2021-07-27 16:55:32,Madison St & Woodward Ave,4954,Stanhope St & Fairview Ave,5146,40.70408,-73.90408,40.70998,-73.91116,casual
2626457,28D6272E1EF13B4F,classic_bike,2021-07-28 22:31:02,2021-07-28 22:36:18,Wyckoff Av & Stanhope St,4931,Stanhope St & Fairview Ave,5146,40.703545,-73.917775,40.70998,-73.91116,casual
2626467,714AB5FA3138FD52,classic_bike,2021-07-25 15:16:49,2021-07-25 15:24:15,Madison St & Woodward Ave,4954,Stanhope St & Fairview Ave,5146,40.70408,-73.90408,40.70998,-73.91116,member
2626468,F0D0CB6D022FDD14,classic_bike,2021-07-28 18:16:49,2021-07-28 18:23:20,Wyckoff Av & Stanhope St,4931,Stanhope St & Fairview Ave,5146,40.703545,-73.917775,40.70998,-73.91116,member
2626476,7AA65312BDD9D444,electric_bike,2021-07-21 16:45:49,2021-07-21 16:50:34,Wyckoff Av & Stanhope St,4931,Stanhope St & Fairview Ave,5146,40.703545,-73.917775,40.70998,-73.91116,member
2626506,BDA7C7B3B9696DC3,classic_bike,2021-07-18 12:38:45,2021-07-18 12:43:30,Wyckoff Av & Stanhope St,4931,Stanhope St & Fairview Ave,5146,40.703545,-73.917775,40.70998,-73.91116,casual
2626544,6A519C009CC4F399,electric_bike,2021-07-07 18:38:43,2021-07-07 18:43:00,Wyckoff Av & Stanhope St,4931,Stanhope St & Fairview Ave,5146,40.703545,-73.917775,40.70998,-73.91116,member
2626550,EE94060AA62D8423,classic_bike,2021-07-15 12:47:22,2021-07-15 12:55:11,Wyckoff Av & Stanhope St,4931,Stanhope St & Fairview Ave,5146,40.703545,-73.917775,40.70998,-73.91116,member
2627713,9596DDC6BECF227F,classic_bike,2021-07-28 23:24:05,2021-07-28 23:29:21,Wyckoff Av & Stanhope St,4931,Stanhope St & Fairview Ave,5146,40.703545,-73.917775,40.70998,-73.91116,casual
2627717,92FFCB4D2274B2EB,classic_bike,2021-07-09 18:26:16,2021-07-09 18:31:52,Wyckoff Av & Stanhope St,4931,Stanhope St & Fairview Ave,5146,40.703545,-73.917775,40.70998,-73.91116,casual
2627720,B747BEFD7AE367F7,electric_bike,2021-07-21 23:28:26,2021-07-21 23:34:25,Wyckoff Av & Stanhope St,4931,Stanhope St & Fairview Ave,5146,40.703545,-73.917775,40.70998,-73.91116,casual
2627748,40F5FA9827BA0106,electric_bike,2021-07-21 19:17:09,2021-07-21 19:20:56,Wyckoff Av & Stanhope St,4931,Stanhope St & Fairview Ave,5146,40.703545,-73.917775,40.70998,-73.91116,member
2627749,A455FEA1405DEA94,classic_bike,2021-07-14 19:16:22,2021-07-14 19:21:47,Wyckoff Av & Stanhope St,4931,Stanhope St & Fairview Ave,5146,40.703545,-73.917775,40.70998,-73.91116,member
2628024,978F62F81389248C,electric_bike,2021-07-07 17:58:51,2021-07-07 18:03:01,Wyckoff Av & Stanhope St,4931,Stanhope St & Fairview Ave,5146,40.703545,-73.917775,40.70998,-73.91116,casual
2628028,E3EFA71D2A95E71D,electric_bike,2021-07-05 22:52:34,2021-07-05 22:58:43,Wyckoff Av & Stanhope St,4931,Stanhope St & Fairview Ave,5146,40.703545,-73.917775,40.70998,-73.91116,casual
2628807,369CE11B1BA44AD7,classic_bike,2021-07-30 01:42:40,2021-07-30 02:42:24,Union Ave & Wallabout St,4818,Stanhope St & Fairview Ave,5146,40.70029511,-73.95032283,40.70998,-73.91116,casual
2628857,B3D1E60DFA124022,classic_bike,2021-07-22 10:04:21,2021-07-22 10:10:49,Irving Ave & Harman St,4856,Stanhope St & Fairview Ave,5146,40.70108,-73.9179,40.70998,-73.91116,member
2629788,C863326ACAE7899B,electric_bike,2021-07-08 11:13:48,2021-07-08 11:20:46,Stanhope St & Fairview Ave,5146,Hart St & Wyckoff Ave,4971,40.70998,-73.91116,40.704876,-73.919911,casual
2629794,6B65CEC57F85A8F7,classic_bike,2021-07-24 19:35:53,2021-07-24 19:41:53,Stanhope St & Fairview Ave,5146,Hart St & Wyckoff Ave,4971,40.70998,-73.91116,40.704876,-73.919911,casual
2660563,E83172EC88E9BA1D,electric_bike,2021-07-26 20:25:52,2021-07-26 20:41:34,Stanhope St & Fairview Ave,5146,Bushwick Ave & Powers St,5250,40.70998,-73.91116,40.71247661,-73.94100005,member
2660675,D15275FBAC4E66FB,classic_bike,2021-07-24 05:20:04,2021-07-24 05:29:14,Stanhope St & Fairview Ave,5146,Bushwick Ave & Powers St,5250,40.70998,-73.91116,40.71247661,-73.94100005,member
2660681,74CD9E22E689DCCA,electric_bike,2021-07-13 15:08:59,2021-07-13 15:43:07,Stanhope St & Fairview Ave,5146,Smith St & 9 St,4077,40.70998,-73.91116,40.6746957,-73.99785768,casual
2660792,9E297668F23D3EC7,electric_bike,2021-07-05 09:30:24,2021-07-05 09:58:11,Stanhope St & Fairview Ave,5146,Smith St & 9 St,4077,40.70998,-73.91116,40.6746957,-73.99785768,casual
2660838,399A059E2C1B2E50,electric_bike,2021-07-04 15:52:01,2021-07-04 16:32:54,Stanhope St & Fairview Ave,5146,Smith St & 9 St,4077,40.70998,-73.91116,40.6746957,-73.99785768,casual
2856730,49FD9E974064E99A,electric_bike,2021-07-23 12:38:25,2021-07-23 12:52:49,Stanhope St & Fairview Ave,5146,Onderdonk Ave & Dekalb Ave,5115,40.70998,-73.91116,40.70863,-73.91497,member
2856749,C002A2EFEB90DAA7,classic_bike,2021-07-20 12:42:01,2021-07-20 12:50:15,Stanhope St & Fairview Ave,5146,Wyckoff Av & Jefferson St,5051,40.70998,-73.91116,40.707165,-73.923711,member
2856755,EF1C9D1201D015B3,electric_bike,2021-07-18 19:58:50,2021-07-18 20:12:11,Stanhope St & Fairview Ave,5146,Grove St & Broadway,4526,40.70998,-73.91116,40.69047,-73.923511,casual
2857124,C3DCEE347753F31F,electric_bike,2021-07-15 13:33:52,2021-07-15 13:35:27,Stanhope St & Fairview Ave,5146,Onderdonk Ave & Dekalb Ave,5115,40.70998,-73.91116,40.70863,-73.91497,member
2857436,24A8C1CEE02CC0C6,classic_bike,2021-07-08 22:27:13,2021-07-08 22:41:01,Stanhope St & Fairview Ave,5146,Grove St & Broadway,4526,40.70998,-73.91116,40.69047,-73.923511,casual
2862106,E04E95B288906E19,electric_bike,2021-07-03 18:06:52,2021-07-03 18:10:38,Stanhope St & Fairview Ave,5146,Onderdonk Ave & Dekalb Ave,5115,40.70998,-73.91116,40.70863,-73.91497,member
2862109,C8F39D8DB093D536,electric_bike,2021-07-18 11:44:41,2021-07-18 11:50:09,Stanhope St & Fairview Ave,5146,Wyckoff Av & Jefferson St,5051,40.70998,-73.91116,40.707165,-73.923711,member
2862113,524C2D71EFC3C51D,electric_bike,2021-07-31 22:36:14,2021-07-31 22:51:07,Stanhope St & Fairview Ave,5146,Union Ave & Jackson St,5300,40.70998,-73.91116,40.7160751,-73.952029,casual
2924443,505B5563592B3E32,electric_bike,2021-07-01 20:30:18,2021-07-01 20:50:18,Stanhope St & Fairview Ave,5146,S 3 St & Bedford Ave,5235,40.70998,-73.91116,40.71260486,-73.96264403,member
2924703,BF1F50CDF5713D3D,electric_bike,2021-07-26 19:32:00,2021-07-26 19:39:18,Stanhope St & Fairview Ave,5146,Central Ave & Himrod St,4713,40.70998,-73.91116,40.69676,-73.92302,casual
2962478,3C4D189825324B63,electric_bike,2021-07-31 10:18:17,2021-07-31 10:22:45,Stanhope St & Fairview Ave,5146,Wyckoff Av & Stanhope St,4931,40.70998,-73.91116,40.703545,-73.917775,member
2962506,E545ABBA81C5D2D8,electric_bike,2021-07-07 09:59:56,2021-07-07 10:05:04,Stanhope St & Fairview Ave,5146,Wyckoff Av & Stanhope St,4931,40.70998,-73.91116,40.703545,-73.917775,member
2962539,664B0E7DBD214A8C,classic_bike,2021-07-08 04:48:17,2021-07-08 04:51:28,Stanhope St & Fairview Ave,5146,Wyckoff Av & Stanhope St,4931,40.70998,-73.91116,40.703545,-73.917775,casual
2962546,AD95945B99E70A2F,electric_bike,2021-07-09 04:56:59,2021-07-09 05:00:22,Stanhope St & Fairview Ave,5146,Wyckoff Av & Stanhope St,4931,40.70998,-73.91116,40.703545,-73.917775,casual
2962553,3FC5C380ABA8A527,electric_bike,2021-07-02 04:54:21,2021-07-02 04:57:29,Stanhope St & Fairview Ave,5146,Wyckoff Av & Stanhope St,4931,40.70998,-73.91116,40.703545,-73.917775,casual
2962558,7601084FCC41AF7F,electric_bike,2021-07-09 16:37:08,2021-07-09 16:44:53,Stanhope St & Fairview Ave,5146,Wyckoff Av & Stanhope St,4931,40.70998,-73.91116,40.703545,-73.917775,casual
2962587,49E06543E2358792,electric_bike,2021-07-05 07:44:22,2021-07-05 07:48:18,Stanhope St & Fairview Ave,5146,Wyckoff Av & Stanhope St,4931,40.70998,-73.91116,40.703545,-73.917775,casual
2973881,B87544A119F8AC13,classic_bike,2021-07-09 08:29:00,2021-07-09 08:32:33,Stanhope St & Fairview Ave,5146,Wyckoff Av & Stanhope St,4931,40.70998,-73.91116,40.703545,-73.917775,member
2973897,4A3987399200D80F,classic_bike,2021-07-20 15:04:31,2021-07-20 15:07:33,Stanhope St & Fairview Ave,5146,Wyckoff Av & Stanhope St,4931,40.70998,-73.91116,40.703545,-73.917775,member
2973906,ED2CAECF91332124,classic_bike,2021-07-19 19:21:37,2021-07-19 19:26:24,Stanhope St & Fairview Ave,5146,Wyckoff Av & Stanhope St,4931,40.70998,-73.91116,40.703545,-73.917775,casual
2973922,153868A6A7F4E679,electric_bike,2021-07-22 15:17:11,2021-07-22 15:20:20,Stanhope St & Fairview Ave,5146,Wyckoff Av & Stanhope St,4931,40.70998,-73.91116,40.703545,-73.917775,member
2973927,3DD2A27D289131A6,classic_bike,2021-07-28 12:58:35,2021-07-28 13:03:29,Stanhope St & Fairview Ave,5146,Wyckoff Av & Stanhope St,4931,40.70998,-73.91116,40.703545,-73.917775,member
2973928,985DAA49AD9282B9,electric_bike,2021-07-26 13:53:59,2021-07-26 13:57:51,Stanhope St & Fairview Ave,5146,Wyckoff Av & Stanhope St,4931,40.70998,-73.91116,40.703545,-73.917775,member
2973929,889A26545CFDD7AC,electric_bike,2021-07-27 21:17:07,2021-07-27 21:21:26,Stanhope St & Fairview Ave,5146,Wyckoff Av & Stanhope St,4931,40.70998,-73.91116,40.703545,-73.917775,casual
2973942,DA0233CDAFF23E7C,classic_bike,2021-07-25 13:01:35,2021-07-25 13:05:45,Stanhope St & Fairview Ave,5146,Wyckoff Av & Stanhope St,4931,40.70998,-73.91116,40.703545,-73.917775,casual
2973947,B9179448E0C5F64B,electric_bike,2021-07-21 09:47:54,2021-07-21 09:52:13,Stanhope St & Fairview Ave,5146,Wyckoff Av & Stanhope St,4931,40.70998,-73.91116,40.703545,-73.917775,casual
2973949,74ED450294D11E1E,electric_bike,2021-07-31 12:11:51,2021-07-31 12:19:36,Stanhope St & Fairview Ave,5146,Madison St & Woodward Ave,4954,40.70998,-73.91116,40.70408,-73.90408,casual
2973950,0F38D748F1F5044F,electric_bike,2021-07-31 12:11:54,2021-07-31 12:19:30,Stanhope St & Fairview Ave,5146,Madison St & Woodward Ave,4954,40.70998,-73.91116,40.70408,-73.90408,casual
2973972,5B3BAC56639017E0,electric_bike,2021-07-21 08:32:27,2021-07-21 08:35:20,Stanhope St & Fairview Ave,5146,Wyckoff Av & Stanhope St,4931,40.70998,-73.91116,40.703545,-73.917775,member
2973986,6D2A8D2A0420B085,electric_bike,2021-07-16 14:54:46,2021-07-16 14:57:42,Stanhope St & Fairview Ave,5146,Wyckoff Av & Stanhope St,4931,40.70998,-73.91116,40.703545,-73.917775,member
2973999,AF19CB1DFBD93A92,classic_bike,2021-07-30 08:01:24,2021-07-30 08:06:13,Stanhope St & Fairview Ave,5146,Wyckoff Av & Stanhope St,4931,40.70998,-73.91116,40.703545,-73.917775,casual
2974022,3C7D15FFA6D96A46,classic_bike,2021-07-26 09:11:38,2021-07-26 09:15:36,Stanhope St & Fairview Ave,5146,Wyckoff Av & Stanhope St,4931,40.70998,-73.91116,40.703545,-73.917775,member
2974024,F7FF5C39307AD3CD,electric_bike,2021-07-28 09:45:08,2021-07-28 09:48:09,Stanhope St & Fairview Ave,5146,Wyckoff Av & Stanhope St,4931,40.70998,-73.91116,40.703545,-73.917775,member
2974025,79E870C0A19DB87D,electric_bike,2021-07-12 12:45:21,2021-07-12 12:49:48,Stanhope St & Fairview Ave,5146,Wyckoff Av & Stanhope St,4931,40.70998,-73.91116,40.703545,-73.917775,member
2974032,4459116D37D30F68,electric_bike,2021-07-07 10:00:03,2021-07-07 10:05:01,Stanhope St & Fairview Ave,5146,Wyckoff Av & Stanhope St,4931,40.70998,-73.91116,40.703545,-73.917775,member
2974053,962F6A0C27B0292B,electric_bike,2021-07-02 15:27:16,2021-07-02 15:30:43,Stanhope St & Fairview Ave,5146,Wyckoff Av & Stanhope St,4931,40.70998,-73.91116,40.703545,-73.917775,member
2974054,8FDCF6F2EDE3F0AA,electric_bike,2021-07-04 18:19:53,2021-07-04 18:22:20,Stanhope St & Fairview Ave,5146,Wyckoff Av & Stanhope St,4931,40.70998,-73.91116,40.703545,-73.917775,member
2974085,EB592D6701C475C3,classic_bike,2021-07-27 12:30:45,2021-07-27 12:35:27,Stanhope St & Fairview Ave,5146,Wyckoff Av & Stanhope St,4931,40.70998,-73.91116,40.703545,-73.917775,member
2974092,6FCAA08F710143E3,classic_bike,2021-07-31 21:56:19,2021-07-31 22:14:25,Stanhope St & Fairview Ave,5146,Throop Ave & Myrtle Ave,4697,40.70998,-73.91116,40.69622937,-73.94371094,member
2974095,067A0521A02ADEC1,electric_bike,2021-07-12 08:42:36,2021-07-12 08:46:14,Stanhope St & Fairview Ave,5146,Wyckoff Av & Stanhope St,4931,40.70998,-73.91116,40.703545,-73.917775,member
2974112,214886D3AE049C13,electric_bike,2021-07-07 19:49:52,2021-07-07 19:54:10,Stanhope St & Fairview Ave,5146,Wyckoff Av & Stanhope St,4931,40.70998,-73.91116,40.703545,-73.917775,casual
2974118,7BFFFE3CB4F08EAA,classic_bike,2021-07-06 14:23:09,2021-07-06 14:27:40,Stanhope St & Fairview Ave,5146,Wyckoff Av & Stanhope St,4931,40.70998,-73.91116,40.703545,-73.917775,member
2974157,4F3A96D66B160847,electric_bike,2021-07-23 06:15:57,2021-07-23 06:18:22,Stanhope St & Fairview Ave,5146,Wyckoff Av & Stanhope St,4931,40.70998,-73.91116,40.703545,-73.917775,member
2974170,3E171B69F70D921A,electric_bike,2021-07-15 20:25:11,2021-07-15 20:28:35,Stanhope St & Fairview Ave,5146,Wyckoff Av & Stanhope St,4931,40.70998,-73.91116,40.703545,-73.917775,casual
2974172,2B56D9573E3BAFAE,classic_bike,2021-07-09 13:02:40,2021-07-09 13:06:06,Stanhope St & Fairview Ave,5146,Wyckoff Av & Stanhope St,4931,40.70998,-73.91116,40.703545,-73.917775,casual
2974177,63137989301461C7,electric_bike,2021-07-28 08:26:50,2021-07-28 08:29:36,Stanhope St & Fairview Ave,5146,Wyckoff Av & Stanhope St,4931,40.70998,-73.91116,40.703545,-73.917775,casual
2974178,3C4EA9443B08FEC8,classic_bike,2021-07-06 12:47:33,2021-07-06 12:51:11,Stanhope St & Fairview Ave,5146,Wyckoff Av & Stanhope St,4931,40.70998,-73.91116,40.703545,-73.917775,casual
2974183,E49EB758C54106AF,classic_bike,2021-07-26 08:48:55,2021-07-26 08:52:39,Stanhope St & Fairview Ave,5146,Wyckoff Av & Stanhope St,4931,40.70998,-73.91116,40.703545,-73.917775,casual
2974191,EDEE59CB8DC2965A,classic_bike,2021-07-12 12:17:51,2021-07-12 12:21:00,Stanhope St & Fairview Ave,5146,Wyckoff Av & Stanhope St,4931,40.70998,-73.91116,40.703545,-73.917775,casual
2974194,9EA714D2F0C90521,electric_bike,2021-07-29 14:55:27,2021-07-29 15:37:49,Stanhope St & Fairview Ave,5146,Sterling St & Bedford Ave,3665,40.70998,-73.91116,40.6627059,-73.9569115,casual
2974195,7172B22879DF06F7,electric_bike,2021-07-01 04:48:49,2021-07-01 04:52:15,Stanhope St & Fairview Ave,5146,Wyckoff Av & Stanhope St,4931,40.70998,-73.91116,40.703545,-73.917775,casual
2974199,D3EEECEA9558DA27,electric_bike,2021-07-31 08:41:56,2021-07-31 08:45:25,Stanhope St & Fairview Ave,5146,Wyckoff Av & Stanhope St,4931,40.70998,-73.91116,40.703545,-73.917775,casual
2974206,4D0A1E46D35F7D31,classic_bike,2021-07-01 14:01:13,2021-07-01 14:05:30,Stanhope St & Fairview Ave,5146,Wyckoff Av & Stanhope St,4931,40.70998,-73.91116,40.703545,-73.917775,member
2974207,12B1DFB350920438,classic_bike,2021-07-14 08:37:21,2021-07-14 08:41:59,Stanhope St & Fairview Ave,5146,Wyckoff Av & Stanhope St,4931,40.70998,-73.91116,40.703545,-73.917775,member
2974215,46EC8C685D5EBC22,classic_bike,2021-07-08 11:13:17,2021-07-08 11:18:46,Stanhope St & Fairview Ave,5146,Wyckoff Av & Stanhope St,4931,40.70998,-73.91116,40.703545,-73.917775,member
2974237,45DCD96982E34293,electric_bike,2021-07-08 14:33:20,2021-07-08 14:37:15,Stanhope St & Fairview Ave,5146,Wyckoff Av & Stanhope St,4931,40.70998,-73.91116,40.703545,-73.917775,member
2974241,F84FE0E9F8A1CCF6,electric_bike,2021-07-18 15:11:53,2021-07-18 15:15:10,Stanhope St & Fairview Ave,5146,Wyckoff Av & Stanhope St,4931,40.70998,-73.91116,40.703545,-73.917775,member
2974245,AFD885ACDE4BE3D8,electric_bike,2021-07-02 08:47:17,2021-07-02 08:50:36,Stanhope St & Fairview Ave,5146,Wyckoff Av & Stanhope St,4931,40.70998,-73.91116,40.703545,-73.917775,member
2974247,3F11C56E26FA7C1C,electric_bike,2021-07-01 09:52:43,2021-07-01 09:56:23,Stanhope St & Fairview Ave,5146,Wyckoff Av & Stanhope St,4931,40.70998,-73.91116,40.703545,-73.917775,member
2974257,21A6BDFD25943A9E,classic_bike,2021-07-24 12:36:05,2021-07-24 12:40:51,Stanhope St & Fairview Ave,5146,Wyckoff Av & Stanhope St,4931,40.70998,-73.91116,40.703545,-73.917775,casual
2974262,A1123DDA66BCE2A5,classic_bike,2021-07-10 13:14:07,2021-07-10 13:19:02,Stanhope St & Fairview Ave,5146,Wyckoff Av & Stanhope St,4931,40.70998,-73.91116,40.703545,-73.917775,casual
2974263,364ACB1349E831DC,classic_bike,2021-07-14 19:39:05,2021-07-14 19:44:36,Stanhope St & Fairview Ave,5146,Wyckoff Av & Stanhope St,4931,40.70998,-73.91116,40.703545,-73.917775,casual
2974269,F55FC61969D7AEE1,classic_bike,2021-07-26 09:13:33,2021-07-26 09:17:33,Stanhope St & Fairview Ave,5146,Wyckoff Av & Stanhope St,4931,40.70998,-73.91116,40.703545,-73.917775,casual
2974272,D2F2604CB9297455,electric_bike,2021-07-29 04:52:49,2021-07-29 04:56:05,Stanhope St & Fairview Ave,5146,Wyckoff Av & Stanhope St,4931,40.70998,-73.91116,40.703545,-73.917775,casual
2974281,BB07B8AB0DB6271A,classic_bike,2021-07-23 08:29:19,2021-07-23 08:32:22,Stanhope St & Fairview Ave,5146,Wyckoff Av & Stanhope St,4931,40.70998,-73.91116,40.703545,-73.917775,member
2974282,8DEBA934A7F2A452,electric_bike,2021-07-01 15:07:15,2021-07-01 15:10:17,Stanhope St & Fairview Ave,5146,Wyckoff Av & Stanhope St,4931,40.70998,-73.91116,40.703545,-73.917775,member
2974283,CEB0E228BBEDFC58,classic_bike,2021-07-23 15:17:26,2021-07-23 15:21:00,Stanhope St & Fairview Ave,5146,Wyckoff Av & Stanhope St,4931,40.70998,-73.91116,40.703545,-73.917775,member
2974290,AD2D1F4800ECBDA9,classic_bike,2021-07-29 11:45:56,2021-07-29 11:52:39,Stanhope St & Fairview Ave,5146,Wyckoff Av & Stanhope St,4931,40.70998,-73.91116,40.703545,-73.917775,casual
2974301,8F015EFA0F236B77,classic_bike,2021-07-19 19:19:00,2021-07-19 19:26:24,Stanhope St & Fairview Ave,5146,Wyckoff Av & Stanhope St,4931,40.70998,-73.91116,40.703545,-73.917775,casual
2974327,313229B8D1F433A3,electric_bike,2021-07-05 08:11:43,2021-07-05 08:14:36,Stanhope St & Fairview Ave,5146,Wyckoff Av & Stanhope St,4931,40.70998,-73.91116,40.703545,-73.917775,casual
2974349,02E3984B40BC8A42,classic_bike,2021-07-19 19:46:55,2021-07-19 19:51:00,Stanhope St & Fairview Ave,5146,Wyckoff Av & Stanhope St,4931,40.70998,-73.91116,40.703545,-73.917775,member
2974363,D985D8E9DD2BF225,electric_bike,2021-07-21 13:49:19,2021-07-21 13:53:40,Stanhope St & Fairview Ave,5146,Wyckoff Av & Stanhope St,4931,40.70998,-73.91116,40.703545,-73.917775,casual
2974369,504B1C130BE5C4FA,classic_bike,2021-07-21 19:05:11,2021-07-21 19:08:25,Stanhope St & Fairview Ave,5146,Wyckoff Av & Stanhope St,4931,40.70998,-73.91116,40.703545,-73.917775,member
2974417,00C76555F210AD4D,electric_bike,2021-07-11 00:27:41,2021-07-11 00:31:09,Stanhope St & Fairview Ave,5146,Madison St & Woodward Ave,4954,40.70998,-73.91116,40.70408,-73.90408,casual
