,ride_id,rideable_type,started_at,ended_at,start_station_name,start_station_id,end_station_name,end_station_id,start_lat,start_lng,end_lat,end_lng,member_casual
284938,6308F66DA2A8FF70,classic_bike,2021-07-15 12:39:34,2021-07-15 12:56:14,2 Ave & E 104 St,7436,Park Ave & E 124 St,7682,40.7892105,-73.94370784,40.8045555,-73.9396861,member
284939,2B9AF3758E846807,classic_bike,2021-07-31 14:53:02,2021-07-31 15:02:04,2 Ave & E 104 St,7436,E 115 St & Lexington Ave,7599,40.7892105,-73.94370784,40.797911,-73.9423,member
284941,0BF60CFF9B3091CF,classic_bike,2021-07-08 18:11:23,2021-07-08 18:14:35,2 Ave & E 104 St,7436,3 Ave & E 100 St,7414,40.7892105,-73.94370784,40.7877214,-73.94728331,member
284943,770BB873A2DC3630,classic_bike,2021-07-20 15:25:49,2021-07-20 15:41:57,2 Ave & E 104 St,7436,3 Ave & E 100 St,7414,40.7892105,-73.94370784,40.7877214,-73.94728331,member
284944,260C9458D438B7EE,classic_bike,2021-07-27 17:43:52,2021-07-27 17:45:58,2 Ave & E 104 St,7436,3 Ave & E 100 St,7414,40.7892105,-73.94370784,40.7877214,-73.94728331,member
284945,D3214BDC19C4DE12,classic_bike,2021-07-10 19:33:41,2021-07-10 19:42:00,2 Ave & E 104 St,7436,3 Ave & E 100 St,7414,40.7892105,-73.94370784,40.7877214,-73.94728331,member
284946,53BA0BF8903C5705,classic_bike,2021-07-20 16:22:57,2021-07-20 16:33:21,2 Ave & E 104 St,7436,3 Ave & E 100 St,7414,40.7892105,-73.94370784,40.7877214,-73.94728331,member
284949,597556817A253BF6,electric_bike,2021-07-09 05:32:04,2021-07-09 05:39:31,2 Ave & E 104 St,7436,Park Ave & E 124 St,7682,40.7892105,-73.94370784,40.8045555,-73.9396861,casual
284950,333A4FA964160B40,electric_bike,2021-07-12 05:28:21,2021-07-12 05:36:02,2 Ave & E 104 St,7436,Park Ave & E 124 St,7682,40.7892105,-73.94370784,40.8045555,-73.9396861,casual
391877,180ADB50F5E03639,classic_bike,2021-07-25 17:48:32,2021-07-25 17:56:13,2 Ave & E 104 St,7436,E 110 St & Madison Ave,7587,40.7892105,-73.94370784,40.7961535,-73.94782145,member
476452,3C86388B386C6176,classic_bike,2021-07-03 16:14:21,2021-07-03 16:25:18,2 Ave & E 104 St,7436,E 118 St & Park Ave,7625,40.7892105,-73.94370784,40.8005385,-73.9419949,member
476458,1DF2941569084398,classic_bike,2021-07-06 12:29:17,2021-07-06 12:46:09,2 Ave & E 104 St,7436,3 Ave & E 62 St,6762,40.7892105,-73.94370784,40.76312584,-73.96526895,member
480628,C2FFE7A72A91E732,classic_bike,2021-07-23 07:39:47,2021-07-23 07:42:57,2 Ave & E 104 St,7436,1 Ave & E 110 St,7522,40.7892105,-73.94370784,40.7923272,-73.9383,member
480631,0F4A9087192AE904,electric_bike,2021-07-19 20:02:56,2021-07-19 20:19:27,2 Ave & E 104 St,7436,Brook Ave & E 138 St,7707,40.7892105,-73.94370784,40.807408,-73.91924,member
480632,345E0622C180D2B4,classic_bike,2021-07-10 16:57:49,2021-07-10 17:01:26,2 Ave & E 104 St,7436,1 Ave & E 110 St,7522,40.7892105,-73.94370784,40.7923272,-73.9383,member
480633,DE931BABE6AB2A09,classic_bike,2021-07-23 18:27:17,2021-07-23 18:33:51,2 Ave & E 104 St,7436,1 Ave & E 110 St,7522,40.7892105,-73.94370784,40.7923272,-73.9383,casual
484538,71E13F9D384DC4E0,electric_bike,2021-07-30 07:41:28,2021-07-30 07:48:30,2 Ave & E 104 St,7436,E 88 St & Park Ave,7293,40.7892105,-73.94370784,40.781410700190015,-73.95595908164978,member
487717,862596052EC73ECE,classic_bike,2021-07-22 21:12:14,2021-07-22 21:16:43,2 Ave & E 104 St,7436,E 106 St & Madison Ave,7528,40.7892105,-73.94370784,40.7934337,-73.94945003,member
487866,80DA8D462CE47FB7,classic_bike,2021-07-23 08:28:16,2021-07-23 08:34:11,2 Ave & E 104 St,7436,E 106 St & Madison Ave,7528,40.7892105,-73.94370784,40.7934337,-73.94945003,member
487867,2C77D8EEA4A9D97A,classic_bike,2021-07-14 08:28:37,2021-07-14 08:34:30,2 Ave & E 104 St,7436,E 106 St & Madison Ave,7528,40.7892105,-73.94370784,40.7934337,-73.94945003,member
488047,93A7CC2C6DFFD29C,classic_bike,2021-07-07 16:53:55,2021-07-07 17:04:38,2 Ave & E 104 St,7436,E 106 St & Madison Ave,7528,40.7892105,-73.94370784,40.7934337,-73.94945003,member
488048,00A1C58B8D95EF94,classic_bike,2021-07-07 08:19:55,2021-07-07 08:25:22,2 Ave & E 104 St,7436,E 106 St & Madison Ave,7528,40.7892105,-73.94370784,40.7934337,-73.94945003,member
488050,ABC841DDFCFA7136,classic_bike,2021-07-01 14:28:53,2021-07-01 14:34:18,2 Ave & E 104 St,7436,E 106 St & Madison Ave,7528,40.7892105,-73.94370784,40.7934337,-73.94945003,member
488052,7E7E1FA3E71EF18A,classic_bike,2021-07-28 11:33:13,2021-07-28 11:44:05,2 Ave & E 104 St,7436,E 106 St & Madison Ave,7528,40.7892105,-73.94370784,40.7934337,-73.94945003,casual
488054,A4D9FC361DAFE53C,classic_bike,2021-07-08 12:41:23,2021-07-08 12:45:04,2 Ave & E 104 St,7436,E 106 St & Madison Ave,7528,40.7892105,-73.94370784,40.7934337,-73.94945003,member
488883,CD5E323BC3895586,classic_bike,2021-07-15 18:06:19,2021-07-15 18:55:12,2 Ave & E 104 St,7436,E 106 St & Madison Ave,7528,40.7892105,-73.94370784,40.7934337,-73.94945003,member
491706,448C2EDC0FEABB85,electric_bike,2021-07-14 14:05:13,2021-07-14 14:29:41,2 Ave & E 104 St,7436,E 110 St & Madison Ave,7587,40.7892105,-73.94370784,40.7961535,-73.94782145,member
491734,B8A65274503D921F,classic_bike,2021-07-28 18:08:32,2021-07-28 18:23:27,2 Ave & E 104 St,7436,E 110 St & Madison Ave,7587,40.7892105,-73.94370784,40.7961535,-73.94782145,member
492141,1BB3CDA5263C7BE5,classic_bike,2021-07-23 13:37:39,2021-07-23 13:51:15,2 Ave & E 104 St,7436,E 110 St & Madison Ave,7587,40.7892105,-73.94370784,40.7961535,-73.94782145,casual
493620,1FFEB052FB970274,classic_bike,2021-07-16 22:50:27,2021-07-16 23:00:03,2 Ave & E 104 St,7436,E 110 St & Madison Ave,7587,40.7892105,-73.94370784,40.7961535,-73.94782145,member
528123,A7EB1C19574C46C0,classic_bike,2021-07-26 08:44:26,2021-07-26 09:07:44,2 Ave & E 104 St,7436,Columbus Ave & W 95 St,7520,40.7892105,-73.94370784,40.7919557,-73.968087,member
528227,2D8DEA6EFE5E4600,electric_bike,2021-07-30 16:30:13,2021-07-30 16:48:03,2 Ave & E 104 St,7436,Lenox Ave & W 144 St,7910,40.7892105,-73.94370784,40.819783,-73.936521,casual
528381,04B15D97F9952072,classic_bike,2021-07-14 18:30:27,2021-07-14 18:41:56,2 Ave & E 104 St,7436,E 81 St & Park Ave,7188,40.7892105,-73.94370784,40.77677702,-73.9590097,member
533084,E998709FB551AC8F,electric_bike,2021-07-08 20:11:15,2021-07-08 20:16:39,2 Ave & E 104 St,7436,2 Ave & E 125 St,7648,40.7892105,-73.94370784,40.802554,-73.933509,member
533088,E72193382C30078F,classic_bike,2021-07-22 21:21:00,2021-07-22 21:35:32,2 Ave & E 104 St,7436,2 Ave & E 125 St,7648,40.7892105,-73.94370784,40.802554,-73.933509,member
557662,ED16292189EE7665,electric_bike,2021-07-24 08:49:51,2021-07-24 08:58:42,2 Ave & E 104 St,7436,E 128 St & 3 Ave,7696,40.7892105,-73.94370784,40.805631,-73.934077,casual
557952,AAEBE572A77D3966,classic_bike,2021-07-28 07:20:33,2021-07-28 07:33:40,2 Ave & E 104 St,7436,E 128 St & 3 Ave,7696,40.7892105,-73.94370784,40.805631,-73.934077,casual
558583,51EB7F57CAEB8BF7,electric_bike,2021-07-28 22:39:07,2021-07-28 22:56:13,2 Ave & E 104 St,7436,E 43 St & 2 Ave,6422,40.7892105,-73.94370784,40.75022392,-73.97121414,member
558584,F26314161DB7194A,classic_bike,2021-07-21 17:52:38,2021-07-21 18:33:37,2 Ave & E 104 St,7436,31 Ave & 30 St,6857,40.7892105,-73.94370784,40.7647,-73.9240312,member
558587,4994549F6FFB4442,classic_bike,2021-07-04 19:07:50,2021-07-04 19:26:39,2 Ave & E 104 St,7436,Central Park W & W 91 St,7453,40.7892105,-73.94370784,40.78866499127884,-73.96680057048798,casual
560081,F7CCD13FA31388A7,electric_bike,2021-07-14 14:05:05,2021-07-14 14:21:29,2 Ave & E 104 St,7436,Central Park W & W 91 St,7453,40.7892105,-73.94370784,40.78866499127884,-73.96680057048798,member
565353,8BADD2084FE84EDB,classic_bike,2021-07-30 17:41:06,2021-07-30 18:17:00,2 Ave & E 104 St,7436,Sunken Meadow Comfort Station,7571,40.7892105,-73.94370784,40.79558,-73.91906,casual
565449,179C69F86908F363,electric_bike,2021-07-10 18:16:33,2021-07-10 18:36:28,2 Ave & E 104 St,7436,Sunken Meadow Comfort Station,7571,40.7892105,-73.94370784,40.79558,-73.91906,casual
575854,6AFA543AEF676A0F,electric_bike,2021-07-31 02:41:38,2021-07-31 03:00:33,2 Ave & E 104 St,7436,1 Ave & E 78 St,7020,40.7892105,-73.94370784,40.77140426,-73.9535166,casual
575908,6AB9F103D7155395,electric_bike,2021-07-22 23:10:22,2021-07-22 23:19:05,2 Ave & E 104 St,7436,1 Ave & E 78 St,7020,40.7892105,-73.94370784,40.77140426,-73.9535166,member
576811,F98C6FC13A32AD1E,electric_bike,2021-07-16 07:31:05,2021-07-16 08:05:06,2 Ave & E 104 St,7436,E 25 St & 2 Ave,6046,40.7892105,-73.94370784,40.73912601,-73.97973776,member
579739,EF8EF4DC447E37D7,electric_bike,2021-07-15 15:26:32,2021-07-15 15:36:00,2 Ave & E 104 St,7436,1 Ave & E 78 St,7020,40.7892105,-73.94370784,40.77140426,-73.9535166,member
580000,7802848A7BEA05C5,electric_bike,2021-07-31 09:58:39,2021-07-31 10:24:24,2 Ave & E 104 St,7436,Washington Pl & 6 Ave,5838,40.7892105,-73.94370784,40.73224119,-74.00026394,member
633553,3AE8D7DB022E6A62,classic_bike,2021-07-01 08:25:38,2021-07-01 08:44:57,2 Ave & E 104 St,7436,Walnut Ave & E 136 St,7639,40.7892105,-73.94370784,40.801657,-73.909513,member
648187,86F247C3915ADD43,classic_bike,2021-07-20 07:29:43,2021-07-20 07:34:31,2 Ave & E 104 St,7436,Lexington Ave & E 111 St,7567,40.7892105,-73.94370784,40.7954121,-73.9441232,casual
648645,1B0C5B8F56D15152,classic_bike,2021-07-31 19:01:03,2021-07-31 19:09:33,2 Ave & E 104 St,7436,Lexington Ave & E 111 St,7567,40.7892105,-73.94370784,40.7954121,-73.9441232,member
648648,F3398090B56BB793,classic_bike,2021-07-28 15:22:33,2021-07-28 15:44:10,2 Ave & E 104 St,7436,E 55 St & 2 Ave,6650,40.7892105,-73.94370784,40.75797322,-73.96603308,casual
648652,6A3E41211C3FDCD7,electric_bike,2021-07-11 08:21:00,2021-07-11 08:26:28,2 Ave & E 104 St,7436,Lexington Ave & E 111 St,7567,40.7892105,-73.94370784,40.7954121,-73.9441232,member
648653,7E652FE0E19AB0A3,classic_bike,2021-07-29 20:46:17,2021-07-29 20:53:33,2 Ave & E 104 St,7436,Lexington Ave & E 111 St,7567,40.7892105,-73.94370784,40.7954121,-73.9441232,casual
648656,60182FEB115AD593,classic_bike,2021-07-29 07:51:59,2021-07-29 07:56:59,2 Ave & E 104 St,7436,Lexington Ave & E 111 St,7567,40.7892105,-73.94370784,40.7954121,-73.9441232,casual
648657,73BFFA269439BC8E,classic_bike,2021-07-27 17:10:48,2021-07-27 17:14:46,2 Ave & E 104 St,7436,Lexington Ave & E 111 St,7567,40.7892105,-73.94370784,40.7954121,-73.9441232,member
648660,278C3728B8C11E13,electric_bike,2021-07-02 16:00:42,2021-07-02 16:28:48,2 Ave & E 104 St,7436,Amsterdam Ave & W 156 St,8104,40.7892105,-73.94370784,40.832081,-73.942386,casual
648663,CA2526B36CB2B52C,electric_bike,2021-07-25 08:39:58,2021-07-25 08:53:49,2 Ave & E 104 St,7436,Lexington Ave & E 111 St,7567,40.7892105,-73.94370784,40.7954121,-73.9441232,casual
648665,D6FC0AB46F578321,classic_bike,2021-07-30 07:52:02,2021-07-30 07:55:46,2 Ave & E 104 St,7436,Lexington Ave & E 111 St,7567,40.7892105,-73.94370784,40.7954121,-73.9441232,casual
650031,250A6D9E61E9C801,electric_bike,2021-07-27 18:03:31,2021-07-27 18:39:02,2 Ave & E 104 St,7436,W 146 St & Broadway,8018,40.7892105,-73.94370784,40.826969,-73.949738,member
664603,05F0D238D8919315,electric_bike,2021-07-17 01:34:58,2021-07-17 01:56:59,2 Ave & E 104 St,7436,Grand Concourse & E 175 St,8303,40.7892105,-73.94370784,40.846221,-73.909232,casual
677633,65380784E06E3A2F,classic_bike,2021-07-12 00:31:16,2021-07-12 00:43:52,2 Ave & E 104 St,7436,Frederick Douglass Blvd & W 117 St,7688,40.7892105,-73.94370784,40.805159,-73.954692,casual
678186,25151B191158B90C,classic_bike,2021-07-26 22:13:21,2021-07-26 22:33:56,2 Ave & E 104 St,7436,Lexington Ave & E 128 St,7716,40.7892105,-73.94370784,40.806414,-73.936085,member
678221,054B9DE67181E6C7,electric_bike,2021-07-05 17:56:43,2021-07-05 18:13:37,2 Ave & E 104 St,7436,Riverside Dr & W 72 St,7288,40.7892105,-73.94370784,40.78057799010334,-73.98562431335449,member
678255,E324F13DA898093B,classic_bike,2021-07-15 08:10:30,2021-07-15 08:24:38,2 Ave & E 104 St,7436,Frederick Douglass Blvd & W 117 St,7688,40.7892105,-73.94370784,40.805159,-73.954692,member
678695,54CA44110934194B,classic_bike,2021-07-15 21:13:17,2021-07-15 21:31:06,2 Ave & E 104 St,7436,Lexington Ave & E 128 St,7716,40.7892105,-73.94370784,40.806414,-73.936085,member
695427,FAE98F0C922EEA21,classic_bike,2021-07-23 20:48:58,2021-07-23 20:51:45,2 Ave & E 104 St,7436,2 Ave & E 96 St,7338,40.7892105,-73.94370784,40.7839636,-73.9471673,member
695428,CF505E39384132B5,classic_bike,2021-07-09 16:59:28,2021-07-09 17:19:22,2 Ave & E 104 St,7436,1 Ave & E 62 St,6753,40.7892105,-73.94370784,40.7612274,-73.96094022,member
695429,CE8A9EF3857BB83E,classic_bike,2021-07-20 17:09:50,2021-07-20 17:29:26,2 Ave & E 104 St,7436,1 Ave & E 62 St,6753,40.7892105,-73.94370784,40.7612274,-73.96094022,member
695430,F85B722595F6CAA1,classic_bike,2021-07-13 08:30:00,2021-07-13 08:34:10,2 Ave & E 104 St,7436,2 Ave & E 96 St,7338,40.7892105,-73.94370784,40.7839636,-73.9471673,member
695431,1B2DF0FDE8DD0FA0,classic_bike,2021-07-22 18:40:35,2021-07-22 18:44:16,2 Ave & E 104 St,7436,2 Ave & E 96 St,7338,40.7892105,-73.94370784,40.7839636,-73.9471673,member
695432,747DD0F7D3D19B11,classic_bike,2021-07-26 10:12:50,2021-07-26 10:15:58,2 Ave & E 104 St,7436,2 Ave & E 96 St,7338,40.7892105,-73.94370784,40.7839636,-73.9471673,member
695433,0348C750223E46D0,classic_bike,2021-07-29 07:18:23,2021-07-29 07:22:00,2 Ave & E 104 St,7436,2 Ave & E 96 St,7338,40.7892105,-73.94370784,40.7839636,-73.9471673,member
695434,8D0994D2D014C734,classic_bike,2021-07-02 08:46:03,2021-07-02 08:50:33,2 Ave & E 104 St,7436,2 Ave & E 96 St,7338,40.7892105,-73.94370784,40.7839636,-73.9471673,member
695435,F5087DB79415BEF2,classic_bike,2021-07-24 08:38:43,2021-07-24 08:41:47,2 Ave & E 104 St,7436,2 Ave & E 96 St,7338,40.7892105,-73.94370784,40.7839636,-73.9471673,member
695436,58799BFC2D43AD56,classic_bike,2021-07-03 08:51:19,2021-07-03 08:54:49,2 Ave & E 104 St,7436,2 Ave & E 96 St,7338,40.7892105,-73.94370784,40.7839636,-73.9471673,member
695437,4292EF37FB50D32B,classic_bike,2021-07-15 09:48:38,2021-07-15 09:53:24,2 Ave & E 104 St,7436,2 Ave & E 96 St,7338,40.7892105,-73.94370784,40.7839636,-73.9471673,member
695439,77A888440BFCF207,classic_bike,2021-07-28 08:31:13,2021-07-28 08:34:25,2 Ave & E 104 St,7436,2 Ave & E 96 St,7338,40.7892105,-73.94370784,40.7839636,-73.9471673,member
695440,0546CFE7810DB44F,classic_bike,2021-07-17 07:01:20,2021-07-17 07:04:23,2 Ave & E 104 St,7436,2 Ave & E 96 St,7338,40.7892105,-73.94370784,40.7839636,-73.9471673,member
695441,690252DC641A768A,electric_bike,2021-07-04 16:44:05,2021-07-04 16:45:54,2 Ave & E 104 St,7436,2 Ave & E 96 St,7338,40.7892105,-73.94370784,40.7839636,-73.9471673,member
695608,085AE8895BF125D0,classic_bike,2021-07-21 09:51:59,2021-07-21 09:55:24,2 Ave & E 104 St,7436,2 Ave & E 96 St,7338,40.7892105,-73.94370784,40.7839636,-73.9471673,member
695609,F987DB6A83D6B38B,classic_bike,2021-07-16 09:51:10,2021-07-16 09:54:48,2 Ave & E 104 St,7436,2 Ave & E 96 St,7338,40.7892105,-73.94370784,40.7839636,-73.9471673,member
695610,1BD192931BD297EE,classic_bike,2021-07-07 09:50:09,2021-07-07 09:53:28,2 Ave & E 104 St,7436,2 Ave & E 96 St,7338,40.7892105,-73.94370784,40.7839636,-73.9471673,member
695611,192C2FD224E7FC4C,classic_bike,2021-07-01 08:49:43,2021-07-01 08:53:10,2 Ave & E 104 St,7436,2 Ave & E 96 St,7338,40.7892105,-73.94370784,40.7839636,-73.9471673,member
695612,3D64B7DAE040B40B,classic_bike,2021-07-08 09:48:11,2021-07-08 09:51:52,2 Ave & E 104 St,7436,2 Ave & E 96 St,7338,40.7892105,-73.94370784,40.7839636,-73.9471673,member
695613,79B222BC22AA3E32,electric_bike,2021-07-09 18:18:13,2021-07-09 18:50:16,2 Ave & E 104 St,7436,2 Ave & E 96 St,7338,40.7892105,-73.94370784,40.7839636,-73.9471673,member
695614,2D3155AD54183E97,classic_bike,2021-07-01 08:36:38,2021-07-01 08:40:00,2 Ave & E 104 St,7436,2 Ave & E 96 St,7338,40.7892105,-73.94370784,40.7839636,-73.9471673,member
695615,2D15A4BE9FAE1A41,classic_bike,2021-07-14 09:15:14,2021-07-14 09:18:03,2 Ave & E 104 St,7436,2 Ave & E 96 St,7338,40.7892105,-73.94370784,40.7839636,-73.9471673,member
695616,DCCF687190D13653,classic_bike,2021-07-12 08:29:15,2021-07-12 08:32:41,2 Ave & E 104 St,7436,2 Ave & E 96 St,7338,40.7892105,-73.94370784,40.7839636,-73.9471673,member
695618,D6B25FD00EE3AF0D,classic_bike,2021-07-21 15:26:08,2021-07-21 15:29:43,2 Ave & E 104 St,7436,2 Ave & E 96 St,7338,40.7892105,-73.94370784,40.7839636,-73.9471673,member
695619,5FAB045BF0F92BE8,classic_bike,2021-07-22 08:57:59,2021-07-22 09:04:50,2 Ave & E 104 St,7436,2 Ave & E 96 St,7338,40.7892105,-73.94370784,40.7839636,-73.9471673,member
695620,8628D81544E76550,classic_bike,2021-07-16 06:58:58,2021-07-16 07:01:32,2 Ave & E 104 St,7436,2 Ave & E 96 St,7338,40.7892105,-73.94370784,40.7839636,-73.9471673,member
695623,854A44346741FB1F,classic_bike,2021-07-13 09:23:02,2021-07-13 09:26:30,2 Ave & E 104 St,7436,2 Ave & E 96 St,7338,40.7892105,-73.94370784,40.7839636,-73.9471673,member
695625,6DA51DFA42AE226A,electric_bike,2021-07-08 02:32:43,2021-07-08 02:35:17,2 Ave & E 104 St,7436,2 Ave & E 96 St,7338,40.7892105,-73.94370784,40.7839636,-73.9471673,casual
695626,7DC52910E0507AB1,classic_bike,2021-07-19 13:52:35,2021-07-19 13:56:47,2 Ave & E 104 St,7436,2 Ave & E 96 St,7338,40.7892105,-73.94370784,40.7839636,-73.9471673,casual
695627,6CF3096BCFCE0236,classic_bike,2021-07-23 22:20:47,2021-07-23 22:26:34,2 Ave & E 104 St,7436,2 Ave & E 96 St,7338,40.7892105,-73.94370784,40.7839636,-73.9471673,casual
695643,884827FA9A1D12E9,electric_bike,2021-07-07 21:53:03,2021-07-07 21:55:32,2 Ave & E 104 St,7436,2 Ave & E 96 St,7338,40.7892105,-73.94370784,40.7839636,-73.9471673,member
695644,F3E199911896E2DD,classic_bike,2021-07-08 22:02:49,2021-07-08 22:05:29,2 Ave & E 104 St,7436,2 Ave & E 96 St,7338,40.7892105,-73.94370784,40.7839636,-73.9471673,member
695645,5F74935DE681EE3A,electric_bike,2021-07-02 21:58:30,2021-07-02 22:00:55,2 Ave & E 104 St,7436,2 Ave & E 96 St,7338,40.7892105,-73.94370784,40.7839636,-73.9471673,member
695646,F6A6E93EE6FB3471,electric_bike,2021-07-13 18:53:08,2021-07-13 19:01:47,2 Ave & E 104 St,7436,2 Ave & E 96 St,7338,40.7892105,-73.94370784,40.7839636,-73.9471673,member
695647,F311D624418A750B,classic_bike,2021-07-23 16:49:44,2021-07-23 16:51:55,2 Ave & E 104 St,7436,2 Ave & E 96 St,7338,40.7892105,-73.94370784,40.7839636,-73.9471673,member
695648,7EA0620BB9D753A0,electric_bike,2021-07-16 14:34:56,2021-07-16 14:37:25,2 Ave & E 104 St,7436,2 Ave & E 96 St,7338,40.7892105,-73.94370784,40.7839636,-73.9471673,casual
695649,EBDB45423F85B546,electric_bike,2021-07-27 21:48:11,2021-07-27 21:51:06,2 Ave & E 104 St,7436,2 Ave & E 96 St,7338,40.7892105,-73.94370784,40.7839636,-73.9471673,casual
695652,153FEFEF52DD3A3A,classic_bike,2021-07-27 16:13:27,2021-07-27 16:18:06,2 Ave & E 104 St,7436,2 Ave & E 96 St,7338,40.7892105,-73.94370784,40.7839636,-73.9471673,casual
695653,24E6644A003F0498,classic_bike,2021-07-12 17:14:47,2021-07-12 17:17:55,2 Ave & E 104 St,7436,2 Ave & E 96 St,7338,40.7892105,-73.94370784,40.7839636,-73.9471673,member
695654,72B22D17F5246985,classic_bike,2021-07-19 06:55:21,2021-07-19 06:58:15,2 Ave & E 104 St,7436,2 Ave & E 96 St,7338,40.7892105,-73.94370784,40.7839636,-73.9471673,member
695655,D544FC282386F26B,classic_bike,2021-07-23 06:57:37,2021-07-23 07:00:46,2 Ave & E 104 St,7436,2 Ave & E 96 St,7338,40.7892105,-73.94370784,40.7839636,-73.9471673,member
695656,C781E15B22621442,classic_bike,2021-07-27 06:49:53,2021-07-27 06:53:30,2 Ave & E 104 St,7436,2 Ave & E 96 St,7338,40.7892105,-73.94370784,40.7839636,-73.9471673,member
695657,497FC3B70FEBC801,electric_bike,2021-07-23 19:11:52,2021-07-23 19:14:45,2 Ave & E 104 St,7436,2 Ave & E 96 St,7338,40.7892105,-73.94370784,40.7839636,-73.9471673,member
695658,2571E19020A12DB8,classic_bike,2021-07-04 12:42:06,2021-07-04 12:44:48,2 Ave & E 104 St,7436,2 Ave & E 96 St,7338,40.7892105,-73.94370784,40.7839636,-73.9471673,member
695659,95569CAF0AD045D2,electric_bike,2021-07-04 19:47:58,2021-07-04 19:50:43,2 Ave & E 104 St,7436,2 Ave & E 96 St,7338,40.7892105,-73.94370784,40.7839636,-73.9471673,member
695660,D435048D45CDB2CD,classic_bike,2021-07-28 07:00:48,2021-07-28 07:03:49,2 Ave & E 104 St,7436,2 Ave & E 96 St,7338,40.7892105,-73.94370784,40.7839636,-73.9471673,member
695661,C120AABEF68205F8,classic_bike,2021-07-25 11:42:01,2021-07-25 11:45:05,2 Ave & E 104 St,7436,2 Ave & E 96 St,7338,40.7892105,-73.94370784,40.7839636,-73.9471673,member
695662,5F2DC495FAF7B371,classic_bike,2021-07-06 07:30:12,2021-07-06 07:32:31,2 Ave & E 104 St,7436,2 Ave & E 96 St,7338,40.7892105,-73.94370784,40.7839636,-73.9471673,member
695663,28D29BF999E00DB6,classic_bike,2021-07-29 06:55:25,2021-07-29 06:58:33,2 Ave & E 104 St,7436,2 Ave & E 96 St,7338,40.7892105,-73.94370784,40.7839636,-73.9471673,member
695664,07CC0BF716731B76,classic_bike,2021-07-26 07:01:39,2021-07-26 07:04:23,2 Ave & E 104 St,7436,2 Ave & E 96 St,7338,40.7892105,-73.94370784,40.7839636,-73.9471673,member
695665,EA1289C371AF08DA,classic_bike,2021-07-25 14:22:36,2021-07-25 14:26:50,2 Ave & E 104 St,7436,2 Ave & E 96 St,7338,40.7892105,-73.94370784,40.7839636,-73.9471673,member
695666,301121E228ECCFAB,classic_bike,2021-07-28 15:14:27,2021-07-28 15:16:27,2 Ave & E 104 St,7436,2 Ave & E 96 St,7338,40.7892105,-73.94370784,40.7839636,-73.9471673,member
695695,112CA01254767CE7,classic_bike,2021-07-30 08:58:02,2021-07-30 09:01:21,2 Ave & E 104 St,7436,2 Ave & E 96 St,7338,40.7892105,-73.94370784,40.7839636,-73.9471673,member
695696,613FE8D209FA79A1,classic_bike,2021-07-28 17:35:41,2021-07-28 17:40:03,2 Ave & E 104 St,7436,2 Ave & E 96 St,7338,40.7892105,-73.94370784,40.7839636,-73.9471673,casual
695697,C0982FD732030C05,classic_bike,2021-07-10 12:50:10,2021-07-10 12:53:28,2 Ave & E 104 St,7436,2 Ave & E 96 St,7338,40.7892105,-73.94370784,40.7839636,-73.9471673,casual
695698,E80D11A5C6BBBBFD,classic_bike,2021-07-26 17:14:07,2021-07-26 17:17:34,2 Ave & E 104 St,7436,2 Ave & E 96 St,7338,40.7892105,-73.94370784,40.7839636,-73.9471673,member
695699,11DFB639F6578710,classic_bike,2021-07-12 17:06:10,2021-07-12 17:10:00,2 Ave & E 104 St,7436,2 Ave & E 96 St,7338,40.7892105,-73.94370784,40.7839636,-73.9471673,member
695700,8AB8F73311B4962E,classic_bike,2021-07-17 11:22:46,2021-07-17 11:26:29,2 Ave & E 104 St,7436,2 Ave & E 96 St,7338,40.7892105,-73.94370784,40.7839636,-73.9471673,casual
695703,DABA76683D0B2CD7,classic_bike,2021-07-08 07:20:39,2021-07-08 07:23:45,2 Ave & E 104 St,7436,2 Ave & E 96 St,7338,40.7892105,-73.94370784,40.7839636,-73.9471673,member
695712,0C98F0D39067B856,classic_bike,2021-07-02 06:54:40,2021-07-02 06:57:51,2 Ave & E 104 St,7436,2 Ave & E 96 St,7338,40.7892105,-73.94370784,40.7839636,-73.9471673,member
695714,E24EB83D6B24C379,classic_bike,2021-07-15 08:13:47,2021-07-15 08:16:31,2 Ave & E 104 St,7436,2 Ave & E 96 St,7338,40.7892105,-73.94370784,40.7839636,-73.9471673,member
695715,E6E4BE9E3F910399,classic_bike,2021-07-24 11:05:35,2021-07-24 11:23:19,2 Ave & E 104 St,7436,1 Ave & E 62 St,6753,40.7892105,-73.94370784,40.7612274,-73.96094022,member
695716,5CC65986AD6D1640,classic_bike,2021-07-12 17:19:01,2021-07-12 17:37:57,2 Ave & E 104 St,7436,1 Ave & E 62 St,6753,40.7892105,-73.94370784,40.7612274,-73.96094022,member
695717,AA1281DAEB4B0285,classic_bike,2021-07-13 08:03:58,2021-07-13 08:08:40,2 Ave & E 104 St,7436,2 Ave & E 96 St,7338,40.7892105,-73.94370784,40.7839636,-73.9471673,member
695718,29060A7364BDDA3A,classic_bike,2021-07-21 08:54:35,2021-07-21 08:58:06,2 Ave & E 104 St,7436,2 Ave & E 96 St,7338,40.7892105,-73.94370784,40.7839636,-73.9471673,member
695719,BC0CDB35D6E47279,classic_bike,2021-07-16 08:19:26,2021-07-16 08:22:06,2 Ave & E 104 St,7436,2 Ave & E 96 St,7338,40.7892105,-73.94370784,40.7839636,-73.9471673,member
695722,8A65F08FC515C5A7,classic_bike,2021-07-26 18:34:32,2021-07-26 18:37:34,2 Ave & E 104 St,7436,2 Ave & E 96 St,7338,40.7892105,-73.94370784,40.7839636,-73.9471673,member
695723,61602EF2FADB3F75,classic_bike,2021-07-27 08:53:33,2021-07-27 08:56:56,2 Ave & E 104 St,7436,2 Ave & E 96 St,7338,40.7892105,-73.94370784,40.7839636,-73.9471673,member
695726,C03AFD5BF8943DD9,classic_bike,2021-07-20 09:51:40,2021-07-20 09:56:26,2 Ave & E 104 St,7436,2 Ave & E 96 St,7338,40.7892105,-73.94370784,40.7839636,-73.9471673,member
695727,9EB05E0A2A005676,classic_bike,2021-07-07 12:07:51,2021-07-07 12:13:18,2 Ave & E 104 St,7436,2 Ave & E 96 St,7338,40.7892105,-73.94370784,40.7839636,-73.9471673,member
695728,7DACA45E44CA77D6,classic_bike,2021-07-23 22:20:20,2021-07-23 22:27:05,2 Ave & E 104 St,7436,2 Ave & E 96 St,7338,40.7892105,-73.94370784,40.7839636,-73.9471673,casual
695792,9ECE358F2B7BDFA8,electric_bike,2021-07-19 20:08:17,2021-07-19 20:12:44,2 Ave & E 104 St,7436,2 Ave & E 96 St,7338,40.7892105,-73.94370784,40.7839636,-73.9471673,member
695819,007F0645342B2995,classic_bike,2021-07-25 12:22:20,2021-07-25 12:25:02,2 Ave & E 104 St,7436,2 Ave & E 96 St,7338,40.7892105,-73.94370784,40.7839636,-73.9471673,member
695820,828599F5434D013A,classic_bike,2021-07-25 16:15:22,2021-07-25 16:18:07,2 Ave & E 104 St,7436,2 Ave & E 96 St,7338,40.7892105,-73.94370784,40.7839636,-73.9471673,member
697114,BF1E01A7DE8F09E7,classic_bike,2021-07-30 22:37:18,2021-07-30 22:40:43,2 Ave & E 104 St,7436,2 Ave & E 96 St,7338,40.7892105,-73.94370784,40.7839636,-73.9471673,member
697115,77BAEC010A72F6C2,electric_bike,2021-07-09 18:48:58,2021-07-09 18:59:50,2 Ave & E 104 St,7436,Cathedral Pkwy & Broadway,7680,40.7892105,-73.94370784,40.804213,-73.96699104,member
697116,D44DDA43327E2F39,electric_bike,2021-07-06 20:26:37,2021-07-06 20:37:29,2 Ave & E 104 St,7436,Cathedral Pkwy & Broadway,7680,40.7892105,-73.94370784,40.804213,-73.96699104,member
697131,107016DFE9D78A5B,classic_bike,2021-07-27 09:08:39,2021-07-27 09:11:34,2 Ave & E 104 St,7436,2 Ave & E 96 St,7338,40.7892105,-73.94370784,40.7839636,-73.9471673,member
697132,7B06E7C0CEF4F9DD,classic_bike,2021-07-13 09:28:25,2021-07-13 09:32:34,2 Ave & E 104 St,7436,2 Ave & E 96 St,7338,40.7892105,-73.94370784,40.7839636,-73.9471673,member
697133,3BE663E6A4719177,classic_bike,2021-07-01 14:33:18,2021-07-01 14:38:26,2 Ave & E 104 St,7436,2 Ave & E 96 St,7338,40.7892105,-73.94370784,40.7839636,-73.9471673,member
697134,ADCF979BB66AD61D,classic_bike,2021-07-30 08:24:18,2021-07-30 08:27:58,2 Ave & E 104 St,7436,2 Ave & E 96 St,7338,40.7892105,-73.94370784,40.7839636,-73.9471673,member
697135,0D35DDA685D8D492,classic_bike,2021-07-25 16:03:16,2021-07-25 16:06:11,2 Ave & E 104 St,7436,2 Ave & E 96 St,7338,40.7892105,-73.94370784,40.7839636,-73.9471673,member
697136,5EAD9E6B386F9E42,classic_bike,2021-07-15 12:10:59,2021-07-15 12:14:47,2 Ave & E 104 St,7436,2 Ave & E 96 St,7338,40.7892105,-73.94370784,40.7839636,-73.9471673,member
697137,540EB3E619E80E71,classic_bike,2021-07-20 11:50:51,2021-07-20 11:54:03,2 Ave & E 104 St,7436,2 Ave & E 96 St,7338,40.7892105,-73.94370784,40.7839636,-73.9471673,member
697138,E49A52D8420ED411,classic_bike,2021-07-12 09:03:24,2021-07-12 09:07:32,2 Ave & E 104 St,7436,2 Ave & E 96 St,7338,40.7892105,-73.94370784,40.7839636,-73.9471673,member
697139,86225B3C3454B1DC,classic_bike,2021-07-30 19:54:39,2021-07-30 19:57:39,2 Ave & E 104 St,7436,2 Ave & E 96 St,7338,40.7892105,-73.94370784,40.7839636,-73.9471673,member
697140,E2FE7C232C103B53,classic_bike,2021-07-08 06:56:42,2021-07-08 06:59:34,2 Ave & E 104 St,7436,2 Ave & E 96 St,7338,40.7892105,-73.94370784,40.7839636,-73.9471673,member
697141,02441EF1BC45453E,classic_bike,2021-07-05 07:04:09,2021-07-05 07:07:05,2 Ave & E 104 St,7436,2 Ave & E 96 St,7338,40.7892105,-73.94370784,40.7839636,-73.9471673,member
697142,5D1413887B90EAEF,classic_bike,2021-07-21 06:59:48,2021-07-21 07:02:43,2 Ave & E 104 St,7436,2 Ave & E 96 St,7338,40.7892105,-73.94370784,40.7839636,-73.9471673,member
697143,6CF6DA3989EACF62,electric_bike,2021-07-02 12:18:01,2021-07-02 12:20:35,2 Ave & E 104 St,7436,2 Ave & E 96 St,7338,40.7892105,-73.94370784,40.7839636,-73.9471673,member
697144,C65CEFDA6D54145A,classic_bike,2021-07-12 07:00:11,2021-07-12 07:02:41,2 Ave & E 104 St,7436,2 Ave & E 96 St,7338,40.7892105,-73.94370784,40.7839636,-73.9471673,member
697145,DFB41D5B45486C00,electric_bike,2021-07-11 10:16:03,2021-07-11 10:18:44,2 Ave & E 104 St,7436,2 Ave & E 96 St,7338,40.7892105,-73.94370784,40.7839636,-73.9471673,member
697345,94D1E983AFB512E4,electric_bike,2021-07-30 08:08:45,2021-07-30 08:11:17,2 Ave & E 104 St,7436,2 Ave & E 96 St,7338,40.7892105,-73.94370784,40.7839636,-73.9471673,member
697348,116933841CF6A24E,classic_bike,2021-07-30 06:45:20,2021-07-30 06:47:53,2 Ave & E 104 St,7436,2 Ave & E 96 St,7338,40.7892105,-73.94370784,40.7839636,-73.9471673,member
697349,D75DAC88A4572338,classic_bike,2021-07-20 07:00:04,2021-07-20 07:02:59,2 Ave & E 104 St,7436,2 Ave & E 96 St,7338,40.7892105,-73.94370784,40.7839636,-73.9471673,member
697350,BA33542304D62E7C,classic_bike,2021-07-26 09:08:27,2021-07-26 09:11:44,2 Ave & E 104 St,7436,2 Ave & E 96 St,7338,40.7892105,-73.94370784,40.7839636,-73.9471673,member
697363,86800C319F3552DB,classic_bike,2021-07-10 20:27:18,2021-07-10 20:29:52,2 Ave & E 104 St,7436,2 Ave & E 96 St,7338,40.7892105,-73.94370784,40.7839636,-73.9471673,member
697364,91498D35B69C9075,classic_bike,2021-07-19 06:42:53,2021-07-19 06:53:29,2 Ave & E 104 St,7436,2 Ave & E 96 St,7338,40.7892105,-73.94370784,40.7839636,-73.9471673,member
697365,C2F6D200FA891B8B,classic_bike,2021-07-23 15:36:31,2021-07-23 15:40:01,2 Ave & E 104 St,7436,2 Ave & E 96 St,7338,40.7892105,-73.94370784,40.7839636,-73.9471673,member
697366,50C2F9E3F5870F50,classic_bike,2021-07-22 08:32:45,2021-07-22 08:35:53,2 Ave & E 104 St,7436,2 Ave & E 96 St,7338,40.7892105,-73.94370784,40.7839636,-73.9471673,member
697367,68624626469F9A03,classic_bike,2021-07-20 09:10:33,2021-07-20 09:13:34,2 Ave & E 104 St,7436,2 Ave & E 96 St,7338,40.7892105,-73.94370784,40.7839636,-73.9471673,member
697368,20DA6DC3808AEE3C,classic_bike,2021-07-22 16:17:38,2021-07-22 16:21:52,2 Ave & E 104 St,7436,2 Ave & E 96 St,7338,40.7892105,-73.94370784,40.7839636,-73.9471673,member
697369,E899E8D799CE3FA8,classic_bike,2021-07-10 08:51:30,2021-07-10 08:54:59,2 Ave & E 104 St,7436,2 Ave & E 96 St,7338,40.7892105,-73.94370784,40.7839636,-73.9471673,member
697370,9C03AE0190E70CAF,classic_bike,2021-07-26 00:01:20,2021-07-26 00:04:02,2 Ave & E 104 St,7436,2 Ave & E 96 St,7338,40.7892105,-73.94370784,40.7839636,-73.9471673,member
697371,63815EDE3DCDB430,electric_bike,2021-07-03 21:52:20,2021-07-03 21:54:57,2 Ave & E 104 St,7436,2 Ave & E 96 St,7338,40.7892105,-73.94370784,40.7839636,-73.9471673,member
709299,477D1573C6C59576,electric_bike,2021-07-04 22:53:18,2021-07-04 23:02:43,2 Ave & E 104 St,7436,E 65 St & 2 Ave,6860,40.7892105,-73.94370784,40.76471851944339,-73.96222069859505,member
709394,FE65734BD37E6E5B,classic_bike,2021-07-20 11:19:42,2021-07-20 11:41:12,2 Ave & E 104 St,7436,E 65 St & 2 Ave,6860,40.7892105,-73.94370784,40.76471851944339,-73.96222069859505,member
709649,C3B4FABB39941646,classic_bike,2021-07-28 08:23:04,2021-07-28 08:44:31,2 Ave & E 104 St,7436,E 51 St & Lexington Ave,6659,40.7892105,-73.94370784,40.75714758,-73.97207836,member
709652,FE20448551129733,electric_bike,2021-07-08 08:23:51,2021-07-08 08:39:55,2 Ave & E 104 St,7436,E 51 St & Lexington Ave,6659,40.7892105,-73.94370784,40.75714758,-73.97207836,member
709653,6AE4169A34DDE0F7,electric_bike,2021-07-01 09:29:58,2021-07-01 09:48:22,2 Ave & E 104 St,7436,E 51 St & Lexington Ave,6659,40.7892105,-73.94370784,40.75714758,-73.97207836,member
709716,1BEFC7E497360610,classic_bike,2021-07-29 08:05:41,2021-07-29 08:26:04,2 Ave & E 104 St,7436,E 51 St & Lexington Ave,6659,40.7892105,-73.94370784,40.75714758,-73.97207836,member
725167,EFC9B19F3E543AA4,classic_bike,2021-07-23 12:39:19,2021-07-23 12:43:44,2 Ave & E 104 St,7436,E 95 St & 3 Ave,7365,40.7892105,-73.94370784,40.7849032,-73.950503,member
725193,2EC7380198BD255E,classic_bike,2021-07-23 17:22:11,2021-07-23 18:01:15,2 Ave & E 104 St,7436,Columbia St & Rivington St,5365,40.7892105,-73.94370784,40.71739973,-73.98016555,member
728117,EE9DBE9888D62ED5,classic_bike,2021-07-23 17:07:17,2021-07-23 18:05:27,2 Ave & E 104 St,7436,44 Dr & 21 St,6278,40.7892105,-73.94370784,40.748,-73.9460927,casual
728122,AF6C3001F43C5EA2,electric_bike,2021-07-01 16:37:47,2021-07-01 16:47:39,2 Ave & E 104 St,7436,E 95 St & 3 Ave,7365,40.7892105,-73.94370784,40.7849032,-73.950503,member
739418,E33789647FCAAD02,classic_bike,2021-07-02 14:32:54,2021-07-02 14:46:15,2 Ave & E 104 St,7436,Frederick Douglass Blvd & W 112 St,7631,40.7892105,-73.94370784,40.801694,-73.957145,casual
739421,0CDE887D250A04EA,classic_bike,2021-07-16 08:13:24,2021-07-16 08:33:00,2 Ave & E 104 St,7436,Frederick Douglass Blvd & W 112 St,7631,40.7892105,-73.94370784,40.801694,-73.957145,member
739442,3639099FF1EA1442,electric_bike,2021-07-04 23:08:58,2021-07-04 23:25:16,2 Ave & E 104 St,7436,Frederick Douglass Blvd & W 112 St,7631,40.7892105,-73.94370784,40.801694,-73.957145,member
739454,9F1D2184A2C0126E,classic_bike,2021-07-16 15:40:14,2021-07-16 15:57:49,2 Ave & E 104 St,7436,Frederick Douglass Blvd & W 112 St,7631,40.7892105,-73.94370784,40.801694,-73.957145,casual
739513,8CEFF6319D28150A,classic_bike,2021-07-16 13:44:26,2021-07-16 13:56:38,2 Ave & E 104 St,7436,Frederick Douglass Blvd & W 112 St,7631,40.7892105,-73.94370784,40.801694,-73.957145,member
771538,E1AEFF314611E084,classic_bike,2021-07-30 19:53:27,2021-07-30 20:06:42,2 Ave & E 104 St,7436,Wards Meadow Comfort Station,7327,40.7892105,-73.94370784,40.78294,-73.93077,casual
771591,3F4A725BB54D8477,classic_bike,2021-07-05 13:55:42,2021-07-05 14:13:37,2 Ave & E 104 St,7436,Wards Meadow Comfort Station,7327,40.7892105,-73.94370784,40.78294,-73.93077,casual
771617,C91B3F3194B2D2E2,classic_bike,2021-07-27 18:34:59,2021-07-27 18:45:56,2 Ave & E 104 St,7436,Wards Meadow Comfort Station,7327,40.7892105,-73.94370784,40.78294,-73.93077,member
789157,7F4F52E600C34CC0,electric_bike,2021-07-09 15:44:55,2021-07-09 16:08:28,2 Ave & E 104 St,7436,Morris Ave & E 163 St,8036,40.7892105,-73.94370784,40.827230499624726,-73.91765579597632,casual
807789,910153F16A80955C,classic_bike,2021-07-28 14:24:58,2021-07-28 14:42:00,2 Ave & E 104 St,7436,Adam Clayton Powell Blvd & W 130 St,7774,40.7892105,-73.94370784,40.812346,-73.946168,casual
829275,F5D751E9683B3F41,classic_bike,2021-07-14 07:32:39,2021-07-14 07:40:31,2 Ave & E 104 St,7436,Central Park North & Adam Clayton Powell Blvd,7617,40.7892105,-73.94370784,40.799484,-73.955613,member
829717,4D7E7BF93EC1E8BE,classic_bike,2021-07-11 15:58:02,2021-07-11 16:18:24,2 Ave & E 104 St,7436,Central Park North & Adam Clayton Powell Blvd,7617,40.7892105,-73.94370784,40.799484,-73.955613,member
831731,05AAF5E6B24E07FB,classic_bike,2021-07-25 07:35:55,2021-07-25 07:45:56,2 Ave & E 104 St,7436,Central Park North & Adam Clayton Powell Blvd,7617,40.7892105,-73.94370784,40.799484,-73.955613,member
831863,79785480144BBCA0,classic_bike,2021-07-08 16:24:08,2021-07-08 16:33:26,2 Ave & E 104 St,7436,Central Park North & Adam Clayton Powell Blvd,7617,40.7892105,-73.94370784,40.799484,-73.955613,member
831864,83FDEF638893B551,classic_bike,2021-07-13 12:07:37,2021-07-13 12:19:35,2 Ave & E 104 St,7436,Central Park North & Adam Clayton Powell Blvd,7617,40.7892105,-73.94370784,40.799484,-73.955613,member
841678,BAA35486C2E9914D,classic_bike,2021-07-10 09:28:14,2021-07-10 09:31:57,2 Ave & E 104 St,7436,E 93 St & 2 Ave,7286,40.7892105,-73.94370784,40.782454175279874,-73.9489196240902,member
841683,67A670E3D4793CAE,electric_bike,2021-07-03 12:43:32,2021-07-03 12:48:51,2 Ave & E 104 St,7436,E 93 St & 2 Ave,7286,40.7892105,-73.94370784,40.782454175279874,-73.9489196240902,casual
841691,27D68F4BA67F770D,classic_bike,2021-07-27 10:26:47,2021-07-27 10:30:25,2 Ave & E 104 St,7436,E 93 St & 2 Ave,7286,40.7892105,-73.94370784,40.782454175279874,-73.9489196240902,member
841711,C51241EBB09417A6,electric_bike,2021-07-11 02:27:26,2021-07-11 02:30:37,2 Ave & E 104 St,7436,E 93 St & 2 Ave,7286,40.7892105,-73.94370784,40.782454175279874,-73.9489196240902,casual
841714,25075FFCF7909B85,classic_bike,2021-07-23 12:23:31,2021-07-23 12:27:43,2 Ave & E 104 St,7436,E 93 St & 2 Ave,7286,40.7892105,-73.94370784,40.782454175279874,-73.9489196240902,member
841715,E85B3DF29DC337ED,classic_bike,2021-07-22 06:58:34,2021-07-22 07:02:17,2 Ave & E 104 St,7436,E 93 St & 2 Ave,7286,40.7892105,-73.94370784,40.782454175279874,-73.9489196240902,member
841730,213FB55297BEAA96,electric_bike,2021-07-30 17:29:33,2021-07-30 17:32:59,2 Ave & E 104 St,7436,E 93 St & 2 Ave,7286,40.7892105,-73.94370784,40.782454175279874,-73.9489196240902,member
841732,3D4622E02A957EF2,electric_bike,2021-07-31 10:14:38,2021-07-31 10:18:03,2 Ave & E 104 St,7436,E 93 St & 2 Ave,7286,40.7892105,-73.94370784,40.782454175279874,-73.9489196240902,member
841735,3CE50BE63D1C3AD9,classic_bike,2021-07-11 10:17:45,2021-07-11 10:21:27,2 Ave & E 104 St,7436,E 93 St & 2 Ave,7286,40.7892105,-73.94370784,40.782454175279874,-73.9489196240902,member
841736,21CAD00BEFA55279,classic_bike,2021-07-21 08:50:14,2021-07-21 08:54:30,2 Ave & E 104 St,7436,E 93 St & 2 Ave,7286,40.7892105,-73.94370784,40.782454175279874,-73.9489196240902,member
841737,A7FAD0D2B4CF67D6,classic_bike,2021-07-24 10:00:48,2021-07-24 10:04:19,2 Ave & E 104 St,7436,E 93 St & 2 Ave,7286,40.7892105,-73.94370784,40.782454175279874,-73.9489196240902,member
884094,C222C34DFE2FCFFC,classic_bike,2021-07-22 19:10:35,2021-07-22 19:15:53,2 Ave & E 104 St,7436,E 91 St & 2 Ave,7286,40.7892105,-73.94370784,40.78115276427916,-73.94963040947914,casual
884233,D60BED2AD96013FD,classic_bike,2021-07-15 13:37:18,2021-07-15 13:42:58,2 Ave & E 104 St,7436,E 91 St & 2 Ave,7286,40.7892105,-73.94370784,40.78115276427916,-73.94963040947914,member
884237,278F3216D8050723,classic_bike,2021-07-19 06:19:45,2021-07-19 06:21:59,2 Ave & E 104 St,7436,E 103 St & Lexington Ave,7463,40.7892105,-73.94370784,40.7903051,-73.94755757,member
884238,76714E5AA7207DC4,classic_bike,2021-07-13 16:33:06,2021-07-13 16:35:24,2 Ave & E 104 St,7436,E 103 St & Lexington Ave,7463,40.7892105,-73.94370784,40.7903051,-73.94755757,member
884353,2BD28AC5F6BD5276,classic_bike,2021-07-06 01:00:04,2021-07-06 01:11:31,2 Ave & E 104 St,7436,E 103 St & Lexington Ave,7463,40.7892105,-73.94370784,40.7903051,-73.94755757,member
884358,C0016598826F2F4D,docked_bike,2021-07-16 18:56:01,2021-07-16 19:04:47,2 Ave & E 104 St,7436,E 91 St & 2 Ave,7286,40.789211,-73.943708,40.781153,-73.94963,casual
884363,50327B6932291AB6,classic_bike,2021-07-05 13:36:11,2021-07-05 13:39:42,2 Ave & E 104 St,7436,E 103 St & Lexington Ave,7463,40.7892105,-73.94370784,40.7903051,-73.94755757,casual
884366,660A9D55D5D8E226,classic_bike,2021-07-18 17:47:12,2021-07-18 18:26:22,2 Ave & E 104 St,7436,E 103 St & Lexington Ave,7463,40.7892105,-73.94370784,40.7903051,-73.94755757,casual
884546,E6C121580342B1D9,classic_bike,2021-07-08 12:38:45,2021-07-08 12:43:38,2 Ave & E 104 St,7436,E 91 St & 2 Ave,7286,40.7892105,-73.94370784,40.78115276427916,-73.94963040947914,member
884547,ECCAA699C6568A70,classic_bike,2021-07-20 16:41:41,2021-07-20 16:47:49,2 Ave & E 104 St,7436,E 91 St & 2 Ave,7286,40.7892105,-73.94370784,40.78115276427916,-73.94963040947914,member
884548,E29071612A3CC51B,classic_bike,2021-07-12 13:11:07,2021-07-12 13:18:56,2 Ave & E 104 St,7436,E 91 St & 2 Ave,7286,40.7892105,-73.94370784,40.78115276427916,-73.94963040947914,member
884553,08C6DDEA891C4173,classic_bike,2021-07-01 16:23:44,2021-07-01 16:44:05,2 Ave & E 104 St,7436,E 103 St & Lexington Ave,7463,40.7892105,-73.94370784,40.7903051,-73.94755757,casual
884555,273EF8A14AEC7A93,classic_bike,2021-07-10 18:06:27,2021-07-10 18:11:09,2 Ave & E 104 St,7436,E 91 St & 2 Ave,7286,40.7892105,-73.94370784,40.78115276427916,-73.94963040947914,member
885036,575B5894F6432443,classic_bike,2021-07-09 14:44:46,2021-07-09 14:46:43,2 Ave & E 104 St,7436,E 103 St & Lexington Ave,7463,40.7892105,-73.94370784,40.7903051,-73.94755757,member
885038,26D1BA24D980AB0A,electric_bike,2021-07-14 11:42:52,2021-07-14 12:19:27,2 Ave & E 104 St,7436,E 103 St & Lexington Ave,7463,40.7892105,-73.94370784,40.7903051,-73.94755757,member
885039,67296F36391028DB,classic_bike,2021-07-10 14:02:48,2021-07-10 14:06:54,2 Ave & E 104 St,7436,E 103 St & Lexington Ave,7463,40.7892105,-73.94370784,40.7903051,-73.94755757,member
885048,D536F9D0934E1D1A,classic_bike,2021-07-10 09:50:07,2021-07-10 09:55:21,2 Ave & E 104 St,7436,E 91 St & 2 Ave,7286,40.7892105,-73.94370784,40.78115276427916,-73.94963040947914,member
885050,AAE19B65A96B0C71,classic_bike,2021-07-12 06:19:35,2021-07-12 06:22:24,2 Ave & E 104 St,7436,E 103 St & Lexington Ave,7463,40.7892105,-73.94370784,40.7903051,-73.94755757,member
885051,27C8DB55CF33798A,classic_bike,2021-07-30 17:04:00,2021-07-30 17:08:52,2 Ave & E 104 St,7436,E 91 St & 2 Ave,7286,40.7892105,-73.94370784,40.78115276427916,-73.94963040947914,member
885054,1A15B8FCB9E3D248,electric_bike,2021-07-16 10:28:09,2021-07-16 10:29:35,2 Ave & E 104 St,7436,E 103 St & Lexington Ave,7463,40.7892105,-73.94370784,40.7903051,-73.94755757,member
885055,FE0AA3BDF0D12B59,electric_bike,2021-07-16 14:03:33,2021-07-16 14:05:03,2 Ave & E 104 St,7436,E 103 St & Lexington Ave,7463,40.7892105,-73.94370784,40.7903051,-73.94755757,member
885102,226A4737C5FF8733,electric_bike,2021-07-07 08:46:25,2021-07-07 09:28:14,2 Ave & E 104 St,7436,5 Ave & W 131 St,7735,40.7892105,-73.94370784,40.81014,-73.93973,casual
885424,B380CF59CDE7F85E,classic_bike,2021-07-27 09:15:57,2021-07-27 09:20:59,2 Ave & E 104 St,7436,E 91 St & 2 Ave,7286,40.7892105,-73.94370784,40.78115276427916,-73.94963040947914,casual
885429,958A5A44FDD2F8E0,classic_bike,2021-07-26 16:34:47,2021-07-26 16:41:32,2 Ave & E 104 St,7436,E 91 St & 2 Ave,7286,40.7892105,-73.94370784,40.78115276427916,-73.94963040947914,casual
885674,F055A14C5911A40A,classic_bike,2021-07-02 16:35:01,2021-07-02 16:42:36,2 Ave & E 104 St,7436,E 91 St & 2 Ave,7286,40.7892105,-73.94370784,40.78115276427916,-73.94963040947914,casual
885678,81256E6C3E2F2F2C,classic_bike,2021-07-14 05:59:38,2021-07-14 06:03:45,2 Ave & E 104 St,7436,E 91 St & 2 Ave,7286,40.7892105,-73.94370784,40.78115276427916,-73.94963040947914,member
885679,EEF4CB8B499F4A67,electric_bike,2021-07-10 09:40:38,2021-07-10 09:44:13,2 Ave & E 104 St,7436,E 91 St & 2 Ave,7286,40.7892105,-73.94370784,40.78115276427916,-73.94963040947914,member
885681,AB06E458FCC5E0D2,classic_bike,2021-07-15 12:12:32,2021-07-15 12:15:22,2 Ave & E 104 St,7436,E 103 St & Lexington Ave,7463,40.7892105,-73.94370784,40.7903051,-73.94755757,member
885691,B8517F1222B7316A,classic_bike,2021-07-07 09:12:00,2021-07-07 09:18:07,2 Ave & E 104 St,7436,E 91 St & 2 Ave,7286,40.7892105,-73.94370784,40.78115276427916,-73.94963040947914,casual
885700,E7AD6F7712473A05,classic_bike,2021-07-05 12:47:07,2021-07-05 12:52:27,2 Ave & E 104 St,7436,E 91 St & 2 Ave,7286,40.7892105,-73.94370784,40.78115276427916,-73.94963040947914,member
885701,25C59461EC65BFB0,classic_bike,2021-07-21 09:44:04,2021-07-21 09:49:22,2 Ave & E 104 St,7436,E 91 St & 2 Ave,7286,40.7892105,-73.94370784,40.78115276427916,-73.94963040947914,member
885702,1B02FCB6C5EB14EE,classic_bike,2021-07-30 14:15:56,2021-07-30 14:21:29,2 Ave & E 104 St,7436,E 91 St & 2 Ave,7286,40.7892105,-73.94370784,40.78115276427916,-73.94963040947914,member
885703,C26EEC6AFFA82F57,classic_bike,2021-07-02 14:18:35,2021-07-02 14:22:38,2 Ave & E 104 St,7436,E 91 St & 2 Ave,7286,40.7892105,-73.94370784,40.78115276427916,-73.94963040947914,member
885706,446F845EFC6CEDD9,classic_bike,2021-07-02 06:22:31,2021-07-02 06:24:44,2 Ave & E 104 St,7436,E 103 St & Lexington Ave,7463,40.7892105,-73.94370784,40.7903051,-73.94755757,member
885707,1B3AFCC8B97390D3,classic_bike,2021-07-01 13:25:28,2021-07-01 13:28:40,2 Ave & E 104 St,7436,E 103 St & Lexington Ave,7463,40.7892105,-73.94370784,40.7903051,-73.94755757,member
888657,81B11718B991E5B7,electric_bike,2021-07-13 21:25:10,2021-07-13 21:36:40,2 Ave & E 104 St,7436,E 103 St & Lexington Ave,7463,40.7892105,-73.94370784,40.7903051,-73.94755757,member
888660,2715ABC0ED10A3F6,electric_bike,2021-07-27 07:36:44,2021-07-27 07:40:46,2 Ave & E 104 St,7436,E 91 St & 2 Ave,7286,40.7892105,-73.94370784,40.78115276427916,-73.94963040947914,member
888664,69B2E56D884884D3,classic_bike,2021-07-15 13:26:40,2021-07-15 13:29:02,2 Ave & E 104 St,7436,E 103 St & Lexington Ave,7463,40.7892105,-73.94370784,40.7903051,-73.94755757,member
888665,90E83A8C25ACAB26,classic_bike,2021-07-03 09:20:31,2021-07-03 09:22:45,2 Ave & E 104 St,7436,E 103 St & Lexington Ave,7463,40.7892105,-73.94370784,40.7903051,-73.94755757,member
888666,73634A32AE05B68E,classic_bike,2021-07-13 13:25:09,2021-07-13 13:27:25,2 Ave & E 104 St,7436,E 103 St & Lexington Ave,7463,40.7892105,-73.94370784,40.7903051,-73.94755757,member
888667,EBB7A2171CFD2EF7,classic_bike,2021-07-10 13:01:59,2021-07-10 13:04:38,2 Ave & E 104 St,7436,E 103 St & Lexington Ave,7463,40.7892105,-73.94370784,40.7903051,-73.94755757,member
888668,4BD7BF43803E69F9,classic_bike,2021-07-16 06:20:49,2021-07-16 06:23:05,2 Ave & E 104 St,7436,E 103 St & Lexington Ave,7463,40.7892105,-73.94370784,40.7903051,-73.94755757,member
888723,CCD8C43C6886F71D,classic_bike,2021-07-31 20:14:19,2021-07-31 20:20:22,2 Ave & E 104 St,7436,E 91 St & 2 Ave,7286,40.7892105,-73.94370784,40.78115276427916,-73.94963040947914,member
888730,5342C65801D6BCB0,classic_bike,2021-07-19 07:21:18,2021-07-19 07:23:36,2 Ave & E 104 St,7436,E 103 St & Lexington Ave,7463,40.7892105,-73.94370784,40.7903051,-73.94755757,member
888732,BCA93D3FAF05913D,classic_bike,2021-07-27 18:32:28,2021-07-27 18:39:59,2 Ave & E 104 St,7436,E 91 St & 2 Ave,7286,40.7892105,-73.94370784,40.78115276427916,-73.94963040947914,member
888733,F90E4F83B53B29FA,classic_bike,2021-07-21 19:15:56,2021-07-21 19:23:25,2 Ave & E 104 St,7436,E 91 St & 2 Ave,7286,40.7892105,-73.94370784,40.78115276427916,-73.94963040947914,member
888734,0A47094FDD5B8EAB,classic_bike,2021-07-15 19:00:46,2021-07-15 19:07:19,2 Ave & E 104 St,7436,E 91 St & 2 Ave,7286,40.7892105,-73.94370784,40.78115276427916,-73.94963040947914,member
888735,59C01D47A7E81E0D,classic_bike,2021-07-16 19:02:26,2021-07-16 19:08:53,2 Ave & E 104 St,7436,E 91 St & 2 Ave,7286,40.7892105,-73.94370784,40.78115276427916,-73.94963040947914,member
888743,6DAAED1674067EAC,classic_bike,2021-07-23 07:02:33,2021-07-23 07:07:14,2 Ave & E 104 St,7436,E 91 St & 2 Ave,7286,40.7892105,-73.94370784,40.78115276427916,-73.94963040947914,member
888745,B4DD0167029AB1B4,classic_bike,2021-07-07 18:06:17,2021-07-07 18:11:22,2 Ave & E 104 St,7436,E 91 St & 2 Ave,7286,40.7892105,-73.94370784,40.78115276427916,-73.94963040947914,member
888747,0A75FC0D9249FB2D,classic_bike,2021-07-07 07:38:59,2021-07-07 07:42:59,2 Ave & E 104 St,7436,E 91 St & 2 Ave,7286,40.7892105,-73.94370784,40.78115276427916,-73.94963040947914,member
940607,816622116101F5F6,electric_bike,2021-07-19 16:29:54,2021-07-19 17:18:44,2 Ave & E 104 St,7436,S 5 Pl & S 5 St,5125,40.7892105,-73.94370784,40.710451,-73.960876,casual
942716,9F607A76152D2B8C,classic_bike,2021-07-29 16:52:03,2021-07-29 17:15:36,2 Ave & E 104 St,7436,Lexington Ave & E 127 St,7662,40.7892105,-73.94370784,40.805726,-73.936322,member
957968,4C7E296E1EA83291,classic_bike,2021-07-07 16:33:38,2021-07-07 16:39:34,2 Ave & E 104 St,7436,E 97 St & Madison Ave,7393,40.7892105,-73.94370784,40.787801,-73.953559,member
959010,6AC9B7DBB0B35C4E,electric_bike,2021-07-27 21:12:35,2021-07-27 21:24:40,2 Ave & E 104 St,7436,Adam Clayton Powell Blvd & W 132 St,7814,40.7892105,-73.94370784,40.813539,-73.94521,casual
969375,5A66FA4B78833D52,electric_bike,2021-07-21 17:46:53,2021-07-21 17:58:57,Lincoln Ave & E 138 St,7744,2 Ave & E 104 St,7436,40.810893,-73.927311,40.7892105,-73.94370784,member
969391,B702301D035D39F6,electric_bike,2021-07-23 20:54:25,2021-07-23 21:06:32,E 91 St & Park Ave,7344,2 Ave & E 104 St,7436,40.7835016,-73.955327,40.7892105,-73.94370784,casual
969414,532749D74294500E,electric_bike,2021-07-07 13:35:36,2021-07-07 14:37:54,W 144 St & Adam Clayton Powell Blvd,7932,2 Ave & E 104 St,7436,40.820877,-73.939249,40.7892105,-73.94370784,casual
969512,BC1358BDE2D97F91,electric_bike,2021-07-28 14:56:54,2021-07-28 15:27:42,Lafayette St & Jersey St,5561,2 Ave & E 104 St,7436,40.72456089,-73.99565293,40.7892105,-73.94370784,member
969521,D89B1FA1CDB30D95,classic_bike,2021-07-08 23:13:34,2021-07-08 23:16:22,E 97 St & 3 Ave,7365,2 Ave & E 104 St,7436,40.7859201,-73.94860294,40.7892105,-73.94370784,member
969522,531EC46DDF6BE8A5,classic_bike,2021-07-08 22:41:02,2021-07-08 22:43:46,E 97 St & 3 Ave,7365,2 Ave & E 104 St,7436,40.7859201,-73.94860294,40.7892105,-73.94370784,member
969523,C9B6E78164BB14CB,classic_bike,2021-07-31 16:07:01,2021-07-31 16:26:23,3 Ave & E 100 St,7414,2 Ave & E 104 St,7436,40.7877214,-73.94728331,40.7892105,-73.94370784,casual
969525,33B725E565D2AA5A,classic_bike,2021-07-27 10:11:22,2021-07-27 10:19:32,E 115 St & Lexington Ave,7599,2 Ave & E 104 St,7436,40.797911,-73.9423,40.7892105,-73.94370784,member
969530,0AB415216C91D218,electric_bike,2021-07-25 15:20:15,2021-07-25 15:26:29,E 91 St & 2 Ave,7286,2 Ave & E 104 St,7436,40.78115276427916,-73.94963040947914,40.7892105,-73.94370784,member
969531,F6DCB6DC1FDF41FD,classic_bike,2021-07-14 19:13:02,2021-07-14 19:14:46,E 103 St & Lexington Ave,7463,2 Ave & E 104 St,7436,40.7903051,-73.94755757,40.7892105,-73.94370784,member
969532,547A8EA6ED48AC65,classic_bike,2021-07-06 17:35:53,2021-07-06 17:38:58,E 103 St & Lexington Ave,7463,2 Ave & E 104 St,7436,40.7903051,-73.94755757,40.7892105,-73.94370784,member
969533,2A491893510C1DEE,classic_bike,2021-07-06 11:25:25,2021-07-06 11:28:11,E 103 St & Lexington Ave,7463,2 Ave & E 104 St,7436,40.7903051,-73.94755757,40.7892105,-73.94370784,member
969534,F2398333CD0AAE6C,classic_bike,2021-07-07 19:01:11,2021-07-07 19:06:27,E 91 St & 2 Ave,7286,2 Ave & E 104 St,7436,40.78115276427916,-73.94963040947914,40.7892105,-73.94370784,member
969599,3F883F6BC03C3E86,classic_bike,2021-07-21 11:58:26,2021-07-21 12:10:25,2 Ave & E 72 St,6925,2 Ave & E 104 St,7436,40.7687620293096,-73.95840793848038,40.7892105,-73.94370784,member
969676,112FF305015CAF13,electric_bike,2021-07-17 00:21:05,2021-07-17 00:59:43,E 109 St & 3 Ave,7504,2 Ave & E 104 St,7436,40.79329668,-73.9432083,40.7892105,-73.94370784,member
969693,6D59B96741AB9D7D,classic_bike,2021-07-11 10:14:26,2021-07-11 10:18:13,E 109 St & 3 Ave,7504,2 Ave & E 104 St,7436,40.79329668,-73.9432083,40.7892105,-73.94370784,member
969694,B1F54DE7A3088F73,classic_bike,2021-07-11 10:24:56,2021-07-11 10:29:10,E 109 St & 3 Ave,7504,2 Ave & E 104 St,7436,40.79329668,-73.9432083,40.7892105,-73.94370784,member
969695,F6E053031AF49056,classic_bike,2021-07-10 09:46:09,2021-07-10 09:48:18,E 109 St & 3 Ave,7504,2 Ave & E 104 St,7436,40.79329668,-73.9432083,40.7892105,-73.94370784,member
969706,8901D9E09E7FE06D,electric_bike,2021-07-27 19:06:12,2021-07-27 20:49:48,E 109 St & 3 Ave,7504,2 Ave & E 104 St,7436,40.79329668,-73.9432083,40.7892105,-73.94370784,casual
969774,5842F6CA0E883EE9,electric_bike,2021-07-05 12:29:16,2021-07-05 12:36:16,E 81 St & 2 Ave,7121,2 Ave & E 104 St,7436,40.77477944895728,-73.95427465438843,40.7892105,-73.94370784,casual
969783,05A65083A29623A8,classic_bike,2021-07-22 18:33:43,2021-07-22 18:39:49,E 114 St & 1 Ave,7540,2 Ave & E 104 St,7436,40.7945663,-73.9362541,40.7892105,-73.94370784,member
969785,FB5D0AEE61A8788E,electric_bike,2021-07-07 15:56:39,2021-07-07 16:05:49,E 114 St & 1 Ave,7540,2 Ave & E 104 St,7436,40.7945663,-73.9362541,40.7892105,-73.94370784,member
969793,4A707A1B75F25F8E,classic_bike,2021-07-15 13:09:04,2021-07-15 13:14:25,E 114 St & 1 Ave,7540,2 Ave & E 104 St,7436,40.7945663,-73.9362541,40.7892105,-73.94370784,member
969801,44A64341DEC25A35,classic_bike,2021-07-28 16:53:01,2021-07-28 16:59:34,2 Ave & E 122 St,7622,2 Ave & E 104 St,7436,40.8006721,-73.9349,40.7892105,-73.94370784,casual
969810,1C0DC0B16367738A,classic_bike,2021-07-30 13:08:53,2021-07-30 13:20:25,2 Ave & E 122 St,7622,2 Ave & E 104 St,7436,40.8006721,-73.9349,40.7892105,-73.94370784,casual
969817,08935C3B84058D6F,classic_bike,2021-07-29 11:12:46,2021-07-29 11:21:38,2 Ave & E 122 St,7622,2 Ave & E 104 St,7436,40.8006721,-73.9349,40.7892105,-73.94370784,member
969828,B0920134B35919C7,classic_bike,2021-07-09 21:29:25,2021-07-09 21:40:00,2 Ave & E 122 St,7622,2 Ave & E 104 St,7436,40.8006721,-73.9349,40.7892105,-73.94370784,casual
969834,8C2EC442B30B0BA8,electric_bike,2021-07-10 15:11:35,2021-07-10 15:16:19,E 114 St & 1 Ave,7540,2 Ave & E 104 St,7436,40.7945663,-73.9362541,40.7892105,-73.94370784,member
969835,E511E3F72CA53F9F,electric_bike,2021-07-04 13:19:07,2021-07-04 13:22:40,E 114 St & 1 Ave,7540,2 Ave & E 104 St,7436,40.7945663,-73.9362541,40.7892105,-73.94370784,member
969836,2357E92467854685,electric_bike,2021-07-07 08:13:56,2021-07-07 08:18:12,E 114 St & 1 Ave,7540,2 Ave & E 104 St,7436,40.7945663,-73.9362541,40.7892105,-73.94370784,member
969855,FB8B2F01E5DE8B5F,electric_bike,2021-07-09 18:20:53,2021-07-09 18:28:39,E 118 St & 3 Ave,7611,2 Ave & E 104 St,7436,40.799139,-73.9389152,40.7892105,-73.94370784,member
969856,0EDDB48B49DBE7FB,electric_bike,2021-07-13 18:56:34,2021-07-13 19:00:54,E 118 St & 3 Ave,7611,2 Ave & E 104 St,7436,40.799139,-73.9389152,40.7892105,-73.94370784,member
969865,838E9F8735C755BF,classic_bike,2021-07-22 11:04:30,2021-07-22 11:12:54,E 118 St & 3 Ave,7611,2 Ave & E 104 St,7436,40.799139,-73.9389152,40.7892105,-73.94370784,member
969889,2969173084A2B6D1,classic_bike,2021-07-22 18:03:15,2021-07-22 18:44:24,Walnut Ave & E 136 St,7639,2 Ave & E 104 St,7436,40.801657,-73.909513,40.7892105,-73.94370784,member
969890,23B0774FB26CDA8E,classic_bike,2021-07-26 18:36:09,2021-07-26 19:09:53,Walnut Ave & E 136 St,7639,2 Ave & E 104 St,7436,40.801657,-73.909513,40.7892105,-73.94370784,member
1004479,8EAAB7C785294159,electric_bike,2021-07-21 20:28:12,2021-07-21 21:09:03,2 Ave & E 104 St,7436,W 25 St & 6 Ave,6215,40.7892105,-73.94370784,40.74395411,-73.99144871,member
1004489,B7C6D1C1141C63E1,classic_bike,2021-07-05 13:43:56,2021-07-05 14:55:12,2 Ave & E 104 St,7436,5 Ave & E 93 St,7372,40.7892105,-73.94370784,40.7857851,-73.957481,member
1004496,DF67BE03691073DC,classic_bike,2021-07-05 14:52:15,2021-07-05 15:03:14,2 Ave & E 104 St,7436,5 Ave & E 93 St,7372,40.7892105,-73.94370784,40.7857851,-73.957481,member
1004515,D9613FC4973ED33E,electric_bike,2021-07-14 19:17:54,2021-07-14 19:36:23,2 Ave & E 104 St,7436,23 Ave & 27 St,7178,40.7892105,-73.94370784,40.776165,-73.9153175,member
1018216,BD501DA6EDFCADB3,electric_bike,2021-07-30 10:27:32,2021-07-30 10:37:51,2 Ave & E 104 St,7436,5 Ave & E 87 St,7323,40.7892105,-73.94370784,40.78231448346993,-73.95980536937714,member
1025116,01E614028C08B5AD,electric_bike,2021-07-22 14:37:34,2021-07-22 14:55:25,2 Ave & E 104 St,7436,E 53 St & Madison Ave,6659,40.7892105,-73.94370784,40.7597108,-73.97402311,member
1072980,0E62A159C3381C8C,classic_bike,2021-07-22 13:16:16,2021-07-22 13:47:07,2 Ave & E 104 St,7436,W 44 St & 5 Ave,6551,40.7892105,-73.94370784,40.75500254,-73.98014437,member
1119345,D9FA31D0EB2283F1,classic_bike,2021-07-06 18:09:08,2021-07-06 18:21:18,2 Ave & E 104 St,7436,E 118 St & 1 Ave,7596,40.7892105,-73.94370784,40.79747,-73.93504,member
1119349,6629E5DF3CA065C4,electric_bike,2021-07-07 15:20:59,2021-07-07 15:26:07,2 Ave & E 104 St,7436,E 118 St & 1 Ave,7596,40.7892105,-73.94370784,40.79747,-73.93504,member
1119771,F6C8D5685AE06B4A,electric_bike,2021-07-09 20:24:06,2021-07-09 20:50:12,2 Ave & E 104 St,7436,W 51 St & 6 Ave,6740,40.7892105,-73.94370784,40.7606597,-73.98042047,member
1129862,0C858F7C4CEEEBD8,classic_bike,2021-07-20 11:54:12,2021-07-20 11:57:15,2 Ave & E 104 St,7436,E 109 St & 3 Ave,7504,40.7892105,-73.94370784,40.79329668,-73.9432083,casual
1130134,43BD6B0121430742,electric_bike,2021-07-22 07:50:33,2021-07-22 07:59:08,2 Ave & E 104 St,7436,E 109 St & 3 Ave,7504,40.7892105,-73.94370784,40.79329668,-73.9432083,member
1130206,94C473758F456C15,classic_bike,2021-07-12 08:35:21,2021-07-12 08:38:28,2 Ave & E 104 St,7436,E 109 St & 3 Ave,7504,40.7892105,-73.94370784,40.79329668,-73.9432083,casual
1130214,1AF0A99A4ADB4714,electric_bike,2021-07-31 07:58:16,2021-07-31 08:21:23,2 Ave & E 104 St,7436,W 50 St & 10 Ave,6890,40.7892105,-73.94370784,40.76473420006519,-73.99194359779358,casual
1130921,962D8A24D236D0B1,classic_bike,2021-07-18 09:04:41,2021-07-18 09:07:41,2 Ave & E 104 St,7436,E 109 St & 3 Ave,7504,40.7892105,-73.94370784,40.79329668,-73.9432083,member
1133024,CE06D3458AC2E201,classic_bike,2021-07-11 10:20:28,2021-07-11 10:24:23,2 Ave & E 104 St,7436,E 109 St & 3 Ave,7504,40.7892105,-73.94370784,40.79329668,-73.9432083,member
1133030,A3A58221936B45A9,electric_bike,2021-07-16 01:14:01,2021-07-16 01:59:03,2 Ave & E 104 St,7436,E 109 St & 3 Ave,7504,40.7892105,-73.94370784,40.79329668,-73.9432083,member
1150423,4E9130B24A55A348,classic_bike,2021-07-20 08:48:00,2021-07-20 09:00:47,2 Ave & E 104 St,7436,Madison Ave & E 120 St,7667,40.7892105,-73.94370784,40.80295,-73.942954,member
1150424,34576E1741CD1409,electric_bike,2021-07-29 08:39:49,2021-07-29 08:50:51,2 Ave & E 104 St,7436,Madison Ave & E 120 St,7667,40.7892105,-73.94370784,40.80295,-73.942954,member
1150426,E1B5BDE0E3B6CB38,electric_bike,2021-07-12 08:49:07,2021-07-12 09:00:55,2 Ave & E 104 St,7436,Madison Ave & E 120 St,7667,40.7892105,-73.94370784,40.80295,-73.942954,member
1150430,36C94FBC932C7AAF,classic_bike,2021-07-27 18:28:44,2021-07-27 18:42:05,2 Ave & E 104 St,7436,Madison Ave & E 120 St,7667,40.7892105,-73.94370784,40.80295,-73.942954,casual
1150451,851553A7498AF204,classic_bike,2021-07-27 08:47:15,2021-07-27 09:01:40,2 Ave & E 104 St,7436,Madison Ave & E 120 St,7667,40.7892105,-73.94370784,40.80295,-73.942954,member
1150501,3635550B31AD2F04,electric_bike,2021-07-06 07:41:02,2021-07-06 07:52:29,2 Ave & E 104 St,7436,Madison Ave & E 120 St,7667,40.7892105,-73.94370784,40.80295,-73.942954,member
1175791,E8A5DB9FFE635541,electric_bike,2021-07-02 10:56:34,2021-07-02 11:12:36,2 Ave & E 104 St,7436,E 58 St & 3 Ave,6762,40.7892105,-73.94370784,40.76095756,-73.96724467,casual
1197237,E9CA3BF742DA77A1,electric_bike,2021-07-26 14:11:10,2021-07-26 14:18:36,2 Ave & E 104 St,7436,2 Ave & E 72 St,6925,40.7892105,-73.94370784,40.7687620293096,-73.95840793848038,casual
1209512,B3B9F756E44F91A6,electric_bike,2021-07-04 14:28:22,2021-07-04 15:16:54,2 Ave & E 104 St,7436,W 30 St & 10 Ave,6459,40.7892105,-73.94370784,40.752694,-74.002353,member
1247634,7E255143044FA5B5,classic_bike,2021-07-20 09:14:17,2021-07-20 09:23:22,2 Ave & E 104 St,7436,E 78 St & 2 Ave,7057,40.7892105,-73.94370784,40.7727966,-73.95577801,casual
1247651,A71E3B3580E50ED4,classic_bike,2021-07-20 17:22:33,2021-07-20 17:33:54,2 Ave & E 104 St,7436,E 78 St & 2 Ave,7057,40.7892105,-73.94370784,40.7727966,-73.95577801,member
1271056,C05316AB472D9D89,classic_bike,2021-07-03 19:01:06,2021-07-03 19:09:14,2 Ave & E 104 St,7436,E 84 St & 1 Ave,7180,40.7892105,-73.94370784,40.77565541,-73.95068615,member
1271068,8EF9AC66C5418332,electric_bike,2021-07-23 15:27:52,2021-07-23 15:34:30,2 Ave & E 104 St,7436,E 84 St & 1 Ave,7180,40.7892105,-73.94370784,40.77565541,-73.95068615,casual
1271073,F5C55DD9E7D5A000,classic_bike,2021-07-24 15:32:11,2021-07-24 15:56:31,2 Ave & E 104 St,7436,Willis Ave & E 137 St,7726,40.7892105,-73.94370784,40.808384,-73.923604,casual
1271095,13F40A411336B2D9,electric_bike,2021-07-21 22:36:46,2021-07-21 22:49:50,2 Ave & E 104 St,7436,E 84 St & 1 Ave,7180,40.7892105,-73.94370784,40.77565541,-73.95068615,casual
1271392,3E06B9A88DFCD860,electric_bike,2021-07-18 07:53:35,2021-07-18 08:04:37,2 Ave & E 104 St,7436,Willis Ave & E 137 St,7726,40.7892105,-73.94370784,40.808384,-73.923604,casual
1271397,752A6341D27A1834,classic_bike,2021-07-14 20:02:42,2021-07-14 20:53:21,2 Ave & E 104 St,7436,Willis Ave & E 137 St,7726,40.7892105,-73.94370784,40.808384,-73.923604,casual
1325806,274DB0878CBF190C,electric_bike,2021-07-30 14:41:39,2021-07-30 14:54:49,2 Ave & E 104 St,7436,1 Ave & E 68 St,6822,40.7892105,-73.94370784,40.76500525,-73.95818491,casual
1325807,F97998B296189B14,electric_bike,2021-07-18 06:47:35,2021-07-18 06:59:43,2 Ave & E 104 St,7436,1 Ave & E 68 St,6822,40.7892105,-73.94370784,40.76500525,-73.95818491,casual
1325846,6C6698F54D56A0AF,classic_bike,2021-07-19 16:05:11,2021-07-19 16:36:33,2 Ave & E 104 St,7436,1 Ave & E 68 St,6822,40.7892105,-73.94370784,40.76500525,-73.95818491,member
1339971,79018D06DF7B2B4A,classic_bike,2021-07-02 11:13:53,2021-07-02 12:17:10,2 Ave & E 104 St,7436,Marcy Ave & Lafayette Ave,4476,40.7892105,-73.94370784,40.6900815,-73.947915,casual
1357249,9F04BA4BCCD87D19,classic_bike,2021-07-04 15:54:11,2021-07-04 16:15:03,2 Ave & E 104 St,7436,5 Ave & E 72 St,7100,40.7892105,-73.94370784,40.77282817,-73.96685276,member
1357277,7C93516CB27C9DA2,classic_bike,2021-07-15 18:37:48,2021-07-15 18:49:30,2 Ave & E 104 St,7436,5 Ave & W 126 St,7701,40.7892105,-73.94370784,40.80722,-73.9418,member
1357282,C5B2636947DFD693,classic_bike,2021-07-04 16:16:36,2021-07-04 16:56:36,2 Ave & E 104 St,7436,5 Ave & E 72 St,7100,40.7892105,-73.94370784,40.77282817,-73.96685276,member
1357291,552F15242E7DCBA5,classic_bike,2021-07-10 14:03:15,2021-07-10 14:22:07,2 Ave & E 104 St,7436,Central Park West & W 85 St,7354,40.7892105,-73.94370784,40.78476,-73.969862,casual
1357293,189E441F3518FF31,classic_bike,2021-07-14 17:51:05,2021-07-14 18:06:15,2 Ave & E 104 St,7436,5 Ave & E 72 St,7100,40.7892105,-73.94370784,40.77282817,-73.96685276,member
1358228,5EB6944F998690C7,classic_bike,2021-07-28 11:58:46,2021-07-28 12:15:10,2 Ave & E 104 St,7436,5 Ave & W 126 St,7701,40.7892105,-73.94370784,40.80722,-73.9418,member
1377924,CE41207F06B54902,docked_bike,2021-07-06 04:50:32,2021-07-06 05:28:54,2 Ave & E 104 St,7436,Lenox Ave & W 115 St,7627,40.789211,-73.943708,40.801194,-73.950074,casual
1406827,D42B26C3D02BB7D8,classic_bike,2021-07-16 11:10:42,2021-07-16 11:34:20,2 Ave & E 104 St,7436,7 Ave & Central Park South,6912,40.7892105,-73.94370784,40.7667405590595,-73.9790689945221,casual
1409654,D1340B1B11A33C06,classic_bike,2021-07-01 13:04:37,2021-07-01 13:17:03,2 Ave & E 104 St,7436,E 102 St & Park Ave,7488,40.7892105,-73.94370784,40.7904828,-73.95033068,member
1409663,FC896366FC29C2E1,classic_bike,2021-07-24 23:15:12,2021-07-24 23:20:33,2 Ave & E 104 St,7436,E 102 St & Park Ave,7488,40.7892105,-73.94370784,40.7904828,-73.95033068,member
1431240,3CCA72757A86996F,classic_bike,2021-07-26 15:49:27,2021-07-26 18:55:54,2 Ave & E 104 St,7436,Christopher St & Greenwich St,5847,40.7892105,-73.94370784,40.73291553,-74.00711384,casual
1438451,B34B98E9944BAD35,electric_bike,2021-07-04 12:06:25,2021-07-04 12:19:44,2 Ave & E 104 St,7436,Amsterdam Ave & W 131 St,7842,40.7892105,-73.94370784,40.816355,-73.954295,casual
1492886,2D18C076171856DF,electric_bike,2021-07-04 11:02:53,2021-07-04 11:19:27,2 Ave & E 104 St,7436,Central Park West & W 68 St,7079,40.7892105,-73.94370784,40.7734066,-73.97782542,member
1492895,C40FA9858460D018,electric_bike,2021-07-21 17:06:23,2021-07-21 17:15:14,2 Ave & E 104 St,7436,W 107 St & Columbus Ave,7619,40.7892105,-73.94370784,40.7997568,-73.9621128676,casual
1493011,1E09B789B6229CC7,electric_bike,2021-07-03 06:31:43,2021-07-03 06:46:23,2 Ave & E 104 St,7436,W 67 St & Broadway,7116,40.7892105,-73.94370784,40.77492513,-73.98266566,member
1493032,797D18670CECA8D2,electric_bike,2021-07-11 06:35:12,2021-07-11 06:49:45,2 Ave & E 104 St,7436,W 67 St & Broadway,7116,40.7892105,-73.94370784,40.77492513,-73.98266566,member
1493033,10385B4D1A02823D,electric_bike,2021-07-17 06:34:28,2021-07-17 06:48:44,2 Ave & E 104 St,7436,W 67 St & Broadway,7116,40.7892105,-73.94370784,40.77492513,-73.98266566,member
1515849,C397635D80179624,classic_bike,2021-07-09 17:59:35,2021-07-09 18:26:26,2 Ave & E 104 St,7436,2 Ave & E 31 St,6197,40.7892105,-73.94370784,40.74290902,-73.97706058,member
1516964,9A3DCAD35A64E73A,classic_bike,2021-07-02 16:33:36,2021-07-02 17:14:18,2 Ave & E 104 St,7436,2 Ave & E 31 St,6197,40.7892105,-73.94370784,40.74290902,-73.97706058,member
1565145,BBCBDC89C1B70D90,classic_bike,2021-07-14 18:46:26,2021-07-14 19:02:40,2 Ave & E 104 St,7436,E 88 St & 1 Ave,7235,40.7892105,-73.94370784,40.778301,-73.9488134,member
1565165,10EB4D1F860C0360,electric_bike,2021-07-12 07:53:43,2021-07-12 08:06:02,2 Ave & E 104 St,7436,Amsterdam Ave & W 125 St,7800,40.7892105,-73.94370784,40.813358,-73.956461,member
1565175,A9045A1518970DBC,classic_bike,2021-07-06 14:36:24,2021-07-06 14:43:41,2 Ave & E 104 St,7436,E 88 St & 1 Ave,7235,40.7892105,-73.94370784,40.778301,-73.9488134,member
1565176,BE10D7318DA27DB0,electric_bike,2021-07-12 01:20:25,2021-07-12 01:33:54,2 Ave & E 104 St,7436,Amsterdam Ave & W 125 St,7800,40.7892105,-73.94370784,40.813358,-73.956461,casual
1565183,8C368DFB10F392EC,electric_bike,2021-07-04 12:49:08,2021-07-04 12:54:23,2 Ave & E 104 St,7436,E 88 St & 1 Ave,7235,40.7892105,-73.94370784,40.778301,-73.9488134,member
1565185,18AB2B892B93974F,electric_bike,2021-07-31 18:56:21,2021-07-31 19:23:18,2 Ave & E 104 St,7436,Allen St & Rivington St,5414,40.7892105,-73.94370784,40.72019576,-73.98997825,member
1565204,FE82F914AC26B64C,classic_bike,2021-07-30 10:51:12,2021-07-30 10:57:57,2 Ave & E 104 St,7436,E 88 St & 1 Ave,7235,40.7892105,-73.94370784,40.778301,-73.9488134,member
1565210,9E6769CBBC3FD733,classic_bike,2021-07-11 20:26:28,2021-07-11 20:34:33,2 Ave & E 104 St,7436,E 88 St & 1 Ave,7235,40.7892105,-73.94370784,40.778301,-73.9488134,member
1591878,6C7EA530B8F01755,classic_bike,2021-07-01 12:33:17,2021-07-01 12:45:58,2 Ave & E 104 St,7436,3 Ave & E 72 St,7028,40.7892105,-73.94370784,40.7699426,-73.96060712,member
1602187,D342BD0B5226EDC6,electric_bike,2021-07-30 23:02:17,2021-07-30 23:33:27,2 Ave & E 104 St,7436,8 Ave & W 27 St,6297,40.7892105,-73.94370784,40.747968,-73.996637,casual
1602189,5CD2F2402BE79DAF,classic_bike,2021-07-28 14:48:29,2021-07-28 15:07:46,2 Ave & E 104 St,7436,E 106 St & Lexington Ave,7504,40.7892105,-73.94370784,40.791976,-73.945993,casual
1602190,67D560582A31F929,electric_bike,2021-07-24 09:58:35,2021-07-24 10:20:05,2 Ave & E 104 St,7436,E 106 St & Lexington Ave,7504,40.7892105,-73.94370784,40.791976,-73.945993,casual
1602192,7EE73D0BA0242020,electric_bike,2021-07-30 23:02:06,2021-07-30 23:33:16,2 Ave & E 104 St,7436,8 Ave & W 27 St,6297,40.7892105,-73.94370784,40.747968,-73.996637,casual
1602194,BFC919FFD6F2BD73,classic_bike,2021-07-29 11:08:17,2021-07-29 11:31:55,2 Ave & E 104 St,7436,E 106 St & Lexington Ave,7504,40.7892105,-73.94370784,40.791976,-73.945993,casual
1612919,03C205E97B2F03ED,classic_bike,2021-07-28 19:35:38,2021-07-28 19:38:36,2 Ave & E 104 St,7436,E 106 St & Lexington Ave,7504,40.7892105,-73.94370784,40.791976,-73.945993,member
1612924,49A4DFE522130CD6,classic_bike,2021-07-27 17:50:21,2021-07-27 18:07:22,2 Ave & E 104 St,7436,E 106 St & Lexington Ave,7504,40.7892105,-73.94370784,40.791976,-73.945993,member
1612926,EBFDE1C89A578567,classic_bike,2021-07-23 18:10:37,2021-07-23 18:13:06,2 Ave & E 104 St,7436,E 106 St & Lexington Ave,7504,40.7892105,-73.94370784,40.791976,-73.945993,member
1612934,5AA876C5B459F89F,electric_bike,2021-07-10 08:18:37,2021-07-10 08:26:02,2 Ave & E 104 St,7436,E 72 St & York Ave,6889,40.7892105,-73.94370784,40.76663814,-73.95348296,casual
1612942,A724A288E50421E0,electric_bike,2021-07-16 13:00:10,2021-07-16 13:07:48,2 Ave & E 104 St,7436,E 106 St & Lexington Ave,7504,40.7892105,-73.94370784,40.791976,-73.945993,casual
1612946,F523772B9E18FF3F,classic_bike,2021-07-23 09:55:27,2021-07-23 10:09:03,2 Ave & E 104 St,7436,E 72 St & York Ave,6889,40.7892105,-73.94370784,40.76663814,-73.95348296,casual
1612952,96A039452D693342,electric_bike,2021-07-24 10:35:07,2021-07-24 10:39:34,2 Ave & E 104 St,7436,E 106 St & Lexington Ave,7504,40.7892105,-73.94370784,40.791976,-73.945993,member
1649400,A4948393CD8FCA33,electric_bike,2021-07-23 14:54:19,2021-07-23 15:10:00,2 Ave & E 104 St,7436,2 Ave & E 55 St,6650,40.7892105,-73.94370784,40.757920208794026,-73.96638214588165,member
1669060,C0360DEA1A5B4A75,classic_bike,2021-07-26 21:23:47,2021-07-26 21:31:34,2 Ave & E 104 St,7436,E 118 St & 3 Ave,7611,40.7892105,-73.94370784,40.799139,-73.9389152,casual
1671169,8B51EEFF3C4A387D,classic_bike,2021-07-31 12:04:46,2021-07-31 12:12:31,2 Ave & E 104 St,7436,E 118 St & 3 Ave,7611,40.7892105,-73.94370784,40.799139,-73.9389152,member
1671176,1F646F53DF152CBA,electric_bike,2021-07-02 11:03:18,2021-07-02 11:12:19,2 Ave & E 104 St,7436,E 118 St & 3 Ave,7611,40.7892105,-73.94370784,40.799139,-73.9389152,member
1671261,8BC900E22D4CA98F,classic_bike,2021-07-17 17:27:16,2021-07-17 17:49:20,2 Ave & E 104 St,7436,E 118 St & 3 Ave,7611,40.7892105,-73.94370784,40.799139,-73.9389152,member
1672044,45E5D309F417FB29,electric_bike,2021-07-16 15:45:23,2021-07-16 15:58:06,2 Ave & E 104 St,7436,E 118 St & 3 Ave,7611,40.7892105,-73.94370784,40.799139,-73.9389152,casual
1676289,F998EA6C636366C9,classic_bike,2021-07-20 23:58:59,2021-07-21 00:10:41,2 Ave & E 104 St,7436,E 118 St & 3 Ave,7611,40.7892105,-73.94370784,40.799139,-73.9389152,member
1694071,62A7E8924765CC14,classic_bike,2021-07-19 17:14:56,2021-07-19 17:20:23,2 Ave & E 104 St,7436,E 106 St & 1 Ave,7456,40.7892105,-73.94370784,40.7892529,-73.93956237,member
1694072,87FACDA5F1169F28,classic_bike,2021-07-14 17:24:54,2021-07-14 17:29:12,2 Ave & E 104 St,7436,E 106 St & 1 Ave,7456,40.7892105,-73.94370784,40.7892529,-73.93956237,member
1694074,13BB21FE9B575D11,classic_bike,2021-07-17 14:21:48,2021-07-17 14:23:52,2 Ave & E 104 St,7436,E 106 St & 1 Ave,7456,40.7892105,-73.94370784,40.7892529,-73.93956237,member
1694082,21B5FBD2EF74D8F9,electric_bike,2021-07-13 14:54:01,2021-07-13 15:26:44,2 Ave & E 104 St,7436,31 St & Northern Blvd,6495,40.7892105,-73.94370784,40.75186951421875,-73.93349289894103,casual
1695001,9070CCD2E3EF1A91,electric_bike,2021-07-12 21:18:00,2021-07-12 21:41:28,2 Ave & E 104 St,7436,E 106 St & 1 Ave,7456,40.7892105,-73.94370784,40.7892529,-73.93956237,member
1695002,C00D42DCC477A3F7,classic_bike,2021-07-31 20:47:47,2021-07-31 21:27:52,2 Ave & E 104 St,7436,E 106 St & 1 Ave,7456,40.7892105,-73.94370784,40.7892529,-73.93956237,member
1695568,8A845C2F6C0018A0,classic_bike,2021-07-04 20:19:59,2021-07-04 20:23:39,2 Ave & E 104 St,7436,E 106 St & 1 Ave,7456,40.7892105,-73.94370784,40.7892529,-73.93956237,casual
1695868,FA312768B5B95257,electric_bike,2021-07-04 16:48:52,2021-07-04 17:30:13,2 Ave & E 104 St,7436,Nassau St & Navy St,4812,40.7892105,-73.94370784,40.69839895,-73.98068914,member
1695870,A6E7E6E222CBD0B5,classic_bike,2021-07-24 23:09:35,2021-07-24 23:18:14,2 Ave & E 104 St,7436,E 106 St & 1 Ave,7456,40.7892105,-73.94370784,40.7892529,-73.93956237,member
1695874,F15B14F7843EED17,electric_bike,2021-07-13 23:24:51,2021-07-13 23:54:38,2 Ave & E 104 St,7436,E 106 St & 1 Ave,7456,40.7892105,-73.94370784,40.7892529,-73.93956237,casual
1696227,DC3A74AC6635D57C,electric_bike,2021-07-04 16:35:28,2021-07-04 16:55:16,2 Ave & E 104 St,7436,Vernon Blvd & 31 Ave,7003,40.7892105,-73.94370784,40.7692475,-73.9354504,casual
1700150,1A498B3D58A12E06,docked_bike,2021-07-14 08:04:21,2021-07-14 08:08:38,2 Ave & E 104 St,7436,E 106 St & 1 Ave,7456,40.789211,-73.943708,40.789253,-73.939562,casual
1732375,377E38CC2F0D61AC,classic_bike,2021-07-28 15:43:07,2021-07-28 15:53:09,2 Ave & E 104 St,7436,1 Ave & E 94 St,7286,40.7892105,-73.94370784,40.7817212,-73.94594,member
1732398,2886A0B6098A001A,classic_bike,2021-07-24 15:56:46,2021-07-24 16:04:03,2 Ave & E 104 St,7436,1 Ave & E 94 St,7286,40.7892105,-73.94370784,40.7817212,-73.94594,casual
1733718,EEF460B9E61ED9E6,classic_bike,2021-07-03 16:20:28,2021-07-03 16:24:45,2 Ave & E 104 St,7436,1 Ave & E 94 St,7286,40.7892105,-73.94370784,40.7817212,-73.94594,member
1733722,AF0050718DC00174,classic_bike,2021-07-19 11:26:34,2021-07-19 11:32:15,2 Ave & E 104 St,7436,1 Ave & E 94 St,7286,40.7892105,-73.94370784,40.7817212,-73.94594,member
1733724,26A4F39E57DC7C65,electric_bike,2021-07-03 23:38:02,2021-07-03 23:43:14,2 Ave & E 104 St,7436,1 Ave & E 94 St,7286,40.7892105,-73.94370784,40.7817212,-73.94594,member
1733725,6BAD62EF1BDAB7C9,electric_bike,2021-07-18 22:32:44,2021-07-18 22:37:40,2 Ave & E 104 St,7436,1 Ave & E 94 St,7286,40.7892105,-73.94370784,40.7817212,-73.94594,member
1734205,F0E1559CBAFD30FF,electric_bike,2021-07-09 19:23:21,2021-07-09 19:32:22,2 Ave & E 104 St,7436,1 Ave & E 94 St,7286,40.7892105,-73.94370784,40.7817212,-73.94594,member
1734210,D5A74553B846B1FB,classic_bike,2021-07-25 16:56:49,2021-07-25 17:00:51,2 Ave & E 104 St,7436,1 Ave & E 94 St,7286,40.7892105,-73.94370784,40.7817212,-73.94594,casual
1734225,E448CFA6D2B47D44,classic_bike,2021-07-23 15:21:30,2021-07-23 15:32:52,2 Ave & E 104 St,7436,1 Ave & E 94 St,7286,40.7892105,-73.94370784,40.7817212,-73.94594,casual
1734234,1A8E55DAFD5C2C48,electric_bike,2021-07-12 18:50:19,2021-07-12 19:17:18,2 Ave & E 104 St,7436,1 Ave & E 94 St,7286,40.7892105,-73.94370784,40.7817212,-73.94594,casual
1734803,4CEA65AD8241AAF7,electric_bike,2021-07-06 12:16:05,2021-07-06 12:24:44,2 Ave & E 104 St,7436,E 75 St & 3 Ave,6991,40.7892105,-73.94370784,40.77112927,-73.95772297,member
1736899,BD5EEE3B75ED2897,classic_bike,2021-07-28 16:46:30,2021-07-28 18:35:19,2 Ave & E 104 St,7436,1 Ave & E 94 St,7286,40.7892105,-73.94370784,40.7817212,-73.94594,casual
1736902,0EB23594C56FD185,classic_bike,2021-07-22 18:41:29,2021-07-22 19:09:44,2 Ave & E 104 St,7436,Icahn Stadium,7514,40.7892105,-73.94370784,40.79346,-73.92389,member
1736907,57D56AA36AF5CE9A,classic_bike,2021-07-18 19:38:07,2021-07-18 19:42:37,2 Ave & E 104 St,7436,1 Ave & E 94 St,7286,40.7892105,-73.94370784,40.7817212,-73.94594,member
1736909,70EA62ED57CBEC7A,electric_bike,2021-07-09 23:48:38,2021-07-09 23:53:30,2 Ave & E 104 St,7436,1 Ave & E 94 St,7286,40.7892105,-73.94370784,40.7817212,-73.94594,member
1736911,64FDD69FD59D71F9,classic_bike,2021-07-18 16:24:03,2021-07-18 16:47:19,2 Ave & E 104 St,7436,Madison Av & E 51 St,6659,40.7892105,-73.94370784,40.75863,-73.97513,casual
1736912,B954DA15F417EE83,electric_bike,2021-07-09 14:56:48,2021-07-09 15:04:13,2 Ave & E 104 St,7436,1 Ave & E 94 St,7286,40.7892105,-73.94370784,40.7817212,-73.94594,member
1745933,442BD3FE13FB6646,classic_bike,2021-07-23 19:57:47,2021-07-23 20:33:10,2 Ave & E 104 St,7436,E 147 St & Bergen Ave,7840,40.7892105,-73.94370784,40.814673,-73.91839,casual
1773670,92A2D3FFA6A70490,classic_bike,2021-07-19 14:56:59,2021-07-19 15:17:46,2 Ave & E 104 St,7436,Central Park W & W 103 St,7577,40.7892105,-73.94370784,40.79558954105342,-73.96188408136368,casual
1809587,9BFC20A02B1A2FE0,classic_bike,2021-07-08 08:00:32,2021-07-08 08:16:53,2 Ave & E 104 St,7436,E 138 St & Willow Ave,7654,40.7892105,-73.94370784,40.804168,-73.911545,member
1809588,AA180E71DB1435DA,classic_bike,2021-07-04 07:41:08,2021-07-04 07:58:46,2 Ave & E 104 St,7436,E 138 St & Willow Ave,7654,40.7892105,-73.94370784,40.804168,-73.911545,member
1809858,E170D41BE23CC754,electric_bike,2021-07-13 03:33:54,2021-07-13 04:00:21,2 Ave & E 104 St,7436,W 18 St & 6 Ave,6064,40.7892105,-73.94370784,40.73971301,-73.99456405,casual
1847605,9A0BCFF9D4963F7C,classic_bike,2021-07-31 09:44:08,2021-07-31 09:51:22,2 Ave & E 104 St,7436,E 85 St & York Ave,7146,40.7892105,-73.94370784,40.77536905,-73.94803392,member
1847606,581F3BD9808B0A19,classic_bike,2021-07-31 18:43:24,2021-07-31 18:58:10,2 Ave & E 104 St,7436,E 85 St & York Ave,7146,40.7892105,-73.94370784,40.77536905,-73.94803392,casual
1847609,074D40C406F6B473,classic_bike,2021-07-31 12:35:44,2021-07-31 12:44:57,2 Ave & E 104 St,7436,E 85 St & York Ave,7146,40.7892105,-73.94370784,40.77536905,-73.94803392,member
1851429,0678F6936CEFBE40,classic_bike,2021-07-09 13:02:51,2021-07-09 13:08:30,2 Ave & E 104 St,7436,E 97 St & 3 Ave,7365,40.7892105,-73.94370784,40.7859201,-73.94860294,member
1851434,22F631010C5675C1,electric_bike,2021-07-21 00:28:56,2021-07-21 00:39:57,2 Ave & E 104 St,7436,Park Ave & E 124 St,7682,40.7892105,-73.94370784,40.8045555,-73.9396861,casual
1851435,0549BDF8CB8E95C4,electric_bike,2021-07-29 18:17:44,2021-07-29 18:24:59,2 Ave & E 104 St,7436,E 118 St & Madison Ave,7640,40.7892105,-73.94370784,40.8014866,-73.9442507,casual
1851436,820A3C0AEA62A4E2,classic_bike,2021-07-01 13:49:12,2021-07-01 14:05:52,2 Ave & E 104 St,7436,E 97 St & 3 Ave,7365,40.7892105,-73.94370784,40.7859201,-73.94860294,member
1851437,3C81A0503AFC4224,classic_bike,2021-07-11 10:29:59,2021-07-11 10:34:08,2 Ave & E 104 St,7436,E 97 St & 3 Ave,7365,40.7892105,-73.94370784,40.7859201,-73.94860294,member
1851438,155670FEBFD69703,electric_bike,2021-07-19 13:29:35,2021-07-19 13:54:02,2 Ave & E 104 St,7436,3 Ave & E 100 St,7414,40.7892105,-73.94370784,40.7877214,-73.94728331,casual
1851439,61874EBA9E32B345,electric_bike,2021-07-25 20:32:46,2021-07-25 21:35:32,2 Ave & E 104 St,7436,3 Ave & E 100 St,7414,40.7892105,-73.94370784,40.7877214,-73.94728331,casual
1851444,D880DDDABF8C9C76,electric_bike,2021-07-02 05:30:20,2021-07-02 05:38:00,2 Ave & E 104 St,7436,Park Ave & E 124 St,7682,40.7892105,-73.94370784,40.8045555,-73.9396861,casual
1851446,067CAF4F9275EE62,electric_bike,2021-07-13 05:30:49,2021-07-13 05:38:27,2 Ave & E 104 St,7436,Park Ave & E 124 St,7682,40.7892105,-73.94370784,40.8045555,-73.9396861,casual
1851448,AD4342330A3F7656,electric_bike,2021-07-06 13:21:23,2021-07-06 13:29:24,2 Ave & E 104 St,7436,E 115 St & Lexington Ave,7599,40.7892105,-73.94370784,40.797911,-73.9423,casual
1851449,DF60DBFCE15348EA,classic_bike,2021-07-25 08:56:56,2021-07-25 09:11:40,2 Ave & E 104 St,7436,3 Ave & E 100 St,7414,40.7892105,-73.94370784,40.7877214,-73.94728331,casual
1851450,1C2174CA72A2CBEF,classic_bike,2021-07-19 12:17:00,2021-07-19 12:20:26,2 Ave & E 104 St,7436,3 Ave & E 100 St,7414,40.7892105,-73.94370784,40.7877214,-73.94728331,member
1851521,4C2F828971333120,electric_bike,2021-07-05 06:29:49,2021-07-05 06:36:31,2 Ave & E 104 St,7436,E 118 St & Madison Ave,7640,40.7892105,-73.94370784,40.8014866,-73.9442507,member
1851522,FF89EBA3C0983D00,classic_bike,2021-07-31 16:27:35,2021-07-31 17:44:37,2 Ave & E 104 St,7436,3 Ave & E 100 St,7414,40.7892105,-73.94370784,40.7877214,-73.94728331,casual
1852800,7C15FDAEEE3F6422,classic_bike,2021-07-19 18:18:54,2021-07-19 18:21:20,2 Ave & E 104 St,7436,3 Ave & E 100 St,7414,40.7892105,-73.94370784,40.7877214,-73.94728331,member
1852825,BD7692B38DD92F30,electric_bike,2021-07-06 05:25:37,2021-07-06 05:32:15,2 Ave & E 104 St,7436,Park Ave & E 124 St,7682,40.7892105,-73.94370784,40.8045555,-73.9396861,casual
1852826,673B5F0B0FE1E16F,electric_bike,2021-07-01 05:27:10,2021-07-01 05:33:45,2 Ave & E 104 St,7436,Park Ave & E 124 St,7682,40.7892105,-73.94370784,40.8045555,-73.9396861,casual
1862889,5CFC23629B299F03,electric_bike,2021-07-30 15:59:20,2021-07-30 16:29:06,2 Ave & E 104 St,7436,W 106 St & Central Park West,7606,40.7892105,-73.94370784,40.7981856,-73.9605909006,casual
1862930,9C74413588655B69,electric_bike,2021-07-01 22:28:57,2021-07-01 22:52:32,2 Ave & E 104 St,7436,Grand Concourse & East Mount Eden Ave,8265,40.7892105,-73.94370784,40.84301,-73.91172,casual
1877703,76DA2AADAB7EBD4B,classic_bike,2021-07-10 19:28:30,2021-07-10 19:39:51,2 Ave & E 104 St,7436,Lexington Ave & E 120 St,7652,40.7892105,-73.94370784,40.8013066,-73.9398167,member
1878252,AD956E12F103EB8C,classic_bike,2021-07-24 22:55:02,2021-07-24 23:08:12,2 Ave & E 104 St,7436,Lexington Ave & E 120 St,7652,40.7892105,-73.94370784,40.8013066,-73.9398167,casual
1878260,11D69F3B91BEAC02,classic_bike,2021-07-18 12:18:06,2021-07-18 13:00:03,2 Ave & E 104 St,7436,6 Ave & W 34 St,6364,40.7892105,-73.94370784,40.74964,-73.98805,member
1896756,7CB46371A3F30E05,classic_bike,2021-07-20 06:42:11,2021-07-20 06:49:48,2 Ave & E 104 St,7436,Madison Ave & E 99 St,7443,40.7892105,-73.94370784,40.78948541553215,-73.95242929458618,member
1900362,5526D996B5F5DC2E,classic_bike,2021-07-26 17:18:57,2021-07-26 17:38:38,2 Ave & E 104 St,7436,E 115 St & Madison Ave,7599,40.7892105,-73.94370784,40.7989445,-73.944846,member
1916894,E94DDA43DC2BEF9D,electric_bike,2021-07-19 23:45:26,2021-07-19 23:55:53,2 Ave & E 104 St,7436,W 100 St & Broadway,7580,40.7892105,-73.94370784,40.7973721,-73.97041192,casual
1924530,ACB5A671B4777520,classic_bike,2021-07-02 12:23:09,2021-07-02 12:39:42,2 Ave & E 104 St,7436,3 Ave & E 62 St,6762,40.7892105,-73.94370784,40.76312584,-73.96526895,member
1924536,C2EA6F63777B0B03,classic_bike,2021-07-17 00:48:45,2021-07-17 00:55:09,2 Ave & E 104 St,7436,E 118 St & Park Ave,7625,40.7892105,-73.94370784,40.8005385,-73.9419949,casual
1924540,2916E111192A9AF9,electric_bike,2021-07-02 12:19:09,2021-07-02 12:29:29,2 Ave & E 104 St,7436,E 118 St & Park Ave,7625,40.7892105,-73.94370784,40.8005385,-73.9419949,casual
1925856,1FF2D6E8BE05FFDF,classic_bike,2021-07-26 12:16:42,2021-07-26 12:21:13,2 Ave & E 104 St,7436,E 106 St & Madison Ave,7528,40.7892105,-73.94370784,40.7934337,-73.94945003,member
1925891,3D1FA9DBE6C390AB,electric_bike,2021-07-14 21:32:58,2021-07-14 21:36:14,2 Ave & E 104 St,7436,E 106 St & Madison Ave,7528,40.7892105,-73.94370784,40.7934337,-73.94945003,member
1925910,BEAA1EC05680A1FC,classic_bike,2021-07-14 08:34:05,2021-07-14 08:38:40,2 Ave & E 104 St,7436,E 106 St & Madison Ave,7528,40.7892105,-73.94370784,40.7934337,-73.94945003,member
1925917,B144B8623338A636,classic_bike,2021-07-07 08:16:41,2021-07-07 08:21:29,2 Ave & E 104 St,7436,E 106 St & Madison Ave,7528,40.7892105,-73.94370784,40.7934337,-73.94945003,member
1925926,7667638544A8ED98,classic_bike,2021-07-08 08:32:54,2021-07-08 08:37:51,2 Ave & E 104 St,7436,E 106 St & Madison Ave,7528,40.7892105,-73.94370784,40.7934337,-73.94945003,member
1925934,3A84998049EE4F0C,classic_bike,2021-07-07 18:04:13,2021-07-07 18:11:09,2 Ave & E 104 St,7436,E 106 St & Madison Ave,7528,40.7892105,-73.94370784,40.7934337,-73.94945003,member
1926118,704AAD088504EDA7,classic_bike,2021-07-13 08:19:21,2021-07-13 08:26:04,2 Ave & E 104 St,7436,E 106 St & Madison Ave,7528,40.7892105,-73.94370784,40.7934337,-73.94945003,member
1926119,C2EF293128AEB7C8,classic_bike,2021-07-15 08:19:23,2021-07-15 08:24:22,2 Ave & E 104 St,7436,E 106 St & Madison Ave,7528,40.7892105,-73.94370784,40.7934337,-73.94945003,member
1926120,1A7B982260505705,classic_bike,2021-07-06 08:20:53,2021-07-06 08:26:56,2 Ave & E 104 St,7436,E 106 St & Madison Ave,7528,40.7892105,-73.94370784,40.7934337,-73.94945003,member
1926121,D7D5DE1F5E15927B,classic_bike,2021-07-06 14:03:16,2021-07-06 14:07:24,2 Ave & E 104 St,7436,E 106 St & Madison Ave,7528,40.7892105,-73.94370784,40.7934337,-73.94945003,member
1926122,7A83FA8695691133,classic_bike,2021-07-12 17:25:42,2021-07-12 17:29:35,2 Ave & E 104 St,7436,E 106 St & Madison Ave,7528,40.7892105,-73.94370784,40.7934337,-73.94945003,member
1926123,44A79C573AC45FBB,classic_bike,2021-07-12 08:19:48,2021-07-12 08:25:26,2 Ave & E 104 St,7436,E 106 St & Madison Ave,7528,40.7892105,-73.94370784,40.7934337,-73.94945003,member
1926124,9F4F13240032BB04,classic_bike,2021-07-22 08:37:07,2021-07-22 08:42:28,2 Ave & E 104 St,7436,E 106 St & Madison Ave,7528,40.7892105,-73.94370784,40.7934337,-73.94945003,member
1926130,8D19A79C21135A41,classic_bike,2021-07-13 08:20:43,2021-07-13 08:25:36,2 Ave & E 104 St,7436,E 106 St & Madison Ave,7528,40.7892105,-73.94370784,40.7934337,-73.94945003,member
1928582,46FFDC9174892BBC,electric_bike,2021-07-23 12:14:21,2021-07-23 12:23:43,2 Ave & E 104 St,7436,E 81 St & Park Ave,7188,40.7892105,-73.94370784,40.77677702,-73.9590097,member
1928609,B15ACDE72FF55925,classic_bike,2021-07-27 22:07:18,2021-07-27 22:20:18,2 Ave & E 104 St,7436,E 81 St & Park Ave,7188,40.7892105,-73.94370784,40.77677702,-73.9590097,member
1928659,BE90DE4848644265,classic_bike,2021-07-27 09:03:10,2021-07-27 09:16:56,2 Ave & E 104 St,7436,E 81 St & Park Ave,7188,40.7892105,-73.94370784,40.77677702,-73.9590097,member
1928662,A379B35CD233C21E,classic_bike,2021-07-11 21:33:26,2021-07-11 21:48:46,2 Ave & E 104 St,7436,E 81 St & Park Ave,7188,40.7892105,-73.94370784,40.77677702,-73.9590097,member
1928665,0F80F84FF10DA674,classic_bike,2021-07-23 21:07:38,2021-07-23 21:29:34,2 Ave & E 104 St,7436,E 81 St & Park Ave,7188,40.7892105,-73.94370784,40.77677702,-73.9590097,member
1928670,DE93EBF8D7DFD3C6,classic_bike,2021-07-26 20:10:21,2021-07-26 20:23:32,2 Ave & E 104 St,7436,Columbus Ave & W 95 St,7520,40.7892105,-73.94370784,40.7919557,-73.968087,member
1928702,456E1A3D5B0F7955,electric_bike,2021-07-02 08:20:19,2021-07-02 08:29:07,2 Ave & E 104 St,7436,E 81 St & Park Ave,7188,40.7892105,-73.94370784,40.77677702,-73.9590097,casual
1928713,33CA01EDD51EB405,electric_bike,2021-07-28 05:42:13,2021-07-28 05:50:17,2 Ave & E 104 St,7436,E 81 St & Park Ave,7188,40.7892105,-73.94370784,40.77677702,-73.9590097,casual
1928733,92A0F5967143F245,classic_bike,2021-07-08 18:34:20,2021-07-08 18:45:59,2 Ave & E 104 St,7436,E 81 St & Park Ave,7188,40.7892105,-73.94370784,40.77677702,-73.9590097,member
1928735,0022E641B457C32E,electric_bike,2021-07-28 08:50:15,2021-07-28 08:58:03,2 Ave & E 104 St,7436,E 81 St & Park Ave,7188,40.7892105,-73.94370784,40.77677702,-73.9590097,member
1928739,7B10E48F5F8485AF,classic_bike,2021-07-13 15:15:06,2021-07-13 15:36:41,2 Ave & E 104 St,7436,Columbus Ave & W 95 St,7520,40.7892105,-73.94370784,40.7919557,-73.968087,casual
1930923,839CFC6B390EEFAD,classic_bike,2021-07-30 17:39:26,2021-07-30 18:17:19,2 Ave & E 104 St,7436,Sunken Meadow Comfort Station,7571,40.7892105,-73.94370784,40.79558,-73.91906,casual
1932748,8DA499647C7BBC09,electric_bike,2021-07-08 08:13:55,2021-07-08 08:27:13,2 Ave & E 104 St,7436,E 110 St & Madison Ave,7587,40.7892105,-73.94370784,40.7961535,-73.94782145,member
1932876,1CE605A45571EA65,classic_bike,2021-07-04 21:46:39,2021-07-04 21:53:31,2 Ave & E 104 St,7436,E 110 St & Madison Ave,7587,40.7892105,-73.94370784,40.7961535,-73.94782145,casual
1932896,026C8C1B7DEC5019,classic_bike,2021-07-24 17:14:11,2021-07-24 17:22:38,2 Ave & E 104 St,7436,E 110 St & Madison Ave,7587,40.7892105,-73.94370784,40.7961535,-73.94782145,member
1932900,43FC298BDD9F93C8,electric_bike,2021-07-29 17:51:05,2021-07-29 17:58:00,2 Ave & E 104 St,7436,E 110 St & Madison Ave,7587,40.7892105,-73.94370784,40.7961535,-73.94782145,member
1932912,18D3836831721948,electric_bike,2021-07-20 21:56:01,2021-07-20 22:00:06,2 Ave & E 104 St,7436,E 110 St & Madison Ave,7587,40.7892105,-73.94370784,40.7961535,-73.94782145,member
1932917,60D74E3172197217,classic_bike,2021-07-06 13:38:51,2021-07-06 13:50:29,2 Ave & E 104 St,7436,E 110 St & Madison Ave,7587,40.7892105,-73.94370784,40.7961535,-73.94782145,member
1933019,0DE1457E4E04A6D4,classic_bike,2021-07-24 16:49:40,2021-07-24 17:16:41,2 Ave & E 104 St,7436,E 25 St & 1 Ave,6004,40.7892105,-73.94370784,40.7381765,-73.97738662,member
1937956,4FCD0C89A2300D86,classic_bike,2021-07-26 17:08:44,2021-07-26 17:34:14,2 Ave & E 104 St,7436,2 Ave & E 125 St,7648,40.7892105,-73.94370784,40.802554,-73.933509,member
1937957,33282790DDE182BC,electric_bike,2021-07-27 15:15:58,2021-07-27 17:43:21,2 Ave & E 104 St,7436,2 Ave & E 125 St,7648,40.7892105,-73.94370784,40.802554,-73.933509,member
1937966,F42188788D0AB9AD,electric_bike,2021-07-24 12:03:57,2021-07-24 12:10:49,2 Ave & E 104 St,7436,2 Ave & E 125 St,7648,40.7892105,-73.94370784,40.802554,-73.933509,casual
1937993,584541F2F8A2424D,classic_bike,2021-07-18 19:05:21,2021-07-18 19:17:12,2 Ave & E 104 St,7436,2 Ave & E 125 St,7648,40.7892105,-73.94370784,40.802554,-73.933509,member
1938013,578821B241647C24,electric_bike,2021-07-12 13:26:52,2021-07-12 13:39:03,2 Ave & E 104 St,7436,2 Ave & E 125 St,7648,40.7892105,-73.94370784,40.802554,-73.933509,casual
1938018,E30EBC25EA5690DE,classic_bike,2021-07-26 11:00:12,2021-07-26 12:45:14,2 Ave & E 104 St,7436,2 Ave & E 125 St,7648,40.7892105,-73.94370784,40.802554,-73.933509,member
1938056,3EBDD743D5B5EA7F,classic_bike,2021-07-17 12:04:15,2021-07-17 12:11:53,2 Ave & E 104 St,7436,2 Ave & E 125 St,7648,40.7892105,-73.94370784,40.802554,-73.933509,casual
1938163,A2CE2C6A18E699D4,classic_bike,2021-07-14 08:06:54,2021-07-14 08:17:19,2 Ave & E 104 St,7436,2 Ave & E 125 St,7648,40.7892105,-73.94370784,40.802554,-73.933509,member
1938196,57FC6B781581A754,classic_bike,2021-07-21 21:31:53,2021-07-21 21:42:39,2 Ave & E 104 St,7436,2 Ave & E 125 St,7648,40.7892105,-73.94370784,40.802554,-73.933509,casual
1938371,03663A38062DCABE,classic_bike,2021-07-30 17:43:45,2021-07-30 17:55:00,2 Ave & E 104 St,7436,2 Ave & E 125 St,7648,40.7892105,-73.94370784,40.802554,-73.933509,member
1938461,8BE692EEEB81E691,classic_bike,2021-07-31 20:32:41,2021-07-31 20:41:28,2 Ave & E 104 St,7436,2 Ave & E 125 St,7648,40.7892105,-73.94370784,40.802554,-73.933509,casual
1938474,3B218F8ADDD78C85,electric_bike,2021-07-27 14:09:17,2021-07-27 14:16:04,2 Ave & E 104 St,7436,2 Ave & E 125 St,7648,40.7892105,-73.94370784,40.802554,-73.933509,casual
1938477,02823AF3068AC371,classic_bike,2021-07-15 21:12:55,2021-07-15 21:26:46,2 Ave & E 104 St,7436,2 Ave & E 125 St,7648,40.7892105,-73.94370784,40.802554,-73.933509,member
1938498,1F9515873958D58F,classic_bike,2021-07-10 12:01:21,2021-07-10 12:08:32,2 Ave & E 104 St,7436,2 Ave & E 125 St,7648,40.7892105,-73.94370784,40.802554,-73.933509,casual
1938499,EB86D48887238C90,classic_bike,2021-07-12 19:16:17,2021-07-12 19:28:09,2 Ave & E 104 St,7436,2 Ave & E 125 St,7648,40.7892105,-73.94370784,40.802554,-73.933509,member
1938527,0320BC8CED7ACF38,electric_bike,2021-07-01 13:38:03,2021-07-01 13:52:09,2 Ave & E 104 St,7436,2 Ave & E 125 St,7648,40.7892105,-73.94370784,40.802554,-73.933509,member
1947363,54E01AE4A3D0DE64,classic_bike,2021-07-19 18:13:17,2021-07-19 18:22:44,2 Ave & E 104 St,7436,Lexington Ave & E 111 St,7567,40.7892105,-73.94370784,40.7954121,-73.9441232,member
1947366,827060135CAADB97,classic_bike,2021-07-21 07:48:43,2021-07-21 07:52:56,2 Ave & E 104 St,7436,Lexington Ave & E 111 St,7567,40.7892105,-73.94370784,40.7954121,-73.9441232,casual
1947367,0C00A93650FF3B1C,electric_bike,2021-07-13 17:54:46,2021-07-13 18:18:47,2 Ave & E 104 St,7436,Amsterdam Ave & W 156 St,8104,40.7892105,-73.94370784,40.832081,-73.942386,casual
1947368,C61404241552694A,classic_bike,2021-07-23 07:59:32,2021-07-23 08:04:20,2 Ave & E 104 St,7436,Lexington Ave & E 111 St,7567,40.7892105,-73.94370784,40.7954121,-73.9441232,casual
1947370,09E14CB6AD440B68,electric_bike,2021-07-07 18:43:06,2021-07-07 19:04:43,2 Ave & E 104 St,7436,Amsterdam Ave & W 156 St,8104,40.7892105,-73.94370784,40.832081,-73.942386,casual
1947372,A2AFCFD9296F2A1B,classic_bike,2021-07-22 07:52:00,2021-07-22 07:56:38,2 Ave & E 104 St,7436,Lexington Ave & E 111 St,7567,40.7892105,-73.94370784,40.7954121,-73.9441232,casual
1947376,7622FB1B76F32F3F,electric_bike,2021-07-28 16:25:36,2021-07-28 17:03:30,2 Ave & E 104 St,7436,W 146 St & Broadway,8018,40.7892105,-73.94370784,40.826969,-73.949738,member
1947377,1CB2897E76AC44AA,classic_bike,2021-07-22 13:55:41,2021-07-22 14:00:12,2 Ave & E 104 St,7436,Lexington Ave & E 111 St,7567,40.7892105,-73.94370784,40.7954121,-73.9441232,member
1947379,C718F2ADA2404ECF,electric_bike,2021-07-22 13:48:16,2021-07-22 13:52:37,2 Ave & E 104 St,7436,Lexington Ave & E 111 St,7567,40.7892105,-73.94370784,40.7954121,-73.9441232,member
1947382,D98ABE5D8FE95501,classic_bike,2021-07-10 12:42:29,2021-07-10 12:54:55,2 Ave & E 104 St,7436,Lexington Ave & E 111 St,7567,40.7892105,-73.94370784,40.7954121,-73.9441232,casual
1947383,DF425CB37429C7B4,classic_bike,2021-07-08 09:56:14,2021-07-08 10:00:17,2 Ave & E 104 St,7436,Lexington Ave & E 111 St,7567,40.7892105,-73.94370784,40.7954121,-73.9441232,casual
1947384,2F72DE6932FFDDF1,electric_bike,2021-07-08 09:38:13,2021-07-08 09:43:50,2 Ave & E 104 St,7436,Lexington Ave & E 111 St,7567,40.7892105,-73.94370784,40.7954121,-73.9441232,casual
1947385,6271EEA752E36F63,classic_bike,2021-07-06 09:50:23,2021-07-06 09:55:33,2 Ave & E 104 St,7436,Lexington Ave & E 111 St,7567,40.7892105,-73.94370784,40.7954121,-73.9441232,casual
1947395,08AA97925241D50A,classic_bike,2021-07-31 16:10:14,2021-07-31 16:26:50,2 Ave & E 104 St,7436,Lexington Ave & E 111 St,7567,40.7892105,-73.94370784,40.7954121,-73.9441232,member
1947399,E97E9E6CFDA16C20,electric_bike,2021-07-18 03:25:19,2021-07-18 03:28:24,2 Ave & E 104 St,7436,Lexington Ave & E 111 St,7567,40.7892105,-73.94370784,40.7954121,-73.9441232,casual
1947400,542A1F5B2732F5A7,classic_bike,2021-07-27 15:36:56,2021-07-27 15:43:16,2 Ave & E 104 St,7436,Lexington Ave & E 111 St,7567,40.7892105,-73.94370784,40.7954121,-73.9441232,casual
1947401,48A24F2108CBEE7C,classic_bike,2021-07-27 19:11:05,2021-07-27 19:19:01,2 Ave & E 104 St,7436,Lexington Ave & E 111 St,7567,40.7892105,-73.94370784,40.7954121,-73.9441232,member
1947404,FC18E19FA1D733F0,classic_bike,2021-07-19 07:52:13,2021-07-19 07:57:06,2 Ave & E 104 St,7436,Lexington Ave & E 111 St,7567,40.7892105,-73.94370784,40.7954121,-73.9441232,member
1947406,60C46ED0EDB7EFCB,classic_bike,2021-07-25 17:53:05,2021-07-25 18:00:23,2 Ave & E 104 St,7436,Lexington Ave & E 111 St,7567,40.7892105,-73.94370784,40.7954121,-73.9441232,member
1953911,890AEA98216763CD,classic_bike,2021-07-06 11:03:56,2021-07-06 11:15:00,2 Ave & E 104 St,7436,1 Ave & E 78 St,7020,40.7892105,-73.94370784,40.77140426,-73.9535166,member
1953914,169ED588D2635D0A,electric_bike,2021-07-22 07:33:40,2021-07-22 08:05:17,2 Ave & E 104 St,7436,E 25 St & 2 Ave,6046,40.7892105,-73.94370784,40.73912601,-73.97973776,member
1953916,C7CCDF25FA81EBB6,classic_bike,2021-07-23 13:08:23,2021-07-23 13:19:40,2 Ave & E 104 St,7436,1 Ave & E 78 St,7020,40.7892105,-73.94370784,40.77140426,-73.9535166,member
1953923,1B38CD5979C07913,electric_bike,2021-07-12 12:58:59,2021-07-12 13:24:06,2 Ave & E 104 St,7436,Washington Pl & 6 Ave,5838,40.7892105,-73.94370784,40.73224119,-74.00026394,member
1953929,D883ECA00AED3ED0,electric_bike,2021-07-29 03:52:17,2021-07-29 04:13:48,2 Ave & E 104 St,7436,1 Ave & E 78 St,7020,40.7892105,-73.94370784,40.77140426,-73.9535166,casual
1953930,97659F2D26B71EFE,electric_bike,2021-07-04 14:21:32,2021-07-04 14:42:40,2 Ave & E 104 St,7436,E 25 St & 2 Ave,6046,40.7892105,-73.94370784,40.73912601,-73.97973776,casual
1953946,757E1729CF082E00,electric_bike,2021-07-10 10:03:01,2021-07-10 10:27:32,2 Ave & E 104 St,7436,Washington Pl & 6 Ave,5838,40.7892105,-73.94370784,40.73224119,-74.00026394,member
1953949,1575A31CBF5ED295,classic_bike,2021-07-25 18:06:53,2021-07-25 18:17:33,2 Ave & E 104 St,7436,1 Ave & E 78 St,7020,40.7892105,-73.94370784,40.77140426,-73.9535166,member
1953965,51C23987E553525E,electric_bike,2021-07-20 16:21:02,2021-07-20 16:29:52,2 Ave & E 104 St,7436,1 Ave & E 78 St,7020,40.7892105,-73.94370784,40.77140426,-73.9535166,casual
1953980,43367344ADBC35F0,classic_bike,2021-07-26 20:35:46,2021-07-26 20:47:43,2 Ave & E 104 St,7436,1 Ave & E 78 St,7020,40.7892105,-73.94370784,40.77140426,-73.9535166,casual
1954021,922CDE9585D5A059,electric_bike,2021-07-31 23:21:34,2021-08-01 00:06:33,2 Ave & E 104 St,7436,Washington Pl & 6 Ave,5838,40.7892105,-73.94370784,40.73224119,-74.00026394,casual
1958187,20A0B599B76764FF,electric_bike,2021-07-13 20:26:44,2021-07-13 20:35:21,2 Ave & E 104 St,7436,E 128 St & 3 Ave,7696,40.7892105,-73.94370784,40.805631,-73.934077,member
1958266,9A9FE9259B637D7C,classic_bike,2021-07-19 17:24:38,2021-07-19 17:41:52,2 Ave & E 104 St,7436,Central Park W & W 91 St,7453,40.7892105,-73.94370784,40.78866499127884,-73.96680057048798,member
1958271,939A7479B67DDF86,classic_bike,2021-07-29 07:36:15,2021-07-29 07:49:59,2 Ave & E 104 St,7436,E 128 St & 3 Ave,7696,40.7892105,-73.94370784,40.805631,-73.934077,casual
1958289,32CF377733ADFD93,classic_bike,2021-07-10 19:23:30,2021-07-10 19:52:05,2 Ave & E 104 St,7436,E 157 St & River Ave,8005,40.7892105,-73.94370784,40.825737,-73.927311,member
1958720,7F6F68F64D6C329E,classic_bike,2021-07-20 07:17:52,2021-07-20 07:30:01,2 Ave & E 104 St,7436,E 128 St & 3 Ave,7696,40.7892105,-73.94370784,40.805631,-73.934077,casual
1958734,A280F4ED92A8281B,classic_bike,2021-07-04 19:06:57,2021-07-04 19:26:45,2 Ave & E 104 St,7436,Central Park W & W 91 St,7453,40.7892105,-73.94370784,40.78866499127884,-73.96680057048798,casual
1958743,B4EB2A80C81EB751,classic_bike,2021-07-22 07:18:16,2021-07-22 07:34:45,2 Ave & E 104 St,7436,E 128 St & 3 Ave,7696,40.7892105,-73.94370784,40.805631,-73.934077,casual
1958745,FE65AE613230D3A8,electric_bike,2021-07-29 12:50:07,2021-07-29 13:07:49,2 Ave & E 104 St,7436,E 43 St & 2 Ave,6422,40.7892105,-73.94370784,40.75022392,-73.97121414,member
1958800,907704F266C731C6,electric_bike,2021-07-24 11:00:43,2021-07-24 11:07:45,2 Ave & E 104 St,7436,E 128 St & 3 Ave,7696,40.7892105,-73.94370784,40.805631,-73.934077,casual
1968186,66409DE59DD1EF93,electric_bike,2021-07-28 15:34:23,2021-07-28 15:40:14,2 Ave & E 104 St,7436,5 Ave & E 103 St,7511,40.7892105,-73.94370784,40.7922553,-73.95249933,member
1968205,B6231721E09AC487,classic_bike,2021-07-19 11:03:33,2021-07-19 11:08:54,2 Ave & E 104 St,7436,5 Ave & E 103 St,7511,40.7892105,-73.94370784,40.7922553,-73.95249933,member
1968206,9D82C9BCA17C1F79,classic_bike,2021-07-31 13:42:06,2021-07-31 13:48:22,2 Ave & E 104 St,7436,5 Ave & E 103 St,7511,40.7892105,-73.94370784,40.7922553,-73.95249933,member
1968228,6BD6C52E3000354F,classic_bike,2021-07-11 18:55:37,2021-07-11 19:00:47,2 Ave & E 104 St,7436,5 Ave & E 103 St,7511,40.7892105,-73.94370784,40.7922553,-73.95249933,member
1968232,EDD748ACA336BE01,classic_bike,2021-07-25 11:06:59,2021-07-25 11:13:25,2 Ave & E 104 St,7436,5 Ave & E 103 St,7511,40.7892105,-73.94370784,40.7922553,-73.95249933,member
1968234,CEE6705827AFE270,classic_bike,2021-07-30 13:39:46,2021-07-30 13:49:41,2 Ave & E 104 St,7436,5 Ave & E 103 St,7511,40.7892105,-73.94370784,40.7922553,-73.95249933,member
1968248,9092D138C6BDBF0F,classic_bike,2021-07-31 13:42:33,2021-07-31 13:48:53,2 Ave & E 104 St,7436,5 Ave & E 103 St,7511,40.7892105,-73.94370784,40.7922553,-73.95249933,member
1968258,AEB5FCBB82E48C60,classic_bike,2021-07-30 06:40:12,2021-07-30 06:44:38,2 Ave & E 104 St,7436,5 Ave & E 103 St,7511,40.7892105,-73.94370784,40.7922553,-73.95249933,member
1968259,3CF8F95DC37561A2,classic_bike,2021-07-21 07:38:36,2021-07-21 07:44:30,2 Ave & E 104 St,7436,5 Ave & E 103 St,7511,40.7892105,-73.94370784,40.7922553,-73.95249933,member
1968263,E278CA4E3679CCFB,electric_bike,2021-07-30 16:17:13,2021-07-30 16:25:00,2 Ave & E 104 St,7436,5 Ave & E 103 St,7511,40.7892105,-73.94370784,40.7922553,-73.95249933,member
1968268,DF248562B74C96EE,classic_bike,2021-07-31 16:08:59,2021-07-31 16:18:01,2 Ave & E 104 St,7436,5 Ave & E 103 St,7511,40.7892105,-73.94370784,40.7922553,-73.95249933,member
1968270,0BEAB9B9F91D9277,classic_bike,2021-07-15 14:04:44,2021-07-15 14:11:18,2 Ave & E 104 St,7436,5 Ave & E 103 St,7511,40.7892105,-73.94370784,40.7922553,-73.95249933,member
1968281,BFD3E0DEC7FD2101,classic_bike,2021-07-15 07:17:28,2021-07-15 07:23:33,2 Ave & E 104 St,7436,5 Ave & E 103 St,7511,40.7892105,-73.94370784,40.7922553,-73.95249933,member
1968282,8D3E78D733C8FE63,classic_bike,2021-07-10 06:44:47,2021-07-10 06:50:16,2 Ave & E 104 St,7436,5 Ave & E 103 St,7511,40.7892105,-73.94370784,40.7922553,-73.95249933,member
1968284,B2597FA1235BB236,classic_bike,2021-07-26 20:26:19,2021-07-26 21:09:37,2 Ave & E 104 St,7436,5 Ave & E 103 St,7511,40.7892105,-73.94370784,40.7922553,-73.95249933,member
1968290,54E8B8374C04E657,classic_bike,2021-07-19 04:18:25,2021-07-19 04:23:24,2 Ave & E 104 St,7436,5 Ave & E 103 St,7511,40.7892105,-73.94370784,40.7922553,-73.95249933,member
1968291,A3175A8640DCB326,classic_bike,2021-07-27 06:43:58,2021-07-27 06:49:13,2 Ave & E 104 St,7436,5 Ave & E 103 St,7511,40.7892105,-73.94370784,40.7922553,-73.95249933,member
1968319,4AAF80D5C739982A,classic_bike,2021-07-26 06:31:33,2021-07-26 06:43:08,2 Ave & E 104 St,7436,5 Ave & E 103 St,7511,40.7892105,-73.94370784,40.7922553,-73.95249933,member
1973324,BC6E47C8ACC898E6,classic_bike,2021-07-29 09:14:33,2021-07-29 09:17:50,2 Ave & E 104 St,7436,2 Ave & E 96 St,7338,40.7892105,-73.94370784,40.7839636,-73.9471673,member
1973325,1C5D38A7E303B3BF,classic_bike,2021-07-20 21:38:49,2021-07-20 22:09:10,2 Ave & E 104 St,7436,2 Ave & E 96 St,7338,40.7892105,-73.94370784,40.7839636,-73.9471673,casual
1973326,F6E738229CEB6E27,classic_bike,2021-07-20 08:56:53,2021-07-20 09:00:04,2 Ave & E 104 St,7436,2 Ave & E 96 St,7338,40.7892105,-73.94370784,40.7839636,-73.9471673,member
1973327,11ABA8F62C96BBC2,classic_bike,2021-07-19 09:01:47,2021-07-19 09:04:37,2 Ave & E 104 St,7436,2 Ave & E 96 St,7338,40.7892105,-73.94370784,40.7839636,-73.9471673,member
1973328,43D0AB8ED0059C21,classic_bike,2021-07-10 09:57:58,2021-07-10 10:02:33,2 Ave & E 104 St,7436,2 Ave & E 96 St,7338,40.7892105,-73.94370784,40.7839636,-73.9471673,member
1973330,4F6F9278BA8C54A2,electric_bike,2021-07-29 21:43:36,2021-07-29 21:47:26,2 Ave & E 104 St,7436,2 Ave & E 96 St,7338,40.7892105,-73.94370784,40.7839636,-73.9471673,member
1973331,84BD6D563FCDFAFE,classic_bike,2021-07-23 08:49:19,2021-07-23 08:51:51,2 Ave & E 104 St,7436,2 Ave & E 96 St,7338,40.7892105,-73.94370784,40.7839636,-73.9471673,member
1973332,1C56E9C91AF43F7D,classic_bike,2021-07-23 18:30:22,2021-07-23 18:33:56,2 Ave & E 104 St,7436,2 Ave & E 96 St,7338,40.7892105,-73.94370784,40.7839636,-73.9471673,member
1973334,2D37547015EE7AD0,classic_bike,2021-07-05 12:15:16,2021-07-05 12:30:48,2 Ave & E 104 St,7436,Cathedral Pkwy & Broadway,7680,40.7892105,-73.94370784,40.804213,-73.96699104,member
1973335,D4ECFF4CECEB3032,classic_bike,2021-07-06 09:48:45,2021-07-06 09:52:37,2 Ave & E 104 St,7436,2 Ave & E 96 St,7338,40.7892105,-73.94370784,40.7839636,-73.9471673,member
1973336,8C62949D337A59D5,classic_bike,2021-07-13 09:47:35,2021-07-13 09:50:43,2 Ave & E 104 St,7436,2 Ave & E 96 St,7338,40.7892105,-73.94370784,40.7839636,-73.9471673,member
1973337,4B8C6267A518CEC2,classic_bike,2021-07-28 13:46:50,2021-07-28 14:13:36,2 Ave & E 104 St,7436,1 Ave & E 62 St,6753,40.7892105,-73.94370784,40.7612274,-73.96094022,casual
1973339,C9D16819C39BB033,classic_bike,2021-07-28 08:06:22,2021-07-28 08:09:48,2 Ave & E 104 St,7436,2 Ave & E 96 St,7338,40.7892105,-73.94370784,40.7839636,-73.9471673,member
1973340,221D967574CE48B0,classic_bike,2021-07-08 16:35:56,2021-07-08 17:03:17,2 Ave & E 104 St,7436,2 Ave & E 96 St,7338,40.7892105,-73.94370784,40.7839636,-73.9471673,member
1973341,46E74D75B0F85839,electric_bike,2021-07-10 06:54:39,2021-07-10 06:57:34,2 Ave & E 104 St,7436,2 Ave & E 96 St,7338,40.7892105,-73.94370784,40.7839636,-73.9471673,casual
1973344,482363860FC326E4,electric_bike,2021-07-17 12:58:31,2021-07-17 13:09:01,2 Ave & E 104 St,7436,Cathedral Pkwy & Broadway,7680,40.7892105,-73.94370784,40.804213,-73.96699104,casual
1973346,168640CBDB0C07CC,classic_bike,2021-07-29 08:05:57,2021-07-29 08:10:04,2 Ave & E 104 St,7436,2 Ave & E 96 St,7338,40.7892105,-73.94370784,40.7839636,-73.9471673,casual
1973347,4833D540A969B5E1,classic_bike,2021-07-13 15:33:06,2021-07-13 15:36:07,2 Ave & E 104 St,7436,2 Ave & E 96 St,7338,40.7892105,-73.94370784,40.7839636,-73.9471673,member
1973348,FAB53AA472CF5D39,classic_bike,2021-07-27 10:08:33,2021-07-27 10:12:53,2 Ave & E 104 St,7436,2 Ave & E 96 St,7338,40.7892105,-73.94370784,40.7839636,-73.9471673,member
1973349,668A67A59850332E,classic_bike,2021-07-28 10:12:43,2021-07-28 10:16:08,2 Ave & E 104 St,7436,2 Ave & E 96 St,7338,40.7892105,-73.94370784,40.7839636,-73.9471673,member
1973350,DA3F5D26AB4AA1D0,classic_bike,2021-07-22 09:54:01,2021-07-22 09:57:51,2 Ave & E 104 St,7436,2 Ave & E 96 St,7338,40.7892105,-73.94370784,40.7839636,-73.9471673,member
1973351,8483C3B6BDB6A090,classic_bike,2021-07-10 09:28:36,2021-07-10 09:30:50,2 Ave & E 104 St,7436,2 Ave & E 96 St,7338,40.7892105,-73.94370784,40.7839636,-73.9471673,member
1973352,9FECCB5C2E0CE347,classic_bike,2021-07-29 14:34:59,2021-07-29 14:37:18,2 Ave & E 104 St,7436,2 Ave & E 96 St,7338,40.7892105,-73.94370784,40.7839636,-73.9471673,member
1973353,25954E8DB6427FBD,classic_bike,2021-07-24 16:44:19,2021-07-24 16:46:37,2 Ave & E 104 St,7436,2 Ave & E 96 St,7338,40.7892105,-73.94370784,40.7839636,-73.9471673,member
1973354,C6E8E8789D27BB66,classic_bike,2021-07-21 14:58:16,2021-07-21 15:01:20,2 Ave & E 104 St,7436,2 Ave & E 96 St,7338,40.7892105,-73.94370784,40.7839636,-73.9471673,member
1973355,02F3B564CD0B8C5C,classic_bike,2021-07-21 17:20:20,2021-07-21 17:23:31,2 Ave & E 104 St,7436,2 Ave & E 96 St,7338,40.7892105,-73.94370784,40.7839636,-73.9471673,member
1973356,A64CC3E58C9B4B3B,classic_bike,2021-07-18 16:11:30,2021-07-18 16:14:23,2 Ave & E 104 St,7436,2 Ave & E 96 St,7338,40.7892105,-73.94370784,40.7839636,-73.9471673,member
1973357,6821807384349D45,classic_bike,2021-07-03 16:35:47,2021-07-03 16:38:22,2 Ave & E 104 St,7436,2 Ave & E 96 St,7338,40.7892105,-73.94370784,40.7839636,-73.9471673,member
1973358,D2759FAFBB8EE7CD,classic_bike,2021-07-09 17:14:40,2021-07-09 17:19:12,2 Ave & E 104 St,7436,2 Ave & E 96 St,7338,40.7892105,-73.94370784,40.7839636,-73.9471673,member
1973359,8330E116847F0A22,classic_bike,2021-07-11 16:17:18,2021-07-11 16:19:30,2 Ave & E 104 St,7436,2 Ave & E 96 St,7338,40.7892105,-73.94370784,40.7839636,-73.9471673,member
1973361,31DDD714BA281EA2,classic_bike,2021-07-10 18:24:20,2021-07-10 18:26:50,2 Ave & E 104 St,7436,2 Ave & E 96 St,7338,40.7892105,-73.94370784,40.7839636,-73.9471673,member
1973362,2847F3E2D22EC8DF,classic_bike,2021-07-18 14:04:25,2021-07-18 14:07:27,2 Ave & E 104 St,7436,2 Ave & E 96 St,7338,40.7892105,-73.94370784,40.7839636,-73.9471673,member
1973363,0395CBC0E7108819,classic_bike,2021-07-17 12:21:49,2021-07-17 12:24:59,2 Ave & E 104 St,7436,2 Ave & E 96 St,7338,40.7892105,-73.94370784,40.7839636,-73.9471673,member
1973364,FACBCB58033B6D22,classic_bike,2021-07-21 06:47:48,2021-07-21 06:55:15,2 Ave & E 104 St,7436,2 Ave & E 96 St,7338,40.7892105,-73.94370784,40.7839636,-73.9471673,member
1973369,7DD56FE82A3825B1,electric_bike,2021-07-06 09:10:19,2021-07-06 09:13:07,2 Ave & E 104 St,7436,2 Ave & E 96 St,7338,40.7892105,-73.94370784,40.7839636,-73.9471673,member
1973370,0B5819D902D192C1,classic_bike,2021-07-05 17:18:28,2021-07-05 17:20:54,2 Ave & E 104 St,7436,2 Ave & E 96 St,7338,40.7892105,-73.94370784,40.7839636,-73.9471673,member
1973371,133219339E3AFA4B,classic_bike,2021-07-22 08:25:04,2021-07-22 08:28:31,2 Ave & E 104 St,7436,2 Ave & E 96 St,7338,40.7892105,-73.94370784,40.7839636,-73.9471673,member
1973372,420F9E9519631C49,classic_bike,2021-07-01 09:09:08,2021-07-01 09:12:48,2 Ave & E 104 St,7436,2 Ave & E 96 St,7338,40.7892105,-73.94370784,40.7839636,-73.9471673,member
1973373,CC89774CFEFB0DD6,electric_bike,2021-07-25 03:39:58,2021-07-25 03:41:58,2 Ave & E 104 St,7436,2 Ave & E 96 St,7338,40.7892105,-73.94370784,40.7839636,-73.9471673,member
1973374,3B77FFB414FE0088,classic_bike,2021-07-13 08:23:36,2021-07-13 08:26:32,2 Ave & E 104 St,7436,2 Ave & E 96 St,7338,40.7892105,-73.94370784,40.7839636,-73.9471673,member
1973375,9534A4EB275ECA0E,classic_bike,2021-07-12 17:42:42,2021-07-12 17:46:31,2 Ave & E 104 St,7436,2 Ave & E 96 St,7338,40.7892105,-73.94370784,40.7839636,-73.9471673,member
1973376,8DF6FA1C565EDC4D,classic_bike,2021-07-11 12:23:38,2021-07-11 12:26:59,2 Ave & E 104 St,7436,2 Ave & E 96 St,7338,40.7892105,-73.94370784,40.7839636,-73.9471673,casual
1973379,B761D5E29C566BF5,classic_bike,2021-07-11 12:13:16,2021-07-11 12:16:17,2 Ave & E 104 St,7436,2 Ave & E 96 St,7338,40.7892105,-73.94370784,40.7839636,-73.9471673,member
1973380,633B6D2C8528BB75,classic_bike,2021-07-15 18:02:24,2021-07-15 18:05:16,2 Ave & E 104 St,7436,2 Ave & E 96 St,7338,40.7892105,-73.94370784,40.7839636,-73.9471673,member
1973382,A4DAA0E8EB06D625,classic_bike,2021-07-07 18:21:13,2021-07-07 18:41:14,2 Ave & E 104 St,7436,1 Ave & E 62 St,6753,40.7892105,-73.94370784,40.7612274,-73.96094022,member
1973383,52122430AD57D9EE,classic_bike,2021-07-14 18:13:32,2021-07-14 18:32:30,2 Ave & E 104 St,7436,1 Ave & E 62 St,6753,40.7892105,-73.94370784,40.7612274,-73.96094022,member
1973384,4F01CBD848AA10CB,classic_bike,2021-07-27 17:11:23,2021-07-27 17:29:22,2 Ave & E 104 St,7436,1 Ave & E 62 St,6753,40.7892105,-73.94370784,40.7612274,-73.96094022,member
1973385,5D67896889724618,classic_bike,2021-07-06 17:09:54,2021-07-06 17:26:31,2 Ave & E 104 St,7436,1 Ave & E 62 St,6753,40.7892105,-73.94370784,40.7612274,-73.96094022,member
1973386,55663AC53960CD44,classic_bike,2021-07-26 08:14:01,2021-07-26 08:17:54,2 Ave & E 104 St,7436,2 Ave & E 96 St,7338,40.7892105,-73.94370784,40.7839636,-73.9471673,member
1973387,73270F41ECDF1EE7,classic_bike,2021-07-29 08:25:57,2021-07-29 08:29:30,2 Ave & E 104 St,7436,2 Ave & E 96 St,7338,40.7892105,-73.94370784,40.7839636,-73.9471673,member
1973388,F3C2ACA62289ADB9,classic_bike,2021-07-22 10:36:57,2021-07-22 10:39:47,2 Ave & E 104 St,7436,2 Ave & E 96 St,7338,40.7892105,-73.94370784,40.7839636,-73.9471673,member
1973389,41F5A0CF4CBFA4BB,classic_bike,2021-07-23 21:44:10,2021-07-23 21:47:32,2 Ave & E 104 St,7436,2 Ave & E 96 St,7338,40.7892105,-73.94370784,40.7839636,-73.9471673,member
1973390,4928C8FFFD74F77F,classic_bike,2021-07-26 19:01:24,2021-07-26 19:17:25,2 Ave & E 104 St,7436,2 Ave & E 96 St,7338,40.7892105,-73.94370784,40.7839636,-73.9471673,member
1973391,F891FBDE6F9A1159,classic_bike,2021-07-13 09:10:49,2021-07-13 09:14:47,2 Ave & E 104 St,7436,2 Ave & E 96 St,7338,40.7892105,-73.94370784,40.7839636,-73.9471673,member
1973394,312616B6F856C72A,electric_bike,2021-07-22 11:47:32,2021-07-22 11:50:18,2 Ave & E 104 St,7436,2 Ave & E 96 St,7338,40.7892105,-73.94370784,40.7839636,-73.9471673,casual
1973395,B3875C4CB9259782,classic_bike,2021-07-21 08:51:43,2021-07-21 08:54:47,2 Ave & E 104 St,7436,2 Ave & E 96 St,7338,40.7892105,-73.94370784,40.7839636,-73.9471673,casual
1973397,A5C277D0EFC0AAE5,classic_bike,2021-07-14 08:47:48,2021-07-14 08:50:20,2 Ave & E 104 St,7436,2 Ave & E 96 St,7338,40.7892105,-73.94370784,40.7839636,-73.9471673,member
1973398,1DC1A7904BBCA728,classic_bike,2021-07-09 17:48:58,2021-07-09 17:52:04,2 Ave & E 104 St,7436,2 Ave & E 96 St,7338,40.7892105,-73.94370784,40.7839636,-73.9471673,member
1973399,089C9466AEDAAFB8,classic_bike,2021-07-07 18:09:00,2021-07-07 18:22:06,2 Ave & E 104 St,7436,2 Ave & E 96 St,7338,40.7892105,-73.94370784,40.7839636,-73.9471673,member
1973426,CEEEFCD916181218,classic_bike,2021-07-15 09:35:37,2021-07-15 09:39:50,2 Ave & E 104 St,7436,2 Ave & E 96 St,7338,40.7892105,-73.94370784,40.7839636,-73.9471673,member
1973427,B1B41570666A6CED,classic_bike,2021-07-08 08:41:43,2021-07-08 08:45:54,2 Ave & E 104 St,7436,2 Ave & E 96 St,7338,40.7892105,-73.94370784,40.7839636,-73.9471673,member
1973428,E39944FE2264D4B3,electric_bike,2021-07-13 15:32:31,2021-07-13 15:34:33,2 Ave & E 104 St,7436,2 Ave & E 96 St,7338,40.7892105,-73.94370784,40.7839636,-73.9471673,member
1973429,7E5FD79C936C5E54,classic_bike,2021-07-29 17:27:11,2021-07-29 17:30:43,2 Ave & E 104 St,7436,2 Ave & E 96 St,7338,40.7892105,-73.94370784,40.7839636,-73.9471673,member
1973431,E14D70842003BB5B,classic_bike,2021-07-12 14:01:20,2021-07-12 14:04:32,2 Ave & E 104 St,7436,2 Ave & E 96 St,7338,40.7892105,-73.94370784,40.7839636,-73.9471673,member
1973432,34C48626AB79366B,classic_bike,2021-07-09 10:55:28,2021-07-09 10:58:12,2 Ave & E 104 St,7436,2 Ave & E 96 St,7338,40.7892105,-73.94370784,40.7839636,-73.9471673,member
1973435,9065F1E4FCB550BB,classic_bike,2021-07-09 12:25:42,2021-07-09 12:29:29,2 Ave & E 104 St,7436,2 Ave & E 96 St,7338,40.7892105,-73.94370784,40.7839636,-73.9471673,member
1973436,A223D1AB5B6BC5AA,classic_bike,2021-07-10 06:37:08,2021-07-10 06:39:54,2 Ave & E 104 St,7436,2 Ave & E 96 St,7338,40.7892105,-73.94370784,40.7839636,-73.9471673,member
1973437,6E71C2E5642FFB19,classic_bike,2021-07-29 18:58:18,2021-07-29 19:01:02,2 Ave & E 104 St,7436,2 Ave & E 96 St,7338,40.7892105,-73.94370784,40.7839636,-73.9471673,member
1973451,BD4C97DA3B88473C,classic_bike,2021-07-31 09:57:12,2021-07-31 10:04:08,2 Ave & E 104 St,7436,2 Ave & E 96 St,7338,40.7892105,-73.94370784,40.7839636,-73.9471673,member
1973452,76D6E7D667892AFD,classic_bike,2021-07-17 08:42:59,2021-07-17 08:47:35,2 Ave & E 104 St,7436,2 Ave & E 96 St,7338,40.7892105,-73.94370784,40.7839636,-73.9471673,member
1973453,4E513CA994E53030,classic_bike,2021-07-09 21:22:36,2021-07-09 21:26:22,2 Ave & E 104 St,7436,2 Ave & E 96 St,7338,40.7892105,-73.94370784,40.7839636,-73.9471673,member
1973455,E6A71C00C1C00C61,classic_bike,2021-07-14 09:04:20,2021-07-14 09:07:18,2 Ave & E 104 St,7436,2 Ave & E 96 St,7338,40.7892105,-73.94370784,40.7839636,-73.9471673,member
1973456,282EF91B5E554360,classic_bike,2021-07-28 09:01:22,2021-07-28 09:04:15,2 Ave & E 104 St,7436,2 Ave & E 96 St,7338,40.7892105,-73.94370784,40.7839636,-73.9471673,member
1973457,00E6C7AE5CCA57AE,classic_bike,2021-07-29 17:40:06,2021-07-29 17:42:49,2 Ave & E 104 St,7436,2 Ave & E 96 St,7338,40.7892105,-73.94370784,40.7839636,-73.9471673,member
1973458,5F470DA3AA04094C,classic_bike,2021-07-06 08:26:42,2021-07-06 08:29:43,2 Ave & E 104 St,7436,2 Ave & E 96 St,7338,40.7892105,-73.94370784,40.7839636,-73.9471673,member
1973459,19094009F286C085,classic_bike,2021-07-15 08:55:50,2021-07-15 08:58:29,2 Ave & E 104 St,7436,2 Ave & E 96 St,7338,40.7892105,-73.94370784,40.7839636,-73.9471673,member
1973461,703A3B2BD3982FF1,electric_bike,2021-07-15 13:15:19,2021-07-15 13:18:00,2 Ave & E 104 St,7436,2 Ave & E 96 St,7338,40.7892105,-73.94370784,40.7839636,-73.9471673,member
1973462,76B2820CEA608420,classic_bike,2021-07-26 16:46:25,2021-07-26 16:49:07,2 Ave & E 104 St,7436,2 Ave & E 96 St,7338,40.7892105,-73.94370784,40.7839636,-73.9471673,member
1973463,7B78861FC2AA3ACA,classic_bike,2021-07-11 14:23:13,2021-07-11 14:26:29,2 Ave & E 104 St,7436,2 Ave & E 96 St,7338,40.7892105,-73.94370784,40.7839636,-73.9471673,member
1973464,915DDF568947D541,electric_bike,2021-07-07 18:05:25,2021-07-07 18:08:39,2 Ave & E 104 St,7436,2 Ave & E 96 St,7338,40.7892105,-73.94370784,40.7839636,-73.9471673,member
1973466,1447E668946A489D,classic_bike,2021-07-08 10:53:09,2021-07-08 10:56:32,2 Ave & E 104 St,7436,2 Ave & E 96 St,7338,40.7892105,-73.94370784,40.7839636,-73.9471673,casual
1973467,5D30EC195EC8017A,classic_bike,2021-07-20 22:02:08,2021-07-20 22:05:40,2 Ave & E 104 St,7436,2 Ave & E 96 St,7338,40.7892105,-73.94370784,40.7839636,-73.9471673,member
1973468,0CF756219B80B3D8,classic_bike,2021-07-19 16:20:10,2021-07-19 16:25:03,2 Ave & E 104 St,7436,2 Ave & E 96 St,7338,40.7892105,-73.94370784,40.7839636,-73.9471673,member
1973470,9C52AFEF3C7822DD,classic_bike,2021-07-25 09:06:28,2021-07-25 09:09:07,2 Ave & E 104 St,7436,2 Ave & E 96 St,7338,40.7892105,-73.94370784,40.7839636,-73.9471673,member
1973471,04AD8EE63D4C0132,classic_bike,2021-07-30 20:40:06,2021-07-30 20:43:22,2 Ave & E 104 St,7436,2 Ave & E 96 St,7338,40.7892105,-73.94370784,40.7839636,-73.9471673,member
1973472,2B645FB75E4C9EA0,classic_bike,2021-07-22 20:17:53,2021-07-22 20:21:00,2 Ave & E 104 St,7436,2 Ave & E 96 St,7338,40.7892105,-73.94370784,40.7839636,-73.9471673,member
1973473,AE5E3DCAE8A151FC,classic_bike,2021-07-04 19:47:34,2021-07-04 19:50:51,2 Ave & E 104 St,7436,2 Ave & E 96 St,7338,40.7892105,-73.94370784,40.7839636,-73.9471673,member
1973474,A519057EC64008D1,electric_bike,2021-07-07 17:57:28,2021-07-07 18:00:06,2 Ave & E 104 St,7436,2 Ave & E 96 St,7338,40.7892105,-73.94370784,40.7839636,-73.9471673,member
1973475,0B4C1594E5EA5E9B,classic_bike,2021-07-28 18:32:23,2021-07-28 18:35:30,2 Ave & E 104 St,7436,2 Ave & E 96 St,7338,40.7892105,-73.94370784,40.7839636,-73.9471673,member
1973476,832E24607E9280D4,electric_bike,2021-07-21 15:37:44,2021-07-21 15:48:14,2 Ave & E 104 St,7436,2 Ave & E 96 St,7338,40.7892105,-73.94370784,40.7839636,-73.9471673,member
1973477,F6D1E6CEACEDCF83,classic_bike,2021-07-01 14:32:22,2021-07-01 14:38:27,2 Ave & E 104 St,7436,2 Ave & E 96 St,7338,40.7892105,-73.94370784,40.7839636,-73.9471673,member
1973478,48351E12EC4CE148,classic_bike,2021-07-14 18:57:22,2021-07-14 19:00:58,2 Ave & E 104 St,7436,2 Ave & E 96 St,7338,40.7892105,-73.94370784,40.7839636,-73.9471673,member
1973479,53ACF26C2267485E,classic_bike,2021-07-03 15:58:05,2021-07-03 16:01:01,2 Ave & E 104 St,7436,2 Ave & E 96 St,7338,40.7892105,-73.94370784,40.7839636,-73.9471673,member
1973491,56124BC3E1FBCF24,classic_bike,2021-07-25 14:22:37,2021-07-25 14:26:51,2 Ave & E 104 St,7436,2 Ave & E 96 St,7338,40.7892105,-73.94370784,40.7839636,-73.9471673,member
1973493,8F1DAE8746BC3C5C,classic_bike,2021-07-12 17:26:55,2021-07-12 17:31:02,2 Ave & E 104 St,7436,2 Ave & E 96 St,7338,40.7892105,-73.94370784,40.7839636,-73.9471673,member
1973495,D4744DA5CC521B71,classic_bike,2021-07-13 22:33:23,2021-07-13 22:40:07,2 Ave & E 104 St,7436,2 Ave & E 96 St,7338,40.7892105,-73.94370784,40.7839636,-73.9471673,member
1973496,91D74F7A78FEE4AC,classic_bike,2021-07-24 20:15:03,2021-07-24 20:28:26,2 Ave & E 104 St,7436,2 Ave & E 96 St,7338,40.7892105,-73.94370784,40.7839636,-73.9471673,member
1973497,9F659855DC4FD304,electric_bike,2021-07-18 13:23:51,2021-07-18 13:28:06,2 Ave & E 104 St,7436,2 Ave & E 96 St,7338,40.7892105,-73.94370784,40.7839636,-73.9471673,member
1973498,2CE483F4E79AFCF0,classic_bike,2021-07-10 22:09:00,2021-07-10 22:12:50,2 Ave & E 104 St,7436,2 Ave & E 96 St,7338,40.7892105,-73.94370784,40.7839636,-73.9471673,member
1973499,FBCAB02FE34F6F2B,classic_bike,2021-07-18 15:23:15,2021-07-18 15:27:18,2 Ave & E 104 St,7436,2 Ave & E 96 St,7338,40.7892105,-73.94370784,40.7839636,-73.9471673,member
1973501,5C2881472C352163,electric_bike,2021-07-11 08:02:20,2021-07-11 08:13:14,2 Ave & E 104 St,7436,Cathedral Pkwy & Broadway,7680,40.7892105,-73.94370784,40.804213,-73.96699104,member
1973502,3408C961B9BEDF19,electric_bike,2021-07-25 10:37:40,2021-07-25 10:40:02,2 Ave & E 104 St,7436,2 Ave & E 96 St,7338,40.7892105,-73.94370784,40.7839636,-73.9471673,member
1973503,E5E5864CC00C665E,classic_bike,2021-07-15 20:18:34,2021-07-15 20:21:25,2 Ave & E 104 St,7436,2 Ave & E 96 St,7338,40.7892105,-73.94370784,40.7839636,-73.9471673,member
1974248,3448EA720BF1DE8D,classic_bike,2021-07-27 08:08:55,2021-07-27 08:12:54,2 Ave & E 104 St,7436,2 Ave & E 96 St,7338,40.7892105,-73.94370784,40.7839636,-73.9471673,member
1974249,866AFB5443F26ABC,classic_bike,2021-07-27 17:40:47,2021-07-27 17:43:33,2 Ave & E 104 St,7436,2 Ave & E 96 St,7338,40.7892105,-73.94370784,40.7839636,-73.9471673,member
1974250,778896F077DCDD4B,classic_bike,2021-07-28 18:18:56,2021-07-28 18:41:25,2 Ave & E 104 St,7436,1 Ave & E 62 St,6753,40.7892105,-73.94370784,40.7612274,-73.96094022,member
1974251,674C344CC3A4E330,classic_bike,2021-07-13 17:08:28,2021-07-13 17:28:21,2 Ave & E 104 St,7436,1 Ave & E 62 St,6753,40.7892105,-73.94370784,40.7612274,-73.96094022,member
1974252,9E8D6CF203184F80,classic_bike,2021-07-28 21:50:39,2021-07-28 21:53:37,2 Ave & E 104 St,7436,2 Ave & E 96 St,7338,40.7892105,-73.94370784,40.7839636,-73.9471673,member
1974253,DC6851A5F9E6A86D,electric_bike,2021-07-31 21:45:39,2021-07-31 21:47:53,2 Ave & E 104 St,7436,2 Ave & E 96 St,7338,40.7892105,-73.94370784,40.7839636,-73.9471673,member
1974254,FCC625D1DD471879,classic_bike,2021-07-18 21:48:01,2021-07-18 21:52:01,2 Ave & E 104 St,7436,2 Ave & E 96 St,7338,40.7892105,-73.94370784,40.7839636,-73.9471673,member
1974255,56B7DE5EFA1DF5F6,classic_bike,2021-07-17 21:45:48,2021-07-17 21:49:01,2 Ave & E 104 St,7436,2 Ave & E 96 St,7338,40.7892105,-73.94370784,40.7839636,-73.9471673,member
1974256,3696705F148DE3DC,classic_bike,2021-07-03 20:14:50,2021-07-03 20:17:23,2 Ave & E 104 St,7436,2 Ave & E 96 St,7338,40.7892105,-73.94370784,40.7839636,-73.9471673,member
1974258,09660A70583F9E8D,classic_bike,2021-07-23 19:11:38,2021-07-23 19:14:37,2 Ave & E 104 St,7436,2 Ave & E 96 St,7338,40.7892105,-73.94370784,40.7839636,-73.9471673,member
1974259,A36BFA8512BC3B37,classic_bike,2021-07-25 17:20:35,2021-07-25 17:23:37,2 Ave & E 104 St,7436,2 Ave & E 96 St,7338,40.7892105,-73.94370784,40.7839636,-73.9471673,member
1974260,C8B55C00E77EEC0E,electric_bike,2021-07-20 20:27:34,2021-07-20 20:29:50,2 Ave & E 104 St,7436,2 Ave & E 96 St,7338,40.7892105,-73.94370784,40.7839636,-73.9471673,member
1974261,C8FD565C544D5DBB,classic_bike,2021-07-15 09:53:46,2021-07-15 09:59:45,2 Ave & E 104 St,7436,2 Ave & E 96 St,7338,40.7892105,-73.94370784,40.7839636,-73.9471673,member
1974263,864561E1CF878C71,classic_bike,2021-07-10 18:37:54,2021-07-10 18:42:53,2 Ave & E 104 St,7436,2 Ave & E 96 St,7338,40.7892105,-73.94370784,40.7839636,-73.9471673,member
1974264,E308D84212A9CEE0,classic_bike,2021-07-27 14:40:04,2021-07-27 14:53:16,2 Ave & E 104 St,7436,2 Ave & E 96 St,7338,40.7892105,-73.94370784,40.7839636,-73.9471673,casual
1974265,1F266BAE5DBFA056,classic_bike,2021-07-30 08:09:52,2021-07-30 08:14:25,2 Ave & E 104 St,7436,2 Ave & E 96 St,7338,40.7892105,-73.94370784,40.7839636,-73.9471673,casual
1974267,D08110A2BEA5917A,classic_bike,2021-07-30 19:55:49,2021-07-30 19:57:49,2 Ave & E 104 St,7436,2 Ave & E 96 St,7338,40.7892105,-73.94370784,40.7839636,-73.9471673,casual
1974268,BD82A482A486D318,classic_bike,2021-07-20 09:30:03,2021-07-20 09:32:40,2 Ave & E 104 St,7436,2 Ave & E 96 St,7338,40.7892105,-73.94370784,40.7839636,-73.9471673,casual
1974270,B7C02E86D9174260,classic_bike,2021-07-16 13:15:27,2021-07-16 13:18:50,2 Ave & E 104 St,7436,2 Ave & E 96 St,7338,40.7892105,-73.94370784,40.7839636,-73.9471673,member
1974271,4D3B2A3CA582EF5B,classic_bike,2021-07-23 15:53:43,2021-07-23 15:56:23,2 Ave & E 104 St,7436,2 Ave & E 96 St,7338,40.7892105,-73.94370784,40.7839636,-73.9471673,member
1982626,7D8878D514BA3D5A,electric_bike,2021-07-17 13:01:28,2021-07-17 13:46:06,2 Ave & E 104 St,7436,Washington St & Gansevoort St,6039,40.7892105,-73.94370784,40.739323,-74.008119,member
1989894,E9378CDF7C0F8777,electric_bike,2021-07-30 18:30:21,2021-07-30 18:59:37,2 Ave & E 104 St,7436,Ditmars Blvd & 79 St,6994,40.7892105,-73.94370784,40.768728,-73.890745,member
1995300,2D1451019A456D06,classic_bike,2021-07-23 09:16:00,2021-07-23 09:37:57,2 Ave & E 104 St,7436,Frederick Douglass Blvd & W 117 St,7688,40.7892105,-73.94370784,40.805159,-73.954692,casual
1995376,9B414CCF0E47DE54,classic_bike,2021-07-29 07:57:46,2021-07-29 08:10:14,2 Ave & E 104 St,7436,Frederick Douglass Blvd & W 117 St,7688,40.7892105,-73.94370784,40.805159,-73.954692,member
1995382,AE75CE7252F76D68,classic_bike,2021-07-13 22:32:55,2021-07-13 22:46:34,2 Ave & E 104 St,7436,Frederick Douglass Blvd & W 117 St,7688,40.7892105,-73.94370784,40.805159,-73.954692,casual
1995384,6D1535611D86A195,electric_bike,2021-07-14 17:22:00,2021-07-14 17:39:28,2 Ave & E 104 St,7436,Frederick Douglass Blvd & W 117 St,7688,40.7892105,-73.94370784,40.805159,-73.954692,casual
1995387,B6F0D0C9BA281252,classic_bike,2021-07-29 22:27:53,2021-07-29 22:42:05,2 Ave & E 104 St,7436,Frederick Douglass Blvd & W 117 St,7688,40.7892105,-73.94370784,40.805159,-73.954692,casual
2001116,C01D6856226E96E8,electric_bike,2021-07-05 17:35:43,2021-07-05 18:07:53,2 Ave & E 104 St,7436,Stanton St & Mangin St,5326,40.7892105,-73.94370784,40.71782143,-73.97628939,member
2008698,D96AF9256BF8E1CE,classic_bike,2021-07-07 08:19:30,2021-07-07 08:38:54,2 Ave & E 104 St,7436,Walnut Ave & E 136 St,7639,40.7892105,-73.94370784,40.801657,-73.909513,member
2008699,52049FA6753C455B,classic_bike,2021-07-06 08:30:10,2021-07-06 08:52:24,2 Ave & E 104 St,7436,Walnut Ave & E 136 St,7639,40.7892105,-73.94370784,40.801657,-73.909513,member
2008700,A566E19B40FDF88D,classic_bike,2021-07-28 08:39:20,2021-07-28 08:58:28,2 Ave & E 104 St,7436,Walnut Ave & E 136 St,7639,40.7892105,-73.94370784,40.801657,-73.909513,member
2008907,509370FDF7A87782,classic_bike,2021-07-19 07:47:01,2021-07-19 08:07:46,2 Ave & E 104 St,7436,Walnut Ave & E 136 St,7639,40.7892105,-73.94370784,40.801657,-73.909513,member
2008908,32A70CCD78259571,classic_bike,2021-07-23 08:16:27,2021-07-23 08:35:50,2 Ave & E 104 St,7436,Walnut Ave & E 136 St,7639,40.7892105,-73.94370784,40.801657,-73.909513,member
2011144,ED24E0F0AF3F1487,electric_bike,2021-07-21 08:27:09,2021-07-21 08:42:59,2 Ave & E 104 St,7436,Walnut Ave & E 136 St,7639,40.7892105,-73.94370784,40.801657,-73.909513,member
2011197,90C03A77C013250F,classic_bike,2021-07-08 08:23:51,2021-07-08 08:45:17,2 Ave & E 104 St,7436,Walnut Ave & E 136 St,7639,40.7892105,-73.94370784,40.801657,-73.909513,member
2012855,4753FE86F62812ED,classic_bike,2021-07-20 18:06:32,2021-07-20 18:57:03,2 Ave & E 104 St,7436,2 Ave & E 99 St,7386,40.7892105,-73.94370784,40.7862586,-73.94552579,casual
2012861,3398AF2258EF11CB,electric_bike,2021-07-30 14:10:46,2021-07-30 14:40:09,2 Ave & E 104 St,7436,2 Ave & E 99 St,7386,40.7892105,-73.94370784,40.7862586,-73.94552579,casual
2021763,D491DBE7212DAE9F,electric_bike,2021-07-30 06:21:05,2021-07-30 06:22:49,2 Ave & E 104 St,7436,2 Ave & E 99 St,7386,40.7892105,-73.94370784,40.7862586,-73.94552579,member
2021764,252485DD01022F24,electric_bike,2021-07-11 19:28:30,2021-07-11 19:54:26,2 Ave & E 104 St,7436,2 Ave & E 99 St,7386,40.7892105,-73.94370784,40.7862586,-73.94552579,member
2021765,A6000677C55BB24D,electric_bike,2021-07-28 18:15:00,2021-07-28 20:34:00,2 Ave & E 104 St,7436,2 Ave & E 99 St,7386,40.7892105,-73.94370784,40.7862586,-73.94552579,casual
2021779,5572F4941E3CAF2C,classic_bike,2021-07-31 19:09:04,2021-07-31 19:10:50,2 Ave & E 104 St,7436,2 Ave & E 99 St,7386,40.7892105,-73.94370784,40.7862586,-73.94552579,casual
2021780,5223E142DF86841E,classic_bike,2021-07-20 20:40:40,2021-07-20 21:06:35,2 Ave & E 104 St,7436,2 Ave & E 99 St,7386,40.7892105,-73.94370784,40.7862586,-73.94552579,casual
2021782,616945C768BD14BB,electric_bike,2021-07-18 15:53:29,2021-07-18 15:57:25,2 Ave & E 104 St,7436,2 Ave & E 99 St,7386,40.7892105,-73.94370784,40.7862586,-73.94552579,member
2021791,2FA56E9D56113EE1,classic_bike,2021-07-26 08:14:09,2021-07-26 08:16:04,2 Ave & E 104 St,7436,2 Ave & E 99 St,7386,40.7892105,-73.94370784,40.7862586,-73.94552579,member
2021794,4B3121642E687241,electric_bike,2021-07-21 16:34:07,2021-07-21 16:44:32,2 Ave & E 104 St,7436,Frederick Douglass Blvd & W 115 St,7658,40.7892105,-73.94370784,40.8038654,-73.9559308,casual
2021799,68EFECFC4F4006A8,electric_bike,2021-07-13 13:33:04,2021-07-13 13:34:09,2 Ave & E 104 St,7436,2 Ave & E 99 St,7386,40.7892105,-73.94370784,40.7862586,-73.94552579,member
2021801,689B3D08BC2C25BE,classic_bike,2021-07-05 13:55:21,2021-07-05 13:57:20,2 Ave & E 104 St,7436,2 Ave & E 99 St,7386,40.7892105,-73.94370784,40.7862586,-73.94552579,member
2021804,F31AFFD6FCDACF3A,classic_bike,2021-07-25 21:00:01,2021-07-25 21:02:20,2 Ave & E 104 St,7436,2 Ave & E 99 St,7386,40.7892105,-73.94370784,40.7862586,-73.94552579,member
2021805,238F94B890CD3ADA,classic_bike,2021-07-26 08:46:59,2021-07-26 08:48:23,2 Ave & E 104 St,7436,2 Ave & E 99 St,7386,40.7892105,-73.94370784,40.7862586,-73.94552579,member
2021807,2E7FD5B422AF7731,classic_bike,2021-07-13 12:43:09,2021-07-13 12:45:51,2 Ave & E 104 St,7436,2 Ave & E 99 St,7386,40.7892105,-73.94370784,40.7862586,-73.94552579,member
2021808,91D546E4D5527661,classic_bike,2021-07-31 10:40:00,2021-07-31 10:41:58,2 Ave & E 104 St,7436,2 Ave & E 99 St,7386,40.7892105,-73.94370784,40.7862586,-73.94552579,member
2021809,E8EF4473C0035BB0,classic_bike,2021-07-13 09:04:30,2021-07-13 09:05:50,2 Ave & E 104 St,7436,2 Ave & E 99 St,7386,40.7892105,-73.94370784,40.7862586,-73.94552579,member
2021810,2A606F11F5DFAC64,docked_bike,2021-07-05 15:23:13,2021-07-05 15:26:24,2 Ave & E 104 St,7436,2 Ave & E 99 St,7386,40.789211,-73.943708,40.786259,-73.945526,casual
2021811,90B4B205D77ECB02,classic_bike,2021-07-15 06:30:20,2021-07-15 06:32:10,2 Ave & E 104 St,7436,2 Ave & E 99 St,7386,40.7892105,-73.94370784,40.7862586,-73.94552579,member
2021813,DB6E1868C4C48450,electric_bike,2021-07-28 23:16:45,2021-07-28 23:48:26,2 Ave & E 104 St,7436,Frederick Douglass Blvd & W 115 St,7658,40.7892105,-73.94370784,40.8038654,-73.9559308,casual
2021814,AEA997A147A6E750,classic_bike,2021-07-14 13:30:32,2021-07-14 13:38:14,2 Ave & E 104 St,7436,2 Ave & E 99 St,7386,40.7892105,-73.94370784,40.7862586,-73.94552579,casual
2021815,DFF77D00B80F90DD,classic_bike,2021-07-26 10:06:07,2021-07-26 10:08:05,2 Ave & E 104 St,7436,2 Ave & E 99 St,7386,40.7892105,-73.94370784,40.7862586,-73.94552579,casual
2021816,7E9C45C2457F59DF,electric_bike,2021-07-23 17:54:18,2021-07-23 17:55:53,2 Ave & E 104 St,7436,2 Ave & E 99 St,7386,40.7892105,-73.94370784,40.7862586,-73.94552579,member
2021818,288DD813B88DAEBA,classic_bike,2021-07-24 14:59:42,2021-07-24 15:02:08,2 Ave & E 104 St,7436,2 Ave & E 99 St,7386,40.7892105,-73.94370784,40.7862586,-73.94552579,member
2021821,8192889BB55F9189,classic_bike,2021-07-19 08:56:10,2021-07-19 08:57:38,2 Ave & E 104 St,7436,2 Ave & E 99 St,7386,40.7892105,-73.94370784,40.7862586,-73.94552579,member
2021822,D6C2DECE2E847E98,classic_bike,2021-07-21 07:54:58,2021-07-21 07:56:43,2 Ave & E 104 St,7436,2 Ave & E 99 St,7386,40.7892105,-73.94370784,40.7862586,-73.94552579,member
2021823,5291144FFF18B7CF,classic_bike,2021-07-23 08:59:51,2021-07-23 09:01:21,2 Ave & E 104 St,7436,2 Ave & E 99 St,7386,40.7892105,-73.94370784,40.7862586,-73.94552579,member
2021824,F0902EBB5AD30E7E,classic_bike,2021-07-01 07:57:46,2021-07-01 07:59:34,2 Ave & E 104 St,7436,2 Ave & E 99 St,7386,40.7892105,-73.94370784,40.7862586,-73.94552579,member
2021825,1C8DBE43C617D4AD,classic_bike,2021-07-28 08:02:42,2021-07-28 08:04:21,2 Ave & E 104 St,7436,2 Ave & E 99 St,7386,40.7892105,-73.94370784,40.7862586,-73.94552579,member
2021831,28FF5465FACC773A,classic_bike,2021-07-12 08:52:19,2021-07-12 08:53:57,2 Ave & E 104 St,7436,2 Ave & E 99 St,7386,40.7892105,-73.94370784,40.7862586,-73.94552579,member
2021833,3201E68DACD86722,classic_bike,2021-07-05 12:24:29,2021-07-05 12:26:32,2 Ave & E 104 St,7436,2 Ave & E 99 St,7386,40.7892105,-73.94370784,40.7862586,-73.94552579,member
2021835,516C4CD167A0FB0D,classic_bike,2021-07-13 14:28:41,2021-07-13 14:32:57,2 Ave & E 104 St,7436,2 Ave & E 99 St,7386,40.7892105,-73.94370784,40.7862586,-73.94552579,member
2021836,52BAC675E8FC6213,electric_bike,2021-07-31 23:49:33,2021-07-31 23:52:33,2 Ave & E 104 St,7436,2 Ave & E 99 St,7386,40.7892105,-73.94370784,40.7862586,-73.94552579,casual
2021841,0C3F7FA719C6E61B,classic_bike,2021-07-31 10:59:13,2021-07-31 11:18:51,2 Ave & E 104 St,7436,2 Ave & E 99 St,7386,40.7892105,-73.94370784,40.7862586,-73.94552579,member
2021842,52435F25A163DEE6,electric_bike,2021-07-14 08:54:02,2021-07-14 08:56:09,2 Ave & E 104 St,7436,2 Ave & E 99 St,7386,40.7892105,-73.94370784,40.7862586,-73.94552579,member
2021843,B5BC19810E5B17DE,classic_bike,2021-07-07 08:55:53,2021-07-07 08:57:28,2 Ave & E 104 St,7436,2 Ave & E 99 St,7386,40.7892105,-73.94370784,40.7862586,-73.94552579,member
2021875,CD7B959025B82CF7,classic_bike,2021-07-05 20:21:34,2021-07-05 20:23:14,2 Ave & E 104 St,7436,2 Ave & E 99 St,7386,40.7892105,-73.94370784,40.7862586,-73.94552579,casual
2021890,50DBAE888C21DBC5,classic_bike,2021-07-01 08:34:17,2021-07-01 08:35:54,2 Ave & E 104 St,7436,2 Ave & E 99 St,7386,40.7892105,-73.94370784,40.7862586,-73.94552579,member
2021893,0EBF87985D5B4FCB,electric_bike,2021-07-02 15:53:16,2021-07-02 16:07:21,2 Ave & E 104 St,7436,2 Ave & E 99 St,7386,40.7892105,-73.94370784,40.7862586,-73.94552579,member
2023578,94C23F5799EBA581,classic_bike,2021-07-23 21:40:14,2021-07-23 21:42:18,2 Ave & E 104 St,7436,2 Ave & E 99 St,7386,40.7892105,-73.94370784,40.7862586,-73.94552579,member
2023580,C3BDCA062F1AC18C,classic_bike,2021-07-22 12:01:33,2021-07-22 12:03:29,2 Ave & E 104 St,7436,2 Ave & E 99 St,7386,40.7892105,-73.94370784,40.7862586,-73.94552579,member
2023581,09EEE854A693E86D,classic_bike,2021-07-18 20:19:33,2021-07-18 20:31:48,2 Ave & E 104 St,7436,2 Ave & E 99 St,7386,40.7892105,-73.94370784,40.7862586,-73.94552579,member
2023590,5DFAD8723913BB50,classic_bike,2021-07-30 17:49:04,2021-07-30 17:51:00,2 Ave & E 104 St,7436,2 Ave & E 99 St,7386,40.7892105,-73.94370784,40.7862586,-73.94552579,member
2023594,2CAF1A69ED6EFC03,classic_bike,2021-07-30 13:51:59,2021-07-30 13:54:04,2 Ave & E 104 St,7436,2 Ave & E 99 St,7386,40.7892105,-73.94370784,40.7862586,-73.94552579,member
2023595,41F852B103D69B65,classic_bike,2021-07-25 16:16:06,2021-07-25 16:18:42,2 Ave & E 104 St,7436,2 Ave & E 99 St,7386,40.7892105,-73.94370784,40.7862586,-73.94552579,member
2023596,0CBDDE03DDFC5F8A,classic_bike,2021-07-10 09:46:46,2021-07-10 09:48:00,2 Ave & E 104 St,7436,2 Ave & E 99 St,7386,40.7892105,-73.94370784,40.7862586,-73.94552579,member
2023601,FF40D8AD4D5CE344,classic_bike,2021-07-18 17:43:22,2021-07-18 18:04:31,2 Ave & E 104 St,7436,2 Ave & E 99 St,7386,40.7892105,-73.94370784,40.7862586,-73.94552579,member
2023606,46B55BA5E0BC5233,classic_bike,2021-07-20 18:10:24,2021-07-20 18:56:43,2 Ave & E 104 St,7436,2 Ave & E 99 St,7386,40.7892105,-73.94370784,40.7862586,-73.94552579,member
2023610,06DAEA7B8A62D603,electric_bike,2021-07-09 19:18:24,2021-07-09 19:20:52,2 Ave & E 104 St,7436,2 Ave & E 99 St,7386,40.7892105,-73.94370784,40.7862586,-73.94552579,casual
2023613,72D7443CB5FB2C96,classic_bike,2021-07-22 00:22:27,2021-07-22 00:24:56,2 Ave & E 104 St,7436,2 Ave & E 99 St,7386,40.7892105,-73.94370784,40.7862586,-73.94552579,casual
2023615,5D729F55D7744D8E,classic_bike,2021-07-26 08:53:47,2021-07-26 08:55:12,2 Ave & E 104 St,7436,2 Ave & E 99 St,7386,40.7892105,-73.94370784,40.7862586,-73.94552579,member
2023616,4DA6561B9FBB9B7C,classic_bike,2021-07-20 07:56:23,2021-07-20 07:57:39,2 Ave & E 104 St,7436,2 Ave & E 99 St,7386,40.7892105,-73.94370784,40.7862586,-73.94552579,member
2023617,30F23E3333CF2B18,classic_bike,2021-07-15 07:58:57,2021-07-15 08:00:31,2 Ave & E 104 St,7436,2 Ave & E 99 St,7386,40.7892105,-73.94370784,40.7862586,-73.94552579,member
2023618,69429FF37E4C74CF,classic_bike,2021-07-16 08:54:49,2021-07-16 08:56:06,2 Ave & E 104 St,7436,2 Ave & E 99 St,7386,40.7892105,-73.94370784,40.7862586,-73.94552579,member
2023619,945AFE219ED2E0A1,classic_bike,2021-07-22 07:55:34,2021-07-22 07:57:38,2 Ave & E 104 St,7436,2 Ave & E 99 St,7386,40.7892105,-73.94370784,40.7862586,-73.94552579,member
2023620,67E851B09A24AD3D,classic_bike,2021-07-14 07:48:27,2021-07-14 07:50:00,2 Ave & E 104 St,7436,2 Ave & E 99 St,7386,40.7892105,-73.94370784,40.7862586,-73.94552579,member
2023621,C101AE593D5EBCFB,classic_bike,2021-07-27 08:53:48,2021-07-27 08:55:28,2 Ave & E 104 St,7436,2 Ave & E 99 St,7386,40.7892105,-73.94370784,40.7862586,-73.94552579,member
2023622,9113B4520EA817E5,classic_bike,2021-07-08 07:55:24,2021-07-08 07:57:02,2 Ave & E 104 St,7436,2 Ave & E 99 St,7386,40.7892105,-73.94370784,40.7862586,-73.94552579,member
2023623,4F1E5202B800ECF3,classic_bike,2021-07-25 07:51:55,2021-07-25 07:53:54,2 Ave & E 104 St,7436,2 Ave & E 99 St,7386,40.7892105,-73.94370784,40.7862586,-73.94552579,member
2023624,89DC0F560F4C18B2,classic_bike,2021-07-06 08:55:02,2021-07-06 08:56:20,2 Ave & E 104 St,7436,2 Ave & E 99 St,7386,40.7892105,-73.94370784,40.7862586,-73.94552579,member
2023625,CB2E2B07CDAF95E2,classic_bike,2021-07-02 08:28:56,2021-07-02 08:30:48,2 Ave & E 104 St,7436,2 Ave & E 99 St,7386,40.7892105,-73.94370784,40.7862586,-73.94552579,member
2023626,B46B861FDA195CB1,classic_bike,2021-07-07 08:47:47,2021-07-07 08:49:25,2 Ave & E 104 St,7436,2 Ave & E 99 St,7386,40.7892105,-73.94370784,40.7862586,-73.94552579,member
2023627,49364E4A1A223D68,classic_bike,2021-07-13 08:52:49,2021-07-13 08:54:41,2 Ave & E 104 St,7436,2 Ave & E 99 St,7386,40.7892105,-73.94370784,40.7862586,-73.94552579,member
2023640,CE6384DBEA6CDF5C,electric_bike,2021-07-25 15:33:11,2021-07-25 16:35:29,2 Ave & E 104 St,7436,Decatur Ave & E 197 St,8597,40.7892105,-73.94370784,40.86557,-73.88807,member
2023642,E17C5EB6AD6C3B95,classic_bike,2021-07-10 11:37:56,2021-07-10 11:55:18,2 Ave & E 104 St,7436,Frederick Douglass Blvd & W 115 St,7658,40.7892105,-73.94370784,40.8038654,-73.9559308,casual
2023643,48D3BAB056D009F4,docked_bike,2021-07-03 16:46:52,2021-07-03 16:49:45,2 Ave & E 104 St,7436,2 Ave & E 99 St,7386,40.789211,-73.943708,40.786259,-73.945526,casual
2023645,9627AFD11B84CF1F,classic_bike,2021-07-15 12:26:28,2021-07-15 12:28:24,2 Ave & E 104 St,7436,2 Ave & E 99 St,7386,40.7892105,-73.94370784,40.7862586,-73.94552579,member
2023648,4EAD84FCC582714C,classic_bike,2021-07-18 18:25:33,2021-07-18 18:29:30,2 Ave & E 104 St,7436,2 Ave & E 99 St,7386,40.7892105,-73.94370784,40.7862586,-73.94552579,casual
2023649,FB689349861A38D9,electric_bike,2021-07-31 16:30:22,2021-07-31 16:31:51,2 Ave & E 104 St,7436,2 Ave & E 99 St,7386,40.7892105,-73.94370784,40.7862586,-73.94552579,member
2023681,123A67A636CA0F5E,classic_bike,2021-07-27 17:27:28,2021-07-27 17:51:55,2 Ave & E 104 St,7436,2 Ave & E 99 St,7386,40.7892105,-73.94370784,40.7862586,-73.94552579,casual
2024074,294F76DA5B8ECE7D,electric_bike,2021-07-14 08:17:54,2021-07-14 09:01:12,2 Ave & E 104 St,7436,Frederick Douglass Blvd & W 115 St,7658,40.7892105,-73.94370784,40.8038654,-73.9559308,member
2038240,130AF765819FCBB4,classic_bike,2021-07-13 20:04:55,2021-07-13 20:07:18,2 Ave & E 104 St,7436,E 102 St & 1 Ave,7407,40.7892105,-73.94370784,40.7869946,-73.94164802,member
2038244,635409B168B0B84D,classic_bike,2021-07-16 20:38:08,2021-07-16 20:40:13,2 Ave & E 104 St,7436,E 102 St & 1 Ave,7407,40.7892105,-73.94370784,40.7869946,-73.94164802,member
2038249,5F4587CCAAD1627C,classic_bike,2021-07-29 15:23:25,2021-07-29 15:25:52,2 Ave & E 104 St,7436,E 102 St & 1 Ave,7407,40.7892105,-73.94370784,40.7869946,-73.94164802,casual
2038734,1CA1CBEFDA0BB83D,classic_bike,2021-07-31 14:17:50,2021-07-31 14:28:42,2 Ave & E 104 St,7436,E 82 St & East End Ave,7049,40.7892105,-73.94370784,40.7724607,-73.9468208,casual
2038753,A263A4CA481A479F,classic_bike,2021-07-27 10:30:31,2021-07-27 10:41:20,2 Ave & E 104 St,7436,Lenox Ave & W 111 St,7602,40.7892105,-73.94370784,40.7987859,-73.9523,member
2038755,097914F71A282371,classic_bike,2021-07-17 15:51:47,2021-07-17 16:07:52,2 Ave & E 104 St,7436,E 102 St & 1 Ave,7407,40.7892105,-73.94370784,40.7869946,-73.94164802,member
2038756,54C94F06E66CE4DA,classic_bike,2021-07-28 19:13:38,2021-07-28 19:21:14,2 Ave & E 104 St,7436,E 102 St & 1 Ave,7407,40.7892105,-73.94370784,40.7869946,-73.94164802,member
2038769,89424B1B7D40FA07,classic_bike,2021-07-31 19:36:13,2021-07-31 19:41:25,2 Ave & E 104 St,7436,E 102 St & 1 Ave,7407,40.7892105,-73.94370784,40.7869946,-73.94164802,member
2039904,C9C06F792886AFD5,classic_bike,2021-07-24 17:00:40,2021-07-24 17:02:59,2 Ave & E 104 St,7436,E 102 St & 1 Ave,7407,40.7892105,-73.94370784,40.7869946,-73.94164802,member
2039916,F409F3617D330BCC,classic_bike,2021-07-27 10:30:16,2021-07-27 10:41:39,2 Ave & E 104 St,7436,Lenox Ave & W 111 St,7602,40.7892105,-73.94370784,40.7987859,-73.9523,member
2041402,47703AAC6931A4BE,electric_bike,2021-07-31 21:06:28,2021-07-31 21:10:25,2 Ave & E 104 St,7436,E 102 St & 1 Ave,7407,40.7892105,-73.94370784,40.7869946,-73.94164802,member
2041408,FC42785424B6E1DD,classic_bike,2021-07-08 11:00:28,2021-07-08 11:35:55,2 Ave & E 104 St,7436,E 102 St & 1 Ave,7407,40.7892105,-73.94370784,40.7869946,-73.94164802,casual
2041409,A0E25C89ED7593DD,electric_bike,2021-07-30 09:51:06,2021-07-30 10:44:34,2 Ave & E 104 St,7436,E 102 St & 1 Ave,7407,40.7892105,-73.94370784,40.7869946,-73.94164802,casual
2041529,91962EADE2952A43,classic_bike,2021-07-24 20:39:22,2021-07-24 20:41:26,2 Ave & E 104 St,7436,E 102 St & 1 Ave,7407,40.7892105,-73.94370784,40.7869946,-73.94164802,member
2060312,4795EC1264406CF1,classic_bike,2021-07-24 16:46:06,2021-07-24 16:48:06,2 Ave & E 104 St,7436,E 102 St & 1 Ave,7407,40.7892105,-73.94370784,40.7869946,-73.94164802,member
2060321,B871C898F5A5B391,classic_bike,2021-07-30 13:49:46,2021-07-30 13:52:16,2 Ave & E 104 St,7436,E 102 St & 1 Ave,7407,40.7892105,-73.94370784,40.7869946,-73.94164802,member
2060982,65BEBC43A1202376,classic_bike,2021-07-01 15:41:55,2021-07-01 15:44:53,2 Ave & E 104 St,7436,E 102 St & 1 Ave,7407,40.7892105,-73.94370784,40.7869946,-73.94164802,member
2060984,4F199AB21029FC0A,classic_bike,2021-07-15 13:37:20,2021-07-15 13:39:28,2 Ave & E 104 St,7436,E 102 St & 1 Ave,7407,40.7892105,-73.94370784,40.7869946,-73.94164802,member
2060989,2FE7E07051C82A4D,classic_bike,2021-07-17 11:39:02,2021-07-17 11:41:30,2 Ave & E 104 St,7436,E 102 St & 1 Ave,7407,40.7892105,-73.94370784,40.7869946,-73.94164802,member
2061017,C38221F38D60B85B,electric_bike,2021-07-16 19:15:53,2021-07-16 20:15:13,2 Ave & E 104 St,7436,E 102 St & 1 Ave,7407,40.7892105,-73.94370784,40.7869946,-73.94164802,member
2061019,45627C3ECE947191,electric_bike,2021-07-24 06:28:04,2021-07-24 06:29:51,2 Ave & E 104 St,7436,E 102 St & 1 Ave,7407,40.7892105,-73.94370784,40.7869946,-73.94164802,member
2061020,C06771FAA8908420,electric_bike,2021-07-11 17:29:16,2021-07-11 17:38:35,2 Ave & E 104 St,7436,E 102 St & 1 Ave,7407,40.7892105,-73.94370784,40.7869946,-73.94164802,member
2061023,0D0B795E884E61EA,classic_bike,2021-07-15 19:59:26,2021-07-15 20:19:54,2 Ave & E 104 St,7436,E 102 St & 1 Ave,7407,40.7892105,-73.94370784,40.7869946,-73.94164802,member
2061024,A2040D6E700824F9,classic_bike,2021-07-09 15:11:14,2021-07-09 15:54:34,2 Ave & E 104 St,7436,E 102 St & 1 Ave,7407,40.7892105,-73.94370784,40.7869946,-73.94164802,member
2061031,40498CB9844A2F49,electric_bike,2021-07-13 08:41:01,2021-07-13 08:43:17,2 Ave & E 104 St,7436,E 102 St & 1 Ave,7407,40.7892105,-73.94370784,40.7869946,-73.94164802,member
2061032,55B3D5D0C13AC7C6,electric_bike,2021-07-03 14:59:54,2021-07-03 15:58:26,2 Ave & E 104 St,7436,E 102 St & 1 Ave,7407,40.7892105,-73.94370784,40.7869946,-73.94164802,member
2061036,02B05A45786DA328,electric_bike,2021-07-05 19:02:54,2021-07-05 19:25:59,2 Ave & E 104 St,7436,6 Ave & W 33 St,6364,40.7892105,-73.94370784,40.74901271,-73.98848395,casual
2061042,52C7C21CF5F173E8,classic_bike,2021-07-29 15:07:29,2021-07-29 15:28:53,2 Ave & E 104 St,7436,E 102 St & 1 Ave,7407,40.7892105,-73.94370784,40.7869946,-73.94164802,member
2061047,EDC896266D568FA7,classic_bike,2021-07-21 14:32:48,2021-07-21 14:35:46,2 Ave & E 104 St,7436,E 102 St & 1 Ave,7407,40.7892105,-73.94370784,40.7869946,-73.94164802,member
2061049,17173AB861DDA938,classic_bike,2021-07-11 14:49:52,2021-07-11 15:00:17,2 Ave & E 104 St,7436,Lenox Ave & W 111 St,7602,40.7892105,-73.94370784,40.7987859,-73.9523,member
2061057,128617B428D76281,electric_bike,2021-07-04 16:41:44,2021-07-04 16:51:16,2 Ave & E 104 St,7436,E 102 St & 1 Ave,7407,40.7892105,-73.94370784,40.7869946,-73.94164802,member
2061072,FAD8C81109C8C9E1,electric_bike,2021-07-27 23:18:11,2021-07-27 23:24:23,2 Ave & E 104 St,7436,Lenox Ave & W 111 St,7602,40.7892105,-73.94370784,40.7987859,-73.9523,member
2061096,19946E1042111380,classic_bike,2021-07-30 11:24:41,2021-07-30 11:49:34,2 Ave & E 104 St,7436,E 102 St & 1 Ave,7407,40.7892105,-73.94370784,40.7869946,-73.94164802,member
2061104,1F0AFD6111332661,classic_bike,2021-07-22 14:06:39,2021-07-22 14:10:24,2 Ave & E 104 St,7436,E 102 St & 1 Ave,7407,40.7892105,-73.94370784,40.7869946,-73.94164802,member
2061177,4E8B6B9FEDAB51A0,classic_bike,2021-07-28 19:01:51,2021-07-28 19:04:33,2 Ave & E 104 St,7436,E 102 St & 1 Ave,7407,40.7892105,-73.94370784,40.7869946,-73.94164802,member
2061178,A291F63EF2A18972,electric_bike,2021-07-03 21:06:03,2021-07-03 22:52:26,2 Ave & E 104 St,7436,E 102 St & 1 Ave,7407,40.7892105,-73.94370784,40.7869946,-73.94164802,member
2061180,31541C995E5A1F66,docked_bike,2021-07-05 15:23:01,2021-07-05 15:48:30,2 Ave & E 104 St,7436,E 102 St & 1 Ave,7407,40.789211,-73.943708,40.786995,-73.941648,casual
2061268,E5F6BE78964C9B73,classic_bike,2021-07-07 15:33:23,2021-07-07 16:18:23,2 Ave & E 104 St,7436,E 102 St & 1 Ave,7407,40.7892105,-73.94370784,40.7869946,-73.94164802,member
2061269,A5A50BD5D96A3250,classic_bike,2021-07-28 20:51:27,2021-07-28 20:53:48,2 Ave & E 104 St,7436,E 102 St & 1 Ave,7407,40.7892105,-73.94370784,40.7869946,-73.94164802,member
2061270,D9284B0AE22BA9CC,classic_bike,2021-07-24 13:57:26,2021-07-24 14:11:59,2 Ave & E 104 St,7436,E 82 St & East End Ave,7049,40.7892105,-73.94370784,40.7724607,-73.9468208,casual
2061284,FA6CCFE57E02BD68,electric_bike,2021-07-15 16:25:01,2021-07-15 16:49:46,2 Ave & E 104 St,7436,E 102 St & 1 Ave,7407,40.7892105,-73.94370784,40.7869946,-73.94164802,casual
2061286,19B70B7C629EE88B,electric_bike,2021-07-16 15:10:29,2021-07-16 15:14:15,2 Ave & E 104 St,7436,E 102 St & 1 Ave,7407,40.7892105,-73.94370784,40.7869946,-73.94164802,casual
2061295,9CB87EE589257C68,classic_bike,2021-07-31 19:16:04,2021-07-31 19:35:13,2 Ave & E 104 St,7436,E 82 St & East End Ave,7049,40.7892105,-73.94370784,40.7724607,-73.9468208,member
2061301,62F180E5BE0FD4CF,classic_bike,2021-07-31 14:42:21,2021-07-31 14:51:22,2 Ave & E 104 St,7436,Lenox Ave & W 111 St,7602,40.7892105,-73.94370784,40.7987859,-73.9523,member
2061318,E6FF63F243757877,electric_bike,2021-07-22 18:30:35,2021-07-22 20:18:14,2 Ave & E 104 St,7436,E 102 St & 1 Ave,7407,40.7892105,-73.94370784,40.7869946,-73.94164802,member
2079275,8E4F993EBB59E874,electric_bike,2021-07-03 13:26:52,2021-07-03 13:59:56,2 Ave & E 104 St,7436,4 Ave & E 12 St,5788,40.7892105,-73.94370784,40.732647,-73.99011,casual
2079288,3964499712731A40,electric_bike,2021-07-04 10:39:23,2021-07-04 11:10:54,2 Ave & E 104 St,7436,Amsterdam Ave & W 73 St,7260,40.7892105,-73.94370784,40.77966809007312,-73.98093044757842,casual
2079362,5FF255F91AC06C03,classic_bike,2021-07-04 13:58:34,2021-07-04 14:30:38,2 Ave & E 104 St,7436,4 Ave & E 12 St,5788,40.7892105,-73.94370784,40.732647,-73.99011,member
2079393,9E75CA3B4E65B95B,electric_bike,2021-07-04 10:40:51,2021-07-04 11:10:55,2 Ave & E 104 St,7436,Amsterdam Ave & W 73 St,7260,40.7892105,-73.94370784,40.77966809007312,-73.98093044757842,casual
2098569,8D36C731D4B6BF3A,classic_bike,2021-07-27 17:57:53,2021-07-27 18:02:58,2 Ave & E 104 St,7436,1 Ave & E 110 St,7522,40.7892105,-73.94370784,40.7923272,-73.9383,member
2098570,11C4FB7C314337FC,classic_bike,2021-07-22 21:28:15,2021-07-22 21:36:24,2 Ave & E 104 St,7436,1 Ave & E 110 St,7522,40.7892105,-73.94370784,40.7923272,-73.9383,member
2098576,208FEE4CB722AAE7,classic_bike,2021-07-20 16:52:17,2021-07-20 16:57:37,2 Ave & E 104 St,7436,1 Ave & E 110 St,7522,40.7892105,-73.94370784,40.7923272,-73.9383,member
2098749,DA892B59392B07DC,classic_bike,2021-07-21 07:18:47,2021-07-21 07:23:04,2 Ave & E 104 St,7436,1 Ave & E 110 St,7522,40.7892105,-73.94370784,40.7923272,-73.9383,member
2098752,536DEC50ECAA2892,classic_bike,2021-07-24 16:04:34,2021-07-24 16:53:32,2 Ave & E 104 St,7436,E 48 St & 5 Ave,6626,40.7892105,-73.94370784,40.75724567911726,-73.97805914282799,member
2098753,F1ADEAB3EFAD757A,classic_bike,2021-07-22 07:26:44,2021-07-22 07:30:30,2 Ave & E 104 St,7436,1 Ave & E 110 St,7522,40.7892105,-73.94370784,40.7923272,-73.9383,member
2098759,C63BDDFF12E9A8EB,electric_bike,2021-07-20 09:19:46,2021-07-20 09:24:11,2 Ave & E 104 St,7436,E 89 St & 3 Ave,7265,40.7892105,-73.94370784,40.7806284,-73.9521667,casual
2098762,4B1E2CEC05CC2C08,classic_bike,2021-07-17 13:42:31,2021-07-17 13:50:05,2 Ave & E 104 St,7436,E 89 St & 3 Ave,7265,40.7892105,-73.94370784,40.7806284,-73.9521667,member
2098769,8AAC7619431EF683,electric_bike,2021-07-17 10:04:33,2021-07-17 10:09:55,2 Ave & E 104 St,7436,E 89 St & 3 Ave,7265,40.7892105,-73.94370784,40.7806284,-73.9521667,member
2098772,EFF282775794F900,electric_bike,2021-07-06 17:10:23,2021-07-06 17:15:05,2 Ave & E 104 St,7436,E 89 St & 3 Ave,7265,40.7892105,-73.94370784,40.7806284,-73.9521667,member
2098782,362C8B0BEA58F04F,classic_bike,2021-07-06 08:28:19,2021-07-06 08:35:41,2 Ave & E 104 St,7436,E 89 St & 3 Ave,7265,40.7892105,-73.94370784,40.7806284,-73.9521667,casual
2098794,93FA031C1A92DCE6,electric_bike,2021-07-28 09:15:45,2021-07-28 09:20:50,2 Ave & E 104 St,7436,E 89 St & 3 Ave,7265,40.7892105,-73.94370784,40.7806284,-73.9521667,casual
2098805,FE431B20F6903D6F,classic_bike,2021-07-27 14:12:26,2021-07-27 14:17:58,2 Ave & E 104 St,7436,1 Ave & E 110 St,7522,40.7892105,-73.94370784,40.7923272,-73.9383,member
2098812,6BD2DF9D20A5B556,classic_bike,2021-07-08 18:42:27,2021-07-08 18:47:32,2 Ave & E 104 St,7436,1 Ave & E 110 St,7522,40.7892105,-73.94370784,40.7923272,-73.9383,member
2098826,A0062F4D15BFFD9E,classic_bike,2021-07-12 02:06:02,2021-07-12 02:12:16,2 Ave & E 104 St,7436,1 Ave & E 110 St,7522,40.7892105,-73.94370784,40.7923272,-73.9383,casual
2098827,4C10C756AFFD5C61,electric_bike,2021-07-12 09:09:52,2021-07-12 09:13:56,2 Ave & E 104 St,7436,E 89 St & 3 Ave,7265,40.7892105,-73.94370784,40.7806284,-73.9521667,casual
2098838,BFD4F6B6B176FAAA,classic_bike,2021-07-22 14:58:49,2021-07-22 15:04:08,2 Ave & E 104 St,7436,E 89 St & 3 Ave,7265,40.7892105,-73.94370784,40.7806284,-73.9521667,member
2098840,58F975B68FB3E9A1,classic_bike,2021-07-26 08:41:56,2021-07-26 08:48:19,2 Ave & E 104 St,7436,1 Ave & E 110 St,7522,40.7892105,-73.94370784,40.7923272,-73.9383,member
2098845,4CCFDE87AF39C9A8,classic_bike,2021-07-15 12:27:47,2021-07-15 12:34:51,2 Ave & E 104 St,7436,E 89 St & 3 Ave,7265,40.7892105,-73.94370784,40.7806284,-73.9521667,member
2098864,8CA05D6F1387A307,classic_bike,2021-07-12 06:20:03,2021-07-12 06:25:42,2 Ave & E 104 St,7436,1 Ave & E 110 St,7522,40.7892105,-73.94370784,40.7923272,-73.9383,member
2098865,A51D2CA3E67FC91E,electric_bike,2021-07-15 08:56:55,2021-07-15 09:01:35,2 Ave & E 104 St,7436,E 89 St & 3 Ave,7265,40.7892105,-73.94370784,40.7806284,-73.9521667,casual
2098869,89B92DBB9FFFDEA3,classic_bike,2021-07-19 15:41:59,2021-07-19 15:46:15,2 Ave & E 104 St,7436,1 Ave & E 110 St,7522,40.7892105,-73.94370784,40.7923272,-73.9383,casual
2098880,18F18F378F8D9B56,classic_bike,2021-07-05 10:59:22,2021-07-05 11:04:57,2 Ave & E 104 St,7436,E 89 St & 3 Ave,7265,40.7892105,-73.94370784,40.7806284,-73.9521667,member
2098888,FB9F6944C797AF1F,classic_bike,2021-07-31 20:27:34,2021-07-31 20:39:35,2 Ave & E 104 St,7436,1 Ave & E 110 St,7522,40.7892105,-73.94370784,40.7923272,-73.9383,member
2098889,254D1A0F7FA04FF5,classic_bike,2021-07-15 21:14:26,2021-07-15 21:19:02,2 Ave & E 104 St,7436,1 Ave & E 110 St,7522,40.7892105,-73.94370784,40.7923272,-73.9383,member
2098901,E78A1ED9C0279765,classic_bike,2021-07-27 21:15:58,2021-07-27 21:22:59,2 Ave & E 104 St,7436,E 89 St & 3 Ave,7265,40.7892105,-73.94370784,40.7806284,-73.9521667,casual
2098903,E965F829681C126D,classic_bike,2021-07-16 05:26:14,2021-07-16 05:29:58,2 Ave & E 104 St,7436,1 Ave & E 110 St,7522,40.7892105,-73.94370784,40.7923272,-73.9383,member
2098923,C1BEBD84B04D4DFE,electric_bike,2021-07-11 21:10:41,2021-07-11 21:15:41,2 Ave & E 104 St,7436,E 89 St & 3 Ave,7265,40.7892105,-73.94370784,40.7806284,-73.9521667,member
2098929,93055265B05AD385,electric_bike,2021-07-13 08:46:05,2021-07-13 08:52:05,2 Ave & E 104 St,7436,E 89 St & 3 Ave,7265,40.7892105,-73.94370784,40.7806284,-73.9521667,casual
2098938,832BD76F834048B6,classic_bike,2021-07-26 08:49:47,2021-07-26 08:53:34,2 Ave & E 104 St,7436,1 Ave & E 110 St,7522,40.7892105,-73.94370784,40.7923272,-73.9383,member
2098968,F9C8EDD7B0E18549,classic_bike,2021-07-15 06:30:40,2021-07-15 06:47:28,2 Ave & E 104 St,7436,3 Ave & E 71 St,6960,40.7892105,-73.94370784,40.76873687,-73.96119945,member
2098969,28EA5FC522531083,electric_bike,2021-07-21 08:55:15,2021-07-21 09:00:02,2 Ave & E 104 St,7436,E 89 St & 3 Ave,7265,40.7892105,-73.94370784,40.7806284,-73.9521667,casual
2098970,773067FD5A00A115,classic_bike,2021-07-04 19:50:59,2021-07-04 20:06:15,2 Ave & E 104 St,7436,3 Ave & E 71 St,6960,40.7892105,-73.94370784,40.76873687,-73.96119945,member
2098973,F23BE110AC7C734D,electric_bike,2021-07-23 09:05:15,2021-07-23 09:10:37,2 Ave & E 104 St,7436,E 89 St & 3 Ave,7265,40.7892105,-73.94370784,40.7806284,-73.9521667,member
2098974,D32A1C9CC791BB40,electric_bike,2021-07-22 09:11:32,2021-07-22 09:16:25,2 Ave & E 104 St,7436,E 89 St & 3 Ave,7265,40.7892105,-73.94370784,40.7806284,-73.9521667,member
2098979,8C94B1B949853951,classic_bike,2021-07-29 11:19:25,2021-07-29 11:33:32,2 Ave & E 104 St,7436,1 Ave & E 110 St,7522,40.7892105,-73.94370784,40.7923272,-73.9383,casual
2098980,E72F1BC1B1D2D673,classic_bike,2021-07-31 08:16:55,2021-07-31 08:24:00,2 Ave & E 104 St,7436,E 89 St & 3 Ave,7265,40.7892105,-73.94370784,40.7806284,-73.9521667,member
2098984,3B2A51CC1A7B7E3D,electric_bike,2021-07-19 13:26:23,2021-07-19 13:31:57,2 Ave & E 104 St,7436,E 89 St & 3 Ave,7265,40.7892105,-73.94370784,40.7806284,-73.9521667,casual
2098993,5B7B1640F55FB074,classic_bike,2021-07-10 16:57:44,2021-07-10 17:02:59,2 Ave & E 104 St,7436,1 Ave & E 110 St,7522,40.7892105,-73.94370784,40.7923272,-73.9383,member
2099005,DE6AF98588433492,classic_bike,2021-07-22 16:43:48,2021-07-22 16:51:06,2 Ave & E 104 St,7436,1 Ave & E 110 St,7522,40.7892105,-73.94370784,40.7923272,-73.9383,member
2099010,67F96221456A3442,classic_bike,2021-07-08 23:40:13,2021-07-08 23:46:45,2 Ave & E 104 St,7436,E 89 St & 3 Ave,7265,40.7892105,-73.94370784,40.7806284,-73.9521667,member
2099013,EF35B41AA693BC30,classic_bike,2021-07-24 16:05:04,2021-07-24 16:54:01,2 Ave & E 104 St,7436,E 48 St & 5 Ave,6626,40.7892105,-73.94370784,40.75724567911726,-73.97805914282799,member
2099024,E7A6AB98D606FDBB,classic_bike,2021-07-16 17:06:59,2021-07-16 17:10:30,2 Ave & E 104 St,7436,1 Ave & E 110 St,7522,40.7892105,-73.94370784,40.7923272,-73.9383,member
2099029,A695E3693A657274,classic_bike,2021-07-03 21:14:35,2021-07-03 21:31:18,2 Ave & E 104 St,7436,1 Ave & E 110 St,7522,40.7892105,-73.94370784,40.7923272,-73.9383,casual
2099030,0A785FD3ECD7EDFA,electric_bike,2021-07-08 12:19:33,2021-07-08 12:49:01,2 Ave & E 104 St,7436,Brook Ave & E 138 St,7707,40.7892105,-73.94370784,40.807408,-73.91924,casual
2099036,35E77E62E4B6E294,electric_bike,2021-07-13 16:08:27,2021-07-13 16:24:09,2 Ave & E 104 St,7436,1 Ave & E 110 St,7522,40.7892105,-73.94370784,40.7923272,-73.9383,member
2099038,6DCE884F227F0629,electric_bike,2021-07-24 11:02:02,2021-07-24 11:07:37,2 Ave & E 104 St,7436,E 89 St & 3 Ave,7265,40.7892105,-73.94370784,40.7806284,-73.9521667,member
2099039,9418706E8BEF0108,classic_bike,2021-07-02 17:27:32,2021-07-02 17:34:01,2 Ave & E 104 St,7436,E 89 St & 3 Ave,7265,40.7892105,-73.94370784,40.7806284,-73.9521667,member
2103877,1D2C7D0B21A6106B,electric_bike,2021-07-29 09:39:58,2021-07-29 09:59:37,2 Ave & E 104 St,7436,34 St & 38 Ave,6453,40.7892105,-73.94370784,40.752443,-73.929737,member
2104610,826AC2176DC9E3F1,electric_bike,2021-07-14 17:20:51,2021-07-14 17:54:13,2 Ave & E 104 St,7436,Lenox Ave & W 146 St,7910,40.7892105,-73.94370784,40.821111,-73.935971,member
2104707,18B87CDDBA7D6094,electric_bike,2021-07-13 15:24:14,2021-07-13 15:44:40,2 Ave & E 104 St,7436,Bradhurst Ave & W 148 St,7992,40.7892105,-73.94370784,40.825125,-73.941616,casual
2113806,6A2185E578B6A96C,classic_bike,2021-07-01 16:51:58,2021-07-01 17:07:11,2 Ave & E 104 St,7436,W 95 St & Broadway,7541,40.7892105,-73.94370784,40.7937704,-73.971888,member
2113807,D016AF86906C1463,classic_bike,2021-07-08 00:10:21,2021-07-08 00:26:12,2 Ave & E 104 St,7436,W 95 St & Broadway,7541,40.7892105,-73.94370784,40.7937704,-73.971888,member
2113822,0B87686AB7D74171,classic_bike,2021-07-25 13:42:33,2021-07-25 14:14:34,2 Ave & E 104 St,7436,Central Park West & W 76 St,7253,40.7892105,-73.94370784,40.77896784,-73.97374737,member
2113838,834516CB8BACF3D3,classic_bike,2021-07-16 17:06:28,2021-07-16 17:26:58,2 Ave & E 104 St,7436,W 95 St & Broadway,7541,40.7892105,-73.94370784,40.7937704,-73.971888,member
2113971,00E85F45EF86AF84,classic_bike,2021-07-29 09:58:17,2021-07-29 10:17:42,2 Ave & E 104 St,7436,W 95 St & Broadway,7541,40.7892105,-73.94370784,40.7937704,-73.971888,member
2114174,44FD3422B33D5B14,electric_bike,2021-07-02 20:15:29,2021-07-02 20:40:34,2 Ave & E 104 St,7436,W 43 St & 10 Ave,6756,40.7892105,-73.94370784,40.76009437,-73.99461843,member
2114177,D4E0DCB5C134B8EF,classic_bike,2021-07-12 18:49:37,2021-07-12 19:02:59,2 Ave & E 104 St,7436,W 95 St & Broadway,7541,40.7892105,-73.94370784,40.7937704,-73.971888,member
2114178,F03431782AC974A5,classic_bike,2021-07-06 22:47:50,2021-07-06 23:02:24,2 Ave & E 104 St,7436,W 95 St & Broadway,7541,40.7892105,-73.94370784,40.7937704,-73.971888,member
2114182,B992C3314E211CF0,classic_bike,2021-07-18 00:12:32,2021-07-18 00:28:37,2 Ave & E 104 St,7436,W 95 St & Broadway,7541,40.7892105,-73.94370784,40.7937704,-73.971888,member
2114378,2CB040A512E8345D,classic_bike,2021-07-24 02:05:30,2021-07-24 02:22:17,2 Ave & E 104 St,7436,W 95 St & Broadway,7541,40.7892105,-73.94370784,40.7937704,-73.971888,member
2114381,F3E5AFB694FD93C2,classic_bike,2021-07-25 21:54:23,2021-07-25 22:07:42,2 Ave & E 104 St,7436,W 95 St & Broadway,7541,40.7892105,-73.94370784,40.7937704,-73.971888,member
2127522,3DF68608A27B8ED2,classic_bike,2021-07-26 11:45:53,2021-07-26 11:56:34,2 Ave & E 104 St,7436,Frederick Douglass Blvd & W 112 St,7631,40.7892105,-73.94370784,40.801694,-73.957145,member
2127526,043EA74D9BA53405,classic_bike,2021-07-01 16:59:35,2021-07-01 17:19:14,2 Ave & E 104 St,7436,Frederick Douglass Blvd & W 112 St,7631,40.7892105,-73.94370784,40.801694,-73.957145,casual
2127543,46153E1E704E8EFE,classic_bike,2021-07-30 08:00:16,2021-07-30 08:20:20,2 Ave & E 104 St,7436,Frederick Douglass Blvd & W 112 St,7631,40.7892105,-73.94370784,40.801694,-73.957145,member
2127570,CD7ADA2E067931A8,classic_bike,2021-07-10 08:10:37,2021-07-10 08:28:17,2 Ave & E 104 St,7436,Frederick Douglass Blvd & W 112 St,7631,40.7892105,-73.94370784,40.801694,-73.957145,member
2127571,2FAECD1851051ED7,classic_bike,2021-07-17 08:08:16,2021-07-17 08:25:14,2 Ave & E 104 St,7436,Frederick Douglass Blvd & W 112 St,7631,40.7892105,-73.94370784,40.801694,-73.957145,member
2127578,D5ECEF4A06A0B27D,electric_bike,2021-07-04 23:09:01,2021-07-04 23:25:44,2 Ave & E 104 St,7436,Frederick Douglass Blvd & W 112 St,7631,40.7892105,-73.94370784,40.801694,-73.957145,casual
2127595,7E5FFFFFCBB77272,classic_bike,2021-07-26 08:47:49,2021-07-26 09:05:15,2 Ave & E 104 St,7436,Frederick Douglass Blvd & W 112 St,7631,40.7892105,-73.94370784,40.801694,-73.957145,member
2127614,D70EB3ACEA4762E6,classic_bike,2021-07-14 17:10:52,2021-07-14 17:25:52,2 Ave & E 104 St,7436,Frederick Douglass Blvd & W 112 St,7631,40.7892105,-73.94370784,40.801694,-73.957145,casual
2127658,2187523D1DCE0BE4,electric_bike,2021-07-01 12:18:52,2021-07-01 12:28:30,2 Ave & E 104 St,7436,Frederick Douglass Blvd & W 112 St,7631,40.7892105,-73.94370784,40.801694,-73.957145,casual
2130811,4B413DDE87B464EE,classic_bike,2021-07-06 07:31:11,2021-07-06 07:38:46,2 Ave & E 104 St,7436,Central Park North & Adam Clayton Powell Blvd,7617,40.7892105,-73.94370784,40.799484,-73.955613,member
2130869,EAF545CA8428A7A4,electric_bike,2021-07-24 17:04:46,2021-07-24 17:30:20,2 Ave & E 104 St,7436,Lexington Ave & E 36 St,6313,40.7892105,-73.94370784,40.7475739589548,-73.9788007736206,member
2130889,85EB60D150DC45E7,classic_bike,2021-07-19 07:28:21,2021-07-19 07:38:05,2 Ave & E 104 St,7436,Central Park North & Adam Clayton Powell Blvd,7617,40.7892105,-73.94370784,40.799484,-73.955613,member
2130890,8B8F5E50E5E099EC,classic_bike,2021-07-07 07:31:40,2021-07-07 07:40:18,2 Ave & E 104 St,7436,Central Park North & Adam Clayton Powell Blvd,7617,40.7892105,-73.94370784,40.799484,-73.955613,member
2130892,F5248479131A199F,electric_bike,2021-07-26 15:05:04,2021-07-26 15:38:46,2 Ave & E 104 St,7436,Central Park North & Adam Clayton Powell Blvd,7617,40.7892105,-73.94370784,40.799484,-73.955613,member
2130894,A9B801CC5005D761,classic_bike,2021-07-30 13:36:10,2021-07-30 13:56:48,2 Ave & E 104 St,7436,Central Park North & Adam Clayton Powell Blvd,7617,40.7892105,-73.94370784,40.799484,-73.955613,casual
2130896,91EFB5BCC482FB98,classic_bike,2021-07-12 07:34:22,2021-07-12 07:43:55,2 Ave & E 104 St,7436,Central Park North & Adam Clayton Powell Blvd,7617,40.7892105,-73.94370784,40.799484,-73.955613,member
2130898,2AC5FC9E27E281BA,electric_bike,2021-07-18 20:27:04,2021-07-18 20:41:00,2 Ave & E 104 St,7436,Central Park North & Adam Clayton Powell Blvd,7617,40.7892105,-73.94370784,40.799484,-73.955613,casual
2130899,76F149FD9D2FF3A6,classic_bike,2021-07-02 07:25:01,2021-07-02 07:33:15,2 Ave & E 104 St,7436,Central Park North & Adam Clayton Powell Blvd,7617,40.7892105,-73.94370784,40.799484,-73.955613,member
2130900,3C8444CA443D7491,classic_bike,2021-07-26 07:40:43,2021-07-26 07:49:25,2 Ave & E 104 St,7436,Central Park North & Adam Clayton Powell Blvd,7617,40.7892105,-73.94370784,40.799484,-73.955613,member
2130901,8725714765360D4E,classic_bike,2021-07-01 07:34:18,2021-07-01 07:41:35,2 Ave & E 104 St,7436,Central Park North & Adam Clayton Powell Blvd,7617,40.7892105,-73.94370784,40.799484,-73.955613,member
2130902,C1822BDD0970EF20,classic_bike,2021-07-13 07:32:50,2021-07-13 07:40:26,2 Ave & E 104 St,7436,Central Park North & Adam Clayton Powell Blvd,7617,40.7892105,-73.94370784,40.799484,-73.955613,member
2130903,7EB53245C6AF69ED,classic_bike,2021-07-28 07:38:59,2021-07-28 07:47:34,2 Ave & E 104 St,7436,Central Park North & Adam Clayton Powell Blvd,7617,40.7892105,-73.94370784,40.799484,-73.955613,member
2133797,72A894A3177B826F,classic_bike,2021-07-02 16:01:38,2021-07-02 16:06:28,2 Ave & E 104 St,7436,E 93 St & 2 Ave,7286,40.7892105,-73.94370784,40.782454175279874,-73.9489196240902,member
2133800,624CF58C34F08244,electric_bike,2021-07-06 17:16:29,2021-07-06 17:20:22,2 Ave & E 104 St,7436,E 93 St & 2 Ave,7286,40.7892105,-73.94370784,40.782454175279874,-73.9489196240902,member
2133803,F3193F61353842D1,classic_bike,2021-07-22 08:39:37,2021-07-22 08:42:31,2 Ave & E 104 St,7436,E 93 St & 2 Ave,7286,40.7892105,-73.94370784,40.782454175279874,-73.9489196240902,member
2133804,196885EDDEC8EEB7,classic_bike,2021-07-03 16:40:59,2021-07-03 16:47:10,2 Ave & E 104 St,7436,E 93 St & 2 Ave,7286,40.7892105,-73.94370784,40.782454175279874,-73.9489196240902,member
2133808,61BDB9B4AD3EE0FC,electric_bike,2021-07-18 19:43:09,2021-07-18 19:47:07,2 Ave & E 104 St,7436,E 93 St & 2 Ave,7286,40.7892105,-73.94370784,40.782454175279874,-73.9489196240902,casual
2133809,6062A920D345FA16,electric_bike,2021-07-23 05:55:44,2021-07-23 06:00:39,2 Ave & E 104 St,7436,E 93 St & 2 Ave,7286,40.7892105,-73.94370784,40.782454175279874,-73.9489196240902,member
2133817,831087F0DBB9E5CE,classic_bike,2021-07-24 12:50:27,2021-07-24 12:56:01,2 Ave & E 104 St,7436,E 93 St & 2 Ave,7286,40.7892105,-73.94370784,40.782454175279874,-73.9489196240902,member
2133837,F5377AECAD37E335,classic_bike,2021-07-10 13:29:56,2021-07-10 13:36:47,2 Ave & E 104 St,7436,E 93 St & 2 Ave,7286,40.7892105,-73.94370784,40.782454175279874,-73.9489196240902,member
2133838,128ADEC7C9824731,classic_bike,2021-07-09 06:00:06,2021-07-09 06:05:03,2 Ave & E 104 St,7436,E 93 St & 2 Ave,7286,40.7892105,-73.94370784,40.782454175279874,-73.9489196240902,member
2133839,626B7DF0DC2F6016,classic_bike,2021-07-23 07:24:07,2021-07-23 07:27:45,2 Ave & E 104 St,7436,E 93 St & 2 Ave,7286,40.7892105,-73.94370784,40.782454175279874,-73.9489196240902,member
2133844,553ED05E97463013,classic_bike,2021-07-12 10:07:39,2021-07-12 10:12:44,2 Ave & E 104 St,7436,E 93 St & 2 Ave,7286,40.7892105,-73.94370784,40.782454175279874,-73.9489196240902,member
2133846,62A8F645BDDD8502,classic_bike,2021-07-14 09:19:27,2021-07-14 09:23:32,2 Ave & E 104 St,7436,E 93 St & 2 Ave,7286,40.7892105,-73.94370784,40.782454175279874,-73.9489196240902,member
2133847,50D558502006C9AE,classic_bike,2021-07-30 19:11:10,2021-07-30 19:15:17,2 Ave & E 104 St,7436,E 93 St & 2 Ave,7286,40.7892105,-73.94370784,40.782454175279874,-73.9489196240902,member
2133918,E1BEB39228D2C54E,classic_bike,2021-07-22 20:55:35,2021-07-22 21:00:17,2 Ave & E 104 St,7436,E 93 St & 2 Ave,7286,40.7892105,-73.94370784,40.782454175279874,-73.9489196240902,member
2133923,147976C6CB56C8E4,classic_bike,2021-07-23 12:19:09,2021-07-23 12:25:22,2 Ave & E 104 St,7436,E 93 St & 2 Ave,7286,40.7892105,-73.94370784,40.782454175279874,-73.9489196240902,member
2133932,4821E9B4382DAF5C,electric_bike,2021-07-05 12:53:42,2021-07-05 12:58:59,2 Ave & E 104 St,7436,E 93 St & 2 Ave,7286,40.7892105,-73.94370784,40.782454175279874,-73.9489196240902,member
2133936,BE3E064C14EE1F1E,classic_bike,2021-07-13 17:36:57,2021-07-13 17:42:57,2 Ave & E 104 St,7436,E 93 St & 2 Ave,7286,40.7892105,-73.94370784,40.782454175279874,-73.9489196240902,member
2133941,84008386B92A5127,electric_bike,2021-07-06 06:15:21,2021-07-06 06:20:17,2 Ave & E 104 St,7436,E 93 St & 2 Ave,7286,40.7892105,-73.94370784,40.782454175279874,-73.9489196240902,member
2133943,79A5EEBF5D2EA7E9,classic_bike,2021-07-03 12:43:30,2021-07-03 12:48:44,2 Ave & E 104 St,7436,E 93 St & 2 Ave,7286,40.7892105,-73.94370784,40.782454175279874,-73.9489196240902,casual
2133944,C1005C2F1242DB9D,classic_bike,2021-07-31 10:15:07,2021-07-31 10:20:08,2 Ave & E 104 St,7436,E 93 St & 2 Ave,7286,40.7892105,-73.94370784,40.782454175279874,-73.9489196240902,casual
2133950,EB18FEAB08D5D223,classic_bike,2021-07-17 10:51:59,2021-07-17 10:56:00,2 Ave & E 104 St,7436,E 93 St & 2 Ave,7286,40.7892105,-73.94370784,40.782454175279874,-73.9489196240902,member
2133951,7C081BB0537F9AEB,classic_bike,2021-07-23 09:47:23,2021-07-23 09:52:57,2 Ave & E 104 St,7436,E 93 St & 2 Ave,7286,40.7892105,-73.94370784,40.782454175279874,-73.9489196240902,member
2140980,28582EF325D7C782,classic_bike,2021-07-28 13:17:35,2021-07-28 13:45:45,2 Ave & E 104 St,7436,E 59 St & Madison Ave,6801,40.7892105,-73.94370784,40.76350532,-73.97109243,member
2140999,18FEEC4904C5AC92,electric_bike,2021-07-02 14:07:52,2021-07-02 15:01:14,2 Ave & E 104 St,7436,Amsterdam Ave & W 186 St,8394,40.7892105,-73.94370784,40.851113,-73.928808,casual
2141151,006C9EBECC839873,classic_bike,2021-07-21 18:34:38,2021-07-21 18:41:23,2 Ave & E 104 St,7436,E 95 St & 3 Ave,7365,40.7892105,-73.94370784,40.7849032,-73.950503,member
2141158,3AD0E5643719F68F,electric_bike,2021-07-21 15:32:17,2021-07-21 15:37:58,2 Ave & E 104 St,7436,E 95 St & 3 Ave,7365,40.7892105,-73.94370784,40.7849032,-73.950503,member
2141162,A3B6202BA68A8265,classic_bike,2021-07-19 17:11:33,2021-07-19 17:37:27,2 Ave & E 104 St,7436,E 33 St & 1 Ave,6197,40.7892105,-73.94370784,40.74322681432173,-73.97449783980846,casual
2141207,908851EBB1362E0A,classic_bike,2021-07-29 17:06:05,2021-07-29 17:13:22,2 Ave & E 104 St,7436,E 95 St & 3 Ave,7365,40.7892105,-73.94370784,40.7849032,-73.950503,member
2141305,6E7C4D374CA13EDA,classic_bike,2021-07-24 12:04:50,2021-07-24 12:29:28,2 Ave & E 104 St,7436,E 95 St & 3 Ave,7365,40.7892105,-73.94370784,40.7849032,-73.950503,member
2141312,7D53C91AB8C7B774,docked_bike,2021-07-23 17:11:22,2021-07-23 18:05:40,2 Ave & E 104 St,7436,44 Dr & 21 St,6278,40.789211,-73.943708,40.748,-73.946093,casual
2141331,23CEA74A6786E373,classic_bike,2021-07-28 18:48:54,2021-07-28 18:54:39,2 Ave & E 104 St,7436,E 95 St & 3 Ave,7365,40.7892105,-73.94370784,40.7849032,-73.950503,member
2141348,603C07685757C38E,classic_bike,2021-07-11 14:27:16,2021-07-11 14:37:45,2 Ave & E 104 St,7436,E 95 St & 3 Ave,7365,40.7892105,-73.94370784,40.7849032,-73.950503,member
2141369,44105F80B42003E8,electric_bike,2021-07-27 13:46:50,2021-07-27 14:22:15,2 Ave & E 104 St,7436,Columbia St & Rivington St,5365,40.7892105,-73.94370784,40.71739973,-73.98016555,member
2149736,98B3F2D74245EF39,classic_bike,2021-07-05 20:10:47,2021-07-05 20:26:06,2 Ave & E 104 St,7436,Lenox Ave & W 130 St,7753,40.7892105,-73.94370784,40.8107922,-73.9430681,member
2150807,875AFCA0876B00BE,electric_bike,2021-07-28 22:59:40,2021-07-28 23:09:04,2 Ave & E 104 St,7436,Lenox Ave & W 130 St,7753,40.7892105,-73.94370784,40.8107922,-73.9430681,casual
2155198,952C6D06743855E5,classic_bike,2021-07-25 16:15:30,2021-07-25 16:32:28,2 Ave & E 104 St,7436,Wards Meadow Comfort Station,7327,40.7892105,-73.94370784,40.78294,-73.93077,member
2155200,06A06E866D9E6856,classic_bike,2021-07-30 19:53:41,2021-07-30 20:13:49,2 Ave & E 104 St,7436,Wards Meadow Comfort Station,7327,40.7892105,-73.94370784,40.78294,-73.93077,member
2155205,A40C55E0886B06D9,classic_bike,2021-07-15 18:43:50,2021-07-15 20:22:55,2 Ave & E 104 St,7436,Wards Meadow Comfort Station,7327,40.7892105,-73.94370784,40.78294,-73.93077,member
2155212,72C332FC7A74B3C5,electric_bike,2021-07-15 17:29:17,2021-07-15 17:58:27,2 Ave & E 104 St,7436,E 128 St & Madison Ave,7735,40.7892105,-73.94370784,40.80756,-73.939182,casual
2155213,7D4FCB00A408E1BE,electric_bike,2021-07-19 19:16:43,2021-07-19 19:24:17,2 Ave & E 104 St,7436,Wards Meadow Comfort Station,7327,40.7892105,-73.94370784,40.78294,-73.93077,casual
2155214,F7F1B4357CAE5DC3,classic_bike,2021-07-22 15:24:51,2021-07-22 15:39:13,2 Ave & E 104 St,7436,Wards Meadow Comfort Station,7327,40.7892105,-73.94370784,40.78294,-73.93077,casual
2155219,25C6A3D1D20901E2,classic_bike,2021-07-21 18:16:22,2021-07-21 18:31:23,2 Ave & E 104 St,7436,Wards Meadow Comfort Station,7327,40.7892105,-73.94370784,40.78294,-73.93077,casual
2155223,9A5043E120B8D374,classic_bike,2021-07-13 18:43:45,2021-07-13 18:57:01,2 Ave & E 104 St,7436,Wards Meadow Comfort Station,7327,40.7892105,-73.94370784,40.78294,-73.93077,member
2155226,9D5DD7C55F1FB260,electric_bike,2021-07-16 18:53:00,2021-07-16 19:04:18,2 Ave & E 104 St,7436,E 128 St & Madison Ave,7735,40.7892105,-73.94370784,40.80756,-73.939182,member
2155232,8C037CC1395B2C30,classic_bike,2021-07-23 19:00:12,2021-07-23 19:11:25,2 Ave & E 104 St,7436,Wards Meadow Comfort Station,7327,40.7892105,-73.94370784,40.78294,-73.93077,casual
2155238,1FA3FFA66C6B8C53,classic_bike,2021-07-28 17:57:30,2021-07-28 18:04:24,2 Ave & E 104 St,7436,Wards Meadow Comfort Station,7327,40.7892105,-73.94370784,40.78294,-73.93077,member
2155258,E55C0F1832B61B0D,classic_bike,2021-07-24 14:16:35,2021-07-24 14:24:53,2 Ave & E 104 St,7436,Wards Meadow Comfort Station,7327,40.7892105,-73.94370784,40.78294,-73.93077,member
2155266,4F6AF4E9A827C4E2,electric_bike,2021-07-21 18:12:10,2021-07-21 19:13:23,2 Ave & E 104 St,7436,Wards Meadow Comfort Station,7327,40.7892105,-73.94370784,40.78294,-73.93077,casual
2155271,117958C5F4A0D896,electric_bike,2021-07-31 15:53:48,2021-07-31 16:21:34,2 Ave & E 104 St,7436,Wards Meadow Comfort Station,7327,40.7892105,-73.94370784,40.78294,-73.93077,casual
2155273,0EA782DC40324C9F,classic_bike,2021-07-25 16:37:42,2021-07-25 16:48:39,2 Ave & E 104 St,7436,Wards Meadow Comfort Station,7327,40.7892105,-73.94370784,40.78294,-73.93077,member
2155275,9A871DF7249F5649,electric_bike,2021-07-14 16:01:52,2021-07-14 16:08:33,2 Ave & E 104 St,7436,Wards Meadow Comfort Station,7327,40.7892105,-73.94370784,40.78294,-73.93077,member
2155276,59542EAE2224502C,docked_bike,2021-07-31 16:33:48,2021-07-31 17:09:30,2 Ave & E 104 St,7436,Wards Meadow Comfort Station,7327,40.789211,-73.943708,40.78294,-73.93077,casual
2155291,3C219C733265EE46,electric_bike,2021-07-07 20:15:31,2021-07-07 20:35:19,2 Ave & E 104 St,7436,Wards Meadow Comfort Station,7327,40.7892105,-73.94370784,40.78294,-73.93077,casual
2155293,80531E7C94AB003C,classic_bike,2021-07-27 17:36:49,2021-07-27 17:48:46,2 Ave & E 104 St,7436,Wards Meadow Comfort Station,7327,40.7892105,-73.94370784,40.78294,-73.93077,member
2155297,4B36FEEF1825DBD0,classic_bike,2021-07-27 18:30:04,2021-07-27 18:40:55,2 Ave & E 104 St,7436,Wards Meadow Comfort Station,7327,40.7892105,-73.94370784,40.78294,-73.93077,member
2155299,B2C417724EF9B5A2,electric_bike,2021-07-19 17:09:39,2021-07-19 17:22:11,2 Ave & E 104 St,7436,Wards Meadow Comfort Station,7327,40.7892105,-73.94370784,40.78294,-73.93077,casual
2155301,1B3CEFDB21E6F79B,classic_bike,2021-07-19 17:10:01,2021-07-19 17:22:14,2 Ave & E 104 St,7436,Wards Meadow Comfort Station,7327,40.7892105,-73.94370784,40.78294,-73.93077,casual
2160416,7B9C0B34F6648018,classic_bike,2021-07-30 12:23:50,2021-07-30 12:27:47,2 Ave & E 104 St,7436,E 91 St & 2 Ave,7286,40.7892105,-73.94370784,40.78115276427916,-73.94963040947914,member
2160417,76A05DC1B34A8396,classic_bike,2021-07-14 15:18:25,2021-07-14 15:21:24,2 Ave & E 104 St,7436,E 103 St & Lexington Ave,7463,40.7892105,-73.94370784,40.7903051,-73.94755757,member
2160434,5B5BBF9C42F27BD0,classic_bike,2021-07-04 13:59:17,2021-07-04 14:07:16,2 Ave & E 104 St,7436,E 103 St & Lexington Ave,7463,40.7892105,-73.94370784,40.7903051,-73.94755757,member
2160440,0B502F8256E12920,classic_bike,2021-07-13 10:06:43,2021-07-13 10:08:45,2 Ave & E 104 St,7436,E 103 St & Lexington Ave,7463,40.7892105,-73.94370784,40.7903051,-73.94755757,member
2160441,916F5D44FF927238,classic_bike,2021-07-16 11:47:16,2021-07-16 11:49:51,2 Ave & E 104 St,7436,E 103 St & Lexington Ave,7463,40.7892105,-73.94370784,40.7903051,-73.94755757,member
2160755,A3E84BC653E82F5F,classic_bike,2021-07-14 13:23:03,2021-07-14 13:26:03,2 Ave & E 104 St,7436,E 103 St & Lexington Ave,7463,40.7892105,-73.94370784,40.7903051,-73.94755757,member
2160759,A7C3E800E419CDF0,classic_bike,2021-07-30 16:25:34,2021-07-30 16:32:44,2 Ave & E 104 St,7436,E 91 St & 2 Ave,7286,40.7892105,-73.94370784,40.78115276427916,-73.94963040947914,casual
2160765,8B8E8B8E1B836850,classic_bike,2021-07-06 19:25:39,2021-07-06 19:32:21,2 Ave & E 104 St,7436,E 91 St & 2 Ave,7286,40.7892105,-73.94370784,40.78115276427916,-73.94963040947914,member
2160766,E934A5F3FE44A74F,classic_bike,2021-07-20 18:46:39,2021-07-20 18:53:29,2 Ave & E 104 St,7436,E 91 St & 2 Ave,7286,40.7892105,-73.94370784,40.78115276427916,-73.94963040947914,member
2160767,A633F31AE2D0248C,classic_bike,2021-07-28 18:07:14,2021-07-28 18:14:50,2 Ave & E 104 St,7436,E 91 St & 2 Ave,7286,40.7892105,-73.94370784,40.78115276427916,-73.94963040947914,member
2160768,70AE0F6FDADD754E,classic_bike,2021-07-11 14:30:55,2021-07-11 14:33:11,2 Ave & E 104 St,7436,E 103 St & Lexington Ave,7463,40.7892105,-73.94370784,40.7903051,-73.94755757,member
2160784,DBF96F5680FA1240,electric_bike,2021-07-07 06:07:36,2021-07-07 06:11:24,2 Ave & E 104 St,7436,E 91 St & 2 Ave,7286,40.7892105,-73.94370784,40.78115276427916,-73.94963040947914,member
2160786,6D2E7CE18F7271FB,electric_bike,2021-07-22 15:14:43,2021-07-22 15:23:19,2 Ave & E 104 St,7436,E 91 St & 2 Ave,7286,40.7892105,-73.94370784,40.78115276427916,-73.94963040947914,member
2160787,9265B30DE72975A5,electric_bike,2021-07-27 14:02:17,2021-07-27 14:21:06,2 Ave & E 104 St,7436,E 91 St & 2 Ave,7286,40.7892105,-73.94370784,40.78115276427916,-73.94963040947914,member
2160791,DDC1DCC4486F5048,classic_bike,2021-07-06 13:19:41,2021-07-06 13:21:50,2 Ave & E 104 St,7436,E 103 St & Lexington Ave,7463,40.7892105,-73.94370784,40.7903051,-73.94755757,member
2160792,C4DC536F7CC0AD4F,classic_bike,2021-07-06 09:19:23,2021-07-06 09:22:22,2 Ave & E 104 St,7436,E 103 St & Lexington Ave,7463,40.7892105,-73.94370784,40.7903051,-73.94755757,member
2160793,B57C5BE84ADC39F2,classic_bike,2021-07-08 13:25:51,2021-07-08 13:27:30,2 Ave & E 104 St,7436,E 103 St & Lexington Ave,7463,40.7892105,-73.94370784,40.7903051,-73.94755757,member
2160808,28F0EF217F1A695F,electric_bike,2021-07-13 15:38:04,2021-07-13 15:40:43,2 Ave & E 104 St,7436,E 103 St & Lexington Ave,7463,40.7892105,-73.94370784,40.7903051,-73.94755757,casual
2160810,57C47D2D82BBD9C3,electric_bike,2021-07-14 19:37:59,2021-07-14 19:53:34,2 Ave & E 104 St,7436,Columbus Ave & W 103 St,7595,40.7892105,-73.94370784,40.7969347,-73.9643412291,casual
2160812,EC1F41E9FD7706D2,classic_bike,2021-07-14 09:20:10,2021-07-14 09:25:37,2 Ave & E 104 St,7436,E 91 St & 2 Ave,7286,40.7892105,-73.94370784,40.78115276427916,-73.94963040947914,casual
2160822,92E47653F5645122,classic_bike,2021-07-05 12:25:58,2021-07-05 12:27:44,2 Ave & E 104 St,7436,E 103 St & Lexington Ave,7463,40.7892105,-73.94370784,40.7903051,-73.94755757,member
2160823,B893B25C4539AE52,classic_bike,2021-07-07 06:19:04,2021-07-07 06:20:59,2 Ave & E 104 St,7436,E 103 St & Lexington Ave,7463,40.7892105,-73.94370784,40.7903051,-73.94755757,member
2160825,C038935FFA7812F6,electric_bike,2021-07-02 11:22:36,2021-07-02 11:25:42,2 Ave & E 104 St,7436,E 103 St & Lexington Ave,7463,40.7892105,-73.94370784,40.7903051,-73.94755757,member
2160826,030F089BBFE0A6AA,electric_bike,2021-07-01 22:16:26,2021-07-01 22:29:18,2 Ave & E 104 St,7436,E 91 St & 2 Ave,7286,40.7892105,-73.94370784,40.78115276427916,-73.94963040947914,member
2160830,E77C3961D79ACCE7,classic_bike,2021-07-23 12:33:55,2021-07-23 12:39:01,2 Ave & E 104 St,7436,E 91 St & 2 Ave,7286,40.7892105,-73.94370784,40.78115276427916,-73.94963040947914,member
2160831,51BD55DB1CB068C7,electric_bike,2021-07-06 17:57:10,2021-07-06 18:15:17,2 Ave & E 104 St,7436,1 Ave & E 39 St,6303,40.7892105,-73.94370784,40.74714,-73.97113,member
2160832,F5523186DCC1EF7B,electric_bike,2021-07-15 12:45:38,2021-07-15 13:02:50,2 Ave & E 104 St,7436,1 Ave & E 39 St,6303,40.7892105,-73.94370784,40.74714,-73.97113,member
2160834,2B43EC7D29359F16,classic_bike,2021-07-20 16:46:22,2021-07-20 16:50:46,2 Ave & E 104 St,7436,E 91 St & 2 Ave,7286,40.7892105,-73.94370784,40.78115276427916,-73.94963040947914,member
2160843,06E7853455517C87,electric_bike,2021-07-30 05:33:05,2021-07-30 06:00:32,2 Ave & E 104 St,7436,E 91 St & 2 Ave,7286,40.7892105,-73.94370784,40.78115276427916,-73.94963040947914,member
2160844,455624517D7E5698,classic_bike,2021-07-02 13:43:40,2021-07-02 13:46:22,2 Ave & E 104 St,7436,E 103 St & Lexington Ave,7463,40.7892105,-73.94370784,40.7903051,-73.94755757,member
2160846,726D34680503C9FB,electric_bike,2021-07-23 21:26:26,2021-07-23 21:55:21,2 Ave & E 104 St,7436,W 29 St & 9 Ave,6416,40.7892105,-73.94370784,40.7500727,-73.99839279,member
2160848,922F90AE199771C5,classic_bike,2021-07-06 17:28:36,2021-07-06 17:33:09,2 Ave & E 104 St,7436,E 91 St & 2 Ave,7286,40.7892105,-73.94370784,40.78115276427916,-73.94963040947914,member
2160854,396079BCAAF11FF1,electric_bike,2021-07-21 20:03:49,2021-07-21 20:10:34,2 Ave & E 104 St,7436,E 91 St & 2 Ave,7286,40.7892105,-73.94370784,40.78115276427916,-73.94963040947914,member
2160855,E7BE1350FB2336A8,classic_bike,2021-07-16 18:53:48,2021-07-16 19:05:10,2 Ave & E 104 St,7436,E 91 St & 2 Ave,7286,40.7892105,-73.94370784,40.78115276427916,-73.94963040947914,casual
2160862,067CA3EC3842B4E0,electric_bike,2021-07-17 06:48:52,2021-07-17 07:23:42,2 Ave & E 104 St,7436,W 29 St & 9 Ave,6416,40.7892105,-73.94370784,40.7500727,-73.99839279,member
2160865,A88031D200F17393,classic_bike,2021-07-08 09:25:11,2021-07-08 09:30:11,2 Ave & E 104 St,7436,E 91 St & 2 Ave,7286,40.7892105,-73.94370784,40.78115276427916,-73.94963040947914,casual
2160866,E339BDB93F85D8EF,electric_bike,2021-07-19 18:00:24,2021-07-19 18:13:15,2 Ave & E 104 St,7436,Columbus Ave & W 103 St,7595,40.7892105,-73.94370784,40.7969347,-73.9643412291,casual
2160880,CC8FB0FB039C08B6,classic_bike,2021-07-08 10:21:15,2021-07-08 10:24:54,2 Ave & E 104 St,7436,E 103 St & Lexington Ave,7463,40.7892105,-73.94370784,40.7903051,-73.94755757,member
2160883,A1310D6ED6324DC0,classic_bike,2021-07-18 11:49:05,2021-07-18 12:12:53,2 Ave & E 104 St,7436,E 103 St & Lexington Ave,7463,40.7892105,-73.94370784,40.7903051,-73.94755757,member
2161318,610C22461B39EC4B,classic_bike,2021-07-02 12:24:22,2021-07-02 12:28:30,2 Ave & E 104 St,7436,E 91 St & 2 Ave,7286,40.7892105,-73.94370784,40.78115276427916,-73.94963040947914,member
2173779,E013E3E246641E15,classic_bike,2021-07-16 16:30:28,2021-07-16 16:40:59,2 Ave & E 104 St,7436,5 Ave & E 93 St,7372,40.7892105,-73.94370784,40.7857851,-73.957481,casual
2173795,BAD160E198E09EE7,electric_bike,2021-07-24 18:31:44,2021-07-24 19:04:36,2 Ave & E 104 St,7436,W 25 St & 6 Ave,6215,40.7892105,-73.94370784,40.74395411,-73.99144871,member
2173971,17D24CC529B1CF7F,electric_bike,2021-07-01 12:46:09,2021-07-01 12:53:13,2 Ave & E 104 St,7436,5 Ave & E 93 St,7372,40.7892105,-73.94370784,40.7857851,-73.957481,casual
2174022,E9E2812138D464B4,classic_bike,2021-07-05 14:51:17,2021-07-05 15:03:13,2 Ave & E 104 St,7436,5 Ave & E 93 St,7372,40.7892105,-73.94370784,40.7857851,-73.957481,member
2180812,E72C01C35B9D4C7D,classic_bike,2021-07-25 22:39:54,2021-07-25 22:52:05,2 Ave & E 104 St,7436,E 84 St & Park Ave,7243,40.7892105,-73.94370784,40.77862688,-73.95772073,member
2180819,3CD783AB7C47F165,classic_bike,2021-07-22 09:02:36,2021-07-22 09:24:26,2 Ave & E 104 St,7436,Willow Ave & E 133 St,7626,40.7892105,-73.94370784,40.800933,-73.913863,member
2180829,898FB27019DC86B6,electric_bike,2021-07-03 11:05:57,2021-07-03 11:24:47,2 Ave & E 104 St,7436,Pershing Square South,6432,40.7892105,-73.94370784,40.751581,-73.97791,member
2180852,5479B47AF307672A,electric_bike,2021-07-07 20:29:34,2021-07-07 20:49:10,2 Ave & E 104 St,7436,Morris Ave & E 163 St,8036,40.7892105,-73.94370784,40.827230499624726,-73.91765579597632,casual
2180857,1EC769BC32B48D69,classic_bike,2021-07-17 18:50:11,2021-07-17 19:04:34,2 Ave & E 104 St,7436,E 84 St & Park Ave,7243,40.7892105,-73.94370784,40.77862688,-73.95772073,casual
2180882,CA721EE28DE9F976,electric_bike,2021-07-10 19:25:09,2021-07-10 19:42:48,2 Ave & E 104 St,7436,Central Park West & W 72 St,7141,40.7892105,-73.94370784,40.77579376683666,-73.9762057363987,casual
2191619,6F6FFA03948BE91B,classic_bike,2021-07-21 07:14:42,2021-07-21 07:30:28,2 Ave & E 104 St,7436,Lexington Ave & E 127 St,7662,40.7892105,-73.94370784,40.805726,-73.936322,casual
2191660,3AA1620F423BC02A,electric_bike,2021-07-19 13:18:20,2021-07-19 13:53:11,2 Ave & E 104 St,7436,E 2 St & Avenue B,5515,40.7892105,-73.94370784,40.72217444,-73.98368779,member
2191758,FB28F3F343DC9FEA,classic_bike,2021-07-25 09:04:43,2021-07-25 09:41:17,2 Ave & E 104 St,7436,E 2 St & Avenue B,5515,40.7892105,-73.94370784,40.72217444,-73.98368779,casual
2191804,E62A636C32C8D2AB,classic_bike,2021-07-19 07:15:56,2021-07-19 07:27:42,2 Ave & E 104 St,7436,Lexington Ave & E 127 St,7662,40.7892105,-73.94370784,40.805726,-73.936322,casual
2200669,E1BC77399B30A578,electric_bike,2021-07-27 01:06:51,2021-07-27 01:57:36,2 Ave & E 104 St,7436,Clinton St\t& Cherry St,5190,40.7892105,-73.94370784,40.711471394469264,-73.98672603070736,member
2200675,D1C97EBBD5FB42AE,electric_bike,2021-07-31 07:32:26,2021-07-31 07:42:21,2 Ave & E 104 St,7436,E 65 St & 2 Ave,6860,40.7892105,-73.94370784,40.76471851944339,-73.96222069859505,member
2200885,4AA52B00178835F3,electric_bike,2021-07-07 09:03:18,2021-07-07 09:20:02,2 Ave & E 104 St,7436,E 51 St & Lexington Ave,6659,40.7892105,-73.94370784,40.75714758,-73.97207836,member
2210924,4CFDC1813CABBC0E,electric_bike,2021-07-26 21:37:38,2021-07-26 22:00:15,2 Ave & E 104 St,7436,2 Ave & E 29 St,6122,40.7892105,-73.94370784,40.74172351097472,-73.97809267044067,member
2210943,7A9C11803F9051B4,electric_bike,2021-07-01 19:58:54,2021-07-01 20:04:08,2 Ave & E 104 St,7436,E 97 St & Madison Ave,7393,40.7892105,-73.94370784,40.787801,-73.953559,member
2210944,2544F8CD69CD1961,classic_bike,2021-07-22 19:58:18,2021-07-22 20:04:26,2 Ave & E 104 St,7436,E 97 St & Madison Ave,7393,40.7892105,-73.94370784,40.787801,-73.953559,member
2210961,2477C5E49A591D77,electric_bike,2021-07-04 13:51:05,2021-07-04 13:56:45,2 Ave & E 104 St,7436,E 97 St & Madison Ave,7393,40.7892105,-73.94370784,40.787801,-73.953559,member
2210965,CEDDE94669BAF16E,electric_bike,2021-07-18 21:18:35,2021-07-18 21:23:07,2 Ave & E 104 St,7436,E 97 St & Madison Ave,7393,40.7892105,-73.94370784,40.787801,-73.953559,member
2210997,5AA7AC35974D028F,electric_bike,2021-07-09 21:39:36,2021-07-09 22:30:36,2 Ave & E 104 St,7436,E Fordham Rd & Webster Ave,8582,40.7892105,-73.94370784,40.861748,-73.89105,casual
2223166,157F53543D1C6B24,classic_bike,2021-07-06 12:43:40,2021-07-06 13:08:25,2 Ave & E 104 St,7436,Central Park S & 6 Ave,6876,40.7892105,-73.94370784,40.76590936,-73.97634151,member
2223209,E7CA2D328440CE55,classic_bike,2021-07-28 08:42:51,2021-07-28 09:12:00,2 Ave & E 104 St,7436,Central Park S & 6 Ave,6876,40.7892105,-73.94370784,40.76590936,-73.97634151,member
2223297,57B5FDDD8566EC11,electric_bike,2021-07-13 18:43:08,2021-07-13 19:19:11,2 Ave & E 104 St,7436,Rivington St & Chrystie St,5453,40.7892105,-73.94370784,40.72110063,-73.9919254,casual
2223337,2433E4F4447E3503,classic_bike,2021-07-27 08:58:14,2021-07-27 09:29:12,2 Ave & E 104 St,7436,Central Park S & 6 Ave,6876,40.7892105,-73.94370784,40.76590936,-73.97634151,member
2232424,F764686083723684,classic_bike,2021-07-19 10:46:33,2021-07-19 12:06:15,2 Ave & E 104 St,7436,W 36 St & 7 Ave,6483,40.7892105,-73.94370784,40.752149,-73.989539,casual
2232451,F52261603D8FD39E,electric_bike,2021-07-06 17:28:51,2021-07-06 17:46:32,2 Ave & E 104 St,7436,E 53 St & Madison Ave,6659,40.7892105,-73.94370784,40.7597108,-73.97402311,member
2232543,2D9E6D8CA9FBBAC7,classic_bike,2021-07-28 09:16:11,2021-07-28 09:37:55,2 Ave & E 104 St,7436,E 53 St & Madison Ave,6659,40.7892105,-73.94370784,40.7597108,-73.97402311,member
2232544,049BDE65518F3675,classic_bike,2021-07-27 09:04:21,2021-07-27 09:28:29,2 Ave & E 104 St,7436,E 53 St & Madison Ave,6659,40.7892105,-73.94370784,40.7597108,-73.97402311,member
2238840,6481A4C1E5A7E8E7,electric_bike,2021-07-24 18:30:17,2021-07-24 18:58:28,2 Ave & E 104 St,7436,Bronx Shore Comfort Station,7618,40.7892105,-73.94370784,40.80046,-73.92404,member
2238841,89733CE0D005F871,classic_bike,2021-07-14 20:39:13,2021-07-14 21:29:12,2 Ave & E 104 St,7436,W 34 St & 11 Ave,6578,40.7892105,-73.94370784,40.75594159,-74.0021163,casual
2238843,092034731F460371,classic_bike,2021-07-14 20:38:57,2021-07-14 21:29:20,2 Ave & E 104 St,7436,W 34 St & 11 Ave,6578,40.7892105,-73.94370784,40.75594159,-74.0021163,casual
2245630,D772859F158E6FF0,electric_bike,2021-07-03 13:13:13,2021-07-03 13:25:26,2 Ave & E 104 St,7436,E 68 St & 3 Ave,6896,40.7892105,-73.94370784,40.76712840349542,-73.96224617958069,member
2245665,57554F9EAB1DD11F,electric_bike,2021-07-22 06:15:51,2021-07-22 06:26:20,2 Ave & E 104 St,7436,E 68 St & 3 Ave,6896,40.7892105,-73.94370784,40.76712840349542,-73.96224617958069,member
2245681,5CF5036707C84EE9,classic_bike,2021-07-28 18:20:45,2021-07-28 18:39:20,2 Ave & E 104 St,7436,Bronx Shore Comfort Station,7618,40.7892105,-73.94370784,40.80046,-73.92404,member
2245939,0141370644DAF6C2,classic_bike,2021-07-14 20:39:34,2021-07-14 21:29:50,2 Ave & E 104 St,7436,W 34 St & 11 Ave,6578,40.7892105,-73.94370784,40.75594159,-74.0021163,casual
2253692,095C3BB59F83501D,classic_bike,2021-07-15 15:58:21,2021-07-15 16:29:56,2 Ave & E 104 St,7436,E 123 St & Lexington Ave,7636,40.7892105,-73.94370784,40.8029263,-73.9379,casual
2253695,100803A875B61613,electric_bike,2021-07-22 17:01:07,2021-07-22 17:26:51,2 Ave & E 104 St,7436,W 36 St & 9 Ave,6569,40.7892105,-73.94370784,40.75462324029105,-73.99516761302948,casual
2254951,63EEB02A1CAFAE09,classic_bike,2021-07-31 15:54:41,2021-07-31 16:07:35,2 Ave & E 104 St,7436,E 123 St & Lexington Ave,7636,40.7892105,-73.94370784,40.8029263,-73.9379,member
2262192,A82B267C9C584B03,classic_bike,2021-07-31 15:54:55,2021-07-31 16:07:37,2 Ave & E 104 St,7436,E 123 St & Lexington Ave,7636,40.7892105,-73.94370784,40.8029263,-73.9379,member
2262193,C7F2DBC37A74AE08,classic_bike,2021-07-17 08:40:42,2021-07-17 08:53:25,2 Ave & E 104 St,7436,E 123 St & Lexington Ave,7636,40.7892105,-73.94370784,40.8029263,-73.9379,member
2278014,D574FDC6C24DAC61,classic_bike,2021-07-28 11:22:08,2021-07-28 11:32:06,2 Ave & E 104 St,7436,E 88 St & Park Ave,7293,40.7892105,-73.94370784,40.781410700190015,-73.95595908164978,member
2278023,17972ADB4BD65430,classic_bike,2021-07-22 16:32:49,2021-07-22 16:45:06,2 Ave & E 104 St,7436,E 88 St & Park Ave,7293,40.7892105,-73.94370784,40.781410700190015,-73.95595908164978,casual
2278025,7271B023E18F8DE0,classic_bike,2021-07-29 12:54:20,2021-07-29 13:07:16,2 Ave & E 104 St,7436,E 88 St & Park Ave,7293,40.7892105,-73.94370784,40.781410700190015,-73.95595908164978,casual
2278061,119151DE1FA28E03,classic_bike,2021-07-26 21:10:37,2021-07-26 21:25:35,2 Ave & E 104 St,7436,W 135 St & Lenox Terrace Pl,7832,40.7892105,-73.94370784,40.813619,-73.939336,member
2278064,1564C5E46F144CC6,electric_bike,2021-07-26 16:03:19,2021-07-26 16:24:28,2 Ave & E 104 St,7436,W 54 St & 11 Ave,6955,40.7892105,-73.94370784,40.768333,-73.992573,casual
2278114,8E06761905EFD2FB,electric_bike,2021-07-24 22:52:36,2021-07-24 23:03:46,2 Ave & E 104 St,7436,W 135 St & Lenox Terrace Pl,7832,40.7892105,-73.94370784,40.813619,-73.939336,member
2278119,37943CFD5DA9E0EE,classic_bike,2021-07-20 08:22:20,2021-07-20 08:44:18,2 Ave & E 104 St,7436,E 134 St & Walnut Ave,7613,40.7892105,-73.94370784,40.800425,-73.911034,member
2278128,32B748F5C0AF5173,classic_bike,2021-07-22 08:30:11,2021-07-22 08:50:56,2 Ave & E 104 St,7436,E 134 St & Walnut Ave,7613,40.7892105,-73.94370784,40.800425,-73.911034,member
2278129,C36ED0DA0F8A0766,classic_bike,2021-07-26 08:27:48,2021-07-26 08:48:57,2 Ave & E 104 St,7436,E 134 St & Walnut Ave,7613,40.7892105,-73.94370784,40.800425,-73.911034,member
2278140,C336C957B457E157,classic_bike,2021-07-29 08:37:39,2021-07-29 08:55:53,2 Ave & E 104 St,7436,E 134 St & Walnut Ave,7613,40.7892105,-73.94370784,40.800425,-73.911034,member
2278143,3DA8AE7ACD1AA493,docked_bike,2021-07-22 16:06:24,2021-07-22 16:34:26,2 Ave & E 104 St,7436,E 88 St & Park Ave,7293,40.789211,-73.943708,40.781411,-73.955959,casual
2278315,6CE52DF166B14D21,classic_bike,2021-07-25 14:27:53,2021-07-25 14:59:18,2 Ave & E 104 St,7436,E 134 St & Walnut Ave,7613,40.7892105,-73.94370784,40.800425,-73.911034,casual
2278321,B2160BB19E75EC24,docked_bike,2021-07-22 16:04:44,2021-07-22 16:33:27,2 Ave & E 104 St,7436,E 88 St & Park Ave,7293,40.789211,-73.943708,40.781411,-73.955959,casual
2278327,B505811283959967,classic_bike,2021-07-07 11:15:01,2021-07-07 11:26:23,2 Ave & E 104 St,7436,E 88 St & Park Ave,7293,40.7892105,-73.94370784,40.781410700190015,-73.95595908164978,member
2278332,787AECDBBE213078,classic_bike,2021-07-16 14:37:23,2021-07-16 14:52:11,2 Ave & E 104 St,7436,W 135 St & Lenox Terrace Pl,7832,40.7892105,-73.94370784,40.813619,-73.939336,member
2278356,2EA6DEC8B4800597,classic_bike,2021-07-05 16:05:42,2021-07-05 16:17:52,2 Ave & E 104 St,7436,E 88 St & Park Ave,7293,40.7892105,-73.94370784,40.781410700190015,-73.95595908164978,member
2278619,1729356087307090,classic_bike,2021-07-08 18:46:04,2021-07-08 19:00:16,2 Ave & E 104 St,7436,E 68 St & Madison Ave,6932,40.7892105,-73.94370784,40.7691572,-73.96703464,member
2278672,C626CD60939545DC,classic_bike,2021-07-27 18:31:37,2021-07-27 18:47:52,2 Ave & E 104 St,7436,E 72 St & Park Ave,6998,40.7892105,-73.94370784,40.77118287540658,-73.96409422159195,member
2278702,05412550796B85AF,classic_bike,2021-07-30 12:56:08,2021-07-30 13:06:29,2 Ave & E 104 St,7436,E 88 St & Park Ave,7293,40.7892105,-73.94370784,40.781410700190015,-73.95595908164978,casual
2278716,D1E90B3EA6AECC7E,classic_bike,2021-07-27 08:46:51,2021-07-27 09:07:11,2 Ave & E 104 St,7436,E 134 St & Walnut Ave,7613,40.7892105,-73.94370784,40.800425,-73.911034,member
2278732,1B241FEBD28DD268,classic_bike,2021-07-05 19:09:29,2021-07-05 19:19:41,2 Ave & E 104 St,7436,E 88 St & Park Ave,7293,40.7892105,-73.94370784,40.781410700190015,-73.95595908164978,member
2278741,5AE10B87151BC786,electric_bike,2021-07-29 07:26:30,2021-07-29 07:33:50,2 Ave & E 104 St,7436,E 88 St & Park Ave,7293,40.7892105,-73.94370784,40.781410700190015,-73.95595908164978,member
2278851,78EFCA5576238355,classic_bike,2021-07-30 08:39:02,2021-07-30 08:58:45,2 Ave & E 104 St,7436,E 134 St & Walnut Ave,7613,40.7892105,-73.94370784,40.800425,-73.911034,member
2278856,E0D73FBCB25C0C80,classic_bike,2021-07-25 14:27:37,2021-07-25 14:59:09,2 Ave & E 104 St,7436,E 134 St & Walnut Ave,7613,40.7892105,-73.94370784,40.800425,-73.911034,casual
2278858,3FCF2CE194F54D83,electric_bike,2021-07-01 18:23:23,2021-07-01 18:39:38,2 Ave & E 104 St,7436,Courtlandt Ave & E 149 St,7840,40.7892105,-73.94370784,40.816402,-73.919549,casual
2282501,103098B806182E03,electric_bike,2021-07-12 23:19:28,2021-07-12 23:31:59,W 116 St & Broadway,7713,2 Ave & E 104 St,7436,40.8082,-73.9641,40.7892105,-73.94370784,member
2282652,66F851E6293FC5C3,electric_bike,2021-07-31 00:29:42,2021-07-31 00:51:55,Hamilton Pl & W 138 St,7920,2 Ave & E 104 St,7436,40.821728,-73.952761,40.7892105,-73.94370784,casual
2282662,D9D36E00880718A8,classic_bike,2021-07-22 13:23:39,2021-07-22 13:32:20,E 118 St & Park Ave,7625,2 Ave & E 104 St,7436,40.8005385,-73.9419949,40.7892105,-73.94370784,casual
2282670,035FCE4B787DA155,electric_bike,2021-07-02 15:01:29,2021-07-02 15:10:01,1 Ave & E 78 St,7020,2 Ave & E 104 St,7436,40.77140426,-73.9535166,40.7892105,-73.94370784,member
2282711,598554FB31F17063,classic_bike,2021-07-07 18:02:43,2021-07-07 18:08:24,Lexington Ave & E 111 St,7567,2 Ave & E 104 St,7436,40.7954121,-73.9441232,40.7892105,-73.94370784,member
2282715,94D668C62B140FEF,classic_bike,2021-07-22 15:56:07,2021-07-22 16:00:44,Lexington Ave & E 111 St,7567,2 Ave & E 104 St,7436,40.7954121,-73.9441232,40.7892105,-73.94370784,member
2282840,9C3DDA2AB39F6A09,electric_bike,2021-07-20 15:11:57,2021-07-20 15:30:11,1 Ave & E 39 St,6303,2 Ave & E 104 St,7436,40.74714,-73.97113,40.7892105,-73.94370784,casual
2282856,80D587E3FC1E0F6D,classic_bike,2021-07-28 19:00:47,2021-07-28 19:07:19,E 91 St & 2 Ave,7286,2 Ave & E 104 St,7436,40.78115276427916,-73.94963040947914,40.7892105,-73.94370784,casual
2282860,2F667DC17A2D70F8,classic_bike,2021-07-12 22:58:40,2021-07-12 23:00:25,E 103 St & Lexington Ave,7463,2 Ave & E 104 St,7436,40.7903051,-73.94755757,40.7892105,-73.94370784,member
2282870,D6D23AD0A7755523,classic_bike,2021-07-12 15:53:33,2021-07-12 15:58:37,E 103 St & Lexington Ave,7463,2 Ave & E 104 St,7436,40.7903051,-73.94755757,40.7892105,-73.94370784,casual
2282873,87D22DC0C53209DF,classic_bike,2021-07-05 16:13:05,2021-07-05 16:15:07,E 103 St & Lexington Ave,7463,2 Ave & E 104 St,7436,40.7903051,-73.94755757,40.7892105,-73.94370784,member
2282879,5F3EC51E07FCC0E2,classic_bike,2021-07-10 19:08:30,2021-07-10 19:16:22,E 91 St & 2 Ave,7286,2 Ave & E 104 St,7436,40.78115276427916,-73.94963040947914,40.7892105,-73.94370784,member
2282884,FF75DCF21DD9ECE0,electric_bike,2021-07-06 16:53:24,2021-07-06 17:03:11,Columbus Ave & W 103 St,7595,2 Ave & E 104 St,7436,40.7969347,-73.9643412291,40.7892105,-73.94370784,member
2282890,26D2A44F228485DF,classic_bike,2021-07-23 20:17:19,2021-07-23 20:23:33,E 91 St & 2 Ave,7286,2 Ave & E 104 St,7436,40.78115276427916,-73.94963040947914,40.7892105,-73.94370784,member
2282893,35FD1E47A3C6DB56,classic_bike,2021-07-14 13:40:25,2021-07-14 13:43:07,E 103 St & Lexington Ave,7463,2 Ave & E 104 St,7436,40.7903051,-73.94755757,40.7892105,-73.94370784,member
2282894,BD5E24548747D5B4,classic_bike,2021-07-14 17:41:30,2021-07-14 17:43:46,E 103 St & Lexington Ave,7463,2 Ave & E 104 St,7436,40.7903051,-73.94755757,40.7892105,-73.94370784,member
2282907,0E28797CD8B3C295,electric_bike,2021-07-03 17:11:35,2021-07-03 17:15:41,E 103 St & Lexington Ave,7463,2 Ave & E 104 St,7436,40.7903051,-73.94755757,40.7892105,-73.94370784,casual
2282912,AEF599690E1B10A1,classic_bike,2021-07-09 15:43:14,2021-07-09 15:46:14,E 103 St & Lexington Ave,7463,2 Ave & E 104 St,7436,40.7903051,-73.94755757,40.7892105,-73.94370784,member
2282913,36F48DF27097BF53,classic_bike,2021-07-16 09:12:46,2021-07-16 09:18:31,E 91 St & 2 Ave,7286,2 Ave & E 104 St,7436,40.78115276427916,-73.94963040947914,40.7892105,-73.94370784,member
2282914,8AA6C9DCA561AD55,classic_bike,2021-07-13 00:06:41,2021-07-13 00:08:50,E 103 St & Lexington Ave,7463,2 Ave & E 104 St,7436,40.7903051,-73.94755757,40.7892105,-73.94370784,member
2282916,FBA8190E04969056,electric_bike,2021-07-16 22:19:45,2021-07-16 22:23:42,E 103 St & Lexington Ave,7463,2 Ave & E 104 St,7436,40.7903051,-73.94755757,40.7892105,-73.94370784,member
2282921,D5F46F0ED15A4155,classic_bike,2021-07-01 16:39:24,2021-07-01 17:03:43,E 103 St & Lexington Ave,7463,2 Ave & E 104 St,7436,40.7903051,-73.94755757,40.7892105,-73.94370784,member
2282930,090120D540FB7453,classic_bike,2021-07-14 13:11:11,2021-07-14 13:23:44,Mt Morris Park W & W 120 St,7685,2 Ave & E 104 St,7436,40.804038,-73.945925,40.7892105,-73.94370784,casual
2282933,C860A8F1AD0DE1B6,electric_bike,2021-07-13 12:24:29,2021-07-13 12:47:30,E 149 St & Jackson Ave,7812,2 Ave & E 104 St,7436,40.813135,-73.909235,40.7892105,-73.94370784,member
2282942,AD553927088C1FD5,classic_bike,2021-07-30 18:39:59,2021-07-30 18:58:25,E 44 St & Lexington Ave,6464,2 Ave & E 104 St,7436,40.752643,-73.974996,40.7892105,-73.94370784,member
2282943,54E2BD6A97F667EB,electric_bike,2021-07-19 17:14:10,2021-07-19 17:29:19,E 44 St & Lexington Ave,6464,2 Ave & E 104 St,7436,40.752643,-73.974996,40.7892105,-73.94370784,member
2282981,A0A22C75B0ABE641,electric_bike,2021-07-12 13:54:23,2021-07-12 14:10:03,E 149 St & Jackson Ave,7812,2 Ave & E 104 St,7436,40.813135,-73.909235,40.7892105,-73.94370784,member
2282990,5511E9874AC83FD4,electric_bike,2021-07-04 22:42:08,2021-07-04 23:15:58,W 89 St & Columbus Ave,7432,2 Ave & E 104 St,7436,40.7882213,-73.97041561,40.7892105,-73.94370784,casual
2282992,35ED8535FD68F6C0,classic_bike,2021-07-23 18:22:38,2021-07-23 18:32:25,E 91 St & Park Ave,7344,2 Ave & E 104 St,7436,40.7835016,-73.955327,40.7892105,-73.94370784,casual
2283019,94DD6C229421330A,classic_bike,2021-07-23 12:12:30,2021-07-23 12:22:56,W 89 St & Columbus Ave,7432,2 Ave & E 104 St,7436,40.7882213,-73.97041561,40.7892105,-73.94370784,member
2283028,10C5F7F775C2BEEC,classic_bike,2021-07-19 12:11:11,2021-07-19 12:32:56,E 138 St & Canal St W,7803,2 Ave & E 104 St,7436,40.812304,-73.929153,40.7892105,-73.94370784,member
2283084,CC657B2CD776B092,electric_bike,2021-07-03 20:49:06,2021-07-03 22:00:29,St Marks Pl & 2 Ave,5669,2 Ave & E 104 St,7436,40.7284186,-73.98713956,40.7892105,-73.94370784,member
2283086,A6D810FFA5F4B3B7,electric_bike,2021-07-03 12:11:35,2021-07-03 12:16:47,E 91 St & Park Ave,7344,2 Ave & E 104 St,7436,40.7835016,-73.955327,40.7892105,-73.94370784,member
2283093,08532F40B8416C58,electric_bike,2021-07-21 22:12:45,2021-07-21 22:23:47,W 89 St & Columbus Ave,7432,2 Ave & E 104 St,7436,40.7882213,-73.97041561,40.7892105,-73.94370784,member
2283102,212F2464A48557BB,classic_bike,2021-07-24 14:59:58,2021-07-24 15:07:04,E 91 St & Park Ave,7344,2 Ave & E 104 St,7436,40.7835016,-73.955327,40.7892105,-73.94370784,member
2283158,D33EA734E2DA0112,electric_bike,2021-07-29 08:20:21,2021-07-29 08:39:02,W 89 St & Columbus Ave,7432,2 Ave & E 104 St,7436,40.7882213,-73.97041561,40.7892105,-73.94370784,casual
2283241,3746C31F1DA2FFFF,classic_bike,2021-07-02 07:09:24,2021-07-02 07:36:11,9 Ave & W 45 St,6717,2 Ave & E 104 St,7436,40.76019252,-73.9912551,40.7892105,-73.94370784,member
2283254,48C1171BE87CFADD,classic_bike,2021-07-24 19:13:46,2021-07-24 19:37:00,E 56 St & Madison Ave,6732,2 Ave & E 104 St,7436,40.761573,-73.972628,40.7892105,-73.94370784,member
2283266,A7312E0E1D2C43E2,classic_bike,2021-07-18 08:51:08,2021-07-18 09:11:14,E 77 St & 3 Ave,7092,2 Ave & E 104 St,7436,40.77314236,-73.95856158,40.7892105,-73.94370784,casual
2283281,0ED4FBC8F682A6F3,classic_bike,2021-07-17 10:52:31,2021-07-17 11:04:31,E 81 St & York Ave,7084,2 Ave & E 104 St,7436,40.7728384,-73.94989233,40.7892105,-73.94370784,member
2283326,546123B25524430E,electric_bike,2021-07-04 15:43:46,2021-07-04 16:05:49,E 54 St & 1 Ave,6608,2 Ave & E 104 St,7436,40.756265,-73.964179,40.7892105,-73.94370784,casual
2283357,3A2419950C3D3429,electric_bike,2021-07-14 15:39:53,2021-07-14 15:54:51,E 54 St & 1 Ave,6608,2 Ave & E 104 St,7436,40.756265,-73.964179,40.7892105,-73.94370784,casual
2283396,C20FC2862F2E1D54,classic_bike,2021-07-07 08:52:29,2021-07-07 08:54:49,E 106 St & 1 Ave,7456,2 Ave & E 104 St,7436,40.7892529,-73.93956237,40.7892105,-73.94370784,member
2283437,63F1D6ABD03A1F04,classic_bike,2021-07-23 14:08:06,2021-07-23 14:37:44,E 65 St & 2 Ave,6860,2 Ave & E 104 St,7436,40.76471851944339,-73.96222069859505,40.7892105,-73.94370784,casual
2283512,AB1822FF2409E9DA,electric_bike,2021-07-22 11:29:28,2021-07-22 11:59:29,E 33 St & 1 Ave,6197,2 Ave & E 104 St,7436,40.74322681432173,-73.97449783980846,40.7892105,-73.94370784,member
2283553,74676D65BA59A774,classic_bike,2021-07-27 14:24:44,2021-07-27 14:55:23,E 33 St & 1 Ave,6197,2 Ave & E 104 St,7436,40.74322681432173,-73.97449783980846,40.7892105,-73.94370784,member
2283600,AA55EC563484E0DA,classic_bike,2021-07-20 16:18:36,2021-07-20 16:22:35,E 95 St & 3 Ave,7365,2 Ave & E 104 St,7436,40.7849032,-73.950503,40.7892105,-73.94370784,member
2283601,C5ED19CB17F15088,electric_bike,2021-07-01 16:49:54,2021-07-01 17:02:08,E 95 St & 3 Ave,7365,2 Ave & E 104 St,7436,40.7849032,-73.950503,40.7892105,-73.94370784,member
2283602,0C3AFB1E188D4D34,classic_bike,2021-07-11 15:02:44,2021-07-11 15:07:28,E 95 St & 3 Ave,7365,2 Ave & E 104 St,7436,40.7849032,-73.950503,40.7892105,-73.94370784,member
2283667,BFD0401F030E299F,electric_bike,2021-07-20 23:17:23,2021-07-20 23:34:57,2 Ave & E 31 St,6197,2 Ave & E 104 St,7436,40.74290902,-73.97706058,40.7892105,-73.94370784,member
2283678,94544CD64DBD9FE4,classic_bike,2021-07-03 11:04:33,2021-07-03 11:40:49,E 27 St & 1 Ave,6004,2 Ave & E 104 St,7436,40.739445,-73.976806,40.7892105,-73.94370784,member
2283704,F3A78E76F3616C17,electric_bike,2021-07-20 22:35:13,2021-07-20 22:45:33,W 95 St & Broadway,7541,2 Ave & E 104 St,7436,40.7937704,-73.971888,40.7892105,-73.94370784,member
2283708,F84D78D7D2712B4D,electric_bike,2021-07-26 23:26:10,2021-07-26 23:47:24,Central Park West & W 76 St,7253,2 Ave & E 104 St,7436,40.77896784,-73.97374737,40.7892105,-73.94370784,member
2283761,087DE983F5A06760,classic_bike,2021-07-31 14:44:38,2021-07-31 15:11:28,W 95 St & Broadway,7541,2 Ave & E 104 St,7436,40.7937704,-73.971888,40.7892105,-73.94370784,member
2283782,394C4748A915833F,electric_bike,2021-07-18 15:47:09,2021-07-18 15:51:35,1 Ave & E 94 St,7286,2 Ave & E 104 St,7436,40.7817212,-73.94594,40.7892105,-73.94370784,casual
2283905,BEB6FA8CFD90D2C8,electric_bike,2021-07-12 18:39:48,2021-07-12 19:14:59,8 Ave & W 38 St,6526,2 Ave & E 104 St,7436,40.75461,-73.99177,40.7892105,-73.94370784,member
2284124,4E23B48F3F0AE56E,classic_bike,2021-07-07 15:10:32,2021-07-07 15:18:26,3 Ave & E 112 St,7543,2 Ave & E 104 St,7436,40.795508,-73.941606,40.7892105,-73.94370784,member
2284176,17D7E2E8B35D9F09,electric_bike,2021-07-19 16:05:18,2021-07-19 16:12:52,E 118 St & 3 Ave,7611,2 Ave & E 104 St,7436,40.799139,-73.9389152,40.7892105,-73.94370784,casual
2284201,62DA516DF88709CF,classic_bike,2021-07-26 20:15:07,2021-07-26 20:23:01,E 118 St & 3 Ave,7611,2 Ave & E 104 St,7436,40.799139,-73.9389152,40.7892105,-73.94370784,casual
2284251,23F57C206B6B7155,electric_bike,2021-07-22 20:49:32,2021-07-22 20:58:34,Willis Ave & Bruckner Blvd,7691,2 Ave & E 104 St,7436,40.805701,-73.925177,40.7892105,-73.94370784,member
2284270,7E095E80D3575D2A,electric_bike,2021-07-13 18:12:30,2021-07-13 18:20:18,1 Ave & E 78 St,7020,2 Ave & E 104 St,7436,40.77140426,-73.9535166,40.7892105,-73.94370784,member
2284272,EC58349409668E53,classic_bike,2021-07-10 12:58:24,2021-07-10 13:08:24,1 Ave & E 78 St,7020,2 Ave & E 104 St,7436,40.77140426,-73.9535166,40.7892105,-73.94370784,member
2284297,68DB46123746510E,electric_bike,2021-07-29 12:57:51,2021-07-29 13:07:03,1 Ave & E 78 St,7020,2 Ave & E 104 St,7436,40.77140426,-73.9535166,40.7892105,-73.94370784,member
2284298,845DC81F0631257D,electric_bike,2021-07-15 12:53:02,2021-07-15 13:01:00,1 Ave & E 78 St,7020,2 Ave & E 104 St,7436,40.77140426,-73.9535166,40.7892105,-73.94370784,member
2284299,8AF9DC34A3A36C6E,classic_bike,2021-07-08 12:41:27,2021-07-08 12:51:57,1 Ave & E 78 St,7020,2 Ave & E 104 St,7436,40.77140426,-73.9535166,40.7892105,-73.94370784,member
2284300,AEBFEAB9FB855F2C,classic_bike,2021-07-31 12:34:29,2021-07-31 12:44:15,1 Ave & E 78 St,7020,2 Ave & E 104 St,7436,40.77140426,-73.9535166,40.7892105,-73.94370784,member
2284301,794CC385B98A3C9B,classic_bike,2021-07-22 12:43:22,2021-07-22 12:54:59,1 Ave & E 78 St,7020,2 Ave & E 104 St,7436,40.77140426,-73.9535166,40.7892105,-73.94370784,member
2284302,74F71C8ED86C6AF7,classic_bike,2021-07-17 12:15:01,2021-07-17 12:24:45,1 Ave & E 78 St,7020,2 Ave & E 104 St,7436,40.77140426,-73.9535166,40.7892105,-73.94370784,member
2284303,368108EF14E7582F,classic_bike,2021-07-24 12:34:56,2021-07-24 12:45:52,1 Ave & E 78 St,7020,2 Ave & E 104 St,7436,40.77140426,-73.9535166,40.7892105,-73.94370784,member
2284308,8766E12FC82D77D8,classic_bike,2021-07-23 16:25:27,2021-07-23 16:35:35,1 Ave & E 78 St,7020,2 Ave & E 104 St,7436,40.77140426,-73.9535166,40.7892105,-73.94370784,member
2284309,3A50B6230F9BEA82,electric_bike,2021-07-09 16:32:38,2021-07-09 16:41:26,1 Ave & E 78 St,7020,2 Ave & E 104 St,7436,40.77140426,-73.9535166,40.7892105,-73.94370784,member
2284313,6D27EACA955CA320,classic_bike,2021-07-15 14:07:53,2021-07-15 14:21:54,Madison Ave & E 120 St,7667,2 Ave & E 104 St,7436,40.80295,-73.942954,40.7892105,-73.94370784,member
2284315,2CBDE5E5EBA35950,classic_bike,2021-07-26 14:08:26,2021-07-26 14:22:03,Madison Ave & E 120 St,7667,2 Ave & E 104 St,7436,40.80295,-73.942954,40.7892105,-73.94370784,member
2284349,9157679C92D95355,classic_bike,2021-07-23 18:43:33,2021-07-23 18:51:45,E 84 St & 1 Ave,7180,2 Ave & E 104 St,7436,40.77565541,-73.95068615,40.7892105,-73.94370784,casual
2284393,D805B8EB1A9473AC,classic_bike,2021-07-27 14:11:49,2021-07-27 14:21:50,Madison Ave & E 120 St,7667,2 Ave & E 104 St,7436,40.80295,-73.942954,40.7892105,-73.94370784,member
2284394,4B5B6919C8D92B33,electric_bike,2021-07-19 13:11:50,2021-07-19 13:22:00,Madison Ave & E 120 St,7667,2 Ave & E 104 St,7436,40.80295,-73.942954,40.7892105,-73.94370784,casual
2284442,A2A2B4784C064E9C,electric_bike,2021-07-31 16:19:23,2021-07-31 16:27:12,Madison Ave & E 120 St,7667,2 Ave & E 104 St,7436,40.80295,-73.942954,40.7892105,-73.94370784,casual
2284461,A8172EB8AA522305,electric_bike,2021-07-15 13:14:55,2021-07-15 13:26:16,Madison Ave & E 120 St,7667,2 Ave & E 104 St,7436,40.80295,-73.942954,40.7892105,-73.94370784,casual
2284470,17214A52B9C080B5,classic_bike,2021-07-11 13:59:26,2021-07-11 14:09:15,Madison Ave & E 120 St,7667,2 Ave & E 104 St,7436,40.80295,-73.942954,40.7892105,-73.94370784,member
2284476,CBD28038D4E468FC,classic_bike,2021-07-03 13:20:21,2021-07-03 13:27:09,Lexington Ave & E 111 St,7567,2 Ave & E 104 St,7436,40.7954121,-73.9441232,40.7892105,-73.94370784,member
2284480,3CE46F9B080CDA95,classic_bike,2021-07-23 00:04:22,2021-07-23 00:11:04,Lexington Ave & E 111 St,7567,2 Ave & E 104 St,7436,40.7954121,-73.9441232,40.7892105,-73.94370784,member
2284555,0707B8A458B3D7ED,classic_bike,2021-07-05 19:30:40,2021-07-05 20:02:08,Lenox Ave & W 115 St,7627,2 Ave & E 104 St,7436,40.8011939,-73.9500739,40.7892105,-73.94370784,member
2284575,B14512A257133766,classic_bike,2021-07-28 09:17:13,2021-07-28 09:27:55,E 97 St & Madison Ave,7393,2 Ave & E 104 St,7436,40.787801,-73.953559,40.7892105,-73.94370784,casual
2284619,61F5C6467A8C5D1B,classic_bike,2021-07-22 19:42:02,2021-07-22 19:49:23,E 97 St & Madison Ave,7393,2 Ave & E 104 St,7436,40.787801,-73.953559,40.7892105,-73.94370784,member
2284649,64907663814ED575,classic_bike,2021-07-21 22:08:02,2021-07-21 22:11:20,E 106 St & 1 Ave,7456,2 Ave & E 104 St,7436,40.7892529,-73.93956237,40.7892105,-73.94370784,member
2284650,5A555171C0368820,electric_bike,2021-07-23 19:15:27,2021-07-23 19:18:40,E 106 St & 1 Ave,7456,2 Ave & E 104 St,7436,40.7892529,-73.93956237,40.7892105,-73.94370784,member
2284670,ADE79BB18D96110D,classic_bike,2021-07-30 13:53:13,2021-07-30 13:59:15,E 106 St & 1 Ave,7456,2 Ave & E 104 St,7436,40.7892529,-73.93956237,40.7892105,-73.94370784,member
2284679,E47A84A73E6381C1,electric_bike,2021-07-08 00:32:13,2021-07-08 00:48:40,E 106 St & 1 Ave,7456,2 Ave & E 104 St,7436,40.7892529,-73.93956237,40.7892105,-73.94370784,casual
2284684,E836CD33F7BE4F0D,classic_bike,2021-07-07 17:28:02,2021-07-07 17:32:28,E 106 St & 1 Ave,7456,2 Ave & E 104 St,7436,40.7892529,-73.93956237,40.7892105,-73.94370784,member
2284687,05C6296D4D31257C,classic_bike,2021-07-19 06:32:31,2021-07-19 06:35:44,E 106 St & 1 Ave,7456,2 Ave & E 104 St,7436,40.7892529,-73.93956237,40.7892105,-73.94370784,member
2284689,FE0C1FE5EC518FB3,classic_bike,2021-07-27 14:50:14,2021-07-27 14:52:29,E 106 St & 1 Ave,7456,2 Ave & E 104 St,7436,40.7892529,-73.93956237,40.7892105,-73.94370784,member
2284695,E316412625814EC4,classic_bike,2021-07-14 17:17:41,2021-07-14 17:20:29,E 106 St & 1 Ave,7456,2 Ave & E 104 St,7436,40.7892529,-73.93956237,40.7892105,-73.94370784,member
2284718,5DB851804069E941,electric_bike,2021-07-19 01:05:08,2021-07-19 01:27:52,West End Ave & W 60 St,7059,2 Ave & E 104 St,7436,40.77237,-73.99005,40.7892105,-73.94370784,member
2284722,1CD132634DB6383B,classic_bike,2021-07-19 17:28:28,2021-07-19 17:48:42,E 106 St & 1 Ave,7456,2 Ave & E 104 St,7436,40.7892529,-73.93956237,40.7892105,-73.94370784,member
2284728,3E185CFB95452B45,classic_bike,2021-07-19 16:13:51,2021-07-19 16:19:00,E 106 St & 1 Ave,7456,2 Ave & E 104 St,7436,40.7892529,-73.93956237,40.7892105,-73.94370784,member
2284729,6B330141EA3286E3,classic_bike,2021-07-19 11:07:51,2021-07-19 11:13:01,E 106 St & 1 Ave,7456,2 Ave & E 104 St,7436,40.7892529,-73.93956237,40.7892105,-73.94370784,member
2284739,1FE3FA6958BD53E6,classic_bike,2021-07-15 06:27:24,2021-07-15 06:29:45,E 106 St & 1 Ave,7456,2 Ave & E 104 St,7436,40.7892529,-73.93956237,40.7892105,-73.94370784,member
2284742,FB39F1A7D8AD147D,electric_bike,2021-07-04 20:25:17,2021-07-04 20:40:07,E 106 St & 1 Ave,7456,2 Ave & E 104 St,7436,40.7892529,-73.93956237,40.7892105,-73.94370784,casual
2284765,D958FE330FFB5C4A,classic_bike,2021-07-16 17:12:14,2021-07-16 17:24:42,Madison Ave & E 99 St,7443,2 Ave & E 104 St,7436,40.78948541553215,-73.95242929458618,40.7892105,-73.94370784,member
2284768,C57D55519FC5CC08,classic_bike,2021-07-12 17:17:04,2021-07-12 17:23:37,Madison Ave & E 99 St,7443,2 Ave & E 104 St,7436,40.78948541553215,-73.95242929458618,40.7892105,-73.94370784,member
2284781,BA272624ED60B8AA,classic_bike,2021-07-08 19:06:23,2021-07-08 19:12:57,Madison Ave & E 99 St,7443,2 Ave & E 104 St,7436,40.78948541553215,-73.95242929458618,40.7892105,-73.94370784,member
2284782,F05676F372E18665,classic_bike,2021-07-06 18:34:51,2021-07-06 18:38:38,Madison Ave & E 99 St,7443,2 Ave & E 104 St,7436,40.78948541553215,-73.95242929458618,40.7892105,-73.94370784,member
2284786,85251E12BC4CAFB9,electric_bike,2021-07-12 08:39:02,2021-07-12 08:46:24,E 118 St & Park Ave,7625,2 Ave & E 104 St,7436,40.8005385,-73.9419949,40.7892105,-73.94370784,casual
2284795,7114777C2606C886,electric_bike,2021-07-19 16:49:22,2021-07-19 17:04:02,West End Ave & W 107 St,7650,2 Ave & E 104 St,7436,40.8021174,-73.9681805305,40.7892105,-73.94370784,member
2284841,8ED7AD89F36B6D45,classic_bike,2021-07-14 20:22:32,2021-07-14 20:26:08,E 102 St & Park Ave,7488,2 Ave & E 104 St,7436,40.7904828,-73.95033068,40.7892105,-73.94370784,member
2284847,8AB0E57DB2AE1EA9,classic_bike,2021-07-15 17:58:59,2021-07-15 18:02:54,E 102 St & Park Ave,7488,2 Ave & E 104 St,7436,40.7904828,-73.95033068,40.7892105,-73.94370784,member
2284948,242CDB16047C7E66,classic_bike,2021-07-28 18:27:25,2021-07-28 18:32:29,E 110 St & Madison Ave,7587,2 Ave & E 104 St,7436,40.7961535,-73.94782145,40.7892105,-73.94370784,member
2284964,049876927F915DCF,classic_bike,2021-07-23 15:54:16,2021-07-23 16:02:35,E 110 St & Madison Ave,7587,2 Ave & E 104 St,7436,40.7961535,-73.94782145,40.7892105,-73.94370784,casual
2284974,35DB351D2788E1AE,classic_bike,2021-07-22 17:53:43,2021-07-22 18:03:54,E 110 St & Madison Ave,7587,2 Ave & E 104 St,7436,40.7961535,-73.94782145,40.7892105,-73.94370784,member
2284986,A77CAC9ADFE82774,classic_bike,2021-07-25 20:34:28,2021-07-25 20:41:13,E 110 St & Madison Ave,7587,2 Ave & E 104 St,7436,40.7961535,-73.94782145,40.7892105,-73.94370784,member
2284992,C0216BB34BC57554,electric_bike,2021-07-29 23:52:53,2021-07-29 23:57:23,E 110 St & Madison Ave,7587,2 Ave & E 104 St,7436,40.7961535,-73.94782145,40.7892105,-73.94370784,member
2284993,AEDF1DB554B89F62,classic_bike,2021-07-19 10:10:39,2021-07-19 10:17:20,E 110 St & Madison Ave,7587,2 Ave & E 104 St,7436,40.7961535,-73.94782145,40.7892105,-73.94370784,casual
2285003,BF7015CF0EACBCEF,classic_bike,2021-07-20 17:31:43,2021-07-20 17:38:37,E 110 St & Madison Ave,7587,2 Ave & E 104 St,7436,40.7961535,-73.94782145,40.7892105,-73.94370784,member
2285011,2704CE0027780817,classic_bike,2021-07-17 18:16:56,2021-07-17 18:23:32,E 110 St & Madison Ave,7587,2 Ave & E 104 St,7436,40.7961535,-73.94782145,40.7892105,-73.94370784,member
2285012,F1B85566888FD35A,classic_bike,2021-07-24 16:36:51,2021-07-24 16:42:43,E 110 St & Madison Ave,7587,2 Ave & E 104 St,7436,40.7961535,-73.94782145,40.7892105,-73.94370784,member
2285046,5415C048B65319A6,classic_bike,2021-07-25 17:22:26,2021-07-25 17:29:44,E 110 St & Madison Ave,7587,2 Ave & E 104 St,7436,40.7961535,-73.94782145,40.7892105,-73.94370784,member
2285123,45B576DF6E36AE99,classic_bike,2021-07-18 17:26:53,2021-07-18 17:32:26,E 110 St & Madison Ave,7587,2 Ave & E 104 St,7436,40.7961535,-73.94782145,40.7892105,-73.94370784,member
2285145,417131C5AF251507,electric_bike,2021-07-27 20:45:56,2021-07-27 20:56:39,E 133 St & Cypress Pl,7642,2 Ave & E 104 St,7436,40.80262,-73.9174,40.7892105,-73.94370784,member
2285192,FB594BE21F63F819,classic_bike,2021-07-22 15:20:39,2021-07-22 15:23:59,E 109 St & 3 Ave,7504,2 Ave & E 104 St,7436,40.79329668,-73.9432083,40.7892105,-73.94370784,casual
2285264,6843EF956B033EC6,classic_bike,2021-07-27 17:32:48,2021-07-27 18:20:22,E 109 St & 3 Ave,7504,2 Ave & E 104 St,7436,40.79329668,-73.9432083,40.7892105,-73.94370784,casual
2285344,708CF776D6244A0D,classic_bike,2021-07-15 19:48:38,2021-07-15 20:08:35,1 Ave & E 44 St,6379,2 Ave & E 104 St,7436,40.75001986,-73.96905301,40.7892105,-73.94370784,member
2285368,9459B4ADA0B1A616,electric_bike,2021-07-26 03:06:32,2021-07-26 03:13:21,E 109 St & 3 Ave,7504,2 Ave & E 104 St,7436,40.79329668,-73.9432083,40.7892105,-73.94370784,casual
2285396,7E91ABB5DF9D406C,classic_bike,2021-07-16 06:32:18,2021-07-16 06:34:25,E 103 St & Lexington Ave,7463,2 Ave & E 104 St,7436,40.7903051,-73.94755757,40.7892105,-73.94370784,member
2285402,A7D07FB43158AB65,classic_bike,2021-07-12 20:46:20,2021-07-12 20:48:33,E 103 St & Lexington Ave,7463,2 Ave & E 104 St,7436,40.7903051,-73.94755757,40.7892105,-73.94370784,member
2285408,E7485741803273FC,classic_bike,2021-07-17 13:02:53,2021-07-17 13:11:10,E 115 St & Lexington Ave,7599,2 Ave & E 104 St,7436,40.797911,-73.9423,40.7892105,-73.94370784,member
2285415,16FB8FF1623C57B2,classic_bike,2021-07-15 16:55:26,2021-07-15 16:58:28,E 103 St & Lexington Ave,7463,2 Ave & E 104 St,7436,40.7903051,-73.94755757,40.7892105,-73.94370784,member
2285416,4FE034517A09B4EB,classic_bike,2021-07-13 16:46:13,2021-07-13 16:49:37,E 103 St & Lexington Ave,7463,2 Ave & E 104 St,7436,40.7903051,-73.94755757,40.7892105,-73.94370784,member
2285419,F54FCBE378C4D0AA,classic_bike,2021-07-17 17:29:47,2021-07-17 17:46:34,5 Ave & W 131 St,7735,2 Ave & E 104 St,7436,40.81014,-73.93973,40.7892105,-73.94370784,member
2285420,DEA47AA75E3852CF,classic_bike,2021-07-13 18:34:32,2021-07-13 18:36:52,E 103 St & Lexington Ave,7463,2 Ave & E 104 St,7436,40.7903051,-73.94755757,40.7892105,-73.94370784,member
2285425,18B6E3812E68B0FB,classic_bike,2021-07-03 20:55:34,2021-07-03 20:59:06,E 97 St & 3 Ave,7365,2 Ave & E 104 St,7436,40.7859201,-73.94860294,40.7892105,-73.94370784,member
2285427,A910BFDAC202D54F,classic_bike,2021-07-03 16:24:35,2021-07-03 16:32:00,E 115 St & Lexington Ave,7599,2 Ave & E 104 St,7436,40.797911,-73.9423,40.7892105,-73.94370784,member
2285428,23223B85E1C4FB25,electric_bike,2021-07-20 01:21:30,2021-07-20 01:26:01,E 115 St & Lexington Ave,7599,2 Ave & E 104 St,7436,40.797911,-73.9423,40.7892105,-73.94370784,member
2285430,7793CC6624AAEA6D,classic_bike,2021-07-31 22:31:22,2021-07-31 22:42:45,Park Ave & E 124 St,7682,2 Ave & E 104 St,7436,40.8045555,-73.9396861,40.7892105,-73.94370784,member
2285433,C4D79B7026B60463,classic_bike,2021-07-30 11:44:23,2021-07-30 12:06:09,E 115 St & Lexington Ave,7599,2 Ave & E 104 St,7436,40.797911,-73.9423,40.7892105,-73.94370784,member
2285434,0C3038BE63352415,classic_bike,2021-07-04 16:42:19,2021-07-04 16:48:14,E 115 St & Lexington Ave,7599,2 Ave & E 104 St,7436,40.797911,-73.9423,40.7892105,-73.94370784,member
2285469,79DF497042798A39,classic_bike,2021-07-20 23:10:52,2021-07-20 23:56:51,E 114 St & 1 Ave,7540,2 Ave & E 104 St,7436,40.7945663,-73.9362541,40.7892105,-73.94370784,member
2285471,FEC6E84EE91E2856,classic_bike,2021-07-24 00:43:17,2021-07-24 01:05:59,6 Ave & W 45 St,6593,2 Ave & E 104 St,7436,40.756951,-73.982631,40.7892105,-73.94370784,member
2285483,C1414696CDEDEC6B,electric_bike,2021-07-16 04:26:36,2021-07-16 04:31:07,E 114 St & 1 Ave,7540,2 Ave & E 104 St,7436,40.7945663,-73.9362541,40.7892105,-73.94370784,member
2285519,72415953B14BB932,classic_bike,2021-07-10 19:01:16,2021-07-10 19:20:53,E 48 St & 3 Ave,6541,2 Ave & E 104 St,7436,40.7546011026,-73.971878855,40.7892105,-73.94370784,casual
2285526,6C6718FA5AC33196,classic_bike,2021-07-02 13:06:51,2021-07-02 13:12:19,2 Ave & E 122 St,7622,2 Ave & E 104 St,7436,40.8006721,-73.9349,40.7892105,-73.94370784,member
2285535,E768A1462DA12762,classic_bike,2021-07-27 20:24:07,2021-07-27 20:26:36,E 97 St & 3 Ave,7365,2 Ave & E 104 St,7436,40.7859201,-73.94860294,40.7892105,-73.94370784,member
2285536,B82827373506BA29,classic_bike,2021-07-13 18:25:31,2021-07-13 18:33:39,E 118 St & Madison Ave,7640,2 Ave & E 104 St,7436,40.8014866,-73.9442507,40.7892105,-73.94370784,member
2285537,6ADFAB2EC2F68BC5,classic_bike,2021-07-30 20:43:46,2021-07-30 21:11:14,Park Ave & E 124 St,7682,2 Ave & E 104 St,7436,40.8045555,-73.9396861,40.7892105,-73.94370784,member
2285538,99D93BEEF1FEE9E0,electric_bike,2021-07-05 17:31:31,2021-07-05 18:00:44,W 87 St & Amsterdam Ave,7458,2 Ave & E 104 St,7436,40.78839,-73.9747,40.7892105,-73.94370784,casual
2285541,6A02BA3285155C70,electric_bike,2021-07-30 21:48:29,2021-07-30 21:59:28,Park Ave & E 124 St,7682,2 Ave & E 104 St,7436,40.8045555,-73.9396861,40.7892105,-73.94370784,member
2285543,9861FE8C9F4FF35A,classic_bike,2021-07-16 07:56:26,2021-07-16 07:59:13,E 97 St & 3 Ave,7365,2 Ave & E 104 St,7436,40.7859201,-73.94860294,40.7892105,-73.94370784,member
2285544,68F41B7A98CF6D9A,classic_bike,2021-07-28 18:58:25,2021-07-28 19:00:37,3 Ave & E 100 St,7414,2 Ave & E 104 St,7436,40.7877214,-73.94728331,40.7892105,-73.94370784,member
2285546,17A3C2CE5B427D32,classic_bike,2021-07-20 18:42:51,2021-07-20 18:53:32,Park Ave & E 124 St,7682,2 Ave & E 104 St,7436,40.8045555,-73.9396861,40.7892105,-73.94370784,casual
2285547,761A298AE204D42C,classic_bike,2021-07-09 16:12:16,2021-07-09 16:15:25,3 Ave & E 100 St,7414,2 Ave & E 104 St,7436,40.7877214,-73.94728331,40.7892105,-73.94370784,casual
2285552,726EBA5CEFAC88BC,classic_bike,2021-07-18 15:44:22,2021-07-18 15:46:40,3 Ave & E 100 St,7414,2 Ave & E 104 St,7436,40.7877214,-73.94728331,40.7892105,-73.94370784,member
2285553,7ACE0D2DB8F1EC91,classic_bike,2021-07-24 01:15:54,2021-07-24 01:21:59,E 115 St & Lexington Ave,7599,2 Ave & E 104 St,7436,40.797911,-73.9423,40.7892105,-73.94370784,member
2285554,85EAF63ABB0B93F4,electric_bike,2021-07-12 18:46:17,2021-07-12 18:51:35,E 115 St & Lexington Ave,7599,2 Ave & E 104 St,7436,40.797911,-73.9423,40.7892105,-73.94370784,member
2285555,5433410B45C1B125,electric_bike,2021-07-11 18:08:42,2021-07-11 18:11:45,E 97 St & 3 Ave,7365,2 Ave & E 104 St,7436,40.7859201,-73.94860294,40.7892105,-73.94370784,member
2285556,E9A36BAC20974671,classic_bike,2021-07-15 08:56:53,2021-07-15 08:59:47,3 Ave & E 100 St,7414,2 Ave & E 104 St,7436,40.7877214,-73.94728331,40.7892105,-73.94370784,member
2285557,289708F154DA45E0,electric_bike,2021-07-16 14:15:05,2021-07-16 14:24:54,Park Ave & E 124 St,7682,2 Ave & E 104 St,7436,40.8045555,-73.9396861,40.7892105,-73.94370784,member
2285558,1D41AFF230529407,electric_bike,2021-07-13 14:18:51,2021-07-13 14:29:36,Park Ave & E 124 St,7682,2 Ave & E 104 St,7436,40.8045555,-73.9396861,40.7892105,-73.94370784,member
2285559,394FD14D27F6BFF4,classic_bike,2021-07-30 19:16:50,2021-07-30 19:59:37,St. Nicholas Ave & W 155 St,8085,2 Ave & E 104 St,7436,40.830663,-73.941323,40.7892105,-73.94370784,member
2285561,8DB2E2A495F54DAA,classic_bike,2021-07-10 21:04:44,2021-07-10 21:12:10,E 115 St & Lexington Ave,7599,2 Ave & E 104 St,7436,40.797911,-73.9423,40.7892105,-73.94370784,member
2285562,A5BE6102CFC4D0CD,electric_bike,2021-07-26 18:15:29,2021-07-26 18:20:16,E 115 St & Lexington Ave,7599,2 Ave & E 104 St,7436,40.797911,-73.9423,40.7892105,-73.94370784,member
2285566,8E1D6CF3269CE1A3,classic_bike,2021-07-31 22:32:01,2021-07-31 22:42:41,Park Ave & E 124 St,7682,2 Ave & E 104 St,7436,40.8045555,-73.9396861,40.7892105,-73.94370784,member
2285567,397AE0DE00204FA9,classic_bike,2021-07-06 11:28:01,2021-07-06 11:41:21,Park Ave & E 124 St,7682,2 Ave & E 104 St,7436,40.8045555,-73.9396861,40.7892105,-73.94370784,member
2285568,98126A51188F837E,classic_bike,2021-07-12 18:44:19,2021-07-12 18:47:25,E 97 St & 3 Ave,7365,2 Ave & E 104 St,7436,40.7859201,-73.94860294,40.7892105,-73.94370784,member
2285569,6EDDCA03665AAEA3,docked_bike,2021-07-13 10:29:17,2021-07-13 11:07:41,3 Ave & E 100 St,7414,2 Ave & E 104 St,7436,40.787721,-73.947283,40.789211,-73.943708,casual
2285591,0689E3B15A079746,classic_bike,2021-07-19 16:28:38,2021-07-19 16:38:45,E 115 St & Lexington Ave,7599,2 Ave & E 104 St,7436,40.797911,-73.9423,40.7892105,-73.94370784,member
2285592,8F275F4DB584E04A,classic_bike,2021-07-20 19:14:59,2021-07-20 19:39:55,3 Ave & E 100 St,7414,2 Ave & E 104 St,7436,40.7877214,-73.94728331,40.7892105,-73.94370784,member
2285595,D117921C11A89E84,classic_bike,2021-07-05 20:46:14,2021-07-05 20:55:49,E 115 St & Lexington Ave,7599,2 Ave & E 104 St,7436,40.797911,-73.9423,40.7892105,-73.94370784,casual
2285596,6992E8592A607E5F,classic_bike,2021-07-24 17:34:31,2021-07-24 17:50:44,Park Ave & E 124 St,7682,2 Ave & E 104 St,7436,40.8045555,-73.9396861,40.7892105,-73.94370784,casual
2285597,D4F8D8A50A99A471,electric_bike,2021-07-08 13:06:55,2021-07-08 13:19:28,3 Ave & E 100 St,7414,2 Ave & E 104 St,7436,40.7877214,-73.94728331,40.7892105,-73.94370784,casual
2285598,6B22517F8ACF2B5C,electric_bike,2021-07-20 14:08:04,2021-07-20 14:15:52,Park Ave & E 124 St,7682,2 Ave & E 104 St,7436,40.8045555,-73.9396861,40.7892105,-73.94370784,member
2285599,A588B0FD9E51D2D4,classic_bike,2021-07-27 15:08:19,2021-07-27 15:15:35,3 Ave & E 100 St,7414,2 Ave & E 104 St,7436,40.7877214,-73.94728331,40.7892105,-73.94370784,member
2285600,552237FEE06EEF2C,electric_bike,2021-07-14 16:57:15,2021-07-14 17:02:09,E 115 St & Lexington Ave,7599,2 Ave & E 104 St,7436,40.797911,-73.9423,40.7892105,-73.94370784,casual
2285602,62CE4E301E4A692B,electric_bike,2021-07-20 16:06:07,2021-07-20 16:17:58,Park Ave & E 124 St,7682,2 Ave & E 104 St,7436,40.8045555,-73.9396861,40.7892105,-73.94370784,casual
2285605,E9E73BCEA1DD6552,classic_bike,2021-07-24 15:36:53,2021-07-24 15:42:09,E 115 St & Lexington Ave,7599,2 Ave & E 104 St,7436,40.797911,-73.9423,40.7892105,-73.94370784,member
2285606,34E22F3A1FB2EA28,classic_bike,2021-07-30 00:38:39,2021-07-30 00:41:35,E 97 St & 3 Ave,7365,2 Ave & E 104 St,7436,40.7859201,-73.94860294,40.7892105,-73.94370784,member
2285608,05412A510382C229,classic_bike,2021-07-26 18:18:05,2021-07-26 18:24:35,E 97 St & 3 Ave,7365,2 Ave & E 104 St,7436,40.7859201,-73.94860294,40.7892105,-73.94370784,member
2285609,9E4A681996C1B22C,classic_bike,2021-07-28 18:35:42,2021-07-28 18:37:31,3 Ave & E 100 St,7414,2 Ave & E 104 St,7436,40.7877214,-73.94728331,40.7892105,-73.94370784,member
2285752,4A36C7A76801EEBD,classic_bike,2021-07-02 13:07:43,2021-07-02 13:14:27,E 118 St & 1 Ave,7596,2 Ave & E 104 St,7436,40.79747,-73.93504,40.7892105,-73.94370784,member
2285759,D33596A0948874C5,classic_bike,2021-07-25 17:01:15,2021-07-25 17:09:53,E 118 St & 1 Ave,7596,2 Ave & E 104 St,7436,40.79747,-73.93504,40.7892105,-73.94370784,casual
2285814,5E9BC431224896BD,electric_bike,2021-07-27 13:39:56,2021-07-27 13:53:45,2 Ave & E 125 St,7648,2 Ave & E 104 St,7436,40.802554,-73.933509,40.7892105,-73.94370784,casual
2285816,B9FE2A4812665FB0,classic_bike,2021-07-07 18:09:02,2021-07-07 18:17:21,2 Ave & E 125 St,7648,2 Ave & E 104 St,7436,40.802554,-73.933509,40.7892105,-73.94370784,casual
2285889,4E50FE8B42427E73,classic_bike,2021-07-29 16:20:00,2021-07-29 16:22:59,Madison Ave & E 99 St,7443,2 Ave & E 104 St,7436,40.78948541553215,-73.95242929458618,40.7892105,-73.94370784,member
2285899,3269686F26045627,electric_bike,2021-07-24 16:33:42,2021-07-24 16:57:46,Sunken Meadow Comfort Station,7571,2 Ave & E 104 St,7436,40.79558,-73.91906,40.7892105,-73.94370784,casual
2285927,FE97D535DDC882DB,classic_bike,2021-07-28 18:20:24,2021-07-28 18:27:36,E 118 St & 3 Ave,7611,2 Ave & E 104 St,7436,40.799139,-73.9389152,40.7892105,-73.94370784,member
2285928,70F3C4CE60A8289A,classic_bike,2021-07-11 17:27:39,2021-07-11 17:34:09,E 118 St & 3 Ave,7611,2 Ave & E 104 St,7436,40.799139,-73.9389152,40.7892105,-73.94370784,member
2285961,94B3DB89011737F7,classic_bike,2021-07-10 21:53:43,2021-07-10 22:01:29,E 118 St & 3 Ave,7611,2 Ave & E 104 St,7436,40.799139,-73.9389152,40.7892105,-73.94370784,casual
2285978,C5DD929DF7F41902,electric_bike,2021-07-11 07:34:03,2021-07-11 08:00:28,Westchester Ave & Longwood Ave,7909,2 Ave & E 104 St,7436,40.819701,-73.901311,40.7892105,-73.94370784,casual
2285979,68FE5875D5D0BC76,electric_bike,2021-07-16 12:11:04,2021-07-16 12:32:16,Columbus Ave & W 95 St,7520,2 Ave & E 104 St,7436,40.7919557,-73.968087,40.7892105,-73.94370784,casual
2285996,4E2048CDC08684AB,classic_bike,2021-07-26 10:03:07,2021-07-26 10:33:17,Lexington Ave & E 127 St,7662,2 Ave & E 104 St,7436,40.805726,-73.936322,40.7892105,-73.94370784,member
2286097,093CB9F5472C926A,electric_bike,2021-07-21 20:39:24,2021-07-21 20:47:40,Wards Meadow Comfort Station,7327,2 Ave & E 104 St,7436,40.78294,-73.93077,40.7892105,-73.94370784,casual
2286098,8E900F2310A945EA,electric_bike,2021-07-22 22:45:47,2021-07-22 22:51:56,Wards Meadow Comfort Station,7327,2 Ave & E 104 St,7436,40.78294,-73.93077,40.7892105,-73.94370784,casual
2286102,3FF664D1B167C4DB,electric_bike,2021-07-13 08:09:24,2021-07-13 08:20:26,E 128 St & Madison Ave,7735,2 Ave & E 104 St,7436,40.80756,-73.939182,40.7892105,-73.94370784,member
2286116,C9AACA7CF49957B1,classic_bike,2021-07-27 20:36:09,2021-07-27 20:49:25,Wards Meadow Comfort Station,7327,2 Ave & E 104 St,7436,40.78294,-73.93077,40.7892105,-73.94370784,member
2286121,00F26E982A60078C,classic_bike,2021-07-24 17:52:09,2021-07-24 18:14:51,Wards Meadow Comfort Station,7327,2 Ave & E 104 St,7436,40.78294,-73.93077,40.7892105,-73.94370784,casual
2286169,2170B90C57D4757A,classic_bike,2021-07-27 09:29:36,2021-07-27 10:24:42,Central Park S & 6 Ave,6876,2 Ave & E 104 St,7436,40.76590936,-73.97634151,40.7892105,-73.94370784,member
2286170,465C7E691F9D0C80,classic_bike,2021-07-30 08:37:08,2021-07-30 08:58:40,Central Park S & 6 Ave,6876,2 Ave & E 104 St,7436,40.76590936,-73.97634151,40.7892105,-73.94370784,member
2286173,693D6C87E3EB97B0,classic_bike,2021-07-28 09:12:28,2021-07-28 09:43:00,Central Park S & 6 Ave,6876,2 Ave & E 104 St,7436,40.76590936,-73.97634151,40.7892105,-73.94370784,member
2286264,809F303C02259A00,electric_bike,2021-07-28 12:26:01,2021-07-28 12:49:43,E 171 St & Webster Ave,8190,2 Ave & E 104 St,7436,40.838379,-73.905838,40.7892105,-73.94370784,member
2286278,84D997E919BA2934,classic_bike,2021-07-15 13:42:51,2021-07-15 13:46:27,E 109 St & 3 Ave,7504,2 Ave & E 104 St,7436,40.79329668,-73.9432083,40.7892105,-73.94370784,member
2286280,41060E0C2A97483E,classic_bike,2021-07-10 10:17:46,2021-07-10 10:21:08,E 109 St & 3 Ave,7504,2 Ave & E 104 St,7436,40.79329668,-73.9432083,40.7892105,-73.94370784,member
2286281,81AECFB294C7F386,classic_bike,2021-07-10 10:24:41,2021-07-10 10:27:21,E 109 St & 3 Ave,7504,2 Ave & E 104 St,7436,40.79329668,-73.9432083,40.7892105,-73.94370784,member
2286282,26E5B997EC91A2CC,classic_bike,2021-07-10 10:10:11,2021-07-10 10:12:52,E 109 St & 3 Ave,7504,2 Ave & E 104 St,7436,40.79329668,-73.9432083,40.7892105,-73.94370784,member
2286283,B694899E260E6066,classic_bike,2021-07-10 10:32:01,2021-07-10 10:34:46,E 109 St & 3 Ave,7504,2 Ave & E 104 St,7436,40.79329668,-73.9432083,40.7892105,-73.94370784,member
2286284,3CA3298DB7431DC1,classic_bike,2021-07-18 20:19:21,2021-07-18 20:26:46,E 109 St & 3 Ave,7504,2 Ave & E 104 St,7436,40.79329668,-73.9432083,40.7892105,-73.94370784,casual
2286287,9A38ECDA19F88DE1,electric_bike,2021-07-03 01:20:05,2021-07-03 01:24:07,E 115 St & Lexington Ave,7599,2 Ave & E 104 St,7436,40.797911,-73.9423,40.7892105,-73.94370784,member
2286493,CF7A58A445E44934,classic_bike,2021-07-07 10:20:36,2021-07-07 10:28:08,E 114 St & 1 Ave,7540,2 Ave & E 104 St,7436,40.7945663,-73.9362541,40.7892105,-73.94370784,member
2286495,2EF3C7362B5E8755,classic_bike,2021-07-09 21:29:24,2021-07-09 21:37:24,2 Ave & E 122 St,7622,2 Ave & E 104 St,7436,40.8006721,-73.9349,40.7892105,-73.94370784,member
2286496,0507D1416C64D0FC,classic_bike,2021-07-25 20:06:48,2021-07-25 20:43:07,1 Ave & E 6 St,5626,2 Ave & E 104 St,7436,40.72633085971696,-73.98616880178452,40.7892105,-73.94370784,member
2286499,37528937277DCD4B,classic_bike,2021-07-14 14:03:50,2021-07-14 14:29:38,6 Ave & W 45 St,6593,2 Ave & E 104 St,7436,40.756951,-73.982631,40.7892105,-73.94370784,member
2286504,0993A53BE5619537,classic_bike,2021-07-07 18:20:24,2021-07-07 18:28:09,E 114 St & 1 Ave,7540,2 Ave & E 104 St,7436,40.7945663,-73.9362541,40.7892105,-73.94370784,member
2286505,F36F9673C6669776,classic_bike,2021-07-08 18:16:22,2021-07-08 18:24:55,E 114 St & 1 Ave,7540,2 Ave & E 104 St,7436,40.7945663,-73.9362541,40.7892105,-73.94370784,member
2286506,8C1F7A1AFA80EE0E,classic_bike,2021-07-23 01:06:51,2021-07-23 01:16:23,E 81 St & 2 Ave,7121,2 Ave & E 104 St,7436,40.77477944895728,-73.95427465438843,40.7892105,-73.94370784,member
2286548,1B19FF37CB0839C2,classic_bike,2021-07-31 02:08:55,2021-07-31 02:19:50,E 114 St & 1 Ave,7540,2 Ave & E 104 St,7436,40.7945663,-73.9362541,40.7892105,-73.94370784,member
2286572,EA4D3D1DF773FA33,electric_bike,2021-07-29 23:30:55,2021-07-29 23:37:17,E 114 St & 1 Ave,7540,2 Ave & E 104 St,7436,40.7945663,-73.9362541,40.7892105,-73.94370784,member
2286573,C9003CCB5266518A,electric_bike,2021-07-04 23:42:58,2021-07-04 23:49:09,E 114 St & 1 Ave,7540,2 Ave & E 104 St,7436,40.7945663,-73.9362541,40.7892105,-73.94370784,member
2286576,E55A120B0A7F9DE6,classic_bike,2021-07-23 11:15:35,2021-07-23 11:23:16,2 Ave & E 122 St,7622,2 Ave & E 104 St,7436,40.8006721,-73.9349,40.7892105,-73.94370784,member
2286589,37278C4D8D761EE6,electric_bike,2021-07-21 17:15:02,2021-07-21 17:20:13,E 114 St & 1 Ave,7540,2 Ave & E 104 St,7436,40.7945663,-73.9362541,40.7892105,-73.94370784,casual
2286608,2EFD35EF9B835F93,classic_bike,2021-07-28 11:14:10,2021-07-28 11:21:26,2 Ave & E 122 St,7622,2 Ave & E 104 St,7436,40.8006721,-73.9349,40.7892105,-73.94370784,member
2286609,9B1E3C94E99F6EA9,classic_bike,2021-07-27 11:15:36,2021-07-27 11:23:10,2 Ave & E 122 St,7622,2 Ave & E 104 St,7436,40.8006721,-73.9349,40.7892105,-73.94370784,member
2286611,0C5837466D6EE462,electric_bike,2021-07-15 11:12:22,2021-07-15 11:16:26,2 Ave & E 122 St,7622,2 Ave & E 104 St,7436,40.8006721,-73.9349,40.7892105,-73.94370784,member
2286612,BC2218D6E356DC3F,classic_bike,2021-07-26 11:14:44,2021-07-26 11:21:52,2 Ave & E 122 St,7622,2 Ave & E 104 St,7436,40.8006721,-73.9349,40.7892105,-73.94370784,member
2286614,D2F9973C9D053407,classic_bike,2021-07-05 09:33:14,2021-07-05 09:39:45,E 114 St & 1 Ave,7540,2 Ave & E 104 St,7436,40.7945663,-73.9362541,40.7892105,-73.94370784,member
2286615,57C77E9A7BAE5175,classic_bike,2021-07-17 18:13:07,2021-07-17 18:18:08,E 114 St & 1 Ave,7540,2 Ave & E 104 St,7436,40.7945663,-73.9362541,40.7892105,-73.94370784,member
2286624,86A8844B7A1BAD8C,classic_bike,2021-07-17 00:52:43,2021-07-17 00:59:05,2 Ave & E 122 St,7622,2 Ave & E 104 St,7436,40.8006721,-73.9349,40.7892105,-73.94370784,casual
2286626,AE0C83DF9D0CBAB3,classic_bike,2021-07-01 18:29:00,2021-07-01 18:38:40,E 114 St & 1 Ave,7540,2 Ave & E 104 St,7436,40.7945663,-73.9362541,40.7892105,-73.94370784,member
2286627,E61399C4B5028494,electric_bike,2021-07-22 08:40:58,2021-07-22 08:45:45,2 Ave & E 122 St,7622,2 Ave & E 104 St,7436,40.8006721,-73.9349,40.7892105,-73.94370784,member
2286629,F0AA7E6C54B3483D,classic_bike,2021-07-14 18:25:06,2021-07-14 18:32:36,E 114 St & 1 Ave,7540,2 Ave & E 104 St,7436,40.7945663,-73.9362541,40.7892105,-73.94370784,member
2286639,C50F30216B1D36B9,classic_bike,2021-07-22 06:02:55,2021-07-22 06:28:47,9 Ave & W 45 St,6717,2 Ave & E 104 St,7436,40.76019252,-73.9912551,40.7892105,-73.94370784,member
2286640,D752A7128068FA8D,classic_bike,2021-07-20 06:41:10,2021-07-20 07:06:20,9 Ave & W 45 St,6717,2 Ave & E 104 St,7436,40.76019252,-73.9912551,40.7892105,-73.94370784,member
2286651,1A2FDB632D491558,classic_bike,2021-07-15 16:11:25,2021-07-15 16:25:51,E 103 St & Lexington Ave,7463,2 Ave & E 104 St,7436,40.7903051,-73.94755757,40.7892105,-73.94370784,member
2286655,43A79C09E700D40D,classic_bike,2021-07-13 10:29:33,2021-07-13 10:32:24,E 103 St & Lexington Ave,7463,2 Ave & E 104 St,7436,40.7903051,-73.94755757,40.7892105,-73.94370784,member
2286659,3E52589A55C380B0,classic_bike,2021-07-16 08:03:32,2021-07-16 08:30:48,E 103 St & Lexington Ave,7463,2 Ave & E 104 St,7436,40.7903051,-73.94755757,40.7892105,-73.94370784,member
2286669,5C00F9736A161FFA,electric_bike,2021-07-02 15:14:25,2021-07-02 15:17:15,E 103 St & Lexington Ave,7463,2 Ave & E 104 St,7436,40.7903051,-73.94755757,40.7892105,-73.94370784,casual
2286671,E75CDDF4B1298563,electric_bike,2021-07-29 19:41:38,2021-07-29 19:48:40,E 91 St & 2 Ave,7286,2 Ave & E 104 St,7436,40.78115276427916,-73.94963040947914,40.7892105,-73.94370784,casual
2286718,913708D11DEE1E1D,classic_bike,2021-07-27 08:22:47,2021-07-27 08:39:53,2 Ave & E 72 St,6925,2 Ave & E 104 St,7436,40.7687620293096,-73.95840793848038,40.7892105,-73.94370784,casual
2286728,BB6ABEB98249BD4E,classic_bike,2021-07-13 22:03:48,2021-07-13 22:05:46,E 103 St & Lexington Ave,7463,2 Ave & E 104 St,7436,40.7903051,-73.94755757,40.7892105,-73.94370784,member
2286733,832E92CF4D75B1DF,classic_bike,2021-07-14 11:59:40,2021-07-14 12:06:52,E 91 St & 2 Ave,7286,2 Ave & E 104 St,7436,40.78115276427916,-73.94963040947914,40.7892105,-73.94370784,member
2286738,C34E7DC41F15138D,classic_bike,2021-07-12 22:57:03,2021-07-12 22:59:10,E 103 St & Lexington Ave,7463,2 Ave & E 104 St,7436,40.7903051,-73.94755757,40.7892105,-73.94370784,member
2286741,693107105436BCB5,classic_bike,2021-07-02 14:03:02,2021-07-02 14:11:48,E 103 St & Lexington Ave,7463,2 Ave & E 104 St,7436,40.7903051,-73.94755757,40.7892105,-73.94370784,member
2286743,C8384DFAADD00CE0,classic_bike,2021-07-17 17:51:53,2021-07-17 17:57:03,E 91 St & 2 Ave,7286,2 Ave & E 104 St,7436,40.78115276427916,-73.94963040947914,40.7892105,-73.94370784,member
2286750,F00D4743B00C1D50,classic_bike,2021-07-12 11:43:20,2021-07-12 11:46:10,E 103 St & Lexington Ave,7463,2 Ave & E 104 St,7436,40.7903051,-73.94755757,40.7892105,-73.94370784,member
2286751,3D105EDCD0AB54A3,classic_bike,2021-07-07 22:01:46,2021-07-07 22:15:40,E 103 St & Lexington Ave,7463,2 Ave & E 104 St,7436,40.7903051,-73.94755757,40.7892105,-73.94370784,member
2286752,AC13E89C97AF1ED1,classic_bike,2021-07-14 22:16:08,2021-07-14 22:22:26,E 103 St & Lexington Ave,7463,2 Ave & E 104 St,7436,40.7903051,-73.94755757,40.7892105,-73.94370784,member
2286755,7816DE38070130EB,classic_bike,2021-07-31 14:31:06,2021-07-31 15:39:56,Columbus Ave & W 103 St,7595,2 Ave & E 104 St,7436,40.7969347,-73.9643412291,40.7892105,-73.94370784,member
2286758,A89F7CF34A0427CB,classic_bike,2021-07-27 02:18:07,2021-07-27 03:05:30,E 138 St & Grand Concourse,7803,2 Ave & E 104 St,7436,40.813224,-73.930605,40.7892105,-73.94370784,member
2286806,96B07783D72A1AB6,electric_bike,2021-07-30 17:09:55,2021-07-30 17:17:06,E 118 St & Park Ave,7625,2 Ave & E 104 St,7436,40.8005385,-73.9419949,40.7892105,-73.94370784,casual
2286865,0F13076124BB59F8,classic_bike,2021-07-27 17:04:47,2021-07-27 17:50:39,E 118 St & 1 Ave,7596,2 Ave & E 104 St,7436,40.79747,-73.93504,40.7892105,-73.94370784,member
2286868,0696E6D224CC1B48,classic_bike,2021-07-27 20:23:14,2021-07-27 20:29:55,E 118 St & 1 Ave,7596,2 Ave & E 104 St,7436,40.79747,-73.93504,40.7892105,-73.94370784,member
2286925,A12719FAE29E4A06,electric_bike,2021-07-26 14:31:00,2021-07-26 14:49:30,E 58 St & 3 Ave,6762,2 Ave & E 104 St,7436,40.76095756,-73.96724467,40.7892105,-73.94370784,member
2286963,36CACB161169FDE1,electric_bike,2021-07-20 15:45:02,2021-07-20 16:21:40,Wadsworth Ave & W 175 St,8299,2 Ave & E 104 St,7436,40.846052,-73.937648,40.7892105,-73.94370784,member
2286997,9867B967D9AB649D,electric_bike,2021-07-30 23:09:02,2021-07-30 23:21:49,E 54 St & 1 Ave,6608,2 Ave & E 104 St,7436,40.756265,-73.964179,40.7892105,-73.94370784,casual
2287000,A4CFD1C206D8E6B3,classic_bike,2021-07-30 17:47:28,2021-07-30 18:03:16,E 58 St & 3 Ave,6762,2 Ave & E 104 St,7436,40.76095756,-73.96724467,40.7892105,-73.94370784,member
2287010,7ADD61F2B909CE45,classic_bike,2021-07-11 19:30:19,2021-07-11 19:49:14,E 54 St & 1 Ave,6608,2 Ave & E 104 St,7436,40.756265,-73.964179,40.7892105,-73.94370784,casual
2287032,A63F6D9974688741,classic_bike,2021-07-25 21:31:31,2021-07-25 21:51:23,Willis Ave & E 137 St,7726,2 Ave & E 104 St,7436,40.808384,-73.923604,40.7892105,-73.94370784,casual
2287069,D16329603E94E80F,electric_bike,2021-07-30 17:39:47,2021-07-30 18:10:27,E 10 St & Avenue A,5659,2 Ave & E 104 St,7436,40.72740794,-73.98142006,40.7892105,-73.94370784,member
2287072,6B34A3F21D3D3BFB,classic_bike,2021-07-07 18:01:52,2021-07-07 18:10:04,E 91 St & Park Ave,7344,2 Ave & E 104 St,7436,40.7835016,-73.955327,40.7892105,-73.94370784,member
2287094,7016A7B4BABAE672,classic_bike,2021-07-20 21:12:29,2021-07-20 21:37:59,E 89 St & 3 Ave,7265,2 Ave & E 104 St,7436,40.7806284,-73.9521667,40.7892105,-73.94370784,casual
2287104,005C77F1E159F7DA,classic_bike,2021-07-23 17:07:57,2021-07-23 17:14:39,1 Ave & E 110 St,7522,2 Ave & E 104 St,7436,40.7923272,-73.9383,40.7892105,-73.94370784,casual
2287108,52A13075E1611B47,classic_bike,2021-07-09 18:02:09,2021-07-09 18:07:13,E 89 St & 3 Ave,7265,2 Ave & E 104 St,7436,40.7806284,-73.9521667,40.7892105,-73.94370784,casual
2287112,66574D0901161A04,electric_bike,2021-07-31 16:56:33,2021-07-31 18:49:01,1 Ave & E 110 St,7522,2 Ave & E 104 St,7436,40.7923272,-73.9383,40.7892105,-73.94370784,casual
2287160,008B128787228F4D,electric_bike,2021-07-13 12:24:28,2021-07-13 12:47:32,E 149 St & Jackson Ave,7812,2 Ave & E 104 St,7436,40.813135,-73.909235,40.7892105,-73.94370784,member
2287171,BF8492FA633BB0E7,classic_bike,2021-07-14 18:50:58,2021-07-14 19:24:55,E 15 St & 3 Ave,5863,2 Ave & E 104 St,7436,40.734232,-73.986923,40.7892105,-73.94370784,member
2287186,E0E622C8BC208017,classic_bike,2021-07-14 17:50:33,2021-07-14 17:55:07,E 102 St & Park Ave,7488,2 Ave & E 104 St,7436,40.7904828,-73.95033068,40.7892105,-73.94370784,member
2287187,F01B5F6913209587,electric_bike,2021-07-27 03:06:00,2021-07-27 03:15:28,St Nicholas Ave & Manhattan Ave,7723,2 Ave & E 104 St,7436,40.809725,-73.953149,40.7892105,-73.94370784,member
2287203,DB1A144D4CB93AAC,classic_bike,2021-07-30 18:23:36,2021-07-30 18:28:34,E 102 St & Park Ave,7488,2 Ave & E 104 St,7436,40.7904828,-73.95033068,40.7892105,-73.94370784,member
2287205,A3ED7258980CDBCA,electric_bike,2021-07-12 12:45:57,2021-07-12 13:07:16,E 102 St & Park Ave,7488,2 Ave & E 104 St,7436,40.7904828,-73.95033068,40.7892105,-73.94370784,casual
2287210,A97B0F88E967D96E,electric_bike,2021-07-26 17:31:35,2021-07-26 20:26:05,7 Ave & Central Park South,6912,2 Ave & E 104 St,7436,40.7667405590595,-73.9790689945221,40.7892105,-73.94370784,casual
2287231,C2D8B900668AB63E,classic_bike,2021-07-15 16:38:13,2021-07-15 16:54:52,W 116 St & Broadway,7713,2 Ave & E 104 St,7436,40.8082,-73.9641,40.7892105,-73.94370784,member
2287260,D46C0372B8709D9E,electric_bike,2021-07-01 00:57:45,2021-07-01 01:36:15,Rivington St & Chrystie St,5453,2 Ave & E 104 St,7436,40.72110063,-73.9919254,40.7892105,-73.94370784,casual
2287273,144273C8D9B7F235,classic_bike,2021-07-11 00:44:12,2021-07-11 01:04:15,E 81 St & York Ave,7084,2 Ave & E 104 St,7436,40.7728384,-73.94989233,40.7892105,-73.94370784,member
2287317,4C5D0F3D93BF36E9,electric_bike,2021-07-22 01:43:44,2021-07-22 02:07:50,9 Ave & W 45 St,6717,2 Ave & E 104 St,7436,40.76019252,-73.9912551,40.7892105,-73.94370784,casual
2287319,6B5AE8A42CFC24E3,classic_bike,2021-07-23 06:02:44,2021-07-23 06:27:33,9 Ave & W 45 St,6717,2 Ave & E 104 St,7436,40.76019252,-73.9912551,40.7892105,-73.94370784,member
2287320,D37406B132A5123D,electric_bike,2021-07-01 07:18:40,2021-07-01 07:38:52,9 Ave & W 45 St,6717,2 Ave & E 104 St,7436,40.76019252,-73.9912551,40.7892105,-73.94370784,member
2287333,25CAEEC4A60795A7,electric_bike,2021-07-19 12:03:26,2021-07-19 12:31:05,E 33 St & 5 Ave,6322,2 Ave & E 104 St,7436,40.74765947,-73.98490707,40.7892105,-73.94370784,casual
2287347,9E59271FBA564A9F,classic_bike,2021-07-24 22:19:24,2021-07-24 22:37:28,E 118 St & 3 Ave,7611,2 Ave & E 104 St,7436,40.799139,-73.9389152,40.7892105,-73.94370784,casual
2287359,5AB512E0F7F3F902,classic_bike,2021-07-25 19:19:31,2021-07-25 19:27:09,E 118 St & 3 Ave,7611,2 Ave & E 104 St,7436,40.799139,-73.9389152,40.7892105,-73.94370784,casual
2287424,FFA6C6575D393332,classic_bike,2021-07-06 11:01:20,2021-07-06 11:08:40,E 118 St & 3 Ave,7611,2 Ave & E 104 St,7436,40.799139,-73.9389152,40.7892105,-73.94370784,member
2287445,53B4D10D2B207657,electric_bike,2021-07-11 09:52:06,2021-07-11 09:58:15,E 118 St & 3 Ave,7611,2 Ave & E 104 St,7436,40.799139,-73.9389152,40.7892105,-73.94370784,member
2287447,FA6D6EFB4C652296,classic_bike,2021-07-10 14:28:27,2021-07-10 14:36:39,E 118 St & 3 Ave,7611,2 Ave & E 104 St,7436,40.799139,-73.9389152,40.7892105,-73.94370784,member
2287469,E5ECE1DB2797D57C,classic_bike,2021-07-21 14:30:40,2021-07-21 14:34:10,E 97 St & 3 Ave,7365,2 Ave & E 104 St,7436,40.7859201,-73.94860294,40.7892105,-73.94370784,member
2287470,4724E23B717DF9ED,classic_bike,2021-07-26 01:00:15,2021-07-26 01:15:11,3 Ave & E 100 St,7414,2 Ave & E 104 St,7436,40.7877214,-73.94728331,40.7892105,-73.94370784,member
2287471,DCF48310A6E999C4,classic_bike,2021-07-28 15:56:39,2021-07-28 15:59:48,E 109 St & 3 Ave,7504,2 Ave & E 104 St,7436,40.79329668,-73.9432083,40.7892105,-73.94370784,member
2287477,3BE9E83E738B7316,classic_bike,2021-07-11 14:24:03,2021-07-11 14:28:30,E 109 St & 3 Ave,7504,2 Ave & E 104 St,7436,40.79329668,-73.9432083,40.7892105,-73.94370784,casual
2287507,33970C3FA46F4B70,classic_bike,2021-07-08 09:27:33,2021-07-08 09:44:05,Adam Clayton Powell Blvd & W 115 St,7643,2 Ave & E 104 St,7436,40.802535,-73.9532423,40.7892105,-73.94370784,member
2287515,9EA6B6139831E38B,classic_bike,2021-07-21 16:02:28,2021-07-21 16:07:57,E 109 St & 3 Ave,7504,2 Ave & E 104 St,7436,40.79329668,-73.9432083,40.7892105,-73.94370784,member
2287585,0502BB8E41CB987E,classic_bike,2021-07-27 17:10:28,2021-07-27 17:19:01,Lenox Ave & W 115 St,7627,2 Ave & E 104 St,7436,40.8011939,-73.9500739,40.7892105,-73.94370784,casual
2287589,C011E0BF548119B8,classic_bike,2021-07-11 16:50:54,2021-07-11 16:59:50,Lenox Ave & W 115 St,7627,2 Ave & E 104 St,7436,40.8011939,-73.9500739,40.7892105,-73.94370784,casual
2287594,11FD99B5B28B3D16,electric_bike,2021-07-28 18:25:52,2021-07-28 18:39:19,Lenox Ave & W 115 St,7627,2 Ave & E 104 St,7436,40.8011939,-73.9500739,40.7892105,-73.94370784,member
2287613,B1E4BE0A820DC8EE,electric_bike,2021-07-05 18:49:54,2021-07-05 19:41:09,Lenox Ave & W 115 St,7627,2 Ave & E 104 St,7436,40.8011939,-73.9500739,40.7892105,-73.94370784,casual
2287720,AECD40C34632A92C,electric_bike,2021-07-03 21:10:44,2021-07-03 21:55:05,Lexington Ave & E 26 St,6089,2 Ave & E 104 St,7436,40.741459,-73.983293,40.7892105,-73.94370784,casual
2287869,4409DDC4B7A6CE4A,electric_bike,2021-07-18 21:54:58,2021-07-18 22:04:18,W 110 St & Amsterdam Ave,7646,2 Ave & E 104 St,7436,40.802692,-73.96295,40.7892105,-73.94370784,member
2287981,276AB0FD252C56EB,classic_bike,2021-07-11 17:09:26,2021-07-11 17:24:37,E 63 St & 3 Ave,6830,2 Ave & E 104 St,7436,40.763954,-73.9646,40.7892105,-73.94370784,member
2287992,03CB7BCA52D10D39,electric_bike,2021-07-18 06:42:29,2021-07-18 06:56:37,E 54 St & 1 Ave,6608,2 Ave & E 104 St,7436,40.756265,-73.964179,40.7892105,-73.94370784,member
2288015,5EC73F14E41F5C56,electric_bike,2021-07-06 19:24:18,2021-07-06 19:34:51,E 58 St & 3 Ave,6762,2 Ave & E 104 St,7436,40.76095756,-73.96724467,40.7892105,-73.94370784,member
2288097,253FD9541147B0B8,electric_bike,2021-07-04 18:54:49,2021-07-04 19:06:56,E 58 St & 3 Ave,6762,2 Ave & E 104 St,7436,40.76095756,-73.96724467,40.7892105,-73.94370784,member
2288098,FACA74A5339D9720,classic_bike,2021-07-30 07:55:38,2021-07-30 08:05:17,E 84 St & 1 Ave,7180,2 Ave & E 104 St,7436,40.77565541,-73.95068615,40.7892105,-73.94370784,member
2288103,6A8F10F7223AC01D,classic_bike,2021-07-19 17:54:14,2021-07-19 18:02:52,E 84 St & 1 Ave,7180,2 Ave & E 104 St,7436,40.77565541,-73.95068615,40.7892105,-73.94370784,casual
2288107,4DC5E68D74DEAAEE,classic_bike,2021-07-28 17:47:39,2021-07-28 17:54:56,E 84 St & 1 Ave,7180,2 Ave & E 104 St,7436,40.77565541,-73.95068615,40.7892105,-73.94370784,member
2288127,2FE2AC7E64E378FD,classic_bike,2021-07-13 07:56:45,2021-07-13 08:05:54,E 84 St & 1 Ave,7180,2 Ave & E 104 St,7436,40.77565541,-73.95068615,40.7892105,-73.94370784,member
2288128,2D56B91F817257B5,classic_bike,2021-07-23 07:43:58,2021-07-23 07:52:01,E 84 St & 1 Ave,7180,2 Ave & E 104 St,7436,40.77565541,-73.95068615,40.7892105,-73.94370784,member
2288140,FDB25D83CE9F0318,classic_bike,2021-07-28 09:50:07,2021-07-28 10:00:41,Willis Ave & E 137 St,7726,2 Ave & E 104 St,7436,40.808384,-73.923604,40.7892105,-73.94370784,member
2288227,DC6160EC98C5E2C6,classic_bike,2021-07-21 18:38:29,2021-07-21 18:47:30,E 91 St & 2 Ave,7286,2 Ave & E 104 St,7436,40.78115276427916,-73.94963040947914,40.7892105,-73.94370784,member
2288228,2D1BF126A9A9B8E1,classic_bike,2021-07-01 00:29:52,2021-07-01 00:31:49,E 103 St & Lexington Ave,7463,2 Ave & E 104 St,7436,40.7903051,-73.94755757,40.7892105,-73.94370784,member
2288238,FC1ADED20302927C,electric_bike,2021-07-23 15:08:37,2021-07-23 15:18:31,Columbus Ave & W 103 St,7595,2 Ave & E 104 St,7436,40.7969347,-73.9643412291,40.7892105,-73.94370784,casual
2288241,B1CC6BEAF40B6098,classic_bike,2021-07-02 20:53:51,2021-07-02 20:59:41,E 91 St & 2 Ave,7286,2 Ave & E 104 St,7436,40.78115276427916,-73.94963040947914,40.7892105,-73.94370784,member
2288242,A822764D347FCD98,classic_bike,2021-07-07 20:24:57,2021-07-07 20:32:11,E 91 St & 2 Ave,7286,2 Ave & E 104 St,7436,40.78115276427916,-73.94963040947914,40.7892105,-73.94370784,member
2288243,F912DA5C8B78E4B4,classic_bike,2021-07-15 21:11:51,2021-07-15 21:17:50,E 91 St & 2 Ave,7286,2 Ave & E 104 St,7436,40.78115276427916,-73.94963040947914,40.7892105,-73.94370784,member
2288253,1DF52A3F6B47A07E,classic_bike,2021-07-10 18:14:05,2021-07-10 18:16:08,E 103 St & Lexington Ave,7463,2 Ave & E 104 St,7436,40.7903051,-73.94755757,40.7892105,-73.94370784,casual
2288260,612B76F3FFF0E971,classic_bike,2021-07-16 10:10:19,2021-07-16 10:12:10,E 103 St & Lexington Ave,7463,2 Ave & E 104 St,7436,40.7903051,-73.94755757,40.7892105,-73.94370784,member
2288263,05FC0B4170AFD5D2,classic_bike,2021-07-16 20:33:50,2021-07-16 20:40:25,E 91 St & 2 Ave,7286,2 Ave & E 104 St,7436,40.78115276427916,-73.94963040947914,40.7892105,-73.94370784,member
2288280,55092879A2BDA76B,classic_bike,2021-07-08 12:53:09,2021-07-08 13:07:33,E 77 St & 3 Ave,7092,2 Ave & E 104 St,7436,40.77314236,-73.95856158,40.7892105,-73.94370784,member
2288284,AE1D369AB1CE4798,electric_bike,2021-07-14 18:14:13,2021-07-14 18:24:57,2 Ave & E 72 St,6925,2 Ave & E 104 St,7436,40.7687620293096,-73.95840793848038,40.7892105,-73.94370784,member
2288296,952D7821E0A3E2B7,classic_bike,2021-07-28 15:24:23,2021-07-28 15:55:33,E 56 St & Madison Ave,6732,2 Ave & E 104 St,7436,40.761573,-73.972628,40.7892105,-73.94370784,member
2288319,D523F5D0D7B5A39D,electric_bike,2021-07-04 21:07:54,2021-07-04 21:18:43,Willis Ave & Bruckner Blvd,7691,2 Ave & E 104 St,7436,40.805701,-73.925177,40.7892105,-73.94370784,casual
2288329,24207A45476BE989,electric_bike,2021-07-11 16:43:25,2021-07-11 17:28:02,Broadway & E 14 St,5905,2 Ave & E 104 St,7436,40.73454567,-73.99074142,40.7892105,-73.94370784,casual
2288333,698B0CD0E99EA3BD,classic_bike,2021-07-21 17:01:45,2021-07-21 17:07:10,E 102 St & Park Ave,7488,2 Ave & E 104 St,7436,40.7904828,-73.95033068,40.7892105,-73.94370784,member
2288359,D19D32056CF8C17D,classic_bike,2021-07-14 18:01:35,2021-07-14 18:05:16,E 102 St & Park Ave,7488,2 Ave & E 104 St,7436,40.7904828,-73.95033068,40.7892105,-73.94370784,member
2288370,9D26827FBB1E781D,electric_bike,2021-07-21 14:51:55,2021-07-21 15:03:46,St Nicholas Ave & Manhattan Ave,7723,2 Ave & E 104 St,7436,40.809725,-73.953149,40.7892105,-73.94370784,member
2288398,B48C8C537C01C3B9,classic_bike,2021-07-05 14:03:54,2021-07-05 14:44:32,Wards Meadow Comfort Station,7327,2 Ave & E 104 St,7436,40.78294,-73.93077,40.7892105,-73.94370784,member
2288404,0CE5EF70281FBEB0,classic_bike,2021-07-27 13:49:36,2021-07-27 13:58:27,Wards Meadow Comfort Station,7327,2 Ave & E 104 St,7436,40.78294,-73.93077,40.7892105,-73.94370784,casual
2288405,F3810CA99405C18D,classic_bike,2021-07-15 12:00:57,2021-07-15 12:17:05,Wards Meadow Comfort Station,7327,2 Ave & E 104 St,7436,40.78294,-73.93077,40.7892105,-73.94370784,casual
2288418,D1A62B2A3592EF16,electric_bike,2021-07-27 13:49:36,2021-07-27 13:58:01,Wards Meadow Comfort Station,7327,2 Ave & E 104 St,7436,40.78294,-73.93077,40.7892105,-73.94370784,casual
2288423,C796B4F91FD5AD00,classic_bike,2021-07-28 19:59:16,2021-07-28 20:06:48,Wards Meadow Comfort Station,7327,2 Ave & E 104 St,7436,40.78294,-73.93077,40.7892105,-73.94370784,member
2288424,3853504D2E1D7243,classic_bike,2021-07-30 08:46:49,2021-07-30 09:11:40,Wards Meadow Comfort Station,7327,2 Ave & E 104 St,7436,40.78294,-73.93077,40.7892105,-73.94370784,member
2288425,6830E7B7008149EF,electric_bike,2021-07-10 10:50:59,2021-07-10 11:00:34,E 128 St & Madison Ave,7735,2 Ave & E 104 St,7436,40.80756,-73.939182,40.7892105,-73.94370784,member
2288426,3A3A0CE0B25578C7,electric_bike,2021-07-20 08:39:08,2021-07-20 08:50:40,E 128 St & Madison Ave,7735,2 Ave & E 104 St,7436,40.80756,-73.939182,40.7892105,-73.94370784,member
2288427,4A766D2D43597A11,classic_bike,2021-07-28 10:23:14,2021-07-28 10:35:11,E 128 St & Madison Ave,7735,2 Ave & E 104 St,7436,40.80756,-73.939182,40.7892105,-73.94370784,member
2288436,2BAF3A69C99D08E5,classic_bike,2021-07-16 01:46:35,2021-07-16 02:02:42,W 82 St & Central Park West,7304,2 Ave & E 104 St,7436,40.78275,-73.97137,40.7892105,-73.94370784,member
2288452,270049E20BAD8786,electric_bike,2021-07-30 05:57:26,2021-07-30 06:19:58,Sherman Ave & E 166 St,8072,2 Ave & E 104 St,7436,40.83130549267296,-73.91744792461395,40.7892105,-73.94370784,member
2288508,F0C8636A06066A3E,electric_bike,2021-07-27 17:47:16,2021-07-27 18:06:17,W 145 St & Amsterdam Ave,7997,2 Ave & E 104 St,7436,40.825244,-73.947257,40.7892105,-73.94370784,casual
2288512,1C566C939A470770,classic_bike,2021-07-03 18:57:40,2021-07-03 19:04:13,E 95 St & 3 Ave,7365,2 Ave & E 104 St,7436,40.7849032,-73.950503,40.7892105,-73.94370784,member
2288533,BD335D86DBEDE007,classic_bike,2021-07-20 09:39:23,2021-07-20 09:50:03,Columbus Ave & W 95 St,7520,2 Ave & E 104 St,7436,40.7919557,-73.968087,40.7892105,-73.94370784,member
2288548,BD24428E3B7631A2,classic_bike,2021-07-21 21:02:17,2021-07-21 21:17:23,Columbus Ave & W 95 St,7520,2 Ave & E 104 St,7436,40.7919557,-73.968087,40.7892105,-73.94370784,member
2288569,567E086A41C4FC50,classic_bike,2021-07-21 16:54:53,2021-07-21 16:58:08,E 102 St & Park Ave,7488,2 Ave & E 104 St,7436,40.7904828,-73.95033068,40.7892105,-73.94370784,member
2288577,8D20A4129A592354,classic_bike,2021-07-12 17:37:44,2021-07-12 17:41:48,E 102 St & Park Ave,7488,2 Ave & E 104 St,7436,40.7904828,-73.95033068,40.7892105,-73.94370784,member
2288608,D75AA98AD2FF1D3B,classic_bike,2021-07-21 21:02:38,2021-07-21 21:17:21,Columbus Ave & W 95 St,7520,2 Ave & E 104 St,7436,40.7919557,-73.968087,40.7892105,-73.94370784,member
2288699,4ECE1E8F4FE4906C,classic_bike,2021-07-09 17:28:10,2021-07-09 18:01:20,3 Ave & E 62 St,6762,2 Ave & E 104 St,7436,40.76312584,-73.96526895,40.7892105,-73.94370784,member
2288741,1307C3D586A5CFC4,classic_bike,2021-07-16 13:57:49,2021-07-16 14:03:52,E 114 St & 1 Ave,7540,2 Ave & E 104 St,7436,40.7945663,-73.9362541,40.7892105,-73.94370784,member
2288746,4EA6C659F5B99E08,classic_bike,2021-07-22 11:15:20,2021-07-22 11:22:36,2 Ave & E 122 St,7622,2 Ave & E 104 St,7436,40.8006721,-73.9349,40.7892105,-73.94370784,member
2288748,2140FBFC516AF018,classic_bike,2021-07-24 13:40:18,2021-07-24 13:45:36,E 114 St & 1 Ave,7540,2 Ave & E 104 St,7436,40.7945663,-73.9362541,40.7892105,-73.94370784,member
2288752,BCA07EAA107600F3,classic_bike,2021-07-26 14:48:47,2021-07-26 14:55:06,2 Ave & E 122 St,7622,2 Ave & E 104 St,7436,40.8006721,-73.9349,40.7892105,-73.94370784,casual
2288763,B176040188ABFE96,electric_bike,2021-07-23 21:08:38,2021-07-23 21:14:17,E 114 St & 1 Ave,7540,2 Ave & E 104 St,7436,40.7945663,-73.9362541,40.7892105,-73.94370784,member
2288779,94DDC9B07FDA757F,classic_bike,2021-07-26 09:50:32,2021-07-26 10:53:22,2 Ave & E 122 St,7622,2 Ave & E 104 St,7436,40.8006721,-73.9349,40.7892105,-73.94370784,member
2288811,8A653FA0742C1238,electric_bike,2021-07-20 16:43:03,2021-07-20 17:02:49,Amsterdam Ave & W 73 St,7260,2 Ave & E 104 St,7436,40.77966809007312,-73.98093044757842,40.7892105,-73.94370784,member
2288822,58738FA9449224A2,electric_bike,2021-07-19 18:46:50,2021-07-19 19:17:55,Bedford Ave & Nassau Ave,5550,2 Ave & E 104 St,7436,40.72311651,-73.95212324,40.7892105,-73.94370784,member
2288832,9693C8838CAD0164,classic_bike,2021-07-16 18:22:18,2021-07-16 18:51:53,Icahn Stadium,7514,2 Ave & E 104 St,7436,40.79346,-73.92389,40.7892105,-73.94370784,casual
2288848,CF8D8EF61D82CFEB,classic_bike,2021-07-24 13:08:54,2021-07-24 13:23:24,Icahn Stadium,7514,2 Ave & E 104 St,7436,40.79346,-73.92389,40.7892105,-73.94370784,casual
2288856,B5D4C0793674BDF2,classic_bike,2021-07-10 15:47:15,2021-07-10 15:51:56,1 Ave & E 94 St,7286,2 Ave & E 104 St,7436,40.7817212,-73.94594,40.7892105,-73.94370784,casual
2288870,F05F53EC372363A7,classic_bike,2021-07-24 13:08:54,2021-07-24 13:23:26,Icahn Stadium,7514,2 Ave & E 104 St,7436,40.79346,-73.92389,40.7892105,-73.94370784,casual
2288878,FF7B22D7F6F9F13F,classic_bike,2021-07-26 14:00:51,2021-07-26 14:47:42,Steinway St & Broadway,6711,2 Ave & E 104 St,7436,40.75905795418586,-73.91897544264793,40.7892105,-73.94370784,member
2288887,27A331A3E1158AB9,electric_bike,2021-07-27 17:48:39,2021-07-27 17:54:57,1 Ave & E 94 St,7286,2 Ave & E 104 St,7436,40.7817212,-73.94594,40.7892105,-73.94370784,member
2288898,0F7FA6D035786842,electric_bike,2021-07-23 14:28:45,2021-07-23 14:39:45,Madison Ave & E 120 St,7667,2 Ave & E 104 St,7436,40.80295,-73.942954,40.7892105,-73.94370784,member
2288899,904502EEF7369002,classic_bike,2021-07-28 14:15:05,2021-07-28 14:44:31,Madison Ave & E 120 St,7667,2 Ave & E 104 St,7436,40.80295,-73.942954,40.7892105,-73.94370784,member
2288904,3BEC12278CB0C90F,classic_bike,2021-07-11 04:26:44,2021-07-11 04:52:27,Adam Clayton Powell Blvd & W 123 St,7704,2 Ave & E 104 St,7436,40.8078316,-73.949373,40.7892105,-73.94370784,member
2288946,58D0E698B352D2B2,electric_bike,2021-07-27 20:09:54,2021-07-27 20:16:15,Madison Ave & E 120 St,7667,2 Ave & E 104 St,7436,40.80295,-73.942954,40.7892105,-73.94370784,member
2288961,A2506D4DFDE4C85C,electric_bike,2021-07-11 19:10:38,2021-07-11 19:23:20,Adam Clayton Powell Blvd & W 123 St,7704,2 Ave & E 104 St,7436,40.8078316,-73.949373,40.7892105,-73.94370784,casual
2288964,7A1D6BDD6FEC0C8E,electric_bike,2021-07-24 10:26:39,2021-07-24 10:34:59,Madison Ave & E 120 St,7667,2 Ave & E 104 St,7436,40.80295,-73.942954,40.7892105,-73.94370784,casual
2289027,2BDF089BA9BBEC3A,electric_bike,2021-07-10 14:37:55,2021-07-10 15:02:38,31 St & Hoyt Ave N,7018,2 Ave & E 104 St,7436,40.7711528,-73.9170074,40.7892105,-73.94370784,member
2289035,514E851032293B2C,electric_bike,2021-07-31 23:31:00,2021-07-31 23:48:40,3 Ave & E 100 St,7414,2 Ave & E 104 St,7436,40.7877214,-73.94728331,40.7892105,-73.94370784,casual
2289073,76D4E2AD22015339,electric_bike,2021-07-11 17:09:33,2021-07-11 17:24:37,E 63 St & 3 Ave,6830,2 Ave & E 104 St,7436,40.763954,-73.9646,40.7892105,-73.94370784,member
2289132,8D76B7CE4A873025,electric_bike,2021-07-19 16:16:54,2021-07-19 17:00:09,E 2 St & Avenue B,5515,2 Ave & E 104 St,7436,40.72217444,-73.98368779,40.7892105,-73.94370784,member
2289158,6250740BE5A44A58,electric_bike,2021-07-12 08:26:23,2021-07-12 08:35:35,Lexington Ave & E 127 St,7662,2 Ave & E 104 St,7436,40.805726,-73.936322,40.7892105,-73.94370784,member
2289197,114284FE39FED4CA,electric_bike,2021-07-05 17:00:50,2021-07-05 20:31:22,E 16 St & 5 Ave,6022,2 Ave & E 104 St,7436,40.73726186,-73.99238967,40.7892105,-73.94370784,casual
2289218,CB8A9E235AFC93DF,electric_bike,2021-07-18 20:43:11,2021-07-18 20:51:33,E 91 St & Park Ave,7344,2 Ave & E 104 St,7436,40.7835016,-73.955327,40.7892105,-73.94370784,casual
2289235,7D0EF96E4007AA33,classic_bike,2021-07-14 07:31:26,2021-07-14 08:34:43,E 103 St & Lexington Ave,7463,2 Ave & E 104 St,7436,40.7903051,-73.94755757,40.7892105,-73.94370784,member
2289236,22E6D71AE70FF16A,classic_bike,2021-07-21 20:45:01,2021-07-21 20:50:58,E 91 St & 2 Ave,7286,2 Ave & E 104 St,7436,40.78115276427916,-73.94963040947914,40.7892105,-73.94370784,member
2289237,D6D5FD46C65CFF47,classic_bike,2021-07-03 00:42:31,2021-07-03 00:44:46,E 103 St & Lexington Ave,7463,2 Ave & E 104 St,7436,40.7903051,-73.94755757,40.7892105,-73.94370784,casual
2289290,297F6FD81633CC3F,electric_bike,2021-07-19 14:15:45,2021-07-19 14:24:48,Madison Ave & E 120 St,7667,2 Ave & E 104 St,7436,40.80295,-73.942954,40.7892105,-73.94370784,member
2289291,2428FCF1ECF1E0E0,classic_bike,2021-07-12 09:48:38,2021-07-12 10:00:59,Madison Ave & E 120 St,7667,2 Ave & E 104 St,7436,40.80295,-73.942954,40.7892105,-73.94370784,member
2289302,9D7726AC49E7F772,classic_bike,2021-07-07 17:04:53,2021-07-07 17:10:23,Madison Ave & E 99 St,7443,2 Ave & E 104 St,7436,40.78948541553215,-73.95242929458618,40.7892105,-73.94370784,member
2289303,BA59B22FEB76A363,classic_bike,2021-07-21 12:52:23,2021-07-21 12:56:36,Madison Ave & E 99 St,7443,2 Ave & E 104 St,7436,40.78948541553215,-73.95242929458618,40.7892105,-73.94370784,member
2289304,6F2B6A01CCFA73A7,classic_bike,2021-07-09 15:50:02,2021-07-09 15:55:11,Madison Ave & E 99 St,7443,2 Ave & E 104 St,7436,40.78948541553215,-73.95242929458618,40.7892105,-73.94370784,member
2289305,10A7782D72F12BBD,classic_bike,2021-07-20 18:24:48,2021-07-20 18:29:36,Madison Ave & E 99 St,7443,2 Ave & E 104 St,7436,40.78948541553215,-73.95242929458618,40.7892105,-73.94370784,member
2289306,7DA8C28A490FE692,classic_bike,2021-07-17 15:39:58,2021-07-17 15:44:36,Madison Ave & E 99 St,7443,2 Ave & E 104 St,7436,40.78948541553215,-73.95242929458618,40.7892105,-73.94370784,member
2289322,996C829FFC6B8D8C,electric_bike,2021-07-03 19:56:47,2021-07-03 20:20:54,Lenox Ave & W 144 St,7910,2 Ave & E 104 St,7436,40.819783,-73.936521,40.7892105,-73.94370784,member
2289324,0C8770D604204B2B,electric_bike,2021-07-04 12:54:02,2021-07-04 13:37:57,Lenox Ave & W 144 St,7910,2 Ave & E 104 St,7436,40.819783,-73.936521,40.7892105,-73.94370784,member
2289327,145BF636D6EE72B8,electric_bike,2021-07-04 08:03:05,2021-07-04 08:16:13,W 144 St & Adam Clayton Powell Blvd,7932,2 Ave & E 104 St,7436,40.820877,-73.939249,40.7892105,-73.94370784,casual
2289329,CE9A1F1F5B9E6B68,classic_bike,2021-07-26 09:08:00,2021-07-26 09:15:33,Columbus Ave & W 95 St,7520,2 Ave & E 104 St,7436,40.7919557,-73.968087,40.7892105,-73.94370784,member
2289331,35B32AB9640204D9,classic_bike,2021-07-24 17:52:13,2021-07-24 18:14:52,Wards Meadow Comfort Station,7327,2 Ave & E 104 St,7436,40.78294,-73.93077,40.7892105,-73.94370784,member
2289341,56656A82957DAC8F,electric_bike,2021-07-24 16:47:41,2021-07-24 16:57:54,Wards Meadow Comfort Station,7327,2 Ave & E 104 St,7436,40.78294,-73.93077,40.7892105,-73.94370784,casual
2289350,79681A2F2B5D9B1D,electric_bike,2021-07-31 16:22:36,2021-07-31 16:43:15,Wards Meadow Comfort Station,7327,2 Ave & E 104 St,7436,40.78294,-73.93077,40.7892105,-73.94370784,casual
2289354,72D4A208C557A275,electric_bike,2021-07-16 16:24:45,2021-07-16 16:36:15,Wards Meadow Comfort Station,7327,2 Ave & E 104 St,7436,40.78294,-73.93077,40.7892105,-73.94370784,casual
2289365,9BA16204E1E005D8,classic_bike,2021-07-20 11:19:55,2021-07-20 11:26:14,E 116 St & 2 Ave,7563,2 Ave & E 104 St,7436,40.796879,-73.937261,40.7892105,-73.94370784,member
2289367,4E8AEC3FC29B9E6D,classic_bike,2021-07-17 19:25:35,2021-07-17 19:56:28,E 116 St & 2 Ave,7563,2 Ave & E 104 St,7436,40.796879,-73.937261,40.7892105,-73.94370784,casual
2289388,0CD3E2AFBAC7D87A,electric_bike,2021-07-04 22:39:19,2021-07-04 22:58:49,E 31 St & 3 Ave,6239,2 Ave & E 104 St,7436,40.74394314,-73.97966069,40.7892105,-73.94370784,member
2289439,AFCA4A99043F1746,electric_bike,2021-07-07 17:53:13,2021-07-07 18:05:06,W 110 St & Amsterdam Ave,7646,2 Ave & E 104 St,7436,40.802692,-73.96295,40.7892105,-73.94370784,casual
2289445,44AB08E9A6375721,classic_bike,2021-07-05 15:28:13,2021-07-05 15:42:59,Wards Meadow Comfort Station,7327,2 Ave & E 104 St,7436,40.78294,-73.93077,40.7892105,-73.94370784,casual
2289461,8C33BE68696E43DF,electric_bike,2021-07-06 09:39:19,2021-07-06 09:48:56,Madison Ave & E 120 St,7667,2 Ave & E 104 St,7436,40.80295,-73.942954,40.7892105,-73.94370784,member
2289509,DA2CAD126ECF388C,electric_bike,2021-07-20 12:52:33,2021-07-20 13:04:28,Lexington Ave & E 111 St,7567,2 Ave & E 104 St,7436,40.7954121,-73.9441232,40.7892105,-73.94370784,member
2289641,B298AB2F04FC0CE4,classic_bike,2021-07-19 16:58:56,2021-07-19 17:11:02,Central Park North & Adam Clayton Powell Blvd,7617,2 Ave & E 104 St,7436,40.799484,-73.955613,40.7892105,-73.94370784,casual
2289646,CA42EA853B26C06E,classic_bike,2021-07-07 16:51:32,2021-07-07 17:01:34,Central Park North & Adam Clayton Powell Blvd,7617,2 Ave & E 104 St,7436,40.799484,-73.955613,40.7892105,-73.94370784,member
2289654,090CEE8CC4377872,electric_bike,2021-07-08 07:57:12,2021-07-08 08:03:36,Central Park North & Adam Clayton Powell Blvd,7617,2 Ave & E 104 St,7436,40.799484,-73.955613,40.7892105,-73.94370784,casual
2289691,3E362FA559AFFF9B,electric_bike,2021-07-14 17:59:08,2021-07-14 18:23:53,Riverside Dr & W 138 St,7942,2 Ave & E 104 St,7436,40.823168,-73.955857,40.7892105,-73.94370784,casual
2289705,8C0F72171B97FB00,electric_bike,2021-07-07 17:14:52,2021-07-07 17:22:13,1 Ave & E 78 St,7020,2 Ave & E 104 St,7436,40.77140426,-73.9535166,40.7892105,-73.94370784,member
2289748,360F596AB6A4B1A0,electric_bike,2021-07-01 12:31:24,2021-07-01 12:41:16,1 Ave & E 78 St,7020,2 Ave & E 104 St,7436,40.77140426,-73.9535166,40.7892105,-73.94370784,member
2289755,1693A571D775C52D,electric_bike,2021-07-02 21:18:45,2021-07-02 21:47:11,E 171 St & 3 Ave,8171,2 Ave & E 104 St,7436,40.837119,-73.902185,40.7892105,-73.94370784,member
2289758,1A0EDD7601A47BED,electric_bike,2021-07-25 16:43:40,2021-07-25 17:04:48,E 110 St & Madison Ave,7587,2 Ave & E 104 St,7436,40.7961535,-73.94782145,40.7892105,-73.94370784,casual
2289763,AC256280B1AA8A83,classic_bike,2021-07-08 21:25:26,2021-07-08 21:53:46,Lexington Ave & E 36 St,6313,2 Ave & E 104 St,7436,40.7475739589548,-73.9788007736206,40.7892105,-73.94370784,member
2289764,D6636D5DDE416021,classic_bike,2021-07-27 16:51:43,2021-07-27 17:01:36,Central Park North & Adam Clayton Powell Blvd,7617,2 Ave & E 104 St,7436,40.799484,-73.955613,40.7892105,-73.94370784,member
2289765,ED49805560CDB8E5,classic_bike,2021-07-20 18:02:10,2021-07-20 18:09:10,Central Park North & Adam Clayton Powell Blvd,7617,2 Ave & E 104 St,7436,40.799484,-73.955613,40.7892105,-73.94370784,member
2289834,7F769A24170764CF,electric_bike,2021-07-02 08:20:03,2021-07-02 08:41:18,St. Nicholas Ave & W 157 St,8085,2 Ave & E 104 St,7436,40.832314,-73.94102,40.7892105,-73.94370784,casual
2289845,D94A0A418DE9FE75,classic_bike,2021-07-21 14:35:04,2021-07-21 14:40:02,1 Ave & E 94 St,7286,2 Ave & E 104 St,7436,40.7817212,-73.94594,40.7892105,-73.94370784,member
2289851,102F89FF32CD6923,classic_bike,2021-07-21 20:47:40,2021-07-21 21:02:50,Icahn Stadium,7514,2 Ave & E 104 St,7436,40.79346,-73.92389,40.7892105,-73.94370784,member
2289852,AEEF3715347F2783,electric_bike,2021-07-27 19:02:18,2021-07-27 19:14:11,Icahn Stadium,7514,2 Ave & E 104 St,7436,40.79346,-73.92389,40.7892105,-73.94370784,member
2289856,F45F1D7C6425E55F,classic_bike,2021-07-16 15:52:12,2021-07-16 16:17:19,St. Nicholas Ave & W 157 St,8085,2 Ave & E 104 St,7436,40.832314,-73.94102,40.7892105,-73.94370784,member
2289868,B59AB043662757A4,classic_bike,2021-07-18 09:05:06,2021-07-18 09:10:54,1 Ave & E 94 St,7286,2 Ave & E 104 St,7436,40.7817212,-73.94594,40.7892105,-73.94370784,member
2289869,A001D1E4704A6A16,electric_bike,2021-07-01 01:31:26,2021-07-01 01:36:40,1 Ave & E 94 St,7286,2 Ave & E 104 St,7436,40.7817212,-73.94594,40.7892105,-73.94370784,casual
2289874,F785354F590DE357,classic_bike,2021-07-19 17:17:43,2021-07-19 17:24:03,1 Ave & E 94 St,7286,2 Ave & E 104 St,7436,40.7817212,-73.94594,40.7892105,-73.94370784,member
2289895,7E528BABC6CB0764,electric_bike,2021-07-30 17:27:41,2021-07-30 17:32:04,1 Ave & E 94 St,7286,2 Ave & E 104 St,7436,40.7817212,-73.94594,40.7892105,-73.94370784,member
2289923,D915998B718F969F,electric_bike,2021-07-16 08:33:57,2021-07-16 08:42:41,Lexington Ave & E 127 St,7662,2 Ave & E 104 St,7436,40.805726,-73.936322,40.7892105,-73.94370784,member
2289930,379736F147D851F2,electric_bike,2021-07-19 08:34:09,2021-07-19 08:43:04,Lexington Ave & E 127 St,7662,2 Ave & E 104 St,7436,40.805726,-73.936322,40.7892105,-73.94370784,member
2289974,0DBB7B548AEBBA9A,electric_bike,2021-07-13 19:39:08,2021-07-13 20:01:28,W 50 St & 9 Ave,6854,2 Ave & E 104 St,7436,40.76360467795863,-73.98917958140373,40.7892105,-73.94370784,member
2289977,A8A4DDB3C9D594A5,classic_bike,2021-07-30 19:02:56,2021-07-30 19:37:02,E 11 St & 1 Ave,5746,2 Ave & E 104 St,7436,40.72953837,-73.98426726,40.7892105,-73.94370784,casual
2289986,97804A02D6EFE586,classic_bike,2021-07-27 21:57:44,2021-07-27 22:12:25,W 106 St & Amsterdam Ave,7634,2 Ave & E 104 St,7436,40.8008363,-73.9664492472,40.7892105,-73.94370784,casual
2289990,8F3601121B63DC18,electric_bike,2021-07-13 18:28:51,2021-07-13 18:36:29,3 Ave & E 72 St,7028,2 Ave & E 104 St,7436,40.7699426,-73.96060712,40.7892105,-73.94370784,member
2290030,6FC170E3466A4A3B,classic_bike,2021-07-30 19:02:33,2021-07-30 19:37:06,E 11 St & 1 Ave,5746,2 Ave & E 104 St,7436,40.72953837,-73.98426726,40.7892105,-73.94370784,casual
2290125,EAA08C66448DDC0D,classic_bike,2021-07-14 19:32:22,2021-07-14 19:59:49,Lincoln Ave & E 138 St,7744,2 Ave & E 104 St,7436,40.810893,-73.927311,40.7892105,-73.94370784,casual
2290131,62E2F01420B2CC8A,electric_bike,2021-07-07 17:53:32,2021-07-07 18:18:44,Broadway & W 36 St,6441,2 Ave & E 104 St,7436,40.75097711,-73.98765428,40.7892105,-73.94370784,member
2290251,7F37B54DB641B62F,classic_bike,2021-07-15 10:49:04,2021-07-15 11:09:22,W 147 St & Adam Clayton Powell Blvd,7971,2 Ave & E 104 St,7436,40.82281,-73.937413,40.7892105,-73.94370784,member
2290318,671DCAD2904B04E7,electric_bike,2021-07-09 13:53:12,2021-07-09 14:06:31,Central Park S & 6 Ave,6876,2 Ave & E 104 St,7436,40.76590936,-73.97634151,40.7892105,-73.94370784,member
2290351,A6069A00CF4AB2E6,electric_bike,2021-07-22 02:08:38,2021-07-22 02:21:50,E 115 St & Lexington Ave,7599,2 Ave & E 104 St,7436,40.797911,-73.9423,40.7892105,-73.94370784,casual
2290352,206A2D1850533F6A,classic_bike,2021-07-30 22:12:27,2021-07-30 22:20:37,E 115 St & Lexington Ave,7599,2 Ave & E 104 St,7436,40.797911,-73.9423,40.7892105,-73.94370784,member
2290353,FCE27CB554FDA446,classic_bike,2021-07-23 19:39:21,2021-07-23 19:42:54,E 97 St & 3 Ave,7365,2 Ave & E 104 St,7436,40.7859201,-73.94860294,40.7892105,-73.94370784,member
2290354,306756515416A0BE,classic_bike,2021-07-27 20:24:05,2021-07-27 20:26:46,E 97 St & 3 Ave,7365,2 Ave & E 104 St,7436,40.7859201,-73.94860294,40.7892105,-73.94370784,member
2290355,92DFA5EEBA4BB8E5,electric_bike,2021-07-27 13:35:41,2021-07-27 13:50:40,E 97 St & 3 Ave,7365,2 Ave & E 104 St,7436,40.7859201,-73.94860294,40.7892105,-73.94370784,casual
2290356,24A571F235B02AEE,classic_bike,2021-07-27 08:51:37,2021-07-27 08:57:14,E 115 St & Lexington Ave,7599,2 Ave & E 104 St,7436,40.797911,-73.9423,40.7892105,-73.94370784,casual
2290358,012DB788DE96F3CE,electric_bike,2021-07-26 18:16:03,2021-07-26 18:24:39,E 118 St & Madison Ave,7640,2 Ave & E 104 St,7436,40.8014866,-73.9442507,40.7892105,-73.94370784,casual
2290360,9DB17298CE6D9B88,classic_bike,2021-07-08 20:08:58,2021-07-08 20:10:58,3 Ave & E 100 St,7414,2 Ave & E 104 St,7436,40.7877214,-73.94728331,40.7892105,-73.94370784,member
2290361,BFAF60C6BA80F0E4,electric_bike,2021-07-11 01:26:41,2021-07-11 01:30:57,E 115 St & Lexington Ave,7599,2 Ave & E 104 St,7436,40.797911,-73.9423,40.7892105,-73.94370784,member
2290362,79C4A2B4765B6A20,classic_bike,2021-07-01 02:35:30,2021-07-01 02:41:11,E 115 St & Lexington Ave,7599,2 Ave & E 104 St,7436,40.797911,-73.9423,40.7892105,-73.94370784,casual
2290370,C16174B0DFC1F074,classic_bike,2021-07-22 14:50:31,2021-07-22 14:55:16,E 97 St & 3 Ave,7365,2 Ave & E 104 St,7436,40.7859201,-73.94860294,40.7892105,-73.94370784,member
2290372,3C59D00984A113CB,classic_bike,2021-07-29 13:12:46,2021-07-29 13:17:07,E 115 St & Lexington Ave,7599,2 Ave & E 104 St,7436,40.797911,-73.9423,40.7892105,-73.94370784,member
2290391,E0354CF5E8ABFB98,classic_bike,2021-07-31 17:29:09,2021-07-31 17:32:11,E 97 St & 3 Ave,7365,2 Ave & E 104 St,7436,40.7859201,-73.94860294,40.7892105,-73.94370784,member
2290397,1F4BB930C2E72AFA,classic_bike,2021-07-02 16:41:08,2021-07-02 16:45:52,Madison Ave & E 99 St,7443,2 Ave & E 104 St,7436,40.78948541553215,-73.95242929458618,40.7892105,-73.94370784,member
2290403,328E6951F0C75E77,classic_bike,2021-07-05 20:46:23,2021-07-05 20:55:57,E 115 St & Lexington Ave,7599,2 Ave & E 104 St,7436,40.797911,-73.9423,40.7892105,-73.94370784,casual
2290435,48F36AB916E4FA54,electric_bike,2021-07-10 17:37:35,2021-07-10 18:03:25,W 92 St & Broadway,7502,2 Ave & E 104 St,7436,40.7921,-73.9739,40.7892105,-73.94370784,member
2290440,935831C4711462AA,electric_bike,2021-07-21 21:50:19,2021-07-21 22:17:32,W 92 St & Broadway,7502,2 Ave & E 104 St,7436,40.7921,-73.9739,40.7892105,-73.94370784,member
2290447,8D426E8B8494AB9D,electric_bike,2021-07-13 09:15:01,2021-07-13 09:23:54,Central Park W & W 91 St,7453,2 Ave & E 104 St,7436,40.78866499127884,-73.96680057048798,40.7892105,-73.94370784,member
2290482,2B090101BCD62073,electric_bike,2021-07-27 20:04:59,2021-07-27 20:09:22,3 Ave & E 112 St,7543,2 Ave & E 104 St,7436,40.795508,-73.941606,40.7892105,-73.94370784,casual
2290488,78BC3073A2B613E6,classic_bike,2021-07-22 04:34:27,2021-07-22 04:39:43,3 Ave & E 112 St,7543,2 Ave & E 104 St,7436,40.795508,-73.941606,40.7892105,-73.94370784,casual
2290498,025599476EEAF822,classic_bike,2021-07-28 15:53:59,2021-07-28 15:58:33,3 Ave & E 112 St,7543,2 Ave & E 104 St,7436,40.795508,-73.941606,40.7892105,-73.94370784,casual
2290500,460F2DFA57076879,classic_bike,2021-07-22 14:50:53,2021-07-22 14:57:49,3 Ave & E 112 St,7543,2 Ave & E 104 St,7436,40.795508,-73.941606,40.7892105,-73.94370784,member
2290515,52C3D450D997F263,classic_bike,2021-07-03 18:37:08,2021-07-03 18:56:31,Central Park W & W 91 St,7453,2 Ave & E 104 St,7436,40.78866499127884,-73.96680057048798,40.7892105,-73.94370784,member
2290522,38D7B762B7B1AA77,classic_bike,2021-07-22 16:55:33,2021-07-22 17:06:57,E 128 St & 3 Ave,7696,2 Ave & E 104 St,7436,40.805631,-73.934077,40.7892105,-73.94370784,casual
2290524,FC3BAEE5EAF5DEF8,electric_bike,2021-07-02 11:39:42,2021-07-02 12:03:28,W 92 St & Broadway,7502,2 Ave & E 104 St,7436,40.7921,-73.9739,40.7892105,-73.94370784,casual
2290526,7BE5ACA5615BD6A6,classic_bike,2021-07-27 15:59:50,2021-07-27 16:11:31,E 128 St & 3 Ave,7696,2 Ave & E 104 St,7436,40.805631,-73.934077,40.7892105,-73.94370784,casual
2290530,496DAD2DD0A79332,classic_bike,2021-07-20 16:44:31,2021-07-20 16:56:31,E 128 St & 3 Ave,7696,2 Ave & E 104 St,7436,40.805631,-73.934077,40.7892105,-73.94370784,casual
2290543,45326221D6989469,classic_bike,2021-07-27 20:42:52,2021-07-27 20:49:33,E 91 St & 2 Ave,7286,2 Ave & E 104 St,7436,40.78115276427916,-73.94963040947914,40.7892105,-73.94370784,member
2290544,25287363EE0E5F9A,classic_bike,2021-07-28 19:34:19,2021-07-28 19:40:49,E 91 St & 2 Ave,7286,2 Ave & E 104 St,7436,40.78115276427916,-73.94963040947914,40.7892105,-73.94370784,member
2290551,0F9EC39DADE80D9A,classic_bike,2021-07-19 14:15:39,2021-07-19 14:40:08,3 Ave & E 112 St,7543,2 Ave & E 104 St,7436,40.795508,-73.941606,40.7892105,-73.94370784,member
2290553,2B254CFFC00017CA,electric_bike,2021-07-13 15:12:55,2021-07-13 15:20:55,E 91 St & 2 Ave,7286,2 Ave & E 104 St,7436,40.78115276427916,-73.94963040947914,40.7892105,-73.94370784,casual
2290555,5774A5C73AD06D3E,classic_bike,2021-07-16 20:43:50,2021-07-16 21:11:02,Columbus Ave & W 103 St,7595,2 Ave & E 104 St,7436,40.7969347,-73.9643412291,40.7892105,-73.94370784,casual
2290557,51B1F87645DA94DD,classic_bike,2021-07-03 20:25:41,2021-07-03 20:27:22,E 103 St & Lexington Ave,7463,2 Ave & E 104 St,7436,40.7903051,-73.94755757,40.7892105,-73.94370784,member
2290577,5CF5AFD0FF9D9FB9,classic_bike,2021-07-01 17:05:17,2021-07-01 17:11:28,3 Ave & E 112 St,7543,2 Ave & E 104 St,7436,40.795508,-73.941606,40.7892105,-73.94370784,member
2290593,EA29EA74B5AFFEC9,classic_bike,2021-07-19 16:52:33,2021-07-19 16:58:05,3 Ave & E 112 St,7543,2 Ave & E 104 St,7436,40.795508,-73.941606,40.7892105,-73.94370784,member
2290624,02308BCD70D722BD,classic_bike,2021-07-13 21:44:25,2021-07-13 21:57:51,St. Nicholas Ave & W 126 St,7756,2 Ave & E 104 St,7436,40.8114323,-73.9518776,40.7892105,-73.94370784,member
2290625,5AF5C0DB166EA09D,classic_bike,2021-07-28 20:25:05,2021-07-28 20:38:13,E 74 St & 1 Ave,6953,2 Ave & E 104 St,7436,40.7689738,-73.95482273,40.7892105,-73.94370784,member
2290627,5240424634EEF711,classic_bike,2021-07-02 17:12:12,2021-07-02 17:23:21,E 74 St & 1 Ave,6953,2 Ave & E 104 St,7436,40.7689738,-73.95482273,40.7892105,-73.94370784,member
2290630,69DB931C097D9D17,electric_bike,2021-07-29 14:15:53,2021-07-29 14:27:23,E 74 St & 1 Ave,6953,2 Ave & E 104 St,7436,40.7689738,-73.95482273,40.7892105,-73.94370784,member
2290659,2B4E85CFCAD9136D,electric_bike,2021-07-24 11:06:33,2021-07-24 11:17:00,W 106 St & Amsterdam Ave,7634,2 Ave & E 104 St,7436,40.8008363,-73.9664492472,40.7892105,-73.94370784,casual
2290694,E22C3AFAE856A23F,classic_bike,2021-07-05 14:03:37,2021-07-05 14:44:25,Wards Meadow Comfort Station,7327,2 Ave & E 104 St,7436,40.78294,-73.93077,40.7892105,-73.94370784,member
2290710,C2C53BB1839AF962,classic_bike,2021-07-23 13:09:18,2021-07-23 13:14:38,E 95 St & 3 Ave,7365,2 Ave & E 104 St,7436,40.7849032,-73.950503,40.7892105,-73.94370784,member
2290751,502AAC11797F9842,electric_bike,2021-07-26 14:54:12,2021-07-26 15:29:38,Centre St & Chambers St,5207,2 Ave & E 104 St,7436,40.71273266,-74.0046073,40.7892105,-73.94370784,casual
2290831,135C26F5802500E5,classic_bike,2021-07-25 17:36:22,2021-07-25 17:53:26,Lenox Ave & W 140 St,7872,2 Ave & E 104 St,7436,40.817245,-73.938787,40.7892105,-73.94370784,member
2290843,6302671460348D03,classic_bike,2021-07-20 08:11:45,2021-07-20 08:20:28,E 84 St & 1 Ave,7180,2 Ave & E 104 St,7436,40.77565541,-73.95068615,40.7892105,-73.94370784,member
2290844,F199B20E279F2E3C,classic_bike,2021-07-16 08:05:04,2021-07-16 08:12:52,E 84 St & 1 Ave,7180,2 Ave & E 104 St,7436,40.77565541,-73.95068615,40.7892105,-73.94370784,member
2290849,F9B9A3CE76EE138F,electric_bike,2021-07-22 12:45:57,2021-07-22 12:53:24,E 84 St & 1 Ave,7180,2 Ave & E 104 St,7436,40.77565541,-73.95068615,40.7892105,-73.94370784,member
2290864,F7A0D8B13CAFB1E5,electric_bike,2021-07-18 00:11:39,2021-07-18 00:15:27,E 116 St & 2 Ave,7563,2 Ave & E 104 St,7436,40.796879,-73.937261,40.7892105,-73.94370784,member
2290872,4C69788524347BA6,electric_bike,2021-07-17 03:57:09,2021-07-17 04:09:09,St Nicholas Ave & Manhattan Ave,7723,2 Ave & E 104 St,7436,40.809725,-73.953149,40.7892105,-73.94370784,member
2290883,8A160BA314E28CF6,classic_bike,2021-07-30 12:12:26,2021-07-30 12:15:39,E 102 St & Park Ave,7488,2 Ave & E 104 St,7436,40.7904828,-73.95033068,40.7892105,-73.94370784,member
2290914,04770CD0BD42F2D6,classic_bike,2021-07-14 12:46:53,2021-07-14 12:52:49,E 102 St & Park Ave,7488,2 Ave & E 104 St,7436,40.7904828,-73.95033068,40.7892105,-73.94370784,casual
2290917,E044CD6D2B1ED482,classic_bike,2021-07-22 19:11:30,2021-07-22 19:15:48,E 102 St & Park Ave,7488,2 Ave & E 104 St,7436,40.7904828,-73.95033068,40.7892105,-73.94370784,member
2290918,443CCEE59CDC9855,classic_bike,2021-07-13 16:31:31,2021-07-13 16:38:43,E 102 St & Park Ave,7488,2 Ave & E 104 St,7436,40.7904828,-73.95033068,40.7892105,-73.94370784,member
2290923,286BB410C6C1F4F7,electric_bike,2021-07-23 03:08:13,2021-07-23 03:18:19,St Nicholas Ave & Manhattan Ave,7723,2 Ave & E 104 St,7436,40.809725,-73.953149,40.7892105,-73.94370784,member
2290967,B91E1C6C0D647654,electric_bike,2021-07-28 08:38:31,2021-07-28 08:46:58,Adam Clayton Powell Blvd & W 115 St,7643,2 Ave & E 104 St,7436,40.802535,-73.9532423,40.7892105,-73.94370784,casual
2290993,AB0FB7181FF35CBE,electric_bike,2021-07-19 12:37:40,2021-07-19 12:51:53,E 138 St & Cypress Ave,7669,2 Ave & E 104 St,7436,40.805559,-73.914718,40.7892105,-73.94370784,casual
2290998,F488451DE518D4E9,classic_bike,2021-07-02 16:58:50,2021-07-02 17:11:01,E 85 St & York Ave,7146,2 Ave & E 104 St,7436,40.77536905,-73.94803392,40.7892105,-73.94370784,casual
2291017,29F48C47A59DF34C,classic_bike,2021-07-05 11:57:49,2021-07-05 12:17:27,Lexington Ave & E 111 St,7567,2 Ave & E 104 St,7436,40.7954121,-73.9441232,40.7892105,-73.94370784,member
2291018,9A0DE3F8B6C6EAAB,electric_bike,2021-07-23 18:38:45,2021-07-23 18:59:39,Amsterdam Ave & W 156 St,8104,2 Ave & E 104 St,7436,40.832081,-73.942386,40.7892105,-73.94370784,member
2291020,E55DFBAFE1359C4D,classic_bike,2021-07-10 13:34:18,2021-07-10 13:39:18,Lexington Ave & E 111 St,7567,2 Ave & E 104 St,7436,40.7954121,-73.9441232,40.7892105,-73.94370784,casual
2291021,F361DB07176E1D79,classic_bike,2021-07-08 09:48:34,2021-07-08 09:52:33,Lexington Ave & E 111 St,7567,2 Ave & E 104 St,7436,40.7954121,-73.9441232,40.7892105,-73.94370784,casual
2291022,58272131975B72B8,electric_bike,2021-07-28 08:47:45,2021-07-28 09:02:17,E 55 St & 2 Ave,6650,2 Ave & E 104 St,7436,40.75797322,-73.96603308,40.7892105,-73.94370784,member
2291023,B0CFB2DDF22C2575,classic_bike,2021-07-21 16:06:13,2021-07-21 16:09:50,Lexington Ave & E 111 St,7567,2 Ave & E 104 St,7436,40.7954121,-73.9441232,40.7892105,-73.94370784,casual
2291025,6FB735DB7A939D32,classic_bike,2021-07-25 19:26:55,2021-07-25 19:30:59,Lexington Ave & E 111 St,7567,2 Ave & E 104 St,7436,40.7954121,-73.9441232,40.7892105,-73.94370784,member
2291026,BCC6FA0376973125,classic_bike,2021-07-13 17:37:26,2021-07-13 17:47:44,1 Ave & E 94 St,7286,2 Ave & E 104 St,7436,40.7817212,-73.94594,40.7892105,-73.94370784,casual
2291038,899AEA469263BB07,classic_bike,2021-07-14 13:53:20,2021-07-14 14:00:29,E 106 St & Madison Ave,7528,2 Ave & E 104 St,7436,40.7934337,-73.94945003,40.7892105,-73.94370784,member
2291041,33711CDDA6E05610,classic_bike,2021-07-26 21:16:23,2021-07-26 21:24:07,E 106 St & Madison Ave,7528,2 Ave & E 104 St,7436,40.7934337,-73.94945003,40.7892105,-73.94370784,member
2291042,FD0A6164F90B28BD,classic_bike,2021-07-19 15:33:20,2021-07-19 16:07:03,E 106 St & Madison Ave,7528,2 Ave & E 104 St,7436,40.7934337,-73.94945003,40.7892105,-73.94370784,member
2291043,134276F13E9F6ABE,electric_bike,2021-07-24 10:40:19,2021-07-24 10:43:39,E 106 St & Madison Ave,7528,2 Ave & E 104 St,7436,40.7934337,-73.94945003,40.7892105,-73.94370784,member
2291046,AB59B3B4FA8B0F4E,classic_bike,2021-07-31 17:04:09,2021-07-31 17:28:06,E 106 St & Madison Ave,7528,2 Ave & E 104 St,7436,40.7934337,-73.94945003,40.7892105,-73.94370784,member
2291052,A52278C172AF0290,classic_bike,2021-07-07 17:40:34,2021-07-07 17:44:51,E 106 St & Madison Ave,7528,2 Ave & E 104 St,7436,40.7934337,-73.94945003,40.7892105,-73.94370784,member
2291086,5DDB73EFBE463F86,classic_bike,2021-07-22 23:22:38,2021-07-22 23:38:06,W 90 St & Amsterdam Ave,7432,2 Ave & E 104 St,7436,40.79017948095081,-73.97288918495178,40.7892105,-73.94370784,member
2291099,562558154B54D7D9,classic_bike,2021-07-29 16:36:40,2021-07-29 16:47:13,E 128 St & 3 Ave,7696,2 Ave & E 104 St,7436,40.805631,-73.934077,40.7892105,-73.94370784,casual
2291102,3EFBC1D21CDFE471,classic_bike,2021-07-04 22:35:18,2021-07-04 23:15:59,Central Park W & W 91 St,7453,2 Ave & E 104 St,7436,40.78866499127884,-73.96680057048798,40.7892105,-73.94370784,casual
2291107,8327AE2BADCCE4F1,classic_bike,2021-07-19 16:42:33,2021-07-19 16:53:46,E 128 St & 3 Ave,7696,2 Ave & E 104 St,7436,40.805631,-73.934077,40.7892105,-73.94370784,casual
2291117,51CA9A3EECF3980F,classic_bike,2021-07-08 18:13:43,2021-07-08 18:33:58,W 92 St & Broadway,7502,2 Ave & E 104 St,7436,40.7921,-73.9739,40.7892105,-73.94370784,member
2291129,4EFEB27D24C7AE6E,electric_bike,2021-07-14 22:21:51,2021-07-14 22:37:04,Central Park W & W 91 St,7453,2 Ave & E 104 St,7436,40.78866499127884,-73.96680057048798,40.7892105,-73.94370784,member
2291134,22DF375B1DE59651,electric_bike,2021-07-18 22:44:30,2021-07-18 23:13:25,11 Ave & W 41 St,6726,2 Ave & E 104 St,7436,40.76030096,-73.99884222,40.7892105,-73.94370784,member
2291150,A2D43826310978A3,classic_bike,2021-07-23 08:37:50,2021-07-23 08:49:56,E 106 St & Madison Ave,7528,2 Ave & E 104 St,7436,40.7934337,-73.94945003,40.7892105,-73.94370784,member
2291151,F0D0DFCE1988BD09,classic_bike,2021-07-15 15:53:46,2021-07-15 16:12:06,E 106 St & Madison Ave,7528,2 Ave & E 104 St,7436,40.7934337,-73.94945003,40.7892105,-73.94370784,member
2291160,E76A2CB679609338,electric_bike,2021-07-06 16:53:52,2021-07-06 17:03:10,Columbus Ave & W 103 St,7595,2 Ave & E 104 St,7436,40.7969347,-73.9643412291,40.7892105,-73.94370784,member
2291161,4420B0B413F32CC6,electric_bike,2021-07-09 17:13:18,2021-07-09 17:23:12,W 95 St & Broadway,7541,2 Ave & E 104 St,7436,40.7937704,-73.971888,40.7892105,-73.94370784,member
2291167,3342E37F0B9BF43B,electric_bike,2021-07-07 16:47:27,2021-07-07 16:59:13,5 Ave & W 131 St,7735,2 Ave & E 104 St,7436,40.81014,-73.93973,40.7892105,-73.94370784,casual
2291169,EE4BF9B93DDE23E9,classic_bike,2021-07-04 17:34:10,2021-07-04 17:36:22,E 103 St & Lexington Ave,7463,2 Ave & E 104 St,7436,40.7903051,-73.94755757,40.7892105,-73.94370784,casual
2291170,07A677F2857D0F13,classic_bike,2021-07-13 18:16:53,2021-07-13 18:23:18,E 91 St & 2 Ave,7286,2 Ave & E 104 St,7436,40.78115276427916,-73.94963040947914,40.7892105,-73.94370784,casual
2291177,301180B382226CA3,electric_bike,2021-07-08 23:07:26,2021-07-08 23:09:56,E 103 St & Lexington Ave,7463,2 Ave & E 104 St,7436,40.7903051,-73.94755757,40.7892105,-73.94370784,casual
2291205,11EDE06532B6B582,classic_bike,2021-07-26 19:19:54,2021-07-26 19:39:06,St. Nicholas Ave & W 126 St,7756,2 Ave & E 104 St,7436,40.8114323,-73.9518776,40.7892105,-73.94370784,member
2291247,24DD2F19AB7B7EC0,classic_bike,2021-07-12 04:35:02,2021-07-12 04:39:03,3 Ave & E 112 St,7543,2 Ave & E 104 St,7436,40.795508,-73.941606,40.7892105,-73.94370784,member
2291248,545ECD0D8F2841F5,classic_bike,2021-07-12 12:07:22,2021-07-12 12:12:33,3 Ave & E 112 St,7543,2 Ave & E 104 St,7436,40.795508,-73.941606,40.7892105,-73.94370784,member
2291249,EC7D593206920C91,electric_bike,2021-07-27 13:33:13,2021-07-27 13:44:36,3 Ave & E 112 St,7543,2 Ave & E 104 St,7436,40.795508,-73.941606,40.7892105,-73.94370784,member
2291259,42CEE7CE4ADB27FC,classic_bike,2021-07-11 18:04:59,2021-07-11 18:18:55,E 74 St & 1 Ave,6953,2 Ave & E 104 St,7436,40.7689738,-73.95482273,40.7892105,-73.94370784,member
2291284,F316DFE3972CAD70,classic_bike,2021-07-15 15:50:46,2021-07-15 15:53:45,3 Ave & E 100 St,7414,2 Ave & E 104 St,7436,40.7877214,-73.94728331,40.7892105,-73.94370784,casual
2291291,0A33FFAC8B93D175,classic_bike,2021-07-13 11:41:50,2021-07-13 11:45:44,E 95 St & 3 Ave,7365,2 Ave & E 104 St,7436,40.7849032,-73.950503,40.7892105,-73.94370784,member
2291347,243E81A9D23F2EFB,electric_bike,2021-07-18 17:09:30,2021-07-18 17:23:40,Central Park S & 6 Ave,6876,2 Ave & E 104 St,7436,40.76590936,-73.97634151,40.7892105,-73.94370784,casual
2291428,49CE4153A75FE212,electric_bike,2021-07-21 16:49:58,2021-07-21 16:58:56,E 84 St & 1 Ave,7180,2 Ave & E 104 St,7436,40.77565541,-73.95068615,40.7892105,-73.94370784,member
2291453,9D849DE97E375F0C,classic_bike,2021-07-25 03:37:25,2021-07-25 04:01:08,W 45 St & 8 Ave,6676,2 Ave & E 104 St,7436,40.75929124,-73.98859651,40.7892105,-73.94370784,member
2291461,51C69676048BDD0F,classic_bike,2021-07-24 11:57:11,2021-07-24 12:00:39,Lexington Ave & E 111 St,7567,2 Ave & E 104 St,7436,40.7954121,-73.9441232,40.7892105,-73.94370784,casual
2291462,2DDE7DAF9F1BD5B4,electric_bike,2021-07-08 07:28:20,2021-07-08 07:47:13,Amsterdam Ave & W 156 St,8104,2 Ave & E 104 St,7436,40.832081,-73.942386,40.7892105,-73.94370784,casual
2291466,CAB211F34BE907E5,classic_bike,2021-07-07 15:53:18,2021-07-07 15:57:44,Lexington Ave & E 111 St,7567,2 Ave & E 104 St,7436,40.7954121,-73.9441232,40.7892105,-73.94370784,member
2291469,474BC95D7A21EE58,classic_bike,2021-07-17 20:19:54,2021-07-17 20:47:13,W 45 St & 8 Ave,6676,2 Ave & E 104 St,7436,40.75929124,-73.98859651,40.7892105,-73.94370784,member
2291478,AFDDAFE00C161F30,classic_bike,2021-07-08 13:31:46,2021-07-08 13:44:40,E 84 St & 1 Ave,7180,2 Ave & E 104 St,7436,40.77565541,-73.95068615,40.7892105,-73.94370784,member
2291521,C956E0DB9E296BCA,classic_bike,2021-07-21 18:20:30,2021-07-21 18:29:32,E 102 St & Park Ave,7488,2 Ave & E 104 St,7436,40.7904828,-73.95033068,40.7892105,-73.94370784,member
2291522,66E48C91913C6A2F,classic_bike,2021-07-15 19:53:16,2021-07-15 19:56:24,E 102 St & Park Ave,7488,2 Ave & E 104 St,7436,40.7904828,-73.95033068,40.7892105,-73.94370784,member
2291523,CE0F46AD441121FF,classic_bike,2021-07-23 22:00:38,2021-07-23 22:06:01,E 102 St & Park Ave,7488,2 Ave & E 104 St,7436,40.7904828,-73.95033068,40.7892105,-73.94370784,member
2291524,F6631005D1CEEDED,classic_bike,2021-07-13 15:52:41,2021-07-13 16:09:22,E 102 St & Park Ave,7488,2 Ave & E 104 St,7436,40.7904828,-73.95033068,40.7892105,-73.94370784,member
2291530,D61BA5A32A3A922D,classic_bike,2021-07-28 13:37:44,2021-07-28 13:43:04,E 102 St & Park Ave,7488,2 Ave & E 104 St,7436,40.7904828,-73.95033068,40.7892105,-73.94370784,casual
2291550,48BE929D114DE6BF,electric_bike,2021-07-06 11:11:49,2021-07-06 11:37:41,7 Ave & Central Park South,6912,2 Ave & E 104 St,7436,40.7667405590595,-73.9790689945221,40.7892105,-73.94370784,member
2291556,342A4114444124C4,classic_bike,2021-07-06 17:41:12,2021-07-06 17:46:19,E 102 St & Park Ave,7488,2 Ave & E 104 St,7436,40.7904828,-73.95033068,40.7892105,-73.94370784,member
2291557,403609F1EE567F84,classic_bike,2021-07-08 13:27:51,2021-07-08 13:34:54,E 102 St & Park Ave,7488,2 Ave & E 104 St,7436,40.7904828,-73.95033068,40.7892105,-73.94370784,member
2291563,56E4A2143BBE72AB,classic_bike,2021-07-23 08:30:22,2021-07-23 08:51:59,St Nicholas Ave & Manhattan Ave,7723,2 Ave & E 104 St,7436,40.809725,-73.953149,40.7892105,-73.94370784,member
2291566,CD3D31A49CCEBC04,classic_bike,2021-07-27 19:46:28,2021-07-27 19:50:42,E 102 St & Park Ave,7488,2 Ave & E 104 St,7436,40.7904828,-73.95033068,40.7892105,-73.94370784,member
2291567,240DBFDE7796C37F,electric_bike,2021-07-01 19:31:04,2021-07-01 19:47:37,7 Ave & Central Park South,6912,2 Ave & E 104 St,7436,40.7667405590595,-73.9790689945221,40.7892105,-73.94370784,member
2291579,74E060297532F1F2,classic_bike,2021-07-23 16:51:03,2021-07-23 16:54:38,E 102 St & Park Ave,7488,2 Ave & E 104 St,7436,40.7904828,-73.95033068,40.7892105,-73.94370784,member
2291619,519E861248F1C170,electric_bike,2021-07-30 13:46:15,2021-07-30 14:09:25,Adam Clayton Powell Blvd & W 138 St,7855,2 Ave & E 104 St,7436,40.81695971032464,-73.9422959089279,40.7892105,-73.94370784,member
2291623,70DE8FBE4309A737,electric_bike,2021-07-11 20:27:11,2021-07-11 20:53:45,Central Park W & W 103 St,7577,2 Ave & E 104 St,7436,40.79558954105342,-73.96188408136368,40.7892105,-73.94370784,member
2291629,C65B829CBA7CBDF2,classic_bike,2021-07-30 17:56:59,2021-07-30 18:10:00,Central Park W & W 103 St,7577,2 Ave & E 104 St,7436,40.79558954105342,-73.96188408136368,40.7892105,-73.94370784,casual
2291640,4157FD2273098935,classic_bike,2021-07-20 15:52:42,2021-07-20 16:04:34,Central Park W & W 103 St,7577,2 Ave & E 104 St,7436,40.79558954105342,-73.96188408136368,40.7892105,-73.94370784,member
2291656,C23FC8DEB1510D54,classic_bike,2021-07-09 16:36:28,2021-07-09 17:03:44,Adam Clayton Powell Blvd & W 138 St,7855,2 Ave & E 104 St,7436,40.81695971032464,-73.9422959089279,40.7892105,-73.94370784,casual
2291678,6E363942E6F17D9C,classic_bike,2021-07-19 18:22:17,2021-07-19 18:37:52,Central Park W & W 103 St,7577,2 Ave & E 104 St,7436,40.79558954105342,-73.96188408136368,40.7892105,-73.94370784,member
2291690,69049D38B57287F3,electric_bike,2021-07-23 14:34:22,2021-07-23 14:56:27,Central Park W & W 103 St,7577,2 Ave & E 104 St,7436,40.79558954105342,-73.96188408136368,40.7892105,-73.94370784,casual
2291731,8FB9FCCD4496168E,classic_bike,2021-07-25 19:21:56,2021-07-25 19:40:18,Central Park W & W 103 St,7577,2 Ave & E 104 St,7436,40.79558954105342,-73.96188408136368,40.7892105,-73.94370784,member
2291792,839A4FF08B994E47,classic_bike,2021-07-24 19:38:28,2021-07-24 19:52:21,Willis Ave & Bruckner Blvd,7691,2 Ave & E 104 St,7436,40.805701,-73.925177,40.7892105,-73.94370784,casual
2291818,73D70D55E59C9C18,classic_bike,2021-07-21 23:09:02,2021-07-21 23:12:45,E 102 St & Park Ave,7488,2 Ave & E 104 St,7436,40.7904828,-73.95033068,40.7892105,-73.94370784,member
2291835,FD3FB8187E6C9491,electric_bike,2021-07-31 17:45:21,2021-07-31 20:58:25,Christopher St & Greenwich St,5847,2 Ave & E 104 St,7436,40.73291553,-74.00711384,40.7892105,-73.94370784,casual
2291842,FA731E0F14759D80,classic_bike,2021-07-25 09:49:17,2021-07-25 09:53:08,E 116 St & 2 Ave,7563,2 Ave & E 104 St,7436,40.796879,-73.937261,40.7892105,-73.94370784,member
2291867,8D9CDCDE3B4C4F9C,classic_bike,2021-07-28 20:41:47,2021-07-28 20:50:56,5 Ave & E 93 St,7372,2 Ave & E 104 St,7436,40.7857851,-73.957481,40.7892105,-73.94370784,member
2291896,78DF14324B1BE027,electric_bike,2021-07-26 15:10:18,2021-07-26 15:33:26,Grand Concourse & E 161 St,8021,2 Ave & E 104 St,7436,40.82713380423556,-73.9227358996868,40.7892105,-73.94370784,casual
2291962,36FDEC9FCE604A25,electric_bike,2021-07-19 14:34:31,2021-07-19 14:47:33,E 138 St & 5 Av,7809,2 Ave & E 104 St,7436,40.81449,-73.936153,40.7892105,-73.94370784,member
2291969,49AA90E3F2BEEEEC,electric_bike,2021-07-29 12:06:08,2021-07-29 12:26:45,Adam Clayton Powell Blvd & W 118 St,7670,2 Ave & E 104 St,7436,40.804372,-73.951475,40.7892105,-73.94370784,casual
2291995,60DB62A505E0FC6E,classic_bike,2021-07-13 08:24:12,2021-07-13 08:36:14,Adam Clayton Powell Blvd & W 118 St,7670,2 Ave & E 104 St,7436,40.804372,-73.951475,40.7892105,-73.94370784,casual
2291996,8D9F923A4E501A98,classic_bike,2021-07-22 11:41:36,2021-07-22 12:11:17,Adam Clayton Powell Blvd & W 118 St,7670,2 Ave & E 104 St,7436,40.804372,-73.951475,40.7892105,-73.94370784,casual
2291998,75BA8C6D37B8F1D2,electric_bike,2021-07-06 17:05:18,2021-07-06 17:13:27,E 74 St & 1 Ave,6953,2 Ave & E 104 St,7436,40.7689738,-73.95482273,40.7892105,-73.94370784,member
2291999,5D1F57B2D9376E88,electric_bike,2021-07-19 16:49:39,2021-07-19 17:01:00,E 74 St & 1 Ave,6953,2 Ave & E 104 St,7436,40.7689738,-73.95482273,40.7892105,-73.94370784,member
2292003,2B35E04A6A379BF7,electric_bike,2021-07-30 16:19:34,2021-07-30 16:29:13,E 74 St & 1 Ave,6953,2 Ave & E 104 St,7436,40.7689738,-73.95482273,40.7892105,-73.94370784,member
2292051,B26DE9BEB366B5FD,electric_bike,2021-07-05 17:06:07,2021-07-05 17:35:14,E 10 St & Avenue A,5659,2 Ave & E 104 St,7436,40.72740794,-73.98142006,40.7892105,-73.94370784,member
2292139,1E7DD363F1C1540F,classic_bike,2021-07-27 17:42:39,2021-07-27 17:50:27,E 85 St & York Ave,7146,2 Ave & E 104 St,7436,40.77536905,-73.94803392,40.7892105,-73.94370784,member
2292144,137A1DE0A18B0952,electric_bike,2021-07-15 08:39:40,2021-07-15 08:48:28,Adam Clayton Powell Blvd & W 115 St,7643,2 Ave & E 104 St,7436,40.802535,-73.9532423,40.7892105,-73.94370784,casual
2292196,229E6C2B315B89B9,electric_bike,2021-07-03 21:08:45,2021-07-03 21:55:04,Lexington Ave & E 26 St,6089,2 Ave & E 104 St,7436,40.741459,-73.983293,40.7892105,-73.94370784,casual
2292215,50744DFF782122B2,classic_bike,2021-07-18 17:42:02,2021-07-18 17:52:59,Lenox Ave & W 115 St,7627,2 Ave & E 104 St,7436,40.8011939,-73.9500739,40.7892105,-73.94370784,casual
2292435,BE730F28DF43224A,classic_bike,2021-07-31 17:04:55,2021-07-31 17:15:28,E 118 St & 3 Ave,7611,2 Ave & E 104 St,7436,40.799139,-73.9389152,40.7892105,-73.94370784,casual
2292441,03B32EE818DA2636,classic_bike,2021-07-24 22:15:22,2021-07-24 22:37:29,E 118 St & 3 Ave,7611,2 Ave & E 104 St,7436,40.799139,-73.9389152,40.7892105,-73.94370784,casual
2292446,F7275A185A678E76,electric_bike,2021-07-02 11:17:50,2021-07-02 11:24:52,E 118 St & 3 Ave,7611,2 Ave & E 104 St,7436,40.799139,-73.9389152,40.7892105,-73.94370784,member
2292460,DC299F99738D619E,electric_bike,2021-07-19 02:15:17,2021-07-19 02:29:27,St Nicholas Ave & Manhattan Ave,7723,2 Ave & E 104 St,7436,40.809725,-73.953149,40.7892105,-73.94370784,casual
2292495,8E65E02BE3DF1999,classic_bike,2021-07-01 17:13:00,2021-07-01 17:19:00,E 102 St & Park Ave,7488,2 Ave & E 104 St,7436,40.7904828,-73.95033068,40.7892105,-73.94370784,member
2292505,376A8D9C00066705,classic_bike,2021-07-06 15:06:12,2021-07-06 15:11:37,3 Ave & E 112 St,7543,2 Ave & E 104 St,7436,40.795508,-73.941606,40.7892105,-73.94370784,member
2292511,9E99DACC0EBDD937,classic_bike,2021-07-19 22:57:01,2021-07-19 23:10:05,5 Ave & W 126 St,7701,2 Ave & E 104 St,7436,40.80722,-73.9418,40.7892105,-73.94370784,member
2292534,214B1E9F81E8AAE2,electric_bike,2021-07-07 17:33:21,2021-07-07 18:02:13,W 113 St & Broadway,7713,2 Ave & E 104 St,7436,40.805973,-73.964928,40.7892105,-73.94370784,casual
2292545,E0E66296FBDDA459,classic_bike,2021-07-15 20:21:45,2021-07-15 20:27:55,Lexington Ave & E 111 St,7567,2 Ave & E 104 St,7436,40.7954121,-73.9441232,40.7892105,-73.94370784,member
2292549,5B0D7142A9D0E8BA,electric_bike,2021-07-16 13:46:40,2021-07-16 13:50:24,1 Ave & E 94 St,7286,2 Ave & E 104 St,7436,40.7817212,-73.94594,40.7892105,-73.94370784,casual
2292556,D3012CCF1A6BDDED,classic_bike,2021-07-21 20:47:54,2021-07-21 21:02:51,Icahn Stadium,7514,2 Ave & E 104 St,7436,40.79346,-73.92389,40.7892105,-73.94370784,casual
2292557,9B288CBF218C1999,classic_bike,2021-07-27 16:35:32,2021-07-27 16:39:54,1 Ave & E 94 St,7286,2 Ave & E 104 St,7436,40.7817212,-73.94594,40.7892105,-73.94370784,casual
2292562,D5FE9ED4A1E3BEB1,electric_bike,2021-07-07 19:12:03,2021-07-07 19:16:25,1 Ave & E 94 St,7286,2 Ave & E 104 St,7436,40.7817212,-73.94594,40.7892105,-73.94370784,member
2292571,B9CE82D435F666DD,classic_bike,2021-07-17 03:44:13,2021-07-17 03:51:03,E 97 St & Madison Ave,7393,2 Ave & E 104 St,7436,40.787801,-73.953559,40.7892105,-73.94370784,member
2292587,47926FE8FD5DC1E1,electric_bike,2021-07-01 01:05:29,2021-07-01 01:08:55,E 97 St & Madison Ave,7393,2 Ave & E 104 St,7436,40.787801,-73.953559,40.7892105,-73.94370784,member
2292632,D4D8A2E33C6E8803,electric_bike,2021-07-01 11:55:55,2021-07-01 12:08:24,Central Park W & W 97 St,7538,2 Ave & E 104 St,7436,40.79249519495111,-73.96417066463071,40.7892105,-73.94370784,member
2292636,528DF9489D221261,classic_bike,2021-07-26 18:52:54,2021-07-26 18:58:29,E 118 St & 3 Ave,7611,2 Ave & E 104 St,7436,40.799139,-73.9389152,40.7892105,-73.94370784,member
2292714,A696AE41419DF021,electric_bike,2021-07-21 18:17:48,2021-07-21 18:43:25,Hamilton Pl & W 140 St,7959,2 Ave & E 104 St,7436,40.822756,-73.951346,40.7892105,-73.94370784,casual
2292722,C61E17100A0EB976,electric_bike,2021-07-28 20:44:43,2021-07-28 20:58:46,E 84 St & 1 Ave,7180,2 Ave & E 104 St,7436,40.77565541,-73.95068615,40.7892105,-73.94370784,member
2292723,65E7960763A0AD96,classic_bike,2021-07-21 06:48:57,2021-07-21 07:13:49,W 45 St & 8 Ave,6676,2 Ave & E 104 St,7436,40.75929124,-73.98859651,40.7892105,-73.94370784,member
2292738,3DA1A2E7E7A994F7,electric_bike,2021-07-17 18:24:53,2021-07-17 18:33:52,E 84 St & 1 Ave,7180,2 Ave & E 104 St,7436,40.77565541,-73.95068615,40.7892105,-73.94370784,casual
2292743,7BC4EA2F369731C7,classic_bike,2021-07-30 16:39:20,2021-07-30 16:44:36,E 102 St & Park Ave,7488,2 Ave & E 104 St,7436,40.7904828,-73.95033068,40.7892105,-73.94370784,member
2292758,12593699619F75E4,electric_bike,2021-07-05 15:06:26,2021-07-05 16:25:10,Central Park West & W 85 St,7354,2 Ave & E 104 St,7436,40.78476,-73.969862,40.7892105,-73.94370784,casual
2292759,E0074E3DFB64B593,classic_bike,2021-07-21 16:23:21,2021-07-21 16:37:24,5 Ave & W 126 St,7701,2 Ave & E 104 St,7436,40.80722,-73.9418,40.7892105,-73.94370784,member
2292793,FC70718E89DB3193,classic_bike,2021-07-26 18:52:49,2021-07-26 18:58:26,E 118 St & 3 Ave,7611,2 Ave & E 104 St,7436,40.799139,-73.9389152,40.7892105,-73.94370784,member
2292810,15C3883C498B5FB3,classic_bike,2021-07-04 19:42:00,2021-07-04 20:08:23,5 Ave & E 72 St,7100,2 Ave & E 104 St,7436,40.77282817,-73.96685276,40.7892105,-73.94370784,member
2292814,65FCE1150206408C,classic_bike,2021-07-28 06:08:51,2021-07-28 06:25:22,Amsterdam Ave & W 79 St,7311,2 Ave & E 104 St,7436,40.7829391,-73.9786517,40.7892105,-73.94370784,member
2292820,7AED6B4AB307DE3B,electric_bike,2021-07-10 14:24:07,2021-07-10 14:38:20,Central Park West & W 85 St,7354,2 Ave & E 104 St,7436,40.78476,-73.969862,40.7892105,-73.94370784,member
2292909,2BC8B14D3E5B4B46,classic_bike,2021-07-05 10:36:57,2021-07-05 10:54:58,Adam Clayton Powell Blvd & W 115 St,7643,2 Ave & E 104 St,7436,40.802535,-73.9532423,40.7892105,-73.94370784,member
2292911,2EC72055E914AAB9,classic_bike,2021-07-13 17:05:07,2021-07-13 17:11:58,E 84 St & 1 Ave,7180,2 Ave & E 104 St,7436,40.77565541,-73.95068615,40.7892105,-73.94370784,member
2292953,B4ABC9F86A0DEF98,classic_bike,2021-07-01 12:02:18,2021-07-01 12:22:40,W 147 St & Adam Clayton Powell Blvd,7971,2 Ave & E 104 St,7436,40.82281,-73.937413,40.7892105,-73.94370784,member
2292975,2D721EEDCA058D8D,classic_bike,2021-07-18 12:18:45,2021-07-18 12:42:24,Central Park S & 6 Ave,6876,2 Ave & E 104 St,7436,40.76590936,-73.97634151,40.7892105,-73.94370784,member
2292994,A4870E00BE85C155,electric_bike,2021-07-18 12:48:49,2021-07-18 13:00:07,W 82 St & Central Park West,7304,2 Ave & E 104 St,7436,40.78275,-73.97137,40.7892105,-73.94370784,member
2292999,DBB5D39E23F97188,classic_bike,2021-07-20 19:04:06,2021-07-20 19:40:04,Melrose Ave & E 154 St,7918,2 Ave & E 104 St,7436,40.819609,-73.916071,40.7892105,-73.94370784,casual
2293014,5327B77777162305,classic_bike,2021-07-31 19:26:33,2021-07-31 19:41:22,E 84 St & 1 Ave,7180,2 Ave & E 104 St,7436,40.77565541,-73.95068615,40.7892105,-73.94370784,member
2293065,05C768B044AE2228,classic_bike,2021-07-17 20:31:12,2021-07-17 20:38:51,E 123 St & Lexington Ave,7636,2 Ave & E 104 St,7436,40.8029263,-73.9379,40.7892105,-73.94370784,member
2293066,053666724674AC1B,electric_bike,2021-07-23 15:20:33,2021-07-23 15:47:39,Broadway & W 29 St,6289,2 Ave & E 104 St,7436,40.7462009,-73.98855723,40.7892105,-73.94370784,member
2293075,F2CBA3A2E7E9FEF7,electric_bike,2021-07-22 17:07:30,2021-07-22 17:15:53,E 123 St & Lexington Ave,7636,2 Ave & E 104 St,7436,40.8029263,-73.9379,40.7892105,-73.94370784,member
2293176,4BE3E6B76AE08361,electric_bike,2021-07-12 13:07:37,2021-07-12 13:19:01,Mt Morris Park W & W 120 St,7685,2 Ave & E 104 St,7436,40.804038,-73.945925,40.7892105,-73.94370784,casual
2293202,E1746025D9E40E1E,electric_bike,2021-07-08 13:13:21,2021-07-08 13:25:35,Mt Morris Park W & W 120 St,7685,2 Ave & E 104 St,7436,40.804038,-73.945925,40.7892105,-73.94370784,casual
2293208,69888572B052D4AE,electric_bike,2021-07-13 13:08:09,2021-07-13 13:18:55,Mt Morris Park W & W 120 St,7685,2 Ave & E 104 St,7436,40.804038,-73.945925,40.7892105,-73.94370784,casual
2293233,FCF10758D69C350C,classic_bike,2021-07-30 00:40:34,2021-07-30 01:13:44,E 23 St & 1 Ave,5929,2 Ave & E 104 St,7436,40.736502,-73.97809472,40.7892105,-73.94370784,member
2293244,89C8B79A069E6492,electric_bike,2021-07-07 07:27:51,2021-07-07 07:47:16,Broadway & W 160 St,8157,2 Ave & E 104 St,7436,40.835775,-73.9434,40.7892105,-73.94370784,casual
2293287,74503C24D57D872D,electric_bike,2021-07-20 20:47:40,2021-07-20 21:01:23,Willow Ave & E 133 St,7626,2 Ave & E 104 St,7436,40.800933,-73.913863,40.7892105,-73.94370784,member
2293297,0A10EEAC4401A2D0,classic_bike,2021-07-11 12:07:03,2021-07-11 12:18:00,Central Park W & W 97 St,7538,2 Ave & E 104 St,7436,40.79249519495111,-73.96417066463071,40.7892105,-73.94370784,member
2293308,388EBD65D33EE0D5,classic_bike,2021-07-08 23:40:10,2021-07-08 23:50:38,Central Park W & W 97 St,7538,2 Ave & E 104 St,7436,40.79249519495111,-73.96417066463071,40.7892105,-73.94370784,member
2293312,8E679A69AFAA41D6,classic_bike,2021-07-30 21:18:19,2021-07-30 21:24:39,E 116 St & 2 Ave,7563,2 Ave & E 104 St,7436,40.796879,-73.937261,40.7892105,-73.94370784,casual
2293315,FD8EBDF988C68753,classic_bike,2021-07-05 14:22:19,2021-07-05 14:38:43,E 116 St & 2 Ave,7563,2 Ave & E 104 St,7436,40.796879,-73.937261,40.7892105,-73.94370784,casual
2293319,1F4542074E1BE764,electric_bike,2021-07-04 23:28:40,2021-07-04 23:38:13,Central Park W & W 97 St,7538,2 Ave & E 104 St,7436,40.79249519495111,-73.96417066463071,40.7892105,-73.94370784,member
2293321,788A07CFF522300F,classic_bike,2021-07-12 11:27:31,2021-07-12 11:32:30,E 116 St & 2 Ave,7563,2 Ave & E 104 St,7436,40.796879,-73.937261,40.7892105,-73.94370784,member
2293323,1E124828DC40E8EB,electric_bike,2021-07-11 23:46:09,2021-07-11 23:57:02,Central Park W & W 97 St,7538,2 Ave & E 104 St,7436,40.79249519495111,-73.96417066463071,40.7892105,-73.94370784,member
2293328,1EFC9D155EB046FE,electric_bike,2021-07-24 09:15:14,2021-07-24 09:18:52,E 116 St & 2 Ave,7563,2 Ave & E 104 St,7436,40.796879,-73.937261,40.7892105,-73.94370784,casual
2293346,303AEFC89846A212,classic_bike,2021-07-01 12:26:23,2021-07-01 12:32:13,E 116 St & 2 Ave,7563,2 Ave & E 104 St,7436,40.796879,-73.937261,40.7892105,-73.94370784,member
2293349,56144BCE0CC06076,electric_bike,2021-07-24 10:19:24,2021-07-24 10:24:09,E 116 St & 2 Ave,7563,2 Ave & E 104 St,7436,40.796879,-73.937261,40.7892105,-73.94370784,member
2293367,824F13D9954899D1,electric_bike,2021-07-14 22:25:40,2021-07-14 22:54:35,Frederick Douglass Blvd & W 145 St,7954,2 Ave & E 104 St,7436,40.823061,-73.941928,40.7892105,-73.94370784,casual
2293369,0016268D07EEC31D,electric_bike,2021-07-28 22:10:55,2021-07-28 22:29:40,West End Ave & W 107 St,7650,2 Ave & E 104 St,7436,40.8021174,-73.9681805305,40.7892105,-73.94370784,member
2293380,7055BBE973D4AB1F,classic_bike,2021-07-03 22:04:37,2021-07-03 22:18:22,Adam Clayton Powell Blvd & W 123 St,7704,2 Ave & E 104 St,7436,40.8078316,-73.949373,40.7892105,-73.94370784,member
2293408,5C0B9F508AA65E03,classic_bike,2021-07-24 16:09:58,2021-07-24 16:19:54,Madison Ave & E 120 St,7667,2 Ave & E 104 St,7436,40.80295,-73.942954,40.7892105,-73.94370784,member
2293411,1A68DFC928CC66A4,electric_bike,2021-07-07 22:21:58,2021-07-07 22:42:34,Frederick Douglass Blvd & W 145 St,7954,2 Ave & E 104 St,7436,40.823061,-73.941928,40.7892105,-73.94370784,casual
2293415,A0EB027C5A54A54F,classic_bike,2021-07-14 17:54:40,2021-07-14 18:03:54,E 123 St & Lexington Ave,7636,2 Ave & E 104 St,7436,40.8029263,-73.9379,40.7892105,-73.94370784,casual
2293424,C07CB7EB6E5E5A76,electric_bike,2021-07-03 23:51:57,2021-07-03 23:58:33,E 123 St & Lexington Ave,7636,2 Ave & E 104 St,7436,40.8029263,-73.9379,40.7892105,-73.94370784,casual
2293458,9486812B04691AFE,electric_bike,2021-07-18 15:30:44,2021-07-18 15:38:23,E 123 St & Lexington Ave,7636,2 Ave & E 104 St,7436,40.8029263,-73.9379,40.7892105,-73.94370784,casual
2293482,B45434A277C44540,classic_bike,2021-07-26 17:07:28,2021-07-26 17:07:47,2 Ave & E 104 St,7436,2 Ave & E 104 St,7436,40.7892105,-73.94370784,40.7892105,-73.94370784,member
2293484,57C1B5D3970010B4,classic_bike,2021-07-31 13:57:13,2021-07-31 14:36:59,2 Ave & E 104 St,7436,2 Ave & E 104 St,7436,40.7892105,-73.94370784,40.7892105,-73.94370784,member
2293488,C3B94069542A899D,classic_bike,2021-07-20 19:57:11,2021-07-20 20:04:32,2 Ave & E 104 St,7436,2 Ave & E 104 St,7436,40.7892105,-73.94370784,40.7892105,-73.94370784,member
2293509,4015A05DFF7CD203,classic_bike,2021-07-30 11:13:36,2021-07-30 11:22:14,2 Ave & E 104 St,7436,2 Ave & E 104 St,7436,40.7892105,-73.94370784,40.7892105,-73.94370784,casual
2293513,05C74D6950DB7315,electric_bike,2021-07-30 09:48:01,2021-07-30 09:50:33,2 Ave & E 104 St,7436,2 Ave & E 104 St,7436,40.7892105,-73.94370784,40.7892105,-73.94370784,casual
2293541,AEE5B5F4EC56C04D,electric_bike,2021-07-13 15:34:50,2021-07-13 15:35:13,2 Ave & E 104 St,7436,2 Ave & E 104 St,7436,40.7892105,-73.94370784,40.7892105,-73.94370784,casual
2293551,026A38FD1BB3B934,classic_bike,2021-07-30 18:49:47,2021-07-30 19:23:04,2 Ave & E 104 St,7436,2 Ave & E 104 St,7436,40.7892105,-73.94370784,40.7892105,-73.94370784,casual
2293553,2C73AAAB557D438D,electric_bike,2021-07-30 14:50:07,2021-07-30 15:17:37,2 Ave & E 104 St,7436,2 Ave & E 104 St,7436,40.7892105,-73.94370784,40.7892105,-73.94370784,casual
2293568,C7945FB86880516D,classic_bike,2021-07-25 21:03:10,2021-07-25 21:19:23,2 Ave & E 104 St,7436,2 Ave & E 104 St,7436,40.7892105,-73.94370784,40.7892105,-73.94370784,casual
2293638,5708A40844E42CA9,electric_bike,2021-07-20 23:04:47,2021-07-20 23:10:36,2 Ave & E 104 St,7436,2 Ave & E 104 St,7436,40.7892105,-73.94370784,40.7892105,-73.94370784,member
2293662,0CB3C140380D3BC0,classic_bike,2021-07-26 14:35:44,2021-07-26 15:03:31,2 Ave & E 104 St,7436,2 Ave & E 104 St,7436,40.7892105,-73.94370784,40.7892105,-73.94370784,member
2293668,158712E22B2B14D9,classic_bike,2021-07-21 14:20:59,2021-07-21 14:32:27,2 Ave & E 104 St,7436,2 Ave & E 104 St,7436,40.7892105,-73.94370784,40.7892105,-73.94370784,member
2293679,F71FD953AD849189,electric_bike,2021-07-14 17:17:24,2021-07-14 17:18:27,2 Ave & E 104 St,7436,2 Ave & E 104 St,7436,40.7892105,-73.94370784,40.7892105,-73.94370784,member
2293699,B2D8651C972F3473,electric_bike,2021-07-14 23:29:28,2021-07-14 23:40:52,2 Ave & E 104 St,7436,2 Ave & E 104 St,7436,40.7892105,-73.94370784,40.7892105,-73.94370784,member
2293700,519C2CD592225E29,electric_bike,2021-07-14 23:21:33,2021-07-14 23:22:55,2 Ave & E 104 St,7436,2 Ave & E 104 St,7436,40.7892105,-73.94370784,40.7892105,-73.94370784,member
2293703,6747D00B5D2D2A0D,classic_bike,2021-07-12 17:52:47,2021-07-12 17:52:58,2 Ave & E 104 St,7436,2 Ave & E 104 St,7436,40.7892105,-73.94370784,40.7892105,-73.94370784,member
2293730,7279C8C49CC1A5F1,electric_bike,2021-07-04 21:44:31,2021-07-04 22:12:52,2 Ave & E 104 St,7436,2 Ave & E 104 St,7436,40.7892105,-73.94370784,40.7892105,-73.94370784,casual
2293747,BBC5A89554167E87,electric_bike,2021-07-29 01:42:41,2021-07-29 02:05:53,2 Ave & E 104 St,7436,W 41 St & 8 Ave,6602,40.7892105,-73.94370784,40.75640548,-73.9900262,casual
2293765,604BF374DB08AAE2,classic_bike,2021-07-26 19:28:45,2021-07-26 19:54:10,2 Ave & E 104 St,7436,2 Ave & E 104 St,7436,40.7892105,-73.94370784,40.7892105,-73.94370784,member
2293791,CB60A656D940D0C8,classic_bike,2021-07-21 22:12:21,2021-07-21 22:12:28,2 Ave & E 104 St,7436,2 Ave & E 104 St,7436,40.7892105,-73.94370784,40.7892105,-73.94370784,member
2293801,FA987C6F47CFACEA,classic_bike,2021-07-08 07:49:30,2021-07-08 08:18:55,2 Ave & E 104 St,7436,2 Ave & E 104 St,7436,40.7892105,-73.94370784,40.7892105,-73.94370784,member
2293809,2D115763C72941A9,classic_bike,2021-07-13 16:32:48,2021-07-13 16:50:42,2 Ave & E 104 St,7436,2 Ave & E 104 St,7436,40.7892105,-73.94370784,40.7892105,-73.94370784,member
2293825,48F84BF2CB2F30D3,electric_bike,2021-07-30 13:58:36,2021-07-30 14:05:26,2 Ave & E 104 St,7436,2 Ave & E 104 St,7436,40.7892105,-73.94370784,40.7892105,-73.94370784,casual
2293834,6F16707B557FC232,classic_bike,2021-07-10 12:49:26,2021-07-10 12:49:46,2 Ave & E 104 St,7436,2 Ave & E 104 St,7436,40.7892105,-73.94370784,40.7892105,-73.94370784,casual
2293872,FCEF6FE6C78D71D8,classic_bike,2021-07-12 08:35:05,2021-07-12 08:35:08,2 Ave & E 104 St,7436,2 Ave & E 104 St,7436,40.7892105,-73.94370784,40.7892105,-73.94370784,casual
2293878,3AA800D48F5484DB,classic_bike,2021-07-25 08:37:45,2021-07-25 08:39:30,2 Ave & E 104 St,7436,2 Ave & E 104 St,7436,40.7892105,-73.94370784,40.7892105,-73.94370784,casual
2293883,B6F0210C8A5D6390,classic_bike,2021-07-13 16:14:15,2021-07-13 16:16:04,2 Ave & E 104 St,7436,2 Ave & E 104 St,7436,40.7892105,-73.94370784,40.7892105,-73.94370784,member
2293919,45BAFEC6BAFB8893,classic_bike,2021-07-12 18:49:07,2021-07-12 18:49:40,2 Ave & E 104 St,7436,2 Ave & E 104 St,7436,40.7892105,-73.94370784,40.7892105,-73.94370784,casual
2293934,D71BC84D5F3AD6FA,classic_bike,2021-07-27 18:41:28,2021-07-27 19:20:05,2 Ave & E 104 St,7436,2 Ave & E 104 St,7436,40.7892105,-73.94370784,40.7892105,-73.94370784,member
2293936,6538AC79617EFB02,classic_bike,2021-07-14 11:40:00,2021-07-14 11:42:40,2 Ave & E 104 St,7436,2 Ave & E 104 St,7436,40.7892105,-73.94370784,40.7892105,-73.94370784,member
2293969,7313DFD9CF3B5105,classic_bike,2021-07-01 21:34:22,2021-07-01 21:45:29,Madison Ave & E 120 St,7667,2 Ave & E 104 St,7436,40.80295,-73.942954,40.7892105,-73.94370784,casual
2293973,9C66BC80110939BB,electric_bike,2021-07-05 18:47:09,2021-07-05 19:02:33,Southern Blvd & E 149 St,7788,2 Ave & E 104 St,7436,40.811892,-73.904192,40.7892105,-73.94370784,casual
2293976,53BAA3B5DA15944C,electric_bike,2021-07-24 10:26:00,2021-07-24 10:35:06,Madison Ave & E 120 St,7667,2 Ave & E 104 St,7436,40.80295,-73.942954,40.7892105,-73.94370784,casual
2293980,0DF9D752C19790C0,classic_bike,2021-07-24 16:09:09,2021-07-24 16:20:09,Madison Ave & E 120 St,7667,2 Ave & E 104 St,7436,40.80295,-73.942954,40.7892105,-73.94370784,casual
2294004,E37F583CF685BC09,classic_bike,2021-07-24 16:08:47,2021-07-24 16:19:56,Madison Ave & E 120 St,7667,2 Ave & E 104 St,7436,40.80295,-73.942954,40.7892105,-73.94370784,casual
2294008,0CF4B74770EC6500,classic_bike,2021-07-24 16:08:33,2021-07-24 16:20:14,Madison Ave & E 120 St,7667,2 Ave & E 104 St,7436,40.80295,-73.942954,40.7892105,-73.94370784,casual
2294171,E56C44DDFCE22B8B,classic_bike,2021-07-18 21:00:12,2021-07-18 21:45:48,1 Ave & E 30 St,6079,2 Ave & E 104 St,7436,40.74144387,-73.97536082,40.7892105,-73.94370784,casual
2294227,590535D078A483F4,classic_bike,2021-07-11 21:23:35,2021-07-11 21:29:03,E 106 St & Madison Ave,7528,2 Ave & E 104 St,7436,40.7934337,-73.94945003,40.7892105,-73.94370784,casual
2294245,38D3E45A8DE48D4B,classic_bike,2021-07-05 18:07:59,2021-07-05 18:24:34,E 45 St & 3 Ave,6464,2 Ave & E 104 St,7436,40.75255434,-73.97282625,40.7892105,-73.94370784,member
2294247,D5488C1619A91D74,classic_bike,2021-07-06 13:41:34,2021-07-06 13:49:08,E 88 St & 1 Ave,7235,2 Ave & E 104 St,7436,40.778301,-73.9488134,40.7892105,-73.94370784,member
2294266,4211552BC0FF7B60,classic_bike,2021-07-15 20:26:05,2021-07-15 20:32:16,E 88 St & 1 Ave,7235,2 Ave & E 104 St,7436,40.778301,-73.9488134,40.7892105,-73.94370784,member
2294273,BBD744D0BF02064F,electric_bike,2021-07-20 19:06:41,2021-07-20 19:11:47,E 88 St & 1 Ave,7235,2 Ave & E 104 St,7436,40.778301,-73.9488134,40.7892105,-73.94370784,member
2294274,B16A9D222DAB39B6,classic_bike,2021-07-23 09:17:15,2021-07-23 09:24:54,E 88 St & 1 Ave,7235,2 Ave & E 104 St,7436,40.778301,-73.9488134,40.7892105,-73.94370784,member
2294290,8E22ED33C7C1A443,classic_bike,2021-07-12 23:50:57,2021-07-12 23:56:49,E 88 St & 1 Ave,7235,2 Ave & E 104 St,7436,40.778301,-73.9488134,40.7892105,-73.94370784,member
2294291,B87F97493811E68D,classic_bike,2021-07-10 12:09:46,2021-07-10 12:17:03,E 88 St & 1 Ave,7235,2 Ave & E 104 St,7436,40.778301,-73.9488134,40.7892105,-73.94370784,member
2294292,57272AE1A55E7361,classic_bike,2021-07-21 18:01:31,2021-07-21 18:06:53,E 88 St & 1 Ave,7235,2 Ave & E 104 St,7436,40.778301,-73.9488134,40.7892105,-73.94370784,member
2294295,EB08CB301F10BE9B,electric_bike,2021-07-15 15:51:27,2021-07-15 15:56:11,E 88 St & 1 Ave,7235,2 Ave & E 104 St,7436,40.778301,-73.9488134,40.7892105,-73.94370784,member
2294303,B26048B06153B77F,electric_bike,2021-07-12 18:33:40,2021-07-12 18:49:11,Amsterdam Ave & W 125 St,7800,2 Ave & E 104 St,7436,40.813358,-73.956461,40.7892105,-73.94370784,casual
2294315,A41326E99DB02360,classic_bike,2021-07-07 16:12:32,2021-07-07 16:26:07,E 88 St & 1 Ave,7235,2 Ave & E 104 St,7436,40.778301,-73.9488134,40.7892105,-73.94370784,member
2294359,2C711EF8C95EEE52,classic_bike,2021-07-11 17:18:21,2021-07-11 17:24:47,E 88 St & 1 Ave,7235,2 Ave & E 104 St,7436,40.778301,-73.9488134,40.7892105,-73.94370784,member
2294408,EAB1E70839FC86D3,electric_bike,2021-07-03 19:58:10,2021-07-03 20:14:59,W 92 St & Broadway,7502,2 Ave & E 104 St,7436,40.7921,-73.9739,40.7892105,-73.94370784,member
2294469,4BC1F8B2613C4BE0,classic_bike,2021-07-27 18:00:40,2021-07-27 18:08:40,Central Park North & Adam Clayton Powell Blvd,7617,2 Ave & E 104 St,7436,40.799484,-73.955613,40.7892105,-73.94370784,casual
2294474,D571EBC519B326DC,electric_bike,2021-07-05 18:59:08,2021-07-05 19:41:12,Central Park North & Adam Clayton Powell Blvd,7617,2 Ave & E 104 St,7436,40.799484,-73.955613,40.7892105,-73.94370784,casual
2294495,2336576CCAE693C9,classic_bike,2021-07-21 15:59:19,2021-07-21 16:10:27,Central Park North & Adam Clayton Powell Blvd,7617,2 Ave & E 104 St,7436,40.799484,-73.955613,40.7892105,-73.94370784,casual
2294498,D8539AF259C6FB0F,electric_bike,2021-07-30 14:23:44,2021-07-30 14:30:25,Central Park North & Adam Clayton Powell Blvd,7617,2 Ave & E 104 St,7436,40.799484,-73.955613,40.7892105,-73.94370784,casual
2294508,744A2C67DAF507D8,classic_bike,2021-07-26 19:19:03,2021-07-26 19:27:58,Central Park North & Adam Clayton Powell Blvd,7617,2 Ave & E 104 St,7436,40.799484,-73.955613,40.7892105,-73.94370784,member
2294513,11327A1928F7B2C7,classic_bike,2021-07-11 17:05:13,2021-07-11 17:35:13,Central Park North & Adam Clayton Powell Blvd,7617,2 Ave & E 104 St,7436,40.799484,-73.955613,40.7892105,-73.94370784,casual
2294518,3F48BC51F6EC007B,electric_bike,2021-07-17 12:09:00,2021-07-17 12:23:48,Central Park North & Adam Clayton Powell Blvd,7617,2 Ave & E 104 St,7436,40.799484,-73.955613,40.7892105,-73.94370784,member
2294519,D812797D45B1C208,classic_bike,2021-07-17 09:30:32,2021-07-17 10:31:42,Central Park North & Adam Clayton Powell Blvd,7617,2 Ave & E 104 St,7436,40.799484,-73.955613,40.7892105,-73.94370784,member
2294523,F64301B8A0257232,electric_bike,2021-07-02 07:26:13,2021-07-02 07:32:34,Central Park North & Adam Clayton Powell Blvd,7617,2 Ave & E 104 St,7436,40.799484,-73.955613,40.7892105,-73.94370784,casual
2294543,3DF65BA40ED99538,electric_bike,2021-07-17 12:18:48,2021-07-17 12:35:15,W 90 St & Amsterdam Ave,7432,2 Ave & E 104 St,7436,40.79017948095081,-73.97288918495178,40.7892105,-73.94370784,member
2294571,6AE2E24F434DEF70,electric_bike,2021-07-29 18:29:47,2021-07-29 18:42:17,E 58 St & 3 Ave,6762,2 Ave & E 104 St,7436,40.76095756,-73.96724467,40.7892105,-73.94370784,member
2294589,266FBA662390A9D3,classic_bike,2021-07-19 12:02:28,2021-07-19 12:06:48,E 95 St & 3 Ave,7365,2 Ave & E 104 St,7436,40.7849032,-73.950503,40.7892105,-73.94370784,member
2294603,C51CB423AAE1AB5C,classic_bike,2021-07-28 12:34:17,2021-07-28 12:47:25,5 Ave & W 126 St,7701,2 Ave & E 104 St,7436,40.80722,-73.9418,40.7892105,-73.94370784,member
2294631,A2EA1948ADD7D836,electric_bike,2021-07-24 17:39:03,2021-07-24 18:10:12,W 10 St & Washington St,5847,2 Ave & E 104 St,7436,40.73342399437081,-74.00851495563984,40.7892105,-73.94370784,member
2294676,34DF1C30A8FE7B55,classic_bike,2021-07-05 08:18:43,2021-07-05 08:20:51,2 Ave & E 104 St,7436,2 Ave & E 104 St,7436,40.7892105,-73.94370784,40.7892105,-73.94370784,member
2294686,CCEDC0F16FA1E8B7,classic_bike,2021-07-17 13:50:00,2021-07-17 13:57:59,2 Ave & E 104 St,7436,2 Ave & E 104 St,7436,40.7892105,-73.94370784,40.7892105,-73.94370784,member
2294687,49B0CB81BFE83110,classic_bike,2021-07-16 21:37:37,2021-07-16 21:54:29,2 Ave & E 104 St,7436,2 Ave & E 104 St,7436,40.7892105,-73.94370784,40.7892105,-73.94370784,member
2294688,3542D7DA2CB1949F,classic_bike,2021-07-27 20:42:50,2021-07-27 21:07:14,2 Ave & E 104 St,7436,2 Ave & E 104 St,7436,40.7892105,-73.94370784,40.7892105,-73.94370784,member
2294689,F254F8A62D0C9251,classic_bike,2021-07-27 20:07:59,2021-07-27 20:39:57,2 Ave & E 104 St,7436,2 Ave & E 104 St,7436,40.7892105,-73.94370784,40.7892105,-73.94370784,member
2294690,9EBEE7BF7BB863DF,classic_bike,2021-07-26 21:25:13,2021-07-26 21:33:29,2 Ave & E 104 St,7436,2 Ave & E 104 St,7436,40.7892105,-73.94370784,40.7892105,-73.94370784,member
2294692,2C6C75F8BEC61807,classic_bike,2021-07-12 14:37:05,2021-07-12 14:42:52,2 Ave & E 104 St,7436,2 Ave & E 104 St,7436,40.7892105,-73.94370784,40.7892105,-73.94370784,member
2294693,4496B7F596CDF481,classic_bike,2021-07-19 20:03:29,2021-07-19 20:13:55,2 Ave & E 104 St,7436,2 Ave & E 104 St,7436,40.7892105,-73.94370784,40.7892105,-73.94370784,member
2294817,7630601D968B0E42,electric_bike,2021-07-20 20:03:06,2021-07-20 20:11:05,E 123 St & Lexington Ave,7636,2 Ave & E 104 St,7436,40.8029263,-73.9379,40.7892105,-73.94370784,member
2294824,3244BB09B8D0077B,classic_bike,2021-07-18 18:37:01,2021-07-18 18:46:57,E 123 St & Lexington Ave,7636,2 Ave & E 104 St,7436,40.8029263,-73.9379,40.7892105,-73.94370784,casual
2294840,CB366715F32BED61,classic_bike,2021-07-26 00:14:35,2021-07-26 00:23:06,E 123 St & Lexington Ave,7636,2 Ave & E 104 St,7436,40.8029263,-73.9379,40.7892105,-73.94370784,member
2294842,35AD4C28551ED1F9,classic_bike,2021-07-24 14:14:24,2021-07-24 14:23:25,E 123 St & Lexington Ave,7636,2 Ave & E 104 St,7436,40.8029263,-73.9379,40.7892105,-73.94370784,casual
2294855,E7AB0522C0AEA04D,electric_bike,2021-07-25 00:10:39,2021-07-25 00:17:05,E 123 St & Lexington Ave,7636,2 Ave & E 104 St,7436,40.8029263,-73.9379,40.7892105,-73.94370784,member
2294863,40C140F0269FFEFA,classic_bike,2021-07-22 17:29:54,2021-07-22 17:44:05,5 Ave & W 126 St,7701,2 Ave & E 104 St,7436,40.80722,-73.9418,40.7892105,-73.94370784,member
2294864,0D4BF825F1C1CA3C,classic_bike,2021-07-04 19:42:21,2021-07-04 20:08:40,5 Ave & E 72 St,7100,2 Ave & E 104 St,7436,40.77282817,-73.96685276,40.7892105,-73.94370784,casual
2294868,735D4BA0426F0D8B,classic_bike,2021-07-14 18:20:35,2021-07-14 18:28:02,E 118 St & 1 Ave,7596,2 Ave & E 104 St,7436,40.79747,-73.93504,40.7892105,-73.94370784,member
2294893,33855B0BF6FD39A7,classic_bike,2021-07-29 06:12:11,2021-07-29 06:30:06,Amsterdam Ave & W 79 St,7311,2 Ave & E 104 St,7436,40.7829391,-73.9786517,40.7892105,-73.94370784,member
2294894,ADC3EF42F069B866,classic_bike,2021-07-27 06:09:27,2021-07-27 06:24:15,Amsterdam Ave & W 79 St,7311,2 Ave & E 104 St,7436,40.7829391,-73.9786517,40.7892105,-73.94370784,member
2294895,FD833480D8472303,classic_bike,2021-07-30 06:12:09,2021-07-30 06:29:54,Amsterdam Ave & W 79 St,7311,2 Ave & E 104 St,7436,40.7829391,-73.9786517,40.7892105,-73.94370784,member
2294926,B7FEFF9204AD7A8B,electric_bike,2021-07-05 17:29:04,2021-07-05 17:59:46,Broadway & W 133 St,7903,2 Ave & E 104 St,7436,40.8190344,-73.956156,40.7892105,-73.94370784,casual
2294947,905900CE4A5399DB,electric_bike,2021-07-13 00:01:18,2021-07-13 00:16:59,Amsterdam Ave & W 79 St,7311,2 Ave & E 104 St,7436,40.7829391,-73.9786517,40.7892105,-73.94370784,casual
2294960,0A24D5B035B62CA6,classic_bike,2021-07-04 20:38:17,2021-07-04 20:44:41,E 118 St & 1 Ave,7596,2 Ave & E 104 St,7436,40.79747,-73.93504,40.7892105,-73.94370784,member
2294970,2EB78C3DBE0EC161,classic_bike,2021-07-09 13:09:13,2021-07-09 14:07:13,St Nicholas Ave & W 134 St,7837,2 Ave & E 104 St,7436,40.816234,-73.948222,40.7892105,-73.94370784,casual
2294983,19401AE361BE2764,classic_bike,2021-07-04 13:33:15,2021-07-04 14:26:23,Lexington Ave & E 111 St,7567,2 Ave & E 104 St,7436,40.7954121,-73.9441232,40.7892105,-73.94370784,member
2294988,083A745CCFE1247A,classic_bike,2021-07-31 14:44:36,2021-07-31 15:11:36,W 95 St & Broadway,7541,2 Ave & E 104 St,7436,40.7937704,-73.971888,40.7892105,-73.94370784,member
2294991,90519825818B04E7,classic_bike,2021-07-06 16:29:36,2021-07-06 16:42:58,W 95 St & Broadway,7541,2 Ave & E 104 St,7436,40.7937704,-73.971888,40.7892105,-73.94370784,member
2294998,CB9BFFA9E554A296,electric_bike,2021-07-19 23:45:00,2021-07-19 23:53:48,W 95 St & Broadway,7541,2 Ave & E 104 St,7436,40.7937704,-73.971888,40.7892105,-73.94370784,member
2295000,6F0ECFCB0088C25B,electric_bike,2021-07-16 14:35:05,2021-07-16 14:56:09,W 146 St & Broadway,8018,2 Ave & E 104 St,7436,40.826969,-73.949738,40.7892105,-73.94370784,casual
2295004,6C053362C4FCF78C,electric_bike,2021-07-25 10:00:40,2021-07-25 10:04:52,Lexington Ave & E 111 St,7567,2 Ave & E 104 St,7436,40.7954121,-73.9441232,40.7892105,-73.94370784,member
2295005,37AD97F8D72C9E2F,classic_bike,2021-07-13 18:02:39,2021-07-13 18:06:49,Lexington Ave & E 111 St,7567,2 Ave & E 104 St,7436,40.7954121,-73.9441232,40.7892105,-73.94370784,member
2295008,EBEDF77AC9F51827,classic_bike,2021-07-27 17:41:15,2021-07-27 17:54:04,Lexington Ave & E 111 St,7567,2 Ave & E 104 St,7436,40.7954121,-73.9441232,40.7892105,-73.94370784,member
2295014,3B2C8DF7255D8751,electric_bike,2021-07-14 21:04:50,2021-07-14 21:09:11,Lexington Ave & E 111 St,7567,2 Ave & E 104 St,7436,40.7954121,-73.9441232,40.7892105,-73.94370784,member
2295015,AEF5F3009F63AAD4,classic_bike,2021-07-15 20:21:53,2021-07-15 20:27:44,Lexington Ave & E 111 St,7567,2 Ave & E 104 St,7436,40.7954121,-73.9441232,40.7892105,-73.94370784,member
2295017,B0879F1FCAF92C13,classic_bike,2021-07-20 16:11:58,2021-07-20 16:15:47,Lexington Ave & E 111 St,7567,2 Ave & E 104 St,7436,40.7954121,-73.9441232,40.7892105,-73.94370784,casual
2295019,4E71CD81DBB1DA8E,electric_bike,2021-07-06 07:10:48,2021-07-06 07:30:57,Amsterdam Ave & W 156 St,8104,2 Ave & E 104 St,7436,40.832081,-73.942386,40.7892105,-73.94370784,casual
2295021,1885BC74E0C502E0,classic_bike,2021-07-29 16:41:07,2021-07-29 16:47:46,Lexington Ave & E 111 St,7567,2 Ave & E 104 St,7436,40.7954121,-73.9441232,40.7892105,-73.94370784,casual
2295022,201CEF7FF9763131,classic_bike,2021-07-27 19:56:55,2021-07-27 20:03:07,Lexington Ave & E 111 St,7567,2 Ave & E 104 St,7436,40.7954121,-73.9441232,40.7892105,-73.94370784,member
2295041,CC930887A3CA4B2F,classic_bike,2021-07-20 15:54:15,2021-07-20 15:59:20,Lexington Ave & E 111 St,7567,2 Ave & E 104 St,7436,40.7954121,-73.9441232,40.7892105,-73.94370784,member
2295042,F47236E55CBDDFC8,classic_bike,2021-07-14 15:56:20,2021-07-14 16:01:00,Lexington Ave & E 111 St,7567,2 Ave & E 104 St,7436,40.7954121,-73.9441232,40.7892105,-73.94370784,member
2295043,7C09F3CC37B45295,classic_bike,2021-07-27 15:55:00,2021-07-27 16:01:12,Lexington Ave & E 111 St,7567,2 Ave & E 104 St,7436,40.7954121,-73.9441232,40.7892105,-73.94370784,member
2295049,48B749065E831D54,classic_bike,2021-07-15 23:21:21,2021-07-15 23:34:38,W 110 St & Amsterdam Ave,7646,2 Ave & E 104 St,7436,40.802692,-73.96295,40.7892105,-73.94370784,casual
2295052,3BCA1EB41CACADB6,classic_bike,2021-07-05 13:58:39,2021-07-05 14:10:07,E 114 St & 1 Ave,7540,2 Ave & E 104 St,7436,40.7945663,-73.9362541,40.7892105,-73.94370784,member
2295054,D04CE44A58CCA515,classic_bike,2021-07-07 10:08:17,2021-07-07 10:14:16,2 Ave & E 122 St,7622,2 Ave & E 104 St,7436,40.8006721,-73.9349,40.7892105,-73.94370784,member
2295100,856E90CF847BA37C,classic_bike,2021-07-14 20:59:53,2021-07-14 21:14:04,W 110 St & Amsterdam Ave,7646,2 Ave & E 104 St,7436,40.802692,-73.96295,40.7892105,-73.94370784,casual
2295133,F077CC4D1A72A8C9,electric_bike,2021-07-03 12:41:25,2021-07-03 12:52:04,1 Ave & E 78 St,7020,2 Ave & E 104 St,7436,40.77140426,-73.9535166,40.7892105,-73.94370784,member
2295146,9C90B933339DC929,electric_bike,2021-07-16 15:17:46,2021-07-16 15:24:59,1 Ave & E 78 St,7020,2 Ave & E 104 St,7436,40.77140426,-73.9535166,40.7892105,-73.94370784,member
2295147,3455A5FD868A317D,electric_bike,2021-07-15 21:07:01,2021-07-15 21:15:35,1 Ave & E 78 St,7020,2 Ave & E 104 St,7436,40.77140426,-73.9535166,40.7892105,-73.94370784,member
2295167,71CA8E00DC2FE76B,classic_bike,2021-07-20 11:50:09,2021-07-20 11:56:15,E 114 St & 1 Ave,7540,2 Ave & E 104 St,7436,40.7945663,-73.9362541,40.7892105,-73.94370784,member
2295170,83AC0B0D79310E6E,classic_bike,2021-07-29 10:58:28,2021-07-29 11:15:33,Central Park W & W 97 St,7538,2 Ave & E 104 St,7436,40.79249519495111,-73.96417066463071,40.7892105,-73.94370784,member
2295182,4CEF34C6FF85317A,electric_bike,2021-07-01 08:16:15,2021-07-01 08:36:42,Amsterdam Ave & W 156 St,8104,2 Ave & E 104 St,7436,40.832081,-73.942386,40.7892105,-73.94370784,casual
2295195,9BA97C96C41A7811,classic_bike,2021-07-01 18:24:58,2021-07-01 18:38:59,W 95 St & Broadway,7541,2 Ave & E 104 St,7436,40.7937704,-73.971888,40.7892105,-73.94370784,member
2295213,AB17AD660E15ED07,classic_bike,2021-07-16 19:54:09,2021-07-16 20:14:14,W 95 St & Broadway,7541,2 Ave & E 104 St,7436,40.7937704,-73.971888,40.7892105,-73.94370784,member
2295231,2DA29C3D2144D7C6,classic_bike,2021-07-08 16:05:02,2021-07-08 16:09:39,E 102 St & Park Ave,7488,2 Ave & E 104 St,7436,40.7904828,-73.95033068,40.7892105,-73.94370784,member
2295245,BC441AECCD0F5418,electric_bike,2021-07-22 16:44:57,2021-07-22 17:04:30,Amsterdam Ave & W 73 St,7260,2 Ave & E 104 St,7436,40.77966809007312,-73.98093044757842,40.7892105,-73.94370784,member
2295246,A5D537F898867C1A,electric_bike,2021-07-12 23:21:33,2021-07-12 23:34:25,Amsterdam Ave & W 73 St,7260,2 Ave & E 104 St,7436,40.77966809007312,-73.98093044757842,40.7892105,-73.94370784,member
2295281,19F389FB0A4C62DB,classic_bike,2021-07-06 18:26:30,2021-07-06 18:31:24,E 114 St & 1 Ave,7540,2 Ave & E 104 St,7436,40.7945663,-73.9362541,40.7892105,-73.94370784,member
2295355,19323B59C3CD044A,electric_bike,2021-07-03 20:33:35,2021-07-03 21:08:28,Suffolk St & Stanton St,5445,2 Ave & E 104 St,7436,40.72066442,-73.98517977,40.7892105,-73.94370784,casual
2295381,022D66163E8B4B32,classic_bike,2021-07-15 01:21:32,2021-07-15 01:25:22,E 106 St & 1 Ave,7456,2 Ave & E 104 St,7436,40.7892529,-73.93956237,40.7892105,-73.94370784,member
2295382,1F57FB81245B02C3,classic_bike,2021-07-27 02:40:11,2021-07-27 02:43:56,E 106 St & 1 Ave,7456,2 Ave & E 104 St,7436,40.7892529,-73.93956237,40.7892105,-73.94370784,member
2295398,29AF08840A8FA875,electric_bike,2021-07-15 23:25:53,2021-07-15 23:36:20,E 106 St & 1 Ave,7456,2 Ave & E 104 St,7436,40.7892529,-73.93956237,40.7892105,-73.94370784,member
2295403,ADCDB47E00309F7A,classic_bike,2021-07-05 12:48:25,2021-07-05 12:51:48,E 106 St & 1 Ave,7456,2 Ave & E 104 St,7436,40.7892529,-73.93956237,40.7892105,-73.94370784,member
2295405,6782554AAC8A9308,classic_bike,2021-07-08 12:07:16,2021-07-08 12:10:53,E 106 St & 1 Ave,7456,2 Ave & E 104 St,7436,40.7892529,-73.93956237,40.7892105,-73.94370784,member
2295406,87FDD5A3BD714BA8,classic_bike,2021-07-05 19:51:43,2021-07-05 19:56:36,E 106 St & 1 Ave,7456,2 Ave & E 104 St,7436,40.7892529,-73.93956237,40.7892105,-73.94370784,member
2295407,4D908C89994CBB4D,electric_bike,2021-07-31 22:47:47,2021-07-31 23:04:20,West End Ave & W 60 St,7059,2 Ave & E 104 St,7436,40.77237,-73.99005,40.7892105,-73.94370784,member
2295410,8BAD17D7312B4542,classic_bike,2021-07-07 14:59:45,2021-07-07 15:10:19,E 106 St & 1 Ave,7456,2 Ave & E 104 St,7436,40.7892529,-73.93956237,40.7892105,-73.94370784,member
2295411,B224C5E291938651,electric_bike,2021-07-12 01:01:25,2021-07-12 01:30:47,West End Ave & W 60 St,7059,2 Ave & E 104 St,7436,40.77237,-73.99005,40.7892105,-73.94370784,member
2295426,254C812F4AE8CCBB,classic_bike,2021-07-05 20:22:10,2021-07-05 20:28:49,E 114 St & 1 Ave,7540,2 Ave & E 104 St,7436,40.7945663,-73.9362541,40.7892105,-73.94370784,member
2295427,2D9C926CCDAAA4AC,electric_bike,2021-07-14 19:01:20,2021-07-14 19:06:20,2 Ave & E 122 St,7622,2 Ave & E 104 St,7436,40.8006721,-73.9349,40.7892105,-73.94370784,member
2295448,AFB653A8E79F08B3,electric_bike,2021-07-30 16:40:20,2021-07-30 16:44:52,E 118 St & 1 Ave,7596,2 Ave & E 104 St,7436,40.79747,-73.93504,40.7892105,-73.94370784,member
2295450,2FA934A6D70C6C82,electric_bike,2021-07-15 07:55:23,2021-07-15 08:00:59,E 118 St & 1 Ave,7596,2 Ave & E 104 St,7436,40.79747,-73.93504,40.7892105,-73.94370784,member
2295467,2A7A0E532FD0645E,classic_bike,2021-07-18 14:48:01,2021-07-18 14:52:07,Madison Ave & E 99 St,7443,2 Ave & E 104 St,7436,40.78948541553215,-73.95242929458618,40.7892105,-73.94370784,member
2295472,663ADE59B53B9971,classic_bike,2021-07-14 16:04:02,2021-07-14 16:08:52,E 106 St & 1 Ave,7456,2 Ave & E 104 St,7436,40.7892529,-73.93956237,40.7892105,-73.94370784,casual
2295486,67E8AD3B794CB91B,classic_bike,2021-07-29 10:17:55,2021-07-29 10:21:38,E 106 St & 1 Ave,7456,2 Ave & E 104 St,7436,40.7892529,-73.93956237,40.7892105,-73.94370784,member
2295497,598A6D0DB000E4CA,electric_bike,2021-07-20 18:49:49,2021-07-20 19:40:02,Melrose Ave & E 150 St,7879,2 Ave & E 104 St,7436,40.816827,-73.917338,40.7892105,-73.94370784,casual
2295499,25F6B650986E4096,classic_bike,2021-07-01 12:01:45,2021-07-01 12:10:50,E 106 St & 1 Ave,7456,2 Ave & E 104 St,7436,40.7892529,-73.93956237,40.7892105,-73.94370784,member
2295504,48463BF1087F065E,electric_bike,2021-07-27 06:50:43,2021-07-27 06:52:39,E 106 St & 1 Ave,7456,2 Ave & E 104 St,7436,40.7892529,-73.93956237,40.7892105,-73.94370784,casual
2295508,B433EE97A7EB814A,classic_bike,2021-07-29 14:57:20,2021-07-29 15:00:38,E 106 St & 1 Ave,7456,2 Ave & E 104 St,7436,40.7892529,-73.93956237,40.7892105,-73.94370784,member
2295510,93C4CB3D77A83800,electric_bike,2021-07-04 22:30:01,2021-07-04 22:46:29,West End Ave & W 60 St,7059,2 Ave & E 104 St,7436,40.77237,-73.99005,40.7892105,-73.94370784,member
2295521,C7DD7B2DD21439DE,electric_bike,2021-07-15 12:41:47,2021-07-15 12:44:33,E 106 St & 1 Ave,7456,2 Ave & E 104 St,7436,40.7892529,-73.93956237,40.7892105,-73.94370784,member
2295538,830176B209972386,classic_bike,2021-07-15 12:08:48,2021-07-15 12:11:14,E 106 St & 1 Ave,7456,2 Ave & E 104 St,7436,40.7892529,-73.93956237,40.7892105,-73.94370784,member
2295546,4A8F6227F6320C22,classic_bike,2021-07-14 17:10:49,2021-07-14 17:17:27,E 106 St & 1 Ave,7456,2 Ave & E 104 St,7436,40.7892529,-73.93956237,40.7892105,-73.94370784,member
2295554,588D74601CF1D907,classic_bike,2021-07-13 13:30:36,2021-07-13 13:32:43,E 106 St & 1 Ave,7456,2 Ave & E 104 St,7436,40.7892529,-73.93956237,40.7892105,-73.94370784,member
2295574,5E874A98C8295327,classic_bike,2021-07-27 16:16:09,2021-07-27 16:21:52,E 106 St & 1 Ave,7456,2 Ave & E 104 St,7436,40.7892529,-73.93956237,40.7892105,-73.94370784,member
2295601,4A45337662C95B84,electric_bike,2021-07-22 11:24:19,2021-07-22 11:33:41,E 74 St & 1 Ave,6953,2 Ave & E 104 St,7436,40.7689738,-73.95482273,40.7892105,-73.94370784,casual
2295604,AAF9E14598D53B93,electric_bike,2021-07-05 17:14:54,2021-07-05 17:38:42,Morris Ave & E 153 St,7901,2 Ave & E 104 St,7436,40.820036,-73.921411,40.7892105,-73.94370784,casual
2295608,98791A541ECB354A,classic_bike,2021-07-10 16:38:13,2021-07-10 16:51:55,E 74 St & 1 Ave,6953,2 Ave & E 104 St,7436,40.7689738,-73.95482273,40.7892105,-73.94370784,member
2295638,2A4A71B34E68087D,classic_bike,2021-07-18 17:55:31,2021-07-18 17:59:14,E 106 St & 1 Ave,7456,2 Ave & E 104 St,7436,40.7892529,-73.93956237,40.7892105,-73.94370784,member
2295639,F641A53838A1EC26,electric_bike,2021-07-09 14:52:41,2021-07-09 14:54:39,E 106 St & 1 Ave,7456,2 Ave & E 104 St,7436,40.7892529,-73.93956237,40.7892105,-73.94370784,member
2295648,082FA24390EEEA1C,classic_bike,2021-07-11 18:04:28,2021-07-11 18:18:54,E 74 St & 1 Ave,6953,2 Ave & E 104 St,7436,40.7689738,-73.95482273,40.7892105,-73.94370784,member
2295677,867768F6C4E5DC36,classic_bike,2021-07-31 21:30:03,2021-07-31 21:33:45,E 106 St & 1 Ave,7456,2 Ave & E 104 St,7436,40.7892529,-73.93956237,40.7892105,-73.94370784,member
2295678,5BDBA27867FBB16A,classic_bike,2021-07-13 18:45:27,2021-07-13 18:51:54,E 106 St & 1 Ave,7456,2 Ave & E 104 St,7436,40.7892529,-73.93956237,40.7892105,-73.94370784,member
2295682,56F4FC9188D0E028,classic_bike,2021-07-27 14:32:38,2021-07-27 15:00:42,E 106 St & 1 Ave,7456,2 Ave & E 104 St,7436,40.7892529,-73.93956237,40.7892105,-73.94370784,casual
2295727,01DB163DAC5ADCBA,classic_bike,2021-07-16 20:23:33,2021-07-16 20:39:21,7 Ave & Central Park South,6912,2 Ave & E 104 St,7436,40.7667405590595,-73.9790689945221,40.7892105,-73.94370784,casual
2295728,024F69A96D6B335F,electric_bike,2021-07-17 19:18:27,2021-07-17 19:31:24,7 Ave & Central Park South,6912,2 Ave & E 104 St,7436,40.7667405590595,-73.9790689945221,40.7892105,-73.94370784,casual
2295752,C9E246F4E03A35B3,classic_bike,2021-07-07 08:03:58,2021-07-07 08:14:34,Adam Clayton Powell Blvd & W 118 St,7670,2 Ave & E 104 St,7436,40.804372,-73.951475,40.7892105,-73.94370784,casual
2295766,26627387D4A943B1,classic_bike,2021-07-14 19:19:49,2021-07-14 19:32:34,E 74 St & 1 Ave,6953,2 Ave & E 104 St,7436,40.7689738,-73.95482273,40.7892105,-73.94370784,member
2295767,B789FBA4D6EA3B02,classic_bike,2021-07-30 19:01:46,2021-07-30 19:12:50,E 74 St & 1 Ave,6953,2 Ave & E 104 St,7436,40.7689738,-73.95482273,40.7892105,-73.94370784,member
2295778,0B16B7AB5FC85294,classic_bike,2021-07-08 14:34:22,2021-07-08 14:52:32,1 Ave & E 78 St,7020,2 Ave & E 104 St,7436,40.77140426,-73.9535166,40.7892105,-73.94370784,member
2295781,D169829FE254AD1C,classic_bike,2021-07-20 16:13:48,2021-07-20 16:24:47,1 Ave & E 78 St,7020,2 Ave & E 104 St,7436,40.77140426,-73.9535166,40.7892105,-73.94370784,member
2295787,2F4E716AAD5F1464,electric_bike,2021-07-31 03:10:36,2021-07-31 03:18:10,1 Ave & E 78 St,7020,2 Ave & E 104 St,7436,40.77140426,-73.9535166,40.7892105,-73.94370784,member
2295798,70BB61E10040AB12,classic_bike,2021-07-19 20:55:32,2021-07-19 21:21:57,W 84 St & Broadway,7409,2 Ave & E 104 St,7436,40.7867947,-73.977112,40.7892105,-73.94370784,member
2295801,A5F9FFB49BB12CF6,electric_bike,2021-07-17 18:42:48,2021-07-17 19:09:36,W 84 St & Broadway,7409,2 Ave & E 104 St,7436,40.7867947,-73.977112,40.7892105,-73.94370784,casual
2295834,BDDA50CD61D5E3F9,electric_bike,2021-07-01 09:28:33,2021-07-01 09:32:01,E 116 St & 2 Ave,7563,2 Ave & E 104 St,7436,40.796879,-73.937261,40.7892105,-73.94370784,casual
2295850,8DFA0B70C188FE1D,classic_bike,2021-07-27 08:23:55,2021-07-27 08:36:42,W 100 St & Manhattan Ave,7538,2 Ave & E 104 St,7436,40.795,-73.9645,40.7892105,-73.94370784,member
2295852,152B63BC393AEF78,classic_bike,2021-07-31 16:52:35,2021-07-31 16:59:21,5 Ave & E 103 St,7511,2 Ave & E 104 St,7436,40.7922553,-73.95249933,40.7892105,-73.94370784,member
2295858,6C9142B5D9A3CA54,classic_bike,2021-07-06 18:02:42,2021-07-06 18:08:39,5 Ave & E 103 St,7511,2 Ave & E 104 St,7436,40.7922553,-73.95249933,40.7892105,-73.94370784,member
2295871,C32D2823C6F7429F,classic_bike,2021-07-23 04:30:47,2021-07-23 04:40:08,Lexington Ave & E 128 St,7716,2 Ave & E 104 St,7436,40.806414,-73.936085,40.7892105,-73.94370784,member
2295872,22DC10CC82B9244F,classic_bike,2021-07-16 04:19:46,2021-07-16 04:29:25,Lexington Ave & E 128 St,7716,2 Ave & E 104 St,7436,40.806414,-73.936085,40.7892105,-73.94370784,member
2295892,7A8ABFC75D823744,classic_bike,2021-07-07 12:29:55,2021-07-07 12:42:44,Frederick Douglass Blvd & W 117 St,7688,2 Ave & E 104 St,7436,40.805159,-73.954692,40.7892105,-73.94370784,member
2295897,A88F397904569B1A,electric_bike,2021-07-17 00:46:22,2021-07-17 00:59:43,Lexington Ave & E 128 St,7716,2 Ave & E 104 St,7436,40.806414,-73.936085,40.7892105,-73.94370784,casual
2295901,5F04682403E6F1D6,electric_bike,2021-07-06 11:45:37,2021-07-06 11:54:37,Frederick Douglass Blvd & W 117 St,7688,2 Ave & E 104 St,7436,40.805159,-73.954692,40.7892105,-73.94370784,casual
2295927,9C1CEBABF2FE86B4,classic_bike,2021-07-31 17:12:49,2021-07-31 17:30:54,2 Ave & E 125 St,7648,2 Ave & E 104 St,7436,40.802554,-73.933509,40.7892105,-73.94370784,casual
2295950,C8B4E4B24CB54E4E,classic_bike,2021-07-07 17:17:31,2021-07-07 17:24:44,2 Ave & E 125 St,7648,2 Ave & E 104 St,7436,40.802554,-73.933509,40.7892105,-73.94370784,casual
2295973,979507128038CF25,classic_bike,2021-07-27 07:00:10,2021-07-27 07:06:47,2 Ave & E 125 St,7648,2 Ave & E 104 St,7436,40.802554,-73.933509,40.7892105,-73.94370784,member
2295974,B96DA23CE1151CA0,classic_bike,2021-07-10 09:41:46,2021-07-10 09:45:32,E 116 St & 2 Ave,7563,2 Ave & E 104 St,7436,40.796879,-73.937261,40.7892105,-73.94370784,member
2295986,4D323D4E8110411E,electric_bike,2021-07-30 15:46:53,2021-07-30 16:04:12,W 100 St & Broadway,7580,2 Ave & E 104 St,7436,40.7973721,-73.97041192,40.7892105,-73.94370784,casual
2296019,AD167A754FB523B4,classic_bike,2021-07-31 15:23:47,2021-07-31 15:36:36,W 116 St & Amsterdam Ave,7692,2 Ave & E 104 St,7436,40.8067581,-73.9607082,40.7892105,-73.94370784,member
2296061,2471E9E492EBCB67,classic_bike,2021-07-22 20:41:09,2021-07-22 20:53:35,Central Park W & W 97 St,7538,2 Ave & E 104 St,7436,40.79249519495111,-73.96417066463071,40.7892105,-73.94370784,member
2296062,C4E2F9A7016A208A,classic_bike,2021-07-04 18:08:01,2021-07-04 20:08:47,Central Park W & W 97 St,7538,2 Ave & E 104 St,7436,40.79249519495111,-73.96417066463071,40.7892105,-73.94370784,member
2296136,FF66AD4C2A60587C,electric_bike,2021-07-17 09:15:55,2021-07-17 09:22:46,2 Ave & E 125 St,7648,2 Ave & E 104 St,7436,40.802554,-73.933509,40.7892105,-73.94370784,casual
2296161,2DCA3C2F69105922,classic_bike,2021-07-05 13:08:46,2021-07-05 13:22:36,2 Ave & E 125 St,7648,2 Ave & E 104 St,7436,40.802554,-73.933509,40.7892105,-73.94370784,casual
2296246,7251A9F3C9A68717,electric_bike,2021-07-15 16:50:07,2021-07-15 17:01:08,Lenox Ave & W 111 St,7602,2 Ave & E 104 St,7436,40.7987859,-73.9523,40.7892105,-73.94370784,casual
2296310,950BE0D8908BC72C,classic_bike,2021-07-12 13:19:14,2021-07-12 13:25:11,1 Ave & E 110 St,7522,2 Ave & E 104 St,7436,40.7923272,-73.9383,40.7892105,-73.94370784,member
2296314,4347C8D9825645B4,classic_bike,2021-07-03 18:32:17,2021-07-03 18:55:47,1 Ave & E 110 St,7522,2 Ave & E 104 St,7436,40.7923272,-73.9383,40.7892105,-73.94370784,member
2296328,794119E57E48768E,classic_bike,2021-07-10 12:11:13,2021-07-10 12:15:47,E 93 St & 2 Ave,7286,2 Ave & E 104 St,7436,40.782454175279874,-73.9489196240902,40.7892105,-73.94370784,member
2296333,1A0A13E51F2F4E9E,classic_bike,2021-07-06 21:38:17,2021-07-06 21:45:45,E 93 St & 2 Ave,7286,2 Ave & E 104 St,7436,40.782454175279874,-73.9489196240902,40.7892105,-73.94370784,casual
2296354,CD287F86C9D530EF,classic_bike,2021-07-20 10:58:04,2021-07-20 11:02:19,1 Ave & E 110 St,7522,2 Ave & E 104 St,7436,40.7923272,-73.9383,40.7892105,-73.94370784,member
2296356,4C818E5F2E25428A,classic_bike,2021-07-06 17:16:16,2021-07-06 17:26:26,E 89 St & 3 Ave,7265,2 Ave & E 104 St,7436,40.7806284,-73.9521667,40.7892105,-73.94370784,member
2296357,C40BBBF08C981E51,classic_bike,2021-07-22 22:51:35,2021-07-22 22:55:48,1 Ave & E 110 St,7522,2 Ave & E 104 St,7436,40.7923272,-73.9383,40.7892105,-73.94370784,member
2296368,2F907C2E1E71E7DC,classic_bike,2021-07-03 18:48:01,2021-07-03 18:57:48,E 89 St & 3 Ave,7265,2 Ave & E 104 St,7436,40.7806284,-73.9521667,40.7892105,-73.94370784,member
2296372,C1D8E0A80D18EE3D,classic_bike,2021-07-15 18:05:53,2021-07-15 18:09:41,1 Ave & E 110 St,7522,2 Ave & E 104 St,7436,40.7923272,-73.9383,40.7892105,-73.94370784,casual
2296454,E9B1D072980FF29A,classic_bike,2021-07-22 20:46:04,2021-07-22 20:50:30,E 89 St & 3 Ave,7265,2 Ave & E 104 St,7436,40.7806284,-73.9521667,40.7892105,-73.94370784,member
2296458,60CCEE5C1D49E173,electric_bike,2021-07-08 22:45:46,2021-07-08 22:53:37,1 Ave & E 110 St,7522,2 Ave & E 104 St,7436,40.7923272,-73.9383,40.7892105,-73.94370784,member
2296465,5C0AA2EAFBE48571,classic_bike,2021-07-24 11:57:46,2021-07-24 13:07:41,1 Ave & E 110 St,7522,2 Ave & E 104 St,7436,40.7923272,-73.9383,40.7892105,-73.94370784,casual
2296471,F4A06641F04DA2BD,electric_bike,2021-07-21 08:15:26,2021-07-21 08:45:03,1 Ave & E 110 St,7522,2 Ave & E 104 St,7436,40.7923272,-73.9383,40.7892105,-73.94370784,casual
2296472,967B098A1FA69A7C,classic_bike,2021-07-16 18:09:49,2021-07-16 18:16:01,E 89 St & 3 Ave,7265,2 Ave & E 104 St,7436,40.7806284,-73.9521667,40.7892105,-73.94370784,casual
2296485,6779DDADFF6E6D73,classic_bike,2021-07-27 16:23:41,2021-07-27 16:45:53,Willow Ave & E 133 St,7626,2 Ave & E 104 St,7436,40.800933,-73.913863,40.7892105,-73.94370784,member
2296486,30594E8570FE4AB2,classic_bike,2021-07-28 16:31:17,2021-07-28 16:53:14,Willow Ave & E 133 St,7626,2 Ave & E 104 St,7436,40.800933,-73.913863,40.7892105,-73.94370784,member
2296487,F8D349045D3339A5,classic_bike,2021-07-21 17:07:59,2021-07-21 17:51:47,W 181 St & Riverside Dr,8381,2 Ave & E 104 St,7436,40.85168,-73.94186,40.7892105,-73.94370784,member
2296491,C2B92A7B48462AD4,electric_bike,2021-07-29 21:26:01,2021-07-29 21:35:39,E 84 St & Park Ave,7243,2 Ave & E 104 St,7436,40.77862688,-73.95772073,40.7892105,-73.94370784,casual
2296495,76CC9CD33C3A40FD,electric_bike,2021-07-22 08:15:57,2021-07-22 08:42:09,Morris Ave & E 163 St,8036,2 Ave & E 104 St,7436,40.827230499624726,-73.91765579597632,40.7892105,-73.94370784,casual
2296504,04787F82D3310E92,classic_bike,2021-07-12 12:22:14,2021-07-12 12:26:32,E 93 St & 2 Ave,7286,2 Ave & E 104 St,7436,40.782454175279874,-73.9489196240902,40.7892105,-73.94370784,member
2296558,21737E1BA31307CB,classic_bike,2021-07-22 18:20:53,2021-07-22 18:49:59,Morris Ave & E 142 St,7821,2 Ave & E 104 St,7436,40.814469,-73.924963,40.7892105,-73.94370784,member
2296562,78D0B288BF6E0A6E,classic_bike,2021-07-20 18:01:35,2021-07-20 18:06:26,E 89 St & 3 Ave,7265,2 Ave & E 104 St,7436,40.7806284,-73.9521667,40.7892105,-73.94370784,casual
2296575,09E034A20EB9816E,classic_bike,2021-07-02 14:32:42,2021-07-02 14:59:32,E 53 St & Lexington Ave,6617,2 Ave & E 104 St,7436,40.75828065,-73.97069431,40.7892105,-73.94370784,member
2296610,A39EB9C760472C19,classic_bike,2021-07-29 12:25:56,2021-07-29 12:49:19,River Ave & E 151 St,7967,2 Ave & E 104 St,7436,40.822217,-73.928939,40.7892105,-73.94370784,member
2296658,494A5B0E23D5BE1C,electric_bike,2021-07-09 15:23:01,2021-07-09 15:41:32,Central Park West & W 72 St,7141,2 Ave & E 104 St,7436,40.77579376683666,-73.9762057363987,40.7892105,-73.94370784,member
2296696,BD96F8CE6766329D,classic_bike,2021-07-23 19:58:16,2021-07-23 20:20:25,E 53 St & Lexington Ave,6617,2 Ave & E 104 St,7436,40.75828065,-73.97069431,40.7892105,-73.94370784,member
2296701,F778767DAA9792B4,classic_bike,2021-07-21 19:36:55,2021-07-21 19:50:25,E 74 St & 1 Ave,6953,2 Ave & E 104 St,7436,40.7689738,-73.95482273,40.7892105,-73.94370784,member
2296708,3738370F89050913,classic_bike,2021-07-20 21:05:46,2021-07-20 21:52:22,E 84 St & Park Ave,7243,2 Ave & E 104 St,7436,40.77862688,-73.95772073,40.7892105,-73.94370784,member
2296747,BF53493ADF376A14,classic_bike,2021-07-02 11:30:19,2021-07-02 11:42:51,St Nicholas Ave & Manhattan Ave,7723,2 Ave & E 104 St,7436,40.809725,-73.953149,40.7892105,-73.94370784,member
2296757,820C61176A3BD464,electric_bike,2021-07-07 17:07:15,2021-07-07 17:27:21,Morris Ave & E 163 St,8036,2 Ave & E 104 St,7436,40.827230499624726,-73.91765579597632,40.7892105,-73.94370784,casual
2296761,C0110E15E280063E,electric_bike,2021-07-20 10:04:51,2021-07-20 10:23:10,Morris Ave & E 163 St,8036,2 Ave & E 104 St,7436,40.827230499624726,-73.91765579597632,40.7892105,-73.94370784,casual
2296795,E50C34F17ABB93E3,classic_bike,2021-07-20 13:39:59,2021-07-20 13:45:35,E 89 St & 3 Ave,7265,2 Ave & E 104 St,7436,40.7806284,-73.9521667,40.7892105,-73.94370784,member
2296804,C4DA81D7B8399D7A,classic_bike,2021-07-02 13:32:45,2021-07-02 13:38:08,1 Ave & E 110 St,7522,2 Ave & E 104 St,7436,40.7923272,-73.9383,40.7892105,-73.94370784,casual
2296823,3C628BE8D3EC9303,classic_bike,2021-07-16 21:06:57,2021-07-16 21:29:50,E 89 St & 3 Ave,7265,2 Ave & E 104 St,7436,40.7806284,-73.9521667,40.7892105,-73.94370784,casual
2296826,32B97512579235BA,classic_bike,2021-07-06 17:41:04,2021-07-06 17:48:56,E 89 St & 3 Ave,7265,2 Ave & E 104 St,7436,40.7806284,-73.9521667,40.7892105,-73.94370784,member
2296872,AB6067E367EE6C15,classic_bike,2021-07-12 19:06:43,2021-07-12 19:43:03,W 181 St & Riverside Dr,8381,2 Ave & E 104 St,7436,40.85168,-73.94186,40.7892105,-73.94370784,member
2296873,C07D84979734D31F,classic_bike,2021-07-07 18:05:04,2021-07-07 18:13:02,E 84 St & Park Ave,7243,2 Ave & E 104 St,7436,40.77862688,-73.95772073,40.7892105,-73.94370784,member
2296889,67D56BD13B8E0757,electric_bike,2021-07-06 22:53:30,2021-07-06 23:10:33,Adam Clayton Powell Blvd & W 141 St,7893,2 Ave & E 104 St,7436,40.819241,-73.941057,40.7892105,-73.94370784,member
2296896,9453800EF2569B34,classic_bike,2021-07-23 00:29:47,2021-07-23 00:35:07,Pleasant Ave & E 116 St,7450,2 Ave & E 104 St,7436,40.7949879,-73.9333349,40.7892105,-73.94370784,casual
2296899,9DE1B6C82ABADBCB,classic_bike,2021-07-11 22:57:14,2021-07-11 23:15:50,Adam Clayton Powell Blvd & W 126 St,7738,2 Ave & E 104 St,7436,40.80949534777948,-73.94776493310928,40.7892105,-73.94370784,casual
2296901,43C40DE815CC9722,electric_bike,2021-07-31 13:00:45,2021-07-31 14:10:14,Lenox Ave & W 117 St,7655,2 Ave & E 104 St,7436,40.8025566,-73.9490782,40.7892105,-73.94370784,casual
2296903,FFE86D9A50E2BC30,electric_bike,2021-07-26 18:06:50,2021-07-26 18:19:16,Lenox Ave & W 117 St,7655,2 Ave & E 104 St,7436,40.8025566,-73.9490782,40.7892105,-73.94370784,casual
2296905,9464EB87F6BB9FB9,classic_bike,2021-07-04 22:39:32,2021-07-04 22:55:11,Pleasant Ave & E 116 St,7450,2 Ave & E 104 St,7436,40.7949879,-73.9333349,40.7892105,-73.94370784,casual
2296909,B5C7C2C6BD652EEA,classic_bike,2021-07-16 09:24:24,2021-07-16 09:35:33,Pleasant Ave & E 116 St,7450,2 Ave & E 104 St,7436,40.7949879,-73.9333349,40.7892105,-73.94370784,member
2296910,D00B0E8A594F5804,classic_bike,2021-07-20 07:34:15,2021-07-20 07:43:00,Pleasant Ave & E 116 St,7450,2 Ave & E 104 St,7436,40.7949879,-73.9333349,40.7892105,-73.94370784,casual
2296911,2801806AC70532C6,classic_bike,2021-07-08 10:51:54,2021-07-08 10:59:36,Pleasant Ave & E 116 St,7450,2 Ave & E 104 St,7436,40.7949879,-73.9333349,40.7892105,-73.94370784,casual
2296913,FC3C925E627B1367,classic_bike,2021-07-23 19:02:46,2021-07-23 19:11:12,Pleasant Ave & E 116 St,7450,2 Ave & E 104 St,7436,40.7949879,-73.9333349,40.7892105,-73.94370784,casual
2296914,F56A9CD01F9D1959,classic_bike,2021-07-29 01:37:44,2021-07-29 01:44:18,Pleasant Ave & E 116 St,7450,2 Ave & E 104 St,7436,40.7949879,-73.9333349,40.7892105,-73.94370784,casual
2296915,399CA8DFDD98AA4D,electric_bike,2021-07-06 11:02:59,2021-07-06 11:36:33,Adam Clayton Powell Blvd & W 126 St,7738,2 Ave & E 104 St,7436,40.80949534777948,-73.94776493310928,40.7892105,-73.94370784,member
2296916,DC284BAF90F81584,classic_bike,2021-07-27 15:00:31,2021-07-27 15:08:23,Pleasant Ave & E 116 St,7450,2 Ave & E 104 St,7436,40.7949879,-73.9333349,40.7892105,-73.94370784,member
2296918,2F04B594AAF2C14C,classic_bike,2021-07-25 11:51:02,2021-07-25 12:00:57,Pleasant Ave & E 116 St,7450,2 Ave & E 104 St,7436,40.7949879,-73.9333349,40.7892105,-73.94370784,member
2296934,0D79896920DA9153,classic_bike,2021-07-30 15:50:02,2021-07-30 15:54:58,E 98 St & Park Ave,7443,2 Ave & E 104 St,7436,40.78813,-73.95206,40.7892105,-73.94370784,member
2296945,557EFDE733134B3D,electric_bike,2021-07-09 16:11:51,2021-07-09 16:35:17,E 40 St & 5 Ave,6474,2 Ave & E 104 St,7436,40.752062307,-73.9816324043,40.7892105,-73.94370784,casual
2297013,9D6625F94F77C2F6,classic_bike,2021-07-25 15:11:22,2021-07-25 15:26:19,W 107 St & Columbus Ave,7619,2 Ave & E 104 St,7436,40.7997568,-73.9621128676,40.7892105,-73.94370784,member
2297038,A3E5741153247486,classic_bike,2021-07-20 07:54:00,2021-07-20 08:20:26,Grand Army Plaza & Central Park S,6839,2 Ave & E 104 St,7436,40.7643971,-73.97371465,40.7892105,-73.94370784,member
2297039,67091F80D77C1D2D,electric_bike,2021-07-15 07:39:07,2021-07-15 08:03:58,Grand Army Plaza & Central Park S,6839,2 Ave & E 104 St,7436,40.7643971,-73.97371465,40.7892105,-73.94370784,member
2297040,3D4EEBBA79FFFCB4,electric_bike,2021-07-30 01:07:16,2021-07-30 01:18:55,Grand Army Plaza & Central Park S,6839,2 Ave & E 104 St,7436,40.7643971,-73.97371465,40.7892105,-73.94370784,member
2297050,DAE7A50C2A13B3FB,electric_bike,2021-07-05 09:33:44,2021-07-05 09:50:14,Adam Clayton Powell Blvd & W 141 St,7893,2 Ave & E 104 St,7436,40.819241,-73.941057,40.7892105,-73.94370784,casual
2297051,5EC0B9F823EE9489,electric_bike,2021-07-09 23:41:12,2021-07-09 23:59:11,Adam Clayton Powell Blvd & W 141 St,7893,2 Ave & E 104 St,7436,40.819241,-73.941057,40.7892105,-73.94370784,casual
2297054,7187576DE8AD3BC1,classic_bike,2021-07-23 04:57:27,2021-07-23 05:18:29,Grand Army Plaza & Central Park S,6839,2 Ave & E 104 St,7436,40.7643971,-73.97371465,40.7892105,-73.94370784,casual
2297065,DD88A8A6C275C8D3,electric_bike,2021-07-24 12:32:16,2021-07-24 13:39:48,Graham Ave & Conselyea St,5291,2 Ave & E 104 St,7436,40.715143,-73.944507,40.7892105,-73.94370784,member
2297122,3BDCBF43B61F48AC,electric_bike,2021-07-27 18:16:18,2021-07-27 19:08:46,Graham Ave & Conselyea St,5291,2 Ave & E 104 St,7436,40.715143,-73.944507,40.7892105,-73.94370784,member
2297127,61273ED6FC7E12F1,classic_bike,2021-07-15 15:59:14,2021-07-15 16:03:08,1 Ave & E 94 St,7286,2 Ave & E 104 St,7436,40.7817212,-73.94594,40.7892105,-73.94370784,member
2297128,1995477AC7B9B933,classic_bike,2021-07-17 22:09:12,2021-07-17 22:14:08,1 Ave & E 94 St,7286,2 Ave & E 104 St,7436,40.7817212,-73.94594,40.7892105,-73.94370784,member
2297135,426BABEAC71442A3,classic_bike,2021-07-23 16:52:27,2021-07-23 17:00:18,1 Ave & E 94 St,7286,2 Ave & E 104 St,7436,40.7817212,-73.94594,40.7892105,-73.94370784,member
2297136,EA886E52166485B0,classic_bike,2021-07-03 14:06:43,2021-07-03 14:11:10,1 Ave & E 94 St,7286,2 Ave & E 104 St,7436,40.7817212,-73.94594,40.7892105,-73.94370784,member
2297165,3F693E70E24BC218,classic_bike,2021-07-23 11:49:16,2021-07-23 11:54:06,1 Ave & E 94 St,7286,2 Ave & E 104 St,7436,40.7817212,-73.94594,40.7892105,-73.94370784,member
2297166,B5F23AABF44D9655,classic_bike,2021-07-01 14:04:05,2021-07-01 14:33:53,Madison Av & E 51 St,6659,2 Ave & E 104 St,7436,40.75863,-73.97513,40.7892105,-73.94370784,member
2297167,9F879DDE3D7CEA21,classic_bike,2021-07-14 00:18:42,2021-07-14 00:23:11,1 Ave & E 94 St,7286,2 Ave & E 104 St,7436,40.7817212,-73.94594,40.7892105,-73.94370784,member
2297175,3310E59C1D6EE22F,docked_bike,2021-07-16 18:22:03,2021-07-16 18:51:59,Icahn Stadium,7514,2 Ave & E 104 St,7436,40.79346,-73.92389,40.789211,-73.943708,casual
2297182,C02BCEA3F3920953,electric_bike,2021-07-02 13:38:14,2021-07-02 13:44:48,1 Ave & E 94 St,7286,2 Ave & E 104 St,7436,40.7817212,-73.94594,40.7892105,-73.94370784,member
2297239,3A8F061E1209D071,electric_bike,2021-07-01 15:56:15,2021-07-01 16:08:09,1 Ave & E 68 St,6822,2 Ave & E 104 St,7436,40.76500525,-73.95818491,40.7892105,-73.94370784,member
2297240,92D85AF72C1BFDC4,electric_bike,2021-07-21 15:54:29,2021-07-21 16:05:31,1 Ave & E 68 St,6822,2 Ave & E 104 St,7436,40.76500525,-73.95818491,40.7892105,-73.94370784,member
2297241,56B0ED174593397F,electric_bike,2021-07-28 15:56:46,2021-07-28 16:06:46,1 Ave & E 68 St,6822,2 Ave & E 104 St,7436,40.76500525,-73.95818491,40.7892105,-73.94370784,member
2297250,63D9A0816B17F4AE,electric_bike,2021-07-14 15:56:54,2021-07-14 16:08:33,1 Ave & E 68 St,6822,2 Ave & E 104 St,7436,40.76500525,-73.95818491,40.7892105,-73.94370784,member
2297252,FC2433A467CE2E61,classic_bike,2021-07-16 06:35:08,2021-07-16 06:49:03,Icahn Stadium,7514,2 Ave & E 104 St,7436,40.79346,-73.92389,40.7892105,-73.94370784,member
2297260,B9B9C576CAC09D95,classic_bike,2021-07-28 18:38:38,2021-07-28 20:10:44,1 Ave & E 94 St,7286,2 Ave & E 104 St,7436,40.7817212,-73.94594,40.7892105,-73.94370784,casual
2297304,453A7D026AE4C38B,electric_bike,2021-07-29 15:19:53,2021-07-29 15:29:29,1 Ave & E 68 St,6822,2 Ave & E 104 St,7436,40.76500525,-73.95818491,40.7892105,-73.94370784,member
2297347,BE7ECF1F3B6CBE85,electric_bike,2021-07-01 17:04:15,2021-07-01 17:15:48,1 Ave & E 68 St,6822,2 Ave & E 104 St,7436,40.76500525,-73.95818491,40.7892105,-73.94370784,member
2297348,02145E49076D15C8,classic_bike,2021-07-21 16:58:54,2021-07-21 17:11:23,1 Ave & E 68 St,6822,2 Ave & E 104 St,7436,40.76500525,-73.95818491,40.7892105,-73.94370784,member
2297352,BE5F3A6F0439D064,electric_bike,2021-07-13 16:28:18,2021-07-13 16:38:31,1 Ave & E 68 St,6822,2 Ave & E 104 St,7436,40.76500525,-73.95818491,40.7892105,-73.94370784,member
2297354,60CB8491719DD7D5,electric_bike,2021-07-28 22:54:54,2021-07-28 22:58:53,1 Ave & E 94 St,7286,2 Ave & E 104 St,7436,40.7817212,-73.94594,40.7892105,-73.94370784,casual
2297355,6F0531FF3EB5363A,electric_bike,2021-07-09 20:05:54,2021-07-09 20:49:27,1 Ave & E 94 St,7286,2 Ave & E 104 St,7436,40.7817212,-73.94594,40.7892105,-73.94370784,casual
2297367,4090D49BF6ECFF04,electric_bike,2021-07-31 23:22:17,2021-07-31 23:32:00,1 Ave & E 68 St,6822,2 Ave & E 104 St,7436,40.76500525,-73.95818491,40.7892105,-73.94370784,casual
2297382,8EDB7A9CD778738B,classic_bike,2021-07-21 19:23:37,2021-07-21 19:46:16,Lenox Ave & W 133 St,7790,2 Ave & E 104 St,7436,40.81296,-73.941878,40.7892105,-73.94370784,member
2297383,70B5916182480238,electric_bike,2021-07-30 08:21:14,2021-07-30 08:36:44,1 Ave & E 68 St,6822,2 Ave & E 104 St,7436,40.76500525,-73.95818491,40.7892105,-73.94370784,member
2297398,7EF880F66434F759,electric_bike,2021-07-13 14:46:08,2021-07-13 15:01:02,1 Ave & E 68 St,6822,2 Ave & E 104 St,7436,40.76500525,-73.95818491,40.7892105,-73.94370784,member
2297403,2FD2A8D48AF0A84A,classic_bike,2021-07-27 16:03:01,2021-07-27 16:17:30,1 Ave & E 68 St,6822,2 Ave & E 104 St,7436,40.76500525,-73.95818491,40.7892105,-73.94370784,member
2297409,4DB4F8C8674079A9,classic_bike,2021-07-30 04:48:13,2021-07-30 05:21:06,Lenox Ave & W 133 St,7790,2 Ave & E 104 St,7436,40.81296,-73.941878,40.7892105,-73.94370784,casual
2297445,869114699A7BF2F7,classic_bike,2021-07-30 04:48:35,2021-07-30 05:21:05,Lenox Ave & W 133 St,7790,2 Ave & E 104 St,7436,40.81296,-73.941878,40.7892105,-73.94370784,casual
2297448,0EC232D4B37E9330,classic_bike,2021-07-06 15:18:07,2021-07-06 15:35:39,1 Ave & E 68 St,6822,2 Ave & E 104 St,7436,40.76500525,-73.95818491,40.7892105,-73.94370784,member
2297495,501AB649528F2347,electric_bike,2021-07-13 15:55:20,2021-07-13 16:07:11,1 Ave & E 68 St,6822,2 Ave & E 104 St,7436,40.76500525,-73.95818491,40.7892105,-73.94370784,member
2297504,11D8A0FC8F8FE50C,classic_bike,2021-07-28 16:34:50,2021-07-28 16:38:37,5 Ave & E 103 St,7511,2 Ave & E 104 St,7436,40.7922553,-73.95249933,40.7892105,-73.94370784,member
2297505,0984B2F6AB891E81,classic_bike,2021-07-21 16:13:02,2021-07-21 16:17:20,5 Ave & E 103 St,7511,2 Ave & E 104 St,7436,40.7922553,-73.95249933,40.7892105,-73.94370784,member
2297506,0AF3D2531D3AB5C4,classic_bike,2021-07-17 18:12:09,2021-07-17 18:16:02,5 Ave & E 103 St,7511,2 Ave & E 104 St,7436,40.7922553,-73.95249933,40.7892105,-73.94370784,member
2297513,CD5515D05DF676AB,electric_bike,2021-07-04 15:10:49,2021-07-04 15:20:01,1 Ave & E 68 St,6822,2 Ave & E 104 St,7436,40.76500525,-73.95818491,40.7892105,-73.94370784,member
2297527,77DEC0EBB5204A3C,electric_bike,2021-07-31 18:51:00,2021-07-31 18:55:54,5 Ave & E 103 St,7511,2 Ave & E 104 St,7436,40.7922553,-73.95249933,40.7892105,-73.94370784,member
2297532,9498FE3538DDDDFE,electric_bike,2021-07-06 20:01:35,2021-07-06 20:04:54,5 Ave & E 103 St,7511,2 Ave & E 104 St,7436,40.7922553,-73.95249933,40.7892105,-73.94370784,casual
2297533,B04D413F7C19896B,classic_bike,2021-07-11 19:43:12,2021-07-11 19:47:19,5 Ave & E 103 St,7511,2 Ave & E 104 St,7436,40.7922553,-73.95249933,40.7892105,-73.94370784,member
2297538,B34FEFA0FA42D1DF,electric_bike,2021-07-30 14:08:08,2021-07-30 14:39:39,3 Ave & E 170 St,8137,2 Ave & E 104 St,7436,40.834857,-73.903743,40.7892105,-73.94370784,casual
2297544,BE4B74CE8D91845D,classic_bike,2021-07-07 18:19:15,2021-07-07 18:23:17,5 Ave & E 103 St,7511,2 Ave & E 104 St,7436,40.7922553,-73.95249933,40.7892105,-73.94370784,member
2297546,7032416E93BD97C1,electric_bike,2021-07-01 11:23:28,2021-07-01 11:28:11,5 Ave & E 103 St,7511,2 Ave & E 104 St,7436,40.7922553,-73.95249933,40.7892105,-73.94370784,member
2297557,83DB3CA1B28BAC43,electric_bike,2021-07-20 16:49:04,2021-07-20 17:00:47,1 Ave & E 68 St,6822,2 Ave & E 104 St,7436,40.76500525,-73.95818491,40.7892105,-73.94370784,member
2297560,34B1A693CD51AF08,classic_bike,2021-07-17 12:02:31,2021-07-17 12:07:03,5 Ave & E 103 St,7511,2 Ave & E 104 St,7436,40.7922553,-73.95249933,40.7892105,-73.94370784,member
2297571,617BB1BA92F8E033,classic_bike,2021-07-06 18:03:13,2021-07-06 18:08:19,5 Ave & E 103 St,7511,2 Ave & E 104 St,7436,40.7922553,-73.95249933,40.7892105,-73.94370784,member
2297572,FF4E302B3055B7D3,classic_bike,2021-07-27 15:51:46,2021-07-27 15:56:17,5 Ave & E 103 St,7511,2 Ave & E 104 St,7436,40.7922553,-73.95249933,40.7892105,-73.94370784,member
2297581,44C3FEBB4D324B98,classic_bike,2021-07-19 08:55:34,2021-07-19 09:02:20,5 Ave & E 103 St,7511,2 Ave & E 104 St,7436,40.7922553,-73.95249933,40.7892105,-73.94370784,member
2297583,03164649AED2404A,classic_bike,2021-07-18 10:01:12,2021-07-18 10:07:52,5 Ave & E 103 St,7511,2 Ave & E 104 St,7436,40.7922553,-73.95249933,40.7892105,-73.94370784,member
2297585,D6764505F3E3BDFA,classic_bike,2021-07-23 10:15:37,2021-07-23 10:23:15,5 Ave & E 103 St,7511,2 Ave & E 104 St,7436,40.7922553,-73.95249933,40.7892105,-73.94370784,member
2297587,16A54080497B4413,electric_bike,2021-07-19 18:18:05,2021-07-19 18:58:02,5 Ave & E 103 St,7511,2 Ave & E 104 St,7436,40.7922553,-73.95249933,40.7892105,-73.94370784,member
2297588,1DEF057636C877C2,classic_bike,2021-07-04 18:22:18,2021-07-04 18:28:57,5 Ave & E 103 St,7511,2 Ave & E 104 St,7436,40.7922553,-73.95249933,40.7892105,-73.94370784,member
2297589,3231C10844515EFC,classic_bike,2021-07-11 18:38:49,2021-07-11 18:44:21,5 Ave & E 103 St,7511,2 Ave & E 104 St,7436,40.7922553,-73.95249933,40.7892105,-73.94370784,member
2297595,042512F9736212AC,classic_bike,2021-07-09 19:17:50,2021-07-09 19:21:36,5 Ave & E 103 St,7511,2 Ave & E 104 St,7436,40.7922553,-73.95249933,40.7892105,-73.94370784,member
2297596,1513AF2F23071B6A,classic_bike,2021-07-08 20:04:28,2021-07-08 20:08:42,5 Ave & E 103 St,7511,2 Ave & E 104 St,7436,40.7922553,-73.95249933,40.7892105,-73.94370784,member
2297601,481E00F1FB90C304,classic_bike,2021-07-18 18:22:04,2021-07-18 18:26:05,5 Ave & E 103 St,7511,2 Ave & E 104 St,7436,40.7922553,-73.95249933,40.7892105,-73.94370784,member
2297604,AB5006DD35746453,classic_bike,2021-07-29 16:40:49,2021-07-29 16:44:26,5 Ave & E 103 St,7511,2 Ave & E 104 St,7436,40.7922553,-73.95249933,40.7892105,-73.94370784,member
2297610,6F779B77C5AE307D,classic_bike,2021-07-19 13:09:40,2021-07-19 13:16:38,5 Ave & E 103 St,7511,2 Ave & E 104 St,7436,40.7922553,-73.95249933,40.7892105,-73.94370784,member
2297616,9DA9B2DA98980E2D,classic_bike,2021-07-29 20:19:51,2021-07-29 20:23:45,5 Ave & E 103 St,7511,2 Ave & E 104 St,7436,40.7922553,-73.95249933,40.7892105,-73.94370784,member
2297617,7A72A7D56D3AA0CA,classic_bike,2021-07-08 10:12:05,2021-07-08 10:18:57,5 Ave & E 103 St,7511,2 Ave & E 104 St,7436,40.7922553,-73.95249933,40.7892105,-73.94370784,member
2297620,F63DBA4BFC27B098,electric_bike,2021-07-08 19:00:51,2021-07-08 19:03:58,5 Ave & E 103 St,7511,2 Ave & E 104 St,7436,40.7922553,-73.95249933,40.7892105,-73.94370784,member
2297621,10FE7BF9D08A93AD,electric_bike,2021-07-03 12:52:45,2021-07-03 13:10:27,5 Ave & E 103 St,7511,2 Ave & E 104 St,7436,40.7922553,-73.95249933,40.7892105,-73.94370784,member
2297623,99AA3FC4E1DAF480,classic_bike,2021-07-28 18:00:30,2021-07-28 18:06:00,5 Ave & E 103 St,7511,2 Ave & E 104 St,7436,40.7922553,-73.95249933,40.7892105,-73.94370784,member
2297624,8084D7A11A6BBD94,classic_bike,2021-07-28 08:47:50,2021-07-28 08:54:46,5 Ave & E 103 St,7511,2 Ave & E 104 St,7436,40.7922553,-73.95249933,40.7892105,-73.94370784,member
2297659,98404784BC7FB12D,classic_bike,2021-07-01 19:05:30,2021-07-01 19:10:12,5 Ave & E 103 St,7511,2 Ave & E 104 St,7436,40.7922553,-73.95249933,40.7892105,-73.94370784,member
2297660,8BFDA9D504136215,classic_bike,2021-07-25 12:29:23,2021-07-25 12:35:40,5 Ave & E 103 St,7511,2 Ave & E 104 St,7436,40.7922553,-73.95249933,40.7892105,-73.94370784,member
2297666,5A0693D2D9D472FC,classic_bike,2021-07-10 23:31:36,2021-07-10 23:34:45,5 Ave & E 103 St,7511,2 Ave & E 104 St,7436,40.7922553,-73.95249933,40.7892105,-73.94370784,member
2297674,212A354BA0C31FA1,classic_bike,2021-07-04 18:43:26,2021-07-04 18:50:37,5 Ave & E 103 St,7511,2 Ave & E 104 St,7436,40.7922553,-73.95249933,40.7892105,-73.94370784,member
2297690,1D9120E2A539F275,electric_bike,2021-07-20 21:37:50,2021-07-20 22:04:27,Ogden Ave & W 165 St,8149,2 Ave & E 104 St,7436,40.834457,-73.928381,40.7892105,-73.94370784,casual
2297735,0BE5256D547669FC,classic_bike,2021-07-11 18:39:15,2021-07-11 18:44:29,5 Ave & E 103 St,7511,2 Ave & E 104 St,7436,40.7922553,-73.95249933,40.7892105,-73.94370784,member
2297737,171D5E744BC0C7CA,classic_bike,2021-07-15 08:38:40,2021-07-15 09:17:02,Frederick Douglass Blvd & W 117 St,7688,2 Ave & E 104 St,7436,40.805159,-73.954692,40.7892105,-73.94370784,member
2297746,BD0D975954942BCA,classic_bike,2021-07-24 22:23:18,2021-07-24 22:42:51,Frederick Douglass Blvd & W 117 St,7688,2 Ave & E 104 St,7436,40.805159,-73.954692,40.7892105,-73.94370784,member
2297770,1E46B214C0E2A91B,electric_bike,2021-07-17 23:17:43,2021-07-17 23:27:19,Frederick Douglass Blvd & W 117 St,7688,2 Ave & E 104 St,7436,40.805159,-73.954692,40.7892105,-73.94370784,casual
2297771,BFBB298992B574D1,classic_bike,2021-07-29 08:36:01,2021-07-29 08:50:21,Frederick Douglass Blvd & W 117 St,7688,2 Ave & E 104 St,7436,40.805159,-73.954692,40.7892105,-73.94370784,member
2297825,B6DE2FB6F15BD63C,classic_bike,2021-07-01 17:45:26,2021-07-01 18:06:48,E 138 St & Willow Ave,7654,2 Ave & E 104 St,7436,40.804168,-73.911545,40.7892105,-73.94370784,member
2297850,218D95B4BF0D6821,classic_bike,2021-07-17 11:52:27,2021-07-17 12:21:31,5 Ave & E 29 St,6248,2 Ave & E 104 St,7436,40.7451677,-73.98683077,40.7892105,-73.94370784,member
2297851,C6062AC2DD9C73C7,classic_bike,2021-07-01 04:30:55,2021-07-01 04:39:58,Lexington Ave & E 128 St,7716,2 Ave & E 104 St,7436,40.806414,-73.936085,40.7892105,-73.94370784,member
2297852,374362FBF8569162,classic_bike,2021-07-20 04:29:29,2021-07-20 04:38:07,Lexington Ave & E 128 St,7716,2 Ave & E 104 St,7436,40.806414,-73.936085,40.7892105,-73.94370784,member
2297853,56005ED77300F171,classic_bike,2021-07-13 04:19:49,2021-07-13 04:29:16,Lexington Ave & E 128 St,7716,2 Ave & E 104 St,7436,40.806414,-73.936085,40.7892105,-73.94370784,member
2297854,57B6B18305509037,classic_bike,2021-07-15 04:23:09,2021-07-15 04:31:44,Lexington Ave & E 128 St,7716,2 Ave & E 104 St,7436,40.806414,-73.936085,40.7892105,-73.94370784,member
2297855,8A8E07324EBEC8C8,classic_bike,2021-07-12 04:29:42,2021-07-12 04:38:09,Lexington Ave & E 128 St,7716,2 Ave & E 104 St,7436,40.806414,-73.936085,40.7892105,-73.94370784,member
2297856,5351E7BFEB3511AF,classic_bike,2021-07-21 04:19:20,2021-07-21 04:30:33,Lexington Ave & E 128 St,7716,2 Ave & E 104 St,7436,40.806414,-73.936085,40.7892105,-73.94370784,member
2297857,3A37793195CB30DF,classic_bike,2021-07-24 04:20:33,2021-07-24 04:35:43,Lexington Ave & E 128 St,7716,2 Ave & E 104 St,7436,40.806414,-73.936085,40.7892105,-73.94370784,member
2297858,4F161C7D7552D0A9,classic_bike,2021-07-08 04:23:10,2021-07-08 04:32:53,Lexington Ave & E 128 St,7716,2 Ave & E 104 St,7436,40.806414,-73.936085,40.7892105,-73.94370784,member
2297859,D9F621C9A69E64DC,classic_bike,2021-07-19 04:27:30,2021-07-19 04:36:18,Lexington Ave & E 128 St,7716,2 Ave & E 104 St,7436,40.806414,-73.936085,40.7892105,-73.94370784,member
2297900,983AEB23D3908C29,classic_bike,2021-07-27 04:36:55,2021-07-27 04:45:52,Lexington Ave & E 128 St,7716,2 Ave & E 104 St,7436,40.806414,-73.936085,40.7892105,-73.94370784,member
2297918,D2CB1902044D58FF,classic_bike,2021-07-28 10:04:02,2021-07-28 10:25:01,Lexington Ave & E 128 St,7716,2 Ave & E 104 St,7436,40.806414,-73.936085,40.7892105,-73.94370784,member
2297919,EDBF523507D0C07C,classic_bike,2021-07-27 10:17:36,2021-07-27 10:36:56,Lexington Ave & E 128 St,7716,2 Ave & E 104 St,7436,40.806414,-73.936085,40.7892105,-73.94370784,member
2297923,4927E87B851F2B70,electric_bike,2021-07-13 14:50:31,2021-07-13 15:50:23,Frederick Douglass Blvd & W 117 St,7688,2 Ave & E 104 St,7436,40.805159,-73.954692,40.7892105,-73.94370784,member
2297937,E49D819E967661FD,classic_bike,2021-07-22 04:19:35,2021-07-22 04:27:59,Lexington Ave & E 128 St,7716,2 Ave & E 104 St,7436,40.806414,-73.936085,40.7892105,-73.94370784,member
2297953,7E9180EBBC658CB3,classic_bike,2021-07-31 04:18:25,2021-07-31 04:38:44,Lexington Ave & E 128 St,7716,2 Ave & E 104 St,7436,40.806414,-73.936085,40.7892105,-73.94370784,member
2297955,34329ADD06EEBE09,electric_bike,2021-07-14 11:00:29,2021-07-14 11:09:41,Frederick Douglass Blvd & W 117 St,7688,2 Ave & E 104 St,7436,40.805159,-73.954692,40.7892105,-73.94370784,casual
2297964,985357342288101A,classic_bike,2021-07-29 04:30:34,2021-07-29 04:39:15,Lexington Ave & E 128 St,7716,2 Ave & E 104 St,7436,40.806414,-73.936085,40.7892105,-73.94370784,member
2297983,A15468FEFCA702A5,classic_bike,2021-07-30 04:24:30,2021-07-30 04:33:45,Lexington Ave & E 128 St,7716,2 Ave & E 104 St,7436,40.806414,-73.936085,40.7892105,-73.94370784,member
2297984,4FE7EF3F05D7CD4E,classic_bike,2021-07-24 22:23:30,2021-07-24 22:42:53,Frederick Douglass Blvd & W 117 St,7688,2 Ave & E 104 St,7436,40.805159,-73.954692,40.7892105,-73.94370784,member
2298002,6A29534ADF799870,classic_bike,2021-07-29 10:09:47,2021-07-29 10:31:00,Lexington Ave & E 128 St,7716,2 Ave & E 104 St,7436,40.806414,-73.936085,40.7892105,-73.94370784,member
2298008,4CB184D128051E43,classic_bike,2021-07-28 04:19:22,2021-07-28 04:28:41,Lexington Ave & E 128 St,7716,2 Ave & E 104 St,7436,40.806414,-73.936085,40.7892105,-73.94370784,member
2298030,C0D7427F58A48763,classic_bike,2021-07-19 17:31:44,2021-07-19 17:43:21,Frederick Douglass Blvd & W 112 St,7631,2 Ave & E 104 St,7436,40.801694,-73.957145,40.7892105,-73.94370784,member
2298037,3BA5E39FF117F981,classic_bike,2021-07-17 04:13:20,2021-07-17 04:28:35,Lexington Ave & E 128 St,7716,2 Ave & E 104 St,7436,40.806414,-73.936085,40.7892105,-73.94370784,member
2298049,34BAC2BE80D0165A,electric_bike,2021-07-15 14:59:25,2021-07-15 15:11:31,1 Ave & E 78 St,7020,2 Ave & E 104 St,7436,40.77140426,-73.9535166,40.7892105,-73.94370784,member
2298054,609C142ECE882CD2,electric_bike,2021-07-24 02:49:41,2021-07-24 02:56:23,1 Ave & E 78 St,7020,2 Ave & E 104 St,7436,40.77140426,-73.9535166,40.7892105,-73.94370784,casual
2298056,F41A72884A8A09E0,electric_bike,2021-07-14 17:53:58,2021-07-14 18:20:33,E 3 St & 1 Ave,5553,2 Ave & E 104 St,7436,40.72467721,-73.98783413,40.7892105,-73.94370784,member
2298059,B0E8272B5F227A2B,electric_bike,2021-07-28 15:03:27,2021-07-28 15:32:14,E 3 St & 1 Ave,5553,2 Ave & E 104 St,7436,40.72467721,-73.98783413,40.7892105,-73.94370784,member
2298132,4AFF5421EB8D4CAC,electric_bike,2021-07-26 13:15:23,2021-07-26 13:46:55,E 25 St & 2 Ave,6046,2 Ave & E 104 St,7436,40.73912601,-73.97973776,40.7892105,-73.94370784,member
2298137,C239FD4FC9586A0F,classic_bike,2021-07-26 04:19:59,2021-07-26 04:30:16,Lexington Ave & E 128 St,7716,2 Ave & E 104 St,7436,40.806414,-73.936085,40.7892105,-73.94370784,member
2298145,00470FD3048C86EC,electric_bike,2021-07-16 09:00:54,2021-07-16 09:10:53,Frederick Douglass Blvd & W 117 St,7688,2 Ave & E 104 St,7436,40.805159,-73.954692,40.7892105,-73.94370784,casual
2298159,87EC2F07175755AC,electric_bike,2021-07-12 07:17:33,2021-07-12 07:40:25,Riverside Dr & W 153 St,8108,2 Ave & E 104 St,7436,40.832164,-73.949702,40.7892105,-73.94370784,casual
2298161,AB9D7196C3B69F52,electric_bike,2021-07-07 18:41:28,2021-07-07 18:48:59,1 Ave & E 78 St,7020,2 Ave & E 104 St,7436,40.77140426,-73.9535166,40.7892105,-73.94370784,casual
2298204,D50A02B2C07ABEC0,classic_bike,2021-07-10 10:34:15,2021-07-10 10:44:29,1 Ave & E 78 St,7020,2 Ave & E 104 St,7436,40.77140426,-73.9535166,40.7892105,-73.94370784,casual
2298207,CE6C89683C8C9E6A,classic_bike,2021-07-17 17:56:08,2021-07-17 18:06:54,1 Ave & E 78 St,7020,2 Ave & E 104 St,7436,40.77140426,-73.9535166,40.7892105,-73.94370784,casual
2298210,195729609433F991,electric_bike,2021-07-21 08:12:08,2021-07-21 08:32:36,Riverside Dr & W 153 St,8108,2 Ave & E 104 St,7436,40.832164,-73.949702,40.7892105,-73.94370784,casual
2298350,403EAAE871BD58DF,electric_bike,2021-07-07 17:02:21,2021-07-07 17:25:06,E 51 St & Lexington Ave,6659,2 Ave & E 104 St,7436,40.75714758,-73.97207836,40.7892105,-73.94370784,member
2298396,D5DE92077A4CB50F,electric_bike,2021-07-02 13:04:23,2021-07-02 13:19:14,E 65 St & 2 Ave,6860,2 Ave & E 104 St,7436,40.76471851944339,-73.96222069859505,40.7892105,-73.94370784,casual
2298578,77C9667ABABAF135,classic_bike,2021-07-23 15:23:53,2021-07-23 15:26:47,2 Ave & E 96 St,7338,2 Ave & E 104 St,7436,40.7839636,-73.9471673,40.7892105,-73.94370784,casual
2298579,CC50536A12F2BB62,classic_bike,2021-07-22 14:13:01,2021-07-22 14:16:23,2 Ave & E 96 St,7338,2 Ave & E 104 St,7436,40.7839636,-73.9471673,40.7892105,-73.94370784,member
2298581,52456A4F725F6320,classic_bike,2021-07-29 14:12:09,2021-07-29 14:15:03,2 Ave & E 96 St,7338,2 Ave & E 104 St,7436,40.7839636,-73.9471673,40.7892105,-73.94370784,member
2298582,CE21AEA820A83801,classic_bike,2021-07-12 14:22:16,2021-07-12 14:25:45,2 Ave & E 96 St,7338,2 Ave & E 104 St,7436,40.7839636,-73.9471673,40.7892105,-73.94370784,member
2298583,6D86F9168E0BAD83,classic_bike,2021-07-09 14:15:53,2021-07-09 14:19:40,2 Ave & E 96 St,7338,2 Ave & E 104 St,7436,40.7839636,-73.9471673,40.7892105,-73.94370784,member
2298584,F518DA836B7E7799,electric_bike,2021-07-03 13:50:52,2021-07-03 13:55:00,2 Ave & E 96 St,7338,2 Ave & E 104 St,7436,40.7839636,-73.9471673,40.7892105,-73.94370784,member
2298585,AB54BEE82529D890,classic_bike,2021-07-12 22:42:25,2021-07-12 23:01:05,1 Ave & E 62 St,6753,2 Ave & E 104 St,7436,40.7612274,-73.96094022,40.7892105,-73.94370784,member
2298586,52995252E56D2479,electric_bike,2021-07-03 19:55:13,2021-07-03 19:58:25,2 Ave & E 96 St,7338,2 Ave & E 104 St,7436,40.7839636,-73.9471673,40.7892105,-73.94370784,member
2298587,D5EFB026929BB2CE,classic_bike,2021-07-14 20:12:42,2021-07-14 20:29:02,1 Ave & E 62 St,6753,2 Ave & E 104 St,7436,40.7612274,-73.96094022,40.7892105,-73.94370784,member
2298589,17AAA94458519A61,classic_bike,2021-07-21 17:48:17,2021-07-21 18:02:29,1 Ave & E 62 St,6753,2 Ave & E 104 St,7436,40.7612274,-73.96094022,40.7892105,-73.94370784,member
2298590,836CA008BFF059E9,electric_bike,2021-07-09 19:09:44,2021-07-09 19:13:24,2 Ave & E 96 St,7338,2 Ave & E 104 St,7436,40.7839636,-73.9471673,40.7892105,-73.94370784,member
2298592,209F27B732E103B2,electric_bike,2021-07-12 01:46:30,2021-07-12 01:48:25,2 Ave & E 96 St,7338,2 Ave & E 104 St,7436,40.7839636,-73.9471673,40.7892105,-73.94370784,member
2298593,2F9447E6B9AC292F,classic_bike,2021-07-25 03:17:04,2021-07-25 03:19:42,2 Ave & E 96 St,7338,2 Ave & E 104 St,7436,40.7839636,-73.9471673,40.7892105,-73.94370784,member
2298594,401F989571CA3C39,classic_bike,2021-07-21 19:57:54,2021-07-21 20:03:44,2 Ave & E 96 St,7338,2 Ave & E 104 St,7436,40.7839636,-73.9471673,40.7892105,-73.94370784,member
2298595,0D7124667637DA65,classic_bike,2021-07-22 20:03:46,2021-07-22 20:08:32,2 Ave & E 96 St,7338,2 Ave & E 104 St,7436,40.7839636,-73.9471673,40.7892105,-73.94370784,member
2298596,C249F9A5FD1C04BD,classic_bike,2021-07-08 19:48:46,2021-07-08 19:52:42,2 Ave & E 96 St,7338,2 Ave & E 104 St,7436,40.7839636,-73.9471673,40.7892105,-73.94370784,member
2298597,C75198ADC3038FCF,classic_bike,2021-07-10 21:29:13,2021-07-10 21:34:02,2 Ave & E 96 St,7338,2 Ave & E 104 St,7436,40.7839636,-73.9471673,40.7892105,-73.94370784,member
2298598,09E2AED7EE6C4CF7,electric_bike,2021-07-20 15:02:25,2021-07-20 15:07:35,2 Ave & E 96 St,7338,2 Ave & E 104 St,7436,40.7839636,-73.9471673,40.7892105,-73.94370784,member
2298599,1BE836CCB81E4882,electric_bike,2021-07-01 21:44:45,2021-07-01 21:48:41,2 Ave & E 96 St,7338,2 Ave & E 104 St,7436,40.7839636,-73.9471673,40.7892105,-73.94370784,member
2298601,B425D294FBB3EBDF,electric_bike,2021-07-20 19:08:29,2021-07-20 19:21:57,1 Ave & E 62 St,6753,2 Ave & E 104 St,7436,40.7612274,-73.96094022,40.7892105,-73.94370784,member
2298604,82D7BE8536DC4697,classic_bike,2021-07-08 17:46:02,2021-07-08 17:48:54,2 Ave & E 96 St,7338,2 Ave & E 104 St,7436,40.7839636,-73.9471673,40.7892105,-73.94370784,member
2298605,820729122641455B,classic_bike,2021-07-12 17:59:20,2021-07-12 18:02:14,2 Ave & E 96 St,7338,2 Ave & E 104 St,7436,40.7839636,-73.9471673,40.7892105,-73.94370784,member
2298629,689FF844EDFF77B3,classic_bike,2021-07-29 08:17:06,2021-07-29 08:27:33,E 97 St & Madison Ave,7393,2 Ave & E 104 St,7436,40.787801,-73.953559,40.7892105,-73.94370784,casual
2298630,B6D8F228343DC85E,electric_bike,2021-07-20 14:35:51,2021-07-20 14:49:04,E 72 St & York Ave,6889,2 Ave & E 104 St,7436,40.76663814,-73.95348296,40.7892105,-73.94370784,member
2298692,D56644A5FB8DB6E1,electric_bike,2021-07-11 17:39:06,2021-07-11 17:45:01,E 97 St & Madison Ave,7393,2 Ave & E 104 St,7436,40.787801,-73.953559,40.7892105,-73.94370784,casual
2298711,0D3AF0F1C99E5365,electric_bike,2021-07-22 16:53:31,2021-07-22 17:34:48,River Ave & E 153 St,8005,2 Ave & E 104 St,7436,40.82441,-73.92818,40.7892105,-73.94370784,member
2298766,9081732F1061B06F,electric_bike,2021-07-17 10:20:37,2021-07-17 10:25:37,E 97 St & Madison Ave,7393,2 Ave & E 104 St,7436,40.787801,-73.953559,40.7892105,-73.94370784,casual
2298799,8440C2B2C471569A,classic_bike,2021-07-20 23:49:12,2021-07-21 00:16:06,W 67 St & Broadway,7116,2 Ave & E 104 St,7436,40.77492513,-73.98266566,40.7892105,-73.94370784,member
2298811,ED148BC59391DEFF,electric_bike,2021-07-10 18:55:30,2021-07-10 19:07:41,Pleasant Ave & E 120 St,7579,2 Ave & E 104 St,7436,40.7974772,-73.9311847,40.7892105,-73.94370784,casual
2298825,96EE5F3571B8E64C,classic_bike,2021-07-21 17:27:31,2021-07-21 17:41:52,W 107 St & Columbus Ave,7619,2 Ave & E 104 St,7436,40.7997568,-73.9621128676,40.7892105,-73.94370784,member
2298903,7A36212431301F14,electric_bike,2021-07-16 17:08:49,2021-07-16 18:00:13,Pleasant Ave & E 120 St,7579,2 Ave & E 104 St,7436,40.7974772,-73.9311847,40.7892105,-73.94370784,casual
2298922,139DC93B40647360,classic_bike,2021-07-04 13:24:07,2021-07-04 13:32:09,Pleasant Ave & E 120 St,7579,2 Ave & E 104 St,7436,40.7974772,-73.9311847,40.7892105,-73.94370784,member
2298925,0DD5DCA50A7F9EFB,electric_bike,2021-07-21 14:41:42,2021-07-21 15:36:54,Pleasant Ave & E 120 St,7579,2 Ave & E 104 St,7436,40.7974772,-73.9311847,40.7892105,-73.94370784,member
2298947,C1E416862877509A,classic_bike,2021-07-22 03:56:51,2021-07-22 04:07:00,Pleasant Ave & E 120 St,7579,2 Ave & E 104 St,7436,40.7974772,-73.9311847,40.7892105,-73.94370784,member
2298950,2BE772217BA448D7,classic_bike,2021-07-27 17:21:56,2021-07-27 17:41:11,Central Park West & W 68 St,7079,2 Ave & E 104 St,7436,40.7734066,-73.97782542,40.7892105,-73.94370784,member
2299016,9DB9FD7155DFBA36,classic_bike,2021-07-25 22:16:27,2021-07-25 22:34:10,E 53 St & Madison Ave,6659,2 Ave & E 104 St,7436,40.7597108,-73.97402311,40.7892105,-73.94370784,member
2299080,11A2447A62C181EB,classic_bike,2021-07-08 10:46:52,2021-07-08 10:54:22,Pleasant Ave & E 120 St,7579,2 Ave & E 104 St,7436,40.7974772,-73.9311847,40.7892105,-73.94370784,member
2299085,F1E60A28C1B2323D,classic_bike,2021-07-02 18:34:44,2021-07-02 18:43:47,W 107 St & Columbus Ave,7619,2 Ave & E 104 St,7436,40.7997568,-73.9621128676,40.7892105,-73.94370784,member
2299086,99E86D6D315ED925,classic_bike,2021-07-26 16:05:25,2021-07-26 16:16:45,W 107 St & Columbus Ave,7619,2 Ave & E 104 St,7436,40.7997568,-73.9621128676,40.7892105,-73.94370784,member
2299168,E9D76160F98F060B,classic_bike,2021-07-13 19:42:08,2021-07-13 20:02:57,Edgecombe Ave & W 145 St,7976,2 Ave & E 104 St,7436,40.823498,-73.94386,40.7892105,-73.94370784,casual
2299203,FDEFC4C55F192A68,electric_bike,2021-07-09 18:57:16,2021-07-09 19:19:28,E 32 St & Park Ave,6280,2 Ave & E 104 St,7436,40.7457121,-73.98194829,40.7892105,-73.94370784,member
2299292,87C9DF73A28AB5FF,classic_bike,2021-07-28 16:28:28,2021-07-28 16:53:59,Central Park West & W 68 St,7079,2 Ave & E 104 St,7436,40.7734066,-73.97782542,40.7892105,-73.94370784,member
2299311,C84981CE75BB0C03,classic_bike,2021-07-27 14:32:16,2021-07-27 14:42:06,Pleasant Ave & E 120 St,7579,2 Ave & E 104 St,7436,40.7974772,-73.9311847,40.7892105,-73.94370784,member
2299314,3C14169576B44B14,classic_bike,2021-07-27 09:37:50,2021-07-27 09:46:16,Pleasant Ave & E 116 St,7450,2 Ave & E 104 St,7436,40.7949879,-73.9333349,40.7892105,-73.94370784,member
2299315,A523B9ABD88A0909,classic_bike,2021-07-13 17:05:59,2021-07-13 17:11:52,Pleasant Ave & E 116 St,7450,2 Ave & E 104 St,7436,40.7949879,-73.9333349,40.7892105,-73.94370784,member
2299316,2EB81A69CEB9D091,electric_bike,2021-07-08 11:31:10,2021-07-08 11:42:12,Pleasant Ave & E 116 St,7450,2 Ave & E 104 St,7436,40.7949879,-73.9333349,40.7892105,-73.94370784,member
2299317,9E64BCB614C00F33,classic_bike,2021-07-23 22:02:28,2021-07-23 22:08:45,Pleasant Ave & E 116 St,7450,2 Ave & E 104 St,7436,40.7949879,-73.9333349,40.7892105,-73.94370784,member
2299318,19DF630FBC0C1DC3,classic_bike,2021-07-17 13:29:27,2021-07-17 13:39:58,Pleasant Ave & E 116 St,7450,2 Ave & E 104 St,7436,40.7949879,-73.9333349,40.7892105,-73.94370784,member
2299319,73FA87F8997EEA92,classic_bike,2021-07-16 21:16:51,2021-07-16 21:25:24,Pleasant Ave & E 116 St,7450,2 Ave & E 104 St,7436,40.7949879,-73.9333349,40.7892105,-73.94370784,member
2299320,9B737B8007F70F15,classic_bike,2021-07-27 22:48:07,2021-07-27 22:54:44,Pleasant Ave & E 116 St,7450,2 Ave & E 104 St,7436,40.7949879,-73.9333349,40.7892105,-73.94370784,member
2299321,B0AE425895B23A52,classic_bike,2021-07-18 13:47:57,2021-07-18 13:57:46,Pleasant Ave & E 116 St,7450,2 Ave & E 104 St,7436,40.7949879,-73.9333349,40.7892105,-73.94370784,member
2299322,2856F4531447CD30,electric_bike,2021-07-22 13:57:27,2021-07-22 14:04:09,Pleasant Ave & E 116 St,7450,2 Ave & E 104 St,7436,40.7949879,-73.9333349,40.7892105,-73.94370784,member
2299323,253161CD3E9DE8AE,classic_bike,2021-07-24 17:14:42,2021-07-24 17:23:22,Pleasant Ave & E 116 St,7450,2 Ave & E 104 St,7436,40.7949879,-73.9333349,40.7892105,-73.94370784,member
2299324,CC2D6430222B7144,classic_bike,2021-07-06 07:03:09,2021-07-06 07:10:14,Pleasant Ave & E 116 St,7450,2 Ave & E 104 St,7436,40.7949879,-73.9333349,40.7892105,-73.94370784,member
2299325,E316C12E9D520744,classic_bike,2021-07-27 15:00:20,2021-07-27 15:08:31,Pleasant Ave & E 116 St,7450,2 Ave & E 104 St,7436,40.7949879,-73.9333349,40.7892105,-73.94370784,member
2299328,1CCC0EEFA67223D0,classic_bike,2021-07-28 22:37:16,2021-07-28 22:55:36,Adam Clayton Powell Blvd & W 126 St,7738,2 Ave & E 104 St,7436,40.80949534777948,-73.94776493310928,40.7892105,-73.94370784,member
2299329,3D04B697F60E9860,classic_bike,2021-07-15 08:57:40,2021-07-15 09:05:18,Pleasant Ave & E 116 St,7450,2 Ave & E 104 St,7436,40.7949879,-73.9333349,40.7892105,-73.94370784,member
2299330,1B7939B95E5959B3,classic_bike,2021-07-19 08:52:18,2021-07-19 08:59:27,Pleasant Ave & E 116 St,7450,2 Ave & E 104 St,7436,40.7949879,-73.9333349,40.7892105,-73.94370784,member
2299350,2BE1E5D5886930FD,classic_bike,2021-07-05 19:29:26,2021-07-05 19:39:06,Pleasant Ave & E 116 St,7450,2 Ave & E 104 St,7436,40.7949879,-73.9333349,40.7892105,-73.94370784,casual
2299352,C7432C811D192B63,classic_bike,2021-07-28 17:40:06,2021-07-28 17:47:17,Pleasant Ave & E 116 St,7450,2 Ave & E 104 St,7436,40.7949879,-73.9333349,40.7892105,-73.94370784,casual
2299353,609683B4F5AE7FFA,classic_bike,2021-07-12 16:59:50,2021-07-12 17:08:35,Pleasant Ave & E 116 St,7450,2 Ave & E 104 St,7436,40.7949879,-73.9333349,40.7892105,-73.94370784,casual
2299357,F233E23E45C4BC20,classic_bike,2021-07-27 12:39:04,2021-07-27 12:46:29,Pleasant Ave & E 116 St,7450,2 Ave & E 104 St,7436,40.7949879,-73.9333349,40.7892105,-73.94370784,member
2299359,E50A5875C74EE368,classic_bike,2021-07-05 10:58:24,2021-07-05 11:05:23,Pleasant Ave & E 116 St,7450,2 Ave & E 104 St,7436,40.7949879,-73.9333349,40.7892105,-73.94370784,member
2299367,8B7AA1E0D294C30E,classic_bike,2021-07-01 23:57:02,2021-07-02 00:07:30,Pleasant Ave & E 116 St,7450,2 Ave & E 104 St,7436,40.7949879,-73.9333349,40.7892105,-73.94370784,member
2299368,1360AF0E4C6894CC,classic_bike,2021-07-02 09:56:41,2021-07-02 10:05:29,Pleasant Ave & E 116 St,7450,2 Ave & E 104 St,7436,40.7949879,-73.9333349,40.7892105,-73.94370784,member
2299370,FA3B45E1F1755FC5,classic_bike,2021-07-06 13:39:58,2021-07-06 13:48:55,Pleasant Ave & E 116 St,7450,2 Ave & E 104 St,7436,40.7949879,-73.9333349,40.7892105,-73.94370784,member
2299371,E51AB0F49D3CC1EF,classic_bike,2021-07-19 13:38:30,2021-07-19 13:46:08,Pleasant Ave & E 116 St,7450,2 Ave & E 104 St,7436,40.7949879,-73.9333349,40.7892105,-73.94370784,member
2299372,A904DD2A31DA5CE1,docked_bike,2021-07-10 16:03:43,2021-07-10 16:18:26,Adam Clayton Powell Blvd & W 126 St,7738,2 Ave & E 104 St,7436,40.809495,-73.947765,40.789211,-73.943708,casual
2299373,49A6DDA4C23A1EA1,classic_bike,2021-07-27 18:12:53,2021-07-27 18:18:59,Pleasant Ave & E 116 St,7450,2 Ave & E 104 St,7436,40.7949879,-73.9333349,40.7892105,-73.94370784,member
2299375,5474A4DFABA81583,classic_bike,2021-07-01 07:34:33,2021-07-01 07:41:34,Pleasant Ave & E 116 St,7450,2 Ave & E 104 St,7436,40.7949879,-73.9333349,40.7892105,-73.94370784,member
2299378,FCEF19ED3CDC8F97,electric_bike,2021-07-11 23:27:48,2021-07-12 00:01:01,Nagle Ave & Thayer St,8563,2 Ave & E 104 St,7436,40.861382,-73.925591,40.7892105,-73.94370784,member
2299389,2C8F9311E75D18E7,classic_bike,2021-07-14 20:27:40,2021-07-14 20:43:00,Lenox Ave & W 117 St,7655,2 Ave & E 104 St,7436,40.8025566,-73.9490782,40.7892105,-73.94370784,member
2299391,50503902872F6F65,classic_bike,2021-07-20 17:34:43,2021-07-20 17:41:41,Pleasant Ave & E 116 St,7450,2 Ave & E 104 St,7436,40.7949879,-73.9333349,40.7892105,-73.94370784,member
2299392,72D86288567CE80C,classic_bike,2021-07-29 16:55:14,2021-07-29 17:02:15,Pleasant Ave & E 116 St,7450,2 Ave & E 104 St,7436,40.7949879,-73.9333349,40.7892105,-73.94370784,member
2299393,1452B2929FD6FAFF,electric_bike,2021-07-17 17:43:32,2021-07-17 17:48:43,Pleasant Ave & E 116 St,7450,2 Ave & E 104 St,7436,40.7949879,-73.9333349,40.7892105,-73.94370784,member
2299394,A9680E42BB0A9BD7,classic_bike,2021-07-13 10:29:35,2021-07-13 10:36:57,Pleasant Ave & E 116 St,7450,2 Ave & E 104 St,7436,40.7949879,-73.9333349,40.7892105,-73.94370784,member
2299395,2E1CAB6DB04EFBBD,electric_bike,2021-07-30 09:05:29,2021-07-30 09:21:45,Lenox Ave & W 117 St,7655,2 Ave & E 104 St,7436,40.8025566,-73.9490782,40.7892105,-73.94370784,member
2299397,4AE331846BFDD41E,electric_bike,2021-07-02 10:32:51,2021-07-02 10:52:38,Adam Clayton Powell Blvd & W 126 St,7738,2 Ave & E 104 St,7436,40.80949534777948,-73.94776493310928,40.7892105,-73.94370784,casual
2299398,C7028FD908AFBB4C,electric_bike,2021-07-30 13:11:13,2021-07-30 13:29:16,Lenox Ave & W 117 St,7655,2 Ave & E 104 St,7436,40.8025566,-73.9490782,40.7892105,-73.94370784,casual
2299400,AB219B790433F9E9,classic_bike,2021-07-30 16:46:06,2021-07-30 16:53:08,Pleasant Ave & E 116 St,7450,2 Ave & E 104 St,7436,40.7949879,-73.9333349,40.7892105,-73.94370784,casual
2299401,B77AA82B44EBB4DF,electric_bike,2021-07-28 00:10:59,2021-07-28 00:54:13,Nagle Ave & Thayer St,8563,2 Ave & E 104 St,7436,40.861382,-73.925591,40.7892105,-73.94370784,member
2299402,187022F5B223B255,electric_bike,2021-07-25 01:48:33,2021-07-25 02:23:16,Adam Clayton Powell Blvd & W 126 St,7738,2 Ave & E 104 St,7436,40.80949534777948,-73.94776493310928,40.7892105,-73.94370784,member
2299404,A1F3F989D428988B,electric_bike,2021-07-29 17:18:10,2021-07-29 17:28:27,Lenox Ave & W 117 St,7655,2 Ave & E 104 St,7436,40.8025566,-73.9490782,40.7892105,-73.94370784,member
2299408,18BDE761C272C1B6,electric_bike,2021-07-04 01:00:59,2021-07-04 01:36:49,Nagle Ave & Thayer St,8563,2 Ave & E 104 St,7436,40.861382,-73.925591,40.7892105,-73.94370784,member
2299409,362750184CEC7692,classic_bike,2021-07-12 09:14:05,2021-07-12 09:27:59,Pleasant Ave & E 116 St,7450,2 Ave & E 104 St,7436,40.7949879,-73.9333349,40.7892105,-73.94370784,casual
2299412,A7E481C423416D7B,classic_bike,2021-07-02 09:53:15,2021-07-02 10:05:38,Lenox Ave & W 117 St,7655,2 Ave & E 104 St,7436,40.8025566,-73.9490782,40.7892105,-73.94370784,casual
2299413,68A6538DDB5014D3,electric_bike,2021-07-22 18:11:29,2021-07-22 18:23:03,Pleasant Ave & E 116 St,7450,2 Ave & E 104 St,7436,40.7949879,-73.9333349,40.7892105,-73.94370784,casual
2299415,519236AC44BFF7CF,classic_bike,2021-07-22 12:50:35,2021-07-22 13:02:11,Lenox Ave & W 117 St,7655,2 Ave & E 104 St,7436,40.8025566,-73.9490782,40.7892105,-73.94370784,member
2299416,C31DA1EB1207E150,classic_bike,2021-07-28 17:10:16,2021-07-28 17:15:40,Pleasant Ave & E 116 St,7450,2 Ave & E 104 St,7436,40.7949879,-73.9333349,40.7892105,-73.94370784,member
2299417,425FAA54DFD09B0A,classic_bike,2021-07-31 12:08:43,2021-07-31 12:15:24,Pleasant Ave & E 116 St,7450,2 Ave & E 104 St,7436,40.7949879,-73.9333349,40.7892105,-73.94370784,member
2299418,487E36DF37F38FBF,classic_bike,2021-07-19 12:21:34,2021-07-19 12:27:54,Pleasant Ave & E 116 St,7450,2 Ave & E 104 St,7436,40.7949879,-73.9333349,40.7892105,-73.94370784,member
2299419,0CBF0CA27F3DB7BE,classic_bike,2021-07-14 15:23:39,2021-07-14 15:30:56,Pleasant Ave & E 116 St,7450,2 Ave & E 104 St,7436,40.7949879,-73.9333349,40.7892105,-73.94370784,member
2299420,AD8BE1228DC52FA3,classic_bike,2021-07-26 13:53:34,2021-07-26 13:59:33,Pleasant Ave & E 116 St,7450,2 Ave & E 104 St,7436,40.7949879,-73.9333349,40.7892105,-73.94370784,member
2299424,7395E9CD6099C4F7,electric_bike,2021-07-21 16:56:01,2021-07-21 17:02:29,Pleasant Ave & E 116 St,7450,2 Ave & E 104 St,7436,40.7949879,-73.9333349,40.7892105,-73.94370784,member
2299426,5292FD159F761854,classic_bike,2021-07-12 09:14:01,2021-07-12 09:28:02,Pleasant Ave & E 116 St,7450,2 Ave & E 104 St,7436,40.7949879,-73.9333349,40.7892105,-73.94370784,member
2299427,76128843AFFAD5FE,classic_bike,2021-07-07 09:49:28,2021-07-07 10:04:24,Pleasant Ave & E 116 St,7450,2 Ave & E 104 St,7436,40.7949879,-73.9333349,40.7892105,-73.94370784,casual
2299431,D5E21A7406AB610B,classic_bike,2021-07-25 11:51:52,2021-07-25 12:01:36,Pleasant Ave & E 116 St,7450,2 Ave & E 104 St,7436,40.7949879,-73.9333349,40.7892105,-73.94370784,member
2299432,CBC2F30F2A5BD8C2,classic_bike,2021-07-30 02:06:30,2021-07-30 02:17:15,Pleasant Ave & E 116 St,7450,2 Ave & E 104 St,7436,40.7949879,-73.9333349,40.7892105,-73.94370784,member
2299433,3698B65DC817F028,classic_bike,2021-07-27 02:38:29,2021-07-27 03:04:19,Pleasant Ave & E 116 St,7450,2 Ave & E 104 St,7436,40.7949879,-73.9333349,40.7892105,-73.94370784,member
2299434,427B46A7274A4385,classic_bike,2021-07-27 13:04:36,2021-07-27 13:11:51,Pleasant Ave & E 116 St,7450,2 Ave & E 104 St,7436,40.7949879,-73.9333349,40.7892105,-73.94370784,member
2299436,1D1A69308638F42D,classic_bike,2021-07-23 20:54:03,2021-07-23 21:01:25,Pleasant Ave & E 116 St,7450,2 Ave & E 104 St,7436,40.7949879,-73.9333349,40.7892105,-73.94370784,member
2299438,E223A38025049572,classic_bike,2021-07-13 08:58:27,2021-07-13 09:03:59,Pleasant Ave & E 116 St,7450,2 Ave & E 104 St,7436,40.7949879,-73.9333349,40.7892105,-73.94370784,member
2299439,919C7A7F2B09B198,classic_bike,2021-07-02 16:32:40,2021-07-02 16:39:57,Pleasant Ave & E 116 St,7450,2 Ave & E 104 St,7436,40.7949879,-73.9333349,40.7892105,-73.94370784,member
2299440,1E93C747E43B0B06,classic_bike,2021-07-01 12:32:43,2021-07-01 12:46:00,Lenox Ave & W 117 St,7655,2 Ave & E 104 St,7436,40.8025566,-73.9490782,40.7892105,-73.94370784,member
2299441,064F7DB11658C64F,classic_bike,2021-07-06 19:37:29,2021-07-06 19:44:53,Pleasant Ave & E 116 St,7450,2 Ave & E 104 St,7436,40.7949879,-73.9333349,40.7892105,-73.94370784,member
2299442,F81964E2B6AB6A16,classic_bike,2021-07-06 07:46:34,2021-07-06 07:53:49,Pleasant Ave & E 116 St,7450,2 Ave & E 104 St,7436,40.7949879,-73.9333349,40.7892105,-73.94370784,member
2299447,19A02B9A176A786D,classic_bike,2021-07-22 20:59:07,2021-07-22 21:12:40,Adam Clayton Powell Blvd & W 126 St,7738,2 Ave & E 104 St,7436,40.80949534777948,-73.94776493310928,40.7892105,-73.94370784,member
2299448,7BACD59DB19EB3A6,classic_bike,2021-07-25 18:55:24,2021-07-25 19:02:34,Pleasant Ave & E 116 St,7450,2 Ave & E 104 St,7436,40.7949879,-73.9333349,40.7892105,-73.94370784,member
2299450,CA6B60A667DD2FB8,classic_bike,2021-07-10 09:37:18,2021-07-10 09:44:06,Pleasant Ave & E 116 St,7450,2 Ave & E 104 St,7436,40.7949879,-73.9333349,40.7892105,-73.94370784,member
2299451,F5B24AD289E72AA4,classic_bike,2021-07-30 20:42:23,2021-07-30 20:50:16,Pleasant Ave & E 116 St,7450,2 Ave & E 104 St,7436,40.7949879,-73.9333349,40.7892105,-73.94370784,member
2299453,882E5EF92F9B561E,classic_bike,2021-07-22 15:34:36,2021-07-22 15:41:17,Pleasant Ave & E 116 St,7450,2 Ave & E 104 St,7436,40.7949879,-73.9333349,40.7892105,-73.94370784,member
2299454,58B874A60C2FC4A7,electric_bike,2021-07-07 20:09:32,2021-07-07 20:16:56,Lenox Ave & W 117 St,7655,2 Ave & E 104 St,7436,40.8025566,-73.9490782,40.7892105,-73.94370784,member
2299455,AF6EB856EA72D312,electric_bike,2021-07-18 20:00:28,2021-07-18 20:08:03,Lenox Ave & W 117 St,7655,2 Ave & E 104 St,7436,40.8025566,-73.9490782,40.7892105,-73.94370784,member
2299456,ACDD1DBE902E2142,classic_bike,2021-07-15 20:06:54,2021-07-15 20:17:07,Lenox Ave & W 117 St,7655,2 Ave & E 104 St,7436,40.8025566,-73.9490782,40.7892105,-73.94370784,member
2299458,1A817062EBF6C962,classic_bike,2021-07-13 20:48:20,2021-07-13 20:56:50,Pleasant Ave & E 116 St,7450,2 Ave & E 104 St,7436,40.7949879,-73.9333349,40.7892105,-73.94370784,member
2299459,B2DA4C950BA46DB4,classic_bike,2021-07-11 16:26:07,2021-07-11 16:32:41,Pleasant Ave & E 116 St,7450,2 Ave & E 104 St,7436,40.7949879,-73.9333349,40.7892105,-73.94370784,member
2299460,D187022DE5C506D5,classic_bike,2021-07-08 21:49:06,2021-07-08 21:55:58,Pleasant Ave & E 116 St,7450,2 Ave & E 104 St,7436,40.7949879,-73.9333349,40.7892105,-73.94370784,member
2299461,C21D6B867A09236E,classic_bike,2021-07-29 09:32:30,2021-07-29 09:39:34,Pleasant Ave & E 116 St,7450,2 Ave & E 104 St,7436,40.7949879,-73.9333349,40.7892105,-73.94370784,member
2299462,6F77933D97A9F5DB,classic_bike,2021-07-15 18:14:52,2021-07-15 18:20:40,Pleasant Ave & E 116 St,7450,2 Ave & E 104 St,7436,40.7949879,-73.9333349,40.7892105,-73.94370784,member
2299463,646984FE07DFD843,classic_bike,2021-07-20 17:35:48,2021-07-20 17:46:01,Pleasant Ave & E 116 St,7450,2 Ave & E 104 St,7436,40.7949879,-73.9333349,40.7892105,-73.94370784,member
2299465,7B1CF4CC36E58EF4,electric_bike,2021-07-09 19:09:35,2021-07-09 19:17:41,Lenox Ave & W 117 St,7655,2 Ave & E 104 St,7436,40.8025566,-73.9490782,40.7892105,-73.94370784,casual
2299466,48ECA0BD7E60DFDA,classic_bike,2021-07-27 02:38:08,2021-07-27 03:04:23,Pleasant Ave & E 116 St,7450,2 Ave & E 104 St,7436,40.7949879,-73.9333349,40.7892105,-73.94370784,casual
2299472,34ADFF22080876DC,electric_bike,2021-07-31 17:05:34,2021-07-31 18:49:01,Pleasant Ave & E 116 St,7450,2 Ave & E 104 St,7436,40.7949879,-73.9333349,40.7892105,-73.94370784,casual
2299473,6A11DD4335C733A4,electric_bike,2021-07-06 15:57:53,2021-07-06 16:02:47,Pleasant Ave & E 116 St,7450,2 Ave & E 104 St,7436,40.7949879,-73.9333349,40.7892105,-73.94370784,member
2299474,01E97FA4B7B82B7B,classic_bike,2021-07-21 12:01:29,2021-07-21 12:06:42,Pleasant Ave & E 116 St,7450,2 Ave & E 104 St,7436,40.7949879,-73.9333349,40.7892105,-73.94370784,member
2299475,C487E73DAB157A46,classic_bike,2021-07-14 11:58:51,2021-07-14 12:05:19,Pleasant Ave & E 116 St,7450,2 Ave & E 104 St,7436,40.7949879,-73.9333349,40.7892105,-73.94370784,member
2299476,B65E3A02CDF20E02,electric_bike,2021-07-22 17:54:26,2021-07-22 18:00:55,Pleasant Ave & E 116 St,7450,2 Ave & E 104 St,7436,40.7949879,-73.9333349,40.7892105,-73.94370784,member
2299477,51D4B44E0FFADFBE,classic_bike,2021-07-22 18:12:20,2021-07-22 18:22:57,Pleasant Ave & E 116 St,7450,2 Ave & E 104 St,7436,40.7949879,-73.9333349,40.7892105,-73.94370784,casual
2299478,5AAC29BAC24318AF,classic_bike,2021-07-07 17:25:24,2021-07-07 17:36:44,Lenox Ave & W 117 St,7655,2 Ave & E 104 St,7436,40.8025566,-73.9490782,40.7892105,-73.94370784,member
2299479,D8034CE4EAA95EC5,classic_bike,2021-07-21 17:30:15,2021-07-21 17:41:35,Lenox Ave & W 117 St,7655,2 Ave & E 104 St,7436,40.8025566,-73.9490782,40.7892105,-73.94370784,member
2299487,07516C89548123AC,classic_bike,2021-07-30 20:57:08,2021-07-30 21:03:28,Pleasant Ave & E 116 St,7450,2 Ave & E 104 St,7436,40.7949879,-73.9333349,40.7892105,-73.94370784,member
2299488,41BB4CCC430CD90A,classic_bike,2021-07-27 13:54:53,2021-07-27 14:02:41,Pleasant Ave & E 116 St,7450,2 Ave & E 104 St,7436,40.7949879,-73.9333349,40.7892105,-73.94370784,member
2299489,EA3B05D346FEE095,classic_bike,2021-07-02 22:09:05,2021-07-02 22:16:26,Pleasant Ave & E 116 St,7450,2 Ave & E 104 St,7436,40.7949879,-73.9333349,40.7892105,-73.94370784,member
2299493,493C656230BD3D80,electric_bike,2021-07-14 17:02:13,2021-07-14 17:08:30,Pleasant Ave & E 116 St,7450,2 Ave & E 104 St,7436,40.7949879,-73.9333349,40.7892105,-73.94370784,casual
2299494,83A0D6D416904021,electric_bike,2021-07-27 14:07:38,2021-07-27 14:17:29,Lenox Ave & W 117 St,7655,2 Ave & E 104 St,7436,40.8025566,-73.9490782,40.7892105,-73.94370784,casual
2299496,E13A1A8AFF52D0E2,classic_bike,2021-07-16 09:24:45,2021-07-16 09:35:21,Pleasant Ave & E 116 St,7450,2 Ave & E 104 St,7436,40.7949879,-73.9333349,40.7892105,-73.94370784,casual
2299498,F01020C7AB1FC651,classic_bike,2021-07-14 22:10:39,2021-07-14 22:16:57,Pleasant Ave & E 116 St,7450,2 Ave & E 104 St,7436,40.7949879,-73.9333349,40.7892105,-73.94370784,casual
2299499,3B2B7FBBC79C60DD,electric_bike,2021-07-03 05:43:27,2021-07-03 05:54:37,Lenox Ave & W 117 St,7655,2 Ave & E 104 St,7436,40.8025566,-73.9490782,40.7892105,-73.94370784,casual
2299500,DFFA2FC26ADCBD2A,electric_bike,2021-07-28 00:08:19,2021-07-28 00:41:36,Pleasant Ave & E 116 St,7450,2 Ave & E 104 St,7436,40.7949879,-73.9333349,40.7892105,-73.94370784,casual
2299501,A6D1015ECE49A9CF,electric_bike,2021-07-30 14:49:55,2021-07-30 15:02:00,Pleasant Ave & E 116 St,7450,2 Ave & E 104 St,7436,40.7949879,-73.9333349,40.7892105,-73.94370784,member
2299505,B1516FD3F2D262CC,classic_bike,2021-07-12 17:13:49,2021-07-12 17:21:43,Pleasant Ave & E 116 St,7450,2 Ave & E 104 St,7436,40.7949879,-73.9333349,40.7892105,-73.94370784,member
2299506,3C5DB5A946190157,classic_bike,2021-07-14 21:33:49,2021-07-14 21:41:23,Pleasant Ave & E 116 St,7450,2 Ave & E 104 St,7436,40.7949879,-73.9333349,40.7892105,-73.94370784,member
2299507,61C77B32639D9228,classic_bike,2021-07-15 14:55:48,2021-07-15 15:03:56,Pleasant Ave & E 116 St,7450,2 Ave & E 104 St,7436,40.7949879,-73.9333349,40.7892105,-73.94370784,member
2299508,8BFFB1B322949F8C,classic_bike,2021-07-07 16:36:12,2021-07-07 16:42:55,Pleasant Ave & E 116 St,7450,2 Ave & E 104 St,7436,40.7949879,-73.9333349,40.7892105,-73.94370784,member
2299509,782421FC41FBBB50,classic_bike,2021-07-01 21:36:28,2021-07-01 21:44:18,Pleasant Ave & E 116 St,7450,2 Ave & E 104 St,7436,40.7949879,-73.9333349,40.7892105,-73.94370784,member
2299510,2E2EF5B5ED8D8270,classic_bike,2021-07-02 15:14:35,2021-07-02 15:43:34,Pleasant Ave & E 116 St,7450,2 Ave & E 104 St,7436,40.7949879,-73.9333349,40.7892105,-73.94370784,member
2299511,E03E9A5CBCB301AB,classic_bike,2021-07-12 13:35:58,2021-07-12 13:43:02,Pleasant Ave & E 116 St,7450,2 Ave & E 104 St,7436,40.7949879,-73.9333349,40.7892105,-73.94370784,member
2299512,3EB01B5B220194BF,classic_bike,2021-07-26 21:34:01,2021-07-26 21:41:32,Pleasant Ave & E 116 St,7450,2 Ave & E 104 St,7436,40.7949879,-73.9333349,40.7892105,-73.94370784,member
2299513,C9B34CAAD3983818,classic_bike,2021-07-25 11:23:40,2021-07-25 11:30:44,Pleasant Ave & E 116 St,7450,2 Ave & E 104 St,7436,40.7949879,-73.9333349,40.7892105,-73.94370784,member
2299516,913F8988E21366E1,classic_bike,2021-07-19 15:53:38,2021-07-19 16:04:55,Pleasant Ave & E 116 St,7450,2 Ave & E 104 St,7436,40.7949879,-73.9333349,40.7892105,-73.94370784,member
2299517,F2E52B3FFA59B9B6,electric_bike,2021-07-20 22:33:56,2021-07-20 23:07:56,Nagle Ave & Thayer St,8563,2 Ave & E 104 St,7436,40.861382,-73.925591,40.7892105,-73.94370784,member
2299518,2AAB3C7F315378EB,electric_bike,2021-07-22 22:28:06,2021-07-22 23:12:18,Nagle Ave & Thayer St,8563,2 Ave & E 104 St,7436,40.861382,-73.925591,40.7892105,-73.94370784,member
2299519,53EAB004DCB60021,classic_bike,2021-07-17 11:29:07,2021-07-17 11:37:24,Pleasant Ave & E 116 St,7450,2 Ave & E 104 St,7436,40.7949879,-73.9333349,40.7892105,-73.94370784,member
2299521,B9C2D06ED318E3D0,classic_bike,2021-07-18 16:39:16,2021-07-18 16:47:06,Pleasant Ave & E 116 St,7450,2 Ave & E 104 St,7436,40.7949879,-73.9333349,40.7892105,-73.94370784,member
2299522,83347657DDBF85C7,classic_bike,2021-07-31 18:07:08,2021-07-31 18:12:33,Pleasant Ave & E 116 St,7450,2 Ave & E 104 St,7436,40.7949879,-73.9333349,40.7892105,-73.94370784,member
2299524,002D8401C259CC51,classic_bike,2021-07-23 19:26:23,2021-07-23 19:32:27,Pleasant Ave & E 116 St,7450,2 Ave & E 104 St,7436,40.7949879,-73.9333349,40.7892105,-73.94370784,member
2299525,37597AA9B6DABB19,classic_bike,2021-07-30 17:09:23,2021-07-30 17:16:03,Pleasant Ave & E 116 St,7450,2 Ave & E 104 St,7436,40.7949879,-73.9333349,40.7892105,-73.94370784,member
2299526,C0734902EE306B25,classic_bike,2021-07-05 11:57:08,2021-07-05 12:11:27,Adam Clayton Powell Blvd & W 126 St,7738,2 Ave & E 104 St,7436,40.80949534777948,-73.94776493310928,40.7892105,-73.94370784,casual
2299527,8E381B28EEF3BE00,electric_bike,2021-07-25 14:59:15,2021-07-25 15:05:19,Pleasant Ave & E 116 St,7450,2 Ave & E 104 St,7436,40.7949879,-73.9333349,40.7892105,-73.94370784,casual
2299528,01D43A4D6D946A36,classic_bike,2021-07-20 16:28:49,2021-07-20 16:35:27,Pleasant Ave & E 116 St,7450,2 Ave & E 104 St,7436,40.7949879,-73.9333349,40.7892105,-73.94370784,member
2299529,838314387E4CD5CC,electric_bike,2021-07-21 22:46:34,2021-07-21 22:51:32,Pleasant Ave & E 116 St,7450,2 Ave & E 104 St,7436,40.7949879,-73.9333349,40.7892105,-73.94370784,casual
2299540,E49BCDD82BDF0087,classic_bike,2021-07-14 11:22:17,2021-07-14 11:32:11,Lenox Ave & W 111 St,7602,2 Ave & E 104 St,7436,40.7987859,-73.9523,40.7892105,-73.94370784,member
2299541,C321A04E1B3FFD07,classic_bike,2021-07-29 05:48:35,2021-07-29 05:50:37,E 102 St & 1 Ave,7407,2 Ave & E 104 St,7436,40.7869946,-73.94164802,40.7892105,-73.94370784,member
2299542,7159BC7293752B12,classic_bike,2021-07-09 20:39:15,2021-07-09 20:42:53,E 102 St & 1 Ave,7407,2 Ave & E 104 St,7436,40.7869946,-73.94164802,40.7892105,-73.94370784,member
2299544,BD90124A682C33E1,classic_bike,2021-07-06 17:45:34,2021-07-06 17:47:46,E 102 St & 1 Ave,7407,2 Ave & E 104 St,7436,40.7869946,-73.94164802,40.7892105,-73.94370784,member
2299550,48B94B67894DDD3A,classic_bike,2021-07-08 07:51:03,2021-07-08 09:00:00,E 102 St & 1 Ave,7407,2 Ave & E 104 St,7436,40.7869946,-73.94164802,40.7892105,-73.94370784,member
2299557,6FE5AF48BEF747CC,classic_bike,2021-07-02 07:55:41,2021-07-02 09:04:43,E 102 St & 1 Ave,7407,2 Ave & E 104 St,7436,40.7869946,-73.94164802,40.7892105,-73.94370784,member
2299565,05C6CCB2D4366AC2,electric_bike,2021-07-30 17:59:28,2021-07-30 18:06:35,Lenox Ave & W 111 St,7602,2 Ave & E 104 St,7436,40.7987859,-73.9523,40.7892105,-73.94370784,casual
2299568,EE2B466AB74012D1,classic_bike,2021-07-29 14:57:11,2021-07-29 15:04:35,Lenox Ave & W 111 St,7602,2 Ave & E 104 St,7436,40.7987859,-73.9523,40.7892105,-73.94370784,casual
2299570,D798DAC0D6BD5E6D,docked_bike,2021-07-18 20:31:02,2021-07-18 22:09:27,E 102 St & 1 Ave,7407,2 Ave & E 104 St,7436,40.786995,-73.941648,40.789211,-73.943708,casual
2299573,FCD9E26E980E0BA4,classic_bike,2021-07-09 18:13:41,2021-07-09 18:17:21,E 102 St & 1 Ave,7407,2 Ave & E 104 St,7436,40.7869946,-73.94164802,40.7892105,-73.94370784,member
2299586,4369856446B05220,classic_bike,2021-07-30 20:43:01,2021-07-30 20:45:42,E 102 St & 1 Ave,7407,2 Ave & E 104 St,7436,40.7869946,-73.94164802,40.7892105,-73.94370784,member
2299589,1021CF40D11C53BC,classic_bike,2021-07-09 18:08:09,2021-07-09 18:18:04,E 102 St & 1 Ave,7407,2 Ave & E 104 St,7436,40.7869946,-73.94164802,40.7892105,-73.94370784,member
2299591,A109FEBC81D83993,classic_bike,2021-07-24 19:00:12,2021-07-24 19:23:51,E 102 St & 1 Ave,7407,2 Ave & E 104 St,7436,40.7869946,-73.94164802,40.7892105,-73.94370784,casual
2299592,74680FBE1319CD94,classic_bike,2021-07-04 10:44:58,2021-07-04 11:58:39,E 102 St & 1 Ave,7407,2 Ave & E 104 St,7436,40.7869946,-73.94164802,40.7892105,-73.94370784,member
2299596,C6051C268BABFA4B,classic_bike,2021-07-20 10:34:25,2021-07-20 10:36:56,E 102 St & 1 Ave,7407,2 Ave & E 104 St,7436,40.7869946,-73.94164802,40.7892105,-73.94370784,member
2299597,074164CF9509AB2B,classic_bike,2021-07-30 13:47:18,2021-07-30 13:50:51,E 102 St & 1 Ave,7407,2 Ave & E 104 St,7436,40.7869946,-73.94164802,40.7892105,-73.94370784,member
2299605,19C381882B7C9CE7,classic_bike,2021-07-27 19:06:05,2021-07-27 19:09:25,E 102 St & 1 Ave,7407,2 Ave & E 104 St,7436,40.7869946,-73.94164802,40.7892105,-73.94370784,member
2299606,911C347B3FD14190,classic_bike,2021-07-31 19:32:51,2021-07-31 19:35:39,E 102 St & 1 Ave,7407,2 Ave & E 104 St,7436,40.7869946,-73.94164802,40.7892105,-73.94370784,member
2299614,B54B271DD3CE9883,classic_bike,2021-07-12 13:24:45,2021-07-12 13:34:07,Lenox Ave & W 111 St,7602,2 Ave & E 104 St,7436,40.7987859,-73.9523,40.7892105,-73.94370784,member
2299621,FE8CD4E94841AF4C,classic_bike,2021-07-30 16:13:06,2021-07-30 16:15:48,E 102 St & 1 Ave,7407,2 Ave & E 104 St,7436,40.7869946,-73.94164802,40.7892105,-73.94370784,member
2299623,481639E684954051,classic_bike,2021-07-15 21:32:45,2021-07-15 21:42:50,E 102 St & 1 Ave,7407,2 Ave & E 104 St,7436,40.7869946,-73.94164802,40.7892105,-73.94370784,member
2299625,0A12D4AD56AE04E3,classic_bike,2021-07-10 13:24:39,2021-07-10 13:27:08,E 102 St & 1 Ave,7407,2 Ave & E 104 St,7436,40.7869946,-73.94164802,40.7892105,-73.94370784,member
2299637,5051ECE990BC2DCB,classic_bike,2021-07-05 13:35:02,2021-07-05 13:42:12,E 102 St & 1 Ave,7407,2 Ave & E 104 St,7436,40.7869946,-73.94164802,40.7892105,-73.94370784,member
2299645,043D31BAFA49C361,classic_bike,2021-07-25 11:24:19,2021-07-25 11:26:24,E 102 St & 1 Ave,7407,2 Ave & E 104 St,7436,40.7869946,-73.94164802,40.7892105,-73.94370784,casual
2299647,6D39E635ADF978A0,classic_bike,2021-07-03 13:59:07,2021-07-03 14:08:23,Lenox Ave & W 111 St,7602,2 Ave & E 104 St,7436,40.7987859,-73.9523,40.7892105,-73.94370784,casual
2299653,1F9AC2554733C7E5,electric_bike,2021-07-29 04:03:06,2021-07-29 04:11:30,Lenox Ave & W 111 St,7602,2 Ave & E 104 St,7436,40.7987859,-73.9523,40.7892105,-73.94370784,member
2299659,C02EF5713ABCB18B,classic_bike,2021-07-28 15:38:43,2021-07-28 15:42:04,E 102 St & 1 Ave,7407,2 Ave & E 104 St,7436,40.7869946,-73.94164802,40.7892105,-73.94370784,member
2299667,3070FF37E748F579,classic_bike,2021-07-24 18:59:47,2021-07-24 19:24:05,E 102 St & 1 Ave,7407,2 Ave & E 104 St,7436,40.7869946,-73.94164802,40.7892105,-73.94370784,casual
2299668,899FA3B9CDF9E3A1,classic_bike,2021-07-12 08:00:19,2021-07-12 09:06:56,E 102 St & 1 Ave,7407,2 Ave & E 104 St,7436,40.7869946,-73.94164802,40.7892105,-73.94370784,member
2299673,FC90670666F2D1F2,classic_bike,2021-07-30 10:46:24,2021-07-30 10:48:47,E 102 St & 1 Ave,7407,2 Ave & E 104 St,7436,40.7869946,-73.94164802,40.7892105,-73.94370784,member
2299682,673EE4F5491C16FE,classic_bike,2021-07-29 20:26:08,2021-07-29 20:31:25,E 102 St & 1 Ave,7407,2 Ave & E 104 St,7436,40.7869946,-73.94164802,40.7892105,-73.94370784,casual
2299687,4A653EC8EAFD0FAC,classic_bike,2021-07-06 20:46:46,2021-07-06 21:00:13,E 102 St & 1 Ave,7407,2 Ave & E 104 St,7436,40.7869946,-73.94164802,40.7892105,-73.94370784,member
2299689,33C56483C5C1C805,classic_bike,2021-07-29 17:28:50,2021-07-29 17:59:06,E 102 St & 1 Ave,7407,2 Ave & E 104 St,7436,40.7869946,-73.94164802,40.7892105,-73.94370784,member
2299690,FEDF96321538DFC7,classic_bike,2021-07-29 14:52:39,2021-07-29 14:55:11,E 102 St & 1 Ave,7407,2 Ave & E 104 St,7436,40.7869946,-73.94164802,40.7892105,-73.94370784,member
2299692,19115A1B79E9DD5B,electric_bike,2021-07-13 08:35:12,2021-07-13 08:37:09,E 102 St & 1 Ave,7407,2 Ave & E 104 St,7436,40.7869946,-73.94164802,40.7892105,-73.94370784,member
2299693,2AA8BC824B3CE5A0,classic_bike,2021-07-17 21:27:49,2021-07-17 21:57:59,E 102 St & 1 Ave,7407,2 Ave & E 104 St,7436,40.7869946,-73.94164802,40.7892105,-73.94370784,member
2299694,D37304E94FD00453,classic_bike,2021-07-20 07:05:24,2021-07-20 07:07:09,E 102 St & 1 Ave,7407,2 Ave & E 104 St,7436,40.7869946,-73.94164802,40.7892105,-73.94370784,member
2299696,85158F5DD1126EE4,classic_bike,2021-07-01 12:23:42,2021-07-01 12:25:31,E 102 St & 1 Ave,7407,2 Ave & E 104 St,7436,40.7869946,-73.94164802,40.7892105,-73.94370784,member
2299704,F22991181C7B452A,classic_bike,2021-07-19 07:09:18,2021-07-19 07:11:23,E 102 St & 1 Ave,7407,2 Ave & E 104 St,7436,40.7869946,-73.94164802,40.7892105,-73.94370784,member
2299719,C45CE41FBCFA56D7,classic_bike,2021-07-18 16:06:13,2021-07-18 16:45:34,Lenox Ave & W 111 St,7602,2 Ave & E 104 St,7436,40.7987859,-73.9523,40.7892105,-73.94370784,casual
2299721,5B92EFE49B749DC3,electric_bike,2021-07-19 23:42:31,2021-07-19 23:44:58,E 102 St & 1 Ave,7407,2 Ave & E 104 St,7436,40.7869946,-73.94164802,40.7892105,-73.94370784,casual
2299730,BAF9A4DA71DBBBA2,classic_bike,2021-07-24 16:33:46,2021-07-24 16:48:51,Lenox Ave & W 111 St,7602,2 Ave & E 104 St,7436,40.7987859,-73.9523,40.7892105,-73.94370784,member
2299731,E7AAD0F18F9105C8,electric_bike,2021-07-02 12:16:30,2021-07-02 12:27:56,Lenox Ave & W 111 St,7602,2 Ave & E 104 St,7436,40.7987859,-73.9523,40.7892105,-73.94370784,member
2299732,859C18F808B45141,classic_bike,2021-07-07 09:46:07,2021-07-07 09:49:25,E 102 St & 1 Ave,7407,2 Ave & E 104 St,7436,40.7869946,-73.94164802,40.7892105,-73.94370784,member
2299746,92BAA2A45F9482CF,classic_bike,2021-07-24 18:01:24,2021-07-24 18:35:06,W 70 St & Amsterdam Ave,7207,2 Ave & E 104 St,7436,40.77748046,-73.98288594,40.7892105,-73.94370784,member
2299748,E8113ED254A4A9A1,classic_bike,2021-07-04 20:36:33,2021-07-04 20:46:06,Lenox Ave & W 111 St,7602,2 Ave & E 104 St,7436,40.7987859,-73.9523,40.7892105,-73.94370784,member
2299755,589BA7979A34B5A7,classic_bike,2021-07-17 19:41:13,2021-07-17 22:14:00,Lenox Ave & W 111 St,7602,2 Ave & E 104 St,7436,40.7987859,-73.9523,40.7892105,-73.94370784,casual
2299758,EC7672BBD44C29C5,electric_bike,2021-07-16 18:43:49,2021-07-16 18:58:54,E 102 St & 1 Ave,7407,2 Ave & E 104 St,7436,40.7869946,-73.94164802,40.7892105,-73.94370784,casual
2299760,3292942DE31903ED,classic_bike,2021-07-22 08:50:49,2021-07-22 09:00:38,Lenox Ave & W 111 St,7602,2 Ave & E 104 St,7436,40.7987859,-73.9523,40.7892105,-73.94370784,member
2299762,DDA38E0EFC6B3E70,docked_bike,2021-07-18 20:31:27,2021-07-18 22:09:14,E 102 St & 1 Ave,7407,2 Ave & E 104 St,7436,40.786995,-73.941648,40.789211,-73.943708,casual
2299770,ADB6F070FD352B24,classic_bike,2021-07-17 16:14:56,2021-07-17 16:29:21,E 102 St & 1 Ave,7407,2 Ave & E 104 St,7436,40.7869946,-73.94164802,40.7892105,-73.94370784,member
2299772,EAE1E10B6EEB2C7E,classic_bike,2021-07-30 09:13:13,2021-07-30 09:26:09,E 82 St & East End Ave,7049,2 Ave & E 104 St,7436,40.7724607,-73.9468208,40.7892105,-73.94370784,member
2299775,EF543299773F8DD4,classic_bike,2021-07-22 09:48:59,2021-07-22 09:51:34,E 102 St & 1 Ave,7407,2 Ave & E 104 St,7436,40.7869946,-73.94164802,40.7892105,-73.94370784,member
2299791,1077EBAD7EBCA7BC,classic_bike,2021-07-10 18:54:40,2021-07-10 19:03:43,Lenox Ave & W 111 St,7602,2 Ave & E 104 St,7436,40.7987859,-73.9523,40.7892105,-73.94370784,casual
2299795,F22FE1D8ABB222E6,electric_bike,2021-07-09 00:20:11,2021-07-09 00:31:12,Lenox Ave & W 111 St,7602,2 Ave & E 104 St,7436,40.7987859,-73.9523,40.7892105,-73.94370784,casual
2299797,0F771C39EB691AA3,classic_bike,2021-07-06 20:46:48,2021-07-06 21:00:28,E 102 St & 1 Ave,7407,2 Ave & E 104 St,7436,40.7869946,-73.94164802,40.7892105,-73.94370784,member
2299798,491F5098BB159A81,classic_bike,2021-07-22 19:32:24,2021-07-22 20:43:00,E 102 St & 1 Ave,7407,2 Ave & E 104 St,7436,40.7869946,-73.94164802,40.7892105,-73.94370784,casual
2299799,B341C5F3BA4F2B46,classic_bike,2021-07-06 12:15:26,2021-07-06 12:17:25,E 102 St & 1 Ave,7407,2 Ave & E 104 St,7436,40.7869946,-73.94164802,40.7892105,-73.94370784,member
2299801,4B1DEFCE8BDFECAC,classic_bike,2021-07-18 08:58:03,2021-07-18 09:08:13,Lenox Ave & W 111 St,7602,2 Ave & E 104 St,7436,40.7987859,-73.9523,40.7892105,-73.94370784,casual
2299803,56F7113A00A29A63,classic_bike,2021-07-31 16:02:23,2021-07-31 16:09:45,E 102 St & 1 Ave,7407,2 Ave & E 104 St,7436,40.7869946,-73.94164802,40.7892105,-73.94370784,member
2299807,194ED8CF2682B247,electric_bike,2021-07-04 13:41:00,2021-07-04 13:56:17,E 102 St & 1 Ave,7407,2 Ave & E 104 St,7436,40.7869946,-73.94164802,40.7892105,-73.94370784,casual
2299808,E5B58A61A104E381,classic_bike,2021-07-15 16:50:20,2021-07-15 17:00:58,Lenox Ave & W 111 St,7602,2 Ave & E 104 St,7436,40.7987859,-73.9523,40.7892105,-73.94370784,casual
2299821,2E626131221C9BB8,classic_bike,2021-07-09 18:06:10,2021-07-09 18:17:59,E 102 St & 1 Ave,7407,2 Ave & E 104 St,7436,40.7869946,-73.94164802,40.7892105,-73.94370784,member
2299877,E2F0B671DCCD3593,classic_bike,2021-07-06 00:56:45,2021-07-06 01:03:11,E 85 St & 3 Ave,7212,2 Ave & E 104 St,7436,40.77801203,-73.95407149,40.7892105,-73.94370784,member
2299878,5633050AD68CCC54,classic_bike,2021-07-27 01:15:13,2021-07-27 01:23:34,E 85 St & 3 Ave,7212,2 Ave & E 104 St,7436,40.77801203,-73.95407149,40.7892105,-73.94370784,member
2299887,6AF51933D19159BF,classic_bike,2021-07-30 11:54:26,2021-07-30 12:00:10,E 85 St & 3 Ave,7212,2 Ave & E 104 St,7436,40.77801203,-73.95407149,40.7892105,-73.94370784,member
2299922,FBB63A8F5D5CFA28,classic_bike,2021-07-11 12:27:24,2021-07-11 12:41:44,E 102 St & 1 Ave,7407,2 Ave & E 104 St,7436,40.7869946,-73.94164802,40.7892105,-73.94370784,member
2299948,22D1EA5697CB6A77,classic_bike,2021-07-17 23:21:22,2021-07-17 23:40:40,Edgecombe Ave & W 141 St,7915,2 Ave & E 104 St,7436,40.820681,-73.945144,40.7892105,-73.94370784,casual
2299963,C8D4A47E96CC29B9,electric_bike,2021-07-03 22:48:58,2021-07-03 23:03:53,W 63 St & Broadway,7052,2 Ave & E 104 St,7436,40.77163851,-73.98261428,40.7892105,-73.94370784,member
2300020,3A02411A2C7B45B2,classic_bike,2021-07-19 09:45:00,2021-07-19 09:58:30,E 76 St & Park Ave,7128,2 Ave & E 104 St,7436,40.773763,-73.96222088,40.7892105,-73.94370784,member
2300054,0C81EE1A81110BB4,electric_bike,2021-07-14 22:33:02,2021-07-14 23:20:50,Edgecombe Ave & W 141 St,7915,2 Ave & E 104 St,7436,40.820681,-73.945144,40.7892105,-73.94370784,member
2300068,C4C6059166DF5F1D,electric_bike,2021-07-10 15:56:35,2021-07-10 17:16:33,W 116 St & Amsterdam Ave,7692,2 Ave & E 104 St,7436,40.8067581,-73.9607082,40.7892105,-73.94370784,casual
2300080,A8A0D5F90A72FEC3,classic_bike,2021-07-17 18:26:11,2021-07-17 18:53:04,W 63 St & Broadway,7052,2 Ave & E 104 St,7436,40.77163851,-73.98261428,40.7892105,-73.94370784,member
2300139,8063C620DBD11A67,electric_bike,2021-07-08 15:39:36,2021-07-08 15:59:32,W 63 St & Broadway,7052,2 Ave & E 104 St,7436,40.77163851,-73.98261428,40.7892105,-73.94370784,casual
2300157,8BDC5CBF4D2C5110,classic_bike,2021-07-19 16:35:59,2021-07-19 16:44:23,E 115 St & Madison Ave,7599,2 Ave & E 104 St,7436,40.7989445,-73.944846,40.7892105,-73.94370784,casual
2300167,06D40AC2EF1FE400,classic_bike,2021-07-30 16:33:33,2021-07-30 16:41:23,E 115 St & Madison Ave,7599,2 Ave & E 104 St,7436,40.7989445,-73.944846,40.7892105,-73.94370784,casual
2300197,943649A08E7E6CAC,classic_bike,2021-07-10 20:06:28,2021-07-10 20:18:43,W 116 St & Amsterdam Ave,7692,2 Ave & E 104 St,7436,40.8067581,-73.9607082,40.7892105,-73.94370784,member
2300249,B732773536C44D79,electric_bike,2021-07-19 18:57:50,2021-07-19 19:03:24,E 115 St & Madison Ave,7599,2 Ave & E 104 St,7436,40.7989445,-73.944846,40.7892105,-73.94370784,member
2300250,4851E6F2296EF639,classic_bike,2021-07-29 16:33:39,2021-07-29 16:40:57,E 115 St & Madison Ave,7599,2 Ave & E 104 St,7436,40.7989445,-73.944846,40.7892105,-73.94370784,casual
2300258,261F32D24BBDB719,classic_bike,2021-07-20 16:34:54,2021-07-20 16:41:09,E 115 St & Madison Ave,7599,2 Ave & E 104 St,7436,40.7989445,-73.944846,40.7892105,-73.94370784,casual
2300267,15BC560FAC254A1C,electric_bike,2021-07-27 04:03:13,2021-07-27 04:10:05,E 115 St & Madison Ave,7599,2 Ave & E 104 St,7436,40.7989445,-73.944846,40.7892105,-73.94370784,member
2300303,75CE7819B7147A0C,classic_bike,2021-07-26 18:02:55,2021-07-26 18:13:37,E 115 St & Madison Ave,7599,2 Ave & E 104 St,7436,40.7989445,-73.944846,40.7892105,-73.94370784,member
2300308,7B93465375563B58,electric_bike,2021-07-23 07:59:59,2021-07-23 08:53:11,E 161 St & River Ave,8041,2 Ave & E 104 St,7436,40.827883,-73.927111,40.7892105,-73.94370784,casual
2300312,58AEFD08F9A7D236,classic_bike,2021-07-20 01:30:38,2021-07-20 01:48:19,E 115 St & Madison Ave,7599,2 Ave & E 104 St,7436,40.7989445,-73.944846,40.7892105,-73.94370784,casual
2300314,A7420E3F09BFC2E3,classic_bike,2021-07-22 05:52:13,2021-07-22 06:13:13,E 115 St & Madison Ave,7599,2 Ave & E 104 St,7436,40.7989445,-73.944846,40.7892105,-73.94370784,casual
2300348,9F2F6BEE52CA7F8F,electric_bike,2021-07-21 08:25:53,2021-07-21 08:47:25,E 161 St & River Ave,8041,2 Ave & E 104 St,7436,40.827883,-73.927111,40.7892105,-73.94370784,casual
2300349,074F64C20725C2C4,electric_bike,2021-07-16 09:28:35,2021-07-16 09:59:40,E 161 St & River Ave,8041,2 Ave & E 104 St,7436,40.827883,-73.927111,40.7892105,-73.94370784,casual
2300430,FB1DF8AB24285EDE,classic_bike,2021-07-13 23:22:04,2021-07-13 23:27:46,E 88 St & 1 Ave,7235,2 Ave & E 104 St,7436,40.778301,-73.9488134,40.7892105,-73.94370784,member
2300448,E986E05E626640E5,classic_bike,2021-07-25 14:06:02,2021-07-25 14:13:48,E 88 St & 1 Ave,7235,2 Ave & E 104 St,7436,40.778301,-73.9488134,40.7892105,-73.94370784,member
2300454,70123BCAA4B636F7,classic_bike,2021-07-15 08:47:54,2021-07-15 08:54:52,E 88 St & 1 Ave,7235,2 Ave & E 104 St,7436,40.778301,-73.9488134,40.7892105,-73.94370784,member
2300459,10B6BB3DACEE1367,electric_bike,2021-07-08 09:19:54,2021-07-08 09:34:40,St. Nicholas Terrace & Convent Ave,7937,2 Ave & E 104 St,7436,40.821294,-73.947868,40.7892105,-73.94370784,member
2300461,B299AB2BCCD206C4,electric_bike,2021-07-24 16:50:56,2021-07-24 17:07:23,St. Nicholas Terrace & Convent Ave,7937,2 Ave & E 104 St,7436,40.821294,-73.947868,40.7892105,-73.94370784,member
2300472,5FF40BB95AED7C64,classic_bike,2021-07-26 19:01:18,2021-07-26 19:07:03,E 88 St & 1 Ave,7235,2 Ave & E 104 St,7436,40.778301,-73.9488134,40.7892105,-73.94370784,member
2300476,0F7184B7B360CDC4,classic_bike,2021-07-26 18:58:38,2021-07-26 19:05:04,E 88 St & 1 Ave,7235,2 Ave & E 104 St,7436,40.778301,-73.9488134,40.7892105,-73.94370784,casual
2300479,077FF35607FE8CC4,electric_bike,2021-07-23 19:43:32,2021-07-23 19:53:36,E 88 St & 1 Ave,7235,2 Ave & E 104 St,7436,40.778301,-73.9488134,40.7892105,-73.94370784,casual
2300486,B1ED30B3300DDC2F,classic_bike,2021-07-10 17:15:04,2021-07-10 17:26:38,E 88 St & 1 Ave,7235,2 Ave & E 104 St,7436,40.778301,-73.9488134,40.7892105,-73.94370784,member
2300516,2F857143C59E452C,electric_bike,2021-07-17 17:02:08,2021-07-17 17:23:15,Amsterdam Ave & W 125 St,7800,2 Ave & E 104 St,7436,40.813358,-73.956461,40.7892105,-73.94370784,casual
2300523,2DB33CDEAF76FFBD,electric_bike,2021-07-12 17:37:45,2021-07-12 17:56:24,St. Nicholas Terrace & Convent Ave,7937,2 Ave & E 104 St,7436,40.821294,-73.947868,40.7892105,-73.94370784,member
2300552,CE4A14551B68C874,electric_bike,2021-07-27 22:22:16,2021-07-27 22:42:24,Frederick Douglass Blvd & W 129 St,7795,2 Ave & E 104 St,7436,40.8125511,-73.9492286,40.7892105,-73.94370784,casual
2300598,3CB486552F8A2600,electric_bike,2021-07-19 22:58:33,2021-07-19 23:22:16,Lenox Ave & W 126 St,7720,2 Ave & E 104 St,7436,40.808442,-73.9452087,40.7892105,-73.94370784,member
2300612,98C446888E5879C8,classic_bike,2021-07-23 20:04:47,2021-07-23 20:18:46,2 Ave & E 104 St,7436,2 Ave & E 104 St,7436,40.7892105,-73.94370784,40.7892105,-73.94370784,member
2300614,C93DE1EDE1BE322B,classic_bike,2021-07-28 21:58:31,2021-07-28 22:08:33,2 Ave & E 104 St,7436,2 Ave & E 104 St,7436,40.7892105,-73.94370784,40.7892105,-73.94370784,member
2300615,C2C41C88A6A16B4D,classic_bike,2021-07-29 16:35:51,2021-07-29 16:47:25,2 Ave & E 104 St,7436,2 Ave & E 104 St,7436,40.7892105,-73.94370784,40.7892105,-73.94370784,member
2300627,CB8C96117A8EE4F2,classic_bike,2021-07-29 14:55:06,2021-07-29 14:55:10,2 Ave & E 104 St,7436,2 Ave & E 104 St,7436,40.7892105,-73.94370784,40.7892105,-73.94370784,member
2300628,B083A19424C645F4,electric_bike,2021-07-02 12:16:55,2021-07-02 12:17:35,2 Ave & E 104 St,7436,2 Ave & E 104 St,7436,40.7892105,-73.94370784,40.7892105,-73.94370784,member
2300632,1AE08BE9AC665738,classic_bike,2021-07-13 19:17:28,2021-07-13 19:23:10,2 Ave & E 104 St,7436,2 Ave & E 104 St,7436,40.7892105,-73.94370784,40.7892105,-73.94370784,member
2300633,C54546F2A278C504,classic_bike,2021-07-22 18:11:21,2021-07-22 18:55:00,2 Ave & E 104 St,7436,2 Ave & E 104 St,7436,40.7892105,-73.94370784,40.7892105,-73.94370784,member
2300639,241EB6586FD7D9F6,classic_bike,2021-07-27 16:28:13,2021-07-27 16:38:52,2 Ave & E 104 St,7436,2 Ave & E 104 St,7436,40.7892105,-73.94370784,40.7892105,-73.94370784,member
2300650,361620BBBECF1DAE,classic_bike,2021-07-24 09:10:20,2021-07-24 09:23:21,E 81 St & York Ave,7084,2 Ave & E 104 St,7436,40.7728384,-73.94989233,40.7892105,-73.94370784,member
2300662,5AF36E17FD373C68,classic_bike,2021-07-19 06:48:43,2021-07-19 07:12:06,9 Ave & W 45 St,6717,2 Ave & E 104 St,7436,40.76019252,-73.9912551,40.7892105,-73.94370784,member
2300664,B7741E94E97C6293,classic_bike,2021-07-27 15:10:57,2021-07-27 15:35:12,E 56 St & Madison Ave,6732,2 Ave & E 104 St,7436,40.761573,-73.972628,40.7892105,-73.94370784,member
2300680,DA3EC42CE3F35599,classic_bike,2021-07-31 22:55:39,2021-07-31 23:12:13,Lenox Ave & W 126 St,7720,2 Ave & E 104 St,7436,40.808442,-73.9452087,40.7892105,-73.94370784,member
2300690,90233312CB4B1AB5,electric_bike,2021-07-13 16:47:30,2021-07-13 16:59:30,Lenox Ave & W 126 St,7720,2 Ave & E 104 St,7436,40.808442,-73.9452087,40.7892105,-73.94370784,casual
2300695,AD6B449FD6EC7BBA,electric_bike,2021-07-04 16:08:10,2021-07-04 16:18:35,Lenox Ave & W 126 St,7720,2 Ave & E 104 St,7436,40.808442,-73.9452087,40.7892105,-73.94370784,member
2300724,CD9CBE2D2140567B,electric_bike,2021-07-30 13:44:04,2021-07-30 13:57:19,Lenox Ave & W 126 St,7720,2 Ave & E 104 St,7436,40.808442,-73.9452087,40.7892105,-73.94370784,member
2300748,DCCDA10CEEE8EC7A,electric_bike,2021-07-05 11:51:54,2021-07-05 12:31:34,Convent Ave & W 135 St,7860,2 Ave & E 104 St,7436,40.818215,-73.950988,40.7892105,-73.94370784,member
2300750,FE93C4F579DB7077,docked_bike,2021-07-10 23:41:48,2021-07-10 23:55:49,Lenox Ave & W 126 St,7720,2 Ave & E 104 St,7436,40.808442,-73.945209,40.789211,-73.943708,casual
2300755,CAC51711252FCCE0,electric_bike,2021-07-29 23:05:08,2021-07-29 23:18:45,E 51 St & 1 Ave,6532,2 Ave & E 104 St,7436,40.75455731,-73.96592976,40.7892105,-73.94370784,casual
2300785,8B4DE209D35718F3,classic_bike,2021-07-27 23:12:47,2021-07-27 23:30:12,E 51 St & 1 Ave,6532,2 Ave & E 104 St,7436,40.75455731,-73.96592976,40.7892105,-73.94370784,casual
2300786,B672C8E0A2990A6D,electric_bike,2021-07-28 23:04:09,2021-07-28 23:18:37,E 51 St & 1 Ave,6532,2 Ave & E 104 St,7436,40.75455731,-73.96592976,40.7892105,-73.94370784,casual
2300787,48F7B5C6DEF52BC3,electric_bike,2021-07-30 09:21:54,2021-07-30 09:31:56,Lenox Ave & W 126 St,7720,2 Ave & E 104 St,7436,40.808442,-73.9452087,40.7892105,-73.94370784,casual
2300804,F7863DC51EF45EAE,classic_bike,2021-07-04 15:33:54,2021-07-04 15:41:20,E 106 St & Madison Ave,7528,2 Ave & E 104 St,7436,40.7934337,-73.94945003,40.7892105,-73.94370784,member
2300805,10E235A2C2B7E794,electric_bike,2021-07-12 18:58:28,2021-07-12 19:01:13,E 106 St & Madison Ave,7528,2 Ave & E 104 St,7436,40.7934337,-73.94945003,40.7892105,-73.94370784,member
2300846,085E1F3B137ABD57,electric_bike,2021-07-03 19:47:38,2021-07-03 19:52:56,E 106 St & Madison Ave,7528,2 Ave & E 104 St,7436,40.7934337,-73.94945003,40.7892105,-73.94370784,casual
2300853,AD7556AD5E4ECB87,classic_bike,2021-07-04 15:35:44,2021-07-04 15:41:17,E 106 St & Madison Ave,7528,2 Ave & E 104 St,7436,40.7934337,-73.94945003,40.7892105,-73.94370784,casual
2300858,055B58E8985F91FF,classic_bike,2021-07-28 10:27:14,2021-07-28 10:32:31,E 106 St & Madison Ave,7528,2 Ave & E 104 St,7436,40.7934337,-73.94945003,40.7892105,-73.94370784,member
2300859,76D662224AD43EBD,classic_bike,2021-07-26 13:11:42,2021-07-26 13:16:58,E 106 St & Madison Ave,7528,2 Ave & E 104 St,7436,40.7934337,-73.94945003,40.7892105,-73.94370784,member
2300860,B9CFE669FD0DCE8F,classic_bike,2021-07-14 08:41:36,2021-07-14 08:53:27,E 106 St & Madison Ave,7528,2 Ave & E 104 St,7436,40.7934337,-73.94945003,40.7892105,-73.94370784,member
2300861,AD579D65EE4EA6CE,classic_bike,2021-07-19 08:38:16,2021-07-19 08:46:02,E 106 St & Madison Ave,7528,2 Ave & E 104 St,7436,40.7934337,-73.94945003,40.7892105,-73.94370784,member
2300862,BB3AD10F0105DA26,classic_bike,2021-07-08 08:41:02,2021-07-08 08:52:54,E 106 St & Madison Ave,7528,2 Ave & E 104 St,7436,40.7934337,-73.94945003,40.7892105,-73.94370784,member
2300863,4C9744EE88C66C54,classic_bike,2021-07-06 14:24:28,2021-07-06 14:29:51,E 106 St & Madison Ave,7528,2 Ave & E 104 St,7436,40.7934337,-73.94945003,40.7892105,-73.94370784,member
2300865,C9553A16E79B038C,classic_bike,2021-07-26 15:58:37,2021-07-26 16:12:58,E 106 St & Madison Ave,7528,2 Ave & E 104 St,7436,40.7934337,-73.94945003,40.7892105,-73.94370784,member
2300866,494B08B3532C9898,electric_bike,2021-07-02 21:45:17,2021-07-02 21:48:01,E 106 St & Madison Ave,7528,2 Ave & E 104 St,7436,40.7934337,-73.94945003,40.7892105,-73.94370784,member
2300883,227DFDB1174D6F8A,classic_bike,2021-07-13 08:29:20,2021-07-13 08:35:27,E 106 St & Madison Ave,7528,2 Ave & E 104 St,7436,40.7934337,-73.94945003,40.7892105,-73.94370784,member
2300884,329709FB090DB43F,classic_bike,2021-07-12 08:29:10,2021-07-12 08:34:04,E 106 St & Madison Ave,7528,2 Ave & E 104 St,7436,40.7934337,-73.94945003,40.7892105,-73.94370784,member
2300885,73348FCFCC655497,classic_bike,2021-07-12 17:33:52,2021-07-12 17:39:32,E 106 St & Madison Ave,7528,2 Ave & E 104 St,7436,40.7934337,-73.94945003,40.7892105,-73.94370784,member
2300886,B73B45559FC9A770,classic_bike,2021-07-22 08:47:20,2021-07-22 09:02:30,E 106 St & Madison Ave,7528,2 Ave & E 104 St,7436,40.7934337,-73.94945003,40.7892105,-73.94370784,member
2300993,5982800A9BF22EF0,electric_bike,2021-07-18 09:11:22,2021-07-18 09:19:53,E 106 St & Madison Ave,7528,2 Ave & E 104 St,7436,40.7934337,-73.94945003,40.7892105,-73.94370784,member
2300995,BF4B107631356271,classic_bike,2021-07-21 16:39:21,2021-07-21 16:45:49,E 106 St & Madison Ave,7528,2 Ave & E 104 St,7436,40.7934337,-73.94945003,40.7892105,-73.94370784,member
2301012,000735CCB329D278,electric_bike,2021-07-10 23:55:55,2021-07-11 00:03:29,2 Ave & E 125 St,7648,2 Ave & E 104 St,7436,40.802554,-73.933509,40.7892105,-73.94370784,casual
2301014,C2DEEC017D9AD5A3,electric_bike,2021-07-10 09:14:36,2021-07-10 09:21:23,2 Ave & E 125 St,7648,2 Ave & E 104 St,7436,40.802554,-73.933509,40.7892105,-73.94370784,casual
2301022,FF15EC60B905F449,classic_bike,2021-07-20 07:30:37,2021-07-20 07:42:25,2 Ave & E 125 St,7648,2 Ave & E 104 St,7436,40.802554,-73.933509,40.7892105,-73.94370784,member
2301023,D5419A74190B4D5B,classic_bike,2021-07-24 06:58:49,2021-07-24 07:05:49,2 Ave & E 125 St,7648,2 Ave & E 104 St,7436,40.802554,-73.933509,40.7892105,-73.94370784,member
2301041,E367B414C6D7A500,classic_bike,2021-07-26 21:16:00,2021-07-26 21:24:00,E 106 St & Madison Ave,7528,2 Ave & E 104 St,7436,40.7934337,-73.94945003,40.7892105,-73.94370784,member
2301075,947803837A0E517F,classic_bike,2021-07-14 18:44:23,2021-07-14 18:56:37,E 106 St & Madison Ave,7528,2 Ave & E 104 St,7436,40.7934337,-73.94945003,40.7892105,-73.94370784,member
2301083,5DD881980DBAC35F,classic_bike,2021-07-12 21:35:11,2021-07-12 21:53:30,Central Park West & W 72 St,7141,2 Ave & E 104 St,7436,40.77579376683666,-73.9762057363987,40.7892105,-73.94370784,member
2301089,C63ED68A7F158D05,electric_bike,2021-07-15 20:45:14,2021-07-15 20:58:44,Willow Ave & E 133 St,7626,2 Ave & E 104 St,7436,40.800933,-73.913863,40.7892105,-73.94370784,member
2301157,6C723C1AC339DBB8,classic_bike,2021-07-20 20:27:47,2021-07-20 20:35:37,E 118 St & 1 Ave,7596,2 Ave & E 104 St,7436,40.79747,-73.93504,40.7892105,-73.94370784,member
2301163,81E5D87EA1D70710,classic_bike,2021-07-10 16:44:40,2021-07-10 17:04:10,Morningside Ave & W 123 St,7741,2 Ave & E 104 St,7436,40.81,-73.9551508,40.7892105,-73.94370784,casual
2301202,E3A9627064E688A2,classic_bike,2021-07-30 18:22:27,2021-07-30 18:38:36,Lenox Ave & W 130 St,7753,2 Ave & E 104 St,7436,40.8107922,-73.9430681,40.7892105,-73.94370784,member
2301225,03BA08AF4674D2C2,electric_bike,2021-07-19 08:18:27,2021-07-19 08:42:19,Morris Ave & E 163 St,8036,2 Ave & E 104 St,7436,40.827230499624726,-73.91765579597632,40.7892105,-73.94370784,casual
2301340,460F4614F490F2D1,electric_bike,2021-07-30 15:46:49,2021-07-30 16:00:01,W 100 St & Manhattan Ave,7538,2 Ave & E 104 St,7436,40.795,-73.9645,40.7892105,-73.94370784,member
2301344,C3D936CB743558B3,classic_bike,2021-07-20 21:48:10,2021-07-20 21:59:17,E 78 St & 2 Ave,7057,2 Ave & E 104 St,7436,40.7727966,-73.95577801,40.7892105,-73.94370784,member
2301365,F6A3A34EA520B492,classic_bike,2021-07-27 14:56:30,2021-07-27 15:08:42,W 100 St & Manhattan Ave,7538,2 Ave & E 104 St,7436,40.795,-73.9645,40.7892105,-73.94370784,member
2301376,BCFEE3C8259D1140,classic_bike,2021-07-15 13:53:52,2021-07-15 14:05:32,E 78 St & 2 Ave,7057,2 Ave & E 104 St,7436,40.7727966,-73.95577801,40.7892105,-73.94370784,member
2301382,655442E21BFD31C5,electric_bike,2021-07-12 12:26:19,2021-07-12 12:35:53,W 100 St & Manhattan Ave,7538,2 Ave & E 104 St,7436,40.795,-73.9645,40.7892105,-73.94370784,member
2301386,1A6053325FFE4EE2,classic_bike,2021-07-26 14:55:18,2021-07-26 15:07:10,W 100 St & Manhattan Ave,7538,2 Ave & E 104 St,7436,40.795,-73.9645,40.7892105,-73.94370784,member
2301397,1E1EE0E1800891FF,classic_bike,2021-07-31 14:11:35,2021-07-31 14:23:32,W 100 St & Manhattan Ave,7538,2 Ave & E 104 St,7436,40.795,-73.9645,40.7892105,-73.94370784,member
2301478,8FAD956D270D4D39,classic_bike,2021-07-22 17:52:17,2021-07-22 18:02:39,W 106 St & Central Park West,7606,2 Ave & E 104 St,7436,40.7981856,-73.9605909006,40.7892105,-73.94370784,member
2301508,DD66115626B09488,classic_bike,2021-07-06 19:09:07,2021-07-06 19:17:22,W 100 St & Manhattan Ave,7538,2 Ave & E 104 St,7436,40.795,-73.9645,40.7892105,-73.94370784,member
2301603,A3B631CC4A5629D2,electric_bike,2021-07-26 21:07:43,2021-07-26 21:27:35,W 49 St & 8 Ave,6747,2 Ave & E 104 St,7436,40.76227205,-73.98788205,40.7892105,-73.94370784,member
2301605,2E1CBB56EFAD5283,electric_bike,2021-07-05 18:22:54,2021-07-05 18:41:35,W 49 St & 8 Ave,6747,2 Ave & E 104 St,7436,40.76227205,-73.98788205,40.7892105,-73.94370784,member
2301647,B436957F39AE9934,electric_bike,2021-07-30 21:14:43,2021-07-30 21:24:12,5 Ave & E 93 St,7372,2 Ave & E 104 St,7436,40.7857851,-73.957481,40.7892105,-73.94370784,casual
2301661,739A0394F02D212E,electric_bike,2021-07-28 12:21:24,2021-07-28 21:57:53,Grand Concourse & E 161 St,8021,2 Ave & E 104 St,7436,40.82713380423556,-73.9227358996868,40.7892105,-73.94370784,casual
2301681,8AD6F075D3DF42C3,classic_bike,2021-07-11 17:02:41,2021-07-11 17:34:54,Central Park North & Adam Clayton Powell Blvd,7617,2 Ave & E 104 St,7436,40.799484,-73.955613,40.7892105,-73.94370784,casual
2301684,DBBE603389B6D3D1,classic_bike,2021-07-28 16:46:10,2021-07-28 16:53:58,Central Park North & Adam Clayton Powell Blvd,7617,2 Ave & E 104 St,7436,40.799484,-73.955613,40.7892105,-73.94370784,member
2301719,608DB5C3ECEC7542,electric_bike,2021-07-15 08:36:14,2021-07-15 08:49:04,E 132 St & Madison Ave,7748,2 Ave & E 104 St,7436,40.810224,-73.937195,40.7892105,-73.94370784,member
2301723,CCFEE7C0C4F337DC,classic_bike,2021-07-09 20:29:13,2021-07-09 20:36:51,5 Ave & E 93 St,7372,2 Ave & E 104 St,7436,40.7857851,-73.957481,40.7892105,-73.94370784,member
2301725,FCCBD07FF43A5E58,classic_bike,2021-07-30 18:56:32,2021-07-30 19:04:59,E 93 St & 2 Ave,7286,2 Ave & E 104 St,7436,40.782454175279874,-73.9489196240902,40.7892105,-73.94370784,member
2301731,99273C2320641EC3,docked_bike,2021-07-24 12:42:08,2021-07-24 12:54:30,E 132 St & Madison Ave,7748,2 Ave & E 104 St,7436,40.810224,-73.937195,40.789211,-73.943708,casual
2301733,53655AEBEE84DCD3,classic_bike,2021-07-17 11:06:14,2021-07-17 11:13:34,E 93 St & 2 Ave,7286,2 Ave & E 104 St,7436,40.782454175279874,-73.9489196240902,40.7892105,-73.94370784,member
2301735,AA6449072FD30F9B,electric_bike,2021-07-27 21:39:47,2021-07-27 21:46:29,E 93 St & 2 Ave,7286,2 Ave & E 104 St,7436,40.782454175279874,-73.9489196240902,40.7892105,-73.94370784,casual
2301773,A65BBD5FF5435A27,electric_bike,2021-07-19 01:16:29,2021-07-19 01:27:34,Amsterdam Ave & W 79 St,7311,2 Ave & E 104 St,7436,40.7829391,-73.9786517,40.7892105,-73.94370784,member
2301779,87DF3FA95CC73FE7,electric_bike,2021-07-30 07:19:52,2021-07-30 07:26:44,E 93 St & 2 Ave,7286,2 Ave & E 104 St,7436,40.782454175279874,-73.9489196240902,40.7892105,-73.94370784,casual
2301817,CCA24020E8D77D01,electric_bike,2021-07-05 17:28:40,2021-07-05 17:59:48,Broadway & W 133 St,7903,2 Ave & E 104 St,7436,40.8190344,-73.956156,40.7892105,-73.94370784,casual
2301819,FCBA7814491DC86F,electric_bike,2021-07-05 17:28:54,2021-07-05 17:59:46,Broadway & W 133 St,7903,2 Ave & E 104 St,7436,40.8190344,-73.956156,40.7892105,-73.94370784,casual
2301834,6552F8492C54682E,electric_bike,2021-07-31 15:42:56,2021-07-31 16:00:29,Amsterdam Ave & W 73 St,7260,2 Ave & E 104 St,7436,40.77966809007312,-73.98093044757842,40.7892105,-73.94370784,member
2301845,5B2494724D97A04A,docked_bike,2021-07-22 15:36:27,2021-07-22 16:02:04,Willis Ave & E 141 St,7759,2 Ave & E 104 St,7436,40.81093,-73.921606,40.789211,-73.943708,casual
2301850,C81209CFA0DC0A2D,docked_bike,2021-07-22 15:34:41,2021-07-22 16:01:39,Willis Ave & E 141 St,7759,2 Ave & E 104 St,7436,40.81093,-73.921606,40.789211,-73.943708,casual
2301870,2B2676FBC519831E,classic_bike,2021-07-26 06:02:46,2021-07-26 06:23:14,Amsterdam Ave & W 79 St,7311,2 Ave & E 104 St,7436,40.7829391,-73.9786517,40.7892105,-73.94370784,member
2301876,6BB2FD1302405292,classic_bike,2021-07-05 15:06:12,2021-07-05 16:25:02,Central Park West & W 85 St,7354,2 Ave & E 104 St,7436,40.78476,-73.969862,40.7892105,-73.94370784,casual
2301877,C9BB71E8CD4CDD81,electric_bike,2021-07-10 14:26:51,2021-07-10 14:38:32,Central Park West & W 85 St,7354,2 Ave & E 104 St,7436,40.78476,-73.969862,40.7892105,-73.94370784,member
2301910,1ECEF730C38D6CAD,classic_bike,2021-07-19 19:40:08,2021-07-19 20:30:20,Little West St & 1 Pl,5001,2 Ave & E 104 St,7436,40.70569254,-74.01677685,40.7892105,-73.94370784,member
2302054,CEFEEFFC2714E458,electric_bike,2021-07-18 20:31:25,2021-07-18 20:50:33,W 42 St & 6 Ave,6517,2 Ave & E 104 St,7436,40.75492,-73.98455,40.7892105,-73.94370784,member
2302101,7D8826DE17A9F1C1,electric_bike,2021-07-10 09:07:55,2021-07-10 09:21:34,E 68 St & 3 Ave,6896,2 Ave & E 104 St,7436,40.76712840349542,-73.96224617958069,40.7892105,-73.94370784,casual
2302135,7511861343207E12,classic_bike,2021-07-17 16:32:05,2021-07-17 17:26:06,E 68 St & 3 Ave,6896,2 Ave & E 104 St,7436,40.76712840349542,-73.96224617958069,40.7892105,-73.94370784,member
2302173,BD931955E199F5CB,classic_bike,2021-07-22 20:36:55,2021-07-22 21:13:30,W 34 St & 11 Ave,6578,2 Ave & E 104 St,7436,40.75594159,-74.0021163,40.7892105,-73.94370784,member
2302190,4A8B5522D9751148,electric_bike,2021-07-18 12:10:38,2021-07-18 12:23:38,E 68 St & 3 Ave,6896,2 Ave & E 104 St,7436,40.76712840349542,-73.96224617958069,40.7892105,-73.94370784,member
2302219,D2B54384E94B4A98,electric_bike,2021-07-29 16:39:52,2021-07-29 17:21:36,Union Ave & N 12 St,5411,2 Ave & E 104 St,7436,40.71924,-73.95242,40.7892105,-73.94370784,member
2302260,B54ACF0732205C57,electric_bike,2021-07-21 17:33:44,2021-07-21 18:05:12,Bradhurst Ave & W 148 St,7992,2 Ave & E 104 St,7436,40.825125,-73.941616,40.7892105,-73.94370784,casual
2302297,37409291CEA12EBC,electric_bike,2021-07-22 12:43:32,2021-07-22 13:04:21,Bradhurst Ave & W 148 St,7992,2 Ave & E 104 St,7436,40.825125,-73.941616,40.7892105,-73.94370784,member
2302308,7548093C41D66BC8,classic_bike,2021-07-14 14:24:41,2021-07-14 14:28:12,2 Ave & E 96 St,7338,2 Ave & E 104 St,7436,40.7839636,-73.9471673,40.7892105,-73.94370784,member
2302310,DF3BD63BB844B711,classic_bike,2021-07-29 21:04:01,2021-07-29 21:08:59,2 Ave & E 96 St,7338,2 Ave & E 104 St,7436,40.7839636,-73.9471673,40.7892105,-73.94370784,member
2302316,8AA5953A3F1A6CB5,classic_bike,2021-07-06 12:17:15,2021-07-06 12:23:29,2 Ave & E 96 St,7338,2 Ave & E 104 St,7436,40.7839636,-73.9471673,40.7892105,-73.94370784,member
2302317,3338DE29B59144E2,electric_bike,2021-07-14 07:49:21,2021-07-14 08:14:35,Cathedral Pkwy & Broadway,7680,2 Ave & E 104 St,7436,40.804213,-73.96699104,40.7892105,-73.94370784,member
2302326,26E031C8BB467077,classic_bike,2021-07-06 13:51:04,2021-07-06 14:10:13,1 Ave & E 62 St,6753,2 Ave & E 104 St,7436,40.7612274,-73.96094022,40.7892105,-73.94370784,member
2302329,1025FCAF098143A0,classic_bike,2021-07-03 01:12:03,2021-07-03 01:18:38,2 Ave & E 96 St,7338,2 Ave & E 104 St,7436,40.7839636,-73.9471673,40.7892105,-73.94370784,member
2302330,D92D166F975E7CED,classic_bike,2021-07-04 23:00:18,2021-07-04 23:05:08,2 Ave & E 96 St,7338,2 Ave & E 104 St,7436,40.7839636,-73.9471673,40.7892105,-73.94370784,member
2302331,92CCDDCE5CD685DA,classic_bike,2021-07-30 14:21:46,2021-07-30 14:26:43,2 Ave & E 96 St,7338,2 Ave & E 104 St,7436,40.7839636,-73.9471673,40.7892105,-73.94370784,member
2302333,1C6C94935B042E76,classic_bike,2021-07-02 14:12:53,2021-07-02 14:15:20,2 Ave & E 96 St,7338,2 Ave & E 104 St,7436,40.7839636,-73.9471673,40.7892105,-73.94370784,member
2302334,8143199FD0019F09,classic_bike,2021-07-21 14:16:53,2021-07-21 14:19:40,2 Ave & E 96 St,7338,2 Ave & E 104 St,7436,40.7839636,-73.9471673,40.7892105,-73.94370784,member
2302335,D93DD4D056B65E2C,classic_bike,2021-07-25 20:22:55,2021-07-25 20:29:43,2 Ave & E 96 St,7338,2 Ave & E 104 St,7436,40.7839636,-73.9471673,40.7892105,-73.94370784,casual
2302337,D607EBF1C89EB18D,classic_bike,2021-07-19 15:13:47,2021-07-19 15:17:58,2 Ave & E 96 St,7338,2 Ave & E 104 St,7436,40.7839636,-73.9471673,40.7892105,-73.94370784,member
2302338,8BB70224EAABC9C5,classic_bike,2021-07-24 14:36:10,2021-07-24 14:40:22,2 Ave & E 96 St,7338,2 Ave & E 104 St,7436,40.7839636,-73.9471673,40.7892105,-73.94370784,member
2302339,75D1A482BF6D3759,classic_bike,2021-07-24 01:09:16,2021-07-24 01:14:33,2 Ave & E 96 St,7338,2 Ave & E 104 St,7436,40.7839636,-73.9471673,40.7892105,-73.94370784,casual
2302340,EDABBE918AF11D9B,classic_bike,2021-07-16 14:18:35,2021-07-16 14:29:39,2 Ave & E 96 St,7338,2 Ave & E 104 St,7436,40.7839636,-73.9471673,40.7892105,-73.94370784,member
2302341,40966424DB1F0A71,classic_bike,2021-07-15 08:58:16,2021-07-15 09:04:05,2 Ave & E 96 St,7338,2 Ave & E 104 St,7436,40.7839636,-73.9471673,40.7892105,-73.94370784,casual
2302342,B67B846BCA0B93AC,classic_bike,2021-07-02 13:53:20,2021-07-02 14:03:12,2 Ave & E 96 St,7338,2 Ave & E 104 St,7436,40.7839636,-73.9471673,40.7892105,-73.94370784,casual
2302346,DDD574170E999D5E,classic_bike,2021-07-11 14:05:16,2021-07-11 14:19:50,Cathedral Pkwy & Broadway,7680,2 Ave & E 104 St,7436,40.804213,-73.96699104,40.7892105,-73.94370784,casual
2302352,1D28946982715215,classic_bike,2021-07-12 19:06:31,2021-07-12 19:21:04,1 Ave & E 62 St,6753,2 Ave & E 104 St,7436,40.7612274,-73.96094022,40.7892105,-73.94370784,member
2302353,7AB3C8A419843E8D,classic_bike,2021-07-26 19:37:49,2021-07-26 19:55:16,1 Ave & E 62 St,6753,2 Ave & E 104 St,7436,40.7612274,-73.96094022,40.7892105,-73.94370784,member
2302356,D5741C7F210FC02E,classic_bike,2021-07-01 19:15:25,2021-07-01 19:18:11,2 Ave & E 96 St,7338,2 Ave & E 104 St,7436,40.7839636,-73.9471673,40.7892105,-73.94370784,member
2302357,3CBAA0B82E13009D,classic_bike,2021-07-29 20:38:18,2021-07-29 20:41:23,2 Ave & E 96 St,7338,2 Ave & E 104 St,7436,40.7839636,-73.9471673,40.7892105,-73.94370784,member
2302358,C7409D94BF966EC9,classic_bike,2021-07-18 14:29:22,2021-07-18 14:35:20,2 Ave & E 96 St,7338,2 Ave & E 104 St,7436,40.7839636,-73.9471673,40.7892105,-73.94370784,member
2302359,573FC6638420AA00,electric_bike,2021-07-16 18:07:09,2021-07-16 18:09:46,2 Ave & E 96 St,7338,2 Ave & E 104 St,7436,40.7839636,-73.9471673,40.7892105,-73.94370784,member
2302362,77DC09B4BDA88760,classic_bike,2021-07-04 22:28:26,2021-07-04 22:45:17,Cathedral Pkwy & Broadway,7680,2 Ave & E 104 St,7436,40.804213,-73.96699104,40.7892105,-73.94370784,casual
2302364,17D1067C008F5D4E,classic_bike,2021-07-20 14:33:53,2021-07-20 14:38:00,2 Ave & E 96 St,7338,2 Ave & E 104 St,7436,40.7839636,-73.9471673,40.7892105,-73.94370784,member
2302365,EE3082548A093707,electric_bike,2021-07-25 12:45:07,2021-07-25 12:58:15,Riverside Dr & W 91 St,7524,2 Ave & E 104 St,7436,40.79313480986663,-73.97700369358063,40.7892105,-73.94370784,member
2302367,7C90C5045864D732,classic_bike,2021-07-14 21:20:51,2021-07-14 21:24:59,2 Ave & E 96 St,7338,2 Ave & E 104 St,7436,40.7839636,-73.9471673,40.7892105,-73.94370784,member
2302370,924869DE9A7A0B98,classic_bike,2021-07-08 14:56:20,2021-07-08 15:04:05,2 Ave & E 96 St,7338,2 Ave & E 104 St,7436,40.7839636,-73.9471673,40.7892105,-73.94370784,member
2302372,59ADADF8E9B5C36B,electric_bike,2021-07-06 21:33:18,2021-07-06 22:50:34,Cathedral Pkwy & Broadway,7680,2 Ave & E 104 St,7436,40.804213,-73.96699104,40.7892105,-73.94370784,member
2302373,8BA6821C47EBB948,electric_bike,2021-07-01 23:42:33,2021-07-01 23:51:18,Cathedral Pkwy & Broadway,7680,2 Ave & E 104 St,7436,40.804213,-73.96699104,40.7892105,-73.94370784,member
2302374,B95E7C7BF55E4C5A,classic_bike,2021-07-10 13:36:56,2021-07-10 13:40:23,2 Ave & E 96 St,7338,2 Ave & E 104 St,7436,40.7839636,-73.9471673,40.7892105,-73.94370784,member
2302375,3CFD40E1F274E48C,classic_bike,2021-07-16 16:40:43,2021-07-16 16:44:02,2 Ave & E 96 St,7338,2 Ave & E 104 St,7436,40.7839636,-73.9471673,40.7892105,-73.94370784,member
2302376,7B603CB720F376DB,classic_bike,2021-07-29 21:43:05,2021-07-29 21:45:44,2 Ave & E 96 St,7338,2 Ave & E 104 St,7436,40.7839636,-73.9471673,40.7892105,-73.94370784,member
2302378,5FB5157FD1A0488B,classic_bike,2021-07-07 12:33:37,2021-07-07 13:01:39,2 Ave & E 96 St,7338,2 Ave & E 104 St,7436,40.7839636,-73.9471673,40.7892105,-73.94370784,member
2302379,B9ACA56C5D934DB5,classic_bike,2021-07-13 19:11:54,2021-07-13 19:30:58,1 Ave & E 62 St,6753,2 Ave & E 104 St,7436,40.7612274,-73.96094022,40.7892105,-73.94370784,member
2302383,00A13E2CC7402079,classic_bike,2021-07-13 19:53:33,2021-07-13 19:58:00,2 Ave & E 96 St,7338,2 Ave & E 104 St,7436,40.7839636,-73.9471673,40.7892105,-73.94370784,member
2302386,3B5D7706FB755FF2,electric_bike,2021-07-01 14:39:03,2021-07-01 15:10:42,2 Ave & E 96 St,7338,2 Ave & E 104 St,7436,40.7839636,-73.9471673,40.7892105,-73.94370784,member
2302387,1CDDFE1F603BBC43,electric_bike,2021-07-18 00:24:38,2021-07-18 00:33:02,Cathedral Pkwy & Broadway,7680,2 Ave & E 104 St,7436,40.804213,-73.96699104,40.7892105,-73.94370784,member
2302389,6E573597166F357D,classic_bike,2021-07-01 14:15:44,2021-07-01 14:19:30,2 Ave & E 96 St,7338,2 Ave & E 104 St,7436,40.7839636,-73.9471673,40.7892105,-73.94370784,member
2302390,2E98C1E112ABF84E,classic_bike,2021-07-13 13:42:44,2021-07-13 13:58:10,1 Ave & E 62 St,6753,2 Ave & E 104 St,7436,40.7612274,-73.96094022,40.7892105,-73.94370784,member
2302393,6E623FEB963AFD70,classic_bike,2021-07-19 05:48:42,2021-07-19 05:52:53,2 Ave & E 96 St,7338,2 Ave & E 104 St,7436,40.7839636,-73.9471673,40.7892105,-73.94370784,member
2302394,16614D6E9F32884C,classic_bike,2021-07-18 05:54:55,2021-07-18 05:58:38,2 Ave & E 96 St,7338,2 Ave & E 104 St,7436,40.7839636,-73.9471673,40.7892105,-73.94370784,member
2302395,C75D4C607C5A842F,electric_bike,2021-07-02 18:00:59,2021-07-02 18:18:49,Riverside Dr & W 91 St,7524,2 Ave & E 104 St,7436,40.79313480986663,-73.97700369358063,40.7892105,-73.94370784,member
2302396,3CA9917557548ED7,electric_bike,2021-07-25 22:37:27,2021-07-25 22:57:54,2 Ave & E 96 St,7338,2 Ave & E 104 St,7436,40.7839636,-73.9471673,40.7892105,-73.94370784,member
2302397,BA087050795D31FB,classic_bike,2021-07-21 21:59:03,2021-07-21 22:03:47,2 Ave & E 96 St,7338,2 Ave & E 104 St,7436,40.7839636,-73.9471673,40.7892105,-73.94370784,casual
2302398,5AC824585ADA8742,classic_bike,2021-07-19 14:15:18,2021-07-19 14:18:17,2 Ave & E 96 St,7338,2 Ave & E 104 St,7436,40.7839636,-73.9471673,40.7892105,-73.94370784,member
2302400,822EA4BC97CC80C3,classic_bike,2021-07-15 14:29:24,2021-07-15 14:33:13,2 Ave & E 96 St,7338,2 Ave & E 104 St,7436,40.7839636,-73.9471673,40.7892105,-73.94370784,member
2302401,ECFE7156DFD8B38C,electric_bike,2021-07-23 20:56:11,2021-07-23 21:06:11,1 Ave & E 62 St,6753,2 Ave & E 104 St,7436,40.7612274,-73.96094022,40.7892105,-73.94370784,member
2302402,1968289956042442,electric_bike,2021-07-07 21:32:03,2021-07-07 21:44:21,Cathedral Pkwy & Broadway,7680,2 Ave & E 104 St,7436,40.804213,-73.96699104,40.7892105,-73.94370784,casual
2302403,F0C07046E08F0000,classic_bike,2021-07-28 14:16:57,2021-07-28 14:19:36,2 Ave & E 96 St,7338,2 Ave & E 104 St,7436,40.7839636,-73.9471673,40.7892105,-73.94370784,member
2302406,498AE85E3DEF6980,classic_bike,2021-07-22 06:13:23,2021-07-22 06:18:04,2 Ave & E 96 St,7338,2 Ave & E 104 St,7436,40.7839636,-73.9471673,40.7892105,-73.94370784,member
2302409,3AABB506E561792A,classic_bike,2021-07-27 17:50:24,2021-07-27 17:54:15,2 Ave & E 96 St,7338,2 Ave & E 104 St,7436,40.7839636,-73.9471673,40.7892105,-73.94370784,member
2302410,1CE1159D8708E424,electric_bike,2021-07-21 00:28:45,2021-07-21 00:31:11,2 Ave & E 96 St,7338,2 Ave & E 104 St,7436,40.7839636,-73.9471673,40.7892105,-73.94370784,member
2302412,FB2CFBF01752DCF9,electric_bike,2021-07-23 14:17:16,2021-07-23 14:19:07,2 Ave & E 96 St,7338,2 Ave & E 104 St,7436,40.7839636,-73.9471673,40.7892105,-73.94370784,member
2302413,30BFDAD28948704F,classic_bike,2021-07-06 15:47:20,2021-07-06 15:59:32,2 Ave & E 96 St,7338,2 Ave & E 104 St,7436,40.7839636,-73.9471673,40.7892105,-73.94370784,casual
2302414,A553CF12D44557DC,classic_bike,2021-07-19 22:09:39,2021-07-19 22:23:06,Cathedral Pkwy & Broadway,7680,2 Ave & E 104 St,7436,40.804213,-73.96699104,40.7892105,-73.94370784,casual
2302423,46C95AA01E7B1BD1,classic_bike,2021-07-31 19:56:25,2021-07-31 20:15:53,12 Ave & W 125 St,7886,2 Ave & E 104 St,7436,40.818299,-73.960405,40.7892105,-73.94370784,member
2302434,24C4EA55A10962A8,classic_bike,2021-07-12 13:44:57,2021-07-12 13:49:27,2 Ave & E 96 St,7338,2 Ave & E 104 St,7436,40.7839636,-73.9471673,40.7892105,-73.94370784,member
2302437,202F80ACFE1EE1E1,classic_bike,2021-07-26 21:17:13,2021-07-26 21:20:52,2 Ave & E 96 St,7338,2 Ave & E 104 St,7436,40.7839636,-73.9471673,40.7892105,-73.94370784,member
2302439,6676023FBAE3D5C7,classic_bike,2021-07-14 16:24:56,2021-07-14 16:29:11,2 Ave & E 96 St,7338,2 Ave & E 104 St,7436,40.7839636,-73.9471673,40.7892105,-73.94370784,member
2302440,15C0748749EFE079,classic_bike,2021-07-31 12:22:38,2021-07-31 12:29:19,2 Ave & E 96 St,7338,2 Ave & E 104 St,7436,40.7839636,-73.9471673,40.7892105,-73.94370784,member
2302442,77482934D18D2A35,classic_bike,2021-07-13 19:47:41,2021-07-13 19:56:35,2 Ave & E 96 St,7338,2 Ave & E 104 St,7436,40.7839636,-73.9471673,40.7892105,-73.94370784,member
2302443,373860F289D1B690,electric_bike,2021-07-28 21:33:01,2021-07-28 21:36:58,2 Ave & E 96 St,7338,2 Ave & E 104 St,7436,40.7839636,-73.9471673,40.7892105,-73.94370784,member
2302446,57261B677EFD17CA,classic_bike,2021-07-27 14:45:31,2021-07-27 14:49:58,2 Ave & E 96 St,7338,2 Ave & E 104 St,7436,40.7839636,-73.9471673,40.7892105,-73.94370784,member
2302447,5A13B3B45C9BF4B3,electric_bike,2021-07-01 14:39:01,2021-07-01 15:09:59,2 Ave & E 96 St,7338,2 Ave & E 104 St,7436,40.7839636,-73.9471673,40.7892105,-73.94370784,member
2302448,73E64545B542B807,classic_bike,2021-07-12 14:47:29,2021-07-12 14:53:41,2 Ave & E 96 St,7338,2 Ave & E 104 St,7436,40.7839636,-73.9471673,40.7892105,-73.94370784,member
2302449,E4663C48738DD6DA,classic_bike,2021-07-29 17:09:13,2021-07-29 17:26:15,1 Ave & E 62 St,6753,2 Ave & E 104 St,7436,40.7612274,-73.96094022,40.7892105,-73.94370784,member
2302450,4536E511CF5C77A5,classic_bike,2021-07-08 21:30:07,2021-07-08 21:33:26,2 Ave & E 96 St,7338,2 Ave & E 104 St,7436,40.7839636,-73.9471673,40.7892105,-73.94370784,casual
2302452,905CA08C78CA2C04,classic_bike,2021-07-10 15:22:43,2021-07-10 15:25:42,2 Ave & E 96 St,7338,2 Ave & E 104 St,7436,40.7839636,-73.9471673,40.7892105,-73.94370784,member
2302453,79F95727A833EDD3,classic_bike,2021-07-25 14:29:21,2021-07-25 14:32:05,2 Ave & E 96 St,7338,2 Ave & E 104 St,7436,40.7839636,-73.9471673,40.7892105,-73.94370784,member
2302454,16562D38BFF570A2,classic_bike,2021-07-26 20:40:09,2021-07-26 20:44:39,2 Ave & E 96 St,7338,2 Ave & E 104 St,7436,40.7839636,-73.9471673,40.7892105,-73.94370784,member
2302455,5DD5A8A710FFA34C,classic_bike,2021-07-27 20:54:53,2021-07-27 20:59:40,2 Ave & E 96 St,7338,2 Ave & E 104 St,7436,40.7839636,-73.9471673,40.7892105,-73.94370784,member
2302456,BE8178E357D5EE9B,classic_bike,2021-07-23 14:47:27,2021-07-23 14:52:24,2 Ave & E 96 St,7338,2 Ave & E 104 St,7436,40.7839636,-73.9471673,40.7892105,-73.94370784,member
2302457,550498ADE15E2604,classic_bike,2021-07-04 15:34:46,2021-07-04 15:41:53,2 Ave & E 96 St,7338,2 Ave & E 104 St,7436,40.7839636,-73.9471673,40.7892105,-73.94370784,member
2302458,9049DEB360B1ECC9,classic_bike,2021-07-25 15:28:28,2021-07-25 15:32:12,2 Ave & E 96 St,7338,2 Ave & E 104 St,7436,40.7839636,-73.9471673,40.7892105,-73.94370784,member
2302461,098F14A184EB2831,electric_bike,2021-07-03 19:13:04,2021-07-03 19:29:25,Pershing Square North,6432,2 Ave & E 104 St,7436,40.751873,-73.977706,40.7892105,-73.94370784,member
2302476,A1B8C42D604B4F98,classic_bike,2021-07-14 19:43:10,2021-07-14 19:46:24,2 Ave & E 96 St,7338,2 Ave & E 104 St,7436,40.7839636,-73.9471673,40.7892105,-73.94370784,member
2302477,233B2644619E1EB1,classic_bike,2021-07-28 18:12:31,2021-07-28 18:16:10,2 Ave & E 96 St,7338,2 Ave & E 104 St,7436,40.7839636,-73.9471673,40.7892105,-73.94370784,member
2302478,2D993C9C0B1AE185,classic_bike,2021-07-13 14:17:26,2021-07-13 14:20:08,2 Ave & E 96 St,7338,2 Ave & E 104 St,7436,40.7839636,-73.9471673,40.7892105,-73.94370784,member
2302479,680B17A3355BE53A,classic_bike,2021-07-30 14:28:44,2021-07-30 14:31:30,2 Ave & E 96 St,7338,2 Ave & E 104 St,7436,40.7839636,-73.9471673,40.7892105,-73.94370784,member
2302480,30DBAB5FE220E085,classic_bike,2021-07-25 19:37:00,2021-07-25 19:43:10,2 Ave & E 96 St,7338,2 Ave & E 104 St,7436,40.7839636,-73.9471673,40.7892105,-73.94370784,member
2302481,E9319D0E1D3DABC5,classic_bike,2021-07-20 14:18:32,2021-07-20 14:21:06,2 Ave & E 96 St,7338,2 Ave & E 104 St,7436,40.7839636,-73.9471673,40.7892105,-73.94370784,member
2302484,BF561B8177444B14,classic_bike,2021-07-26 14:17:29,2021-07-26 14:21:07,2 Ave & E 96 St,7338,2 Ave & E 104 St,7436,40.7839636,-73.9471673,40.7892105,-73.94370784,member
2302486,9BA0B3A5A5134766,classic_bike,2021-07-20 16:44:22,2021-07-20 16:50:57,2 Ave & E 96 St,7338,2 Ave & E 104 St,7436,40.7839636,-73.9471673,40.7892105,-73.94370784,casual
2302487,C0007DAA9A80DD4E,classic_bike,2021-07-30 11:07:29,2021-07-30 11:11:08,2 Ave & E 96 St,7338,2 Ave & E 104 St,7436,40.7839636,-73.9471673,40.7892105,-73.94370784,casual
2302488,36BBE359AE2B5B33,classic_bike,2021-07-05 17:29:10,2021-07-05 17:43:05,2 Ave & E 96 St,7338,2 Ave & E 104 St,7436,40.7839636,-73.9471673,40.7892105,-73.94370784,casual
2302490,F1FA9AF3CB381D61,classic_bike,2021-07-26 20:21:00,2021-07-26 20:29:44,2 Ave & E 96 St,7338,2 Ave & E 104 St,7436,40.7839636,-73.9471673,40.7892105,-73.94370784,casual
2302491,D1501ADFDBA83DC6,electric_bike,2021-07-27 14:16:56,2021-07-27 14:19:06,2 Ave & E 96 St,7338,2 Ave & E 104 St,7436,40.7839636,-73.9471673,40.7892105,-73.94370784,member
2302492,5C3ABB132619CF91,classic_bike,2021-07-08 14:30:14,2021-07-08 14:32:59,2 Ave & E 96 St,7338,2 Ave & E 104 St,7436,40.7839636,-73.9471673,40.7892105,-73.94370784,member
2302493,7D511D537470DD7F,classic_bike,2021-07-28 20:51:39,2021-07-28 20:56:29,2 Ave & E 96 St,7338,2 Ave & E 104 St,7436,40.7839636,-73.9471673,40.7892105,-73.94370784,member
2302494,F9DA9F4E9A103F3C,classic_bike,2021-07-17 20:56:51,2021-07-17 21:01:12,2 Ave & E 96 St,7338,2 Ave & E 104 St,7436,40.7839636,-73.9471673,40.7892105,-73.94370784,member
2302495,32D99CED4014626B,classic_bike,2021-07-18 19:27:10,2021-07-18 19:32:12,2 Ave & E 96 St,7338,2 Ave & E 104 St,7436,40.7839636,-73.9471673,40.7892105,-73.94370784,member
2302496,EBB07B01EAA90AD5,classic_bike,2021-07-16 21:51:56,2021-07-16 21:56:42,2 Ave & E 96 St,7338,2 Ave & E 104 St,7436,40.7839636,-73.9471673,40.7892105,-73.94370784,member
2302497,6668E5801F9501A9,classic_bike,2021-07-14 20:03:21,2021-07-14 20:07:25,2 Ave & E 96 St,7338,2 Ave & E 104 St,7436,40.7839636,-73.9471673,40.7892105,-73.94370784,member
2302498,BE1EBF5A2EC26BCA,classic_bike,2021-07-01 15:51:34,2021-07-01 16:22:55,2 Ave & E 96 St,7338,2 Ave & E 104 St,7436,40.7839636,-73.9471673,40.7892105,-73.94370784,casual
2302500,33DB7A9BEE1523F4,classic_bike,2021-07-18 16:38:31,2021-07-18 16:46:48,2 Ave & E 96 St,7338,2 Ave & E 104 St,7436,40.7839636,-73.9471673,40.7892105,-73.94370784,member
2302501,C8306EF64613A731,electric_bike,2021-07-13 15:36:45,2021-07-13 15:39:03,2 Ave & E 96 St,7338,2 Ave & E 104 St,7436,40.7839636,-73.9471673,40.7892105,-73.94370784,member
2302502,23BA9D515292CFAE,classic_bike,2021-07-20 17:04:52,2021-07-20 17:09:49,2 Ave & E 96 St,7338,2 Ave & E 104 St,7436,40.7839636,-73.9471673,40.7892105,-73.94370784,member
2302504,BCF6D4399BD8CF41,electric_bike,2021-07-15 22:38:23,2021-07-15 22:42:47,2 Ave & E 96 St,7338,2 Ave & E 104 St,7436,40.7839636,-73.9471673,40.7892105,-73.94370784,member
2302507,5A18B5A4500CE45E,electric_bike,2021-07-12 20:39:13,2021-07-12 21:08:31,2 Ave & E 96 St,7338,2 Ave & E 104 St,7436,40.7839636,-73.9471673,40.7892105,-73.94370784,member
2302559,F7F2E5F9CFB590C2,classic_bike,2021-07-23 13:59:50,2021-07-23 14:24:57,Pershing Square North,6432,2 Ave & E 104 St,7436,40.751873,-73.977706,40.7892105,-73.94370784,member
2302566,BB15FF3E8DECE4C4,classic_bike,2021-07-23 19:26:19,2021-07-23 19:45:00,12 Ave & W 125 St,7886,2 Ave & E 104 St,7436,40.818299,-73.960405,40.7892105,-73.94370784,member
2302569,5797F7D61CA4588D,classic_bike,2021-07-08 08:50:45,2021-07-08 08:58:54,E 81 St & 3 Ave,7154,2 Ave & E 104 St,7436,40.77573034,-73.9567526,40.7892105,-73.94370784,casual
2302659,8563F72151C712EE,electric_bike,2021-07-31 09:33:51,2021-07-31 09:45:03,E 81 St & 3 Ave,7154,2 Ave & E 104 St,7436,40.77573034,-73.9567526,40.7892105,-73.94370784,member
2302664,4FD2F1DD709ABEBD,classic_bike,2021-07-04 13:49:21,2021-07-04 14:07:03,12 Ave & W 125 St,7886,2 Ave & E 104 St,7436,40.818299,-73.960405,40.7892105,-73.94370784,member
2302665,EBED114A0EA3BD08,classic_bike,2021-07-24 12:27:17,2021-07-24 12:45:39,12 Ave & W 125 St,7886,2 Ave & E 104 St,7436,40.818299,-73.960405,40.7892105,-73.94370784,member
2302666,F74F507866619D3A,classic_bike,2021-07-18 18:49:55,2021-07-18 19:07:57,12 Ave & W 125 St,7886,2 Ave & E 104 St,7436,40.818299,-73.960405,40.7892105,-73.94370784,member
2302691,3ED9EB89D5AE63EB,electric_bike,2021-07-02 19:16:39,2021-07-02 19:33:27,Pershing Square North,6432,2 Ave & E 104 St,7436,40.751873,-73.977706,40.7892105,-73.94370784,member
2302714,E073A0DEA041E09D,electric_bike,2021-07-06 08:49:56,2021-07-06 09:08:50,12 Ave & W 125 St,7886,2 Ave & E 104 St,7436,40.818299,-73.960405,40.7892105,-73.94370784,casual
2302736,6B0C1CEC746127CF,classic_bike,2021-07-23 20:31:21,2021-07-23 20:50:33,12 Ave & W 125 St,7886,2 Ave & E 104 St,7436,40.818299,-73.960405,40.7892105,-73.94370784,casual
2302760,A1285F9DEF755C63,classic_bike,2021-07-27 00:59:30,2021-07-27 01:03:58,E 106 St & Lexington Ave,7504,2 Ave & E 104 St,7436,40.791976,-73.945993,40.7892105,-73.94370784,member
2302761,0341EF450AB3385B,classic_bike,2021-07-31 11:55:09,2021-07-31 11:58:34,E 106 St & Lexington Ave,7504,2 Ave & E 104 St,7436,40.791976,-73.945993,40.7892105,-73.94370784,member
2302768,CFD7EF0324055E9C,classic_bike,2021-07-24 22:49:33,2021-07-24 22:52:06,E 106 St & Lexington Ave,7504,2 Ave & E 104 St,7436,40.791976,-73.945993,40.7892105,-73.94370784,member
2302774,2C93882141E28A54,classic_bike,2021-07-28 11:09:26,2021-07-28 11:32:36,E 106 St & Lexington Ave,7504,2 Ave & E 104 St,7436,40.791976,-73.945993,40.7892105,-73.94370784,casual
2302778,7B80E859EEE1765E,classic_bike,2021-07-24 22:04:54,2021-07-24 22:35:31,E 106 St & Lexington Ave,7504,2 Ave & E 104 St,7436,40.791976,-73.945993,40.7892105,-73.94370784,member
2302782,B5E3D13F0CCFB3BA,electric_bike,2021-07-22 16:37:59,2021-07-22 16:50:03,E 106 St & Lexington Ave,7504,2 Ave & E 104 St,7436,40.791976,-73.945993,40.7892105,-73.94370784,casual
2302803,06C885DD1E199826,classic_bike,2021-07-23 18:13:44,2021-07-23 19:09:07,E 106 St & Lexington Ave,7504,2 Ave & E 104 St,7436,40.791976,-73.945993,40.7892105,-73.94370784,member
2302807,03CB93591F3A7C74,classic_bike,2021-07-26 17:29:11,2021-07-26 17:40:35,E 106 St & Lexington Ave,7504,2 Ave & E 104 St,7436,40.791976,-73.945993,40.7892105,-73.94370784,member
2302810,A8E9A2F0B47B1A33,classic_bike,2021-07-20 22:45:52,2021-07-20 22:49:22,E 106 St & Lexington Ave,7504,2 Ave & E 104 St,7436,40.791976,-73.945993,40.7892105,-73.94370784,member
2302814,ABE7AC6A68607F7B,classic_bike,2021-07-27 14:05:52,2021-07-27 14:08:55,E 106 St & Lexington Ave,7504,2 Ave & E 104 St,7436,40.791976,-73.945993,40.7892105,-73.94370784,casual
2302820,00606194AA059BFA,classic_bike,2021-07-27 19:25:52,2021-07-27 19:33:25,E 106 St & Lexington Ave,7504,2 Ave & E 104 St,7436,40.791976,-73.945993,40.7892105,-73.94370784,member
2302821,D1DAE15037967F4D,classic_bike,2021-07-19 22:11:48,2021-07-19 22:22:37,E 106 St & Lexington Ave,7504,2 Ave & E 104 St,7436,40.791976,-73.945993,40.7892105,-73.94370784,member
2302822,E479BA9B5BB588EA,electric_bike,2021-07-16 04:29:48,2021-07-16 04:38:11,E 72 St & York Ave,6889,2 Ave & E 104 St,7436,40.76663814,-73.95348296,40.7892105,-73.94370784,member
2302826,7E1AC432BA85842E,electric_bike,2021-07-29 21:55:36,2021-07-29 22:12:49,E 72 St & York Ave,6889,2 Ave & E 104 St,7436,40.76663814,-73.95348296,40.7892105,-73.94370784,member
2302829,982741A7EBA146E3,classic_bike,2021-07-31 19:24:55,2021-07-31 19:42:40,E 106 St & Lexington Ave,7504,2 Ave & E 104 St,7436,40.791976,-73.945993,40.7892105,-73.94370784,member
2302830,C22247D81E735373,classic_bike,2021-07-22 23:07:12,2021-07-22 23:10:13,E 106 St & Lexington Ave,7504,2 Ave & E 104 St,7436,40.791976,-73.945993,40.7892105,-73.94370784,member
2302833,98041642599B76FE,classic_bike,2021-07-20 14:36:54,2021-07-20 14:39:42,E 106 St & Lexington Ave,7504,2 Ave & E 104 St,7436,40.791976,-73.945993,40.7892105,-73.94370784,member
2302836,E79982FF8130E16E,classic_bike,2021-07-26 16:30:52,2021-07-26 16:38:11,E 106 St & Lexington Ave,7504,2 Ave & E 104 St,7436,40.791976,-73.945993,40.7892105,-73.94370784,member
2302848,3FC47A86000CE3FE,classic_bike,2021-07-07 12:11:01,2021-07-07 12:14:48,E 106 St & Lexington Ave,7504,2 Ave & E 104 St,7436,40.791976,-73.945993,40.7892105,-73.94370784,member
2302853,88373A5C7E30D6E4,classic_bike,2021-07-23 12:15:33,2021-07-23 12:18:13,E 106 St & Lexington Ave,7504,2 Ave & E 104 St,7436,40.791976,-73.945993,40.7892105,-73.94370784,member
2302855,FAC8C5B99587E46B,classic_bike,2021-07-13 21:59:14,2021-07-13 22:15:46,E 106 St & Lexington Ave,7504,2 Ave & E 104 St,7436,40.791976,-73.945993,40.7892105,-73.94370784,member
2302856,18BFA46D013BBC1A,classic_bike,2021-07-14 19:44:12,2021-07-14 20:08:15,E 106 St & Lexington Ave,7504,2 Ave & E 104 St,7436,40.791976,-73.945993,40.7892105,-73.94370784,member
2302857,5A3BC8E0B693A9B6,classic_bike,2021-07-25 18:08:20,2021-07-25 18:19:13,E 106 St & Lexington Ave,7504,2 Ave & E 104 St,7436,40.791976,-73.945993,40.7892105,-73.94370784,member
2302858,3E057A81A42D65AA,classic_bike,2021-07-25 16:16:20,2021-07-25 16:48:46,E 106 St & Lexington Ave,7504,2 Ave & E 104 St,7436,40.791976,-73.945993,40.7892105,-73.94370784,member
2302859,5B33ACEC78A26736,classic_bike,2021-07-25 15:05:54,2021-07-25 15:30:27,E 106 St & Lexington Ave,7504,2 Ave & E 104 St,7436,40.791976,-73.945993,40.7892105,-73.94370784,member
2302860,32B66363CE8142DF,classic_bike,2021-07-17 21:59:10,2021-07-17 22:01:37,E 106 St & Lexington Ave,7504,2 Ave & E 104 St,7436,40.791976,-73.945993,40.7892105,-73.94370784,member
2302862,D9F484C670D25FA6,electric_bike,2021-07-23 18:40:45,2021-07-23 18:45:57,E 106 St & Lexington Ave,7504,2 Ave & E 104 St,7436,40.791976,-73.945993,40.7892105,-73.94370784,member
2302871,96BD142899BF0675,electric_bike,2021-07-06 17:19:02,2021-07-06 17:21:29,E 106 St & Lexington Ave,7504,2 Ave & E 104 St,7436,40.791976,-73.945993,40.7892105,-73.94370784,casual
2302877,34795CAD0EADDCFD,classic_bike,2021-07-15 19:09:14,2021-07-15 19:15:55,E 106 St & Lexington Ave,7504,2 Ave & E 104 St,7436,40.791976,-73.945993,40.7892105,-73.94370784,member
2302879,D8ACF8ACFC0282FC,classic_bike,2021-07-24 11:56:10,2021-07-24 12:12:23,E 106 St & Lexington Ave,7504,2 Ave & E 104 St,7436,40.791976,-73.945993,40.7892105,-73.94370784,member
2302886,FA4DFFAAE5C35D47,classic_bike,2021-07-23 18:41:27,2021-07-23 18:45:57,E 106 St & Lexington Ave,7504,2 Ave & E 104 St,7436,40.791976,-73.945993,40.7892105,-73.94370784,member
2302890,628254AFADB50CDC,electric_bike,2021-07-29 09:04:23,2021-07-29 09:14:04,E 72 St & York Ave,6889,2 Ave & E 104 St,7436,40.76663814,-73.95348296,40.7892105,-73.94370784,casual
2302897,2232D517BC089B51,classic_bike,2021-07-22 14:55:47,2021-07-22 14:58:38,E 106 St & Lexington Ave,7504,2 Ave & E 104 St,7436,40.791976,-73.945993,40.7892105,-73.94370784,member
2302900,B225E41F720542ED,classic_bike,2021-07-27 16:29:33,2021-07-27 16:42:59,E 72 St & York Ave,6889,2 Ave & E 104 St,7436,40.76663814,-73.95348296,40.7892105,-73.94370784,member
2302901,1DB93DF7C20333EB,electric_bike,2021-07-07 16:45:49,2021-07-07 16:58:33,E 72 St & York Ave,6889,2 Ave & E 104 St,7436,40.76663814,-73.95348296,40.7892105,-73.94370784,member
2302902,238B1703BC9DAD19,classic_bike,2021-07-28 19:51:07,2021-07-28 20:21:30,E 106 St & Lexington Ave,7504,2 Ave & E 104 St,7436,40.791976,-73.945993,40.7892105,-73.94370784,member
2302903,B8C6CA1DAF85E149,classic_bike,2021-07-31 15:40:08,2021-07-31 15:52:49,E 106 St & Lexington Ave,7504,2 Ave & E 104 St,7436,40.791976,-73.945993,40.7892105,-73.94370784,member
2302904,D29CCCC44C4F0BF4,classic_bike,2021-07-21 19:01:53,2021-07-21 19:04:25,E 106 St & Lexington Ave,7504,2 Ave & E 104 St,7436,40.791976,-73.945993,40.7892105,-73.94370784,member
2302908,159C178A63E2D46D,classic_bike,2021-07-07 10:55:49,2021-07-07 10:58:11,E 106 St & Lexington Ave,7504,2 Ave & E 104 St,7436,40.791976,-73.945993,40.7892105,-73.94370784,casual
2302909,20DB61A2E8A9F4E1,classic_bike,2021-07-30 10:45:11,2021-07-30 11:13:08,E 106 St & Lexington Ave,7504,2 Ave & E 104 St,7436,40.791976,-73.945993,40.7892105,-73.94370784,casual
2302911,769DE8D665AA1BE9,classic_bike,2021-07-10 10:47:16,2021-07-10 11:13:49,E 106 St & Lexington Ave,7504,2 Ave & E 104 St,7436,40.791976,-73.945993,40.7892105,-73.94370784,member
2302917,99FB4B404C2ED4CB,classic_bike,2021-07-11 12:18:15,2021-07-11 12:20:35,E 106 St & Lexington Ave,7504,2 Ave & E 104 St,7436,40.791976,-73.945993,40.7892105,-73.94370784,member
2302925,37542A959443BC04,electric_bike,2021-07-08 07:47:44,2021-07-08 07:50:59,E 106 St & Lexington Ave,7504,2 Ave & E 104 St,7436,40.791976,-73.945993,40.7892105,-73.94370784,casual
2302929,8007BB22A5EC913B,electric_bike,2021-07-05 17:41:18,2021-07-05 17:50:50,E 72 St & York Ave,6889,2 Ave & E 104 St,7436,40.76663814,-73.95348296,40.7892105,-73.94370784,member
2302930,A344B8D1F11E0B82,classic_bike,2021-07-30 13:51:13,2021-07-30 14:08:20,E 72 St & York Ave,6889,2 Ave & E 104 St,7436,40.76663814,-73.95348296,40.7892105,-73.94370784,member
2302932,CA342DB4885FDC11,classic_bike,2021-07-19 13:14:32,2021-07-19 13:18:01,E 106 St & Lexington Ave,7504,2 Ave & E 104 St,7436,40.791976,-73.945993,40.7892105,-73.94370784,member
2302935,3D019E13910D9CD1,classic_bike,2021-07-27 09:23:23,2021-07-27 09:33:47,E 106 St & Lexington Ave,7504,2 Ave & E 104 St,7436,40.791976,-73.945993,40.7892105,-73.94370784,member
2302938,F6BFC355DF8AED52,classic_bike,2021-07-04 14:20:00,2021-07-04 14:26:37,E 106 St & Lexington Ave,7504,2 Ave & E 104 St,7436,40.791976,-73.945993,40.7892105,-73.94370784,member
2302947,91BA241AC4D1D8A3,classic_bike,2021-07-21 14:29:53,2021-07-21 14:32:13,E 106 St & Lexington Ave,7504,2 Ave & E 104 St,7436,40.791976,-73.945993,40.7892105,-73.94370784,member
2303015,259266C2762626FC,classic_bike,2021-07-26 18:40:55,2021-07-26 19:20:43,E 68 St & Madison Ave,6932,2 Ave & E 104 St,7436,40.7691572,-73.96703464,40.7892105,-73.94370784,casual
2303023,4A8FD9EE6BEB4255,classic_bike,2021-07-27 18:00:15,2021-07-27 18:09:40,E 89 St & York Ave,7204,2 Ave & E 104 St,7436,40.7779453,-73.946041,40.7892105,-73.94370784,member
2303079,8C7C516993492602,electric_bike,2021-07-22 06:21:52,2021-07-22 06:35:20,E 89 St & York Ave,7204,2 Ave & E 104 St,7436,40.7779453,-73.946041,40.7892105,-73.94370784,member
2303126,AB925EBAEFC1FBDE,classic_bike,2021-07-09 17:52:57,2021-07-09 18:11:27,E 51 St & 2 Ave,6575,2 Ave & E 104 St,7436,40.755293,-73.967641,40.7892105,-73.94370784,member
2303192,686F7AC8B5B5C352,electric_bike,2021-07-14 01:54:58,2021-07-14 02:36:34,E 6 St & Avenue B,5584,2 Ave & E 104 St,7436,40.72453734,-73.98185424,40.7892105,-73.94370784,member
2303202,D7B7F65503A24630,classic_bike,2021-07-30 18:10:06,2021-07-30 19:00:36,Walnut Ave & E 136 St,7639,2 Ave & E 104 St,7436,40.801657,-73.909513,40.7892105,-73.94370784,member
2303222,9F67CA89AF204C3B,classic_bike,2021-07-07 19:11:36,2021-07-07 19:35:32,Walnut Ave & E 136 St,7639,2 Ave & E 104 St,7436,40.801657,-73.909513,40.7892105,-73.94370784,member
2303223,69473BCCB7E10AB7,classic_bike,2021-07-28 19:04:18,2021-07-28 19:30:49,Walnut Ave & E 136 St,7639,2 Ave & E 104 St,7436,40.801657,-73.909513,40.7892105,-73.94370784,member
2303296,2AED1E18A2715630,classic_bike,2021-07-02 17:15:47,2021-07-02 17:39:49,Walnut Ave & E 136 St,7639,2 Ave & E 104 St,7436,40.801657,-73.909513,40.7892105,-73.94370784,member
2303336,339D9C2C1167AA4C,classic_bike,2021-07-19 20:36:49,2021-07-19 20:50:15,E 89 St & York Ave,7204,2 Ave & E 104 St,7436,40.7779453,-73.946041,40.7892105,-73.94370784,casual
2303420,3D8167D6A2360577,electric_bike,2021-07-14 13:10:13,2021-07-14 13:36:06,E 51 St & 2 Ave,6575,2 Ave & E 104 St,7436,40.755293,-73.967641,40.7892105,-73.94370784,casual
2303438,B8AD51B584EB0BB5,electric_bike,2021-07-14 13:10:23,2021-07-14 13:34:22,E 51 St & 2 Ave,6575,2 Ave & E 104 St,7436,40.755293,-73.967641,40.7892105,-73.94370784,casual
2303545,9D59BA867924B21D,classic_bike,2021-07-19 17:57:35,2021-07-19 18:34:02,Walnut Ave & E 136 St,7639,2 Ave & E 104 St,7436,40.801657,-73.909513,40.7892105,-73.94370784,member
2303546,3C259D1109EDFA68,classic_bike,2021-07-23 19:01:32,2021-07-23 19:35:20,Walnut Ave & E 136 St,7639,2 Ave & E 104 St,7436,40.801657,-73.909513,40.7892105,-73.94370784,member
2303605,B3EC01F3EC3D5D93,classic_bike,2021-07-02 09:32:15,2021-07-02 09:44:32,Lexington Ave & E 120 St,7652,2 Ave & E 104 St,7436,40.8013066,-73.9398167,40.7892105,-73.94370784,member
2303629,39FD30ED5E6FA232,classic_bike,2021-07-01 07:59:49,2021-07-01 08:08:00,Lexington Ave & E 120 St,7652,2 Ave & E 104 St,7436,40.8013066,-73.9398167,40.7892105,-73.94370784,member
2303662,1C4E525F9DB1011A,electric_bike,2021-07-23 17:07:27,2021-07-23 17:14:52,Lexington Ave & E 120 St,7652,2 Ave & E 104 St,7436,40.8013066,-73.9398167,40.7892105,-73.94370784,casual
2303698,CA27722488029E1A,classic_bike,2021-07-23 17:16:02,2021-07-23 17:16:45,2 Ave & E 104 St,7436,2 Ave & E 104 St,7436,40.7892105,-73.94370784,40.7892105,-73.94370784,member
2303701,08EFC6D7460D4FE0,electric_bike,2021-07-22 17:47:10,2021-07-22 20:14:09,2 Ave & E 104 St,7436,2 Ave & E 104 St,7436,40.7892105,-73.94370784,40.7892105,-73.94370784,member
2303709,2FB65640D592C64F,electric_bike,2021-07-25 04:00:47,2021-07-25 04:06:03,2 Ave & E 104 St,7436,2 Ave & E 104 St,7436,40.7892105,-73.94370784,40.7892105,-73.94370784,member
2303713,7CA2225EB1C84FDF,electric_bike,2021-07-07 08:48:14,2021-07-07 08:59:32,Lexington Ave & E 120 St,7652,2 Ave & E 104 St,7436,40.8013066,-73.9398167,40.7892105,-73.94370784,member
2303736,664FF6E2E0C69F93,classic_bike,2021-07-17 15:36:17,2021-07-17 15:46:32,Lexington Ave & E 120 St,7652,2 Ave & E 104 St,7436,40.8013066,-73.9398167,40.7892105,-73.94370784,casual
2303737,4E0619A8F0C01F28,classic_bike,2021-07-20 16:09:55,2021-07-20 16:18:57,Lexington Ave & E 120 St,7652,2 Ave & E 104 St,7436,40.8013066,-73.9398167,40.7892105,-73.94370784,casual
2303753,AB8937637A727401,electric_bike,2021-07-15 13:13:47,2021-07-15 13:35:32,2 Ave & E 104 St,7436,2 Ave & E 104 St,7436,40.7892105,-73.94370784,40.7892105,-73.94370784,member
2303756,A6715796514EBC32,classic_bike,2021-07-19 12:46:04,2021-07-19 12:51:49,2 Ave & E 104 St,7436,2 Ave & E 104 St,7436,40.7892105,-73.94370784,40.7892105,-73.94370784,member
2303783,B4D58DD8254FD202,classic_bike,2021-07-13 08:17:16,2021-07-13 08:31:03,2 Ave & E 104 St,7436,2 Ave & E 104 St,7436,40.7892105,-73.94370784,40.7892105,-73.94370784,member
2303800,90B7294856B4C1E5,classic_bike,2021-07-27 16:15:11,2021-07-27 16:16:47,2 Ave & E 104 St,7436,2 Ave & E 104 St,7436,40.7892105,-73.94370784,40.7892105,-73.94370784,member
2303811,3E016DD47380D4CE,classic_bike,2021-07-23 15:20:58,2021-07-23 15:29:20,Lexington Ave & E 120 St,7652,2 Ave & E 104 St,7436,40.8013066,-73.9398167,40.7892105,-73.94370784,member
2303874,52F42B8B1A51D92B,classic_bike,2021-07-31 20:27:03,2021-07-31 20:27:16,2 Ave & E 104 St,7436,2 Ave & E 104 St,7436,40.7892105,-73.94370784,40.7892105,-73.94370784,member
2303875,1EFC09A1BF4AE2A9,classic_bike,2021-07-31 21:07:19,2021-07-31 21:25:39,2 Ave & E 104 St,7436,2 Ave & E 104 St,7436,40.7892105,-73.94370784,40.7892105,-73.94370784,member
2303876,26B0F5468F149F45,classic_bike,2021-07-31 21:29:07,2021-07-31 21:42:44,2 Ave & E 104 St,7436,2 Ave & E 104 St,7436,40.7892105,-73.94370784,40.7892105,-73.94370784,member
2303877,7979546A766AD1C2,classic_bike,2021-07-14 20:13:35,2021-07-14 20:17:34,2 Ave & E 104 St,7436,2 Ave & E 104 St,7436,40.7892105,-73.94370784,40.7892105,-73.94370784,member
2303878,98B8862CC43567C6,classic_bike,2021-07-15 15:07:43,2021-07-15 15:50:21,2 Ave & E 104 St,7436,2 Ave & E 104 St,7436,40.7892105,-73.94370784,40.7892105,-73.94370784,member
2303879,4AF9A23C34FC11F0,classic_bike,2021-07-14 20:28:56,2021-07-14 20:42:48,2 Ave & E 104 St,7436,2 Ave & E 104 St,7436,40.7892105,-73.94370784,40.7892105,-73.94370784,member
2303880,D264E1EBC9F12FF6,classic_bike,2021-07-09 16:59:55,2021-07-09 17:19:12,2 Ave & E 104 St,7436,2 Ave & E 104 St,7436,40.7892105,-73.94370784,40.7892105,-73.94370784,member
2303882,9AB7A5D1DED4AF8A,classic_bike,2021-07-15 22:02:20,2021-07-15 22:21:50,2 Ave & E 104 St,7436,2 Ave & E 104 St,7436,40.7892105,-73.94370784,40.7892105,-73.94370784,member
2303883,205761E1818ADCCE,classic_bike,2021-07-24 14:57:01,2021-07-24 15:11:56,2 Ave & E 104 St,7436,2 Ave & E 104 St,7436,40.7892105,-73.94370784,40.7892105,-73.94370784,member
2303906,69A155B49986833F,electric_bike,2021-07-28 17:27:56,2021-07-28 17:51:31,E 12 St & 3 Ave,5788,2 Ave & E 104 St,7436,40.73223272,-73.98889957,40.7892105,-73.94370784,member
2303960,6E085E11B4FCF27B,classic_bike,2021-07-07 16:46:38,2021-07-07 16:50:59,2 Ave & E 104 St,7436,2 Ave & E 104 St,7436,40.7892105,-73.94370784,40.7892105,-73.94370784,member
2303961,E01D4EA0077995A1,electric_bike,2021-07-10 23:54:22,2021-07-11 00:21:59,2 Ave & E 104 St,7436,2 Ave & E 104 St,7436,40.7892105,-73.94370784,40.7892105,-73.94370784,member
2303982,09A054F35AF32EF9,classic_bike,2021-07-24 09:53:43,2021-07-24 09:54:22,2 Ave & E 104 St,7436,2 Ave & E 104 St,7436,40.7892105,-73.94370784,40.7892105,-73.94370784,member
2303989,58874E1DE468583A,classic_bike,2021-07-19 15:22:30,2021-07-19 16:03:48,2 Ave & E 104 St,7436,2 Ave & E 104 St,7436,40.7892105,-73.94370784,40.7892105,-73.94370784,member
2303991,69E2EBEB6E47A3C2,classic_bike,2021-07-24 12:15:05,2021-07-24 12:59:03,2 Ave & E 104 St,7436,2 Ave & E 104 St,7436,40.7892105,-73.94370784,40.7892105,-73.94370784,member
2303993,204C11A19D7CC7AA,classic_bike,2021-07-22 13:38:46,2021-07-22 14:17:39,2 Ave & E 104 St,7436,2 Ave & E 104 St,7436,40.7892105,-73.94370784,40.7892105,-73.94370784,member
2303995,877E3435BB7CBEA3,classic_bike,2021-07-22 23:15:30,2021-07-22 23:29:05,2 Ave & E 104 St,7436,2 Ave & E 104 St,7436,40.7892105,-73.94370784,40.7892105,-73.94370784,member
2303996,56D742061BB55ECC,classic_bike,2021-07-22 21:10:14,2021-07-22 21:20:58,2 Ave & E 104 St,7436,2 Ave & E 104 St,7436,40.7892105,-73.94370784,40.7892105,-73.94370784,member
2303998,5117A441DB03C5C2,classic_bike,2021-07-15 19:34:27,2021-07-15 19:35:09,2 Ave & E 104 St,7436,2 Ave & E 104 St,7436,40.7892105,-73.94370784,40.7892105,-73.94370784,member
2304002,08E963344D6AA829,electric_bike,2021-07-02 12:21:00,2021-07-02 12:21:59,2 Ave & E 104 St,7436,2 Ave & E 104 St,7436,40.7892105,-73.94370784,40.7892105,-73.94370784,member
2304003,D290C333A1FF68E3,classic_bike,2021-07-21 21:03:33,2021-07-21 21:26:37,2 Ave & E 104 St,7436,2 Ave & E 104 St,7436,40.7892105,-73.94370784,40.7892105,-73.94370784,member
2304009,5DD8472007629F07,classic_bike,2021-07-11 14:48:54,2021-07-11 14:49:33,2 Ave & E 104 St,7436,2 Ave & E 104 St,7436,40.7892105,-73.94370784,40.7892105,-73.94370784,member
2304027,A646F324220424C0,electric_bike,2021-07-23 19:24:29,2021-07-23 19:29:19,2 Ave & E 104 St,7436,2 Ave & E 104 St,7436,40.7892105,-73.94370784,40.7892105,-73.94370784,member
2304028,89EBB46A07C1A452,classic_bike,2021-07-22 21:18:47,2021-07-22 21:24:15,2 Ave & E 104 St,7436,2 Ave & E 104 St,7436,40.7892105,-73.94370784,40.7892105,-73.94370784,member
2304034,C67B00E6052B8419,classic_bike,2021-07-19 17:24:00,2021-07-19 17:24:27,2 Ave & E 104 St,7436,2 Ave & E 104 St,7436,40.7892105,-73.94370784,40.7892105,-73.94370784,member
2304035,1700D1349B55DDB5,electric_bike,2021-07-01 16:37:58,2021-07-01 17:01:49,2 Ave & E 104 St,7436,2 Ave & E 104 St,7436,40.7892105,-73.94370784,40.7892105,-73.94370784,member
2304038,781E85CCD15E0247,classic_bike,2021-07-21 17:26:01,2021-07-21 17:38:40,2 Ave & E 104 St,7436,2 Ave & E 104 St,7436,40.7892105,-73.94370784,40.7892105,-73.94370784,member
2304040,E300E5AC91BB7BC2,classic_bike,2021-07-19 09:09:25,2021-07-19 09:09:25,2 Ave & E 104 St,7436,2 Ave & E 104 St,7436,40.7892105,-73.94370784,40.7892105,-73.94370784,member
2304122,253A5D96A7474C39,classic_bike,2021-07-10 20:26:46,2021-07-10 20:26:55,2 Ave & E 104 St,7436,2 Ave & E 104 St,7436,40.7892105,-73.94370784,40.7892105,-73.94370784,member
2304123,A3DF4C6FF5A39E16,electric_bike,2021-07-19 01:13:10,2021-07-19 01:27:57,2 Ave & E 104 St,7436,2 Ave & E 104 St,7436,40.7892105,-73.94370784,40.7892105,-73.94370784,member
2304124,61726DB1E69ECB36,electric_bike,2021-07-12 23:32:49,2021-07-12 23:33:11,2 Ave & E 104 St,7436,2 Ave & E 104 St,7436,40.7892105,-73.94370784,40.7892105,-73.94370784,member
2304178,60FEF0A1E24FC1CB,electric_bike,2021-07-24 00:05:33,2021-07-24 00:06:18,2 Ave & E 104 St,7436,2 Ave & E 104 St,7436,40.7892105,-73.94370784,40.7892105,-73.94370784,member
2304189,E76A4E319F45BAA2,classic_bike,2021-07-16 15:53:33,2021-07-16 15:58:42,2 Ave & E 104 St,7436,2 Ave & E 104 St,7436,40.7892105,-73.94370784,40.7892105,-73.94370784,member
2304190,11EFD6A3343B4AE7,classic_bike,2021-07-16 15:09:57,2021-07-16 15:53:09,2 Ave & E 104 St,7436,2 Ave & E 104 St,7436,40.7892105,-73.94370784,40.7892105,-73.94370784,member
2304191,6AB5857B3305C201,classic_bike,2021-07-06 15:22:42,2021-07-06 15:49:02,2 Ave & E 104 St,7436,2 Ave & E 104 St,7436,40.7892105,-73.94370784,40.7892105,-73.94370784,member
2304192,F37BCB6EAACE94A3,classic_bike,2021-07-25 18:44:42,2021-07-25 18:50:16,2 Ave & E 104 St,7436,2 Ave & E 104 St,7436,40.7892105,-73.94370784,40.7892105,-73.94370784,member
2304193,9A6098093E152680,classic_bike,2021-07-25 19:30:59,2021-07-25 19:43:14,2 Ave & E 104 St,7436,2 Ave & E 104 St,7436,40.7892105,-73.94370784,40.7892105,-73.94370784,member
2304194,8C9F75D85D67B6E6,classic_bike,2021-07-24 21:08:04,2021-07-24 21:22:25,2 Ave & E 104 St,7436,2 Ave & E 104 St,7436,40.7892105,-73.94370784,40.7892105,-73.94370784,member
2304195,B025C1DBF61192B2,classic_bike,2021-07-20 13:51:22,2021-07-20 14:35:29,2 Ave & E 104 St,7436,2 Ave & E 104 St,7436,40.7892105,-73.94370784,40.7892105,-73.94370784,member
2304196,0FF7641CEA3CA5E4,classic_bike,2021-07-18 17:52:22,2021-07-18 17:57:33,2 Ave & E 104 St,7436,2 Ave & E 104 St,7436,40.7892105,-73.94370784,40.7892105,-73.94370784,member
2304197,BD460E1F6FED97D7,classic_bike,2021-07-18 19:48:11,2021-07-18 19:58:29,2 Ave & E 104 St,7436,2 Ave & E 104 St,7436,40.7892105,-73.94370784,40.7892105,-73.94370784,member
2304205,C8B580D75C33B17B,classic_bike,2021-07-15 16:34:13,2021-07-15 17:26:24,2 Ave & E 104 St,7436,2 Ave & E 104 St,7436,40.7892105,-73.94370784,40.7892105,-73.94370784,casual
2304208,EEEFCAD8E396DF1C,classic_bike,2021-07-18 16:08:19,2021-07-18 18:25:44,2 Ave & E 104 St,7436,2 Ave & E 104 St,7436,40.7892105,-73.94370784,40.7892105,-73.94370784,casual
2304212,519DD2A0D5B9FC3B,classic_bike,2021-07-18 18:24:10,2021-07-18 18:24:50,2 Ave & E 104 St,7436,2 Ave & E 104 St,7436,40.7892105,-73.94370784,40.7892105,-73.94370784,casual
2304227,3DB1EBDAAA78C80D,electric_bike,2021-07-29 23:57:36,2021-07-29 23:57:52,2 Ave & E 104 St,7436,2 Ave & E 104 St,7436,40.7892105,-73.94370784,40.7892105,-73.94370784,member
2304231,41DDACEA94629498,electric_bike,2021-07-01 22:14:20,2021-07-01 22:16:06,2 Ave & E 104 St,7436,2 Ave & E 104 St,7436,40.7892105,-73.94370784,40.7892105,-73.94370784,member
2304234,7FB8989BDCA313F0,classic_bike,2021-07-01 08:08:44,2021-07-01 08:09:20,2 Ave & E 104 St,7436,2 Ave & E 104 St,7436,40.7892105,-73.94370784,40.7892105,-73.94370784,member
2304241,C653A6F5BB452E30,electric_bike,2021-07-17 04:06:20,2021-07-17 04:22:21,2 Ave & E 104 St,7436,2 Ave & E 104 St,7436,40.7892105,-73.94370784,40.7892105,-73.94370784,member
2304255,C6C60EA922026859,electric_bike,2021-07-05 18:03:44,2021-07-05 18:07:01,2 Ave & E 104 St,7436,2 Ave & E 104 St,7436,40.7892105,-73.94370784,40.7892105,-73.94370784,casual
2304264,5725A304CE17D857,classic_bike,2021-07-03 08:01:28,2021-07-03 08:28:36,2 Ave & E 104 St,7436,2 Ave & E 104 St,7436,40.7892105,-73.94370784,40.7892105,-73.94370784,member
2304298,E0E4F52E06EA4124,classic_bike,2021-07-24 08:08:35,2021-07-24 08:38:53,2 Ave & E 104 St,7436,2 Ave & E 104 St,7436,40.7892105,-73.94370784,40.7892105,-73.94370784,member
2304305,141F0A38BC28F0E5,electric_bike,2021-07-04 16:37:55,2021-07-04 16:39:24,2 Ave & E 104 St,7436,2 Ave & E 104 St,7436,40.7892105,-73.94370784,40.7892105,-73.94370784,member
2304306,18E23556DA79826A,electric_bike,2021-07-04 16:31:49,2021-07-04 16:32:39,2 Ave & E 104 St,7436,2 Ave & E 104 St,7436,40.7892105,-73.94370784,40.7892105,-73.94370784,member
2304324,B1E6F2A3905D9185,classic_bike,2021-07-22 08:08:49,2021-07-22 08:42:52,2 Ave & E 104 St,7436,2 Ave & E 104 St,7436,40.7892105,-73.94370784,40.7892105,-73.94370784,member
2304326,93B837816353248D,classic_bike,2021-07-13 20:32:41,2021-07-13 20:50:14,2 Ave & E 104 St,7436,2 Ave & E 104 St,7436,40.7892105,-73.94370784,40.7892105,-73.94370784,member
2304344,1E0691A7228A529F,electric_bike,2021-07-27 14:00:47,2021-07-27 14:16:33,2 Ave & E 104 St,7436,2 Ave & E 104 St,7436,40.7892105,-73.94370784,40.7892105,-73.94370784,member
2304345,22AA3D0CD5B15E38,classic_bike,2021-07-10 12:10:51,2021-07-10 12:35:33,2 Ave & E 104 St,7436,2 Ave & E 104 St,7436,40.7892105,-73.94370784,40.7892105,-73.94370784,member
2304357,6DD46ED6D48833B4,classic_bike,2021-07-15 20:40:09,2021-07-15 20:40:45,2 Ave & E 104 St,7436,2 Ave & E 104 St,7436,40.7892105,-73.94370784,40.7892105,-73.94370784,member
2304366,704A956F6F0D5708,classic_bike,2021-07-27 17:56:22,2021-07-27 18:44:17,2 Ave & E 104 St,7436,2 Ave & E 104 St,7436,40.7892105,-73.94370784,40.7892105,-73.94370784,casual
2304373,060B619BFF716B55,classic_bike,2021-07-12 18:48:31,2021-07-12 19:21:01,2 Ave & E 104 St,7436,2 Ave & E 104 St,7436,40.7892105,-73.94370784,40.7892105,-73.94370784,casual
2304395,37A46A9D717CA590,electric_bike,2021-07-09 16:53:04,2021-07-09 17:27:48,2 Ave & E 104 St,7436,2 Ave & E 104 St,7436,40.7892105,-73.94370784,40.7892105,-73.94370784,casual
2304397,F6B19621D4701DC8,classic_bike,2021-07-25 22:22:09,2021-07-25 22:41:43,2 Ave & E 104 St,7436,2 Ave & E 104 St,7436,40.7892105,-73.94370784,40.7892105,-73.94370784,casual
2304401,B64EA4BB0A7F18CC,electric_bike,2021-07-13 02:38:17,2021-07-13 02:38:27,2 Ave & E 104 St,7436,2 Ave & E 104 St,7436,40.7892105,-73.94370784,40.7892105,-73.94370784,member
2304423,D081C2D6FF90BBB5,classic_bike,2021-07-30 16:00:21,2021-07-30 16:01:46,2 Ave & E 104 St,7436,2 Ave & E 104 St,7436,40.7892105,-73.94370784,40.7892105,-73.94370784,member
2304455,2B688BD93B492249,classic_bike,2021-07-31 08:03:25,2021-07-31 08:31:18,2 Ave & E 104 St,7436,2 Ave & E 104 St,7436,40.7892105,-73.94370784,40.7892105,-73.94370784,member
2304456,53ED0BC222E63955,electric_bike,2021-07-05 18:06:51,2021-07-05 18:08:14,2 Ave & E 104 St,7436,2 Ave & E 104 St,7436,40.7892105,-73.94370784,40.7892105,-73.94370784,casual
2304466,2397412BBEA9EF73,classic_bike,2021-07-23 08:11:19,2021-07-23 08:47:23,2 Ave & E 104 St,7436,2 Ave & E 104 St,7436,40.7892105,-73.94370784,40.7892105,-73.94370784,member
2304472,6096511D7DFC7521,electric_bike,2021-07-13 15:21:41,2021-07-13 15:23:26,2 Ave & E 104 St,7436,2 Ave & E 104 St,7436,40.7892105,-73.94370784,40.7892105,-73.94370784,casual
2304473,7F6C969C902AD578,classic_bike,2021-07-25 19:52:31,2021-07-25 20:23:55,2 Ave & E 104 St,7436,2 Ave & E 104 St,7436,40.7892105,-73.94370784,40.7892105,-73.94370784,casual
2304486,6A32D960302186CA,electric_bike,2021-07-13 15:50:48,2021-07-13 16:07:51,2 Ave & E 104 St,7436,2 Ave & E 104 St,7436,40.7892105,-73.94370784,40.7892105,-73.94370784,member
2304497,4D15306CD4C042F0,electric_bike,2021-07-03 21:21:46,2021-07-03 21:52:55,2 Ave & E 104 St,7436,2 Ave & E 104 St,7436,40.7892105,-73.94370784,40.7892105,-73.94370784,casual
2304514,3E3D13F05231602C,classic_bike,2021-07-05 17:46:30,2021-07-05 18:09:58,2 Ave & E 104 St,7436,2 Ave & E 104 St,7436,40.7892105,-73.94370784,40.7892105,-73.94370784,member
2304533,EC8511E3D08A7FFC,classic_bike,2021-07-07 18:42:42,2021-07-07 18:42:46,2 Ave & E 104 St,7436,2 Ave & E 104 St,7436,40.7892105,-73.94370784,40.7892105,-73.94370784,casual
2304534,01EA9115389BC531,electric_bike,2021-07-07 19:25:05,2021-07-07 19:27:29,2 Ave & E 104 St,7436,2 Ave & E 104 St,7436,40.7892105,-73.94370784,40.7892105,-73.94370784,casual
2304546,44249F3F42CE2A04,electric_bike,2021-07-08 18:08:00,2021-07-08 18:26:36,2 Ave & E 104 St,7436,2 Ave & E 104 St,7436,40.7892105,-73.94370784,40.7892105,-73.94370784,casual
2304576,179D4464F569389F,classic_bike,2021-07-15 16:34:13,2021-07-15 17:27:00,2 Ave & E 104 St,7436,2 Ave & E 104 St,7436,40.7892105,-73.94370784,40.7892105,-73.94370784,casual
2304579,E883D60227FB565E,classic_bike,2021-07-21 22:35:41,2021-07-21 22:36:06,2 Ave & E 104 St,7436,2 Ave & E 104 St,7436,40.7892105,-73.94370784,40.7892105,-73.94370784,casual
2304601,667B9CC27CD33AA3,classic_bike,2021-07-30 14:55:14,2021-07-30 15:11:19,2 Ave & E 104 St,7436,2 Ave & E 104 St,7436,40.7892105,-73.94370784,40.7892105,-73.94370784,member
2304615,282B8015431ED512,classic_bike,2021-07-15 14:14:12,2021-07-15 14:14:44,2 Ave & E 104 St,7436,2 Ave & E 104 St,7436,40.7892105,-73.94370784,40.7892105,-73.94370784,member
2304623,BC77C6F27B521AF6,classic_bike,2021-07-09 08:02:45,2021-07-09 08:32:47,2 Ave & E 104 St,7436,2 Ave & E 104 St,7436,40.7892105,-73.94370784,40.7892105,-73.94370784,member
2304625,A0E88DB9FFC29EC1,classic_bike,2021-07-24 19:46:54,2021-07-24 20:08:15,2 Ave & E 104 St,7436,2 Ave & E 104 St,7436,40.7892105,-73.94370784,40.7892105,-73.94370784,member
2304627,AFD9E9A4045B289F,classic_bike,2021-07-02 08:12:20,2021-07-02 08:13:48,2 Ave & E 104 St,7436,2 Ave & E 104 St,7436,40.7892105,-73.94370784,40.7892105,-73.94370784,member
2304667,784B875EA2FA7FEE,classic_bike,2021-07-14 15:12:22,2021-07-14 15:54:59,2 Ave & E 104 St,7436,2 Ave & E 104 St,7436,40.7892105,-73.94370784,40.7892105,-73.94370784,member
2304668,7BE277B1A6ED6A88,classic_bike,2021-07-14 17:35:18,2021-07-14 17:43:04,2 Ave & E 104 St,7436,2 Ave & E 104 St,7436,40.7892105,-73.94370784,40.7892105,-73.94370784,member
2304669,F92CCA211E82B078,classic_bike,2021-07-04 20:42:24,2021-07-04 21:21:37,2 Ave & E 104 St,7436,2 Ave & E 104 St,7436,40.7892105,-73.94370784,40.7892105,-73.94370784,member
2304670,8F35C559924C9A15,classic_bike,2021-07-13 17:11:23,2021-07-13 17:17:03,2 Ave & E 104 St,7436,2 Ave & E 104 St,7436,40.7892105,-73.94370784,40.7892105,-73.94370784,member
2304671,B95E0CD799458270,classic_bike,2021-07-13 14:19:00,2021-07-13 15:00:01,2 Ave & E 104 St,7436,2 Ave & E 104 St,7436,40.7892105,-73.94370784,40.7892105,-73.94370784,member
2304672,202CD6610EA9E432,classic_bike,2021-07-13 15:05:14,2021-07-13 15:11:25,2 Ave & E 104 St,7436,2 Ave & E 104 St,7436,40.7892105,-73.94370784,40.7892105,-73.94370784,member
2304673,54E14A5133B814F0,classic_bike,2021-07-09 17:30:28,2021-07-09 17:47:55,2 Ave & E 104 St,7436,2 Ave & E 104 St,7436,40.7892105,-73.94370784,40.7892105,-73.94370784,member
2304676,6ED044CE65F27131,classic_bike,2021-07-12 00:33:31,2021-07-12 00:47:36,2 Ave & E 104 St,7436,2 Ave & E 104 St,7436,40.7892105,-73.94370784,40.7892105,-73.94370784,member
2304688,DB30E2C88AF35DF5,electric_bike,2021-07-13 15:37:00,2021-07-13 15:37:27,2 Ave & E 104 St,7436,2 Ave & E 104 St,7436,40.7892105,-73.94370784,40.7892105,-73.94370784,casual
2304733,9D826396BFCA4825,electric_bike,2021-07-01 22:21:52,2021-07-01 22:23:01,2 Ave & E 104 St,7436,2 Ave & E 104 St,7436,40.7892105,-73.94370784,40.7892105,-73.94370784,member
2304734,30D166F12535CB8B,electric_bike,2021-07-01 22:20:26,2021-07-01 22:21:20,2 Ave & E 104 St,7436,2 Ave & E 104 St,7436,40.7892105,-73.94370784,40.7892105,-73.94370784,member
2304736,39AC022FA71F4697,electric_bike,2021-07-16 13:13:07,2021-07-16 13:13:59,2 Ave & E 104 St,7436,2 Ave & E 104 St,7436,40.7892105,-73.94370784,40.7892105,-73.94370784,member
2304748,D24CB0103E73E817,classic_bike,2021-07-05 12:24:08,2021-07-05 12:25:03,2 Ave & E 104 St,7436,2 Ave & E 104 St,7436,40.7892105,-73.94370784,40.7892105,-73.94370784,member
2304764,EBF3724D9EA313C7,classic_bike,2021-07-23 20:17:40,2021-07-23 20:44:26,2 Ave & E 104 St,7436,2 Ave & E 104 St,7436,40.7892105,-73.94370784,40.7892105,-73.94370784,member
2304766,F4AC2B3362E3AFE8,electric_bike,2021-07-23 19:53:57,2021-07-23 20:17:00,2 Ave & E 104 St,7436,2 Ave & E 104 St,7436,40.7892105,-73.94370784,40.7892105,-73.94370784,member
2304782,643FDC93456A2829,classic_bike,2021-07-27 14:48:38,2021-07-27 14:52:45,2 Ave & E 104 St,7436,2 Ave & E 104 St,7436,40.7892105,-73.94370784,40.7892105,-73.94370784,member
2304783,914C7F64D63EB9D4,classic_bike,2021-07-27 18:22:00,2021-07-27 18:26:06,2 Ave & E 104 St,7436,2 Ave & E 104 St,7436,40.7892105,-73.94370784,40.7892105,-73.94370784,member
2304787,D23DD74DD135660A,classic_bike,2021-07-12 12:24:14,2021-07-12 12:24:52,2 Ave & E 104 St,7436,2 Ave & E 104 St,7436,40.7892105,-73.94370784,40.7892105,-73.94370784,casual
2304793,46B739AE989D1D71,electric_bike,2021-07-30 17:26:31,2021-07-30 17:27:30,2 Ave & E 104 St,7436,2 Ave & E 104 St,7436,40.7892105,-73.94370784,40.7892105,-73.94370784,casual
2304803,508A4017E3EB4091,classic_bike,2021-07-27 19:49:56,2021-07-27 20:00:48,2 Ave & E 104 St,7436,2 Ave & E 104 St,7436,40.7892105,-73.94370784,40.7892105,-73.94370784,casual
2304824,574B9574F064DE12,classic_bike,2021-07-30 19:15:40,2021-07-30 19:54:47,2 Ave & E 104 St,7436,2 Ave & E 104 St,7436,40.7892105,-73.94370784,40.7892105,-73.94370784,member
2304877,0FFB44643389B2F3,electric_bike,2021-07-05 20:46:37,2021-07-05 21:13:17,2 Ave & E 104 St,7436,2 Ave & E 104 St,7436,40.7892105,-73.94370784,40.7892105,-73.94370784,casual
2304896,1F9EE96D1CCD0969,classic_bike,2021-07-07 16:12:21,2021-07-07 17:13:33,2 Ave & E 104 St,7436,2 Ave & E 104 St,7436,40.7892105,-73.94370784,40.7892105,-73.94370784,casual
2304905,E3B0D55B6C49A408,classic_bike,2021-07-30 14:17:01,2021-07-30 14:57:37,2 Ave & E 104 St,7436,2 Ave & E 104 St,7436,40.7892105,-73.94370784,40.7892105,-73.94370784,casual
2304928,98A1AD64D733BB61,electric_bike,2021-07-22 14:49:07,2021-07-22 15:08:22,E 53 St & Madison Ave,6659,2 Ave & E 104 St,7436,40.7597108,-73.97402311,40.7892105,-73.94370784,member
2304957,2E559E9975A87DB0,electric_bike,2021-07-02 12:18:12,2021-07-02 12:18:49,2 Ave & E 104 St,7436,2 Ave & E 104 St,7436,40.7892105,-73.94370784,40.7892105,-73.94370784,casual
2305003,9C2DDCB2BD0B748A,electric_bike,2021-07-10 16:50:37,2021-07-10 17:30:13,W 36 St & 7 Ave,6483,2 Ave & E 104 St,7436,40.752149,-73.989539,40.7892105,-73.94370784,member
2305108,243A440D08344FC9,classic_bike,2021-07-14 11:24:51,2021-07-14 11:45:44,Frederick Douglass Blvd & W 112 St,7631,2 Ave & E 104 St,7436,40.801694,-73.957145,40.7892105,-73.94370784,member
2305114,B861EE7BAEE78F0E,electric_bike,2021-07-19 17:30:07,2021-07-19 17:56:18,E 19 St & 3 Ave,5938,2 Ave & E 104 St,7436,40.73624527,-73.98473765,40.7892105,-73.94370784,member
2305135,3BCEB0DCF3AF4D04,classic_bike,2021-07-16 08:33:40,2021-07-16 09:12:08,Frederick Douglass Blvd & W 112 St,7631,2 Ave & E 104 St,7436,40.801694,-73.957145,40.7892105,-73.94370784,member
2305144,7883B78FBCF32F33,electric_bike,2021-07-17 15:20:16,2021-07-17 15:29:21,Frederick Douglass Blvd & W 112 St,7631,2 Ave & E 104 St,7436,40.801694,-73.957145,40.7892105,-73.94370784,member
2305146,82C39587BC8C2299,classic_bike,2021-07-10 08:28:43,2021-07-10 08:58:23,Frederick Douglass Blvd & W 112 St,7631,2 Ave & E 104 St,7436,40.801694,-73.957145,40.7892105,-73.94370784,member
2305155,D3A7086A9FFB4881,classic_bike,2021-07-05 18:53:33,2021-07-05 19:02:17,Frederick Douglass Blvd & W 112 St,7631,2 Ave & E 104 St,7436,40.801694,-73.957145,40.7892105,-73.94370784,member
2305186,6F0922F12C9C1B37,classic_bike,2021-07-21 18:55:19,2021-07-21 19:07:11,Frederick Douglass Blvd & W 112 St,7631,2 Ave & E 104 St,7436,40.801694,-73.957145,40.7892105,-73.94370784,casual
2305188,256F122CD48030CF,electric_bike,2021-07-31 17:22:36,2021-07-31 17:32:19,Frederick Douglass Blvd & W 112 St,7631,2 Ave & E 104 St,7436,40.801694,-73.957145,40.7892105,-73.94370784,casual
2305190,79B89A098B35FB7D,classic_bike,2021-07-01 08:44:22,2021-07-01 08:55:17,Frederick Douglass Blvd & W 112 St,7631,2 Ave & E 104 St,7436,40.801694,-73.957145,40.7892105,-73.94370784,casual
2305194,77BEEED49A836507,classic_bike,2021-07-30 08:49:28,2021-07-30 09:03:45,Frederick Douglass Blvd & W 112 St,7631,2 Ave & E 104 St,7436,40.801694,-73.957145,40.7892105,-73.94370784,member
2305213,C79AC8B52B6C7CB0,classic_bike,2021-07-23 13:01:45,2021-07-23 13:14:25,Frederick Douglass Blvd & W 112 St,7631,2 Ave & E 104 St,7436,40.801694,-73.957145,40.7892105,-73.94370784,casual
2305222,8EE272F5D658A91F,classic_bike,2021-07-22 08:57:48,2021-07-22 09:13:27,Frederick Douglass Blvd & W 112 St,7631,2 Ave & E 104 St,7436,40.801694,-73.957145,40.7892105,-73.94370784,casual
2305239,2E25E67918B128B2,classic_bike,2021-07-14 11:24:45,2021-07-14 11:45:46,Frederick Douglass Blvd & W 112 St,7631,2 Ave & E 104 St,7436,40.801694,-73.957145,40.7892105,-73.94370784,member
2305247,306C8658DFDFBE6C,classic_bike,2021-07-30 07:42:43,2021-07-30 07:55:19,Frederick Douglass Blvd & W 112 St,7631,2 Ave & E 104 St,7436,40.801694,-73.957145,40.7892105,-73.94370784,casual
2305251,5E0EB4B8B74034F9,classic_bike,2021-07-23 20:29:01,2021-07-23 20:39:56,Frederick Douglass Blvd & W 112 St,7631,2 Ave & E 104 St,7436,40.801694,-73.957145,40.7892105,-73.94370784,casual
2305252,5FD4633100D2621D,classic_bike,2021-07-16 07:39:14,2021-07-16 07:53:27,Frederick Douglass Blvd & W 112 St,7631,2 Ave & E 104 St,7436,40.801694,-73.957145,40.7892105,-73.94370784,casual
2305258,3787565C34BFFF43,electric_bike,2021-07-13 23:06:30,2021-07-13 23:18:32,Frederick Douglass Blvd & W 112 St,7631,2 Ave & E 104 St,7436,40.801694,-73.957145,40.7892105,-73.94370784,casual
2305265,6DA5A0E03D61D35A,classic_bike,2021-07-23 07:44:08,2021-07-23 07:56:28,Frederick Douglass Blvd & W 112 St,7631,2 Ave & E 104 St,7436,40.801694,-73.957145,40.7892105,-73.94370784,casual
2305267,848BE522E1218AAC,classic_bike,2021-07-23 13:01:43,2021-07-23 13:14:34,Frederick Douglass Blvd & W 112 St,7631,2 Ave & E 104 St,7436,40.801694,-73.957145,40.7892105,-73.94370784,casual
2305273,556C73D0C495B146,classic_bike,2021-07-21 07:33:53,2021-07-21 07:48:57,Frederick Douglass Blvd & W 112 St,7631,2 Ave & E 104 St,7436,40.801694,-73.957145,40.7892105,-73.94370784,casual
2305277,0BC2CFD7F9AD507D,classic_bike,2021-07-06 07:42:34,2021-07-06 08:18:53,Frederick Douglass Blvd & W 112 St,7631,2 Ave & E 104 St,7436,40.801694,-73.957145,40.7892105,-73.94370784,casual
2305279,1CA568B73EAC8D1C,classic_bike,2021-07-02 08:44:00,2021-07-02 08:55:13,Frederick Douglass Blvd & W 112 St,7631,2 Ave & E 104 St,7436,40.801694,-73.957145,40.7892105,-73.94370784,casual
2305283,5520ACB24CF86C24,classic_bike,2021-07-26 01:09:31,2021-07-26 01:31:33,Frederick Douglass Blvd & W 112 St,7631,2 Ave & E 104 St,7436,40.801694,-73.957145,40.7892105,-73.94370784,casual
2305288,B37A0A1F1F64A32B,electric_bike,2021-07-13 23:06:48,2021-07-13 23:18:54,Frederick Douglass Blvd & W 112 St,7631,2 Ave & E 104 St,7436,40.801694,-73.957145,40.7892105,-73.94370784,casual
2305289,701B49DE3E0FD088,classic_bike,2021-07-07 07:40:21,2021-07-07 07:51:59,Frederick Douglass Blvd & W 112 St,7631,2 Ave & E 104 St,7436,40.801694,-73.957145,40.7892105,-73.94370784,casual
2305312,47848B529EA99FA9,classic_bike,2021-07-22 16:27:11,2021-07-22 16:50:15,E 138 St & Willow Ave,7654,2 Ave & E 104 St,7436,40.804168,-73.911545,40.7892105,-73.94370784,member
2305318,47A6148158E4F3C2,classic_bike,2021-07-07 16:38:22,2021-07-07 17:00:55,E 138 St & Willow Ave,7654,2 Ave & E 104 St,7436,40.804168,-73.911545,40.7892105,-73.94370784,member
2305340,472A642B0F1867C0,classic_bike,2021-07-27 10:58:16,2021-07-27 11:21:56,Broadway & Moylan Pl,7823,2 Ave & E 104 St,7436,40.8143256,-73.9590255,40.7892105,-73.94370784,member
2305345,B01217125202F5F2,electric_bike,2021-07-23 04:41:30,2021-07-23 04:45:27,3 Ave & E 112 St,7543,2 Ave & E 104 St,7436,40.795508,-73.941606,40.7892105,-73.94370784,casual
2305351,A5FE0D060FB261CB,classic_bike,2021-07-29 09:40:23,2021-07-29 09:52:03,Frederick Douglass Blvd & W 112 St,7631,2 Ave & E 104 St,7436,40.801694,-73.957145,40.7892105,-73.94370784,member
2305368,AFB041D45A6F12F8,electric_bike,2021-07-01 22:45:49,2021-07-01 23:06:40,Frederick Douglass Blvd & W 112 St,7631,2 Ave & E 104 St,7436,40.801694,-73.957145,40.7892105,-73.94370784,casual
2305704,7FB85459CBC6A061,classic_bike,2021-07-17 11:57:42,2021-07-17 13:05:44,West St & Chambers St,5329,2 Ave & E 104 St,7436,40.71754834,-74.01322069,40.7892105,-73.94370784,member
2305933,CE7005382D620AE3,classic_bike,2021-07-07 19:58:49,2021-07-07 20:18:56,E 47 St & 1 Ave,6498,2 Ave & E 104 St,7436,40.75206862,-73.96784384,40.7892105,-73.94370784,member
2306080,96E11A8190C4179D,classic_bike,2021-07-04 21:56:30,2021-07-04 22:40:45,Pier 40 - Hudson River Park,5696,2 Ave & E 104 St,7436,40.7277140777778,-74.01129573583603,40.7892105,-73.94370784,member
2306166,27BA347436DDDB96,classic_bike,2021-07-09 18:42:55,2021-07-09 19:16:46,1 Ave & E 30 St,6079,2 Ave & E 104 St,7436,40.74144387,-73.97536082,40.7892105,-73.94370784,member
2306300,DBCA555841CB63AB,classic_bike,2021-07-20 15:57:16,2021-07-20 16:07:48,Frederick Douglass Blvd & W 115 St,7658,2 Ave & E 104 St,7436,40.8038654,-73.9559308,40.7892105,-73.94370784,member
2306306,74D69647AF8D6565,classic_bike,2021-07-05 11:34:56,2021-07-05 12:14:41,Riverside Dr & W 104 St,7623,2 Ave & E 104 St,7436,40.8013434,-73.9711457439,40.7892105,-73.94370784,member
2306405,5770A36204593851,electric_bike,2021-07-01 15:38:14,2021-07-01 15:55:37,Amsterdam Ave & W 119 St,7727,2 Ave & E 104 St,7436,40.8086249,-73.9596214,40.7892105,-73.94370784,casual
2306555,FCB04FF858563F38,classic_bike,2021-07-24 08:24:15,2021-07-24 08:28:16,E 98 St & Park Ave,7443,2 Ave & E 104 St,7436,40.78813,-73.95206,40.7892105,-73.94370784,member
2306609,43B1431D90D56B3E,classic_bike,2021-07-20 16:55:33,2021-07-20 17:00:44,E 98 St & Park Ave,7443,2 Ave & E 104 St,7436,40.78813,-73.95206,40.7892105,-73.94370784,member
2306610,6A08D48FFBAA3A5A,classic_bike,2021-07-09 19:40:21,2021-07-09 19:44:49,E 98 St & Park Ave,7443,2 Ave & E 104 St,7436,40.78813,-73.95206,40.7892105,-73.94370784,member
2306786,63DA449AE680981E,classic_bike,2021-07-31 08:22:26,2021-07-31 08:46:54,W 76 St & Columbus Ave,7281,2 Ave & E 104 St,7436,40.7801839724239,-73.97728532552719,40.7892105,-73.94370784,member
2306877,3ADBBDF61DBEC3EC,classic_bike,2021-07-01 23:25:54,2021-07-01 23:43:58,Amsterdam Ave & W 119 St,7727,2 Ave & E 104 St,7436,40.8086249,-73.9596214,40.7892105,-73.94370784,casual
2306914,01B3875B51D00F07,electric_bike,2021-07-31 20:24:55,2021-07-31 20:53:52,E 16 St & Irving Pl,5938,2 Ave & E 104 St,7436,40.735367055605394,-73.98797392845154,40.7892105,-73.94370784,member
2306986,CC84A3C416DBC218,electric_bike,2021-07-25 16:35:12,2021-07-25 19:15:05,E 13 St & Avenue A,5779,2 Ave & E 104 St,7436,40.72966729392978,-73.98067966103554,40.7892105,-73.94370784,casual
2307044,CDB078B5D723D598,electric_bike,2021-07-13 18:18:08,2021-07-13 18:39:39,Broadway & W 37 St,6441,2 Ave & E 104 St,7436,40.75172632,-73.98753523,40.7892105,-73.94370784,member
2307087,10C3CAD9575F5482,classic_bike,2021-07-08 18:11:43,2021-07-08 18:36:47,Broadway & W 37 St,6441,2 Ave & E 104 St,7436,40.75172632,-73.98753523,40.7892105,-73.94370784,member
2307088,944AAD70263A18C5,classic_bike,2021-07-06 14:01:19,2021-07-06 14:32:24,Broadway & W 37 St,6441,2 Ave & E 104 St,7436,40.75172632,-73.98753523,40.7892105,-73.94370784,member
2307117,D6ED4235335645BA,classic_bike,2021-07-07 17:23:03,2021-07-07 17:50:07,Broadway & W 37 St,6441,2 Ave & E 104 St,7436,40.75172632,-73.98753523,40.7892105,-73.94370784,member
2307161,57EEA4C06EF443AB,electric_bike,2021-07-29 13:48:47,2021-07-29 14:59:17,Milton St & Franklin St,5752,2 Ave & E 104 St,7436,40.72906,-73.95779,40.7892105,-73.94370784,member
2307259,281DAD3C757F4818,classic_bike,2021-07-04 23:20:50,2021-07-04 23:28:26,E 88 St & Park Ave,7293,2 Ave & E 104 St,7436,40.781410700190015,-73.95595908164978,40.7892105,-73.94370784,member
2307264,57C3F4F63C0E7486,classic_bike,2021-07-12 17:26:12,2021-07-12 17:53:18,Broadway & W 37 St,6441,2 Ave & E 104 St,7436,40.75172632,-73.98753523,40.7892105,-73.94370784,member
2307267,DEF802B1C1002326,classic_bike,2021-07-22 17:09:42,2021-07-22 17:36:38,Broadway & W 37 St,6441,2 Ave & E 104 St,7436,40.75172632,-73.98753523,40.7892105,-73.94370784,member
2307287,2AAED3100E60C903,classic_bike,2021-07-08 06:07:28,2021-07-08 06:13:52,E 88 St & Park Ave,7293,2 Ave & E 104 St,7436,40.781410700190015,-73.95595908164978,40.7892105,-73.94370784,member
2307310,74637BF51B794A48,classic_bike,2021-07-15 20:36:29,2021-07-15 20:50:41,E 89 St & York Ave,7204,2 Ave & E 104 St,7436,40.7779453,-73.946041,40.7892105,-73.94370784,casual
2307322,AB2999E1D7C1AAD7,electric_bike,2021-07-23 05:38:02,2021-07-23 05:56:19,W 54 St & 11 Ave,6955,2 Ave & E 104 St,7436,40.768333,-73.992573,40.7892105,-73.94370784,casual
2307328,0A865600ED469C88,electric_bike,2021-07-16 12:20:14,2021-07-16 12:33:25,E 72 St & Park Ave,6998,2 Ave & E 104 St,7436,40.77118287540658,-73.96409422159195,40.7892105,-73.94370784,casual
2307341,9325B9F158839E70,classic_bike,2021-07-31 06:58:23,2021-07-31 07:04:36,E 88 St & Park Ave,7293,2 Ave & E 104 St,7436,40.781410700190015,-73.95595908164978,40.7892105,-73.94370784,member
2307352,5C8409D3021E8D4E,electric_bike,2021-07-02 22:39:33,2021-07-02 22:45:46,E 88 St & Park Ave,7293,2 Ave & E 104 St,7436,40.781410700190015,-73.95595908164978,40.7892105,-73.94370784,member
2307353,958E5361C4CA8E36,electric_bike,2021-07-10 23:35:08,2021-07-10 23:41:39,E 88 St & Park Ave,7293,2 Ave & E 104 St,7436,40.781410700190015,-73.95595908164978,40.7892105,-73.94370784,member
2307354,1B6F9B6F404DBE05,electric_bike,2021-07-01 22:48:09,2021-07-01 22:55:14,E 88 St & Park Ave,7293,2 Ave & E 104 St,7436,40.781410700190015,-73.95595908164978,40.7892105,-73.94370784,member
2307357,ECFD0B65A0CDAFA8,classic_bike,2021-07-27 17:13:31,2021-07-27 17:50:22,Broadway & W 41 St,6560,2 Ave & E 104 St,7436,40.75513557,-73.98658032,40.7892105,-73.94370784,member
2307373,FB2F8772175484A5,electric_bike,2021-07-01 05:35:15,2021-07-01 05:40:20,E 88 St & Park Ave,7293,2 Ave & E 104 St,7436,40.781410700190015,-73.95595908164978,40.7892105,-73.94370784,member
2307487,BB7F687B06E0EB14,electric_bike,2021-07-06 16:34:21,2021-07-06 16:49:36,W 135 St & Lenox Terrace Pl,7832,2 Ave & E 104 St,7436,40.813619,-73.939336,40.7892105,-73.94370784,casual
2307489,AA28C3F61F243AA0,electric_bike,2021-07-15 22:33:54,2021-07-15 23:10:20,W 54 St & 11 Ave,6955,2 Ave & E 104 St,7436,40.768333,-73.992573,40.7892105,-73.94370784,casual
2307496,421DE5820B804380,classic_bike,2021-07-25 16:28:41,2021-07-25 17:01:30,E 134 St & Walnut Ave,7613,2 Ave & E 104 St,7436,40.800425,-73.911034,40.7892105,-73.94370784,casual
2307508,BD2223A3A6F45A01,classic_bike,2021-07-25 00:55:31,2021-07-25 01:01:46,E 88 St & Park Ave,7293,2 Ave & E 104 St,7436,40.781410700190015,-73.95595908164978,40.7892105,-73.94370784,casual
2307512,86B216552D76AC67,classic_bike,2021-07-25 16:28:55,2021-07-25 17:01:33,E 134 St & Walnut Ave,7613,2 Ave & E 104 St,7436,40.800425,-73.911034,40.7892105,-73.94370784,casual
2307516,0A69147AAD323D85,electric_bike,2021-07-13 14:33:34,2021-07-13 14:58:19,2 Ave & E 99 St,7386,2 Ave & E 104 St,7436,40.7862586,-73.94552579,40.7892105,-73.94370784,member
2307519,77BBF04A0F8CC2F6,classic_bike,2021-07-01 22:11:37,2021-07-01 22:13:34,2 Ave & E 99 St,7386,2 Ave & E 104 St,7436,40.7862586,-73.94552579,40.7892105,-73.94370784,member
2307520,B6155E50D7D0C781,classic_bike,2021-07-11 00:08:44,2021-07-11 00:11:00,2 Ave & E 99 St,7386,2 Ave & E 104 St,7436,40.7862586,-73.94552579,40.7892105,-73.94370784,member
2307530,C6A0513542519E50,classic_bike,2021-07-22 20:07:31,2021-07-22 20:09:48,2 Ave & E 99 St,7386,2 Ave & E 104 St,7436,40.7862586,-73.94552579,40.7892105,-73.94370784,casual
2307534,2020228CC6292E52,electric_bike,2021-07-30 22:53:54,2021-07-30 22:55:25,2 Ave & E 99 St,7386,2 Ave & E 104 St,7436,40.7862586,-73.94552579,40.7892105,-73.94370784,casual
2307537,7A840C8E0CFC8BB1,classic_bike,2021-07-27 23:15:12,2021-07-27 23:17:12,2 Ave & E 99 St,7386,2 Ave & E 104 St,7436,40.7862586,-73.94552579,40.7892105,-73.94370784,member
2307538,FD8DB528A23B83DE,classic_bike,2021-07-26 00:07:31,2021-07-26 00:09:07,2 Ave & E 99 St,7386,2 Ave & E 104 St,7436,40.7862586,-73.94552579,40.7892105,-73.94370784,member
2307539,BBFA0738F46CED72,classic_bike,2021-07-22 21:08:35,2021-07-22 21:10:33,2 Ave & E 99 St,7386,2 Ave & E 104 St,7436,40.7862586,-73.94552579,40.7892105,-73.94370784,member
2307554,5B013A8218996FBD,classic_bike,2021-07-11 19:21:16,2021-07-11 19:26:41,2 Ave & E 99 St,7386,2 Ave & E 104 St,7436,40.7862586,-73.94552579,40.7892105,-73.94370784,member
2307574,F8171627574B3884,classic_bike,2021-07-10 15:36:23,2021-07-10 18:57:42,2 Ave & E 99 St,7386,2 Ave & E 104 St,7436,40.7862586,-73.94552579,40.7892105,-73.94370784,casual
2307594,9C627DAD85E8B325,classic_bike,2021-07-15 18:26:06,2021-07-15 18:27:48,2 Ave & E 99 St,7386,2 Ave & E 104 St,7436,40.7862586,-73.94552579,40.7892105,-73.94370784,member
2307601,3EEFE3F1AD1B4FD6,classic_bike,2021-07-12 09:18:19,2021-07-12 10:01:14,2 Ave & E 99 St,7386,2 Ave & E 104 St,7436,40.7862586,-73.94552579,40.7892105,-73.94370784,member
2307611,49F989AA3AC8AA5F,classic_bike,2021-07-25 20:39:31,2021-07-25 21:09:23,Broadway & W 41 St,6560,2 Ave & E 104 St,7436,40.75513557,-73.98658032,40.7892105,-73.94370784,member
2307612,50B94EF26513559A,classic_bike,2021-07-04 16:39:08,2021-07-04 17:07:24,Broadway & W 41 St,6560,2 Ave & E 104 St,7436,40.75513557,-73.98658032,40.7892105,-73.94370784,member
2307613,DB3B1427D63683E7,classic_bike,2021-07-11 23:25:58,2021-07-11 23:34:04,E 88 St & Park Ave,7293,2 Ave & E 104 St,7436,40.781410700190015,-73.95595908164978,40.7892105,-73.94370784,member
2307647,88D2CD81DDE082A7,classic_bike,2021-07-08 17:32:50,2021-07-08 17:34:14,2 Ave & E 99 St,7386,2 Ave & E 104 St,7436,40.7862586,-73.94552579,40.7892105,-73.94370784,member
2307648,A6E5B2509DE025FA,electric_bike,2021-07-04 13:52:46,2021-07-04 14:07:26,2 Ave & E 99 St,7386,2 Ave & E 104 St,7436,40.7862586,-73.94552579,40.7892105,-73.94370784,member
2307649,9E8B0446D925A388,classic_bike,2021-07-09 18:46:45,2021-07-09 18:48:39,2 Ave & E 99 St,7386,2 Ave & E 104 St,7436,40.7862586,-73.94552579,40.7892105,-73.94370784,member
2307650,6AF9BF5202FFA9F2,classic_bike,2021-07-24 00:03:41,2021-07-24 00:05:17,2 Ave & E 99 St,7386,2 Ave & E 104 St,7436,40.7862586,-73.94552579,40.7892105,-73.94370784,member
2307659,0F296AA9210F2892,electric_bike,2021-07-22 00:25:31,2021-07-22 00:37:30,2 Ave & E 99 St,7386,2 Ave & E 104 St,7436,40.7862586,-73.94552579,40.7892105,-73.94370784,casual
2307665,218A66A26022D08F,electric_bike,2021-07-10 23:25:53,2021-07-11 00:11:29,2 Ave & E 99 St,7386,2 Ave & E 104 St,7436,40.7862586,-73.94552579,40.7892105,-73.94370784,casual
2307686,7D0F65F10879E7A0,classic_bike,2021-07-20 18:01:09,2021-07-20 18:08:29,2 Ave & E 99 St,7386,2 Ave & E 104 St,7436,40.7862586,-73.94552579,40.7892105,-73.94370784,member
2307688,B3E7E4EFEA52109B,classic_bike,2021-07-15 20:09:54,2021-07-15 20:12:34,2 Ave & E 99 St,7386,2 Ave & E 104 St,7436,40.7862586,-73.94552579,40.7892105,-73.94370784,member
2307693,D2D8101F74A59B9E,classic_bike,2021-07-26 15:02:17,2021-07-26 15:04:08,2 Ave & E 99 St,7386,2 Ave & E 104 St,7436,40.7862586,-73.94552579,40.7892105,-73.94370784,member
2307712,72E7520C12EEAF8D,classic_bike,2021-07-21 16:20:32,2021-07-21 16:49:04,E 138 St & Willow Ave,7654,2 Ave & E 104 St,7436,40.804168,-73.911545,40.7892105,-73.94370784,member
2307730,2A14D625B8D4DC47,electric_bike,2021-07-09 23:53:55,2021-07-10 00:10:23,2 Ave & E 99 St,7386,2 Ave & E 104 St,7436,40.7862586,-73.94552579,40.7892105,-73.94370784,casual
2307741,2A1BC96815BECE1F,electric_bike,2021-07-27 03:58:35,2021-07-27 04:14:23,Broadway & W 56 St,6847,2 Ave & E 104 St,7436,40.7652654,-73.98192338,40.7892105,-73.94370784,casual
2307764,F2FE41A30C69C098,electric_bike,2021-07-28 23:30:42,2021-07-28 23:50:07,8 Ave & W 52 St,6816,2 Ave & E 104 St,7436,40.76370739,-73.9851615,40.7892105,-73.94370784,member
2307844,C202ED4F00157213,classic_bike,2021-07-14 14:01:26,2021-07-14 14:04:24,2 Ave & E 99 St,7386,2 Ave & E 104 St,7436,40.7862586,-73.94552579,40.7892105,-73.94370784,member
2307849,93D662B67FB4F97D,electric_bike,2021-07-18 23:35:49,2021-07-19 01:33:17,2 Ave & E 99 St,7386,2 Ave & E 104 St,7436,40.7862586,-73.94552579,40.7892105,-73.94370784,member
2307853,1592191AD242B097,classic_bike,2021-07-24 18:27:57,2021-07-24 18:29:58,2 Ave & E 99 St,7386,2 Ave & E 104 St,7436,40.7862586,-73.94552579,40.7892105,-73.94370784,member
2307854,7761DF0DD5C616EC,classic_bike,2021-07-27 19:25:33,2021-07-27 19:28:07,2 Ave & E 99 St,7386,2 Ave & E 104 St,7436,40.7862586,-73.94552579,40.7892105,-73.94370784,member
2307855,4C14BA0E3B604EE3,classic_bike,2021-07-04 14:24:03,2021-07-04 14:26:27,2 Ave & E 99 St,7386,2 Ave & E 104 St,7436,40.7862586,-73.94552579,40.7892105,-73.94370784,member
2307856,1E0B162BC94A49DD,classic_bike,2021-07-20 21:53:27,2021-07-20 21:55:23,2 Ave & E 99 St,7386,2 Ave & E 104 St,7436,40.7862586,-73.94552579,40.7892105,-73.94370784,member
2307883,50FD061FF3F15D6A,classic_bike,2021-07-28 20:42:01,2021-07-28 20:53:13,E 85 St & 3 Ave,7212,2 Ave & E 104 St,7436,40.77801203,-73.95407149,40.7892105,-73.94370784,member
2307884,E9F0C7BF4E64B111,classic_bike,2021-07-07 16:08:01,2021-07-07 16:19:09,E 85 St & 3 Ave,7212,2 Ave & E 104 St,7436,40.77801203,-73.95407149,40.7892105,-73.94370784,member
2307885,A33424E57AD3069C,classic_bike,2021-07-23 22:25:37,2021-07-23 22:34:27,E 85 St & 3 Ave,7212,2 Ave & E 104 St,7436,40.77801203,-73.95407149,40.7892105,-73.94370784,member
2307892,D4D808E4D3A5602C,classic_bike,2021-07-05 12:26:10,2021-07-05 12:34:19,E 85 St & 3 Ave,7212,2 Ave & E 104 St,7436,40.77801203,-73.95407149,40.7892105,-73.94370784,casual
2307923,6FBE9D3A76EFBD64,classic_bike,2021-07-30 20:38:12,2021-07-30 20:44:18,E 85 St & 3 Ave,7212,2 Ave & E 104 St,7436,40.77801203,-73.95407149,40.7892105,-73.94370784,member
2307947,4407FC2C4397F0C9,classic_bike,2021-07-23 22:25:48,2021-07-23 22:33:03,E 85 St & 3 Ave,7212,2 Ave & E 104 St,7436,40.77801203,-73.95407149,40.7892105,-73.94370784,member
2307949,91FBAE24E569002F,classic_bike,2021-07-15 10:19:54,2021-07-15 10:29:49,E 85 St & 3 Ave,7212,2 Ave & E 104 St,7436,40.77801203,-73.95407149,40.7892105,-73.94370784,member
2307950,6402A190EDE21DC1,electric_bike,2021-07-27 17:48:51,2021-07-27 18:02:22,E 85 St & 3 Ave,7212,2 Ave & E 104 St,7436,40.77801203,-73.95407149,40.7892105,-73.94370784,member
2307962,E550CFE8C2408284,classic_bike,2021-07-26 00:25:03,2021-07-26 00:34:07,E 85 St & 3 Ave,7212,2 Ave & E 104 St,7436,40.77801203,-73.95407149,40.7892105,-73.94370784,casual
2307966,70CBC60C014EA2A3,classic_bike,2021-07-02 21:15:52,2021-07-02 21:23:31,E 85 St & 3 Ave,7212,2 Ave & E 104 St,7436,40.77801203,-73.95407149,40.7892105,-73.94370784,casual
2307970,7A5B70C845A0C2DA,classic_bike,2021-07-05 15:43:17,2021-07-05 15:54:41,E 85 St & 3 Ave,7212,2 Ave & E 104 St,7436,40.77801203,-73.95407149,40.7892105,-73.94370784,member
2307975,1B937FFC84258BF3,classic_bike,2021-07-13 22:17:07,2021-07-13 22:42:34,W 84 St & Columbus Ave,7382,2 Ave & E 104 St,7436,40.78499979,-73.97283406,40.7892105,-73.94370784,member
2307993,38775EF14336225A,classic_bike,2021-07-31 21:37:24,2021-07-31 21:41:39,E 85 St & 3 Ave,7212,2 Ave & E 104 St,7436,40.77801203,-73.95407149,40.7892105,-73.94370784,casual
2308001,6D680059F6F45191,classic_bike,2021-07-21 07:10:15,2021-07-21 07:17:15,E 85 St & 3 Ave,7212,2 Ave & E 104 St,7436,40.77801203,-73.95407149,40.7892105,-73.94370784,member
2308009,7C45A323EA23ACBB,classic_bike,2021-07-28 22:05:36,2021-07-28 22:13:10,E 85 St & 3 Ave,7212,2 Ave & E 104 St,7436,40.77801203,-73.95407149,40.7892105,-73.94370784,casual
2308011,E01AFD1BC1B5959A,electric_bike,2021-07-25 10:05:22,2021-07-25 10:13:27,E 85 St & 3 Ave,7212,2 Ave & E 104 St,7436,40.77801203,-73.95407149,40.7892105,-73.94370784,casual
2308026,B08F2AAFF55988FA,classic_bike,2021-07-19 16:16:55,2021-07-19 16:41:29,E 138 St & Willow Ave,7654,2 Ave & E 104 St,7436,40.804168,-73.911545,40.7892105,-73.94370784,member
2308035,C36DB824B9C7892B,electric_bike,2021-07-12 15:42:20,2021-07-12 15:54:47,E 85 St & 3 Ave,7212,2 Ave & E 104 St,7436,40.77801203,-73.95407149,40.7892105,-73.94370784,casual
2308036,38679E534E28D228,electric_bike,2021-07-05 20:35:25,2021-07-05 20:41:46,E 85 St & 3 Ave,7212,2 Ave & E 104 St,7436,40.77801203,-73.95407149,40.7892105,-73.94370784,casual
2308037,1BF20A6D161EE48A,classic_bike,2021-07-27 00:10:31,2021-07-27 00:19:22,E 85 St & 3 Ave,7212,2 Ave & E 104 St,7436,40.77801203,-73.95407149,40.7892105,-73.94370784,casual
2308044,636CA454E01C1478,classic_bike,2021-07-19 18:51:46,2021-07-19 19:01:03,E 85 St & 3 Ave,7212,2 Ave & E 104 St,7436,40.77801203,-73.95407149,40.7892105,-73.94370784,member
2308047,1B0818BA477D4AC0,classic_bike,2021-07-06 15:54:11,2021-07-06 15:59:22,3 Ave & E 112 St,7543,2 Ave & E 104 St,7436,40.795508,-73.941606,40.7892105,-73.94370784,member
2308050,9F88FCF5FBE36473,classic_bike,2021-07-11 21:46:15,2021-07-11 21:52:19,E 85 St & 3 Ave,7212,2 Ave & E 104 St,7436,40.77801203,-73.95407149,40.7892105,-73.94370784,member
2308052,4C738DA07C83C825,classic_bike,2021-07-06 09:34:11,2021-07-06 09:40:18,E 85 St & 3 Ave,7212,2 Ave & E 104 St,7436,40.77801203,-73.95407149,40.7892105,-73.94370784,casual
2308055,F9D1E3FABF7D008A,electric_bike,2021-07-30 20:34:35,2021-07-30 20:40:36,E 85 St & 3 Ave,7212,2 Ave & E 104 St,7436,40.77801203,-73.95407149,40.7892105,-73.94370784,casual
2308057,565AA1755042BBA9,electric_bike,2021-07-09 18:37:58,2021-07-09 18:50:42,E 85 St & 3 Ave,7212,2 Ave & E 104 St,7436,40.77801203,-73.95407149,40.7892105,-73.94370784,member
2308064,0D7F520A296DCEA5,classic_bike,2021-07-28 21:36:21,2021-07-28 21:45:40,E 85 St & 3 Ave,7212,2 Ave & E 104 St,7436,40.77801203,-73.95407149,40.7892105,-73.94370784,member
2308075,58A76F2A2B2D9347,classic_bike,2021-07-20 23:29:08,2021-07-20 23:37:19,E 85 St & 3 Ave,7212,2 Ave & E 104 St,7436,40.77801203,-73.95407149,40.7892105,-73.94370784,casual
2308076,585407FD475B8051,electric_bike,2021-07-21 04:45:48,2021-07-21 05:25:02,E 85 St & 3 Ave,7212,2 Ave & E 104 St,7436,40.77801203,-73.95407149,40.7892105,-73.94370784,casual
2308085,E6325BC257AF4960,classic_bike,2021-07-10 15:10:01,2021-07-10 15:19:40,E 85 St & 3 Ave,7212,2 Ave & E 104 St,7436,40.77801203,-73.95407149,40.7892105,-73.94370784,member
2308089,00EB52A8CEBD2B1C,classic_bike,2021-07-14 00:52:19,2021-07-14 00:58:31,E 85 St & 3 Ave,7212,2 Ave & E 104 St,7436,40.77801203,-73.95407149,40.7892105,-73.94370784,member
2308090,FDD77F1161EC69B0,classic_bike,2021-07-24 02:37:10,2021-07-24 02:43:52,E 85 St & 3 Ave,7212,2 Ave & E 104 St,7436,40.77801203,-73.95407149,40.7892105,-73.94370784,member
2308091,4466A2C79C51B274,classic_bike,2021-07-03 02:17:05,2021-07-03 02:24:25,E 85 St & 3 Ave,7212,2 Ave & E 104 St,7436,40.77801203,-73.95407149,40.7892105,-73.94370784,member
2308093,B08C492650F7090D,classic_bike,2021-07-10 15:09:51,2021-07-10 15:19:34,E 85 St & 3 Ave,7212,2 Ave & E 104 St,7436,40.77801203,-73.95407149,40.7892105,-73.94370784,member
2308105,90430A27879E1B36,classic_bike,2021-07-30 02:02:45,2021-07-30 02:09:12,E 85 St & 3 Ave,7212,2 Ave & E 104 St,7436,40.77801203,-73.95407149,40.7892105,-73.94370784,member
2308106,9136A8C380200D17,classic_bike,2021-07-26 01:12:24,2021-07-26 01:18:16,E 85 St & 3 Ave,7212,2 Ave & E 104 St,7436,40.77801203,-73.95407149,40.7892105,-73.94370784,member
2308110,5C0DAA1493214D64,classic_bike,2021-07-10 17:51:42,2021-07-10 17:59:21,E 85 St & 3 Ave,7212,2 Ave & E 104 St,7436,40.77801203,-73.95407149,40.7892105,-73.94370784,member
2308112,492BB7DF784FE5D9,electric_bike,2021-07-01 20:52:05,2021-07-01 20:55:46,3 Ave & E 112 St,7543,2 Ave & E 104 St,7436,40.795508,-73.941606,40.7892105,-73.94370784,casual
2308117,94B55D24E6278072,electric_bike,2021-07-16 12:15:37,2021-07-16 12:24:58,E 85 St & 3 Ave,7212,2 Ave & E 104 St,7436,40.77801203,-73.95407149,40.7892105,-73.94370784,member
2308121,370567F4F56B210B,classic_bike,2021-07-12 20:48:12,2021-07-12 20:59:32,E 85 St & 3 Ave,7212,2 Ave & E 104 St,7436,40.77801203,-73.95407149,40.7892105,-73.94370784,member
2308122,C991F6E664F63ED5,classic_bike,2021-07-11 22:09:16,2021-07-11 22:19:51,E 85 St & 3 Ave,7212,2 Ave & E 104 St,7436,40.77801203,-73.95407149,40.7892105,-73.94370784,member
2308139,3A0F1C40969F5852,classic_bike,2021-07-22 16:21:27,2021-07-22 16:30:55,E 85 St & 3 Ave,7212,2 Ave & E 104 St,7436,40.77801203,-73.95407149,40.7892105,-73.94370784,casual
2308144,01F8424FDD4090DF,classic_bike,2021-07-25 02:03:48,2021-07-25 02:09:29,E 85 St & 3 Ave,7212,2 Ave & E 104 St,7436,40.77801203,-73.95407149,40.7892105,-73.94370784,member
2308145,39FEED06824C325F,classic_bike,2021-07-07 15:27:25,2021-07-07 15:34:47,E 85 St & 3 Ave,7212,2 Ave & E 104 St,7436,40.77801203,-73.95407149,40.7892105,-73.94370784,member
2308151,070888A8B10CFEBB,classic_bike,2021-07-24 15:01:30,2021-07-24 15:08:13,E 85 St & 3 Ave,7212,2 Ave & E 104 St,7436,40.77801203,-73.95407149,40.7892105,-73.94370784,member
2308158,271A80BA79F32966,electric_bike,2021-07-21 18:44:50,2021-07-21 18:52:36,E 85 St & 3 Ave,7212,2 Ave & E 104 St,7436,40.77801203,-73.95407149,40.7892105,-73.94370784,member
2308243,B82903485DD28B63,classic_bike,2021-07-23 16:10:27,2021-07-23 16:57:59,Great Jones St,5636,2 Ave & E 104 St,7436,40.72743423,-73.99379025,40.7892105,-73.94370784,casual
2308263,D4650D98CB50532D,classic_bike,2021-07-22 14:20:45,2021-07-22 14:30:36,Alexander Ave & E 134 St,7712,2 Ave & E 104 St,7436,40.807466,-73.927107,40.7892105,-73.94370784,member
2308273,6E531D1E064ECBE9,classic_bike,2021-07-02 13:13:41,2021-07-02 13:18:46,E 114 St & 1 Ave,7540,2 Ave & E 104 St,7436,40.7945663,-73.9362541,40.7892105,-73.94370784,member
2308274,E764A73BD4F13095,classic_bike,2021-07-27 19:28:10,2021-07-27 19:34:14,E 114 St & 1 Ave,7540,2 Ave & E 104 St,7436,40.7945663,-73.9362541,40.7892105,-73.94370784,member
2308275,C53BB472AE248874,classic_bike,2021-07-26 20:05:36,2021-07-26 20:10:21,E 114 St & 1 Ave,7540,2 Ave & E 104 St,7436,40.7945663,-73.9362541,40.7892105,-73.94370784,member
2308276,169E04B761A35144,classic_bike,2021-07-19 17:48:55,2021-07-19 17:53:17,E 114 St & 1 Ave,7540,2 Ave & E 104 St,7436,40.7945663,-73.9362541,40.7892105,-73.94370784,member
2308277,9805A0DC7AFA60C9,electric_bike,2021-07-28 18:00:11,2021-07-28 18:04:31,E 114 St & 1 Ave,7540,2 Ave & E 104 St,7436,40.7945663,-73.9362541,40.7892105,-73.94370784,member
2308278,148446D9E3677DB4,electric_bike,2021-07-21 08:35:25,2021-07-21 08:39:44,E 114 St & 1 Ave,7540,2 Ave & E 104 St,7436,40.7945663,-73.9362541,40.7892105,-73.94370784,member
2308282,C563514E6EEE0719,classic_bike,2021-07-16 13:06:44,2021-07-16 13:12:43,2 Ave & E 122 St,7622,2 Ave & E 104 St,7436,40.8006721,-73.9349,40.7892105,-73.94370784,member
2308293,9044BFDD819C2628,classic_bike,2021-07-02 20:06:43,2021-07-02 20:14:45,E 114 St & 1 Ave,7540,2 Ave & E 104 St,7436,40.7945663,-73.9362541,40.7892105,-73.94370784,member
2308301,5F38832013E795B7,classic_bike,2021-07-19 11:16:35,2021-07-19 11:23:55,2 Ave & E 122 St,7622,2 Ave & E 104 St,7436,40.8006721,-73.9349,40.7892105,-73.94370784,member
2308321,1C8B632D5506E1F1,classic_bike,2021-07-02 14:23:35,2021-07-02 14:32:28,2 Ave & E 122 St,7622,2 Ave & E 104 St,7436,40.8006721,-73.9349,40.7892105,-73.94370784,casual
2308357,7A9042F288539472,electric_bike,2021-07-18 19:16:20,2021-07-18 19:38:37,E 51 St & 2 Ave,6575,2 Ave & E 104 St,7436,40.755293,-73.967641,40.7892105,-73.94370784,member
2308371,1E284E00EE16AA92,classic_bike,2021-07-19 18:35:07,2021-07-19 19:01:11,E 51 St & 2 Ave,6575,2 Ave & E 104 St,7436,40.755293,-73.967641,40.7892105,-73.94370784,member
2308374,F69FB46E51A0095C,docked_bike,2021-07-03 15:28:24,2021-07-03 16:43:32,E 58 St & Madison Ave,6839,2 Ave & E 104 St,7436,40.763026,-73.972095,40.789211,-73.943708,casual
2308405,8DA62F5BC9007E64,electric_bike,2021-07-01 13:53:03,2021-07-01 14:17:10,3 Ave & E 169 St,8103,2 Ave & E 104 St,7436,40.832678,-73.905158,40.7892105,-73.94370784,member
2308800,5E1D340715E35107,classic_bike,2021-07-29 11:10:40,2021-07-29 11:44:24,Brook Ave & E 157 St,7935,2 Ave & E 104 St,7436,40.820713,-73.911759,40.7892105,-73.94370784,member
2308826,60118DFBFE6EB0F1,classic_bike,2021-07-28 21:13:41,2021-07-28 21:53:09,W 22 St & 10 Ave,6306,2 Ave & E 104 St,7436,40.74691959,-74.00451887,40.7892105,-73.94370784,member
2308883,F0BD879756322AF4,electric_bike,2021-07-15 20:34:34,2021-07-15 20:43:33,East End Ave & E 86 St,7113,2 Ave & E 104 St,7436,40.77518615,-73.94446054,40.7892105,-73.94370784,casual
2308894,7735589A034DF442,electric_bike,2021-07-24 17:48:59,2021-07-24 17:58:35,East End Ave & E 86 St,7113,2 Ave & E 104 St,7436,40.77518615,-73.94446054,40.7892105,-73.94370784,casual
2308974,003F7AD6071F9F04,electric_bike,2021-07-06 12:56:29,2021-07-06 13:18:51,East End Ave & E 86 St,7113,2 Ave & E 104 St,7436,40.77518615,-73.94446054,40.7892105,-73.94370784,member
2309032,11907E327342EEC7,electric_bike,2021-07-25 00:07:13,2021-07-25 00:22:04,St. Ann's Ave & E 144 St,7755,2 Ave & E 104 St,7436,40.811112,-73.914932,40.7892105,-73.94370784,member
2309145,6EF77A85774ECE08,electric_bike,2021-07-14 19:20:27,2021-07-14 19:33:19,1 Ave & E 110 St,7522,2 Ave & E 104 St,7436,40.7923272,-73.9383,40.7892105,-73.94370784,member
2309166,DD7D2EDF498FCD0A,classic_bike,2021-07-28 22:00:01,2021-07-28 22:09:45,E 89 St & 3 Ave,7265,2 Ave & E 104 St,7436,40.7806284,-73.9521667,40.7892105,-73.94370784,member
2309177,37BC84201DC92D52,electric_bike,2021-07-01 19:42:05,2021-07-01 19:47:14,E 89 St & 3 Ave,7265,2 Ave & E 104 St,7436,40.7806284,-73.9521667,40.7892105,-73.94370784,member
2309178,363803F9306A0874,classic_bike,2021-07-22 21:47:46,2021-07-22 21:54:30,1 Ave & E 110 St,7522,2 Ave & E 104 St,7436,40.7923272,-73.9383,40.7892105,-73.94370784,member
2309187,70858674B93FC9BB,classic_bike,2021-07-27 17:07:35,2021-07-27 17:14:25,1 Ave & E 110 St,7522,2 Ave & E 104 St,7436,40.7923272,-73.9383,40.7892105,-73.94370784,member
2309190,8EAFC2B9309AA8CB,classic_bike,2021-07-03 13:01:36,2021-07-03 13:26:28,Brook Ave & E 138 St,7707,2 Ave & E 104 St,7436,40.807408,-73.91924,40.7892105,-73.94370784,casual
2309196,341EB2DC85815E76,classic_bike,2021-07-23 12:10:18,2021-07-23 12:14:09,1 Ave & E 110 St,7522,2 Ave & E 104 St,7436,40.7923272,-73.9383,40.7892105,-73.94370784,member
2309202,31E37AA7BAA42EAB,classic_bike,2021-07-30 13:26:11,2021-07-30 13:48:43,1 Ave & E 110 St,7522,2 Ave & E 104 St,7436,40.7923272,-73.9383,40.7892105,-73.94370784,member
2309203,49E45D910125F271,classic_bike,2021-07-29 01:15:34,2021-07-29 01:22:05,1 Ave & E 110 St,7522,2 Ave & E 104 St,7436,40.7923272,-73.9383,40.7892105,-73.94370784,member
2309206,E919E63523AE5AB3,classic_bike,2021-07-03 15:53:01,2021-07-03 15:57:38,E 89 St & 3 Ave,7265,2 Ave & E 104 St,7436,40.7806284,-73.9521667,40.7892105,-73.94370784,member
2309216,98473C00707F9238,classic_bike,2021-07-14 18:10:22,2021-07-14 18:16:02,E 89 St & 3 Ave,7265,2 Ave & E 104 St,7436,40.7806284,-73.9521667,40.7892105,-73.94370784,casual
2309218,20C5756D08AF4C34,classic_bike,2021-07-07 16:59:33,2021-07-07 17:10:12,E 89 St & 3 Ave,7265,2 Ave & E 104 St,7436,40.7806284,-73.9521667,40.7892105,-73.94370784,member
2309223,CD343B04638FBC23,electric_bike,2021-07-30 09:26:27,2021-07-30 09:30:36,1 Ave & E 110 St,7522,2 Ave & E 104 St,7436,40.7923272,-73.9383,40.7892105,-73.94370784,member
2309224,BCAC2E3E36D6B437,classic_bike,2021-07-24 01:42:46,2021-07-24 01:51:50,E 89 St & 3 Ave,7265,2 Ave & E 104 St,7436,40.7806284,-73.9521667,40.7892105,-73.94370784,member
2309225,4F096EA8F780E1D1,classic_bike,2021-07-31 13:37:14,2021-07-31 13:50:17,1 Ave & E 110 St,7522,2 Ave & E 104 St,7436,40.7923272,-73.9383,40.7892105,-73.94370784,member
2309226,910884DA3B4D3789,classic_bike,2021-07-19 01:37:18,2021-07-19 01:41:10,E 89 St & 3 Ave,7265,2 Ave & E 104 St,7436,40.7806284,-73.9521667,40.7892105,-73.94370784,member
2309231,8B03DC8EE375CEAC,classic_bike,2021-07-19 18:59:26,2021-07-19 19:03:56,1 Ave & E 110 St,7522,2 Ave & E 104 St,7436,40.7923272,-73.9383,40.7892105,-73.94370784,member
2309234,0A40358DFC9B3AEF,classic_bike,2021-07-25 11:41:59,2021-07-25 11:46:36,E 89 St & 3 Ave,7265,2 Ave & E 104 St,7436,40.7806284,-73.9521667,40.7892105,-73.94370784,member
2309235,E1EFD6D87D5BE18C,classic_bike,2021-07-21 08:48:02,2021-07-21 08:51:41,1 Ave & E 110 St,7522,2 Ave & E 104 St,7436,40.7923272,-73.9383,40.7892105,-73.94370784,member
2309238,F53E5C22F6974EFC,electric_bike,2021-07-01 16:54:24,2021-07-01 17:06:01,1 Ave & E 110 St,7522,2 Ave & E 104 St,7436,40.7923272,-73.9383,40.7892105,-73.94370784,casual
2309247,F648227ED6269B80,electric_bike,2021-07-30 22:05:11,2021-07-30 22:41:11,1 Ave & E 110 St,7522,2 Ave & E 104 St,7436,40.7923272,-73.9383,40.7892105,-73.94370784,casual
2309253,E7AC991DBEC9BEB7,classic_bike,2021-07-19 17:06:53,2021-07-19 17:09:50,1 Ave & E 110 St,7522,2 Ave & E 104 St,7436,40.7923272,-73.9383,40.7892105,-73.94370784,member
2309258,35B33CAAC30884DF,classic_bike,2021-07-24 10:43:20,2021-07-24 10:53:36,1 Ave & E 110 St,7522,2 Ave & E 104 St,7436,40.7923272,-73.9383,40.7892105,-73.94370784,member
2309269,08C96FE5568A6FDC,classic_bike,2021-07-30 10:20:07,2021-07-30 10:27:16,1 Ave & E 110 St,7522,2 Ave & E 104 St,7436,40.7923272,-73.9383,40.7892105,-73.94370784,member
2309272,E23CF714C726AEEA,classic_bike,2021-07-13 22:55:30,2021-07-13 23:00:58,E 89 St & 3 Ave,7265,2 Ave & E 104 St,7436,40.7806284,-73.9521667,40.7892105,-73.94370784,member
2309275,14FE7E91BEEDCFED,classic_bike,2021-07-10 18:50:48,2021-07-10 18:54:47,1 Ave & E 110 St,7522,2 Ave & E 104 St,7436,40.7923272,-73.9383,40.7892105,-73.94370784,member
2309281,71FD1A936584ACE6,classic_bike,2021-07-27 12:43:45,2021-07-27 12:48:51,E 89 St & 3 Ave,7265,2 Ave & E 104 St,7436,40.7806284,-73.9521667,40.7892105,-73.94370784,member
2309283,56B9CBE2C5EC2CB6,electric_bike,2021-07-14 06:45:55,2021-07-14 06:50:36,1 Ave & E 110 St,7522,2 Ave & E 104 St,7436,40.7923272,-73.9383,40.7892105,-73.94370784,member
2309285,B43752A4518974FF,classic_bike,2021-07-22 17:46:27,2021-07-22 17:52:03,E 89 St & 3 Ave,7265,2 Ave & E 104 St,7436,40.7806284,-73.9521667,40.7892105,-73.94370784,member
2309288,5A84E671C5BD5C35,classic_bike,2021-07-14 08:50:19,2021-07-14 08:53:46,1 Ave & E 110 St,7522,2 Ave & E 104 St,7436,40.7923272,-73.9383,40.7892105,-73.94370784,member
2309290,410648F06E6F8A05,classic_bike,2021-07-23 11:21:37,2021-07-23 11:29:24,E 89 St & 3 Ave,7265,2 Ave & E 104 St,7436,40.7806284,-73.9521667,40.7892105,-73.94370784,member
2309293,253261C8EB924489,electric_bike,2021-07-08 18:09:53,2021-07-08 18:15:15,E 89 St & 3 Ave,7265,2 Ave & E 104 St,7436,40.7806284,-73.9521667,40.7892105,-73.94370784,casual
2309296,3C422076F162BA7C,classic_bike,2021-07-23 14:44:39,2021-07-23 14:53:29,1 Ave & E 110 St,7522,2 Ave & E 104 St,7436,40.7923272,-73.9383,40.7892105,-73.94370784,member
2309299,9599BD793370DEA6,classic_bike,2021-07-02 18:07:34,2021-07-02 18:12:38,E 89 St & 3 Ave,7265,2 Ave & E 104 St,7436,40.7806284,-73.9521667,40.7892105,-73.94370784,member
2309301,FA3BEB4942082534,classic_bike,2021-07-27 16:13:48,2021-07-27 16:18:27,1 Ave & E 110 St,7522,2 Ave & E 104 St,7436,40.7923272,-73.9383,40.7892105,-73.94370784,member
2309318,6F1E72DA76124086,classic_bike,2021-07-20 20:22:14,2021-07-20 20:27:54,E 89 St & 3 Ave,7265,2 Ave & E 104 St,7436,40.7806284,-73.9521667,40.7892105,-73.94370784,member
2309321,EF937174F3A6708C,classic_bike,2021-07-12 19:49:21,2021-07-12 19:53:08,1 Ave & E 110 St,7522,2 Ave & E 104 St,7436,40.7923272,-73.9383,40.7892105,-73.94370784,member
2309322,699B10A79BDDF71D,classic_bike,2021-07-23 07:26:48,2021-07-23 07:35:36,E 89 St & 3 Ave,7265,2 Ave & E 104 St,7436,40.7806284,-73.9521667,40.7892105,-73.94370784,member
2309323,2E701A924079030F,electric_bike,2021-07-13 21:06:12,2021-07-13 21:16:40,E 89 St & 3 Ave,7265,2 Ave & E 104 St,7436,40.7806284,-73.9521667,40.7892105,-73.94370784,casual
2309326,1A781213F7B19C58,electric_bike,2021-07-30 22:04:52,2021-07-30 22:41:18,1 Ave & E 110 St,7522,2 Ave & E 104 St,7436,40.7923272,-73.9383,40.7892105,-73.94370784,casual
2309334,A2BC8E4A33DECDA2,classic_bike,2021-07-27 08:03:08,2021-07-27 08:21:09,E 89 St & 3 Ave,7265,2 Ave & E 104 St,7436,40.7806284,-73.9521667,40.7892105,-73.94370784,member
2309335,F7675275703C26CE,classic_bike,2021-07-31 20:44:59,2021-07-31 20:48:47,1 Ave & E 110 St,7522,2 Ave & E 104 St,7436,40.7923272,-73.9383,40.7892105,-73.94370784,member
2309359,F7D1DFBCA040FD40,classic_bike,2021-07-24 20:55:33,2021-07-24 21:00:32,E 89 St & 3 Ave,7265,2 Ave & E 104 St,7436,40.7806284,-73.9521667,40.7892105,-73.94370784,member
2309371,F3D63D6C3EF0E688,classic_bike,2021-07-28 18:03:47,2021-07-28 18:07:52,E 89 St & 3 Ave,7265,2 Ave & E 104 St,7436,40.7806284,-73.9521667,40.7892105,-73.94370784,casual
2309373,CBF0334210A3184F,classic_bike,2021-07-23 08:33:59,2021-07-23 08:39:41,E 89 St & 3 Ave,7265,2 Ave & E 104 St,7436,40.7806284,-73.9521667,40.7892105,-73.94370784,member
2309382,52E873D1B42F3E74,classic_bike,2021-07-18 21:35:06,2021-07-18 21:40:51,E 89 St & 3 Ave,7265,2 Ave & E 104 St,7436,40.7806284,-73.9521667,40.7892105,-73.94370784,member
2309383,1D4A03F0F7C03B2B,classic_bike,2021-07-30 17:27:06,2021-07-30 17:47:26,1 Ave & E 110 St,7522,2 Ave & E 104 St,7436,40.7923272,-73.9383,40.7892105,-73.94370784,member
2309385,BBF9F08197DC452E,classic_bike,2021-07-17 19:59:31,2021-07-17 20:03:52,E 89 St & 3 Ave,7265,2 Ave & E 104 St,7436,40.7806284,-73.9521667,40.7892105,-73.94370784,member
2309388,4897B23AEBDE48BD,classic_bike,2021-07-26 20:50:26,2021-07-26 21:24:09,1 Ave & E 110 St,7522,2 Ave & E 104 St,7436,40.7923272,-73.9383,40.7892105,-73.94370784,member
2309394,5607D1F3D8F1C2FA,classic_bike,2021-07-01 12:38:12,2021-07-01 12:42:46,1 Ave & E 110 St,7522,2 Ave & E 104 St,7436,40.7923272,-73.9383,40.7892105,-73.94370784,casual
2309399,5A57288827766876,classic_bike,2021-07-28 22:00:01,2021-07-28 22:09:52,E 89 St & 3 Ave,7265,2 Ave & E 104 St,7436,40.7806284,-73.9521667,40.7892105,-73.94370784,member
2309414,BA8E1DA8CC0C5F73,electric_bike,2021-07-21 20:19:17,2021-07-21 20:26:44,1 Ave & E 110 St,7522,2 Ave & E 104 St,7436,40.7923272,-73.9383,40.7892105,-73.94370784,member
2309415,4D26B6E9B015BB4D,classic_bike,2021-07-28 08:45:27,2021-07-28 08:50:04,1 Ave & E 110 St,7522,2 Ave & E 104 St,7436,40.7923272,-73.9383,40.7892105,-73.94370784,member
2309424,3F001A334AB8EA7A,classic_bike,2021-07-21 18:08:24,2021-07-21 18:13:39,E 89 St & 3 Ave,7265,2 Ave & E 104 St,7436,40.7806284,-73.9521667,40.7892105,-73.94370784,casual
2309427,23651B0D7F586E2C,classic_bike,2021-07-29 17:29:14,2021-07-29 17:35:14,E 116 St & 2 Ave,7563,2 Ave & E 104 St,7436,40.796879,-73.937261,40.7892105,-73.94370784,casual
2309429,5D621603A13BA2A7,classic_bike,2021-07-05 14:27:03,2021-07-05 14:38:48,E 116 St & 2 Ave,7563,2 Ave & E 104 St,7436,40.796879,-73.937261,40.7892105,-73.94370784,casual
2309436,2C172624F67E5047,electric_bike,2021-07-30 00:16:04,2021-07-30 00:32:36,5 Av & W 139 St,7851,2 Ave & E 104 St,7436,40.815484,-73.935856,40.7892105,-73.94370784,member
2309437,E89D270D6D6AD4E0,electric_bike,2021-07-25 11:16:13,2021-07-25 11:20:11,E 116 St & 2 Ave,7563,2 Ave & E 104 St,7436,40.796879,-73.937261,40.7892105,-73.94370784,member
2309443,9CECB6A76F6B4BF7,classic_bike,2021-07-22 14:54:01,2021-07-22 15:00:43,E 116 St & 2 Ave,7563,2 Ave & E 104 St,7436,40.796879,-73.937261,40.7892105,-73.94370784,member
2309446,D17850B416E176F9,electric_bike,2021-07-31 08:20:15,2021-07-31 08:27:07,Central Park W & W 97 St,7538,2 Ave & E 104 St,7436,40.79249519495111,-73.96417066463071,40.7892105,-73.94370784,casual
2309448,D1E1355E188DEE5A,classic_bike,2021-07-21 14:52:51,2021-07-21 14:56:29,E 116 St & 2 Ave,7563,2 Ave & E 104 St,7436,40.796879,-73.937261,40.7892105,-73.94370784,member
2309449,A2A14A8D85F15C8B,classic_bike,2021-07-18 11:21:46,2021-07-18 11:26:01,E 116 St & 2 Ave,7563,2 Ave & E 104 St,7436,40.796879,-73.937261,40.7892105,-73.94370784,member
2309452,C251FCAA2A6F83D9,electric_bike,2021-07-23 23:51:20,2021-07-23 23:54:43,E 116 St & 2 Ave,7563,2 Ave & E 104 St,7436,40.796879,-73.937261,40.7892105,-73.94370784,casual
2309461,9E0D2349A3DD79BB,classic_bike,2021-07-12 17:27:16,2021-07-12 17:32:16,E 89 St & 3 Ave,7265,2 Ave & E 104 St,7436,40.7806284,-73.9521667,40.7892105,-73.94370784,casual
2313485,9CE0EBF88005F8CD,classic_bike,2021-07-27 15:06:37,2021-07-27 15:20:09,2 Ave & E 104 St,7436,Willis Ave & Bruckner Blvd,7691,40.7892105,-73.94370784,40.805701,-73.925177,member
2321980,5B8AE63D6390429D,classic_bike,2021-07-07 17:10:36,2021-07-07 17:22:28,2 Ave & E 104 St,7436,Pleasant Ave & E 116 St,7450,40.7892105,-73.94370784,40.7949879,-73.9333349,member
2321981,763A76A5A400650E,classic_bike,2021-07-20 15:34:18,2021-07-20 16:09:53,2 Ave & E 104 St,7436,Pleasant Ave & E 116 St,7450,40.7892105,-73.94370784,40.7949879,-73.9333349,member
2321982,DD014E87754ACAB7,classic_bike,2021-07-29 15:15:07,2021-07-29 15:42:50,2 Ave & E 104 St,7436,Pleasant Ave & E 116 St,7450,40.7892105,-73.94370784,40.7949879,-73.9333349,member
2321985,83EBFE92C1E127AC,electric_bike,2021-07-12 15:58:59,2021-07-12 16:12:32,2 Ave & E 104 St,7436,Pleasant Ave & E 116 St,7450,40.7892105,-73.94370784,40.7949879,-73.9333349,casual
2321986,3AD3433819728907,classic_bike,2021-07-23 19:01:27,2021-07-23 19:33:00,2 Ave & E 104 St,7436,Pleasant Ave & E 116 St,7450,40.7892105,-73.94370784,40.7949879,-73.9333349,member
2323268,9CA8B8D8C6A42284,electric_bike,2021-07-30 20:46:14,2021-07-30 21:00:09,2 Ave & E 104 St,7436,Adam Clayton Powell Blvd & W 126 St,7738,40.7892105,-73.94370784,40.80949534777948,-73.94776493310928,member
2323272,C591B10F1BC1A258,electric_bike,2021-07-15 14:09:01,2021-07-15 14:22:59,2 Ave & E 104 St,7436,Lenox Ave & W 117 St,7655,40.7892105,-73.94370784,40.8025566,-73.9490782,casual
2323274,567E502775A39EC0,electric_bike,2021-07-29 14:55:27,2021-07-29 15:00:38,2 Ave & E 104 St,7436,Pleasant Ave & E 116 St,7450,40.7892105,-73.94370784,40.7949879,-73.9333349,member
2323275,07EBFB542A4BF74B,classic_bike,2021-07-20 18:34:01,2021-07-20 18:44:17,2 Ave & E 104 St,7436,Lenox Ave & W 117 St,7655,40.7892105,-73.94370784,40.8025566,-73.9490782,member
2323279,9F641DF7F8D5B3E3,electric_bike,2021-07-30 22:56:02,2021-07-30 23:05:22,2 Ave & E 104 St,7436,Adam Clayton Powell Blvd & W 126 St,7738,40.7892105,-73.94370784,40.80949534777948,-73.94776493310928,casual
2323280,295C8DC1619D7811,electric_bike,2021-07-02 12:21:58,2021-07-02 12:33:06,2 Ave & E 104 St,7436,Lenox Ave & W 117 St,7655,40.7892105,-73.94370784,40.8025566,-73.9490782,casual
2323284,BAB0095EEBD32FCA,classic_bike,2021-07-05 09:16:35,2021-07-05 09:21:57,2 Ave & E 104 St,7436,Pleasant Ave & E 116 St,7450,40.7892105,-73.94370784,40.7949879,-73.9333349,member
2323289,95861953CD720480,classic_bike,2021-07-18 19:49:04,2021-07-18 20:05:53,2 Ave & E 104 St,7436,Adam Clayton Powell Blvd & W 126 St,7738,40.7892105,-73.94370784,40.80949534777948,-73.94776493310928,casual
2323290,C206AF9DF9357DEB,electric_bike,2021-07-06 16:10:09,2021-07-06 16:19:52,2 Ave & E 104 St,7436,Pleasant Ave & E 116 St,7450,40.7892105,-73.94370784,40.7949879,-73.9333349,member
2323291,392FD5E6C12F2DC8,classic_bike,2021-07-20 16:37:36,2021-07-20 16:43:16,2 Ave & E 104 St,7436,Pleasant Ave & E 116 St,7450,40.7892105,-73.94370784,40.7949879,-73.9333349,member
2323292,F8D41A7EA9100E4E,classic_bike,2021-07-18 14:56:08,2021-07-18 15:03:49,2 Ave & E 104 St,7436,Pleasant Ave & E 116 St,7450,40.7892105,-73.94370784,40.7949879,-73.9333349,member
2323854,6F92D328B8AB593E,electric_bike,2021-07-21 23:13:13,2021-07-21 23:18:43,2 Ave & E 104 St,7436,Pleasant Ave & E 116 St,7450,40.7892105,-73.94370784,40.7949879,-73.9333349,member
2323855,126C580C41D16C33,classic_bike,2021-07-02 16:01:47,2021-07-02 16:11:47,2 Ave & E 104 St,7436,Pleasant Ave & E 116 St,7450,40.7892105,-73.94370784,40.7949879,-73.9333349,casual
2323857,5FE0B7081CA4B395,classic_bike,2021-07-30 07:00:31,2021-07-30 07:06:36,2 Ave & E 104 St,7436,Pleasant Ave & E 116 St,7450,40.7892105,-73.94370784,40.7949879,-73.9333349,casual
2323858,40A1180073960594,electric_bike,2021-07-29 20:30:59,2021-07-29 20:42:19,2 Ave & E 104 St,7436,Adam Clayton Powell Blvd & W 126 St,7738,40.7892105,-73.94370784,40.80949534777948,-73.94776493310928,casual
2323864,C514324E8A6B1FF8,classic_bike,2021-07-23 16:46:40,2021-07-23 16:53:19,2 Ave & E 104 St,7436,Pleasant Ave & E 116 St,7450,40.7892105,-73.94370784,40.7949879,-73.9333349,member
2323865,4163A75F5C38E24D,classic_bike,2021-07-30 14:25:25,2021-07-30 14:32:03,2 Ave & E 104 St,7436,Pleasant Ave & E 116 St,7450,40.7892105,-73.94370784,40.7949879,-73.9333349,member
2325312,BA51797D0BA6895C,electric_bike,2021-07-29 20:44:27,2021-07-29 20:55:58,2 Ave & E 104 St,7436,Adam Clayton Powell Blvd & W 126 St,7738,40.7892105,-73.94370784,40.80949534777948,-73.94776493310928,casual
2325313,1A3450B6FD874E8A,classic_bike,2021-07-24 10:26:09,2021-07-24 10:34:10,2 Ave & E 104 St,7436,Pleasant Ave & E 116 St,7450,40.7892105,-73.94370784,40.7949879,-73.9333349,casual
2325316,9A14BE42ACF0A895,classic_bike,2021-07-07 14:31:56,2021-07-07 14:41:48,2 Ave & E 104 St,7436,Lenox Ave & W 117 St,7655,40.7892105,-73.94370784,40.8025566,-73.9490782,casual
2325320,A640BE9F1ED62DC7,electric_bike,2021-07-17 18:29:13,2021-07-17 19:01:29,2 Ave & E 104 St,7436,Adam Clayton Powell Blvd & W 126 St,7738,40.7892105,-73.94370784,40.80949534777948,-73.94776493310928,casual
2325321,62E82AFE192F9147,classic_bike,2021-07-28 17:09:57,2021-07-28 17:17:37,2 Ave & E 104 St,7436,Pleasant Ave & E 116 St,7450,40.7892105,-73.94370784,40.7949879,-73.9333349,casual
2325322,E61F51A8353BFED0,classic_bike,2021-07-22 13:07:05,2021-07-22 13:16:14,2 Ave & E 104 St,7436,Lenox Ave & W 117 St,7655,40.7892105,-73.94370784,40.8025566,-73.9490782,member
2325323,D16834E20706100D,electric_bike,2021-07-10 15:26:44,2021-07-10 15:31:19,2 Ave & E 104 St,7436,Pleasant Ave & E 116 St,7450,40.7892105,-73.94370784,40.7949879,-73.9333349,member
2325324,7C177BA6779A25B7,classic_bike,2021-07-19 18:10:46,2021-07-19 18:17:38,2 Ave & E 104 St,7436,Pleasant Ave & E 116 St,7450,40.7892105,-73.94370784,40.7949879,-73.9333349,member
2325325,5DB855FB320F2FA9,classic_bike,2021-07-19 23:26:30,2021-07-19 23:38:11,2 Ave & E 104 St,7436,Pleasant Ave & E 116 St,7450,40.7892105,-73.94370784,40.7949879,-73.9333349,member
2325326,E70AF27B15D3E460,classic_bike,2021-07-24 07:46:46,2021-07-24 07:53:43,2 Ave & E 104 St,7436,Pleasant Ave & E 116 St,7450,40.7892105,-73.94370784,40.7949879,-73.9333349,member
2325327,F89B5BFCA60DDC4F,classic_bike,2021-07-02 08:14:04,2021-07-02 08:20:53,2 Ave & E 104 St,7436,Pleasant Ave & E 116 St,7450,40.7892105,-73.94370784,40.7949879,-73.9333349,member
2325328,4B4148401C3B807C,classic_bike,2021-07-01 11:08:22,2021-07-01 11:15:43,2 Ave & E 104 St,7436,Pleasant Ave & E 116 St,7450,40.7892105,-73.94370784,40.7949879,-73.9333349,member
2326190,EEB074BE5AB659AD,classic_bike,2021-07-18 10:08:45,2021-07-18 10:19:07,2 Ave & E 104 St,7436,Lenox Ave & W 117 St,7655,40.7892105,-73.94370784,40.8025566,-73.9490782,member
2326216,A5292E34A5868A91,classic_bike,2021-07-15 05:30:32,2021-07-15 05:45:49,2 Ave & E 104 St,7436,Adam Clayton Powell Blvd & W 126 St,7738,40.7892105,-73.94370784,40.80949534777948,-73.94776493310928,member
2326217,F07C71CA72CBA24E,classic_bike,2021-07-27 17:44:21,2021-07-27 17:55:52,2 Ave & E 104 St,7436,Adam Clayton Powell Blvd & W 126 St,7738,40.7892105,-73.94370784,40.80949534777948,-73.94776493310928,member
2333604,8A48233FB74F157A,classic_bike,2021-07-03 16:49:04,2021-07-03 16:59:17,2 Ave & E 104 St,7436,Pleasant Ave & E 116 St,7450,40.7892105,-73.94370784,40.7949879,-73.9333349,member
2333605,8AFB62E09B9DB786,classic_bike,2021-07-30 18:46:33,2021-07-30 19:18:17,2 Ave & E 104 St,7436,Pleasant Ave & E 116 St,7450,40.7892105,-73.94370784,40.7949879,-73.9333349,member
2333606,8325ACB0ADBB3D4B,classic_bike,2021-07-22 17:05:08,2021-07-22 17:38:26,2 Ave & E 104 St,7436,Pleasant Ave & E 116 St,7450,40.7892105,-73.94370784,40.7949879,-73.9333349,member
2333631,6C47D8C43E7BBD10,electric_bike,2021-07-15 21:21:16,2021-07-15 21:24:52,2 Ave & E 104 St,7436,Pleasant Ave & E 116 St,7450,40.7892105,-73.94370784,40.7949879,-73.9333349,member
2333633,2BD7E812D6E5DA7A,classic_bike,2021-07-30 20:40:21,2021-07-30 20:47:05,2 Ave & E 104 St,7436,Pleasant Ave & E 116 St,7450,40.7892105,-73.94370784,40.7949879,-73.9333349,member
2335353,6EE56E53E9F4CB01,classic_bike,2021-07-24 15:19:39,2021-07-24 15:26:33,2 Ave & E 104 St,7436,Pleasant Ave & E 116 St,7450,40.7892105,-73.94370784,40.7949879,-73.9333349,member
2335354,53C1E573851EC732,classic_bike,2021-07-28 16:16:59,2021-07-28 16:23:47,2 Ave & E 104 St,7436,Pleasant Ave & E 116 St,7450,40.7892105,-73.94370784,40.7949879,-73.9333349,member
2335355,4647B6C219EBF39E,electric_bike,2021-07-23 15:02:02,2021-07-23 15:08:10,2 Ave & E 104 St,7436,Pleasant Ave & E 116 St,7450,40.7892105,-73.94370784,40.7949879,-73.9333349,member
2335356,99FB17175EED6F4B,classic_bike,2021-07-27 14:51:12,2021-07-27 14:59:01,2 Ave & E 104 St,7436,Pleasant Ave & E 116 St,7450,40.7892105,-73.94370784,40.7949879,-73.9333349,member
2335357,C90BB47877B2D63F,electric_bike,2021-07-16 12:54:47,2021-07-16 13:01:04,2 Ave & E 104 St,7436,Pleasant Ave & E 116 St,7450,40.7892105,-73.94370784,40.7949879,-73.9333349,member
2335358,698B077ED959AB0F,classic_bike,2021-07-22 14:22:17,2021-07-22 14:29:25,2 Ave & E 104 St,7436,Pleasant Ave & E 116 St,7450,40.7892105,-73.94370784,40.7949879,-73.9333349,member
2335361,B826E1883F12A7FA,classic_bike,2021-07-31 17:34:18,2021-07-31 17:40:09,2 Ave & E 104 St,7436,Pleasant Ave & E 116 St,7450,40.7892105,-73.94370784,40.7949879,-73.9333349,member
2335364,3A69B371F5DB38C6,classic_bike,2021-07-05 18:12:21,2021-07-05 18:22:55,2 Ave & E 104 St,7436,Pleasant Ave & E 116 St,7450,40.7892105,-73.94370784,40.7949879,-73.9333349,casual
2335368,3A07C62AFFAD6694,classic_bike,2021-07-20 06:50:13,2021-07-20 07:01:11,2 Ave & E 104 St,7436,Pleasant Ave & E 116 St,7450,40.7892105,-73.94370784,40.7949879,-73.9333349,casual
2335369,9FD9B32DDBA6BB73,electric_bike,2021-07-20 15:10:07,2021-07-20 15:22:44,2 Ave & E 104 St,7436,Lenox Ave & W 117 St,7655,40.7892105,-73.94370784,40.8025566,-73.9490782,casual
2335373,5C329998605E155C,electric_bike,2021-07-31 16:43:51,2021-07-31 17:25:13,2 Ave & E 104 St,7436,Pleasant Ave & E 116 St,7450,40.7892105,-73.94370784,40.7949879,-73.9333349,casual
2335405,18929D9989418099,classic_bike,2021-07-15 16:14:38,2021-07-15 16:20:52,2 Ave & E 104 St,7436,Pleasant Ave & E 116 St,7450,40.7892105,-73.94370784,40.7949879,-73.9333349,member
2335406,55F1C6A13D21A2B5,classic_bike,2021-07-18 11:51:01,2021-07-18 12:03:37,2 Ave & E 104 St,7436,Lenox Ave & W 117 St,7655,40.7892105,-73.94370784,40.8025566,-73.9490782,member
2335408,CCB4CD26D3298B7D,electric_bike,2021-07-29 22:39:47,2021-07-29 23:17:07,2 Ave & E 104 St,7436,Nagle Ave & Thayer St,8563,40.7892105,-73.94370784,40.861382,-73.925591,member
2335413,C32C5829B2C71FA3,classic_bike,2021-07-04 19:50:14,2021-07-04 19:59:08,2 Ave & E 104 St,7436,Pleasant Ave & E 116 St,7450,40.7892105,-73.94370784,40.7949879,-73.9333349,member
2335415,1DB2737D55D90BA7,electric_bike,2021-07-08 14:10:52,2021-07-08 14:15:39,2 Ave & E 104 St,7436,Pleasant Ave & E 116 St,7450,40.7892105,-73.94370784,40.7949879,-73.9333349,member
2335416,DC41E2B23C5C3617,classic_bike,2021-07-06 13:34:08,2021-07-06 13:39:16,2 Ave & E 104 St,7436,Pleasant Ave & E 116 St,7450,40.7892105,-73.94370784,40.7949879,-73.9333349,member
2335417,C5A626519AF2AA96,classic_bike,2021-07-22 15:21:35,2021-07-22 15:27:49,2 Ave & E 104 St,7436,Pleasant Ave & E 116 St,7450,40.7892105,-73.94370784,40.7949879,-73.9333349,member
2335421,FD87F0EC8327374D,classic_bike,2021-07-30 18:59:55,2021-07-30 19:05:29,2 Ave & E 104 St,7436,Pleasant Ave & E 116 St,7450,40.7892105,-73.94370784,40.7949879,-73.9333349,member
2335422,9503B0D2FD52868E,electric_bike,2021-07-09 00:20:26,2021-07-09 00:29:28,2 Ave & E 104 St,7436,Adam Clayton Powell Blvd & W 126 St,7738,40.7892105,-73.94370784,40.80949534777948,-73.94776493310928,member
2335423,492F183BF7F0A003,electric_bike,2021-07-26 00:09:36,2021-07-26 00:19:51,2 Ave & E 104 St,7436,Adam Clayton Powell Blvd & W 126 St,7738,40.7892105,-73.94370784,40.80949534777948,-73.94776493310928,member
2335425,8903FD4B70039E9D,classic_bike,2021-07-10 07:46:36,2021-07-10 07:52:24,2 Ave & E 104 St,7436,Pleasant Ave & E 116 St,7450,40.7892105,-73.94370784,40.7949879,-73.9333349,member
2335426,3A0EEC3A5FA0044C,classic_bike,2021-07-25 10:47:49,2021-07-25 10:53:21,2 Ave & E 104 St,7436,Pleasant Ave & E 116 St,7450,40.7892105,-73.94370784,40.7949879,-73.9333349,member
2335428,09ED59BA4EF46FC1,electric_bike,2021-07-05 18:43:59,2021-07-05 19:19:11,2 Ave & E 104 St,7436,Pleasant Ave & E 116 St,7450,40.7892105,-73.94370784,40.7949879,-73.9333349,casual
2335429,1A816413F87A2449,electric_bike,2021-07-05 10:49:24,2021-07-05 11:17:48,2 Ave & E 104 St,7436,Lenox Ave & W 117 St,7655,40.7892105,-73.94370784,40.8025566,-73.9490782,casual
2335430,24DEC028B7B09CCB,electric_bike,2021-07-02 15:35:31,2021-07-02 15:56:22,2 Ave & E 104 St,7436,Adam Clayton Powell Blvd & W 126 St,7738,40.7892105,-73.94370784,40.80949534777948,-73.94776493310928,casual
2335431,197441C840045638,classic_bike,2021-07-12 15:30:44,2021-07-12 16:02:15,2 Ave & E 104 St,7436,Pleasant Ave & E 116 St,7450,40.7892105,-73.94370784,40.7949879,-73.9333349,member
2335432,90BC9B63F8264CEE,classic_bike,2021-07-08 19:53:44,2021-07-08 19:59:46,2 Ave & E 104 St,7436,Pleasant Ave & E 116 St,7450,40.7892105,-73.94370784,40.7949879,-73.9333349,member
2335433,4CAC6D7A47B8979D,classic_bike,2021-07-14 20:42:49,2021-07-14 21:12:49,2 Ave & E 104 St,7436,Pleasant Ave & E 116 St,7450,40.7892105,-73.94370784,40.7949879,-73.9333349,member
2335434,BBBE8C2A5F65EE09,classic_bike,2021-07-07 14:03:08,2021-07-07 14:37:53,2 Ave & E 104 St,7436,Pleasant Ave & E 116 St,7450,40.7892105,-73.94370784,40.7949879,-73.9333349,member
2335435,74885906EB2A9DF9,classic_bike,2021-07-05 17:24:42,2021-07-05 17:55:55,2 Ave & E 104 St,7436,Pleasant Ave & E 116 St,7450,40.7892105,-73.94370784,40.7949879,-73.9333349,member
2335436,B1542554083D7382,electric_bike,2021-07-11 00:11:20,2021-07-11 00:28:04,2 Ave & E 104 St,7436,Adam Clayton Powell Blvd & W 126 St,7738,40.7892105,-73.94370784,40.80949534777948,-73.94776493310928,member
2335438,ABD1C190CCD236D4,electric_bike,2021-07-20 00:09:32,2021-07-20 00:19:22,2 Ave & E 104 St,7436,Adam Clayton Powell Blvd & W 126 St,7738,40.7892105,-73.94370784,40.80949534777948,-73.94776493310928,member
2335439,FBF91A9F359679C3,classic_bike,2021-07-20 10:52:46,2021-07-20 10:59:19,2 Ave & E 104 St,7436,Pleasant Ave & E 116 St,7450,40.7892105,-73.94370784,40.7949879,-73.9333349,member
2335441,15BA7F19188A50FB,classic_bike,2021-07-15 07:14:45,2021-07-15 07:20:18,2 Ave & E 104 St,7436,Pleasant Ave & E 116 St,7450,40.7892105,-73.94370784,40.7949879,-73.9333349,member
2335442,E0C25D9F6F914AA7,classic_bike,2021-07-19 07:07:41,2021-07-19 07:12:59,2 Ave & E 104 St,7436,Pleasant Ave & E 116 St,7450,40.7892105,-73.94370784,40.7949879,-73.9333349,member
2335444,706CE7C719BB67C7,electric_bike,2021-07-17 18:28:38,2021-07-17 19:00:48,2 Ave & E 104 St,7436,Adam Clayton Powell Blvd & W 126 St,7738,40.7892105,-73.94370784,40.80949534777948,-73.94776493310928,casual
2335445,53981E938702B7A2,classic_bike,2021-07-11 08:31:56,2021-07-11 08:39:24,2 Ave & E 104 St,7436,Lenox Ave & W 117 St,7655,40.7892105,-73.94370784,40.8025566,-73.9490782,member
2335446,319688899777199D,electric_bike,2021-07-19 17:44:17,2021-07-19 17:58:49,2 Ave & E 104 St,7436,5 Ave & E 63 St,6904,40.7892105,-73.94370784,40.766368,-73.971518,member
2335448,7DC9DC15EA0A54CD,classic_bike,2021-07-27 21:21:00,2021-07-27 21:55:07,2 Ave & E 104 St,7436,Pleasant Ave & E 116 St,7450,40.7892105,-73.94370784,40.7949879,-73.9333349,member
2335458,654AC1AFC8540A86,classic_bike,2021-07-25 09:39:51,2021-07-25 09:48:10,2 Ave & E 104 St,7436,Lenox Ave & W 117 St,7655,40.7892105,-73.94370784,40.8025566,-73.9490782,member
2335465,0A45BEF8D0B01D3E,electric_bike,2021-07-05 16:33:50,2021-07-05 16:45:41,2 Ave & E 104 St,7436,Pleasant Ave & E 116 St,7450,40.7892105,-73.94370784,40.7949879,-73.9333349,member
2362450,5464F27D4F47FCEF,classic_bike,2021-07-31 14:15:38,2021-07-31 14:42:32,2 Ave & E 104 St,7436,FDR Drive & E 35 St,6230,40.7892105,-73.94370784,40.744219,-73.97121214,member
2362451,D52AEE94A549E286,electric_bike,2021-07-26 05:23:19,2021-07-26 05:39:27,2 Ave & E 104 St,7436,FDR Drive & E 35 St,6230,40.7892105,-73.94370784,40.744219,-73.97121214,member
2363315,64BFE337614312B5,classic_bike,2021-07-27 15:02:05,2021-07-27 15:16:41,2 Ave & E 104 St,7436,E 98 St & Park Ave,7443,40.7892105,-73.94370784,40.78813,-73.95206,casual
2363342,AB29856BF783196F,classic_bike,2021-07-21 13:10:09,2021-07-21 13:15:56,2 Ave & E 104 St,7436,E 98 St & Park Ave,7443,40.7892105,-73.94370784,40.78813,-73.95206,member
2363358,A5930253B55E281D,classic_bike,2021-07-06 11:11:06,2021-07-06 11:43:31,2 Ave & E 104 St,7436,E 40 St & 5 Ave,6474,40.7892105,-73.94370784,40.752062307,-73.9816324043,member
2363360,6BDDF3A5A384FD1A,classic_bike,2021-07-25 09:53:46,2021-07-25 10:11:50,2 Ave & E 104 St,7436,FDR Drive & E 35 St,6230,40.7892105,-73.94370784,40.744219,-73.97121214,member
2363364,F5E06272C456372C,classic_bike,2021-07-09 14:23:54,2021-07-09 14:28:51,2 Ave & E 104 St,7436,E 98 St & Park Ave,7443,40.7892105,-73.94370784,40.78813,-73.95206,casual
2363369,72C9EACC301A8D32,classic_bike,2021-07-09 20:04:55,2021-07-09 20:13:12,2 Ave & E 104 St,7436,E 98 St & Park Ave,7443,40.7892105,-73.94370784,40.78813,-73.95206,member
2363371,6EA713759C18BC4A,electric_bike,2021-07-13 08:49:45,2021-07-13 08:54:25,2 Ave & E 104 St,7436,E 98 St & Park Ave,7443,40.7892105,-73.94370784,40.78813,-73.95206,casual
2363372,91AAF184E4D5ED06,classic_bike,2021-07-11 18:46:03,2021-07-11 18:52:04,2 Ave & E 104 St,7436,E 98 St & Park Ave,7443,40.7892105,-73.94370784,40.78813,-73.95206,member
2363403,641406E43EFBF151,classic_bike,2021-07-11 18:46:21,2021-07-11 18:52:44,2 Ave & E 104 St,7436,E 98 St & Park Ave,7443,40.7892105,-73.94370784,40.78813,-73.95206,casual
2364976,0A22BF2A2658126A,electric_bike,2021-07-28 20:07:28,2021-07-28 20:11:32,2 Ave & E 104 St,7436,E 98 St & Park Ave,7443,40.7892105,-73.94370784,40.78813,-73.95206,member
2380764,AA46B7B5D2BDDB6E,classic_bike,2021-07-22 16:10:19,2021-07-22 17:08:55,2 Ave & E 104 St,7436,W 171 St & St. Nicholas Ave,8262,40.7892105,-73.94370784,40.842941,-73.938631,member
2380838,044DF8C14D48AEEF,classic_bike,2021-07-23 15:54:48,2021-07-23 16:41:45,2 Ave & E 104 St,7436,W 171 St & St. Nicholas Ave,8262,40.7892105,-73.94370784,40.842941,-73.938631,member
2410125,0DE13B3C557B7AFC,electric_bike,2021-07-21 07:50:41,2021-07-21 07:57:41,2 Ave & E 104 St,7436,2 Ave & E 122 St,7622,40.7892105,-73.94370784,40.8006721,-73.9349,member
2410507,256139DB319CD485,classic_bike,2021-07-30 17:41:47,2021-07-30 17:50:39,2 Ave & E 104 St,7436,E 81 St & 2 Ave,7121,40.7892105,-73.94370784,40.77477944895728,-73.95427465438843,member
2410516,2BE63A5EFB95C261,classic_bike,2021-07-24 23:01:28,2021-07-24 23:09:55,2 Ave & E 104 St,7436,2 Ave & E 122 St,7622,40.7892105,-73.94370784,40.8006721,-73.9349,casual
2410518,E4A60DC870C8FC8F,electric_bike,2021-07-30 13:33:52,2021-07-30 13:40:27,2 Ave & E 104 St,7436,2 Ave & E 122 St,7622,40.7892105,-73.94370784,40.8006721,-73.9349,casual
2410736,78D2FED045510E87,classic_bike,2021-07-27 17:13:33,2021-07-27 17:33:49,2 Ave & E 104 St,7436,E 114 St & 1 Ave,7540,40.7892105,-73.94370784,40.7945663,-73.9362541,member
2410751,B94EDEC379AC4BCF,classic_bike,2021-07-18 13:58:14,2021-07-18 14:08:22,2 Ave & E 104 St,7436,E 81 St & 2 Ave,7121,40.7892105,-73.94370784,40.77477944895728,-73.95427465438843,member
2410754,CDECECAAFE5F4475,classic_bike,2021-07-24 13:58:36,2021-07-24 14:09:03,2 Ave & E 104 St,7436,2 Ave & E 122 St,7622,40.7892105,-73.94370784,40.8006721,-73.9349,member
2410779,EEADC8D7F6D6125F,electric_bike,2021-07-30 16:59:34,2021-07-30 17:05:20,2 Ave & E 104 St,7436,2 Ave & E 122 St,7622,40.7892105,-73.94370784,40.8006721,-73.9349,member
2410810,B77691ED555D05BF,classic_bike,2021-07-05 16:59:57,2021-07-05 17:08:11,2 Ave & E 104 St,7436,E 81 St & 2 Ave,7121,40.7892105,-73.94370784,40.77477944895728,-73.95427465438843,casual
2410817,48F9223FBB48A338,classic_bike,2021-07-11 14:37:31,2021-07-11 14:48:52,2 Ave & E 104 St,7436,E 81 St & 2 Ave,7121,40.7892105,-73.94370784,40.77477944895728,-73.95427465438843,member
2410836,49D4289B32A944F8,classic_bike,2021-07-28 07:51:32,2021-07-28 08:01:08,2 Ave & E 104 St,7436,2 Ave & E 122 St,7622,40.7892105,-73.94370784,40.8006721,-73.9349,member
2410837,7266332283E851F8,classic_bike,2021-07-27 07:59:14,2021-07-27 08:07:20,2 Ave & E 104 St,7436,2 Ave & E 122 St,7622,40.7892105,-73.94370784,40.8006721,-73.9349,member
2410838,B5118AC773A8D494,classic_bike,2021-07-26 07:52:38,2021-07-26 08:01:55,2 Ave & E 104 St,7436,2 Ave & E 122 St,7622,40.7892105,-73.94370784,40.8006721,-73.9349,member
2410840,BFE682BC6EA39047,classic_bike,2021-07-20 17:11:11,2021-07-20 17:17:03,2 Ave & E 104 St,7436,E 114 St & 1 Ave,7540,40.7892105,-73.94370784,40.7945663,-73.9362541,casual
2410851,962DA8F2F1C9632B,classic_bike,2021-07-24 22:57:03,2021-07-24 23:11:54,2 Ave & E 104 St,7436,2 Ave & E 122 St,7622,40.7892105,-73.94370784,40.8006721,-73.9349,casual
2410857,ACF3226684CCB7ED,classic_bike,2021-07-12 13:38:58,2021-07-12 13:44:25,2 Ave & E 104 St,7436,E 114 St & 1 Ave,7540,40.7892105,-73.94370784,40.7945663,-73.9362541,casual
2410859,7E1F4FC3B011E240,electric_bike,2021-07-28 16:11:18,2021-07-28 16:18:35,2 Ave & E 104 St,7436,E 81 St & 2 Ave,7121,40.7892105,-73.94370784,40.77477944895728,-73.95427465438843,casual
2415228,A8845035BD5D3CCA,electric_bike,2021-07-27 18:10:05,2021-07-27 18:20:52,2 Ave & E 104 St,7436,2 Ave & E 122 St,7622,40.7892105,-73.94370784,40.8006721,-73.9349,member
2415239,2C5B3161B49D9ABE,classic_bike,2021-07-13 17:46:29,2021-07-13 17:56:10,2 Ave & E 104 St,7436,E 81 St & 2 Ave,7121,40.7892105,-73.94370784,40.77477944895728,-73.95427465438843,member
2415240,A7EB5A0A31A99235,classic_bike,2021-07-27 17:50:04,2021-07-27 18:00:30,2 Ave & E 104 St,7436,E 81 St & 2 Ave,7121,40.7892105,-73.94370784,40.77477944895728,-73.95427465438843,member
2415241,E499136007E073AF,classic_bike,2021-07-23 17:30:06,2021-07-23 17:39:33,2 Ave & E 104 St,7436,E 81 St & 2 Ave,7121,40.7892105,-73.94370784,40.77477944895728,-73.95427465438843,member
2415261,89207308A30DA571,electric_bike,2021-07-20 18:34:26,2021-07-20 19:50:49,2 Ave & E 104 St,7436,E 114 St & 1 Ave,7540,40.7892105,-73.94370784,40.7945663,-73.9362541,member
2430868,711C018E30D55CAD,classic_bike,2021-07-24 14:00:50,2021-07-24 14:11:58,2 Ave & E 104 St,7436,2 Ave & E 122 St,7622,40.7892105,-73.94370784,40.8006721,-73.9349,member
2430870,A297104E3077E141,classic_bike,2021-07-17 12:07:45,2021-07-17 12:11:57,2 Ave & E 104 St,7436,E 114 St & 1 Ave,7540,40.7892105,-73.94370784,40.7945663,-73.9362541,member
2432219,8BD5F5BE5E679EEE,classic_bike,2021-07-08 17:41:43,2021-07-08 17:59:04,2 Ave & E 104 St,7436,E 81 St & 2 Ave,7121,40.7892105,-73.94370784,40.77477944895728,-73.95427465438843,member
2432237,251DB1757E39332F,classic_bike,2021-07-24 22:55:29,2021-07-24 23:11:10,2 Ave & E 104 St,7436,2 Ave & E 122 St,7622,40.7892105,-73.94370784,40.8006721,-73.9349,casual
2432246,4A51D3DDC6943A13,classic_bike,2021-07-21 22:36:59,2021-07-21 22:44:29,2 Ave & E 104 St,7436,E 114 St & 1 Ave,7540,40.7892105,-73.94370784,40.7945663,-73.9362541,casual
2432263,05394172A7F6E690,classic_bike,2021-07-15 14:16:09,2021-07-15 14:38:12,2 Ave & E 104 St,7436,E 81 St & 2 Ave,7121,40.7892105,-73.94370784,40.77477944895728,-73.95427465438843,member
2432269,00B31625664FABDC,classic_bike,2021-07-29 07:48:16,2021-07-29 07:57:46,2 Ave & E 104 St,7436,2 Ave & E 122 St,7622,40.7892105,-73.94370784,40.8006721,-73.9349,member
2432288,C9E3DF17EC09D30A,classic_bike,2021-07-20 17:40:05,2021-07-20 17:49:40,2 Ave & E 104 St,7436,E 81 St & 2 Ave,7121,40.7892105,-73.94370784,40.77477944895728,-73.95427465438843,member
2432289,02C456DC5D487551,classic_bike,2021-07-09 17:39:26,2021-07-09 17:49:55,2 Ave & E 104 St,7436,E 81 St & 2 Ave,7121,40.7892105,-73.94370784,40.77477944895728,-73.95427465438843,member
2432290,0701B2EC950303ED,classic_bike,2021-07-16 17:43:28,2021-07-16 17:53:11,2 Ave & E 104 St,7436,E 81 St & 2 Ave,7121,40.7892105,-73.94370784,40.77477944895728,-73.95427465438843,member
2432291,2FF9FE0A6B9BFA9E,classic_bike,2021-07-28 14:32:08,2021-07-28 14:39:01,2 Ave & E 104 St,7436,E 114 St & 1 Ave,7540,40.7892105,-73.94370784,40.7945663,-73.9362541,member
2432301,626EF56DCF663888,classic_bike,2021-07-14 15:10:05,2021-07-14 15:19:00,2 Ave & E 104 St,7436,E 114 St & 1 Ave,7540,40.7892105,-73.94370784,40.7945663,-73.9362541,member
2432322,E57BAF1BA05801F3,classic_bike,2021-07-09 14:09:07,2021-07-09 14:18:40,2 Ave & E 104 St,7436,E 81 St & 2 Ave,7121,40.7892105,-73.94370784,40.77477944895728,-73.95427465438843,member
2432327,428174BA847B7D38,classic_bike,2021-07-07 20:41:31,2021-07-07 20:51:09,2 Ave & E 104 St,7436,E 114 St & 1 Ave,7540,40.7892105,-73.94370784,40.7945663,-73.9362541,member
2432328,D84371B0B1DB1353,classic_bike,2021-07-11 14:38:02,2021-07-11 14:48:52,2 Ave & E 104 St,7436,E 81 St & 2 Ave,7121,40.7892105,-73.94370784,40.77477944895728,-73.95427465438843,member
2432337,7C28133244FA46EF,classic_bike,2021-07-15 20:43:30,2021-07-15 20:50:59,2 Ave & E 104 St,7436,E 114 St & 1 Ave,7540,40.7892105,-73.94370784,40.7945663,-73.9362541,member
2432349,0A7D3DEA641EE344,classic_bike,2021-07-14 16:54:00,2021-07-14 17:03:37,2 Ave & E 104 St,7436,2 Ave & E 122 St,7622,40.7892105,-73.94370784,40.8006721,-73.9349,member
2432362,74E084C5298F44D5,electric_bike,2021-07-28 07:26:21,2021-07-28 07:33:28,2 Ave & E 104 St,7436,E 81 St & 2 Ave,7121,40.7892105,-73.94370784,40.77477944895728,-73.95427465438843,casual
2432384,B80B591362B93971,electric_bike,2021-07-03 21:00:42,2021-07-03 21:38:33,2 Ave & E 104 St,7436,E 81 St & 2 Ave,7121,40.7892105,-73.94370784,40.77477944895728,-73.95427465438843,member
2432401,CA4DEBAA4024BA51,classic_bike,2021-07-06 08:23:41,2021-07-06 08:29:46,2 Ave & E 104 St,7436,E 114 St & 1 Ave,7540,40.7892105,-73.94370784,40.7945663,-73.9362541,member
2432402,A3A339DFCC30EC13,classic_bike,2021-07-21 22:34:48,2021-07-21 22:44:31,2 Ave & E 104 St,7436,E 114 St & 1 Ave,7540,40.7892105,-73.94370784,40.7945663,-73.9362541,member
2432403,3B2206BC709FD994,classic_bike,2021-07-30 17:21:49,2021-07-30 17:40:17,2 Ave & E 104 St,7436,E 114 St & 1 Ave,7540,40.7892105,-73.94370784,40.7945663,-73.9362541,member
2432407,6E3EC6F099F4DB49,classic_bike,2021-07-07 11:54:45,2021-07-07 12:01:22,2 Ave & E 104 St,7436,2 Ave & E 122 St,7622,40.7892105,-73.94370784,40.8006721,-73.9349,member
2432426,78F72DAC4DDF6F6F,classic_bike,2021-07-23 07:55:36,2021-07-23 08:04:45,2 Ave & E 104 St,7436,2 Ave & E 122 St,7622,40.7892105,-73.94370784,40.8006721,-73.9349,member
2432427,CD34EE51334DB7AE,classic_bike,2021-07-20 07:56:26,2021-07-20 08:05:43,2 Ave & E 104 St,7436,2 Ave & E 122 St,7622,40.7892105,-73.94370784,40.8006721,-73.9349,member
2432429,525EC2F4C86D70F5,classic_bike,2021-07-02 12:26:37,2021-07-02 12:32:17,2 Ave & E 104 St,7436,E 114 St & 1 Ave,7540,40.7892105,-73.94370784,40.7945663,-73.9362541,member
2432438,D46F7321883DC20A,classic_bike,2021-07-11 14:19:30,2021-07-11 14:28:59,2 Ave & E 104 St,7436,E 81 St & 2 Ave,7121,40.7892105,-73.94370784,40.77477944895728,-73.95427465438843,casual
2432454,F1DDBFB93BB9A034,electric_bike,2021-07-20 15:10:12,2021-07-20 15:14:48,2 Ave & E 104 St,7436,E 114 St & 1 Ave,7540,40.7892105,-73.94370784,40.7945663,-73.9362541,casual
2432458,B095CD09BDD095BD,classic_bike,2021-07-13 18:23:49,2021-07-13 18:58:40,2 Ave & E 104 St,7436,E 114 St & 1 Ave,7540,40.7892105,-73.94370784,40.7945663,-73.9362541,member
2432460,4880A14759B06A98,classic_bike,2021-07-01 19:58:17,2021-07-01 20:03:28,2 Ave & E 104 St,7436,E 114 St & 1 Ave,7540,40.7892105,-73.94370784,40.7945663,-73.9362541,member
2432475,2B4A7ED3B14DD419,classic_bike,2021-07-08 07:43:51,2021-07-08 07:52:54,2 Ave & E 104 St,7436,E 81 St & 2 Ave,7121,40.7892105,-73.94370784,40.77477944895728,-73.95427465438843,casual
2432477,5E8BC3A54E78BFBF,classic_bike,2021-07-15 14:29:34,2021-07-15 14:42:20,2 Ave & E 104 St,7436,2 Ave & E 122 St,7622,40.7892105,-73.94370784,40.8006721,-73.9349,casual
2432493,93ECD0830FFE6B25,classic_bike,2021-07-10 08:32:01,2021-07-10 08:37:44,2 Ave & E 104 St,7436,E 114 St & 1 Ave,7540,40.7892105,-73.94370784,40.7945663,-73.9362541,member
2432494,047B0AFE24B0ECEA,classic_bike,2021-07-16 14:14:33,2021-07-16 14:23:09,2 Ave & E 104 St,7436,E 114 St & 1 Ave,7540,40.7892105,-73.94370784,40.7945663,-73.9362541,member
2432497,BC281B8EA824685E,classic_bike,2021-07-07 07:49:20,2021-07-07 07:57:40,2 Ave & E 104 St,7436,E 81 St & 2 Ave,7121,40.7892105,-73.94370784,40.77477944895728,-73.95427465438843,casual
2432504,3DFCD8699AD146C8,electric_bike,2021-07-21 22:53:47,2021-07-21 22:58:53,2 Ave & E 104 St,7436,2 Ave & E 122 St,7622,40.7892105,-73.94370784,40.8006721,-73.9349,casual
2432509,D9885E622E2998F7,classic_bike,2021-07-12 18:20:28,2021-07-12 18:47:31,2 Ave & E 104 St,7436,E 39 St & Lexington Ave,6389,40.7892105,-73.94370784,40.7494985460252,-73.97729203113158,casual
2446384,D0A218ADE9590F43,classic_bike,2021-07-30 16:05:30,2021-07-30 16:30:34,2 Ave & E 104 St,7436,St Nicholas Ave & W 134 St,7837,40.7892105,-73.94370784,40.816234,-73.948222,member
2446412,5DCABE0907E3D927,electric_bike,2021-07-02 18:20:17,2021-07-02 18:51:15,2 Ave & E 104 St,7436,St Nicholas Ave & W 134 St,7837,40.7892105,-73.94370784,40.816234,-73.948222,casual
2455195,A04AF955D6D4073E,electric_bike,2021-07-30 18:13:18,2021-07-30 18:29:22,2 Ave & E 104 St,7436,Riverside Dr & W 104 St,7623,40.7892105,-73.94370784,40.8013434,-73.9711457439,member
2467683,5DC92A640A7DF0B5,electric_bike,2021-07-10 15:30:36,2021-07-10 15:39:03,2 Ave & E 104 St,7436,E 81 St & 3 Ave,7154,40.7892105,-73.94370784,40.77573034,-73.9567526,casual
2468043,9DB5E01E7CAB5C8D,electric_bike,2021-07-24 13:55:38,2021-07-24 14:03:07,2 Ave & E 104 St,7436,E 81 St & 3 Ave,7154,40.7892105,-73.94370784,40.77573034,-73.9567526,member
2468044,9C6207C59682BEFA,electric_bike,2021-07-21 08:51:52,2021-07-21 08:59:40,2 Ave & E 104 St,7436,E 81 St & 3 Ave,7154,40.7892105,-73.94370784,40.77573034,-73.9567526,member
2468259,71FF6BEC0A9F6272,classic_bike,2021-07-10 19:51:00,2021-07-10 19:58:09,2 Ave & E 104 St,7436,E 81 St & 3 Ave,7154,40.7892105,-73.94370784,40.77573034,-73.9567526,member
2477149,967D04037FD483FB,electric_bike,2021-07-16 08:50:49,2021-07-16 09:01:20,2 Ave & E 104 St,7436,Madison Ave & E 120 St,7667,40.7892105,-73.94370784,40.80295,-73.942954,member
2477150,03981F077E9E83CF,electric_bike,2021-07-15 08:27:04,2021-07-15 08:36:53,2 Ave & E 104 St,7436,Madison Ave & E 120 St,7667,40.7892105,-73.94370784,40.80295,-73.942954,member
2477159,6FBB89C05E57899E,classic_bike,2021-07-23 08:25:51,2021-07-23 08:39:39,2 Ave & E 104 St,7436,Madison Ave & E 120 St,7667,40.7892105,-73.94370784,40.80295,-73.942954,member
2477196,4053817C289A7EA6,classic_bike,2021-07-28 10:01:27,2021-07-28 10:28:46,2 Ave & E 104 St,7436,E 7 St & Avenue A,5626,40.7892105,-73.94370784,40.72621788,-73.98379855,member
2477211,6A2682A8DD717DD4,classic_bike,2021-07-12 08:52:42,2021-07-12 09:00:36,2 Ave & E 104 St,7436,Madison Ave & E 120 St,7667,40.7892105,-73.94370784,40.80295,-73.942954,casual
2477236,66447BA6A3788D01,classic_bike,2021-07-03 19:54:38,2021-07-03 20:10:44,2 Ave & E 104 St,7436,Adam Clayton Powell Blvd & W 123 St,7704,40.7892105,-73.94370784,40.8078316,-73.949373,member
2477384,A49E5BB215DFFC68,electric_bike,2021-07-13 16:08:23,2021-07-13 16:17:09,2 Ave & E 104 St,7436,Madison Ave & E 120 St,7667,40.7892105,-73.94370784,40.80295,-73.942954,member
2493786,A8BB2067D1732D9A,classic_bike,2021-07-28 18:43:39,2021-07-28 19:20:07,2 Ave & E 104 St,7436,W 22 St & 10 Ave,6306,40.7892105,-73.94370784,40.74691959,-74.00451887,member
2493793,44219E6E1BDEF0D6,electric_bike,2021-07-20 20:04:58,2021-07-20 20:34:56,2 Ave & E 104 St,7436,Washington Pl & Broadway,5755,40.7892105,-73.94370784,40.72903917,-73.99404649,casual
2493807,93F8F2DE41157AC6,electric_bike,2021-07-19 17:51:37,2021-07-19 17:59:47,2 Ave & E 104 St,7436,East End Ave & E 86 St,7113,40.7892105,-73.94370784,40.77518615,-73.94446054,casual
2494500,EECF6A5A5C69CA71,classic_bike,2021-07-21 18:38:44,2021-07-21 19:15:51,2 Ave & E 104 St,7436,W 22 St & 10 Ave,6306,40.7892105,-73.94370784,40.74691959,-74.00451887,member
2494668,34114D45CBF15B63,electric_bike,2021-07-24 09:58:53,2021-07-24 10:09:24,2 Ave & E 104 St,7436,East End Ave & E 86 St,7113,40.7892105,-73.94370784,40.77518615,-73.94446054,casual
2506744,E7D019DB4413F7A0,classic_bike,2021-07-27 19:50:57,2021-07-27 20:01:13,2 Ave & E 104 St,7436,E 84 St & 1 Ave,7180,40.7892105,-73.94370784,40.77565541,-73.95068615,member
2506746,F11ECB8775DC9716,classic_bike,2021-07-30 17:07:13,2021-07-30 17:14:38,2 Ave & E 104 St,7436,E 84 St & 1 Ave,7180,40.7892105,-73.94370784,40.77565541,-73.95068615,member
2506970,D43E0553F0FE6D43,classic_bike,2021-07-21 19:01:50,2021-07-21 19:13:05,2 Ave & E 104 St,7436,E 84 St & 1 Ave,7180,40.7892105,-73.94370784,40.77565541,-73.95068615,casual
2506982,AF54AFD1A1ACBAFB,electric_bike,2021-07-15 13:34:41,2021-07-15 14:03:31,2 Ave & E 104 St,7436,Boone Ave & E 172 St,8110,40.7892105,-73.94370784,40.832649,-73.885272,member
2506997,F10E3B5374097F33,electric_bike,2021-07-10 11:19:16,2021-07-10 11:26:31,2 Ave & E 104 St,7436,E 84 St & 1 Ave,7180,40.7892105,-73.94370784,40.77565541,-73.95068615,member
2507289,9650577D3EC639BC,classic_bike,2021-07-22 18:04:33,2021-07-22 18:18:11,2 Ave & E 104 St,7436,E 84 St & 1 Ave,7180,40.7892105,-73.94370784,40.77565541,-73.95068615,member
2507292,35ED7BA9AB229951,electric_bike,2021-07-22 18:10:29,2021-07-22 18:18:10,2 Ave & E 104 St,7436,E 84 St & 1 Ave,7180,40.7892105,-73.94370784,40.77565541,-73.95068615,casual
2507309,3171E28A1B366451,classic_bike,2021-07-28 16:39:23,2021-07-28 16:52:52,2 Ave & E 104 St,7436,Willis Ave & E 137 St,7726,40.7892105,-73.94370784,40.808384,-73.923604,member
2514092,F01D5BD3EAE0E2AD,classic_bike,2021-07-18 18:24:26,2021-07-18 18:48:37,2 Ave & E 104 St,7436,E 78 St & 2 Ave,7057,40.7892105,-73.94370784,40.7727966,-73.95577801,member
2514094,DE666E5B054AC086,electric_bike,2021-07-13 14:00:16,2021-07-13 14:15:38,2 Ave & E 104 St,7436,W 100 St & Manhattan Ave,7538,40.7892105,-73.94370784,40.795,-73.9645,member
2514154,864C01DE3D423DBB,classic_bike,2021-07-09 13:27:39,2021-07-09 13:39:52,2 Ave & E 104 St,7436,E 78 St & 2 Ave,7057,40.7892105,-73.94370784,40.7727966,-73.95577801,casual
2514158,B401143186B8E2CF,electric_bike,2021-07-23 19:13:36,2021-07-23 19:46:59,2 Ave & E 104 St,7436,Southern Blvd & E 172 St,8129,40.7892105,-73.94370784,40.834124,-73.88955,casual
2514257,7244F8F1514269D7,electric_bike,2021-07-03 15:19:30,2021-07-03 15:37:08,2 Ave & E 104 St,7436,W 100 St & Manhattan Ave,7538,40.7892105,-73.94370784,40.795,-73.9645,member
2514262,E63EAFF7255991F4,electric_bike,2021-07-09 14:18:35,2021-07-09 14:35:18,2 Ave & E 104 St,7436,Columbus Ave & W 72 St,7175,40.7892105,-73.94370784,40.7770575,-73.97898475,member
2514264,74FBC87EA91B9312,classic_bike,2021-07-18 16:58:11,2021-07-18 17:09:48,2 Ave & E 104 St,7436,W 100 St & Manhattan Ave,7538,40.7892105,-73.94370784,40.795,-73.9645,member
2514265,E8514346076C7244,electric_bike,2021-07-31 23:59:41,2021-08-01 00:08:10,2 Ave & E 104 St,7436,W 100 St & Manhattan Ave,7538,40.7892105,-73.94370784,40.795,-73.9645,member
2514266,3478A0F2A5BEB342,classic_bike,2021-07-24 21:28:31,2021-07-24 21:54:13,2 Ave & E 104 St,7436,Columbus Ave & W 72 St,7175,40.7892105,-73.94370784,40.7770575,-73.97898475,member
2514272,B48AB10966A0B8A4,classic_bike,2021-07-27 16:29:25,2021-07-27 16:42:26,2 Ave & E 104 St,7436,W 100 St & Manhattan Ave,7538,40.7892105,-73.94370784,40.795,-73.9645,member
2514278,6B2E09805C88ED26,classic_bike,2021-07-22 19:26:40,2021-07-22 19:37:23,2 Ave & E 104 St,7436,W 100 St & Manhattan Ave,7538,40.7892105,-73.94370784,40.795,-73.9645,member
2514282,594D7BCDD228DCA8,classic_bike,2021-07-04 23:07:28,2021-07-04 23:19:15,2 Ave & E 104 St,7436,W 100 St & Manhattan Ave,7538,40.7892105,-73.94370784,40.795,-73.9645,member
2525268,0680FDE4368D85A0,electric_bike,2021-07-15 00:55:37,2021-07-15 01:32:53,2 Ave & E 104 St,7436,Edgecombe Ave & W 141 St,7915,40.7892105,-73.94370784,40.820681,-73.945144,member
2525286,FE51ACDB168FFEF7,electric_bike,2021-07-22 09:52:01,2021-07-22 10:11:07,2 Ave & E 104 St,7436,W 63 St & Broadway,7052,40.7892105,-73.94370784,40.77163851,-73.98261428,member
2525304,34BB07F132A1919C,classic_bike,2021-07-18 03:01:45,2021-07-18 03:21:48,2 Ave & E 104 St,7436,Edgecombe Ave & W 141 St,7915,40.7892105,-73.94370784,40.820681,-73.945144,casual
2525310,FF2F91BFE8C54D76,electric_bike,2021-07-21 17:59:19,2021-07-21 18:26:49,2 Ave & E 104 St,7436,Carmine St & 6 Ave,5763,40.7892105,-73.94370784,40.73038599,-74.00214988,member
2525425,6E9A7F1DE5C8E38E,classic_bike,2021-07-19 16:22:05,2021-07-19 16:44:06,2 Ave & E 104 St,7436,E 76 St & Park Ave,7128,40.7892105,-73.94370784,40.773763,-73.96222088,member
2525428,DB1D5DD48D0596B4,electric_bike,2021-07-24 11:44:28,2021-07-24 11:54:34,2 Ave & E 104 St,7436,W 116 St & Amsterdam Ave,7692,40.7892105,-73.94370784,40.8067581,-73.9607082,member
2525430,C85EC62FEE4C5D45,electric_bike,2021-07-06 17:48:09,2021-07-06 18:06:00,2 Ave & E 104 St,7436,W 63 St & Broadway,7052,40.7892105,-73.94370784,40.77163851,-73.98261428,member
2525550,0DC716A173540730,classic_bike,2021-07-11 20:12:41,2021-07-11 20:38:31,2 Ave & E 104 St,7436,Edgecombe Ave & W 141 St,7915,40.7892105,-73.94370784,40.820681,-73.945144,casual
2532764,AB8987055B5095BF,classic_bike,2021-07-02 14:18:20,2021-07-02 14:25:48,2 Ave & E 104 St,7436,E 118 St & 1 Ave,7596,40.7892105,-73.94370784,40.79747,-73.93504,member
2532765,BCF801F42BC11303,electric_bike,2021-07-10 23:51:37,2021-07-10 23:57:25,2 Ave & E 104 St,7436,E 118 St & 1 Ave,7596,40.7892105,-73.94370784,40.79747,-73.93504,member
2532941,E4FE3305E7A0D441,electric_bike,2021-07-14 20:26:26,2021-07-14 20:31:51,2 Ave & E 104 St,7436,E 118 St & 1 Ave,7596,40.7892105,-73.94370784,40.79747,-73.93504,member
2539478,36BEC5CCAF79DF8C,classic_bike,2021-07-22 17:33:37,2021-07-22 17:57:20,2 Ave & E 104 St,7436,Amsterdam Ave & W 79 St,7311,40.7892105,-73.94370784,40.7829391,-73.9786517,member
2539479,6ECAE75EADA5CC5E,classic_bike,2021-07-28 17:17:27,2021-07-28 17:35:17,2 Ave & E 104 St,7436,Amsterdam Ave & W 79 St,7311,40.7892105,-73.94370784,40.7829391,-73.9786517,member
2539497,02B0A9DB0A8993DD,classic_bike,2021-07-29 17:10:25,2021-07-29 17:27:09,2 Ave & E 104 St,7436,Amsterdam Ave & W 79 St,7311,40.7892105,-73.94370784,40.7829391,-73.9786517,member
2539498,3BDA65FEF3A38C79,classic_bike,2021-07-27 17:11:17,2021-07-27 17:34:57,2 Ave & E 104 St,7436,Amsterdam Ave & W 79 St,7311,40.7892105,-73.94370784,40.7829391,-73.9786517,member
2539500,D5F643F9F55F1C43,classic_bike,2021-07-30 14:22:09,2021-07-30 14:40:40,2 Ave & E 104 St,7436,Amsterdam Ave & W 79 St,7311,40.7892105,-73.94370784,40.7829391,-73.9786517,member
2539517,ABD021D521CBBD0D,classic_bike,2021-07-27 12:39:00,2021-07-27 13:16:11,2 Ave & E 104 St,7436,5 Ave & W 126 St,7701,40.7892105,-73.94370784,40.80722,-73.9418,casual
2539524,83B436076EAC31C5,electric_bike,2021-07-17 16:35:01,2021-07-17 16:55:54,2 Ave & E 104 St,7436,Central Park West & W 85 St,7354,40.7892105,-73.94370784,40.78476,-73.969862,casual
2539535,1427CA31EC076824,classic_bike,2021-07-04 21:01:50,2021-07-04 21:15:47,2 Ave & E 104 St,7436,5 Ave & W 126 St,7701,40.7892105,-73.94370784,40.80722,-73.9418,casual
2539536,B7D7A9A0F05547C4,classic_bike,2021-07-04 15:53:04,2021-07-04 16:15:32,2 Ave & E 104 St,7436,5 Ave & E 72 St,7100,40.7892105,-73.94370784,40.77282817,-73.96685276,casual
2539541,0F313D10CF08A3E5,electric_bike,2021-07-23 21:22:52,2021-07-23 21:59:09,2 Ave & E 104 St,7436,Rogers Pl & E 165 St,7987,40.7892105,-73.94370784,40.823926,-73.897366,member
2551342,661F74812532B632,classic_bike,2021-07-18 19:14:36,2021-07-18 19:44:58,2 Ave & E 104 St,7436,W 74 St & Columbus Ave,7230,40.7892105,-73.94370784,40.7785669,-73.97754961,casual
2551344,98595ABBF32D3378,classic_bike,2021-07-11 12:23:10,2021-07-11 12:49:49,2 Ave & E 104 St,7436,E 58 St & 1 Ave (NE Corner),6682,40.7892105,-73.94370784,40.75892386377695,-73.96226227283478,casual
2551346,666137BCC8DAB468,electric_bike,2021-07-22 04:40:18,2021-07-22 04:51:56,2 Ave & E 104 St,7436,1 Ave & E 68 St,6822,40.7892105,-73.94370784,40.76500525,-73.95818491,casual
2551360,F6C8E264AC5E9D7D,classic_bike,2021-07-19 12:09:59,2021-07-19 12:25:40,2 Ave & E 104 St,7436,1 Ave & E 68 St,6822,40.7892105,-73.94370784,40.76500525,-73.95818491,member
2551371,2BC468DD4DC4A0F0,electric_bike,2021-07-02 08:11:39,2021-07-02 08:21:47,2 Ave & E 104 St,7436,1 Ave & E 68 St,6822,40.7892105,-73.94370784,40.76500525,-73.95818491,member
2551375,F448AE47B30DF8D4,classic_bike,2021-07-02 13:55:41,2021-07-02 14:14:14,2 Ave & E 104 St,7436,1 Ave & E 68 St,6822,40.7892105,-73.94370784,40.76500525,-73.95818491,member
2551379,4A11D21DC1E8D488,classic_bike,2021-07-27 10:19:49,2021-07-27 10:44:14,2 Ave & E 104 St,7436,E 58 St & 1 Ave (NE Corner),6682,40.7892105,-73.94370784,40.75892386377695,-73.96226227283478,member
2551384,037CF4ED87156529,electric_bike,2021-07-23 07:16:18,2021-07-23 07:26:13,2 Ave & E 104 St,7436,1 Ave & E 68 St,6822,40.7892105,-73.94370784,40.76500525,-73.95818491,member
2551388,763023F7FD1ACB33,classic_bike,2021-07-22 18:35:26,2021-07-22 18:48:31,2 Ave & E 104 St,7436,1 Ave & E 68 St,6822,40.7892105,-73.94370784,40.76500525,-73.95818491,member
2551418,3DFDC1FBF6246D39,electric_bike,2021-07-24 09:54:47,2021-07-24 10:16:48,2 Ave & E 104 St,7436,W 74 St & Columbus Ave,7230,40.7892105,-73.94370784,40.7785669,-73.97754961,member
2560007,5023D9C88EE093A4,electric_bike,2021-07-04 20:46:59,2021-07-04 21:00:41,2 Ave & E 104 St,7436,E 63 St & 3 Ave,6830,40.7892105,-73.94370784,40.763954,-73.9646,member
2560046,5B84390B35086B4D,electric_bike,2021-07-22 13:54:09,2021-07-22 14:22:00,2 Ave & E 104 St,7436,E 58 St & 3 Ave,6762,40.7892105,-73.94370784,40.76095756,-73.96724467,member
2560092,47E2C290AB33DCDC,classic_bike,2021-07-09 13:27:25,2021-07-09 14:16:36,2 Ave & E 104 St,7436,W 15 St & 6 Ave,5989,40.7892105,-73.94370784,40.738046142482766,-73.99642959237099,casual
2560121,2267BBEB0DF8985D,classic_bike,2021-07-06 07:28:25,2021-07-06 07:49:59,2 Ave & E 104 St,7436,E 58 St & 3 Ave,6762,40.7892105,-73.94370784,40.76095756,-73.96724467,member
2560122,D3EA1D82C9392C7F,electric_bike,2021-07-19 17:10:14,2021-07-19 17:23:29,2 Ave & E 104 St,7436,E 58 St & 3 Ave,6762,40.7892105,-73.94370784,40.76095756,-73.96724467,member
2563841,095FEFC32ECC5C8C,electric_bike,2021-07-30 23:50:34,2021-07-30 23:58:41,2 Ave & E 104 St,7436,E 89 St & York Ave,7204,40.7892105,-73.94370784,40.7779453,-73.946041,member
2583552,4CFBE47CB94E1650,classic_bike,2021-07-30 09:31:10,2021-07-30 09:54:02,2 Ave & E 104 St,7436,W 55 St & 6 Ave,6809,40.7892105,-73.94370784,40.763189,-73.978434,member
2583557,15D821BBE8127B82,classic_bike,2021-07-24 13:34:54,2021-07-24 13:52:45,2 Ave & E 104 St,7436,W 55 St & 6 Ave,6809,40.7892105,-73.94370784,40.763189,-73.978434,casual
2583631,4C5F518FD58B2C99,classic_bike,2021-07-27 08:40:04,2021-07-27 08:48:57,2 Ave & E 104 St,7436,E 89 St & York Ave,7204,40.7892105,-73.94370784,40.7779453,-73.946041,casual
2583678,EDED6A2044059D7D,classic_bike,2021-07-23 11:16:39,2021-07-23 11:50:23,2 Ave & E 104 St,7436,E 51 St & 2 Ave,6575,40.7892105,-73.94370784,40.755293,-73.967641,member
2585029,A96B2B79241B752B,classic_bike,2021-07-28 14:15:20,2021-07-28 14:23:25,2 Ave & E 104 St,7436,E 89 St & York Ave,7204,40.7892105,-73.94370784,40.7779453,-73.946041,member
2585124,34D746E016F653AF,classic_bike,2021-07-13 08:46:41,2021-07-13 08:54:58,2 Ave & E 104 St,7436,E 89 St & York Ave,7204,40.7892105,-73.94370784,40.7779453,-73.946041,member
2585126,7D5D8A88C429C1BB,classic_bike,2021-07-31 17:07:41,2021-07-31 17:16:14,2 Ave & E 104 St,7436,E 89 St & York Ave,7204,40.7892105,-73.94370784,40.7779453,-73.946041,casual
2585151,B6AFB57959206A75,classic_bike,2021-07-24 17:00:09,2021-07-24 17:08:54,2 Ave & E 104 St,7436,E 89 St & York Ave,7204,40.7892105,-73.94370784,40.7779453,-73.946041,casual
2585157,61C4E7F207434B3A,classic_bike,2021-07-24 17:00:09,2021-07-24 17:08:50,2 Ave & E 104 St,7436,E 89 St & York Ave,7204,40.7892105,-73.94370784,40.7779453,-73.946041,casual
2600508,6F36469C673F508E,classic_bike,2021-07-06 14:16:50,2021-07-06 14:33:05,2 Ave & E 104 St,7436,2 Ave & E 72 St,6925,40.7892105,-73.94370784,40.7687620293096,-73.95840793848038,member
2600517,DB13579680F4CA7D,classic_bike,2021-07-23 16:04:15,2021-07-23 16:18:32,2 Ave & E 104 St,7436,2 Ave & E 72 St,6925,40.7892105,-73.94370784,40.7687620293096,-73.95840793848038,casual
2600522,3FDF1F9E91ADCDF3,classic_bike,2021-07-14 13:25:47,2021-07-14 13:39:48,2 Ave & E 104 St,7436,2 Ave & E 72 St,6925,40.7892105,-73.94370784,40.7687620293096,-73.95840793848038,casual
2600532,669153900908E6FE,electric_bike,2021-07-21 08:59:56,2021-07-21 09:13:20,2 Ave & E 104 St,7436,2 Ave & E 72 St,6925,40.7892105,-73.94370784,40.7687620293096,-73.95840793848038,casual
2600534,AD94CAB5E1BD858E,classic_bike,2021-07-22 16:13:28,2021-07-22 16:38:38,2 Ave & E 104 St,7436,2 Ave & E 72 St,6925,40.7892105,-73.94370784,40.7687620293096,-73.95840793848038,member
2600538,34F82E3103933CF8,classic_bike,2021-07-28 18:28:10,2021-07-28 18:42:01,2 Ave & E 104 St,7436,2 Ave & E 72 St,6925,40.7892105,-73.94370784,40.7687620293096,-73.95840793848038,member
2600539,D0408C63F9758BE5,classic_bike,2021-07-11 17:35:18,2021-07-11 17:59:41,2 Ave & E 104 St,7436,2 Ave & E 72 St,6925,40.7892105,-73.94370784,40.7687620293096,-73.95840793848038,member
2600602,F97F3C88EFDF7FC9,classic_bike,2021-07-14 18:53:40,2021-07-14 19:08:17,2 Ave & E 104 St,7436,2 Ave & E 72 St,6925,40.7892105,-73.94370784,40.7687620293096,-73.95840793848038,casual
2600613,AAC106E41035F6F1,classic_bike,2021-07-27 10:13:28,2021-07-27 10:24:51,2 Ave & E 104 St,7436,2 Ave & E 72 St,6925,40.7892105,-73.94370784,40.7687620293096,-73.95840793848038,member
2600615,12DBA2188E80B109,classic_bike,2021-07-21 10:50:28,2021-07-21 11:02:01,2 Ave & E 104 St,7436,2 Ave & E 72 St,6925,40.7892105,-73.94370784,40.7687620293096,-73.95840793848038,member
2600616,A5B95751786CECAD,classic_bike,2021-07-14 16:36:29,2021-07-14 16:47:11,2 Ave & E 104 St,7436,2 Ave & E 72 St,6925,40.7892105,-73.94370784,40.7687620293096,-73.95840793848038,member
2600647,FF6BCB06340E1B85,classic_bike,2021-07-19 13:29:21,2021-07-19 13:51:18,2 Ave & E 104 St,7436,E 81 St & York Ave,7084,40.7892105,-73.94370784,40.7728384,-73.94989233,member
2600952,7FB89301408C0B84,electric_bike,2021-07-22 14:16:15,2021-07-22 14:25:31,2 Ave & E 104 St,7436,2 Ave & E 72 St,6925,40.7892105,-73.94370784,40.7687620293096,-73.95840793848038,casual
2600956,1334FA302DC50FA5,classic_bike,2021-07-25 09:53:50,2021-07-25 10:18:27,2 Ave & E 104 St,7436,2 Ave & E 72 St,6925,40.7892105,-73.94370784,40.7687620293096,-73.95840793848038,member
2600964,17FC8422BF7DCBA4,electric_bike,2021-07-19 14:50:54,2021-07-19 14:59:34,2 Ave & E 104 St,7436,2 Ave & E 72 St,6925,40.7892105,-73.94370784,40.7687620293096,-73.95840793848038,member
2600967,45E9C7A0EC2189F7,electric_bike,2021-07-29 13:21:36,2021-07-29 13:35:58,2 Ave & E 104 St,7436,E 77 St & 3 Ave,7092,40.7892105,-73.94370784,40.77314236,-73.95856158,member
2600974,CD6F600E645C3171,classic_bike,2021-07-29 10:11:38,2021-07-29 10:23:06,2 Ave & E 104 St,7436,2 Ave & E 72 St,6925,40.7892105,-73.94370784,40.7687620293096,-73.95840793848038,casual
2600987,68BDFC6109CA7711,classic_bike,2021-07-13 11:34:31,2021-07-13 11:52:57,2 Ave & E 104 St,7436,2 Ave & E 72 St,6925,40.7892105,-73.94370784,40.7687620293096,-73.95840793848038,casual
2601008,1F309059BCFAA90E,classic_bike,2021-07-31 16:18:35,2021-07-31 16:53:47,2 Ave & E 104 St,7436,Frederick Douglass Blvd & W 129 St,7795,40.7892105,-73.94370784,40.8125511,-73.9492286,member
2601026,76A8340C947AFDA4,classic_bike,2021-07-13 11:35:43,2021-07-13 11:52:55,2 Ave & E 104 St,7436,2 Ave & E 72 St,6925,40.7892105,-73.94370784,40.7687620293096,-73.95840793848038,casual
2601043,897E9828612AF6E2,classic_bike,2021-07-22 06:37:30,2021-07-22 06:55:02,2 Ave & E 104 St,7436,2 Ave & E 72 St,6925,40.7892105,-73.94370784,40.7687620293096,-73.95840793848038,casual
2601063,36F99D4886B12371,classic_bike,2021-07-30 12:13:29,2021-07-30 12:24:09,2 Ave & E 104 St,7436,E 81 St & York Ave,7084,40.7892105,-73.94370784,40.7728384,-73.94989233,member
2601064,24A094EB64E722E4,classic_bike,2021-07-27 03:43:16,2021-07-27 04:08:55,2 Ave & E 104 St,7436,Frederick Douglass Blvd & W 129 St,7795,40.7892105,-73.94370784,40.8125511,-73.9492286,member
2601073,6AF59478C6003BA8,electric_bike,2021-07-21 18:15:32,2021-07-21 18:42:31,2 Ave & E 104 St,7436,Frederick Douglass Blvd & W 129 St,7795,40.7892105,-73.94370784,40.8125511,-73.9492286,member
2601197,9323F2E26B85289A,classic_bike,2021-07-19 17:13:24,2021-07-19 17:37:45,2 Ave & E 104 St,7436,9 Ave & W 45 St,6717,40.7892105,-73.94370784,40.76019252,-73.9912551,member
2601199,75C760FE70D1ECEB,classic_bike,2021-07-24 08:32:55,2021-07-24 08:44:25,2 Ave & E 104 St,7436,E 81 St & York Ave,7084,40.7892105,-73.94370784,40.7728384,-73.94989233,member
2601210,3477586C2806A3F6,classic_bike,2021-07-23 16:33:02,2021-07-23 17:00:09,2 Ave & E 104 St,7436,9 Ave & W 45 St,6717,40.7892105,-73.94370784,40.76019252,-73.9912551,member
2601212,3600ED34A6E4B53B,classic_bike,2021-07-21 17:16:32,2021-07-21 17:46:08,2 Ave & E 104 St,7436,9 Ave & W 45 St,6717,40.7892105,-73.94370784,40.76019252,-73.9912551,member
2601214,5405137F9DC550C6,classic_bike,2021-07-26 08:02:14,2021-07-26 08:17:23,2 Ave & E 104 St,7436,2 Ave & E 72 St,6925,40.7892105,-73.94370784,40.7687620293096,-73.95840793848038,member
2601215,675D5A50D4749137,electric_bike,2021-07-28 12:50:51,2021-07-28 13:01:57,2 Ave & E 104 St,7436,2 Ave & E 72 St,6925,40.7892105,-73.94370784,40.7687620293096,-73.95840793848038,member
2601218,4C70B36A76A2DCDA,electric_bike,2021-07-17 18:37:48,2021-07-17 18:45:57,2 Ave & E 104 St,7436,2 Ave & E 72 St,6925,40.7892105,-73.94370784,40.7687620293096,-73.95840793848038,casual
2601243,41C25C4A9224A456,electric_bike,2021-07-08 13:48:44,2021-07-08 14:11:53,2 Ave & E 104 St,7436,2 Ave & E 72 St,6925,40.7892105,-73.94370784,40.7687620293096,-73.95840793848038,member
2601248,A9BE874B28F353F5,electric_bike,2021-07-27 14:07:10,2021-07-27 14:15:21,2 Ave & E 104 St,7436,2 Ave & E 72 St,6925,40.7892105,-73.94370784,40.7687620293096,-73.95840793848038,casual
2601256,89EAF8A360B6C92F,electric_bike,2021-07-23 07:31:33,2021-07-23 07:44:20,2 Ave & E 104 St,7436,2 Ave & E 72 St,6925,40.7892105,-73.94370784,40.7687620293096,-73.95840793848038,casual
2601262,7F5D873C1226FC63,electric_bike,2021-07-23 14:46:05,2021-07-23 14:54:52,2 Ave & E 104 St,7436,2 Ave & E 72 St,6925,40.7892105,-73.94370784,40.7687620293096,-73.95840793848038,member
2601267,E827A1142F96C414,classic_bike,2021-07-09 10:11:06,2021-07-09 10:23:23,2 Ave & E 104 St,7436,2 Ave & E 72 St,6925,40.7892105,-73.94370784,40.7687620293096,-73.95840793848038,member
2601270,D623C6E5F044FA60,classic_bike,2021-07-20 22:03:11,2021-07-20 22:25:31,2 Ave & E 104 St,7436,2 Ave & E 72 St,6925,40.7892105,-73.94370784,40.7687620293096,-73.95840793848038,casual
2601274,0F1D7B66D4A58DA3,classic_bike,2021-07-19 13:27:59,2021-07-19 13:51:28,2 Ave & E 104 St,7436,E 81 St & York Ave,7084,40.7892105,-73.94370784,40.7728384,-73.94989233,member
2601275,06F0609B0E2E33F9,classic_bike,2021-07-23 10:16:31,2021-07-23 10:29:18,2 Ave & E 104 St,7436,2 Ave & E 72 St,6925,40.7892105,-73.94370784,40.7687620293096,-73.95840793848038,member
2601276,268330DE15FBA1B6,classic_bike,2021-07-11 12:53:38,2021-07-11 13:05:14,2 Ave & E 104 St,7436,2 Ave & E 72 St,6925,40.7892105,-73.94370784,40.7687620293096,-73.95840793848038,member
2601279,FEE810F75406C577,classic_bike,2021-07-27 00:24:28,2021-07-27 00:39:55,2 Ave & E 104 St,7436,Frederick Douglass Blvd & W 129 St,7795,40.7892105,-73.94370784,40.8125511,-73.9492286,casual
2601280,8DC2C43A7EB6EF51,electric_bike,2021-07-20 14:39:34,2021-07-20 14:52:00,2 Ave & E 104 St,7436,2 Ave & E 72 St,6925,40.7892105,-73.94370784,40.7687620293096,-73.95840793848038,member
2601313,42C94B74ADBEC48C,classic_bike,2021-07-27 03:43:02,2021-07-27 04:09:09,2 Ave & E 104 St,7436,Frederick Douglass Blvd & W 129 St,7795,40.7892105,-73.94370784,40.8125511,-73.9492286,casual
2601314,AE06826F9BFB851D,classic_bike,2021-07-29 14:48:47,2021-07-29 15:05:50,2 Ave & E 104 St,7436,E 77 St & 3 Ave,7092,40.7892105,-73.94370784,40.77314236,-73.95856158,casual
2601315,DCFE555F34AE7619,electric_bike,2021-07-19 07:45:27,2021-07-19 07:55:48,2 Ave & E 104 St,7436,2 Ave & E 72 St,6925,40.7892105,-73.94370784,40.7687620293096,-73.95840793848038,casual
2601321,00EA560691725637,electric_bike,2021-07-19 07:11:41,2021-07-19 07:21:08,2 Ave & E 104 St,7436,2 Ave & E 72 St,6925,40.7892105,-73.94370784,40.7687620293096,-73.95840793848038,member
2601322,C86DB8F1398D5883,classic_bike,2021-07-20 17:14:31,2021-07-20 17:44:27,2 Ave & E 104 St,7436,9 Ave & W 45 St,6717,40.7892105,-73.94370784,40.76019252,-73.9912551,member
2601324,B2964F16E5D5828F,electric_bike,2021-07-21 13:58:08,2021-07-21 14:06:03,2 Ave & E 104 St,7436,E 81 St & York Ave,7084,40.7892105,-73.94370784,40.7728384,-73.94989233,member
2601496,62009D6D25E2BDDD,electric_bike,2021-07-16 14:03:45,2021-07-16 14:10:15,2 Ave & E 104 St,7436,E 81 St & York Ave,7084,40.7892105,-73.94370784,40.7728384,-73.94989233,member
2602515,02BE0B589626E063,classic_bike,2021-07-25 10:14:57,2021-07-25 10:26:29,2 Ave & E 104 St,7436,2 Ave & E 72 St,6925,40.7892105,-73.94370784,40.7687620293096,-73.95840793848038,member
2602516,87766A62D40D2BAF,classic_bike,2021-07-13 14:12:32,2021-07-13 14:23:50,2 Ave & E 104 St,7436,2 Ave & E 72 St,6925,40.7892105,-73.94370784,40.7687620293096,-73.95840793848038,member
2613800,3396E517524E0B63,electric_bike,2021-07-05 10:08:46,2021-07-05 10:35:35,2 Ave & E 104 St,7436,Convent Ave & W 135 St,7860,40.7892105,-73.94370784,40.818215,-73.950988,member
2614133,A6A3B07166BF3EF2,classic_bike,2021-07-28 13:11:27,2021-07-28 13:32:28,2 Ave & E 104 St,7436,E 51 St & 1 Ave,6532,40.7892105,-73.94370784,40.75455731,-73.96592976,member
2614139,9DA55609103B449C,classic_bike,2021-07-12 18:27:16,2021-07-12 18:42:00,2 Ave & E 104 St,7436,Lenox Ave & W 126 St,7720,40.7892105,-73.94370784,40.808442,-73.9452087,member
2614141,5F17BF968B551CAD,electric_bike,2021-07-12 19:02:05,2021-07-12 19:28:11,2 Ave & E 104 St,7436,43 St & Broadway,6670,40.7892105,-73.94370784,40.7577284,-73.9166368,member
2614361,BD0CA694B3097711,electric_bike,2021-07-06 10:22:10,2021-07-06 10:36:32,2 Ave & E 104 St,7436,Lenox Ave & W 126 St,7720,40.7892105,-73.94370784,40.808442,-73.9452087,casual
2614379,9C5F22E1ED742F3F,electric_bike,2021-07-01 09:32:16,2021-07-01 09:51:25,2 Ave & E 104 St,7436,24 St & 41 Ave,6505,40.7892105,-73.94370784,40.752474,-73.939991,casual
2615542,CB122115E10B2E2C,classic_bike,2021-07-21 10:10:57,2021-07-21 10:48:23,2 Ave & E 104 St,7436,E 17 St & Broadway,5980,40.7892105,-73.94370784,40.73704984,-73.99009296,member
2615550,6E58B1A5D43B9F05,classic_bike,2021-07-30 22:41:28,2021-07-30 23:01:14,2 Ave & E 104 St,7436,Lenox Ave & W 126 St,7720,40.7892105,-73.94370784,40.808442,-73.9452087,member
2615564,C96BEF2EE55B7EEE,classic_bike,2021-07-23 15:40:02,2021-07-23 16:04:25,2 Ave & E 104 St,7436,Lenox Ave & W 126 St,7720,40.7892105,-73.94370784,40.808442,-73.9452087,casual
2615587,90E233D4443FD050,classic_bike,2021-07-29 16:34:02,2021-07-29 16:49:11,2 Ave & E 104 St,7436,Lenox Ave & W 126 St,7720,40.7892105,-73.94370784,40.808442,-73.9452087,member
2623521,120E8E90E434056C,classic_bike,2021-07-19 21:04:58,2021-07-19 21:11:55,2 Ave & E 104 St,7436,E 109 St & 3 Ave,7504,40.7892105,-73.94370784,40.79329668,-73.9432083,member
2625011,9F4FAFD27C9F2E88,classic_bike,2021-07-12 20:11:36,2021-07-12 20:32:48,2 Ave & E 104 St,7436,E 109 St & 3 Ave,7504,40.7892105,-73.94370784,40.79329668,-73.9432083,member
2625020,735DC939B3EFD7E3,classic_bike,2021-07-31 17:08:31,2021-07-31 17:22:36,2 Ave & E 104 St,7436,E 109 St & 3 Ave,7504,40.7892105,-73.94370784,40.79329668,-73.9432083,member
2625046,9A54D37455646F5B,classic_bike,2021-07-27 17:51:15,2021-07-27 18:06:11,2 Ave & E 104 St,7436,E 109 St & 3 Ave,7504,40.7892105,-73.94370784,40.79329668,-73.9432083,member
2625072,8780610F080B88F5,classic_bike,2021-07-23 11:42:15,2021-07-23 11:44:55,2 Ave & E 104 St,7436,E 109 St & 3 Ave,7504,40.7892105,-73.94370784,40.79329668,-73.9432083,casual
2625092,F5F02F377F33DC46,classic_bike,2021-07-10 10:27:34,2021-07-10 10:31:07,2 Ave & E 104 St,7436,E 109 St & 3 Ave,7504,40.7892105,-73.94370784,40.79329668,-73.9432083,member
2625093,4B4F26999354A89A,classic_bike,2021-07-10 10:21:28,2021-07-10 10:24:18,2 Ave & E 104 St,7436,E 109 St & 3 Ave,7504,40.7892105,-73.94370784,40.79329668,-73.9432083,member
2625094,DE6981DFB13B671C,classic_bike,2021-07-10 10:35:01,2021-07-10 10:37:44,2 Ave & E 104 St,7436,E 109 St & 3 Ave,7504,40.7892105,-73.94370784,40.79329668,-73.9432083,member
2625095,F7F5C94BB1FB973F,classic_bike,2021-07-10 10:13:29,2021-07-10 10:16:45,2 Ave & E 104 St,7436,E 109 St & 3 Ave,7504,40.7892105,-73.94370784,40.79329668,-73.9432083,member
2625121,A453F1DEC45755C4,classic_bike,2021-07-18 20:02:33,2021-07-18 20:07:52,2 Ave & E 104 St,7436,E 109 St & 3 Ave,7504,40.7892105,-73.94370784,40.79329668,-73.9432083,casual
2625126,B19E3139D824C61B,electric_bike,2021-07-13 11:43:33,2021-07-13 11:45:48,2 Ave & E 104 St,7436,E 109 St & 3 Ave,7504,40.7892105,-73.94370784,40.79329668,-73.9432083,casual
2628909,7829BEDB937C67DD,classic_bike,2021-07-09 11:34:45,2021-07-09 11:37:33,2 Ave & E 104 St,7436,E 109 St & 3 Ave,7504,40.7892105,-73.94370784,40.79329668,-73.9432083,casual
2628936,2588039EB0686615,classic_bike,2021-07-19 13:34:42,2021-07-19 13:40:09,2 Ave & E 104 St,7436,E 109 St & 3 Ave,7504,40.7892105,-73.94370784,40.79329668,-73.9432083,member
2638828,418C74F6FDBCDA5E,electric_bike,2021-07-19 07:32:51,2021-07-19 07:43:06,2 Ave & E 104 St,7436,E 74 St & 1 Ave,6953,40.7892105,-73.94370784,40.7689738,-73.95482273,member
2638893,331377601B1293C7,electric_bike,2021-07-16 18:06:01,2021-07-16 18:39:36,2 Ave & E 104 St,7436,Adam Clayton Powell Blvd & W 118 St,7670,40.7892105,-73.94370784,40.804372,-73.951475,casual
2638953,4B6D84271532AE61,electric_bike,2021-07-27 18:17:26,2021-07-27 18:53:18,2 Ave & E 104 St,7436,,nan,40.7892105,-73.94370784,,,member
2639004,1530105691ECF77F,electric_bike,2021-07-01 07:33:22,2021-07-01 07:42:42,2 Ave & E 104 St,7436,E 74 St & 1 Ave,6953,40.7892105,-73.94370784,40.7689738,-73.95482273,member
2639019,BA667E018A6DFE33,classic_bike,2021-07-29 08:01:55,2021-07-30 09:01:49,2 Ave & E 104 St,7436,,nan,40.7892105,-73.94370784,,,casual
2639028,160CAFF53844493D,classic_bike,2021-07-24 20:49:17,2021-07-24 21:03:27,2 Ave & E 104 St,7436,Adam Clayton Powell Blvd & W 118 St,7670,40.7892105,-73.94370784,40.804372,-73.951475,member
2639029,54CD09358564C9E1,classic_bike,2021-07-14 18:30:55,2021-07-14 18:44:40,2 Ave & E 104 St,7436,St. Nicholas Ave & W 126 St,7756,40.7892105,-73.94370784,40.8114323,-73.9518776,member
2639973,525DCD346BC29B62,electric_bike,2021-07-13 19:34:03,2021-07-13 19:44:49,2 Ave & E 104 St,7436,St. Nicholas Ave & W 126 St,7756,40.7892105,-73.94370784,40.8114323,-73.9518776,casual
2640227,2392CB6CCF04DEBC,classic_bike,2021-07-21 16:53:25,2021-07-21 17:07:10,2 Ave & E 104 St,7436,E 74 St & 1 Ave,6953,40.7892105,-73.94370784,40.7689738,-73.95482273,casual
2640366,72A3B71273C74096,classic_bike,2021-07-30 13:22:26,2021-07-30 13:37:34,2 Ave & E 104 St,7436,Adam Clayton Powell Blvd & W 118 St,7670,40.7892105,-73.94370784,40.804372,-73.951475,casual
2642138,85F4C6089745971D,classic_bike,2021-07-31 22:36:06,2021-07-31 22:54:25,2 Ave & E 104 St,7436,St. Nicholas Ave & W 126 St,7756,40.7892105,-73.94370784,40.8114323,-73.9518776,member
2642341,77B00D786E4565DC,classic_bike,2021-07-24 20:49:24,2021-07-24 21:03:23,2 Ave & E 104 St,7436,Adam Clayton Powell Blvd & W 118 St,7670,40.7892105,-73.94370784,40.804372,-73.951475,member
2642343,BD62747BD807E5AC,electric_bike,2021-07-20 07:39:55,2021-07-20 07:55:09,2 Ave & E 104 St,7436,E 74 St & 1 Ave,6953,40.7892105,-73.94370784,40.7689738,-73.95482273,member
2642381,1222DF16F3E639E4,electric_bike,2021-07-19 04:51:52,2021-07-19 05:20:25,2 Ave & E 104 St,7436,3 Ave & E 174 St - Bathgate Vaccination Site,8241,40.7892105,-73.94370784,40.84224,-73.8985,member
2642392,0641403C2BAFB2C7,electric_bike,2021-07-12 07:20:36,2021-07-12 07:31:04,2 Ave & E 104 St,7436,E 74 St & 1 Ave,6953,40.7892105,-73.94370784,40.7689738,-73.95482273,member
2642393,431B8C7E5CF33DC2,electric_bike,2021-07-16 07:23:33,2021-07-16 07:35:35,2 Ave & E 104 St,7436,E 74 St & 1 Ave,6953,40.7892105,-73.94370784,40.7689738,-73.95482273,member
2642395,1D54AEB9D0409AD2,electric_bike,2021-07-30 09:53:02,2021-07-30 10:03:32,2 Ave & E 104 St,7436,E 74 St & 1 Ave,6953,40.7892105,-73.94370784,40.7689738,-73.95482273,member
2653910,A1044FF7E6453351,classic_bike,2021-07-21 15:36:01,2021-07-21 16:46:14,2 Ave & E 104 St,7436,,nan,40.7892105,-73.94370784,,,member
2653921,306807DD7615D144,classic_bike,2021-07-23 12:26:02,2021-07-23 12:49:49,2 Ave & E 104 St,7436,,nan,40.7892105,-73.94370784,40.76,-73.97,casual
2653929,E4FBCA54FFC0167A,docked_bike,2021-07-18 15:30:07,2021-07-18 15:44:27,2 Ave & E 104 St,7436,St. Nicholas Ave & W 126 St,7756,40.789211,-73.943708,40.811432,-73.951878,casual
2653933,7C5719EBE0D9EFA9,electric_bike,2021-07-23 15:56:56,2021-07-23 16:08:25,2 Ave & E 104 St,7436,E 74 St & 1 Ave,6953,40.7892105,-73.94370784,40.7689738,-73.95482273,casual
2653939,DD0F678ECFE16139,classic_bike,2021-07-27 13:13:17,2021-07-27 13:24:12,2 Ave & E 104 St,7436,Adam Clayton Powell Blvd & W 118 St,7670,40.7892105,-73.94370784,40.804372,-73.951475,casual
2654040,CE26FE558D8FD452,electric_bike,2021-07-09 17:00:14,2021-07-09 17:10:14,2 Ave & E 104 St,7436,Adam Clayton Powell Blvd & W 118 St,7670,40.7892105,-73.94370784,40.804372,-73.951475,casual
2654050,E545D1280D42C888,classic_bike,2021-07-10 14:47:31,2021-07-10 15:01:21,2 Ave & E 104 St,7436,,nan,40.7892105,-73.94370784,40.78,-73.95,member
2654055,07CCE804F2686380,electric_bike,2021-07-19 06:36:28,2021-07-19 06:51:18,2 Ave & E 104 St,7436,St. Nicholas Ave & W 126 St,7756,40.7892105,-73.94370784,40.8114323,-73.9518776,member
2654064,611E482DF14B9F7F,classic_bike,2021-07-11 14:22:43,2021-07-11 14:55:00,2 Ave & E 104 St,7436,,nan,40.7892105,-73.94370784,,,member
2654079,986360A366960FF3,electric_bike,2021-07-22 12:58:57,2021-07-22 13:08:29,2 Ave & E 104 St,7436,E 74 St & 1 Ave,6953,40.7892105,-73.94370784,40.7689738,-73.95482273,casual
2654080,33ED9EBEA6FCEC2F,electric_bike,2021-07-07 18:17:38,2021-07-07 18:26:34,2 Ave & E 104 St,7436,Adam Clayton Powell Blvd & W 118 St,7670,40.7892105,-73.94370784,40.804372,-73.951475,casual
2674856,0A6C3A0690993CD9,classic_bike,2021-07-30 14:49:15,2021-07-30 15:05:49,2 Ave & E 104 St,7436,W 110 St & Amsterdam Ave,7646,40.7892105,-73.94370784,40.802692,-73.96295,casual
2679512,9A7E2C8216A522C1,electric_bike,2021-07-31 16:28:13,2021-07-31 17:00:32,2 Ave & E 104 St,7436,Great Jones St,5636,40.7892105,-73.94370784,40.72743423,-73.99379025,member
2679513,D9BEE7B3CF2C492C,classic_bike,2021-07-10 11:34:46,2021-07-10 11:57:22,2 Ave & E 104 St,7436,Broadway & W 51 St,6779,40.7892105,-73.94370784,40.76228826,-73.98336183,member
2689434,CECA6735A4C51D2D,electric_bike,2021-07-11 17:27:40,2021-07-11 17:50:37,2 Ave & E 104 St,7436,Broadway & W 51 St,6779,40.7892105,-73.94370784,40.76228826,-73.98336183,member
2690371,9A6B40AEDFDFCDD1,electric_bike,2021-07-01 01:38:31,2021-07-01 01:54:22,2 Ave & E 104 St,7436,W 110 St & Amsterdam Ave,7646,40.7892105,-73.94370784,40.802692,-73.96295,casual
2690376,7A491A91B4B251CE,classic_bike,2021-07-04 15:10:46,2021-07-04 15:25:51,2 Ave & E 104 St,7436,W 110 St & Amsterdam Ave,7646,40.7892105,-73.94370784,40.802692,-73.96295,casual
2690396,3E6C9011E076369A,electric_bike,2021-07-25 10:05:41,2021-07-25 10:23:30,2 Ave & E 104 St,7436,E 31 St & 3 Ave,6239,40.7892105,-73.94370784,40.74394314,-73.97966069,member
2690399,D92842EE01F10D75,electric_bike,2021-07-18 17:28:15,2021-07-18 17:47:06,2 Ave & E 104 St,7436,Broadway & W 51 St,6779,40.7892105,-73.94370784,40.76228826,-73.98336183,member
2705819,D4C9E9037E7F65AF,classic_bike,2021-07-13 20:18:22,2021-07-13 20:54:48,2 Ave & E 104 St,7436,W 76 St & Columbus Ave,7281,40.7892105,-73.94370784,40.7801839724239,-73.97728532552719,member
2721489,315DDAD70356563F,electric_bike,2021-07-19 09:10:03,2021-07-19 09:34:37,2 Ave & E 104 St,7436,W 48 St & Rockefeller Plaza,6667,40.7892105,-73.94370784,40.75793646243674,-73.97960275411606,member
2721514,C8FB6F2E4655F08C,electric_bike,2021-07-05 18:23:53,2021-07-05 18:35:50,2 Ave & E 104 St,7436,Lenox Ave & W 115 St,7627,40.7892105,-73.94370784,40.8011939,-73.9500739,casual
2721571,D576B4D80467545D,electric_bike,2021-07-05 18:24:00,2021-07-05 18:35:45,2 Ave & E 104 St,7436,Lenox Ave & W 115 St,7627,40.7892105,-73.94370784,40.8011939,-73.9500739,casual
2721611,A3946ECB657AA4B5,electric_bike,2021-07-05 18:24:30,2021-07-05 18:35:54,2 Ave & E 104 St,7436,Lenox Ave & W 115 St,7627,40.7892105,-73.94370784,40.8011939,-73.9500739,casual
2730543,7C059F4B5A6EAB06,classic_bike,2021-07-30 16:23:29,2021-07-30 16:31:25,2 Ave & E 104 St,7436,E 85 St & 3 Ave,7212,40.7892105,-73.94370784,40.77801203,-73.95407149,casual
2730549,CED70D4F2A54D504,classic_bike,2021-07-07 21:59:25,2021-07-07 22:08:19,2 Ave & E 104 St,7436,E 85 St & 3 Ave,7212,40.7892105,-73.94370784,40.77801203,-73.95407149,member
2730550,EFF9B72C22AF391E,classic_bike,2021-07-23 15:42:02,2021-07-23 15:55:34,2 Ave & E 104 St,7436,W 84 St & Columbus Ave,7382,40.7892105,-73.94370784,40.78499979,-73.97283406,member
2730564,17631366A14EF593,classic_bike,2021-07-07 12:15:31,2021-07-07 12:27:48,2 Ave & E 104 St,7436,E 85 St & 3 Ave,7212,40.7892105,-73.94370784,40.77801203,-73.95407149,member
2730569,B3CD3581D94D4CB3,electric_bike,2021-07-15 09:05:37,2021-07-15 11:45:18,2 Ave & E 104 St,7436,E 85 St & 3 Ave,7212,40.7892105,-73.94370784,40.77801203,-73.95407149,casual
2730576,C341C0E1DC5A764A,electric_bike,2021-07-04 11:23:56,2021-07-04 11:33:29,2 Ave & E 104 St,7436,E 85 St & 3 Ave,7212,40.7892105,-73.94370784,40.77801203,-73.95407149,casual
2730580,171074CB8F67B258,classic_bike,2021-07-10 18:55:43,2021-07-10 19:01:50,2 Ave & E 104 St,7436,E 85 St & 3 Ave,7212,40.7892105,-73.94370784,40.77801203,-73.95407149,member
2730586,29214E2841C86CF5,electric_bike,2021-07-03 11:20:25,2021-07-03 11:26:38,2 Ave & E 104 St,7436,E 85 St & 3 Ave,7212,40.7892105,-73.94370784,40.77801203,-73.95407149,member
2730599,972866763D2428B7,classic_bike,2021-07-07 14:43:07,2021-07-07 14:52:41,2 Ave & E 104 St,7436,E 85 St & 3 Ave,7212,40.7892105,-73.94370784,40.77801203,-73.95407149,member
2730600,B677DB0DC7A276E5,classic_bike,2021-07-11 11:29:26,2021-07-11 11:36:27,2 Ave & E 104 St,7436,E 85 St & 3 Ave,7212,40.7892105,-73.94370784,40.77801203,-73.95407149,member
2730602,6578941C4864F6E3,electric_bike,2021-07-25 13:17:26,2021-07-25 13:25:09,2 Ave & E 104 St,7436,E 85 St & 3 Ave,7212,40.7892105,-73.94370784,40.77801203,-73.95407149,member
2730608,87C3D49F80707D79,classic_bike,2021-07-15 15:09:12,2021-07-15 15:18:52,2 Ave & E 104 St,7436,E 85 St & 3 Ave,7212,40.7892105,-73.94370784,40.77801203,-73.95407149,member
2730609,7B5052B1FC813DC9,electric_bike,2021-07-12 13:25:31,2021-07-12 13:34:16,2 Ave & E 104 St,7436,E 85 St & 3 Ave,7212,40.7892105,-73.94370784,40.77801203,-73.95407149,member
2730625,86E729DAD1743267,electric_bike,2021-07-27 19:26:49,2021-07-27 19:33:25,2 Ave & E 104 St,7436,E 85 St & 3 Ave,7212,40.7892105,-73.94370784,40.77801203,-73.95407149,member
2730638,7DB8D36A5D886252,classic_bike,2021-07-22 22:16:06,2021-07-22 22:28:20,2 Ave & E 104 St,7436,E 85 St & 3 Ave,7212,40.7892105,-73.94370784,40.77801203,-73.95407149,member
2730640,101623C021FDC2E2,classic_bike,2021-07-14 16:58:46,2021-07-14 17:14:45,2 Ave & E 104 St,7436,E 85 St & 3 Ave,7212,40.7892105,-73.94370784,40.77801203,-73.95407149,member
2730641,3DF02D1AA1C36829,electric_bike,2021-07-12 18:05:08,2021-07-12 18:12:31,2 Ave & E 104 St,7436,E 85 St & 3 Ave,7212,40.7892105,-73.94370784,40.77801203,-73.95407149,member
2730677,6BA9778576E6B448,classic_bike,2021-07-07 17:42:01,2021-07-07 17:58:05,2 Ave & E 104 St,7436,E 85 St & 3 Ave,7212,40.7892105,-73.94370784,40.77801203,-73.95407149,member
2730681,539F1B48C283878A,classic_bike,2021-07-24 14:49:58,2021-07-24 15:02:31,2 Ave & E 104 St,7436,E 85 St & 3 Ave,7212,40.7892105,-73.94370784,40.77801203,-73.95407149,casual
2730683,FCD824F47D7C27B5,electric_bike,2021-07-13 13:08:57,2021-07-13 13:19:07,2 Ave & E 104 St,7436,E 85 St & 3 Ave,7212,40.7892105,-73.94370784,40.77801203,-73.95407149,casual
2730728,8A9D61BAB43CAEFC,electric_bike,2021-07-05 12:46:58,2021-07-05 12:52:14,2 Ave & E 104 St,7436,E 85 St & 3 Ave,7212,40.7892105,-73.94370784,40.77801203,-73.95407149,member
2730808,3005BA3E60CA9D43,electric_bike,2021-07-11 18:27:03,2021-07-11 18:53:52,2 Ave & E 104 St,7436,E 85 St & 3 Ave,7212,40.7892105,-73.94370784,40.77801203,-73.95407149,casual
2730813,6B30D314CA8C205C,electric_bike,2021-07-04 15:52:41,2021-07-04 15:58:06,2 Ave & E 104 St,7436,E 85 St & 3 Ave,7212,40.7892105,-73.94370784,40.77801203,-73.95407149,member
2730814,9010C0B90BEAAB9C,electric_bike,2021-07-13 20:24:36,2021-07-13 20:30:54,2 Ave & E 104 St,7436,E 85 St & 3 Ave,7212,40.7892105,-73.94370784,40.77801203,-73.95407149,member
2730818,9C1E9CDFE72B6974,electric_bike,2021-07-20 19:40:54,2021-07-20 20:12:40,2 Ave & E 104 St,7436,E 85 St & 3 Ave,7212,40.7892105,-73.94370784,40.77801203,-73.95407149,casual
2730821,95979A9322D1B09B,electric_bike,2021-07-07 17:14:28,2021-07-07 17:42:16,2 Ave & E 104 St,7436,E 85 St & 3 Ave,7212,40.7892105,-73.94370784,40.77801203,-73.95407149,casual
2730858,D10D81A46028B0FA,electric_bike,2021-07-26 15:35:31,2021-07-26 15:42:30,2 Ave & E 104 St,7436,E 85 St & 3 Ave,7212,40.7892105,-73.94370784,40.77801203,-73.95407149,member
2730861,45F576EDFA6E2112,classic_bike,2021-07-15 09:26:25,2021-07-15 09:40:46,2 Ave & E 104 St,7436,E 85 St & 3 Ave,7212,40.7892105,-73.94370784,40.77801203,-73.95407149,member
2730880,4947C0F975EFCDE5,classic_bike,2021-07-10 09:17:30,2021-07-10 09:26:07,2 Ave & E 104 St,7436,E 85 St & 3 Ave,7212,40.7892105,-73.94370784,40.77801203,-73.95407149,member
2730890,11FFDB984CC48295,classic_bike,2021-07-11 15:16:16,2021-07-11 15:27:37,2 Ave & E 104 St,7436,E 85 St & 3 Ave,7212,40.7892105,-73.94370784,40.77801203,-73.95407149,member
2730894,20C874314A33BF9E,electric_bike,2021-07-02 15:24:31,2021-07-02 15:32:03,2 Ave & E 104 St,7436,E 85 St & 3 Ave,7212,40.7892105,-73.94370784,40.77801203,-73.95407149,casual
2730906,223DA4133DB72155,electric_bike,2021-07-20 19:41:57,2021-07-20 20:12:59,2 Ave & E 104 St,7436,E 85 St & 3 Ave,7212,40.7892105,-73.94370784,40.77801203,-73.95407149,casual
2730989,4070FC59074093AB,electric_bike,2021-07-09 17:37:44,2021-07-09 18:11:38,2 Ave & E 104 St,7436,E 85 St & 3 Ave,7212,40.7892105,-73.94370784,40.77801203,-73.95407149,member
2730991,85D5AB5B2AB0C176,electric_bike,2021-07-07 18:13:33,2021-07-07 18:19:51,2 Ave & E 104 St,7436,E 85 St & 3 Ave,7212,40.7892105,-73.94370784,40.77801203,-73.95407149,casual
2731103,C12D324D211040D8,electric_bike,2021-07-06 06:35:32,2021-07-06 06:40:53,2 Ave & E 104 St,7436,E 85 St & 3 Ave,7212,40.7892105,-73.94370784,40.77801203,-73.95407149,member
2731105,66D1245F7CEE7392,classic_bike,2021-07-05 14:45:50,2021-07-05 15:03:43,2 Ave & E 104 St,7436,E 85 St & 3 Ave,7212,40.7892105,-73.94370784,40.77801203,-73.95407149,member
2731106,9BE69580B7383CD1,electric_bike,2021-07-14 16:09:34,2021-07-14 16:35:31,2 Ave & E 104 St,7436,E 85 St & 3 Ave,7212,40.7892105,-73.94370784,40.77801203,-73.95407149,casual
2731107,FFB839C0B959B4BE,classic_bike,2021-07-31 18:42:28,2021-07-31 18:54:34,2 Ave & E 104 St,7436,E 85 St & 3 Ave,7212,40.7892105,-73.94370784,40.77801203,-73.95407149,casual
2731115,4A75F2B1EA091BE7,classic_bike,2021-07-11 15:17:33,2021-07-11 15:27:37,2 Ave & E 104 St,7436,E 85 St & 3 Ave,7212,40.7892105,-73.94370784,40.77801203,-73.95407149,casual
2731118,61FB0A1E7980A129,electric_bike,2021-07-13 16:16:27,2021-07-13 16:23:36,2 Ave & E 104 St,7436,E 85 St & 3 Ave,7212,40.7892105,-73.94370784,40.77801203,-73.95407149,member
2734348,CAC7931DDBA5D664,classic_bike,2021-07-27 17:55:26,2021-07-27 18:14:29,2 Ave & E 104 St,7436,E 85 St & 3 Ave,7212,40.7892105,-73.94370784,40.77801203,-73.95407149,member
2734350,EA4CB38D8748A56A,electric_bike,2021-07-27 19:26:48,2021-07-27 19:33:25,2 Ave & E 104 St,7436,E 85 St & 3 Ave,7212,40.7892105,-73.94370784,40.77801203,-73.95407149,member
2738476,A3AEA8A4E92EC80A,classic_bike,2021-07-26 15:52:23,2021-07-26 18:55:58,2 Ave & E 104 St,7436,Christopher St & Greenwich St,5847,40.7892105,-73.94370784,40.73291553,-74.00711384,casual
2747437,0A9C6D63A38CEFB5,classic_bike,2021-07-01 06:18:36,2021-07-01 06:22:56,2 Ave & E 104 St,7436,E 102 St & Park Ave,7488,40.7892105,-73.94370784,40.7904828,-73.95033068,member
2747438,2766E7F974A5F25C,classic_bike,2021-07-17 07:43:42,2021-07-17 07:47:18,2 Ave & E 104 St,7436,E 102 St & Park Ave,7488,40.7892105,-73.94370784,40.7904828,-73.95033068,member
2747507,486F4466AFCBC57D,classic_bike,2021-07-16 06:35:47,2021-07-16 06:40:54,2 Ave & E 104 St,7436,E 102 St & Park Ave,7488,40.7892105,-73.94370784,40.7904828,-73.95033068,member
2747509,5A27E9C52A5D4B9E,electric_bike,2021-07-28 00:43:04,2021-07-28 00:47:50,2 Ave & E 104 St,7436,E 102 St & Park Ave,7488,40.7892105,-73.94370784,40.7904828,-73.95033068,casual
2747527,DDD559AC9573AA20,electric_bike,2021-07-30 10:01:00,2021-07-30 10:06:23,2 Ave & E 104 St,7436,E 102 St & Park Ave,7488,40.7892105,-73.94370784,40.7904828,-73.95033068,member
2747529,1F0D4BB870868DB6,classic_bike,2021-07-24 15:28:52,2021-07-24 15:34:24,2 Ave & E 104 St,7436,E 102 St & Park Ave,7488,40.7892105,-73.94370784,40.7904828,-73.95033068,member
2747532,DAAFA6AFAA3D37DA,classic_bike,2021-07-19 12:42:03,2021-07-19 12:48:52,2 Ave & E 104 St,7436,E 102 St & Park Ave,7488,40.7892105,-73.94370784,40.7904828,-73.95033068,casual
2747552,0D0E4779F753CCE0,classic_bike,2021-07-07 09:26:25,2021-07-07 09:34:23,2 Ave & E 104 St,7436,E 102 St & Park Ave,7488,40.7892105,-73.94370784,40.7904828,-73.95033068,member
2747557,497348A44C924A7D,classic_bike,2021-07-27 15:52:21,2021-07-27 15:56:48,2 Ave & E 104 St,7436,E 102 St & Park Ave,7488,40.7892105,-73.94370784,40.7904828,-73.95033068,member
2747583,F1C58177AA6812C1,electric_bike,2021-07-22 21:10:56,2021-07-22 21:22:20,2 Ave & E 104 St,7436,St Nicholas Ave & Manhattan Ave,7723,40.7892105,-73.94370784,40.809725,-73.953149,member
2747584,2C6A101CAA72B390,classic_bike,2021-07-01 10:33:41,2021-07-01 10:37:05,2 Ave & E 104 St,7436,E 102 St & Park Ave,7488,40.7892105,-73.94370784,40.7904828,-73.95033068,member
2747599,2786DE365E0CD8A1,electric_bike,2021-07-15 01:43:42,2021-07-15 02:12:45,2 Ave & E 104 St,7436,Creston Ave & E 181 St,8456,40.7892105,-73.94370784,40.8549,-73.90281,casual
2747602,9E637DA6C9C8C0CB,classic_bike,2021-07-19 12:43:13,2021-07-19 12:48:47,2 Ave & E 104 St,7436,E 102 St & Park Ave,7488,40.7892105,-73.94370784,40.7904828,-73.95033068,casual
2747605,C780119EF432C446,classic_bike,2021-07-22 12:49:01,2021-07-22 12:56:18,2 Ave & E 104 St,7436,E 102 St & Park Ave,7488,40.7892105,-73.94370784,40.7904828,-73.95033068,casual
2747626,D3F4ECA7EE9D66F4,classic_bike,2021-07-02 06:24:10,2021-07-02 06:28:56,2 Ave & E 104 St,7436,E 102 St & Park Ave,7488,40.7892105,-73.94370784,40.7904828,-73.95033068,member
2747627,2D8CD079427A23A3,classic_bike,2021-07-14 06:34:55,2021-07-14 06:39:46,2 Ave & E 104 St,7436,E 102 St & Park Ave,7488,40.7892105,-73.94370784,40.7904828,-73.95033068,member
2747642,795EE08F78B2C223,classic_bike,2021-07-07 06:29:39,2021-07-07 06:35:03,2 Ave & E 104 St,7436,E 102 St & Park Ave,7488,40.7892105,-73.94370784,40.7904828,-73.95033068,member
2747643,56B188F98402D1BB,classic_bike,2021-07-29 07:00:51,2021-07-29 07:05:39,2 Ave & E 104 St,7436,E 102 St & Park Ave,7488,40.7892105,-73.94370784,40.7904828,-73.95033068,member
2747644,BFA0C529573410E2,classic_bike,2021-07-21 06:40:18,2021-07-21 06:44:22,2 Ave & E 104 St,7436,E 102 St & Park Ave,7488,40.7892105,-73.94370784,40.7904828,-73.95033068,member
2747645,A3B1CE1CDEA68B58,classic_bike,2021-07-03 17:28:27,2021-07-03 17:33:02,2 Ave & E 104 St,7436,E 102 St & Park Ave,7488,40.7892105,-73.94370784,40.7904828,-73.95033068,member
2747646,E3C3200A0F70845B,classic_bike,2021-07-15 06:31:26,2021-07-15 06:36:20,2 Ave & E 104 St,7436,E 102 St & Park Ave,7488,40.7892105,-73.94370784,40.7904828,-73.95033068,member
2747660,55242CFA8ABC0EBB,classic_bike,2021-07-28 06:43:37,2021-07-28 06:48:09,2 Ave & E 104 St,7436,E 102 St & Park Ave,7488,40.7892105,-73.94370784,40.7904828,-73.95033068,member
2747661,CA8F36C4364D80F7,classic_bike,2021-07-08 07:01:56,2021-07-08 07:06:10,2 Ave & E 104 St,7436,E 102 St & Park Ave,7488,40.7892105,-73.94370784,40.7904828,-73.95033068,member
2747668,1EC1C56C0C6EBF7B,electric_bike,2021-07-18 09:20:53,2021-07-18 09:40:14,2 Ave & E 104 St,7436,7 Ave & Central Park South,6912,40.7892105,-73.94370784,40.7667405590595,-73.9790689945221,casual
2747673,4B7352E027E9BE98,classic_bike,2021-07-18 07:40:30,2021-07-18 07:45:33,2 Ave & E 104 St,7436,E 102 St & Park Ave,7488,40.7892105,-73.94370784,40.7904828,-73.95033068,member
2747674,01E23F26CF8CC23E,classic_bike,2021-07-30 07:36:03,2021-07-30 07:40:48,2 Ave & E 104 St,7436,E 102 St & Park Ave,7488,40.7892105,-73.94370784,40.7904828,-73.95033068,member
2747691,F161864F1D6B4C0D,classic_bike,2021-07-21 15:39:45,2021-07-21 15:48:11,2 Ave & E 104 St,7436,E 102 St & Park Ave,7488,40.7892105,-73.94370784,40.7904828,-73.95033068,casual
2747698,5041030CED6E6AA2,classic_bike,2021-07-17 08:54:34,2021-07-17 09:19:17,2 Ave & E 104 St,7436,7 Ave & Central Park South,6912,40.7892105,-73.94370784,40.7667405590595,-73.9790689945221,casual
2747810,3B1D0E66349A2A88,classic_bike,2021-07-13 06:34:22,2021-07-13 06:38:24,2 Ave & E 104 St,7436,E 102 St & Park Ave,7488,40.7892105,-73.94370784,40.7904828,-73.95033068,member
2747819,6FE6FA13E066E2A8,electric_bike,2021-07-25 11:02:09,2021-07-25 11:31:48,2 Ave & E 104 St,7436,7 Ave & Central Park South,6912,40.7892105,-73.94370784,40.7667405590595,-73.9790689945221,casual
2748671,36944E8F83F3F88F,classic_bike,2021-07-22 12:48:49,2021-07-22 12:56:09,2 Ave & E 104 St,7436,E 102 St & Park Ave,7488,40.7892105,-73.94370784,40.7904828,-73.95033068,casual
2748674,78A186439F54CF23,classic_bike,2021-07-06 06:23:42,2021-07-06 06:27:52,2 Ave & E 104 St,7436,E 102 St & Park Ave,7488,40.7892105,-73.94370784,40.7904828,-73.95033068,member
2748675,0C166E5566ED7A3A,electric_bike,2021-07-07 18:55:57,2021-07-07 19:18:25,2 Ave & E 104 St,7436,E 102 St & Park Ave,7488,40.7892105,-73.94370784,40.7904828,-73.95033068,member
2761219,E1296106499C5490,classic_bike,2021-07-11 08:57:49,2021-07-11 09:09:15,2 Ave & E 104 St,7436,Pleasant Ave & E 120 St,7579,40.7892105,-73.94370784,40.7974772,-73.9311847,member
2761286,D03E70499BF7A4D5,electric_bike,2021-07-19 14:25:02,2021-07-19 14:37:01,2 Ave & E 104 St,7436,W 107 St & Columbus Ave,7619,40.7892105,-73.94370784,40.7997568,-73.9621128676,casual
2761290,35DDBA23FACA0229,electric_bike,2021-07-03 20:28:05,2021-07-03 20:46:26,2 Ave & E 104 St,7436,W 67 St & Broadway,7116,40.7892105,-73.94370784,40.77492513,-73.98266566,casual
2761327,1B21BD45F6A77553,electric_bike,2021-07-26 18:58:41,2021-07-26 19:13:11,2 Ave & E 104 St,7436,Madison Ave & E 82 St,7188,40.7892105,-73.94370784,40.7781314,-73.96069399,member
2761352,C35BA708731F05AA,electric_bike,2021-07-30 16:00:39,2021-07-30 16:50:06,2 Ave & E 104 St,7436,W 190 St & St. Nicholas Ave,8453,40.7892105,-73.94370784,40.854788,-73.929513,member
2761354,B47A638156B2488C,classic_bike,2021-07-21 21:25:51,2021-07-21 21:37:20,2 Ave & E 104 St,7436,Pleasant Ave & E 120 St,7579,40.7892105,-73.94370784,40.7974772,-73.9311847,member
2761357,5193DBC528AA763C,classic_bike,2021-07-27 10:07:19,2021-07-27 10:34:58,2 Ave & E 104 St,7436,Central Park West & W 68 St,7079,40.7892105,-73.94370784,40.7734066,-73.97782542,member
2761377,D285FD9E86115662,electric_bike,2021-07-26 18:58:38,2021-07-26 19:13:12,2 Ave & E 104 St,7436,Madison Ave & E 82 St,7188,40.7892105,-73.94370784,40.7781314,-73.96069399,member
2761412,7D42346F6D23E97D,classic_bike,2021-07-15 19:17:36,2021-07-15 19:43:33,2 Ave & E 104 St,7436,W 107 St & Columbus Ave,7619,40.7892105,-73.94370784,40.7997568,-73.9621128676,casual
2761518,3434C3AC82507EAD,classic_bike,2021-07-03 15:59:01,2021-07-03 16:11:33,2 Ave & E 104 St,7436,Madison Ave & E 82 St,7188,40.7892105,-73.94370784,40.7781314,-73.96069399,casual
2763328,9984D8B422BA199E,classic_bike,2021-07-05 19:53:23,2021-07-05 20:05:05,2 Ave & E 104 St,7436,Pleasant Ave & E 120 St,7579,40.7892105,-73.94370784,40.7974772,-73.9311847,member
2763338,60E820B9C583F12E,electric_bike,2021-07-30 17:29:14,2021-07-30 17:57:13,2 Ave & E 104 St,7436,Central Park West & W 68 St,7079,40.7892105,-73.94370784,40.7734066,-73.97782542,casual
2763453,C32C6370D47BF994,electric_bike,2021-07-07 19:31:30,2021-07-07 20:19:29,2 Ave & E 104 St,7436,Pleasant Ave & E 120 St,7579,40.7892105,-73.94370784,40.7974772,-73.9311847,casual
2763455,21D409D35BAF89E5,electric_bike,2021-07-10 16:00:38,2021-07-10 16:16:10,2 Ave & E 104 St,7436,Central Park West & W 68 St,7079,40.7892105,-73.94370784,40.7734066,-73.97782542,casual
2763465,B1579B372B1A6F0E,electric_bike,2021-07-25 17:10:23,2021-07-25 17:34:16,2 Ave & E 104 St,7436,Central Park West & W 68 St,7079,40.7892105,-73.94370784,40.7734066,-73.97782542,casual
2763497,342A22E2E6D4DA96,classic_bike,2021-07-27 20:44:36,2021-07-27 20:56:30,2 Ave & E 104 St,7436,Pleasant Ave & E 120 St,7579,40.7892105,-73.94370784,40.7974772,-73.9311847,member
2770302,CC396049B792EB00,electric_bike,2021-07-29 15:18:27,2021-07-29 15:21:51,2 Ave & E 104 St,7436,E 106 St & Lexington Ave,7504,40.7892105,-73.94370784,40.791976,-73.945993,member
2770304,B4278FF54B043D8F,electric_bike,2021-07-05 08:23:31,2021-07-05 08:33:28,2 Ave & E 104 St,7436,E 72 St & York Ave,6889,40.7892105,-73.94370784,40.76663814,-73.95348296,member
2770305,A56E8074A482F454,electric_bike,2021-07-27 06:43:38,2021-07-27 06:53:23,2 Ave & E 104 St,7436,E 72 St & York Ave,6889,40.7892105,-73.94370784,40.76663814,-73.95348296,member
2770306,7F238DD8BBAD880D,electric_bike,2021-07-30 17:40:05,2021-07-30 17:50:54,2 Ave & E 104 St,7436,E 72 St & York Ave,6889,40.7892105,-73.94370784,40.76663814,-73.95348296,member
2770307,EF7FEECFB26A26C8,electric_bike,2021-07-07 08:50:18,2021-07-07 09:01:25,2 Ave & E 104 St,7436,E 72 St & York Ave,6889,40.7892105,-73.94370784,40.76663814,-73.95348296,member
2770309,47F68A74A7677B85,electric_bike,2021-07-08 07:59:26,2021-07-08 08:12:19,2 Ave & E 104 St,7436,E 72 St & York Ave,6889,40.7892105,-73.94370784,40.76663814,-73.95348296,member
2770310,C5EEB62F93D5B565,electric_bike,2021-07-21 07:32:14,2021-07-21 07:44:57,2 Ave & E 104 St,7436,E 72 St & York Ave,6889,40.7892105,-73.94370784,40.76663814,-73.95348296,member
2770311,EA46309E73053820,electric_bike,2021-07-01 08:02:04,2021-07-01 08:14:59,2 Ave & E 104 St,7436,E 72 St & York Ave,6889,40.7892105,-73.94370784,40.76663814,-73.95348296,member
2770393,112EB6288FAA0A54,classic_bike,2021-07-12 16:14:25,2021-07-12 16:17:33,2 Ave & E 104 St,7436,E 106 St & Lexington Ave,7504,40.7892105,-73.94370784,40.791976,-73.945993,member
2770419,17D557271F6B8E25,electric_bike,2021-07-30 10:09:15,2021-07-30 10:22:54,2 Ave & E 104 St,7436,E 72 St & York Ave,6889,40.7892105,-73.94370784,40.76663814,-73.95348296,member
2770421,F7FF72DE23F8929D,electric_bike,2021-07-16 07:07:49,2021-07-16 07:17:35,2 Ave & E 104 St,7436,E 72 St & York Ave,6889,40.7892105,-73.94370784,40.76663814,-73.95348296,member
2770423,7C8EF32DBD97834C,classic_bike,2021-07-30 16:19:35,2021-07-30 16:29:11,2 Ave & E 104 St,7436,E 106 St & Lexington Ave,7504,40.7892105,-73.94370784,40.791976,-73.945993,member
2770424,0282D624514F0196,electric_bike,2021-07-11 17:55:26,2021-07-11 18:39:00,2 Ave & E 104 St,7436,E 106 St & Lexington Ave,7504,40.7892105,-73.94370784,40.791976,-73.945993,member
2770475,2D3A1D8075B0F6A1,classic_bike,2021-07-23 15:29:45,2021-07-23 15:44:10,2 Ave & E 104 St,7436,E 72 St & York Ave,6889,40.7892105,-73.94370784,40.76663814,-73.95348296,member
2770530,002D7B5746D9CC70,electric_bike,2021-07-20 07:07:28,2021-07-20 07:19:05,2 Ave & E 104 St,7436,E 72 St & York Ave,6889,40.7892105,-73.94370784,40.76663814,-73.95348296,member
2770531,32A62011459D5FFF,classic_bike,2021-07-21 12:22:48,2021-07-21 12:28:10,2 Ave & E 104 St,7436,E 106 St & Lexington Ave,7504,40.7892105,-73.94370784,40.791976,-73.945993,member
2770532,2571D40E8E34C190,classic_bike,2021-07-21 22:12:48,2021-07-21 22:16:55,2 Ave & E 104 St,7436,E 106 St & Lexington Ave,7504,40.7892105,-73.94370784,40.791976,-73.945993,member
2770545,F27ED0AA4B5485CD,classic_bike,2021-07-21 11:29:47,2021-07-21 11:33:12,2 Ave & E 104 St,7436,E 106 St & Lexington Ave,7504,40.7892105,-73.94370784,40.791976,-73.945993,member
2770563,9E1B344FC93974A5,classic_bike,2021-07-28 21:44:28,2021-07-28 22:01:24,2 Ave & E 104 St,7436,E 72 St & York Ave,6889,40.7892105,-73.94370784,40.76663814,-73.95348296,member
2770586,B2A5DFC6537AFF59,electric_bike,2021-07-23 21:23:34,2021-07-23 21:26:34,2 Ave & E 104 St,7436,E 106 St & Lexington Ave,7504,40.7892105,-73.94370784,40.791976,-73.945993,member
2770589,10B3A59BD68BB021,electric_bike,2021-07-02 07:16:01,2021-07-02 07:24:39,2 Ave & E 104 St,7436,E 72 St & York Ave,6889,40.7892105,-73.94370784,40.76663814,-73.95348296,casual
2775577,148F548E4E62A1FC,electric_bike,2021-07-13 18:48:11,2021-07-13 18:52:16,2 Ave & E 104 St,7436,E 118 St & 3 Ave,7611,40.7892105,-73.94370784,40.799139,-73.9389152,member
2775608,6DE123A3E0A7F5C0,classic_bike,2021-07-18 13:36:33,2021-07-18 13:41:32,2 Ave & E 104 St,7436,E 118 St & 3 Ave,7611,40.7892105,-73.94370784,40.799139,-73.9389152,casual
2775613,F2FE3505F258059A,classic_bike,2021-07-11 01:04:37,2021-07-11 01:16:20,2 Ave & E 104 St,7436,E 118 St & 3 Ave,7611,40.7892105,-73.94370784,40.799139,-73.9389152,member
2775785,B8AFDACD03571A95,classic_bike,2021-07-16 07:52:15,2021-07-16 08:13:52,2 Ave & E 104 St,7436,E 118 St & 3 Ave,7611,40.7892105,-73.94370784,40.799139,-73.9389152,member
2778240,EEF809968BECC396,electric_bike,2021-07-29 15:32:59,2021-07-29 15:38:47,2 Ave & E 104 St,7436,E 118 St & 3 Ave,7611,40.7892105,-73.94370784,40.799139,-73.9389152,member
2780554,9AD29EC6ACF6668A,classic_bike,2021-07-27 17:58:34,2021-07-27 18:37:26,2 Ave & E 104 St,7436,St Marks Pl & 1 Ave,5626,40.7892105,-73.94370784,40.72779126,-73.98564945,member
2787164,D778C511091D81B0,classic_bike,2021-07-29 15:01:13,2021-07-29 15:08:29,2 Ave & E 104 St,7436,E 106 St & 1 Ave,7456,40.7892105,-73.94370784,40.7892529,-73.93956237,member
2787599,09DB2644E12C2744,classic_bike,2021-07-24 17:26:45,2021-07-24 17:29:57,2 Ave & E 104 St,7436,E 106 St & 1 Ave,7456,40.7892105,-73.94370784,40.7892529,-73.93956237,member
2787608,F5164390CAA185E1,classic_bike,2021-07-11 17:17:58,2021-07-11 17:26:03,2 Ave & E 104 St,7436,E 106 St & 1 Ave,7456,40.7892105,-73.94370784,40.7892529,-73.93956237,member
2787744,CB41FE4B2C1AFA67,classic_bike,2021-07-30 14:06:38,2021-07-30 14:12:18,2 Ave & E 104 St,7436,E 106 St & 1 Ave,7456,40.7892105,-73.94370784,40.7892529,-73.93956237,member
2787790,957EBF2ADCCAAC57,electric_bike,2021-07-23 21:14:59,2021-07-23 21:43:17,2 Ave & E 104 St,7436,E 13 St & 2 Ave,5820,40.7892105,-73.94370784,40.73153937464073,-73.9853024482727,member
2787798,329947150F4B90FD,electric_bike,2021-07-04 17:36:35,2021-07-04 17:53:02,2 Ave & E 104 St,7436,Concourse Village West & E 156 St,7962,40.7892105,-73.94370784,40.823162,-73.923267,casual
2787829,65765C47B03DFD04,classic_bike,2021-07-15 11:18:49,2021-07-15 11:21:39,2 Ave & E 104 St,7436,E 106 St & 1 Ave,7456,40.7892105,-73.94370784,40.7892529,-73.93956237,member
2787830,4334D1BE9893AFE5,classic_bike,2021-07-27 15:11:12,2021-07-27 15:13:21,2 Ave & E 104 St,7436,E 106 St & 1 Ave,7456,40.7892105,-73.94370784,40.7892529,-73.93956237,member
2787841,8058EA51F31370D5,electric_bike,2021-07-30 23:23:33,2021-07-30 23:34:51,2 Ave & E 104 St,7436,E 106 St & 1 Ave,7456,40.7892105,-73.94370784,40.7892529,-73.93956237,member
2787846,BCC567BE04BED29B,electric_bike,2021-07-27 20:26:58,2021-07-27 20:30:42,2 Ave & E 104 St,7436,E 106 St & 1 Ave,7456,40.7892105,-73.94370784,40.7892529,-73.93956237,member
2788509,479778B27D9D2AD4,electric_bike,2021-07-07 17:37:26,2021-07-07 18:07:10,2 Ave & E 104 St,7436,E 13 St & 2 Ave,5820,40.7892105,-73.94370784,40.73153937464073,-73.9853024482727,member
2798554,60715D1B09DAEF90,electric_bike,2021-07-10 17:16:52,2021-07-10 17:44:11,2 Ave & E 104 St,7436,12 Ave & W 40 St,6765,40.7892105,-73.94370784,40.76087502,-74.00277668,member
2798564,894E535453925049,classic_bike,2021-07-12 17:14:44,2021-07-12 18:00:05,2 Ave & E 104 St,7436,E 16 St & Irving Pl,5938,40.7892105,-73.94370784,40.735367055605394,-73.98797392845154,casual
2799385,800EF883EBE8E592,classic_bike,2021-07-06 08:29:55,2021-07-06 08:59:35,2 Ave & E 104 St,7436,Broadway & W 37 St,6441,40.7892105,-73.94370784,40.75172632,-73.98753523,member
2799495,92D1A88A1D2C6014,classic_bike,2021-07-13 07:51:54,2021-07-13 08:21:32,2 Ave & E 104 St,7436,Broadway & W 37 St,6441,40.7892105,-73.94370784,40.75172632,-73.98753523,member
2799513,52C3F15352FE154B,classic_bike,2021-07-21 16:46:46,2021-07-21 17:26:49,2 Ave & E 104 St,7436,31 St & Newtown Ave,6923,40.7892105,-73.94370784,40.7675487799971,-73.9209334552288,member
2799628,467CF9159C4CB9AA,classic_bike,2021-07-07 07:13:00,2021-07-07 07:42:32,2 Ave & E 104 St,7436,Broadway & W 37 St,6441,40.7892105,-73.94370784,40.75172632,-73.98753523,member
2799639,6E89D8FE78EABAFE,classic_bike,2021-07-02 08:52:56,2021-07-02 09:23:23,2 Ave & E 104 St,7436,21 St & Queens Plaza North,6471,40.7892105,-73.94370784,40.75325964,-73.94335788,member
2799712,8A80A80546A9BA90,classic_bike,2021-07-23 07:46:46,2021-07-23 08:20:31,2 Ave & E 104 St,7436,Broadway & W 37 St,6441,40.7892105,-73.94370784,40.75172632,-73.98753523,member
2799734,F9D3B5E1F58D8962,classic_bike,2021-07-12 07:20:11,2021-07-12 07:50:52,2 Ave & E 104 St,7436,Broadway & W 37 St,6441,40.7892105,-73.94370784,40.75172632,-73.98753523,member
2799737,1449C0542D6A22B4,classic_bike,2021-07-22 07:40:08,2021-07-22 08:09:50,2 Ave & E 104 St,7436,Broadway & W 37 St,6441,40.7892105,-73.94370784,40.75172632,-73.98753523,member
2812157,CCA6F4B39EC3EA6C,classic_bike,2021-07-18 16:24:30,2021-07-18 16:47:13,2 Ave & E 104 St,7436,Madison Av & E 51 St,6659,40.7892105,-73.94370784,40.75863,-73.97513,member
2812162,AA1C9EA82EA8C840,electric_bike,2021-07-16 22:42:44,2021-07-16 22:56:38,2 Ave & E 104 St,7436,West End Ave & W 94 St,7524,40.7892105,-73.94370784,40.7941654,-73.974124,member
2812197,E948575E1090C772,classic_bike,2021-07-12 11:16:17,2021-07-12 11:20:27,2 Ave & E 104 St,7436,1 Ave & E 94 St,7286,40.7892105,-73.94370784,40.7817212,-73.94594,member
2812198,2CE1FA54B0822679,classic_bike,2021-07-07 09:21:31,2021-07-07 09:26:21,2 Ave & E 104 St,7436,1 Ave & E 94 St,7286,40.7892105,-73.94370784,40.7817212,-73.94594,member
2812201,FA3E666C0099578A,classic_bike,2021-07-12 16:15:14,2021-07-12 16:38:28,2 Ave & E 104 St,7436,West End Ave & W 94 St,7524,40.7892105,-73.94370784,40.7941654,-73.974124,member
2812202,6E4B58DBF0D6D2BA,classic_bike,2021-07-25 15:57:23,2021-07-25 16:02:27,2 Ave & E 104 St,7436,1 Ave & E 94 St,7286,40.7892105,-73.94370784,40.7817212,-73.94594,member
2812255,65496B11833CC3F6,classic_bike,2021-07-08 00:09:13,2021-07-08 00:15:52,2 Ave & E 104 St,7436,1 Ave & E 94 St,7286,40.7892105,-73.94370784,40.7817212,-73.94594,member
2812268,1785294FB6CDC9FB,electric_bike,2021-07-17 19:13:10,2021-07-17 19:30:07,2 Ave & E 104 St,7436,E 75 St & 3 Ave,6991,40.7892105,-73.94370784,40.77112927,-73.95772297,member
2812295,ED8BFAB63022C2D1,classic_bike,2021-07-05 19:20:49,2021-07-05 20:12:16,2 Ave & E 104 St,7436,Icahn Stadium,7514,40.7892105,-73.94370784,40.79346,-73.92389,member
2812296,A5313481F804A984,classic_bike,2021-07-22 15:44:40,2021-07-22 15:54:03,2 Ave & E 104 St,7436,1 Ave & E 94 St,7286,40.7892105,-73.94370784,40.7817212,-73.94594,member
2812297,057AEEC98943C63C,classic_bike,2021-07-20 16:33:40,2021-07-20 16:38:08,2 Ave & E 104 St,7436,1 Ave & E 94 St,7286,40.7892105,-73.94370784,40.7817212,-73.94594,member
2812303,AA976605801B2DBD,classic_bike,2021-07-20 11:58:54,2021-07-20 12:03:33,2 Ave & E 104 St,7436,1 Ave & E 94 St,7286,40.7892105,-73.94370784,40.7817212,-73.94594,casual
2812342,C9F90113DE463AFC,classic_bike,2021-07-24 21:49:37,2021-07-24 21:53:43,2 Ave & E 104 St,7436,1 Ave & E 94 St,7286,40.7892105,-73.94370784,40.7817212,-73.94594,member
2812350,10CFA311EC81A110,electric_bike,2021-07-21 18:07:53,2021-07-21 18:17:49,2 Ave & E 104 St,7436,Icahn Stadium,7514,40.7892105,-73.94370784,40.79346,-73.92389,casual
2812390,72B805E5E38D6BF7,classic_bike,2021-07-18 12:45:24,2021-07-18 12:58:57,2 Ave & E 104 St,7436,Icahn Stadium,7514,40.7892105,-73.94370784,40.79346,-73.92389,casual
2812406,2739F9AAA5D88F57,classic_bike,2021-07-27 17:18:04,2021-07-27 17:29:57,2 Ave & E 104 St,7436,Icahn Stadium,7514,40.7892105,-73.94370784,40.79346,-73.92389,member
2812408,2408339F0C07B856,electric_bike,2021-07-12 14:14:02,2021-07-12 14:30:54,2 Ave & E 104 St,7436,1 Ave & E 94 St,7286,40.7892105,-73.94370784,40.7817212,-73.94594,member
2812409,DB1E5D3CC4832101,electric_bike,2021-07-08 19:16:27,2021-07-08 19:26:23,2 Ave & E 104 St,7436,1 Ave & E 94 St,7286,40.7892105,-73.94370784,40.7817212,-73.94594,casual
2812410,DA36C993EA4C7835,classic_bike,2021-07-08 11:33:06,2021-07-08 11:39:23,2 Ave & E 104 St,7436,1 Ave & E 94 St,7286,40.7892105,-73.94370784,40.7817212,-73.94594,casual
2812411,9E8EE1A04AAD3E7F,classic_bike,2021-07-12 12:26:06,2021-07-12 12:44:20,2 Ave & E 104 St,7436,West End Ave & W 94 St,7524,40.7892105,-73.94370784,40.7941654,-73.974124,casual
2812413,2750CA081D16B1E2,classic_bike,2021-07-27 16:59:46,2021-07-27 17:05:15,2 Ave & E 104 St,7436,1 Ave & E 94 St,7286,40.7892105,-73.94370784,40.7817212,-73.94594,casual
2813312,27B5CD6E24AAF96A,classic_bike,2021-07-31 13:08:35,2021-07-31 13:14:07,2 Ave & E 104 St,7436,1 Ave & E 94 St,7286,40.7892105,-73.94370784,40.7817212,-73.94594,member
2813313,E3F23D92E224AC59,classic_bike,2021-07-18 08:50:40,2021-07-18 08:57:36,2 Ave & E 104 St,7436,1 Ave & E 94 St,7286,40.7892105,-73.94370784,40.7817212,-73.94594,member
2820230,469BA3E336F452D8,classic_bike,2021-07-30 18:07:30,2021-07-30 19:19:46,2 Ave & E 104 St,7436,5 Ave & E 78 St,7161,40.7892105,-73.94370784,40.77632142182271,-73.96427392959595,casual
2820274,1097EAF6A50676E4,classic_bike,2021-07-23 07:59:32,2021-07-23 08:26:54,2 Ave & E 104 St,7436,Broadway & W 36 St,6441,40.7892105,-73.94370784,40.75097711,-73.98765428,member
2820316,4BBDD2CC389DA91D,classic_bike,2021-07-02 14:04:27,2021-07-02 14:26:27,2 Ave & E 104 St,7436,W 50 St & 9 Ave,6854,40.7892105,-73.94370784,40.76360467795863,-73.98917958140373,member
2820374,9E1BD02A8525CC57,classic_bike,2021-07-30 18:06:46,2021-07-30 19:20:32,2 Ave & E 104 St,7436,5 Ave & E 78 St,7161,40.7892105,-73.94370784,40.77632142182271,-73.96427392959595,casual
2820378,CF77137F422B508F,electric_bike,2021-07-18 21:17:34,2021-07-18 21:27:02,2 Ave & E 104 St,7436,5 Ave & E 78 St,7161,40.7892105,-73.94370784,40.77632142182271,-73.96427392959595,member
2820651,A709F335EE52B7DF,electric_bike,2021-07-05 21:12:44,2021-07-05 21:22:20,2 Ave & E 104 St,7436,5 Ave & E 78 St,7161,40.7892105,-73.94370784,40.77632142182271,-73.96427392959595,member
2820652,5C2671050463CFC8,electric_bike,2021-07-21 23:16:33,2021-07-21 23:26:33,2 Ave & E 104 St,7436,5 Ave & E 78 St,7161,40.7892105,-73.94370784,40.77632142182271,-73.96427392959595,member
2820660,BABE0CDD95D8B5E7,classic_bike,2021-07-20 19:04:39,2021-07-20 19:14:53,2 Ave & E 104 St,7436,5 Ave & E 78 St,7161,40.7892105,-73.94370784,40.77632142182271,-73.96427392959595,member
2828417,8B3353739A74172E,electric_bike,2021-07-25 11:26:53,2021-07-25 11:54:08,2 Ave & E 104 St,7436,1 Ave & E 16 St,5779,40.7892105,-73.94370784,40.73221853,-73.98165557,casual
2828426,5337E553908DB358,classic_bike,2021-07-15 14:09:36,2021-07-15 14:49:37,2 Ave & E 104 St,7436,E 158 St & Melrose Ave,7957,40.7892105,-73.94370784,40.822215,-73.914688,member
2828514,B91F00611F399D3C,electric_bike,2021-07-16 09:56:21,2021-07-16 10:11:47,2 Ave & E 104 St,7436,Adam Clayton Powell Blvd & W 138 St,7855,40.7892105,-73.94370784,40.81695971032464,-73.9422959089279,casual
2838712,909A224E78F3CA5B,electric_bike,2021-07-08 19:04:47,2021-07-08 19:30:45,2 Ave & E 104 St,7436,Allen St & Rivington St,5414,40.7892105,-73.94370784,40.72019576,-73.98997825,member
2841527,4569062C5F4A82CB,electric_bike,2021-07-28 21:19:26,2021-07-28 21:26:17,2 Ave & E 104 St,7436,E 88 St & 1 Ave,7235,40.7892105,-73.94370784,40.778301,-73.9488134,casual
2841528,92B42473034435F0,classic_bike,2021-07-15 20:15:07,2021-07-15 20:22:35,2 Ave & E 104 St,7436,E 88 St & 1 Ave,7235,40.7892105,-73.94370784,40.778301,-73.9488134,member
2841529,842E5CDA0594268F,classic_bike,2021-07-20 12:18:17,2021-07-20 12:26:58,2 Ave & E 104 St,7436,E 88 St & 1 Ave,7235,40.7892105,-73.94370784,40.778301,-73.9488134,member
2841534,2EBC9A26B8307A28,classic_bike,2021-07-30 09:09:32,2021-07-30 09:20:27,2 Ave & E 104 St,7436,E 88 St & 1 Ave,7235,40.7892105,-73.94370784,40.778301,-73.9488134,member
2841553,62BFCD9C80C7B37D,classic_bike,2021-07-11 20:26:05,2021-07-11 20:34:33,2 Ave & E 104 St,7436,E 88 St & 1 Ave,7235,40.7892105,-73.94370784,40.778301,-73.9488134,member
2841568,9F032C2F1DB42308,classic_bike,2021-07-29 21:42:14,2021-07-29 21:50:20,2 Ave & E 104 St,7436,E 88 St & 1 Ave,7235,40.7892105,-73.94370784,40.778301,-73.9488134,member
2841574,2C55D5976B42847A,classic_bike,2021-07-30 16:30:44,2021-07-30 16:39:19,2 Ave & E 104 St,7436,E 88 St & 1 Ave,7235,40.7892105,-73.94370784,40.778301,-73.9488134,casual
2841600,7F64C20F8FAB284F,classic_bike,2021-07-24 13:58:47,2021-07-24 14:06:37,2 Ave & E 104 St,7436,E 88 St & 1 Ave,7235,40.7892105,-73.94370784,40.778301,-73.9488134,casual
2841607,3E5A55AA65A07D22,electric_bike,2021-07-15 09:26:44,2021-07-15 09:33:01,2 Ave & E 104 St,7436,E 88 St & 1 Ave,7235,40.7892105,-73.94370784,40.778301,-73.9488134,member
2841608,F9A0A663C79284C9,classic_bike,2021-07-04 19:40:20,2021-07-04 19:47:11,2 Ave & E 104 St,7436,E 88 St & 1 Ave,7235,40.7892105,-73.94370784,40.778301,-73.9488134,member
2841616,6EC9AD161009080B,classic_bike,2021-07-08 10:01:08,2021-07-08 10:10:04,2 Ave & E 104 St,7436,E 88 St & 1 Ave,7235,40.7892105,-73.94370784,40.778301,-73.9488134,member
2841620,ED05140D3AF43B52,classic_bike,2021-07-17 21:22:26,2021-07-17 21:30:36,2 Ave & E 104 St,7436,E 88 St & 1 Ave,7235,40.7892105,-73.94370784,40.778301,-73.9488134,member
2841621,13BA99F1ACB427F6,classic_bike,2021-07-17 20:18:46,2021-07-17 20:24:38,2 Ave & E 104 St,7436,E 88 St & 1 Ave,7235,40.7892105,-73.94370784,40.778301,-73.9488134,member
2841622,C8D247AB3B251A94,classic_bike,2021-07-30 21:29:22,2021-07-30 21:35:25,2 Ave & E 104 St,7436,E 88 St & 1 Ave,7235,40.7892105,-73.94370784,40.778301,-73.9488134,member
2841623,62BA89C727E14FEE,classic_bike,2021-07-31 12:20:22,2021-07-31 12:29:51,2 Ave & E 104 St,7436,E 88 St & 1 Ave,7235,40.7892105,-73.94370784,40.778301,-73.9488134,member
2841631,7317C12E4264114E,classic_bike,2021-07-17 12:30:44,2021-07-17 12:43:00,2 Ave & E 104 St,7436,E 88 St & 1 Ave,7235,40.7892105,-73.94370784,40.778301,-73.9488134,casual
2841688,F9E1FD5D7B63F25E,electric_bike,2021-07-27 15:29:49,2021-07-27 15:46:40,2 Ave & E 104 St,7436,Amsterdam Ave & W 125 St,7800,40.7892105,-73.94370784,40.813358,-73.956461,member
2841802,CE81BF4379B8935D,electric_bike,2021-07-24 17:21:15,2021-07-24 17:38:12,2 Ave & E 104 St,7436,St. Nicholas Terrace & Convent Ave,7937,40.7892105,-73.94370784,40.821294,-73.947868,member
2841805,9AFEC91178F0DE01,classic_bike,2021-07-26 16:33:15,2021-07-26 16:40:38,2 Ave & E 104 St,7436,E 88 St & 1 Ave,7235,40.7892105,-73.94370784,40.778301,-73.9488134,member
2841806,6733929DBB49683A,electric_bike,2021-07-19 08:58:00,2021-07-19 09:05:31,2 Ave & E 104 St,7436,E 88 St & 1 Ave,7235,40.7892105,-73.94370784,40.778301,-73.9488134,member
2841807,FE43486526718F37,classic_bike,2021-07-10 18:49:17,2021-07-10 18:55:12,2 Ave & E 104 St,7436,E 88 St & 1 Ave,7235,40.7892105,-73.94370784,40.778301,-73.9488134,member
2841808,1D2D8FFCEB9813D4,classic_bike,2021-07-17 09:25:43,2021-07-17 09:32:57,2 Ave & E 104 St,7436,E 88 St & 1 Ave,7235,40.7892105,-73.94370784,40.778301,-73.9488134,casual
2841809,B374B7D7E22B7D08,electric_bike,2021-07-01 14:17:57,2021-07-01 14:22:27,2 Ave & E 104 St,7436,E 88 St & 1 Ave,7235,40.7892105,-73.94370784,40.778301,-73.9488134,casual
2852227,90B420ACAD6E0143,electric_bike,2021-07-01 01:38:09,2021-07-01 02:04:19,2 Ave & E 104 St,7436,W 113 St & Broadway,7713,40.7892105,-73.94370784,40.805973,-73.964928,casual
2852228,00D8CDB670115CA5,electric_bike,2021-07-29 05:51:34,2021-07-29 06:04:14,2 Ave & E 104 St,7436,W 113 St & Broadway,7713,40.7892105,-73.94370784,40.805973,-73.964928,member
2852253,24CD0738942C66C0,electric_bike,2021-07-27 14:52:57,2021-07-27 15:17:03,2 Ave & E 104 St,7436,Gerard Ave & E 146 St,7868,40.7892105,-73.94370784,40.817755,-73.92965,member
2852261,978BF8C52F0A4C0C,docked_bike,2021-07-15 09:20:10,2021-07-15 09:51:25,2 Ave & E 104 St,7436,2 Ave & E 31 St,6197,40.789211,-73.943708,40.742909,-73.977061,casual
2854821,22114EC8C8CBD0EE,electric_bike,2021-07-01 08:10:07,2021-07-01 08:37:57,2 Ave & E 104 St,7436,E 27 St & 1 Ave,6004,40.7892105,-73.94370784,40.739445,-73.976806,member
2854840,5CC022459267FF54,classic_bike,2021-07-05 14:23:07,2021-07-05 14:53:30,2 Ave & E 104 St,7436,E 27 St & 1 Ave,6004,40.7892105,-73.94370784,40.739445,-73.976806,member
2854845,56F730AED7DAA072,classic_bike,2021-07-03 11:37:48,2021-07-03 12:03:46,2 Ave & E 104 St,7436,2 Ave & E 31 St,6197,40.7892105,-73.94370784,40.74290902,-73.97706058,member
2871697,D234D94C2FEA5318,classic_bike,2021-07-26 15:34:53,2021-07-26 16:47:01,2 Ave & E 104 St,7436,Monroe St & Tompkins Ave,4434,40.7892105,-73.94370784,40.686203,-73.944694,casual
2879778,8F7061050121986D,electric_bike,2021-07-14 19:44:05,2021-07-14 20:16:58,2 Ave & E 104 St,7436,10 Ave & W 28 St,6459,40.7892105,-73.94370784,40.75066386,-74.00176802,member
2879845,829B959428FD69EE,electric_bike,2021-07-14 19:43:32,2021-07-14 20:16:56,2 Ave & E 104 St,7436,10 Ave & W 28 St,6459,40.7892105,-73.94370784,40.75066386,-74.00176802,member
2881161,C95451C6CAD60840,classic_bike,2021-07-11 08:29:56,2021-07-11 09:00:01,2 Ave & E 104 St,7436,W 52 St & 11 Ave,6926,40.7892105,-73.94370784,40.76727216,-73.99392888,member
2887781,53958D592AB01E19,electric_bike,2021-07-21 08:37:09,2021-07-21 08:59:42,2 Ave & E 104 St,7436,W 51 St & Rockefeller Plaza,6700,40.7892105,-73.94370784,40.75969995906254,-73.97808194160461,member
2888053,D916A3774EAB098D,classic_bike,2021-07-18 15:30:24,2021-07-18 16:03:06,2 Ave & E 104 St,7436,E 53 St & Lexington Ave,6617,40.7892105,-73.94370784,40.75828065,-73.97069431,casual
2892938,0A720ECD80B21EA2,classic_bike,2021-07-13 07:08:30,2021-07-13 07:25:05,2 Ave & E 104 St,7436,Grand Army Plaza & Central Park S,6839,40.7892105,-73.94370784,40.7643971,-73.97371465,member
2902435,820A98E6FF9C7849,electric_bike,2021-07-25 16:10:36,2021-07-25 16:30:45,2 Ave & E 104 St,7436,E 53 St & Lexington Ave,6617,40.7892105,-73.94370784,40.75828065,-73.97069431,member
2902449,FE85733704E91FD2,electric_bike,2021-07-06 07:10:57,2021-07-06 07:29:57,2 Ave & E 104 St,7436,E 53 St & Lexington Ave,6617,40.7892105,-73.94370784,40.75828065,-73.97069431,member
2902454,9ECCEEF52DC0E1D4,electric_bike,2021-07-07 04:46:02,2021-07-07 05:00:07,2 Ave & E 104 St,7436,Adam Clayton Powell Blvd & W 141 St,7893,40.7892105,-73.94370784,40.819241,-73.941057,member
2902459,34843C5F30CAF449,classic_bike,2021-07-18 15:30:39,2021-07-18 16:02:49,2 Ave & E 104 St,7436,E 53 St & Lexington Ave,6617,40.7892105,-73.94370784,40.75828065,-73.97069431,casual
2902466,556C6A713E3A442B,classic_bike,2021-07-08 07:51:45,2021-07-08 08:10:21,2 Ave & E 104 St,7436,Grand Army Plaza & Central Park S,6839,40.7892105,-73.94370784,40.7643971,-73.97371465,member
2902500,837C26F47B33CDAB,classic_bike,2021-07-07 08:25:47,2021-07-07 08:46:46,2 Ave & E 104 St,7436,Grand Army Plaza & Central Park S,6839,40.7892105,-73.94370784,40.7643971,-73.97371465,member
2902501,2CD728AEE3BE1BF2,classic_bike,2021-07-12 08:02:02,2021-07-12 08:24:02,2 Ave & E 104 St,7436,Grand Army Plaza & Central Park S,6839,40.7892105,-73.94370784,40.7643971,-73.97371465,member
2902504,4888CBB52D9DC069,electric_bike,2021-07-16 16:47:08,2021-07-16 17:02:38,2 Ave & E 104 St,7436,E 53 St & Lexington Ave,6617,40.7892105,-73.94370784,40.75828065,-73.97069431,member
2902585,ECC45E20A404DB92,electric_bike,2021-07-15 23:52:56,2021-07-16 00:21:56,2 Ave & E 104 St,7436,Adam Clayton Powell Blvd & W 141 St,7893,40.7892105,-73.94370784,40.819241,-73.941057,member
2905417,5F2929A3539AE3F0,classic_bike,2021-07-18 15:30:08,2021-07-18 16:02:32,2 Ave & E 104 St,7436,E 53 St & Lexington Ave,6617,40.7892105,-73.94370784,40.75828065,-73.97069431,casual
2908359,2E3B307205A3DE97,classic_bike,2021-07-26 11:35:27,2021-07-26 11:46:34,2 Ave & E 104 St,7436,3 Ave & E 112 St,7543,40.7892105,-73.94370784,40.795508,-73.941606,member
2913955,92B8A7C774E9ABB4,electric_bike,2021-07-18 12:27:07,2021-07-18 12:29:58,2 Ave & E 104 St,7436,3 Ave & E 112 St,7543,40.7892105,-73.94370784,40.795508,-73.941606,member
2913976,4A335C87D8C45B42,electric_bike,2021-07-06 11:40:13,2021-07-06 11:43:59,2 Ave & E 104 St,7436,3 Ave & E 112 St,7543,40.7892105,-73.94370784,40.795508,-73.941606,casual
2913992,695D7BC29B39B138,classic_bike,2021-07-02 11:20:58,2021-07-02 11:33:19,2 Ave & E 104 St,7436,3 Ave & E 112 St,7543,40.7892105,-73.94370784,40.795508,-73.941606,member
2913993,AA43DD198F440DC0,classic_bike,2021-07-01 11:54:38,2021-07-01 12:02:33,2 Ave & E 104 St,7436,3 Ave & E 112 St,7543,40.7892105,-73.94370784,40.795508,-73.941606,member
2913994,5D86C1822A14D11A,electric_bike,2021-07-04 10:28:20,2021-07-04 10:31:48,2 Ave & E 104 St,7436,3 Ave & E 112 St,7543,40.7892105,-73.94370784,40.795508,-73.941606,casual
2914002,3C8A8D46554985A9,classic_bike,2021-07-10 18:20:37,2021-07-10 18:49:35,2 Ave & E 104 St,7436,3 Ave & E 112 St,7543,40.7892105,-73.94370784,40.795508,-73.941606,member
2914010,5FE05599C7F14548,classic_bike,2021-07-21 10:16:21,2021-07-21 10:28:15,2 Ave & E 104 St,7436,3 Ave & E 112 St,7543,40.7892105,-73.94370784,40.795508,-73.941606,member
2914011,48CD1C9C818E1B62,classic_bike,2021-07-15 12:43:55,2021-07-15 12:51:56,2 Ave & E 104 St,7436,3 Ave & E 112 St,7543,40.7892105,-73.94370784,40.795508,-73.941606,member
2914012,0D35EABD70877476,classic_bike,2021-07-09 12:26:46,2021-07-09 12:31:42,2 Ave & E 104 St,7436,3 Ave & E 112 St,7543,40.7892105,-73.94370784,40.795508,-73.941606,member
2914019,1D7DD2CDFAA8BD04,classic_bike,2021-07-30 11:27:41,2021-07-30 11:42:25,2 Ave & E 104 St,7436,3 Ave & E 112 St,7543,40.7892105,-73.94370784,40.795508,-73.941606,casual
2914020,92085AE7B33A7368,classic_bike,2021-07-20 16:48:26,2021-07-20 16:52:24,2 Ave & E 104 St,7436,3 Ave & E 112 St,7543,40.7892105,-73.94370784,40.795508,-73.941606,casual
2914021,23A8DF8E3A288330,electric_bike,2021-07-10 22:02:22,2021-07-10 22:20:56,2 Ave & E 104 St,7436,W 133 St & 12 Ave,7925,40.7892105,-73.94370784,40.820003,-73.959089,casual
2914024,87C7E19854CE7425,classic_bike,2021-07-31 22:40:51,2021-07-31 22:47:08,2 Ave & E 104 St,7436,3 Ave & E 112 St,7543,40.7892105,-73.94370784,40.795508,-73.941606,member
2914025,B8881F323F135231,classic_bike,2021-07-27 11:58:34,2021-07-27 12:30:00,2 Ave & E 104 St,7436,3 Ave & E 112 St,7543,40.7892105,-73.94370784,40.795508,-73.941606,member
2914032,9372AC2141822699,classic_bike,2021-07-14 12:31:27,2021-07-14 12:42:18,2 Ave & E 104 St,7436,3 Ave & E 112 St,7543,40.7892105,-73.94370784,40.795508,-73.941606,member
2914033,D0756B8472EF18AB,classic_bike,2021-07-13 11:47:41,2021-07-13 12:04:48,2 Ave & E 104 St,7436,3 Ave & E 112 St,7543,40.7892105,-73.94370784,40.795508,-73.941606,member
2914039,4D4D05827E7EF715,electric_bike,2021-07-01 22:23:26,2021-07-01 22:51:12,2 Ave & E 104 St,7436,Broadway & Moylan Pl,7823,40.7892105,-73.94370784,40.8143256,-73.9590255,member
2914275,EB5A9532C4D2FF60,classic_bike,2021-07-16 12:03:49,2021-07-16 12:30:38,2 Ave & E 104 St,7436,3 Ave & E 112 St,7543,40.7892105,-73.94370784,40.795508,-73.941606,member
2914276,53ADFA204C04F31C,classic_bike,2021-07-07 12:15:16,2021-07-07 12:24:19,2 Ave & E 104 St,7436,3 Ave & E 112 St,7543,40.7892105,-73.94370784,40.795508,-73.941606,member
2914277,6177DE247C33D85A,classic_bike,2021-07-06 12:15:58,2021-07-06 12:21:16,2 Ave & E 104 St,7436,3 Ave & E 112 St,7543,40.7892105,-73.94370784,40.795508,-73.941606,member
2914292,BF5CD6EAF7FB87FF,classic_bike,2021-07-22 20:07:48,2021-07-22 20:13:58,2 Ave & E 104 St,7436,3 Ave & E 112 St,7543,40.7892105,-73.94370784,40.795508,-73.941606,casual
2914294,E1652F8379BC220E,electric_bike,2021-07-18 16:08:26,2021-07-18 16:15:19,2 Ave & E 104 St,7436,3 Ave & E 112 St,7543,40.7892105,-73.94370784,40.795508,-73.941606,member
2914308,A9BA3170F8B922BA,classic_bike,2021-07-24 16:56:44,2021-07-24 17:26:03,2 Ave & E 104 St,7436,21 St & Hoyt Ave S,7126,40.7892105,-73.94370784,40.774645,-73.923706,member
2914974,BE40EEA40349C3AA,classic_bike,2021-07-24 12:07:12,2021-07-24 12:24:16,2 Ave & E 104 St,7436,3 Ave & E 112 St,7543,40.7892105,-73.94370784,40.795508,-73.941606,member
2914977,60BD3CA023D21627,classic_bike,2021-07-28 23:49:39,2021-07-28 23:54:24,2 Ave & E 104 St,7436,3 Ave & E 112 St,7543,40.7892105,-73.94370784,40.795508,-73.941606,casual
2920371,8986130389A92B10,electric_bike,2021-07-15 02:00:59,2021-07-15 02:18:01,2 Ave & E 104 St,7436,E 149 St & Jackson Ave,7812,40.7892105,-73.94370784,40.813135,-73.909235,member
2920380,596478F688C39BCA,electric_bike,2021-07-12 07:41:38,2021-07-12 07:56:17,2 Ave & E 104 St,7436,2 Ave & E 55 St,6650,40.7892105,-73.94370784,40.757920208794026,-73.96638214588165,member
2920722,BE3571267135FD5F,classic_bike,2021-07-10 13:06:13,2021-07-10 13:21:07,2 Ave & E 104 St,7436,Mt Morris Park W & W 120 St,7685,40.7892105,-73.94370784,40.804038,-73.945925,member
2920741,29C35DCDB671D6F4,electric_bike,2021-07-02 13:12:52,2021-07-02 13:23:09,2 Ave & E 104 St,7436,2 Ave & E 55 St,6650,40.7892105,-73.94370784,40.757920208794026,-73.96638214588165,member
2920749,6860F1C9EA6A1965,electric_bike,2021-07-02 10:19:54,2021-07-02 10:29:13,2 Ave & E 104 St,7436,Mt Morris Park W & W 120 St,7685,40.7892105,-73.94370784,40.804038,-73.945925,casual
2920752,2DC89324C115BAC0,classic_bike,2021-07-27 16:19:00,2021-07-27 16:38:21,2 Ave & E 104 St,7436,2 Ave & E 55 St,6650,40.7892105,-73.94370784,40.757920208794026,-73.96638214588165,member
2920958,7A14394D69A6B18C,classic_bike,2021-07-14 11:56:32,2021-07-14 12:25:06,2 Ave & E 104 St,7436,2 Ave & E 55 St,6650,40.7892105,-73.94370784,40.757920208794026,-73.96638214588165,member
2920959,A11D4223F2721C67,classic_bike,2021-07-25 17:42:44,2021-07-25 18:05:24,2 Ave & E 104 St,7436,2 Ave & E 55 St,6650,40.7892105,-73.94370784,40.757920208794026,-73.96638214588165,member
2921260,614AD037C4EA0142,classic_bike,2021-07-12 20:12:13,2021-07-12 20:37:23,2 Ave & E 104 St,7436,2 Ave & E 55 St,6650,40.7892105,-73.94370784,40.757920208794026,-73.96638214588165,member
2921291,D071AC0F0199BD96,classic_bike,2021-07-18 13:38:11,2021-07-18 14:02:14,2 Ave & E 104 St,7436,2 Ave & E 55 St,6650,40.7892105,-73.94370784,40.757920208794026,-73.96638214588165,member
2921292,AD541465B313972E,classic_bike,2021-07-01 12:59:12,2021-07-01 13:20:18,2 Ave & E 104 St,7436,2 Ave & E 55 St,6650,40.7892105,-73.94370784,40.757920208794026,-73.96638214588165,member
2921293,9F00E8677E23744F,classic_bike,2021-07-08 13:17:29,2021-07-08 13:43:01,2 Ave & E 104 St,7436,2 Ave & E 55 St,6650,40.7892105,-73.94370784,40.757920208794026,-73.96638214588165,member
2921294,75F41B0B605DA387,classic_bike,2021-07-05 15:42:14,2021-07-05 16:07:09,2 Ave & E 104 St,7436,2 Ave & E 55 St,6650,40.7892105,-73.94370784,40.757920208794026,-73.96638214588165,member
2921298,25CFFAC51F959623,classic_bike,2021-07-20 07:41:21,2021-07-20 08:10:45,2 Ave & E 104 St,7436,E 44 St & Lexington Ave,6464,40.7892105,-73.94370784,40.752643,-73.974996,member
2942192,2D30FF06C1A47BC2,classic_bike,2021-07-06 15:34:43,2021-07-06 15:46:51,2 Ave & E 104 St,7436,E 91 St & Park Ave,7344,40.7892105,-73.94370784,40.7835016,-73.955327,member
2958466,C57BC7499F50C1A6,classic_bike,2021-07-03 11:44:48,2021-07-03 11:53:26,2 Ave & E 104 St,7436,E 91 St & Park Ave,7344,40.7892105,-73.94370784,40.7835016,-73.955327,member
2958473,2FB69FF735913A73,classic_bike,2021-07-13 20:43:26,2021-07-13 20:56:38,2 Ave & E 104 St,7436,W 89 St & Columbus Ave,7432,40.7892105,-73.94370784,40.7882213,-73.97041561,member
2958485,659D2F50107917A0,electric_bike,2021-07-05 20:31:59,2021-07-05 21:16:03,2 Ave & E 104 St,7436,E 16 St & 5 Ave,6022,40.7892105,-73.94370784,40.73726186,-73.99238967,casual
2958495,F9778AA3176EB160,electric_bike,2021-07-29 23:58:04,2021-07-30 00:23:42,2 Ave & E 104 St,7436,St Marks Pl & 2 Ave,5669,40.7892105,-73.94370784,40.7284186,-73.98713956,member
2958631,7F414D38D90439A5,docked_bike,2021-07-03 10:20:37,2021-07-03 11:01:08,2 Ave & E 104 St,7436,St Marks Pl & 2 Ave,5669,40.789211,-73.943708,40.728419,-73.98714,casual
2958955,E9788D8925355916,classic_bike,2021-07-26 18:05:54,2021-07-26 18:19:36,2 Ave & E 104 St,7436,W 89 St & Columbus Ave,7432,40.7892105,-73.94370784,40.7882213,-73.97041561,member
3033584,E57E6767C6E3FD65,electric_bike,2021-07-18 10:22:19,2021-07-18 10:51:33,2 Ave & E 104 St,7436,W 42 St & 6 Ave,6517,40.7892105,-73.94370784,40.75492,-73.98455,casual
3033745,48FE95B9E32DE6FF,classic_bike,2021-07-17 08:41:51,2021-07-17 09:33:53,2 Ave & E 104 St,7436,8 Ave & W 52 St,6816,40.7892105,-73.94370784,40.76370739,-73.9851615,casual
3033772,90340B81D16CFD35,classic_bike,2021-07-06 08:19:04,2021-07-06 08:37:35,2 Ave & E 104 St,7436,E 138 St & Willow Ave,7654,40.7892105,-73.94370784,40.804168,-73.911545,member
3033908,F306FEC97C019321,electric_bike,2021-07-14 03:08:32,2021-07-14 03:36:32,2 Ave & E 104 St,7436,W 18 St & 6 Ave,6064,40.7892105,-73.94370784,40.73971301,-73.99456405,casual
3035284,36947215B28784B5,classic_bike,2021-07-14 07:44:39,2021-07-14 08:02:44,2 Ave & E 104 St,7436,E 138 St & Willow Ave,7654,40.7892105,-73.94370784,40.804168,-73.911545,member
3035297,236A09174E0BCA84,classic_bike,2021-07-22 07:43:17,2021-07-22 08:02:32,2 Ave & E 104 St,7436,E 138 St & Willow Ave,7654,40.7892105,-73.94370784,40.804168,-73.911545,member
3038319,ADFCE2FC01E29E85,classic_bike,2021-07-16 08:09:07,2021-07-16 08:26:26,2 Ave & E 104 St,7436,E 138 St & Willow Ave,7654,40.7892105,-73.94370784,40.804168,-73.911545,member
3038320,4120AEAD557B41B4,classic_bike,2021-07-20 07:41:11,2021-07-20 07:56:17,2 Ave & E 104 St,7436,E 138 St & Willow Ave,7654,40.7892105,-73.94370784,40.804168,-73.911545,member
3038321,86F9512E894B1EC5,classic_bike,2021-07-12 08:39:13,2021-07-12 09:08:04,2 Ave & E 104 St,7436,E 138 St & Willow Ave,7654,40.7892105,-73.94370784,40.804168,-73.911545,member
3045320,5EF5F449756D2471,classic_bike,2021-07-30 17:30:49,2021-07-30 17:36:49,2 Ave & E 104 St,7436,Madison Ave & E 99 St,7443,40.7892105,-73.94370784,40.78948541553215,-73.95242929458618,member
3045533,CE7A3134B7BD826E,classic_bike,2021-07-05 11:38:37,2021-07-05 11:43:27,2 Ave & E 104 St,7436,Madison Ave & E 99 St,7443,40.7892105,-73.94370784,40.78948541553215,-73.95242929458618,member
3045537,616EFDAE28F8B359,classic_bike,2021-07-23 10:29:44,2021-07-23 10:34:54,2 Ave & E 104 St,7436,Madison Ave & E 99 St,7443,40.7892105,-73.94370784,40.78948541553215,-73.95242929458618,member
3045543,526DC2C7A3194077,classic_bike,2021-07-19 16:37:47,2021-07-19 16:51:58,2 Ave & E 104 St,7436,Madison Ave & E 99 St,7443,40.7892105,-73.94370784,40.78948541553215,-73.95242929458618,member
3045545,148CF49CBE7F492A,classic_bike,2021-07-02 14:49:54,2021-07-02 14:57:36,2 Ave & E 104 St,7436,Madison Ave & E 99 St,7443,40.7892105,-73.94370784,40.78948541553215,-73.95242929458618,member
3045629,00A7FD02B0A0C807,classic_bike,2021-07-09 23:17:51,2021-07-09 23:23:11,2 Ave & E 104 St,7436,Madison Ave & E 99 St,7443,40.7892105,-73.94370784,40.78948541553215,-73.95242929458618,member
3045653,B671DF1DFF24AD19,electric_bike,2021-07-07 17:38:58,2021-07-07 17:54:23,2 Ave & E 104 St,7436,West End Ave & W 107 St,7650,40.7892105,-73.94370784,40.8021174,-73.9681805305,casual
3048277,D79E5C7B8E9B326F,classic_bike,2021-07-22 21:24:41,2021-07-22 21:43:39,2 Ave & E 104 St,7436,W 90 St & Amsterdam Ave,7432,40.7892105,-73.94370784,40.79017948095081,-73.97288918495178,member
3055112,1A1775812894B9F2,classic_bike,2021-07-14 13:12:56,2021-07-14 13:39:43,2 Ave & E 104 St,7436,E 115 St & Lexington Ave,7599,40.7892105,-73.94370784,40.797911,-73.9423,member
3055114,F001799B6EE7952F,classic_bike,2021-07-26 17:41:24,2021-07-26 17:45:50,2 Ave & E 104 St,7436,E 115 St & Lexington Ave,7599,40.7892105,-73.94370784,40.797911,-73.9423,casual
3055121,C592DEC1C79F619A,classic_bike,2021-07-20 08:35:12,2021-07-20 08:44:02,2 Ave & E 104 St,7436,Park Ave & E 124 St,7682,40.7892105,-73.94370784,40.8045555,-73.9396861,casual
3055122,27E415F34981B550,classic_bike,2021-07-11 17:41:53,2021-07-11 17:50:04,2 Ave & E 104 St,7436,E 97 St & 3 Ave,7365,40.7892105,-73.94370784,40.7859201,-73.94860294,member
3055123,B36F05EF507801C2,classic_bike,2021-07-11 16:46:46,2021-07-11 16:59:27,2 Ave & E 104 St,7436,3 Ave & E 100 St,7414,40.7892105,-73.94370784,40.7877214,-73.94728331,member
3055124,39F02EB8D72B6FD6,classic_bike,2021-07-24 15:12:29,2021-07-24 15:27:03,2 Ave & E 104 St,7436,E 115 St & Lexington Ave,7599,40.7892105,-73.94370784,40.797911,-73.9423,member
3055125,1D30C499891A3507,classic_bike,2021-07-12 18:25:06,2021-07-12 18:27:53,2 Ave & E 104 St,7436,E 97 St & 3 Ave,7365,40.7892105,-73.94370784,40.7859201,-73.94860294,member
3055127,2B7ADE2EC8B5B8AC,electric_bike,2021-07-08 05:27:52,2021-07-08 05:34:53,2 Ave & E 104 St,7436,Park Ave & E 124 St,7682,40.7892105,-73.94370784,40.8045555,-73.9396861,casual
3055130,C0D7783422FACCF6,electric_bike,2021-07-28 17:56:20,2021-07-28 17:59:43,2 Ave & E 104 St,7436,E 97 St & 3 Ave,7365,40.7892105,-73.94370784,40.7859201,-73.94860294,casual
3055131,4D0CD1E90FBD6C32,classic_bike,2021-07-15 16:26:56,2021-07-15 16:30:22,2 Ave & E 104 St,7436,3 Ave & E 100 St,7414,40.7892105,-73.94370784,40.7877214,-73.94728331,member
3055132,068C13A3D6F9B828,classic_bike,2021-07-10 10:14:03,2021-07-10 10:20:02,2 Ave & E 104 St,7436,E 115 St & Lexington Ave,7599,40.7892105,-73.94370784,40.797911,-73.9423,casual
3055134,A2C4F13C41E35368,classic_bike,2021-07-16 13:35:12,2021-07-16 13:38:40,2 Ave & E 104 St,7436,E 97 St & 3 Ave,7365,40.7892105,-73.94370784,40.7859201,-73.94860294,member
3055203,818A8D8CCF3F05E1,electric_bike,2021-07-20 10:37:17,2021-07-20 10:41:47,2 Ave & E 104 St,7436,E 115 St & Lexington Ave,7599,40.7892105,-73.94370784,40.797911,-73.9423,member
3055205,125463862ABBF127,classic_bike,2021-07-23 13:59:10,2021-07-23 14:23:09,2 Ave & E 104 St,7436,E 115 St & Lexington Ave,7599,40.7892105,-73.94370784,40.797911,-73.9423,member
3055228,4557D81C802C089F,classic_bike,2021-07-13 19:35:56,2021-07-13 19:47:29,2 Ave & E 104 St,7436,E 118 St & Madison Ave,7640,40.7892105,-73.94370784,40.8014866,-73.9442507,member
3055232,8DCAEF0A5F4EB6CE,classic_bike,2021-07-22 15:18:16,2021-07-22 15:26:38,2 Ave & E 104 St,7436,E 115 St & Lexington Ave,7599,40.7892105,-73.94370784,40.797911,-73.9423,member
3055233,69BE20EF3057F8CA,classic_bike,2021-07-28 09:05:02,2021-07-28 09:10:58,2 Ave & E 104 St,7436,E 97 St & 3 Ave,7365,40.7892105,-73.94370784,40.7859201,-73.94860294,member
3055234,689837B855A3067A,classic_bike,2021-07-01 12:29:20,2021-07-01 12:32:37,2 Ave & E 104 St,7436,3 Ave & E 100 St,7414,40.7892105,-73.94370784,40.7877214,-73.94728331,member
3055235,3D7AFC492B7334A8,classic_bike,2021-07-02 10:19:05,2021-07-02 10:23:03,2 Ave & E 104 St,7436,E 97 St & 3 Ave,7365,40.7892105,-73.94370784,40.7859201,-73.94860294,member
3055248,B055E15A42FAE676,electric_bike,2021-07-21 00:29:50,2021-07-21 00:40:02,2 Ave & E 104 St,7436,Park Ave & E 124 St,7682,40.7892105,-73.94370784,40.8045555,-73.9396861,casual
3055249,24B30DA3210F234B,classic_bike,2021-07-06 11:32:22,2021-07-06 11:35:42,2 Ave & E 104 St,7436,E 97 St & 3 Ave,7365,40.7892105,-73.94370784,40.7859201,-73.94860294,member
3055250,FA2188569AEA9140,electric_bike,2021-07-23 19:43:10,2021-07-23 19:54:38,2 Ave & E 104 St,7436,E 97 St & 3 Ave,7365,40.7892105,-73.94370784,40.7859201,-73.94860294,member
3055251,429AE5BDAEBFB6F3,classic_bike,2021-07-30 13:34:20,2021-07-30 13:38:57,2 Ave & E 104 St,7436,E 97 St & 3 Ave,7365,40.7892105,-73.94370784,40.7859201,-73.94860294,member
3055252,C99C1AED6514100A,electric_bike,2021-07-07 05:28:17,2021-07-07 05:35:23,2 Ave & E 104 St,7436,Park Ave & E 124 St,7682,40.7892105,-73.94370784,40.8045555,-73.9396861,casual
3055253,FB000230F45C54AF,electric_bike,2021-07-14 05:33:46,2021-07-14 05:39:39,2 Ave & E 104 St,7436,Park Ave & E 124 St,7682,40.7892105,-73.94370784,40.8045555,-73.9396861,casual
3055266,8E08A15A0233BAE8,electric_bike,2021-07-01 12:26:50,2021-07-01 12:31:07,2 Ave & E 104 St,7436,3 Ave & E 100 St,7414,40.7892105,-73.94370784,40.7877214,-73.94728331,member
3055267,1162C32954A8C5B4,classic_bike,2021-07-24 18:55:54,2021-07-24 19:07:03,2 Ave & E 104 St,7436,3 Ave & E 100 St,7414,40.7892105,-73.94370784,40.7877214,-73.94728331,member
3055268,D88DD18C617ECD65,electric_bike,2021-07-27 20:27:02,2021-07-27 21:07:40,2 Ave & E 104 St,7436,E 97 St & 3 Ave,7365,40.7892105,-73.94370784,40.7859201,-73.94860294,member
3055269,FB450332C94ADA23,electric_bike,2021-07-31 17:32:36,2021-07-31 17:47:04,2 Ave & E 104 St,7436,E 97 St & 3 Ave,7365,40.7892105,-73.94370784,40.7859201,-73.94860294,member
3055270,54E572BC936B93DF,electric_bike,2021-07-20 16:22:53,2021-07-20 16:33:20,2 Ave & E 104 St,7436,Lincoln Ave & E 134 St,7712,40.7892105,-73.94370784,40.808484,-73.928803,member
3055271,E56760627039E8AC,electric_bike,2021-07-26 18:24:57,2021-07-26 18:37:58,2 Ave & E 104 St,7436,E 97 St & 3 Ave,7365,40.7892105,-73.94370784,40.7859201,-73.94860294,member
3055272,B7CA1A898FD7719B,classic_bike,2021-07-08 22:22:32,2021-07-08 22:26:37,2 Ave & E 104 St,7436,E 97 St & 3 Ave,7365,40.7892105,-73.94370784,40.7859201,-73.94860294,member
3055273,3CE739702426DE0F,classic_bike,2021-07-08 22:55:58,2021-07-08 23:00:14,2 Ave & E 104 St,7436,E 97 St & 3 Ave,7365,40.7892105,-73.94370784,40.7859201,-73.94860294,member
3055297,2056266E403BCF91,classic_bike,2021-07-19 18:18:55,2021-07-19 18:21:27,2 Ave & E 104 St,7436,3 Ave & E 100 St,7414,40.7892105,-73.94370784,40.7877214,-73.94728331,member
3055298,669858DA91A2B8E5,classic_bike,2021-07-13 17:15:47,2021-07-13 17:26:08,2 Ave & E 104 St,7436,Park Ave & E 124 St,7682,40.7892105,-73.94370784,40.8045555,-73.9396861,member
3055299,DA30EB9DE33FF92D,electric_bike,2021-07-17 21:14:41,2021-07-17 21:19:58,2 Ave & E 104 St,7436,E 115 St & Lexington Ave,7599,40.7892105,-73.94370784,40.797911,-73.9423,casual
3055303,B215375488C22DA1,electric_bike,2021-07-01 20:37:12,2021-07-01 20:55:19,2 Ave & E 104 St,7436,Amsterdam Ave & W 152 St,8069,40.7892105,-73.94370784,40.829523,-73.944279,casual
3059303,BAA96689D7EB0FE8,classic_bike,2021-07-04 18:42:08,2021-07-04 18:53:44,2 Ave & E 104 St,7436,Adam Clayton Powell Blvd & W 115 St,7643,40.7892105,-73.94370784,40.802535,-73.9532423,member
3059308,CA49012CCCED9433,classic_bike,2021-07-27 16:15:59,2021-07-27 16:24:47,2 Ave & E 104 St,7436,E 85 St & York Ave,7146,40.7892105,-73.94370784,40.77536905,-73.94803392,member
3059315,E5627853DB6905BA,electric_bike,2021-07-12 21:12:06,2021-07-12 23:48:01,2 Ave & E 104 St,7436,Carlton Ave & Dean St,4199,40.7892105,-73.94370784,40.6809741,-73.9710097,casual
3059320,FBB831C8322A4CBD,classic_bike,2021-07-28 17:41:41,2021-07-28 17:52:33,2 Ave & E 104 St,7436,E 85 St & York Ave,7146,40.7892105,-73.94370784,40.77536905,-73.94803392,member
3059323,0BDAF91A774E3277,electric_bike,2021-07-22 17:16:09,2021-07-22 17:23:21,2 Ave & E 104 St,7436,E 85 St & York Ave,7146,40.7892105,-73.94370784,40.77536905,-73.94803392,member
3059327,EBEB5FEE64389B32,classic_bike,2021-07-19 23:10:44,2021-07-19 23:19:46,2 Ave & E 104 St,7436,E 85 St & York Ave,7146,40.7892105,-73.94370784,40.77536905,-73.94803392,member
3059342,3545A14F951FB99C,classic_bike,2021-07-29 08:40:59,2021-07-29 08:49:44,2 Ave & E 104 St,7436,E 85 St & York Ave,7146,40.7892105,-73.94370784,40.77536905,-73.94803392,member
3059377,DA47286F05367DF3,classic_bike,2021-07-19 15:36:51,2021-07-19 15:45:18,2 Ave & E 104 St,7436,E 85 St & York Ave,7146,40.7892105,-73.94370784,40.77536905,-73.94803392,member
3059878,FEFE3111C1E45138,classic_bike,2021-07-17 14:31:18,2021-07-17 14:42:04,2 Ave & E 104 St,7436,Adam Clayton Powell Blvd & W 115 St,7643,40.7892105,-73.94370784,40.802535,-73.9532423,casual
3059905,ADA0A9C6140F2BA6,classic_bike,2021-07-28 08:43:10,2021-07-28 08:51:33,2 Ave & E 104 St,7436,E 85 St & York Ave,7146,40.7892105,-73.94370784,40.77536905,-73.94803392,member
3066525,78BA54A02AD862E9,classic_bike,2021-07-22 19:21:06,2021-07-22 19:34:52,2 Ave & E 104 St,7436,W 106 St & Central Park West,7606,40.7892105,-73.94370784,40.7981856,-73.9605909006,member
3066527,FE95CCB9AEF0C59F,classic_bike,2021-07-14 18:02:19,2021-07-14 19:28:46,2 Ave & E 104 St,7436,W 106 St & Central Park West,7606,40.7892105,-73.94370784,40.7981856,-73.9605909006,casual
3066543,266A87303EAF18C8,electric_bike,2021-07-30 15:59:16,2021-07-30 16:27:53,2 Ave & E 104 St,7436,W 106 St & Central Park West,7606,40.7892105,-73.94370784,40.7981856,-73.9605909006,casual
3066655,D69815FD9D463EC5,classic_bike,2021-07-14 18:02:20,2021-07-14 19:29:19,2 Ave & E 104 St,7436,W 106 St & Central Park West,7606,40.7892105,-73.94370784,40.7981856,-73.9605909006,casual
3071687,5662394BB5641B42,electric_bike,2021-07-12 19:21:27,2021-07-12 19:33:15,2 Ave & E 104 St,7436,W 100 St & Broadway,7580,40.7892105,-73.94370784,40.7973721,-73.97041192,member
3071688,B5B275D91C979D50,electric_bike,2021-07-06 12:17:59,2021-07-06 12:30:00,2 Ave & E 104 St,7436,W 100 St & Broadway,7580,40.7892105,-73.94370784,40.7973721,-73.97041192,member
3071852,3DCD038670A9A576,electric_bike,2021-07-17 10:38:32,2021-07-17 10:46:55,2 Ave & E 104 St,7436,Central Park W & W 97 St,7538,40.7892105,-73.94370784,40.79249519495111,-73.96417066463071,casual
3071853,32083B65240440F8,classic_bike,2021-07-25 16:59:42,2021-07-25 17:41:52,2 Ave & E 104 St,7436,Walton Ave & E 168 St,8179,40.7892105,-73.94370784,40.83649,-73.918316,member
3071855,F66B1BAF80C33AE4,electric_bike,2021-07-15 22:14:55,2021-07-15 22:24:56,2 Ave & E 104 St,7436,W 100 St & Broadway,7580,40.7892105,-73.94370784,40.7973721,-73.97041192,member
3071860,06A763773FED79A1,classic_bike,2021-07-24 15:58:09,2021-07-24 16:07:21,2 Ave & E 104 St,7436,E 116 St & 2 Ave,7563,40.7892105,-73.94370784,40.796879,-73.937261,casual
3071863,A11AEB24600AF1EF,classic_bike,2021-07-31 11:59:06,2021-07-31 12:26:45,2 Ave & E 104 St,7436,W 100 St & Broadway,7580,40.7892105,-73.94370784,40.7973721,-73.97041192,casual
3071865,AE6E064C8776F45B,classic_bike,2021-07-18 10:20:14,2021-07-18 10:24:12,2 Ave & E 104 St,7436,E 116 St & 2 Ave,7563,40.7892105,-73.94370784,40.796879,-73.937261,member
3071868,D3D3C1B56BDB14F2,classic_bike,2021-07-04 14:38:23,2021-07-04 15:49:38,2 Ave & E 104 St,7436,Central Park W & W 97 St,7538,40.7892105,-73.94370784,40.79249519495111,-73.96417066463071,member
3071875,1A6031D4646F47F0,electric_bike,2021-07-14 23:49:35,2021-07-15 00:11:35,2 Ave & E 104 St,7436,5 Av & W 139 St,7851,40.7892105,-73.94370784,40.815484,-73.935856,casual
3071878,6A0E900C3442B612,classic_bike,2021-07-15 16:57:02,2021-07-15 17:04:58,2 Ave & E 104 St,7436,E 116 St & 2 Ave,7563,40.7892105,-73.94370784,40.796879,-73.937261,casual
3071880,C9A7DB9B8574F21D,classic_bike,2021-07-29 16:59:52,2021-07-29 17:07:31,2 Ave & E 104 St,7436,E 116 St & 2 Ave,7563,40.7892105,-73.94370784,40.796879,-73.937261,casual
3071882,68F2FFD66B8E469D,electric_bike,2021-07-27 06:53:12,2021-07-27 07:01:21,2 Ave & E 104 St,7436,Central Park W & W 97 St,7538,40.7892105,-73.94370784,40.79249519495111,-73.96417066463071,casual
3071883,21FE1856640E55B2,classic_bike,2021-07-24 00:07:07,2021-07-24 00:12:05,2 Ave & E 104 St,7436,E 116 St & 2 Ave,7563,40.7892105,-73.94370784,40.796879,-73.937261,member
3071892,39320482D9494EBE,electric_bike,2021-07-27 04:22:29,2021-07-27 04:26:26,2 Ave & E 104 St,7436,E 116 St & 2 Ave,7563,40.7892105,-73.94370784,40.796879,-73.937261,member
3071894,E30BE9FB93C3DA68,classic_bike,2021-07-23 12:34:14,2021-07-23 12:41:02,2 Ave & E 104 St,7436,E 116 St & 2 Ave,7563,40.7892105,-73.94370784,40.796879,-73.937261,member
3071895,18A39CC86685BA69,classic_bike,2021-07-15 19:17:37,2021-07-15 19:29:42,2 Ave & E 104 St,7436,Central Park W & W 97 St,7538,40.7892105,-73.94370784,40.79249519495111,-73.96417066463071,member
3071898,365553AC105B4597,classic_bike,2021-07-11 17:33:20,2021-07-11 17:40:20,2 Ave & E 104 St,7436,E 116 St & 2 Ave,7563,40.7892105,-73.94370784,40.796879,-73.937261,casual
3076446,423CDFD85345BC6C,electric_bike,2021-07-21 04:09:52,2021-07-21 04:22:26,2 Ave & E 104 St,7436,E 115 St & Madison Ave,7599,40.7892105,-73.94370784,40.7989445,-73.944846,member
3076476,007C9A4C1220FE09,classic_bike,2021-07-14 13:12:33,2021-07-14 13:39:09,2 Ave & E 104 St,7436,E 115 St & Madison Ave,7599,40.7892105,-73.94370784,40.7989445,-73.944846,member
3076489,07C891839B6A8F94,electric_bike,2021-07-20 17:24:41,2021-07-20 17:36:01,2 Ave & E 104 St,7436,E 115 St & Madison Ave,7599,40.7892105,-73.94370784,40.7989445,-73.944846,casual
3076498,41574077ED3CB5A2,electric_bike,2021-07-20 17:25:19,2021-07-20 17:35:53,2 Ave & E 104 St,7436,E 115 St & Madison Ave,7599,40.7892105,-73.94370784,40.7989445,-73.944846,member
3076502,5E7AA61D078DD2AD,classic_bike,2021-07-20 07:51:28,2021-07-20 07:56:51,2 Ave & E 104 St,7436,E 115 St & Madison Ave,7599,40.7892105,-73.94370784,40.7989445,-73.944846,casual
3076518,300C486126559197,classic_bike,2021-07-21 07:51:48,2021-07-21 07:58:54,2 Ave & E 104 St,7436,E 115 St & Madison Ave,7599,40.7892105,-73.94370784,40.7989445,-73.944846,casual
3076555,0ED6B104F93CA7CA,classic_bike,2021-07-14 16:34:57,2021-07-14 16:43:28,2 Ave & E 104 St,7436,E 115 St & Madison Ave,7599,40.7892105,-73.94370784,40.7989445,-73.944846,member
3076699,FF799EF0F95A4E6E,classic_bike,2021-07-11 16:28:45,2021-07-11 16:37:41,2 Ave & E 104 St,7436,E 115 St & Madison Ave,7599,40.7892105,-73.94370784,40.7989445,-73.944846,casual
3076706,103C6845AC7BE4F9,classic_bike,2021-07-30 07:43:47,2021-07-30 07:51:00,2 Ave & E 104 St,7436,E 115 St & Madison Ave,7599,40.7892105,-73.94370784,40.7989445,-73.944846,casual
3083497,5DDAF16EBE3E37FE,classic_bike,2021-07-07 09:37:57,2021-07-07 09:49:09,2 Ave & E 104 St,7436,Lexington Ave & E 120 St,7652,40.7892105,-73.94370784,40.8013066,-73.9398167,member
