,ride_id,rideable_type,started_at,ended_at,start_station_name,start_station_id,end_station_name,end_station_id,start_lat,start_lng,end_lat,end_lng,member_casual
7831,53D20ACED88A668D,docked_bike,2021-07-30 19:37:12,2021-07-30 19:45:23,Columbia St & Rivington St,5365,Ave D & E 8 St,5506,40.7174,-73.980166,40.723684,-73.975748,casual
8703,E2B2CEF912B68F7C,electric_bike,2021-07-05 08:09:14,2021-07-05 08:32:18,Columbia St & Rivington St,5365,E 48 St & 5 Ave,6626,40.71739973,-73.98016555,40.75724567911726,-73.97805914282799,member
8997,1CE104E46150496A,classic_bike,2021-07-23 14:50:34,2021-07-23 15:02:50,Columbia St & Rivington St,5365,Wall St & South St,4953,40.71739973,-73.98016555,40.70437,-74.00637,casual
9007,4695291084D6A7EB,classic_bike,2021-07-23 08:45:45,2021-07-23 08:58:24,Columbia St & Rivington St,5365,Wall St & South St,4953,40.71739973,-73.98016555,40.70437,-74.00637,member
11759,71EB4C6CE8A937F5,electric_bike,2021-07-04 16:12:29,2021-07-04 16:23:26,Columbia St & Rivington St,5365,Pier 40 - Hudson River Park,5696,40.71739973,-73.98016555,40.7277140777778,-74.01129573583603,member
11761,6FEE74A1CE16B343,classic_bike,2021-07-31 16:51:15,2021-07-31 17:09:11,Columbia St & Rivington St,5365,Pike St & E Broadway,5270,40.71739973,-73.98016555,40.71406667,-73.99293911,member
11776,A5922BAAD7123023,classic_bike,2021-07-01 09:13:17,2021-07-01 09:22:54,Columbia St & Rivington St,5365,Pike St & E Broadway,5270,40.71739973,-73.98016555,40.71406667,-73.99293911,member
11777,A75FFABE64857AC2,classic_bike,2021-07-28 11:32:34,2021-07-28 11:42:32,Columbia St & Rivington St,5365,Pike St & E Broadway,5270,40.71739973,-73.98016555,40.71406667,-73.99293911,member
11790,B4E5F9975D9EA590,classic_bike,2021-07-30 16:57:58,2021-07-30 17:06:40,Columbia St & Rivington St,5365,E 2 St & 2 Ave,5593,40.71739973,-73.98016555,40.72502876,-73.99069656,casual
11817,3F9CE0F40CA3D549,classic_bike,2021-07-26 10:56:53,2021-07-26 11:03:18,Columbia St & Rivington St,5365,Pike St & E Broadway,5270,40.71739973,-73.98016555,40.71406667,-73.99293911,member
11824,6713A4DFA4115424,classic_bike,2021-07-27 17:49:21,2021-07-27 17:54:55,Columbia St & Rivington St,5365,E 2 St & 2 Ave,5593,40.71739973,-73.98016555,40.72502876,-73.99069656,member
12055,E13FDE8EADA5E4AB,electric_bike,2021-07-13 18:50:26,2021-07-13 19:42:14,Columbia St & Rivington St,5365,Washington St & Gansevoort St,6039,40.71739973,-73.98016555,40.739323,-74.008119,member
12069,43813DABCB5073E9,classic_bike,2021-07-04 09:26:54,2021-07-04 09:51:19,Columbia St & Rivington St,5365,Washington St & Gansevoort St,6039,40.71739973,-73.98016555,40.739323,-74.008119,casual
12518,DF7C3390ECE17F10,electric_bike,2021-07-25 22:13:55,2021-07-25 22:25:03,Columbia St & Rivington St,5365,W 21 St & 6 Ave,6140,40.71739973,-73.98016555,40.74173969,-73.99415556,member
13292,2B8B35C12539D538,electric_bike,2021-07-27 14:35:43,2021-07-27 14:46:59,Columbia St & Rivington St,5365,Fulton St & Broadway,5175,40.71739973,-73.98016555,40.711066,-74.009447,member
14216,FBCBDF63A681447C,classic_bike,2021-07-09 16:55:45,2021-07-09 17:03:04,Columbia St & Rivington St,5365,St Marks Pl & 1 Ave,5626,40.71739973,-73.98016555,40.72779126,-73.98564945,casual
14462,073E2AB816B4C97C,classic_bike,2021-07-26 00:53:49,2021-07-26 01:20:20,Columbia St & Rivington St,5365,S 5 Pl & S 5 St,5125,40.71739973,-73.98016555,40.710451,-73.960876,member
14701,BFF6F16B09AC1BE1,electric_bike,2021-07-23 14:54:58,2021-07-23 14:58:04,Columbia St & Rivington St,5365,E 2 St & Avenue B,5515,40.71739973,-73.98016555,40.72217444,-73.98368779,member
14704,1FAF3AD38A8B55CD,electric_bike,2021-07-27 22:32:00,2021-07-27 22:41:40,Columbia St & Rivington St,5365,S 5 Pl & S 5 St,5125,40.71739973,-73.98016555,40.710451,-73.960876,member
14713,891B880D8B2BDA6F,classic_bike,2021-07-24 14:29:04,2021-07-24 14:47:42,Columbia St & Rivington St,5365,S 5 Pl & S 5 St,5125,40.71739973,-73.98016555,40.710451,-73.960876,member
14716,B51C320901EC75F6,classic_bike,2021-07-20 14:15:29,2021-07-20 14:41:46,Columbia St & Rivington St,5365,S 5 Pl & S 5 St,5125,40.71739973,-73.98016555,40.710451,-73.960876,casual
14722,A019D80B18742C34,electric_bike,2021-07-16 15:21:09,2021-07-16 15:24:00,Columbia St & Rivington St,5365,E 2 St & Avenue B,5515,40.71739973,-73.98016555,40.72217444,-73.98368779,member
14723,049174090931ED51,classic_bike,2021-07-27 10:03:44,2021-07-27 10:08:32,Columbia St & Rivington St,5365,E 2 St & Avenue B,5515,40.71739973,-73.98016555,40.72217444,-73.98368779,member
14730,1E585486E087F630,electric_bike,2021-07-18 07:09:46,2021-07-18 07:12:25,Columbia St & Rivington St,5365,E 2 St & Avenue B,5515,40.71739973,-73.98016555,40.72217444,-73.98368779,member
19524,011602FF820B98BD,classic_bike,2021-07-29 08:45:57,2021-07-29 09:00:41,Columbia St & Rivington St,5365,E 17 St & Broadway,5980,40.71739973,-73.98016555,40.73704984,-73.99009296,casual
20781,33BC23E739D97802,classic_bike,2021-07-08 12:46:23,2021-07-08 12:49:38,Columbia St & Rivington St,5365,Pitt St & Stanton St,5406,40.71739973,-73.98016555,40.71926081,-73.98178024,member
20782,083F71D0260F06A9,electric_bike,2021-07-07 16:30:02,2021-07-07 16:33:12,Columbia St & Rivington St,5365,Pitt St & Stanton St,5406,40.71739973,-73.98016555,40.71926081,-73.98178024,member
21100,B399181741CDA166,classic_bike,2021-07-29 13:12:52,2021-07-29 13:16:04,Columbia St & Rivington St,5365,Ave D & E 8 St,5506,40.71739973,-73.98016555,40.72368361,-73.97574813,member
21145,5B818A3C94153434,classic_bike,2021-07-24 16:17:53,2021-07-24 16:22:17,Columbia St & Rivington St,5365,Ave D & E 8 St,5506,40.71739973,-73.98016555,40.72368361,-73.97574813,member
22595,13CF6B247FB7EDF1,classic_bike,2021-07-23 11:54:22,2021-07-23 12:10:57,Columbia St & Rivington St,5365,Wall St & South St,4953,40.71739973,-73.98016555,40.70437,-74.00637,member
23054,C67AE633C5FDB282,classic_bike,2021-07-12 21:34:50,2021-07-12 21:48:17,Columbia St & Rivington St,5365,Allen St & Stanton St,5484,40.71739973,-73.98016555,40.722055,-73.989111,member
23260,98280161027FF69F,classic_bike,2021-07-05 12:26:15,2021-07-05 12:43:54,Columbia St & Rivington St,5365,Allen St & Stanton St,5484,40.71739973,-73.98016555,40.722055,-73.989111,member
24185,CAD4BEE669E18B64,classic_bike,2021-07-13 19:20:17,2021-07-13 19:40:44,Columbia St & Rivington St,5365,Allen St & Rivington St,5414,40.71739973,-73.98016555,40.72019576,-73.98997825,member
24187,EEDA193F9B568BD9,classic_bike,2021-07-26 12:49:21,2021-07-26 12:56:05,Columbia St & Rivington St,5365,Allen St & Rivington St,5414,40.71739973,-73.98016555,40.72019576,-73.98997825,member
24193,4310E0E6E3081B7F,classic_bike,2021-07-15 17:58:08,2021-07-15 18:02:24,Columbia St & Rivington St,5365,Allen St & Rivington St,5414,40.71739973,-73.98016555,40.72019576,-73.98997825,member
24194,BFC5915843923B32,classic_bike,2021-07-21 15:14:17,2021-07-21 15:20:16,Columbia St & Rivington St,5365,Allen St & Rivington St,5414,40.71739973,-73.98016555,40.72019576,-73.98997825,member
24196,2811174740D79C02,electric_bike,2021-07-20 15:16:27,2021-07-20 15:21:10,Columbia St & Rivington St,5365,Allen St & Rivington St,5414,40.71739973,-73.98016555,40.72019576,-73.98997825,member
24202,EF417B40ACAE06E2,classic_bike,2021-07-15 14:39:18,2021-07-15 14:57:14,Columbia St & Rivington St,5365,Fulton St & William St,5137,40.71739973,-73.98016555,40.70960089363537,-74.00655090808868,member
24238,241CE997873AA918,classic_bike,2021-07-05 15:06:28,2021-07-05 15:12:17,Columbia St & Rivington St,5365,Allen St & Rivington St,5414,40.71739973,-73.98016555,40.72019576,-73.98997825,member
24834,8E220D05A703DC9E,classic_bike,2021-07-17 16:59:28,2021-07-17 17:06:47,Columbia St & Rivington St,5365,Forsyth St & Broome St,5453,40.71739973,-73.98016555,40.71893904,-73.99266288,member
24836,0450A287A41AB81D,classic_bike,2021-07-11 14:11:43,2021-07-11 14:20:16,Columbia St & Rivington St,5365,Forsyth St & Broome St,5453,40.71739973,-73.98016555,40.71893904,-73.99266288,member
24837,CFFDFD8774421C6D,classic_bike,2021-07-08 08:32:02,2021-07-08 08:39:21,Columbia St & Rivington St,5365,Forsyth St & Broome St,5453,40.71739973,-73.98016555,40.71893904,-73.99266288,member
24839,2EE4F61865DA3C0E,classic_bike,2021-07-08 09:50:19,2021-07-08 09:57:31,Columbia St & Rivington St,5365,Forsyth St & Broome St,5453,40.71739973,-73.98016555,40.71893904,-73.99266288,member
24865,7258E6AF78968FA7,classic_bike,2021-07-23 12:48:28,2021-07-23 12:54:19,Columbia St & Rivington St,5365,Forsyth St & Broome St,5453,40.71739973,-73.98016555,40.71893904,-73.99266288,member
24881,126283C25215BD90,classic_bike,2021-07-23 20:12:22,2021-07-23 20:18:47,Columbia St & Rivington St,5365,Forsyth St & Broome St,5453,40.71739973,-73.98016555,40.71893904,-73.99266288,member
24882,8B7CF652ECB499DD,classic_bike,2021-07-06 17:06:18,2021-07-06 17:11:18,Columbia St & Rivington St,5365,Forsyth St & Broome St,5453,40.71739973,-73.98016555,40.71893904,-73.99266288,member
24883,ED091A598DA993DA,classic_bike,2021-07-10 09:45:05,2021-07-10 09:50:17,Columbia St & Rivington St,5365,Forsyth St & Broome St,5453,40.71739973,-73.98016555,40.71893904,-73.99266288,member
25616,2FF0005B7009BCB6,classic_bike,2021-07-17 10:17:17,2021-07-17 10:32:28,Columbia St & Rivington St,5365,E 20 St & 2 Ave,5971,40.71739973,-73.98016555,40.73587678,-73.98205027,member
26732,C1FF2D323810A97F,classic_bike,2021-07-30 10:03:20,2021-07-30 11:06:55,Columbia St & Rivington St,5365,,nan,40.71739973,-73.98016555,40.72,-73.99,member
26767,5A4CDEDFEDC7C2BF,classic_bike,2021-07-26 23:38:36,2021-07-26 23:38:36,Columbia St & Rivington St,5365,,nan,40.71739973,-73.98016555,40.72,-73.98,member
27512,891C9DF2350C5FAE,classic_bike,2021-07-01 10:04:58,2021-07-01 11:33:19,Columbia St & Rivington St,5365,,nan,40.71739973,-73.98016555,40.72,-73.99,member
27845,6C6229C53CD1AC52,electric_bike,2021-07-04 16:11:56,2021-07-04 16:20:19,Columbia St & Rivington St,5365,St James Pl & Pearl St,5167,40.71739973,-73.98016555,40.71117416,-74.00016545,member
27851,5AE75BCEC48D66AC,electric_bike,2021-07-29 16:17:37,2021-07-29 16:53:51,Columbia St & Rivington St,5365,Kane St & Clinton St,4455,40.71739973,-73.98016555,40.6861758,-73.99645295,member
27856,7C2B1F871C368B0C,classic_bike,2021-07-10 11:24:32,2021-07-10 11:35:41,Columbia St & Rivington St,5365,St James Pl & Pearl St,5167,40.71739973,-73.98016555,40.71117416,-74.00016545,member
30716,56E900B7501A372B,classic_bike,2021-07-22 11:53:45,2021-07-22 12:00:13,Columbia St & Rivington St,5365,Forsyth St & Broome St,5453,40.71739973,-73.98016555,40.71893904,-73.99266288,member
30718,AD6C6C2DF7F90112,classic_bike,2021-07-28 11:39:31,2021-07-28 11:47:07,Columbia St & Rivington St,5365,Forsyth St & Broome St,5453,40.71739973,-73.98016555,40.71893904,-73.99266288,member
33791,8EC8E843FF99F50B,electric_bike,2021-07-11 14:13:45,2021-07-11 14:17:12,Columbia St & Rivington St,5365,E 9 St & Avenue C,5616,40.71739973,-73.98016555,40.72521311,-73.97768752,member
33792,783B8023E428D110,classic_bike,2021-07-11 13:28:26,2021-07-11 13:32:02,Columbia St & Rivington St,5365,E 9 St & Avenue C,5616,40.71739973,-73.98016555,40.72521311,-73.97768752,member
33795,B3B4B18DA7A14830,electric_bike,2021-07-26 19:20:28,2021-07-26 19:38:38,Columbia St & Rivington St,5365,1 Ave & E 30 St,6079,40.71739973,-73.98016555,40.74144387,-73.97536082,member
33803,F6C761CA2F612CCE,classic_bike,2021-07-24 11:46:42,2021-07-24 11:55:24,Columbia St & Rivington St,5365,Pike St & E Broadway,5270,40.71739973,-73.98016555,40.71406667,-73.99293911,member
33817,44A9726997B7FFDE,classic_bike,2021-07-31 10:15:17,2021-07-31 10:21:52,Columbia St & Rivington St,5365,Pike St & E Broadway,5270,40.71739973,-73.98016555,40.71406667,-73.99293911,member
36100,E47265DF0BAD046C,classic_bike,2021-07-14 11:40:05,2021-07-14 11:49:02,Columbia St & Rivington St,5365,Pike St & E Broadway,5270,40.71739973,-73.98016555,40.71406667,-73.99293911,member
36116,FD526F5463134304,electric_bike,2021-07-30 16:42:20,2021-07-30 16:47:46,Columbia St & Rivington St,5365,Pike St & E Broadway,5270,40.71739973,-73.98016555,40.71406667,-73.99293911,member
36117,DB16A01E4FED5A29,classic_bike,2021-07-24 16:43:50,2021-07-24 16:52:11,Columbia St & Rivington St,5365,Pike St & E Broadway,5270,40.71739973,-73.98016555,40.71406667,-73.99293911,member
36118,D6E0F4B3899231C6,classic_bike,2021-07-31 15:51:07,2021-07-31 16:14:51,Columbia St & Rivington St,5365,Pike St & E Broadway,5270,40.71739973,-73.98016555,40.71406667,-73.99293911,member
36119,5ACC867B38E228FD,classic_bike,2021-07-06 16:14:54,2021-07-06 16:23:25,Columbia St & Rivington St,5365,Pike St & E Broadway,5270,40.71739973,-73.98016555,40.71406667,-73.99293911,member
36120,6AC4FEBE45E58BAD,classic_bike,2021-07-09 16:35:05,2021-07-09 16:44:01,Columbia St & Rivington St,5365,Pike St & E Broadway,5270,40.71739973,-73.98016555,40.71406667,-73.99293911,member
36122,01C564AAA54347DD,electric_bike,2021-07-05 11:50:43,2021-07-05 11:56:55,Columbia St & Rivington St,5365,Pike St & E Broadway,5270,40.71739973,-73.98016555,40.71406667,-73.99293911,member
36123,7DB5DB276974FCCA,classic_bike,2021-07-13 16:33:29,2021-07-13 16:41:09,Columbia St & Rivington St,5365,Pike St & E Broadway,5270,40.71739973,-73.98016555,40.71406667,-73.99293911,member
36128,82A2E2FA02AEB1DE,electric_bike,2021-07-15 20:13:14,2021-07-15 20:17:20,Columbia St & Rivington St,5365,Pike St & E Broadway,5270,40.71739973,-73.98016555,40.71406667,-73.99293911,member
36129,9017C595FBAEA915,electric_bike,2021-07-16 18:40:44,2021-07-16 18:46:59,Columbia St & Rivington St,5365,Pike St & E Broadway,5270,40.71739973,-73.98016555,40.71406667,-73.99293911,member
36132,190B7F5322C6110A,classic_bike,2021-07-13 09:10:15,2021-07-13 09:18:16,Columbia St & Rivington St,5365,Pike St & E Broadway,5270,40.71739973,-73.98016555,40.71406667,-73.99293911,member
36134,EA2ED4CB1EAEBFED,classic_bike,2021-07-19 09:11:24,2021-07-19 09:20:50,Columbia St & Rivington St,5365,Pike St & E Broadway,5270,40.71739973,-73.98016555,40.71406667,-73.99293911,member
36135,0B30C0363C4D4258,classic_bike,2021-07-08 10:52:44,2021-07-08 11:09:06,Columbia St & Rivington St,5365,Pike St & E Broadway,5270,40.71739973,-73.98016555,40.71406667,-73.99293911,member
36154,7E0A214C8C5268CD,classic_bike,2021-07-13 09:57:06,2021-07-13 10:04:23,Columbia St & Rivington St,5365,Pike St & E Broadway,5270,40.71739973,-73.98016555,40.71406667,-73.99293911,member
36170,123C024C0396D88E,classic_bike,2021-07-02 13:01:46,2021-07-02 13:10:39,Columbia St & Rivington St,5365,Pike St & E Broadway,5270,40.71739973,-73.98016555,40.71406667,-73.99293911,member
36173,6F530904DB09D7F4,electric_bike,2021-07-16 16:50:55,2021-07-16 16:57:05,Columbia St & Rivington St,5365,Pike St & E Broadway,5270,40.71739973,-73.98016555,40.71406667,-73.99293911,member
36176,83BE20AE39841093,classic_bike,2021-07-25 23:19:34,2021-07-25 23:30:46,Columbia St & Rivington St,5365,Pike St & E Broadway,5270,40.71739973,-73.98016555,40.71406667,-73.99293911,member
36184,337C77492446E25E,electric_bike,2021-07-09 08:27:22,2021-07-09 08:33:48,Columbia St & Rivington St,5365,E 2 St & 2 Ave,5593,40.71739973,-73.98016555,40.72502876,-73.99069656,member
38459,2CA0421AB18CEF22,electric_bike,2021-07-25 14:48:07,2021-07-25 15:31:15,Columbia St & Rivington St,5365,FDR Drive & E 35 St,6230,40.71739973,-73.98016555,40.744219,-73.97121214,member
39051,557225E58743536C,classic_bike,2021-07-14 12:24:48,2021-07-14 12:45:06,Columbia St & Rivington St,5365,FDR Drive & E 35 St,6230,40.71739973,-73.98016555,40.744219,-73.97121214,member
41242,5F16D9296142FC0A,classic_bike,2021-07-03 22:25:13,2021-07-03 22:28:35,Columbia St & Rivington St,5365,Suffolk St & Stanton St,5445,40.71739973,-73.98016555,40.72066442,-73.98517977,member
41244,686C7E55AC433B94,classic_bike,2021-07-13 16:44:46,2021-07-13 16:50:34,Columbia St & Rivington St,5365,Suffolk St & Stanton St,5445,40.71739973,-73.98016555,40.72066442,-73.98517977,member
41250,3AFC36D9AC81BA45,classic_bike,2021-07-22 13:59:00,2021-07-22 14:05:11,Columbia St & Rivington St,5365,Suffolk St & Stanton St,5445,40.71739973,-73.98016555,40.72066442,-73.98517977,member
41255,BD15907CF333598E,electric_bike,2021-07-20 14:45:26,2021-07-20 14:48:51,Columbia St & Rivington St,5365,Suffolk St & Stanton St,5445,40.71739973,-73.98016555,40.72066442,-73.98517977,member
41623,6685E5E6D46D79BE,classic_bike,2021-07-20 10:12:58,2021-07-20 10:17:28,Columbia St & Rivington St,5365,Suffolk St & Stanton St,5445,40.71739973,-73.98016555,40.72066442,-73.98517977,member
41631,B3855562A58EC73E,electric_bike,2021-07-13 19:04:40,2021-07-13 19:15:54,Columbia St & Rivington St,5365,Suffolk St & Stanton St,5445,40.71739973,-73.98016555,40.72066442,-73.98517977,member
42304,2EC0A2533E97C5A4,electric_bike,2021-07-26 18:06:31,2021-07-26 18:13:36,Columbia St & Rivington St,5365,Pitt St & Stanton St,5406,40.71739973,-73.98016555,40.71926081,-73.98178024,member
42305,E75DB83D6571CDEA,classic_bike,2021-07-19 14:23:56,2021-07-19 14:26:08,Columbia St & Rivington St,5365,Pitt St & Stanton St,5406,40.71739973,-73.98016555,40.71926081,-73.98178024,member
42465,95822A0F006D4ADD,classic_bike,2021-07-09 17:25:11,2021-07-09 17:27:33,Columbia St & Rivington St,5365,Pitt St & Stanton St,5406,40.71739973,-73.98016555,40.71926081,-73.98178024,member
42468,4831041C34E209E5,electric_bike,2021-07-18 03:19:36,2021-07-18 03:22:34,Columbia St & Rivington St,5365,Pitt St & Stanton St,5406,40.71739973,-73.98016555,40.71926081,-73.98178024,casual
44008,F83173C3BC9231E0,electric_bike,2021-07-23 14:22:33,2021-07-23 14:25:34,Columbia St & Rivington St,5365,Clinton St & Grand St,5303,40.71739973,-73.98016555,40.71559509,-73.9870295,member
44015,7A68DE3A8954B67D,electric_bike,2021-07-09 21:50:05,2021-07-09 22:12:07,Columbia St & Rivington St,5365,Clinton St & Grand St,5303,40.71739973,-73.98016555,40.71559509,-73.9870295,member
44021,4434F62BDE1C9DB1,classic_bike,2021-07-04 14:52:55,2021-07-04 14:57:23,Columbia St & Rivington St,5365,Clinton St & Grand St,5303,40.71739973,-73.98016555,40.71559509,-73.9870295,member
44366,0F625F889F073F88,classic_bike,2021-07-13 14:44:32,2021-07-13 14:52:09,Columbia St & Rivington St,5365,Clinton St & Grand St,5303,40.71739973,-73.98016555,40.71559509,-73.9870295,member
44385,9642E39948A9BDA8,classic_bike,2021-07-15 15:00:43,2021-07-15 15:07:59,Columbia St & Rivington St,5365,Clinton St\t& Cherry St,5190,40.71739973,-73.98016555,40.711471394469264,-73.98672603070736,member
44386,7DF194D3B1B2AE1A,classic_bike,2021-07-07 16:04:19,2021-07-07 16:15:09,Columbia St & Rivington St,5365,Clinton St\t& Cherry St,5190,40.71739973,-73.98016555,40.711471394469264,-73.98672603070736,member
44388,773E95F543BDE258,electric_bike,2021-07-22 13:13:21,2021-07-22 13:17:18,Columbia St & Rivington St,5365,Clinton St & Grand St,5303,40.71739973,-73.98016555,40.71559509,-73.9870295,member
44405,66C0C56EE9EB89ED,classic_bike,2021-07-05 17:26:39,2021-07-05 17:31:29,Columbia St & Rivington St,5365,Clinton St & Grand St,5303,40.71739973,-73.98016555,40.71559509,-73.9870295,casual
44415,D3CDBA4D95601CB2,electric_bike,2021-07-22 19:33:16,2021-07-22 19:49:17,Columbia St & Rivington St,5365,Clinton St\t& Cherry St,5190,40.71739973,-73.98016555,40.711471394469264,-73.98672603070736,casual
44431,8D993058692CD3A9,classic_bike,2021-07-25 17:46:38,2021-07-25 17:49:29,Columbia St & Rivington St,5365,Clinton St & Grand St,5303,40.71739973,-73.98016555,40.71559509,-73.9870295,member
46409,256DD7BFC9EE2537,classic_bike,2021-07-19 09:56:50,2021-07-19 10:04:25,Columbia St & Rivington St,5365,Forsyth St & Broome St,5453,40.71739973,-73.98016555,40.71893904,-73.99266288,member
46413,0AEDB7242A5B187B,classic_bike,2021-07-26 09:59:34,2021-07-26 10:05:48,Columbia St & Rivington St,5365,Forsyth St & Broome St,5453,40.71739973,-73.98016555,40.71893904,-73.99266288,member
46873,3B310A5497E5AEB1,classic_bike,2021-07-31 10:09:32,2021-07-31 10:18:52,Columbia St & Rivington St,5365,Forsyth St & Broome St,5453,40.71739973,-73.98016555,40.71893904,-73.99266288,member
46876,A78F412F9924836D,classic_bike,2021-07-26 08:49:29,2021-07-26 08:56:37,Columbia St & Rivington St,5365,Forsyth St & Broome St,5453,40.71739973,-73.98016555,40.71893904,-73.99266288,member
46881,E8AE8DE6C2B4480B,classic_bike,2021-07-24 10:08:24,2021-07-24 10:15:52,Columbia St & Rivington St,5365,Forsyth St & Broome St,5453,40.71739973,-73.98016555,40.71893904,-73.99266288,member
46884,30929CF76F501F05,classic_bike,2021-07-29 10:01:39,2021-07-29 10:08:56,Columbia St & Rivington St,5365,Forsyth St & Broome St,5453,40.71739973,-73.98016555,40.71893904,-73.99266288,member
46885,955C7D1E06D191ED,classic_bike,2021-07-28 10:02:49,2021-07-28 10:09:40,Columbia St & Rivington St,5365,Forsyth St & Broome St,5453,40.71739973,-73.98016555,40.71893904,-73.99266288,member
46899,E03D0B65028D51ED,classic_bike,2021-07-24 11:43:53,2021-07-24 11:53:20,Columbia St & Rivington St,5365,Forsyth St & Broome St,5453,40.71739973,-73.98016555,40.71893904,-73.99266288,member
47837,EF4F020CB05E1C70,electric_bike,2021-07-08 06:13:38,2021-07-08 06:27:59,Columbia St & Rivington St,5365,W 25 St & 6 Ave,6215,40.71739973,-73.98016555,40.74395411,-73.99144871,member
49366,70B81947FA87A8D2,classic_bike,2021-07-17 17:02:18,2021-07-17 17:21:47,Columbia St & Rivington St,5365,St James Pl & Pearl St,5167,40.71739973,-73.98016555,40.71117416,-74.00016545,member
49738,77D714C3C70EF950,classic_bike,2021-07-13 08:09:37,2021-07-13 08:24:50,Columbia St & Rivington St,5365,St James Pl & Pearl St,5167,40.71739973,-73.98016555,40.71117416,-74.00016545,member
49756,85A6A50BB7552E8B,classic_bike,2021-07-23 08:02:11,2021-07-23 08:14:45,Columbia St & Rivington St,5365,St James Pl & Pearl St,5167,40.71739973,-73.98016555,40.71117416,-74.00016545,member
49757,4CAA678E7C7E4F88,classic_bike,2021-07-27 07:58:01,2021-07-27 08:09:25,Columbia St & Rivington St,5365,St James Pl & Pearl St,5167,40.71739973,-73.98016555,40.71117416,-74.00016545,member
49760,8E1839EBCA5EFB6C,classic_bike,2021-07-22 08:00:13,2021-07-22 08:10:44,Columbia St & Rivington St,5365,St James Pl & Pearl St,5167,40.71739973,-73.98016555,40.71117416,-74.00016545,member
51556,83ED23A9382B517B,classic_bike,2021-07-10 19:11:39,2021-07-10 19:18:17,Columbia St & Rivington St,5365,E 6 St & Avenue B,5584,40.71739973,-73.98016555,40.72453734,-73.98185424,member
51559,E87C757C1A2838C8,electric_bike,2021-07-31 06:30:43,2021-07-31 06:33:11,Columbia St & Rivington St,5365,E 6 St & Avenue D,5506,40.71739973,-73.98016555,40.72228087,-73.97668709,member
54826,0EED45AC0EAFDC62,classic_bike,2021-07-17 11:59:51,2021-07-17 12:08:08,Columbia St & Rivington St,5365,Forsyth St & Broome St,5453,40.71739973,-73.98016555,40.71893904,-73.99266288,member
54841,62AB7A977B9EF92E,classic_bike,2021-07-15 12:19:44,2021-07-15 12:29:46,Columbia St & Rivington St,5365,Forsyth St & Broome St,5453,40.71739973,-73.98016555,40.71893904,-73.99266288,member
54842,E28E7A62EACD5F78,classic_bike,2021-07-25 11:01:58,2021-07-25 11:11:56,Columbia St & Rivington St,5365,Forsyth St & Broome St,5453,40.71739973,-73.98016555,40.71893904,-73.99266288,member
54844,8ED7E3372E99AEF6,classic_bike,2021-07-05 15:58:24,2021-07-05 16:08:38,Columbia St & Rivington St,5365,Forsyth St & Broome St,5453,40.71739973,-73.98016555,40.71893904,-73.99266288,member
54964,4CF9FD1D656A73A6,electric_bike,2021-07-02 13:13:59,2021-07-02 13:17:18,Columbia St & Rivington St,5365,Suffolk St & Stanton St,5445,40.71739973,-73.98016555,40.72066442,-73.98517977,member
59594,86E96F83D67F45E7,electric_bike,2021-07-23 17:36:18,2021-07-23 18:00:16,Columbia St & Rivington St,5365,Graham Ave & Withers St,5403,40.71739973,-73.98016555,40.7169811,-73.94485918,member
60201,BFAF250691451F0D,classic_bike,2021-07-09 10:59:22,2021-07-09 11:15:31,Columbia St & Rivington St,5365,E 17 St & Broadway,5980,40.71739973,-73.98016555,40.73704984,-73.99009296,member
63675,69A3D27D6F303017,electric_bike,2021-07-14 15:49:04,2021-07-14 15:59:40,Columbia St & Rivington St,5365,Grand St & Havemeyer St,5267,40.71739973,-73.98016555,40.71286844,-73.95698119,member
64111,36CD606BF2545E6E,classic_bike,2021-07-06 17:56:53,2021-07-06 18:00:28,Columbia St & Rivington St,5365,E 2 St & Avenue C,5476,40.71739973,-73.98016555,40.7208736,-73.98085795,member
64118,ED6545F881662281,classic_bike,2021-07-26 16:02:04,2021-07-26 16:05:22,Columbia St & Rivington St,5365,E 2 St & Avenue C,5476,40.71739973,-73.98016555,40.7208736,-73.98085795,member
64123,F0534C5449768A4C,electric_bike,2021-07-20 06:08:00,2021-07-20 06:11:13,Columbia St & Rivington St,5365,E 2 St & Avenue C,5476,40.71739973,-73.98016555,40.7208736,-73.98085795,member
64415,DA82E9368E2D62F0,electric_bike,2021-07-26 10:37:26,2021-07-26 10:39:12,Columbia St & Rivington St,5365,E 2 St & Avenue C,5476,40.71739973,-73.98016555,40.7208736,-73.98085795,member
64422,1FC4EA0D34FADD0D,classic_bike,2021-07-10 12:44:46,2021-07-10 12:49:58,Columbia St & Rivington St,5365,E 2 St & Avenue C,5476,40.71739973,-73.98016555,40.7208736,-73.98085795,casual
64428,82A0DF8430C5BA32,classic_bike,2021-07-03 22:18:20,2021-07-03 22:25:08,Columbia St & Rivington St,5365,E 2 St & Avenue C,5476,40.71739973,-73.98016555,40.7208736,-73.98085795,casual
64442,011DE8305CBE31D2,classic_bike,2021-07-29 15:57:28,2021-07-29 16:08:05,Columbia St & Rivington St,5365,E 11 St & 1 Ave,5746,40.71739973,-73.98016555,40.72953837,-73.98426726,member
65851,6D365736D23A31A1,electric_bike,2021-07-01 16:09:33,2021-07-01 16:21:48,Columbia St & Rivington St,5365,E 9 St & 5 Ave,5872,40.71739973,-73.98016555,40.73275887045087,-73.99581670761108,member
65911,5F32701AF04126DE,electric_bike,2021-07-06 18:08:56,2021-07-06 18:20:56,Columbia St & Rivington St,5365,E 9 St & 5 Ave,5872,40.71739973,-73.98016555,40.73275887045087,-73.99581670761108,member
65912,9B07479445034709,classic_bike,2021-07-19 11:38:49,2021-07-19 11:47:31,Columbia St & Rivington St,5365,Allen St & Hester St,5342,40.71739973,-73.98016555,40.71605866,-73.99190759,member
65920,29245C12424132A8,electric_bike,2021-07-20 19:09:18,2021-07-20 19:25:53,Columbia St & Rivington St,5365,Gansevoort St & Hudson St,6072,40.71739973,-73.98016555,40.73944820130404,-74.00507032871246,member
65921,B8C6E2605A1D2326,classic_bike,2021-07-20 10:39:32,2021-07-20 10:46:38,Columbia St & Rivington St,5365,Allen St & Hester St,5342,40.71739973,-73.98016555,40.71605866,-73.99190759,member
65924,6CCB45152B83D120,classic_bike,2021-07-08 12:38:37,2021-07-08 12:48:40,Columbia St & Rivington St,5365,Allen St & Hester St,5342,40.71739973,-73.98016555,40.71605866,-73.99190759,member
65933,9A0A3E9A9D41C278,classic_bike,2021-07-21 17:27:52,2021-07-21 17:36:00,Columbia St & Rivington St,5365,Allen St & Hester St,5342,40.71739973,-73.98016555,40.71605866,-73.99190759,member
66693,2B5A8DBBAE62892F,classic_bike,2021-07-14 18:27:52,2021-07-14 18:36:00,Columbia St & Rivington St,5365,Allen St & Hester St,5342,40.71739973,-73.98016555,40.71605866,-73.99190759,member
67222,CC5A215D83541399,classic_bike,2021-07-04 16:26:40,2021-07-04 16:42:13,Columbia St & Rivington St,5365,Barrow St & Hudson St,5805,40.71739973,-73.98016555,40.73172428,-74.00674436,casual
67910,1BBAAF51C2F68E3E,electric_bike,2021-07-05 20:32:31,2021-07-05 20:58:42,Columbia St & Rivington St,5365,Clermont Ave & Lafayette Ave,4461,40.71739973,-73.98016555,40.68764484,-73.96968902,member
68315,B66E33DB07C3012F,classic_bike,2021-07-28 11:25:14,2021-07-28 11:35:50,Columbia St & Rivington St,5365,Forsyth St\t& Grand St,5382,40.71739973,-73.98016555,40.71779817737835,-73.99316132068634,member
68459,56367BD62A12297F,classic_bike,2021-07-10 12:07:38,2021-07-10 12:17:11,Columbia St & Rivington St,5365,Forsyth St\t& Grand St,5382,40.71739973,-73.98016555,40.71779817737835,-73.99316132068634,member
68476,E1D32DE777496CDE,classic_bike,2021-07-24 14:37:38,2021-07-24 14:45:15,Columbia St & Rivington St,5365,Cleveland Pl & Spring St,5492,40.71739973,-73.98016555,40.722103786686034,-73.99724900722504,member
68478,8208791FEB6E909B,classic_bike,2021-07-17 08:37:26,2021-07-17 08:42:42,Columbia St & Rivington St,5365,Forsyth St\t& Grand St,5382,40.71739973,-73.98016555,40.71779817737835,-73.99316132068634,member
68479,4FD774EE82863537,classic_bike,2021-07-20 16:17:31,2021-07-20 16:23:35,Columbia St & Rivington St,5365,Forsyth St\t& Grand St,5382,40.71739973,-73.98016555,40.71779817737835,-73.99316132068634,member
68480,17FA92F2F9B0AEC1,classic_bike,2021-07-31 20:49:42,2021-07-31 20:57:45,Columbia St & Rivington St,5365,Cleveland Pl & Spring St,5492,40.71739973,-73.98016555,40.722103786686034,-73.99724900722504,member
68481,8D42EE0D5915255D,classic_bike,2021-07-24 11:35:38,2021-07-24 11:41:04,Columbia St & Rivington St,5365,Forsyth St\t& Grand St,5382,40.71739973,-73.98016555,40.71779817737835,-73.99316132068634,member
68482,52BA9F34C3877F00,classic_bike,2021-07-24 15:21:20,2021-07-24 15:27:23,Columbia St & Rivington St,5365,Forsyth St\t& Grand St,5382,40.71739973,-73.98016555,40.71779817737835,-73.99316132068634,member
68483,44A8B2A164D271EB,classic_bike,2021-07-30 11:18:55,2021-07-30 11:24:32,Columbia St & Rivington St,5365,Forsyth St\t& Grand St,5382,40.71739973,-73.98016555,40.71779817737835,-73.99316132068634,member
68484,8D2EC9F46A3DD6C6,classic_bike,2021-07-30 16:04:40,2021-07-30 16:10:40,Columbia St & Rivington St,5365,Forsyth St\t& Grand St,5382,40.71739973,-73.98016555,40.71779817737835,-73.99316132068634,member
68485,24DF7F7FCCD83ADE,classic_bike,2021-07-28 17:05:06,2021-07-28 17:12:35,Columbia St & Rivington St,5365,Cleveland Pl & Spring St,5492,40.71739973,-73.98016555,40.722103786686034,-73.99724900722504,member
68487,E224832E7F103532,classic_bike,2021-07-25 15:03:57,2021-07-25 15:10:19,Columbia St & Rivington St,5365,Forsyth St\t& Grand St,5382,40.71739973,-73.98016555,40.71779817737835,-73.99316132068634,member
68718,254E7248DB12D2B5,classic_bike,2021-07-06 15:12:58,2021-07-06 15:22:57,Columbia St & Rivington St,5365,Forsyth St\t& Grand St,5382,40.71739973,-73.98016555,40.71779817737835,-73.99316132068634,member
68727,9D4A21A79549436C,classic_bike,2021-07-22 10:18:08,2021-07-22 10:27:00,Columbia St & Rivington St,5365,Forsyth St\t& Grand St,5382,40.71739973,-73.98016555,40.71779817737835,-73.99316132068634,member
68732,F4A5E8062CCD7FFA,electric_bike,2021-07-12 07:55:56,2021-07-12 08:06:38,Columbia St & Rivington St,5365,Cleveland Pl & Spring St,5492,40.71739973,-73.98016555,40.722103786686034,-73.99724900722504,member
68733,FEB93D5B8689CF7B,electric_bike,2021-07-05 08:39:16,2021-07-05 08:45:42,Columbia St & Rivington St,5365,Cleveland Pl & Spring St,5492,40.71739973,-73.98016555,40.722103786686034,-73.99724900722504,member
68734,022AA3601680D499,electric_bike,2021-07-09 06:10:08,2021-07-09 06:17:19,Columbia St & Rivington St,5365,Cleveland Pl & Spring St,5492,40.71739973,-73.98016555,40.722103786686034,-73.99724900722504,member
68735,422CF731ACEC29CF,classic_bike,2021-07-01 11:18:10,2021-07-01 11:24:45,Columbia St & Rivington St,5365,Forsyth St\t& Grand St,5382,40.71739973,-73.98016555,40.71779817737835,-73.99316132068634,member
68736,A1027D44EE5B4A9A,classic_bike,2021-07-22 13:34:33,2021-07-22 13:42:51,Columbia St & Rivington St,5365,Forsyth St\t& Grand St,5382,40.71739973,-73.98016555,40.71779817737835,-73.99316132068634,member
68737,6B986CB38B28AF9D,classic_bike,2021-07-24 09:55:56,2021-07-24 10:06:11,Columbia St & Rivington St,5365,Forsyth St\t& Grand St,5382,40.71739973,-73.98016555,40.71779817737835,-73.99316132068634,member
68743,D3723D92A2600548,classic_bike,2021-07-27 11:18:06,2021-07-27 11:26:21,Columbia St & Rivington St,5365,Forsyth St\t& Grand St,5382,40.71739973,-73.98016555,40.71779817737835,-73.99316132068634,member
68744,071B0C09C5EA13F9,classic_bike,2021-07-21 13:44:20,2021-07-21 13:51:54,Columbia St & Rivington St,5365,Forsyth St\t& Grand St,5382,40.71739973,-73.98016555,40.71779817737835,-73.99316132068634,member
68753,7A3CA25E977F1800,classic_bike,2021-07-24 09:45:06,2021-07-24 10:02:11,Columbia St & Rivington St,5365,Forsyth St\t& Grand St,5382,40.71739973,-73.98016555,40.71779817737835,-73.99316132068634,member
68775,3E5B4E978D8DF1B0,classic_bike,2021-07-26 09:47:28,2021-07-26 09:54:42,Columbia St & Rivington St,5365,Forsyth St\t& Grand St,5382,40.71739973,-73.98016555,40.71779817737835,-73.99316132068634,member
68784,C99E3495B0EDE138,classic_bike,2021-07-21 07:54:22,2021-07-21 08:06:44,Columbia St & Rivington St,5365,Forsyth St\t& Grand St,5382,40.71739973,-73.98016555,40.71779817737835,-73.99316132068634,member
68792,7CD978655FA500A7,classic_bike,2021-07-22 09:53:07,2021-07-22 10:07:34,Columbia St & Rivington St,5365,Cleveland Pl & Spring St,5492,40.71739973,-73.98016555,40.722103786686034,-73.99724900722504,member
68794,B5E871DF6FAF52A2,classic_bike,2021-07-23 07:52:00,2021-07-23 08:00:23,Columbia St & Rivington St,5365,Forsyth St\t& Grand St,5382,40.71739973,-73.98016555,40.71779817737835,-73.99316132068634,member
68798,AB8D8AADD1D6492F,classic_bike,2021-07-01 09:05:55,2021-07-01 09:12:47,Columbia St & Rivington St,5365,Forsyth St\t& Grand St,5382,40.71739973,-73.98016555,40.71779817737835,-73.99316132068634,member
69009,9DD17D6340890459,classic_bike,2021-07-18 07:41:08,2021-07-18 07:52:40,Columbia St & Rivington St,5365,Pike St & E Broadway,5270,40.71739973,-73.98016555,40.71406667,-73.99293911,member
69012,6FBACD37252026D1,classic_bike,2021-07-20 07:55:12,2021-07-20 08:03:12,Columbia St & Rivington St,5365,Pike St & E Broadway,5270,40.71739973,-73.98016555,40.71406667,-73.99293911,member
69020,5FB55304BD164CA7,classic_bike,2021-07-15 09:19:26,2021-07-15 09:26:13,Columbia St & Rivington St,5365,Pike St & E Broadway,5270,40.71739973,-73.98016555,40.71406667,-73.99293911,member
69025,9D48E9DD33465C59,classic_bike,2021-07-30 11:22:36,2021-07-30 11:29:25,Columbia St & Rivington St,5365,Pike St & E Broadway,5270,40.71739973,-73.98016555,40.71406667,-73.99293911,member
69974,72EB4204DB3AF5A4,classic_bike,2021-07-04 09:14:08,2021-07-04 09:22:00,Columbia St & Rivington St,5365,Pike St & E Broadway,5270,40.71739973,-73.98016555,40.71406667,-73.99293911,member
69997,46578617D12A30F5,electric_bike,2021-07-21 20:02:06,2021-07-21 20:22:03,Columbia St & Rivington St,5365,Pier 40 - Hudson River Park,5696,40.71739973,-73.98016555,40.7277140777778,-74.01129573583603,casual
70005,40B9158C472163E3,classic_bike,2021-07-05 08:51:34,2021-07-05 08:58:43,Columbia St & Rivington St,5365,Pike St & E Broadway,5270,40.71739973,-73.98016555,40.71406667,-73.99293911,member
71862,3DF305081F98B995,classic_bike,2021-07-13 12:18:24,2021-07-13 12:25:12,Columbia St & Rivington St,5365,E 2 St & 2 Ave,5593,40.71739973,-73.98016555,40.72502876,-73.99069656,member
74729,93D7AA66A4DD7CF9,classic_bike,2021-07-05 17:20:34,2021-07-05 17:29:25,Columbia St & Rivington St,5365,E 12 St & Ave C,5616,40.71739973,-73.98016555,40.727243,-73.976831,member
74751,D7239F67EDE46140,classic_bike,2021-07-12 08:04:57,2021-07-12 08:12:50,Columbia St & Rivington St,5365,E 12 St & Ave C,5616,40.71739973,-73.98016555,40.727243,-73.976831,member
75485,ED56F53A64F34AEA,classic_bike,2021-07-16 14:50:29,2021-07-16 14:59:14,Columbia St & Rivington St,5365,Forsyth St & Broome St,5453,40.71739973,-73.98016555,40.71893904,-73.99266288,member
76248,A99AD0006DB0634B,classic_bike,2021-07-31 15:43:36,2021-07-31 15:58:32,Columbia St & Rivington St,5365,Forsyth St & Broome St,5453,40.71739973,-73.98016555,40.71893904,-73.99266288,member
76249,DEC5F883B062339E,classic_bike,2021-07-28 14:02:56,2021-07-28 14:09:11,Columbia St & Rivington St,5365,Forsyth St & Broome St,5453,40.71739973,-73.98016555,40.71893904,-73.99266288,member
76253,C54FEAEA2898BC99,classic_bike,2021-07-20 10:01:44,2021-07-20 10:08:22,Columbia St & Rivington St,5365,Forsyth St & Broome St,5453,40.71739973,-73.98016555,40.71893904,-73.99266288,member
76257,0C01DDC965A4C65A,classic_bike,2021-07-10 10:47:09,2021-07-10 10:54:46,Columbia St & Rivington St,5365,Forsyth St & Broome St,5453,40.71739973,-73.98016555,40.71893904,-73.99266288,member
77237,950594F40A9ACDE7,classic_bike,2021-07-27 18:46:03,2021-07-27 18:53:23,Columbia St & Rivington St,5365,Madison St & Montgomery St,5262,40.71739973,-73.98016555,40.713126,-73.984844,member
77244,C5672F624CFAC155,classic_bike,2021-07-24 17:13:58,2021-07-24 17:35:01,Columbia St & Rivington St,5365,Madison St & Montgomery St,5262,40.71739973,-73.98016555,40.713126,-73.984844,member
78685,5344AC2BD19A8821,classic_bike,2021-07-17 11:03:11,2021-07-17 11:10:07,Columbia St & Rivington St,5365,Madison St & Montgomery St,5262,40.71739973,-73.98016555,40.713126,-73.984844,member
78686,FE1437E36E262345,classic_bike,2021-07-12 13:55:02,2021-07-12 14:04:26,Columbia St & Rivington St,5365,E 3 St & 1 Ave,5553,40.71739973,-73.98016555,40.72467721,-73.98783413,member
78698,87E73B06B92BFA41,electric_bike,2021-07-09 00:24:05,2021-07-09 00:37:30,Columbia St & Rivington St,5365,Washington Pl & 6 Ave,5838,40.71739973,-73.98016555,40.73224119,-74.00026394,member
78699,9CE530E92F85B670,classic_bike,2021-07-15 06:13:05,2021-07-15 06:20:33,Columbia St & Rivington St,5365,E 3 St & 1 Ave,5553,40.71739973,-73.98016555,40.72467721,-73.98783413,member
78715,9CFBBFD894DA1B30,electric_bike,2021-07-25 21:33:27,2021-07-25 21:37:28,Columbia St & Rivington St,5365,Madison St & Montgomery St,5262,40.71739973,-73.98016555,40.713126,-73.984844,member
78716,54D2ACA0E86BFAA7,classic_bike,2021-07-21 12:12:47,2021-07-21 12:30:28,Columbia St & Rivington St,5365,E 25 St & 2 Ave,6046,40.71739973,-73.98016555,40.73912601,-73.97973776,member
78731,01D5212FA4184FA4,classic_bike,2021-07-17 17:47:28,2021-07-17 17:52:52,Columbia St & Rivington St,5365,E 3 St & 1 Ave,5553,40.71739973,-73.98016555,40.72467721,-73.98783413,member
78737,EECAAD474A0FC7C4,classic_bike,2021-07-26 18:46:48,2021-07-26 18:52:20,Columbia St & Rivington St,5365,Madison St & Montgomery St,5262,40.71739973,-73.98016555,40.713126,-73.984844,casual
82677,1BE2026F458CE2C9,classic_bike,2021-07-31 16:29:34,2021-07-31 16:34:27,Columbia St & Rivington St,5365,Suffolk St & Stanton St,5445,40.71739973,-73.98016555,40.72066442,-73.98517977,member
82686,B557A1B26DC7BE84,electric_bike,2021-07-17 10:02:32,2021-07-17 10:07:02,Columbia St & Rivington St,5365,Suffolk St & Stanton St,5445,40.71739973,-73.98016555,40.72066442,-73.98517977,member
82709,18ADA8122BFF1581,classic_bike,2021-07-14 20:07:59,2021-07-14 20:11:22,Columbia St & Rivington St,5365,Suffolk St & Stanton St,5445,40.71739973,-73.98016555,40.72066442,-73.98517977,member
82715,100A54F7D2A9CA50,electric_bike,2021-07-07 01:08:00,2021-07-07 01:27:03,Columbia St & Rivington St,5365,W 26 St & 10 Ave,6382,40.71739973,-73.98016555,40.749717753,-74.002950346,casual
84504,23AD7084D470EEBF,classic_bike,2021-07-07 11:25:10,2021-07-07 11:30:11,Columbia St & Rivington St,5365,Clinton St & Grand St,5303,40.71739973,-73.98016555,40.71559509,-73.9870295,member
84511,92ACE3A75071C732,classic_bike,2021-07-25 16:21:46,2021-07-25 16:33:44,Columbia St & Rivington St,5365,LaGuardia Pl & W 3 St,5721,40.71739973,-73.98016555,40.72917025,-73.99810231,member
84530,7A0A7AD4046ADE8E,classic_bike,2021-07-22 14:20:41,2021-07-22 14:32:08,Columbia St & Rivington St,5365,LaGuardia Pl & W 3 St,5721,40.71739973,-73.98016555,40.72917025,-73.99810231,member
84534,CAD5BF8BC5D972D4,electric_bike,2021-07-29 22:26:22,2021-07-29 22:29:36,Columbia St & Rivington St,5365,Clinton St & Grand St,5303,40.71739973,-73.98016555,40.71559509,-73.9870295,member
84537,82FFB1ABE62F0268,classic_bike,2021-07-26 14:44:48,2021-07-26 14:53:16,Columbia St & Rivington St,5365,Clinton St & Grand St,5303,40.71739973,-73.98016555,40.71559509,-73.9870295,member
84538,55EFC8130CA8FDAC,classic_bike,2021-07-29 12:07:30,2021-07-29 12:15:21,Columbia St & Rivington St,5365,Clinton St & Grand St,5303,40.71739973,-73.98016555,40.71559509,-73.9870295,member
84544,6B8F7E81AA01A6C0,electric_bike,2021-07-29 13:18:15,2021-07-29 13:23:00,Columbia St & Rivington St,5365,Clinton St & Grand St,5303,40.71739973,-73.98016555,40.71559509,-73.9870295,member
84545,49CB2AFB992A4E83,electric_bike,2021-07-07 22:17:28,2021-07-07 22:44:46,Columbia St & Rivington St,5365,Clinton St\t& Cherry St,5190,40.71739973,-73.98016555,40.711471394469264,-73.98672603070736,member
84556,DB925D78E76B6181,electric_bike,2021-07-04 22:30:20,2021-07-04 23:04:42,Columbia St & Rivington St,5365,Hope St & Union Ave,5187,40.71739973,-73.98016555,40.71167351,-73.95141312,member
84560,3F6481E9F095D6EC,electric_bike,2021-07-19 19:35:18,2021-07-19 21:01:05,Columbia St & Rivington St,5365,Clinton St & Grand St,5303,40.71739973,-73.98016555,40.71559509,-73.9870295,member
84567,E765D09E294A7767,classic_bike,2021-07-02 14:14:07,2021-07-02 15:14:49,Columbia St & Rivington St,5365,Clinton St & Grand St,5303,40.71739973,-73.98016555,40.71559509,-73.9870295,member
84569,E1952D9BA56FD6D6,classic_bike,2021-07-28 09:34:05,2021-07-28 09:38:35,Columbia St & Rivington St,5365,Clinton St & Grand St,5303,40.71739973,-73.98016555,40.71559509,-73.9870295,member
85626,DA183AC9DAB06031,classic_bike,2021-07-06 11:01:46,2021-07-06 11:05:30,Columbia St & Rivington St,5365,Clinton St & Grand St,5303,40.71739973,-73.98016555,40.71559509,-73.9870295,member
85633,38E7CC2E34CDB09D,classic_bike,2021-07-03 11:37:03,2021-07-03 11:42:07,Columbia St & Rivington St,5365,Clinton St & Grand St,5303,40.71739973,-73.98016555,40.71559509,-73.9870295,member
85637,07FD0183467F577A,classic_bike,2021-07-16 11:36:06,2021-07-16 11:45:22,Columbia St & Rivington St,5365,Clinton St\t& Cherry St,5190,40.71739973,-73.98016555,40.711471394469264,-73.98672603070736,member
85638,0A00930BA5D7A2CF,electric_bike,2021-07-24 21:04:28,2021-07-24 21:13:55,Columbia St & Rivington St,5365,Clinton St & Grand St,5303,40.71739973,-73.98016555,40.71559509,-73.9870295,member
87031,BC3F50326014A2BA,classic_bike,2021-07-02 12:16:32,2021-07-02 12:20:09,Columbia St & Rivington St,5365,Clinton St & Grand St,5303,40.71739973,-73.98016555,40.71559509,-73.9870295,member
87033,76DB7246BB4F324F,classic_bike,2021-07-16 08:00:18,2021-07-16 08:06:16,Columbia St & Rivington St,5365,Clinton St & Grand St,5303,40.71739973,-73.98016555,40.71559509,-73.9870295,member
87034,A892FBCC8338EC5C,classic_bike,2021-07-01 16:23:26,2021-07-01 16:32:38,Columbia St & Rivington St,5365,Clinton St\t& Cherry St,5190,40.71739973,-73.98016555,40.711471394469264,-73.98672603070736,member
87037,1D16A9AD889B0DE2,classic_bike,2021-07-24 13:45:19,2021-07-24 13:50:01,Columbia St & Rivington St,5365,Clinton St & Grand St,5303,40.71739973,-73.98016555,40.71559509,-73.9870295,member
87047,BE76025BC2058267,classic_bike,2021-07-19 19:39:06,2021-07-19 21:00:42,Columbia St & Rivington St,5365,Clinton St & Grand St,5303,40.71739973,-73.98016555,40.71559509,-73.9870295,casual
87049,75AD0C9700E25DC2,classic_bike,2021-07-30 11:03:29,2021-07-30 11:07:27,Columbia St & Rivington St,5365,Clinton St & Grand St,5303,40.71739973,-73.98016555,40.71559509,-73.9870295,member
87054,B36396EC348FD719,electric_bike,2021-07-29 17:41:40,2021-07-29 17:55:12,Columbia St & Rivington St,5365,Hope St & Union Ave,5187,40.71739973,-73.98016555,40.71167351,-73.95141312,casual
88124,FE3E375A5A38394E,classic_bike,2021-07-06 10:18:34,2021-07-06 10:23:57,Columbia St & Rivington St,5365,Forsyth St & Broome St,5453,40.71739973,-73.98016555,40.71893904,-73.99266288,member
88441,8D75FC5E8A75705F,classic_bike,2021-07-18 12:55:07,2021-07-18 13:02:31,Columbia St & Rivington St,5365,Forsyth St & Broome St,5453,40.71739973,-73.98016555,40.71893904,-73.99266288,member
90957,6261E5202BE22D27,classic_bike,2021-07-20 10:33:39,2021-07-20 10:47:07,Columbia St & Rivington St,5365,2 Ave & E 29 St,6122,40.71739973,-73.98016555,40.74172351097472,-73.97809267044067,member
90981,533C12D3CDA59846,classic_bike,2021-07-08 13:35:33,2021-07-08 14:11:54,Columbia St & Rivington St,5365,Bergen St & Vanderbilt Ave,4157,40.71739973,-73.98016555,40.6794388,-73.9680438,casual
92708,29234A2A2797128E,electric_bike,2021-07-14 10:33:53,2021-07-14 10:51:09,Columbia St & Rivington St,5365,Greenpoint Ave & Manhattan Ave,5785,40.71739973,-73.98016555,40.73026,-73.95394,member
94455,D887596EABA27776,electric_bike,2021-07-27 17:52:51,2021-07-27 18:12:16,Columbia St & Rivington St,5365,2 Ave & E 29 St,6122,40.71739973,-73.98016555,40.74172351097472,-73.97809267044067,casual
96072,F4C4ACE219760E8F,classic_bike,2021-07-14 14:02:23,2021-07-14 14:11:09,Columbia St & Rivington St,5365,Allen St & Stanton St,5484,40.71739973,-73.98016555,40.722055,-73.989111,casual
99216,07A7B98170C974EC,classic_bike,2021-07-27 14:38:59,2021-07-27 14:44:58,Columbia St & Rivington St,5365,Allen St & Rivington St,5414,40.71739973,-73.98016555,40.72019576,-73.98997825,member
99232,4D4D3EE817453932,electric_bike,2021-07-29 20:45:45,2021-07-29 20:53:23,Columbia St & Rivington St,5365,Allen St & Rivington St,5414,40.71739973,-73.98016555,40.72019576,-73.98997825,member
99233,78B7F1DDD23C1DC5,electric_bike,2021-07-30 10:54:09,2021-07-30 10:59:46,Columbia St & Rivington St,5365,Allen St & Rivington St,5414,40.71739973,-73.98016555,40.72019576,-73.98997825,member
99236,15526F9CB7EE6FDA,electric_bike,2021-07-24 21:22:56,2021-07-24 21:38:04,Columbia St & Rivington St,5365,Allen St & Rivington St,5414,40.71739973,-73.98016555,40.72019576,-73.98997825,member
101450,1918455F3894DC57,classic_bike,2021-07-27 09:58:29,2021-07-27 10:06:09,Columbia St & Rivington St,5365,Forsyth St & Broome St,5453,40.71739973,-73.98016555,40.71893904,-73.99266288,member
101457,E6B5A4117BA77AD2,electric_bike,2021-07-11 20:15:40,2021-07-11 20:23:49,Columbia St & Rivington St,5365,Forsyth St & Broome St,5453,40.71739973,-73.98016555,40.71893904,-73.99266288,member
101562,6327205D0237AD9D,classic_bike,2021-07-08 12:46:16,2021-07-08 12:54:05,Columbia St & Rivington St,5365,Forsyth St & Broome St,5453,40.71739973,-73.98016555,40.71893904,-73.99266288,casual
102228,FCED34614466F8F4,classic_bike,2021-07-07 21:09:03,2021-07-07 21:17:21,Columbia St & Rivington St,5365,E 12 St & Ave C,5616,40.71739973,-73.98016555,40.727243,-73.976831,member
107862,0F224B7C9C40BAB0,classic_bike,2021-07-29 13:07:48,2021-07-29 13:19:59,Columbia St & Rivington St,5365,Pike St & E Broadway,5270,40.71739973,-73.98016555,40.71406667,-73.99293911,member
107883,1A6329DD7AA2DD8A,classic_bike,2021-07-29 11:16:13,2021-07-29 11:25:09,Columbia St & Rivington St,5365,Pike St & E Broadway,5270,40.71739973,-73.98016555,40.71406667,-73.99293911,member
109091,5C4271D6FCA734BB,classic_bike,2021-07-11 10:53:25,2021-07-11 10:57:29,Columbia St & Rivington St,5365,E 9 St & Avenue C,5616,40.71739973,-73.98016555,40.72521311,-73.97768752,member
109095,1E87743EC46CACC2,classic_bike,2021-07-06 12:29:19,2021-07-06 12:45:59,Columbia St & Rivington St,5365,Pike St & E Broadway,5270,40.71739973,-73.98016555,40.71406667,-73.99293911,member
109096,668418E086A5CBC2,classic_bike,2021-07-23 13:24:31,2021-07-23 13:34:18,Columbia St & Rivington St,5365,Pike St & E Broadway,5270,40.71739973,-73.98016555,40.71406667,-73.99293911,member
109098,61AAE3B1A5C6398A,classic_bike,2021-07-23 17:32:36,2021-07-23 17:39:08,Columbia St & Rivington St,5365,Pike St & E Broadway,5270,40.71739973,-73.98016555,40.71406667,-73.99293911,member
109150,3B025AD718460250,classic_bike,2021-07-31 09:46:06,2021-07-31 09:53:13,Columbia St & Rivington St,5365,Pike St & E Broadway,5270,40.71739973,-73.98016555,40.71406667,-73.99293911,member
109152,838DE6E2F6B2A5F7,classic_bike,2021-07-26 08:04:46,2021-07-26 08:11:43,Columbia St & Rivington St,5365,E 2 St & 2 Ave,5593,40.71739973,-73.98016555,40.72502876,-73.99069656,member
109169,62B849011DF689D0,electric_bike,2021-07-30 04:46:16,2021-07-30 04:54:08,Columbia St & Rivington St,5365,Warren St & W Broadway,5288,40.71739973,-73.98016555,40.71473993,-74.00910627,casual
109174,B84E9DC400D2F413,classic_bike,2021-07-07 09:15:28,2021-07-07 09:21:50,Columbia St & Rivington St,5365,E 9 St & Avenue C,5616,40.71739973,-73.98016555,40.72521311,-73.97768752,casual
109182,297DFCAAA2E62646,electric_bike,2021-07-20 17:48:00,2021-07-20 17:53:07,Columbia St & Rivington St,5365,E 2 St & 2 Ave,5593,40.71739973,-73.98016555,40.72502876,-73.99069656,member
109183,8A8A0C946F90CA69,classic_bike,2021-07-12 14:55:35,2021-07-12 15:03:49,Columbia St & Rivington St,5365,Pike St & E Broadway,5270,40.71739973,-73.98016555,40.71406667,-73.99293911,member
109184,192B1638518C4F0D,classic_bike,2021-07-19 08:41:05,2021-07-19 08:48:03,Columbia St & Rivington St,5365,Pike St & E Broadway,5270,40.71739973,-73.98016555,40.71406667,-73.99293911,member
109188,DA4D8FA9D7DEB818,classic_bike,2021-07-27 11:32:17,2021-07-27 11:40:55,Columbia St & Rivington St,5365,Pike St & E Broadway,5270,40.71739973,-73.98016555,40.71406667,-73.99293911,member
109189,417950D6BF4D1636,classic_bike,2021-07-10 17:54:21,2021-07-10 18:01:08,Columbia St & Rivington St,5365,Pike St & E Broadway,5270,40.71739973,-73.98016555,40.71406667,-73.99293911,member
109194,C715E38FEA9E7672,classic_bike,2021-07-30 11:36:15,2021-07-30 11:48:12,Columbia St & Rivington St,5365,Pike St & E Broadway,5270,40.71739973,-73.98016555,40.71406667,-73.99293911,member
109195,5FC2E6B96366FC4C,classic_bike,2021-07-31 15:50:07,2021-07-31 15:56:57,Columbia St & Rivington St,5365,Pike St & E Broadway,5270,40.71739973,-73.98016555,40.71406667,-73.99293911,member
110750,DAA0063B434F989A,electric_bike,2021-07-12 16:18:38,2021-07-12 16:27:07,Columbia St & Rivington St,5365,Pike St & E Broadway,5270,40.71739973,-73.98016555,40.71406667,-73.99293911,member
110763,B16E685002418442,classic_bike,2021-07-13 14:55:46,2021-07-13 15:02:39,Columbia St & Rivington St,5365,Pike St & E Broadway,5270,40.71739973,-73.98016555,40.71406667,-73.99293911,member
110764,91B06E1C43546AC1,classic_bike,2021-07-11 10:32:20,2021-07-11 10:40:04,Columbia St & Rivington St,5365,Pike St & E Broadway,5270,40.71739973,-73.98016555,40.71406667,-73.99293911,member
110777,56734029CD3CCE36,classic_bike,2021-07-29 12:18:33,2021-07-29 12:28:29,Columbia St & Rivington St,5365,Pike St & E Broadway,5270,40.71739973,-73.98016555,40.71406667,-73.99293911,member
116503,B837DD504D064339,classic_bike,2021-07-19 08:03:27,2021-07-19 08:11:32,Columbia St & Rivington St,5365,Forsyth St\t& Grand St,5382,40.71739973,-73.98016555,40.71779817737835,-73.99316132068634,member
116504,96B58A6AE665401A,classic_bike,2021-07-08 08:11:04,2021-07-08 08:18:40,Columbia St & Rivington St,5365,Forsyth St\t& Grand St,5382,40.71739973,-73.98016555,40.71779817737835,-73.99316132068634,member
116505,294646D78E49B852,classic_bike,2021-07-29 08:08:34,2021-07-29 08:16:37,Columbia St & Rivington St,5365,Forsyth St\t& Grand St,5382,40.71739973,-73.98016555,40.71779817737835,-73.99316132068634,member
116509,FDFAE052AA75510C,classic_bike,2021-07-30 07:23:01,2021-07-30 07:31:53,Columbia St & Rivington St,5365,Forsyth St\t& Grand St,5382,40.71739973,-73.98016555,40.71779817737835,-73.99316132068634,member
116518,333AC1F3093EBC08,electric_bike,2021-07-22 11:38:06,2021-07-22 11:44:30,Columbia St & Rivington St,5365,Forsyth St\t& Grand St,5382,40.71739973,-73.98016555,40.71779817737835,-73.99316132068634,casual
116521,692FFDA3ABEBA289,electric_bike,2021-07-02 17:17:05,2021-07-02 17:21:41,Columbia St & Rivington St,5365,Forsyth St\t& Grand St,5382,40.71739973,-73.98016555,40.71779817737835,-73.99316132068634,casual
116547,A91F2B0348BF288D,classic_bike,2021-07-31 09:07:22,2021-07-31 09:16:40,Columbia St & Rivington St,5365,Forsyth St\t& Grand St,5382,40.71739973,-73.98016555,40.71779817737835,-73.99316132068634,member
116548,5F8DD25AA00FA363,classic_bike,2021-07-31 15:18:18,2021-07-31 15:25:51,Columbia St & Rivington St,5365,Forsyth St\t& Grand St,5382,40.71739973,-73.98016555,40.71779817737835,-73.99316132068634,member
116552,0A19A17FCEDD6DD0,classic_bike,2021-07-17 18:34:11,2021-07-17 18:47:06,Columbia St & Rivington St,5365,Cleveland Pl & Spring St,5492,40.71739973,-73.98016555,40.722103786686034,-73.99724900722504,member
116554,9F5F72127DE4C306,classic_bike,2021-07-30 08:15:37,2021-07-30 08:23:10,Columbia St & Rivington St,5365,Forsyth St\t& Grand St,5382,40.71739973,-73.98016555,40.71779817737835,-73.99316132068634,member
116555,404DD46D2938BECB,classic_bike,2021-07-23 07:59:01,2021-07-23 08:09:13,Columbia St & Rivington St,5365,Forsyth St\t& Grand St,5382,40.71739973,-73.98016555,40.71779817737835,-73.99316132068634,member
117250,6770CBEF77EE602B,classic_bike,2021-07-26 10:16:38,2021-07-26 10:24:27,Columbia St & Rivington St,5365,Forsyth St\t& Grand St,5382,40.71739973,-73.98016555,40.71779817737835,-73.99316132068634,member
117253,516F9719C57EBBAA,classic_bike,2021-07-07 14:39:10,2021-07-07 14:48:28,Columbia St & Rivington St,5365,Forsyth St\t& Grand St,5382,40.71739973,-73.98016555,40.71779817737835,-73.99316132068634,member
117255,6428C9A0D141EE3A,electric_bike,2021-07-21 15:33:41,2021-07-21 15:40:05,Columbia St & Rivington St,5365,Forsyth St\t& Grand St,5382,40.71739973,-73.98016555,40.71779817737835,-73.99316132068634,member
117256,5DAA6E05BB840F48,classic_bike,2021-07-10 18:47:19,2021-07-10 18:55:00,Columbia St & Rivington St,5365,Forsyth St\t& Grand St,5382,40.71739973,-73.98016555,40.71779817737835,-73.99316132068634,member
117257,B59DF0E815EE219A,classic_bike,2021-07-23 14:34:05,2021-07-23 14:42:12,Columbia St & Rivington St,5365,Forsyth St\t& Grand St,5382,40.71739973,-73.98016555,40.71779817737835,-73.99316132068634,member
117258,D37EC0145F97EE8E,classic_bike,2021-07-20 12:09:43,2021-07-20 12:20:41,Columbia St & Rivington St,5365,Forsyth St\t& Grand St,5382,40.71739973,-73.98016555,40.71779817737835,-73.99316132068634,member
117260,6848FBD71037021B,electric_bike,2021-07-09 08:28:20,2021-07-09 08:34:46,Columbia St & Rivington St,5365,Forsyth St\t& Grand St,5382,40.71739973,-73.98016555,40.71779817737835,-73.99316132068634,member
117263,A77BBF1C02A25554,classic_bike,2021-07-20 13:03:19,2021-07-20 13:11:20,Columbia St & Rivington St,5365,Forsyth St\t& Grand St,5382,40.71739973,-73.98016555,40.71779817737835,-73.99316132068634,member
117285,18BEA14DAD4A4D89,classic_bike,2021-07-28 18:49:32,2021-07-28 18:58:55,Columbia St & Rivington St,5365,Forsyth St\t& Grand St,5382,40.71739973,-73.98016555,40.71779817737835,-73.99316132068634,member
117288,6BCBB9C189E7F110,electric_bike,2021-07-17 17:49:58,2021-07-17 17:58:53,Columbia St & Rivington St,5365,Forsyth St\t& Grand St,5382,40.71739973,-73.98016555,40.71779817737835,-73.99316132068634,member
117290,29B878F687F38448,classic_bike,2021-07-31 11:02:27,2021-07-31 11:13:24,Columbia St & Rivington St,5365,Forsyth St\t& Grand St,5382,40.71739973,-73.98016555,40.71779817737835,-73.99316132068634,member
117292,B8F15CEEB7F44B9E,classic_bike,2021-07-27 09:23:13,2021-07-27 09:30:57,Columbia St & Rivington St,5365,Forsyth St\t& Grand St,5382,40.71739973,-73.98016555,40.71779817737835,-73.99316132068634,member
117297,8B1406FADE11A9AA,classic_bike,2021-07-04 23:19:09,2021-07-04 23:37:32,Columbia St & Rivington St,5365,Cleveland Pl & Spring St,5492,40.71739973,-73.98016555,40.722103786686034,-73.99724900722504,member
117314,CD210A4D8E48C344,classic_bike,2021-07-02 17:42:08,2021-07-02 17:50:54,Columbia St & Rivington St,5365,Forsyth St\t& Grand St,5382,40.71739973,-73.98016555,40.71779817737835,-73.99316132068634,member
117323,821849AFF42E65A1,classic_bike,2021-07-02 08:12:44,2021-07-02 08:20:32,Columbia St & Rivington St,5365,Forsyth St\t& Grand St,5382,40.71739973,-73.98016555,40.71779817737835,-73.99316132068634,member
117324,40B7197FEA75CD5E,classic_bike,2021-07-08 13:55:10,2021-07-08 14:06:37,Columbia St & Rivington St,5365,Forsyth St\t& Grand St,5382,40.71739973,-73.98016555,40.71779817737835,-73.99316132068634,member
117333,65145B17FEB00F3D,classic_bike,2021-07-28 14:42:40,2021-07-28 14:48:44,Columbia St & Rivington St,5365,Forsyth St\t& Grand St,5382,40.71739973,-73.98016555,40.71779817737835,-73.99316132068634,member
117334,B68FEAD42587260A,classic_bike,2021-07-04 17:55:55,2021-07-04 18:03:05,Columbia St & Rivington St,5365,Forsyth St\t& Grand St,5382,40.71739973,-73.98016555,40.71779817737835,-73.99316132068634,member
117335,A9CCF597215DE942,classic_bike,2021-07-20 11:43:52,2021-07-20 11:53:56,Columbia St & Rivington St,5365,Forsyth St\t& Grand St,5382,40.71739973,-73.98016555,40.71779817737835,-73.99316132068634,member
117338,A3F92A896BACC591,electric_bike,2021-07-25 14:00:59,2021-07-25 14:06:52,Columbia St & Rivington St,5365,Forsyth St\t& Grand St,5382,40.71739973,-73.98016555,40.71779817737835,-73.99316132068634,member
117341,FE6F2134E53379E4,classic_bike,2021-07-08 15:56:45,2021-07-08 16:05:44,Columbia St & Rivington St,5365,Cleveland Pl & Spring St,5492,40.71739973,-73.98016555,40.722103786686034,-73.99724900722504,casual
117361,C4E2E6A9BD390F17,classic_bike,2021-07-04 10:52:23,2021-07-04 10:58:51,Columbia St & Rivington St,5365,Forsyth St\t& Grand St,5382,40.71739973,-73.98016555,40.71779817737835,-73.99316132068634,member
117391,AF30103A8D0E60EB,classic_bike,2021-07-30 12:17:15,2021-07-30 12:32:25,Columbia St & Rivington St,5365,Forsyth St\t& Grand St,5382,40.71739973,-73.98016555,40.71779817737835,-73.99316132068634,member
117426,049C9522990C387B,electric_bike,2021-07-18 14:39:37,2021-07-18 14:48:14,Columbia St & Rivington St,5365,Forsyth St\t& Grand St,5382,40.71739973,-73.98016555,40.71779817737835,-73.99316132068634,member
117427,169AC4650766DEB4,classic_bike,2021-07-26 19:01:38,2021-07-26 19:15:00,Columbia St & Rivington St,5365,E 12 St & 3 Ave,5788,40.71739973,-73.98016555,40.73223272,-73.98889957,casual
120859,51467A353B142332,electric_bike,2021-07-15 00:35:25,2021-07-15 00:41:41,Columbia St & Rivington St,5365,Norfolk St & Broome St,5374,40.71739973,-73.98016555,40.7172274,-73.98802084,member
120891,6F0411D99F8A35F8,classic_bike,2021-07-23 17:03:12,2021-07-23 17:09:56,Columbia St & Rivington St,5365,St Marks Pl & 2 Ave,5669,40.71739973,-73.98016555,40.7284186,-73.98713956,casual
120894,165EC01EF9BAF0A5,electric_bike,2021-07-16 16:16:43,2021-07-16 16:19:59,Columbia St & Rivington St,5365,Norfolk St & Broome St,5374,40.71739973,-73.98016555,40.7172274,-73.98802084,member
120904,7B4FFEF6369C76C8,classic_bike,2021-07-04 13:17:44,2021-07-04 13:28:19,Columbia St & Rivington St,5365,Norfolk St & Broome St,5374,40.71739973,-73.98016555,40.7172274,-73.98802084,casual
120905,892EB7EC7254B0D2,classic_bike,2021-07-22 17:06:50,2021-07-22 17:13:35,Columbia St & Rivington St,5365,St Marks Pl & 2 Ave,5669,40.71739973,-73.98016555,40.7284186,-73.98713956,casual
120921,245A5B5026553815,classic_bike,2021-07-27 09:02:50,2021-07-27 09:06:00,Columbia St & Rivington St,5365,Norfolk St & Broome St,5374,40.71739973,-73.98016555,40.7172274,-73.98802084,member
123086,D5B9BFD04775C5AE,classic_bike,2021-07-09 16:33:37,2021-07-09 16:39:51,Columbia St & Rivington St,5365,Delancey St & Eldridge St,5414,40.71739973,-73.98016555,40.719383,-73.991479,member
123111,36B01F75C159E8DE,electric_bike,2021-07-31 21:34:51,2021-08-01 02:13:45,Columbia St & Rivington St,5365,Delancey St & Eldridge St,5414,40.71739973,-73.98016555,40.719383,-73.991479,member
123171,AE5411D2F4E23AB4,classic_bike,2021-07-11 18:41:40,2021-07-11 18:49:20,Columbia St & Rivington St,5365,Delancey St & Eldridge St,5414,40.71739973,-73.98016555,40.719383,-73.991479,member
124887,D0F49E6DB1379BF3,electric_bike,2021-07-25 20:13:36,2021-07-25 20:22:20,Columbia St & Rivington St,5365,Delancey St & Eldridge St,5414,40.71739973,-73.98016555,40.719383,-73.991479,member
124888,C9A75813D43F276E,classic_bike,2021-07-24 22:44:07,2021-07-24 23:03:05,Columbia St & Rivington St,5365,Barrow St & Hudson St,5805,40.71739973,-73.98016555,40.73172428,-74.00674436,member
125349,3C913A982CBB5E02,classic_bike,2021-07-13 17:42:32,2021-07-13 17:52:01,Columbia St & Rivington St,5365,Avenue C & E 18 St,5769,40.71739973,-73.98016555,40.730563,-73.973984,member
126502,87C3B09E3A966A1C,electric_bike,2021-07-20 15:12:15,2021-07-20 15:20:13,Columbia St & Rivington St,5365,Avenue C & E 18 St,5769,40.71739973,-73.98016555,40.730563,-73.973984,member
126515,FEF00B0C3A863709,classic_bike,2021-07-05 12:24:26,2021-07-05 12:32:39,Columbia St & Rivington St,5365,Avenue C & E 18 St,5769,40.71739973,-73.98016555,40.730563,-73.973984,member
126521,478C463CB84BDFED,classic_bike,2021-07-04 10:32:57,2021-07-04 10:39:42,Columbia St & Rivington St,5365,Delancey St & Eldridge St,5414,40.71739973,-73.98016555,40.719383,-73.991479,member
126561,95B3E0C62A1AAC30,classic_bike,2021-07-15 12:33:18,2021-07-15 12:39:30,Columbia St & Rivington St,5365,Delancey St & Eldridge St,5414,40.71739973,-73.98016555,40.719383,-73.991479,member
127899,10D0504AB2E29B92,electric_bike,2021-07-25 15:52:17,2021-07-25 16:32:04,Columbia St & Rivington St,5365,Cathedral Pkwy & Broadway,7680,40.71739973,-73.98016555,40.804213,-73.96699104,member
127980,82D14B5ED5615920,electric_bike,2021-07-15 20:11:57,2021-07-15 20:42:29,Columbia St & Rivington St,5365,Putnam Ave & Knickerbocker Ave,4663,40.71739973,-73.98016555,40.69545,-73.91164,member
131238,874B7B2707C149AF,electric_bike,2021-07-26 15:12:01,2021-07-26 15:19:39,Columbia St & Rivington St,5365,E 3 St & 1 Ave,5553,40.71739973,-73.98016555,40.72467721,-73.98783413,member
132158,2C4964F36449C1A7,electric_bike,2021-07-10 00:49:47,2021-07-10 01:00:14,Columbia St & Rivington St,5365,E 25 St & 2 Ave,6046,40.71739973,-73.98016555,40.73912601,-73.97973776,member
133740,BAC566E84A3C6618,classic_bike,2021-07-23 08:34:06,2021-07-23 08:39:56,Columbia St & Rivington St,5365,Madison St & Montgomery St,5262,40.71739973,-73.98016555,40.713126,-73.984844,member
134705,7DEB275E75A22147,electric_bike,2021-07-22 02:46:41,2021-07-22 02:56:19,Columbia St & Rivington St,5365,E 25 St & 2 Ave,6046,40.71739973,-73.98016555,40.73912601,-73.97973776,member
134741,4604A8FF10A99CAB,electric_bike,2021-07-14 13:43:29,2021-07-14 13:50:35,Columbia St & Rivington St,5365,Madison St & Montgomery St,5262,40.71739973,-73.98016555,40.713126,-73.984844,member
136185,EF05C87C253D1B9C,classic_bike,2021-07-14 11:13:42,2021-07-14 11:23:13,Columbia St & Rivington St,5365,E 3 St & 1 Ave,5553,40.71739973,-73.98016555,40.72467721,-73.98783413,member
136186,94064D10BAA2EE9C,classic_bike,2021-07-27 11:13:57,2021-07-27 11:21:12,Columbia St & Rivington St,5365,E 3 St & 1 Ave,5553,40.71739973,-73.98016555,40.72467721,-73.98783413,member
136187,065B3CCE5294409C,classic_bike,2021-07-22 11:12:15,2021-07-22 11:19:39,Columbia St & Rivington St,5365,E 3 St & 1 Ave,5553,40.71739973,-73.98016555,40.72467721,-73.98783413,member
143847,DA21ECE6972F33EA,classic_bike,2021-07-28 11:02:17,2021-07-28 12:04:14,Columbia St & Rivington St,5365,E 25 St & 1 Ave,6004,40.71739973,-73.98016555,40.7381765,-73.97738662,member
145986,33AD5EA7B462985B,electric_bike,2021-07-01 13:46:24,2021-07-01 13:56:59,Columbia St & Rivington St,5365,E 25 St & 1 Ave,6004,40.71739973,-73.98016555,40.7381765,-73.97738662,member
147456,03CE0E8AFA70EB6B,electric_bike,2021-07-19 17:04:05,2021-07-19 17:36:59,Columbia St & Rivington St,5365,E 97 St & 3 Ave,7365,40.71739973,-73.98016555,40.7859201,-73.94860294,member
150251,C5A00C2C774EC66E,electric_bike,2021-07-27 18:11:02,2021-07-27 18:19:50,Columbia St & Rivington St,5365,Allen St & Stanton St,5484,40.71739973,-73.98016555,40.722055,-73.989111,member
150260,483E26991A80E820,classic_bike,2021-07-16 11:21:36,2021-07-16 11:31:02,Columbia St & Rivington St,5365,Allen St & Stanton St,5484,40.71739973,-73.98016555,40.722055,-73.989111,member
150263,2719B3F7E85AF0DA,electric_bike,2021-07-13 19:07:04,2021-07-13 19:22:43,Columbia St & Rivington St,5365,Allen St & Stanton St,5484,40.71739973,-73.98016555,40.722055,-73.989111,member
150271,5A049354DBC2652C,classic_bike,2021-07-13 11:12:39,2021-07-13 11:22:07,Columbia St & Rivington St,5365,Allen St & Stanton St,5484,40.71739973,-73.98016555,40.722055,-73.989111,member
150279,9CD3C52597947C88,classic_bike,2021-07-13 14:25:27,2021-07-13 14:31:11,Columbia St & Rivington St,5365,Allen St & Stanton St,5484,40.71739973,-73.98016555,40.722055,-73.989111,member
151778,6F2E56F6672A1AC1,electric_bike,2021-07-14 20:02:13,2021-07-14 20:17:32,Columbia St & Rivington St,5365,Leonard St & Maujer St,5148,40.71739973,-73.98016555,40.7103685423523,-73.94705951213837,member
151792,0DACA289FB6EE48B,electric_bike,2021-07-24 01:45:44,2021-07-24 01:56:54,Columbia St & Rivington St,5365,Leonard St & Maujer St,5148,40.71739973,-73.98016555,40.7103685423523,-73.94705951213837,member
154400,297EB235A1912F1B,classic_bike,2021-07-18 20:07:47,2021-07-18 20:13:26,Columbia St & Rivington St,5365,E 12 St & Ave C,5616,40.71739973,-73.98016555,40.727243,-73.976831,member
154432,2826523E826A33E8,electric_bike,2021-07-27 17:05:30,2021-07-27 17:11:44,Columbia St & Rivington St,5365,E 12 St & Ave C,5616,40.71739973,-73.98016555,40.727243,-73.976831,casual
154505,9A75401D7BE189DE,electric_bike,2021-07-17 20:26:24,2021-07-17 20:30:55,Columbia St & Rivington St,5365,E 12 St & Ave C,5616,40.71739973,-73.98016555,40.727243,-73.976831,member
154508,ADAD4AE3D2FE29E7,classic_bike,2021-07-19 19:34:59,2021-07-19 19:46:17,Columbia St & Rivington St,5365,E 12 St & Ave C,5616,40.71739973,-73.98016555,40.727243,-73.976831,member
154515,E19E880BC9B8E316,electric_bike,2021-07-07 17:23:49,2021-07-07 17:30:52,Columbia St & Rivington St,5365,E 12 St & Ave C,5616,40.71739973,-73.98016555,40.727243,-73.976831,member
157774,9D40CBE08B138A2B,classic_bike,2021-07-12 21:08:16,2021-07-12 21:21:45,Columbia St & Rivington St,5365,E 11 St & 1 Ave,5746,40.71739973,-73.98016555,40.72953837,-73.98426726,member
157775,62CBC2011C730586,electric_bike,2021-07-06 17:44:20,2021-07-06 17:50:03,Columbia St & Rivington St,5365,E 2 St & Avenue C,5476,40.71739973,-73.98016555,40.7208736,-73.98085795,member
157784,A6D9601F504ABC83,electric_bike,2021-07-10 20:07:17,2021-07-10 20:10:42,Columbia St & Rivington St,5365,E 2 St & Avenue C,5476,40.71739973,-73.98016555,40.7208736,-73.98085795,member
157785,BE76BA21CE22CFB8,classic_bike,2021-07-20 16:42:06,2021-07-20 16:45:29,Columbia St & Rivington St,5365,E 2 St & Avenue C,5476,40.71739973,-73.98016555,40.7208736,-73.98085795,member
157786,EE7CA9FDA8727EBA,docked_bike,2021-07-04 21:06:47,2021-07-04 22:05:17,Columbia St & Rivington St,5365,E 2 St & Avenue C,5476,40.7174,-73.980166,40.720874,-73.980858,casual
157788,75AD1AF42F3C0473,classic_bike,2021-07-27 00:31:32,2021-07-27 00:36:28,Columbia St & Rivington St,5365,E 2 St & Avenue C,5476,40.71739973,-73.98016555,40.7208736,-73.98085795,member
157789,1298C727C3B35E7F,classic_bike,2021-07-26 22:48:03,2021-07-26 22:56:33,Columbia St & Rivington St,5365,E 2 St & Avenue C,5476,40.71739973,-73.98016555,40.7208736,-73.98085795,member
157790,DFCD0612C7CC45FB,classic_bike,2021-07-25 17:22:10,2021-07-25 17:28:01,Columbia St & Rivington St,5365,E 2 St & Avenue C,5476,40.71739973,-73.98016555,40.7208736,-73.98085795,member
157793,50EC55BBF8EE8D21,classic_bike,2021-07-28 19:33:47,2021-07-28 19:36:21,Columbia St & Rivington St,5365,E 2 St & Avenue C,5476,40.71739973,-73.98016555,40.7208736,-73.98085795,member
157796,87DEEF71C1B60845,classic_bike,2021-07-30 14:37:52,2021-07-30 14:40:52,Columbia St & Rivington St,5365,E 2 St & Avenue C,5476,40.71739973,-73.98016555,40.7208736,-73.98085795,member
157797,FD99EC577AFA8DC8,electric_bike,2021-07-04 09:57:51,2021-07-04 10:00:05,Columbia St & Rivington St,5365,E 2 St & Avenue C,5476,40.71739973,-73.98016555,40.7208736,-73.98085795,member
157798,5EF2A85401DE3294,classic_bike,2021-07-30 10:24:28,2021-07-30 10:27:16,Columbia St & Rivington St,5365,E 2 St & Avenue C,5476,40.71739973,-73.98016555,40.7208736,-73.98085795,member
157799,4ABB0D59EE897A09,classic_bike,2021-07-28 09:59:26,2021-07-28 10:02:20,Columbia St & Rivington St,5365,E 2 St & Avenue C,5476,40.71739973,-73.98016555,40.7208736,-73.98085795,member
157801,54200905D452F971,classic_bike,2021-07-28 15:28:20,2021-07-28 15:33:05,Columbia St & Rivington St,5365,E 2 St & Avenue C,5476,40.71739973,-73.98016555,40.7208736,-73.98085795,member
157802,2C12866F9F4F4C15,classic_bike,2021-07-08 10:45:07,2021-07-08 10:47:33,Columbia St & Rivington St,5365,E 2 St & Avenue C,5476,40.71739973,-73.98016555,40.7208736,-73.98085795,member
157803,2FE347AC8713EEA0,classic_bike,2021-07-24 10:40:40,2021-07-24 10:43:41,Columbia St & Rivington St,5365,E 2 St & Avenue C,5476,40.71739973,-73.98016555,40.7208736,-73.98085795,member
159534,BF9ED5734F264D55,classic_bike,2021-07-30 07:53:25,2021-07-30 07:57:22,Columbia St & Rivington St,5365,E 2 St & Avenue C,5476,40.71739973,-73.98016555,40.7208736,-73.98085795,member
159536,939FAEB7169431CA,classic_bike,2021-07-16 07:22:14,2021-07-16 07:24:49,Columbia St & Rivington St,5365,E 2 St & Avenue C,5476,40.71739973,-73.98016555,40.7208736,-73.98085795,member
159543,E7CC0D947A2F32E0,classic_bike,2021-07-16 18:47:18,2021-07-16 18:55:09,Columbia St & Rivington St,5365,E 11 St & 1 Ave,5746,40.71739973,-73.98016555,40.72953837,-73.98426726,member
159544,3B23CD9CCAFC7B24,classic_bike,2021-07-30 14:29:12,2021-07-30 14:36:45,Columbia St & Rivington St,5365,E 11 St & 1 Ave,5746,40.71739973,-73.98016555,40.72953837,-73.98426726,member
159547,F4AC3672AAD64F65,electric_bike,2021-07-01 23:15:35,2021-07-01 23:17:57,Columbia St & Rivington St,5365,E 2 St & Avenue C,5476,40.71739973,-73.98016555,40.7208736,-73.98085795,member
160005,5EE7F7D697794055,classic_bike,2021-07-14 18:53:28,2021-07-14 18:55:50,Columbia St & Rivington St,5365,E 2 St & Avenue C,5476,40.71739973,-73.98016555,40.7208736,-73.98085795,member
161573,F542A6E4A5439725,classic_bike,2021-07-20 20:15:59,2021-07-20 20:18:11,Columbia St & Rivington St,5365,E 2 St & Avenue C,5476,40.71739973,-73.98016555,40.7208736,-73.98085795,member
161574,28D25A43ABFB2AFF,classic_bike,2021-07-21 15:25:46,2021-07-21 15:28:33,Columbia St & Rivington St,5365,E 2 St & Avenue C,5476,40.71739973,-73.98016555,40.7208736,-73.98085795,member
162243,32E18ADC085B9CA1,classic_bike,2021-07-16 19:34:19,2021-07-16 19:44:12,Columbia St & Rivington St,5365,Grand St & Greene St,5500,40.71739973,-73.98016555,40.72170005235607,-74.00238141417502,member
164121,6D2FC04B66011C7B,electric_bike,2021-07-20 08:06:16,2021-07-20 08:18:54,Columbia St & Rivington St,5365,Wythe Ave & Metropolitan Ave,5348,40.71739973,-73.98016555,40.716887,-73.963198,member
164178,FA12D4D41FFD1235,electric_bike,2021-07-01 19:09:50,2021-07-01 19:21:25,Columbia St & Rivington St,5365,W Broadway & W Houston St,5644,40.71739973,-73.98016555,40.726378,-74.000472,member
164198,14EA2C2C48B6475E,electric_bike,2021-07-21 20:14:50,2021-07-21 20:27:07,Columbia St & Rivington St,5365,Wythe Ave & Metropolitan Ave,5348,40.71739973,-73.98016555,40.716887,-73.963198,member
165686,1441B0A025C9E030,electric_bike,2021-07-30 15:56:16,2021-07-30 16:06:20,Columbia St & Rivington St,5365,Grand St & Havemeyer St,5267,40.71739973,-73.98016555,40.71286844,-73.95698119,member
165893,100C1F7FB7FF715F,classic_bike,2021-07-25 11:18:18,2021-07-25 11:33:59,Columbia St & Rivington St,5365,Grand St & Havemeyer St,5267,40.71739973,-73.98016555,40.71286844,-73.95698119,casual
168948,2C768BCB16D6D837,classic_bike,2021-07-30 12:21:18,2021-07-30 12:29:57,Columbia St & Rivington St,5365,Forsyth St & Broome St,5453,40.71739973,-73.98016555,40.71893904,-73.99266288,member
168950,C927E1C506760230,classic_bike,2021-07-31 11:45:24,2021-07-31 11:54:30,Columbia St & Rivington St,5365,Forsyth St & Broome St,5453,40.71739973,-73.98016555,40.71893904,-73.99266288,member
169053,6E2F94561C12C087,classic_bike,2021-07-20 14:26:37,2021-07-20 14:36:42,Columbia St & Rivington St,5365,Forsyth St & Broome St,5453,40.71739973,-73.98016555,40.71893904,-73.99266288,member
169842,97D1796268A4E8FA,classic_bike,2021-07-10 20:21:44,2021-07-10 20:25:35,Columbia St & Rivington St,5365,Ave D & E 8 St,5506,40.71739973,-73.98016555,40.72368361,-73.97574813,member
170372,B0626B0EEABB4D77,classic_bike,2021-07-14 13:06:48,2021-07-14 13:15:25,Columbia St & Rivington St,5365,Ave D & E 8 St,5506,40.71739973,-73.98016555,40.72368361,-73.97574813,member
170387,57AE1DCFF1A13950,classic_bike,2021-07-07 15:35:41,2021-07-07 15:42:32,Columbia St & Rivington St,5365,Ave D & E 8 St,5506,40.71739973,-73.98016555,40.72368361,-73.97574813,member
170393,536008305A4A1C62,classic_bike,2021-07-31 16:58:15,2021-07-31 17:04:41,Columbia St & Rivington St,5365,Ave D & E 8 St,5506,40.71739973,-73.98016555,40.72368361,-73.97574813,member
170401,731AAD7507D480A7,classic_bike,2021-07-09 16:45:25,2021-07-09 16:50:21,Columbia St & Rivington St,5365,Ave D & E 8 St,5506,40.71739973,-73.98016555,40.72368361,-73.97574813,member
170626,BF3FA55A1853A64C,classic_bike,2021-07-09 21:46:38,2021-07-09 21:52:30,Columbia St & Rivington St,5365,Suffolk St & Stanton St,5445,40.71739973,-73.98016555,40.72066442,-73.98517977,member
170644,195721274A337754,classic_bike,2021-07-28 16:50:07,2021-07-28 16:58:49,Columbia St & Rivington St,5365,Suffolk St & Stanton St,5445,40.71739973,-73.98016555,40.72066442,-73.98517977,member
170661,D4E762E335F78939,classic_bike,2021-07-30 20:16:10,2021-07-30 20:28:05,Columbia St & Rivington St,5365,Suffolk St & Stanton St,5445,40.71739973,-73.98016555,40.72066442,-73.98517977,member
172792,16993D085C013538,electric_bike,2021-07-28 00:19:32,2021-07-28 00:47:34,Columbia St & Rivington St,5365,Harrison St & Hudson St,5400,40.71739973,-73.98016555,40.71870987,-74.0090009,member
175178,7F9E4CA888CC32C1,electric_bike,2021-07-27 18:09:17,2021-07-27 18:31:34,Columbia St & Rivington St,5365,Center Blvd & 51 Ave,6179,40.71739973,-73.98016555,40.74336608027021,-73.95960688591003,member
177971,A24D2CC26DF09E68,electric_bike,2021-07-01 11:37:56,2021-07-01 11:54:52,Columbia St & Rivington St,5365,W 21 St & 6 Ave,6140,40.71739973,-73.98016555,40.74173969,-73.99415556,member
178427,2AFC36DA2362ECB1,classic_bike,2021-07-05 12:17:21,2021-07-05 12:47:16,Columbia St & Rivington St,5365,Leonard St & Nassau Ave,5550,40.71739973,-73.98016555,40.7239567849954,-73.94984364509583,member
178438,B20FCA74488CB363,classic_bike,2021-07-10 20:56:16,2021-07-10 21:01:52,Columbia St & Rivington St,5365,E 12 St & Ave C,5616,40.71739973,-73.98016555,40.727243,-73.976831,member
178441,1DA50785867C88CF,classic_bike,2021-07-05 12:17:21,2021-07-05 12:47:32,Columbia St & Rivington St,5365,Leonard St & Nassau Ave,5550,40.71739973,-73.98016555,40.7239567849954,-73.94984364509583,member
179715,3BDA324C8E2DEAB7,classic_bike,2021-07-30 21:01:41,2021-07-30 21:05:32,Columbia St & Rivington St,5365,Suffolk St & Stanton St,5445,40.71739973,-73.98016555,40.72066442,-73.98517977,member
179737,15F3256BB6FB6BCF,classic_bike,2021-07-24 15:15:37,2021-07-24 15:19:19,Columbia St & Rivington St,5365,Suffolk St & Stanton St,5445,40.71739973,-73.98016555,40.72066442,-73.98517977,casual
180421,9F30354E1DAF1E25,classic_bike,2021-07-17 13:52:00,2021-07-17 13:57:40,Columbia St & Rivington St,5365,Suffolk St & Stanton St,5445,40.71739973,-73.98016555,40.72066442,-73.98517977,member
180430,774C2A830598D6CA,electric_bike,2021-07-30 20:32:40,2021-07-30 21:12:32,Columbia St & Rivington St,5365,Suffolk St & Stanton St,5445,40.71739973,-73.98016555,40.72066442,-73.98517977,casual
186932,1B10F619C4A5B904,classic_bike,2021-07-13 06:47:28,2021-07-13 06:51:12,Columbia St & Rivington St,5365,Madison St & Montgomery St,5262,40.71739973,-73.98016555,40.713126,-73.984844,member
186934,B9EB7F33EFC39B4C,electric_bike,2021-07-19 20:10:38,2021-07-19 20:31:18,Columbia St & Rivington St,5365,E 25 St & 2 Ave,6046,40.71739973,-73.98016555,40.73912601,-73.97973776,member
190645,CEECA090E1BEF780,electric_bike,2021-07-14 21:50:47,2021-07-14 22:29:37,Columbia St & Rivington St,5365,Greene Av & Myrtle Av,4784,40.71739973,-73.98016555,40.698568,-73.918877,casual
190647,5CEC76C349559C4A,classic_bike,2021-07-30 17:06:50,2021-07-30 17:17:58,Columbia St & Rivington St,5365,E 3 St & 1 Ave,5553,40.71739973,-73.98016555,40.72467721,-73.98783413,casual
192127,F76DC27541C1A4DD,classic_bike,2021-07-10 04:18:55,2021-07-10 04:27:04,St Marks Pl & 2 Ave,5669,Columbia St & Rivington St,5365,40.7284186,-73.98713956,40.71739973,-73.98016555,casual
192132,48F096541F0A8ABA,classic_bike,2021-07-13 15:23:33,2021-07-13 15:27:06,Norfolk St & Broome St,5374,Columbia St & Rivington St,5365,40.7172274,-73.98802084,40.71739973,-73.98016555,casual
192139,145C589C79A4AFFA,electric_bike,2021-07-23 01:39:26,2021-07-23 01:45:11,St Marks Pl & 2 Ave,5669,Columbia St & Rivington St,5365,40.7284186,-73.98713956,40.71739973,-73.98016555,casual
192156,441CD4A5394AF042,electric_bike,2021-07-08 14:54:06,2021-07-08 14:57:15,Stanton St & Norfolk St,5445,Columbia St & Rivington St,5365,40.720747,-73.986274,40.71739973,-73.98016555,casual
192160,2A62514D19086E9C,classic_bike,2021-07-20 16:47:27,2021-07-20 16:50:45,Norfolk St & Broome St,5374,Columbia St & Rivington St,5365,40.7172274,-73.98802084,40.71739973,-73.98016555,member
192162,6A5FB3C984DD020F,classic_bike,2021-07-30 14:42:50,2021-07-30 14:51:51,St Marks Pl & 2 Ave,5669,Columbia St & Rivington St,5365,40.7284186,-73.98713956,40.71739973,-73.98016555,member
192164,F5A668C9D4F588BD,classic_bike,2021-07-26 06:37:06,2021-07-26 06:40:40,Norfolk St & Broome St,5374,Columbia St & Rivington St,5365,40.7172274,-73.98802084,40.71739973,-73.98016555,member
192165,12149B4EAC4D93FD,classic_bike,2021-07-29 11:59:23,2021-07-29 12:02:49,Stanton St & Norfolk St,5445,Columbia St & Rivington St,5365,40.720747,-73.986274,40.71739973,-73.98016555,member
192169,66726C9E115673FE,classic_bike,2021-07-28 19:46:19,2021-07-28 19:50:38,Norfolk St & Broome St,5374,Columbia St & Rivington St,5365,40.7172274,-73.98802084,40.71739973,-73.98016555,member
192171,94AD9B84D4C2DA63,electric_bike,2021-07-31 22:16:49,2021-07-31 22:21:25,Norfolk St & Broome St,5374,Columbia St & Rivington St,5365,40.7172274,-73.98802084,40.71739973,-73.98016555,member
192226,F15B829AECCF80B5,electric_bike,2021-07-21 18:16:55,2021-07-21 18:41:03,Lafayette St & Jersey St,5561,Columbia St & Rivington St,5365,40.72456089,-73.99565293,40.71739973,-73.98016555,member
192264,9CCF6BC0647C4EDD,classic_bike,2021-07-22 16:51:01,2021-07-22 17:05:07,Rivington St & Ridge St,5406,Columbia St & Rivington St,5365,40.71850211,-73.98329859,40.71739973,-73.98016555,member
192266,7A244E44CA798E89,electric_bike,2021-07-13 21:06:56,2021-07-13 21:18:57,E 15 St & 3 Ave,5863,Columbia St & Rivington St,5365,40.734232,-73.986923,40.71739973,-73.98016555,member
192268,FEEAB4BFFE69C4DA,classic_bike,2021-07-29 10:48:53,2021-07-29 10:51:15,Rivington St & Ridge St,5406,Columbia St & Rivington St,5365,40.71850211,-73.98329859,40.71739973,-73.98016555,member
192278,6752283E0506AD2F,classic_bike,2021-07-14 14:49:19,2021-07-14 14:51:50,Rivington St & Ridge St,5406,Columbia St & Rivington St,5365,40.71850211,-73.98329859,40.71739973,-73.98016555,casual
192279,CDDE7C03F4F28FCC,electric_bike,2021-07-19 18:29:23,2021-07-19 18:51:43,W 13 St & 7 Ave,6030,Columbia St & Rivington St,5365,40.73781509,-73.99994661,40.71739973,-73.98016555,casual
192282,C7CE9A019F99F9FF,electric_bike,2021-07-01 06:14:57,2021-07-01 06:35:33,Rivington St & Ridge St,5406,Columbia St & Rivington St,5365,40.71850211,-73.98329859,40.71739973,-73.98016555,casual
192296,B33B994634A404B5,electric_bike,2021-07-14 07:35:58,2021-07-14 07:50:01,W 13 St & 7 Ave,6030,Columbia St & Rivington St,5365,40.73781509,-73.99994661,40.71739973,-73.98016555,casual
192306,1B071F89512C0A46,classic_bike,2021-07-17 01:01:14,2021-07-17 01:03:44,Rivington St & Ridge St,5406,Columbia St & Rivington St,5365,40.71850211,-73.98329859,40.71739973,-73.98016555,casual
192319,31E3F26DA08CB800,classic_bike,2021-07-14 21:51:39,2021-07-14 21:53:37,Rivington St & Ridge St,5406,Columbia St & Rivington St,5365,40.71850211,-73.98329859,40.71739973,-73.98016555,member
192327,3BC49B2E6B6213F4,electric_bike,2021-07-01 17:06:49,2021-07-01 17:18:06,Division St & Bowery,5270,Columbia St & Rivington St,5365,40.714193,-73.996732,40.71739973,-73.98016555,member
192335,671D5B952F46CE5D,classic_bike,2021-07-19 13:02:16,2021-07-19 13:15:27,Division St & Bowery,5270,Columbia St & Rivington St,5365,40.714193,-73.996732,40.71739973,-73.98016555,member
192337,9277A6133876941A,classic_bike,2021-07-19 09:05:07,2021-07-19 09:14:28,Division St & Bowery,5270,Columbia St & Rivington St,5365,40.714193,-73.996732,40.71739973,-73.98016555,member
192338,63DB47E1E239F19B,classic_bike,2021-07-09 09:21:58,2021-07-09 09:30:56,Division St & Bowery,5270,Columbia St & Rivington St,5365,40.714193,-73.996732,40.71739973,-73.98016555,member
192339,3DC81C423CFF936C,classic_bike,2021-07-15 09:44:13,2021-07-15 09:53:28,Division St & Bowery,5270,Columbia St & Rivington St,5365,40.714193,-73.996732,40.71739973,-73.98016555,member
192340,DF539AB7E94F002C,classic_bike,2021-07-20 14:19:11,2021-07-20 14:27:11,Division St & Bowery,5270,Columbia St & Rivington St,5365,40.714193,-73.996732,40.71739973,-73.98016555,member
192341,98660B5F76C8D871,classic_bike,2021-07-26 07:19:32,2021-07-26 07:46:16,11 Ave & W 41 St,6726,Columbia St & Rivington St,5365,40.76030096,-73.99884222,40.71739973,-73.98016555,member
192344,A536E51685CB4B00,classic_bike,2021-07-06 17:34:39,2021-07-06 17:51:02,Division St & Bowery,5270,Columbia St & Rivington St,5365,40.714193,-73.996732,40.71739973,-73.98016555,member
192365,E76F24876561DFC8,classic_bike,2021-07-05 09:36:45,2021-07-05 09:45:04,Division St & Bowery,5270,Columbia St & Rivington St,5365,40.714193,-73.996732,40.71739973,-73.98016555,member
192377,0AD3C0722AAD615F,classic_bike,2021-07-30 18:04:36,2021-07-30 18:12:02,Division St & Bowery,5270,Columbia St & Rivington St,5365,40.714193,-73.996732,40.71739973,-73.98016555,member
192426,80FD0BEF5731C5EB,classic_bike,2021-07-23 14:34:15,2021-07-23 14:43:30,E 11 St & Avenue B,5659,Columbia St & Rivington St,5365,40.72746420692392,-73.97950418293476,40.71739973,-73.98016555,casual
192437,2036A88B87F9FC46,electric_bike,2021-07-06 17:57:02,2021-07-06 18:03:45,E 11 St & Avenue B,5659,Columbia St & Rivington St,5365,40.72746420692392,-73.97950418293476,40.71739973,-73.98016555,member
192476,B4F6C9CAC6ACB8F5,classic_bike,2021-07-30 15:49:37,2021-07-30 15:53:22,Stanton St & Mangin St,5326,Columbia St & Rivington St,5365,40.71782143,-73.97628939,40.71739973,-73.98016555,member
192477,28FFFC86175B821E,classic_bike,2021-07-13 11:45:41,2021-07-13 12:15:05,Stanton St & Mangin St,5326,Columbia St & Rivington St,5365,40.71782143,-73.97628939,40.71739973,-73.98016555,member
192480,46BDE54CC5EBEEA2,classic_bike,2021-07-19 11:37:28,2021-07-19 12:01:51,Stanton St & Mangin St,5326,Columbia St & Rivington St,5365,40.71782143,-73.97628939,40.71739973,-73.98016555,member
192481,C5A9C0CE6DF6A8C3,classic_bike,2021-07-29 11:35:59,2021-07-29 12:06:50,Stanton St & Mangin St,5326,Columbia St & Rivington St,5365,40.71782143,-73.97628939,40.71739973,-73.98016555,member
192486,F2DE844C40014D68,classic_bike,2021-07-01 08:10:23,2021-07-01 08:14:55,Stanton St & Mangin St,5326,Columbia St & Rivington St,5365,40.71782143,-73.97628939,40.71739973,-73.98016555,member
192490,8B2FED1C50A17611,electric_bike,2021-07-08 05:51:05,2021-07-08 05:58:00,Stanton St & Mangin St,5326,Columbia St & Rivington St,5365,40.71782143,-73.97628939,40.71739973,-73.98016555,member
192491,C7116FC951D874F7,classic_bike,2021-07-28 11:11:33,2021-07-28 11:20:13,Stanton St & Mangin St,5326,Columbia St & Rivington St,5365,40.71782143,-73.97628939,40.71739973,-73.98016555,member
192496,3A0A83F8A35C8A4B,classic_bike,2021-07-06 07:48:06,2021-07-06 07:52:05,Stanton St & Mangin St,5326,Columbia St & Rivington St,5365,40.71782143,-73.97628939,40.71739973,-73.98016555,member
192511,899E2439DF9591F1,classic_bike,2021-07-28 13:31:22,2021-07-28 13:35:59,Stanton St & Mangin St,5326,Columbia St & Rivington St,5365,40.71782143,-73.97628939,40.71739973,-73.98016555,member
192515,8D6026C7F4693C33,classic_bike,2021-07-26 18:53:46,2021-07-26 19:28:42,Stanton St & Mangin St,5326,Columbia St & Rivington St,5365,40.71782143,-73.97628939,40.71739973,-73.98016555,casual
192534,6A4977F7EFD7B928,electric_bike,2021-07-31 15:04:36,2021-07-31 15:27:34,St James Pl & Oliver St,5238,Columbia St & Rivington St,5365,40.71307916,-73.99851193,40.71739973,-73.98016555,member
192535,9655376342CF4DFF,classic_bike,2021-07-19 09:51:50,2021-07-19 10:06:50,Columbia St & Rivington St,5365,St James Pl & Oliver St,5238,40.71739973,-73.98016555,40.71307916,-73.99851193,member
192540,2D5A844FA5B8CA89,classic_bike,2021-07-26 17:27:08,2021-07-26 17:49:00,E 33 St & 1 Ave,6197,Columbia St & Rivington St,5365,40.74322681432173,-73.97449783980846,40.71739973,-73.98016555,member
192557,160E2D08231DC634,classic_bike,2021-07-03 18:02:16,2021-07-03 18:28:49,Columbia St & Rivington St,5365,Columbia St & Rivington St,5365,40.71739973,-73.98016555,40.71739973,-73.98016555,member
192565,1B89AD4FD0C01CE9,classic_bike,2021-07-01 12:31:18,2021-07-01 12:42:36,Columbia St & Rivington St,5365,St James Pl & Oliver St,5238,40.71739973,-73.98016555,40.71307916,-73.99851193,member
192566,5FAD8C82AF04A6FD,classic_bike,2021-07-14 14:26:27,2021-07-14 14:46:52,Columbia St & Rivington St,5365,Columbia St & Rivington St,5365,40.71739973,-73.98016555,40.71739973,-73.98016555,member
192572,D607C4D949DF2FFE,electric_bike,2021-07-09 21:39:02,2021-07-09 21:47:10,Columbia St & Rivington St,5365,Columbia St & Rivington St,5365,40.71739973,-73.98016555,40.71739973,-73.98016555,member
192579,5EEA190793A954F5,classic_bike,2021-07-28 22:10:48,2021-07-28 22:15:27,Columbia St & Rivington St,5365,Columbia St & Rivington St,5365,40.71739973,-73.98016555,40.71739973,-73.98016555,member
192596,149CCF7E3A71A4E1,classic_bike,2021-07-28 09:28:29,2021-07-28 09:56:38,Columbia St & Rivington St,5365,Columbia St & Rivington St,5365,40.71739973,-73.98016555,40.71739973,-73.98016555,member
192628,A3D238D662D66772,classic_bike,2021-07-26 17:38:11,2021-07-26 18:01:10,W 20 St & 8 Ave,6224,Columbia St & Rivington St,5365,40.74345335,-74.00004031,40.71739973,-73.98016555,casual
192667,F0876FD8D8675AAE,electric_bike,2021-07-24 04:50:58,2021-07-24 04:56:34,Mott St & Prince St,5561,Columbia St & Rivington St,5365,40.72317958,-73.99480012,40.71739973,-73.98016555,casual
192751,D046D80D9D943F84,electric_bike,2021-07-08 07:34:09,2021-07-08 07:41:45,Mercer St & Bleecker St,5679,Columbia St & Rivington St,5365,40.72706363348306,-73.99662137031554,40.71739973,-73.98016555,casual
192770,06492EE5C51E0A9D,classic_bike,2021-07-27 15:22:59,2021-07-27 15:33:27,Division St & Bowery,5270,Columbia St & Rivington St,5365,40.714193,-73.996732,40.71739973,-73.98016555,member
192773,D6177BE6BD2858E1,classic_bike,2021-07-28 17:24:09,2021-07-28 17:36:25,Division St & Bowery,5270,Columbia St & Rivington St,5365,40.714193,-73.996732,40.71739973,-73.98016555,member
192774,622EFF9E6EC3C8DD,classic_bike,2021-07-24 19:44:44,2021-07-24 19:53:37,Division St & Bowery,5270,Columbia St & Rivington St,5365,40.714193,-73.996732,40.71739973,-73.98016555,member
192797,BD80231723EB5663,classic_bike,2021-07-22 07:17:49,2021-07-22 07:46:03,11 Ave & W 41 St,6726,Columbia St & Rivington St,5365,40.76030096,-73.99884222,40.71739973,-73.98016555,member
192802,424B7FB1857DD5CB,classic_bike,2021-07-01 19:38:27,2021-07-01 19:50:31,Division St & Bowery,5270,Columbia St & Rivington St,5365,40.714193,-73.996732,40.71739973,-73.98016555,member
192803,DA1D9D47106D4785,classic_bike,2021-07-06 19:29:17,2021-07-06 19:39:41,Division St & Bowery,5270,Columbia St & Rivington St,5365,40.714193,-73.996732,40.71739973,-73.98016555,member
192832,770235F6F9F9C2E9,classic_bike,2021-07-17 10:05:58,2021-07-17 10:12:59,E 11 St & Avenue B,5659,Columbia St & Rivington St,5365,40.72746420692392,-73.97950418293476,40.71739973,-73.98016555,member
192950,82AF49329F6D35CB,classic_bike,2021-07-10 00:07:12,2021-07-10 00:31:26,E 47 St & Park Ave,6584,Columbia St & Rivington St,5365,40.75510267,-73.97498696,40.71739973,-73.98016555,member
192952,0984BBD158A13120,classic_bike,2021-07-29 01:21:14,2021-07-29 01:46:34,E 47 St & Park Ave,6584,Columbia St & Rivington St,5365,40.75510267,-73.97498696,40.71739973,-73.98016555,member
192963,2450969A7F8E941D,classic_bike,2021-07-28 10:10:51,2021-07-28 10:43:52,Greene Ave & Nostrand Ave,4519,Columbia St & Rivington St,5365,40.6883337,-73.950916,40.71739973,-73.98016555,casual
192968,66EA76BFCD03DDCE,classic_bike,2021-07-17 13:53:14,2021-07-17 14:09:32,E 27 St & 1 Ave,6004,Columbia St & Rivington St,5365,40.739445,-73.976806,40.71739973,-73.98016555,casual
192969,F6B1A600A0206453,electric_bike,2021-07-15 23:24:07,2021-07-15 23:37:52,Cliff St & Fulton St,5065,Columbia St & Rivington St,5365,40.70838,-74.00495,40.71739973,-73.98016555,casual
192987,592A86D9E7150F4E,classic_bike,2021-07-11 16:31:34,2021-07-11 16:53:00,2 Ave & E 31 St,6197,Columbia St & Rivington St,5365,40.74290902,-73.97706058,40.71739973,-73.98016555,member
193012,88BDEA8A1E6934BD,classic_bike,2021-07-15 10:47:23,2021-07-15 10:52:32,Avenue D & E 10 St,5575,Columbia St & Rivington St,5365,40.72506551015475,-73.97515833377838,40.71739973,-73.98016555,member
193016,CB0E04012D8095E3,classic_bike,2021-07-06 20:38:10,2021-07-06 20:56:53,South St & Gouverneur Ln,4953,Columbia St & Rivington St,5365,40.70355377,-74.00670227,40.71739973,-73.98016555,member
193038,5110F56C61E16D8A,classic_bike,2021-07-12 13:22:41,2021-07-12 13:27:05,Avenue D & E 10 St,5575,Columbia St & Rivington St,5365,40.72506551015475,-73.97515833377838,40.71739973,-73.98016555,member
193039,DED16A7EBDD99F7E,classic_bike,2021-07-09 15:20:29,2021-07-09 15:25:08,Avenue D & E 10 St,5575,Columbia St & Rivington St,5365,40.72506551015475,-73.97515833377838,40.71739973,-73.98016555,member
193040,EC40029281BCA1FA,classic_bike,2021-07-22 00:10:04,2021-07-22 00:22:19,Avenue D & E 10 St,5575,Columbia St & Rivington St,5365,40.72506551015475,-73.97515833377838,40.71739973,-73.98016555,casual
193043,0263CF9C06A8C88F,classic_bike,2021-07-24 22:55:58,2021-07-24 23:22:17,Avenue D & E 10 St,5575,Columbia St & Rivington St,5365,40.72506551015475,-73.97515833377838,40.71739973,-73.98016555,member
193060,25D309386A0D2E36,electric_bike,2021-07-09 20:18:07,2021-07-09 20:38:07,Greenwich Ave & 8 Ave,6072,Columbia St & Rivington St,5365,40.7390169121,-74.0026376103,40.71739973,-73.98016555,member
193063,6BCE18FAE9400C1A,electric_bike,2021-07-20 14:48:40,2021-07-20 14:56:50,Avenue D & E 10 St,5575,Columbia St & Rivington St,5365,40.72506551015475,-73.97515833377838,40.71739973,-73.98016555,member
193064,C5755C875066F513,classic_bike,2021-07-13 11:22:26,2021-07-13 11:26:18,Avenue D & E 10 St,5575,Columbia St & Rivington St,5365,40.72506551015475,-73.97515833377838,40.71739973,-73.98016555,member
193065,B9E16707B3881818,classic_bike,2021-07-21 20:21:20,2021-07-21 20:24:30,Avenue D & E 10 St,5575,Columbia St & Rivington St,5365,40.72506551015475,-73.97515833377838,40.71739973,-73.98016555,member
193066,096F3D1A7F08C6CB,electric_bike,2021-07-22 07:33:15,2021-07-22 07:44:27,Greenwich Ave & 8 Ave,6072,Columbia St & Rivington St,5365,40.7390169121,-74.0026376103,40.71739973,-73.98016555,casual
193067,E2C19F4F30B8292B,classic_bike,2021-07-22 18:14:08,2021-07-22 18:23:51,Forsyth St & Canal St,5270,Columbia St & Rivington St,5365,40.7158155,-73.99422366,40.71739973,-73.98016555,casual
193079,3868174B162E86A1,electric_bike,2021-07-03 16:52:06,2021-07-03 16:56:05,Avenue D & E 10 St,5575,Columbia St & Rivington St,5365,40.72506551015475,-73.97515833377838,40.71739973,-73.98016555,casual
193083,6C1CEF1F022960B8,electric_bike,2021-07-29 19:38:02,2021-07-29 19:45:53,Forsyth St & Canal St,5270,Columbia St & Rivington St,5365,40.7158155,-73.99422366,40.71739973,-73.98016555,member
193084,988756784B6165B0,classic_bike,2021-07-23 13:28:45,2021-07-23 13:38:37,Forsyth St & Canal St,5270,Columbia St & Rivington St,5365,40.7158155,-73.99422366,40.71739973,-73.98016555,member
193092,0DEE372C368A6A51,classic_bike,2021-07-31 17:31:50,2021-07-31 17:42:56,South St & Gouverneur Ln,4953,Columbia St & Rivington St,5365,40.70355377,-74.00670227,40.71739973,-73.98016555,member
193121,97244AD40FCD4AFA,classic_bike,2021-07-01 16:02:00,2021-07-01 16:30:04,2 Ave & E 55 St,6650,Columbia St & Rivington St,5365,40.757920208794026,-73.96638214588165,40.71739973,-73.98016555,casual
193125,8CF1A3472CFE0AF1,classic_bike,2021-07-27 19:37:03,2021-07-27 20:11:42,Rivington St & Ridge St,5406,Columbia St & Rivington St,5365,40.71850211,-73.98329859,40.71739973,-73.98016555,casual
193138,745D2A02E6BA3A11,classic_bike,2021-07-20 18:40:15,2021-07-20 18:43:31,Rivington St & Ridge St,5406,Columbia St & Rivington St,5365,40.71850211,-73.98329859,40.71739973,-73.98016555,casual
193186,BC4DBC1ADD9F1286,classic_bike,2021-07-04 20:49:37,2021-07-04 21:15:43,Christopher St & Greenwich St,5847,Columbia St & Rivington St,5365,40.73291553,-74.00711384,40.71739973,-73.98016555,member
193197,7AA0985D629A43AC,electric_bike,2021-07-29 12:31:56,2021-07-29 12:38:15,E 7 St & Avenue A,5626,Columbia St & Rivington St,5365,40.72621788,-73.98379855,40.71739973,-73.98016555,member
193198,840A16009BE02183,classic_bike,2021-07-16 12:33:49,2021-07-16 12:41:58,E 7 St & Avenue A,5626,Columbia St & Rivington St,5365,40.72621788,-73.98379855,40.71739973,-73.98016555,member
193216,7F47F2F6451729E5,classic_bike,2021-07-09 15:20:28,2021-07-09 15:26:52,E 7 St & Avenue A,5626,Columbia St & Rivington St,5365,40.72621788,-73.98379855,40.71739973,-73.98016555,casual
193220,E3CEA5695467FE8E,classic_bike,2021-07-10 10:38:16,2021-07-10 10:44:51,E 7 St & Avenue A,5626,Columbia St & Rivington St,5365,40.72621788,-73.98379855,40.71739973,-73.98016555,member
193232,3594B1930C27E1B9,classic_bike,2021-07-15 16:28:33,2021-07-15 16:37:47,Clinton St\t& Cherry St,5190,Columbia St & Rivington St,5365,40.711471394469264,-73.98672603070736,40.71739973,-73.98016555,casual
193256,BEA4F5F4B93835BB,electric_bike,2021-07-04 16:51:29,2021-07-04 16:57:41,Clinton St & Grand St,5303,Columbia St & Rivington St,5365,40.71559509,-73.9870295,40.71739973,-73.98016555,casual
193267,DB5CD7E9C5384529,electric_bike,2021-07-19 12:04:26,2021-07-19 12:07:55,Clinton St & Grand St,5303,Columbia St & Rivington St,5365,40.71559509,-73.9870295,40.71739973,-73.98016555,member
193282,1301877F2A1ADD0B,classic_bike,2021-07-26 21:27:51,2021-07-26 21:42:52,LaGuardia Pl & W 3 St,5721,Columbia St & Rivington St,5365,40.72917025,-73.99810231,40.71739973,-73.98016555,casual
193298,051D52C2B0B956C7,classic_bike,2021-07-14 12:53:10,2021-07-14 12:57:59,Clinton St & Grand St,5303,Columbia St & Rivington St,5365,40.71559509,-73.9870295,40.71739973,-73.98016555,member
193307,3C171919246EE30D,classic_bike,2021-07-25 20:04:16,2021-07-25 20:07:47,Clinton St & Grand St,5303,Columbia St & Rivington St,5365,40.71559509,-73.9870295,40.71739973,-73.98016555,member
193308,3A74C7348745631C,classic_bike,2021-07-25 18:02:39,2021-07-25 18:06:58,Clinton St & Grand St,5303,Columbia St & Rivington St,5365,40.71559509,-73.9870295,40.71739973,-73.98016555,member
193332,07B65DC677910720,classic_bike,2021-07-24 19:25:53,2021-07-24 19:38:08,Cliff St & Fulton St,5065,Columbia St & Rivington St,5365,40.70838,-74.00495,40.71739973,-73.98016555,casual
193374,EAF76D2CC6E4412C,classic_bike,2021-07-07 11:40:33,2021-07-07 12:02:08,2 Ave & E 31 St,6197,Columbia St & Rivington St,5365,40.74290902,-73.97706058,40.71739973,-73.98016555,member
193387,17E67A8B59DD1219,classic_bike,2021-07-19 14:04:06,2021-07-19 14:04:14,Columbia St & Rivington St,5365,Columbia St & Rivington St,5365,40.71739973,-73.98016555,40.71739973,-73.98016555,member
193402,1647401C48933913,classic_bike,2021-07-31 06:56:06,2021-07-31 07:07:50,Columbia St & Rivington St,5365,Columbia St & Rivington St,5365,40.71739973,-73.98016555,40.71739973,-73.98016555,member
193403,C723E460284D66E9,electric_bike,2021-07-31 04:27:18,2021-07-31 04:42:25,Columbia St & Rivington St,5365,Columbia St & Rivington St,5365,40.71739973,-73.98016555,40.71739973,-73.98016555,member
193404,B9F65E8716249177,electric_bike,2021-07-21 02:56:12,2021-07-21 03:06:06,Columbia St & Rivington St,5365,Columbia St & Rivington St,5365,40.71739973,-73.98016555,40.71739973,-73.98016555,member
193405,4046969EEC9B0043,electric_bike,2021-07-21 00:19:23,2021-07-21 00:39:41,Columbia St & Rivington St,5365,Columbia St & Rivington St,5365,40.71739973,-73.98016555,40.71739973,-73.98016555,member
193420,257D93902F656E63,classic_bike,2021-07-24 10:16:47,2021-07-24 10:39:04,Columbia St & Rivington St,5365,E 33 St & 1 Ave,6197,40.71739973,-73.98016555,40.74322681432173,-73.97449783980846,member
193421,1DB63EC24848C312,electric_bike,2021-07-24 08:27:05,2021-07-24 08:42:35,E 33 St & 1 Ave,6197,Columbia St & Rivington St,5365,40.74322681432173,-73.97449783980846,40.71739973,-73.98016555,member
193434,8AF2C7734677619F,classic_bike,2021-07-19 22:17:24,2021-07-19 22:43:29,Columbia St & Rivington St,5365,Columbia St & Rivington St,5365,40.71739973,-73.98016555,40.71739973,-73.98016555,member
193436,AB5A278048B7D71A,electric_bike,2021-07-19 20:01:28,2021-07-19 20:08:31,Columbia St & Rivington St,5365,Columbia St & Rivington St,5365,40.71739973,-73.98016555,40.71739973,-73.98016555,member
193446,D900864B8AAE12FB,classic_bike,2021-07-26 03:48:36,2021-07-26 04:00:13,Columbia St & Rivington St,5365,Columbia St & Rivington St,5365,40.71739973,-73.98016555,40.71739973,-73.98016555,member
193447,7E7DEA7F07CD71DB,classic_bike,2021-07-25 21:35:52,2021-07-25 21:46:22,Columbia St & Rivington St,5365,Columbia St & Rivington St,5365,40.71739973,-73.98016555,40.71739973,-73.98016555,member
193542,348EBECE62981033,electric_bike,2021-07-05 20:00:00,2021-07-05 20:23:20,8 Ave & W 38 St,6526,Columbia St & Rivington St,5365,40.75461,-73.99177,40.71739973,-73.98016555,member
193607,5803CBEBDB7E03DA,electric_bike,2021-07-05 00:03:52,2021-07-05 00:11:59,Stanton St & Norfolk St,5445,Columbia St & Rivington St,5365,40.720747,-73.986274,40.71739973,-73.98016555,casual
193613,3483B1B81F022672,electric_bike,2021-07-25 19:13:00,2021-07-25 19:22:21,St Marks Pl & 2 Ave,5669,Columbia St & Rivington St,5365,40.7284186,-73.98713956,40.71739973,-73.98016555,casual
193623,437517C4DB28CEE8,classic_bike,2021-07-19 09:01:19,2021-07-19 09:04:47,Norfolk St & Broome St,5374,Columbia St & Rivington St,5365,40.7172274,-73.98802084,40.71739973,-73.98016555,casual
193646,E2794E06E51E73BD,classic_bike,2021-07-17 15:29:25,2021-07-17 15:34:32,Norfolk St & Broome St,5374,Columbia St & Rivington St,5365,40.7172274,-73.98802084,40.71739973,-73.98016555,member
193650,F69A384430F1547D,classic_bike,2021-07-29 21:42:02,2021-07-29 21:48:04,Stanton St & Norfolk St,5445,Columbia St & Rivington St,5365,40.720747,-73.986274,40.71739973,-73.98016555,casual
193670,556828E295E796E7,classic_bike,2021-07-22 10:35:02,2021-07-22 10:39:28,Norfolk St & Broome St,5374,Columbia St & Rivington St,5365,40.7172274,-73.98802084,40.71739973,-73.98016555,member
193691,2C15D14F1B9755A5,classic_bike,2021-07-31 19:59:24,2021-07-31 20:17:22,Norfolk St & Broome St,5374,Columbia St & Rivington St,5365,40.7172274,-73.98802084,40.71739973,-73.98016555,member
193692,51F1A3B3779B1537,classic_bike,2021-07-02 21:12:22,2021-07-02 21:16:46,Norfolk St & Broome St,5374,Columbia St & Rivington St,5365,40.7172274,-73.98802084,40.71739973,-73.98016555,member
193694,1348072D413DB627,classic_bike,2021-07-21 23:16:16,2021-07-21 23:25:43,St Marks Pl & 2 Ave,5669,Columbia St & Rivington St,5365,40.7284186,-73.98713956,40.71739973,-73.98016555,member
193696,871B4E63B38E7274,classic_bike,2021-07-14 09:30:14,2021-07-14 09:35:08,Norfolk St & Broome St,5374,Columbia St & Rivington St,5365,40.7172274,-73.98802084,40.71739973,-73.98016555,member
193698,07ED8929E0B87963,electric_bike,2021-07-04 03:34:11,2021-07-04 03:36:54,Stanton St & Norfolk St,5445,Columbia St & Rivington St,5365,40.720747,-73.986274,40.71739973,-73.98016555,member
193702,50BABE2613487D9D,classic_bike,2021-07-02 18:49:27,2021-07-02 19:03:06,Norfolk St & Broome St,5374,Columbia St & Rivington St,5365,40.7172274,-73.98802084,40.71739973,-73.98016555,member
193732,831791706F2E044C,classic_bike,2021-07-06 08:51:28,2021-07-06 08:57:00,Avenue D & E 10 St,5575,Columbia St & Rivington St,5365,40.72506551015475,-73.97515833377838,40.71739973,-73.98016555,member
193733,E9376CE3327B4A5B,classic_bike,2021-07-28 13:42:48,2021-07-28 13:47:58,Avenue D & E 10 St,5575,Columbia St & Rivington St,5365,40.72506551015475,-73.97515833377838,40.71739973,-73.98016555,member
193736,32F15E4CBD01D902,classic_bike,2021-07-03 19:23:19,2021-07-03 19:30:03,Forsyth St & Canal St,5270,Columbia St & Rivington St,5365,40.7158155,-73.99422366,40.71739973,-73.98016555,member
193738,8B20D3BB730C0E23,classic_bike,2021-07-12 15:21:36,2021-07-12 15:30:41,Forsyth St & Canal St,5270,Columbia St & Rivington St,5365,40.7158155,-73.99422366,40.71739973,-73.98016555,member
193745,17C42EECB26CFD75,classic_bike,2021-07-21 20:28:59,2021-07-21 20:37:03,Forsyth St & Canal St,5270,Columbia St & Rivington St,5365,40.7158155,-73.99422366,40.71739973,-73.98016555,member
193747,00F11CF0075F36E5,classic_bike,2021-07-25 19:26:13,2021-07-25 19:33:37,Forsyth St & Canal St,5270,Columbia St & Rivington St,5365,40.7158155,-73.99422366,40.71739973,-73.98016555,member
193749,70458DCA3F387FC5,classic_bike,2021-07-06 17:34:47,2021-07-06 17:51:27,Forsyth St & Canal St,5270,Columbia St & Rivington St,5365,40.7158155,-73.99422366,40.71739973,-73.98016555,member
193754,F8A7E41335CE3304,electric_bike,2021-07-28 14:13:14,2021-07-28 14:22:59,South St & Gouverneur Ln,4953,Columbia St & Rivington St,5365,40.70355377,-74.00670227,40.71739973,-73.98016555,member
193757,85DBBE0AA81733C2,electric_bike,2021-07-07 06:06:13,2021-07-07 06:09:45,Avenue D & E 10 St,5575,Columbia St & Rivington St,5365,40.72506551015475,-73.97515833377838,40.71739973,-73.98016555,member
193758,490BACE9B73452AA,classic_bike,2021-07-10 13:57:58,2021-07-10 14:04:02,Avenue D & E 10 St,5575,Columbia St & Rivington St,5365,40.72506551015475,-73.97515833377838,40.71739973,-73.98016555,member
193759,7A1C63ECD5CD5487,classic_bike,2021-07-26 15:29:01,2021-07-26 15:40:10,Forsyth St & Canal St,5270,Columbia St & Rivington St,5365,40.7158155,-73.99422366,40.71739973,-73.98016555,member
193760,752B5CC76C73AD6F,classic_bike,2021-07-18 06:40:58,2021-07-18 06:46:26,Avenue D & E 10 St,5575,Columbia St & Rivington St,5365,40.72506551015475,-73.97515833377838,40.71739973,-73.98016555,member
193761,61DDBEA856B0BD89,classic_bike,2021-07-26 07:34:03,2021-07-26 07:39:24,Avenue D & E 10 St,5575,Columbia St & Rivington St,5365,40.72506551015475,-73.97515833377838,40.71739973,-73.98016555,member
193762,AEF30919019363C3,electric_bike,2021-07-03 05:48:04,2021-07-03 05:51:37,Avenue D & E 10 St,5575,Columbia St & Rivington St,5365,40.72506551015475,-73.97515833377838,40.71739973,-73.98016555,member
193767,B6A3CB98903C687F,classic_bike,2021-07-19 14:14:37,2021-07-19 14:21:08,Avenue D & E 10 St,5575,Columbia St & Rivington St,5365,40.72506551015475,-73.97515833377838,40.71739973,-73.98016555,member
193772,EA86DEDB5AC3B60D,classic_bike,2021-07-15 19:54:13,2021-07-15 19:58:00,Avenue D & E 10 St,5575,Columbia St & Rivington St,5365,40.72506551015475,-73.97515833377838,40.71739973,-73.98016555,member
193773,325BF8128212DB5F,classic_bike,2021-07-23 07:43:04,2021-07-23 07:48:14,Avenue D & E 10 St,5575,Columbia St & Rivington St,5365,40.72506551015475,-73.97515833377838,40.71739973,-73.98016555,member
193774,DD20F2F32060CC0F,classic_bike,2021-07-27 17:55:16,2021-07-27 18:10:04,South St & Gouverneur Ln,4953,Columbia St & Rivington St,5365,40.70355377,-74.00670227,40.71739973,-73.98016555,member
193776,9EEDCA485485BAC0,classic_bike,2021-07-06 09:48:06,2021-07-06 10:26:03,Avenue D & E 10 St,5575,Columbia St & Rivington St,5365,40.72506551015475,-73.97515833377838,40.71739973,-73.98016555,member
193780,0979F48B5C17E735,classic_bike,2021-07-21 12:31:57,2021-07-21 12:36:56,Avenue D & E 10 St,5575,Columbia St & Rivington St,5365,40.72506551015475,-73.97515833377838,40.71739973,-73.98016555,member
193785,A594270732EB27D9,classic_bike,2021-07-05 12:15:19,2021-07-05 12:19:52,Avenue D & E 10 St,5575,Columbia St & Rivington St,5365,40.72506551015475,-73.97515833377838,40.71739973,-73.98016555,casual
193798,16D6484DC3446F96,classic_bike,2021-07-03 20:45:15,2021-07-03 20:50:28,Avenue D & E 10 St,5575,Columbia St & Rivington St,5365,40.72506551015475,-73.97515833377838,40.71739973,-73.98016555,casual
193799,FAFAECDF3868E690,classic_bike,2021-07-13 08:42:05,2021-07-13 08:47:37,Avenue D & E 10 St,5575,Columbia St & Rivington St,5365,40.72506551015475,-73.97515833377838,40.71739973,-73.98016555,member
193816,C13E0A743C72DB9C,classic_bike,2021-07-10 12:31:21,2021-07-10 12:40:00,Forsyth St & Canal St,5270,Columbia St & Rivington St,5365,40.7158155,-73.99422366,40.71739973,-73.98016555,member
193823,B3937AC9D70C0E82,classic_bike,2021-07-04 20:26:29,2021-07-04 20:46:34,Division St & Bowery,5270,Columbia St & Rivington St,5365,40.714193,-73.996732,40.71739973,-73.98016555,casual
193828,8E24C4426C1BE6EA,classic_bike,2021-07-27 09:51:31,2021-07-27 10:03:51,Division St & Bowery,5270,Columbia St & Rivington St,5365,40.714193,-73.996732,40.71739973,-73.98016555,member
193836,890DBE8E1D881AF0,classic_bike,2021-07-27 07:18:35,2021-07-27 07:48:25,11 Ave & W 41 St,6726,Columbia St & Rivington St,5365,40.76030096,-73.99884222,40.71739973,-73.98016555,member
193837,2DBDC98C4FFC2924,classic_bike,2021-07-30 07:16:22,2021-07-30 07:44:09,11 Ave & W 41 St,6726,Columbia St & Rivington St,5365,40.76030096,-73.99884222,40.71739973,-73.98016555,member
193839,6901A89424758D15,classic_bike,2021-07-23 07:19:44,2021-07-23 07:44:53,11 Ave & W 41 St,6726,Columbia St & Rivington St,5365,40.76030096,-73.99884222,40.71739973,-73.98016555,member
193842,9AA6F25DBF68FCA1,classic_bike,2021-07-31 17:36:00,2021-07-31 17:51:05,Division St & Bowery,5270,Columbia St & Rivington St,5365,40.714193,-73.996732,40.71739973,-73.98016555,member
193844,555494797F1EABD8,classic_bike,2021-07-02 11:57:55,2021-07-02 12:12:23,Division St & Bowery,5270,Columbia St & Rivington St,5365,40.714193,-73.996732,40.71739973,-73.98016555,member
193855,FE32642A7C169071,classic_bike,2021-07-22 19:53:12,2021-07-22 20:02:15,Division St & Bowery,5270,Columbia St & Rivington St,5365,40.714193,-73.996732,40.71739973,-73.98016555,member
193871,2A92DAB574DB4957,electric_bike,2021-07-20 15:06:55,2021-07-20 15:12:37,Norfolk St & Broome St,5374,Columbia St & Rivington St,5365,40.7172274,-73.98802084,40.71739973,-73.98016555,member
193872,063AED8560CF1134,classic_bike,2021-07-18 19:59:40,2021-07-18 20:04:18,Norfolk St & Broome St,5374,Columbia St & Rivington St,5365,40.7172274,-73.98802084,40.71739973,-73.98016555,member
193875,70AE39F8EB6ECA21,classic_bike,2021-07-23 13:24:30,2021-07-23 13:30:14,Stanton St & Norfolk St,5445,Columbia St & Rivington St,5365,40.720747,-73.986274,40.71739973,-73.98016555,member
193877,A88C5DBD6D92DA33,classic_bike,2021-07-24 13:47:17,2021-07-24 13:51:08,Stanton St & Norfolk St,5445,Columbia St & Rivington St,5365,40.720747,-73.986274,40.71739973,-73.98016555,member
193881,498F0285B74C9F45,classic_bike,2021-07-28 17:32:23,2021-07-28 17:37:02,Stanton St & Norfolk St,5445,Columbia St & Rivington St,5365,40.720747,-73.986274,40.71739973,-73.98016555,member
193888,EDB8C550AA1A76B8,classic_bike,2021-07-03 14:38:31,2021-07-03 14:43:16,Norfolk St & Broome St,5374,Columbia St & Rivington St,5365,40.7172274,-73.98802084,40.71739973,-73.98016555,member
193891,37B0C07A8C7D0656,electric_bike,2021-07-04 23:30:23,2021-07-04 23:33:54,Stanton St & Norfolk St,5445,Columbia St & Rivington St,5365,40.720747,-73.986274,40.71739973,-73.98016555,member
193895,B858367FFFB3F67B,electric_bike,2021-07-16 16:26:11,2021-07-16 16:29:14,Norfolk St & Broome St,5374,Columbia St & Rivington St,5365,40.7172274,-73.98802084,40.71739973,-73.98016555,member
193897,0E33357F8B6E3B7C,classic_bike,2021-07-11 12:01:29,2021-07-11 12:06:14,Stanton St & Norfolk St,5445,Columbia St & Rivington St,5365,40.720747,-73.986274,40.71739973,-73.98016555,member
193898,C6C00471F7E90142,classic_bike,2021-07-29 15:00:13,2021-07-29 15:04:54,Norfolk St & Broome St,5374,Columbia St & Rivington St,5365,40.7172274,-73.98802084,40.71739973,-73.98016555,member
193899,A1221BC29C61EABF,classic_bike,2021-07-29 15:34:01,2021-07-29 15:37:59,Stanton St & Norfolk St,5445,Columbia St & Rivington St,5365,40.720747,-73.986274,40.71739973,-73.98016555,member
193906,B76D969415E57D78,classic_bike,2021-07-19 18:06:23,2021-07-19 18:41:30,Stanton St & Norfolk St,5445,Columbia St & Rivington St,5365,40.720747,-73.986274,40.71739973,-73.98016555,member
193911,B3F50D5351488155,classic_bike,2021-07-02 19:56:21,2021-07-02 20:00:03,Norfolk St & Broome St,5374,Columbia St & Rivington St,5365,40.7172274,-73.98802084,40.71739973,-73.98016555,member
193912,FBE8D9E28749FF72,classic_bike,2021-07-09 18:49:20,2021-07-09 18:54:24,Norfolk St & Broome St,5374,Columbia St & Rivington St,5365,40.7172274,-73.98802084,40.71739973,-73.98016555,member
193915,DDD48DAFA022C10C,classic_bike,2021-07-27 17:52:06,2021-07-27 18:05:47,Norfolk St & Broome St,5374,Columbia St & Rivington St,5365,40.7172274,-73.98802084,40.71739973,-73.98016555,member
193916,B8BE3006215DDF2F,electric_bike,2021-07-30 20:50:20,2021-07-30 20:53:07,Norfolk St & Broome St,5374,Columbia St & Rivington St,5365,40.7172274,-73.98802084,40.71739973,-73.98016555,member
193964,C9DA7D3C7F74CDCC,electric_bike,2021-07-20 17:48:36,2021-07-20 17:51:36,Norfolk St & Broome St,5374,Columbia St & Rivington St,5365,40.7172274,-73.98802084,40.71739973,-73.98016555,member
193965,10FB1962CB4977C5,electric_bike,2021-07-07 16:23:01,2021-07-07 16:26:39,Norfolk St & Broome St,5374,Columbia St & Rivington St,5365,40.7172274,-73.98802084,40.71739973,-73.98016555,member
193969,835B09DB857337AC,electric_bike,2021-07-20 15:12:53,2021-07-20 15:24:37,E 16 St & 5 Ave,6022,Columbia St & Rivington St,5365,40.73726186,-73.99238967,40.71739973,-73.98016555,member
193971,30574918E637D78C,classic_bike,2021-07-30 16:38:52,2021-07-30 16:47:43,St Marks Pl & 2 Ave,5669,Columbia St & Rivington St,5365,40.7284186,-73.98713956,40.71739973,-73.98016555,member
193980,0C1901BC2F0533A1,electric_bike,2021-07-06 23:16:49,2021-07-06 23:19:51,Norfolk St & Broome St,5374,Columbia St & Rivington St,5365,40.7172274,-73.98802084,40.71739973,-73.98016555,member
193997,A8D0CAC210397178,classic_bike,2021-07-22 11:53:32,2021-07-22 11:57:20,Stanton St & Norfolk St,5445,Columbia St & Rivington St,5365,40.720747,-73.986274,40.71739973,-73.98016555,member
193998,49EB63CEE6783295,electric_bike,2021-07-13 21:45:33,2021-07-13 22:02:15,E 16 St & 5 Ave,6022,Columbia St & Rivington St,5365,40.73726186,-73.99238967,40.71739973,-73.98016555,member
193999,2FC6B2E7D4C2133A,classic_bike,2021-07-10 15:11:34,2021-07-10 15:15:26,Stanton St & Norfolk St,5445,Columbia St & Rivington St,5365,40.720747,-73.986274,40.71739973,-73.98016555,member
194002,5BB67521D39FF86B,classic_bike,2021-07-02 12:15:50,2021-07-02 12:19:42,Norfolk St & Broome St,5374,Columbia St & Rivington St,5365,40.7172274,-73.98802084,40.71739973,-73.98016555,member
194003,C4EEE0B66F597932,classic_bike,2021-07-03 14:10:29,2021-07-03 14:14:12,Norfolk St & Broome St,5374,Columbia St & Rivington St,5365,40.7172274,-73.98802084,40.71739973,-73.98016555,member
194006,004131462CA5FDB9,electric_bike,2021-07-13 17:57:24,2021-07-13 18:03:16,1 Ave & E 6 St,5626,Columbia St & Rivington St,5365,40.72633085971696,-73.98616880178452,40.71739973,-73.98016555,casual
194010,656BA2082B14A350,classic_bike,2021-07-05 18:24:02,2021-07-05 18:31:47,1 Ave & E 6 St,5626,Columbia St & Rivington St,5365,40.72633085971696,-73.98616880178452,40.71739973,-73.98016555,casual
194057,DBC925F1381F6629,classic_bike,2021-07-05 00:38:47,2021-07-05 00:46:23,1 Ave & E 6 St,5626,Columbia St & Rivington St,5365,40.72633085971696,-73.98616880178452,40.71739973,-73.98016555,member
194066,2C1074B6A158B81D,classic_bike,2021-07-27 15:18:52,2021-07-27 15:27:19,1 Ave & E 6 St,5626,Columbia St & Rivington St,5365,40.72633085971696,-73.98616880178452,40.71739973,-73.98016555,casual
194067,2A864A99BEFAE2C1,classic_bike,2021-07-23 14:42:33,2021-07-23 14:50:29,1 Ave & E 6 St,5626,Columbia St & Rivington St,5365,40.72633085971696,-73.98616880178452,40.71739973,-73.98016555,casual
194068,B295B3FB46FFA103,classic_bike,2021-07-02 12:04:55,2021-07-02 12:12:51,Lafayette St & E 8 St,5788,Columbia St & Rivington St,5365,40.73020660529954,-73.99102628231049,40.71739973,-73.98016555,casual
194106,2869A35B9E23F93A,classic_bike,2021-07-06 17:43:15,2021-07-06 17:57:21,1 Ave & E 6 St,5626,Columbia St & Rivington St,5365,40.72633085971696,-73.98616880178452,40.71739973,-73.98016555,member
194111,47A3AC22D8D58543,classic_bike,2021-07-02 17:46:16,2021-07-02 18:02:23,1 Ave & E 6 St,5626,Columbia St & Rivington St,5365,40.72633085971696,-73.98616880178452,40.71739973,-73.98016555,member
194147,DE4B0DE919E1C91F,electric_bike,2021-07-21 16:08:47,2021-07-21 16:15:02,Canal St & Rutgers St,5303,Columbia St & Rivington St,5365,40.71427487,-73.98990025,40.71739973,-73.98016555,member
194148,0DFC8BC027D68653,electric_bike,2021-07-23 02:30:30,2021-07-23 02:34:17,Canal St & Rutgers St,5303,Columbia St & Rivington St,5365,40.71427487,-73.98990025,40.71739973,-73.98016555,member
194161,D8A396CD1234AC13,electric_bike,2021-07-08 13:57:43,2021-07-08 14:12:31,W 15 St & 6 Ave,5989,Columbia St & Rivington St,5365,40.738046142482766,-73.99642959237099,40.71739973,-73.98016555,casual
194173,E710A981097FAE60,classic_bike,2021-07-05 11:51:32,2021-07-05 12:25:42,Canal St & Rutgers St,5303,Columbia St & Rivington St,5365,40.71427487,-73.98990025,40.71739973,-73.98016555,member
194179,9365EFB9F2F4C0FB,classic_bike,2021-07-28 07:29:40,2021-07-28 07:44:02,W 15 St & 6 Ave,5989,Columbia St & Rivington St,5365,40.738046142482766,-73.99642959237099,40.71739973,-73.98016555,member
194183,1A6D9D71822BB84F,classic_bike,2021-07-30 17:15:07,2021-07-30 17:50:38,E 54 St & 1 Ave,6608,Columbia St & Rivington St,5365,40.756265,-73.964179,40.71739973,-73.98016555,member
194202,EFAFE03849B76C4E,electric_bike,2021-07-16 23:42:11,2021-07-16 23:46:24,Stanton St & Norfolk St,5445,Columbia St & Rivington St,5365,40.720747,-73.986274,40.71739973,-73.98016555,member
194214,5421B01CE3A797A6,electric_bike,2021-07-04 23:20:18,2021-07-04 23:27:42,St Marks Pl & 2 Ave,5669,Columbia St & Rivington St,5365,40.7284186,-73.98713956,40.71739973,-73.98016555,casual
194223,91BBA9550F3FD0B8,electric_bike,2021-07-02 00:40:06,2021-07-02 00:45:39,St Marks Pl & 2 Ave,5669,Columbia St & Rivington St,5365,40.7284186,-73.98713956,40.71739973,-73.98016555,casual
194227,50BD58BB41E0CF40,electric_bike,2021-07-27 17:30:16,2021-07-27 17:33:13,Stanton St & Norfolk St,5445,Columbia St & Rivington St,5365,40.720747,-73.986274,40.71739973,-73.98016555,member
194228,BD8F27E507414424,classic_bike,2021-07-13 17:33:50,2021-07-13 17:37:29,Norfolk St & Broome St,5374,Columbia St & Rivington St,5365,40.7172274,-73.98802084,40.71739973,-73.98016555,member
194231,8A75400C51393103,electric_bike,2021-07-19 16:18:07,2021-07-19 16:49:32,Norfolk St & Broome St,5374,Columbia St & Rivington St,5365,40.7172274,-73.98802084,40.71739973,-73.98016555,member
194232,CC710DB4AA33B705,classic_bike,2021-07-25 09:09:27,2021-07-25 09:12:55,Norfolk St & Broome St,5374,Columbia St & Rivington St,5365,40.7172274,-73.98802084,40.71739973,-73.98016555,member
194234,77560055510953D8,electric_bike,2021-07-20 15:06:36,2021-07-20 15:10:18,Norfolk St & Broome St,5374,Columbia St & Rivington St,5365,40.7172274,-73.98802084,40.71739973,-73.98016555,member
194251,E6EE61ECC151A654,classic_bike,2021-07-22 18:42:12,2021-07-22 18:45:34,Norfolk St & Broome St,5374,Columbia St & Rivington St,5365,40.7172274,-73.98802084,40.71739973,-73.98016555,member
194252,135F09A30B162C57,electric_bike,2021-07-08 20:10:33,2021-07-08 20:16:36,Stanton St & Norfolk St,5445,Columbia St & Rivington St,5365,40.720747,-73.986274,40.71739973,-73.98016555,member
194258,B7C0D5F90FB7F928,electric_bike,2021-07-25 22:23:48,2021-07-25 22:33:02,Norfolk St & Broome St,5374,Columbia St & Rivington St,5365,40.7172274,-73.98802084,40.71739973,-73.98016555,member
194269,52E1D00E11B2AE7F,classic_bike,2021-07-10 22:52:15,2021-07-10 23:31:06,Stanton St & Norfolk St,5445,Columbia St & Rivington St,5365,40.720747,-73.986274,40.71739973,-73.98016555,member
194274,C0B9CC77525E0D35,classic_bike,2021-07-31 02:17:50,2021-07-31 02:25:28,St Marks Pl & 2 Ave,5669,Columbia St & Rivington St,5365,40.7284186,-73.98713956,40.71739973,-73.98016555,casual
194286,C7F42954BEB1398B,electric_bike,2021-07-04 21:30:20,2021-07-04 21:34:49,Stanton St & Norfolk St,5445,Columbia St & Rivington St,5365,40.720747,-73.986274,40.71739973,-73.98016555,casual
194287,D8E6504FDC7412B5,classic_bike,2021-07-17 11:50:47,2021-07-17 11:58:58,Norfolk St & Broome St,5374,Columbia St & Rivington St,5365,40.7172274,-73.98802084,40.71739973,-73.98016555,casual
194296,024251922846B8A7,classic_bike,2021-07-05 22:34:27,2021-07-05 22:37:46,Norfolk St & Broome St,5374,Columbia St & Rivington St,5365,40.7172274,-73.98802084,40.71739973,-73.98016555,member
194297,774E7CD44D27754F,classic_bike,2021-07-11 10:05:43,2021-07-11 10:09:52,Stanton St & Norfolk St,5445,Columbia St & Rivington St,5365,40.720747,-73.986274,40.71739973,-73.98016555,member
194298,716513A6E4B2BED7,electric_bike,2021-07-26 18:05:58,2021-07-26 18:09:18,Stanton St & Norfolk St,5445,Columbia St & Rivington St,5365,40.720747,-73.986274,40.71739973,-73.98016555,member
194496,FE5B82FFBCDD3EFF,classic_bike,2021-07-15 17:33:09,2021-07-15 17:48:58,Thompson St & Bleecker St,5721,Columbia St & Rivington St,5365,40.72840059450829,-73.99968780577183,40.71739973,-73.98016555,member
194528,AED142546D41F767,classic_bike,2021-07-21 14:49:07,2021-07-21 15:11:45,Pearl St & Hanover Square,4993,Columbia St & Rivington St,5365,40.7047177,-74.00926027,40.71739973,-73.98016555,member
194537,23C805AED0096586,electric_bike,2021-07-05 11:20:23,2021-07-05 11:40:59,Pearl St & Hanover Square,4993,Columbia St & Rivington St,5365,40.7047177,-74.00926027,40.71739973,-73.98016555,casual
194573,3802F3FE35A26B03,electric_bike,2021-07-05 11:21:16,2021-07-05 11:41:00,Pearl St & Hanover Square,4993,Columbia St & Rivington St,5365,40.7047177,-74.00926027,40.71739973,-73.98016555,member
194575,34350F8769A322A6,classic_bike,2021-07-07 17:32:02,2021-07-07 17:53:24,Pearl St & Hanover Square,4993,Columbia St & Rivington St,5365,40.7047177,-74.00926027,40.71739973,-73.98016555,member
194576,9549420DCC3B48EE,electric_bike,2021-07-19 14:21:19,2021-07-19 14:33:05,Pearl St & Hanover Square,4993,Columbia St & Rivington St,5365,40.7047177,-74.00926027,40.71739973,-73.98016555,member
194610,59F437B1E86DA1AF,classic_bike,2021-07-15 15:22:26,2021-07-15 15:33:14,Lafayette St & Jersey St,5561,Columbia St & Rivington St,5365,40.72456089,-73.99565293,40.71739973,-73.98016555,member
194611,7EF02439B8BF7396,classic_bike,2021-07-14 16:40:53,2021-07-14 16:49:25,Lafayette St & Jersey St,5561,Columbia St & Rivington St,5365,40.72456089,-73.99565293,40.71739973,-73.98016555,member
194612,6E9692124FB0D9FC,electric_bike,2021-07-02 16:58:02,2021-07-02 17:03:45,Lafayette St & Jersey St,5561,Columbia St & Rivington St,5365,40.72456089,-73.99565293,40.71739973,-73.98016555,member
194614,219373A77B2928E5,classic_bike,2021-07-02 17:59:47,2021-07-02 18:12:01,Lafayette St & Jersey St,5561,Columbia St & Rivington St,5365,40.72456089,-73.99565293,40.71739973,-73.98016555,member
194634,929EE7254AF4C529,electric_bike,2021-07-08 18:53:35,2021-07-08 18:56:49,Avenue D & E 10 St,5575,Columbia St & Rivington St,5365,40.72506551015475,-73.97515833377838,40.71739973,-73.98016555,casual
194642,F473BE0DCA4A410D,classic_bike,2021-07-18 08:50:22,2021-07-18 08:55:10,Avenue D & E 10 St,5575,Columbia St & Rivington St,5365,40.72506551015475,-73.97515833377838,40.71739973,-73.98016555,member
194643,CFB57A39ED021DDF,classic_bike,2021-07-19 16:33:08,2021-07-19 16:37:11,Avenue D & E 10 St,5575,Columbia St & Rivington St,5365,40.72506551015475,-73.97515833377838,40.71739973,-73.98016555,member
194658,495FE9B97F85805D,electric_bike,2021-07-07 15:04:57,2021-07-07 15:14:51,St James Pl & Oliver St,5238,Columbia St & Rivington St,5365,40.71307916,-73.99851193,40.71739973,-73.98016555,member
194667,1DF118B5790AFE64,classic_bike,2021-07-31 15:56:10,2021-07-31 16:26:51,Columbia St & Rivington St,5365,Columbia St & Rivington St,5365,40.71739973,-73.98016555,40.71739973,-73.98016555,member
194684,0A235D23488FD73E,electric_bike,2021-07-03 00:31:37,2021-07-03 00:32:27,Columbia St & Rivington St,5365,Columbia St & Rivington St,5365,40.71739973,-73.98016555,40.71739973,-73.98016555,member
194694,7E318F0256DB3EE7,classic_bike,2021-07-11 14:05:48,2021-07-11 14:05:51,Columbia St & Rivington St,5365,Columbia St & Rivington St,5365,40.71739973,-73.98016555,40.71739973,-73.98016555,member
194695,ABA141F36A32D6BC,electric_bike,2021-07-11 14:06:02,2021-07-11 14:11:07,Columbia St & Rivington St,5365,Columbia St & Rivington St,5365,40.71739973,-73.98016555,40.71739973,-73.98016555,member
194722,5D352B60A766996A,classic_bike,2021-07-19 22:17:46,2021-07-19 22:43:33,Columbia St & Rivington St,5365,Columbia St & Rivington St,5365,40.71739973,-73.98016555,40.71739973,-73.98016555,member
194725,69AEF49103FE2286,classic_bike,2021-07-23 09:21:48,2021-07-23 09:25:33,Columbia St & Rivington St,5365,Columbia St & Rivington St,5365,40.71739973,-73.98016555,40.71739973,-73.98016555,member
194733,0968860DAD67F644,classic_bike,2021-07-11 14:33:10,2021-07-11 14:42:14,St James Pl & Oliver St,5238,Columbia St & Rivington St,5365,40.71307916,-73.99851193,40.71739973,-73.98016555,member
194734,AEEC7505BC17B183,classic_bike,2021-07-11 13:16:15,2021-07-11 13:27:08,Columbia St & Rivington St,5365,St James Pl & Oliver St,5238,40.71739973,-73.98016555,40.71307916,-73.99851193,member
194739,B21E82F9B701D592,classic_bike,2021-07-19 15:33:31,2021-07-19 15:45:00,Columbia St & Rivington St,5365,Columbia St & Rivington St,5365,40.71739973,-73.98016555,40.71739973,-73.98016555,member
194740,469BAF58C5522905,classic_bike,2021-07-19 19:36:54,2021-07-19 19:53:41,Columbia St & Rivington St,5365,Columbia St & Rivington St,5365,40.71739973,-73.98016555,40.71739973,-73.98016555,member
194760,A798B98B513C8885,electric_bike,2021-07-24 20:44:50,2021-07-24 20:53:18,St James Pl & Oliver St,5238,Columbia St & Rivington St,5365,40.71307916,-73.99851193,40.71739973,-73.98016555,member
194778,C47BDDA7C03940F8,classic_bike,2021-07-17 07:37:00,2021-07-17 07:52:20,Columbia St & Rivington St,5365,Columbia St & Rivington St,5365,40.71739973,-73.98016555,40.71739973,-73.98016555,member
194781,8F477B8389E2191B,classic_bike,2021-07-11 18:43:47,2021-07-11 18:52:22,Columbia St & Rivington St,5365,Columbia St & Rivington St,5365,40.71739973,-73.98016555,40.71739973,-73.98016555,member
194782,C2E3A1B23D1C28E4,electric_bike,2021-07-22 14:17:45,2021-07-22 14:19:36,Columbia St & Rivington St,5365,Columbia St & Rivington St,5365,40.71739973,-73.98016555,40.71739973,-73.98016555,member
194783,D9B219652E3C836D,classic_bike,2021-07-13 14:06:15,2021-07-13 14:47:19,Columbia St & Rivington St,5365,Columbia St & Rivington St,5365,40.71739973,-73.98016555,40.71739973,-73.98016555,member
194784,124D98241086A23D,classic_bike,2021-07-26 20:15:56,2021-07-26 20:24:34,St James Pl & Oliver St,5238,Columbia St & Rivington St,5365,40.71307916,-73.99851193,40.71739973,-73.98016555,member
194785,89EAD32E728B2F08,classic_bike,2021-07-30 10:23:20,2021-07-30 10:39:53,Columbia St & Rivington St,5365,St James Pl & Oliver St,5238,40.71739973,-73.98016555,40.71307916,-73.99851193,member
194787,F9FF847BD93705A3,classic_bike,2021-07-13 21:18:15,2021-07-13 21:30:24,St James Pl & Oliver St,5238,Columbia St & Rivington St,5365,40.71307916,-73.99851193,40.71739973,-73.98016555,member
194798,FECF28BCDE3930B4,electric_bike,2021-07-22 01:35:45,2021-07-22 01:44:20,Columbia St & Rivington St,5365,Columbia St & Rivington St,5365,40.71739973,-73.98016555,40.71739973,-73.98016555,member
194799,72219B6865B3DD0C,classic_bike,2021-07-29 12:16:54,2021-07-29 12:17:40,Columbia St & Rivington St,5365,Columbia St & Rivington St,5365,40.71739973,-73.98016555,40.71739973,-73.98016555,member
194810,FA0D189A39FC2B29,classic_bike,2021-07-05 16:05:41,2021-07-05 16:38:30,Columbia St & Rivington St,5365,Columbia St & Rivington St,5365,40.71739973,-73.98016555,40.71739973,-73.98016555,member
194831,13092F0EB623B775,classic_bike,2021-07-07 20:49:11,2021-07-07 20:53:24,Columbia St & Rivington St,5365,Columbia St & Rivington St,5365,40.71739973,-73.98016555,40.71739973,-73.98016555,member
194886,BE264DF7189F1308,classic_bike,2021-07-16 21:23:11,2021-07-16 21:27:37,Columbia St & Rivington St,5365,Columbia St & Rivington St,5365,40.71739973,-73.98016555,40.71739973,-73.98016555,member
194913,767AECC006377CC8,electric_bike,2021-07-09 21:25:47,2021-07-09 21:31:16,Columbia St & Rivington St,5365,Columbia St & Rivington St,5365,40.71739973,-73.98016555,40.71739973,-73.98016555,member
194918,AD1EF5515D6D820E,classic_bike,2021-07-27 09:29:06,2021-07-27 09:39:41,Columbia St & Rivington St,5365,St James Pl & Oliver St,5238,40.71739973,-73.98016555,40.71307916,-73.99851193,member
194984,1A47A886CDDB2167,classic_bike,2021-07-28 12:04:23,2021-07-28 12:09:16,Avenue D & E 10 St,5575,Columbia St & Rivington St,5365,40.72506551015475,-73.97515833377838,40.71739973,-73.98016555,casual
194989,6793B5730A63CFB6,electric_bike,2021-07-20 18:17:45,2021-07-20 18:31:31,South St & Gouverneur Ln,4953,Columbia St & Rivington St,5365,40.70355377,-74.00670227,40.71739973,-73.98016555,casual
194990,760ECD30A380C55B,classic_bike,2021-07-02 10:14:02,2021-07-02 10:22:05,Avenue D & E 10 St,5575,Columbia St & Rivington St,5365,40.72506551015475,-73.97515833377838,40.71739973,-73.98016555,casual
194991,46BEF047B8B8218D,classic_bike,2021-07-12 10:07:47,2021-07-12 10:22:45,Avenue D & E 10 St,5575,Columbia St & Rivington St,5365,40.72506551015475,-73.97515833377838,40.71739973,-73.98016555,casual
194995,7A92DE471F82E169,classic_bike,2021-07-06 10:15:42,2021-07-06 10:23:46,Forsyth St & Canal St,5270,Columbia St & Rivington St,5365,40.7158155,-73.99422366,40.71739973,-73.98016555,member
195002,57A3E5EED0F3D1A7,classic_bike,2021-07-28 13:42:57,2021-07-28 13:47:39,Avenue D & E 10 St,5575,Columbia St & Rivington St,5365,40.72506551015475,-73.97515833377838,40.71739973,-73.98016555,member
195004,B16E031F790BED3D,classic_bike,2021-07-16 10:34:42,2021-07-16 10:42:10,Avenue D & E 10 St,5575,Columbia St & Rivington St,5365,40.72506551015475,-73.97515833377838,40.71739973,-73.98016555,member
195175,BFBE6FAD3F5A39AE,classic_bike,2021-07-10 18:54:02,2021-07-10 19:53:32,Van Brunt St & Van Dyke St,4095,Columbia St & Rivington St,5365,40.6758329439129,-74.01472628116608,40.71739973,-73.98016555,member
195259,D74D8F40DFFFB3C6,classic_bike,2021-07-02 14:48:44,2021-07-02 14:59:22,Lafayette St & E 8 St,5788,Columbia St & Rivington St,5365,40.73020660529954,-73.99102628231049,40.71739973,-73.98016555,member
195260,8E45A758BA41457F,classic_bike,2021-07-01 16:11:01,2021-07-01 16:20:23,Lafayette St & E 8 St,5788,Columbia St & Rivington St,5365,40.73020660529954,-73.99102628231049,40.71739973,-73.98016555,member
195592,3F9FE708B1944934,classic_bike,2021-07-04 11:29:03,2021-07-04 11:33:31,E 6 St & Avenue B,5584,Columbia St & Rivington St,5365,40.72453734,-73.98185424,40.71739973,-73.98016555,member
195593,0DC99683B476E368,classic_bike,2021-07-12 11:31:12,2021-07-12 11:34:14,E 6 St & Avenue D,5506,Columbia St & Rivington St,5365,40.72228087,-73.97668709,40.71739973,-73.98016555,member
195599,594794571CDD3904,classic_bike,2021-07-10 15:34:38,2021-07-10 15:42:59,E 6 St & Avenue D,5506,Columbia St & Rivington St,5365,40.72228087,-73.97668709,40.71739973,-73.98016555,casual
195604,30A6B9ABA035D672,electric_bike,2021-07-27 21:15:23,2021-07-27 21:21:19,E 10 St & Avenue A,5659,Columbia St & Rivington St,5365,40.72740794,-73.98142006,40.71739973,-73.98016555,member
195605,0DDF5DBF1E89C887,electric_bike,2021-07-22 16:21:14,2021-07-22 16:30:33,E 14 St & Avenue B,5736,Columbia St & Rivington St,5365,40.72938685,-73.97772429,40.71739973,-73.98016555,member
195610,52504C1D8FFAE0E1,electric_bike,2021-07-25 18:06:11,2021-07-25 18:25:27,E 6 St & Avenue D,5506,Columbia St & Rivington St,5365,40.72228087,-73.97668709,40.71739973,-73.98016555,member
195614,E2B50D6BEB8BFBE1,electric_bike,2021-07-17 17:06:50,2021-07-17 17:19:16,E 6 St & Avenue D,5506,Columbia St & Rivington St,5365,40.72228087,-73.97668709,40.71739973,-73.98016555,member
195618,549E10584B98738F,classic_bike,2021-07-31 21:32:58,2021-07-31 22:10:29,E 10 St & Avenue A,5659,Columbia St & Rivington St,5365,40.72740794,-73.98142006,40.71739973,-73.98016555,member
195625,9F2D4DD61CE3B2DA,classic_bike,2021-07-10 09:40:13,2021-07-10 09:50:08,E 6 St & Avenue D,5506,Columbia St & Rivington St,5365,40.72228087,-73.97668709,40.71739973,-73.98016555,member
195626,3CBD27F58B9EC52F,classic_bike,2021-07-03 10:33:01,2021-07-03 10:38:32,E 2 St & Avenue A,5553,Columbia St & Rivington St,5365,40.72307749068673,-73.98583620786667,40.71739973,-73.98016555,member
195629,42988A064C82147A,classic_bike,2021-07-17 16:28:44,2021-07-17 16:33:11,E 6 St & Avenue B,5584,Columbia St & Rivington St,5365,40.72453734,-73.98185424,40.71739973,-73.98016555,member
195630,0AAAEBBBAE8CB6BF,classic_bike,2021-07-21 10:47:07,2021-07-21 10:52:32,E 2 St & Avenue A,5553,Columbia St & Rivington St,5365,40.72307749068673,-73.98583620786667,40.71739973,-73.98016555,member
195631,1E2BF7C018E542F6,classic_bike,2021-07-26 23:29:17,2021-07-26 23:35:28,E 14 St & Avenue B,5736,Columbia St & Rivington St,5365,40.72938685,-73.97772429,40.71739973,-73.98016555,member
195633,DD5A888AE4F45E47,classic_bike,2021-07-28 17:10:33,2021-07-28 17:14:38,E 6 St & Avenue D,5506,Columbia St & Rivington St,5365,40.72228087,-73.97668709,40.71739973,-73.98016555,member
195643,2B7CDC782A7A48DE,classic_bike,2021-07-02 13:04:26,2021-07-02 13:13:13,E 14 St & Avenue B,5736,Columbia St & Rivington St,5365,40.72938685,-73.97772429,40.71739973,-73.98016555,casual
195650,27CC46B28D6539ED,classic_bike,2021-07-24 17:48:48,2021-07-24 17:55:16,E 10 St & Avenue A,5659,Columbia St & Rivington St,5365,40.72740794,-73.98142006,40.71739973,-73.98016555,member
195655,C8C3F21CCEB5B969,classic_bike,2021-07-13 18:42:43,2021-07-13 18:48:37,E 10 St & Avenue A,5659,Columbia St & Rivington St,5365,40.72740794,-73.98142006,40.71739973,-73.98016555,member
195662,389EB3B32285939A,classic_bike,2021-07-24 18:29:50,2021-07-24 18:35:34,E 6 St & Avenue B,5584,Columbia St & Rivington St,5365,40.72453734,-73.98185424,40.71739973,-73.98016555,member
195877,F92FBD5C59A37D42,classic_bike,2021-07-06 09:01:15,2021-07-06 09:05:29,Madison St & Montgomery St,5262,Columbia St & Rivington St,5365,40.713126,-73.984844,40.71739973,-73.98016555,member
196077,63D15ED2A637D28C,classic_bike,2021-07-22 11:18:22,2021-07-22 11:38:37,Columbia St & Rivington St,5365,Columbia St & Rivington St,5365,40.71739973,-73.98016555,40.71739973,-73.98016555,member
196098,0C9B85F9C4929CB2,classic_bike,2021-07-03 09:30:27,2021-07-03 09:41:41,St James Pl & Oliver St,5238,Columbia St & Rivington St,5365,40.71307916,-73.99851193,40.71739973,-73.98016555,member
196115,AB3505A405AA59B1,classic_bike,2021-07-12 22:54:57,2021-07-12 23:08:47,Columbia St & Rivington St,5365,Columbia St & Rivington St,5365,40.71739973,-73.98016555,40.71739973,-73.98016555,member
196119,5E28CBA5D975F63E,electric_bike,2021-07-26 19:15:50,2021-07-26 19:16:56,Columbia St & Rivington St,5365,Columbia St & Rivington St,5365,40.71739973,-73.98016555,40.71739973,-73.98016555,member
196129,0AEB1A5AE9A3F5CF,classic_bike,2021-07-30 19:19:48,2021-07-30 19:37:32,Columbia St & Rivington St,5365,Columbia St & Rivington St,5365,40.71739973,-73.98016555,40.71739973,-73.98016555,member
196142,B7317BC51DFEFC29,electric_bike,2021-07-07 19:00:35,2021-07-07 19:12:18,Columbia St & Rivington St,5365,St James Pl & Oliver St,5238,40.71739973,-73.98016555,40.71307916,-73.99851193,member
196147,BBF808BAE8DA0358,electric_bike,2021-07-09 17:26:48,2021-07-09 17:53:28,Columbia St & Rivington St,5365,Columbia St & Rivington St,5365,40.71739973,-73.98016555,40.71739973,-73.98016555,member
196157,DF62B6116F07C9F7,electric_bike,2021-07-03 09:54:25,2021-07-03 09:55:08,Columbia St & Rivington St,5365,Columbia St & Rivington St,5365,40.71739973,-73.98016555,40.71739973,-73.98016555,member
196170,32C0A319824F7249,classic_bike,2021-07-28 09:19:17,2021-07-28 09:29:48,St James Pl & Oliver St,5238,Columbia St & Rivington St,5365,40.71307916,-73.99851193,40.71739973,-73.98016555,member
196181,390D29E061274C52,classic_bike,2021-07-20 13:13:44,2021-07-20 13:56:11,Columbia St & Rivington St,5365,Columbia St & Rivington St,5365,40.71739973,-73.98016555,40.71739973,-73.98016555,member
196184,B6518649A9D17B59,classic_bike,2021-07-20 19:09:42,2021-07-20 19:16:56,Columbia St & Rivington St,5365,Columbia St & Rivington St,5365,40.71739973,-73.98016555,40.71739973,-73.98016555,casual
196251,C62104DC9731E2B8,classic_bike,2021-07-26 19:31:53,2021-07-26 20:10:22,Columbia St & Rivington St,5365,Columbia St & Rivington St,5365,40.71739973,-73.98016555,40.71739973,-73.98016555,casual
196258,CDB6299CD5E47DA6,classic_bike,2021-07-20 12:18:16,2021-07-20 12:39:40,Columbia St & Rivington St,5365,St James Pl & Oliver St,5238,40.71739973,-73.98016555,40.71307916,-73.99851193,member
196298,1A1A43D20F957E81,electric_bike,2021-07-13 17:46:48,2021-07-13 18:14:52,Columbia St & Rivington St,5365,Columbia St & Rivington St,5365,40.71739973,-73.98016555,40.71739973,-73.98016555,member
196352,0E0156B782CA8A43,classic_bike,2021-07-17 08:25:48,2021-07-17 08:32:36,Columbia St & Rivington St,5365,Columbia St & Rivington St,5365,40.71739973,-73.98016555,40.71739973,-73.98016555,member
196423,C01CAB46FCCE60F2,electric_bike,2021-07-19 18:12:36,2021-07-19 18:15:39,Norfolk St & Broome St,5374,Columbia St & Rivington St,5365,40.7172274,-73.98802084,40.71739973,-73.98016555,member
196425,AFA0D6E32DC46730,classic_bike,2021-07-23 20:13:08,2021-07-23 20:17:14,Norfolk St & Broome St,5374,Columbia St & Rivington St,5365,40.7172274,-73.98802084,40.71739973,-73.98016555,member
196427,F0451B47024152D5,classic_bike,2021-07-15 19:33:40,2021-07-15 19:38:11,Norfolk St & Broome St,5374,Columbia St & Rivington St,5365,40.7172274,-73.98802084,40.71739973,-73.98016555,member
196428,5A1C03359A06C685,classic_bike,2021-07-20 13:10:58,2021-07-20 13:18:51,St Marks Pl & 2 Ave,5669,Columbia St & Rivington St,5365,40.7284186,-73.98713956,40.71739973,-73.98016555,member
196430,4E6856AB53BD9FAB,electric_bike,2021-07-13 19:03:08,2021-07-13 19:06:06,Stanton St & Norfolk St,5445,Columbia St & Rivington St,5365,40.720747,-73.986274,40.71739973,-73.98016555,member
196442,22596ABADE8DD166,classic_bike,2021-07-22 18:10:39,2021-07-22 18:14:39,Norfolk St & Broome St,5374,Columbia St & Rivington St,5365,40.7172274,-73.98802084,40.71739973,-73.98016555,member
196446,F18A0041A0CBB9A2,classic_bike,2021-07-22 15:45:16,2021-07-22 15:55:44,St Marks Pl & 2 Ave,5669,Columbia St & Rivington St,5365,40.7284186,-73.98713956,40.71739973,-73.98016555,member
200530,DB892DADB41652BB,classic_bike,2021-07-19 16:34:57,2021-07-19 16:56:22,Columbia St & Rivington St,5365,W 29 St & 9 Ave,6416,40.71739973,-73.98016555,40.7500727,-73.99839279,member
200541,A052BB0048BC0600,classic_bike,2021-07-19 11:39:46,2021-07-19 12:01:58,Columbia St & Rivington St,5365,1 Ave & E 39 St,6303,40.71739973,-73.98016555,40.74714,-73.97113,member
200577,74B58907108889CB,electric_bike,2021-07-08 18:11:56,2021-07-08 18:30:35,Columbia St & Rivington St,5365,W 29 St & 9 Ave,6416,40.71739973,-73.98016555,40.7500727,-73.99839279,casual
200578,AC3F14E6BBCF08F5,classic_bike,2021-07-07 20:34:51,2021-07-07 21:01:50,Columbia St & Rivington St,5365,W 29 St & 9 Ave,6416,40.71739973,-73.98016555,40.7500727,-73.99839279,casual
201168,86720FD36C846BC3,electric_bike,2021-07-30 06:49:05,2021-07-30 07:01:45,Columbia St & Rivington St,5365,Pearl St & Hanover Square,4993,40.71739973,-73.98016555,40.7047177,-74.00926027,member
201176,23408E32354C62C7,classic_bike,2021-07-29 06:47:53,2021-07-29 07:00:28,Columbia St & Rivington St,5365,Pearl St & Hanover Square,4993,40.71739973,-73.98016555,40.7047177,-74.00926027,member
201177,80013C40FF14BBBB,electric_bike,2021-07-16 06:40:11,2021-07-16 06:54:10,Columbia St & Rivington St,5365,Pearl St & Hanover Square,4993,40.71739973,-73.98016555,40.7047177,-74.00926027,member
201179,331E5BD9ED627663,classic_bike,2021-07-10 06:44:06,2021-07-10 06:57:21,Columbia St & Rivington St,5365,Pearl St & Hanover Square,4993,40.71739973,-73.98016555,40.7047177,-74.00926027,member
201218,75CE2EE0940C5A57,classic_bike,2021-07-01 08:08:24,2021-07-01 08:25:01,Columbia St & Rivington St,5365,Broad St & Bridge St,4962,40.71739973,-73.98016555,40.70365182,-74.01167797,member
201220,4C5510B62DE76E49,electric_bike,2021-07-22 06:50:17,2021-07-22 07:02:49,Columbia St & Rivington St,5365,Pearl St & Hanover Square,4993,40.71739973,-73.98016555,40.7047177,-74.00926027,member
201221,E7C8070976B049C2,classic_bike,2021-07-23 06:45:39,2021-07-23 06:57:07,Columbia St & Rivington St,5365,Pearl St & Hanover Square,4993,40.71739973,-73.98016555,40.7047177,-74.00926027,member
201228,6ED19111AB720DCB,classic_bike,2021-07-13 08:58:15,2021-07-13 09:18:58,Columbia St & Rivington St,5365,1 Ave & E 39 St,6303,40.71739973,-73.98016555,40.74714,-73.97113,member
201230,C4B7322431135310,electric_bike,2021-07-20 06:45:34,2021-07-20 06:55:17,Columbia St & Rivington St,5365,Pearl St & Hanover Square,4993,40.71739973,-73.98016555,40.7047177,-74.00926027,member
201231,FC0BDF05404D3DC4,electric_bike,2021-07-12 06:46:39,2021-07-12 06:56:32,Columbia St & Rivington St,5365,Pearl St & Hanover Square,4993,40.71739973,-73.98016555,40.7047177,-74.00926027,member
201295,4AF07D949E968FCF,electric_bike,2021-07-02 13:04:03,2021-07-02 13:18:35,Columbia St & Rivington St,5365,Broad St & Bridge St,4962,40.71739973,-73.98016555,40.70365182,-74.01167797,member
201646,E58348FA305D800D,classic_bike,2021-07-06 08:47:01,2021-07-06 09:04:59,Columbia St & Rivington St,5365,Pearl St & Hanover Square,4993,40.71739973,-73.98016555,40.7047177,-74.00926027,member
204971,483770B2EF636E42,electric_bike,2021-07-06 07:53:00,2021-07-06 08:15:15,Columbia St & Rivington St,5365,E 41 St & Madison Ave,6474,40.71739973,-73.98016555,40.752165280621966,-73.97992193698882,member
205836,780044F291F95EE5,classic_bike,2021-07-27 12:45:46,2021-07-27 12:52:27,Columbia St & Rivington St,5365,E 7 St & Avenue A,5626,40.71739973,-73.98016555,40.72621788,-73.98379855,member
205837,9AF7E6CCBBA87626,classic_bike,2021-07-10 19:54:49,2021-07-10 20:42:10,Columbia St & Rivington St,5365,E 7 St & Avenue A,5626,40.71739973,-73.98016555,40.72621788,-73.98379855,member
205862,7403B55B1FB7A8F1,electric_bike,2021-07-23 18:52:23,2021-07-23 19:00:10,Columbia St & Rivington St,5365,E 7 St & Avenue A,5626,40.71739973,-73.98016555,40.72621788,-73.98379855,casual
205868,2F8499B1F09F5A9A,electric_bike,2021-07-06 15:58:22,2021-07-06 16:23:18,Columbia St & Rivington St,5365,8 Ave & W 31 St,6450,40.71739973,-73.98016555,40.7505853470215,-73.9946848154068,casual
205877,1229748822E32F93,electric_bike,2021-07-26 15:32:55,2021-07-26 15:38:34,Columbia St & Rivington St,5365,E 7 St & Avenue A,5626,40.71739973,-73.98016555,40.72621788,-73.98379855,casual
205884,27ACDC471885FE58,electric_bike,2021-07-07 13:06:17,2021-07-07 13:20:57,Columbia St & Rivington St,5365,E 7 St & Avenue A,5626,40.71739973,-73.98016555,40.72621788,-73.98379855,member
208414,0A6DAE0FB6DB4892,classic_bike,2021-07-13 07:06:55,2021-07-13 07:13:31,Columbia St & Rivington St,5365,E 7 St & Avenue A,5626,40.71739973,-73.98016555,40.72621788,-73.98379855,member
208437,A69FA63C9C12F5B1,classic_bike,2021-07-18 14:35:11,2021-07-18 14:44:56,Columbia St & Rivington St,5365,E 7 St & Avenue A,5626,40.71739973,-73.98016555,40.72621788,-73.98379855,casual
208442,156EF4B486BB4ADD,classic_bike,2021-07-12 08:23:56,2021-07-12 08:34:07,Columbia St & Rivington St,5365,E 7 St & Avenue A,5626,40.71739973,-73.98016555,40.72621788,-73.98379855,member
208449,0BE45164D192EAD3,electric_bike,2021-07-01 11:51:47,2021-07-01 11:59:05,Columbia St & Rivington St,5365,E 7 St & Avenue A,5626,40.71739973,-73.98016555,40.72621788,-73.98379855,member
208499,39D3B0F307F64693,classic_bike,2021-07-05 18:19:20,2021-07-05 18:42:30,Columbia St & Rivington St,5365,8 Ave & W 31 St,6450,40.71739973,-73.98016555,40.7505853470215,-73.9946848154068,member
208511,9040585BA9E9B229,classic_bike,2021-07-25 17:06:04,2021-07-25 17:26:34,Columbia St & Rivington St,5365,W 17 St & 8 Ave,6148,40.71739973,-73.98016555,40.74177603,-74.00149746,member
208827,873B666DFC71B9D7,classic_bike,2021-07-29 08:08:36,2021-07-29 08:13:03,Columbia St & Rivington St,5365,E 6 St & Avenue D,5506,40.71739973,-73.98016555,40.72228087,-73.97668709,member
208828,E66B28308DAC9F01,classic_bike,2021-07-17 14:15:24,2021-07-17 14:18:32,Columbia St & Rivington St,5365,E 6 St & Avenue D,5506,40.71739973,-73.98016555,40.72228087,-73.97668709,member
208833,545264FC7B05B3D2,electric_bike,2021-07-06 11:53:18,2021-07-06 11:58:33,Columbia St & Rivington St,5365,E 10 St & Avenue A,5659,40.71739973,-73.98016555,40.72740794,-73.98142006,member
208834,4C7507232C727EA2,classic_bike,2021-07-07 16:05:29,2021-07-07 16:12:07,Columbia St & Rivington St,5365,E 10 St & Avenue A,5659,40.71739973,-73.98016555,40.72740794,-73.98142006,member
208835,7F2B73AB4E14846B,classic_bike,2021-07-26 10:16:34,2021-07-26 10:24:00,Columbia St & Rivington St,5365,E 10 St & Avenue A,5659,40.71739973,-73.98016555,40.72740794,-73.98142006,member
208837,E1CF02DD85816B97,classic_bike,2021-07-18 16:03:44,2021-07-18 16:07:23,Columbia St & Rivington St,5365,E 6 St & Avenue D,5506,40.71739973,-73.98016555,40.72228087,-73.97668709,member
208840,624C383D5EBE0DF9,classic_bike,2021-07-24 22:24:25,2021-07-24 22:28:56,Columbia St & Rivington St,5365,E 6 St & Avenue D,5506,40.71739973,-73.98016555,40.72228087,-73.97668709,member
208842,A7FECFA7508C42A5,electric_bike,2021-07-31 20:25:08,2021-07-31 20:30:53,Columbia St & Rivington St,5365,E 2 St & Avenue A,5553,40.71739973,-73.98016555,40.72307749068673,-73.98583620786667,member
208843,85D69AD66B89F60C,classic_bike,2021-07-16 19:30:57,2021-07-16 19:38:19,Columbia St & Rivington St,5365,E 14 St & Avenue B,5736,40.71739973,-73.98016555,40.72938685,-73.97772429,member
208844,4A03D6A228A9DDAE,classic_bike,2021-07-04 16:00:10,2021-07-04 16:16:30,Columbia St & Rivington St,5365,Broadway & Roebling St,5125,40.71739973,-73.98016555,40.70924826276157,-73.96063148975372,member
208855,97C8F5322C75A3E9,classic_bike,2021-07-22 15:57:26,2021-07-22 16:04:38,Columbia St & Rivington St,5365,E 2 St & Avenue A,5553,40.71739973,-73.98016555,40.72307749068673,-73.98583620786667,casual
208862,BE0F64B62A74EDA6,classic_bike,2021-07-19 18:38:22,2021-07-19 19:24:08,Columbia St & Rivington St,5365,E 6 St & Avenue D,5506,40.71739973,-73.98016555,40.72228087,-73.97668709,member
208866,BFFFAFBA73838027,classic_bike,2021-07-15 15:50:12,2021-07-15 15:56:11,Columbia St & Rivington St,5365,E 2 St & Avenue A,5553,40.71739973,-73.98016555,40.72307749068673,-73.98583620786667,member
208867,4A32CB005FF9F2C6,classic_bike,2021-07-17 11:12:35,2021-07-17 11:16:03,Columbia St & Rivington St,5365,E 6 St & Avenue D,5506,40.71739973,-73.98016555,40.72228087,-73.97668709,member
208868,1141D124D1B537EC,classic_bike,2021-07-17 17:39:03,2021-07-17 17:42:52,Columbia St & Rivington St,5365,E 6 St & Avenue D,5506,40.71739973,-73.98016555,40.72228087,-73.97668709,member
208871,BE354DEECA84EB7C,classic_bike,2021-07-07 15:54:07,2021-07-07 16:19:12,Columbia St & Rivington St,5365,E 2 St & Avenue A,5553,40.71739973,-73.98016555,40.72307749068673,-73.98583620786667,member
208873,5E1519433114104B,classic_bike,2021-07-10 12:23:00,2021-07-10 12:30:12,Columbia St & Rivington St,5365,E 14 St & Avenue B,5736,40.71739973,-73.98016555,40.72938685,-73.97772429,member
210357,7313D4D1716F9E5E,classic_bike,2021-07-29 20:52:15,2021-07-29 20:55:19,Columbia St & Rivington St,5365,E 6 St & Avenue D,5506,40.71739973,-73.98016555,40.72228087,-73.97668709,member
210358,841A161D9B9FFF8E,electric_bike,2021-07-11 04:41:16,2021-07-11 04:48:15,Columbia St & Rivington St,5365,E 6 St & Avenue D,5506,40.71739973,-73.98016555,40.72228087,-73.97668709,member
210367,DD1D2A27400B5901,classic_bike,2021-07-18 19:47:07,2021-07-18 19:56:08,Columbia St & Rivington St,5365,E 14 St & Avenue B,5736,40.71739973,-73.98016555,40.72938685,-73.97772429,member
210377,17DC7A246A8BCF6B,classic_bike,2021-07-21 19:18:27,2021-07-21 19:22:01,Columbia St & Rivington St,5365,E 6 St & Avenue D,5506,40.71739973,-73.98016555,40.72228087,-73.97668709,member
210384,E7CCE195D2DBD9D2,electric_bike,2021-07-21 19:02:56,2021-07-21 19:11:50,Columbia St & Rivington St,5365,E 2 St & Avenue A,5553,40.71739973,-73.98016555,40.72307749068673,-73.98583620786667,member
210385,6A600A8E1FF31B83,classic_bike,2021-07-08 13:39:40,2021-07-08 13:44:34,Columbia St & Rivington St,5365,E 6 St & Avenue B,5584,40.71739973,-73.98016555,40.72453734,-73.98185424,member
210388,9CCB3DA909AC812A,classic_bike,2021-07-19 09:51:40,2021-07-19 09:54:50,Columbia St & Rivington St,5365,E 6 St & Avenue D,5506,40.71739973,-73.98016555,40.72228087,-73.97668709,member
210389,3882B7B38390C69B,classic_bike,2021-07-29 09:55:52,2021-07-29 10:02:07,Columbia St & Rivington St,5365,E 6 St & Avenue B,5584,40.71739973,-73.98016555,40.72453734,-73.98185424,member
210390,64C057EA653D3100,classic_bike,2021-07-16 10:13:17,2021-07-16 10:18:56,Columbia St & Rivington St,5365,E 6 St & Avenue B,5584,40.71739973,-73.98016555,40.72453734,-73.98185424,member
210391,83E54B351854814D,electric_bike,2021-07-10 09:32:41,2021-07-10 09:35:06,Columbia St & Rivington St,5365,E 6 St & Avenue D,5506,40.71739973,-73.98016555,40.72228087,-73.97668709,member
210392,9930EED256F96FBE,classic_bike,2021-07-30 10:21:45,2021-07-30 10:27:35,Columbia St & Rivington St,5365,E 6 St & Avenue B,5584,40.71739973,-73.98016555,40.72453734,-73.98185424,member
210393,323045A7E82E8169,classic_bike,2021-07-06 09:29:07,2021-07-06 09:32:37,Columbia St & Rivington St,5365,E 6 St & Avenue D,5506,40.71739973,-73.98016555,40.72228087,-73.97668709,member
210394,42096D871D54382E,electric_bike,2021-07-10 13:07:43,2021-07-10 13:11:38,Columbia St & Rivington St,5365,E 6 St & Avenue B,5584,40.71739973,-73.98016555,40.72453734,-73.98185424,member
210395,40272589DBAC984B,classic_bike,2021-07-12 10:03:03,2021-07-12 10:11:26,Columbia St & Rivington St,5365,E 6 St & Avenue B,5584,40.71739973,-73.98016555,40.72453734,-73.98185424,member
210401,1190EB1DCCEFB65C,classic_bike,2021-07-12 19:15:09,2021-07-12 19:19:35,Columbia St & Rivington St,5365,E 6 St & Avenue D,5506,40.71739973,-73.98016555,40.72228087,-73.97668709,member
210406,DACB3AFB8B03A644,classic_bike,2021-07-17 10:26:55,2021-07-17 10:38:36,Columbia St & Rivington St,5365,E 10 St & Avenue A,5659,40.71739973,-73.98016555,40.72740794,-73.98142006,member
210409,33E79FEFDBF2BBCD,electric_bike,2021-07-06 12:05:44,2021-07-06 12:07:55,Columbia St & Rivington St,5365,E 6 St & Avenue D,5506,40.71739973,-73.98016555,40.72228087,-73.97668709,member
210415,D813B314F7470957,classic_bike,2021-07-19 10:36:45,2021-07-19 10:43:46,Columbia St & Rivington St,5365,E 6 St & Avenue B,5584,40.71739973,-73.98016555,40.72453734,-73.98185424,member
210417,5169258AE33F5A8E,classic_bike,2021-07-29 09:13:35,2021-07-29 09:17:35,Columbia St & Rivington St,5365,E 6 St & Avenue D,5506,40.71739973,-73.98016555,40.72228087,-73.97668709,member
210418,F3FB46E8EDAF9F52,electric_bike,2021-07-06 18:25:29,2021-07-06 18:31:56,Columbia St & Rivington St,5365,E 14 St & Avenue B,5736,40.71739973,-73.98016555,40.72938685,-73.97772429,member
210419,55B1F665EB473BD7,electric_bike,2021-07-12 15:07:17,2021-07-12 15:09:49,Columbia St & Rivington St,5365,E 6 St & Avenue D,5506,40.71739973,-73.98016555,40.72228087,-73.97668709,member
210623,E274979A4EF21625,classic_bike,2021-07-21 17:45:46,2021-07-21 17:50:20,Columbia St & Rivington St,5365,E 6 St & Avenue D,5506,40.71739973,-73.98016555,40.72228087,-73.97668709,member
210628,65B00EE989E94FCE,classic_bike,2021-07-09 13:36:04,2021-07-09 13:40:07,Columbia St & Rivington St,5365,E 6 St & Avenue D,5506,40.71739973,-73.98016555,40.72228087,-73.97668709,member
212873,74B3BCFFDF8B465B,classic_bike,2021-07-14 07:30:31,2021-07-14 07:37:19,Columbia St & Rivington St,5365,E 10 St & Avenue A,5659,40.71739973,-73.98016555,40.72740794,-73.98142006,member
212886,FB8A3E05B74C76CF,classic_bike,2021-07-14 16:32:10,2021-07-14 16:36:30,Columbia St & Rivington St,5365,E 6 St & Avenue D,5506,40.71739973,-73.98016555,40.72228087,-73.97668709,casual
212901,1E2C61CE0F5BEAAF,classic_bike,2021-07-05 20:09:35,2021-07-05 20:13:58,Columbia St & Rivington St,5365,E 6 St & Avenue D,5506,40.71739973,-73.98016555,40.72228087,-73.97668709,member
214941,13939BB0168BE230,classic_bike,2021-07-12 13:57:50,2021-07-12 14:03:16,Columbia St & Rivington St,5365,E 6 St & Avenue B,5584,40.71739973,-73.98016555,40.72453734,-73.98185424,member
214942,53C0DA8304C87AE4,classic_bike,2021-07-07 09:56:27,2021-07-07 10:02:07,Columbia St & Rivington St,5365,E 6 St & Avenue B,5584,40.71739973,-73.98016555,40.72453734,-73.98185424,member
214944,A066CF8881764A78,classic_bike,2021-07-09 10:22:51,2021-07-09 10:29:49,Columbia St & Rivington St,5365,E 6 St & Avenue B,5584,40.71739973,-73.98016555,40.72453734,-73.98185424,member
214946,9901B1311E5827DD,classic_bike,2021-07-30 22:56:23,2021-07-30 23:01:12,Columbia St & Rivington St,5365,E 6 St & Avenue D,5506,40.71739973,-73.98016555,40.72228087,-73.97668709,member
214949,2B66A47BA111279C,classic_bike,2021-07-20 10:16:49,2021-07-20 10:27:24,Columbia St & Rivington St,5365,E 14 St & Avenue B,5736,40.71739973,-73.98016555,40.72938685,-73.97772429,member
214950,29E5CC5A2366040D,classic_bike,2021-07-15 17:15:11,2021-07-15 17:20:58,Columbia St & Rivington St,5365,E 6 St & Avenue D,5506,40.71739973,-73.98016555,40.72228087,-73.97668709,member
214953,4BF03F67F8FD3EDB,classic_bike,2021-07-07 11:46:54,2021-07-07 11:56:03,Columbia St & Rivington St,5365,E 6 St & Avenue D,5506,40.71739973,-73.98016555,40.72228087,-73.97668709,member
215131,72E377CD4A10CBF5,classic_bike,2021-07-24 10:23:34,2021-07-24 10:30:26,Columbia St & Rivington St,5365,E 10 St & Avenue A,5659,40.71739973,-73.98016555,40.72740794,-73.98142006,member
215148,16B2AC437BCFEEB9,classic_bike,2021-07-30 00:20:57,2021-07-30 00:24:15,Columbia St & Rivington St,5365,E 6 St & Avenue D,5506,40.71739973,-73.98016555,40.72228087,-73.97668709,member
215149,AAFE8B8946B70907,classic_bike,2021-07-30 19:01:45,2021-07-30 19:05:40,Columbia St & Rivington St,5365,E 6 St & Avenue D,5506,40.71739973,-73.98016555,40.72228087,-73.97668709,member
216516,2E7AF515FABFB938,electric_bike,2021-07-03 20:02:50,2021-07-03 20:14:09,Columbia St & Rivington St,5365,Grand St & Havemeyer St,5267,40.71739973,-73.98016555,40.71286844,-73.95698119,casual
217111,0BABA9076A2FB24C,classic_bike,2021-07-26 10:39:11,2021-07-26 10:56:15,Columbia St & Rivington St,5365,Broadway & Battery Pl,4962,40.71739973,-73.98016555,40.70463334,-74.01361706,casual
217119,72ECF34412CEA16F,classic_bike,2021-07-12 17:37:23,2021-07-12 17:54:40,Columbia St & Rivington St,5365,Johnson St & Gold St,4668,40.71739973,-73.98016555,40.69474881,-73.98362464,member
217689,429B7050A0083E1B,classic_bike,2021-07-05 00:00:07,2021-07-05 00:17:51,Columbia St & Rivington St,5365,2 Ave & E 31 St,6197,40.71739973,-73.98016555,40.74290902,-73.97706058,member
219840,C8C8A3BF097F34A8,electric_bike,2021-07-13 20:30:12,2021-07-13 20:40:40,Columbia St & Rivington St,5365,Ave D & E 8 St,5506,40.71739973,-73.98016555,40.72368361,-73.97574813,member
219851,848762063D374E19,electric_bike,2021-07-24 22:57:15,2021-07-25 00:19:58,Columbia St & Rivington St,5365,Ave D & E 8 St,5506,40.71739973,-73.98016555,40.72368361,-73.97574813,casual
221434,D27D60E678E26BBF,electric_bike,2021-07-23 22:30:10,2021-07-23 22:36:33,Columbia St & Rivington St,5365,Ave D & E 8 St,5506,40.71739973,-73.98016555,40.72368361,-73.97574813,member
221435,7C17E6A864D4CD59,electric_bike,2021-07-09 21:49:58,2021-07-09 22:03:59,Columbia St & Rivington St,5365,Ave D & E 8 St,5506,40.71739973,-73.98016555,40.72368361,-73.97574813,member
221478,30D490101179D8D2,electric_bike,2021-07-21 06:16:44,2021-07-21 06:38:58,Columbia St & Rivington St,5365,W 51 St & 6 Ave,6740,40.71739973,-73.98016555,40.7606597,-73.98042047,member
221580,6B2D4C5901D5ED34,classic_bike,2021-07-09 14:52:30,2021-07-09 14:55:48,Columbia St & Rivington St,5365,Ave D & E 8 St,5506,40.71739973,-73.98016555,40.72368361,-73.97574813,member
222845,D75054637E015759,classic_bike,2021-07-19 16:34:13,2021-07-19 16:39:56,Columbia St & Rivington St,5365,Ave D & E 8 St,5506,40.71739973,-73.98016555,40.72368361,-73.97574813,member
224157,0248D3D2EA6B2B1B,classic_bike,2021-07-26 07:23:31,2021-07-26 07:33:45,Columbia St & Rivington St,5365,Forsyth St & Canal St,5270,40.71739973,-73.98016555,40.7158155,-73.99422366,member
224159,74AA8A32B722FD76,electric_bike,2021-07-04 23:35:47,2021-07-04 23:39:08,Columbia St & Rivington St,5365,Avenue D & E 10 St,5575,40.71739973,-73.98016555,40.72506551015475,-73.97515833377838,member
224165,DB22A3CE15343E63,electric_bike,2021-07-27 17:40:53,2021-07-27 17:45:50,Columbia St & Rivington St,5365,Avenue D & E 10 St,5575,40.71739973,-73.98016555,40.72506551015475,-73.97515833377838,casual
224172,1D106836F8D9F000,classic_bike,2021-07-20 09:02:51,2021-07-20 09:17:05,Columbia St & Rivington St,5365,South St & Gouverneur Ln,4953,40.71739973,-73.98016555,40.70355377,-74.00670227,member
224176,4D720E2025724425,classic_bike,2021-07-15 09:26:15,2021-07-15 09:36:02,Columbia St & Rivington St,5365,Avenue D & E 10 St,5575,40.71739973,-73.98016555,40.72506551015475,-73.97515833377838,member
224182,26F473B6EE421B4F,classic_bike,2021-07-13 19:56:35,2021-07-13 20:00:08,Columbia St & Rivington St,5365,Avenue D & E 10 St,5575,40.71739973,-73.98016555,40.72506551015475,-73.97515833377838,member
224183,F80537F138C6B0CA,classic_bike,2021-07-23 12:50:00,2021-07-23 12:57:52,Columbia St & Rivington St,5365,Forsyth St & Canal St,5270,40.71739973,-73.98016555,40.7158155,-73.99422366,member
224420,A63B87EC562D2966,classic_bike,2021-07-25 01:05:14,2021-07-25 02:06:08,Columbia St & Rivington St,5365,South St & Gouverneur Ln,4953,40.71739973,-73.98016555,40.70355377,-74.00670227,member
224421,E165910E6FEA2A3B,classic_bike,2021-07-19 10:16:27,2021-07-19 10:27:45,Columbia St & Rivington St,5365,Forsyth St & Canal St,5270,40.71739973,-73.98016555,40.7158155,-73.99422366,member
224423,A11193650570CBA2,electric_bike,2021-07-18 13:20:25,2021-07-18 13:36:32,Columbia St & Rivington St,5365,Avenue D & E 10 St,5575,40.71739973,-73.98016555,40.72506551015475,-73.97515833377838,member
226169,D65775F7B16F1C3E,classic_bike,2021-07-28 15:13:19,2021-07-28 15:18:42,Columbia St & Rivington St,5365,Avenue D & E 10 St,5575,40.71739973,-73.98016555,40.72506551015475,-73.97515833377838,member
226173,9AB7FD90CFE4C340,classic_bike,2021-07-11 10:20:41,2021-07-11 10:37:59,Columbia St & Rivington St,5365,Forsyth St & Canal St,5270,40.71739973,-73.98016555,40.7158155,-73.99422366,member
226177,8AE45EBE574E9A7E,classic_bike,2021-07-19 08:40:56,2021-07-19 08:47:04,Columbia St & Rivington St,5365,Avenue D & E 10 St,5575,40.71739973,-73.98016555,40.72506551015475,-73.97515833377838,member
226178,65E939595D1C56B6,classic_bike,2021-07-15 08:40:05,2021-07-15 08:46:04,Columbia St & Rivington St,5365,Avenue D & E 10 St,5575,40.71739973,-73.98016555,40.72506551015475,-73.97515833377838,member
226180,E55A67F588C1A369,classic_bike,2021-07-19 15:59:43,2021-07-19 16:06:20,Columbia St & Rivington St,5365,Avenue D & E 10 St,5575,40.71739973,-73.98016555,40.72506551015475,-73.97515833377838,member
226181,41AB138A4ACEA171,classic_bike,2021-07-05 15:34:52,2021-07-05 15:41:18,Columbia St & Rivington St,5365,Avenue D & E 10 St,5575,40.71739973,-73.98016555,40.72506551015475,-73.97515833377838,member
226193,CE812E23B0F91E84,classic_bike,2021-07-25 11:11:29,2021-07-25 11:17:30,Columbia St & Rivington St,5365,Forsyth St & Canal St,5270,40.71739973,-73.98016555,40.7158155,-73.99422366,member
226196,C1074E836E3E89D0,classic_bike,2021-07-26 12:12:18,2021-07-26 12:24:00,Columbia St & Rivington St,5365,Forsyth St & Canal St,5270,40.71739973,-73.98016555,40.7158155,-73.99422366,member
226213,BCF71C9F2FBC002B,classic_bike,2021-07-19 18:38:29,2021-07-19 18:42:31,Columbia St & Rivington St,5365,Avenue D & E 10 St,5575,40.71739973,-73.98016555,40.72506551015475,-73.97515833377838,member
226215,64288B7D496135B0,electric_bike,2021-07-04 13:11:35,2021-07-04 13:48:04,Columbia St & Rivington St,5365,Avenue D & E 10 St,5575,40.71739973,-73.98016555,40.72506551015475,-73.97515833377838,member
226968,A62C3D7B0DDECBCA,classic_bike,2021-07-14 23:19:34,2021-07-14 23:28:45,Columbia St & Rivington St,5365,E 12 St & Ave C,5616,40.71739973,-73.98016555,40.727243,-73.976831,casual
228211,8A4138BF1CAC0BE5,classic_bike,2021-07-07 19:45:42,2021-07-07 20:09:28,Columbia St & Rivington St,5365,Lexington Ave & E 36 St,6313,40.71739973,-73.98016555,40.7475739589548,-73.9788007736206,member
228256,231EBF70DEB6EC2B,electric_bike,2021-07-02 15:30:00,2021-07-02 15:57:06,Columbia St & Rivington St,5365,Willoughby Ave & Hall St,4611,40.71739973,-73.98016555,40.69196035,-73.96536851,member
230442,F47A7B3D34F560E4,classic_bike,2021-07-06 12:45:30,2021-07-06 12:51:28,Columbia St & Rivington St,5365,Allen St & Rivington St,5414,40.71739973,-73.98016555,40.72019576,-73.98997825,member
230477,F6B72241C8D572D4,classic_bike,2021-07-28 17:25:34,2021-07-28 17:30:54,Columbia St & Rivington St,5365,Allen St & Rivington St,5414,40.71739973,-73.98016555,40.72019576,-73.98997825,member
230484,799275E8B382ED1A,classic_bike,2021-07-25 23:56:33,2021-07-26 00:07:56,Columbia St & Rivington St,5365,Allen St & Rivington St,5414,40.71739973,-73.98016555,40.72019576,-73.98997825,casual
230490,551052851D18D263,classic_bike,2021-07-14 23:14:05,2021-07-14 23:23:10,Columbia St & Rivington St,5365,Allen St & Rivington St,5414,40.71739973,-73.98016555,40.72019576,-73.98997825,member
230498,A0912E624B82136D,electric_bike,2021-07-13 19:03:32,2021-07-13 19:12:56,Columbia St & Rivington St,5365,Allen St & Rivington St,5414,40.71739973,-73.98016555,40.72019576,-73.98997825,member
230505,22D1030C62AE4967,classic_bike,2021-07-06 14:28:09,2021-07-06 14:44:39,Columbia St & Rivington St,5365,Broadway & Berry St,5164,40.71739973,-73.98016555,40.71044554,-73.96525063,member
230515,26032DE12BAC4D3F,electric_bike,2021-07-28 12:10:28,2021-07-28 12:23:29,Columbia St & Rivington St,5365,Allen St & Rivington St,5414,40.71739973,-73.98016555,40.72019576,-73.98997825,member
230593,0E04184A9FB9E60F,electric_bike,2021-07-08 21:30:57,2021-07-08 21:46:42,Columbia St & Rivington St,5365,Allen St & Rivington St,5414,40.71739973,-73.98016555,40.72019576,-73.98997825,casual
230619,FE728DE2443EC16C,classic_bike,2021-07-14 19:31:13,2021-07-14 20:00:33,Columbia St & Rivington St,5365,Allen St & Rivington St,5414,40.71739973,-73.98016555,40.72019576,-73.98997825,casual
230628,2936674EC448A4D3,classic_bike,2021-07-20 08:09:52,2021-07-20 08:20:34,Columbia St & Rivington St,5365,Allen St & Rivington St,5414,40.71739973,-73.98016555,40.72019576,-73.98997825,member
230629,664D1656EFB54349,classic_bike,2021-07-08 11:37:24,2021-07-08 11:42:04,Columbia St & Rivington St,5365,Allen St & Rivington St,5414,40.71739973,-73.98016555,40.72019576,-73.98997825,member
233490,E204A746F15FFE5B,electric_bike,2021-07-19 20:52:47,2021-07-19 21:01:59,Columbia St & Rivington St,5365,Allen St & Rivington St,5414,40.71739973,-73.98016555,40.72019576,-73.98997825,member
236126,8AA6904B080A6BEB,electric_bike,2021-07-08 21:30:50,2021-07-08 21:36:04,Columbia St & Rivington St,5365,Allen St & Rivington St,5414,40.71739973,-73.98016555,40.72019576,-73.98997825,casual
237633,30D5A739A31FAF7F,electric_bike,2021-07-31 19:01:13,2021-07-31 19:05:55,Columbia St & Rivington St,5365,E 11 St & Avenue B,5659,40.71739973,-73.98016555,40.72746420692392,-73.97950418293476,member
237645,EB5CC8AE9BF6EE5D,electric_bike,2021-07-15 16:57:42,2021-07-15 17:03:58,Columbia St & Rivington St,5365,E 11 St & Avenue B,5659,40.71739973,-73.98016555,40.72746420692392,-73.97950418293476,casual
238521,24E452B7B9F2CA20,electric_bike,2021-07-22 06:59:28,2021-07-22 07:08:20,Columbia St & Rivington St,5365,E 25 St & 1 Ave,6004,40.71739973,-73.98016555,40.7381765,-73.97738662,casual
240557,DAF9032A3616CBA5,classic_bike,2021-07-31 16:01:31,2021-07-31 16:12:19,Columbia St & Rivington St,5365,Mott St & Prince St,5561,40.71739973,-73.98016555,40.72317958,-73.99480012,member
247199,881AABADFF2DEC5B,classic_bike,2021-07-09 18:57:41,2021-07-09 19:04:22,Columbia St & Rivington St,5365,Clinton St & Grand St,5303,40.71739973,-73.98016555,40.71559509,-73.9870295,member
247201,F2172FD41C6C9240,classic_bike,2021-07-01 07:28:15,2021-07-01 07:35:12,Columbia St & Rivington St,5365,Clinton St & Grand St,5303,40.71739973,-73.98016555,40.71559509,-73.9870295,member
247205,94CB0DD0682DB87F,classic_bike,2021-07-27 10:37:54,2021-07-27 10:44:51,Columbia St & Rivington St,5365,Clinton St\t& Cherry St,5190,40.71739973,-73.98016555,40.711471394469264,-73.98672603070736,member
247234,D6AAD0418D60B082,classic_bike,2021-07-28 08:46:23,2021-07-28 09:00:45,Columbia St & Rivington St,5365,Clinton St\t& Cherry St,5190,40.71739973,-73.98016555,40.711471394469264,-73.98672603070736,member
247237,F108D9BEC5C7A8B4,classic_bike,2021-07-07 08:47:06,2021-07-07 08:56:31,Columbia St & Rivington St,5365,Clinton St\t& Cherry St,5190,40.71739973,-73.98016555,40.711471394469264,-73.98672603070736,member
248037,B9918582F0287E62,classic_bike,2021-07-20 13:29:24,2021-07-20 13:33:21,Columbia St & Rivington St,5365,Clinton St & Grand St,5303,40.71739973,-73.98016555,40.71559509,-73.9870295,member
248038,C7DE2CBC226C79BF,classic_bike,2021-07-07 11:27:53,2021-07-07 11:36:13,Columbia St & Rivington St,5365,Clinton St & Grand St,5303,40.71739973,-73.98016555,40.71559509,-73.9870295,member
250046,CEDACDAD770E73DA,classic_bike,2021-07-03 08:50:50,2021-07-03 08:58:23,Columbia St & Rivington St,5365,Clinton St\t& Cherry St,5190,40.71739973,-73.98016555,40.711471394469264,-73.98672603070736,member
250050,1A0EDFAD0A6AA181,classic_bike,2021-07-15 13:40:33,2021-07-15 13:44:26,Columbia St & Rivington St,5365,Clinton St & Grand St,5303,40.71739973,-73.98016555,40.71559509,-73.9870295,member
250058,122D937FB2B82EAF,classic_bike,2021-07-07 20:36:11,2021-07-07 20:40:06,Columbia St & Rivington St,5365,Clinton St & Grand St,5303,40.71739973,-73.98016555,40.71559509,-73.9870295,casual
250063,C28D76B580545EB4,classic_bike,2021-07-21 12:14:23,2021-07-21 12:21:01,Columbia St & Rivington St,5365,Clinton St\t& Cherry St,5190,40.71739973,-73.98016555,40.711471394469264,-73.98672603070736,member
250064,380EED162B3F40DE,classic_bike,2021-07-07 20:24:32,2021-07-07 20:29:23,Columbia St & Rivington St,5365,Clinton St & Grand St,5303,40.71739973,-73.98016555,40.71559509,-73.9870295,member
250069,FE5DFE1DECD4A932,classic_bike,2021-07-22 14:17:45,2021-07-22 14:32:08,Columbia St & Rivington St,5365,LaGuardia Pl & W 3 St,5721,40.71739973,-73.98016555,40.72917025,-73.99810231,member
250071,9A25185AAF4D5567,classic_bike,2021-07-02 12:16:31,2021-07-02 12:20:03,Columbia St & Rivington St,5365,Clinton St & Grand St,5303,40.71739973,-73.98016555,40.71559509,-73.9870295,member
250073,3FFDED7973A158E9,electric_bike,2021-07-25 19:44:15,2021-07-25 19:48:09,Columbia St & Rivington St,5365,Clinton St & Grand St,5303,40.71739973,-73.98016555,40.71559509,-73.9870295,member
250078,19E42720402D4790,electric_bike,2021-07-18 13:40:32,2021-07-18 13:45:01,Columbia St & Rivington St,5365,Clinton St & Grand St,5303,40.71739973,-73.98016555,40.71559509,-73.9870295,member
250083,FA8B3EF4AE1391AE,classic_bike,2021-07-27 11:59:01,2021-07-27 12:07:43,Columbia St & Rivington St,5365,Clinton St & Grand St,5303,40.71739973,-73.98016555,40.71559509,-73.9870295,member
250145,CB84D891BEF54B91,classic_bike,2021-07-03 11:37:31,2021-07-03 11:42:02,Columbia St & Rivington St,5365,Clinton St & Grand St,5303,40.71739973,-73.98016555,40.71559509,-73.9870295,member
250150,CB9F4588C7B50CD0,electric_bike,2021-07-19 14:38:29,2021-07-19 14:42:25,Columbia St & Rivington St,5365,Clinton St & Grand St,5303,40.71739973,-73.98016555,40.71559509,-73.9870295,member
250201,098CE9A0E3CCD34A,classic_bike,2021-07-21 13:54:13,2021-07-21 13:59:07,Columbia St & Rivington St,5365,Clinton St & Grand St,5303,40.71739973,-73.98016555,40.71559509,-73.9870295,member
250207,DA8115C5749E5D41,classic_bike,2021-07-15 08:32:24,2021-07-15 08:39:10,Columbia St & Rivington St,5365,Clinton St\t& Cherry St,5190,40.71739973,-73.98016555,40.711471394469264,-73.98672603070736,member
250214,CDDA28C428C14D4B,electric_bike,2021-07-29 19:31:26,2021-07-29 19:34:42,Columbia St & Rivington St,5365,Clinton St & Grand St,5303,40.71739973,-73.98016555,40.71559509,-73.9870295,member
254202,46EBBD662958E905,classic_bike,2021-07-26 08:17:24,2021-07-26 08:19:03,Columbia St & Rivington St,5365,Bialystoker Pl & Delancey St,5335,40.71739973,-73.98016555,40.71622644,-73.98261206,member
254214,BC9A1B095BB7B3AA,classic_bike,2021-07-15 06:46:21,2021-07-15 06:47:46,Columbia St & Rivington St,5365,Bialystoker Pl & Delancey St,5335,40.71739973,-73.98016555,40.71622644,-73.98261206,member
254215,7524C061E7366E23,classic_bike,2021-07-16 09:57:00,2021-07-16 09:58:56,Columbia St & Rivington St,5365,Bialystoker Pl & Delancey St,5335,40.71739973,-73.98016555,40.71622644,-73.98261206,member
254219,027482B4B10A413F,classic_bike,2021-07-16 09:06:24,2021-07-16 09:08:02,Columbia St & Rivington St,5365,Bialystoker Pl & Delancey St,5335,40.71739973,-73.98016555,40.71622644,-73.98261206,member
254220,92A3A2FB9CC7C87C,classic_bike,2021-07-28 08:52:51,2021-07-28 08:54:17,Columbia St & Rivington St,5365,Bialystoker Pl & Delancey St,5335,40.71739973,-73.98016555,40.71622644,-73.98261206,member
254225,43B640CB2DC9A345,classic_bike,2021-07-10 16:33:21,2021-07-10 16:34:50,Columbia St & Rivington St,5365,Bialystoker Pl & Delancey St,5335,40.71739973,-73.98016555,40.71622644,-73.98261206,member
254241,E6BE062F2E1137B5,classic_bike,2021-07-12 10:15:17,2021-07-12 10:33:10,Columbia St & Rivington St,5365,Leonard St & Church St,5359,40.71739973,-73.98016555,40.717571,-74.005549,casual
254615,66AF37DF7C3C7B2F,classic_bike,2021-07-18 17:20:33,2021-07-18 17:27:06,Columbia St & Rivington St,5365,Rivington St & Chrystie St,5453,40.71739973,-73.98016555,40.72110063,-73.9919254,member
254619,725E8DBF7685BFF2,electric_bike,2021-07-14 18:49:19,2021-07-14 19:06:25,Columbia St & Rivington St,5365,Rivington St & Chrystie St,5453,40.71739973,-73.98016555,40.72110063,-73.9919254,member
254623,354A6AAF433C3AF7,classic_bike,2021-07-04 13:05:53,2021-07-04 13:07:34,Columbia St & Rivington St,5365,Bialystoker Pl & Delancey St,5335,40.71739973,-73.98016555,40.71622644,-73.98261206,member
255562,240C5C9C28A1CABA,classic_bike,2021-07-29 08:39:02,2021-07-29 08:51:01,Columbia St & Rivington St,5365,E 20 St & FDR Drive,5886,40.71739973,-73.98016555,40.73314259,-73.97573881,member
255564,0C20C8A8EACEA0AD,classic_bike,2021-07-27 09:06:26,2021-07-27 09:16:52,Columbia St & Rivington St,5365,E 20 St & FDR Drive,5886,40.71739973,-73.98016555,40.73314259,-73.97573881,member
257725,29279B1651B20AD5,classic_bike,2021-07-20 13:13:34,2021-07-20 13:21:17,Columbia St & Rivington St,5365,Lafayette St & Jersey St,5561,40.71739973,-73.98016555,40.72456089,-73.99565293,member
257733,2BD2C6E81BDF7368,electric_bike,2021-07-01 16:04:35,2021-07-01 16:17:23,Columbia St & Rivington St,5365,Lafayette St & Jersey St,5561,40.71739973,-73.98016555,40.72456089,-73.99565293,member
261502,429576C8BDE6AEEE,electric_bike,2021-07-14 21:54:28,2021-07-14 22:12:21,Columbia St & Rivington St,5365,Nassau Ave & Newell St,5623,40.71739973,-73.98016555,40.724812564400175,-73.94752621650696,member
261506,1E1CC1D71AF16022,classic_bike,2021-07-26 16:43:16,2021-07-26 16:58:51,Columbia St & Rivington St,5365,Christopher St & Greenwich St,5847,40.71739973,-73.98016555,40.73291553,-74.00711384,member
261510,8C1202BDFD3FC6EA,classic_bike,2021-07-03 16:35:36,2021-07-03 16:49:39,Columbia St & Rivington St,5365,Duane St & Greenwich St,5400,40.71739973,-73.98016555,40.71748752,-74.0104554,member
261579,C7E9B965461287CD,classic_bike,2021-07-21 11:54:56,2021-07-21 12:04:57,Columbia St & Rivington St,5365,Mercer St & Bleecker St,5679,40.71739973,-73.98016555,40.72706363348306,-73.99662137031554,member
270472,3E78F29F2234A0FD,classic_bike,2021-07-23 12:16:10,2021-07-23 12:20:41,Columbia St & Rivington St,5365,Canal St & Rutgers St,5303,40.71739973,-73.98016555,40.71427487,-73.98990025,member
270475,BB7842994A7E7C73,classic_bike,2021-07-16 14:15:01,2021-07-16 14:22:26,Columbia St & Rivington St,5365,Canal St & Rutgers St,5303,40.71739973,-73.98016555,40.71427487,-73.98990025,member
270477,07585657B0E521FC,classic_bike,2021-07-13 10:01:10,2021-07-13 10:11:28,Columbia St & Rivington St,5365,Canal St & Rutgers St,5303,40.71739973,-73.98016555,40.71427487,-73.98990025,member
270478,91382349B6B0EFBA,classic_bike,2021-07-23 08:05:23,2021-07-23 08:10:43,Columbia St & Rivington St,5365,Canal St & Rutgers St,5303,40.71739973,-73.98016555,40.71427487,-73.98990025,member
270479,2DF9EAD484C8A0C9,classic_bike,2021-07-07 08:16:21,2021-07-07 08:21:59,Columbia St & Rivington St,5365,Canal St & Rutgers St,5303,40.71739973,-73.98016555,40.71427487,-73.98990025,member
270480,A92D177A76762111,classic_bike,2021-07-27 15:24:49,2021-07-27 15:54:57,Columbia St & Rivington St,5365,Canal St & Rutgers St,5303,40.71739973,-73.98016555,40.71427487,-73.98990025,member
270481,CE38D3A9A20F9B7D,classic_bike,2021-07-27 08:18:55,2021-07-27 08:25:54,Columbia St & Rivington St,5365,Canal St & Rutgers St,5303,40.71739973,-73.98016555,40.71427487,-73.98990025,member
270482,5C995AC43524B455,classic_bike,2021-07-18 08:32:53,2021-07-18 08:38:19,Columbia St & Rivington St,5365,Canal St & Rutgers St,5303,40.71739973,-73.98016555,40.71427487,-73.98990025,member
270483,27AD1416797A88BD,classic_bike,2021-07-14 08:15:22,2021-07-14 08:27:10,Columbia St & Rivington St,5365,Canal St & Rutgers St,5303,40.71739973,-73.98016555,40.71427487,-73.98990025,member
270484,27E4C44884F78DF7,classic_bike,2021-07-08 08:22:43,2021-07-08 08:28:35,Columbia St & Rivington St,5365,Canal St & Rutgers St,5303,40.71739973,-73.98016555,40.71427487,-73.98990025,member
270485,22E45C62FCFD5BB1,classic_bike,2021-07-30 13:11:48,2021-07-30 13:17:14,Columbia St & Rivington St,5365,Canal St & Rutgers St,5303,40.71739973,-73.98016555,40.71427487,-73.98990025,member
270487,64F2BAF9F15466D5,classic_bike,2021-07-19 10:17:48,2021-07-19 10:26:01,Columbia St & Rivington St,5365,Canal St & Rutgers St,5303,40.71739973,-73.98016555,40.71427487,-73.98990025,member
270492,BCB75848ADEAECBC,classic_bike,2021-07-16 08:10:23,2021-07-16 08:36:51,Columbia St & Rivington St,5365,E 58 St & 3 Ave,6762,40.71739973,-73.98016555,40.76095756,-73.96724467,member
270506,A8E2A54CA17D3BF2,classic_bike,2021-07-04 19:43:38,2021-07-04 19:56:31,Columbia St & Rivington St,5365,Canal St & Rutgers St,5303,40.71739973,-73.98016555,40.71427487,-73.98990025,casual
273524,0EFBE650E70C69C6,classic_bike,2021-07-16 12:18:39,2021-07-16 12:23:37,Columbia St & Rivington St,5365,Canal St & Rutgers St,5303,40.71739973,-73.98016555,40.71427487,-73.98990025,member
273535,15B3CD7E3CD0E10B,classic_bike,2021-07-31 11:57:19,2021-07-31 12:02:34,Columbia St & Rivington St,5365,Canal St & Rutgers St,5303,40.71739973,-73.98016555,40.71427487,-73.98990025,member
273536,5FA498EEEB11DB13,classic_bike,2021-07-11 08:21:34,2021-07-11 08:27:49,Columbia St & Rivington St,5365,Canal St & Rutgers St,5303,40.71739973,-73.98016555,40.71427487,-73.98990025,member
273613,1188DE44FBAB9502,electric_bike,2021-07-28 17:26:17,2021-07-28 17:45:32,Columbia St & Rivington St,5365,Atlantic Ave & Furman St,4614,40.71739973,-73.98016555,40.69165183,-73.9999786,member
273621,FB4D6CE543F59CA6,classic_bike,2021-07-14 15:42:42,2021-07-14 15:48:47,Columbia St & Rivington St,5365,Canal St & Rutgers St,5303,40.71739973,-73.98016555,40.71427487,-73.98990025,member
273638,28C500DA811893F4,classic_bike,2021-07-31 12:08:38,2021-07-31 12:13:56,Columbia St & Rivington St,5365,Canal St & Rutgers St,5303,40.71739973,-73.98016555,40.71427487,-73.98990025,member
273666,CCB04DDCC9CE8670,classic_bike,2021-07-21 12:35:15,2021-07-21 12:46:48,Columbia St & Rivington St,5365,Canal St & Rutgers St,5303,40.71739973,-73.98016555,40.71427487,-73.98990025,member
273668,18BF2D5A86D6D2DF,classic_bike,2021-07-29 12:17:37,2021-07-29 12:21:53,Columbia St & Rivington St,5365,Canal St & Rutgers St,5303,40.71739973,-73.98016555,40.71427487,-73.98990025,member
273688,99B17D5998F0D404,classic_bike,2021-07-12 14:49:51,2021-07-12 14:54:53,Columbia St & Rivington St,5365,Canal St & Rutgers St,5303,40.71739973,-73.98016555,40.71427487,-73.98990025,member
273689,AD1DC4424C6D9241,classic_bike,2021-07-05 19:06:50,2021-07-05 19:20:45,Columbia St & Rivington St,5365,W 15 St & 6 Ave,5989,40.71739973,-73.98016555,40.738046142482766,-73.99642959237099,member
273717,90AC9213566636AC,docked_bike,2021-07-23 23:16:00,2021-07-23 23:26:06,Columbia St & Rivington St,5365,Canal St & Rutgers St,5303,40.7174,-73.980166,40.714275,-73.9899,casual
273719,30FBA13554734C0C,classic_bike,2021-07-03 22:31:07,2021-07-03 22:36:57,Columbia St & Rivington St,5365,Canal St & Rutgers St,5303,40.71739973,-73.98016555,40.71427487,-73.98990025,member
273725,73290D67B3196235,classic_bike,2021-07-01 08:24:42,2021-07-01 08:32:53,Columbia St & Rivington St,5365,Canal St & Rutgers St,5303,40.71739973,-73.98016555,40.71427487,-73.98990025,member
273731,DFCFED9D0461D7B8,classic_bike,2021-07-04 22:07:56,2021-07-04 22:13:47,Columbia St & Rivington St,5365,Canal St & Rutgers St,5303,40.71739973,-73.98016555,40.71427487,-73.98990025,member
273748,18FB317060393832,electric_bike,2021-07-06 15:22:58,2021-07-06 15:29:18,Columbia St & Rivington St,5365,Canal St & Rutgers St,5303,40.71739973,-73.98016555,40.71427487,-73.98990025,casual
273755,E7F4CC951E79AC42,classic_bike,2021-07-16 16:12:38,2021-07-16 16:17:47,Columbia St & Rivington St,5365,Canal St & Rutgers St,5303,40.71739973,-73.98016555,40.71427487,-73.98990025,member
273771,DEA9B5581D46D338,classic_bike,2021-07-31 09:24:30,2021-07-31 09:29:53,Columbia St & Rivington St,5365,Canal St & Rutgers St,5303,40.71739973,-73.98016555,40.71427487,-73.98990025,member
277336,AC34795C4C3F283E,classic_bike,2021-07-28 12:39:43,2021-07-28 12:51:37,Columbia St & Rivington St,5365,Division St & Bowery,5270,40.71739973,-73.98016555,40.714193,-73.996732,member
277337,75256322CC9D459F,classic_bike,2021-07-27 10:05:11,2021-07-27 10:17:02,Columbia St & Rivington St,5365,Division St & Bowery,5270,40.71739973,-73.98016555,40.714193,-73.996732,member
277343,FDCAEA85EB76E0DA,electric_bike,2021-07-26 15:53:38,2021-07-26 16:09:39,Columbia St & Rivington St,5365,Bedford Ave & Nassau Ave,5550,40.71739973,-73.98016555,40.72311651,-73.95212324,member
278037,75179567B3FFCE65,classic_bike,2021-07-29 16:37:25,2021-07-29 17:03:41,Columbia St & Rivington St,5365,11 Ave & W 41 St,6726,40.71739973,-73.98016555,40.76030096,-73.99884222,member
278040,22B70D536A30E375,classic_bike,2021-07-03 10:37:08,2021-07-03 10:44:31,Columbia St & Rivington St,5365,Division St & Bowery,5270,40.71739973,-73.98016555,40.714193,-73.996732,member
278043,A70B88DC735FEF09,electric_bike,2021-07-02 15:53:00,2021-07-02 16:10:57,Columbia St & Rivington St,5365,Division St & Bowery,5270,40.71739973,-73.98016555,40.714193,-73.996732,member
278044,59C7DAE0F8C4FC63,classic_bike,2021-07-23 15:28:14,2021-07-23 15:36:56,Columbia St & Rivington St,5365,Division St & Bowery,5270,40.71739973,-73.98016555,40.714193,-73.996732,member
278045,DAD570B7B5CF86D8,classic_bike,2021-07-28 08:59:55,2021-07-28 09:11:06,Columbia St & Rivington St,5365,Division St & Bowery,5270,40.71739973,-73.98016555,40.714193,-73.996732,member
278047,2F91D882B0036EAD,electric_bike,2021-07-02 15:54:16,2021-07-02 16:11:02,Columbia St & Rivington St,5365,Division St & Bowery,5270,40.71739973,-73.98016555,40.714193,-73.996732,member
278048,9CA364990CF0ED81,classic_bike,2021-07-22 07:37:59,2021-07-22 07:46:06,Columbia St & Rivington St,5365,Division St & Bowery,5270,40.71739973,-73.98016555,40.714193,-73.996732,member
278049,82B7D32034E3C955,classic_bike,2021-07-12 07:38:09,2021-07-12 07:47:35,Columbia St & Rivington St,5365,Division St & Bowery,5270,40.71739973,-73.98016555,40.714193,-73.996732,member
278057,8A5244BC529A1A15,classic_bike,2021-07-19 12:47:03,2021-07-19 12:56:38,Columbia St & Rivington St,5365,Division St & Bowery,5270,40.71739973,-73.98016555,40.714193,-73.996732,member
278062,00537E567AE218FA,classic_bike,2021-07-21 07:48:28,2021-07-21 07:56:06,Columbia St & Rivington St,5365,Division St & Bowery,5270,40.71739973,-73.98016555,40.714193,-73.996732,member
278064,C9AF8196C2C7DBF9,electric_bike,2021-07-30 15:53:54,2021-07-30 16:00:11,Columbia St & Rivington St,5365,Division St & Bowery,5270,40.71739973,-73.98016555,40.714193,-73.996732,member
278065,4F81DEC12BAB60A2,classic_bike,2021-07-19 12:03:46,2021-07-19 12:32:23,Columbia St & Rivington St,5365,Division St & Bowery,5270,40.71739973,-73.98016555,40.714193,-73.996732,member
278067,A5239A39D355431D,classic_bike,2021-07-20 16:20:01,2021-07-20 16:31:10,Columbia St & Rivington St,5365,Division St & Bowery,5270,40.71739973,-73.98016555,40.714193,-73.996732,member
278068,66BED060507C4F19,classic_bike,2021-07-02 07:36:32,2021-07-02 07:46:04,Columbia St & Rivington St,5365,Division St & Bowery,5270,40.71739973,-73.98016555,40.714193,-73.996732,member
278077,8659C08267ADAE05,classic_bike,2021-07-10 09:55:21,2021-07-10 10:03:42,Columbia St & Rivington St,5365,Division St & Bowery,5270,40.71739973,-73.98016555,40.714193,-73.996732,member
278079,78C97848B6574058,classic_bike,2021-07-05 10:00:35,2021-07-05 10:10:51,Columbia St & Rivington St,5365,Division St & Bowery,5270,40.71739973,-73.98016555,40.714193,-73.996732,member
278722,6BB676B8F40AE06A,classic_bike,2021-07-19 14:04:41,2021-07-19 14:18:38,Columbia St & Rivington St,5365,Division St & Bowery,5270,40.71739973,-73.98016555,40.714193,-73.996732,member
278729,34AB0C4A5764FA06,classic_bike,2021-07-26 07:34:15,2021-07-26 07:43:36,Columbia St & Rivington St,5365,Division St & Bowery,5270,40.71739973,-73.98016555,40.714193,-73.996732,member
278730,A12469EC854B70CD,classic_bike,2021-07-11 10:49:09,2021-07-11 11:00:05,Columbia St & Rivington St,5365,Division St & Bowery,5270,40.71739973,-73.98016555,40.714193,-73.996732,member
279114,137AF390CE5B4494,classic_bike,2021-07-23 16:34:42,2021-07-23 16:59:39,Columbia St & Rivington St,5365,11 Ave & W 41 St,6726,40.71739973,-73.98016555,40.76030096,-73.99884222,member
279451,6DBA9932282A7EDD,classic_bike,2021-07-13 07:47:53,2021-07-13 07:55:18,Columbia St & Rivington St,5365,Division St & Bowery,5270,40.71739973,-73.98016555,40.714193,-73.996732,member
279503,98D711A0F8BFD358,classic_bike,2021-07-20 09:34:55,2021-07-20 09:47:37,Columbia St & Rivington St,5365,Division St & Bowery,5270,40.71739973,-73.98016555,40.714193,-73.996732,member
279504,A139E48408D5DC2F,classic_bike,2021-07-17 07:48:07,2021-07-17 07:55:25,Columbia St & Rivington St,5365,Division St & Bowery,5270,40.71739973,-73.98016555,40.714193,-73.996732,member
279505,1F44BB58D8596E78,classic_bike,2021-07-05 07:27:58,2021-07-05 07:37:09,Columbia St & Rivington St,5365,Division St & Bowery,5270,40.71739973,-73.98016555,40.714193,-73.996732,member
279512,B8FC77B4419404AC,classic_bike,2021-07-12 12:41:13,2021-07-12 12:51:53,Columbia St & Rivington St,5365,Division St & Bowery,5270,40.71739973,-73.98016555,40.714193,-73.996732,member
283730,A88810E3B375C023,electric_bike,2021-07-22 18:19:41,2021-07-22 18:46:32,Columbia St & Rivington St,5365,Metropolitan Ave & Stewart Ave,5273,40.71739973,-73.98016555,40.71401,-73.92793,member
285693,B2D34BF423480912,classic_bike,2021-07-08 07:42:19,2021-07-08 07:53:32,Columbia St & Rivington St,5365,St James Pl & Pearl St,5167,40.71739973,-73.98016555,40.71117416,-74.00016545,member
285694,D8B3E1A20A93955A,classic_bike,2021-07-06 08:07:08,2021-07-06 08:18:05,Columbia St & Rivington St,5365,St James Pl & Pearl St,5167,40.71739973,-73.98016555,40.71117416,-74.00016545,member
285705,E79958206AF75FF4,classic_bike,2021-07-02 15:01:03,2021-07-02 15:11:53,Columbia St & Rivington St,5365,St James Pl & Pearl St,5167,40.71739973,-73.98016555,40.71117416,-74.00016545,member
285707,7FB663B863A590B2,classic_bike,2021-07-19 07:51:03,2021-07-19 08:01:46,Columbia St & Rivington St,5365,St James Pl & Pearl St,5167,40.71739973,-73.98016555,40.71117416,-74.00016545,member
285708,6CC3BF0F4459A6DB,classic_bike,2021-07-20 07:45:03,2021-07-20 07:55:00,Columbia St & Rivington St,5365,St James Pl & Pearl St,5167,40.71739973,-73.98016555,40.71117416,-74.00016545,member
285713,2E494BB662ED764E,classic_bike,2021-07-17 18:08:19,2021-07-17 18:23:29,Columbia St & Rivington St,5365,St James Pl & Pearl St,5167,40.71739973,-73.98016555,40.71117416,-74.00016545,member
285715,C5C7F48DADF147B5,classic_bike,2021-07-28 08:33:52,2021-07-28 08:45:18,Columbia St & Rivington St,5365,St James Pl & Pearl St,5167,40.71739973,-73.98016555,40.71117416,-74.00016545,member
285718,2E2C10B872CC6199,classic_bike,2021-07-23 07:48:30,2021-07-23 07:57:36,Columbia St & Rivington St,5365,St James Pl & Pearl St,5167,40.71739973,-73.98016555,40.71117416,-74.00016545,member
285726,DC2CBF530E11C2C9,classic_bike,2021-07-26 08:17:02,2021-07-26 08:26:53,Columbia St & Rivington St,5365,St James Pl & Pearl St,5167,40.71739973,-73.98016555,40.71117416,-74.00016545,member
285727,995CE42E761CF072,classic_bike,2021-07-19 07:38:17,2021-07-19 07:50:02,Columbia St & Rivington St,5365,St James Pl & Pearl St,5167,40.71739973,-73.98016555,40.71117416,-74.00016545,member
285803,91A8BFD6CDC604A4,classic_bike,2021-07-06 09:27:43,2021-07-06 09:42:33,Columbia St & Rivington St,5365,St James Pl & Pearl St,5167,40.71739973,-73.98016555,40.71117416,-74.00016545,member
286728,EEDF5A65A4C5E37F,classic_bike,2021-07-06 14:53:45,2021-07-06 15:04:43,Columbia St & Rivington St,5365,St James Pl & Pearl St,5167,40.71739973,-73.98016555,40.71117416,-74.00016545,member
287446,0433BDA3E3AA374A,classic_bike,2021-07-16 17:15:28,2021-07-16 17:27:40,Columbia St & Rivington St,5365,St James Pl & Pearl St,5167,40.71739973,-73.98016555,40.71117416,-74.00016545,member
287447,A5081F3D32427FDE,classic_bike,2021-07-24 16:56:36,2021-07-24 17:08:41,Columbia St & Rivington St,5365,St James Pl & Pearl St,5167,40.71739973,-73.98016555,40.71117416,-74.00016545,member
287448,FBC7361012B3CCB5,classic_bike,2021-07-30 14:42:35,2021-07-30 14:55:19,Columbia St & Rivington St,5365,St James Pl & Pearl St,5167,40.71739973,-73.98016555,40.71117416,-74.00016545,member
289548,E1071DD77C705B60,classic_bike,2021-07-15 09:28:18,2021-07-15 09:41:32,Columbia St & Rivington St,5365,Broadway & E 14 St,5905,40.71739973,-73.98016555,40.73454567,-73.99074142,member
289555,6146C511227B4BBE,classic_bike,2021-07-20 09:46:27,2021-07-20 09:57:22,Columbia St & Rivington St,5365,Broadway & E 14 St,5905,40.71739973,-73.98016555,40.73454567,-73.99074142,member
289558,417B5B2F78E69B67,classic_bike,2021-07-19 07:07:58,2021-07-19 07:22:56,Columbia St & Rivington St,5365,Broadway & E 14 St,5905,40.71739973,-73.98016555,40.73454567,-73.99074142,member
289561,A43F31FFAB99787C,electric_bike,2021-07-07 20:31:44,2021-07-07 20:42:20,Columbia St & Rivington St,5365,Broadway & E 14 St,5905,40.71739973,-73.98016555,40.73454567,-73.99074142,member
291035,00905D14532C0CC7,classic_bike,2021-07-20 16:35:23,2021-07-20 17:05:02,Columbia St & Rivington St,5365,11 Ave & W 41 St,6726,40.71739973,-73.98016555,40.76030096,-73.99884222,member
291040,79319B9DA78CEEC0,classic_bike,2021-07-16 07:43:27,2021-07-16 07:52:04,Columbia St & Rivington St,5365,Division St & Bowery,5270,40.71739973,-73.98016555,40.714193,-73.996732,member
291041,5BEA77102B12F9E6,electric_bike,2021-07-07 07:54:41,2021-07-07 07:59:52,Columbia St & Rivington St,5365,Division St & Bowery,5270,40.71739973,-73.98016555,40.714193,-73.996732,member
291042,BD3FC1C0D07A61AD,electric_bike,2021-07-03 07:54:09,2021-07-03 08:00:08,Columbia St & Rivington St,5365,Division St & Bowery,5270,40.71739973,-73.98016555,40.714193,-73.996732,member
291043,A4829E2025718DE6,classic_bike,2021-07-14 07:41:47,2021-07-14 07:49:10,Columbia St & Rivington St,5365,Division St & Bowery,5270,40.71739973,-73.98016555,40.714193,-73.996732,member
291044,B1C7E6F0BE8D96BA,classic_bike,2021-07-23 07:50:22,2021-07-23 07:59:15,Columbia St & Rivington St,5365,Division St & Bowery,5270,40.71739973,-73.98016555,40.714193,-73.996732,member
291045,5E150A97C79A68A4,electric_bike,2021-07-19 07:41:01,2021-07-19 07:45:53,Columbia St & Rivington St,5365,Division St & Bowery,5270,40.71739973,-73.98016555,40.714193,-73.996732,member
291046,A7FD5948325E9359,classic_bike,2021-07-09 07:47:10,2021-07-09 07:55:56,Columbia St & Rivington St,5365,Division St & Bowery,5270,40.71739973,-73.98016555,40.714193,-73.996732,member
291047,A738EE645215CC76,classic_bike,2021-07-15 07:39:55,2021-07-15 07:48:59,Columbia St & Rivington St,5365,Division St & Bowery,5270,40.71739973,-73.98016555,40.714193,-73.996732,member
291049,65622E3FF4F7748D,classic_bike,2021-07-06 07:47:30,2021-07-06 07:55:54,Columbia St & Rivington St,5365,Division St & Bowery,5270,40.71739973,-73.98016555,40.714193,-73.996732,member
291050,67C740E59EF52E75,classic_bike,2021-07-20 07:42:23,2021-07-20 07:50:27,Columbia St & Rivington St,5365,Division St & Bowery,5270,40.71739973,-73.98016555,40.714193,-73.996732,member
291052,E1FF2B15D73D9893,classic_bike,2021-07-15 09:23:52,2021-07-15 09:35:27,Columbia St & Rivington St,5365,Division St & Bowery,5270,40.71739973,-73.98016555,40.714193,-73.996732,member
291059,6191EE4ABBC57E22,classic_bike,2021-07-05 14:05:15,2021-07-05 14:12:19,Columbia St & Rivington St,5365,Division St & Bowery,5270,40.71739973,-73.98016555,40.714193,-73.996732,member
291061,FD8692BD790C9639,classic_bike,2021-07-25 13:56:32,2021-07-25 14:05:33,Columbia St & Rivington St,5365,Division St & Bowery,5270,40.71739973,-73.98016555,40.714193,-73.996732,member
291062,F3B19F77C210439C,classic_bike,2021-07-27 07:41:52,2021-07-27 07:51:01,Columbia St & Rivington St,5365,Division St & Bowery,5270,40.71739973,-73.98016555,40.714193,-73.996732,member
291064,4023B47E5CF75D56,classic_bike,2021-07-31 07:40:11,2021-07-31 07:48:06,Columbia St & Rivington St,5365,Division St & Bowery,5270,40.71739973,-73.98016555,40.714193,-73.996732,member
291065,C64C91E2B8CBDC1D,classic_bike,2021-07-29 07:37:55,2021-07-29 07:44:56,Columbia St & Rivington St,5365,Division St & Bowery,5270,40.71739973,-73.98016555,40.714193,-73.996732,member
291066,6B43B11CE2E2055F,classic_bike,2021-07-28 07:35:59,2021-07-28 07:44:17,Columbia St & Rivington St,5365,Division St & Bowery,5270,40.71739973,-73.98016555,40.714193,-73.996732,member
299334,27230193FA9AE11B,electric_bike,2021-07-13 00:21:20,2021-07-13 00:26:32,Columbia St & Rivington St,5365,Cleveland Pl & Spring St,5492,40.71739973,-73.98016555,40.722103786686034,-73.99724900722504,member
299849,885576171DEA1707,electric_bike,2021-07-18 21:34:54,2021-07-18 21:40:31,Columbia St & Rivington St,5365,Forsyth St\t& Grand St,5382,40.71739973,-73.98016555,40.71779817737835,-73.99316132068634,casual
299860,987F3E5053A4A851,classic_bike,2021-07-19 12:39:36,2021-07-19 12:49:43,Columbia St & Rivington St,5365,Forsyth St\t& Grand St,5382,40.71739973,-73.98016555,40.71779817737835,-73.99316132068634,member
299873,A1E0C60BD007B570,electric_bike,2021-07-24 23:22:55,2021-07-25 00:46:48,Columbia St & Rivington St,5365,Cleveland Pl & Spring St,5492,40.71739973,-73.98016555,40.722103786686034,-73.99724900722504,casual
299880,BEAB1D882B4FCEC7,classic_bike,2021-07-22 11:41:28,2021-07-22 11:59:24,Columbia St & Rivington St,5365,Forsyth St\t& Grand St,5382,40.71739973,-73.98016555,40.71779817737835,-73.99316132068634,member
311123,A982B9390B496291,classic_bike,2021-07-14 10:43:25,2021-07-14 10:49:13,Columbia St & Rivington St,5365,E 11 St & Avenue B,5659,40.71739973,-73.98016555,40.72746420692392,-73.97950418293476,member
311131,7AA576724038E992,classic_bike,2021-07-31 08:17:44,2021-07-31 08:24:28,Columbia St & Rivington St,5365,E 11 St & Avenue B,5659,40.71739973,-73.98016555,40.72746420692392,-73.97950418293476,member
311236,460AA044365AE3A1,classic_bike,2021-07-14 12:39:25,2021-07-14 12:46:11,Columbia St & Rivington St,5365,E 11 St & Avenue B,5659,40.71739973,-73.98016555,40.72746420692392,-73.97950418293476,member
313435,C77F4735E3D31F5A,classic_bike,2021-07-05 10:57:17,2021-07-05 11:17:03,Columbia St & Rivington St,5365,Johnson St & Gold St,4668,40.71739973,-73.98016555,40.69474881,-73.98362464,member
314103,B68D819D0684A959,classic_bike,2021-07-27 09:50:39,2021-07-27 10:06:52,Columbia St & Rivington St,5365,Broadway & Battery Pl,4962,40.71739973,-73.98016555,40.70463334,-74.01361706,member
314727,B2886C38962CB4A9,classic_bike,2021-07-11 16:21:46,2021-07-11 16:29:02,Columbia St & Rivington St,5365,St Marks Pl & 1 Ave,5626,40.71739973,-73.98016555,40.72779126,-73.98564945,casual
318248,3B9624F458001F94,classic_bike,2021-07-03 09:51:49,2021-07-03 09:56:00,Columbia St & Rivington St,5365,Madison St & Montgomery St,5262,40.71739973,-73.98016555,40.713126,-73.984844,member
318799,35B2775F223853E1,classic_bike,2021-07-27 13:20:48,2021-07-27 13:24:44,Columbia St & Rivington St,5365,Madison St & Montgomery St,5262,40.71739973,-73.98016555,40.713126,-73.984844,member
318804,3FBC23CB0DC802CC,classic_bike,2021-07-13 13:43:51,2021-07-13 13:51:01,Columbia St & Rivington St,5365,Madison St & Montgomery St,5262,40.71739973,-73.98016555,40.713126,-73.984844,member
318811,DA31AB8387877CA8,electric_bike,2021-07-04 13:27:52,2021-07-04 13:51:33,Columbia St & Rivington St,5365,1 Ave & E 78 St,7020,40.71739973,-73.98016555,40.77140426,-73.9535166,member
318814,BEEB6029C14CC363,classic_bike,2021-07-22 12:52:24,2021-07-22 13:01:54,Columbia St & Rivington St,5365,E 3 St & 1 Ave,5553,40.71739973,-73.98016555,40.72467721,-73.98783413,member
319771,107DA9DBA99E70BF,classic_bike,2021-07-31 15:39:54,2021-07-31 15:45:39,Columbia St & Rivington St,5365,Madison St & Montgomery St,5262,40.71739973,-73.98016555,40.713126,-73.984844,member
320407,358B0EA4FC8047E6,classic_bike,2021-07-22 14:12:35,2021-07-22 14:22:18,Columbia St & Rivington St,5365,E 3 St & 1 Ave,5553,40.71739973,-73.98016555,40.72467721,-73.98783413,member
320409,6E8E4D830BCB75D0,classic_bike,2021-07-14 11:31:51,2021-07-14 11:37:26,Columbia St & Rivington St,5365,Madison St & Montgomery St,5262,40.71739973,-73.98016555,40.713126,-73.984844,member
320548,9B84A7B3E92D8901,classic_bike,2021-07-24 17:13:54,2021-07-24 17:35:00,Columbia St & Rivington St,5365,Madison St & Montgomery St,5262,40.71739973,-73.98016555,40.713126,-73.984844,member
320567,CCA4767CB328ADBC,classic_bike,2021-07-14 21:56:09,2021-07-14 22:30:14,Columbia St & Rivington St,5365,Greene Av & Myrtle Av,4784,40.71739973,-73.98016555,40.698568,-73.918877,casual
320568,48C55161CFAE8B21,electric_bike,2021-07-09 15:06:35,2021-07-09 15:19:29,Columbia St & Rivington St,5365,E 25 St & 2 Ave,6046,40.71739973,-73.98016555,40.73912601,-73.97973776,casual
328901,F5AB88BBF94D6619,electric_bike,2021-07-08 18:48:24,2021-07-08 18:53:03,Columbia St & Rivington St,5365,Allen St & Rivington St,5414,40.71739973,-73.98016555,40.72019576,-73.98997825,casual
329177,900BA0C6893A82FB,classic_bike,2021-07-14 10:37:18,2021-07-14 11:02:49,Columbia St & Rivington St,5365,E 32 St & Park Ave,6280,40.71739973,-73.98016555,40.7457121,-73.98194829,member
335536,746901C3F9A875C7,classic_bike,2021-07-06 11:11:16,2021-07-06 11:18:37,Columbia St & Rivington St,5365,E 7 St & Avenue A,5626,40.71739973,-73.98016555,40.72621788,-73.98379855,member
335537,54298456420D8961,classic_bike,2021-07-02 09:38:31,2021-07-02 09:47:36,Columbia St & Rivington St,5365,E 7 St & Avenue A,5626,40.71739973,-73.98016555,40.72621788,-73.98379855,member
335638,89EA977AA556703C,classic_bike,2021-07-28 07:10:24,2021-07-28 07:17:38,Columbia St & Rivington St,5365,E 7 St & Avenue A,5626,40.71739973,-73.98016555,40.72621788,-73.98379855,member
335640,F3AA7D2E728E8E61,classic_bike,2021-07-15 07:07:42,2021-07-15 07:14:51,Columbia St & Rivington St,5365,E 7 St & Avenue A,5626,40.71739973,-73.98016555,40.72621788,-73.98379855,member
335646,4F34E5619C4DBFDC,classic_bike,2021-07-26 11:41:07,2021-07-26 11:49:27,Columbia St & Rivington St,5365,E 7 St & Avenue A,5626,40.71739973,-73.98016555,40.72621788,-73.98379855,member
335686,AC85388CFA900357,electric_bike,2021-07-12 18:13:03,2021-07-12 18:20:57,Columbia St & Rivington St,5365,E 7 St & Avenue A,5626,40.71739973,-73.98016555,40.72621788,-73.98379855,casual
335699,DCCE6A701B38F0D1,electric_bike,2021-07-07 08:43:00,2021-07-07 09:10:50,Columbia St & Rivington St,5365,E 41 St & Madison Ave,6474,40.71739973,-73.98016555,40.752165280621966,-73.97992193698882,member
335718,8AB27276FB0EAD11,classic_bike,2021-07-30 08:27:46,2021-07-30 08:34:11,Columbia St & Rivington St,5365,E 7 St & Avenue A,5626,40.71739973,-73.98016555,40.72621788,-73.98379855,member
337842,F6990146CA1267B1,electric_bike,2021-07-20 18:06:14,2021-07-20 18:19:16,Columbia St & Rivington St,5365,W 11 St & 6 Ave,5914,40.71739973,-73.98016555,40.73532427,-73.99800419,member
348760,40054F2931524B6B,electric_bike,2021-07-21 12:24:27,2021-07-21 12:26:39,Columbia St & Rivington St,5365,Suffolk St & Stanton St,5445,40.71739973,-73.98016555,40.72066442,-73.98517977,member
348761,0B38F968B88E1E1B,classic_bike,2021-07-23 20:22:29,2021-07-23 20:28:52,Columbia St & Rivington St,5365,Suffolk St & Stanton St,5445,40.71739973,-73.98016555,40.72066442,-73.98517977,member
348802,C267A207572D0CD4,classic_bike,2021-07-02 17:45:12,2021-07-02 18:07:02,Columbia St & Rivington St,5365,Suffolk St & Stanton St,5445,40.71739973,-73.98016555,40.72066442,-73.98517977,member
348807,E05BEAD15E204785,classic_bike,2021-07-19 12:23:36,2021-07-19 12:27:50,Columbia St & Rivington St,5365,Suffolk St & Stanton St,5445,40.71739973,-73.98016555,40.72066442,-73.98517977,casual
348836,48C5A041A7BF655E,classic_bike,2021-07-17 01:55:04,2021-07-17 02:06:36,Columbia St & Rivington St,5365,Suffolk St & Stanton St,5445,40.71739973,-73.98016555,40.72066442,-73.98517977,casual
348840,6E61371B9B3A5537,electric_bike,2021-07-17 08:30:22,2021-07-17 08:34:04,Columbia St & Rivington St,5365,Suffolk St & Stanton St,5445,40.71739973,-73.98016555,40.72066442,-73.98517977,member
348842,4A84B25448CD2F4F,classic_bike,2021-07-23 12:33:30,2021-07-23 12:38:42,Columbia St & Rivington St,5365,Suffolk St & Stanton St,5445,40.71739973,-73.98016555,40.72066442,-73.98517977,member
348843,6C362FBFC19323CE,electric_bike,2021-07-17 19:50:10,2021-07-17 19:53:35,Columbia St & Rivington St,5365,Suffolk St & Stanton St,5445,40.71739973,-73.98016555,40.72066442,-73.98517977,member
348869,FBFC3BBD257533D2,classic_bike,2021-07-04 20:03:56,2021-07-04 20:07:31,Columbia St & Rivington St,5365,Suffolk St & Stanton St,5445,40.71739973,-73.98016555,40.72066442,-73.98517977,member
357153,8DDB542DDAAEEE98,electric_bike,2021-07-16 08:22:15,2021-07-16 08:36:54,Columbia St & Rivington St,5365,Withers St & Kingsland Ave,5362,40.71739973,-73.98016555,40.71773,-73.94051,member
357765,B2D195E7FA20BC30,classic_bike,2021-07-24 18:47:40,2021-07-24 19:07:11,Columbia St & Rivington St,5365,Cliff St & Fulton St,5065,40.71739973,-73.98016555,40.70838,-74.00495,casual
357770,7BF8633946D21B60,classic_bike,2021-07-19 07:22:45,2021-07-19 07:35:39,Columbia St & Rivington St,5365,Cliff St & Fulton St,5065,40.71739973,-73.98016555,40.70838,-74.00495,member
357775,FAC2BC9FB301039E,classic_bike,2021-07-27 10:54:45,2021-07-27 11:14:57,Columbia St & Rivington St,5365,E 47 St & Park Ave,6584,40.71739973,-73.98016555,40.75510267,-73.97498696,member
357784,79BF2DBDF347F38D,classic_bike,2021-07-12 07:23:48,2021-07-12 07:35:56,Columbia St & Rivington St,5365,Cliff St & Fulton St,5065,40.71739973,-73.98016555,40.70838,-74.00495,member
357790,8400A6E9F85E96EC,classic_bike,2021-07-07 14:03:07,2021-07-07 14:21:36,Columbia St & Rivington St,5365,E 27 St & 1 Ave,6004,40.71739973,-73.98016555,40.739445,-73.976806,member
358917,194B37365351F096,classic_bike,2021-07-02 10:55:05,2021-07-02 11:15:26,Columbia St & Rivington St,5365,E 47 St & Park Ave,6584,40.71739973,-73.98016555,40.75510267,-73.97498696,member
359766,E4DE0FB1D70236D2,classic_bike,2021-07-28 11:01:56,2021-07-28 12:02:37,Columbia St & Rivington St,5365,E 27 St & 1 Ave,6004,40.71739973,-73.98016555,40.739445,-73.976806,member
362466,59569E53F9EB94D5,electric_bike,2021-07-14 13:11:25,2021-07-14 13:27:15,Columbia St & Rivington St,5365,Cliff St & Fulton St,5065,40.71739973,-73.98016555,40.70838,-74.00495,member
363883,1D84EB579DA87B4D,classic_bike,2021-07-23 08:30:35,2021-07-23 08:52:36,Columbia St & Rivington St,5365,E 47 St & Park Ave,6584,40.71739973,-73.98016555,40.75510267,-73.97498696,member
363948,C800F8D152B501B0,classic_bike,2021-07-23 10:00:50,2021-07-23 10:14:20,Columbia St & Rivington St,5365,E 27 St & 1 Ave,6004,40.71739973,-73.98016555,40.739445,-73.976806,member
364157,A8129E7A3E9773FA,classic_bike,2021-07-16 10:16:15,2021-07-16 10:35:52,Columbia St & Rivington St,5365,Cliff St & Fulton St,5065,40.71739973,-73.98016555,40.70838,-74.00495,casual
364589,EAA6F2450BE98559,classic_bike,2021-07-25 12:36:10,2021-07-25 12:58:55,Columbia St & Rivington St,5365,E 47 St & Park Ave,6584,40.71739973,-73.98016555,40.75510267,-73.97498696,member
364591,AB84C5D47B0AF9AF,classic_bike,2021-07-16 09:30:14,2021-07-16 09:50:03,Columbia St & Rivington St,5365,E 47 St & Park Ave,6584,40.71739973,-73.98016555,40.75510267,-73.97498696,member
364592,0D28A3EFA9358EF1,classic_bike,2021-07-12 07:58:58,2021-07-12 08:19:54,Columbia St & Rivington St,5365,E 47 St & Park Ave,6584,40.71739973,-73.98016555,40.75510267,-73.97498696,member
364593,6EEE0BB24C6763B7,classic_bike,2021-07-26 08:58:31,2021-07-26 09:18:49,Columbia St & Rivington St,5365,E 47 St & Park Ave,6584,40.71739973,-73.98016555,40.75510267,-73.97498696,member
364594,04E566B1E1088883,classic_bike,2021-07-21 07:53:55,2021-07-21 08:14:11,Columbia St & Rivington St,5365,E 47 St & Park Ave,6584,40.71739973,-73.98016555,40.75510267,-73.97498696,member
368283,328CAE9D36E3FA32,classic_bike,2021-07-27 16:35:22,2021-07-27 16:55:06,Columbia St & Rivington St,5365,W 29 St & 9 Ave,6416,40.71739973,-73.98016555,40.7500727,-73.99839279,member
370962,B7DA9629323BB309,electric_bike,2021-07-04 19:12:30,2021-07-04 19:38:25,Columbia St & Rivington St,5365,W 29 St & 9 Ave,6416,40.71739973,-73.98016555,40.7500727,-73.99839279,casual
371596,91CF9F5CCCA6BF10,classic_bike,2021-07-06 17:11:11,2021-07-06 17:26:56,Columbia St & Rivington St,5365,Broad St & Bridge St,4962,40.71739973,-73.98016555,40.70365182,-74.01167797,member
371606,D7D264D9B51551CD,classic_bike,2021-07-14 10:49:29,2021-07-14 11:06:43,Columbia St & Rivington St,5365,1 Ave & E 39 St,6303,40.71739973,-73.98016555,40.74714,-73.97113,member
371625,71AC3E8CE8D74E3F,classic_bike,2021-07-13 08:39:51,2021-07-13 08:57:22,Columbia St & Rivington St,5365,Pearl St & Hanover Square,4993,40.71739973,-73.98016555,40.7047177,-74.00926027,member
371659,6EA8F1F6E4764655,electric_bike,2021-07-10 12:39:15,2021-07-10 12:53:01,Columbia St & Rivington St,5365,Pearl St & Hanover Square,4993,40.71739973,-73.98016555,40.7047177,-74.00926027,member
371693,17A57ABE0FA2BE3E,classic_bike,2021-07-13 08:10:23,2021-07-13 08:25:21,Columbia St & Rivington St,5365,Broad St & Bridge St,4962,40.71739973,-73.98016555,40.70365182,-74.01167797,member
379084,997EDFB76BCAA053,electric_bike,2021-07-15 20:51:18,2021-07-15 21:25:22,Columbia St & Rivington St,5365,Kingsland Ave & Nassau Ave,5613,40.71739973,-73.98016555,40.72577,-73.94173,member
379102,090878EBCCACEB02,classic_bike,2021-07-15 18:31:25,2021-07-15 19:04:50,Columbia St & Rivington St,5365,West St & Chambers St,5329,40.71739973,-73.98016555,40.71754834,-74.01322069,casual
379630,9D9C5E5754C10CD4,electric_bike,2021-07-22 18:24:44,2021-07-22 20:02:49,Columbia St & Rivington St,5365,44 St & 6 Ave,3233,40.71739973,-73.98016555,40.647105,-74.004483,casual
379635,7F67C6568055C95A,electric_bike,2021-07-13 14:19:21,2021-07-13 14:35:08,Columbia St & Rivington St,5365,West St & Chambers St,5329,40.71739973,-73.98016555,40.71754834,-74.01322069,member
385261,8ACBE10046E34BC4,electric_bike,2021-07-26 22:05:42,2021-07-26 22:21:34,Columbia St & Rivington St,5365,E 25 St & 1 Ave,6004,40.71739973,-73.98016555,40.7381765,-73.97738662,member
387865,C647F470E20A9F79,classic_bike,2021-07-28 13:59:12,2021-07-28 14:09:43,Columbia St & Rivington St,5365,Mott St & Prince St,5561,40.71739973,-73.98016555,40.72317958,-73.99480012,casual
388241,5B905B65C7EE133E,classic_bike,2021-07-28 11:02:08,2021-07-28 12:02:35,Columbia St & Rivington St,5365,E 25 St & 1 Ave,6004,40.71739973,-73.98016555,40.7381765,-73.97738662,member
395242,77C52605C60B5FCF,electric_bike,2021-07-24 20:32:03,2021-07-24 20:38:45,Columbia St & Rivington St,5365,Forsyth St & Canal St,5270,40.71739973,-73.98016555,40.7158155,-73.99422366,member
395252,48615817B0B9676A,electric_bike,2021-07-18 21:41:48,2021-07-18 21:49:14,Columbia St & Rivington St,5365,Avenue D & E 10 St,5575,40.71739973,-73.98016555,40.72506551015475,-73.97515833377838,member
395265,8C2CA296FBEF6855,classic_bike,2021-07-09 11:44:58,2021-07-09 11:57:27,Columbia St & Rivington St,5365,Forsyth St & Canal St,5270,40.71739973,-73.98016555,40.7158155,-73.99422366,member
396634,37878E45C000D173,classic_bike,2021-07-11 11:59:09,2021-07-11 12:04:46,Columbia St & Rivington St,5365,Avenue D & E 10 St,5575,40.71739973,-73.98016555,40.72506551015475,-73.97515833377838,member
396635,4676B17E51F63E57,classic_bike,2021-07-10 13:35:39,2021-07-10 13:39:29,Columbia St & Rivington St,5365,Avenue D & E 10 St,5575,40.71739973,-73.98016555,40.72506551015475,-73.97515833377838,member
396636,4C2390D5C00AEC38,electric_bike,2021-07-25 23:04:39,2021-07-25 23:08:34,Columbia St & Rivington St,5365,Avenue D & E 10 St,5575,40.71739973,-73.98016555,40.72506551015475,-73.97515833377838,member
396638,0892A1B5DFFF5218,electric_bike,2021-07-21 16:05:17,2021-07-21 16:11:32,Columbia St & Rivington St,5365,Forsyth St & Canal St,5270,40.71739973,-73.98016555,40.7158155,-73.99422366,member
396644,893C7DD3679E4087,classic_bike,2021-07-31 17:57:46,2021-07-31 18:04:22,Columbia St & Rivington St,5365,Avenue D & E 10 St,5575,40.71739973,-73.98016555,40.72506551015475,-73.97515833377838,member
398945,3E57787BA5B4CCF7,electric_bike,2021-07-21 14:49:15,2021-07-21 15:04:08,Columbia St & Rivington St,5365,Avenue D & E 10 St,5575,40.71739973,-73.98016555,40.72506551015475,-73.97515833377838,casual
398948,6B5125BE245C2740,classic_bike,2021-07-06 09:53:35,2021-07-06 10:18:29,Columbia St & Rivington St,5365,Forsyth St & Canal St,5270,40.71739973,-73.98016555,40.7158155,-73.99422366,member
398952,2AD6DFC2B969D75D,classic_bike,2021-07-22 14:38:56,2021-07-22 14:44:03,Columbia St & Rivington St,5365,Avenue D & E 10 St,5575,40.71739973,-73.98016555,40.72506551015475,-73.97515833377838,member
398953,6FAE2E34EDAF86D6,classic_bike,2021-07-18 08:55:41,2021-07-18 09:15:40,Columbia St & Rivington St,5365,Forsyth St & Canal St,5270,40.71739973,-73.98016555,40.7158155,-73.99422366,member
398965,12115E486963F072,classic_bike,2021-07-21 13:33:45,2021-07-21 13:46:22,Columbia St & Rivington St,5365,Forsyth St & Canal St,5270,40.71739973,-73.98016555,40.7158155,-73.99422366,member
398974,2A354A9FF194D6E0,classic_bike,2021-07-28 22:23:02,2021-07-28 22:27:37,Columbia St & Rivington St,5365,Avenue D & E 10 St,5575,40.71739973,-73.98016555,40.72506551015475,-73.97515833377838,casual
398994,763B4601D6A98293,classic_bike,2021-07-28 09:42:40,2021-07-28 09:46:55,Columbia St & Rivington St,5365,Avenue D & E 10 St,5575,40.71739973,-73.98016555,40.72506551015475,-73.97515833377838,member
398995,4362ED37464D2199,classic_bike,2021-07-18 14:24:24,2021-07-18 14:32:26,Columbia St & Rivington St,5365,Forsyth St & Canal St,5270,40.71739973,-73.98016555,40.7158155,-73.99422366,member
400275,51BC52ADBCB02DF8,electric_bike,2021-07-05 00:25:28,2021-07-05 01:19:09,Columbia St & Rivington St,5365,Avenue D & E 10 St,5575,40.71739973,-73.98016555,40.72506551015475,-73.97515833377838,casual
400352,02AD0656D2CB7C47,classic_bike,2021-07-06 10:26:23,2021-07-06 10:48:32,Columbia St & Rivington St,5365,Avenue D & E 10 St,5575,40.71739973,-73.98016555,40.72506551015475,-73.97515833377838,member
400353,D4F0DE2FA8A273C2,classic_bike,2021-07-07 13:55:46,2021-07-07 14:01:39,Columbia St & Rivington St,5365,Avenue D & E 10 St,5575,40.71739973,-73.98016555,40.72506551015475,-73.97515833377838,member
400355,C1EFFD2084CC3F76,classic_bike,2021-07-17 21:25:31,2021-07-17 21:31:30,Columbia St & Rivington St,5365,Avenue D & E 10 St,5575,40.71739973,-73.98016555,40.72506551015475,-73.97515833377838,member
401108,53292DF1A6541AD5,classic_bike,2021-07-09 14:03:26,2021-07-09 14:08:14,Columbia St & Rivington St,5365,Avenue D & E 10 St,5575,40.71739973,-73.98016555,40.72506551015475,-73.97515833377838,casual
401141,46732E0417A86C96,electric_bike,2021-07-05 19:43:16,2021-07-05 19:57:49,Columbia St & Rivington St,5365,Avenue D & E 10 St,5575,40.71739973,-73.98016555,40.72506551015475,-73.97515833377838,casual
401143,786B9D8080B3D46A,electric_bike,2021-07-08 19:25:07,2021-07-08 19:35:17,Columbia St & Rivington St,5365,Avenue D & E 10 St,5575,40.71739973,-73.98016555,40.72506551015475,-73.97515833377838,casual
401152,3105999905830609,classic_bike,2021-07-22 11:50:54,2021-07-22 11:57:02,Columbia St & Rivington St,5365,Avenue D & E 10 St,5575,40.71739973,-73.98016555,40.72506551015475,-73.97515833377838,member
401188,2C66B4E60555770B,classic_bike,2021-07-25 01:04:43,2021-07-25 02:06:29,Columbia St & Rivington St,5365,South St & Gouverneur Ln,4953,40.71739973,-73.98016555,40.70355377,-74.00670227,casual
402619,DC04C5134850EA57,electric_bike,2021-07-22 11:29:03,2021-07-22 11:54:47,Columbia St & Rivington St,5365,Avenue D & E 10 St,5575,40.71739973,-73.98016555,40.72506551015475,-73.97515833377838,casual
407803,5DA749BD111B0664,electric_bike,2021-07-11 18:17:56,2021-07-11 18:22:28,Columbia St & Rivington St,5365,Clinton St\t& Cherry St,5190,40.71739973,-73.98016555,40.711471394469264,-73.98672603070736,casual
410934,B8F2330A470E67A9,classic_bike,2021-07-10 14:40:02,2021-07-10 14:49:29,Columbia St & Rivington St,5365,Clinton St & Grand St,5303,40.71739973,-73.98016555,40.71559509,-73.9870295,casual
418604,E2A4EAD981036AD8,electric_bike,2021-07-13 18:39:23,2021-07-13 19:03:48,Columbia St & Rivington St,5365,Huron St & Franklin St,5869,40.71739973,-73.98016555,40.73266,-73.95826,casual
420063,5FB087318C34D852,electric_bike,2021-07-20 17:48:03,2021-07-20 17:53:11,Columbia St & Rivington St,5365,E 2 St & 2 Ave,5593,40.71739973,-73.98016555,40.72502876,-73.99069656,casual
420067,A7C3F42E1D619CFB,classic_bike,2021-07-15 11:58:08,2021-07-15 12:02:07,Columbia St & Rivington St,5365,E 9 St & Avenue C,5616,40.71739973,-73.98016555,40.72521311,-73.97768752,member
420068,505A39A6D6E6746F,classic_bike,2021-07-10 13:09:15,2021-07-10 13:13:13,Columbia St & Rivington St,5365,E 9 St & Avenue C,5616,40.71739973,-73.98016555,40.72521311,-73.97768752,member
422263,1235A6FEB3BD3C37,classic_bike,2021-07-08 15:41:44,2021-07-08 15:48:58,Columbia St & Rivington St,5365,Pike St & E Broadway,5270,40.71739973,-73.98016555,40.71406667,-73.99293911,member
423172,47523BD4B69C6BC1,classic_bike,2021-07-24 13:58:44,2021-07-24 14:07:11,Columbia St & Rivington St,5365,Pike St & E Broadway,5270,40.71739973,-73.98016555,40.71406667,-73.99293911,member
424181,BB7D9C1BA6B0A743,classic_bike,2021-07-06 09:23:32,2021-07-06 09:33:17,Columbia St & Rivington St,5365,Pike St & E Broadway,5270,40.71739973,-73.98016555,40.71406667,-73.99293911,member
424183,AD958E845140CBD5,electric_bike,2021-07-07 18:20:25,2021-07-07 18:28:28,Columbia St & Rivington St,5365,Pike St & E Broadway,5270,40.71739973,-73.98016555,40.71406667,-73.99293911,member
424186,3E38E28524F0D2C7,classic_bike,2021-07-09 17:09:48,2021-07-09 17:16:31,Columbia St & Rivington St,5365,Pike St & E Broadway,5270,40.71739973,-73.98016555,40.71406667,-73.99293911,member
424191,D59AE200CBDEB2C8,electric_bike,2021-07-04 16:39:56,2021-07-04 16:53:15,Columbia St & Rivington St,5365,W 13 St & 5 Ave,5947,40.71739973,-73.98016555,40.735445,-73.99431,casual
424199,2AFC3C412E5B8237,classic_bike,2021-07-12 20:48:16,2021-07-12 21:08:42,Columbia St & Rivington St,5365,1 Ave & E 30 St,6079,40.71739973,-73.98016555,40.74144387,-73.97536082,casual
424207,AEC0027163E615FB,classic_bike,2021-07-06 07:31:42,2021-07-06 07:59:01,Columbia St & Rivington St,5365,1 Ave & E 30 St,6079,40.71739973,-73.98016555,40.74144387,-73.97536082,member
424213,4BBCCDAC420F0D85,classic_bike,2021-07-02 15:40:44,2021-07-02 16:01:34,Columbia St & Rivington St,5365,Pike St & E Broadway,5270,40.71739973,-73.98016555,40.71406667,-73.99293911,member
424766,C7EBF3F203D16BA3,electric_bike,2021-07-05 04:46:27,2021-07-05 04:55:30,Columbia St & Rivington St,5365,Warren St & W Broadway,5288,40.71739973,-73.98016555,40.71473993,-74.00910627,casual
425357,21CEC345E7089939,classic_bike,2021-07-19 08:47:29,2021-07-19 08:53:47,Avenue D & E 10 St,5575,Columbia St & Rivington St,5365,40.72506551015475,-73.97515833377838,40.71739973,-73.98016555,member
425358,C7491A53DF1F1E08,classic_bike,2021-07-05 08:32:32,2021-07-05 08:37:16,Avenue D & E 10 St,5575,Columbia St & Rivington St,5365,40.72506551015475,-73.97515833377838,40.71739973,-73.98016555,member
425362,EDB2100D145B9E1D,classic_bike,2021-07-05 00:15:06,2021-07-05 00:23:20,Forsyth St & Canal St,5270,Columbia St & Rivington St,5365,40.7158155,-73.99422366,40.71739973,-73.98016555,member
425363,E9A9483DFE188311,electric_bike,2021-07-23 21:10:04,2021-07-23 21:14:50,Forsyth St & Canal St,5270,Columbia St & Rivington St,5365,40.7158155,-73.99422366,40.71739973,-73.98016555,member
425377,085A2A6080092536,classic_bike,2021-07-01 23:15:06,2021-07-01 23:31:13,Greenwich Ave & 8 Ave,6072,Columbia St & Rivington St,5365,40.7390169121,-74.0026376103,40.71739973,-73.98016555,casual
425378,B2B815F22738C1C8,classic_bike,2021-07-21 18:03:47,2021-07-21 18:17:42,South St & Gouverneur Ln,4953,Columbia St & Rivington St,5365,40.70355377,-74.00670227,40.71739973,-73.98016555,casual
425380,5EEB2BCF912272EB,electric_bike,2021-07-17 11:03:01,2021-07-17 11:09:30,Forsyth St & Canal St,5270,Columbia St & Rivington St,5365,40.7158155,-73.99422366,40.71739973,-73.98016555,casual
425382,DF7A0693CC8B0EC0,electric_bike,2021-07-05 20:16:43,2021-07-05 20:31:15,Avenue D & E 10 St,5575,Columbia St & Rivington St,5365,40.72506551015475,-73.97515833377838,40.71739973,-73.98016555,casual
425388,6B84E2C3438F5114,classic_bike,2021-07-04 11:16:24,2021-07-04 11:26:53,Forsyth St & Canal St,5270,Columbia St & Rivington St,5365,40.7158155,-73.99422366,40.71739973,-73.98016555,member
425395,DB1166FA849D14D8,classic_bike,2021-07-01 15:45:42,2021-07-01 15:57:46,Forsyth St & Canal St,5270,Columbia St & Rivington St,5365,40.7158155,-73.99422366,40.71739973,-73.98016555,member
425405,14B4F3995AD76F7A,classic_bike,2021-07-31 17:15:54,2021-07-31 17:39:22,Avenue D & E 10 St,5575,Columbia St & Rivington St,5365,40.72506551015475,-73.97515833377838,40.71739973,-73.98016555,member
425414,EDC3982FD053A0C4,classic_bike,2021-07-22 07:54:57,2021-07-22 08:05:08,Avenue D & E 10 St,5575,Columbia St & Rivington St,5365,40.72506551015475,-73.97515833377838,40.71739973,-73.98016555,casual
425418,1CDF842BE80AD258,electric_bike,2021-07-15 00:17:25,2021-07-15 00:22:47,Avenue D & E 10 St,5575,Columbia St & Rivington St,5365,40.72506551015475,-73.97515833377838,40.71739973,-73.98016555,casual
425450,521B9CAA3ADB479E,classic_bike,2021-07-22 06:29:38,2021-07-22 06:34:34,Avenue D & E 10 St,5575,Columbia St & Rivington St,5365,40.72506551015475,-73.97515833377838,40.71739973,-73.98016555,member
425456,2A64396A8BDED1E4,classic_bike,2021-07-08 12:33:17,2021-07-08 12:38:16,Avenue D & E 10 St,5575,Columbia St & Rivington St,5365,40.72506551015475,-73.97515833377838,40.71739973,-73.98016555,member
425457,C43E4ED363357C69,classic_bike,2021-07-04 21:19:28,2021-07-04 21:23:38,Avenue D & E 10 St,5575,Columbia St & Rivington St,5365,40.72506551015475,-73.97515833377838,40.71739973,-73.98016555,member
425458,68B41B81E9B16A99,classic_bike,2021-07-07 18:08:33,2021-07-07 18:18:47,Forsyth St & Canal St,5270,Columbia St & Rivington St,5365,40.7158155,-73.99422366,40.71739973,-73.98016555,member
425459,E9E406E0C687ACBA,classic_bike,2021-07-20 08:50:02,2021-07-20 08:55:24,Avenue D & E 10 St,5575,Columbia St & Rivington St,5365,40.72506551015475,-73.97515833377838,40.71739973,-73.98016555,member
425461,983A3DF23C442385,classic_bike,2021-07-26 08:24:01,2021-07-26 08:29:46,Avenue D & E 10 St,5575,Columbia St & Rivington St,5365,40.72506551015475,-73.97515833377838,40.71739973,-73.98016555,member
425462,5F8CCC69B9AE696A,classic_bike,2021-07-12 08:34:41,2021-07-12 08:38:56,Avenue D & E 10 St,5575,Columbia St & Rivington St,5365,40.72506551015475,-73.97515833377838,40.71739973,-73.98016555,member
425464,BBCBDDDD94FF79CE,electric_bike,2021-07-31 20:17:59,2021-07-31 20:24:56,Avenue D & E 10 St,5575,Columbia St & Rivington St,5365,40.72506551015475,-73.97515833377838,40.71739973,-73.98016555,member
425471,804AEAF59728652C,electric_bike,2021-07-15 19:01:36,2021-07-15 19:18:42,Metropolitan Ave & Meeker Ave,5300,Columbia St & Rivington St,5365,40.71413311,-73.95234386,40.71739973,-73.98016555,member
425610,479BAD9CD52BEE04,electric_bike,2021-07-06 02:02:02,2021-07-06 02:06:56,Suffolk St & Stanton St,5445,Columbia St & Rivington St,5365,40.72066442,-73.98517977,40.71739973,-73.98016555,member
425611,EBC8C6D84D4BAB03,electric_bike,2021-07-04 03:43:33,2021-07-04 03:46:48,Suffolk St & Stanton St,5445,Columbia St & Rivington St,5365,40.72066442,-73.98517977,40.71739973,-73.98016555,member
425612,1C572DA2527E1380,classic_bike,2021-07-29 12:49:28,2021-07-29 12:52:29,Suffolk St & Stanton St,5445,Columbia St & Rivington St,5365,40.72066442,-73.98517977,40.71739973,-73.98016555,member
425667,3A01BC8E4FD1EF8E,classic_bike,2021-07-24 15:11:43,2021-07-24 15:16:20,Stanton St & Mangin St,5326,Columbia St & Rivington St,5365,40.71782143,-73.97628939,40.71739973,-73.98016555,member
425706,0B5541390B0AAA21,classic_bike,2021-07-23 20:27:12,2021-07-23 20:50:12,Fulton St & Broadway,5175,Columbia St & Rivington St,5365,40.711066,-74.009447,40.71739973,-73.98016555,member
425751,5145E253513D8909,classic_bike,2021-07-25 02:44:50,2021-07-25 03:03:45,Lexington Ave & E 26 St,6089,Columbia St & Rivington St,5365,40.741459,-73.983293,40.71739973,-73.98016555,member
425756,5548DFB134ED42DD,electric_bike,2021-07-13 11:20:57,2021-07-13 11:44:53,2 Ave & E 31 St,6197,Columbia St & Rivington St,5365,40.74290902,-73.97706058,40.71739973,-73.98016555,member
425782,5EE08FB2B9B11D8A,classic_bike,2021-07-06 17:50:34,2021-07-06 18:09:19,Columbia St & Rivington St,5365,Columbia St & Rivington St,5365,40.71739973,-73.98016555,40.71739973,-73.98016555,member
425819,C8848196390E4982,classic_bike,2021-07-08 21:26:11,2021-07-08 21:32:04,Columbia St & Rivington St,5365,Columbia St & Rivington St,5365,40.71739973,-73.98016555,40.71739973,-73.98016555,member
425820,F76FBDEA068A944C,classic_bike,2021-07-09 15:38:19,2021-07-09 15:43:57,Columbia St & Rivington St,5365,Columbia St & Rivington St,5365,40.71739973,-73.98016555,40.71739973,-73.98016555,member
425822,2179F57E569A5C14,classic_bike,2021-07-06 00:33:30,2021-07-06 00:42:19,Columbia St & Rivington St,5365,Columbia St & Rivington St,5365,40.71739973,-73.98016555,40.71739973,-73.98016555,member
425826,32BDC495F544DDAA,classic_bike,2021-07-13 05:21:17,2021-07-13 05:56:42,Columbia St & Rivington St,5365,Columbia St & Rivington St,5365,40.71739973,-73.98016555,40.71739973,-73.98016555,member
425833,FC5B05FCC613BB0D,electric_bike,2021-07-02 17:39:19,2021-07-02 17:40:06,Columbia St & Rivington St,5365,Columbia St & Rivington St,5365,40.71739973,-73.98016555,40.71739973,-73.98016555,member
425834,D9A39BC6F707AD48,electric_bike,2021-07-02 01:38:27,2021-07-02 01:44:00,Columbia St & Rivington St,5365,Columbia St & Rivington St,5365,40.71739973,-73.98016555,40.71739973,-73.98016555,member
425843,E94EB2EAD2FF1883,electric_bike,2021-07-27 11:49:56,2021-07-27 11:56:53,Columbia St & Rivington St,5365,Columbia St & Rivington St,5365,40.71739973,-73.98016555,40.71739973,-73.98016555,casual
425845,9F99530EFC2BAE41,electric_bike,2021-07-22 18:24:47,2021-07-22 18:25:12,Columbia St & Rivington St,5365,Columbia St & Rivington St,5365,40.71739973,-73.98016555,40.71739973,-73.98016555,casual
425893,241934FC873A7502,classic_bike,2021-07-31 12:24:38,2021-07-31 14:18:27,Columbia St & Rivington St,5365,Columbia St & Rivington St,5365,40.71739973,-73.98016555,40.71739973,-73.98016555,member
425972,77783D0EA2CAED30,electric_bike,2021-07-30 15:00:44,2021-07-30 15:13:10,W 15 St & 6 Ave,5989,Columbia St & Rivington St,5365,40.738046142482766,-73.99642959237099,40.71739973,-73.98016555,member
425989,C5B5B62857850C15,classic_bike,2021-07-28 14:02:55,2021-07-28 14:09:51,Canal St & Rutgers St,5303,Columbia St & Rivington St,5365,40.71427487,-73.98990025,40.71739973,-73.98016555,member
425990,C7E2FA5E09D6E150,classic_bike,2021-07-31 11:56:09,2021-07-31 12:11:40,W 15 St & 6 Ave,5989,Columbia St & Rivington St,5365,40.738046142482766,-73.99642959237099,40.71739973,-73.98016555,member
425991,95E16D987376EB08,classic_bike,2021-07-22 07:33:30,2021-07-22 07:47:27,W 15 St & 6 Ave,5989,Columbia St & Rivington St,5365,40.738046142482766,-73.99642959237099,40.71739973,-73.98016555,member
425992,B27C255FF82578AE,classic_bike,2021-07-20 07:33:08,2021-07-20 07:46:37,W 15 St & 6 Ave,5989,Columbia St & Rivington St,5365,40.738046142482766,-73.99642959237099,40.71739973,-73.98016555,member
425994,6425525B30C5F455,electric_bike,2021-07-25 04:03:32,2021-07-25 04:30:29,Bushwick Ave & Dekalb Ave,4680,Columbia St & Rivington St,5365,40.69502,-73.92825,40.71739973,-73.98016555,member
425997,3A9F5B05C0ABF242,classic_bike,2021-07-06 07:34:03,2021-07-06 07:49:11,W 15 St & 6 Ave,5989,Columbia St & Rivington St,5365,40.738046142482766,-73.99642959237099,40.71739973,-73.98016555,member
426026,D6C14CA0FBBC9031,electric_bike,2021-07-15 17:04:17,2021-07-15 17:22:52,S 4 St & Wythe Ave,5204,Columbia St & Rivington St,5365,40.71285887,-73.96590294,40.71739973,-73.98016555,casual
426062,06DB617FF8163035,electric_bike,2021-07-02 15:00:51,2021-07-02 15:23:22,E 54 St & 1 Ave,6608,Columbia St & Rivington St,5365,40.756265,-73.964179,40.71739973,-73.98016555,member
426077,AD305F9F0568E9F0,classic_bike,2021-07-23 12:49:32,2021-07-23 12:54:28,Canal St & Rutgers St,5303,Columbia St & Rivington St,5365,40.71427487,-73.98990025,40.71739973,-73.98016555,member
426086,40C168B8B9C864C2,classic_bike,2021-07-25 20:07:08,2021-07-25 20:31:40,W 15 St & 6 Ave,5989,Columbia St & Rivington St,5365,40.738046142482766,-73.99642959237099,40.71739973,-73.98016555,member
426091,20C41F40B9E975C4,classic_bike,2021-07-26 08:39:36,2021-07-26 08:50:10,Canal St & Rutgers St,5303,Columbia St & Rivington St,5365,40.71427487,-73.98990025,40.71739973,-73.98016555,member
426129,C3F8599C5196469E,classic_bike,2021-07-31 13:14:58,2021-07-31 13:22:20,Canal St & Rutgers St,5303,Columbia St & Rivington St,5365,40.71427487,-73.98990025,40.71739973,-73.98016555,member
426130,45C90B0EEBDFD766,classic_bike,2021-07-14 17:17:51,2021-07-14 17:24:00,Canal St & Rutgers St,5303,Columbia St & Rivington St,5365,40.71427487,-73.98990025,40.71739973,-73.98016555,member
426142,88194E9547487CA3,electric_bike,2021-07-16 14:14:05,2021-07-16 14:17:29,Norfolk St & Broome St,5374,Columbia St & Rivington St,5365,40.7172274,-73.98802084,40.71739973,-73.98016555,member
426164,C732E23AB17A7AA8,electric_bike,2021-07-20 17:48:57,2021-07-20 18:00:38,Canal St & Rutgers St,5303,Columbia St & Rivington St,5365,40.71427487,-73.98990025,40.71739973,-73.98016555,member
426165,14282AA3FC5DE3D7,electric_bike,2021-07-27 17:51:24,2021-07-27 18:04:51,Canal St & Rutgers St,5303,Columbia St & Rivington St,5365,40.71427487,-73.98990025,40.71739973,-73.98016555,member
426173,33B6516220C56F82,classic_bike,2021-07-04 21:10:44,2021-07-04 22:07:36,Canal St & Rutgers St,5303,Columbia St & Rivington St,5365,40.71427487,-73.98990025,40.71739973,-73.98016555,member
426192,16002029DEA362D0,classic_bike,2021-07-16 07:36:55,2021-07-16 07:51:53,W 15 St & 6 Ave,5989,Columbia St & Rivington St,5365,40.738046142482766,-73.99642959237099,40.71739973,-73.98016555,member
426230,9AC3F2F7762A1F3D,classic_bike,2021-07-01 10:07:44,2021-07-01 10:11:46,Norfolk St & Broome St,5374,Columbia St & Rivington St,5365,40.7172274,-73.98802084,40.71739973,-73.98016555,member
426231,BFCDED739E474EA6,classic_bike,2021-07-27 12:31:53,2021-07-27 12:38:53,E 7 St & Avenue A,5626,Columbia St & Rivington St,5365,40.72621788,-73.98379855,40.71739973,-73.98016555,member
426254,0B2466FDFB73EC9E,electric_bike,2021-07-24 22:01:21,2021-07-24 22:53:37,E 7 St & Avenue A,5626,Columbia St & Rivington St,5365,40.72621788,-73.98379855,40.71739973,-73.98016555,casual
426277,36F308295DB0ADE7,classic_bike,2021-07-23 22:19:32,2021-07-23 22:28:49,E 7 St & Avenue A,5626,Columbia St & Rivington St,5365,40.72621788,-73.98379855,40.71739973,-73.98016555,member
426288,DA85E633AF225EF8,classic_bike,2021-07-30 21:59:35,2021-07-30 22:25:04,8 Ave & W 31 St,6450,Columbia St & Rivington St,5365,40.7505853470215,-73.9946848154068,40.71739973,-73.98016555,casual
426303,8FC152C65DAB06A7,electric_bike,2021-07-19 21:25:14,2021-07-19 21:35:52,E 7 St & Avenue A,5626,Columbia St & Rivington St,5365,40.72621788,-73.98379855,40.71739973,-73.98016555,member
426329,67B6392902822208,classic_bike,2021-07-22 20:06:50,2021-07-22 20:12:42,E 7 St & Avenue A,5626,Columbia St & Rivington St,5365,40.72621788,-73.98379855,40.71739973,-73.98016555,member
426334,3029D43AA139ABB6,electric_bike,2021-07-07 16:09:43,2021-07-07 16:30:43,E 41 St & Madison Ave,6474,Columbia St & Rivington St,5365,40.752165280621966,-73.97992193698882,40.71739973,-73.98016555,member
426444,630A559AE993A949,electric_bike,2021-07-27 11:32:42,2021-07-27 11:40:19,Norfolk St & Broome St,5374,Columbia St & Rivington St,5365,40.7172274,-73.98802084,40.71739973,-73.98016555,member
426452,471AACC0C4B33078,electric_bike,2021-07-04 22:09:23,2021-07-04 22:14:53,Norfolk St & Broome St,5374,Columbia St & Rivington St,5365,40.7172274,-73.98802084,40.71739973,-73.98016555,member
426515,2624D481B3DDB5A1,classic_bike,2021-07-12 23:51:49,2021-07-13 00:04:04,Forsyth St & Canal St,5270,Columbia St & Rivington St,5365,40.7158155,-73.99422366,40.71739973,-73.98016555,member
426522,43ABFC9E24D7982A,classic_bike,2021-07-13 12:46:44,2021-07-13 12:51:08,Avenue D & E 10 St,5575,Columbia St & Rivington St,5365,40.72506551015475,-73.97515833377838,40.71739973,-73.98016555,member
426523,C2BCEFF605353165,electric_bike,2021-07-04 07:04:37,2021-07-04 07:16:46,Clinton St & Grand St,5303,Columbia St & Rivington St,5365,40.71559509,-73.9870295,40.71739973,-73.98016555,member
426530,14D010B60E164516,electric_bike,2021-07-01 11:23:57,2021-07-01 11:27:43,Clinton St & Grand St,5303,Columbia St & Rivington St,5365,40.71559509,-73.9870295,40.71739973,-73.98016555,member
426536,B40CE198716E69AF,classic_bike,2021-07-15 18:49:57,2021-07-15 18:55:17,Clinton St & Grand St,5303,Columbia St & Rivington St,5365,40.71559509,-73.9870295,40.71739973,-73.98016555,member
426537,8383A49B6D6A97DB,classic_bike,2021-07-14 11:18:51,2021-07-14 11:23:08,Clinton St & Grand St,5303,Columbia St & Rivington St,5365,40.71559509,-73.9870295,40.71739973,-73.98016555,member
426540,AA16B13FA2D96DB4,classic_bike,2021-07-18 14:33:34,2021-07-18 14:37:36,Clinton St & Grand St,5303,Columbia St & Rivington St,5365,40.71559509,-73.9870295,40.71739973,-73.98016555,member
426546,1D636617D0F3F858,classic_bike,2021-07-29 09:59:18,2021-07-29 10:05:20,Avenue D & E 10 St,5575,Columbia St & Rivington St,5365,40.72506551015475,-73.97515833377838,40.71739973,-73.98016555,member
426630,744B0BA2B2354F82,electric_bike,2021-07-18 14:48:32,2021-07-18 14:55:25,E 7 St & Avenue A,5626,Columbia St & Rivington St,5365,40.72621788,-73.98379855,40.71739973,-73.98016555,member
426671,B1E09F579D7EAA74,classic_bike,2021-07-11 12:10:47,2021-07-11 12:18:31,Columbia St & Rivington St,5365,St James Pl & Oliver St,5238,40.71739973,-73.98016555,40.71307916,-73.99851193,member
426679,6CDAC20CA6B3C46E,classic_bike,2021-07-31 15:42:55,2021-07-31 15:42:57,Columbia St & Rivington St,5365,Columbia St & Rivington St,5365,40.71739973,-73.98016555,40.71739973,-73.98016555,member
426680,A45270298BC87676,classic_bike,2021-07-19 20:34:26,2021-07-19 20:34:33,Columbia St & Rivington St,5365,Columbia St & Rivington St,5365,40.71739973,-73.98016555,40.71739973,-73.98016555,member
426681,77C1F9081FDA9D44,classic_bike,2021-07-13 11:30:57,2021-07-13 12:10:29,Columbia St & Rivington St,5365,Columbia St & Rivington St,5365,40.71739973,-73.98016555,40.71739973,-73.98016555,member
426694,9295B3FE4105B6FB,classic_bike,2021-07-22 14:37:58,2021-07-22 15:17:39,Columbia St & Rivington St,5365,Columbia St & Rivington St,5365,40.71739973,-73.98016555,40.71739973,-73.98016555,member
426703,35FD84B4B0AB064F,classic_bike,2021-07-06 13:04:39,2021-07-06 13:47:33,Columbia St & Rivington St,5365,Columbia St & Rivington St,5365,40.71739973,-73.98016555,40.71739973,-73.98016555,member
426704,5406139F91B1391B,classic_bike,2021-07-04 14:17:56,2021-07-04 14:57:58,Columbia St & Rivington St,5365,Columbia St & Rivington St,5365,40.71739973,-73.98016555,40.71739973,-73.98016555,member
426705,BC5AB3DFD092FE18,classic_bike,2021-07-26 14:08:23,2021-07-26 14:50:27,Columbia St & Rivington St,5365,Columbia St & Rivington St,5365,40.71739973,-73.98016555,40.71739973,-73.98016555,member
426706,30D41B65FB6FAFB4,classic_bike,2021-07-27 18:13:09,2021-07-27 18:49:05,Columbia St & Rivington St,5365,Columbia St & Rivington St,5365,40.71739973,-73.98016555,40.71739973,-73.98016555,member
426714,1FABE62D4CCEDFF7,classic_bike,2021-07-16 05:21:33,2021-07-16 05:55:29,Columbia St & Rivington St,5365,Columbia St & Rivington St,5365,40.71739973,-73.98016555,40.71739973,-73.98016555,member
426722,E27C3A5FB737121B,classic_bike,2021-07-16 14:48:15,2021-07-16 14:56:33,Columbia St & Rivington St,5365,Columbia St & Rivington St,5365,40.71739973,-73.98016555,40.71739973,-73.98016555,member
426760,5CBD0186EF0E1981,electric_bike,2021-07-17 14:21:32,2021-07-17 14:42:20,Broadway & E 14 St,5905,Columbia St & Rivington St,5365,40.73454567,-73.99074142,40.71739973,-73.98016555,casual
426787,562AD45B65795D6F,classic_bike,2021-07-14 01:02:27,2021-07-14 01:14:42,Broadway & E 14 St,5905,Columbia St & Rivington St,5365,40.73454567,-73.99074142,40.71739973,-73.98016555,casual
426792,9CB45B73B54718C3,classic_bike,2021-07-10 19:17:04,2021-07-10 19:53:36,Lispenard St & Broadway,5391,Columbia St & Rivington St,5365,40.71939226,-74.00247214,40.71739973,-73.98016555,casual
426806,2D678635E400544A,electric_bike,2021-07-11 13:03:38,2021-07-11 13:11:56,Lispenard St & Broadway,5391,Columbia St & Rivington St,5365,40.71939226,-74.00247214,40.71739973,-73.98016555,member
426807,37A3A0976A0BC75B,electric_bike,2021-07-30 14:11:48,2021-07-30 14:38:31,7 Ave & Central Park South,6912,Columbia St & Rivington St,5365,40.7667405590595,-73.9790689945221,40.71739973,-73.98016555,member
426898,66516A886F5A76F7,classic_bike,2021-07-07 05:31:25,2021-07-07 06:11:11,Columbia St & Rivington St,5365,Columbia St & Rivington St,5365,40.71739973,-73.98016555,40.71739973,-73.98016555,member
426899,5A85DD054D5A8135,classic_bike,2021-07-01 05:17:48,2021-07-01 06:00:40,Columbia St & Rivington St,5365,Columbia St & Rivington St,5365,40.71739973,-73.98016555,40.71739973,-73.98016555,member
426909,17065C155F3913A5,classic_bike,2021-07-28 22:11:11,2021-07-28 22:15:10,Columbia St & Rivington St,5365,Columbia St & Rivington St,5365,40.71739973,-73.98016555,40.71739973,-73.98016555,member
426916,5FE3C22756D8E670,classic_bike,2021-07-01 06:44:27,2021-07-01 07:27:36,Columbia St & Rivington St,5365,Columbia St & Rivington St,5365,40.71739973,-73.98016555,40.71739973,-73.98016555,member
426925,DB568D59BCCEFF8C,electric_bike,2021-07-09 21:38:14,2021-07-09 21:47:02,Columbia St & Rivington St,5365,Columbia St & Rivington St,5365,40.71739973,-73.98016555,40.71739973,-73.98016555,member
426940,178652544B447B51,classic_bike,2021-07-28 19:41:52,2021-07-28 19:44:02,Columbia St & Rivington St,5365,Columbia St & Rivington St,5365,40.71739973,-73.98016555,40.71739973,-73.98016555,member
426965,8302940F7CB89D26,classic_bike,2021-07-21 14:44:15,2021-07-21 14:49:18,Ave D & E 8 St,5506,Columbia St & Rivington St,5365,40.72368361,-73.97574813,40.71739973,-73.98016555,member
426972,DE5581E9E1FE4086,classic_bike,2021-07-16 08:48:10,2021-07-16 08:53:59,Ave D & E 8 St,5506,Columbia St & Rivington St,5365,40.72368361,-73.97574813,40.71739973,-73.98016555,member
426996,412EB286383EA335,classic_bike,2021-07-18 12:13:20,2021-07-18 12:17:09,Madison St & Montgomery St,5262,Columbia St & Rivington St,5365,40.713126,-73.984844,40.71739973,-73.98016555,member
427013,A7F8562F5BABBE3F,classic_bike,2021-07-13 11:19:42,2021-07-13 11:24:26,Madison St & Montgomery St,5262,Columbia St & Rivington St,5365,40.713126,-73.984844,40.71739973,-73.98016555,member
427020,85405AA52683B3DB,classic_bike,2021-07-20 15:52:03,2021-07-20 15:55:08,Madison St & Montgomery St,5262,Columbia St & Rivington St,5365,40.713126,-73.984844,40.71739973,-73.98016555,member
427021,85BC0F6E2CDDF518,classic_bike,2021-07-02 16:33:15,2021-07-02 16:36:36,Madison St & Montgomery St,5262,Columbia St & Rivington St,5365,40.713126,-73.984844,40.71739973,-73.98016555,member
427039,47512204A97CD4B1,classic_bike,2021-07-15 07:49:47,2021-07-15 08:00:42,E 13 St & 2 Ave,5820,Columbia St & Rivington St,5365,40.73153937464073,-73.9853024482727,40.71739973,-73.98016555,casual
427079,7072156B15F66471,classic_bike,2021-07-14 15:58:29,2021-07-14 16:10:36,Thompson St & Bleecker St,5721,Columbia St & Rivington St,5365,40.72840059450829,-73.99968780577183,40.71739973,-73.98016555,casual
427090,8A6F29B010E7F75A,electric_bike,2021-07-07 07:43:08,2021-07-07 07:52:06,Thompson St & Bleecker St,5721,Columbia St & Rivington St,5365,40.72840059450829,-73.99968780577183,40.71739973,-73.98016555,casual
427190,569454AE670FE883,electric_bike,2021-07-20 07:29:54,2021-07-20 07:43:01,W 15 St & 7 Ave,6030,Columbia St & Rivington St,5365,40.73935542,-73.99931783,40.71739973,-73.98016555,casual
427268,746496142FE2A5E1,classic_bike,2021-07-19 08:04:35,2021-07-19 08:10:46,Madison St & Montgomery St,5262,Columbia St & Rivington St,5365,40.713126,-73.984844,40.71739973,-73.98016555,member
427277,384DB4D4E9F3DAFC,classic_bike,2021-07-26 19:10:13,2021-07-26 19:28:10,E 25 St & 2 Ave,6046,Columbia St & Rivington St,5365,40.73912601,-73.97973776,40.71739973,-73.98016555,member
427299,DD5F52A0D795AC94,classic_bike,2021-07-21 20:20:17,2021-07-21 20:29:45,Market St & Cherry St,5198,Columbia St & Rivington St,5365,40.71076228,-73.99400398,40.71739973,-73.98016555,member
427330,681AB1CDE3C952A0,electric_bike,2021-07-03 17:27:05,2021-07-03 17:34:50,Market St & Cherry St,5198,Columbia St & Rivington St,5365,40.71076228,-73.99400398,40.71739973,-73.98016555,member
427340,245826DA5E0BB0F0,classic_bike,2021-07-05 18:11:14,2021-07-05 18:42:00,6 Ave & W 45 St,6593,Columbia St & Rivington St,5365,40.756951,-73.982631,40.71739973,-73.98016555,member
427377,ADDAF0A1DDE873F9,classic_bike,2021-07-20 14:31:23,2021-07-20 15:09:46,Canal St & Rutgers St,5303,Columbia St & Rivington St,5365,40.71427487,-73.98990025,40.71739973,-73.98016555,casual
427379,A5F56EA921990CAF,classic_bike,2021-07-24 23:03:43,2021-07-24 23:10:58,Canal St & Rutgers St,5303,Columbia St & Rivington St,5365,40.71427487,-73.98990025,40.71739973,-73.98016555,casual
427412,8238D378D9448311,classic_bike,2021-07-21 16:04:41,2021-07-21 16:10:29,Canal St & Rutgers St,5303,Columbia St & Rivington St,5365,40.71427487,-73.98990025,40.71739973,-73.98016555,member
427426,033E05942EF22496,classic_bike,2021-07-12 07:33:13,2021-07-12 07:48:41,W 15 St & 6 Ave,5989,Columbia St & Rivington St,5365,40.738046142482766,-73.99642959237099,40.71739973,-73.98016555,member
427437,684C94145B9DB22D,classic_bike,2021-07-23 16:09:24,2021-07-23 16:23:00,Market St & Henry St,5270,Columbia St & Rivington St,5365,40.71310702305908,-73.99446353316307,40.71739973,-73.98016555,member
427484,85A6EC39483D8067,classic_bike,2021-07-25 18:03:56,2021-07-25 18:10:40,Allen St & Hester St,5342,Columbia St & Rivington St,5365,40.71605866,-73.99190759,40.71739973,-73.98016555,member
427489,E5E5C91DBC626806,classic_bike,2021-07-12 08:05:31,2021-07-12 08:11:42,Allen St & Hester St,5342,Columbia St & Rivington St,5365,40.71605866,-73.99190759,40.71739973,-73.98016555,member
427493,3FCC6E25C5478752,classic_bike,2021-07-23 22:25:58,2021-07-23 22:31:42,Allen St & Hester St,5342,Columbia St & Rivington St,5365,40.71605866,-73.99190759,40.71739973,-73.98016555,member
427603,1025117F46597F92,classic_bike,2021-07-18 15:50:00,2021-07-18 15:58:39,Lafayette St & Jersey St,5561,Columbia St & Rivington St,5365,40.72456089,-73.99565293,40.71739973,-73.98016555,member
427607,4C661808B7A4AC0D,classic_bike,2021-07-20 10:22:01,2021-07-20 10:33:10,Lafayette St & Jersey St,5561,Columbia St & Rivington St,5365,40.72456089,-73.99565293,40.71739973,-73.98016555,member
427615,9F3724C3B806379E,electric_bike,2021-07-14 13:29:37,2021-07-14 13:40:38,Centre St & Chambers St,5207,Columbia St & Rivington St,5365,40.71273266,-74.0046073,40.71739973,-73.98016555,member
427738,4E7A91ED1102BAD7,classic_bike,2021-07-01 21:55:08,2021-07-01 22:04:07,Centre St & Worth St,5279,Columbia St & Rivington St,5365,40.71494807,-74.00234482,40.71739973,-73.98016555,member
427740,A18851EDE77F01FE,classic_bike,2021-07-15 21:37:33,2021-07-15 21:46:44,Centre St & Worth St,5279,Columbia St & Rivington St,5365,40.71494807,-74.00234482,40.71739973,-73.98016555,member
427780,5BE0793512B998BF,classic_bike,2021-07-24 20:05:49,2021-07-24 20:17:22,Centre St & Worth St,5279,Columbia St & Rivington St,5365,40.71494807,-74.00234482,40.71739973,-73.98016555,member
427781,612985CC202C5406,classic_bike,2021-07-21 19:07:33,2021-07-21 19:17:54,Centre St & Worth St,5279,Columbia St & Rivington St,5365,40.71494807,-74.00234482,40.71739973,-73.98016555,member
427811,350816F03C6CE937,classic_bike,2021-07-30 10:47:45,2021-07-30 10:53:12,Avenue D & E 10 St,5575,Columbia St & Rivington St,5365,40.72506551015475,-73.97515833377838,40.71739973,-73.98016555,member
427819,4AE1DE15D8745F2E,classic_bike,2021-07-27 12:11:36,2021-07-27 12:19:36,Forsyth St & Canal St,5270,Columbia St & Rivington St,5365,40.7158155,-73.99422366,40.71739973,-73.98016555,member
427823,113841240D01F29C,classic_bike,2021-07-25 16:01:40,2021-07-25 16:11:31,Mercer St & Bleecker St,5679,Columbia St & Rivington St,5365,40.72706363348306,-73.99662137031554,40.71739973,-73.98016555,member
427836,11EAAA0088989E4A,electric_bike,2021-07-21 18:29:16,2021-07-21 18:46:51,Nassau Ave & Newell St,5623,Columbia St & Rivington St,5365,40.724812564400175,-73.94752621650696,40.71739973,-73.98016555,member
427846,2E18DF6EBF85EAFE,electric_bike,2021-07-05 15:00:33,2021-07-05 15:12:18,Mercer St & Bleecker St,5679,Columbia St & Rivington St,5365,40.72706363348306,-73.99662137031554,40.71739973,-73.98016555,member
427874,B84EC31D7B3431E4,classic_bike,2021-07-31 15:20:00,2021-07-31 15:29:36,E 12 St & Ave C,5616,Columbia St & Rivington St,5365,40.727243,-73.976831,40.71739973,-73.98016555,member
427883,453143698C2F5A41,classic_bike,2021-07-31 21:59:01,2021-07-31 22:10:31,E 12 St & Ave C,5616,Columbia St & Rivington St,5365,40.727243,-73.976831,40.71739973,-73.98016555,member
427918,6A7D024C3853BC6C,electric_bike,2021-07-04 13:44:19,2021-07-04 14:02:10,Duane St & Greenwich St,5400,Columbia St & Rivington St,5365,40.71748752,-74.0104554,40.71739973,-73.98016555,casual
428023,67D25BF22DDC9A6A,classic_bike,2021-07-04 17:03:49,2021-07-04 17:17:23,E 11 St & 3 Ave,5788,Columbia St & Rivington St,5365,40.73127,-73.98849,40.71739973,-73.98016555,member
428025,4F1428DCB944EC4B,classic_bike,2021-07-25 16:35:27,2021-07-25 16:42:25,Stanton St & Mangin St,5326,Columbia St & Rivington St,5365,40.71782143,-73.97628939,40.71739973,-73.98016555,member
428032,694E9DA031F6774E,classic_bike,2021-07-25 19:10:32,2021-07-25 19:14:11,Stanton St & Mangin St,5326,Columbia St & Rivington St,5365,40.71782143,-73.97628939,40.71739973,-73.98016555,member
428039,289A725DDC44A6AA,classic_bike,2021-07-25 13:56:39,2021-07-25 14:00:03,Stanton St & Mangin St,5326,Columbia St & Rivington St,5365,40.71782143,-73.97628939,40.71739973,-73.98016555,member
428047,A10D96205307BF13,electric_bike,2021-07-25 16:09:08,2021-07-25 16:12:43,Stanton St & Mangin St,5326,Columbia St & Rivington St,5365,40.71782143,-73.97628939,40.71739973,-73.98016555,casual
428060,8CF6A53D84925007,electric_bike,2021-07-25 13:46:08,2021-07-25 14:43:50,Stanton St & Mangin St,5326,Columbia St & Rivington St,5365,40.71782143,-73.97628939,40.71739973,-73.98016555,casual
428081,77C4CA8ECC51C81C,classic_bike,2021-07-24 11:11:24,2021-07-24 11:38:34,Stanton St & Mangin St,5326,Columbia St & Rivington St,5365,40.71782143,-73.97628939,40.71739973,-73.98016555,member
428082,135AD99EDBC80E87,classic_bike,2021-07-14 12:21:58,2021-07-14 12:52:48,Stanton St & Mangin St,5326,Columbia St & Rivington St,5365,40.71782143,-73.97628939,40.71739973,-73.98016555,member
428083,832CF5BDE78B6893,classic_bike,2021-07-12 12:10:50,2021-07-12 12:39:50,Stanton St & Mangin St,5326,Columbia St & Rivington St,5365,40.71782143,-73.97628939,40.71739973,-73.98016555,member
428101,AB0F1B56F47CF082,classic_bike,2021-07-06 16:48:33,2021-07-06 17:44:11,Stanton St & Mangin St,5326,Columbia St & Rivington St,5365,40.71782143,-73.97628939,40.71739973,-73.98016555,member
428102,0AD8169F3E77027A,classic_bike,2021-07-17 11:26:28,2021-07-17 11:59:16,Stanton St & Mangin St,5326,Columbia St & Rivington St,5365,40.71782143,-73.97628939,40.71739973,-73.98016555,member
428103,06DB539114A0544A,classic_bike,2021-07-29 12:10:59,2021-07-29 12:15:37,Stanton St & Mangin St,5326,Columbia St & Rivington St,5365,40.71782143,-73.97628939,40.71739973,-73.98016555,member
428104,FF39ABB22F9F76C8,classic_bike,2021-07-25 17:18:04,2021-07-25 17:30:26,Stanton St & Mangin St,5326,Columbia St & Rivington St,5365,40.71782143,-73.97628939,40.71739973,-73.98016555,member
428111,CAB3E31BAE858BFB,classic_bike,2021-07-23 10:52:23,2021-07-23 11:09:46,Stanton St & Mangin St,5326,Columbia St & Rivington St,5365,40.71782143,-73.97628939,40.71739973,-73.98016555,member
428118,382BB2709BFE49A9,classic_bike,2021-07-14 14:13:07,2021-07-14 14:16:25,Stanton St & Mangin St,5326,Columbia St & Rivington St,5365,40.71782143,-73.97628939,40.71739973,-73.98016555,member
428119,AA1DC5B2F726BCBC,electric_bike,2021-07-21 13:27:36,2021-07-21 13:30:58,Stanton St & Mangin St,5326,Columbia St & Rivington St,5365,40.71782143,-73.97628939,40.71739973,-73.98016555,member
428138,0B46978C97CA1D92,classic_bike,2021-07-31 15:20:03,2021-07-31 15:54:32,Stanton St & Mangin St,5326,Columbia St & Rivington St,5365,40.71782143,-73.97628939,40.71739973,-73.98016555,member
428149,AD69C1C2B85C9BE7,classic_bike,2021-07-15 11:59:39,2021-07-15 12:29:55,Stanton St & Mangin St,5326,Columbia St & Rivington St,5365,40.71782143,-73.97628939,40.71739973,-73.98016555,member
428151,6B2B75E331DED6BC,classic_bike,2021-07-27 05:23:51,2021-07-27 05:26:47,Stanton St & Mangin St,5326,Columbia St & Rivington St,5365,40.71782143,-73.97628939,40.71739973,-73.98016555,member
428163,9A48E57A66E724F1,classic_bike,2021-07-10 11:45:58,2021-07-10 12:15:08,Stanton St & Mangin St,5326,Columbia St & Rivington St,5365,40.71782143,-73.97628939,40.71739973,-73.98016555,member
428166,7285CB29E33A2C7B,classic_bike,2021-07-22 11:14:40,2021-07-22 11:43:27,Stanton St & Mangin St,5326,Columbia St & Rivington St,5365,40.71782143,-73.97628939,40.71739973,-73.98016555,member
428167,E4720E18E38D3217,classic_bike,2021-07-26 11:55:21,2021-07-26 12:27:07,Stanton St & Mangin St,5326,Columbia St & Rivington St,5365,40.71782143,-73.97628939,40.71739973,-73.98016555,member
428182,7AA6D44A3C94CF5B,classic_bike,2021-07-26 18:52:06,2021-07-26 19:28:36,Stanton St & Mangin St,5326,Columbia St & Rivington St,5365,40.71782143,-73.97628939,40.71739973,-73.98016555,member
428185,873C50D0CCF74AC1,classic_bike,2021-07-28 17:52:44,2021-07-28 18:04:31,Stanton St & Mangin St,5326,Columbia St & Rivington St,5365,40.71782143,-73.97628939,40.71739973,-73.98016555,member
428186,3F5B1DBF44F65827,classic_bike,2021-07-02 14:59:23,2021-07-02 15:05:33,Stanton St & Mangin St,5326,Columbia St & Rivington St,5365,40.71782143,-73.97628939,40.71739973,-73.98016555,member
428191,FDA5EEF6DC95CAAE,electric_bike,2021-07-24 21:31:43,2021-07-24 22:53:30,Stanton St & Mangin St,5326,Columbia St & Rivington St,5365,40.71782143,-73.97628939,40.71739973,-73.98016555,member
428225,6F865AEACC16EBB0,classic_bike,2021-07-07 19:25:34,2021-07-07 19:32:39,E 11 St & Avenue B,5659,Columbia St & Rivington St,5365,40.72746420692392,-73.97950418293476,40.71739973,-73.98016555,member
428393,73DE3CA3234829B3,classic_bike,2021-07-18 17:19:33,2021-07-18 18:06:24,Washington Ave & Greene Ave,4419,Columbia St & Rivington St,5365,40.68650065,-73.96563307,40.71739973,-73.98016555,casual
428488,F629156B1087D1BF,classic_bike,2021-07-14 18:23:35,2021-07-14 18:28:04,Stanton St & Norfolk St,5445,Columbia St & Rivington St,5365,40.720747,-73.986274,40.71739973,-73.98016555,member
428503,EBD9AB71E5FF79A8,classic_bike,2021-07-10 16:38:08,2021-07-10 16:45:43,St Marks Pl & 1 Ave,5626,Columbia St & Rivington St,5365,40.72779126,-73.98564945,40.71739973,-73.98016555,member
428506,73CC226CEEC77ED6,classic_bike,2021-07-31 20:32:14,2021-07-31 20:42:22,St Marks Pl & 1 Ave,5626,Columbia St & Rivington St,5365,40.72779126,-73.98564945,40.71739973,-73.98016555,member
428546,5D2016F783420D85,classic_bike,2021-07-04 20:50:11,2021-07-04 21:15:31,Christopher St & Greenwich St,5847,Columbia St & Rivington St,5365,40.73291553,-74.00711384,40.71739973,-73.98016555,member
428565,62988C34D3CB3E9F,classic_bike,2021-07-14 12:12:18,2021-07-14 12:26:56,Centre St & Worth St,5279,Columbia St & Rivington St,5365,40.71494807,-74.00234482,40.71739973,-73.98016555,casual
428586,61074D6E3B5F0CAF,classic_bike,2021-07-31 15:22:13,2021-07-31 15:26:22,Norfolk St & Broome St,5374,Columbia St & Rivington St,5365,40.7172274,-73.98802084,40.71739973,-73.98016555,member
428587,21BD00B7374B58F9,classic_bike,2021-07-18 18:38:20,2021-07-18 18:43:54,Norfolk St & Broome St,5374,Columbia St & Rivington St,5365,40.7172274,-73.98802084,40.71739973,-73.98016555,member
428591,06D82C9A6C85CA43,classic_bike,2021-07-28 19:11:21,2021-07-28 19:15:25,Norfolk St & Broome St,5374,Columbia St & Rivington St,5365,40.7172274,-73.98802084,40.71739973,-73.98016555,member
428592,5E6D0BA8A3731044,classic_bike,2021-07-19 21:13:52,2021-07-19 21:17:24,Stanton St & Norfolk St,5445,Columbia St & Rivington St,5365,40.720747,-73.986274,40.71739973,-73.98016555,member
428593,CAC8985EA5386FD1,classic_bike,2021-07-22 17:13:27,2021-07-22 17:19:02,Norfolk St & Broome St,5374,Columbia St & Rivington St,5365,40.7172274,-73.98802084,40.71739973,-73.98016555,member
428602,F6C3798525758F83,electric_bike,2021-07-17 14:47:52,2021-07-17 14:50:57,Stanton St & Norfolk St,5445,Columbia St & Rivington St,5365,40.720747,-73.986274,40.71739973,-73.98016555,member
428603,C8B0E2CB9CFBB2D0,electric_bike,2021-07-20 14:22:17,2021-07-20 14:27:25,Stanton St & Norfolk St,5445,Columbia St & Rivington St,5365,40.720747,-73.986274,40.71739973,-73.98016555,member
428607,BD5F7E4D4E71D6B0,classic_bike,2021-07-20 18:40:02,2021-07-20 18:44:46,Norfolk St & Broome St,5374,Columbia St & Rivington St,5365,40.7172274,-73.98802084,40.71739973,-73.98016555,member
428611,D7F9B7E65DFDE74E,classic_bike,2021-07-20 16:11:54,2021-07-20 16:15:30,Norfolk St & Broome St,5374,Columbia St & Rivington St,5365,40.7172274,-73.98802084,40.71739973,-73.98016555,member
428620,728D00116999AB78,electric_bike,2021-07-10 23:06:46,2021-07-10 23:09:54,Norfolk St & Broome St,5374,Columbia St & Rivington St,5365,40.7172274,-73.98802084,40.71739973,-73.98016555,member
428624,7BA2F4CC0FE89719,electric_bike,2021-07-09 14:38:03,2021-07-09 14:42:34,Stanton St & Norfolk St,5445,Columbia St & Rivington St,5365,40.720747,-73.986274,40.71739973,-73.98016555,member
428633,D73DC1A343C7555A,classic_bike,2021-07-22 01:10:16,2021-07-22 01:16:12,St Marks Pl & 2 Ave,5669,Columbia St & Rivington St,5365,40.7284186,-73.98713956,40.71739973,-73.98016555,casual
428641,20C7A7EC05E2898D,classic_bike,2021-07-08 12:20:59,2021-07-08 12:24:38,Norfolk St & Broome St,5374,Columbia St & Rivington St,5365,40.7172274,-73.98802084,40.71739973,-73.98016555,member
428642,BBF42BD603822690,classic_bike,2021-07-10 10:23:29,2021-07-10 10:27:05,Norfolk St & Broome St,5374,Columbia St & Rivington St,5365,40.7172274,-73.98802084,40.71739973,-73.98016555,member
428643,A7EA9754B0B74FA6,classic_bike,2021-07-24 01:29:05,2021-07-24 01:37:28,St Marks Pl & 2 Ave,5669,Columbia St & Rivington St,5365,40.7284186,-73.98713956,40.71739973,-73.98016555,casual
428670,CE2C0A0368E5A8BE,electric_bike,2021-07-16 14:05:48,2021-07-16 14:09:20,Clinton St & Grand St,5303,Columbia St & Rivington St,5365,40.71559509,-73.9870295,40.71739973,-73.98016555,member
428677,3232065CEB60830D,classic_bike,2021-07-26 14:34:49,2021-07-26 14:38:44,Clinton St & Grand St,5303,Columbia St & Rivington St,5365,40.71559509,-73.9870295,40.71739973,-73.98016555,member
428680,30749765FAFA7472,classic_bike,2021-07-31 16:53:54,2021-07-31 16:58:06,Clinton St & Grand St,5303,Columbia St & Rivington St,5365,40.71559509,-73.9870295,40.71739973,-73.98016555,member
428687,58715E6ADE572D0A,classic_bike,2021-07-28 00:43:42,2021-07-28 00:49:18,Clinton St\t& Cherry St,5190,Columbia St & Rivington St,5365,40.711471394469264,-73.98672603070736,40.71739973,-73.98016555,member
428689,10006D012A582339,classic_bike,2021-07-12 16:07:13,2021-07-12 16:13:10,Clinton St & Grand St,5303,Columbia St & Rivington St,5365,40.71559509,-73.9870295,40.71739973,-73.98016555,member
428691,665078C78F0A3DB1,classic_bike,2021-07-26 12:01:19,2021-07-26 12:16:12,Clinton St\t& Cherry St,5190,Columbia St & Rivington St,5365,40.711471394469264,-73.98672603070736,40.71739973,-73.98016555,member
428814,6DD11D6DC82B7912,classic_bike,2021-07-10 10:39:38,2021-07-10 10:44:41,E 2 St & Avenue B,5515,Columbia St & Rivington St,5365,40.72217444,-73.98368779,40.71739973,-73.98016555,member
428823,38701B6927C25030,classic_bike,2021-07-07 07:50:13,2021-07-07 07:55:41,E 2 St & Avenue B,5515,Columbia St & Rivington St,5365,40.72217444,-73.98368779,40.71739973,-73.98016555,member
428824,64ED2224132D5305,classic_bike,2021-07-10 18:26:53,2021-07-10 18:31:03,E 2 St & Avenue B,5515,Columbia St & Rivington St,5365,40.72217444,-73.98368779,40.71739973,-73.98016555,member
428826,19FD7DB0D317D650,classic_bike,2021-07-15 13:58:59,2021-07-15 14:03:08,E 2 St & Avenue B,5515,Columbia St & Rivington St,5365,40.72217444,-73.98368779,40.71739973,-73.98016555,member
428829,E5D62463739E2F2C,electric_bike,2021-07-30 15:25:35,2021-07-30 15:35:50,Howard St & Centre St,5422,Columbia St & Rivington St,5365,40.71910537,-73.99973337,40.71739973,-73.98016555,member
428830,7E048A79BC276510,electric_bike,2021-07-25 16:04:05,2021-07-25 16:14:36,S 5 Pl & S 5 St,5125,Columbia St & Rivington St,5365,40.710451,-73.960876,40.71739973,-73.98016555,member
428842,789C9FEFB94FB463,classic_bike,2021-07-24 05:54:13,2021-07-24 06:04:13,E 2 St & Avenue B,5515,Columbia St & Rivington St,5365,40.72217444,-73.98368779,40.71739973,-73.98016555,casual
428866,1BF37BBFD7491958,classic_bike,2021-07-23 14:29:42,2021-07-23 14:33:18,E 2 St & Avenue B,5515,Columbia St & Rivington St,5365,40.72217444,-73.98368779,40.71739973,-73.98016555,member
428874,12F1D6212BC79FF7,electric_bike,2021-07-26 15:28:57,2021-07-26 15:40:15,Howard St & Centre St,5422,Columbia St & Rivington St,5365,40.71910537,-73.99973337,40.71739973,-73.98016555,member
428883,976A8C5334C04A28,classic_bike,2021-07-26 22:01:46,2021-07-26 22:11:31,E 5 St & Cooper Sq,5712,Columbia St & Rivington St,5365,40.72769,-73.990993,40.71739973,-73.98016555,member
428890,A0A483EBB7167AD6,classic_bike,2021-07-03 14:25:18,2021-07-03 14:28:56,Rivington St & Ridge St,5406,Columbia St & Rivington St,5365,40.71850211,-73.98329859,40.71739973,-73.98016555,member
428893,FCB7D4DE308B6742,classic_bike,2021-07-10 23:18:53,2021-07-10 23:41:50,Rivington St & Ridge St,5406,Columbia St & Rivington St,5365,40.71850211,-73.98329859,40.71739973,-73.98016555,member
428895,DA3672F1C1CC362A,electric_bike,2021-07-22 21:46:01,2021-07-22 21:51:42,Rivington St & Ridge St,5406,Columbia St & Rivington St,5365,40.71850211,-73.98329859,40.71739973,-73.98016555,member
428903,6AE281FE195A5F8E,classic_bike,2021-07-19 20:31:11,2021-07-19 20:34:41,Rivington St & Ridge St,5406,Columbia St & Rivington St,5365,40.71850211,-73.98329859,40.71739973,-73.98016555,member
428906,A84961C60A7772AD,classic_bike,2021-07-07 08:54:00,2021-07-07 08:56:56,Rivington St & Ridge St,5406,Columbia St & Rivington St,5365,40.71850211,-73.98329859,40.71739973,-73.98016555,member
428917,DF02765EF9D37891,electric_bike,2021-07-06 20:58:14,2021-07-06 21:01:11,Rivington St & Ridge St,5406,Columbia St & Rivington St,5365,40.71850211,-73.98329859,40.71739973,-73.98016555,member
428937,054FF8D5764EF93F,classic_bike,2021-07-03 14:34:52,2021-07-03 15:18:15,Rivington St & Ridge St,5406,Columbia St & Rivington St,5365,40.71850211,-73.98329859,40.71739973,-73.98016555,member
428940,91DB8EEF7D64763D,electric_bike,2021-07-12 14:27:29,2021-07-12 14:39:17,E 15 St & 3 Ave,5863,Columbia St & Rivington St,5365,40.734232,-73.986923,40.71739973,-73.98016555,member
428946,04B7C99C2FC01DD6,classic_bike,2021-07-30 15:09:49,2021-07-30 15:26:39,Division St & Bowery,5270,Columbia St & Rivington St,5365,40.714193,-73.996732,40.71739973,-73.98016555,member
428952,115ABA1308E3C822,classic_bike,2021-07-04 20:33:28,2021-07-04 20:46:42,Division St & Bowery,5270,Columbia St & Rivington St,5365,40.714193,-73.996732,40.71739973,-73.98016555,casual
428957,D8B11D5E95FA3BDB,classic_bike,2021-07-23 19:19:15,2021-07-23 19:30:11,Division St & Bowery,5270,Columbia St & Rivington St,5365,40.714193,-73.996732,40.71739973,-73.98016555,member
428968,5F2361DF5ED2A00C,classic_bike,2021-07-13 18:48:15,2021-07-13 18:56:34,Division St & Bowery,5270,Columbia St & Rivington St,5365,40.714193,-73.996732,40.71739973,-73.98016555,member
428977,62BA1C20234276E1,classic_bike,2021-07-19 20:12:41,2021-07-19 20:20:28,Division St & Bowery,5270,Columbia St & Rivington St,5365,40.714193,-73.996732,40.71739973,-73.98016555,member
429034,868DBC88EAD910D9,classic_bike,2021-07-13 08:40:23,2021-07-13 08:41:58,Bialystoker Pl & Delancey St,5335,Columbia St & Rivington St,5365,40.71622644,-73.98261206,40.71739973,-73.98016555,member
429035,4444D2F602D1DC1C,classic_bike,2021-07-19 08:21:15,2021-07-19 08:23:19,Bialystoker Pl & Delancey St,5335,Columbia St & Rivington St,5365,40.71622644,-73.98261206,40.71739973,-73.98016555,member
429052,BCAFB15EFCD14D10,electric_bike,2021-07-27 09:10:03,2021-07-27 09:11:32,Bialystoker Pl & Delancey St,5335,Columbia St & Rivington St,5365,40.71622644,-73.98261206,40.71739973,-73.98016555,member
429138,E8F88186226B8F76,classic_bike,2021-07-25 21:56:32,2021-07-25 22:15:58,Hudson St & W 13 St,6115,Columbia St & Rivington St,5365,40.74005708567285,-74.0052741765976,40.71739973,-73.98016555,member
429147,FAC25AD364851308,classic_bike,2021-07-21 07:10:48,2021-07-21 07:39:54,11 Ave & W 41 St,6726,Columbia St & Rivington St,5365,40.76030096,-73.99884222,40.71739973,-73.98016555,member
429148,1D0402CC565FBD98,classic_bike,2021-07-19 13:38:00,2021-07-19 13:49:17,Division St & Bowery,5270,Columbia St & Rivington St,5365,40.714193,-73.996732,40.71739973,-73.98016555,member
429149,F7312989892D2F79,classic_bike,2021-07-22 18:31:51,2021-07-22 18:40:22,Division St & Bowery,5270,Columbia St & Rivington St,5365,40.714193,-73.996732,40.71739973,-73.98016555,member
429170,EE9363847BB116D4,classic_bike,2021-07-10 09:42:02,2021-07-10 09:51:48,Division St & Bowery,5270,Columbia St & Rivington St,5365,40.714193,-73.996732,40.71739973,-73.98016555,member
429253,9F40248414BEEC4B,classic_bike,2021-07-19 13:03:37,2021-07-19 13:11:33,E 7 St & Avenue A,5626,Columbia St & Rivington St,5365,40.72621788,-73.98379855,40.71739973,-73.98016555,member
429254,6FBC00264A9C74EA,classic_bike,2021-07-28 14:21:52,2021-07-28 14:29:49,E 7 St & Avenue A,5626,Columbia St & Rivington St,5365,40.72621788,-73.98379855,40.71739973,-73.98016555,member
429355,D08ADD1E67C0C1C4,classic_bike,2021-07-18 13:36:28,2021-07-18 13:45:18,E 7 St & Avenue A,5626,Columbia St & Rivington St,5365,40.72621788,-73.98379855,40.71739973,-73.98016555,member
429449,0D076A33E747B29D,classic_bike,2021-07-24 22:51:54,2021-07-24 22:56:59,Ave D & E 8 St,5506,Columbia St & Rivington St,5365,40.72368361,-73.97574813,40.71739973,-73.98016555,casual
429499,35AB56E86FD1E6C0,electric_bike,2021-07-03 15:07:06,2021-07-03 15:23:19,W 22 St & 8 Ave,6224,Columbia St & Rivington St,5365,40.74475148,-73.99915362,40.71739973,-73.98016555,member
429513,DBF31BC86392517A,classic_bike,2021-07-18 18:09:29,2021-07-18 18:13:21,Ave D & E 8 St,5506,Columbia St & Rivington St,5365,40.72368361,-73.97574813,40.71739973,-73.98016555,member
429514,AF506B5246D4996B,electric_bike,2021-07-29 10:10:23,2021-07-29 10:33:46,W 33 St & 7 Ave,6407,Columbia St & Rivington St,5365,40.75019995,-73.99093085,40.71739973,-73.98016555,member
429515,C8F41A000BFDDCE8,classic_bike,2021-07-10 19:53:26,2021-07-10 20:14:13,Ave D & E 8 St,5506,Columbia St & Rivington St,5365,40.72368361,-73.97574813,40.71739973,-73.98016555,member
429619,22003E32ABE9B20D,classic_bike,2021-07-19 18:13:46,2021-07-19 18:32:05,Sands St & Jay St,4821,Columbia St & Rivington St,5365,40.700119,-73.9862,40.71739973,-73.98016555,member
429620,EAE0C4F27AA9E311,classic_bike,2021-07-16 18:48:36,2021-07-16 19:05:12,Sands St & Jay St,4821,Columbia St & Rivington St,5365,40.700119,-73.9862,40.71739973,-73.98016555,member
429638,88250FEE23A7A0BD,classic_bike,2021-07-07 17:30:48,2021-07-07 17:49:08,Sands St & Jay St,4821,Columbia St & Rivington St,5365,40.700119,-73.9862,40.71739973,-73.98016555,member
429680,80B7C02128AD8974,classic_bike,2021-07-22 23:16:11,2021-07-22 23:22:18,Ave D & E 8 St,5506,Columbia St & Rivington St,5365,40.72368361,-73.97574813,40.71739973,-73.98016555,casual
429685,342CEB29D9064F9E,electric_bike,2021-07-30 11:56:59,2021-07-30 12:13:02,Ave D & E 8 St,5506,Columbia St & Rivington St,5365,40.72368361,-73.97574813,40.71739973,-73.98016555,casual
429759,7E77CC585AB171B6,electric_bike,2021-07-13 20:45:56,2021-07-13 21:02:20,W 24 St & 7 Ave,6257,Columbia St & Rivington St,5365,40.74487634,-73.99529885,40.71739973,-73.98016555,member
429793,5C089DA846994F4D,classic_bike,2021-07-14 10:30:36,2021-07-14 10:33:33,Rivington St & Ridge St,5406,Columbia St & Rivington St,5365,40.71850211,-73.98329859,40.71739973,-73.98016555,member
429801,38BBC6D865E8EA65,electric_bike,2021-07-07 18:00:39,2021-07-07 18:16:13,N 6 St & Bedford Ave,5379,Columbia St & Rivington St,5365,40.71745169,-73.95850939,40.71739973,-73.98016555,casual
429804,0559E1BE0DFF4BFE,electric_bike,2021-07-04 19:17:18,2021-07-04 19:24:35,Rivington St & Ridge St,5406,Columbia St & Rivington St,5365,40.71850211,-73.98329859,40.71739973,-73.98016555,casual
429820,5D1003E2161FA6C8,classic_bike,2021-07-08 19:41:44,2021-07-08 19:50:36,E 5 St & Cooper Sq,5712,Columbia St & Rivington St,5365,40.72769,-73.990993,40.71739973,-73.98016555,member
429830,798CD01958340DD4,classic_bike,2021-07-05 21:48:17,2021-07-05 23:11:58,Columbia St & Rivington St,5365,Columbia St & Rivington St,5365,40.71739973,-73.98016555,40.71739973,-73.98016555,member
429836,B6F280E1ABD2E7C0,classic_bike,2021-07-30 12:51:43,2021-07-30 13:15:38,Columbia St & Rivington St,5365,Columbia St & Rivington St,5365,40.71739973,-73.98016555,40.71739973,-73.98016555,member
429837,6011FD83F86B4AA6,classic_bike,2021-07-22 12:57:56,2021-07-22 13:15:27,Columbia St & Rivington St,5365,Columbia St & Rivington St,5365,40.71739973,-73.98016555,40.71739973,-73.98016555,member
429838,A76CD838CEDEBEF4,classic_bike,2021-07-28 13:04:23,2021-07-28 13:48:54,Columbia St & Rivington St,5365,Columbia St & Rivington St,5365,40.71739973,-73.98016555,40.71739973,-73.98016555,member
429844,AEA4A9A052E5B54F,classic_bike,2021-07-06 19:06:58,2021-07-06 19:19:37,St James Pl & Oliver St,5238,Columbia St & Rivington St,5365,40.71307916,-73.99851193,40.71739973,-73.98016555,member
429884,226428A624F9A391,classic_bike,2021-07-22 12:34:09,2021-07-22 12:34:42,Columbia St & Rivington St,5365,Columbia St & Rivington St,5365,40.71739973,-73.98016555,40.71739973,-73.98016555,member
429887,AFF3D40BC1C46200,classic_bike,2021-07-28 00:14:52,2021-07-28 00:29:43,Columbia St & Rivington St,5365,Columbia St & Rivington St,5365,40.71739973,-73.98016555,40.71739973,-73.98016555,member
429897,1AD8BD9EBFB39388,classic_bike,2021-07-04 20:33:37,2021-07-04 20:46:45,Division St & Bowery,5270,Columbia St & Rivington St,5365,40.714193,-73.996732,40.71739973,-73.98016555,casual
429899,8913C038CFE7826A,electric_bike,2021-07-02 18:25:21,2021-07-02 18:34:16,Division St & Bowery,5270,Columbia St & Rivington St,5365,40.714193,-73.996732,40.71739973,-73.98016555,member
429902,D2065BEF58C9749E,classic_bike,2021-07-22 12:55:40,2021-07-22 13:03:46,Division St & Bowery,5270,Columbia St & Rivington St,5365,40.714193,-73.996732,40.71739973,-73.98016555,member
429903,9AB70C7351B5F9CB,classic_bike,2021-07-12 10:41:02,2021-07-12 10:50:46,Division St & Bowery,5270,Columbia St & Rivington St,5365,40.714193,-73.996732,40.71739973,-73.98016555,member
429907,5A3998487E58106A,classic_bike,2021-07-23 19:52:35,2021-07-23 19:59:58,Division St & Bowery,5270,Columbia St & Rivington St,5365,40.714193,-73.996732,40.71739973,-73.98016555,member
429908,1D2460368BE62AD4,classic_bike,2021-07-27 13:46:43,2021-07-27 13:58:47,Division St & Bowery,5270,Columbia St & Rivington St,5365,40.714193,-73.996732,40.71739973,-73.98016555,member
429910,B6E150D741336397,classic_bike,2021-07-24 09:34:07,2021-07-24 09:42:40,Division St & Bowery,5270,Columbia St & Rivington St,5365,40.714193,-73.996732,40.71739973,-73.98016555,member
429959,643D380B17C98102,classic_bike,2021-07-18 15:09:23,2021-07-18 15:17:45,Columbia St & Rivington St,5365,St James Pl & Oliver St,5238,40.71739973,-73.98016555,40.71307916,-73.99851193,member
429968,E323E46D3D7E3803,classic_bike,2021-07-20 18:44:32,2021-07-20 18:51:47,St James Pl & Oliver St,5238,Columbia St & Rivington St,5365,40.71307916,-73.99851193,40.71739973,-73.98016555,member
429974,631F6A8F1B3502A5,classic_bike,2021-07-01 12:33:41,2021-07-01 12:42:35,Columbia St & Rivington St,5365,St James Pl & Oliver St,5238,40.71739973,-73.98016555,40.71307916,-73.99851193,member
429986,8821C8C2547141A7,classic_bike,2021-07-02 09:00:08,2021-07-02 09:31:09,Columbia St & Rivington St,5365,Columbia St & Rivington St,5365,40.71739973,-73.98016555,40.71739973,-73.98016555,member
430035,DEC9F6701B2C0BFC,classic_bike,2021-07-30 15:26:17,2021-07-30 15:32:06,1 Ave & E 6 St,5626,Columbia St & Rivington St,5365,40.72633085971696,-73.98616880178452,40.71739973,-73.98016555,member
430075,FACBA353978D1CC4,electric_bike,2021-07-23 23:44:40,2021-07-24 00:02:32,N 6 St & Bedford Ave,5379,Columbia St & Rivington St,5365,40.71745169,-73.95850939,40.71739973,-73.98016555,member
430085,A571CF4603873F94,classic_bike,2021-07-18 15:48:07,2021-07-18 15:55:27,Rivington St & Ridge St,5406,Columbia St & Rivington St,5365,40.71850211,-73.98329859,40.71739973,-73.98016555,member
430086,7C15A1CB37790FD2,classic_bike,2021-07-31 02:14:39,2021-07-31 02:33:33,Rivington St & Ridge St,5406,Columbia St & Rivington St,5365,40.71850211,-73.98329859,40.71739973,-73.98016555,member
430090,CB5F897E129D5C8F,electric_bike,2021-07-07 21:05:50,2021-07-07 21:19:13,E 15 St & 3 Ave,5863,Columbia St & Rivington St,5365,40.734232,-73.986923,40.71739973,-73.98016555,member
430095,9AA8CE719F0D9908,classic_bike,2021-07-17 07:30:49,2021-07-17 07:42:58,E 15 St & 3 Ave,5863,Columbia St & Rivington St,5365,40.734232,-73.986923,40.71739973,-73.98016555,member
430124,FD4954D1A295B72A,classic_bike,2021-07-31 04:53:51,2021-07-31 05:00:37,1 Ave & E 6 St,5626,Columbia St & Rivington St,5365,40.72633085971696,-73.98616880178452,40.71739973,-73.98016555,member
430126,92388C8960516AFD,classic_bike,2021-07-19 19:23:51,2021-07-19 19:34:24,Market St & Henry St,5270,Columbia St & Rivington St,5365,40.71310702305908,-73.99446353316307,40.71739973,-73.98016555,member
430139,3C513C4E23B3FA6B,classic_bike,2021-07-13 12:19:55,2021-07-13 12:31:36,Columbia St & Rivington St,5365,St James Pl & Oliver St,5238,40.71739973,-73.98016555,40.71307916,-73.99851193,member
430140,1355CC4625156905,classic_bike,2021-07-01 11:50:59,2021-07-01 12:11:27,Columbia St & Rivington St,5365,St James Pl & Oliver St,5238,40.71739973,-73.98016555,40.71307916,-73.99851193,member
430157,34DFBCEF4ACDC3C9,classic_bike,2021-07-23 17:48:10,2021-07-23 18:03:46,Columbia St & Rivington St,5365,Columbia St & Rivington St,5365,40.71739973,-73.98016555,40.71739973,-73.98016555,member
430191,2A8BF70D7570DDDB,classic_bike,2021-07-30 17:14:39,2021-07-30 17:57:59,Columbia St & Rivington St,5365,Columbia St & Rivington St,5365,40.71739973,-73.98016555,40.71739973,-73.98016555,casual
430196,D92E02E8B830E751,classic_bike,2021-07-04 22:09:32,2021-07-04 22:38:10,Columbia St & Rivington St,5365,Columbia St & Rivington St,5365,40.71739973,-73.98016555,40.71739973,-73.98016555,casual
430207,742483ABA9B245AC,classic_bike,2021-07-25 23:33:37,2021-07-25 23:38:49,Columbia St & Rivington St,5365,Columbia St & Rivington St,5365,40.71739973,-73.98016555,40.71739973,-73.98016555,casual
430247,6863AE61FAC147B1,electric_bike,2021-07-08 22:50:55,2021-07-08 23:18:13,Columbia St & Rivington St,5365,Columbia St & Rivington St,5365,40.71739973,-73.98016555,40.71739973,-73.98016555,casual
430248,D3DFE309F683B980,classic_bike,2021-07-21 12:17:25,2021-07-21 12:27:55,Columbia St & Rivington St,5365,Columbia St & Rivington St,5365,40.71739973,-73.98016555,40.71739973,-73.98016555,casual
430263,AAB12B0BC2240C67,classic_bike,2021-07-12 08:36:10,2021-07-12 08:42:43,Market St & Henry St,5270,Columbia St & Rivington St,5365,40.71310702305908,-73.99446353316307,40.71739973,-73.98016555,member
430287,E4B8430F5402F1C1,classic_bike,2021-07-07 17:49:53,2021-07-07 18:13:37,E 39 St & Lexington Ave,6389,Columbia St & Rivington St,5365,40.7494985460252,-73.97729203113158,40.71739973,-73.98016555,member
430305,BB4464D2267C0832,electric_bike,2021-07-13 13:58:09,2021-07-13 14:08:26,Pearl St & Hanover Square,4993,Columbia St & Rivington St,5365,40.7047177,-74.00926027,40.71739973,-73.98016555,member
430321,24987D3DC30BFE26,electric_bike,2021-07-29 17:14:05,2021-07-29 17:17:23,Canal St & Rutgers St,5303,Columbia St & Rivington St,5365,40.71427487,-73.98990025,40.71739973,-73.98016555,member
430360,F8B3434D37E4E3BB,classic_bike,2021-07-21 18:00:12,2021-07-21 18:06:34,Canal St & Rutgers St,5303,Columbia St & Rivington St,5365,40.71427487,-73.98990025,40.71739973,-73.98016555,member
430362,E875D03256224575,classic_bike,2021-07-16 17:35:01,2021-07-16 17:42:19,Canal St & Rutgers St,5303,Columbia St & Rivington St,5365,40.71427487,-73.98990025,40.71739973,-73.98016555,member
430392,6A604A1981AF1272,classic_bike,2021-07-16 17:42:14,2021-07-16 17:50:54,E 6 St & Avenue D,5506,Columbia St & Rivington St,5365,40.72228087,-73.97668709,40.71739973,-73.98016555,member
430394,D086F249FC4F6366,classic_bike,2021-07-15 16:59:34,2021-07-15 17:04:34,E 2 St & Avenue A,5553,Columbia St & Rivington St,5365,40.72307749068673,-73.98583620786667,40.71739973,-73.98016555,member
430395,C9E2A05D7CAE6A1A,electric_bike,2021-07-15 18:28:54,2021-07-15 18:34:32,E 6 St & Avenue B,5584,Columbia St & Rivington St,5365,40.72453734,-73.98185424,40.71739973,-73.98016555,member
430403,4CD38B8D0AB0A2C8,classic_bike,2021-07-19 17:42:57,2021-07-19 17:49:21,E 10 St & Avenue A,5659,Columbia St & Rivington St,5365,40.72740794,-73.98142006,40.71739973,-73.98016555,member
430405,48C3B94CE68CF0CF,classic_bike,2021-07-05 16:40:02,2021-07-05 16:46:21,E 6 St & Avenue D,5506,Columbia St & Rivington St,5365,40.72228087,-73.97668709,40.71739973,-73.98016555,member
430417,379DF0C180E8860C,classic_bike,2021-07-15 13:35:40,2021-07-15 13:44:57,Canal St & Rutgers St,5303,Columbia St & Rivington St,5365,40.71427487,-73.98990025,40.71739973,-73.98016555,member
430419,5288DBEA7A2F3BBF,classic_bike,2021-07-08 14:17:00,2021-07-08 14:21:50,Canal St & Rutgers St,5303,Columbia St & Rivington St,5365,40.71427487,-73.98990025,40.71739973,-73.98016555,member
430437,B4F62BAFAB8C2F6B,classic_bike,2021-07-07 23:40:08,2021-07-08 00:00:53,E 48 St & 3 Ave,6541,Columbia St & Rivington St,5365,40.7546011026,-73.971878855,40.71739973,-73.98016555,member
430449,780A545916CF66AD,classic_bike,2021-07-12 16:46:10,2021-07-12 16:56:15,Forsyth St & Canal St,5270,Columbia St & Rivington St,5365,40.7158155,-73.99422366,40.71739973,-73.98016555,member
430452,1B4240EBA435267C,classic_bike,2021-07-24 11:56:53,2021-07-24 12:03:47,Forsyth St & Canal St,5270,Columbia St & Rivington St,5365,40.7158155,-73.99422366,40.71739973,-73.98016555,member
430456,45DB17CBE2C8EAE5,classic_bike,2021-07-22 18:13:55,2021-07-22 18:23:51,Forsyth St & Canal St,5270,Columbia St & Rivington St,5365,40.7158155,-73.99422366,40.71739973,-73.98016555,casual
430457,823682E3DBACCFD0,classic_bike,2021-07-08 06:01:51,2021-07-08 06:12:17,Columbia St & Rivington St,5365,Columbia St & Rivington St,5365,40.71739973,-73.98016555,40.71739973,-73.98016555,member
430460,488E7C168237774E,classic_bike,2021-07-02 18:55:55,2021-07-02 19:11:29,St James Pl & Oliver St,5238,Columbia St & Rivington St,5365,40.71307916,-73.99851193,40.71739973,-73.98016555,member
430461,751A036B3C466B7F,electric_bike,2021-07-27 21:35:59,2021-07-27 22:04:52,Columbia St & Rivington St,5365,Columbia St & Rivington St,5365,40.71739973,-73.98016555,40.71739973,-73.98016555,member
430495,F60DED5FA7791E04,classic_bike,2021-07-14 20:36:39,2021-07-14 21:02:00,Columbia St & Rivington St,5365,E 33 St & 1 Ave,6197,40.71739973,-73.98016555,40.74322681432173,-73.97449783980846,casual
430578,6A259ACA761B6038,electric_bike,2021-07-07 19:01:14,2021-07-07 19:04:20,Suffolk St & Stanton St,5445,Columbia St & Rivington St,5365,40.72066442,-73.98517977,40.71739973,-73.98016555,member
430584,75C39D26042BAA0C,classic_bike,2021-07-26 19:40:29,2021-07-26 19:44:51,Suffolk St & Stanton St,5445,Columbia St & Rivington St,5365,40.72066442,-73.98517977,40.71739973,-73.98016555,member
430625,C679C69F20948B76,electric_bike,2021-07-26 21:56:26,2021-07-26 22:01:23,Forsyth St & Canal St,5270,Columbia St & Rivington St,5365,40.7158155,-73.99422366,40.71739973,-73.98016555,member
430636,6061B194CD624BC2,classic_bike,2021-07-01 15:45:19,2021-07-01 15:51:45,Avenue D & E 10 St,5575,Columbia St & Rivington St,5365,40.72506551015475,-73.97515833377838,40.71739973,-73.98016555,member
430646,7766358C3F24EA54,classic_bike,2021-07-27 08:50:25,2021-07-27 08:57:51,Lafayette St & Jersey St,5561,Columbia St & Rivington St,5365,40.72456089,-73.99565293,40.71739973,-73.98016555,member
430654,D83E2775D79D4873,classic_bike,2021-07-21 18:26:42,2021-07-21 18:34:16,Lafayette St & Jersey St,5561,Columbia St & Rivington St,5365,40.72456089,-73.99565293,40.71739973,-73.98016555,member
430655,C8A48F562EF410EF,classic_bike,2021-07-09 17:36:07,2021-07-09 17:48:08,Lafayette St & Jersey St,5561,Columbia St & Rivington St,5365,40.72456089,-73.99565293,40.71739973,-73.98016555,casual
430664,E16613754C934326,classic_bike,2021-07-12 09:34:56,2021-07-12 09:49:46,W 4 St & 7 Ave S,5880,Columbia St & Rivington St,5365,40.73401143,-74.00293877,40.71739973,-73.98016555,casual
430673,0D8169EF200C8A69,electric_bike,2021-07-23 02:10:49,2021-07-23 02:15:50,Lafayette St & Jersey St,5561,Columbia St & Rivington St,5365,40.72456089,-73.99565293,40.71739973,-73.98016555,casual
430683,29809F2D096421E2,classic_bike,2021-07-19 16:43:18,2021-07-19 17:12:08,Lafayette St & Jersey St,5561,Columbia St & Rivington St,5365,40.72456089,-73.99565293,40.71739973,-73.98016555,member
430685,A1E899B075CA992D,classic_bike,2021-07-27 04:03:34,2021-07-27 04:27:45,Lafayette St & Jersey St,5561,Columbia St & Rivington St,5365,40.72456089,-73.99565293,40.71739973,-73.98016555,member
430702,C0FAAA6310736AEA,electric_bike,2021-07-10 20:00:24,2021-07-10 20:04:54,Forsyth St & Canal St,5270,Columbia St & Rivington St,5365,40.7158155,-73.99422366,40.71739973,-73.98016555,member
430707,7BA1515D7B66EA45,electric_bike,2021-07-06 18:54:20,2021-07-06 18:59:59,Forsyth St & Canal St,5270,Columbia St & Rivington St,5365,40.7158155,-73.99422366,40.71739973,-73.98016555,member
430724,FF2DA884C182D4D0,electric_bike,2021-07-05 06:30:22,2021-07-05 06:33:23,Stanton St & Mangin St,5326,Columbia St & Rivington St,5365,40.71782143,-73.97628939,40.71739973,-73.98016555,member
430735,76975E8DB4355D64,classic_bike,2021-07-27 09:50:50,2021-07-27 10:03:38,Stanton St & Mangin St,5326,Columbia St & Rivington St,5365,40.71782143,-73.97628939,40.71739973,-73.98016555,member
430743,B9909176329C3588,classic_bike,2021-07-19 09:21:25,2021-07-19 09:49:20,Avenue D & E 10 St,5575,Columbia St & Rivington St,5365,40.72506551015475,-73.97515833377838,40.71739973,-73.98016555,member
430745,30D48CE962ED385C,classic_bike,2021-07-02 10:02:14,2021-07-02 10:05:59,Stanton St & Mangin St,5326,Columbia St & Rivington St,5365,40.71782143,-73.97628939,40.71739973,-73.98016555,member
430748,26646A0B91066D19,classic_bike,2021-07-13 15:09:06,2021-07-13 15:12:04,Stanton St & Mangin St,5326,Columbia St & Rivington St,5365,40.71782143,-73.97628939,40.71739973,-73.98016555,member
430750,30517B06F767F890,classic_bike,2021-07-02 11:05:45,2021-07-02 11:17:16,E 11 St & 3 Ave,5788,Columbia St & Rivington St,5365,40.73127,-73.98849,40.71739973,-73.98016555,member
430768,DD4A15790530B267,classic_bike,2021-07-16 12:32:48,2021-07-16 12:34:53,Stanton St & Mangin St,5326,Columbia St & Rivington St,5365,40.71782143,-73.97628939,40.71739973,-73.98016555,member
430788,9DF79EFDED183E93,classic_bike,2021-07-02 13:29:10,2021-07-02 13:36:14,Allen St & Hester St,5342,Columbia St & Rivington St,5365,40.71605866,-73.99190759,40.71739973,-73.98016555,member
430793,DA7AED8A97B74701,electric_bike,2021-07-05 21:22:06,2021-07-05 21:35:37,E 23 St & 1 Ave,5929,Columbia St & Rivington St,5365,40.736502,-73.97809472,40.71739973,-73.98016555,member
430805,2FA95EFF4BECABB0,classic_bike,2021-07-10 11:27:57,2021-07-10 11:35:37,Allen St & Hester St,5342,Columbia St & Rivington St,5365,40.71605866,-73.99190759,40.71739973,-73.98016555,member
430812,2BE9C08A185A1473,classic_bike,2021-07-01 13:12:14,2021-07-01 13:29:12,E 23 St & 1 Ave,5929,Columbia St & Rivington St,5365,40.736502,-73.97809472,40.71739973,-73.98016555,member
430822,D3CE3E495E0AEEC5,classic_bike,2021-07-05 22:35:10,2021-07-05 22:51:16,E 23 St & 1 Ave,5929,Columbia St & Rivington St,5365,40.736502,-73.97809472,40.71739973,-73.98016555,member
430826,B35D0100D16D80F8,classic_bike,2021-07-05 02:26:07,2021-07-05 02:31:22,Allen St & Hester St,5342,Columbia St & Rivington St,5365,40.71605866,-73.99190759,40.71739973,-73.98016555,member
430839,E19068E22B8B30C3,classic_bike,2021-07-10 10:42:02,2021-07-10 10:48:10,Allen St & Hester St,5342,Columbia St & Rivington St,5365,40.71605866,-73.99190759,40.71739973,-73.98016555,member
430840,15655D64EF01F59D,classic_bike,2021-07-06 15:58:50,2021-07-06 16:04:17,Canal St & Rutgers St,5303,Columbia St & Rivington St,5365,40.71427487,-73.98990025,40.71739973,-73.98016555,member
430863,AB0E8EF01DEEE15F,electric_bike,2021-07-26 10:44:50,2021-07-26 10:48:41,Canal St & Rutgers St,5303,Columbia St & Rivington St,5365,40.71427487,-73.98990025,40.71739973,-73.98016555,member
430890,3EB73813787C21B2,classic_bike,2021-07-19 18:37:03,2021-07-19 18:41:59,Stanton St & Mangin St,5326,Columbia St & Rivington St,5365,40.71782143,-73.97628939,40.71739973,-73.98016555,member
430892,1443D4DDCEA4CE90,electric_bike,2021-07-27 15:19:16,2021-07-27 15:30:43,Market St & Cherry St,5198,Columbia St & Rivington St,5365,40.71076228,-73.99400398,40.71739973,-73.98016555,member
430966,7F818B9943C10108,electric_bike,2021-07-07 14:09:49,2021-07-07 14:23:25,E 23 St & 1 Ave,5929,Columbia St & Rivington St,5365,40.736502,-73.97809472,40.71739973,-73.98016555,casual
431008,126A6F3AF5047B0A,classic_bike,2021-07-23 17:42:04,2021-07-23 17:59:43,Duffield St & Willoughby St,4596,Columbia St & Rivington St,5365,40.69221589,-73.9842844,40.71739973,-73.98016555,member
431033,3B0A7605796A5895,electric_bike,2021-07-10 19:12:32,2021-07-10 19:33:42,W 31 St & 7 Ave,6331,Columbia St & Rivington St,5365,40.749156,-73.9916,40.71739973,-73.98016555,member
431059,992DBDA7F8A69834,classic_bike,2021-07-30 17:39:09,2021-07-30 17:51:08,E 23 St & 1 Ave,5929,Columbia St & Rivington St,5365,40.736502,-73.97809472,40.71739973,-73.98016555,member
431072,1D22E0AEFACF8D53,classic_bike,2021-07-29 10:19:22,2021-07-29 10:32:30,E 23 St & 1 Ave,5929,Columbia St & Rivington St,5365,40.736502,-73.97809472,40.71739973,-73.98016555,member
431075,DE4C768D835E0760,electric_bike,2021-07-15 03:29:19,2021-07-15 03:39:04,Allen St & Hester St,5342,Columbia St & Rivington St,5365,40.71605866,-73.99190759,40.71739973,-73.98016555,member
431160,7B7B277DF307DDFC,electric_bike,2021-07-10 11:10:44,2021-07-10 11:29:04,Bank St & Washington St,5964,Columbia St & Rivington St,5365,40.7361967,-74.00859207,40.71739973,-73.98016555,casual
431246,E0247DC55856B893,classic_bike,2021-07-06 17:18:19,2021-07-06 18:04:54,E 97 St & 3 Ave,7365,Columbia St & Rivington St,5365,40.7859201,-73.94860294,40.71739973,-73.98016555,casual
431258,5FEC5EF615AC8564,classic_bike,2021-07-09 12:20:34,2021-07-09 12:42:01,Avenue D & E 10 St,5575,Columbia St & Rivington St,5365,40.72506551015475,-73.97515833377838,40.71739973,-73.98016555,casual
431329,A33D17045734B1A5,classic_bike,2021-07-13 19:31:42,2021-07-14 13:46:31,Leonard St & Church St,5359,Columbia St & Rivington St,5365,40.717571,-74.005549,40.71739973,-73.98016555,member
431335,D426E2AB33AA442C,electric_bike,2021-07-27 17:27:02,2021-07-27 18:04:57,Bialystoker Pl & Delancey St,5335,Columbia St & Rivington St,5365,40.71622644,-73.98261206,40.71739973,-73.98016555,member
431339,92E746255DF98BE9,classic_bike,2021-07-31 16:41:59,2021-07-31 17:11:16,Bialystoker Pl & Delancey St,5335,Columbia St & Rivington St,5365,40.71622644,-73.98261206,40.71739973,-73.98016555,member
431350,D8A393767A344282,classic_bike,2021-07-10 11:43:53,2021-07-10 11:53:07,E 20 St & FDR Drive,5886,Columbia St & Rivington St,5365,40.73314259,-73.97573881,40.71739973,-73.98016555,member
431359,B5C709C3D6172CD7,classic_bike,2021-07-13 18:27:53,2021-07-13 18:46:09,E 20 St & FDR Drive,5886,Columbia St & Rivington St,5365,40.73314259,-73.97573881,40.71739973,-73.98016555,casual
431372,701316137E3BF458,classic_bike,2021-07-27 11:41:40,2021-07-27 12:01:14,Broadway & Battery Pl,4962,Columbia St & Rivington St,5365,40.70463334,-74.01361706,40.71739973,-73.98016555,member
431400,A18677A2F8F9EB69,classic_bike,2021-07-15 07:49:37,2021-07-15 08:01:30,St Marks Pl & 1 Ave,5626,Columbia St & Rivington St,5365,40.72779126,-73.98564945,40.71739973,-73.98016555,casual
431407,B07D96977468C64E,electric_bike,2021-07-29 13:23:09,2021-07-29 13:31:52,St Marks Pl & 1 Ave,5626,Columbia St & Rivington St,5365,40.72779126,-73.98564945,40.71739973,-73.98016555,member
431419,0355886C66225F06,electric_bike,2021-07-30 02:34:16,2021-07-30 03:33:24,St Marks Pl & 1 Ave,5626,Columbia St & Rivington St,5365,40.72779126,-73.98564945,40.71739973,-73.98016555,member
431439,EA29551E55477D27,classic_bike,2021-07-30 21:02:21,2021-07-30 21:13:00,Centre St & Worth St,5279,Columbia St & Rivington St,5365,40.71494807,-74.00234482,40.71739973,-73.98016555,member
431440,9F19D53567523613,classic_bike,2021-07-26 21:01:25,2021-07-26 21:11:51,Centre St & Worth St,5279,Columbia St & Rivington St,5365,40.71494807,-74.00234482,40.71739973,-73.98016555,member
431457,251A5FB744C5E6D6,electric_bike,2021-07-25 15:17:42,2021-07-25 15:27:38,Broadway & E 14 St,5905,Columbia St & Rivington St,5365,40.73454567,-73.99074142,40.71739973,-73.98016555,member
431467,243EBECFB8137D12,classic_bike,2021-07-21 18:24:26,2021-07-21 18:36:24,Lispenard St & Broadway,5391,Columbia St & Rivington St,5365,40.71939226,-74.00247214,40.71739973,-73.98016555,member
431476,1156A2130AD5FE99,classic_bike,2021-07-10 11:13:36,2021-07-10 11:35:33,Broadway & E 14 St,5905,Columbia St & Rivington St,5365,40.73454567,-73.99074142,40.71739973,-73.98016555,casual
431498,E6D43A7F97C400C3,classic_bike,2021-07-12 20:29:29,2021-07-12 20:40:11,Centre St & Worth St,5279,Columbia St & Rivington St,5365,40.71494807,-74.00234482,40.71739973,-73.98016555,member
431499,D3747DA61EFCCC8B,classic_bike,2021-07-13 20:10:02,2021-07-13 20:20:49,Centre St & Worth St,5279,Columbia St & Rivington St,5365,40.71494807,-74.00234482,40.71739973,-73.98016555,member
431503,680804DFB4063FF9,classic_bike,2021-07-14 20:51:54,2021-07-14 21:00:35,Centre St & Worth St,5279,Columbia St & Rivington St,5365,40.71494807,-74.00234482,40.71739973,-73.98016555,member
431716,22DFEB960BA4B09E,classic_bike,2021-07-04 11:06:16,2021-07-04 11:19:14,S 5 Pl & S 5 St,5125,Columbia St & Rivington St,5365,40.710451,-73.960876,40.71739973,-73.98016555,member
431721,E49627FED44D5086,classic_bike,2021-07-22 15:33:33,2021-07-22 15:37:49,E 2 St & Avenue B,5515,Columbia St & Rivington St,5365,40.72217444,-73.98368779,40.71739973,-73.98016555,member
431945,6E17135BEA894B6C,classic_bike,2021-07-23 16:26:04,2021-07-23 16:54:23,Pearl St & Hanover Square,4993,Columbia St & Rivington St,5365,40.7047177,-74.00926027,40.71739973,-73.98016555,member
431972,4B96AB5CA6CA0EDD,electric_bike,2021-07-14 15:03:27,2021-07-14 15:14:05,Pearl St & Hanover Square,4993,Columbia St & Rivington St,5365,40.7047177,-74.00926027,40.71739973,-73.98016555,member
432001,80457C0E5D1D2817,classic_bike,2021-07-10 12:06:58,2021-07-10 12:41:24,1 Ave & E 39 St,6303,Columbia St & Rivington St,5365,40.74714,-73.97113,40.71739973,-73.98016555,member
432020,8B62C0C9F0BC6B0D,classic_bike,2021-07-11 15:26:28,2021-07-11 16:02:37,E 91 St & 2 Ave,7286,Columbia St & Rivington St,5365,40.78115276427916,-73.94963040947914,40.71739973,-73.98016555,casual
432034,5648C7E98F4B43DA,classic_bike,2021-07-18 16:31:30,2021-07-18 17:05:50,1 Ave & E 39 St,6303,Columbia St & Rivington St,5365,40.74714,-73.97113,40.71739973,-73.98016555,casual
432037,4BE5ED62B949D838,electric_bike,2021-07-17 07:32:57,2021-07-17 08:03:26,Meserole Ave & Manhattan Ave,5666,Columbia St & Rivington St,5365,40.72708584,-73.95299117,40.71739973,-73.98016555,member
432088,E7E4DBE0D1C0B988,classic_bike,2021-07-31 14:01:45,2021-07-31 14:09:17,E 7 St & Avenue A,5626,Columbia St & Rivington St,5365,40.72621788,-73.98379855,40.71739973,-73.98016555,member
432110,2B28FDAA26DF501F,classic_bike,2021-07-21 14:01:38,2021-07-21 14:08:19,E 7 St & Avenue A,5626,Columbia St & Rivington St,5365,40.72621788,-73.98379855,40.71739973,-73.98016555,member
432112,D6B0155352D0DAAB,classic_bike,2021-07-12 09:42:40,2021-07-12 09:49:22,E 7 St & Avenue A,5626,Columbia St & Rivington St,5365,40.72621788,-73.98379855,40.71739973,-73.98016555,member
432113,7F04FD6CFEF1EAD4,classic_bike,2021-07-09 11:30:25,2021-07-09 11:36:55,E 7 St & Avenue A,5626,Columbia St & Rivington St,5365,40.72621788,-73.98379855,40.71739973,-73.98016555,member
432151,7E5F909B58231B3C,classic_bike,2021-07-17 17:57:46,2021-07-17 18:12:49,Lexington Ave & E 26 St,6089,Columbia St & Rivington St,5365,40.741459,-73.983293,40.71739973,-73.98016555,member
432163,A7A335A4D66BCAE0,electric_bike,2021-07-21 17:23:54,2021-07-21 17:38:09,Lexington Ave & E 26 St,6089,Columbia St & Rivington St,5365,40.741459,-73.983293,40.71739973,-73.98016555,member
432182,CCDD724E7E923FFB,classic_bike,2021-07-13 10:22:06,2021-07-13 10:26:16,Suffolk St & Stanton St,5445,Columbia St & Rivington St,5365,40.72066442,-73.98517977,40.71739973,-73.98016555,member
432183,555408E7D4D54792,classic_bike,2021-07-13 05:30:02,2021-07-13 05:34:19,Suffolk St & Stanton St,5445,Columbia St & Rivington St,5365,40.72066442,-73.98517977,40.71739973,-73.98016555,member
432186,0EC7E5A519B2E04A,electric_bike,2021-07-04 12:57:38,2021-07-04 13:01:11,Suffolk St & Stanton St,5445,Columbia St & Rivington St,5365,40.72066442,-73.98517977,40.71739973,-73.98016555,member
432192,CE3B8E246C9B83AC,electric_bike,2021-07-30 06:32:36,2021-07-30 07:03:38,Suffolk St & Stanton St,5445,Columbia St & Rivington St,5365,40.72066442,-73.98517977,40.71739973,-73.98016555,member
432207,F6358FF4394DD555,classic_bike,2021-07-22 12:44:59,2021-07-22 13:12:29,Suffolk St & Stanton St,5445,Columbia St & Rivington St,5365,40.72066442,-73.98517977,40.71739973,-73.98016555,member
432220,03458B90D7342291,classic_bike,2021-07-28 12:50:38,2021-07-28 12:57:47,Suffolk St & Stanton St,5445,Columbia St & Rivington St,5365,40.72066442,-73.98517977,40.71739973,-73.98016555,member
432291,3DA944805FDC3A4E,classic_bike,2021-07-17 09:37:52,2021-07-17 09:54:44,2 Ave & E 31 St,6197,Columbia St & Rivington St,5365,40.74290902,-73.97706058,40.71739973,-73.98016555,member
432320,5BADA8B3564442B8,classic_bike,2021-07-14 22:19:31,2021-07-14 22:33:48,Lexington Ave & E 26 St,6089,Columbia St & Rivington St,5365,40.741459,-73.983293,40.71739973,-73.98016555,member
432321,BD1A582F7C4098D3,classic_bike,2021-07-22 19:54:59,2021-07-22 20:11:18,Lexington Ave & E 26 St,6089,Columbia St & Rivington St,5365,40.741459,-73.983293,40.71739973,-73.98016555,member
432333,5D3421A44953DEA0,classic_bike,2021-07-13 19:03:15,2021-07-13 19:06:28,Bialystoker Pl & Delancey St,5335,Columbia St & Rivington St,5365,40.71622644,-73.98261206,40.71739973,-73.98016555,member
432337,E857A33F47EC7B3D,classic_bike,2021-07-27 11:33:38,2021-07-27 11:43:06,E 20 St & FDR Drive,5886,Columbia St & Rivington St,5365,40.73314259,-73.97573881,40.71739973,-73.98016555,member
432342,983FA908D1BE09C2,electric_bike,2021-07-09 21:54:58,2021-07-09 22:42:17,Rivington St & Chrystie St,5453,Columbia St & Rivington St,5365,40.72110063,-73.9919254,40.71739973,-73.98016555,member
432366,587919EB17356726,classic_bike,2021-07-25 17:46:49,2021-07-25 18:02:24,E 20 St & FDR Drive,5886,Columbia St & Rivington St,5365,40.73314259,-73.97573881,40.71739973,-73.98016555,casual
432368,3315A961D31D9B2C,classic_bike,2021-07-04 14:14:53,2021-07-04 15:56:43,Bialystoker Pl & Delancey St,5335,Columbia St & Rivington St,5365,40.71622644,-73.98261206,40.71739973,-73.98016555,casual
432420,68FB3EB45E647DBE,electric_bike,2021-07-12 14:37:39,2021-07-12 14:55:17,Cliff St & Fulton St,5065,Columbia St & Rivington St,5365,40.70838,-74.00495,40.71739973,-73.98016555,member
432450,5BDB8FDDA4CF2B99,classic_bike,2021-07-09 20:27:52,2021-07-09 20:32:34,Norfolk St & Broome St,5374,Columbia St & Rivington St,5365,40.7172274,-73.98802084,40.71739973,-73.98016555,member
432456,06DC2E4B1B32592C,classic_bike,2021-07-23 16:11:24,2021-07-23 16:15:04,Norfolk St & Broome St,5374,Columbia St & Rivington St,5365,40.7172274,-73.98802084,40.71739973,-73.98016555,member
432457,3D2384BECD7B109D,classic_bike,2021-07-04 22:43:15,2021-07-04 22:52:56,Norfolk St & Broome St,5374,Columbia St & Rivington St,5365,40.7172274,-73.98802084,40.71739973,-73.98016555,casual
432461,EF7DD1CB90FE5DD3,classic_bike,2021-07-21 21:23:37,2021-07-21 21:30:49,Norfolk St & Broome St,5374,Columbia St & Rivington St,5365,40.7172274,-73.98802084,40.71739973,-73.98016555,casual
432467,64C195749CAF3987,classic_bike,2021-07-04 22:43:56,2021-07-04 22:52:39,Norfolk St & Broome St,5374,Columbia St & Rivington St,5365,40.7172274,-73.98802084,40.71739973,-73.98016555,casual
432478,368576C084911C5B,classic_bike,2021-07-04 13:41:25,2021-07-04 13:43:24,Rivington St & Ridge St,5406,Columbia St & Rivington St,5365,40.71850211,-73.98329859,40.71739973,-73.98016555,member
432490,EBDEE696356BA352,classic_bike,2021-07-24 01:52:19,2021-07-24 02:06:44,Rivington St & Ridge St,5406,Columbia St & Rivington St,5365,40.71850211,-73.98329859,40.71739973,-73.98016555,member
432491,84CFC105B89B587C,electric_bike,2021-07-24 03:01:39,2021-07-24 03:15:32,Rivington St & Ridge St,5406,Columbia St & Rivington St,5365,40.71850211,-73.98329859,40.71739973,-73.98016555,member
432494,287B9C3B600120EC,electric_bike,2021-07-02 21:00:41,2021-07-02 21:04:11,Rivington St & Ridge St,5406,Columbia St & Rivington St,5365,40.71850211,-73.98329859,40.71739973,-73.98016555,member
432495,F2E73010CC070186,electric_bike,2021-07-04 01:25:27,2021-07-04 01:37:34,Rivington St & Ridge St,5406,Columbia St & Rivington St,5365,40.71850211,-73.98329859,40.71739973,-73.98016555,member
432498,78D4A640403A9D96,classic_bike,2021-07-06 14:20:42,2021-07-06 14:28:46,Rivington St & Ridge St,5406,Columbia St & Rivington St,5365,40.71850211,-73.98329859,40.71739973,-73.98016555,member
432499,A847F12C41A52450,electric_bike,2021-07-05 15:12:56,2021-07-05 16:08:49,Rivington St & Ridge St,5406,Columbia St & Rivington St,5365,40.71850211,-73.98329859,40.71739973,-73.98016555,member
432505,CEBC651B60D48C33,classic_bike,2021-07-27 15:45:15,2021-07-27 15:57:48,Rivington St & Ridge St,5406,Columbia St & Rivington St,5365,40.71850211,-73.98329859,40.71739973,-73.98016555,member
432520,3A4029B807AC3753,electric_bike,2021-07-13 13:40:35,2021-07-13 14:03:04,Rivington St & Ridge St,5406,Columbia St & Rivington St,5365,40.71850211,-73.98329859,40.71739973,-73.98016555,member
432548,C6D4B5D54231644B,classic_bike,2021-07-18 18:06:35,2021-07-18 18:27:12,1 Ave & E 39 St,6303,Columbia St & Rivington St,5365,40.74714,-73.97113,40.71739973,-73.98016555,member
432572,717EE473443D48C0,classic_bike,2021-07-04 16:56:13,2021-07-04 17:16:37,2 Ave & E 31 St,6197,Columbia St & Rivington St,5365,40.74290902,-73.97706058,40.71739973,-73.98016555,member
432581,C7FE35DD7FEBC54C,electric_bike,2021-07-14 18:15:20,2021-07-14 18:29:17,Lexington Ave & E 26 St,6089,Columbia St & Rivington St,5365,40.741459,-73.983293,40.71739973,-73.98016555,member
432584,9F5F0D4A352B0D6E,classic_bike,2021-07-05 11:41:11,2021-07-05 12:15:45,2 Ave & E 55 St,6650,Columbia St & Rivington St,5365,40.757920208794026,-73.96638214588165,40.71739973,-73.98016555,member
432587,213870E856DCDB44,classic_bike,2021-07-15 12:11:36,2021-07-15 12:14:39,Rivington St & Ridge St,5406,Columbia St & Rivington St,5365,40.71850211,-73.98329859,40.71739973,-73.98016555,member
432612,D622C4BF6F4CBFD4,electric_bike,2021-07-20 13:30:22,2021-07-20 13:56:06,E 47 St & Park Ave,6584,Columbia St & Rivington St,5365,40.75510267,-73.97498696,40.71739973,-73.98016555,member
432634,97588CD739E1ADEA,classic_bike,2021-07-10 10:14:32,2021-07-10 10:41:44,2 Ave & E 31 St,6197,Columbia St & Rivington St,5365,40.74290902,-73.97706058,40.71739973,-73.98016555,casual
432641,79C734182AAA8387,classic_bike,2021-07-27 20:51:50,2021-07-27 20:57:03,Stanton St & Norfolk St,5445,Columbia St & Rivington St,5365,40.720747,-73.986274,40.71739973,-73.98016555,member
432662,A545ECDE052941A4,classic_bike,2021-07-25 22:42:45,2021-07-25 22:51:01,Rivington St & Ridge St,5406,Columbia St & Rivington St,5365,40.71850211,-73.98329859,40.71739973,-73.98016555,member
432663,DAB4FF42033F983D,classic_bike,2021-07-25 23:16:47,2021-07-25 23:26:59,Rivington St & Ridge St,5406,Columbia St & Rivington St,5365,40.71850211,-73.98329859,40.71739973,-73.98016555,member
432664,8EB7612BCE5A1767,classic_bike,2021-07-25 20:06:24,2021-07-25 20:11:54,Rivington St & Ridge St,5406,Columbia St & Rivington St,5365,40.71850211,-73.98329859,40.71739973,-73.98016555,member
432665,23B16368C0CBB780,classic_bike,2021-07-25 23:55:15,2021-07-25 23:59:15,Rivington St & Ridge St,5406,Columbia St & Rivington St,5365,40.71850211,-73.98329859,40.71739973,-73.98016555,member
432666,A7C927C0131DD73F,electric_bike,2021-07-26 18:34:38,2021-07-26 18:46:11,Rivington St & Ridge St,5406,Columbia St & Rivington St,5365,40.71850211,-73.98329859,40.71739973,-73.98016555,member
432677,CB32A490D8B9C8FF,classic_bike,2021-07-14 18:26:28,2021-07-14 18:50:44,Cliff St & Fulton St,5065,Columbia St & Rivington St,5365,40.70838,-74.00495,40.71739973,-73.98016555,casual
432680,B6E025DCC1660F4A,classic_bike,2021-07-10 10:14:40,2021-07-10 10:41:35,2 Ave & E 31 St,6197,Columbia St & Rivington St,5365,40.74290902,-73.97706058,40.71739973,-73.98016555,casual
432723,5DE58F2F2A8CD311,docked_bike,2021-07-31 17:01:59,2021-07-31 17:16:24,Great Jones St,5636,Columbia St & Rivington St,5365,40.727434,-73.99379,40.7174,-73.980166,casual
432731,294748D2DE42893C,classic_bike,2021-07-07 17:43:46,2021-07-07 18:03:59,Broadway & W 51 St,6779,Columbia St & Rivington St,5365,40.76228826,-73.98336183,40.71739973,-73.98016555,casual
432738,4D0D017D1BD1E163,classic_bike,2021-07-23 00:17:22,2021-07-23 00:33:01,Thompson St & Bleecker St,5721,Columbia St & Rivington St,5365,40.72840059450829,-73.99968780577183,40.71739973,-73.98016555,casual
432793,C7158A1138A09903,classic_bike,2021-07-17 07:30:57,2021-07-17 07:43:01,E 15 St & 3 Ave,5863,Columbia St & Rivington St,5365,40.734232,-73.986923,40.71739973,-73.98016555,member
432799,74635ACFD2275713,classic_bike,2021-07-29 16:38:01,2021-07-29 16:59:16,Thompson St & Bleecker St,5721,Columbia St & Rivington St,5365,40.72840059450829,-73.99968780577183,40.71739973,-73.98016555,member
432911,E8F684AFA47600BD,classic_bike,2021-07-29 07:20:19,2021-07-29 07:48:17,W 44 St & 11 Ave,6756,Columbia St & Rivington St,5365,40.762009,-73.996975,40.71739973,-73.98016555,member
432950,18C1F543653F7256,classic_bike,2021-07-25 13:31:08,2021-07-25 13:34:21,Rivington St & Ridge St,5406,Columbia St & Rivington St,5365,40.71850211,-73.98329859,40.71739973,-73.98016555,member
432958,2EF7CE09C7E5DCB5,classic_bike,2021-07-28 00:08:01,2021-07-28 00:14:09,Rivington St & Ridge St,5406,Columbia St & Rivington St,5365,40.71850211,-73.98329859,40.71739973,-73.98016555,member
433015,C68482560102C68E,classic_bike,2021-07-05 11:41:14,2021-07-05 12:15:24,2 Ave & E 55 St,6650,Columbia St & Rivington St,5365,40.757920208794026,-73.96638214588165,40.71739973,-73.98016555,member
433041,82D689F01C4AEBDB,classic_bike,2021-07-04 12:13:00,2021-07-04 12:31:47,Washington St & Barrow St,5847,Columbia St & Rivington St,5365,40.73191132323174,-74.008769094944,40.71739973,-73.98016555,member
433047,3B0EEB6C0014BABB,electric_bike,2021-07-26 19:31:45,2021-07-26 19:53:36,8 Ave & W 33 St,6450,Columbia St & Rivington St,5365,40.751551,-73.993934,40.71739973,-73.98016555,member
433060,FF1EADEA6DC1B14B,classic_bike,2021-07-22 15:25:11,2021-07-22 15:35:37,Great Jones St,5636,Columbia St & Rivington St,5365,40.72743423,-73.99379025,40.71739973,-73.98016555,member
433107,C3BBBDC3613CF6A1,classic_bike,2021-07-02 18:25:55,2021-07-02 18:42:08,Centre St & Worth St,5279,Columbia St & Rivington St,5365,40.71494807,-74.00234482,40.71739973,-73.98016555,member
433260,A777E1498C307778,classic_bike,2021-07-08 13:33:10,2021-07-08 13:40:10,E 7 St & Avenue A,5626,Columbia St & Rivington St,5365,40.72621788,-73.98379855,40.71739973,-73.98016555,member
433357,248C1081AA083061,electric_bike,2021-07-06 11:10:17,2021-07-06 11:29:17,W 29 St & 9 Ave,6416,Columbia St & Rivington St,5365,40.7500727,-73.99839279,40.71739973,-73.98016555,casual
433382,D1228AA8FB7D5BB2,electric_bike,2021-07-02 17:49:19,2021-07-02 17:53:24,Norfolk St & Broome St,5374,Columbia St & Rivington St,5365,40.7172274,-73.98802084,40.71739973,-73.98016555,member
433386,104AFFFEC8FADE50,classic_bike,2021-07-17 01:27:57,2021-07-17 01:37:12,St Marks Pl & 2 Ave,5669,Columbia St & Rivington St,5365,40.7284186,-73.98713956,40.71739973,-73.98016555,casual
433397,D0CAC1EA13A02A37,electric_bike,2021-07-05 17:08:32,2021-07-05 17:26:36,Stanton St & Norfolk St,5445,Columbia St & Rivington St,5365,40.720747,-73.986274,40.71739973,-73.98016555,casual
433398,D55C335E2867FD3F,electric_bike,2021-07-04 21:29:50,2021-07-04 21:33:51,Stanton St & Norfolk St,5445,Columbia St & Rivington St,5365,40.720747,-73.986274,40.71739973,-73.98016555,casual
433408,8B3284E82233D011,electric_bike,2021-07-09 00:21:00,2021-07-09 00:33:36,St Marks Pl & 2 Ave,5669,Columbia St & Rivington St,5365,40.7284186,-73.98713956,40.71739973,-73.98016555,casual
433412,5934ED9807FEBA0C,electric_bike,2021-07-05 07:36:56,2021-07-05 07:42:44,E 7 St & Avenue A,5626,Columbia St & Rivington St,5365,40.72621788,-73.98379855,40.71739973,-73.98016555,member
433428,5F361274760215CD,electric_bike,2021-07-02 11:56:23,2021-07-02 12:08:25,E 15 St & 3 Ave,5863,Columbia St & Rivington St,5365,40.734232,-73.986923,40.71739973,-73.98016555,member
433435,7A830D9DD5D40636,classic_bike,2021-07-06 16:07:02,2021-07-06 16:25:40,E 15 St & 3 Ave,5863,Columbia St & Rivington St,5365,40.734232,-73.986923,40.71739973,-73.98016555,member
433538,114F978BE9AB131F,electric_bike,2021-07-14 11:40:31,2021-07-14 11:55:48,Centre St & Chambers St,5207,Columbia St & Rivington St,5365,40.71273266,-74.0046073,40.71739973,-73.98016555,casual
433554,A5D1EE874B28CEE7,classic_bike,2021-07-17 02:05:11,2021-07-17 02:10:51,Stanton St & Chrystie St,5523,Columbia St & Rivington St,5365,40.72229346,-73.99147535,40.71739973,-73.98016555,member
433593,25ED79EB36B2E604,classic_bike,2021-07-13 19:50:55,2021-07-13 20:06:57,E 11 St & 1 Ave,5746,Columbia St & Rivington St,5365,40.72953837,-73.98426726,40.71739973,-73.98016555,member
433600,B295DA3A346D84BD,electric_bike,2021-07-22 21:42:38,2021-07-22 21:51:46,E 2 St & Avenue C,5476,Columbia St & Rivington St,5365,40.7208736,-73.98085795,40.71739973,-73.98016555,member
433604,A6A0586461B0176A,classic_bike,2021-07-01 15:12:15,2021-07-01 15:15:23,E 2 St & Avenue C,5476,Columbia St & Rivington St,5365,40.7208736,-73.98085795,40.71739973,-73.98016555,member
433616,FD2CFB33DC1312F7,classic_bike,2021-07-30 23:27:44,2021-07-30 23:30:24,E 2 St & Avenue C,5476,Columbia St & Rivington St,5365,40.7208736,-73.98085795,40.71739973,-73.98016555,member
433617,0DAF67363E8422FF,classic_bike,2021-07-31 18:56:37,2021-07-31 18:59:48,E 2 St & Avenue C,5476,Columbia St & Rivington St,5365,40.7208736,-73.98085795,40.71739973,-73.98016555,member
433618,E1EE3471609662B4,classic_bike,2021-07-31 17:57:53,2021-07-31 18:12:25,E 2 St & Avenue C,5476,Columbia St & Rivington St,5365,40.7208736,-73.98085795,40.71739973,-73.98016555,member
433628,75A32E8626731E18,classic_bike,2021-07-08 12:18:02,2021-07-08 12:28:05,E 11 St & 1 Ave,5746,Columbia St & Rivington St,5365,40.72953837,-73.98426726,40.71739973,-73.98016555,member
433678,BB5D4C81163C9115,classic_bike,2021-07-06 13:33:08,2021-07-06 13:52:15,John St & William St,5065,Columbia St & Rivington St,5365,40.70862144,-74.00722156,40.71739973,-73.98016555,member
433720,03C3058F68FDB8C1,electric_bike,2021-07-13 22:56:55,2021-07-13 23:11:20,E 31 St & 3 Ave,6239,Columbia St & Rivington St,5365,40.74394314,-73.97966069,40.71739973,-73.98016555,casual
433757,7DEDAC3ABEAA071C,classic_bike,2021-07-14 14:53:10,2021-07-14 15:23:31,E 6 St & Avenue B,5584,Columbia St & Rivington St,5365,40.72453734,-73.98185424,40.71739973,-73.98016555,member
433759,9727D6142F926D72,classic_bike,2021-07-20 08:43:51,2021-07-20 08:47:05,E 6 St & Avenue D,5506,Columbia St & Rivington St,5365,40.72228087,-73.97668709,40.71739973,-73.98016555,member
433763,E2CAEB61721C4D51,classic_bike,2021-07-23 19:22:12,2021-07-23 19:29:57,E 6 St & Avenue D,5506,Columbia St & Rivington St,5365,40.72228087,-73.97668709,40.71739973,-73.98016555,member
433764,1FAC8219CCD03C77,electric_bike,2021-07-31 21:25:59,2021-07-31 22:10:28,E 10 St & Avenue A,5659,Columbia St & Rivington St,5365,40.72740794,-73.98142006,40.71739973,-73.98016555,member
433771,1507627812293569,classic_bike,2021-07-30 18:40:51,2021-07-30 18:44:32,E 6 St & Avenue D,5506,Columbia St & Rivington St,5365,40.72228087,-73.97668709,40.71739973,-73.98016555,member
433772,49359C86CD0A20EC,classic_bike,2021-07-30 19:17:45,2021-07-30 19:25:33,E 6 St & Avenue D,5506,Columbia St & Rivington St,5365,40.72228087,-73.97668709,40.71739973,-73.98016555,member
433791,2DFA7507821E19DF,classic_bike,2021-07-15 23:25:00,2021-07-15 23:37:40,Cliff St & Fulton St,5065,Columbia St & Rivington St,5365,40.70838,-74.00495,40.71739973,-73.98016555,casual
433809,D4EDD03E623D36AB,classic_bike,2021-07-14 20:28:44,2021-07-14 20:45:46,W 21 St & 6 Ave,6140,Columbia St & Rivington St,5365,40.74173969,-73.99415556,40.71739973,-73.98016555,member
433869,78B5E7DFC4811425,classic_bike,2021-07-12 22:22:59,2021-07-12 22:27:20,Norfolk St & Broome St,5374,Columbia St & Rivington St,5365,40.7172274,-73.98802084,40.71739973,-73.98016555,member
433898,0C35BA14D8D29285,classic_bike,2021-07-27 03:16:58,2021-07-27 03:22:13,E 12 St & Ave C,5616,Columbia St & Rivington St,5365,40.727243,-73.976831,40.71739973,-73.98016555,casual
433923,165BFBF7D5D25C63,electric_bike,2021-07-23 18:33:19,2021-07-23 18:38:24,E 12 St & Ave C,5616,Columbia St & Rivington St,5365,40.727243,-73.976831,40.71739973,-73.98016555,member
433967,C11348856A5DA6F4,classic_bike,2021-07-29 11:49:32,2021-07-29 11:52:20,E 2 St & Avenue B,5515,Columbia St & Rivington St,5365,40.72217444,-73.98368779,40.71739973,-73.98016555,member
433968,F5CE8B9800EB1338,classic_bike,2021-07-02 14:35:45,2021-07-02 14:41:34,E 2 St & Avenue B,5515,Columbia St & Rivington St,5365,40.72217444,-73.98368779,40.71739973,-73.98016555,member
433972,12326C433D8B66D6,classic_bike,2021-07-16 20:08:13,2021-07-16 20:27:12,Howard St & Centre St,5422,Columbia St & Rivington St,5365,40.71910537,-73.99973337,40.71739973,-73.98016555,member
433973,963303CD8BD30297,classic_bike,2021-07-17 11:34:40,2021-07-17 11:38:56,E 2 St & Avenue B,5515,Columbia St & Rivington St,5365,40.72217444,-73.98368779,40.71739973,-73.98016555,member
433983,BE4C8A783CB6FECB,electric_bike,2021-07-01 15:17:32,2021-07-01 15:22:49,E 2 St & Avenue B,5515,Columbia St & Rivington St,5365,40.72217444,-73.98368779,40.71739973,-73.98016555,member
434018,70614E9AADED997A,classic_bike,2021-07-06 14:55:22,2021-07-06 15:02:40,E 2 St & Avenue B,5515,Columbia St & Rivington St,5365,40.72217444,-73.98368779,40.71739973,-73.98016555,member
434049,6F6385061FA444A8,classic_bike,2021-07-31 17:02:33,2021-07-31 17:17:06,Great Jones St,5636,Columbia St & Rivington St,5365,40.72743423,-73.99379025,40.71739973,-73.98016555,member
434056,30F68BE4F100D5E8,classic_bike,2021-07-24 18:38:54,2021-07-24 18:49:19,Great Jones St,5636,Columbia St & Rivington St,5365,40.72743423,-73.99379025,40.71739973,-73.98016555,casual
434095,82A46D33AA1E329B,electric_bike,2021-07-09 19:34:04,2021-07-09 20:11:08,Bialystoker Pl & Delancey St,5335,Columbia St & Rivington St,5365,40.71622644,-73.98261206,40.71739973,-73.98016555,member
434101,F4FBCFC98AFF3BB0,classic_bike,2021-07-18 18:57:09,2021-07-18 19:12:26,E 20 St & FDR Drive,5886,Columbia St & Rivington St,5365,40.73314259,-73.97573881,40.71739973,-73.98016555,member
434109,D3D9228DC44A2FB6,electric_bike,2021-07-29 19:44:56,2021-07-29 20:36:40,Rivington St & Chrystie St,5453,Columbia St & Rivington St,5365,40.72110063,-73.9919254,40.71739973,-73.98016555,member
434110,D6CB31D4960713E6,classic_bike,2021-07-28 22:04:44,2021-07-28 22:16:43,Leonard St & Church St,5359,Columbia St & Rivington St,5365,40.717571,-74.005549,40.71739973,-73.98016555,member
434185,ECE0DA36214FFD97,classic_bike,2021-07-16 14:15:04,2021-07-16 14:29:06,1 Ave & E 16 St,5779,Columbia St & Rivington St,5365,40.73221853,-73.98165557,40.71739973,-73.98016555,member
434237,3DA301EC421AA7A8,electric_bike,2021-07-27 23:54:36,2021-07-28 00:08:34,8 Ave & W 16 St,6072,Columbia St & Rivington St,5365,40.740983,-74.001702,40.71739973,-73.98016555,casual
434261,7E4E4E88D14D3070,classic_bike,2021-07-06 10:53:47,2021-07-06 11:05:34,Broadway & E 14 St,5905,Columbia St & Rivington St,5365,40.73454567,-73.99074142,40.71739973,-73.98016555,member
434262,0443D4F574222A23,classic_bike,2021-07-10 14:25:04,2021-07-10 15:09:40,7 Ave & Central Park South,6912,Columbia St & Rivington St,5365,40.7667405590595,-73.9790689945221,40.71739973,-73.98016555,member
434263,8F09DF2E8555DB0F,classic_bike,2021-07-19 12:42:42,2021-07-19 12:56:20,Broadway & E 14 St,5905,Columbia St & Rivington St,5365,40.73454567,-73.99074142,40.71739973,-73.98016555,member
434280,F56F70564B831255,classic_bike,2021-07-16 20:17:24,2021-07-16 20:29:34,Great Jones St,5636,Columbia St & Rivington St,5365,40.72743423,-73.99379025,40.71739973,-73.98016555,member
434281,3AD1A256E3BACE9F,classic_bike,2021-07-21 12:58:22,2021-07-21 13:07:17,Great Jones St,5636,Columbia St & Rivington St,5365,40.72743423,-73.99379025,40.71739973,-73.98016555,member
434298,FD6894F241E57162,classic_bike,2021-07-28 17:54:20,2021-07-28 18:03:54,Great Jones St,5636,Columbia St & Rivington St,5365,40.72743423,-73.99379025,40.71739973,-73.98016555,member
434299,745986F26698E3D8,electric_bike,2021-07-23 12:31:42,2021-07-23 12:50:11,W 35 St & Dyer Ave,6569,Columbia St & Rivington St,5365,40.754691750226016,-73.99740189313889,40.71739973,-73.98016555,member
434339,06F35133ECCD4B68,classic_bike,2021-07-11 16:04:58,2021-07-11 16:11:03,Allen St & Hester St,5342,Columbia St & Rivington St,5365,40.71605866,-73.99190759,40.71739973,-73.98016555,member
434376,520AEA0F46043BF4,classic_bike,2021-07-19 20:24:08,2021-07-19 20:34:19,Lispenard St & Broadway,5391,Columbia St & Rivington St,5365,40.71939226,-74.00247214,40.71739973,-73.98016555,member
434442,0B1CFF682225B265,classic_bike,2021-07-14 13:42:55,2021-07-14 13:53:47,Avenue D & E 10 St,5575,Columbia St & Rivington St,5365,40.72506551015475,-73.97515833377838,40.71739973,-73.98016555,member
434466,1287F3D15015CB25,electric_bike,2021-07-29 15:53:20,2021-07-29 16:00:02,St Marks Pl & 1 Ave,5626,Columbia St & Rivington St,5365,40.72779126,-73.98564945,40.71739973,-73.98016555,member
434620,BB0999DBE34825ED,classic_bike,2021-07-28 17:57:24,2021-07-28 18:21:22,Liberty St & Nassau St,5105,Columbia St & Rivington St,5365,40.70858894240581,-74.00935482235809,40.71739973,-73.98016555,member
434625,EE8B9D80485DD46B,classic_bike,2021-07-27 19:58:11,2021-07-27 20:05:44,Canal St & Rutgers St,5303,Columbia St & Rivington St,5365,40.71427487,-73.98990025,40.71739973,-73.98016555,member
434635,E81071F7030CB639,electric_bike,2021-07-09 17:18:14,2021-07-09 17:25:48,Canal St & Rutgers St,5303,Columbia St & Rivington St,5365,40.71427487,-73.98990025,40.71739973,-73.98016555,member
434637,CCADCE499B4D2454,electric_bike,2021-07-07 16:02:11,2021-07-07 16:08:45,Canal St & Rutgers St,5303,Columbia St & Rivington St,5365,40.71427487,-73.98990025,40.71739973,-73.98016555,member
434650,10D098929B2AA086,classic_bike,2021-07-19 11:11:25,2021-07-19 11:18:21,Canal St & Rutgers St,5303,Columbia St & Rivington St,5365,40.71427487,-73.98990025,40.71739973,-73.98016555,member
434657,BDD60E6DCB7D235D,electric_bike,2021-07-05 02:15:12,2021-07-05 02:35:41,Myrtle Ave & Lewis Ave,4729,Columbia St & Rivington St,5365,40.69681963,-73.93756926,40.71739973,-73.98016555,member
434658,7B2E58A8E699EC26,classic_bike,2021-07-31 13:12:53,2021-07-31 13:20:48,Canal St & Rutgers St,5303,Columbia St & Rivington St,5365,40.71427487,-73.98990025,40.71739973,-73.98016555,member
434673,B63BB07F58AEE731,electric_bike,2021-07-13 00:29:44,2021-07-13 00:35:54,Columbia St & Rivington St,5365,Columbia St & Rivington St,5365,40.71739973,-73.98016555,40.71739973,-73.98016555,member
434682,9B71B0812FBEB190,electric_bike,2021-07-20 17:09:14,2021-07-20 17:20:03,Columbia St & Rivington St,5365,Columbia St & Rivington St,5365,40.71739973,-73.98016555,40.71739973,-73.98016555,casual
434683,1D7EA283FF7C09C8,classic_bike,2021-07-31 12:47:05,2021-07-31 12:50:02,Columbia St & Rivington St,5365,Columbia St & Rivington St,5365,40.71739973,-73.98016555,40.71739973,-73.98016555,member
434693,3268605CCB709192,classic_bike,2021-07-16 10:04:20,2021-07-16 10:08:14,Columbia St & Rivington St,5365,Columbia St & Rivington St,5365,40.71739973,-73.98016555,40.71739973,-73.98016555,casual
434723,C031CE0085CB7C8E,classic_bike,2021-07-02 15:45:06,2021-07-02 16:11:47,Columbia St & Rivington St,5365,Columbia St & Rivington St,5365,40.71739973,-73.98016555,40.71739973,-73.98016555,casual
434780,265245123BF2A13F,classic_bike,2021-07-22 11:50:04,2021-07-22 11:50:36,Columbia St & Rivington St,5365,Columbia St & Rivington St,5365,40.71739973,-73.98016555,40.71739973,-73.98016555,member
434791,8675D51514EF39E2,classic_bike,2021-07-14 22:34:24,2021-07-14 22:56:17,Columbia St & Rivington St,5365,Columbia St & Rivington St,5365,40.71739973,-73.98016555,40.71739973,-73.98016555,casual
434799,580A31BBE12CFE10,electric_bike,2021-07-13 19:49:17,2021-07-13 20:03:41,Columbia St & Rivington St,5365,Columbia St & Rivington St,5365,40.71739973,-73.98016555,40.71739973,-73.98016555,casual
434831,1717BB79DF8135EC,classic_bike,2021-07-19 13:10:45,2021-07-19 13:27:05,Columbia St & Rivington St,5365,Columbia St & Rivington St,5365,40.71739973,-73.98016555,40.71739973,-73.98016555,casual
434891,88C410BF13536384,classic_bike,2021-07-27 09:24:28,2021-07-27 09:30:36,Ave D & E 8 St,5506,Columbia St & Rivington St,5365,40.72368361,-73.97574813,40.71739973,-73.98016555,member
434908,C052B85F5CEEC97B,electric_bike,2021-07-12 06:20:19,2021-07-12 06:23:57,Ave D & E 8 St,5506,Columbia St & Rivington St,5365,40.72368361,-73.97574813,40.71739973,-73.98016555,member
434938,82664AC7FF463B49,classic_bike,2021-07-21 18:24:50,2021-07-21 18:41:41,Spruce St & Gold St,5137,Columbia St & Rivington St,5365,40.7103231,-74.0043228,40.71739973,-73.98016555,member
434941,6B7903603DCA6623,classic_bike,2021-07-14 13:24:59,2021-07-14 13:42:52,Ave D & E 8 St,5506,Columbia St & Rivington St,5365,40.72368361,-73.97574813,40.71739973,-73.98016555,member
434942,0993858FE9063FED,electric_bike,2021-07-13 15:48:42,2021-07-13 16:46:34,Ave D & E 8 St,5506,Columbia St & Rivington St,5365,40.72368361,-73.97574813,40.71739973,-73.98016555,member
434997,6B391ED7C678397B,electric_bike,2021-07-26 14:46:27,2021-07-26 14:57:42,Spruce St & Gold St,5137,Columbia St & Rivington St,5365,40.7103231,-74.0043228,40.71739973,-73.98016555,member
435000,2AD0B41459B5FFFF,classic_bike,2021-07-31 12:17:53,2021-07-31 12:45:19,Ave D & E 8 St,5506,Columbia St & Rivington St,5365,40.72368361,-73.97574813,40.71739973,-73.98016555,member
435011,A91B26601AAE465D,classic_bike,2021-07-01 13:22:58,2021-07-01 13:28:02,Ave D & E 8 St,5506,Columbia St & Rivington St,5365,40.72368361,-73.97574813,40.71739973,-73.98016555,member
435012,705F8466678F5BCC,electric_bike,2021-07-11 06:40:14,2021-07-11 06:43:01,Ave D & E 8 St,5506,Columbia St & Rivington St,5365,40.72368361,-73.97574813,40.71739973,-73.98016555,member
435019,69FB7923CD3FB943,classic_bike,2021-07-31 19:37:50,2021-07-31 19:47:55,Division St & Bowery,5270,Columbia St & Rivington St,5365,40.714193,-73.996732,40.71739973,-73.98016555,member
435020,8CBB26A2E9E3CEF6,classic_bike,2021-07-16 10:15:45,2021-07-16 10:28:02,Division St & Bowery,5270,Columbia St & Rivington St,5365,40.714193,-73.996732,40.71739973,-73.98016555,member
435021,E78EC6ACB34991C7,classic_bike,2021-07-15 19:23:31,2021-07-15 19:32:40,Division St & Bowery,5270,Columbia St & Rivington St,5365,40.714193,-73.996732,40.71739973,-73.98016555,member
435051,A2686AAB0C68BD00,electric_bike,2021-07-07 12:23:21,2021-07-07 12:26:36,Ave D & E 8 St,5506,Columbia St & Rivington St,5365,40.72368361,-73.97574813,40.71739973,-73.98016555,casual
435069,F3BD531807B521AB,classic_bike,2021-07-30 20:27:33,2021-07-30 20:41:43,Division St & Bowery,5270,Columbia St & Rivington St,5365,40.714193,-73.996732,40.71739973,-73.98016555,member
435077,6FFA65BBE895B637,classic_bike,2021-07-04 20:33:01,2021-07-04 20:47:17,Division St & Bowery,5270,Columbia St & Rivington St,5365,40.714193,-73.996732,40.71739973,-73.98016555,casual
435085,B44987BDFE34C731,classic_bike,2021-07-30 18:04:36,2021-07-30 18:11:35,Division St & Bowery,5270,Columbia St & Rivington St,5365,40.714193,-73.996732,40.71739973,-73.98016555,member
435086,C4580D7EA27BBB8A,classic_bike,2021-07-25 15:17:53,2021-07-25 15:27:58,Division St & Bowery,5270,Columbia St & Rivington St,5365,40.714193,-73.996732,40.71739973,-73.98016555,member
435088,C8C05217B257A6D3,classic_bike,2021-07-10 12:44:05,2021-07-10 12:55:01,Division St & Bowery,5270,Columbia St & Rivington St,5365,40.714193,-73.996732,40.71739973,-73.98016555,member
435093,1D41C9E19FAC35F2,classic_bike,2021-07-06 11:47:34,2021-07-06 12:00:57,Division St & Bowery,5270,Columbia St & Rivington St,5365,40.714193,-73.996732,40.71739973,-73.98016555,member
435100,BD4DB016F4C474CB,classic_bike,2021-07-30 18:59:26,2021-07-30 19:10:24,Division St & Bowery,5270,Columbia St & Rivington St,5365,40.714193,-73.996732,40.71739973,-73.98016555,member
435121,AE8C117774AF6E0B,electric_bike,2021-07-01 17:59:40,2021-07-01 18:08:45,Lafayette St & Jersey St,5561,Columbia St & Rivington St,5365,40.72456089,-73.99565293,40.71739973,-73.98016555,casual
435159,43D937B51F4BC913,classic_bike,2021-07-23 11:58:10,2021-07-23 11:58:43,Columbia St & Rivington St,5365,Columbia St & Rivington St,5365,40.71739973,-73.98016555,40.71739973,-73.98016555,member
435169,52526E2EF02CC2BF,classic_bike,2021-07-09 19:12:50,2021-07-09 19:46:00,St James Pl & Oliver St,5238,Columbia St & Rivington St,5365,40.71307916,-73.99851193,40.71739973,-73.98016555,member
435185,57B69FB521D02AD8,electric_bike,2021-07-08 09:02:21,2021-07-08 09:22:53,Columbia St & Rivington St,5365,St James Pl & Oliver St,5238,40.71739973,-73.98016555,40.71307916,-73.99851193,member
435203,5F546683E8987657,classic_bike,2021-07-23 23:02:41,2021-07-23 23:25:30,Columbia St & Rivington St,5365,Columbia St & Rivington St,5365,40.71739973,-73.98016555,40.71739973,-73.98016555,member
435281,CC513B247333B008,classic_bike,2021-07-18 16:31:03,2021-07-18 16:39:32,E 3 St & 1 Ave,5553,Columbia St & Rivington St,5365,40.72467721,-73.98783413,40.71739973,-73.98016555,member
435283,35D62DC74F36E0A0,electric_bike,2021-07-17 23:46:53,2021-07-18 00:03:44,W 4 St & 7 Ave S,5880,Columbia St & Rivington St,5365,40.73401143,-74.00293877,40.71739973,-73.98016555,member
435295,E5A8C59F5C08DDC0,classic_bike,2021-07-10 10:21:12,2021-07-10 10:27:11,Ave D & E 8 St,5506,Columbia St & Rivington St,5365,40.72368361,-73.97574813,40.71739973,-73.98016555,member
435305,5567AE7ED799B1C5,classic_bike,2021-07-04 14:40:33,2021-07-04 14:44:41,Ave D & E 8 St,5506,Columbia St & Rivington St,5365,40.72368361,-73.97574813,40.71739973,-73.98016555,member
435358,392FE609B6B4A56B,classic_bike,2021-07-07 13:09:31,2021-07-07 13:13:22,Madison St & Montgomery St,5262,Columbia St & Rivington St,5365,40.713126,-73.984844,40.71739973,-73.98016555,member
435359,C6F77B4891469B82,classic_bike,2021-07-06 17:21:17,2021-07-06 17:41:10,1 Ave & E 39 St,6303,Columbia St & Rivington St,5365,40.74714,-73.97113,40.71739973,-73.98016555,member
435378,A0A3AD7673209A7B,classic_bike,2021-07-26 14:05:14,2021-07-26 14:17:48,Division St & Bowery,5270,Columbia St & Rivington St,5365,40.714193,-73.996732,40.71739973,-73.98016555,member
435521,482012B1E79AE42F,classic_bike,2021-07-10 18:53:48,2021-07-10 19:18:07,Broadway & Battery Pl,4962,Columbia St & Rivington St,5365,40.70463334,-74.01361706,40.71739973,-73.98016555,casual
435525,2F21352665E37476,electric_bike,2021-07-24 08:56:17,2021-07-24 09:04:23,St Marks Pl & 1 Ave,5626,Columbia St & Rivington St,5365,40.72779126,-73.98564945,40.71739973,-73.98016555,casual
435527,AB3F281CF89A643D,classic_bike,2021-07-08 11:25:56,2021-07-08 11:44:26,Broadway & Battery Pl,4962,Columbia St & Rivington St,5365,40.70463334,-74.01361706,40.71739973,-73.98016555,member
435549,60AEFDBD71C78966,electric_bike,2021-07-19 13:59:13,2021-07-19 14:37:20,E 2 St & Avenue B,5515,Columbia St & Rivington St,5365,40.72217444,-73.98368779,40.71739973,-73.98016555,member
435575,BB3FEF6D57F6D924,electric_bike,2021-07-20 17:13:02,2021-07-20 17:14:24,Bialystoker Pl & Delancey St,5335,Columbia St & Rivington St,5365,40.71622644,-73.98261206,40.71739973,-73.98016555,member
435580,125AF991B792E671,classic_bike,2021-07-25 09:37:25,2021-07-25 09:39:35,Bialystoker Pl & Delancey St,5335,Columbia St & Rivington St,5365,40.71622644,-73.98261206,40.71739973,-73.98016555,member
435583,9D414F3CE8EBB583,classic_bike,2021-07-04 22:01:33,2021-07-04 22:15:55,E 20 St & FDR Drive,5886,Columbia St & Rivington St,5365,40.73314259,-73.97573881,40.71739973,-73.98016555,member
435585,9BAD47F1204329AA,classic_bike,2021-07-29 12:20:35,2021-07-29 12:23:17,Bialystoker Pl & Delancey St,5335,Columbia St & Rivington St,5365,40.71622644,-73.98261206,40.71739973,-73.98016555,member
435587,D366EF02E1FDC9DC,electric_bike,2021-07-05 14:13:52,2021-07-05 14:15:40,Bialystoker Pl & Delancey St,5335,Columbia St & Rivington St,5365,40.71622644,-73.98261206,40.71739973,-73.98016555,member
435588,71331AC8A0F83D92,classic_bike,2021-07-11 01:34:43,2021-07-11 01:36:16,Bialystoker Pl & Delancey St,5335,Columbia St & Rivington St,5365,40.71622644,-73.98261206,40.71739973,-73.98016555,member
435589,F579B13CD560D05E,electric_bike,2021-07-10 16:52:47,2021-07-10 16:54:14,Bialystoker Pl & Delancey St,5335,Columbia St & Rivington St,5365,40.71622644,-73.98261206,40.71739973,-73.98016555,member
435610,0426450CF94D9FB5,classic_bike,2021-07-06 11:50:50,2021-07-06 11:52:36,Bialystoker Pl & Delancey St,5335,Columbia St & Rivington St,5365,40.71622644,-73.98261206,40.71739973,-73.98016555,member
435617,FBEAFB3DFC924056,classic_bike,2021-07-26 13:01:50,2021-07-26 13:04:43,Bialystoker Pl & Delancey St,5335,Columbia St & Rivington St,5365,40.71622644,-73.98261206,40.71739973,-73.98016555,member
435618,F18DE7C10D5186D0,classic_bike,2021-07-16 11:12:40,2021-07-16 11:15:38,Bialystoker Pl & Delancey St,5335,Columbia St & Rivington St,5365,40.71622644,-73.98261206,40.71739973,-73.98016555,member
435623,A969F97324052A2B,classic_bike,2021-07-18 21:39:50,2021-07-18 21:41:24,Bialystoker Pl & Delancey St,5335,Columbia St & Rivington St,5365,40.71622644,-73.98261206,40.71739973,-73.98016555,member
435637,42A045B6A31FC266,electric_bike,2021-07-23 16:08:18,2021-07-23 16:10:16,E 2 St & Avenue C,5476,Columbia St & Rivington St,5365,40.7208736,-73.98085795,40.71739973,-73.98016555,member
435638,2D17004BB1C1384E,classic_bike,2021-07-17 12:18:21,2021-07-17 12:21:24,E 2 St & Avenue C,5476,Columbia St & Rivington St,5365,40.7208736,-73.98085795,40.71739973,-73.98016555,member
435644,B979609795DAE791,classic_bike,2021-07-26 21:47:55,2021-07-26 21:56:36,E 11 St & 1 Ave,5746,Columbia St & Rivington St,5365,40.72953837,-73.98426726,40.71739973,-73.98016555,member
435647,A3D6B566A1C4C348,classic_bike,2021-07-25 21:28:03,2021-07-25 21:31:41,E 2 St & Avenue C,5476,Columbia St & Rivington St,5365,40.7208736,-73.98085795,40.71739973,-73.98016555,member
435658,24DDEF47701A8689,classic_bike,2021-07-30 17:30:39,2021-07-30 17:33:08,E 2 St & Avenue C,5476,Columbia St & Rivington St,5365,40.7208736,-73.98085795,40.71739973,-73.98016555,member
435687,65F6EC9F8BFDBF80,electric_bike,2021-07-20 20:12:37,2021-07-20 20:20:10,E 11 St & 1 Ave,5746,Columbia St & Rivington St,5365,40.72953837,-73.98426726,40.71739973,-73.98016555,member
435693,466F001E574189E9,classic_bike,2021-07-04 10:32:18,2021-07-04 10:39:39,E 11 St & 1 Ave,5746,Columbia St & Rivington St,5365,40.72953837,-73.98426726,40.71739973,-73.98016555,member
435716,7D8BA2666F848465,classic_bike,2021-07-24 18:42:47,2021-07-24 18:47:57,E 2 St & Avenue C,5476,Columbia St & Rivington St,5365,40.7208736,-73.98085795,40.71739973,-73.98016555,casual
435726,299C1D9F0C88F829,classic_bike,2021-07-16 10:41:06,2021-07-16 11:02:20,Bialystoker Pl & Delancey St,5335,Columbia St & Rivington St,5365,40.71622644,-73.98261206,40.71739973,-73.98016555,member
435729,D45301B9260426DF,classic_bike,2021-07-11 17:21:05,2021-07-11 17:23:33,Bialystoker Pl & Delancey St,5335,Columbia St & Rivington St,5365,40.71622644,-73.98261206,40.71739973,-73.98016555,member
435731,BC76894F07B5CE9E,classic_bike,2021-07-11 12:29:15,2021-07-11 12:36:01,Bialystoker Pl & Delancey St,5335,Columbia St & Rivington St,5365,40.71622644,-73.98261206,40.71739973,-73.98016555,member
435733,607AC2CC1E218CC2,classic_bike,2021-07-08 14:34:59,2021-07-08 14:36:46,Bialystoker Pl & Delancey St,5335,Columbia St & Rivington St,5365,40.71622644,-73.98261206,40.71739973,-73.98016555,member
435735,D49B785E8A6AB1CF,classic_bike,2021-07-05 17:26:17,2021-07-05 17:31:01,Bialystoker Pl & Delancey St,5335,Columbia St & Rivington St,5365,40.71622644,-73.98261206,40.71739973,-73.98016555,member
435746,5416AE9300EFC7A6,classic_bike,2021-07-07 18:36:39,2021-07-07 18:45:09,E 20 St & FDR Drive,5886,Columbia St & Rivington St,5365,40.73314259,-73.97573881,40.71739973,-73.98016555,member
435751,E3542EB87D623091,classic_bike,2021-07-16 20:07:38,2021-07-16 20:18:45,E 11 St & 1 Ave,5746,Columbia St & Rivington St,5365,40.72953837,-73.98426726,40.71739973,-73.98016555,member
435752,839C2DE91F6F1EBA,classic_bike,2021-07-20 16:52:11,2021-07-20 16:55:24,E 2 St & Avenue C,5476,Columbia St & Rivington St,5365,40.7208736,-73.98085795,40.71739973,-73.98016555,member
435760,557F49D8242B03B7,classic_bike,2021-07-27 18:01:28,2021-07-27 18:10:49,E 2 St & Avenue C,5476,Columbia St & Rivington St,5365,40.7208736,-73.98085795,40.71739973,-73.98016555,member
435762,64C8C2518AA432B9,classic_bike,2021-07-07 14:01:07,2021-07-07 14:04:03,E 2 St & Avenue C,5476,Columbia St & Rivington St,5365,40.7208736,-73.98085795,40.71739973,-73.98016555,member
435766,4D10A787DD4755F0,classic_bike,2021-07-09 14:13:25,2021-07-09 14:16:09,E 2 St & Avenue C,5476,Columbia St & Rivington St,5365,40.7208736,-73.98085795,40.71739973,-73.98016555,member
435777,9168AD1CD32591A3,electric_bike,2021-07-25 22:15:49,2021-07-25 22:18:51,E 2 St & Avenue C,5476,Columbia St & Rivington St,5365,40.7208736,-73.98085795,40.71739973,-73.98016555,member
435786,0B70BE90106E0370,electric_bike,2021-07-09 14:35:35,2021-07-09 14:46:05,E 11 St & 1 Ave,5746,Columbia St & Rivington St,5365,40.72953837,-73.98426726,40.71739973,-73.98016555,member
435808,DA3D117D4E4B3EC9,electric_bike,2021-07-04 18:50:23,2021-07-04 19:09:10,E 2 St & Avenue C,5476,Columbia St & Rivington St,5365,40.7208736,-73.98085795,40.71739973,-73.98016555,member
435809,6ACA5F874D5ECDB6,electric_bike,2021-07-04 05:37:38,2021-07-04 05:43:28,E 2 St & Avenue C,5476,Columbia St & Rivington St,5365,40.7208736,-73.98085795,40.71739973,-73.98016555,member
435810,DB8AF6BEADC84E1E,electric_bike,2021-07-24 18:38:27,2021-07-24 18:41:48,E 2 St & Avenue C,5476,Columbia St & Rivington St,5365,40.7208736,-73.98085795,40.71739973,-73.98016555,member
435813,4228E9DE3251086F,classic_bike,2021-07-31 10:06:00,2021-07-31 10:09:54,E 2 St & Avenue C,5476,Columbia St & Rivington St,5365,40.7208736,-73.98085795,40.71739973,-73.98016555,member
435832,5D9934B49E1E7F68,classic_bike,2021-07-28 19:09:22,2021-07-28 19:17:36,St Marks Pl & 1 Ave,5626,Columbia St & Rivington St,5365,40.72779126,-73.98564945,40.71739973,-73.98016555,member
435834,3B2772DD0F504152,classic_bike,2021-07-16 18:04:59,2021-07-16 18:14:33,St Marks Pl & 1 Ave,5626,Columbia St & Rivington St,5365,40.72779126,-73.98564945,40.71739973,-73.98016555,member
435845,560753A63903CA37,classic_bike,2021-07-04 23:02:21,2021-07-04 23:08:55,St Marks Pl & 1 Ave,5626,Columbia St & Rivington St,5365,40.72779126,-73.98564945,40.71739973,-73.98016555,member
435865,354330344A38B960,electric_bike,2021-07-20 12:52:22,2021-07-20 13:50:24,W 90 St & Amsterdam Ave,7432,Columbia St & Rivington St,5365,40.79017948095081,-73.97288918495178,40.71739973,-73.98016555,casual
435868,452525396B6BCAD7,classic_bike,2021-07-21 17:48:44,2021-07-21 18:06:23,Duffield St & Willoughby St,4596,Columbia St & Rivington St,5365,40.69221589,-73.9842844,40.71739973,-73.98016555,member
435870,E73CC6E5ABC0A759,electric_bike,2021-07-24 20:03:41,2021-07-24 20:17:15,Market St & Cherry St,5198,Columbia St & Rivington St,5365,40.71076228,-73.99400398,40.71739973,-73.98016555,member
435876,E881996A0912DD5C,classic_bike,2021-07-28 17:39:02,2021-07-28 17:57:55,Duffield St & Willoughby St,4596,Columbia St & Rivington St,5365,40.69221589,-73.9842844,40.71739973,-73.98016555,member
435948,0E177E571EDA518E,classic_bike,2021-07-22 21:10:15,2021-07-22 21:20:09,Market St & Cherry St,5198,Columbia St & Rivington St,5365,40.71076228,-73.99400398,40.71739973,-73.98016555,member
435950,5B9AA4644E896BF1,electric_bike,2021-07-30 15:58:14,2021-07-30 16:07:13,Market St & Cherry St,5198,Columbia St & Rivington St,5365,40.71076228,-73.99400398,40.71739973,-73.98016555,member
435992,1CD3B360DF42A20B,classic_bike,2021-07-07 18:00:53,2021-07-07 18:16:58,Norfolk St & Broome St,5374,Columbia St & Rivington St,5365,40.7172274,-73.98802084,40.71739973,-73.98016555,member
435994,9A034988CC53E43B,classic_bike,2021-07-06 17:24:33,2021-07-06 17:28:35,E 6 St & Avenue D,5506,Columbia St & Rivington St,5365,40.72228087,-73.97668709,40.71739973,-73.98016555,member
435996,65B5BED702111871,classic_bike,2021-07-14 14:53:08,2021-07-14 15:23:06,E 6 St & Avenue B,5584,Columbia St & Rivington St,5365,40.72453734,-73.98185424,40.71739973,-73.98016555,member
435999,D90208376CFA5750,classic_bike,2021-07-04 15:29:24,2021-07-04 15:33:49,E 6 St & Avenue B,5584,Columbia St & Rivington St,5365,40.72453734,-73.98185424,40.71739973,-73.98016555,member
436001,E27E913886C5190A,classic_bike,2021-07-18 16:33:04,2021-07-18 16:37:32,E 6 St & Avenue B,5584,Columbia St & Rivington St,5365,40.72453734,-73.98185424,40.71739973,-73.98016555,member
436002,149F22365638F609,classic_bike,2021-07-14 18:42:14,2021-07-14 18:48:12,E 10 St & Avenue A,5659,Columbia St & Rivington St,5365,40.72740794,-73.98142006,40.71739973,-73.98016555,member
436003,893B6E91F0149DA1,classic_bike,2021-07-21 20:11:12,2021-07-21 20:14:15,E 6 St & Avenue D,5506,Columbia St & Rivington St,5365,40.72228087,-73.97668709,40.71739973,-73.98016555,member
436004,A8E124922217DCE0,classic_bike,2021-07-28 19:43:15,2021-07-28 19:48:14,E 6 St & Avenue B,5584,Columbia St & Rivington St,5365,40.72453734,-73.98185424,40.71739973,-73.98016555,member
436011,F30D15E412DC2E52,classic_bike,2021-07-13 13:13:47,2021-07-13 13:19:34,E 2 St & Avenue A,5553,Columbia St & Rivington St,5365,40.72307749068673,-73.98583620786667,40.71739973,-73.98016555,member
436016,D352EA8EA5D50803,classic_bike,2021-07-24 16:16:53,2021-07-24 16:21:17,E 6 St & Avenue B,5584,Columbia St & Rivington St,5365,40.72453734,-73.98185424,40.71739973,-73.98016555,member
436017,E7AED37A1DF15C74,classic_bike,2021-07-26 18:58:45,2021-07-26 19:03:13,E 6 St & Avenue B,5584,Columbia St & Rivington St,5365,40.72453734,-73.98185424,40.71739973,-73.98016555,member
436019,E17A663157E5A89D,classic_bike,2021-07-10 12:36:54,2021-07-10 12:42:10,E 6 St & Avenue B,5584,Columbia St & Rivington St,5365,40.72453734,-73.98185424,40.71739973,-73.98016555,member
436031,DB9B283C909856EC,classic_bike,2021-07-06 11:57:47,2021-07-06 12:01:00,E 6 St & Avenue D,5506,Columbia St & Rivington St,5365,40.72228087,-73.97668709,40.71739973,-73.98016555,member
436034,8DFDD0F3F7462128,electric_bike,2021-07-18 22:10:26,2021-07-18 22:13:55,E 2 St & Avenue A,5553,Columbia St & Rivington St,5365,40.72307749068673,-73.98583620786667,40.71739973,-73.98016555,member
436037,5A082A14A2DDEFC9,classic_bike,2021-07-07 11:59:08,2021-07-07 12:06:57,E 6 St & Avenue B,5584,Columbia St & Rivington St,5365,40.72453734,-73.98185424,40.71739973,-73.98016555,member
436039,60A5F56C707676C5,electric_bike,2021-07-06 18:11:15,2021-07-06 18:18:48,E 14 St & Avenue B,5736,Columbia St & Rivington St,5365,40.72938685,-73.97772429,40.71739973,-73.98016555,member
436045,9E69DF71A61DA7C6,classic_bike,2021-07-04 17:27:34,2021-07-04 17:46:27,E 10 St & Avenue A,5659,Columbia St & Rivington St,5365,40.72740794,-73.98142006,40.71739973,-73.98016555,casual
436226,B20EDFAC6B7C00AF,classic_bike,2021-07-28 18:31:59,2021-07-28 18:37:07,Canal St & Rutgers St,5303,Columbia St & Rivington St,5365,40.71427487,-73.98990025,40.71739973,-73.98016555,member
436353,034560B960F519B1,electric_bike,2021-07-20 16:55:31,2021-07-20 17:28:11,Greenwich St & Perry St,5922,Columbia St & Rivington St,5365,40.73498,-74.00697,40.71739973,-73.98016555,casual
436365,8A0E2A9329DBB009,classic_bike,2021-07-30 12:03:28,2021-07-30 12:11:16,Stanton St & Chrystie St,5523,Columbia St & Rivington St,5365,40.72229346,-73.99147535,40.71739973,-73.98016555,member
436372,6FBAFAC48B08A703,electric_bike,2021-07-10 13:26:47,2021-07-10 15:17:15,Stanton St & Chrystie St,5523,Columbia St & Rivington St,5365,40.72229346,-73.99147535,40.71739973,-73.98016555,casual
436395,52B0750F04566054,classic_bike,2021-07-15 15:14:16,2021-07-15 15:26:50,Norfolk St & Broome St,5374,Columbia St & Rivington St,5365,40.7172274,-73.98802084,40.71739973,-73.98016555,member
436480,982B4FF5B98CB6ED,classic_bike,2021-07-23 15:46:32,2021-07-23 15:56:36,Howard St & Centre St,5422,Columbia St & Rivington St,5365,40.71910537,-73.99973337,40.71739973,-73.98016555,member
436495,BFA15447CB98E34B,electric_bike,2021-07-18 20:18:33,2021-07-18 20:46:09,W 4 St & 7 Ave S,5880,Columbia St & Rivington St,5365,40.73401143,-74.00293877,40.71739973,-73.98016555,member
436497,12D39F0A297F3D07,classic_bike,2021-07-01 15:20:30,2021-07-01 15:32:03,Lafayette St & Jersey St,5561,Columbia St & Rivington St,5365,40.72456089,-73.99565293,40.71739973,-73.98016555,member
436513,9078F241050F440D,electric_bike,2021-07-13 18:45:08,2021-07-13 18:52:12,Lafayette St & Jersey St,5561,Columbia St & Rivington St,5365,40.72456089,-73.99565293,40.71739973,-73.98016555,member
436552,1F15C960E15E6EBF,classic_bike,2021-07-04 18:08:01,2021-07-04 18:21:35,1 Ave & E 16 St,5779,Columbia St & Rivington St,5365,40.73221853,-73.98165557,40.71739973,-73.98016555,member
436579,E652C4CCD78A8668,classic_bike,2021-07-27 13:01:01,2021-07-27 13:13:45,Division St & Bowery,5270,Columbia St & Rivington St,5365,40.714193,-73.996732,40.71739973,-73.98016555,member
436580,8EE38232691685AC,classic_bike,2021-07-31 14:30:32,2021-07-31 14:39:51,Division St & Bowery,5270,Columbia St & Rivington St,5365,40.714193,-73.996732,40.71739973,-73.98016555,member
436584,917FB82FCA8A7199,classic_bike,2021-07-25 16:17:28,2021-07-25 16:44:33,11 Ave & W 41 St,6726,Columbia St & Rivington St,5365,40.76030096,-73.99884222,40.71739973,-73.98016555,member
436585,9DE78D871CF65A40,classic_bike,2021-07-26 09:08:53,2021-07-26 09:19:23,Division St & Bowery,5270,Columbia St & Rivington St,5365,40.714193,-73.996732,40.71739973,-73.98016555,member
436651,7C32A9E2005D8A5E,classic_bike,2021-07-11 10:29:41,2021-07-11 10:54:50,W 22 St & 8 Ave,6224,Columbia St & Rivington St,5365,40.74475148,-73.99915362,40.71739973,-73.98016555,member
436665,8F7EB7DAEF2D597C,classic_bike,2021-07-13 17:30:57,2021-07-13 17:38:48,E 12 St & Ave C,5616,Columbia St & Rivington St,5365,40.727243,-73.976831,40.71739973,-73.98016555,member
436688,759454BE707BF3C7,classic_bike,2021-07-16 19:05:53,2021-07-16 19:17:35,Division St & Bowery,5270,Columbia St & Rivington St,5365,40.714193,-73.996732,40.71739973,-73.98016555,member
436691,D326F887A4808AF7,classic_bike,2021-07-19 15:57:42,2021-07-19 16:11:28,Spruce St & Gold St,5137,Columbia St & Rivington St,5365,40.7103231,-74.0043228,40.71739973,-73.98016555,member
436701,98EE2A9BBF978B6A,classic_bike,2021-07-22 18:18:59,2021-07-22 18:23:40,Ave D & E 8 St,5506,Columbia St & Rivington St,5365,40.72368361,-73.97574813,40.71739973,-73.98016555,member
436717,F554EFE1ADC0A2F2,classic_bike,2021-07-19 16:46:17,2021-07-19 16:53:50,Lafayette St & Jersey St,5561,Columbia St & Rivington St,5365,40.72456089,-73.99565293,40.71739973,-73.98016555,member
436718,A5823027ACC48915,classic_bike,2021-07-30 17:36:08,2021-07-30 17:45:02,Lafayette St & Jersey St,5561,Columbia St & Rivington St,5365,40.72456089,-73.99565293,40.71739973,-73.98016555,member
436733,899C674517AE6A27,electric_bike,2021-07-18 15:42:13,2021-07-18 16:06:15,Bergen St & Smith St,4446,Columbia St & Rivington St,5365,40.6867443,-73.99063168,40.71739973,-73.98016555,member
436736,02A0B3BB19302C81,classic_bike,2021-07-18 14:33:46,2021-07-18 14:41:30,Lafayette St & Jersey St,5561,Columbia St & Rivington St,5365,40.72456089,-73.99565293,40.71739973,-73.98016555,member
436740,5A64D56D5CF408F3,classic_bike,2021-07-16 16:01:30,2021-07-16 16:11:57,Howard St & Centre St,5422,Columbia St & Rivington St,5365,40.71910537,-73.99973337,40.71739973,-73.98016555,member
436775,AB17BEC8A2BE1DFA,electric_bike,2021-07-13 16:16:20,2021-07-13 16:25:04,Grand St & Greene St,5500,Columbia St & Rivington St,5365,40.72170005235607,-74.00238141417502,40.71739973,-73.98016555,member
436776,1455A0EB5E4C71FD,docked_bike,2021-07-03 18:01:31,2021-07-03 18:24:20,E 2 St & Avenue C,5476,Columbia St & Rivington St,5365,40.720874,-73.980858,40.7174,-73.980166,casual
436787,AE40585BAC87B24D,classic_bike,2021-07-22 08:08:51,2021-07-22 08:17:05,E 11 St & 1 Ave,5746,Columbia St & Rivington St,5365,40.72953837,-73.98426726,40.71739973,-73.98016555,member
436856,8536143526A1D4B3,classic_bike,2021-07-16 17:55:00,2021-07-16 17:59:36,E 6 St & Avenue B,5584,Columbia St & Rivington St,5365,40.72453734,-73.98185424,40.71739973,-73.98016555,member
436860,F4CF4BB3D77A7171,classic_bike,2021-07-23 16:34:36,2021-07-23 16:41:04,E 10 St & Avenue A,5659,Columbia St & Rivington St,5365,40.72740794,-73.98142006,40.71739973,-73.98016555,member
436861,1895694B895D9956,classic_bike,2021-07-04 01:17:03,2021-07-04 01:48:22,E 2 St & Avenue A,5553,Columbia St & Rivington St,5365,40.72307749068673,-73.98583620786667,40.71739973,-73.98016555,member
436863,4C8C037A6BD99022,classic_bike,2021-07-15 00:27:58,2021-07-15 00:34:43,E 2 St & Avenue A,5553,Columbia St & Rivington St,5365,40.72307749068673,-73.98583620786667,40.71739973,-73.98016555,member
436865,0F9299E1762D887A,classic_bike,2021-07-24 15:43:52,2021-07-24 15:51:00,E 14 St & Avenue B,5736,Columbia St & Rivington St,5365,40.72938685,-73.97772429,40.71739973,-73.98016555,member
436867,7FFA83D683DD8CB4,electric_bike,2021-07-16 18:15:45,2021-07-16 18:41:43,E 2 St & Avenue A,5553,Columbia St & Rivington St,5365,40.72307749068673,-73.98583620786667,40.71739973,-73.98016555,member
436872,9BAE50295E086A83,classic_bike,2021-07-26 10:57:00,2021-07-26 11:03:21,E 2 St & Avenue A,5553,Columbia St & Rivington St,5365,40.72307749068673,-73.98583620786667,40.71739973,-73.98016555,member
436874,F65BF2D921805974,classic_bike,2021-07-21 19:17:28,2021-07-21 19:20:45,E 6 St & Avenue D,5506,Columbia St & Rivington St,5365,40.72228087,-73.97668709,40.71739973,-73.98016555,member
436875,06FF8BA02836E05E,classic_bike,2021-07-13 13:13:56,2021-07-13 13:19:37,E 2 St & Avenue A,5553,Columbia St & Rivington St,5365,40.72307749068673,-73.98583620786667,40.71739973,-73.98016555,member
436888,F1EA6A7B889C92D9,classic_bike,2021-07-23 22:26:56,2021-07-23 22:29:45,Bialystoker Pl & Delancey St,5335,Columbia St & Rivington St,5365,40.71622644,-73.98261206,40.71739973,-73.98016555,member
436889,EFEDDB42BFE1D092,classic_bike,2021-07-20 10:08:24,2021-07-20 10:19:13,E 20 St & FDR Drive,5886,Columbia St & Rivington St,5365,40.73314259,-73.97573881,40.71739973,-73.98016555,member
436897,D201B491BFC5D8A2,classic_bike,2021-07-15 19:17:45,2021-07-15 19:20:06,Bialystoker Pl & Delancey St,5335,Columbia St & Rivington St,5365,40.71622644,-73.98261206,40.71739973,-73.98016555,casual
436907,DCECAE2EFF0148DB,classic_bike,2021-07-22 18:24:13,2021-07-22 18:26:16,Bialystoker Pl & Delancey St,5335,Columbia St & Rivington St,5365,40.71622644,-73.98261206,40.71739973,-73.98016555,member
436908,8E9F499317908EF8,classic_bike,2021-07-19 21:35:05,2021-07-19 21:39:34,Stanton St & Norfolk St,5445,Columbia St & Rivington St,5365,40.720747,-73.986274,40.71739973,-73.98016555,member
436931,A3F327A4EA658FB1,electric_bike,2021-07-18 14:17:04,2021-07-18 14:34:30,Graham Ave & Grand St,5178,Columbia St & Rivington St,5365,40.711863,-73.944024,40.71739973,-73.98016555,member
436976,5145C60FDC86720B,classic_bike,2021-07-30 15:05:52,2021-07-30 15:19:13,Great Jones St,5636,Columbia St & Rivington St,5365,40.72743423,-73.99379025,40.71739973,-73.98016555,casual
436980,E1313DAEF970499B,electric_bike,2021-07-21 18:02:33,2021-07-21 18:15:54,Great Jones St,5636,Columbia St & Rivington St,5365,40.72743423,-73.99379025,40.71739973,-73.98016555,casual
436983,F8BEBE8FBAB42215,electric_bike,2021-07-01 12:26:46,2021-07-01 12:36:39,Great Jones St,5636,Columbia St & Rivington St,5365,40.72743423,-73.99379025,40.71739973,-73.98016555,casual
437023,31C8574E39551ECB,classic_bike,2021-07-24 14:29:32,2021-07-24 14:37:42,E 11 St & 1 Ave,5746,Columbia St & Rivington St,5365,40.72953837,-73.98426726,40.71739973,-73.98016555,member
437027,03BC01F3D2E7E44D,classic_bike,2021-07-14 10:30:55,2021-07-14 10:33:15,E 2 St & Avenue C,5476,Columbia St & Rivington St,5365,40.7208736,-73.98085795,40.71739973,-73.98016555,member
437028,1762FCB822B67E8E,classic_bike,2021-07-30 16:24:21,2021-07-30 16:27:06,E 2 St & Avenue C,5476,Columbia St & Rivington St,5365,40.7208736,-73.98085795,40.71739973,-73.98016555,member
437029,9AB66602C7C665E7,classic_bike,2021-07-30 19:48:30,2021-07-30 19:52:05,E 2 St & Avenue C,5476,Columbia St & Rivington St,5365,40.7208736,-73.98085795,40.71739973,-73.98016555,member
437030,98529777A0ABA99E,classic_bike,2021-07-30 13:10:40,2021-07-30 13:13:48,E 2 St & Avenue C,5476,Columbia St & Rivington St,5365,40.7208736,-73.98085795,40.71739973,-73.98016555,member
437031,219505B32266B323,classic_bike,2021-07-12 14:00:32,2021-07-12 14:04:35,E 2 St & Avenue C,5476,Columbia St & Rivington St,5365,40.7208736,-73.98085795,40.71739973,-73.98016555,member
437035,075DE644DAF5885F,electric_bike,2021-07-27 21:14:54,2021-07-27 21:22:35,E 11 St & 1 Ave,5746,Columbia St & Rivington St,5365,40.72953837,-73.98426726,40.71739973,-73.98016555,member
437036,E56FA05DFFD10ED8,electric_bike,2021-07-21 18:43:13,2021-07-21 18:51:29,E 11 St & 1 Ave,5746,Columbia St & Rivington St,5365,40.72953837,-73.98426726,40.71739973,-73.98016555,member
437037,F84C6DCDA6D0DD18,electric_bike,2021-07-29 20:11:32,2021-07-29 20:18:28,E 11 St & 1 Ave,5746,Columbia St & Rivington St,5365,40.72953837,-73.98426726,40.71739973,-73.98016555,member
437039,74601C6DD80F5FF3,classic_bike,2021-07-30 13:03:16,2021-07-30 13:05:50,E 2 St & Avenue C,5476,Columbia St & Rivington St,5365,40.7208736,-73.98085795,40.71739973,-73.98016555,member
437040,B1B7E2A76C72C4EC,electric_bike,2021-07-19 12:47:33,2021-07-19 12:49:13,E 2 St & Avenue C,5476,Columbia St & Rivington St,5365,40.7208736,-73.98085795,40.71739973,-73.98016555,member
437072,A3A29FF672BEFB75,classic_bike,2021-07-24 18:54:46,2021-07-24 19:12:27,E 2 St & Avenue C,5476,Columbia St & Rivington St,5365,40.7208736,-73.98085795,40.71739973,-73.98016555,casual
437103,48721F7535C81652,classic_bike,2021-07-04 22:44:50,2021-07-04 22:54:13,E 11 St & 1 Ave,5746,Columbia St & Rivington St,5365,40.72953837,-73.98426726,40.71739973,-73.98016555,member
437104,0FF4DE15E9851220,electric_bike,2021-07-06 18:04:18,2021-07-06 18:11:25,E 2 St & Avenue C,5476,Columbia St & Rivington St,5365,40.7208736,-73.98085795,40.71739973,-73.98016555,member
437110,CF03B1AF05E81FC3,electric_bike,2021-07-17 20:27:07,2021-07-17 20:35:01,E 2 St & Avenue C,5476,Columbia St & Rivington St,5365,40.7208736,-73.98085795,40.71739973,-73.98016555,member
437113,09DB473364917C07,electric_bike,2021-07-22 11:12:20,2021-07-22 11:22:56,Grand St & Greene St,5500,Columbia St & Rivington St,5365,40.72170005235607,-74.00238141417502,40.71739973,-73.98016555,member
437114,F5CC5C801C0CAE65,classic_bike,2021-07-21 06:41:29,2021-07-21 06:44:09,E 2 St & Avenue C,5476,Columbia St & Rivington St,5365,40.7208736,-73.98085795,40.71739973,-73.98016555,member
437115,0DBED002D1897F6A,classic_bike,2021-07-08 14:56:54,2021-07-08 14:59:39,E 2 St & Avenue C,5476,Columbia St & Rivington St,5365,40.7208736,-73.98085795,40.71739973,-73.98016555,member
437121,0D04582D25945C79,electric_bike,2021-07-10 03:51:39,2021-07-10 03:55:11,E 2 St & Avenue C,5476,Columbia St & Rivington St,5365,40.7208736,-73.98085795,40.71739973,-73.98016555,casual
437139,098472D605D7BF1C,classic_bike,2021-07-12 09:22:44,2021-07-12 09:27:13,Ave D & E 8 St,5506,Columbia St & Rivington St,5365,40.72368361,-73.97574813,40.71739973,-73.98016555,casual
437147,991BC15792FF61B5,classic_bike,2021-07-15 18:00:38,2021-07-15 18:04:09,E 2 St & Avenue C,5476,Columbia St & Rivington St,5365,40.7208736,-73.98085795,40.71739973,-73.98016555,member
437149,7D0447579638546F,classic_bike,2021-07-16 07:21:59,2021-07-16 07:25:50,E 2 St & Avenue C,5476,Columbia St & Rivington St,5365,40.7208736,-73.98085795,40.71739973,-73.98016555,member
437156,0E23E15657095918,electric_bike,2021-07-18 06:29:24,2021-07-18 06:31:42,E 2 St & Avenue C,5476,Columbia St & Rivington St,5365,40.7208736,-73.98085795,40.71739973,-73.98016555,member
437184,B8BA94F3B01A3BE9,electric_bike,2021-07-02 12:21:04,2021-07-02 12:25:18,Stanton St & Mangin St,5326,Columbia St & Rivington St,5365,40.71782143,-73.97628939,40.71739973,-73.98016555,member
437202,EBF1F335A3249858,classic_bike,2021-07-15 16:41:27,2021-07-15 16:47:42,Canal St & Rutgers St,5303,Columbia St & Rivington St,5365,40.71427487,-73.98990025,40.71739973,-73.98016555,member
437211,F563B19C86292DD0,electric_bike,2021-07-09 20:32:29,2021-07-09 20:40:05,Allen St & Stanton St,5484,Columbia St & Rivington St,5365,40.722055,-73.989111,40.71739973,-73.98016555,member
437279,A920D090948F2B83,classic_bike,2021-07-26 18:42:10,2021-07-26 18:48:01,Allen St & Stanton St,5484,Columbia St & Rivington St,5365,40.722055,-73.989111,40.71739973,-73.98016555,member
437290,6FA00B02DE519CBD,classic_bike,2021-07-28 11:57:30,2021-07-28 12:10:08,Allen St & Stanton St,5484,Columbia St & Rivington St,5365,40.722055,-73.989111,40.71739973,-73.98016555,member
437371,3ACBA0BFCAB9F53C,electric_bike,2021-07-06 11:43:30,2021-07-06 12:05:01,8 Ave & W 33 St,6450,Columbia St & Rivington St,5365,40.751551,-73.993934,40.71739973,-73.98016555,member
437386,9AF9E34D2C57A219,electric_bike,2021-07-03 19:58:36,2021-07-03 20:08:59,Great Jones St,5636,Columbia St & Rivington St,5365,40.72743423,-73.99379025,40.71739973,-73.98016555,member
437415,10840CE038C2132C,electric_bike,2021-07-14 20:21:12,2021-07-14 20:42:21,Broadway & Battery Pl,4962,Columbia St & Rivington St,5365,40.70463334,-74.01361706,40.71739973,-73.98016555,member
437439,407BC9504085AE4F,classic_bike,2021-07-18 16:25:46,2021-07-18 16:46:11,1 Ave & E 39 St,6303,Columbia St & Rivington St,5365,40.74714,-73.97113,40.71739973,-73.98016555,casual
437440,5E2EF3AD37E9AADA,classic_bike,2021-07-18 08:23:54,2021-07-18 08:47:29,1 Ave & E 39 St,6303,Columbia St & Rivington St,5365,40.74714,-73.97113,40.71739973,-73.98016555,casual
437451,1D8EE32AB73F6D0C,electric_bike,2021-07-20 14:00:39,2021-07-20 14:01:34,Columbia St & Rivington St,5365,Columbia St & Rivington St,5365,40.71739973,-73.98016555,40.71739973,-73.98016555,member
437457,51AE9A67E95E2D65,electric_bike,2021-07-27 21:58:39,2021-07-27 22:12:10,Columbia St & Rivington St,5365,Columbia St & Rivington St,5365,40.71739973,-73.98016555,40.71739973,-73.98016555,member
437459,6A99C39A752C9E2A,electric_bike,2021-07-16 10:44:54,2021-07-16 11:03:07,Mott St & Prince St,5561,Columbia St & Rivington St,5365,40.72317958,-73.99480012,40.71739973,-73.98016555,member
437470,8CD8F3AF995C064A,classic_bike,2021-07-06 10:52:48,2021-07-06 10:57:44,Canal St & Rutgers St,5303,Columbia St & Rivington St,5365,40.71427487,-73.98990025,40.71739973,-73.98016555,member
437488,DD3334D6C7F50D6D,electric_bike,2021-07-27 21:15:23,2021-07-27 21:19:31,Canal St & Rutgers St,5303,Columbia St & Rivington St,5365,40.71427487,-73.98990025,40.71739973,-73.98016555,member
437495,584380D9F2888650,classic_bike,2021-07-25 16:44:18,2021-07-25 16:58:16,Mott St & Prince St,5561,Columbia St & Rivington St,5365,40.72317958,-73.99480012,40.71739973,-73.98016555,member
437496,9A530942FE6A9E91,electric_bike,2021-07-08 18:19:18,2021-07-08 18:25:14,Mott St & Prince St,5561,Columbia St & Rivington St,5365,40.72317958,-73.99480012,40.71739973,-73.98016555,member
437507,1DD1DA9043688BEE,electric_bike,2021-07-09 07:28:54,2021-07-09 07:44:22,W 20 St & 7 Ave,6182,Columbia St & Rivington St,5365,40.74238787,-73.99726235,40.71739973,-73.98016555,casual
437573,C3A5C2B20DD84ED9,electric_bike,2021-07-23 20:54:51,2021-07-23 21:13:02,Columbia St & Rivington St,5365,Columbia St & Rivington St,5365,40.71739973,-73.98016555,40.71739973,-73.98016555,casual
437590,94EB4CF33079D389,classic_bike,2021-07-06 11:14:34,2021-07-06 11:49:32,Columbia St & Rivington St,5365,Columbia St & Rivington St,5365,40.71739973,-73.98016555,40.71739973,-73.98016555,member
437595,D41EB91413DD9D58,electric_bike,2021-07-08 01:08:31,2021-07-08 01:26:11,Columbia St & Rivington St,5365,Columbia St & Rivington St,5365,40.71739973,-73.98016555,40.71739973,-73.98016555,member
437632,3481719213105F1A,electric_bike,2021-07-18 20:57:09,2021-07-18 20:58:02,Columbia St & Rivington St,5365,Columbia St & Rivington St,5365,40.71739973,-73.98016555,40.71739973,-73.98016555,member
437639,54DAA73B72F9055F,classic_bike,2021-07-30 09:15:33,2021-07-30 09:26:11,St James Pl & Oliver St,5238,Columbia St & Rivington St,5365,40.71307916,-73.99851193,40.71739973,-73.98016555,member
437640,39D0A5833479788B,classic_bike,2021-07-23 09:26:02,2021-07-23 09:32:37,Columbia St & Rivington St,5365,Columbia St & Rivington St,5365,40.71739973,-73.98016555,40.71739973,-73.98016555,member
437647,B1A91C13E041AACD,classic_bike,2021-07-20 22:43:08,2021-07-20 22:52:49,Columbia St & Rivington St,5365,Columbia St & Rivington St,5365,40.71739973,-73.98016555,40.71739973,-73.98016555,member
437654,494E3CBA50F1F05C,electric_bike,2021-07-15 20:03:35,2021-07-15 20:08:26,Columbia St & Rivington St,5365,Columbia St & Rivington St,5365,40.71739973,-73.98016555,40.71739973,-73.98016555,member
437658,C81F0014E060880F,classic_bike,2021-07-04 01:22:12,2021-07-04 01:22:17,Columbia St & Rivington St,5365,Columbia St & Rivington St,5365,40.71739973,-73.98016555,40.71739973,-73.98016555,member
437659,B9C656E435146C1D,electric_bike,2021-07-04 04:31:55,2021-07-04 04:44:12,Columbia St & Rivington St,5365,Columbia St & Rivington St,5365,40.71739973,-73.98016555,40.71739973,-73.98016555,member
437669,62EF91C026B6619F,classic_bike,2021-07-20 20:54:34,2021-07-20 21:12:11,Columbia St & Rivington St,5365,Columbia St & Rivington St,5365,40.71739973,-73.98016555,40.71739973,-73.98016555,member
437674,613C683AC52A35AE,classic_bike,2021-07-06 18:05:35,2021-07-06 18:29:03,Henry St & Middagh St,4861,Columbia St & Rivington St,5365,40.7003,-73.991581,40.71739973,-73.98016555,member
437712,3390EBE99894F7DC,classic_bike,2021-07-15 09:46:35,2021-07-15 10:08:30,Columbia St & Rivington St,5365,Columbia St & Rivington St,5365,40.71739973,-73.98016555,40.71739973,-73.98016555,member
437714,B88E7E3F6D80C2C3,classic_bike,2021-07-30 13:45:53,2021-07-30 13:47:19,Columbia St & Rivington St,5365,Columbia St & Rivington St,5365,40.71739973,-73.98016555,40.71739973,-73.98016555,casual
437776,3E881F453859FCDE,electric_bike,2021-07-13 07:15:29,2021-07-13 07:25:33,Centre St & Chambers St,5207,Columbia St & Rivington St,5365,40.71273266,-74.0046073,40.71739973,-73.98016555,member
437797,A8DAA4FD7812B4B8,electric_bike,2021-07-08 19:25:44,2021-07-08 19:34:25,Stanton St & Chrystie St,5523,Columbia St & Rivington St,5365,40.72229346,-73.99147535,40.71739973,-73.98016555,member
437869,F65BAED9044724D9,electric_bike,2021-07-20 13:23:54,2021-07-20 14:02:35,Stanton St & Chrystie St,5523,Columbia St & Rivington St,5365,40.72229346,-73.99147535,40.71739973,-73.98016555,member
437882,33BE8873579EA7F7,classic_bike,2021-07-23 01:06:13,2021-07-23 01:11:50,Mott St & Prince St,5561,Columbia St & Rivington St,5365,40.72317958,-73.99480012,40.71739973,-73.98016555,member
437901,0AFDCB1C3B610A53,classic_bike,2021-07-14 11:25:55,2021-07-14 11:28:54,E 2 St & Avenue C,5476,Columbia St & Rivington St,5365,40.7208736,-73.98085795,40.71739973,-73.98016555,member
437910,B89FA305D8D64E83,classic_bike,2021-07-10 16:48:43,2021-07-10 16:52:38,E 2 St & Avenue C,5476,Columbia St & Rivington St,5365,40.7208736,-73.98085795,40.71739973,-73.98016555,member
437912,43C6C01649842505,classic_bike,2021-07-28 10:37:29,2021-07-28 10:46:07,E 11 St & 1 Ave,5746,Columbia St & Rivington St,5365,40.72953837,-73.98426726,40.71739973,-73.98016555,member
437913,99AE4A6A03E83A4A,classic_bike,2021-07-14 17:40:45,2021-07-14 17:43:58,E 2 St & Avenue C,5476,Columbia St & Rivington St,5365,40.7208736,-73.98085795,40.71739973,-73.98016555,member
437920,A91847E4C24C6EB2,classic_bike,2021-07-02 14:53:15,2021-07-02 15:05:30,E 11 St & 1 Ave,5746,Columbia St & Rivington St,5365,40.72953837,-73.98426726,40.71739973,-73.98016555,member
437974,D60D7051B84FDD43,classic_bike,2021-07-24 13:59:56,2021-07-24 14:11:19,E 20 St & FDR Drive,5886,Columbia St & Rivington St,5365,40.73314259,-73.97573881,40.71739973,-73.98016555,member
437982,A170D37D2BDB8A84,classic_bike,2021-07-13 18:27:07,2021-07-13 18:46:23,E 20 St & FDR Drive,5886,Columbia St & Rivington St,5365,40.73314259,-73.97573881,40.71739973,-73.98016555,casual
438001,E61A281F4C8D3FF3,classic_bike,2021-07-24 21:55:03,2021-07-24 21:57:08,Bialystoker Pl & Delancey St,5335,Columbia St & Rivington St,5365,40.71622644,-73.98261206,40.71739973,-73.98016555,member
438015,5DAD5575459F4B06,electric_bike,2021-07-31 20:39:30,2021-07-31 20:47:40,Rivington St & Chrystie St,5453,Columbia St & Rivington St,5365,40.72110063,-73.9919254,40.71739973,-73.98016555,casual
438023,671B8374ADC7FB13,classic_bike,2021-07-05 14:52:13,2021-07-05 14:55:49,Rivington St & Ridge St,5406,Columbia St & Rivington St,5365,40.71850211,-73.98329859,40.71739973,-73.98016555,member
438034,FF8216884864134E,classic_bike,2021-07-24 10:42:49,2021-07-24 10:46:06,Rivington St & Ridge St,5406,Columbia St & Rivington St,5365,40.71850211,-73.98329859,40.71739973,-73.98016555,member
438035,28FD7581774A1F6F,classic_bike,2021-07-26 10:53:01,2021-07-26 10:55:52,Rivington St & Ridge St,5406,Columbia St & Rivington St,5365,40.71850211,-73.98329859,40.71739973,-73.98016555,member
438050,D14A351F92810922,classic_bike,2021-07-19 13:01:32,2021-07-19 13:02:53,Bialystoker Pl & Delancey St,5335,Columbia St & Rivington St,5365,40.71622644,-73.98261206,40.71739973,-73.98016555,member
438069,2A91B9D3D31BFD35,classic_bike,2021-07-18 16:45:59,2021-07-18 17:06:08,E 20 St & FDR Drive,5886,Columbia St & Rivington St,5365,40.73314259,-73.97573881,40.71739973,-73.98016555,casual
438232,FDD913EADA5C476E,electric_bike,2021-07-30 16:20:34,2021-07-30 16:39:36,Fulton St & Broadway,5175,Columbia St & Rivington St,5365,40.711066,-74.009447,40.71739973,-73.98016555,member
438299,C996F8512678CE5F,classic_bike,2021-07-25 13:20:09,2021-07-25 13:33:03,1 Ave & E 16 St,5779,Columbia St & Rivington St,5365,40.73221853,-73.98165557,40.71739973,-73.98016555,member
438327,1C88FA0DF51AA124,classic_bike,2021-07-13 19:53:11,2021-07-13 20:01:40,E 11 St & 1 Ave,5746,Columbia St & Rivington St,5365,40.72953837,-73.98426726,40.71739973,-73.98016555,member
438335,2BCC4FFFD04D71AE,classic_bike,2021-07-08 13:38:29,2021-07-08 13:41:42,E 2 St & Avenue C,5476,Columbia St & Rivington St,5365,40.7208736,-73.98085795,40.71739973,-73.98016555,member
438345,7DAEC42F314600B5,electric_bike,2021-07-23 14:18:38,2021-07-23 14:29:43,E 2 St & Avenue C,5476,Columbia St & Rivington St,5365,40.7208736,-73.98085795,40.71739973,-73.98016555,casual
438363,3C31A27D5F9BF273,classic_bike,2021-07-26 09:53:32,2021-07-26 09:57:08,E 2 St & Avenue C,5476,Columbia St & Rivington St,5365,40.7208736,-73.98085795,40.71739973,-73.98016555,member
438378,C90AD9EE3D594923,classic_bike,2021-07-06 17:56:50,2021-07-06 18:03:55,E 11 St & Avenue B,5659,Columbia St & Rivington St,5365,40.72746420692392,-73.97950418293476,40.71739973,-73.98016555,casual
438398,6946E99FA42C9A53,electric_bike,2021-07-29 11:10:29,2021-07-29 11:41:18,W 45 St & 8 Ave,6676,Columbia St & Rivington St,5365,40.75929124,-73.98859651,40.71739973,-73.98016555,member
438425,BA24382C1BAF79B3,classic_bike,2021-07-16 16:34:45,2021-07-16 16:44:02,Lafayette St & Jersey St,5561,Columbia St & Rivington St,5365,40.72456089,-73.99565293,40.71739973,-73.98016555,member
439433,B380815045A5D678,classic_bike,2021-07-09 14:02:35,2021-07-09 14:05:54,Columbia St & Rivington St,5365,E 6 St & Avenue D,5506,40.71739973,-73.98016555,40.72228087,-73.97668709,member
439436,78F35021296DF3D0,classic_bike,2021-07-12 13:55:18,2021-07-12 14:02:26,Columbia St & Rivington St,5365,E 2 St & Avenue A,5553,40.71739973,-73.98016555,40.72307749068673,-73.98583620786667,member
439440,83956414064FDBE2,classic_bike,2021-07-06 11:48:22,2021-07-06 11:55:35,Columbia St & Rivington St,5365,E 6 St & Avenue B,5584,40.71739973,-73.98016555,40.72453734,-73.98185424,casual
439491,653C1A54199049CD,classic_bike,2021-07-22 11:04:58,2021-07-22 11:10:28,Columbia St & Rivington St,5365,E 6 St & Avenue B,5584,40.71739973,-73.98016555,40.72453734,-73.98185424,member
439496,E5BD2A46752D0E20,classic_bike,2021-07-06 18:11:28,2021-07-06 18:15:16,Columbia St & Rivington St,5365,E 6 St & Avenue D,5506,40.71739973,-73.98016555,40.72228087,-73.97668709,member
439498,8ADEEA120979D00A,classic_bike,2021-07-20 14:54:03,2021-07-20 15:05:44,Columbia St & Rivington St,5365,E 6 St & Avenue B,5584,40.71739973,-73.98016555,40.72453734,-73.98185424,member
439501,03FF9838957EE5B7,classic_bike,2021-07-30 18:13:45,2021-07-30 18:21:08,Columbia St & Rivington St,5365,E 14 St & Avenue B,5736,40.71739973,-73.98016555,40.72938685,-73.97772429,member
439508,5E76555F4FE27D28,classic_bike,2021-07-27 13:45:23,2021-07-27 13:52:44,Columbia St & Rivington St,5365,E 14 St & Avenue B,5736,40.71739973,-73.98016555,40.72938685,-73.97772429,member
439512,BE3C86EF85748CEC,classic_bike,2021-07-22 21:16:40,2021-07-22 21:20:20,Columbia St & Rivington St,5365,E 6 St & Avenue D,5506,40.71739973,-73.98016555,40.72228087,-73.97668709,member
439513,9A3A701C6CEDDFD6,classic_bike,2021-07-04 08:49:20,2021-07-04 08:52:01,Columbia St & Rivington St,5365,E 6 St & Avenue D,5506,40.71739973,-73.98016555,40.72228087,-73.97668709,member
439514,56352212D9B2F5C3,classic_bike,2021-07-24 17:20:21,2021-07-24 17:44:37,Columbia St & Rivington St,5365,E 2 St & Avenue A,5553,40.71739973,-73.98016555,40.72307749068673,-73.98583620786667,member
439521,26FAC4B33D39D1C2,classic_bike,2021-07-20 19:38:51,2021-07-20 19:46:05,Columbia St & Rivington St,5365,E 2 St & Avenue A,5553,40.71739973,-73.98016555,40.72307749068673,-73.98583620786667,member
439529,E54820809B22EBA8,classic_bike,2021-07-25 10:56:13,2021-07-25 11:10:07,Columbia St & Rivington St,5365,E 6 St & Avenue D,5506,40.71739973,-73.98016555,40.72228087,-73.97668709,casual
439539,A9D6FE834932B3C7,electric_bike,2021-07-20 14:04:30,2021-07-20 14:09:19,Columbia St & Rivington St,5365,E 2 St & Avenue A,5553,40.71739973,-73.98016555,40.72307749068673,-73.98583620786667,casual
439542,E9D1251DCF3819FA,classic_bike,2021-07-12 10:22:59,2021-07-12 10:47:09,Columbia St & Rivington St,5365,E 6 St & Avenue B,5584,40.71739973,-73.98016555,40.72453734,-73.98185424,casual
442336,916C4D5A15334010,classic_bike,2021-07-26 23:38:24,2021-07-26 23:45:07,Columbia St & Rivington St,5365,E 2 St & Avenue A,5553,40.71739973,-73.98016555,40.72307749068673,-73.98583620786667,member
442343,75304B229BB52B2C,classic_bike,2021-07-25 15:26:16,2021-07-25 15:34:46,Columbia St & Rivington St,5365,E 6 St & Avenue B,5584,40.71739973,-73.98016555,40.72453734,-73.98185424,member
442345,FB55F60674DC22C4,classic_bike,2021-07-10 07:24:34,2021-07-10 07:27:41,Columbia St & Rivington St,5365,E 6 St & Avenue D,5506,40.71739973,-73.98016555,40.72228087,-73.97668709,member
442363,BD083771BD940094,classic_bike,2021-07-28 21:00:14,2021-07-28 21:07:20,Columbia St & Rivington St,5365,E 2 St & Avenue A,5553,40.71739973,-73.98016555,40.72307749068673,-73.98583620786667,member
442364,7FB3429225342467,classic_bike,2021-07-13 12:41:13,2021-07-13 12:46:32,Columbia St & Rivington St,5365,E 6 St & Avenue B,5584,40.71739973,-73.98016555,40.72453734,-73.98185424,member
442366,5C9619E6640878C6,classic_bike,2021-07-22 11:50:06,2021-07-22 12:01:04,Columbia St & Rivington St,5365,E 10 St & Avenue A,5659,40.71739973,-73.98016555,40.72740794,-73.98142006,member
442368,C8F3643172C42603,classic_bike,2021-07-11 10:18:41,2021-07-11 10:21:59,Columbia St & Rivington St,5365,E 6 St & Avenue D,5506,40.71739973,-73.98016555,40.72228087,-73.97668709,member
442374,F4CA1F7CEC037804,classic_bike,2021-07-12 11:50:00,2021-07-12 11:57:28,Columbia St & Rivington St,5365,E 6 St & Avenue B,5584,40.71739973,-73.98016555,40.72453734,-73.98185424,member
443930,29F15A267E7C37E1,classic_bike,2021-07-30 11:29:33,2021-07-30 11:37:24,Columbia St & Rivington St,5365,E 14 St & Avenue B,5736,40.71739973,-73.98016555,40.72938685,-73.97772429,member
443933,001E243C3BA96F9F,classic_bike,2021-07-09 10:53:48,2021-07-09 10:58:24,Columbia St & Rivington St,5365,E 6 St & Avenue D,5506,40.71739973,-73.98016555,40.72228087,-73.97668709,member
444021,559F5FC6AA57EE13,classic_bike,2021-07-28 13:19:27,2021-07-28 13:25:44,Columbia St & Rivington St,5365,E 6 St & Avenue B,5584,40.71739973,-73.98016555,40.72453734,-73.98185424,casual
444023,93FFDEAD3FDB8A3D,electric_bike,2021-07-15 17:28:53,2021-07-15 17:52:12,Columbia St & Rivington St,5365,W 42 St & 8 Ave,6602,40.71739973,-73.98016555,40.7575699,-73.99098507,casual
445321,14A112A5E67EFD13,classic_bike,2021-07-13 09:58:36,2021-07-13 10:04:10,Columbia St & Rivington St,5365,E 6 St & Avenue B,5584,40.71739973,-73.98016555,40.72453734,-73.98185424,casual
445324,FDA817D6D87497B8,electric_bike,2021-07-15 16:43:38,2021-07-15 16:47:32,Columbia St & Rivington St,5365,E 6 St & Avenue D,5506,40.71739973,-73.98016555,40.72228087,-73.97668709,casual
445327,633311C4E4E1B7C8,electric_bike,2021-07-11 17:17:03,2021-07-11 17:20:38,Columbia St & Rivington St,5365,E 6 St & Avenue D,5506,40.71739973,-73.98016555,40.72228087,-73.97668709,casual
445329,93DD5268C43973D3,classic_bike,2021-07-11 19:27:20,2021-07-11 19:36:56,Columbia St & Rivington St,5365,E 2 St & Avenue A,5553,40.71739973,-73.98016555,40.72307749068673,-73.98583620786667,casual
445330,B76651AFD42520C3,electric_bike,2021-07-19 15:29:25,2021-07-19 15:53:00,Columbia St & Rivington St,5365,E 6 St & Avenue D,5506,40.71739973,-73.98016555,40.72228087,-73.97668709,casual
445333,F702E1D31745204E,classic_bike,2021-07-27 20:32:39,2021-07-27 20:39:29,Columbia St & Rivington St,5365,E 14 St & Avenue B,5736,40.71739973,-73.98016555,40.72938685,-73.97772429,casual
446944,0E6E034AA0617F79,classic_bike,2021-07-31 13:54:14,2021-07-31 14:00:55,Columbia St & Rivington St,5365,E 2 St & Avenue A,5553,40.71739973,-73.98016555,40.72307749068673,-73.98583620786667,member
446946,DF65EA7373EAEC86,classic_bike,2021-07-31 15:50:55,2021-07-31 16:00:24,Columbia St & Rivington St,5365,E 10 St & Avenue A,5659,40.71739973,-73.98016555,40.72740794,-73.98142006,member
446979,FC49FD0FB6D4DDB5,classic_bike,2021-07-16 16:54:14,2021-07-16 17:01:51,Columbia St & Rivington St,5365,E 6 St & Avenue B,5584,40.71739973,-73.98016555,40.72453734,-73.98185424,casual
446980,CE07576E4EBF240E,classic_bike,2021-07-27 20:30:28,2021-07-27 20:39:50,Columbia St & Rivington St,5365,E 14 St & Avenue B,5736,40.71739973,-73.98016555,40.72938685,-73.97772429,casual
446984,C6DC67E11429F613,classic_bike,2021-07-26 12:42:26,2021-07-26 12:45:48,Columbia St & Rivington St,5365,E 6 St & Avenue D,5506,40.71739973,-73.98016555,40.72228087,-73.97668709,member
446995,C0F8494C75CF68BE,electric_bike,2021-07-18 15:03:26,2021-07-18 15:05:52,Columbia St & Rivington St,5365,E 6 St & Avenue D,5506,40.71739973,-73.98016555,40.72228087,-73.97668709,casual
448249,2AAACD93D1DF175D,classic_bike,2021-07-09 13:03:45,2021-07-09 13:11:07,Columbia St & Rivington St,5365,E 6 St & Avenue B,5584,40.71739973,-73.98016555,40.72453734,-73.98185424,member
448250,2727E58552B3BD88,classic_bike,2021-07-08 10:14:00,2021-07-08 10:20:08,Columbia St & Rivington St,5365,E 6 St & Avenue B,5584,40.71739973,-73.98016555,40.72453734,-73.98185424,member
448258,F0A9283B0B048698,electric_bike,2021-07-27 14:43:20,2021-07-27 14:49:36,Columbia St & Rivington St,5365,E 10 St & Avenue A,5659,40.71739973,-73.98016555,40.72740794,-73.98142006,casual
448263,62C23CD0EC359F92,classic_bike,2021-07-02 08:26:25,2021-07-02 08:29:18,Columbia St & Rivington St,5365,E 6 St & Avenue D,5506,40.71739973,-73.98016555,40.72228087,-73.97668709,member
452946,C483E05F7939B25E,classic_bike,2021-07-10 09:25:18,2021-07-10 09:31:55,Columbia St & Rivington St,5365,Delancey St & Eldridge St,5414,40.71739973,-73.98016555,40.719383,-73.991479,member
453551,F4DC09E4ACD47AE0,classic_bike,2021-07-19 16:20:27,2021-07-19 16:37:59,Columbia St & Rivington St,5365,Delancey St & Eldridge St,5414,40.71739973,-73.98016555,40.719383,-73.991479,casual
455632,F0997512567746A1,classic_bike,2021-07-14 14:49:12,2021-07-14 15:02:22,Columbia St & Rivington St,5365,Centre St & Chambers St,5207,40.71739973,-73.98016555,40.71273266,-74.0046073,member
455648,D49844BA538F0FCE,classic_bike,2021-07-21 14:38:41,2021-07-21 14:51:48,Columbia St & Rivington St,5365,Centre St & Chambers St,5207,40.71739973,-73.98016555,40.71273266,-74.0046073,member
461740,8EE46463DF9DE789,electric_bike,2021-07-15 22:19:07,2021-07-15 22:45:16,Columbia St & Rivington St,5365,Bergen St & Vanderbilt Ave,4157,40.71739973,-73.98016555,40.6794388,-73.9680438,member
467197,D0A5428FEB651C2E,classic_bike,2021-07-04 12:40:55,2021-07-04 12:47:04,Columbia St & Rivington St,5365,Allen St & Stanton St,5484,40.71739973,-73.98016555,40.722055,-73.989111,member
467198,5E8014DFDDEEFFA2,classic_bike,2021-07-05 12:47:47,2021-07-05 12:53:40,Columbia St & Rivington St,5365,Allen St & Stanton St,5484,40.71739973,-73.98016555,40.722055,-73.989111,member
467500,91C459C300710FEE,classic_bike,2021-07-25 14:34:25,2021-07-25 14:45:36,Columbia St & Rivington St,5365,Allen St & Stanton St,5484,40.71739973,-73.98016555,40.722055,-73.989111,casual
467563,6A28003C695ABEFE,electric_bike,2021-07-04 18:11:01,2021-07-04 18:57:21,Columbia St & Rivington St,5365,Prospect Park SW & Greenwood Ave,3385,40.71739973,-73.98016555,40.652563,-73.972573,casual
470076,D6628D69A8053177,classic_bike,2021-07-21 20:34:48,2021-07-21 20:48:27,Columbia St & Rivington St,5365,Spruce St & Nassau St,5137,40.71739973,-73.98016555,40.71146364,-74.00552427,member
470900,EB1FAFEECEE1AACB,electric_bike,2021-07-20 17:52:58,2021-07-20 18:07:18,Columbia St & Rivington St,5365,N 12 St & Bedford Ave,5450,40.71739973,-73.98016555,40.72079821,-73.95484712,member
473409,8EAA7660238CDF3D,electric_bike,2021-07-30 19:32:04,2021-07-30 19:52:06,Columbia St & Rivington St,5365,N 12 St & Bedford Ave,5450,40.71739973,-73.98016555,40.72079821,-73.95484712,member
479024,1DF6EA2001CDE51E,electric_bike,2021-07-30 04:23:25,2021-07-30 04:44:43,Columbia St & Rivington St,5365,E 48 St & 5 Ave,6626,40.71739973,-73.98016555,40.75724567911726,-73.97805914282799,member
479025,25D97984D34E2038,electric_bike,2021-07-05 02:55:50,2021-07-05 03:10:14,Columbia St & Rivington St,5365,W 24 St & 7 Ave,6257,40.71739973,-73.98016555,40.74487634,-73.99529885,member
479793,491ABD6254C5D9E3,electric_bike,2021-07-16 04:28:58,2021-07-16 04:47:33,Columbia St & Rivington St,5365,E 48 St & 5 Ave,6626,40.71739973,-73.98016555,40.75724567911726,-73.97805914282799,member
481043,95A4904473D34FCF,classic_bike,2021-07-29 13:28:33,2021-07-29 13:45:33,Columbia St & Rivington St,5365,Wall St & South St,4953,40.71739973,-73.98016555,40.70437,-74.00637,casual
481139,7E215E935ED99B77,classic_bike,2021-07-06 14:51:29,2021-07-06 15:10:04,Columbia St & Rivington St,5365,Wall St & South St,4953,40.71739973,-73.98016555,40.70437,-74.00637,member
481142,3FA7CBAF4EBF5239,classic_bike,2021-07-06 12:16:47,2021-07-06 12:33:24,Columbia St & Rivington St,5365,Wall St & South St,4953,40.71739973,-73.98016555,40.70437,-74.00637,member
486090,57755DB3B24083F5,electric_bike,2021-07-03 17:58:42,2021-07-03 18:12:20,Columbia St & Rivington St,5365,Grand St & Havemeyer St,5267,40.71739973,-73.98016555,40.71286844,-73.95698119,casual
486435,D79301BB2BDF750E,electric_bike,2021-07-24 05:14:10,2021-07-24 05:24:33,Columbia St & Rivington St,5365,Grand St & Havemeyer St,5267,40.71739973,-73.98016555,40.71286844,-73.95698119,casual
486654,884881CDD900FB4D,classic_bike,2021-07-07 09:01:45,2021-07-07 09:16:30,Columbia St & Rivington St,5365,Grand St & Havemeyer St,5267,40.71739973,-73.98016555,40.71286844,-73.95698119,member
498672,4D73B435650131EC,electric_bike,2021-07-10 17:00:21,2021-07-10 17:12:04,Columbia St & Rivington St,5365,Metropolitan Ave & Meeker Ave,5300,40.71739973,-73.98016555,40.71413311,-73.95234386,member
499464,3C1EB0AD46EF3A9B,electric_bike,2021-07-25 17:30:58,2021-07-25 17:56:39,Columbia St & Rivington St,5365,Metropolitan Ave & Meeker Ave,5300,40.71739973,-73.98016555,40.71413311,-73.95234386,member
500284,095354640B11564F,electric_bike,2021-07-27 09:15:38,2021-07-27 09:35:00,Columbia St & Rivington St,5365,Washington St & Gansevoort St,6039,40.71739973,-73.98016555,40.739323,-74.008119,casual
500312,693B5B18FF9DDD8C,classic_bike,2021-07-04 09:26:34,2021-07-04 09:51:29,Columbia St & Rivington St,5365,Washington St & Gansevoort St,6039,40.71739973,-73.98016555,40.739323,-74.008119,casual
504374,D7E9DCC371134C28,classic_bike,2021-07-22 23:03:30,2021-07-22 23:31:14,Columbia St & Rivington St,5365,Washington St & Gansevoort St,6039,40.71739973,-73.98016555,40.739323,-74.008119,member
504437,FA634ABDCF6B35C4,classic_bike,2021-07-28 13:49:16,2021-07-28 13:59:06,Columbia St & Rivington St,5365,E 1 St & 1 Ave,5593,40.71739973,-73.98016555,40.72335597960796,-73.98864984512329,casual
504445,BCF57176F2CD4A05,electric_bike,2021-07-08 12:05:04,2021-07-08 12:15:51,Columbia St & Rivington St,5365,Metropolitan Ave & Meeker Ave,5300,40.71739973,-73.98016555,40.71413311,-73.95234386,member
504468,3EE405B5D3A02AB5,classic_bike,2021-07-22 23:02:34,2021-07-22 23:31:13,Columbia St & Rivington St,5365,Washington St & Gansevoort St,6039,40.71739973,-73.98016555,40.739323,-74.008119,casual
508981,2B9D8B057A7A2982,electric_bike,2021-07-08 14:05:05,2021-07-08 14:43:39,Columbia St & Rivington St,5365,Jefferson St & Cypress Ave,5082,40.71739973,-73.98016555,40.70907,-73.92157,casual
509016,B5CE8252A3653F26,electric_bike,2021-07-03 08:30:51,2021-07-03 08:41:29,Columbia St & Rivington St,5365,Stuyvesant Walk & 1 Av Loop,5854,40.71739973,-73.98016555,40.732339777151054,-73.97898383438587,member
509071,B5D151E9F5D4ED2D,electric_bike,2021-07-22 22:42:14,2021-07-22 23:06:20,Columbia St & Rivington St,5365,Jefferson St & Cypress Ave,5082,40.71739973,-73.98016555,40.70907,-73.92157,member
509122,C8E96DC10A236125,electric_bike,2021-07-13 14:22:47,2021-07-13 14:50:50,Columbia St & Rivington St,5365,Bushwick Ave & Harman St,4640,40.71739973,-73.98016555,40.69356,-73.92524,casual
513744,99CE0FD758ED4DDB,electric_bike,2021-07-14 20:06:44,2021-07-14 20:28:06,Columbia St & Rivington St,5365,8 Ave & W 33 St,6450,40.71739973,-73.98016555,40.751551,-73.993934,member
513762,50A8A512F824BE20,classic_bike,2021-07-16 20:53:45,2021-07-16 21:19:28,Columbia St & Rivington St,5365,8 Ave & W 33 St,6450,40.71739973,-73.98016555,40.751551,-73.993934,casual
518524,2EBFD2B4563E8A29,classic_bike,2021-07-14 16:33:35,2021-07-14 16:46:35,Columbia St & Rivington St,5365,Thompson St & Bleecker St,5721,40.71739973,-73.98016555,40.72840059450829,-73.99968780577183,casual
534029,2CFD080E03E6F577,classic_bike,2021-07-04 15:15:46,2021-07-04 15:36:37,Columbia St & Rivington St,5365,West Thames St,5114,40.71739973,-73.98016555,40.70834698,-74.01713445,casual
534033,A2A261E5F4F1FDFF,classic_bike,2021-07-22 21:27:39,2021-07-22 21:53:51,Columbia St & Rivington St,5365,Nassau Ave & Russell St,5581,40.71739973,-73.98016555,40.72557,-73.94434,casual
534067,D45E88F631F782FF,electric_bike,2021-07-15 00:23:50,2021-07-15 00:36:48,Columbia St & Rivington St,5365,Bedford Ave & S 9 St,5093,40.71739973,-73.98016555,40.70853074,-73.96408963,casual
534079,71F7F75955964C49,classic_bike,2021-07-27 14:11:13,2021-07-27 14:30:03,Columbia St & Rivington St,5365,West Thames St,5114,40.71739973,-73.98016555,40.70834698,-74.01713445,casual
534139,81D2DB92E94A42E0,electric_bike,2021-07-20 15:25:35,2021-07-20 15:43:47,Columbia St & Rivington St,5365,Wyckoff St & Nevins St,4290,40.71739973,-73.98016555,40.683426,-73.984275,member
534153,E3A7C6850CC9A154,electric_bike,2021-07-28 09:12:39,2021-07-28 09:31:10,Columbia St & Rivington St,5365,West Thames St,5114,40.71739973,-73.98016555,40.70834698,-74.01713445,casual
552104,7C6CDC3C0DFE378C,classic_bike,2021-07-14 22:05:42,2021-07-14 22:12:22,Columbia St & Rivington St,5365,Allen St & Stanton St,5484,40.71739973,-73.98016555,40.722055,-73.989111,member
554991,F50FB0B1BE7004E1,classic_bike,2021-07-07 10:31:03,2021-07-07 10:41:21,Columbia St & Rivington St,5365,Allen St & Stanton St,5484,40.71739973,-73.98016555,40.722055,-73.989111,member
554996,85C77706125CAE92,classic_bike,2021-07-27 09:19:25,2021-07-27 09:24:17,Columbia St & Rivington St,5365,Allen St & Stanton St,5484,40.71739973,-73.98016555,40.722055,-73.989111,casual
568972,E76572DAD7D7746F,classic_bike,2021-07-15 08:12:48,2021-07-15 08:18:11,Columbia St & Rivington St,5365,Madison St & Clinton St,5190,40.71739973,-73.98016555,40.71269042,-73.98776323,member
568973,B195933AC381C007,classic_bike,2021-07-15 12:14:41,2021-07-15 12:19:35,Columbia St & Rivington St,5365,Madison St & Clinton St,5190,40.71739973,-73.98016555,40.71269042,-73.98776323,member
568974,77566E972F5C86B2,classic_bike,2021-07-18 15:57:47,2021-07-18 16:03:52,Columbia St & Rivington St,5365,Madison St & Clinton St,5190,40.71739973,-73.98016555,40.71269042,-73.98776323,member
568977,DC3CA654A7BB104B,classic_bike,2021-07-14 14:53:21,2021-07-14 14:59:49,Columbia St & Rivington St,5365,Madison St & Clinton St,5190,40.71739973,-73.98016555,40.71269042,-73.98776323,member
568978,D9CE321981EC91A4,classic_bike,2021-07-17 08:23:30,2021-07-17 08:28:51,Columbia St & Rivington St,5365,Madison St & Clinton St,5190,40.71739973,-73.98016555,40.71269042,-73.98776323,member
568979,3DF4ABC85DA2AE03,classic_bike,2021-07-08 16:32:06,2021-07-08 16:37:43,Columbia St & Rivington St,5365,Madison St & Clinton St,5190,40.71739973,-73.98016555,40.71269042,-73.98776323,member
568981,A249174D4C41FA2D,electric_bike,2021-07-22 16:32:43,2021-07-22 16:36:47,Columbia St & Rivington St,5365,Madison St & Clinton St,5190,40.71739973,-73.98016555,40.71269042,-73.98776323,member
568982,4478DE28A6297050,classic_bike,2021-07-22 08:32:56,2021-07-22 08:38:12,Columbia St & Rivington St,5365,Madison St & Clinton St,5190,40.71739973,-73.98016555,40.71269042,-73.98776323,member
571292,38481A299057A724,electric_bike,2021-07-05 22:06:01,2021-07-05 22:10:01,Columbia St & Rivington St,5365,Madison St & Clinton St,5190,40.71739973,-73.98016555,40.71269042,-73.98776323,member
571296,3CAD2E32D6070783,classic_bike,2021-07-20 08:18:44,2021-07-20 08:24:44,Columbia St & Rivington St,5365,Madison St & Clinton St,5190,40.71739973,-73.98016555,40.71269042,-73.98776323,member
571311,329E1922A3AF1CC2,classic_bike,2021-07-30 16:35:54,2021-07-30 16:39:47,Columbia St & Rivington St,5365,Madison St & Clinton St,5190,40.71739973,-73.98016555,40.71269042,-73.98776323,member
571340,0F5D0BB90C7A3572,classic_bike,2021-07-27 20:17:49,2021-07-27 20:25:06,Columbia St & Rivington St,5365,Madison St & Clinton St,5190,40.71739973,-73.98016555,40.71269042,-73.98776323,member
571365,09A9D23511E55D93,classic_bike,2021-07-14 08:52:20,2021-07-14 08:59:28,Columbia St & Rivington St,5365,Madison St & Clinton St,5190,40.71739973,-73.98016555,40.71269042,-73.98776323,member
571369,99E2C6A0536DBD49,classic_bike,2021-07-10 08:49:57,2021-07-10 08:56:21,Columbia St & Rivington St,5365,Madison St & Clinton St,5190,40.71739973,-73.98016555,40.71269042,-73.98776323,member
571377,FBCDABFC81CF4901,electric_bike,2021-07-13 08:10:06,2021-07-13 08:15:05,Columbia St & Rivington St,5365,Madison St & Clinton St,5190,40.71739973,-73.98016555,40.71269042,-73.98776323,member
571378,16DD784AC07A48E9,classic_bike,2021-07-24 08:18:57,2021-07-24 08:23:55,Columbia St & Rivington St,5365,Madison St & Clinton St,5190,40.71739973,-73.98016555,40.71269042,-73.98776323,member
571379,CA6B374AA5F1CE92,classic_bike,2021-07-29 08:27:40,2021-07-29 08:33:13,Columbia St & Rivington St,5365,Madison St & Clinton St,5190,40.71739973,-73.98016555,40.71269042,-73.98776323,member
571381,973225F11B936540,classic_bike,2021-07-03 08:18:32,2021-07-03 08:23:52,Columbia St & Rivington St,5365,Madison St & Clinton St,5190,40.71739973,-73.98016555,40.71269042,-73.98776323,member
571382,A003976E775680EA,classic_bike,2021-07-03 15:50:18,2021-07-03 15:55:51,Columbia St & Rivington St,5365,Madison St & Clinton St,5190,40.71739973,-73.98016555,40.71269042,-73.98776323,member
571425,D44ECC26FDFD39AC,classic_bike,2021-07-24 08:43:09,2021-07-24 08:52:27,Columbia St & Rivington St,5365,Madison St & Clinton St,5190,40.71739973,-73.98016555,40.71269042,-73.98776323,member
571426,D7346FE697F1410F,classic_bike,2021-07-04 08:30:37,2021-07-04 08:36:27,Columbia St & Rivington St,5365,Madison St & Clinton St,5190,40.71739973,-73.98016555,40.71269042,-73.98776323,member
571431,A03765CCDF79D042,classic_bike,2021-07-10 08:19:24,2021-07-10 08:24:48,Columbia St & Rivington St,5365,Madison St & Clinton St,5190,40.71739973,-73.98016555,40.71269042,-73.98776323,member
571438,F405330BC56CE94D,electric_bike,2021-07-23 01:53:42,2021-07-23 02:20:14,Columbia St & Rivington St,5365,Irving Ave & Harman St,4856,40.71739973,-73.98016555,40.70108,-73.9179,casual
571442,0BD1B86DE3BB88E2,classic_bike,2021-07-06 08:21:27,2021-07-06 08:27:10,Columbia St & Rivington St,5365,Madison St & Clinton St,5190,40.71739973,-73.98016555,40.71269042,-73.98776323,member
571471,CDD11FD7D9DC9F5E,classic_bike,2021-07-31 08:48:25,2021-07-31 08:54:57,Columbia St & Rivington St,5365,Madison St & Clinton St,5190,40.71739973,-73.98016555,40.71269042,-73.98776323,member
571477,971DDE67783E6631,electric_bike,2021-07-30 16:16:09,2021-07-30 16:21:17,Columbia St & Rivington St,5365,Madison St & Clinton St,5190,40.71739973,-73.98016555,40.71269042,-73.98776323,casual
571492,0D318CF7E9210B29,classic_bike,2021-07-06 17:00:38,2021-07-06 17:06:35,Columbia St & Rivington St,5365,Madison St & Clinton St,5190,40.71739973,-73.98016555,40.71269042,-73.98776323,member
571520,2B3CCBCB66EF46B5,classic_bike,2021-07-17 10:09:02,2021-07-17 10:14:21,Columbia St & Rivington St,5365,Madison St & Clinton St,5190,40.71739973,-73.98016555,40.71269042,-73.98776323,member
571536,465D4337657B9BA9,classic_bike,2021-07-10 14:39:30,2021-07-10 14:53:02,Columbia St & Rivington St,5365,Madison St & Clinton St,5190,40.71739973,-73.98016555,40.71269042,-73.98776323,member
588729,B58226A4AF22CD2E,classic_bike,2021-07-24 12:18:38,2021-07-24 12:40:07,Columbia St & Rivington St,5365,N 12 St & Bedford Ave,5450,40.71739973,-73.98016555,40.72079821,-73.95484712,casual
588730,91AA8836EA4043C2,electric_bike,2021-07-03 16:17:47,2021-07-03 17:41:02,Columbia St & Rivington St,5365,Amsterdam Ave & W 73 St,7260,40.71739973,-73.98016555,40.77966809007312,-73.98093044757842,casual
589564,5067F11928CC206D,electric_bike,2021-07-24 12:16:39,2021-07-24 12:39:26,Columbia St & Rivington St,5365,N 12 St & Bedford Ave,5450,40.71739973,-73.98016555,40.72079821,-73.95484712,casual
589567,342EE8AA0CC7E219,electric_bike,2021-07-24 13:26:51,2021-07-24 13:47:58,Columbia St & Rivington St,5365,N 15 St & Wythe Ave,5520,40.71739973,-73.98016555,40.724055,-73.955736,member
592775,CD81C0785098CBB1,electric_bike,2021-07-07 20:57:16,2021-07-07 21:08:37,Columbia St & Rivington St,5365,N 12 St & Bedford Ave,5450,40.71739973,-73.98016555,40.72079821,-73.95484712,member
604468,B8F6A87B988E2C64,electric_bike,2021-07-27 18:33:01,2021-07-27 18:47:30,Columbia St & Rivington St,5365,Union Ave & N 12 St,5411,40.71739973,-73.98016555,40.71924,-73.95242,casual
610079,C496D10463CAA4F9,classic_bike,2021-07-30 13:39:00,2021-07-30 13:46:31,Columbia St & Rivington St,5365,Allen St & Hester St,5342,40.71739973,-73.98016555,40.71605866,-73.99190759,member
610085,E4978DB9C0FAA2D8,classic_bike,2021-07-05 14:24:51,2021-07-05 14:29:38,Columbia St & Rivington St,5365,Allen St & Hester St,5342,40.71739973,-73.98016555,40.71605866,-73.99190759,member
610096,9546150725F53BB2,electric_bike,2021-07-07 16:49:45,2021-07-07 17:00:04,Columbia St & Rivington St,5365,E 23 St & 1 Ave,5929,40.71739973,-73.98016555,40.736502,-73.97809472,member
610128,25357F2A56496522,electric_bike,2021-07-08 07:35:55,2021-07-08 07:45:03,Columbia St & Rivington St,5365,E 23 St & 1 Ave,5929,40.71739973,-73.98016555,40.736502,-73.97809472,casual
619717,9E88F29BA3DB364F,electric_bike,2021-07-10 16:23:15,2021-07-10 16:39:02,Columbia St & Rivington St,5365,E 23 St & 1 Ave,5929,40.71739973,-73.98016555,40.736502,-73.97809472,member
619721,27399AAEB40122CF,classic_bike,2021-07-31 15:22:06,2021-07-31 15:28:31,Columbia St & Rivington St,5365,Allen St & Hester St,5342,40.71739973,-73.98016555,40.71605866,-73.99190759,member
619724,3FA806D52B865B55,classic_bike,2021-07-04 10:11:05,2021-07-04 10:17:24,Columbia St & Rivington St,5365,Allen St & Hester St,5342,40.71739973,-73.98016555,40.71605866,-73.99190759,member
619739,2CDEDC5942DB93F1,electric_bike,2021-07-01 20:03:45,2021-07-01 20:17:05,Columbia St & Rivington St,5365,E 23 St & 1 Ave,5929,40.71739973,-73.98016555,40.736502,-73.97809472,casual
619746,62AAF67B00AF1171,classic_bike,2021-07-04 12:29:28,2021-07-04 12:39:04,Columbia St & Rivington St,5365,Allen St & Hester St,5342,40.71739973,-73.98016555,40.71605866,-73.99190759,member
619754,A3DB3661C18BAED2,classic_bike,2021-07-25 09:45:10,2021-07-25 10:12:17,Columbia St & Rivington St,5365,Allen St & Hester St,5342,40.71739973,-73.98016555,40.71605866,-73.99190759,member
619757,849658DDAB82E395,classic_bike,2021-07-02 11:16:52,2021-07-02 11:31:21,Columbia St & Rivington St,5365,E 23 St & 1 Ave,5929,40.71739973,-73.98016555,40.736502,-73.97809472,member
619760,9C9340EF5EB4E470,classic_bike,2021-07-18 11:51:31,2021-07-18 11:59:35,Columbia St & Rivington St,5365,Allen St & Hester St,5342,40.71739973,-73.98016555,40.71605866,-73.99190759,member
619770,3A5FCC72167C7F3B,classic_bike,2021-07-24 09:59:39,2021-07-24 10:05:55,Columbia St & Rivington St,5365,Allen St & Hester St,5342,40.71739973,-73.98016555,40.71605866,-73.99190759,member
619772,ABC4BD58EA153D40,classic_bike,2021-07-13 13:48:43,2021-07-13 13:57:34,Columbia St & Rivington St,5365,Allen St & Hester St,5342,40.71739973,-73.98016555,40.71605866,-73.99190759,member
619773,1E2C3324287272F0,classic_bike,2021-07-27 12:42:02,2021-07-27 12:50:30,Columbia St & Rivington St,5365,Allen St & Hester St,5342,40.71739973,-73.98016555,40.71605866,-73.99190759,member
619789,6AEB0BFDA239BEE5,classic_bike,2021-07-30 09:34:30,2021-07-30 09:43:23,Columbia St & Rivington St,5365,Allen St & Hester St,5342,40.71739973,-73.98016555,40.71605866,-73.99190759,member
620572,96317BDD464273C3,classic_bike,2021-07-25 10:49:54,2021-07-25 10:58:22,Columbia St & Rivington St,5365,Allen St & Hester St,5342,40.71739973,-73.98016555,40.71605866,-73.99190759,member
620764,505365D57925F09D,classic_bike,2021-07-13 17:16:08,2021-07-13 17:30:19,Columbia St & Rivington St,5365,E 9 St & 5 Ave,5872,40.71739973,-73.98016555,40.73275887045087,-73.99581670761108,casual
628414,7C370A1F90339210,classic_bike,2021-07-15 19:35:57,2021-07-15 19:39:14,Columbia St & Rivington St,5365,E 6 St & Avenue D,5506,40.71739973,-73.98016555,40.72228087,-73.97668709,member
628422,8DCBE476BCEDBA12,classic_bike,2021-07-21 10:55:56,2021-07-21 11:03:59,Columbia St & Rivington St,5365,E 6 St & Avenue B,5584,40.71739973,-73.98016555,40.72453734,-73.98185424,member
628423,A5F540DAA8B60B82,classic_bike,2021-07-01 19:55:14,2021-07-01 20:10:50,Columbia St & Rivington St,5365,E 10 St & Avenue A,5659,40.71739973,-73.98016555,40.72740794,-73.98142006,member
628427,2ECC2215C4136813,classic_bike,2021-07-23 15:52:32,2021-07-23 15:56:35,Columbia St & Rivington St,5365,E 6 St & Avenue D,5506,40.71739973,-73.98016555,40.72228087,-73.97668709,member
628431,F098242FDEDABFFA,classic_bike,2021-07-14 17:18:35,2021-07-14 17:21:31,Columbia St & Rivington St,5365,E 6 St & Avenue D,5506,40.71739973,-73.98016555,40.72228087,-73.97668709,member
628435,119569165E4F460B,classic_bike,2021-07-12 08:44:15,2021-07-12 08:50:28,Columbia St & Rivington St,5365,E 6 St & Avenue B,5584,40.71739973,-73.98016555,40.72453734,-73.98185424,member
628443,9FCE0D9563DA34C7,classic_bike,2021-07-05 14:26:58,2021-07-05 14:34:53,Columbia St & Rivington St,5365,E 6 St & Avenue B,5584,40.71739973,-73.98016555,40.72453734,-73.98185424,member
628445,00620C44B7F203F6,classic_bike,2021-07-22 07:31:03,2021-07-22 07:33:50,Columbia St & Rivington St,5365,E 6 St & Avenue D,5506,40.71739973,-73.98016555,40.72228087,-73.97668709,member
628446,4D87A8DD2F4D3428,classic_bike,2021-07-08 08:51:48,2021-07-08 09:00:18,Columbia St & Rivington St,5365,E 14 St & Avenue B,5736,40.71739973,-73.98016555,40.72938685,-73.97772429,member
628448,148F37C6CE4D1622,classic_bike,2021-07-14 14:07:36,2021-07-14 14:13:47,Columbia St & Rivington St,5365,E 6 St & Avenue B,5584,40.71739973,-73.98016555,40.72453734,-73.98185424,casual
628465,EE4F4D5C70C1DDBE,classic_bike,2021-07-05 14:46:56,2021-07-05 14:52:09,Columbia St & Rivington St,5365,E 6 St & Avenue B,5584,40.71739973,-73.98016555,40.72453734,-73.98185424,member
628472,6A38E3E586288EF9,classic_bike,2021-07-28 20:59:43,2021-07-28 21:07:14,Columbia St & Rivington St,5365,E 2 St & Avenue A,5553,40.71739973,-73.98016555,40.72307749068673,-73.98583620786667,member
628475,ED57E6C5545F6E8F,classic_bike,2021-07-14 08:40:50,2021-07-14 08:52:55,Columbia St & Rivington St,5365,E 14 St & Avenue B,5736,40.71739973,-73.98016555,40.72938685,-73.97772429,member
628478,1A072CAF89920DAE,classic_bike,2021-07-26 20:43:51,2021-07-26 20:50:50,Columbia St & Rivington St,5365,E 10 St & Avenue A,5659,40.71739973,-73.98016555,40.72740794,-73.98142006,casual
628502,84BCC7974F43EA8B,electric_bike,2021-07-04 20:50:15,2021-07-04 20:54:45,Columbia St & Rivington St,5365,E 2 St & Avenue A,5553,40.71739973,-73.98016555,40.72307749068673,-73.98583620786667,member
628503,FC45DEFD91432572,electric_bike,2021-07-05 15:25:19,2021-07-05 15:40:03,Columbia St & Rivington St,5365,E 2 St & Avenue A,5553,40.71739973,-73.98016555,40.72307749068673,-73.98583620786667,member
628506,6BEEF41441F7F3E1,classic_bike,2021-07-25 20:19:20,2021-07-25 20:31:32,Columbia St & Rivington St,5365,E 6 St & Avenue D,5506,40.71739973,-73.98016555,40.72228087,-73.97668709,member
628513,F01B11544F586005,classic_bike,2021-07-27 20:29:58,2021-07-27 20:39:20,Columbia St & Rivington St,5365,E 14 St & Avenue B,5736,40.71739973,-73.98016555,40.72938685,-73.97772429,casual
628542,B131AE7271218AF1,classic_bike,2021-07-15 08:41:04,2021-07-15 08:49:44,Columbia St & Rivington St,5365,E 14 St & Avenue B,5736,40.71739973,-73.98016555,40.72938685,-73.97772429,member
628544,3EC1654E65CBBE50,classic_bike,2021-07-31 10:28:39,2021-07-31 10:32:09,Columbia St & Rivington St,5365,E 6 St & Avenue D,5506,40.71739973,-73.98016555,40.72228087,-73.97668709,member
628803,2AF134A999F1203A,classic_bike,2021-07-06 18:28:53,2021-07-06 18:35:37,Columbia St & Rivington St,5365,E 2 St & Avenue A,5553,40.71739973,-73.98016555,40.72307749068673,-73.98583620786667,member
628805,0BA322B249229811,classic_bike,2021-07-06 06:10:02,2021-07-06 06:14:19,Columbia St & Rivington St,5365,E 2 St & Avenue A,5553,40.71739973,-73.98016555,40.72307749068673,-73.98583620786667,member
628811,09ECD07742AADB05,electric_bike,2021-07-27 15:31:08,2021-07-27 15:45:35,Columbia St & Rivington St,5365,E 6 St & Avenue D,5506,40.71739973,-73.98016555,40.72228087,-73.97668709,member
652270,C4EF64CEA65841C8,electric_bike,2021-07-29 12:53:19,2021-07-29 13:01:29,Columbia St & Rivington St,5365,E 11 St & 3 Ave,5788,40.71739973,-73.98016555,40.73127,-73.98849,member
652279,A82703FE2C68365A,classic_bike,2021-07-23 09:06:20,2021-07-23 09:09:19,Columbia St & Rivington St,5365,Stanton St & Mangin St,5326,40.71739973,-73.98016555,40.71782143,-73.97628939,member
652284,539D08F9FA656B58,classic_bike,2021-07-08 10:49:25,2021-07-08 10:52:23,Columbia St & Rivington St,5365,Stanton St & Mangin St,5326,40.71739973,-73.98016555,40.71782143,-73.97628939,member
652299,E57614F766A4EF26,classic_bike,2021-07-12 20:18:42,2021-07-12 20:22:22,Columbia St & Rivington St,5365,Stanton St & Mangin St,5326,40.71739973,-73.98016555,40.71782143,-73.97628939,member
652754,BC2FBE94E0F168A8,classic_bike,2021-07-26 14:40:39,2021-07-26 14:43:30,Columbia St & Rivington St,5365,Stanton St & Mangin St,5326,40.71739973,-73.98016555,40.71782143,-73.97628939,member
652757,CB5861778386D3C8,classic_bike,2021-07-16 19:31:03,2021-07-16 19:46:26,Columbia St & Rivington St,5365,E 11 St & 3 Ave,5788,40.71739973,-73.98016555,40.73127,-73.98849,member
652760,523072CEF2F3C82F,electric_bike,2021-07-09 20:49:03,2021-07-09 20:52:29,Columbia St & Rivington St,5365,Stanton St & Mangin St,5326,40.71739973,-73.98016555,40.71782143,-73.97628939,member
654994,47B7C4FEAEE53323,classic_bike,2021-07-19 16:14:21,2021-07-19 16:17:35,Columbia St & Rivington St,5365,Stanton St & Mangin St,5326,40.71739973,-73.98016555,40.71782143,-73.97628939,member
655010,4D60BAD778063CAC,classic_bike,2021-07-03 19:47:18,2021-07-03 19:50:23,Columbia St & Rivington St,5365,Stanton St & Mangin St,5326,40.71739973,-73.98016555,40.71782143,-73.97628939,casual
655023,DE64B02BDA46CA09,classic_bike,2021-07-25 16:51:53,2021-07-25 17:31:37,Columbia St & Rivington St,5365,Stanton St & Mangin St,5326,40.71739973,-73.98016555,40.71782143,-73.97628939,member
655029,E7503FE36B0B40DE,electric_bike,2021-07-07 15:19:44,2021-07-07 15:23:03,Columbia St & Rivington St,5365,Stanton St & Mangin St,5326,40.71739973,-73.98016555,40.71782143,-73.97628939,member
655031,44D5E815B0D90583,classic_bike,2021-07-12 14:20:18,2021-07-12 14:23:36,Columbia St & Rivington St,5365,Stanton St & Mangin St,5326,40.71739973,-73.98016555,40.71782143,-73.97628939,member
655036,0888A343085B5E34,electric_bike,2021-07-24 19:38:55,2021-07-24 20:04:36,Columbia St & Rivington St,5365,E 33 St & 5 Ave,6322,40.71739973,-73.98016555,40.74765947,-73.98490707,member
655044,0A2440AFDF671E6C,classic_bike,2021-07-20 13:36:26,2021-07-20 14:22:44,Columbia St & Rivington St,5365,Stanton St & Mangin St,5326,40.71739973,-73.98016555,40.71782143,-73.97628939,member
655046,D344700FDE420BD3,classic_bike,2021-07-30 16:36:02,2021-07-30 17:15:23,Columbia St & Rivington St,5365,Stanton St & Mangin St,5326,40.71739973,-73.98016555,40.71782143,-73.97628939,member
655051,C52BF48B8C189190,classic_bike,2021-07-05 17:17:26,2021-07-05 17:23:58,Columbia St & Rivington St,5365,Stanton St & Mangin St,5326,40.71739973,-73.98016555,40.71782143,-73.97628939,member
655061,7D379147B48FADA5,classic_bike,2021-07-15 14:28:39,2021-07-15 14:32:33,Columbia St & Rivington St,5365,Stanton St & Mangin St,5326,40.71739973,-73.98016555,40.71782143,-73.97628939,member
655062,646054DB9ED44310,classic_bike,2021-07-29 14:24:24,2021-07-29 14:28:15,Columbia St & Rivington St,5365,Stanton St & Mangin St,5326,40.71739973,-73.98016555,40.71782143,-73.97628939,member
655079,1F2751BE5A022811,classic_bike,2021-07-06 15:28:10,2021-07-06 15:33:28,Columbia St & Rivington St,5365,Stanton St & Mangin St,5326,40.71739973,-73.98016555,40.71782143,-73.97628939,member
655090,3630B12BEFF6A079,classic_bike,2021-07-22 18:15:03,2021-07-22 18:28:13,Columbia St & Rivington St,5365,E 11 St & 3 Ave,5788,40.71739973,-73.98016555,40.73127,-73.98849,member
655098,C4550F18F4F392B5,classic_bike,2021-07-23 18:24:33,2021-07-23 18:28:31,Columbia St & Rivington St,5365,Stanton St & Mangin St,5326,40.71739973,-73.98016555,40.71782143,-73.97628939,member
655099,AF88E71C08EBF433,classic_bike,2021-07-18 11:57:09,2021-07-18 11:59:57,Columbia St & Rivington St,5365,Stanton St & Mangin St,5326,40.71739973,-73.98016555,40.71782143,-73.97628939,member
656024,247110B9DC12B5D8,classic_bike,2021-07-28 11:52:29,2021-07-28 11:59:51,Columbia St & Rivington St,5365,Stanton St & Mangin St,5326,40.71739973,-73.98016555,40.71782143,-73.97628939,member
656777,C0E0A01F27F7AF39,classic_bike,2021-07-10 13:22:44,2021-07-10 13:26:43,Columbia St & Rivington St,5365,Stanton St & Mangin St,5326,40.71739973,-73.98016555,40.71782143,-73.97628939,member
656787,9205BEB679D08C51,classic_bike,2021-07-06 10:40:13,2021-07-06 11:00:20,Columbia St & Rivington St,5365,E 33 St & 5 Ave,6322,40.71739973,-73.98016555,40.74765947,-73.98490707,member
656868,61BD2283820193B9,classic_bike,2021-07-25 12:18:12,2021-07-25 12:32:32,Columbia St & Rivington St,5365,E 11 St & 3 Ave,5788,40.71739973,-73.98016555,40.73127,-73.98849,member
656869,58E02B8560D60235,classic_bike,2021-07-26 13:39:38,2021-07-26 13:42:49,Columbia St & Rivington St,5365,Stanton St & Mangin St,5326,40.71739973,-73.98016555,40.71782143,-73.97628939,member
656870,2B5C962D228221E6,electric_bike,2021-07-05 14:22:13,2021-07-05 14:25:19,Columbia St & Rivington St,5365,Stanton St & Mangin St,5326,40.71739973,-73.98016555,40.71782143,-73.97628939,member
656999,61F5140D17D2EB23,classic_bike,2021-07-13 14:34:32,2021-07-13 14:38:19,Columbia St & Rivington St,5365,Stanton St & Mangin St,5326,40.71739973,-73.98016555,40.71782143,-73.97628939,member
657078,4E6BE833006AE701,electric_bike,2021-07-18 18:33:36,2021-07-18 18:36:58,Columbia St & Rivington St,5365,Stanton St & Mangin St,5326,40.71739973,-73.98016555,40.71782143,-73.97628939,member
658084,C98885EB441325F7,electric_bike,2021-07-19 17:22:44,2021-07-19 17:26:15,Columbia St & Rivington St,5365,Stanton St & Mangin St,5326,40.71739973,-73.98016555,40.71782143,-73.97628939,member
658090,AC19BA8278E20665,classic_bike,2021-07-30 11:13:47,2021-07-30 11:18:39,Columbia St & Rivington St,5365,Stanton St & Mangin St,5326,40.71739973,-73.98016555,40.71782143,-73.97628939,member
658105,7FD81995D6C0D5C9,classic_bike,2021-07-11 20:31:40,2021-07-11 20:37:41,Columbia St & Rivington St,5365,Stanton St & Mangin St,5326,40.71739973,-73.98016555,40.71782143,-73.97628939,member
659335,E1424461F13832E9,electric_bike,2021-07-05 00:26:04,2021-07-05 02:07:19,Columbia St & Rivington St,5365,Stanton St & Mangin St,5326,40.71739973,-73.98016555,40.71782143,-73.97628939,casual
659345,98C09461AA15E8C4,classic_bike,2021-07-24 15:21:28,2021-07-24 15:28:01,Columbia St & Rivington St,5365,Stanton St & Mangin St,5326,40.71739973,-73.98016555,40.71782143,-73.97628939,member
663841,343D81833797B27B,electric_bike,2021-07-06 14:22:54,2021-07-06 14:25:13,Columbia St & Rivington St,5365,Stanton St & Mangin St,5326,40.71739973,-73.98016555,40.71782143,-73.97628939,member
663852,8833128D08C829F5,electric_bike,2021-07-03 21:01:25,2021-07-03 21:17:58,Columbia St & Rivington St,5365,E 33 St & 5 Ave,6322,40.71739973,-73.98016555,40.74765947,-73.98490707,member
663855,472BF3815B46C736,classic_bike,2021-07-30 12:47:06,2021-07-30 12:52:09,Columbia St & Rivington St,5365,Stanton St & Mangin St,5326,40.71739973,-73.98016555,40.71782143,-73.97628939,casual
663856,56D471B625700945,classic_bike,2021-07-24 21:43:13,2021-07-24 21:53:23,Columbia St & Rivington St,5365,E 11 St & 3 Ave,5788,40.71739973,-73.98016555,40.73127,-73.98849,casual
663878,32983FC9BACFD5EF,classic_bike,2021-07-16 19:32:50,2021-07-16 19:46:17,Columbia St & Rivington St,5365,E 11 St & 3 Ave,5788,40.71739973,-73.98016555,40.73127,-73.98849,casual
663882,1928C46AFDEC946D,classic_bike,2021-07-17 11:39:45,2021-07-17 11:43:54,Columbia St & Rivington St,5365,Stanton St & Mangin St,5326,40.71739973,-73.98016555,40.71782143,-73.97628939,member
663905,8E63063B02FB07AD,classic_bike,2021-07-18 14:20:31,2021-07-18 14:23:22,Columbia St & Rivington St,5365,Stanton St & Mangin St,5326,40.71739973,-73.98016555,40.71782143,-73.97628939,member
663918,75AA4F4F74B51AEC,classic_bike,2021-07-27 18:47:57,2021-07-27 19:46:00,Columbia St & Rivington St,5365,Stanton St & Mangin St,5326,40.71739973,-73.98016555,40.71782143,-73.97628939,casual
663926,F280DEB8FBA1EC10,classic_bike,2021-07-29 12:31:09,2021-07-29 12:34:25,Columbia St & Rivington St,5365,Stanton St & Mangin St,5326,40.71739973,-73.98016555,40.71782143,-73.97628939,member
663928,CDB597BCAC8B4609,classic_bike,2021-07-30 16:43:39,2021-07-30 16:50:40,Columbia St & Rivington St,5365,Stanton St & Mangin St,5326,40.71739973,-73.98016555,40.71782143,-73.97628939,member
663953,2245BFE6AC0D79E5,electric_bike,2021-07-09 12:06:44,2021-07-09 12:13:24,Columbia St & Rivington St,5365,Stanton St & Mangin St,5326,40.71739973,-73.98016555,40.71782143,-73.97628939,member
663964,1900B417BBCD02DE,electric_bike,2021-07-13 21:23:24,2021-07-13 21:33:33,Columbia St & Rivington St,5365,E 11 St & 3 Ave,5788,40.71739973,-73.98016555,40.73127,-73.98849,member
663989,390B2719F2D58EC3,classic_bike,2021-07-31 09:55:58,2021-07-31 09:58:34,Columbia St & Rivington St,5365,Stanton St & Mangin St,5326,40.71739973,-73.98016555,40.71782143,-73.97628939,member
663992,0524B57A3B56047D,classic_bike,2021-07-20 19:35:32,2021-07-20 19:39:00,Columbia St & Rivington St,5365,Stanton St & Mangin St,5326,40.71739973,-73.98016555,40.71782143,-73.97628939,member
663996,CD20E44109730ACD,classic_bike,2021-07-05 19:52:47,2021-07-05 19:56:06,Columbia St & Rivington St,5365,Stanton St & Mangin St,5326,40.71739973,-73.98016555,40.71782143,-73.97628939,member
663999,2D12D7DE7BF3545B,electric_bike,2021-07-03 16:40:38,2021-07-03 17:02:42,Columbia St & Rivington St,5365,Stanton St & Mangin St,5326,40.71739973,-73.98016555,40.71782143,-73.97628939,member
671431,6E818FC21C313A77,classic_bike,2021-07-01 08:10:48,2021-07-01 08:43:29,Columbia St & Rivington St,5365,Riverside Dr & W 72 St,7288,40.71739973,-73.98016555,40.78057799010334,-73.98562431335449,member
671432,BD55C0E30ADAA968,electric_bike,2021-07-16 11:07:18,2021-07-16 11:36:39,Columbia St & Rivington St,5365,Riverside Dr & W 72 St,7288,40.71739973,-73.98016555,40.78057799010334,-73.98562431335449,member
671433,BC4864E252976D78,electric_bike,2021-07-27 22:52:19,2021-07-27 23:23:40,Columbia St & Rivington St,5365,Riverside Dr & W 72 St,7288,40.71739973,-73.98016555,40.78057799010334,-73.98562431335449,member
671436,AAD623AA040D9377,electric_bike,2021-07-21 13:59:34,2021-07-21 14:20:45,Columbia St & Rivington St,5365,Pitt St & Stanton St,5406,40.71739973,-73.98016555,40.71926081,-73.98178024,member
671438,E8D455192AA360B3,classic_bike,2021-07-14 08:50:54,2021-07-14 08:54:17,Columbia St & Rivington St,5365,Pitt St & Stanton St,5406,40.71739973,-73.98016555,40.71926081,-73.98178024,member
671439,E091B258734A7D62,electric_bike,2021-07-19 22:26:19,2021-07-19 22:28:35,Columbia St & Rivington St,5365,Pitt St & Stanton St,5406,40.71739973,-73.98016555,40.71926081,-73.98178024,member
671441,72E3E799DE839997,classic_bike,2021-07-13 12:01:19,2021-07-13 12:06:25,Columbia St & Rivington St,5365,Pitt St & Stanton St,5406,40.71739973,-73.98016555,40.71926081,-73.98178024,casual
671549,B65C7E0C4B5A9DF5,classic_bike,2021-07-21 15:04:39,2021-07-21 15:07:07,Columbia St & Rivington St,5365,Pitt St & Stanton St,5406,40.71739973,-73.98016555,40.71926081,-73.98178024,member
673706,A1FF949F97DE5294,electric_bike,2021-07-07 16:30:07,2021-07-07 16:33:01,Columbia St & Rivington St,5365,Pitt St & Stanton St,5406,40.71739973,-73.98016555,40.71926081,-73.98178024,casual
675038,0EEB7571922B437D,classic_bike,2021-07-28 14:28:31,2021-07-28 14:30:44,Columbia St & Rivington St,5365,Pitt St & Stanton St,5406,40.71739973,-73.98016555,40.71926081,-73.98178024,member
675039,90BEF271B3D59E0E,classic_bike,2021-07-11 10:11:01,2021-07-11 10:14:20,Columbia St & Rivington St,5365,Pitt St & Stanton St,5406,40.71739973,-73.98016555,40.71926081,-73.98178024,member
675040,492CBAC472593FF2,electric_bike,2021-07-02 06:48:37,2021-07-02 07:17:17,Columbia St & Rivington St,5365,Riverside Dr & W 72 St,7288,40.71739973,-73.98016555,40.78057799010334,-73.98562431335449,member
675053,F13798E1B8E97AE7,electric_bike,2021-07-17 16:02:24,2021-07-17 16:04:22,Columbia St & Rivington St,5365,Pitt St & Stanton St,5406,40.71739973,-73.98016555,40.71926081,-73.98178024,member
675676,8599626CE25511E7,classic_bike,2021-07-16 23:40:59,2021-07-16 23:43:42,Columbia St & Rivington St,5365,Pitt St & Stanton St,5406,40.71739973,-73.98016555,40.71926081,-73.98178024,member
675677,FFFB8F0481825A36,classic_bike,2021-07-23 16:41:49,2021-07-23 16:58:53,Columbia St & Rivington St,5365,Pitt St & Stanton St,5406,40.71739973,-73.98016555,40.71926081,-73.98178024,member
675682,9232DE7C707D492F,electric_bike,2021-07-22 08:24:00,2021-07-22 08:27:12,Columbia St & Rivington St,5365,Pitt St & Stanton St,5406,40.71739973,-73.98016555,40.71926081,-73.98178024,member
704310,1DEEEF2C2709EA45,classic_bike,2021-07-25 19:56:29,2021-07-25 20:03:42,Columbia St & Rivington St,5365,Clinton St & Grand St,5303,40.71739973,-73.98016555,40.71559509,-73.9870295,member
704318,AFE092973E710A21,classic_bike,2021-07-28 11:23:43,2021-07-28 11:29:30,Columbia St & Rivington St,5365,Clinton St & Grand St,5303,40.71739973,-73.98016555,40.71559509,-73.9870295,member
704326,8DE3604ED2125BAF,electric_bike,2021-07-26 11:25:36,2021-07-26 11:31:40,Columbia St & Rivington St,5365,Clinton St\t& Cherry St,5190,40.71739973,-73.98016555,40.711471394469264,-73.98672603070736,casual
704339,D947DE9AE9E2DCA0,electric_bike,2021-07-09 21:55:24,2021-07-09 22:24:03,Columbia St & Rivington St,5365,Clinton St & Grand St,5303,40.71739973,-73.98016555,40.71559509,-73.9870295,casual
704344,ECA10407A628505A,classic_bike,2021-07-17 08:52:00,2021-07-17 08:59:02,Columbia St & Rivington St,5365,Clinton St\t& Cherry St,5190,40.71739973,-73.98016555,40.711471394469264,-73.98672603070736,member
704346,259EB377088582DC,classic_bike,2021-07-04 18:51:11,2021-07-04 19:02:00,Columbia St & Rivington St,5365,Clinton St\t& Cherry St,5190,40.71739973,-73.98016555,40.711471394469264,-73.98672603070736,member
704350,574F31285815642E,classic_bike,2021-07-02 09:49:27,2021-07-02 09:53:41,Columbia St & Rivington St,5365,Clinton St & Grand St,5303,40.71739973,-73.98016555,40.71559509,-73.9870295,member
704352,4F813972AFEDA963,electric_bike,2021-07-13 15:41:22,2021-07-13 15:44:50,Columbia St & Rivington St,5365,Clinton St & Grand St,5303,40.71739973,-73.98016555,40.71559509,-73.9870295,member
704359,0185334930D68418,classic_bike,2021-07-09 12:54:35,2021-07-09 13:03:49,Columbia St & Rivington St,5365,Clinton St & Grand St,5303,40.71739973,-73.98016555,40.71559509,-73.9870295,member
704364,B838E1B8312A1D23,classic_bike,2021-07-15 19:46:04,2021-07-15 19:53:21,Columbia St & Rivington St,5365,Clinton St & Grand St,5303,40.71739973,-73.98016555,40.71559509,-73.9870295,casual
704377,0BC6EF618A71DF09,classic_bike,2021-07-20 15:27:56,2021-07-20 15:33:33,Columbia St & Rivington St,5365,Clinton St & Grand St,5303,40.71739973,-73.98016555,40.71559509,-73.9870295,member
704380,2E9FA23F0D51940E,classic_bike,2021-07-23 14:04:12,2021-07-23 14:10:05,Columbia St & Rivington St,5365,Clinton St & Grand St,5303,40.71739973,-73.98016555,40.71559509,-73.9870295,member
704384,4D3010A271F9F9CB,electric_bike,2021-07-16 08:51:41,2021-07-16 08:55:21,Columbia St & Rivington St,5365,Clinton St & Grand St,5303,40.71739973,-73.98016555,40.71559509,-73.9870295,member
704417,A9C3DE7514E0BAD5,classic_bike,2021-07-09 10:04:17,2021-07-09 10:12:12,Columbia St & Rivington St,5365,Clinton St & Grand St,5303,40.71739973,-73.98016555,40.71559509,-73.9870295,member
704435,28E6DEA264C44655,classic_bike,2021-07-27 18:36:24,2021-07-27 18:42:19,Columbia St & Rivington St,5365,Clinton St & Grand St,5303,40.71739973,-73.98016555,40.71559509,-73.9870295,casual
704452,0417825B48C71D38,classic_bike,2021-07-27 15:44:05,2021-07-27 15:51:14,Columbia St & Rivington St,5365,Clinton St & Grand St,5303,40.71739973,-73.98016555,40.71559509,-73.9870295,member
704460,921A57F69AB8B809,classic_bike,2021-07-19 11:37:40,2021-07-19 11:41:45,Columbia St & Rivington St,5365,Clinton St & Grand St,5303,40.71739973,-73.98016555,40.71559509,-73.9870295,member
704564,DE41B87262AC785A,classic_bike,2021-07-15 13:25:31,2021-07-15 13:30:07,Columbia St & Rivington St,5365,Clinton St & Grand St,5303,40.71739973,-73.98016555,40.71559509,-73.9870295,member
704569,92C74A350268AD98,classic_bike,2021-07-26 14:16:41,2021-07-26 14:21:15,Columbia St & Rivington St,5365,Clinton St & Grand St,5303,40.71739973,-73.98016555,40.71559509,-73.9870295,member
718441,D07A320229ED6A51,classic_bike,2021-07-25 13:44:41,2021-07-25 14:27:57,W 31 St & 7 Ave,6331,Columbia St & Rivington St,5365,40.749156,-73.9916,40.71739973,-73.98016555,casual
718539,79BBAABEDE6BD91F,classic_bike,2021-07-12 22:51:51,2021-07-12 22:53:36,Columbia St & Rivington St,5365,Columbia St & Rivington St,5365,40.71739973,-73.98016555,40.71739973,-73.98016555,member
718541,155266AC735AAC80,classic_bike,2021-07-18 13:52:21,2021-07-18 13:58:23,Columbia St & Rivington St,5365,Columbia St & Rivington St,5365,40.71739973,-73.98016555,40.71739973,-73.98016555,member
718542,BE7904190A593441,electric_bike,2021-07-29 11:49:19,2021-07-29 12:10:33,Columbia St & Rivington St,5365,Columbia St & Rivington St,5365,40.71739973,-73.98016555,40.71739973,-73.98016555,member
718546,7A3B5DCD9E153953,electric_bike,2021-07-22 13:25:20,2021-07-22 14:08:09,E 59 St & Madison Ave,6801,Columbia St & Rivington St,5365,40.76350532,-73.97109243,40.71739973,-73.98016555,member
718555,5B3FE06CA1CF184A,electric_bike,2021-07-20 02:08:05,2021-07-20 02:13:50,Columbia St & Rivington St,5365,Columbia St & Rivington St,5365,40.71739973,-73.98016555,40.71739973,-73.98016555,member
718562,44861590F69837BF,classic_bike,2021-07-06 06:12:27,2021-07-06 06:52:19,Columbia St & Rivington St,5365,Columbia St & Rivington St,5365,40.71739973,-73.98016555,40.71739973,-73.98016555,member
718563,A92984E9559F9BF9,classic_bike,2021-07-08 09:49:44,2021-07-08 09:58:02,St James Pl & Oliver St,5238,Columbia St & Rivington St,5365,40.71307916,-73.99851193,40.71739973,-73.98016555,member
718601,D075DA628AD8FBCD,electric_bike,2021-07-30 07:02:53,2021-07-30 07:03:13,Columbia St & Rivington St,5365,Columbia St & Rivington St,5365,40.71739973,-73.98016555,40.71739973,-73.98016555,casual
718631,E622E1A6DCEF1869,classic_bike,2021-07-05 09:44:59,2021-07-05 09:55:38,Allen St & Stanton St,5484,Columbia St & Rivington St,5365,40.722055,-73.989111,40.71739973,-73.98016555,member
718638,0A4D992D3CC522E4,electric_bike,2021-07-09 15:06:55,2021-07-09 15:11:47,Allen St & Stanton St,5484,Columbia St & Rivington St,5365,40.722055,-73.989111,40.71739973,-73.98016555,member
718649,98EE047B64137075,electric_bike,2021-07-18 13:13:02,2021-07-18 13:14:28,Columbia St & Rivington St,5365,Columbia St & Rivington St,5365,40.71739973,-73.98016555,40.71739973,-73.98016555,member
718652,A43CAB830081601F,classic_bike,2021-07-13 16:47:59,2021-07-13 17:09:59,Columbia St & Rivington St,5365,Columbia St & Rivington St,5365,40.71739973,-73.98016555,40.71739973,-73.98016555,member
718661,53456FD138657EDE,classic_bike,2021-07-18 18:45:13,2021-07-18 20:14:16,Columbia St & Rivington St,5365,Columbia St & Rivington St,5365,40.71739973,-73.98016555,40.71739973,-73.98016555,member
718673,626D860D988D285C,classic_bike,2021-07-07 16:13:01,2021-07-07 16:19:21,Columbia St & Rivington St,5365,Columbia St & Rivington St,5365,40.71739973,-73.98016555,40.71739973,-73.98016555,member
718674,992C95BDDD812D67,classic_bike,2021-07-07 16:02:19,2021-07-07 16:11:26,St James Pl & Oliver St,5238,Columbia St & Rivington St,5365,40.71307916,-73.99851193,40.71739973,-73.98016555,member
718677,DDB9C660F0980279,classic_bike,2021-07-28 16:44:48,2021-07-28 17:28:44,Columbia St & Rivington St,5365,Columbia St & Rivington St,5365,40.71739973,-73.98016555,40.71739973,-73.98016555,member
718723,55703894C1841B89,electric_bike,2021-07-07 13:28:07,2021-07-07 13:50:23,Columbia St & Rivington St,5365,Columbia St & Rivington St,5365,40.71739973,-73.98016555,40.71739973,-73.98016555,casual
718731,6751C88279966491,electric_bike,2021-07-28 12:35:05,2021-07-28 12:57:32,Columbia St & Rivington St,5365,Irving Ave & DeKalb Ave,4898,40.71739973,-73.98016555,40.7027,-73.92095,casual
718755,F46A2FB13C6BBBF2,classic_bike,2021-07-14 22:33:23,2021-07-14 22:56:40,Columbia St & Rivington St,5365,Columbia St & Rivington St,5365,40.71739973,-73.98016555,40.71739973,-73.98016555,casual
718758,F2781BE60FC5FE88,classic_bike,2021-07-06 09:24:22,2021-07-06 09:46:35,E 33 St & 1 Ave,6197,Columbia St & Rivington St,5365,40.74322681432173,-73.97449783980846,40.71739973,-73.98016555,member
718789,D962BC8E4AE815B8,classic_bike,2021-07-16 11:50:26,2021-07-16 12:16:28,Allen St & Stanton St,5484,Columbia St & Rivington St,5365,40.722055,-73.989111,40.71739973,-73.98016555,member
718797,D5480A884EEA75E4,electric_bike,2021-07-04 17:50:05,2021-07-04 17:55:23,E 11 St & Avenue B,5659,Columbia St & Rivington St,5365,40.72746420692392,-73.97950418293476,40.71739973,-73.98016555,member
718798,4D479432476FBADB,classic_bike,2021-07-07 07:50:13,2021-07-07 07:56:31,E 11 St & Avenue B,5659,Columbia St & Rivington St,5365,40.72746420692392,-73.97950418293476,40.71739973,-73.98016555,casual
718800,EA6E437970350159,classic_bike,2021-07-18 14:59:46,2021-07-18 15:04:26,Stanton St & Mangin St,5326,Columbia St & Rivington St,5365,40.71782143,-73.97628939,40.71739973,-73.98016555,member
718807,7F740321C5BB3954,classic_bike,2021-07-30 10:46:18,2021-07-30 10:54:53,Stanton St & Mangin St,5326,Columbia St & Rivington St,5365,40.71782143,-73.97628939,40.71739973,-73.98016555,member
718810,1F9C24E48C756622,electric_bike,2021-07-12 23:12:13,2021-07-12 23:26:50,Franklin Ave & Myrtle Ave,4715,Columbia St & Rivington St,5365,40.694546087246025,-73.95801365375519,40.71739973,-73.98016555,member
718833,05F4F500AF29EC04,classic_bike,2021-07-13 12:59:14,2021-07-13 13:10:48,Division St & Bowery,5270,Columbia St & Rivington St,5365,40.714193,-73.996732,40.71739973,-73.98016555,member
718853,4F705232C8088CA9,classic_bike,2021-07-13 16:05:28,2021-07-13 16:08:22,Madison St & Montgomery St,5262,Columbia St & Rivington St,5365,40.713126,-73.984844,40.71739973,-73.98016555,member
718863,AFE0E77986F8A259,classic_bike,2021-07-31 09:03:59,2021-07-31 09:16:00,Madison St & Montgomery St,5262,Columbia St & Rivington St,5365,40.713126,-73.984844,40.71739973,-73.98016555,member
718867,C870026521111F11,electric_bike,2021-07-15 21:37:25,2021-07-15 21:40:20,Madison St & Montgomery St,5262,Columbia St & Rivington St,5365,40.713126,-73.984844,40.71739973,-73.98016555,casual
718887,6291165C71424EB5,classic_bike,2021-07-02 10:52:07,2021-07-02 10:55:42,E 2 St & Avenue B,5515,Columbia St & Rivington St,5365,40.72217444,-73.98368779,40.71739973,-73.98016555,member
718908,5E03B11C0ABBE6B7,classic_bike,2021-07-28 14:28:58,2021-07-28 14:32:38,Stanton St & Mangin St,5326,Columbia St & Rivington St,5365,40.71782143,-73.97628939,40.71739973,-73.98016555,member
718928,9EC4475824E65A6E,electric_bike,2021-07-14 15:46:13,2021-07-14 15:53:15,E 12 St & Ave C,5616,Columbia St & Rivington St,5365,40.727243,-73.976831,40.71739973,-73.98016555,member
718934,140D9AA70A1BEAAE,classic_bike,2021-07-19 22:00:54,2021-07-19 22:13:51,E 12 St & Ave C,5616,Columbia St & Rivington St,5365,40.727243,-73.976831,40.71739973,-73.98016555,member
718955,D47DD0EDBF3755F4,electric_bike,2021-07-22 17:45:41,2021-07-22 18:15:45,W 49 St & 8 Ave,6747,Columbia St & Rivington St,5365,40.76227205,-73.98788205,40.71739973,-73.98016555,member
718976,E8BF270E402B2519,classic_bike,2021-07-05 14:45:22,2021-07-05 14:48:00,E 2 St & Avenue C,5476,Columbia St & Rivington St,5365,40.7208736,-73.98085795,40.71739973,-73.98016555,member
718998,2F10F17818B00B79,electric_bike,2021-07-05 19:12:15,2021-07-05 19:56:42,Stanton St & Mangin St,5326,Columbia St & Rivington St,5365,40.71782143,-73.97628939,40.71739973,-73.98016555,member
719004,E01787A97FED4ECF,classic_bike,2021-07-12 16:57:47,2021-07-12 17:05:04,Pike St & E Broadway,5270,Columbia St & Rivington St,5365,40.71406667,-73.99293911,40.71739973,-73.98016555,member
719007,6753ED50AD69A9A1,classic_bike,2021-07-06 18:25:20,2021-07-06 18:56:23,W 44 St & 5 Ave,6551,Columbia St & Rivington St,5365,40.75500254,-73.98014437,40.71739973,-73.98016555,casual
719009,96563529D16F8711,classic_bike,2021-07-27 18:47:39,2021-07-27 18:54:48,E 2 St & 2 Ave,5593,Columbia St & Rivington St,5365,40.72502876,-73.99069656,40.71739973,-73.98016555,casual
719026,0478EDA64652FD26,classic_bike,2021-07-02 16:11:19,2021-07-02 16:19:34,Pike St & E Broadway,5270,Columbia St & Rivington St,5365,40.71406667,-73.99293911,40.71739973,-73.98016555,member
719052,2FDF5B330404546C,classic_bike,2021-07-16 22:45:35,2021-07-16 22:49:01,E 2 St & Avenue C,5476,Columbia St & Rivington St,5365,40.7208736,-73.98085795,40.71739973,-73.98016555,casual
719061,30959339B07CC9B5,classic_bike,2021-07-23 13:06:30,2021-07-23 13:15:44,1 Ave & E 16 St,5779,Columbia St & Rivington St,5365,40.73221853,-73.98165557,40.71739973,-73.98016555,member
719186,6472B40877F72C59,classic_bike,2021-07-29 18:44:40,2021-07-29 19:06:57,Pearl St & Hanover Square,4993,Columbia St & Rivington St,5365,40.7047177,-74.00926027,40.71739973,-73.98016555,casual
719187,D30E44F64F2978E1,electric_bike,2021-07-17 07:33:59,2021-07-17 08:03:39,Meserole Ave & Manhattan Ave,5666,Columbia St & Rivington St,5365,40.72708584,-73.95299117,40.71739973,-73.98016555,casual
719240,2CBCCD1EAEE54B33,classic_bike,2021-07-17 18:37:37,2021-07-17 18:47:23,4 Ave & E 12 St,5788,Columbia St & Rivington St,5365,40.732647,-73.99011,40.71739973,-73.98016555,casual
719291,BF8BAFE66200BA8D,classic_bike,2021-07-26 17:28:12,2021-07-26 17:38:54,4 Ave & E 12 St,5788,Columbia St & Rivington St,5365,40.732647,-73.99011,40.71739973,-73.98016555,member
719339,64E143BDB257F183,classic_bike,2021-07-01 15:01:07,2021-07-01 15:12:05,Division St & Bowery,5270,Columbia St & Rivington St,5365,40.714193,-73.996732,40.71739973,-73.98016555,member
719375,80136EC2E4D7F4D1,classic_bike,2021-07-27 18:12:42,2021-07-27 18:20:26,Allen St & Stanton St,5484,Columbia St & Rivington St,5365,40.722055,-73.989111,40.71739973,-73.98016555,casual
719391,88E74B7845F6E8F6,classic_bike,2021-07-30 13:21:44,2021-07-30 13:27:37,Allen St & Stanton St,5484,Columbia St & Rivington St,5365,40.722055,-73.989111,40.71739973,-73.98016555,member
719396,E246E4E395CB28FD,electric_bike,2021-07-31 16:42:31,2021-07-31 16:47:44,Allen St & Stanton St,5484,Columbia St & Rivington St,5365,40.722055,-73.989111,40.71739973,-73.98016555,member
719411,05779061DD112C6B,electric_bike,2021-07-15 15:28:39,2021-07-15 15:56:19,Market St & Cherry St,5198,Columbia St & Rivington St,5365,40.71076228,-73.99400398,40.71739973,-73.98016555,member
719426,8E60900D6A2965F6,electric_bike,2021-07-25 18:28:28,2021-07-25 18:38:13,Columbia St & Rivington St,5365,Columbia St & Rivington St,5365,40.71739973,-73.98016555,40.71739973,-73.98016555,member
719427,08A6D29A8FB91DF9,classic_bike,2021-07-25 01:52:18,2021-07-25 01:58:23,Columbia St & Rivington St,5365,Columbia St & Rivington St,5365,40.71739973,-73.98016555,40.71739973,-73.98016555,member
719435,3F406407E508EA8D,classic_bike,2021-07-18 09:44:18,2021-07-18 09:44:21,Columbia St & Rivington St,5365,Columbia St & Rivington St,5365,40.71739973,-73.98016555,40.71739973,-73.98016555,member
719454,EB0C5F35F43EC8BD,electric_bike,2021-07-31 22:23:19,2021-07-31 22:23:54,Columbia St & Rivington St,5365,Columbia St & Rivington St,5365,40.71739973,-73.98016555,40.71739973,-73.98016555,member
719462,2D0A48350F49A69B,classic_bike,2021-07-29 13:39:02,2021-07-29 13:45:59,Columbia St & Rivington St,5365,Columbia St & Rivington St,5365,40.71739973,-73.98016555,40.71739973,-73.98016555,member
719473,8EFB445142FECFA6,classic_bike,2021-07-23 17:37:06,2021-07-23 17:37:14,Columbia St & Rivington St,5365,Columbia St & Rivington St,5365,40.71739973,-73.98016555,40.71739973,-73.98016555,member
719491,94211ECA7084DFDE,electric_bike,2021-07-31 20:33:07,2021-07-31 21:02:22,Columbia St & Rivington St,5365,Columbia St & Rivington St,5365,40.71739973,-73.98016555,40.71739973,-73.98016555,member
719494,6CB5FF45ECA25970,classic_bike,2021-07-26 20:48:16,2021-07-26 20:52:04,Columbia St & Rivington St,5365,Columbia St & Rivington St,5365,40.71739973,-73.98016555,40.71739973,-73.98016555,casual
719506,5848E804B26E915C,electric_bike,2021-07-28 18:05:14,2021-07-28 18:18:33,Columbia St & Rivington St,5365,St James Pl & Oliver St,5238,40.71739973,-73.98016555,40.71307916,-73.99851193,casual
719512,F356C1D364DF05C4,electric_bike,2021-07-08 22:51:07,2021-07-08 23:18:13,Columbia St & Rivington St,5365,Columbia St & Rivington St,5365,40.71739973,-73.98016555,40.71739973,-73.98016555,casual
719561,2004A334AFD1EB56,classic_bike,2021-07-29 09:36:59,2021-07-29 09:38:05,Columbia St & Rivington St,5365,Columbia St & Rivington St,5365,40.71739973,-73.98016555,40.71739973,-73.98016555,member
719614,B852E8A3ACAADAD5,electric_bike,2021-07-24 20:24:12,2021-07-24 20:38:08,W 20 St & 8 Ave,6224,Columbia St & Rivington St,5365,40.74345335,-74.00004031,40.71739973,-73.98016555,casual
719616,46D89BCC57F772FA,classic_bike,2021-07-13 18:43:54,2021-07-13 18:50:01,E 2 St & Avenue B,5515,Columbia St & Rivington St,5365,40.72217444,-73.98368779,40.71739973,-73.98016555,member
719618,6FC0300DA9983AEC,classic_bike,2021-07-10 10:35:49,2021-07-10 11:02:54,Barclay St & Church St,5216,Columbia St & Rivington St,5365,40.71291224,-74.01020234,40.71739973,-73.98016555,member
719670,0B82729D557DE2B3,classic_bike,2021-07-31 08:59:45,2021-07-31 09:07:16,E 11 St & Avenue B,5659,Columbia St & Rivington St,5365,40.72746420692392,-73.97950418293476,40.71739973,-73.98016555,member
719690,C679C7C4E94739D0,classic_bike,2021-07-31 15:38:25,2021-07-31 15:52:38,E 11 St & 1 Ave,5746,Columbia St & Rivington St,5365,40.72953837,-73.98426726,40.71739973,-73.98016555,member
719693,08A84B8878C8B3AB,classic_bike,2021-07-29 22:15:42,2021-07-29 22:28:45,E 11 St & 1 Ave,5746,Columbia St & Rivington St,5365,40.72953837,-73.98426726,40.71739973,-73.98016555,member
719727,4ADB58C6F5EFE578,classic_bike,2021-07-11 13:11:34,2021-07-11 13:15:32,E 9 St & Avenue C,5616,Columbia St & Rivington St,5365,40.72521311,-73.97768752,40.71739973,-73.98016555,member
719728,69AE21ED31F0C744,electric_bike,2021-07-11 14:04:39,2021-07-11 14:08:02,E 9 St & Avenue C,5616,Columbia St & Rivington St,5365,40.72521311,-73.97768752,40.71739973,-73.98016555,member
719732,F457F7CA5A394C4D,classic_bike,2021-07-05 16:08:23,2021-07-05 16:20:30,Pike St & E Broadway,5270,Columbia St & Rivington St,5365,40.71406667,-73.99293911,40.71739973,-73.98016555,member
719735,B7F89A794528FE5D,classic_bike,2021-07-22 23:07:03,2021-07-22 23:16:42,Pike St & E Broadway,5270,Columbia St & Rivington St,5365,40.71406667,-73.99293911,40.71739973,-73.98016555,member
719750,078D8A9A2F03E1D8,classic_bike,2021-07-15 23:32:35,2021-07-15 23:37:06,E 9 St & Avenue C,5616,Columbia St & Rivington St,5365,40.72521311,-73.97768752,40.71739973,-73.98016555,member
719756,BCE292BDBE63E4D6,classic_bike,2021-07-05 22:27:24,2021-07-05 22:35:57,Pike St & E Broadway,5270,Columbia St & Rivington St,5365,40.71406667,-73.99293911,40.71739973,-73.98016555,member
719758,9EA04A86FAAB3CF9,electric_bike,2021-07-08 22:46:27,2021-07-08 22:53:07,Pike St & E Broadway,5270,Columbia St & Rivington St,5365,40.71406667,-73.99293911,40.71739973,-73.98016555,member
719759,1D81B6DFA2763234,classic_bike,2021-07-18 22:22:59,2021-07-18 22:30:26,Pike St & E Broadway,5270,Columbia St & Rivington St,5365,40.71406667,-73.99293911,40.71739973,-73.98016555,member
719760,70AEDF78593121DF,classic_bike,2021-07-14 22:30:33,2021-07-14 22:38:55,Pike St & E Broadway,5270,Columbia St & Rivington St,5365,40.71406667,-73.99293911,40.71739973,-73.98016555,member
719762,4245C2043F50BFF1,classic_bike,2021-07-07 22:47:44,2021-07-07 22:57:16,Pike St & E Broadway,5270,Columbia St & Rivington St,5365,40.71406667,-73.99293911,40.71739973,-73.98016555,member
719763,62D12D9F6FCC1B76,classic_bike,2021-07-04 21:51:28,2021-07-04 21:59:38,Pike St & E Broadway,5270,Columbia St & Rivington St,5365,40.71406667,-73.99293911,40.71739973,-73.98016555,member
719764,D6D2476101FFDB82,classic_bike,2021-07-12 22:47:33,2021-07-12 22:55:37,Pike St & E Broadway,5270,Columbia St & Rivington St,5365,40.71406667,-73.99293911,40.71739973,-73.98016555,member
719799,5D963FD65DF758DB,classic_bike,2021-07-03 15:13:32,2021-07-03 15:17:31,E 9 St & Avenue C,5616,Columbia St & Rivington St,5365,40.72521311,-73.97768752,40.71739973,-73.98016555,member
719800,5A2A3318ED4F5BE7,classic_bike,2021-07-06 14:17:09,2021-07-06 14:24:05,Pike St & E Broadway,5270,Columbia St & Rivington St,5365,40.71406667,-73.99293911,40.71739973,-73.98016555,member
719807,3472E3F8CEE910B4,classic_bike,2021-07-27 16:31:13,2021-07-27 16:38:38,Pike St & E Broadway,5270,Columbia St & Rivington St,5365,40.71406667,-73.99293911,40.71739973,-73.98016555,member
719825,9DE25853CBE23BE4,classic_bike,2021-07-20 14:25:19,2021-07-20 14:31:04,Pike St & E Broadway,5270,Columbia St & Rivington St,5365,40.71406667,-73.99293911,40.71739973,-73.98016555,member
719861,1E23B8EE74696C2A,classic_bike,2021-07-27 19:30:19,2021-07-27 19:35:35,E 2 St & 2 Ave,5593,Columbia St & Rivington St,5365,40.72502876,-73.99069656,40.71739973,-73.98016555,member
719891,4468431D2EFDE5E2,electric_bike,2021-07-09 21:23:29,2021-07-09 21:37:11,E 2 St & 2 Ave,5593,Columbia St & Rivington St,5365,40.72502876,-73.99069656,40.71739973,-73.98016555,member
719906,B5AEFFD90BA2BEFB,classic_bike,2021-07-14 12:48:04,2021-07-14 12:53:49,E 9 St & Avenue C,5616,Columbia St & Rivington St,5365,40.72521311,-73.97768752,40.71739973,-73.98016555,member
719911,18798CCF4385E905,classic_bike,2021-07-18 15:17:28,2021-07-18 15:25:27,Pike St & E Broadway,5270,Columbia St & Rivington St,5365,40.71406667,-73.99293911,40.71739973,-73.98016555,member
719913,A8725A0FFBB727A9,classic_bike,2021-07-30 18:13:03,2021-07-30 18:20:56,Pike St & E Broadway,5270,Columbia St & Rivington St,5365,40.71406667,-73.99293911,40.71739973,-73.98016555,member
719932,4329FF697F69D1F3,electric_bike,2021-07-13 15:23:08,2021-07-13 15:39:44,W 25 St & 6 Ave,6215,Columbia St & Rivington St,5365,40.74395411,-73.99144871,40.71739973,-73.98016555,member
719934,62B567999AECC1B2,electric_bike,2021-07-06 15:32:59,2021-07-06 15:48:58,W 25 St & 6 Ave,6215,Columbia St & Rivington St,5365,40.74395411,-73.99144871,40.71739973,-73.98016555,member
719935,06971E415092EFFB,electric_bike,2021-07-14 15:19:17,2021-07-14 15:33:43,W 25 St & 6 Ave,6215,Columbia St & Rivington St,5365,40.74395411,-73.99144871,40.71739973,-73.98016555,member
719936,6D9F6FDB4614C730,electric_bike,2021-07-16 15:14:00,2021-07-16 15:29:17,W 25 St & 6 Ave,6215,Columbia St & Rivington St,5365,40.74395411,-73.99144871,40.71739973,-73.98016555,member
719952,80DD3C4570968BB2,electric_bike,2021-07-04 08:20:16,2021-07-04 08:20:59,Columbia St & Rivington St,5365,Columbia St & Rivington St,5365,40.71739973,-73.98016555,40.71739973,-73.98016555,member
719955,7E96B52F2596298D,electric_bike,2021-07-02 20:46:39,2021-07-02 20:48:09,Columbia St & Rivington St,5365,Columbia St & Rivington St,5365,40.71739973,-73.98016555,40.71739973,-73.98016555,member
719968,FABAF2A2E391BD13,classic_bike,2021-07-24 12:31:40,2021-07-24 12:40:52,Columbia St & Rivington St,5365,St James Pl & Oliver St,5238,40.71739973,-73.98016555,40.71307916,-73.99851193,member
719990,2C06681624F41161,classic_bike,2021-07-24 22:38:03,2021-07-24 22:46:51,Columbia St & Rivington St,5365,Columbia St & Rivington St,5365,40.71739973,-73.98016555,40.71739973,-73.98016555,member
720002,4345F80CBACCAF23,classic_bike,2021-07-19 17:25:40,2021-07-19 17:46:06,E 33 St & 1 Ave,6197,Columbia St & Rivington St,5365,40.74322681432173,-73.97449783980846,40.71739973,-73.98016555,casual
720035,BEAA2BC9FDE433B4,classic_bike,2021-07-03 18:03:14,2021-07-03 18:29:00,Columbia St & Rivington St,5365,Columbia St & Rivington St,5365,40.71739973,-73.98016555,40.71739973,-73.98016555,casual
720037,3B87569F1F1B9913,classic_bike,2021-07-04 16:49:51,2021-07-04 17:13:45,Columbia St & Rivington St,5365,Columbia St & Rivington St,5365,40.71739973,-73.98016555,40.71739973,-73.98016555,casual
720039,F1BA0D1AB663788B,classic_bike,2021-07-26 10:34:25,2021-07-26 11:50:41,Columbia St & Rivington St,5365,Columbia St & Rivington St,5365,40.71739973,-73.98016555,40.71739973,-73.98016555,casual
720040,D6EEB3B8D4CAA6FB,classic_bike,2021-07-26 10:08:35,2021-07-26 10:09:46,Columbia St & Rivington St,5365,Columbia St & Rivington St,5365,40.71739973,-73.98016555,40.71739973,-73.98016555,casual
720072,A68F9BD509F36644,classic_bike,2021-07-20 14:59:17,2021-07-20 14:59:31,Columbia St & Rivington St,5365,Columbia St & Rivington St,5365,40.71739973,-73.98016555,40.71739973,-73.98016555,casual
720088,AB43F676C9799A9B,classic_bike,2021-07-14 22:33:41,2021-07-14 22:57:54,Columbia St & Rivington St,5365,Columbia St & Rivington St,5365,40.71739973,-73.98016555,40.71739973,-73.98016555,casual
720127,7C6869F79ECDB8DC,electric_bike,2021-07-25 12:49:53,2021-07-25 12:53:09,Rivington St & Ridge St,5406,Columbia St & Rivington St,5365,40.71850211,-73.98329859,40.71739973,-73.98016555,member
720146,D315A68FD4D70DB3,electric_bike,2021-07-22 01:55:05,2021-07-22 02:01:16,E 11 St & Avenue B,5659,Columbia St & Rivington St,5365,40.72746420692392,-73.97950418293476,40.71739973,-73.98016555,member
720173,AE388562C22C173D,classic_bike,2021-07-25 18:10:16,2021-07-25 18:24:17,E 13 St & 2 Ave,5820,Columbia St & Rivington St,5365,40.73153937464073,-73.9853024482727,40.71739973,-73.98016555,member
720177,4CFFB54BD2C57234,classic_bike,2021-07-14 18:56:59,2021-07-14 19:12:37,E 13 St & 2 Ave,5820,Columbia St & Rivington St,5365,40.73153937464073,-73.9853024482727,40.71739973,-73.98016555,member
720220,CF16B9D00EA08C1A,classic_bike,2021-07-19 07:41:14,2021-07-19 07:53:15,E 13 St & 2 Ave,5820,Columbia St & Rivington St,5365,40.73153937464073,-73.9853024482727,40.71739973,-73.98016555,casual
720229,2A9D97FABA7AD7A4,classic_bike,2021-07-04 20:33:15,2021-07-04 21:19:27,E 13 St & 2 Ave,5820,Columbia St & Rivington St,5365,40.73153937464073,-73.9853024482727,40.71739973,-73.98016555,casual
720231,1DFDE337C9F97810,classic_bike,2021-07-04 20:33:02,2021-07-04 21:19:09,E 13 St & 2 Ave,5820,Columbia St & Rivington St,5365,40.73153937464073,-73.9853024482727,40.71739973,-73.98016555,casual
720259,DFA1D90A25B42D94,electric_bike,2021-07-17 16:15:21,2021-07-17 16:18:58,Rivington St & Ridge St,5406,Columbia St & Rivington St,5365,40.71850211,-73.98329859,40.71739973,-73.98016555,member
720265,F58427518C78C50B,classic_bike,2021-07-20 18:40:14,2021-07-20 18:43:16,Rivington St & Ridge St,5406,Columbia St & Rivington St,5365,40.71850211,-73.98329859,40.71739973,-73.98016555,member
720288,C6F9F6F6E1E48346,classic_bike,2021-07-30 16:25:14,2021-07-30 16:35:09,Pike St & E Broadway,5270,Columbia St & Rivington St,5365,40.71406667,-73.99293911,40.71739973,-73.98016555,member
720299,6811F11CCFDF0AAA,classic_bike,2021-07-07 17:49:50,2021-07-07 17:55:23,E 9 St & Avenue C,5616,Columbia St & Rivington St,5365,40.72521311,-73.97768752,40.71739973,-73.98016555,member
720300,80CCD375BA08119B,classic_bike,2021-07-06 13:54:41,2021-07-06 13:59:34,E 9 St & Avenue C,5616,Columbia St & Rivington St,5365,40.72521311,-73.97768752,40.71739973,-73.98016555,member
720366,9A153B610771FCCB,classic_bike,2021-07-01 17:57:14,2021-07-01 18:03:14,Columbia St & Rivington St,5365,Columbia St & Rivington St,5365,40.71739973,-73.98016555,40.71739973,-73.98016555,member
720367,75FB50333475568E,classic_bike,2021-07-04 23:45:31,2021-07-04 23:58:46,Columbia St & Rivington St,5365,Columbia St & Rivington St,5365,40.71739973,-73.98016555,40.71739973,-73.98016555,member
720412,A1A2CE6B5EC2AF45,electric_bike,2021-07-26 18:39:14,2021-07-26 18:56:44,Grand St & Havemeyer St,5267,Columbia St & Rivington St,5365,40.71286844,-73.95698119,40.71739973,-73.98016555,casual
720415,5C18089585130FF2,electric_bike,2021-07-16 17:34:21,2021-07-16 17:45:20,St James Pl & Pearl St,5167,Columbia St & Rivington St,5365,40.71117416,-74.00016545,40.71739973,-73.98016555,member
720421,AF2B055ECC7D827F,electric_bike,2021-07-09 15:20:46,2021-07-09 15:34:48,W 25 St & 6 Ave,6215,Columbia St & Rivington St,5365,40.74395411,-73.99144871,40.71739973,-73.98016555,member
720473,D681F9047198FFFE,classic_bike,2021-07-21 16:11:44,2021-07-21 16:16:33,Columbia St & Rivington St,5365,Columbia St & Rivington St,5365,40.71739973,-73.98016555,40.71739973,-73.98016555,member
720479,6132DE3009DA81C8,classic_bike,2021-07-23 14:50:39,2021-07-23 15:35:07,Columbia St & Rivington St,5365,Columbia St & Rivington St,5365,40.71739973,-73.98016555,40.71739973,-73.98016555,member
720486,BBCDDEA1D6358CB3,electric_bike,2021-07-22 14:11:47,2021-07-22 14:12:13,Columbia St & Rivington St,5365,Columbia St & Rivington St,5365,40.71739973,-73.98016555,40.71739973,-73.98016555,member
720490,F7D5C7EF73A46147,electric_bike,2021-07-04 16:59:10,2021-07-04 17:24:53,Columbia St & Rivington St,5365,Columbia St & Rivington St,5365,40.71739973,-73.98016555,40.71739973,-73.98016555,member
720517,5B481A85563B9F6F,classic_bike,2021-07-31 13:08:24,2021-07-31 13:20:53,Columbia St & Rivington St,5365,St James Pl & Oliver St,5238,40.71739973,-73.98016555,40.71307916,-73.99851193,member
720520,9227882E57A8665D,classic_bike,2021-07-21 05:18:39,2021-07-21 05:59:28,Columbia St & Rivington St,5365,Columbia St & Rivington St,5365,40.71739973,-73.98016555,40.71739973,-73.98016555,member
720522,CE14E4D94D5E6709,classic_bike,2021-07-28 00:55:20,2021-07-28 00:55:45,Columbia St & Rivington St,5365,Columbia St & Rivington St,5365,40.71739973,-73.98016555,40.71739973,-73.98016555,member
720547,AB3832CECCFE7067,classic_bike,2021-07-15 20:35:43,2021-07-15 23:59:45,Columbia St & Rivington St,5365,Columbia St & Rivington St,5365,40.71739973,-73.98016555,40.71739973,-73.98016555,member
720556,6EEF90BA6868644B,classic_bike,2021-07-18 18:16:32,2021-07-18 18:42:08,Columbia St & Rivington St,5365,E 33 St & 1 Ave,6197,40.71739973,-73.98016555,40.74322681432173,-73.97449783980846,casual
720557,A0EE2E368BB3B544,classic_bike,2021-07-09 17:49:16,2021-07-09 17:49:23,Columbia St & Rivington St,5365,Columbia St & Rivington St,5365,40.71739973,-73.98016555,40.71739973,-73.98016555,casual
720606,051947D7643E825B,classic_bike,2021-07-28 16:47:46,2021-07-28 16:48:22,Columbia St & Rivington St,5365,Columbia St & Rivington St,5365,40.71739973,-73.98016555,40.71739973,-73.98016555,casual
720611,1EF2311E88FE7C34,classic_bike,2021-07-11 13:39:38,2021-07-11 13:39:47,Columbia St & Rivington St,5365,Columbia St & Rivington St,5365,40.71739973,-73.98016555,40.71739973,-73.98016555,casual
720653,3B5CB00F867AE649,electric_bike,2021-07-03 01:09:38,2021-07-03 01:20:56,Columbia St & Rivington St,5365,Columbia St & Rivington St,5365,40.71739973,-73.98016555,40.71739973,-73.98016555,member
720654,38DDEF3B7FC9E3F8,electric_bike,2021-07-03 01:08:17,2021-07-03 01:09:02,Columbia St & Rivington St,5365,Columbia St & Rivington St,5365,40.71739973,-73.98016555,40.71739973,-73.98016555,member
720656,1309393436FD2713,classic_bike,2021-07-17 13:29:48,2021-07-17 13:47:51,Columbia St & Rivington St,5365,Columbia St & Rivington St,5365,40.71739973,-73.98016555,40.71739973,-73.98016555,member
720657,2FE4BC76F02350FB,classic_bike,2021-07-14 20:37:07,2021-07-14 21:01:42,Columbia St & Rivington St,5365,E 33 St & 1 Ave,6197,40.71739973,-73.98016555,40.74322681432173,-73.97449783980846,member
720675,4EAAB81ED6267429,classic_bike,2021-07-10 17:12:25,2021-07-10 17:38:28,W 25 St & 6 Ave,6215,Columbia St & Rivington St,5365,40.74395411,-73.99144871,40.71739973,-73.98016555,member
720782,6832A10E5F8F250D,electric_bike,2021-07-21 18:21:48,2021-07-21 18:47:36,Kent Ave & S 11 St,5062,Columbia St & Rivington St,5365,40.707644944175705,-73.96841526031494,40.71739973,-73.98016555,casual
720801,8146481E1DB07DC1,electric_bike,2021-07-08 01:33:05,2021-07-08 01:57:39,Columbia St & Rivington St,5365,Columbia St & Rivington St,5365,40.71739973,-73.98016555,40.71739973,-73.98016555,member
720829,62114DCF716DF442,electric_bike,2021-07-19 12:11:27,2021-07-19 12:33:43,Columbia St & Rivington St,5365,Columbia St & Rivington St,5365,40.71739973,-73.98016555,40.71739973,-73.98016555,member
720832,B08D524966CF0637,electric_bike,2021-07-13 18:27:19,2021-07-13 18:43:47,Columbia St & Rivington St,5365,Columbia St & Rivington St,5365,40.71739973,-73.98016555,40.71739973,-73.98016555,member
720842,B8D79C992DAB235D,classic_bike,2021-07-18 18:15:54,2021-07-18 18:42:05,Columbia St & Rivington St,5365,E 33 St & 1 Ave,6197,40.71739973,-73.98016555,40.74322681432173,-73.97449783980846,member
720867,F3CFEDC6A8C9CFFE,classic_bike,2021-07-07 20:21:58,2021-07-07 20:25:22,E 2 St & Avenue C,5476,Columbia St & Rivington St,5365,40.7208736,-73.98085795,40.71739973,-73.98016555,member
720873,94F873A152BD0535,classic_bike,2021-07-23 06:13:12,2021-07-23 06:15:59,E 2 St & Avenue C,5476,Columbia St & Rivington St,5365,40.7208736,-73.98085795,40.71739973,-73.98016555,member
720907,5CFBDC22A473B8FC,classic_bike,2021-07-29 11:32:16,2021-07-29 11:47:33,W 4 St & 7 Ave S,5880,Columbia St & Rivington St,5365,40.73401143,-74.00293877,40.71739973,-73.98016555,casual
720942,BBD1C21FF5A8D0F7,classic_bike,2021-07-27 09:23:30,2021-07-27 09:28:26,Avenue D & E 10 St,5575,Columbia St & Rivington St,5365,40.72506551015475,-73.97515833377838,40.71739973,-73.98016555,member
720955,AA27CD9237D91168,electric_bike,2021-07-03 19:01:35,2021-07-03 19:06:42,Forsyth St & Canal St,5270,Columbia St & Rivington St,5365,40.7158155,-73.99422366,40.71739973,-73.98016555,member
720978,EEC718E5EB882FB8,electric_bike,2021-07-20 14:48:30,2021-07-20 14:56:52,Avenue D & E 10 St,5575,Columbia St & Rivington St,5365,40.72506551015475,-73.97515833377838,40.71739973,-73.98016555,member
720986,8F5BAA8F832D14A5,classic_bike,2021-07-17 20:54:37,2021-07-17 20:59:59,Bialystoker Pl & Delancey St,5335,Columbia St & Rivington St,5365,40.71622644,-73.98261206,40.71739973,-73.98016555,member
720987,8539388602782A0A,electric_bike,2021-07-20 17:30:39,2021-07-20 17:32:18,Bialystoker Pl & Delancey St,5335,Columbia St & Rivington St,5365,40.71622644,-73.98261206,40.71739973,-73.98016555,member
720990,78FB4C19D97DF6D4,classic_bike,2021-07-08 18:47:53,2021-07-08 18:57:46,Bialystoker Pl & Delancey St,5335,Columbia St & Rivington St,5365,40.71622644,-73.98261206,40.71739973,-73.98016555,member
720991,279617243F148C24,classic_bike,2021-07-04 11:53:38,2021-07-04 12:10:48,Bialystoker Pl & Delancey St,5335,Columbia St & Rivington St,5365,40.71622644,-73.98261206,40.71739973,-73.98016555,member
721050,FB39A36EE972264B,classic_bike,2021-07-30 16:41:55,2021-07-30 16:47:39,E 7 St & Avenue A,5626,Columbia St & Rivington St,5365,40.72621788,-73.98379855,40.71739973,-73.98016555,member
721059,27ACC8287B58D9D5,classic_bike,2021-07-10 15:24:43,2021-07-10 15:26:43,Rivington St & Ridge St,5406,Columbia St & Rivington St,5365,40.71850211,-73.98329859,40.71739973,-73.98016555,member
721070,E05522E8D2153871,electric_bike,2021-07-10 22:30:02,2021-07-10 22:32:17,Rivington St & Ridge St,5406,Columbia St & Rivington St,5365,40.71850211,-73.98329859,40.71739973,-73.98016555,member
721093,3F6B2ABE3EA9D92D,classic_bike,2021-07-22 16:34:49,2021-07-22 16:38:41,E 2 St & Avenue B,5515,Columbia St & Rivington St,5365,40.72217444,-73.98368779,40.71739973,-73.98016555,member
721103,07C3F34FA1589443,classic_bike,2021-07-23 21:05:32,2021-07-23 21:16:06,Centre St & Worth St,5279,Columbia St & Rivington St,5365,40.71494807,-74.00234482,40.71739973,-73.98016555,member
721104,6DADA231F64CE402,classic_bike,2021-07-29 20:16:24,2021-07-29 20:25:37,Centre St & Worth St,5279,Columbia St & Rivington St,5365,40.71494807,-74.00234482,40.71739973,-73.98016555,member
721105,39055E500BF0D85E,classic_bike,2021-07-28 21:19:22,2021-07-28 21:30:53,Centre St & Worth St,5279,Columbia St & Rivington St,5365,40.71494807,-74.00234482,40.71739973,-73.98016555,member
721106,3064D96EFC482E2D,classic_bike,2021-07-27 21:04:09,2021-07-27 21:14:09,Centre St & Worth St,5279,Columbia St & Rivington St,5365,40.71494807,-74.00234482,40.71739973,-73.98016555,member
721127,82B284801244853A,classic_bike,2021-07-16 17:23:01,2021-07-16 17:32:29,Forsyth St & Broome St,5453,Columbia St & Rivington St,5365,40.71893904,-73.99266288,40.71739973,-73.98016555,member
721154,00F379AAF4A0D36E,classic_bike,2021-07-18 17:49:16,2021-07-18 18:16:40,W 25 St & 6 Ave,6215,Columbia St & Rivington St,5365,40.74395411,-73.99144871,40.71739973,-73.98016555,casual
721219,3FF950F0757912B1,electric_bike,2021-07-27 18:06:54,2021-07-27 18:18:10,St James Pl & Pearl St,5167,Columbia St & Rivington St,5365,40.71117416,-74.00016545,40.71739973,-73.98016555,member
721255,FAE61FF42DDD59A4,classic_bike,2021-07-05 19:06:23,2021-07-05 19:37:55,St James Pl & Pearl St,5167,Columbia St & Rivington St,5365,40.71117416,-74.00016545,40.71739973,-73.98016555,member
721264,7A13779323F32BB5,electric_bike,2021-07-12 07:32:44,2021-07-12 07:41:53,E 13 St & 2 Ave,5820,Columbia St & Rivington St,5365,40.73153937464073,-73.9853024482727,40.71739973,-73.98016555,casual
721266,64C7C2538111077E,electric_bike,2021-07-08 07:44:11,2021-07-08 07:54:48,E 13 St & 2 Ave,5820,Columbia St & Rivington St,5365,40.73153937464073,-73.9853024482727,40.71739973,-73.98016555,casual
721334,D3757C9AA94854B8,classic_bike,2021-07-22 07:52:17,2021-07-22 08:02:05,E 13 St & 2 Ave,5820,Columbia St & Rivington St,5365,40.73153937464073,-73.9853024482727,40.71739973,-73.98016555,casual
721341,1DEF8572046AE241,electric_bike,2021-07-19 21:08:28,2021-07-19 21:17:33,E 13 St & 2 Ave,5820,Columbia St & Rivington St,5365,40.73153937464073,-73.9853024482727,40.71739973,-73.98016555,member
721368,CDAC7094D15F2FD6,classic_bike,2021-07-03 11:51:04,2021-07-03 12:07:03,E 13 St & 2 Ave,5820,Columbia St & Rivington St,5365,40.73153937464073,-73.9853024482727,40.71739973,-73.98016555,casual
721377,2295A11B56F09B70,classic_bike,2021-07-09 19:03:33,2021-07-09 19:15:59,Division St & Bowery,5270,Columbia St & Rivington St,5365,40.714193,-73.996732,40.71739973,-73.98016555,member
721378,B35A665225B01F4B,classic_bike,2021-07-08 20:44:29,2021-07-08 20:53:32,Division St & Bowery,5270,Columbia St & Rivington St,5365,40.714193,-73.996732,40.71739973,-73.98016555,member
721396,A9D5105B1B7DACF1,classic_bike,2021-07-07 13:11:19,2021-07-07 13:16:56,Pike St & E Broadway,5270,Columbia St & Rivington St,5365,40.71406667,-73.99293911,40.71739973,-73.98016555,member
721407,6BBD60D110D6D190,classic_bike,2021-07-25 22:09:55,2021-07-25 22:18:32,Pike St & E Broadway,5270,Columbia St & Rivington St,5365,40.71406667,-73.99293911,40.71739973,-73.98016555,member
721408,49C3FD24D21F6CB5,classic_bike,2021-07-28 22:19:38,2021-07-28 22:27:23,Pike St & E Broadway,5270,Columbia St & Rivington St,5365,40.71406667,-73.99293911,40.71739973,-73.98016555,member
721442,5C7006A1852D9675,classic_bike,2021-07-16 08:58:05,2021-07-16 09:06:04,E 2 St & 2 Ave,5593,Columbia St & Rivington St,5365,40.72502876,-73.99069656,40.71739973,-73.98016555,member
721539,0CB021D220977B9F,classic_bike,2021-07-05 14:52:54,2021-07-05 15:00:01,Allen St & Hester St,5342,Columbia St & Rivington St,5365,40.71605866,-73.99190759,40.71739973,-73.98016555,member
721565,6ED6D11BF6C91FF8,classic_bike,2021-07-20 15:24:10,2021-07-20 15:31:07,Allen St & Hester St,5342,Columbia St & Rivington St,5365,40.71605866,-73.99190759,40.71739973,-73.98016555,member
721566,F7ED57F02438AE1F,classic_bike,2021-07-19 15:29:50,2021-07-19 15:37:00,Allen St & Hester St,5342,Columbia St & Rivington St,5365,40.71605866,-73.99190759,40.71739973,-73.98016555,member
721567,66CDC69E953B07DC,electric_bike,2021-07-19 17:32:07,2021-07-19 17:43:45,Allen St & Hester St,5342,Columbia St & Rivington St,5365,40.71605866,-73.99190759,40.71739973,-73.98016555,member
721583,9B2B16910641C935,electric_bike,2021-07-29 12:59:44,2021-07-29 13:16:22,Cliff St & Fulton St,5065,Columbia St & Rivington St,5365,40.70838,-74.00495,40.71739973,-73.98016555,casual
721588,81C515468DFE18D7,classic_bike,2021-07-21 19:44:20,2021-07-21 19:52:02,Allen St & Hester St,5342,Columbia St & Rivington St,5365,40.71605866,-73.99190759,40.71739973,-73.98016555,member
721590,149FCCB585B0B615,classic_bike,2021-07-15 17:20:15,2021-07-15 17:28:09,Allen St & Hester St,5342,Columbia St & Rivington St,5365,40.71605866,-73.99190759,40.71739973,-73.98016555,member
721604,23F2D3F5EE6E6401,electric_bike,2021-07-10 16:02:55,2021-07-10 16:18:41,8 Ave & W 16 St,6072,Columbia St & Rivington St,5365,40.740983,-74.001702,40.71739973,-73.98016555,member
721627,E82B4AB6CDEFEED4,classic_bike,2021-07-20 16:26:36,2021-07-20 16:38:17,St James Pl & Pearl St,5167,Columbia St & Rivington St,5365,40.71117416,-74.00016545,40.71739973,-73.98016555,member
721637,C9A477638E983738,classic_bike,2021-07-10 08:29:31,2021-07-10 08:38:40,St James Pl & Pearl St,5167,Columbia St & Rivington St,5365,40.71117416,-74.00016545,40.71739973,-73.98016555,member
721706,867505618408D0CD,classic_bike,2021-07-03 11:30:42,2021-07-03 11:36:04,Norfolk St & Broome St,5374,Columbia St & Rivington St,5365,40.7172274,-73.98802084,40.71739973,-73.98016555,member
721715,8C570512EE708787,classic_bike,2021-07-12 10:55:53,2021-07-12 11:02:56,E 11 St & 1 Ave,5746,Columbia St & Rivington St,5365,40.72953837,-73.98426726,40.71739973,-73.98016555,member
721741,4FEBB858EF8B43E7,electric_bike,2021-07-31 21:28:35,2021-07-31 22:02:48,Bayard St & Leonard St,5442,Columbia St & Rivington St,5365,40.71915571696044,-73.94885390996933,40.71739973,-73.98016555,member
721748,FF48332842BECE66,electric_bike,2021-07-30 18:07:24,2021-07-30 18:11:35,Allen St & Rivington St,5414,Columbia St & Rivington St,5365,40.72019576,-73.98997825,40.71739973,-73.98016555,member
721753,99561062FDCDEC2B,classic_bike,2021-07-31 11:01:41,2021-07-31 11:30:51,Forsyth St & Broome St,5453,Columbia St & Rivington St,5365,40.71893904,-73.99266288,40.71739973,-73.98016555,member
721756,33B1FDC133AF5867,classic_bike,2021-07-07 17:38:43,2021-07-07 17:55:42,Forsyth St & Broome St,5453,Columbia St & Rivington St,5365,40.71893904,-73.99266288,40.71739973,-73.98016555,member
721794,84A9468C6388CE9D,electric_bike,2021-07-12 17:28:43,2021-07-12 17:46:15,Franklin St & Dupont St,5944,Columbia St & Rivington St,5365,40.73564,-73.95866,40.71739973,-73.98016555,casual
721810,000811D998EF4956,electric_bike,2021-07-08 13:12:33,2021-07-08 13:34:00,Fulton St & William St,5137,Columbia St & Rivington St,5365,40.70960089363537,-74.00655090808868,40.71739973,-73.98016555,member
721836,906FC798A8551D65,classic_bike,2021-07-21 18:45:22,2021-07-21 18:59:26,Murray St & West St,5329,Columbia St & Rivington St,5365,40.7149787,-74.013012,40.71739973,-73.98016555,casual
721842,5ABE70CBBCB05437,electric_bike,2021-07-14 18:56:03,2021-07-14 19:06:50,Broadway & Berry St,5164,Columbia St & Rivington St,5365,40.71044554,-73.96525063,40.71739973,-73.98016555,casual
721849,FE692DEF84DBEF58,classic_bike,2021-07-15 08:38:35,2021-07-15 08:43:23,Allen St & Rivington St,5414,Columbia St & Rivington St,5365,40.72019576,-73.98997825,40.71739973,-73.98016555,member
721850,48092AF9B7521B06,classic_bike,2021-07-22 21:23:29,2021-07-22 21:29:50,Allen St & Rivington St,5414,Columbia St & Rivington St,5365,40.72019576,-73.98997825,40.71739973,-73.98016555,member
721861,475044DC734A1CA3,electric_bike,2021-07-07 15:22:13,2021-07-07 16:08:42,E 103 St & Lexington Ave,7463,Columbia St & Rivington St,5365,40.7903051,-73.94755757,40.71739973,-73.98016555,casual
721889,4D1FAA2C081AE24D,classic_bike,2021-07-14 09:06:56,2021-07-14 09:14:11,Allen St & Rivington St,5414,Columbia St & Rivington St,5365,40.72019576,-73.98997825,40.71739973,-73.98016555,member
721890,5EA22773C9FD7E99,electric_bike,2021-07-10 09:02:32,2021-07-10 09:06:26,Allen St & Rivington St,5414,Columbia St & Rivington St,5365,40.72019576,-73.98997825,40.71739973,-73.98016555,member
721891,CA6DDA03B3127E0E,electric_bike,2021-07-29 16:51:49,2021-07-29 16:56:53,Allen St & Rivington St,5414,Columbia St & Rivington St,5365,40.72019576,-73.98997825,40.71739973,-73.98016555,member
721893,3AA0DA8A70B0B4E1,electric_bike,2021-07-18 08:05:53,2021-07-18 08:10:19,Allen St & Rivington St,5414,Columbia St & Rivington St,5365,40.72019576,-73.98997825,40.71739973,-73.98016555,member
721900,AA4F41B5AF5DCBCD,electric_bike,2021-07-20 16:28:39,2021-07-20 16:46:31,Allen St & Rivington St,5414,Columbia St & Rivington St,5365,40.72019576,-73.98997825,40.71739973,-73.98016555,casual
721936,3544D589B00D904A,electric_bike,2021-07-01 12:48:46,2021-07-01 12:54:41,Allen St & Rivington St,5414,Columbia St & Rivington St,5365,40.72019576,-73.98997825,40.71739973,-73.98016555,member
721939,CA8A2ABA44404BF9,classic_bike,2021-07-21 17:57:01,2021-07-21 18:34:36,E 88 St & 1 Ave,7235,Columbia St & Rivington St,5365,40.778301,-73.9488134,40.71739973,-73.98016555,member
721945,D96E7B1071304313,classic_bike,2021-07-17 09:46:04,2021-07-17 10:07:18,E 45 St & 3 Ave,6464,Columbia St & Rivington St,5365,40.75255434,-73.97282625,40.71739973,-73.98016555,member
721965,B905C3D15E3661D8,classic_bike,2021-07-20 09:03:30,2021-07-20 09:08:26,Allen St & Rivington St,5414,Columbia St & Rivington St,5365,40.72019576,-73.98997825,40.71739973,-73.98016555,member
721976,F98391FE522F02A0,electric_bike,2021-07-02 14:00:43,2021-07-02 14:18:55,E 45 St & 3 Ave,6464,Columbia St & Rivington St,5365,40.75255434,-73.97282625,40.71739973,-73.98016555,member
722026,C0231D0741976202,docked_bike,2021-07-03 18:01:06,2021-07-03 18:24:09,E 2 St & Avenue C,5476,Columbia St & Rivington St,5365,40.720874,-73.980858,40.7174,-73.980166,casual
722060,81B6D866AF48F88D,electric_bike,2021-07-16 12:17:54,2021-07-16 12:30:40,W 4 St & 7 Ave S,5880,Columbia St & Rivington St,5365,40.73401143,-74.00293877,40.71739973,-73.98016555,member
722061,2DFA5B9C01BE0BA5,electric_bike,2021-07-10 22:18:25,2021-07-10 22:27:09,Lafayette St & Jersey St,5561,Columbia St & Rivington St,5365,40.72456089,-73.99565293,40.71739973,-73.98016555,member
722071,600BBB2B5F0DD169,electric_bike,2021-07-08 08:36:16,2021-07-08 08:57:47,W 35 St & Dyer Ave,6569,Columbia St & Rivington St,5365,40.754691750226016,-73.99740189313889,40.71739973,-73.98016555,member
722083,0C56418B1EB76BB5,classic_bike,2021-07-30 17:03:01,2021-07-30 17:15:54,Great Jones St,5636,Columbia St & Rivington St,5365,40.72743423,-73.99379025,40.71739973,-73.98016555,member
722087,944630D911CD1402,electric_bike,2021-07-11 13:09:48,2021-07-11 13:39:48,W 35 St & Dyer Ave,6569,Columbia St & Rivington St,5365,40.754691750226016,-73.99740189313889,40.71739973,-73.98016555,member
722095,00B5A74AEF30A087,classic_bike,2021-07-25 23:20:25,2021-07-25 23:27:47,Great Jones St,5636,Columbia St & Rivington St,5365,40.72743423,-73.99379025,40.71739973,-73.98016555,casual
722153,27620AF6AE1B39AB,classic_bike,2021-07-25 12:20:16,2021-07-25 12:44:14,W 17 St & 8 Ave,6148,Columbia St & Rivington St,5365,40.74177603,-74.00149746,40.71739973,-73.98016555,member
722167,78EE9FAA2E16FE65,electric_bike,2021-07-19 15:04:52,2021-07-19 15:25:28,E 41 St & Madison Ave,6474,Columbia St & Rivington St,5365,40.752165280621966,-73.97992193698882,40.71739973,-73.98016555,casual
722171,6E5B07286C218A07,electric_bike,2021-07-12 14:26:59,2021-07-12 14:46:17,8 Ave & W 31 St,6450,Columbia St & Rivington St,5365,40.7505853470215,-73.9946848154068,40.71739973,-73.98016555,casual
722190,A874BE08DB869C80,classic_bike,2021-07-14 15:45:42,2021-07-14 15:48:51,Rivington St & Ridge St,5406,Columbia St & Rivington St,5365,40.71850211,-73.98329859,40.71739973,-73.98016555,member
722235,9EEC69A2F6513B82,classic_bike,2021-07-20 19:16:02,2021-07-20 19:27:02,Centre St & Worth St,5279,Columbia St & Rivington St,5365,40.71494807,-74.00234482,40.71739973,-73.98016555,member
722256,40D06BE0662F9438,classic_bike,2021-07-19 16:22:26,2021-07-19 16:34:19,St James Pl & Pearl St,5167,Columbia St & Rivington St,5365,40.71117416,-74.00016545,40.71739973,-73.98016555,member
722257,5E6B55F35033F2DA,classic_bike,2021-07-20 17:57:18,2021-07-20 18:09:03,St James Pl & Pearl St,5167,Columbia St & Rivington St,5365,40.71117416,-74.00016545,40.71739973,-73.98016555,member
722260,6AA2E2232DF4E831,classic_bike,2021-07-19 16:12:54,2021-07-19 16:21:27,St James Pl & Pearl St,5167,Columbia St & Rivington St,5365,40.71117416,-74.00016545,40.71739973,-73.98016555,member
722264,AD29336AC7515A28,classic_bike,2021-07-31 08:29:10,2021-07-31 08:38:28,St James Pl & Pearl St,5167,Columbia St & Rivington St,5365,40.71117416,-74.00016545,40.71739973,-73.98016555,member
722265,44687F4AF744AE0B,classic_bike,2021-07-19 08:33:30,2021-07-19 08:42:35,St James Pl & Pearl St,5167,Columbia St & Rivington St,5365,40.71117416,-74.00016545,40.71739973,-73.98016555,member
722282,19B4BFF09696D110,classic_bike,2021-07-30 21:59:30,2021-07-30 22:25:04,8 Ave & W 31 St,6450,Columbia St & Rivington St,5365,40.7505853470215,-73.9946848154068,40.71739973,-73.98016555,casual
722311,951AD3940901BFAC,classic_bike,2021-07-13 18:40:08,2021-07-13 18:56:36,E 25 St & 2 Ave,6046,Columbia St & Rivington St,5365,40.73912601,-73.97973776,40.71739973,-73.98016555,member
722320,ECE59B13E34FCA66,electric_bike,2021-07-14 21:01:59,2021-07-14 21:24:46,Kent Ave & S 11 St,5062,Columbia St & Rivington St,5365,40.707644944175705,-73.96841526031494,40.71739973,-73.98016555,member
722330,155A204C96149156,classic_bike,2021-07-31 09:08:01,2021-07-31 09:31:14,W 18 St & 9 Ave,6190,Columbia St & Rivington St,5365,40.7435337324616,-74.00367558002472,40.71739973,-73.98016555,member
722341,F70269B1A668E50A,classic_bike,2021-07-29 12:26:31,2021-07-29 12:31:16,Clinton St & Grand St,5303,Columbia St & Rivington St,5365,40.71559509,-73.9870295,40.71739973,-73.98016555,member
722342,76F766C53BDDA8AD,classic_bike,2021-07-17 14:15:23,2021-07-17 14:19:45,Clinton St & Grand St,5303,Columbia St & Rivington St,5365,40.71559509,-73.9870295,40.71739973,-73.98016555,member
722343,4256FA1F5F7870B9,electric_bike,2021-07-25 17:24:39,2021-07-25 17:28:37,Clinton St & Grand St,5303,Columbia St & Rivington St,5365,40.71559509,-73.9870295,40.71739973,-73.98016555,member
722359,DF62A3699DBB3F37,classic_bike,2021-07-28 15:19:28,2021-07-28 15:26:21,Clinton St & Grand St,5303,Columbia St & Rivington St,5365,40.71559509,-73.9870295,40.71739973,-73.98016555,casual
722401,2F95D45125FEA9E5,classic_bike,2021-07-07 18:29:13,2021-07-07 18:32:59,E 2 St & Avenue B,5515,Columbia St & Rivington St,5365,40.72217444,-73.98368779,40.71739973,-73.98016555,member
722420,E5A64A86241E2BF7,classic_bike,2021-07-17 10:06:25,2021-07-17 10:13:15,Forsyth St & Broome St,5453,Columbia St & Rivington St,5365,40.71893904,-73.99266288,40.71739973,-73.98016555,member
722430,A0B1619661AA1F7A,electric_bike,2021-07-13 14:56:35,2021-07-13 15:26:59,E 7 St & Avenue A,5626,Columbia St & Rivington St,5365,40.72621788,-73.98379855,40.71739973,-73.98016555,member
722450,86FCD7B0478FF701,classic_bike,2021-07-28 13:42:41,2021-07-28 13:48:33,Forsyth St & Broome St,5453,Columbia St & Rivington St,5365,40.71893904,-73.99266288,40.71739973,-73.98016555,member
722460,0CD0EBBDD259F916,electric_bike,2021-07-27 16:31:49,2021-07-27 16:38:32,Forsyth St & Broome St,5453,Columbia St & Rivington St,5365,40.71893904,-73.99266288,40.71739973,-73.98016555,member
722466,1AC50946C415FC64,classic_bike,2021-07-04 15:37:08,2021-07-04 16:18:01,Grand Army Plaza & Central Park S,6839,Columbia St & Rivington St,5365,40.7643971,-73.97371465,40.71739973,-73.98016555,casual
722475,953D31712E08319E,electric_bike,2021-07-17 09:23:45,2021-07-17 09:47:02,E 53 St & Lexington Ave,6617,Columbia St & Rivington St,5365,40.75828065,-73.97069431,40.71739973,-73.98016555,member
722476,156F7785C578D610,classic_bike,2021-07-29 17:18:03,2021-07-29 17:24:05,Forsyth St & Broome St,5453,Columbia St & Rivington St,5365,40.71893904,-73.99266288,40.71739973,-73.98016555,member
722477,6D38963D11A39980,classic_bike,2021-07-18 16:23:24,2021-07-18 16:30:25,Forsyth St & Broome St,5453,Columbia St & Rivington St,5365,40.71893904,-73.99266288,40.71739973,-73.98016555,member
722478,E340709F0871D091,classic_bike,2021-07-11 11:26:18,2021-07-11 11:33:41,Forsyth St & Broome St,5453,Columbia St & Rivington St,5365,40.71893904,-73.99266288,40.71739973,-73.98016555,member
722491,9AC4E37D0ACABA82,classic_bike,2021-07-04 15:36:22,2021-07-04 16:17:48,Grand Army Plaza & Central Park S,6839,Columbia St & Rivington St,5365,40.7643971,-73.97371465,40.71739973,-73.98016555,casual
722501,E7A6216284C23728,electric_bike,2021-07-06 14:29:00,2021-07-06 14:34:34,Allen St & Stanton St,5484,Columbia St & Rivington St,5365,40.722055,-73.989111,40.71739973,-73.98016555,member
722509,945AB337E3EF77CC,classic_bike,2021-07-15 08:05:07,2021-07-15 08:14:05,Allen St & Stanton St,5484,Columbia St & Rivington St,5365,40.722055,-73.989111,40.71739973,-73.98016555,member
722532,E6D2D4CEFE38032A,classic_bike,2021-07-24 21:06:32,2021-07-24 21:22:20,Allen St & Stanton St,5484,Columbia St & Rivington St,5365,40.722055,-73.989111,40.71739973,-73.98016555,member
722551,C72267B4967BA454,electric_bike,2021-07-21 20:57:38,2021-07-21 21:11:05,Rivington St & Ridge St,5406,Columbia St & Rivington St,5365,40.71850211,-73.98329859,40.71739973,-73.98016555,member
722577,E5F3F910E5192159,electric_bike,2021-07-22 17:48:16,2021-07-22 17:52:12,Allen St & Stanton St,5484,Columbia St & Rivington St,5365,40.722055,-73.989111,40.71739973,-73.98016555,casual
722585,492734291AC1D4F5,electric_bike,2021-07-13 20:15:15,2021-07-13 20:29:30,Allen St & Stanton St,5484,Columbia St & Rivington St,5365,40.722055,-73.989111,40.71739973,-73.98016555,member
722608,409207954F8D988C,electric_bike,2021-07-10 15:36:57,2021-07-10 15:40:52,Allen St & Stanton St,5484,Columbia St & Rivington St,5365,40.722055,-73.989111,40.71739973,-73.98016555,member
722615,0C64CC3FC9F26C65,classic_bike,2021-07-01 13:28:53,2021-07-01 13:35:38,E 9 St & Avenue C,5616,Columbia St & Rivington St,5365,40.72521311,-73.97768752,40.71739973,-73.98016555,casual
722625,ED08CA5D27095FBD,classic_bike,2021-07-06 18:25:22,2021-07-06 18:56:34,W 44 St & 5 Ave,6551,Columbia St & Rivington St,5365,40.75500254,-73.98014437,40.71739973,-73.98016555,casual
722672,59DD867E5BE9330A,classic_bike,2021-07-12 16:19:26,2021-07-12 16:39:38,Pike St & E Broadway,5270,Columbia St & Rivington St,5365,40.71406667,-73.99293911,40.71739973,-73.98016555,member
722674,D5416BFBABA5B5ED,classic_bike,2021-07-23 23:15:24,2021-07-23 23:23:56,Pike St & E Broadway,5270,Columbia St & Rivington St,5365,40.71406667,-73.99293911,40.71739973,-73.98016555,member
722676,3C885ACD0B2D52B4,classic_bike,2021-07-30 23:05:00,2021-07-30 23:13:21,Pike St & E Broadway,5270,Columbia St & Rivington St,5365,40.71406667,-73.99293911,40.71739973,-73.98016555,member
722689,D25CEB402185064F,classic_bike,2021-07-13 14:48:50,2021-07-13 14:56:30,Pike St & E Broadway,5270,Columbia St & Rivington St,5365,40.71406667,-73.99293911,40.71739973,-73.98016555,member
722691,63634B91DC11967E,classic_bike,2021-07-29 13:30:36,2021-07-29 13:50:21,Pike St & E Broadway,5270,Columbia St & Rivington St,5365,40.71406667,-73.99293911,40.71739973,-73.98016555,member
722722,4F4DF0175761337E,classic_bike,2021-07-14 16:18:18,2021-07-14 16:45:56,Pike St & E Broadway,5270,Columbia St & Rivington St,5365,40.71406667,-73.99293911,40.71739973,-73.98016555,member
722724,9E64BBB56143C1D4,classic_bike,2021-07-12 16:27:28,2021-07-12 16:33:43,Pike St & E Broadway,5270,Columbia St & Rivington St,5365,40.71406667,-73.99293911,40.71739973,-73.98016555,member
722748,B921CBD20D470315,electric_bike,2021-07-13 14:07:48,2021-07-13 14:13:25,E 2 St & 2 Ave,5593,Columbia St & Rivington St,5365,40.72502876,-73.99069656,40.71739973,-73.98016555,casual
722758,13096395A7F6034C,classic_bike,2021-07-08 05:09:00,2021-07-08 10:54:59,E 9 St & Avenue C,5616,Columbia St & Rivington St,5365,40.72521311,-73.97768752,40.71739973,-73.98016555,casual
722766,F22B594A27C92BB3,classic_bike,2021-07-14 09:08:36,2021-07-14 09:16:30,E 2 St & 2 Ave,5593,Columbia St & Rivington St,5365,40.72502876,-73.99069656,40.71739973,-73.98016555,member
722795,3AD318CA82263ABA,classic_bike,2021-07-31 11:30:03,2021-07-31 11:37:45,Pike St & E Broadway,5270,Columbia St & Rivington St,5365,40.71406667,-73.99293911,40.71739973,-73.98016555,member
722811,657388E820541EC7,classic_bike,2021-07-28 11:17:00,2021-07-28 11:26:20,1 Ave & E 16 St,5779,Columbia St & Rivington St,5365,40.73221853,-73.98165557,40.71739973,-73.98016555,casual
722825,D9D3C9D4F1500A32,classic_bike,2021-07-28 07:15:10,2021-07-28 07:28:00,Broadway & E 14 St,5905,Columbia St & Rivington St,5365,40.73454567,-73.99074142,40.71739973,-73.98016555,member
722834,D1B6F9F683629CDD,classic_bike,2021-07-25 14:52:51,2021-07-25 15:08:13,Broadway & E 14 St,5905,Columbia St & Rivington St,5365,40.73454567,-73.99074142,40.71739973,-73.98016555,member
722843,B870F82D4FC9A702,classic_bike,2021-07-11 16:07:56,2021-07-11 16:34:07,Lispenard St & Broadway,5391,Columbia St & Rivington St,5365,40.71939226,-74.00247214,40.71739973,-73.98016555,member
722852,BC7A4B7ECAF24DF3,classic_bike,2021-07-08 12:05:24,2021-07-08 12:22:15,Broadway & E 14 St,5905,Columbia St & Rivington St,5365,40.73454567,-73.99074142,40.71739973,-73.98016555,member
722875,E9B45F72737AF776,classic_bike,2021-07-22 06:23:08,2021-07-22 06:32:49,Lispenard St & Broadway,5391,Columbia St & Rivington St,5365,40.71939226,-74.00247214,40.71739973,-73.98016555,member
722878,78C1BD6C40CF6F3B,electric_bike,2021-07-11 17:54:48,2021-07-11 18:00:05,Allen St & Hester St,5342,Columbia St & Rivington St,5365,40.71605866,-73.99190759,40.71739973,-73.98016555,member
722893,FA9F73A6C55CB7C8,electric_bike,2021-07-10 14:24:15,2021-07-10 15:10:00,7 Ave & Central Park South,6912,Columbia St & Rivington St,5365,40.7667405590595,-73.9790689945221,40.71739973,-73.98016555,member
722896,BC43BA5FB6E3A69C,classic_bike,2021-07-10 14:00:40,2021-07-10 14:18:35,Broadway & E 14 St,5905,Columbia St & Rivington St,5365,40.73454567,-73.99074142,40.71739973,-73.98016555,member
722922,D1BC732F01A3B5B7,electric_bike,2021-07-06 22:53:25,2021-07-06 23:05:22,Broadway & E 14 St,5905,Columbia St & Rivington St,5365,40.73454567,-73.99074142,40.71739973,-73.98016555,member
722931,8D2936A3B51686BA,electric_bike,2021-07-05 14:25:44,2021-07-05 14:36:50,Broadway & E 14 St,5905,Columbia St & Rivington St,5365,40.73454567,-73.99074142,40.71739973,-73.98016555,member
722939,AB270AFFA81F94C1,electric_bike,2021-07-13 21:57:40,2021-07-13 22:10:40,Broadway & E 14 St,5905,Columbia St & Rivington St,5365,40.73454567,-73.99074142,40.71739973,-73.98016555,casual
722958,2FBD38186F54F185,classic_bike,2021-07-28 18:50:35,2021-07-28 19:09:00,Broadway & E 14 St,5905,Columbia St & Rivington St,5365,40.73454567,-73.99074142,40.71739973,-73.98016555,casual
722963,BB4D2DC460B74C92,classic_bike,2021-07-25 14:53:08,2021-07-25 15:08:12,Broadway & E 14 St,5905,Columbia St & Rivington St,5365,40.73454567,-73.99074142,40.71739973,-73.98016555,member
722976,B19801169BCB03C9,electric_bike,2021-07-05 19:28:50,2021-07-05 19:42:30,Broadway & E 14 St,5905,Columbia St & Rivington St,5365,40.73454567,-73.99074142,40.71739973,-73.98016555,member
723023,B9B9FD6C9D58A7A3,classic_bike,2021-07-14 11:24:43,2021-07-14 11:36:53,Broadway & E 14 St,5905,Columbia St & Rivington St,5365,40.73454567,-73.99074142,40.71739973,-73.98016555,member
723024,5A35B6B1380A7EC1,classic_bike,2021-07-07 11:12:48,2021-07-07 11:24:52,Broadway & E 14 St,5905,Columbia St & Rivington St,5365,40.73454567,-73.99074142,40.71739973,-73.98016555,member
723047,16A09C22B900112A,classic_bike,2021-07-11 16:57:36,2021-07-11 17:14:07,2 Ave & E 29 St,6122,Columbia St & Rivington St,5365,40.74172351097472,-73.97809267044067,40.71739973,-73.98016555,member
723068,63843BE5B706C4C6,electric_bike,2021-07-26 13:40:28,2021-07-26 14:05:43,2 Ave & E 29 St,6122,Columbia St & Rivington St,5365,40.74172351097472,-73.97809267044067,40.71739973,-73.98016555,member
723105,98F18D8D47F851DB,classic_bike,2021-07-01 09:02:17,2021-07-01 09:24:40,2 Ave & E 29 St,6122,Columbia St & Rivington St,5365,40.74172351097472,-73.97809267044067,40.71739973,-73.98016555,member
723106,9AE537239226CE5F,classic_bike,2021-07-25 02:30:00,2021-07-25 02:43:11,Broadway & E 14 St,5905,Columbia St & Rivington St,5365,40.73454567,-73.99074142,40.71739973,-73.98016555,member
723112,F9463C24DBBF1CEF,classic_bike,2021-07-19 20:02:32,2021-07-19 20:16:54,Broadway & E 14 St,5905,Columbia St & Rivington St,5365,40.73454567,-73.99074142,40.71739973,-73.98016555,member
723151,40549BE40597F2DA,classic_bike,2021-07-18 16:41:48,2021-07-18 16:48:07,Rivington St & Chrystie St,5453,Columbia St & Rivington St,5365,40.72110063,-73.9919254,40.71739973,-73.98016555,member
723153,102EF3FF23890DED,classic_bike,2021-07-15 14:48:36,2021-07-15 14:50:20,Bialystoker Pl & Delancey St,5335,Columbia St & Rivington St,5365,40.71622644,-73.98261206,40.71739973,-73.98016555,member
723166,FC704F29DC87EFEB,classic_bike,2021-07-18 15:02:35,2021-07-18 15:04:25,Bialystoker Pl & Delancey St,5335,Columbia St & Rivington St,5365,40.71622644,-73.98261206,40.71739973,-73.98016555,casual
723202,A039B384304A71FE,classic_bike,2021-07-25 18:33:22,2021-07-25 18:48:32,Lafayette St & Jersey St,5561,Columbia St & Rivington St,5365,40.72456089,-73.99565293,40.71739973,-73.98016555,casual
723203,8050202625548620,classic_bike,2021-07-28 15:47:06,2021-07-28 15:50:17,E 5 St & Avenue C,5545,Columbia St & Rivington St,5365,40.72299208,-73.97995466,40.71739973,-73.98016555,member
723207,26DDCD5DDD08FE09,classic_bike,2021-07-28 22:10:20,2021-07-28 22:17:50,Lafayette St & Jersey St,5561,Columbia St & Rivington St,5365,40.72456089,-73.99565293,40.71739973,-73.98016555,casual
723220,29BFCF08C3772602,classic_bike,2021-07-23 08:02:55,2021-07-23 08:12:30,Allen St & Stanton St,5484,Columbia St & Rivington St,5365,40.722055,-73.989111,40.71739973,-73.98016555,member
723238,C885EBDD903C0782,classic_bike,2021-07-17 05:58:15,2021-07-17 06:03:10,Allen St & Stanton St,5484,Columbia St & Rivington St,5365,40.722055,-73.989111,40.71739973,-73.98016555,casual
723255,8E393149E37B9472,classic_bike,2021-07-25 21:27:01,2021-07-25 21:39:47,Allen St & Hester St,5342,Columbia St & Rivington St,5365,40.71605866,-73.99190759,40.71739973,-73.98016555,member
723270,C6D80606109D38DA,classic_bike,2021-07-08 20:38:59,2021-07-08 20:50:43,E 15 St & 3 Ave,5863,Columbia St & Rivington St,5365,40.734232,-73.986923,40.71739973,-73.98016555,member
723271,C3F5D312E9ABA5F0,classic_bike,2021-07-14 16:01:24,2021-07-14 16:05:39,Rivington St & Ridge St,5406,Columbia St & Rivington St,5365,40.71850211,-73.98329859,40.71739973,-73.98016555,member
723335,BFFA54ECB40831A8,electric_bike,2021-07-21 12:35:06,2021-07-21 12:41:19,Allen St & Rivington St,5414,Columbia St & Rivington St,5365,40.72019576,-73.98997825,40.71739973,-73.98016555,member
723364,02CFAA24F49F80B3,electric_bike,2021-07-13 15:21:45,2021-07-13 15:53:12,E 23 St & 1 Ave,5929,Columbia St & Rivington St,5365,40.736502,-73.97809472,40.71739973,-73.98016555,member
723425,0711D9AC7D3030F7,classic_bike,2021-07-31 08:22:34,2021-07-31 08:29:37,Allen St & Rivington St,5414,Columbia St & Rivington St,5365,40.72019576,-73.98997825,40.71739973,-73.98016555,member
723426,F6187428DBD77A46,classic_bike,2021-07-31 17:34:12,2021-07-31 17:47:23,Allen St & Rivington St,5414,Columbia St & Rivington St,5365,40.72019576,-73.98997825,40.71739973,-73.98016555,member
723481,4D700EAF914924EF,classic_bike,2021-07-20 19:21:28,2021-07-20 19:28:50,Forsyth St & Broome St,5453,Columbia St & Rivington St,5365,40.71893904,-73.99266288,40.71739973,-73.98016555,member
723502,CBBAD38E0A8C4352,classic_bike,2021-07-29 23:07:45,2021-07-29 23:14:44,Forsyth St & Broome St,5453,Columbia St & Rivington St,5365,40.71893904,-73.99266288,40.71739973,-73.98016555,casual
723527,B43DD5978ADAF3BA,classic_bike,2021-07-25 12:07:58,2021-07-25 12:20:40,Forsyth St & Broome St,5453,Columbia St & Rivington St,5365,40.71893904,-73.99266288,40.71739973,-73.98016555,casual
723549,69B9E77BF6070227,classic_bike,2021-07-14 18:03:20,2021-07-14 18:18:52,Allen St & Hester St,5342,Columbia St & Rivington St,5365,40.71605866,-73.99190759,40.71739973,-73.98016555,member
723550,DE3F1B97F4F733B4,classic_bike,2021-07-21 18:28:14,2021-07-21 18:45:47,Gansevoort St & Hudson St,6072,Columbia St & Rivington St,5365,40.73944820130404,-74.00507032871246,40.71739973,-73.98016555,member
723554,B543E95002A7AF89,classic_bike,2021-07-27 18:12:21,2021-07-27 18:20:21,Allen St & Stanton St,5484,Columbia St & Rivington St,5365,40.722055,-73.989111,40.71739973,-73.98016555,casual
723560,E76776E05F6BECF0,classic_bike,2021-07-06 09:10:42,2021-07-06 09:24:04,W 25 St & 6 Ave,6215,Columbia St & Rivington St,5365,40.74395411,-73.99144871,40.71739973,-73.98016555,casual
723729,1522C8CA79654F8F,classic_bike,2021-07-19 14:26:34,2021-07-19 14:54:03,Columbia St & Kane St,4422,Columbia St & Rivington St,5365,40.68763155,-74.0016256,40.71739973,-73.98016555,casual
723766,B933B55AC6FFCBCE,classic_bike,2021-07-12 12:55:24,2021-07-12 13:00:52,E 2 St & Avenue C,5476,Columbia St & Rivington St,5365,40.7208736,-73.98085795,40.71739973,-73.98016555,member
723769,8D36DFC030ADB62A,classic_bike,2021-07-09 14:54:04,2021-07-09 14:58:41,Stanton St & Mangin St,5326,Columbia St & Rivington St,5365,40.71782143,-73.97628939,40.71739973,-73.98016555,casual
723797,918435F26ECE3A10,electric_bike,2021-07-28 16:56:28,2021-07-28 17:07:44,Mercer St & Bleecker St,5679,Columbia St & Rivington St,5365,40.72706363348306,-73.99662137031554,40.71739973,-73.98016555,casual
723813,6D2EB41F19554EED,electric_bike,2021-07-07 20:48:59,2021-07-07 20:56:39,E 20 St & FDR Drive,5886,Columbia St & Rivington St,5365,40.73314259,-73.97573881,40.71739973,-73.98016555,member
723816,4EC10E897AD4A6C7,classic_bike,2021-07-15 14:17:46,2021-07-15 14:19:35,Bialystoker Pl & Delancey St,5335,Columbia St & Rivington St,5365,40.71622644,-73.98261206,40.71739973,-73.98016555,member
723817,951AB1A6B34E7820,classic_bike,2021-07-29 14:12:18,2021-07-29 14:14:15,Bialystoker Pl & Delancey St,5335,Columbia St & Rivington St,5365,40.71622644,-73.98261206,40.71739973,-73.98016555,member
723818,3D1BA20E9AD67642,classic_bike,2021-07-19 12:21:25,2021-07-19 12:32:26,E 20 St & FDR Drive,5886,Columbia St & Rivington St,5365,40.73314259,-73.97573881,40.71739973,-73.98016555,member
723819,489B2B140437EA35,classic_bike,2021-07-30 16:41:21,2021-07-30 16:42:55,Bialystoker Pl & Delancey St,5335,Columbia St & Rivington St,5365,40.71622644,-73.98261206,40.71739973,-73.98016555,member
723826,018F509E22BAB5A5,classic_bike,2021-07-28 18:45:08,2021-07-28 18:55:25,E 20 St & FDR Drive,5886,Columbia St & Rivington St,5365,40.73314259,-73.97573881,40.71739973,-73.98016555,casual
723830,34B83391A62E7391,classic_bike,2021-07-27 16:39:16,2021-07-27 16:55:32,E 20 St & FDR Drive,5886,Columbia St & Rivington St,5365,40.73314259,-73.97573881,40.71739973,-73.98016555,casual
723843,7D0644E6CBEFD786,classic_bike,2021-07-23 08:33:13,2021-07-23 08:42:06,St James Pl & Pearl St,5167,Columbia St & Rivington St,5365,40.71117416,-74.00016545,40.71739973,-73.98016555,member
723853,3B92C3E6210110FE,classic_bike,2021-07-30 17:12:41,2021-07-30 17:28:17,St James Pl & Pearl St,5167,Columbia St & Rivington St,5365,40.71117416,-74.00016545,40.71739973,-73.98016555,member
723854,AAE1184072F72B3A,classic_bike,2021-07-28 07:38:16,2021-07-28 07:47:32,St James Pl & Pearl St,5167,Columbia St & Rivington St,5365,40.71117416,-74.00016545,40.71739973,-73.98016555,member
723855,5503ED469B307AC5,classic_bike,2021-07-16 08:23:45,2021-07-16 08:31:29,St James Pl & Pearl St,5167,Columbia St & Rivington St,5365,40.71117416,-74.00016545,40.71739973,-73.98016555,member
723856,084F34B1773C642D,classic_bike,2021-07-24 08:36:03,2021-07-24 08:46:57,St James Pl & Pearl St,5167,Columbia St & Rivington St,5365,40.71117416,-74.00016545,40.71739973,-73.98016555,member
723857,E8721428D6676DCF,classic_bike,2021-07-30 08:42:09,2021-07-30 08:50:59,St James Pl & Pearl St,5167,Columbia St & Rivington St,5365,40.71117416,-74.00016545,40.71739973,-73.98016555,member
723867,673E3D5ED96C0AFA,classic_bike,2021-07-06 08:31:50,2021-07-06 08:40:49,St James Pl & Pearl St,5167,Columbia St & Rivington St,5365,40.71117416,-74.00016545,40.71739973,-73.98016555,member
723887,89BA4A207F26B1D1,electric_bike,2021-07-20 16:52:58,2021-07-20 17:28:02,W 10 St & Washington St,5847,Columbia St & Rivington St,5365,40.73342399437081,-74.00851495563984,40.71739973,-73.98016555,casual
723888,738432FA54400314,electric_bike,2021-07-14 19:39:24,2021-07-14 20:02:42,W 10 St & Washington St,5847,Columbia St & Rivington St,5365,40.73342399437081,-74.00851495563984,40.71739973,-73.98016555,casual
723940,F53DFCABF36717DA,classic_bike,2021-07-27 09:06:08,2021-07-27 09:15:49,Mercer St & Bleecker St,5679,Columbia St & Rivington St,5365,40.72706363348306,-73.99662137031554,40.71739973,-73.98016555,member
723954,E6AA25E95EF8B8D2,classic_bike,2021-07-21 08:58:02,2021-07-21 09:07:00,Thompson St & Bleecker St,5721,Columbia St & Rivington St,5365,40.72840059450829,-73.99968780577183,40.71739973,-73.98016555,member
723961,E2C34705F87EA983,classic_bike,2021-07-12 08:13:15,2021-07-12 08:24:49,St James Pl & Pearl St,5167,Columbia St & Rivington St,5365,40.71117416,-74.00016545,40.71739973,-73.98016555,member
723962,E88EC04C80EC9BF9,classic_bike,2021-07-07 07:24:39,2021-07-07 07:34:36,St James Pl & Pearl St,5167,Columbia St & Rivington St,5365,40.71117416,-74.00016545,40.71739973,-73.98016555,member
724033,5F4BE9332A3BF847,classic_bike,2021-07-17 10:59:11,2021-07-17 11:02:22,Rivington St & Ridge St,5406,Columbia St & Rivington St,5365,40.71850211,-73.98329859,40.71739973,-73.98016555,member
724045,82D31E54202AEC8F,classic_bike,2021-07-10 14:00:24,2021-07-10 14:06:32,Forsyth St & Broome St,5453,Columbia St & Rivington St,5365,40.71893904,-73.99266288,40.71739973,-73.98016555,member
724084,27B423E3FCFD69C1,classic_bike,2021-07-12 15:47:37,2021-07-12 15:56:56,Allen St & Rivington St,5414,Columbia St & Rivington St,5365,40.72019576,-73.98997825,40.71739973,-73.98016555,member
724097,100467DC5726FB81,electric_bike,2021-07-06 19:04:32,2021-07-06 19:16:28,Broadway & Berry St,5164,Columbia St & Rivington St,5365,40.71044554,-73.96525063,40.71739973,-73.98016555,member
724102,F23C481B23D47D18,electric_bike,2021-07-25 21:36:18,2021-07-25 21:59:09,Fulton St & William St,5137,Columbia St & Rivington St,5365,40.70960089363537,-74.00655090808868,40.71739973,-73.98016555,member
724166,15EF8669ECF27DF1,classic_bike,2021-07-23 18:09:30,2021-07-23 18:24:54,Barrow St & Hudson St,5805,Columbia St & Rivington St,5365,40.73172428,-74.00674436,40.71739973,-73.98016555,member
724179,40FECE14272294A9,classic_bike,2021-07-07 17:45:59,2021-07-07 18:03:29,Barrow St & Hudson St,5805,Columbia St & Rivington St,5365,40.73172428,-74.00674436,40.71739973,-73.98016555,member
724202,D67A6C1D7A9DF414,classic_bike,2021-07-15 01:38:03,2021-07-15 01:55:26,Barrow St & Hudson St,5805,Columbia St & Rivington St,5365,40.73172428,-74.00674436,40.71739973,-73.98016555,casual
724252,F762EBAD8C750A30,classic_bike,2021-07-17 09:04:26,2021-07-17 09:08:52,Delancey St & Eldridge St,5414,Columbia St & Rivington St,5365,40.719383,-73.991479,40.71739973,-73.98016555,member
724313,563F7BACD13BB6FB,electric_bike,2021-07-13 18:43:49,2021-07-13 19:10:09,Grand St & Havemeyer St,5267,Columbia St & Rivington St,5365,40.71286844,-73.95698119,40.71739973,-73.98016555,member
724316,40AB5546B13464D2,electric_bike,2021-07-01 11:17:51,2021-07-01 11:23:33,Rivington St & Chrystie St,5453,Columbia St & Rivington St,5365,40.72110063,-73.9919254,40.71739973,-73.98016555,casual
724390,6220180B5685F92F,electric_bike,2021-07-19 19:48:46,2021-07-19 19:58:04,E 12 St & Ave C,5616,Columbia St & Rivington St,5365,40.727243,-73.976831,40.71739973,-73.98016555,member
724402,99412A0DF3BE5E30,classic_bike,2021-07-13 07:42:00,2021-07-13 07:53:33,St James Pl & Pearl St,5167,Columbia St & Rivington St,5365,40.71117416,-74.00016545,40.71739973,-73.98016555,member
724408,94752004AE4A7446,classic_bike,2021-07-23 08:46:18,2021-07-23 08:52:24,Stanton St & Mangin St,5326,Columbia St & Rivington St,5365,40.71782143,-73.97628939,40.71739973,-73.98016555,member
724409,560AF21E59D64E18,classic_bike,2021-07-13 17:03:11,2021-07-13 17:12:33,Madison St & Montgomery St,5262,Columbia St & Rivington St,5365,40.713126,-73.984844,40.71739973,-73.98016555,member
724410,C58F94135BC22AD1,classic_bike,2021-07-27 17:08:53,2021-07-27 17:17:11,Madison St & Montgomery St,5262,Columbia St & Rivington St,5365,40.713126,-73.984844,40.71739973,-73.98016555,member
724413,A6CCAEF93DE27FF1,classic_bike,2021-07-26 13:05:09,2021-07-26 13:10:03,E 3 St & 1 Ave,5553,Columbia St & Rivington St,5365,40.72467721,-73.98783413,40.71739973,-73.98016555,member
724417,68889DE25F964CD7,classic_bike,2021-07-31 20:38:16,2021-07-31 21:00:28,E 11 St & 3 Ave,5788,Columbia St & Rivington St,5365,40.73127,-73.98849,40.71739973,-73.98016555,member
724444,6FD321E5EE54F908,electric_bike,2021-07-19 17:03:52,2021-07-19 17:14:42,Grand St & Havemeyer St,5267,Columbia St & Rivington St,5365,40.71286844,-73.95698119,40.71739973,-73.98016555,casual
724452,339961A002937E35,electric_bike,2021-07-11 08:19:57,2021-07-11 08:23:59,Allen St & Rivington St,5414,Columbia St & Rivington St,5365,40.72019576,-73.98997825,40.71739973,-73.98016555,member
724486,E4435CC1442EBD91,electric_bike,2021-07-28 12:14:15,2021-07-28 12:17:49,Allen St & Rivington St,5414,Columbia St & Rivington St,5365,40.72019576,-73.98997825,40.71739973,-73.98016555,member
724491,1A49456D6DEB3E86,classic_bike,2021-07-10 07:07:08,2021-07-10 07:09:40,E 2 St & Avenue C,5476,Columbia St & Rivington St,5365,40.7208736,-73.98085795,40.71739973,-73.98016555,member
724492,D3E83D72DBF18DF8,electric_bike,2021-07-10 19:49:16,2021-07-10 19:51:52,E 2 St & Avenue C,5476,Columbia St & Rivington St,5365,40.7208736,-73.98085795,40.71739973,-73.98016555,member
724559,13ED0FC2A7F5741F,classic_bike,2021-07-21 17:22:20,2021-07-21 17:26:58,E 6 St & Avenue D,5506,Columbia St & Rivington St,5365,40.72228087,-73.97668709,40.71739973,-73.98016555,member
724560,90C20471952A1A96,classic_bike,2021-07-15 19:13:24,2021-07-15 19:24:16,E 6 St & Avenue D,5506,Columbia St & Rivington St,5365,40.72228087,-73.97668709,40.71739973,-73.98016555,member
724583,1380F5B860E64E63,electric_bike,2021-07-31 01:49:55,2021-07-31 02:28:56,23 Rd & 29 St,7082,Columbia St & Rivington St,5365,40.77406014982225,-73.914934694767,40.71739973,-73.98016555,member
724622,1422B4CC56A96CF8,electric_bike,2021-07-05 16:47:25,2021-07-05 17:07:53,E 12 St & Ave C,5616,Columbia St & Rivington St,5365,40.727243,-73.976831,40.71739973,-73.98016555,member
724741,FB60721AE1C99F47,classic_bike,2021-07-16 15:28:00,2021-07-16 15:35:13,Forsyth St & Broome St,5453,Columbia St & Rivington St,5365,40.71893904,-73.99266288,40.71739973,-73.98016555,member
724757,179E8369DA32080A,classic_bike,2021-07-15 17:52:57,2021-07-15 18:06:21,Market St & Cherry St,5198,Columbia St & Rivington St,5365,40.71076228,-73.99400398,40.71739973,-73.98016555,casual
724761,1DF6D6694C9BAB87,classic_bike,2021-07-26 18:51:43,2021-07-26 19:03:15,Market St & Cherry St,5198,Columbia St & Rivington St,5365,40.71076228,-73.99400398,40.71739973,-73.98016555,member
724765,F5EB9168CB1B3692,classic_bike,2021-07-19 17:22:05,2021-07-19 17:41:54,Duffield St & Willoughby St,4596,Columbia St & Rivington St,5365,40.69221589,-73.9842844,40.71739973,-73.98016555,member
724781,1B1B60B259809018,classic_bike,2021-07-07 16:39:18,2021-07-07 16:47:58,E 11 St & 1 Ave,5746,Columbia St & Rivington St,5365,40.72953837,-73.98426726,40.71739973,-73.98016555,member
724792,8D96F027F5776648,electric_bike,2021-07-18 11:08:28,2021-07-18 11:21:55,Stanton St & Chrystie St,5523,Columbia St & Rivington St,5365,40.72229346,-73.99147535,40.71739973,-73.98016555,member
724814,842947FBBEAE733F,electric_bike,2021-07-21 18:28:27,2021-07-21 18:48:14,S 5 Pl & S 5 St,5125,Columbia St & Rivington St,5365,40.710451,-73.960876,40.71739973,-73.98016555,casual
724823,CFE2FA90CD4F1D7A,classic_bike,2021-07-04 21:28:11,2021-07-04 22:07:30,Centre St & Chambers St,5207,Columbia St & Rivington St,5365,40.71273266,-74.0046073,40.71739973,-73.98016555,casual
724858,23B7BABD8A906104,classic_bike,2021-07-04 21:27:35,2021-07-04 22:07:29,Centre St & Chambers St,5207,Columbia St & Rivington St,5365,40.71273266,-74.0046073,40.71739973,-73.98016555,casual
724860,139D8F40B9922BCD,classic_bike,2021-07-23 18:14:25,2021-07-23 18:27:51,Centre St & Chambers St,5207,Columbia St & Rivington St,5365,40.71273266,-74.0046073,40.71739973,-73.98016555,casual
724863,D0BF3A06E202E8B1,classic_bike,2021-07-23 18:14:33,2021-07-23 18:27:26,Centre St & Chambers St,5207,Columbia St & Rivington St,5365,40.71273266,-74.0046073,40.71739973,-73.98016555,member
724880,BEB2389CAE5466A3,classic_bike,2021-07-14 20:46:24,2021-07-14 20:52:41,Forsyth St & Broome St,5453,Columbia St & Rivington St,5365,40.71893904,-73.99266288,40.71739973,-73.98016555,member
724915,3306F60B7C889767,classic_bike,2021-07-27 16:39:22,2021-07-27 16:49:01,Stanton St & Chrystie St,5523,Columbia St & Rivington St,5365,40.72229346,-73.99147535,40.71739973,-73.98016555,member
724924,56E02EF6A7AB2529,classic_bike,2021-07-05 20:06:58,2021-07-05 20:26:09,Broadway & W 29 St,6289,Columbia St & Rivington St,5365,40.7462009,-73.98855723,40.71739973,-73.98016555,member
724957,477BEB75341E2B76,classic_bike,2021-07-04 21:26:58,2021-07-04 22:07:23,Centre St & Chambers St,5207,Columbia St & Rivington St,5365,40.71273266,-74.0046073,40.71739973,-73.98016555,casual
724976,A34A17603661762C,classic_bike,2021-07-09 08:17:28,2021-07-09 08:30:08,St James Pl & Pearl St,5167,Columbia St & Rivington St,5365,40.71117416,-74.00016545,40.71739973,-73.98016555,member
724977,DD428909B71CEE37,classic_bike,2021-07-20 07:46:34,2021-07-20 07:59:34,St James Pl & Pearl St,5167,Columbia St & Rivington St,5365,40.71117416,-74.00016545,40.71739973,-73.98016555,member
724978,0C84BF0508CF1C52,classic_bike,2021-07-15 07:58:00,2021-07-15 08:08:58,St James Pl & Pearl St,5167,Columbia St & Rivington St,5365,40.71117416,-74.00016545,40.71739973,-73.98016555,member
724979,4C55160A49F12432,classic_bike,2021-07-27 07:25:11,2021-07-27 07:36:32,St James Pl & Pearl St,5167,Columbia St & Rivington St,5365,40.71117416,-74.00016545,40.71739973,-73.98016555,member
724981,5E083A2CFF335175,classic_bike,2021-07-08 08:36:06,2021-07-08 08:46:19,St James Pl & Pearl St,5167,Columbia St & Rivington St,5365,40.71117416,-74.00016545,40.71739973,-73.98016555,member
724982,2FF0D57BD22063EA,classic_bike,2021-07-26 07:46:00,2021-07-26 07:57:46,St James Pl & Pearl St,5167,Columbia St & Rivington St,5365,40.71117416,-74.00016545,40.71739973,-73.98016555,member
724983,A4DB1F40B8C7D9B6,classic_bike,2021-07-22 08:02:05,2021-07-22 08:12:29,St James Pl & Pearl St,5167,Columbia St & Rivington St,5365,40.71117416,-74.00016545,40.71739973,-73.98016555,member
724984,B61C258E1C24C1A5,classic_bike,2021-07-06 08:00:28,2021-07-06 08:11:11,St James Pl & Pearl St,5167,Columbia St & Rivington St,5365,40.71117416,-74.00016545,40.71739973,-73.98016555,member
725095,4BB3CA01A64DC882,classic_bike,2021-07-11 20:47:45,2021-07-11 20:54:38,Forsyth St & Broome St,5453,Columbia St & Rivington St,5365,40.71893904,-73.99266288,40.71739973,-73.98016555,member
725103,5BD4C92863B22F53,electric_bike,2021-07-01 23:04:30,2021-07-01 23:06:37,E 2 St & Avenue C,5476,Columbia St & Rivington St,5365,40.7208736,-73.98085795,40.71739973,-73.98016555,member
725134,2DC2CE8B6921E99E,classic_bike,2021-07-21 14:36:37,2021-07-21 14:48:49,Bayard St & Baxter St,5351,Columbia St & Rivington St,5365,40.71602118,-73.99974372,40.71739973,-73.98016555,member
725172,C04771F83A6468C3,classic_bike,2021-07-21 20:05:35,2021-07-21 20:21:49,Bayard St & Baxter St,5351,Columbia St & Rivington St,5365,40.71602118,-73.99974372,40.71739973,-73.98016555,member
725193,2EC7380198BD255E,classic_bike,2021-07-23 17:22:11,2021-07-23 18:01:15,2 Ave & E 104 St,7436,Columbia St & Rivington St,5365,40.7892105,-73.94370784,40.71739973,-73.98016555,member
725218,4A6F11D0C047DA40,classic_bike,2021-07-27 18:27:40,2021-07-27 18:31:03,Stanton St & Mangin St,5326,Columbia St & Rivington St,5365,40.71782143,-73.97628939,40.71739973,-73.98016555,casual
725237,94077DD681BCB3B0,electric_bike,2021-07-05 09:15:06,2021-07-05 09:27:14,Stanton St & Mangin St,5326,Columbia St & Rivington St,5365,40.71782143,-73.97628939,40.71739973,-73.98016555,casual
725238,BDF850907A097EE1,classic_bike,2021-07-30 13:31:19,2021-07-30 13:36:02,Stanton St & Mangin St,5326,Columbia St & Rivington St,5365,40.71782143,-73.97628939,40.71739973,-73.98016555,member
725256,7BA2E0F2C2E82184,classic_bike,2021-07-20 18:32:37,2021-07-20 18:40:20,Pike St & E Broadway,5270,Columbia St & Rivington St,5365,40.71406667,-73.99293911,40.71739973,-73.98016555,member
725258,B26BC099AE1D737D,classic_bike,2021-07-26 18:22:51,2021-07-26 18:31:56,Pike St & E Broadway,5270,Columbia St & Rivington St,5365,40.71406667,-73.99293911,40.71739973,-73.98016555,member
725273,30AC948CE9828A1C,classic_bike,2021-07-10 19:41:50,2021-07-10 19:45:53,E 6 St & Avenue D,5506,Columbia St & Rivington St,5365,40.72228087,-73.97668709,40.71739973,-73.98016555,member
725277,30E019EF43DF360E,classic_bike,2021-07-14 09:42:01,2021-07-14 09:46:29,E 6 St & Avenue D,5506,Columbia St & Rivington St,5365,40.72228087,-73.97668709,40.71739973,-73.98016555,member
725280,B26813676B897FE3,classic_bike,2021-07-01 07:45:18,2021-07-01 07:53:50,E 14 St & Avenue B,5736,Columbia St & Rivington St,5365,40.72938685,-73.97772429,40.71739973,-73.98016555,member
725282,BA3C007C22BEA0DD,electric_bike,2021-07-02 00:07:57,2021-07-02 00:13:09,E 2 St & Avenue A,5553,Columbia St & Rivington St,5365,40.72307749068673,-73.98583620786667,40.71739973,-73.98016555,member
725285,CD8A70640D948EB4,electric_bike,2021-07-05 19:10:04,2021-07-05 19:21:24,E 6 St & Avenue D,5506,Columbia St & Rivington St,5365,40.72228087,-73.97668709,40.71739973,-73.98016555,member
725291,C30DE1735EDA00DF,electric_bike,2021-07-16 14:34:24,2021-07-16 15:09:37,E 10 St & Avenue A,5659,Columbia St & Rivington St,5365,40.72740794,-73.98142006,40.71739973,-73.98016555,casual
725303,102ED8D7BD9286C1,classic_bike,2021-07-10 04:11:00,2021-07-10 04:16:22,E 6 St & Avenue B,5584,Columbia St & Rivington St,5365,40.72453734,-73.98185424,40.71739973,-73.98016555,member
725304,F4C92530B7053103,electric_bike,2021-07-13 17:48:17,2021-07-13 17:53:23,E 10 St & Avenue A,5659,Columbia St & Rivington St,5365,40.72740794,-73.98142006,40.71739973,-73.98016555,member
725312,4633D9C0D44CA48D,classic_bike,2021-07-14 15:15:15,2021-07-14 15:19:19,E 6 St & Avenue D,5506,Columbia St & Rivington St,5365,40.72228087,-73.97668709,40.71739973,-73.98016555,member
725345,E8D52165BF8117C9,classic_bike,2021-07-31 11:19:53,2021-07-31 12:21:26,Rivington St & Ridge St,5406,Columbia St & Rivington St,5365,40.71850211,-73.98329859,40.71739973,-73.98016555,member
725352,95CC0F5B4CF3B21F,classic_bike,2021-07-24 01:53:35,2021-07-24 02:02:19,Rivington St & Ridge St,5406,Columbia St & Rivington St,5365,40.71850211,-73.98329859,40.71739973,-73.98016555,member
725395,3792484A19D1373D,electric_bike,2021-07-18 17:03:19,2021-07-18 17:21:00,Montrose Ave & Bushwick Ave,5068,Columbia St & Rivington St,5365,40.70767788,-73.94016171,40.71739973,-73.98016555,casual
725403,EBDBCD56C1616F5D,classic_bike,2021-07-07 18:41:11,2021-07-07 18:59:32,Rivington St & Ridge St,5406,Columbia St & Rivington St,5365,40.71850211,-73.98329859,40.71739973,-73.98016555,member
725423,91CDD2B878DA22A6,electric_bike,2021-07-02 18:51:52,2021-07-02 18:59:02,E 12 St & Ave C,5616,Columbia St & Rivington St,5365,40.727243,-73.976831,40.71739973,-73.98016555,member
725438,B0C6C0F2BE95C055,electric_bike,2021-07-03 00:28:36,2021-07-03 00:40:14,Great Jones St,5636,Columbia St & Rivington St,5365,40.72743423,-73.99379025,40.71739973,-73.98016555,member
725509,2C9237F41F26266A,classic_bike,2021-07-21 19:13:13,2021-07-21 19:33:21,Metropolitan Ave & Bedford Ave,5308,Columbia St & Rivington St,5365,40.71534825,-73.96024116,40.71739973,-73.98016555,member
725544,BDCDD7433612C0AD,classic_bike,2021-07-16 10:20:24,2021-07-16 10:47:59,Metropolitan Ave & Bedford Ave,5308,Columbia St & Rivington St,5365,40.71534825,-73.96024116,40.71739973,-73.98016555,member
725567,19B6A61EBD12D24E,classic_bike,2021-07-22 06:14:19,2021-07-22 06:18:40,Ave D & E 8 St,5506,Columbia St & Rivington St,5365,40.72368361,-73.97574813,40.71739973,-73.98016555,member
725598,EA570BFE669075FC,electric_bike,2021-07-20 06:46:49,2021-07-20 06:58:50,1 Ave & E 30 St,6079,Columbia St & Rivington St,5365,40.74144387,-73.97536082,40.71739973,-73.98016555,member
725621,90224A3CA15BB6C7,classic_bike,2021-07-17 01:35:46,2021-07-17 01:40:10,Rivington St & Ridge St,5406,Columbia St & Rivington St,5365,40.71850211,-73.98329859,40.71739973,-73.98016555,casual
725623,365CFF8766F1C9B1,classic_bike,2021-07-26 15:25:52,2021-07-26 15:39:19,Rivington St & Ridge St,5406,Columbia St & Rivington St,5365,40.71850211,-73.98329859,40.71739973,-73.98016555,member
725631,8C3341E840F5FB4C,classic_bike,2021-07-03 09:30:37,2021-07-03 09:39:57,Rivington St & Ridge St,5406,Columbia St & Rivington St,5365,40.71850211,-73.98329859,40.71739973,-73.98016555,member
725634,A8A0F53F7291D75A,classic_bike,2021-07-08 15:00:15,2021-07-08 15:01:49,Rivington St & Ridge St,5406,Columbia St & Rivington St,5365,40.71850211,-73.98329859,40.71739973,-73.98016555,member
725636,B58625E54B1541DB,electric_bike,2021-07-07 18:04:18,2021-07-07 18:27:57,Rivington St & Ridge St,5406,Columbia St & Rivington St,5365,40.71850211,-73.98329859,40.71739973,-73.98016555,member
725659,2FA85D226C049189,classic_bike,2021-07-16 02:00:53,2021-07-16 02:17:40,E 3 St & 1 Ave,5553,Columbia St & Rivington St,5365,40.72467721,-73.98783413,40.71739973,-73.98016555,casual
725704,DD2155CC69539732,classic_bike,2021-07-28 18:44:47,2021-07-28 18:48:46,Delancey St & Eldridge St,5414,Columbia St & Rivington St,5365,40.719383,-73.991479,40.71739973,-73.98016555,member
725887,8DDD3911B82717B1,classic_bike,2021-07-04 11:47:32,2021-07-04 11:52:12,Rivington St & Ridge St,5406,Columbia St & Rivington St,5365,40.71850211,-73.98329859,40.71739973,-73.98016555,member
725899,0D1539F2327F0264,classic_bike,2021-07-10 04:05:04,2021-07-10 04:07:52,Rivington St & Ridge St,5406,Columbia St & Rivington St,5365,40.71850211,-73.98329859,40.71739973,-73.98016555,casual
725935,72EEC9025A790BA9,classic_bike,2021-07-08 14:05:30,2021-07-08 14:09:53,Madison St & Montgomery St,5262,Columbia St & Rivington St,5365,40.713126,-73.984844,40.71739973,-73.98016555,member
725936,316360C446958CC4,classic_bike,2021-07-14 10:41:50,2021-07-14 10:45:33,Madison St & Montgomery St,5262,Columbia St & Rivington St,5365,40.713126,-73.984844,40.71739973,-73.98016555,member
725956,75B69443806CB1C6,classic_bike,2021-07-13 13:03:00,2021-07-13 13:36:47,Clinton St\t& Cherry St,5190,Columbia St & Rivington St,5365,40.711471394469264,-73.98672603070736,40.71739973,-73.98016555,member
725959,4AE353BCD6C67D2D,classic_bike,2021-07-03 20:18:43,2021-07-03 20:28:19,Clinton St & Grand St,5303,Columbia St & Rivington St,5365,40.71559509,-73.9870295,40.71739973,-73.98016555,casual
725961,0B503EEB89D9B129,electric_bike,2021-07-22 13:35:56,2021-07-22 13:39:23,Clinton St & Grand St,5303,Columbia St & Rivington St,5365,40.71559509,-73.9870295,40.71739973,-73.98016555,member
725963,696B985AFBF20292,classic_bike,2021-07-19 16:46:28,2021-07-19 17:05:17,Clinton St & Grand St,5303,Columbia St & Rivington St,5365,40.71559509,-73.9870295,40.71739973,-73.98016555,member
725965,AA018EA9F750242F,electric_bike,2021-07-17 14:40:15,2021-07-17 14:42:30,Clinton St & Grand St,5303,Columbia St & Rivington St,5365,40.71559509,-73.9870295,40.71739973,-73.98016555,member
725968,E544952F855CC70B,electric_bike,2021-07-20 18:10:49,2021-07-20 18:25:28,St James Pl & Pearl St,5167,Columbia St & Rivington St,5365,40.71117416,-74.00016545,40.71739973,-73.98016555,member
725980,2987361B13C44C40,classic_bike,2021-07-23 21:04:56,2021-07-23 21:09:03,Clinton St & Grand St,5303,Columbia St & Rivington St,5365,40.71559509,-73.9870295,40.71739973,-73.98016555,member
725983,66CC18D174B15808,classic_bike,2021-07-25 15:16:28,2021-07-25 15:20:07,Clinton St & Grand St,5303,Columbia St & Rivington St,5365,40.71559509,-73.9870295,40.71739973,-73.98016555,member
725987,87B93641415B1DAC,electric_bike,2021-07-06 18:09:16,2021-07-06 18:13:09,Clinton St & Grand St,5303,Columbia St & Rivington St,5365,40.71559509,-73.9870295,40.71739973,-73.98016555,member
725988,144B401215EEB733,classic_bike,2021-07-29 22:39:56,2021-07-29 22:43:29,Clinton St & Grand St,5303,Columbia St & Rivington St,5365,40.71559509,-73.9870295,40.71739973,-73.98016555,member
725989,D2110FAF60CA2535,classic_bike,2021-07-22 07:30:02,2021-07-22 07:34:45,Clinton St\t& Cherry St,5190,Columbia St & Rivington St,5365,40.711471394469264,-73.98672603070736,40.71739973,-73.98016555,member
725993,30C29600210E28C2,classic_bike,2021-07-20 15:46:10,2021-07-20 15:53:40,Clinton St\t& Cherry St,5190,Columbia St & Rivington St,5365,40.711471394469264,-73.98672603070736,40.71739973,-73.98016555,member
725994,89C48A1EB3A305C4,classic_bike,2021-07-11 18:17:12,2021-07-11 18:22:47,Clinton St & Grand St,5303,Columbia St & Rivington St,5365,40.71559509,-73.9870295,40.71739973,-73.98016555,member
726008,72886E95BDAB8A93,classic_bike,2021-07-29 13:53:32,2021-07-29 14:03:38,Clinton St & Grand St,5303,Columbia St & Rivington St,5365,40.71559509,-73.9870295,40.71739973,-73.98016555,casual
726010,681E7FFB7E4AE6B3,electric_bike,2021-07-21 12:12:40,2021-07-21 12:16:05,Clinton St & Grand St,5303,Columbia St & Rivington St,5365,40.71559509,-73.9870295,40.71739973,-73.98016555,member
726018,AAA1A1242C01BF47,classic_bike,2021-07-27 14:20:46,2021-07-27 14:28:51,Clinton St\t& Cherry St,5190,Columbia St & Rivington St,5365,40.711471394469264,-73.98672603070736,40.71739973,-73.98016555,member
726023,BF9AE376E8EBAFA1,electric_bike,2021-07-16 16:22:52,2021-07-16 16:26:10,Clinton St & Grand St,5303,Columbia St & Rivington St,5365,40.71559509,-73.9870295,40.71739973,-73.98016555,member
726024,BA9CF44269254874,classic_bike,2021-07-02 12:00:57,2021-07-02 12:04:37,Clinton St & Grand St,5303,Columbia St & Rivington St,5365,40.71559509,-73.9870295,40.71739973,-73.98016555,member
726038,B491F4D6E7CDDECC,classic_bike,2021-07-04 23:19:37,2021-07-04 23:59:56,Hope St & Union Ave,5187,Columbia St & Rivington St,5365,40.71167351,-73.95141312,40.71739973,-73.98016555,member
726047,B5319871AA0A2721,classic_bike,2021-07-26 15:48:38,2021-07-26 15:52:38,Clinton St & Grand St,5303,Columbia St & Rivington St,5365,40.71559509,-73.9870295,40.71739973,-73.98016555,member
726054,F367B87821A92783,classic_bike,2021-07-23 20:30:32,2021-07-23 20:34:22,Clinton St & Grand St,5303,Columbia St & Rivington St,5365,40.71559509,-73.9870295,40.71739973,-73.98016555,member
726080,D89A423CEEEA017B,classic_bike,2021-07-19 18:01:03,2021-07-19 18:23:08,Clinton St & Grand St,5303,Columbia St & Rivington St,5365,40.71559509,-73.9870295,40.71739973,-73.98016555,member
726094,98E39A15A74BF3FB,electric_bike,2021-07-07 19:20:04,2021-07-07 19:23:09,Clinton St & Grand St,5303,Columbia St & Rivington St,5365,40.71559509,-73.9870295,40.71739973,-73.98016555,member
726122,499D5B421856EF40,electric_bike,2021-07-12 21:51:25,2021-07-12 22:14:44,Clinton St & Grand St,5303,Columbia St & Rivington St,5365,40.71559509,-73.9870295,40.71739973,-73.98016555,member
726123,F13665CF215C0D65,docked_bike,2021-07-03 20:18:10,2021-07-03 20:28:57,Clinton St & Grand St,5303,Columbia St & Rivington St,5365,40.715595,-73.98703,40.7174,-73.980166,casual
726124,C6F6D3E576DE0279,classic_bike,2021-07-24 11:48:18,2021-07-24 11:54:11,Clinton St & Grand St,5303,Columbia St & Rivington St,5365,40.71559509,-73.9870295,40.71739973,-73.98016555,member
726125,5FFE9868B0D0CDC2,classic_bike,2021-07-26 21:04:56,2021-07-26 21:09:23,Clinton St & Grand St,5303,Columbia St & Rivington St,5365,40.71559509,-73.9870295,40.71739973,-73.98016555,member
726126,1AFDAA5775E066E7,docked_bike,2021-07-03 20:17:20,2021-07-03 20:28:57,Clinton St & Grand St,5303,Columbia St & Rivington St,5365,40.715595,-73.98703,40.7174,-73.980166,casual
726128,7F3479C7A37EA5A7,classic_bike,2021-07-28 14:56:11,2021-07-28 15:00:58,Clinton St & Grand St,5303,Columbia St & Rivington St,5365,40.71559509,-73.9870295,40.71739973,-73.98016555,member
726130,CA2C7A1939A39B5F,electric_bike,2021-07-15 21:37:23,2021-07-15 21:40:26,Clinton St & Grand St,5303,Columbia St & Rivington St,5365,40.71559509,-73.9870295,40.71739973,-73.98016555,member
726157,040F826FFB8320FE,classic_bike,2021-07-21 07:49:16,2021-07-21 07:53:51,Clinton St\t& Cherry St,5190,Columbia St & Rivington St,5365,40.711471394469264,-73.98672603070736,40.71739973,-73.98016555,member
726158,992B1B656E821366,classic_bike,2021-07-26 14:01:25,2021-07-26 14:05:51,Clinton St & Grand St,5303,Columbia St & Rivington St,5365,40.71559509,-73.9870295,40.71739973,-73.98016555,member
726160,C4493A8480A4353F,electric_bike,2021-07-23 14:28:35,2021-07-23 14:31:43,Clinton St & Grand St,5303,Columbia St & Rivington St,5365,40.71559509,-73.9870295,40.71739973,-73.98016555,member
726162,3ADEF2C39783FD14,classic_bike,2021-07-09 13:13:54,2021-07-09 13:18:23,Clinton St & Grand St,5303,Columbia St & Rivington St,5365,40.71559509,-73.9870295,40.71739973,-73.98016555,member
726164,B5C22CE4B20DFD1D,classic_bike,2021-07-05 12:54:58,2021-07-05 12:59:57,Clinton St & Grand St,5303,Columbia St & Rivington St,5365,40.71559509,-73.9870295,40.71739973,-73.98016555,member
726169,DBE39CA859DA746B,classic_bike,2021-07-16 16:14:34,2021-07-16 16:20:32,Clinton St\t& Cherry St,5190,Columbia St & Rivington St,5365,40.711471394469264,-73.98672603070736,40.71739973,-73.98016555,member
726174,B54AFA4FE254773E,classic_bike,2021-07-26 21:52:29,2021-07-26 21:56:22,Clinton St & Grand St,5303,Columbia St & Rivington St,5365,40.71559509,-73.9870295,40.71739973,-73.98016555,member
726176,001C7864A0BB67DD,electric_bike,2021-07-16 16:43:21,2021-07-16 16:48:18,Clinton St\t& Cherry St,5190,Columbia St & Rivington St,5365,40.711471394469264,-73.98672603070736,40.71739973,-73.98016555,member
726177,A6594B446DD80BA0,classic_bike,2021-07-30 14:54:22,2021-07-30 14:59:56,Clinton St & Grand St,5303,Columbia St & Rivington St,5365,40.71559509,-73.9870295,40.71739973,-73.98016555,member
726210,42C4DA71BA74EA55,classic_bike,2021-07-18 18:14:22,2021-07-18 18:21:16,Allen St & Hester St,5342,Columbia St & Rivington St,5365,40.71605866,-73.99190759,40.71739973,-73.98016555,member
726211,DB3CF1540B1012BA,classic_bike,2021-07-05 22:08:18,2021-07-05 22:14:01,Allen St & Hester St,5342,Columbia St & Rivington St,5365,40.71605866,-73.99190759,40.71739973,-73.98016555,member
726257,91F89E5D6636DA35,classic_bike,2021-07-17 08:22:52,2021-07-17 08:36:55,E 20 St & 2 Ave,5971,Columbia St & Rivington St,5365,40.73587678,-73.98205027,40.71739973,-73.98016555,member
726345,532EC937004C17FD,classic_bike,2021-07-22 18:38:56,2021-07-22 19:03:12,E 20 St & 2 Ave,5971,Columbia St & Rivington St,5365,40.73587678,-73.98205027,40.71739973,-73.98016555,casual
726408,CE932BE095354FFA,classic_bike,2021-07-26 21:05:21,2021-07-26 21:09:22,Clinton St & Grand St,5303,Columbia St & Rivington St,5365,40.71559509,-73.9870295,40.71739973,-73.98016555,member
726413,6A54AC711CCBC0EA,classic_bike,2021-07-23 14:22:25,2021-07-23 14:49:55,Clinton St & Grand St,5303,Columbia St & Rivington St,5365,40.71559509,-73.9870295,40.71739973,-73.98016555,member
726422,25C6DB83BA2C2D5C,classic_bike,2021-07-31 19:55:02,2021-07-31 19:59:49,Clinton St & Grand St,5303,Columbia St & Rivington St,5365,40.71559509,-73.9870295,40.71739973,-73.98016555,member
726426,0994C23B20820B13,classic_bike,2021-07-28 14:11:23,2021-07-28 14:15:19,Clinton St & Grand St,5303,Columbia St & Rivington St,5365,40.71559509,-73.9870295,40.71739973,-73.98016555,member
726429,649691B11FDAF4F5,classic_bike,2021-07-17 11:02:38,2021-07-17 11:06:24,Clinton St & Grand St,5303,Columbia St & Rivington St,5365,40.71559509,-73.9870295,40.71739973,-73.98016555,member
726432,1433BE0970CDA2A4,classic_bike,2021-07-02 11:36:31,2021-07-02 11:46:51,Clinton St\t& Cherry St,5190,Columbia St & Rivington St,5365,40.711471394469264,-73.98672603070736,40.71739973,-73.98016555,member
726434,E751046DF22824AD,classic_bike,2021-07-21 14:36:20,2021-07-21 14:40:18,Clinton St & Grand St,5303,Columbia St & Rivington St,5365,40.71559509,-73.9870295,40.71739973,-73.98016555,member
726436,90F555C6189F6500,classic_bike,2021-07-24 22:39:30,2021-07-24 22:46:18,Clinton St\t& Cherry St,5190,Columbia St & Rivington St,5365,40.711471394469264,-73.98672603070736,40.71739973,-73.98016555,member
726476,728DF719838B2988,classic_bike,2021-07-03 21:18:10,2021-07-03 21:24:13,Canal St & Rutgers St,5303,Columbia St & Rivington St,5365,40.71427487,-73.98990025,40.71739973,-73.98016555,member
726477,967814ED4BB0B5CF,electric_bike,2021-07-04 14:25:06,2021-07-04 14:28:39,Canal St & Rutgers St,5303,Columbia St & Rivington St,5365,40.71427487,-73.98990025,40.71739973,-73.98016555,member
726504,40878F0B35E5AFA3,electric_bike,2021-07-12 12:40:23,2021-07-12 12:56:35,W 15 St & 7 Ave,6030,Columbia St & Rivington St,5365,40.73935542,-73.99931783,40.71739973,-73.98016555,member
726516,69082F9F4C36D622,classic_bike,2021-07-24 12:45:42,2021-07-24 12:50:34,Canal St & Rutgers St,5303,Columbia St & Rivington St,5365,40.71427487,-73.98990025,40.71739973,-73.98016555,casual
726543,C3090E1D6E9E3FEF,electric_bike,2021-07-25 19:29:22,2021-07-25 20:00:22,W 15 St & 7 Ave,6030,Columbia St & Rivington St,5365,40.73935542,-73.99931783,40.71739973,-73.98016555,member
726620,169D9C0B0CEAF883,electric_bike,2021-07-28 12:02:23,2021-07-28 12:07:29,Canal St & Rutgers St,5303,Columbia St & Rivington St,5365,40.71427487,-73.98990025,40.71739973,-73.98016555,member
726627,6256CF862A7C6859,electric_bike,2021-07-18 21:43:43,2021-07-18 22:02:30,W 15 St & 7 Ave,6030,Columbia St & Rivington St,5365,40.73935542,-73.99931783,40.71739973,-73.98016555,member
726754,2B80257356FDE038,classic_bike,2021-07-21 07:04:42,2021-07-21 07:23:15,W 15 St & 7 Ave,6030,Columbia St & Rivington St,5365,40.73935542,-73.99931783,40.71739973,-73.98016555,casual
726817,656B97657C677F9F,electric_bike,2021-07-27 12:45:31,2021-07-27 13:00:05,Allen St & Rivington St,5414,Columbia St & Rivington St,5365,40.72019576,-73.98997825,40.71739973,-73.98016555,member
726861,3C63AD644A63A9D4,classic_bike,2021-07-05 19:43:16,2021-07-05 19:50:43,Avenue C & E 18 St,5769,Columbia St & Rivington St,5365,40.730563,-73.973984,40.71739973,-73.98016555,member
726892,1B88038195DB089A,electric_bike,2021-07-06 13:52:57,2021-07-06 14:12:16,Murray St & Greenwich St,5288,Columbia St & Rivington St,5365,40.71485150526252,-74.01122331619263,40.71739973,-73.98016555,casual
726894,C5F9A44A64D2CD00,electric_bike,2021-07-22 18:48:12,2021-07-22 19:11:22,Union Ave & N 12 St,5411,Columbia St & Rivington St,5365,40.71924,-73.95242,40.71739973,-73.98016555,casual
726928,210A5452926BA0AF,classic_bike,2021-07-21 12:29:04,2021-07-21 12:37:08,Suffolk St & Stanton St,5445,Columbia St & Rivington St,5365,40.72066442,-73.98517977,40.71739973,-73.98016555,member
726929,1614B60FA3B24FB2,classic_bike,2021-07-27 11:08:54,2021-07-27 11:12:23,Suffolk St & Stanton St,5445,Columbia St & Rivington St,5365,40.72066442,-73.98517977,40.71739973,-73.98016555,member
726931,90E54E7254193547,classic_bike,2021-07-15 12:11:02,2021-07-15 12:15:43,Suffolk St & Stanton St,5445,Columbia St & Rivington St,5365,40.72066442,-73.98517977,40.71739973,-73.98016555,member
726932,376D0C0048CFD529,classic_bike,2021-07-26 13:07:18,2021-07-26 13:33:32,Suffolk St & Stanton St,5445,Columbia St & Rivington St,5365,40.72066442,-73.98517977,40.71739973,-73.98016555,member
726958,9B13ABE8FCCD0BCD,electric_bike,2021-07-19 01:06:01,2021-07-19 01:12:20,E 14 St & Avenue B,5736,Columbia St & Rivington St,5365,40.72938685,-73.97772429,40.71739973,-73.98016555,member
726985,6FA6623A51BD95F2,classic_bike,2021-07-02 12:58:57,2021-07-02 13:02:14,Suffolk St & Stanton St,5445,Columbia St & Rivington St,5365,40.72066442,-73.98517977,40.71739973,-73.98016555,member
726987,29A7ED1FA83FFA09,electric_bike,2021-07-26 17:34:54,2021-07-26 17:54:39,Berry St & N 8 St,5379,Columbia St & Rivington St,5365,40.7190095,-73.95852515,40.71739973,-73.98016555,member
726996,DC0C2AA338FB377D,classic_bike,2021-07-31 12:09:44,2021-07-31 12:16:12,E 14 St & Avenue B,5736,Columbia St & Rivington St,5365,40.72938685,-73.97772429,40.71739973,-73.98016555,member
727001,9D3C35073714B325,classic_bike,2021-07-02 08:35:19,2021-07-02 08:38:34,E 6 St & Avenue D,5506,Columbia St & Rivington St,5365,40.72228087,-73.97668709,40.71739973,-73.98016555,member
727002,7AC354B00247D3BA,classic_bike,2021-07-17 11:22:11,2021-07-17 11:25:10,E 6 St & Avenue D,5506,Columbia St & Rivington St,5365,40.72228087,-73.97668709,40.71739973,-73.98016555,member
727003,2BBC4C2BEBDBE64B,classic_bike,2021-07-17 17:59:13,2021-07-17 18:02:25,E 6 St & Avenue D,5506,Columbia St & Rivington St,5365,40.72228087,-73.97668709,40.71739973,-73.98016555,member
727004,753E7DA9456EF5DC,classic_bike,2021-07-25 21:40:23,2021-07-25 21:47:52,E 14 St & Avenue B,5736,Columbia St & Rivington St,5365,40.72938685,-73.97772429,40.71739973,-73.98016555,member
727005,A73DB3CF70E0D3C6,classic_bike,2021-07-30 20:12:14,2021-07-30 20:27:32,E 14 St & Avenue B,5736,Columbia St & Rivington St,5365,40.72938685,-73.97772429,40.71739973,-73.98016555,member
727006,79B2EAA566163923,classic_bike,2021-07-23 03:34:37,2021-07-23 03:51:34,E 2 St & Avenue A,5553,Columbia St & Rivington St,5365,40.72307749068673,-73.98583620786667,40.71739973,-73.98016555,member
727007,00EE5AC00A46E0A1,classic_bike,2021-07-30 05:12:03,2021-07-30 05:18:49,E 14 St & Avenue B,5736,Columbia St & Rivington St,5365,40.72938685,-73.97772429,40.71739973,-73.98016555,member
727011,BE01213E2E15E173,classic_bike,2021-07-12 17:33:52,2021-07-12 17:36:51,E 6 St & Avenue D,5506,Columbia St & Rivington St,5365,40.72228087,-73.97668709,40.71739973,-73.98016555,member
727022,E53F065B82D24929,classic_bike,2021-07-05 16:03:19,2021-07-05 16:08:58,E 6 St & Avenue B,5584,Columbia St & Rivington St,5365,40.72453734,-73.98185424,40.71739973,-73.98016555,member
727027,521405B5E4981800,classic_bike,2021-07-21 18:56:20,2021-07-21 19:00:13,E 6 St & Avenue B,5584,Columbia St & Rivington St,5365,40.72453734,-73.98185424,40.71739973,-73.98016555,member
727031,28CB5625A0994EAB,classic_bike,2021-07-28 17:36:11,2021-07-28 17:40:24,E 6 St & Avenue D,5506,Columbia St & Rivington St,5365,40.72228087,-73.97668709,40.71739973,-73.98016555,casual
727041,CB98D19998FCB64E,classic_bike,2021-07-24 08:40:39,2021-07-24 08:44:33,E 6 St & Avenue D,5506,Columbia St & Rivington St,5365,40.72228087,-73.97668709,40.71739973,-73.98016555,member
727051,7FE1038CD0DC5763,classic_bike,2021-07-27 20:54:19,2021-07-27 20:59:21,Suffolk St & Stanton St,5445,Columbia St & Rivington St,5365,40.72066442,-73.98517977,40.71739973,-73.98016555,member
727052,FC579457E0DC0B57,classic_bike,2021-07-08 05:00:40,2021-07-08 05:03:53,Suffolk St & Stanton St,5445,Columbia St & Rivington St,5365,40.72066442,-73.98517977,40.71739973,-73.98016555,member
727053,81DF3140478A02E4,classic_bike,2021-07-22 19:24:56,2021-07-22 19:29:19,Suffolk St & Stanton St,5445,Columbia St & Rivington St,5365,40.72066442,-73.98517977,40.71739973,-73.98016555,member
727075,89DE4E3753752013,electric_bike,2021-07-08 17:58:57,2021-07-08 18:11:00,St James Pl & Pearl St,5167,Columbia St & Rivington St,5365,40.71117416,-74.00016545,40.71739973,-73.98016555,member
727076,C6A36080790C9DAC,classic_bike,2021-07-06 18:03:08,2021-07-06 18:18:34,St James Pl & Pearl St,5167,Columbia St & Rivington St,5365,40.71117416,-74.00016545,40.71739973,-73.98016555,member
727077,390AADE808F247E9,classic_bike,2021-07-17 08:33:12,2021-07-17 08:42:05,St James Pl & Pearl St,5167,Columbia St & Rivington St,5365,40.71117416,-74.00016545,40.71739973,-73.98016555,member
727078,674A1983604AF588,classic_bike,2021-07-09 08:24:19,2021-07-09 08:34:13,St James Pl & Pearl St,5167,Columbia St & Rivington St,5365,40.71117416,-74.00016545,40.71739973,-73.98016555,member
727089,22BBE26A342F7242,classic_bike,2021-07-26 08:50:45,2021-07-26 08:58:39,St James Pl & Pearl St,5167,Columbia St & Rivington St,5365,40.71117416,-74.00016545,40.71739973,-73.98016555,member
727116,435013972F48DB66,classic_bike,2021-07-19 07:55:58,2021-07-19 08:08:25,St James Pl & Pearl St,5167,Columbia St & Rivington St,5365,40.71117416,-74.00016545,40.71739973,-73.98016555,member
727118,F6E8C7C2B227EBFA,classic_bike,2021-07-30 23:45:38,2021-07-30 23:54:25,St James Pl & Pearl St,5167,Columbia St & Rivington St,5365,40.71117416,-74.00016545,40.71739973,-73.98016555,casual
727143,643845B5B7594F58,electric_bike,2021-07-16 16:33:40,2021-07-16 16:36:21,Madison St & Montgomery St,5262,Columbia St & Rivington St,5365,40.713126,-73.984844,40.71739973,-73.98016555,member
727154,6DF46A1D1E90DF82,classic_bike,2021-07-12 18:00:07,2021-07-12 18:18:59,Jay St & Tech Pl,4710,Columbia St & Rivington St,5365,40.695065,-73.987167,40.71739973,-73.98016555,member
727155,42AA6F545D983FB6,classic_bike,2021-07-06 18:14:16,2021-07-06 18:32:39,Jay St & Tech Pl,4710,Columbia St & Rivington St,5365,40.695065,-73.987167,40.71739973,-73.98016555,member
727164,CB6C759A86D6D588,classic_bike,2021-07-05 11:28:58,2021-07-05 11:47:45,Morton St & Washington St,5772,Columbia St & Rivington St,5365,40.73115,-74.00887,40.71739973,-73.98016555,member
727188,0839C16A0819088A,classic_bike,2021-07-24 22:53:20,2021-07-24 23:05:26,Allen St & Hester St,5342,Columbia St & Rivington St,5365,40.71605866,-73.99190759,40.71739973,-73.98016555,member
727196,A2B45CA4A39C9986,electric_bike,2021-07-12 14:01:34,2021-07-12 14:15:16,E 23 St & 1 Ave,5929,Columbia St & Rivington St,5365,40.736502,-73.97809472,40.71739973,-73.98016555,member
727198,62373D88E58E711C,classic_bike,2021-07-14 15:23:38,2021-07-14 15:33:24,Allen St & Hester St,5342,Columbia St & Rivington St,5365,40.71605866,-73.99190759,40.71739973,-73.98016555,member
727208,B9FEC0501EECB2C7,classic_bike,2021-07-24 22:55:06,2021-07-24 23:05:27,Allen St & Hester St,5342,Columbia St & Rivington St,5365,40.71605866,-73.99190759,40.71739973,-73.98016555,casual
727212,BDBFE13FEAF571EB,classic_bike,2021-07-11 02:57:59,2021-07-11 03:04:33,Allen St & Hester St,5342,Columbia St & Rivington St,5365,40.71605866,-73.99190759,40.71739973,-73.98016555,member
727215,9F41452FDE3CBC36,classic_bike,2021-07-31 14:54:32,2021-07-31 15:12:21,Lexington Ave & E 24 St,6089,Columbia St & Rivington St,5365,40.74025878,-73.98409214,40.71739973,-73.98016555,member
727221,E7BEA640AC7A009F,classic_bike,2021-07-30 11:12:31,2021-07-30 11:23:13,Lafayette St & E 8 St,5788,Columbia St & Rivington St,5365,40.73020660529954,-73.99102628231049,40.71739973,-73.98016555,member
727235,ADC4F43FAF032A2F,classic_bike,2021-07-17 17:55:10,2021-07-17 18:05:59,Market St & Henry St,5270,Columbia St & Rivington St,5365,40.71310702305908,-73.99446353316307,40.71739973,-73.98016555,member
727242,2C3089BFADD7BEFE,electric_bike,2021-07-18 17:55:55,2021-07-18 18:23:36,Lafayette St & E 8 St,5788,Columbia St & Rivington St,5365,40.73020660529954,-73.99102628231049,40.71739973,-73.98016555,casual
727261,E8BCE364928D026D,classic_bike,2021-07-23 14:45:15,2021-07-23 14:49:37,Suffolk St & Stanton St,5445,Columbia St & Rivington St,5365,40.72066442,-73.98517977,40.71739973,-73.98016555,member
727262,7FB5774B58FD7D05,classic_bike,2021-07-23 19:12:54,2021-07-23 19:24:16,Suffolk St & Stanton St,5445,Columbia St & Rivington St,5365,40.72066442,-73.98517977,40.71739973,-73.98016555,member
727263,88780D18455ABC4A,electric_bike,2021-07-17 19:19:19,2021-07-17 19:22:23,Suffolk St & Stanton St,5445,Columbia St & Rivington St,5365,40.72066442,-73.98517977,40.71739973,-73.98016555,member
727277,35182049CEDE68A0,classic_bike,2021-07-28 12:50:59,2021-07-28 12:57:53,Suffolk St & Stanton St,5445,Columbia St & Rivington St,5365,40.72066442,-73.98517977,40.71739973,-73.98016555,member
727278,7ED1E9621C31DD99,classic_bike,2021-07-17 15:38:52,2021-07-17 15:55:23,Suffolk St & Stanton St,5445,Columbia St & Rivington St,5365,40.72066442,-73.98517977,40.71739973,-73.98016555,member
727284,64A409312A30000E,classic_bike,2021-07-07 10:18:39,2021-07-07 10:23:21,Suffolk St & Stanton St,5445,Columbia St & Rivington St,5365,40.72066442,-73.98517977,40.71739973,-73.98016555,casual
727317,56AE8E10E3E8E9CA,electric_bike,2021-07-08 13:55:20,2021-07-08 14:00:30,E 2 St & Avenue A,5553,Columbia St & Rivington St,5365,40.72307749068673,-73.98583620786667,40.71739973,-73.98016555,member
727318,EF1EB40C141F9977,electric_bike,2021-07-08 21:27:32,2021-07-08 21:53:12,E 10 St & Avenue A,5659,Columbia St & Rivington St,5365,40.72740794,-73.98142006,40.71739973,-73.98016555,member
727320,004D40AE16E95B89,electric_bike,2021-07-19 07:56:20,2021-07-19 08:00:20,E 2 St & Avenue A,5553,Columbia St & Rivington St,5365,40.72307749068673,-73.98583620786667,40.71739973,-73.98016555,member
727321,3304FE05F4A797C3,classic_bike,2021-07-12 08:03:53,2021-07-12 08:07:47,E 2 St & Avenue A,5553,Columbia St & Rivington St,5365,40.72307749068673,-73.98583620786667,40.71739973,-73.98016555,member
727323,A3B2711938F2D0DC,classic_bike,2021-07-08 11:55:01,2021-07-08 12:03:05,E 10 St & Avenue A,5659,Columbia St & Rivington St,5365,40.72740794,-73.98142006,40.71739973,-73.98016555,member
727324,0ECC172B69F3D601,classic_bike,2021-07-31 10:41:53,2021-07-31 10:45:46,E 6 St & Avenue D,5506,Columbia St & Rivington St,5365,40.72228087,-73.97668709,40.71739973,-73.98016555,member
727327,B1ADBFB14F80566C,classic_bike,2021-07-20 15:38:34,2021-07-20 15:50:11,E 10 St & Avenue A,5659,Columbia St & Rivington St,5365,40.72740794,-73.98142006,40.71739973,-73.98016555,member
727329,9C74C9AAD5BCFA34,classic_bike,2021-07-27 12:37:39,2021-07-27 12:41:29,E 6 St & Avenue D,5506,Columbia St & Rivington St,5365,40.72228087,-73.97668709,40.71739973,-73.98016555,casual
727343,09769A45CD33B245,electric_bike,2021-07-02 16:21:06,2021-07-02 16:26:25,E 2 St & Avenue A,5553,Columbia St & Rivington St,5365,40.72307749068673,-73.98583620786667,40.71739973,-73.98016555,casual
727350,ED8971D0E24F43F1,electric_bike,2021-07-28 17:42:02,2021-07-28 17:51:32,E 6 St & Avenue B,5584,Columbia St & Rivington St,5365,40.72453734,-73.98185424,40.71739973,-73.98016555,casual
727353,27033B9F63549B52,classic_bike,2021-07-27 17:49:36,2021-07-27 17:55:04,E 6 St & Avenue D,5506,Columbia St & Rivington St,5365,40.72228087,-73.97668709,40.71739973,-73.98016555,casual
727357,3CC17240467231F3,classic_bike,2021-07-10 00:09:17,2021-07-10 00:20:20,E 10 St & Avenue A,5659,Columbia St & Rivington St,5365,40.72740794,-73.98142006,40.71739973,-73.98016555,casual
727362,D05EB8B699DA8B80,classic_bike,2021-07-20 14:40:33,2021-07-20 14:44:30,E 6 St & Avenue D,5506,Columbia St & Rivington St,5365,40.72228087,-73.97668709,40.71739973,-73.98016555,casual
727364,CE5ED24D3B2B4A98,classic_bike,2021-07-04 14:57:09,2021-07-04 15:09:21,E 6 St & Avenue D,5506,Columbia St & Rivington St,5365,40.72228087,-73.97668709,40.71739973,-73.98016555,casual
727370,3BA18B3529A446D3,classic_bike,2021-07-01 01:03:22,2021-07-01 01:08:10,E 2 St & Avenue A,5553,Columbia St & Rivington St,5365,40.72307749068673,-73.98583620786667,40.71739973,-73.98016555,casual
727409,E1A80797E6D62583,classic_bike,2021-07-16 22:57:27,2021-07-16 23:06:29,Pike St & E Broadway,5270,Columbia St & Rivington St,5365,40.71406667,-73.99293911,40.71739973,-73.98016555,member
727435,72007677C69A097A,classic_bike,2021-07-26 11:43:31,2021-07-26 11:50:14,Pike St & E Broadway,5270,Columbia St & Rivington St,5365,40.71406667,-73.99293911,40.71739973,-73.98016555,member
727437,588AAC111BFBA7A8,classic_bike,2021-07-10 23:04:36,2021-07-10 23:14:19,Pike St & E Broadway,5270,Columbia St & Rivington St,5365,40.71406667,-73.99293911,40.71739973,-73.98016555,member
727446,F1BD5674B18DD9FF,electric_bike,2021-07-31 11:38:05,2021-07-31 11:46:39,Pike St & E Broadway,5270,Columbia St & Rivington St,5365,40.71406667,-73.99293911,40.71739973,-73.98016555,member
727452,D3DAE91525D5518E,classic_bike,2021-07-13 16:04:14,2021-07-13 16:11:57,Pike St & E Broadway,5270,Columbia St & Rivington St,5365,40.71406667,-73.99293911,40.71739973,-73.98016555,member
727455,DE173BDB484DF87B,classic_bike,2021-07-21 15:20:20,2021-07-21 15:34:24,Pike St & E Broadway,5270,Columbia St & Rivington St,5365,40.71406667,-73.99293911,40.71739973,-73.98016555,member
727457,6D990E8A8AB9C64C,classic_bike,2021-07-02 15:53:47,2021-07-02 16:01:31,Pike St & E Broadway,5270,Columbia St & Rivington St,5365,40.71406667,-73.99293911,40.71739973,-73.98016555,member
727459,7812D645160CE3BF,classic_bike,2021-07-09 17:08:15,2021-07-09 17:16:14,Pike St & E Broadway,5270,Columbia St & Rivington St,5365,40.71406667,-73.99293911,40.71739973,-73.98016555,member
727469,44A2E8B307F23A64,classic_bike,2021-07-19 13:12:13,2021-07-19 13:17:18,E 9 St & Avenue C,5616,Columbia St & Rivington St,5365,40.72521311,-73.97768752,40.71739973,-73.98016555,member
727473,EED3E62E8B26F958,classic_bike,2021-07-13 17:53:57,2021-07-13 18:03:29,Pike St & E Broadway,5270,Columbia St & Rivington St,5365,40.71406667,-73.99293911,40.71739973,-73.98016555,member
727474,0C7262BAACC935F1,classic_bike,2021-07-24 23:25:09,2021-07-24 23:35:04,Pike St & E Broadway,5270,Columbia St & Rivington St,5365,40.71406667,-73.99293911,40.71739973,-73.98016555,member
727479,8B66EEBD9677E8EF,electric_bike,2021-07-09 21:22:40,2021-07-09 21:38:22,E 2 St & 2 Ave,5593,Columbia St & Rivington St,5365,40.72502876,-73.99069656,40.71739973,-73.98016555,member
727483,4624A241BB0B2EFE,classic_bike,2021-07-02 12:27:40,2021-07-02 12:37:23,Pike St & E Broadway,5270,Columbia St & Rivington St,5365,40.71406667,-73.99293911,40.71739973,-73.98016555,member
727496,FE073158078F0839,classic_bike,2021-07-14 12:31:55,2021-07-14 12:44:01,Pike St & E Broadway,5270,Columbia St & Rivington St,5365,40.71406667,-73.99293911,40.71739973,-73.98016555,member
727498,6FFA7CE112BAF31F,classic_bike,2021-07-03 17:45:27,2021-07-03 17:52:25,E 9 St & Avenue C,5616,Columbia St & Rivington St,5365,40.72521311,-73.97768752,40.71739973,-73.98016555,member
727502,86503CB193FE0DF5,classic_bike,2021-07-29 14:58:32,2021-07-29 15:05:35,Pike St & E Broadway,5270,Columbia St & Rivington St,5365,40.71406667,-73.99293911,40.71739973,-73.98016555,member
727521,85272151FB75E49C,classic_bike,2021-07-03 23:09:29,2021-07-03 23:23:45,Pike St & E Broadway,5270,Columbia St & Rivington St,5365,40.71406667,-73.99293911,40.71739973,-73.98016555,member
727527,179F9569C4D836CD,classic_bike,2021-07-02 19:42:28,2021-07-02 19:48:55,Pike St & E Broadway,5270,Columbia St & Rivington St,5365,40.71406667,-73.99293911,40.71739973,-73.98016555,member
727569,7C5DACD18F11ED3C,classic_bike,2021-07-25 08:52:12,2021-07-25 09:07:05,FDR Drive & E 35 St,6230,Columbia St & Rivington St,5365,40.744219,-73.97121214,40.71739973,-73.98016555,member
727624,945F5E2ABF1F2EC8,electric_bike,2021-07-20 04:22:29,2021-07-20 04:27:18,E 9 St & Avenue C,5616,Columbia St & Rivington St,5365,40.72521311,-73.97768752,40.71739973,-73.98016555,casual
727682,0F6128E10C114242,classic_bike,2021-07-11 21:03:30,2021-07-11 21:21:18,FDR Drive & E 35 St,6230,Columbia St & Rivington St,5365,40.744219,-73.97121214,40.71739973,-73.98016555,member
727784,6A627EA8353B0F48,classic_bike,2021-07-04 21:58:41,2021-07-04 22:07:14,E 6 St & Avenue B,5584,Columbia St & Rivington St,5365,40.72453734,-73.98185424,40.71739973,-73.98016555,member
727800,486F451618E3926D,classic_bike,2021-07-16 14:44:55,2021-07-16 14:48:45,Clinton St & Grand St,5303,Columbia St & Rivington St,5365,40.71559509,-73.9870295,40.71739973,-73.98016555,member
727808,C7A9B068BA9137C5,electric_bike,2021-07-29 19:05:16,2021-07-29 19:08:31,Clinton St & Grand St,5303,Columbia St & Rivington St,5365,40.71559509,-73.9870295,40.71739973,-73.98016555,member
727813,3903915B733D52A6,classic_bike,2021-07-12 07:27:18,2021-07-12 07:32:41,Clinton St\t& Cherry St,5190,Columbia St & Rivington St,5365,40.711471394469264,-73.98672603070736,40.71739973,-73.98016555,member
727815,6BC6A183A44ADA9A,classic_bike,2021-07-14 07:48:16,2021-07-14 07:52:45,Clinton St\t& Cherry St,5190,Columbia St & Rivington St,5365,40.711471394469264,-73.98672603070736,40.71739973,-73.98016555,member
727817,7BD4F210C006AAD8,classic_bike,2021-07-05 11:47:11,2021-07-05 12:01:24,Murray St & West St,5329,Columbia St & Rivington St,5365,40.7149787,-74.013012,40.71739973,-73.98016555,casual
727835,35EAEFAE02B90DEC,electric_bike,2021-07-15 16:24:40,2021-07-15 16:37:45,Clinton St\t& Cherry St,5190,Columbia St & Rivington St,5365,40.711471394469264,-73.98672603070736,40.71739973,-73.98016555,member
727836,34B7A1B0CC8554DD,electric_bike,2021-07-29 19:54:37,2021-07-29 19:57:58,Clinton St & Grand St,5303,Columbia St & Rivington St,5365,40.71559509,-73.9870295,40.71739973,-73.98016555,member
727845,CA652B48A111D4D5,classic_bike,2021-07-04 23:19:38,2021-07-04 23:59:42,Hope St & Union Ave,5187,Columbia St & Rivington St,5365,40.71167351,-73.95141312,40.71739973,-73.98016555,member
727849,B48460EEDEBC856E,electric_bike,2021-07-16 18:10:19,2021-07-16 18:23:04,Clinton St & Grand St,5303,Columbia St & Rivington St,5365,40.71559509,-73.9870295,40.71739973,-73.98016555,member
727857,54612981B916A162,classic_bike,2021-07-28 09:56:19,2021-07-28 09:59:59,Clinton St & Grand St,5303,Columbia St & Rivington St,5365,40.71559509,-73.9870295,40.71739973,-73.98016555,member
727901,9DBFE44763C3E14F,classic_bike,2021-07-28 19:23:27,2021-07-28 19:27:21,Suffolk St & Stanton St,5445,Columbia St & Rivington St,5365,40.72066442,-73.98517977,40.71739973,-73.98016555,member
727935,B56F760193994471,classic_bike,2021-07-26 18:43:58,2021-07-26 19:16:31,E 58 St &  1 Ave (NW Corner),6723,Columbia St & Rivington St,5365,40.759125,-73.962658,40.71739973,-73.98016555,member
727966,2764DC87FFA92C2F,classic_bike,2021-07-04 20:16:51,2021-07-04 20:30:01,Pike St & E Broadway,5270,Columbia St & Rivington St,5365,40.71406667,-73.99293911,40.71739973,-73.98016555,member
727989,917E5EB9A1AEB790,classic_bike,2021-07-15 11:25:52,2021-07-15 11:35:24,Pike St & E Broadway,5270,Columbia St & Rivington St,5365,40.71406667,-73.99293911,40.71739973,-73.98016555,member
727995,B7B6E1BB4DAAFCD4,docked_bike,2021-07-15 02:49:24,2021-07-15 02:59:21,E 2 St & 2 Ave,5593,Columbia St & Rivington St,5365,40.725029,-73.990697,40.7174,-73.980166,casual
727996,64422CFF817E4F04,classic_bike,2021-07-22 13:30:47,2021-07-22 13:37:23,Pike St & E Broadway,5270,Columbia St & Rivington St,5365,40.71406667,-73.99293911,40.71739973,-73.98016555,member
727997,1E7EF3600B33A47D,classic_bike,2021-07-10 00:28:47,2021-07-10 00:35:32,Pike St & E Broadway,5270,Columbia St & Rivington St,5365,40.71406667,-73.99293911,40.71739973,-73.98016555,member
728014,7A6BADF97B880F39,electric_bike,2021-07-07 14:09:27,2021-07-07 14:20:00,Old Slip & South St,4993,Columbia St & Rivington St,5365,40.70336686695866,-74.007867872715,40.71739973,-73.98016555,member
728015,7A6B01D550D9C6F1,electric_bike,2021-07-20 14:20:26,2021-07-20 14:36:40,Old Slip & South St,4993,Columbia St & Rivington St,5365,40.70336686695866,-74.007867872715,40.71739973,-73.98016555,member
728017,15CBD023480F1E27,electric_bike,2021-07-12 14:25:13,2021-07-12 14:36:00,Old Slip & South St,4993,Columbia St & Rivington St,5365,40.70336686695866,-74.007867872715,40.71739973,-73.98016555,member
728035,BAF5880D0EFBECCB,electric_bike,2021-07-05 00:05:11,2021-07-05 00:11:45,Suffolk St & Stanton St,5445,Columbia St & Rivington St,5365,40.72066442,-73.98517977,40.71739973,-73.98016555,casual
728073,C953133B2BEE9510,classic_bike,2021-07-26 19:47:07,2021-07-26 20:01:38,FDR Drive & E 35 St,6230,Columbia St & Rivington St,5365,40.744219,-73.97121214,40.71739973,-73.98016555,casual
728085,A4E3C4DA6DBC5EE6,classic_bike,2021-07-05 17:50:18,2021-07-05 17:58:07,E 2 St & Avenue A,5553,Columbia St & Rivington St,5365,40.72307749068673,-73.98583620786667,40.71739973,-73.98016555,casual
728094,0E5787E1B08F988E,classic_bike,2021-07-06 16:23:03,2021-07-06 16:31:35,Pike St & E Broadway,5270,Columbia St & Rivington St,5365,40.71406667,-73.99293911,40.71739973,-73.98016555,member
728095,E094753C56592434,electric_bike,2021-07-02 23:15:09,2021-07-02 23:20:16,Pike St & E Broadway,5270,Columbia St & Rivington St,5365,40.71406667,-73.99293911,40.71739973,-73.98016555,member
728097,231116BF1D22D256,classic_bike,2021-07-26 14:42:30,2021-07-26 14:48:46,Pike St & E Broadway,5270,Columbia St & Rivington St,5365,40.71406667,-73.99293911,40.71739973,-73.98016555,member
728099,499361C997850A60,classic_bike,2021-07-18 17:12:43,2021-07-18 18:02:40,Pier 40 - Hudson River Park,5696,Columbia St & Rivington St,5365,40.7277140777778,-74.01129573583603,40.71739973,-73.98016555,member
728107,2B2345523D8869D7,classic_bike,2021-07-07 17:24:35,2021-07-07 17:33:46,Pike St & E Broadway,5270,Columbia St & Rivington St,5365,40.71406667,-73.99293911,40.71739973,-73.98016555,member
728121,6691BD082646C849,electric_bike,2021-07-31 17:37:04,2021-07-31 18:01:03,W 41 St & 8 Ave,6602,Columbia St & Rivington St,5365,40.75640548,-73.9900262,40.71739973,-73.98016555,casual
728140,E10C9EDD6C285E01,classic_bike,2021-07-24 13:03:04,2021-07-24 13:09:28,Forsyth St & Broome St,5453,Columbia St & Rivington St,5365,40.71893904,-73.99266288,40.71739973,-73.98016555,member
728150,4D9258FC1BC74869,electric_bike,2021-07-04 13:11:10,2021-07-04 13:19:49,E 13 St & 2 Ave,5820,Columbia St & Rivington St,5365,40.73153937464073,-73.9853024482727,40.71739973,-73.98016555,member
728198,C954FE4C3C48C793,classic_bike,2021-07-04 20:32:53,2021-07-04 21:19:13,E 13 St & 2 Ave,5820,Columbia St & Rivington St,5365,40.73153937464073,-73.9853024482727,40.71739973,-73.98016555,casual
728217,4DE374AA5A1F9832,electric_bike,2021-07-13 07:42:38,2021-07-13 07:51:47,E 13 St & 2 Ave,5820,Columbia St & Rivington St,5365,40.73153937464073,-73.9853024482727,40.71739973,-73.98016555,casual
728230,837C278C826F6750,electric_bike,2021-07-19 18:38:23,2021-07-19 18:46:25,E 13 St & 2 Ave,5820,Columbia St & Rivington St,5365,40.73153937464073,-73.9853024482727,40.71739973,-73.98016555,member
728276,82FF6A1E598EEC9A,classic_bike,2021-07-31 05:44:46,2021-07-31 05:54:23,E 13 St & 2 Ave,5820,Columbia St & Rivington St,5365,40.73153937464073,-73.9853024482727,40.71739973,-73.98016555,member
728285,DFA5FD20A819EA6D,classic_bike,2021-07-09 16:08:27,2021-07-09 16:18:53,E 13 St & 2 Ave,5820,Columbia St & Rivington St,5365,40.73153937464073,-73.9853024482727,40.71739973,-73.98016555,member
728295,19F1A2C3D66076BC,classic_bike,2021-07-14 07:33:23,2021-07-14 07:45:01,E 13 St & 2 Ave,5820,Columbia St & Rivington St,5365,40.73153937464073,-73.9853024482727,40.71739973,-73.98016555,casual
728334,7339A6607475293C,classic_bike,2021-07-03 11:50:34,2021-07-03 12:07:53,E 13 St & 2 Ave,5820,Columbia St & Rivington St,5365,40.73153937464073,-73.9853024482727,40.71739973,-73.98016555,casual
728352,0A3F57F9DBC684F1,electric_bike,2021-07-01 14:31:23,2021-07-01 14:45:32,Lexington Ave & E 24 St,6089,Columbia St & Rivington St,5365,40.74025878,-73.98409214,40.71739973,-73.98016555,member
728370,206D3C5577CAA361,electric_bike,2021-07-04 22:11:51,2021-07-04 22:25:17,Lexington Ave & E 24 St,6089,Columbia St & Rivington St,5365,40.74025878,-73.98409214,40.71739973,-73.98016555,member
728487,060C054D4046569B,classic_bike,2021-07-25 09:53:06,2021-07-25 09:59:43,1 Ave & E 6 St,5626,Columbia St & Rivington St,5365,40.72633085971696,-73.98616880178452,40.71739973,-73.98016555,member
728488,A66F83E34CFDE95A,classic_bike,2021-07-27 15:18:35,2021-07-27 15:27:12,1 Ave & E 6 St,5626,Columbia St & Rivington St,5365,40.72633085971696,-73.98616880178452,40.71739973,-73.98016555,member
728494,EF233B95346BD326,classic_bike,2021-07-22 12:44:35,2021-07-22 12:57:13,Forsyth St & Broome St,5453,Columbia St & Rivington St,5365,40.71893904,-73.99266288,40.71739973,-73.98016555,member
728503,E864493053D6BA3C,classic_bike,2021-07-29 13:25:36,2021-07-29 13:34:52,Pike St & E Broadway,5270,Columbia St & Rivington St,5365,40.71406667,-73.99293911,40.71739973,-73.98016555,member
728516,4195DD307F472D6F,classic_bike,2021-07-17 10:54:19,2021-07-17 11:18:08,Grand St & Elizabeth St,5382,Columbia St & Rivington St,5365,40.718822,-73.99596,40.71739973,-73.98016555,member
728517,81E132D60E43BD6F,classic_bike,2021-07-10 11:48:11,2021-07-10 11:59:32,Grand St & Elizabeth St,5382,Columbia St & Rivington St,5365,40.718822,-73.99596,40.71739973,-73.98016555,member
728518,3D1F846D8F93888D,classic_bike,2021-07-09 16:28:47,2021-07-09 16:40:38,Grand St & Elizabeth St,5382,Columbia St & Rivington St,5365,40.718822,-73.99596,40.71739973,-73.98016555,member
728520,ACBC9B6986BF362C,classic_bike,2021-07-30 14:37:24,2021-07-30 14:47:05,Grand St & Elizabeth St,5382,Columbia St & Rivington St,5365,40.718822,-73.99596,40.71739973,-73.98016555,member
728523,625CB2E9F5D949BB,classic_bike,2021-07-12 12:19:07,2021-07-12 12:32:07,Grand St & Elizabeth St,5382,Columbia St & Rivington St,5365,40.718822,-73.99596,40.71739973,-73.98016555,member
728524,C3748F554B5A8048,classic_bike,2021-07-25 15:02:27,2021-07-25 15:14:20,Grand St & Elizabeth St,5382,Columbia St & Rivington St,5365,40.718822,-73.99596,40.71739973,-73.98016555,member
728529,D1BA40D45FF4FAA0,classic_bike,2021-07-09 10:05:57,2021-07-09 10:17:39,Grand St & Elizabeth St,5382,Columbia St & Rivington St,5365,40.718822,-73.99596,40.71739973,-73.98016555,member
728533,AEFA6E43A8400A23,classic_bike,2021-07-17 16:28:20,2021-07-17 16:39:23,Grand St & Elizabeth St,5382,Columbia St & Rivington St,5365,40.718822,-73.99596,40.71739973,-73.98016555,member
728536,0581AEC00CC7E0B8,classic_bike,2021-07-24 10:40:33,2021-07-24 10:55:58,Grand St & Elizabeth St,5382,Columbia St & Rivington St,5365,40.718822,-73.99596,40.71739973,-73.98016555,member
728539,145C4EC79FA1EB7F,classic_bike,2021-07-23 15:15:37,2021-07-23 15:23:34,Grand St & Elizabeth St,5382,Columbia St & Rivington St,5365,40.718822,-73.99596,40.71739973,-73.98016555,member
728558,BF08634A26D39585,classic_bike,2021-07-09 17:33:24,2021-07-09 17:56:07,FDR Drive & E 35 St,6230,Columbia St & Rivington St,5365,40.744219,-73.97121214,40.71739973,-73.98016555,member
728578,D108366D996FDAA8,classic_bike,2021-07-05 10:08:43,2021-07-05 10:43:30,E 20 St & 2 Ave,5971,Columbia St & Rivington St,5365,40.73587678,-73.98205027,40.71739973,-73.98016555,member
728622,B7E6A46DC952D418,electric_bike,2021-07-16 17:00:04,2021-07-16 17:25:43,6 Ave & W 45 St,6593,Columbia St & Rivington St,5365,40.756951,-73.982631,40.71739973,-73.98016555,casual
728627,965BBB2671BB0C92,electric_bike,2021-07-08 16:34:00,2021-07-08 16:40:25,E 14 St & Avenue B,5736,Columbia St & Rivington St,5365,40.72938685,-73.97772429,40.71739973,-73.98016555,member
728637,178D309B334081E7,electric_bike,2021-07-13 17:57:20,2021-07-13 18:03:59,E 2 St & Avenue A,5553,Columbia St & Rivington St,5365,40.72307749068673,-73.98583620786667,40.71739973,-73.98016555,member
728640,AA4829B90CCA3F9D,electric_bike,2021-07-13 17:47:28,2021-07-13 17:53:27,E 10 St & Avenue A,5659,Columbia St & Rivington St,5365,40.72740794,-73.98142006,40.71739973,-73.98016555,member
728641,7D3846950F0F106D,classic_bike,2021-07-07 11:35:40,2021-07-07 11:40:29,E 6 St & Avenue D,5506,Columbia St & Rivington St,5365,40.72228087,-73.97668709,40.71739973,-73.98016555,member
728651,11920E614DDFC50D,classic_bike,2021-07-30 17:06:46,2021-07-30 17:12:07,E 6 St & Avenue D,5506,Columbia St & Rivington St,5365,40.72228087,-73.97668709,40.71739973,-73.98016555,casual
728669,6FFDA7B805BD9798,classic_bike,2021-07-06 12:48:12,2021-07-06 12:52:29,E 6 St & Avenue D,5506,Columbia St & Rivington St,5365,40.72228087,-73.97668709,40.71739973,-73.98016555,casual
728720,2225AA5767FD01D5,classic_bike,2021-07-18 15:41:04,2021-07-18 16:00:26,E 25 St & 2 Ave,6046,Columbia St & Rivington St,5365,40.73912601,-73.97973776,40.71739973,-73.98016555,member
728739,60A9CD6DC1B59756,classic_bike,2021-07-30 13:54:55,2021-07-30 14:06:47,E 2 St & 2 Ave,5593,Columbia St & Rivington St,5365,40.72502876,-73.99069656,40.71739973,-73.98016555,casual
728744,D002A3EC308434FF,classic_bike,2021-07-19 13:46:35,2021-07-19 14:07:52,W 13 St & 5 Ave,5947,Columbia St & Rivington St,5365,40.735445,-73.99431,40.71739973,-73.98016555,casual
728745,C1C4581DE41C8A6A,electric_bike,2021-07-04 20:41:53,2021-07-04 20:47:21,E 9 St & Avenue C,5616,Columbia St & Rivington St,5365,40.72521311,-73.97768752,40.71739973,-73.98016555,casual
728781,DE52F2E78083F204,classic_bike,2021-07-02 09:05:55,2021-07-02 09:13:07,E 2 St & 2 Ave,5593,Columbia St & Rivington St,5365,40.72502876,-73.99069656,40.71739973,-73.98016555,member
728815,8D373D2897AD4EAA,classic_bike,2021-07-23 07:45:44,2021-07-23 07:58:47,W 15 St & 7 Ave,6030,Columbia St & Rivington St,5365,40.73935542,-73.99931783,40.71739973,-73.98016555,casual
728851,D83B974717B50B15,classic_bike,2021-07-14 17:24:15,2021-07-14 17:49:44,Lexington Ave & E 29 St,6164,Columbia St & Rivington St,5365,40.74311555376486,-73.98215353488922,40.71739973,-73.98016555,member
728860,4691D4255BDAB443,electric_bike,2021-07-30 06:36:11,2021-07-30 06:50:32,W 15 St & 7 Ave,6030,Columbia St & Rivington St,5365,40.73935542,-73.99931783,40.71739973,-73.98016555,casual
728971,E197BA9D7D3BF798,electric_bike,2021-07-21 18:53:13,2021-07-21 19:05:53,Metropolitan Ave & Bedford Ave,5308,Columbia St & Rivington St,5365,40.71534825,-73.96024116,40.71739973,-73.98016555,casual
728999,C4FA66B9D090E372,electric_bike,2021-07-31 09:09:45,2021-07-31 09:56:43,Pershing Square South,6432,Columbia St & Rivington St,5365,40.751581,-73.97791,40.71739973,-73.98016555,member
729073,F42ED731C912330A,classic_bike,2021-07-18 18:43:07,2021-07-18 19:05:40,Metropolitan Ave & Bedford Ave,5308,Columbia St & Rivington St,5365,40.71534825,-73.96024116,40.71739973,-73.98016555,member
729097,B168C7C956FFB903,classic_bike,2021-07-31 18:06:55,2021-07-31 18:28:27,Metropolitan Ave & Bedford Ave,5308,Columbia St & Rivington St,5365,40.71534825,-73.96024116,40.71739973,-73.98016555,member
729178,714D0C4E421E205A,electric_bike,2021-07-23 23:46:36,2021-07-24 00:02:28,Metropolitan Ave & Bedford Ave,5308,Columbia St & Rivington St,5365,40.71534825,-73.96024116,40.71739973,-73.98016555,casual
729244,6E478314B5888DC7,electric_bike,2021-07-31 19:52:24,2021-07-31 20:17:18,Madison St & Montgomery St,5262,Columbia St & Rivington St,5365,40.713126,-73.984844,40.71739973,-73.98016555,member
729250,65DD0A66EF5C73D9,electric_bike,2021-07-24 18:26:42,2021-07-24 18:31:40,Madison St & Montgomery St,5262,Columbia St & Rivington St,5365,40.713126,-73.984844,40.71739973,-73.98016555,member
729251,9F8352228EB9B779,electric_bike,2021-07-02 17:28:29,2021-07-02 17:44:56,Madison St & Montgomery St,5262,Columbia St & Rivington St,5365,40.713126,-73.984844,40.71739973,-73.98016555,member
729256,5E4FF645AE621462,classic_bike,2021-07-11 11:40:49,2021-07-11 12:10:24,E 6 St & Avenue D,5506,Columbia St & Rivington St,5365,40.72228087,-73.97668709,40.71739973,-73.98016555,casual
729264,221339854EE8DC89,classic_bike,2021-07-15 13:49:15,2021-07-15 13:58:50,E 10 St & Avenue A,5659,Columbia St & Rivington St,5365,40.72740794,-73.98142006,40.71739973,-73.98016555,casual
729269,F32A3F220157A46C,classic_bike,2021-07-18 22:10:22,2021-07-18 22:14:15,E 2 St & Avenue A,5553,Columbia St & Rivington St,5365,40.72307749068673,-73.98583620786667,40.71739973,-73.98016555,casual
729290,55B84A6777B7CCB1,classic_bike,2021-07-24 13:30:32,2021-07-24 13:38:47,E 3 St & 1 Ave,5553,Columbia St & Rivington St,5365,40.72467721,-73.98783413,40.71739973,-73.98016555,member
729304,37152FD4DD0669ED,classic_bike,2021-07-28 13:38:06,2021-07-28 13:50:51,Grand St & Elizabeth St,5382,Columbia St & Rivington St,5365,40.718822,-73.99596,40.71739973,-73.98016555,member
729308,AF4B7F828E62298E,classic_bike,2021-07-01 10:05:45,2021-07-01 10:16:00,Grand St & Elizabeth St,5382,Columbia St & Rivington St,5365,40.718822,-73.99596,40.71739973,-73.98016555,member
729311,5932A50517F72ADD,classic_bike,2021-07-19 14:25:40,2021-07-19 14:36:03,Grand St & Elizabeth St,5382,Columbia St & Rivington St,5365,40.718822,-73.99596,40.71739973,-73.98016555,member
729312,0D1D9466E1857A47,classic_bike,2021-07-09 16:09:32,2021-07-09 16:33:07,Grand St & Elizabeth St,5382,Columbia St & Rivington St,5365,40.718822,-73.99596,40.71739973,-73.98016555,member
729314,A26BE4CA1529B52F,classic_bike,2021-07-20 11:59:56,2021-07-20 12:12:41,Grand St & Elizabeth St,5382,Columbia St & Rivington St,5365,40.718822,-73.99596,40.71739973,-73.98016555,member
729320,C0367D5D5E482B7E,classic_bike,2021-07-31 11:57:53,2021-07-31 12:08:42,Grand St & Elizabeth St,5382,Columbia St & Rivington St,5365,40.718822,-73.99596,40.71739973,-73.98016555,member
729322,700B9AC84DDB3862,classic_bike,2021-07-05 11:30:18,2021-07-05 11:41:57,Grand St & Elizabeth St,5382,Columbia St & Rivington St,5365,40.718822,-73.99596,40.71739973,-73.98016555,member
729328,1412B010B99496CF,classic_bike,2021-07-05 14:22:42,2021-07-05 14:35:32,Grand St & Elizabeth St,5382,Columbia St & Rivington St,5365,40.718822,-73.99596,40.71739973,-73.98016555,member
729329,BBF876E5522A3B0D,classic_bike,2021-07-10 15:36:27,2021-07-10 15:47:54,Grand St & Elizabeth St,5382,Columbia St & Rivington St,5365,40.718822,-73.99596,40.71739973,-73.98016555,member
729330,023302577F5D6C0B,classic_bike,2021-07-13 14:50:39,2021-07-13 15:05:11,Grand St & Elizabeth St,5382,Columbia St & Rivington St,5365,40.718822,-73.99596,40.71739973,-73.98016555,member
729334,E0C9874ED3408E2C,classic_bike,2021-07-05 17:50:38,2021-07-05 17:59:24,Grand St & Elizabeth St,5382,Columbia St & Rivington St,5365,40.718822,-73.99596,40.71739973,-73.98016555,member
729338,68AD8A1CF12A0234,classic_bike,2021-07-26 11:23:20,2021-07-26 11:41:48,Grand St & Elizabeth St,5382,Columbia St & Rivington St,5365,40.718822,-73.99596,40.71739973,-73.98016555,member
729343,8E1506F4AE9DB5C0,classic_bike,2021-07-08 13:18:37,2021-07-08 13:30:50,Grand St & Elizabeth St,5382,Columbia St & Rivington St,5365,40.718822,-73.99596,40.71739973,-73.98016555,member
729346,6755F582C6E38878,electric_bike,2021-07-16 06:26:24,2021-07-16 06:31:14,Grand St & Elizabeth St,5382,Columbia St & Rivington St,5365,40.718822,-73.99596,40.71739973,-73.98016555,member
729347,7B60AE8DCA4B05FE,classic_bike,2021-07-11 16:01:49,2021-07-11 16:11:39,Grand St & Elizabeth St,5382,Columbia St & Rivington St,5365,40.718822,-73.99596,40.71739973,-73.98016555,member
729353,5D18D2953056E375,classic_bike,2021-07-05 17:51:22,2021-07-05 17:59:27,Grand St & Elizabeth St,5382,Columbia St & Rivington St,5365,40.718822,-73.99596,40.71739973,-73.98016555,member
729354,6D3CA7AE5699DD32,classic_bike,2021-07-30 14:52:45,2021-07-30 15:00:20,Grand St & Elizabeth St,5382,Columbia St & Rivington St,5365,40.718822,-73.99596,40.71739973,-73.98016555,member
729355,855243D8B9DDB19B,classic_bike,2021-07-02 10:16:37,2021-07-02 10:26:21,Grand St & Elizabeth St,5382,Columbia St & Rivington St,5365,40.718822,-73.99596,40.71739973,-73.98016555,member
729358,DD9896C695CB8558,classic_bike,2021-07-09 12:42:23,2021-07-09 12:54:49,Grand St & Elizabeth St,5382,Columbia St & Rivington St,5365,40.718822,-73.99596,40.71739973,-73.98016555,member
729359,02C8776508913CE6,classic_bike,2021-07-28 12:40:47,2021-07-28 12:52:06,Grand St & Elizabeth St,5382,Columbia St & Rivington St,5365,40.718822,-73.99596,40.71739973,-73.98016555,member
729360,5E127244EA92622A,classic_bike,2021-07-16 18:23:30,2021-07-16 18:33:46,Grand St & Elizabeth St,5382,Columbia St & Rivington St,5365,40.718822,-73.99596,40.71739973,-73.98016555,member
729361,F62E6A89D3C9165B,classic_bike,2021-07-02 09:45:07,2021-07-02 09:54:45,Grand St & Elizabeth St,5382,Columbia St & Rivington St,5365,40.718822,-73.99596,40.71739973,-73.98016555,member
729362,C812AF5D6AF50FE7,classic_bike,2021-07-07 14:53:42,2021-07-07 15:11:18,Grand St & Elizabeth St,5382,Columbia St & Rivington St,5365,40.718822,-73.99596,40.71739973,-73.98016555,member
729363,CB5E70CE221509E1,classic_bike,2021-07-15 15:52:44,2021-07-15 16:02:47,Grand St & Elizabeth St,5382,Columbia St & Rivington St,5365,40.718822,-73.99596,40.71739973,-73.98016555,member
729365,AA5EF4F4A7E610D3,classic_bike,2021-07-27 17:01:59,2021-07-27 17:14:47,Grand St & Elizabeth St,5382,Columbia St & Rivington St,5365,40.718822,-73.99596,40.71739973,-73.98016555,member
729369,563BB1DEA461BFEE,electric_bike,2021-07-18 13:53:10,2021-07-18 14:00:50,Grand St & Elizabeth St,5382,Columbia St & Rivington St,5365,40.718822,-73.99596,40.71739973,-73.98016555,member
729370,553BB1B1326BE691,electric_bike,2021-07-20 00:09:46,2021-07-20 00:37:32,Grand St & Elizabeth St,5382,Columbia St & Rivington St,5365,40.718822,-73.99596,40.71739973,-73.98016555,member
729380,129A411E50921F3A,classic_bike,2021-07-23 03:53:23,2021-07-23 04:04:06,Grand St & Elizabeth St,5382,Columbia St & Rivington St,5365,40.718822,-73.99596,40.71739973,-73.98016555,casual
729385,582CD705992BD2BE,classic_bike,2021-07-07 08:11:32,2021-07-07 08:22:42,Grand St & Elizabeth St,5382,Columbia St & Rivington St,5365,40.718822,-73.99596,40.71739973,-73.98016555,member
729386,B80D52A8DA909C6F,classic_bike,2021-07-13 08:06:12,2021-07-13 08:15:35,Grand St & Elizabeth St,5382,Columbia St & Rivington St,5365,40.718822,-73.99596,40.71739973,-73.98016555,member
729388,27A68A96B6179B63,classic_bike,2021-07-22 12:51:48,2021-07-22 13:05:53,Grand St & Elizabeth St,5382,Columbia St & Rivington St,5365,40.718822,-73.99596,40.71739973,-73.98016555,member
729394,FDA06CE0FC485A10,classic_bike,2021-07-09 19:24:29,2021-07-09 19:37:11,Grand St & Elizabeth St,5382,Columbia St & Rivington St,5365,40.718822,-73.99596,40.71739973,-73.98016555,member
729395,406EA54B90B84EE2,classic_bike,2021-07-10 17:31:06,2021-07-10 17:39:59,Grand St & Elizabeth St,5382,Columbia St & Rivington St,5365,40.718822,-73.99596,40.71739973,-73.98016555,member
729396,89B70C7DE101F268,classic_bike,2021-07-25 17:54:11,2021-07-25 18:05:34,Grand St & Elizabeth St,5382,Columbia St & Rivington St,5365,40.718822,-73.99596,40.71739973,-73.98016555,member
729400,570520DF03FEFEB1,classic_bike,2021-07-26 09:11:46,2021-07-26 09:21:15,Grand St & Elizabeth St,5382,Columbia St & Rivington St,5365,40.718822,-73.99596,40.71739973,-73.98016555,member
729402,5725BCA1570422A3,classic_bike,2021-07-21 10:31:48,2021-07-21 10:42:09,Grand St & Elizabeth St,5382,Columbia St & Rivington St,5365,40.718822,-73.99596,40.71739973,-73.98016555,member
729403,C18F62FB172BBEAE,classic_bike,2021-07-05 22:24:27,2021-07-05 22:31:46,Grand St & Elizabeth St,5382,Columbia St & Rivington St,5365,40.718822,-73.99596,40.71739973,-73.98016555,member
729404,DA0391F5A11904C5,classic_bike,2021-07-02 20:46:21,2021-07-02 20:54:18,Grand St & Elizabeth St,5382,Columbia St & Rivington St,5365,40.718822,-73.99596,40.71739973,-73.98016555,member
729406,0C464314ABA3CC09,electric_bike,2021-07-02 06:27:19,2021-07-02 06:32:19,Grand St & Elizabeth St,5382,Columbia St & Rivington St,5365,40.718822,-73.99596,40.71739973,-73.98016555,member
729411,998A6B00825073BF,classic_bike,2021-07-03 14:01:09,2021-07-03 14:11:40,Grand St & Elizabeth St,5382,Columbia St & Rivington St,5365,40.718822,-73.99596,40.71739973,-73.98016555,member
729416,A2492000E31D47F6,classic_bike,2021-07-23 09:48:19,2021-07-23 10:01:44,Grand St & Elizabeth St,5382,Columbia St & Rivington St,5365,40.718822,-73.99596,40.71739973,-73.98016555,member
729417,4FFFA9F5ECB64C24,classic_bike,2021-07-23 17:11:35,2021-07-23 17:23:54,Grand St & Elizabeth St,5382,Columbia St & Rivington St,5365,40.718822,-73.99596,40.71739973,-73.98016555,member
729421,7746FD6B826DC4B5,classic_bike,2021-07-14 11:51:31,2021-07-14 12:02:32,Grand St & Elizabeth St,5382,Columbia St & Rivington St,5365,40.718822,-73.99596,40.71739973,-73.98016555,member
729422,7CB4A29F6E37EA99,classic_bike,2021-07-13 15:28:11,2021-07-13 15:37:16,Grand St & Elizabeth St,5382,Columbia St & Rivington St,5365,40.718822,-73.99596,40.71739973,-73.98016555,member
729425,7F346C82C56B4C6A,classic_bike,2021-07-31 19:32:19,2021-07-31 19:45:17,Grand St & Elizabeth St,5382,Columbia St & Rivington St,5365,40.718822,-73.99596,40.71739973,-73.98016555,member
729426,BB18E77D438645F4,classic_bike,2021-07-27 19:08:29,2021-07-27 19:17:25,Grand St & Elizabeth St,5382,Columbia St & Rivington St,5365,40.718822,-73.99596,40.71739973,-73.98016555,member
729436,69C923436036301E,classic_bike,2021-07-03 16:07:30,2021-07-03 16:17:28,Grand St & Elizabeth St,5382,Columbia St & Rivington St,5365,40.718822,-73.99596,40.71739973,-73.98016555,member
729443,E252D78E76F85ED1,classic_bike,2021-07-06 14:23:32,2021-07-06 14:36:34,Grand St & Elizabeth St,5382,Columbia St & Rivington St,5365,40.718822,-73.99596,40.71739973,-73.98016555,member
729444,1A8356081FF96D3F,classic_bike,2021-07-07 13:55:38,2021-07-07 14:06:44,Grand St & Elizabeth St,5382,Columbia St & Rivington St,5365,40.718822,-73.99596,40.71739973,-73.98016555,member
729445,4E0AA363BC9BE488,classic_bike,2021-07-08 14:12:54,2021-07-08 14:24:25,Grand St & Elizabeth St,5382,Columbia St & Rivington St,5365,40.718822,-73.99596,40.71739973,-73.98016555,member
729456,F3EE0F0BC93720CF,classic_bike,2021-07-18 19:51:47,2021-07-18 19:59:18,Grand St & Elizabeth St,5382,Columbia St & Rivington St,5365,40.718822,-73.99596,40.71739973,-73.98016555,member
729457,1B6CADA40FBAE38E,classic_bike,2021-07-24 17:20:02,2021-07-24 17:32:35,Grand St & Elizabeth St,5382,Columbia St & Rivington St,5365,40.718822,-73.99596,40.71739973,-73.98016555,member
729459,B3158CF612BE00BE,classic_bike,2021-07-17 19:11:44,2021-07-17 19:20:44,Grand St & Elizabeth St,5382,Columbia St & Rivington St,5365,40.718822,-73.99596,40.71739973,-73.98016555,member
729464,917D0FC40A03598B,classic_bike,2021-07-31 14:54:44,2021-07-31 15:01:29,Grand St & Elizabeth St,5382,Columbia St & Rivington St,5365,40.718822,-73.99596,40.71739973,-73.98016555,member
729466,86A8629D390F9C1A,classic_bike,2021-07-25 15:33:28,2021-07-25 15:39:57,Grand St & Elizabeth St,5382,Columbia St & Rivington St,5365,40.718822,-73.99596,40.71739973,-73.98016555,member
729467,5B2523AFFD4CDE11,classic_bike,2021-07-23 18:16:07,2021-07-23 18:28:02,Grand St & Elizabeth St,5382,Columbia St & Rivington St,5365,40.718822,-73.99596,40.71739973,-73.98016555,member
729468,18DB4560602A8C58,classic_bike,2021-07-26 18:04:07,2021-07-26 18:15:02,Grand St & Elizabeth St,5382,Columbia St & Rivington St,5365,40.718822,-73.99596,40.71739973,-73.98016555,member
729469,34740614E6293322,classic_bike,2021-07-01 09:52:40,2021-07-01 10:05:15,Grand St & Elizabeth St,5382,Columbia St & Rivington St,5365,40.718822,-73.99596,40.71739973,-73.98016555,member
729474,DC1CA67AC55EC572,classic_bike,2021-07-05 17:13:22,2021-07-05 17:22:25,Grand St & Elizabeth St,5382,Columbia St & Rivington St,5365,40.718822,-73.99596,40.71739973,-73.98016555,member
729481,7C044E1C612D7683,classic_bike,2021-07-20 18:17:44,2021-07-20 18:26:39,Grand St & Elizabeth St,5382,Columbia St & Rivington St,5365,40.718822,-73.99596,40.71739973,-73.98016555,member
729483,F0FAB69DFBBF4E56,classic_bike,2021-07-07 19:47:33,2021-07-07 20:08:49,Grand St & Elizabeth St,5382,Columbia St & Rivington St,5365,40.718822,-73.99596,40.71739973,-73.98016555,member
729523,DEEE9E2C858C5130,electric_bike,2021-07-13 07:12:36,2021-07-13 07:21:39,E 20 St & 2 Ave,5971,Columbia St & Rivington St,5365,40.73587678,-73.98205027,40.71739973,-73.98016555,member
729526,EC9E202C1D2CBC83,electric_bike,2021-07-13 17:58:47,2021-07-13 18:18:49,FDR Drive & E 35 St,6230,Columbia St & Rivington St,5365,40.744219,-73.97121214,40.71739973,-73.98016555,casual
729529,D1BAD00A7AC071B6,classic_bike,2021-07-05 13:22:23,2021-07-05 13:56:32,Nostrand Ave & Myrtle Ave,4707,Columbia St & Rivington St,5365,40.69527008,-73.95238108,40.71739973,-73.98016555,casual
729531,D0BC70114932D363,classic_bike,2021-07-17 10:26:44,2021-07-17 10:41:24,Perry St & Bleecker St,5922,Columbia St & Rivington St,5365,40.73535398,-74.00483091,40.71739973,-73.98016555,casual
729559,99ADC02B55FB8713,electric_bike,2021-07-13 18:05:31,2021-07-13 18:21:31,E 20 St & 2 Ave,5971,Columbia St & Rivington St,5365,40.73587678,-73.98205027,40.71739973,-73.98016555,member
729723,F55DCB5CB11B2F8C,classic_bike,2021-07-27 17:24:33,2021-07-27 17:38:19,Bedford Ave & S 9 St,5093,Columbia St & Rivington St,5365,40.70853074,-73.96408963,40.71739973,-73.98016555,member
729807,753856E811987BFF,electric_bike,2021-07-15 18:20:54,2021-07-15 18:32:18,Pearl St & Peck Slip,5096,Columbia St & Rivington St,5365,40.708485,-74.002751,40.71739973,-73.98016555,member
729848,6ADE0CE2D6D92FB4,classic_bike,2021-07-21 19:05:54,2021-07-21 19:23:30,E 32 St & Park Ave,6280,Columbia St & Rivington St,5365,40.7457121,-73.98194829,40.71739973,-73.98016555,member
729943,B86E84C30EE7B6A7,classic_bike,2021-07-28 18:07:24,2021-07-28 18:18:35,E 20 St & 2 Ave,5971,Columbia St & Rivington St,5365,40.73587678,-73.98205027,40.71739973,-73.98016555,casual
729954,938C0D5216ADE7D3,classic_bike,2021-07-30 17:30:53,2021-07-30 17:51:04,FDR Drive & E 35 St,6230,Columbia St & Rivington St,5365,40.744219,-73.97121214,40.71739973,-73.98016555,member
729969,B3FC86A1EFCD3C3A,classic_bike,2021-07-09 17:27:37,2021-07-09 17:45:06,Jay St & Tech Pl,4710,Columbia St & Rivington St,5365,40.695065,-73.987167,40.71739973,-73.98016555,member
729992,4ABDBA605F0DD014,classic_bike,2021-07-26 19:12:58,2021-07-26 19:35:00,Perry St & Bleecker St,5922,Columbia St & Rivington St,5365,40.73535398,-74.00483091,40.71739973,-73.98016555,member
729999,66D4AC1B9F1B7D0C,classic_bike,2021-07-18 16:11:04,2021-07-18 16:33:09,FDR Drive & E 35 St,6230,Columbia St & Rivington St,5365,40.744219,-73.97121214,40.71739973,-73.98016555,casual
730005,5973C896727CA8C9,classic_bike,2021-07-22 18:39:09,2021-07-22 19:02:58,E 20 St & 2 Ave,5971,Columbia St & Rivington St,5365,40.73587678,-73.98205027,40.71739973,-73.98016555,casual
730029,8B166B9E3227BF8E,classic_bike,2021-07-10 09:56:28,2021-07-10 10:48:38,E 20 St & 2 Ave,5971,Columbia St & Rivington St,5365,40.73587678,-73.98205027,40.71739973,-73.98016555,member
730039,7D6754240D46BFED,classic_bike,2021-07-24 19:08:29,2021-07-24 19:23:20,FDR Drive & E 35 St,6230,Columbia St & Rivington St,5365,40.744219,-73.97121214,40.71739973,-73.98016555,member
730041,E56FFC749C5DAB4A,classic_bike,2021-07-18 16:11:04,2021-07-18 16:32:56,FDR Drive & E 35 St,6230,Columbia St & Rivington St,5365,40.744219,-73.97121214,40.71739973,-73.98016555,member
730044,13A58E82CDFCFA7D,electric_bike,2021-07-03 18:03:15,2021-07-03 18:17:08,Perry St & Bleecker St,5922,Columbia St & Rivington St,5365,40.73535398,-74.00483091,40.71739973,-73.98016555,casual
730055,2BF0F546D9281DFA,classic_bike,2021-07-26 10:01:59,2021-07-26 10:18:44,FDR Drive & E 35 St,6230,Columbia St & Rivington St,5365,40.744219,-73.97121214,40.71739973,-73.98016555,member
730096,629875C53F435811,classic_bike,2021-07-10 12:01:39,2021-07-10 12:18:10,FDR Drive & E 35 St,6230,Columbia St & Rivington St,5365,40.744219,-73.97121214,40.71739973,-73.98016555,member
730111,998D688E5022FB34,classic_bike,2021-07-05 10:07:35,2021-07-05 10:43:10,E 20 St & 2 Ave,5971,Columbia St & Rivington St,5365,40.73587678,-73.98205027,40.71739973,-73.98016555,member
730124,221D4D1B59D3F7DA,classic_bike,2021-07-06 12:20:55,2021-07-06 12:35:03,E 20 St & 2 Ave,5971,Columbia St & Rivington St,5365,40.73587678,-73.98205027,40.71739973,-73.98016555,member
730204,D9986EC4C2D8F40E,classic_bike,2021-07-05 15:28:45,2021-07-05 15:52:05,MacDougal St & Prince St,5687,Columbia St & Rivington St,5365,40.72710258,-74.00297088,40.71739973,-73.98016555,casual
730340,6B5A990D6A136C42,classic_bike,2021-07-08 16:28:40,2021-07-08 16:46:26,Pearl St & Peck Slip,5096,Columbia St & Rivington St,5365,40.708485,-74.002751,40.71739973,-73.98016555,member
730345,F5A556DF4ADA6B3D,classic_bike,2021-07-15 19:03:11,2021-07-15 19:14:13,Pearl St & Peck Slip,5096,Columbia St & Rivington St,5365,40.708485,-74.002751,40.71739973,-73.98016555,member
730403,73A885E5BF386344,classic_bike,2021-07-13 18:40:11,2021-07-13 18:56:35,E 25 St & 2 Ave,6046,Columbia St & Rivington St,5365,40.73912601,-73.97973776,40.71739973,-73.98016555,member
730405,B939BE2727DFE78E,electric_bike,2021-07-05 21:41:38,2021-07-05 21:49:03,Madison St & Montgomery St,5262,Columbia St & Rivington St,5365,40.713126,-73.984844,40.71739973,-73.98016555,casual
730406,DCD87CB3B050CEB6,electric_bike,2021-07-01 23:01:35,2021-07-01 23:04:47,Madison St & Montgomery St,5262,Columbia St & Rivington St,5365,40.713126,-73.984844,40.71739973,-73.98016555,casual
730472,425E78E85A8A5525,classic_bike,2021-07-02 17:46:03,2021-07-02 17:54:10,Grand St & Elizabeth St,5382,Columbia St & Rivington St,5365,40.718822,-73.99596,40.71739973,-73.98016555,member
730497,83E82D38F790D738,electric_bike,2021-07-03 23:42:00,2021-07-04 00:00:44,Lexington Ave & E 29 St,6164,Columbia St & Rivington St,5365,40.74311555376486,-73.98215353488922,40.71739973,-73.98016555,member
730540,F64BDB18CFC2BE31,classic_bike,2021-07-11 15:04:22,2021-07-11 15:13:14,E 12 St & Ave C,5616,Columbia St & Rivington St,5365,40.727243,-73.976831,40.71739973,-73.98016555,member
730541,217F63022088557D,electric_bike,2021-07-14 03:24:21,2021-07-14 03:30:21,E 12 St & Ave C,5616,Columbia St & Rivington St,5365,40.727243,-73.976831,40.71739973,-73.98016555,member
730566,C8969D691EC40DB5,classic_bike,2021-07-30 17:31:36,2021-07-30 17:38:15,Clinton St & Grand St,5303,Columbia St & Rivington St,5365,40.71559509,-73.9870295,40.71739973,-73.98016555,member
730570,5EA64A91B450B496,electric_bike,2021-07-11 16:59:48,2021-07-11 17:18:40,Hope St & Union Ave,5187,Columbia St & Rivington St,5365,40.71167351,-73.95141312,40.71739973,-73.98016555,casual
730584,7CA7ED2F0F2ADC05,classic_bike,2021-07-12 16:07:31,2021-07-12 16:13:14,Clinton St & Grand St,5303,Columbia St & Rivington St,5365,40.71559509,-73.9870295,40.71739973,-73.98016555,casual
730585,3E228811ECC3ECEB,classic_bike,2021-07-30 11:17:10,2021-07-30 11:20:31,Clinton St & Grand St,5303,Columbia St & Rivington St,5365,40.71559509,-73.9870295,40.71739973,-73.98016555,member
730586,D0426FC8B60A7996,classic_bike,2021-07-26 21:27:52,2021-07-26 21:43:26,LaGuardia Pl & W 3 St,5721,Columbia St & Rivington St,5365,40.72917025,-73.99810231,40.71739973,-73.98016555,casual
730588,D63C8808EE57EA14,classic_bike,2021-07-23 08:46:32,2021-07-23 08:58:42,LaGuardia Pl & W 3 St,5721,Columbia St & Rivington St,5365,40.72917025,-73.99810231,40.71739973,-73.98016555,member
730630,D81A793561B504DB,classic_bike,2021-07-26 13:07:54,2021-07-26 13:12:07,Clinton St & Grand St,5303,Columbia St & Rivington St,5365,40.71559509,-73.9870295,40.71739973,-73.98016555,member
730673,18916AE72CB375E7,electric_bike,2021-07-22 20:43:01,2021-07-22 21:06:14,11 Ave & W 27 St,6425,Columbia St & Rivington St,5365,40.751396,-74.005226,40.71739973,-73.98016555,casual
730675,4910A1884F2AE325,classic_bike,2021-07-13 14:48:18,2021-07-13 15:42:59,Grand St & Elizabeth St,5382,Columbia St & Rivington St,5365,40.718822,-73.99596,40.71739973,-73.98016555,member
730677,A60F4C431B98E3A4,classic_bike,2021-07-15 15:03:39,2021-07-15 15:18:17,Grand St & Elizabeth St,5382,Columbia St & Rivington St,5365,40.718822,-73.99596,40.71739973,-73.98016555,member
730679,EACA771AD283B1A4,classic_bike,2021-07-11 16:45:42,2021-07-11 16:54:49,Grand St & Elizabeth St,5382,Columbia St & Rivington St,5365,40.718822,-73.99596,40.71739973,-73.98016555,member
730684,A75DA17505302C62,electric_bike,2021-07-12 15:36:28,2021-07-12 15:46:34,Grand St & Elizabeth St,5382,Columbia St & Rivington St,5365,40.718822,-73.99596,40.71739973,-73.98016555,member
730690,58B278AF572E6E61,classic_bike,2021-07-01 15:49:57,2021-07-01 16:02:11,Grand St & Elizabeth St,5382,Columbia St & Rivington St,5365,40.718822,-73.99596,40.71739973,-73.98016555,member
730693,756FBF9CDC926FD8,classic_bike,2021-07-09 16:22:16,2021-07-09 16:33:21,Grand St & Elizabeth St,5382,Columbia St & Rivington St,5365,40.718822,-73.99596,40.71739973,-73.98016555,member
730694,0F9DDC1772202105,electric_bike,2021-07-27 16:02:27,2021-07-27 16:16:39,Grand St & Elizabeth St,5382,Columbia St & Rivington St,5365,40.718822,-73.99596,40.71739973,-73.98016555,member
730696,C1AFF0F0393B86BE,classic_bike,2021-07-13 11:44:40,2021-07-13 11:55:01,Grand St & Elizabeth St,5382,Columbia St & Rivington St,5365,40.718822,-73.99596,40.71739973,-73.98016555,member
730704,5B91B4FE3FEC0BA0,classic_bike,2021-07-08 13:33:12,2021-07-08 13:44:07,Grand St & Elizabeth St,5382,Columbia St & Rivington St,5365,40.718822,-73.99596,40.71739973,-73.98016555,member
730705,825868FC14E5BCAD,electric_bike,2021-07-14 19:28:17,2021-07-14 19:47:36,W 37 St & 5 Ave,6398,Columbia St & Rivington St,5365,40.75038009,-73.98338988,40.71739973,-73.98016555,member
730706,39FBF08C3270DB50,classic_bike,2021-07-07 10:29:09,2021-07-07 10:39:31,Grand St & Elizabeth St,5382,Columbia St & Rivington St,5365,40.718822,-73.99596,40.71739973,-73.98016555,member
730707,E90558B4E6BF221D,classic_bike,2021-07-22 11:06:07,2021-07-22 11:15:41,Grand St & Elizabeth St,5382,Columbia St & Rivington St,5365,40.718822,-73.99596,40.71739973,-73.98016555,member
730734,7EB93D3FE8B7950F,classic_bike,2021-07-29 14:24:16,2021-07-29 14:31:10,Market St & Henry St,5270,Columbia St & Rivington St,5365,40.71310702305908,-73.99446353316307,40.71739973,-73.98016555,member
730787,3111DDD4FA1B5C47,electric_bike,2021-07-21 18:10:08,2021-07-21 18:29:54,Pershing Square North,6432,Columbia St & Rivington St,5365,40.751873,-73.977706,40.71739973,-73.98016555,member
730828,D7035997BBC61157,classic_bike,2021-07-04 16:03:03,2021-07-04 16:18:10,Pearl St & Peck Slip,5096,Columbia St & Rivington St,5365,40.708485,-74.002751,40.71739973,-73.98016555,casual
731121,9E0F539DCFCF5334,classic_bike,2021-07-31 18:20:16,2021-07-31 18:57:23,Broadway & W 58 St,6948,Columbia St & Rivington St,5365,40.76695317,-73.98169333,40.71739973,-73.98016555,casual
731134,BB68DAC4AF75BC2C,classic_bike,2021-07-27 12:07:26,2021-07-27 12:16:17,E 10 St & Avenue A,5659,Columbia St & Rivington St,5365,40.72740794,-73.98142006,40.71739973,-73.98016555,member
731136,3DE43AEB817E764C,classic_bike,2021-07-21 00:18:55,2021-07-21 00:21:27,E 6 St & Avenue D,5506,Columbia St & Rivington St,5365,40.72228087,-73.97668709,40.71739973,-73.98016555,member
731145,1BF31E54B0700FC2,electric_bike,2021-07-09 10:34:17,2021-07-09 10:42:21,E 2 St & Avenue A,5553,Columbia St & Rivington St,5365,40.72307749068673,-73.98583620786667,40.71739973,-73.98016555,member
731155,4B9E17E1CB058709,classic_bike,2021-07-11 11:44:55,2021-07-11 12:10:28,E 6 St & Avenue D,5506,Columbia St & Rivington St,5365,40.72228087,-73.97668709,40.71739973,-73.98016555,casual
731180,0C973F08BBDFE84E,electric_bike,2021-07-15 07:33:51,2021-07-15 07:46:33,Perry St & Greenwich Ave,5955,Columbia St & Rivington St,5365,40.735918,-74.000939,40.71739973,-73.98016555,casual
731181,1AB238677FBD1B13,classic_bike,2021-07-28 18:40:46,2021-07-28 18:50:49,Grand St & Elizabeth St,5382,Columbia St & Rivington St,5365,40.718822,-73.99596,40.71739973,-73.98016555,member
731183,1CB64D8075A4AC42,electric_bike,2021-07-07 16:05:01,2021-07-07 16:13:18,Grand St & Elizabeth St,5382,Columbia St & Rivington St,5365,40.718822,-73.99596,40.71739973,-73.98016555,member
731184,5FBD1321D6F64F15,classic_bike,2021-07-12 11:55:47,2021-07-12 12:05:04,Grand St & Elizabeth St,5382,Columbia St & Rivington St,5365,40.718822,-73.99596,40.71739973,-73.98016555,member
731192,A5986407A81858B3,classic_bike,2021-07-07 15:24:00,2021-07-07 15:35:38,Grand St & Elizabeth St,5382,Columbia St & Rivington St,5365,40.718822,-73.99596,40.71739973,-73.98016555,member
731193,3E94C14CC5F7BA3B,classic_bike,2021-07-09 13:45:44,2021-07-09 13:54:52,Grand St & Elizabeth St,5382,Columbia St & Rivington St,5365,40.718822,-73.99596,40.71739973,-73.98016555,member
731200,D5D8FE35B8FA7AE1,classic_bike,2021-07-25 04:31:54,2021-07-25 04:50:36,E 10 St & Avenue A,5659,Columbia St & Rivington St,5365,40.72740794,-73.98142006,40.71739973,-73.98016555,member
731203,F6E1DD1545FB439D,classic_bike,2021-07-25 01:11:49,2021-07-25 01:16:49,E 2 St & Avenue A,5553,Columbia St & Rivington St,5365,40.72307749068673,-73.98583620786667,40.71739973,-73.98016555,casual
731204,6A5CF3D1B9F7928E,classic_bike,2021-07-23 16:28:09,2021-07-23 16:33:02,E 6 St & Avenue D,5506,Columbia St & Rivington St,5365,40.72228087,-73.97668709,40.71739973,-73.98016555,casual
731218,3164E9BE2B5C91F6,classic_bike,2021-07-16 10:19:49,2021-07-16 10:24:09,E 6 St & Avenue D,5506,Columbia St & Rivington St,5365,40.72228087,-73.97668709,40.71739973,-73.98016555,casual
731220,D405360BBC068A86,classic_bike,2021-07-09 20:11:17,2021-07-09 20:14:14,E 6 St & Avenue D,5506,Columbia St & Rivington St,5365,40.72228087,-73.97668709,40.71739973,-73.98016555,member
731224,675EE31D83D7FD98,electric_bike,2021-07-18 14:33:58,2021-07-18 14:42:27,E 2 St & Avenue A,5553,Columbia St & Rivington St,5365,40.72307749068673,-73.98583620786667,40.71739973,-73.98016555,member
731225,871F073C86AB541F,classic_bike,2021-07-25 21:26:57,2021-07-25 21:32:35,E 10 St & Avenue A,5659,Columbia St & Rivington St,5365,40.72740794,-73.98142006,40.71739973,-73.98016555,member
731235,B9B9342267AD54E1,electric_bike,2021-07-14 18:21:46,2021-07-14 18:27:50,E 10 St & Avenue A,5659,Columbia St & Rivington St,5365,40.72740794,-73.98142006,40.71739973,-73.98016555,casual
731241,DE5E7A3237AFF6F8,electric_bike,2021-07-14 19:11:05,2021-07-14 19:23:12,E 6 St & Avenue D,5506,Columbia St & Rivington St,5365,40.72228087,-73.97668709,40.71739973,-73.98016555,casual
731248,4B3B17524F443A76,electric_bike,2021-07-02 16:07:40,2021-07-02 16:11:32,E 6 St & Avenue D,5506,Columbia St & Rivington St,5365,40.72228087,-73.97668709,40.71739973,-73.98016555,casual
731250,2E70EF36114A0562,classic_bike,2021-07-15 08:48:05,2021-07-15 09:02:49,E 14 St & Avenue B,5736,Columbia St & Rivington St,5365,40.72938685,-73.97772429,40.71739973,-73.98016555,casual
731252,E0478F83EC4C8C4D,electric_bike,2021-07-28 17:54:31,2021-07-28 17:57:46,E 6 St & Avenue D,5506,Columbia St & Rivington St,5365,40.72228087,-73.97668709,40.71739973,-73.98016555,casual
731254,E47F04835D4034F6,electric_bike,2021-07-16 15:46:33,2021-07-16 15:48:46,E 6 St & Avenue D,5506,Columbia St & Rivington St,5365,40.72228087,-73.97668709,40.71739973,-73.98016555,member
731282,6BA3F58FF5144E0F,classic_bike,2021-07-26 21:01:18,2021-07-26 21:17:56,University Pl & E 8 St,5755,Columbia St & Rivington St,5365,40.73143724085228,-73.99490341544151,40.71739973,-73.98016555,member
731352,57D2D801F04C7ABF,classic_bike,2021-07-28 18:18:19,2021-07-28 18:42:21,West St & Chambers St,5329,Columbia St & Rivington St,5365,40.71754834,-74.01322069,40.71739973,-73.98016555,casual
731363,EFB3B0737CB3D43E,classic_bike,2021-07-12 14:17:01,2021-07-12 14:39:41,10 Ave & W 28 St,6459,Columbia St & Rivington St,5365,40.75066386,-74.00176802,40.71739973,-73.98016555,casual
731365,09BB9D97A36E7787,electric_bike,2021-07-16 01:50:02,2021-07-16 02:30:42,W 52 St & 11 Ave,6926,Columbia St & Rivington St,5365,40.76727216,-73.99392888,40.71739973,-73.98016555,casual
731404,4A99D7917DB42EF9,electric_bike,2021-07-23 15:49:26,2021-07-23 15:58:05,Pearl St & Peck Slip,5096,Columbia St & Rivington St,5365,40.708485,-74.002751,40.71739973,-73.98016555,member
731422,CAED1DF54314314B,electric_bike,2021-07-15 15:04:58,2021-07-15 15:08:39,E 6 St & Avenue D,5506,Columbia St & Rivington St,5365,40.72228087,-73.97668709,40.71739973,-73.98016555,member
731426,C1B057FF926A976D,electric_bike,2021-07-19 20:22:58,2021-07-19 20:27:48,E 6 St & Avenue B,5584,Columbia St & Rivington St,5365,40.72453734,-73.98185424,40.71739973,-73.98016555,member
731427,D670F01925F0B6EF,electric_bike,2021-07-01 16:10:39,2021-07-01 16:18:49,E 2 St & Avenue A,5553,Columbia St & Rivington St,5365,40.72307749068673,-73.98583620786667,40.71739973,-73.98016555,member
731428,8F16E9293866CD26,electric_bike,2021-07-14 15:09:55,2021-07-14 15:17:33,E 2 St & Avenue A,5553,Columbia St & Rivington St,5365,40.72307749068673,-73.98583620786667,40.71739973,-73.98016555,member
731439,44DA127FB977C437,classic_bike,2021-07-18 17:28:30,2021-07-18 17:33:35,E 6 St & Avenue B,5584,Columbia St & Rivington St,5365,40.72453734,-73.98185424,40.71739973,-73.98016555,member
731442,F121F36157BB2AAD,classic_bike,2021-07-24 11:17:26,2021-07-24 11:26:42,E 2 St & Avenue A,5553,Columbia St & Rivington St,5365,40.72307749068673,-73.98583620786667,40.71739973,-73.98016555,casual
731444,2349BEF8C33764F7,classic_bike,2021-07-06 08:05:28,2021-07-06 08:14:58,E 10 St & Avenue A,5659,Columbia St & Rivington St,5365,40.72740794,-73.98142006,40.71739973,-73.98016555,casual
731447,3C47D9BB1237CF61,electric_bike,2021-07-27 16:56:52,2021-07-27 17:01:38,E 10 St & Avenue A,5659,Columbia St & Rivington St,5365,40.72740794,-73.98142006,40.71739973,-73.98016555,member
731448,6540F6F7BA8B91D0,classic_bike,2021-07-14 08:45:06,2021-07-14 08:50:59,E 6 St & Avenue B,5584,Columbia St & Rivington St,5365,40.72453734,-73.98185424,40.71739973,-73.98016555,member
731474,4662C4B6A8782EDC,classic_bike,2021-07-25 11:54:42,2021-07-25 11:57:49,E 6 St & Avenue D,5506,Columbia St & Rivington St,5365,40.72228087,-73.97668709,40.71739973,-73.98016555,member
731475,18C2AF5520CCB60A,classic_bike,2021-07-24 16:27:22,2021-07-24 16:45:21,E 6 St & Avenue D,5506,Columbia St & Rivington St,5365,40.72228087,-73.97668709,40.71739973,-73.98016555,member
731480,0D49AF32D8EAD3E6,classic_bike,2021-07-14 10:43:53,2021-07-14 10:48:02,E 6 St & Avenue D,5506,Columbia St & Rivington St,5365,40.72228087,-73.97668709,40.71739973,-73.98016555,casual
731484,40EA40C9A9F57DF0,classic_bike,2021-07-29 13:28:53,2021-07-29 13:32:55,E 6 St & Avenue D,5506,Columbia St & Rivington St,5365,40.72228087,-73.97668709,40.71739973,-73.98016555,casual
731487,BD5C2C336875989C,classic_bike,2021-07-06 13:10:53,2021-07-06 13:16:03,E 6 St & Avenue B,5584,Columbia St & Rivington St,5365,40.72453734,-73.98185424,40.71739973,-73.98016555,casual
731492,C319B7384EC24D11,electric_bike,2021-07-31 19:35:47,2021-07-31 19:39:57,E 6 St & Avenue D,5506,Columbia St & Rivington St,5365,40.72228087,-73.97668709,40.71739973,-73.98016555,casual
731517,BB297374B0CE0628,classic_bike,2021-07-05 22:24:33,2021-07-05 22:28:03,E 6 St & Avenue D,5506,Columbia St & Rivington St,5365,40.72228087,-73.97668709,40.71739973,-73.98016555,member
731518,D5D575D7B82C5891,electric_bike,2021-07-06 18:06:08,2021-07-06 18:16:16,E 6 St & Avenue D,5506,Columbia St & Rivington St,5365,40.72228087,-73.97668709,40.71739973,-73.98016555,member
731519,E94BC45A036BAB0F,classic_bike,2021-07-19 22:36:51,2021-07-19 22:40:26,E 6 St & Avenue D,5506,Columbia St & Rivington St,5365,40.72228087,-73.97668709,40.71739973,-73.98016555,member
731521,465C3128BA0B13B2,electric_bike,2021-07-14 12:40:25,2021-07-14 12:52:22,E 10 St & Avenue A,5659,Columbia St & Rivington St,5365,40.72740794,-73.98142006,40.71739973,-73.98016555,member
731545,39611EB74795A064,classic_bike,2021-07-21 20:15:19,2021-07-21 20:19:08,E 6 St & Avenue D,5506,Columbia St & Rivington St,5365,40.72228087,-73.97668709,40.71739973,-73.98016555,member
731549,05184019DAC9D0F8,classic_bike,2021-07-02 18:19:40,2021-07-02 18:24:05,E 6 St & Avenue B,5584,Columbia St & Rivington St,5365,40.72453734,-73.98185424,40.71739973,-73.98016555,member
731556,99CB833095D1E8AF,classic_bike,2021-07-25 18:19:27,2021-07-25 18:26:39,E 6 St & Avenue D,5506,Columbia St & Rivington St,5365,40.72228087,-73.97668709,40.71739973,-73.98016555,member
731561,B014AC10D757DDE3,classic_bike,2021-07-09 12:12:13,2021-07-09 12:20:56,E 10 St & Avenue A,5659,Columbia St & Rivington St,5365,40.72740794,-73.98142006,40.71739973,-73.98016555,member
731719,344D5854A8E892DD,classic_bike,2021-07-14 22:16:08,2021-07-14 22:35:12,E 48 St & 3 Ave,6541,Columbia St & Rivington St,5365,40.7546011026,-73.971878855,40.71739973,-73.98016555,member
731721,58FEB4DB691A15B7,classic_bike,2021-07-28 16:43:50,2021-07-28 16:56:00,Market St & Henry St,5270,Columbia St & Rivington St,5365,40.71310702305908,-73.99446353316307,40.71739973,-73.98016555,member
731722,7B8F3555E4A6E33F,classic_bike,2021-07-18 16:21:54,2021-07-18 16:30:29,Market St & Henry St,5270,Columbia St & Rivington St,5365,40.71310702305908,-73.99446353316307,40.71739973,-73.98016555,member
731728,270A563134C46714,classic_bike,2021-07-01 09:28:57,2021-07-01 09:38:12,1 Ave & E 6 St,5626,Columbia St & Rivington St,5365,40.72633085971696,-73.98616880178452,40.71739973,-73.98016555,casual
731785,00D7EFB7BB2100DA,classic_bike,2021-07-23 15:09:18,2021-07-23 15:38:22,Pershing Square North,6432,Columbia St & Rivington St,5365,40.751873,-73.977706,40.71739973,-73.98016555,casual
731790,4806ED842CD740C7,classic_bike,2021-07-23 03:53:49,2021-07-23 04:03:35,Grand St & Elizabeth St,5382,Columbia St & Rivington St,5365,40.718822,-73.99596,40.71739973,-73.98016555,member
731797,A6BDC8DB9B590FF6,classic_bike,2021-07-02 12:56:47,2021-07-02 13:11:21,Grand St & Elizabeth St,5382,Columbia St & Rivington St,5365,40.718822,-73.99596,40.71739973,-73.98016555,member
731824,A74382E18BEA04F1,electric_bike,2021-07-22 01:32:55,2021-07-22 01:43:10,S 4 St & Rodney St,5156,Columbia St & Rivington St,5365,40.70934,-73.95608,40.71739973,-73.98016555,member
732073,E3A6AF8A9CC8FA5D,classic_bike,2021-07-16 10:51:05,2021-07-16 11:12:47,Wall St & South St,4953,Columbia St & Rivington St,5365,40.70437,-74.00637,40.71739973,-73.98016555,casual
732123,FC39775BBC64BDF5,classic_bike,2021-07-24 18:31:53,2021-07-24 18:44:53,Wall St & South St,4953,Columbia St & Rivington St,5365,40.70437,-74.00637,40.71739973,-73.98016555,member
732127,CD458E49E4542CAB,electric_bike,2021-07-27 17:44:34,2021-07-27 17:59:34,Wall St & South St,4953,Columbia St & Rivington St,5365,40.70437,-74.00637,40.71739973,-73.98016555,casual
732152,3CA1F3C73F889319,electric_bike,2021-07-02 18:44:32,2021-07-02 19:01:42,Wall St & South St,4953,Columbia St & Rivington St,5365,40.70437,-74.00637,40.71739973,-73.98016555,member
732200,081AE7FF36978248,electric_bike,2021-07-23 17:09:57,2021-07-23 17:20:00,Wall St & South St,4953,Columbia St & Rivington St,5365,40.70437,-74.00637,40.71739973,-73.98016555,member
732206,D1311304486F69C5,classic_bike,2021-07-30 18:35:19,2021-07-30 18:57:37,Wall St & South St,4953,Columbia St & Rivington St,5365,40.70437,-74.00637,40.71739973,-73.98016555,member
732279,349732A02398A661,electric_bike,2021-07-06 17:23:41,2021-07-06 17:34:04,Pearl St & Peck Slip,5096,Columbia St & Rivington St,5365,40.708485,-74.002751,40.71739973,-73.98016555,member
732280,C7D9483A5ED18108,classic_bike,2021-07-13 17:15:32,2021-07-13 17:34:12,Pearl St & Peck Slip,5096,Columbia St & Rivington St,5365,40.708485,-74.002751,40.71739973,-73.98016555,member
732330,6CC8B50D84C3708F,classic_bike,2021-07-01 23:10:04,2021-07-01 23:22:59,W Broadway & W Houston St,5644,Columbia St & Rivington St,5365,40.726378,-74.000472,40.71739973,-73.98016555,member
732386,A45DB12AAD7B9702,classic_bike,2021-07-05 11:29:34,2021-07-05 11:47:39,Morton St & Washington St,5772,Columbia St & Rivington St,5365,40.73115,-74.00887,40.71739973,-73.98016555,member
732403,210427F4079898DF,classic_bike,2021-07-18 07:35:46,2021-07-18 07:57:37,Lexington Ave & E 29 St,6164,Columbia St & Rivington St,5365,40.74311555376486,-73.98215353488922,40.71739973,-73.98016555,member
732434,B8347E9A123260A8,classic_bike,2021-07-20 17:48:49,2021-07-20 18:08:12,Jay St & Tech Pl,4710,Columbia St & Rivington St,5365,40.695065,-73.987167,40.71739973,-73.98016555,member
732435,5E117278AAFD44E8,classic_bike,2021-07-25 07:47:54,2021-07-25 08:05:54,Lexington Ave & E 29 St,6164,Columbia St & Rivington St,5365,40.74311555376486,-73.98215353488922,40.71739973,-73.98016555,member
732439,D93101DEDFEB6DBB,classic_bike,2021-07-15 18:06:46,2021-07-15 18:15:39,Forsyth St\t& Grand St,5382,Columbia St & Rivington St,5365,40.71779817737835,-73.99316132068634,40.71739973,-73.98016555,member
732441,8F795F380D6CA34A,classic_bike,2021-07-19 19:40:16,2021-07-19 19:47:48,Cleveland Pl & Spring St,5492,Columbia St & Rivington St,5365,40.722103786686034,-73.99724900722504,40.71739973,-73.98016555,member
732487,D6E34E498A2F144F,electric_bike,2021-07-07 18:17:05,2021-07-07 18:40:29,Laight St & Hudson St,5539,Columbia St & Rivington St,5365,40.72185379,-74.00771779,40.71739973,-73.98016555,casual
732500,72C037D7E2F1C28F,classic_bike,2021-07-11 19:14:51,2021-07-11 19:35:44,Forsyth St\t& Grand St,5382,Columbia St & Rivington St,5365,40.71779817737835,-73.99316132068634,40.71739973,-73.98016555,member
732517,E745B4D1C557EEB0,classic_bike,2021-07-16 17:34:03,2021-07-16 17:46:37,Forsyth St\t& Grand St,5382,Columbia St & Rivington St,5365,40.71779817737835,-73.99316132068634,40.71739973,-73.98016555,member
732518,BCC996727A9A3164,classic_bike,2021-07-22 17:42:51,2021-07-22 17:52:27,Forsyth St\t& Grand St,5382,Columbia St & Rivington St,5365,40.71779817737835,-73.99316132068634,40.71739973,-73.98016555,member
732521,78EADB7D91A28BE5,classic_bike,2021-07-30 19:01:17,2021-07-30 19:10:19,Forsyth St\t& Grand St,5382,Columbia St & Rivington St,5365,40.71779817737835,-73.99316132068634,40.71739973,-73.98016555,member
732522,A1F110931D1348B3,classic_bike,2021-07-15 18:19:41,2021-07-15 18:25:17,Forsyth St\t& Grand St,5382,Columbia St & Rivington St,5365,40.71779817737835,-73.99316132068634,40.71739973,-73.98016555,member
732526,18C2E334A2A8F315,classic_bike,2021-07-31 16:41:22,2021-07-31 16:52:09,Forsyth St\t& Grand St,5382,Columbia St & Rivington St,5365,40.71779817737835,-73.99316132068634,40.71739973,-73.98016555,member
732528,2584E4C66F915A39,classic_bike,2021-07-01 16:48:34,2021-07-01 16:56:45,Forsyth St\t& Grand St,5382,Columbia St & Rivington St,5365,40.71779817737835,-73.99316132068634,40.71739973,-73.98016555,member
732547,91B3454FAF40860D,classic_bike,2021-07-02 12:59:31,2021-07-02 13:08:27,Forsyth St\t& Grand St,5382,Columbia St & Rivington St,5365,40.71779817737835,-73.99316132068634,40.71739973,-73.98016555,member
732557,07EFA544FB366118,classic_bike,2021-07-27 11:38:44,2021-07-27 11:46:53,Forsyth St\t& Grand St,5382,Columbia St & Rivington St,5365,40.71779817737835,-73.99316132068634,40.71739973,-73.98016555,member
732572,6FA25FFBC19C7560,classic_bike,2021-07-14 16:01:57,2021-07-14 16:09:56,Forsyth St\t& Grand St,5382,Columbia St & Rivington St,5365,40.71779817737835,-73.99316132068634,40.71739973,-73.98016555,casual
732577,9DA59AF68882F554,classic_bike,2021-07-30 07:23:04,2021-07-30 07:37:24,E 12 St & 3 Ave,5788,Columbia St & Rivington St,5365,40.73223272,-73.98889957,40.71739973,-73.98016555,member
732580,FEA636DE2A340070,classic_bike,2021-07-24 20:48:47,2021-07-24 20:58:16,Forsyth St\t& Grand St,5382,Columbia St & Rivington St,5365,40.71779817737835,-73.99316132068634,40.71739973,-73.98016555,member
732588,2C916488317ACF9B,classic_bike,2021-07-29 22:35:28,2021-07-29 22:43:26,Cleveland Pl & Spring St,5492,Columbia St & Rivington St,5365,40.722103786686034,-73.99724900722504,40.71739973,-73.98016555,member
732590,31470333B9F5F8A6,classic_bike,2021-07-27 16:24:26,2021-07-27 16:30:42,Forsyth St\t& Grand St,5382,Columbia St & Rivington St,5365,40.71779817737835,-73.99316132068634,40.71739973,-73.98016555,member
732672,7F1417AD007A8868,classic_bike,2021-07-04 17:16:16,2021-07-04 19:43:25,Soissons Landing,4590,Columbia St & Rivington St,5365,40.69231660719192,-74.01486575603485,40.71739973,-73.98016555,member
732881,E420111656E25764,classic_bike,2021-07-29 23:52:07,2021-07-30 00:03:25,Cooper Square & Astor Pl,5712,Columbia St & Rivington St,5365,40.72951496224949,-73.99075269699097,40.71739973,-73.98016555,member
732911,E0F1C2B09FB57EE9,classic_bike,2021-07-04 00:43:05,2021-07-04 00:57:58,University Pl & E 8 St,5755,Columbia St & Rivington St,5365,40.73143724085228,-73.99490341544151,40.71739973,-73.98016555,casual
733054,C48A49AA070C3B04,classic_bike,2021-07-23 15:22:53,2021-07-23 15:29:30,1 Ave & E 6 St,5626,Columbia St & Rivington St,5365,40.72633085971696,-73.98616880178452,40.71739973,-73.98016555,member
733056,C36B54B75E025082,classic_bike,2021-07-29 15:19:19,2021-07-29 15:26:06,1 Ave & E 6 St,5626,Columbia St & Rivington St,5365,40.72633085971696,-73.98616880178452,40.71739973,-73.98016555,member
733057,0DE2162DD32F8380,classic_bike,2021-07-22 15:15:49,2021-07-22 15:23:29,1 Ave & E 6 St,5626,Columbia St & Rivington St,5365,40.72633085971696,-73.98616880178452,40.71739973,-73.98016555,member
733156,C5D12E5F0AEE4069,classic_bike,2021-07-30 17:05:21,2021-07-30 17:18:51,Pearl St & Peck Slip,5096,Columbia St & Rivington St,5365,40.708485,-74.002751,40.71739973,-73.98016555,member
733197,EC32F194117D9D90,classic_bike,2021-07-08 08:15:11,2021-07-08 08:23:58,Forsyth St\t& Grand St,5382,Columbia St & Rivington St,5365,40.71779817737835,-73.99316132068634,40.71739973,-73.98016555,member
733198,7E0FAD77532BAD69,classic_bike,2021-07-05 20:52:54,2021-07-05 21:02:37,Forsyth St\t& Grand St,5382,Columbia St & Rivington St,5365,40.71779817737835,-73.99316132068634,40.71739973,-73.98016555,member
733199,1DCC55D61B410097,electric_bike,2021-07-19 16:40:49,2021-07-19 16:50:36,Forsyth St\t& Grand St,5382,Columbia St & Rivington St,5365,40.71779817737835,-73.99316132068634,40.71739973,-73.98016555,member
733201,374C9BC60C6FAF6D,classic_bike,2021-07-26 18:30:25,2021-07-26 18:44:15,Forsyth St\t& Grand St,5382,Columbia St & Rivington St,5365,40.71779817737835,-73.99316132068634,40.71739973,-73.98016555,member
733207,580AEB7C1A135076,classic_bike,2021-07-29 10:23:33,2021-07-29 10:31:38,Forsyth St\t& Grand St,5382,Columbia St & Rivington St,5365,40.71779817737835,-73.99316132068634,40.71739973,-73.98016555,member
733210,C7D498B0CD232BBB,classic_bike,2021-07-22 16:26:44,2021-07-22 16:54:52,Forsyth St\t& Grand St,5382,Columbia St & Rivington St,5365,40.71779817737835,-73.99316132068634,40.71739973,-73.98016555,member
733211,86D1A1430035EAEB,classic_bike,2021-07-09 19:54:26,2021-07-09 20:03:21,Forsyth St\t& Grand St,5382,Columbia St & Rivington St,5365,40.71779817737835,-73.99316132068634,40.71739973,-73.98016555,member
733212,731F486A3F69EA3C,classic_bike,2021-07-08 21:39:47,2021-07-08 21:47:00,Forsyth St\t& Grand St,5382,Columbia St & Rivington St,5365,40.71779817737835,-73.99316132068634,40.71739973,-73.98016555,member
733216,E32970AF2B441148,classic_bike,2021-07-14 19:21:03,2021-07-14 19:31:37,Cleveland Pl & Spring St,5492,Columbia St & Rivington St,5365,40.722103786686034,-73.99724900722504,40.71739973,-73.98016555,member
733220,E00384221BD54EB2,electric_bike,2021-07-21 18:11:33,2021-07-21 18:21:13,Forsyth St\t& Grand St,5382,Columbia St & Rivington St,5365,40.71779817737835,-73.99316132068634,40.71739973,-73.98016555,member
733222,67FA1810E695023B,classic_bike,2021-07-30 15:41:21,2021-07-30 15:48:26,Forsyth St\t& Grand St,5382,Columbia St & Rivington St,5365,40.71779817737835,-73.99316132068634,40.71739973,-73.98016555,member
733223,54AD889B6E0DB8D3,electric_bike,2021-07-15 17:09:14,2021-07-15 17:15:49,Cleveland Pl & Spring St,5492,Columbia St & Rivington St,5365,40.722103786686034,-73.99724900722504,40.71739973,-73.98016555,member
733224,8D9746A9B213C181,electric_bike,2021-07-06 14:12:46,2021-07-06 14:22:38,Cleveland Pl & Spring St,5492,Columbia St & Rivington St,5365,40.722103786686034,-73.99724900722504,40.71739973,-73.98016555,member
733233,8A4208F5ECEE031C,electric_bike,2021-07-09 15:42:34,2021-07-09 15:53:45,Forsyth St\t& Grand St,5382,Columbia St & Rivington St,5365,40.71779817737835,-73.99316132068634,40.71739973,-73.98016555,member
733234,EC7B5F8B07A9BFBA,electric_bike,2021-07-09 20:51:04,2021-07-09 20:56:26,Forsyth St\t& Grand St,5382,Columbia St & Rivington St,5365,40.71779817737835,-73.99316132068634,40.71739973,-73.98016555,member
733236,DC85CAAE55C00552,electric_bike,2021-07-02 16:37:37,2021-07-02 16:52:35,Forsyth St\t& Grand St,5382,Columbia St & Rivington St,5365,40.71779817737835,-73.99316132068634,40.71739973,-73.98016555,member
733263,A1C09B4DDDD10536,classic_bike,2021-07-26 11:57:22,2021-07-26 12:03:53,Grand St & Elizabeth St,5382,Columbia St & Rivington St,5365,40.718822,-73.99596,40.71739973,-73.98016555,member
733264,74D99DEE6CEFFFE5,classic_bike,2021-07-19 19:36:54,2021-07-19 19:47:59,Grand St & Elizabeth St,5382,Columbia St & Rivington St,5365,40.718822,-73.99596,40.71739973,-73.98016555,member
733265,9930B49DF990BDE7,classic_bike,2021-07-04 18:28:05,2021-07-04 18:37:25,Grand St & Elizabeth St,5382,Columbia St & Rivington St,5365,40.718822,-73.99596,40.71739973,-73.98016555,member
733266,25D024157806A1E0,classic_bike,2021-07-07 18:34:26,2021-07-07 18:45:28,Grand St & Elizabeth St,5382,Columbia St & Rivington St,5365,40.718822,-73.99596,40.71739973,-73.98016555,member
733364,70503617B6B98FAF,electric_bike,2021-07-31 18:31:58,2021-07-31 18:39:45,Grand St & Elizabeth St,5382,Columbia St & Rivington St,5365,40.718822,-73.99596,40.71739973,-73.98016555,casual
733371,2AA3E9504AC0CF22,electric_bike,2021-07-17 08:02:20,2021-07-17 08:08:44,Grand St & Elizabeth St,5382,Columbia St & Rivington St,5365,40.718822,-73.99596,40.71739973,-73.98016555,casual
733378,092A2951D9777E9B,classic_bike,2021-07-03 14:16:58,2021-07-03 14:26:56,Grand St & Elizabeth St,5382,Columbia St & Rivington St,5365,40.718822,-73.99596,40.71739973,-73.98016555,member
733385,92D81D117C19209C,classic_bike,2021-07-19 14:32:17,2021-07-19 14:44:57,Grand St & Elizabeth St,5382,Columbia St & Rivington St,5365,40.718822,-73.99596,40.71739973,-73.98016555,member
733387,08679380198ABFE9,classic_bike,2021-07-06 08:45:21,2021-07-06 08:58:02,Grand St & Elizabeth St,5382,Columbia St & Rivington St,5365,40.718822,-73.99596,40.71739973,-73.98016555,member
733388,E6534CD0FBE3624C,classic_bike,2021-07-06 14:08:07,2021-07-06 14:17:57,Grand St & Elizabeth St,5382,Columbia St & Rivington St,5365,40.718822,-73.99596,40.71739973,-73.98016555,member
733390,85DA2E6636B911FA,classic_bike,2021-07-20 17:28:14,2021-07-20 17:37:48,Grand St & Elizabeth St,5382,Columbia St & Rivington St,5365,40.718822,-73.99596,40.71739973,-73.98016555,member
733396,9C2F9D7FB4688477,classic_bike,2021-07-03 19:36:55,2021-07-03 19:46:42,Grand St & Elizabeth St,5382,Columbia St & Rivington St,5365,40.718822,-73.99596,40.71739973,-73.98016555,member
733397,CC98CAB115A4F70B,classic_bike,2021-07-17 09:22:31,2021-07-17 09:30:14,Grand St & Elizabeth St,5382,Columbia St & Rivington St,5365,40.718822,-73.99596,40.71739973,-73.98016555,member
733459,BDA7E30A44C75D1D,electric_bike,2021-07-16 15:41:08,2021-07-16 16:08:46,10 Ave & W 28 St,6459,Columbia St & Rivington St,5365,40.75066386,-74.00176802,40.71739973,-73.98016555,casual
733572,7566DD87DFEAD26D,classic_bike,2021-07-13 19:41:14,2021-07-13 19:47:26,Forsyth St\t& Grand St,5382,Columbia St & Rivington St,5365,40.71779817737835,-73.99316132068634,40.71739973,-73.98016555,member
733577,77A74F54B807B344,classic_bike,2021-07-20 18:50:30,2021-07-20 19:01:02,Forsyth St\t& Grand St,5382,Columbia St & Rivington St,5365,40.71779817737835,-73.99316132068634,40.71739973,-73.98016555,member
733579,64C29571DA5B141E,classic_bike,2021-07-09 16:13:58,2021-07-09 16:20:09,Forsyth St\t& Grand St,5382,Columbia St & Rivington St,5365,40.71779817737835,-73.99316132068634,40.71739973,-73.98016555,member
733580,C9B6BE5349D60DAE,classic_bike,2021-07-24 15:39:34,2021-07-24 15:45:37,Forsyth St\t& Grand St,5382,Columbia St & Rivington St,5365,40.71779817737835,-73.99316132068634,40.71739973,-73.98016555,member
733581,F5A58B6B63E75B54,classic_bike,2021-07-23 20:30:21,2021-07-23 20:36:43,Forsyth St\t& Grand St,5382,Columbia St & Rivington St,5365,40.71779817737835,-73.99316132068634,40.71739973,-73.98016555,member
733583,BA22D6AAC30000C5,classic_bike,2021-07-30 20:28:19,2021-07-30 20:36:39,Forsyth St\t& Grand St,5382,Columbia St & Rivington St,5365,40.71779817737835,-73.99316132068634,40.71739973,-73.98016555,member
733584,E666B53A9590D45D,classic_bike,2021-07-26 19:45:21,2021-07-26 19:54:14,Forsyth St\t& Grand St,5382,Columbia St & Rivington St,5365,40.71779817737835,-73.99316132068634,40.71739973,-73.98016555,member
733585,9BF0A3F58FC35C30,electric_bike,2021-07-13 01:03:19,2021-07-13 01:16:19,Cleveland Pl & Spring St,5492,Columbia St & Rivington St,5365,40.722103786686034,-73.99724900722504,40.71739973,-73.98016555,member
733586,473EF74C505EDA5D,classic_bike,2021-07-05 18:51:24,2021-07-05 19:06:05,Forsyth St\t& Grand St,5382,Columbia St & Rivington St,5365,40.71779817737835,-73.99316132068634,40.71739973,-73.98016555,member
733587,C6D53A71F72EC21F,classic_bike,2021-07-20 16:11:02,2021-07-20 16:20:43,Forsyth St\t& Grand St,5382,Columbia St & Rivington St,5365,40.71779817737835,-73.99316132068634,40.71739973,-73.98016555,member
733659,5A091E5A7D834F85,electric_bike,2021-07-05 12:28:46,2021-07-05 12:44:58,Perry St & Greenwich Ave,5955,Columbia St & Rivington St,5365,40.735918,-74.000939,40.71739973,-73.98016555,casual
733667,DC290FEFEE1D9CD6,classic_bike,2021-07-27 18:20:18,2021-07-27 18:28:02,Forsyth St\t& Grand St,5382,Columbia St & Rivington St,5365,40.71779817737835,-73.99316132068634,40.71739973,-73.98016555,member
733668,2B6964A6B2BB88A0,classic_bike,2021-07-29 17:18:25,2021-07-29 17:26:24,Forsyth St\t& Grand St,5382,Columbia St & Rivington St,5365,40.71779817737835,-73.99316132068634,40.71739973,-73.98016555,member
733670,674D7BDFF2CC4ECF,classic_bike,2021-07-17 14:12:05,2021-07-17 14:22:00,Forsyth St\t& Grand St,5382,Columbia St & Rivington St,5365,40.71779817737835,-73.99316132068634,40.71739973,-73.98016555,member
733672,03F46EA39454018D,classic_bike,2021-07-04 17:46:00,2021-07-04 17:53:48,Forsyth St\t& Grand St,5382,Columbia St & Rivington St,5365,40.71779817737835,-73.99316132068634,40.71739973,-73.98016555,member
733673,C1EAA9E5140F487F,classic_bike,2021-07-31 16:35:59,2021-07-31 16:45:15,Forsyth St\t& Grand St,5382,Columbia St & Rivington St,5365,40.71779817737835,-73.99316132068634,40.71739973,-73.98016555,member
733678,990B292874CD1BD5,classic_bike,2021-07-28 13:10:44,2021-07-28 13:40:57,Forsyth St\t& Grand St,5382,Columbia St & Rivington St,5365,40.71779817737835,-73.99316132068634,40.71739973,-73.98016555,member
733912,357D69BF8E0DB018,classic_bike,2021-07-20 19:31:43,2021-07-20 19:44:25,E 17 St & Broadway,5980,Columbia St & Rivington St,5365,40.73704984,-73.99009296,40.71739973,-73.98016555,member
733913,9D27A13D63F8C882,classic_bike,2021-07-15 19:58:59,2021-07-15 20:13:52,E 17 St & Broadway,5980,Columbia St & Rivington St,5365,40.73704984,-73.99009296,40.71739973,-73.98016555,member
734158,892EA15CA66EC146,electric_bike,2021-07-27 17:30:57,2021-07-27 17:42:55,Pearl St & Peck Slip,5096,Columbia St & Rivington St,5365,40.708485,-74.002751,40.71739973,-73.98016555,member
734179,0A01433AB303752A,classic_bike,2021-07-11 21:28:33,2021-07-11 21:48:45,E 12 St & 3 Ave,5788,Columbia St & Rivington St,5365,40.73223272,-73.98889957,40.71739973,-73.98016555,member
734183,9C843A78191AD3F9,electric_bike,2021-07-19 20:02:17,2021-07-19 20:11:54,E 12 St & 3 Ave,5788,Columbia St & Rivington St,5365,40.73223272,-73.98889957,40.71739973,-73.98016555,member
734185,3F553A929421A5DC,classic_bike,2021-07-04 21:30:06,2021-07-04 22:01:35,Forsyth St\t& Grand St,5382,Columbia St & Rivington St,5365,40.71779817737835,-73.99316132068634,40.71739973,-73.98016555,member
734187,3757E336064E9860,electric_bike,2021-07-30 16:47:48,2021-07-30 16:58:40,Forsyth St\t& Grand St,5382,Columbia St & Rivington St,5365,40.71779817737835,-73.99316132068634,40.71739973,-73.98016555,member
734188,1DAF5753C22BF4C8,electric_bike,2021-07-19 11:25:25,2021-07-19 11:40:24,Forsyth St\t& Grand St,5382,Columbia St & Rivington St,5365,40.71779817737835,-73.99316132068634,40.71739973,-73.98016555,member
734190,382C107E1040EA48,electric_bike,2021-07-08 20:06:13,2021-07-08 20:12:37,Forsyth St\t& Grand St,5382,Columbia St & Rivington St,5365,40.71779817737835,-73.99316132068634,40.71739973,-73.98016555,member
734198,0195CE16B51E7882,classic_bike,2021-07-26 23:01:03,2021-07-26 23:20:36,6 Ave & W 34 St,6364,Columbia St & Rivington St,5365,40.74964,-73.98805,40.71739973,-73.98016555,casual
734200,DA8990256E42AA9E,classic_bike,2021-07-16 17:10:20,2021-07-16 17:18:17,Forsyth St\t& Grand St,5382,Columbia St & Rivington St,5365,40.71779817737835,-73.99316132068634,40.71739973,-73.98016555,member
734375,93523015535A6DBF,electric_bike,2021-07-30 20:42:31,2021-07-30 20:58:10,Union Ave & N 12 St,5411,Columbia St & Rivington St,5365,40.71924,-73.95242,40.71739973,-73.98016555,member
734399,726A91DD28BEE27F,classic_bike,2021-07-04 12:03:03,2021-07-04 12:09:55,Forsyth St\t& Grand St,5382,Columbia St & Rivington St,5365,40.71779817737835,-73.99316132068634,40.71739973,-73.98016555,member
734429,CABD2B1BA757B8D7,classic_bike,2021-07-09 18:52:26,2021-07-09 19:02:44,Forsyth St\t& Grand St,5382,Columbia St & Rivington St,5365,40.71779817737835,-73.99316132068634,40.71739973,-73.98016555,member
734430,D22CEEBA28F087FD,classic_bike,2021-07-12 19:18:48,2021-07-12 19:25:05,Forsyth St\t& Grand St,5382,Columbia St & Rivington St,5365,40.71779817737835,-73.99316132068634,40.71739973,-73.98016555,member
734431,DB2B58B9213C800F,classic_bike,2021-07-08 19:11:05,2021-07-08 19:18:00,Forsyth St\t& Grand St,5382,Columbia St & Rivington St,5365,40.71779817737835,-73.99316132068634,40.71739973,-73.98016555,member
734434,4D1DC7F392160217,classic_bike,2021-07-29 14:09:07,2021-07-29 14:20:28,E 12 St & 3 Ave,5788,Columbia St & Rivington St,5365,40.73223272,-73.98889957,40.71739973,-73.98016555,member
734440,D8082E0334AAEB75,classic_bike,2021-07-27 18:17:29,2021-07-27 18:25:27,Forsyth St\t& Grand St,5382,Columbia St & Rivington St,5365,40.71779817737835,-73.99316132068634,40.71739973,-73.98016555,member
734443,4193A4024ECA9906,classic_bike,2021-07-22 12:26:25,2021-07-22 12:34:43,Forsyth St\t& Grand St,5382,Columbia St & Rivington St,5365,40.71779817737835,-73.99316132068634,40.71739973,-73.98016555,member
734455,7D78709AE282FA5C,electric_bike,2021-07-21 23:35:16,2021-07-22 00:02:07,Madison St & Evergreen Ave,4560,Columbia St & Rivington St,5365,40.69122,-73.91693,40.71739973,-73.98016555,member
734520,3E50393CB9E23C78,classic_bike,2021-07-07 15:11:29,2021-07-07 15:37:07,10 Ave & W 28 St,6459,Columbia St & Rivington St,5365,40.75066386,-74.00176802,40.71739973,-73.98016555,casual
734548,F5FEE6E2E67571C7,electric_bike,2021-07-07 12:58:47,2021-07-07 13:08:44,Cleveland Pl & Spring St,5492,Columbia St & Rivington St,5365,40.722103786686034,-73.99724900722504,40.71739973,-73.98016555,member
734549,9C5B94D112B3D335,electric_bike,2021-07-09 10:02:04,2021-07-09 10:08:10,Cleveland Pl & Spring St,5492,Columbia St & Rivington St,5365,40.722103786686034,-73.99724900722504,40.71739973,-73.98016555,member
734555,145C26A24896F94F,classic_bike,2021-07-26 13:58:11,2021-07-26 14:07:46,Forsyth St\t& Grand St,5382,Columbia St & Rivington St,5365,40.71779817737835,-73.99316132068634,40.71739973,-73.98016555,member
734562,60F6E83F36CE98B4,classic_bike,2021-07-03 16:18:38,2021-07-03 16:26:13,Forsyth St\t& Grand St,5382,Columbia St & Rivington St,5365,40.71779817737835,-73.99316132068634,40.71739973,-73.98016555,member
734566,E571D44E1B1CD14A,classic_bike,2021-07-14 17:02:39,2021-07-14 17:09:18,Forsyth St\t& Grand St,5382,Columbia St & Rivington St,5365,40.71779817737835,-73.99316132068634,40.71739973,-73.98016555,member
734567,7B5E1500BCDD04D2,classic_bike,2021-07-07 16:43:11,2021-07-07 16:50:09,Forsyth St\t& Grand St,5382,Columbia St & Rivington St,5365,40.71779817737835,-73.99316132068634,40.71739973,-73.98016555,member
734568,32AC24C97C12FC23,classic_bike,2021-07-11 16:54:19,2021-07-11 17:01:47,Forsyth St\t& Grand St,5382,Columbia St & Rivington St,5365,40.71779817737835,-73.99316132068634,40.71739973,-73.98016555,member
734569,F5014C8B96CB3219,classic_bike,2021-07-09 16:50:04,2021-07-09 16:57:28,Forsyth St\t& Grand St,5382,Columbia St & Rivington St,5365,40.71779817737835,-73.99316132068634,40.71739973,-73.98016555,member
734570,BF1881C35B7032D1,classic_bike,2021-07-13 17:35:00,2021-07-13 17:44:11,Forsyth St\t& Grand St,5382,Columbia St & Rivington St,5365,40.71779817737835,-73.99316132068634,40.71739973,-73.98016555,member
734572,181D77F24DF82170,classic_bike,2021-07-24 16:02:06,2021-07-24 16:14:24,E 12 St & 3 Ave,5788,Columbia St & Rivington St,5365,40.73223272,-73.98889957,40.71739973,-73.98016555,member
734577,CF6EC017A0229835,classic_bike,2021-07-16 19:14:03,2021-07-16 19:20:55,Forsyth St\t& Grand St,5382,Columbia St & Rivington St,5365,40.71779817737835,-73.99316132068634,40.71739973,-73.98016555,member
734578,E4B9F67D6616723F,classic_bike,2021-07-20 17:29:36,2021-07-20 17:37:15,Forsyth St\t& Grand St,5382,Columbia St & Rivington St,5365,40.71779817737835,-73.99316132068634,40.71739973,-73.98016555,member
734581,A65C05E2C2E6B1D0,classic_bike,2021-07-17 08:14:30,2021-07-17 08:37:06,E 12 St & 3 Ave,5788,Columbia St & Rivington St,5365,40.73223272,-73.98889957,40.71739973,-73.98016555,member
734585,0D753EF4391D8106,classic_bike,2021-07-28 19:36:08,2021-07-28 19:47:41,Cleveland Pl & Spring St,5492,Columbia St & Rivington St,5365,40.722103786686034,-73.99724900722504,40.71739973,-73.98016555,member
734590,A0F70B84B853D5B3,classic_bike,2021-07-28 14:41:40,2021-07-28 14:58:11,Forsyth St\t& Grand St,5382,Columbia St & Rivington St,5365,40.71779817737835,-73.99316132068634,40.71739973,-73.98016555,member
734592,798C2DC4C160DFC0,electric_bike,2021-07-13 15:07:55,2021-07-13 15:15:34,Cleveland Pl & Spring St,5492,Columbia St & Rivington St,5365,40.722103786686034,-73.99724900722504,40.71739973,-73.98016555,member
734596,0AB97F38311988EA,classic_bike,2021-07-05 16:49:57,2021-07-05 16:56:29,Forsyth St\t& Grand St,5382,Columbia St & Rivington St,5365,40.71779817737835,-73.99316132068634,40.71739973,-73.98016555,member
734597,584EE8469B322A0F,classic_bike,2021-07-18 18:24:59,2021-07-18 18:30:52,Forsyth St\t& Grand St,5382,Columbia St & Rivington St,5365,40.71779817737835,-73.99316132068634,40.71739973,-73.98016555,member
734598,BC7CEBFCEDECB06D,electric_bike,2021-07-18 18:24:37,2021-07-18 18:30:33,Forsyth St\t& Grand St,5382,Columbia St & Rivington St,5365,40.71779817737835,-73.99316132068634,40.71739973,-73.98016555,member
734599,FA14192F6DC81751,electric_bike,2021-07-05 20:14:58,2021-07-05 20:20:45,Forsyth St\t& Grand St,5382,Columbia St & Rivington St,5365,40.71779817737835,-73.99316132068634,40.71739973,-73.98016555,member
734600,D515FAE0169E04E9,classic_bike,2021-07-06 18:32:23,2021-07-06 18:37:40,Forsyth St\t& Grand St,5382,Columbia St & Rivington St,5365,40.71779817737835,-73.99316132068634,40.71739973,-73.98016555,member
734603,DABFCAB2C49F6E5A,electric_bike,2021-07-06 11:05:59,2021-07-06 11:16:22,Forsyth St\t& Grand St,5382,Columbia St & Rivington St,5365,40.71779817737835,-73.99316132068634,40.71739973,-73.98016555,member
734604,8D2A49EDB43F6A57,electric_bike,2021-07-07 17:54:41,2021-07-07 18:04:35,Forsyth St\t& Grand St,5382,Columbia St & Rivington St,5365,40.71779817737835,-73.99316132068634,40.71739973,-73.98016555,member
734606,51E6EB087247D5C7,electric_bike,2021-07-01 15:40:37,2021-07-01 15:45:43,Forsyth St\t& Grand St,5382,Columbia St & Rivington St,5365,40.71779817737835,-73.99316132068634,40.71739973,-73.98016555,casual
734618,839DD2A83E9CCFF5,electric_bike,2021-07-08 14:54:10,2021-07-08 15:10:57,Forsyth St\t& Grand St,5382,Columbia St & Rivington St,5365,40.71779817737835,-73.99316132068634,40.71739973,-73.98016555,member
734671,B9B46BBD93DA70F8,electric_bike,2021-07-27 14:32:00,2021-07-27 14:40:51,Wall St & South St,4953,Columbia St & Rivington St,5365,40.70437,-74.00637,40.71739973,-73.98016555,member
734687,6C87F28B1447DD4D,classic_bike,2021-07-16 10:48:53,2021-07-16 11:13:01,Wall St & South St,4953,Columbia St & Rivington St,5365,40.70437,-74.00637,40.71739973,-73.98016555,casual
734693,6C9EA8E1E20A04A5,classic_bike,2021-07-25 23:14:53,2021-07-25 23:36:32,Wall St & South St,4953,Columbia St & Rivington St,5365,40.70437,-74.00637,40.71739973,-73.98016555,casual
734732,C58FC30625FEC17A,classic_bike,2021-07-27 19:41:34,2021-07-27 19:56:22,Wall St & South St,4953,Columbia St & Rivington St,5365,40.70437,-74.00637,40.71739973,-73.98016555,member
734841,439BA1A0F3C0C5B3,classic_bike,2021-07-07 13:04:45,2021-07-07 13:37:00,10 Ave & W 28 St,6459,Columbia St & Rivington St,5365,40.75066386,-74.00176802,40.71739973,-73.98016555,member
734843,660872C79EB07788,classic_bike,2021-07-20 11:50:14,2021-07-20 12:19:43,10 Ave & W 28 St,6459,Columbia St & Rivington St,5365,40.75066386,-74.00176802,40.71739973,-73.98016555,member
734863,475FB467FE2C4259,electric_bike,2021-07-14 18:15:13,2021-07-14 18:22:48,Cleveland Pl & Spring St,5492,Columbia St & Rivington St,5365,40.722103786686034,-73.99724900722504,40.71739973,-73.98016555,casual
734876,769AF7AD575315B6,electric_bike,2021-07-21 18:40:04,2021-07-21 18:46:09,Forsyth St\t& Grand St,5382,Columbia St & Rivington St,5365,40.71779817737835,-73.99316132068634,40.71739973,-73.98016555,member
734877,3DE91ACDCB9EB919,electric_bike,2021-07-21 15:45:46,2021-07-21 15:51:58,Forsyth St\t& Grand St,5382,Columbia St & Rivington St,5365,40.71779817737835,-73.99316132068634,40.71739973,-73.98016555,member
734898,808083E5F5F1CAF8,classic_bike,2021-07-11 16:11:59,2021-07-11 16:19:12,Forsyth St\t& Grand St,5382,Columbia St & Rivington St,5365,40.71779817737835,-73.99316132068634,40.71739973,-73.98016555,member
734899,3380291F8894FE54,classic_bike,2021-07-20 17:25:13,2021-07-20 17:32:52,Forsyth St\t& Grand St,5382,Columbia St & Rivington St,5365,40.71779817737835,-73.99316132068634,40.71739973,-73.98016555,member
734900,12E77CF6A4E02A88,electric_bike,2021-07-01 18:18:30,2021-07-01 18:24:15,Forsyth St\t& Grand St,5382,Columbia St & Rivington St,5365,40.71779817737835,-73.99316132068634,40.71739973,-73.98016555,member
734908,FB56517CC8A5C960,electric_bike,2021-07-08 06:36:59,2021-07-08 06:49:27,Frost St & Meeker Ave,5371,Columbia St & Rivington St,5365,40.71766197083994,-73.94880026578903,40.71739973,-73.98016555,member
734917,80ED90F070376AA5,classic_bike,2021-07-29 10:42:41,2021-07-29 10:53:22,Forsyth St\t& Grand St,5382,Columbia St & Rivington St,5365,40.71779817737835,-73.99316132068634,40.71739973,-73.98016555,member
734921,1C9C7DFA9C5168B3,classic_bike,2021-07-06 18:32:41,2021-07-06 18:41:53,Forsyth St\t& Grand St,5382,Columbia St & Rivington St,5365,40.71779817737835,-73.99316132068634,40.71739973,-73.98016555,member
734925,E10BFB176B61B5B0,classic_bike,2021-07-23 09:48:32,2021-07-23 09:56:35,Forsyth St\t& Grand St,5382,Columbia St & Rivington St,5365,40.71779817737835,-73.99316132068634,40.71739973,-73.98016555,member
734927,8A5CEC5AD9C615AC,electric_bike,2021-07-10 12:56:57,2021-07-10 13:03:22,Forsyth St\t& Grand St,5382,Columbia St & Rivington St,5365,40.71779817737835,-73.99316132068634,40.71739973,-73.98016555,member
734939,EB9383E86709F0AD,electric_bike,2021-07-07 21:52:10,2021-07-07 21:57:39,Forsyth St\t& Grand St,5382,Columbia St & Rivington St,5365,40.71779817737835,-73.99316132068634,40.71739973,-73.98016555,casual
734941,DB45DD9A45155442,classic_bike,2021-07-25 20:06:56,2021-07-25 20:12:46,Forsyth St\t& Grand St,5382,Columbia St & Rivington St,5365,40.71779817737835,-73.99316132068634,40.71739973,-73.98016555,casual
734944,E8FB40370F60A25B,classic_bike,2021-07-28 14:06:24,2021-07-28 14:19:04,Forsyth St\t& Grand St,5382,Columbia St & Rivington St,5365,40.71779817737835,-73.99316132068634,40.71739973,-73.98016555,member
734952,DF9F750A3A46F683,classic_bike,2021-07-23 10:30:23,2021-07-23 10:38:19,Forsyth St\t& Grand St,5382,Columbia St & Rivington St,5365,40.71779817737835,-73.99316132068634,40.71739973,-73.98016555,member
734954,7E6284E1CB24F4BF,classic_bike,2021-07-25 16:57:30,2021-07-25 17:03:13,Forsyth St\t& Grand St,5382,Columbia St & Rivington St,5365,40.71779817737835,-73.99316132068634,40.71739973,-73.98016555,member
734956,63844D8B0D186424,electric_bike,2021-07-08 16:58:47,2021-07-08 17:09:11,Cleveland Pl & Spring St,5492,Columbia St & Rivington St,5365,40.722103786686034,-73.99724900722504,40.71739973,-73.98016555,member
734961,7D20046F483D2F5E,electric_bike,2021-07-19 16:41:28,2021-07-19 16:51:41,Forsyth St\t& Grand St,5382,Columbia St & Rivington St,5365,40.71779817737835,-73.99316132068634,40.71739973,-73.98016555,casual
734969,9C05D4B6BA9CCC94,classic_bike,2021-07-08 16:23:33,2021-07-08 16:33:56,Cleveland Pl & Spring St,5492,Columbia St & Rivington St,5365,40.722103786686034,-73.99724900722504,40.71739973,-73.98016555,casual
734982,9E5B5CE9E61BAA70,electric_bike,2021-07-29 17:12:18,2021-07-29 17:21:37,W Broadway & W Houston St,5644,Columbia St & Rivington St,5365,40.726378,-74.000472,40.71739973,-73.98016555,member
734992,80D563007E8229B0,electric_bike,2021-07-23 20:23:18,2021-07-23 20:54:10,West St & Chambers St,5329,Columbia St & Rivington St,5365,40.71754834,-74.01322069,40.71739973,-73.98016555,member
735014,32FD3D2B54A45555,classic_bike,2021-07-20 12:12:41,2021-07-20 12:20:21,Forsyth St\t& Grand St,5382,Columbia St & Rivington St,5365,40.71779817737835,-73.99316132068634,40.71739973,-73.98016555,member
735015,B221F15B94E806C8,classic_bike,2021-07-12 21:23:38,2021-07-12 21:56:53,Forsyth St\t& Grand St,5382,Columbia St & Rivington St,5365,40.71779817737835,-73.99316132068634,40.71739973,-73.98016555,member
735020,38269504E98832F9,electric_bike,2021-07-15 20:53:13,2021-07-15 20:58:13,Forsyth St\t& Grand St,5382,Columbia St & Rivington St,5365,40.71779817737835,-73.99316132068634,40.71739973,-73.98016555,member
735052,E58C3A95FA1DEFF2,classic_bike,2021-07-03 16:49:56,2021-07-03 16:58:53,Forsyth St\t& Grand St,5382,Columbia St & Rivington St,5365,40.71779817737835,-73.99316132068634,40.71739973,-73.98016555,member
735058,FC39802BB30BA2DB,classic_bike,2021-07-13 18:32:00,2021-07-13 18:40:30,Cleveland Pl & Spring St,5492,Columbia St & Rivington St,5365,40.722103786686034,-73.99724900722504,40.71739973,-73.98016555,member
735059,1568E5AA455F0E71,classic_bike,2021-07-25 14:30:36,2021-07-25 14:37:09,Forsyth St\t& Grand St,5382,Columbia St & Rivington St,5365,40.71779817737835,-73.99316132068634,40.71739973,-73.98016555,member
735067,308E08D9A7C35021,classic_bike,2021-07-28 16:51:34,2021-07-28 16:58:45,Forsyth St\t& Grand St,5382,Columbia St & Rivington St,5365,40.71779817737835,-73.99316132068634,40.71739973,-73.98016555,member
735068,825470A1B8E5C182,classic_bike,2021-07-10 16:55:25,2021-07-10 17:03:16,Forsyth St\t& Grand St,5382,Columbia St & Rivington St,5365,40.71779817737835,-73.99316132068634,40.71739973,-73.98016555,member
735085,C328068E38ABA0FD,classic_bike,2021-07-21 20:33:07,2021-07-21 20:42:04,Sullivan St & Washington Sq,5721,Columbia St & Rivington St,5365,40.73047747,-73.99906065,40.71739973,-73.98016555,casual
735177,24F9AF42E919C6FB,classic_bike,2021-07-04 20:10:20,2021-07-04 20:33:29,Washington St & Gansevoort St,6039,Columbia St & Rivington St,5365,40.739323,-74.008119,40.71739973,-73.98016555,casual
735328,9A75C9D85035C1D0,classic_bike,2021-07-02 14:42:08,2021-07-02 15:05:32,10 Ave & W 28 St,6459,Columbia St & Rivington St,5365,40.75066386,-74.00176802,40.71739973,-73.98016555,casual
735365,F8031D91CF34CE13,electric_bike,2021-07-14 16:25:14,2021-07-14 17:04:21,W 84 St & Broadway,7409,Columbia St & Rivington St,5365,40.7867947,-73.977112,40.71739973,-73.98016555,casual
735380,0F76B25645A6D40D,electric_bike,2021-07-11 19:21:45,2021-07-11 19:30:35,4 Ave & E 12 St,5788,Columbia St & Rivington St,5365,40.732647,-73.99011,40.71739973,-73.98016555,casual
735407,1E106A1C187A6CD8,classic_bike,2021-07-11 13:22:08,2021-07-11 13:41:41,Washington St & Barrow St,5847,Columbia St & Rivington St,5365,40.73191132323174,-74.008769094944,40.71739973,-73.98016555,member
735450,C96E6DD224784C59,classic_bike,2021-07-11 13:19:33,2021-07-11 13:41:41,Washington St & Barrow St,5847,Columbia St & Rivington St,5365,40.73191132323174,-74.008769094944,40.71739973,-73.98016555,member
735451,4B4BA8EEC6F1D8ED,classic_bike,2021-07-25 10:38:36,2021-07-25 10:54:20,Grand St & Havemeyer St,5267,Columbia St & Rivington St,5365,40.71286844,-73.95698119,40.71739973,-73.98016555,casual
735587,C872E089D4FFB915,electric_bike,2021-07-29 17:34:21,2021-07-29 17:44:06,E 19 St & 3 Ave,5938,Columbia St & Rivington St,5365,40.73624527,-73.98473765,40.71739973,-73.98016555,member
735607,FF6315C958785A81,classic_bike,2021-07-04 12:13:00,2021-07-04 12:31:50,Washington St & Barrow St,5847,Columbia St & Rivington St,5365,40.73191132323174,-74.008769094944,40.71739973,-73.98016555,member
735638,1B202E636BDF690E,classic_bike,2021-07-09 15:00:39,2021-07-09 15:31:29,10 Ave & W 28 St,6459,Columbia St & Rivington St,5365,40.75066386,-74.00176802,40.71739973,-73.98016555,casual
735713,487127301DDD9EBE,classic_bike,2021-07-02 12:06:02,2021-07-02 12:08:34,Avenue D & E 3 St,5436,Columbia St & Rivington St,5365,40.72082834,-73.97793172,40.71739973,-73.98016555,member
735714,5E38FA4932805C13,classic_bike,2021-07-16 20:32:03,2021-07-16 20:53:10,Carmine St & 6 Ave,5763,Columbia St & Rivington St,5365,40.73038599,-74.00214988,40.71739973,-73.98016555,casual
735716,F2826B67BFF62072,classic_bike,2021-07-06 16:42:03,2021-07-06 16:45:18,Avenue D & E 3 St,5436,Columbia St & Rivington St,5365,40.72082834,-73.97793172,40.71739973,-73.98016555,member
735717,8EF79C0748B85CE5,classic_bike,2021-07-13 16:33:04,2021-07-13 16:35:32,Avenue D & E 3 St,5436,Columbia St & Rivington St,5365,40.72082834,-73.97793172,40.71739973,-73.98016555,member
735720,80BBC445BBAB062B,classic_bike,2021-07-03 23:01:39,2021-07-03 23:23:44,Avenue D & E 3 St,5436,Columbia St & Rivington St,5365,40.72082834,-73.97793172,40.71739973,-73.98016555,member
743647,9E4F2CFB0919499A,classic_bike,2021-07-17 10:39:12,2021-07-17 10:56:08,Columbia St & Rivington St,5365,Catherine St & Monroe St,5128,40.71739973,-73.98016555,40.71117444,-73.99682619,member
743725,FBEB0F756BDFAF94,docked_bike,2021-07-17 09:13:58,2021-07-17 09:28:12,Columbia St & Rivington St,5365,Catherine St & Monroe St,5128,40.7174,-73.980166,40.711174,-73.996826,casual
743767,EFB682EE16D7C8F3,classic_bike,2021-07-01 11:21:57,2021-07-01 11:37:12,Columbia St & Rivington St,5365,Catherine St & Monroe St,5128,40.71739973,-73.98016555,40.71117444,-73.99682619,member
743819,545A0122AA0B271D,electric_bike,2021-07-07 13:53:00,2021-07-07 14:04:13,Columbia St & Rivington St,5365,Catherine St & Monroe St,5128,40.71739973,-73.98016555,40.71117444,-73.99682619,member
750229,A2F8A762375D358A,classic_bike,2021-07-17 09:38:46,2021-07-17 09:47:13,Columbia St & Rivington St,5365,Stanton St & Chrystie St,5523,40.71739973,-73.98016555,40.72229346,-73.99147535,member
750276,AEC6ED8D23714EB1,classic_bike,2021-07-20 14:46:19,2021-07-20 14:58:02,Columbia St & Rivington St,5365,Centre St & Chambers St,5207,40.71739973,-73.98016555,40.71273266,-74.0046073,member
750625,D679392F9E1F6562,classic_bike,2021-07-22 07:51:38,2021-07-22 07:59:55,Columbia St & Rivington St,5365,Stanton St & Chrystie St,5523,40.71739973,-73.98016555,40.72229346,-73.99147535,member
750640,E97AEF0A02C0C6B7,electric_bike,2021-07-12 09:27:32,2021-07-12 09:49:00,Columbia St & Rivington St,5365,Centre St & Chambers St,5207,40.71739973,-73.98016555,40.71273266,-74.0046073,casual
752525,46B331A2FB33D547,classic_bike,2021-07-26 11:59:42,2021-07-26 12:10:29,Columbia St & Rivington St,5365,Stanton St & Chrystie St,5523,40.71739973,-73.98016555,40.72229346,-73.99147535,casual
753851,D92EA6914FA3E644,electric_bike,2021-07-12 14:48:55,2021-07-12 14:57:01,Columbia St & Rivington St,5365,Centre St & Chambers St,5207,40.71739973,-73.98016555,40.71273266,-74.0046073,member
759667,788D2F83F855C62F,electric_bike,2021-07-28 14:34:41,2021-07-28 14:42:46,Columbia St & Rivington St,5365,Centre St & Chambers St,5207,40.71739973,-73.98016555,40.71273266,-74.0046073,member
759668,85BD79F8CA3D9088,electric_bike,2021-07-08 15:03:03,2021-07-08 15:19:50,Columbia St & Rivington St,5365,Centre St & Chambers St,5207,40.71739973,-73.98016555,40.71273266,-74.0046073,member
759700,4ED43AA2A8AC4E7B,electric_bike,2021-07-26 15:22:37,2021-07-26 15:28:00,Columbia St & Rivington St,5365,Stanton St & Chrystie St,5523,40.71739973,-73.98016555,40.72229346,-73.99147535,casual
759722,656112A3723A1029,classic_bike,2021-07-22 22:31:04,2021-07-22 22:46:41,Columbia St & Rivington St,5365,Centre St & Chambers St,5207,40.71739973,-73.98016555,40.71273266,-74.0046073,member
759738,FEA3EC2FD9D33325,classic_bike,2021-07-30 08:42:51,2021-07-30 08:53:55,Columbia St & Rivington St,5365,Stanton St & Chrystie St,5523,40.71739973,-73.98016555,40.72229346,-73.99147535,member
759814,4681395EBFB83B32,classic_bike,2021-07-20 15:02:02,2021-07-20 15:12:38,Columbia St & Rivington St,5365,Stanton St & Chrystie St,5523,40.71739973,-73.98016555,40.72229346,-73.99147535,casual
768714,8B4212C9404E3C5F,classic_bike,2021-07-02 18:14:35,2021-07-02 18:31:39,Jay St & Tech Pl,4710,Columbia St & Rivington St,5365,40.695065,-73.987167,40.71739973,-73.98016555,member
768725,AF0E6E6E5A0060EC,classic_bike,2021-07-13 18:04:49,2021-07-13 18:28:14,Jay St & Tech Pl,4710,Columbia St & Rivington St,5365,40.695065,-73.987167,40.71739973,-73.98016555,member
771044,A52E6CABE502D287,electric_bike,2021-07-10 00:21:08,2021-07-10 00:40:28,Columbia St & Rivington St,5365,Driggs Ave & N Henry St,5542,40.71739973,-73.98016555,40.72325,-73.94308,casual
776499,97AA46D5D7CFF7B0,electric_bike,2021-07-10 15:43:22,2021-07-10 16:00:39,Columbia St & Rivington St,5365,Metropolitan Ave & Bedford Ave,5308,40.71739973,-73.98016555,40.71534825,-73.96024116,casual
776507,BA6E03F5A29DA62F,electric_bike,2021-07-08 08:06:36,2021-07-08 08:19:40,Columbia St & Rivington St,5365,Metropolitan Ave & Bedford Ave,5308,40.71739973,-73.98016555,40.71534825,-73.96024116,member
776515,0BFB3AE1A9FD8AFE,electric_bike,2021-07-03 15:35:14,2021-07-03 15:46:12,Columbia St & Rivington St,5365,Metropolitan Ave & Bedford Ave,5308,40.71739973,-73.98016555,40.71534825,-73.96024116,member
779117,7F147FCFF52BE2BB,electric_bike,2021-07-24 18:49:18,2021-07-24 19:24:52,Columbia St & Rivington St,5365,Lincoln Pl & Classon Ave,3960,40.71739973,-73.98016555,40.6721683,-73.9609,casual
782534,46DFCCF51543B4B9,electric_bike,2021-07-13 18:31:33,2021-07-13 18:53:38,Columbia St & Rivington St,5365,Dean St & Franklin Ave,4107,40.71739973,-73.98016555,40.67759206937376,-73.955637216568,member
795559,C2B6452AA0EEC5BD,classic_bike,2021-07-22 10:22:12,2021-07-22 10:35:37,Columbia St & Rivington St,5365,Grand St & Elizabeth St,5382,40.71739973,-73.98016555,40.718822,-73.99596,member
799472,D88A5C288DF3506A,classic_bike,2021-07-26 18:05:11,2021-07-26 18:20:08,Columbia St & Rivington St,5365,Grand St & Elizabeth St,5382,40.71739973,-73.98016555,40.718822,-73.99596,member
799475,183D957E5D1ADBD2,classic_bike,2021-07-20 16:21:52,2021-07-20 16:31:41,Columbia St & Rivington St,5365,Grand St & Elizabeth St,5382,40.71739973,-73.98016555,40.718822,-73.99596,member
799478,9FE3B1D3AA8DBDB3,classic_bike,2021-07-19 12:57:32,2021-07-19 13:08:00,Columbia St & Rivington St,5365,Grand St & Elizabeth St,5382,40.71739973,-73.98016555,40.718822,-73.99596,member
799479,4DB2372D7311742F,classic_bike,2021-07-26 16:34:33,2021-07-26 16:42:10,Columbia St & Rivington St,5365,Grand St & Elizabeth St,5382,40.71739973,-73.98016555,40.718822,-73.99596,member
799480,6426AA5E88E07A4C,classic_bike,2021-07-29 11:30:38,2021-07-29 11:40:06,Columbia St & Rivington St,5365,Grand St & Elizabeth St,5382,40.71739973,-73.98016555,40.718822,-73.99596,member
799481,01FEDC211498F8FB,classic_bike,2021-07-29 12:18:03,2021-07-29 12:31:06,Columbia St & Rivington St,5365,Grand St & Elizabeth St,5382,40.71739973,-73.98016555,40.718822,-73.99596,member
799482,B7B230BB5FCC3465,classic_bike,2021-07-13 12:18:21,2021-07-13 12:30:23,Columbia St & Rivington St,5365,Grand St & Elizabeth St,5382,40.71739973,-73.98016555,40.718822,-73.99596,member
799491,C1AB656FB2E9A310,classic_bike,2021-07-08 13:32:51,2021-07-08 13:43:43,Columbia St & Rivington St,5365,Grand St & Elizabeth St,5382,40.71739973,-73.98016555,40.718822,-73.99596,member
799497,28FFA7F916509CA0,classic_bike,2021-07-13 16:59:44,2021-07-13 17:15:46,Columbia St & Rivington St,5365,Grand St & Elizabeth St,5382,40.71739973,-73.98016555,40.718822,-73.99596,member
799515,9961443E10F8C1ED,electric_bike,2021-07-10 19:47:37,2021-07-10 19:59:45,Columbia St & Rivington St,5365,Grand St & Elizabeth St,5382,40.71739973,-73.98016555,40.718822,-73.99596,member
799529,A090D30646FA0360,classic_bike,2021-07-10 12:18:26,2021-07-10 12:30:13,Columbia St & Rivington St,5365,Grand St & Elizabeth St,5382,40.71739973,-73.98016555,40.718822,-73.99596,member
799530,76103911518C866E,classic_bike,2021-07-03 09:55:31,2021-07-03 10:02:45,Columbia St & Rivington St,5365,Grand St & Elizabeth St,5382,40.71739973,-73.98016555,40.718822,-73.99596,member
799531,AB809C324436889F,classic_bike,2021-07-11 09:47:54,2021-07-11 09:58:21,Columbia St & Rivington St,5365,Grand St & Elizabeth St,5382,40.71739973,-73.98016555,40.718822,-73.99596,member
799532,230B1C6077308EB4,classic_bike,2021-07-25 09:47:36,2021-07-25 10:03:14,Columbia St & Rivington St,5365,Grand St & Elizabeth St,5382,40.71739973,-73.98016555,40.718822,-73.99596,member
799547,ED8DE13D86E126AC,classic_bike,2021-07-11 10:45:47,2021-07-11 10:52:29,Columbia St & Rivington St,5365,Grand St & Elizabeth St,5382,40.71739973,-73.98016555,40.718822,-73.99596,member
799551,FC9E87285D7F326F,classic_bike,2021-07-20 11:22:16,2021-07-20 11:34:56,Columbia St & Rivington St,5365,Grand St & Elizabeth St,5382,40.71739973,-73.98016555,40.718822,-73.99596,member
799573,A4C28C7FB27AE8A5,classic_bike,2021-07-14 12:53:13,2021-07-14 13:05:03,Columbia St & Rivington St,5365,Grand St & Elizabeth St,5382,40.71739973,-73.98016555,40.718822,-73.99596,member
799574,687BA74E360A2A54,classic_bike,2021-07-07 15:06:55,2021-07-07 15:20:33,Columbia St & Rivington St,5365,Grand St & Elizabeth St,5382,40.71739973,-73.98016555,40.718822,-73.99596,member
799579,261FE67BB4DA783C,classic_bike,2021-07-28 15:51:02,2021-07-28 16:00:32,Columbia St & Rivington St,5365,Grand St & Elizabeth St,5382,40.71739973,-73.98016555,40.718822,-73.99596,member
799585,BA94F06949B44B0A,classic_bike,2021-07-03 13:33:24,2021-07-03 13:46:15,Columbia St & Rivington St,5365,Grand St & Elizabeth St,5382,40.71739973,-73.98016555,40.718822,-73.99596,member
799592,0A879C48D5549191,classic_bike,2021-07-26 10:15:00,2021-07-26 10:24:46,Columbia St & Rivington St,5365,Grand St & Elizabeth St,5382,40.71739973,-73.98016555,40.718822,-73.99596,member
799594,7F5714FE59A46839,classic_bike,2021-07-22 15:59:03,2021-07-22 16:09:12,Columbia St & Rivington St,5365,Grand St & Elizabeth St,5382,40.71739973,-73.98016555,40.718822,-73.99596,member
799595,31D4001ECF0E6D30,classic_bike,2021-07-08 12:37:41,2021-07-08 12:57:44,Columbia St & Rivington St,5365,Grand St & Elizabeth St,5382,40.71739973,-73.98016555,40.718822,-73.99596,member
799597,FB55443A8B9D3C18,classic_bike,2021-07-04 14:32:49,2021-07-04 14:43:43,Columbia St & Rivington St,5365,Grand St & Elizabeth St,5382,40.71739973,-73.98016555,40.718822,-73.99596,member
799604,90D12A3E9FA25C3E,classic_bike,2021-07-18 10:54:00,2021-07-18 11:04:24,Columbia St & Rivington St,5365,Grand St & Elizabeth St,5382,40.71739973,-73.98016555,40.718822,-73.99596,member
799607,6B4C1ED6942FF3CE,classic_bike,2021-07-13 13:31:20,2021-07-13 13:52:04,Columbia St & Rivington St,5365,Grand St & Elizabeth St,5382,40.71739973,-73.98016555,40.718822,-73.99596,member
799609,45DF9E1B3B3069E2,classic_bike,2021-07-14 09:47:21,2021-07-14 09:57:37,Columbia St & Rivington St,5365,Grand St & Elizabeth St,5382,40.71739973,-73.98016555,40.718822,-73.99596,member
799619,A30D4CBB619202C3,classic_bike,2021-07-30 13:50:48,2021-07-30 14:02:46,Columbia St & Rivington St,5365,Grand St & Elizabeth St,5382,40.71739973,-73.98016555,40.718822,-73.99596,member
799621,A02FFD14D86939FF,classic_bike,2021-07-06 14:03:01,2021-07-06 14:14:14,Columbia St & Rivington St,5365,Grand St & Elizabeth St,5382,40.71739973,-73.98016555,40.718822,-73.99596,member
799622,4B62EE2940E1DC73,classic_bike,2021-07-07 11:12:23,2021-07-07 11:25:00,Columbia St & Rivington St,5365,Grand St & Elizabeth St,5382,40.71739973,-73.98016555,40.718822,-73.99596,member
799625,242E20F0F806CCD1,classic_bike,2021-07-23 15:07:49,2021-07-23 15:17:14,Columbia St & Rivington St,5365,Grand St & Elizabeth St,5382,40.71739973,-73.98016555,40.718822,-73.99596,member
799626,BC81EB034BC15DC2,classic_bike,2021-07-06 17:16:49,2021-07-06 17:27:13,Columbia St & Rivington St,5365,Grand St & Elizabeth St,5382,40.71739973,-73.98016555,40.718822,-73.99596,member
799629,BE4029A3E7C47E45,classic_bike,2021-07-23 15:56:40,2021-07-23 16:07:56,Columbia St & Rivington St,5365,Grand St & Elizabeth St,5382,40.71739973,-73.98016555,40.718822,-73.99596,member
799643,9A2FD6EC77DF0C6D,classic_bike,2021-07-07 15:32:11,2021-07-07 15:43:44,Columbia St & Rivington St,5365,Grand St & Elizabeth St,5382,40.71739973,-73.98016555,40.718822,-73.99596,member
799644,FD4563326C6C3B19,classic_bike,2021-07-25 14:08:33,2021-07-25 14:19:56,Columbia St & Rivington St,5365,Grand St & Elizabeth St,5382,40.71739973,-73.98016555,40.718822,-73.99596,member
799648,8DB2004F06773BC0,classic_bike,2021-07-22 10:01:51,2021-07-22 10:10:33,Columbia St & Rivington St,5365,Grand St & Elizabeth St,5382,40.71739973,-73.98016555,40.718822,-73.99596,member
799654,7310AC2AD2AC57C7,classic_bike,2021-07-04 22:33:20,2021-07-04 22:45:04,Columbia St & Rivington St,5365,Grand St & Elizabeth St,5382,40.71739973,-73.98016555,40.718822,-73.99596,casual
799670,65CBFB56ACE24A08,classic_bike,2021-07-24 10:09:02,2021-07-24 10:16:27,Columbia St & Rivington St,5365,Grand St & Elizabeth St,5382,40.71739973,-73.98016555,40.718822,-73.99596,member
799712,9B957675A9298C41,classic_bike,2021-07-18 12:18:21,2021-07-18 12:44:11,Columbia St & Rivington St,5365,Grand St & Elizabeth St,5382,40.71739973,-73.98016555,40.718822,-73.99596,member
799717,6B555CF2262A74A3,electric_bike,2021-07-17 08:20:06,2021-07-17 08:29:08,Columbia St & Rivington St,5365,Grand St & Elizabeth St,5382,40.71739973,-73.98016555,40.718822,-73.99596,member
799724,9677DD1422B8E781,classic_bike,2021-07-22 12:27:01,2021-07-22 12:36:06,Columbia St & Rivington St,5365,Grand St & Elizabeth St,5382,40.71739973,-73.98016555,40.718822,-73.99596,member
799737,CF151FBD60792020,classic_bike,2021-07-07 17:13:54,2021-07-07 17:23:39,Columbia St & Rivington St,5365,Grand St & Elizabeth St,5382,40.71739973,-73.98016555,40.718822,-73.99596,member
799743,36FBF8BFEF54E334,classic_bike,2021-07-23 17:19:16,2021-07-23 17:32:22,Columbia St & Rivington St,5365,Grand St & Elizabeth St,5382,40.71739973,-73.98016555,40.718822,-73.99596,member
799744,54645D22A2C9A8A4,classic_bike,2021-07-23 08:36:32,2021-07-23 08:50:45,Columbia St & Rivington St,5365,Grand St & Elizabeth St,5382,40.71739973,-73.98016555,40.718822,-73.99596,member
799745,F6BEE6B805BCB970,classic_bike,2021-07-23 17:37:52,2021-07-23 17:50:51,Columbia St & Rivington St,5365,Grand St & Elizabeth St,5382,40.71739973,-73.98016555,40.718822,-73.99596,member
799754,86CDD989AF77FFD9,classic_bike,2021-07-18 17:34:52,2021-07-18 17:43:25,Columbia St & Rivington St,5365,Grand St & Elizabeth St,5382,40.71739973,-73.98016555,40.718822,-73.99596,member
799755,5EEE513D285D0F56,classic_bike,2021-07-05 13:35:55,2021-07-05 13:52:04,Columbia St & Rivington St,5365,Grand St & Elizabeth St,5382,40.71739973,-73.98016555,40.718822,-73.99596,member
799756,6A26762AE373FD9F,classic_bike,2021-07-31 10:59:02,2021-07-31 11:14:07,Columbia St & Rivington St,5365,Grand St & Elizabeth St,5382,40.71739973,-73.98016555,40.718822,-73.99596,member
799758,E8F20EE91923D684,classic_bike,2021-07-12 13:22:47,2021-07-12 13:39:00,Columbia St & Rivington St,5365,Grand St & Elizabeth St,5382,40.71739973,-73.98016555,40.718822,-73.99596,member
799792,F91A5ED66A985266,electric_bike,2021-07-15 16:44:11,2021-07-15 16:54:43,Columbia St & Rivington St,5365,Grand St & Elizabeth St,5382,40.71739973,-73.98016555,40.718822,-73.99596,member
799799,D3B75B008E181C6B,classic_bike,2021-07-06 17:49:49,2021-07-06 18:04:58,Columbia St & Rivington St,5365,Grand St & Elizabeth St,5382,40.71739973,-73.98016555,40.718822,-73.99596,member
799805,2ACDA66E7EB58B0A,classic_bike,2021-07-20 11:23:38,2021-07-20 11:31:47,Columbia St & Rivington St,5365,Grand St & Elizabeth St,5382,40.71739973,-73.98016555,40.718822,-73.99596,member
824824,F107C59B8FAE38C8,classic_bike,2021-07-27 14:12:48,2021-07-27 14:29:30,Columbia St & Rivington St,5365,Cherry St,5181,40.71739973,-73.98016555,40.71219906,-73.97948148,member
824828,3D52315504F59E4A,classic_bike,2021-07-19 15:05:53,2021-07-19 15:13:27,Columbia St & Rivington St,5365,Cherry St,5181,40.71739973,-73.98016555,40.71219906,-73.97948148,member
824829,D227BB56D0B1ACD4,electric_bike,2021-07-02 19:18:27,2021-07-02 19:21:16,Columbia St & Rivington St,5365,Cherry St,5181,40.71739973,-73.98016555,40.71219906,-73.97948148,member
824839,521CAC137DDAB5E5,classic_bike,2021-07-26 17:11:39,2021-07-26 17:14:57,Columbia St & Rivington St,5365,Cherry St,5181,40.71739973,-73.98016555,40.71219906,-73.97948148,member
824840,A89787A6934C0B1B,electric_bike,2021-07-13 00:39:02,2021-07-13 00:43:33,Columbia St & Rivington St,5365,Cherry St,5181,40.71739973,-73.98016555,40.71219906,-73.97948148,member
824865,DB63E40B76060221,electric_bike,2021-07-03 17:50:22,2021-07-03 17:55:04,Columbia St & Rivington St,5365,Cherry St,5181,40.71739973,-73.98016555,40.71219906,-73.97948148,casual
824872,B194707BEBF1CA55,classic_bike,2021-07-29 10:38:13,2021-07-29 10:52:02,Columbia St & Rivington St,5365,Cherry St,5181,40.71739973,-73.98016555,40.71219906,-73.97948148,member
824874,99EC0DCF4A7C93DA,electric_bike,2021-07-02 19:18:11,2021-07-02 19:21:14,Columbia St & Rivington St,5365,Cherry St,5181,40.71739973,-73.98016555,40.71219906,-73.97948148,member
824892,EF4B50C54D7BA10D,classic_bike,2021-07-07 12:51:28,2021-07-07 12:55:16,Columbia St & Rivington St,5365,Cherry St,5181,40.71739973,-73.98016555,40.71219906,-73.97948148,member
824893,52BEF0D24C11C625,classic_bike,2021-07-08 12:06:05,2021-07-08 12:09:36,Columbia St & Rivington St,5365,Cherry St,5181,40.71739973,-73.98016555,40.71219906,-73.97948148,member
824899,E765C851C00DE020,electric_bike,2021-07-03 00:32:58,2021-07-03 00:54:52,Columbia St & Rivington St,5365,Broadway & W 41 St,6560,40.71739973,-73.98016555,40.75513557,-73.98658032,member
824902,1C741DD69733F1D6,classic_bike,2021-07-06 14:56:24,2021-07-06 15:01:05,Columbia St & Rivington St,5365,Cherry St,5181,40.71739973,-73.98016555,40.71219906,-73.97948148,member
824908,96050D27FAACEB9C,classic_bike,2021-07-15 14:07:53,2021-07-15 14:11:56,Columbia St & Rivington St,5365,Cherry St,5181,40.71739973,-73.98016555,40.71219906,-73.97948148,member
824917,8EA7BD7194523DFC,classic_bike,2021-07-01 08:50:43,2021-07-01 08:54:58,Columbia St & Rivington St,5365,Cherry St,5181,40.71739973,-73.98016555,40.71219906,-73.97948148,member
824923,A25346F5487B64A3,classic_bike,2021-07-19 14:10:03,2021-07-19 14:13:41,Columbia St & Rivington St,5365,Cherry St,5181,40.71739973,-73.98016555,40.71219906,-73.97948148,member
824924,8AD45052593C2D9E,classic_bike,2021-07-09 12:05:36,2021-07-09 12:09:12,Columbia St & Rivington St,5365,Cherry St,5181,40.71739973,-73.98016555,40.71219906,-73.97948148,member
824969,5F8C4FDA29CF4608,classic_bike,2021-07-11 09:38:12,2021-07-11 09:41:42,Columbia St & Rivington St,5365,Cherry St,5181,40.71739973,-73.98016555,40.71219906,-73.97948148,member
824980,927289791261D75C,electric_bike,2021-07-26 20:03:43,2021-07-26 20:17:34,Columbia St & Rivington St,5365,William St & Pine St,5065,40.71739973,-73.98016555,40.70717936,-74.00887308,casual
825019,F05DC5121953B985,electric_bike,2021-07-25 19:30:19,2021-07-25 20:10:05,Columbia St & Rivington St,5365,Cherry St,5181,40.71739973,-73.98016555,40.71219906,-73.97948148,casual
825038,535481C3516F264C,electric_bike,2021-07-21 19:11:25,2021-07-21 19:17:51,Columbia St & Rivington St,5365,Cherry St,5181,40.71739973,-73.98016555,40.71219906,-73.97948148,member
825042,F670DE1B239AFF1D,classic_bike,2021-07-23 13:06:00,2021-07-23 13:10:05,Columbia St & Rivington St,5365,Cherry St,5181,40.71739973,-73.98016555,40.71219906,-73.97948148,member
825043,0CE663DBCBA598F7,classic_bike,2021-07-26 12:49:23,2021-07-26 12:53:05,Columbia St & Rivington St,5365,Cherry St,5181,40.71739973,-73.98016555,40.71219906,-73.97948148,member
825083,070C90358ADE8B62,classic_bike,2021-07-03 09:46:25,2021-07-03 09:49:55,Columbia St & Rivington St,5365,Cherry St,5181,40.71739973,-73.98016555,40.71219906,-73.97948148,member
825099,E208568E8137CC6F,classic_bike,2021-07-15 15:08:06,2021-07-15 15:20:50,Columbia St & Rivington St,5365,Cherry St,5181,40.71739973,-73.98016555,40.71219906,-73.97948148,member
825127,1A2E9D0B01AAC595,electric_bike,2021-07-13 15:30:55,2021-07-13 15:52:35,Columbia St & Rivington St,5365,William St & Pine St,5065,40.71739973,-73.98016555,40.70717936,-74.00887308,member
825131,7E0457D0B52A1D35,electric_bike,2021-07-30 06:39:34,2021-07-30 07:00:11,Columbia St & Rivington St,5365,Broadway & W 41 St,6560,40.71739973,-73.98016555,40.75513557,-73.98658032,casual
825194,23FAFA9A30F8FC35,classic_bike,2021-07-19 12:58:28,2021-07-19 13:03:01,Columbia St & Rivington St,5365,Cherry St,5181,40.71739973,-73.98016555,40.71219906,-73.97948148,member
825196,6A02944BF77BE704,classic_bike,2021-07-06 16:41:03,2021-07-06 16:45:02,Columbia St & Rivington St,5365,Cherry St,5181,40.71739973,-73.98016555,40.71219906,-73.97948148,member
825199,7312DB436389AF02,classic_bike,2021-07-05 13:34:59,2021-07-05 13:39:47,Columbia St & Rivington St,5365,Cherry St,5181,40.71739973,-73.98016555,40.71219906,-73.97948148,member
825337,314F15D80A73FC84,electric_bike,2021-07-29 23:35:33,2021-07-29 23:38:46,Columbia St & Rivington St,5365,Cherry St,5181,40.71739973,-73.98016555,40.71219906,-73.97948148,member
825416,B72F0CD82DDA0FB1,classic_bike,2021-07-18 11:17:49,2021-07-18 11:23:42,Columbia St & Rivington St,5365,Cherry St,5181,40.71739973,-73.98016555,40.71219906,-73.97948148,casual
825498,25E9F96F93363B3C,classic_bike,2021-07-31 10:09:08,2021-07-31 10:12:28,Columbia St & Rivington St,5365,Cherry St,5181,40.71739973,-73.98016555,40.71219906,-73.97948148,member
825499,0E5EFEAB7A6A70DC,classic_bike,2021-07-28 15:56:48,2021-07-28 16:00:55,Columbia St & Rivington St,5365,Cherry St,5181,40.71739973,-73.98016555,40.71219906,-73.97948148,member
825507,287857C6CED2AB79,classic_bike,2021-07-20 16:37:31,2021-07-20 16:41:42,Columbia St & Rivington St,5365,Cherry St,5181,40.71739973,-73.98016555,40.71219906,-73.97948148,member
825510,B552FA1B1934A5DF,classic_bike,2021-07-10 10:11:41,2021-07-10 10:15:12,Columbia St & Rivington St,5365,Cherry St,5181,40.71739973,-73.98016555,40.71219906,-73.97948148,member
825512,6497D00E000979B8,classic_bike,2021-07-27 14:12:59,2021-07-27 14:29:33,Columbia St & Rivington St,5365,Cherry St,5181,40.71739973,-73.98016555,40.71219906,-73.97948148,member
825620,52E3434EEA55AAD2,electric_bike,2021-07-30 07:29:17,2021-07-30 07:49:51,Columbia St & Rivington St,5365,Cherry St,5181,40.71739973,-73.98016555,40.71219906,-73.97948148,member
825623,B959AA488E357420,classic_bike,2021-07-20 16:54:10,2021-07-20 16:57:03,Columbia St & Rivington St,5365,Cherry St,5181,40.71739973,-73.98016555,40.71219906,-73.97948148,member
825625,00437AF6F5E8D3FC,classic_bike,2021-07-01 15:16:13,2021-07-01 15:21:04,Columbia St & Rivington St,5365,Cherry St,5181,40.71739973,-73.98016555,40.71219906,-73.97948148,member
825629,E67C3E0ECBD29EE3,electric_bike,2021-07-04 17:28:08,2021-07-04 17:47:41,Columbia St & Rivington St,5365,Cherry St,5181,40.71739973,-73.98016555,40.71219906,-73.97948148,member
825632,37F45BC1B2824428,classic_bike,2021-07-15 19:00:11,2021-07-15 19:05:26,Columbia St & Rivington St,5365,Cherry St,5181,40.71739973,-73.98016555,40.71219906,-73.97948148,member
835466,7EA89D9505F1A2D0,electric_bike,2021-07-05 13:19:08,2021-07-05 13:32:46,Columbia St & Rivington St,5365,Lexington Ave & E 29 St,6164,40.71739973,-73.98016555,40.74311555376486,-73.98215353488922,member
843263,D639B5CE3F6C68E5,electric_bike,2021-07-17 17:30:18,2021-07-17 17:31:46,Columbia St & Rivington St,5365,Henry St & Grand St,5294,40.71739973,-73.98016555,40.714211,-73.981095,member
843264,68236A352DFFBC33,classic_bike,2021-07-23 16:42:27,2021-07-23 16:44:23,Columbia St & Rivington St,5365,Henry St & Grand St,5294,40.71739973,-73.98016555,40.714211,-73.981095,member
843284,FD687B7AF19EE97E,electric_bike,2021-07-07 19:13:35,2021-07-07 19:14:53,Columbia St & Rivington St,5365,Henry St & Grand St,5294,40.71739973,-73.98016555,40.714211,-73.981095,member
843298,C0B08F8C36B3D3AD,electric_bike,2021-07-30 21:13:07,2021-07-30 21:19:26,Columbia St & Rivington St,5365,Henry St & Grand St,5294,40.71739973,-73.98016555,40.714211,-73.981095,member
849981,5D435DD2460A3FA9,electric_bike,2021-07-04 13:43:48,2021-07-04 14:00:39,Columbia St & Rivington St,5365,Fulton St & Adams St,4637,40.71739973,-73.98016555,40.69241829257847,-73.98949474096298,member
849982,35D9BE497BEC39C5,electric_bike,2021-07-16 18:29:31,2021-07-16 18:31:22,Columbia St & Rivington St,5365,Henry St & Grand St,5294,40.71739973,-73.98016555,40.714211,-73.981095,member
849987,6F71BA78A7B27749,classic_bike,2021-07-16 09:44:48,2021-07-16 09:47:17,Columbia St & Rivington St,5365,Henry St & Grand St,5294,40.71739973,-73.98016555,40.714211,-73.981095,member
849996,CF27DE61336C3D90,electric_bike,2021-07-29 13:34:33,2021-07-29 13:42:29,Columbia St & Rivington St,5365,Henry St & Grand St,5294,40.71739973,-73.98016555,40.714211,-73.981095,member
849997,6B644E624F7078A1,classic_bike,2021-07-16 16:51:54,2021-07-16 17:05:17,Columbia St & Rivington St,5365,Henry St & Grand St,5294,40.71739973,-73.98016555,40.714211,-73.981095,member
849999,AB46823CACF23E36,classic_bike,2021-07-28 15:17:04,2021-07-28 15:20:12,Columbia St & Rivington St,5365,Henry St & Grand St,5294,40.71739973,-73.98016555,40.714211,-73.981095,member
850001,51899ADE7A07ED5E,classic_bike,2021-07-18 09:03:29,2021-07-18 09:05:57,Columbia St & Rivington St,5365,Henry St & Grand St,5294,40.71739973,-73.98016555,40.714211,-73.981095,member
850002,C49F8C155DED91F2,classic_bike,2021-07-02 08:44:51,2021-07-02 08:47:21,Columbia St & Rivington St,5365,Henry St & Grand St,5294,40.71739973,-73.98016555,40.714211,-73.981095,member
850003,45E1FB45E95E2FCA,classic_bike,2021-07-27 12:59:07,2021-07-27 13:01:00,Columbia St & Rivington St,5365,Henry St & Grand St,5294,40.71739973,-73.98016555,40.714211,-73.981095,casual
850020,945700BAB83AD65D,classic_bike,2021-07-21 13:26:28,2021-07-21 14:02:14,Columbia St & Rivington St,5365,Henry St & Grand St,5294,40.71739973,-73.98016555,40.714211,-73.981095,member
850036,900BF6A3867D5633,classic_bike,2021-07-23 16:24:12,2021-07-23 16:26:27,Columbia St & Rivington St,5365,Henry St & Grand St,5294,40.71739973,-73.98016555,40.714211,-73.981095,member
850040,53D004DAADFC5B41,electric_bike,2021-07-23 22:05:26,2021-07-23 22:08:33,Columbia St & Rivington St,5365,Henry St & Grand St,5294,40.71739973,-73.98016555,40.714211,-73.981095,member
850046,905C08E1026B6F86,classic_bike,2021-07-18 16:55:36,2021-07-18 16:58:17,Columbia St & Rivington St,5365,Henry St & Grand St,5294,40.71739973,-73.98016555,40.714211,-73.981095,member
850047,8293606929F498B4,classic_bike,2021-07-25 16:36:09,2021-07-25 16:38:27,Columbia St & Rivington St,5365,Henry St & Grand St,5294,40.71739973,-73.98016555,40.714211,-73.981095,member
850051,E6A219EB6B9FCB7C,classic_bike,2021-07-04 22:58:04,2021-07-04 22:59:48,Columbia St & Rivington St,5365,Henry St & Grand St,5294,40.71739973,-73.98016555,40.714211,-73.981095,member
850057,D99EDFCE65E92831,electric_bike,2021-07-27 12:05:50,2021-07-27 12:07:30,Columbia St & Rivington St,5365,Henry St & Grand St,5294,40.71739973,-73.98016555,40.714211,-73.981095,member
850075,D0B7F5121E49603B,classic_bike,2021-07-09 21:03:31,2021-07-09 21:08:04,Columbia St & Rivington St,5365,Henry St & Grand St,5294,40.71739973,-73.98016555,40.714211,-73.981095,member
850083,4BD72241616671C3,classic_bike,2021-07-27 10:24:25,2021-07-27 10:27:25,Columbia St & Rivington St,5365,Henry St & Grand St,5294,40.71739973,-73.98016555,40.714211,-73.981095,member
850084,E26E822CE26325B8,classic_bike,2021-07-23 10:07:48,2021-07-23 10:10:12,Columbia St & Rivington St,5365,Henry St & Grand St,5294,40.71739973,-73.98016555,40.714211,-73.981095,member
850085,4ED197009E2C5C44,classic_bike,2021-07-20 10:35:10,2021-07-20 10:38:12,Columbia St & Rivington St,5365,Henry St & Grand St,5294,40.71739973,-73.98016555,40.714211,-73.981095,member
850086,7AD9EF93FD72F4B4,classic_bike,2021-07-22 17:40:36,2021-07-22 17:43:30,Columbia St & Rivington St,5365,Henry St & Grand St,5294,40.71739973,-73.98016555,40.714211,-73.981095,member
850090,3599150342DDBEE0,classic_bike,2021-07-18 22:56:22,2021-07-18 22:58:24,Columbia St & Rivington St,5365,Henry St & Grand St,5294,40.71739973,-73.98016555,40.714211,-73.981095,member
850100,655BC6693585E92B,classic_bike,2021-07-21 13:32:52,2021-07-21 13:34:50,Columbia St & Rivington St,5365,Henry St & Grand St,5294,40.71739973,-73.98016555,40.714211,-73.981095,member
850103,7F78F4946C1401FF,classic_bike,2021-07-13 09:58:13,2021-07-13 10:00:49,Columbia St & Rivington St,5365,Henry St & Grand St,5294,40.71739973,-73.98016555,40.714211,-73.981095,member
850104,DB8A6A134C9B42BE,classic_bike,2021-07-28 10:32:09,2021-07-28 10:34:42,Columbia St & Rivington St,5365,Henry St & Grand St,5294,40.71739973,-73.98016555,40.714211,-73.981095,member
850105,4298A7F26F70D655,classic_bike,2021-07-12 10:03:47,2021-07-12 10:06:28,Columbia St & Rivington St,5365,Henry St & Grand St,5294,40.71739973,-73.98016555,40.714211,-73.981095,member
850106,CA29A4BDEA78CE0C,electric_bike,2021-07-12 14:18:44,2021-07-12 14:20:21,Columbia St & Rivington St,5365,Henry St & Grand St,5294,40.71739973,-73.98016555,40.714211,-73.981095,member
850107,614E2264264C3371,classic_bike,2021-07-19 10:14:17,2021-07-19 10:16:36,Columbia St & Rivington St,5365,Henry St & Grand St,5294,40.71739973,-73.98016555,40.714211,-73.981095,member
850108,E9E5166F307725AA,electric_bike,2021-07-19 12:53:07,2021-07-19 12:54:44,Columbia St & Rivington St,5365,Henry St & Grand St,5294,40.71739973,-73.98016555,40.714211,-73.981095,member
850109,64C477967CF17211,classic_bike,2021-07-07 12:08:58,2021-07-07 12:11:48,Columbia St & Rivington St,5365,Henry St & Grand St,5294,40.71739973,-73.98016555,40.714211,-73.981095,member
850110,CBB163754E801FFB,classic_bike,2021-07-07 09:56:27,2021-07-07 09:58:50,Columbia St & Rivington St,5365,Henry St & Grand St,5294,40.71739973,-73.98016555,40.714211,-73.981095,member
850111,062B62857694722C,classic_bike,2021-07-13 08:11:38,2021-07-13 08:14:21,Columbia St & Rivington St,5365,Henry St & Grand St,5294,40.71739973,-73.98016555,40.714211,-73.981095,member
850112,820EFB0FD059D279,classic_bike,2021-07-21 00:22:13,2021-07-21 00:23:32,Columbia St & Rivington St,5365,Henry St & Grand St,5294,40.71739973,-73.98016555,40.714211,-73.981095,member
850116,2B6CED6A79A16B47,classic_bike,2021-07-15 10:32:36,2021-07-15 10:35:34,Columbia St & Rivington St,5365,Henry St & Grand St,5294,40.71739973,-73.98016555,40.714211,-73.981095,member
850117,1D92C21066207301,classic_bike,2021-07-12 17:20:51,2021-07-12 17:22:33,Columbia St & Rivington St,5365,Henry St & Grand St,5294,40.71739973,-73.98016555,40.714211,-73.981095,member
850121,923C73681841DCF7,classic_bike,2021-07-31 11:24:01,2021-07-31 11:26:02,Columbia St & Rivington St,5365,Henry St & Grand St,5294,40.71739973,-73.98016555,40.714211,-73.981095,member
850122,9DD1625FC2CAF8DA,classic_bike,2021-07-14 15:02:55,2021-07-14 15:05:17,Columbia St & Rivington St,5365,Henry St & Grand St,5294,40.71739973,-73.98016555,40.714211,-73.981095,member
850131,BA82A3A27988A98F,classic_bike,2021-07-27 14:11:37,2021-07-27 14:15:17,Columbia St & Rivington St,5365,Henry St & Grand St,5294,40.71739973,-73.98016555,40.714211,-73.981095,member
850132,0FD07B5B6A765736,classic_bike,2021-07-24 19:09:15,2021-07-24 19:11:48,Columbia St & Rivington St,5365,Henry St & Grand St,5294,40.71739973,-73.98016555,40.714211,-73.981095,member
850134,F8C826404C2012AD,classic_bike,2021-07-24 13:45:09,2021-07-24 13:49:24,Columbia St & Rivington St,5365,Henry St & Grand St,5294,40.71739973,-73.98016555,40.714211,-73.981095,member
850135,E678EE51711C31DE,classic_bike,2021-07-10 14:01:47,2021-07-10 14:04:26,Columbia St & Rivington St,5365,Henry St & Grand St,5294,40.71739973,-73.98016555,40.714211,-73.981095,member
850156,927FA58C4045D620,classic_bike,2021-07-04 16:49:54,2021-07-04 16:51:39,Columbia St & Rivington St,5365,Henry St & Grand St,5294,40.71739973,-73.98016555,40.714211,-73.981095,member
850157,62EC03E8680F56DF,classic_bike,2021-07-10 13:14:51,2021-07-10 13:17:43,Columbia St & Rivington St,5365,Henry St & Grand St,5294,40.71739973,-73.98016555,40.714211,-73.981095,member
850160,1CD7F5EA4EA5030C,classic_bike,2021-07-31 20:45:44,2021-07-31 20:55:33,Columbia St & Rivington St,5365,Henry St & Grand St,5294,40.71739973,-73.98016555,40.714211,-73.981095,casual
850166,D1BC35F6226C8EA4,classic_bike,2021-07-10 17:55:56,2021-07-10 18:01:04,Columbia St & Rivington St,5365,Henry St & Grand St,5294,40.71739973,-73.98016555,40.714211,-73.981095,member
850202,A62EA0E5A13C17F5,classic_bike,2021-07-03 13:52:38,2021-07-03 13:54:37,Columbia St & Rivington St,5365,Henry St & Grand St,5294,40.71739973,-73.98016555,40.714211,-73.981095,member
850214,0733E36610057D5D,classic_bike,2021-07-30 20:33:41,2021-07-30 20:37:04,Columbia St & Rivington St,5365,Henry St & Grand St,5294,40.71739973,-73.98016555,40.714211,-73.981095,casual
850220,CEA4D8EA1FA5B712,classic_bike,2021-07-29 15:44:21,2021-07-29 15:47:24,Columbia St & Rivington St,5365,Henry St & Grand St,5294,40.71739973,-73.98016555,40.714211,-73.981095,member
850224,E6850A3F47F5D5DC,classic_bike,2021-07-08 06:40:24,2021-07-08 06:41:59,Columbia St & Rivington St,5365,Henry St & Grand St,5294,40.71739973,-73.98016555,40.714211,-73.981095,member
850227,8CEAFA92ABAE1A4E,classic_bike,2021-07-24 19:17:51,2021-07-24 19:19:40,Columbia St & Rivington St,5365,Henry St & Grand St,5294,40.71739973,-73.98016555,40.714211,-73.981095,casual
850242,27BEED673095BB7C,classic_bike,2021-07-30 22:38:18,2021-07-30 22:50:10,Columbia St & Rivington St,5365,Henry St & Grand St,5294,40.71739973,-73.98016555,40.714211,-73.981095,member
850245,B2119A63D75C2016,classic_bike,2021-07-04 20:27:48,2021-07-04 20:31:11,Columbia St & Rivington St,5365,Henry St & Grand St,5294,40.71739973,-73.98016555,40.714211,-73.981095,member
850246,400597E0DEF7404E,classic_bike,2021-07-29 10:19:47,2021-07-29 10:22:53,Columbia St & Rivington St,5365,Henry St & Grand St,5294,40.71739973,-73.98016555,40.714211,-73.981095,member
850249,7781DC023B7805EE,classic_bike,2021-07-04 13:51:15,2021-07-04 13:52:44,Columbia St & Rivington St,5365,Henry St & Grand St,5294,40.71739973,-73.98016555,40.714211,-73.981095,member
850253,31C4DA8FBD9561C0,classic_bike,2021-07-13 14:39:38,2021-07-13 14:42:20,Columbia St & Rivington St,5365,Henry St & Grand St,5294,40.71739973,-73.98016555,40.714211,-73.981095,member
850254,1B40895C3346D004,classic_bike,2021-07-10 15:25:09,2021-07-10 15:27:08,Columbia St & Rivington St,5365,Henry St & Grand St,5294,40.71739973,-73.98016555,40.714211,-73.981095,member
850272,8EFC2826F7F1FF03,classic_bike,2021-07-08 09:29:16,2021-07-08 09:32:17,Columbia St & Rivington St,5365,Henry St & Grand St,5294,40.71739973,-73.98016555,40.714211,-73.981095,member
850278,0FDDF57148D9A78F,classic_bike,2021-07-23 16:22:03,2021-07-23 16:44:21,Columbia St & Rivington St,5365,Henry St & Grand St,5294,40.71739973,-73.98016555,40.714211,-73.981095,member
850289,CD3C7D356C052787,classic_bike,2021-07-05 10:18:56,2021-07-05 10:20:51,Columbia St & Rivington St,5365,Henry St & Grand St,5294,40.71739973,-73.98016555,40.714211,-73.981095,member
850301,C404C075C5A01F72,electric_bike,2021-07-11 17:59:30,2021-07-11 18:15:07,Columbia St & Rivington St,5365,Henry St & Grand St,5294,40.71739973,-73.98016555,40.714211,-73.981095,member
850315,051E9950146DE773,electric_bike,2021-07-14 15:56:35,2021-07-14 15:58:27,Columbia St & Rivington St,5365,Henry St & Grand St,5294,40.71739973,-73.98016555,40.714211,-73.981095,member
850322,D0FC6CFD6558E462,classic_bike,2021-07-05 14:56:28,2021-07-05 14:58:28,Columbia St & Rivington St,5365,Henry St & Grand St,5294,40.71739973,-73.98016555,40.714211,-73.981095,member
850327,693E3E6BE1FCA212,electric_bike,2021-07-02 14:02:40,2021-07-02 14:10:22,Columbia St & Rivington St,5365,Henry St & Grand St,5294,40.71739973,-73.98016555,40.714211,-73.981095,member
850337,28EDD6D93BED166F,classic_bike,2021-07-01 11:22:11,2021-07-01 11:24:16,Columbia St & Rivington St,5365,Henry St & Grand St,5294,40.71739973,-73.98016555,40.714211,-73.981095,member
850338,0AE3F579C361B909,electric_bike,2021-07-01 16:55:14,2021-07-01 16:56:38,Columbia St & Rivington St,5365,Henry St & Grand St,5294,40.71739973,-73.98016555,40.714211,-73.981095,member
850339,83E2F6F85EB6C700,classic_bike,2021-07-13 07:08:04,2021-07-13 07:09:45,Columbia St & Rivington St,5365,Henry St & Grand St,5294,40.71739973,-73.98016555,40.714211,-73.981095,member
878071,B78BBF75D0AAD459,classic_bike,2021-07-20 11:07:43,2021-07-20 11:30:40,Columbia St & Rivington St,5365,1 Ave & E 39 St,6303,40.71739973,-73.98016555,40.74714,-73.97113,member
879034,29EFDB9C270EAE44,electric_bike,2021-07-19 07:06:13,2021-07-19 07:15:31,Columbia St & Rivington St,5365,Pearl St & Hanover Square,4993,40.71739973,-73.98016555,40.7047177,-74.00926027,member
879043,E70145E03871049D,classic_bike,2021-07-20 08:45:12,2021-07-20 09:05:50,Columbia St & Rivington St,5365,Pearl St & Hanover Square,4993,40.71739973,-73.98016555,40.7047177,-74.00926027,member
879324,A12D07C87DB55FAB,electric_bike,2021-07-07 08:48:57,2021-07-07 09:05:07,Columbia St & Rivington St,5365,Broad St & Bridge St,4962,40.71739973,-73.98016555,40.70365182,-74.01167797,member
879361,0CD8EA46E66F4F99,electric_bike,2021-07-16 17:16:14,2021-07-16 17:38:54,Columbia St & Rivington St,5365,Broad St & Bridge St,4962,40.71739973,-73.98016555,40.70365182,-74.01167797,casual
905283,196124E9517FF45A,classic_bike,2021-07-06 08:48:08,2021-07-06 08:58:46,Columbia St & Rivington St,5365,Cooper Square & Astor Pl,5712,40.71739973,-73.98016555,40.72951496224949,-73.99075269699097,member
905304,7DEBDB73B47734B3,classic_bike,2021-07-07 08:54:25,2021-07-07 09:03:49,Columbia St & Rivington St,5365,Cooper Square & Astor Pl,5712,40.71739973,-73.98016555,40.72951496224949,-73.99075269699097,member
905322,DEE194C4C5E88E30,classic_bike,2021-07-04 14:23:28,2021-07-04 14:40:20,Columbia St & Rivington St,5365,Fulton St & Pearl St,5024,40.71739973,-73.98016555,40.70772198491691,-74.00438636541367,member
905374,7131A3E763080A90,classic_bike,2021-07-02 16:27:16,2021-07-02 16:42:23,Columbia St & Rivington St,5365,Fulton St & Pearl St,5024,40.71739973,-73.98016555,40.70772198491691,-74.00438636541367,member
905380,1806B7D6633B805D,classic_bike,2021-07-17 11:17:40,2021-07-17 11:32:45,Columbia St & Rivington St,5365,Cooper Square & Astor Pl,5712,40.71739973,-73.98016555,40.72951496224949,-73.99075269699097,member
905394,EAA256F392C6032C,electric_bike,2021-07-19 18:25:39,2021-07-19 18:37:54,Columbia St & Rivington St,5365,Roebling St & N 4 St,5267,40.71739973,-73.98016555,40.71469,-73.95739,member
905395,81C2F5A865C0E1B0,classic_bike,2021-07-19 08:53:41,2021-07-19 09:04:39,Columbia St & Rivington St,5365,Cooper Square & Astor Pl,5712,40.71739973,-73.98016555,40.72951496224949,-73.99075269699097,member
905399,59F28E2F128339B4,classic_bike,2021-07-22 12:35:23,2021-07-22 12:45:11,Columbia St & Rivington St,5365,Cooper Square & Astor Pl,5712,40.71739973,-73.98016555,40.72951496224949,-73.99075269699097,member
905421,19953B8AEAF33775,classic_bike,2021-07-06 11:37:42,2021-07-06 11:49:43,Columbia St & Rivington St,5365,Cooper Square & Astor Pl,5712,40.71739973,-73.98016555,40.72951496224949,-73.99075269699097,member
905438,900C77FC9F44F46C,classic_bike,2021-07-26 14:05:50,2021-07-26 14:34:21,Columbia St & Rivington St,5365,Bridge St & Water St,4968,40.71739973,-73.98016555,40.70296934155272,-73.98469090461731,casual
905447,3DC965918B4633E5,classic_bike,2021-07-25 18:34:39,2021-07-25 18:45:50,Columbia St & Rivington St,5365,Cooper Square & Astor Pl,5712,40.71739973,-73.98016555,40.72951496224949,-73.99075269699097,member
905456,08B547787FFE3F39,classic_bike,2021-07-30 08:57:37,2021-07-30 09:08:52,Columbia St & Rivington St,5365,Cooper Square & Astor Pl,5712,40.71739973,-73.98016555,40.72951496224949,-73.99075269699097,member
905465,1BDB32A661C42193,classic_bike,2021-07-27 08:52:57,2021-07-27 09:06:08,Columbia St & Rivington St,5365,Cooper Square & Astor Pl,5712,40.71739973,-73.98016555,40.72951496224949,-73.99075269699097,member
905473,0BAB5D1540AF846E,classic_bike,2021-07-04 14:22:09,2021-07-04 14:40:18,Columbia St & Rivington St,5365,Fulton St & Pearl St,5024,40.71739973,-73.98016555,40.70772198491691,-74.00438636541367,member
905481,DB6830AD81D5BB56,classic_bike,2021-07-18 15:45:07,2021-07-18 16:01:16,Columbia St & Rivington St,5365,Fulton St & Pearl St,5024,40.71739973,-73.98016555,40.70772198491691,-74.00438636541367,member
905485,F48A665683B602C5,electric_bike,2021-07-14 12:02:15,2021-07-14 12:15:31,Columbia St & Rivington St,5365,Fulton St & Pearl St,5024,40.71739973,-73.98016555,40.70772198491691,-74.00438636541367,member
905505,99BBB68787B8AFFA,classic_bike,2021-07-16 08:57:08,2021-07-16 09:09:37,Columbia St & Rivington St,5365,Cooper Square & Astor Pl,5712,40.71739973,-73.98016555,40.72951496224949,-73.99075269699097,member
905506,F582AAF1553126BD,classic_bike,2021-07-13 08:53:00,2021-07-13 09:03:10,Columbia St & Rivington St,5365,Cooper Square & Astor Pl,5712,40.71739973,-73.98016555,40.72951496224949,-73.99075269699097,member
905507,ADAE6B02C1B19DC7,classic_bike,2021-07-28 08:53:34,2021-07-28 09:03:05,Columbia St & Rivington St,5365,Cooper Square & Astor Pl,5712,40.71739973,-73.98016555,40.72951496224949,-73.99075269699097,member
905508,34D9E3743F49FDB2,classic_bike,2021-07-22 08:54:15,2021-07-22 09:04:21,Columbia St & Rivington St,5365,Cooper Square & Astor Pl,5712,40.71739973,-73.98016555,40.72951496224949,-73.99075269699097,member
905509,0566C8B962D22FF5,classic_bike,2021-07-23 09:01:16,2021-07-23 09:12:15,Columbia St & Rivington St,5365,Cooper Square & Astor Pl,5712,40.71739973,-73.98016555,40.72951496224949,-73.99075269699097,member
905510,B5D9D44CA761187D,classic_bike,2021-07-26 08:49:59,2021-07-26 08:58:57,Columbia St & Rivington St,5365,Cooper Square & Astor Pl,5712,40.71739973,-73.98016555,40.72951496224949,-73.99075269699097,member
905511,EFAAC1057F2A4F8D,classic_bike,2021-07-08 08:51:03,2021-07-08 09:00:22,Columbia St & Rivington St,5365,Cooper Square & Astor Pl,5712,40.71739973,-73.98016555,40.72951496224949,-73.99075269699097,member
905513,9541FFB186A19A9C,electric_bike,2021-07-25 22:42:39,2021-07-25 22:55:58,Columbia St & Rivington St,5365,Cooper Square & Astor Pl,5712,40.71739973,-73.98016555,40.72951496224949,-73.99075269699097,member
905527,DCCA3C81025C7D26,classic_bike,2021-07-02 08:56:58,2021-07-02 09:06:25,Columbia St & Rivington St,5365,Cooper Square & Astor Pl,5712,40.71739973,-73.98016555,40.72951496224949,-73.99075269699097,member
905528,205F447E3CA8F793,classic_bike,2021-07-14 08:52:08,2021-07-14 09:01:43,Columbia St & Rivington St,5365,Cooper Square & Astor Pl,5712,40.71739973,-73.98016555,40.72951496224949,-73.99075269699097,member
905559,10BFFB795F8332EF,classic_bike,2021-07-29 08:55:54,2021-07-29 09:04:42,Columbia St & Rivington St,5365,Cooper Square & Astor Pl,5712,40.71739973,-73.98016555,40.72951496224949,-73.99075269699097,member
905564,9CC7AC42B48A4DDF,classic_bike,2021-07-01 14:58:35,2021-07-01 15:16:11,Columbia St & Rivington St,5365,Fulton St & Pearl St,5024,40.71739973,-73.98016555,40.70772198491691,-74.00438636541367,member
905567,4FFA5AEA01B5B8AA,classic_bike,2021-07-22 10:16:33,2021-07-22 10:39:13,Columbia St & Rivington St,5365,Fulton St & Pearl St,5024,40.71739973,-73.98016555,40.70772198491691,-74.00438636541367,casual
905589,E6E0CA6B598598CF,classic_bike,2021-07-07 12:01:55,2021-07-07 12:23:18,Columbia St & Rivington St,5365,Fulton St & Pearl St,5024,40.71739973,-73.98016555,40.70772198491691,-74.00438636541367,member
905620,ED1E61F31187C9B7,classic_bike,2021-07-18 08:13:53,2021-07-18 08:28:57,Columbia St & Rivington St,5365,Fulton St & Pearl St,5024,40.71739973,-73.98016555,40.70772198491691,-74.00438636541367,member
905627,FF0453A47C48F8CE,classic_bike,2021-07-13 10:16:15,2021-07-13 10:33:16,Columbia St & Rivington St,5365,Fulton St & Pearl St,5024,40.71739973,-73.98016555,40.70772198491691,-74.00438636541367,casual
905643,C0B834ABB255DC59,classic_bike,2021-07-07 14:47:37,2021-07-07 14:57:56,Columbia St & Rivington St,5365,Fulton St & Pearl St,5024,40.71739973,-73.98016555,40.70772198491691,-74.00438636541367,casual
905663,FD02E80BB8204BDD,classic_bike,2021-07-06 08:17:28,2021-07-06 08:32:57,Columbia St & Rivington St,5365,Cooper Square & Astor Pl,5712,40.71739973,-73.98016555,40.72951496224949,-73.99075269699097,member
905671,1CF48EB0D1BD10BD,classic_bike,2021-07-26 10:11:59,2021-07-26 10:59:55,Columbia St & Rivington St,5365,Fulton St & Pearl St,5024,40.71739973,-73.98016555,40.70772198491691,-74.00438636541367,casual
905683,D55BEF5CBF903A2F,classic_bike,2021-07-29 10:39:40,2021-07-29 11:01:39,Columbia St & Rivington St,5365,Fulton St & Pearl St,5024,40.71739973,-73.98016555,40.70772198491691,-74.00438636541367,casual
905695,34067603BA9BBCE9,classic_bike,2021-07-07 07:40:38,2021-07-07 07:52:05,Columbia St & Rivington St,5365,Cooper Square & Astor Pl,5712,40.71739973,-73.98016555,40.72951496224949,-73.99075269699097,member
905718,A7C659EDEBD77F91,classic_bike,2021-07-08 10:18:21,2021-07-08 10:39:08,Columbia St & Rivington St,5365,Fulton St & Pearl St,5024,40.71739973,-73.98016555,40.70772198491691,-74.00438636541367,casual
905736,614DB5C57198BE85,classic_bike,2021-07-26 15:36:22,2021-07-26 16:07:40,Columbia St & Rivington St,5365,Cooper Square & Astor Pl,5712,40.71739973,-73.98016555,40.72951496224949,-73.99075269699097,member
905750,4EB218FE3E0F7AE0,classic_bike,2021-07-15 08:53:23,2021-07-15 09:03:38,Columbia St & Rivington St,5365,Cooper Square & Astor Pl,5712,40.71739973,-73.98016555,40.72951496224949,-73.99075269699097,member
905751,999EFB418FAD55CB,classic_bike,2021-07-01 08:52:45,2021-07-01 09:04:22,Columbia St & Rivington St,5365,Cooper Square & Astor Pl,5712,40.71739973,-73.98016555,40.72951496224949,-73.99075269699097,member
905753,73FDDD9BD663D654,classic_bike,2021-07-06 08:31:54,2021-07-06 08:48:37,Columbia St & Rivington St,5365,Fulton St & Pearl St,5024,40.71739973,-73.98016555,40.70772198491691,-74.00438636541367,member
905779,677F099BBDFC74DC,electric_bike,2021-07-14 15:58:59,2021-07-14 16:11:22,Columbia St & Rivington St,5365,Cooper Square & Astor Pl,5712,40.71739973,-73.98016555,40.72951496224949,-73.99075269699097,casual
905791,74ED269540D57728,electric_bike,2021-07-25 22:41:55,2021-07-25 22:56:16,Columbia St & Rivington St,5365,Cooper Square & Astor Pl,5712,40.71739973,-73.98016555,40.72951496224949,-73.99075269699097,casual
924927,BFDD7075A2229F02,electric_bike,2021-07-08 13:41:25,2021-07-08 13:45:10,Columbia St & Rivington St,5365,E 2 St & Avenue B,5515,40.71739973,-73.98016555,40.72217444,-73.98368779,member
925486,65A4A18256F7CEF0,classic_bike,2021-07-12 06:19:15,2021-07-12 06:23:02,Columbia St & Rivington St,5365,E 2 St & Avenue B,5515,40.71739973,-73.98016555,40.72217444,-73.98368779,member
925490,FAACEFAC084F1429,classic_bike,2021-07-02 14:03:56,2021-07-02 14:09:04,Columbia St & Rivington St,5365,E 2 St & Avenue B,5515,40.71739973,-73.98016555,40.72217444,-73.98368779,member
925496,BE850EA40DB815BE,electric_bike,2021-07-16 14:25:29,2021-07-16 14:36:36,Columbia St & Rivington St,5365,S 5 Pl & S 5 St,5125,40.71739973,-73.98016555,40.710451,-73.960876,member
925499,A351A194500DF308,classic_bike,2021-07-15 13:26:08,2021-07-15 13:32:50,Columbia St & Rivington St,5365,E 2 St & Avenue B,5515,40.71739973,-73.98016555,40.72217444,-73.98368779,member
925500,09A5DB3B5EF2AC6D,classic_bike,2021-07-30 18:39:30,2021-07-30 18:43:17,Columbia St & Rivington St,5365,E 2 St & Avenue B,5515,40.71739973,-73.98016555,40.72217444,-73.98368779,member
925511,BE53110378E1AD4F,electric_bike,2021-07-21 13:21:10,2021-07-21 13:30:43,Columbia St & Rivington St,5365,S 5 Pl & S 5 St,5125,40.71739973,-73.98016555,40.710451,-73.960876,member
926256,A09B8CF3C778ACED,classic_bike,2021-07-15 13:40:51,2021-07-15 13:46:17,Columbia St & Rivington St,5365,E 2 St & Avenue B,5515,40.71739973,-73.98016555,40.72217444,-73.98368779,member
926258,A15FE1B8332737A8,classic_bike,2021-07-29 10:34:29,2021-07-29 10:37:17,Columbia St & Rivington St,5365,E 2 St & Avenue B,5515,40.71739973,-73.98016555,40.72217444,-73.98368779,member
926259,C492E0CDAEAFD330,classic_bike,2021-07-30 11:09:59,2021-07-30 11:17:25,Columbia St & Rivington St,5365,Howard St & Centre St,5422,40.71739973,-73.98016555,40.71910537,-73.99973337,member
926266,7AFE52CA336D2199,classic_bike,2021-07-07 11:32:51,2021-07-07 11:37:39,Columbia St & Rivington St,5365,E 2 St & Avenue B,5515,40.71739973,-73.98016555,40.72217444,-73.98368779,member
926267,58AABDDF50AE8023,electric_bike,2021-07-16 18:58:34,2021-07-16 19:33:29,Columbia St & Rivington St,5365,S 5 Pl & S 5 St,5125,40.71739973,-73.98016555,40.710451,-73.960876,member
926268,BDCC4F24358AE726,electric_bike,2021-07-21 21:31:14,2021-07-21 21:51:11,Columbia St & Rivington St,5365,S 5 Pl & S 5 St,5125,40.71739973,-73.98016555,40.710451,-73.960876,casual
926269,4ADAAA79F28D5CBC,classic_bike,2021-07-29 21:43:01,2021-07-29 21:54:15,Columbia St & Rivington St,5365,Howard St & Centre St,5422,40.71739973,-73.98016555,40.71910537,-73.99973337,casual
926283,991B8BB29931B136,classic_bike,2021-07-06 10:02:08,2021-07-06 10:06:40,Columbia St & Rivington St,5365,E 2 St & Avenue B,5515,40.71739973,-73.98016555,40.72217444,-73.98368779,member
927017,45FD7D86ED691E00,classic_bike,2021-07-10 12:42:20,2021-07-10 12:56:26,Columbia St & Rivington St,5365,S 5 Pl & S 5 St,5125,40.71739973,-73.98016555,40.710451,-73.960876,member
927725,BE2007BE7585EC02,classic_bike,2021-07-31 11:23:43,2021-07-31 11:31:11,Columbia St & Rivington St,5365,Howard St & Centre St,5422,40.71739973,-73.98016555,40.71910537,-73.99973337,member
927726,8C508CDE282508DA,electric_bike,2021-07-18 11:27:00,2021-07-18 11:34:22,Columbia St & Rivington St,5365,Howard St & Centre St,5422,40.71739973,-73.98016555,40.71910537,-73.99973337,member
928804,3D4AC94244C36264,electric_bike,2021-07-25 16:35:07,2021-07-25 16:47:42,Columbia St & Rivington St,5365,S 5 Pl & S 5 St,5125,40.71739973,-73.98016555,40.710451,-73.960876,member
928808,50FE8F076CFC695F,classic_bike,2021-07-19 09:52:43,2021-07-19 09:56:42,Columbia St & Rivington St,5365,E 2 St & Avenue B,5515,40.71739973,-73.98016555,40.72217444,-73.98368779,casual
929514,522ED13A3A4E5EC7,classic_bike,2021-07-31 12:00:21,2021-07-31 12:31:18,Columbia St & Rivington St,5365,E 2 St & Avenue B,5515,40.71739973,-73.98016555,40.72217444,-73.98368779,member
929530,7A243EF8CE44B6D7,classic_bike,2021-07-11 10:15:29,2021-07-11 10:25:54,Columbia St & Rivington St,5365,Howard St & Centre St,5422,40.71739973,-73.98016555,40.71910537,-73.99973337,member
930790,6ECB0FE6B2F9CAFA,classic_bike,2021-07-31 15:40:44,2021-07-31 15:51:41,Columbia St & Rivington St,5365,E 2 St & Avenue B,5515,40.71739973,-73.98016555,40.72217444,-73.98368779,member
930930,4D18302B564ACB0D,electric_bike,2021-07-19 19:09:45,2021-07-19 19:12:34,Columbia St & Rivington St,5365,E 2 St & Avenue B,5515,40.71739973,-73.98016555,40.72217444,-73.98368779,member
930936,568A753E92973E59,classic_bike,2021-07-26 00:53:08,2021-07-26 01:20:56,Columbia St & Rivington St,5365,S 5 Pl & S 5 St,5125,40.71739973,-73.98016555,40.710451,-73.960876,casual
932155,11C41944130A0983,classic_bike,2021-07-21 12:32:30,2021-07-21 12:36:50,Columbia St & Rivington St,5365,E 2 St & Avenue B,5515,40.71739973,-73.98016555,40.72217444,-73.98368779,casual
939121,D88386E01FD41E1C,classic_bike,2021-07-04 16:42:47,2021-07-04 16:49:37,Columbia St & Rivington St,5365,E 2 St & Avenue B,5515,40.71739973,-73.98016555,40.72217444,-73.98368779,casual
939122,FB930313B052982F,classic_bike,2021-07-23 14:07:38,2021-07-23 14:12:41,Columbia St & Rivington St,5365,E 2 St & Avenue B,5515,40.71739973,-73.98016555,40.72217444,-73.98368779,member
939147,E9199A27F7B042FC,electric_bike,2021-07-10 17:41:05,2021-07-10 17:54:39,Columbia St & Rivington St,5365,S 5 Pl & S 5 St,5125,40.71739973,-73.98016555,40.710451,-73.960876,member
939148,39E1E3C76F3C2F2B,electric_bike,2021-07-09 10:00:08,2021-07-09 10:09:39,Columbia St & Rivington St,5365,S 5 Pl & S 5 St,5125,40.71739973,-73.98016555,40.710451,-73.960876,member
939151,7BB9AEECECA0B03E,classic_bike,2021-07-22 16:20:48,2021-07-22 16:24:03,Columbia St & Rivington St,5365,E 2 St & Avenue B,5515,40.71739973,-73.98016555,40.72217444,-73.98368779,member
939153,D2E7BDB6477008A4,classic_bike,2021-07-29 13:52:32,2021-07-29 13:55:49,Columbia St & Rivington St,5365,E 2 St & Avenue B,5515,40.71739973,-73.98016555,40.72217444,-73.98368779,member
939178,CC45223E20DEDF1F,classic_bike,2021-07-15 09:46:07,2021-07-15 09:49:58,Columbia St & Rivington St,5365,E 2 St & Avenue B,5515,40.71739973,-73.98016555,40.72217444,-73.98368779,member
939182,B74A0CCDB7C61C96,electric_bike,2021-07-29 21:31:08,2021-07-29 21:42:23,Columbia St & Rivington St,5365,Barclay St & Church St,5216,40.71739973,-73.98016555,40.71291224,-74.01020234,casual
939187,1DFF6425891D9EE9,classic_bike,2021-07-13 08:53:08,2021-07-13 09:18:07,Columbia St & Rivington St,5365,S 5 Pl & S 5 St,5125,40.71739973,-73.98016555,40.710451,-73.960876,casual
939188,D1BD7980D70D2546,electric_bike,2021-07-07 20:04:05,2021-07-07 20:14:40,Columbia St & Rivington St,5365,Howard St & Centre St,5422,40.71739973,-73.98016555,40.71910537,-73.99973337,casual
939189,D417AB391457A9CA,classic_bike,2021-07-17 13:09:07,2021-07-17 13:14:19,Columbia St & Rivington St,5365,E 2 St & Avenue B,5515,40.71739973,-73.98016555,40.72217444,-73.98368779,casual
939199,6D1F17636BFB6FA2,electric_bike,2021-07-27 18:10:30,2021-07-27 18:19:09,Columbia St & Rivington St,5365,S 5 Pl & S 5 St,5125,40.71739973,-73.98016555,40.710451,-73.960876,member
939201,22CA71B55A7B25B1,classic_bike,2021-07-01 20:10:19,2021-07-01 20:14:46,Columbia St & Rivington St,5365,E 2 St & Avenue B,5515,40.71739973,-73.98016555,40.72217444,-73.98368779,member
939214,F7BE2DFE38D1C93F,classic_bike,2021-07-03 11:35:01,2021-07-03 11:43:23,Columbia St & Rivington St,5365,Howard St & Centre St,5422,40.71739973,-73.98016555,40.71910537,-73.99973337,member
939255,2E0C22FE9459F4D6,classic_bike,2021-07-16 09:53:44,2021-07-16 09:57:34,Columbia St & Rivington St,5365,E 2 St & Avenue B,5515,40.71739973,-73.98016555,40.72217444,-73.98368779,member
939259,81C02ED12A89099C,classic_bike,2021-07-28 09:33:16,2021-07-28 09:47:08,Columbia St & Rivington St,5365,Howard St & Centre St,5422,40.71739973,-73.98016555,40.71910537,-73.99973337,member
939272,2DF5690A8923BF99,classic_bike,2021-07-10 10:12:46,2021-07-10 10:17:00,Columbia St & Rivington St,5365,E 2 St & Avenue B,5515,40.71739973,-73.98016555,40.72217444,-73.98368779,member
939274,98D9FF01FBA7E962,electric_bike,2021-07-13 18:41:35,2021-07-13 18:49:58,Columbia St & Rivington St,5365,S 5 Pl & S 5 St,5125,40.71739973,-73.98016555,40.710451,-73.960876,member
939281,006E072CE623AD5F,classic_bike,2021-07-20 14:13:21,2021-07-20 14:41:53,Columbia St & Rivington St,5365,S 5 Pl & S 5 St,5125,40.71739973,-73.98016555,40.710451,-73.960876,casual
939366,B987046785D9C011,classic_bike,2021-07-31 10:12:49,2021-07-31 10:24:48,Columbia St & Rivington St,5365,S 5 Pl & S 5 St,5125,40.71739973,-73.98016555,40.710451,-73.960876,casual
948875,1397037404E86BCD,electric_bike,2021-07-09 13:38:35,2021-07-09 13:51:22,Columbia St & Rivington St,5365,W 15 St & 7 Ave,6030,40.71739973,-73.98016555,40.73935542,-73.99931783,casual
949047,E8322E122F4C06FF,classic_bike,2021-07-08 12:37:57,2021-07-08 12:52:25,Columbia St & Rivington St,5365,W 15 St & 7 Ave,6030,40.71739973,-73.98016555,40.73935542,-73.99931783,casual
950173,2786369A8F755EE3,classic_bike,2021-07-29 14:01:21,2021-07-29 14:23:50,Columbia St & Rivington St,5365,W 15 St & 7 Ave,6030,40.71739973,-73.98016555,40.73935542,-73.99931783,casual
951519,55B33A477DBEF87D,electric_bike,2021-07-24 12:35:55,2021-07-24 12:46:15,Columbia St & Rivington St,5365,2 Ave & E 29 St,6122,40.71739973,-73.98016555,40.74172351097472,-73.97809267044067,casual
952990,63455260C67E27FA,electric_bike,2021-07-02 20:49:06,2021-07-02 21:09:34,Columbia St & Rivington St,5365,W 15 St & 7 Ave,6030,40.71739973,-73.98016555,40.73935542,-73.99931783,member
953012,DEA1A284BC495011,electric_bike,2021-07-25 16:25:54,2021-07-25 16:38:15,Columbia St & Rivington St,5365,2 Ave & E 29 St,6122,40.71739973,-73.98016555,40.74172351097472,-73.97809267044067,casual
953021,6E798E01F10E915B,electric_bike,2021-07-16 17:02:43,2021-07-16 17:25:52,Columbia St & Rivington St,5365,Greenpoint Ave & Manhattan Ave,5785,40.71739973,-73.98016555,40.73026,-73.95394,casual
954253,E579694A4FE18ADD,electric_bike,2021-07-11 13:40:39,2021-07-11 13:58:40,Columbia St & Rivington St,5365,2 Ave & E 29 St,6122,40.71739973,-73.98016555,40.74172351097472,-73.97809267044067,casual
969570,7DFE1FAA9ACCF426,classic_bike,2021-07-28 09:52:21,2021-07-28 10:01:03,Columbia St & Rivington St,5365,Bayard St & Baxter St,5351,40.71739973,-73.98016555,40.71602118,-73.99974372,member
969572,75A7F1FE08A6C083,classic_bike,2021-07-22 09:49:22,2021-07-22 09:57:57,Columbia St & Rivington St,5365,Bayard St & Baxter St,5351,40.71739973,-73.98016555,40.71602118,-73.99974372,member
970065,B0DE7F609F85939F,electric_bike,2021-07-23 14:32:31,2021-07-23 14:47:36,Columbia St & Rivington St,5365,Fulton St & Broadway,5175,40.71739973,-73.98016555,40.711066,-74.009447,member
972620,48EC5B41016DDA48,electric_bike,2021-07-14 18:45:36,2021-07-14 19:06:32,Columbia St & Rivington St,5365,Rivington St & Chrystie St,5453,40.71739973,-73.98016555,40.72110063,-73.9919254,member
972631,28F76D9617E6B2B7,classic_bike,2021-07-06 16:46:57,2021-07-06 16:48:58,Columbia St & Rivington St,5365,Bialystoker Pl & Delancey St,5335,40.71739973,-73.98016555,40.71622644,-73.98261206,casual
972644,0D447B15649D9F56,classic_bike,2021-07-31 16:37:08,2021-07-31 16:40:38,Columbia St & Rivington St,5365,Bialystoker Pl & Delancey St,5335,40.71739973,-73.98016555,40.71622644,-73.98261206,member
972653,281D477C1FD7CD94,classic_bike,2021-07-21 10:41:38,2021-07-21 10:43:38,Columbia St & Rivington St,5365,Bialystoker Pl & Delancey St,5335,40.71739973,-73.98016555,40.71622644,-73.98261206,member
972654,AEA7C735BF950536,classic_bike,2021-07-23 15:14:49,2021-07-23 15:16:49,Columbia St & Rivington St,5365,Bialystoker Pl & Delancey St,5335,40.71739973,-73.98016555,40.71622644,-73.98261206,member
972655,2FCDC609A04EE913,classic_bike,2021-07-17 12:22:15,2021-07-17 12:24:29,Columbia St & Rivington St,5365,Bialystoker Pl & Delancey St,5335,40.71739973,-73.98016555,40.71622644,-73.98261206,member
972656,0D762EC07A5B3D8D,classic_bike,2021-07-14 10:02:13,2021-07-14 10:04:20,Columbia St & Rivington St,5365,Bialystoker Pl & Delancey St,5335,40.71739973,-73.98016555,40.71622644,-73.98261206,member
972658,7095DB62AF2E3FAE,classic_bike,2021-07-09 16:11:26,2021-07-09 16:13:31,Columbia St & Rivington St,5365,Bialystoker Pl & Delancey St,5335,40.71739973,-73.98016555,40.71622644,-73.98261206,member
972661,3E2E897DFD2004AD,classic_bike,2021-07-15 13:00:14,2021-07-15 13:02:24,Columbia St & Rivington St,5365,Bialystoker Pl & Delancey St,5335,40.71739973,-73.98016555,40.71622644,-73.98261206,member
972672,6D01FE8CDB817823,classic_bike,2021-07-30 14:53:50,2021-07-30 14:57:50,Columbia St & Rivington St,5365,Bialystoker Pl & Delancey St,5335,40.71739973,-73.98016555,40.71622644,-73.98261206,member
972680,1E0694D0A0B8119F,classic_bike,2021-07-21 06:45:24,2021-07-21 06:46:43,Columbia St & Rivington St,5365,Bialystoker Pl & Delancey St,5335,40.71739973,-73.98016555,40.71622644,-73.98261206,member
972683,891A20F9E94C0CD6,classic_bike,2021-07-24 11:39:01,2021-07-24 11:41:30,Columbia St & Rivington St,5365,Bialystoker Pl & Delancey St,5335,40.71739973,-73.98016555,40.71622644,-73.98261206,member
972686,1C287820E494412A,classic_bike,2021-07-10 08:42:10,2021-07-10 08:52:20,Columbia St & Rivington St,5365,E 20 St & FDR Drive,5886,40.71739973,-73.98016555,40.73314259,-73.97573881,member
972691,2FC382773752FCB8,electric_bike,2021-07-01 14:36:44,2021-07-01 14:39:39,Columbia St & Rivington St,5365,Bialystoker Pl & Delancey St,5335,40.71739973,-73.98016555,40.71622644,-73.98261206,member
972704,2F6E94A4412C2F97,electric_bike,2021-07-19 12:41:28,2021-07-19 12:44:22,Columbia St & Rivington St,5365,Bialystoker Pl & Delancey St,5335,40.71739973,-73.98016555,40.71622644,-73.98261206,member
972725,BEA4B4DB3E25122B,electric_bike,2021-07-15 17:45:05,2021-07-15 17:49:39,Columbia St & Rivington St,5365,Bialystoker Pl & Delancey St,5335,40.71739973,-73.98016555,40.71622644,-73.98261206,member
972726,38E5DA1C0B319AC4,classic_bike,2021-07-11 08:37:41,2021-07-11 08:50:00,Columbia St & Rivington St,5365,Bialystoker Pl & Delancey St,5335,40.71739973,-73.98016555,40.71622644,-73.98261206,member
972734,E87CCFE06EDCE81D,electric_bike,2021-07-13 16:57:57,2021-07-13 17:09:57,Columbia St & Rivington St,5365,Bialystoker Pl & Delancey St,5335,40.71739973,-73.98016555,40.71622644,-73.98261206,member
974508,04B154A37C483DCA,classic_bike,2021-07-04 12:54:18,2021-07-04 13:03:33,Columbia St & Rivington St,5365,Bialystoker Pl & Delancey St,5335,40.71739973,-73.98016555,40.71622644,-73.98261206,member
976857,45BE3EB2E3AD3732,classic_bike,2021-07-25 19:17:25,2021-07-25 19:20:19,Columbia St & Rivington St,5365,Bialystoker Pl & Delancey St,5335,40.71739973,-73.98016555,40.71622644,-73.98261206,member
976881,AD3C375421A5B816,classic_bike,2021-07-24 07:58:22,2021-07-24 08:00:11,Columbia St & Rivington St,5365,Bialystoker Pl & Delancey St,5335,40.71739973,-73.98016555,40.71622644,-73.98261206,casual
976937,37BAF97CCF202AE1,electric_bike,2021-07-21 18:38:50,2021-07-21 18:45:27,Columbia St & Rivington St,5365,E 20 St & FDR Drive,5886,40.71739973,-73.98016555,40.73314259,-73.97573881,casual
976951,DE772A74A773F289,electric_bike,2021-07-20 14:02:38,2021-07-20 14:21:00,Columbia St & Rivington St,5365,Morgan Ave & Lombardy St,5503,40.71739973,-73.98016555,40.72226,-73.93889,member
976957,78B03453D648A308,classic_bike,2021-07-31 09:44:16,2021-07-31 09:47:03,Columbia St & Rivington St,5365,Bialystoker Pl & Delancey St,5335,40.71739973,-73.98016555,40.71622644,-73.98261206,member
977141,A6C6B0E88FBBE1ED,classic_bike,2021-07-05 09:08:05,2021-07-05 09:10:16,Columbia St & Rivington St,5365,Bialystoker Pl & Delancey St,5335,40.71739973,-73.98016555,40.71622644,-73.98261206,member
977189,CC56AEC1972FF6D2,classic_bike,2021-07-10 06:35:36,2021-07-10 06:37:05,Columbia St & Rivington St,5365,Bialystoker Pl & Delancey St,5335,40.71739973,-73.98016555,40.71622644,-73.98261206,member
977190,E2DEAE48DED48E05,classic_bike,2021-07-21 06:10:02,2021-07-21 06:11:41,Columbia St & Rivington St,5365,Bialystoker Pl & Delancey St,5335,40.71739973,-73.98016555,40.71622644,-73.98261206,member
982902,F822E5EE46B8B09F,classic_bike,2021-07-22 17:16:49,2021-07-22 17:18:33,Columbia St & Rivington St,5365,Bialystoker Pl & Delancey St,5335,40.71739973,-73.98016555,40.71622644,-73.98261206,member
982903,239D1B9F4C3102B9,classic_bike,2021-07-09 10:20:35,2021-07-09 10:22:26,Columbia St & Rivington St,5365,Bialystoker Pl & Delancey St,5335,40.71739973,-73.98016555,40.71622644,-73.98261206,member
982910,7AF9B1E5ACC057B6,classic_bike,2021-07-18 10:10:57,2021-07-18 10:13:41,Columbia St & Rivington St,5365,Bialystoker Pl & Delancey St,5335,40.71739973,-73.98016555,40.71622644,-73.98261206,member
982911,2BC3F9C24F509B92,classic_bike,2021-07-16 11:17:09,2021-07-16 11:19:22,Columbia St & Rivington St,5365,Bialystoker Pl & Delancey St,5335,40.71739973,-73.98016555,40.71622644,-73.98261206,member
982912,E1EBE7BD85D62FBF,classic_bike,2021-07-04 14:45:59,2021-07-04 14:48:00,Columbia St & Rivington St,5365,Bialystoker Pl & Delancey St,5335,40.71739973,-73.98016555,40.71622644,-73.98261206,member
982913,D4FC57F22B7F7411,classic_bike,2021-07-28 14:35:57,2021-07-28 14:39:23,Columbia St & Rivington St,5365,Bialystoker Pl & Delancey St,5335,40.71739973,-73.98016555,40.71622644,-73.98261206,member
982916,7D7362CCB438D013,classic_bike,2021-07-14 09:05:24,2021-07-14 09:06:51,Columbia St & Rivington St,5365,Bialystoker Pl & Delancey St,5335,40.71739973,-73.98016555,40.71622644,-73.98261206,member
984395,CDFE3D478808767B,classic_bike,2021-07-25 10:00:34,2021-07-25 10:02:35,Columbia St & Rivington St,5365,Bialystoker Pl & Delancey St,5335,40.71739973,-73.98016555,40.71622644,-73.98261206,member
984399,BCF5F3B317D97634,classic_bike,2021-07-30 09:09:35,2021-07-30 09:10:56,Columbia St & Rivington St,5365,Bialystoker Pl & Delancey St,5335,40.71739973,-73.98016555,40.71622644,-73.98261206,member
984400,74F5283FB18800E5,classic_bike,2021-07-18 15:20:19,2021-07-18 15:22:06,Columbia St & Rivington St,5365,Bialystoker Pl & Delancey St,5335,40.71739973,-73.98016555,40.71622644,-73.98261206,member
984406,A8715F138E8388F4,classic_bike,2021-07-10 12:43:24,2021-07-10 13:09:28,Columbia St & Rivington St,5365,Graham Ave & Grand St,5178,40.71739973,-73.98016555,40.711863,-73.944024,casual
984423,08E4861C171B9D46,classic_bike,2021-07-24 08:43:09,2021-07-24 08:53:45,Columbia St & Rivington St,5365,E 20 St & FDR Drive,5886,40.71739973,-73.98016555,40.73314259,-73.97573881,member
984424,4F187D69FB088F94,classic_bike,2021-07-20 08:40:54,2021-07-20 08:51:33,Columbia St & Rivington St,5365,E 20 St & FDR Drive,5886,40.71739973,-73.98016555,40.73314259,-73.97573881,member
984426,4CB1ADFB31C9A431,classic_bike,2021-07-10 14:30:29,2021-07-10 14:40:01,Columbia St & Rivington St,5365,E 20 St & FDR Drive,5886,40.71739973,-73.98016555,40.73314259,-73.97573881,member
984429,D359491B596C50D1,classic_bike,2021-07-15 08:59:47,2021-07-15 09:02:01,Columbia St & Rivington St,5365,Bialystoker Pl & Delancey St,5335,40.71739973,-73.98016555,40.71622644,-73.98261206,member
984430,51EB3B3286E5C198,classic_bike,2021-07-15 19:01:57,2021-07-15 19:03:49,Columbia St & Rivington St,5365,Bialystoker Pl & Delancey St,5335,40.71739973,-73.98016555,40.71622644,-73.98261206,member
984432,BCA3B6D2E74B8144,classic_bike,2021-07-11 13:06:45,2021-07-11 13:08:09,Columbia St & Rivington St,5365,Bialystoker Pl & Delancey St,5335,40.71739973,-73.98016555,40.71622644,-73.98261206,member
984438,F1088E5530B13317,classic_bike,2021-07-30 19:48:35,2021-07-30 20:22:02,Columbia St & Rivington St,5365,Bialystoker Pl & Delancey St,5335,40.71739973,-73.98016555,40.71622644,-73.98261206,member
984450,F238A7E07AEB2376,classic_bike,2021-07-21 10:32:12,2021-07-21 10:34:08,Columbia St & Rivington St,5365,Bialystoker Pl & Delancey St,5335,40.71739973,-73.98016555,40.71622644,-73.98261206,member
984451,4FF8AC400D81FCB2,classic_bike,2021-07-29 09:38:43,2021-07-29 09:41:35,Columbia St & Rivington St,5365,Bialystoker Pl & Delancey St,5335,40.71739973,-73.98016555,40.71622644,-73.98261206,member
985299,34BD67BB5C38ED34,classic_bike,2021-07-26 16:51:50,2021-07-26 16:53:46,Columbia St & Rivington St,5365,Bialystoker Pl & Delancey St,5335,40.71739973,-73.98016555,40.71622644,-73.98261206,member
985306,3530EF133CBA8AA0,classic_bike,2021-07-01 14:37:24,2021-07-01 14:39:11,Columbia St & Rivington St,5365,Bialystoker Pl & Delancey St,5335,40.71739973,-73.98016555,40.71622644,-73.98261206,member
985311,4CB42F4DF59854B8,classic_bike,2021-07-04 08:42:05,2021-07-04 08:54:34,Columbia St & Rivington St,5365,E 20 St & FDR Drive,5886,40.71739973,-73.98016555,40.73314259,-73.97573881,member
985337,99D2F533AAFF2395,electric_bike,2021-07-24 18:43:43,2021-07-24 18:54:05,Columbia St & Rivington St,5365,Rivington St & Chrystie St,5453,40.71739973,-73.98016555,40.72110063,-73.9919254,casual
985339,892042C43E68A307,classic_bike,2021-07-14 18:12:06,2021-07-14 18:14:24,Columbia St & Rivington St,5365,Bialystoker Pl & Delancey St,5335,40.71739973,-73.98016555,40.71622644,-73.98261206,member
985340,3BDFAA1A850B844D,classic_bike,2021-07-11 16:43:14,2021-07-11 16:46:02,Columbia St & Rivington St,5365,Bialystoker Pl & Delancey St,5335,40.71739973,-73.98016555,40.71622644,-73.98261206,member
985346,2803A84DAE0E0D9C,classic_bike,2021-07-13 14:32:22,2021-07-13 14:34:19,Columbia St & Rivington St,5365,Bialystoker Pl & Delancey St,5335,40.71739973,-73.98016555,40.71622644,-73.98261206,member
985348,F1D9C7D896B1B098,classic_bike,2021-07-22 14:38:01,2021-07-22 14:40:29,Columbia St & Rivington St,5365,Bialystoker Pl & Delancey St,5335,40.71739973,-73.98016555,40.71622644,-73.98261206,member
985349,A53F5ECABDD7A5E0,classic_bike,2021-07-26 12:27:29,2021-07-26 12:30:01,Columbia St & Rivington St,5365,Bialystoker Pl & Delancey St,5335,40.71739973,-73.98016555,40.71622644,-73.98261206,member
985363,5FEEABC20DE8FFB8,classic_bike,2021-07-27 11:19:47,2021-07-27 11:23:18,Columbia St & Rivington St,5365,Bialystoker Pl & Delancey St,5335,40.71739973,-73.98016555,40.71622644,-73.98261206,member
985365,74E5B3F455677D91,classic_bike,2021-07-23 09:03:29,2021-07-23 09:05:00,Columbia St & Rivington St,5365,Bialystoker Pl & Delancey St,5335,40.71739973,-73.98016555,40.71622644,-73.98261206,member
1002069,B8D5206F2B376956,classic_bike,2021-07-06 10:06:17,2021-07-06 10:23:17,Columbia St & Rivington St,5365,W 25 St & 6 Ave,6215,40.71739973,-73.98016555,40.74395411,-73.99144871,casual
1002123,8D73180F7A0F43DD,electric_bike,2021-07-01 06:03:41,2021-07-01 06:19:19,Columbia St & Rivington St,5365,W 25 St & 6 Ave,6215,40.71739973,-73.98016555,40.74395411,-73.99144871,member
1002210,EC6E29365853C682,electric_bike,2021-07-07 06:13:52,2021-07-07 06:28:13,Columbia St & Rivington St,5365,W 25 St & 6 Ave,6215,40.71739973,-73.98016555,40.74395411,-73.99144871,member
1002211,2776C2D051D47AE3,electric_bike,2021-07-02 06:13:03,2021-07-02 06:26:29,Columbia St & Rivington St,5365,W 25 St & 6 Ave,6215,40.71739973,-73.98016555,40.74395411,-73.99144871,member
1002212,2F0488CC7AA487C6,electric_bike,2021-07-14 06:15:19,2021-07-14 06:31:23,Columbia St & Rivington St,5365,W 25 St & 6 Ave,6215,40.71739973,-73.98016555,40.74395411,-73.99144871,member
1025832,ED49F85F6050F8C2,electric_bike,2021-07-29 22:13:43,2021-07-29 22:22:50,Columbia St & Rivington St,5365,E 19 St & 3 Ave,5938,40.71739973,-73.98016555,40.73624527,-73.98473765,member
1025833,7AA2429BF2B0E71A,classic_bike,2021-07-16 09:07:59,2021-07-16 09:25:28,Columbia St & Rivington St,5365,E 19 St & 3 Ave,5938,40.71739973,-73.98016555,40.73624527,-73.98473765,member
1025846,5221AD2DCD6FC66F,classic_bike,2021-07-23 09:37:33,2021-07-23 09:55:26,Columbia St & Rivington St,5365,E 19 St & 3 Ave,5938,40.71739973,-73.98016555,40.73624527,-73.98473765,member
1025869,09E767AFFDE5B361,classic_bike,2021-07-08 08:08:35,2021-07-08 08:23:02,Columbia St & Rivington St,5365,E 19 St & 3 Ave,5938,40.71739973,-73.98016555,40.73624527,-73.98473765,member
1025913,E24D8D9481AB3AA3,classic_bike,2021-07-13 11:05:56,2021-07-13 11:21:04,Columbia St & Rivington St,5365,MacDougal St & Washington Sq,5797,40.71739973,-73.98016555,40.73226398,-73.99852205,member
1025927,EE3A54BF7E86EFB8,classic_bike,2021-07-17 13:15:52,2021-07-17 13:29:51,Columbia St & Rivington St,5365,E 19 St & 3 Ave,5938,40.71739973,-73.98016555,40.73624527,-73.98473765,member
1025933,84DEF2E1BC4A3DC1,classic_bike,2021-07-24 13:56:48,2021-07-24 14:12:18,Columbia St & Rivington St,5365,MacDougal St & Washington Sq,5797,40.71739973,-73.98016555,40.73226398,-73.99852205,member
1025935,C8C4ABDE2966B49C,electric_bike,2021-07-05 18:21:44,2021-07-05 18:41:30,Columbia St & Rivington St,5365,MacDougal St & Washington Sq,5797,40.71739973,-73.98016555,40.73226398,-73.99852205,member
1026034,8A073B75023B5D07,classic_bike,2021-07-27 10:26:34,2021-07-27 10:44:51,Columbia St & Rivington St,5365,E 19 St & 3 Ave,5938,40.71739973,-73.98016555,40.73624527,-73.98473765,member
1026035,AEEE90CEBDE41E77,classic_bike,2021-07-14 09:28:28,2021-07-14 09:46:42,Columbia St & Rivington St,5365,E 19 St & 3 Ave,5938,40.71739973,-73.98016555,40.73624527,-73.98473765,member
1039608,06434A999B9B59A5,classic_bike,2021-07-31 17:17:40,2021-07-31 17:33:42,Columbia St & Rivington St,5365,Greenwich St & W Houston St,5730,40.71739973,-73.98016555,40.728846,-74.008591,member
1039728,D9D327A117815B9D,classic_bike,2021-07-09 17:44:57,2021-07-09 18:14:37,Columbia St & Rivington St,5365,W 26 St & 8 Ave,6297,40.71739973,-73.98016555,40.74734825,-73.99723551,member
1039756,FA33815C610A63A8,electric_bike,2021-07-19 17:17:18,2021-07-19 17:27:08,Columbia St & Rivington St,5365,Washington Pl & Broadway,5755,40.71739973,-73.98016555,40.72903917,-73.99404649,member
1039759,9AA0761CDE1A3736,classic_bike,2021-07-16 19:19:47,2021-07-16 19:38:58,Columbia St & Rivington St,5365,Greenwich St & W Houston St,5730,40.71739973,-73.98016555,40.728846,-74.008591,member
1039805,D68404AF22C1816C,electric_bike,2021-07-09 15:05:23,2021-07-09 15:19:05,Columbia St & Rivington St,5365,Scholes St & Manhattan Ave,5108,40.71739973,-73.98016555,40.70870368,-73.9448625,member
1039917,116337F386E81C6E,electric_bike,2021-07-13 22:31:47,2021-07-13 23:33:10,Columbia St & Rivington St,5365,Carroll St & Franklin Ave,3847,40.71739973,-73.98016555,40.6679411,-73.9588,casual
1039920,7290838D69A16D8E,electric_bike,2021-07-10 15:18:00,2021-07-10 20:45:38,Columbia St & Rivington St,5365,Washington Pl & Broadway,5755,40.71739973,-73.98016555,40.72903917,-73.99404649,casual
1040039,B017A6FAD0C07C1B,classic_bike,2021-07-10 18:50:32,2021-07-10 19:09:45,Columbia St & Rivington St,5365,Scholes St & Manhattan Ave,5108,40.71739973,-73.98016555,40.70870368,-73.9448625,member
1040082,A269726C302750BD,classic_bike,2021-07-06 16:39:21,2021-07-06 17:11:59,Columbia St & Rivington St,5365,W 47 St & 6 Ave,6667,40.71739973,-73.98016555,40.758397,-73.98255,casual
1040414,F2ABF6B8C158C751,electric_bike,2021-07-12 15:35:02,2021-07-12 15:57:33,Columbia St & Rivington St,5365,Washington Pl & Broadway,5755,40.71739973,-73.98016555,40.72903917,-73.99404649,member
1040895,CCEE17FA772C8524,classic_bike,2021-07-06 16:39:12,2021-07-06 17:12:02,Columbia St & Rivington St,5365,W 47 St & 6 Ave,6667,40.71739973,-73.98016555,40.758397,-73.98255,casual
1057473,A8A14953872C7561,classic_bike,2021-07-14 12:11:17,2021-07-14 12:35:50,Columbia St & Rivington St,5365,Pike St & E Broadway,5270,40.71739973,-73.98016555,40.71406667,-73.99293911,member
1058035,13EB0D8703F3D52C,classic_bike,2021-07-10 16:59:24,2021-07-10 17:06:09,Columbia St & Rivington St,5365,Pike St & E Broadway,5270,40.71739973,-73.98016555,40.71406667,-73.99293911,member
1058040,EDC4F2BD12FFDD5F,classic_bike,2021-07-04 18:14:06,2021-07-04 18:19:34,Columbia St & Rivington St,5365,E 9 St & Avenue C,5616,40.71739973,-73.98016555,40.72521311,-73.97768752,member
1058043,136340AF15AB73FA,classic_bike,2021-07-18 16:30:12,2021-07-18 16:38:19,Columbia St & Rivington St,5365,Pike St & E Broadway,5270,40.71739973,-73.98016555,40.71406667,-73.99293911,member
1058044,70542CFE4EE33CDF,classic_bike,2021-07-04 16:25:40,2021-07-04 16:34:07,Columbia St & Rivington St,5365,Pike St & E Broadway,5270,40.71739973,-73.98016555,40.71406667,-73.99293911,member
1058045,B2EA12FBF5CAB4FB,classic_bike,2021-07-21 11:40:09,2021-07-21 11:49:24,Columbia St & Rivington St,5365,Pike St & E Broadway,5270,40.71739973,-73.98016555,40.71406667,-73.99293911,member
1058047,7B7C1E41F5F4BCC9,electric_bike,2021-07-31 22:24:27,2021-07-31 22:36:58,Columbia St & Rivington St,5365,Pier 40 - Hudson River Park,5696,40.71739973,-73.98016555,40.7277140777778,-74.01129573583603,member
1058052,DAAD846108874F34,classic_bike,2021-07-08 12:10:08,2021-07-08 12:22:50,Columbia St & Rivington St,5365,Pike St & E Broadway,5270,40.71739973,-73.98016555,40.71406667,-73.99293911,member
1058055,637B93CBEEA20A24,classic_bike,2021-07-27 09:15:44,2021-07-27 09:24:01,Columbia St & Rivington St,5365,Pike St & E Broadway,5270,40.71739973,-73.98016555,40.71406667,-73.99293911,member
1058059,03C794062CB833A8,classic_bike,2021-07-22 08:51:49,2021-07-22 09:01:28,Columbia St & Rivington St,5365,Pike St & E Broadway,5270,40.71739973,-73.98016555,40.71406667,-73.99293911,member
1058079,36FC00BB0EF19C84,classic_bike,2021-07-21 17:30:24,2021-07-21 17:37:25,Columbia St & Rivington St,5365,Pike St & E Broadway,5270,40.71739973,-73.98016555,40.71406667,-73.99293911,member
1058082,889C7FFB7CFB80F7,electric_bike,2021-07-19 17:24:10,2021-07-19 17:31:04,Columbia St & Rivington St,5365,Pike St & E Broadway,5270,40.71739973,-73.98016555,40.71406667,-73.99293911,member
1058083,EA7924EDCDEEE271,classic_bike,2021-07-28 17:38:06,2021-07-28 17:45:13,Columbia St & Rivington St,5365,Pike St & E Broadway,5270,40.71739973,-73.98016555,40.71406667,-73.99293911,member
1058084,781CD91D2DFDF49F,classic_bike,2021-07-28 08:55:44,2021-07-28 09:01:17,Columbia St & Rivington St,5365,Pike St & E Broadway,5270,40.71739973,-73.98016555,40.71406667,-73.99293911,member
1058478,11C5D948301CE861,classic_bike,2021-07-31 08:25:47,2021-07-31 09:25:24,Columbia St & Rivington St,5365,Riverside Dr & W 104 St,7623,40.71739973,-73.98016555,40.8013434,-73.9711457439,member
1058479,D375D72EC40C30EF,classic_bike,2021-07-24 10:33:17,2021-07-24 10:39:32,Columbia St & Rivington St,5365,Pike St & E Broadway,5270,40.71739973,-73.98016555,40.71406667,-73.99293911,member
1058484,EEB04984C1423A60,classic_bike,2021-07-19 14:58:38,2021-07-19 15:05:25,Columbia St & Rivington St,5365,Pike St & E Broadway,5270,40.71739973,-73.98016555,40.71406667,-73.99293911,member
1058486,6932F009FFC92871,classic_bike,2021-07-04 14:41:32,2021-07-04 14:49:17,Columbia St & Rivington St,5365,Pike St & E Broadway,5270,40.71739973,-73.98016555,40.71406667,-73.99293911,member
1058504,E5F3AE8E1AA11F2F,classic_bike,2021-07-24 08:22:32,2021-07-24 09:31:27,Columbia St & Rivington St,5365,Riverside Dr & W 104 St,7623,40.71739973,-73.98016555,40.8013434,-73.9711457439,member
1058507,6B117AB9F3D49289,electric_bike,2021-07-23 05:16:13,2021-07-23 05:26:44,Columbia St & Rivington St,5365,Warren St & W Broadway,5288,40.71739973,-73.98016555,40.71473993,-74.00910627,casual
1058521,E7F0D8128E3FB521,electric_bike,2021-07-21 20:02:03,2021-07-21 20:22:55,Columbia St & Rivington St,5365,Pier 40 - Hudson River Park,5696,40.71739973,-73.98016555,40.7277140777778,-74.01129573583603,member
1059779,D1C854158FE06B8E,classic_bike,2021-07-13 17:21:53,2021-07-13 17:27:06,Columbia St & Rivington St,5365,E 9 St & Avenue C,5616,40.71739973,-73.98016555,40.72521311,-73.97768752,member
1059793,8E8E23575823E172,classic_bike,2021-07-29 04:38:07,2021-07-29 04:49:56,Columbia St & Rivington St,5365,Warren St & W Broadway,5288,40.71739973,-73.98016555,40.71473993,-74.00910627,casual
1059837,B4C0D504ED7A51C0,classic_bike,2021-07-26 08:47:31,2021-07-26 08:53:48,Columbia St & Rivington St,5365,Pike St & E Broadway,5270,40.71739973,-73.98016555,40.71406667,-73.99293911,member
1059841,51C043869DF38F3D,classic_bike,2021-07-23 08:53:29,2021-07-23 09:03:20,Columbia St & Rivington St,5365,Pike St & E Broadway,5270,40.71739973,-73.98016555,40.71406667,-73.99293911,member
1059842,F87F6E70C7734FFD,classic_bike,2021-07-10 08:00:46,2021-07-10 08:07:40,Columbia St & Rivington St,5365,E 2 St & 2 Ave,5593,40.71739973,-73.98016555,40.72502876,-73.99069656,member
1059846,D675CFC3B5473C68,classic_bike,2021-07-18 09:42:29,2021-07-18 09:50:26,Columbia St & Rivington St,5365,Pike St & E Broadway,5270,40.71739973,-73.98016555,40.71406667,-73.99293911,member
1059849,9E3D0A67BDF7AD91,electric_bike,2021-07-03 09:21:45,2021-07-03 09:31:03,Columbia St & Rivington St,5365,E 2 St & 2 Ave,5593,40.71739973,-73.98016555,40.72502876,-73.99069656,member
1060130,19C536716B721DD5,classic_bike,2021-07-12 10:26:34,2021-07-12 10:42:34,Columbia St & Rivington St,5365,Pike St & E Broadway,5270,40.71739973,-73.98016555,40.71406667,-73.99293911,member
1060132,6345FF42753EE2A9,classic_bike,2021-07-02 10:09:27,2021-07-02 10:21:42,Columbia St & Rivington St,5365,Pike St & E Broadway,5270,40.71739973,-73.98016555,40.71406667,-73.99293911,member
1060134,A7660A39A8DD0B24,classic_bike,2021-07-25 16:12:05,2021-07-25 16:20:58,Columbia St & Rivington St,5365,Pike St & E Broadway,5270,40.71739973,-73.98016555,40.71406667,-73.99293911,member
1060156,71D185ABADCE60B6,classic_bike,2021-07-19 19:22:34,2021-07-19 19:45:03,Columbia St & Rivington St,5365,1 Ave & E 30 St,6079,40.71739973,-73.98016555,40.74144387,-73.97536082,casual
1060167,75674E8CBAE454EB,classic_bike,2021-07-24 00:09:55,2021-07-24 00:27:12,Columbia St & Rivington St,5365,Warren St & W Broadway,5288,40.71739973,-73.98016555,40.71473993,-74.00910627,casual
1060173,A7B0C1E4C3204BE7,classic_bike,2021-07-24 12:00:31,2021-07-24 12:16:32,Columbia St & Rivington St,5365,1 Ave & E 30 St,6079,40.71739973,-73.98016555,40.74144387,-73.97536082,casual
1095614,5AD66B31239BC67E,electric_bike,2021-07-23 19:00:27,2021-07-23 19:09:04,Columbia St & Rivington St,5365,Great Jones St,5636,40.71739973,-73.98016555,40.72743423,-73.99379025,member
1095616,A096F03F428FA177,electric_bike,2021-07-15 18:39:45,2021-07-15 18:47:37,Columbia St & Rivington St,5365,Great Jones St,5636,40.71739973,-73.98016555,40.72743423,-73.99379025,member
1095625,9FC288C29B22776F,classic_bike,2021-07-28 16:45:49,2021-07-28 16:54:40,Columbia St & Rivington St,5365,Great Jones St,5636,40.71739973,-73.98016555,40.72743423,-73.99379025,member
1097274,A34D6501D413E25E,classic_bike,2021-07-16 09:19:41,2021-07-16 09:30:49,Columbia St & Rivington St,5365,Division St & Bowery,5270,40.71739973,-73.98016555,40.714193,-73.996732,member
1097301,3416DF43F7018D2F,classic_bike,2021-07-16 11:38:08,2021-07-16 11:50:25,Columbia St & Rivington St,5365,Division St & Bowery,5270,40.71739973,-73.98016555,40.714193,-73.996732,member
1097310,AE7C5D633DBFC88A,classic_bike,2021-07-14 10:41:09,2021-07-14 10:53:09,Columbia St & Rivington St,5365,Division St & Bowery,5270,40.71739973,-73.98016555,40.714193,-73.996732,member
1097313,F95EE7995A50C4F0,classic_bike,2021-07-03 10:37:17,2021-07-03 10:44:19,Columbia St & Rivington St,5365,Division St & Bowery,5270,40.71739973,-73.98016555,40.714193,-73.996732,member
1098561,EC2B819C47824806,classic_bike,2021-07-30 07:41:34,2021-07-30 07:51:14,Columbia St & Rivington St,5365,Division St & Bowery,5270,40.71739973,-73.98016555,40.714193,-73.996732,member
1098628,7A10BE33A54EE78F,classic_bike,2021-07-23 11:58:55,2021-07-23 12:10:10,Columbia St & Rivington St,5365,Division St & Bowery,5270,40.71739973,-73.98016555,40.714193,-73.996732,member
1098631,D454D9400F139E3A,electric_bike,2021-07-11 08:23:17,2021-07-11 08:28:31,Columbia St & Rivington St,5365,Division St & Bowery,5270,40.71739973,-73.98016555,40.714193,-73.996732,member
1098634,1FB4501DB08D68B0,classic_bike,2021-07-02 10:42:35,2021-07-02 10:53:05,Columbia St & Rivington St,5365,Division St & Bowery,5270,40.71739973,-73.98016555,40.714193,-73.996732,member
1101241,11536650BD0A8315,classic_bike,2021-07-04 08:24:14,2021-07-04 08:33:18,Columbia St & Rivington St,5365,Division St & Bowery,5270,40.71739973,-73.98016555,40.714193,-73.996732,member
1101242,CCB36D030B6724EF,classic_bike,2021-07-24 07:43:45,2021-07-24 07:51:58,Columbia St & Rivington St,5365,Division St & Bowery,5270,40.71739973,-73.98016555,40.714193,-73.996732,member
1103134,C8D8078C3DAFA374,electric_bike,2021-07-30 12:36:23,2021-07-30 12:45:00,Columbia St & Rivington St,5365,Division St & Bowery,5270,40.71739973,-73.98016555,40.714193,-73.996732,member
1103143,D68AACA3FECB4E45,electric_bike,2021-07-07 12:27:02,2021-07-07 12:41:15,Columbia St & Rivington St,5365,Bedford Ave & Nassau Ave,5550,40.71739973,-73.98016555,40.72311651,-73.95212324,casual
1103148,7B0F81814F795389,classic_bike,2021-07-22 09:39:04,2021-07-22 09:50:50,Columbia St & Rivington St,5365,Division St & Bowery,5270,40.71739973,-73.98016555,40.714193,-73.996732,member
1103164,178EB7207DF89E41,classic_bike,2021-07-03 12:17:20,2021-07-03 12:27:07,Columbia St & Rivington St,5365,Division St & Bowery,5270,40.71739973,-73.98016555,40.714193,-73.996732,member
1103764,D59A10F4944C697E,classic_bike,2021-07-19 14:32:44,2021-07-19 14:59:02,Columbia St & Rivington St,5365,Bedford Ave & Nassau Ave,5550,40.71739973,-73.98016555,40.72311651,-73.95212324,casual
1103794,2DAB7E53D9705A5A,classic_bike,2021-07-19 14:32:40,2021-07-19 14:58:51,Columbia St & Rivington St,5365,Bedford Ave & Nassau Ave,5550,40.71739973,-73.98016555,40.72311651,-73.95212324,member
1103795,D3A56EAD7DC8437F,classic_bike,2021-07-01 07:31:53,2021-07-01 07:40:31,Columbia St & Rivington St,5365,Division St & Bowery,5270,40.71739973,-73.98016555,40.714193,-73.996732,member
1103796,3AE882E001C3D700,electric_bike,2021-07-08 07:39:59,2021-07-08 07:46:10,Columbia St & Rivington St,5365,Division St & Bowery,5270,40.71739973,-73.98016555,40.714193,-73.996732,member
1103798,0DD5F841BDD15CAD,classic_bike,2021-07-26 12:42:58,2021-07-26 12:55:22,Columbia St & Rivington St,5365,Division St & Bowery,5270,40.71739973,-73.98016555,40.714193,-73.996732,member
1103799,7D20AFF54044A4B9,classic_bike,2021-07-01 09:40:08,2021-07-01 09:51:15,Columbia St & Rivington St,5365,Division St & Bowery,5270,40.71739973,-73.98016555,40.714193,-73.996732,member
1103805,72CCDF6AD4BE6229,classic_bike,2021-07-10 07:44:29,2021-07-10 07:52:59,Columbia St & Rivington St,5365,Division St & Bowery,5270,40.71739973,-73.98016555,40.714193,-73.996732,member
1103808,840586AF8DFB4161,classic_bike,2021-07-23 16:34:07,2021-07-23 16:44:01,Columbia St & Rivington St,5365,Division St & Bowery,5270,40.71739973,-73.98016555,40.714193,-73.996732,member
1105159,1A222D4F7106ADE0,classic_bike,2021-07-25 13:22:04,2021-07-25 13:32:14,Columbia St & Rivington St,5365,Division St & Bowery,5270,40.71739973,-73.98016555,40.714193,-73.996732,member
1105163,9CBD440A205C68EC,electric_bike,2021-07-02 17:09:52,2021-07-02 17:15:42,Columbia St & Rivington St,5365,Division St & Bowery,5270,40.71739973,-73.98016555,40.714193,-73.996732,member
1105181,BEB5C5B144B615E2,classic_bike,2021-07-22 11:44:22,2021-07-22 11:53:48,Columbia St & Rivington St,5365,Division St & Bowery,5270,40.71739973,-73.98016555,40.714193,-73.996732,member
1105187,B8624B853074B0B7,classic_bike,2021-07-18 08:18:20,2021-07-18 08:26:27,Columbia St & Rivington St,5365,Division St & Bowery,5270,40.71739973,-73.98016555,40.714193,-73.996732,member
1105191,E90FA53957780B5D,electric_bike,2021-07-25 13:19:57,2021-07-25 13:42:16,Columbia St & Rivington St,5365,11 Ave & W 41 St,6726,40.71739973,-73.98016555,40.76030096,-73.99884222,member
1105197,F0C40DBECB595C8C,classic_bike,2021-07-28 14:50:13,2021-07-28 15:01:00,Columbia St & Rivington St,5365,Division St & Bowery,5270,40.71739973,-73.98016555,40.714193,-73.996732,member
1119068,0461170C1902EEEA,electric_bike,2021-07-04 14:10:43,2021-07-04 14:37:54,Columbia St & Rivington St,5365,W 33 St & 7 Ave,6407,40.71739973,-73.98016555,40.75019995,-73.99093085,member
1119121,07DE39A5878686A1,classic_bike,2021-07-27 02:37:37,2021-07-27 02:42:21,Columbia St & Rivington St,5365,Ave D & E 8 St,5506,40.71739973,-73.98016555,40.72368361,-73.97574813,casual
1119143,F741BCB606B1F10A,classic_bike,2021-07-23 01:11:30,2021-07-23 01:16:34,Columbia St & Rivington St,5365,Ave D & E 8 St,5506,40.71739973,-73.98016555,40.72368361,-73.97574813,casual
1119184,5DCCD282A517999C,classic_bike,2021-07-22 21:55:07,2021-07-22 22:00:19,Columbia St & Rivington St,5365,Ave D & E 8 St,5506,40.71739973,-73.98016555,40.72368361,-73.97574813,member
1119208,557D648650BD38B2,classic_bike,2021-07-16 07:14:47,2021-07-16 07:20:28,Columbia St & Rivington St,5365,Ave D & E 8 St,5506,40.71739973,-73.98016555,40.72368361,-73.97574813,member
1129188,AB752B4B57331763,classic_bike,2021-07-02 17:20:15,2021-07-02 17:38:44,Columbia St & Rivington St,5365,South St & Gouverneur Ln,4953,40.71739973,-73.98016555,40.70355377,-74.00670227,member
1129193,BC064E962D4718D7,classic_bike,2021-07-10 14:27:14,2021-07-10 14:32:33,Columbia St & Rivington St,5365,Avenue D & E 10 St,5575,40.71739973,-73.98016555,40.72506551015475,-73.97515833377838,casual
1129194,ADF466F41BB4742A,electric_bike,2021-07-20 11:39:03,2021-07-20 11:59:58,Columbia St & Rivington St,5365,Avenue D & E 10 St,5575,40.71739973,-73.98016555,40.72506551015475,-73.97515833377838,casual
1129195,09222E88CDB44CC6,classic_bike,2021-07-10 16:01:59,2021-07-10 16:06:58,Columbia St & Rivington St,5365,Avenue D & E 10 St,5575,40.71739973,-73.98016555,40.72506551015475,-73.97515833377838,casual
1129227,6578011F49940B73,classic_bike,2021-07-22 20:51:17,2021-07-22 21:01:21,Columbia St & Rivington St,5365,Avenue D & E 10 St,5575,40.71739973,-73.98016555,40.72506551015475,-73.97515833377838,casual
1129233,9D034D890F803A1E,classic_bike,2021-07-17 12:37:04,2021-07-17 12:43:05,Columbia St & Rivington St,5365,Avenue D & E 10 St,5575,40.71739973,-73.98016555,40.72506551015475,-73.97515833377838,casual
1129235,955ED53034404468,electric_bike,2021-07-17 11:23:49,2021-07-17 11:27:17,Columbia St & Rivington St,5365,Avenue D & E 10 St,5575,40.71739973,-73.98016555,40.72506551015475,-73.97515833377838,casual
1129242,BF7D7AE689B2A297,classic_bike,2021-07-28 15:12:32,2021-07-28 15:18:37,Columbia St & Rivington St,5365,Avenue D & E 10 St,5575,40.71739973,-73.98016555,40.72506551015475,-73.97515833377838,member
1129243,16C148F307F43D93,classic_bike,2021-07-15 14:36:26,2021-07-15 14:40:29,Columbia St & Rivington St,5365,Avenue D & E 10 St,5575,40.71739973,-73.98016555,40.72506551015475,-73.97515833377838,member
1129250,D07B563C06F4D974,classic_bike,2021-07-10 19:54:58,2021-07-10 20:00:46,Columbia St & Rivington St,5365,Avenue D & E 10 St,5575,40.71739973,-73.98016555,40.72506551015475,-73.97515833377838,member
1129286,89240CFFD98F34F4,classic_bike,2021-07-27 09:21:26,2021-07-27 09:36:47,Columbia St & Rivington St,5365,South St & Gouverneur Ln,4953,40.71739973,-73.98016555,40.70355377,-74.00670227,member
1129288,6164620EC197ED5C,electric_bike,2021-07-04 13:11:46,2021-07-04 13:48:11,Columbia St & Rivington St,5365,Avenue D & E 10 St,5575,40.71739973,-73.98016555,40.72506551015475,-73.97515833377838,member
1129290,E771F9E5769B502B,classic_bike,2021-07-20 13:28:51,2021-07-20 13:34:24,Columbia St & Rivington St,5365,Avenue D & E 10 St,5575,40.71739973,-73.98016555,40.72506551015475,-73.97515833377838,member
1129292,ED8086B121322056,classic_bike,2021-07-26 17:01:19,2021-07-26 17:07:43,Columbia St & Rivington St,5365,Avenue D & E 10 St,5575,40.71739973,-73.98016555,40.72506551015475,-73.97515833377838,member
1129293,618192F2A0B4E70E,classic_bike,2021-07-12 16:16:18,2021-07-12 16:23:53,Columbia St & Rivington St,5365,Avenue D & E 10 St,5575,40.71739973,-73.98016555,40.72506551015475,-73.97515833377838,member
1129500,6881ECCE6CA7D198,classic_bike,2021-07-04 19:17:15,2021-07-04 19:21:34,Columbia St & Rivington St,5365,Avenue D & E 10 St,5575,40.71739973,-73.98016555,40.72506551015475,-73.97515833377838,member
1129527,521CA6D17A0B9DD5,electric_bike,2021-07-20 14:45:30,2021-07-20 15:00:17,Columbia St & Rivington St,5365,Avenue D & E 10 St,5575,40.71739973,-73.98016555,40.72506551015475,-73.97515833377838,casual
1129528,0E1885F7513C2E97,classic_bike,2021-07-29 00:45:48,2021-07-29 00:50:07,Columbia St & Rivington St,5365,Avenue D & E 10 St,5575,40.71739973,-73.98016555,40.72506551015475,-73.97515833377838,casual
1129812,8B124C4A8C592261,classic_bike,2021-07-03 17:52:47,2021-07-03 18:05:37,Columbia St & Rivington St,5365,South St & Gouverneur Ln,4953,40.71739973,-73.98016555,40.70355377,-74.00670227,member
1129815,973BE4AF56F3B130,classic_bike,2021-07-26 09:49:11,2021-07-26 09:53:02,Columbia St & Rivington St,5365,Avenue D & E 10 St,5575,40.71739973,-73.98016555,40.72506551015475,-73.97515833377838,member
1129816,9A555C240C8B5768,classic_bike,2021-07-03 16:21:24,2021-07-03 16:33:20,Columbia St & Rivington St,5365,South St & Gouverneur Ln,4953,40.71739973,-73.98016555,40.70355377,-74.00670227,member
1140312,652BA2613372F687,classic_bike,2021-07-20 18:59:04,2021-07-20 19:08:32,Columbia St & Rivington St,5365,E 7 St & Avenue A,5626,40.71739973,-73.98016555,40.72621788,-73.98379855,member
1140319,3F7C659B297E969B,classic_bike,2021-07-07 07:01:58,2021-07-07 07:08:50,Columbia St & Rivington St,5365,E 7 St & Avenue A,5626,40.71739973,-73.98016555,40.72621788,-73.98379855,member
1140613,52CA66FA4A20A3F1,electric_bike,2021-07-12 18:13:18,2021-07-12 18:20:38,Columbia St & Rivington St,5365,E 7 St & Avenue A,5626,40.71739973,-73.98016555,40.72621788,-73.98379855,casual
1141121,9906540D100F7061,classic_bike,2021-07-09 13:42:51,2021-07-09 13:49:07,Columbia St & Rivington St,5365,E 7 St & Avenue A,5626,40.71739973,-73.98016555,40.72621788,-73.98379855,member
1141307,8AB5E75949DCDB78,classic_bike,2021-07-15 01:36:42,2021-07-15 01:51:30,Columbia St & Rivington St,5365,W 11 St & 6 Ave,5914,40.71739973,-73.98016555,40.73532427,-73.99800419,casual
1144850,D32F1FB75AFADB63,classic_bike,2021-07-30 08:11:37,2021-07-30 08:18:15,Columbia St & Rivington St,5365,E 7 St & Avenue A,5626,40.71739973,-73.98016555,40.72621788,-73.98379855,member
1144864,409F09B854084704,classic_bike,2021-07-16 14:19:34,2021-07-16 14:26:39,Columbia St & Rivington St,5365,E 7 St & Avenue A,5626,40.71739973,-73.98016555,40.72621788,-73.98379855,casual
1146941,D2C3CDD577969FB0,classic_bike,2021-07-18 18:40:36,2021-07-18 18:49:09,Columbia St & Rivington St,5365,E 7 St & Avenue A,5626,40.71739973,-73.98016555,40.72621788,-73.98379855,member
1146958,574CDD2D4D301603,electric_bike,2021-07-26 14:16:01,2021-07-26 14:20:54,Columbia St & Rivington St,5365,E 7 St & Avenue A,5626,40.71739973,-73.98016555,40.72621788,-73.98379855,casual
1147008,37D962A1FE9CB7C9,classic_bike,2021-07-02 18:19:29,2021-07-02 18:27:52,Columbia St & Rivington St,5365,E 7 St & Avenue A,5626,40.71739973,-73.98016555,40.72621788,-73.98379855,member
1147020,A7E18729F45B7980,classic_bike,2021-07-02 13:36:33,2021-07-02 13:45:08,Columbia St & Rivington St,5365,E 7 St & Avenue A,5626,40.71739973,-73.98016555,40.72621788,-73.98379855,member
1147025,8E47A8C7ECCE7A07,classic_bike,2021-07-05 11:02:19,2021-07-05 11:09:23,Columbia St & Rivington St,5365,E 7 St & Avenue A,5626,40.71739973,-73.98016555,40.72621788,-73.98379855,member
1160549,5E8CCDC2675280F5,electric_bike,2021-07-02 17:57:24,2021-07-03 18:57:15,Columbia St & Rivington St,5365,,nan,40.71739973,-73.98016555,,,member
1163488,573AEC03AF53E3BC,classic_bike,2021-07-26 16:37:46,2021-07-26 16:58:27,Columbia St & Rivington St,5365,W 15 St & 6 Ave,5989,40.71739973,-73.98016555,40.738046142482766,-73.99642959237099,member
1163492,A5ADA8A4640DBDB5,classic_bike,2021-07-17 10:25:57,2021-07-17 10:31:44,Columbia St & Rivington St,5365,Canal St & Rutgers St,5303,40.71739973,-73.98016555,40.71427487,-73.98990025,member
1163511,C04D89D26B8FD268,classic_bike,2021-07-21 08:38:55,2021-07-21 08:43:42,Columbia St & Rivington St,5365,Canal St & Rutgers St,5303,40.71739973,-73.98016555,40.71427487,-73.98990025,member
1163512,F8BD034276985E0F,classic_bike,2021-07-25 08:22:50,2021-07-25 08:29:13,Columbia St & Rivington St,5365,Canal St & Rutgers St,5303,40.71739973,-73.98016555,40.71427487,-73.98990025,member
1163518,000BB309AD1A73B7,electric_bike,2021-07-13 20:28:55,2021-07-13 20:32:42,Columbia St & Rivington St,5365,Canal St & Rutgers St,5303,40.71739973,-73.98016555,40.71427487,-73.98990025,member
1163528,9C9A6BA66CDA03B4,classic_bike,2021-07-17 09:49:10,2021-07-17 09:54:17,Columbia St & Rivington St,5365,Canal St & Rutgers St,5303,40.71739973,-73.98016555,40.71427487,-73.98990025,member
1163532,3C6BBB04396C926B,classic_bike,2021-07-27 18:17:11,2021-07-27 18:23:36,Columbia St & Rivington St,5365,Canal St & Rutgers St,5303,40.71739973,-73.98016555,40.71427487,-73.98990025,member
1163565,EF1636223180534F,classic_bike,2021-07-28 08:15:23,2021-07-28 08:20:35,Columbia St & Rivington St,5365,Canal St & Rutgers St,5303,40.71739973,-73.98016555,40.71427487,-73.98990025,member
1163571,9B82D2B53C37C409,electric_bike,2021-07-25 05:21:10,2021-07-25 05:31:02,Columbia St & Rivington St,5365,W 15 St & 6 Ave,5989,40.71739973,-73.98016555,40.738046142482766,-73.99642959237099,casual
1163586,CD357CF0BA7C7D66,electric_bike,2021-07-20 15:58:13,2021-07-20 16:04:57,Columbia St & Rivington St,5365,Canal St & Rutgers St,5303,40.71739973,-73.98016555,40.71427487,-73.98990025,member
1165626,AA8AC0C2900D4D53,electric_bike,2021-07-24 08:45:17,2021-07-24 08:49:08,Columbia St & Rivington St,5365,Canal St & Rutgers St,5303,40.71739973,-73.98016555,40.71427487,-73.98990025,member
1165627,C24466019BFADB4E,classic_bike,2021-07-10 08:51:12,2021-07-10 08:55:23,Columbia St & Rivington St,5365,Canal St & Rutgers St,5303,40.71739973,-73.98016555,40.71427487,-73.98990025,member
1167351,4F28BD6CAE9092C5,classic_bike,2021-07-19 10:47:21,2021-07-19 10:54:50,Columbia St & Rivington St,5365,Canal St & Rutgers St,5303,40.71739973,-73.98016555,40.71427487,-73.98990025,member
1167353,B1E568DB3BDF35A7,classic_bike,2021-07-26 07:41:18,2021-07-26 08:07:00,Columbia St & Rivington St,5365,E 58 St & 3 Ave,6762,40.71739973,-73.98016555,40.76095756,-73.96724467,member
1167356,0F87F22AD30D87C1,classic_bike,2021-07-29 10:05:43,2021-07-29 10:13:56,Columbia St & Rivington St,5365,Canal St & Rutgers St,5303,40.71739973,-73.98016555,40.71427487,-73.98990025,member
1169025,5223C6C0F2025787,electric_bike,2021-07-30 18:31:45,2021-07-30 18:35:17,Columbia St & Rivington St,5365,Canal St & Rutgers St,5303,40.71739973,-73.98016555,40.71427487,-73.98990025,member
1169042,E0520CC803D0531B,classic_bike,2021-07-27 15:21:58,2021-07-27 15:29:21,Columbia St & Rivington St,5365,Canal St & Rutgers St,5303,40.71739973,-73.98016555,40.71427487,-73.98990025,member
1169049,AD755C4728E48948,classic_bike,2021-07-04 10:50:31,2021-07-04 10:56:11,Columbia St & Rivington St,5365,Canal St & Rutgers St,5303,40.71739973,-73.98016555,40.71427487,-73.98990025,member
1169056,F53A5E4A80503BDA,electric_bike,2021-07-24 04:13:10,2021-07-24 04:54:16,Columbia St & Rivington St,5365,Atlantic Ave & Furman St,4614,40.71739973,-73.98016555,40.69165183,-73.9999786,casual
1169062,E2FC25A1888C627A,electric_bike,2021-07-20 19:15:45,2021-07-20 19:35:17,Columbia St & Rivington St,5365,Myrtle Ave & Lewis Ave,4729,40.71739973,-73.98016555,40.69681963,-73.93756926,member
1169071,99D8AF761F615816,classic_bike,2021-07-18 21:56:13,2021-07-18 22:01:21,Columbia St & Rivington St,5365,Canal St & Rutgers St,5303,40.71739973,-73.98016555,40.71427487,-73.98990025,member
1169076,475B6E5FD021639E,classic_bike,2021-07-12 08:32:34,2021-07-12 08:37:44,Columbia St & Rivington St,5365,Canal St & Rutgers St,5303,40.71739973,-73.98016555,40.71427487,-73.98990025,member
1169077,B9306405A3B3E6BD,classic_bike,2021-07-27 12:50:40,2021-07-27 13:17:05,Columbia St & Rivington St,5365,Canal St & Rutgers St,5303,40.71739973,-73.98016555,40.71427487,-73.98990025,member
1169080,099B6EEB7A771569,electric_bike,2021-07-30 17:00:55,2021-07-30 17:07:48,Columbia St & Rivington St,5365,Canal St & Rutgers St,5303,40.71739973,-73.98016555,40.71427487,-73.98990025,member
1169091,EEE99E92CAD32EB0,classic_bike,2021-07-10 12:09:49,2021-07-10 12:48:04,Columbia St & Rivington St,5365,Bank St & Washington St,5964,40.71739973,-73.98016555,40.7361967,-74.00859207,member
1169118,3E4EF7179EE1A706,classic_bike,2021-07-08 10:14:59,2021-07-08 10:22:41,Columbia St & Rivington St,5365,Canal St & Rutgers St,5303,40.71739973,-73.98016555,40.71427487,-73.98990025,member
1170618,FB53A968F2767672,electric_bike,2021-07-04 19:41:07,2021-07-04 19:56:12,Columbia St & Rivington St,5365,Canal St & Rutgers St,5303,40.71739973,-73.98016555,40.71427487,-73.98990025,casual
1170622,B260863D9E8BA32B,electric_bike,2021-07-13 18:25:39,2021-07-13 18:40:22,Columbia St & Rivington St,5365,W 15 St & 6 Ave,5989,40.71739973,-73.98016555,40.738046142482766,-73.99642959237099,casual
1170631,A3B049C3ED6E21EB,classic_bike,2021-07-23 07:25:20,2021-07-23 07:53:24,Columbia St & Rivington St,5365,E 58 St & 3 Ave,6762,40.71739973,-73.98016555,40.76095756,-73.96724467,member
1170633,D973F50C8525E665,classic_bike,2021-07-31 20:17:22,2021-07-31 20:26:13,Columbia St & Rivington St,5365,Canal St & Rutgers St,5303,40.71739973,-73.98016555,40.71427487,-73.98990025,member
1186942,6A7F0BB751495634,electric_bike,2021-07-23 18:55:49,2021-07-23 19:14:49,Columbia St & Rivington St,5365,Banker St & Meserole Ave,5633,40.71739973,-73.98016555,40.72606,-73.95621,member
1209862,D21A93AD8A97C0AF,electric_bike,2021-07-06 13:38:19,2021-07-06 14:10:46,Columbia St & Rivington St,5365,Avenue D & E 3 St,5436,40.71739973,-73.98016555,40.72082834,-73.97793172,member
1209864,D0C176B000C40070,electric_bike,2021-07-18 15:04:49,2021-07-18 15:07:13,Columbia St & Rivington St,5365,Avenue D & E 3 St,5436,40.71739973,-73.98016555,40.72082834,-73.97793172,member
1209869,3E0D2F2F3BE03959,classic_bike,2021-07-01 14:40:58,2021-07-01 14:43:23,Columbia St & Rivington St,5365,Avenue D & E 3 St,5436,40.71739973,-73.98016555,40.72082834,-73.97793172,member
1209880,23D0BA6B4E0CCAF9,classic_bike,2021-07-05 13:47:52,2021-07-05 13:50:01,Columbia St & Rivington St,5365,Avenue D & E 3 St,5436,40.71739973,-73.98016555,40.72082834,-73.97793172,member
1213779,9DFA7DC1E6BBA390,classic_bike,2021-07-30 22:54:35,2021-07-30 22:57:33,Columbia St & Rivington St,5365,Avenue D & E 3 St,5436,40.71739973,-73.98016555,40.72082834,-73.97793172,member
1213784,A021AC88763DED85,classic_bike,2021-07-08 15:39:39,2021-07-08 15:42:03,Columbia St & Rivington St,5365,Avenue D & E 3 St,5436,40.71739973,-73.98016555,40.72082834,-73.97793172,member
1213792,3B9AFFE1A8C1A754,classic_bike,2021-07-16 19:27:12,2021-07-16 19:30:19,Columbia St & Rivington St,5365,Avenue D & E 3 St,5436,40.71739973,-73.98016555,40.72082834,-73.97793172,member
1213794,13606EDB7A0894EA,classic_bike,2021-07-26 11:05:41,2021-07-26 11:12:21,Columbia St & Rivington St,5365,Avenue D & E 3 St,5436,40.71739973,-73.98016555,40.72082834,-73.97793172,member
1213801,5CA546E40AD13CC2,classic_bike,2021-07-14 15:24:51,2021-07-14 15:30:33,Columbia St & Rivington St,5365,Avenue D & E 3 St,5436,40.71739973,-73.98016555,40.72082834,-73.97793172,member
1213809,CD8265DE38CDD03E,classic_bike,2021-07-14 15:22:50,2021-07-14 15:25:43,Columbia St & Rivington St,5365,Avenue D & E 3 St,5436,40.71739973,-73.98016555,40.72082834,-73.97793172,member
1213810,2D8E7D2584FAEEA9,classic_bike,2021-07-22 10:41:41,2021-07-22 10:43:52,Columbia St & Rivington St,5365,Avenue D & E 3 St,5436,40.71739973,-73.98016555,40.72082834,-73.97793172,member
1213811,12901CAEFB9B33A5,electric_bike,2021-07-10 15:41:14,2021-07-10 15:43:48,Columbia St & Rivington St,5365,Avenue D & E 3 St,5436,40.71739973,-73.98016555,40.72082834,-73.97793172,member
1213828,CF905570CBADAED9,classic_bike,2021-07-15 13:25:29,2021-07-15 13:27:02,Columbia St & Rivington St,5365,Avenue D & E 3 St,5436,40.71739973,-73.98016555,40.72082834,-73.97793172,member
1213829,08CAEBE6DD809B98,classic_bike,2021-07-22 13:45:13,2021-07-22 13:46:51,Columbia St & Rivington St,5365,Avenue D & E 3 St,5436,40.71739973,-73.98016555,40.72082834,-73.97793172,member
1213831,74763476839CE0D2,classic_bike,2021-07-27 16:02:31,2021-07-27 16:05:21,Columbia St & Rivington St,5365,Avenue D & E 3 St,5436,40.71739973,-73.98016555,40.72082834,-73.97793172,member
1213836,362C55A0D8457DCD,classic_bike,2021-07-07 17:05:22,2021-07-07 17:07:42,Columbia St & Rivington St,5365,Avenue D & E 3 St,5436,40.71739973,-73.98016555,40.72082834,-73.97793172,member
1213837,8AA941BE828730C7,classic_bike,2021-07-07 17:35:28,2021-07-07 17:37:55,Columbia St & Rivington St,5365,Avenue D & E 3 St,5436,40.71739973,-73.98016555,40.72082834,-73.97793172,member
1213838,34CC2A29C5A7CF7E,classic_bike,2021-07-05 09:57:18,2021-07-05 09:59:37,Columbia St & Rivington St,5365,Avenue D & E 3 St,5436,40.71739973,-73.98016555,40.72082834,-73.97793172,member
1213857,43E44A9B27E3FF59,electric_bike,2021-07-31 20:26:39,2021-07-31 20:37:39,Columbia St & Rivington St,5365,Avenue D & E 3 St,5436,40.71739973,-73.98016555,40.72082834,-73.97793172,member
1213858,AF96BEEEEE79C1CF,classic_bike,2021-07-22 19:08:38,2021-07-22 19:11:02,Columbia St & Rivington St,5365,Avenue D & E 3 St,5436,40.71739973,-73.98016555,40.72082834,-73.97793172,member
1213864,41DFD9CB885C8F9F,classic_bike,2021-07-05 15:30:35,2021-07-05 15:33:48,Columbia St & Rivington St,5365,Avenue D & E 3 St,5436,40.71739973,-73.98016555,40.72082834,-73.97793172,member
1213867,DC0B1DFA59307CA9,classic_bike,2021-07-26 00:11:25,2021-07-26 00:13:43,Columbia St & Rivington St,5365,Avenue D & E 3 St,5436,40.71739973,-73.98016555,40.72082834,-73.97793172,member
1213870,329AFB01CDF9C206,classic_bike,2021-07-22 12:32:35,2021-07-22 12:38:13,Columbia St & Rivington St,5365,Avenue D & E 3 St,5436,40.71739973,-73.98016555,40.72082834,-73.97793172,member
1213890,4F15C53DB599A555,classic_bike,2021-07-14 15:47:57,2021-07-14 15:51:31,Columbia St & Rivington St,5365,Avenue D & E 3 St,5436,40.71739973,-73.98016555,40.72082834,-73.97793172,member
1213894,3C6EDA54D69F2DE1,classic_bike,2021-07-04 17:55:08,2021-07-04 18:22:30,Columbia St & Rivington St,5365,Humboldt St & Varet St,4956,40.71739973,-73.98016555,40.7031724,-73.940636,member
1213899,2E40A7CD487A440A,classic_bike,2021-07-26 10:05:16,2021-07-26 10:08:04,Columbia St & Rivington St,5365,Avenue D & E 3 St,5436,40.71739973,-73.98016555,40.72082834,-73.97793172,member
1213902,BD204B699E6D1357,electric_bike,2021-07-21 11:45:12,2021-07-21 11:58:02,Columbia St & Rivington St,5365,Carmine St & 6 Ave,5763,40.71739973,-73.98016555,40.73038599,-74.00214988,casual
1213905,7AA18C673B715B52,classic_bike,2021-07-15 14:04:06,2021-07-15 14:06:11,Columbia St & Rivington St,5365,Avenue D & E 3 St,5436,40.71739973,-73.98016555,40.72082834,-73.97793172,casual
1213931,DDE9E2E7232DAF3A,classic_bike,2021-07-20 16:26:32,2021-07-20 16:29:01,Columbia St & Rivington St,5365,Avenue D & E 3 St,5436,40.71739973,-73.98016555,40.72082834,-73.97793172,member
1213932,6DE1FE512CF68DDE,electric_bike,2021-07-03 11:02:51,2021-07-03 11:05:05,Columbia St & Rivington St,5365,Avenue D & E 3 St,5436,40.71739973,-73.98016555,40.72082834,-73.97793172,member
1213938,9B49D040EF11F478,classic_bike,2021-07-20 15:33:52,2021-07-20 15:36:17,Columbia St & Rivington St,5365,Avenue D & E 3 St,5436,40.71739973,-73.98016555,40.72082834,-73.97793172,member
1213944,EC39147F8032B167,classic_bike,2021-07-11 11:04:32,2021-07-11 11:08:17,Columbia St & Rivington St,5365,Avenue D & E 3 St,5436,40.71739973,-73.98016555,40.72082834,-73.97793172,member
1213962,B1CD57E739AD0D0E,classic_bike,2021-07-25 00:46:30,2021-07-25 00:48:32,Columbia St & Rivington St,5365,Avenue D & E 3 St,5436,40.71739973,-73.98016555,40.72082834,-73.97793172,member
1213963,B39DCEE4A18479A4,classic_bike,2021-07-26 16:08:13,2021-07-26 16:10:52,Columbia St & Rivington St,5365,Avenue D & E 3 St,5436,40.71739973,-73.98016555,40.72082834,-73.97793172,member
1213966,6C215B72ECB6B293,classic_bike,2021-07-30 17:20:59,2021-07-30 17:23:48,Columbia St & Rivington St,5365,Avenue D & E 3 St,5436,40.71739973,-73.98016555,40.72082834,-73.97793172,member
1213969,AA242B8A99881338,classic_bike,2021-07-23 10:42:14,2021-07-23 10:48:18,Columbia St & Rivington St,5365,Avenue D & E 3 St,5436,40.71739973,-73.98016555,40.72082834,-73.97793172,member
1213971,B00312DE6E15E37D,classic_bike,2021-07-14 16:10:18,2021-07-14 16:14:00,Columbia St & Rivington St,5365,Avenue D & E 3 St,5436,40.71739973,-73.98016555,40.72082834,-73.97793172,member
1213972,83158640BF16C4CB,classic_bike,2021-07-31 12:32:12,2021-07-31 12:35:58,Columbia St & Rivington St,5365,Avenue D & E 3 St,5436,40.71739973,-73.98016555,40.72082834,-73.97793172,member
1213981,AD3FB2AEB397FEB2,classic_bike,2021-07-23 06:01:02,2021-07-23 06:15:18,Columbia St & Rivington St,5365,Carmine St & 6 Ave,5763,40.71739973,-73.98016555,40.73038599,-74.00214988,member
1213982,77DD3EB89864403D,classic_bike,2021-07-18 06:29:56,2021-07-18 06:45:05,Columbia St & Rivington St,5365,Carmine St & 6 Ave,5763,40.71739973,-73.98016555,40.73038599,-74.00214988,member
1213987,E0042189C6E98544,electric_bike,2021-07-10 20:13:25,2021-07-10 20:15:03,Columbia St & Rivington St,5365,Avenue D & E 3 St,5436,40.71739973,-73.98016555,40.72082834,-73.97793172,member
1213988,B4255D653CABE6B2,classic_bike,2021-07-13 16:24:50,2021-07-13 16:27:10,Columbia St & Rivington St,5365,Avenue D & E 3 St,5436,40.71739973,-73.98016555,40.72082834,-73.97793172,member
1214007,2A0595091DBC3F42,classic_bike,2021-07-14 15:09:50,2021-07-14 15:12:08,Columbia St & Rivington St,5365,Avenue D & E 3 St,5436,40.71739973,-73.98016555,40.72082834,-73.97793172,member
1214013,F1BA9319B92DCB83,classic_bike,2021-07-23 20:13:00,2021-07-23 20:15:10,Columbia St & Rivington St,5365,Avenue D & E 3 St,5436,40.71739973,-73.98016555,40.72082834,-73.97793172,member
1214014,60CE8F669C73008F,electric_bike,2021-07-21 20:14:53,2021-07-21 20:19:08,Columbia St & Rivington St,5365,Avenue D & E 3 St,5436,40.71739973,-73.98016555,40.72082834,-73.97793172,member
1214025,600F07B21008D8E4,classic_bike,2021-07-13 20:08:43,2021-07-13 20:28:14,Columbia St & Rivington St,5365,Carmine St & 6 Ave,5763,40.71739973,-73.98016555,40.73038599,-74.00214988,casual
1214028,5503E6E572267E25,classic_bike,2021-07-18 17:32:03,2021-07-18 17:53:02,Columbia St & Rivington St,5365,Avenue D & E 3 St,5436,40.71739973,-73.98016555,40.72082834,-73.97793172,casual
1214034,DD59D11DE45C9FD1,electric_bike,2021-07-11 01:25:14,2021-07-11 01:43:07,Columbia St & Rivington St,5365,Carmine St & 6 Ave,5763,40.71739973,-73.98016555,40.73038599,-74.00214988,casual
1214045,6DC9BF6986731B89,classic_bike,2021-07-17 08:06:56,2021-07-17 08:08:53,Columbia St & Rivington St,5365,Avenue D & E 3 St,5436,40.71739973,-73.98016555,40.72082834,-73.97793172,member
1214046,40B3C0A286228781,classic_bike,2021-07-14 15:27:01,2021-07-14 15:30:31,Columbia St & Rivington St,5365,Avenue D & E 3 St,5436,40.71739973,-73.98016555,40.72082834,-73.97793172,member
1214057,FDF7CF6765892E58,classic_bike,2021-07-09 09:04:32,2021-07-09 09:07:31,Columbia St & Rivington St,5365,Avenue D & E 3 St,5436,40.71739973,-73.98016555,40.72082834,-73.97793172,member
1214080,55592FDA3473C263,classic_bike,2021-07-16 12:08:11,2021-07-16 12:10:35,Columbia St & Rivington St,5365,Avenue D & E 3 St,5436,40.71739973,-73.98016555,40.72082834,-73.97793172,member
1214081,A8EBEA62327F0F06,classic_bike,2021-07-05 12:33:48,2021-07-05 12:36:15,Columbia St & Rivington St,5365,Avenue D & E 3 St,5436,40.71739973,-73.98016555,40.72082834,-73.97793172,member
1214084,0A468C202E62142B,classic_bike,2021-07-01 10:37:59,2021-07-01 10:43:26,Columbia St & Rivington St,5365,Avenue D & E 3 St,5436,40.71739973,-73.98016555,40.72082834,-73.97793172,casual
1214104,5CFE16E0CFE39BFF,classic_bike,2021-07-04 15:45:34,2021-07-04 16:09:43,Columbia St & Rivington St,5365,Avenue D & E 3 St,5436,40.71739973,-73.98016555,40.72082834,-73.97793172,casual
1214107,8024DA974857F1B9,classic_bike,2021-07-04 22:53:35,2021-07-04 22:58:46,Columbia St & Rivington St,5365,Avenue D & E 3 St,5436,40.71739973,-73.98016555,40.72082834,-73.97793172,casual
1214110,FF8519ED34DA94FE,electric_bike,2021-07-16 15:32:12,2021-07-16 15:49:34,Columbia St & Rivington St,5365,Humboldt St & Varet St,4956,40.71739973,-73.98016555,40.7031724,-73.940636,casual
1214116,2B35DB17EE5CF3FF,classic_bike,2021-07-06 01:34:06,2021-07-06 01:36:11,Columbia St & Rivington St,5365,Avenue D & E 3 St,5436,40.71739973,-73.98016555,40.72082834,-73.97793172,member
1214126,E7F8419C33EFA951,classic_bike,2021-07-11 09:38:58,2021-07-11 09:42:27,Columbia St & Rivington St,5365,Avenue D & E 3 St,5436,40.71739973,-73.98016555,40.72082834,-73.97793172,member
1214127,863A8FD2C821584D,electric_bike,2021-07-21 18:40:24,2021-07-21 18:42:15,Columbia St & Rivington St,5365,Avenue D & E 3 St,5436,40.71739973,-73.98016555,40.72082834,-73.97793172,member
1214128,EA3AED3D617E4052,classic_bike,2021-07-21 13:46:57,2021-07-21 13:49:43,Columbia St & Rivington St,5365,Avenue D & E 3 St,5436,40.71739973,-73.98016555,40.72082834,-73.97793172,member
1214130,24DBAD8E9CB91212,classic_bike,2021-07-06 12:54:58,2021-07-06 12:59:08,Columbia St & Rivington St,5365,Avenue D & E 3 St,5436,40.71739973,-73.98016555,40.72082834,-73.97793172,member
1214136,2F617E64F3BD81B8,classic_bike,2021-07-24 19:17:50,2021-07-24 19:37:18,Columbia St & Rivington St,5365,Avenue D & E 3 St,5436,40.71739973,-73.98016555,40.72082834,-73.97793172,casual
1214149,C796AE2BFEABCDEF,classic_bike,2021-07-30 20:54:20,2021-07-30 21:01:28,Columbia St & Rivington St,5365,Avenue D & E 3 St,5436,40.71739973,-73.98016555,40.72082834,-73.97793172,casual
1214158,35F44797823E2EEF,classic_bike,2021-07-03 16:02:01,2021-07-03 16:17:45,Columbia St & Rivington St,5365,Avenue D & E 3 St,5436,40.71739973,-73.98016555,40.72082834,-73.97793172,member
1214172,793F4681FAAC1BD1,electric_bike,2021-07-29 16:39:47,2021-07-29 16:57:07,Columbia St & Rivington St,5365,Humboldt St & Varet St,4956,40.71739973,-73.98016555,40.7031724,-73.940636,casual
1214176,671F929A464722D9,electric_bike,2021-07-25 18:51:14,2021-07-25 19:38:41,Columbia St & Rivington St,5365,Avenue D & E 3 St,5436,40.71739973,-73.98016555,40.72082834,-73.97793172,member
1214186,1277997274BF73AA,classic_bike,2021-07-15 19:22:19,2021-07-15 19:25:34,Columbia St & Rivington St,5365,Avenue D & E 3 St,5436,40.71739973,-73.98016555,40.72082834,-73.97793172,casual
1214192,5C3EF52C20C8B90A,electric_bike,2021-07-25 22:41:47,2021-07-25 22:46:57,Columbia St & Rivington St,5365,Avenue D & E 3 St,5436,40.71739973,-73.98016555,40.72082834,-73.97793172,member
1214193,4DD2CED65904FD86,classic_bike,2021-07-21 16:51:29,2021-07-21 16:54:03,Columbia St & Rivington St,5365,Avenue D & E 3 St,5436,40.71739973,-73.98016555,40.72082834,-73.97793172,member
1214196,1338FF66E5F80EDC,classic_bike,2021-07-06 16:25:27,2021-07-06 16:27:26,Columbia St & Rivington St,5365,Avenue D & E 3 St,5436,40.71739973,-73.98016555,40.72082834,-73.97793172,member
1214197,EA1744DAE09C859B,classic_bike,2021-07-13 16:23:52,2021-07-13 16:25:55,Columbia St & Rivington St,5365,Avenue D & E 3 St,5436,40.71739973,-73.98016555,40.72082834,-73.97793172,member
1214207,C8223462745F88E2,classic_bike,2021-07-27 11:49:15,2021-07-27 11:51:51,Columbia St & Rivington St,5365,Avenue D & E 3 St,5436,40.71739973,-73.98016555,40.72082834,-73.97793172,member
1214209,592F2FC5510A5EBD,classic_bike,2021-07-25 10:16:31,2021-07-25 10:18:46,Columbia St & Rivington St,5365,Avenue D & E 3 St,5436,40.71739973,-73.98016555,40.72082834,-73.97793172,member
1214210,DB53B45B78ABAD00,classic_bike,2021-07-25 10:42:33,2021-07-25 10:44:54,Columbia St & Rivington St,5365,Avenue D & E 3 St,5436,40.71739973,-73.98016555,40.72082834,-73.97793172,member
1214219,1BB3B0C80F6F26BE,classic_bike,2021-07-19 11:02:50,2021-07-19 11:06:08,Columbia St & Rivington St,5365,Avenue D & E 3 St,5436,40.71739973,-73.98016555,40.72082834,-73.97793172,member
1214223,A762003FFC210B50,classic_bike,2021-07-15 01:36:27,2021-07-15 01:52:16,Columbia St & Rivington St,5365,Carmine St & 6 Ave,5763,40.71739973,-73.98016555,40.73038599,-74.00214988,casual
1214235,FB40BA4942B4289B,classic_bike,2021-07-15 22:07:44,2021-07-15 22:32:38,Columbia St & Rivington St,5365,Carmine St & 6 Ave,5763,40.71739973,-73.98016555,40.73038599,-74.00214988,member
1214239,FAF403036CE0AE4F,classic_bike,2021-07-05 12:56:20,2021-07-05 12:58:35,Columbia St & Rivington St,5365,Avenue D & E 3 St,5436,40.71739973,-73.98016555,40.72082834,-73.97793172,member
1214240,1227B97E5083C19D,classic_bike,2021-07-05 19:40:42,2021-07-05 19:44:26,Columbia St & Rivington St,5365,Avenue D & E 3 St,5436,40.71739973,-73.98016555,40.72082834,-73.97793172,member
1214273,221E1E729923A981,electric_bike,2021-07-13 23:06:07,2021-07-13 23:32:55,Columbia St & Rivington St,5365,W 30 St & 10 Ave,6459,40.71739973,-73.98016555,40.752694,-74.002353,casual
1214276,BF3ACB2C3097C604,classic_bike,2021-07-24 17:53:16,2021-07-24 17:55:33,Columbia St & Rivington St,5365,Avenue D & E 3 St,5436,40.71739973,-73.98016555,40.72082834,-73.97793172,member
1214277,A9DED46D29AEF1F2,electric_bike,2021-07-26 12:03:15,2021-07-26 12:13:30,Columbia St & Rivington St,5365,Carmine St & 6 Ave,5763,40.71739973,-73.98016555,40.73038599,-74.00214988,casual
1214279,797FF4D9E1C24479,classic_bike,2021-07-04 15:45:48,2021-07-04 16:09:47,Columbia St & Rivington St,5365,Avenue D & E 3 St,5436,40.71739973,-73.98016555,40.72082834,-73.97793172,casual
1214297,B5818E0A2B7A0510,classic_bike,2021-07-20 16:19:11,2021-07-20 16:21:25,Columbia St & Rivington St,5365,Avenue D & E 3 St,5436,40.71739973,-73.98016555,40.72082834,-73.97793172,member
1252464,282D69C574D764F6,electric_bike,2021-07-27 05:32:12,2021-07-27 05:51:15,Columbia St & Rivington St,5365,W 45 St & 8 Ave,6676,40.71739973,-73.98016555,40.75929124,-73.98859651,member
1252481,0BB21AF8702C0011,classic_bike,2021-07-19 17:32:22,2021-07-19 17:49:52,Columbia St & Rivington St,5365,W 4 St & 7 Ave S,5880,40.71739973,-73.98016555,40.73401143,-74.00293877,member
1252490,C61DAEBE1A623AF9,electric_bike,2021-07-09 15:39:04,2021-07-09 15:52:08,Columbia St & Rivington St,5365,Lafayette St & Jersey St,5561,40.71739973,-73.98016555,40.72456089,-73.99565293,member
1252508,12B377E445B9DAE5,classic_bike,2021-07-02 09:47:00,2021-07-02 09:53:23,Columbia St & Rivington St,5365,Lafayette St & Jersey St,5561,40.71739973,-73.98016555,40.72456089,-73.99565293,member
1252517,305E4EC1E178FCCA,electric_bike,2021-07-30 15:43:54,2021-07-30 15:47:36,Columbia St & Rivington St,5365,E 5 St & Avenue C,5545,40.71739973,-73.98016555,40.72299208,-73.97995466,member
1258819,91F42DD30F05EDC4,classic_bike,2021-07-30 11:13:36,2021-07-30 11:26:09,Columbia St & Rivington St,5365,Lafayette St & Jersey St,5561,40.71739973,-73.98016555,40.72456089,-73.99565293,member
1258823,799AD90D7C25E04C,electric_bike,2021-07-02 08:03:45,2021-07-02 08:11:09,Columbia St & Rivington St,5365,Lafayette St & Jersey St,5561,40.71739973,-73.98016555,40.72456089,-73.99565293,member
1259683,AEC845D8EBDC7219,electric_bike,2021-07-01 06:09:37,2021-07-01 06:16:37,Columbia St & Rivington St,5365,Lafayette St & Jersey St,5561,40.71739973,-73.98016555,40.72456089,-73.99565293,member
1260704,FF36D5A2FE6ABFEB,classic_bike,2021-07-31 21:38:25,2021-07-31 21:45:41,Columbia St & Rivington St,5365,Lafayette St & Jersey St,5561,40.71739973,-73.98016555,40.72456089,-73.99565293,casual
1260706,684DFFF176FD2078,classic_bike,2021-07-30 20:04:28,2021-07-30 20:21:54,Columbia St & Rivington St,5365,W 4 St & 7 Ave S,5880,40.71739973,-73.98016555,40.73401143,-74.00293877,casual
1262738,14A54F47D478B509,electric_bike,2021-07-02 06:10:28,2021-07-02 06:17:26,Columbia St & Rivington St,5365,Lafayette St & Jersey St,5561,40.71739973,-73.98016555,40.72456089,-73.99565293,member
1262740,329D4C210B796FAA,electric_bike,2021-07-07 06:01:45,2021-07-07 06:07:50,Columbia St & Rivington St,5365,Lafayette St & Jersey St,5561,40.71739973,-73.98016555,40.72456089,-73.99565293,member
1264510,A0A89735F9016E9B,classic_bike,2021-07-08 13:35:25,2021-07-08 14:07:14,Columbia St & Rivington St,5365,W 45 St & 8 Ave,6676,40.71739973,-73.98016555,40.75929124,-73.98859651,member
1264538,7F185DDE221D0731,classic_bike,2021-07-17 21:28:04,2021-07-17 21:37:20,Columbia St & Rivington St,5365,Lafayette St & Jersey St,5561,40.71739973,-73.98016555,40.72456089,-73.99565293,member
1264553,D759F986C51D6290,classic_bike,2021-07-16 19:21:49,2021-07-16 19:41:34,Columbia St & Rivington St,5365,W 4 St & 7 Ave S,5880,40.71739973,-73.98016555,40.73401143,-74.00293877,casual
1265630,E37CE4C65D2956C0,classic_bike,2021-07-21 16:35:29,2021-07-21 17:05:01,Columbia St & Rivington St,5365,W 45 St & 8 Ave,6676,40.71739973,-73.98016555,40.75929124,-73.98859651,member
1265672,55400DAFFDDBF7D3,classic_bike,2021-07-27 14:50:43,2021-07-27 14:53:55,Columbia St & Rivington St,5365,E 5 St & Avenue C,5545,40.71739973,-73.98016555,40.72299208,-73.97995466,member
1265676,76C9D83E8F84AB07,classic_bike,2021-07-16 11:30:26,2021-07-16 11:46:34,Columbia St & Rivington St,5365,W 4 St & 7 Ave S,5880,40.71739973,-73.98016555,40.73401143,-74.00293877,member
1265717,3C240848059C03EA,classic_bike,2021-07-04 13:54:03,2021-07-04 14:25:52,Columbia St & Rivington St,5365,E 84 St & 1 Ave,7180,40.71739973,-73.98016555,40.77565541,-73.95068615,member
1265721,3F535F57FA8C9992,electric_bike,2021-07-26 19:01:08,2021-07-26 19:24:35,Columbia St & Rivington St,5365,Carroll St & Smith St,4225,40.71739973,-73.98016555,40.680611,-73.99475825,member
1266032,F341B0AD829624DA,classic_bike,2021-07-22 16:38:56,2021-07-22 17:08:03,Columbia St & Rivington St,5365,W 45 St & 8 Ave,6676,40.71739973,-73.98016555,40.75929124,-73.98859651,member
1293492,F3C051021057585A,classic_bike,2021-07-26 20:31:11,2021-07-26 20:54:18,Columbia St & Rivington St,5365,Sullivan St & Washington Sq,5721,40.71739973,-73.98016555,40.73047747,-73.99906065,casual
1298398,FF88300764B6CFE2,classic_bike,2021-07-03 11:05:58,2021-07-03 11:19:31,Columbia St & Rivington St,5365,University Pl & E 8 St,5755,40.71739973,-73.98016555,40.73143724085228,-73.99490341544151,member
1298648,22BC37C1044AF470,classic_bike,2021-07-07 11:01:27,2021-07-07 11:16:50,Columbia St & Rivington St,5365,University Pl & E 8 St,5755,40.71739973,-73.98016555,40.73143724085228,-73.99490341544151,member
1298697,08AB55A18E550A92,electric_bike,2021-07-07 17:24:21,2021-07-07 17:39:50,Columbia St & Rivington St,5365,Sullivan St & Washington Sq,5721,40.71739973,-73.98016555,40.73047747,-73.99906065,member
1298712,C6CFAED9468FA4F9,electric_bike,2021-07-19 08:26:45,2021-07-19 08:37:18,Columbia St & Rivington St,5365,Sullivan St & Washington Sq,5721,40.71739973,-73.98016555,40.73047747,-73.99906065,casual
1298836,676E1130CE962D58,classic_bike,2021-07-26 20:31:08,2021-07-26 20:54:10,Columbia St & Rivington St,5365,Sullivan St & Washington Sq,5721,40.71739973,-73.98016555,40.73047747,-73.99906065,casual
1298917,9F29C618F0499370,electric_bike,2021-07-04 08:21:31,2021-07-04 08:43:37,Columbia St & Rivington St,5365,Pershing Square North,6432,40.71739973,-73.98016555,40.751873,-73.977706,member
1298967,9344BDD8C1BA2482,electric_bike,2021-07-04 22:07:18,2021-07-04 22:23:53,Columbia St & Rivington St,5365,Sullivan St & Washington Sq,5721,40.71739973,-73.98016555,40.73047747,-73.99906065,casual
1298968,0477C85F5C66E1DE,electric_bike,2021-07-04 22:07:22,2021-07-04 22:23:49,Columbia St & Rivington St,5365,Sullivan St & Washington Sq,5721,40.71739973,-73.98016555,40.73047747,-73.99906065,casual
1299030,43538F19469D4FCB,classic_bike,2021-07-31 12:28:57,2021-07-31 12:47:29,Columbia St & Rivington St,5365,Sullivan St & Washington Sq,5721,40.71739973,-73.98016555,40.73047747,-73.99906065,casual
1318100,AADBFE8FB076B039,classic_bike,2021-07-29 10:34:58,2021-07-29 10:52:46,Columbia St & Rivington St,5365,Madison Ave & E 26 St,6131,40.71739973,-73.98016555,40.742684734875695,-73.98671329021454,member
1318212,BCF78F33F0465A1A,electric_bike,2021-07-21 20:06:13,2021-07-21 20:30:34,Columbia St & Rivington St,5365,Madison Ave & E 26 St,6131,40.71739973,-73.98016555,40.742684734875695,-73.98671329021454,member
1329315,4B0E8188399344D6,classic_bike,2021-07-13 08:38:25,2021-07-13 08:53:57,Columbia St & Rivington St,5365,E 17 St & Broadway,5980,40.71739973,-73.98016555,40.73704984,-73.99009296,member
1329464,EC75274B2D3C4044,classic_bike,2021-07-16 11:03:35,2021-07-16 11:23:10,Columbia St & Rivington St,5365,E 17 St & Broadway,5980,40.71739973,-73.98016555,40.73704984,-73.99009296,member
1329466,7A85C81797C502E1,classic_bike,2021-07-08 10:56:59,2021-07-08 11:26:58,Columbia St & Rivington St,5365,E 17 St & Broadway,5980,40.71739973,-73.98016555,40.73704984,-73.99009296,member
1329657,503964075DC3E9B7,electric_bike,2021-07-16 12:36:05,2021-07-16 12:47:17,Columbia St & Rivington St,5365,University Pl & E 14 St,5905,40.71739973,-73.98016555,40.734814,-73.992085,member
1329664,E73AD1119BF74EE0,classic_bike,2021-07-06 07:54:32,2021-07-06 08:09:19,Columbia St & Rivington St,5365,E 17 St & Broadway,5980,40.71739973,-73.98016555,40.73704984,-73.99009296,casual
1333316,06D525D442753705,electric_bike,2021-07-18 16:11:01,2021-07-18 16:39:37,Columbia St & Rivington St,5365,N 11 St & Kent Ave,5489,40.71739973,-73.98016555,40.72248188638219,-73.95921930670738,member
1333374,636B7D8EC8D02178,classic_bike,2021-07-21 09:19:45,2021-07-21 09:48:00,Columbia St & Rivington St,5365,N 11 St & Kent Ave,5489,40.71739973,-73.98016555,40.72248188638219,-73.95921930670738,casual
1333388,C68C2991A508060D,classic_bike,2021-07-07 14:37:41,2021-07-07 15:07:17,Columbia St & Rivington St,5365,E 17 St & Broadway,5980,40.71739973,-73.98016555,40.73704984,-73.99009296,member
1333393,614B090DF5E65890,classic_bike,2021-07-24 11:38:45,2021-07-24 12:16:54,Columbia St & Rivington St,5365,E 51 St & 1 Ave,6532,40.71739973,-73.98016555,40.75455731,-73.96592976,casual
1333416,CCDFA23D3D31FB0E,electric_bike,2021-07-13 16:00:36,2021-07-13 16:15:33,Columbia St & Rivington St,5365,E 17 St & Broadway,5980,40.71739973,-73.98016555,40.73704984,-73.99009296,casual
1333534,350BE8E67EA07E66,electric_bike,2021-07-19 18:08:21,2021-07-19 18:19:37,Columbia St & Rivington St,5365,E 17 St & Broadway,5980,40.71739973,-73.98016555,40.73704984,-73.99009296,member
1353163,9DC17010F9E3BDA3,electric_bike,2021-07-16 14:13:20,2021-07-16 14:47:57,Columbia St & Rivington St,5365,Central Park West & W 85 St,7354,40.71739973,-73.98016555,40.78476,-73.969862,casual
1353197,FED8593D9307C90F,classic_bike,2021-07-06 07:23:56,2021-07-06 07:34:39,Columbia St & Rivington St,5365,St James Pl & Pearl St,5167,40.71739973,-73.98016555,40.71117416,-74.00016545,member
1353224,376B7475656F6A4F,classic_bike,2021-07-26 14:52:35,2021-07-26 15:04:16,Columbia St & Rivington St,5365,St James Pl & Pearl St,5167,40.71739973,-73.98016555,40.71117416,-74.00016545,member
1353225,12F5035AEDEB4817,classic_bike,2021-07-24 18:14:04,2021-07-24 18:31:19,Columbia St & Rivington St,5365,St James Pl & Pearl St,5167,40.71739973,-73.98016555,40.71117416,-74.00016545,member
1364994,605C5920D3AAABEC,electric_bike,2021-07-27 22:38:09,2021-07-27 22:48:05,Columbia St & Rivington St,5365,Stagg St & Union Ave,5117,40.71739973,-73.98016555,40.70877084,-73.95095259,member
1366368,A756985AF096A1A9,classic_bike,2021-07-28 16:34:29,2021-07-28 17:03:35,Columbia St & Rivington St,5365,W 44 St & 11 Ave,6756,40.71739973,-73.98016555,40.762009,-73.996975,member
1384231,F65F5832E6D5E71D,classic_bike,2021-07-06 13:08:45,2021-07-06 13:19:19,Columbia St & Rivington St,5365,Lispenard St & Broadway,5391,40.71739973,-73.98016555,40.71939226,-74.00247214,member
1384261,AD39D467BB5DC073,classic_bike,2021-07-28 19:06:42,2021-07-28 19:24:26,Columbia St & Rivington St,5365,Broadway & E 14 St,5905,40.71739973,-73.98016555,40.73454567,-73.99074142,member
1384262,6672A075BE53C8D2,classic_bike,2021-07-06 09:33:37,2021-07-06 09:44:36,Columbia St & Rivington St,5365,Broadway & E 14 St,5905,40.71739973,-73.98016555,40.73454567,-73.99074142,member
1385655,896ED682B1AE6E54,classic_bike,2021-07-21 17:31:53,2021-07-21 17:45:04,Columbia St & Rivington St,5365,Broadway & E 14 St,5905,40.71739973,-73.98016555,40.73454567,-73.99074142,member
1390654,10CEDE952F4644C4,classic_bike,2021-07-06 07:24:31,2021-07-06 07:40:30,Columbia St & Rivington St,5365,Broadway & E 14 St,5905,40.71739973,-73.98016555,40.73454567,-73.99074142,member
1390667,44BECE2F734D4AE1,electric_bike,2021-07-11 07:02:44,2021-07-11 07:09:34,Columbia St & Rivington St,5365,Lispenard St & Broadway,5391,40.71739973,-73.98016555,40.71939226,-74.00247214,member
1390694,E052E966F951CEBC,electric_bike,2021-07-05 17:25:34,2021-07-05 17:53:14,Columbia St & Rivington St,5365,Fulton St & Utica Ave,4228,40.71739973,-73.98016555,40.6794268,-73.9298911,casual
1390737,F688F9D1AF4E200C,classic_bike,2021-07-09 12:31:59,2021-07-09 12:44:08,Columbia St & Rivington St,5365,Lispenard St & Broadway,5391,40.71739973,-73.98016555,40.71939226,-74.00247214,member
1399550,F1DC8037CAC5183B,classic_bike,2021-07-27 09:25:36,2021-07-27 09:38:42,Columbia St & Rivington St,5365,Lispenard St & Broadway,5391,40.71739973,-73.98016555,40.71939226,-74.00247214,member
1399554,08FABF7BA89E9A2F,electric_bike,2021-07-10 11:35:24,2021-07-10 11:43:51,Columbia St & Rivington St,5365,Lispenard St & Broadway,5391,40.71739973,-73.98016555,40.71939226,-74.00247214,member
1400182,D27220506CC63DB0,classic_bike,2021-07-28 17:45:26,2021-07-28 17:55:37,Columbia St & Rivington St,5365,Broadway & E 14 St,5905,40.71739973,-73.98016555,40.73454567,-73.99074142,member
1401010,782F868772FC8BFC,electric_bike,2021-07-30 17:33:45,2021-07-30 17:59:29,Columbia St & Rivington St,5365,Berkeley Pl & 6 Ave,4134,40.71739973,-73.98016555,40.6765304,-73.97846879,member
1401510,3DAEA1F4D5DC75B5,electric_bike,2021-07-13 08:18:26,2021-07-13 08:30:18,Columbia St & Rivington St,5365,Broadway & E 14 St,5905,40.71739973,-73.98016555,40.73454567,-73.99074142,member
1418103,D08D9B98137B43AF,electric_bike,2021-07-08 08:06:29,2021-07-08 08:19:38,Columbia St & Rivington St,5365,S 4 St & Wythe Ave,5204,40.71739973,-73.98016555,40.71285887,-73.96590294,member
1418105,682B7DB698D71005,electric_bike,2021-07-20 08:01:03,2021-07-20 08:12:41,Columbia St & Rivington St,5365,S 4 St & Wythe Ave,5204,40.71739973,-73.98016555,40.71285887,-73.96590294,member
1419211,2BE7FD3983499ABA,electric_bike,2021-07-13 08:35:13,2021-07-13 08:47:10,Columbia St & Rivington St,5365,S 4 St & Wythe Ave,5204,40.71739973,-73.98016555,40.71285887,-73.96590294,casual
1423247,118EBF7A994A1033,electric_bike,2021-07-19 13:03:08,2021-07-19 13:14:18,Columbia St & Rivington St,5365,Christopher St & Greenwich St,5847,40.71739973,-73.98016555,40.73291553,-74.00711384,member
1423270,E65504DE197A569A,electric_bike,2021-07-31 10:21:13,2021-07-31 10:32:07,Columbia St & Rivington St,5365,Christopher St & Greenwich St,5847,40.71739973,-73.98016555,40.73291553,-74.00711384,member
1426023,8FEB119EF4AB6526,electric_bike,2021-07-13 05:19:17,2021-07-13 05:30:17,Columbia St & Rivington St,5365,Christopher St & Greenwich St,5847,40.71739973,-73.98016555,40.73291553,-74.00711384,member
1429891,8820EE451B7A05BA,electric_bike,2021-07-04 06:37:05,2021-07-04 06:47:42,Columbia St & Rivington St,5365,Christopher St & Greenwich St,5847,40.71739973,-73.98016555,40.73291553,-74.00711384,member
1439067,8F4D6DAA2104943B,classic_bike,2021-07-11 11:59:30,2021-07-11 12:10:25,Columbia St & Rivington St,5365,Pike St & Monroe St,5159,40.71739973,-73.98016555,40.71173107,-73.99193043,member
1439070,CAB89116BC099112,classic_bike,2021-07-28 13:37:14,2021-07-28 13:44:50,Columbia St & Rivington St,5365,Pike St & Monroe St,5159,40.71739973,-73.98016555,40.71173107,-73.99193043,member
1439072,1A45872D83B0DF4F,classic_bike,2021-07-10 13:24:52,2021-07-10 13:34:40,Columbia St & Rivington St,5365,Pike St & Monroe St,5159,40.71739973,-73.98016555,40.71173107,-73.99193043,member
1439073,815369869898A85D,classic_bike,2021-07-07 12:00:20,2021-07-07 12:06:43,Columbia St & Rivington St,5365,Pike St & Monroe St,5159,40.71739973,-73.98016555,40.71173107,-73.99193043,member
1439097,612E34F5465530E5,classic_bike,2021-07-02 16:38:30,2021-07-02 16:44:39,Columbia St & Rivington St,5365,Pike St & Monroe St,5159,40.71739973,-73.98016555,40.71173107,-73.99193043,member
1449107,565329C4E329108D,electric_bike,2021-07-17 01:40:48,2021-07-17 01:57:48,Columbia St & Rivington St,5365,Powers St & Olive St,5210,40.71739973,-73.98016555,40.71323,-73.93894,casual
1449108,042880740A902EEF,classic_bike,2021-07-08 08:48:55,2021-07-08 08:56:42,Columbia St & Rivington St,5365,Pike St & Monroe St,5159,40.71739973,-73.98016555,40.71173107,-73.99193043,member
1449109,AA381FEF91D53F57,classic_bike,2021-07-15 08:40:45,2021-07-15 08:53:47,Columbia St & Rivington St,5365,Pike St & Monroe St,5159,40.71739973,-73.98016555,40.71173107,-73.99193043,member
1449110,300E732684879FF2,classic_bike,2021-07-06 08:46:49,2021-07-06 08:54:10,Columbia St & Rivington St,5365,Pike St & Monroe St,5159,40.71739973,-73.98016555,40.71173107,-73.99193043,member
1449116,082E517B8AE56A3A,classic_bike,2021-07-20 11:09:07,2021-07-20 11:15:40,Columbia St & Rivington St,5365,Pike St & Monroe St,5159,40.71739973,-73.98016555,40.71173107,-73.99193043,member
1449124,C25FD4E71E7B6AFA,classic_bike,2021-07-07 08:47:59,2021-07-07 08:55:59,Columbia St & Rivington St,5365,Pike St & Monroe St,5159,40.71739973,-73.98016555,40.71173107,-73.99193043,member
1449142,ECDD48706325BC07,classic_bike,2021-07-19 08:55:02,2021-07-19 09:08:39,Columbia St & Rivington St,5365,Pike St & Monroe St,5159,40.71739973,-73.98016555,40.71173107,-73.99193043,member
1449143,6C1C96FA79A42DA1,classic_bike,2021-07-14 19:44:50,2021-07-14 19:53:56,Columbia St & Rivington St,5365,Pike St & Monroe St,5159,40.71739973,-73.98016555,40.71173107,-73.99193043,member
1449228,B74BDB800E61220D,classic_bike,2021-07-12 08:42:37,2021-07-12 08:53:29,Columbia St & Rivington St,5365,Pike St & Monroe St,5159,40.71739973,-73.98016555,40.71173107,-73.99193043,member
1449229,32368F21CD7F6372,classic_bike,2021-07-23 08:42:26,2021-07-23 08:50:35,Columbia St & Rivington St,5365,Pike St & Monroe St,5159,40.71739973,-73.98016555,40.71173107,-73.99193043,member
1449244,3DA31084E0FC41FA,classic_bike,2021-07-16 08:43:17,2021-07-16 08:50:50,Columbia St & Rivington St,5365,Pike St & Monroe St,5159,40.71739973,-73.98016555,40.71173107,-73.99193043,member
1449246,A567B7731532F8A8,classic_bike,2021-07-18 17:55:53,2021-07-18 18:16:18,Columbia St & Rivington St,5365,Pike St & Monroe St,5159,40.71739973,-73.98016555,40.71173107,-73.99193043,member
1449247,82ACA330A5EB8857,classic_bike,2021-07-12 08:43:32,2021-07-12 08:51:15,Columbia St & Rivington St,5365,Pike St & Monroe St,5159,40.71739973,-73.98016555,40.71173107,-73.99193043,member
1449248,A85E6F6C2D92B050,classic_bike,2021-07-01 08:38:57,2021-07-01 08:48:17,Columbia St & Rivington St,5365,Pike St & Monroe St,5159,40.71739973,-73.98016555,40.71173107,-73.99193043,member
1449249,65525013CFD420B2,classic_bike,2021-07-05 08:37:43,2021-07-05 08:47:51,Columbia St & Rivington St,5365,Pike St & Monroe St,5159,40.71739973,-73.98016555,40.71173107,-73.99193043,member
1449250,B784A2EED52EE45F,classic_bike,2021-07-20 08:47:44,2021-07-20 09:01:50,Columbia St & Rivington St,5365,Pike St & Monroe St,5159,40.71739973,-73.98016555,40.71173107,-73.99193043,member
1449251,AEDCD520C021F9F4,classic_bike,2021-07-14 08:36:35,2021-07-14 08:48:29,Columbia St & Rivington St,5365,Pike St & Monroe St,5159,40.71739973,-73.98016555,40.71173107,-73.99193043,member
1449252,2CB9F3E107129D81,classic_bike,2021-07-22 08:43:48,2021-07-22 08:51:03,Columbia St & Rivington St,5365,Pike St & Monroe St,5159,40.71739973,-73.98016555,40.71173107,-73.99193043,member
1449254,4FE9B7EE2FD32380,classic_bike,2021-07-02 08:37:36,2021-07-02 08:46:40,Columbia St & Rivington St,5365,Pike St & Monroe St,5159,40.71739973,-73.98016555,40.71173107,-73.99193043,member
1449259,BD92033FEE1AAA86,classic_bike,2021-07-26 20:36:32,2021-07-26 20:44:15,Columbia St & Rivington St,5365,Pike St & Monroe St,5159,40.71739973,-73.98016555,40.71173107,-73.99193043,member
1449260,4A49D0229A03BB0B,classic_bike,2021-07-24 22:16:24,2021-07-24 22:25:02,Columbia St & Rivington St,5365,Pike St & Monroe St,5159,40.71739973,-73.98016555,40.71173107,-73.99193043,member
1449261,2A8C971F42D29979,classic_bike,2021-07-20 09:01:23,2021-07-20 09:24:26,Columbia St & Rivington St,5365,E 47 St & 2 Ave,6498,40.71739973,-73.98016555,40.75323098,-73.97032517,member
1449262,9B8229AB9C72059A,classic_bike,2021-07-04 11:38:00,2021-07-04 11:44:33,Columbia St & Rivington St,5365,Pike St & Monroe St,5159,40.71739973,-73.98016555,40.71173107,-73.99193043,member
1449273,889253D7F7816459,electric_bike,2021-07-14 17:22:15,2021-07-14 17:26:32,Columbia St & Rivington St,5365,Pike St & Monroe St,5159,40.71739973,-73.98016555,40.71173107,-73.99193043,member
1449274,23981504998B9653,classic_bike,2021-07-07 17:13:09,2021-07-07 17:20:38,Columbia St & Rivington St,5365,Pike St & Monroe St,5159,40.71739973,-73.98016555,40.71173107,-73.99193043,member
1449280,02CA9F71C4E0FBA1,classic_bike,2021-07-19 10:28:41,2021-07-19 10:38:45,Columbia St & Rivington St,5365,Pike St & Monroe St,5159,40.71739973,-73.98016555,40.71173107,-73.99193043,member
1449283,2CD1BCF0644575A9,classic_bike,2021-07-08 12:08:23,2021-07-08 12:14:05,Columbia St & Rivington St,5365,Pike St & Monroe St,5159,40.71739973,-73.98016555,40.71173107,-73.99193043,member
1449359,ED88AFB9BEB60233,classic_bike,2021-07-13 08:34:44,2021-07-13 08:44:31,Columbia St & Rivington St,5365,Pike St & Monroe St,5159,40.71739973,-73.98016555,40.71173107,-73.99193043,member
1449396,CFF80F0608C2B776,classic_bike,2021-07-26 08:39:19,2021-07-26 08:48:57,Columbia St & Rivington St,5365,Pike St & Monroe St,5159,40.71739973,-73.98016555,40.71173107,-73.99193043,member
1449397,082257C7C5321BA8,classic_bike,2021-07-05 17:04:26,2021-07-05 17:13:30,Columbia St & Rivington St,5365,Pike St & Monroe St,5159,40.71739973,-73.98016555,40.71173107,-73.99193043,member
1449888,1C27043730E99D31,classic_bike,2021-07-26 12:22:21,2021-07-26 12:29:32,Columbia St & Rivington St,5365,Pike St & Monroe St,5159,40.71739973,-73.98016555,40.71173107,-73.99193043,member
1449899,1CAD98080EA5D543,classic_bike,2021-07-27 20:57:00,2021-07-27 21:05:20,Columbia St & Rivington St,5365,Pike St & Monroe St,5159,40.71739973,-73.98016555,40.71173107,-73.99193043,member
1449947,82C8E4E7A7E46E2E,classic_bike,2021-07-06 06:56:45,2021-07-06 07:17:22,Columbia St & Rivington St,5365,E 47 St & 2 Ave,6498,40.71739973,-73.98016555,40.75323098,-73.97032517,member
1459904,7D52C5DCF51494A4,classic_bike,2021-07-18 12:05:27,2021-07-18 12:16:06,Columbia St & Rivington St,5365,Pearl St & Peck Slip,5096,40.71739973,-73.98016555,40.708485,-74.002751,member
1459926,E44CD6BD0CE2B5D4,classic_bike,2021-07-18 18:03:17,2021-07-18 18:27:08,Columbia St & Rivington St,5365,E 32 St & Park Ave,6280,40.71739973,-73.98016555,40.7457121,-73.98194829,member
1459969,CA162146553A3886,electric_bike,2021-07-15 17:39:10,2021-07-15 17:49:45,Columbia St & Rivington St,5365,Pearl St & Peck Slip,5096,40.71739973,-73.98016555,40.708485,-74.002751,member
1459972,880BEE7438D3436D,classic_bike,2021-07-30 18:57:24,2021-07-30 19:09:47,Columbia St & Rivington St,5365,Pearl St & Peck Slip,5096,40.71739973,-73.98016555,40.708485,-74.002751,member
1460001,9300CFBEEC12460E,electric_bike,2021-07-14 15:30:10,2021-07-14 15:37:38,Columbia St & Rivington St,5365,Pearl St & Peck Slip,5096,40.71739973,-73.98016555,40.708485,-74.002751,casual
1460033,23B80BD4E0279AF9,electric_bike,2021-07-09 08:30:17,2021-07-09 08:40:39,Columbia St & Rivington St,5365,Pearl St & Peck Slip,5096,40.71739973,-73.98016555,40.708485,-74.002751,member
1460034,AF25FE230C551A71,classic_bike,2021-07-08 08:33:41,2021-07-08 08:47:07,Columbia St & Rivington St,5365,Pearl St & Peck Slip,5096,40.71739973,-73.98016555,40.708485,-74.002751,member
1460041,1C7A716DB5D16B47,classic_bike,2021-07-25 16:11:55,2021-07-25 16:25:01,Columbia St & Rivington St,5365,Pearl St & Peck Slip,5096,40.71739973,-73.98016555,40.708485,-74.002751,member
1460094,EC5059E491159CE2,classic_bike,2021-07-25 16:11:42,2021-07-25 16:24:57,Columbia St & Rivington St,5365,Pearl St & Peck Slip,5096,40.71739973,-73.98016555,40.708485,-74.002751,member
1460248,41094A6799690C0A,classic_bike,2021-07-28 14:56:04,2021-07-28 15:10:30,Columbia St & Rivington St,5365,Pearl St & Peck Slip,5096,40.71739973,-73.98016555,40.708485,-74.002751,member
1460277,45C4CD0AB9080ABD,classic_bike,2021-07-12 08:37:15,2021-07-12 08:53:05,Columbia St & Rivington St,5365,Pearl St & Peck Slip,5096,40.71739973,-73.98016555,40.708485,-74.002751,member
1477921,707BB3F902D8720E,electric_bike,2021-07-16 18:59:47,2021-07-16 19:11:36,Columbia St & Rivington St,5365,Pearl St & Peck Slip,5096,40.71739973,-73.98016555,40.708485,-74.002751,member
1478024,4E35C0890382B4B4,electric_bike,2021-07-13 08:34:40,2021-07-13 08:50:13,Columbia St & Rivington St,5365,Pearl St & Peck Slip,5096,40.71739973,-73.98016555,40.708485,-74.002751,member
1478056,14D1E949044B3389,classic_bike,2021-07-03 16:17:46,2021-07-03 17:01:31,Columbia St & Rivington St,5365,West St & Liberty St,5184,40.71739973,-73.98016555,40.711444,-74.014847,casual
1501468,6D1EAFCBD695BA2C,electric_bike,2021-07-19 20:12:13,2021-07-19 20:26:18,Columbia St & Rivington St,5365,Cliff St & Fulton St,5065,40.71739973,-73.98016555,40.70838,-74.00495,casual
1501480,3D7E1FBA446262F2,classic_bike,2021-07-18 14:01:41,2021-07-18 14:21:50,Columbia St & Rivington St,5365,E 47 St & Park Ave,6584,40.71739973,-73.98016555,40.75510267,-73.97498696,member
1508011,A9B61FD5FA6F965D,classic_bike,2021-07-25 18:50:59,2021-07-25 19:11:49,Columbia St & Rivington St,5365,Cliff St & Fulton St,5065,40.71739973,-73.98016555,40.70838,-74.00495,casual
1508548,0A011D158D8DBEE8,classic_bike,2021-07-22 08:29:56,2021-07-22 08:51:34,Columbia St & Rivington St,5365,E 47 St & Park Ave,6584,40.71739973,-73.98016555,40.75510267,-73.97498696,member
1508549,5C44324D2CAB65BF,classic_bike,2021-07-28 07:20:06,2021-07-28 07:34:30,Columbia St & Rivington St,5365,Cliff St & Fulton St,5065,40.71739973,-73.98016555,40.70838,-74.00495,member
1508590,EBBBA3C44F51AF8D,classic_bike,2021-07-07 07:22:04,2021-07-07 07:34:47,Columbia St & Rivington St,5365,Cliff St & Fulton St,5065,40.71739973,-73.98016555,40.70838,-74.00495,member
1508610,65EEDFADF1F208C9,classic_bike,2021-07-22 15:54:45,2021-07-22 16:09:11,Columbia St & Rivington St,5365,E 27 St & 1 Ave,6004,40.71739973,-73.98016555,40.739445,-73.976806,member
1508617,7DC040A947DB79EF,electric_bike,2021-07-19 20:27:44,2021-07-19 20:44:25,Columbia St & Rivington St,5365,Cliff St & Fulton St,5065,40.71739973,-73.98016555,40.70838,-74.00495,member
1508619,FD5CEDB7DDB07DC0,classic_bike,2021-07-21 07:23:55,2021-07-21 07:39:51,Columbia St & Rivington St,5365,Cliff St & Fulton St,5065,40.71739973,-73.98016555,40.70838,-74.00495,member
1508626,E0A6713DCECCCB02,electric_bike,2021-07-23 01:07:19,2021-07-23 01:23:13,Columbia St & Rivington St,5365,Kent Ave & N 7 St,5489,40.71739973,-73.98016555,40.72036775298455,-73.96165072917938,casual
1508633,A0544A689E5171C5,classic_bike,2021-07-20 10:32:23,2021-07-20 10:51:01,Columbia St & Rivington St,5365,Cliff St & Fulton St,5065,40.71739973,-73.98016555,40.70838,-74.00495,casual
1508712,3EECC1EBD0062379,electric_bike,2021-07-14 20:08:35,2021-07-14 20:22:59,Columbia St & Rivington St,5365,Kent Ave & N 7 St,5489,40.71739973,-73.98016555,40.72036775298455,-73.96165072917938,member
1509890,1E2B33D917F3A555,electric_bike,2021-07-21 20:23:24,2021-07-21 20:38:51,Columbia St & Rivington St,5365,Kent Ave & N 7 St,5489,40.71739973,-73.98016555,40.72036775298455,-73.96165072917938,casual
1509896,A25E462F87240EAF,electric_bike,2021-07-04 22:13:23,2021-07-04 22:43:30,Columbia St & Rivington St,5365,Greene Ave & Nostrand Ave,4519,40.71739973,-73.98016555,40.6883337,-73.950916,member
1509898,E335467228EA06D3,classic_bike,2021-07-14 07:24:24,2021-07-14 07:36:29,Columbia St & Rivington St,5365,Cliff St & Fulton St,5065,40.71739973,-73.98016555,40.70838,-74.00495,member
1510391,6CA3EDD62DED7735,classic_bike,2021-07-25 17:58:56,2021-07-25 18:43:07,Columbia St & Rivington St,5365,Lexington Ave & E 26 St,6089,40.71739973,-73.98016555,40.741459,-73.983293,member
1510412,C5D38C432D9CC306,classic_bike,2021-07-16 12:35:55,2021-07-16 12:56:31,Columbia St & Rivington St,5365,Lexington Ave & E 26 St,6089,40.71739973,-73.98016555,40.741459,-73.983293,casual
1524236,E15CF5FFC3EA2D25,classic_bike,2021-07-27 08:35:14,2021-07-27 08:41:59,Columbia St & Rivington St,5365,E 13 St & Avenue A,5779,40.71739973,-73.98016555,40.72966729392978,-73.98067966103554,member
1524240,413B8AE3DB837EC4,classic_bike,2021-07-12 10:22:15,2021-07-12 10:31:52,Columbia St & Rivington St,5365,1 Ave & E 18 St,5854,40.71739973,-73.98016555,40.73381219196632,-73.98054420948029,member
1524249,F619CFA002922DE7,classic_bike,2021-07-30 18:09:56,2021-07-30 18:28:45,Columbia St & Rivington St,5365,1 Ave & E 18 St,5854,40.71739973,-73.98016555,40.73381219196632,-73.98054420948029,member
1524271,FF94146BC91B4689,classic_bike,2021-07-20 09:00:12,2021-07-20 09:08:47,Columbia St & Rivington St,5365,E 13 St & Avenue A,5779,40.71739973,-73.98016555,40.72966729392978,-73.98067966103554,member
1524338,3D734236E767DD49,classic_bike,2021-07-17 13:04:25,2021-07-17 13:11:00,Columbia St & Rivington St,5365,E 13 St & Avenue A,5779,40.71739973,-73.98016555,40.72966729392978,-73.98067966103554,member
1524369,3F3A6F01198F634B,electric_bike,2021-07-15 08:29:52,2021-07-15 08:48:00,Columbia St & Rivington St,5365,Milton St & Franklin St,5752,40.71739973,-73.98016555,40.72906,-73.95779,member
1524370,A4D97FAC3CA58609,classic_bike,2021-07-25 14:45:21,2021-07-25 15:17:53,Columbia St & Rivington St,5365,Broadway & W 37 St,6441,40.71739973,-73.98016555,40.75172632,-73.98753523,member
1524448,4CE88BB32179BCEE,classic_bike,2021-07-04 18:00:28,2021-07-04 18:09:20,Columbia St & Rivington St,5365,1 Ave & E 18 St,5854,40.71739973,-73.98016555,40.73381219196632,-73.98054420948029,member
1524456,BD8F5CE11BF0DC7B,classic_bike,2021-07-29 16:58:45,2021-07-29 17:10:03,Columbia St & Rivington St,5365,1 Ave & E 18 St,5854,40.71739973,-73.98016555,40.73381219196632,-73.98054420948029,member
1524460,D70A1194BDA6D38C,electric_bike,2021-07-13 19:00:19,2021-07-13 19:09:21,Columbia St & Rivington St,5365,E 13 St & Avenue A,5779,40.71739973,-73.98016555,40.72966729392978,-73.98067966103554,casual
1524466,72EF973F3DEF4782,electric_bike,2021-07-20 15:50:12,2021-07-20 16:05:24,Columbia St & Rivington St,5365,E 13 St & Avenue A,5779,40.71739973,-73.98016555,40.72966729392978,-73.98067966103554,casual
1524523,47A71F573B513569,classic_bike,2021-07-29 13:52:58,2021-07-29 14:03:30,Columbia St & Rivington St,5365,1 Ave & E 18 St,5854,40.71739973,-73.98016555,40.73381219196632,-73.98054420948029,member
1524524,AC4986109844D52E,classic_bike,2021-07-11 14:14:58,2021-07-11 14:28:13,Columbia St & Rivington St,5365,E 13 St & Avenue A,5779,40.71739973,-73.98016555,40.72966729392978,-73.98067966103554,member
1530926,3D14C790473885E2,classic_bike,2021-07-07 13:09:14,2021-07-07 13:24:30,Columbia St & Rivington St,5365,1 Ave & E 18 St,5854,40.71739973,-73.98016555,40.73381219196632,-73.98054420948029,casual
1531016,E552247B6AE5191A,electric_bike,2021-07-13 18:38:15,2021-07-13 19:01:36,Columbia St & Rivington St,5365,Milton St & Franklin St,5752,40.71739973,-73.98016555,40.72906,-73.95779,casual
1531081,F0F2AB570B018276,classic_bike,2021-07-26 19:05:54,2021-07-26 19:14:06,Columbia St & Rivington St,5365,E 13 St & Avenue A,5779,40.71739973,-73.98016555,40.72966729392978,-73.98067966103554,member
1531097,70FC2CFC1EC8EB89,classic_bike,2021-07-05 20:24:09,2021-07-05 21:17:27,Columbia St & Rivington St,5365,12 Ave & W 40 St,6765,40.71739973,-73.98016555,40.76087502,-74.00277668,member
1550066,DD8D3895182A7258,classic_bike,2021-07-26 07:51:38,2021-07-26 07:59:58,Columbia St & Rivington St,5365,E 13 St & Avenue A,5779,40.71739973,-73.98016555,40.72966729392978,-73.98067966103554,member
1562056,AE9A656FD3B32B86,classic_bike,2021-07-18 17:00:28,2021-07-18 17:10:06,Columbia St & Rivington St,5365,Allen St & Rivington St,5414,40.71739973,-73.98016555,40.72019576,-73.98997825,casual
1562057,F7DCB723885D0C34,classic_bike,2021-07-13 13:38:40,2021-07-13 13:55:54,Columbia St & Rivington St,5365,Fulton St & William St,5137,40.71739973,-73.98016555,40.70960089363537,-74.00655090808868,member
1562071,B81E2713B8B18B16,classic_bike,2021-07-21 12:15:00,2021-07-21 12:24:23,Columbia St & Rivington St,5365,Allen St & Rivington St,5414,40.71739973,-73.98016555,40.72019576,-73.98997825,member
1562079,EEC69667B2A56212,electric_bike,2021-07-21 18:36:35,2021-07-21 18:46:13,Columbia St & Rivington St,5365,Allen St & Rivington St,5414,40.71739973,-73.98016555,40.72019576,-73.98997825,member
1562086,EF6C7B7E268CFF45,classic_bike,2021-07-07 11:07:21,2021-07-07 11:12:44,Columbia St & Rivington St,5365,Allen St & Rivington St,5414,40.71739973,-73.98016555,40.72019576,-73.98997825,member
1562103,04763616DDF30E87,electric_bike,2021-07-07 14:47:31,2021-07-07 14:58:37,Columbia St & Rivington St,5365,Fulton St & William St,5137,40.71739973,-73.98016555,40.70960089363537,-74.00655090808868,member
1562107,370E568DD4FA3CF2,electric_bike,2021-07-08 18:46:50,2021-07-08 18:52:59,Columbia St & Rivington St,5365,Allen St & Rivington St,5414,40.71739973,-73.98016555,40.72019576,-73.98997825,casual
1562108,A1DBA80A554FD951,classic_bike,2021-07-15 16:20:53,2021-07-15 16:53:45,Columbia St & Rivington St,5365,Murray St & West St,5329,40.71739973,-73.98016555,40.7149787,-74.013012,casual
1562118,22D19428D64F76E0,classic_bike,2021-07-29 09:16:30,2021-07-29 09:23:55,Columbia St & Rivington St,5365,Allen St & Rivington St,5414,40.71739973,-73.98016555,40.72019576,-73.98997825,member
1562119,8DB6E6F3C5152393,classic_bike,2021-07-28 11:30:54,2021-07-28 11:38:02,Columbia St & Rivington St,5365,Allen St & Rivington St,5414,40.71739973,-73.98016555,40.72019576,-73.98997825,member
1562127,03A971729E6B60D9,electric_bike,2021-07-19 14:43:00,2021-07-19 14:54:08,Columbia St & Rivington St,5365,Fulton St & William St,5137,40.71739973,-73.98016555,40.70960089363537,-74.00655090808868,member
1562129,F534B8C61E37B090,classic_bike,2021-07-15 16:20:43,2021-07-15 16:53:45,Columbia St & Rivington St,5365,Murray St & West St,5329,40.71739973,-73.98016555,40.7149787,-74.013012,casual
1562149,5D61DD80D9692501,electric_bike,2021-07-20 20:28:57,2021-07-20 20:52:28,Columbia St & Rivington St,5365,Allen St & Rivington St,5414,40.71739973,-73.98016555,40.72019576,-73.98997825,casual
1562154,6BC270E6471D2D69,classic_bike,2021-07-05 15:05:46,2021-07-05 15:12:26,Columbia St & Rivington St,5365,Allen St & Rivington St,5414,40.71739973,-73.98016555,40.72019576,-73.98997825,member
1562168,70E366E47DB9592A,classic_bike,2021-07-09 13:51:59,2021-07-09 14:08:40,Columbia St & Rivington St,5365,Broadway & Berry St,5164,40.71739973,-73.98016555,40.71044554,-73.96525063,casual
1563003,BDB69A707241B969,classic_bike,2021-07-27 12:34:28,2021-07-27 12:40:40,Columbia St & Rivington St,5365,Allen St & Rivington St,5414,40.71739973,-73.98016555,40.72019576,-73.98997825,member
1575242,9E4AEBC6029F4CC1,electric_bike,2021-07-07 22:54:53,2021-07-07 23:07:45,Columbia St & Rivington St,5365,E 2 St & Avenue C,5476,40.71739973,-73.98016555,40.7208736,-73.98085795,member
1575254,C8A3022AEAC33CFE,electric_bike,2021-07-05 03:51:33,2021-07-05 03:53:27,Columbia St & Rivington St,5365,E 2 St & Avenue C,5476,40.71739973,-73.98016555,40.7208736,-73.98085795,member
1575255,866AF0DB36123B4C,electric_bike,2021-07-10 02:30:39,2021-07-10 02:32:16,Columbia St & Rivington St,5365,E 2 St & Avenue C,5476,40.71739973,-73.98016555,40.7208736,-73.98085795,member
1575256,C01CB55B3C58CBE8,electric_bike,2021-07-10 00:31:48,2021-07-10 00:36:22,Columbia St & Rivington St,5365,E 2 St & Avenue C,5476,40.71739973,-73.98016555,40.7208736,-73.98085795,member
1575260,02AF3A71A03F835E,classic_bike,2021-07-30 10:39:03,2021-07-30 10:42:12,Columbia St & Rivington St,5365,E 2 St & Avenue C,5476,40.71739973,-73.98016555,40.7208736,-73.98085795,member
1575262,5CDB811856CBE84F,classic_bike,2021-07-22 20:06:40,2021-07-22 20:09:51,Columbia St & Rivington St,5365,E 2 St & Avenue C,5476,40.71739973,-73.98016555,40.7208736,-73.98085795,member
1575265,C1DA2C41B8C049F9,electric_bike,2021-07-22 22:03:05,2021-07-22 22:12:38,Columbia St & Rivington St,5365,E 2 St & Avenue C,5476,40.71739973,-73.98016555,40.7208736,-73.98085795,member
1575267,37115C948015E4A6,classic_bike,2021-07-19 20:04:52,2021-07-19 20:14:48,Columbia St & Rivington St,5365,E 11 St & 1 Ave,5746,40.71739973,-73.98016555,40.72953837,-73.98426726,member
1579519,05319DD48D6D92CC,classic_bike,2021-07-31 14:07:15,2021-07-31 14:14:00,Columbia St & Rivington St,5365,E 2 St & Avenue C,5476,40.71739973,-73.98016555,40.7208736,-73.98085795,member
1579522,7C3CA446541123A0,classic_bike,2021-07-05 09:04:14,2021-07-05 09:10:55,Columbia St & Rivington St,5365,E 11 St & 1 Ave,5746,40.71739973,-73.98016555,40.72953837,-73.98426726,member
1579523,CEE87F718176E34C,classic_bike,2021-07-04 20:04:40,2021-07-04 20:11:16,Columbia St & Rivington St,5365,E 11 St & 1 Ave,5746,40.71739973,-73.98016555,40.72953837,-73.98426726,member
1579524,A575214759659AEB,classic_bike,2021-07-02 14:28:03,2021-07-02 14:35:11,Columbia St & Rivington St,5365,E 11 St & 1 Ave,5746,40.71739973,-73.98016555,40.72953837,-73.98426726,member
1579533,03138C4CA41997B4,electric_bike,2021-07-31 18:12:52,2021-07-31 18:23:15,Columbia St & Rivington St,5365,E 2 St & Avenue C,5476,40.71739973,-73.98016555,40.7208736,-73.98085795,member
1579546,6DDF67A15AB9216B,classic_bike,2021-07-22 13:57:46,2021-07-22 14:00:56,Columbia St & Rivington St,5365,E 2 St & Avenue C,5476,40.71739973,-73.98016555,40.7208736,-73.98085795,casual
1579547,53687E282BAF156F,classic_bike,2021-07-28 15:04:51,2021-07-28 15:15:29,Columbia St & Rivington St,5365,E 2 St & Avenue C,5476,40.71739973,-73.98016555,40.7208736,-73.98085795,casual
1579553,626E7FB8198C58F6,electric_bike,2021-07-05 18:15:11,2021-07-05 18:24:50,Columbia St & Rivington St,5365,E 11 St & 1 Ave,5746,40.71739973,-73.98016555,40.72953837,-73.98426726,member
1579577,AF20FB1F1E24973A,electric_bike,2021-07-22 18:26:39,2021-07-22 18:29:32,Columbia St & Rivington St,5365,E 2 St & Avenue C,5476,40.71739973,-73.98016555,40.7208736,-73.98085795,member
1579578,9B18D404012DCE5F,electric_bike,2021-07-02 21:09:29,2021-07-02 21:11:57,Columbia St & Rivington St,5365,E 2 St & Avenue C,5476,40.71739973,-73.98016555,40.7208736,-73.98085795,member
1579579,28C1891F089E3729,classic_bike,2021-07-04 02:34:48,2021-07-04 02:38:54,Columbia St & Rivington St,5365,E 2 St & Avenue C,5476,40.71739973,-73.98016555,40.7208736,-73.98085795,member
1579580,4CF0E0500060F346,electric_bike,2021-07-04 05:06:22,2021-07-04 05:08:35,Columbia St & Rivington St,5365,E 2 St & Avenue C,5476,40.71739973,-73.98016555,40.7208736,-73.98085795,member
1579582,02AB760D6F095F8C,electric_bike,2021-07-14 08:24:33,2021-07-14 08:38:14,Columbia St & Rivington St,5365,E 11 St & 1 Ave,5746,40.71739973,-73.98016555,40.72953837,-73.98426726,member
1579612,A70528FF1CD9561C,classic_bike,2021-07-14 11:03:43,2021-07-14 11:06:29,Columbia St & Rivington St,5365,E 2 St & Avenue C,5476,40.71739973,-73.98016555,40.7208736,-73.98085795,member
1579616,015A247CB8BD3D5B,classic_bike,2021-07-08 14:37:15,2021-07-08 14:39:49,Columbia St & Rivington St,5365,E 2 St & Avenue C,5476,40.71739973,-73.98016555,40.7208736,-73.98085795,member
1579619,D2B6534A6EF8ABE7,electric_bike,2021-07-10 01:36:07,2021-07-10 01:57:48,Columbia St & Rivington St,5365,Broadway & W 36 St,6441,40.71739973,-73.98016555,40.75097711,-73.98765428,member
1579642,22114A16FFE47362,classic_bike,2021-07-13 06:12:40,2021-07-13 06:17:17,Columbia St & Rivington St,5365,E 2 St & Avenue C,5476,40.71739973,-73.98016555,40.7208736,-73.98085795,member
1579643,EEB2BACC5E7F9C62,classic_bike,2021-07-24 20:18:06,2021-07-24 20:20:15,Columbia St & Rivington St,5365,E 2 St & Avenue C,5476,40.71739973,-73.98016555,40.7208736,-73.98085795,member
1579646,3B2DF2CB61013074,classic_bike,2021-07-15 16:02:25,2021-07-15 16:05:07,Columbia St & Rivington St,5365,E 2 St & Avenue C,5476,40.71739973,-73.98016555,40.7208736,-73.98085795,member
1579651,1966E374D76BD8E9,classic_bike,2021-07-28 19:16:57,2021-07-28 19:31:16,Columbia St & Rivington St,5365,E 11 St & 1 Ave,5746,40.71739973,-73.98016555,40.72953837,-73.98426726,member
1579652,28F113AE3D462A64,docked_bike,2021-07-04 21:08:00,2021-07-04 22:05:20,Columbia St & Rivington St,5365,E 2 St & Avenue C,5476,40.7174,-73.980166,40.720874,-73.980858,casual
1579654,DB9302A2AD1C94C1,classic_bike,2021-07-30 13:34:28,2021-07-30 13:44:16,Columbia St & Rivington St,5365,E 11 St & 1 Ave,5746,40.71739973,-73.98016555,40.72953837,-73.98426726,casual
1579670,D19B88A701459798,electric_bike,2021-07-22 07:57:13,2021-07-22 08:04:58,Columbia St & Rivington St,5365,E 11 St & 1 Ave,5746,40.71739973,-73.98016555,40.72953837,-73.98426726,member
1579692,3DDA1722A9DB56F3,electric_bike,2021-07-17 18:04:31,2021-07-17 18:07:42,Columbia St & Rivington St,5365,E 2 St & Avenue C,5476,40.71739973,-73.98016555,40.7208736,-73.98085795,member
1579693,82F0EBB7DD5345BD,classic_bike,2021-07-16 20:25:59,2021-07-16 20:29:04,Columbia St & Rivington St,5365,E 2 St & Avenue C,5476,40.71739973,-73.98016555,40.7208736,-73.98085795,member
1579698,BD30680A63FAD4CD,electric_bike,2021-07-13 11:47:59,2021-07-13 11:54:22,Columbia St & Rivington St,5365,E 11 St & 1 Ave,5746,40.71739973,-73.98016555,40.72953837,-73.98426726,member
1579700,294B3DA446082D25,electric_bike,2021-07-15 06:03:14,2021-07-15 06:06:07,Columbia St & Rivington St,5365,E 2 St & Avenue C,5476,40.71739973,-73.98016555,40.7208736,-73.98085795,member
1579709,7DBB32AEB6C3E48C,classic_bike,2021-07-16 06:12:01,2021-07-16 06:15:10,Columbia St & Rivington St,5365,E 2 St & Avenue C,5476,40.71739973,-73.98016555,40.7208736,-73.98085795,member
1608399,CF9150267F000523,electric_bike,2021-07-07 14:36:58,2021-07-07 15:31:48,Columbia St & Rivington St,5365,E 72 St & York Ave,6889,40.71739973,-73.98016555,40.76663814,-73.95348296,casual
1619986,30D21BECD032C9B0,electric_bike,2021-07-13 21:40:59,2021-07-13 22:22:22,Columbia St & Rivington St,5365,Rivington St & Ridge St,5406,40.71739973,-73.98016555,40.71850211,-73.98329859,member
1619991,AA3E307F049AE9B1,electric_bike,2021-07-18 17:24:32,2021-07-18 17:35:32,Columbia St & Rivington St,5365,Rivington St & Ridge St,5406,40.71739973,-73.98016555,40.71850211,-73.98329859,member
1620000,D19A6A8C0E4F9E8B,electric_bike,2021-07-15 22:51:46,2021-07-15 22:56:08,Columbia St & Rivington St,5365,Rivington St & Ridge St,5406,40.71739973,-73.98016555,40.71850211,-73.98329859,member
1620852,5863E36BB9F7387E,classic_bike,2021-07-26 15:50:30,2021-07-26 15:57:14,Columbia St & Rivington St,5365,Rivington St & Ridge St,5406,40.71739973,-73.98016555,40.71850211,-73.98329859,member
1620863,8389A3143855A806,classic_bike,2021-07-18 15:05:15,2021-07-18 15:07:22,Columbia St & Rivington St,5365,Rivington St & Ridge St,5406,40.71739973,-73.98016555,40.71850211,-73.98329859,casual
1623183,A5E29A86B85C1D1E,classic_bike,2021-07-11 11:27:13,2021-07-11 11:31:04,Columbia St & Rivington St,5365,Rivington St & Ridge St,5406,40.71739973,-73.98016555,40.71850211,-73.98329859,member
1623185,104D4D69A73C0D37,classic_bike,2021-07-30 21:19:29,2021-07-30 21:27:38,Columbia St & Rivington St,5365,Rivington St & Ridge St,5406,40.71739973,-73.98016555,40.71850211,-73.98329859,member
1623193,761E8DFB20766510,electric_bike,2021-07-23 21:13:47,2021-07-23 21:19:20,Columbia St & Rivington St,5365,Rivington St & Ridge St,5406,40.71739973,-73.98016555,40.71850211,-73.98329859,member
1623196,E7D4C45988F6C2E2,electric_bike,2021-07-20 00:35:11,2021-07-20 00:46:35,Columbia St & Rivington St,5365,Rivington St & Ridge St,5406,40.71739973,-73.98016555,40.71850211,-73.98329859,member
1623201,DC0189015065CBFE,classic_bike,2021-07-04 12:04:35,2021-07-04 12:10:00,Columbia St & Rivington St,5365,Rivington St & Ridge St,5406,40.71739973,-73.98016555,40.71850211,-73.98329859,member
1623202,1795FECE595F0C6E,classic_bike,2021-07-02 12:05:38,2021-07-02 12:09:05,Columbia St & Rivington St,5365,Rivington St & Ridge St,5406,40.71739973,-73.98016555,40.71850211,-73.98329859,member
1625451,91B4CEBB834C8EA3,electric_bike,2021-07-21 18:43:26,2021-07-21 18:57:36,Columbia St & Rivington St,5365,N 6 St & Bedford Ave,5379,40.71739973,-73.98016555,40.71745169,-73.95850939,member
1625465,7B85059296C7385E,classic_bike,2021-07-03 11:25:23,2021-07-03 11:27:44,Columbia St & Rivington St,5365,Rivington St & Ridge St,5406,40.71739973,-73.98016555,40.71850211,-73.98329859,member
1625470,BD39CDCA0E317287,classic_bike,2021-07-14 15:21:36,2021-07-14 15:35:22,Columbia St & Rivington St,5365,E 15 St & 3 Ave,5863,40.71739973,-73.98016555,40.734232,-73.986923,member
1625476,D8F86E7B8892FCF9,classic_bike,2021-07-04 20:46:06,2021-07-04 21:01:18,Columbia St & Rivington St,5365,Rivington St & Ridge St,5406,40.71739973,-73.98016555,40.71850211,-73.98329859,member
1625484,CA3F2C4B77C75B55,classic_bike,2021-07-11 08:39:56,2021-07-11 08:42:37,Columbia St & Rivington St,5365,Rivington St & Ridge St,5406,40.71739973,-73.98016555,40.71850211,-73.98329859,member
1625485,6DF0EA5A1814D4C0,classic_bike,2021-07-31 13:16:21,2021-07-31 13:18:33,Columbia St & Rivington St,5365,Rivington St & Ridge St,5406,40.71739973,-73.98016555,40.71850211,-73.98329859,member
1625486,33BFAE60CF1F3AF9,classic_bike,2021-07-30 13:12:06,2021-07-30 13:13:42,Columbia St & Rivington St,5365,Rivington St & Ridge St,5406,40.71739973,-73.98016555,40.71850211,-73.98329859,member
1625492,BBE697B6783D2F44,classic_bike,2021-07-14 14:21:08,2021-07-14 14:23:26,Columbia St & Rivington St,5365,Rivington St & Ridge St,5406,40.71739973,-73.98016555,40.71850211,-73.98329859,member
1625498,D1B0ACF01C73F81A,electric_bike,2021-07-28 17:31:20,2021-07-28 17:44:49,Columbia St & Rivington St,5365,Rivington St & Ridge St,5406,40.71739973,-73.98016555,40.71850211,-73.98329859,member
1625499,7B446656C667481F,classic_bike,2021-07-21 23:38:06,2021-07-21 23:47:15,Columbia St & Rivington St,5365,Rivington St & Ridge St,5406,40.71739973,-73.98016555,40.71850211,-73.98329859,member
1625502,37E8F6CFF7F9733A,classic_bike,2021-07-28 15:57:00,2021-07-28 16:01:58,Columbia St & Rivington St,5365,Rivington St & Ridge St,5406,40.71739973,-73.98016555,40.71850211,-73.98329859,member
1625505,16F1D0784D716E60,classic_bike,2021-07-26 21:56:40,2021-07-26 21:58:48,Columbia St & Rivington St,5365,Rivington St & Ridge St,5406,40.71739973,-73.98016555,40.71850211,-73.98329859,member
1625514,142CE690260A74EF,electric_bike,2021-07-04 05:37:20,2021-07-04 05:46:07,Columbia St & Rivington St,5365,E 15 St & 3 Ave,5863,40.71739973,-73.98016555,40.734232,-73.986923,member
1625532,FA254B7286C78E60,classic_bike,2021-07-08 08:15:00,2021-07-08 08:17:04,Columbia St & Rivington St,5365,Rivington St & Ridge St,5406,40.71739973,-73.98016555,40.71850211,-73.98329859,member
1625549,D4CCAAFBB92BA43A,classic_bike,2021-07-12 15:10:59,2021-07-12 15:13:39,Columbia St & Rivington St,5365,Rivington St & Ridge St,5406,40.71739973,-73.98016555,40.71850211,-73.98329859,member
1627409,40686DB7D8891132,classic_bike,2021-07-27 12:27:20,2021-07-27 12:40:07,Columbia St & Rivington St,5365,E 15 St & 3 Ave,5863,40.71739973,-73.98016555,40.734232,-73.986923,member
1627416,723189A92B1A4D3D,classic_bike,2021-07-04 22:36:13,2021-07-04 22:40:58,Columbia St & Rivington St,5365,Rivington St & Ridge St,5406,40.71739973,-73.98016555,40.71850211,-73.98329859,member
1627418,71BE5D9F9682323E,electric_bike,2021-07-02 17:41:19,2021-07-02 17:51:55,Columbia St & Rivington St,5365,Rivington St & Ridge St,5406,40.71739973,-73.98016555,40.71850211,-73.98329859,member
1631927,CB78B924BE504E03,classic_bike,2021-07-13 14:51:56,2021-07-13 15:04:24,Columbia St & Rivington St,5365,W 13 St & 7 Ave,6030,40.71739973,-73.98016555,40.73781509,-73.99994661,member
1631931,0E87A9608B5ACE33,classic_bike,2021-07-14 08:19:00,2021-07-14 08:21:43,Columbia St & Rivington St,5365,Rivington St & Ridge St,5406,40.71739973,-73.98016555,40.71850211,-73.98329859,member
1631956,5325ACB72CB870FF,electric_bike,2021-07-07 12:42:32,2021-07-07 12:52:11,Columbia St & Rivington St,5365,E 15 St & 3 Ave,5863,40.71739973,-73.98016555,40.734232,-73.986923,member
1631957,E913314773F3ABB0,classic_bike,2021-07-28 11:08:42,2021-07-28 11:12:59,Columbia St & Rivington St,5365,Rivington St & Ridge St,5406,40.71739973,-73.98016555,40.71850211,-73.98329859,member
1631978,66FFA0305D3A712C,classic_bike,2021-07-19 14:53:44,2021-07-19 14:58:56,Columbia St & Rivington St,5365,Rivington St & Ridge St,5406,40.71739973,-73.98016555,40.71850211,-73.98329859,member
1631981,A199687DE6342E96,classic_bike,2021-07-23 21:42:41,2021-07-23 21:45:18,Columbia St & Rivington St,5365,Rivington St & Ridge St,5406,40.71739973,-73.98016555,40.71850211,-73.98329859,member
1631988,77A149D5CD01CCF9,classic_bike,2021-07-07 19:28:52,2021-07-07 19:44:02,Columbia St & Rivington St,5365,Rivington St & Ridge St,5406,40.71739973,-73.98016555,40.71850211,-73.98329859,member
1632028,DB6F0D2A4F13EEF1,classic_bike,2021-07-06 13:27:21,2021-07-06 13:29:18,Columbia St & Rivington St,5365,Rivington St & Ridge St,5406,40.71739973,-73.98016555,40.71850211,-73.98329859,member
1632031,0C18C60C0C19C405,classic_bike,2021-07-21 22:52:12,2021-07-21 23:36:44,Columbia St & Rivington St,5365,E 44 St & Lexington Ave,6464,40.71739973,-73.98016555,40.752643,-73.974996,member
1632035,3802EC5C2A5C65E9,classic_bike,2021-07-26 12:17:28,2021-07-26 12:19:31,Columbia St & Rivington St,5365,Rivington St & Ridge St,5406,40.71739973,-73.98016555,40.71850211,-73.98329859,member
1632039,87C55B52BBAE23BC,classic_bike,2021-07-06 15:31:49,2021-07-06 16:00:10,Columbia St & Rivington St,5365,Rivington St & Ridge St,5406,40.71739973,-73.98016555,40.71850211,-73.98329859,member
1632053,F9A25B157C3DCA47,electric_bike,2021-07-04 01:22:45,2021-07-04 01:24:55,Columbia St & Rivington St,5365,Rivington St & Ridge St,5406,40.71739973,-73.98016555,40.71850211,-73.98329859,member
1632054,8CDD91EED7AD13D5,electric_bike,2021-07-03 20:39:19,2021-07-03 21:10:52,Columbia St & Rivington St,5365,Rivington St & Ridge St,5406,40.71739973,-73.98016555,40.71850211,-73.98329859,member
1632089,EAD0827FB80F2952,electric_bike,2021-07-20 14:04:46,2021-07-20 14:06:58,Columbia St & Rivington St,5365,Rivington St & Ridge St,5406,40.71739973,-73.98016555,40.71850211,-73.98329859,member
1632095,DF07663F72045B33,classic_bike,2021-07-30 17:00:36,2021-07-30 17:23:05,Columbia St & Rivington St,5365,E 44 St & Lexington Ave,6464,40.71739973,-73.98016555,40.752643,-73.974996,member
1632805,859D1330F2ADF308,electric_bike,2021-07-27 13:11:11,2021-07-27 13:21:18,Columbia St & Rivington St,5365,E 5 St & Cooper Sq,5712,40.71739973,-73.98016555,40.72769,-73.990993,casual
1632862,5EE55FE31649F40D,classic_bike,2021-07-23 00:20:12,2021-07-23 00:23:38,Columbia St & Rivington St,5365,Rivington St & Ridge St,5406,40.71739973,-73.98016555,40.71850211,-73.98329859,member
1632863,1162BF0D98B43607,classic_bike,2021-07-24 06:09:06,2021-07-24 06:19:09,Columbia St & Rivington St,5365,Rivington St & Ridge St,5406,40.71739973,-73.98016555,40.71850211,-73.98329859,member
1632877,9984CCEFF3E7F0FF,electric_bike,2021-07-14 00:18:36,2021-07-14 00:20:08,Columbia St & Rivington St,5365,Rivington St & Ridge St,5406,40.71739973,-73.98016555,40.71850211,-73.98329859,member
1632889,B022B0E893AE0486,classic_bike,2021-07-10 03:56:09,2021-07-10 04:04:00,Columbia St & Rivington St,5365,Rivington St & Ridge St,5406,40.71739973,-73.98016555,40.71850211,-73.98329859,casual
1632931,A395CFF7E07F4ADC,classic_bike,2021-07-24 14:04:39,2021-07-24 14:06:33,Columbia St & Rivington St,5365,Rivington St & Ridge St,5406,40.71739973,-73.98016555,40.71850211,-73.98329859,member
1637969,1EFCF528504BBC87,electric_bike,2021-07-11 08:26:34,2021-07-11 08:34:16,Columbia St & Rivington St,5365,Rivington St & Ridge St,5406,40.71739973,-73.98016555,40.71850211,-73.98329859,casual
1637975,C0305B15A2FD29F2,electric_bike,2021-07-16 09:30:09,2021-07-16 09:39:40,Columbia St & Rivington St,5365,E 5 St & Cooper Sq,5712,40.71739973,-73.98016555,40.72769,-73.990993,casual
1638444,7956F712D63162F7,classic_bike,2021-07-26 07:28:48,2021-07-26 07:31:14,Columbia St & Rivington St,5365,Rivington St & Ridge St,5406,40.71739973,-73.98016555,40.71850211,-73.98329859,member
1638454,D81983273C63D6D7,classic_bike,2021-07-31 09:40:39,2021-07-31 09:47:08,Columbia St & Rivington St,5365,Rivington St & Ridge St,5406,40.71739973,-73.98016555,40.71850211,-73.98329859,member
1638455,2A824FA9DF016ECB,classic_bike,2021-07-19 13:37:03,2021-07-19 13:39:06,Columbia St & Rivington St,5365,Rivington St & Ridge St,5406,40.71739973,-73.98016555,40.71850211,-73.98329859,member
1638458,413E4759FD8C8E75,classic_bike,2021-07-24 10:52:16,2021-07-24 10:55:20,Columbia St & Rivington St,5365,Rivington St & Ridge St,5406,40.71739973,-73.98016555,40.71850211,-73.98329859,member
1638462,02C7DF04474D3499,classic_bike,2021-07-10 22:53:00,2021-07-10 23:07:00,Columbia St & Rivington St,5365,Rivington St & Ridge St,5406,40.71739973,-73.98016555,40.71850211,-73.98329859,member
1638482,7B9387001A92AD2C,classic_bike,2021-07-11 04:05:23,2021-07-11 04:28:24,Columbia St & Rivington St,5365,E 15 St & 3 Ave,5863,40.71739973,-73.98016555,40.734232,-73.986923,casual
1638487,67B01C22FD07FC3E,electric_bike,2021-07-31 12:19:16,2021-07-31 12:35:16,Columbia St & Rivington St,5365,N 6 St & Bedford Ave,5379,40.71739973,-73.98016555,40.71745169,-73.95850939,casual
1638492,694518C58205843E,classic_bike,2021-07-07 15:52:13,2021-07-07 15:55:29,Columbia St & Rivington St,5365,Rivington St & Ridge St,5406,40.71739973,-73.98016555,40.71850211,-73.98329859,member
1639832,A017E2CF88D46C9D,electric_bike,2021-07-05 12:04:23,2021-07-05 12:19:49,Columbia St & Rivington St,5365,Montrose Ave & Bushwick Ave,5068,40.71739973,-73.98016555,40.70767788,-73.94016171,member
1639837,B13B92AADEBECE15,classic_bike,2021-07-23 19:22:09,2021-07-23 19:25:24,Columbia St & Rivington St,5365,Rivington St & Ridge St,5406,40.71739973,-73.98016555,40.71850211,-73.98329859,casual
1639843,14BA98403C303992,classic_bike,2021-07-10 17:35:00,2021-07-10 17:37:13,Columbia St & Rivington St,5365,Rivington St & Ridge St,5406,40.71739973,-73.98016555,40.71850211,-73.98329859,member
1639862,B8F0E913EA9F64DC,classic_bike,2021-07-21 16:19:43,2021-07-21 16:22:20,Columbia St & Rivington St,5365,Rivington St & Ridge St,5406,40.71739973,-73.98016555,40.71850211,-73.98329859,member
1639909,C99E7F1C586CDC6E,classic_bike,2021-07-19 18:26:05,2021-07-19 18:36:56,Columbia St & Rivington St,5365,Rivington St & Ridge St,5406,40.71739973,-73.98016555,40.71850211,-73.98329859,member
1639920,55072256D67B02E2,classic_bike,2021-07-11 09:41:08,2021-07-11 09:43:30,Columbia St & Rivington St,5365,Rivington St & Ridge St,5406,40.71739973,-73.98016555,40.71850211,-73.98329859,member
1639924,6A4391E8C9716FED,classic_bike,2021-07-12 21:08:23,2021-07-12 21:10:45,Columbia St & Rivington St,5365,Rivington St & Ridge St,5406,40.71739973,-73.98016555,40.71850211,-73.98329859,member
1639925,8A287F9C54D36301,classic_bike,2021-07-15 08:38:58,2021-07-15 09:13:22,Columbia St & Rivington St,5365,Rivington St & Ridge St,5406,40.71739973,-73.98016555,40.71850211,-73.98329859,member
1639928,60916FABCFBE8C45,classic_bike,2021-07-30 16:45:31,2021-07-30 17:04:00,Columbia St & Rivington St,5365,Rivington St & Ridge St,5406,40.71739973,-73.98016555,40.71850211,-73.98329859,member
1640476,BB4DCBA21DBAB16C,classic_bike,2021-07-04 11:56:29,2021-07-04 12:48:12,Columbia St & Rivington St,5365,Rivington St & Ridge St,5406,40.71739973,-73.98016555,40.71850211,-73.98329859,member
1641884,CD87FE8D80F8BC1A,classic_bike,2021-07-02 23:30:07,2021-07-02 23:48:25,Columbia St & Rivington St,5365,Rivington St & Ridge St,5406,40.71739973,-73.98016555,40.71850211,-73.98329859,member
1641893,38F4EB2097292326,electric_bike,2021-07-19 12:40:00,2021-07-19 12:50:19,Columbia St & Rivington St,5365,E 15 St & 3 Ave,5863,40.71739973,-73.98016555,40.734232,-73.986923,member
1641898,5C190ECE0EE6916A,classic_bike,2021-07-21 22:52:45,2021-07-21 23:36:32,Columbia St & Rivington St,5365,E 44 St & Lexington Ave,6464,40.71739973,-73.98016555,40.752643,-73.974996,member
1641920,F99CF54CC95263A5,classic_bike,2021-07-04 22:35:32,2021-07-04 22:43:02,Columbia St & Rivington St,5365,Rivington St & Ridge St,5406,40.71739973,-73.98016555,40.71850211,-73.98329859,casual
1641921,E4FAF2CF2B771D51,electric_bike,2021-07-22 02:18:41,2021-07-22 02:20:26,Columbia St & Rivington St,5365,Rivington St & Ridge St,5406,40.71739973,-73.98016555,40.71850211,-73.98329859,casual
1642949,8EA090170928F50C,electric_bike,2021-07-13 21:46:06,2021-07-13 22:22:18,Columbia St & Rivington St,5365,Rivington St & Ridge St,5406,40.71739973,-73.98016555,40.71850211,-73.98329859,casual
1642976,A5E039F76518A081,classic_bike,2021-07-17 02:52:42,2021-07-17 02:59:10,Columbia St & Rivington St,5365,Rivington St & Ridge St,5406,40.71739973,-73.98016555,40.71850211,-73.98329859,member
1642981,A2248B03275D1571,classic_bike,2021-07-05 14:48:38,2021-07-05 14:51:40,Columbia St & Rivington St,5365,Rivington St & Ridge St,5406,40.71739973,-73.98016555,40.71850211,-73.98329859,member
1642984,7C14B8E1C90839DB,electric_bike,2021-07-15 22:50:35,2021-07-15 22:56:20,Columbia St & Rivington St,5365,Rivington St & Ridge St,5406,40.71739973,-73.98016555,40.71850211,-73.98329859,member
1642986,B49E37702ED6BE5E,electric_bike,2021-07-18 13:09:58,2021-07-18 13:11:34,Columbia St & Rivington St,5365,Rivington St & Ridge St,5406,40.71739973,-73.98016555,40.71850211,-73.98329859,member
1642989,DF5EF9AC81A761D2,classic_bike,2021-07-24 17:04:03,2021-07-24 17:06:35,Columbia St & Rivington St,5365,Rivington St & Ridge St,5406,40.71739973,-73.98016555,40.71850211,-73.98329859,member
1642999,47948D1606E306C1,classic_bike,2021-07-08 08:44:41,2021-07-08 08:48:02,Columbia St & Rivington St,5365,Rivington St & Ridge St,5406,40.71739973,-73.98016555,40.71850211,-73.98329859,member
1660652,FEA1EA545DD737A1,classic_bike,2021-07-14 09:01:28,2021-07-14 09:13:22,Columbia St & Rivington St,5365,Centre St & Worth St,5279,40.71739973,-73.98016555,40.71494807,-74.00234482,member
1665350,C270F4D2CDC6DE4B,electric_bike,2021-07-14 01:28:59,2021-07-14 01:51:22,Columbia St & Rivington St,5365,3 Ave & Carroll St,4143,40.71739973,-73.98016555,40.677027,-73.9865,member
1665356,C7F86BB1351A5EDE,electric_bike,2021-07-26 16:13:08,2021-07-26 16:23:00,Columbia St & Rivington St,5365,Centre St & Worth St,5279,40.71739973,-73.98016555,40.71494807,-74.00234482,member
1667338,02C615E689E25DF7,electric_bike,2021-07-05 15:17:08,2021-07-05 15:38:56,Columbia St & Rivington St,5365,Baltic St & 5 Ave,4208,40.71739973,-73.98016555,40.6795766,-73.97854971,member
1668132,7E7ED4561D30A5C6,electric_bike,2021-07-07 08:38:19,2021-07-07 08:50:34,Columbia St & Rivington St,5365,Hudson St & Reade St,5359,40.71739973,-73.98016555,40.71625008,-74.0091059,casual
1677893,2CF5DDCC6443D5B7,classic_bike,2021-07-30 15:46:01,2021-07-30 16:07:57,Columbia St & Rivington St,5365,Lexington Ave & E 24 St,6089,40.71739973,-73.98016555,40.74025878,-73.98409214,member
1678187,848E977B2C4D7920,electric_bike,2021-07-14 20:33:18,2021-07-14 20:47:00,Columbia St & Rivington St,5365,Lexington Ave & E 24 St,6089,40.71739973,-73.98016555,40.74025878,-73.98409214,member
1678207,B5BDDA0397C1B9D8,electric_bike,2021-07-08 18:02:36,2021-07-08 18:18:52,Columbia St & Rivington St,5365,Waterbury St & Stagg St,5099,40.71739973,-73.98016555,40.71019,-73.93734,member
1678228,ECF6FDD226BF8206,classic_bike,2021-07-06 19:15:44,2021-07-06 19:25:12,Columbia St & Rivington St,5365,E 13 St & 2 Ave,5820,40.71739973,-73.98016555,40.73153937464073,-73.9853024482727,member
1679379,EE605544A218ADCD,electric_bike,2021-07-01 08:15:30,2021-07-01 08:36:34,Columbia St & Rivington St,5365,Kent St & McGuinness Blvd,5785,40.71739973,-73.98016555,40.73124,-73.95161,member
1679407,87664EF0FBE07CBE,classic_bike,2021-07-24 14:28:09,2021-07-24 14:40:23,Columbia St & Rivington St,5365,E 13 St & 2 Ave,5820,40.71739973,-73.98016555,40.73153937464073,-73.9853024482727,member
1686487,AE50344935450719,classic_bike,2021-07-17 10:17:24,2021-07-17 10:30:13,Columbia St & Rivington St,5365,E 13 St & 2 Ave,5820,40.71739973,-73.98016555,40.73153937464073,-73.9853024482727,member
1686590,F703FE97215444D4,electric_bike,2021-07-08 14:54:18,2021-07-08 15:29:15,Columbia St & Rivington St,5365,West End Ave & W 60 St,7059,40.71739973,-73.98016555,40.77237,-73.99005,casual
1686622,49F477C199C07F69,classic_bike,2021-07-05 13:20:30,2021-07-05 13:29:47,Columbia St & Rivington St,5365,E 13 St & 2 Ave,5820,40.71739973,-73.98016555,40.73153937464073,-73.9853024482727,member
1686882,0094D9F68CB5F9AF,classic_bike,2021-07-16 14:06:21,2021-07-16 14:15:59,Columbia St & Rivington St,5365,E 13 St & 2 Ave,5820,40.71739973,-73.98016555,40.73153937464073,-73.9853024482727,casual
1686928,C204902F12144CA3,electric_bike,2021-07-22 14:11:23,2021-07-22 14:38:38,Columbia St & Rivington St,5365,Knickerbocker Ave & Halsey St,4623,40.71739973,-73.98016555,40.693,-73.90824,member
1694336,3B32E96E86F1E43B,classic_bike,2021-07-24 11:02:35,2021-07-24 11:17:41,Columbia St & Rivington St,5365,E 13 St & 2 Ave,5820,40.71739973,-73.98016555,40.73153937464073,-73.9853024482727,casual
1710331,98FD777A9A886207,electric_bike,2021-07-06 19:28:43,2021-07-06 19:50:42,Columbia St & Rivington St,5365,Kingsland Ave & Nassau Ave,5613,40.71739973,-73.98016555,40.72577,-73.94173,casual
1724362,BBC59F4B1E2F6363,electric_bike,2021-07-07 16:05:20,2021-07-07 16:23:10,Columbia St & Rivington St,5365,Graham Ave & Conselyea St,5291,40.71739973,-73.98016555,40.715143,-73.944507,casual
1724425,89089B8CB24E6A22,classic_bike,2021-07-14 18:14:49,2021-07-14 18:45:07,Columbia St & Rivington St,5365,Irving Ave & Jefferson St,5051,40.71739973,-73.98016555,40.70538,-73.92535,casual
1724431,3231CDCE661AA7FB,classic_bike,2021-07-19 10:12:00,2021-07-19 10:33:35,Columbia St & Rivington St,5365,Graham Ave & Conselyea St,5291,40.71739973,-73.98016555,40.715143,-73.944507,member
1724432,ED1BA234B19A584C,electric_bike,2021-07-04 22:07:38,2021-07-04 22:27:33,Columbia St & Rivington St,5365,Bushwick Ave & Stagg St,5140,40.71739973,-73.98016555,40.709897,-73.94008,member
1724516,145D516B7A16408E,electric_bike,2021-07-30 16:16:03,2021-07-30 16:32:41,Columbia St & Rivington St,5365,Graham Ave & Conselyea St,5291,40.71739973,-73.98016555,40.715143,-73.944507,member
1724614,DE11AA104D527C6F,classic_bike,2021-07-14 18:15:18,2021-07-14 18:45:06,Columbia St & Rivington St,5365,Irving Ave & Jefferson St,5051,40.71739973,-73.98016555,40.70538,-73.92535,casual
1724672,52316C013BA5456F,electric_bike,2021-07-19 19:34:51,2021-07-19 20:09:13,Columbia St & Rivington St,5365,Graham Ave & Conselyea St,5291,40.71739973,-73.98016555,40.715143,-73.944507,member
1738554,E5D9584EA3A21348,electric_bike,2021-07-23 13:15:32,2021-07-23 13:21:56,Columbia St & Rivington St,5365,St Marks Pl & 1 Ave,5626,40.71739973,-73.98016555,40.72779126,-73.98564945,casual
1738563,29D5F089096A46A3,classic_bike,2021-07-13 15:52:04,2021-07-13 15:58:58,Columbia St & Rivington St,5365,St Marks Pl & 1 Ave,5626,40.71739973,-73.98016555,40.72779126,-73.98564945,casual
1738576,2D3B760E4F90A417,electric_bike,2021-07-05 22:20:41,2021-07-05 22:31:34,Columbia St & Rivington St,5365,St Marks Pl & 1 Ave,5626,40.71739973,-73.98016555,40.72779126,-73.98564945,member
1738593,0DC425650F7B2A8E,classic_bike,2021-07-15 09:06:34,2021-07-15 09:16:43,Columbia St & Rivington St,5365,St Marks Pl & 1 Ave,5626,40.71739973,-73.98016555,40.72779126,-73.98564945,casual
1738616,5E74962BCC905634,classic_bike,2021-07-06 16:45:18,2021-07-06 16:58:04,Columbia St & Rivington St,5365,St Marks Pl & 1 Ave,5626,40.71739973,-73.98016555,40.72779126,-73.98564945,member
1738626,2539F65B1A61A37D,classic_bike,2021-07-24 11:09:54,2021-07-24 11:20:12,Columbia St & Rivington St,5365,St Marks Pl & 1 Ave,5626,40.71739973,-73.98016555,40.72779126,-73.98564945,casual
1738650,E6A089B7D27B5E27,electric_bike,2021-07-25 18:24:30,2021-07-25 18:30:20,Columbia St & Rivington St,5365,St Marks Pl & 1 Ave,5626,40.71739973,-73.98016555,40.72779126,-73.98564945,casual
1738655,66C2D1CF6BCE7F40,classic_bike,2021-07-03 16:57:20,2021-07-03 17:04:35,Columbia St & Rivington St,5365,St Marks Pl & 1 Ave,5626,40.71739973,-73.98016555,40.72779126,-73.98564945,casual
1738658,C83329ED24694440,classic_bike,2021-07-22 10:34:19,2021-07-22 10:45:47,Columbia St & Rivington St,5365,St Marks Pl & 1 Ave,5626,40.71739973,-73.98016555,40.72779126,-73.98564945,member
1738731,1A89F743D073D9B3,electric_bike,2021-07-22 06:19:05,2021-07-22 06:28:25,Columbia St & Rivington St,5365,Liberty St & Nassau St,5105,40.71739973,-73.98016555,40.70858894240581,-74.00935482235809,member
1753486,DE5DE5B4CB280260,electric_bike,2021-07-07 08:42:16,2021-07-07 08:53:41,Columbia St & Rivington St,5365,8 Ave & W 16 St,6072,40.71739973,-73.98016555,40.740983,-74.001702,member
1753491,01B9BA6638122D92,classic_bike,2021-07-10 09:16:43,2021-07-10 09:33:59,Columbia St & Rivington St,5365,1 Ave & E 16 St,5779,40.71739973,-73.98016555,40.73221853,-73.98165557,member
1758553,A4ACD93E2EBA57F3,classic_bike,2021-07-15 07:35:39,2021-07-15 07:46:09,Columbia St & Rivington St,5365,1 Ave & E 16 St,5779,40.71739973,-73.98016555,40.73221853,-73.98165557,member
1759915,B885813D723421E5,classic_bike,2021-07-21 15:24:07,2021-07-21 15:37:36,Columbia St & Rivington St,5365,1 Ave & E 16 St,5779,40.71739973,-73.98016555,40.73221853,-73.98165557,member
1759919,172196B4FBFA7673,classic_bike,2021-07-31 11:59:46,2021-07-31 12:21:58,Columbia St & Rivington St,5365,1 Ave & E 16 St,5779,40.71739973,-73.98016555,40.73221853,-73.98165557,member
1761038,97D3C1447EFD03D4,classic_bike,2021-07-21 20:46:48,2021-07-21 20:58:52,Columbia St & Rivington St,5365,1 Ave & E 16 St,5779,40.71739973,-73.98016555,40.73221853,-73.98165557,member
1761043,FCAA5F8C87939933,electric_bike,2021-07-13 14:17:22,2021-07-13 14:31:45,Columbia St & Rivington St,5365,8 Ave & W 16 St,6072,40.71739973,-73.98016555,40.740983,-74.001702,casual
1766515,2AEE42FA4DD55540,electric_bike,2021-07-16 18:08:31,2021-07-16 18:16:56,Columbia St & Rivington St,5365,1 Ave & E 16 St,5779,40.71739973,-73.98016555,40.73221853,-73.98165557,member
1766523,B7B36315146DE5CD,classic_bike,2021-07-09 16:10:13,2021-07-09 16:25:37,Columbia St & Rivington St,5365,1 Ave & E 16 St,5779,40.71739973,-73.98016555,40.73221853,-73.98165557,member
1779850,CE6F705C2094995F,classic_bike,2021-07-27 15:20:01,2021-07-27 15:36:15,Columbia St & Rivington St,5365,Grand St & Samuel Dickstein Plaza,5335,40.71739973,-73.98016555,40.71511871996496,-73.98417055606842,member
1779856,6AA410215E9FE254,classic_bike,2021-07-03 18:38:18,2021-07-03 18:41:20,Columbia St & Rivington St,5365,Grand St & Samuel Dickstein Plaza,5335,40.71739973,-73.98016555,40.71511871996496,-73.98417055606842,member
1781591,7E3853D14659B523,electric_bike,2021-07-03 18:29:30,2021-07-03 18:43:23,Columbia St & Rivington St,5365,Grand St & Samuel Dickstein Plaza,5335,40.71739973,-73.98016555,40.71511871996496,-73.98417055606842,member
1781593,19D43D8AD09F5DDB,classic_bike,2021-07-22 13:24:38,2021-07-22 14:03:00,Columbia St & Rivington St,5365,E 4 St & 2 Ave,5593,40.71739973,-73.98016555,40.7262807,-73.98978041,member
1785394,CF67AF19551FC4A1,classic_bike,2021-07-30 17:37:28,2021-07-30 17:41:22,Columbia St & Rivington St,5365,Grand St & Samuel Dickstein Plaza,5335,40.71739973,-73.98016555,40.71511871996496,-73.98417055606842,member
1785405,E577CECC49D4BFFC,classic_bike,2021-07-25 12:30:28,2021-07-25 12:52:33,Columbia St & Rivington St,5365,Little West St & 1 Pl,5001,40.71739973,-73.98016555,40.70569254,-74.01677685,casual
1785420,B7A94BB332E40E52,electric_bike,2021-07-07 08:57:16,2021-07-07 09:14:59,Columbia St & Rivington St,5365,W 42 St & 6 Ave,6517,40.71739973,-73.98016555,40.75492,-73.98455,member
1785426,EFA256A0F447AE62,electric_bike,2021-07-23 16:10:57,2021-07-23 16:12:58,Columbia St & Rivington St,5365,Grand St & Samuel Dickstein Plaza,5335,40.71739973,-73.98016555,40.71511871996496,-73.98417055606842,member
1785428,649202FB2DBCA758,electric_bike,2021-07-09 10:36:42,2021-07-09 10:38:32,Columbia St & Rivington St,5365,Grand St & Samuel Dickstein Plaza,5335,40.71739973,-73.98016555,40.71511871996496,-73.98417055606842,member
1785429,A57BF987AA43F4BE,classic_bike,2021-07-09 13:42:44,2021-07-09 13:44:50,Columbia St & Rivington St,5365,Grand St & Samuel Dickstein Plaza,5335,40.71739973,-73.98016555,40.71511871996496,-73.98417055606842,member
1785447,19536DAE2F233DB4,classic_bike,2021-07-27 15:19:45,2021-07-27 15:36:02,Columbia St & Rivington St,5365,Grand St & Samuel Dickstein Plaza,5335,40.71739973,-73.98016555,40.71511871996496,-73.98417055606842,member
1785461,7D9613D3FC549828,classic_bike,2021-07-09 20:14:49,2021-07-09 20:17:43,Columbia St & Rivington St,5365,Grand St & Samuel Dickstein Plaza,5335,40.71739973,-73.98016555,40.71511871996496,-73.98417055606842,member
1785472,D36210EDDADF3304,classic_bike,2021-07-10 15:47:28,2021-07-10 15:51:48,Columbia St & Rivington St,5365,Grand St & Samuel Dickstein Plaza,5335,40.71739973,-73.98016555,40.71511871996496,-73.98417055606842,member
1785510,92B68D70A563B10B,electric_bike,2021-07-09 11:59:56,2021-07-09 12:19:36,Columbia St & Rivington St,5365,W 18 St & 6 Ave,6064,40.71739973,-73.98016555,40.73971301,-73.99456405,member
1785635,F218B19A09E7DFBE,classic_bike,2021-07-29 13:46:20,2021-07-29 14:06:00,Columbia St & Rivington St,5365,W 18 St & 6 Ave,6064,40.71739973,-73.98016555,40.73971301,-73.99456405,member
1789477,8E6B4BD717C34F95,classic_bike,2021-07-31 20:33:50,2021-07-31 20:36:30,Columbia St & Rivington St,5365,Grand St & Samuel Dickstein Plaza,5335,40.71739973,-73.98016555,40.71511871996496,-73.98417055606842,member
1789479,17AE6549D911579A,classic_bike,2021-07-23 14:59:05,2021-07-23 15:03:16,Columbia St & Rivington St,5365,Grand St & Samuel Dickstein Plaza,5335,40.71739973,-73.98016555,40.71511871996496,-73.98417055606842,member
1789515,3D5480C6E972845C,electric_bike,2021-07-05 00:30:07,2021-07-05 00:56:14,Columbia St & Rivington St,5365,8 Ave & W 52 St,6816,40.71739973,-73.98016555,40.76370739,-73.9851615,casual
1789518,54838625DAD24517,classic_bike,2021-07-04 16:47:10,2021-07-04 17:12:07,Columbia St & Rivington St,5365,Little West St & 1 Pl,5001,40.71739973,-73.98016555,40.70569254,-74.01677685,casual
1789519,D11713201BC7C38F,classic_bike,2021-07-04 16:46:46,2021-07-04 17:12:09,Columbia St & Rivington St,5365,Little West St & 1 Pl,5001,40.71739973,-73.98016555,40.70569254,-74.01677685,casual
1789546,EEA2370B96AF6E83,classic_bike,2021-07-05 20:09:06,2021-07-05 20:14:13,Columbia St & Rivington St,5365,Grand St & Samuel Dickstein Plaza,5335,40.71739973,-73.98016555,40.71511871996496,-73.98417055606842,member
1789575,0A981184A4CDF6C3,classic_bike,2021-07-24 21:05:56,2021-07-24 21:12:05,Columbia St & Rivington St,5365,Grand St & Samuel Dickstein Plaza,5335,40.71739973,-73.98016555,40.71511871996496,-73.98417055606842,casual
1794016,16520CDB832AF91E,electric_bike,2021-07-18 20:58:34,2021-07-18 21:01:14,Columbia St & Rivington St,5365,Grand St & Samuel Dickstein Plaza,5335,40.71739973,-73.98016555,40.71511871996496,-73.98417055606842,member
1794059,2E9A8F064D3B3E0E,classic_bike,2021-07-19 18:04:18,2021-07-19 18:07:58,Columbia St & Rivington St,5365,Grand St & Samuel Dickstein Plaza,5335,40.71739973,-73.98016555,40.71511871996496,-73.98417055606842,member
1794083,E06C5F39484942EE,classic_bike,2021-07-24 04:39:17,2021-07-24 04:41:31,Columbia St & Rivington St,5365,Grand St & Samuel Dickstein Plaza,5335,40.71739973,-73.98016555,40.71511871996496,-73.98417055606842,casual
1794105,1E06688212142F4D,electric_bike,2021-07-25 14:42:21,2021-07-25 14:58:52,Columbia St & Rivington St,5365,W 18 St & 6 Ave,6064,40.71739973,-73.98016555,40.73971301,-73.99456405,member
1794112,1DEDC134B85D059A,classic_bike,2021-07-30 12:10:46,2021-07-30 12:44:55,Columbia St & Rivington St,5365,Franklin St & W Broadway,5430,40.71739973,-73.98016555,40.71911552,-74.00666661,casual
1794114,61E78EDD6F6A4CE5,electric_bike,2021-07-30 13:34:02,2021-07-30 13:54:03,Columbia St & Rivington St,5365,W 18 St & 6 Ave,6064,40.71739973,-73.98016555,40.73971301,-73.99456405,casual
1794132,E6C826D87CFC0BBA,classic_bike,2021-07-02 19:52:42,2021-07-02 20:03:13,Columbia St & Rivington St,5365,Grand St & Samuel Dickstein Plaza,5335,40.71739973,-73.98016555,40.71511871996496,-73.98417055606842,member
1794142,7EF1C14B190D3115,electric_bike,2021-07-27 16:35:09,2021-07-27 17:01:12,Columbia St & Rivington St,5365,Little West St & 1 Pl,5001,40.71739973,-73.98016555,40.70569254,-74.01677685,member
1794154,378C8D26FC2A71AF,classic_bike,2021-07-04 18:11:11,2021-07-04 18:15:18,Columbia St & Rivington St,5365,Grand St & Samuel Dickstein Plaza,5335,40.71739973,-73.98016555,40.71511871996496,-73.98417055606842,casual
1794157,00D91010759EE67F,electric_bike,2021-07-14 18:45:15,2021-07-14 19:20:40,Columbia St & Rivington St,5365,Eastern Pkwy & Franklin Ave,3919,40.71739973,-73.98016555,40.6707767,-73.9576801,member
1794167,474CFF4693A73B94,classic_bike,2021-07-06 10:27:44,2021-07-06 10:33:46,Columbia St & Rivington St,5365,Grand St & Samuel Dickstein Plaza,5335,40.71739973,-73.98016555,40.71511871996496,-73.98417055606842,member
1794172,2C306069C531C4EE,classic_bike,2021-07-26 15:49:36,2021-07-26 16:36:47,Columbia St & Rivington St,5365,Little West St & 1 Pl,5001,40.71739973,-73.98016555,40.70569254,-74.01677685,member
1794205,60DF878C2F496E10,electric_bike,2021-07-02 12:39:58,2021-07-02 12:58:10,Columbia St & Rivington St,5365,W 18 St & 6 Ave,6064,40.71739973,-73.98016555,40.73971301,-73.99456405,casual
1794217,C75152A63DEFA15D,classic_bike,2021-07-03 16:46:16,2021-07-03 16:49:58,Columbia St & Rivington St,5365,Grand St & Samuel Dickstein Plaza,5335,40.71739973,-73.98016555,40.71511871996496,-73.98417055606842,member
1794243,1C07D2604BEFE6DC,classic_bike,2021-07-28 06:47:34,2021-07-28 06:49:44,Columbia St & Rivington St,5365,Grand St & Samuel Dickstein Plaza,5335,40.71739973,-73.98016555,40.71511871996496,-73.98417055606842,member
1794265,E1DDD61D2ADE1691,classic_bike,2021-07-08 17:18:48,2021-07-08 17:44:50,Columbia St & Rivington St,5365,E 4 St & 2 Ave,5593,40.71739973,-73.98016555,40.7262807,-73.98978041,member
1809895,FC91AED43F4CAADF,classic_bike,2021-07-14 14:58:43,2021-07-14 15:02:59,Columbia St & Rivington St,5365,Stanton St & Norfolk St,5445,40.71739973,-73.98016555,40.720747,-73.986274,member
1809904,17276C94705194DF,classic_bike,2021-07-03 20:29:38,2021-07-03 20:35:46,Columbia St & Rivington St,5365,Norfolk St & Broome St,5374,40.71739973,-73.98016555,40.7172274,-73.98802084,member
1809910,4A5664DF056C22C9,electric_bike,2021-07-05 16:47:05,2021-07-05 16:51:43,Columbia St & Rivington St,5365,Norfolk St & Broome St,5374,40.71739973,-73.98016555,40.7172274,-73.98802084,member
1809911,20FB8A93CE571C39,classic_bike,2021-07-12 15:57:35,2021-07-12 16:01:43,Columbia St & Rivington St,5365,Norfolk St & Broome St,5374,40.71739973,-73.98016555,40.7172274,-73.98802084,member
1809913,2D660437BA474A18,classic_bike,2021-07-05 14:33:42,2021-07-05 14:42:35,Columbia St & Rivington St,5365,Norfolk St & Broome St,5374,40.71739973,-73.98016555,40.7172274,-73.98802084,member
1812418,9476DAC9D2F02218,classic_bike,2021-07-04 23:14:10,2021-07-04 23:17:58,Columbia St & Rivington St,5365,Norfolk St & Broome St,5374,40.71739973,-73.98016555,40.7172274,-73.98802084,member
1812423,B20843040D7D7F85,classic_bike,2021-07-12 13:35:21,2021-07-12 13:41:33,Columbia St & Rivington St,5365,Norfolk St & Broome St,5374,40.71739973,-73.98016555,40.7172274,-73.98802084,member
1812424,4DB349CA89576EFB,classic_bike,2021-07-09 12:15:41,2021-07-09 12:21:19,Columbia St & Rivington St,5365,Stanton St & Norfolk St,5445,40.71739973,-73.98016555,40.720747,-73.986274,member
1812427,E7EFB64298FFF928,classic_bike,2021-07-26 16:20:02,2021-07-26 16:25:24,Columbia St & Rivington St,5365,Norfolk St & Broome St,5374,40.71739973,-73.98016555,40.7172274,-73.98802084,member
1812436,79E5FCEB601B5183,classic_bike,2021-07-10 10:27:19,2021-07-10 10:30:37,Columbia St & Rivington St,5365,Norfolk St & Broome St,5374,40.71739973,-73.98016555,40.7172274,-73.98802084,member
1812466,E529E806CD2DEF4E,classic_bike,2021-07-07 11:38:48,2021-07-07 11:44:49,Columbia St & Rivington St,5365,Norfolk St & Broome St,5374,40.71739973,-73.98016555,40.7172274,-73.98802084,casual
1812467,E34A210B0C398AA7,classic_bike,2021-07-18 10:53:20,2021-07-18 11:01:01,Columbia St & Rivington St,5365,St Marks Pl & 2 Ave,5669,40.71739973,-73.98016555,40.7284186,-73.98713956,casual
1812474,AF6A34EC9C1805BA,electric_bike,2021-07-31 23:51:36,2021-08-01 00:12:58,Columbia St & Rivington St,5365,S 3 St & Bedford Ave,5235,40.71739973,-73.98016555,40.71260486,-73.96264403,member
1819650,1B2F2FB59E1827DD,electric_bike,2021-07-05 09:46:20,2021-07-05 10:05:12,Columbia St & Rivington St,5365,India St & Manhattan Ave,5826,40.71739973,-73.98016555,40.73232194,-73.9550858,member
1820495,7144A4CD74FEE333,classic_bike,2021-07-28 12:32:26,2021-07-28 12:44:50,Columbia St & Rivington St,5365,Market St & Cherry St,5198,40.71739973,-73.98016555,40.71076228,-73.99400398,member
1824945,C844934C7888C2DF,classic_bike,2021-07-02 08:40:50,2021-07-02 08:52:31,Columbia St & Rivington St,5365,Market St & Cherry St,5198,40.71739973,-73.98016555,40.71076228,-73.99400398,member
1824946,58709FAFBE8277C9,classic_bike,2021-07-23 08:36:48,2021-07-23 08:48:21,Columbia St & Rivington St,5365,Market St & Cherry St,5198,40.71739973,-73.98016555,40.71076228,-73.99400398,member
1824948,B791E44FA69AA5CE,classic_bike,2021-07-25 16:08:15,2021-07-25 16:37:50,Columbia St & Rivington St,5365,W 31 St & 7 Ave,6331,40.71739973,-73.98016555,40.749156,-73.9916,casual
1824962,CF6137AB9539CC44,classic_bike,2021-07-19 08:41:05,2021-07-19 08:52:49,Columbia St & Rivington St,5365,Market St & Cherry St,5198,40.71739973,-73.98016555,40.71076228,-73.99400398,member
1824963,C4EA0711EFC50F27,classic_bike,2021-07-05 08:45:32,2021-07-05 08:56:43,Columbia St & Rivington St,5365,Market St & Cherry St,5198,40.71739973,-73.98016555,40.71076228,-73.99400398,member
1824964,4CD632068C398125,classic_bike,2021-07-16 08:41:20,2021-07-16 08:52:03,Columbia St & Rivington St,5365,Market St & Cherry St,5198,40.71739973,-73.98016555,40.71076228,-73.99400398,member
1825020,DCF8EBB3BDE67B9B,classic_bike,2021-07-25 16:08:17,2021-07-25 16:37:43,Columbia St & Rivington St,5365,W 31 St & 7 Ave,6331,40.71739973,-73.98016555,40.749156,-73.9916,casual
1825028,10483A55CE6CE759,classic_bike,2021-07-30 09:21:58,2021-07-30 09:33:55,Columbia St & Rivington St,5365,Market St & Cherry St,5198,40.71739973,-73.98016555,40.71076228,-73.99400398,member
1825045,867E6727A9A45213,classic_bike,2021-07-30 08:38:18,2021-07-30 08:51:06,Columbia St & Rivington St,5365,Market St & Cherry St,5198,40.71739973,-73.98016555,40.71076228,-73.99400398,member
1825047,D827F623128D5A37,classic_bike,2021-07-09 08:42:12,2021-07-09 08:53:24,Columbia St & Rivington St,5365,Market St & Cherry St,5198,40.71739973,-73.98016555,40.71076228,-73.99400398,member
1826285,C2E54596E35AA016,classic_bike,2021-07-30 17:58:04,2021-07-30 18:15:19,Columbia St & Rivington St,5365,Market St & Cherry St,5198,40.71739973,-73.98016555,40.71076228,-73.99400398,member
1829047,04D9D8FEAA0158B6,classic_bike,2021-07-10 15:55:12,2021-07-10 16:01:01,Columbia St & Rivington St,5365,Market St & Cherry St,5198,40.71739973,-73.98016555,40.71076228,-73.99400398,member
1829103,813806E7254DE66F,electric_bike,2021-07-05 15:27:08,2021-07-05 15:32:43,Columbia St & Rivington St,5365,Market St & Cherry St,5198,40.71739973,-73.98016555,40.71076228,-73.99400398,member
1829109,DEE9C7EEC72F78BA,classic_bike,2021-07-31 09:26:26,2021-07-31 09:52:53,Columbia St & Rivington St,5365,Market St & Cherry St,5198,40.71739973,-73.98016555,40.71076228,-73.99400398,member
1829278,F5617F78BBB8A5FA,classic_bike,2021-07-31 10:40:30,2021-07-31 10:48:52,Columbia St & Rivington St,5365,Market St & Cherry St,5198,40.71739973,-73.98016555,40.71076228,-73.99400398,casual
1857910,8A959D7867537DA7,classic_bike,2021-07-02 10:06:27,2021-07-02 10:12:35,Columbia St & Rivington St,5365,Delancey St & Eldridge St,5414,40.71739973,-73.98016555,40.719383,-73.991479,member
1857911,DE8945D70E50EB1E,classic_bike,2021-07-03 10:31:35,2021-07-03 10:38:04,Columbia St & Rivington St,5365,Delancey St & Eldridge St,5414,40.71739973,-73.98016555,40.719383,-73.991479,member
1857971,59812FA3D6256E3A,classic_bike,2021-07-22 10:48:10,2021-07-22 10:57:43,Columbia St & Rivington St,5365,Avenue C & E 18 St,5769,40.71739973,-73.98016555,40.730563,-73.973984,casual
1861650,36AEBD660E355619,classic_bike,2021-07-07 19:45:24,2021-07-07 20:03:18,Columbia St & Rivington St,5365,Barrow St & Hudson St,5805,40.71739973,-73.98016555,40.73172428,-74.00674436,member
1861665,896E47810C1EAEFA,electric_bike,2021-07-05 20:32:31,2021-07-05 20:58:37,Columbia St & Rivington St,5365,Clermont Ave & Lafayette Ave,4461,40.71739973,-73.98016555,40.68764484,-73.96968902,member
1861666,601D0E7F9CF056CB,electric_bike,2021-07-20 18:46:08,2021-07-20 19:18:13,Columbia St & Rivington St,5365,Underhill Ave & Pacific St,4231,40.71739973,-73.98016555,40.6804836,-73.9646795,casual
1861711,EA77EC1A63A6A6E9,classic_bike,2021-07-05 10:06:01,2021-07-05 10:12:29,Columbia St & Rivington St,5365,Delancey St & Eldridge St,5414,40.71739973,-73.98016555,40.719383,-73.991479,member
1861712,3DB3D6B272A6348F,classic_bike,2021-07-14 10:00:13,2021-07-14 10:08:55,Columbia St & Rivington St,5365,Delancey St & Eldridge St,5414,40.71739973,-73.98016555,40.719383,-73.991479,member
1875751,AA759F2801C2E94F,classic_bike,2021-07-15 10:39:26,2021-07-15 10:48:38,Columbia St & Rivington St,5365,Forsyth St\t& Grand St,5382,40.71739973,-73.98016555,40.71779817737835,-73.99316132068634,member
1875760,828F6D2A3F2AA907,classic_bike,2021-07-09 09:57:44,2021-07-09 10:06:13,Columbia St & Rivington St,5365,Forsyth St\t& Grand St,5382,40.71739973,-73.98016555,40.71779817737835,-73.99316132068634,member
1875767,9AAB5527565301EA,electric_bike,2021-07-06 05:48:03,2021-07-06 05:53:18,Columbia St & Rivington St,5365,Cleveland Pl & Spring St,5492,40.71739973,-73.98016555,40.722103786686034,-73.99724900722504,member
1875768,8988B5FFC5035E81,classic_bike,2021-07-17 06:58:17,2021-07-17 07:05:18,Columbia St & Rivington St,5365,Forsyth St\t& Grand St,5382,40.71739973,-73.98016555,40.71779817737835,-73.99316132068634,member
1875770,727FEFA14C6C7043,electric_bike,2021-07-20 04:15:53,2021-07-20 04:21:17,Columbia St & Rivington St,5365,Cleveland Pl & Spring St,5492,40.71739973,-73.98016555,40.722103786686034,-73.99724900722504,member
1875771,E571708982114D25,classic_bike,2021-07-20 11:09:05,2021-07-20 11:19:16,Columbia St & Rivington St,5365,Cleveland Pl & Spring St,5492,40.71739973,-73.98016555,40.722103786686034,-73.99724900722504,member
1875772,4557EB2892A0632C,electric_bike,2021-07-18 08:41:43,2021-07-18 08:50:02,Columbia St & Rivington St,5365,Cleveland Pl & Spring St,5492,40.71739973,-73.98016555,40.722103786686034,-73.99724900722504,member
1875773,8ABE0ED55382C8A9,electric_bike,2021-07-13 05:16:05,2021-07-13 05:29:39,Columbia St & Rivington St,5365,Cleveland Pl & Spring St,5492,40.71739973,-73.98016555,40.722103786686034,-73.99724900722504,member
1875774,4A4BA001D3CFD348,classic_bike,2021-07-26 11:24:00,2021-07-26 11:32:15,Columbia St & Rivington St,5365,Forsyth St\t& Grand St,5382,40.71739973,-73.98016555,40.71779817737835,-73.99316132068634,member
1875789,71124FB5DE6E4FFF,classic_bike,2021-07-28 17:29:20,2021-07-28 17:38:01,Columbia St & Rivington St,5365,Forsyth St\t& Grand St,5382,40.71739973,-73.98016555,40.71779817737835,-73.99316132068634,member
1875795,8A344F6498E70276,classic_bike,2021-07-24 09:56:25,2021-07-24 10:04:37,Columbia St & Rivington St,5365,Forsyth St\t& Grand St,5382,40.71739973,-73.98016555,40.71779817737835,-73.99316132068634,member
1875801,D4CE5FEFAD5BC90B,electric_bike,2021-07-12 17:15:18,2021-07-12 17:21:27,Columbia St & Rivington St,5365,Forsyth St\t& Grand St,5382,40.71739973,-73.98016555,40.71779817737835,-73.99316132068634,member
1875802,BFD03DF8E2188A0B,classic_bike,2021-07-29 10:53:50,2021-07-29 11:11:58,Columbia St & Rivington St,5365,Forsyth St\t& Grand St,5382,40.71739973,-73.98016555,40.71779817737835,-73.99316132068634,member
1875820,11809A9D3F26E609,classic_bike,2021-07-04 23:17:49,2021-07-04 23:37:24,Columbia St & Rivington St,5365,Cleveland Pl & Spring St,5492,40.71739973,-73.98016555,40.722103786686034,-73.99724900722504,member
1875844,D98885953D9356D2,classic_bike,2021-07-02 11:23:04,2021-07-02 11:30:34,Columbia St & Rivington St,5365,Forsyth St\t& Grand St,5382,40.71739973,-73.98016555,40.71779817737835,-73.99316132068634,member
1875846,C10B72F0E4EF4C34,classic_bike,2021-07-24 23:22:43,2021-07-25 00:47:14,Columbia St & Rivington St,5365,Cleveland Pl & Spring St,5492,40.71739973,-73.98016555,40.722103786686034,-73.99724900722504,member
1875849,B781BB4FAB25D5F8,classic_bike,2021-07-24 08:54:03,2021-07-24 09:02:36,Columbia St & Rivington St,5365,Forsyth St\t& Grand St,5382,40.71739973,-73.98016555,40.71779817737835,-73.99316132068634,member
1891489,9E35C65637CE5C62,electric_bike,2021-07-19 08:23:31,2021-07-19 08:29:07,Columbia St & Rivington St,5365,E 11 St & Avenue B,5659,40.71739973,-73.98016555,40.72746420692392,-73.97950418293476,member
1891500,35F56A89EB5C0360,classic_bike,2021-07-31 14:01:10,2021-07-31 14:08:49,Columbia St & Rivington St,5365,E 11 St & Avenue B,5659,40.71739973,-73.98016555,40.72746420692392,-73.97950418293476,casual
1895126,DEDB05CB93702E9B,electric_bike,2021-07-12 14:05:43,2021-07-12 14:11:05,Columbia St & Rivington St,5365,E 11 St & Avenue B,5659,40.71739973,-73.98016555,40.72746420692392,-73.97950418293476,member
1895155,2060B5BBCB301254,classic_bike,2021-07-03 11:42:02,2021-07-03 11:57:46,Columbia St & Rivington St,5365,E 11 St & Avenue B,5659,40.71739973,-73.98016555,40.72746420692392,-73.97950418293476,casual
1895202,8089753C0F3123A3,classic_bike,2021-07-10 08:50:07,2021-07-10 08:57:08,Columbia St & Rivington St,5365,E 11 St & Avenue B,5659,40.71739973,-73.98016555,40.72746420692392,-73.97950418293476,member
1916144,FEF03300A7B00623,electric_bike,2021-07-11 14:37:27,2021-07-11 15:06:21,Columbia St & Rivington St,5365,Broadway & Hancock St,4441,40.71739973,-73.98016555,40.68663,-73.9168,member
2026020,3E133514E07541C4,classic_bike,2021-07-01 16:02:44,2021-07-01 16:21:32,Columbia St & Rivington St,5365,South St & Whitehall St,4846,40.71739973,-73.98016555,40.70122128,-74.01234218,member
2027480,F484287E672FBE43,classic_bike,2021-07-24 11:09:19,2021-07-24 11:30:29,Columbia St & Rivington St,5365,E 20 St & Park Ave,6055,40.71739973,-73.98016555,40.73827428,-73.98751968,member
2027481,4B1C23FFCF26854C,classic_bike,2021-07-22 08:15:03,2021-07-22 08:30:23,Columbia St & Rivington St,5365,South St & Whitehall St,4846,40.71739973,-73.98016555,40.70122128,-74.01234218,member
2027482,883A38311852EDED,classic_bike,2021-07-16 08:26:29,2021-07-16 08:42:28,Columbia St & Rivington St,5365,South St & Whitehall St,4846,40.71739973,-73.98016555,40.70122128,-74.01234218,member
2027485,FC4BDB1EBBE4A6D9,classic_bike,2021-07-29 08:37:20,2021-07-29 08:55:04,Columbia St & Rivington St,5365,South St & Whitehall St,4846,40.71739973,-73.98016555,40.70122128,-74.01234218,member
2027491,8B1975DC913E3AB1,electric_bike,2021-07-29 21:54:59,2021-07-29 22:07:10,Columbia St & Rivington St,5365,South St & Whitehall St,4846,40.71739973,-73.98016555,40.70122128,-74.01234218,casual
2027525,B7C8803ADDB92F9B,classic_bike,2021-07-02 13:07:09,2021-07-02 13:24:29,Columbia St & Rivington St,5365,South St & Whitehall St,4846,40.71739973,-73.98016555,40.70122128,-74.01234218,member
2057883,CDE958D37C226377,classic_bike,2021-07-01 10:19:42,2021-07-01 10:52:23,Columbia St & Rivington St,5365,South St & Whitehall St,4846,40.71739973,-73.98016555,40.70122128,-74.01234218,member
2057893,8E96E36063D84D0E,classic_bike,2021-07-07 10:54:14,2021-07-07 11:12:10,Columbia St & Rivington St,5365,6 Ave & W 33 St,6364,40.71739973,-73.98016555,40.74901271,-73.98848395,member
2057998,9C7649BA2E712D17,electric_bike,2021-07-04 23:48:10,2021-07-05 00:07:24,Columbia St & Rivington St,5365,6 Ave & W 33 St,6364,40.71739973,-73.98016555,40.74901271,-73.98848395,casual
2058080,C139389F858336E1,electric_bike,2021-07-23 16:01:35,2021-07-23 16:21:24,Columbia St & Rivington St,5365,South St & Whitehall St,4846,40.71739973,-73.98016555,40.70122128,-74.01234218,member
2058269,FD3CBB5773587825,electric_bike,2021-07-09 08:05:42,2021-07-09 08:25:52,Columbia St & Rivington St,5365,E 20 St & Park Ave,6055,40.71739973,-73.98016555,40.73827428,-73.98751968,member
2058699,96A077335C33F67D,electric_bike,2021-07-18 18:27:47,2021-07-18 18:44:42,Columbia St & Rivington St,5365,South St & Whitehall St,4846,40.71739973,-73.98016555,40.70122128,-74.01234218,casual
2058774,8303631BC8AABF4E,classic_bike,2021-07-15 09:06:29,2021-07-15 09:24:23,Columbia St & Rivington St,5365,E 20 St & Park Ave,6055,40.71739973,-73.98016555,40.73827428,-73.98751968,member
2078241,2EC1BBF1FDE94E2A,classic_bike,2021-07-31 15:47:00,2021-07-31 16:02:06,Columbia St & Rivington St,5365,4 Ave & E 12 St,5788,40.71739973,-73.98016555,40.732647,-73.99011,member
2135049,2565AEBEC6FD43C9,classic_bike,2021-07-04 13:57:34,2021-07-04 14:36:30,Columbus Ave & W 72 St,7175,Columbia St & Rivington St,5365,40.7770575,-73.97898475,40.71739973,-73.98016555,member
2135074,D83776EE11223D67,classic_bike,2021-07-26 11:28:58,2021-07-26 11:38:08,Cooper Square & Astor Pl,5712,Columbia St & Rivington St,5365,40.72951496224949,-73.99075269699097,40.71739973,-73.98016555,member
2135133,D8ACDDD799B2200E,electric_bike,2021-07-26 14:20:32,2021-07-26 14:35:47,Fulton St & Pearl St,5024,Columbia St & Rivington St,5365,40.70772198491691,-74.00438636541367,40.71739973,-73.98016555,casual
2135176,6E55A3FA6F6BDE92,classic_bike,2021-07-16 12:35:24,2021-07-16 13:00:22,Fulton St & Pearl St,5024,Columbia St & Rivington St,5365,40.70772198491691,-74.00438636541367,40.71739973,-73.98016555,casual
2135236,732F65B0F30EEC05,classic_bike,2021-07-07 12:06:06,2021-07-07 12:07:57,Henry St & Grand St,5294,Columbia St & Rivington St,5365,40.714211,-73.981095,40.71739973,-73.98016555,member
2135237,DA264154EB199283,classic_bike,2021-07-08 12:34:11,2021-07-08 12:37:04,Henry St & Grand St,5294,Columbia St & Rivington St,5365,40.714211,-73.981095,40.71739973,-73.98016555,member
2135239,0DC14081CC1C5299,electric_bike,2021-07-20 13:44:39,2021-07-20 13:55:13,Henry St & Grand St,5294,Columbia St & Rivington St,5365,40.714211,-73.981095,40.71739973,-73.98016555,member
2135240,F3CA5565CDEFB8CC,classic_bike,2021-07-10 20:09:41,2021-07-10 20:12:54,Henry St & Grand St,5294,Columbia St & Rivington St,5365,40.714211,-73.981095,40.71739973,-73.98016555,member
2135256,13B96D8C0CC0058D,classic_bike,2021-07-05 00:20:08,2021-07-05 00:24:13,Henry St & Grand St,5294,Columbia St & Rivington St,5365,40.714211,-73.981095,40.71739973,-73.98016555,casual
2135264,B81BE0DB7AE28A4B,classic_bike,2021-07-08 13:09:15,2021-07-08 13:35:20,Fulton St & Pearl St,5024,Columbia St & Rivington St,5365,40.70772198491691,-74.00438636541367,40.71739973,-73.98016555,casual
2135308,06BAFF120D1A4B8A,classic_bike,2021-07-11 11:25:36,2021-07-11 11:28:18,Henry St & Grand St,5294,Columbia St & Rivington St,5365,40.714211,-73.981095,40.71739973,-73.98016555,member
2135359,517DCC46F7B8CE56,classic_bike,2021-07-09 18:41:49,2021-07-09 18:43:34,Henry St & Grand St,5294,Columbia St & Rivington St,5365,40.714211,-73.981095,40.71739973,-73.98016555,member
2135363,225F2B8EF6412CB6,classic_bike,2021-07-08 14:43:54,2021-07-08 14:45:57,Henry St & Grand St,5294,Columbia St & Rivington St,5365,40.714211,-73.981095,40.71739973,-73.98016555,member
2135368,96C1C46C95B77611,classic_bike,2021-07-10 09:53:34,2021-07-10 09:55:33,Henry St & Grand St,5294,Columbia St & Rivington St,5365,40.714211,-73.981095,40.71739973,-73.98016555,member
2135369,A7AE871C51811BD7,electric_bike,2021-07-20 11:29:56,2021-07-20 11:32:08,Henry St & Grand St,5294,Columbia St & Rivington St,5365,40.714211,-73.981095,40.71739973,-73.98016555,member
2135370,878F47FCA36214A0,classic_bike,2021-07-10 15:32:26,2021-07-10 15:35:09,Henry St & Grand St,5294,Columbia St & Rivington St,5365,40.714211,-73.981095,40.71739973,-73.98016555,member
2135372,59BC67FD32EA2100,classic_bike,2021-07-31 10:21:41,2021-07-31 10:23:19,Henry St & Grand St,5294,Columbia St & Rivington St,5365,40.714211,-73.981095,40.71739973,-73.98016555,member
2135379,0D13C29FA9AC1742,classic_bike,2021-07-20 13:45:43,2021-07-20 13:47:37,Henry St & Grand St,5294,Columbia St & Rivington St,5365,40.714211,-73.981095,40.71739973,-73.98016555,member
2135383,0B7A21B22E823BBB,classic_bike,2021-07-22 19:29:33,2021-07-22 20:01:46,Henry St & Grand St,5294,Columbia St & Rivington St,5365,40.714211,-73.981095,40.71739973,-73.98016555,member
2135400,BF3A57472B374BEB,classic_bike,2021-07-06 18:27:11,2021-07-06 18:29:33,Henry St & Grand St,5294,Columbia St & Rivington St,5365,40.714211,-73.981095,40.71739973,-73.98016555,member
2135439,C282A8AD47F3C36F,classic_bike,2021-07-22 12:49:30,2021-07-22 13:08:09,Fulton St & Pearl St,5024,Columbia St & Rivington St,5365,40.70772198491691,-74.00438636541367,40.71739973,-73.98016555,casual
2135446,5B6AD5A3B6928142,classic_bike,2021-07-13 13:11:25,2021-07-13 13:39:01,Fulton St & Pearl St,5024,Columbia St & Rivington St,5365,40.70772198491691,-74.00438636541367,40.71739973,-73.98016555,casual
2135475,8E385A515623240B,classic_bike,2021-07-18 17:34:02,2021-07-18 18:14:29,Avenue D & E 3 St,5436,Columbia St & Rivington St,5365,40.72082834,-73.97793172,40.71739973,-73.98016555,member
2135490,F81A454068CEDC09,classic_bike,2021-07-01 15:38:30,2021-07-01 15:41:13,Avenue D & E 3 St,5436,Columbia St & Rivington St,5365,40.72082834,-73.97793172,40.71739973,-73.98016555,member
2135491,86852D5CF483A4AB,classic_bike,2021-07-27 16:29:22,2021-07-27 16:32:38,Avenue D & E 3 St,5436,Columbia St & Rivington St,5365,40.72082834,-73.97793172,40.71739973,-73.98016555,member
2135497,B30E8A03CF0F4036,classic_bike,2021-07-07 15:30:34,2021-07-07 15:34:08,Avenue D & E 3 St,5436,Columbia St & Rivington St,5365,40.72082834,-73.97793172,40.71739973,-73.98016555,member
2135507,55C60655ED540E48,docked_bike,2021-07-23 22:27:20,2021-07-23 22:54:08,Avenue D & E 3 St,5436,Columbia St & Rivington St,5365,40.720828,-73.977932,40.7174,-73.980166,casual
2135508,59074F9740866C4D,classic_bike,2021-07-20 16:13:52,2021-07-20 16:16:24,Avenue D & E 3 St,5436,Columbia St & Rivington St,5365,40.72082834,-73.97793172,40.71739973,-73.98016555,member
2135510,2AF68A34A6FE7F41,classic_bike,2021-07-26 10:46:42,2021-07-26 11:05:23,Avenue D & E 3 St,5436,Columbia St & Rivington St,5365,40.72082834,-73.97793172,40.71739973,-73.98016555,member
2135520,BC962A8CA4A06114,classic_bike,2021-07-13 14:16:37,2021-07-13 14:19:03,Avenue D & E 3 St,5436,Columbia St & Rivington St,5365,40.72082834,-73.97793172,40.71739973,-73.98016555,member
2135528,FDC2DB4333D4CF75,classic_bike,2021-07-06 16:36:59,2021-07-06 16:40:14,Avenue D & E 3 St,5436,Columbia St & Rivington St,5365,40.72082834,-73.97793172,40.71739973,-73.98016555,member
2135529,62374C0FF511CE7F,classic_bike,2021-07-05 13:23:33,2021-07-05 13:26:20,Avenue D & E 3 St,5436,Columbia St & Rivington St,5365,40.72082834,-73.97793172,40.71739973,-73.98016555,member
2135533,F0875F8848DAEEEF,classic_bike,2021-07-17 13:01:39,2021-07-17 13:04:04,Avenue D & E 3 St,5436,Columbia St & Rivington St,5365,40.72082834,-73.97793172,40.71739973,-73.98016555,member
2135537,39E41DF4B05C2B23,classic_bike,2021-07-16 10:23:55,2021-07-16 10:45:27,Avenue D & E 3 St,5436,Columbia St & Rivington St,5365,40.72082834,-73.97793172,40.71739973,-73.98016555,member
2135546,CDB7A9675BD4A1AF,classic_bike,2021-07-03 16:41:37,2021-07-03 16:44:51,Avenue D & E 3 St,5436,Columbia St & Rivington St,5365,40.72082834,-73.97793172,40.71739973,-73.98016555,member
2135553,26520494C3F1C42A,classic_bike,2021-07-22 22:19:09,2021-07-22 22:32:44,Avenue D & E 3 St,5436,Columbia St & Rivington St,5365,40.72082834,-73.97793172,40.71739973,-73.98016555,member
2135572,FB0AE508B7C34612,classic_bike,2021-07-03 13:02:32,2021-07-03 13:04:20,Henry St & Grand St,5294,Columbia St & Rivington St,5365,40.714211,-73.981095,40.71739973,-73.98016555,casual
2135593,A9E5F20A057A85F1,electric_bike,2021-07-25 21:34:32,2021-07-25 21:36:50,Henry St & Grand St,5294,Columbia St & Rivington St,5365,40.714211,-73.981095,40.71739973,-73.98016555,member
2135594,0B0E283DDF1F1413,classic_bike,2021-07-17 19:35:23,2021-07-17 19:37:07,Henry St & Grand St,5294,Columbia St & Rivington St,5365,40.714211,-73.981095,40.71739973,-73.98016555,member
2135606,F56C2A59481435CF,classic_bike,2021-07-16 18:35:34,2021-07-16 18:39:58,Henry St & Grand St,5294,Columbia St & Rivington St,5365,40.714211,-73.981095,40.71739973,-73.98016555,member
2135608,EAF01FC06D7BD25C,classic_bike,2021-07-18 19:06:21,2021-07-18 19:12:54,Henry St & Grand St,5294,Columbia St & Rivington St,5365,40.714211,-73.981095,40.71739973,-73.98016555,member
2135610,47F0E4F5C862F9D3,electric_bike,2021-07-23 21:32:29,2021-07-23 21:34:31,Henry St & Grand St,5294,Columbia St & Rivington St,5365,40.714211,-73.981095,40.71739973,-73.98016555,member
2135614,B6162FF2CAFBDFF5,classic_bike,2021-07-31 09:48:09,2021-07-31 10:06:29,Henry St & Grand St,5294,Columbia St & Rivington St,5365,40.714211,-73.981095,40.71739973,-73.98016555,member
2135617,35F4010C2D192F50,classic_bike,2021-07-30 20:41:40,2021-07-30 20:43:35,Henry St & Grand St,5294,Columbia St & Rivington St,5365,40.714211,-73.981095,40.71739973,-73.98016555,member
2135625,030AD72F262DF11F,classic_bike,2021-07-09 14:30:10,2021-07-09 14:32:08,Henry St & Grand St,5294,Columbia St & Rivington St,5365,40.714211,-73.981095,40.71739973,-73.98016555,member
2135626,E5FB0F2F42E2A02D,classic_bike,2021-07-06 14:20:38,2021-07-06 14:22:29,Henry St & Grand St,5294,Columbia St & Rivington St,5365,40.714211,-73.981095,40.71739973,-73.98016555,member
2135627,25129B2D74B77A06,classic_bike,2021-07-04 14:07:01,2021-07-04 14:08:40,Henry St & Grand St,5294,Columbia St & Rivington St,5365,40.714211,-73.981095,40.71739973,-73.98016555,member
2135628,7B69FAAC13E55830,classic_bike,2021-07-21 16:16:28,2021-07-21 16:18:03,Henry St & Grand St,5294,Columbia St & Rivington St,5365,40.714211,-73.981095,40.71739973,-73.98016555,member
2135633,86CA2323BB2C9A73,electric_bike,2021-07-05 00:18:20,2021-07-05 00:24:19,Henry St & Grand St,5294,Columbia St & Rivington St,5365,40.714211,-73.981095,40.71739973,-73.98016555,casual
2135636,6A3827888230E847,classic_bike,2021-07-12 21:45:09,2021-07-12 21:55:58,Henry St & Grand St,5294,Columbia St & Rivington St,5365,40.714211,-73.981095,40.71739973,-73.98016555,casual
2135682,AA1257EB4E56A242,electric_bike,2021-07-20 13:29:26,2021-07-20 13:36:28,Catherine St & Monroe St,5128,Columbia St & Rivington St,5365,40.71117444,-73.99682619,40.71739973,-73.98016555,member
2135693,2D47EFEF39F26B63,classic_bike,2021-07-07 08:10:38,2021-07-07 08:18:50,Catherine St & Monroe St,5128,Columbia St & Rivington St,5365,40.71117444,-73.99682619,40.71739973,-73.98016555,member
2135696,97B44CDDA2960FE2,classic_bike,2021-07-23 13:01:07,2021-07-23 13:12:55,Catherine St & Monroe St,5128,Columbia St & Rivington St,5365,40.71117444,-73.99682619,40.71739973,-73.98016555,member
2135724,594672D06F5A7C28,classic_bike,2021-07-20 13:27:28,2021-07-20 13:51:23,Fulton St & Pearl St,5024,Columbia St & Rivington St,5365,40.70772198491691,-74.00438636541367,40.71739973,-73.98016555,casual
2135739,3762AA41E7E44CA4,classic_bike,2021-07-12 15:56:49,2021-07-12 16:04:54,Henry St & Grand St,5294,Columbia St & Rivington St,5365,40.714211,-73.981095,40.71739973,-73.98016555,casual
2135750,5E1E6AE7BADE09D4,classic_bike,2021-07-19 10:18:29,2021-07-19 10:22:02,Henry St & Grand St,5294,Columbia St & Rivington St,5365,40.714211,-73.981095,40.71739973,-73.98016555,member
2135754,94CD74E55CE7E17C,classic_bike,2021-07-31 17:13:41,2021-07-31 17:53:40,W 54 St & 9 Ave,6920,Columbia St & Rivington St,5365,40.76584941,-73.98690506,40.71739973,-73.98016555,casual
2135757,9743E6CEF855267A,classic_bike,2021-07-04 18:27:26,2021-07-04 18:29:17,Henry St & Grand St,5294,Columbia St & Rivington St,5365,40.714211,-73.981095,40.71739973,-73.98016555,member
2135765,40BE7CD91F3EE6B7,classic_bike,2021-07-31 20:40:21,2021-07-31 20:42:11,Henry St & Grand St,5294,Columbia St & Rivington St,5365,40.714211,-73.981095,40.71739973,-73.98016555,member
2135769,3258B0785859A3EF,classic_bike,2021-07-30 09:53:59,2021-07-30 09:56:02,Henry St & Grand St,5294,Columbia St & Rivington St,5365,40.714211,-73.981095,40.71739973,-73.98016555,member
2135770,0D1B0F0D9750F391,classic_bike,2021-07-23 14:33:57,2021-07-23 14:37:46,Henry St & Grand St,5294,Columbia St & Rivington St,5365,40.714211,-73.981095,40.71739973,-73.98016555,member
2135773,97AF185E0FC77947,classic_bike,2021-07-26 09:33:29,2021-07-26 09:35:17,Henry St & Grand St,5294,Columbia St & Rivington St,5365,40.714211,-73.981095,40.71739973,-73.98016555,member
2135789,E4D3CEAC967BF012,classic_bike,2021-07-02 11:07:18,2021-07-02 11:09:48,Henry St & Grand St,5294,Columbia St & Rivington St,5365,40.714211,-73.981095,40.71739973,-73.98016555,member
2135805,8BCABAAD70C7A9F0,classic_bike,2021-07-16 18:34:56,2021-07-16 18:39:58,Henry St & Grand St,5294,Columbia St & Rivington St,5365,40.714211,-73.981095,40.71739973,-73.98016555,member
2135808,C15F383B1E1021E3,electric_bike,2021-07-09 19:38:50,2021-07-09 19:56:26,Washington St & Gansevoort St,6039,Columbia St & Rivington St,5365,40.739323,-74.008119,40.71739973,-73.98016555,member
2135847,D40BF0A0318B977D,classic_bike,2021-07-15 17:38:34,2021-07-15 18:11:21,1 Ave & E 68 St,6822,Columbia St & Rivington St,5365,40.76500525,-73.95818491,40.71739973,-73.98016555,member
2135848,B2746C03E5B2BD6A,classic_bike,2021-07-19 17:21:32,2021-07-19 17:48:21,1 Ave & E 68 St,6822,Columbia St & Rivington St,5365,40.76500525,-73.95818491,40.71739973,-73.98016555,member
2135849,6604102A156A9523,classic_bike,2021-07-16 17:24:41,2021-07-16 17:54:02,1 Ave & E 68 St,6822,Columbia St & Rivington St,5365,40.76500525,-73.95818491,40.71739973,-73.98016555,member
2135850,55126A26880278A0,classic_bike,2021-07-06 17:44:04,2021-07-06 18:16:11,1 Ave & E 68 St,6822,Columbia St & Rivington St,5365,40.76500525,-73.95818491,40.71739973,-73.98016555,member
2135851,5147F8E132FBAF54,classic_bike,2021-07-23 17:34:04,2021-07-23 18:02:28,1 Ave & E 68 St,6822,Columbia St & Rivington St,5365,40.76500525,-73.95818491,40.71739973,-73.98016555,member
2135932,1BDD7BC6D9A54DD0,classic_bike,2021-07-16 17:56:06,2021-07-16 18:50:57,E 58 St & 1 Ave (NE Corner),6682,Columbia St & Rivington St,5365,40.75892386377695,-73.96226227283478,40.71739973,-73.98016555,member
2135946,E6D4B14515759FF2,classic_bike,2021-07-13 18:28:49,2021-07-13 18:31:18,Henry St & Grand St,5294,Columbia St & Rivington St,5365,40.714211,-73.981095,40.71739973,-73.98016555,member
2135959,54CDE8F5C6886369,classic_bike,2021-07-14 15:15:17,2021-07-14 15:34:00,Carmine St & 6 Ave,5763,Columbia St & Rivington St,5365,40.73038599,-74.00214988,40.71739973,-73.98016555,casual
2135960,E9AED45640759309,classic_bike,2021-07-24 09:18:05,2021-07-24 09:41:32,Avenue D & E 3 St,5436,Columbia St & Rivington St,5365,40.72082834,-73.97793172,40.71739973,-73.98016555,casual
2135970,10A2B323A0E1B3EA,classic_bike,2021-07-17 02:03:35,2021-07-17 02:06:07,Avenue D & E 3 St,5436,Columbia St & Rivington St,5365,40.72082834,-73.97793172,40.71739973,-73.98016555,member
2135972,5E3E15C5343FB117,classic_bike,2021-07-12 17:01:44,2021-07-12 17:04:10,Avenue D & E 3 St,5436,Columbia St & Rivington St,5365,40.72082834,-73.97793172,40.71739973,-73.98016555,member
2135974,F628EED5CE25CF04,electric_bike,2021-07-15 17:32:38,2021-07-15 17:36:49,Avenue D & E 3 St,5436,Columbia St & Rivington St,5365,40.72082834,-73.97793172,40.71739973,-73.98016555,member
2135979,5B329AB8E67DBC89,classic_bike,2021-07-30 18:27:50,2021-07-30 18:31:05,Avenue D & E 3 St,5436,Columbia St & Rivington St,5365,40.72082834,-73.97793172,40.71739973,-73.98016555,member
2135980,0D7284910E7182A3,classic_bike,2021-07-21 17:54:21,2021-07-21 17:56:58,Avenue D & E 3 St,5436,Columbia St & Rivington St,5365,40.72082834,-73.97793172,40.71739973,-73.98016555,member
2135982,5979CF3C8A56EAE6,classic_bike,2021-07-25 18:47:17,2021-07-25 18:50:52,Avenue D & E 3 St,5436,Columbia St & Rivington St,5365,40.72082834,-73.97793172,40.71739973,-73.98016555,member
2135995,06B0F75DA21BB012,classic_bike,2021-07-19 12:37:06,2021-07-19 12:40:09,Avenue D & E 3 St,5436,Columbia St & Rivington St,5365,40.72082834,-73.97793172,40.71739973,-73.98016555,member
2135997,A55ACC0E81A893FD,classic_bike,2021-07-31 15:18:54,2021-07-31 15:21:27,Avenue D & E 3 St,5436,Columbia St & Rivington St,5365,40.72082834,-73.97793172,40.71739973,-73.98016555,member
2136000,10CCD3FF3CDEFF32,classic_bike,2021-07-28 17:24:10,2021-07-28 17:25:56,Avenue D & E 3 St,5436,Columbia St & Rivington St,5365,40.72082834,-73.97793172,40.71739973,-73.98016555,member
2136001,526D441F857DF4D7,classic_bike,2021-07-15 16:39:53,2021-07-15 16:43:24,Avenue D & E 3 St,5436,Columbia St & Rivington St,5365,40.72082834,-73.97793172,40.71739973,-73.98016555,member
2136006,343727A208200C1C,classic_bike,2021-07-28 17:28:11,2021-07-28 17:40:14,Avenue D & E 3 St,5436,Columbia St & Rivington St,5365,40.72082834,-73.97793172,40.71739973,-73.98016555,member
2136012,D58BFED79127944D,classic_bike,2021-07-05 10:54:58,2021-07-05 10:56:47,Avenue D & E 3 St,5436,Columbia St & Rivington St,5365,40.72082834,-73.97793172,40.71739973,-73.98016555,member
2136018,72F8F7975BFC85C6,classic_bike,2021-07-17 00:06:10,2021-07-17 00:14:19,Catherine St & Monroe St,5128,Columbia St & Rivington St,5365,40.71117444,-73.99682619,40.71739973,-73.98016555,casual
2136020,365705FEAB330BDC,electric_bike,2021-07-30 19:48:57,2021-07-30 20:08:00,Henry St & Grand St,5294,Columbia St & Rivington St,5365,40.714211,-73.981095,40.71739973,-73.98016555,member
2136036,9F72CA9D3CD14DAB,classic_bike,2021-07-11 08:21:03,2021-07-11 08:22:56,Avenue D & E 3 St,5436,Columbia St & Rivington St,5365,40.72082834,-73.97793172,40.71739973,-73.98016555,member
2136038,B7225C588018A1D3,classic_bike,2021-07-11 09:21:28,2021-07-11 09:24:20,Avenue D & E 3 St,5436,Columbia St & Rivington St,5365,40.72082834,-73.97793172,40.71739973,-73.98016555,member
2136185,6D073C7706D756EA,electric_bike,2021-07-16 17:59:27,2021-07-16 18:49:40,W 34 St & 11 Ave,6578,Columbia St & Rivington St,5365,40.75594159,-74.0021163,40.71739973,-73.98016555,casual
2136249,2D5CEC421DCE7EF0,classic_bike,2021-07-10 18:42:16,2021-07-10 19:11:31,E 53 St & Madison Ave,6659,Columbia St & Rivington St,5365,40.7597108,-73.97402311,40.71739973,-73.98016555,member
2136254,D0F2DC22DA1268FD,classic_bike,2021-07-30 16:41:27,2021-07-30 16:43:00,Henry St & Grand St,5294,Columbia St & Rivington St,5365,40.714211,-73.981095,40.71739973,-73.98016555,member
2136265,D211AA3C327902AA,electric_bike,2021-07-25 17:28:52,2021-07-25 17:30:35,Henry St & Grand St,5294,Columbia St & Rivington St,5365,40.714211,-73.981095,40.71739973,-73.98016555,member
2136266,3BDABC3F7A9C24FC,electric_bike,2021-07-23 21:31:03,2021-07-23 21:34:31,Henry St & Grand St,5294,Columbia St & Rivington St,5365,40.714211,-73.981095,40.71739973,-73.98016555,member
2136291,F7A8814D2AD95689,classic_bike,2021-07-30 16:53:44,2021-07-30 17:12:45,Madison Ave & E 26 St,6131,Columbia St & Rivington St,5365,40.742684734875695,-73.98671329021454,40.71739973,-73.98016555,member
2136353,7D28AFFE4A480613,classic_bike,2021-07-17 17:24:09,2021-07-17 17:26:52,Avenue D & E 3 St,5436,Columbia St & Rivington St,5365,40.72082834,-73.97793172,40.71739973,-73.98016555,member
2136355,49CB54253D6A7B09,electric_bike,2021-07-31 20:55:06,2021-07-31 21:00:59,Catherine St & Monroe St,5128,Columbia St & Rivington St,5365,40.71117444,-73.99682619,40.71739973,-73.98016555,member
2136356,E0FC23D5762A2FCD,classic_bike,2021-07-11 15:07:00,2021-07-11 15:17:24,Catherine St & Monroe St,5128,Columbia St & Rivington St,5365,40.71117444,-73.99682619,40.71739973,-73.98016555,member
2136358,8A7AC012D46004A8,classic_bike,2021-07-10 08:02:09,2021-07-10 08:10:09,Catherine St & Monroe St,5128,Columbia St & Rivington St,5365,40.71117444,-73.99682619,40.71739973,-73.98016555,member
2136397,1C594A31F521F9B8,classic_bike,2021-07-30 08:00:08,2021-07-30 08:01:42,Henry St & Grand St,5294,Columbia St & Rivington St,5365,40.714211,-73.981095,40.71739973,-73.98016555,member
2136404,191622E6B1237F18,classic_bike,2021-07-11 11:13:33,2021-07-11 11:23:11,Pike St & Monroe St,5159,Columbia St & Rivington St,5365,40.71173107,-73.99193043,40.71739973,-73.98016555,member
2136408,40DA502B5B5517A2,classic_bike,2021-07-23 11:07:43,2021-07-23 11:12:56,Pike St & Monroe St,5159,Columbia St & Rivington St,5365,40.71173107,-73.99193043,40.71739973,-73.98016555,member
2136421,FB6B25BE18B65BC1,electric_bike,2021-07-23 18:30:37,2021-07-23 18:43:16,Pike St & Monroe St,5159,Columbia St & Rivington St,5365,40.71173107,-73.99193043,40.71739973,-73.98016555,member
2136461,B3788F6D5C343CE9,classic_bike,2021-07-16 14:10:35,2021-07-16 14:19:07,Pike St & Monroe St,5159,Columbia St & Rivington St,5365,40.71173107,-73.99193043,40.71739973,-73.98016555,member
2136462,248DBA03B769A908,classic_bike,2021-07-18 18:16:34,2021-07-18 18:34:57,Pike St & Monroe St,5159,Columbia St & Rivington St,5365,40.71173107,-73.99193043,40.71739973,-73.98016555,member
2136463,834B1DA96852304D,classic_bike,2021-07-12 14:06:08,2021-07-12 14:14:48,Pike St & Monroe St,5159,Columbia St & Rivington St,5365,40.71173107,-73.99193043,40.71739973,-73.98016555,member
2136465,CC3E3D6F961133BF,classic_bike,2021-07-02 14:11:12,2021-07-02 14:19:25,Pike St & Monroe St,5159,Columbia St & Rivington St,5365,40.71173107,-73.99193043,40.71739973,-73.98016555,member
2136466,1C1409AED6633D0F,classic_bike,2021-07-23 08:14:23,2021-07-23 08:20:59,Pike St & Monroe St,5159,Columbia St & Rivington St,5365,40.71173107,-73.99193043,40.71739973,-73.98016555,member
2136499,48FCA94EA9F3D70A,classic_bike,2021-07-28 08:00:44,2021-07-28 08:02:15,Henry St & Grand St,5294,Columbia St & Rivington St,5365,40.714211,-73.981095,40.71739973,-73.98016555,member
2136507,47CA7CB2D6FC13D4,classic_bike,2021-07-18 10:44:24,2021-07-18 10:47:29,Henry St & Grand St,5294,Columbia St & Rivington St,5365,40.714211,-73.981095,40.71739973,-73.98016555,member
2136530,10A03131DD253D23,classic_bike,2021-07-08 08:01:22,2021-07-08 08:20:14,Catherine St & Monroe St,5128,Columbia St & Rivington St,5365,40.71117444,-73.99682619,40.71739973,-73.98016555,member
2136535,EDF8E65C8307F5B3,classic_bike,2021-07-23 07:58:13,2021-07-23 07:59:46,Henry St & Grand St,5294,Columbia St & Rivington St,5365,40.714211,-73.981095,40.71739973,-73.98016555,member
2136658,F90B5A73E1BDB631,electric_bike,2021-07-07 17:56:40,2021-07-07 18:07:45,E 17 St & Broadway,5980,Columbia St & Rivington St,5365,40.73704984,-73.99009296,40.71739973,-73.98016555,casual
2136666,E94861AD1ECD7E61,classic_bike,2021-07-28 18:14:49,2021-07-28 18:38:09,E 51 St & 1 Ave,6532,Columbia St & Rivington St,5365,40.75455731,-73.96592976,40.71739973,-73.98016555,casual
2136685,EF0EA53E2C7A062D,classic_bike,2021-07-20 11:39:36,2021-07-20 11:57:38,University Pl & E 14 St,5905,Columbia St & Rivington St,5365,40.734814,-73.992085,40.71739973,-73.98016555,member
2136691,114422C6830D231F,classic_bike,2021-07-07 16:04:58,2021-07-07 16:20:35,E 17 St & Broadway,5980,Columbia St & Rivington St,5365,40.73704984,-73.99009296,40.71739973,-73.98016555,member
2136692,FB85194BF2D7B8C8,classic_bike,2021-07-29 14:21:14,2021-07-29 14:35:19,E 17 St & Broadway,5980,Columbia St & Rivington St,5365,40.73704984,-73.99009296,40.71739973,-73.98016555,member
2136703,62EF6AEE1D247CB6,classic_bike,2021-07-28 20:15:50,2021-07-28 20:29:15,E 17 St & Broadway,5980,Columbia St & Rivington St,5365,40.73704984,-73.99009296,40.71739973,-73.98016555,member
2136704,F193B2A22E65CA9E,classic_bike,2021-07-27 20:19:53,2021-07-27 20:33:22,E 17 St & Broadway,5980,Columbia St & Rivington St,5365,40.73704984,-73.99009296,40.71739973,-73.98016555,member
2136744,6313064A305FD016,electric_bike,2021-07-03 20:24:54,2021-07-03 20:49:19,E 17 St & Broadway,5980,Columbia St & Rivington St,5365,40.73704984,-73.99009296,40.71739973,-73.98016555,member
2136745,C65A1D0336F0B770,classic_bike,2021-07-19 19:35:40,2021-07-19 19:50:54,E 17 St & Broadway,5980,Columbia St & Rivington St,5365,40.73704984,-73.99009296,40.71739973,-73.98016555,member
2136809,1EC3E2C79F2B9E3A,classic_bike,2021-07-05 20:13:02,2021-07-05 20:30:54,University Pl & E 14 St,5905,Columbia St & Rivington St,5365,40.734814,-73.992085,40.71739973,-73.98016555,casual
2136855,473E72908502B80F,classic_bike,2021-07-21 19:39:23,2021-07-21 19:52:43,E 17 St & Broadway,5980,Columbia St & Rivington St,5365,40.73704984,-73.99009296,40.71739973,-73.98016555,member
2136865,95BD855689EAE06A,electric_bike,2021-07-02 14:46:14,2021-07-02 15:02:46,E 17 St & Broadway,5980,Columbia St & Rivington St,5365,40.73704984,-73.99009296,40.71739973,-73.98016555,member
2136901,4EB8EB5B010EF64C,electric_bike,2021-07-27 00:35:14,2021-07-27 00:43:49,University Pl & E 14 St,5905,Columbia St & Rivington St,5365,40.734814,-73.992085,40.71739973,-73.98016555,member
2136935,0A16DDC9524CE3E2,classic_bike,2021-07-24 09:57:17,2021-07-24 10:24:10,E 51 St & 1 Ave,6532,Columbia St & Rivington St,5365,40.75455731,-73.96592976,40.71739973,-73.98016555,casual
2136964,B609CBCD6475173F,classic_bike,2021-07-27 17:35:33,2021-07-27 18:00:04,E 17 St & Broadway,5980,Columbia St & Rivington St,5365,40.73704984,-73.99009296,40.71739973,-73.98016555,casual
2136968,46E5DF8404D68B30,electric_bike,2021-07-26 15:07:44,2021-07-26 15:22:44,E 17 St & Broadway,5980,Columbia St & Rivington St,5365,40.73704984,-73.99009296,40.71739973,-73.98016555,casual
2136978,372DC5FDD9B5AE42,classic_bike,2021-07-28 18:13:32,2021-07-28 18:25:53,University Pl & E 14 St,5905,Columbia St & Rivington St,5365,40.734814,-73.992085,40.71739973,-73.98016555,casual
2136983,F8B616109DD6D94D,classic_bike,2021-07-31 08:03:11,2021-07-31 08:15:51,University Pl & E 14 St,5905,Columbia St & Rivington St,5365,40.734814,-73.992085,40.71739973,-73.98016555,casual
2137040,EA604F35ED90BD81,electric_bike,2021-07-05 16:56:02,2021-07-05 17:18:24,E 68 St & 3 Ave,6896,Columbia St & Rivington St,5365,40.76712840349542,-73.96224617958069,40.71739973,-73.98016555,member
2137069,AF9F07830620D2A1,classic_bike,2021-07-03 20:53:04,2021-07-03 21:09:01,MacDougal St & Washington Sq,5797,Columbia St & Rivington St,5365,40.73226398,-73.99852205,40.71739973,-73.98016555,casual
2137077,919CA5D1C7E17F39,electric_bike,2021-07-18 12:38:39,2021-07-18 13:04:23,W 37 St & 10 Ave,6611,Columbia St & Rivington St,5365,40.75660359,-73.9979009,40.71739973,-73.98016555,member
2137100,B9B95EC492FB6439,classic_bike,2021-07-22 10:14:28,2021-07-22 10:17:47,Avenue D & E 3 St,5436,Columbia St & Rivington St,5365,40.72082834,-73.97793172,40.71739973,-73.98016555,member
2137107,A02A3502F8863449,classic_bike,2021-07-30 23:14:08,2021-07-30 23:24:27,Avenue D & E 3 St,5436,Columbia St & Rivington St,5365,40.72082834,-73.97793172,40.71739973,-73.98016555,member
2137115,E0A050F8D239621B,classic_bike,2021-07-28 12:10:31,2021-07-28 12:14:37,Avenue D & E 3 St,5436,Columbia St & Rivington St,5365,40.72082834,-73.97793172,40.71739973,-73.98016555,member
2137116,094D576C23605D4B,classic_bike,2021-07-22 23:19:58,2021-07-22 23:27:21,Avenue D & E 3 St,5436,Columbia St & Rivington St,5365,40.72082834,-73.97793172,40.71739973,-73.98016555,member
2137117,7307675015F8BE81,classic_bike,2021-07-15 10:38:04,2021-07-15 10:40:44,Avenue D & E 3 St,5436,Columbia St & Rivington St,5365,40.72082834,-73.97793172,40.71739973,-73.98016555,casual
2137120,40C388C993848984,classic_bike,2021-07-21 14:46:44,2021-07-21 14:48:40,Avenue D & E 3 St,5436,Columbia St & Rivington St,5365,40.72082834,-73.97793172,40.71739973,-73.98016555,casual
2137132,8D0A9025C09624F4,electric_bike,2021-07-19 19:26:16,2021-07-19 19:37:16,Henry St & Grand St,5294,Columbia St & Rivington St,5365,40.714211,-73.981095,40.71739973,-73.98016555,member
2137135,234AB2C3F5DAF402,classic_bike,2021-07-09 13:27:33,2021-07-09 13:29:36,Henry St & Grand St,5294,Columbia St & Rivington St,5365,40.714211,-73.981095,40.71739973,-73.98016555,member
2137136,F0626C09AA0260EE,electric_bike,2021-07-12 17:45:28,2021-07-12 17:47:31,Henry St & Grand St,5294,Columbia St & Rivington St,5365,40.714211,-73.981095,40.71739973,-73.98016555,member
2137146,058A6B5D74C95ABD,classic_bike,2021-07-31 19:37:34,2021-07-31 19:56:42,South St & Whitehall St,4846,Columbia St & Rivington St,5365,40.70122128,-74.01234218,40.71739973,-73.98016555,member
2137176,C558050B9492EE52,classic_bike,2021-07-27 17:33:30,2021-07-27 17:50:19,South St & Whitehall St,4846,Columbia St & Rivington St,5365,40.70122128,-74.01234218,40.71739973,-73.98016555,member
2137200,65CBB94C884349D3,classic_bike,2021-07-13 19:40:55,2021-07-13 19:43:09,Henry St & Grand St,5294,Columbia St & Rivington St,5365,40.714211,-73.981095,40.71739973,-73.98016555,member
2137207,1A31E5BE3D7237F6,classic_bike,2021-07-15 12:53:30,2021-07-15 12:54:56,Henry St & Grand St,5294,Columbia St & Rivington St,5365,40.714211,-73.981095,40.71739973,-73.98016555,member
2137213,191146263D8DE7D9,classic_bike,2021-07-26 21:57:54,2021-07-26 22:06:00,Pike St & Monroe St,5159,Columbia St & Rivington St,5365,40.71173107,-73.99193043,40.71739973,-73.98016555,member
2137228,B034C99512A1F9D7,classic_bike,2021-07-22 22:39:31,2021-07-22 22:42:02,Pitt St & Stanton St,5406,Columbia St & Rivington St,5365,40.71926081,-73.98178024,40.71739973,-73.98016555,member
2137230,C486392919934346,classic_bike,2021-07-14 14:16:41,2021-07-14 14:20:19,Pitt St & Stanton St,5406,Columbia St & Rivington St,5365,40.71926081,-73.98178024,40.71739973,-73.98016555,member
2137238,05E3A20F499DBE8C,electric_bike,2021-07-04 12:49:39,2021-07-04 13:00:58,Mercer St & Spring St,5532,Columbia St & Rivington St,5365,40.72362738,-73.99949601,40.71739973,-73.98016555,casual
2137259,E46ED22433FAEE2F,electric_bike,2021-07-22 11:06:20,2021-07-22 11:23:00,Mercer St & Spring St,5532,Columbia St & Rivington St,5365,40.72362738,-73.99949601,40.71739973,-73.98016555,member
2137264,5A780B9489E030FF,classic_bike,2021-07-08 08:39:20,2021-07-08 08:41:46,Henry St & Grand St,5294,Columbia St & Rivington St,5365,40.714211,-73.981095,40.71739973,-73.98016555,member
2137270,E2BC892FF602EB4F,electric_bike,2021-07-08 19:01:56,2021-07-08 19:07:30,Avenue D & E 3 St,5436,Columbia St & Rivington St,5365,40.72082834,-73.97793172,40.71739973,-73.98016555,casual
2137333,28394BC5207BE0EE,classic_bike,2021-07-30 14:47:45,2021-07-30 14:51:22,Pitt St & Stanton St,5406,Columbia St & Rivington St,5365,40.71926081,-73.98178024,40.71739973,-73.98016555,member
2137340,D48ED3B77231CD2F,electric_bike,2021-07-22 12:58:26,2021-07-22 13:04:59,Mercer St & Spring St,5532,Columbia St & Rivington St,5365,40.72362738,-73.99949601,40.71739973,-73.98016555,casual
2137345,91BB461F2367F729,classic_bike,2021-07-22 13:02:37,2021-07-22 13:05:59,Pitt St & Stanton St,5406,Columbia St & Rivington St,5365,40.71926081,-73.98178024,40.71739973,-73.98016555,member
2137347,A5095C61FED9BDA3,electric_bike,2021-07-08 21:15:07,2021-07-08 21:24:43,Pitt St & Stanton St,5406,Columbia St & Rivington St,5365,40.71926081,-73.98178024,40.71739973,-73.98016555,member
2137350,B66AF2D780C6E917,classic_bike,2021-07-10 17:20:40,2021-07-10 17:22:28,Pitt St & Stanton St,5406,Columbia St & Rivington St,5365,40.71926081,-73.98178024,40.71739973,-73.98016555,member
2137355,7D55588625A774B9,classic_bike,2021-07-24 10:58:37,2021-07-24 11:01:16,Pitt St & Stanton St,5406,Columbia St & Rivington St,5365,40.71926081,-73.98178024,40.71739973,-73.98016555,member
2137362,4D7BDB153EA21568,electric_bike,2021-07-18 20:40:34,2021-07-18 21:01:08,5 Ave & E 29 St,6248,Columbia St & Rivington St,5365,40.7451677,-73.98683077,40.71739973,-73.98016555,casual
2137374,99C6047A327FE3F5,classic_bike,2021-07-18 10:54:43,2021-07-18 11:06:30,Pitt St & Stanton St,5406,Columbia St & Rivington St,5365,40.71926081,-73.98178024,40.71739973,-73.98016555,member
2137376,FA6A2CB17B824A00,classic_bike,2021-07-22 13:04:21,2021-07-22 13:07:16,Pitt St & Stanton St,5406,Columbia St & Rivington St,5365,40.71926081,-73.98178024,40.71739973,-73.98016555,member
2137437,7D08F02E81CAC6C7,classic_bike,2021-07-10 17:12:00,2021-07-10 17:26:57,South St & Whitehall St,4846,Columbia St & Rivington St,5365,40.70122128,-74.01234218,40.71739973,-73.98016555,member
2137460,3028EBA20F6F3D1D,classic_bike,2021-07-31 17:40:04,2021-07-31 17:41:38,Henry St & Grand St,5294,Columbia St & Rivington St,5365,40.714211,-73.981095,40.71739973,-73.98016555,member
2137469,CCEC0C31D7BA264A,classic_bike,2021-07-23 18:53:10,2021-07-23 18:55:28,Avenue D & E 3 St,5436,Columbia St & Rivington St,5365,40.72082834,-73.97793172,40.71739973,-73.98016555,member
2137472,A552E3BEE3ADE20A,classic_bike,2021-07-16 08:15:32,2021-07-16 08:21:57,Avenue D & E 3 St,5436,Columbia St & Rivington St,5365,40.72082834,-73.97793172,40.71739973,-73.98016555,member
2137481,AA357EA6A2B1D887,electric_bike,2021-07-02 17:43:12,2021-07-02 18:13:42,Avenue D & E 3 St,5436,Columbia St & Rivington St,5365,40.72082834,-73.97793172,40.71739973,-73.98016555,casual
2137490,137D568EF95E6163,classic_bike,2021-07-15 22:16:56,2021-07-15 22:18:45,Avenue D & E 3 St,5436,Columbia St & Rivington St,5365,40.72082834,-73.97793172,40.71739973,-73.98016555,member
2137517,BC1FC7CC84437C67,electric_bike,2021-07-24 10:18:48,2021-07-24 10:29:38,Carmine St & 6 Ave,5763,Columbia St & Rivington St,5365,40.73038599,-74.00214988,40.71739973,-73.98016555,member
2137536,5E797193061DAA34,electric_bike,2021-07-13 07:38:35,2021-07-13 07:47:47,Carmine St & 6 Ave,5763,Columbia St & Rivington St,5365,40.73038599,-74.00214988,40.71739973,-73.98016555,casual
2137548,74891C3901C600EF,classic_bike,2021-07-22 14:02:31,2021-07-22 14:04:45,Henry St & Grand St,5294,Columbia St & Rivington St,5365,40.714211,-73.981095,40.71739973,-73.98016555,member
2137550,985F3A62A7838787,classic_bike,2021-07-17 07:58:46,2021-07-17 08:00:52,Avenue D & E 3 St,5436,Columbia St & Rivington St,5365,40.72082834,-73.97793172,40.71739973,-73.98016555,member
2137568,BCEEDAB83CA7F427,electric_bike,2021-07-10 12:34:52,2021-07-10 12:37:08,Avenue D & E 3 St,5436,Columbia St & Rivington St,5365,40.72082834,-73.97793172,40.71739973,-73.98016555,casual
2137570,AA9114B74C049D9A,classic_bike,2021-07-25 20:21:40,2021-07-25 20:23:50,Pitt St & Stanton St,5406,Columbia St & Rivington St,5365,40.71926081,-73.98178024,40.71739973,-73.98016555,member
2137604,12D2894CC7AD319D,electric_bike,2021-07-22 00:43:11,2021-07-22 00:48:56,Catherine St & Monroe St,5128,Columbia St & Rivington St,5365,40.71117444,-73.99682619,40.71739973,-73.98016555,casual
2137623,9D0D01BE829538BD,electric_bike,2021-07-16 16:30:09,2021-07-16 16:55:21,Henry St & Grand St,5294,Columbia St & Rivington St,5365,40.714211,-73.981095,40.71739973,-73.98016555,casual
2137672,AD798D3B1D1103C1,classic_bike,2021-07-23 15:19:50,2021-07-23 15:37:21,E 20 St & Park Ave,6055,Columbia St & Rivington St,5365,40.73827428,-73.98751968,40.71739973,-73.98016555,member
2137683,616578CA2BD11CA5,classic_bike,2021-07-16 14:23:11,2021-07-16 14:25:02,Avenue D & E 3 St,5436,Columbia St & Rivington St,5365,40.72082834,-73.97793172,40.71739973,-73.98016555,member
2137689,5CED49CEE8974723,classic_bike,2021-07-17 08:16:00,2021-07-17 08:18:57,Avenue D & E 3 St,5436,Columbia St & Rivington St,5365,40.72082834,-73.97793172,40.71739973,-73.98016555,member
2137690,A6DB9466C28277FD,classic_bike,2021-07-03 20:40:37,2021-07-03 20:54:01,Avenue D & E 3 St,5436,Columbia St & Rivington St,5365,40.72082834,-73.97793172,40.71739973,-73.98016555,member
2137734,2A4420A4A3D2D198,electric_bike,2021-07-23 13:38:32,2021-07-23 13:50:39,South St & Whitehall St,4846,Columbia St & Rivington St,5365,40.70122128,-74.01234218,40.71739973,-73.98016555,member
2137737,B9C055D47B98F8ED,classic_bike,2021-07-19 19:59:24,2021-07-19 20:20:37,South St & Whitehall St,4846,Columbia St & Rivington St,5365,40.70122128,-74.01234218,40.71739973,-73.98016555,member
2137750,CFED3B66137D98B3,electric_bike,2021-07-26 11:19:36,2021-07-26 11:42:52,6 Ave & W 33 St,6364,Columbia St & Rivington St,5365,40.74901271,-73.98848395,40.71739973,-73.98016555,casual
2137761,41B8504F41C6578D,classic_bike,2021-07-25 00:52:57,2021-07-25 01:02:10,Avenue D & E 3 St,5436,Columbia St & Rivington St,5365,40.72082834,-73.97793172,40.71739973,-73.98016555,member
2137762,19DC12F20D6FF6FF,classic_bike,2021-07-13 20:25:09,2021-07-13 20:28:37,Avenue D & E 3 St,5436,Columbia St & Rivington St,5365,40.72082834,-73.97793172,40.71739973,-73.98016555,member
2137763,AC41978CB8D6E495,classic_bike,2021-07-25 14:04:51,2021-07-25 14:08:06,Avenue D & E 3 St,5436,Columbia St & Rivington St,5365,40.72082834,-73.97793172,40.71739973,-73.98016555,member
2137766,6200391C4D570B57,electric_bike,2021-07-21 18:28:03,2021-07-21 18:30:39,Avenue D & E 3 St,5436,Columbia St & Rivington St,5365,40.72082834,-73.97793172,40.71739973,-73.98016555,member
2137780,FC6DF965AE1649A9,classic_bike,2021-07-18 08:10:12,2021-07-18 08:13:37,Avenue D & E 3 St,5436,Columbia St & Rivington St,5365,40.72082834,-73.97793172,40.71739973,-73.98016555,member
2137783,9D982FE9D9FCF9AF,electric_bike,2021-07-02 15:58:12,2021-07-02 16:24:12,Riverside Blvd & W 67 St,7183,Columbia St & Rivington St,5365,40.777507027547976,-73.98888587951659,40.71739973,-73.98016555,member
2137785,250BE664144D6E95,classic_bike,2021-07-25 14:12:05,2021-07-25 14:45:06,Madison Ave & E 26 St,6131,Columbia St & Rivington St,5365,40.742684734875695,-73.98671329021454,40.71739973,-73.98016555,member
2137882,CCC053D2EA375B1C,electric_bike,2021-07-06 07:32:26,2021-07-06 07:43:44,Carmine St & 6 Ave,5763,Columbia St & Rivington St,5365,40.73038599,-74.00214988,40.71739973,-73.98016555,casual
2137889,6DD7A9A622AF4442,classic_bike,2021-07-02 13:01:45,2021-07-02 13:03:47,Avenue D & E 3 St,5436,Columbia St & Rivington St,5365,40.72082834,-73.97793172,40.71739973,-73.98016555,member
2137917,BE877C74F3479EB2,electric_bike,2021-07-21 13:48:25,2021-07-21 14:00:59,South St & Whitehall St,4846,Columbia St & Rivington St,5365,40.70122128,-74.01234218,40.71739973,-73.98016555,casual
2137934,53F0722F14777AAB,electric_bike,2021-07-24 20:49:26,2021-07-24 21:18:06,6 Ave & W 33 St,6364,Columbia St & Rivington St,5365,40.74901271,-73.98848395,40.71739973,-73.98016555,member
2137936,8DFA0B7B01935E58,classic_bike,2021-07-05 20:27:42,2021-07-05 20:48:49,South St & Whitehall St,4846,Columbia St & Rivington St,5365,40.70122128,-74.01234218,40.71739973,-73.98016555,member
2138035,D764873DD7DC3695,classic_bike,2021-07-27 08:03:46,2021-07-27 08:12:30,Catherine St & Monroe St,5128,Columbia St & Rivington St,5365,40.71117444,-73.99682619,40.71739973,-73.98016555,member
2138037,B8CA4BB8D4036B81,classic_bike,2021-07-26 07:59:29,2021-07-26 08:07:16,Catherine St & Monroe St,5128,Columbia St & Rivington St,5365,40.71117444,-73.99682619,40.71739973,-73.98016555,member
2138050,7AAF03FA3A594CBE,electric_bike,2021-07-30 18:39:02,2021-07-30 18:48:07,Catherine St & Monroe St,5128,Columbia St & Rivington St,5365,40.71117444,-73.99682619,40.71739973,-73.98016555,member
2138051,911303F939EF3433,classic_bike,2021-07-12 14:08:05,2021-07-12 14:17:05,Catherine St & Monroe St,5128,Columbia St & Rivington St,5365,40.71117444,-73.99682619,40.71739973,-73.98016555,member
2138060,0D1BBBF27B3746BE,classic_bike,2021-07-08 16:20:06,2021-07-08 16:27:26,Avenue D & E 3 St,5436,Columbia St & Rivington St,5365,40.72082834,-73.97793172,40.71739973,-73.98016555,casual
2138061,88A046D2A612F23A,electric_bike,2021-07-24 21:21:54,2021-07-24 22:53:42,Avenue D & E 3 St,5436,Columbia St & Rivington St,5365,40.72082834,-73.97793172,40.71739973,-73.98016555,casual
2138066,BFD60EE111054322,classic_bike,2021-07-23 20:16:29,2021-07-23 20:31:21,Carmine St & 6 Ave,5763,Columbia St & Rivington St,5365,40.73038599,-74.00214988,40.71739973,-73.98016555,member
2138079,B423B497055F6A40,classic_bike,2021-07-27 17:41:27,2021-07-27 18:05:56,1 Ave & E 62 St,6753,Columbia St & Rivington St,5365,40.7612274,-73.96094022,40.71739973,-73.98016555,member
2138092,353D8798D55B0F61,classic_bike,2021-07-24 13:20:50,2021-07-24 13:26:23,Avenue D & E 3 St,5436,Columbia St & Rivington St,5365,40.72082834,-73.97793172,40.71739973,-73.98016555,member
2138095,F81E9389D9C1EB5A,classic_bike,2021-07-20 16:34:14,2021-07-20 16:37:12,Avenue D & E 3 St,5436,Columbia St & Rivington St,5365,40.72082834,-73.97793172,40.71739973,-73.98016555,member
2138101,ABBEAEA9C34DD399,classic_bike,2021-07-16 12:16:22,2021-07-16 12:18:55,Avenue D & E 3 St,5436,Columbia St & Rivington St,5365,40.72082834,-73.97793172,40.71739973,-73.98016555,member
2138103,62E7C23575DE2C10,classic_bike,2021-07-23 11:18:08,2021-07-23 11:21:53,Avenue D & E 3 St,5436,Columbia St & Rivington St,5365,40.72082834,-73.97793172,40.71739973,-73.98016555,member
2138104,2F1AF45AF1C3F4BA,classic_bike,2021-07-06 00:16:22,2021-07-06 00:21:41,Avenue D & E 3 St,5436,Columbia St & Rivington St,5365,40.72082834,-73.97793172,40.71739973,-73.98016555,member
2138105,5BFB9522D55A2B3C,classic_bike,2021-07-25 10:39:10,2021-07-25 10:41:32,Avenue D & E 3 St,5436,Columbia St & Rivington St,5365,40.72082834,-73.97793172,40.71739973,-73.98016555,member
2138117,745DC17275D96452,classic_bike,2021-07-21 14:55:47,2021-07-21 14:58:50,Avenue D & E 3 St,5436,Columbia St & Rivington St,5365,40.72082834,-73.97793172,40.71739973,-73.98016555,member
2138139,2E0C720A40988FB9,classic_bike,2021-07-15 20:06:29,2021-07-15 20:12:39,Avenue D & E 3 St,5436,Columbia St & Rivington St,5365,40.72082834,-73.97793172,40.71739973,-73.98016555,member
2138140,C7FA5A0E65011172,classic_bike,2021-07-16 18:37:40,2021-07-16 18:40:23,Avenue D & E 3 St,5436,Columbia St & Rivington St,5365,40.72082834,-73.97793172,40.71739973,-73.98016555,member
2138141,BE3AB8E13CEE90EB,classic_bike,2021-07-16 13:08:46,2021-07-16 13:19:01,Avenue D & E 3 St,5436,Columbia St & Rivington St,5365,40.72082834,-73.97793172,40.71739973,-73.98016555,member
2138142,4E51A74E322F8B59,classic_bike,2021-07-27 12:01:27,2021-07-27 12:04:28,Avenue D & E 3 St,5436,Columbia St & Rivington St,5365,40.72082834,-73.97793172,40.71739973,-73.98016555,member
2138143,19908B8B2175887C,classic_bike,2021-07-26 16:16:08,2021-07-26 16:19:36,Avenue D & E 3 St,5436,Columbia St & Rivington St,5365,40.72082834,-73.97793172,40.71739973,-73.98016555,member
2138148,5913F81320C08771,classic_bike,2021-07-27 10:24:38,2021-07-27 10:26:26,Avenue D & E 3 St,5436,Columbia St & Rivington St,5365,40.72082834,-73.97793172,40.71739973,-73.98016555,member
2138159,43D4401CA1E37DA8,classic_bike,2021-07-26 18:56:35,2021-07-26 19:00:09,Avenue D & E 3 St,5436,Columbia St & Rivington St,5365,40.72082834,-73.97793172,40.71739973,-73.98016555,member
2138163,3500FBC53DE8060D,classic_bike,2021-07-24 18:54:06,2021-07-24 19:07:19,Avenue D & E 3 St,5436,Columbia St & Rivington St,5365,40.72082834,-73.97793172,40.71739973,-73.98016555,member
2138164,3C386A4A5B21463A,electric_bike,2021-07-22 14:03:47,2021-07-22 14:07:53,Avenue D & E 3 St,5436,Columbia St & Rivington St,5365,40.72082834,-73.97793172,40.71739973,-73.98016555,member
2138197,5EBCD9AE3474D967,classic_bike,2021-07-20 12:30:29,2021-07-20 12:32:09,Henry St & Grand St,5294,Columbia St & Rivington St,5365,40.714211,-73.981095,40.71739973,-73.98016555,member
2138198,EB96BC51D89A68A8,classic_bike,2021-07-28 16:19:13,2021-07-28 16:20:50,Henry St & Grand St,5294,Columbia St & Rivington St,5365,40.714211,-73.981095,40.71739973,-73.98016555,member
2138206,38D1E65F60B47B76,classic_bike,2021-07-20 13:57:30,2021-07-20 14:00:13,Avenue D & E 3 St,5436,Columbia St & Rivington St,5365,40.72082834,-73.97793172,40.71739973,-73.98016555,member
2138207,90971AB6137D8724,classic_bike,2021-07-30 08:59:48,2021-07-30 09:11:20,Carmine St & 6 Ave,5763,Columbia St & Rivington St,5365,40.73038599,-74.00214988,40.71739973,-73.98016555,member
2138209,AE8B9E797C31E07E,classic_bike,2021-07-05 09:43:27,2021-07-05 09:45:57,Avenue D & E 3 St,5436,Columbia St & Rivington St,5365,40.72082834,-73.97793172,40.71739973,-73.98016555,member
2138214,50068D764E2DAA1D,classic_bike,2021-07-10 19:11:45,2021-07-10 19:20:43,Avenue D & E 3 St,5436,Columbia St & Rivington St,5365,40.72082834,-73.97793172,40.71739973,-73.98016555,member
2138224,05C8FA888DAA9F3D,classic_bike,2021-07-10 01:30:23,2021-07-10 01:43:58,Carmine St & 6 Ave,5763,Columbia St & Rivington St,5365,40.73038599,-74.00214988,40.71739973,-73.98016555,casual
2138228,794198E08C86BC81,classic_bike,2021-07-07 08:35:22,2021-07-07 08:37:30,Avenue D & E 3 St,5436,Columbia St & Rivington St,5365,40.72082834,-73.97793172,40.71739973,-73.98016555,casual
2138235,ADD6F5FFBFEE9B1A,classic_bike,2021-07-24 18:41:42,2021-07-24 18:43:14,Avenue D & E 3 St,5436,Columbia St & Rivington St,5365,40.72082834,-73.97793172,40.71739973,-73.98016555,casual
2138238,DE22E3CB6826A904,classic_bike,2021-07-13 14:56:51,2021-07-13 15:21:43,W 30 St & 10 Ave,6459,Columbia St & Rivington St,5365,40.752694,-74.002353,40.71739973,-73.98016555,casual
2138248,C85344847269A415,classic_bike,2021-07-13 20:52:15,2021-07-13 21:32:17,W 30 St & 10 Ave,6459,Columbia St & Rivington St,5365,40.752694,-74.002353,40.71739973,-73.98016555,member
2138260,764E4B3A57DE307F,classic_bike,2021-07-07 08:39:56,2021-07-07 08:41:57,Avenue D & E 3 St,5436,Columbia St & Rivington St,5365,40.72082834,-73.97793172,40.71739973,-73.98016555,member
2138266,5B496710229EEF63,classic_bike,2021-07-05 15:07:09,2021-07-05 15:27:01,Avenue D & E 3 St,5436,Columbia St & Rivington St,5365,40.72082834,-73.97793172,40.71739973,-73.98016555,member
2138273,EDC950DC7D22FD93,electric_bike,2021-07-25 14:14:42,2021-07-25 14:56:26,Avenue D & E 3 St,5436,Columbia St & Rivington St,5365,40.72082834,-73.97793172,40.71739973,-73.98016555,member
2138280,81A2F0C7AFF21871,electric_bike,2021-07-22 17:43:20,2021-07-22 18:04:07,Avenue D & E 3 St,5436,Columbia St & Rivington St,5365,40.72082834,-73.97793172,40.71739973,-73.98016555,casual
2138285,C8C6B0F3DCC154BE,classic_bike,2021-07-14 20:05:40,2021-07-14 20:08:16,Avenue D & E 3 St,5436,Columbia St & Rivington St,5365,40.72082834,-73.97793172,40.71739973,-73.98016555,member
2138295,E37ABCCEABCE165A,classic_bike,2021-07-10 08:47:08,2021-07-10 08:50:21,Avenue D & E 3 St,5436,Columbia St & Rivington St,5365,40.72082834,-73.97793172,40.71739973,-73.98016555,member
2138308,409AF64695856785,classic_bike,2021-07-27 12:52:27,2021-07-27 12:55:02,Avenue D & E 3 St,5436,Columbia St & Rivington St,5365,40.72082834,-73.97793172,40.71739973,-73.98016555,member
2138359,A2660C25B583E6DD,electric_bike,2021-07-25 22:35:15,2021-07-25 22:52:09,South St & Whitehall St,4846,Columbia St & Rivington St,5365,40.70122128,-74.01234218,40.71739973,-73.98016555,member
2138365,126FE06EFAED7A65,classic_bike,2021-07-20 16:14:45,2021-07-20 16:34:10,Mercer St & Spring St,5532,Columbia St & Rivington St,5365,40.72362738,-73.99949601,40.71739973,-73.98016555,member
2138393,788772A6717C2345,classic_bike,2021-07-30 08:31:55,2021-07-30 08:38:08,Pike St & Monroe St,5159,Columbia St & Rivington St,5365,40.71173107,-73.99193043,40.71739973,-73.98016555,member
2138395,2BD61AE17312DE32,classic_bike,2021-07-21 08:21:28,2021-07-21 08:27:42,Pike St & Monroe St,5159,Columbia St & Rivington St,5365,40.71173107,-73.99193043,40.71739973,-73.98016555,member
2138396,877BBBCB7CD96D17,classic_bike,2021-07-20 08:25:30,2021-07-20 08:31:41,Pike St & Monroe St,5159,Columbia St & Rivington St,5365,40.71173107,-73.99193043,40.71739973,-73.98016555,member
2138397,518753D81F522F5A,classic_bike,2021-07-19 09:59:35,2021-07-19 10:05:03,Pike St & Monroe St,5159,Columbia St & Rivington St,5365,40.71173107,-73.99193043,40.71739973,-73.98016555,member
2138398,72CBF615C752B281,classic_bike,2021-07-16 08:00:26,2021-07-16 08:06:47,Pike St & Monroe St,5159,Columbia St & Rivington St,5365,40.71173107,-73.99193043,40.71739973,-73.98016555,member
2138420,DAC5505B0A2E33A7,classic_bike,2021-07-24 12:09:27,2021-07-24 12:39:13,1 Ave & E 62 St,6753,Columbia St & Rivington St,5365,40.7612274,-73.96094022,40.71739973,-73.98016555,member
2138466,446B2F1A3950A66F,electric_bike,2021-07-30 12:10:46,2021-07-30 12:24:22,Mercer St & Spring St,5532,Columbia St & Rivington St,5365,40.72362738,-73.99949601,40.71739973,-73.98016555,member
2138486,437110A520F7F7BB,classic_bike,2021-07-18 11:48:04,2021-07-18 12:07:21,E 20 St & Park Ave,6055,Columbia St & Rivington St,5365,40.73827428,-73.98751968,40.71739973,-73.98016555,member
2138562,06F0E36C92DA8199,classic_bike,2021-07-24 08:44:00,2021-07-24 08:59:54,E 20 St & Park Ave,6055,Columbia St & Rivington St,5365,40.73827428,-73.98751968,40.71739973,-73.98016555,member
2138572,E5A2359D55F823FA,classic_bike,2021-07-23 15:07:09,2021-07-23 15:26:57,South St & Whitehall St,4846,Columbia St & Rivington St,5365,40.70122128,-74.01234218,40.71739973,-73.98016555,member
2138588,695AC966779FFDDE,classic_bike,2021-07-15 14:28:24,2021-07-15 14:32:34,Cherry St,5181,Columbia St & Rivington St,5365,40.71219906,-73.97948148,40.71739973,-73.98016555,member
2138592,ECFA8E1EF5453312,classic_bike,2021-07-22 09:58:33,2021-07-22 10:01:29,Cherry St,5181,Columbia St & Rivington St,5365,40.71219906,-73.97948148,40.71739973,-73.98016555,member
2138593,82CE5F8FDAAF757B,classic_bike,2021-07-26 18:21:28,2021-07-26 18:24:57,Cherry St,5181,Columbia St & Rivington St,5365,40.71219906,-73.97948148,40.71739973,-73.98016555,member
2138595,3EA712DCECAE4B63,classic_bike,2021-07-22 20:17:14,2021-07-22 20:35:42,William St & Pine St,5065,Columbia St & Rivington St,5365,40.70717936,-74.00887308,40.71739973,-73.98016555,member
2138638,DE19B0618DFC4088,electric_bike,2021-07-06 13:04:23,2021-07-06 13:34:37,W 37 St & 10 Ave,6611,Columbia St & Rivington St,5365,40.75660359,-73.9979009,40.71739973,-73.98016555,member
2138650,EF9C2DEA27234A15,electric_bike,2021-07-21 19:46:31,2021-07-21 20:02:24,E 20 St & Park Ave,6055,Columbia St & Rivington St,5365,40.73827428,-73.98751968,40.71739973,-73.98016555,member
2138679,0B9FD0E08801F52B,classic_bike,2021-07-22 19:06:21,2021-07-22 19:22:18,E 20 St & Park Ave,6055,Columbia St & Rivington St,5365,40.73827428,-73.98751968,40.71739973,-73.98016555,member
2138834,33400D7A69F64F83,classic_bike,2021-07-12 14:27:43,2021-07-12 14:32:14,Cherry St,5181,Columbia St & Rivington St,5365,40.71219906,-73.97948148,40.71739973,-73.98016555,member
2138836,0B91DEC73C2E10D9,classic_bike,2021-07-30 07:15:44,2021-07-30 07:28:48,Cherry St,5181,Columbia St & Rivington St,5365,40.71219906,-73.97948148,40.71739973,-73.98016555,member
2138846,A2D35A7D65AFA6EF,classic_bike,2021-07-11 09:19:41,2021-07-11 09:23:01,Cherry St,5181,Columbia St & Rivington St,5365,40.71219906,-73.97948148,40.71739973,-73.98016555,member
2138878,1E1E24670187C8B4,classic_bike,2021-07-11 16:02:06,2021-07-11 16:05:07,Cherry St,5181,Columbia St & Rivington St,5365,40.71219906,-73.97948148,40.71739973,-73.98016555,member
2138898,57D4BD3E686BF442,classic_bike,2021-07-20 16:09:56,2021-07-20 16:35:59,Mercer St & Spring St,5532,Columbia St & Rivington St,5365,40.72362738,-73.99949601,40.71739973,-73.98016555,member
2138925,BFDFF734B1E214FA,electric_bike,2021-07-28 16:33:24,2021-07-28 16:59:01,Pitt St & Stanton St,5406,Columbia St & Rivington St,5365,40.71926081,-73.98178024,40.71739973,-73.98016555,casual
2138940,2CAC32CCD890FA51,classic_bike,2021-07-11 09:54:47,2021-07-11 09:58:09,Pitt St & Stanton St,5406,Columbia St & Rivington St,5365,40.71926081,-73.98178024,40.71739973,-73.98016555,member
2138964,A6CBADF2B59C2433,classic_bike,2021-07-14 17:14:21,2021-07-14 17:49:54,3 Ave & Schermerhorn St,4437,Columbia St & Rivington St,5365,40.68683208,-73.9796772,40.71739973,-73.98016555,member
2138979,D2A159A33FA214D2,classic_bike,2021-07-29 17:47:24,2021-07-29 18:21:07,1 Ave & E 68 St,6822,Columbia St & Rivington St,5365,40.76500525,-73.95818491,40.71739973,-73.98016555,member
2139057,2540F05BEF7E8767,electric_bike,2021-07-01 18:31:54,2021-07-01 19:04:18,Riverside Blvd & W 67 St,7183,Columbia St & Rivington St,5365,40.777507027547976,-73.98888587951659,40.71739973,-73.98016555,casual
2139081,A2476EB9C236FB54,classic_bike,2021-07-17 11:37:18,2021-07-17 11:39:13,Pitt St & Stanton St,5406,Columbia St & Rivington St,5365,40.71926081,-73.98178024,40.71739973,-73.98016555,member
2139103,4168890EEF0A1F0F,classic_bike,2021-07-31 20:28:28,2021-07-31 20:32:03,Cherry St,5181,Columbia St & Rivington St,5365,40.71219906,-73.97948148,40.71739973,-73.98016555,member
2139130,0683E45587AAD9DD,electric_bike,2021-07-13 22:33:45,2021-07-13 22:36:29,Cherry St,5181,Columbia St & Rivington St,5365,40.71219906,-73.97948148,40.71739973,-73.98016555,member
2139133,5D5D6F2F98B5F861,electric_bike,2021-07-07 15:07:31,2021-07-07 15:13:03,Cherry St,5181,Columbia St & Rivington St,5365,40.71219906,-73.97948148,40.71739973,-73.98016555,member
2139150,11C236D9E8ECE063,classic_bike,2021-07-04 15:21:09,2021-07-04 15:57:54,Cherry St,5181,Columbia St & Rivington St,5365,40.71219906,-73.97948148,40.71739973,-73.98016555,member
2139174,E70CC05647DDFD34,electric_bike,2021-07-10 15:16:44,2021-07-10 15:38:35,6 Ave & W 33 St,6364,Columbia St & Rivington St,5365,40.74901271,-73.98848395,40.71739973,-73.98016555,casual
2139207,AC4F6F4E63BA66EF,electric_bike,2021-07-29 10:52:14,2021-07-29 11:16:16,Cherry St,5181,Columbia St & Rivington St,5365,40.71219906,-73.97948148,40.71739973,-73.98016555,member
2139208,6412494940FF4E6B,classic_bike,2021-07-01 07:40:24,2021-07-01 08:02:51,William St & Pine St,5065,Columbia St & Rivington St,5365,40.70717936,-74.00887308,40.71739973,-73.98016555,member
2139237,D587A06E7CC99423,electric_bike,2021-07-14 15:08:27,2021-07-14 15:37:28,W 37 St & 10 Ave,6611,Columbia St & Rivington St,5365,40.75660359,-73.9979009,40.71739973,-73.98016555,member
2139238,E5DD676F91764D59,electric_bike,2021-07-09 11:18:32,2021-07-09 11:40:09,W 37 St & 10 Ave,6611,Columbia St & Rivington St,5365,40.75660359,-73.9979009,40.71739973,-73.98016555,member
2139316,9103727E59E6556E,classic_bike,2021-07-21 15:01:48,2021-07-21 15:06:29,Cherry St,5181,Columbia St & Rivington St,5365,40.71219906,-73.97948148,40.71739973,-73.98016555,member
2139326,18F28A7ADB177D97,docked_bike,2021-07-14 14:32:38,2021-07-14 14:50:11,Pitt St & Stanton St,5406,Columbia St & Rivington St,5365,40.719261,-73.98178,40.7174,-73.980166,casual
2139382,FAA00CBFFC549577,classic_bike,2021-07-27 17:27:29,2021-07-27 18:12:45,North Moore St & Greenwich St,5470,Columbia St & Rivington St,5365,40.72019521437465,-74.0103006362915,40.71739973,-73.98016555,member
2139430,72AE927DA03803F9,classic_bike,2021-07-27 17:29:34,2021-07-27 18:12:30,North Moore St & Greenwich St,5470,Columbia St & Rivington St,5365,40.72019521437465,-74.0103006362915,40.71739973,-73.98016555,casual
2139439,2404EBBC0CF0AFF9,electric_bike,2021-07-16 06:58:42,2021-07-16 07:10:58,Stagg St & Union Ave,5117,Columbia St & Rivington St,5365,40.70877084,-73.95095259,40.71739973,-73.98016555,casual
2139496,945AE70E71089545,classic_bike,2021-07-15 12:54:12,2021-07-15 13:18:28,Madison Ave & E 26 St,6131,Columbia St & Rivington St,5365,40.742684734875695,-73.98671329021454,40.71739973,-73.98016555,member
2139559,3DF47CCF3C7D43D3,classic_bike,2021-07-04 19:42:50,2021-07-04 20:12:54,North Moore St & Greenwich St,5470,Columbia St & Rivington St,5365,40.72019521437465,-74.0103006362915,40.71739973,-73.98016555,casual
2139563,2359EAE8950A6DA1,classic_bike,2021-07-03 14:54:10,2021-07-03 15:09:24,Watts St & Greenwich St,5578,Columbia St & Rivington St,5365,40.72405549,-74.00965965,40.71739973,-73.98016555,member
2139603,4075B371106EDB71,electric_bike,2021-07-30 15:45:42,2021-07-30 16:04:57,W 36 St & 7 Ave,6483,Columbia St & Rivington St,5365,40.752149,-73.989539,40.71739973,-73.98016555,casual
2139616,E5DAE3B3FB0AFDE1,classic_bike,2021-07-27 17:02:41,2021-07-27 17:19:30,E 19 St & 3 Ave,5938,Columbia St & Rivington St,5365,40.73624527,-73.98473765,40.71739973,-73.98016555,member
2139633,C755AA38C599D52A,classic_bike,2021-07-03 20:54:04,2021-07-03 21:09:13,MacDougal St & Washington Sq,5797,Columbia St & Rivington St,5365,40.73226398,-73.99852205,40.71739973,-73.98016555,casual
2139650,A079130289CFC225,electric_bike,2021-07-06 18:00:40,2021-07-06 18:16:42,MacDougal St & Washington Sq,5797,Columbia St & Rivington St,5365,40.73226398,-73.99852205,40.71739973,-73.98016555,member
2139660,A1F732D4CF335B46,electric_bike,2021-07-17 21:54:31,2021-07-17 22:07:13,MacDougal St & Washington Sq,5797,Columbia St & Rivington St,5365,40.73226398,-73.99852205,40.71739973,-73.98016555,member
2139757,F323691B279F7A58,electric_bike,2021-07-25 23:02:22,2021-07-25 23:16:41,Pike St & Monroe St,5159,Columbia St & Rivington St,5365,40.71173107,-73.99193043,40.71739973,-73.98016555,member
2139774,79BD78A45CD4BC87,classic_bike,2021-07-05 16:18:27,2021-07-05 16:38:07,Pike St & Monroe St,5159,Columbia St & Rivington St,5365,40.71173107,-73.99193043,40.71739973,-73.98016555,casual
2139825,07A93E866027A4A3,electric_bike,2021-07-07 12:46:13,2021-07-07 12:51:34,Pike St & Monroe St,5159,Columbia St & Rivington St,5365,40.71173107,-73.99193043,40.71739973,-73.98016555,member
2139826,FA08C88032402DF6,classic_bike,2021-07-07 19:54:02,2021-07-07 20:01:04,Pike St & Monroe St,5159,Columbia St & Rivington St,5365,40.71173107,-73.99193043,40.71739973,-73.98016555,member
2139834,27225C57B9555507,classic_bike,2021-07-24 22:44:49,2021-07-24 23:09:05,Pike St & Monroe St,5159,Columbia St & Rivington St,5365,40.71173107,-73.99193043,40.71739973,-73.98016555,member
2139840,282594EEBA312AD1,electric_bike,2021-07-15 16:55:10,2021-07-15 17:32:31,E 85 St & 3 Ave,7212,Columbia St & Rivington St,5365,40.77801203,-73.95407149,40.71739973,-73.98016555,member
2139858,EA1023B248333B8C,electric_bike,2021-07-14 23:37:27,2021-07-15 00:00:47,E 47 St & 2 Ave,6498,Columbia St & Rivington St,5365,40.75323098,-73.97032517,40.71739973,-73.98016555,casual
2139874,F68795E052F198B1,classic_bike,2021-07-23 14:13:30,2021-07-23 14:22:00,Pike St & Monroe St,5159,Columbia St & Rivington St,5365,40.71173107,-73.99193043,40.71739973,-73.98016555,member
2139886,FA8C8CA977F5B3BD,classic_bike,2021-07-30 13:50:19,2021-07-30 13:57:37,Pike St & Monroe St,5159,Columbia St & Rivington St,5365,40.71173107,-73.99193043,40.71739973,-73.98016555,member
2140021,B991DBC74BFE725A,electric_bike,2021-07-30 16:53:32,2021-07-30 17:26:58,Riverside Dr & W 72 St,7288,Columbia St & Rivington St,5365,40.78057799010334,-73.98562431335449,40.71739973,-73.98016555,member
2140022,BF6C63DFC8BB1467,classic_bike,2021-07-01 15:15:05,2021-07-01 15:52:20,Pitt St & Stanton St,5406,Columbia St & Rivington St,5365,40.71926081,-73.98178024,40.71739973,-73.98016555,member
2140024,E5846A032568F7B4,classic_bike,2021-07-29 11:53:01,2021-07-29 11:58:33,Pitt St & Stanton St,5406,Columbia St & Rivington St,5365,40.71926081,-73.98178024,40.71739973,-73.98016555,casual
2140031,7220E940D1BD20DF,classic_bike,2021-07-08 11:55:24,2021-07-08 12:20:12,Mercer St & Spring St,5532,Columbia St & Rivington St,5365,40.72362738,-73.99949601,40.71739973,-73.98016555,casual
2140071,D18AD995DE0E15F0,classic_bike,2021-07-08 12:45:52,2021-07-08 12:52:42,Pike St & Monroe St,5159,Columbia St & Rivington St,5365,40.71173107,-73.99193043,40.71739973,-73.98016555,member
2140102,0627E3D0A7D09602,electric_bike,2021-07-04 15:54:38,2021-07-04 16:11:42,Pike St & Monroe St,5159,Columbia St & Rivington St,5365,40.71173107,-73.99193043,40.71739973,-73.98016555,casual
2140111,ECA117430DB85A4A,classic_bike,2021-07-05 16:37:12,2021-07-05 16:47:35,Pike St & Monroe St,5159,Columbia St & Rivington St,5365,40.71173107,-73.99193043,40.71739973,-73.98016555,member
2140118,348B07CDA04E0EC2,electric_bike,2021-07-19 19:14:04,2021-07-19 19:28:08,Pike St & Monroe St,5159,Columbia St & Rivington St,5365,40.71173107,-73.99193043,40.71739973,-73.98016555,casual
2140155,B50386904C457853,classic_bike,2021-07-13 14:35:50,2021-07-13 14:45:10,Pike St & Monroe St,5159,Columbia St & Rivington St,5365,40.71173107,-73.99193043,40.71739973,-73.98016555,member
2140173,AE3702A8694AE5E5,classic_bike,2021-07-15 07:53:22,2021-07-15 07:58:35,Pike St & Monroe St,5159,Columbia St & Rivington St,5365,40.71173107,-73.99193043,40.71739973,-73.98016555,member
2140272,5C15F36C0CC6988D,electric_bike,2021-07-06 18:18:34,2021-07-06 18:21:38,Cherry St,5181,Columbia St & Rivington St,5365,40.71219906,-73.97948148,40.71739973,-73.98016555,member
2140273,B95A8A8679872880,classic_bike,2021-07-06 09:27:40,2021-07-06 09:31:14,Cherry St,5181,Columbia St & Rivington St,5365,40.71219906,-73.97948148,40.71739973,-73.98016555,member
2140278,7A0C07561BB900DD,classic_bike,2021-07-05 12:51:18,2021-07-05 12:55:06,Cherry St,5181,Columbia St & Rivington St,5365,40.71219906,-73.97948148,40.71739973,-73.98016555,member
2140279,5EBA940F334F6534,electric_bike,2021-07-25 20:50:52,2021-07-25 21:23:36,E 68 St & Madison Ave,6932,Columbia St & Rivington St,5365,40.7691572,-73.96703464,40.71739973,-73.98016555,member
2140285,AF65134048862133,classic_bike,2021-07-17 10:09:07,2021-07-17 10:21:58,Spruce St & Nassau St,5137,Columbia St & Rivington St,5365,40.71146364,-74.00552427,40.71739973,-73.98016555,casual
2140302,51EE48EC9B2CF6CD,classic_bike,2021-07-04 21:17:45,2021-07-04 21:55:42,Watts St & Greenwich St,5578,Columbia St & Rivington St,5365,40.72405549,-74.00965965,40.71739973,-73.98016555,casual
2140319,BB16EF9CB312755D,electric_bike,2021-07-02 12:51:27,2021-07-02 13:12:25,William St & Pine St,5065,Columbia St & Rivington St,5365,40.70717936,-74.00887308,40.71739973,-73.98016555,member
2140372,1D279CC6703FB20A,electric_bike,2021-07-07 23:35:43,2021-07-07 23:56:21,Broadway & W 41 St,6560,Columbia St & Rivington St,5365,40.75513557,-73.98658032,40.71739973,-73.98016555,casual
2140379,E925D76C334EFA66,electric_bike,2021-07-04 15:13:51,2021-07-04 15:56:36,Cherry St,5181,Columbia St & Rivington St,5365,40.71219906,-73.97948148,40.71739973,-73.98016555,casual
2140408,EC5F5C04A1DEE7F3,classic_bike,2021-07-07 09:23:17,2021-07-07 09:26:13,Cherry St,5181,Columbia St & Rivington St,5365,40.71219906,-73.97948148,40.71739973,-73.98016555,member
2140409,F4CE1BD0ADAF86D8,classic_bike,2021-07-08 10:42:20,2021-07-08 10:46:32,Cherry St,5181,Columbia St & Rivington St,5365,40.71219906,-73.97948148,40.71739973,-73.98016555,member
2140421,674D18E4274F2128,classic_bike,2021-07-19 15:25:41,2021-07-19 15:29:25,Cherry St,5181,Columbia St & Rivington St,5365,40.71219906,-73.97948148,40.71739973,-73.98016555,member
2140422,352EF71621B7B10D,classic_bike,2021-07-09 14:09:11,2021-07-09 14:13:09,Cherry St,5181,Columbia St & Rivington St,5365,40.71219906,-73.97948148,40.71739973,-73.98016555,member
2140423,BCFC38975DF4D4E8,classic_bike,2021-07-09 10:42:26,2021-07-09 10:45:57,Cherry St,5181,Columbia St & Rivington St,5365,40.71219906,-73.97948148,40.71739973,-73.98016555,member
2140439,93810E05661136F1,classic_bike,2021-07-05 11:23:47,2021-07-05 11:36:28,Cherry St,5181,Columbia St & Rivington St,5365,40.71219906,-73.97948148,40.71739973,-73.98016555,casual
2140442,15468B6369F823EE,classic_bike,2021-07-04 23:01:32,2021-07-04 23:07:58,Cherry St,5181,Columbia St & Rivington St,5365,40.71219906,-73.97948148,40.71739973,-73.98016555,member
2140450,A2CC31B3C49F0472,electric_bike,2021-07-29 11:18:37,2021-07-29 11:38:24,Broadway & W 41 St,6560,Columbia St & Rivington St,5365,40.75513557,-73.98658032,40.71739973,-73.98016555,member
2140482,D82B7C68416DA32A,electric_bike,2021-07-29 17:51:23,2021-07-29 17:54:41,Cherry St,5181,Columbia St & Rivington St,5365,40.71219906,-73.97948148,40.71739973,-73.98016555,member
2140490,DA83728E5B3BCFA8,electric_bike,2021-07-12 09:23:37,2021-07-12 09:26:06,Cherry St,5181,Columbia St & Rivington St,5365,40.71219906,-73.97948148,40.71739973,-73.98016555,member
2140506,8AB0021F9C138959,electric_bike,2021-07-17 16:24:53,2021-07-17 16:42:52,Broadway & W 41 St,6560,Columbia St & Rivington St,5365,40.75513557,-73.98658032,40.71739973,-73.98016555,casual
2140512,7FB72FC63A4560DB,electric_bike,2021-07-11 16:53:04,2021-07-11 17:11:28,Driggs Ave & Lorimer St,5481,Columbia St & Rivington St,5365,40.72179134,-73.9504154,40.71739973,-73.98016555,member
2140533,393F181B359B808F,classic_bike,2021-07-21 20:30:35,2021-07-21 20:33:23,Cherry St,5181,Columbia St & Rivington St,5365,40.71219906,-73.97948148,40.71739973,-73.98016555,member
2140539,D1BF0EFC2C689A28,electric_bike,2021-07-29 15:02:06,2021-07-29 15:24:28,William St & Pine St,5065,Columbia St & Rivington St,5365,40.70717936,-74.00887308,40.71739973,-73.98016555,member
2140544,24EF7AE5A49761D3,classic_bike,2021-07-28 09:33:55,2021-07-28 09:37:24,Cherry St,5181,Columbia St & Rivington St,5365,40.71219906,-73.97948148,40.71739973,-73.98016555,member
2140545,F2BA454CE26D7B00,classic_bike,2021-07-20 16:21:49,2021-07-20 16:26:10,Cherry St,5181,Columbia St & Rivington St,5365,40.71219906,-73.97948148,40.71739973,-73.98016555,member
2140553,2CF7CCD9A2ACD26A,classic_bike,2021-07-06 17:05:25,2021-07-06 17:51:58,William St & Pine St,5065,Columbia St & Rivington St,5365,40.70717936,-74.00887308,40.71739973,-73.98016555,casual
2140555,51E9AA4905C873C5,electric_bike,2021-07-03 15:46:36,2021-07-03 16:04:49,Broadway & W 41 St,6560,Columbia St & Rivington St,5365,40.75513557,-73.98658032,40.71739973,-73.98016555,casual
2140559,20B1F0A1E53EB61C,classic_bike,2021-07-05 11:24:01,2021-07-05 11:36:57,Cherry St,5181,Columbia St & Rivington St,5365,40.71219906,-73.97948148,40.71739973,-73.98016555,casual
2140561,8D175C52374E8620,classic_bike,2021-07-10 15:51:43,2021-07-10 15:57:55,Cherry St,5181,Columbia St & Rivington St,5365,40.71219906,-73.97948148,40.71739973,-73.98016555,casual
2140586,E16A400A771E37F3,electric_bike,2021-07-29 17:51:07,2021-07-29 17:54:46,Cherry St,5181,Columbia St & Rivington St,5365,40.71219906,-73.97948148,40.71739973,-73.98016555,member
2140593,29CC1A2CFEFE8169,electric_bike,2021-07-18 12:53:02,2021-07-18 12:56:21,Cherry St,5181,Columbia St & Rivington St,5365,40.71219906,-73.97948148,40.71739973,-73.98016555,casual
2140599,333AB4D5FC418357,classic_bike,2021-07-01 10:29:23,2021-07-01 10:46:40,William St & Pine St,5065,Columbia St & Rivington St,5365,40.70717936,-74.00887308,40.71739973,-73.98016555,member
2140631,6F898746A4FCDA5D,classic_bike,2021-07-04 21:18:54,2021-07-04 21:55:46,Watts St & Greenwich St,5578,Columbia St & Rivington St,5365,40.72405549,-74.00965965,40.71739973,-73.98016555,casual
2140635,38321E4A8DB2D5B0,classic_bike,2021-07-04 19:39:50,2021-07-04 20:12:43,North Moore St & Greenwich St,5470,Columbia St & Rivington St,5365,40.72019521437465,-74.0103006362915,40.71739973,-73.98016555,casual
2140640,9A0C17E6A1C050BC,classic_bike,2021-07-15 12:55:04,2021-07-15 12:59:36,Cherry St,5181,Columbia St & Rivington St,5365,40.71219906,-73.97948148,40.71739973,-73.98016555,member
2140658,57360FA6046AE94A,classic_bike,2021-07-03 01:50:50,2021-07-03 01:53:57,Cherry St,5181,Columbia St & Rivington St,5365,40.71219906,-73.97948148,40.71739973,-73.98016555,member
2140685,6B13A46F1D6A165F,classic_bike,2021-07-30 18:02:49,2021-07-30 18:33:42,1 Ave & E 68 St,6822,Columbia St & Rivington St,5365,40.76500525,-73.95818491,40.71739973,-73.98016555,member
2140699,6907E55F0E3D91A1,classic_bike,2021-07-20 18:01:32,2021-07-20 18:05:39,Cherry St,5181,Columbia St & Rivington St,5365,40.71219906,-73.97948148,40.71739973,-73.98016555,member
2140705,A0139B733678F8B6,electric_bike,2021-07-19 12:24:43,2021-07-19 12:31:59,Cherry St,5181,Columbia St & Rivington St,5365,40.71219906,-73.97948148,40.71739973,-73.98016555,member
2140709,8BDBE9A11954E489,classic_bike,2021-07-24 21:43:14,2021-07-24 22:23:37,Cherry St,5181,Columbia St & Rivington St,5365,40.71219906,-73.97948148,40.71739973,-73.98016555,member
2140711,B4F0691A5D0132E8,classic_bike,2021-07-24 21:57:50,2021-07-24 22:01:12,Cherry St,5181,Columbia St & Rivington St,5365,40.71219906,-73.97948148,40.71739973,-73.98016555,member
2140746,7A9EE72D5629A9A6,classic_bike,2021-07-12 23:02:49,2021-07-12 23:10:32,E 13 St & Avenue A,5779,Columbia St & Rivington St,5365,40.72966729392978,-73.98067966103554,40.71739973,-73.98016555,member
2140758,9C58ECB08DC1209A,classic_bike,2021-07-28 08:28:35,2021-07-28 08:38:24,E 13 St & Avenue A,5779,Columbia St & Rivington St,5365,40.72966729392978,-73.98067966103554,40.71739973,-73.98016555,member
2140759,2C4869B153185176,classic_bike,2021-07-22 08:28:38,2021-07-22 08:38:20,E 13 St & Avenue A,5779,Columbia St & Rivington St,5365,40.72966729392978,-73.98067966103554,40.71739973,-73.98016555,member
2140840,19A0FF3E89B23793,electric_bike,2021-07-08 20:12:54,2021-07-08 20:50:03,12 Ave & W 40 St,6765,Columbia St & Rivington St,5365,40.76087502,-74.00277668,40.71739973,-73.98016555,casual
2140875,9757AFF58336CB7A,classic_bike,2021-07-07 17:40:08,2021-07-07 17:49:39,E 13 St & Avenue A,5779,Columbia St & Rivington St,5365,40.72966729392978,-73.98067966103554,40.71739973,-73.98016555,member
2140876,A04B5FCBC88F71EF,classic_bike,2021-07-05 14:08:24,2021-07-05 14:19:05,E 13 St & Avenue A,5779,Columbia St & Rivington St,5365,40.72966729392978,-73.98067966103554,40.71739973,-73.98016555,member
2140893,ADA064298A07B1F4,electric_bike,2021-07-19 20:17:43,2021-07-19 20:27:05,E 13 St & Avenue A,5779,Columbia St & Rivington St,5365,40.72966729392978,-73.98067966103554,40.71739973,-73.98016555,member
2140917,F9B177A217355B9F,electric_bike,2021-07-22 01:41:28,2021-07-22 01:54:05,1 Ave & E 18 St,5854,Columbia St & Rivington St,5365,40.73381219196632,-73.98054420948029,40.71739973,-73.98016555,member
2140930,A5AC99F5C6178572,electric_bike,2021-07-18 20:07:57,2021-07-18 20:21:01,E 13 St & Avenue A,5779,Columbia St & Rivington St,5365,40.72966729392978,-73.98067966103554,40.71739973,-73.98016555,casual
2141016,803E9EB59D6D66DB,classic_bike,2021-07-19 17:51:46,2021-07-19 18:01:30,E 13 St & Avenue A,5779,Columbia St & Rivington St,5365,40.72966729392978,-73.98067966103554,40.71739973,-73.98016555,casual
2141024,BFFE2483F8009A9F,classic_bike,2021-07-26 18:53:28,2021-07-26 19:11:00,E 13 St & Avenue A,5779,Columbia St & Rivington St,5365,40.72966729392978,-73.98067966103554,40.71739973,-73.98016555,casual
2141036,7C3F6DC809F6AA1B,classic_bike,2021-07-07 10:11:35,2021-07-07 10:24:18,Bayard St & Baxter St,5351,Columbia St & Rivington St,5365,40.71602118,-73.99974372,40.71739973,-73.98016555,member
2141037,BE442ECA3ACD55B0,electric_bike,2021-07-14 09:51:02,2021-07-14 10:01:25,Bayard St & Baxter St,5351,Columbia St & Rivington St,5365,40.71602118,-73.99974372,40.71739973,-73.98016555,member
2141042,9E9D57B1E786FB55,classic_bike,2021-07-06 13:18:25,2021-07-06 13:32:51,Bayard St & Baxter St,5351,Columbia St & Rivington St,5365,40.71602118,-73.99974372,40.71739973,-73.98016555,member
2141044,C5BB98166E83B3C3,classic_bike,2021-07-01 16:33:03,2021-07-01 16:50:48,Old Slip & South St,4993,Columbia St & Rivington St,5365,40.70336686695866,-74.007867872715,40.71739973,-73.98016555,member
2141080,73925A20AE921546,electric_bike,2021-07-16 08:44:50,2021-07-16 08:54:54,1 Ave & E 18 St,5854,Columbia St & Rivington St,5365,40.73381219196632,-73.98054420948029,40.71739973,-73.98016555,member
2141108,5BD1BA86671C3FCB,classic_bike,2021-07-20 20:05:32,2021-07-20 20:23:33,Bayard St & Baxter St,5351,Columbia St & Rivington St,5365,40.71602118,-73.99974372,40.71739973,-73.98016555,member
2141129,F42882DEE553179F,classic_bike,2021-07-20 18:19:03,2021-07-20 18:28:38,Bayard St & Baxter St,5351,Columbia St & Rivington St,5365,40.71602118,-73.99974372,40.71739973,-73.98016555,member
2141148,066459206D692EAC,classic_bike,2021-07-21 18:29:49,2021-07-21 18:43:33,Bayard St & Baxter St,5351,Columbia St & Rivington St,5365,40.71602118,-73.99974372,40.71739973,-73.98016555,member
2141160,B3AE47CB829055B8,classic_bike,2021-07-25 20:07:45,2021-07-25 20:24:17,Bayard St & Baxter St,5351,Columbia St & Rivington St,5365,40.71602118,-73.99974372,40.71739973,-73.98016555,member
2141168,3B1FD86B8D3404F7,electric_bike,2021-07-23 18:21:35,2021-07-23 18:31:22,Bayard St & Baxter St,5351,Columbia St & Rivington St,5365,40.71602118,-73.99974372,40.71739973,-73.98016555,member
2141176,01B9739B99E5854D,electric_bike,2021-07-26 14:46:16,2021-07-26 14:57:55,Spruce St & Nassau St,5137,Columbia St & Rivington St,5365,40.71146364,-74.00552427,40.71739973,-73.98016555,casual
2141177,12F1129B1F2EB218,electric_bike,2021-07-28 14:44:06,2021-07-28 15:08:26,Bayard St & Baxter St,5351,Columbia St & Rivington St,5365,40.71602118,-73.99974372,40.71739973,-73.98016555,member
2141199,7C64D4ED2EF2FA31,electric_bike,2021-07-21 14:32:42,2021-07-21 14:44:19,Old Slip & South St,4993,Columbia St & Rivington St,5365,40.70336686695866,-74.007867872715,40.71739973,-73.98016555,member
2141248,FFDDCE380918465E,classic_bike,2021-07-19 14:50:05,2021-07-19 15:06:21,Washington Pl & Broadway,5755,Columbia St & Rivington St,5365,40.72903917,-73.99404649,40.71739973,-73.98016555,member
2141275,70FB7C32828844C8,electric_bike,2021-07-24 12:54:31,2021-07-24 13:03:49,Washington Pl & Broadway,5755,Columbia St & Rivington St,5365,40.72903917,-73.99404649,40.71739973,-73.98016555,casual
2141283,2DBF807781DD7794,electric_bike,2021-07-10 00:12:08,2021-07-10 00:22:18,Washington Pl & Broadway,5755,Columbia St & Rivington St,5365,40.72903917,-73.99404649,40.71739973,-73.98016555,casual
2141323,D349BC2B289F0D60,classic_bike,2021-07-23 16:06:33,2021-07-23 16:19:14,Old Slip & South St,4993,Columbia St & Rivington St,5365,40.70336686695866,-74.007867872715,40.71739973,-73.98016555,member
2141324,B1C42E3CD672B375,classic_bike,2021-07-27 16:07:36,2021-07-27 16:21:37,Old Slip & South St,4993,Columbia St & Rivington St,5365,40.70336686695866,-74.007867872715,40.71739973,-73.98016555,member
2141325,0ECA2FFE66A07173,classic_bike,2021-07-28 16:04:16,2021-07-28 16:17:56,Old Slip & South St,4993,Columbia St & Rivington St,5365,40.70336686695866,-74.007867872715,40.71739973,-73.98016555,member
2141334,C9C1DEC12C1092B5,electric_bike,2021-07-10 22:41:07,2021-07-10 22:52:18,Wall St & South St,4953,Columbia St & Rivington St,5365,40.70437,-74.00637,40.71739973,-73.98016555,member
2141365,70662EF338E205FA,classic_bike,2021-07-07 12:12:48,2021-07-07 12:31:00,1 Ave & E 18 St,5854,Columbia St & Rivington St,5365,40.73381219196632,-73.98054420948029,40.71739973,-73.98016555,casual
2141369,44105F80B42003E8,electric_bike,2021-07-27 13:46:50,2021-07-27 14:22:15,2 Ave & E 104 St,7436,Columbia St & Rivington St,5365,40.7892105,-73.94370784,40.71739973,-73.98016555,member
2141372,9B61EE9200E4FF1A,classic_bike,2021-07-29 16:06:53,2021-07-29 16:20:08,Old Slip & South St,4993,Columbia St & Rivington St,5365,40.70336686695866,-74.007867872715,40.71739973,-73.98016555,member
2141374,AF730D09531AC9DC,classic_bike,2021-07-20 16:05:02,2021-07-20 16:19:42,Old Slip & South St,4993,Columbia St & Rivington St,5365,40.70336686695866,-74.007867872715,40.71739973,-73.98016555,member
2141375,AA54B42E94138D0E,classic_bike,2021-07-13 16:07:38,2021-07-13 16:20:50,Old Slip & South St,4993,Columbia St & Rivington St,5365,40.70336686695866,-74.007867872715,40.71739973,-73.98016555,member
2141377,AB7AFE5E405802B9,electric_bike,2021-07-21 23:46:58,2021-07-22 00:05:20,W 41 St & 8 Ave,6602,Columbia St & Rivington St,5365,40.75640548,-73.9900262,40.71739973,-73.98016555,casual
2141407,C5D8A60F103F03EF,classic_bike,2021-07-22 11:32:27,2021-07-22 11:49:20,Wall St & South St,4953,Columbia St & Rivington St,5365,40.70437,-74.00637,40.71739973,-73.98016555,member
2141409,8F3FA5A9A8E647CB,classic_bike,2021-07-21 08:40:52,2021-07-21 09:02:52,W 24 St & 7 Ave,6257,Columbia St & Rivington St,5365,40.74487634,-73.99529885,40.71739973,-73.98016555,member
2141471,37A845E5D9934845,classic_bike,2021-07-19 08:21:13,2021-07-19 08:31:28,E 13 St & Avenue A,5779,Columbia St & Rivington St,5365,40.72966729392978,-73.98067966103554,40.71739973,-73.98016555,member
2141536,1EF91679EE26FD0A,electric_bike,2021-07-02 01:12:03,2021-07-02 01:27:55,E 13 St & Avenue A,5779,Columbia St & Rivington St,5365,40.72966729392978,-73.98067966103554,40.71739973,-73.98016555,casual
2141555,D5AA426234BD0FCF,classic_bike,2021-07-27 17:47:51,2021-07-27 17:56:18,E 13 St & Avenue A,5779,Columbia St & Rivington St,5365,40.72966729392978,-73.98067966103554,40.71739973,-73.98016555,member
2141576,FF91FBF1818797F8,electric_bike,2021-07-24 11:18:46,2021-07-24 11:44:38,12 Ave & W 40 St,6765,Columbia St & Rivington St,5365,40.76087502,-74.00277668,40.71739973,-73.98016555,member
2141595,6D4CA7F2906B2737,electric_bike,2021-07-05 14:24:45,2021-07-05 14:38:17,E 13 St & Avenue A,5779,Columbia St & Rivington St,5365,40.72966729392978,-73.98067966103554,40.71739973,-73.98016555,member
2141606,9381F78316C4CB28,classic_bike,2021-07-19 19:04:56,2021-07-19 19:13:12,E 13 St & Avenue A,5779,Columbia St & Rivington St,5365,40.72966729392978,-73.98067966103554,40.71739973,-73.98016555,member
2141620,CEF31B3DDF149A32,classic_bike,2021-07-08 14:57:17,2021-07-08 15:16:37,Old Slip & South St,4993,Columbia St & Rivington St,5365,40.70336686695866,-74.007867872715,40.71739973,-73.98016555,member
2141623,6ECCEE04B62774FE,classic_bike,2021-07-10 21:15:42,2021-07-10 21:49:57,W 41 St & 8 Ave,6602,Columbia St & Rivington St,5365,40.75640548,-73.9900262,40.71739973,-73.98016555,casual
2141629,398347EF22141C84,electric_bike,2021-07-24 23:03:36,2021-07-24 23:15:01,Spring St & Hudson St,5653,Columbia St & Rivington St,5365,40.72583996792375,-74.0076532959938,40.71739973,-73.98016555,member
2141653,7BDBB99AD001E41C,classic_bike,2021-07-20 08:20:53,2021-07-20 08:29:48,E 13 St & Avenue A,5779,Columbia St & Rivington St,5365,40.72966729392978,-73.98067966103554,40.71739973,-73.98016555,member
2141659,F2C8623523B3E7DE,classic_bike,2021-07-26 08:23:49,2021-07-26 08:32:35,E 13 St & Avenue A,5779,Columbia St & Rivington St,5365,40.72966729392978,-73.98067966103554,40.71739973,-73.98016555,member
2141693,AF4B64E23DC66706,classic_bike,2021-07-02 11:49:56,2021-07-02 12:06:03,E 16 St & Irving Pl,5938,Columbia St & Rivington St,5365,40.735367055605394,-73.98797392845154,40.71739973,-73.98016555,member
2141726,86C40A4D6CF76668,electric_bike,2021-07-05 01:21:22,2021-07-05 01:34:46,E 13 St & Avenue A,5779,Columbia St & Rivington St,5365,40.72966729392978,-73.98067966103554,40.71739973,-73.98016555,casual
2141781,40D31CA1EBD17C8D,electric_bike,2021-07-04 15:49:41,2021-07-04 16:31:19,W 47 St & 6 Ave,6667,Columbia St & Rivington St,5365,40.758397,-73.98255,40.71739973,-73.98016555,member
2141785,3B0044EE9087D11E,electric_bike,2021-07-19 19:51:17,2021-07-19 20:09:39,W 26 St & 8 Ave,6297,Columbia St & Rivington St,5365,40.74734825,-73.99723551,40.71739973,-73.98016555,member
2141803,21BB714D89E189E1,classic_bike,2021-07-31 15:32:34,2021-07-31 16:16:55,Sigourney St & Columbia St,3940,Columbia St & Rivington St,5365,40.67267243410948,-74.0087952464819,40.71739973,-73.98016555,member
2141815,1B4337F842C06569,classic_bike,2021-07-21 06:18:50,2021-07-21 06:32:30,Franklin St & W Broadway,5430,Columbia St & Rivington St,5365,40.71911552,-74.00666661,40.71739973,-73.98016555,member
2141835,67AC91D6D5D3252B,classic_bike,2021-07-23 15:23:42,2021-07-23 15:26:24,Grand St & Samuel Dickstein Plaza,5335,Columbia St & Rivington St,5365,40.71511871996496,-73.98417055606842,40.71739973,-73.98016555,member
2141852,435A6390E21BB904,electric_bike,2021-07-30 10:31:13,2021-07-30 10:50:53,W 47 St & 6 Ave,6667,Columbia St & Rivington St,5365,40.758397,-73.98255,40.71739973,-73.98016555,member
2141863,6925FD5346FBBCEE,classic_bike,2021-07-19 14:30:57,2021-07-19 14:39:43,Madison St & Clinton St,5190,Columbia St & Rivington St,5365,40.71269042,-73.98776323,40.71739973,-73.98016555,member
2141912,71D4CF705385C570,classic_bike,2021-07-30 11:36:19,2021-07-30 11:41:05,Grand St & Samuel Dickstein Plaza,5335,Columbia St & Rivington St,5365,40.71511871996496,-73.98417055606842,40.71739973,-73.98016555,member
2141920,9D1FACE334046803,classic_bike,2021-07-08 15:28:26,2021-07-08 15:32:36,Grand St & Samuel Dickstein Plaza,5335,Columbia St & Rivington St,5365,40.71511871996496,-73.98417055606842,40.71739973,-73.98016555,casual
2141928,5E715BA39006114B,electric_bike,2021-07-02 13:17:46,2021-07-02 13:43:48,W 18 St & 6 Ave,6064,Columbia St & Rivington St,5365,40.73971301,-73.99456405,40.71739973,-73.98016555,casual
2141930,F8697E0A54012FBC,electric_bike,2021-07-21 11:18:36,2021-07-21 11:32:51,Little West St & 1 Pl,5001,Columbia St & Rivington St,5365,40.70569254,-74.01677685,40.71739973,-73.98016555,member
2141993,835F822818CEAD4F,electric_bike,2021-07-24 19:21:18,2021-07-24 19:35:22,Greenwich Ave & Charles St,5914,Columbia St & Rivington St,5365,40.735238,-74.000271,40.71739973,-73.98016555,member
2142008,08F3841700A1CBCE,electric_bike,2021-07-15 19:36:47,2021-07-15 19:39:55,Grand St & Samuel Dickstein Plaza,5335,Columbia St & Rivington St,5365,40.71511871996496,-73.98417055606842,40.71739973,-73.98016555,member
2142017,12E7179F8BA2F5D3,electric_bike,2021-07-03 16:17:37,2021-07-03 16:39:38,Grand St & Samuel Dickstein Plaza,5335,Columbia St & Rivington St,5365,40.71511871996496,-73.98417055606842,40.71739973,-73.98016555,member
2142061,F3D16B17111F7530,classic_bike,2021-07-25 23:01:03,2021-07-25 23:04:09,Grand St & Samuel Dickstein Plaza,5335,Columbia St & Rivington St,5365,40.71511871996496,-73.98417055606842,40.71739973,-73.98016555,member
2142062,D1D1025819D2D65B,classic_bike,2021-07-27 22:23:38,2021-07-27 22:37:46,E 4 St & 2 Ave,5593,Columbia St & Rivington St,5365,40.7262807,-73.98978041,40.71739973,-73.98016555,member
2142131,3BD35039F97E5B70,electric_bike,2021-07-29 21:15:01,2021-07-29 21:27:04,Greenwich St & W Houston St,5730,Columbia St & Rivington St,5365,40.728846,-74.008591,40.71739973,-73.98016555,casual
2142185,8597859AB5FA2206,classic_bike,2021-07-26 16:24:21,2021-07-26 16:26:39,Grand St & Samuel Dickstein Plaza,5335,Columbia St & Rivington St,5365,40.71511871996496,-73.98417055606842,40.71739973,-73.98016555,member
2142202,61A3CBAC56189208,electric_bike,2021-07-09 13:14:41,2021-07-09 13:32:11,W 18 St & 6 Ave,6064,Columbia St & Rivington St,5365,40.73971301,-73.99456405,40.71739973,-73.98016555,member
2142251,682FC9BB6A76A537,classic_bike,2021-07-05 19:05:16,2021-07-05 19:33:55,Broadway & W 37 St,6441,Columbia St & Rivington St,5365,40.75172632,-73.98753523,40.71739973,-73.98016555,member
2142261,B1AB1D5B9465D4EB,electric_bike,2021-07-04 18:36:12,2021-07-04 19:00:32,12 Ave & W 40 St,6765,Columbia St & Rivington St,5365,40.76087502,-74.00277668,40.71739973,-73.98016555,member
2142270,411F7A99ABA1CB4B,electric_bike,2021-07-13 15:32:44,2021-07-13 15:41:49,1 Ave & E 18 St,5854,Columbia St & Rivington St,5365,40.73381219196632,-73.98054420948029,40.71739973,-73.98016555,casual
2142309,1CBD3A4626C7FCDD,electric_bike,2021-07-26 10:11:00,2021-07-26 10:35:23,W 55 St & 6 Ave,6809,Columbia St & Rivington St,5365,40.763189,-73.978434,40.71739973,-73.98016555,casual
2142352,087B1539E38BB278,classic_bike,2021-07-01 22:24:27,2021-07-01 23:01:24,E 4 St & 2 Ave,5593,Columbia St & Rivington St,5365,40.7262807,-73.98978041,40.71739973,-73.98016555,member
2142358,CD8EECFB103F5601,classic_bike,2021-07-07 15:05:47,2021-07-07 15:12:26,Madison St & Clinton St,5190,Columbia St & Rivington St,5365,40.71269042,-73.98776323,40.71739973,-73.98016555,member
2142359,911B3725A48ED226,classic_bike,2021-07-11 18:39:39,2021-07-11 18:45:46,Madison St & Clinton St,5190,Columbia St & Rivington St,5365,40.71269042,-73.98776323,40.71739973,-73.98016555,member
2142368,FAE082636EDD495C,classic_bike,2021-07-14 14:11:45,2021-07-14 14:31:22,Grand St & Samuel Dickstein Plaza,5335,Columbia St & Rivington St,5365,40.71511871996496,-73.98417055606842,40.71739973,-73.98016555,member
2142369,66F43441ABEFFBE7,classic_bike,2021-07-23 10:19:05,2021-07-23 10:22:16,Grand St & Samuel Dickstein Plaza,5335,Columbia St & Rivington St,5365,40.71511871996496,-73.98417055606842,40.71739973,-73.98016555,member
2142384,5B49ABBB45A75CFF,classic_bike,2021-07-13 16:12:47,2021-07-13 16:15:17,Grand St & Samuel Dickstein Plaza,5335,Columbia St & Rivington St,5365,40.71511871996496,-73.98417055606842,40.71739973,-73.98016555,member
2142389,8DA74756B6E87697,classic_bike,2021-07-06 17:58:16,2021-07-06 18:04:34,E 4 St & 2 Ave,5593,Columbia St & Rivington St,5365,40.7262807,-73.98978041,40.71739973,-73.98016555,member
2142411,F02D91DA74175266,classic_bike,2021-07-04 22:26:41,2021-07-04 22:29:40,Grand St & Samuel Dickstein Plaza,5335,Columbia St & Rivington St,5365,40.71511871996496,-73.98417055606842,40.71739973,-73.98016555,member
2142423,521031CA0D6262EA,electric_bike,2021-07-18 13:11:34,2021-07-18 13:29:05,9 Ave & W 18 St,6190,Columbia St & Rivington St,5365,40.74317449,-74.00366443,40.71739973,-73.98016555,member
2142427,D7D769D75380EAEC,classic_bike,2021-07-02 09:45:47,2021-07-02 09:48:04,Grand St & Samuel Dickstein Plaza,5335,Columbia St & Rivington St,5365,40.71511871996496,-73.98417055606842,40.71739973,-73.98016555,member
2142435,34DB8E7E51E564EB,classic_bike,2021-07-14 06:19:14,2021-07-14 06:31:47,Franklin St & W Broadway,5430,Columbia St & Rivington St,5365,40.71911552,-74.00666661,40.71739973,-73.98016555,member
2142436,8D06AA15197AF1E5,classic_bike,2021-07-23 06:18:17,2021-07-23 06:29:48,Franklin St & W Broadway,5430,Columbia St & Rivington St,5365,40.71911552,-74.00666661,40.71739973,-73.98016555,member
2142437,09EDD592B693944B,classic_bike,2021-07-15 06:20:54,2021-07-15 06:34:18,Franklin St & W Broadway,5430,Columbia St & Rivington St,5365,40.71911552,-74.00666661,40.71739973,-73.98016555,member
2142447,F0EAF5B853EDF12C,electric_bike,2021-07-26 15:41:56,2021-07-26 16:01:26,9 Ave & W 18 St,6190,Columbia St & Rivington St,5365,40.74317449,-74.00366443,40.71739973,-73.98016555,member
2142452,6F2B58F6274160BC,classic_bike,2021-07-07 15:31:13,2021-07-07 15:35:21,Grand St & Samuel Dickstein Plaza,5335,Columbia St & Rivington St,5365,40.71511871996496,-73.98417055606842,40.71739973,-73.98016555,member
2142503,73F1B3EC5458438E,classic_bike,2021-07-27 06:21:05,2021-07-27 06:35:47,Franklin St & W Broadway,5430,Columbia St & Rivington St,5365,40.71911552,-74.00666661,40.71739973,-73.98016555,member
2142526,260AFC3358A17037,classic_bike,2021-07-30 06:17:36,2021-07-30 06:32:04,Franklin St & W Broadway,5430,Columbia St & Rivington St,5365,40.71911552,-74.00666661,40.71739973,-73.98016555,member
2142529,62120FE4D399CB05,electric_bike,2021-07-20 06:19:06,2021-07-20 06:27:22,Franklin St & W Broadway,5430,Columbia St & Rivington St,5365,40.71911552,-74.00666661,40.71739973,-73.98016555,member
2142580,2BDF32A01C63C9FE,classic_bike,2021-07-21 18:59:12,2021-07-21 19:20:13,E 51 St & 2 Ave,6575,Columbia St & Rivington St,5365,40.755293,-73.967641,40.71739973,-73.98016555,casual
2142612,F922A568E8935DB1,electric_bike,2021-07-26 10:10:40,2021-07-26 10:35:14,W 55 St & 6 Ave,6809,Columbia St & Rivington St,5365,40.763189,-73.978434,40.71739973,-73.98016555,member
2142621,7ED446112F469E61,classic_bike,2021-07-26 18:19:15,2021-07-26 18:38:12,E 51 St & 2 Ave,6575,Columbia St & Rivington St,5365,40.755293,-73.967641,40.71739973,-73.98016555,member
2142708,F42652E34EA8B6F5,classic_bike,2021-07-22 17:53:10,2021-07-22 18:17:28,E 51 St & 2 Ave,6575,Columbia St & Rivington St,5365,40.755293,-73.967641,40.71739973,-73.98016555,member
2142756,2769CD3820F83F19,classic_bike,2021-07-14 17:27:53,2021-07-14 17:50:43,E 51 St & 2 Ave,6575,Columbia St & Rivington St,5365,40.755293,-73.967641,40.71739973,-73.98016555,casual
2142773,219C628EF3ABE785,classic_bike,2021-07-07 18:02:35,2021-07-07 18:25:00,E 51 St & 2 Ave,6575,Columbia St & Rivington St,5365,40.755293,-73.967641,40.71739973,-73.98016555,casual
2142826,0BD7F6CF24712444,classic_bike,2021-07-27 14:06:24,2021-07-27 14:13:18,Madison St & Clinton St,5190,Columbia St & Rivington St,5365,40.71269042,-73.98776323,40.71739973,-73.98016555,member
2142827,DAAB5D3AB0BEFCE0,classic_bike,2021-07-21 18:38:08,2021-07-21 18:43:20,Madison St & Clinton St,5190,Columbia St & Rivington St,5365,40.71269042,-73.98776323,40.71739973,-73.98016555,member
2142828,178A90389EACA526,classic_bike,2021-07-21 15:15:36,2021-07-21 15:20:32,Madison St & Clinton St,5190,Columbia St & Rivington St,5365,40.71269042,-73.98776323,40.71739973,-73.98016555,member
2142829,E3688A3EA6392064,classic_bike,2021-07-25 18:43:14,2021-07-25 18:47:51,Madison St & Clinton St,5190,Columbia St & Rivington St,5365,40.71269042,-73.98776323,40.71739973,-73.98016555,member
2142830,5899F4A4D4483778,classic_bike,2021-07-29 18:42:18,2021-07-29 18:48:10,Madison St & Clinton St,5190,Columbia St & Rivington St,5365,40.71269042,-73.98776323,40.71739973,-73.98016555,member
2142831,30B1C69C4B6EE04D,classic_bike,2021-07-28 18:44:08,2021-07-28 18:49:04,Madison St & Clinton St,5190,Columbia St & Rivington St,5365,40.71269042,-73.98776323,40.71739973,-73.98016555,member
2142832,AD9BD3B1D81BA823,classic_bike,2021-07-10 18:20:12,2021-07-10 18:25:16,Madison St & Clinton St,5190,Columbia St & Rivington St,5365,40.71269042,-73.98776323,40.71739973,-73.98016555,member
2142838,6CD0C07C020B776F,classic_bike,2021-07-03 13:23:16,2021-07-03 13:29:38,Madison St & Clinton St,5190,Columbia St & Rivington St,5365,40.71269042,-73.98776323,40.71739973,-73.98016555,member
2142839,2B1637BF7480FC28,classic_bike,2021-07-03 18:19:59,2021-07-03 18:26:19,Madison St & Clinton St,5190,Columbia St & Rivington St,5365,40.71269042,-73.98776323,40.71739973,-73.98016555,member
2142857,429B9CC92C4C037A,electric_bike,2021-07-01 06:24:08,2021-07-01 06:31:15,Franklin St & W Broadway,5430,Columbia St & Rivington St,5365,40.71911552,-74.00666661,40.71739973,-73.98016555,member
2142864,543A769033631613,classic_bike,2021-07-06 18:31:23,2021-07-06 18:35:32,Madison St & Clinton St,5190,Columbia St & Rivington St,5365,40.71269042,-73.98776323,40.71739973,-73.98016555,member
2142865,38DFA6E4AF6BA71B,classic_bike,2021-07-06 16:02:50,2021-07-06 16:08:11,Madison St & Clinton St,5190,Columbia St & Rivington St,5365,40.71269042,-73.98776323,40.71739973,-73.98016555,member
2142867,4BD118FEDF49D556,classic_bike,2021-07-24 17:16:43,2021-07-24 17:24:53,Madison St & Clinton St,5190,Columbia St & Rivington St,5365,40.71269042,-73.98776323,40.71739973,-73.98016555,member
2142870,D953B93850071453,classic_bike,2021-07-23 17:43:39,2021-07-23 17:51:11,Madison St & Clinton St,5190,Columbia St & Rivington St,5365,40.71269042,-73.98776323,40.71739973,-73.98016555,member
2142885,68DD137ED1D29AA7,classic_bike,2021-07-09 10:00:10,2021-07-09 10:04:37,Madison St & Clinton St,5190,Columbia St & Rivington St,5365,40.71269042,-73.98776323,40.71739973,-73.98016555,casual
2142889,32EF3046D110FCBE,classic_bike,2021-07-13 21:26:23,2021-07-13 21:31:09,Madison St & Clinton St,5190,Columbia St & Rivington St,5365,40.71269042,-73.98776323,40.71739973,-73.98016555,casual
2142896,1C3E16E84AEB6786,classic_bike,2021-07-15 18:37:11,2021-07-15 18:43:03,Madison St & Clinton St,5190,Columbia St & Rivington St,5365,40.71269042,-73.98776323,40.71739973,-73.98016555,member
2142897,49E01763A13C456B,classic_bike,2021-07-27 17:56:39,2021-07-27 18:01:47,Madison St & Clinton St,5190,Columbia St & Rivington St,5365,40.71269042,-73.98776323,40.71739973,-73.98016555,member
2142898,637FC2A73459FD6F,classic_bike,2021-07-27 13:15:23,2021-07-27 13:20:39,Madison St & Clinton St,5190,Columbia St & Rivington St,5365,40.71269042,-73.98776323,40.71739973,-73.98016555,member
2142899,A54668F60590B787,classic_bike,2021-07-18 13:54:55,2021-07-18 14:00:46,Madison St & Clinton St,5190,Columbia St & Rivington St,5365,40.71269042,-73.98776323,40.71739973,-73.98016555,member
2142900,E07FE43EE90C9C13,classic_bike,2021-07-18 18:38:18,2021-07-18 18:44:21,Madison St & Clinton St,5190,Columbia St & Rivington St,5365,40.71269042,-73.98776323,40.71739973,-73.98016555,member
2142901,AAA20B6E73238128,classic_bike,2021-07-08 18:38:43,2021-07-08 18:44:46,Madison St & Clinton St,5190,Columbia St & Rivington St,5365,40.71269042,-73.98776323,40.71739973,-73.98016555,member
2142902,063EAAC4E02A62FC,classic_bike,2021-07-22 18:45:37,2021-07-22 18:51:53,Madison St & Clinton St,5190,Columbia St & Rivington St,5365,40.71269042,-73.98776323,40.71739973,-73.98016555,member
2142903,294C43EF0D5283B2,classic_bike,2021-07-22 13:51:09,2021-07-22 13:56:22,Madison St & Clinton St,5190,Columbia St & Rivington St,5365,40.71269042,-73.98776323,40.71739973,-73.98016555,member
2142921,F958824BDDCB880C,classic_bike,2021-07-22 16:53:40,2021-07-22 16:59:43,Madison St & Clinton St,5190,Columbia St & Rivington St,5365,40.71269042,-73.98776323,40.71739973,-73.98016555,casual
2142927,72DAC0C191EC1BEB,classic_bike,2021-07-11 14:01:32,2021-07-11 14:05:41,Madison St & Clinton St,5190,Columbia St & Rivington St,5365,40.71269042,-73.98776323,40.71739973,-73.98016555,casual
2142939,652DE54E39FBD985,classic_bike,2021-07-27 14:35:34,2021-07-27 14:37:33,Grand St & Samuel Dickstein Plaza,5335,Columbia St & Rivington St,5365,40.71511871996496,-73.98417055606842,40.71739973,-73.98016555,casual
2142975,0DAC0A87C16F7BCC,classic_bike,2021-07-24 10:24:18,2021-07-24 10:43:08,W 18 St & 6 Ave,6064,Columbia St & Rivington St,5365,40.73971301,-73.99456405,40.71739973,-73.98016555,member
2142980,9C1447A2787AC268,classic_bike,2021-07-29 06:20:04,2021-07-29 06:32:39,Franklin St & W Broadway,5430,Columbia St & Rivington St,5365,40.71911552,-74.00666661,40.71739973,-73.98016555,member
2143039,69A0789B5E5A9938,classic_bike,2021-07-12 18:27:27,2021-07-12 18:34:21,E 4 St & 2 Ave,5593,Columbia St & Rivington St,5365,40.7262807,-73.98978041,40.71739973,-73.98016555,casual
2143041,237A55DF58483B38,electric_bike,2021-07-05 01:05:06,2021-07-05 01:11:04,E 4 St & 2 Ave,5593,Columbia St & Rivington St,5365,40.7262807,-73.98978041,40.71739973,-73.98016555,member
2143051,9C3E768C1DDA8E78,classic_bike,2021-07-29 13:46:01,2021-07-29 13:48:02,Grand St & Samuel Dickstein Plaza,5335,Columbia St & Rivington St,5365,40.71511871996496,-73.98417055606842,40.71739973,-73.98016555,member
2143061,F7CE42BDE8340331,classic_bike,2021-07-14 14:30:27,2021-07-14 15:08:31,Little West St & 1 Pl,5001,Columbia St & Rivington St,5365,40.70569254,-74.01677685,40.71739973,-73.98016555,member
2143062,654B3F9D9E7FC40E,docked_bike,2021-07-23 00:29:44,2021-07-23 22:33:49,Franklin St & W Broadway,5430,Columbia St & Rivington St,5365,40.719116,-74.006667,40.7174,-73.980166,casual
2143068,5232DB14A670B943,classic_bike,2021-07-31 12:01:45,2021-07-31 12:04:35,Grand St & Samuel Dickstein Plaza,5335,Columbia St & Rivington St,5365,40.71511871996496,-73.98417055606842,40.71739973,-73.98016555,member
2143077,F6F162FFA163002D,classic_bike,2021-07-29 11:40:01,2021-07-29 11:43:32,Grand St & Samuel Dickstein Plaza,5335,Columbia St & Rivington St,5365,40.71511871996496,-73.98417055606842,40.71739973,-73.98016555,member
2143080,E78C19EA1F94C532,classic_bike,2021-07-15 08:27:04,2021-07-15 08:29:22,Grand St & Samuel Dickstein Plaza,5335,Columbia St & Rivington St,5365,40.71511871996496,-73.98417055606842,40.71739973,-73.98016555,member
2143082,A663458FC880C9CC,electric_bike,2021-07-19 12:37:08,2021-07-19 12:58:58,W 42 St & 6 Ave,6517,Columbia St & Rivington St,5365,40.75492,-73.98455,40.71739973,-73.98016555,member
2143098,1659CFFBB3E71CF9,classic_bike,2021-07-31 18:54:27,2021-07-31 18:59:53,Madison St & Clinton St,5190,Columbia St & Rivington St,5365,40.71269042,-73.98776323,40.71739973,-73.98016555,member
2143101,950E0F56D18DAA28,classic_bike,2021-07-29 16:49:04,2021-07-29 16:56:52,Madison St & Clinton St,5190,Columbia St & Rivington St,5365,40.71269042,-73.98776323,40.71739973,-73.98016555,member
2143102,ABB6772ECFDF8159,classic_bike,2021-07-28 16:58:46,2021-07-28 17:06:34,Madison St & Clinton St,5190,Columbia St & Rivington St,5365,40.71269042,-73.98776323,40.71739973,-73.98016555,member
2143113,17C7FEE3B9C6874D,classic_bike,2021-07-26 14:10:37,2021-07-26 14:15:31,Madison St & Clinton St,5190,Columbia St & Rivington St,5365,40.71269042,-73.98776323,40.71739973,-73.98016555,casual
2143118,404A31F331554A2A,classic_bike,2021-07-13 18:12:01,2021-07-13 18:17:34,Madison St & Clinton St,5190,Columbia St & Rivington St,5365,40.71269042,-73.98776323,40.71739973,-73.98016555,member
2143119,39DF94922EADCBEC,classic_bike,2021-07-24 18:17:22,2021-07-24 18:23:29,Madison St & Clinton St,5190,Columbia St & Rivington St,5365,40.71269042,-73.98776323,40.71739973,-73.98016555,member
2143167,F3C0306C2EFA793E,classic_bike,2021-07-07 20:09:49,2021-07-07 20:19:12,Grand St & Samuel Dickstein Plaza,5335,Columbia St & Rivington St,5365,40.71511871996496,-73.98417055606842,40.71739973,-73.98016555,casual
2143177,32BBE2760BF8E139,classic_bike,2021-07-25 20:14:16,2021-07-25 20:23:50,E 4 St & 2 Ave,5593,Columbia St & Rivington St,5365,40.7262807,-73.98978041,40.71739973,-73.98016555,casual
2143181,26339317D430B257,classic_bike,2021-07-07 10:59:29,2021-07-07 11:27:16,9 Ave & W 18 St,6190,Columbia St & Rivington St,5365,40.74317449,-74.00366443,40.71739973,-73.98016555,casual
2143188,AF5D3E3654A808D0,electric_bike,2021-07-08 11:45:12,2021-07-08 11:59:46,Little West St & 1 Pl,5001,Columbia St & Rivington St,5365,40.70569254,-74.01677685,40.71739973,-73.98016555,member
2143198,BDBF2ECFF1DB77E6,classic_bike,2021-07-15 20:52:01,2021-07-15 22:32:24,Grand St & Samuel Dickstein Plaza,5335,Columbia St & Rivington St,5365,40.71511871996496,-73.98417055606842,40.71739973,-73.98016555,casual
2143203,954C38B9981BCDB7,electric_bike,2021-07-16 07:32:00,2021-07-16 07:45:34,W 18 St & 6 Ave,6064,Columbia St & Rivington St,5365,40.73971301,-73.99456405,40.71739973,-73.98016555,casual
2143215,5DA7C8762D8CA1AD,electric_bike,2021-07-15 16:32:42,2021-07-15 16:50:06,W 42 St & 6 Ave,6517,Columbia St & Rivington St,5365,40.75492,-73.98455,40.71739973,-73.98016555,casual
2143224,82B1C5F3C0552FE9,classic_bike,2021-07-15 13:17:30,2021-07-15 13:20:15,Grand St & Samuel Dickstein Plaza,5335,Columbia St & Rivington St,5365,40.71511871996496,-73.98417055606842,40.71739973,-73.98016555,member
2143249,1B57FB0CB2D2058B,classic_bike,2021-07-18 16:31:04,2021-07-18 16:42:00,E 4 St & 2 Ave,5593,Columbia St & Rivington St,5365,40.7262807,-73.98978041,40.71739973,-73.98016555,member
2143298,6358CC661389E28D,classic_bike,2021-07-15 16:38:07,2021-07-15 16:40:27,Grand St & Samuel Dickstein Plaza,5335,Columbia St & Rivington St,5365,40.71511871996496,-73.98417055606842,40.71739973,-73.98016555,member
2143323,8537C0F87C15A6C5,classic_bike,2021-07-18 16:32:29,2021-07-18 16:42:14,E 4 St & 2 Ave,5593,Columbia St & Rivington St,5365,40.7262807,-73.98978041,40.71739973,-73.98016555,member
2143324,25271549F912B669,classic_bike,2021-07-13 06:20:55,2021-07-13 06:34:37,Franklin St & W Broadway,5430,Columbia St & Rivington St,5365,40.71911552,-74.00666661,40.71739973,-73.98016555,member
2143325,E4DAB391CC4AA89E,classic_bike,2021-07-07 06:19:03,2021-07-07 06:31:03,Franklin St & W Broadway,5430,Columbia St & Rivington St,5365,40.71911552,-74.00666661,40.71739973,-73.98016555,member
2143327,8D3DEEB3B737BDE5,electric_bike,2021-07-12 16:52:34,2021-07-12 16:59:30,E 4 St & 2 Ave,5593,Columbia St & Rivington St,5365,40.7262807,-73.98978041,40.71739973,-73.98016555,member
2143331,E9A8BFAF73A5F13D,classic_bike,2021-07-04 15:26:27,2021-07-04 15:29:30,Grand St & Samuel Dickstein Plaza,5335,Columbia St & Rivington St,5365,40.71511871996496,-73.98417055606842,40.71739973,-73.98016555,member
2143348,353F7C1C6E09745D,classic_bike,2021-07-01 13:49:29,2021-07-01 13:54:49,Madison St & Clinton St,5190,Columbia St & Rivington St,5365,40.71269042,-73.98776323,40.71739973,-73.98016555,member
2143350,3BA613BB24677E7C,classic_bike,2021-07-04 18:02:45,2021-07-04 18:07:58,Madison St & Clinton St,5190,Columbia St & Rivington St,5365,40.71269042,-73.98776323,40.71739973,-73.98016555,member
2143360,6B8BFCD2DB5667A4,classic_bike,2021-07-28 06:21:44,2021-07-28 06:34:59,Franklin St & W Broadway,5430,Columbia St & Rivington St,5365,40.71911552,-74.00666661,40.71739973,-73.98016555,member
2143361,E1D2B8D573FE8297,classic_bike,2021-07-08 06:16:07,2021-07-08 06:30:25,Franklin St & W Broadway,5430,Columbia St & Rivington St,5365,40.71911552,-74.00666661,40.71739973,-73.98016555,member
2143362,4A7EC9E54F262EC2,classic_bike,2021-07-06 06:20:23,2021-07-06 06:31:55,Franklin St & W Broadway,5430,Columbia St & Rivington St,5365,40.71911552,-74.00666661,40.71739973,-73.98016555,member
2143368,CCCF1E66D55D7E0B,classic_bike,2021-07-23 10:26:00,2021-07-23 10:43:09,Madison St & Clinton St,5190,Columbia St & Rivington St,5365,40.71269042,-73.98776323,40.71739973,-73.98016555,casual
2143389,1039A8967ED5D08F,classic_bike,2021-07-08 15:29:10,2021-07-08 15:32:49,Grand St & Samuel Dickstein Plaza,5335,Columbia St & Rivington St,5365,40.71511871996496,-73.98417055606842,40.71739973,-73.98016555,casual
2143441,301EABF423945776,classic_bike,2021-07-13 17:56:57,2021-07-13 18:27:20,Broadway & W 51 St,6779,Columbia St & Rivington St,5365,40.76228826,-73.98336183,40.71739973,-73.98016555,member
2143449,DDB4616C5BAD5714,classic_bike,2021-07-24 07:45:13,2021-07-24 07:52:54,Great Jones St,5636,Columbia St & Rivington St,5365,40.72743423,-73.99379025,40.71739973,-73.98016555,member
2143555,BF34384C23C7239E,electric_bike,2021-07-13 17:56:34,2021-07-13 18:28:45,Broadway & W 51 St,6779,Columbia St & Rivington St,5365,40.76228826,-73.98336183,40.71739973,-73.98016555,casual
2143701,04B25AF84164CE2F,classic_bike,2021-07-25 13:57:32,2021-07-25 14:28:00,W 27 St & 7 Ave,6247,Columbia St & Rivington St,5365,40.746647,-73.993915,40.71739973,-73.98016555,casual
2143711,52E9F05B0EE44DBF,classic_bike,2021-07-09 15:45:50,2021-07-09 16:05:56,E 31 St & 3 Ave,6239,Columbia St & Rivington St,5365,40.74394314,-73.97966069,40.71739973,-73.98016555,casual
2143724,2AAA5462820672EA,classic_bike,2021-07-26 18:26:22,2021-07-26 19:02:36,Broadway & W 38 St,6560,Columbia St & Rivington St,5365,40.7529728216068,-73.98734897375107,40.71739973,-73.98016555,member
2143729,1731E7F109AD1079,classic_bike,2021-07-30 14:54:57,2021-07-30 15:12:37,W 27 St & 7 Ave,6247,Columbia St & Rivington St,5365,40.746647,-73.993915,40.71739973,-73.98016555,member
2143819,1AC48640321C4705,classic_bike,2021-07-31 22:25:51,2021-07-31 22:35:44,Great Jones St,5636,Columbia St & Rivington St,5365,40.72743423,-73.99379025,40.71739973,-73.98016555,member
2143997,32B345F3FDDE424D,classic_bike,2021-07-14 17:14:40,2021-07-14 17:40:28,Bus Slip & State St,4889,Columbia St & Rivington St,5365,40.701907,-74.013942,40.71739973,-73.98016555,member
2144043,B907166989863968,classic_bike,2021-07-07 09:33:01,2021-07-07 09:42:57,Great Jones St,5636,Columbia St & Rivington St,5365,40.72743423,-73.99379025,40.71739973,-73.98016555,member
2144050,BF363BF1A6ED39C7,classic_bike,2021-07-28 18:20:54,2021-07-28 18:42:59,W 22 St & 10 Ave,6306,Columbia St & Rivington St,5365,40.74691959,-74.00451887,40.71739973,-73.98016555,casual
2144060,6401D4507A207969,classic_bike,2021-07-16 17:28:18,2021-07-16 17:47:41,Washington Pl & Broadway,5755,Columbia St & Rivington St,5365,40.72903917,-73.99404649,40.71739973,-73.98016555,casual
2144092,BEDF7BBCBF8FB949,electric_bike,2021-07-04 20:28:51,2021-07-04 21:15:29,W 26 St & 8 Ave,6297,Columbia St & Rivington St,5365,40.74734825,-73.99723551,40.71739973,-73.98016555,member
2144230,E9373BB9E9E4EDEC,electric_bike,2021-07-01 15:30:16,2021-07-01 15:45:51,Broadway & W 25 St,6173,Columbia St & Rivington St,5365,40.74286877312112,-73.98918628692627,40.71739973,-73.98016555,member
2144232,B738D3D7C48B7BC5,electric_bike,2021-07-12 23:29:57,2021-07-12 23:43:13,Bus Slip & State St,4889,Columbia St & Rivington St,5365,40.701907,-74.013942,40.71739973,-73.98016555,member
2144243,32E3DF2C597F6BB4,electric_bike,2021-07-04 13:21:17,2021-07-04 13:37:56,W 27 St & 7 Ave,6247,Columbia St & Rivington St,5365,40.746647,-73.993915,40.71739973,-73.98016555,casual
2144268,AD9A44E8B33B894C,classic_bike,2021-07-18 18:19:10,2021-07-18 18:42:57,W 16 St & The High Line,6233,Columbia St & Rivington St,5365,40.74334935,-74.00681753,40.71739973,-73.98016555,member
2144321,311A66566A45F963,electric_bike,2021-07-07 11:59:19,2021-07-07 12:12:07,Bus Slip & State St,4889,Columbia St & Rivington St,5365,40.701907,-74.013942,40.71739973,-73.98016555,member
2234957,1F8677C4F731C5AA,electric_bike,2021-07-04 22:58:53,2021-07-05 00:08:17,Columbia St & Rivington St,5365,W 37 St & 10 Ave,6611,40.71739973,-73.98016555,40.75660359,-73.9979009,member
2234958,270AEB6A3F821ABA,electric_bike,2021-07-05 19:36:48,2021-07-05 19:59:50,Columbia St & Rivington St,5365,W 37 St & 10 Ave,6611,40.71739973,-73.98016555,40.75660359,-73.9979009,member
2234959,4360457BFFF49C2D,electric_bike,2021-07-15 21:44:21,2021-07-15 22:09:08,Columbia St & Rivington St,5365,W 37 St & 10 Ave,6611,40.71739973,-73.98016555,40.75660359,-73.9979009,member
2234966,810AAD83DA11E731,electric_bike,2021-07-06 23:03:28,2021-07-06 23:32:59,Columbia St & Rivington St,5365,W 37 St & 10 Ave,6611,40.71739973,-73.98016555,40.75660359,-73.9979009,member
2235016,AE6E7CAF5A7A5275,electric_bike,2021-07-22 21:52:10,2021-07-22 22:14:15,Columbia St & Rivington St,5365,W 37 St & 10 Ave,6611,40.71739973,-73.98016555,40.75660359,-73.9979009,member
2283488,1828FC31FF3B36FF,classic_bike,2021-07-15 12:30:14,2021-07-15 12:45:05,Columbia St & Rivington St,5365,Bayard St & Baxter St,5351,40.71739973,-73.98016555,40.71602118,-73.99974372,member
2283521,BC0BD787A21331C7,classic_bike,2021-07-31 10:06:52,2021-07-31 10:19:29,Columbia St & Rivington St,5365,Old Slip & South St,4993,40.71739973,-73.98016555,40.70336686695866,-74.007867872715,member
2283522,83F4E7EAE43AA5EA,classic_bike,2021-07-30 17:19:38,2021-07-30 17:31:06,Columbia St & Rivington St,5365,Bayard St & Baxter St,5351,40.71739973,-73.98016555,40.71602118,-73.99974372,member
2283536,E95681C9106CA81B,classic_bike,2021-07-07 16:16:18,2021-07-07 16:32:05,Columbia St & Rivington St,5365,Bayard St & Baxter St,5351,40.71739973,-73.98016555,40.71602118,-73.99974372,member
2283538,3C62F083B98735CE,classic_bike,2021-07-03 11:11:25,2021-07-03 11:19:01,Columbia St & Rivington St,5365,Bayard St & Baxter St,5351,40.71739973,-73.98016555,40.71602118,-73.99974372,member
2283540,17B101B0156D6F4F,classic_bike,2021-07-18 10:42:34,2021-07-18 10:52:08,Columbia St & Rivington St,5365,Bayard St & Baxter St,5351,40.71739973,-73.98016555,40.71602118,-73.99974372,member
2283543,5DB209D8D5FEC25A,classic_bike,2021-07-07 18:33:10,2021-07-07 18:43:36,Columbia St & Rivington St,5365,Bayard St & Baxter St,5351,40.71739973,-73.98016555,40.71602118,-73.99974372,member
2283544,AA7E9902BC37A49A,classic_bike,2021-07-18 18:15:22,2021-07-18 18:33:24,Columbia St & Rivington St,5365,Bayard St & Baxter St,5351,40.71739973,-73.98016555,40.71602118,-73.99974372,member
2283557,5D0523C7C51A4EF5,electric_bike,2021-07-24 10:45:59,2021-07-24 10:54:27,Columbia St & Rivington St,5365,Bayard St & Baxter St,5351,40.71739973,-73.98016555,40.71602118,-73.99974372,member
2283558,42E1117D4BA0833F,classic_bike,2021-07-10 10:27:42,2021-07-10 10:52:17,Columbia St & Rivington St,5365,Bayard St & Baxter St,5351,40.71739973,-73.98016555,40.71602118,-73.99974372,member
2283561,C85F49CD52D9135F,classic_bike,2021-07-20 08:17:42,2021-07-20 08:31:37,Columbia St & Rivington St,5365,Old Slip & South St,4993,40.71739973,-73.98016555,40.70336686695866,-74.007867872715,member
2283562,D482BCE37F59A52C,classic_bike,2021-07-27 09:50:54,2021-07-27 09:59:26,Columbia St & Rivington St,5365,Bayard St & Baxter St,5351,40.71739973,-73.98016555,40.71602118,-73.99974372,member
2283563,94C26B50F5FC6BF1,classic_bike,2021-07-24 09:56:12,2021-07-24 10:05:13,Columbia St & Rivington St,5365,Bayard St & Baxter St,5351,40.71739973,-73.98016555,40.71602118,-73.99974372,member
2283564,8CCF69F6DC9608FE,classic_bike,2021-07-17 10:16:10,2021-07-17 10:25:01,Columbia St & Rivington St,5365,Bayard St & Baxter St,5351,40.71739973,-73.98016555,40.71602118,-73.99974372,member
2283566,BDD63FB5CE7203F1,classic_bike,2021-07-31 11:33:17,2021-07-31 11:48:44,Columbia St & Rivington St,5365,Bayard St & Baxter St,5351,40.71739973,-73.98016555,40.71602118,-73.99974372,member
2283586,9CD05FEBB3841478,classic_bike,2021-07-01 08:36:46,2021-07-01 08:59:08,Columbia St & Rivington St,5365,Old Slip & South St,4993,40.71739973,-73.98016555,40.70336686695866,-74.007867872715,member
2283613,1F344C3F3DCB5E5E,classic_bike,2021-07-28 21:30:52,2021-07-28 21:41:23,Columbia St & Rivington St,5365,Spring St & Hudson St,5653,40.71739973,-73.98016555,40.72583996792375,-74.0076532959938,member
2283628,9DCB1EF000C8039A,classic_bike,2021-07-03 16:18:42,2021-07-03 16:45:04,Columbia St & Rivington St,5365,Old Slip & South St,4993,40.71739973,-73.98016555,40.70336686695866,-74.007867872715,casual
2285681,D550202C76422CDC,electric_bike,2021-07-16 16:10:02,2021-07-16 16:42:27,Columbia St & Rivington St,5365,Old Slip & South St,4993,40.71739973,-73.98016555,40.70336686695866,-74.007867872715,member
2285682,E14B5ED17B27D0E3,classic_bike,2021-07-22 09:32:56,2021-07-22 09:47:33,Columbia St & Rivington St,5365,Bayard St & Baxter St,5351,40.71739973,-73.98016555,40.71602118,-73.99974372,member
2286847,48CA3861F9F6F73A,classic_bike,2021-07-08 09:49:20,2021-07-08 09:57:48,Columbia St & Rivington St,5365,Bayard St & Baxter St,5351,40.71739973,-73.98016555,40.71602118,-73.99974372,member
2286848,ED04E75868A7E60A,classic_bike,2021-07-02 09:44:18,2021-07-02 09:55:35,Columbia St & Rivington St,5365,Bayard St & Baxter St,5351,40.71739973,-73.98016555,40.71602118,-73.99974372,member
2286849,F9FE701A51AC8520,classic_bike,2021-07-05 09:53:49,2021-07-05 10:02:29,Columbia St & Rivington St,5365,Bayard St & Baxter St,5351,40.71739973,-73.98016555,40.71602118,-73.99974372,member
2286852,8399173CED315E74,classic_bike,2021-07-06 10:28:27,2021-07-06 10:55:01,Columbia St & Rivington St,5365,Bayard St & Baxter St,5351,40.71739973,-73.98016555,40.71602118,-73.99974372,member
2290407,6307320DDD29E8E7,electric_bike,2021-07-01 06:39:25,2021-07-01 06:47:47,Columbia St & Rivington St,5365,Old Slip & South St,4993,40.71739973,-73.98016555,40.70336686695866,-74.007867872715,member
2291266,DB9E16E8F64F8ECE,classic_bike,2021-07-22 19:46:12,2021-07-22 19:56:58,Columbia St & Rivington St,5365,Bayard St & Baxter St,5351,40.71739973,-73.98016555,40.71602118,-73.99974372,member
2291271,F46715477E820318,classic_bike,2021-07-07 08:09:50,2021-07-07 08:24:39,Columbia St & Rivington St,5365,Old Slip & South St,4993,40.71739973,-73.98016555,40.70336686695866,-74.007867872715,member
2291286,A5DD09DFE82725BC,classic_bike,2021-07-03 16:18:44,2021-07-03 16:45:55,Columbia St & Rivington St,5365,Old Slip & South St,4993,40.71739973,-73.98016555,40.70336686695866,-74.007867872715,member
2294493,82DDF7EF07C2FF0E,electric_bike,2021-07-11 01:38:02,2021-07-11 02:33:26,Columbia St & Rivington St,5365,Old Slip & South St,4993,40.71739973,-73.98016555,40.70336686695866,-74.007867872715,member
2294540,EAB24B9FBC90920E,classic_bike,2021-07-24 09:36:19,2021-07-24 09:57:04,Columbia St & Rivington St,5365,Bayard St & Baxter St,5351,40.71739973,-73.98016555,40.71602118,-73.99974372,member
2294594,E907146BDDE1478B,electric_bike,2021-07-02 06:37:38,2021-07-02 06:47:35,Columbia St & Rivington St,5365,Old Slip & South St,4993,40.71739973,-73.98016555,40.70336686695866,-74.007867872715,member
2322868,0822EA65E00281BC,electric_bike,2021-07-09 15:39:35,2021-07-09 15:55:04,Columbia St & Rivington St,5365,Sharon St & Olive St,5323,40.71739973,-73.98016555,40.715353,-73.93856,casual
2322879,8B81C9DB94CEC996,electric_bike,2021-07-23 06:16:17,2021-07-23 06:36:38,Columbia St & Rivington St,5365,Flushing Ave & Woodward Ave,5225,40.71739973,-73.98016555,40.71246,-73.91873,member
2322962,DE094040B3670E01,electric_bike,2021-07-15 23:48:51,2021-07-16 00:13:10,Columbia St & Rivington St,5365,Flushing Ave & Woodward Ave,5225,40.71739973,-73.98016555,40.71246,-73.91873,casual
2337789,F1F2B0BA5D54F1C6,classic_bike,2021-07-05 12:38:32,2021-07-05 13:05:54,Columbia St & Rivington St,5365,E 20 St & 2 Ave,5971,40.71739973,-73.98016555,40.73587678,-73.98205027,member
2337855,4B93E4CDC6F91AED,classic_bike,2021-07-05 07:09:51,2021-07-05 07:40:14,Columbia St & Rivington St,5365,Nostrand Ave & Myrtle Ave,4707,40.71739973,-73.98016555,40.69527008,-73.95238108,casual
2340400,B745279EBD204224,electric_bike,2021-07-17 20:54:26,2021-07-17 21:13:11,Columbia St & Rivington St,5365,Perry St & Bleecker St,5922,40.71739973,-73.98016555,40.73535398,-74.00483091,casual
2342368,613060BA027A96E8,classic_bike,2021-07-05 12:39:08,2021-07-05 13:05:22,Columbia St & Rivington St,5365,E 20 St & 2 Ave,5971,40.71739973,-73.98016555,40.73587678,-73.98205027,member
2366686,26F3EC78C0FF8175,electric_bike,2021-07-29 13:12:03,2021-07-29 13:41:36,Columbia St & Rivington St,5365,Fulton St & Broadway,5175,40.71739973,-73.98016555,40.711066,-74.009447,member
2366687,94CD8A5474B07AF4,electric_bike,2021-07-26 19:03:01,2021-07-26 19:16:59,Columbia St & Rivington St,5365,Driggs Ave & N 9 St,5411,40.71739973,-73.98016555,40.71816969454208,-73.95520135760307,member
2366690,5E74C8560C23289D,classic_bike,2021-07-01 16:23:26,2021-07-01 16:55:21,Columbia St & Rivington St,5365,Fulton St & Broadway,5175,40.71739973,-73.98016555,40.711066,-74.009447,member
2367401,02B879A68A65AC2A,electric_bike,2021-07-26 14:40:21,2021-07-26 14:50:38,Columbia St & Rivington St,5365,Fulton St & Broadway,5175,40.71739973,-73.98016555,40.711066,-74.009447,member
2370553,EE87D02F076457BB,electric_bike,2021-07-01 14:52:30,2021-07-01 15:01:51,Columbia St & Rivington St,5365,Fulton St & Broadway,5175,40.71739973,-73.98016555,40.711066,-74.009447,member
2370598,C1CD404A995209E1,electric_bike,2021-07-06 14:38:31,2021-07-06 14:52:55,Columbia St & Rivington St,5365,Fulton St & Broadway,5175,40.71739973,-73.98016555,40.711066,-74.009447,member
2386009,58403BC4800AFFF8,classic_bike,2021-07-01 14:35:41,2021-07-01 14:44:00,Columbia St & Rivington St,5365,Market St & Henry St,5270,40.71739973,-73.98016555,40.71310702305908,-73.99446353316307,member
2386026,521AEA719CC286CE,classic_bike,2021-07-19 15:48:43,2021-07-19 15:55:26,Columbia St & Rivington St,5365,Market St & Henry St,5270,40.71739973,-73.98016555,40.71310702305908,-73.99446353316307,member
2386028,7BEBD76A6F658DF7,classic_bike,2021-07-13 13:14:06,2021-07-13 13:23:20,Columbia St & Rivington St,5365,Market St & Henry St,5270,40.71739973,-73.98016555,40.71310702305908,-73.99446353316307,member
2386040,CAC4E52A960BCD04,electric_bike,2021-07-19 11:58:50,2021-07-19 12:10:03,Columbia St & Rivington St,5365,Lafayette St & E 8 St,5788,40.71739973,-73.98016555,40.73020660529954,-73.99102628231049,member
2386077,F07F5580EAC8695A,classic_bike,2021-07-12 09:01:35,2021-07-12 09:12:29,Columbia St & Rivington St,5365,Lafayette St & E 8 St,5788,40.71739973,-73.98016555,40.73020660529954,-73.99102628231049,member
2386088,534F0D96A984224A,classic_bike,2021-07-16 12:39:55,2021-07-16 12:47:28,Columbia St & Rivington St,5365,1 Ave & E 6 St,5626,40.71739973,-73.98016555,40.72633085971696,-73.98616880178452,member
2386102,B733827CC480DB26,classic_bike,2021-07-29 13:11:11,2021-07-29 13:21:32,Columbia St & Rivington St,5365,Market St & Henry St,5270,40.71739973,-73.98016555,40.71310702305908,-73.99446353316307,member
2386105,14E543D4598BA429,classic_bike,2021-07-05 13:21:25,2021-07-05 13:29:29,Columbia St & Rivington St,5365,Market St & Henry St,5270,40.71739973,-73.98016555,40.71310702305908,-73.99446353316307,member
2386106,D6AE8818EE4DE386,classic_bike,2021-07-08 14:14:03,2021-07-08 14:20:56,Columbia St & Rivington St,5365,Market St & Henry St,5270,40.71739973,-73.98016555,40.71310702305908,-73.99446353316307,member
2386859,C3AF9B2497DD2EB1,classic_bike,2021-07-15 12:43:20,2021-07-15 12:59:03,Columbia St & Rivington St,5365,Market St & Henry St,5270,40.71739973,-73.98016555,40.71310702305908,-73.99446353316307,member
2386861,9DA8474434C19D9F,electric_bike,2021-07-29 11:54:29,2021-07-29 12:00:19,Columbia St & Rivington St,5365,Market St & Henry St,5270,40.71739973,-73.98016555,40.71310702305908,-73.99446353316307,casual
2386900,39DA161820083AD6,electric_bike,2021-07-20 13:48:00,2021-07-20 14:11:11,Columbia St & Rivington St,5365,E 39 St & Lexington Ave,6389,40.71739973,-73.98016555,40.7494985460252,-73.97729203113158,member
2386907,AE5D148A69B03B67,classic_bike,2021-07-15 09:34:10,2021-07-15 09:43:42,Columbia St & Rivington St,5365,Market St & Henry St,5270,40.71739973,-73.98016555,40.71310702305908,-73.99446353316307,member
2386928,51222BFED2165018,classic_bike,2021-07-02 11:22:05,2021-07-02 11:32:06,Columbia St & Rivington St,5365,Lafayette St & E 8 St,5788,40.71739973,-73.98016555,40.73020660529954,-73.99102628231049,member
2386929,BA881F0863E8E8B2,classic_bike,2021-07-01 11:11:39,2021-07-01 11:23:43,Columbia St & Rivington St,5365,Lafayette St & E 8 St,5788,40.71739973,-73.98016555,40.73020660529954,-73.99102628231049,member
2386932,19552D4DCB0CB8BE,classic_bike,2021-07-21 17:59:26,2021-07-21 18:06:07,Columbia St & Rivington St,5365,1 Ave & E 6 St,5626,40.71739973,-73.98016555,40.72633085971696,-73.98616880178452,member
2386956,C8C786D6F8C70E10,electric_bike,2021-07-28 17:58:15,2021-07-28 18:27:03,Columbia St & Rivington St,5365,1 Ave & E 6 St,5626,40.71739973,-73.98016555,40.72633085971696,-73.98616880178452,casual
2386989,BA315D397A55031C,classic_bike,2021-07-15 08:53:11,2021-07-15 09:13:45,Columbia St & Rivington St,5365,E 48 St & 3 Ave,6541,40.71739973,-73.98016555,40.7546011026,-73.971878855,member
2386991,A92662FFBC9D3003,classic_bike,2021-07-01 07:29:57,2021-07-01 08:00:52,Columbia St & Rivington St,5365,Lafayette St & E 8 St,5788,40.71739973,-73.98016555,40.73020660529954,-73.99102628231049,member
2386992,632C8437C68EDF45,classic_bike,2021-07-30 09:34:33,2021-07-30 09:54:04,Columbia St & Rivington St,5365,E 48 St & 3 Ave,6541,40.71739973,-73.98016555,40.7546011026,-73.971878855,member
2386994,EA4A398690E9D4A9,classic_bike,2021-07-28 08:52:01,2021-07-28 09:12:01,Columbia St & Rivington St,5365,E 48 St & 3 Ave,6541,40.71739973,-73.98016555,40.7546011026,-73.971878855,member
2386997,933148967173E797,classic_bike,2021-07-29 09:24:33,2021-07-29 09:43:42,Columbia St & Rivington St,5365,E 48 St & 3 Ave,6541,40.71739973,-73.98016555,40.7546011026,-73.971878855,member
2387133,63567208F42C2992,classic_bike,2021-07-29 12:53:43,2021-07-29 13:08:12,Columbia St & Rivington St,5365,Market St & Henry St,5270,40.71739973,-73.98016555,40.71310702305908,-73.99446353316307,member
2387143,EAD33BC299C8428A,classic_bike,2021-07-10 10:38:21,2021-07-10 11:17:29,Columbia St & Rivington St,5365,Lafayette St & E 8 St,5788,40.71739973,-73.98016555,40.73020660529954,-73.99102628231049,member
2387155,C6C20E016EA1982C,classic_bike,2021-07-26 13:24:40,2021-07-26 13:38:35,Columbia St & Rivington St,5365,Market St & Henry St,5270,40.71739973,-73.98016555,40.71310702305908,-73.99446353316307,member
2387578,E053282C4DCBCD62,classic_bike,2021-07-25 13:01:11,2021-07-25 13:13:58,Columbia St & Rivington St,5365,Market St & Henry St,5270,40.71739973,-73.98016555,40.71310702305908,-73.99446353316307,member
2387591,4D3D070142CE2327,classic_bike,2021-07-24 15:00:49,2021-07-24 15:12:48,Columbia St & Rivington St,5365,Market St & Henry St,5270,40.71739973,-73.98016555,40.71310702305908,-73.99446353316307,member
2387592,05E7B9F0DA8106E7,classic_bike,2021-07-24 17:49:30,2021-07-24 17:58:00,Columbia St & Rivington St,5365,Market St & Henry St,5270,40.71739973,-73.98016555,40.71310702305908,-73.99446353316307,member
2387606,B309DB5517E5EB55,classic_bike,2021-07-30 17:35:38,2021-07-30 17:43:12,Columbia St & Rivington St,5365,1 Ave & E 6 St,5626,40.71739973,-73.98016555,40.72633085971696,-73.98616880178452,member
2394790,5730BE4D73195E82,classic_bike,2021-07-28 07:52:55,2021-07-28 08:03:26,Columbia St & Rivington St,5365,Lafayette St & E 8 St,5788,40.71739973,-73.98016555,40.73020660529954,-73.99102628231049,member
2396066,28B6F265AB6E1590,classic_bike,2021-07-18 10:18:51,2021-07-18 10:29:04,Columbia St & Rivington St,5365,Market St & Henry St,5270,40.71739973,-73.98016555,40.71310702305908,-73.99446353316307,member
2396075,8CFC7CD197EDFC8B,classic_bike,2021-07-12 13:33:42,2021-07-12 13:41:22,Columbia St & Rivington St,5365,Market St & Henry St,5270,40.71739973,-73.98016555,40.71310702305908,-73.99446353316307,member
2396076,DDF536841C68DFD2,classic_bike,2021-07-09 14:16:24,2021-07-09 14:24:29,Columbia St & Rivington St,5365,Market St & Henry St,5270,40.71739973,-73.98016555,40.71310702305908,-73.99446353316307,member
2396077,793F2FA36185849A,classic_bike,2021-07-27 14:20:57,2021-07-27 14:30:32,Columbia St & Rivington St,5365,Market St & Henry St,5270,40.71739973,-73.98016555,40.71310702305908,-73.99446353316307,member
2396078,4F602A301FDEB28B,classic_bike,2021-07-15 16:01:27,2021-07-15 16:08:53,Columbia St & Rivington St,5365,Market St & Henry St,5270,40.71739973,-73.98016555,40.71310702305908,-73.99446353316307,member
2396100,9695699181910199,classic_bike,2021-07-27 18:59:55,2021-07-27 19:07:12,Columbia St & Rivington St,5365,1 Ave & E 6 St,5626,40.71739973,-73.98016555,40.72633085971696,-73.98616880178452,member
2396102,ECA2C4DB38030D53,electric_bike,2021-07-24 09:26:24,2021-07-24 09:31:58,Columbia St & Rivington St,5365,1 Ave & E 6 St,5626,40.71739973,-73.98016555,40.72633085971696,-73.98616880178452,member
2397357,C6CC4B0F2D1E5795,classic_bike,2021-07-28 20:14:27,2021-07-28 20:22:27,Columbia St & Rivington St,5365,1 Ave & E 6 St,5626,40.71739973,-73.98016555,40.72633085971696,-73.98616880178452,casual
2397388,23397C631CF0E9C4,electric_bike,2021-07-21 16:26:33,2021-07-21 16:34:27,Columbia St & Rivington St,5365,Lafayette St & E 8 St,5788,40.71739973,-73.98016555,40.73020660529954,-73.99102628231049,casual
2399010,70EDF715B3D51717,classic_bike,2021-07-07 14:57:57,2021-07-07 15:05:03,Columbia St & Rivington St,5365,Market St & Henry St,5270,40.71739973,-73.98016555,40.71310702305908,-73.99446353316307,member
2399019,09DCC1BF05EDD7A8,classic_bike,2021-07-29 11:04:15,2021-07-29 11:12:59,Columbia St & Rivington St,5365,1 Ave & E 6 St,5626,40.71739973,-73.98016555,40.72633085971696,-73.98616880178452,member
2400363,0863C4F379C738D6,electric_bike,2021-07-07 20:25:35,2021-07-07 20:50:27,Columbia St & Rivington St,5365,Carroll St & Columbia St,4348,40.71739973,-73.98016555,40.6830456,-74.00348559,member
2400415,AA3FA0C783DCF8D1,classic_bike,2021-07-29 13:07:02,2021-07-29 13:17:57,Columbia St & Rivington St,5365,Market St & Henry St,5270,40.71739973,-73.98016555,40.71310702305908,-73.99446353316307,member
2400438,00D2F11312EA4F82,electric_bike,2021-07-19 22:12:32,2021-07-19 22:38:16,Columbia St & Rivington St,5365,E 81 St & 2 Ave,7121,40.71739973,-73.98016555,40.77477944895728,-73.95427465438843,casual
2404621,3D780F3E6ECA8FD6,classic_bike,2021-07-12 20:43:44,2021-07-12 20:54:46,Columbia St & Rivington St,5365,Lafayette St & E 8 St,5788,40.71739973,-73.98016555,40.73020660529954,-73.99102628231049,member
2404644,A3DF83F28AB1AEB7,classic_bike,2021-07-13 08:08:58,2021-07-13 08:30:30,Columbia St & Rivington St,5365,E 48 St & 3 Ave,6541,40.71739973,-73.98016555,40.7546011026,-73.971878855,member
2404654,466067FD64D012CF,classic_bike,2021-07-12 08:30:58,2021-07-12 08:42:50,Columbia St & Rivington St,5365,Lafayette St & E 8 St,5788,40.71739973,-73.98016555,40.73020660529954,-73.99102628231049,member
2404682,BED796B8D445CB5D,classic_bike,2021-07-29 13:07:14,2021-07-29 13:18:13,Columbia St & Rivington St,5365,Market St & Henry St,5270,40.71739973,-73.98016555,40.71310702305908,-73.99446353316307,casual
2404693,AD44DFBCEAD20DD2,classic_bike,2021-07-05 09:46:02,2021-07-05 09:55:36,Columbia St & Rivington St,5365,Market St & Henry St,5270,40.71739973,-73.98016555,40.71310702305908,-73.99446353316307,member
2404698,3CD32472C917ED3E,classic_bike,2021-07-06 17:32:18,2021-07-06 17:39:54,Columbia St & Rivington St,5365,Market St & Henry St,5270,40.71739973,-73.98016555,40.71310702305908,-73.99446353316307,member
2404788,783636CEAC33A001,classic_bike,2021-07-02 16:05:01,2021-07-02 16:12:04,Columbia St & Rivington St,5365,Market St & Henry St,5270,40.71739973,-73.98016555,40.71310702305908,-73.99446353316307,member
2404790,0E6770FC40A5C346,classic_bike,2021-07-07 08:00:57,2021-07-07 08:27:35,Columbia St & Rivington St,5365,E 48 St & 3 Ave,6541,40.71739973,-73.98016555,40.7546011026,-73.971878855,member
2404793,F30290CF3A9AE496,classic_bike,2021-07-09 08:34:57,2021-07-09 08:47:09,Columbia St & Rivington St,5365,Lafayette St & E 8 St,5788,40.71739973,-73.98016555,40.73020660529954,-73.99102628231049,member
2404794,AFA0E71E873E8544,classic_bike,2021-07-20 08:04:34,2021-07-20 08:17:19,Columbia St & Rivington St,5365,Lafayette St & E 8 St,5788,40.71739973,-73.98016555,40.73020660529954,-73.99102628231049,member
2404796,D32A91EE53E4DB57,classic_bike,2021-07-15 08:14:54,2021-07-15 08:26:01,Columbia St & Rivington St,5365,Lafayette St & E 8 St,5788,40.71739973,-73.98016555,40.73020660529954,-73.99102628231049,member
2404797,C4FA6646CD7689E5,classic_bike,2021-07-27 07:41:38,2021-07-27 07:53:27,Columbia St & Rivington St,5365,Lafayette St & E 8 St,5788,40.71739973,-73.98016555,40.73020660529954,-73.99102628231049,member
2404801,6557DC6A283D724C,classic_bike,2021-07-08 08:50:36,2021-07-08 09:00:39,Columbia St & Rivington St,5365,Lafayette St & E 8 St,5788,40.71739973,-73.98016555,40.73020660529954,-73.99102628231049,member
2404804,B942A1276EDB3229,classic_bike,2021-07-26 08:03:21,2021-07-26 08:15:43,Columbia St & Rivington St,5365,Lafayette St & E 8 St,5788,40.71739973,-73.98016555,40.73020660529954,-73.99102628231049,member
2404805,5EC5FC783A597037,classic_bike,2021-07-22 08:19:09,2021-07-22 08:28:57,Columbia St & Rivington St,5365,Lafayette St & E 8 St,5788,40.71739973,-73.98016555,40.73020660529954,-73.99102628231049,member
2404814,9B40B840152B1A56,electric_bike,2021-07-29 11:58:59,2021-07-29 12:26:19,Columbia St & Rivington St,5365,6 Ave & W 45 St,6593,40.71739973,-73.98016555,40.756951,-73.982631,casual
2405102,46EB3E2C65D89390,classic_bike,2021-07-08 09:26:27,2021-07-08 09:48:21,Columbia St & Rivington St,5365,E 48 St & 3 Ave,6541,40.71739973,-73.98016555,40.7546011026,-73.971878855,member
2405113,55CF3C876C99A02F,classic_bike,2021-07-19 08:17:29,2021-07-19 08:29:23,Columbia St & Rivington St,5365,Lafayette St & E 8 St,5788,40.71739973,-73.98016555,40.73020660529954,-73.99102628231049,member
2405115,FD013D4A0DF7145F,electric_bike,2021-07-10 16:33:21,2021-07-10 17:00:17,Columbia St & Rivington St,5365,Lafayette St & E 8 St,5788,40.71739973,-73.98016555,40.73020660529954,-73.99102628231049,member
2405822,E4F5D246AEEA90CB,classic_bike,2021-07-13 07:58:40,2021-07-13 08:11:15,Columbia St & Rivington St,5365,Lafayette St & E 8 St,5788,40.71739973,-73.98016555,40.73020660529954,-73.99102628231049,member
2405842,9A47797A861ADBE6,classic_bike,2021-07-23 17:18:06,2021-07-23 17:26:06,Columbia St & Rivington St,5365,1 Ave & E 6 St,5626,40.71739973,-73.98016555,40.72633085971696,-73.98616880178452,member
2405843,8A1B1E47E1E00964,classic_bike,2021-07-29 19:00:55,2021-07-29 19:07:31,Columbia St & Rivington St,5365,1 Ave & E 6 St,5626,40.71739973,-73.98016555,40.72633085971696,-73.98616880178452,member
2405845,FE9803A2DE2CD1C7,classic_bike,2021-07-22 19:47:18,2021-07-22 19:57:24,Columbia St & Rivington St,5365,1 Ave & E 6 St,5626,40.71739973,-73.98016555,40.72633085971696,-73.98616880178452,member
2405866,874F7409A524BE4D,classic_bike,2021-07-27 12:48:42,2021-07-27 13:03:43,Columbia St & Rivington St,5365,Market St & Henry St,5270,40.71739973,-73.98016555,40.71310702305908,-73.99446353316307,member
2405872,F18C574F5B58CA08,electric_bike,2021-07-17 08:17:22,2021-07-17 08:24:31,Columbia St & Rivington St,5365,1 Ave & E 6 St,5626,40.71739973,-73.98016555,40.72633085971696,-73.98616880178452,member
2405891,2E4B3270A9AD0579,classic_bike,2021-07-22 20:31:09,2021-07-22 20:50:56,Columbia St & Rivington St,5365,E 39 St & Lexington Ave,6389,40.71739973,-73.98016555,40.7494985460252,-73.97729203113158,casual
2589021,FE16BB87268F341D,classic_bike,2021-07-14 12:51:22,2021-07-14 13:20:24,Columbia St & Rivington St,5365,9 Ave & W 45 St,6717,40.71739973,-73.98016555,40.76019252,-73.9912551,casual
2590866,0B53F26935E281C7,classic_bike,2021-07-31 13:23:16,2021-07-31 13:48:15,Columbia St & Rivington St,5365,Vesey Pl & River Terrace,5297,40.71739973,-73.98016555,40.7153379,-74.01658354,casual
2626583,AEE988844A3C10A2,classic_bike,2021-07-27 09:16:05,2021-07-27 09:16:05,Columbia St & Rivington St,5365,,nan,40.71739973,-73.98016555,40.72,-73.98,member
2629796,D5F7AD3A908A9C81,electric_bike,2021-07-06 00:14:05,2021-07-07 01:14:01,Columbia St & Rivington St,5365,,nan,40.71739973,-73.98016555,,,casual
2661469,8DB2104522436396,electric_bike,2021-07-14 18:29:02,2021-07-14 18:37:44,Columbia St & Rivington St,5365,Great Jones St,5636,40.71739973,-73.98016555,40.72743423,-73.99379025,member
2661518,654AF0D81BDE0434,electric_bike,2021-07-16 18:57:47,2021-07-16 19:04:54,Columbia St & Rivington St,5365,Great Jones St,5636,40.71739973,-73.98016555,40.72743423,-73.99379025,member
2661519,5A42EA171D6F649A,electric_bike,2021-07-26 09:57:38,2021-07-26 10:11:24,Columbia St & Rivington St,5365,Devoe St & Morgan Ave,5282,40.71739973,-73.98016555,40.713811,-73.93515,member
2661521,5D62C487223A9BAD,classic_bike,2021-07-02 10:15:43,2021-07-02 10:23:48,Columbia St & Rivington St,5365,Great Jones St,5636,40.71739973,-73.98016555,40.72743423,-73.99379025,member
2661536,C260E077293B6544,classic_bike,2021-07-30 16:38:43,2021-07-30 16:49:50,Columbia St & Rivington St,5365,Great Jones St,5636,40.71739973,-73.98016555,40.72743423,-73.99379025,member
2661558,CB0B9350834DBA30,electric_bike,2021-07-07 18:25:30,2021-07-07 18:58:53,Columbia St & Rivington St,5365,E 31 St & 3 Ave,6239,40.71739973,-73.98016555,40.74394314,-73.97966069,casual
2661616,95B705115A851EA6,classic_bike,2021-07-24 21:46:54,2021-07-24 22:04:15,Columbia St & Rivington St,5365,Great Jones St,5636,40.71739973,-73.98016555,40.72743423,-73.99379025,member
2662902,30E43F7C2569C84D,classic_bike,2021-07-22 14:35:42,2021-07-22 14:45:11,Columbia St & Rivington St,5365,Great Jones St,5636,40.71739973,-73.98016555,40.72743423,-73.99379025,member
2662910,F56399BEB366AF11,classic_bike,2021-07-21 08:07:13,2021-07-21 08:30:48,Columbia St & Rivington St,5365,Lawrence St & Willoughby St,4596,40.71739973,-73.98016555,40.69236178,-73.98631746,member
2662915,0361BA7AA27C0746,docked_bike,2021-07-24 18:55:40,2021-07-24 19:07:36,Columbia St & Rivington St,5365,Great Jones St,5636,40.7174,-73.980166,40.727434,-73.99379,casual
2671326,1EACF420BBFE0B8B,classic_bike,2021-07-24 11:36:44,2021-07-24 11:48:02,Columbia St & Rivington St,5365,Great Jones St,5636,40.71739973,-73.98016555,40.72743423,-73.99379025,casual
2671381,7AF79C37CE639AAB,classic_bike,2021-07-02 05:29:42,2021-07-02 05:39:43,Columbia St & Rivington St,5365,Great Jones St,5636,40.71739973,-73.98016555,40.72743423,-73.99379025,member
2702202,E81FBECF6E0FDE73,classic_bike,2021-07-19 16:45:35,2021-07-19 16:58:40,Columbia St & Rivington St,5365,Spruce St & Nassau St,5137,40.71739973,-73.98016555,40.71146364,-74.00552427,member
2861957,9D6E93664C230420,electric_bike,2021-07-24 23:11:24,2021-07-24 23:44:37,Columbia St & Rivington St,5365,Wyckoff Av & Jefferson St,5051,40.71739973,-73.98016555,40.707165,-73.923711,casual
2861993,DF58569B0E71FF01,classic_bike,2021-07-30 15:13:20,2021-07-30 15:34:00,Columbia St & Rivington St,5365,S 4 St & Wythe Ave,5204,40.71739973,-73.98016555,40.71285887,-73.96590294,member
2885442,12E64F6F0C79C2BF,classic_bike,2021-07-24 10:54:33,2021-07-24 11:00:16,Columbia St & Rivington St,5365,Forsyth St & Broome St,5453,40.71739973,-73.98016555,40.71893904,-73.99266288,casual
2885541,D35814B9DFA9BA52,classic_bike,2021-07-30 15:25:10,2021-07-30 15:33:07,Columbia St & Rivington St,5365,Forsyth St & Broome St,5453,40.71739973,-73.98016555,40.71893904,-73.99266288,casual
2885589,5C2C1F7949AED806,classic_bike,2021-07-23 09:07:46,2021-07-23 09:13:56,Columbia St & Rivington St,5365,Forsyth St & Broome St,5453,40.71739973,-73.98016555,40.71893904,-73.99266288,member
2885591,D22A161CE6F352EB,classic_bike,2021-07-13 11:10:27,2021-07-13 11:17:06,Columbia St & Rivington St,5365,Forsyth St & Broome St,5453,40.71739973,-73.98016555,40.71893904,-73.99266288,member
2885594,33EE9B35D23DFE75,classic_bike,2021-07-12 11:27:41,2021-07-12 11:44:55,Columbia St & Rivington St,5365,Forsyth St & Broome St,5453,40.71739973,-73.98016555,40.71893904,-73.99266288,member
2885597,27AAD2D5D80630CC,classic_bike,2021-07-13 10:03:05,2021-07-13 10:10:28,Columbia St & Rivington St,5365,Forsyth St & Broome St,5453,40.71739973,-73.98016555,40.71893904,-73.99266288,member
2885598,C39A4A1D3A89FC75,classic_bike,2021-07-10 10:07:09,2021-07-10 10:13:46,Columbia St & Rivington St,5365,Forsyth St & Broome St,5453,40.71739973,-73.98016555,40.71893904,-73.99266288,member
2885600,131B0E110C2EC4AC,classic_bike,2021-07-18 09:44:48,2021-07-18 09:51:06,Columbia St & Rivington St,5365,Forsyth St & Broome St,5453,40.71739973,-73.98016555,40.71893904,-73.99266288,member
2885601,32BF1D81E8F5DE24,classic_bike,2021-07-15 10:04:27,2021-07-15 10:11:24,Columbia St & Rivington St,5365,Forsyth St & Broome St,5453,40.71739973,-73.98016555,40.71893904,-73.99266288,member
2885603,41104A3EC0A4FAA9,classic_bike,2021-07-28 10:00:44,2021-07-28 10:09:39,Columbia St & Rivington St,5365,Forsyth St & Broome St,5453,40.71739973,-73.98016555,40.71893904,-73.99266288,member
2885609,7303782B9EE216FF,classic_bike,2021-07-12 15:48:55,2021-07-12 15:56:09,Columbia St & Rivington St,5365,Forsyth St & Broome St,5453,40.71739973,-73.98016555,40.71893904,-73.99266288,member
2885612,5FE0BD42986CDDF7,classic_bike,2021-07-23 09:55:32,2021-07-23 10:02:23,Columbia St & Rivington St,5365,Forsyth St & Broome St,5453,40.71739973,-73.98016555,40.71893904,-73.99266288,member
2886429,B3A6E2241167A944,classic_bike,2021-07-28 12:28:54,2021-07-28 12:36:47,Columbia St & Rivington St,5365,Forsyth St & Broome St,5453,40.71739973,-73.98016555,40.71893904,-73.99266288,member
2903865,B0585FCF2821950A,electric_bike,2021-07-09 17:58:19,2021-07-09 18:10:53,Columbia St & Rivington St,5365,Park Pl & Church St,5288,40.71739973,-73.98016555,40.71334184275907,-74.00935515761375,member
2907229,D774B650EBB0D8DB,electric_bike,2021-07-08 19:26:53,2021-07-08 19:41:34,Columbia St & Rivington St,5365,Park Pl & Church St,5288,40.71739973,-73.98016555,40.71334184275907,-74.00935515761375,member
2907810,4D01CB6443992AA6,classic_bike,2021-07-10 06:09:50,2021-07-10 06:21:14,Columbia St & Rivington St,5365,Park Pl & Church St,5288,40.71739973,-73.98016555,40.71334184275907,-74.00935515761375,member
2927398,AADC5E225ED495D7,electric_bike,2021-07-20 14:05:11,2021-07-20 14:08:35,Columbia St & Rivington St,5365,Stanton St & Norfolk St,5445,40.71739973,-73.98016555,40.720747,-73.986274,member
2927407,7634071E4844D4AD,electric_bike,2021-07-06 22:53:03,2021-07-06 22:57:14,Columbia St & Rivington St,5365,Norfolk St & Broome St,5374,40.71739973,-73.98016555,40.7172274,-73.98802084,member
2927420,1B7136623545A44A,classic_bike,2021-07-06 11:02:52,2021-07-06 11:09:41,Columbia St & Rivington St,5365,St Marks Pl & 2 Ave,5669,40.71739973,-73.98016555,40.7284186,-73.98713956,casual
2927436,AE69C4F3A69CE7F4,classic_bike,2021-07-14 18:45:57,2021-07-14 18:54:03,Columbia St & Rivington St,5365,St Marks Pl & 2 Ave,5669,40.71739973,-73.98016555,40.7284186,-73.98713956,casual
2927443,345E7C58C17AFB80,classic_bike,2021-07-29 13:56:03,2021-07-29 14:08:23,Columbia St & Rivington St,5365,St Marks Pl & 2 Ave,5669,40.71739973,-73.98016555,40.7284186,-73.98713956,member
2927447,F7F820944F0128AA,electric_bike,2021-07-18 09:11:31,2021-07-18 09:25:03,Columbia St & Rivington St,5365,Stanton St & Norfolk St,5445,40.71739973,-73.98016555,40.720747,-73.986274,member
2927450,698D988EDD69BEDB,electric_bike,2021-07-17 14:57:03,2021-07-17 14:59:42,Columbia St & Rivington St,5365,Stanton St & Norfolk St,5445,40.71739973,-73.98016555,40.720747,-73.986274,member
2927456,363DCE815FC06A92,classic_bike,2021-07-16 12:11:16,2021-07-16 12:15:31,Columbia St & Rivington St,5365,Norfolk St & Broome St,5374,40.71739973,-73.98016555,40.7172274,-73.98802084,member
2927460,BD519A5BCA7F0B7C,classic_bike,2021-07-26 12:54:36,2021-07-26 12:59:45,Columbia St & Rivington St,5365,Norfolk St & Broome St,5374,40.71739973,-73.98016555,40.7172274,-73.98802084,member
2927465,641DD61282E22A65,electric_bike,2021-07-19 20:53:59,2021-07-19 20:59:02,Columbia St & Rivington St,5365,Norfolk St & Broome St,5374,40.71739973,-73.98016555,40.7172274,-73.98802084,member
2927479,96D72AE8A549E116,electric_bike,2021-07-06 11:55:30,2021-07-06 12:02:21,Columbia St & Rivington St,5365,Stanton St & Norfolk St,5445,40.71739973,-73.98016555,40.720747,-73.986274,casual
2927493,7DFE7E90916E4F48,electric_bike,2021-07-02 16:57:35,2021-07-02 17:03:39,Columbia St & Rivington St,5365,St Marks Pl & 2 Ave,5669,40.71739973,-73.98016555,40.7284186,-73.98713956,casual
2927497,F114FB09825410AD,classic_bike,2021-07-23 18:28:59,2021-07-23 18:37:50,Columbia St & Rivington St,5365,Stanton St & Norfolk St,5445,40.71739973,-73.98016555,40.720747,-73.986274,member
2927502,BC362D1B678D5EA4,electric_bike,2021-07-13 20:07:21,2021-07-13 20:18:10,Columbia St & Rivington St,5365,S 3 St & Bedford Ave,5235,40.71739973,-73.98016555,40.71260486,-73.96264403,member
2927526,A87F37BAE30BA041,classic_bike,2021-07-18 19:46:47,2021-07-18 19:53:38,Columbia St & Rivington St,5365,Stanton St & Norfolk St,5445,40.71739973,-73.98016555,40.720747,-73.986274,member
2927530,D897865089EF93D2,electric_bike,2021-07-04 14:37:05,2021-07-04 14:48:17,Columbia St & Rivington St,5365,S 3 St & Bedford Ave,5235,40.71739973,-73.98016555,40.71260486,-73.96264403,member
2927569,7AFCE75674D1664E,classic_bike,2021-07-27 15:52:56,2021-07-27 15:59:34,Columbia St & Rivington St,5365,St Marks Pl & 2 Ave,5669,40.71739973,-73.98016555,40.7284186,-73.98713956,casual
2927577,5FD74BAB7BF545DD,classic_bike,2021-07-11 10:10:15,2021-07-11 10:14:39,Columbia St & Rivington St,5365,Norfolk St & Broome St,5374,40.71739973,-73.98016555,40.7172274,-73.98802084,member
2927653,730219B002D7729B,classic_bike,2021-07-10 10:55:27,2021-07-10 11:10:17,Columbia St & Rivington St,5365,Adams St & Prospect St,4821,40.71739973,-73.98016555,40.70076308326151,-73.98869812488556,member
2927654,63032CDC33304DA6,classic_bike,2021-07-30 17:02:41,2021-07-30 17:07:24,Columbia St & Rivington St,5365,Stanton St & Norfolk St,5445,40.71739973,-73.98016555,40.720747,-73.986274,member
2927657,9132775724F72A2D,classic_bike,2021-07-22 12:33:01,2021-07-22 12:37:47,Columbia St & Rivington St,5365,Norfolk St & Broome St,5374,40.71739973,-73.98016555,40.7172274,-73.98802084,member
2927842,64599F4CFD44CAEA,classic_bike,2021-07-13 11:04:45,2021-07-13 11:15:33,Columbia St & Rivington St,5365,St Marks Pl & 2 Ave,5669,40.71739973,-73.98016555,40.7284186,-73.98713956,member
2927848,182BF753CC3C3DB3,classic_bike,2021-07-16 20:43:37,2021-07-16 20:47:41,Columbia St & Rivington St,5365,Norfolk St & Broome St,5374,40.71739973,-73.98016555,40.7172274,-73.98802084,member
2927849,0C0C8E2CB3192BD7,classic_bike,2021-07-08 18:43:43,2021-07-08 18:52:59,Columbia St & Rivington St,5365,St Marks Pl & 2 Ave,5669,40.71739973,-73.98016555,40.7284186,-73.98713956,member
2927851,55CB445236A01970,classic_bike,2021-07-30 16:52:27,2021-07-30 16:57:26,Columbia St & Rivington St,5365,Norfolk St & Broome St,5374,40.71739973,-73.98016555,40.7172274,-73.98802084,member
2930138,1CA03F89E3FA8924,classic_bike,2021-07-10 10:10:22,2021-07-10 10:14:29,Columbia St & Rivington St,5365,Norfolk St & Broome St,5374,40.71739973,-73.98016555,40.7172274,-73.98802084,member
2930139,DABA0ED93A22FF2E,classic_bike,2021-07-05 17:53:16,2021-07-05 18:00:12,Columbia St & Rivington St,5365,Stanton St & Norfolk St,5445,40.71739973,-73.98016555,40.720747,-73.986274,member
2930141,5B267EE6C48C6627,classic_bike,2021-07-01 00:17:11,2021-07-01 00:24:50,Columbia St & Rivington St,5365,Norfolk St & Broome St,5374,40.71739973,-73.98016555,40.7172274,-73.98802084,casual
2930155,1DFC34882F2079B4,classic_bike,2021-07-24 16:49:47,2021-07-24 16:57:29,Columbia St & Rivington St,5365,St Marks Pl & 2 Ave,5669,40.71739973,-73.98016555,40.7284186,-73.98713956,casual
2931336,85355BF1748BAFA7,electric_bike,2021-07-20 17:53:15,2021-07-20 17:56:28,Columbia St & Rivington St,5365,Norfolk St & Broome St,5374,40.71739973,-73.98016555,40.7172274,-73.98802084,member
2931338,7411B3777EE77115,classic_bike,2021-07-24 17:59:49,2021-07-24 18:04:45,Columbia St & Rivington St,5365,Norfolk St & Broome St,5374,40.71739973,-73.98016555,40.7172274,-73.98802084,member
2931345,D4931D5409AB3331,classic_bike,2021-07-30 17:01:09,2021-07-30 17:08:18,Columbia St & Rivington St,5365,St Marks Pl & 2 Ave,5669,40.71739973,-73.98016555,40.7284186,-73.98713956,casual
2931349,F33D9ABD44F6C01A,classic_bike,2021-07-21 10:08:11,2021-07-21 10:12:10,Columbia St & Rivington St,5365,Norfolk St & Broome St,5374,40.71739973,-73.98016555,40.7172274,-73.98802084,casual
2931354,DC8CAB543B085E4F,electric_bike,2021-07-24 01:31:15,2021-07-24 01:43:42,Columbia St & Rivington St,5365,S 3 St & Bedford Ave,5235,40.71739973,-73.98016555,40.71260486,-73.96264403,member
2931365,0129A15305825486,classic_bike,2021-07-25 12:47:46,2021-07-25 12:51:40,Columbia St & Rivington St,5365,Norfolk St & Broome St,5374,40.71739973,-73.98016555,40.7172274,-73.98802084,member
2931371,C35CAE85B7A27682,classic_bike,2021-07-18 19:46:12,2021-07-18 19:53:33,Columbia St & Rivington St,5365,Stanton St & Norfolk St,5445,40.71739973,-73.98016555,40.720747,-73.986274,member
2931379,87711471D5AF3705,classic_bike,2021-07-18 19:46:13,2021-07-18 19:53:41,Columbia St & Rivington St,5365,Stanton St & Norfolk St,5445,40.71739973,-73.98016555,40.720747,-73.986274,member
2931408,19FAB2AAF9B84CFB,classic_bike,2021-07-15 11:01:56,2021-07-15 11:18:09,Columbia St & Rivington St,5365,E 16 St & 5 Ave,6022,40.71739973,-73.98016555,40.73726186,-73.99238967,member
2931414,5DF642EFD0069B49,classic_bike,2021-07-30 18:46:20,2021-07-30 18:51:31,Columbia St & Rivington St,5365,Norfolk St & Broome St,5374,40.71739973,-73.98016555,40.7172274,-73.98802084,member
2931454,E853DA4439415C98,classic_bike,2021-07-07 19:37:40,2021-07-07 19:52:30,Columbia St & Rivington St,5365,Norfolk St & Broome St,5374,40.71739973,-73.98016555,40.7172274,-73.98802084,member
2931455,67DCC1B8B57DE137,classic_bike,2021-07-23 20:41:09,2021-07-23 20:46:21,Columbia St & Rivington St,5365,Norfolk St & Broome St,5374,40.71739973,-73.98016555,40.7172274,-73.98802084,member
2931456,6F96F19058A7A54F,classic_bike,2021-07-18 20:32:04,2021-07-18 20:36:01,Columbia St & Rivington St,5365,Norfolk St & Broome St,5374,40.71739973,-73.98016555,40.7172274,-73.98802084,member
2931458,0246BA9C1A5D3C4E,classic_bike,2021-07-09 20:30:05,2021-07-09 20:34:32,Columbia St & Rivington St,5365,Norfolk St & Broome St,5374,40.71739973,-73.98016555,40.7172274,-73.98802084,member
2931465,EC7A83105E9A1A09,classic_bike,2021-07-26 12:33:57,2021-07-26 12:38:09,Columbia St & Rivington St,5365,Norfolk St & Broome St,5374,40.71739973,-73.98016555,40.7172274,-73.98802084,member
2931472,A87BBDC55794D49B,electric_bike,2021-07-21 17:54:34,2021-07-21 18:14:29,Columbia St & Rivington St,5365,Norfolk St & Broome St,5374,40.71739973,-73.98016555,40.7172274,-73.98802084,casual
2931475,054069608B3FC9AC,classic_bike,2021-07-25 11:00:09,2021-07-25 11:06:55,Columbia St & Rivington St,5365,St Marks Pl & 2 Ave,5669,40.71739973,-73.98016555,40.7284186,-73.98713956,casual
2931476,3CA2EEB8DA02F4A4,classic_bike,2021-07-12 22:02:43,2021-07-12 22:08:02,Columbia St & Rivington St,5365,Norfolk St & Broome St,5374,40.71739973,-73.98016555,40.7172274,-73.98802084,casual
2931494,BBC56D9041DA9DDC,classic_bike,2021-07-28 19:05:17,2021-07-28 19:17:19,Columbia St & Rivington St,5365,St Marks Pl & 2 Ave,5669,40.71739973,-73.98016555,40.7284186,-73.98713956,casual
2932974,12E6CF37E4D489FF,classic_bike,2021-07-27 11:47:56,2021-07-27 11:53:02,Columbia St & Rivington St,5365,Norfolk St & Broome St,5374,40.71739973,-73.98016555,40.7172274,-73.98802084,member
2932975,F1A09E42E073826A,classic_bike,2021-07-08 12:05:17,2021-07-08 12:10:01,Columbia St & Rivington St,5365,Norfolk St & Broome St,5374,40.71739973,-73.98016555,40.7172274,-73.98802084,member
2933893,7A12D291268CA4DB,classic_bike,2021-07-22 19:48:07,2021-07-22 19:53:06,Columbia St & Rivington St,5365,Stanton St & Norfolk St,5445,40.71739973,-73.98016555,40.720747,-73.986274,member
2933895,502EA4214986829F,classic_bike,2021-07-27 11:47:59,2021-07-27 11:53:29,Columbia St & Rivington St,5365,Norfolk St & Broome St,5374,40.71739973,-73.98016555,40.7172274,-73.98802084,member
2933911,03DFB97F0B4D5A02,classic_bike,2021-07-26 06:39:36,2021-07-26 06:43:06,Columbia St & Rivington St,5365,Norfolk St & Broome St,5374,40.71739973,-73.98016555,40.7172274,-73.98802084,casual
2933916,E07BF49343FCD282,classic_bike,2021-07-02 12:00:28,2021-07-02 12:05:59,Columbia St & Rivington St,5365,Norfolk St & Broome St,5374,40.71739973,-73.98016555,40.7172274,-73.98802084,member
2933934,447F3C4143951AD6,electric_bike,2021-07-28 15:42:45,2021-07-28 15:51:51,Columbia St & Rivington St,5365,St Marks Pl & 2 Ave,5669,40.71739973,-73.98016555,40.7284186,-73.98713956,casual
2933949,A7DD56469751AD5F,electric_bike,2021-07-16 16:48:18,2021-07-16 16:55:30,Columbia St & Rivington St,5365,St Marks Pl & 2 Ave,5669,40.71739973,-73.98016555,40.7284186,-73.98713956,casual
2933952,D3FEC5B2F413AD55,classic_bike,2021-07-12 20:50:59,2021-07-12 20:58:09,Columbia St & Rivington St,5365,Norfolk St & Broome St,5374,40.71739973,-73.98016555,40.7172274,-73.98802084,casual
2933953,A99B554B721AECC2,electric_bike,2021-07-22 13:41:56,2021-07-22 13:48:42,Columbia St & Rivington St,5365,Norfolk St & Broome St,5374,40.71739973,-73.98016555,40.7172274,-73.98802084,casual
2933957,9E6EC57E19FD5E20,classic_bike,2021-07-11 21:40:57,2021-07-11 21:55:50,Columbia St & Rivington St,5365,Norfolk St & Broome St,5374,40.71739973,-73.98016555,40.7172274,-73.98802084,member
2933959,C7D285C4D6A54597,classic_bike,2021-07-29 12:23:41,2021-07-29 12:32:34,Columbia St & Rivington St,5365,St Marks Pl & 2 Ave,5669,40.71739973,-73.98016555,40.7284186,-73.98713956,member
2933994,298E7CE762D741DD,electric_bike,2021-07-02 18:01:51,2021-07-02 18:05:39,Columbia St & Rivington St,5365,Norfolk St & Broome St,5374,40.71739973,-73.98016555,40.7172274,-73.98802084,member
2933995,EBD4A59EDD28BD95,classic_bike,2021-07-12 10:00:32,2021-07-12 10:05:01,Columbia St & Rivington St,5365,Norfolk St & Broome St,5374,40.71739973,-73.98016555,40.7172274,-73.98802084,member
2934003,60AD5168A713B80A,classic_bike,2021-07-22 11:00:05,2021-07-22 11:04:15,Columbia St & Rivington St,5365,Norfolk St & Broome St,5374,40.71739973,-73.98016555,40.7172274,-73.98802084,member
2934012,9679F3C7AE549A05,classic_bike,2021-07-19 09:19:00,2021-07-19 09:28:03,Columbia St & Rivington St,5365,St Marks Pl & 2 Ave,5669,40.71739973,-73.98016555,40.7284186,-73.98713956,member
2934018,24B4E88AD80E1ABC,electric_bike,2021-07-08 15:28:44,2021-07-08 15:35:40,Columbia St & Rivington St,5365,St Marks Pl & 2 Ave,5669,40.71739973,-73.98016555,40.7284186,-73.98713956,casual
2934026,DF84D562184CB773,electric_bike,2021-07-31 23:48:14,2021-08-01 00:13:05,Columbia St & Rivington St,5365,S 3 St & Bedford Ave,5235,40.71739973,-73.98016555,40.71260486,-73.96264403,casual
2934029,16EFC0F1D8B18AE9,electric_bike,2021-07-05 22:54:35,2021-07-05 22:58:44,Columbia St & Rivington St,5365,Norfolk St & Broome St,5374,40.71739973,-73.98016555,40.7172274,-73.98802084,casual
2934048,35BF03D82D324E1B,classic_bike,2021-07-12 20:24:39,2021-07-12 20:29:54,Columbia St & Rivington St,5365,Norfolk St & Broome St,5374,40.71739973,-73.98016555,40.7172274,-73.98802084,member
2934049,E6A4972F88A5E28E,classic_bike,2021-07-13 17:56:54,2021-07-13 18:00:20,Columbia St & Rivington St,5365,Norfolk St & Broome St,5374,40.71739973,-73.98016555,40.7172274,-73.98802084,member
2934052,E05BF95A22265368,classic_bike,2021-07-18 13:15:07,2021-07-18 13:20:43,Columbia St & Rivington St,5365,Norfolk St & Broome St,5374,40.71739973,-73.98016555,40.7172274,-73.98802084,member
2934062,59C0A480958F6213,classic_bike,2021-07-11 10:59:03,2021-07-11 11:02:24,Columbia St & Rivington St,5365,Norfolk St & Broome St,5374,40.71739973,-73.98016555,40.7172274,-73.98802084,member
2934065,C38A78CEAF0A488A,classic_bike,2021-07-03 11:04:57,2021-07-03 11:11:05,Columbia St & Rivington St,5365,Norfolk St & Broome St,5374,40.71739973,-73.98016555,40.7172274,-73.98802084,member
2934066,687D13D8CBDB2F1C,classic_bike,2021-07-17 12:57:33,2021-07-17 13:01:54,Columbia St & Rivington St,5365,Norfolk St & Broome St,5374,40.71739973,-73.98016555,40.7172274,-73.98802084,member
2934080,89D33A3996EAABC2,electric_bike,2021-07-31 16:59:12,2021-07-31 17:05:35,Columbia St & Rivington St,5365,St Marks Pl & 2 Ave,5669,40.71739973,-73.98016555,40.7284186,-73.98713956,casual
2934086,5DE74BB14BE83F9B,electric_bike,2021-07-09 16:03:12,2021-07-09 16:11:06,Columbia St & Rivington St,5365,St Marks Pl & 2 Ave,5669,40.71739973,-73.98016555,40.7284186,-73.98713956,casual
2934097,088959BD3EB07D11,classic_bike,2021-07-10 07:04:36,2021-07-10 07:11:49,Columbia St & Rivington St,5365,Norfolk St & Broome St,5374,40.71739973,-73.98016555,40.7172274,-73.98802084,casual
2934104,5132A1CF216B3E70,classic_bike,2021-07-18 19:46:23,2021-07-18 19:53:40,Columbia St & Rivington St,5365,Stanton St & Norfolk St,5445,40.71739973,-73.98016555,40.720747,-73.986274,casual
2934107,BE3255A66B3FAD43,classic_bike,2021-07-01 11:10:26,2021-07-01 11:18:14,Columbia St & Rivington St,5365,St Marks Pl & 2 Ave,5669,40.71739973,-73.98016555,40.7284186,-73.98713956,casual
2935094,94E08FE1AF8C4ADE,electric_bike,2021-07-18 14:09:42,2021-07-18 14:14:43,Columbia St & Rivington St,5365,Norfolk St & Broome St,5374,40.71739973,-73.98016555,40.7172274,-73.98802084,member
2935104,83EF0A4C7757BA50,classic_bike,2021-07-28 02:53:21,2021-07-28 03:01:35,Columbia St & Rivington St,5365,Norfolk St & Broome St,5374,40.71739973,-73.98016555,40.7172274,-73.98802084,member
2935107,83258F544D7E11B8,classic_bike,2021-07-11 18:29:34,2021-07-11 18:33:53,Columbia St & Rivington St,5365,Norfolk St & Broome St,5374,40.71739973,-73.98016555,40.7172274,-73.98802084,member
2935499,F7F65CE7BC9CC4E8,electric_bike,2021-07-01 20:21:06,2021-07-01 20:33:44,Columbia St & Rivington St,5365,S 3 St & Bedford Ave,5235,40.71739973,-73.98016555,40.71260486,-73.96264403,casual
2935500,8597D969CA81C198,electric_bike,2021-07-15 15:35:28,2021-07-15 15:41:04,Columbia St & Rivington St,5365,St Marks Pl & 2 Ave,5669,40.71739973,-73.98016555,40.7284186,-73.98713956,casual
2963714,5C3544C15F2BCD40,classic_bike,2021-07-13 11:19:21,2021-07-13 11:41:35,Columbia St & Rivington St,5365,Broadway & W 25 St,6173,40.71739973,-73.98016555,40.74286877312112,-73.98918628692627,member
2963735,25761A0D42A616D5,classic_bike,2021-07-31 15:44:35,2021-07-31 17:57:04,Columbia St & Rivington St,5365,Bus Slip & State St,4889,40.71739973,-73.98016555,40.701907,-74.013942,casual
2980811,41669AB8A5F1FF84,classic_bike,2021-07-23 13:48:55,2021-07-23 14:11:05,Columbia St & Rivington St,5365,Broadway & W 25 St,6173,40.71739973,-73.98016555,40.74286877312112,-73.98918628692627,member
2980846,252D5E629C797F66,docked_bike,2021-07-21 11:52:41,2021-07-21 12:08:50,Columbia St & Rivington St,5365,Broadway & W 25 St,6173,40.7174,-73.980166,40.742869,-73.989186,casual
2980876,4E364EA39799BD96,electric_bike,2021-07-30 21:13:24,2021-07-30 21:36:49,Columbia St & Rivington St,5365,Brooklyn Bridge Park - Pier 2,4756,40.71739973,-73.98016555,40.698458,-73.997178,member
2980900,16235A754D11D6F2,electric_bike,2021-07-26 10:56:23,2021-07-26 11:16:48,Columbia St & Rivington St,5365,W 27 St & 7 Ave,6247,40.71739973,-73.98016555,40.746647,-73.993915,member
2981063,EC0E5EE99889BAFB,electric_bike,2021-07-30 07:03:41,2021-07-30 07:13:55,Columbia St & Rivington St,5365,Broadway & W 25 St,6173,40.71739973,-73.98016555,40.74286877312112,-73.98918628692627,casual
2981189,B8F148DA47AE8870,electric_bike,2021-07-31 15:35:00,2021-07-31 16:21:00,Columbia St & Rivington St,5365,Bus Slip & State St,4889,40.71739973,-73.98016555,40.701907,-74.013942,casual
2981205,BA8CA4120CD1D46E,classic_bike,2021-07-07 11:45:30,2021-07-07 12:05:37,Columbia St & Rivington St,5365,Broadway & W 25 St,6173,40.71739973,-73.98016555,40.74286877312112,-73.98918628692627,member
2982387,3FFFD79AEE3F1D33,electric_bike,2021-07-29 11:31:42,2021-07-29 11:46:11,Columbia St & Rivington St,5365,Broadway & W 25 St,6173,40.71739973,-73.98016555,40.74286877312112,-73.98918628692627,member
