,ride_id,rideable_type,started_at,ended_at,start_station_name,start_station_id,end_station_name,end_station_id,start_lat,start_lng,end_lat,end_lng,member_casual
6621,AB83EEC6943F52CB,docked_bike,2021-02-08 14:02:16,2021-02-08 14:10:41,E 2 St & 2 Ave,5593,Broadway & W 29 St,6289,40.725028,-73.990696,40.7462009,-73.98855723,member
6629,ED920671279E5E05,docked_bike,2021-02-26 11:33:16,2021-02-26 11:49:41,E 2 St & 2 Ave,5593,Broadway & W 29 St,6289,40.725029,-73.990697,40.746201,-73.988557,member
6630,1BC1784DE0E7A04D,docked_bike,2021-02-22 11:17:35,2021-02-22 11:30:40,E 2 St & 2 Ave,5593,Broadway & W 29 St,6289,40.725029,-73.990697,40.746201,-73.988557,member
6636,4F2F6C208ABAA246,docked_bike,2021-02-27 17:50:07,2021-02-27 18:04:14,E 2 St & 2 Ave,5593,Broadway & W 29 St,6289,40.725028,-73.990696,40.7462009,-73.98855723,member
6650,3C230499E3FFC196,docked_bike,2021-02-25 12:56:53,2021-02-25 13:06:51,E 2 St & 2 Ave,5593,Broadway & W 29 St,6289,40.725028,-73.990696,40.7462009,-73.98855723,member
7046,B54FD7BD9A736C49,docked_bike,2021-02-17 12:42:20,2021-02-17 12:58:50,E 2 St & 2 Ave,5593,Broadway & W 29 St,6289,40.725029,-73.990697,40.746201,-73.988557,member
10194,36433B4643D33976,docked_bike,2021-02-21 14:57:44,2021-02-21 15:07:36,E 1 St & 1 Ave,5593,Pike St & Monroe St,5159,40.723355,-73.988649,40.71173107,-73.99193043,member
10215,028A56053E6997B3,docked_bike,2021-02-28 18:08:04,2021-02-28 18:15:08,E 1 St & 1 Ave,5593,Pike St & Monroe St,5159,40.723355,-73.988649,40.71173107,-73.99193043,casual
10249,07E226A57AD7BB8A,docked_bike,2021-02-21 14:58:10,2021-02-21 15:08:10,E 1 St & 1 Ave,5593,Pike St & Monroe St,5159,40.723355,-73.988649,40.71173107,-73.99193043,member
11110,2B00C4488682C4EE,docked_bike,2021-02-28 11:27:24,2021-02-28 11:35:47,E 1 St & 1 Ave,5593,E 11 St & 1 Ave,5746,40.723355,-73.988649,40.72953837,-73.98426726,member
11112,AC5E11B8D01300DA,docked_bike,2021-02-23 14:23:53,2021-02-23 14:28:01,E 1 St & 1 Ave,5593,E 11 St & 1 Ave,5746,40.723355,-73.988649,40.72953837,-73.98426726,member
13464,00C977E72705FB2E,docked_bike,2021-02-21 11:03:38,2021-02-21 11:08:00,E 2 St & 2 Ave,5593,E 11 St & 1 Ave,5746,40.725028,-73.990696,40.72953837,-73.98426726,member
13466,8614195F7036FA07,docked_bike,2021-02-05 20:05:44,2021-02-05 20:10:43,E 2 St & 2 Ave,5593,E 11 St & 1 Ave,5746,40.725029,-73.990697,40.729538,-73.984267,member
13469,0A99AFA168D17DE6,docked_bike,2021-02-05 07:10:38,2021-02-05 07:19:57,E 2 St & 2 Ave,5593,E 11 St & 1 Ave,5746,40.725028,-73.990696,40.72953837,-73.98426726,member
13478,5B769E85386D06A1,docked_bike,2021-02-28 13:45:39,2021-02-28 13:49:42,E 2 St & 2 Ave,5593,E 11 St & 1 Ave,5746,40.725028,-73.990696,40.72953837,-73.98426726,member
13491,CCAC90785B8E53B3,docked_bike,2021-02-11 17:38:37,2021-02-11 17:56:11,E 2 St & 2 Ave,5593,Broadway & Battery Pl,4962,40.725028,-73.990696,40.70463334,-74.01361706,member
13504,8B27C8D64B906C88,docked_bike,2021-02-09 18:02:11,2021-02-09 18:07:25,E 2 St & 2 Ave,5593,E 11 St & 1 Ave,5746,40.725028,-73.990696,40.72953837,-73.98426726,member
13526,7B20190E3EFAE320,docked_bike,2021-02-09 18:16:53,2021-02-09 18:23:24,E 2 St & 2 Ave,5593,E 11 St & 1 Ave,5746,40.725028,-73.990696,40.72953837,-73.98426726,member
13528,2B0203C31BBAD6E8,docked_bike,2021-02-09 18:13:48,2021-02-09 18:18:41,E 2 St & 2 Ave,5593,E 11 St & 1 Ave,5746,40.725028,-73.990696,40.72953837,-73.98426726,member
13535,1F4E6AC8F390CDAB,docked_bike,2021-02-25 17:28:46,2021-02-25 17:44:38,E 2 St & 2 Ave,5593,Broadway & Battery Pl,4962,40.725028,-73.990696,40.70463334,-74.01361706,member
13538,21D8DF7B709B7F79,docked_bike,2021-02-08 18:23:36,2021-02-08 18:28:55,E 2 St & 2 Ave,5593,E 11 St & 1 Ave,5746,40.725028,-73.990696,40.72953837,-73.98426726,member
13540,7D75E6BA1A6DB4CC,docked_bike,2021-02-14 13:30:31,2021-02-14 13:33:44,E 2 St & 2 Ave,5593,E 11 St & 1 Ave,5746,40.725029,-73.990697,40.729538,-73.984267,member
13543,501E9219EAF77290,docked_bike,2021-02-15 20:26:37,2021-02-15 20:30:47,E 2 St & 2 Ave,5593,E 11 St & 1 Ave,5746,40.725028,-73.990696,40.72953837,-73.98426726,member
13544,CA07C88AA8DEB9C0,docked_bike,2021-02-26 13:57:43,2021-02-26 14:00:47,E 2 St & 2 Ave,5593,E 11 St & 1 Ave,5746,40.725028,-73.990696,40.72953837,-73.98426726,member
13558,E785A7B34F01CC26,docked_bike,2021-02-17 12:53:57,2021-02-17 13:41:11,E 2 St & 2 Ave,5593,Broadway & Battery Pl,4962,40.725029,-73.990697,40.704633,-74.013617,member
17768,2AD51AE0AF51431D,docked_bike,2021-02-26 09:12:44,2021-02-26 09:25:20,E 1 St & 1 Ave,5593,E 33 St & 1 Ave,6197,40.723355,-73.988649,40.74322681432173,-73.97449783980846,member
17773,1ED538CCCF1660AB,docked_bike,2021-02-27 14:34:49,2021-02-27 14:55:50,E 1 St & 1 Ave,5593,E 33 St & 1 Ave,6197,40.723355,-73.988649,40.74322681432173,-73.97449783980846,casual
17792,F84D9EC9F6D70D65,docked_bike,2021-02-27 15:38:37,2021-02-27 15:48:58,E 1 St & 1 Ave,5593,E 51 St & 1 Ave,6532,40.723355,-73.988649,40.75455731,-73.96592976,member
18166,6A5EFF78DAA1BACB,docked_bike,2021-02-26 10:22:36,2021-02-26 10:31:57,E 1 St & 1 Ave,5593,W 13 St & 7 Ave,6030,40.723355,-73.988649,40.73781509,-73.99994661,member
20284,92E78E86427F1B06,docked_bike,2021-02-12 22:29:25,2021-02-12 22:42:37,E 2 St & 2 Ave,5593,E 33 St & 1 Ave,6197,40.725028,-73.990696,40.74322681432173,-73.97449783980846,member
22564,DE3BB4310A020B50,docked_bike,2021-02-25 16:26:09,2021-02-25 16:59:13,E 1 St & 1 Ave,5593,,nan,40.723355,-73.988649,,,casual
22597,D05D15EEB47D5158,docked_bike,2021-02-26 13:41:51,2021-02-27 14:41:15,E 1 St & 1 Ave,5593,E 58 St & 3 Ave,6762,40.723355,-73.988649,40.76095756,-73.96724467,casual
22618,2B71ED69599EC0C6,docked_bike,2021-02-17 20:13:59,2021-02-17 20:23:06,E 1 St & 1 Ave,5593,W 13 St & 7 Ave,6030,40.723355,-73.988649,40.73781509,-73.99994661,member
22625,BE455E5B56831A72,docked_bike,2021-02-17 16:08:28,2021-02-17 16:17:05,E 1 St & 1 Ave,5593,E 33 St & 1 Ave,6197,40.723355,-73.988649,40.74322681432173,-73.97449783980846,member
22632,C04166F3D43F8480,docked_bike,2021-02-25 16:25:59,2021-02-25 16:59:34,E 1 St & 1 Ave,5593,,nan,40.723355,-73.988649,,,casual
22668,3AB83A5AB4D5DC02,docked_bike,2021-02-23 09:14:29,2021-02-23 09:24:10,E 1 St & 1 Ave,5593,E 33 St & 1 Ave,6197,40.723355,-73.988649,40.74322681432173,-73.97449783980846,member
22818,5B92A1739A2223EB,docked_bike,2021-02-27 14:36:11,2021-02-27 14:55:32,E 1 St & 1 Ave,5593,E 33 St & 1 Ave,6197,40.723355,-73.988649,40.74322681432173,-73.97449783980846,casual
22944,AA785F3AF1BE7491,docked_bike,2021-02-22 09:44:36,2021-02-22 09:55:59,E 1 St & 1 Ave,5593,W 13 St & 7 Ave,6030,40.723355,-73.988649,40.73781509,-73.99994661,member
22945,7DC2158712297DE3,docked_bike,2021-02-24 09:46:32,2021-02-24 09:56:52,E 1 St & 1 Ave,5593,W 13 St & 7 Ave,6030,40.723355,-73.988649,40.73781509,-73.99994661,member
24399,464B8AB9EC62E9B8,docked_bike,2021-02-06 12:38:13,2021-02-06 20:20:49,E 2 St & 2 Ave,5593,,nan,40.725028,-73.990696,,,member
24404,A488F2BDF14DADD8,docked_bike,2021-02-19 18:00:11,2021-02-19 18:06:56,E 2 St & 2 Ave,5593,W 13 St & 7 Ave,6030,40.725028,-73.990696,40.73781509,-73.99994661,casual
24406,5EE177181847E2C1,docked_bike,2021-02-12 22:30:58,2021-02-12 22:42:06,E 2 St & 2 Ave,5593,E 33 St & 1 Ave,6197,40.725028,-73.990696,40.74322681432173,-73.97449783980846,member
24481,0B78453191D738C5,docked_bike,2021-02-22 19:29:36,2021-02-22 19:40:13,E 2 St & 2 Ave,5593,E 33 St & 1 Ave,6197,40.725028,-73.990696,40.74322681432173,-73.97449783980846,member
24520,A6DDD8A9F7A1B5FD,docked_bike,2021-02-12 22:29:33,2021-02-13 03:43:59,E 2 St & 2 Ave,5593,,nan,40.725028,-73.990696,,,casual
24524,66CE3F527A3BF260,docked_bike,2021-02-15 11:59:03,2021-02-15 20:33:21,E 2 St & 2 Ave,5593,,nan,40.725028,-73.990696,,,member
24758,1074D0BFF6575908,docked_bike,2021-02-17 21:27:04,2021-02-17 21:42:14,E 2 St & 2 Ave,5593,E 51 St & 1 Ave,6532,40.725028,-73.990696,40.75455731,-73.96592976,member
24830,658AB02654D9A4E8,docked_bike,2021-02-17 18:20:32,2021-02-17 18:50:13,E 2 St & 2 Ave,5593,E 78 St & 2 Ave,7057,40.725028,-73.990696,40.7727966,-73.95577801,member
24832,A7034A8CA10E77A8,docked_bike,2021-02-17 19:29:55,2021-02-17 19:39:53,E 2 St & 2 Ave,5593,E 33 St & 1 Ave,6197,40.725028,-73.990696,40.74322681432173,-73.97449783980846,member
24833,87A40B33EC7654C0,docked_bike,2021-02-20 11:57:35,2021-02-20 12:11:33,E 2 St & 2 Ave,5593,E 33 St & 1 Ave,6197,40.725028,-73.990696,40.74322681432173,-73.97449783980846,member
24834,EC8A915D85BF8624,docked_bike,2021-02-15 17:00:13,2021-02-15 17:41:33,E 2 St & 2 Ave,5593,E 58 St & 3 Ave,6762,40.725028,-73.990696,40.76095756,-73.96724467,member
24835,7EC79D51ADFDD3CC,docked_bike,2021-02-25 10:29:12,2021-02-25 10:41:28,E 2 St & 2 Ave,5593,Jay St & Tech Pl,4710,40.725028,-73.990696,40.695065,-73.987167,member
24856,947A57826A5491B0,docked_bike,2021-02-27 22:24:07,2021-02-27 22:41:30,E 2 St & 2 Ave,5593,E 33 St & 1 Ave,6197,40.725028,-73.990696,40.74322681432173,-73.97449783980846,member
24861,8391F99075DBAC01,docked_bike,2021-02-26 23:03:33,2021-02-26 23:17:10,E 2 St & 2 Ave,5593,E 33 St & 1 Ave,6197,40.725029,-73.990697,40.743227,-73.974498,member
24864,938A7795DE9A5D8A,docked_bike,2021-02-24 19:27:29,2021-02-24 19:37:29,E 2 St & 2 Ave,5593,E 33 St & 1 Ave,6197,40.725028,-73.990696,40.74322681432173,-73.97449783980846,member
24865,1527201ECB760C35,docked_bike,2021-02-21 11:11:20,2021-02-21 11:34:00,E 2 St & 2 Ave,5593,Fulton St & William St,5137,40.725028,-73.990696,40.70955958,-74.00653609,member
24869,D8FBCFC632AD21D4,docked_bike,2021-02-14 16:04:08,2021-02-14 16:17:23,E 2 St & 2 Ave,5593,Fulton St & William St,5137,40.725028,-73.990696,40.70955958,-74.00653609,member
24871,B664B96200249C7E,docked_bike,2021-02-14 14:28:09,2021-02-14 14:40:05,E 2 St & 2 Ave,5593,W 13 St & 7 Ave,6030,40.725029,-73.990697,40.737815,-73.999947,casual
24896,048F5164446A3153,docked_bike,2021-02-10 19:30:39,2021-02-10 19:40:34,E 2 St & 2 Ave,5593,E 33 St & 1 Ave,6197,40.725028,-73.990696,40.74322681432173,-73.97449783980846,member
24897,2CB2B9AEC692331A,docked_bike,2021-02-13 02:00:43,2021-02-13 02:14:42,E 2 St & 2 Ave,5593,Fulton St & William St,5137,40.725029,-73.990697,40.70956,-74.006536,member
24898,B5D767F80CF71456,docked_bike,2021-02-12 22:30:57,2021-02-12 22:42:27,E 2 St & 2 Ave,5593,E 33 St & 1 Ave,6197,40.725028,-73.990696,40.74322681432173,-73.97449783980846,member
24925,91A9458CA8A00209,docked_bike,2021-02-24 08:10:27,2021-02-24 08:21:37,E 2 St & 2 Ave,5593,W 13 St & 7 Ave,6030,40.725028,-73.990696,40.73781509,-73.99994661,member
24928,B703EA768A74C1D7,docked_bike,2021-02-24 08:10:29,2021-02-24 08:21:29,E 2 St & 2 Ave,5593,W 13 St & 7 Ave,6030,40.725029,-73.990697,40.737815,-73.999947,member
25014,B0167C613F127C4C,docked_bike,2021-02-05 17:02:21,2021-02-05 18:14:15,E 2 St & 2 Ave,5593,W 13 St & 7 Ave,6030,40.725029,-73.990697,40.737815,-73.999947,member
25015,3F17FB025C871D91,docked_bike,2021-02-12 22:28:56,2021-02-12 22:44:15,E 2 St & 2 Ave,5593,E 33 St & 1 Ave,6197,40.725028,-73.990696,40.74322681432173,-73.97449783980846,casual
25019,8DCBB43A8ACF3702,docked_bike,2021-02-08 17:08:00,2021-02-08 17:16:33,E 2 St & 2 Ave,5593,W 13 St & 7 Ave,6030,40.725028,-73.990696,40.73781509,-73.99994661,member
25021,0188619BE09E7277,docked_bike,2021-02-10 17:59:23,2021-02-10 18:21:32,E 2 St & 2 Ave,5593,E 51 St & 1 Ave,6532,40.725028,-73.990696,40.75455731,-73.96592976,member
25907,25103432371529BA,docked_bike,2021-02-24 11:14:22,2021-02-24 11:21:50,E 1 St & 1 Ave,5593,E 25 St & 2 Ave,6046,40.723355,-73.988649,40.73912601,-73.97973776,member
26164,475DB4ECBC8D6D03,docked_bike,2021-02-28 22:55:30,2021-02-28 23:01:24,E 1 St & 1 Ave,5593,Forsyth St & Canal St,5270,40.723355,-73.988649,40.7158155,-73.99422366,member
26165,F916076E9242011D,docked_bike,2021-02-27 17:40:25,2021-02-27 17:59:20,E 1 St & 1 Ave,5593,4 Ave & E 12 St,5788,40.723355,-73.988649,40.732647,-73.99011,casual
28063,AA9BF27804A88DAF,docked_bike,2021-02-19 19:39:47,2021-02-19 19:47:06,E 1 St & 1 Ave,5593,4 Ave & E 12 St,5788,40.723355,-73.988649,40.732647,-73.99011,member
28097,AB83DD886D7EABD2,docked_bike,2021-02-21 13:51:55,2021-02-21 14:07:13,E 1 St & 1 Ave,5593,E 47 St & 1 Ave,6498,40.723355,-73.988649,40.75206862,-73.96784384,member
28102,1B3C3EAE7377FC94,docked_bike,2021-02-21 13:52:11,2021-02-21 14:07:19,E 1 St & 1 Ave,5593,E 47 St & 1 Ave,6498,40.723355,-73.988649,40.75206862,-73.96784384,member
28124,F33293E9450CB371,docked_bike,2021-02-27 16:14:50,2021-02-27 16:29:44,E 1 St & 1 Ave,5593,E 47 St & 1 Ave,6498,40.723355,-73.988649,40.75206862,-73.96784384,casual
28215,855649263E1E369B,docked_bike,2021-02-27 17:41:46,2021-02-27 17:41:43,E 1 St & 1 Ave,5593,4 Ave & E 12 St,5788,40.723355,-73.988649,40.732647,-73.99011,casual
28373,2A00C8227D6ABE78,docked_bike,2021-02-23 13:14:58,2021-02-23 13:54:34,E 1 St & 1 Ave,5593,4 Ave & E 12 St,5788,40.723355,-73.988649,40.732647,-73.99011,member
30211,58B5C582D016C760,docked_bike,2021-02-27 17:41:51,2021-02-27 17:41:50,E 1 St & 1 Ave,5593,4 Ave & E 12 St,5788,40.723355,-73.988649,40.732647,-73.99011,casual
30793,D20BA1B179862C3C,docked_bike,2021-02-19 18:28:49,2021-02-19 18:36:02,E 2 St & 2 Ave,5593,Forsyth St & Canal St,5270,40.725029,-73.990697,40.715816,-73.994224,member
30800,3BFD0F95E61B8BE6,docked_bike,2021-02-24 08:26:12,2021-02-24 08:46:13,E 2 St & 2 Ave,5593,W 42 St & 6 Ave,6517,40.725028,-73.990696,40.75492,-73.98455,casual
30802,0C1D30BA315DA2E1,docked_bike,2021-02-04 21:34:38,2021-02-04 21:58:38,E 2 St & 2 Ave,5593,4 Ave & E 12 St,5788,40.725029,-73.990697,40.732647,-73.99011,casual
30808,FF37F8EE759F3297,docked_bike,2021-02-20 14:51:25,2021-02-20 14:57:52,E 2 St & 2 Ave,5593,4 Ave & E 12 St,5788,40.725028,-73.990696,40.732647,-73.99011,member
30812,ECE7B9C513B22521,docked_bike,2021-02-17 08:30:55,2021-02-17 08:59:51,E 2 St & 2 Ave,5593,W 42 St & 6 Ave,6517,40.725028,-73.990696,40.75492,-73.98455,casual
30822,A948F40BDB65A8A0,docked_bike,2021-02-21 12:58:38,2021-02-21 13:15:17,E 2 St & 2 Ave,5593,E 47 St & 1 Ave,6498,40.725028,-73.990696,40.75206862,-73.96784384,casual
30834,5F93F35A6C5769B4,docked_bike,2021-02-26 10:33:57,2021-02-26 10:41:01,E 2 St & 2 Ave,5593,Forsyth St & Canal St,5270,40.725028,-73.990696,40.7158155,-73.99422366,member
30841,5AB781247A084372,docked_bike,2021-02-08 10:41:48,2021-02-08 10:50:54,E 2 St & 2 Ave,5593,E 25 St & 2 Ave,6046,40.725028,-73.990696,40.73912601,-73.97973776,member
30845,05B1E4CF38E0D463,docked_bike,2021-02-12 16:26:14,2021-02-12 16:35:10,E 2 St & 2 Ave,5593,Forsyth St & Canal St,5270,40.725029,-73.990697,40.715816,-73.994224,member
30849,96BFA1B27AE8A51A,docked_bike,2021-02-20 10:39:53,2021-02-20 10:50:43,E 2 St & 2 Ave,5593,E 25 St & 2 Ave,6046,40.725028,-73.990696,40.73912601,-73.97973776,member
30865,AB0E7391D4846D88,docked_bike,2021-02-16 15:27:07,2021-02-16 15:30:09,E 2 St & 2 Ave,5593,4 Ave & E 12 St,5788,40.725029,-73.990697,40.732647,-73.99011,member
30868,692B23A93A831B87,docked_bike,2021-02-06 13:36:09,2021-02-06 13:45:30,E 2 St & 2 Ave,5593,Forsyth St & Canal St,5270,40.725029,-73.990697,40.715816,-73.994224,member
30872,3A02C22A9701AFC5,docked_bike,2021-02-13 16:09:05,2021-02-13 16:13:13,E 2 St & 2 Ave,5593,4 Ave & E 12 St,5788,40.725028,-73.990696,40.732647,-73.99011,member
30874,F455AFF0C34B4261,docked_bike,2021-02-27 21:10:50,2021-02-27 21:22:06,E 2 St & 2 Ave,5593,E 25 St & 2 Ave,6046,40.725028,-73.990696,40.73912601,-73.97973776,member
30884,44FAC2A356E987FE,docked_bike,2021-02-11 16:39:45,2021-02-11 16:45:00,E 2 St & 2 Ave,5593,4 Ave & E 12 St,5788,40.725028,-73.990696,40.732647,-73.99011,member
30886,42EB508FD53D9D2F,docked_bike,2021-02-14 12:41:20,2021-02-14 12:51:40,E 2 St & 2 Ave,5593,4 Ave & E 12 St,5788,40.725028,-73.990696,40.732647,-73.99011,member
30892,ACCBF9A0746918F2,docked_bike,2021-02-17 15:53:23,2021-02-17 16:02:52,E 2 St & 2 Ave,5593,E 25 St & 2 Ave,6046,40.725028,-73.990696,40.73912601,-73.97973776,member
31079,FDA7CC60C93910B5,docked_bike,2021-02-28 12:44:55,2021-02-28 12:53:23,E 2 St & 2 Ave,5593,E 25 St & 2 Ave,6046,40.725028,-73.990696,40.73912601,-73.97973776,member
31080,AAEFB91C8F5EDF46,docked_bike,2021-02-06 11:28:41,2021-02-06 11:39:52,E 2 St & 2 Ave,5593,E 25 St & 2 Ave,6046,40.725028,-73.990696,40.73912601,-73.97973776,member
31081,F2009D3D84890921,docked_bike,2021-02-20 10:39:39,2021-02-20 10:50:48,E 2 St & 2 Ave,5593,E 25 St & 2 Ave,6046,40.725028,-73.990696,40.73912601,-73.97973776,member
34105,F53F834F836F5504,docked_bike,2021-02-27 19:12:01,2021-02-27 19:23:33,E 1 St & 1 Ave,5593,1 Ave & E 39 St,6303,40.723355,-73.988649,40.74714,-73.97113,member
34107,E2D76BF9DE9BF99C,docked_bike,2021-02-21 10:21:34,2021-02-21 10:30:01,E 1 St & 1 Ave,5593,1 Ave & E 39 St,6303,40.723355,-73.988649,40.74714,-73.97113,member
34116,3DF72B70CA46E6F0,docked_bike,2021-02-23 08:33:20,2021-02-23 08:47:43,E 1 St & 1 Ave,5593,1 Ave & E 39 St,6303,40.723355,-73.988649,40.74714,-73.97113,casual
34421,EADEBDE43563F8ED,docked_bike,2021-02-12 10:01:34,2021-02-12 10:16:05,E 2 St & 2 Ave,5593,1 Ave & E 39 St,6303,40.725028,-73.990696,40.74714,-73.97113,member
34429,CC3506963F571E3D,docked_bike,2021-02-24 12:26:35,2021-02-24 12:32:58,E 2 St & 2 Ave,5593,Market St & Henry St,5270,40.725029,-73.990697,40.713107,-73.994464,member
34450,30DEE0FF1152799F,docked_bike,2021-02-11 20:17:45,2021-02-11 20:28:39,E 2 St & 2 Ave,5593,1 Ave & E 39 St,6303,40.725028,-73.990696,40.74714,-73.97113,casual
34452,80B8764070057FCF,docked_bike,2021-02-24 16:18:38,2021-02-24 16:24:51,E 2 St & 2 Ave,5593,Market St & Henry St,5270,40.725028,-73.990696,40.71310702305908,-73.99446353316307,member
34457,FB8A12947F94B41E,docked_bike,2021-02-24 19:34:11,2021-02-24 19:42:47,E 2 St & 2 Ave,5593,Market St & Henry St,5270,40.725028,-73.990696,40.71310702305908,-73.99446353316307,member
35843,E5E257F9A5436250,docked_bike,2021-02-27 00:11:26,2021-02-27 00:43:26,E 1 St & 1 Ave,5593,Graham Ave & Grand St,5178,40.723356,-73.98865,40.711863,-73.944024,casual
35871,F5AEBC80179A1B0C,docked_bike,2021-02-27 17:54:04,2021-02-27 17:54:02,E 1 St & 1 Ave,5593,6 Ave & W 45 St,6593,40.723355,-73.988649,40.756951,-73.982631,casual
35883,3620E40F5CE484FB,docked_bike,2021-02-24 14:57:26,2021-02-24 15:16:00,E 1 St & 1 Ave,5593,6 Ave & W 45 St,6593,40.723355,-73.988649,40.756951,-73.982631,casual
39046,FC7248E67E4A0318,docked_bike,2021-02-20 15:49:05,2021-02-20 15:59:50,E 1 St & 1 Ave,5593,W 13 St & 5 Ave,5947,40.723355,-73.988649,40.735445,-73.99431,casual
39063,5558BF6625470E1C,docked_bike,2021-02-20 07:38:56,2021-02-20 07:49:57,E 1 St & 1 Ave,5593,W 13 St & 5 Ave,5947,40.723355,-73.988649,40.735445,-73.99431,member
39196,D2E14376E5918A3F,docked_bike,2021-02-17 16:12:52,2021-02-17 16:19:47,E 1 St & 1 Ave,5593,E 12 St & 3 Ave,5788,40.723356,-73.98865,40.732233,-73.9889,member
39405,B4633BEDA883AA53,docked_bike,2021-02-21 15:52:17,2021-02-21 16:01:48,E 1 St & 1 Ave,5593,W 13 St & 5 Ave,5947,40.723355,-73.988649,40.735445,-73.99431,casual
39412,56E74D4ABD9EE8BE,docked_bike,2021-02-24 15:52:15,2021-02-24 16:00:04,E 1 St & 1 Ave,5593,W 13 St & 5 Ave,5947,40.723355,-73.988649,40.735445,-73.99431,casual
39419,B1DB7577F089B587,docked_bike,2021-02-20 07:38:20,2021-02-20 07:50:10,E 1 St & 1 Ave,5593,W 13 St & 5 Ave,5947,40.723355,-73.988649,40.735445,-73.99431,member
42767,F5F0BDCA97AE9811,docked_bike,2021-02-16 20:30:39,2021-02-16 20:37:26,E 2 St & 2 Ave,5593,Stanton St & Norfolk St,5445,40.725029,-73.990697,40.720747,-73.986274,member
42786,0C5FD7A808F2B50F,docked_bike,2021-02-17 08:30:35,2021-02-17 08:34:58,E 2 St & 2 Ave,5593,Stanton St & Norfolk St,5445,40.725029,-73.990697,40.720747,-73.986274,member
42790,065E4382611CE822,docked_bike,2021-02-26 18:44:47,2021-02-26 18:52:43,E 2 St & 2 Ave,5593,Stanton St & Norfolk St,5445,40.725029,-73.990697,40.720747,-73.986274,member
42808,23B861D209BCA2BF,docked_bike,2021-02-22 08:45:20,2021-02-22 08:48:45,E 2 St & 2 Ave,5593,Stanton St & Norfolk St,5445,40.725029,-73.990697,40.720747,-73.986274,member
42812,E40378FB2A6B9658,docked_bike,2021-02-21 09:47:35,2021-02-21 10:15:53,E 2 St & 2 Ave,5593,Lexington Ave & E 36 St,6313,40.725028,-73.990696,40.7475739589548,-73.9788007736206,member
43967,A12FF09729A22E83,docked_bike,2021-02-19 23:30:14,2021-02-19 23:57:41,E 2 St & 2 Ave,5593,Greene Ave & Grandview Ave,5106,40.725028,-73.990696,40.709697,-73.907856,member
43970,0881D34FC3AF41E4,docked_bike,2021-02-26 13:42:26,2021-02-26 13:46:36,E 2 St & 2 Ave,5593,Stanton St & Norfolk St,5445,40.725028,-73.990696,40.720747,-73.986274,casual
43973,663A087FF69BEEDD,docked_bike,2021-02-12 18:58:43,2021-02-12 19:21:49,E 2 St & 2 Ave,5593,Lexington Ave & E 36 St,6313,40.725029,-73.990697,40.747574,-73.978801,casual
43976,E119957088EBEA14,docked_bike,2021-02-16 15:29:08,2021-02-16 15:37:08,E 2 St & 2 Ave,5593,Stanton St & Norfolk St,5445,40.725028,-73.990696,40.720747,-73.986274,casual
43986,8A3CC510C090F71E,docked_bike,2021-02-08 12:57:29,2021-02-08 13:03:43,E 2 St & 2 Ave,5593,MacDougal St & Washington Sq,5797,40.725028,-73.990696,40.73226398,-73.99852205,member
43988,D23EACD4320A0BE0,docked_bike,2021-02-26 08:21:10,2021-02-26 08:25:24,E 2 St & 2 Ave,5593,Stanton St & Norfolk St,5445,40.725029,-73.990697,40.720747,-73.986274,member
43989,9F094DC331D7CFB7,docked_bike,2021-02-25 19:20:12,2021-02-25 19:24:56,E 2 St & 2 Ave,5593,Stanton St & Norfolk St,5445,40.725029,-73.990697,40.720747,-73.986274,member
43990,F139F2F506570D80,docked_bike,2021-02-05 08:28:47,2021-02-05 08:32:49,E 2 St & 2 Ave,5593,Stanton St & Norfolk St,5445,40.725029,-73.990697,40.720747,-73.986274,member
44004,D9B6DC9636FC3AD2,docked_bike,2021-02-16 08:42:03,2021-02-16 08:47:21,E 2 St & 2 Ave,5593,Stanton St & Norfolk St,5445,40.725029,-73.990697,40.720747,-73.986274,member
44005,CD7799C28E702D40,docked_bike,2021-02-25 08:51:52,2021-02-25 08:56:27,E 2 St & 2 Ave,5593,Stanton St & Norfolk St,5445,40.725029,-73.990697,40.720747,-73.986274,member
44037,D3D481817E57714F,docked_bike,2021-02-24 08:49:42,2021-02-24 08:53:33,E 2 St & 2 Ave,5593,Stanton St & Norfolk St,5445,40.725029,-73.990697,40.720747,-73.986274,member
44053,28D2310538E2BCF0,docked_bike,2021-02-17 17:07:19,2021-02-17 17:09:48,E 1 St & 1 Ave,5593,Stanton St & Norfolk St,5445,40.723355,-73.988649,40.720747,-73.986274,member
44087,22CCFFF191C230AA,docked_bike,2021-02-24 18:54:06,2021-02-24 18:59:33,E 1 St & 1 Ave,5593,Stanton St & Norfolk St,5445,40.723355,-73.988649,40.720747,-73.986274,member
44119,36615D23725D26AA,docked_bike,2021-02-20 19:46:31,2021-02-20 19:49:12,E 1 St & 1 Ave,5593,Stanton St & Norfolk St,5445,40.723356,-73.98865,40.720747,-73.986274,member
52402,18237BE1E21BBF66,docked_bike,2021-02-13 15:32:53,2021-02-13 15:48:29,E 2 St & 2 Ave,5593,Front St & Washington St,4936,40.725028,-73.990696,40.70255088,-73.98940236,casual
52408,D86EBD4D7BAD6BA0,docked_bike,2021-02-25 09:39:57,2021-02-25 09:51:05,E 2 St & 2 Ave,5593,Forsyth St\t& Grand St,5382,40.725028,-73.990696,40.71779817737835,-73.99316132068634,member
52425,61862A1708EE5B68,docked_bike,2021-02-13 15:30:44,2021-02-13 15:48:38,E 2 St & 2 Ave,5593,Front St & Washington St,4936,40.725028,-73.990696,40.70255088,-73.98940236,casual
52436,081265EE09BB166A,docked_bike,2021-02-13 14:47:06,2021-02-13 14:56:07,E 2 St & 2 Ave,5593,Avenue D & E 3 St,5436,40.725028,-73.990696,40.72082834,-73.97793172,member
52437,96F045E5DE541E92,docked_bike,2021-02-27 13:46:44,2021-02-27 13:55:55,E 2 St & 2 Ave,5593,Avenue D & E 3 St,5436,40.725028,-73.990696,40.72082834,-73.97793172,member
52438,F89C803F61A9D540,docked_bike,2021-02-08 19:16:55,2021-02-08 19:21:38,E 2 St & 2 Ave,5593,Avenue D & E 3 St,5436,40.725028,-73.990696,40.72082834,-73.97793172,member
52531,DE51E2A813825255,docked_bike,2021-02-06 21:24:01,2021-02-06 21:31:38,E 2 St & 2 Ave,5593,Avenue D & E 3 St,5436,40.725029,-73.990697,40.720828,-73.977932,member
52534,73C1318F5C6455CE,docked_bike,2021-02-05 19:07:15,2021-02-05 19:15:22,E 2 St & 2 Ave,5593,Avenue D & E 3 St,5436,40.725029,-73.990697,40.720828,-73.977932,member
52539,2309AD1EDFDF30EC,docked_bike,2021-02-20 18:29:53,2021-02-20 18:53:06,E 2 St & 2 Ave,5593,E 72 St & Park Ave,6998,40.725029,-73.990697,40.771183,-73.964094,member
52801,FE210F844AC23417,docked_bike,2021-02-22 08:27:58,2021-02-22 08:33:06,E 1 St & 1 Ave,5593,Avenue D & E 3 St,5436,40.723355,-73.988649,40.72082834,-73.97793172,casual
55609,6D7C25EE240E9943,docked_bike,2021-02-20 21:11:45,2021-02-20 21:31:25,E 1 St & 1 Ave,5593,DeKalb Ave & Franklin Ave,4528,40.723355,-73.988649,40.69064807082943,-73.95746178925037,member
56435,13D25D5AD985910A,docked_bike,2021-02-24 15:02:42,2021-02-24 15:29:02,E 2 St & 2 Ave,5593,W 15 St & 6 Ave,5989,40.725028,-73.990696,40.738046142482766,-73.99642959237099,member
56455,09F5F37D287446A1,docked_bike,2021-02-22 20:14:55,2021-02-22 20:24:57,E 2 St & 2 Ave,5593,W 15 St & 6 Ave,5989,40.725028,-73.990696,40.738046142482766,-73.99642959237099,member
56456,DFF10AF6F292D9CF,docked_bike,2021-02-16 16:59:41,2021-02-16 17:12:07,E 2 St & 2 Ave,5593,W 15 St & 6 Ave,5989,40.725028,-73.990696,40.738046142482766,-73.99642959237099,member
56459,819144B6A6C9E678,docked_bike,2021-02-14 11:20:28,2021-02-14 11:29:36,E 2 St & 2 Ave,5593,W 15 St & 6 Ave,5989,40.725029,-73.990697,40.738046,-73.99643,member
56463,BBBC5E245D340A7F,docked_bike,2021-02-10 18:33:19,2021-02-10 18:44:36,E 2 St & 2 Ave,5593,W 15 St & 6 Ave,5989,40.725029,-73.990697,40.738046,-73.99643,member
56468,E0420A0393625797,docked_bike,2021-02-27 18:33:04,2021-02-27 18:53:56,E 2 St & 2 Ave,5593,Lafayette Ave & Classon Ave,4452,40.725028,-73.990696,40.68900443,-73.96023854,member
56469,9D1BA73BF696F102,docked_bike,2021-02-05 17:44:50,2021-02-05 17:56:17,E 2 St & 2 Ave,5593,W 15 St & 6 Ave,5989,40.725029,-73.990697,40.738046,-73.99643,member
56472,99732D9034AB450E,docked_bike,2021-02-28 12:30:41,2021-02-28 12:38:35,E 2 St & 2 Ave,5593,W 15 St & 6 Ave,5989,40.725029,-73.990697,40.738046,-73.99643,casual
56474,68C5F6AB252C7D09,docked_bike,2021-02-26 18:20:51,2021-02-26 18:43:31,E 2 St & 2 Ave,5593,Lafayette Ave & Classon Ave,4452,40.725028,-73.990696,40.68900443,-73.96023854,member
56479,4F9537EDB86607D9,docked_bike,2021-02-23 19:17:19,2021-02-23 19:28:33,E 2 St & 2 Ave,5593,W 15 St & 6 Ave,5989,40.725028,-73.990696,40.738046142482766,-73.99642959237099,member
56480,6A2FAB8584150973,docked_bike,2021-02-11 17:38:59,2021-02-11 17:49:41,E 2 St & 2 Ave,5593,W 15 St & 6 Ave,5989,40.725028,-73.990696,40.738046142482766,-73.99642959237099,member
56481,AC8E7FB48E29B0FC,docked_bike,2021-02-09 18:17:39,2021-02-09 18:28:16,E 2 St & 2 Ave,5593,W 15 St & 6 Ave,5989,40.725028,-73.990696,40.738046142482766,-73.99642959237099,member
56482,92BCBD07697189B0,docked_bike,2021-02-10 18:12:42,2021-02-10 18:24:26,E 2 St & 2 Ave,5593,W 15 St & 6 Ave,5989,40.725028,-73.990696,40.738046142482766,-73.99642959237099,member
56483,BF25ADB2C839871F,docked_bike,2021-02-17 18:57:59,2021-02-17 19:07:34,E 2 St & 2 Ave,5593,W 15 St & 6 Ave,5989,40.725028,-73.990696,40.738046142482766,-73.99642959237099,member
56484,E95B9C391CCFE519,docked_bike,2021-02-08 17:16:32,2021-02-08 17:29:02,E 2 St & 2 Ave,5593,W 15 St & 6 Ave,5989,40.725029,-73.990697,40.738046,-73.99643,member
56485,F917B344D60C4EB3,docked_bike,2021-02-15 17:10:02,2021-02-15 17:20:31,E 2 St & 2 Ave,5593,W 15 St & 6 Ave,5989,40.725028,-73.990696,40.738046142482766,-73.99642959237099,member
56486,FAB899AD8CDCB461,docked_bike,2021-02-12 17:15:39,2021-02-12 17:27:03,E 2 St & 2 Ave,5593,W 15 St & 6 Ave,5989,40.725028,-73.990696,40.738046142482766,-73.99642959237099,member
56491,8AED9471DCFCA4CF,docked_bike,2021-02-15 12:33:34,2021-02-15 12:39:43,E 2 St & 2 Ave,5593,W 15 St & 6 Ave,5989,40.725029,-73.990697,40.738046,-73.99643,member
56494,9016F963AC84FEB2,docked_bike,2021-02-06 18:51:06,2021-02-06 19:12:14,E 2 St & 2 Ave,5593,Lafayette Ave & Classon Ave,4452,40.725028,-73.990696,40.68900443,-73.96023854,member
57038,0F1DFE58D4F0DA35,docked_bike,2021-02-25 17:42:32,2021-02-25 17:46:58,E 1 St & 1 Ave,5593,Cooper Square & Astor Pl,5712,40.723356,-73.98865,40.729515,-73.990753,member
59258,20BEA21004E9314C,docked_bike,2021-02-23 21:27:42,2021-02-23 21:31:33,E 1 St & 1 Ave,5593,Allen St & Rivington St,5414,40.723356,-73.98865,40.720196,-73.989978,member
59283,99EE1AF789F94E21,docked_bike,2021-02-20 14:05:11,2021-02-20 14:07:23,E 1 St & 1 Ave,5593,Allen St & Rivington St,5414,40.723355,-73.988649,40.72019576,-73.98997825,member
59288,CE18E95F1F8BAB85,docked_bike,2021-02-21 15:36:48,2021-02-21 16:08:38,E 1 St & 1 Ave,5593,Cooper Square & Astor Pl,5712,40.723355,-73.988649,40.72951496224949,-73.99075269699097,member
59297,6CE6EF8963B9A8F7,docked_bike,2021-02-23 17:56:58,2021-02-23 17:58:57,E 1 St & 1 Ave,5593,Allen St & Rivington St,5414,40.723355,-73.988649,40.72019576,-73.98997825,member
59318,2E2069001E1EAAFB,docked_bike,2021-02-26 21:23:35,2021-02-26 21:33:24,E 1 St & 1 Ave,5593,Cooper Square & Astor Pl,5712,40.723355,-73.988649,40.72951496224949,-73.99075269699097,casual
59335,766B448C433F92F7,docked_bike,2021-02-24 07:37:49,2021-02-24 07:41:45,E 1 St & 1 Ave,5593,Cooper Square & Astor Pl,5712,40.723355,-73.988649,40.72951496224949,-73.99075269699097,member
59336,B4A3E149F07411C7,docked_bike,2021-02-26 07:42:07,2021-02-26 07:45:25,E 1 St & 1 Ave,5593,Cooper Square & Astor Pl,5712,40.723355,-73.988649,40.72951496224949,-73.99075269699097,member
59357,544584A858AC40C0,docked_bike,2021-02-22 07:35:52,2021-02-22 07:38:52,E 1 St & 1 Ave,5593,Cooper Square & Astor Pl,5712,40.723355,-73.988649,40.72951496224949,-73.99075269699097,member
59358,435F453B1B318872,docked_bike,2021-02-23 07:36:21,2021-02-23 07:39:25,E 1 St & 1 Ave,5593,Cooper Square & Astor Pl,5712,40.723355,-73.988649,40.72951496224949,-73.99075269699097,member
59361,44E126D0AC94463D,docked_bike,2021-02-20 19:47:17,2021-02-20 19:51:05,E 1 St & 1 Ave,5593,Cooper Square & Astor Pl,5712,40.723355,-73.988649,40.72951496224949,-73.99075269699097,casual
59416,69FB21CBEB2D559A,docked_bike,2021-02-21 11:39:00,2021-02-21 11:49:33,E 1 St & 1 Ave,5593,Watts St & Greenwich St,5578,40.723355,-73.988649,40.72405549,-74.00965965,member
61412,2D33A3F7A198CD68,docked_bike,2021-02-06 15:16:26,2021-02-06 15:20:30,E 2 St & 2 Ave,5593,Allen St & Rivington St,5414,40.725028,-73.990696,40.72019576,-73.98997825,member
61413,5DAAC7FC7197E30D,docked_bike,2021-02-21 06:50:29,2021-02-21 07:06:07,E 2 St & 2 Ave,5593,Allen St & Rivington St,5414,40.725028,-73.990696,40.72019576,-73.98997825,member
61415,FBF71EECABC582E8,docked_bike,2021-02-24 22:41:44,2021-02-24 23:03:28,E 2 St & 2 Ave,5593,9 Ave & W 45 St,6717,40.725028,-73.990696,40.76019252,-73.9912551,member
61421,1F19685E89F68834,docked_bike,2021-02-17 17:12:28,2021-02-17 17:16:53,E 2 St & 2 Ave,5593,Cooper Square & Astor Pl,5712,40.725028,-73.990696,40.72951496224949,-73.99075269699097,member
61427,16D55ABC2E0DF31A,docked_bike,2021-02-25 12:16:46,2021-02-25 12:31:04,E 2 St & 2 Ave,5593,Grand St & Havemeyer St,5267,40.725028,-73.990696,40.71286844,-73.95698119,member
61435,C784E12297D68FD6,docked_bike,2021-02-15 12:04:33,2021-02-15 12:10:49,E 2 St & 2 Ave,5593,Cooper Square & Astor Pl,5712,40.725028,-73.990696,40.72951496224949,-73.99075269699097,member
61436,B79AA4852F987389,docked_bike,2021-02-14 11:39:15,2021-02-14 11:47:14,E 2 St & 2 Ave,5593,Cooper Square & Astor Pl,5712,40.725028,-73.990696,40.72951496224949,-73.99075269699097,member
61439,C28B7F87F0AF9FDD,docked_bike,2021-02-06 15:16:11,2021-02-06 15:20:24,E 2 St & 2 Ave,5593,Allen St & Rivington St,5414,40.725028,-73.990696,40.72019576,-73.98997825,member
61445,C6DA8CDB769195BC,docked_bike,2021-02-11 18:28:03,2021-02-11 18:31:15,E 2 St & 2 Ave,5593,Cooper Square & Astor Pl,5712,40.725029,-73.990697,40.729515,-73.990753,member
61454,E7AC9F242B6A90D1,docked_bike,2021-02-21 06:50:32,2021-02-21 07:06:12,E 2 St & 2 Ave,5593,Allen St & Rivington St,5414,40.725028,-73.990696,40.72019576,-73.98997825,member
61462,10E77D27BB42AE52,docked_bike,2021-02-14 22:14:44,2021-02-14 22:16:26,E 2 St & 2 Ave,5593,Cooper Square & Astor Pl,5712,40.725028,-73.990696,40.72951496224949,-73.99075269699097,member
61467,40938C3752D8D1B1,docked_bike,2021-02-11 10:00:58,2021-02-11 10:04:59,E 2 St & 2 Ave,5593,Allen St & Rivington St,5414,40.725028,-73.990696,40.72019576,-73.98997825,member
61494,D2245FA063524EBD,docked_bike,2021-02-12 01:23:53,2021-02-12 01:27:25,E 2 St & 2 Ave,5593,Allen St & Rivington St,5414,40.725029,-73.990697,40.720196,-73.989978,member
61495,3403ED0E82CC0D15,docked_bike,2021-02-26 01:47:32,2021-02-26 01:50:03,E 2 St & 2 Ave,5593,Allen St & Rivington St,5414,40.725029,-73.990697,40.720196,-73.989978,member
61892,CA2FD501273DF075,docked_bike,2021-02-20 13:16:54,2021-02-20 13:26:36,E 1 St & 1 Ave,5593,6 Ave & Broome St,5610,40.723355,-73.988649,40.724308321602166,-74.00473035871983,member
63199,C797526BCEEB6238,docked_bike,2021-02-23 13:31:09,2021-02-23 13:48:36,E 1 St & 1 Ave,5593,6 Ave & Broome St,5610,40.723355,-73.988649,40.724308321602166,-74.00473035871983,casual
63206,71360AE78A4AFB5E,docked_bike,2021-02-23 13:32:02,2021-02-23 13:48:50,E 1 St & 1 Ave,5593,6 Ave & Broome St,5610,40.723355,-73.988649,40.724308321602166,-74.00473035871983,casual
63386,D23F41E3D59C35B3,docked_bike,2021-02-15 17:12:47,2021-02-15 17:21:03,E 2 St & 2 Ave,5593,6 Ave & Broome St,5610,40.725028,-73.990696,40.724308321602166,-74.00473035871983,member
63403,A82162AF858A26F8,docked_bike,2021-02-14 18:26:39,2021-02-14 18:37:25,E 2 St & 2 Ave,5593,6 Ave & Broome St,5610,40.725029,-73.990697,40.724308,-74.00473,member
64795,61BA309825C22EB9,docked_bike,2021-02-23 13:01:34,2021-02-23 13:18:22,E 1 St & 1 Ave,5593,W 24 St & 7 Ave,6257,40.723356,-73.98865,40.744876,-73.995299,member
65167,6A93579552EC74F2,docked_bike,2021-02-23 10:15:28,2021-02-23 10:31:50,E 1 St & 1 Ave,5593,E 55 St & 2 Ave,6650,40.723355,-73.988649,40.75797322,-73.96603308,member
70371,E1E99A47EB349C91,docked_bike,2021-02-20 15:45:50,2021-02-20 16:11:22,E 1 St & 1 Ave,5593,Broadway & W 60 St,6948,40.723355,-73.988649,40.76915505,-73.98191841,member
72107,09A868B34626A37C,docked_bike,2021-02-27 10:15:57,2021-02-27 10:31:53,E 1 St & 1 Ave,5593,E 55 St & 2 Ave,6650,40.723355,-73.988649,40.75797322,-73.96603308,member
72756,E5BE00014777D83F,docked_bike,2021-02-09 10:09:48,2021-02-09 10:29:11,E 2 St & 2 Ave,5593,E 55 St & 2 Ave,6650,40.725028,-73.990696,40.75797322,-73.96603308,member
72757,495E535AF11576B2,docked_bike,2021-02-16 10:11:29,2021-02-16 10:29:55,E 2 St & 2 Ave,5593,E 55 St & 2 Ave,6650,40.725028,-73.990696,40.75797322,-73.96603308,member
72758,CF66BCC197278ABE,docked_bike,2021-02-10 09:49:49,2021-02-10 09:59:49,E 2 St & 2 Ave,5593,Broadway & W 25 St,6173,40.725029,-73.990697,40.742869,-73.989186,casual
72764,7AC78D63CDDA894B,docked_bike,2021-02-14 12:03:51,2021-02-14 12:19:59,E 2 St & 2 Ave,5593,Broadway & W 25 St,6173,40.725029,-73.990697,40.742869,-73.989186,member
72768,5ABFAA17EF47E293,docked_bike,2021-02-25 13:43:54,2021-02-25 13:56:21,E 2 St & 2 Ave,5593,Broadway & W 25 St,6173,40.725029,-73.990697,40.742869,-73.989186,member
72805,C6413BE6B3856572,docked_bike,2021-02-10 11:49:53,2021-02-10 12:07:39,E 2 St & 2 Ave,5593,W 24 St & 7 Ave,6257,40.725028,-73.990696,40.74487634,-73.99529885,member
72821,876ECE3765A59D44,docked_bike,2021-02-04 10:21:31,2021-02-04 10:40:04,E 2 St & 2 Ave,5593,E 55 St & 2 Ave,6650,40.725029,-73.990697,40.757973,-73.966033,member
72825,072D1F932BFB4A0E,docked_bike,2021-02-24 11:57:07,2021-02-24 12:06:34,E 2 St & 2 Ave,5593,Broadway & W 25 St,6173,40.725028,-73.990696,40.74286877312112,-73.98918628692627,casual
72831,E99B692486C00E8D,docked_bike,2021-02-10 15:07:28,2021-02-10 15:19:54,E 2 St & 2 Ave,5593,W 24 St & 7 Ave,6257,40.725028,-73.990696,40.74487634,-73.99529885,member
72834,7501BAD89E9A4204,docked_bike,2021-02-26 11:55:24,2021-02-26 12:06:36,E 2 St & 2 Ave,5593,Broadway & W 25 St,6173,40.725028,-73.990696,40.74286877312112,-73.98918628692627,casual
73128,06B2E0408FFB5443,docked_bike,2021-02-06 10:16:41,2021-02-06 10:35:25,E 2 St & 2 Ave,5593,E 55 St & 2 Ave,6650,40.725028,-73.990696,40.75797322,-73.96603308,member
73148,2263B3E63F7D86B3,docked_bike,2021-02-06 16:41:06,2021-02-06 17:05:54,E 2 St & 2 Ave,5593,E 55 St & 2 Ave,6650,40.725029,-73.990697,40.757973,-73.966033,casual
73184,55A0FEF295CF2515,docked_bike,2021-02-15 13:38:34,2021-02-15 13:48:35,E 2 St & 2 Ave,5593,Broadway & W 25 St,6173,40.725028,-73.990696,40.74286877312112,-73.98918628692627,member
76553,5B4648E88670B441,docked_bike,2021-02-23 21:17:51,2021-02-23 21:45:15,E 2 St & 2 Ave,5593,43 St & Broadway,6670,40.725028,-73.990696,40.7577284,-73.9166368,casual
76562,B7C77D2A55644AA4,docked_bike,2021-02-12 18:46:06,2021-02-12 19:21:39,E 2 St & 2 Ave,5593,43 St & Broadway,6670,40.725028,-73.990696,40.7577284,-73.9166368,casual
76574,1AA4AA27F1DC21FD,docked_bike,2021-02-24 09:27:11,2021-02-24 09:41:25,E 2 St & 2 Ave,5593,E 45 St & 3 Ave,6464,40.725028,-73.990696,40.75255434,-73.97282625,member
77234,97AA2B9D954FAF05,docked_bike,2021-02-28 16:24:29,2021-02-28 16:54:03,E 2 St & 2 Ave,5593,43 St & Broadway,6670,40.725028,-73.990696,40.7577284,-73.9166368,casual
81480,24A8124DB15CACC0,docked_bike,2021-02-27 16:05:40,2021-02-27 16:05:28,E 1 St & 1 Ave,5593,Mercer St & Spring St,5532,40.723355,-73.988649,40.72362738,-73.99949601,member
82006,0C287924F1FAFC5E,docked_bike,2021-02-19 15:45:05,2021-02-19 15:59:42,E 2 St & 2 Ave,5593,W 18 St & 9 Ave,6190,40.725028,-73.990696,40.7435337324616,-74.00367558002472,casual
82019,FCC67861C63BE606,docked_bike,2021-02-06 19:17:00,2021-02-06 19:26:40,E 2 St & 2 Ave,5593,Perry St & Greenwich Ave,5955,40.725029,-73.990697,40.735918,-74.000939,member
82020,E9D79D5748297D1A,docked_bike,2021-02-20 10:00:14,2021-02-20 10:16:30,E 2 St & 2 Ave,5593,Wythe Ave & Metropolitan Ave,5348,40.725028,-73.990696,40.716887,-73.963198,casual
82046,14D3B2BD4F38E926,docked_bike,2021-02-26 15:47:56,2021-02-26 15:53:26,E 2 St & 2 Ave,5593,Mercer St & Spring St,5532,40.725028,-73.990696,40.72362738,-73.99949601,member
82056,34465B673CFD6051,docked_bike,2021-02-19 12:57:33,2021-02-19 13:07:33,E 2 St & 2 Ave,5593,Mercer St & Spring St,5532,40.725028,-73.990696,40.72362738,-73.99949601,casual
82071,0B6E224681305411,docked_bike,2021-02-25 22:03:58,2021-02-25 22:18:59,E 2 St & 2 Ave,5593,Wythe Ave & Metropolitan Ave,5348,40.725028,-73.990696,40.716887,-73.963198,member
82074,C8C74EDCAF2A20B3,docked_bike,2021-02-11 16:14:59,2021-02-11 16:19:33,E 2 St & 2 Ave,5593,Mercer St & Spring St,5532,40.725028,-73.990696,40.72362738,-73.99949601,member
82186,99A917F061983E3E,docked_bike,2021-02-23 20:32:45,2021-02-23 20:44:21,E 2 St & 2 Ave,5593,Wythe Ave & Metropolitan Ave,5348,40.725028,-73.990696,40.716887,-73.963198,member
82188,9D6FB0CB597FD0BD,docked_bike,2021-02-16 14:44:31,2021-02-16 14:49:34,E 2 St & 2 Ave,5593,Mercer St & Spring St,5532,40.725029,-73.990697,40.723627,-73.999496,member
86067,8CEF4253795BD6DD,docked_bike,2021-02-27 13:49:01,2021-02-27 14:14:02,E 1 St & 1 Ave,5593,E 32 St & Park Ave,6280,40.723355,-73.988649,40.7457121,-73.98194829,casual
86353,355244790783A25A,docked_bike,2021-02-20 14:03:27,2021-02-20 14:16:29,E 1 St & 1 Ave,5593,E 32 St & Park Ave,6280,40.723355,-73.988649,40.7457121,-73.98194829,member
88786,672B4766CAA261AE,docked_bike,2021-02-20 19:12:31,2021-02-20 19:41:55,E 2 St & 2 Ave,5593,Central Park S & 6 Ave,6876,40.725029,-73.990697,40.765909,-73.976342,member
88937,F767CB79343FCE9E,docked_bike,2021-02-16 15:25:59,2021-02-16 15:57:37,E 2 St & 2 Ave,5593,Bergen St & Flatbush Ave,4281,40.725028,-73.990696,40.680944723477296,-73.97567331790923,casual
89421,9B5BBD596E51E295,docked_bike,2021-02-13 13:40:01,2021-02-13 13:56:30,E 2 St & 2 Ave,5593,W 30 St & 10 Ave,6459,40.725028,-73.990696,40.752694,-74.002353,member
90695,67FD188F3E190A1D,docked_bike,2021-02-23 17:38:36,2021-02-23 17:46:09,E 1 St & 1 Ave,5593,Division St & Bowery,5270,40.723355,-73.988649,40.714193,-73.996732,member
90704,33348E970B457B14,docked_bike,2021-02-23 12:28:01,2021-02-23 12:38:58,E 1 St & 1 Ave,5593,Division St & Bowery,5270,40.723356,-73.98865,40.714193,-73.996732,member
91969,9C43A0C7C7E4317F,docked_bike,2021-02-28 15:39:09,2021-02-28 15:48:16,E 1 St & 1 Ave,5593,Division St & Bowery,5270,40.723355,-73.988649,40.714193,-73.996732,member
93577,3A841616900657AD,docked_bike,2021-02-26 17:35:45,2021-02-26 17:45:56,E 2 St & 2 Ave,5593,Division St & Bowery,5270,40.725028,-73.990696,40.714193,-73.996732,member
93578,CAC15A24E4CADEFB,docked_bike,2021-02-05 23:09:43,2021-02-05 23:20:31,E 2 St & 2 Ave,5593,Liberty St & Nassau St,5105,40.725029,-73.990697,40.708589,-74.009355,member
93579,E33FDC6BC41EC3DA,docked_bike,2021-02-05 23:09:51,2021-02-05 23:21:20,E 2 St & 2 Ave,5593,Liberty St & Nassau St,5105,40.725029,-73.990697,40.708589,-74.009355,member
93608,12769ED69544D024,docked_bike,2021-02-05 16:42:00,2021-02-05 16:59:17,E 2 St & 2 Ave,5593,Broad St & Bridge St,4962,40.725029,-73.990697,40.703652,-74.011678,member
93609,BB6D53155E488996,docked_bike,2021-02-12 16:25:39,2021-02-12 16:33:38,E 2 St & 2 Ave,5593,Division St & Bowery,5270,40.725028,-73.990696,40.714193,-73.996732,member
94363,5C4D33585C8517DE,docked_bike,2021-02-14 16:32:33,2021-02-14 16:42:34,E 2 St & 2 Ave,5593,Division St & Bowery,5270,40.725028,-73.990696,40.714193,-73.996732,member
96385,8C282B44C6E57293,docked_bike,2021-02-27 01:03:45,2021-02-27 01:13:22,E 1 St & 1 Ave,5593,W 4 St & 7 Ave S,5880,40.723355,-73.988649,40.73401143,-74.00293877,casual
96386,972EE9F40DA91AB5,docked_bike,2021-02-26 09:02:40,2021-02-26 09:12:07,E 1 St & 1 Ave,5593,Madison St & Clinton St,5190,40.723355,-73.988649,40.71269042,-73.98776323,member
96457,4BABCE42AF88BC3F,docked_bike,2021-02-19 21:28:25,2021-02-19 21:41:02,E 1 St & 1 Ave,5593,W 4 St & 7 Ave S,5880,40.723356,-73.98865,40.734011,-74.002939,member
96466,138BAE450D103205,docked_bike,2021-02-24 11:36:08,2021-02-24 11:42:43,E 1 St & 1 Ave,5593,Grand St & Samuel Dickstein Plaza,5335,40.723355,-73.988649,40.71511871996496,-73.98417055606842,member
96476,795F87D1BA628469,docked_bike,2021-02-23 18:31:04,2021-02-23 18:44:48,E 1 St & 1 Ave,5593,W 4 St & 7 Ave S,5880,40.723355,-73.988649,40.73401143,-74.00293877,member
96488,7F469F695E4912B2,docked_bike,2021-02-26 11:44:57,2021-02-26 11:55:05,E 1 St & 1 Ave,5593,Madison St & Clinton St,5190,40.723355,-73.988649,40.71269042,-73.98776323,member
98589,329841FCFC2565A5,docked_bike,2021-02-13 14:40:48,2021-02-13 14:49:01,E 2 St & 2 Ave,5593,W 4 St & 7 Ave S,5880,40.725028,-73.990696,40.73401143,-74.00293877,member
98591,BD4CD47C6A79F8ED,docked_bike,2021-02-17 16:15:46,2021-02-17 16:26:40,E 2 St & 2 Ave,5593,W 4 St & 7 Ave S,5880,40.725028,-73.990696,40.73401143,-74.00293877,member
98597,2D2FDF1546B06EB1,docked_bike,2021-02-14 14:32:25,2021-02-14 14:39:55,E 2 St & 2 Ave,5593,W 4 St & 7 Ave S,5880,40.725028,-73.990696,40.73401143,-74.00293877,member
98602,5020AB1782D65A97,docked_bike,2021-02-26 14:16:57,2021-02-26 14:25:16,E 2 St & 2 Ave,5593,W 4 St & 7 Ave S,5880,40.725028,-73.990696,40.73401143,-74.00293877,member
98627,B0E4D9694CB799B6,docked_bike,2021-02-24 21:29:07,2021-02-24 21:36:00,E 2 St & 2 Ave,5593,Grand St & Samuel Dickstein Plaza,5335,40.725028,-73.990696,40.71511871996496,-73.98417055606842,member
98765,186F0BDB632F9781,docked_bike,2021-02-14 14:32:30,2021-02-14 14:39:56,E 2 St & 2 Ave,5593,W 4 St & 7 Ave S,5880,40.725028,-73.990696,40.73401143,-74.00293877,member
98807,98A0B9244EE516A6,docked_bike,2021-02-17 12:46:51,2021-02-17 13:12:23,E 2 St & 2 Ave,5593,W 4 St & 7 Ave S,5880,40.725028,-73.990696,40.73401143,-74.00293877,member
101120,B6D3D66B0E0AFCF8,docked_bike,2021-02-10 15:44:00,2021-02-10 15:54:08,E 2 St & 2 Ave,5593,Christopher St & Greenwich St,5847,40.725028,-73.990696,40.73291553,-74.00711384,member
101943,11ABFC3892E1DA30,docked_bike,2021-02-26 15:55:35,2021-02-26 16:18:15,E 1 St & 1 Ave,5593,Christopher St & Greenwich St,5847,40.723355,-73.988649,40.73291553,-74.00711384,casual
102749,8ED9616F7F70D6F8,docked_bike,2021-02-12 17:02:15,2021-02-12 17:14:45,E 2 St & 2 Ave,5593,Christopher St & Greenwich St,5847,40.725029,-73.990697,40.732916,-74.007114,casual
102755,707FD83CD48E918E,docked_bike,2021-02-22 20:04:14,2021-02-22 20:39:59,E 2 St & 2 Ave,5593,Christopher St & Greenwich St,5847,40.725028,-73.990696,40.73291553,-74.00711384,member
102757,138B3B5C1D3200BE,docked_bike,2021-02-14 16:40:43,2021-02-14 16:58:39,E 2 St & 2 Ave,5593,Berry St & N 8 St,5379,40.725028,-73.990696,40.7190095,-73.95852515,member
102850,7AC7D39274FE7DED,docked_bike,2021-02-12 19:56:24,2021-02-12 20:04:16,E 2 St & 2 Ave,5593,Christopher St & Greenwich St,5847,40.725028,-73.990696,40.73291553,-74.00711384,member
102865,429FB76D4B8A1907,docked_bike,2021-02-13 12:33:10,2021-02-13 12:42:58,E 2 St & 2 Ave,5593,Christopher St & Greenwich St,5847,40.725029,-73.990697,40.732916,-74.007114,member
103999,9F79A0B1819D6DD2,docked_bike,2021-02-27 20:15:16,2021-02-27 20:57:40,E 1 St & 1 Ave,5593,E 13 St & 2 Ave,5820,40.723355,-73.988649,40.73153937464073,-73.9853024482727,member
106677,D81C4585D2BF02FA,docked_bike,2021-02-18 16:32:02,2021-02-18 17:03:46,E 1 St & 1 Ave,5593,E 13 St & 2 Ave,5820,40.723355,-73.988649,40.73153937464073,-73.9853024482727,member
106853,08AB990A24D69271,docked_bike,2021-02-22 09:22:08,2021-02-22 09:27:36,E 1 St & 1 Ave,5593,E 13 St & 2 Ave,5820,40.723356,-73.98865,40.731539,-73.985302,member
106918,16BB372C1FBBDD8F,docked_bike,2021-02-12 14:51:56,2021-02-12 14:57:27,E 2 St & 2 Ave,5593,E 13 St & 2 Ave,5820,40.725028,-73.990696,40.73153937464073,-73.9853024482727,member
106962,70E3BAAB819CCEC4,docked_bike,2021-02-12 22:50:15,2021-02-12 23:09:28,E 2 St & 2 Ave,5593,Driggs Ave & N 9 St,5411,40.725028,-73.990696,40.71816969454208,-73.95520135760307,member
107123,144769A65A27E523,docked_bike,2021-02-26 15:51:10,2021-02-26 15:59:50,E 2 St & 2 Ave,5593,E 13 St & 2 Ave,5820,40.725028,-73.990696,40.73153937464073,-73.9853024482727,member
108945,03F2A92AA414805C,docked_bike,2021-02-26 15:19:40,2021-02-26 15:28:27,E 1 St & 1 Ave,5593,E 20 St & Park Ave,6055,40.723355,-73.988649,40.73827428,-73.98751968,member
109327,BDAA8B691DA23EDB,docked_bike,2021-02-09 19:17:54,2021-02-09 19:29:59,E 2 St & 2 Ave,5593,E 20 St & Park Ave,6055,40.725028,-73.990696,40.73827428,-73.98751968,casual
109338,CC9F96AED254E663,docked_bike,2021-02-24 18:05:54,2021-02-24 18:16:51,E 2 St & 2 Ave,5593,E 20 St & Park Ave,6055,40.725028,-73.990696,40.73827428,-73.98751968,member
110532,264EB3C7C02A7DCF,docked_bike,2021-02-17 21:13:06,2021-02-17 21:25:22,E 2 St & 2 Ave,5593,Reade St & Broadway,5247,40.725028,-73.990696,40.71450451,-74.00562789,member
110594,67339ECE20361A4E,docked_bike,2021-02-18 19:22:17,2021-02-18 19:33:21,E 1 St & 1 Ave,5593,Reade St & Broadway,5247,40.723355,-73.988649,40.71450451,-74.00562789,member
110610,D2D807FD4E8C68F0,docked_bike,2021-02-23 14:40:45,2021-02-23 14:50:17,E 1 St & 1 Ave,5593,Reade St & Broadway,5247,40.723355,-73.988649,40.71450451,-74.00562789,member
112592,8BBF06520D0CF369,docked_bike,2021-02-24 08:08:42,2021-02-24 08:22:56,E 2 St & 2 Ave,5593,Reade St & Broadway,5247,40.725028,-73.990696,40.71450451,-74.00562789,member
112602,2B8095906E45F623,docked_bike,2021-02-06 13:05:01,2021-02-06 13:14:34,E 2 St & 2 Ave,5593,Reade St & Broadway,5247,40.725028,-73.990696,40.71450451,-74.00562789,member
112604,8A6DF42D9B326E85,docked_bike,2021-02-24 20:47:43,2021-02-24 20:55:13,E 2 St & 2 Ave,5593,Reade St & Broadway,5247,40.725028,-73.990696,40.71450451,-74.00562789,member
112606,29A2D96A67CC7C7E,docked_bike,2021-02-15 20:25:14,2021-02-15 20:33:48,E 2 St & 2 Ave,5593,Reade St & Broadway,5247,40.725028,-73.990696,40.71450451,-74.00562789,member
112608,3009B9F980656534,docked_bike,2021-02-20 19:18:03,2021-02-20 19:31:31,E 2 St & 2 Ave,5593,E 33 St & 5 Ave,6322,40.725028,-73.990696,40.74765947,-73.98490707,member
112609,43A4ADD0E984E464,docked_bike,2021-02-24 08:06:57,2021-02-24 08:22:50,E 2 St & 2 Ave,5593,Reade St & Broadway,5247,40.725028,-73.990696,40.71450451,-74.00562789,member
118025,D6F2FBDF64295B01,docked_bike,2021-02-27 14:22:21,2021-02-27 14:32:45,E 1 St & 1 Ave,5593,Lexington Ave & E 29 St,6164,40.723355,-73.988649,40.74311555376486,-73.98215353488922,casual
122674,24B1B089C7833F85,docked_bike,2021-02-27 17:18:55,2021-02-27 17:22:35,E 1 St & 1 Ave,5593,Pitt St & Stanton St,5406,40.723355,-73.988649,40.71926081,-73.98178024,member
122695,16FC9D5CF29AD1C7,docked_bike,2021-02-25 18:25:11,2021-02-25 18:36:33,E 1 St & 1 Ave,5593,W 15 St & 7 Ave,6030,40.723355,-73.988649,40.73935542,-73.99931783,member
122927,DB20B844BF04C325,docked_bike,2021-02-26 17:10:22,2021-02-26 17:16:58,E 2 St & 2 Ave,5593,Pitt St & Stanton St,5406,40.725029,-73.990697,40.719261,-73.98178,member
122928,9BA2F9016927FAEA,docked_bike,2021-02-16 19:34:24,2021-02-16 19:41:41,E 2 St & 2 Ave,5593,Washington St & Barrow St,5847,40.725028,-73.990696,40.73191132323174,-74.008769094944,member
122953,C07E974AB522DD57,docked_bike,2021-02-21 15:43:14,2021-02-21 15:50:32,E 2 St & 2 Ave,5593,Washington St & Barrow St,5847,40.725028,-73.990696,40.73191132323174,-74.008769094944,member
123069,68118102B9D22B3E,docked_bike,2021-02-08 10:28:09,2021-02-08 10:52:54,E 2 St & 2 Ave,5593,Wilson Ave & Troutman St,4864,40.725028,-73.990696,40.70166,-73.92754,member
127284,CC984E225DB8F1AE,docked_bike,2021-02-17 09:49:23,2021-02-17 10:05:59,E 2 St & 2 Ave,5593,Bayard St & Baxter St,5351,40.725029,-73.990697,40.716021,-73.999744,member
127292,297E0ADF27BC6AE6,docked_bike,2021-02-06 11:56:48,2021-02-06 12:09:37,E 2 St & 2 Ave,5593,Market St & Cherry St,5198,40.725028,-73.990696,40.71076228,-73.99400398,member
127298,8702A23F2CFB2367,docked_bike,2021-02-24 07:52:51,2021-02-24 07:59:51,E 2 St & 2 Ave,5593,Bayard St & Baxter St,5351,40.725029,-73.990697,40.716021,-73.999744,member
127313,F18C13F55523BA8E,docked_bike,2021-02-25 17:13:16,2021-02-25 17:38:41,E 2 St & 2 Ave,5593,E 81 St & York Ave,7084,40.725028,-73.990696,40.7728384,-73.94989233,member
127319,1474508C3D79E2D9,docked_bike,2021-02-05 23:04:18,2021-02-05 23:32:23,E 2 St & 2 Ave,5593,Central Ave & Weirfield St,4591,40.725028,-73.990696,40.69055,-73.91181,casual
127344,37F71FE049C22848,docked_bike,2021-02-09 15:03:56,2021-02-09 15:12:10,E 2 St & 2 Ave,5593,Market St & Cherry St,5198,40.725028,-73.990696,40.71076228,-73.99400398,member
127345,39C7B67EA95FB519,docked_bike,2021-02-10 15:03:44,2021-02-10 15:12:11,E 2 St & 2 Ave,5593,Market St & Cherry St,5198,40.725028,-73.990696,40.71076228,-73.99400398,member
127348,90A1C64CD4D6D6B1,docked_bike,2021-02-17 08:45:18,2021-02-17 09:03:15,E 2 St & 2 Ave,5593,Railroad Ave & Kay Ave,4990,40.725028,-73.990696,40.70531194,-73.97100056,member
129441,2EA8CC2C125F4505,docked_bike,2021-02-26 21:18:48,2021-02-26 21:30:44,E 1 St & 1 Ave,5593,S 5 Pl & S 5 St,5125,40.723355,-73.988649,40.710451,-73.960876,member
134030,FAB9B8393976FFD8,docked_bike,2021-02-07 18:05:17,2021-02-07 18:22:09,E 2 St & 2 Ave,5593,S 5 Pl & S 5 St,5125,40.725029,-73.990697,40.710451,-73.960876,casual
134034,D80C9E5DCD398B66,docked_bike,2021-02-08 08:17:10,2021-02-08 08:33:48,E 2 St & 2 Ave,5593,S 5 Pl & S 5 St,5125,40.725028,-73.990696,40.710451,-73.960876,member
134035,FDCFAA995526B2B8,docked_bike,2021-02-24 15:38:53,2021-02-24 15:51:18,E 2 St & 2 Ave,5593,S 5 Pl & S 5 St,5125,40.725029,-73.990697,40.710451,-73.960876,member
134037,60C9C7467058E0BD,docked_bike,2021-02-19 15:15:15,2021-02-19 16:23:40,E 2 St & 2 Ave,5593,E 53 St & Madison Ave,6659,40.725028,-73.990696,40.7597108,-73.97402311,member
134051,604A2A704C0D6A80,docked_bike,2021-02-27 16:06:32,2021-02-27 16:17:38,E 2 St & 2 Ave,5593,S 5 Pl & S 5 St,5125,40.725028,-73.990696,40.710451,-73.960876,member
134052,ECACC0C028B33F50,docked_bike,2021-02-14 18:01:42,2021-02-14 18:13:20,E 2 St & 2 Ave,5593,S 5 Pl & S 5 St,5125,40.725029,-73.990697,40.710451,-73.960876,casual
134053,36D6857F723622E8,docked_bike,2021-02-25 22:56:19,2021-02-25 23:22:07,E 2 St & 2 Ave,5593,S 5 Pl & S 5 St,5125,40.725028,-73.990696,40.710451,-73.960876,casual
134058,D2BB5675D8E689E8,docked_bike,2021-02-10 08:01:19,2021-02-10 08:13:09,E 2 St & 2 Ave,5593,S 5 Pl & S 5 St,5125,40.725028,-73.990696,40.710451,-73.960876,member
134061,5E2F473B64BF22A9,docked_bike,2021-02-07 16:43:09,2021-02-07 17:19:57,E 2 St & 2 Ave,5593,S 5 Pl & S 5 St,5125,40.725028,-73.990696,40.710451,-73.960876,member
134080,1D0A93E362F804DE,docked_bike,2021-02-06 23:11:25,2021-02-06 23:24:51,E 2 St & 2 Ave,5593,S 5 Pl & S 5 St,5125,40.725028,-73.990696,40.710451,-73.960876,casual
134241,42B02669B1C303A6,docked_bike,2021-02-27 16:06:07,2021-02-27 16:17:41,E 2 St & 2 Ave,5593,S 5 Pl & S 5 St,5125,40.725029,-73.990697,40.710451,-73.960876,member
134245,44127D76CCFE778F,docked_bike,2021-02-09 18:31:45,2021-02-09 18:47:38,E 2 St & 2 Ave,5593,S 5 Pl & S 5 St,5125,40.725028,-73.990696,40.710451,-73.960876,member
134246,3ABDBB79AEFAFCAC,docked_bike,2021-02-24 20:16:47,2021-02-24 20:41:10,E 2 St & 2 Ave,5593,Van Brunt St & Van Dyke St,4095,40.725028,-73.990696,40.6758329439129,-74.01472628116608,casual
134649,598818EE00AA8BE2,docked_bike,2021-02-13 18:04:12,2021-02-13 18:18:32,E 2 St & 2 Ave,5593,S 5 Pl & S 5 St,5125,40.725029,-73.990697,40.710451,-73.960876,casual
137658,BA791C168553BA72,docked_bike,2021-02-23 17:50:05,2021-02-23 19:04:32,E 2 St & 2 Ave,5593,Montrose Ave & Bushwick Ave,5068,40.725028,-73.990696,40.70767788,-73.94016171,casual
137666,F7CA0D63944A9AB0,docked_bike,2021-02-15 12:54:16,2021-02-15 13:10:32,E 2 St & 2 Ave,5593,Washington Park,4546,40.725029,-73.990697,40.691782,-73.97373,member
137916,1C7ED981F1090246,docked_bike,2021-02-26 20:07:55,2021-02-26 20:14:15,E 1 St & 1 Ave,5593,Stanton St & Mangin St,5326,40.723355,-73.988649,40.71782143,-73.97628939,member
139818,65733BE003AFC289,docked_bike,2021-02-15 13:37:08,2021-02-15 13:43:56,E 2 St & 2 Ave,5593,Grand St & Greene St,5500,40.725028,-73.990696,40.72170005235607,-74.00238141417502,member
139819,E5EBC073A4E66E54,docked_bike,2021-02-20 21:17:12,2021-02-20 21:23:41,E 2 St & 2 Ave,5593,Grand St & Greene St,5500,40.725028,-73.990696,40.72170005235607,-74.00238141417502,member
139820,20A20B80C9B0D5CC,docked_bike,2021-02-14 15:50:39,2021-02-14 15:57:48,E 2 St & 2 Ave,5593,Grand St & Greene St,5500,40.725028,-73.990696,40.72170005235607,-74.00238141417502,member
139821,EC07594E6D1863E3,docked_bike,2021-02-13 18:30:59,2021-02-13 18:38:15,E 2 St & 2 Ave,5593,Grand St & Greene St,5500,40.725028,-73.990696,40.72170005235607,-74.00238141417502,member
139829,C6681F692C94D319,docked_bike,2021-02-26 15:04:34,2021-02-26 15:11:00,E 2 St & 2 Ave,5593,Grand St & Greene St,5500,40.725028,-73.990696,40.72170005235607,-74.00238141417502,member
139830,CFAEE3115258BE59,docked_bike,2021-02-12 17:39:46,2021-02-12 17:47:21,E 2 St & 2 Ave,5593,Grand St & Greene St,5500,40.725028,-73.990696,40.72170005235607,-74.00238141417502,member
139831,CCA18569C7BF0022,docked_bike,2021-02-11 17:34:41,2021-02-11 17:42:38,E 2 St & 2 Ave,5593,Grand St & Greene St,5500,40.725028,-73.990696,40.72170005235607,-74.00238141417502,member
139838,44D6BCB0A84F64EF,docked_bike,2021-02-19 14:30:01,2021-02-19 14:36:36,E 2 St & 2 Ave,5593,Grand St & Greene St,5500,40.725028,-73.990696,40.72170005235607,-74.00238141417502,member
139839,FA1432C7C3D6E74A,docked_bike,2021-02-27 17:06:00,2021-02-27 17:14:33,E 2 St & 2 Ave,5593,Grand St & Greene St,5500,40.725028,-73.990696,40.72170005235607,-74.00238141417502,member
139940,7FB7F4D22F758197,docked_bike,2021-02-05 18:38:10,2021-02-05 18:45:45,E 2 St & 2 Ave,5593,Grand St & Greene St,5500,40.725028,-73.990696,40.72170005235607,-74.00238141417502,member
139941,88376688BA55BB7C,docked_bike,2021-02-09 19:03:14,2021-02-09 19:10:48,E 2 St & 2 Ave,5593,Grand St & Greene St,5500,40.725028,-73.990696,40.72170005235607,-74.00238141417502,member
139942,890DAD28C971AFC9,docked_bike,2021-02-27 17:06:29,2021-02-27 17:14:28,E 2 St & 2 Ave,5593,Grand St & Greene St,5500,40.725028,-73.990696,40.72170005235607,-74.00238141417502,member
142377,691602B2FE9C3140,docked_bike,2021-02-20 18:03:31,2021-02-20 18:19:06,E 1 St & 1 Ave,5593,Madison St & Montgomery St,5262,40.723355,-73.988649,40.713126,-73.984844,member
142418,A3AC688B42E6194C,docked_bike,2021-02-24 12:45:57,2021-02-24 13:27:49,E 1 St & 1 Ave,5593,Madison St & Montgomery St,5262,40.723356,-73.98865,40.713126,-73.984844,member
143722,B7A0C1190747D901,docked_bike,2021-02-24 20:25:57,2021-02-24 20:29:39,E 2 St & 2 Ave,5593,Great Jones St,5636,40.725029,-73.990697,40.727434,-73.99379,member
146141,849D54C7A289996C,docked_bike,2021-02-26 19:00:34,2021-02-26 19:08:01,E 1 St & 1 Ave,5593,Great Jones St,5636,40.723355,-73.988649,40.72743423,-73.99379025,member
149753,B12CF73A5E5457FC,docked_bike,2021-02-08 15:25:31,2021-02-08 15:33:59,E 2 St & 2 Ave,5593,Lispenard St & Broadway,5391,40.725028,-73.990696,40.71939226,-74.00247214,member
151690,16EB21976B5109FC,docked_bike,2021-02-25 19:34:46,2021-02-25 19:53:15,E 1 St & 1 Ave,5593,E 44 St & 2 Ave,6422,40.723355,-73.988649,40.75118387463277,-73.97138714790344,casual
153722,4613B11B8E1AEFFF,docked_bike,2021-02-21 21:01:04,2021-02-21 21:09:50,E 2 St & 2 Ave,5593,Lispenard St & Broadway,5391,40.725028,-73.990696,40.71939226,-74.00247214,member
153726,032314DC37C601EE,docked_bike,2021-02-20 19:53:09,2021-02-20 20:14:36,E 2 St & 2 Ave,5593,Union Ave & Jackson St,5300,40.725028,-73.990696,40.7160751,-73.952029,member
153731,3451C1FD4E72EF08,docked_bike,2021-02-24 12:10:45,2021-02-24 12:35:23,E 2 St & 2 Ave,5593,E 74 St & 1 Ave,6953,40.725028,-73.990696,40.7689738,-73.95482273,member
153732,EC5A8A1E537BC22D,docked_bike,2021-02-28 01:15:10,2021-02-28 01:23:21,E 2 St & 2 Ave,5593,Lispenard St & Broadway,5391,40.725028,-73.990696,40.71939226,-74.00247214,casual
153739,839EC730B3A1A9CE,docked_bike,2021-02-24 15:52:49,2021-02-24 16:30:18,E 2 St & 2 Ave,5593,E 44 St & 2 Ave,6422,40.725028,-73.990696,40.75118387463277,-73.97138714790344,casual
153742,153EBCDBB69D1361,docked_bike,2021-02-28 10:16:19,2021-02-28 10:23:10,E 2 St & 2 Ave,5593,Lispenard St & Broadway,5391,40.725028,-73.990696,40.71939226,-74.00247214,member
153743,E8D35671DFFF6914,docked_bike,2021-02-20 02:59:26,2021-02-20 03:05:04,E 2 St & 2 Ave,5593,Lispenard St & Broadway,5391,40.725028,-73.990696,40.71939226,-74.00247214,casual
153746,31246CC02B69B529,docked_bike,2021-02-24 15:50:26,2021-02-24 16:29:38,E 2 St & 2 Ave,5593,E 44 St & 2 Ave,6422,40.725028,-73.990696,40.75118387463277,-73.97138714790344,casual
153813,FE35EAF28FCE8522,docked_bike,2021-02-16 13:41:18,2021-02-16 13:58:52,E 2 St & 2 Ave,5593,Lispenard St & Broadway,5391,40.725028,-73.990696,40.71939226,-74.00247214,member
155633,45ECC330BC382B0E,docked_bike,2021-02-26 10:27:05,2021-02-26 10:29:39,E 1 St & 1 Ave,5593,Stanton St & Chrystie St,5523,40.723355,-73.988649,40.72229346,-73.99147535,member
155650,518BCDC5D41EF478,docked_bike,2021-02-26 07:31:55,2021-02-26 07:42:16,E 1 St & 1 Ave,5593,Catherine St & Monroe St,5128,40.723356,-73.98865,40.711174,-73.996826,member
155674,0995610B0941F391,docked_bike,2021-02-28 18:02:48,2021-02-28 18:07:03,E 1 St & 1 Ave,5593,Stanton St & Chrystie St,5523,40.723355,-73.988649,40.72229346,-73.99147535,member
155725,EB851195177DDBF7,docked_bike,2021-02-25 12:24:23,2021-02-25 12:29:08,E 1 St & 1 Ave,5593,Lafayette St & Jersey St,5561,40.723355,-73.988649,40.72456089,-73.99565293,member
155757,11973F40A7797672,docked_bike,2021-02-24 07:36:09,2021-02-24 07:48:06,E 1 St & 1 Ave,5593,Catherine St & Monroe St,5128,40.723356,-73.98865,40.711174,-73.996826,member
155758,2DA6BA5A206A7DCA,docked_bike,2021-02-25 07:38:40,2021-02-25 07:49:33,E 1 St & 1 Ave,5593,Catherine St & Monroe St,5128,40.723356,-73.98865,40.711174,-73.996826,member
155765,F9680EB8E6F83CC3,docked_bike,2021-02-27 17:27:43,2021-02-27 17:34:20,E 1 St & 1 Ave,5593,E 20 St & FDR Drive,5886,40.723355,-73.988649,40.73314259,-73.97573881,member
155772,CC49CF0722222DA3,docked_bike,2021-02-26 10:27:05,2021-02-26 10:29:40,E 1 St & 1 Ave,5593,Stanton St & Chrystie St,5523,40.723355,-73.988649,40.72229346,-73.99147535,member
155774,B3E7EC025F4B011E,docked_bike,2021-02-24 12:22:30,2021-02-24 12:34:22,E 1 St & 1 Ave,5593,Catherine St & Monroe St,5128,40.723356,-73.98865,40.711174,-73.996826,member
155987,E13A8378728A21F8,docked_bike,2021-02-28 13:54:52,2021-02-28 13:58:54,E 1 St & 1 Ave,5593,Lafayette St & Jersey St,5561,40.723355,-73.988649,40.72456089,-73.99565293,casual
157132,203F8EDD74DA5D5B,docked_bike,2021-02-20 10:25:04,2021-02-20 10:26:48,E 2 St & 2 Ave,5593,Stanton St & Chrystie St,5523,40.725028,-73.990696,40.72229346,-73.99147535,member
157133,0A2744CB61FAB9B1,docked_bike,2021-02-24 12:10:06,2021-02-24 12:11:36,E 2 St & 2 Ave,5593,Stanton St & Chrystie St,5523,40.725028,-73.990696,40.72229346,-73.99147535,member
157143,B15A48E800D080FD,docked_bike,2021-02-21 12:41:19,2021-02-21 12:43:34,E 2 St & 2 Ave,5593,Stanton St & Chrystie St,5523,40.725028,-73.990696,40.72229346,-73.99147535,member
157146,23F85009445CE3B5,docked_bike,2021-02-26 18:41:07,2021-02-26 18:43:15,E 2 St & 2 Ave,5593,Stanton St & Chrystie St,5523,40.725029,-73.990697,40.722293,-73.991475,member
157158,54AF9255F3592CEF,docked_bike,2021-02-27 12:08:32,2021-02-27 12:10:26,E 2 St & 2 Ave,5593,Stanton St & Chrystie St,5523,40.725029,-73.990697,40.722293,-73.991475,member
157161,465C176F3A59B79B,docked_bike,2021-02-12 19:19:40,2021-02-12 19:40:19,E 2 St & 2 Ave,5593,Catherine St & Monroe St,5128,40.725028,-73.990696,40.71117444,-73.99682619,member
157168,442C412322938CBA,docked_bike,2021-02-25 07:28:29,2021-02-25 07:30:36,E 2 St & 2 Ave,5593,Lafayette St & Jersey St,5561,40.725028,-73.990696,40.72456089,-73.99565293,member
157170,23443BD5CEF905F9,docked_bike,2021-02-17 17:59:37,2021-02-17 18:07:04,E 2 St & 2 Ave,5593,E 20 St & FDR Drive,5886,40.725028,-73.990696,40.73314259,-73.97573881,casual
157321,3FDC75930DC76075,docked_bike,2021-02-09 18:59:49,2021-02-09 19:08:54,E 2 St & 2 Ave,5593,E 20 St & FDR Drive,5886,40.725028,-73.990696,40.73314259,-73.97573881,member
159356,B1DFC44B8C9639D9,docked_bike,2021-02-28 14:32:14,2021-02-28 14:35:26,E 1 St & 1 Ave,5593,Lafayette St & Jersey St,5561,40.723356,-73.98865,40.724561,-73.995653,member
159410,0C028FB0D77F3E27,docked_bike,2021-02-20 15:08:25,2021-02-20 15:15:13,E 1 St & 1 Ave,5593,Lafayette St & Jersey St,5561,40.723355,-73.988649,40.72456089,-73.99565293,member
159455,9B485EAC1195E125,docked_bike,2021-02-27 23:07:11,2021-02-27 23:35:44,E 1 St & 1 Ave,5593,Stanton St & Chrystie St,5523,40.723355,-73.988649,40.72229346,-73.99147535,member
160108,4FB88A9F66892DE7,docked_bike,2021-02-17 18:43:29,2021-02-17 19:03:29,E 2 St & 2 Ave,5593,E 20 St & FDR Drive,5886,40.725028,-73.990696,40.73314259,-73.97573881,member
160109,384330267B748231,docked_bike,2021-02-14 18:27:13,2021-02-14 18:29:31,E 2 St & 2 Ave,5593,Stanton St & Chrystie St,5523,40.725028,-73.990696,40.72229346,-73.99147535,member
160118,2E09CE7928C9D91C,docked_bike,2021-02-20 18:35:32,2021-02-20 18:37:58,E 2 St & 2 Ave,5593,Stanton St & Chrystie St,5523,40.725029,-73.990697,40.722293,-73.991475,casual
160120,23C3242FAC28C7ED,docked_bike,2021-02-09 10:41:28,2021-02-09 10:45:07,E 2 St & 2 Ave,5593,Stanton St & Chrystie St,5523,40.725028,-73.990696,40.72229346,-73.99147535,member
160122,D1C879DE55342DA6,docked_bike,2021-02-20 21:33:30,2021-02-20 21:42:01,E 2 St & 2 Ave,5593,Lafayette St & Jersey St,5561,40.725028,-73.990696,40.72456089,-73.99565293,casual
160126,63C50C04C7414B23,docked_bike,2021-02-19 19:09:49,2021-02-19 19:12:21,E 2 St & 2 Ave,5593,Stanton St & Chrystie St,5523,40.725028,-73.990696,40.72229346,-73.99147535,member
160128,4FBEECC3CE5B281F,docked_bike,2021-02-20 16:52:54,2021-02-20 16:54:17,E 2 St & 2 Ave,5593,Stanton St & Chrystie St,5523,40.725028,-73.990696,40.72229346,-73.99147535,member
160129,9089C1741CE5C7EF,docked_bike,2021-02-28 01:12:15,2021-02-28 01:19:05,E 2 St & 2 Ave,5593,Lafayette St & Jersey St,5561,40.725029,-73.990697,40.724561,-73.995653,casual
160131,6438BB3D0B6A17BE,docked_bike,2021-02-28 01:12:07,2021-02-28 01:18:54,E 2 St & 2 Ave,5593,Lafayette St & Jersey St,5561,40.725029,-73.990697,40.724561,-73.995653,member
160137,DB02E809A5FD772F,docked_bike,2021-02-20 11:48:34,2021-02-20 11:51:18,E 2 St & 2 Ave,5593,Stanton St & Chrystie St,5523,40.725028,-73.990696,40.72229346,-73.99147535,member
160143,E4CF84F27B076882,docked_bike,2021-02-13 10:37:58,2021-02-13 10:39:56,E 2 St & 2 Ave,5593,Stanton St & Chrystie St,5523,40.725028,-73.990696,40.72229346,-73.99147535,member
160148,BEC050C23A7BBB78,docked_bike,2021-02-21 18:11:48,2021-02-21 18:23:38,E 2 St & 2 Ave,5593,E 20 St & FDR Drive,5886,40.725028,-73.990696,40.73314259,-73.97573881,member
160151,EF84C3B743A07E04,docked_bike,2021-02-20 14:24:29,2021-02-20 14:27:44,E 2 St & 2 Ave,5593,Stanton St & Chrystie St,5523,40.725028,-73.990696,40.72229346,-73.99147535,member
160152,47899A03291056B3,docked_bike,2021-02-09 10:40:54,2021-02-09 10:45:10,E 2 St & 2 Ave,5593,Stanton St & Chrystie St,5523,40.725028,-73.990696,40.72229346,-73.99147535,member
160193,7AB938171A061854,docked_bike,2021-02-20 14:22:26,2021-02-20 14:27:40,E 2 St & 2 Ave,5593,Stanton St & Chrystie St,5523,40.725028,-73.990696,40.72229346,-73.99147535,member
160194,9980C8CA8D003208,docked_bike,2021-02-15 13:41:58,2021-02-15 14:17:40,E 2 St & 2 Ave,5593,Stanton St & Chrystie St,5523,40.725028,-73.990696,40.72229346,-73.99147535,member
160200,054B996353A25F30,docked_bike,2021-02-13 10:47:47,2021-02-13 10:50:48,E 2 St & 2 Ave,5593,Stanton St & Chrystie St,5523,40.725028,-73.990696,40.72229346,-73.99147535,member
160307,17A5B62C9A83E37C,docked_bike,2021-02-24 12:11:04,2021-02-24 12:35:53,E 2 St & 2 Ave,5593,Stanton St & Chrystie St,5523,40.725028,-73.990696,40.72229346,-73.99147535,member
162057,75993D085255629F,docked_bike,2021-02-26 19:56:56,2021-02-26 20:45:26,E 1 St & 1 Ave,5593,1 Ave & E 16 St,5779,40.723355,-73.988649,40.73221853,-73.98165557,member
162120,F64605248B9AF8FC,docked_bike,2021-02-25 21:34:46,2021-02-25 21:39:12,E 1 St & 1 Ave,5593,1 Ave & E 16 St,5779,40.723355,-73.988649,40.73221853,-73.98165557,member
162131,41385170EE025EA5,docked_bike,2021-02-24 22:00:29,2021-02-24 22:14:13,E 1 St & 1 Ave,5593,FDR Drive & E 35 St,6230,40.723355,-73.988649,40.744219,-73.97121214,member
162138,E1D2DCE766F8EBE6,docked_bike,2021-02-24 13:01:33,2021-02-24 13:34:48,E 1 St & 1 Ave,5593,34 St & 35 Ave,6605,40.723355,-73.988649,40.7569332,-73.9262231,member
168508,0C63B8BADE06011D,docked_bike,2021-02-23 10:57:56,2021-02-23 11:26:57,E 1 St & 1 Ave,5593,Clinton Ave & Flushing Ave,4762,40.723355,-73.988649,40.69794,-73.96986848,member
169084,9073678F359E9C2F,docked_bike,2021-02-09 07:29:39,2021-02-09 07:34:50,E 2 St & 2 Ave,5593,1 Ave & E 16 St,5779,40.725029,-73.990697,40.732219,-73.981656,member
169117,AC721AEDBF214A26,docked_bike,2021-02-12 12:56:55,2021-02-12 13:05:18,E 2 St & 2 Ave,5593,1 Ave & E 16 St,5779,40.725028,-73.990696,40.73221853,-73.98165557,member
169165,42BE4673AEFF70BD,docked_bike,2021-02-10 12:43:11,2021-02-10 12:52:23,E 2 St & 2 Ave,5593,1 Ave & E 16 St,5779,40.725028,-73.990696,40.73221853,-73.98165557,member
169177,C7BCECF7B6F27796,docked_bike,2021-02-08 00:52:06,2021-02-08 01:20:19,E 2 St & 2 Ave,5593,E 89 St & 3 Ave,7265,40.725029,-73.990697,40.780628,-73.952167,casual
169215,D1CDA13F4AAF5B44,docked_bike,2021-02-20 13:12:20,2021-02-20 13:30:53,E 2 St & 2 Ave,5593,Pierrepont St & Monroe Pl,4718,40.725028,-73.990696,40.69535693320225,-73.99344027042389,member
169220,2BB1F64F331A8431,docked_bike,2021-02-13 10:08:26,2021-02-13 10:15:33,E 2 St & 2 Ave,5593,1 Ave & E 16 St,5779,40.725028,-73.990696,40.73221853,-73.98165557,member
169364,94B75F2D0A2DC0C6,docked_bike,2021-02-25 20:49:36,2021-02-25 21:17:01,E 2 St & 2 Ave,5593,Pierrepont St & Monroe Pl,4718,40.725028,-73.990696,40.69535693320225,-73.99344027042389,casual
169437,48BEDE0A3A1618DD,docked_bike,2021-02-08 19:20:50,2021-02-08 19:29:59,E 2 St & 2 Ave,5593,1 Ave & E 16 St,5779,40.725028,-73.990696,40.73221853,-73.98165557,member
176318,5E3200909CD085F8,docked_bike,2021-02-17 18:41:48,2021-02-17 19:20:22,E 2 St & 2 Ave,5593,1 Ave & E 94 St,7286,40.725029,-73.990697,40.781721,-73.94594,member
176440,1EA9C3ECACFA9595,docked_bike,2021-02-06 20:11:54,2021-02-06 20:26:31,E 2 St & 2 Ave,5593,S 3 St & Bedford Ave,5235,40.725028,-73.990696,40.71260486,-73.96264403,member
176443,5EBF72FC72BCDCBE,docked_bike,2021-02-06 16:42:24,2021-02-06 17:17:10,E 2 St & 2 Ave,5593,1 Ave & E 94 St,7286,40.725028,-73.990696,40.7817212,-73.94594,member
178075,1CD4FCBDB65ECEE0,docked_bike,2021-02-25 16:26:43,2021-02-25 16:54:39,E 2 St & 2 Ave,5593,Irving Ave & Palmetto St,4775,40.725028,-73.990696,40.698,-73.9127,member
180716,5F7EFC543AE7B413,docked_bike,2021-02-20 14:58:01,2021-02-20 15:10:42,E 2 St & 2 Ave,5593,E 27 St & 1 Ave,6004,40.725028,-73.990696,40.739445,-73.976806,member
180722,FD84B85B31DE8A51,docked_bike,2021-02-24 15:53:59,2021-02-24 16:05:46,E 2 St & 2 Ave,5593,E 27 St & 1 Ave,6004,40.725028,-73.990696,40.739445,-73.976806,member
180756,D57BBE56C18095C4,docked_bike,2021-02-17 12:55:57,2021-02-17 13:06:29,E 2 St & 2 Ave,5593,E 27 St & 1 Ave,6004,40.725028,-73.990696,40.739445,-73.976806,member
180761,4B2DF63A9F2D8D64,docked_bike,2021-02-26 11:20:45,2021-02-26 11:41:48,E 2 St & 2 Ave,5593,Court St & State St,4488,40.725028,-73.990696,40.6902375,-73.99203074,member
180768,F744945A011EFFF2,docked_bike,2021-02-23 23:43:51,2021-02-23 23:53:47,E 2 St & 2 Ave,5593,E 27 St & 1 Ave,6004,40.725028,-73.990696,40.739445,-73.976806,member
182066,54FF21ECE020CBA9,docked_bike,2021-02-20 19:42:24,2021-02-20 20:02:42,E 1 St & 1 Ave,5593,Court St & State St,4488,40.723356,-73.98865,40.690238,-73.992031,member
182081,C8E2F437FCF5A80A,docked_bike,2021-02-25 08:54:12,2021-02-25 09:01:22,E 1 St & 1 Ave,5593,E 27 St & 1 Ave,6004,40.723356,-73.98865,40.739445,-73.976806,member
182082,DB730FF67A42C039,docked_bike,2021-02-25 06:32:55,2021-02-25 06:42:20,E 1 St & 1 Ave,5593,Hudson St & W 13 St,6115,40.723355,-73.988649,40.74005708567285,-74.0052741765976,member
182414,341A1ADB75BB6E70,docked_bike,2021-02-19 11:40:45,2021-02-19 11:51:08,E 2 St & 2 Ave,5593,Hudson St & W 13 St,6115,40.725029,-73.990697,40.740057,-74.005274,member
182429,B5EE79AD77D6EEB3,docked_bike,2021-02-24 18:33:55,2021-02-24 18:50:25,E 2 St & 2 Ave,5593,Myrtle Ave & St Edwards St,4659,40.725028,-73.990696,40.69327018,-73.97703874,member
182431,320582F5CA29E78D,docked_bike,2021-02-24 10:12:53,2021-02-24 10:34:41,E 2 St & 2 Ave,5593,Court St & State St,4488,40.725028,-73.990696,40.6902375,-73.99203074,member
187640,D5ADFF59782AC5D0,docked_bike,2021-02-25 12:10:17,2021-02-25 12:27:38,E 1 St & 1 Ave,5593,Broadway & Whipple St,4883,40.723355,-73.988649,40.7016657,-73.9437303,member
188033,C930379E9CD2293B,docked_bike,2021-02-20 17:29:37,2021-02-20 17:37:16,E 2 St & 2 Ave,5593,Henry St & Grand St,5294,40.725028,-73.990696,40.714211,-73.981095,member
188036,E0CDE3C1C6FEA240,docked_bike,2021-02-15 14:47:20,2021-02-15 14:59:27,E 2 St & 2 Ave,5593,Henry St & Grand St,5294,40.725029,-73.990697,40.714211,-73.981095,member
188037,EF599BC5AC555575,docked_bike,2021-02-11 13:39:37,2021-02-11 13:50:59,E 2 St & 2 Ave,5593,Henry St & Grand St,5294,40.725029,-73.990697,40.714211,-73.981095,member
188042,FEE52E211A88CDE3,docked_bike,2021-02-15 17:48:52,2021-02-15 17:57:41,E 2 St & 2 Ave,5593,Henry St & Grand St,5294,40.725028,-73.990696,40.714211,-73.981095,member
188044,0D8BB5D59DE98630,docked_bike,2021-02-16 16:56:17,2021-02-16 17:23:44,E 2 St & 2 Ave,5593,Henry St & Grand St,5294,40.725028,-73.990696,40.714211,-73.981095,member
188048,701046E9ACB808E5,docked_bike,2021-02-15 13:59:16,2021-02-15 14:11:01,E 2 St & 2 Ave,5593,Henry St & Grand St,5294,40.725028,-73.990696,40.714211,-73.981095,casual
188284,2E8CB3AA3450EB27,docked_bike,2021-02-24 17:08:52,2021-02-24 17:18:19,Pier 40 - Hudson River Park,5696,E 4 St & 2 Ave,5593,40.727714,-74.011295,40.7262807,-73.98978041,member
188287,05155D10AD270C5A,docked_bike,2021-02-24 19:13:04,2021-02-24 19:34:39,S 5 Pl & S 5 St,5125,E 4 St & 2 Ave,5593,40.710451,-73.960876,40.726281,-73.98978,member
188306,216B37CF1B43D62D,docked_bike,2021-02-24 00:18:35,2021-02-24 00:21:01,E 13 St & 2 Ave,5820,E 4 St & 2 Ave,5593,40.731539,-73.985302,40.7262807,-73.98978041,member
188311,03C74741A3921C1D,docked_bike,2021-02-17 16:45:54,2021-02-17 16:53:02,Mercer St & Spring St,5532,E 4 St & 2 Ave,5593,40.723627,-73.999496,40.726281,-73.98978,member
188312,253449205668E732,docked_bike,2021-02-24 16:01:59,2021-02-24 16:09:46,Mercer St & Spring St,5532,E 4 St & 2 Ave,5593,40.723627,-73.999496,40.726281,-73.98978,member
188313,A1EBE48ABAEB090E,docked_bike,2021-02-26 18:05:24,2021-02-26 18:11:10,Mercer St & Spring St,5532,E 4 St & 2 Ave,5593,40.723627,-73.999496,40.726281,-73.98978,member
188317,DE0B2C3B7A4E802B,docked_bike,2021-02-20 12:58:31,2021-02-20 13:08:35,Perry St & Greenwich Ave,5955,E 4 St & 2 Ave,5593,40.735918,-74.000939,40.7262807,-73.98978041,member
188324,E4C9F671706600FE,docked_bike,2021-02-06 16:29:00,2021-02-06 16:40:50,4 Ave & E 12 St,5788,E 4 St & 2 Ave,5593,40.732647,-73.99011,40.726281,-73.98978,member
188328,C855A8F763FFCA0A,docked_bike,2021-02-22 19:50:10,2021-02-22 19:54:38,4 Ave & E 12 St,5788,E 4 St & 2 Ave,5593,40.732647,-73.99011,40.7262807,-73.98978041,member
188330,74D253907D1316DD,docked_bike,2021-02-27 23:00:13,2021-02-27 23:05:35,4 Ave & E 12 St,5788,E 4 St & 2 Ave,5593,40.732647,-73.99011,40.7262807,-73.98978041,casual
188331,2BE3E4F5EAFBB057,docked_bike,2021-02-22 19:38:04,2021-02-23 20:37:59,Forsyth St & Canal St,5270,E 4 St & 2 Ave,5593,40.715815,-73.994223,40.7262807,-73.98978041,casual
188332,A21A2816BAF6F9B9,docked_bike,2021-02-07 22:49:14,2021-02-07 22:55:10,E 25 St & 2 Ave,6046,E 4 St & 2 Ave,5593,40.739126,-73.979738,40.726281,-73.98978,member
188333,179BBE5EC53DA5CA,docked_bike,2021-02-24 17:15:51,2021-02-24 17:20:48,4 Ave & E 12 St,5788,E 4 St & 2 Ave,5593,40.732647,-73.99011,40.7262807,-73.98978041,member
188343,C797663CBCC198C3,docked_bike,2021-02-28 12:07:40,2021-02-28 12:19:38,Greenwich Ave & 8 Ave,6072,E 4 St & 2 Ave,5593,40.739016,-74.002637,40.7262807,-73.98978041,casual
188368,DDF5F626D3102BB7,docked_bike,2021-02-13 13:53:19,2021-02-13 14:10:50,Allen St & Hester St,5342,E 4 St & 2 Ave,5593,40.716058,-73.991907,40.7262807,-73.98978041,member
188372,32ED9FB34A192821,docked_bike,2021-02-16 02:47:54,2021-02-16 03:07:30,Canal St & Rutgers St,5303,E 4 St & 2 Ave,5593,40.714274,-73.9899,40.7262807,-73.98978041,casual
188382,9889EB77045BDC00,docked_bike,2021-02-27 19:31:30,2021-02-27 19:37:06,E 2 St & Avenue B,5515,E 4 St & 2 Ave,5593,40.722174,-73.983688,40.726281,-73.98978,member
188386,FA154B068C29018D,docked_bike,2021-02-16 08:34:00,2021-02-16 08:42:16,E 16 St & Irving Pl,5938,E 4 St & 2 Ave,5593,40.735367,-73.987974,40.726281,-73.98978,member
188393,93087DEF233197DD,docked_bike,2021-02-11 16:34:38,2021-02-11 16:43:27,2 Ave & E 31 St,6197,E 4 St & 2 Ave,5593,40.742909,-73.97706,40.7262807,-73.98978041,member
188396,873645AA4C13EBE1,docked_bike,2021-02-10 12:18:32,2021-02-10 12:18:25,2 Ave & E 31 St,6197,E 4 St & 2 Ave,5593,40.742909,-73.97706,40.7262807,-73.98978041,member
188405,A1330201845A479C,docked_bike,2021-02-25 18:43:25,2021-02-25 18:53:51,E 30 St & Park Ave S,6206,E 4 St & 2 Ave,5593,40.744449,-73.983035,40.7262807,-73.98978041,member
188421,3A58B1480BAA6991,docked_bike,2021-02-07 19:12:35,2021-02-07 19:14:22,1 Ave & E 5 St,5626,E 4 St & 2 Ave,5593,40.725864,-73.986389,40.7262807,-73.98978041,member
188423,71F2BE6D0BDB6127,docked_bike,2021-02-03 21:41:23,2021-02-03 22:17:14,1 Ave & E 5 St,5626,E 4 St & 2 Ave,5593,40.725864,-73.986389,40.726281,-73.98978,member
188430,BD942EBF55E29299,docked_bike,2021-02-27 23:41:49,2021-02-28 00:02:25,9 Ave & W 22 St,6266,E 4 St & 2 Ave,5593,40.745497,-74.001971,40.7262807,-73.98978041,casual
188431,98826F41A4BD6B06,docked_bike,2021-02-05 13:34:31,2021-02-05 13:45:58,Christopher St & Greenwich St,5847,E 4 St & 2 Ave,5593,40.732916,-74.007114,40.726281,-73.98978,member
188432,B5C0AD9D8546D524,docked_bike,2021-02-06 11:18:51,2021-02-06 11:27:10,Christopher St & Greenwich St,5847,E 4 St & 2 Ave,5593,40.732915,-74.007113,40.7262807,-73.98978041,member
188434,B563EAF951E250EB,docked_bike,2021-02-28 20:31:19,2021-02-28 21:16:09,Christopher St & Greenwich St,5847,E 4 St & 2 Ave,5593,40.732915,-74.007113,40.7262807,-73.98978041,member
188439,29C7FC0DFE259111,docked_bike,2021-02-27 14:39:20,2021-02-27 15:01:12,St Marks Pl & 1 Ave,5626,E 4 St & 2 Ave,5593,40.727791,-73.985649,40.7262807,-73.98978041,casual
188444,CAD0168147873B48,docked_bike,2021-02-10 12:36:02,2021-02-10 13:13:27,6 Ave & Canal St,5500,E 4 St & 2 Ave,5593,40.722437,-74.005664,40.7262807,-73.98978041,member
188448,7673482ED3BB964D,docked_bike,2021-02-25 22:33:49,2021-02-25 22:39:23,Washington Pl & 6 Ave,5838,E 4 St & 2 Ave,5593,40.732241,-74.000263,40.7262807,-73.98978041,casual
188449,76CF4BB38C05FAFE,docked_bike,2021-02-13 16:01:08,2021-02-13 16:07:40,Washington Pl & 6 Ave,5838,E 4 St & 2 Ave,5593,40.732241,-74.000263,40.7262807,-73.98978041,casual
188452,493D6D275F9A000D,docked_bike,2021-02-12 18:51:53,2021-02-12 18:55:17,Washington Pl & Broadway,5755,E 4 St & 2 Ave,5593,40.729039,-73.994046,40.7262807,-73.98978041,member
188453,9AD68F413CDE8052,docked_bike,2021-02-12 20:01:47,2021-02-12 20:09:14,Washington Pl & 6 Ave,5838,E 4 St & 2 Ave,5593,40.732241,-74.000263,40.7262807,-73.98978041,member
188456,6EE61A4E6A286E6A,docked_bike,2021-02-19 13:03:04,2021-02-19 13:06:58,Washington Pl & Broadway,5755,E 4 St & 2 Ave,5593,40.729039,-73.994046,40.726281,-73.98978,member
188457,7113980659689B2D,docked_bike,2021-02-28 08:46:45,2021-02-28 08:57:51,Clinton St & Grand St,5303,E 4 St & 2 Ave,5593,40.715595,-73.98703,40.726281,-73.98978,member
188458,050BB5B8817D2FE1,docked_bike,2021-02-14 09:08:58,2021-02-14 09:19:35,Clinton St & Grand St,5303,E 4 St & 2 Ave,5593,40.715595,-73.98703,40.726281,-73.98978,member
188474,7FF624E23D5AC8D8,docked_bike,2021-02-26 14:36:24,2021-02-26 14:43:56,Broadway & E 22 St,6098,E 4 St & 2 Ave,5593,40.740343,-73.989551,40.726281,-73.98978,member
188477,CE7260F88F3B0FEB,docked_bike,2021-02-14 16:01:56,2021-02-14 16:11:54,E 20 St & Park Ave,6055,E 4 St & 2 Ave,5593,40.738274,-73.98752,40.726281,-73.98978,member
188480,A5EB0140EBBABD81,docked_bike,2021-02-26 09:22:54,2021-02-26 09:26:24,E 7 St & Avenue A,5626,E 4 St & 2 Ave,5593,40.726217,-73.983798,40.7262807,-73.98978041,member
188503,5CD5702A1BB4C206,docked_bike,2021-02-16 14:25:02,2021-02-16 14:31:05,Lafayette St & Jersey St,5561,E 4 St & 2 Ave,5593,40.724561,-73.995653,40.726281,-73.98978,member
188505,574F403EA57EAB93,docked_bike,2021-02-13 22:30:33,2021-02-13 22:33:40,Stanton St & Chrystie St,5523,E 4 St & 2 Ave,5593,40.722293,-73.991475,40.7262807,-73.98978041,member
188537,7484E7A18138ED1D,docked_bike,2021-02-06 22:32:55,2021-02-06 22:38:35,1 Ave & E 18 St,5854,E 4 St & 2 Ave,5593,40.733812,-73.980544,40.7262807,-73.98978041,member
188546,6750DA5690D8991D,docked_bike,2021-02-21 11:53:36,2021-02-21 11:57:11,E 2 St & Avenue A,5553,E 4 St & 2 Ave,5593,40.723077,-73.985836,40.7262807,-73.98978041,member
188559,7D2DA263A372B797,docked_bike,2021-02-23 18:53:40,2021-02-23 18:56:37,Stanton St & Norfolk St,5445,E 4 St & 2 Ave,5593,40.720747,-73.986274,40.7262807,-73.98978041,member
188561,135EA20638F3BC45,docked_bike,2021-02-15 00:32:50,2021-02-15 00:38:40,MacDougal St & Washington Sq,5797,E 4 St & 2 Ave,5593,40.732263,-73.998522,40.7262807,-73.98978041,member
188578,B98FA48D6370A61E,docked_bike,2021-02-12 04:11:14,2021-02-12 04:50:00,76 St & 21 Ave,7032,E 4 St & 2 Ave,5593,40.77028,-73.893675,40.7262807,-73.98978041,casual
188580,C8F37C55AD76E984,docked_bike,2021-02-05 19:22:24,2021-02-05 19:40:11,Montrose Ave & Bushwick Ave,5068,E 4 St & 2 Ave,5593,40.707677,-73.940161,40.7262807,-73.98978041,member
188587,60706C36CA789945,docked_bike,2021-02-06 17:08:10,2021-02-06 17:21:07,E 47 St & 2 Ave,6498,E 4 St & 2 Ave,5593,40.75323,-73.970325,40.7262807,-73.98978041,casual
188589,3B0325D82AE0545D,docked_bike,2021-02-14 04:20:26,2021-02-14 05:02:41,76 St & 21 Ave,7032,E 4 St & 2 Ave,5593,40.77028,-73.893675,40.7262807,-73.98978041,casual
188590,0AF48D65A6059092,docked_bike,2021-02-24 19:23:06,2021-02-24 19:36:59,E 47 St & 2 Ave,6498,E 4 St & 2 Ave,5593,40.75323,-73.970325,40.7262807,-73.98978041,casual
188595,BDC2674A7AAEBE0F,docked_bike,2021-02-05 18:54:15,2021-02-05 19:07:38,E 47 St & 2 Ave,6498,E 4 St & 2 Ave,5593,40.753231,-73.970325,40.726281,-73.98978,member
188600,160E816D6175825A,docked_bike,2021-02-13 04:16:02,2021-02-13 04:59:27,76 St & 21 Ave,7032,E 4 St & 2 Ave,5593,40.77028,-73.893675,40.7262807,-73.98978041,casual
188606,12162E7B2CD686F5,docked_bike,2021-02-23 19:31:31,2021-02-23 19:40:29,5 Ave & E 29 St,6248,E 4 St & 2 Ave,5593,40.745167,-73.98683,40.7262807,-73.98978041,member
188612,62436DDEBF60D3EC,docked_bike,2021-02-03 17:40:32,2021-02-03 18:03:54,E 47 St & 2 Ave,6498,E 4 St & 2 Ave,5593,40.753231,-73.970325,40.726281,-73.98978,member
188619,823E626B3B3DC7E1,docked_bike,2021-02-15 04:17:11,2021-02-15 04:59:37,76 St & 21 Ave,7032,E 4 St & 2 Ave,5593,40.77028,-73.893675,40.7262807,-73.98978041,casual
188632,530D2AB137F8C00F,docked_bike,2021-02-19 04:19:15,2021-02-19 05:03:41,76 St & 21 Ave,7032,E 4 St & 2 Ave,5593,40.77028,-73.893675,40.7262807,-73.98978041,casual
188634,F50B60F39887EC9D,docked_bike,2021-02-06 12:20:36,2021-02-06 12:55:06,3 Ave & 14 St,3850,E 4 St & 2 Ave,5593,40.668545,-73.993332,40.7262807,-73.98978041,casual
188635,F5F054834982BA00,docked_bike,2021-02-10 15:15:29,2021-02-10 15:28:20,E 47 St & 2 Ave,6498,E 4 St & 2 Ave,5593,40.75323,-73.970325,40.7262807,-73.98978041,member
188647,391E9F5D9DB21159,docked_bike,2021-02-27 17:11:35,2021-02-27 17:25:02,W 21 St & 6 Ave,6140,E 4 St & 2 Ave,5593,40.741739,-73.994155,40.7262807,-73.98978041,casual
188649,EBBA5FA609E4E317,docked_bike,2021-02-26 18:04:36,2021-02-26 18:32:35,2 Ave & E 29 St,6122,E 4 St & 2 Ave,5593,40.741723,-73.978092,40.7262807,-73.98978041,casual
188651,4BFE78A8DFB5A557,docked_bike,2021-02-05 18:00:56,2021-02-05 18:07:02,E 6 St & Avenue D,5506,E 4 St & 2 Ave,5593,40.72228,-73.976687,40.7262807,-73.98978041,member
188652,5DAE8EC5E8DC74B6,docked_bike,2021-02-22 17:59:49,2021-02-22 18:05:33,E 6 St & Avenue D,5506,E 4 St & 2 Ave,5593,40.72228,-73.976687,40.7262807,-73.98978041,member
188653,0258E47DA8786867,docked_bike,2021-02-08 18:17:31,2021-02-08 18:22:39,E 6 St & Avenue D,5506,E 4 St & 2 Ave,5593,40.72228,-73.976687,40.7262807,-73.98978041,member
188654,6534FA723E2B2534,docked_bike,2021-02-12 17:51:01,2021-02-12 17:56:48,E 6 St & Avenue D,5506,E 4 St & 2 Ave,5593,40.72228,-73.976687,40.7262807,-73.98978041,member
188655,D2BCF1ED5609F65C,docked_bike,2021-02-26 17:19:03,2021-02-26 17:27:02,E 6 St & Avenue D,5506,E 4 St & 2 Ave,5593,40.72228,-73.976687,40.7262807,-73.98978041,member
188656,2C5387AEAC1B707C,docked_bike,2021-02-16 18:15:19,2021-02-16 18:22:11,E 6 St & Avenue D,5506,E 4 St & 2 Ave,5593,40.72228,-73.976687,40.7262807,-73.98978041,member
188657,A1A9202EEE70D31D,docked_bike,2021-02-25 18:14:54,2021-02-25 18:20:44,E 6 St & Avenue D,5506,E 4 St & 2 Ave,5593,40.72228,-73.976687,40.7262807,-73.98978041,member
188658,0A90E8107E5ED0E8,docked_bike,2021-02-03 17:35:38,2021-02-03 17:42:21,E 6 St & Avenue D,5506,E 4 St & 2 Ave,5593,40.72228,-73.976687,40.7262807,-73.98978041,member
188659,ADC4553C41A20D7D,docked_bike,2021-02-18 18:30:07,2021-02-18 18:35:34,E 6 St & Avenue D,5506,E 4 St & 2 Ave,5593,40.72228,-73.976687,40.7262807,-73.98978041,member
188660,CDB903525BF46110,docked_bike,2021-02-19 18:25:05,2021-02-19 18:31:53,E 6 St & Avenue D,5506,E 4 St & 2 Ave,5593,40.72228,-73.976687,40.7262807,-73.98978041,member
188661,CE022A56ADFA03B4,docked_bike,2021-02-09 17:59:29,2021-02-09 18:05:38,E 6 St & Avenue D,5506,E 4 St & 2 Ave,5593,40.72228,-73.976687,40.7262807,-73.98978041,member
188671,F0106E423867BA5E,docked_bike,2021-02-23 12:37:45,2021-02-23 13:01:04,Broadway & W 56 St,6847,E 4 St & 2 Ave,5593,40.765265,-73.981923,40.726281,-73.98978,member
188710,82E314EFA9F92819,docked_bike,2021-02-21 19:46:29,2021-02-21 19:56:30,Bank St & Hudson St,5922,E 4 St & 2 Ave,5593,40.736528,-74.00618,40.7262807,-73.98978041,member
188712,3D4B1B05077347C9,docked_bike,2021-02-27 14:25:47,2021-02-27 14:42:53,LaGuardia Pl & W 3 St,5721,E 4 St & 2 Ave,5593,40.72917,-73.998102,40.7262807,-73.98978041,member
188713,BFEB4A13F4E6C90F,docked_bike,2021-02-26 08:48:11,2021-02-26 08:52:44,LaGuardia Pl & W 3 St,5721,E 4 St & 2 Ave,5593,40.72917,-73.998102,40.7262807,-73.98978041,member
188722,6D1C83168C3CA9C6,docked_bike,2021-02-19 20:28:31,2021-02-19 20:34:16,LaGuardia Pl & W 3 St,5721,E 4 St & 2 Ave,5593,40.72917,-73.998102,40.7262807,-73.98978041,member
188732,C2C3DB5760DF8248,docked_bike,2021-02-10 16:30:25,2021-02-10 16:35:10,E 2 St & Avenue C,5476,E 4 St & 2 Ave,5593,40.720874,-73.980858,40.726281,-73.98978,member
188742,171547BD1C0CF7F2,docked_bike,2021-02-24 19:19:37,2021-02-24 19:35:15,W 20 St & 8 Ave,6224,E 4 St & 2 Ave,5593,40.743453,-74.00004,40.7262807,-73.98978041,member
188751,A723257A3CFF36ED,docked_bike,2021-02-20 19:13:35,2021-02-20 19:21:53,Greenwich Ave & Charles St,5914,E 4 St & 2 Ave,5593,40.735238,-74.000271,40.7262807,-73.98978041,member
188753,E65719CF7B7B284E,docked_bike,2021-02-10 16:43:26,2021-02-10 16:53:49,Greenwich Ave & Charles St,5914,E 4 St & 2 Ave,5593,40.735238,-74.000271,40.726281,-73.98978,member
188754,A4BDAF6612F36A6D,docked_bike,2021-02-04 20:57:37,2021-02-04 21:10:45,Greenwich Ave & Charles St,5914,E 4 St & 2 Ave,5593,40.735238,-74.000271,40.726281,-73.98978,member
188759,B64D3EA32FFB18C9,docked_bike,2021-02-14 13:31:45,2021-02-14 14:21:56,Greenwich Ave & Charles St,5914,E 4 St & 2 Ave,5593,40.735238,-74.000271,40.7262807,-73.98978041,member
188760,7A1BDD7F2E3FF8CB,docked_bike,2021-02-26 11:31:10,2021-02-26 11:40:26,Greenwich Ave & Charles St,5914,E 4 St & 2 Ave,5593,40.735238,-74.000271,40.7262807,-73.98978041,member
188765,7FED914F28C17D48,docked_bike,2021-02-07 17:38:49,2021-02-07 17:44:49,Greenwich Ave & Charles St,5914,E 4 St & 2 Ave,5593,40.735238,-74.000271,40.726281,-73.98978,member
188769,AABF29831042175D,docked_bike,2021-02-22 12:52:23,2021-02-22 13:02:18,Greenwich Ave & Charles St,5914,E 4 St & 2 Ave,5593,40.735238,-74.000271,40.7262807,-73.98978041,member
188772,2A1A3C086620F770,docked_bike,2021-02-23 20:11:22,2021-02-23 20:19:08,Greenwich Ave & Charles St,5914,E 4 St & 2 Ave,5593,40.735238,-74.000271,40.7262807,-73.98978041,member
188778,2DD6B442E5167D98,docked_bike,2021-02-15 20:01:12,2021-02-15 20:11:50,1 Ave & E 39 St,6303,E 4 St & 2 Ave,5593,40.74714,-73.97113,40.726281,-73.98978,member
188780,BA43805A537B37D9,docked_bike,2021-02-17 19:06:46,2021-02-17 19:12:59,Avenue D & E 8 St,5575,E 4 St & 2 Ave,5593,40.72387,-73.975767,40.726281,-73.98978,member
188781,2E2B104D03D587E2,docked_bike,2021-02-26 20:20:23,2021-02-26 20:34:34,1 Ave & E 39 St,6303,E 4 St & 2 Ave,5593,40.74714,-73.97113,40.7262807,-73.98978041,casual
188788,8F7D22DA3179F462,docked_bike,2021-02-12 11:29:50,2021-02-12 11:45:05,1 Ave & E 39 St,6303,E 4 St & 2 Ave,5593,40.74714,-73.97113,40.7262807,-73.98978041,member
188792,B819FB6D4C8B4FBA,docked_bike,2021-02-06 12:03:51,2021-02-06 12:34:51,1 Ave & E 39 St,6303,E 4 St & 2 Ave,5593,40.74714,-73.97113,40.7262807,-73.98978041,member
188800,661A0B41D0296EF2,docked_bike,2021-02-06 12:07:04,2021-02-06 12:34:31,1 Ave & E 39 St,6303,E 4 St & 2 Ave,5593,40.74714,-73.97113,40.726281,-73.98978,casual
188802,7C3D0059AEAC8BB2,docked_bike,2021-02-23 14:14:23,2021-02-23 14:25:26,1 Ave & E 39 St,6303,E 4 St & 2 Ave,5593,40.74714,-73.97113,40.7262807,-73.98978041,member
188810,9376FAC19BD070E0,docked_bike,2021-02-12 13:38:42,2021-02-12 13:53:29,1 Ave & E 39 St,6303,E 4 St & 2 Ave,5593,40.74714,-73.97113,40.7262807,-73.98978041,member
188812,300DAF8A0778A284,docked_bike,2021-02-10 15:45:31,2021-02-10 15:50:36,E 12 St & 3 Ave,5788,E 4 St & 2 Ave,5593,40.732233,-73.9889,40.726281,-73.98978,member
188813,CF308F3BDB37AF3B,docked_bike,2021-02-06 11:42:12,2021-02-06 11:51:48,W 13 St & 5 Ave,5947,E 4 St & 2 Ave,5593,40.735445,-73.99431,40.726281,-73.98978,member
188815,BCC25B4422DC5524,docked_bike,2021-02-18 19:42:54,2021-02-18 19:50:44,W 13 St & 5 Ave,5947,E 4 St & 2 Ave,5593,40.735445,-73.99431,40.7262807,-73.98978041,member
188817,94E12309B7818032,docked_bike,2021-02-26 13:53:04,2021-02-26 14:06:38,W 13 St & 5 Ave,5947,E 4 St & 2 Ave,5593,40.735445,-73.99431,40.7262807,-73.98978041,member
188820,B5DFA899BBDDABF0,docked_bike,2021-02-07 11:09:27,2021-02-07 11:15:41,W 13 St & 5 Ave,5947,E 4 St & 2 Ave,5593,40.735445,-73.99431,40.7262807,-73.98978041,member
188831,17D9A38162E1228E,docked_bike,2021-02-23 16:22:25,2021-02-23 16:29:36,W 13 St & 7 Ave,6030,E 4 St & 2 Ave,5593,40.737815,-73.999946,40.7262807,-73.98978041,member
188841,7089E9BE0C0CF0A6,docked_bike,2021-02-26 09:08:11,2021-02-26 09:14:30,W 13 St & 5 Ave,5947,E 4 St & 2 Ave,5593,40.735445,-73.99431,40.7262807,-73.98978041,member
188853,0CB4842A4B8333F3,docked_bike,2021-02-10 12:30:42,2021-02-10 12:39:15,W 13 St & 5 Ave,5947,E 4 St & 2 Ave,5593,40.735445,-73.99431,40.726281,-73.98978,member
188854,8F85EE9AF8873F96,docked_bike,2021-02-09 16:16:51,2021-02-09 16:23:46,W 13 St & 5 Ave,5947,E 4 St & 2 Ave,5593,40.735445,-73.99431,40.726281,-73.98978,member
188856,9D55464C8C9384C7,docked_bike,2021-02-12 19:57:37,2021-02-12 20:05:35,W 13 St & 5 Ave,5947,E 4 St & 2 Ave,5593,40.735445,-73.99431,40.726281,-73.98978,casual
188867,EA1F87A4FDE1A58D,docked_bike,2021-02-10 13:24:55,2021-02-10 13:30:55,E 12 St & 3 Ave,5788,E 4 St & 2 Ave,5593,40.732232,-73.988899,40.7262807,-73.98978041,member
188882,6C96A1F54A78D167,docked_bike,2021-02-09 10:40:19,2021-02-09 10:43:29,E 12 St & 3 Ave,5788,E 4 St & 2 Ave,5593,40.732233,-73.9889,40.726281,-73.98978,member
188887,C7580C88FDD1070D,docked_bike,2021-02-05 16:58:55,2021-02-05 17:06:23,W 13 St & 5 Ave,5947,E 4 St & 2 Ave,5593,40.735445,-73.99431,40.7262807,-73.98978041,member
188888,D2183C06AB7CC34A,docked_bike,2021-02-23 17:11:17,2021-02-23 17:18:01,W 13 St & 5 Ave,5947,E 4 St & 2 Ave,5593,40.735445,-73.99431,40.7262807,-73.98978041,member
188895,339029B8D9579511,docked_bike,2021-02-14 13:21:24,2021-02-14 13:26:26,E 12 St & 3 Ave,5788,E 4 St & 2 Ave,5593,40.732233,-73.9889,40.726281,-73.98978,member
188897,8EC40C03D153EDD8,docked_bike,2021-02-06 19:22:16,2021-02-06 19:27:42,E 12 St & 3 Ave,5788,E 4 St & 2 Ave,5593,40.732232,-73.988899,40.7262807,-73.98978041,member
188898,0F060E73BDF7FDBD,docked_bike,2021-02-05 19:00:52,2021-02-05 19:06:48,E 12 St & 3 Ave,5788,E 4 St & 2 Ave,5593,40.732233,-73.9889,40.726281,-73.98978,member
188903,199F60163B00284E,docked_bike,2021-02-22 10:36:41,2021-02-22 10:41:21,E 12 St & 3 Ave,5788,E 4 St & 2 Ave,5593,40.732232,-73.988899,40.7262807,-73.98978041,member
188904,A6C482E6E1DA5209,docked_bike,2021-02-26 19:56:35,2021-02-26 20:00:26,E 12 St & 3 Ave,5788,E 4 St & 2 Ave,5593,40.732232,-73.988899,40.7262807,-73.98978041,member
188905,83B46ADFA9744AD2,docked_bike,2021-02-22 17:32:44,2021-02-22 17:39:15,W 13 St & 5 Ave,5947,E 4 St & 2 Ave,5593,40.735445,-73.99431,40.7262807,-73.98978041,member
188906,825970BBEED47266,docked_bike,2021-02-25 17:47:48,2021-02-25 17:52:52,W 13 St & 5 Ave,5947,E 4 St & 2 Ave,5593,40.735445,-73.99431,40.7262807,-73.98978041,member
188915,EECC39A541209F02,docked_bike,2021-02-09 17:05:13,2021-02-09 17:15:42,1 Ave & E 39 St,6303,E 4 St & 2 Ave,5593,40.74714,-73.97113,40.7262807,-73.98978041,member
188917,CFFAE3272F5E9019,docked_bike,2021-02-25 11:37:59,2021-02-25 11:44:21,Avenue D & E 8 St,5575,E 4 St & 2 Ave,5593,40.72387,-73.975767,40.7262807,-73.98978041,member
188921,DA1A604EE9760E09,docked_bike,2021-02-05 14:01:40,2021-02-05 14:10:39,W 13 St & 5 Ave,5947,E 4 St & 2 Ave,5593,40.735445,-73.99431,40.7262807,-73.98978041,casual
188929,76EC177699E78976,docked_bike,2021-02-26 17:44:40,2021-02-26 17:51:02,W 13 St & 5 Ave,5947,E 4 St & 2 Ave,5593,40.735445,-73.99431,40.726281,-73.98978,member
188933,103F4D5D5E00BBB5,docked_bike,2021-02-04 12:27:41,2021-02-04 12:43:29,W 13 St & 5 Ave,5947,E 4 St & 2 Ave,5593,40.735445,-73.99431,40.726281,-73.98978,member
188934,9C32B0C84A2EEB41,docked_bike,2021-02-08 11:40:09,2021-02-08 11:49:38,W 13 St & 5 Ave,5947,E 4 St & 2 Ave,5593,40.735445,-73.99431,40.726281,-73.98978,member
188935,8B12508D6F2C2456,docked_bike,2021-02-24 16:36:57,2021-02-24 16:42:28,E 12 St & 3 Ave,5788,E 4 St & 2 Ave,5593,40.732232,-73.988899,40.7262807,-73.98978041,member
188938,46BA4EC0E9BE654C,docked_bike,2021-02-20 13:30:54,2021-02-20 13:38:05,W 13 St & 5 Ave,5947,E 4 St & 2 Ave,5593,40.735445,-73.99431,40.7262807,-73.98978041,member
188940,00828F2A9A3C5F42,docked_bike,2021-02-17 18:37:47,2021-02-17 18:44:38,W 13 St & 5 Ave,5947,E 4 St & 2 Ave,5593,40.735445,-73.99431,40.7262807,-73.98978041,member
188941,614FA8B34647C4BB,docked_bike,2021-02-11 17:43:39,2021-02-11 17:51:06,W 13 St & 5 Ave,5947,E 4 St & 2 Ave,5593,40.735445,-73.99431,40.7262807,-73.98978041,member
188942,7EEDC7D3C0385812,docked_bike,2021-02-17 12:23:47,2021-02-17 12:29:14,E 12 St & 3 Ave,5788,E 4 St & 2 Ave,5593,40.732232,-73.988899,40.7262807,-73.98978041,member
188943,CC3418C07D7216D3,docked_bike,2021-02-25 08:42:05,2021-02-25 08:49:37,Great Jones St,5636,E 4 St & 2 Ave,5593,40.727434,-73.99379,40.7262807,-73.98978041,member
188945,14EC3934DAF88578,docked_bike,2021-02-21 15:58:29,2021-02-21 16:15:00,W 51 St & 6 Ave,6740,E 4 St & 2 Ave,5593,40.760659,-73.98042,40.7262807,-73.98978041,casual
188946,84D4389A8B9255F7,docked_bike,2021-02-07 17:53:28,2021-02-07 18:07:50,Front St & Maiden Ln,5024,E 4 St & 2 Ave,5593,40.705309,-74.006125,40.7262807,-73.98978041,member
188952,5C770160AABCFB3E,docked_bike,2021-02-11 08:18:22,2021-02-11 08:32:20,Madison St & Montgomery St,5262,E 4 St & 2 Ave,5593,40.713126,-73.984844,40.7262807,-73.98978041,member
188953,796D1682C3DB203F,docked_bike,2021-02-09 08:12:34,2021-02-09 08:23:24,Madison St & Montgomery St,5262,E 4 St & 2 Ave,5593,40.713126,-73.984844,40.7262807,-73.98978041,member
188954,A85C09707CE7926F,docked_bike,2021-02-15 09:10:20,2021-02-15 09:22:23,Madison St & Montgomery St,5262,E 4 St & 2 Ave,5593,40.713126,-73.984844,40.7262807,-73.98978041,member
188955,B084196D377769F2,docked_bike,2021-02-06 08:23:03,2021-02-06 08:34:15,Madison St & Montgomery St,5262,E 4 St & 2 Ave,5593,40.713126,-73.984844,40.7262807,-73.98978041,member
188957,903E343E53F4E4CF,docked_bike,2021-02-28 12:13:00,2021-02-28 12:14:55,Great Jones St,5636,E 4 St & 2 Ave,5593,40.727434,-73.99379,40.7262807,-73.98978041,casual
188964,4C6C41E68538E1EB,docked_bike,2021-02-17 11:42:13,2021-02-17 11:50:26,W 13 St & 5 Ave,5947,E 4 St & 2 Ave,5593,40.735445,-73.99431,40.7262807,-73.98978041,member
188969,7A1B745638FE502B,docked_bike,2021-02-05 09:18:52,2021-02-05 09:19:18,W 51 St & 6 Ave,6740,E 4 St & 2 Ave,5593,40.760659,-73.98042,40.7262807,-73.98978041,member
188971,40DC908D27039472,docked_bike,2021-02-14 08:59:32,2021-02-14 09:02:08,Great Jones St,5636,E 4 St & 2 Ave,5593,40.727434,-73.99379,40.7262807,-73.98978041,member
188972,21AABB82309FAB42,docked_bike,2021-02-05 15:40:52,2021-02-05 15:43:26,Great Jones St,5636,E 4 St & 2 Ave,5593,40.727434,-73.99379,40.726281,-73.98978,casual
188974,EBF4EF6EDA698C8C,docked_bike,2021-02-08 08:34:42,2021-02-08 08:46:01,Madison St & Montgomery St,5262,E 4 St & 2 Ave,5593,40.713126,-73.984844,40.7262807,-73.98978041,member
188980,6B918DF0F41AA563,docked_bike,2021-02-10 09:00:32,2021-02-10 09:02:58,Great Jones St,5636,E 4 St & 2 Ave,5593,40.727434,-73.99379,40.726281,-73.98978,casual
188984,25A2F6448B417C7C,docked_bike,2021-02-06 12:46:44,2021-02-06 13:23:37,11 Ave & W 59 St,7059,E 4 St & 2 Ave,5593,40.771496,-73.99046,40.7262807,-73.98978041,member
188985,A5D3041BD8D4DA14,docked_bike,2021-02-04 09:09:42,2021-02-04 09:23:21,Madison St & Montgomery St,5262,E 4 St & 2 Ave,5593,40.713126,-73.984844,40.726281,-73.98978,member
188989,137B4882EC6C6BA8,docked_bike,2021-02-15 08:28:00,2021-02-15 08:29:57,Great Jones St,5636,E 4 St & 2 Ave,5593,40.727434,-73.99379,40.7262807,-73.98978041,member
189002,333D854DF721AD91,docked_bike,2021-02-20 08:42:34,2021-02-20 08:55:48,Madison St & Montgomery St,5262,E 4 St & 2 Ave,5593,40.713126,-73.984844,40.7262807,-73.98978041,member
189003,857760BB42942DC8,docked_bike,2021-02-19 09:10:55,2021-02-19 09:21:27,Madison St & Montgomery St,5262,E 4 St & 2 Ave,5593,40.713126,-73.984844,40.7262807,-73.98978041,member
189004,0D35161D78EE6D07,docked_bike,2021-02-16 08:32:26,2021-02-16 08:42:54,Madison St & Montgomery St,5262,E 4 St & 2 Ave,5593,40.713126,-73.984844,40.7262807,-73.98978041,member
189033,4CC4358A36E4A02F,docked_bike,2021-02-09 18:11:35,2021-02-09 18:14:58,Great Jones St,5636,E 4 St & 2 Ave,5593,40.727434,-73.99379,40.7262807,-73.98978041,member
189034,753DC84F784D3023,docked_bike,2021-02-22 09:49:57,2021-02-22 09:52:20,Great Jones St,5636,E 4 St & 2 Ave,5593,40.727434,-73.99379,40.7262807,-73.98978041,member
189077,6853F7360C8B5D4A,docked_bike,2021-02-05 23:15:17,2021-02-05 23:25:16,1 Ave & E 39 St,6303,E 4 St & 2 Ave,5593,40.74714,-73.97113,40.726281,-73.98978,member
189258,1FDDCDD5D5A3DA52,docked_bike,2021-02-25 21:03:54,2021-02-25 21:06:13,Great Jones St,5636,E 4 St & 2 Ave,5593,40.727434,-73.99379,40.7262807,-73.98978041,member
189259,02D35D516516F6A7,docked_bike,2021-02-20 13:56:50,2021-02-20 14:12:29,Front St & Maiden Ln,5024,E 4 St & 2 Ave,5593,40.705309,-74.006125,40.7262807,-73.98978041,member
189806,3058DF8B224A13E0,docked_bike,2021-02-25 09:29:59,2021-02-25 09:44:29,E 1 St & 1 Ave,5593,Broadway & W 29 St,6289,40.723355,-73.988649,40.7462009,-73.98855723,member
193636,CB38EBC128F6DB12,docked_bike,2021-02-20 13:02:35,2021-02-20 13:39:08,E 2 St & 2 Ave,5593,Howard St & Centre St,5422,40.725029,-73.990697,40.719105,-73.999733,member
193642,24E4C77BC54C4335,docked_bike,2021-02-25 09:29:08,2021-02-25 09:43:23,E 2 St & 2 Ave,5593,South St & Gouverneur Ln,4953,40.725028,-73.990696,40.70355377,-74.00670227,casual
193643,CC69C9E3524A7BE5,docked_bike,2021-02-25 19:13:02,2021-02-25 19:21:31,E 2 St & 2 Ave,5593,Howard St & Centre St,5422,40.725028,-73.990696,40.71910537,-73.99973337,member
193657,1C13DBDB53091D1A,docked_bike,2021-02-26 17:51:50,2021-02-26 18:01:51,E 2 St & 2 Ave,5593,Howard St & Centre St,5422,40.725028,-73.990696,40.71910537,-73.99973337,casual
193660,6AB3F6B08A53FF3C,docked_bike,2021-02-16 20:20:23,2021-02-16 20:40:14,E 2 St & 2 Ave,5593,South St & Gouverneur Ln,4953,40.725029,-73.990697,40.703554,-74.006702,member
193662,B3AAFC08B2FA7F7E,docked_bike,2021-02-21 19:13:29,2021-02-21 19:23:31,E 2 St & 2 Ave,5593,Perry St & Bleecker St,5922,40.725028,-73.990696,40.73535398,-74.00483091,member
193671,49E0C368631C6C59,docked_bike,2021-02-13 01:00:55,2021-02-13 01:11:46,E 2 St & 2 Ave,5593,Perry St & Bleecker St,5922,40.725028,-73.990696,40.73535398,-74.00483091,member
193852,58E18604C9C6A906,docked_bike,2021-02-17 18:41:31,2021-02-17 18:54:48,E 2 St & 2 Ave,5593,1 Ave & E 44 St,6379,40.725028,-73.990696,40.75001986,-73.96905301,member
193944,9BAC97DEB17E1C07,docked_bike,2021-02-20 08:48:39,2021-02-20 08:55:11,E 2 St & 2 Ave,5593,Howard St & Centre St,5422,40.725028,-73.990696,40.71910537,-73.99973337,member
193946,1CAD1FBBDB297FDB,docked_bike,2021-02-20 01:21:16,2021-02-20 01:30:16,E 2 St & 2 Ave,5593,Perry St & Bleecker St,5922,40.725028,-73.990696,40.73535398,-74.00483091,member
194970,11FACD6117D667FC,docked_bike,2021-02-27 17:09:38,2021-02-27 17:14:48,E 1 St & 1 Ave,5593,Howard St & Centre St,5422,40.723355,-73.988649,40.71910537,-73.99973337,member
198723,D65C0A2E454776EF,docked_bike,2021-02-26 13:12:39,2021-02-26 13:45:51,E 1 St & 1 Ave,5593,E 58 St & Madison Ave,6839,40.723355,-73.988649,40.76302594280519,-73.97209525108337,member
198729,46302D24088C5F5F,docked_bike,2021-02-26 13:15:32,2021-02-26 13:45:56,E 1 St & 1 Ave,5593,E 58 St & Madison Ave,6839,40.723356,-73.98865,40.763026,-73.972095,casual
199375,6373C02ABB924270,docked_bike,2021-02-19 14:55:07,2021-02-19 15:04:17,E 2 St & 2 Ave,5593,E 12 St & Ave C,5616,40.725028,-73.990696,40.727243,-73.976831,casual
199546,6B35B5632028E790,docked_bike,2021-02-27 23:37:33,2021-02-27 23:44:16,E 2 St & 2 Ave,5593,E 12 St & Ave C,5616,40.725028,-73.990696,40.727243,-73.976831,casual
201224,1BFC957F77324C54,docked_bike,2021-02-11 11:37:57,2021-02-11 11:58:18,E 2 St & 2 Ave,5593,E 48 St & 5 Ave,6626,40.725028,-73.990696,40.75724567911726,-73.97805914282799,member
202470,423F6FE9DDF8B466,docked_bike,2021-02-23 15:27:01,2021-02-23 16:05:05,E 1 St & 1 Ave,5593,Park Ave & E 124 St,7682,40.723356,-73.98865,40.804556,-73.939686,member
205127,B55301B442872761,docked_bike,2021-02-18 01:46:43,2021-02-18 02:02:42,E 2 St & 2 Ave,5593,W 47 St & 10 Ave,6824,40.725029,-73.990697,40.762699,-73.993012,member
206507,50BEE2D5B7DB3809,docked_bike,2021-02-28 07:26:58,2021-02-28 07:35:54,E 1 St & 1 Ave,5593,W 11 St & 6 Ave,5914,40.723355,-73.988649,40.73532427,-73.99800419,member
206548,6667CFE3DF89FE13,docked_bike,2021-02-22 17:16:36,2021-02-22 17:27:07,E 1 St & 1 Ave,5593,W 11 St & 6 Ave,5914,40.723355,-73.988649,40.73532427,-73.99800419,member
206554,5BA3D7662150DD92,docked_bike,2021-02-28 10:12:47,2021-02-28 10:21:10,E 1 St & 1 Ave,5593,W 11 St & 6 Ave,5914,40.723355,-73.988649,40.73532427,-73.99800419,casual
206715,D3EF49FF89C9F4CD,docked_bike,2021-02-24 20:47:49,2021-02-24 21:19:02,E 1 St & 1 Ave,5593,West End Ave & W 78 St,7340,40.723355,-73.988649,40.783786,-73.981687,casual
208545,484DA3C85A080EE7,docked_bike,2021-02-17 09:48:44,2021-02-17 09:57:33,E 2 St & 2 Ave,5593,W 11 St & 6 Ave,5914,40.725029,-73.990697,40.735324,-73.998004,member
210980,F03B9B53823A4A02,docked_bike,2021-02-21 16:59:46,2021-02-21 17:22:50,10 Ave & W 28 St,6459,E 1 St & 1 Ave,5593,40.750663,-74.001768,40.72335597960796,-73.98864984512329,casual
210986,E502550CA8D478D5,docked_bike,2021-02-25 21:34:39,2021-02-25 21:55:32,10 Ave & W 28 St,6459,E 1 St & 1 Ave,5593,40.750663,-74.001768,40.72335597960796,-73.98864984512329,member
211010,D4B2AD3EFC9256A3,docked_bike,2021-02-27 20:19:20,2021-02-27 20:24:36,E 13 St & Avenue A,5779,E 1 St & 1 Ave,5593,40.729667,-73.980679,40.72335597960796,-73.98864984512329,member
211082,62E08B4B568213B9,docked_bike,2021-02-22 15:18:18,2021-02-22 15:27:03,Henry St & Grand St,5294,E 1 St & 1 Ave,5593,40.714211,-73.981095,40.723356,-73.98865,member
211088,D29193606FA6A6BD,docked_bike,2021-02-17 17:00:13,2021-02-17 17:04:55,Pitt St & Stanton St,5406,E 1 St & 1 Ave,5593,40.71926,-73.98178,40.72335597960796,-73.98864984512329,member
211096,106C087C45AF66E8,docked_bike,2021-02-26 07:03:05,2021-02-26 07:04:51,1 Ave & E 5 St,5626,E 1 St & 1 Ave,5593,40.725864,-73.986389,40.723356,-73.98865,member
211157,71A244604D980102,docked_bike,2021-02-24 14:01:21,2021-02-24 14:10:10,Cliff St & Fulton St,5065,E 1 St & 1 Ave,5593,40.70838,-74.00495,40.72335597960796,-73.98864984512329,member
211170,41F6BF980F155C45,docked_bike,2021-02-24 11:43:30,2021-02-24 12:01:52,E 1 St & 1 Ave,5593,Jay St & York St,4895,40.723355,-73.988649,40.70140317257725,-73.98672670125961,member
211178,D4E987C80E902432,docked_bike,2021-02-21 10:17:44,2021-02-21 10:20:41,Allen St & Hester St,5342,E 1 St & 1 Ave,5593,40.716058,-73.991907,40.72335597960796,-73.98864984512329,member
211217,3737328C7027AF78,docked_bike,2021-02-23 16:56:27,2021-02-23 17:10:38,S 4 St & Wythe Ave,5204,E 1 St & 1 Ave,5593,40.712859,-73.965903,40.723356,-73.98865,member
211265,9DD1E5332E775CE7,docked_bike,2021-02-25 08:41:26,2021-02-25 08:47:16,Forsyth St & Canal St,5270,E 1 St & 1 Ave,5593,40.715815,-73.994223,40.72335597960796,-73.98864984512329,member
211307,865EC54EF5750C54,docked_bike,2021-02-25 19:26:22,2021-02-25 19:45:13,W 34 St & 11 Ave,6578,E 1 St & 1 Ave,5593,40.755941,-74.002116,40.72335597960796,-73.98864984512329,member
211330,28F939876B26D9BA,docked_bike,2021-02-24 18:48:47,2021-02-24 19:05:20,5 Ave & E 29 St,6248,E 1 St & 1 Ave,5593,40.745168,-73.986831,40.723356,-73.98865,member
211367,5348EF790CEE412F,docked_bike,2021-02-25 17:41:28,2021-02-25 17:59:17,Court St & State St,4488,E 1 St & 1 Ave,5593,40.690237,-73.99203,40.72335597960796,-73.98864984512329,member
211455,FE6D6A8FDF15A616,docked_bike,2021-02-21 15:49:38,2021-02-21 16:03:13,S 5 Pl & S 5 St,5125,E 1 St & 1 Ave,5593,40.710451,-73.960876,40.72335597960796,-73.98864984512329,casual
211541,9A0E62A997DD7697,docked_bike,2021-02-21 11:39:34,2021-02-21 12:04:27,Lafayette St & E 8 St,5788,E 1 St & 1 Ave,5593,40.730206,-73.991026,40.72335597960796,-73.98864984512329,member
211620,099123C2A143B913,docked_bike,2021-02-23 18:26:50,2021-02-23 18:30:44,E 2 St & Avenue A,5553,E 1 St & 1 Ave,5593,40.723077,-73.985836,40.72335597960796,-73.98864984512329,member
211621,74C199022AFC6AF4,docked_bike,2021-02-25 15:19:11,2021-02-25 15:21:01,E 2 St & Avenue A,5553,E 1 St & 1 Ave,5593,40.723077,-73.985836,40.72335597960796,-73.98864984512329,member
211648,5BDB8E068A36506A,docked_bike,2021-02-24 11:08:34,2021-02-24 11:32:31,E 2 St & Avenue C,5476,E 1 St & 1 Ave,5593,40.720873,-73.980857,40.72335597960796,-73.98864984512329,casual
211658,BB82EF03A2B5B5E4,docked_bike,2021-02-27 11:48:07,2021-02-27 11:53:43,E 1 St & 1 Ave,5593,W Broadway & W Houston St,5644,40.723356,-73.98865,40.726378,-74.000472,member
211660,710BA0DE0270DC33,docked_bike,2021-02-27 12:04:22,2021-02-27 12:10:06,W Broadway & W Houston St,5644,E 1 St & 1 Ave,5593,40.726378,-74.000472,40.723356,-73.98865,member
211728,CC14BD6B5DD5001A,docked_bike,2021-02-22 09:18:18,2021-02-22 09:21:44,Suffolk St & Stanton St,5445,E 1 St & 1 Ave,5593,40.720664,-73.98518,40.723356,-73.98865,member
211793,64776F5D8D8F09AC,docked_bike,2021-02-27 15:10:41,2021-02-27 15:42:51,Mercer St & Spring St,5532,E 1 St & 1 Ave,5593,40.723627,-73.999496,40.723356,-73.98865,member
211798,B6F61AC216AA7282,docked_bike,2021-02-21 19:55:36,2021-02-21 20:09:15,Mercer St & Spring St,5532,E 1 St & 1 Ave,5593,40.723627,-73.999496,40.72335597960796,-73.98864984512329,member
211825,366A0A62A4C3B5F8,docked_bike,2021-02-21 19:56:56,2021-02-21 20:09:30,Mercer St & Spring St,5532,E 1 St & 1 Ave,5593,40.723627,-73.999496,40.72335597960796,-73.98864984512329,casual
211859,4EFA83C9955BE810,docked_bike,2021-02-24 19:38:24,2021-02-24 20:04:49,Clinton Ave & Flushing Ave,4762,E 1 St & 1 Ave,5593,40.69794,-73.969868,40.72335597960796,-73.98864984512329,member
212001,FD94256A42CD27B8,docked_bike,2021-02-25 17:15:44,2021-02-25 17:26:06,S 4 St & Wythe Ave,5204,E 1 St & 1 Ave,5593,40.712859,-73.965903,40.723356,-73.98865,member
212049,58F93D40D3013FAE,docked_bike,2021-02-26 17:53:53,2021-02-26 17:58:14,Allen St & Hester St,5342,E 1 St & 1 Ave,5593,40.716058,-73.991907,40.72335597960796,-73.98864984512329,member
212050,543DA2A81744A373,docked_bike,2021-02-27 13:40:04,2021-02-27 13:43:26,Allen St & Hester St,5342,E 1 St & 1 Ave,5593,40.716059,-73.991908,40.723356,-73.98865,member
212062,9A9A426517A7BDA3,docked_bike,2021-02-27 17:28:39,2021-02-27 17:33:40,LaGuardia Pl & W 3 St,5721,E 1 St & 1 Ave,5593,40.72917,-73.998102,40.72335597960796,-73.98864984512329,casual
212171,034B5FAF0D09C42B,docked_bike,2021-02-28 12:35:01,2021-02-28 13:44:08,E 43 St & 2 Ave,6422,E 1 St & 1 Ave,5593,40.750223,-73.971214,40.72335597960796,-73.98864984512329,casual
212180,32D8EBD095DA5CFC,docked_bike,2021-02-27 17:01:39,2021-02-27 17:21:47,Water - Whitehall Plaza,4962,E 1 St & 1 Ave,5593,40.70255,-74.012723,40.72335597960796,-73.98864984512329,casual
212189,897A8429280F7AD8,docked_bike,2021-02-27 17:35:52,2021-02-27 17:47:03,E 47 St & 2 Ave,6498,E 1 St & 1 Ave,5593,40.75323,-73.970325,40.72335597960796,-73.98864984512329,member
212213,EC19107DE520897B,docked_bike,2021-02-22 06:29:00,2021-02-22 06:32:27,Avenue D & E 3 St,5436,E 1 St & 1 Ave,5593,40.720828,-73.977931,40.72335597960796,-73.98864984512329,casual
212265,FDB98793AA297DDC,docked_bike,2021-02-27 15:30:58,2021-02-27 15:40:13,Canal St & Rutgers St,5303,E 1 St & 1 Ave,5593,40.714274,-73.9899,40.72335597960796,-73.98864984512329,member
212281,965856185D59555C,docked_bike,2021-02-26 10:34:46,2021-02-26 10:43:00,Canal St & Rutgers St,5303,E 1 St & 1 Ave,5593,40.714274,-73.9899,40.72335597960796,-73.98864984512329,member
212378,65A356EB0A098CD4,docked_bike,2021-02-20 17:02:13,2021-02-20 17:19:42,Broadway & W 58 St,6948,E 1 St & 1 Ave,5593,40.766953,-73.981693,40.72335597960796,-73.98864984512329,member
212409,7B3219D6ECE91FC2,docked_bike,2021-02-24 12:44:06,2021-02-24 12:55:10,S 3 St & Bedford Ave,5235,E 1 St & 1 Ave,5593,40.712604,-73.962644,40.72335597960796,-73.98864984512329,member
212631,4001D114F1AC4461,docked_bike,2021-02-28 16:44:08,2021-02-28 17:10:14,Catherine St & Monroe St,5128,E 1 St & 1 Ave,5593,40.711174,-73.996826,40.72335597960796,-73.98864984512329,member
212660,A0D471701BEA113C,docked_bike,2021-02-25 09:38:38,2021-02-25 09:54:17,Pershing Square North,6432,E 1 St & 1 Ave,5593,40.751873,-73.977706,40.72335597960796,-73.98864984512329,casual
212706,A7DF8E34CFD32C49,docked_bike,2021-02-23 08:54:46,2021-02-23 09:10:38,E 27 St & 1 Ave,6004,E 1 St & 1 Ave,5593,40.739445,-73.976806,40.72335597960796,-73.98864984512329,member
212784,B458E14CD660753F,docked_bike,2021-02-27 21:07:06,2021-02-27 21:14:50,E 13 St & Avenue A,5779,E 1 St & 1 Ave,5593,40.729667,-73.980679,40.72335597960796,-73.98864984512329,member
212803,942DE0B4FAE7B1AB,docked_bike,2021-02-22 17:34:49,2021-02-22 17:44:05,E 13 St & Avenue A,5779,E 1 St & 1 Ave,5593,40.729667,-73.980679,40.72335597960796,-73.98864984512329,member
212908,CC1B53BF71281507,docked_bike,2021-02-27 00:56:59,2021-02-27 01:09:24,W 29 St & 9 Ave,6416,E 1 St & 1 Ave,5593,40.750072,-73.998392,40.72335597960796,-73.98864984512329,member
212965,26C55D716E98C7CB,docked_bike,2021-02-20 19:40:39,2021-02-20 20:05:52,Dock 72 Way & Market St,4804,E 1 St & 1 Ave,5593,40.69985,-73.97141,40.72335597960796,-73.98864984512329,member
213077,EDA3859E8CCDBE93,docked_bike,2021-02-25 14:19:59,2021-02-25 14:40:58,Broad St & Bridge St,4962,E 1 St & 1 Ave,5593,40.703651,-74.011677,40.72335597960796,-73.98864984512329,casual
213171,765A026C4B6D5E1E,docked_bike,2021-02-24 14:58:30,2021-02-24 15:01:03,E 2 St & Avenue B,5515,E 1 St & 1 Ave,5593,40.722174,-73.983687,40.72335597960796,-73.98864984512329,member
213172,B0E95581A2162806,docked_bike,2021-02-17 14:46:02,2021-02-17 14:49:18,E 2 St & Avenue B,5515,E 1 St & 1 Ave,5593,40.722174,-73.983688,40.723356,-73.98865,member
213175,4961D91919B0F20D,docked_bike,2021-02-26 15:30:11,2021-02-26 15:33:15,E 2 St & Avenue B,5515,E 1 St & 1 Ave,5593,40.722174,-73.983687,40.72335597960796,-73.98864984512329,member
213176,566644735DBA8494,docked_bike,2021-02-24 12:42:56,2021-02-24 12:45:40,E 2 St & Avenue B,5515,E 1 St & 1 Ave,5593,40.722174,-73.983687,40.72335597960796,-73.98864984512329,member
213246,2C90B48D5893CC08,docked_bike,2021-02-23 17:30:35,2021-02-23 17:31:01,Court St & State St,4488,E 1 St & 1 Ave,5593,40.690237,-73.99203,40.72335597960796,-73.98864984512329,member
213315,259F2FB992E57746,docked_bike,2021-02-24 08:39:18,2021-02-24 08:52:43,Stagg St & Union Ave,5117,E 1 St & 1 Ave,5593,40.70877,-73.950952,40.72335597960796,-73.98864984512329,member
213346,EFB60F6D567F7B3B,docked_bike,2021-02-23 13:28:18,2021-02-23 13:47:52,S 5 Pl & S 5 St,5125,E 1 St & 1 Ave,5593,40.710451,-73.960876,40.72335597960796,-73.98864984512329,member
213515,BD65CA48B80C13EB,docked_bike,2021-02-23 17:40:39,2021-02-23 17:53:48,E 33 St & 1 Ave,6197,E 1 St & 1 Ave,5593,40.743226,-73.974497,40.72335597960796,-73.98864984512329,member
213530,8129CFBF968B384C,docked_bike,2021-02-26 15:14:37,2021-02-26 15:26:28,W 13 St & 7 Ave,6030,E 1 St & 1 Ave,5593,40.737815,-73.999946,40.72335597960796,-73.98864984512329,member
213532,3226F13121A520F0,docked_bike,2021-02-25 21:39:07,2021-02-25 21:54:54,Fulton St & William St,5137,E 1 St & 1 Ave,5593,40.709559,-74.006536,40.72335597960796,-73.98864984512329,member
213554,1FE442D6B10A43E1,docked_bike,2021-02-20 12:17:02,2021-02-20 12:26:43,Washington Pl & 6 Ave,5838,E 1 St & 1 Ave,5593,40.732241,-74.000263,40.72335597960796,-73.98864984512329,casual
213569,C431242F7E511D9C,docked_bike,2021-02-25 20:13:51,2021-02-25 20:30:58,Fulton St & William St,5137,E 1 St & 1 Ave,5593,40.709559,-74.006536,40.72335597960796,-73.98864984512329,casual
213595,4F16F60A7E4CF0A3,docked_bike,2021-02-21 14:04:11,2021-02-21 14:10:00,E 6 St & Avenue B,5584,E 1 St & 1 Ave,5593,40.724537,-73.981854,40.723356,-73.98865,member
213596,592B70E47427B09F,docked_bike,2021-02-20 14:01:23,2021-02-20 14:06:32,E 6 St & Avenue B,5584,E 1 St & 1 Ave,5593,40.724537,-73.981854,40.723356,-73.98865,member
213597,E9035A768C5B2D8A,docked_bike,2021-02-27 14:28:20,2021-02-27 14:34:27,E 6 St & Avenue B,5584,E 1 St & 1 Ave,5593,40.724537,-73.981854,40.723356,-73.98865,member
213598,36058F6B24CB148B,docked_bike,2021-02-22 14:01:09,2021-02-22 14:06:00,E 6 St & Avenue B,5584,E 1 St & 1 Ave,5593,40.724537,-73.981854,40.723356,-73.98865,member
213599,9997AD6A919FEB37,docked_bike,2021-02-26 17:32:47,2021-02-26 17:38:46,E 6 St & Avenue B,5584,E 1 St & 1 Ave,5593,40.724537,-73.981854,40.723356,-73.98865,member
213614,03EC758192A28563,docked_bike,2021-02-21 17:47:30,2021-02-21 17:56:00,Clinton St & Grand St,5303,E 1 St & 1 Ave,5593,40.715595,-73.987029,40.72335597960796,-73.98864984512329,member
213620,2A09C15E8BA4F79D,docked_bike,2021-02-24 08:35:02,2021-02-24 08:49:21,E 6 St & Avenue B,5584,E 1 St & 1 Ave,5593,40.724537,-73.981854,40.72335597960796,-73.98864984512329,member
213648,561DC61E072A2343,docked_bike,2021-02-28 07:10:53,2021-02-28 07:16:56,E 6 St & Avenue B,5584,E 1 St & 1 Ave,5593,40.724537,-73.981854,40.723356,-73.98865,casual
213662,EC272E4562567D5C,docked_bike,2021-02-24 10:56:12,2021-02-24 11:11:00,Clinton St & Grand St,5303,E 1 St & 1 Ave,5593,40.715595,-73.98703,40.723356,-73.98865,member
213670,4A1E85E01444A0CF,docked_bike,2021-02-25 06:12:23,2021-02-25 06:22:02,Washington Pl & 6 Ave,5838,E 1 St & 1 Ave,5593,40.732241,-74.000263,40.72335597960796,-73.98864984512329,member
213723,19F66C29214EA5B3,docked_bike,2021-02-22 23:04:10,2021-02-22 23:09:34,E 6 St & Avenue B,5584,E 1 St & 1 Ave,5593,40.724537,-73.981854,40.72335597960796,-73.98864984512329,casual
213728,54AA03C1BADEE415,docked_bike,2021-02-26 19:36:53,2021-02-26 19:40:31,E 6 St & Avenue B,5584,E 1 St & 1 Ave,5593,40.724537,-73.981854,40.72335597960796,-73.98864984512329,member
213733,0A8A92E500CC9F6F,docked_bike,2021-02-27 17:04:50,2021-02-27 17:09:04,E 6 St & Avenue B,5584,E 1 St & 1 Ave,5593,40.724537,-73.981854,40.72335597960796,-73.98864984512329,member
213756,9BA742D936EA57BD,docked_bike,2021-02-24 17:30:42,2021-02-24 17:45:31,Old Slip & South St,4993,E 1 St & 1 Ave,5593,40.703367,-74.007868,40.723356,-73.98865,member
213757,AFBE7FE8D5DC7B34,docked_bike,2021-02-17 17:12:34,2021-02-17 17:24:15,Old Slip & South St,4993,E 1 St & 1 Ave,5593,40.703367,-74.007868,40.723356,-73.98865,member
213778,25A1733A19EE6441,docked_bike,2021-02-24 21:40:08,2021-02-24 21:44:39,1 Ave & E 5 St,5626,E 1 St & 1 Ave,5593,40.725864,-73.986389,40.72335597960796,-73.98864984512329,member
213793,9B114068D9B59A28,docked_bike,2021-02-26 11:37:33,2021-02-26 11:44:20,Norfolk St & Broome St,5374,E 1 St & 1 Ave,5593,40.717227,-73.988021,40.723356,-73.98865,member
213803,5DDDF60602AEF271,docked_bike,2021-02-18 15:58:03,2021-02-18 16:22:02,Bayard St & Baxter St,5351,E 1 St & 1 Ave,5593,40.716021,-73.999743,40.72335597960796,-73.98864984512329,member
213804,D1BD2A15F0560AA3,docked_bike,2021-02-25 17:07:33,2021-02-25 17:30:47,Bus Slip & State St,4889,E 1 St & 1 Ave,5593,40.701907,-74.013942,40.72335597960796,-73.98864984512329,member
213812,9175A3CAB16C188D,docked_bike,2021-02-17 17:55:00,2021-02-17 18:01:36,Norfolk St & Broome St,5374,E 1 St & 1 Ave,5593,40.717227,-73.98802,40.72335597960796,-73.98864984512329,member
213816,29EC62228301FAE0,docked_bike,2021-02-23 06:56:03,2021-02-23 06:57:46,1 Ave & E 5 St,5626,E 1 St & 1 Ave,5593,40.725864,-73.986389,40.723356,-73.98865,member
213834,52074BA7D16C98C7,docked_bike,2021-02-28 11:37:34,2021-02-28 12:07:05,Bond St & Bergen St,4404,E 1 St & 1 Ave,5593,40.684966,-73.986207,40.72335597960796,-73.98864984512329,member
213862,549BBA03B5D637C0,docked_bike,2021-02-23 17:54:52,2021-02-23 17:56:39,1 Ave & E 5 St,5626,E 1 St & 1 Ave,5593,40.725864,-73.986389,40.72335597960796,-73.98864984512329,member
213872,17A31D5CC271CD09,docked_bike,2021-02-26 17:53:15,2021-02-26 17:56:01,1 Ave & E 5 St,5626,E 1 St & 1 Ave,5593,40.725864,-73.986389,40.72335597960796,-73.98864984512329,member
213889,0694CA57B46433EA,docked_bike,2021-02-26 13:22:50,2021-02-26 13:29:41,Clinton St & Grand St,5303,E 1 St & 1 Ave,5593,40.715595,-73.987029,40.72335597960796,-73.98864984512329,member
213893,A40808C2EFFF6DEA,docked_bike,2021-02-24 19:10:13,2021-02-24 19:15:07,E 6 St & Avenue B,5584,E 1 St & 1 Ave,5593,40.724537,-73.981854,40.72335597960796,-73.98864984512329,member
213900,9519D9AB7068DB48,docked_bike,2021-02-27 15:02:53,2021-02-27 15:11:08,Howard St & Centre St,5422,E 1 St & 1 Ave,5593,40.719105,-73.999733,40.72335597960796,-73.98864984512329,member
213926,838356966182541C,docked_bike,2021-02-24 21:39:49,2021-02-24 21:44:38,1 Ave & E 5 St,5626,E 1 St & 1 Ave,5593,40.725864,-73.986389,40.72335597960796,-73.98864984512329,member
214004,B4962F0B8194D379,docked_bike,2021-02-25 08:42:03,2021-02-25 08:45:54,E 6 St & Avenue B,5584,E 1 St & 1 Ave,5593,40.724537,-73.981854,40.72335597960796,-73.98864984512329,casual
214064,48E8EB6DBBDB0A36,docked_bike,2021-02-26 14:43:35,2021-02-26 15:19:13,E 118 St & 1 Ave,7596,E 1 St & 1 Ave,5593,40.79747,-73.93504,40.72335597960796,-73.98864984512329,member
214086,C4BB38EBCFB4C612,docked_bike,2021-02-26 16:52:14,2021-02-26 17:25:41,Lafayette St & E 8 St,5788,E 1 St & 1 Ave,5593,40.730206,-73.991026,40.72335597960796,-73.98864984512329,member
214114,2E320A86710073C5,docked_bike,2021-02-24 13:32:44,2021-02-24 13:40:37,E 14 St & Avenue B,5736,E 1 St & 1 Ave,5593,40.729387,-73.977724,40.723356,-73.98865,member
214145,6EFDEC99CDB4A5CD,docked_bike,2021-02-23 14:44:37,2021-02-23 15:20:29,E 118 St & 1 Ave,7596,E 1 St & 1 Ave,5593,40.79747,-73.93504,40.72335597960796,-73.98864984512329,member
214152,C96A27683E4393BC,docked_bike,2021-02-22 09:44:51,2021-02-22 09:50:52,Lafayette St & E 8 St,5788,E 1 St & 1 Ave,5593,40.730206,-73.991026,40.72335597960796,-73.98864984512329,casual
214203,C847D88779E34716,docked_bike,2021-02-28 11:19:23,2021-02-28 11:25:58,St Marks Pl & 1 Ave,5626,E 1 St & 1 Ave,5593,40.727791,-73.985649,40.72335597960796,-73.98864984512329,member
214247,7C7F44792C2D62B5,docked_bike,2021-02-25 14:44:51,2021-02-25 15:19:25,E 118 St & 1 Ave,7596,E 1 St & 1 Ave,5593,40.79747,-73.93504,40.72335597960796,-73.98864984512329,member
214255,6347B56CF4FD616F,docked_bike,2021-02-21 01:09:22,2021-02-21 01:27:12,Metropolitan Ave & Meeker Ave,5300,E 1 St & 1 Ave,5593,40.714133,-73.952343,40.72335597960796,-73.98864984512329,member
214500,9B628070D6BCC561,docked_bike,2021-02-25 08:48:09,2021-02-25 08:53:25,Forsyth St & Broome St,5453,E 1 St & 1 Ave,5593,40.718939,-73.992663,40.723356,-73.98865,member
214637,0FD3705037F8EA9E,docked_bike,2021-02-25 15:34:14,2021-02-25 15:38:34,Forsyth St & Broome St,5453,E 1 St & 1 Ave,5593,40.718939,-73.992662,40.72335597960796,-73.98864984512329,casual
214673,DACA0E336E424CAF,docked_bike,2021-02-25 17:21:46,2021-02-25 17:33:48,Old Slip & South St,4993,E 1 St & 1 Ave,5593,40.703367,-74.007868,40.723356,-73.98865,member
214674,6E9AFB5D7807369B,docked_bike,2021-02-19 17:15:00,2021-02-19 17:26:36,Old Slip & South St,4993,E 1 St & 1 Ave,5593,40.703367,-74.007868,40.723356,-73.98865,member
214675,0D96446B146B370C,docked_bike,2021-02-26 17:41:44,2021-02-26 17:53:26,Old Slip & South St,4993,E 1 St & 1 Ave,5593,40.703367,-74.007868,40.723356,-73.98865,member
214676,1BD2FB33B2442348,docked_bike,2021-02-23 17:38:07,2021-02-23 17:52:20,Old Slip & South St,4993,E 1 St & 1 Ave,5593,40.703367,-74.007868,40.723356,-73.98865,member
214731,A224EF7D1E5597E9,docked_bike,2021-02-26 17:28:01,2021-02-26 17:41:10,Howard St & Centre St,5422,E 1 St & 1 Ave,5593,40.719105,-73.999733,40.72335597960796,-73.98864984512329,member
214732,DAB761E7C94DA190,docked_bike,2021-02-27 13:03:26,2021-02-27 13:14:58,Greenwich St & Hubert St,5470,E 1 St & 1 Ave,5593,40.721319,-74.010065,40.72335597960796,-73.98864984512329,member
214811,134D8185C7A2F63D,docked_bike,2021-02-28 12:01:25,2021-02-28 12:08:05,Grand St & Elizabeth St,5382,E 1 St & 1 Ave,5593,40.718822,-73.99596,40.72335597960796,-73.98864984512329,member
214814,11FBB423FB96FF17,docked_bike,2021-02-28 12:01:15,2021-02-28 12:08:01,Grand St & Elizabeth St,5382,E 1 St & 1 Ave,5593,40.718822,-73.99596,40.72335597960796,-73.98864984512329,member
214834,AA1E5C959A45AC75,docked_bike,2021-02-23 14:20:53,2021-02-23 14:30:05,Grand St & Elizabeth St,5382,E 1 St & 1 Ave,5593,40.718822,-73.99596,40.72335597960796,-73.98864984512329,member
214862,76FD94538295E336,docked_bike,2021-02-20 18:49:12,2021-02-20 19:07:32,Howard St & Centre St,5422,E 1 St & 1 Ave,5593,40.719105,-73.999733,40.723356,-73.98865,member
214892,A98C350BBF2563E5,docked_bike,2021-02-26 18:47:52,2021-02-26 19:19:58,E 53 St & Lexington Ave,6617,E 1 St & 1 Ave,5593,40.75828,-73.970694,40.72335597960796,-73.98864984512329,casual
214908,2A106CDEFB1FF3C3,docked_bike,2021-02-23 16:06:24,2021-02-23 16:21:28,6 Ave & Broome St,5610,E 1 St & 1 Ave,5593,40.724308,-74.00473,40.723356,-73.98865,member
214985,FC80D3D04F97BE42,docked_bike,2021-02-21 17:30:07,2021-02-21 18:01:34,Maiden Ln & Pearl St,5065,E 1 St & 1 Ave,5593,40.707064,-74.007318,40.72335597960796,-73.98864984512329,member
214992,7E3FA144645CAF4E,docked_bike,2021-02-24 09:20:03,2021-02-24 09:23:22,Stanton St & Norfolk St,5445,E 1 St & 1 Ave,5593,40.720747,-73.986274,40.72335597960796,-73.98864984512329,member
214993,926E25201B1BB964,docked_bike,2021-02-20 18:42:17,2021-02-20 18:59:54,Maiden Ln & Pearl St,5065,E 1 St & 1 Ave,5593,40.707064,-74.007318,40.72335597960796,-73.98864984512329,member
215042,CBDFD02AE59EA34F,docked_bike,2021-02-27 18:15:28,2021-02-27 18:24:53,Pike St & E Broadway,5270,E 1 St & 1 Ave,5593,40.714066,-73.992939,40.72335597960796,-73.98864984512329,member
215123,F29599D40573AA93,docked_bike,2021-02-24 14:01:31,2021-02-24 14:10:42,E 9 St & Avenue C,5616,E 1 St & 1 Ave,5593,40.725213,-73.977687,40.72335597960796,-73.98864984512329,casual
215178,FD29C9F13A8487FE,docked_bike,2021-02-25 13:19:43,2021-02-25 13:58:20,Washington St & Barrow St,5847,E 1 St & 1 Ave,5593,40.731911,-74.008769,40.72335597960796,-73.98864984512329,member
215185,894CC2B36B3A55A9,docked_bike,2021-02-17 20:50:11,2021-02-17 21:22:17,W 15 St & 7 Ave,6030,E 1 St & 1 Ave,5593,40.739355,-73.999317,40.72335597960796,-73.98864984512329,member
215195,B1E8B20864CDCAAF,docked_bike,2021-02-26 15:11:37,2021-02-26 15:26:29,W 15 St & 7 Ave,6030,E 1 St & 1 Ave,5593,40.739355,-73.999317,40.72335597960796,-73.98864984512329,casual
215293,377D6590C6493853,docked_bike,2021-02-27 19:56:31,2021-02-27 20:00:59,Stanton St & Norfolk St,5445,E 1 St & 1 Ave,5593,40.720747,-73.986274,40.72335597960796,-73.98864984512329,member
215304,9A974220438B1A2A,docked_bike,2021-02-20 19:47:30,2021-02-20 20:01:50,Cliff St & Fulton St,5065,E 1 St & 1 Ave,5593,40.70838,-74.00495,40.72335597960796,-73.98864984512329,member
215333,EDA5B1A7F7DE2F6E,docked_bike,2021-02-23 16:03:36,2021-02-23 16:15:10,Cliff St & Fulton St,5065,E 1 St & 1 Ave,5593,40.70838,-74.00495,40.72335597960796,-73.98864984512329,member
215334,CA761353BFB7461D,docked_bike,2021-02-21 13:16:26,2021-02-21 13:24:10,Cliff St & Fulton St,5065,E 1 St & 1 Ave,5593,40.70838,-74.00495,40.72335597960796,-73.98864984512329,member
215373,ADE6F55BBFC2201A,docked_bike,2021-02-25 18:31:23,2021-02-25 18:35:34,E 2 St & Avenue C,5476,E 1 St & 1 Ave,5593,40.720873,-73.980857,40.72335597960796,-73.98864984512329,member
215380,A28BB7E1AFA9C20B,docked_bike,2021-02-27 13:03:10,2021-02-27 13:06:28,E 2 St & Avenue C,5476,E 1 St & 1 Ave,5593,40.720873,-73.980857,40.72335597960796,-73.98864984512329,member
215384,9A18EB9B18F9E47B,docked_bike,2021-02-17 13:54:46,2021-02-17 13:58:41,E 2 St & Avenue C,5476,E 1 St & 1 Ave,5593,40.720873,-73.980857,40.72335597960796,-73.98864984512329,member
215390,AC5675BC0CB99723,docked_bike,2021-02-24 19:03:40,2021-02-24 19:08:07,E 2 St & Avenue C,5476,E 1 St & 1 Ave,5593,40.720874,-73.980858,40.723356,-73.98865,member
215441,C1E9926CE76AEC10,docked_bike,2021-02-19 14:45:12,2021-02-19 14:53:02,Cliff St & Fulton St,5065,E 1 St & 1 Ave,5593,40.70838,-74.00495,40.72335597960796,-73.98864984512329,member
215473,6C724ED25D0FDC1E,docked_bike,2021-02-27 13:13:55,2021-02-27 13:18:28,E 2 St & Avenue C,5476,E 1 St & 1 Ave,5593,40.720873,-73.980857,40.72335597960796,-73.98864984512329,member
215482,00D6D8E1B06FBDC0,docked_bike,2021-02-20 19:48:30,2021-02-20 20:01:51,Cliff St & Fulton St,5065,E 1 St & 1 Ave,5593,40.70838,-74.00495,40.723356,-73.98865,member
215523,8532B68F89C510D5,docked_bike,2021-02-26 11:59:10,2021-02-26 12:03:54,Stanton St & Norfolk St,5445,E 1 St & 1 Ave,5593,40.720747,-73.986274,40.72335597960796,-73.98864984512329,casual
215524,0A37E3AF1E4B1F94,docked_bike,2021-02-26 16:45:26,2021-02-26 16:57:22,Lexington Ave & E 36 St,6313,E 1 St & 1 Ave,5593,40.747573,-73.9788,40.72335597960796,-73.98864984512329,member
215554,00F4C2EDD111F0BF,docked_bike,2021-02-26 15:37:54,2021-02-26 15:40:10,Suffolk St & Stanton St,5445,E 1 St & 1 Ave,5593,40.720664,-73.985179,40.72335597960796,-73.98864984512329,member
215617,DC0F24E840AAC9BF,docked_bike,2021-02-24 17:47:45,2021-02-24 18:06:27,Broadway & E 14 St,5905,E 1 St & 1 Ave,5593,40.734546,-73.990741,40.723356,-73.98865,member
215640,87B733DE195C4F6C,docked_bike,2021-02-22 10:40:47,2021-02-22 10:57:43,W 4 St & 7 Ave S,5880,E 1 St & 1 Ave,5593,40.734011,-74.002938,40.72335597960796,-73.98864984512329,member
215728,9F97A8CAC689EF71,docked_bike,2021-02-25 09:19:10,2021-02-25 09:22:08,Suffolk St & Stanton St,5445,E 1 St & 1 Ave,5593,40.720664,-73.985179,40.72335597960796,-73.98864984512329,member
215734,892EC85FABAB4C92,docked_bike,2021-02-28 12:29:07,2021-02-28 12:50:13,Old Fulton St,4903,E 1 St & 1 Ave,5593,40.702772,-73.993836,40.723356,-73.98865,member
215761,B0F5C304A680323D,docked_bike,2021-02-20 14:34:49,2021-02-20 14:37:17,Suffolk St & Stanton St,5445,E 1 St & 1 Ave,5593,40.720664,-73.985179,40.72335597960796,-73.98864984512329,member
215804,06E97D07A39D2B1D,docked_bike,2021-02-26 20:34:55,2021-02-26 20:47:18,W 11 St & 6 Ave,5914,E 1 St & 1 Ave,5593,40.735324,-73.998004,40.72335597960796,-73.98864984512329,member
215859,05714AA353205038,docked_bike,2021-02-20 15:55:48,2021-02-20 16:12:25,Broadway & E 14 St,5905,E 1 St & 1 Ave,5593,40.734545,-73.990741,40.72335597960796,-73.98864984512329,casual
215870,B68905BE98684C2C,docked_bike,2021-02-24 09:15:39,2021-02-24 09:18:24,Suffolk St & Stanton St,5445,E 1 St & 1 Ave,5593,40.720664,-73.98518,40.723356,-73.98865,member
215879,D1AF895A3886142F,docked_bike,2021-02-26 20:32:13,2021-02-26 20:47:18,W 11 St & 6 Ave,5914,E 1 St & 1 Ave,5593,40.735324,-73.998004,40.72335597960796,-73.98864984512329,member
215880,C855D23ED71C7D9B,docked_bike,2021-02-26 20:31:55,2021-02-26 20:46:57,W 11 St & 6 Ave,5914,E 1 St & 1 Ave,5593,40.735324,-73.998004,40.723356,-73.98865,member
215966,A6B2191620F2F35F,docked_bike,2021-02-22 08:46:12,2021-02-22 08:50:37,E 11 St & 2 Ave,5746,E 1 St & 1 Ave,5593,40.730473,-73.986723,40.72335597960796,-73.98864984512329,member
215975,431BCD201EC0073C,docked_bike,2021-02-26 18:48:35,2021-02-26 18:59:09,Lexington Ave & E 29 St,6164,E 1 St & 1 Ave,5593,40.743116,-73.982154,40.723356,-73.98865,member
216113,4D017EC3DCAFA5EE,docked_bike,2021-02-28 12:25:56,2021-02-28 12:50:08,Old Fulton St,4903,E 1 St & 1 Ave,5593,40.702772,-73.993836,40.723356,-73.98865,member
216172,C7DE953B533755FF,docked_bike,2021-02-26 09:45:44,2021-02-26 09:49:44,E 11 St & 2 Ave,5746,E 1 St & 1 Ave,5593,40.730473,-73.986723,40.72335597960796,-73.98864984512329,member
216296,C4274F2BE9BED291,docked_bike,2021-02-21 11:38:49,2021-02-21 11:47:31,E 1 St & 1 Ave,5593,Lexington Ave & E 24 St,6089,40.723355,-73.988649,40.74025878,-73.98409214,member
219119,C93DE80F149FE7BD,docked_bike,2021-02-04 14:42:01,2021-02-04 14:49:40,E 2 St & 2 Ave,5593,E 2 St & Avenue C,5476,40.725029,-73.990697,40.720874,-73.980858,member
219134,DD73731C286EAA8C,docked_bike,2021-02-16 14:19:23,2021-02-16 14:24:27,E 2 St & 2 Ave,5593,E 2 St & Avenue C,5476,40.725028,-73.990696,40.7208736,-73.98085795,member
219137,572DBF2E0DF84CEC,docked_bike,2021-02-06 16:14:54,2021-02-06 16:51:35,E 2 St & 2 Ave,5593,Bergen St & Smith St,4446,40.725028,-73.990696,40.6867443,-73.99063168,member
219138,7B9F5E32E1C74A44,docked_bike,2021-02-10 06:34:09,2021-02-10 06:37:44,E 2 St & 2 Ave,5593,E 2 St & Avenue C,5476,40.725028,-73.990696,40.7208736,-73.98085795,member
219140,E135D2F12632DB5E,docked_bike,2021-02-16 18:32:07,2021-02-16 18:48:40,E 2 St & 2 Ave,5593,Bergen St & Smith St,4446,40.725028,-73.990696,40.6867443,-73.99063168,casual
219141,045F4B7B5DDAA760,docked_bike,2021-02-23 21:43:19,2021-02-23 21:47:30,E 2 St & 2 Ave,5593,E 2 St & Avenue C,5476,40.725028,-73.990696,40.7208736,-73.98085795,member
219171,68312D3F795814C8,docked_bike,2021-02-17 15:37:48,2021-02-17 15:43:38,E 2 St & 2 Ave,5593,E 2 St & Avenue C,5476,40.725029,-73.990697,40.720874,-73.980858,member
219172,D6903FC016673C93,docked_bike,2021-02-04 17:35:18,2021-02-04 17:43:13,E 2 St & 2 Ave,5593,E 2 St & Avenue C,5476,40.725028,-73.990696,40.7208736,-73.98085795,member
219183,FE5DA6923D2D84E4,docked_bike,2021-02-06 14:25:35,2021-02-06 14:32:29,E 2 St & 2 Ave,5593,E 2 St & Avenue C,5476,40.725029,-73.990697,40.720874,-73.980858,member
219207,C45E09E63D62751B,docked_bike,2021-02-06 13:08:42,2021-02-06 13:14:07,E 2 St & 2 Ave,5593,E 2 St & Avenue C,5476,40.725028,-73.990696,40.7208736,-73.98085795,member
219209,BC7D395BFA51C68D,docked_bike,2021-02-23 18:40:21,2021-02-23 18:58:22,E 2 St & 2 Ave,5593,Bergen St & Smith St,4446,40.725028,-73.990696,40.6867443,-73.99063168,casual
219265,F78DF25A6BE85B2A,docked_bike,2021-02-26 06:59:36,2021-02-26 07:04:02,E 2 St & 2 Ave,5593,E 2 St & Avenue C,5476,40.725028,-73.990696,40.7208736,-73.98085795,member
219269,F38B895A91419661,docked_bike,2021-02-21 13:52:54,2021-02-21 13:56:28,E 2 St & 2 Ave,5593,E 2 St & Avenue C,5476,40.725028,-73.990696,40.7208736,-73.98085795,member
219519,1994335FC32084F0,docked_bike,2021-02-12 11:13:33,2021-02-12 11:19:45,E 2 St & 2 Ave,5593,E 2 St & Avenue C,5476,40.725028,-73.990696,40.7208736,-73.98085795,member
219965,C2B95004C2F1DE87,docked_bike,2021-02-24 07:18:57,2021-02-24 07:25:21,E 1 St & 1 Ave,5593,Lexington Ave & E 24 St,6089,40.723355,-73.988649,40.74025878,-73.98409214,member
220059,11E0E31D1D76AC53,docked_bike,2021-02-20 20:59:22,2021-02-20 21:22:46,E 1 St & 1 Ave,5593,E 2 St & Avenue C,5476,40.723355,-73.988649,40.7208736,-73.98085795,casual
220075,06B4E5D86735A7D5,docked_bike,2021-02-27 13:23:29,2021-02-27 13:28:26,E 1 St & 1 Ave,5593,E 2 St & Avenue C,5476,40.723355,-73.988649,40.7208736,-73.98085795,member
220342,81464695CE24AC1F,docked_bike,2021-02-25 21:43:19,2021-02-25 21:47:08,E 1 St & 1 Ave,5593,E 2 St & Avenue C,5476,40.723355,-73.988649,40.7208736,-73.98085795,member
224150,3D95F8551F4C7AF9,docked_bike,2021-02-16 10:54:37,2021-02-16 10:59:40,E 2 St & 2 Ave,5593,Lafayette St & E 8 St,5788,40.725029,-73.990697,40.730207,-73.991026,member
224153,0E1FF2D4C3EE16A8,docked_bike,2021-02-15 18:12:26,2021-02-15 18:35:34,E 2 St & 2 Ave,5593,Metropolitan Ave & Meeker Ave,5300,40.725028,-73.990696,40.71413311,-73.95234386,casual
224159,2BC467418B016408,docked_bike,2021-02-05 11:25:53,2021-02-05 11:32:26,E 2 St & 2 Ave,5593,University Pl & E 14 St,5905,40.725029,-73.990697,40.734814,-73.992085,member
224160,B20A44D1B9702751,docked_bike,2021-02-17 13:30:28,2021-02-17 13:35:11,E 2 St & 2 Ave,5593,Lafayette St & E 8 St,5788,40.725028,-73.990696,40.73020660529954,-73.99102628231049,member
224977,44F9994CAB7DD89D,docked_bike,2021-02-20 22:01:48,2021-02-20 22:14:36,E 1 St & 1 Ave,5593,E 14 St & Avenue B,5736,40.723355,-73.988649,40.72938685,-73.97772429,member
225020,57DFC5B542D2F963,docked_bike,2021-02-25 17:50:44,2021-02-25 18:20:55,E 1 St & 1 Ave,5593,Lafayette St & E 8 St,5788,40.723355,-73.988649,40.73020660529954,-73.99102628231049,member
225022,2ABDCF0A21A1DC9B,docked_bike,2021-02-27 13:54:01,2021-02-27 14:00:14,E 1 St & 1 Ave,5593,Lafayette St & E 8 St,5788,40.723356,-73.98865,40.730207,-73.991026,member
225063,E913DF8F21713726,docked_bike,2021-02-25 18:40:52,2021-02-25 18:52:54,E 1 St & 1 Ave,5593,Broadway & Roebling St,5125,40.723355,-73.988649,40.70924826276157,-73.96063148975372,member
226897,CAFC611C36947059,docked_bike,2021-02-26 12:25:20,2021-02-26 12:32:28,E 1 St & 1 Ave,5593,University Pl & E 14 St,5905,40.723356,-73.98865,40.734814,-73.992085,member
227047,D4C98EE6576803A5,docked_bike,2021-02-20 22:02:35,2021-02-20 22:10:39,E 1 St & 1 Ave,5593,E 14 St & Avenue B,5736,40.723355,-73.988649,40.72938685,-73.97772429,member
227061,17B20EB96BB396D3,docked_bike,2021-02-27 22:06:51,2021-02-27 22:15:50,E 1 St & 1 Ave,5593,University Pl & E 14 St,5905,40.723355,-73.988649,40.734814,-73.992085,casual
228539,73A4640CDA27C554,docked_bike,2021-02-06 09:57:32,2021-02-06 10:04:27,E 2 St & 2 Ave,5593,University Pl & E 14 St,5905,40.725028,-73.990696,40.734814,-73.992085,member
228551,188661BAC12609DA,docked_bike,2021-02-09 15:09:42,2021-02-09 15:14:09,E 2 St & 2 Ave,5593,Lafayette St & E 8 St,5788,40.725029,-73.990697,40.730207,-73.991026,member
228553,3E70DA449139D743,docked_bike,2021-02-21 10:03:23,2021-02-21 10:11:59,E 2 St & 2 Ave,5593,University Pl & E 14 St,5905,40.725029,-73.990697,40.734814,-73.992085,member
228554,0BE5B916A009EF6B,docked_bike,2021-02-13 09:15:22,2021-02-13 09:23:47,E 2 St & 2 Ave,5593,University Pl & E 14 St,5905,40.725029,-73.990697,40.734814,-73.992085,member
228562,AAE85767510C52DE,docked_bike,2021-02-16 14:51:38,2021-02-16 15:49:13,E 2 St & 2 Ave,5593,University Pl & E 14 St,5905,40.725028,-73.990696,40.734814,-73.992085,member
228573,A33951E802EAAB74,docked_bike,2021-02-09 17:11:01,2021-02-09 17:38:34,E 2 St & 2 Ave,5593,Lafayette St & E 8 St,5788,40.725028,-73.990696,40.73020660529954,-73.99102628231049,member
228578,52CF62B83A46EF4C,docked_bike,2021-02-24 08:21:45,2021-02-24 08:25:27,E 2 St & 2 Ave,5593,Lafayette St & E 8 St,5788,40.725028,-73.990696,40.73020660529954,-73.99102628231049,member
228689,57E1D1DA0ABE84DA,docked_bike,2021-02-12 17:06:08,2021-02-12 17:14:42,E 2 St & 2 Ave,5593,E 14 St & Avenue B,5736,40.725029,-73.990697,40.729387,-73.977724,member
228694,902D268E75567D6C,docked_bike,2021-02-09 11:25:48,2021-02-09 12:22:01,E 2 St & 2 Ave,5593,University Pl & E 14 St,5905,40.725029,-73.990697,40.734814,-73.992085,member
228730,ADA1B6AAB3AA74DE,docked_bike,2021-02-24 11:41:19,2021-02-24 11:45:53,E 2 St & 2 Ave,5593,Lafayette St & E 8 St,5788,40.725028,-73.990696,40.73020660529954,-73.99102628231049,member
228731,2B7942FA366023AD,docked_bike,2021-02-17 15:17:11,2021-02-17 15:22:31,E 2 St & 2 Ave,5593,Lafayette St & E 8 St,5788,40.725028,-73.990696,40.73020660529954,-73.99102628231049,member
228733,64D08121043D2C9A,docked_bike,2021-02-24 12:08:51,2021-02-24 12:14:24,E 2 St & 2 Ave,5593,University Pl & E 14 St,5905,40.725028,-73.990696,40.734814,-73.992085,member
228773,ACD22FEC08709606,docked_bike,2021-02-28 09:26:01,2021-02-28 09:32:26,E 2 St & 2 Ave,5593,University Pl & E 14 St,5905,40.725029,-73.990697,40.734814,-73.992085,member
228774,915F0DB311DF9552,docked_bike,2021-02-20 09:18:36,2021-02-20 09:28:40,E 2 St & 2 Ave,5593,University Pl & E 14 St,5905,40.725029,-73.990697,40.734814,-73.992085,member
228789,D54BB5615EAD624A,docked_bike,2021-02-15 18:08:19,2021-02-15 18:35:56,E 2 St & 2 Ave,5593,Metropolitan Ave & Meeker Ave,5300,40.725028,-73.990696,40.71413311,-73.95234386,casual
228792,CEDCFE3526484BC1,docked_bike,2021-02-10 10:11:51,2021-02-10 10:15:36,E 2 St & 2 Ave,5593,Lafayette St & E 8 St,5788,40.725029,-73.990697,40.730207,-73.991026,casual
232368,F20CE9BE59654D8A,docked_bike,2021-02-16 11:21:24,2021-02-16 11:39:15,E 2 St & 2 Ave,5593,E 9 St & Avenue C,5616,40.725028,-73.990696,40.72521311,-73.97768752,member
232369,2602A1E3A82D77E1,docked_bike,2021-02-12 14:12:24,2021-02-12 14:20:26,E 2 St & 2 Ave,5593,E 9 St & Avenue C,5616,40.725028,-73.990696,40.72521311,-73.97768752,member
232376,3BEFB4F9EF4F5980,docked_bike,2021-02-25 17:31:46,2021-02-25 18:05:02,E 2 St & 2 Ave,5593,Underhill Ave & Lincoln Pl,4042,40.725028,-73.990696,40.6740123,-73.9671457,member
232378,25121E145E6EF857,docked_bike,2021-02-28 18:54:05,2021-02-28 19:01:07,E 2 St & 2 Ave,5593,E 9 St & Avenue C,5616,40.725028,-73.990696,40.72521311,-73.97768752,member
232408,112982C0EE263E2C,docked_bike,2021-02-21 18:38:00,2021-02-21 18:45:35,E 2 St & 2 Ave,5593,E 9 St & Avenue C,5616,40.725028,-73.990696,40.72521311,-73.97768752,casual
235039,0DD4962AA10A5E97,docked_bike,2021-02-09 12:20:51,2021-02-09 12:24:32,E 2 St & 2 Ave,5593,E 12 St & 3 Ave,5788,40.725028,-73.990696,40.73223272,-73.98889957,member
235058,68F8FF77EAD0799B,docked_bike,2021-02-22 09:52:08,2021-02-22 09:58:18,E 2 St & 2 Ave,5593,W 13 St & 5 Ave,5947,40.725028,-73.990696,40.735445,-73.99431,member
235234,D1F4E65491130F46,docked_bike,2021-02-05 16:01:42,2021-02-05 16:07:26,E 2 St & 2 Ave,5593,E 12 St & 3 Ave,5788,40.725029,-73.990697,40.732233,-73.9889,member
235237,F41CB1BF63CD21EB,docked_bike,2021-02-03 19:40:44,2021-02-03 19:59:06,E 2 St & 2 Ave,5593,W 13 St & 5 Ave,5947,40.725029,-73.990697,40.735445,-73.99431,member
235250,EF32CAC9BC6AB623,docked_bike,2021-02-28 18:08:49,2021-02-28 18:16:42,E 2 St & 2 Ave,5593,W 13 St & 5 Ave,5947,40.725028,-73.990696,40.735445,-73.99431,member
238090,9BAAEB3ACB385F75,docked_bike,2021-02-24 23:38:00,2021-02-24 23:52:31,E 2 St & 2 Ave,5593,Lafayette Ave & Fort Greene Pl,4395,40.725028,-73.990696,40.68691865,-73.976682,casual
238101,BB939B5140BF17B0,docked_bike,2021-02-15 11:03:36,2021-02-15 11:27:12,E 2 St & 2 Ave,5593,Graham Ave & Grand St,5178,40.725029,-73.990697,40.711863,-73.944024,member
238116,74CAA724CC8E5C6D,docked_bike,2021-02-24 16:05:13,2021-02-24 16:29:17,E 2 St & 2 Ave,5593,Graham Ave & Grand St,5178,40.725028,-73.990696,40.711863,-73.944024,member
238127,C408AABFCE341E56,docked_bike,2021-02-26 12:32:23,2021-02-26 12:51:07,E 2 St & 2 Ave,5593,N 12 St & Bedford Ave,5450,40.725028,-73.990696,40.72079821,-73.95484712,member
238327,73BE8181F7C2114F,docked_bike,2021-02-26 18:26:39,2021-02-26 18:44:58,Madison Ave & E 26 St,6131,E 2 St & 2 Ave,5593,40.742684,-73.986713,40.72502876,-73.99069656,member
238328,BC36C192AEEC82FE,docked_bike,2021-02-26 18:27:04,2021-02-26 18:44:42,Madison Ave & E 26 St,6131,E 2 St & 2 Ave,5593,40.742684,-73.986713,40.72502876,-73.99069656,member
238331,DCB93C5A0E61DFB3,docked_bike,2021-02-22 17:37:21,2021-02-22 17:45:47,E 9 St & Avenue C,5616,E 2 St & 2 Ave,5593,40.725213,-73.977687,40.72502876,-73.99069656,member
238345,DE40B729EED30683,docked_bike,2021-02-20 11:37:17,2021-02-20 11:44:38,Grand St & Elizabeth St,5382,E 2 St & 2 Ave,5593,40.718822,-73.99596,40.72502876,-73.99069656,member
238347,794DF5605D5F4B9E,docked_bike,2021-02-24 20:18:23,2021-02-24 20:23:33,E 1 St & 1 Ave,5593,E 10 St & Avenue A,5659,40.723355,-73.988649,40.72740794,-73.98142006,member
238352,50FD4A93F1C988D7,docked_bike,2021-02-24 17:45:51,2021-02-24 17:53:42,Norfolk St & Broome St,5374,E 2 St & 2 Ave,5593,40.717227,-73.988021,40.725029,-73.990697,member
238368,29D3696643992661,docked_bike,2021-02-13 15:12:09,2021-02-13 15:32:40,E 47 St & 1 Ave,6498,E 2 St & 2 Ave,5593,40.752068,-73.967843,40.72502876,-73.99069656,member
238375,2C09D30AB39396C1,docked_bike,2021-02-26 13:44:35,2021-02-26 13:53:27,E 25 St & 2 Ave,6046,E 2 St & 2 Ave,5593,40.739126,-73.979737,40.72502876,-73.99069656,casual
238376,5B5E862ACA91BD54,docked_bike,2021-02-27 18:56:04,2021-02-27 19:05:32,E 25 St & 2 Ave,6046,E 2 St & 2 Ave,5593,40.739126,-73.979737,40.72502876,-73.99069656,member
238388,5C1FFAA2F30FCDEF,docked_bike,2021-02-14 13:04:58,2021-02-14 13:22:25,2 Ave & E 31 St,6197,E 2 St & 2 Ave,5593,40.742909,-73.97706,40.72502876,-73.99069656,member
238390,E8A6DDE70F884B81,docked_bike,2021-02-14 13:05:05,2021-02-14 13:22:39,2 Ave & E 31 St,6197,E 2 St & 2 Ave,5593,40.742909,-73.977061,40.725029,-73.990697,member
238391,36C7B90269A2B4F0,docked_bike,2021-02-25 08:43:56,2021-02-25 08:55:32,2 Ave & E 31 St,6197,E 2 St & 2 Ave,5593,40.742909,-73.977061,40.725029,-73.990697,member
238398,141BB18B0AA3D591,docked_bike,2021-02-16 13:51:48,2021-02-16 13:56:28,E 2 St & Avenue B,5515,E 2 St & 2 Ave,5593,40.722174,-73.983687,40.72502876,-73.99069656,member
238399,8A434A6875A1455B,docked_bike,2021-02-26 17:32:42,2021-02-26 17:41:22,E 2 St & Avenue B,5515,E 2 St & 2 Ave,5593,40.722174,-73.983688,40.725029,-73.990697,member
238409,27C19DE2E8F0B69D,docked_bike,2021-02-12 19:35:31,2021-02-12 19:57:54,W 36 St & 9 Ave,6569,E 2 St & 2 Ave,5593,40.754623,-73.995167,40.72502876,-73.99069656,member
238410,2E63BF31F7B3F728,docked_bike,2021-02-12 12:53:21,2021-02-12 13:08:00,Park Pl & Church St,5288,E 2 St & 2 Ave,5593,40.713341,-74.009355,40.72502876,-73.99069656,member
238417,E64D5A3D1325E314,docked_bike,2021-02-11 15:14:06,2021-02-11 15:31:39,N 12 St & Bedford Ave,5450,E 2 St & 2 Ave,5593,40.720798,-73.954847,40.72502876,-73.99069656,member
238419,83047BB7679C77A6,docked_bike,2021-02-24 17:16:17,2021-02-24 17:20:38,E 7 St & Avenue A,5626,E 2 St & 2 Ave,5593,40.726218,-73.983799,40.725029,-73.990697,member
238429,37207FCF0F76E8B9,docked_bike,2021-02-05 19:49:45,2021-02-05 20:02:08,Broadway & E 22 St,6098,E 2 St & 2 Ave,5593,40.740343,-73.989551,40.72502876,-73.99069656,member
238431,732B8B1B7FB160A9,docked_bike,2021-02-24 11:47:15,2021-02-24 12:17:32,Broadway & E 22 St,6098,E 2 St & 2 Ave,5593,40.740343,-73.989551,40.725029,-73.990697,member
238441,68950842DCFA5461,docked_bike,2021-02-19 12:29:51,2021-02-19 12:46:05,E 25 St & 1 Ave,6004,E 2 St & 2 Ave,5593,40.738176,-73.977386,40.72502876,-73.99069656,member
238445,4934C8CC543ACE3C,docked_bike,2021-02-12 18:44:20,2021-02-12 18:56:59,E 25 St & 1 Ave,6004,E 2 St & 2 Ave,5593,40.738177,-73.977387,40.725029,-73.990697,casual
238459,D6175860A27B5DC5,docked_bike,2021-02-21 11:46:34,2021-02-21 11:52:58,E 9 St & Avenue C,5616,E 2 St & 2 Ave,5593,40.725213,-73.977687,40.72502876,-73.99069656,member
238460,DC56C0B54AD8B327,docked_bike,2021-02-10 08:30:31,2021-02-10 08:39:03,E 9 St & Avenue C,5616,E 2 St & 2 Ave,5593,40.725213,-73.977688,40.725029,-73.990697,member
238474,672BB689421E1EF9,docked_bike,2021-02-21 11:22:26,2021-02-21 11:45:29,E 66 St & Madison Ave,6969,E 2 St & 2 Ave,5593,40.768008,-73.968452,40.72502876,-73.99069656,member
238485,D42162B6F8385CF2,docked_bike,2021-02-13 14:59:10,2021-02-13 15:18:14,Vesey Pl & River Terrace,5297,E 2 St & 2 Ave,5593,40.715337,-74.016583,40.72502876,-73.99069656,member
238490,31B587463E73B745,docked_bike,2021-02-06 14:12:51,2021-02-06 14:32:44,Vesey Pl & River Terrace,5297,E 2 St & 2 Ave,5593,40.715337,-74.016583,40.72502876,-73.99069656,member
238494,A5703218885909B2,docked_bike,2021-02-06 17:54:07,2021-02-06 18:07:52,Front St & Jay St,4895,E 2 St & 2 Ave,5593,40.702461,-73.986842,40.72502876,-73.99069656,member
238498,36F59D406DF341FF,docked_bike,2021-02-22 10:52:24,2021-02-22 10:57:51,E 6 St & Avenue B,5584,E 2 St & 2 Ave,5593,40.724537,-73.981854,40.72502876,-73.99069656,member
238499,A862778E92CFFFA7,docked_bike,2021-02-08 19:08:29,2021-02-08 19:13:41,E 6 St & Avenue B,5584,E 2 St & 2 Ave,5593,40.724537,-73.981854,40.72502876,-73.99069656,member
238502,33B59D6B2D3825B9,docked_bike,2021-02-24 16:26:06,2021-02-24 16:31:49,Washington Pl & 6 Ave,5838,E 2 St & 2 Ave,5593,40.732241,-74.000263,40.72502876,-73.99069656,casual
238503,1E41B2FD80DD9C17,docked_bike,2021-02-06 22:16:17,2021-02-06 22:38:28,W 15 St & 6 Ave,5989,E 2 St & 2 Ave,5593,40.738046,-73.99643,40.725029,-73.990697,member
238508,7ABC4C661948B671,docked_bike,2021-02-21 18:31:48,2021-02-21 19:00:04,Cadman Plaza E & Tillary St,4677,E 2 St & 2 Ave,5593,40.695977,-73.990149,40.725029,-73.990697,member
238509,C8CC0437F36E3A6E,docked_bike,2021-02-23 18:01:47,2021-02-23 18:30:16,Cadman Plaza E & Tillary St,4677,E 2 St & 2 Ave,5593,40.695977,-73.990149,40.725029,-73.990697,member
238515,B07EE10BE59FC614,docked_bike,2021-02-16 15:37:42,2021-02-16 15:47:33,Henry St & Grand St,5294,E 2 St & 2 Ave,5593,40.714211,-73.981095,40.725029,-73.990697,member
238533,85AC3249BF1E41E8,docked_bike,2021-02-28 18:00:07,2021-02-28 18:08:52,Grand St & Elizabeth St,5382,E 2 St & 2 Ave,5593,40.718822,-73.99596,40.72502876,-73.99069656,casual
238536,A4764696B0FE331D,docked_bike,2021-02-21 17:33:03,2021-02-21 17:40:27,Grand St & Elizabeth St,5382,E 2 St & 2 Ave,5593,40.718822,-73.99596,40.72502876,-73.99069656,member
238551,09A6CBCD57F9ECC2,docked_bike,2021-02-26 19:02:37,2021-02-26 19:05:50,Cooper Square & Astor Pl,5712,E 2 St & 2 Ave,5593,40.729515,-73.990753,40.725029,-73.990697,member
238553,7834BF025CBF215B,docked_bike,2021-02-24 15:21:14,2021-02-24 15:55:43,E 118 St & 1 Ave,7596,E 2 St & 2 Ave,5593,40.79747,-73.93504,40.72502876,-73.99069656,member
238571,0894F83AEB317C53,docked_bike,2021-02-10 14:46:05,2021-02-10 15:21:37,E 118 St & 1 Ave,7596,E 2 St & 2 Ave,5593,40.79747,-73.93504,40.72502876,-73.99069656,member
238572,BA5184C4ED1A639B,docked_bike,2021-02-21 12:53:29,2021-02-21 13:04:08,University Pl & E 14 St,5905,E 2 St & 2 Ave,5593,40.734814,-73.992085,40.725029,-73.990697,member
238585,820D50F82C07B2BC,docked_bike,2021-02-16 22:35:41,2021-02-16 22:38:28,Lafayette St & E 8 St,5788,E 2 St & 2 Ave,5593,40.730206,-73.991026,40.72502876,-73.99069656,member
238589,20EE81C3B662FB15,docked_bike,2021-02-14 12:48:17,2021-02-14 12:57:49,University Pl & E 14 St,5905,E 2 St & 2 Ave,5593,40.734814,-73.992085,40.725029,-73.990697,member
238590,3364DF5D76276572,docked_bike,2021-02-28 11:49:46,2021-02-28 11:57:31,University Pl & E 14 St,5905,E 2 St & 2 Ave,5593,40.734814,-73.992085,40.725029,-73.990697,member
238591,17A9387E54D3E566,docked_bike,2021-02-08 14:45:57,2021-02-08 15:20:13,E 118 St & 1 Ave,7596,E 2 St & 2 Ave,5593,40.79747,-73.93504,40.72502876,-73.99069656,member
238600,196A9BEADB1818FC,docked_bike,2021-02-24 15:40:02,2021-02-24 16:12:06,West Drive & Prospect Park West,3651,E 2 St & 2 Ave,5593,40.661063,-73.979452,40.72502876,-73.99069656,casual
238602,2D9062CEC6E9AEE9,docked_bike,2021-02-21 16:01:13,2021-02-21 16:25:39,Fulton St & Broadway,5175,E 2 St & 2 Ave,5593,40.711066,-74.009447,40.72502876,-73.99069656,casual
238607,B2EEAD53601A7296,docked_bike,2021-02-17 17:26:49,2021-02-17 17:36:53,W 21 St & 6 Ave,6140,E 2 St & 2 Ave,5593,40.741739,-73.994155,40.72502876,-73.99069656,member
238611,14A008B347BF42A1,docked_bike,2021-02-20 10:06:11,2021-02-20 10:38:01,W 34 St & 11 Ave,6578,E 2 St & 2 Ave,5593,40.755942,-74.002116,40.725029,-73.990697,member
238625,C79481F55DFF8B33,docked_bike,2021-02-20 12:39:28,2021-02-20 12:48:37,E 13 St & Avenue A,5779,E 2 St & 2 Ave,5593,40.729667,-73.980679,40.72502876,-73.99069656,member
238631,C1F236D9DF57BF7E,docked_bike,2021-02-22 06:47:39,2021-02-22 06:55:21,E 27 St & 1 Ave,6004,E 2 St & 2 Ave,5593,40.739445,-73.976806,40.72502876,-73.99069656,member
238637,7180688620D7ABC4,docked_bike,2021-02-19 09:55:27,2021-02-19 10:04:29,Hudson St & W 13 St,6115,E 2 St & 2 Ave,5593,40.740057,-74.005274,40.725029,-73.990697,member
238660,3A83CBB177D8B20F,docked_bike,2021-02-12 18:01:03,2021-02-12 18:15:23,E 27 St & 1 Ave,6004,E 2 St & 2 Ave,5593,40.739445,-73.976806,40.72502876,-73.99069656,member
238665,DA1D06CEEF567A5B,docked_bike,2021-02-10 15:10:07,2021-02-10 15:19:39,W 21 St & 6 Ave,6140,E 2 St & 2 Ave,5593,40.74174,-73.994156,40.725029,-73.990697,member
238671,17965F13E0B536A8,docked_bike,2021-02-25 16:39:06,2021-02-25 16:45:59,Canal St & Rutgers St,5303,E 2 St & 2 Ave,5593,40.714274,-73.9899,40.72502876,-73.99069656,member
238672,7E72D14E8BE0C45B,docked_bike,2021-02-20 11:35:17,2021-02-20 12:09:12,Canal St & Rutgers St,5303,E 2 St & 2 Ave,5593,40.714274,-73.9899,40.72502876,-73.99069656,member
238673,284EE498BF142D33,docked_bike,2021-02-25 04:56:58,2021-02-25 05:03:39,Canal St & Rutgers St,5303,E 2 St & 2 Ave,5593,40.714274,-73.9899,40.72502876,-73.99069656,casual
238684,731092EEBD2E50CD,docked_bike,2021-02-16 07:10:03,2021-02-16 07:16:47,1 Ave & E 18 St,5854,E 2 St & 2 Ave,5593,40.733812,-73.980544,40.72502876,-73.99069656,casual
238721,B7DB31CB6AAB059D,docked_bike,2021-02-26 18:54:44,2021-02-26 18:59:38,St Marks Pl & 1 Ave,5626,E 2 St & 2 Ave,5593,40.727791,-73.985649,40.72502876,-73.99069656,member
238722,9CA8119B9566D904,docked_bike,2021-02-05 09:42:30,2021-02-05 09:45:19,St Marks Pl & 1 Ave,5626,E 2 St & 2 Ave,5593,40.727791,-73.985649,40.725029,-73.990697,member
238729,D69D0921A4D8EB8A,docked_bike,2021-02-17 10:18:25,2021-02-17 10:27:13,E 25 St & 1 Ave,6004,E 2 St & 2 Ave,5593,40.738176,-73.977386,40.72502876,-73.99069656,member
238730,214739749809FABD,docked_bike,2021-02-17 08:41:55,2021-02-17 08:44:39,St Marks Pl & 1 Ave,5626,E 2 St & 2 Ave,5593,40.727791,-73.985649,40.72502876,-73.99069656,member
238737,A8E4D1DE2DF825A7,docked_bike,2021-02-20 10:49:19,2021-02-20 10:53:53,E 2 St & Avenue B,5515,E 2 St & 2 Ave,5593,40.722174,-73.983687,40.72502876,-73.99069656,member
238738,CC8A3AD3EBDD1335,docked_bike,2021-02-27 18:10:25,2021-02-27 18:14:22,E 2 St & Avenue B,5515,E 2 St & 2 Ave,5593,40.722174,-73.983687,40.72502876,-73.99069656,member
238741,F273248A571BC93A,docked_bike,2021-02-13 09:53:35,2021-02-13 09:56:11,St Marks Pl & 1 Ave,5626,E 2 St & 2 Ave,5593,40.727791,-73.985649,40.725029,-73.990697,member
238742,941339E97587F868,docked_bike,2021-02-17 12:13:04,2021-02-17 12:15:45,St Marks Pl & 1 Ave,5626,E 2 St & 2 Ave,5593,40.727791,-73.985649,40.725029,-73.990697,member
238747,FC014EC288432FCF,docked_bike,2021-02-28 09:57:47,2021-02-28 10:00:57,E 2 St & Avenue B,5515,E 2 St & 2 Ave,5593,40.722174,-73.983687,40.72502876,-73.99069656,member
238749,818013DFD4952697,docked_bike,2021-02-08 17:51:00,2021-02-08 17:54:00,E 2 St & Avenue B,5515,E 2 St & 2 Ave,5593,40.722174,-73.983688,40.725029,-73.990697,member
238750,5D2FB01B8FA74621,docked_bike,2021-02-24 16:31:22,2021-02-24 16:35:10,E 2 St & Avenue B,5515,E 2 St & 2 Ave,5593,40.722174,-73.983688,40.725029,-73.990697,member
238756,82CB4BB00190D9A0,docked_bike,2021-02-07 07:51:02,2021-02-07 08:07:52,E 53 St & 3 Ave,6617,E 2 St & 2 Ave,5593,40.757632,-73.969305,40.72502876,-73.99069656,member
238761,C744C05E0EC203D4,docked_bike,2021-02-24 11:15:35,2021-02-24 11:22:20,University Pl & E 8 St,5755,E 2 St & 2 Ave,5593,40.731437,-73.994903,40.725029,-73.990697,casual
238767,DE0246D971BD7049,docked_bike,2021-02-27 19:05:25,2021-02-27 19:10:21,University Pl & E 8 St,5755,E 2 St & 2 Ave,5593,40.731437,-73.994903,40.72502876,-73.99069656,casual
238771,D9A85759E263391D,docked_bike,2021-02-24 15:49:42,2021-02-24 15:54:16,University Pl & E 8 St,5755,E 2 St & 2 Ave,5593,40.731437,-73.994903,40.72502876,-73.99069656,member
238772,DDC81F81347D9828,docked_bike,2021-02-16 15:12:39,2021-02-16 15:23:46,John St & William St,5065,E 2 St & 2 Ave,5593,40.708621,-74.007221,40.72502876,-73.99069656,member
238774,AE11C6CA5BB792D8,docked_bike,2021-02-20 10:40:46,2021-02-20 10:47:29,University Pl & E 8 St,5755,E 2 St & 2 Ave,5593,40.731437,-73.994903,40.725029,-73.990697,member
238784,4F24E9850F6E8898,docked_bike,2021-02-23 18:32:35,2021-02-23 18:40:33,Barrow St & Hudson St,5805,E 2 St & 2 Ave,5593,40.731724,-74.006744,40.72502876,-73.99069656,member
238785,E333F675B48CA6F1,docked_bike,2021-02-17 15:50:52,2021-02-17 16:04:31,Barrow St & Hudson St,5805,E 2 St & 2 Ave,5593,40.731724,-74.006744,40.72502876,-73.99069656,casual
238790,1330CF5F80F14B85,docked_bike,2021-02-26 09:26:55,2021-02-26 09:30:28,E 2 St & Avenue B,5515,E 2 St & 2 Ave,5593,40.722174,-73.983687,40.72502876,-73.99069656,member
238799,5DC9295B406E260A,docked_bike,2021-02-08 07:43:32,2021-02-08 07:50:48,E 6 St & Avenue D,5506,E 2 St & 2 Ave,5593,40.722281,-73.976687,40.725029,-73.990697,member
238800,380C56B16001D519,docked_bike,2021-02-10 07:39:19,2021-02-10 07:47:37,E 6 St & Avenue D,5506,E 2 St & 2 Ave,5593,40.722281,-73.976687,40.725029,-73.990697,member
238801,577F0EEB6EE16F95,docked_bike,2021-02-21 08:54:25,2021-02-21 09:01:00,E 6 St & Avenue D,5506,E 2 St & 2 Ave,5593,40.722281,-73.976687,40.725029,-73.990697,member
238802,E5F3AA83016A1DE4,docked_bike,2021-02-13 07:40:50,2021-02-13 07:48:20,E 6 St & Avenue D,5506,E 2 St & 2 Ave,5593,40.722281,-73.976687,40.725029,-73.990697,member
238803,03CC94041958B6BF,docked_bike,2021-02-07 10:00:53,2021-02-07 10:07:56,E 6 St & Avenue D,5506,E 2 St & 2 Ave,5593,40.722281,-73.976687,40.725029,-73.990697,member
238805,38AD111DC9B2A7F5,docked_bike,2021-02-08 15:40:46,2021-02-08 15:50:25,Cliff St & Fulton St,5065,E 2 St & 2 Ave,5593,40.70838,-74.00495,40.72502876,-73.99069656,member
238806,13973055158AD12F,docked_bike,2021-02-22 09:32:15,2021-02-22 09:40:30,2 Ave & 29 St,6122,E 2 St & 2 Ave,5593,40.74147,-73.978221,40.72502876,-73.99069656,member
238819,F6BA1B19790844AC,docked_bike,2021-02-26 17:40:10,2021-02-26 17:47:29,Broadway & E 14 St,5905,E 2 St & 2 Ave,5593,40.734545,-73.990741,40.72502876,-73.99069656,casual
238828,66109E3972938B19,docked_bike,2021-02-24 16:02:21,2021-02-24 16:14:05,North Moore St & Greenwich St,5470,E 2 St & 2 Ave,5593,40.720195,-74.010301,40.725029,-73.990697,member
238829,29AF844E42372C41,docked_bike,2021-02-10 16:01:29,2021-02-10 16:13:20,North Moore St & Greenwich St,5470,E 2 St & 2 Ave,5593,40.720195,-74.010301,40.725029,-73.990697,member
238830,22A7A884E48006E1,docked_bike,2021-02-25 21:43:39,2021-02-25 21:55:16,North Moore St & Greenwich St,5470,E 2 St & 2 Ave,5593,40.720195,-74.010301,40.725029,-73.990697,member
238834,75844B2C5CAB41F7,docked_bike,2021-02-20 18:07:49,2021-02-20 18:12:42,E 2 St & Avenue C,5476,E 2 St & 2 Ave,5593,40.720874,-73.980858,40.725029,-73.990697,member
238837,61A185D0EF0B71FE,docked_bike,2021-02-26 18:27:24,2021-02-26 18:46:43,West St & Liberty St,5184,E 2 St & 2 Ave,5593,40.711444,-74.014847,40.72502876,-73.99069656,member
238840,988DFE90FBC00AC1,docked_bike,2021-02-06 13:34:42,2021-02-06 13:52:13,St James Pl & Oliver St,5238,E 2 St & 2 Ave,5593,40.713079,-73.998511,40.72502876,-73.99069656,member
238852,CD56833E63C7D464,docked_bike,2021-02-23 21:32:54,2021-02-23 22:25:38,E 55 St & 2 Ave,6650,E 2 St & 2 Ave,5593,40.757973,-73.966033,40.725029,-73.990697,member
238853,D831FA34D95EA4B0,docked_bike,2021-02-08 18:19:03,2021-02-08 18:51:30,Broadway & W 25 St,6173,E 2 St & 2 Ave,5593,40.742869,-73.989186,40.725029,-73.990697,member
238857,C271CA6A2D7B1DAD,docked_bike,2021-02-10 09:31:26,2021-02-10 09:43:08,Broadway & W 25 St,6173,E 2 St & 2 Ave,5593,40.742869,-73.989186,40.725029,-73.990697,casual
238860,434E1BFB4C9D23BE,docked_bike,2021-02-23 21:34:53,2021-02-23 22:04:54,Reade St & Broadway,5247,E 2 St & 2 Ave,5593,40.714504,-74.005627,40.72502876,-73.99069656,member
238864,581D1F2B27360AE3,docked_bike,2021-02-25 11:53:31,2021-02-25 12:06:11,Hudson St & W 13 St,6115,E 2 St & 2 Ave,5593,40.740057,-74.005274,40.725029,-73.990697,member
238866,DF671EAA541C3083,docked_bike,2021-02-21 10:49:33,2021-02-21 11:13:29,Bedford Ave & Bergen St,4066,E 2 St & 2 Ave,5593,40.676368,-73.952918,40.72502876,-73.99069656,member
238869,57DFAE3F83822FD0,docked_bike,2021-02-20 20:20:12,2021-02-20 20:35:51,E 47 St & 2 Ave,6498,E 2 St & 2 Ave,5593,40.75323,-73.970325,40.72502876,-73.99069656,casual
238879,3F11F10C985DC7B5,docked_bike,2021-02-16 10:03:48,2021-02-16 10:41:21,Irving Ave & Jefferson St,5051,E 2 St & 2 Ave,5593,40.70538,-73.92535,40.72502876,-73.99069656,member
238881,63CCF7DC8FE47D2E,docked_bike,2021-02-20 20:20:03,2021-02-20 20:34:37,E 47 St & 2 Ave,6498,E 2 St & 2 Ave,5593,40.75323,-73.970325,40.72502876,-73.99069656,member
238912,67245DF83AFCDAC1,docked_bike,2021-02-25 07:26:43,2021-02-25 07:40:06,Duffield St & Willoughby St,4596,E 2 St & 2 Ave,5593,40.692215,-73.984284,40.72502876,-73.99069656,member
238924,04F416328E559337,docked_bike,2021-02-20 18:16:55,2021-02-20 18:19:49,Stanton St & Norfolk St,5445,E 2 St & 2 Ave,5593,40.720747,-73.986274,40.72502876,-73.99069656,member
238934,F77D063637041D66,docked_bike,2021-02-27 12:05:50,2021-02-27 12:07:26,E 5 St & Cooper Sq,5712,E 2 St & 2 Ave,5593,40.72769,-73.990993,40.725029,-73.990697,member
238936,4254ADFF3AF84024,docked_bike,2021-02-05 18:33:44,2021-02-05 18:46:17,W 22 St & 10 Ave,6306,E 2 St & 2 Ave,5593,40.74692,-74.004519,40.725029,-73.990697,member
238949,EB20EE1F02F2F2E1,docked_bike,2021-02-04 11:33:05,2021-02-04 11:47:10,5 Ave & E 29 St,6248,E 2 St & 2 Ave,5593,40.745168,-73.986831,40.725029,-73.990697,member
238955,C64A2CD9EF94D065,docked_bike,2021-02-20 09:50:44,2021-02-20 09:57:45,E 9 St & Avenue C,5616,E 2 St & 2 Ave,5593,40.725213,-73.977687,40.72502876,-73.99069656,member
238956,FE8287AE7308E041,docked_bike,2021-02-10 16:42:44,2021-02-10 16:50:59,E 9 St & Avenue C,5616,E 2 St & 2 Ave,5593,40.725213,-73.977687,40.72502876,-73.99069656,member
238958,BDF95CDC0183A44D,docked_bike,2021-02-25 09:22:02,2021-02-25 09:30:50,E 9 St & Avenue C,5616,E 2 St & 2 Ave,5593,40.725213,-73.977687,40.72502876,-73.99069656,member
238961,ECF41EC7D6BF2449,docked_bike,2021-02-08 17:43:03,2021-02-08 17:53:09,E 9 St & Avenue C,5616,E 2 St & 2 Ave,5593,40.725213,-73.977687,40.72502876,-73.99069656,member
238971,355A146EDDD75C8C,docked_bike,2021-02-23 19:26:08,2021-02-23 19:34:38,E 9 St & Avenue C,5616,E 2 St & 2 Ave,5593,40.725213,-73.977687,40.72502876,-73.99069656,member
238977,D9BB8913FFEF92CD,docked_bike,2021-02-17 10:11:55,2021-02-17 10:15:22,E 6 St & Avenue B,5584,E 2 St & 2 Ave,5593,40.724537,-73.981854,40.72502876,-73.99069656,member
238978,84076EB9D7FE823B,docked_bike,2021-02-28 16:29:32,2021-02-28 16:35:53,Washington Pl & 6 Ave,5838,E 2 St & 2 Ave,5593,40.732241,-74.000263,40.72502876,-73.99069656,casual
238979,DC770ABA19A71A89,docked_bike,2021-02-17 10:48:53,2021-02-17 10:54:14,E 6 St & Avenue B,5584,E 2 St & 2 Ave,5593,40.724537,-73.981854,40.725029,-73.990697,member
238981,E46F0ECA4F0FDF40,docked_bike,2021-02-16 08:51:20,2021-02-16 08:57:33,Clinton St & Grand St,5303,E 2 St & 2 Ave,5593,40.715595,-73.98703,40.725029,-73.990697,member
238982,5A674EADE177CACC,docked_bike,2021-02-25 08:39:10,2021-02-25 08:46:08,Clinton St & Grand St,5303,E 2 St & 2 Ave,5593,40.715595,-73.98703,40.725029,-73.990697,member
238986,39AA00CA5F3B1DBB,docked_bike,2021-02-05 15:18:03,2021-02-05 15:40:55,Washington Pl & Broadway,5755,E 2 St & 2 Ave,5593,40.729039,-73.994046,40.72502876,-73.99069656,member
238987,37F1016871E73473,docked_bike,2021-02-09 15:16:44,2021-02-09 15:20:50,Washington Pl & Broadway,5755,E 2 St & 2 Ave,5593,40.729039,-73.994046,40.72502876,-73.99069656,member
238988,D699A6B527F8B37E,docked_bike,2021-02-27 22:54:19,2021-02-27 22:59:24,E 6 St & Avenue B,5584,E 2 St & 2 Ave,5593,40.724537,-73.981854,40.72502876,-73.99069656,member
238989,BF48CBFE087C2F82,docked_bike,2021-02-07 17:36:13,2021-02-07 17:42:23,Washington Pl & 6 Ave,5838,E 2 St & 2 Ave,5593,40.732241,-74.000263,40.72502876,-73.99069656,member
238990,4E879171F0153B35,docked_bike,2021-02-08 17:32:02,2021-02-08 17:37:17,Washington Pl & 6 Ave,5838,E 2 St & 2 Ave,5593,40.732241,-74.000263,40.72502876,-73.99069656,member
238996,FA2B2FD9D24334D1,docked_bike,2021-02-19 11:58:13,2021-02-19 12:03:15,E 6 St & Avenue B,5584,E 2 St & 2 Ave,5593,40.724537,-73.981854,40.72502876,-73.99069656,member
239000,D8CA7A7D96FF46E8,docked_bike,2021-02-25 18:01:51,2021-02-25 18:07:03,Washington Pl & Broadway,5755,E 2 St & 2 Ave,5593,40.729039,-73.994046,40.72502876,-73.99069656,member
239003,C5F6015C975526B4,docked_bike,2021-02-06 10:57:20,2021-02-06 11:03:17,Clinton St & Grand St,5303,E 2 St & 2 Ave,5593,40.715595,-73.987029,40.72502876,-73.99069656,member
239006,9DDB27314116D1BA,docked_bike,2021-02-25 16:28:38,2021-02-25 16:32:44,E 6 St & Avenue B,5584,E 2 St & 2 Ave,5593,40.724537,-73.981854,40.72502876,-73.99069656,member
239016,FD7F81675C35DCA8,docked_bike,2021-02-22 18:19:41,2021-02-22 18:26:17,Clinton St & Grand St,5303,E 2 St & 2 Ave,5593,40.715595,-73.98703,40.725029,-73.990697,member
239023,6B332DC0D3A41F14,docked_bike,2021-02-17 12:14:12,2021-02-17 12:52:41,W 46 St & 11 Ave,6795,E 2 St & 2 Ave,5593,40.763414,-73.996674,40.725029,-73.990697,member
239024,A012613AF358FAFD,docked_bike,2021-02-11 11:08:19,2021-02-11 11:13:54,Washington Pl & Broadway,5755,E 2 St & 2 Ave,5593,40.729039,-73.994046,40.725029,-73.990697,member
239027,2174EBEBED2E8F11,docked_bike,2021-02-27 11:34:17,2021-02-27 11:40:46,Washington Pl & 6 Ave,5838,E 2 St & 2 Ave,5593,40.732241,-74.000264,40.725029,-73.990697,member
239030,105CAD0D2E57C0A0,docked_bike,2021-02-09 11:26:50,2021-02-09 11:37:36,Washington Pl & 6 Ave,5838,E 2 St & 2 Ave,5593,40.732241,-74.000264,40.725029,-73.990697,member
239051,C2165FD1E29A285B,docked_bike,2021-02-12 14:05:36,2021-02-12 14:11:09,E 6 St & Avenue B,5584,E 2 St & 2 Ave,5593,40.724537,-73.981854,40.72502876,-73.99069656,member
239052,227BB56255B058CF,docked_bike,2021-02-25 12:48:30,2021-02-25 12:54:15,E 6 St & Avenue B,5584,E 2 St & 2 Ave,5593,40.724537,-73.981854,40.725029,-73.990697,member
239054,18470746D00F3A79,docked_bike,2021-02-27 16:37:15,2021-02-27 16:52:29,Washington Pl & Broadway,5755,E 2 St & 2 Ave,5593,40.729039,-73.994046,40.72502876,-73.99069656,member
239055,9B5668003281E283,docked_bike,2021-02-14 12:36:12,2021-02-14 12:41:42,Washington Pl & 6 Ave,5838,E 2 St & 2 Ave,5593,40.732241,-74.000263,40.72502876,-73.99069656,member
239057,EB22CB9C4CB528DA,docked_bike,2021-02-08 16:49:58,2021-02-08 17:02:08,Clinton St & Grand St,5303,E 2 St & 2 Ave,5593,40.715595,-73.98703,40.725029,-73.990697,member
239058,79E70A6FCAB99DD4,docked_bike,2021-02-28 12:17:32,2021-02-28 12:24:36,Clinton St & Grand St,5303,E 2 St & 2 Ave,5593,40.715595,-73.987029,40.72502876,-73.99069656,member
239075,1A08F900FF773EEA,docked_bike,2021-02-12 18:34:50,2021-02-12 19:16:34,Lafayette Ave & Classon Ave,4452,E 2 St & 2 Ave,5593,40.689004,-73.960238,40.72502876,-73.99069656,member
239080,B29D21CBB3C69DEE,docked_bike,2021-02-25 17:26:04,2021-02-25 17:33:59,Broadway & W 29 St,6289,E 2 St & 2 Ave,5593,40.7462,-73.988557,40.72502876,-73.99069656,member
239103,8F6F96CABA89E0F1,docked_bike,2021-02-25 15:31:40,2021-02-25 15:36:22,E 13 St & 2 Ave,5820,E 2 St & 2 Ave,5593,40.731539,-73.985302,40.72502876,-73.99069656,member
239121,68ABDD913E373ACD,docked_bike,2021-02-20 14:17:42,2021-02-20 14:23:10,E 13 St & 2 Ave,5820,E 2 St & 2 Ave,5593,40.731539,-73.985302,40.72502876,-73.99069656,member
239122,757495172054B10B,docked_bike,2021-02-17 12:18:18,2021-02-17 12:22:54,E 13 St & 2 Ave,5820,E 2 St & 2 Ave,5593,40.731539,-73.985302,40.72502876,-73.99069656,member
239129,29D4847FF3351450,docked_bike,2021-02-20 11:46:20,2021-02-20 12:03:07,Driggs Ave & N 9 St,5411,E 2 St & 2 Ave,5593,40.71817,-73.955201,40.725029,-73.990697,casual
239130,7B86B1BE806518DB,docked_bike,2021-02-28 15:13:38,2021-02-28 15:16:56,E 2 St & Avenue B,5515,E 2 St & 2 Ave,5593,40.722174,-73.983687,40.72502876,-73.99069656,casual
239133,8BAA0889529E9507,docked_bike,2021-02-22 17:31:58,2021-02-22 17:37:11,E 2 St & Avenue B,5515,E 2 St & 2 Ave,5593,40.722174,-73.983687,40.72502876,-73.99069656,casual
239137,5C48D97C5048E29C,docked_bike,2021-02-26 16:28:30,2021-02-26 16:33:45,E 2 St & Avenue B,5515,E 2 St & 2 Ave,5593,40.722174,-73.983688,40.725029,-73.990697,member
239145,9A1B206222BAC0A2,docked_bike,2021-02-21 13:14:21,2021-02-21 13:22:01,Perry St & Bleecker St,5922,E 2 St & 2 Ave,5593,40.735353,-74.00483,40.72502876,-73.99069656,member
239147,5E181B1CCDA61043,docked_bike,2021-02-09 19:47:03,2021-02-09 19:59:59,Bank St & Hudson St,5922,E 2 St & 2 Ave,5593,40.736529,-74.00618,40.725029,-73.990697,casual
239152,71166854D4946CC1,docked_bike,2021-02-09 20:55:57,2021-02-09 21:04:19,E 20 St & Park Ave,6055,E 2 St & 2 Ave,5593,40.738274,-73.987519,40.72502876,-73.99069656,casual
239155,8CAFC32EE7DEF509,docked_bike,2021-02-24 17:54:34,2021-02-24 18:20:01,Cadman Plaza E & Tillary St,4677,E 2 St & 2 Ave,5593,40.695977,-73.990149,40.725029,-73.990697,member
239176,939F00939BF11645,docked_bike,2021-02-26 17:51:52,2021-02-26 18:21:00,E 81 St & York Ave,7084,E 2 St & 2 Ave,5593,40.772838,-73.949892,40.72502876,-73.99069656,member
239182,34EC028E723A4F15,docked_bike,2021-02-12 18:06:59,2021-02-12 18:13:35,E 5 St & Avenue C,5545,E 2 St & 2 Ave,5593,40.722992,-73.979954,40.72502876,-73.99069656,member
239189,3D3C64EFD9DAE4F9,docked_bike,2021-02-26 14:23:45,2021-02-26 14:37:36,Greenwich St & Hubert St,5470,E 2 St & 2 Ave,5593,40.721319,-74.010065,40.725029,-73.990697,member
239190,1F2D1531FB14E1B5,docked_bike,2021-02-17 18:55:42,2021-02-17 18:59:59,Grand St & Elizabeth St,5382,E 2 St & 2 Ave,5593,40.718822,-73.99596,40.72502876,-73.99069656,member
239222,8C1B241B3E44CB09,docked_bike,2021-02-12 16:22:58,2021-02-12 16:34:42,1 Ave & E 30 St,6079,E 2 St & 2 Ave,5593,40.741443,-73.97536,40.72502876,-73.99069656,member
239223,36FB889A54A17F79,docked_bike,2021-02-11 17:00:25,2021-02-11 17:12:24,1 Ave & E 30 St,6079,E 2 St & 2 Ave,5593,40.741443,-73.97536,40.72502876,-73.99069656,member
239224,F5C9546E8F11F8CE,docked_bike,2021-02-18 18:53:26,2021-02-18 19:08:02,1 Ave & E 30 St,6079,E 2 St & 2 Ave,5593,40.741443,-73.97536,40.72502876,-73.99069656,member
239271,6150BB2E61C5427C,docked_bike,2021-02-20 18:48:18,2021-02-20 19:07:28,Perry St & Greenwich Ave,5955,E 2 St & 2 Ave,5593,40.735918,-74.000939,40.72502876,-73.99069656,member
239272,1D611523B0AC94F7,docked_bike,2021-02-27 19:23:58,2021-02-27 19:30:11,Mercer St & Spring St,5532,E 2 St & 2 Ave,5593,40.723627,-73.999496,40.72502876,-73.99069656,casual
239278,F87172F7F8C559E7,docked_bike,2021-02-27 19:23:11,2021-02-27 19:30:49,Mercer St & Spring St,5532,E 2 St & 2 Ave,5593,40.723627,-73.999496,40.72502876,-73.99069656,casual
239279,D81AE85B31B19342,docked_bike,2021-02-21 12:45:17,2021-02-21 13:03:30,Wythe Ave & Metropolitan Ave,5348,E 2 St & 2 Ave,5593,40.716887,-73.963198,40.72502876,-73.99069656,casual
239280,074138AD36F6C5BD,docked_bike,2021-02-14 18:30:23,2021-02-14 19:30:10,Brook Ave & E 141 St,7740,E 2 St & 2 Ave,5593,40.809619,-73.917875,40.725029,-73.990697,member
239281,A0CABF67C7543567,docked_bike,2021-02-24 21:24:16,2021-02-24 21:30:00,Perry St & Greenwich Ave,5955,E 2 St & 2 Ave,5593,40.735918,-74.000939,40.725029,-73.990697,member
239294,83DB4F2170967E5B,docked_bike,2021-02-21 19:15:04,2021-02-21 19:23:47,Clinton St & Grand St,5303,E 2 St & 2 Ave,5593,40.715595,-73.98703,40.725029,-73.990697,member
239307,4BED8C8CEBAC114D,docked_bike,2021-02-11 12:58:48,2021-02-11 13:10:30,Avenue D & E 3 St,5436,E 2 St & 2 Ave,5593,40.720828,-73.977932,40.725029,-73.990697,member
239326,B637DEB2A604EA03,docked_bike,2021-02-17 10:43:33,2021-02-17 10:54:32,Spring St & Hudson St,5653,E 2 St & 2 Ave,5593,40.725839,-74.007653,40.72502876,-73.99069656,member
239327,6ACFCA2314C243DC,docked_bike,2021-02-20 19:19:02,2021-02-20 19:37:44,N 15 St & Wythe Ave,5520,E 2 St & 2 Ave,5593,40.724055,-73.955736,40.72502876,-73.99069656,member
239337,26621E26EF3D6731,docked_bike,2021-02-19 22:16:11,2021-02-19 22:31:40,Grand St & Havemeyer St,5267,E 2 St & 2 Ave,5593,40.712868,-73.956981,40.72502876,-73.99069656,member
239344,546A02318064FD8B,docked_bike,2021-02-06 14:09:28,2021-02-06 14:09:31,E 2 St & 2 Ave,5593,E 2 St & 2 Ave,5593,40.725029,-73.990697,40.725029,-73.990697,casual
239345,3883A4F3862BE68E,docked_bike,2021-02-15 07:56:39,2021-02-15 07:56:44,E 2 St & 2 Ave,5593,E 2 St & 2 Ave,5593,40.725028,-73.990696,40.72502876,-73.99069656,member
239346,83B645E631C73BB3,docked_bike,2021-02-14 11:38:24,2021-02-14 11:43:45,E 2 St & 2 Ave,5593,E 10 St & Avenue A,5659,40.725028,-73.990696,40.72740794,-73.98142006,member
239352,9EA6BE1279B6589D,docked_bike,2021-02-09 08:17:13,2021-02-09 08:26:24,E 2 St & 2 Ave,5593,W 18 St & 6 Ave,6064,40.725028,-73.990696,40.73971301,-73.99456405,member
239367,87480F950C3648AF,docked_bike,2021-02-26 11:45:02,2021-02-26 11:58:46,Grand St & Havemeyer St,5267,E 2 St & 2 Ave,5593,40.712868,-73.956981,40.725029,-73.990697,casual
239371,17EABEE6F9B26A73,docked_bike,2021-02-14 16:54:33,2021-02-14 17:14:54,Watts St & Greenwich St,5578,E 2 St & 2 Ave,5593,40.724055,-74.00966,40.725029,-73.990697,casual
239372,9CECB35558DA8357,docked_bike,2021-02-21 19:09:37,2021-02-21 19:14:41,Cooper Square & Astor Pl,5712,E 2 St & 2 Ave,5593,40.729515,-73.990753,40.725029,-73.990697,member
239374,25A1CF5507376416,docked_bike,2021-02-20 14:05:36,2021-02-20 14:11:09,Cooper Square & Astor Pl,5712,E 2 St & 2 Ave,5593,40.729514,-73.990752,40.72502876,-73.99069656,member
239379,A0920289203D48BD,docked_bike,2021-02-20 11:25:53,2021-02-20 11:30:41,Cooper Square & Astor Pl,5712,E 2 St & 2 Ave,5593,40.729514,-73.990752,40.72502876,-73.99069656,member
239390,9A4094959038D959,docked_bike,2021-02-14 16:53:44,2021-02-14 17:15:10,Watts St & Greenwich St,5578,E 2 St & 2 Ave,5593,40.724055,-74.00966,40.725029,-73.990697,member
239398,CF9DCCF13FC1ED7C,docked_bike,2021-02-28 13:43:59,2021-02-28 13:46:32,Cooper Square & Astor Pl,5712,E 2 St & 2 Ave,5593,40.729514,-73.990752,40.72502876,-73.99069656,member
239399,C5AD48EC14452AC0,docked_bike,2021-02-20 07:56:09,2021-02-20 08:10:56,Allen St & Rivington St,5414,E 2 St & 2 Ave,5593,40.720196,-73.989978,40.725029,-73.990697,member
239406,829E532064DF35DF,docked_bike,2021-02-17 18:09:29,2021-02-17 18:13:00,Cooper Square & Astor Pl,5712,E 2 St & 2 Ave,5593,40.729515,-73.990753,40.725029,-73.990697,member
239422,9C8897BE69D75D6B,docked_bike,2021-02-17 15:49:51,2021-02-17 15:55:16,Allen St & Rivington St,5414,E 2 St & 2 Ave,5593,40.720195,-73.989978,40.72502876,-73.99069656,casual
239424,7863E7B232C60816,docked_bike,2021-02-15 14:09:02,2021-02-15 14:13:25,Cooper Square & Astor Pl,5712,E 2 St & 2 Ave,5593,40.729514,-73.990752,40.72502876,-73.99069656,member
239425,C7B9600790916C13,docked_bike,2021-02-11 14:44:39,2021-02-11 15:19:39,E 118 St & 1 Ave,7596,E 2 St & 2 Ave,5593,40.79747,-73.93504,40.72502876,-73.99069656,member
239426,C9CA0050F3049036,docked_bike,2021-02-16 11:17:50,2021-02-16 11:22:35,Lafayette St & E 8 St,5788,E 2 St & 2 Ave,5593,40.730207,-73.991026,40.725029,-73.990697,member
239428,9E0B57E71261676C,docked_bike,2021-02-28 11:16:07,2021-02-28 11:25:48,E 14 St & Avenue B,5736,E 2 St & 2 Ave,5593,40.729386,-73.977724,40.72502876,-73.99069656,member
239446,AAFF7B9C0C00F17E,docked_bike,2021-02-21 18:18:22,2021-02-21 18:26:21,E 14 St & Avenue B,5736,E 2 St & 2 Ave,5593,40.729386,-73.977724,40.72502876,-73.99069656,member
239447,F938F6EAD0F5BFAA,docked_bike,2021-02-26 20:20:59,2021-02-26 21:05:43,E 14 St & Avenue B,5736,E 2 St & 2 Ave,5593,40.729386,-73.977724,40.72502876,-73.99069656,member
239466,C6040D8321C1DC56,docked_bike,2021-02-09 07:46:22,2021-02-09 07:52:05,E 20 St & 2 Ave,5971,E 2 St & 2 Ave,5593,40.735876,-73.98205,40.72502876,-73.99069656,member
239467,10236C352473E0DC,docked_bike,2021-02-16 07:37:03,2021-02-16 07:42:30,E 20 St & 2 Ave,5971,E 2 St & 2 Ave,5593,40.735876,-73.98205,40.72502876,-73.99069656,member
239468,2B3E9B2C1E6C3D30,docked_bike,2021-02-18 12:36:09,2021-02-18 12:43:58,E 20 St & 2 Ave,5971,E 2 St & 2 Ave,5593,40.735876,-73.98205,40.72502876,-73.99069656,member
239469,9A4D666834B2EF17,docked_bike,2021-02-24 08:07:52,2021-02-24 08:14:09,E 20 St & 2 Ave,5971,E 2 St & 2 Ave,5593,40.735876,-73.98205,40.72502876,-73.99069656,member
239471,145142B44D021320,docked_bike,2021-02-11 13:55:19,2021-02-11 13:58:23,E 2 St & Avenue A,5553,E 2 St & 2 Ave,5593,40.723077,-73.985836,40.725029,-73.990697,member
239476,5D9E7ABA254F4E44,docked_bike,2021-02-08 19:27:19,2021-02-08 19:30:58,Allen St & Rivington St,5414,E 2 St & 2 Ave,5593,40.720196,-73.989978,40.725029,-73.990697,member
239481,625A54CABF6C8EFA,docked_bike,2021-02-16 11:30:21,2021-02-16 11:34:58,Cooper Square & Astor Pl,5712,E 2 St & 2 Ave,5593,40.729514,-73.990752,40.72502876,-73.99069656,member
239483,DFF60464B8526008,docked_bike,2021-02-21 11:13:23,2021-02-21 11:18:09,Cooper Square & Astor Pl,5712,E 2 St & 2 Ave,5593,40.729514,-73.990752,40.72502876,-73.99069656,member
239490,6FBB826BF4DD1D86,docked_bike,2021-02-25 10:21:41,2021-02-25 10:27:59,University Pl & E 14 St,5905,E 2 St & 2 Ave,5593,40.734814,-73.992085,40.72502876,-73.99069656,member
239495,4FED06AA5C230E0C,docked_bike,2021-02-25 09:36:36,2021-02-25 09:51:24,Park Pl & Church St,5288,E 2 St & 2 Ave,5593,40.713341,-74.009355,40.72502876,-73.99069656,member
239497,EA2A2D6660D6477A,docked_bike,2021-02-04 16:47:06,2021-02-04 17:15:27,W 36 St & 9 Ave,6569,E 2 St & 2 Ave,5593,40.754623,-73.995167,40.72502876,-73.99069656,member
239503,8C79616DF574F08B,docked_bike,2021-02-27 11:19:46,2021-02-27 11:24:51,Lafayette St & E 8 St,5788,E 2 St & 2 Ave,5593,40.730207,-73.991026,40.725029,-73.990697,member
239504,4222CC68D4026A61,docked_bike,2021-02-17 15:03:33,2021-02-17 15:12:53,Lafayette St & E 8 St,5788,E 2 St & 2 Ave,5593,40.730207,-73.991026,40.725029,-73.990697,member
239513,F12A0C902674B332,docked_bike,2021-02-10 15:16:32,2021-02-10 15:22:30,Lafayette St & E 8 St,5788,E 2 St & 2 Ave,5593,40.730206,-73.991026,40.72502876,-73.99069656,member
239535,F6C8C7914474FF59,docked_bike,2021-02-11 14:42:15,2021-02-11 15:10:20,Broadway & W 58 St,6948,E 2 St & 2 Ave,5593,40.766953,-73.981693,40.72502876,-73.99069656,member
239568,57F0E1913A3736BD,docked_bike,2021-02-26 15:29:49,2021-02-26 16:19:10,Mercer St & Spring St,5532,E 2 St & 2 Ave,5593,40.723627,-73.999496,40.725029,-73.990697,member
239571,40210395A8E49E7E,docked_bike,2021-02-15 13:23:19,2021-02-15 13:39:07,Wythe Ave & Metropolitan Ave,5348,E 2 St & 2 Ave,5593,40.716887,-73.963198,40.72502876,-73.99069656,casual
239612,B0A8D304323D9CCB,docked_bike,2021-02-26 05:17:19,2021-02-26 05:22:46,Canal St & Rutgers St,5303,E 2 St & 2 Ave,5593,40.714274,-73.9899,40.72502876,-73.99069656,casual
239621,61FA2DDA3572C810,docked_bike,2021-02-24 20:36:16,2021-02-24 20:42:54,Canal St & Rutgers St,5303,E 2 St & 2 Ave,5593,40.714274,-73.9899,40.72502876,-73.99069656,member
239627,FD210A67D02A463D,docked_bike,2021-02-15 18:01:03,2021-02-15 18:07:59,Canal St & Rutgers St,5303,E 2 St & 2 Ave,5593,40.714274,-73.9899,40.72502876,-73.99069656,member
239635,DADEA1E7F997B1B6,docked_bike,2021-02-16 21:13:24,2021-02-16 21:25:32,Front St & Gold St,4927,E 2 St & 2 Ave,5593,40.70224,-73.982578,40.72502876,-73.99069656,member
239652,109778DB9A943B75,docked_bike,2021-02-22 12:38:10,2021-02-22 12:51:51,W 40 St & 5 Ave,6474,E 2 St & 2 Ave,5593,40.752269,-73.982079,40.72502876,-73.99069656,member
239665,81FB7CEFEDCBB609,docked_bike,2021-02-06 15:02:34,2021-02-06 15:20:48,11 Ave & W 27 St,6425,E 2 St & 2 Ave,5593,40.751396,-74.005226,40.72502876,-73.99069656,member
239666,9158D4B65850F368,docked_bike,2021-02-28 17:36:27,2021-02-28 17:52:03,E 58 St & 1 Ave (NE Corner),6682,E 2 St & 2 Ave,5593,40.758923,-73.962262,40.72502876,-73.99069656,member
239667,BA69B9D8D327459F,docked_bike,2021-02-14 12:13:35,2021-02-14 12:35:17,E 58 St & 1 Ave (NE Corner),6682,E 2 St & 2 Ave,5593,40.758923,-73.962262,40.72502876,-73.99069656,casual
239669,939312A9AA3D2BBE,docked_bike,2021-02-13 10:35:13,2021-02-13 11:06:08,Broadway & E 22 St,6098,E 2 St & 2 Ave,5593,40.740343,-73.989551,40.725029,-73.990697,member
239670,9D50EBF91F3B2E76,docked_bike,2021-02-16 17:29:38,2021-02-16 17:36:33,Broadway & E 22 St,6098,E 2 St & 2 Ave,5593,40.740343,-73.989551,40.72502876,-73.99069656,member
239672,7BAF7199F2FCB649,docked_bike,2021-02-19 17:41:39,2021-02-19 17:55:08,Avenue D & E 10 St,5575,E 2 St & 2 Ave,5593,40.725065,-73.975158,40.72502876,-73.99069656,member
239676,FCB497DCF0CA8F3D,docked_bike,2021-02-16 11:28:11,2021-02-16 11:48:51,Broadway & E 22 St,6098,E 2 St & 2 Ave,5593,40.740343,-73.989551,40.725029,-73.990697,member
239677,679901028F84655D,docked_bike,2021-02-26 12:28:43,2021-02-26 13:05:59,Broadway & E 22 St,6098,E 2 St & 2 Ave,5593,40.740343,-73.989551,40.725029,-73.990697,member
239678,EED072B09FCB89B6,docked_bike,2021-02-20 10:30:49,2021-02-20 10:56:32,Broadway & E 22 St,6098,E 2 St & 2 Ave,5593,40.740343,-73.989551,40.725029,-73.990697,member
239684,E2AF2D138B5A5AA7,docked_bike,2021-02-27 17:19:03,2021-02-27 17:30:29,Broadway & E 22 St,6098,E 2 St & 2 Ave,5593,40.740343,-73.989551,40.725029,-73.990697,member
239692,A44CAE94A2D3FFB4,docked_bike,2021-02-24 12:14:57,2021-02-24 12:26:44,Broadway & E 22 St,6098,E 2 St & 2 Ave,5593,40.740343,-73.989551,40.72502876,-73.99069656,casual
239697,8913F7A77F3B699D,docked_bike,2021-02-15 10:50:44,2021-02-15 11:00:50,Broadway & E 22 St,6098,E 2 St & 2 Ave,5593,40.740343,-73.989551,40.725029,-73.990697,member
239700,CCD8E646D8D9C726,docked_bike,2021-02-27 20:54:46,2021-02-27 21:09:46,Broadway & E 22 St,6098,E 2 St & 2 Ave,5593,40.740343,-73.989551,40.72502876,-73.99069656,casual
239710,BEB6BBCEE8214BDA,docked_bike,2021-02-19 15:04:23,2021-02-19 15:28:20,Broadway & E 22 St,6098,E 2 St & 2 Ave,5593,40.740343,-73.989551,40.725029,-73.990697,member
239722,B2A581C3AD2D3519,docked_bike,2021-02-26 08:30:22,2021-02-26 08:36:22,Canal St & Rutgers St,5303,E 2 St & 2 Ave,5593,40.714275,-73.9899,40.725029,-73.990697,member
239723,F8CBCD76ABFB4C6F,docked_bike,2021-02-12 08:27:49,2021-02-12 08:34:47,Canal St & Rutgers St,5303,E 2 St & 2 Ave,5593,40.714275,-73.9899,40.725029,-73.990697,member
239724,C2792394D0CFD307,docked_bike,2021-02-11 11:25:58,2021-02-11 11:32:22,Canal St & Rutgers St,5303,E 2 St & 2 Ave,5593,40.714274,-73.9899,40.72502876,-73.99069656,member
239726,A69CC29CBC7FBD5F,docked_bike,2021-02-25 21:55:11,2021-02-25 22:00:51,Canal St & Rutgers St,5303,E 2 St & 2 Ave,5593,40.714274,-73.9899,40.72502876,-73.99069656,casual
239737,98959926152AF758,docked_bike,2021-02-13 14:44:08,2021-02-13 14:55:30,Bayard St & Baxter St,5351,E 2 St & 2 Ave,5593,40.716021,-73.999743,40.72502876,-73.99069656,member
239754,C43A6763707C4FFE,docked_bike,2021-02-09 13:13:51,2021-02-09 13:38:29,Pershing Square North,6432,E 2 St & 2 Ave,5593,40.751873,-73.977706,40.72502876,-73.99069656,member
239758,D8A3212021925BCB,docked_bike,2021-02-06 17:45:30,2021-02-06 18:05:02,Lawrence St & Willoughby St,4596,E 2 St & 2 Ave,5593,40.692362,-73.986317,40.725029,-73.990697,member
239763,43D42808C230EE7D,docked_bike,2021-02-09 13:13:33,2021-02-09 13:36:54,Pershing Square North,6432,E 2 St & 2 Ave,5593,40.751873,-73.977706,40.72502876,-73.99069656,member
239773,F2C2AA25BED2351D,docked_bike,2021-02-04 17:22:32,2021-02-04 18:06:39,E 81 St & 3 Ave,7154,E 2 St & 2 Ave,5593,40.77573,-73.956753,40.725029,-73.990697,casual
239792,A98910E4D32AEA4A,docked_bike,2021-02-12 14:49:28,2021-02-12 14:52:41,St Marks Pl & 1 Ave,5626,E 2 St & 2 Ave,5593,40.727791,-73.985649,40.72502876,-73.99069656,member
239802,28137DF6A95F7B62,docked_bike,2021-02-17 17:39:34,2021-02-17 17:42:44,E 2 St & Avenue B,5515,E 2 St & 2 Ave,5593,40.722174,-73.983687,40.72502876,-73.99069656,member
239803,5751E4C1A48745C2,docked_bike,2021-02-08 09:59:16,2021-02-08 10:02:43,St Marks Pl & 1 Ave,5626,E 2 St & 2 Ave,5593,40.727791,-73.985649,40.72502876,-73.99069656,member
239808,EC5A11F2AF30C83C,docked_bike,2021-02-16 15:41:21,2021-02-16 15:44:47,St Marks Pl & 1 Ave,5626,E 2 St & 2 Ave,5593,40.727791,-73.985649,40.72502876,-73.99069656,member
239809,78086A14E3823387,docked_bike,2021-02-27 19:43:50,2021-02-27 19:47:57,St Marks Pl & 1 Ave,5626,E 2 St & 2 Ave,5593,40.727791,-73.985649,40.725029,-73.990697,member
239815,21AAD7CE4F7D5055,docked_bike,2021-02-16 14:36:34,2021-02-16 14:43:39,E 16 St & Irving Pl,5938,E 2 St & 2 Ave,5593,40.735367,-73.987973,40.72502876,-73.99069656,member
239818,B3DCF4A136ADEE65,docked_bike,2021-02-24 17:43:41,2021-02-24 17:46:59,E 2 St & Avenue B,5515,E 2 St & 2 Ave,5593,40.722174,-73.983688,40.725029,-73.990697,member
239819,CBBF7A23EE019A7B,docked_bike,2021-02-19 12:08:42,2021-02-19 12:13:40,E 2 St & Avenue B,5515,E 2 St & 2 Ave,5593,40.722174,-73.983687,40.72502876,-73.99069656,member
239820,DCBC44668BC6CF13,docked_bike,2021-02-15 09:20:45,2021-02-15 09:24:43,E 2 St & Avenue B,5515,E 2 St & 2 Ave,5593,40.722174,-73.983687,40.72502876,-73.99069656,member
239821,18465F8641D4CC49,docked_bike,2021-02-27 13:10:46,2021-02-27 13:16:07,E 2 St & Avenue B,5515,E 2 St & 2 Ave,5593,40.722174,-73.983687,40.72502876,-73.99069656,member
239822,FF89DB2D57C77AF3,docked_bike,2021-02-08 11:47:39,2021-02-08 11:52:37,E 2 St & Avenue B,5515,E 2 St & 2 Ave,5593,40.722174,-73.983688,40.725029,-73.990697,member
239824,0D82A2B36A2D6A24,docked_bike,2021-02-27 10:19:07,2021-02-27 10:22:02,E 2 St & Avenue B,5515,E 2 St & 2 Ave,5593,40.722174,-73.983687,40.72502876,-73.99069656,member
239831,ED6B014A3042521B,docked_bike,2021-02-13 10:43:00,2021-02-13 10:46:17,E 2 St & Avenue B,5515,E 2 St & 2 Ave,5593,40.722174,-73.983688,40.725029,-73.990697,member
239834,CE4ABF25408C447F,docked_bike,2021-02-28 08:44:42,2021-02-28 08:47:29,E 2 St & Avenue B,5515,E 2 St & 2 Ave,5593,40.722174,-73.983687,40.72502876,-73.99069656,member
239835,F9E3AA6EDAA634E5,docked_bike,2021-02-09 15:29:24,2021-02-09 15:34:41,E 2 St & Avenue B,5515,E 2 St & 2 Ave,5593,40.722174,-73.983688,40.725029,-73.990697,member
239843,9C29B5FD70FAAA6E,docked_bike,2021-02-13 12:04:14,2021-02-13 12:20:22,W 17 St & 8 Ave,6148,E 2 St & 2 Ave,5593,40.741776,-74.001497,40.72502876,-73.99069656,member
239879,72DF834ABAC5954B,docked_bike,2021-02-05 11:42:54,2021-02-05 12:04:37,Union Ave & N 12 St,5411,E 2 St & 2 Ave,5593,40.71924,-73.95242,40.725029,-73.990697,member
239886,606C3A30B8C07591,docked_bike,2021-02-12 20:10:28,2021-02-12 20:31:08,W 17 St & 8 Ave,6148,E 2 St & 2 Ave,5593,40.741776,-74.001497,40.725029,-73.990697,casual
239889,7F5FDE01AA0C9EB0,docked_bike,2021-02-11 18:36:39,2021-02-11 18:52:39,W 29 St & 9 Ave,6416,E 2 St & 2 Ave,5593,40.750072,-73.998392,40.72502876,-73.99069656,casual
239890,2A1E8E1F14CCAF8C,docked_bike,2021-02-15 15:57:39,2021-02-15 16:08:09,John St & William St,5065,E 2 St & 2 Ave,5593,40.708621,-74.007221,40.72502876,-73.99069656,member
239892,CF7F1F8A40205CDC,docked_bike,2021-02-26 18:09:07,2021-02-26 18:32:02,University Pl & E 8 St,5755,E 2 St & 2 Ave,5593,40.731437,-73.994903,40.72502876,-73.99069656,member
239896,87641950185B83CE,docked_bike,2021-02-26 00:47:34,2021-02-26 00:51:29,University Pl & E 8 St,5755,E 2 St & 2 Ave,5593,40.731437,-73.994903,40.72502876,-73.99069656,member
239903,247AB719CE2F546A,docked_bike,2021-02-21 19:32:22,2021-02-21 19:38:35,University Pl & E 8 St,5755,E 2 St & 2 Ave,5593,40.731437,-73.994903,40.72502876,-73.99069656,member
239912,9398CDDCC9A812FB,docked_bike,2021-02-22 16:40:34,2021-02-22 16:45:59,University Pl & E 8 St,5755,E 2 St & 2 Ave,5593,40.731437,-73.994903,40.72502876,-73.99069656,member
239917,8C7F19073D0AEEEC,docked_bike,2021-02-26 00:47:39,2021-02-26 00:51:20,University Pl & E 8 St,5755,E 2 St & 2 Ave,5593,40.731437,-73.994903,40.725029,-73.990697,member
239918,EA5C026E64D8B804,docked_bike,2021-02-10 17:08:46,2021-02-10 17:15:26,University Pl & E 8 St,5755,E 2 St & 2 Ave,5593,40.731437,-73.994903,40.725029,-73.990697,member
239920,F0AE921224515EC6,docked_bike,2021-02-22 09:11:23,2021-02-22 09:17:23,E 11 St & 2 Ave,5746,E 2 St & 2 Ave,5593,40.730473,-73.986723,40.72502876,-73.99069656,member
239937,DB6AF0680F69C01B,docked_bike,2021-02-23 20:12:12,2021-02-23 20:36:48,Tompkins Ave & Hopkins St,4850,E 2 St & 2 Ave,5593,40.699576,-73.947084,40.725029,-73.990697,member
239938,11FA07990B5A1EAA,docked_bike,2021-02-21 13:33:14,2021-02-21 13:37:56,E 2 St & Avenue B,5515,E 2 St & 2 Ave,5593,40.722174,-73.983687,40.72502876,-73.99069656,member
239939,595951FF45A1982B,docked_bike,2021-02-27 17:01:37,2021-02-27 17:35:19,1 Ave & E 78 St,7020,E 2 St & 2 Ave,5593,40.771404,-73.953517,40.725029,-73.990697,member
239942,EB15C05E86C91141,docked_bike,2021-02-05 16:44:06,2021-02-05 16:47:58,Forsyth St & Broome St,5453,E 2 St & 2 Ave,5593,40.718939,-73.992663,40.725029,-73.990697,member
239954,47842DFC39787BA6,docked_bike,2021-02-06 14:31:37,2021-02-06 14:40:17,Pike St & E Broadway,5270,E 2 St & 2 Ave,5593,40.714066,-73.992939,40.72502876,-73.99069656,member
239963,065773024E654FAC,docked_bike,2021-02-26 08:36:58,2021-02-26 08:43:21,Barrow St & Hudson St,5805,E 2 St & 2 Ave,5593,40.731724,-74.006744,40.72502876,-73.99069656,member
239975,7DD381FEA19ABE12,docked_bike,2021-02-12 16:40:25,2021-02-12 16:49:37,Cliff St & Fulton St,5065,E 2 St & 2 Ave,5593,40.70838,-74.00495,40.72502876,-73.99069656,member
239989,6B02B10802148AAC,docked_bike,2021-02-09 20:55:20,2021-02-09 21:13:22,W 36 St & 7 Ave,6483,E 2 St & 2 Ave,5593,40.752149,-73.989539,40.72502876,-73.99069656,member
239993,BF912CE31D5FC67F,docked_bike,2021-02-25 09:56:23,2021-02-25 10:05:16,E 6 St & Avenue D,5506,E 2 St & 2 Ave,5593,40.72228,-73.976687,40.72502876,-73.99069656,member
239994,96E4D08865943DDF,docked_bike,2021-02-17 16:10:52,2021-02-17 16:15:23,E 6 St & Avenue D,5506,E 2 St & 2 Ave,5593,40.72228,-73.976687,40.72502876,-73.99069656,member
239996,8935055595EACAEF,docked_bike,2021-02-13 08:20:20,2021-02-13 08:28:11,2 Ave & 29 St,6122,E 2 St & 2 Ave,5593,40.74147,-73.978221,40.72502876,-73.99069656,member
240000,2163E5C61D76AFAE,docked_bike,2021-02-09 17:08:26,2021-02-09 17:17:32,Cliff St & Fulton St,5065,E 2 St & 2 Ave,5593,40.70838,-74.00495,40.72502876,-73.99069656,member
240002,7291698EC6A383B4,docked_bike,2021-02-19 15:30:17,2021-02-19 15:37:24,2 Ave & 29 St,6122,E 2 St & 2 Ave,5593,40.74147,-73.978221,40.72502876,-73.99069656,member
240003,473F881181395442,docked_bike,2021-02-17 07:53:13,2021-02-17 08:00:29,E 6 St & Avenue D,5506,E 2 St & 2 Ave,5593,40.722281,-73.976687,40.725029,-73.990697,member
240007,90DB1AFB87D422B4,docked_bike,2021-02-21 19:04:58,2021-02-21 19:10:38,E 6 St & Avenue D,5506,E 2 St & 2 Ave,5593,40.72228,-73.976687,40.72502876,-73.99069656,member
240009,AD72BA6A667EFAE2,docked_bike,2021-02-26 17:26:56,2021-02-26 17:33:00,E 6 St & Avenue D,5506,E 2 St & 2 Ave,5593,40.72228,-73.976687,40.72502876,-73.99069656,member
240012,852E0E88D54673EB,docked_bike,2021-02-27 08:16:38,2021-02-27 08:24:29,2 Ave & E 29 St,6122,E 2 St & 2 Ave,5593,40.741723,-73.978092,40.72502876,-73.99069656,member
240013,58B555D632A352C1,docked_bike,2021-02-27 15:56:12,2021-02-27 16:02:41,E 6 St & Avenue D,5506,E 2 St & 2 Ave,5593,40.72228,-73.976687,40.72502876,-73.99069656,member
240021,628EA1185E88075F,docked_bike,2021-02-05 19:18:39,2021-02-05 19:52:37,W 64 St & Thelonious Monk Circle,7123,E 2 St & 2 Ave,5593,40.775159,-73.989186,40.72502876,-73.99069656,member
240034,349845204B221340,docked_bike,2021-02-12 10:00:38,2021-02-12 10:08:56,E 6 St & Avenue D,5506,E 2 St & 2 Ave,5593,40.72228,-73.976687,40.72502876,-73.99069656,member
240035,2A191CE5D4DD62A0,docked_bike,2021-02-21 18:39:09,2021-02-21 19:05:11,2 Ave & 29 St,6122,E 2 St & 2 Ave,5593,40.74147,-73.978221,40.72502876,-73.99069656,casual
240054,E3533DB5398946F2,docked_bike,2021-02-20 12:42:53,2021-02-20 12:54:07,Perry St & Bleecker St,5922,E 2 St & 2 Ave,5593,40.735353,-74.00483,40.72502876,-73.99069656,member
240070,ADD85A2E8E18DD60,docked_bike,2021-02-07 17:53:50,2021-02-07 18:03:35,Perry St & Bleecker St,5922,E 2 St & 2 Ave,5593,40.735353,-74.00483,40.72502876,-73.99069656,member
240071,37BE39872D8A8498,docked_bike,2021-02-24 14:18:50,2021-02-24 14:32:07,E 30 St & Park Ave S,6206,E 2 St & 2 Ave,5593,40.744449,-73.983035,40.725029,-73.990697,member
240074,A2781B8D2B54ECC7,docked_bike,2021-02-27 12:10:22,2021-02-27 12:18:00,Perry St & Bleecker St,5922,E 2 St & 2 Ave,5593,40.735353,-74.00483,40.72502876,-73.99069656,member
240075,E5BE63B9961330DB,docked_bike,2021-02-26 18:54:41,2021-02-26 19:03:15,Perry St & Bleecker St,5922,E 2 St & 2 Ave,5593,40.735353,-74.00483,40.72502876,-73.99069656,member
240081,2CF9C3741479BC89,docked_bike,2021-02-13 13:31:29,2021-02-13 13:40:23,Perry St & Bleecker St,5922,E 2 St & 2 Ave,5593,40.735354,-74.004831,40.725029,-73.990697,member
240086,CF3857BBA0EBB301,docked_bike,2021-02-25 09:30:35,2021-02-25 09:45:41,E 30 St & Park Ave S,6206,E 2 St & 2 Ave,5593,40.744449,-73.983035,40.72502876,-73.99069656,member
240087,D1D55E1B3772BCF2,docked_bike,2021-02-24 08:23:15,2021-02-24 08:36:50,E 30 St & Park Ave S,6206,E 2 St & 2 Ave,5593,40.744449,-73.983035,40.72502876,-73.99069656,member
240090,C65B4AB2F0E2AB9E,docked_bike,2021-02-20 14:08:17,2021-02-20 14:12:20,Forsyth St & Broome St,5453,E 2 St & 2 Ave,5593,40.718939,-73.992662,40.72502876,-73.99069656,member
240102,FAA89F11838F4EE0,docked_bike,2021-02-20 16:35:52,2021-02-20 16:44:40,Perry St & Bleecker St,5922,E 2 St & 2 Ave,5593,40.735354,-74.004831,40.725029,-73.990697,member
240107,D4311F435B45D17B,docked_bike,2021-02-14 18:45:56,2021-02-14 18:57:23,Barrow St & Hudson St,5805,E 2 St & 2 Ave,5593,40.731724,-74.006744,40.725029,-73.990697,member
240108,11B1AF29B08BB4BE,docked_bike,2021-02-24 18:18:23,2021-02-24 18:26:49,Barrow St & Hudson St,5805,E 2 St & 2 Ave,5593,40.731724,-74.006744,40.72502876,-73.99069656,member
240114,D9FDF04027F71890,docked_bike,2021-02-11 16:35:04,2021-02-11 16:42:01,Howard St & Centre St,5422,E 2 St & 2 Ave,5593,40.719105,-73.999733,40.725029,-73.990697,member
240143,F1C986934793D97F,docked_bike,2021-02-28 11:55:46,2021-02-28 11:59:57,E 7 St & Avenue A,5626,E 2 St & 2 Ave,5593,40.726218,-73.983799,40.725029,-73.990697,member
240144,B9915AA699D85D67,docked_bike,2021-02-25 18:11:35,2021-02-25 18:16:14,E 7 St & Avenue A,5626,E 2 St & 2 Ave,5593,40.726217,-73.983798,40.72502876,-73.99069656,member
240161,1AC03F1622247A03,docked_bike,2021-02-26 12:59:04,2021-02-26 13:02:28,E 7 St & Avenue A,5626,E 2 St & 2 Ave,5593,40.726217,-73.983798,40.72502876,-73.99069656,member
240162,74D1308387AE39DC,docked_bike,2021-02-28 11:31:19,2021-02-28 11:38:08,E 7 St & Avenue A,5626,E 2 St & 2 Ave,5593,40.726217,-73.983798,40.72502876,-73.99069656,member
240167,57F6240A582905CF,docked_bike,2021-02-26 14:28:04,2021-02-26 14:33:20,E 7 St & Avenue A,5626,E 2 St & 2 Ave,5593,40.726217,-73.983798,40.72502876,-73.99069656,member
240171,9750BBF8967F9034,docked_bike,2021-02-16 10:05:57,2021-02-16 11:09:15,E 7 St & Avenue A,5626,E 2 St & 2 Ave,5593,40.726217,-73.983798,40.72502876,-73.99069656,casual
240176,9CEB965FFF02BC8A,docked_bike,2021-02-25 13:50:05,2021-02-25 13:55:25,E 7 St & Avenue A,5626,E 2 St & 2 Ave,5593,40.726217,-73.983798,40.72502876,-73.99069656,member
240201,DAA57A81302A5777,docked_bike,2021-02-06 18:46:58,2021-02-06 18:53:34,E 7 St & Avenue A,5626,E 2 St & 2 Ave,5593,40.726218,-73.983799,40.725029,-73.990697,member
240208,9E7326D9A295F31D,docked_bike,2021-02-25 15:57:03,2021-02-25 16:00:35,E 7 St & Avenue A,5626,E 2 St & 2 Ave,5593,40.726217,-73.983798,40.72502876,-73.99069656,member
240218,A578D16C317DCF60,docked_bike,2021-02-11 18:56:57,2021-02-11 19:02:37,E 7 St & Avenue A,5626,E 2 St & 2 Ave,5593,40.726217,-73.983798,40.72502876,-73.99069656,member
240226,E8BD77B336FADFF0,docked_bike,2021-02-12 12:57:39,2021-02-12 13:01:28,E 7 St & Avenue A,5626,E 2 St & 2 Ave,5593,40.726217,-73.983798,40.72502876,-73.99069656,member
240233,80BD05EDCFA096B4,docked_bike,2021-02-15 09:40:00,2021-02-15 09:43:48,E 7 St & Avenue A,5626,E 2 St & 2 Ave,5593,40.726217,-73.983798,40.72502876,-73.99069656,member
240239,FD89D1C9202351E9,docked_bike,2021-02-16 12:59:02,2021-02-16 13:06:18,E 7 St & Avenue A,5626,E 2 St & 2 Ave,5593,40.726217,-73.983798,40.72502876,-73.99069656,member
240259,9A40FCB5061771D9,docked_bike,2021-02-06 13:22:48,2021-02-06 13:46:48,2 Ave & E 31 St,6197,E 2 St & 2 Ave,5593,40.742909,-73.97706,40.72502876,-73.99069656,casual
240265,A76E4BCFAA313D41,docked_bike,2021-02-13 13:00:05,2021-02-13 13:13:54,2 Ave & E 31 St,6197,E 2 St & 2 Ave,5593,40.742909,-73.97706,40.72502876,-73.99069656,member
240266,DBB5206315BC7421,docked_bike,2021-02-16 15:47:26,2021-02-16 15:58:05,2 Ave & E 31 St,6197,E 2 St & 2 Ave,5593,40.742909,-73.97706,40.72502876,-73.99069656,member
240271,8B8F8201F8F86A8C,docked_bike,2021-02-27 12:11:31,2021-02-27 13:21:54,2 Ave & E 31 St,6197,E 2 St & 2 Ave,5593,40.742909,-73.97706,40.72502876,-73.99069656,member
240272,DDEE3E1665043CF6,docked_bike,2021-02-21 13:12:18,2021-02-21 13:23:05,2 Ave & E 31 St,6197,E 2 St & 2 Ave,5593,40.742909,-73.97706,40.72502876,-73.99069656,casual
240273,A7D2198F04E30868,docked_bike,2021-02-16 14:47:02,2021-02-16 14:55:10,2 Ave & E 31 St,6197,E 2 St & 2 Ave,5593,40.742909,-73.97706,40.72502876,-73.99069656,member
240281,06A77ACB7BD27F29,docked_bike,2021-02-17 12:09:43,2021-02-17 12:53:48,2 Ave & E 31 St,6197,E 2 St & 2 Ave,5593,40.742909,-73.977061,40.725029,-73.990697,member
240285,EA06032120F9EF49,docked_bike,2021-02-06 13:22:12,2021-02-06 13:45:37,2 Ave & E 31 St,6197,E 2 St & 2 Ave,5593,40.742909,-73.97706,40.72502876,-73.99069656,casual
240290,93CECDF400D589C3,docked_bike,2021-02-14 15:55:27,2021-02-14 16:07:31,2 Ave & E 31 St,6197,E 2 St & 2 Ave,5593,40.742909,-73.977061,40.725029,-73.990697,member
240299,8972270A48E36504,docked_bike,2021-02-11 19:55:42,2021-02-11 20:08:17,2 Ave & E 31 St,6197,E 2 St & 2 Ave,5593,40.742909,-73.977061,40.725029,-73.990697,member
240306,EBB2E39989AA9932,docked_bike,2021-02-27 14:16:03,2021-02-27 14:29:49,8 Ave & W 38 St,6526,E 2 St & 2 Ave,5593,40.75461,-73.99177,40.72502876,-73.99069656,member
240308,0137E3E10BC8A780,docked_bike,2021-02-24 14:57:37,2021-02-24 15:06:48,2 Ave & E 31 St,6197,E 2 St & 2 Ave,5593,40.742909,-73.977061,40.725029,-73.990697,member
240309,F6F8791868D3E021,docked_bike,2021-02-11 19:04:24,2021-02-11 19:16:25,2 Ave & E 31 St,6197,E 2 St & 2 Ave,5593,40.742909,-73.97706,40.72502876,-73.99069656,casual
240326,61CBC886AC49BF06,docked_bike,2021-02-11 12:10:28,2021-02-11 12:51:13,Roebling St & N 4 St,5267,E 2 St & 2 Ave,5593,40.71469,-73.95739,40.72502876,-73.99069656,member
240328,A65D33640A8D7A3B,docked_bike,2021-02-09 09:34:14,2021-02-09 09:42:48,E 33 St & 1 Ave,6197,E 2 St & 2 Ave,5593,40.743226,-73.974497,40.72502876,-73.99069656,member
240329,BC4AF63E390C6725,docked_bike,2021-02-09 17:26:50,2021-02-09 17:40:08,E 33 St & 1 Ave,6197,E 2 St & 2 Ave,5593,40.743227,-73.974498,40.725029,-73.990697,member
240330,8B60E34C5E95A1F0,docked_bike,2021-02-10 17:31:03,2021-02-10 17:43:33,E 33 St & 1 Ave,6197,E 2 St & 2 Ave,5593,40.743227,-73.974498,40.725029,-73.990697,member
240331,0F7516BBBF2FD150,docked_bike,2021-02-23 18:38:59,2021-02-23 18:49:08,W 13 St & 7 Ave,6030,E 2 St & 2 Ave,5593,40.737815,-73.999946,40.72502876,-73.99069656,member
240332,068EF89FB9023971,docked_bike,2021-02-17 19:24:18,2021-02-17 19:34:10,W 13 St & 7 Ave,6030,E 2 St & 2 Ave,5593,40.737815,-73.999946,40.72502876,-73.99069656,member
240333,DD2143E003197AD8,docked_bike,2021-02-25 17:34:29,2021-02-25 17:46:15,E 33 St & 1 Ave,6197,E 2 St & 2 Ave,5593,40.743226,-73.974497,40.72502876,-73.99069656,member
240348,6429C7A6CD1F06F7,docked_bike,2021-02-05 10:45:29,2021-02-05 10:56:30,E 33 St & 1 Ave,6197,E 2 St & 2 Ave,5593,40.743227,-73.974498,40.725029,-73.990697,member
240356,9997C74CDCD4D81A,docked_bike,2021-02-27 18:00:25,2021-02-27 18:11:34,Fulton St & William St,5137,E 2 St & 2 Ave,5593,40.709559,-74.006536,40.72502876,-73.99069656,member
240359,749C45170843B9F0,docked_bike,2021-02-06 12:55:43,2021-02-06 13:15:34,E 33 St & 1 Ave,6197,E 2 St & 2 Ave,5593,40.743226,-73.974497,40.72502876,-73.99069656,member
240364,E950DF2C26C4EE58,docked_bike,2021-02-11 08:29:35,2021-02-11 08:42:15,E 33 St & 1 Ave,6197,E 2 St & 2 Ave,5593,40.743226,-73.974497,40.72502876,-73.99069656,member
240365,20FD1067EFF0EF1D,docked_bike,2021-02-10 11:54:21,2021-02-10 12:11:58,Roebling St & N 4 St,5267,E 2 St & 2 Ave,5593,40.71469,-73.95739,40.725029,-73.990697,casual
240368,18B6B6230D9F53D0,docked_bike,2021-02-21 11:51:17,2021-02-21 12:03:36,Roebling St & N 4 St,5267,E 2 St & 2 Ave,5593,40.71469,-73.95739,40.725029,-73.990697,casual
240371,69F7F06DB791D944,docked_bike,2021-02-06 13:11:16,2021-02-06 13:33:26,Leonard St & Nassau Ave,5550,E 2 St & 2 Ave,5593,40.723956,-73.949843,40.72502876,-73.99069656,casual
240372,265CC564DEC1CA92,docked_bike,2021-02-13 09:31:05,2021-02-13 09:43:23,E 33 St & 1 Ave,6197,E 2 St & 2 Ave,5593,40.743226,-73.974497,40.72502876,-73.99069656,member
240376,C3D875D900D12540,docked_bike,2021-02-14 20:42:10,2021-02-14 20:55:27,E 33 St & 1 Ave,6197,E 2 St & 2 Ave,5593,40.743226,-73.974497,40.72502876,-73.99069656,member
240383,936E88A2E6312C68,docked_bike,2021-02-17 15:32:50,2021-02-17 15:43:32,E 33 St & 1 Ave,6197,E 2 St & 2 Ave,5593,40.743226,-73.974497,40.72502876,-73.99069656,member
240385,864C8F6CDA995C8F,docked_bike,2021-02-20 13:32:54,2021-02-20 13:53:38,E 51 St & 1 Ave,6532,E 2 St & 2 Ave,5593,40.754557,-73.96593,40.725029,-73.990697,member
240386,F11676FB936C1319,docked_bike,2021-02-22 17:45:23,2021-02-22 17:59:05,E 33 St & 1 Ave,6197,E 2 St & 2 Ave,5593,40.743226,-73.974497,40.72502876,-73.99069656,member
240389,D1AB6833869A999A,docked_bike,2021-02-20 08:33:06,2021-02-20 08:42:21,E 33 St & 1 Ave,6197,E 2 St & 2 Ave,5593,40.743226,-73.974497,40.72502876,-73.99069656,member
240390,F2DA90101C4C2EA1,docked_bike,2021-02-18 08:14:05,2021-02-18 08:24:36,E 33 St & 1 Ave,6197,E 2 St & 2 Ave,5593,40.743226,-73.974497,40.72502876,-73.99069656,member
240397,05B5636021F0CCC2,docked_bike,2021-02-09 11:36:16,2021-02-09 11:53:42,Roebling St & N 4 St,5267,E 2 St & 2 Ave,5593,40.71469,-73.95739,40.72502876,-73.99069656,member
240400,B42EEE799E3F97D7,docked_bike,2021-02-18 18:50:30,2021-02-18 19:02:48,W 13 St & 7 Ave,6030,E 2 St & 2 Ave,5593,40.737815,-73.999946,40.72502876,-73.99069656,member
240403,492B20F795E6C1AF,docked_bike,2021-02-15 18:26:26,2021-02-15 18:36:15,W 13 St & 7 Ave,6030,E 2 St & 2 Ave,5593,40.737815,-73.999946,40.72502876,-73.99069656,member
240405,4A322E312143A9A8,docked_bike,2021-02-11 17:37:24,2021-02-11 17:50:21,E 33 St & 1 Ave,6197,E 2 St & 2 Ave,5593,40.743226,-73.974497,40.72502876,-73.99069656,member
240406,7287B1DA9CD57B44,docked_bike,2021-02-26 17:11:01,2021-02-26 17:23:29,E 33 St & 1 Ave,6197,E 2 St & 2 Ave,5593,40.743226,-73.974497,40.72502876,-73.99069656,member
240411,4E13E1109FFF88DB,docked_bike,2021-02-06 20:56:11,2021-02-06 21:09:13,E 33 St & 1 Ave,6197,E 2 St & 2 Ave,5593,40.743226,-73.974497,40.72502876,-73.99069656,casual
240413,97776364A920E54D,docked_bike,2021-02-13 10:21:12,2021-02-13 10:36:38,E 33 St & 1 Ave,6197,E 2 St & 2 Ave,5593,40.743226,-73.974497,40.72502876,-73.99069656,member
240417,A477ECE3073C876F,docked_bike,2021-02-24 17:42:10,2021-02-24 17:53:27,E 33 St & 1 Ave,6197,E 2 St & 2 Ave,5593,40.743226,-73.974497,40.72502876,-73.99069656,member
240418,680F2808D1F2682F,docked_bike,2021-02-06 12:59:24,2021-02-06 13:14:58,E 33 St & 1 Ave,6197,E 2 St & 2 Ave,5593,40.743227,-73.974498,40.725029,-73.990697,member
240420,C17DDB248C5AA0DB,docked_bike,2021-02-13 18:39:30,2021-02-13 18:49:37,W 13 St & 7 Ave,6030,E 2 St & 2 Ave,5593,40.737815,-73.999946,40.72502876,-73.99069656,member
240422,354ABB145618EEE0,docked_bike,2021-02-22 11:50:48,2021-02-22 12:07:31,Roebling St & N 4 St,5267,E 2 St & 2 Ave,5593,40.71469,-73.95739,40.725029,-73.990697,casual
240429,3CC1AD858054FA03,docked_bike,2021-02-12 18:14:51,2021-02-12 18:21:58,Suffolk St & Stanton St,5445,E 2 St & 2 Ave,5593,40.720664,-73.98518,40.725029,-73.990697,casual
240430,4BFCC573D585C09C,docked_bike,2021-02-16 18:43:57,2021-02-16 18:50:22,Suffolk St & Stanton St,5445,E 2 St & 2 Ave,5593,40.720664,-73.985179,40.72502876,-73.99069656,member
240432,25AC4F4EB26F5391,docked_bike,2021-02-07 18:25:39,2021-02-07 18:37:35,E 51 St & 1 Ave,6532,E 2 St & 2 Ave,5593,40.754557,-73.965929,40.72502876,-73.99069656,member
240433,A3602DDB92D609C3,docked_bike,2021-02-10 08:40:14,2021-02-10 08:51:52,E 33 St & 1 Ave,6197,E 2 St & 2 Ave,5593,40.743226,-73.974497,40.72502876,-73.99069656,member
240434,8354A626CA773F2A,docked_bike,2021-02-10 15:53:12,2021-02-10 16:03:48,E 33 St & 1 Ave,6197,E 2 St & 2 Ave,5593,40.743226,-73.974497,40.72502876,-73.99069656,member
240444,7779FAABAA60946C,docked_bike,2021-02-05 16:40:37,2021-02-05 16:46:16,Broadway & E 14 St,5905,E 2 St & 2 Ave,5593,40.734546,-73.990741,40.725029,-73.990697,member
240448,4919A47F41BD34A1,docked_bike,2021-02-26 18:12:29,2021-02-26 18:21:03,Broadway & E 14 St,5905,E 2 St & 2 Ave,5593,40.734545,-73.990741,40.72502876,-73.99069656,member
240449,D106A93AF66FD834,docked_bike,2021-02-18 18:44:40,2021-02-18 18:50:02,Suffolk St & Stanton St,5445,E 2 St & 2 Ave,5593,40.720664,-73.985179,40.72502876,-73.99069656,member
240454,56D483D3FB819D4C,docked_bike,2021-02-03 15:52:01,2021-02-03 16:30:29,E 51 St & 1 Ave,6532,E 2 St & 2 Ave,5593,40.754557,-73.965929,40.72502876,-73.99069656,member
240459,91068B3AABA3D324,docked_bike,2021-02-13 08:12:36,2021-02-13 08:23:32,E 33 St & 1 Ave,6197,E 2 St & 2 Ave,5593,40.743227,-73.974498,40.725029,-73.990697,member
240472,C7A1292DDE3FC180,docked_bike,2021-02-08 20:21:42,2021-02-08 20:50:34,1 Ave & E 68 St,6822,E 2 St & 2 Ave,5593,40.765005,-73.958185,40.725029,-73.990697,member
240473,C47D0C33954FE59D,docked_bike,2021-02-25 17:56:00,2021-02-25 18:28:11,1 Ave & E 68 St,6822,E 2 St & 2 Ave,5593,40.765005,-73.958185,40.725029,-73.990697,member
240478,2142F5210EE48AB2,docked_bike,2021-02-19 19:13:26,2021-02-19 19:18:18,Suffolk St & Stanton St,5445,E 2 St & 2 Ave,5593,40.720664,-73.985179,40.72502876,-73.99069656,casual
240479,1D79D9BC513A039E,docked_bike,2021-02-19 19:12:57,2021-02-19 19:18:14,Suffolk St & Stanton St,5445,E 2 St & 2 Ave,5593,40.720664,-73.985179,40.72502876,-73.99069656,member
240485,FEFB327C0F8C875B,docked_bike,2021-02-19 19:13:24,2021-02-19 19:18:11,Suffolk St & Stanton St,5445,E 2 St & 2 Ave,5593,40.720664,-73.985179,40.72502876,-73.99069656,member
240500,72FB1B4327FDEDDA,docked_bike,2021-02-14 13:15:17,2021-02-14 13:28:21,Broadway & E 14 St,5905,E 2 St & 2 Ave,5593,40.734546,-73.990741,40.725029,-73.990697,member
240507,A7FB3FF4428559A7,docked_bike,2021-02-26 16:37:33,2021-02-26 17:05:13,Broadway & E 14 St,5905,E 2 St & 2 Ave,5593,40.734545,-73.990741,40.72502876,-73.99069656,member
240511,29EAF726B789038D,docked_bike,2021-02-19 16:22:30,2021-02-19 16:30:36,Broadway & E 14 St,5905,E 2 St & 2 Ave,5593,40.734545,-73.990741,40.72502876,-73.99069656,member
240516,2085AF10B9B824E3,docked_bike,2021-02-27 16:27:14,2021-02-27 16:30:29,Suffolk St & Stanton St,5445,E 2 St & 2 Ave,5593,40.720664,-73.985179,40.72502876,-73.99069656,member
240524,F2099AF05FBF3AA4,docked_bike,2021-02-21 16:28:29,2021-02-21 16:56:52,Bushwick Ave & Powers St,5250,E 2 St & 2 Ave,5593,40.712477,-73.941,40.725029,-73.990697,member
240543,503A224A1530B931,docked_bike,2021-02-05 13:57:22,2021-02-05 14:08:13,W 15 St & 7 Ave,6030,E 2 St & 2 Ave,5593,40.739355,-73.999318,40.725029,-73.990697,member
240548,3EC3B9E728CBAB2E,docked_bike,2021-02-16 08:49:00,2021-02-16 08:55:30,Washington St & Barrow St,5847,E 2 St & 2 Ave,5593,40.731911,-74.008769,40.72502876,-73.99069656,member
240549,148241BE5F4E926D,docked_bike,2021-02-17 09:01:08,2021-02-17 09:07:37,Washington St & Barrow St,5847,E 2 St & 2 Ave,5593,40.731911,-74.008769,40.72502876,-73.99069656,member
240550,409AA8B07398089C,docked_bike,2021-02-21 11:16:12,2021-02-21 11:22:43,Washington St & Barrow St,5847,E 2 St & 2 Ave,5593,40.731911,-74.008769,40.72502876,-73.99069656,member
240551,0B6019BA1DC115FE,docked_bike,2021-02-27 18:18:14,2021-02-27 18:26:45,Washington St & Barrow St,5847,E 2 St & 2 Ave,5593,40.731911,-74.008769,40.72502876,-73.99069656,member
240573,1556D32535E36252,docked_bike,2021-02-15 17:03:50,2021-02-15 17:13:18,Washington St & Barrow St,5847,E 2 St & 2 Ave,5593,40.731911,-74.008769,40.72502876,-73.99069656,member
240590,F6718ADC2B41A696,docked_bike,2021-02-11 08:26:47,2021-02-11 08:32:58,Pitt St & Stanton St,5406,E 2 St & 2 Ave,5593,40.719261,-73.98178,40.725029,-73.990697,member
240603,5730415134EC5E06,docked_bike,2021-02-24 16:05:54,2021-02-24 16:29:37,1 Ave & E 68 St,6822,E 2 St & 2 Ave,5593,40.765005,-73.958184,40.72502876,-73.99069656,member
240609,E2D2E2DC941BBF04,docked_bike,2021-02-16 17:51:53,2021-02-16 18:09:14,South St & Gouverneur Ln,4953,E 2 St & 2 Ave,5593,40.703554,-74.006702,40.725029,-73.990697,member
240630,9E88C2897557BF8F,docked_bike,2021-02-06 18:53:32,2021-02-06 19:04:05,W 15 St & 7 Ave,6030,E 2 St & 2 Ave,5593,40.739355,-73.999317,40.72502876,-73.99069656,member
240632,5F118136927044C9,docked_bike,2021-02-25 19:07:36,2021-02-25 19:18:04,St James Pl & Oliver St,5238,E 2 St & 2 Ave,5593,40.713079,-73.998511,40.72502876,-73.99069656,member
240641,D8198E38D8597F93,docked_bike,2021-02-27 16:25:58,2021-02-27 16:46:33,Clermont Ave & Park Ave,4692,E 2 St & 2 Ave,5593,40.695733,-73.971296,40.72502876,-73.99069656,casual
240643,52BC00F42525D52C,docked_bike,2021-02-07 17:12:11,2021-02-07 17:19:33,St James Pl & Oliver St,5238,E 2 St & 2 Ave,5593,40.713079,-73.998511,40.72502876,-73.99069656,member
240644,7EDE6154842614AC,docked_bike,2021-02-10 08:17:16,2021-02-10 08:27:06,St James Pl & Oliver St,5238,E 2 St & 2 Ave,5593,40.713079,-73.998511,40.72502876,-73.99069656,member
240645,9C481E3F1F4AAB84,docked_bike,2021-02-24 08:47:27,2021-02-24 08:53:19,St James Pl & Oliver St,5238,E 2 St & 2 Ave,5593,40.713079,-73.998511,40.72502876,-73.99069656,member
240663,6DA6FFB2CF0ED7AA,docked_bike,2021-02-14 18:49:43,2021-02-14 18:57:44,Rivington St & Ridge St,5406,E 2 St & 2 Ave,5593,40.718502,-73.983299,40.725029,-73.990697,member
240667,D0AA5321DF04AE08,docked_bike,2021-02-23 20:55:36,2021-02-23 21:05:37,2 Ave & E 31 St,6197,E 2 St & 2 Ave,5593,40.742909,-73.97706,40.72502876,-73.99069656,member
240686,210A6F7848442682,docked_bike,2021-02-12 18:43:27,2021-02-12 18:58:47,E 25 St & 1 Ave,6004,E 2 St & 2 Ave,5593,40.738176,-73.977386,40.72502876,-73.99069656,casual
240688,D315AEAEAF93DA30,docked_bike,2021-02-17 12:18:05,2021-02-17 12:23:18,St Marks Pl & 1 Ave,5626,E 2 St & 2 Ave,5593,40.727791,-73.985649,40.72502876,-73.99069656,member
240691,21C3FD24347F4F64,docked_bike,2021-02-14 16:49:53,2021-02-14 17:16:44,W 49 St & 8 Ave,6747,E 2 St & 2 Ave,5593,40.762272,-73.987882,40.72502876,-73.99069656,member
240692,22AD8D913F53C812,docked_bike,2021-02-14 13:23:40,2021-02-14 13:38:23,E 25 St & 1 Ave,6004,E 2 St & 2 Ave,5593,40.738176,-73.977386,40.72502876,-73.99069656,member
240693,551580AC95882841,docked_bike,2021-02-20 10:01:01,2021-02-20 10:03:54,St Marks Pl & 1 Ave,5626,E 2 St & 2 Ave,5593,40.727791,-73.985649,40.725029,-73.990697,member
240699,7001DC6935C83517,docked_bike,2021-02-14 10:18:09,2021-02-14 10:54:19,Classon Ave & St Marks Ave,4074,E 2 St & 2 Ave,5593,40.676519,-73.959608,40.72502876,-73.99069656,member
240700,C6117229F5811695,docked_bike,2021-02-21 19:08:13,2021-02-21 19:27:50,Warren St & W Broadway,5288,E 2 St & 2 Ave,5593,40.714739,-74.009106,40.72502876,-73.99069656,casual
240710,9A685FA2C1BD137C,docked_bike,2021-02-06 13:34:29,2021-02-06 13:51:26,St James Pl & Oliver St,5238,E 2 St & 2 Ave,5593,40.713079,-73.998511,40.72502876,-73.99069656,member
240713,9F90989D75257304,docked_bike,2021-02-17 18:28:11,2021-02-17 18:49:10,St James Pl & Oliver St,5238,E 2 St & 2 Ave,5593,40.713079,-73.998511,40.72502876,-73.99069656,casual
240714,1B0C1BC6C7D35F3F,docked_bike,2021-02-24 16:41:06,2021-02-24 17:03:23,W 54 St & 11 Ave,6955,E 2 St & 2 Ave,5593,40.768333,-73.992573,40.72502876,-73.99069656,casual
240717,212118B989310B92,docked_bike,2021-02-11 23:05:02,2021-02-11 23:16:09,W 27 St & 7 Ave,6247,E 2 St & 2 Ave,5593,40.746647,-73.993915,40.72502876,-73.99069656,member
240730,534ECA06AB1FF28F,docked_bike,2021-02-22 11:00:26,2021-02-22 11:05:07,E 7 St & Avenue A,5626,E 2 St & 2 Ave,5593,40.726217,-73.983798,40.72502876,-73.99069656,member
240732,93A4CD6ACF245F15,docked_bike,2021-02-17 16:48:49,2021-02-17 16:55:28,E 7 St & Avenue A,5626,E 2 St & 2 Ave,5593,40.726218,-73.983799,40.725029,-73.990697,member
240758,B775F5B8DD8F0720,docked_bike,2021-02-28 13:11:01,2021-02-28 13:18:15,E 16 St & 5 Ave,6022,E 2 St & 2 Ave,5593,40.737261,-73.992389,40.72502876,-73.99069656,member
240767,FBB8B83A3E837AEE,docked_bike,2021-02-24 18:55:10,2021-02-24 19:03:54,Centre St & Chambers St,5207,E 2 St & 2 Ave,5593,40.712732,-74.004607,40.72502876,-73.99069656,member
240774,58D8FA1FE3D52AE0,docked_bike,2021-02-10 07:28:49,2021-02-10 07:42:07,West St & Liberty St,5184,E 2 St & 2 Ave,5593,40.711444,-74.014847,40.72502876,-73.99069656,member
240775,8A9F0A1D8AB5738C,docked_bike,2021-02-18 07:26:51,2021-02-18 07:41:46,West St & Liberty St,5184,E 2 St & 2 Ave,5593,40.711444,-74.014847,40.72502876,-73.99069656,member
240776,B9FDBEAA41FC032F,docked_bike,2021-02-10 18:29:44,2021-02-10 19:01:17,West St & Liberty St,5184,E 2 St & 2 Ave,5593,40.711444,-74.014847,40.72502876,-73.99069656,casual
240782,4AFFAB7D30935C43,docked_bike,2021-02-05 18:56:28,2021-02-05 19:05:53,E 16 St & 5 Ave,6022,E 2 St & 2 Ave,5593,40.737262,-73.99239,40.725029,-73.990697,member
240785,31C98137B874B69F,docked_bike,2021-02-25 15:47:54,2021-02-25 16:33:09,Columbus Ave & W 95 St,7520,E 2 St & 2 Ave,5593,40.791955,-73.968087,40.72502876,-73.99069656,member
240794,990E4157E5D0CE98,docked_bike,2021-02-17 15:16:23,2021-02-17 15:25:42,Leonard St & Church St,5359,E 2 St & 2 Ave,5593,40.717571,-74.005549,40.72502876,-73.99069656,casual
240801,D789F2BDCCE676CD,docked_bike,2021-02-14 13:01:52,2021-02-14 13:19:24,Allen St & Stanton St,5484,E 2 St & 2 Ave,5593,40.722055,-73.989111,40.725029,-73.990697,casual
240803,61B41F8F0F9B6900,docked_bike,2021-02-25 07:23:45,2021-02-25 07:34:45,West St & Liberty St,5184,E 2 St & 2 Ave,5593,40.711444,-74.014847,40.72502876,-73.99069656,member
240808,6DF4CC9295BBA5BE,docked_bike,2021-02-11 07:28:24,2021-02-11 07:42:08,West St & Liberty St,5184,E 2 St & 2 Ave,5593,40.711444,-74.014847,40.72502876,-73.99069656,member
240816,7E1AF8EB409CA368,docked_bike,2021-02-14 13:01:14,2021-02-14 13:16:50,Allen St & Stanton St,5484,E 2 St & 2 Ave,5593,40.722055,-73.989111,40.725029,-73.990697,casual
240817,BAF6BB63103EDA54,docked_bike,2021-02-08 07:24:21,2021-02-08 07:39:30,West St & Liberty St,5184,E 2 St & 2 Ave,5593,40.711444,-74.014847,40.725029,-73.990697,member
240820,8A6D6D976D7B70EA,docked_bike,2021-02-09 07:26:09,2021-02-09 07:39:23,West St & Liberty St,5184,E 2 St & 2 Ave,5593,40.711444,-74.014847,40.72502876,-73.99069656,member
240821,5975EFF77BD8371A,docked_bike,2021-02-17 07:19:25,2021-02-17 07:32:37,West St & Liberty St,5184,E 2 St & 2 Ave,5593,40.711444,-74.014847,40.72502876,-73.99069656,member
240822,BDDC77BF35C9EDBB,docked_bike,2021-02-26 07:22:34,2021-02-26 07:38:06,West St & Liberty St,5184,E 2 St & 2 Ave,5593,40.711444,-74.014847,40.72502876,-73.99069656,member
240823,FF90D2B2CB09D365,docked_bike,2021-02-20 08:19:12,2021-02-20 08:31:04,West St & Liberty St,5184,E 2 St & 2 Ave,5593,40.711444,-74.014847,40.72502876,-73.99069656,member
240824,B6B86D2161D2A18F,docked_bike,2021-02-12 07:26:42,2021-02-12 07:42:03,West St & Liberty St,5184,E 2 St & 2 Ave,5593,40.711444,-74.014847,40.72502876,-73.99069656,member
240830,6895E5819BF98CCF,docked_bike,2021-02-14 10:19:50,2021-02-14 10:30:31,Lexington Ave & E 29 St,6164,E 2 St & 2 Ave,5593,40.743116,-73.982154,40.725029,-73.990697,member
240837,F2F8089848437FAB,docked_bike,2021-02-08 14:01:34,2021-02-08 14:06:56,E 13 St & Avenue A,5779,E 2 St & 2 Ave,5593,40.729667,-73.980679,40.72502876,-73.99069656,member
240840,6D7E9CDD5CBBD247,docked_bike,2021-02-20 11:47:15,2021-02-20 12:04:03,E 13 St & Avenue A,5779,E 2 St & 2 Ave,5593,40.729667,-73.98068,40.725029,-73.990697,member
240845,37CD7FF25F0F50F4,docked_bike,2021-02-16 15:02:43,2021-02-16 15:09:56,E 13 St & Avenue A,5779,E 2 St & 2 Ave,5593,40.729667,-73.98068,40.725029,-73.990697,member
240846,2DC208D74D3F3C39,docked_bike,2021-02-12 11:22:28,2021-02-12 11:30:41,E 13 St & Avenue A,5779,E 2 St & 2 Ave,5593,40.729667,-73.980679,40.72502876,-73.99069656,member
240848,54A8440F1589D0DB,docked_bike,2021-02-05 18:07:04,2021-02-05 18:18:53,E 16 St & 5 Ave,6022,E 2 St & 2 Ave,5593,40.737262,-73.99239,40.725029,-73.990697,member
240851,CB360AF1B7FFC90A,docked_bike,2021-02-15 05:57:01,2021-02-15 05:59:05,Allen St & Stanton St,5484,E 2 St & 2 Ave,5593,40.722055,-73.989111,40.72502876,-73.99069656,member
240855,41D302A5A4571C00,docked_bike,2021-02-08 19:00:53,2021-02-08 19:09:53,E 19 St & 3 Ave,5938,E 2 St & 2 Ave,5593,40.736245,-73.984737,40.72502876,-73.99069656,member
240856,A1A71D8A47BC9F72,docked_bike,2021-02-17 11:29:17,2021-02-17 11:53:48,E 72 St & York Ave,6889,E 2 St & 2 Ave,5593,40.766638,-73.953482,40.72502876,-73.99069656,member
240859,2E37FE3BA21C2991,docked_bike,2021-02-12 16:49:45,2021-02-12 16:58:49,E 13 St & Avenue A,5779,E 2 St & 2 Ave,5593,40.729667,-73.98068,40.725029,-73.990697,member
240861,E3FEFB305E744D93,docked_bike,2021-02-20 19:48:41,2021-02-20 19:58:01,E 13 St & Avenue A,5779,E 2 St & 2 Ave,5593,40.729667,-73.980679,40.72502876,-73.99069656,member
240866,1EC5A01FDEBC5BD9,docked_bike,2021-02-10 11:15:43,2021-02-10 11:21:42,E 19 St & 3 Ave,5938,E 2 St & 2 Ave,5593,40.736245,-73.984737,40.72502876,-73.99069656,member
240867,A5392926FAA26E62,docked_bike,2021-02-25 09:44:39,2021-02-25 09:49:47,E 19 St & 3 Ave,5938,E 2 St & 2 Ave,5593,40.736245,-73.984737,40.72502876,-73.99069656,member
240870,9EE61D8EA80E71B6,docked_bike,2021-02-25 19:11:47,2021-02-25 19:20:27,E 19 St & 3 Ave,5938,E 2 St & 2 Ave,5593,40.736245,-73.984737,40.72502876,-73.99069656,member
240878,D11EC3761EC64D0A,docked_bike,2021-02-24 12:07:07,2021-02-24 12:15:50,E 13 St & Avenue A,5779,E 2 St & 2 Ave,5593,40.729667,-73.980679,40.72502876,-73.99069656,member
240881,A5850809A07CFC33,docked_bike,2021-02-13 15:51:04,2021-02-13 16:01:04,E 13 St & Avenue A,5779,E 2 St & 2 Ave,5593,40.729667,-73.980679,40.72502876,-73.99069656,member
240886,DB0762141189AAFA,docked_bike,2021-02-12 12:04:00,2021-02-12 12:10:21,E 19 St & 3 Ave,5938,E 2 St & 2 Ave,5593,40.736245,-73.984737,40.72502876,-73.99069656,member
240892,A6E41307035C24A8,docked_bike,2021-02-05 10:28:31,2021-02-05 10:37:55,E 19 St & 3 Ave,5938,E 2 St & 2 Ave,5593,40.736245,-73.984737,40.72502876,-73.99069656,member
240893,F8C290001A727617,docked_bike,2021-02-14 15:24:21,2021-02-14 15:32:01,E 13 St & Avenue A,5779,E 2 St & 2 Ave,5593,40.729667,-73.980679,40.72502876,-73.99069656,member
240894,2174D783C44BABCC,docked_bike,2021-02-26 14:17:01,2021-02-26 14:24:45,E 13 St & Avenue A,5779,E 2 St & 2 Ave,5593,40.729667,-73.98068,40.725029,-73.990697,member
240895,508533DD770AB158,docked_bike,2021-02-24 15:57:38,2021-02-24 16:05:22,E 19 St & 3 Ave,5938,E 2 St & 2 Ave,5593,40.736245,-73.984737,40.72502876,-73.99069656,casual
240896,88928279D6EFAC60,docked_bike,2021-02-12 17:47:43,2021-02-12 17:54:48,E 13 St & Avenue A,5779,E 2 St & 2 Ave,5593,40.729667,-73.98068,40.725029,-73.990697,casual
240899,1FCB58E887BDEC92,docked_bike,2021-02-28 00:51:20,2021-02-28 00:56:33,E 13 St & Avenue A,5779,E 2 St & 2 Ave,5593,40.729667,-73.980679,40.72502876,-73.99069656,member
240900,077BEAD164A34F1D,docked_bike,2021-02-27 14:41:45,2021-02-27 14:49:35,E 19 St & 3 Ave,5938,E 2 St & 2 Ave,5593,40.736245,-73.984737,40.72502876,-73.99069656,member
240901,012ACC8CF1AA276C,docked_bike,2021-02-26 12:47:31,2021-02-26 12:56:30,E 13 St & Avenue A,5779,E 2 St & 2 Ave,5593,40.729667,-73.980679,40.72502876,-73.99069656,member
240903,5D4796AEF754BDEF,docked_bike,2021-02-06 16:51:47,2021-02-06 17:01:33,E 13 St & Avenue A,5779,E 2 St & 2 Ave,5593,40.729667,-73.980679,40.72502876,-73.99069656,member
240907,201DC1EB9970D68F,docked_bike,2021-02-15 13:02:15,2021-02-15 13:11:21,E 13 St & Avenue A,5779,E 2 St & 2 Ave,5593,40.729667,-73.980679,40.72502876,-73.99069656,member
240920,8E0842A96A8AA91F,docked_bike,2021-02-25 19:06:49,2021-02-25 19:14:13,E 19 St & 3 Ave,5938,E 2 St & 2 Ave,5593,40.736245,-73.984737,40.72502876,-73.99069656,member
240937,2958DC8AAEEB38A1,docked_bike,2021-02-20 13:06:15,2021-02-20 13:16:23,E 9 St & Avenue C,5616,E 2 St & 2 Ave,5593,40.725213,-73.977687,40.72502876,-73.99069656,member
240939,243011BC14A64560,docked_bike,2021-02-26 17:15:05,2021-02-26 17:28:07,E 33 St & 5 Ave,6322,E 2 St & 2 Ave,5593,40.747659,-73.984907,40.72502876,-73.99069656,member
240943,1045016B81849C2E,docked_bike,2021-02-04 18:58:19,2021-02-04 19:31:50,Reade St & Broadway,5247,E 2 St & 2 Ave,5593,40.714505,-74.005628,40.725029,-73.990697,member
240944,44CD9300CE28D96D,docked_bike,2021-02-17 21:14:03,2021-02-17 21:26:16,Reade St & Broadway,5247,E 2 St & 2 Ave,5593,40.714504,-74.005627,40.72502876,-73.99069656,member
240948,B58EA3546434C896,docked_bike,2021-02-12 11:35:55,2021-02-12 11:43:34,E 16 St & 5 Ave,6022,E 2 St & 2 Ave,5593,40.737261,-73.992389,40.72502876,-73.99069656,member
240949,EA72F7570CFAB27E,docked_bike,2021-02-13 12:32:49,2021-02-13 13:01:27,Willoughby Ave & Hall St,4611,E 2 St & 2 Ave,5593,40.69196,-73.965368,40.72502876,-73.99069656,member
240950,FC54A03B19503216,docked_bike,2021-02-13 12:33:45,2021-02-13 13:01:55,Willoughby Ave & Hall St,4611,E 2 St & 2 Ave,5593,40.69196,-73.965368,40.72502876,-73.99069656,member
240952,716E6D6214633659,docked_bike,2021-02-24 10:12:37,2021-02-24 10:15:04,Allen St & Stanton St,5484,E 2 St & 2 Ave,5593,40.722055,-73.989111,40.725029,-73.990697,member
240953,D0D03DEFF0CF3D72,docked_bike,2021-02-03 20:31:49,2021-02-03 20:35:29,Allen St & Stanton St,5484,E 2 St & 2 Ave,5593,40.722055,-73.989111,40.725029,-73.990697,member
240966,2525687FFBAF1D1E,docked_bike,2021-02-24 20:16:13,2021-02-24 20:20:04,Stanton St & Norfolk St,5445,E 2 St & 2 Ave,5593,40.720747,-73.986274,40.72502876,-73.99069656,member
240971,AD8C2ED08B3A68D9,docked_bike,2021-02-13 17:51:15,2021-02-13 18:22:23,E 33 St & 5 Ave,6322,E 2 St & 2 Ave,5593,40.747659,-73.984907,40.72502876,-73.99069656,member
240986,263CC77ABE1B26B8,docked_bike,2021-02-14 19:02:40,2021-02-14 19:07:10,MacDougal St & Washington Sq,5797,E 2 St & 2 Ave,5593,40.732263,-73.998522,40.72502876,-73.99069656,member
240988,B3B7444CB21E84BE,docked_bike,2021-02-21 14:26:20,2021-02-21 14:46:42,Reade St & Broadway,5247,E 2 St & 2 Ave,5593,40.714504,-74.005627,40.72502876,-73.99069656,casual
240990,F6D1535902DFA2A2,docked_bike,2021-02-11 15:17:38,2021-02-11 15:33:55,Reade St & Broadway,5247,E 2 St & 2 Ave,5593,40.714504,-74.005627,40.72502876,-73.99069656,casual
240996,9F999A4A93018E86,docked_bike,2021-02-25 15:12:38,2021-02-25 15:58:14,E 81 St & 2 Ave,7121,E 2 St & 2 Ave,5593,40.774779,-73.954274,40.72502876,-73.99069656,member
241003,6AB155A7B420D74D,docked_bike,2021-02-21 15:08:08,2021-02-21 15:44:22,Maiden Ln & Pearl St,5065,E 2 St & 2 Ave,5593,40.707064,-74.007318,40.72502876,-73.99069656,member
241004,8B6DBE37C693A1BF,docked_bike,2021-02-25 17:35:26,2021-02-25 17:39:42,Stanton St & Norfolk St,5445,E 2 St & 2 Ave,5593,40.720747,-73.986274,40.725029,-73.990697,member
241008,9392E8DB520E1AF1,docked_bike,2021-02-15 11:39:46,2021-02-15 11:50:11,MacDougal St & Washington Sq,5797,E 2 St & 2 Ave,5593,40.732263,-73.998522,40.72502876,-73.99069656,member
241015,A3190FBB5F0DF29D,docked_bike,2021-02-14 14:53:16,2021-02-14 15:17:21,Lexington Ave & E 36 St,6313,E 2 St & 2 Ave,5593,40.747573,-73.9788,40.72502876,-73.99069656,member
241017,3B51867B82516501,docked_bike,2021-02-17 19:55:17,2021-02-17 20:01:50,Stanton St & Norfolk St,5445,E 2 St & 2 Ave,5593,40.720747,-73.986274,40.72502876,-73.99069656,casual
241021,38D6195EDECA5BE9,docked_bike,2021-02-19 19:10:55,2021-02-19 19:31:00,E 58 St & 1 Ave (NE Corner),6682,E 2 St & 2 Ave,5593,40.758923,-73.962262,40.72502876,-73.99069656,member
241033,FF644271ACED097E,docked_bike,2021-02-04 20:15:31,2021-02-04 20:34:01,Maiden Ln & Pearl St,5065,E 2 St & 2 Ave,5593,40.707064,-74.007318,40.72502876,-73.99069656,member
241048,6A65A406A4B1C42C,docked_bike,2021-02-26 09:09:56,2021-02-26 09:16:17,E 2 St & Avenue C,5476,E 2 St & 2 Ave,5593,40.720874,-73.980858,40.725029,-73.990697,member
241075,50757C8CAA015644,docked_bike,2021-02-28 03:12:30,2021-02-28 03:16:13,E 2 St & Avenue C,5476,E 2 St & 2 Ave,5593,40.720873,-73.980857,40.72502876,-73.99069656,member
241077,F47DF0C1C731ACBD,docked_bike,2021-02-10 08:38:43,2021-02-10 08:44:19,E 2 St & Avenue C,5476,E 2 St & 2 Ave,5593,40.720873,-73.980857,40.72502876,-73.99069656,member
241086,02F6F1A3BBA6F124,docked_bike,2021-02-09 18:25:24,2021-02-10 12:44:54,E 2 St & Avenue C,5476,E 2 St & 2 Ave,5593,40.720873,-73.980857,40.72502876,-73.99069656,member
241089,0D3528F68EF2F8B0,docked_bike,2021-02-07 17:16:53,2021-02-07 17:20:29,E 2 St & Avenue C,5476,E 2 St & 2 Ave,5593,40.720874,-73.980858,40.725029,-73.990697,member
241090,57C94499B2DA1753,docked_bike,2021-02-11 17:59:41,2021-02-11 18:04:20,E 2 St & Avenue C,5476,E 2 St & 2 Ave,5593,40.720873,-73.980857,40.72502876,-73.99069656,member
241101,B1DDB7CDD3565871,docked_bike,2021-02-16 21:06:20,2021-02-16 21:21:14,Bergen St & Smith St,4446,E 2 St & 2 Ave,5593,40.686744,-73.990631,40.72502876,-73.99069656,casual
241109,44C0BEC4A0309877,docked_bike,2021-02-17 11:55:34,2021-02-17 12:09:10,E 2 St & Avenue C,5476,E 2 St & 2 Ave,5593,40.720873,-73.980857,40.72502876,-73.99069656,member
241114,59A2DFCFB2510C6C,docked_bike,2021-02-06 16:23:36,2021-02-06 16:35:52,E 2 St & Avenue C,5476,E 2 St & 2 Ave,5593,40.720874,-73.980858,40.725029,-73.990697,member
241118,1618AD80AFBF2031,docked_bike,2021-02-16 13:43:23,2021-02-16 13:48:41,E 2 St & Avenue C,5476,E 2 St & 2 Ave,5593,40.720873,-73.980857,40.72502876,-73.99069656,member
241125,DBAF4FAEA90A3E04,docked_bike,2021-02-13 10:32:29,2021-02-13 10:51:11,W 22 St & 10 Ave,6306,E 2 St & 2 Ave,5593,40.746919,-74.004518,40.72502876,-73.99069656,casual
241128,DC9D51B044C53539,docked_bike,2021-02-15 07:50:37,2021-02-15 07:52:57,E 5 St & Cooper Sq,5712,E 2 St & 2 Ave,5593,40.72769,-73.990993,40.72502876,-73.99069656,member
241132,8864727F6835A67F,docked_bike,2021-02-26 16:41:45,2021-02-26 16:54:13,5 Ave & E 29 St,6248,E 2 St & 2 Ave,5593,40.745167,-73.98683,40.72502876,-73.99069656,member
241146,A784435CD99447CD,docked_bike,2021-02-07 10:15:45,2021-02-07 10:30:24,W 22 St & 10 Ave,6306,E 2 St & 2 Ave,5593,40.74692,-74.004519,40.725029,-73.990697,member
241169,A112FD7284148B3F,docked_bike,2021-02-08 14:49:37,2021-02-08 15:04:08,Christopher St & Greenwich St,5847,E 2 St & 2 Ave,5593,40.732915,-74.007113,40.72502876,-73.99069656,member
241172,EF3117445E3DC364,docked_bike,2021-02-24 18:21:07,2021-02-24 18:32:30,Christopher St & Greenwich St,5847,E 2 St & 2 Ave,5593,40.732915,-74.007113,40.72502876,-73.99069656,member
241175,24A14DA657A867B4,docked_bike,2021-02-12 19:10:55,2021-02-12 19:19:58,Christopher St & Greenwich St,5847,E 2 St & 2 Ave,5593,40.732915,-74.007113,40.72502876,-73.99069656,member
241176,F7EF320001FE44C0,docked_bike,2021-02-24 18:59:58,2021-02-24 19:20:22,Berry St & N 8 St,5379,E 2 St & 2 Ave,5593,40.719009,-73.958525,40.72502876,-73.99069656,member
241179,C3C4049ADDBED22A,docked_bike,2021-02-26 19:21:11,2021-02-26 19:30:34,Christopher St & Greenwich St,5847,E 2 St & 2 Ave,5593,40.732915,-74.007113,40.72502876,-73.99069656,member
241180,A2253A192EC3C908,docked_bike,2021-02-27 13:24:02,2021-02-27 13:33:24,Christopher St & Greenwich St,5847,E 2 St & 2 Ave,5593,40.732915,-74.007113,40.72502876,-73.99069656,member
241187,9D2C892D22F25F4E,docked_bike,2021-02-05 18:54:34,2021-02-05 19:03:36,Christopher St & Greenwich St,5847,E 2 St & 2 Ave,5593,40.732915,-74.007113,40.72502876,-73.99069656,member
241189,5A6F4EF957D3B38E,docked_bike,2021-02-27 19:25:58,2021-02-27 19:37:28,Broadway & W 29 St,6289,E 2 St & 2 Ave,5593,40.7462,-73.988557,40.72502876,-73.99069656,member
241191,52C41A9482847073,docked_bike,2021-02-15 17:57:53,2021-02-15 18:12:42,Broadway & W 29 St,6289,E 2 St & 2 Ave,5593,40.746201,-73.988557,40.725029,-73.990697,member
241196,D6F246CA5C6BF5AA,docked_bike,2021-02-27 19:25:03,2021-02-27 19:38:09,Broadway & W 29 St,6289,E 2 St & 2 Ave,5593,40.7462,-73.988557,40.72502876,-73.99069656,member
241198,FA29763F6DD16BAD,docked_bike,2021-02-15 17:57:49,2021-02-15 18:13:02,Broadway & W 29 St,6289,E 2 St & 2 Ave,5593,40.7462,-73.988557,40.72502876,-73.99069656,member
241206,490EF1E05C846D42,docked_bike,2021-02-17 13:00:18,2021-02-17 13:19:50,Broadway & W 29 St,6289,E 2 St & 2 Ave,5593,40.746201,-73.988557,40.725029,-73.990697,member
241207,2AABFD1034910B00,docked_bike,2021-02-26 12:09:16,2021-02-26 12:26:10,Broadway & W 29 St,6289,E 2 St & 2 Ave,5593,40.746201,-73.988557,40.725029,-73.990697,member
241209,7B753225F9FBD010,docked_bike,2021-02-27 19:24:46,2021-02-27 19:38:27,Broadway & W 29 St,6289,E 2 St & 2 Ave,5593,40.7462,-73.988557,40.72502876,-73.99069656,member
241213,601F78FA7751E491,docked_bike,2021-02-16 13:52:03,2021-02-16 14:21:55,E 81 St & York Ave,7084,E 2 St & 2 Ave,5593,40.772838,-73.949892,40.725029,-73.990697,member
241220,5115766E6886702D,docked_bike,2021-02-09 13:35:29,2021-02-09 13:58:34,1 Ave & E 5 St,5626,E 2 St & 2 Ave,5593,40.725864,-73.986389,40.725029,-73.990697,member
241223,A55FF81D9ECDA390,docked_bike,2021-02-17 15:34:30,2021-02-17 16:42:29,1 Ave & E 5 St,5626,E 2 St & 2 Ave,5593,40.725864,-73.986389,40.72502876,-73.99069656,member
241226,D5DD64F31D83B5D0,docked_bike,2021-02-24 12:56:03,2021-02-24 12:59:42,1 Ave & E 5 St,5626,E 2 St & 2 Ave,5593,40.725864,-73.986389,40.72502876,-73.99069656,casual
241229,3AFCA0EED4343D04,docked_bike,2021-02-16 16:28:20,2021-02-16 16:32:06,1 Ave & E 5 St,5626,E 2 St & 2 Ave,5593,40.725864,-73.986389,40.72502876,-73.99069656,member
241239,2E9E5572ADF66C24,docked_bike,2021-02-10 15:26:34,2021-02-10 15:30:24,1 Ave & E 5 St,5626,E 2 St & 2 Ave,5593,40.725864,-73.986389,40.725029,-73.990697,member
241240,2F7F11B4B125CB7C,docked_bike,2021-02-25 09:16:34,2021-02-25 09:25:18,Norfolk St & Broome St,5374,E 2 St & 2 Ave,5593,40.717227,-73.98802,40.72502876,-73.99069656,casual
241249,11AE8B33AEBEE139,docked_bike,2021-02-20 14:38:59,2021-02-20 14:53:06,1 Ave & E 5 St,5626,E 2 St & 2 Ave,5593,40.725864,-73.986389,40.72502876,-73.99069656,member
241257,0961E1DA4195E4D4,docked_bike,2021-02-13 18:51:56,2021-02-13 18:56:46,1 Ave & E 5 St,5626,E 2 St & 2 Ave,5593,40.725864,-73.986389,40.72502876,-73.99069656,member
241261,BEF36C14303248B5,docked_bike,2021-02-15 07:57:39,2021-02-15 08:00:31,1 Ave & E 5 St,5626,E 2 St & 2 Ave,5593,40.725864,-73.986389,40.72502876,-73.99069656,member
241272,9DA5CE60666D9B5C,docked_bike,2021-02-08 12:50:55,2021-02-08 12:55:15,1 Ave & E 5 St,5626,E 2 St & 2 Ave,5593,40.725864,-73.986389,40.72502876,-73.99069656,member
241277,52427A82E1F3B1C4,docked_bike,2021-02-15 20:29:46,2021-02-15 20:32:47,1 Ave & E 5 St,5626,E 2 St & 2 Ave,5593,40.725864,-73.986389,40.72502876,-73.99069656,member
241279,30E69F47D84B6462,docked_bike,2021-02-20 16:25:12,2021-02-20 16:44:38,Norfolk St & Broome St,5374,E 2 St & 2 Ave,5593,40.717227,-73.98802,40.72502876,-73.99069656,member
241280,3017E8ADF9C34D2D,docked_bike,2021-02-08 09:01:57,2021-02-08 09:10:06,Norfolk St & Broome St,5374,E 2 St & 2 Ave,5593,40.717227,-73.98802,40.72502876,-73.99069656,casual
241291,7A451A6E231A93A5,docked_bike,2021-02-12 14:03:26,2021-02-12 14:09:10,Stanton St & Norfolk St,5445,E 2 St & 2 Ave,5593,40.720747,-73.986274,40.725029,-73.990697,member
241292,394E2F5BFBBBC166,docked_bike,2021-02-17 17:32:54,2021-02-17 17:36:21,Stanton St & Norfolk St,5445,E 2 St & 2 Ave,5593,40.720747,-73.986274,40.725029,-73.990697,member
241293,7F76A2290741715C,docked_bike,2021-02-19 17:18:40,2021-02-19 17:22:53,Stanton St & Norfolk St,5445,E 2 St & 2 Ave,5593,40.720747,-73.986274,40.725029,-73.990697,member
241299,89E8FF5DCFC7DC50,docked_bike,2021-02-17 17:00:48,2021-02-17 17:04:18,1 Ave & E 5 St,5626,E 2 St & 2 Ave,5593,40.725864,-73.986389,40.72502876,-73.99069656,member
241301,83CBFB6E016B3C4A,docked_bike,2021-02-11 09:54:24,2021-02-11 09:59:54,1 Ave & E 5 St,5626,E 2 St & 2 Ave,5593,40.725864,-73.986389,40.72502876,-73.99069656,member
241306,C04B9628BE65D306,docked_bike,2021-02-16 19:56:32,2021-02-16 19:58:52,1 Ave & E 5 St,5626,E 2 St & 2 Ave,5593,40.725864,-73.986389,40.72502876,-73.99069656,member
241307,65EC3AFFBA897F91,docked_bike,2021-02-10 13:24:05,2021-02-10 13:35:32,Norfolk St & Broome St,5374,E 2 St & 2 Ave,5593,40.717227,-73.98802,40.72502876,-73.99069656,member
241310,AC04C909BCB91FF8,docked_bike,2021-02-15 18:36:10,2021-02-15 18:42:18,Norfolk St & Broome St,5374,E 2 St & 2 Ave,5593,40.717227,-73.98802,40.72502876,-73.99069656,member
241316,6EC658D22BBC1694,docked_bike,2021-02-05 18:00:14,2021-02-05 18:02:18,1 Ave & E 5 St,5626,E 2 St & 2 Ave,5593,40.725864,-73.986389,40.725029,-73.990697,member
241322,8E776BDC4868025B,docked_bike,2021-02-13 13:40:54,2021-02-13 13:48:04,1 Ave & E 5 St,5626,E 2 St & 2 Ave,5593,40.725864,-73.986389,40.72502876,-73.99069656,member
241339,8A0F31F32AA829FF,docked_bike,2021-02-05 16:42:53,2021-02-05 17:21:32,W 42 St & 8 Ave,6602,E 2 St & 2 Ave,5593,40.75757,-73.990985,40.725029,-73.990697,member
241345,796CFFBDC9AFCA0D,docked_bike,2021-02-23 18:02:08,2021-02-23 18:12:34,Laight St & Hudson St,5539,E 2 St & 2 Ave,5593,40.721853,-74.007717,40.72502876,-73.99069656,member
241347,4B218AE9C9E9540A,docked_bike,2021-02-06 07:52:44,2021-02-06 07:58:27,1 Ave & E 18 St,5854,E 2 St & 2 Ave,5593,40.733812,-73.980544,40.725029,-73.990697,casual
241348,AB3815F6AAB79334,docked_bike,2021-02-12 18:14:34,2021-02-12 18:14:20,E 11 St & Avenue B,5659,E 2 St & 2 Ave,5593,40.727464,-73.979504,40.72502876,-73.99069656,casual
241349,4CC38B37E28F93D8,docked_bike,2021-02-25 17:17:03,2021-02-25 17:23:54,E 11 St & Avenue B,5659,E 2 St & 2 Ave,5593,40.727464,-73.979504,40.725029,-73.990697,member
241350,F25EEBDFA475EDAF,docked_bike,2021-02-24 21:08:25,2021-02-24 21:14:55,1 Ave & E 18 St,5854,E 2 St & 2 Ave,5593,40.733812,-73.980544,40.72502876,-73.99069656,member
241352,49442E0F93B46735,docked_bike,2021-02-05 07:18:32,2021-02-05 07:24:58,1 Ave & E 18 St,5854,E 2 St & 2 Ave,5593,40.733812,-73.980544,40.725029,-73.990697,casual
241353,161B447A5DE0E99E,docked_bike,2021-02-06 12:09:12,2021-02-06 12:16:22,E 11 St & Avenue B,5659,E 2 St & 2 Ave,5593,40.727464,-73.979504,40.72502876,-73.99069656,member
241363,DBD7C4CE0276E492,docked_bike,2021-02-20 16:47:32,2021-02-20 17:04:42,W 16 St & The High Line,6233,E 2 St & 2 Ave,5593,40.743349,-74.006817,40.72502876,-73.99069656,member
241364,8B5AFA543E9B37AD,docked_bike,2021-02-28 10:32:41,2021-02-28 10:56:12,Clinton St & Joralemon St,4605,E 2 St & 2 Ave,5593,40.692395,-73.993379,40.72502876,-73.99069656,member
241370,F8A333E724C3CAA0,docked_bike,2021-02-14 19:51:32,2021-02-14 20:00:13,MacDougal St & Prince St,5687,E 2 St & 2 Ave,5593,40.727102,-74.00297,40.72502876,-73.99069656,member
241387,F5A833A5E8F25924,docked_bike,2021-02-21 17:32:44,2021-02-21 17:40:31,Grand St & Elizabeth St,5382,E 2 St & 2 Ave,5593,40.718822,-73.99596,40.72502876,-73.99069656,casual
241391,0B46DF28F4F2E7C6,docked_bike,2021-02-15 00:11:46,2021-02-15 00:19:09,Grand St & Elizabeth St,5382,E 2 St & 2 Ave,5593,40.718822,-73.99596,40.725029,-73.990697,member
241392,0600B9F0253F8D1B,docked_bike,2021-02-16 11:39:28,2021-02-16 11:44:09,Grand St & Elizabeth St,5382,E 2 St & 2 Ave,5593,40.718822,-73.99596,40.725029,-73.990697,member
241394,756F9E50698612C8,docked_bike,2021-02-15 23:17:06,2021-02-15 23:24:03,Grand St & Elizabeth St,5382,E 2 St & 2 Ave,5593,40.718822,-73.99596,40.72502876,-73.99069656,casual
241399,5AF337C56842DCD8,docked_bike,2021-02-21 14:27:05,2021-02-21 14:48:06,Reade St & Broadway,5247,E 2 St & 2 Ave,5593,40.714504,-74.005627,40.72502876,-73.99069656,casual
241407,8261C698CB2E64E8,docked_bike,2021-02-27 18:29:17,2021-02-27 18:58:16,6 Ave & Broome St,5610,E 2 St & 2 Ave,5593,40.724308,-74.00473,40.72502876,-73.99069656,casual
241410,32E666D2816D5405,docked_bike,2021-02-17 16:15:13,2021-02-17 16:21:26,Grand St & Elizabeth St,5382,E 2 St & 2 Ave,5593,40.718822,-73.99596,40.72502876,-73.99069656,casual
241418,2A0EFE0735CD0AF4,docked_bike,2021-02-14 14:38:06,2021-02-14 15:03:28,Metropolitan Ave & Bedford Ave,5308,E 2 St & 2 Ave,5593,40.715348,-73.960241,40.72502876,-73.99069656,casual
241426,2D0774198CC482F1,docked_bike,2021-02-20 18:19:26,2021-02-20 18:25:04,E 5 St & Avenue C,5545,E 2 St & 2 Ave,5593,40.722992,-73.979954,40.72502876,-73.99069656,member
241427,1C978D95F5438161,docked_bike,2021-02-06 09:28:27,2021-02-06 09:33:45,E 5 St & Avenue C,5545,E 2 St & 2 Ave,5593,40.722992,-73.979955,40.725029,-73.990697,member
241452,DB5CBC2036D465CF,docked_bike,2021-02-13 15:38:11,2021-02-13 15:46:54,6 Ave & Broome St,5610,E 2 St & 2 Ave,5593,40.724308,-74.00473,40.725029,-73.990697,member
241484,0AE548211D05F42B,docked_bike,2021-02-05 20:56:45,2021-02-05 21:09:47,1 Ave & E 18 St,5854,E 2 St & 2 Ave,5593,40.733812,-73.980544,40.72502876,-73.99069656,casual
241503,B532AAE44265A5D4,docked_bike,2021-02-06 13:43:07,2021-02-06 14:10:18,Central Park West & W 72 St,7141,E 2 St & 2 Ave,5593,40.775793,-73.976205,40.72502876,-73.99069656,member
241519,6B8B3B564C198D0A,docked_bike,2021-02-25 19:25:20,2021-02-25 19:39:01,Broadway & W 38 St,6441,E 2 St & 2 Ave,5593,40.752996,-73.987216,40.72502876,-73.99069656,member
241524,D139D68CCD8B8C28,docked_bike,2021-02-28 11:21:15,2021-02-28 11:38:26,1 Ave & E 39 St,6303,E 2 St & 2 Ave,5593,40.74714,-73.97113,40.72502876,-73.99069656,casual
241526,CE1E7CC73A69A2CE,docked_bike,2021-02-27 15:58:42,2021-02-27 16:09:04,Fulton St & Broadway,5175,E 2 St & 2 Ave,5593,40.711066,-74.009447,40.72502876,-73.99069656,member
241535,A4C645225A97693E,docked_bike,2021-02-20 13:31:35,2021-02-20 13:44:48,1 Ave & E 39 St,6303,E 2 St & 2 Ave,5593,40.74714,-73.97113,40.72502876,-73.99069656,member
241539,505C3EA546A09587,docked_bike,2021-02-28 14:31:01,2021-02-28 14:34:11,E 13 St & 2 Ave,5820,E 2 St & 2 Ave,5593,40.731539,-73.985302,40.725029,-73.990697,member
241570,7068EB70DBD2FB80,docked_bike,2021-02-25 14:30:44,2021-02-25 14:41:17,Fulton St & Broadway,5175,E 2 St & 2 Ave,5593,40.711066,-74.009447,40.72502876,-73.99069656,member
241575,461B508C53E4D4FB,docked_bike,2021-02-21 12:08:42,2021-02-21 12:26:26,1 Ave & E 39 St,6303,E 2 St & 2 Ave,5593,40.74714,-73.97113,40.725029,-73.990697,member
241595,11E3F13F60EA89C6,docked_bike,2021-02-26 18:41:37,2021-02-26 18:58:20,Metropolitan Ave & Bedford Ave,5308,E 2 St & 2 Ave,5593,40.715348,-73.960241,40.725029,-73.990697,member
241601,0913AACD45F9E71C,docked_bike,2021-02-03 14:20:40,2021-02-03 14:43:41,E 5 St & Avenue C,5545,E 2 St & 2 Ave,5593,40.722992,-73.979954,40.72502876,-73.99069656,casual
241604,AC0159FC5EB6A0B9,docked_bike,2021-02-04 11:58:48,2021-02-04 12:03:08,E 5 St & Avenue C,5545,E 2 St & 2 Ave,5593,40.722992,-73.979955,40.725029,-73.990697,member
241605,CD55C5EFC61C5529,docked_bike,2021-02-27 20:03:19,2021-02-27 20:09:41,Grand St & Elizabeth St,5382,E 2 St & 2 Ave,5593,40.718822,-73.99596,40.72502876,-73.99069656,member
241608,39C04EA6754919EC,docked_bike,2021-02-06 17:17:47,2021-02-06 17:36:17,Henry St & Grand St,5294,E 2 St & 2 Ave,5593,40.714211,-73.981095,40.72502876,-73.99069656,member
241612,B1321C2BF5B8F3CC,docked_bike,2021-02-17 11:35:34,2021-02-17 11:42:51,Henry St & Grand St,5294,E 2 St & 2 Ave,5593,40.714211,-73.981095,40.725029,-73.990697,member
241626,37C27252A061217A,docked_bike,2021-02-08 17:26:35,2021-02-08 17:31:43,E 13 St & 2 Ave,5820,E 2 St & 2 Ave,5593,40.731539,-73.985302,40.72502876,-73.99069656,member
241629,A64ED62E0B7BB3B5,docked_bike,2021-02-20 12:59:54,2021-02-20 13:04:37,E 13 St & 2 Ave,5820,E 2 St & 2 Ave,5593,40.731539,-73.985302,40.72502876,-73.99069656,member
241656,2DE23AE1A56CE1B2,docked_bike,2021-02-26 10:21:25,2021-02-26 10:29:41,Avenue D & E 3 St,5436,E 2 St & 2 Ave,5593,40.720828,-73.977931,40.72502876,-73.99069656,member
241658,074740273642A6EF,docked_bike,2021-02-09 16:22:11,2021-02-09 16:43:02,Front St & Washington St,4936,E 2 St & 2 Ave,5593,40.702551,-73.989402,40.725029,-73.990697,member
241668,4D02088D6369FE3F,docked_bike,2021-02-13 14:35:28,2021-02-13 14:56:13,Front St & Washington St,4936,E 2 St & 2 Ave,5593,40.70255,-73.989402,40.72502876,-73.99069656,member
241673,47350C0EC5E8867F,docked_bike,2021-02-07 20:43:08,2021-02-07 20:55:57,W 15 St & 6 Ave,5989,E 2 St & 2 Ave,5593,40.738046,-73.99643,40.725029,-73.990697,member
241692,66B069AA1CD425C6,docked_bike,2021-02-11 21:30:41,2021-02-11 21:57:57,1 Ave & E 39 St,6303,E 2 St & 2 Ave,5593,40.74714,-73.97113,40.72502876,-73.99069656,member
241703,AA228BA4F21FD9A4,docked_bike,2021-02-10 13:26:34,2021-02-10 13:40:51,W 15 St & 6 Ave,5989,E 2 St & 2 Ave,5593,40.738046,-73.996429,40.72502876,-73.99069656,casual
241740,C794F853E14DBD5B,docked_bike,2021-02-28 11:21:17,2021-02-28 11:38:29,1 Ave & E 39 St,6303,E 2 St & 2 Ave,5593,40.74714,-73.97113,40.72502876,-73.99069656,casual
241746,0C1FFB5D1A94731B,docked_bike,2021-02-25 10:32:38,2021-02-25 10:53:26,Lafayette Ave & Classon Ave,4452,E 2 St & 2 Ave,5593,40.689004,-73.960238,40.72502876,-73.99069656,member
241760,25A9EB9718C62250,docked_bike,2021-02-09 21:17:28,2021-02-09 21:34:14,Park Ave & St Edwards St,4700,E 2 St & 2 Ave,5593,40.696089,-73.978034,40.72502876,-73.99069656,member
241762,ACC46C514F207F96,docked_bike,2021-02-25 12:22:13,2021-02-25 12:36:57,W 15 St & 6 Ave,5989,E 2 St & 2 Ave,5593,40.738046,-73.996429,40.72502876,-73.99069656,member
241777,4083C12740FE1CCF,docked_bike,2021-02-12 09:55:00,2021-02-12 10:03:08,Division St & Bowery,5270,E 2 St & 2 Ave,5593,40.714193,-73.996732,40.725029,-73.990697,member
241779,70B1D4C002258FF8,docked_bike,2021-02-25 19:05:35,2021-02-25 19:13:07,Division St & Bowery,5270,E 2 St & 2 Ave,5593,40.714193,-73.996732,40.72502876,-73.99069656,member
241781,0E790B24B2793F2E,docked_bike,2021-02-23 19:27:28,2021-02-23 19:52:46,W 50 St & 9 Ave,6854,E 2 St & 2 Ave,5593,40.763604,-73.989179,40.72502876,-73.99069656,member
241782,70F94C60E961FB66,docked_bike,2021-02-26 12:31:10,2021-02-26 12:51:02,W 50 St & 9 Ave,6854,E 2 St & 2 Ave,5593,40.763604,-73.989179,40.72502876,-73.99069656,member
241793,204AC6B7B36B5D72,docked_bike,2021-02-26 08:01:46,2021-02-26 08:13:26,Division St & Bowery,5270,E 2 St & 2 Ave,5593,40.714193,-73.996732,40.72502876,-73.99069656,member
241795,F160A690DECB27EE,docked_bike,2021-02-13 14:35:41,2021-02-13 14:56:14,Front St & Washington St,4936,E 2 St & 2 Ave,5593,40.70255,-73.989402,40.72502876,-73.99069656,member
241801,75D817B97E261CB7,docked_bike,2021-02-17 17:40:36,2021-02-17 17:46:14,Division St & Bowery,5270,E 2 St & 2 Ave,5593,40.714193,-73.996732,40.72502876,-73.99069656,member
241831,BC38A4DC8DF6E2FD,docked_bike,2021-02-05 00:45:16,2021-02-05 01:14:52,W 50 St & 9 Ave,6854,E 2 St & 2 Ave,5593,40.763605,-73.98918,40.725029,-73.990697,member
241837,0E1EE9A682D62B2F,docked_bike,2021-02-12 17:43:48,2021-02-12 17:51:29,Division St & Bowery,5270,E 2 St & 2 Ave,5593,40.714193,-73.996732,40.72502876,-73.99069656,member
241844,182892597FFADFAB,docked_bike,2021-02-26 07:26:14,2021-02-26 07:40:27,Duffield St & Willoughby St,4596,E 2 St & 2 Ave,5593,40.692215,-73.984284,40.72502876,-73.99069656,member
241857,F7326AA38AEF4012,docked_bike,2021-02-24 11:45:34,2021-02-24 11:58:12,Cadman Plaza E & Red Cross Pl,4821,E 2 St & 2 Ave,5593,40.699917,-73.989717,40.72502876,-73.99069656,member
241862,3611924168B85F3C,docked_bike,2021-02-09 20:03:05,2021-02-09 20:23:31,E 51 St & 2 Ave,6575,E 2 St & 2 Ave,5593,40.755293,-73.967641,40.72502876,-73.99069656,member
241863,611A1235A843322B,docked_bike,2021-02-06 19:27:19,2021-02-06 19:44:25,E 51 St & 2 Ave,6575,E 2 St & 2 Ave,5593,40.755293,-73.967641,40.72502876,-73.99069656,member
241866,08E1F0EFF7BB4EC4,docked_bike,2021-02-12 16:45:48,2021-02-12 17:04:25,E 43 St & 2 Ave,6422,E 2 St & 2 Ave,5593,40.750223,-73.971214,40.72502876,-73.99069656,member
241873,BC08084227FA0038,docked_bike,2021-02-24 11:47:59,2021-02-24 12:08:52,10 Ave & W 28 St,6459,E 2 St & 2 Ave,5593,40.750663,-74.001768,40.72502876,-73.99069656,member
241887,9F7B114324F4D0B3,docked_bike,2021-02-27 13:27:59,2021-02-27 13:32:15,E 1 St & 1 Ave,5593,E 2 St & 2 Ave,5593,40.723355,-73.988649,40.72502876,-73.99069656,member
241906,3FC87DB15741FAEB,docked_bike,2021-02-11 18:29:58,2021-02-11 18:35:20,St Marks Pl & 2 Ave,5669,E 2 St & 2 Ave,5593,40.728418,-73.987139,40.72502876,-73.99069656,member
241916,35009915B6339DD6,docked_bike,2021-02-20 13:26:02,2021-02-20 13:29:48,Rivington St & Chrystie St,5453,E 2 St & 2 Ave,5593,40.7211,-73.991925,40.72502876,-73.99069656,member
241923,527A392CB9B2C487,docked_bike,2021-02-20 17:33:00,2021-02-20 17:45:01,Greenwich Ave & 8 Ave,6072,E 2 St & 2 Ave,5593,40.739016,-74.002637,40.72502876,-73.99069656,member
241930,5BB0137CDBAD24EE,docked_bike,2021-02-16 14:53:40,2021-02-16 14:59:47,W Broadway & W Houston St,5644,E 2 St & 2 Ave,5593,40.726378,-74.000472,40.72502876,-73.99069656,member
241945,0FAA1B5705626A26,docked_bike,2021-02-26 15:05:57,2021-02-26 15:20:51,St Marks Pl & 2 Ave,5669,E 2 St & 2 Ave,5593,40.728418,-73.987139,40.72502876,-73.99069656,member
241946,5B1A1DF7659D6097,docked_bike,2021-02-20 12:18:17,2021-02-20 12:26:11,Greenwich Ave & 8 Ave,6072,E 2 St & 2 Ave,5593,40.739016,-74.002637,40.72502876,-73.99069656,member
241948,302ED2BBF22D3EF4,docked_bike,2021-02-06 11:47:27,2021-02-06 11:51:22,St Marks Pl & 2 Ave,5669,E 2 St & 2 Ave,5593,40.728419,-73.98714,40.725029,-73.990697,member
241950,C880658A81BE3B90,docked_bike,2021-02-11 13:12:07,2021-02-11 13:15:59,St Marks Pl & 2 Ave,5669,E 2 St & 2 Ave,5593,40.728419,-73.98714,40.725029,-73.990697,member
241960,02B7CDAE98855EAF,docked_bike,2021-02-19 18:13:46,2021-02-19 18:19:01,E 1 St & 1 Ave,5593,E 10 St & Avenue A,5659,40.723355,-73.988649,40.72740794,-73.98142006,member
241962,96D6C4CF6A95CDA7,docked_bike,2021-02-23 22:11:29,2021-02-23 22:22:29,Greenwich Ave & 8 Ave,6072,E 2 St & 2 Ave,5593,40.739016,-74.002637,40.72502876,-73.99069656,member
241965,CAC627B0BC0D830F,docked_bike,2021-02-05 19:04:19,2021-02-05 19:15:58,Greenwich Ave & 8 Ave,6072,E 2 St & 2 Ave,5593,40.739016,-74.002637,40.72502876,-73.99069656,member
241989,82ED2AACE9E2CF4A,docked_bike,2021-02-25 17:14:40,2021-02-25 17:31:23,W 33 St & 7 Ave,6407,E 2 St & 2 Ave,5593,40.750199,-73.99093,40.72502876,-73.99069656,member
241992,EF8EAFC924D2CB0F,docked_bike,2021-02-21 11:45:51,2021-02-21 12:11:06,E 1 St & 1 Ave,5593,Dock 72 Way & Market St,4804,40.723355,-73.988649,40.69985,-73.97141,member
241998,AAB88D9AFADEDBFD,docked_bike,2021-02-21 07:39:18,2021-02-21 07:42:40,Rivington St & Chrystie St,5453,E 2 St & 2 Ave,5593,40.7211,-73.991925,40.72502876,-73.99069656,member
242000,944C75E7F8B6C370,docked_bike,2021-02-15 19:26:26,2021-02-15 19:29:29,Rivington St & Chrystie St,5453,E 2 St & 2 Ave,5593,40.7211,-73.991925,40.72502876,-73.99069656,member
242003,80C99C3250FD26B9,docked_bike,2021-02-13 15:39:57,2021-02-13 17:11:51,Greenwich Ave & 8 Ave,6072,E 2 St & 2 Ave,5593,40.739016,-74.002637,40.72502876,-73.99069656,member
242004,31BA39F7A9E08416,docked_bike,2021-02-19 18:11:58,2021-02-19 18:21:11,W Broadway & W Houston St,5644,E 2 St & 2 Ave,5593,40.726378,-74.000472,40.725029,-73.990697,member
242006,1B3E38B1E1C279B2,docked_bike,2021-02-10 22:09:04,2021-02-10 22:12:01,St Marks Pl & 2 Ave,5669,E 2 St & 2 Ave,5593,40.728418,-73.987139,40.72502876,-73.99069656,casual
242007,6384DF817E13745F,docked_bike,2021-02-25 19:35:29,2021-02-25 19:40:12,E 1 St & 1 Ave,5593,E 10 St & Avenue A,5659,40.723356,-73.98865,40.727408,-73.98142,member
242010,B67C20FC66EE3605,docked_bike,2021-02-25 18:25:40,2021-02-25 18:28:39,St Marks Pl & 2 Ave,5669,E 2 St & 2 Ave,5593,40.728419,-73.98714,40.725029,-73.990697,member
242019,E757913A7FE581C4,docked_bike,2021-02-21 09:54:00,2021-02-21 09:56:02,St Marks Pl & 2 Ave,5669,E 2 St & 2 Ave,5593,40.728419,-73.98714,40.725029,-73.990697,member
242021,123F98D59CB20F3C,docked_bike,2021-02-05 18:21:27,2021-02-05 18:42:53,Front St & Maiden Ln,5024,E 2 St & 2 Ave,5593,40.705309,-74.006125,40.72502876,-73.99069656,casual
242025,623E764E7E166B18,docked_bike,2021-02-25 19:28:18,2021-02-25 19:30:14,Great Jones St,5636,E 2 St & 2 Ave,5593,40.727434,-73.99379,40.72502876,-73.99069656,member
242026,AE71AE31CD47844D,docked_bike,2021-02-08 07:27:00,2021-02-08 07:28:41,Great Jones St,5636,E 2 St & 2 Ave,5593,40.727434,-73.99379,40.72502876,-73.99069656,member
242052,753882E9D39AF1DA,docked_bike,2021-02-23 20:28:00,2021-02-23 20:30:06,Great Jones St,5636,E 2 St & 2 Ave,5593,40.727434,-73.99379,40.725029,-73.990697,member
242053,52B9A0B8F5BB087D,docked_bike,2021-02-10 09:36:01,2021-02-10 09:39:47,Great Jones St,5636,E 2 St & 2 Ave,5593,40.727434,-73.99379,40.725029,-73.990697,casual
242064,56AD76598CD77C29,docked_bike,2021-02-07 15:28:19,2021-02-07 15:31:37,Great Jones St,5636,E 2 St & 2 Ave,5593,40.727434,-73.99379,40.725029,-73.990697,member
242086,D7CD2C58B1C2ED81,docked_bike,2021-02-26 13:28:35,2021-02-26 13:43:42,E 20 St & FDR Drive,5886,E 2 St & 2 Ave,5593,40.733142,-73.975738,40.72502876,-73.99069656,member
242092,1D8054A64D5D2540,docked_bike,2021-02-12 18:23:29,2021-02-12 18:32:35,E 20 St & FDR Drive,5886,E 2 St & 2 Ave,5593,40.733142,-73.975738,40.72502876,-73.99069656,member
242105,CEB61AE8E021E114,docked_bike,2021-02-17 13:59:00,2021-02-17 14:00:36,Stanton St & Chrystie St,5523,E 2 St & 2 Ave,5593,40.722293,-73.991475,40.72502876,-73.99069656,member
242115,9091ABD23199C184,docked_bike,2021-02-15 07:50:32,2021-02-15 07:54:00,Lafayette St & Jersey St,5561,E 2 St & 2 Ave,5593,40.72456,-73.995652,40.72502876,-73.99069656,member
242117,8BEA5C33D0D7EFC4,docked_bike,2021-02-19 17:27:34,2021-02-19 18:07:36,Lafayette St & Jersey St,5561,E 2 St & 2 Ave,5593,40.72456,-73.995652,40.72502876,-73.99069656,member
242118,B25791DB5EFC8365,docked_bike,2021-02-24 16:45:59,2021-02-24 17:20:41,Lafayette St & Jersey St,5561,E 2 St & 2 Ave,5593,40.72456,-73.995652,40.72502876,-73.99069656,member
242123,02DB5C92D9664DAD,docked_bike,2021-02-12 16:40:44,2021-02-12 16:44:39,Stanton St & Chrystie St,5523,E 2 St & 2 Ave,5593,40.722293,-73.991475,40.725029,-73.990697,casual
242128,6C8D913CD8B7FA09,docked_bike,2021-02-09 18:50:35,2021-02-09 18:53:59,Lafayette St & Jersey St,5561,E 2 St & 2 Ave,5593,40.72456,-73.995652,40.72502876,-73.99069656,member
242132,6BAB88D47DE56F99,docked_bike,2021-02-22 16:33:12,2021-02-22 17:17:19,Lafayette St & Jersey St,5561,E 2 St & 2 Ave,5593,40.72456,-73.995652,40.72502876,-73.99069656,member
242133,22EC9E3307CBF679,docked_bike,2021-02-16 16:19:31,2021-02-16 17:02:57,Lafayette St & Jersey St,5561,E 2 St & 2 Ave,5593,40.72456,-73.995652,40.72502876,-73.99069656,member
242134,58EB4FC730C667A3,docked_bike,2021-02-24 12:57:42,2021-02-24 13:23:28,Prospect Pl & Underhill Ave,4116,E 2 St & 2 Ave,5593,40.676969,-73.96579,40.72502876,-73.99069656,member
242136,555624B173E9FAA4,docked_bike,2021-02-27 17:16:45,2021-02-27 17:31:36,Franklin St & W Broadway,5430,E 2 St & 2 Ave,5593,40.719115,-74.006666,40.72502876,-73.99069656,member
242140,83E4AFED476F3426,docked_bike,2021-02-16 19:48:27,2021-02-16 19:57:18,Franklin St & W Broadway,5430,E 2 St & 2 Ave,5593,40.719115,-74.006666,40.72502876,-73.99069656,casual
242147,0EF4AB7A50D1926E,docked_bike,2021-02-24 10:04:45,2021-02-24 10:21:06,S 4 St & Wythe Ave,5204,E 2 St & 2 Ave,5593,40.712859,-73.965903,40.725029,-73.990697,member
242161,50B94D6C0AA42E00,docked_bike,2021-02-13 18:42:10,2021-02-13 19:05:20,Columbia Heights & Cranberry St,4829,E 2 St & 2 Ave,5593,40.700378,-73.99548,40.72502876,-73.99069656,member
242192,4A844C9B680CD1CF,docked_bike,2021-02-17 17:14:02,2021-02-17 17:41:00,6 Ave & W 45 St,6593,E 2 St & 2 Ave,5593,40.756951,-73.982631,40.72502876,-73.99069656,member
242207,B9C4E8A5127C2EAF,docked_bike,2021-02-26 13:38:42,2021-02-26 13:47:42,E 20 St & FDR Drive,5886,E 2 St & 2 Ave,5593,40.733142,-73.975738,40.72502876,-73.99069656,member
242236,C0E670CC7673DE62,docked_bike,2021-02-13 15:39:53,2021-02-13 15:57:40,Greenwich Ave & 8 Ave,6072,E 2 St & 2 Ave,5593,40.739016,-74.002637,40.72502876,-73.99069656,member
242237,D504A52E2C8DCCC4,docked_bike,2021-02-05 21:22:06,2021-02-05 21:29:46,Greenwich Ave & 8 Ave,6072,E 2 St & 2 Ave,5593,40.739017,-74.002638,40.725029,-73.990697,member
242239,B593F277666B1260,docked_bike,2021-02-21 07:39:38,2021-02-21 07:42:58,Rivington St & Chrystie St,5453,E 2 St & 2 Ave,5593,40.7211,-73.991925,40.72502876,-73.99069656,member
242240,CCF693356AD51D2B,docked_bike,2021-02-24 17:00:18,2021-02-24 17:02:16,St Marks Pl & 2 Ave,5669,E 2 St & 2 Ave,5593,40.728419,-73.98714,40.725029,-73.990697,member
242260,4DDFC1BF9B972BDA,docked_bike,2021-02-27 19:26:13,2021-02-27 19:30:41,W Broadway & W Houston St,5644,E 2 St & 2 Ave,5593,40.726378,-74.000472,40.72502876,-73.99069656,member
242271,C6746B3285F79307,docked_bike,2021-02-06 08:54:10,2021-02-06 09:00:26,E 6 St & Avenue B,5584,E 2 St & 2 Ave,5593,40.724537,-73.981854,40.725029,-73.990697,member
242272,E3BD1BE357E52EAA,docked_bike,2021-02-15 09:27:03,2021-02-15 09:34:11,Clinton St & Grand St,5303,E 2 St & 2 Ave,5593,40.715595,-73.987029,40.72502876,-73.99069656,member
242273,6FF68DA9242DCCE8,docked_bike,2021-02-19 21:13:24,2021-02-19 21:20:06,Washington Pl & 6 Ave,5838,E 2 St & 2 Ave,5593,40.732241,-74.000263,40.72502876,-73.99069656,member
242276,4A39D94E04012523,docked_bike,2021-02-16 18:03:44,2021-02-16 18:11:17,Clinton St & Grand St,5303,E 2 St & 2 Ave,5593,40.715595,-73.98703,40.725029,-73.990697,member
242278,6A3C095376F3A327,docked_bike,2021-02-14 14:09:41,2021-02-14 14:13:53,Washington Pl & Broadway,5755,E 2 St & 2 Ave,5593,40.729039,-73.994046,40.72502876,-73.99069656,casual
242283,741F38C040BAE5B9,docked_bike,2021-02-14 13:16:37,2021-02-14 13:19:28,Stanton St & Chrystie St,5523,E 2 St & 2 Ave,5593,40.722293,-73.991475,40.725029,-73.990697,member
242302,8EDCB5F8A591495A,docked_bike,2021-02-24 13:55:13,2021-02-24 13:58:06,E 2 St & Avenue A,5553,E 2 St & 2 Ave,5593,40.723077,-73.985836,40.72502876,-73.99069656,member
242307,3FF6AEC6CF2773C2,docked_bike,2021-02-05 16:03:47,2021-02-05 16:07:58,E 2 St & Avenue A,5553,E 2 St & 2 Ave,5593,40.723077,-73.985836,40.725029,-73.990697,member
242316,DFF545622B80B8BF,docked_bike,2021-02-23 17:33:24,2021-02-23 17:44:24,E 39 St & Lexington Ave,6389,E 2 St & 2 Ave,5593,40.749498,-73.977292,40.72502876,-73.99069656,member
242320,6514E2FAD4017548,docked_bike,2021-02-13 12:52:10,2021-02-13 12:58:44,E 20 St & 2 Ave,5971,E 2 St & 2 Ave,5593,40.735876,-73.98205,40.72502876,-73.99069656,member
242321,B8F6370BDA47D942,docked_bike,2021-02-27 15:21:19,2021-02-27 15:29:43,E 20 St & 2 Ave,5971,E 2 St & 2 Ave,5593,40.735876,-73.98205,40.72502876,-73.99069656,member
242327,C6364B4AFF2EF529,docked_bike,2021-02-27 17:46:13,2021-02-27 17:49:40,E 2 St & Avenue A,5553,E 2 St & 2 Ave,5593,40.723077,-73.985836,40.72502876,-73.99069656,member
242332,B79020A3FD906D52,docked_bike,2021-02-25 09:58:39,2021-02-25 10:05:20,E 20 St & 2 Ave,5971,E 2 St & 2 Ave,5593,40.735876,-73.98205,40.72502876,-73.99069656,casual
242337,B58155A8752BC616,docked_bike,2021-02-12 22:42:49,2021-02-12 22:49:55,E 2 St & Avenue A,5553,E 2 St & 2 Ave,5593,40.723077,-73.985836,40.72502876,-73.99069656,member
242339,FB98CC0D6D82B3D9,docked_bike,2021-02-25 15:17:40,2021-02-25 15:20:12,E 2 St & Avenue A,5553,E 2 St & 2 Ave,5593,40.723077,-73.985836,40.72502876,-73.99069656,member
242340,EF6BF344EF86DADC,docked_bike,2021-02-12 15:10:19,2021-02-12 15:13:00,E 2 St & Avenue A,5553,E 2 St & 2 Ave,5593,40.723077,-73.985836,40.72502876,-73.99069656,member
242342,8060876B84008D40,docked_bike,2021-02-24 14:48:44,2021-02-24 14:56:14,E 20 St & 2 Ave,5971,E 2 St & 2 Ave,5593,40.735876,-73.98205,40.72502876,-73.99069656,member
242348,4406417FBFE79EF5,docked_bike,2021-02-12 14:19:12,2021-02-12 14:38:13,E 39 St & Lexington Ave,6389,E 2 St & 2 Ave,5593,40.749499,-73.977292,40.725029,-73.990697,member
242350,B0DEDA00F2BB3DCA,docked_bike,2021-02-26 21:47:34,2021-02-26 21:50:40,E 2 St & Avenue A,5553,E 2 St & 2 Ave,5593,40.723077,-73.985836,40.72502876,-73.99069656,member
242352,5F4F5EDCA3E937F1,docked_bike,2021-02-13 17:48:48,2021-02-13 17:54:02,E 20 St & 2 Ave,5971,E 2 St & 2 Ave,5593,40.735876,-73.98205,40.72502876,-73.99069656,member
242361,57DF880C660D4486,docked_bike,2021-02-27 15:16:03,2021-02-27 15:19:36,E 2 St & Avenue A,5553,E 2 St & 2 Ave,5593,40.723077,-73.985836,40.72502876,-73.99069656,member
242362,D515632B4D558D04,docked_bike,2021-02-17 15:54:52,2021-02-17 16:00:31,E 2 St & Avenue A,5553,E 2 St & 2 Ave,5593,40.723077,-73.985836,40.72502876,-73.99069656,member
242363,BBA344ED7B0BB270,docked_bike,2021-02-17 09:33:07,2021-02-17 09:36:27,E 2 St & Avenue A,5553,E 2 St & 2 Ave,5593,40.723077,-73.985836,40.72502876,-73.99069656,member
242365,3AF876C3C983295F,docked_bike,2021-02-17 07:52:54,2021-02-17 07:59:52,E 20 St & 2 Ave,5971,E 2 St & 2 Ave,5593,40.735876,-73.98205,40.72502876,-73.99069656,member
242366,1672B139ACAC00D4,docked_bike,2021-02-17 12:04:12,2021-02-17 12:06:32,E 2 St & Avenue A,5553,E 2 St & 2 Ave,5593,40.723077,-73.985836,40.72502876,-73.99069656,member
242370,7F7DDDA033BAF142,docked_bike,2021-02-09 20:34:51,2021-02-09 20:41:47,E 20 St & 2 Ave,5971,E 2 St & 2 Ave,5593,40.735876,-73.98205,40.72502876,-73.99069656,casual
242371,730A2A1E4374E42F,docked_bike,2021-02-20 13:00:02,2021-02-20 13:10:48,E 20 St & 2 Ave,5971,E 2 St & 2 Ave,5593,40.735876,-73.98205,40.72502876,-73.99069656,member
242377,038D35C3492F1954,docked_bike,2021-02-20 18:39:29,2021-02-20 18:44:12,E 2 St & Avenue A,5553,E 2 St & 2 Ave,5593,40.723077,-73.985836,40.725029,-73.990697,member
242390,3AF9DA1BE69EB98F,docked_bike,2021-02-13 10:16:35,2021-02-13 10:20:11,E 2 St & Avenue A,5553,E 2 St & 2 Ave,5593,40.723077,-73.985836,40.72502876,-73.99069656,member
242394,BFB3DE38061F0C53,docked_bike,2021-02-06 00:21:57,2021-02-06 00:27:53,Allen St & Rivington St,5414,E 2 St & 2 Ave,5593,40.720196,-73.989978,40.725029,-73.990697,member
242398,0E2CE68C8E7AFD62,docked_bike,2021-02-21 19:10:18,2021-02-21 19:14:46,Cooper Square & Astor Pl,5712,E 2 St & 2 Ave,5593,40.729514,-73.990752,40.72502876,-73.99069656,member
242416,84CFD15945481A44,docked_bike,2021-02-17 14:21:24,2021-02-17 14:25:15,Cooper Square & Astor Pl,5712,E 2 St & 2 Ave,5593,40.729514,-73.990752,40.72502876,-73.99069656,member
242418,D24804E27F164D59,docked_bike,2021-02-11 16:14:56,2021-02-11 16:19:36,Cooper Square & Astor Pl,5712,E 2 St & 2 Ave,5593,40.729514,-73.990752,40.72502876,-73.99069656,member
242423,FED14D889D15A293,docked_bike,2021-02-15 14:25:37,2021-02-15 14:55:58,Broadway & W 60 St,6948,E 2 St & 2 Ave,5593,40.769155,-73.981918,40.72502876,-73.99069656,member
242424,8E6AB88707EE5B53,docked_bike,2021-02-17 18:22:02,2021-02-17 18:52:43,Broadway & W 60 St,6948,E 2 St & 2 Ave,5593,40.769155,-73.981918,40.72502876,-73.99069656,member
242434,8E9A33722865FD09,docked_bike,2021-02-21 12:29:13,2021-02-21 12:41:14,W 24 St & 7 Ave,6257,E 2 St & 2 Ave,5593,40.744876,-73.995298,40.72502876,-73.99069656,member
242436,28F6AA220306B6A3,docked_bike,2021-02-21 12:44:08,2021-02-21 12:52:50,Broadway & W 25 St,6173,E 2 St & 2 Ave,5593,40.742868,-73.989186,40.72502876,-73.99069656,member
242438,178529DA1AB33E26,docked_bike,2021-02-10 18:39:30,2021-02-10 19:08:06,Broadway & W 60 St,6948,E 2 St & 2 Ave,5593,40.769155,-73.981918,40.72502876,-73.99069656,member
242445,89FBC3373C172350,docked_bike,2021-02-05 19:09:50,2021-02-05 19:32:50,W 24 St & 7 Ave,6257,E 2 St & 2 Ave,5593,40.744876,-73.995298,40.72502876,-73.99069656,member
242448,E92E16C5C16E5D3C,docked_bike,2021-02-21 12:28:48,2021-02-21 12:41:21,W 24 St & 7 Ave,6257,E 2 St & 2 Ave,5593,40.744876,-73.995299,40.725029,-73.990697,member
242449,861954DD0665211C,docked_bike,2021-02-05 19:10:15,2021-02-05 19:32:47,W 24 St & 7 Ave,6257,E 2 St & 2 Ave,5593,40.744876,-73.995298,40.72502876,-73.99069656,member
242451,A74FACF351AE6129,docked_bike,2021-02-05 19:13:18,2021-02-05 19:32:59,W 24 St & 7 Ave,6257,E 2 St & 2 Ave,5593,40.744876,-73.995298,40.72502876,-73.99069656,casual
242454,48E9D7C167D66508,docked_bike,2021-02-05 19:08:18,2021-02-05 19:32:49,W 24 St & 7 Ave,6257,E 2 St & 2 Ave,5593,40.744876,-73.995298,40.72502876,-73.99069656,member
242457,F1ACD0198768B413,docked_bike,2021-02-10 16:10:15,2021-02-10 16:23:43,W 24 St & 7 Ave,6257,E 2 St & 2 Ave,5593,40.744876,-73.995298,40.72502876,-73.99069656,member
242467,815888E2058DD8FC,docked_bike,2021-02-05 19:09:47,2021-02-05 19:33:57,W 24 St & 7 Ave,6257,E 2 St & 2 Ave,5593,40.744876,-73.995298,40.72502876,-73.99069656,member
242468,A197EDA6D31DB604,docked_bike,2021-02-09 20:05:18,2021-02-09 20:15:25,Broadway & W 25 St,6173,E 2 St & 2 Ave,5593,40.742869,-73.989186,40.725029,-73.990697,member
242471,D1341C9A749D738B,docked_bike,2021-02-10 15:56:24,2021-02-10 16:06:31,Broadway & W 25 St,6173,E 2 St & 2 Ave,5593,40.742868,-73.989186,40.72502876,-73.99069656,member
242474,5980E00D0CCB7940,docked_bike,2021-02-22 19:20:43,2021-02-22 20:03:26,Broadway & W 25 St,6173,E 2 St & 2 Ave,5593,40.742868,-73.989186,40.72502876,-73.99069656,member
242480,480FA7478DB090EA,docked_bike,2021-02-12 15:54:50,2021-02-12 16:15:31,W 24 St & 7 Ave,6257,E 2 St & 2 Ave,5593,40.744876,-73.995299,40.725029,-73.990697,member
242484,BAC747E867EE25B8,docked_bike,2021-02-08 16:30:29,2021-02-08 16:40:59,Broadway & W 25 St,6173,E 2 St & 2 Ave,5593,40.742868,-73.989186,40.72502876,-73.99069656,member
242486,022AFD1C41CCF611,docked_bike,2021-02-19 20:20:48,2021-02-19 20:34:05,W 24 St & 7 Ave,6257,E 2 St & 2 Ave,5593,40.744876,-73.995299,40.725029,-73.990697,member
242511,A3FE06A433066214,docked_bike,2021-02-24 12:24:29,2021-02-24 12:33:54,E 32 St & Park Ave,6280,E 2 St & 2 Ave,5593,40.745712,-73.981948,40.72502876,-73.99069656,member
242517,B399EBFF3B770BE7,docked_bike,2021-02-16 04:29:21,2021-02-16 04:54:48,E 32 St & Park Ave,6280,E 2 St & 2 Ave,5593,40.745712,-73.981948,40.72502876,-73.99069656,member
242535,64B97D5887F5B494,docked_bike,2021-02-27 14:09:21,2021-02-27 14:23:27,S 3 St & Bedford Ave,5235,E 2 St & 2 Ave,5593,40.712604,-73.962644,40.72502876,-73.99069656,member
242548,7A2CCE7D3559FD15,docked_bike,2021-02-10 23:19:46,2021-02-10 23:42:08,Little West St & 1 Pl,5001,E 2 St & 2 Ave,5593,40.705692,-74.016776,40.72502876,-73.99069656,member
242557,C0AD7CAB401BE493,docked_bike,2021-02-24 15:22:41,2021-02-24 15:29:18,Washington Pl & Broadway,5755,E 2 St & 2 Ave,5593,40.729039,-73.994046,40.72502876,-73.99069656,member
242563,CED206F342A53758,docked_bike,2021-02-16 17:02:00,2021-02-16 17:06:15,Washington Pl & 6 Ave,5838,E 2 St & 2 Ave,5593,40.732241,-74.000263,40.72502876,-73.99069656,member
242567,022715166D6DA05A,docked_bike,2021-02-21 13:36:53,2021-02-21 14:01:58,12 Ave & W 40 St,6765,E 2 St & 2 Ave,5593,40.760875,-74.002776,40.72502876,-73.99069656,member
242574,CD44A3DD06C76FAB,docked_bike,2021-02-28 12:46:46,2021-02-28 12:57:46,S 3 St & Bedford Ave,5235,E 2 St & 2 Ave,5593,40.712604,-73.962644,40.72502876,-73.99069656,member
242582,730A135A9AED2076,docked_bike,2021-02-23 18:16:43,2021-02-23 18:28:23,W 20 St & 7 Ave,6182,E 2 St & 2 Ave,5593,40.742387,-73.997262,40.72502876,-73.99069656,member
242598,0BA5CEF485DFE5B7,docked_bike,2021-02-24 17:24:25,2021-02-24 17:32:51,6 Ave & Canal St,5500,E 2 St & 2 Ave,5593,40.722437,-74.005664,40.72502876,-73.99069656,casual
242631,2EBB6AAE715B514D,docked_bike,2021-02-15 12:57:59,2021-02-15 13:09:39,Pike St & Monroe St,5159,E 2 St & 2 Ave,5593,40.711731,-73.99193,40.72502876,-73.99069656,member
242649,D8F05A665CB568B4,docked_bike,2021-02-26 18:18:06,2021-02-26 18:40:07,W 43 St & 10 Ave,6756,E 2 St & 2 Ave,5593,40.760094,-73.994618,40.725029,-73.990697,member
242651,43F19BE869C78000,docked_bike,2021-02-06 16:49:24,2021-02-06 16:58:41,1 Ave & E 16 St,5779,E 2 St & 2 Ave,5593,40.732219,-73.981656,40.725029,-73.990697,member
242653,428DC8A7193467AB,docked_bike,2021-02-19 18:27:19,2021-02-19 18:33:12,1 Ave & E 16 St,5779,E 2 St & 2 Ave,5593,40.732218,-73.981655,40.72502876,-73.99069656,member
242656,B9442C489FB6E176,docked_bike,2021-02-09 18:13:11,2021-02-09 18:30:06,W 40 St & 5 Ave,6474,E 2 St & 2 Ave,5593,40.752269,-73.982079,40.72502876,-73.99069656,member
242661,0C9D4564BA3DA34E,docked_bike,2021-02-05 14:58:29,2021-02-05 15:05:56,E 20 St & 2 Ave,5971,E 2 St & 2 Ave,5593,40.735877,-73.98205,40.725029,-73.990697,member
242670,5C1619D2D9B1D0EB,docked_bike,2021-02-10 07:46:57,2021-02-10 07:51:28,E 20 St & 2 Ave,5971,E 2 St & 2 Ave,5593,40.735876,-73.98205,40.72502876,-73.99069656,member
242671,3FF71061BE904AE0,docked_bike,2021-02-25 15:16:05,2021-02-25 15:23:21,E 20 St & 2 Ave,5971,E 2 St & 2 Ave,5593,40.735876,-73.98205,40.72502876,-73.99069656,member
242673,FBCE24D14D49A32E,docked_bike,2021-02-21 00:01:04,2021-02-21 00:04:58,E 2 St & Avenue A,5553,E 2 St & 2 Ave,5593,40.723077,-73.985836,40.72502876,-73.99069656,member
242685,B3C130070D27E793,docked_bike,2021-02-25 18:43:57,2021-02-25 19:00:20,Duane St & Greenwich St,5400,E 2 St & 2 Ave,5593,40.717487,-74.010455,40.72502876,-73.99069656,member
242696,CBCBFB78F5A2750F,docked_bike,2021-02-20 13:18:03,2021-02-20 13:29:05,1 Ave & E 16 St,5779,E 2 St & 2 Ave,5593,40.732219,-73.981656,40.725029,-73.990697,member
242702,3938A53EFDED6B18,docked_bike,2021-02-08 07:17:44,2021-02-08 07:50:15,1 Ave & E 16 St,5779,E 2 St & 2 Ave,5593,40.732218,-73.981655,40.72502876,-73.99069656,member
242703,463BE9E3986CD390,docked_bike,2021-02-14 15:02:43,2021-02-14 15:12:49,1 Ave & E 16 St,5779,E 2 St & 2 Ave,5593,40.732218,-73.981655,40.72502876,-73.99069656,member
242709,8C1010F78F4DEF70,docked_bike,2021-02-05 14:49:19,2021-02-05 15:06:21,W 20 St & 7 Ave,6182,E 2 St & 2 Ave,5593,40.742388,-73.997262,40.725029,-73.990697,member
242715,3E4E980BE4F7A9B3,docked_bike,2021-02-21 16:55:02,2021-02-21 16:57:56,E 2 St & Avenue A,5553,E 2 St & 2 Ave,5593,40.723077,-73.985836,40.72502876,-73.99069656,member
242717,EE82763108F00975,docked_bike,2021-02-16 14:40:12,2021-02-16 14:44:06,E 2 St & Avenue A,5553,E 2 St & 2 Ave,5593,40.723077,-73.985836,40.725029,-73.990697,member
243232,B36A9EE6688786B9,docked_bike,2021-02-12 17:47:31,2021-02-12 18:12:59,E 2 St & 2 Ave,5593,Monroe St & Bedford Ave,4368,40.725028,-73.990696,40.6851443,-73.95380904,member
244199,A31E16E1DB6B95AA,docked_bike,2021-02-20 08:16:46,2021-02-20 08:24:54,2 Ave & 29 St,6122,E 2 St & 2 Ave,5593,40.74147,-73.978221,40.72502876,-73.99069656,member
244205,5E5DEEFF08C3F45B,docked_bike,2021-02-25 12:06:49,2021-02-25 12:24:43,Bushwick Ave & Powers St,5250,E 2 St & 2 Ave,5593,40.712476,-73.941,40.72502876,-73.99069656,member
247251,B3C8E2131F621657,docked_bike,2021-02-20 00:42:23,2021-02-20 00:53:59,E 1 St & 1 Ave,5593,S 4 St & Wythe Ave,5204,40.723356,-73.98865,40.712859,-73.965903,member
247312,B3DADE6702CA8103,docked_bike,2021-02-24 20:39:52,2021-02-24 20:59:51,E 1 St & 1 Ave,5593,S 4 St & Wythe Ave,5204,40.723355,-73.988649,40.71285887,-73.96590294,casual
247970,34B7B9A99F03D05A,docked_bike,2021-02-26 10:06:21,2021-02-26 10:26:26,E 2 St & 2 Ave,5593,Franklin St & W Broadway,5430,40.725028,-73.990696,40.71911552,-74.00666661,casual
247973,B1AF52F2A076830D,docked_bike,2021-02-10 08:22:54,2021-02-10 08:34:43,E 2 St & 2 Ave,5593,8 Ave & W 16 St,6072,40.725029,-73.990697,40.740983,-74.001702,member
248003,CF368F70E85F360E,docked_bike,2021-02-05 19:30:57,2021-02-05 19:39:48,E 2 St & 2 Ave,5593,Franklin St & W Broadway,5430,40.725029,-73.990697,40.719116,-74.006667,member
248080,2C47A048B942009F,docked_bike,2021-02-25 13:15:36,2021-02-25 13:31:11,E 2 St & 2 Ave,5593,Franklin St & W Broadway,5430,40.725028,-73.990696,40.71911552,-74.00666661,member
252940,5CA58242F9508D62,docked_bike,2021-02-23 05:35:07,2021-02-23 05:46:58,E 2 St & 2 Ave,5593,W 22 St & 10 Ave,6306,40.725029,-73.990697,40.74692,-74.004519,member
252941,3412B24C9F973317,docked_bike,2021-02-13 13:28:39,2021-02-13 13:50:02,E 2 St & 2 Ave,5593,W 22 St & 10 Ave,6306,40.725029,-73.990697,40.74692,-74.004519,member
252960,A12A65BE0A3D81F5,docked_bike,2021-02-24 12:35:41,2021-02-24 12:52:08,E 2 St & 2 Ave,5593,W 22 St & 10 Ave,6306,40.725028,-73.990696,40.74691959,-74.00451887,member
253355,DA8B870A9043F5FA,docked_bike,2021-02-22 05:32:45,2021-02-22 05:45:57,E 2 St & 2 Ave,5593,W 22 St & 10 Ave,6306,40.725029,-73.990697,40.74692,-74.004519,member
253356,C21BB2F15AFBB531,docked_bike,2021-02-25 05:41:25,2021-02-25 05:53:51,E 2 St & 2 Ave,5593,W 22 St & 10 Ave,6306,40.725029,-73.990697,40.74692,-74.004519,member
253357,4EF65465891FCE80,docked_bike,2021-02-12 05:49:26,2021-02-12 06:03:39,E 2 St & 2 Ave,5593,W 22 St & 10 Ave,6306,40.725029,-73.990697,40.74692,-74.004519,member
253941,A2625FED25565883,docked_bike,2021-02-10 17:22:40,2021-02-10 17:27:49,E 2 St & 2 Ave,5593,E 5 St & Cooper Sq,5712,40.725029,-73.990697,40.72769,-73.990993,member
253949,951FEB3799324A7C,docked_bike,2021-02-24 13:35:42,2021-02-24 13:48:34,E 2 St & 2 Ave,5593,W 22 St & 10 Ave,6306,40.725029,-73.990697,40.74692,-74.004519,member
258402,A84ED1F182C2C267,docked_bike,2021-02-17 00:41:43,2021-02-17 01:01:59,E 2 St & 2 Ave,5593,Carroll St & Smith St,4225,40.725028,-73.990696,40.680611,-73.99475825,member
258412,5EE41359449D8677,docked_bike,2021-02-06 18:42:58,2021-02-06 19:01:59,E 2 St & 2 Ave,5593,W 17 St & 8 Ave,6148,40.725028,-73.990696,40.74177603,-74.00149746,casual
258753,6168445CEAAF80A2,docked_bike,2021-02-06 18:43:23,2021-02-06 19:01:31,E 2 St & 2 Ave,5593,W 17 St & 8 Ave,6148,40.725028,-73.990696,40.74177603,-74.00149746,casual
259244,862D744E4F730B90,docked_bike,2021-02-28 09:22:24,2021-02-28 09:25:21,E 1 St & 1 Ave,5593,E 11 St & 1 Ave,5746,40.723355,-73.988649,40.72953837,-73.98426726,member
259248,20F1CED23DFBBF1A,docked_bike,2021-02-22 15:57:56,2021-02-22 16:03:23,E 1 St & 1 Ave,5593,E 11 St & 1 Ave,5746,40.723355,-73.988649,40.72953837,-73.98426726,member
259308,B478F936A3FE292D,docked_bike,2021-02-25 14:17:32,2021-02-25 14:21:56,E 1 St & 1 Ave,5593,E 11 St & 1 Ave,5746,40.723355,-73.988649,40.72953837,-73.98426726,member
259309,242D03BE8E8E49C0,docked_bike,2021-02-26 23:48:12,2021-02-26 23:51:51,E 1 St & 1 Ave,5593,E 11 St & 1 Ave,5746,40.723356,-73.98865,40.729538,-73.984267,member
259311,1AE7F1DAECC6524E,docked_bike,2021-02-23 14:23:54,2021-02-23 14:27:57,E 1 St & 1 Ave,5593,E 11 St & 1 Ave,5746,40.723355,-73.988649,40.72953837,-73.98426726,member
260238,CE86CDC78336796E,docked_bike,2021-02-17 17:32:19,2021-02-17 17:37:05,E 2 St & 2 Ave,5593,E 11 St & 1 Ave,5746,40.725028,-73.990696,40.72953837,-73.98426726,member
262821,2F8679E66CB1EFE1,docked_bike,2021-02-06 16:42:52,2021-02-06 16:49:08,E 2 St & 2 Ave,5593,E 13 St & Avenue A,5779,40.725028,-73.990696,40.72966729392978,-73.98067966103554,member
262827,EB8E21C08E192E45,docked_bike,2021-02-04 15:31:21,2021-02-04 15:55:00,E 2 St & 2 Ave,5593,E 13 St & Avenue A,5779,40.725029,-73.990697,40.729667,-73.98068,casual
262829,F7571EC18B92C969,docked_bike,2021-02-20 23:51:30,2021-02-20 23:55:59,E 2 St & 2 Ave,5593,E 19 St & 3 Ave,5938,40.725028,-73.990696,40.73624527,-73.98473765,casual
265432,3893D0041962B464,docked_bike,2021-02-27 22:55:30,2021-02-27 23:02:27,E 1 St & 1 Ave,5593,E 19 St & 3 Ave,5938,40.723356,-73.98865,40.736245,-73.984738,member
265462,FAEF5C7CB85BB877,docked_bike,2021-02-23 19:01:28,2021-02-23 19:11:40,E 1 St & 1 Ave,5593,E 13 St & Avenue A,5779,40.723356,-73.98865,40.729667,-73.98068,member
265469,B839BCA5025071D1,docked_bike,2021-02-25 17:49:01,2021-02-25 18:08:47,E 1 St & 1 Ave,5593,E 19 St & 3 Ave,5938,40.723355,-73.988649,40.73624527,-73.98473765,member
265498,4D5B38490A41D6E1,docked_bike,2021-02-27 00:16:24,2021-02-27 00:22:38,E 1 St & 1 Ave,5593,E 13 St & Avenue A,5779,40.723355,-73.988649,40.72966729392978,-73.98067966103554,member
265523,E93015B14D624A6D,docked_bike,2021-02-25 14:27:29,2021-02-25 14:31:26,E 1 St & 1 Ave,5593,E 13 St & Avenue A,5779,40.723355,-73.988649,40.72966729392978,-73.98067966103554,member
265585,54BC4938821923C6,docked_bike,2021-02-27 20:40:18,2021-02-27 20:44:23,E 1 St & 1 Ave,5593,E 13 St & Avenue A,5779,40.723355,-73.988649,40.72966729392978,-73.98067966103554,member
265586,765F16012790FA9A,docked_bike,2021-02-25 19:50:00,2021-02-25 20:07:30,E 1 St & 1 Ave,5593,E 13 St & Avenue A,5779,40.723355,-73.988649,40.72966729392978,-73.98067966103554,member
265611,25CC5DF3977BC45E,docked_bike,2021-02-28 19:42:12,2021-02-28 19:47:06,E 1 St & 1 Ave,5593,E 13 St & Avenue A,5779,40.723355,-73.988649,40.72966729392978,-73.98067966103554,member
267002,0D2816D66DE39246,docked_bike,2021-02-16 21:37:59,2021-02-16 21:45:31,E 2 St & 2 Ave,5593,E 13 St & Avenue A,5779,40.725028,-73.990696,40.72966729392978,-73.98067966103554,member
267007,17F118675F6A5E7E,docked_bike,2021-02-24 23:06:56,2021-02-24 23:14:21,E 2 St & 2 Ave,5593,E 13 St & Avenue A,5779,40.725028,-73.990696,40.72966729392978,-73.98067966103554,member
267008,75F4D716D021F013,docked_bike,2021-02-25 15:28:56,2021-02-25 15:47:14,E 2 St & 2 Ave,5593,Boerum St & Broadway,5004,40.725028,-73.990696,40.70538077,-73.94976519,member
267012,6CBCEABA990FC263,docked_bike,2021-02-15 18:44:48,2021-02-15 18:49:57,E 2 St & 2 Ave,5593,E 13 St & Avenue A,5779,40.725028,-73.990696,40.72966729392978,-73.98067966103554,member
267044,AF020F5B6E47B904,docked_bike,2021-02-25 23:06:50,2021-02-25 23:14:55,E 2 St & 2 Ave,5593,E 13 St & Avenue A,5779,40.725028,-73.990696,40.72966729392978,-73.98067966103554,casual
267052,3FE212B6C495EF9A,docked_bike,2021-02-23 23:04:09,2021-02-23 23:10:08,E 2 St & 2 Ave,5593,E 13 St & Avenue A,5779,40.725028,-73.990696,40.72966729392978,-73.98067966103554,member
267053,C9DD2F9BA71E59C5,docked_bike,2021-02-10 18:07:24,2021-02-10 18:14:42,E 2 St & 2 Ave,5593,E 19 St & 3 Ave,5938,40.725028,-73.990696,40.73624527,-73.98473765,member
267054,E8555806A9BF949E,docked_bike,2021-02-23 18:07:53,2021-02-23 18:15:14,E 2 St & 2 Ave,5593,E 19 St & 3 Ave,5938,40.725028,-73.990696,40.73624527,-73.98473765,member
267057,89079B909EB78062,docked_bike,2021-02-09 19:27:07,2021-02-09 19:34:22,E 2 St & 2 Ave,5593,E 13 St & Avenue A,5779,40.725028,-73.990696,40.72966729392978,-73.98067966103554,member
267070,E00904D261B27854,docked_bike,2021-02-20 11:58:58,2021-02-20 12:05:03,E 2 St & 2 Ave,5593,E 13 St & Avenue A,5779,40.725028,-73.990696,40.72966729392978,-73.98067966103554,member
267073,3D6C77DAF613C575,docked_bike,2021-02-18 16:52:35,2021-02-18 17:01:23,E 2 St & 2 Ave,5593,E 19 St & 3 Ave,5938,40.725028,-73.990696,40.73624527,-73.98473765,member
267074,0A02181C18B62980,docked_bike,2021-02-09 18:09:15,2021-02-09 18:16:42,E 2 St & 2 Ave,5593,E 19 St & 3 Ave,5938,40.725028,-73.990696,40.73624527,-73.98473765,member
267075,AE5FE42514F27140,docked_bike,2021-02-24 12:42:52,2021-02-24 12:50:59,E 2 St & 2 Ave,5593,E 19 St & 3 Ave,5938,40.725028,-73.990696,40.73624527,-73.98473765,member
267078,5A9065F6A0AECC6D,docked_bike,2021-02-11 20:40:34,2021-02-11 20:50:16,E 2 St & 2 Ave,5593,E 13 St & Avenue A,5779,40.725028,-73.990696,40.72966729392978,-73.98067966103554,member
267079,B7B4A17F1AF9321C,docked_bike,2021-02-20 19:51:48,2021-02-20 20:03:10,E 2 St & 2 Ave,5593,E 13 St & Avenue A,5779,40.725028,-73.990696,40.72966729392978,-73.98067966103554,member
267081,DAE594BE17580DC0,docked_bike,2021-02-25 23:05:00,2021-02-25 23:14:41,E 2 St & 2 Ave,5593,E 13 St & Avenue A,5779,40.725028,-73.990696,40.72966729392978,-73.98067966103554,casual
267082,3B1296888D60524A,docked_bike,2021-02-06 12:17:20,2021-02-06 12:25:12,E 2 St & 2 Ave,5593,E 19 St & 3 Ave,5938,40.725028,-73.990696,40.73624527,-73.98473765,member
267090,358893A08187FCF3,docked_bike,2021-02-14 23:02:32,2021-02-14 23:10:01,E 2 St & 2 Ave,5593,E 13 St & Avenue A,5779,40.725028,-73.990696,40.72966729392978,-73.98067966103554,member
267091,E8DDDA842684E1E0,docked_bike,2021-02-15 18:50:00,2021-02-15 18:56:54,E 2 St & 2 Ave,5593,E 13 St & Avenue A,5779,40.725029,-73.990697,40.729667,-73.98068,casual
267092,959C54D48B2C944A,docked_bike,2021-02-20 14:00:14,2021-02-20 14:07:52,E 2 St & 2 Ave,5593,E 19 St & 3 Ave,5938,40.725028,-73.990696,40.73624527,-73.98473765,member
267097,3CF7BE2EFA5BDC27,docked_bike,2021-02-17 18:10:49,2021-02-17 18:17:11,E 2 St & 2 Ave,5593,E 19 St & 3 Ave,5938,40.725028,-73.990696,40.73624527,-73.98473765,member
267101,CD92F2D531E1070B,docked_bike,2021-02-25 13:45:47,2021-02-25 13:54:16,E 2 St & 2 Ave,5593,E 13 St & Avenue A,5779,40.725029,-73.990697,40.729667,-73.98068,member
267103,D8279D69514E797D,docked_bike,2021-02-08 19:46:16,2021-02-08 19:51:06,E 2 St & 2 Ave,5593,E 19 St & 3 Ave,5938,40.725028,-73.990696,40.73624527,-73.98473765,casual
267104,375D7A4190EC5DED,docked_bike,2021-02-12 10:45:06,2021-02-12 10:52:59,E 2 St & 2 Ave,5593,E 13 St & Avenue A,5779,40.725028,-73.990696,40.72966729392978,-73.98067966103554,member
267107,49D02E57FF6A9710,docked_bike,2021-02-28 17:08:34,2021-02-28 17:14:12,E 2 St & 2 Ave,5593,E 13 St & Avenue A,5779,40.725028,-73.990696,40.72966729392978,-73.98067966103554,member
267108,6B6E79892D5983D3,docked_bike,2021-02-08 14:40:59,2021-02-08 14:46:46,E 2 St & 2 Ave,5593,E 13 St & Avenue A,5779,40.725028,-73.990696,40.72966729392978,-73.98067966103554,member
267109,2221D071BB0ED5F7,docked_bike,2021-02-24 20:51:29,2021-02-24 20:58:10,E 2 St & 2 Ave,5593,E 13 St & Avenue A,5779,40.725028,-73.990696,40.72966729392978,-73.98067966103554,member
267110,C19B80513B0B461E,docked_bike,2021-02-15 18:57:31,2021-02-15 19:10:05,E 2 St & 2 Ave,5593,E 13 St & Avenue A,5779,40.725028,-73.990696,40.72966729392978,-73.98067966103554,member
267111,B68A5D79450C58D2,docked_bike,2021-02-28 13:39:05,2021-02-28 13:45:43,E 2 St & 2 Ave,5593,E 13 St & Avenue A,5779,40.725029,-73.990697,40.729667,-73.98068,member
267120,F19093EF3A5C65A2,docked_bike,2021-02-27 15:08:42,2021-02-27 15:15:03,E 2 St & 2 Ave,5593,E 13 St & Avenue A,5779,40.725028,-73.990696,40.72966729392978,-73.98067966103554,member
267121,4A303E152EC87747,docked_bike,2021-02-12 22:50:00,2021-02-12 22:55:16,E 2 St & 2 Ave,5593,E 13 St & Avenue A,5779,40.725028,-73.990696,40.72966729392978,-73.98067966103554,member
267123,6E3CEA51D3459490,docked_bike,2021-02-25 08:23:37,2021-02-25 08:59:39,E 2 St & 2 Ave,5593,E 19 St & 3 Ave,5938,40.725028,-73.990696,40.73624527,-73.98473765,member
267126,F0398F266672AD9C,docked_bike,2021-02-24 19:28:37,2021-02-24 19:34:41,E 2 St & 2 Ave,5593,E 13 St & Avenue A,5779,40.725029,-73.990697,40.729667,-73.98068,member
267497,00F944ED6D6A4771,docked_bike,2021-02-07 03:59:13,2021-02-07 04:03:25,E 2 St & 2 Ave,5593,E 19 St & 3 Ave,5938,40.725028,-73.990696,40.73624527,-73.98473765,member
268008,CC4521A497AE29F5,docked_bike,2021-02-20 18:31:30,2021-02-20 18:41:00,E 1 St & 1 Ave,5593,E 19 St & 3 Ave,5938,40.723355,-73.988649,40.73624527,-73.98473765,member
268776,F1AB254B78C141CA,docked_bike,2021-02-16 18:03:05,2021-02-16 18:09:55,E 2 St & 2 Ave,5593,E 13 St & Avenue A,5779,40.725028,-73.990696,40.72966729392978,-73.98067966103554,member
268779,0CCCA7B83F129995,docked_bike,2021-02-20 19:05:29,2021-02-20 19:12:27,E 2 St & 2 Ave,5593,E 13 St & Avenue A,5779,40.725028,-73.990696,40.72966729392978,-73.98067966103554,member
270135,CE8FD6E07292575C,docked_bike,2021-02-13 10:06:09,2021-02-13 10:44:10,E 2 St & 2 Ave,5593,Melrose St & Broadway,4801,40.725028,-73.990696,40.697481,-73.935877,member
271949,8D81638F785267CE,docked_bike,2021-02-08 16:36:00,2021-02-08 16:46:59,E 2 St & 2 Ave,5593,Park Pl & Church St,5288,40.725029,-73.990697,40.713342,-74.009355,member
271952,7E3205DFAE032D04,docked_bike,2021-02-25 08:39:28,2021-02-25 09:19:47,E 2 St & 2 Ave,5593,Sullivan Pl & Franklin Ave,3704,40.725028,-73.990696,40.66407983678161,-73.96025128666679,member
271994,A517131B6CD00832,docked_bike,2021-02-06 15:46:08,2021-02-06 15:57:20,E 2 St & 2 Ave,5593,Park Pl & Church St,5288,40.725028,-73.990696,40.71334184275907,-74.00935515761375,member
271995,3099C5A9C4FFA549,docked_bike,2021-02-08 10:03:14,2021-02-08 10:15:52,E 2 St & 2 Ave,5593,Park Pl & Church St,5288,40.725028,-73.990696,40.71334184275907,-74.00935515761375,member
278142,F8326090ED532474,docked_bike,2021-02-25 19:13:43,2021-02-25 19:13:41,E 1 St & 1 Ave,5593,1 Ave & E 30 St,6079,40.723355,-73.988649,40.74144387,-73.97536082,member
278199,961789F0DC623526,docked_bike,2021-02-18 17:53:54,2021-02-18 18:18:21,E 1 St & 1 Ave,5593,Kosciuszko St & Tompkins Ave,4553,40.723355,-73.988649,40.69128258,-73.9452416,member
278301,248E447DEA70B8F6,docked_bike,2021-02-10 10:13:33,2021-02-10 10:22:11,E 2 St & 2 Ave,5593,1 Ave & E 30 St,6079,40.725029,-73.990697,40.741444,-73.975361,casual
278342,CE6EDAD49F284729,docked_bike,2021-02-09 19:30:00,2021-02-09 19:41:25,E 2 St & 2 Ave,5593,1 Ave & E 30 St,6079,40.725028,-73.990696,40.74144387,-73.97536082,member
278346,D7D48DBD29C8EE7B,docked_bike,2021-02-06 11:28:22,2021-02-06 11:40:44,E 2 St & 2 Ave,5593,1 Ave & E 30 St,6079,40.725028,-73.990696,40.74144387,-73.97536082,member
278353,C6DBEC2BF0F84739,docked_bike,2021-02-16 23:21:14,2021-02-16 23:44:45,E 2 St & 2 Ave,5593,Kosciuszko St & Tompkins Ave,4553,40.725028,-73.990696,40.69128258,-73.9452416,member
278466,3949E7D02FB0E25A,docked_bike,2021-02-06 11:28:15,2021-02-06 11:40:33,E 2 St & 2 Ave,5593,1 Ave & E 30 St,6079,40.725029,-73.990697,40.741444,-73.975361,member
278616,DCF0DC9B889840CF,docked_bike,2021-02-21 21:42:54,2021-02-21 21:56:57,E 2 St & 2 Ave,5593,E 51 St & 2 Ave,6575,40.725028,-73.990696,40.755293,-73.967641,member
278631,A775341273BD7BB7,docked_bike,2021-02-25 08:48:10,2021-02-25 08:57:42,E 1 St & 1 Ave,5593,1 Ave & E 30 St,6079,40.723355,-73.988649,40.74144387,-73.97536082,member
278633,AA10802E6D257A16,docked_bike,2021-02-26 16:10:55,2021-02-26 16:34:46,E 1 St & 1 Ave,5593,1 Ave & E 30 St,6079,40.723355,-73.988649,40.74144387,-73.97536082,member
278984,E07DF3BA566B5E17,docked_bike,2021-02-10 13:34:26,2021-02-10 14:02:15,E 2 St & 2 Ave,5593,E 97 St & Madison Ave,7393,40.725028,-73.990696,40.787801,-73.953559,casual
281950,C00FD92288F0DFFA,docked_bike,2021-02-27 09:12:26,2021-02-27 09:20:31,E 2 St & 2 Ave,5593,Pike St & Monroe St,5159,40.725028,-73.990696,40.71173107,-73.99193043,member
281972,AE2E3C1C685E08D5,docked_bike,2021-02-09 15:12:37,2021-02-09 15:25:31,E 2 St & 2 Ave,5593,W 20 St & 7 Ave,6182,40.725028,-73.990696,40.74238787,-73.99726235,member
281988,7F1CA951886A5F77,docked_bike,2021-02-14 17:19:38,2021-02-14 17:29:12,E 2 St & 2 Ave,5593,Pike St & Monroe St,5159,40.725028,-73.990696,40.71173107,-73.99193043,casual
281992,6F4E922846D68468,docked_bike,2021-02-28 18:27:23,2021-02-28 18:36:51,E 2 St & 2 Ave,5593,W 20 St & 7 Ave,6182,40.725028,-73.990696,40.74238787,-73.99726235,member
282017,33B7D2CF9EC37B16,docked_bike,2021-02-14 22:07:14,2021-02-14 22:20:25,E 2 St & 2 Ave,5593,W 20 St & 7 Ave,6182,40.725028,-73.990696,40.74238787,-73.99726235,member
283545,E728E0DC03F44482,docked_bike,2021-02-14 20:46:46,2021-02-14 20:56:28,E 2 St & 2 Ave,5593,Pearl St & Hanover Square,4993,40.725029,-73.990697,40.704718,-74.00926,member
283561,ED536036FB391E07,docked_bike,2021-02-25 15:33:16,2021-02-25 15:33:16,E 1 St & 1 Ave,5593,South St & Whitehall St,4846,40.723355,-73.988649,40.70122128,-74.01234218,member
285774,15436B537A250114,docked_bike,2021-02-25 15:14:45,2021-02-25 15:42:04,E 1 St & 1 Ave,5593,E 77 St & 3 Ave,7092,40.723355,-73.988649,40.77314236,-73.95856158,member
285812,76C5060343701A7F,docked_bike,2021-02-28 21:01:52,2021-02-28 21:13:47,E 1 St & 1 Ave,5593,W 21 St & 6 Ave,6140,40.723355,-73.988649,40.74173969,-73.99415556,member
288050,43D0323B594034AC,docked_bike,2021-02-28 00:43:30,2021-02-28 01:20:12,E 1 St & 1 Ave,5593,W 63 St & Broadway,7052,40.723356,-73.98865,40.771639,-73.982614,casual
289432,6DC1201760F2466C,docked_bike,2021-02-24 16:23:41,2021-02-24 16:37:07,E 2 St & 2 Ave,5593,Cadman Plaza E & Red Cross Pl,4821,40.725028,-73.990696,40.69991755,-73.98971773,member
290763,CC15364FD163809C,docked_bike,2021-02-06 16:45:11,2021-02-06 17:02:04,E 2 St & 2 Ave,5593,State St & Smith St,4565,40.725029,-73.990697,40.689269,-73.989129,member
292634,1B7A33B1B88D6989,docked_bike,2021-02-06 13:55:04,2021-02-06 14:07:28,E 2 St & 2 Ave,5593,Cadman Plaza E & Red Cross Pl,4821,40.725028,-73.990696,40.69991755,-73.98971773,member
293670,18E50BD05E2F99DC,docked_bike,2021-02-06 18:54:04,2021-02-06 19:04:39,E 2 St & 2 Ave,5593,Lexington Ave & E 26 St,6089,40.725028,-73.990696,40.741459,-73.983293,member
294288,07BF943937011DE6,docked_bike,2021-02-25 21:30:48,2021-02-25 21:44:21,E 1 St & 1 Ave,5593,Murray St & Greenwich St,5288,40.723355,-73.988649,40.71485150526252,-74.01122331619263,casual
294289,96EF7FBA8D8F736C,docked_bike,2021-02-27 13:08:51,2021-02-27 13:17:35,E 1 St & 1 Ave,5593,Lexington Ave & E 26 St,6089,40.723355,-73.988649,40.741459,-73.983293,member
296111,E5812F7067904152,docked_bike,2021-02-17 20:08:23,2021-02-17 20:17:34,E 2 St & 2 Ave,5593,Lexington Ave & E 26 St,6089,40.725028,-73.990696,40.741459,-73.983293,member
296112,1D24CB2EFA45652A,docked_bike,2021-02-10 10:37:59,2021-02-10 10:57:41,E 2 St & 2 Ave,5593,Murray St & Greenwich St,5288,40.725028,-73.990696,40.71485150526252,-74.01122331619263,member
296132,AFF7165F35BB9688,docked_bike,2021-02-25 13:40:46,2021-02-25 13:57:08,E 2 St & 2 Ave,5593,Murray St & Greenwich St,5288,40.725028,-73.990696,40.71485150526252,-74.01122331619263,casual
296135,40FDAA09350E7529,docked_bike,2021-02-24 17:08:46,2021-02-24 17:30:45,E 2 St & 2 Ave,5593,Lexington Ave & E 26 St,6089,40.725029,-73.990697,40.741459,-73.983293,member
296142,BAADB50B15A035F2,docked_bike,2021-02-21 14:23:14,2021-02-21 14:33:29,E 2 St & 2 Ave,5593,Lexington Ave & E 26 St,6089,40.725028,-73.990696,40.741459,-73.983293,member
297429,874756BAD658038D,docked_bike,2021-02-27 11:17:11,2021-02-27 11:22:54,E 1 St & 1 Ave,5593,E 2 St & Avenue A,5553,40.723356,-73.98865,40.723077,-73.985836,member
297560,78A8E135EFC13E13,docked_bike,2021-02-24 15:02:24,2021-02-24 15:11:51,E 1 St & 1 Ave,5593,Hudson St & Reade St,5359,40.723355,-73.988649,40.71625008,-74.0091059,casual
297562,3A204F0FF898C9E2,docked_bike,2021-02-25 22:00:25,2021-02-25 22:08:08,E 1 St & 1 Ave,5593,E 20 St & 2 Ave,5971,40.723355,-73.988649,40.73587678,-73.98205027,member
297621,524179C6A644A5D5,docked_bike,2021-02-28 01:13:03,2021-02-28 16:21:05,E 1 St & 1 Ave,5593,E 2 St & Avenue A,5553,40.723356,-73.98865,40.723077,-73.985836,member
299105,B369F084B3EE556E,docked_bike,2021-02-23 16:54:04,2021-02-23 17:05:04,E 1 St & 1 Ave,5593,Hudson St & Reade St,5359,40.723355,-73.988649,40.71625008,-74.0091059,casual
300730,C21597035242FDE0,docked_bike,2021-02-26 14:02:21,2021-02-26 14:20:11,E 2 St & 2 Ave,5593,E 39 St & Lexington Ave,6389,40.725028,-73.990696,40.7494985460252,-73.97729203113158,member
300734,AD5CE714AD1A3487,docked_bike,2021-02-13 17:12:15,2021-02-13 17:26:34,E 2 St & 2 Ave,5593,E 39 St & Lexington Ave,6389,40.725028,-73.990696,40.7494985460252,-73.97729203113158,member
300735,99DF99C0276218B2,docked_bike,2021-02-25 15:20:00,2021-02-25 15:22:38,E 2 St & 2 Ave,5593,E 2 St & Avenue A,5553,40.725028,-73.990696,40.72307749068673,-73.98583620786667,member
300742,1264AC8B6683B6D5,docked_bike,2021-02-12 16:58:41,2021-02-12 17:44:24,E 2 St & 2 Ave,5593,E 2 St & Avenue A,5553,40.725028,-73.990696,40.72307749068673,-73.98583620786667,member
300743,4FC6113EC5F934CC,docked_bike,2021-02-17 17:42:50,2021-02-17 17:44:53,E 2 St & 2 Ave,5593,E 2 St & Avenue A,5553,40.725028,-73.990696,40.72307749068673,-73.98583620786667,member
300745,E03829A17B8F156F,docked_bike,2021-02-08 19:01:18,2021-02-08 19:04:07,E 2 St & 2 Ave,5593,E 2 St & Avenue A,5553,40.725029,-73.990697,40.723077,-73.985836,member
300749,0F3F19162CFD9CAC,docked_bike,2021-02-15 21:13:31,2021-02-15 21:16:53,E 2 St & 2 Ave,5593,E 2 St & Avenue A,5553,40.725028,-73.990696,40.72307749068673,-73.98583620786667,member
300756,0C6891A52C2C9325,docked_bike,2021-02-24 10:29:02,2021-02-24 10:31:23,E 2 St & 2 Ave,5593,E 2 St & Avenue A,5553,40.725029,-73.990697,40.723077,-73.985836,member
300757,10365C4AC67CFB99,docked_bike,2021-02-20 11:26:40,2021-02-20 11:28:51,E 2 St & 2 Ave,5593,E 2 St & Avenue A,5553,40.725028,-73.990696,40.72307749068673,-73.98583620786667,member
300758,81842026F31D9498,docked_bike,2021-02-13 12:46:58,2021-02-13 12:50:55,E 2 St & 2 Ave,5593,E 2 St & Avenue A,5553,40.725029,-73.990697,40.723077,-73.985836,member
300762,1D7C660D809EA0B6,docked_bike,2021-02-22 10:57:57,2021-02-22 12:19:35,E 2 St & 2 Ave,5593,E 2 St & Avenue A,5553,40.725029,-73.990697,40.723077,-73.985836,member
300770,CE70CF159D4859CE,docked_bike,2021-02-13 16:01:41,2021-02-13 16:09:19,E 2 St & 2 Ave,5593,E 20 St & 2 Ave,5971,40.725028,-73.990696,40.73587678,-73.98205027,member
300771,44759679E8716611,docked_bike,2021-02-05 11:01:10,2021-02-05 11:03:43,E 2 St & 2 Ave,5593,E 2 St & Avenue A,5553,40.725029,-73.990697,40.723077,-73.985836,casual
300772,ED8EF8E897FF1578,docked_bike,2021-02-20 17:29:14,2021-02-20 17:45:45,E 2 St & 2 Ave,5593,E 20 St & 2 Ave,5971,40.725029,-73.990697,40.735877,-73.98205,member
300777,D0C01B2631225B77,docked_bike,2021-02-23 18:09:06,2021-02-23 18:22:19,E 2 St & 2 Ave,5593,E 39 St & Lexington Ave,6389,40.725028,-73.990696,40.7494985460252,-73.97729203113158,member
300778,F36953F942B2146D,docked_bike,2021-02-13 18:33:37,2021-02-13 18:39:27,E 2 St & 2 Ave,5593,E 20 St & 2 Ave,5971,40.725028,-73.990696,40.73587678,-73.98205027,member
300822,4951CB009AD4D565,docked_bike,2021-02-20 19:58:53,2021-02-20 20:03:11,E 2 St & 2 Ave,5593,E 2 St & Avenue A,5553,40.725028,-73.990696,40.72307749068673,-73.98583620786667,member
300830,1EE1F1B798664951,docked_bike,2021-02-24 13:58:41,2021-02-24 14:03:39,E 2 St & 2 Ave,5593,E 2 St & Avenue A,5553,40.725028,-73.990696,40.72307749068673,-73.98583620786667,member
300831,FBC96E781CAB30B7,docked_bike,2021-02-27 21:04:59,2021-02-27 21:06:42,E 2 St & 2 Ave,5593,E 2 St & Avenue A,5553,40.725029,-73.990697,40.723077,-73.985836,member
300859,9680CB0BFFBF4C67,docked_bike,2021-02-21 18:08:49,2021-02-21 18:11:30,E 2 St & 2 Ave,5593,E 2 St & Avenue A,5553,40.725028,-73.990696,40.72307749068673,-73.98583620786667,member
300860,B981F5D70A1E7BDD,docked_bike,2021-02-17 09:28:46,2021-02-17 09:31:48,E 2 St & 2 Ave,5593,E 2 St & Avenue A,5553,40.725028,-73.990696,40.72307749068673,-73.98583620786667,member
300862,E824B292BC10BDE7,docked_bike,2021-02-26 10:33:52,2021-02-26 10:38:22,E 2 St & 2 Ave,5593,E 2 St & Avenue A,5553,40.725028,-73.990696,40.72307749068673,-73.98583620786667,member
302105,3D4BCC09A6B8CADD,docked_bike,2021-02-05 17:26:40,2021-02-05 17:34:16,E 2 St & 2 Ave,5593,Greenwich Ave & Charles St,5914,40.725028,-73.990696,40.735238,-74.000271,member
302106,64AD4FD1B7B7C8FE,docked_bike,2021-02-08 11:10:29,2021-02-08 11:19:58,E 2 St & 2 Ave,5593,Greenwich Ave & Charles St,5914,40.725029,-73.990697,40.735238,-74.000271,member
302117,18444E0A4FDE197C,docked_bike,2021-02-14 14:41:55,2021-02-14 14:58:20,E 2 St & 2 Ave,5593,Greenwich Ave & Charles St,5914,40.725029,-73.990697,40.735238,-74.000271,casual
302624,4020EE7A7B7B0C7C,docked_bike,2021-02-24 18:14:27,2021-02-24 18:24:07,E 1 St & 1 Ave,5593,Greenwich Ave & Charles St,5914,40.723355,-73.988649,40.735238,-74.000271,member
302640,A778E5BE4B43DA60,docked_bike,2021-02-24 18:14:38,2021-02-24 18:23:57,E 1 St & 1 Ave,5593,Greenwich Ave & Charles St,5914,40.723355,-73.988649,40.735238,-74.000271,member
302681,1EE17226E05E0363,docked_bike,2021-02-26 08:08:46,2021-02-26 08:19:39,E 1 St & 1 Ave,5593,Greenwich Ave & Charles St,5914,40.723355,-73.988649,40.735238,-74.000271,member
302687,DB708203A956784A,docked_bike,2021-02-24 13:43:25,2021-02-24 13:56:52,E 1 St & 1 Ave,5593,Greenwich Ave & Charles St,5914,40.723356,-73.98865,40.735238,-74.000271,member
304738,A980F01F92AAEC57,docked_bike,2021-02-23 22:06:31,2021-02-23 22:33:32,E 2 St & 2 Ave,5593,Allen St & Hester St,5342,40.725028,-73.990696,40.71605866,-73.99190759,member
310354,B32DB0766751276C,docked_bike,2021-02-10 08:44:34,2021-02-10 08:49:01,E 2 St & 2 Ave,5593,Delancey St & Eldridge St,5414,40.725028,-73.990696,40.719383,-73.991479,member
310355,7A08B95D5BE30E42,docked_bike,2021-02-08 11:58:06,2021-02-08 12:04:02,E 2 St & 2 Ave,5593,Delancey St & Eldridge St,5414,40.725028,-73.990696,40.719383,-73.991479,member
310374,FF9B6BD667DE6313,docked_bike,2021-02-24 11:05:01,2021-02-24 11:08:14,E 2 St & 2 Ave,5593,Delancey St & Eldridge St,5414,40.725028,-73.990696,40.719383,-73.991479,member
310398,37C742147BB2F6EE,docked_bike,2021-02-08 11:58:06,2021-02-08 12:03:57,E 2 St & 2 Ave,5593,Delancey St & Eldridge St,5414,40.725028,-73.990696,40.719383,-73.991479,member
310399,B2AC06D0BCC677FE,docked_bike,2021-02-24 15:35:38,2021-02-24 15:46:29,E 2 St & 2 Ave,5593,Cherry St,5181,40.725028,-73.990696,40.71219906,-73.97948148,member
310406,55A15CD15A84E760,docked_bike,2021-02-26 17:54:19,2021-02-26 18:03:14,E 2 St & 2 Ave,5593,Cherry St,5181,40.725028,-73.990696,40.71219906,-73.97948148,member
310409,9261FE7F31D56991,docked_bike,2021-02-14 10:00:31,2021-02-14 10:05:23,E 2 St & 2 Ave,5593,Delancey St & Eldridge St,5414,40.725028,-73.990696,40.719383,-73.991479,member
310411,577C52E75BEF603F,docked_bike,2021-02-06 08:11:28,2021-02-06 08:22:09,E 2 St & 2 Ave,5593,Cherry St,5181,40.725028,-73.990696,40.71219906,-73.97948148,member
310528,CE7998F931C33C7C,docked_bike,2021-02-28 12:20:12,2021-02-28 12:26:31,E 2 St & 2 Ave,5593,Allen St & Hester St,5342,40.725028,-73.990696,40.71605866,-73.99190759,member
311217,7DE1803F07805242,docked_bike,2021-02-24 23:08:13,2021-02-24 23:12:47,E 2 St & 2 Ave,5593,Allen St & Hester St,5342,40.725028,-73.990696,40.71605866,-73.99190759,member
313408,8831953C5E19A543,docked_bike,2021-02-21 12:15:44,2021-02-21 12:26:42,E 1 St & 1 Ave,5593,E 27 St & Park Ave S,6131,40.723355,-73.988649,40.74275179648995,-73.9847157150507,member
313417,D12A0F81D5CDBEBF,docked_bike,2021-02-21 14:05:24,2021-02-21 14:22:37,E 1 St & 1 Ave,5593,1 Ave & E 62 St,6753,40.723355,-73.988649,40.7612274,-73.96094022,casual
313421,888F307B7DB35870,docked_bike,2021-02-26 18:48:42,2021-02-26 18:58:43,E 1 St & 1 Ave,5593,John St & William St,5065,40.723355,-73.988649,40.70862144,-74.00722156,casual
313422,1FB3DCF07E339DED,docked_bike,2021-02-23 13:56:56,2021-02-23 14:02:22,E 1 St & 1 Ave,5593,University Pl & E 8 St,5755,40.723355,-73.988649,40.73143724085228,-73.99490341544151,member
313645,6F245A655EC78566,docked_bike,2021-02-26 19:21:12,2021-02-26 19:28:30,E 2 St & 2 Ave,5593,University Pl & E 8 St,5755,40.725028,-73.990696,40.73143724085228,-73.99490341544151,member
313646,0BF69FCE91E32867,docked_bike,2021-02-14 14:48:48,2021-02-14 15:08:15,E 2 St & 2 Ave,5593,University Pl & E 8 St,5755,40.725028,-73.990696,40.73143724085228,-73.99490341544151,casual
316462,F51FC3FAAA34D745,docked_bike,2021-02-27 19:38:07,2021-02-27 19:43:05,E 2 St & 2 Ave,5593,University Pl & E 8 St,5755,40.725028,-73.990696,40.73143724085228,-73.99490341544151,casual
316471,16F1CD4C58E4BE1F,docked_bike,2021-02-07 22:45:41,2021-02-07 22:54:51,E 2 St & 2 Ave,5593,John St & William St,5065,40.725028,-73.990696,40.70862144,-74.00722156,member
316489,BB91F8F2E1EE8400,docked_bike,2021-02-25 17:08:20,2021-02-25 17:31:29,E 2 St & 2 Ave,5593,Water - Whitehall Plaza,4962,40.725028,-73.990696,40.70255065,-74.0127234,member
316499,AE15055184494F51,docked_bike,2021-02-14 14:28:40,2021-02-14 14:37:41,E 2 St & 2 Ave,5593,University Pl & E 8 St,5755,40.725029,-73.990697,40.731437,-73.994903,member
316500,9ED0FD5E1ED9F1B2,docked_bike,2021-02-12 08:56:03,2021-02-12 09:00:51,E 2 St & 2 Ave,5593,University Pl & E 8 St,5755,40.725028,-73.990696,40.73143724085228,-73.99490341544151,casual
316511,1EEAA0954EE56E09,docked_bike,2021-02-10 20:48:30,2021-02-10 21:07:02,E 2 St & 2 Ave,5593,1 Ave & E 62 St,6753,40.725028,-73.990696,40.7612274,-73.96094022,member
316704,64149EF4B731251F,docked_bike,2021-02-28 01:07:50,2021-02-28 01:12:05,E 2 St & 2 Ave,5593,University Pl & E 8 St,5755,40.725028,-73.990696,40.73143724085228,-73.99490341544151,member
316865,301E92D731A34CE8,docked_bike,2021-02-21 17:39:25,2021-02-21 18:07:24,E 1 St & 1 Ave,5593,1 Ave & E 62 St,6753,40.723355,-73.988649,40.7612274,-73.96094022,member
316897,20EDE5E2600BAB40,docked_bike,2021-02-26 11:28:34,2021-02-26 11:44:16,E 1 St & 1 Ave,5593,Water - Whitehall Plaza,4962,40.723355,-73.988649,40.70255065,-74.0127234,casual
316931,27239EFF9001187E,docked_bike,2021-02-14 14:29:10,2021-02-14 14:37:31,E 2 St & 2 Ave,5593,University Pl & E 8 St,5755,40.725028,-73.990696,40.73143724085228,-73.99490341544151,member
321482,2A86DAD399B1841D,docked_bike,2021-02-26 12:53:30,2021-02-26 13:39:31,E 2 St & 2 Ave,5593,Lenox Ave & W 126 St,7720,40.725029,-73.990697,40.808442,-73.945209,member
321496,D8BD1D5F5D8106A5,docked_bike,2021-02-24 15:42:08,2021-02-24 15:55:41,E 2 St & 2 Ave,5593,Hope St & Union Ave,5187,40.725028,-73.990696,40.71167351,-73.95141312,member
321498,19BD2C2B48651FD1,docked_bike,2021-02-17 17:47:50,2021-02-17 18:09:50,E 2 St & 2 Ave,5593,Hope St & Union Ave,5187,40.725028,-73.990696,40.71167351,-73.95141312,member
325253,6BD6DBC8C3DDA658,docked_bike,2021-02-10 18:13:27,2021-02-10 18:31:37,E 2 St & 2 Ave,5593,Meserole Ave & Manhattan Ave,5666,40.725028,-73.990696,40.72708584,-73.95299117,member
325254,D72DD8446BF6B369,docked_bike,2021-02-25 16:11:53,2021-02-25 16:32:20,E 2 St & 2 Ave,5593,Concord St & Bridge St,4781,40.725028,-73.990696,40.69766564,-73.98476437,member
327708,E57CD31548C04902,docked_bike,2021-02-17 12:24:00,2021-02-17 12:57:46,E 2 St & 2 Ave,5593,Pacific St & Classon Ave,4148,40.725028,-73.990696,40.6791944,-73.9587903,member
329188,9CF5FAE8AC6C58F0,docked_bike,2021-02-23 18:09:07,2021-02-23 18:22:55,E 2 St & 2 Ave,5593,Duffield St & Willoughby St,4596,40.725028,-73.990696,40.69221589,-73.9842844,member
329189,D095355DAE895462,docked_bike,2021-02-10 14:16:53,2021-02-10 14:37:52,E 2 St & 2 Ave,5593,Warren St & Court St,4413,40.725028,-73.990696,40.686371,-73.99383324,casual
330133,5F5251069A581396,docked_bike,2021-02-25 18:10:25,2021-02-25 18:27:54,E 2 St & 2 Ave,5593,Duffield St & Willoughby St,4596,40.725028,-73.990696,40.69221589,-73.9842844,member
330484,F0A263945EA9C373,docked_bike,2021-02-22 16:51:19,2021-02-22 17:05:38,E 2 St & 2 Ave,5593,Duffield St & Willoughby St,4596,40.725028,-73.990696,40.69221589,-73.9842844,member
331015,1CB94CA7BEC04D20,docked_bike,2021-02-11 10:58:01,2021-02-11 11:17:04,E 2 St & 2 Ave,5593,Warren St & Court St,4413,40.725028,-73.990696,40.686371,-73.99383324,casual
332583,9F6CF4C2FEEDCD95,docked_bike,2021-02-25 18:33:55,2021-02-25 18:37:57,E 2 St & 2 Ave,5593,1 Ave & E 5 St,5626,40.725028,-73.990696,40.725864,-73.986389,member
335454,5611739B69238EA8,docked_bike,2021-02-06 11:48:09,2021-02-06 11:50:15,E 2 St & 2 Ave,5593,1 Ave & E 5 St,5626,40.725028,-73.990696,40.725864,-73.986389,member
335497,C3ACDD521043F164,docked_bike,2021-02-15 07:56:48,2021-02-15 07:59:51,E 2 St & 2 Ave,5593,1 Ave & E 5 St,5626,40.725028,-73.990696,40.725864,-73.986389,member
335498,59A8E9F0D16C0E79,docked_bike,2021-02-21 07:43:16,2021-02-21 07:57:54,E 2 St & 2 Ave,5593,1 Ave & E 5 St,5626,40.725028,-73.990696,40.725864,-73.986389,member
335500,886C6C1914ACCBB7,docked_bike,2021-02-06 11:40:08,2021-02-06 11:42:23,E 2 St & 2 Ave,5593,1 Ave & E 5 St,5626,40.725028,-73.990696,40.725864,-73.986389,member
335502,47B323CE40CBEAE4,docked_bike,2021-02-07 23:15:27,2021-02-07 23:57:01,E 2 St & 2 Ave,5593,1 Ave & E 5 St,5626,40.725029,-73.990697,40.725864,-73.986389,member
335503,89D2F4A9CA862939,docked_bike,2021-02-25 19:11:49,2021-02-25 19:19:59,E 2 St & 2 Ave,5593,Norfolk St & Broome St,5374,40.725028,-73.990696,40.7172274,-73.98802084,member
335509,7BA363DA9F6E128A,docked_bike,2021-02-13 11:00:34,2021-02-13 11:03:22,E 2 St & 2 Ave,5593,1 Ave & E 5 St,5626,40.725028,-73.990696,40.725864,-73.986389,member
335550,798A2401170D4E09,docked_bike,2021-02-15 07:57:14,2021-02-15 07:59:51,E 2 St & 2 Ave,5593,1 Ave & E 5 St,5626,40.725028,-73.990696,40.725864,-73.986389,member
335551,3CC0B094D1C0E046,docked_bike,2021-02-21 07:42:55,2021-02-21 07:58:01,E 2 St & 2 Ave,5593,1 Ave & E 5 St,5626,40.725028,-73.990696,40.725864,-73.986389,member
335552,CC3642EE7277DBD1,docked_bike,2021-02-26 14:48:47,2021-02-26 14:51:13,E 2 St & 2 Ave,5593,1 Ave & E 5 St,5626,40.725028,-73.990696,40.725864,-73.986389,member
335557,6384C8575738FDEA,docked_bike,2021-02-16 19:00:35,2021-02-16 19:06:44,E 2 St & 2 Ave,5593,Norfolk St & Broome St,5374,40.725028,-73.990696,40.7172274,-73.98802084,member
335558,3D32F2E540E03C10,docked_bike,2021-02-08 13:00:59,2021-02-08 13:05:36,E 2 St & 2 Ave,5593,1 Ave & E 5 St,5626,40.725028,-73.990696,40.725864,-73.986389,member
335565,AC72BA64360ED6CD,docked_bike,2021-02-21 19:14:40,2021-02-21 19:18:38,E 2 St & 2 Ave,5593,1 Ave & E 5 St,5626,40.725029,-73.990697,40.725864,-73.986389,member
335566,8531EC3F7527D8E3,docked_bike,2021-02-20 18:02:01,2021-02-20 18:06:52,E 2 St & 2 Ave,5593,1 Ave & E 5 St,5626,40.725029,-73.990697,40.725864,-73.986389,member
335570,431A5230177E082E,docked_bike,2021-02-17 18:03:34,2021-02-17 18:06:19,E 2 St & 2 Ave,5593,1 Ave & E 5 St,5626,40.725028,-73.990696,40.725864,-73.986389,member
335572,D36A0782198B8D2F,docked_bike,2021-02-06 11:56:12,2021-02-06 11:59:23,E 2 St & 2 Ave,5593,1 Ave & E 5 St,5626,40.725028,-73.990696,40.725864,-73.986389,member
335573,350F294D697D9184,docked_bike,2021-02-14 18:07:33,2021-02-14 18:09:34,E 2 St & 2 Ave,5593,1 Ave & E 5 St,5626,40.725028,-73.990696,40.725864,-73.986389,member
335575,44BBDA825C4CDB9C,docked_bike,2021-02-13 18:56:57,2021-02-13 18:59:36,E 2 St & 2 Ave,5593,1 Ave & E 5 St,5626,40.725028,-73.990696,40.725864,-73.986389,member
335576,A87CCFA07CE1CD9D,docked_bike,2021-02-15 07:53:11,2021-02-15 07:56:37,E 2 St & 2 Ave,5593,1 Ave & E 5 St,5626,40.725028,-73.990696,40.725864,-73.986389,member
335582,9CB0308B91CD2970,docked_bike,2021-02-27 19:11:13,2021-02-27 19:14:50,E 2 St & 2 Ave,5593,1 Ave & E 5 St,5626,40.725028,-73.990696,40.725864,-73.986389,member
335788,083023293D31157B,docked_bike,2021-02-09 22:56:39,2021-02-09 23:02:38,E 2 St & 2 Ave,5593,Norfolk St & Broome St,5374,40.725028,-73.990696,40.7172274,-73.98802084,member
335789,0BDC4E1F46313EC9,docked_bike,2021-02-24 21:58:02,2021-02-24 22:04:38,E 2 St & 2 Ave,5593,Norfolk St & Broome St,5374,40.725028,-73.990696,40.7172274,-73.98802084,member
335795,D2EA92929E754B96,docked_bike,2021-02-08 17:32:19,2021-02-08 17:41:19,E 2 St & 2 Ave,5593,Norfolk St & Broome St,5374,40.725028,-73.990696,40.7172274,-73.98802084,member
335800,2186F57EAD87E486,docked_bike,2021-02-20 16:54:08,2021-02-20 17:30:23,E 2 St & 2 Ave,5593,Central Park W & W 91 St,7453,40.725028,-73.990696,40.78866499127884,-73.96680057048798,member
335804,9C77357299504E52,docked_bike,2021-02-03 20:06:57,2021-02-03 20:12:42,E 2 St & 2 Ave,5593,1 Ave & E 5 St,5626,40.725029,-73.990697,40.725864,-73.986389,member
335807,9821C39BAE474B8E,docked_bike,2021-02-14 09:04:44,2021-02-14 09:07:03,E 2 St & 2 Ave,5593,1 Ave & E 5 St,5626,40.725028,-73.990696,40.725864,-73.986389,member
336123,D32C15B7A07DE921,docked_bike,2021-02-24 16:22:23,2021-02-24 16:34:53,E 2 St & 2 Ave,5593,1 Ave & E 5 St,5626,40.725028,-73.990696,40.725864,-73.986389,casual
336128,99923750BB9844DC,docked_bike,2021-02-15 22:23:23,2021-02-15 22:35:07,E 2 St & 2 Ave,5593,1 Ave & E 5 St,5626,40.725028,-73.990696,40.725864,-73.986389,member
336305,45AC20ABB343D57B,docked_bike,2021-02-04 08:02:37,2021-02-04 08:06:21,E 2 St & 2 Ave,5593,1 Ave & E 5 St,5626,40.725029,-73.990697,40.725864,-73.986389,member
336309,F3A5EAE971B9F3A0,docked_bike,2021-02-15 17:37:23,2021-02-15 17:42:19,E 2 St & 2 Ave,5593,Norfolk St & Broome St,5374,40.725028,-73.990696,40.7172274,-73.98802084,member
337084,46BDD60BDE9C3E46,docked_bike,2021-02-20 13:16:23,2021-02-20 13:19:23,E 1 St & 1 Ave,5593,1 Ave & E 5 St,5626,40.723355,-73.988649,40.725864,-73.986389,member
337153,20ABA54007844C21,docked_bike,2021-02-25 20:30:16,2021-02-25 20:30:15,E 1 St & 1 Ave,5593,1 Ave & E 5 St,5626,40.723355,-73.988649,40.725864,-73.986389,member
337154,24175F7F69085AF4,docked_bike,2021-02-26 17:38:25,2021-02-26 17:42:55,E 1 St & 1 Ave,5593,Norfolk St & Broome St,5374,40.723355,-73.988649,40.7172274,-73.98802084,member
337156,C424B88849755F0A,docked_bike,2021-02-17 13:46:32,2021-02-17 13:55:40,E 1 St & 1 Ave,5593,Norfolk St & Broome St,5374,40.723355,-73.988649,40.7172274,-73.98802084,member
337161,C8DFC66C2CA9257C,docked_bike,2021-02-23 10:52:53,2021-02-23 10:58:55,E 1 St & 1 Ave,5593,Norfolk St & Broome St,5374,40.723355,-73.988649,40.7172274,-73.98802084,member
337173,2FF5BCC9EC7EE0C6,docked_bike,2021-02-28 07:11:32,2021-02-28 07:16:43,E 1 St & 1 Ave,5593,Norfolk St & Broome St,5374,40.723355,-73.988649,40.7172274,-73.98802084,member
337184,283E47B9586AF77D,docked_bike,2021-02-21 16:30:49,2021-02-21 16:34:22,E 1 St & 1 Ave,5593,Norfolk St & Broome St,5374,40.723356,-73.98865,40.717227,-73.988021,member
337194,B98BF81B35411894,docked_bike,2021-02-21 11:00:32,2021-02-21 11:06:23,E 1 St & 1 Ave,5593,Norfolk St & Broome St,5374,40.723356,-73.98865,40.717227,-73.988021,member
337364,5BA9B0DC69B3672B,docked_bike,2021-02-27 15:45:08,2021-02-27 15:54:03,E 1 St & 1 Ave,5593,1 Ave & E 5 St,5626,40.723356,-73.98865,40.725864,-73.986389,member
337368,A078420BE7C50172,docked_bike,2021-02-27 16:05:49,2021-02-27 16:11:09,E 1 St & 1 Ave,5593,Norfolk St & Broome St,5374,40.723355,-73.988649,40.7172274,-73.98802084,member
339534,F5EEF264642FFEAA,docked_bike,2021-02-27 20:38:19,2021-02-27 20:47:12,E 2 St & 2 Ave,5593,E 31 St & 3 Ave,6239,40.725028,-73.990696,40.74394314,-73.97966069,casual
344302,18A02878242C8E6D,docked_bike,2021-02-26 18:17:58,2021-02-26 18:30:33,E 1 St & 1 Ave,5593,E 31 St & 3 Ave,6239,40.723355,-73.988649,40.74394314,-73.97966069,member
344327,5BA42CF5907B8DEC,docked_bike,2021-02-24 20:54:45,2021-02-24 20:58:13,E 2 St & 2 Ave,5593,LaGuardia Pl & W 3 St,5721,40.725028,-73.990696,40.72917025,-73.99810231,casual
344328,57D0579E9C526899,docked_bike,2021-02-25 18:52:07,2021-02-25 19:07:32,E 2 St & 2 Ave,5593,Bank St & Hudson St,5922,40.725028,-73.990696,40.73652889,-74.00618026,member
344331,A91BFAE3756DE4D3,docked_bike,2021-02-27 14:56:37,2021-02-27 15:14:39,E 2 St & 2 Ave,5593,E 31 St & 3 Ave,6239,40.725028,-73.990696,40.74394314,-73.97966069,member
344358,38511F714138C806,docked_bike,2021-02-05 17:47:01,2021-02-05 17:57:34,E 2 St & 2 Ave,5593,E 31 St & 3 Ave,6239,40.725028,-73.990696,40.74394314,-73.97966069,member
344362,74108AA13DCC7966,docked_bike,2021-02-28 11:19:27,2021-02-28 11:37:15,E 2 St & 2 Ave,5593,E 31 St & 3 Ave,6239,40.725028,-73.990696,40.74394314,-73.97966069,member
344368,56D716ED089D7C0B,docked_bike,2021-02-25 17:29:54,2021-02-25 17:35:24,E 2 St & 2 Ave,5593,LaGuardia Pl & W 3 St,5721,40.725028,-73.990696,40.72917025,-73.99810231,member
344369,3FAEB8E12A2B870D,docked_bike,2021-02-27 11:34:00,2021-02-27 11:48:16,E 2 St & 2 Ave,5593,Bank St & Hudson St,5922,40.725028,-73.990696,40.73652889,-74.00618026,casual
344385,30B78DCCBE70D1C6,docked_bike,2021-02-25 17:53:02,2021-02-25 18:00:31,E 2 St & 2 Ave,5593,LaGuardia Pl & W 3 St,5721,40.725028,-73.990696,40.72917025,-73.99810231,member
344391,E9BCA58FDFEEA719,docked_bike,2021-02-16 16:18:50,2021-02-16 16:33:38,E 2 St & 2 Ave,5593,E 31 St & 3 Ave,6239,40.725028,-73.990696,40.74394314,-73.97966069,member
344392,024C57C8C4489469,docked_bike,2021-02-24 12:42:13,2021-02-24 12:46:44,E 2 St & 2 Ave,5593,LaGuardia Pl & W 3 St,5721,40.725028,-73.990696,40.72917025,-73.99810231,member
344408,23A7F8C1EA9BDFCF,docked_bike,2021-02-24 12:44:20,2021-02-24 13:04:10,E 2 St & 2 Ave,5593,E 67 St & Park Ave,6932,40.725028,-73.990696,40.76780080148132,-73.96592080593109,casual
344459,4D3AA711CA7E9B46,docked_bike,2021-02-21 15:38:03,2021-02-21 15:47:55,E 2 St & 2 Ave,5593,Bank St & Hudson St,5922,40.725028,-73.990696,40.73652889,-74.00618026,member
344506,64487B69C23D7A58,docked_bike,2021-02-24 13:07:50,2021-02-24 13:14:22,E 1 St & 1 Ave,5593,LaGuardia Pl & W 3 St,5721,40.723356,-73.98865,40.72917,-73.998102,member
344581,038FAA11BED008EB,docked_bike,2021-02-27 19:38:44,2021-02-27 19:48:24,E 2 St & 2 Ave,5593,Bank St & Hudson St,5922,40.725028,-73.990696,40.73652889,-74.00618026,member
344625,34D8B5EDEFEE38B1,docked_bike,2021-02-27 14:52:53,2021-02-27 15:01:34,E 2 St & 2 Ave,5593,E 31 St & 3 Ave,6239,40.725028,-73.990696,40.74394314,-73.97966069,member
347978,C57F9A596BFC6226,docked_bike,2021-02-09 18:03:14,2021-02-09 18:29:49,E 2 St & 2 Ave,5593,India St & West St,5794,40.725028,-73.990696,40.73181401720966,-73.95995020866394,member
348607,E01DF5540776CEC8,docked_bike,2021-02-06 18:17:14,2021-02-06 18:34:32,E 2 St & 2 Ave,5593,Grand St & Havemeyer St,5267,40.725029,-73.990697,40.712868,-73.956981,casual
349024,920D146B4BBB1CA9,docked_bike,2021-02-26 11:58:31,2021-02-26 12:00:54,E 1 St & 1 Ave,5593,Allen St & Rivington St,5414,40.723355,-73.988649,40.72019576,-73.98997825,member
349964,7AB2AE183C94151E,docked_bike,2021-02-28 17:44:24,2021-02-28 17:47:09,E 2 St & 2 Ave,5593,Cooper Square & Astor Pl,5712,40.725029,-73.990697,40.729515,-73.990753,member
349966,6D2BDC484A6DA458,docked_bike,2021-02-17 13:02:01,2021-02-17 13:05:52,E 2 St & 2 Ave,5593,Cooper Square & Astor Pl,5712,40.725028,-73.990696,40.72951496224949,-73.99075269699097,member
349967,C0F17F49BBDE52F5,docked_bike,2021-02-21 15:21:36,2021-02-21 15:25:41,E 2 St & 2 Ave,5593,Allen St & Rivington St,5414,40.725028,-73.990696,40.72019576,-73.98997825,member
349968,5D675F9FBF32B516,docked_bike,2021-02-16 10:26:27,2021-02-16 10:30:06,E 2 St & 2 Ave,5593,Cooper Square & Astor Pl,5712,40.725028,-73.990696,40.72951496224949,-73.99075269699097,member
351078,9EC7BD301EA8ACD4,docked_bike,2021-02-25 07:01:37,2021-02-25 07:13:37,E 1 St & 1 Ave,5593,Old Slip & South St,4993,40.723356,-73.98865,40.703367,-74.007868,member
351081,780D6CBF1581D5CB,docked_bike,2021-02-20 23:54:12,2021-02-21 00:02:09,E 1 St & 1 Ave,5593,Clinton St & Grand St,5303,40.723355,-73.988649,40.71559509,-73.9870295,member
352058,5C2943738C7171D8,docked_bike,2021-02-13 15:33:56,2021-02-13 15:41:47,E 2 St & 2 Ave,5593,E 6 St & Avenue B,5584,40.725028,-73.990696,40.72453734,-73.98185424,member
356199,7E0713523A6D8C0A,docked_bike,2021-02-16 08:32:11,2021-02-16 08:38:21,E 2 St & 2 Ave,5593,Clinton St & Grand St,5303,40.725029,-73.990697,40.715595,-73.98703,member
356200,E891D6E5427BD534,docked_bike,2021-02-06 17:01:46,2021-02-06 17:09:17,E 2 St & 2 Ave,5593,Clinton St & Grand St,5303,40.725029,-73.990697,40.715595,-73.98703,member
356228,79F82012AF91A21D,docked_bike,2021-02-17 17:36:34,2021-02-17 17:42:43,E 2 St & 2 Ave,5593,Washington Pl & 6 Ave,5838,40.725028,-73.990696,40.73224119,-74.00026394,member
356229,EF320EED059F90BD,docked_bike,2021-02-23 21:41:34,2021-02-23 21:46:32,E 2 St & 2 Ave,5593,E 6 St & Avenue B,5584,40.725029,-73.990697,40.724537,-73.981854,member
356230,06888048217231E7,docked_bike,2021-02-26 16:44:51,2021-02-26 16:48:42,E 2 St & 2 Ave,5593,E 6 St & Avenue B,5584,40.725028,-73.990696,40.72453734,-73.98185424,member
356232,833E3168400C2C9B,docked_bike,2021-02-20 11:56:03,2021-02-20 12:01:09,E 2 St & 2 Ave,5593,E 6 St & Avenue B,5584,40.725028,-73.990696,40.72453734,-73.98185424,member
356233,DFB41672FF31A08D,docked_bike,2021-02-08 16:07:49,2021-02-08 16:17:24,E 2 St & 2 Ave,5593,Clinton St & Grand St,5303,40.725029,-73.990697,40.715595,-73.98703,member
356234,6CD0E88001C477E2,docked_bike,2021-02-26 21:12:39,2021-02-26 21:43:49,E 2 St & 2 Ave,5593,Washington Pl & Broadway,5755,40.725028,-73.990696,40.72903917,-73.99404649,member
356236,36A3A75C8866C2BB,docked_bike,2021-02-26 17:25:45,2021-02-26 17:47:06,E 2 St & 2 Ave,5593,Clinton St & Grand St,5303,40.725028,-73.990696,40.71559509,-73.9870295,member
356246,99151A4EFCF606FB,docked_bike,2021-02-12 17:27:35,2021-02-12 18:25:09,E 2 St & 2 Ave,5593,Clinton St & Grand St,5303,40.725028,-73.990696,40.71559509,-73.9870295,casual
356247,4E2832C3BD0709CC,docked_bike,2021-02-26 12:19:52,2021-02-26 12:25:44,E 2 St & 2 Ave,5593,E 6 St & Avenue B,5584,40.725028,-73.990696,40.72453734,-73.98185424,member
356248,10872E43F683CBF7,docked_bike,2021-02-25 00:08:56,2021-02-25 00:14:12,E 2 St & 2 Ave,5593,E 6 St & Avenue B,5584,40.725028,-73.990696,40.72453734,-73.98185424,member
356253,6D05F5FE9121CF2B,docked_bike,2021-02-18 19:30:31,2021-02-18 19:41:51,E 2 St & 2 Ave,5593,E 6 St & Avenue B,5584,40.725028,-73.990696,40.72453734,-73.98185424,member
356254,0F5ABA15AA68962F,docked_bike,2021-02-27 16:42:41,2021-02-27 17:10:22,E 2 St & 2 Ave,5593,W 46 St & 11 Ave,6795,40.725029,-73.990697,40.763414,-73.996674,casual
356261,FC0EDC625DD7A286,docked_bike,2021-02-22 19:16:56,2021-02-22 19:24:19,E 2 St & 2 Ave,5593,Washington Pl & 6 Ave,5838,40.725028,-73.990696,40.73224119,-74.00026394,member
356262,4D68CEE59592FD02,docked_bike,2021-02-25 16:31:21,2021-02-25 16:36:04,E 2 St & 2 Ave,5593,E 6 St & Avenue B,5584,40.725029,-73.990697,40.724537,-73.981854,member
356263,A31BBF2A9B2973E9,docked_bike,2021-02-23 17:53:55,2021-02-23 17:58:43,E 2 St & 2 Ave,5593,E 6 St & Avenue B,5584,40.725029,-73.990697,40.724537,-73.981854,member
356267,E921D75427A579F7,docked_bike,2021-02-21 15:32:23,2021-02-21 15:36:34,E 2 St & 2 Ave,5593,Washington Pl & Broadway,5755,40.725029,-73.990697,40.729039,-73.994046,member
356275,34C0BE4CE95FDC47,docked_bike,2021-02-04 16:30:21,2021-02-04 16:38:42,E 2 St & 2 Ave,5593,Clinton St & Grand St,5303,40.725028,-73.990696,40.71559509,-73.9870295,member
356276,2B3D819FAA2D15F1,docked_bike,2021-02-13 12:07:40,2021-02-13 12:11:19,E 2 St & 2 Ave,5593,Washington Pl & Broadway,5755,40.725028,-73.990696,40.72903917,-73.99404649,member
356283,34275B8403CE8A8A,docked_bike,2021-02-21 20:02:01,2021-02-21 20:06:17,E 2 St & 2 Ave,5593,E 6 St & Avenue B,5584,40.725028,-73.990696,40.72453734,-73.98185424,member
356290,B26F15882A5DB04E,docked_bike,2021-02-14 11:34:20,2021-02-14 11:39:02,E 2 St & 2 Ave,5593,E 6 St & Avenue B,5584,40.725028,-73.990696,40.72453734,-73.98185424,member
356446,BBF270D3FBBA6494,docked_bike,2021-02-10 19:35:29,2021-02-10 19:40:21,E 2 St & 2 Ave,5593,E 6 St & Avenue B,5584,40.725029,-73.990697,40.724537,-73.981854,member
356447,44EA4780B10E3E9D,docked_bike,2021-02-05 17:39:13,2021-02-05 17:48:39,E 2 St & 2 Ave,5593,E 6 St & Avenue B,5584,40.725029,-73.990697,40.724537,-73.981854,member
356448,7C89D4EB8E606478,docked_bike,2021-02-15 05:59:21,2021-02-15 06:01:48,E 2 St & 2 Ave,5593,Washington Pl & Broadway,5755,40.725028,-73.990696,40.72903917,-73.99404649,member
356452,7AE80A551E71DFF8,docked_bike,2021-02-26 19:24:39,2021-02-26 19:29:57,E 2 St & 2 Ave,5593,E 6 St & Avenue B,5584,40.725028,-73.990696,40.72453734,-73.98185424,member
356461,F1CF8A883DD9E00C,docked_bike,2021-02-15 22:22:23,2021-02-15 22:28:01,E 2 St & 2 Ave,5593,Washington Pl & 6 Ave,5838,40.725028,-73.990696,40.73224119,-74.00026394,member
356464,BD1CC5FCA3098F07,docked_bike,2021-02-23 18:50:17,2021-02-23 18:58:36,E 2 St & 2 Ave,5593,Washington Pl & 6 Ave,5838,40.725028,-73.990696,40.73224119,-74.00026394,member
356484,16E8DD1D159E1BBC,docked_bike,2021-02-14 12:49:58,2021-02-14 12:55:24,E 2 St & 2 Ave,5593,Clinton St & Grand St,5303,40.725029,-73.990697,40.715595,-73.98703,member
356498,DFE89F02F8BBEF19,docked_bike,2021-02-21 18:29:43,2021-02-21 18:36:40,E 2 St & 2 Ave,5593,Clinton St & Grand St,5303,40.725029,-73.990697,40.715595,-73.98703,member
356503,2830564AF144D140,docked_bike,2021-02-20 13:08:00,2021-02-20 13:13:32,E 2 St & 2 Ave,5593,Washington Pl & 6 Ave,5838,40.725028,-73.990696,40.73224119,-74.00026394,member
356523,558FD88925AC8D6B,docked_bike,2021-02-08 22:20:37,2021-02-08 22:27:01,E 2 St & 2 Ave,5593,Washington Pl & 6 Ave,5838,40.725028,-73.990696,40.73224119,-74.00026394,member
356524,0088A5F009835E6D,docked_bike,2021-02-14 15:04:20,2021-02-14 15:08:59,E 2 St & 2 Ave,5593,E 6 St & Avenue B,5584,40.725029,-73.990697,40.724537,-73.981854,member
356525,CC8424C8B995804F,docked_bike,2021-02-20 21:35:28,2021-02-20 21:40:27,E 2 St & 2 Ave,5593,E 6 St & Avenue B,5584,40.725029,-73.990697,40.724537,-73.981854,member
356526,1608E89C39EEF37F,docked_bike,2021-02-12 16:16:16,2021-02-12 16:20:04,E 2 St & 2 Ave,5593,Washington Pl & Broadway,5755,40.725029,-73.990697,40.729039,-73.994046,member
356529,F2B83DA0AB23A848,docked_bike,2021-02-27 19:07:16,2021-02-27 19:15:26,E 2 St & 2 Ave,5593,E 6 St & Avenue B,5584,40.725028,-73.990696,40.72453734,-73.98185424,casual
356530,15C3540ED63EEF49,docked_bike,2021-02-20 13:38:57,2021-02-20 13:42:44,E 2 St & 2 Ave,5593,E 6 St & Avenue B,5584,40.725028,-73.990696,40.72453734,-73.98185424,member
356532,15E3E11ED24034F0,docked_bike,2021-02-24 11:09:57,2021-02-24 11:18:25,E 2 St & 2 Ave,5593,Clinton St & Grand St,5303,40.725028,-73.990696,40.71559509,-73.9870295,member
356533,ECD6B11CBA2C140B,docked_bike,2021-02-14 12:13:51,2021-02-14 12:21:17,E 2 St & 2 Ave,5593,Washington Pl & 6 Ave,5838,40.725028,-73.990696,40.73224119,-74.00026394,member
356538,393EA6C3226844E9,docked_bike,2021-02-27 12:56:57,2021-02-27 13:01:59,E 2 St & 2 Ave,5593,Washington Pl & 6 Ave,5838,40.725028,-73.990696,40.73224119,-74.00026394,member
356562,F2CAFC7C081BAAEA,docked_bike,2021-02-11 00:20:31,2021-02-11 00:27:24,E 2 St & 2 Ave,5593,Washington Pl & 6 Ave,5838,40.725029,-73.990697,40.732241,-74.000264,member
356564,676721A624382E3C,docked_bike,2021-02-10 17:53:27,2021-02-10 17:58:55,E 2 St & 2 Ave,5593,Washington Pl & 6 Ave,5838,40.725028,-73.990696,40.73224119,-74.00026394,member
356574,FD432A444964EC54,docked_bike,2021-02-14 15:04:15,2021-02-14 15:08:56,E 2 St & 2 Ave,5593,E 6 St & Avenue B,5584,40.725029,-73.990697,40.724537,-73.981854,member
356719,A90BFD52FF91DF38,docked_bike,2021-02-20 23:15:53,2021-02-20 23:23:01,E 2 St & 2 Ave,5593,Clinton St & Grand St,5303,40.725028,-73.990696,40.71559509,-73.9870295,member
356723,06A412FE98490AA4,docked_bike,2021-02-21 14:50:06,2021-02-21 14:56:01,E 2 St & 2 Ave,5593,E 6 St & Avenue B,5584,40.725028,-73.990696,40.72453734,-73.98185424,member
356758,AC62187C9EC714CC,docked_bike,2021-02-23 06:55:53,2021-02-23 07:09:26,E 1 St & 1 Ave,5593,Old Slip & South St,4993,40.723356,-73.98865,40.703367,-74.007868,member
356765,BDDFD10483B77CB2,docked_bike,2021-02-26 18:50:07,2021-02-26 18:56:31,E 1 St & 1 Ave,5593,Washington Pl & Broadway,5755,40.723355,-73.988649,40.72903917,-73.99404649,member
356767,CF91629A0B5C34C9,docked_bike,2021-02-22 21:03:48,2021-02-22 21:09:14,E 1 St & 1 Ave,5593,E 6 St & Avenue B,5584,40.723355,-73.988649,40.72453734,-73.98185424,casual
356807,555AC0A80B7D391C,docked_bike,2021-02-27 03:05:50,2021-02-27 03:10:48,E 1 St & 1 Ave,5593,E 6 St & Avenue B,5584,40.723356,-73.98865,40.724537,-73.981854,member
356829,16FF040EC501A851,docked_bike,2021-02-25 15:21:22,2021-02-25 15:25:09,E 1 St & 1 Ave,5593,Washington Pl & Broadway,5755,40.723355,-73.988649,40.72903917,-73.99404649,member
356831,5C7071D096292528,docked_bike,2021-02-26 04:17:32,2021-02-26 04:21:06,E 1 St & 1 Ave,5593,E 6 St & Avenue B,5584,40.723355,-73.988649,40.72453734,-73.98185424,member
356833,5EDE0D670C82D534,docked_bike,2021-02-24 10:12:51,2021-02-24 10:22:10,E 1 St & 1 Ave,5593,Clinton St & Grand St,5303,40.723356,-73.98865,40.715595,-73.98703,member
356838,BCDAF756CA6A42FE,docked_bike,2021-02-23 23:54:54,2021-02-24 00:00:39,E 1 St & 1 Ave,5593,Clinton St & Grand St,5303,40.723355,-73.988649,40.71559509,-73.9870295,member
356845,972D86A539F14FE9,docked_bike,2021-02-24 23:53:51,2021-02-25 00:03:54,E 1 St & 1 Ave,5593,Clinton St & Grand St,5303,40.723355,-73.988649,40.71559509,-73.9870295,member
356857,910727A7AEFE8A6A,docked_bike,2021-02-21 12:14:02,2021-02-21 12:22:02,E 1 St & 1 Ave,5593,Washington Pl & 6 Ave,5838,40.723355,-73.988649,40.73224119,-74.00026394,member
356875,850441DB5E1E8B7E,docked_bike,2021-02-21 23:57:59,2021-02-22 00:04:55,E 1 St & 1 Ave,5593,Clinton St & Grand St,5303,40.723355,-73.988649,40.71559509,-73.9870295,member
356956,362A7A6E7CA8D674,docked_bike,2021-02-21 13:49:01,2021-02-21 13:57:34,E 1 St & 1 Ave,5593,Washington Pl & Broadway,5755,40.723356,-73.98865,40.729039,-73.994046,member
356957,5083284BC633719B,docked_bike,2021-02-24 06:54:28,2021-02-24 07:06:46,E 1 St & 1 Ave,5593,Old Slip & South St,4993,40.723356,-73.98865,40.703367,-74.007868,member
356959,81CBF2D228D2A2B4,docked_bike,2021-02-18 07:10:50,2021-02-18 07:20:08,E 1 St & 1 Ave,5593,Old Slip & South St,4993,40.723356,-73.98865,40.703367,-74.007868,member
356989,B2FDFE5AD14F5882,docked_bike,2021-02-24 00:05:37,2021-02-24 00:11:04,E 1 St & 1 Ave,5593,Washington Pl & Broadway,5755,40.723355,-73.988649,40.72903917,-73.99404649,member
357006,F3635478DF0732D4,docked_bike,2021-02-28 23:52:18,2021-02-28 23:59:01,E 1 St & 1 Ave,5593,Clinton St & Grand St,5303,40.723355,-73.988649,40.71559509,-73.9870295,member
357007,AFFDC94F51D030C7,docked_bike,2021-02-25 23:55:48,2021-02-26 00:02:43,E 1 St & 1 Ave,5593,Clinton St & Grand St,5303,40.723355,-73.988649,40.71559509,-73.9870295,member
357009,F371A79C9FCF3953,docked_bike,2021-02-22 17:51:14,2021-02-22 17:58:16,E 1 St & 1 Ave,5593,Washington Pl & 6 Ave,5838,40.723355,-73.988649,40.73224119,-74.00026394,member
357117,87E1A29814C875F9,docked_bike,2021-02-25 19:07:28,2021-02-25 19:11:26,E 1 St & 1 Ave,5593,Clinton St & Grand St,5303,40.723355,-73.988649,40.71559509,-73.9870295,member
357137,E887B66A41DA330A,docked_bike,2021-02-26 15:41:28,2021-02-26 15:41:19,E 1 St & 1 Ave,5593,Washington Pl & 6 Ave,5838,40.723355,-73.988649,40.73224119,-74.00026394,member
357176,51D86220A3AFA83B,docked_bike,2021-02-28 00:01:03,2021-02-28 00:06:53,E 1 St & 1 Ave,5593,Clinton St & Grand St,5303,40.723355,-73.988649,40.71559509,-73.9870295,member
360510,C55436588E6A21B8,docked_bike,2021-02-18 22:09:38,2021-02-18 22:17:07,E 1 St & 1 Ave,5593,Spring St & Hudson St,5653,40.723355,-73.988649,40.72583996792375,-74.0076532959938,member
361876,E6022C11D194924B,docked_bike,2021-02-05 15:03:13,2021-02-05 16:37:46,E 2 St & 2 Ave,5593,W 44 St & 11 Ave,6756,40.725029,-73.990697,40.762009,-73.996975,member
361928,3D65D498DE8AFBB6,docked_bike,2021-02-17 09:52:13,2021-02-17 10:01:03,E 2 St & 2 Ave,5593,Spring St & Hudson St,5653,40.725028,-73.990696,40.72583996792375,-74.0076532959938,member
362128,2A677D2DAC1C1DA4,docked_bike,2021-02-13 19:21:12,2021-02-13 19:45:35,E 2 St & 2 Ave,5593,Spring St & Hudson St,5653,40.725028,-73.990696,40.72583996792375,-74.0076532959938,casual
365002,910804516EB6AAF5,docked_bike,2021-02-19 10:06:00,2021-02-19 10:13:13,E 1 St & 1 Ave,5593,Grand St & Elizabeth St,5382,40.723355,-73.988649,40.718822,-73.99596,member
365034,C4042CC6124B83E4,docked_bike,2021-02-28 11:40:18,2021-02-28 11:46:40,E 1 St & 1 Ave,5593,Grand St & Elizabeth St,5382,40.723355,-73.988649,40.718822,-73.99596,member
365038,2F6C2603D8ED320D,docked_bike,2021-02-27 16:04:46,2021-02-27 16:11:02,E 1 St & 1 Ave,5593,Grand St & Elizabeth St,5382,40.723356,-73.98865,40.718822,-73.99596,member
365041,E1DCB9FE60D483D1,docked_bike,2021-02-20 13:08:48,2021-02-20 13:16:22,E 1 St & 1 Ave,5593,Grand St & Elizabeth St,5382,40.723355,-73.988649,40.718822,-73.99596,member
365055,CAD8ABE0628B120A,docked_bike,2021-02-26 17:56:30,2021-02-26 18:20:11,E 1 St & 1 Ave,5593,Adelphi St & Myrtle Ave,4620,40.723355,-73.988649,40.69308257,-73.97178913,member
365380,9A0D4385218FF6DD,docked_bike,2021-02-12 16:51:50,2021-02-12 17:04:03,E 2 St & 2 Ave,5593,E 5 St & Avenue C,5545,40.725029,-73.990697,40.722992,-73.979955,member
365381,589A530E1BAA4977,docked_bike,2021-02-15 14:09:08,2021-02-15 14:32:21,E 2 St & 2 Ave,5593,Metropolitan Ave & Bedford Ave,5308,40.725028,-73.990696,40.71534825,-73.96024116,member
369703,656CFB021A80AA2F,docked_bike,2021-02-21 20:10:26,2021-02-21 20:16:44,E 1 St & 1 Ave,5593,E 5 St & Avenue C,5545,40.723355,-73.988649,40.72299208,-73.97995466,member
370291,7151FAA1D1790594,docked_bike,2021-02-27 16:04:48,2021-02-27 16:11:02,E 1 St & 1 Ave,5593,Grand St & Elizabeth St,5382,40.723355,-73.988649,40.718822,-73.99596,member
370292,596F27A281EA7A0C,docked_bike,2021-02-26 19:25:50,2021-02-26 19:30:39,E 1 St & 1 Ave,5593,Grand St & Elizabeth St,5382,40.723355,-73.988649,40.718822,-73.99596,member
370300,A6E5AE30294C3900,docked_bike,2021-02-28 11:40:22,2021-02-28 11:46:52,E 1 St & 1 Ave,5593,Grand St & Elizabeth St,5382,40.723355,-73.988649,40.718822,-73.99596,member
370301,7587E13D00AC1616,docked_bike,2021-02-19 10:05:42,2021-02-19 10:13:11,E 1 St & 1 Ave,5593,Grand St & Elizabeth St,5382,40.723355,-73.988649,40.718822,-73.99596,member
370653,E5105EA5312424B9,docked_bike,2021-02-10 18:51:09,2021-02-10 18:59:00,E 2 St & 2 Ave,5593,Grand St & Elizabeth St,5382,40.725029,-73.990697,40.718822,-73.99596,member
370656,28CA3DE0B851462C,docked_bike,2021-02-04 17:07:17,2021-02-04 17:12:29,E 2 St & 2 Ave,5593,E 5 St & Avenue C,5545,40.725029,-73.990697,40.722992,-73.979955,member
370658,DABB640C892D3A98,docked_bike,2021-02-20 10:54:37,2021-02-20 11:02:51,E 2 St & 2 Ave,5593,Grand St & Elizabeth St,5382,40.725028,-73.990696,40.718822,-73.99596,member
370660,92DA206905301EC7,docked_bike,2021-02-10 18:51:33,2021-02-10 18:59:05,E 2 St & 2 Ave,5593,Grand St & Elizabeth St,5382,40.725028,-73.990696,40.718822,-73.99596,casual
370664,AFE0E49DD96C9BDE,docked_bike,2021-02-10 21:02:14,2021-02-10 21:06:20,E 2 St & 2 Ave,5593,E 5 St & Avenue C,5545,40.725029,-73.990697,40.722992,-73.979955,member
370672,529FE67B3CB20B94,docked_bike,2021-02-15 13:45:18,2021-02-15 13:50:35,E 2 St & 2 Ave,5593,E 5 St & Avenue C,5545,40.725028,-73.990696,40.72299208,-73.97995466,member
370673,DEB9404898CA8517,docked_bike,2021-02-10 18:52:56,2021-02-10 18:58:59,E 2 St & 2 Ave,5593,Grand St & Elizabeth St,5382,40.725029,-73.990697,40.718822,-73.99596,casual
370674,1B3A30F30D802701,docked_bike,2021-02-09 09:43:25,2021-02-09 09:57:43,E 2 St & 2 Ave,5593,E 53 St & Lexington Ave,6617,40.725028,-73.990696,40.75828065,-73.97069431,member
370695,A9AF2409E8CC1200,docked_bike,2021-02-06 14:17:32,2021-02-06 15:01:28,E 2 St & 2 Ave,5593,Grand St & Elizabeth St,5382,40.725028,-73.990696,40.718822,-73.99596,casual
370711,73F5479C923F5BD3,docked_bike,2021-02-22 17:57:24,2021-02-22 18:09:50,E 2 St & 2 Ave,5593,Bedford Ave & S 9 St,5093,40.725028,-73.990696,40.70853074,-73.96408963,casual
370714,6C1B3DEB9F9E34AD,docked_bike,2021-02-10 18:51:11,2021-02-10 18:59:02,E 2 St & 2 Ave,5593,Grand St & Elizabeth St,5382,40.725028,-73.990696,40.718822,-73.99596,member
370719,EA177B23F4BFC8BA,docked_bike,2021-02-06 14:56:49,2021-02-06 15:06:20,E 2 St & 2 Ave,5593,Grand St & Elizabeth St,5382,40.725029,-73.990697,40.718822,-73.99596,member
370817,6EA61DD3049F6A58,docked_bike,2021-02-11 19:57:25,2021-02-11 20:04:13,E 2 St & 2 Ave,5593,E 5 St & Avenue C,5545,40.725028,-73.990696,40.72299208,-73.97995466,member
370818,C79F160EAB88D655,docked_bike,2021-02-10 20:15:48,2021-02-10 20:21:27,E 2 St & 2 Ave,5593,E 5 St & Avenue C,5545,40.725028,-73.990696,40.72299208,-73.97995466,member
371135,4CF67EE2164590D1,docked_bike,2021-02-16 18:33:03,2021-02-16 19:01:26,E 2 St & 2 Ave,5593,Bedford Ave & Nassau Ave,5550,40.725029,-73.990697,40.723117,-73.952123,member
371138,C68B45159EAB4C75,docked_bike,2021-02-17 14:35:44,2021-02-17 14:40:21,E 2 St & 2 Ave,5593,Grand St & Elizabeth St,5382,40.725029,-73.990697,40.718822,-73.99596,member
372222,D999BFF687BCAAA6,docked_bike,2021-02-20 19:22:26,2021-02-20 19:31:09,E 1 St & 1 Ave,5593,Carmine St & 6 Ave,5763,40.723355,-73.988649,40.73038599,-74.00214988,member
372568,D066AF8A0028DA31,docked_bike,2021-02-15 07:54:15,2021-02-15 07:58:18,E 2 St & 2 Ave,5593,Mercer St & Bleecker St,5679,40.725028,-73.990696,40.72706363348306,-73.99662137031554,member
383673,2EEFCAFA7B0F2D0E,docked_bike,2021-02-17 09:36:40,2021-02-17 10:04:56,E 2 St & 2 Ave,5593,Wyckoff St & Nevins St,4290,40.725028,-73.990696,40.683426,-73.984275,member
386803,97806BAAB4FD5652,docked_bike,2021-02-20 14:31:41,2021-02-20 14:49:40,E 1 St & 1 Ave,5593,Barrow St & Hudson St,5805,40.723356,-73.98865,40.731724,-74.006744,member
386805,C6397B337C58D4E3,docked_bike,2021-02-25 19:34:34,2021-02-25 19:45:30,E 1 St & 1 Ave,5593,Barrow St & Hudson St,5805,40.723355,-73.988649,40.73172428,-74.00674436,member
386890,6C085C8356199CE0,docked_bike,2021-02-27 17:45:37,2021-02-27 17:54:31,E 1 St & 1 Ave,5593,Pike St & E Broadway,5270,40.723355,-73.988649,40.71406667,-73.99293911,member
386942,D38694E90F675DA4,docked_bike,2021-02-23 20:55:11,2021-02-23 21:27:41,E 1 St & 1 Ave,5593,Lewis Ave & Madison St,4425,40.723355,-73.988649,40.686312,-73.935775,member
387219,0127E4236B658ACD,docked_bike,2021-02-25 16:46:48,2021-02-25 16:53:24,E 1 St & 1 Ave,5593,Pike St & E Broadway,5270,40.723355,-73.988649,40.71406667,-73.99293911,member
389278,F05E70374625BBBF,docked_bike,2021-02-06 13:26:34,2021-02-06 13:32:15,E 2 St & 2 Ave,5593,Forsyth St & Broome St,5453,40.725028,-73.990696,40.71893904,-73.99266288,member
389316,DA6650D89256EB15,docked_bike,2021-02-17 21:22:02,2021-02-17 21:34:48,E 2 St & 2 Ave,5593,Barrow St & Hudson St,5805,40.725028,-73.990696,40.73172428,-74.00674436,casual
389337,B5345D6D4B14FA6B,docked_bike,2021-02-10 14:16:11,2021-02-10 14:20:45,E 2 St & 2 Ave,5593,Forsyth St & Broome St,5453,40.725029,-73.990697,40.718939,-73.992663,member
389352,92696EB16D5D447E,docked_bike,2021-02-27 10:05:26,2021-02-27 10:08:37,E 2 St & 2 Ave,5593,Forsyth St & Broome St,5453,40.725028,-73.990696,40.71893904,-73.99266288,member
389379,387B8AF111805485,docked_bike,2021-02-25 18:27:04,2021-02-25 18:36:15,E 2 St & 2 Ave,5593,Barrow St & Hudson St,5805,40.725028,-73.990696,40.73172428,-74.00674436,member
389382,09EA3310EDC7E2F6,docked_bike,2021-02-05 18:09:01,2021-02-05 18:14:35,E 2 St & 2 Ave,5593,Pike St & E Broadway,5270,40.725028,-73.990696,40.71406667,-73.99293911,member
389384,943002676A5E286E,docked_bike,2021-02-13 08:59:05,2021-02-13 09:01:59,E 2 St & 2 Ave,5593,Forsyth St & Broome St,5453,40.725028,-73.990696,40.71893904,-73.99266288,member
389389,B8682E2BEE6ECBBF,docked_bike,2021-02-12 20:34:33,2021-02-12 21:25:37,E 2 St & 2 Ave,5593,Barrow St & Hudson St,5805,40.725028,-73.990696,40.73172428,-74.00674436,member
389401,9CD8375EAF063D8D,docked_bike,2021-02-13 15:15:48,2021-02-13 15:20:14,E 2 St & 2 Ave,5593,Forsyth St & Broome St,5453,40.725028,-73.990696,40.71893904,-73.99266288,member
389442,7C333C175F544FA7,docked_bike,2021-02-12 19:54:55,2021-02-12 20:01:14,E 2 St & 2 Ave,5593,Pike St & E Broadway,5270,40.725028,-73.990696,40.71406667,-73.99293911,casual
389454,56B7FAE77A95E8B8,docked_bike,2021-02-09 19:58:56,2021-02-09 20:10:19,E 2 St & 2 Ave,5593,Barrow St & Hudson St,5805,40.725028,-73.990696,40.73172428,-74.00674436,casual
389461,365C669527A41F0D,docked_bike,2021-02-08 07:29:06,2021-02-08 07:32:30,E 2 St & 2 Ave,5593,Forsyth St & Broome St,5453,40.725028,-73.990696,40.71893904,-73.99266288,member
395507,C094E52D27A5C2F5,docked_bike,2021-02-24 11:25:00,2021-02-24 12:06:58,E 1 St & 1 Ave,5593,31 Ave & 34 St,6819,40.723356,-73.98865,40.763154,-73.920827,member
395514,BC0BA900FFF048F1,docked_bike,2021-02-22 09:34:47,2021-02-22 09:36:55,E 1 St & 1 Ave,5593,Allen St & Stanton St,5484,40.723355,-73.988649,40.722055,-73.989111,member
395524,4B0593EF1CC1624B,docked_bike,2021-02-21 10:04:03,2021-02-21 10:05:42,E 1 St & 1 Ave,5593,Allen St & Stanton St,5484,40.723355,-73.988649,40.722055,-73.989111,member
395531,BF21BE7E2018FFDA,docked_bike,2021-02-28 14:57:41,2021-02-28 15:18:36,E 1 St & 1 Ave,5593,West St & Liberty St,5184,40.723355,-73.988649,40.711444,-74.014847,member
395553,64B6597D0536D8B7,docked_bike,2021-02-25 17:45:28,2021-02-25 17:55:26,E 1 St & 1 Ave,5593,E 16 St & 5 Ave,6022,40.723356,-73.98865,40.737262,-73.99239,member
395554,B463BB87D659C8CE,docked_bike,2021-02-26 07:02:45,2021-02-26 07:04:18,E 1 St & 1 Ave,5593,Allen St & Stanton St,5484,40.723356,-73.98865,40.722055,-73.989111,member
395555,DED5160BAEF7FC9A,docked_bike,2021-02-19 06:57:53,2021-02-19 06:59:28,E 1 St & 1 Ave,5593,Allen St & Stanton St,5484,40.723356,-73.98865,40.722055,-73.989111,member
395563,0A1A7AE0E4A9482F,docked_bike,2021-02-21 10:04:02,2021-02-21 10:04:55,E 1 St & 1 Ave,5593,Allen St & Stanton St,5484,40.723355,-73.988649,40.722055,-73.989111,member
395600,D2F7BEC86F4AC008,docked_bike,2021-02-17 18:01:54,2021-02-17 18:03:19,E 1 St & 1 Ave,5593,Allen St & Stanton St,5484,40.723355,-73.988649,40.722055,-73.989111,member
395601,9F3AEDB6CDCFFC54,docked_bike,2021-02-17 17:22:54,2021-02-17 17:24:20,E 1 St & 1 Ave,5593,Allen St & Stanton St,5484,40.723355,-73.988649,40.722055,-73.989111,member
395665,50139466AAAEE070,docked_bike,2021-02-26 23:59:30,2021-02-27 00:01:13,E 1 St & 1 Ave,5593,Allen St & Stanton St,5484,40.723355,-73.988649,40.722055,-73.989111,member
400155,059EF5762E2D3860,docked_bike,2021-02-12 16:14:21,2021-02-12 16:28:41,E 2 St & 2 Ave,5593,West St & Liberty St,5184,40.725028,-73.990696,40.711444,-74.014847,member
400156,A271C34E43D62328,docked_bike,2021-02-17 17:03:43,2021-02-17 17:18:26,E 2 St & 2 Ave,5593,West St & Liberty St,5184,40.725028,-73.990696,40.711444,-74.014847,member
400157,675C77C2A9A91B38,docked_bike,2021-02-25 16:31:47,2021-02-25 16:46:16,E 2 St & 2 Ave,5593,West St & Liberty St,5184,40.725028,-73.990696,40.711444,-74.014847,member
400158,9D93E79A24DFC69B,docked_bike,2021-02-09 16:32:35,2021-02-09 16:46:25,E 2 St & 2 Ave,5593,West St & Liberty St,5184,40.725028,-73.990696,40.711444,-74.014847,member
401595,77B968490E0F2FE9,docked_bike,2021-02-22 09:18:51,2021-02-22 09:49:11,E 2 St & 2 Ave,5593,Morgan Ave & Lombardy St,5503,40.725028,-73.990696,40.72226,-73.93889,member
401596,3E2EED6C98B63E9F,docked_bike,2021-02-14 14:31:16,2021-02-14 14:37:54,E 2 St & 2 Ave,5593,Allen St & Stanton St,5484,40.725029,-73.990697,40.722055,-73.989111,casual
401616,B9D134A37CB921C1,docked_bike,2021-02-15 11:17:08,2021-02-15 11:54:27,E 2 St & 2 Ave,5593,E 16 St & 5 Ave,6022,40.725029,-73.990697,40.737262,-73.99239,member
401631,FF5DB2AAEC1BB054,docked_bike,2021-02-26 09:17:12,2021-02-26 09:43:47,E 2 St & 2 Ave,5593,Morgan Ave & Lombardy St,5503,40.725028,-73.990696,40.72226,-73.93889,member
401633,7322D2F6E821811A,docked_bike,2021-02-17 10:50:53,2021-02-17 11:23:42,E 2 St & 2 Ave,5593,E 16 St & 5 Ave,6022,40.725029,-73.990697,40.737262,-73.99239,member
401653,F5781E3E450B0A30,docked_bike,2021-02-15 07:35:13,2021-02-15 07:37:10,E 2 St & 2 Ave,5593,Allen St & Stanton St,5484,40.725028,-73.990696,40.722055,-73.989111,member
401659,B0E930A6D409FACF,docked_bike,2021-02-15 07:53:01,2021-02-15 07:56:42,E 2 St & 2 Ave,5593,Allen St & Stanton St,5484,40.725028,-73.990696,40.722055,-73.989111,member
401662,5367DDE28647F5B6,docked_bike,2021-02-24 10:51:45,2021-02-24 11:36:33,E 2 St & 2 Ave,5593,E 16 St & 5 Ave,6022,40.725029,-73.990697,40.737262,-73.99239,member
401676,E1C85040F7DC41A7,docked_bike,2021-02-05 15:54:01,2021-02-05 16:11:36,E 2 St & 2 Ave,5593,West St & Liberty St,5184,40.725029,-73.990697,40.711444,-74.014847,member
401677,BC2DBE72159BA7C8,docked_bike,2021-02-26 15:12:50,2021-02-26 15:33:43,E 2 St & 2 Ave,5593,Centre St & Chambers St,5207,40.725028,-73.990696,40.71273266,-74.0046073,member
401678,1EEB5704563A2EA8,docked_bike,2021-02-17 16:53:29,2021-02-17 17:04:04,E 2 St & 2 Ave,5593,Leonard St & Church St,5359,40.725028,-73.990696,40.717571,-74.005549,casual
401681,6803D633F9357F33,docked_bike,2021-02-18 10:58:51,2021-02-18 11:09:34,E 2 St & 2 Ave,5593,Centre St & Chambers St,5207,40.725028,-73.990696,40.71273266,-74.0046073,member
401682,D4A7E28460F3BF3D,docked_bike,2021-02-14 14:34:41,2021-02-14 14:37:25,E 2 St & 2 Ave,5593,Allen St & Stanton St,5484,40.725028,-73.990696,40.722055,-73.989111,member
401684,F295565EF33B0ECA,docked_bike,2021-02-15 08:00:42,2021-02-15 08:03:07,E 2 St & 2 Ave,5593,Allen St & Stanton St,5484,40.725028,-73.990696,40.722055,-73.989111,member
401687,0492A5CC8B056084,docked_bike,2021-02-11 16:13:42,2021-02-11 16:26:30,E 2 St & 2 Ave,5593,West St & Liberty St,5184,40.725028,-73.990696,40.711444,-74.014847,member
401688,62AEEB936CF81176,docked_bike,2021-02-16 16:29:35,2021-02-16 16:43:23,E 2 St & 2 Ave,5593,West St & Liberty St,5184,40.725028,-73.990696,40.711444,-74.014847,member
401689,599A086381E403F5,docked_bike,2021-02-04 16:34:28,2021-02-04 16:51:42,E 2 St & 2 Ave,5593,West St & Liberty St,5184,40.725029,-73.990697,40.711444,-74.014847,member
401692,B49B4C1F51C7D8A1,docked_bike,2021-02-25 10:54:53,2021-02-25 11:20:51,E 2 St & 2 Ave,5593,E 16 St & 5 Ave,6022,40.725029,-73.990697,40.737262,-73.99239,member
401693,DE06F3E733D83C17,docked_bike,2021-02-16 10:54:44,2021-02-16 11:16:02,E 2 St & 2 Ave,5593,E 16 St & 5 Ave,6022,40.725029,-73.990697,40.737262,-73.99239,member
401694,35C392D847EE4805,docked_bike,2021-02-27 10:50:37,2021-02-27 11:29:04,E 2 St & 2 Ave,5593,E 16 St & 5 Ave,6022,40.725029,-73.990697,40.737262,-73.99239,member
401764,DD46A14BDFB672B5,docked_bike,2021-02-21 15:44:40,2021-02-21 16:00:52,E 2 St & 2 Ave,5593,Centre St & Chambers St,5207,40.725028,-73.990696,40.71273266,-74.0046073,member
402031,0D81FAEA459657FF,docked_bike,2021-02-14 14:31:13,2021-02-14 14:37:45,E 2 St & 2 Ave,5593,Allen St & Stanton St,5484,40.725029,-73.990697,40.722055,-73.989111,casual
402032,E0819414F7C24870,docked_bike,2021-02-10 16:43:10,2021-02-10 16:58:59,E 2 St & 2 Ave,5593,West St & Liberty St,5184,40.725028,-73.990696,40.711444,-74.014847,member
402033,7DD18751D0FB07FD,docked_bike,2021-02-24 16:44:47,2021-02-24 16:59:06,E 2 St & 2 Ave,5593,West St & Liberty St,5184,40.725028,-73.990696,40.711444,-74.014847,member
403751,B0852E3403244995,docked_bike,2021-02-19 15:40:10,2021-02-19 15:47:09,E 2 St & 2 Ave,5593,Christopher St & Greenwich St,5847,40.725028,-73.990696,40.73291553,-74.00711384,member
403756,410942C189EC834C,docked_bike,2021-02-07 22:36:14,2021-02-07 22:45:53,E 2 St & 2 Ave,5593,Christopher St & Greenwich St,5847,40.725028,-73.990696,40.73291553,-74.00711384,member
403777,AD52B984D3F53A62,docked_bike,2021-02-11 13:18:46,2021-02-11 13:48:48,E 2 St & 2 Ave,5593,W 45 St & 8 Ave,6676,40.725028,-73.990696,40.75929124,-73.98859651,member
413949,A62D24A097C0CA5F,docked_bike,2021-02-24 14:36:31,2021-02-24 14:47:10,E 2 St & 2 Ave,5593,Broadway & E 22 St,6098,40.725028,-73.990696,40.7403432,-73.98955109,casual
413976,CF7A92D6BF9EACB9,docked_bike,2021-02-13 17:49:10,2021-02-13 18:03:10,E 2 St & 2 Ave,5593,Avenue D & E 10 St,5575,40.725028,-73.990696,40.72506551015475,-73.97515833377838,member
413990,34601ECAB4981CC0,docked_bike,2021-02-09 16:34:04,2021-02-09 16:57:59,E 2 St & 2 Ave,5593,Union Ave & N 12 St,5411,40.725028,-73.990696,40.71924,-73.95242,member
414001,1EC567191FE5ABD2,docked_bike,2021-02-11 18:46:36,2021-02-11 19:03:46,E 2 St & 2 Ave,5593,Union Ave & N 12 St,5411,40.725028,-73.990696,40.71924,-73.95242,member
414010,C18A3B66FD120484,docked_bike,2021-02-26 08:23:49,2021-02-26 08:53:52,E 2 St & 2 Ave,5593,Broadway & E 22 St,6098,40.725028,-73.990696,40.7403432,-73.98955109,member
414016,E523B227EAFF9BBA,docked_bike,2021-02-17 11:17:13,2021-02-17 11:26:03,E 2 St & 2 Ave,5593,Broadway & E 22 St,6098,40.725028,-73.990696,40.7403432,-73.98955109,member
419086,B052B564D34A23E5,docked_bike,2021-02-21 11:54:40,2021-02-21 11:58:28,E 2 St & 2 Ave,5593,E 2 St & Avenue B,5515,40.725028,-73.990696,40.72217444,-73.98368779,member
420285,772EDE8CB225B2BC,docked_bike,2021-02-17 14:35:28,2021-02-17 14:38:36,E 1 St & 1 Ave,5593,E 2 St & Avenue B,5515,40.723355,-73.988649,40.72217444,-73.98368779,member
420359,4FB1C0D3CF3541CF,docked_bike,2021-02-26 18:08:26,2021-02-26 18:38:55,E 1 St & 1 Ave,5593,1 Ave & E 78 St,7020,40.723356,-73.98865,40.771404,-73.953517,member
420406,88958F96CFB4DA35,docked_bike,2021-02-17 14:35:28,2021-02-17 14:38:37,E 1 St & 1 Ave,5593,E 2 St & Avenue B,5515,40.723355,-73.988649,40.72217444,-73.98368779,member
420409,3BE16D1A22CCADE3,docked_bike,2021-02-26 18:50:30,2021-02-26 18:55:41,E 1 St & 1 Ave,5593,E 2 St & Avenue B,5515,40.723355,-73.988649,40.72217444,-73.98368779,member
420513,F43FA65B5DA571C9,docked_bike,2021-02-25 19:58:36,2021-02-25 20:27:19,E 1 St & 1 Ave,5593,1 Ave & E 78 St,7020,40.723355,-73.988649,40.77140426,-73.9535166,member
421529,47350494AE6AF6DF,docked_bike,2021-02-25 00:37:28,2021-02-25 00:41:32,E 2 St & 2 Ave,5593,E 2 St & Avenue B,5515,40.725028,-73.990696,40.72217444,-73.98368779,member
421535,9D8AD2B561F80454,docked_bike,2021-02-13 11:28:10,2021-02-13 11:33:14,E 2 St & 2 Ave,5593,E 2 St & Avenue B,5515,40.725028,-73.990696,40.72217444,-73.98368779,member
421536,B5809136EF750636,docked_bike,2021-02-12 00:14:10,2021-02-12 00:46:21,E 2 St & 2 Ave,5593,1 Ave & E 78 St,7020,40.725028,-73.990696,40.77140426,-73.9535166,member
421539,FA08E7C33C5AD736,docked_bike,2021-02-12 18:58:16,2021-02-12 19:01:32,E 2 St & 2 Ave,5593,E 2 St & Avenue B,5515,40.725029,-73.990697,40.722174,-73.983688,member
421541,DE25F1FD1D09E1A4,docked_bike,2021-02-25 20:13:20,2021-02-25 20:16:52,E 2 St & 2 Ave,5593,E 2 St & Avenue B,5515,40.725028,-73.990696,40.72217444,-73.98368779,member
421544,FA263E6B31238657,docked_bike,2021-02-09 14:15:25,2021-02-09 14:19:45,E 2 St & 2 Ave,5593,E 2 St & Avenue B,5515,40.725028,-73.990696,40.72217444,-73.98368779,member
421548,B87A46B3ACD7B90C,docked_bike,2021-02-24 17:00:13,2021-02-24 17:04:18,E 2 St & 2 Ave,5593,E 2 St & Avenue B,5515,40.725028,-73.990696,40.72217444,-73.98368779,member
421557,E4542A0E3B9B0AB7,docked_bike,2021-02-27 10:26:27,2021-02-27 10:29:32,E 2 St & 2 Ave,5593,E 2 St & Avenue B,5515,40.725028,-73.990696,40.72217444,-73.98368779,member
421560,FEE104D786F4C854,docked_bike,2021-02-17 17:29:18,2021-02-17 17:32:21,E 2 St & 2 Ave,5593,E 2 St & Avenue B,5515,40.725028,-73.990696,40.72217444,-73.98368779,member
421564,9D6E3859A480BAAC,docked_bike,2021-02-19 00:28:46,2021-02-19 00:32:04,E 2 St & 2 Ave,5593,E 2 St & Avenue B,5515,40.725028,-73.990696,40.72217444,-73.98368779,member
421567,DB6CA7D6ADB6771E,docked_bike,2021-02-08 20:27:37,2021-02-08 21:01:11,E 2 St & 2 Ave,5593,1 Ave & E 78 St,7020,40.725028,-73.990696,40.77140426,-73.9535166,member
421568,4A9EC78EAB1C845F,docked_bike,2021-02-28 10:31:25,2021-02-28 10:35:03,E 2 St & 2 Ave,5593,E 2 St & Avenue B,5515,40.725028,-73.990696,40.72217444,-73.98368779,member
421569,404BCF7E4D7AB0BD,docked_bike,2021-02-24 16:57:34,2021-02-24 17:00:05,E 2 St & 2 Ave,5593,E 2 St & Avenue B,5515,40.725029,-73.990697,40.722174,-73.983688,member
421579,C0ACDB9616104EE1,docked_bike,2021-02-07 00:21:44,2021-02-07 00:52:41,E 2 St & 2 Ave,5593,1 Ave & E 78 St,7020,40.725028,-73.990696,40.77140426,-73.9535166,member
421582,45D9B87E0D52BC66,docked_bike,2021-02-26 17:12:14,2021-02-26 17:31:49,E 2 St & 2 Ave,5593,E 2 St & Avenue B,5515,40.725028,-73.990696,40.72217444,-73.98368779,member
421585,21B1A1971CFF1F55,docked_bike,2021-02-26 20:29:22,2021-02-26 20:33:22,E 2 St & 2 Ave,5593,E 2 St & Avenue B,5515,40.725028,-73.990696,40.72217444,-73.98368779,member
421589,B9CE73C5BD7D33D9,docked_bike,2021-02-08 13:16:09,2021-02-08 13:39:49,E 2 St & 2 Ave,5593,E 2 St & Avenue B,5515,40.725029,-73.990697,40.722174,-73.983688,member
421619,3B6D4E8542187BF1,docked_bike,2021-02-19 22:24:46,2021-02-19 22:30:56,E 2 St & 2 Ave,5593,E 2 St & Avenue B,5515,40.725029,-73.990697,40.722174,-73.983688,member
421622,EA42D52311BD6FB2,docked_bike,2021-02-09 14:15:30,2021-02-09 14:19:46,E 2 St & 2 Ave,5593,E 2 St & Avenue B,5515,40.725028,-73.990696,40.72217444,-73.98368779,member
421623,762DC6DEB6E4CBBA,docked_bike,2021-02-20 15:30:29,2021-02-20 15:34:06,E 2 St & 2 Ave,5593,E 2 St & Avenue B,5515,40.725028,-73.990696,40.72217444,-73.98368779,member
421629,C9834FAB3617AAEA,docked_bike,2021-02-28 15:05:00,2021-02-28 15:07:19,E 2 St & 2 Ave,5593,E 2 St & Avenue B,5515,40.725028,-73.990696,40.72217444,-73.98368779,casual
421787,B691D51B61104266,docked_bike,2021-02-26 16:58:30,2021-02-26 17:03:07,E 2 St & 2 Ave,5593,E 2 St & Avenue B,5515,40.725029,-73.990697,40.722174,-73.983688,member
421789,C05E5C490901BFB4,docked_bike,2021-02-08 18:11:17,2021-02-08 18:13:45,E 2 St & 2 Ave,5593,E 2 St & Avenue B,5515,40.725029,-73.990697,40.722174,-73.983688,member
421798,E36CB95CEB609CEE,docked_bike,2021-02-15 00:50:28,2021-02-15 01:21:43,E 2 St & 2 Ave,5593,1 Ave & E 78 St,7020,40.725028,-73.990696,40.77140426,-73.9535166,member
421800,328CD7B2BA97460D,docked_bike,2021-02-12 08:19:44,2021-02-12 08:26:40,E 2 St & 2 Ave,5593,E 16 St & Irving Pl,5938,40.725029,-73.990697,40.735367,-73.987974,member
421802,2B29FA0349E774F5,docked_bike,2021-02-20 11:31:13,2021-02-20 11:34:07,E 2 St & 2 Ave,5593,E 2 St & Avenue B,5515,40.725028,-73.990696,40.72217444,-73.98368779,member
421808,E399D05236DE6865,docked_bike,2021-02-09 07:56:10,2021-02-09 07:58:40,E 2 St & 2 Ave,5593,E 2 St & Avenue B,5515,40.725028,-73.990696,40.72217444,-73.98368779,member
421912,0324A06E96BB56CB,docked_bike,2021-02-16 13:17:47,2021-02-16 13:23:25,E 2 St & 2 Ave,5593,E 16 St & Irving Pl,5938,40.725028,-73.990696,40.735367055605394,-73.98797392845154,member
421913,23713F7372713FD0,docked_bike,2021-02-16 08:19:00,2021-02-16 08:25:17,E 2 St & 2 Ave,5593,E 16 St & Irving Pl,5938,40.725028,-73.990696,40.735367055605394,-73.98797392845154,member
428332,F96B1068D58A33A3,docked_bike,2021-02-20 17:38:48,2021-02-20 18:00:45,E 2 St & 2 Ave,5593,11 Ave & W 41 St,6726,40.725028,-73.990696,40.76030096,-73.99884222,member
428358,DD00CC68DBBC05AB,docked_bike,2021-02-24 16:00:19,2021-02-24 16:28:44,E 2 St & 2 Ave,5593,Little West St & 1 Pl,5001,40.725029,-73.990697,40.705693,-74.016777,member
428360,C561681C5871E945,docked_bike,2021-02-04 15:55:24,2021-02-04 16:26:48,E 2 St & 2 Ave,5593,11 Ave & W 41 St,6726,40.725029,-73.990697,40.760301,-73.998842,member
428376,125907CA80EB7A5E,docked_bike,2021-02-13 00:50:25,2021-02-13 01:24:21,E 2 St & 2 Ave,5593,4 Ave & 9 St,3955,40.725028,-73.990696,40.6705135,-73.98876585,casual
428383,3761D9596790075E,docked_bike,2021-02-06 20:38:02,2021-02-06 20:55:45,E 2 St & 2 Ave,5593,11 Ave & W 41 St,6726,40.725028,-73.990696,40.76030096,-73.99884222,member
428384,2BA2BB3E6BA332E7,docked_bike,2021-02-21 18:58:14,2021-02-21 19:16:12,E 2 St & 2 Ave,5593,11 Ave & W 41 St,6726,40.725028,-73.990696,40.76030096,-73.99884222,member
428417,722422AFC5BD100B,docked_bike,2021-02-16 16:19:47,2021-02-16 16:39:54,E 2 St & 2 Ave,5593,12 Ave & W 40 St,6765,40.725029,-73.990697,40.760875,-74.002777,member
430660,CFECA097FD2D84EF,docked_bike,2021-02-26 10:43:44,2021-02-26 10:53:36,E 1 St & 1 Ave,5593,Bank St & Washington St,5964,40.723355,-73.988649,40.7361967,-74.00859207,member
434009,F0B90170A95DB383,docked_bike,2021-02-20 12:14:02,2021-02-20 12:39:44,E 2 St & 2 Ave,5593,Classon Ave & St Marks Ave,4074,40.725028,-73.990696,40.6765198,-73.9596082,member
434012,8A45F734D7C45032,docked_bike,2021-02-17 09:37:05,2021-02-17 09:50:02,E 2 St & 2 Ave,5593,Warren St & W Broadway,5288,40.725028,-73.990696,40.71473993,-74.00910627,member
434052,E2F50973AC7BD457,docked_bike,2021-02-12 13:05:37,2021-02-12 13:22:34,E 2 St & 2 Ave,5593,Lexington Ave & E 29 St,6164,40.725029,-73.990697,40.743116,-73.982154,member
435574,00F936FA498A325E,docked_bike,2021-02-23 15:24:52,2021-02-23 15:30:02,E 1 St & 1 Ave,5593,E 7 St & Avenue A,5626,40.723355,-73.988649,40.72621788,-73.98379855,member
436763,14F3DFA3132CE4EF,docked_bike,2021-02-19 21:52:01,2021-02-19 21:55:05,E 2 St & 2 Ave,5593,E 7 St & Avenue A,5626,40.725028,-73.990696,40.72621788,-73.98379855,member
436764,B257EB3DC21D7DDF,docked_bike,2021-02-03 20:35:44,2021-02-03 20:41:53,E 2 St & 2 Ave,5593,E 7 St & Avenue A,5626,40.725029,-73.990697,40.726218,-73.983799,member
438923,A5ACBC52C23B5F33,docked_bike,2021-02-26 16:47:08,2021-02-26 16:49:55,E 1 St & 1 Ave,5593,E 7 St & Avenue A,5626,40.723355,-73.988649,40.72621788,-73.98379855,member
440158,C6F8556B7E892EAF,docked_bike,2021-02-09 22:15:12,2021-02-09 22:19:35,E 2 St & 2 Ave,5593,E 7 St & Avenue A,5626,40.725028,-73.990696,40.72621788,-73.98379855,member
440159,25454BB19E90DA73,docked_bike,2021-02-11 21:40:08,2021-02-11 21:43:44,E 2 St & 2 Ave,5593,E 7 St & Avenue A,5626,40.725029,-73.990697,40.726218,-73.983799,member
440175,D17C51BC8925DFEB,docked_bike,2021-02-17 09:39:48,2021-02-17 09:44:16,E 2 St & 2 Ave,5593,E 7 St & Avenue A,5626,40.725029,-73.990697,40.726218,-73.983799,member
440192,A96BD7A9C7519FC6,docked_bike,2021-02-09 17:42:46,2021-02-09 17:46:07,E 2 St & 2 Ave,5593,E 7 St & Avenue A,5626,40.725028,-73.990696,40.72621788,-73.98379855,member
440202,6C0973B583CEBCF9,docked_bike,2021-02-24 15:29:45,2021-02-24 15:34:54,E 2 St & 2 Ave,5593,E 7 St & Avenue A,5626,40.725029,-73.990697,40.726218,-73.983799,member
440204,58BF0C3164F0036C,docked_bike,2021-02-21 12:01:51,2021-02-21 12:20:39,E 2 St & 2 Ave,5593,E 7 St & Avenue A,5626,40.725029,-73.990697,40.726218,-73.983799,member
440205,3E79A953A7E14870,docked_bike,2021-02-09 17:51:25,2021-02-09 17:55:16,E 2 St & 2 Ave,5593,E 7 St & Avenue A,5626,40.725028,-73.990696,40.72621788,-73.98379855,member
440228,1872EB5EEE6CA8AF,docked_bike,2021-02-16 17:58:18,2021-02-16 18:05:40,E 2 St & 2 Ave,5593,E 7 St & Avenue A,5626,40.725028,-73.990696,40.72621788,-73.98379855,member
440242,B2BE437E9FBA038E,docked_bike,2021-02-23 21:49:00,2021-02-23 21:51:46,E 2 St & 2 Ave,5593,E 7 St & Avenue A,5626,40.725028,-73.990696,40.72621788,-73.98379855,member
440268,F3B5CBB81A305570,docked_bike,2021-02-24 07:07:25,2021-02-24 07:12:14,E 2 St & 2 Ave,5593,E 7 St & Avenue A,5626,40.725028,-73.990696,40.72621788,-73.98379855,member
440269,4FF8BA04B388C705,docked_bike,2021-02-26 07:05:53,2021-02-26 07:13:57,E 2 St & 2 Ave,5593,E 7 St & Avenue A,5626,40.725028,-73.990696,40.72621788,-73.98379855,member
440284,54DCC6D9A3C33E25,docked_bike,2021-02-23 19:12:07,2021-02-23 19:18:40,E 2 St & 2 Ave,5593,E 7 St & Avenue A,5626,40.725028,-73.990696,40.72621788,-73.98379855,member
440287,9A1609D756C09AB6,docked_bike,2021-02-27 15:08:55,2021-02-27 15:13:57,E 2 St & 2 Ave,5593,E 7 St & Avenue A,5626,40.725028,-73.990696,40.72621788,-73.98379855,casual
440300,C1281B11F9049511,docked_bike,2021-02-26 21:32:31,2021-02-26 21:36:55,E 2 St & 2 Ave,5593,E 7 St & Avenue A,5626,40.725028,-73.990696,40.72621788,-73.98379855,member
440302,B52580B2C79F2C5E,docked_bike,2021-02-08 18:03:10,2021-02-08 18:07:31,E 2 St & 2 Ave,5593,E 7 St & Avenue A,5626,40.725028,-73.990696,40.72621788,-73.98379855,member
440330,F64A44CB166328E7,docked_bike,2021-02-24 09:19:31,2021-02-24 09:23:34,E 2 St & 2 Ave,5593,E 7 St & Avenue A,5626,40.725029,-73.990697,40.726218,-73.983799,member
440645,73318AC84A6BC38F,docked_bike,2021-02-06 18:36:02,2021-02-06 18:41:34,E 2 St & 2 Ave,5593,E 7 St & Avenue A,5626,40.725029,-73.990697,40.726218,-73.983799,member
444190,36A5F50C0EB52009,docked_bike,2021-02-25 21:28:25,2021-02-25 21:34:15,E 1 St & 1 Ave,5593,Rivington St & Ridge St,5406,40.723355,-73.988649,40.71850211,-73.98329859,casual
444248,F6588A27173E170F,docked_bike,2021-02-24 19:00:35,2021-02-24 19:09:36,E 1 St & 1 Ave,5593,2 Ave & E 31 St,6197,40.723356,-73.98865,40.742909,-73.977061,member
446134,AAD8C93475D5E01C,docked_bike,2021-02-10 20:57:27,2021-02-10 21:04:09,E 2 St & 2 Ave,5593,Rivington St & Ridge St,5406,40.725028,-73.990696,40.71850211,-73.98329859,member
446142,4772D14013D9BE85,docked_bike,2021-02-11 12:48:34,2021-02-11 13:00:29,E 2 St & 2 Ave,5593,Rivington St & Ridge St,5406,40.725028,-73.990696,40.71850211,-73.98329859,member
446149,2B0CEBA97F43CF76,docked_bike,2021-02-07 01:33:21,2021-02-07 01:49:39,E 2 St & 2 Ave,5593,Scholes St & Manhattan Ave,5108,40.725028,-73.990696,40.70870368,-73.9448625,casual
451234,A578976C248448EB,docked_bike,2021-02-21 17:51:51,2021-02-21 18:09:35,E 2 St & 2 Ave,5593,Kent Ave & N 7 St,5489,40.725028,-73.990696,40.72036775298455,-73.96165072917938,casual
451349,BCF6CAD8BF975DA4,docked_bike,2021-02-27 17:57:11,2021-02-27 18:18:10,E 2 St & 2 Ave,5593,Kent Ave & N 7 St,5489,40.725028,-73.990696,40.72036775298455,-73.96165072917938,member
451476,CC08817748B75309,docked_bike,2021-02-20 20:15:12,2021-02-20 20:32:18,E 2 St & 2 Ave,5593,Kent Ave & N 7 St,5489,40.725028,-73.990696,40.72036775298455,-73.96165072917938,member
453109,45F6088B0655A634,docked_bike,2021-02-24 16:17:37,2021-02-24 16:30:58,E 2 St & 2 Ave,5593,S 4 St & Rodney St,5156,40.725028,-73.990696,40.70934,-73.95608,member
454414,DE68482EA7EB925C,docked_bike,2021-02-25 18:48:30,2021-02-25 19:14:48,E 1 St & 1 Ave,5593,W 42 St & 8 Ave,6602,40.723355,-73.988649,40.7575699,-73.99098507,member
454514,96658A6D728DBE04,docked_bike,2021-02-27 17:47:44,2021-02-27 19:38:30,E 1 St & 1 Ave,5593,West End Ave & W 94 St,7524,40.723355,-73.988649,40.7941654,-73.974124,casual
456365,0F56F519A9570B01,docked_bike,2021-02-14 13:19:51,2021-02-14 13:42:07,E 2 St & 2 Ave,5593,W 42 St & 8 Ave,6602,40.725029,-73.990697,40.75757,-73.990985,member
463101,D962AC10C2497261,docked_bike,2021-02-22 21:18:17,2021-02-22 21:28:19,E 1 St & 1 Ave,5593,MacDougal St & Prince St,5687,40.723355,-73.988649,40.72710258,-74.00297088,member
463110,3144F8185B22A22B,docked_bike,2021-02-19 17:15:50,2021-02-19 17:24:01,E 1 St & 1 Ave,5593,E 11 St & Avenue B,5659,40.723355,-73.988649,40.72746420692392,-73.97950418293476,member
463202,63C8D83A789B2802,docked_bike,2021-02-20 15:43:54,2021-02-20 15:56:46,E 1 St & 1 Ave,5593,E 11 St & Avenue B,5659,40.723355,-73.988649,40.72746420692392,-73.97950418293476,member
463236,75B3CEB847E19F6D,docked_bike,2021-02-26 12:52:23,2021-02-26 12:57:31,E 1 St & 1 Ave,5593,1 Ave & E 18 St,5854,40.723356,-73.98865,40.733812,-73.980544,member
463241,30B02C36A56EFEFF,docked_bike,2021-02-25 18:18:43,2021-02-25 18:26:14,E 1 St & 1 Ave,5593,1 Ave & E 18 St,5854,40.723355,-73.988649,40.73381219196632,-73.98054420948029,member
463254,7F859CD5B4ECF07D,docked_bike,2021-02-17 21:22:34,2021-02-17 22:01:10,E 1 St & 1 Ave,5593,E 11 St & Avenue B,5659,40.723355,-73.988649,40.72746420692392,-73.97950418293476,member
463570,35937F7C691FA906,docked_bike,2021-02-05 18:25:06,2021-02-05 18:31:30,E 2 St & 2 Ave,5593,E 11 St & Avenue B,5659,40.725029,-73.990697,40.727464,-73.979504,member
463572,7578DD0231898E14,docked_bike,2021-02-09 22:20:01,2021-02-09 22:26:50,E 2 St & 2 Ave,5593,1 Ave & E 18 St,5854,40.725028,-73.990696,40.73381219196632,-73.98054420948029,casual
463573,DC49422A365864AC,docked_bike,2021-02-16 12:25:36,2021-02-16 12:34:43,E 2 St & 2 Ave,5593,1 Ave & E 18 St,5854,40.725028,-73.990696,40.73381219196632,-73.98054420948029,member
463575,7FB99F2BAFC35FAB,docked_bike,2021-02-14 11:47:23,2021-02-14 11:54:11,E 2 St & 2 Ave,5593,1 Ave & E 18 St,5854,40.725028,-73.990696,40.73381219196632,-73.98054420948029,member
463580,B19D7E2E02A813B7,docked_bike,2021-02-25 18:44:04,2021-02-25 18:53:29,E 2 St & 2 Ave,5593,MacDougal St & Prince St,5687,40.725028,-73.990696,40.72710258,-74.00297088,casual
463583,2573FC7DE83A35A0,docked_bike,2021-02-26 12:45:54,2021-02-26 12:54:22,E 2 St & 2 Ave,5593,1 Ave & E 18 St,5854,40.725028,-73.990696,40.73381219196632,-73.98054420948029,member
463584,1BAC138AA3F32EF3,docked_bike,2021-02-10 08:35:15,2021-02-10 08:42:04,E 2 St & 2 Ave,5593,1 Ave & E 18 St,5854,40.725028,-73.990696,40.73381219196632,-73.98054420948029,member
463589,64143251A5C36E3E,docked_bike,2021-02-10 19:59:33,2021-02-10 20:06:31,E 2 St & 2 Ave,5593,1 Ave & E 18 St,5854,40.725028,-73.990696,40.73381219196632,-73.98054420948029,member
463609,A8D98A6164B85D87,docked_bike,2021-02-24 14:08:16,2021-02-24 14:25:54,E 2 St & 2 Ave,5593,E 11 St & Avenue B,5659,40.725029,-73.990697,40.727464,-73.979504,member
463666,4E12D07B9AA8A2DA,docked_bike,2021-02-24 14:09:26,2021-02-24 14:25:53,E 2 St & 2 Ave,5593,E 11 St & Avenue B,5659,40.725028,-73.990696,40.72746420692392,-73.97950418293476,member
463696,F85673AB43107469,docked_bike,2021-02-10 12:45:51,2021-02-10 12:52:59,E 2 St & 2 Ave,5593,1 Ave & E 18 St,5854,40.725028,-73.990696,40.73381219196632,-73.98054420948029,member
463720,E149F764E590BE79,docked_bike,2021-02-14 22:24:31,2021-02-14 22:29:25,E 2 St & 2 Ave,5593,E 11 St & Avenue B,5659,40.725029,-73.990697,40.727464,-73.979504,member
463763,00B24FA09B1D1AB6,docked_bike,2021-02-18 08:28:34,2021-02-18 08:34:42,E 2 St & 2 Ave,5593,MacDougal St & Prince St,5687,40.725029,-73.990697,40.727103,-74.002971,member
463764,6012D0A06D912C19,docked_bike,2021-02-24 08:25:29,2021-02-24 08:34:58,E 2 St & 2 Ave,5593,1 Ave & E 18 St,5854,40.725028,-73.990696,40.73381219196632,-73.98054420948029,member
463765,813B686359693BF2,docked_bike,2021-02-15 20:56:51,2021-02-15 21:03:51,E 2 St & 2 Ave,5593,MacDougal St & Prince St,5687,40.725028,-73.990696,40.72710258,-74.00297088,member
463774,A6D8B59C77AFD659,docked_bike,2021-02-24 22:57:00,2021-02-24 23:04:48,E 2 St & 2 Ave,5593,1 Ave & E 18 St,5854,40.725029,-73.990697,40.733812,-73.980544,casual
463775,89987445DE2C2284,docked_bike,2021-02-24 22:57:02,2021-02-24 23:04:46,E 2 St & 2 Ave,5593,1 Ave & E 18 St,5854,40.725028,-73.990696,40.73381219196632,-73.98054420948029,member
463779,6DCDF5D16CEC911E,docked_bike,2021-02-04 15:53:33,2021-02-04 15:58:46,E 2 St & 2 Ave,5593,E 11 St & Avenue B,5659,40.725029,-73.990697,40.727464,-73.979504,member
463780,23BEB03A095ECDA8,docked_bike,2021-02-19 19:56:14,2021-02-19 20:01:49,E 2 St & 2 Ave,5593,E 11 St & Avenue B,5659,40.725029,-73.990697,40.727464,-73.979504,member
463791,DCDAF56480925988,docked_bike,2021-02-16 15:04:03,2021-02-16 15:11:59,E 2 St & 2 Ave,5593,1 Ave & E 18 St,5854,40.725028,-73.990696,40.73381219196632,-73.98054420948029,member
463794,9A975B9619140952,docked_bike,2021-02-13 23:36:22,2021-02-14 00:10:39,E 2 St & 2 Ave,5593,Baltic St & 5 Ave,4208,40.725028,-73.990696,40.6795766,-73.97854971,member
463813,91036D322579F66D,docked_bike,2021-02-20 16:40:09,2021-02-20 16:46:23,E 2 St & 2 Ave,5593,E 11 St & Avenue B,5659,40.725028,-73.990696,40.72746420692392,-73.97950418293476,member
463815,94563489F2AF50D4,docked_bike,2021-02-25 09:46:03,2021-02-25 10:06:55,E 2 St & 2 Ave,5593,Clinton St & Joralemon St,4605,40.725028,-73.990696,40.69239502,-73.99337909,member
463816,7697A2873C4F71B3,docked_bike,2021-02-16 08:17:51,2021-02-16 08:22:43,E 2 St & 2 Ave,5593,E 11 St & Avenue B,5659,40.725028,-73.990696,40.72746420692392,-73.97950418293476,member
463826,AA237502EF83A61D,docked_bike,2021-02-14 14:17:37,2021-02-14 14:25:01,E 2 St & 2 Ave,5593,1 Ave & E 18 St,5854,40.725028,-73.990696,40.73381219196632,-73.98054420948029,member
463830,C22CCCE7AEB6530B,docked_bike,2021-02-27 19:06:31,2021-02-27 19:14:30,E 2 St & 2 Ave,5593,MacDougal St & Prince St,5687,40.725029,-73.990697,40.727103,-74.002971,casual
463831,BE71294FB5E1EDB9,docked_bike,2021-02-24 15:46:42,2021-02-24 15:54:17,E 2 St & 2 Ave,5593,1 Ave & E 18 St,5854,40.725028,-73.990696,40.73381219196632,-73.98054420948029,member
463886,703CFBB7C8870337,docked_bike,2021-02-09 23:04:19,2021-02-09 23:11:09,E 2 St & 2 Ave,5593,E 11 St & Avenue B,5659,40.725028,-73.990696,40.72746420692392,-73.97950418293476,member
463903,4D2DE5B0925E488D,docked_bike,2021-02-16 09:17:32,2021-02-16 09:23:56,E 2 St & 2 Ave,5593,1 Ave & E 18 St,5854,40.725028,-73.990696,40.73381219196632,-73.98054420948029,casual
463905,D0D6F89D4424B878,docked_bike,2021-02-27 13:33:03,2021-02-27 13:38:30,E 2 St & 2 Ave,5593,MacDougal St & Prince St,5687,40.725028,-73.990696,40.72710258,-74.00297088,member
463906,99B1FE59D1A3FE23,docked_bike,2021-02-04 14:09:30,2021-02-04 14:16:41,E 2 St & 2 Ave,5593,1 Ave & E 18 St,5854,40.725029,-73.990697,40.733812,-73.980544,member
463910,B81DE8D02BFF2E20,docked_bike,2021-02-05 18:00:35,2021-02-05 18:27:22,E 2 St & 2 Ave,5593,George St & Wilson Ave,4906,40.725028,-73.990696,40.702997,-73.92997,member
463914,F5C828E62DEC85CB,docked_bike,2021-02-25 18:42:48,2021-02-25 18:53:14,E 2 St & 2 Ave,5593,MacDougal St & Prince St,5687,40.725028,-73.990696,40.72710258,-74.00297088,casual
463977,D9B0846431E483EF,docked_bike,2021-02-24 18:36:48,2021-02-24 18:44:51,E 2 St & 2 Ave,5593,E 11 St & Avenue B,5659,40.725029,-73.990697,40.727464,-73.979504,member
463982,76E29F1D52A34815,docked_bike,2021-02-24 22:57:20,2021-02-24 23:04:38,E 2 St & 2 Ave,5593,1 Ave & E 18 St,5854,40.725028,-73.990696,40.73381219196632,-73.98054420948029,member
463988,C71F33A7D26232A0,docked_bike,2021-02-07 23:03:16,2021-02-07 23:09:48,E 2 St & 2 Ave,5593,E 11 St & Avenue B,5659,40.725028,-73.990696,40.72746420692392,-73.97950418293476,member
463999,CE2757FFF1E9D779,docked_bike,2021-02-24 09:57:06,2021-02-24 10:03:42,E 2 St & 2 Ave,5593,E 11 St & Avenue B,5659,40.725029,-73.990697,40.727464,-73.979504,member
468785,C3A24208C0B18509,docked_bike,2021-02-20 10:14:35,2021-02-20 10:18:20,E 1 St & 1 Ave,5593,St Marks Pl & 1 Ave,5626,40.723355,-73.988649,40.72779126,-73.98564945,member
468789,9DDE671A64CCF82F,docked_bike,2021-02-24 09:25:07,2021-02-24 09:53:14,E 1 St & 1 Ave,5593,Park Ave & Marcus Garvey Blvd,4768,40.723355,-73.988649,40.698617,-73.941342,member
468793,6A6347E2E8AFC925,docked_bike,2021-02-28 10:16:30,2021-02-28 10:19:02,E 1 St & 1 Ave,5593,St Marks Pl & 1 Ave,5626,40.723355,-73.988649,40.72779126,-73.98564945,member
471916,63EA5BEF9B04C0D5,docked_bike,2021-02-27 16:05:30,2021-02-27 16:14:51,E 1 St & 1 Ave,5593,Columbia St & Rivington St,5365,40.723356,-73.98865,40.7174,-73.980166,member
471923,42E4651499EFA04D,docked_bike,2021-02-23 15:33:03,2021-02-23 15:42:45,E 1 St & 1 Ave,5593,St Marks Pl & 1 Ave,5626,40.723355,-73.988649,40.72779126,-73.98564945,member
472038,B2879840D838927E,docked_bike,2021-02-27 14:36:21,2021-02-27 14:41:52,E 1 St & 1 Ave,5593,St Marks Pl & 1 Ave,5626,40.723355,-73.988649,40.72779126,-73.98564945,casual
472039,025C9C68771AC5CB,docked_bike,2021-02-27 13:15:34,2021-02-27 13:18:36,E 1 St & 1 Ave,5593,St Marks Pl & 1 Ave,5626,40.723355,-73.988649,40.72779126,-73.98564945,member
472070,400E20AA0F1EFFA9,docked_bike,2021-02-26 16:39:59,2021-02-26 16:56:29,E 1 St & 1 Ave,5593,Columbia St & Rivington St,5365,40.723356,-73.98865,40.7174,-73.980166,member
472920,DAD470523C20B26B,docked_bike,2021-02-21 15:17:52,2021-02-21 15:19:36,E 1 St & 1 Ave,5593,St Marks Pl & 1 Ave,5626,40.723355,-73.988649,40.72779126,-73.98564945,member
473163,A05E4F7752C4DFC1,docked_bike,2021-02-12 17:16:47,2021-02-12 17:20:40,E 2 St & 2 Ave,5593,St Marks Pl & 1 Ave,5626,40.725028,-73.990696,40.72779126,-73.98564945,member
473164,D60B9CC2D6AA7A75,docked_bike,2021-02-16 17:21:38,2021-02-16 17:25:29,E 2 St & 2 Ave,5593,St Marks Pl & 1 Ave,5626,40.725028,-73.990696,40.72779126,-73.98564945,member
473165,8D504C349DF6C612,docked_bike,2021-02-14 11:30:38,2021-02-14 11:34:39,E 2 St & 2 Ave,5593,St Marks Pl & 1 Ave,5626,40.725028,-73.990696,40.72779126,-73.98564945,member
473166,1AB24B5343341FED,docked_bike,2021-02-12 14:11:57,2021-02-12 14:15:08,E 2 St & 2 Ave,5593,St Marks Pl & 1 Ave,5626,40.725028,-73.990696,40.72779126,-73.98564945,member
473171,8741B3715A0A3F67,docked_bike,2021-02-06 18:07:17,2021-02-06 18:12:06,E 2 St & 2 Ave,5593,St Marks Pl & 1 Ave,5626,40.725028,-73.990696,40.72779126,-73.98564945,member
473172,89858610CBC29AA4,docked_bike,2021-02-11 19:29:38,2021-02-11 19:37:58,E 2 St & 2 Ave,5593,E 25 St & 1 Ave,6004,40.725029,-73.990697,40.738177,-73.977387,member
473183,79A9E9235592FDB3,docked_bike,2021-02-11 09:58:25,2021-02-11 10:04:10,E 2 St & 2 Ave,5593,St Marks Pl & 1 Ave,5626,40.725028,-73.990696,40.72779126,-73.98564945,member
473192,ED4A6B591865EFD6,docked_bike,2021-02-16 16:58:02,2021-02-16 17:02:10,E 2 St & 2 Ave,5593,St Marks Pl & 1 Ave,5626,40.725028,-73.990696,40.72779126,-73.98564945,member
473204,65B65BCE965C993A,docked_bike,2021-02-21 18:54:24,2021-02-21 18:58:03,E 2 St & 2 Ave,5593,St Marks Pl & 1 Ave,5626,40.725028,-73.990696,40.72779126,-73.98564945,member
473206,7E1ED38391042AD5,docked_bike,2021-02-27 17:19:32,2021-02-27 17:22:16,E 2 St & 2 Ave,5593,St Marks Pl & 1 Ave,5626,40.725028,-73.990696,40.72779126,-73.98564945,member
473209,9DCEFA3362B6C8F7,docked_bike,2021-02-10 18:43:37,2021-02-10 18:46:58,E 2 St & 2 Ave,5593,St Marks Pl & 1 Ave,5626,40.725028,-73.990696,40.72779126,-73.98564945,member
473302,F967B737A343B459,docked_bike,2021-02-14 13:40:56,2021-02-14 13:45:50,E 2 St & 2 Ave,5593,St Marks Pl & 1 Ave,5626,40.725029,-73.990697,40.727791,-73.985649,casual
473351,D724ECF64EEDF532,docked_bike,2021-02-24 15:37:17,2021-02-24 15:41:16,E 2 St & 2 Ave,5593,St Marks Pl & 1 Ave,5626,40.725028,-73.990696,40.72779126,-73.98564945,member
473352,92D898444242861E,docked_bike,2021-02-17 09:55:15,2021-02-17 09:58:13,E 2 St & 2 Ave,5593,St Marks Pl & 1 Ave,5626,40.725028,-73.990696,40.72779126,-73.98564945,member
473505,791B6D56E918BD02,docked_bike,2021-02-06 18:07:19,2021-02-06 18:13:26,E 2 St & 2 Ave,5593,St Marks Pl & 1 Ave,5626,40.725028,-73.990696,40.72779126,-73.98564945,member
473514,4C13C0ECE362F721,docked_bike,2021-02-11 22:10:21,2021-02-11 22:43:22,E 2 St & 2 Ave,5593,E 81 St & 3 Ave,7154,40.725028,-73.990696,40.77573034,-73.9567526,member
474846,42D433D1A51C8DE1,docked_bike,2021-02-13 13:21:21,2021-02-13 13:23:47,E 2 St & 2 Ave,5593,Mott St & Prince St,5561,40.725029,-73.990697,40.72318,-73.9948,member
476505,20D9D11A3E1402D0,docked_bike,2021-02-20 02:39:57,2021-02-20 02:43:05,E 1 St & 1 Ave,5593,Mott St & Prince St,5561,40.723355,-73.988649,40.72317958,-73.99480012,member
476539,96CEDA03FC1AF7A2,docked_bike,2021-02-17 14:50:17,2021-02-17 14:54:29,E 1 St & 1 Ave,5593,Mott St & Prince St,5561,40.723356,-73.98865,40.72318,-73.9948,member
476548,1D9A85A525C54706,docked_bike,2021-02-17 17:28:01,2021-02-17 17:35:05,E 1 St & 1 Ave,5593,Bialystoker Pl & Delancey St,5335,40.723355,-73.988649,40.71622644,-73.98261206,casual
476617,B045DD7F2070F444,docked_bike,2021-02-22 11:40:46,2021-02-22 11:47:00,E 1 St & 1 Ave,5593,Bialystoker Pl & Delancey St,5335,40.723355,-73.988649,40.71622644,-73.98261206,member
476869,90AB5D7FEC16DCB0,docked_bike,2021-02-28 13:39:54,2021-02-28 13:48:01,E 1 St & 1 Ave,5593,Bialystoker Pl & Delancey St,5335,40.723355,-73.988649,40.71622644,-73.98261206,member
476946,81C31EE2DCA3AE5E,docked_bike,2021-02-26 19:05:25,2021-02-26 19:19:27,E 1 St & 1 Ave,5593,6 Ave & W 34 St,6364,40.723355,-73.988649,40.74964,-73.98805,member
477097,80731E12A9209E9F,docked_bike,2021-02-27 12:39:00,2021-02-27 13:02:32,E 1 St & 1 Ave,5593,6 Ave & W 34 St,6364,40.723355,-73.988649,40.74964,-73.98805,casual
477102,83453E600EA54ACE,docked_bike,2021-02-24 09:18:50,2021-02-24 09:35:48,E 1 St & 1 Ave,5593,W 26 St & 10 Ave,6382,40.723356,-73.98865,40.749718,-74.00295,member
477908,125A3DC371E3E7A7,docked_bike,2021-02-14 22:14:47,2021-02-14 22:21:11,E 2 St & 2 Ave,5593,Bialystoker Pl & Delancey St,5335,40.725028,-73.990696,40.71622644,-73.98261206,member
477934,B556C0B940B1FBF6,docked_bike,2021-02-20 11:47:07,2021-02-20 11:54:24,E 2 St & 2 Ave,5593,Bialystoker Pl & Delancey St,5335,40.725028,-73.990696,40.71622644,-73.98261206,member
477942,CB925D0B81F9E9FF,docked_bike,2021-02-20 13:59:26,2021-02-20 14:08:17,E 2 St & 2 Ave,5593,Mott St & Prince St,5561,40.725028,-73.990696,40.72317958,-73.99480012,member
477943,31502D12CEDD2728,docked_bike,2021-02-21 17:46:03,2021-02-21 17:50:59,E 2 St & 2 Ave,5593,Bialystoker Pl & Delancey St,5335,40.725028,-73.990696,40.71622644,-73.98261206,member
477948,95B39A0FDC70BCCF,docked_bike,2021-02-07 10:28:08,2021-02-07 10:35:23,E 2 St & 2 Ave,5593,Bialystoker Pl & Delancey St,5335,40.725029,-73.990697,40.716226,-73.982612,member
477952,D07C106B7C899F73,docked_bike,2021-02-25 22:29:14,2021-02-25 22:32:36,E 2 St & 2 Ave,5593,Mott St & Prince St,5561,40.725028,-73.990696,40.72317958,-73.99480012,member
478064,C7771BA02466435A,docked_bike,2021-02-25 18:23:39,2021-02-25 18:31:10,E 2 St & 2 Ave,5593,Bialystoker Pl & Delancey St,5335,40.725028,-73.990696,40.71622644,-73.98261206,member
478065,BEC62EA2E1B0B91E,docked_bike,2021-02-23 17:58:50,2021-02-23 18:05:20,E 2 St & 2 Ave,5593,Bialystoker Pl & Delancey St,5335,40.725028,-73.990696,40.71622644,-73.98261206,member
478070,64F9559416D6782F,docked_bike,2021-02-19 18:42:54,2021-02-19 18:50:05,E 2 St & 2 Ave,5593,Bialystoker Pl & Delancey St,5335,40.725029,-73.990697,40.716226,-73.982612,member
478072,2BAF2C2F98491251,docked_bike,2021-02-26 11:07:12,2021-02-26 11:14:55,E 2 St & 2 Ave,5593,Bialystoker Pl & Delancey St,5335,40.725028,-73.990696,40.71622644,-73.98261206,member
478193,67E4D2498DFE12FF,docked_bike,2021-02-24 09:31:44,2021-02-24 09:35:27,E 2 St & 2 Ave,5593,Mott St & Prince St,5561,40.725029,-73.990697,40.72318,-73.9948,member
478194,068489E6809B1FC1,docked_bike,2021-02-25 18:20:12,2021-02-25 18:38:46,E 2 St & 2 Ave,5593,Dean St & Hoyt St,4446,40.725028,-73.990696,40.6864442,-73.98759104,member
478196,57F4A775F9517A29,docked_bike,2021-02-25 13:21:15,2021-02-25 13:27:57,E 2 St & 2 Ave,5593,Bialystoker Pl & Delancey St,5335,40.725028,-73.990696,40.71622644,-73.98261206,member
478197,07BA68A1BBC65F63,docked_bike,2021-02-15 18:48:50,2021-02-15 18:56:05,E 2 St & 2 Ave,5593,Bialystoker Pl & Delancey St,5335,40.725028,-73.990696,40.71622644,-73.98261206,member
478198,C3B18B18428F6643,docked_bike,2021-02-24 18:06:56,2021-02-24 18:14:14,E 2 St & 2 Ave,5593,Bialystoker Pl & Delancey St,5335,40.725028,-73.990696,40.71622644,-73.98261206,member
478203,0A062FC776D57D2C,docked_bike,2021-02-21 16:53:47,2021-02-21 16:56:10,E 2 St & 2 Ave,5593,Mott St & Prince St,5561,40.725029,-73.990697,40.72318,-73.9948,member
482638,FAF5C2EE7A9CEF61,docked_bike,2021-02-23 17:46:01,2021-02-23 18:09:12,E 1 St & 1 Ave,5593,Pearl St & Peck Slip,5096,40.723355,-73.988649,40.708485,-74.002751,member
482640,9720FCD1CD324C54,docked_bike,2021-02-26 11:29:08,2021-02-26 11:44:59,E 1 St & 1 Ave,5593,Pearl St & Peck Slip,5096,40.723356,-73.98865,40.708485,-74.002751,member
482750,85A7FFE09E11677A,docked_bike,2021-02-17 21:13:06,2021-02-17 21:23:09,E 1 St & 1 Ave,5593,Pearl St & Peck Slip,5096,40.723356,-73.98865,40.708485,-74.002751,member
484156,529E21CD98CE8FDE,docked_bike,2021-02-14 19:37:24,2021-02-14 20:06:20,E 2 St & 2 Ave,5593,8 Ave & W 31 St,6450,40.725028,-73.990696,40.7505853470215,-73.9946848154068,member
484157,FAA0929CD3CF808C,docked_bike,2021-02-25 17:52:58,2021-02-25 18:13:57,E 2 St & 2 Ave,5593,8 Ave & W 31 St,6450,40.725029,-73.990697,40.750585,-73.994685,member
484158,8AD9960036C4A3AA,docked_bike,2021-02-05 12:24:23,2021-02-05 12:37:00,E 2 St & 2 Ave,5593,8 Ave & W 31 St,6450,40.725028,-73.990696,40.7505853470215,-73.9946848154068,casual
484169,07962D89774BEFC7,docked_bike,2021-02-11 16:19:53,2021-02-11 16:31:13,E 2 St & 2 Ave,5593,Pearl St & Peck Slip,5096,40.725028,-73.990696,40.708485,-74.002751,member
484195,7A86F6A56223DCD6,docked_bike,2021-02-08 18:46:28,2021-02-08 19:00:24,E 2 St & 2 Ave,5593,Pearl St & Peck Slip,5096,40.725028,-73.990696,40.708485,-74.002751,member
484215,A4E4D4990CF2482E,docked_bike,2021-02-16 23:09:17,2021-02-16 23:17:28,E 2 St & 2 Ave,5593,Pearl St & Peck Slip,5096,40.725028,-73.990696,40.708485,-74.002751,member
484244,AFF10E28F169283F,docked_bike,2021-02-12 18:02:46,2021-02-12 18:20:34,E 2 St & 2 Ave,5593,W 15 St & 10 Ave,6115,40.725028,-73.990696,40.74275382865903,-74.00747358798981,member
486956,A3C3BF7489B0D043,docked_bike,2021-02-26 18:53:45,2021-02-26 19:00:55,E 2 St & 2 Ave,5593,E 6 St & Avenue D,5506,40.725028,-73.990696,40.72228087,-73.97668709,member
491715,D671EB5A1CE2FC0A,docked_bike,2021-02-09 10:01:11,2021-02-09 10:06:47,E 2 St & 2 Ave,5593,Broadway & E 14 St,5905,40.725029,-73.990697,40.734546,-73.990741,member
491716,2C16EECA5EF30F7D,docked_bike,2021-02-26 17:35:01,2021-02-26 17:40:38,E 2 St & 2 Ave,5593,Broadway & E 14 St,5905,40.725028,-73.990696,40.73454567,-73.99074142,member
491717,AF30B9FB3D5026BA,docked_bike,2021-02-26 00:54:51,2021-02-26 01:11:54,E 2 St & 2 Ave,5593,Bushwick Ave & Powers St,5250,40.725028,-73.990696,40.71247661,-73.94100005,member
492372,41F28BDF310890E0,docked_bike,2021-02-25 17:04:51,2021-02-25 17:08:00,E 1 St & 1 Ave,5593,Suffolk St & Stanton St,5445,40.723356,-73.98865,40.720664,-73.98518,member
492429,5477E2BFB06473CC,docked_bike,2021-02-21 15:23:30,2021-02-21 16:00:35,E 1 St & 1 Ave,5593,Broadway & E 14 St,5905,40.723355,-73.988649,40.73454567,-73.99074142,member
492439,AB25247250660BBA,docked_bike,2021-02-24 17:15:20,2021-02-24 17:23:51,E 1 St & 1 Ave,5593,Broadway & E 14 St,5905,40.723356,-73.98865,40.734546,-73.990741,member
492585,4ECC43B403C6F8CF,docked_bike,2021-02-24 09:35:22,2021-02-24 09:44:20,E 1 St & 1 Ave,5593,Broadway & E 14 St,5905,40.723355,-73.988649,40.73454567,-73.99074142,member
492797,53D15D44252641A2,docked_bike,2021-02-20 18:42:17,2021-02-20 18:50:27,E 1 St & 1 Ave,5593,Broadway & E 14 St,5905,40.723356,-73.98865,40.734546,-73.990741,member
495096,4C3C3648897BF616,docked_bike,2021-02-17 17:00:06,2021-02-17 17:03:50,E 2 St & 2 Ave,5593,Suffolk St & Stanton St,5445,40.725029,-73.990697,40.720664,-73.98518,member
495179,540851A0EE291749,docked_bike,2021-02-06 11:40:33,2021-02-06 11:58:27,E 2 St & 2 Ave,5593,1 Ave & E 68 St,6822,40.725028,-73.990696,40.76500525,-73.95818491,member
495239,71FBCED29A4EFA33,docked_bike,2021-02-14 19:27:22,2021-02-14 19:34:12,E 2 St & 2 Ave,5593,Broadway & E 14 St,5905,40.725028,-73.990696,40.73454567,-73.99074142,member
495291,FA2B4BAD5091121C,docked_bike,2021-02-27 17:43:26,2021-02-27 18:19:20,E 2 St & 2 Ave,5593,1 Ave & E 68 St,6822,40.725029,-73.990697,40.765005,-73.958185,member
495293,190974322025F618,docked_bike,2021-02-19 07:22:57,2021-02-19 07:46:29,E 2 St & 2 Ave,5593,1 Ave & E 68 St,6822,40.725028,-73.990696,40.76500525,-73.95818491,casual
495457,60A6B90F4264EFF0,docked_bike,2021-02-22 09:21:45,2021-02-22 09:43:21,E 2 St & 2 Ave,5593,1 Ave & E 68 St,6822,40.725029,-73.990697,40.765005,-73.958185,member
500443,288E54256E96CC87,docked_bike,2021-02-25 08:59:54,2021-02-25 09:18:49,E 2 St & 2 Ave,5593,Pershing Square North,6432,40.725028,-73.990696,40.751873,-73.977706,casual
506782,59930FBFE17A394B,docked_bike,2021-02-24 20:47:36,2021-02-24 21:26:00,E 1 St & 1 Ave,5593,Central Park West & W 72 St,7141,40.723355,-73.988649,40.77579376683666,-73.9762057363987,member
506984,837CDA973D2AD193,docked_bike,2021-02-26 19:31:37,2021-02-26 19:54:48,E 2 St & 2 Ave,5593,William St & Pine St,5065,40.725028,-73.990696,40.70717936,-74.00887308,casual
507129,BC02F9264AEB24DA,docked_bike,2021-02-25 23:11:38,2021-02-25 23:31:49,E 1 St & 1 Ave,5593,Fulton St & Broadway,5175,40.723355,-73.988649,40.711066,-74.009447,member
507137,20EEB55BFAD400D5,docked_bike,2021-02-26 16:08:09,2021-02-26 16:37:43,E 1 St & 1 Ave,5593,Fulton St & Clermont Ave,4386,40.723356,-73.98865,40.684157,-73.969223,member
508615,C489AACE6735142D,docked_bike,2021-02-26 19:31:08,2021-02-26 19:54:44,E 2 St & 2 Ave,5593,William St & Pine St,5065,40.725028,-73.990696,40.70717936,-74.00887308,casual
510918,D6D0F789A48F2118,docked_bike,2021-02-28 14:14:55,2021-02-28 14:27:47,E 1 St & 1 Ave,5593,9 Ave & W 22 St,6266,40.723355,-73.988649,40.7454973,-74.00197139,member
510929,B411D0934A5925CC,docked_bike,2021-02-21 11:40:01,2021-02-21 11:44:28,E 1 St & 1 Ave,5593,E 11 St & 2 Ave,5746,40.723355,-73.988649,40.73047309,-73.98672378,member
511014,32A6F7B1A0F191DA,docked_bike,2021-02-23 16:15:12,2021-02-23 16:42:58,E 1 St & 1 Ave,5593,Washington St & Gansevoort St,6039,40.723355,-73.988649,40.739323,-74.008119,casual
511037,BA95CF3BDEBBFE44,docked_bike,2021-02-19 17:20:25,2021-02-19 17:34:00,E 1 St & 1 Ave,5593,9 Ave & W 22 St,6266,40.723355,-73.988649,40.7454973,-74.00197139,member
511089,5804B7A68EAABB3F,docked_bike,2021-02-23 16:15:34,2021-02-23 16:43:01,E 1 St & 1 Ave,5593,Washington St & Gansevoort St,6039,40.723355,-73.988649,40.739323,-74.008119,casual
512759,289F7063AD4D0564,docked_bike,2021-02-25 09:34:18,2021-02-25 09:45:22,E 2 St & 2 Ave,5593,9 Ave & W 22 St,6266,40.725028,-73.990696,40.7454973,-74.00197139,casual
514999,02B9C3A222B47A51,docked_bike,2021-02-26 11:31:34,2021-02-26 11:44:29,E 2 St & 2 Ave,5593,Washington St & Gansevoort St,6039,40.725028,-73.990696,40.739323,-74.008119,member
515006,A5D7BA2BC86808F2,docked_bike,2021-02-04 21:07:57,2021-02-04 21:37:09,E 2 St & 2 Ave,5593,9 Ave & W 22 St,6266,40.725029,-73.990697,40.745497,-74.001971,member
515007,866874584080332D,docked_bike,2021-02-11 13:53:52,2021-02-11 13:57:31,E 2 St & 2 Ave,5593,E 11 St & 2 Ave,5746,40.725029,-73.990697,40.730473,-73.986724,member
515032,339966CE20AF0666,docked_bike,2021-02-11 20:58:34,2021-02-11 21:23:21,E 2 St & 2 Ave,5593,9 Ave & W 22 St,6266,40.725028,-73.990696,40.7454973,-74.00197139,member
515037,6B5ADF850F928882,docked_bike,2021-02-26 15:32:57,2021-02-26 15:52:55,E 2 St & 2 Ave,5593,Union Ave & Wallabout St,4818,40.725028,-73.990696,40.70029511,-73.95032283,casual
515039,11C454207ED197E3,docked_bike,2021-02-28 10:19:19,2021-02-28 10:40:47,E 2 St & 2 Ave,5593,Union Ave & Wallabout St,4818,40.725028,-73.990696,40.70029511,-73.95032283,member
515046,5343AC7E0A16A21B,docked_bike,2021-02-16 16:24:41,2021-02-16 16:40:32,E 2 St & 2 Ave,5593,Washington St & Gansevoort St,6039,40.725029,-73.990697,40.739323,-74.008119,member
515063,F0326068C09F6251,docked_bike,2021-02-26 09:44:36,2021-02-26 09:57:19,E 2 St & 2 Ave,5593,9 Ave & W 22 St,6266,40.725028,-73.990696,40.7454973,-74.00197139,casual
515518,137C4B8B1CAD63DB,docked_bike,2021-02-26 19:14:21,2021-02-26 19:18:17,E 2 St & 2 Ave,5593,E 11 St & 2 Ave,5746,40.725029,-73.990697,40.730473,-73.986724,member
515519,F6AC35FCA7CE2E21,docked_bike,2021-02-23 20:04:54,2021-02-23 20:08:15,E 2 St & 2 Ave,5593,E 11 St & 2 Ave,5746,40.725029,-73.990697,40.730473,-73.986724,member
517622,102412127C3D6901,docked_bike,2021-02-20 02:36:26,2021-02-20 02:40:28,E 1 St & 1 Ave,5593,Canal St & Rutgers St,5303,40.723355,-73.988649,40.71427487,-73.98990025,member
520064,464FBF5E95011919,docked_bike,2021-02-11 16:47:39,2021-02-11 16:56:30,E 2 St & 2 Ave,5593,Canal St & Rutgers St,5303,40.725028,-73.990696,40.71427487,-73.98990025,member
520095,B8C479A3DA4FC612,docked_bike,2021-02-10 12:16:49,2021-02-10 12:47:37,E 2 St & 2 Ave,5593,Canal St & Rutgers St,5303,40.725028,-73.990696,40.71427487,-73.98990025,casual
520100,217C96FD389C6A6C,docked_bike,2021-02-25 18:01:42,2021-02-25 18:08:51,E 2 St & 2 Ave,5593,Canal St & Rutgers St,5303,40.725028,-73.990696,40.71427487,-73.98990025,member
520102,EC02011C395FD3D0,docked_bike,2021-02-10 08:28:28,2021-02-10 08:35:30,E 2 St & 2 Ave,5593,Canal St & Rutgers St,5303,40.725029,-73.990697,40.714275,-73.9899,member
520178,89AFDCBFA7E07138,docked_bike,2021-02-22 16:06:16,2021-02-22 16:16:05,E 2 St & 2 Ave,5593,Canal St & Rutgers St,5303,40.725028,-73.990696,40.71427487,-73.98990025,member
522743,DE29478740E62C65,docked_bike,2021-02-18 19:39:58,2021-02-18 19:46:23,E 2 St & 2 Ave,5593,St James Pl & Oliver St,5238,40.725028,-73.990696,40.71307916,-73.99851193,member
522762,FD3BAAF3F288CFFC,docked_bike,2021-02-09 18:49:11,2021-02-09 18:55:36,E 2 St & 2 Ave,5593,St James Pl & Oliver St,5238,40.725028,-73.990696,40.71307916,-73.99851193,member
522770,130D03338CCFA50F,docked_bike,2021-02-26 08:00:50,2021-02-26 08:10:18,E 2 St & 2 Ave,5593,St James Pl & Oliver St,5238,40.725028,-73.990696,40.71307916,-73.99851193,member
522772,FE9BA90C7E3062E3,docked_bike,2021-02-23 19:04:13,2021-02-23 19:12:57,E 2 St & 2 Ave,5593,St James Pl & Oliver St,5238,40.725028,-73.990696,40.71307916,-73.99851193,member
522777,B9720F24079D7432,docked_bike,2021-02-21 10:28:24,2021-02-21 11:05:53,E 2 St & 2 Ave,5593,Wyckoff Av & Jefferson St,5051,40.725029,-73.990697,40.707165,-73.923711,member
525742,C757F952DCE4D00E,docked_bike,2021-02-24 13:30:18,2021-02-24 13:54:30,E 1 St & 1 Ave,5593,E 84 St & 1 Ave,7180,40.723355,-73.988649,40.77565541,-73.95068615,member
528389,A52504E6942BAEA9,docked_bike,2021-02-26 14:49:55,2021-02-26 15:05:12,E 4 St & 2 Ave,5593,E 33 St & 5 Ave,6322,40.726281,-73.98978,40.747659,-73.984907,casual
528391,DAFA4AF37D60F9DF,docked_bike,2021-02-13 17:12:59,2021-02-13 17:49:01,E 4 St & 2 Ave,5593,E 33 St & 5 Ave,6322,40.72628,-73.98978,40.74765947,-73.98490707,member
528393,B92ACE24F4697D3C,docked_bike,2021-02-10 10:53:56,2021-02-10 11:05:35,E 4 St & 2 Ave,5593,Reade St & Broadway,5247,40.72628,-73.98978,40.71450451,-74.00562789,member
528396,5FE5973F9B0CE34D,docked_bike,2021-02-14 13:05:52,2021-02-14 13:26:45,E 4 St & 2 Ave,5593,E 33 St & 5 Ave,6322,40.72628,-73.98978,40.74765947,-73.98490707,member
528481,046F99618D223380,docked_bike,2021-02-24 09:00:13,2021-02-24 09:15:23,E 4 St & 2 Ave,5593,Reade St & Broadway,5247,40.72628,-73.98978,40.71450451,-74.00562789,member
528773,EB1F78DD3B7C6662,docked_bike,2021-02-27 22:34:22,2021-02-27 22:56:30,E 4 St & 2 Ave,5593,Stagg St & Union Ave,5117,40.72628,-73.98978,40.70877084,-73.95095259,member
528774,915A3E5F1D8BFE18,docked_bike,2021-02-24 13:42:23,2021-02-24 14:05:33,E 4 St & 2 Ave,5593,Pier 40 - Hudson River Park,5696,40.72628,-73.98978,40.7277140777778,-74.01129573583603,casual
528778,824DBC4DA80A217C,docked_bike,2021-02-27 17:50:33,2021-02-27 18:47:28,E 4 St & 2 Ave,5593,Stagg St & Union Ave,5117,40.72628,-73.98978,40.70877084,-73.95095259,member
528779,2E1E9F6F043F75F0,docked_bike,2021-02-06 15:05:58,2021-02-06 15:19:28,E 4 St & 2 Ave,5593,S 5 Pl & S 5 St,5125,40.72628,-73.98978,40.710451,-73.960876,casual
528783,38872C023B7E35C9,docked_bike,2021-02-20 17:22:29,2021-02-20 17:42:18,E 4 St & 2 Ave,5593,S 5 Pl & S 5 St,5125,40.72628,-73.98978,40.710451,-73.960876,member
528788,11B30CF1597347EE,docked_bike,2021-02-24 17:08:40,2021-02-24 17:19:03,E 4 St & 2 Ave,5593,Pier 40 - Hudson River Park,5696,40.72628,-73.98978,40.7277140777778,-74.01129573583603,casual
528791,B0ADE3B94FF76F27,docked_bike,2021-02-11 09:41:36,2021-02-11 09:51:52,E 4 St & 2 Ave,5593,E 33 St & 5 Ave,6322,40.726281,-73.98978,40.747659,-73.984907,member
528799,29AD3319822C0821,docked_bike,2021-02-23 11:09:21,2021-02-23 11:34:54,E 4 St & 2 Ave,5593,8 Ave & W 52 St,6816,40.726281,-73.98978,40.763707,-73.985162,member
528802,5B6C44CB4241E8DA,docked_bike,2021-02-16 11:55:30,2021-02-16 12:07:38,E 4 St & 2 Ave,5593,S 5 Pl & S 5 St,5125,40.72628,-73.98978,40.710451,-73.960876,member
528803,49015C9E31B6A70A,docked_bike,2021-02-26 17:33:22,2021-02-26 17:46:30,E 4 St & 2 Ave,5593,S 5 Pl & S 5 St,5125,40.72628,-73.98978,40.710451,-73.960876,casual
528815,3B06F8798172D9F7,docked_bike,2021-02-21 13:25:10,2021-02-21 13:37:35,E 4 St & 2 Ave,5593,S 5 Pl & S 5 St,5125,40.72628,-73.98978,40.710451,-73.960876,member
528816,38A24B2CACB74690,docked_bike,2021-02-11 18:23:18,2021-02-11 18:44:05,E 4 St & 2 Ave,5593,8 Ave & W 52 St,6816,40.726281,-73.98978,40.763707,-73.985162,member
528824,1256E7396C360132,docked_bike,2021-02-23 08:16:24,2021-02-23 08:27:47,E 4 St & 2 Ave,5593,S 5 Pl & S 5 St,5125,40.72628,-73.98978,40.710451,-73.960876,member
528829,9A17277F6E318451,docked_bike,2021-02-24 18:36:27,2021-02-24 19:06:57,E 4 St & 2 Ave,5593,8 Ave & W 52 St,6816,40.72628,-73.98978,40.76370739,-73.9851615,member
529621,47EA2C3A7FC7CFFA,docked_bike,2021-02-24 15:20:13,2021-02-24 15:25:17,E 4 St & 2 Ave,5593,E 20 St & Park Ave,6055,40.726281,-73.98978,40.738274,-73.98752,member
529622,0273698BBC98FC71,docked_bike,2021-02-15 12:52:37,2021-02-15 13:25:40,E 4 St & 2 Ave,5593,Cadman Plaza E & Tillary St,4677,40.726281,-73.98978,40.695977,-73.990149,member
529624,6825D3F9DE9488FF,docked_bike,2021-02-13 23:01:31,2021-02-13 23:40:49,E 4 St & 2 Ave,5593,38 Ave & 29 St,6538,40.72628,-73.98978,40.75473,-73.93367,member
529625,236E357042D3ABB1,docked_bike,2021-02-10 00:13:03,2021-02-10 00:53:58,E 4 St & 2 Ave,5593,38 Ave & 29 St,6538,40.726281,-73.98978,40.75473,-73.93367,member
529626,858325B0C03B4E28,docked_bike,2021-02-24 22:41:35,2021-02-24 23:15:14,E 4 St & 2 Ave,5593,38 Ave & 29 St,6538,40.72628,-73.98978,40.75473,-73.93367,member
529627,4258EF1381A5F40D,docked_bike,2021-02-27 01:47:09,2021-02-27 02:12:15,E 4 St & 2 Ave,5593,38 Ave & 29 St,6538,40.72628,-73.98978,40.75473,-73.93367,member
529628,F2C1D32A7AF053BB,docked_bike,2021-02-17 22:45:15,2021-02-17 23:22:23,E 4 St & 2 Ave,5593,38 Ave & 29 St,6538,40.72628,-73.98978,40.75473,-73.93367,member
529629,A094239FA35C5E8E,docked_bike,2021-02-17 02:23:21,2021-02-17 02:49:12,E 4 St & 2 Ave,5593,38 Ave & 29 St,6538,40.72628,-73.98978,40.75473,-73.93367,member
529631,FF18EC520FE33C78,docked_bike,2021-02-22 06:33:02,2021-02-22 07:01:51,E 4 St & 2 Ave,5593,Cadman Plaza E & Tillary St,4677,40.726281,-73.98978,40.695977,-73.990149,member
529632,199EDDD543F8AD88,docked_bike,2021-02-24 07:00:28,2021-02-24 07:27:49,E 4 St & 2 Ave,5593,Cadman Plaza E & Tillary St,4677,40.726281,-73.98978,40.695977,-73.990149,member
529641,1389B612DA7EAA95,docked_bike,2021-02-25 06:35:55,2021-02-25 07:03:42,E 4 St & 2 Ave,5593,Cadman Plaza E & Tillary St,4677,40.726281,-73.98978,40.695977,-73.990149,member
529643,567FF96891D8B87B,docked_bike,2021-02-17 19:11:26,2021-02-17 19:37:37,E 4 St & 2 Ave,5593,Graham Ave & Withers St,5403,40.72628,-73.98978,40.7169811,-73.94485918,member
529644,8A74D7C98C9B326F,docked_bike,2021-02-10 21:39:40,2021-02-10 22:34:38,E 4 St & 2 Ave,5593,Cadman Plaza E & Tillary St,4677,40.72628,-73.98978,40.69597683,-73.99014892,casual
529653,D9C1879E637FB989,docked_bike,2021-02-05 19:55:38,2021-02-05 20:03:42,E 4 St & 2 Ave,5593,E 20 St & Park Ave,6055,40.72628,-73.98978,40.73827428,-73.98751968,member
529655,1D824F2EF4035303,docked_bike,2021-02-16 07:44:12,2021-02-16 08:09:24,E 4 St & 2 Ave,5593,Cadman Plaza E & Tillary St,4677,40.726281,-73.98978,40.695977,-73.990149,member
529661,AC4B64F6F0D96419,docked_bike,2021-02-21 11:31:14,2021-02-21 11:59:34,E 4 St & 2 Ave,5593,Cadman Plaza E & Tillary St,4677,40.726281,-73.98978,40.695977,-73.990149,member
529662,1E3532758AC2522C,docked_bike,2021-02-23 07:19:32,2021-02-23 07:49:48,E 4 St & 2 Ave,5593,Cadman Plaza E & Tillary St,4677,40.726281,-73.98978,40.695977,-73.990149,member
529664,F19B2AC9741FA5D2,docked_bike,2021-02-25 07:01:59,2021-02-25 07:11:42,E 4 St & 2 Ave,5593,E 20 St & Park Ave,6055,40.72628,-73.98978,40.73827428,-73.98751968,casual
529665,BC8AF9128187E16C,docked_bike,2021-02-27 14:32:47,2021-02-27 14:44:21,E 4 St & 2 Ave,5593,E 20 St & Park Ave,6055,40.72628,-73.98978,40.73827428,-73.98751968,member
529667,7EEBAC808949B640,docked_bike,2021-02-26 17:05:20,2021-02-26 17:16:26,E 4 St & 2 Ave,5593,E 20 St & Park Ave,6055,40.72628,-73.98978,40.73827428,-73.98751968,member
530022,20590A751189856A,docked_bike,2021-02-14 19:51:25,2021-02-14 20:04:20,E 4 St & 2 Ave,5593,Stanton St & Mangin St,5326,40.72628,-73.98978,40.71782143,-73.97628939,casual
530024,8F67397959D79BF5,docked_bike,2021-02-16 18:12:52,2021-02-16 18:25:02,E 4 St & 2 Ave,5593,Grand St & Greene St,5500,40.72628,-73.98978,40.72170005235607,-74.00238141417502,member
530026,5CC2401252757CB3,docked_bike,2021-02-08 14:38:33,2021-02-08 14:53:21,E 4 St & 2 Ave,5593,Grand St & Greene St,5500,40.72628,-73.98978,40.72170005235607,-74.00238141417502,member
530028,67BC01E67D91803E,docked_bike,2021-02-10 09:22:56,2021-02-10 09:46:27,E 4 St & 2 Ave,5593,Grand St & Greene St,5500,40.726281,-73.98978,40.7217,-74.002381,casual
530029,9A202FCF45A58653,docked_bike,2021-02-06 17:22:03,2021-02-06 17:38:35,E 4 St & 2 Ave,5593,Grand St & Greene St,5500,40.726281,-73.98978,40.7217,-74.002381,member
530030,2596F46ABC2A3B19,docked_bike,2021-02-21 13:51:26,2021-02-21 14:14:11,E 4 St & 2 Ave,5593,Grand St & Greene St,5500,40.72628,-73.98978,40.72170005235607,-74.00238141417502,member
530031,40E64B750612BBC8,docked_bike,2021-02-14 16:56:53,2021-02-14 17:21:21,E 4 St & 2 Ave,5593,Grand St & Greene St,5500,40.72628,-73.98978,40.72170005235607,-74.00238141417502,member
530032,50089620FA59C5C1,docked_bike,2021-02-19 17:51:11,2021-02-19 18:05:21,E 4 St & 2 Ave,5593,Stanton St & Mangin St,5326,40.72628,-73.98978,40.71782143,-73.97628939,member
530033,F41C04819F16A494,docked_bike,2021-02-09 15:42:47,2021-02-09 15:50:44,E 4 St & 2 Ave,5593,Grand St & Greene St,5500,40.72628,-73.98978,40.72170005235607,-74.00238141417502,member
530038,026D5D7A74225CD1,docked_bike,2021-02-16 17:11:26,2021-02-16 17:23:59,E 4 St & 2 Ave,5593,Grand St & Greene St,5500,40.72628,-73.98978,40.72170005235607,-74.00238141417502,casual
530051,BF283489A2872B7C,docked_bike,2021-02-11 16:18:04,2021-02-11 16:35:21,E 4 St & 2 Ave,5593,Grand St & Greene St,5500,40.72628,-73.98978,40.72170005235607,-74.00238141417502,member
530052,53D5FB1090C3C10B,docked_bike,2021-02-20 11:58:27,2021-02-20 12:18:09,E 4 St & 2 Ave,5593,Grand St & Greene St,5500,40.72628,-73.98978,40.72170005235607,-74.00238141417502,member
530053,068CCB1AEC3A8F7C,docked_bike,2021-02-27 18:24:46,2021-02-27 18:34:03,E 4 St & 2 Ave,5593,Grand St & Greene St,5500,40.72628,-73.98978,40.72170005235607,-74.00238141417502,member
530055,6B2F15BD6CCA4995,docked_bike,2021-02-08 19:19:01,2021-02-08 19:27:13,E 4 St & 2 Ave,5593,Grand St & Greene St,5500,40.72628,-73.98978,40.72170005235607,-74.00238141417502,member
530059,D5B2C7B3900E7A83,docked_bike,2021-02-15 14:16:17,2021-02-15 15:03:42,E 4 St & 2 Ave,5593,St Johns Pl & Washington Ave,4001,40.72628,-73.98978,40.6737236,-73.9631611,member
530063,03F382A96E914C5B,docked_bike,2021-02-22 15:57:06,2021-02-22 16:04:35,E 4 St & 2 Ave,5593,Grand St & Greene St,5500,40.72628,-73.98978,40.72170005235607,-74.00238141417502,member
530065,23F9EE514C35A2A2,docked_bike,2021-02-13 17:37:33,2021-02-13 17:46:07,E 4 St & 2 Ave,5593,Grand St & Greene St,5500,40.72628,-73.98978,40.72170005235607,-74.00238141417502,member
530066,DECEB4FB1E7FFB6C,docked_bike,2021-02-05 17:36:59,2021-02-05 17:46:33,E 4 St & 2 Ave,5593,Grand St & Greene St,5500,40.72628,-73.98978,40.72170005235607,-74.00238141417502,member
530067,DE9E2D57778570ED,docked_bike,2021-02-23 19:22:46,2021-02-23 19:43:57,E 4 St & 2 Ave,5593,Grand St & Greene St,5500,40.72628,-73.98978,40.72170005235607,-74.00238141417502,member
530068,2E78160BFC6DBA95,docked_bike,2021-02-17 13:01:41,2021-02-17 13:22:03,E 4 St & 2 Ave,5593,Grand St & Greene St,5500,40.72628,-73.98978,40.72170005235607,-74.00238141417502,member
530079,DDBEF960EFA64EF7,docked_bike,2021-02-16 14:38:50,2021-02-16 14:47:24,E 4 St & 2 Ave,5593,Grand St & Greene St,5500,40.726281,-73.98978,40.7217,-74.002381,member
530080,AD6208B1C1B4A44C,docked_bike,2021-02-09 13:51:22,2021-02-09 14:08:18,E 4 St & 2 Ave,5593,W 20 St & 10 Ave,6306,40.726281,-73.98978,40.745686,-74.005141,member
530082,367EA8DB72E9A1AE,docked_bike,2021-02-09 15:36:23,2021-02-09 15:43:41,E 4 St & 2 Ave,5593,Stanton St & Mangin St,5326,40.72628,-73.98978,40.71782143,-73.97628939,member
530343,D42AA401C175A4FE,docked_bike,2021-02-17 18:19:57,2021-02-17 18:28:17,E 4 St & 2 Ave,5593,Grand St & Greene St,5500,40.72628,-73.98978,40.72170005235607,-74.00238141417502,member
530344,096CC670D1C32D34,docked_bike,2021-02-20 16:13:21,2021-02-20 16:22:06,E 4 St & 2 Ave,5593,Grand St & Greene St,5500,40.72628,-73.98978,40.72170005235607,-74.00238141417502,member
530345,22D69DA4C5359709,docked_bike,2021-02-12 08:25:23,2021-02-12 08:34:27,E 4 St & 2 Ave,5593,Grand St & Greene St,5500,40.72628,-73.98978,40.72170005235607,-74.00238141417502,member
530346,97808F15339A8D6A,docked_bike,2021-02-24 14:52:28,2021-02-24 14:54:29,E 2 St & 2 Ave,5593,Great Jones St,5636,40.725028,-73.990696,40.72743423,-73.99379025,member
530348,1A3E9E355EEB5EB0,docked_bike,2021-02-13 14:08:43,2021-02-13 14:10:44,E 2 St & 2 Ave,5593,Great Jones St,5636,40.725028,-73.990696,40.72743423,-73.99379025,member
530365,FDD5803453344B92,docked_bike,2021-02-24 11:59:17,2021-02-24 12:23:07,E 2 St & 2 Ave,5593,Great Jones St,5636,40.725028,-73.990696,40.72743423,-73.99379025,member
530370,74762051C074A3A8,docked_bike,2021-02-13 22:20:05,2021-02-13 22:30:40,E 2 St & 2 Ave,5593,Front St & Maiden Ln,5024,40.725029,-73.990697,40.70531,-74.006126,member
530402,C01A0B7EBE45EBB1,docked_bike,2021-02-08 12:07:42,2021-02-08 12:24:35,E 2 St & 2 Ave,5593,Great Jones St,5636,40.725028,-73.990696,40.72743423,-73.99379025,member
531678,5C65AF1B42361B9F,docked_bike,2021-02-17 07:18:34,2021-02-17 07:38:09,E 4 St & 2 Ave,5593,W 51 St & 6 Ave,6740,40.72628,-73.98978,40.7606597,-73.98042047,member
531684,4622740E9816267F,docked_bike,2021-02-20 15:32:57,2021-02-20 15:51:51,E 4 St & 2 Ave,5593,Columbia St & Kane St,4422,40.72628,-73.98978,40.68763155,-74.0016256,member
531686,325797092CBEEAC1,docked_bike,2021-02-27 15:46:45,2021-02-27 16:16:20,E 4 St & 2 Ave,5593,Great Jones St,5636,40.72628,-73.98978,40.72743423,-73.99379025,member
531688,C2C378FA8B660041,docked_bike,2021-02-16 13:46:35,2021-02-16 13:49:23,E 4 St & 2 Ave,5593,Great Jones St,5636,40.726281,-73.98978,40.727434,-73.99379,member
531691,226B443EF6FD551E,docked_bike,2021-02-22 08:24:32,2021-02-22 08:26:48,E 4 St & 2 Ave,5593,Great Jones St,5636,40.72628,-73.98978,40.72743423,-73.99379025,member
531694,B3CA006CB8B36C37,docked_bike,2021-02-09 18:48:41,2021-02-09 19:18:21,E 4 St & 2 Ave,5593,Great Jones St,5636,40.72628,-73.98978,40.72743423,-73.99379025,member
531695,8F1E0845A7C1631C,docked_bike,2021-02-25 09:35:53,2021-02-25 09:37:49,E 4 St & 2 Ave,5593,Great Jones St,5636,40.72628,-73.98978,40.72743423,-73.99379025,member
531696,29FEDC791D49759D,docked_bike,2021-02-25 07:02:06,2021-02-25 07:18:55,E 4 St & 2 Ave,5593,W 51 St & 6 Ave,6740,40.72628,-73.98978,40.7606597,-73.98042047,member
531697,3C3950480A9F5350,docked_bike,2021-02-07 22:59:15,2021-02-07 23:08:15,E 4 St & 2 Ave,5593,Front St & Maiden Ln,5024,40.72628,-73.98978,40.70530954,-74.00612572,member
531699,2D228BD4E71733F7,docked_bike,2021-02-12 07:19:55,2021-02-12 07:41:58,E 4 St & 2 Ave,5593,W 51 St & 6 Ave,6740,40.72628,-73.98978,40.7606597,-73.98042047,member
531703,8316F58753086EE4,docked_bike,2021-02-24 13:03:53,2021-02-24 13:06:21,E 4 St & 2 Ave,5593,Great Jones St,5636,40.726281,-73.98978,40.727434,-73.99379,member
531704,3C8B1E7CEB6481F6,docked_bike,2021-02-24 16:38:45,2021-02-24 16:40:21,E 4 St & 2 Ave,5593,Great Jones St,5636,40.726281,-73.98978,40.727434,-73.99379,member
531711,8DB089535256A97D,docked_bike,2021-02-06 12:03:20,2021-02-06 12:06:28,E 4 St & 2 Ave,5593,Great Jones St,5636,40.72628,-73.98978,40.72743423,-73.99379025,member
531715,5D3CD9BC7AD45685,docked_bike,2021-02-23 11:03:04,2021-02-23 11:05:42,E 4 St & 2 Ave,5593,Great Jones St,5636,40.72628,-73.98978,40.72743423,-73.99379025,member
531717,F722863D18EF4302,docked_bike,2021-02-22 09:48:00,2021-02-22 09:49:43,E 4 St & 2 Ave,5593,Great Jones St,5636,40.72628,-73.98978,40.72743423,-73.99379025,member
531720,E5ABD145822C5B35,docked_bike,2021-02-28 22:14:01,2021-02-28 22:16:44,E 4 St & 2 Ave,5593,Great Jones St,5636,40.72628,-73.98978,40.72743423,-73.99379025,member
531722,4EBDE8B5C8267E7F,docked_bike,2021-02-19 11:07:52,2021-02-19 11:14:46,E 4 St & 2 Ave,5593,Madison St & Montgomery St,5262,40.72628,-73.98978,40.713126,-73.984844,member
532308,5BFECE9B271CC7A0,docked_bike,2021-02-08 16:55:12,2021-02-08 17:22:10,E 4 St & 2 Ave,5593,Madison St & Clinton St,5190,40.72628,-73.98978,40.71269042,-73.98776323,member
532315,5F6799FB9AC29FA6,docked_bike,2021-02-05 15:41:44,2021-02-05 15:50:43,E 4 St & 2 Ave,5593,W 4 St & 7 Ave S,5880,40.72628,-73.98978,40.73401143,-74.00293877,member
532316,90E9F60417BA9007,docked_bike,2021-02-16 15:43:19,2021-02-16 15:53:26,E 4 St & 2 Ave,5593,W 4 St & 7 Ave S,5880,40.72628,-73.98978,40.73401143,-74.00293877,member
532319,254206C358A769CC,docked_bike,2021-02-26 15:27:40,2021-02-26 15:38:08,E 4 St & 2 Ave,5593,W 4 St & 7 Ave S,5880,40.726281,-73.98978,40.734011,-74.002939,casual
532321,9EB1471E2247892D,docked_bike,2021-02-08 18:32:13,2021-02-08 18:43:27,E 4 St & 2 Ave,5593,W 4 St & 7 Ave S,5880,40.72628,-73.98978,40.73401143,-74.00293877,member
532324,E0A5D720E7F7E017,docked_bike,2021-02-04 18:12:40,2021-02-04 18:25:49,E 4 St & 2 Ave,5593,Madison St & Clinton St,5190,40.726281,-73.98978,40.71269,-73.987763,member
532327,1992FFEC6632F29E,docked_bike,2021-02-26 22:31:34,2021-02-26 22:43:19,E 4 St & 2 Ave,5593,Grand St & Samuel Dickstein Plaza,5335,40.72628,-73.98978,40.71511871996496,-73.98417055606842,member
532328,15F4739C7BF0FBAF,docked_bike,2021-02-28 13:20:21,2021-02-28 13:27:08,E 4 St & 2 Ave,5593,W 4 St & 7 Ave S,5880,40.72628,-73.98978,40.73401143,-74.00293877,member
532335,B80F535B566BBFC9,docked_bike,2021-02-27 15:51:25,2021-02-27 15:58:03,E 4 St & 2 Ave,5593,W 4 St & 7 Ave S,5880,40.72628,-73.98978,40.73401143,-74.00293877,member
532339,7C34C9AC4203FAF1,docked_bike,2021-02-25 14:33:29,2021-02-25 14:44:41,E 4 St & 2 Ave,5593,W 4 St & 7 Ave S,5880,40.726281,-73.98978,40.734011,-74.002939,member
532340,A961FEAE2611F581,docked_bike,2021-02-07 19:25:12,2021-02-07 19:37:25,E 4 St & 2 Ave,5593,Madison St & Clinton St,5190,40.726281,-73.98978,40.71269,-73.987763,member
532344,0BC9132615FA46A5,docked_bike,2021-02-26 18:54:52,2021-02-26 19:01:39,E 4 St & 2 Ave,5593,W 4 St & 7 Ave S,5880,40.72628,-73.98978,40.73401143,-74.00293877,member
532381,A67BCAC37BCDEAD4,docked_bike,2021-02-27 23:26:59,2021-02-27 23:32:55,E 4 St & 2 Ave,5593,W 4 St & 7 Ave S,5880,40.72628,-73.98978,40.73401143,-74.00293877,member
532383,92B2B7BB52C3D425,docked_bike,2021-02-16 15:21:38,2021-02-16 15:28:57,E 4 St & 2 Ave,5593,W 4 St & 7 Ave S,5880,40.72628,-73.98978,40.73401143,-74.00293877,member
532389,7D0C733034C050EC,docked_bike,2021-02-22 17:30:25,2021-02-22 17:39:57,E 4 St & 2 Ave,5593,Madison St & Clinton St,5190,40.72628,-73.98978,40.71269042,-73.98776323,member
532390,383EB7B127E2CC33,docked_bike,2021-02-15 18:17:34,2021-02-15 18:30:07,E 4 St & 2 Ave,5593,Madison St & Clinton St,5190,40.72628,-73.98978,40.71269042,-73.98776323,member
532391,0464B361FD531FE3,docked_bike,2021-02-11 18:19:37,2021-02-11 18:31:11,E 4 St & 2 Ave,5593,Madison St & Clinton St,5190,40.726281,-73.98978,40.71269,-73.987763,member
532394,FF9CDF08563F93D8,docked_bike,2021-02-12 17:31:40,2021-02-12 17:40:11,E 4 St & 2 Ave,5593,W 4 St & 7 Ave S,5880,40.72628,-73.98978,40.73401143,-74.00293877,casual
532418,2BC4387C50DB1233,docked_bike,2021-02-08 18:02:35,2021-02-08 18:15:47,E 4 St & 2 Ave,5593,Madison St & Clinton St,5190,40.726281,-73.98978,40.71269,-73.987763,member
532419,65A95A2028BB6B45,docked_bike,2021-02-09 18:17:28,2021-02-09 18:27:08,E 4 St & 2 Ave,5593,Madison St & Clinton St,5190,40.726281,-73.98978,40.71269,-73.987763,member
532440,A9433A61CE2C59F5,docked_bike,2021-02-08 18:32:31,2021-02-08 18:43:30,E 4 St & 2 Ave,5593,W 4 St & 7 Ave S,5880,40.72628,-73.98978,40.73401143,-74.00293877,member
533607,418A98F605BE4342,docked_bike,2021-02-17 15:55:12,2021-02-17 16:28:27,E 2 St & 2 Ave,5593,W 74 St & Columbus Ave,7230,40.725029,-73.990697,40.778567,-73.97755,member
533622,4017B4CEC1AF9CC0,docked_bike,2021-02-24 16:10:27,2021-02-24 16:27:39,E 2 St & 2 Ave,5593,Clark St & Henry St,4789,40.725028,-73.990696,40.69760127,-73.99344559,member
534418,6F186639F43B789E,docked_bike,2021-02-04 14:56:07,2021-02-04 15:11:25,E 4 St & 2 Ave,5593,W 31 St & 7 Ave,6331,40.726281,-73.98978,40.749156,-73.9916,member
534868,FB2881F024057302,docked_bike,2021-02-21 10:15:48,2021-02-21 10:23:58,E 2 St & 2 Ave,5593,Lispenard St & Broadway,5391,40.725028,-73.990696,40.71939226,-74.00247214,member
534876,9B4126797979D94B,docked_bike,2021-02-27 14:53:18,2021-02-27 15:05:18,E 1 St & 1 Ave,5593,Lispenard St & Broadway,5391,40.723355,-73.988649,40.71939226,-74.00247214,member
536063,0695249A210D298A,docked_bike,2021-02-15 11:22:27,2021-02-15 11:42:04,E 4 St & 2 Ave,5593,Barclay St & Church St,5216,40.726281,-73.98978,40.712912,-74.010202,member
536071,80A3C3B371EFF7D5,docked_bike,2021-02-05 13:09:31,2021-02-05 13:21:42,E 4 St & 2 Ave,5593,Lispenard St & Broadway,5391,40.726281,-73.98978,40.719392,-74.002472,member
536073,8009BDA4E8B6F767,docked_bike,2021-02-24 09:28:19,2021-02-24 09:36:32,E 4 St & 2 Ave,5593,Lispenard St & Broadway,5391,40.72628,-73.98978,40.71939226,-74.00247214,member
536086,66D32730033A75D7,docked_bike,2021-02-05 13:09:53,2021-02-05 13:21:36,E 4 St & 2 Ave,5593,Lispenard St & Broadway,5391,40.726281,-73.98978,40.719392,-74.002472,member
536106,C707CF90DBB2A1BC,docked_bike,2021-02-24 14:03:21,2021-02-24 14:22:41,E 4 St & 2 Ave,5593,Barclay St & Church St,5216,40.72628,-73.98978,40.71291224,-74.01020234,member
536126,2749E5065D36D595,docked_bike,2021-02-13 16:13:58,2021-02-13 16:20:46,E 4 St & 2 Ave,5593,Lispenard St & Broadway,5391,40.72628,-73.98978,40.71939226,-74.00247214,casual
536137,4A89A2432C183816,docked_bike,2021-02-26 22:50:16,2021-02-26 23:17:39,E 4 St & 2 Ave,5593,E 95 St & 3 Ave,7365,40.72628,-73.98978,40.7849032,-73.950503,member
536606,3019A67CCE23F9DE,docked_bike,2021-02-06 10:51:36,2021-02-06 11:04:08,E 4 St & 2 Ave,5593,E 47 St & 2 Ave,6498,40.726281,-73.98978,40.753231,-73.970325,member
536837,462879E7C886778E,docked_bike,2021-02-09 15:36:40,2021-02-09 15:42:12,E 4 St & 2 Ave,5593,4 Ave & E 12 St,5788,40.726281,-73.98978,40.732647,-73.99011,member
536838,3057722C5BF1ECF1,docked_bike,2021-02-26 15:17:09,2021-02-26 15:30:23,E 4 St & 2 Ave,5593,4 Ave & E 12 St,5788,40.726281,-73.98978,40.732647,-73.99011,member
536842,42B5DEA819E91557,docked_bike,2021-02-08 10:14:56,2021-02-08 10:19:44,E 4 St & 2 Ave,5593,4 Ave & E 12 St,5788,40.72628,-73.98978,40.732647,-73.99011,member
536844,2B7EEB2EA5DA03B8,docked_bike,2021-02-27 12:07:07,2021-02-27 12:10:57,E 4 St & 2 Ave,5593,4 Ave & E 12 St,5788,40.72628,-73.98978,40.732647,-73.99011,member
536858,9A73B5BDBB6984D4,docked_bike,2021-02-14 16:21:17,2021-02-14 16:31:09,E 4 St & 2 Ave,5593,E 25 St & 2 Ave,6046,40.72628,-73.98978,40.73912601,-73.97973776,member
536859,94B5417A3A6ED3FE,docked_bike,2021-02-26 09:47:36,2021-02-26 09:53:24,E 4 St & 2 Ave,5593,Forsyth St & Canal St,5270,40.72628,-73.98978,40.7158155,-73.99422366,casual
536867,6787D0C7788D3CDC,docked_bike,2021-02-05 11:47:29,2021-02-05 11:50:45,E 4 St & 2 Ave,5593,4 Ave & E 12 St,5788,40.72628,-73.98978,40.732647,-73.99011,member
536882,2513C056C7C8829B,docked_bike,2021-02-25 15:11:36,2021-02-25 15:16:01,E 4 St & 2 Ave,5593,4 Ave & E 12 St,5788,40.726281,-73.98978,40.732647,-73.99011,member
536883,8E141CE9EC6A49A0,docked_bike,2021-02-08 14:01:26,2021-02-08 14:07:10,E 4 St & 2 Ave,5593,4 Ave & E 12 St,5788,40.726281,-73.98978,40.732647,-73.99011,member
536884,BC89889D71618B15,docked_bike,2021-02-16 14:35:54,2021-02-16 14:41:37,E 4 St & 2 Ave,5593,4 Ave & E 12 St,5788,40.726281,-73.98978,40.732647,-73.99011,member
536885,ADA605D54BF5ACF3,docked_bike,2021-02-22 15:13:08,2021-02-22 15:18:08,E 4 St & 2 Ave,5593,4 Ave & E 12 St,5788,40.726281,-73.98978,40.732647,-73.99011,member
536886,166E9832B61DA93D,docked_bike,2021-02-24 15:14:54,2021-02-24 15:22:29,E 4 St & 2 Ave,5593,4 Ave & E 12 St,5788,40.726281,-73.98978,40.732647,-73.99011,member
536888,5A0CFF308FFEAB32,docked_bike,2021-02-27 12:47:02,2021-02-27 13:21:54,E 4 St & 2 Ave,5593,Forsyth St & Canal St,5270,40.72628,-73.98978,40.7158155,-73.99422366,member
536889,E8A382C604C5DD59,docked_bike,2021-02-26 08:59:57,2021-02-26 09:09:24,E 4 St & 2 Ave,5593,E 25 St & 2 Ave,6046,40.72628,-73.98978,40.73912601,-73.97973776,casual
536902,55B910A3908C5F61,docked_bike,2021-02-11 18:27:30,2021-02-11 18:34:57,E 4 St & 2 Ave,5593,Forsyth St & Canal St,5270,40.72628,-73.98978,40.7158155,-73.99422366,casual
536905,BDD1C07A1E1220DA,docked_bike,2021-02-17 17:23:08,2021-02-17 17:29:21,E 4 St & 2 Ave,5593,Forsyth St & Canal St,5270,40.72628,-73.98978,40.7158155,-73.99422366,member
536907,E0F510EE0A07A74A,docked_bike,2021-02-15 16:41:15,2021-02-15 16:45:05,E 4 St & 2 Ave,5593,4 Ave & E 12 St,5788,40.72628,-73.98978,40.732647,-73.99011,member
536917,F3AD7E7A03C4EF61,docked_bike,2021-02-25 11:04:47,2021-02-25 11:09:00,E 4 St & 2 Ave,5593,4 Ave & E 12 St,5788,40.72628,-73.98978,40.732647,-73.99011,member
536919,7DFC67CEDDAE85B9,docked_bike,2021-02-06 19:04:54,2021-02-06 19:11:10,E 4 St & 2 Ave,5593,4 Ave & E 12 St,5788,40.72628,-73.98978,40.732647,-73.99011,member
536922,9D5CA5B59BE15512,docked_bike,2021-02-25 08:53:26,2021-02-25 09:02:43,E 4 St & 2 Ave,5593,E 25 St & 2 Ave,6046,40.72628,-73.98978,40.73912601,-73.97973776,casual
536924,4532F1123D7B765B,docked_bike,2021-02-11 15:19:47,2021-02-11 15:25:23,E 4 St & 2 Ave,5593,4 Ave & E 12 St,5788,40.726281,-73.98978,40.732647,-73.99011,member
536929,09801ACA5DDCD243,docked_bike,2021-02-16 20:22:32,2021-02-16 20:33:13,E 4 St & 2 Ave,5593,E 25 St & 2 Ave,6046,40.72628,-73.98978,40.73912601,-73.97973776,member
536934,9E8C36B9B05CBECD,docked_bike,2021-02-12 15:14:53,2021-02-12 15:21:47,E 4 St & 2 Ave,5593,4 Ave & E 12 St,5788,40.726281,-73.98978,40.732647,-73.99011,member
536935,2304FC0847DA2C3B,docked_bike,2021-02-23 15:21:05,2021-02-23 15:25:16,E 4 St & 2 Ave,5593,4 Ave & E 12 St,5788,40.726281,-73.98978,40.732647,-73.99011,member
536937,C880FBD28117CBB1,docked_bike,2021-02-24 18:07:26,2021-02-24 18:14:23,E 4 St & 2 Ave,5593,E 25 St & 2 Ave,6046,40.72628,-73.98978,40.73912601,-73.97973776,member
536941,345E6EEC61292B22,docked_bike,2021-02-20 14:15:06,2021-02-20 14:20:24,E 4 St & 2 Ave,5593,4 Ave & E 12 St,5788,40.726281,-73.98978,40.732647,-73.99011,member
536944,F3228CEFBC84D8A3,docked_bike,2021-02-13 19:33:09,2021-02-13 19:44:06,E 4 St & 2 Ave,5593,E 25 St & 2 Ave,6046,40.726281,-73.98978,40.739126,-73.979738,casual
536946,104E4F08B263FB3A,docked_bike,2021-02-11 19:24:17,2021-02-11 19:31:24,E 4 St & 2 Ave,5593,Forsyth St & Canal St,5270,40.72628,-73.98978,40.7158155,-73.99422366,casual
536962,E2BEF95EDBCEA4CB,docked_bike,2021-02-27 23:45:09,2021-02-28 00:02:27,E 4 St & 2 Ave,5593,E 25 St & 2 Ave,6046,40.72628,-73.98978,40.73912601,-73.97973776,casual
536964,73594DD7A00C7DDE,docked_bike,2021-02-20 11:09:55,2021-02-20 11:13:15,E 4 St & 2 Ave,5593,4 Ave & E 12 St,5788,40.72628,-73.98978,40.732647,-73.99011,member
536965,A5D7CF75AD8B74E5,docked_bike,2021-02-21 16:19:03,2021-02-21 16:23:25,E 4 St & 2 Ave,5593,4 Ave & E 12 St,5788,40.72628,-73.98978,40.732647,-73.99011,member
536966,E8B0E8C5BBD8762C,docked_bike,2021-02-23 17:30:00,2021-02-23 17:32:40,E 4 St & 2 Ave,5593,4 Ave & E 12 St,5788,40.72628,-73.98978,40.732647,-73.99011,member
536972,8EDDEA4949396727,docked_bike,2021-02-24 15:06:59,2021-02-24 15:12:13,E 4 St & 2 Ave,5593,Forsyth St & Canal St,5270,40.72628,-73.98978,40.7158155,-73.99422366,casual
536977,1FC587649D3E9DC4,docked_bike,2021-02-15 13:33:19,2021-02-15 13:39:17,E 4 St & 2 Ave,5593,Forsyth St & Canal St,5270,40.72628,-73.98978,40.7158155,-73.99422366,casual
536981,AD9B12AFD7E96A39,docked_bike,2021-02-26 12:16:07,2021-02-26 12:24:02,E 4 St & 2 Ave,5593,Forsyth St & Canal St,5270,40.72628,-73.98978,40.7158155,-73.99422366,member
536983,3398AA8BE260F60B,docked_bike,2021-02-16 13:51:38,2021-02-16 13:58:13,E 4 St & 2 Ave,5593,Forsyth St & Canal St,5270,40.72628,-73.98978,40.7158155,-73.99422366,casual
537021,F0F5CEB3F3894323,docked_bike,2021-02-13 15:24:50,2021-02-13 15:39:20,E 4 St & 2 Ave,5593,Forsyth St & Canal St,5270,40.72628,-73.98978,40.7158155,-73.99422366,member
537022,3F8C853D49B81F78,docked_bike,2021-02-22 17:21:53,2021-02-22 17:28:27,E 4 St & 2 Ave,5593,Forsyth St & Canal St,5270,40.72628,-73.98978,40.7158155,-73.99422366,casual
537023,9574ED13F791DC4D,docked_bike,2021-02-06 11:41:13,2021-02-06 11:46:35,E 4 St & 2 Ave,5593,Forsyth St & Canal St,5270,40.726281,-73.98978,40.715816,-73.994224,member
537024,EBC0638264B2C56E,docked_bike,2021-02-27 20:47:35,2021-02-27 20:52:32,E 4 St & 2 Ave,5593,Forsyth St & Canal St,5270,40.72628,-73.98978,40.7158155,-73.99422366,member
537026,F2E2F6C6BC6FA9A0,docked_bike,2021-02-14 12:02:24,2021-02-14 12:08:16,E 4 St & 2 Ave,5593,4 Ave & E 12 St,5788,40.72628,-73.98978,40.732647,-73.99011,member
537027,73B6E21E4CA4640B,docked_bike,2021-02-05 17:57:42,2021-02-05 18:05:58,E 4 St & 2 Ave,5593,Forsyth St & Canal St,5270,40.72628,-73.98978,40.7158155,-73.99422366,member
537030,1EA9167C3DB63F30,docked_bike,2021-02-24 10:30:10,2021-02-24 10:40:08,E 4 St & 2 Ave,5593,E 25 St & 2 Ave,6046,40.726281,-73.98978,40.739126,-73.979738,member
537031,6BB6BF35BA091FBA,docked_bike,2021-02-24 09:03:03,2021-02-24 09:11:13,E 4 St & 2 Ave,5593,E 25 St & 2 Ave,6046,40.72628,-73.98978,40.73912601,-73.97973776,casual
537036,BCA240FA0A971741,docked_bike,2021-02-26 15:16:55,2021-02-26 15:24:04,E 4 St & 2 Ave,5593,Forsyth St & Canal St,5270,40.72628,-73.98978,40.7158155,-73.99422366,member
537368,7861D4462AB32CC7,docked_bike,2021-02-21 15:58:18,2021-02-21 16:09:40,E 4 St & 2 Ave,5593,E 25 St & 2 Ave,6046,40.72628,-73.98978,40.73912601,-73.97973776,casual
537378,59726A73B4022D45,docked_bike,2021-02-15 08:27:54,2021-02-15 08:31:45,E 4 St & 2 Ave,5593,4 Ave & E 12 St,5788,40.72628,-73.98978,40.732647,-73.99011,member
537689,F937CD68F9ACBEBA,docked_bike,2021-02-25 18:51:00,2021-02-25 18:57:08,E 4 St & 2 Ave,5593,1 Ave & E 16 St,5779,40.72628,-73.98978,40.73221853,-73.98165557,casual
537710,802029794E433943,docked_bike,2021-02-24 11:23:03,2021-02-24 11:28:12,E 4 St & 2 Ave,5593,1 Ave & E 16 St,5779,40.72628,-73.98978,40.73221853,-73.98165557,member
537716,2FF7E2C98D29126D,docked_bike,2021-02-12 09:53:10,2021-02-12 10:18:14,E 4 St & 2 Ave,5593,FDR Drive & E 35 St,6230,40.72628,-73.98978,40.744219,-73.97121214,member
537807,894BA699F3926505,docked_bike,2021-02-17 13:58:58,2021-02-17 14:05:10,E 4 St & 2 Ave,5593,1 Ave & E 16 St,5779,40.72628,-73.98978,40.73221853,-73.98165557,member
537808,DF6F9C9AA6A16DE3,docked_bike,2021-02-14 20:51:39,2021-02-14 20:58:15,E 4 St & 2 Ave,5593,1 Ave & E 16 St,5779,40.726281,-73.98978,40.732219,-73.981656,member
537830,1F6BF8251FC0A0BD,docked_bike,2021-02-09 14:18:11,2021-02-09 14:47:13,E 4 St & 2 Ave,5593,Grand Army Plaza & Plaza St West,4010,40.726281,-73.98978,40.672968,-73.97088,casual
537844,4A28AF9D7946E695,docked_bike,2021-02-24 01:02:13,2021-02-24 01:16:41,E 4 St & 2 Ave,5593,1 Ave & E 16 St,5779,40.72628,-73.98978,40.73221853,-73.98165557,member
537847,B207DFD958C9CAAA,docked_bike,2021-02-13 17:04:28,2021-02-13 17:11:20,E 4 St & 2 Ave,5593,1 Ave & E 16 St,5779,40.72628,-73.98978,40.73221853,-73.98165557,member
537865,167141518A86C37D,docked_bike,2021-02-22 10:08:34,2021-02-22 10:14:02,E 4 St & 2 Ave,5593,1 Ave & E 16 St,5779,40.72628,-73.98978,40.73221853,-73.98165557,member
537866,0D1B5A4E4E386E99,docked_bike,2021-02-15 11:13:43,2021-02-15 11:19:33,E 4 St & 2 Ave,5593,1 Ave & E 16 St,5779,40.72628,-73.98978,40.73221853,-73.98165557,member
537867,1A094375C08B25B4,docked_bike,2021-02-08 11:19:54,2021-02-08 11:25:07,E 4 St & 2 Ave,5593,1 Ave & E 16 St,5779,40.72628,-73.98978,40.73221853,-73.98165557,member
537871,3E08FF5A54ECAB23,docked_bike,2021-02-13 09:09:09,2021-02-13 09:13:04,E 4 St & 2 Ave,5593,1 Ave & E 16 St,5779,40.72628,-73.98978,40.73221853,-73.98165557,member
538399,2F91F6C4012EDECC,docked_bike,2021-02-24 14:10:11,2021-02-24 14:14:30,E 4 St & 2 Ave,5593,1 Ave & E 16 St,5779,40.72628,-73.98978,40.73221853,-73.98165557,member
538999,0E88D8CFED98A51C,docked_bike,2021-02-12 16:20:44,2021-02-12 16:23:05,E 4 St & 2 Ave,5593,Stanton St & Chrystie St,5523,40.72628,-73.98978,40.72229346,-73.99147535,member
539000,E803406C31DEF04A,docked_bike,2021-02-25 10:08:05,2021-02-25 10:11:14,E 4 St & 2 Ave,5593,Stanton St & Chrystie St,5523,40.72628,-73.98978,40.72229346,-73.99147535,member
539002,7F2012C00366DBEC,docked_bike,2021-02-25 17:35:02,2021-02-25 17:40:00,E 4 St & 2 Ave,5593,Stanton St & Chrystie St,5523,40.72628,-73.98978,40.72229346,-73.99147535,member
539004,633EAE1898863971,docked_bike,2021-02-23 19:14:41,2021-02-23 19:17:16,E 4 St & 2 Ave,5593,Lafayette St & Jersey St,5561,40.726281,-73.98978,40.724561,-73.995653,member
539007,F308FC1C26451EE0,docked_bike,2021-02-26 19:56:31,2021-02-26 19:59:35,E 4 St & 2 Ave,5593,Stanton St & Chrystie St,5523,40.726281,-73.98978,40.722293,-73.991475,member
539010,8305C521C90EE51B,docked_bike,2021-02-15 12:29:13,2021-02-15 12:33:36,E 4 St & 2 Ave,5593,Lafayette St & Jersey St,5561,40.72628,-73.98978,40.72456089,-73.99565293,member
539012,8F0D8961D00E6EB7,docked_bike,2021-02-13 14:19:16,2021-02-13 14:29:16,E 4 St & 2 Ave,5593,Lafayette St & Jersey St,5561,40.72628,-73.98978,40.72456089,-73.99565293,member
539016,7373C90BD7FD8D0E,docked_bike,2021-02-25 11:49:49,2021-02-25 11:54:36,E 4 St & 2 Ave,5593,Lafayette St & Jersey St,5561,40.72628,-73.98978,40.72456089,-73.99565293,member
539020,E1310D13E022B3EA,docked_bike,2021-02-04 16:39:32,2021-02-04 16:56:21,E 4 St & 2 Ave,5593,E 20 St & FDR Drive,5886,40.726281,-73.98978,40.733143,-73.975739,member
539024,175365FBDD47A40D,docked_bike,2021-02-26 20:13:41,2021-02-26 20:17:15,E 4 St & 2 Ave,5593,Lafayette St & Jersey St,5561,40.726281,-73.98978,40.724561,-73.995653,member
539025,681396BF357D3D16,docked_bike,2021-02-06 12:28:52,2021-02-06 12:36:41,E 4 St & 2 Ave,5593,E 20 St & FDR Drive,5886,40.72628,-73.98978,40.73314259,-73.97573881,member
539026,A40280505D3B167C,docked_bike,2021-02-04 18:42:31,2021-02-04 18:45:59,E 4 St & 2 Ave,5593,Stanton St & Chrystie St,5523,40.726281,-73.98978,40.722293,-73.991475,member
539028,9EBF07D0010544E1,docked_bike,2021-02-23 14:50:49,2021-02-23 15:18:38,E 4 St & 2 Ave,5593,Catherine St & Monroe St,5128,40.72628,-73.98978,40.71117444,-73.99682619,member
539030,306BDDE309DA9FBE,docked_bike,2021-02-17 20:14:10,2021-02-17 20:22:03,E 4 St & 2 Ave,5593,Stanton St & Chrystie St,5523,40.72628,-73.98978,40.72229346,-73.99147535,member
539034,F9DDEB2FA7CD8DAD,docked_bike,2021-02-20 10:24:38,2021-02-20 10:27:42,E 4 St & 2 Ave,5593,Lafayette St & Jersey St,5561,40.72628,-73.98978,40.72456089,-73.99565293,member
539043,281F704563CC010F,docked_bike,2021-02-03 17:10:40,2021-02-03 17:49:46,E 4 St & 2 Ave,5593,Prospect Pl & Underhill Ave,4116,40.726281,-73.98978,40.676969,-73.96579,member
539044,82847436F0F25232,docked_bike,2021-02-16 12:13:51,2021-02-16 12:15:55,E 4 St & 2 Ave,5593,Stanton St & Chrystie St,5523,40.726281,-73.98978,40.722293,-73.991475,member
539049,A07B72AEE1DB455E,docked_bike,2021-02-25 10:08:06,2021-02-25 10:11:17,E 4 St & 2 Ave,5593,Stanton St & Chrystie St,5523,40.72628,-73.98978,40.72229346,-73.99147535,member
539055,E8A710ABCBDCD423,docked_bike,2021-02-25 17:35:27,2021-02-25 17:40:06,E 4 St & 2 Ave,5593,Stanton St & Chrystie St,5523,40.726281,-73.98978,40.722293,-73.991475,member
539060,2AE1E777F9637336,docked_bike,2021-02-23 17:03:51,2021-02-23 17:07:12,E 4 St & 2 Ave,5593,Stanton St & Chrystie St,5523,40.72628,-73.98978,40.72229346,-73.99147535,member
539062,1B56FEDD729A80C0,docked_bike,2021-02-13 14:35:27,2021-02-13 14:50:07,E 4 St & 2 Ave,5593,Lafayette St & Jersey St,5561,40.726281,-73.98978,40.724561,-73.995653,member
539069,7940C46EE9F97902,docked_bike,2021-02-23 13:16:50,2021-02-23 13:40:05,E 4 St & 2 Ave,5593,Lafayette St & Jersey St,5561,40.72628,-73.98978,40.72456089,-73.99565293,member
539073,0B1737747A7E5D77,docked_bike,2021-02-26 18:50:51,2021-02-26 18:53:45,E 4 St & 2 Ave,5593,Stanton St & Chrystie St,5523,40.72628,-73.98978,40.72229346,-73.99147535,member
539074,923362FEC433310A,docked_bike,2021-02-06 17:42:07,2021-02-06 17:45:45,E 4 St & 2 Ave,5593,Stanton St & Chrystie St,5523,40.726281,-73.98978,40.722293,-73.991475,member
539080,23F9E6AF5910AB8A,docked_bike,2021-02-26 16:53:29,2021-02-26 16:57:20,E 4 St & 2 Ave,5593,Lafayette St & Jersey St,5561,40.72628,-73.98978,40.72456089,-73.99565293,member
539083,A5ADEE52C6751482,docked_bike,2021-02-13 11:17:47,2021-02-13 11:20:41,E 4 St & 2 Ave,5593,Stanton St & Chrystie St,5523,40.72628,-73.98978,40.72229346,-73.99147535,member
539087,615F4F32FA9EEE90,docked_bike,2021-02-08 17:16:39,2021-02-08 17:24:53,E 4 St & 2 Ave,5593,Catherine St & Monroe St,5128,40.72628,-73.98978,40.71117444,-73.99682619,member
539207,2F75C3A096C0B0AB,docked_bike,2021-02-27 14:02:27,2021-02-27 14:13:09,E 4 St & 2 Ave,5593,Catherine St & Monroe St,5128,40.72628,-73.98978,40.71117444,-73.99682619,member
539208,137A90A7B4DB0231,docked_bike,2021-02-24 16:31:21,2021-02-24 16:33:32,E 4 St & 2 Ave,5593,Stanton St & Chrystie St,5523,40.72628,-73.98978,40.72229346,-73.99147535,member
539632,1D38A5E12017306A,docked_bike,2021-02-27 14:16:50,2021-02-27 14:30:53,E 4 St & 2 Ave,5593,Broadway & W 29 St,6289,40.72628,-73.98978,40.7462009,-73.98855723,member
539634,F7DA9764D74E2DE9,docked_bike,2021-02-03 19:15:24,2021-02-03 19:25:19,E 4 St & 2 Ave,5593,Broadway & W 29 St,6289,40.726281,-73.98978,40.746201,-73.988557,member
539642,31F1AF52032B392C,docked_bike,2021-02-28 16:24:03,2021-02-28 16:36:56,E 4 St & 2 Ave,5593,Broadway & W 29 St,6289,40.72628,-73.98978,40.7462009,-73.98855723,member
539671,12E8B70B858EDCAE,docked_bike,2021-02-06 10:46:49,2021-02-06 11:01:55,E 4 St & 2 Ave,5593,Broadway & W 29 St,6289,40.72628,-73.98978,40.7462009,-73.98855723,member
540005,297F8E54C7EBBA94,docked_bike,2021-02-20 11:00:19,2021-02-20 11:22:02,E 4 St & 2 Ave,5593,S 3 St & Bedford Ave,5235,40.72628,-73.98978,40.71260486,-73.96264403,member
540012,27BF268652B985EA,docked_bike,2021-02-20 10:58:23,2021-02-20 11:21:59,E 4 St & 2 Ave,5593,S 3 St & Bedford Ave,5235,40.72628,-73.98978,40.71260486,-73.96264403,member
540031,A968CD7C0E9DC60E,docked_bike,2021-02-20 15:00:31,2021-02-20 15:20:27,E 4 St & 2 Ave,5593,S 3 St & Bedford Ave,5235,40.72628,-73.98978,40.71260486,-73.96264403,member
540033,660BB95403CEAC01,docked_bike,2021-02-07 01:35:36,2021-02-07 01:49:43,E 4 St & 2 Ave,5593,S 3 St & Bedford Ave,5235,40.72628,-73.98978,40.71260486,-73.96264403,casual
540081,B5CFB7D76D8AC8EB,docked_bike,2021-02-20 15:05:57,2021-02-20 15:20:31,E 4 St & 2 Ave,5593,S 3 St & Bedford Ave,5235,40.72628,-73.98978,40.71260486,-73.96264403,casual
540084,761D33EA26D4A852,docked_bike,2021-02-23 18:30:45,2021-02-23 18:58:03,E 4 St & 2 Ave,5593,Amsterdam Ave & W 66 St,7149,40.72628,-73.98978,40.7746671,-73.98470567,member
540104,75AC450A02757D2B,docked_bike,2021-02-28 04:00:00,2021-02-28 04:12:44,E 4 St & 2 Ave,5593,S 3 St & Bedford Ave,5235,40.72628,-73.98978,40.71260486,-73.96264403,casual
540105,DCCF3ED3BA9EC6F2,docked_bike,2021-02-25 17:29:59,2021-02-25 17:56:32,E 4 St & 2 Ave,5593,Amsterdam Ave & W 66 St,7149,40.72628,-73.98978,40.7746671,-73.98470567,member
540424,59769D83A1325B50,docked_bike,2021-02-27 19:24:27,2021-02-27 19:37:28,Pier 40 - Hudson River Park,5696,E 4 St & 2 Ave,5593,40.727714,-74.011295,40.7262807,-73.98978041,member
540429,DE78BC15277FDC14,docked_bike,2021-02-21 21:18:58,2021-02-21 21:30:08,S 5 Pl & S 5 St,5125,E 4 St & 2 Ave,5593,40.710451,-73.960876,40.7262807,-73.98978041,member
540480,424B4E8D717B715A,docked_bike,2021-02-11 23:13:59,2021-02-11 23:45:36,8 Ave & W 52 St,6816,E 4 St & 2 Ave,5593,40.763707,-73.985162,40.726281,-73.98978,member
540486,8ACFCE178709AFA6,docked_bike,2021-02-27 22:48:36,2021-02-27 22:59:53,S 5 Pl & S 5 St,5125,E 4 St & 2 Ave,5593,40.710451,-73.960876,40.7262807,-73.98978041,member
540491,5EA7E9DF1227A6F4,docked_bike,2021-02-28 13:48:23,2021-02-28 14:04:49,S 5 Pl & S 5 St,5125,E 4 St & 2 Ave,5593,40.710451,-73.960876,40.7262807,-73.98978041,member
540501,28421953714CF615,docked_bike,2021-02-24 14:06:59,2021-02-24 14:37:31,Pier 40 - Hudson River Park,5696,E 4 St & 2 Ave,5593,40.727714,-74.011295,40.7262807,-73.98978041,casual
540535,EC988D26932064D5,docked_bike,2021-02-15 16:39:40,2021-02-15 16:52:13,E 32 St & Park Ave,6280,E 4 St & 2 Ave,5593,40.745712,-73.981948,40.7262807,-73.98978041,member
540543,38848A8BBABDE286,docked_bike,2021-02-21 13:59:47,2021-02-21 13:59:44,E 84 St & 1 Ave,7180,E 4 St & 2 Ave,5593,40.775655,-73.950686,40.7262807,-73.98978041,casual
540555,DE74FCCA0E5C8EE2,docked_bike,2021-02-23 18:54:24,2021-02-23 19:20:24,E 84 St & 1 Ave,7180,E 4 St & 2 Ave,5593,40.775655,-73.950686,40.7262807,-73.98978041,member
540559,ED9B957D5C5E8406,docked_bike,2021-02-26 10:12:46,2021-02-26 10:46:07,31 St & Northern Blvd,6495,E 4 St & 2 Ave,5593,40.751869,-73.933492,40.7262807,-73.98978041,member
540560,077D36E0B2F1BF4F,docked_bike,2021-02-27 13:24:19,2021-02-27 13:58:18,E 84 St & 1 Ave,7180,E 4 St & 2 Ave,5593,40.775655,-73.950686,40.7262807,-73.98978041,member
540568,9D5106DD69344D60,docked_bike,2021-02-06 17:37:54,2021-02-06 17:46:34,Madison St & Clinton St,5190,E 4 St & 2 Ave,5593,40.71269,-73.987763,40.726281,-73.98978,member
540569,5CEA638EF956DE53,docked_bike,2021-02-15 14:50:56,2021-02-15 15:00:40,W 4 St & 7 Ave S,5880,E 4 St & 2 Ave,5593,40.734011,-74.002938,40.7262807,-73.98978041,casual
540570,BE96C7FCE118F035,docked_bike,2021-02-23 04:37:35,2021-02-23 04:44:33,Madison St & Clinton St,5190,E 4 St & 2 Ave,5593,40.71269,-73.987763,40.7262807,-73.98978041,member
540575,39D9BDCD5864DFE6,docked_bike,2021-02-23 23:09:07,2021-02-23 23:15:26,W 4 St & 7 Ave S,5880,E 4 St & 2 Ave,5593,40.734011,-74.002939,40.726281,-73.98978,casual
540577,1373652C091353D7,docked_bike,2021-02-27 04:21:49,2021-02-27 04:29:40,Madison St & Clinton St,5190,E 4 St & 2 Ave,5593,40.71269,-73.987763,40.7262807,-73.98978041,member
540578,E570AC1A2A8F718A,docked_bike,2021-02-21 03:07:57,2021-02-21 03:14:26,W 4 St & 7 Ave S,5880,E 4 St & 2 Ave,5593,40.734011,-74.002939,40.726281,-73.98978,member
540579,51DB26CF4E3B9792,docked_bike,2021-02-20 12:19:43,2021-02-20 12:27:43,W 4 St & 7 Ave S,5880,E 4 St & 2 Ave,5593,40.734011,-74.002938,40.7262807,-73.98978041,member
540581,95343E516F86327D,docked_bike,2021-02-21 08:05:25,2021-02-21 08:13:25,Madison St & Clinton St,5190,E 4 St & 2 Ave,5593,40.71269,-73.987763,40.7262807,-73.98978041,member
540586,21B8F09FCE80EDFC,docked_bike,2021-02-05 04:34:25,2021-02-05 04:41:51,Madison St & Clinton St,5190,E 4 St & 2 Ave,5593,40.71269,-73.987763,40.726281,-73.98978,member
540589,7D37713EDAC3A13D,docked_bike,2021-02-20 19:02:51,2021-02-20 19:12:08,Madison St & Clinton St,5190,E 4 St & 2 Ave,5593,40.71269,-73.987763,40.7262807,-73.98978041,casual
540595,7B7CA9B35E13610D,docked_bike,2021-02-24 15:34:41,2021-02-24 15:43:52,W 4 St & 7 Ave S,5880,E 4 St & 2 Ave,5593,40.734011,-74.002938,40.7262807,-73.98978041,member
540600,7D454AD7493C77DD,docked_bike,2021-02-20 12:45:39,2021-02-20 12:51:47,W 4 St & 7 Ave S,5880,E 4 St & 2 Ave,5593,40.734011,-74.002938,40.7262807,-73.98978041,member
540601,64F00B259EC57294,docked_bike,2021-02-13 04:24:10,2021-02-13 04:30:44,Madison St & Clinton St,5190,E 4 St & 2 Ave,5593,40.71269,-73.987763,40.7262807,-73.98978041,member
540602,938435187320F6BC,docked_bike,2021-02-22 03:37:39,2021-02-22 03:44:40,Madison St & Clinton St,5190,E 4 St & 2 Ave,5593,40.71269,-73.987763,40.7262807,-73.98978041,member
540604,26EBB25406538FDD,docked_bike,2021-02-07 00:56:32,2021-02-07 01:03:59,W 4 St & 7 Ave S,5880,E 4 St & 2 Ave,5593,40.734011,-74.002939,40.726281,-73.98978,member
540605,8D4D34A9D7E31D84,docked_bike,2021-02-27 00:19:40,2021-02-27 00:27:09,W 4 St & 7 Ave S,5880,E 4 St & 2 Ave,5593,40.734011,-74.002938,40.7262807,-73.98978041,member
540609,2BF623EE91FCF9C6,docked_bike,2021-02-28 16:42:31,2021-02-28 16:49:13,Grand St & Samuel Dickstein Plaza,5335,E 4 St & 2 Ave,5593,40.715119,-73.984171,40.726281,-73.98978,member
540610,BE6E2617F1DF6E09,docked_bike,2021-02-26 19:08:07,2021-02-26 19:25:41,W 4 St & 7 Ave S,5880,E 4 St & 2 Ave,5593,40.734011,-74.002938,40.7262807,-73.98978041,member
540611,B0B8B0933640EF66,docked_bike,2021-02-25 12:35:37,2021-02-25 12:42:20,W 4 St & 7 Ave S,5880,E 4 St & 2 Ave,5593,40.734011,-74.002938,40.7262807,-73.98978041,member
540643,047F1806553AE798,docked_bike,2021-02-12 18:46:44,2021-02-12 19:11:30,W 35 St & Dyer Ave,6569,E 4 St & 2 Ave,5593,40.754691,-73.997401,40.7262807,-73.98978041,casual
540645,2F01B7E9131FECD2,docked_bike,2021-02-21 13:58:20,2021-02-21 14:28:33,E 84 St & 1 Ave,7180,E 4 St & 2 Ave,5593,40.775655,-73.950686,40.7262807,-73.98978041,member
540649,98BEAF90A6949FC1,docked_bike,2021-02-19 17:04:05,2021-02-19 17:09:35,E 12 St & Ave C,5616,E 4 St & 2 Ave,5593,40.727243,-73.976831,40.7262807,-73.98978041,member
540655,C154B16F1B32085E,docked_bike,2021-02-21 16:25:40,2021-02-21 16:46:34,E 58 St & Madison Ave,6839,E 4 St & 2 Ave,5593,40.763025,-73.972095,40.7262807,-73.98978041,member
540663,BB09C6B2305DCE27,docked_bike,2021-02-26 05:15:14,2021-02-26 05:33:10,E 32 St & Park Ave,6280,E 4 St & 2 Ave,5593,40.745712,-73.981948,40.7262807,-73.98978041,member
540664,53DAFD4D41096A04,docked_bike,2021-02-21 04:19:54,2021-02-21 04:38:02,E 32 St & Park Ave,6280,E 4 St & 2 Ave,5593,40.745712,-73.981948,40.7262807,-73.98978041,member
540680,6B9F6A1941017CAD,docked_bike,2021-02-06 17:45:21,2021-02-06 17:57:10,Lexington Ave & E 26 St,6089,E 4 St & 2 Ave,5593,40.741459,-73.983293,40.726281,-73.98978,casual
540696,25837761C634A4CB,docked_bike,2021-02-26 14:48:35,2021-02-26 15:02:27,Madison Ave & E 26 St,6131,E 4 St & 2 Ave,5593,40.742684,-73.986713,40.7262807,-73.98978041,casual
540701,7A7795F755D91E7A,docked_bike,2021-02-17 16:23:39,2021-02-17 16:44:16,E 58 St & Madison Ave,6839,E 4 St & 2 Ave,5593,40.763026,-73.972095,40.726281,-73.98978,member
540705,ABAB03F37AE377A0,docked_bike,2021-02-08 20:03:04,2021-02-08 20:10:37,E 12 St & Ave C,5616,E 4 St & 2 Ave,5593,40.727243,-73.976831,40.726281,-73.98978,member
540712,3A4F2B184CCBD45B,docked_bike,2021-02-26 14:48:23,2021-02-26 15:02:39,Madison Ave & E 26 St,6131,E 4 St & 2 Ave,5593,40.742685,-73.986713,40.726281,-73.98978,casual
540715,1B0DFFA20282C1BB,docked_bike,2021-02-26 18:34:22,2021-02-26 18:38:28,E 13 St & 2 Ave,5820,E 4 St & 2 Ave,5593,40.731539,-73.985302,40.7262807,-73.98978041,member
540717,4657BA40D69B3753,docked_bike,2021-02-26 20:51:59,2021-02-26 20:56:31,E 13 St & 2 Ave,5820,E 4 St & 2 Ave,5593,40.731539,-73.985302,40.7262807,-73.98978041,member
540720,914CEA8A671B1694,docked_bike,2021-02-14 18:31:57,2021-02-14 18:43:04,Madison Ave & E 26 St,6131,E 4 St & 2 Ave,5593,40.742684,-73.986713,40.7262807,-73.98978041,member
540729,61D1E9E73988F106,docked_bike,2021-02-12 14:53:04,2021-02-12 14:56:42,E 13 St & 2 Ave,5820,E 4 St & 2 Ave,5593,40.731539,-73.985302,40.7262807,-73.98978041,member
540732,84A1F8FA958F8C09,docked_bike,2021-02-23 13:46:38,2021-02-23 13:50:48,E 13 St & 2 Ave,5820,E 4 St & 2 Ave,5593,40.731539,-73.985302,40.7262807,-73.98978041,member
540733,03AEBE287261F78A,docked_bike,2021-02-14 16:20:03,2021-02-14 16:24:47,E 13 St & 2 Ave,5820,E 4 St & 2 Ave,5593,40.731539,-73.985302,40.726281,-73.98978,member
540737,CB9FA1A6390F7AD9,docked_bike,2021-02-17 14:47:06,2021-02-17 14:50:24,E 13 St & 2 Ave,5820,E 4 St & 2 Ave,5593,40.731539,-73.985302,40.7262807,-73.98978041,member
540741,D7EBFBA8E31BD43F,docked_bike,2021-02-24 10:23:50,2021-02-24 10:47:49,28 St & 41 Ave,6462,E 4 St & 2 Ave,5593,40.751047,-73.93797,40.7262807,-73.98978041,member
540742,C173130866639D7C,docked_bike,2021-02-16 15:17:09,2021-02-16 15:40:27,28 St & 41 Ave,6462,E 4 St & 2 Ave,5593,40.751047,-73.93797,40.7262807,-73.98978041,member
540743,2821545FF9F6A209,docked_bike,2021-02-13 17:53:05,2021-02-13 18:15:37,Madison Ave & E 26 St,6131,E 4 St & 2 Ave,5593,40.742685,-73.986713,40.726281,-73.98978,casual
540750,14C79FFC599719BD,docked_bike,2021-02-26 14:46:26,2021-02-26 15:02:26,Madison Ave & E 26 St,6131,E 4 St & 2 Ave,5593,40.742685,-73.986713,40.726281,-73.98978,member
540757,4A149646165E879C,docked_bike,2021-02-06 16:27:33,2021-02-06 16:37:46,W 17 St & 8 Ave,6148,E 4 St & 2 Ave,5593,40.741776,-74.001497,40.7262807,-73.98978041,member
540763,AA067EC35000C209,docked_bike,2021-02-16 20:05:42,2021-02-16 20:19:24,W 17 St & 8 Ave,6148,E 4 St & 2 Ave,5593,40.741776,-74.001497,40.7262807,-73.98978041,member
540782,DA30EC9D43EDD9D7,docked_bike,2021-02-13 13:56:58,2021-02-13 14:19:50,W 35 St & Dyer Ave,6569,E 4 St & 2 Ave,5593,40.754692,-73.997402,40.726281,-73.98978,member
540789,3F9F65A03FE68236,docked_bike,2021-02-28 12:22:00,2021-02-28 12:26:24,E 13 St & 2 Ave,5820,E 4 St & 2 Ave,5593,40.731539,-73.985302,40.7262807,-73.98978041,member
540793,93F66E6B1B8BC7B6,docked_bike,2021-02-13 16:27:13,2021-02-13 16:50:06,E 43 St & 5 Ave,6551,E 4 St & 2 Ave,5593,40.75412,-73.980251,40.7262807,-73.98978041,casual
540801,322CBE400098CF7B,docked_bike,2021-02-27 13:27:17,2021-02-27 13:36:06,W 15 St & 7 Ave,6030,E 4 St & 2 Ave,5593,40.739355,-73.999317,40.7262807,-73.98978041,member
540803,B4D79CB16E54F5EC,docked_bike,2021-02-20 14:46:13,2021-02-20 15:17:08,Queens Plaza North & Crescent St,6429,E 4 St & 2 Ave,5593,40.751101,-73.940737,40.7262807,-73.98978041,member
540804,A2B1B57E4402206D,docked_bike,2021-02-11 10:26:17,2021-02-11 10:52:52,Queens Plaza North & Crescent St,6429,E 4 St & 2 Ave,5593,40.751102,-73.940737,40.726281,-73.98978,member
540808,D70BDCC6C98A5F30,docked_bike,2021-02-14 17:26:31,2021-02-14 17:37:43,W 15 St & 7 Ave,6030,E 4 St & 2 Ave,5593,40.739355,-73.999317,40.7262807,-73.98978041,member
540815,612D502C4BB32028,docked_bike,2021-02-23 08:18:15,2021-02-23 08:38:26,Washington St & Barrow St,5847,E 4 St & 2 Ave,5593,40.731911,-74.008769,40.7262807,-73.98978041,member
540816,30549B4166C3B61C,docked_bike,2021-02-12 20:23:59,2021-02-12 20:33:57,W 15 St & 7 Ave,6030,E 4 St & 2 Ave,5593,40.739355,-73.999317,40.7262807,-73.98978041,member
540819,C73533F2E5CE39FB,docked_bike,2021-02-21 01:53:42,2021-02-21 02:00:54,W 4 St & 7 Ave S,5880,E 4 St & 2 Ave,5593,40.734011,-74.002938,40.7262807,-73.98978041,member
540828,29764E96FCEDAA03,docked_bike,2021-02-13 17:09:59,2021-02-13 17:23:05,Washington St & Barrow St,5847,E 4 St & 2 Ave,5593,40.731911,-74.008769,40.7262807,-73.98978041,member
540833,CFC5C9DF185DF16E,docked_bike,2021-02-23 09:08:30,2021-02-23 09:13:04,Great Jones St,5636,E 4 St & 2 Ave,5593,40.727434,-73.99379,40.7262807,-73.98978041,member
540834,96D84EB2F5A12CA1,docked_bike,2021-02-28 18:30:12,2021-02-28 18:33:09,Great Jones St,5636,E 4 St & 2 Ave,5593,40.727434,-73.99379,40.726281,-73.98978,member
540835,E7A6319B4AF96F08,docked_bike,2021-02-16 16:05:17,2021-02-16 17:23:30,Great Jones St,5636,E 4 St & 2 Ave,5593,40.727434,-73.99379,40.7262807,-73.98978041,casual
540847,5CD8930474702EA2,docked_bike,2021-02-06 13:11:33,2021-02-06 13:33:54,3 Ave & Schermerhorn St,4437,E 4 St & 2 Ave,5593,40.686832,-73.979677,40.7262807,-73.98978041,casual
540857,117F289126D01CB7,docked_bike,2021-02-27 17:08:50,2021-02-27 17:17:18,Division St & Bowery,5270,E 4 St & 2 Ave,5593,40.714193,-73.996732,40.7262807,-73.98978041,member
540860,E0D997D8888D56E7,docked_bike,2021-02-12 13:21:31,2021-02-12 13:28:50,Division St & Bowery,5270,E 4 St & 2 Ave,5593,40.714193,-73.996732,40.7262807,-73.98978041,member
540885,283036A2BF3028BF,docked_bike,2021-02-14 18:06:11,2021-02-14 18:14:28,Division St & Bowery,5270,E 4 St & 2 Ave,5593,40.714193,-73.996732,40.726281,-73.98978,member
540912,2268FF360E5BE1E9,docked_bike,2021-02-09 13:50:08,2021-02-09 14:01:27,Division St & Bowery,5270,E 4 St & 2 Ave,5593,40.714193,-73.996732,40.7262807,-73.98978041,member
540920,2C7CE960828EA9F9,docked_bike,2021-02-21 12:20:02,2021-02-21 12:28:23,Perry St & Greenwich Ave,5955,E 4 St & 2 Ave,5593,40.735918,-74.000939,40.7262807,-73.98978041,casual
540936,79044AAEEC113B7E,docked_bike,2021-02-26 17:41:56,2021-02-26 18:01:49,W 18 St & 9 Ave,6190,E 4 St & 2 Ave,5593,40.743533,-74.003675,40.7262807,-73.98978041,casual
540939,EB164DC953E32EE0,docked_bike,2021-02-10 17:39:42,2021-02-10 17:45:31,Mercer St & Spring St,5532,E 4 St & 2 Ave,5593,40.723627,-73.999496,40.726281,-73.98978,member
540940,58ACF5686BD0E79B,docked_bike,2021-02-23 15:41:23,2021-02-23 15:53:39,Mercer St & Spring St,5532,E 4 St & 2 Ave,5593,40.723627,-73.999496,40.7262807,-73.98978041,casual
540943,A71CECC7C094D3BB,docked_bike,2021-02-18 12:58:34,2021-02-18 13:10:38,Perry St & Greenwich Ave,5955,E 4 St & 2 Ave,5593,40.735918,-74.000939,40.726281,-73.98978,member
540946,B47BE56BCAA9FC5E,docked_bike,2021-02-22 08:16:50,2021-02-22 08:26:21,Perry St & Greenwich Ave,5955,E 4 St & 2 Ave,5593,40.735918,-74.000939,40.7262807,-73.98978041,member
540947,89F51C333D7C82CB,docked_bike,2021-02-23 14:30:55,2021-02-23 14:38:56,Perry St & Greenwich Ave,5955,E 4 St & 2 Ave,5593,40.735918,-74.000939,40.7262807,-73.98978041,casual
540953,58E3E21EC21F7D16,docked_bike,2021-02-16 15:08:07,2021-02-16 15:27:25,Wythe Ave & Metropolitan Ave,5348,E 4 St & 2 Ave,5593,40.716887,-73.963198,40.7262807,-73.98978041,casual
540961,C3CA10F54EF0028E,docked_bike,2021-02-25 09:52:04,2021-02-25 09:58:42,Perry St & Greenwich Ave,5955,E 4 St & 2 Ave,5593,40.735918,-74.000939,40.7262807,-73.98978041,casual
540964,1D9B7D3AEE5EA1E3,docked_bike,2021-02-06 13:31:29,2021-02-06 13:47:10,Wythe Ave & Metropolitan Ave,5348,E 4 St & 2 Ave,5593,40.716887,-73.963198,40.7262807,-73.98978041,member
540994,E7DB8BBCCE39ACA6,docked_bike,2021-02-15 13:59:53,2021-02-15 14:06:00,Perry St & Greenwich Ave,5955,E 4 St & 2 Ave,5593,40.735918,-74.000939,40.7262807,-73.98978041,member
541006,B65C7146BC324C65,docked_bike,2021-02-21 12:43:50,2021-02-21 12:52:01,Perry St & Greenwich Ave,5955,E 4 St & 2 Ave,5593,40.735918,-74.000939,40.7262807,-73.98978041,member
541008,3DB3A2D8E2719BD0,docked_bike,2021-02-23 15:41:19,2021-02-23 15:47:02,Mercer St & Spring St,5532,E 4 St & 2 Ave,5593,40.723627,-73.999496,40.726281,-73.98978,member
541009,714DC85CA0F7A5BA,docked_bike,2021-02-25 16:44:42,2021-02-25 16:51:50,Mercer St & Spring St,5532,E 4 St & 2 Ave,5593,40.723627,-73.999496,40.726281,-73.98978,member
541010,94BF9E45AC1285EA,docked_bike,2021-02-05 15:38:11,2021-02-05 15:44:01,Mercer St & Spring St,5532,E 4 St & 2 Ave,5593,40.723627,-73.999496,40.726281,-73.98978,member
541011,6DD89FBF7783A642,docked_bike,2021-02-08 17:21:37,2021-02-08 17:27:57,Mercer St & Spring St,5532,E 4 St & 2 Ave,5593,40.723627,-73.999496,40.726281,-73.98978,member
541012,18D0EE4468553DC4,docked_bike,2021-02-16 15:57:52,2021-02-16 16:04:38,Mercer St & Spring St,5532,E 4 St & 2 Ave,5593,40.723627,-73.999496,40.726281,-73.98978,member
541015,A1BAAEB4DE948F71,docked_bike,2021-02-03 17:51:38,2021-02-03 18:14:28,Mercer St & Spring St,5532,E 4 St & 2 Ave,5593,40.723627,-73.999496,40.726281,-73.98978,member
541016,8517E0980CB917D4,docked_bike,2021-02-26 18:10:48,2021-02-26 18:26:53,W 29 St & 9 Ave,6416,E 4 St & 2 Ave,5593,40.750072,-73.998392,40.7262807,-73.98978041,member
541028,1CCB05E96ADFE88E,docked_bike,2021-02-06 17:41:10,2021-02-06 18:13:16,E 81 St & York Ave,7084,E 4 St & 2 Ave,5593,40.772838,-73.949892,40.7262807,-73.98978041,member
541047,028BA1F77207E8DE,docked_bike,2021-02-26 23:39:43,2021-02-26 23:43:34,E 13 St & 2 Ave,5820,E 4 St & 2 Ave,5593,40.731539,-73.985302,40.726281,-73.98978,casual
541049,2A45CF9139BBCD64,docked_bike,2021-02-13 11:13:16,2021-02-13 11:26:02,Market St & Cherry St,5198,E 4 St & 2 Ave,5593,40.710762,-73.994003,40.7262807,-73.98978041,member
541053,94CD77B7EE107BF8,docked_bike,2021-02-13 20:43:50,2021-02-13 21:02:08,Bayard St & Baxter St,5351,E 4 St & 2 Ave,5593,40.716021,-73.999743,40.7262807,-73.98978041,casual
541059,BF2FF3E51C19235E,docked_bike,2021-02-22 21:29:15,2021-02-22 22:01:13,E 81 St & York Ave,7084,E 4 St & 2 Ave,5593,40.772838,-73.949892,40.7262807,-73.98978041,member
541060,3D8B744EF705296B,docked_bike,2021-02-26 10:46:02,2021-02-26 11:15:21,Eastern Pkwy & Franklin Ave,3919,E 4 St & 2 Ave,5593,40.670777,-73.95768,40.726281,-73.98978,member
541061,BC86DB186F196D71,docked_bike,2021-02-17 10:16:17,2021-02-17 10:48:41,Eastern Pkwy & Franklin Ave,3919,E 4 St & 2 Ave,5593,40.670777,-73.95768,40.726281,-73.98978,member
541065,FB1ACCC72EF27BEC,docked_bike,2021-02-13 13:56:08,2021-02-13 14:14:39,W 33 St & 7 Ave,6407,E 4 St & 2 Ave,5593,40.750199,-73.99093,40.7262807,-73.98978041,member
541066,7E5006DA0B8269A0,docked_bike,2021-02-12 18:53:20,2021-02-12 19:12:37,W Broadway & W Houston St,5644,E 4 St & 2 Ave,5593,40.726378,-74.000472,40.726281,-73.98978,member
541068,ED30B9377DCB3A7E,docked_bike,2021-02-10 21:15:46,2021-02-10 21:23:36,W Broadway & W Houston St,5644,E 4 St & 2 Ave,5593,40.726378,-74.000472,40.7262807,-73.98978041,member
541069,F194129474CAAB96,docked_bike,2021-02-25 13:52:45,2021-02-25 13:54:46,St Marks Pl & 2 Ave,5669,E 4 St & 2 Ave,5593,40.728418,-73.987139,40.7262807,-73.98978041,member
541070,7983146BD2BBD0DF,docked_bike,2021-02-13 00:08:59,2021-02-13 00:22:09,10 Ave & W 28 St,6459,E 4 St & 2 Ave,5593,40.750663,-74.001768,40.7262807,-73.98978041,member
541073,74766CBB0F22D442,docked_bike,2021-02-26 15:33:13,2021-02-26 15:36:00,Rivington St & Chrystie St,5453,E 4 St & 2 Ave,5593,40.7211,-73.991925,40.7262807,-73.98978041,member
541074,69242923861C6A8F,docked_bike,2021-02-25 15:52:03,2021-02-25 15:57:17,W Broadway & W Houston St,5644,E 4 St & 2 Ave,5593,40.726378,-74.000472,40.7262807,-73.98978041,casual
541080,32797588782464B5,docked_bike,2021-02-03 16:12:38,2021-02-03 16:23:20,Bayard St & Baxter St,5351,E 4 St & 2 Ave,5593,40.716021,-73.999744,40.726281,-73.98978,member
541091,056231F6DEC376AF,docked_bike,2021-02-05 15:56:40,2021-02-05 15:58:59,St Marks Pl & 2 Ave,5669,E 4 St & 2 Ave,5593,40.728418,-73.987139,40.7262807,-73.98978041,member
541107,FBBF43B32B41B74F,docked_bike,2021-02-15 10:47:57,2021-02-15 11:22:53,Eastern Pkwy & Franklin Ave,3919,E 4 St & 2 Ave,5593,40.670777,-73.95768,40.726281,-73.98978,member
541111,B061FCF424658ED4,docked_bike,2021-02-27 15:21:43,2021-02-27 15:23:17,St Marks Pl & 2 Ave,5669,E 4 St & 2 Ave,5593,40.728418,-73.987139,40.7262807,-73.98978041,member
541117,D61768CA88CAFFEA,docked_bike,2021-02-25 16:59:16,2021-02-25 17:11:43,W 33 St & 7 Ave,6407,E 4 St & 2 Ave,5593,40.750199,-73.99093,40.7262807,-73.98978041,casual
541131,26DB5A95A6735224,docked_bike,2021-02-16 12:10:03,2021-02-16 12:13:38,St Marks Pl & 2 Ave,5669,E 4 St & 2 Ave,5593,40.728419,-73.98714,40.726281,-73.98978,member
541133,5707BF5E0262B449,docked_bike,2021-02-05 09:53:24,2021-02-05 09:56:55,St Marks Pl & 2 Ave,5669,E 4 St & 2 Ave,5593,40.728419,-73.98714,40.726281,-73.98978,member
541135,92428D7BDC019796,docked_bike,2021-02-25 08:41:04,2021-02-25 08:42:39,St Marks Pl & 2 Ave,5669,E 4 St & 2 Ave,5593,40.728418,-73.987139,40.7262807,-73.98978041,member
541141,E22488F9B2928749,docked_bike,2021-02-04 18:25:16,2021-02-04 18:29:42,St Marks Pl & 2 Ave,5669,E 4 St & 2 Ave,5593,40.728419,-73.98714,40.726281,-73.98978,member
541142,95623CAB1D6BFCC9,docked_bike,2021-02-28 18:24:11,2021-02-28 18:28:56,W Broadway & W Houston St,5644,E 4 St & 2 Ave,5593,40.726378,-74.000472,40.7262807,-73.98978041,member
541143,9359F4938B14DD1D,docked_bike,2021-02-16 10:18:48,2021-02-16 10:23:01,Rivington St & Chrystie St,5453,E 4 St & 2 Ave,5593,40.721101,-73.991925,40.726281,-73.98978,member
541163,1C59AAE6EC6413CB,docked_bike,2021-02-04 18:26:03,2021-02-04 20:43:42,St Marks Pl & 2 Ave,5669,E 4 St & 2 Ave,5593,40.728418,-73.987139,40.7262807,-73.98978041,casual
541174,B75A1F1E1FA90309,docked_bike,2021-02-24 21:00:20,2021-02-24 21:12:07,W 33 St & 7 Ave,6407,E 4 St & 2 Ave,5593,40.7502,-73.990931,40.726281,-73.98978,member
541175,FC3EE6D1328FBEBA,docked_bike,2021-02-20 08:56:20,2021-02-20 08:58:57,St Marks Pl & 2 Ave,5669,E 4 St & 2 Ave,5593,40.728419,-73.98714,40.726281,-73.98978,member
541176,8275FAB5263098C2,docked_bike,2021-02-16 09:45:18,2021-02-16 09:46:48,St Marks Pl & 2 Ave,5669,E 4 St & 2 Ave,5593,40.728418,-73.987139,40.7262807,-73.98978041,member
541178,B31022A0247410D0,docked_bike,2021-02-26 15:53:50,2021-02-26 16:26:28,Broadway & W 53 St,6779,E 4 St & 2 Ave,5593,40.76344,-73.982681,40.7262807,-73.98978041,casual
541180,85BB9C2067935F99,docked_bike,2021-02-27 19:37:28,2021-02-27 19:47:00,Greenwich Ave & 8 Ave,6072,E 4 St & 2 Ave,5593,40.739016,-74.002637,40.7262807,-73.98978041,casual
541187,3E99E2BB7287A056,docked_bike,2021-02-06 12:13:30,2021-02-06 12:16:25,St Marks Pl & 2 Ave,5669,E 4 St & 2 Ave,5593,40.728419,-73.98714,40.726281,-73.98978,member
541188,0E318CCB4A373BEA,docked_bike,2021-02-20 17:46:21,2021-02-20 18:18:06,Broadway & W 53 St,6779,E 4 St & 2 Ave,5593,40.76344,-73.982681,40.7262807,-73.98978041,casual
541206,A41F93975390DD9F,docked_bike,2021-02-20 11:53:03,2021-02-20 11:58:37,E 1 St & 1 Ave,5593,E 4 St & 2 Ave,5593,40.723355,-73.988649,40.7262807,-73.98978041,member
541209,7E94B7A35AF7E5D8,docked_bike,2021-02-05 15:56:22,2021-02-05 15:58:44,St Marks Pl & 2 Ave,5669,E 4 St & 2 Ave,5593,40.728418,-73.987139,40.7262807,-73.98978041,member
541213,A90AAB626ADFE755,docked_bike,2021-02-03 16:44:17,2021-02-03 17:00:01,10 Ave & W 28 St,6459,E 4 St & 2 Ave,5593,40.750664,-74.001768,40.726281,-73.98978,member
541218,A1835AF97F4CA9EE,docked_bike,2021-02-14 15:32:07,2021-02-14 15:47:51,10 Ave & W 28 St,6459,E 4 St & 2 Ave,5593,40.750664,-74.001768,40.726281,-73.98978,member
541224,50916507D95481F8,docked_bike,2021-02-26 10:40:02,2021-02-26 10:43:08,St Marks Pl & 2 Ave,5669,E 4 St & 2 Ave,5593,40.728418,-73.987139,40.7262807,-73.98978041,member
541241,CBE9FEC091D446DC,docked_bike,2021-02-25 13:58:20,2021-02-25 14:00:07,St Marks Pl & 2 Ave,5669,E 4 St & 2 Ave,5593,40.728418,-73.987139,40.7262807,-73.98978041,member
541242,1F77B49DD1CD4C44,docked_bike,2021-02-11 17:14:22,2021-02-11 17:19:10,Rivington St & Chrystie St,5453,E 4 St & 2 Ave,5593,40.7211,-73.991925,40.7262807,-73.98978041,member
541245,605514E8B09E3E82,docked_bike,2021-02-13 17:15:11,2021-02-13 17:27:21,Rivington St & Chrystie St,5453,E 4 St & 2 Ave,5593,40.7211,-73.991925,40.7262807,-73.98978041,member
541269,B28CBD23753792FC,docked_bike,2021-02-26 19:08:22,2021-02-26 19:22:51,E 1 St & 1 Ave,5593,W 25 St & 6 Ave,6215,40.723355,-73.988649,40.74395411,-73.99144871,member
541271,2E3CC2C81497593D,docked_bike,2021-02-10 13:48:15,2021-02-10 13:51:47,St Marks Pl & 2 Ave,5669,E 4 St & 2 Ave,5593,40.728418,-73.987139,40.7262807,-73.98978041,member
541277,05905EB63E3D1562,docked_bike,2021-02-13 11:57:41,2021-02-13 12:19:16,W 41 St & 8 Ave,6602,E 4 St & 2 Ave,5593,40.756405,-73.990026,40.7262807,-73.98978041,member
541301,ACD5599669BB0CE7,docked_bike,2021-02-28 21:50:13,2021-02-28 22:05:40,W 41 St & 8 Ave,6602,E 4 St & 2 Ave,5593,40.756405,-73.990026,40.7262807,-73.98978041,casual
541308,09785EA895D2B78F,docked_bike,2021-02-21 17:20:13,2021-02-21 17:36:10,Division St & Bowery,5270,E 4 St & 2 Ave,5593,40.714193,-73.996732,40.7262807,-73.98978041,member
541310,FFF7D12CC5DEDE24,docked_bike,2021-02-28 12:17:12,2021-02-28 12:32:40,8 Ave & W 16 St,6072,E 4 St & 2 Ave,5593,40.740983,-74.001702,40.7262807,-73.98978041,casual
541331,13E647BC23F12FA2,docked_bike,2021-02-21 14:25:58,2021-02-21 14:53:32,8 Ave & W 52 St,6816,E 4 St & 2 Ave,5593,40.763707,-73.985161,40.7262807,-73.98978041,member
541338,B2539E4F9C2260CF,docked_bike,2021-02-03 18:23:54,2021-02-03 18:29:22,Mercer St & Spring St,5532,E 4 St & 2 Ave,5593,40.723627,-73.999496,40.726281,-73.98978,member
541358,188ED0E831E1EE29,docked_bike,2021-02-26 18:26:05,2021-02-26 18:34:27,W 15 St & 7 Ave,6030,E 4 St & 2 Ave,5593,40.739355,-73.999317,40.7262807,-73.98978041,member
541359,523E68004203E6F4,docked_bike,2021-02-24 17:42:57,2021-02-24 17:52:12,W 15 St & 7 Ave,6030,E 4 St & 2 Ave,5593,40.739355,-73.999317,40.7262807,-73.98978041,member
541377,E0BC36858B2AD1A1,docked_bike,2021-02-12 16:27:56,2021-02-12 16:40:08,W 15 St & 6 Ave,5989,E 4 St & 2 Ave,5593,40.738046,-73.99643,40.726281,-73.98978,member
541378,49C211B779F3D7CD,docked_bike,2021-02-08 15:03:51,2021-02-08 15:11:04,W 15 St & 6 Ave,5989,E 4 St & 2 Ave,5593,40.738046,-73.996429,40.7262807,-73.98978041,member
541385,B39E70EC44072193,docked_bike,2021-02-26 16:39:28,2021-02-26 16:45:30,W 15 St & 6 Ave,5989,E 4 St & 2 Ave,5593,40.738046,-73.996429,40.7262807,-73.98978041,member
541392,B15297943CE74805,docked_bike,2021-02-26 14:06:30,2021-02-26 14:20:10,W 15 St & 6 Ave,5989,E 4 St & 2 Ave,5593,40.738046,-73.996429,40.7262807,-73.98978041,member
541397,7C83AEDDA6406EDD,docked_bike,2021-02-26 08:07:56,2021-02-26 08:17:22,St James Pl & Pearl St,5167,E 4 St & 2 Ave,5593,40.711174,-74.000165,40.7262807,-73.98978041,member
541406,FCD705631F83FDF6,docked_bike,2021-02-06 14:09:21,2021-02-06 14:26:51,8 Ave & W 27 St,6297,E 4 St & 2 Ave,5593,40.747968,-73.996637,40.726281,-73.98978,member
541416,BA02A1ADB7E921AC,docked_bike,2021-02-14 15:32:12,2021-02-14 15:48:01,10 Ave & W 28 St,6459,E 4 St & 2 Ave,5593,40.750663,-74.001768,40.7262807,-73.98978041,casual
541417,46462B85106DC8C9,docked_bike,2021-02-28 12:06:16,2021-02-28 12:19:38,Greenwich Ave & 8 Ave,6072,E 4 St & 2 Ave,5593,40.739016,-74.002637,40.7262807,-73.98978041,casual
541425,A02DF2E4B19DE3A8,docked_bike,2021-02-27 23:04:13,2021-02-27 23:13:30,W 15 St & 6 Ave,5989,E 4 St & 2 Ave,5593,40.738046,-73.996429,40.7262807,-73.98978041,casual
541436,C2D6BFDE5F702B38,docked_bike,2021-02-22 09:43:38,2021-02-22 09:51:12,Grand St & Greene St,5500,E 4 St & 2 Ave,5593,40.7217,-74.002381,40.7262807,-73.98978041,member
541437,E25F282F18CFDEA2,docked_bike,2021-02-05 10:25:47,2021-02-05 10:34:10,Grand St & Greene St,5500,E 4 St & 2 Ave,5593,40.7217,-74.002381,40.7262807,-73.98978041,member
541439,753A511B23DEEA40,docked_bike,2021-02-17 15:37:24,2021-02-17 15:48:21,Grand St & Greene St,5500,E 4 St & 2 Ave,5593,40.7217,-74.002381,40.7262807,-73.98978041,member
541440,DD1EBE497A87BCDB,docked_bike,2021-02-19 19:08:33,2021-02-19 19:19:43,Grand St & Greene St,5500,E 4 St & 2 Ave,5593,40.7217,-74.002381,40.7262807,-73.98978041,member
541441,8D31C8CF00D2E3C3,docked_bike,2021-02-08 18:29:15,2021-02-08 18:43:31,Grand St & Greene St,5500,E 4 St & 2 Ave,5593,40.7217,-74.002381,40.7262807,-73.98978041,member
541449,62A24627F6159824,docked_bike,2021-02-05 15:34:27,2021-02-05 15:43:52,E 27 St & 1 Ave,6004,E 4 St & 2 Ave,5593,40.739445,-73.976806,40.7262807,-73.98978041,member
541454,63974255356A78AF,docked_bike,2021-02-17 16:54:20,2021-02-17 17:04:54,E 27 St & 1 Ave,6004,E 4 St & 2 Ave,5593,40.739445,-73.976806,40.7262807,-73.98978041,member
541462,EB2F0DBF214086B4,docked_bike,2021-02-14 13:17:15,2021-02-14 13:32:37,Park Ave & St Edwards St,4700,E 4 St & 2 Ave,5593,40.696089,-73.978034,40.7262807,-73.98978041,member
541506,C34EB23C385FE5B6,docked_bike,2021-02-13 17:35:52,2021-02-13 17:48:46,St James Pl & Pearl St,5167,E 4 St & 2 Ave,5593,40.711174,-74.000165,40.726281,-73.98978,member
541510,6038FBD5CCA1A4CA,docked_bike,2021-02-24 18:49:26,2021-02-24 18:59:17,W 15 St & 6 Ave,5989,E 4 St & 2 Ave,5593,40.738046,-73.996429,40.7262807,-73.98978041,member
541522,D760C1A68B30F803,docked_bike,2021-02-21 15:56:47,2021-02-21 16:09:19,Hudson St & W 13 St,6115,E 4 St & 2 Ave,5593,40.740057,-74.005274,40.7262807,-73.98978041,member
541525,7BFC5F5E4E6E6218,docked_bike,2021-02-08 16:14:34,2021-02-08 16:26:02,Hudson St & W 13 St,6115,E 4 St & 2 Ave,5593,40.740057,-74.005274,40.726281,-73.98978,member
541526,EBF201841E2335A8,docked_bike,2021-02-24 16:28:06,2021-02-24 16:36:17,Hudson St & W 13 St,6115,E 4 St & 2 Ave,5593,40.740057,-74.005274,40.7262807,-73.98978041,member
541536,B8DCEB2EF227DA79,docked_bike,2021-02-21 15:11:12,2021-02-21 15:29:56,Hudson St & W 13 St,6115,E 4 St & 2 Ave,5593,40.740057,-74.005274,40.7262807,-73.98978041,member
541538,DD4CF3D052581554,docked_bike,2021-02-23 14:26:03,2021-02-23 14:39:08,E 27 St & 1 Ave,6004,E 4 St & 2 Ave,5593,40.739445,-73.976806,40.726281,-73.98978,member
541558,DF4ACD5D9B36D4E2,docked_bike,2021-02-13 17:34:43,2021-02-13 17:49:24,St James Pl & Pearl St,5167,E 4 St & 2 Ave,5593,40.711174,-74.000165,40.7262807,-73.98978041,member
541563,13C8F5FC074F0E49,docked_bike,2021-02-24 18:49:44,2021-02-24 18:59:18,W 15 St & 6 Ave,5989,E 4 St & 2 Ave,5593,40.738046,-73.996429,40.7262807,-73.98978041,member
541580,2C612B7B3A64F758,docked_bike,2021-02-10 21:06:57,2021-02-10 21:24:17,Park Ave & St Edwards St,4700,E 4 St & 2 Ave,5593,40.696089,-73.978034,40.7262807,-73.98978041,member
541584,92EAC82E281A95CA,docked_bike,2021-02-12 18:13:07,2021-02-12 18:20:04,Allen St & Hester St,5342,E 4 St & 2 Ave,5593,40.716059,-73.991908,40.726281,-73.98978,member
541587,E081EC5490E8AC9B,docked_bike,2021-02-17 17:37:01,2021-02-17 17:46:12,W 15 St & 6 Ave,5989,E 4 St & 2 Ave,5593,40.738046,-73.996429,40.7262807,-73.98978041,member
541597,1EDD6294CA48679A,docked_bike,2021-02-24 04:42:51,2021-02-24 04:49:03,Madison St & Clinton St,5190,E 4 St & 2 Ave,5593,40.71269,-73.987763,40.7262807,-73.98978041,member
541604,1F02B198D8A2BE04,docked_bike,2021-02-27 16:44:46,2021-02-27 16:50:37,Allen St & Hester St,5342,E 4 St & 2 Ave,5593,40.716058,-73.991907,40.7262807,-73.98978041,member
541610,96E8BFD800193B2A,docked_bike,2021-02-13 01:46:11,2021-02-13 01:51:09,Allen St & Hester St,5342,E 4 St & 2 Ave,5593,40.716058,-73.991907,40.7262807,-73.98978041,member
541612,7894B78981834B50,docked_bike,2021-02-12 03:28:48,2021-02-12 03:34:16,Allen St & Hester St,5342,E 4 St & 2 Ave,5593,40.716058,-73.991907,40.7262807,-73.98978041,member
541628,91981E24504A4356,docked_bike,2021-02-22 04:08:22,2021-02-22 04:51:51,21 Ave & 80 St,7060,E 4 St & 2 Ave,5593,40.770888,-73.889914,40.7262807,-73.98978041,casual
541631,16CB8EC1299DC9F1,docked_bike,2021-02-22 09:15:52,2021-02-22 09:37:30,Hudson St & W 13 St,6115,E 4 St & 2 Ave,5593,40.740057,-74.005274,40.7262807,-73.98978041,member
541641,77887B724426FEFF,docked_bike,2021-02-26 04:46:22,2021-02-26 04:52:42,Canal St & Rutgers St,5303,E 4 St & 2 Ave,5593,40.714274,-73.9899,40.7262807,-73.98978041,member
541642,F82003B273C31FEC,docked_bike,2021-02-06 10:33:57,2021-02-06 10:43:24,Cherry St,5181,E 4 St & 2 Ave,5593,40.712199,-73.979481,40.726281,-73.98978,casual
541648,4ED6F3AF067E1D30,docked_bike,2021-02-16 16:30:57,2021-02-16 16:41:21,E 27 St & 1 Ave,6004,E 4 St & 2 Ave,5593,40.739445,-73.976806,40.7262807,-73.98978041,member
541661,EDF98E9462668E17,docked_bike,2021-02-25 04:34:26,2021-02-25 04:41:23,Madison St & Clinton St,5190,E 4 St & 2 Ave,5593,40.71269,-73.987763,40.7262807,-73.98978041,member
541675,9F910364A88B3AF2,docked_bike,2021-02-05 16:54:34,2021-02-05 17:04:11,E 27 St & 1 Ave,6004,E 4 St & 2 Ave,5593,40.739445,-73.976806,40.726281,-73.98978,member
541676,A2A7ECD0E36F0620,docked_bike,2021-02-20 18:31:19,2021-02-20 18:46:55,Hudson St & W 13 St,6115,E 4 St & 2 Ave,5593,40.740057,-74.005274,40.7262807,-73.98978041,member
541680,684699BB76B3D6E2,docked_bike,2021-02-23 12:06:55,2021-02-23 12:14:08,Allen St & Hester St,5342,E 4 St & 2 Ave,5593,40.716058,-73.991907,40.7262807,-73.98978041,member
541683,5B8D0A07406ACDD4,docked_bike,2021-02-10 04:30:12,2021-02-10 04:35:33,Allen St & Hester St,5342,E 4 St & 2 Ave,5593,40.716059,-73.991908,40.726281,-73.98978,member
541687,EBB707FACBCB1C48,docked_bike,2021-02-10 14:47:27,2021-02-10 14:55:00,Allen St & Hester St,5342,E 4 St & 2 Ave,5593,40.716059,-73.991908,40.726281,-73.98978,member
541688,D7D99F06A4E953AC,docked_bike,2021-02-03 14:53:12,2021-02-03 15:01:07,Allen St & Hester St,5342,E 4 St & 2 Ave,5593,40.716059,-73.991908,40.726281,-73.98978,member
541692,FE9FD9F9EE4351D1,docked_bike,2021-02-10 10:29:16,2021-02-10 10:35:58,Delancey St & Eldridge St,5414,E 4 St & 2 Ave,5593,40.719383,-73.991479,40.726281,-73.98978,member
541703,EAE3F40C3EAC2CBA,docked_bike,2021-02-12 21:53:31,2021-02-12 22:02:39,Canal St & Rutgers St,5303,E 4 St & 2 Ave,5593,40.714275,-73.9899,40.726281,-73.98978,member
541705,3913F5C6834DA276,docked_bike,2021-02-28 04:30:30,2021-02-28 04:37:04,Canal St & Rutgers St,5303,E 4 St & 2 Ave,5593,40.714274,-73.9899,40.7262807,-73.98978041,member
541715,4F16723BFC1DEBF3,docked_bike,2021-02-25 19:33:27,2021-02-25 19:56:08,Marcy Ave & Lafayette Ave,4476,E 4 St & 2 Ave,5593,40.690081,-73.947915,40.7262807,-73.98978041,member
541736,67EFD7C3193A7F3C,docked_bike,2021-02-05 19:29:48,2021-02-05 19:38:13,E 20 St & Park Ave,6055,E 4 St & 2 Ave,5593,40.738274,-73.987519,40.7262807,-73.98978041,member
541738,1B18EE53690462F1,docked_bike,2021-02-08 14:14:22,2021-02-08 14:21:15,Canal St & Rutgers St,5303,E 4 St & 2 Ave,5593,40.714275,-73.9899,40.726281,-73.98978,casual
541739,2482D44BF2B19FE8,docked_bike,2021-02-23 16:16:59,2021-02-23 16:31:10,E 56 St & 3 Ave,6691,E 4 St & 2 Ave,5593,40.759345,-73.967596,40.7262807,-73.98978041,member
541742,72D5F2D738AD39F4,docked_bike,2021-02-09 15:08:22,2021-02-09 15:36:25,38 Ave & 29 St,6538,E 4 St & 2 Ave,5593,40.75473,-73.93367,40.726281,-73.98978,member
541761,2D1D4D618784F67F,docked_bike,2021-02-17 09:56:41,2021-02-17 10:32:05,38 Ave & 29 St,6538,E 4 St & 2 Ave,5593,40.75473,-73.93367,40.7262807,-73.98978041,member
541766,BA819BD009FCB83A,docked_bike,2021-02-25 15:06:48,2021-02-25 15:31:13,38 Ave & 29 St,6538,E 4 St & 2 Ave,5593,40.75473,-73.93367,40.7262807,-73.98978041,member
541774,8533922FDB5E3CFE,docked_bike,2021-02-17 13:46:58,2021-02-17 14:00:54,W 36 St & 9 Ave,6569,E 4 St & 2 Ave,5593,40.754623,-73.995167,40.7262807,-73.98978041,member
541814,7CB982CDFDCB982A,docked_bike,2021-02-12 17:50:14,2021-02-12 17:57:06,E 20 St & Park Ave,6055,E 4 St & 2 Ave,5593,40.738274,-73.98752,40.726281,-73.98978,casual
541819,3EF0CDD48D4D7821,docked_bike,2021-02-25 13:42:27,2021-02-25 13:52:49,Park Pl & Church St,5288,E 4 St & 2 Ave,5593,40.713342,-74.009355,40.726281,-73.98978,member
541822,69E14C691B50C283,docked_bike,2021-02-26 21:01:47,2021-02-26 21:18:15,W 36 St & 9 Ave,6569,E 4 St & 2 Ave,5593,40.754623,-73.995168,40.726281,-73.98978,member
541823,BF5FBE09F2794335,docked_bike,2021-02-24 18:27:44,2021-02-24 18:31:29,E 7 St & Avenue A,5626,E 4 St & 2 Ave,5593,40.726217,-73.983798,40.7262807,-73.98978041,member
541825,BCF29E91A9191963,docked_bike,2021-02-24 20:45:42,2021-02-24 20:49:25,E 7 St & Avenue A,5626,E 4 St & 2 Ave,5593,40.726217,-73.983798,40.7262807,-73.98978041,member
541827,A1388A4D1BC5D637,docked_bike,2021-02-13 11:45:34,2021-02-13 11:48:58,E 7 St & Avenue A,5626,E 4 St & 2 Ave,5593,40.726217,-73.983798,40.7262807,-73.98978041,member
541830,E28FC27668E1FA79,docked_bike,2021-02-13 14:30:43,2021-02-13 15:06:05,E 7 St & Avenue A,5626,E 4 St & 2 Ave,5593,40.726217,-73.983798,40.7262807,-73.98978041,member
541833,FEE236087DD567F5,docked_bike,2021-02-11 19:42:55,2021-02-11 20:11:20,E 7 St & Avenue A,5626,E 4 St & 2 Ave,5593,40.726217,-73.983798,40.7262807,-73.98978041,member
541842,E23096D9F8D88063,docked_bike,2021-02-15 09:27:16,2021-02-15 09:51:44,Bond St & Fulton St,4479,E 4 St & 2 Ave,5593,40.689621,-73.983042,40.7262807,-73.98978041,member
541845,040BA1882E05CAF1,docked_bike,2021-02-23 12:57:19,2021-02-23 13:15:47,E 7 St & Avenue A,5626,E 4 St & 2 Ave,5593,40.726217,-73.983798,40.7262807,-73.98978041,member
541850,C6CB1738F0830486,docked_bike,2021-02-08 20:12:48,2021-02-08 20:16:59,E 7 St & Avenue A,5626,E 4 St & 2 Ave,5593,40.726217,-73.983798,40.7262807,-73.98978041,member
541854,9850ECC37CA6F3B5,docked_bike,2021-02-11 16:36:28,2021-02-11 17:01:14,E 7 St & Avenue A,5626,E 4 St & 2 Ave,5593,40.726217,-73.983798,40.7262807,-73.98978041,member
541855,6B78D7C38F7C11CC,docked_bike,2021-02-23 13:00:36,2021-02-23 13:04:59,E 7 St & Avenue A,5626,E 4 St & 2 Ave,5593,40.726217,-73.983798,40.7262807,-73.98978041,member
541859,A813C6B724C3F763,docked_bike,2021-02-08 15:33:19,2021-02-08 15:39:07,E 7 St & Avenue A,5626,E 4 St & 2 Ave,5593,40.726217,-73.983798,40.7262807,-73.98978041,member
541860,3A0608380C579E7E,docked_bike,2021-02-15 20:39:58,2021-02-15 20:42:54,E 7 St & Avenue A,5626,E 4 St & 2 Ave,5593,40.726217,-73.983798,40.7262807,-73.98978041,member
541862,6E1AD86860754767,docked_bike,2021-02-23 13:19:33,2021-02-23 13:23:34,E 7 St & Avenue A,5626,E 4 St & 2 Ave,5593,40.726217,-73.983798,40.7262807,-73.98978041,member
541863,69FF688CCD0B1A9A,docked_bike,2021-02-25 17:41:03,2021-02-25 17:52:50,E 7 St & Avenue A,5626,E 4 St & 2 Ave,5593,40.726217,-73.983798,40.7262807,-73.98978041,member
541865,D425666950473A09,docked_bike,2021-02-09 07:40:04,2021-02-09 07:44:06,E 7 St & Avenue A,5626,E 4 St & 2 Ave,5593,40.726217,-73.983798,40.7262807,-73.98978041,member
541867,0F9439CBFAE51703,docked_bike,2021-02-22 09:43:55,2021-02-22 09:47:39,E 7 St & Avenue A,5626,E 4 St & 2 Ave,5593,40.726217,-73.983798,40.7262807,-73.98978041,member
541868,DA0536C155E23B59,docked_bike,2021-02-22 20:59:02,2021-02-22 21:01:28,E 7 St & Avenue A,5626,E 4 St & 2 Ave,5593,40.726217,-73.983798,40.7262807,-73.98978041,member
541873,4C80DD98331E2FA7,docked_bike,2021-02-18 20:31:45,2021-02-18 20:34:30,E 7 St & Avenue A,5626,E 4 St & 2 Ave,5593,40.726217,-73.983798,40.7262807,-73.98978041,member
541882,12565D9C38A1F1E7,docked_bike,2021-02-22 22:23:29,2021-02-22 22:27:40,E 11 St & 2 Ave,5746,E 4 St & 2 Ave,5593,40.730473,-73.986723,40.7262807,-73.98978041,member
541887,FFD45B2115F4DCE0,docked_bike,2021-02-21 13:25:27,2021-02-21 13:29:00,E 11 St & 2 Ave,5746,E 4 St & 2 Ave,5593,40.730473,-73.986723,40.7262807,-73.98978041,member
541888,CE4AAC0A9359EFF0,docked_bike,2021-02-20 22:09:38,2021-02-20 22:12:10,E 11 St & 2 Ave,5746,E 4 St & 2 Ave,5593,40.730473,-73.986723,40.7262807,-73.98978041,member
541890,CE402FBEF658392D,docked_bike,2021-02-26 19:21:44,2021-02-26 19:25:15,E 11 St & 2 Ave,5746,E 4 St & 2 Ave,5593,40.730473,-73.986723,40.7262807,-73.98978041,member
541895,1F371B2D67F76104,docked_bike,2021-02-04 18:04:53,2021-02-04 18:30:07,9 Ave & W 22 St,6266,E 4 St & 2 Ave,5593,40.745497,-74.001971,40.726281,-73.98978,member
541898,0098D45613B9A050,docked_bike,2021-02-23 13:21:06,2021-02-23 13:37:02,9 Ave & W 22 St,6266,E 4 St & 2 Ave,5593,40.745497,-74.001971,40.726281,-73.98978,member
541901,77492F31A145681A,docked_bike,2021-02-17 09:23:04,2021-02-17 09:43:43,9 Ave & W 22 St,6266,E 4 St & 2 Ave,5593,40.745497,-74.001971,40.7262807,-73.98978041,member
541914,E66EBEEDF595E851,docked_bike,2021-02-07 20:00:38,2021-02-07 20:16:04,9 Ave & W 22 St,6266,E 4 St & 2 Ave,5593,40.745497,-74.001971,40.7262807,-73.98978041,casual
541918,05218203A2C29876,docked_bike,2021-02-14 11:37:50,2021-02-14 12:19:35,Adam Clayton Powell Blvd & W 123 St,7704,E 4 St & 2 Ave,5593,40.807831,-73.949373,40.7262807,-73.98978041,casual
541923,33769E6F25F2369D,docked_bike,2021-02-19 18:51:41,2021-02-19 19:14:10,9 Ave & W 22 St,6266,E 4 St & 2 Ave,5593,40.745497,-74.001971,40.7262807,-73.98978041,member
541931,DC7057C476F36BBA,docked_bike,2021-02-05 23:16:53,2021-02-05 23:18:56,E 11 St & 2 Ave,5746,E 4 St & 2 Ave,5593,40.730473,-73.986723,40.7262807,-73.98978041,member
541937,7313986BAAC0864F,docked_bike,2021-02-23 08:04:27,2021-02-23 08:44:52,Broadway & W 37 St,6441,E 4 St & 2 Ave,5593,40.751726,-73.987535,40.7262807,-73.98978041,member
541940,6D03BB24E70B0128,docked_bike,2021-02-13 12:22:20,2021-02-13 12:38:59,Washington St & Gansevoort St,6039,E 4 St & 2 Ave,5593,40.739323,-74.008119,40.7262807,-73.98978041,member
541947,580B9AD601232B61,docked_bike,2021-02-22 17:23:36,2021-02-22 17:25:49,E 11 St & 2 Ave,5746,E 4 St & 2 Ave,5593,40.730473,-73.986724,40.726281,-73.98978,member
541953,1AF40D6DBED4CC72,docked_bike,2021-02-13 15:19:32,2021-02-13 15:33:19,9 Ave & W 22 St,6266,E 4 St & 2 Ave,5593,40.745497,-74.001971,40.7262807,-73.98978041,member
541957,A5F65D0C671BE112,docked_bike,2021-02-09 13:21:33,2021-02-09 13:33:35,9 Ave & W 22 St,6266,E 4 St & 2 Ave,5593,40.745497,-74.001971,40.726281,-73.98978,member
541959,CF4D9665130DAB67,docked_bike,2021-02-26 23:59:31,2021-02-27 00:16:04,9 Ave & W 22 St,6266,E 4 St & 2 Ave,5593,40.745497,-74.001971,40.7262807,-73.98978041,casual
541962,5099CF9A79592DDD,docked_bike,2021-02-09 19:08:52,2021-02-09 19:27:51,9 Ave & W 22 St,6266,E 4 St & 2 Ave,5593,40.745497,-74.001971,40.7262807,-73.98978041,member
541970,20652767FC95E76B,docked_bike,2021-02-11 12:31:55,2021-02-11 12:43:49,9 Ave & W 22 St,6266,E 4 St & 2 Ave,5593,40.745497,-74.001971,40.7262807,-73.98978041,member
541973,0C5E1FF4C70F0D8F,docked_bike,2021-02-17 09:26:05,2021-02-17 09:43:42,9 Ave & W 22 St,6266,E 4 St & 2 Ave,5593,40.745497,-74.001971,40.7262807,-73.98978041,member
541977,DD55114BF58EC916,docked_bike,2021-02-13 12:58:37,2021-02-13 13:02:20,E 11 St & 2 Ave,5746,E 4 St & 2 Ave,5593,40.730473,-73.986724,40.726281,-73.98978,member
541979,9A8E7A1217F6127C,docked_bike,2021-02-03 19:10:40,2021-02-03 19:24:59,9 Ave & W 22 St,6266,E 4 St & 2 Ave,5593,40.745497,-74.001971,40.726281,-73.98978,member
541980,F9AF6B5A7EDC8A2E,docked_bike,2021-02-09 16:20:52,2021-02-09 16:24:44,E 11 St & 2 Ave,5746,E 4 St & 2 Ave,5593,40.730473,-73.986723,40.7262807,-73.98978041,member
541983,D44574527BB4AF2B,docked_bike,2021-02-17 17:46:19,2021-02-17 17:56:16,9 Ave & W 22 St,6266,E 4 St & 2 Ave,5593,40.745497,-74.001971,40.7262807,-73.98978041,member
541985,362A99E44B95B0CE,docked_bike,2021-02-25 18:22:25,2021-02-25 18:25:14,E 11 St & 2 Ave,5746,E 4 St & 2 Ave,5593,40.730473,-73.986723,40.7262807,-73.98978041,member
541991,88DEB15110A0F3CE,docked_bike,2021-02-11 21:56:49,2021-02-11 22:09:13,W 11 St & 6 Ave,5914,E 4 St & 2 Ave,5593,40.735324,-73.998004,40.7262807,-73.98978041,member
541992,53F0C0E8EDBBBBE0,docked_bike,2021-02-10 21:56:29,2021-02-10 22:07:07,W 11 St & 6 Ave,5914,E 4 St & 2 Ave,5593,40.735324,-73.998004,40.7262807,-73.98978041,member
541993,33F22C492CD168CD,docked_bike,2021-02-07 22:05:11,2021-02-07 22:12:40,W 11 St & 6 Ave,5914,E 4 St & 2 Ave,5593,40.735324,-73.998004,40.7262807,-73.98978041,member
541994,A78CE63E92E6A603,docked_bike,2021-02-08 20:26:46,2021-02-08 20:39:06,W 11 St & 6 Ave,5914,E 4 St & 2 Ave,5593,40.735324,-73.998004,40.7262807,-73.98978041,member
541997,4FC8FDCA1340C038,docked_bike,2021-02-12 10:28:44,2021-02-12 11:05:49,Bedford Ave & Bergen St,4066,E 4 St & 2 Ave,5593,40.676368,-73.952918,40.7262807,-73.98978041,casual
542000,E62980C398C48C8F,docked_bike,2021-02-26 21:11:21,2021-02-26 21:31:17,W 47 St & 10 Ave,6824,E 4 St & 2 Ave,5593,40.762698,-73.993012,40.7262807,-73.98978041,member
542004,97E93772783E5ED1,docked_bike,2021-02-26 18:03:58,2021-02-26 18:15:06,W 11 St & 6 Ave,5914,E 4 St & 2 Ave,5593,40.735324,-73.998004,40.7262807,-73.98978041,member
542006,F984B8E21AD407C9,docked_bike,2021-02-13 15:18:15,2021-02-13 15:24:39,E 11 St & 2 Ave,5746,E 4 St & 2 Ave,5593,40.730473,-73.986723,40.7262807,-73.98978041,member
542013,A59152577709BFE9,docked_bike,2021-02-26 19:17:32,2021-02-26 19:25:43,W 11 St & 6 Ave,5914,E 4 St & 2 Ave,5593,40.735324,-73.998004,40.7262807,-73.98978041,member
542016,669E33D678C6FA99,docked_bike,2021-02-26 18:04:12,2021-02-26 18:15:07,W 11 St & 6 Ave,5914,E 4 St & 2 Ave,5593,40.735324,-73.998004,40.7262807,-73.98978041,casual
542024,A1A1B111CEC033C1,docked_bike,2021-02-19 20:29:39,2021-02-19 21:01:19,W 11 St & 6 Ave,5914,E 4 St & 2 Ave,5593,40.735324,-73.998004,40.726281,-73.98978,member
542028,7D4ABDC4AAC97D03,docked_bike,2021-02-06 21:18:21,2021-02-06 21:28:34,W 11 St & 6 Ave,5914,E 4 St & 2 Ave,5593,40.735324,-73.998004,40.7262807,-73.98978041,member
542029,F9405FDBE71FA096,docked_bike,2021-02-12 19:53:47,2021-02-12 20:05:52,W 11 St & 6 Ave,5914,E 4 St & 2 Ave,5593,40.735324,-73.998004,40.7262807,-73.98978041,member
542030,BB52376FD58C9C92,docked_bike,2021-02-09 21:03:51,2021-02-09 21:15:44,W 11 St & 6 Ave,5914,E 4 St & 2 Ave,5593,40.735324,-73.998004,40.7262807,-73.98978041,member
542035,03FF5A160A902548,docked_bike,2021-02-10 09:34:23,2021-02-10 09:44:10,W 11 St & 6 Ave,5914,E 4 St & 2 Ave,5593,40.735324,-73.998004,40.726281,-73.98978,member
542043,8BC70F8CB5424EC6,docked_bike,2021-02-27 16:45:02,2021-02-27 16:52:37,W 11 St & 6 Ave,5914,E 4 St & 2 Ave,5593,40.735324,-73.998004,40.7262807,-73.98978041,member
542066,00DD5DE53D239CEC,docked_bike,2021-02-26 15:06:58,2021-02-26 15:17:30,W 11 St & 6 Ave,5914,E 4 St & 2 Ave,5593,40.735324,-73.998004,40.726281,-73.98978,member
542077,269BBB4EEB1AA9F3,docked_bike,2021-02-06 17:15:32,2021-02-06 17:35:46,W 53 St & 10 Ave,6890,E 4 St & 2 Ave,5593,40.766696,-73.990617,40.7262807,-73.98978041,casual
542099,D33F92FC56351FB8,docked_bike,2021-02-24 15:13:47,2021-02-24 15:24:44,Pearl St & Peck Slip,5096,E 4 St & 2 Ave,5593,40.708485,-74.002751,40.7262807,-73.98978041,member
542120,2D45CBABD6F7B45E,docked_bike,2021-02-16 18:56:58,2021-02-16 19:12:44,8 Ave & W 31 St,6450,E 4 St & 2 Ave,5593,40.750585,-73.994684,40.7262807,-73.98978041,member
542122,9D50F217847E687A,docked_bike,2021-02-06 14:56:40,2021-02-06 15:06:34,Pearl St & Peck Slip,5096,E 4 St & 2 Ave,5593,40.708485,-74.002751,40.7262807,-73.98978041,member
542143,1D42C258CEC425ED,docked_bike,2021-02-21 16:15:29,2021-02-21 16:37:13,W 15 St & 10 Ave,6115,E 4 St & 2 Ave,5593,40.742753,-74.007473,40.7262807,-73.98978041,casual
542167,25EA862CCF7B0813,docked_bike,2021-02-16 14:20:57,2021-02-16 14:49:17,Broadway & W 58 St,6948,E 4 St & 2 Ave,5593,40.766953,-73.981693,40.7262807,-73.98978041,member
542180,6162D423E04CBC61,docked_bike,2021-02-23 18:20:57,2021-02-23 18:26:44,Rivington St & Ridge St,5406,E 4 St & 2 Ave,5593,40.718502,-73.983298,40.7262807,-73.98978041,member
542181,179365A45F03BAC7,docked_bike,2021-02-22 18:23:01,2021-02-22 18:29:38,Rivington St & Ridge St,5406,E 4 St & 2 Ave,5593,40.718502,-73.983298,40.7262807,-73.98978041,member
542201,306614EE7C47C6A8,docked_bike,2021-02-05 18:24:11,2021-02-05 18:31:20,Rivington St & Ridge St,5406,E 4 St & 2 Ave,5593,40.718502,-73.983299,40.726281,-73.98978,member
542206,347F83CD81F36DF5,docked_bike,2021-02-13 10:59:03,2021-02-13 11:08:01,2 Ave & E 31 St,6197,E 4 St & 2 Ave,5593,40.742909,-73.97706,40.7262807,-73.98978041,member
542208,F6A7F577BA2A74E7,docked_bike,2021-02-22 18:23:00,2021-02-22 18:29:18,Rivington St & Ridge St,5406,E 4 St & 2 Ave,5593,40.718502,-73.983299,40.726281,-73.98978,member
542209,222ADDA12FE9EB5C,docked_bike,2021-02-14 15:32:46,2021-02-14 15:41:25,Rivington St & Ridge St,5406,E 4 St & 2 Ave,5593,40.718502,-73.983299,40.726281,-73.98978,member
542210,39C9E33B9A23FC00,docked_bike,2021-02-13 19:37:59,2021-02-13 19:45:56,Rivington St & Ridge St,5406,E 4 St & 2 Ave,5593,40.718502,-73.983299,40.726281,-73.98978,member
542211,74AFE2CB79410AE0,docked_bike,2021-02-20 17:41:38,2021-02-20 17:51:04,Rivington St & Ridge St,5406,E 4 St & 2 Ave,5593,40.718502,-73.983299,40.726281,-73.98978,member
542218,E6BD71A15334557B,docked_bike,2021-02-24 17:37:01,2021-02-24 18:29:16,Central Park W & W 97 St,7538,E 4 St & 2 Ave,5593,40.792495,-73.96417,40.7262807,-73.98978041,member
542219,052E06DAC0D6AE31,docked_bike,2021-02-17 21:45:21,2021-02-17 22:23:28,2 Ave & E 31 St,6197,E 4 St & 2 Ave,5593,40.742909,-73.97706,40.7262807,-73.98978041,member
542221,1E9BCB2D5933B2B3,docked_bike,2021-02-05 21:02:34,2021-02-05 21:13:18,2 Ave & E 31 St,6197,E 4 St & 2 Ave,5593,40.742909,-73.977061,40.726281,-73.98978,member
542223,70AA0B27CDCEA64C,docked_bike,2021-02-15 17:42:35,2021-02-15 18:07:44,E 7 St & Avenue A,5626,E 4 St & 2 Ave,5593,40.726217,-73.983798,40.7262807,-73.98978041,casual
542227,399A246BF859C1C4,docked_bike,2021-02-05 17:54:02,2021-02-05 18:02:36,Rivington St & Ridge St,5406,E 4 St & 2 Ave,5593,40.718502,-73.983298,40.7262807,-73.98978041,member
542229,52AB504AC3989044,docked_bike,2021-02-25 16:20:42,2021-02-25 16:28:34,2 Ave & E 31 St,6197,E 4 St & 2 Ave,5593,40.742909,-73.97706,40.7262807,-73.98978041,member
542248,0B16CC34010E4E3A,docked_bike,2021-02-09 19:12:32,2021-02-09 19:35:35,2 Ave & E 31 St,6197,E 4 St & 2 Ave,5593,40.742909,-73.97706,40.7262807,-73.98978041,member
542250,0CEAC3938A7D61AF,docked_bike,2021-02-20 14:45:01,2021-02-20 15:00:32,2 Ave & E 31 St,6197,E 4 St & 2 Ave,5593,40.742909,-73.97706,40.7262807,-73.98978041,casual
542265,9FEEF90D96FC9EC3,docked_bike,2021-02-09 17:50:38,2021-02-09 17:59:07,2 Ave & E 31 St,6197,E 4 St & 2 Ave,5593,40.742909,-73.97706,40.7262807,-73.98978041,member
542270,60C7BD5DE9C53C51,docked_bike,2021-02-26 18:29:16,2021-02-26 18:36:08,Rivington St & Ridge St,5406,E 4 St & 2 Ave,5593,40.718502,-73.983299,40.726281,-73.98978,member
542291,1C99711969DD9C2F,docked_bike,2021-02-23 07:26:59,2021-02-23 07:42:22,Lawrence St & Willoughby St,4596,E 4 St & 2 Ave,5593,40.692361,-73.986317,40.7262807,-73.98978041,member
542350,DB9E2C30BB9143D9,docked_bike,2021-02-04 18:22:02,2021-02-04 18:41:00,Pershing Square North,6432,E 4 St & 2 Ave,5593,40.751873,-73.977706,40.726281,-73.98978,member
542362,A28D42A339AB47C7,docked_bike,2021-02-20 16:55:13,2021-02-20 17:20:42,8 Ave & W 38 St,6526,E 4 St & 2 Ave,5593,40.75461,-73.99177,40.7262807,-73.98978041,member
542370,FF5AE67BBF095902,docked_bike,2021-02-23 15:44:28,2021-02-23 16:01:07,Pershing Square North,6432,E 4 St & 2 Ave,5593,40.751873,-73.977706,40.726281,-73.98978,member
542384,924F8E1A6AFFB68E,docked_bike,2021-02-05 11:18:39,2021-02-05 11:22:37,Grand St & Elizabeth St,5382,E 4 St & 2 Ave,5593,40.718822,-73.99596,40.7262807,-73.98978041,member
542387,D15B4897C08E5E79,docked_bike,2021-02-23 18:08:09,2021-02-23 18:16:23,Rivington St & Ridge St,5406,E 4 St & 2 Ave,5593,40.718502,-73.983298,40.7262807,-73.98978041,member
542402,2412BAB7998A708F,docked_bike,2021-02-17 10:03:28,2021-02-17 10:41:02,Steinway St & Ditmars Blvd,7074,E 4 St & 2 Ave,5593,40.772717,-73.906127,40.7262807,-73.98978041,member
542403,0C0E68684F90055D,docked_bike,2021-02-11 18:45:01,2021-02-11 18:52:37,Grand St & Elizabeth St,5382,E 4 St & 2 Ave,5593,40.718822,-73.99596,40.7262807,-73.98978041,member
542409,E2D01E7BF0576A59,docked_bike,2021-02-26 23:21:26,2021-02-26 23:30:24,Grand St & Elizabeth St,5382,E 4 St & 2 Ave,5593,40.718822,-73.99596,40.7262807,-73.98978041,member
542412,4F613CB2D8631186,docked_bike,2021-02-08 16:29:18,2021-02-08 16:34:13,E 5 St & Avenue C,5545,E 4 St & 2 Ave,5593,40.722992,-73.979955,40.726281,-73.98978,member
542413,7E84C6FD553330CD,docked_bike,2021-02-13 11:50:04,2021-02-13 12:06:05,E 53 St & Lexington Ave,6617,E 4 St & 2 Ave,5593,40.75828,-73.970694,40.7262807,-73.98978041,member
542415,B3E233281AC5E779,docked_bike,2021-02-21 16:12:20,2021-02-21 16:18:25,E 5 St & Avenue C,5545,E 4 St & 2 Ave,5593,40.722992,-73.979954,40.7262807,-73.98978041,member
542425,C8886CAF91C8A025,docked_bike,2021-02-12 12:30:33,2021-02-12 12:36:34,Grand St & Elizabeth St,5382,E 4 St & 2 Ave,5593,40.718822,-73.99596,40.7262807,-73.98978041,member
542428,7635D127E8445A98,docked_bike,2021-02-21 17:08:32,2021-02-21 17:14:08,Grand St & Elizabeth St,5382,E 4 St & 2 Ave,5593,40.718822,-73.99596,40.7262807,-73.98978041,member
542429,6AFCCEC462B4A17C,docked_bike,2021-02-24 12:04:04,2021-02-24 12:11:23,Grand St & Elizabeth St,5382,E 4 St & 2 Ave,5593,40.718822,-73.99596,40.7262807,-73.98978041,member
542430,4F571BB9BF16DA45,docked_bike,2021-02-09 16:56:43,2021-02-09 17:02:29,Grand St & Elizabeth St,5382,E 4 St & 2 Ave,5593,40.718822,-73.99596,40.726281,-73.98978,member
542433,E06FB814971C4A4F,docked_bike,2021-02-27 19:17:21,2021-02-27 19:35:03,Greenwich St & Hubert St,5470,E 4 St & 2 Ave,5593,40.721319,-74.010065,40.7262807,-73.98978041,member
542438,002679327DA36493,docked_bike,2021-02-11 16:27:49,2021-02-11 16:34:48,E 5 St & Avenue C,5545,E 4 St & 2 Ave,5593,40.722992,-73.979955,40.726281,-73.98978,member
542439,123FC74381E1A827,docked_bike,2021-02-17 16:27:18,2021-02-17 16:31:50,E 5 St & Avenue C,5545,E 4 St & 2 Ave,5593,40.722992,-73.979954,40.7262807,-73.98978041,member
542440,77E81022BE63AB16,docked_bike,2021-02-28 22:45:21,2021-02-28 22:52:34,Grand St & Elizabeth St,5382,E 4 St & 2 Ave,5593,40.718822,-73.99596,40.7262807,-73.98978041,member
542441,9BFCA0014908694D,docked_bike,2021-02-25 22:04:59,2021-02-25 22:13:01,Grand St & Elizabeth St,5382,E 4 St & 2 Ave,5593,40.718822,-73.99596,40.7262807,-73.98978041,member
542461,377AB7F57C902AAA,docked_bike,2021-02-23 19:02:56,2021-02-23 19:14:19,2 Ave & E 31 St,6197,E 4 St & 2 Ave,5593,40.742909,-73.97706,40.7262807,-73.98978041,member
542462,8689C8922FEB2A86,docked_bike,2021-02-25 14:39:50,2021-02-25 14:47:40,2 Ave & E 31 St,6197,E 4 St & 2 Ave,5593,40.742909,-73.97706,40.7262807,-73.98978041,member
542470,6DC55C61C907C15F,docked_bike,2021-02-06 11:29:17,2021-02-06 11:48:00,Pershing Square North,6432,E 4 St & 2 Ave,5593,40.751873,-73.977706,40.726281,-73.98978,member
542476,C8BDF693C423CECA,docked_bike,2021-02-13 15:27:15,2021-02-13 15:34:55,W 11 St & 6 Ave,5914,E 4 St & 2 Ave,5593,40.735324,-73.998004,40.7262807,-73.98978041,member
542477,874BC9D66EC18B24,docked_bike,2021-02-05 20:57:49,2021-02-05 21:10:19,W 11 St & 6 Ave,5914,E 4 St & 2 Ave,5593,40.735324,-73.998004,40.726281,-73.98978,member
542483,5BCA38A97968DB84,docked_bike,2021-02-15 23:17:50,2021-02-15 23:26:47,Grand St & Elizabeth St,5382,E 4 St & 2 Ave,5593,40.718822,-73.99596,40.7262807,-73.98978041,casual
542487,823F41286AF50AB3,docked_bike,2021-02-24 22:03:25,2021-02-24 22:11:58,Grand St & Elizabeth St,5382,E 4 St & 2 Ave,5593,40.718822,-73.99596,40.7262807,-73.98978041,member
542488,9EF571FDA8A5B575,docked_bike,2021-02-27 17:55:44,2021-02-27 18:03:11,Grand St & Elizabeth St,5382,E 4 St & 2 Ave,5593,40.718822,-73.99596,40.7262807,-73.98978041,member
542498,6B897018B2C2B8F3,docked_bike,2021-02-16 16:27:59,2021-02-16 16:32:22,E 5 St & Avenue C,5545,E 4 St & 2 Ave,5593,40.722992,-73.979954,40.7262807,-73.98978041,member
542499,CEF43A911FC3AF4F,docked_bike,2021-02-16 18:00:00,2021-02-16 18:06:49,E 5 St & Avenue C,5545,E 4 St & 2 Ave,5593,40.722992,-73.979955,40.726281,-73.98978,member
542500,1735F2EE6AAA97B1,docked_bike,2021-02-21 19:54:08,2021-02-21 20:00:29,E 5 St & Avenue C,5545,E 4 St & 2 Ave,5593,40.722992,-73.979955,40.726281,-73.98978,member
542508,69EAD1F74BBA24FE,docked_bike,2021-02-04 14:21:44,2021-02-04 14:34:03,Grand St & Elizabeth St,5382,E 4 St & 2 Ave,5593,40.718822,-73.99596,40.726281,-73.98978,member
542509,89CCE8E028CF8CCE,docked_bike,2021-02-13 17:00:36,2021-02-13 17:06:49,Grand St & Elizabeth St,5382,E 4 St & 2 Ave,5593,40.718822,-73.99596,40.726281,-73.98978,member
542510,8AA4EE9B1E6A824C,docked_bike,2021-02-17 15:03:07,2021-02-17 15:08:07,Grand St & Elizabeth St,5382,E 4 St & 2 Ave,5593,40.718822,-73.99596,40.726281,-73.98978,member
542517,209AAB4A8970B2C9,docked_bike,2021-02-12 02:31:48,2021-02-12 02:38:19,E 5 St & Avenue C,5545,E 4 St & 2 Ave,5593,40.722992,-73.979954,40.7262807,-73.98978041,member
542522,42DE16B534993CE3,docked_bike,2021-02-13 11:49:08,2021-02-13 12:06:11,E 53 St & Lexington Ave,6617,E 4 St & 2 Ave,5593,40.758281,-73.970694,40.726281,-73.98978,member
542523,02D17953B93654EE,docked_bike,2021-02-07 12:08:41,2021-02-07 12:17:17,Grand St & Elizabeth St,5382,E 4 St & 2 Ave,5593,40.718822,-73.99596,40.7262807,-73.98978041,member
542524,1574A7DFA184D6AE,docked_bike,2021-02-14 13:48:00,2021-02-14 13:54:49,Grand St & Elizabeth St,5382,E 4 St & 2 Ave,5593,40.718822,-73.99596,40.7262807,-73.98978041,member
542531,E186EC399BAF2663,docked_bike,2021-02-27 16:16:48,2021-02-27 16:29:10,Centre St & Worth St,5279,E 4 St & 2 Ave,5593,40.714948,-74.002344,40.7262807,-73.98978041,casual
542551,51F1EBE42347F865,docked_bike,2021-02-15 12:39:56,2021-02-15 13:01:43,E 48 St & 5 Ave,6626,E 4 St & 2 Ave,5593,40.757246,-73.978059,40.726281,-73.98978,member
542567,B5AC639FC059DD5E,docked_bike,2021-02-17 19:57:05,2021-02-17 20:02:22,Washington Pl & 6 Ave,5838,E 4 St & 2 Ave,5593,40.732241,-74.000264,40.726281,-73.98978,member
542570,819E655EE462AA6B,docked_bike,2021-02-14 09:52:04,2021-02-14 09:53:56,Washington Pl & Broadway,5755,E 4 St & 2 Ave,5593,40.729039,-73.994046,40.7262807,-73.98978041,member
542571,4AF566E4C4DB81E0,docked_bike,2021-02-27 20:00:44,2021-02-27 20:04:24,Washington Pl & Broadway,5755,E 4 St & 2 Ave,5593,40.729039,-73.994046,40.726281,-73.98978,member
542574,69CBF344EF0234A0,docked_bike,2021-02-24 17:42:20,2021-02-24 17:49:11,Washington Pl & 6 Ave,5838,E 4 St & 2 Ave,5593,40.732241,-74.000263,40.7262807,-73.98978041,member
542575,63873FB7FA0002CF,docked_bike,2021-02-06 18:01:06,2021-02-06 18:11:54,Clinton St & Grand St,5303,E 4 St & 2 Ave,5593,40.715595,-73.98703,40.726281,-73.98978,member
542576,887D0E0CF79BBCE9,docked_bike,2021-02-08 17:36:58,2021-02-08 17:46:24,Clinton St & Grand St,5303,E 4 St & 2 Ave,5593,40.715595,-73.98703,40.726281,-73.98978,member
542579,B662AB871DC88F09,docked_bike,2021-02-13 16:48:54,2021-02-13 16:56:06,Washington Pl & Broadway,5755,E 4 St & 2 Ave,5593,40.729039,-73.994046,40.7262807,-73.98978041,member
542584,A9E7DD7623A3AAFB,docked_bike,2021-02-12 18:51:16,2021-02-12 19:01:08,Clinton St & Grand St,5303,E 4 St & 2 Ave,5593,40.715595,-73.98703,40.726281,-73.98978,member
542588,DD1FAC5BC7761065,docked_bike,2021-02-10 18:07:50,2021-02-10 18:10:31,Washington Pl & Broadway,5755,E 4 St & 2 Ave,5593,40.729039,-73.994046,40.7262807,-73.98978041,member
542592,EE59222CFF2E9926,docked_bike,2021-02-11 19:27:03,2021-02-11 19:36:52,Clinton St & Grand St,5303,E 4 St & 2 Ave,5593,40.715595,-73.987029,40.7262807,-73.98978041,member
542595,484718060C4C25E3,docked_bike,2021-02-13 13:13:19,2021-02-13 13:23:59,Grand St & Elizabeth St,5382,E 4 St & 2 Ave,5593,40.718822,-73.99596,40.7262807,-73.98978041,member
542596,20279E2E2B479F8B,docked_bike,2021-02-12 10:24:33,2021-02-12 10:30:38,Grand St & Elizabeth St,5382,E 4 St & 2 Ave,5593,40.718822,-73.99596,40.726281,-73.98978,member
542599,44963D1AD1839410,docked_bike,2021-02-07 15:46:29,2021-02-07 15:55:46,Grand St & Elizabeth St,5382,E 4 St & 2 Ave,5593,40.718822,-73.99596,40.726281,-73.98978,member
542601,D2A8F20CED5D5EF7,docked_bike,2021-02-24 19:06:38,2021-02-24 19:34:42,Metropolitan Ave & Bedford Ave,5308,E 4 St & 2 Ave,5593,40.715348,-73.960241,40.7262807,-73.98978041,member
542603,4A34D68552720EF1,docked_bike,2021-02-08 16:24:02,2021-02-08 16:38:23,Clinton St & Grand St,5303,E 4 St & 2 Ave,5593,40.715595,-73.98703,40.726281,-73.98978,member
542613,CD9AE68491544219,docked_bike,2021-02-06 12:23:19,2021-02-06 12:32:06,E 6 St & Avenue B,5584,E 4 St & 2 Ave,5593,40.724537,-73.981854,40.726281,-73.98978,member
542627,FE12E763936E1AF6,docked_bike,2021-02-20 13:58:06,2021-02-20 14:04:04,Washington Pl & 6 Ave,5838,E 4 St & 2 Ave,5593,40.732241,-74.000263,40.7262807,-73.98978041,member
542629,D2B3026E39189AC2,docked_bike,2021-02-25 18:58:22,2021-02-25 19:01:46,E 6 St & Avenue B,5584,E 4 St & 2 Ave,5593,40.724537,-73.981854,40.7262807,-73.98978041,member
542634,ED466B7FB4492517,docked_bike,2021-02-21 20:00:52,2021-02-21 20:07:13,Washington Pl & 6 Ave,5838,E 4 St & 2 Ave,5593,40.732241,-74.000264,40.726281,-73.98978,member
542652,FC4A4CE9F469FFB3,docked_bike,2021-02-12 15:21:24,2021-02-12 15:29:03,Washington Pl & 6 Ave,5838,E 4 St & 2 Ave,5593,40.732241,-74.000263,40.7262807,-73.98978041,member
542654,4C75CBDA45B998FD,docked_bike,2021-02-12 16:32:03,2021-02-12 16:35:58,Washington Pl & Broadway,5755,E 4 St & 2 Ave,5593,40.729039,-73.994046,40.7262807,-73.98978041,member
542657,11F23F4112144DFA,docked_bike,2021-02-11 16:48:56,2021-02-11 16:54:40,Clinton St & Grand St,5303,E 4 St & 2 Ave,5593,40.715595,-73.987029,40.7262807,-73.98978041,member
542659,3A443BE1E28AC5F4,docked_bike,2021-02-17 12:33:48,2021-02-17 12:37:15,Washington Pl & Broadway,5755,E 4 St & 2 Ave,5593,40.729039,-73.994046,40.726281,-73.98978,member
542660,667B87D75BCE55A0,docked_bike,2021-02-10 12:50:27,2021-02-10 12:53:14,Washington Pl & Broadway,5755,E 4 St & 2 Ave,5593,40.729039,-73.994046,40.7262807,-73.98978041,member
542664,40C128B7275C7DC3,docked_bike,2021-02-26 17:17:17,2021-02-26 17:22:23,Washington Pl & 6 Ave,5838,E 4 St & 2 Ave,5593,40.732241,-74.000263,40.7262807,-73.98978041,member
542670,7AF7E0964A89B5DD,docked_bike,2021-02-03 18:58:00,2021-02-03 19:09:10,E 6 St & Avenue B,5584,E 4 St & 2 Ave,5593,40.724537,-73.981854,40.726281,-73.98978,member
542671,C7F48D00B495C841,docked_bike,2021-02-25 20:53:55,2021-02-25 20:58:34,Washington Pl & 6 Ave,5838,E 4 St & 2 Ave,5593,40.732241,-74.000263,40.7262807,-73.98978041,member
542696,2B52A2048825585F,docked_bike,2021-02-19 13:26:16,2021-02-19 13:49:36,N 15 St & Wythe Ave,5520,E 4 St & 2 Ave,5593,40.724055,-73.955736,40.7262807,-73.98978041,member
542732,D7CE7CA99483BC00,docked_bike,2021-02-23 11:59:51,2021-02-23 12:32:03,Broadway & E 22 St,6098,E 4 St & 2 Ave,5593,40.740343,-73.989551,40.726281,-73.98978,member
542737,6B45642FB6BFAAF6,docked_bike,2021-02-08 14:16:12,2021-02-08 14:28:19,Broadway & E 22 St,6098,E 4 St & 2 Ave,5593,40.740343,-73.989551,40.726281,-73.98978,member
542748,579C55FC70767A6B,docked_bike,2021-02-10 12:21:19,2021-02-10 12:31:09,Broadway & E 22 St,6098,E 4 St & 2 Ave,5593,40.740343,-73.989551,40.7262807,-73.98978041,member
542788,319F944214325188,docked_bike,2021-02-26 15:37:17,2021-02-26 15:50:11,Broadway & E 22 St,6098,E 4 St & 2 Ave,5593,40.740343,-73.989551,40.726281,-73.98978,member
542793,AE04BE7DE7D9C4CF,docked_bike,2021-02-14 12:18:09,2021-02-14 12:25:47,Avenue D & E 10 St,5575,E 4 St & 2 Ave,5593,40.725065,-73.975158,40.7262807,-73.98978041,member
542796,161F49BF8985CFA2,docked_bike,2021-02-15 13:21:12,2021-02-15 13:31:49,Broadway & E 22 St,6098,E 4 St & 2 Ave,5593,40.740343,-73.989551,40.726281,-73.98978,member
542799,36A27D366B0A24F9,docked_bike,2021-02-26 17:09:25,2021-02-26 17:17:48,Christopher St & Greenwich St,5847,E 4 St & 2 Ave,5593,40.732915,-74.007113,40.7262807,-73.98978041,member
542808,FAE8B0625783890A,docked_bike,2021-02-14 18:07:43,2021-02-14 18:36:58,Stockholm St & Wilson Ave,4824,E 4 St & 2 Ave,5593,40.699304,-73.923044,40.7262807,-73.98978041,member
542824,736192C599DDB1D6,docked_bike,2021-02-06 10:39:25,2021-02-06 10:55:19,Broadway & E 22 St,6098,E 4 St & 2 Ave,5593,40.740343,-73.989551,40.7262807,-73.98978041,member
542825,E591B3A8A7223C21,docked_bike,2021-02-25 19:29:02,2021-02-25 19:49:22,W 59 St & 10 Ave,7023,E 4 St & 2 Ave,5593,40.770513,-73.988038,40.7262807,-73.98978041,member
542833,8A9F00FEC9DBD67B,docked_bike,2021-02-08 19:18:28,2021-02-08 19:26:32,Christopher St & Greenwich St,5847,E 4 St & 2 Ave,5593,40.732916,-74.007114,40.726281,-73.98978,member
542841,FB13FB0DC8655455,docked_bike,2021-02-17 11:22:23,2021-02-17 11:33:46,Broadway & E 22 St,6098,E 4 St & 2 Ave,5593,40.740343,-73.989551,40.726281,-73.98978,member
542852,037799DD28424AFC,docked_bike,2021-02-25 11:31:37,2021-02-25 12:00:28,Broadway & E 22 St,6098,E 4 St & 2 Ave,5593,40.740343,-73.989551,40.726281,-73.98978,member
542856,ED2884EBA909C8A9,docked_bike,2021-02-14 11:27:45,2021-02-14 11:35:50,Christopher St & Greenwich St,5847,E 4 St & 2 Ave,5593,40.732915,-74.007113,40.7262807,-73.98978041,member
542858,2E933077CBCFD315,docked_bike,2021-02-23 11:46:02,2021-02-23 11:58:35,Christopher St & Greenwich St,5847,E 4 St & 2 Ave,5593,40.732915,-74.007113,40.7262807,-73.98978041,member
542870,38CE2B522C2D835C,docked_bike,2021-02-10 15:47:45,2021-02-10 16:01:48,Christopher St & Greenwich St,5847,E 4 St & 2 Ave,5593,40.732916,-74.007114,40.726281,-73.98978,member
542874,6C6C2DD499DC7378,docked_bike,2021-02-22 09:18:04,2021-02-22 09:31:13,Christopher St & Greenwich St,5847,E 4 St & 2 Ave,5593,40.732915,-74.007113,40.7262807,-73.98978041,casual
542876,319903602A143610,docked_bike,2021-02-13 11:23:30,2021-02-13 11:31:31,Christopher St & Greenwich St,5847,E 4 St & 2 Ave,5593,40.732915,-74.007113,40.7262807,-73.98978041,member
542877,C028BC86E93DFA70,docked_bike,2021-02-20 11:23:12,2021-02-20 11:31:10,Christopher St & Greenwich St,5847,E 4 St & 2 Ave,5593,40.732915,-74.007113,40.7262807,-73.98978041,member
542878,230EA9BD26291475,docked_bike,2021-02-28 11:25:50,2021-02-28 11:34:49,Christopher St & Greenwich St,5847,E 4 St & 2 Ave,5593,40.732915,-74.007113,40.7262807,-73.98978041,member
542882,35C506038B913CF9,docked_bike,2021-02-21 10:09:24,2021-02-21 10:18:23,Christopher St & Greenwich St,5847,E 4 St & 2 Ave,5593,40.732915,-74.007113,40.7262807,-73.98978041,casual
542884,00AF3939B96E3186,docked_bike,2021-02-26 18:00:34,2021-02-26 18:13:11,Christopher St & Greenwich St,5847,E 4 St & 2 Ave,5593,40.732915,-74.007113,40.7262807,-73.98978041,member
542897,891C3C86C88AEC39,docked_bike,2021-02-19 19:15:58,2021-02-19 19:22:23,Christopher St & Greenwich St,5847,E 4 St & 2 Ave,5593,40.732915,-74.007113,40.7262807,-73.98978041,member
542915,228D1D9980441948,docked_bike,2021-02-21 11:26:48,2021-02-21 11:33:49,Christopher St & Greenwich St,5847,E 4 St & 2 Ave,5593,40.732915,-74.007113,40.7262807,-73.98978041,member
542925,9DDBBBC0B4B20388,docked_bike,2021-02-26 22:42:29,2021-02-26 22:49:50,Washington Pl & 6 Ave,5838,E 4 St & 2 Ave,5593,40.732241,-74.000263,40.7262807,-73.98978041,member
542926,B3F4E23B57FB0043,docked_bike,2021-02-04 11:45:34,2021-02-04 11:47:57,Washington Pl & Broadway,5755,E 4 St & 2 Ave,5593,40.729039,-73.994046,40.726281,-73.98978,member
542927,6ECD15FC242CEB0F,docked_bike,2021-02-21 20:02:15,2021-02-21 20:06:06,E 6 St & Avenue B,5584,E 4 St & 2 Ave,5593,40.724537,-73.981854,40.7262807,-73.98978041,member
542928,01961615DC2750B0,docked_bike,2021-02-06 13:51:46,2021-02-06 14:05:51,Clinton St & Grand St,5303,E 4 St & 2 Ave,5593,40.715595,-73.98703,40.726281,-73.98978,member
542930,365BF9B8773C59F3,docked_bike,2021-02-18 10:23:41,2021-02-18 10:35:42,Clinton St & Grand St,5303,E 4 St & 2 Ave,5593,40.715595,-73.98703,40.726281,-73.98978,member
542938,F3D6FFB752BD44C3,docked_bike,2021-02-25 18:44:54,2021-02-25 18:57:57,Henry St & Grand St,5294,E 4 St & 2 Ave,5593,40.714211,-73.981095,40.726281,-73.98978,member
542939,8DB797322B7AE298,docked_bike,2021-02-22 14:04:22,2021-02-22 14:08:00,E 6 St & Avenue B,5584,E 4 St & 2 Ave,5593,40.724537,-73.981854,40.7262807,-73.98978041,casual
542947,4763C97BE60B2CDA,docked_bike,2021-02-06 17:08:48,2021-02-06 17:16:18,Broadway & E 22 St,6098,E 4 St & 2 Ave,5593,40.740343,-73.989551,40.7262807,-73.98978041,member
542956,AB334D4B44CA85B1,docked_bike,2021-02-06 11:59:09,2021-02-06 12:11:19,Broadway & E 22 St,6098,E 4 St & 2 Ave,5593,40.740343,-73.989551,40.7262807,-73.98978041,member
542961,A3AD5134B913FF5F,docked_bike,2021-02-26 19:42:54,2021-02-26 19:55:52,Henry St & Grand St,5294,E 4 St & 2 Ave,5593,40.714211,-73.981095,40.7262807,-73.98978041,member
542962,273CAC82E6C88928,docked_bike,2021-02-20 06:59:13,2021-02-20 07:25:20,Henry St & Grand St,5294,E 4 St & 2 Ave,5593,40.714211,-73.981095,40.7262807,-73.98978041,member
542969,E4BEF5B123CA95A2,docked_bike,2021-02-13 04:28:11,2021-02-13 04:38:48,Henry St & Grand St,5294,E 4 St & 2 Ave,5593,40.714211,-73.981095,40.7262807,-73.98978041,member
542979,C17C3265FB63C6FA,docked_bike,2021-02-24 11:33:07,2021-02-24 11:47:46,Murray St & West St,5329,E 4 St & 2 Ave,5593,40.714978,-74.013012,40.7262807,-73.98978041,member
542980,9710018E142142FD,docked_bike,2021-02-26 21:55:09,2021-02-26 22:04:17,Henry St & Grand St,5294,E 4 St & 2 Ave,5593,40.714211,-73.981095,40.726281,-73.98978,member
542984,C05A60318A2E765F,docked_bike,2021-02-23 13:20:28,2021-02-23 13:35:59,E 56 St & Madison Ave,6732,E 4 St & 2 Ave,5593,40.761573,-73.972628,40.7262807,-73.98978041,member
542987,A2575C5A937E2065,docked_bike,2021-02-03 14:00:36,2021-02-03 14:07:33,Norfolk St & Broome St,5374,E 4 St & 2 Ave,5593,40.717227,-73.988021,40.726281,-73.98978,member
542988,1EF3055243646D12,docked_bike,2021-02-04 10:11:28,2021-02-04 10:12:51,1 Ave & E 5 St,5626,E 4 St & 2 Ave,5593,40.725864,-73.986389,40.726281,-73.98978,member
542990,04656D4D77676595,docked_bike,2021-02-10 09:42:45,2021-02-10 09:49:24,Norfolk St & Broome St,5374,E 4 St & 2 Ave,5593,40.717227,-73.988021,40.726281,-73.98978,casual
542994,0BD1DAA0EDAFD3CF,docked_bike,2021-02-16 19:36:40,2021-02-16 19:38:15,1 Ave & E 5 St,5626,E 4 St & 2 Ave,5593,40.725864,-73.986389,40.7262807,-73.98978041,member
542996,D782127E15B931A6,docked_bike,2021-02-15 14:33:15,2021-02-15 14:42:09,Henry St & Grand St,5294,E 4 St & 2 Ave,5593,40.714211,-73.981095,40.7262807,-73.98978041,member
543001,9F45642DCA6C3866,docked_bike,2021-02-05 09:44:47,2021-02-05 09:49:46,Washington Pl & 6 Ave,5838,E 4 St & 2 Ave,5593,40.732241,-74.000263,40.7262807,-73.98978041,member
543003,645F2196D963FF14,docked_bike,2021-02-21 16:44:50,2021-02-21 16:47:36,Washington Pl & Broadway,5755,E 4 St & 2 Ave,5593,40.729039,-73.994046,40.726281,-73.98978,member
543005,92C98939D8236676,docked_bike,2021-02-25 10:05:29,2021-02-25 10:07:54,1 Ave & E 5 St,5626,E 4 St & 2 Ave,5593,40.725864,-73.986389,40.7262807,-73.98978041,member
543007,198D70453A679FDD,docked_bike,2021-02-05 13:18:37,2021-02-05 13:21:19,1 Ave & E 5 St,5626,E 4 St & 2 Ave,5593,40.725864,-73.986389,40.7262807,-73.98978041,member
543008,42BAAED107BAD3B3,docked_bike,2021-02-08 12:46:54,2021-02-08 12:48:48,1 Ave & E 5 St,5626,E 4 St & 2 Ave,5593,40.725864,-73.986389,40.7262807,-73.98978041,member
543009,ABDC38D23C0C86E7,docked_bike,2021-02-05 13:09:35,2021-02-05 13:11:27,1 Ave & E 5 St,5626,E 4 St & 2 Ave,5593,40.725864,-73.986389,40.7262807,-73.98978041,member
543011,30A61273B7E9F07C,docked_bike,2021-02-13 17:39:56,2021-02-13 17:43:04,1 Ave & E 5 St,5626,E 4 St & 2 Ave,5593,40.725864,-73.986389,40.7262807,-73.98978041,member
543014,FD5E923A4BDE962D,docked_bike,2021-02-27 17:47:09,2021-02-27 17:49:12,1 Ave & E 5 St,5626,E 4 St & 2 Ave,5593,40.725864,-73.986389,40.7262807,-73.98978041,member
543016,6E08DDB078CCB1A5,docked_bike,2021-02-16 18:35:37,2021-02-16 18:40:50,Norfolk St & Broome St,5374,E 4 St & 2 Ave,5593,40.717227,-73.98802,40.7262807,-73.98978041,member
543017,53B066F0DF2AF39F,docked_bike,2021-02-13 08:16:43,2021-02-13 08:43:33,Central Park W & W 91 St,7453,E 4 St & 2 Ave,5593,40.788664,-73.9668,40.7262807,-73.98978041,member
543018,D92CE50F90979DF3,docked_bike,2021-02-24 07:41:08,2021-02-24 08:12:00,Central Park W & W 91 St,7453,E 4 St & 2 Ave,5593,40.788664,-73.9668,40.7262807,-73.98978041,member
543021,058BD01F7CF7E672,docked_bike,2021-02-08 12:42:11,2021-02-08 12:44:35,1 Ave & E 5 St,5626,E 4 St & 2 Ave,5593,40.725864,-73.986389,40.7262807,-73.98978041,member
543022,296E25B7B404AD94,docked_bike,2021-02-05 13:13:34,2021-02-05 13:15:59,1 Ave & E 5 St,5626,E 4 St & 2 Ave,5593,40.725864,-73.986389,40.7262807,-73.98978041,member
543023,E2DB80F98B18672C,docked_bike,2021-02-06 20:12:55,2021-02-06 20:14:37,1 Ave & E 5 St,5626,E 4 St & 2 Ave,5593,40.725864,-73.986389,40.7262807,-73.98978041,member
543024,48FF5DD44EF40FDF,docked_bike,2021-02-15 20:00:36,2021-02-15 20:02:14,1 Ave & E 5 St,5626,E 4 St & 2 Ave,5593,40.725864,-73.986389,40.7262807,-73.98978041,member
543030,B5DC706383FE5CAE,docked_bike,2021-02-22 09:06:23,2021-02-22 09:27:22,E 56 St & Madison Ave,6732,E 4 St & 2 Ave,5593,40.761573,-73.972628,40.7262807,-73.98978041,member
543031,253C230DDB319172,docked_bike,2021-02-13 15:43:16,2021-02-13 16:22:01,Central Park W & W 91 St,7453,E 4 St & 2 Ave,5593,40.788664,-73.9668,40.7262807,-73.98978041,member
543034,91033D5F6D932CA5,docked_bike,2021-02-06 13:10:47,2021-02-06 13:14:08,1 Ave & E 5 St,5626,E 4 St & 2 Ave,5593,40.725864,-73.986389,40.726281,-73.98978,member
543035,29FC4A75559B0A33,docked_bike,2021-02-05 14:38:21,2021-02-05 14:41:32,1 Ave & E 5 St,5626,E 4 St & 2 Ave,5593,40.725864,-73.986389,40.726281,-73.98978,member
543036,DEFEB1E01BF6B9F3,docked_bike,2021-02-05 12:51:25,2021-02-05 12:53:28,1 Ave & E 5 St,5626,E 4 St & 2 Ave,5593,40.725864,-73.986389,40.7262807,-73.98978041,member
543037,485CF130E7D18612,docked_bike,2021-02-05 12:55:20,2021-02-05 12:57:10,1 Ave & E 5 St,5626,E 4 St & 2 Ave,5593,40.725864,-73.986389,40.7262807,-73.98978041,member
543038,B340A7DFBEE3CBD1,docked_bike,2021-02-05 12:58:50,2021-02-05 13:00:41,1 Ave & E 5 St,5626,E 4 St & 2 Ave,5593,40.725864,-73.986389,40.7262807,-73.98978041,member
543049,3AED6E7649B662A2,docked_bike,2021-02-09 13:01:23,2021-02-09 13:20:04,Henry St & Grand St,5294,E 4 St & 2 Ave,5593,40.714211,-73.981095,40.726281,-73.98978,member
543054,3F3311B49BEA185A,docked_bike,2021-02-20 12:06:41,2021-02-20 12:51:28,3 Ave & E 72 St,7028,E 4 St & 2 Ave,5593,40.769942,-73.960607,40.7262807,-73.98978041,casual
543061,EB7700EE27FDAA82,docked_bike,2021-02-24 13:59:30,2021-02-24 14:24:07,W 40 St & 5 Ave,6474,E 4 St & 2 Ave,5593,40.752269,-73.982079,40.7262807,-73.98978041,member
543062,9B2F3F4C99BE1261,docked_bike,2021-02-18 15:00:54,2021-02-18 15:10:23,W 20 St & 7 Ave,6182,E 4 St & 2 Ave,5593,40.742388,-73.997262,40.726281,-73.98978,member
543075,58FD356DD4571C55,docked_bike,2021-02-24 20:05:42,2021-02-24 20:18:55,W 40 St & 5 Ave,6474,E 4 St & 2 Ave,5593,40.752269,-73.982079,40.726281,-73.98978,member
543076,C48AD368DF4C03C2,docked_bike,2021-02-05 17:21:06,2021-02-05 17:30:53,Pike St & Monroe St,5159,E 4 St & 2 Ave,5593,40.711731,-73.99193,40.726281,-73.98978,member
543077,0B5652198B5EDCB5,docked_bike,2021-02-14 18:52:18,2021-02-14 18:54:37,1 Ave & E 5 St,5626,E 4 St & 2 Ave,5593,40.725864,-73.986389,40.7262807,-73.98978041,member
543078,CC28716DD89749F5,docked_bike,2021-02-15 08:35:44,2021-02-15 08:37:54,1 Ave & E 5 St,5626,E 4 St & 2 Ave,5593,40.725864,-73.986389,40.7262807,-73.98978041,member
543079,2F9A387851413422,docked_bike,2021-02-24 03:16:05,2021-02-24 03:18:22,1 Ave & E 5 St,5626,E 4 St & 2 Ave,5593,40.725864,-73.986389,40.7262807,-73.98978041,member
543086,AD0780380B7FAAE3,docked_bike,2021-02-28 19:13:48,2021-02-28 19:25:14,W 40 St & 5 Ave,6474,E 4 St & 2 Ave,5593,40.752269,-73.982079,40.7262807,-73.98978041,member
543089,2E3CF9642FAB65F0,docked_bike,2021-02-13 10:02:36,2021-02-13 10:10:48,6 Ave & Canal St,5500,E 4 St & 2 Ave,5593,40.722437,-74.005664,40.7262807,-73.98978041,member
543090,4B0771A5AD68FC80,docked_bike,2021-02-09 10:42:29,2021-02-09 10:51:51,6 Ave & Canal St,5500,E 4 St & 2 Ave,5593,40.722437,-74.005664,40.7262807,-73.98978041,member
543091,7D1F8E5DBB30A26F,docked_bike,2021-02-16 10:13:16,2021-02-16 10:21:11,6 Ave & Canal St,5500,E 4 St & 2 Ave,5593,40.722437,-74.005664,40.7262807,-73.98978041,member
543092,9C3AC064BFFFCDC5,docked_bike,2021-02-07 08:22:16,2021-02-07 08:29:57,6 Ave & Canal St,5500,E 4 St & 2 Ave,5593,40.722437,-74.005664,40.7262807,-73.98978041,member
543103,DF2729EAE4CEB840,docked_bike,2021-02-16 17:07:44,2021-02-16 17:29:32,6 Ave & W 45 St,6593,E 4 St & 2 Ave,5593,40.756951,-73.982631,40.7262807,-73.98978041,member
543105,0F4B93BB9FDBF5B9,docked_bike,2021-02-26 15:50:49,2021-02-26 16:10:07,Graham Ave & Grand St,5178,E 4 St & 2 Ave,5593,40.711863,-73.944024,40.7262807,-73.98978041,member
543108,F7AC5680390E0A3F,docked_bike,2021-02-20 10:11:54,2021-02-20 13:05:09,N 12 St & Bedford Ave,5450,E 4 St & 2 Ave,5593,40.720798,-73.954847,40.7262807,-73.98978041,casual
543123,E0C5DF95BA1F2ED2,docked_bike,2021-02-24 17:08:18,2021-02-24 17:29:58,6 Ave & W 45 St,6593,E 4 St & 2 Ave,5593,40.756951,-73.982631,40.7262807,-73.98978041,member
543126,39A7B74C6D042681,docked_bike,2021-02-24 16:16:16,2021-02-24 16:45:07,6 Ave & W 45 St,6593,E 4 St & 2 Ave,5593,40.756951,-73.982631,40.7262807,-73.98978041,member
543127,D3A527CED33162A0,docked_bike,2021-02-26 17:06:25,2021-02-26 17:28:52,6 Ave & W 45 St,6593,E 4 St & 2 Ave,5593,40.756951,-73.982631,40.7262807,-73.98978041,member
543138,7A0061BAC67E314F,docked_bike,2021-02-26 15:50:22,2021-02-26 16:10:04,Graham Ave & Grand St,5178,E 4 St & 2 Ave,5593,40.711863,-73.944024,40.7262807,-73.98978041,member
543146,90C3220B1CD0AE63,docked_bike,2021-02-16 12:11:02,2021-02-16 12:34:56,N 12 St & Bedford Ave,5450,E 4 St & 2 Ave,5593,40.720798,-73.954847,40.726281,-73.98978,member
543147,968DED5AE5B44CFF,docked_bike,2021-02-16 12:13:36,2021-02-16 12:34:50,N 12 St & Bedford Ave,5450,E 4 St & 2 Ave,5593,40.720798,-73.954847,40.7262807,-73.98978041,member
543153,E0E82FC62129C028,docked_bike,2021-02-05 13:34:07,2021-02-05 13:35:13,E 2 St & 2 Ave,5593,E 4 St & 2 Ave,5593,40.725028,-73.990696,40.7262807,-73.98978041,member
543154,55446C4EA545B9E6,docked_bike,2021-02-08 12:55:25,2021-02-08 12:56:46,E 2 St & 2 Ave,5593,E 4 St & 2 Ave,5593,40.725028,-73.990696,40.7262807,-73.98978041,member
543160,C3D9AE6640B5D037,docked_bike,2021-02-25 09:32:53,2021-02-25 09:46:28,E 2 St & 2 Ave,5593,6 Ave & W 33 St,6364,40.725028,-73.990696,40.74901271,-73.98848395,member
543161,74E9C90256BD72C3,docked_bike,2021-02-25 19:46:47,2021-02-25 19:50:52,E 10 St & Avenue A,5659,E 4 St & 2 Ave,5593,40.727407,-73.98142,40.7262807,-73.98978041,casual
543168,7610051294647AFA,docked_bike,2021-02-06 14:09:46,2021-02-06 14:36:59,E 2 St & 2 Ave,5593,6 Ave & W 33 St,6364,40.725029,-73.990697,40.749013,-73.988484,casual
543171,678B03B3C2CBE527,docked_bike,2021-02-26 18:30:13,2021-02-26 18:35:33,E 2 St & 2 Ave,5593,E 4 St & 2 Ave,5593,40.725028,-73.990696,40.7262807,-73.98978041,member
543175,7D9CC6766EF70734,docked_bike,2021-02-22 12:36:45,2021-02-22 12:46:54,W 18 St & 6 Ave,6064,E 4 St & 2 Ave,5593,40.739713,-73.994564,40.7262807,-73.98978041,member
543176,601B0C147123B8DC,docked_bike,2021-02-05 13:42:25,2021-02-05 13:43:42,E 2 St & 2 Ave,5593,E 4 St & 2 Ave,5593,40.725028,-73.990696,40.7262807,-73.98978041,member
543177,8F51264B7FD4696F,docked_bike,2021-02-05 13:53:02,2021-02-05 13:54:17,E 2 St & 2 Ave,5593,E 4 St & 2 Ave,5593,40.725028,-73.990696,40.7262807,-73.98978041,member
543178,53947AE56CE3137F,docked_bike,2021-02-05 13:45:17,2021-02-05 13:46:58,E 2 St & 2 Ave,5593,E 4 St & 2 Ave,5593,40.725028,-73.990696,40.7262807,-73.98978041,member
543179,B1172256A6381F36,docked_bike,2021-02-26 05:43:08,2021-02-26 05:47:10,E 2 St & 2 Ave,5593,E 4 St & 2 Ave,5593,40.725028,-73.990696,40.7262807,-73.98978041,member
543185,018A0E122784079A,docked_bike,2021-02-23 07:46:20,2021-02-23 07:55:10,W 18 St & 6 Ave,6064,E 4 St & 2 Ave,5593,40.739713,-73.994564,40.726281,-73.98978,casual
543186,3E14A0717AAB180E,docked_bike,2021-02-05 13:22:54,2021-02-05 13:24:08,E 2 St & 2 Ave,5593,E 4 St & 2 Ave,5593,40.725028,-73.990696,40.7262807,-73.98978041,member
543187,66463F56ABD9BC6C,docked_bike,2021-02-08 12:58:09,2021-02-08 12:59:24,E 2 St & 2 Ave,5593,E 4 St & 2 Ave,5593,40.725028,-73.990696,40.7262807,-73.98978041,member
543192,3B5CDDA872CED562,docked_bike,2021-02-25 19:51:10,2021-02-25 19:55:36,E 10 St & Avenue A,5659,E 4 St & 2 Ave,5593,40.727407,-73.98142,40.7262807,-73.98978041,casual
543193,4EB687E1E8CCC28C,docked_bike,2021-02-23 09:27:28,2021-02-23 09:52:50,7 Ave & Central Park South,6912,E 4 St & 2 Ave,5593,40.76674,-73.979068,40.7262807,-73.98978041,member
543197,14D5C3DE2AA69D5A,docked_bike,2021-02-17 23:01:59,2021-02-17 23:12:25,E 2 St & 2 Ave,5593,W 25 St & 6 Ave,6215,40.725028,-73.990696,40.74395411,-73.99144871,casual
543198,2AB5EF27DB4CAC07,docked_bike,2021-02-19 16:09:29,2021-02-19 16:17:22,E 2 St & 2 Ave,5593,E 4 St & 2 Ave,5593,40.725028,-73.990696,40.7262807,-73.98978041,member
543201,83936B5B2D409E23,docked_bike,2021-02-13 18:22:59,2021-02-13 18:24:47,E 2 St & 2 Ave,5593,E 4 St & 2 Ave,5593,40.725028,-73.990696,40.7262807,-73.98978041,member
543202,012AC89AE4587D0E,docked_bike,2021-02-26 13:03:32,2021-02-26 13:21:20,E 2 St & 2 Ave,5593,W 25 St & 6 Ave,6215,40.725028,-73.990696,40.74395411,-73.99144871,member
543215,C2597CCC0B7F3D55,docked_bike,2021-02-06 14:10:49,2021-02-06 14:36:41,E 2 St & 2 Ave,5593,6 Ave & W 33 St,6364,40.725029,-73.990697,40.749013,-73.988484,casual
543225,295E746F82C5A61C,docked_bike,2021-02-24 09:29:28,2021-02-24 09:43:43,E 2 St & 2 Ave,5593,6 Ave & W 33 St,6364,40.725029,-73.990697,40.749013,-73.988484,member
543226,B28FB5A092442F98,docked_bike,2021-02-10 09:00:57,2021-02-10 09:09:54,E 10 St & Avenue A,5659,E 4 St & 2 Ave,5593,40.727408,-73.98142,40.726281,-73.98978,member
543227,E2D16F5303B3D602,docked_bike,2021-02-05 13:50:28,2021-02-05 13:51:40,E 2 St & 2 Ave,5593,E 4 St & 2 Ave,5593,40.725028,-73.990696,40.7262807,-73.98978041,member
543228,22950E46CEC4F2EC,docked_bike,2021-02-05 13:28:44,2021-02-05 13:30:02,E 2 St & 2 Ave,5593,E 4 St & 2 Ave,5593,40.725028,-73.990696,40.7262807,-73.98978041,member
543229,DBD16493A8FE17A5,docked_bike,2021-02-05 13:39:18,2021-02-05 13:40:43,E 2 St & 2 Ave,5593,E 4 St & 2 Ave,5593,40.725028,-73.990696,40.7262807,-73.98978041,member
543231,9E3A1713C06A9EBB,docked_bike,2021-02-25 21:51:41,2021-02-25 22:05:23,E 2 St & 2 Ave,5593,W 25 St & 6 Ave,6215,40.725028,-73.990696,40.74395411,-73.99144871,member
543233,CAC5B63517A91E90,docked_bike,2021-02-10 09:40:03,2021-02-10 09:41:48,E 2 St & 2 Ave,5593,E 4 St & 2 Ave,5593,40.725029,-73.990697,40.726281,-73.98978,casual
543237,D8A5F158117A2B66,docked_bike,2021-02-14 12:06:30,2021-02-14 12:41:57,W 18 St & 6 Ave,6064,E 4 St & 2 Ave,5593,40.739713,-73.994564,40.7262807,-73.98978041,member
543239,3301164E65F0CD03,docked_bike,2021-02-28 02:46:42,2021-02-28 02:54:46,Lexington Ave & E 36 St,6313,E 4 St & 2 Ave,5593,40.747573,-73.9788,40.7262807,-73.98978041,member
543244,E00C9AE104DE332D,docked_bike,2021-02-20 16:19:38,2021-02-20 16:24:53,MacDougal St & Washington Sq,5797,E 4 St & 2 Ave,5593,40.732263,-73.998522,40.7262807,-73.98978041,member
543245,EB434267A61DD953,docked_bike,2021-02-25 16:30:59,2021-02-25 16:49:11,Lexington Ave & E 36 St,6313,E 4 St & 2 Ave,5593,40.747573,-73.9788,40.7262807,-73.98978041,casual
543246,38CB2F0438D686FD,docked_bike,2021-02-21 18:54:01,2021-02-21 18:59:58,MacDougal St & Washington Sq,5797,E 4 St & 2 Ave,5593,40.732263,-73.998522,40.7262807,-73.98978041,member
543248,9665C327989435DD,docked_bike,2021-02-17 11:00:29,2021-02-17 11:10:00,6 Ave & Canal St,5500,E 4 St & 2 Ave,5593,40.722437,-74.005664,40.7262807,-73.98978041,member
543249,396E6672AB367B1E,docked_bike,2021-02-27 18:13:25,2021-02-27 18:40:03,3 Ave & E 72 St,7028,E 4 St & 2 Ave,5593,40.769942,-73.960607,40.7262807,-73.98978041,member
543252,33530EFD091E0EF5,docked_bike,2021-02-15 13:45:40,2021-02-15 13:59:32,W 40 St & 5 Ave,6474,E 4 St & 2 Ave,5593,40.752269,-73.982079,40.7262807,-73.98978041,member
543259,E6C86CA11481E960,docked_bike,2021-02-13 10:37:42,2021-02-13 10:42:06,Washington Pl & 6 Ave,5838,E 4 St & 2 Ave,5593,40.732241,-74.000263,40.7262807,-73.98978041,casual
543263,E1EF6D56E4C82193,docked_bike,2021-02-08 16:26:01,2021-02-08 16:36:53,Old Slip & South St,4993,E 4 St & 2 Ave,5593,40.703366,-74.007867,40.7262807,-73.98978041,member
543271,A2E4253A28D969DB,docked_bike,2021-02-13 15:25:45,2021-02-13 15:57:41,Maiden Ln & Pearl St,5065,E 4 St & 2 Ave,5593,40.707064,-74.007318,40.7262807,-73.98978041,member
543273,FFAB1DECB7921650,docked_bike,2021-02-27 16:32:30,2021-02-27 16:40:51,MacDougal St & Washington Sq,5797,E 4 St & 2 Ave,5593,40.732263,-73.998522,40.7262807,-73.98978041,member
543278,CC89FDC79F96D0D9,docked_bike,2021-02-16 09:51:03,2021-02-16 10:08:24,MacDougal St & Washington Sq,5797,E 4 St & 2 Ave,5593,40.732263,-73.998522,40.7262807,-73.98978041,casual
543280,BBAB67DFE3B34E80,docked_bike,2021-02-23 10:00:15,2021-02-23 10:08:02,MacDougal St & Washington Sq,5797,E 4 St & 2 Ave,5593,40.732263,-73.998522,40.7262807,-73.98978041,casual
543281,4DFD76242084DCEF,docked_bike,2021-02-24 23:02:57,2021-02-24 23:10:25,MacDougal St & Washington Sq,5797,E 4 St & 2 Ave,5593,40.732264,-73.998522,40.726281,-73.98978,casual
543282,AB955928F2941522,docked_bike,2021-02-23 22:15:53,2021-02-23 23:15:12,Lexington Ave & E 36 St,6313,E 4 St & 2 Ave,5593,40.747574,-73.978801,40.726281,-73.98978,member
543283,807B4DC28497D9FA,docked_bike,2021-02-26 17:44:40,2021-02-26 17:49:34,MacDougal St & Washington Sq,5797,E 4 St & 2 Ave,5593,40.732264,-73.998522,40.726281,-73.98978,member
543284,89658A7975BDB571,docked_bike,2021-02-05 22:40:17,2021-02-05 22:44:50,MacDougal St & Washington Sq,5797,E 4 St & 2 Ave,5593,40.732264,-73.998522,40.726281,-73.98978,member
543285,27DD479FCFEC562F,docked_bike,2021-02-15 22:13:26,2021-02-15 22:17:48,MacDougal St & Washington Sq,5797,E 4 St & 2 Ave,5593,40.732263,-73.998522,40.7262807,-73.98978041,member
543290,42298527B1FC401B,docked_bike,2021-02-20 12:02:32,2021-02-20 12:22:45,E 81 St & 2 Ave,7121,E 4 St & 2 Ave,5593,40.774779,-73.954274,40.7262807,-73.98978041,member
543291,E30267D8B60ACDAE,docked_bike,2021-02-24 23:05:08,2021-02-24 23:10:29,MacDougal St & Washington Sq,5797,E 4 St & 2 Ave,5593,40.732263,-73.998522,40.7262807,-73.98978041,casual
543293,C1F345483505D1BF,docked_bike,2021-02-11 18:45:58,2021-02-11 19:09:45,E 81 St & 2 Ave,7121,E 4 St & 2 Ave,5593,40.774779,-73.954274,40.7262807,-73.98978041,member
543295,D4059158576C12ED,docked_bike,2021-02-18 10:22:02,2021-02-18 10:28:17,MacDougal St & Washington Sq,5797,E 4 St & 2 Ave,5593,40.732263,-73.998522,40.7262807,-73.98978041,casual
543305,1D3E90F3AE8E27D2,docked_bike,2021-02-13 15:17:07,2021-02-13 15:22:12,MacDougal St & Washington Sq,5797,E 4 St & 2 Ave,5593,40.732263,-73.998522,40.7262807,-73.98978041,member
543307,2053F076D7FAE5AF,docked_bike,2021-02-20 16:44:17,2021-02-20 16:50:41,MacDougal St & Washington Sq,5797,E 4 St & 2 Ave,5593,40.732263,-73.998522,40.7262807,-73.98978041,casual
543308,4CEAB042E5F1A7D6,docked_bike,2021-02-14 17:58:15,2021-02-14 18:07:36,MacDougal St & Washington Sq,5797,E 4 St & 2 Ave,5593,40.732263,-73.998522,40.7262807,-73.98978041,member
543309,D97F8644374CFB1F,docked_bike,2021-02-06 10:34:06,2021-02-06 11:17:37,E 81 St & 2 Ave,7121,E 4 St & 2 Ave,5593,40.774779,-73.954275,40.726281,-73.98978,casual
543310,A1FB207319D33487,docked_bike,2021-02-06 10:36:48,2021-02-06 11:17:24,E 81 St & 2 Ave,7121,E 4 St & 2 Ave,5593,40.774779,-73.954274,40.7262807,-73.98978041,casual
543312,E155828FFDAC950C,docked_bike,2021-02-27 21:17:57,2021-02-27 21:22:30,MacDougal St & Washington Sq,5797,E 4 St & 2 Ave,5593,40.732263,-73.998522,40.7262807,-73.98978041,member
543313,BF35935DC84ECF43,docked_bike,2021-02-25 17:58:05,2021-02-25 18:04:54,MacDougal St & Washington Sq,5797,E 4 St & 2 Ave,5593,40.732264,-73.998522,40.726281,-73.98978,member
543314,3AC3355054A0874D,docked_bike,2021-02-12 17:38:57,2021-02-12 17:57:11,Lexington Ave & E 36 St,6313,E 4 St & 2 Ave,5593,40.747574,-73.978801,40.726281,-73.98978,casual
543317,FA65DFD1998E8301,docked_bike,2021-02-06 16:07:54,2021-02-06 16:11:28,St Marks Pl & 1 Ave,5626,E 4 St & 2 Ave,5593,40.727791,-73.985649,40.7262807,-73.98978041,member
543318,365782FD986EE3C2,docked_bike,2021-02-05 20:12:44,2021-02-05 20:49:40,W 49 St & 8 Ave,6747,E 4 St & 2 Ave,5593,40.762272,-73.987882,40.726281,-73.98978,member
543322,159A1EFF123CA2FE,docked_bike,2021-02-26 16:05:52,2021-02-26 16:14:02,St Marks Pl & 1 Ave,5626,E 4 St & 2 Ave,5593,40.727791,-73.985649,40.726281,-73.98978,member
543325,C81DCA2B6A8D352A,docked_bike,2021-02-26 14:40:06,2021-02-26 14:47:06,St Marks Pl & 1 Ave,5626,E 4 St & 2 Ave,5593,40.727791,-73.985649,40.7262807,-73.98978041,member
543329,F04D0819771C0378,docked_bike,2021-02-06 14:57:39,2021-02-06 15:10:13,Lexington Ave & E 36 St,6313,E 4 St & 2 Ave,5593,40.747574,-73.978801,40.726281,-73.98978,member
543333,5E6889B465643DCC,docked_bike,2021-02-17 11:23:10,2021-02-17 11:25:33,St Marks Pl & 1 Ave,5626,E 4 St & 2 Ave,5593,40.727791,-73.985649,40.7262807,-73.98978041,member
543335,E823B25C4A2E5609,docked_bike,2021-02-23 10:44:55,2021-02-23 10:47:19,St Marks Pl & 1 Ave,5626,E 4 St & 2 Ave,5593,40.727791,-73.985649,40.7262807,-73.98978041,member
543337,2651121AAF6F62DD,docked_bike,2021-02-18 20:45:50,2021-02-18 21:08:56,W 49 St & 8 Ave,6747,E 4 St & 2 Ave,5593,40.762272,-73.987882,40.7262807,-73.98978041,member
543339,5E01314F3FB34B17,docked_bike,2021-02-11 18:54:00,2021-02-11 19:08:44,E 25 St & 1 Ave,6004,E 4 St & 2 Ave,5593,40.738176,-73.977386,40.7262807,-73.98978041,casual
543346,F2ADF48AE975F46A,docked_bike,2021-02-27 11:53:13,2021-02-27 11:56:18,St Marks Pl & 1 Ave,5626,E 4 St & 2 Ave,5593,40.727791,-73.985649,40.7262807,-73.98978041,member
543350,51AE84D189A7F6A1,docked_bike,2021-02-07 01:29:22,2021-02-07 01:32:47,St Marks Pl & 1 Ave,5626,E 4 St & 2 Ave,5593,40.727791,-73.985649,40.7262807,-73.98978041,casual
543353,2D5AF41D6926A22D,docked_bike,2021-02-24 20:13:59,2021-02-24 20:33:28,W 49 St & 8 Ave,6747,E 4 St & 2 Ave,5593,40.762272,-73.987882,40.7262807,-73.98978041,member
543356,23E49D749B8386DD,docked_bike,2021-02-07 22:38:39,2021-02-07 22:59:57,E 81 St & 3 Ave,7154,E 4 St & 2 Ave,5593,40.77573,-73.956752,40.7262807,-73.98978041,member
543357,F370FC46ADC485B9,docked_bike,2021-02-25 14:07:15,2021-02-25 14:10:06,St Marks Pl & 1 Ave,5626,E 4 St & 2 Ave,5593,40.727791,-73.985649,40.7262807,-73.98978041,member
543364,EE7ECDD9B6AE67ED,docked_bike,2021-02-24 08:25:27,2021-02-24 08:34:29,E 25 St & 1 Ave,6004,E 4 St & 2 Ave,5593,40.738176,-73.977386,40.7262807,-73.98978041,member
543368,8A8776862E910EA4,docked_bike,2021-02-05 15:45:02,2021-02-05 15:48:42,St Marks Pl & 1 Ave,5626,E 4 St & 2 Ave,5593,40.727791,-73.985649,40.7262807,-73.98978041,member
543373,4938AC25AD1F1022,docked_bike,2021-02-25 16:17:42,2021-02-25 16:19:35,St Marks Pl & 1 Ave,5626,E 4 St & 2 Ave,5593,40.727791,-73.985649,40.7262807,-73.98978041,member
543375,C4F12942667F3EDC,docked_bike,2021-02-24 10:38:14,2021-02-24 10:49:11,E 25 St & 1 Ave,6004,E 4 St & 2 Ave,5593,40.738176,-73.977386,40.7262807,-73.98978041,member
543382,4FCCC4805841AD92,docked_bike,2021-02-15 11:51:30,2021-02-15 11:58:44,E 25 St & 1 Ave,6004,E 4 St & 2 Ave,5593,40.738176,-73.977386,40.7262807,-73.98978041,member
543383,57C22B42022107E8,docked_bike,2021-02-24 16:23:52,2021-02-24 17:03:44,St Marks Pl & 1 Ave,5626,E 4 St & 2 Ave,5593,40.727791,-73.985649,40.7262807,-73.98978041,casual
543385,165B5ADA06C0C487,docked_bike,2021-02-25 10:05:23,2021-02-25 10:07:55,1 Ave & E 5 St,5626,E 4 St & 2 Ave,5593,40.725864,-73.986389,40.7262807,-73.98978041,member
543388,3B145FAD3A0A7687,docked_bike,2021-02-08 12:38:10,2021-02-08 12:40:12,1 Ave & E 5 St,5626,E 4 St & 2 Ave,5593,40.725864,-73.986389,40.7262807,-73.98978041,member
543392,529D82654CC5A9AC,docked_bike,2021-02-18 16:11:18,2021-02-18 16:26:22,E 25 St & 1 Ave,6004,E 4 St & 2 Ave,5593,40.738176,-73.977386,40.7262807,-73.98978041,member
543393,5A17B2FD9BE3F1C3,docked_bike,2021-02-16 20:19:13,2021-02-16 20:21:40,St Marks Pl & 1 Ave,5626,E 4 St & 2 Ave,5593,40.727791,-73.985649,40.7262807,-73.98978041,member
543394,BEF0B706A8C3874A,docked_bike,2021-02-05 15:44:42,2021-02-05 15:48:16,St Marks Pl & 1 Ave,5626,E 4 St & 2 Ave,5593,40.727791,-73.985649,40.7262807,-73.98978041,member
543397,55A735357CB875BD,docked_bike,2021-02-23 17:04:34,2021-02-23 17:13:34,E 25 St & 1 Ave,6004,E 4 St & 2 Ave,5593,40.738176,-73.977386,40.7262807,-73.98978041,member
543399,99EF1C4A48E3DF2F,docked_bike,2021-02-20 22:04:31,2021-02-20 22:13:14,St Marks Pl & 1 Ave,5626,E 4 St & 2 Ave,5593,40.727791,-73.985649,40.7262807,-73.98978041,member
543401,0E70988FD76BAF60,docked_bike,2021-02-26 21:18:54,2021-02-26 21:24:05,MacDougal St & Washington Sq,5797,E 4 St & 2 Ave,5593,40.732263,-73.998522,40.7262807,-73.98978041,member
543402,DDB6C300D89C2823,docked_bike,2021-02-15 10:06:43,2021-02-15 10:12:00,MacDougal St & Washington Sq,5797,E 4 St & 2 Ave,5593,40.732263,-73.998522,40.7262807,-73.98978041,casual
543408,63A44E3D914E1308,docked_bike,2021-02-27 21:17:40,2021-02-27 21:22:12,MacDougal St & Washington Sq,5797,E 4 St & 2 Ave,5593,40.732263,-73.998522,40.7262807,-73.98978041,member
543412,CD99B918EE3C1D5F,docked_bike,2021-02-24 09:38:11,2021-02-24 09:37:59,MacDougal St & Washington Sq,5797,E 4 St & 2 Ave,5593,40.732263,-73.998522,40.7262807,-73.98978041,casual
543413,703C4BE0475F1613,docked_bike,2021-02-25 16:30:43,2021-02-25 16:49:53,Lexington Ave & E 36 St,6313,E 4 St & 2 Ave,5593,40.747573,-73.9788,40.7262807,-73.98978041,casual
543414,1648D6E7A585F146,docked_bike,2021-02-17 17:30:36,2021-02-17 17:33:32,Stanton St & Norfolk St,5445,E 4 St & 2 Ave,5593,40.720747,-73.986274,40.726281,-73.98978,member
543423,9CA5338FACB84B55,docked_bike,2021-02-16 15:16:07,2021-02-16 15:24:20,Clinton St & Grand St,5303,E 4 St & 2 Ave,5593,40.715595,-73.98703,40.726281,-73.98978,member
543425,4E53C676E009ED47,docked_bike,2021-02-13 15:19:13,2021-02-13 15:25:00,Washington Pl & 6 Ave,5838,E 4 St & 2 Ave,5593,40.732241,-74.000264,40.726281,-73.98978,casual
543426,148F91A9C26E5AD3,docked_bike,2021-02-14 17:23:02,2021-02-14 17:28:56,E 6 St & Avenue B,5584,E 4 St & 2 Ave,5593,40.724537,-73.981854,40.7262807,-73.98978041,member
543429,1B8CDE3619ED8BDD,docked_bike,2021-02-24 11:55:16,2021-02-24 11:58:27,Washington Pl & Broadway,5755,E 4 St & 2 Ave,5593,40.729039,-73.994046,40.7262807,-73.98978041,member
543431,6BA5F213E836E624,docked_bike,2021-02-21 09:01:07,2021-02-21 09:13:21,Clinton St & Grand St,5303,E 4 St & 2 Ave,5593,40.715595,-73.98703,40.726281,-73.98978,member
543432,CCC06296034A45C1,docked_bike,2021-02-05 13:06:06,2021-02-05 13:07:49,1 Ave & E 5 St,5626,E 4 St & 2 Ave,5593,40.725864,-73.986389,40.7262807,-73.98978041,member
543434,57EB6B5AE7217FA8,docked_bike,2021-02-10 19:19:27,2021-02-10 19:21:13,1 Ave & E 5 St,5626,E 4 St & 2 Ave,5593,40.725864,-73.986389,40.7262807,-73.98978041,member
543435,603AF0EA2D8280FA,docked_bike,2021-02-17 20:03:12,2021-02-17 20:04:55,1 Ave & E 5 St,5626,E 4 St & 2 Ave,5593,40.725864,-73.986389,40.7262807,-73.98978041,member
543452,5BAF32098DD81AA2,docked_bike,2021-02-13 23:22:24,2021-02-13 23:27:28,Lafayette St & Jersey St,5561,E 4 St & 2 Ave,5593,40.72456,-73.995652,40.7262807,-73.98978041,casual
543456,4898EF4927F16174,docked_bike,2021-02-13 17:28:28,2021-02-13 17:33:44,Lafayette St & Jersey St,5561,E 4 St & 2 Ave,5593,40.72456,-73.995652,40.7262807,-73.98978041,member
543457,D5DA134C4C439BB2,docked_bike,2021-02-17 18:53:46,2021-02-17 19:27:20,Lafayette St & Jersey St,5561,E 4 St & 2 Ave,5593,40.72456,-73.995652,40.7262807,-73.98978041,member
543458,B264B7C33CB3D627,docked_bike,2021-02-12 19:09:25,2021-02-12 19:50:51,Lafayette St & Jersey St,5561,E 4 St & 2 Ave,5593,40.72456,-73.995652,40.7262807,-73.98978041,member
543459,00B294245C8A76F2,docked_bike,2021-02-25 07:49:27,2021-02-25 07:57:20,W 18 St & 6 Ave,6064,E 4 St & 2 Ave,5593,40.739713,-73.994564,40.7262807,-73.98978041,casual
543461,A692A5D28625B254,docked_bike,2021-02-24 10:42:36,2021-02-24 10:57:10,E 2 St & 2 Ave,5593,6 Ave & W 33 St,6364,40.725029,-73.990697,40.749013,-73.988484,member
543463,C82BBCAD48D8E937,docked_bike,2021-02-06 22:26:56,2021-02-06 22:37:30,E 2 St & 2 Ave,5593,E 4 St & 2 Ave,5593,40.725029,-73.990697,40.726281,-73.98978,member
543469,5AC8687D7BD1A37A,docked_bike,2021-02-13 23:53:37,2021-02-13 23:56:12,Lafayette St & Jersey St,5561,E 4 St & 2 Ave,5593,40.724561,-73.995653,40.726281,-73.98978,member
543475,5BE4913525381753,docked_bike,2021-02-26 23:15:33,2021-02-26 23:21:10,Stanton St & Chrystie St,5523,E 4 St & 2 Ave,5593,40.722293,-73.991475,40.7262807,-73.98978041,member
543478,B0750DA68F25224A,docked_bike,2021-02-23 14:05:18,2021-02-23 14:08:55,Lafayette St & Jersey St,5561,E 4 St & 2 Ave,5593,40.72456,-73.995652,40.7262807,-73.98978041,member
543479,E9770390D06F1C4A,docked_bike,2021-02-24 20:01:42,2021-02-24 20:15:04,Lafayette St & Jersey St,5561,E 4 St & 2 Ave,5593,40.72456,-73.995652,40.7262807,-73.98978041,member
543484,E8D92DC947DEF32F,docked_bike,2021-02-13 17:28:55,2021-02-13 17:34:23,Lafayette St & Jersey St,5561,E 4 St & 2 Ave,5593,40.724561,-73.995653,40.726281,-73.98978,member
543485,7C24375AC513A6D4,docked_bike,2021-02-07 17:02:39,2021-02-07 17:55:10,Catherine St & Monroe St,5128,E 4 St & 2 Ave,5593,40.711174,-73.996826,40.7262807,-73.98978041,member
543488,DED3F87BE767850C,docked_bike,2021-02-03 17:37:07,2021-02-03 17:44:52,E 10 St & Avenue A,5659,E 4 St & 2 Ave,5593,40.727408,-73.98142,40.726281,-73.98978,member
543489,E8A740A7614CA71E,docked_bike,2021-02-05 13:36:38,2021-02-05 13:37:51,E 2 St & 2 Ave,5593,E 4 St & 2 Ave,5593,40.725028,-73.990696,40.7262807,-73.98978041,member
543492,EF5543EE0D421E8A,docked_bike,2021-02-23 17:50:58,2021-02-23 18:00:03,E 20 St & FDR Drive,5886,E 4 St & 2 Ave,5593,40.733142,-73.975738,40.7262807,-73.98978041,member
543493,E71451DC16AFBAC9,docked_bike,2021-02-08 16:44:01,2021-02-08 16:52:29,Catherine St & Monroe St,5128,E 4 St & 2 Ave,5593,40.711174,-73.996826,40.7262807,-73.98978041,member
543495,F500D59F3E789FBC,docked_bike,2021-02-12 19:56:36,2021-02-12 20:00:22,Lafayette St & Jersey St,5561,E 4 St & 2 Ave,5593,40.724561,-73.995653,40.726281,-73.98978,member
543496,D15A3C5157B70D25,docked_bike,2021-02-23 14:19:16,2021-02-23 14:46:14,Catherine St & Monroe St,5128,E 4 St & 2 Ave,5593,40.711174,-73.996826,40.7262807,-73.98978041,member
543501,8670E683BEDF5BD3,docked_bike,2021-02-25 15:00:01,2021-02-25 15:05:38,E 20 St & FDR Drive,5886,E 4 St & 2 Ave,5593,40.733143,-73.975739,40.726281,-73.98978,member
543502,8BED99A3F813E159,docked_bike,2021-02-11 17:35:54,2021-02-11 17:41:33,Stanton St & Chrystie St,5523,E 4 St & 2 Ave,5593,40.722293,-73.991475,40.7262807,-73.98978041,casual
543508,1E030F3F8F6448DC,docked_bike,2021-02-05 10:45:12,2021-02-05 11:06:25,Front St & Washington St,4936,E 4 St & 2 Ave,5593,40.702551,-73.989402,40.726281,-73.98978,member
543516,6B2ECAC1CDDDE728,docked_bike,2021-02-05 19:20:06,2021-02-05 19:25:56,E 20 St & FDR Drive,5886,E 4 St & 2 Ave,5593,40.733143,-73.975739,40.726281,-73.98978,member
543517,026AD9A258EF3CA4,docked_bike,2021-02-13 17:29:23,2021-02-13 17:34:02,Lafayette St & Jersey St,5561,E 4 St & 2 Ave,5593,40.724561,-73.995653,40.726281,-73.98978,casual
543522,9AC3DDC5059DF4CC,docked_bike,2021-02-22 19:03:43,2021-02-22 19:16:40,Fulton St & Broadway,5175,E 4 St & 2 Ave,5593,40.711066,-74.009447,40.7262807,-73.98978041,member
543530,F715F0614E558BFB,docked_bike,2021-02-05 13:26:35,2021-02-05 13:37:24,Fulton St & Broadway,5175,E 4 St & 2 Ave,5593,40.711066,-74.009447,40.726281,-73.98978,member
543534,D7FDAE7509EB1FF9,docked_bike,2021-02-15 13:51:36,2021-02-15 14:07:21,William St & Pine St,5065,E 4 St & 2 Ave,5593,40.707179,-74.008873,40.7262807,-73.98978041,member
543538,21F6D1DECC65CF75,docked_bike,2021-02-28 14:26:52,2021-02-28 14:40:44,Fulton St & Broadway,5175,E 4 St & 2 Ave,5593,40.711066,-74.009447,40.7262807,-73.98978041,member
543585,ACA727A057E1B858,docked_bike,2021-02-23 18:23:15,2021-02-23 18:43:18,Fulton St & Broadway,5175,E 4 St & 2 Ave,5593,40.711066,-74.009447,40.7262807,-73.98978041,member
543646,808420FCEC7EFF80,docked_bike,2021-02-06 11:02:46,2021-02-06 11:05:47,Lafayette St & E 8 St,5788,E 4 St & 2 Ave,5593,40.730206,-73.991026,40.7262807,-73.98978041,member
543654,ACF43FCD9FA778B3,docked_bike,2021-02-16 18:34:39,2021-02-16 18:40:46,University Pl & E 14 St,5905,E 4 St & 2 Ave,5593,40.734814,-73.992085,40.7262807,-73.98978041,member
543657,04DD27B2F9F2ECE8,docked_bike,2021-02-22 19:57:10,2021-02-22 20:13:25,University Pl & E 14 St,5905,E 4 St & 2 Ave,5593,40.734814,-73.992085,40.7262807,-73.98978041,member
543659,6C763C112C3E57EA,docked_bike,2021-02-27 16:28:38,2021-02-27 16:37:55,E 14 St & Avenue B,5736,E 4 St & 2 Ave,5593,40.729386,-73.977724,40.7262807,-73.98978041,member
543660,C360B5D2DBF03C8A,docked_bike,2021-02-15 13:46:15,2021-02-15 13:56:59,University Pl & E 14 St,5905,E 4 St & 2 Ave,5593,40.734814,-73.992085,40.7262807,-73.98978041,casual
543664,A223F54C55BCCBDA,docked_bike,2021-02-20 20:17:30,2021-02-20 20:20:12,Lafayette St & E 8 St,5788,E 4 St & 2 Ave,5593,40.730206,-73.991026,40.7262807,-73.98978041,member
543682,7100788C48608FBC,docked_bike,2021-02-12 19:50:31,2021-02-12 19:57:13,University Pl & E 14 St,5905,E 4 St & 2 Ave,5593,40.734814,-73.992085,40.726281,-73.98978,casual
543686,D5227A80696A5029,docked_bike,2021-02-20 19:21:41,2021-02-20 19:30:34,E 14 St & Avenue B,5736,E 4 St & 2 Ave,5593,40.729386,-73.977724,40.7262807,-73.98978041,member
543688,7F76096D5C580E4A,docked_bike,2021-02-20 18:55:27,2021-02-20 19:01:46,University Pl & E 14 St,5905,E 4 St & 2 Ave,5593,40.734814,-73.992085,40.7262807,-73.98978041,member
543689,40A759893CCB0FEF,docked_bike,2021-02-28 16:32:27,2021-02-28 16:36:58,E 14 St & Avenue B,5736,E 4 St & 2 Ave,5593,40.729386,-73.977724,40.7262807,-73.98978041,member
543692,445CC0C6F21D408D,docked_bike,2021-02-24 20:56:28,2021-02-24 21:02:43,E 14 St & Avenue B,5736,E 4 St & 2 Ave,5593,40.729386,-73.977724,40.7262807,-73.98978041,casual
543703,E12C3D5A925601D1,docked_bike,2021-02-26 18:30:54,2021-02-26 18:40:00,University Pl & E 14 St,5905,E 4 St & 2 Ave,5593,40.734814,-73.992085,40.7262807,-73.98978041,member
543711,5609F00C2B33FC3D,docked_bike,2021-02-08 10:47:40,2021-02-08 10:54:08,University Pl & E 14 St,5905,E 4 St & 2 Ave,5593,40.734814,-73.992085,40.7262807,-73.98978041,member
543720,D9D9CEECAB862B65,docked_bike,2021-02-26 18:49:58,2021-02-26 19:40:41,E 14 St & Avenue B,5736,E 4 St & 2 Ave,5593,40.729386,-73.977724,40.7262807,-73.98978041,member
543726,F249625499ACA112,docked_bike,2021-02-27 16:28:59,2021-02-27 16:38:24,E 14 St & Avenue B,5736,E 4 St & 2 Ave,5593,40.729386,-73.977724,40.7262807,-73.98978041,member
543727,CA91305DF4916A6F,docked_bike,2021-02-17 18:56:17,2021-02-17 19:01:27,University Pl & E 14 St,5905,E 4 St & 2 Ave,5593,40.734814,-73.992085,40.7262807,-73.98978041,member
543732,A2963E65656E2125,docked_bike,2021-02-27 12:26:55,2021-02-27 12:34:51,University Pl & E 14 St,5905,E 4 St & 2 Ave,5593,40.734814,-73.992085,40.7262807,-73.98978041,member
543736,A45C5829ABF8FF54,docked_bike,2021-02-16 07:44:14,2021-02-16 07:51:04,E 14 St & Avenue B,5736,E 4 St & 2 Ave,5593,40.729386,-73.977724,40.7262807,-73.98978041,member
543737,94D6EE19E5C39AFE,docked_bike,2021-02-16 11:54:35,2021-02-16 12:00:38,Lafayette St & E 8 St,5788,E 4 St & 2 Ave,5593,40.730206,-73.991026,40.7262807,-73.98978041,member
543742,87C20ABC03C576FD,docked_bike,2021-02-14 11:28:51,2021-02-14 11:34:47,University Pl & E 14 St,5905,E 4 St & 2 Ave,5593,40.734814,-73.992085,40.7262807,-73.98978041,casual
543750,876FB1E440CF41BE,docked_bike,2021-02-16 12:10:39,2021-02-16 12:18:21,E 2 St & Avenue A,5553,E 4 St & 2 Ave,5593,40.723077,-73.985836,40.726281,-73.98978,member
543754,BFF3EC644A82509A,docked_bike,2021-02-22 17:50:57,2021-02-22 17:55:07,E 2 St & Avenue A,5553,E 4 St & 2 Ave,5593,40.723077,-73.985836,40.7262807,-73.98978041,member
543756,47E3AB8B50C8BE9F,docked_bike,2021-02-26 13:14:21,2021-02-26 13:22:12,E 20 St & 2 Ave,5971,E 4 St & 2 Ave,5593,40.735877,-73.98205,40.726281,-73.98978,member
543757,03400723EB3AA26A,docked_bike,2021-02-06 17:38:00,2021-02-06 18:00:33,E 2 St & Avenue A,5553,E 4 St & 2 Ave,5593,40.723077,-73.985836,40.7262807,-73.98978041,member
543763,BEFCD647F9FD71FE,docked_bike,2021-02-09 16:34:17,2021-02-09 16:37:29,E 2 St & Avenue A,5553,E 4 St & 2 Ave,5593,40.723077,-73.985836,40.726281,-73.98978,member
543766,136BA63DA2D9195F,docked_bike,2021-02-27 15:35:56,2021-02-27 15:41:40,E 20 St & 2 Ave,5971,E 4 St & 2 Ave,5593,40.735876,-73.98205,40.7262807,-73.98978041,member
543767,3C47FB3230CE6834,docked_bike,2021-02-25 19:33:01,2021-02-25 19:48:40,E 39 St & Lexington Ave,6389,E 4 St & 2 Ave,5593,40.749498,-73.977292,40.7262807,-73.98978041,member
543772,9F31BB859D10B09B,docked_bike,2021-02-12 13:47:46,2021-02-12 13:50:37,E 2 St & Avenue A,5553,E 4 St & 2 Ave,5593,40.723077,-73.985836,40.7262807,-73.98978041,member
543775,C1A8C9743CC69ACF,docked_bike,2021-02-15 14:14:35,2021-02-15 14:23:13,E 20 St & 2 Ave,5971,E 4 St & 2 Ave,5593,40.735877,-73.98205,40.726281,-73.98978,member
543776,676C357279FA79C4,docked_bike,2021-02-06 22:16:22,2021-02-06 22:37:28,Hudson St & Reade St,5359,E 4 St & 2 Ave,5593,40.71625,-74.009106,40.726281,-73.98978,member
543777,E3BA8440F74ED309,docked_bike,2021-02-15 04:53:30,2021-02-15 04:55:46,E 2 St & Avenue A,5553,E 4 St & 2 Ave,5593,40.723077,-73.985836,40.7262807,-73.98978041,member
543779,7C7D6ABF74C0506E,docked_bike,2021-02-17 17:28:17,2021-02-17 17:38:01,E 2 St & Avenue A,5553,E 4 St & 2 Ave,5593,40.723077,-73.985836,40.726281,-73.98978,member
543780,189FF6C2710F8A37,docked_bike,2021-02-24 18:00:30,2021-02-24 18:03:54,E 2 St & Avenue A,5553,E 4 St & 2 Ave,5593,40.723077,-73.985836,40.726281,-73.98978,member
543781,52633EA41E574308,docked_bike,2021-02-25 16:51:21,2021-02-25 17:09:50,E 39 St & Lexington Ave,6389,E 4 St & 2 Ave,5593,40.749498,-73.977292,40.7262807,-73.98978041,casual
543782,E5A0854CEA72C982,docked_bike,2021-02-08 20:43:28,2021-02-08 20:46:58,E 2 St & Avenue A,5553,E 4 St & 2 Ave,5593,40.723077,-73.985836,40.7262807,-73.98978041,member
543783,0ED0CF2160ABE459,docked_bike,2021-02-22 11:36:58,2021-02-22 11:47:46,E 2 St & Avenue A,5553,E 4 St & 2 Ave,5593,40.723077,-73.985836,40.7262807,-73.98978041,member
543784,91A0B1D606A5DB7A,docked_bike,2021-02-24 08:24:04,2021-02-24 08:31:02,E 20 St & 2 Ave,5971,E 4 St & 2 Ave,5593,40.735876,-73.98205,40.7262807,-73.98978041,member
543785,5CA7A7F1051B66DE,docked_bike,2021-02-25 12:20:13,2021-02-25 12:25:04,E 20 St & 2 Ave,5971,E 4 St & 2 Ave,5593,40.735876,-73.98205,40.7262807,-73.98978041,member
543786,DFB415A03EBA4B85,docked_bike,2021-02-25 17:15:46,2021-02-25 17:21:26,E 20 St & 2 Ave,5971,E 4 St & 2 Ave,5593,40.735876,-73.98205,40.7262807,-73.98978041,member
543787,3EC492171A5DA520,docked_bike,2021-02-06 13:47:22,2021-02-06 13:55:26,E 20 St & 2 Ave,5971,E 4 St & 2 Ave,5593,40.735876,-73.98205,40.7262807,-73.98978041,member
543788,1D5A5E4CD71873AE,docked_bike,2021-02-25 18:47:43,2021-02-25 18:50:36,E 2 St & Avenue A,5553,E 4 St & 2 Ave,5593,40.723077,-73.985836,40.726281,-73.98978,member
543789,AB2A3B81B7B821AC,docked_bike,2021-02-15 16:06:46,2021-02-15 16:09:38,E 2 St & Avenue A,5553,E 4 St & 2 Ave,5593,40.723077,-73.985836,40.726281,-73.98978,member
543790,60CAB1E9805E6016,docked_bike,2021-02-20 11:14:55,2021-02-20 11:17:42,E 2 St & Avenue A,5553,E 4 St & 2 Ave,5593,40.723077,-73.985836,40.726281,-73.98978,member
543791,880D2CFA6E9AE83A,docked_bike,2021-02-19 15:10:24,2021-02-19 15:12:58,E 2 St & Avenue A,5553,E 4 St & 2 Ave,5593,40.723077,-73.985836,40.726281,-73.98978,member
543793,D6815F055E52DA7F,docked_bike,2021-02-12 20:14:13,2021-02-12 20:48:18,Harrison St & Hudson St,5400,E 4 St & 2 Ave,5593,40.71871,-74.009001,40.726281,-73.98978,member
543794,DFB8D3B6166240B3,docked_bike,2021-02-25 15:13:39,2021-02-25 15:17:26,E 2 St & Avenue A,5553,E 4 St & 2 Ave,5593,40.723077,-73.985836,40.726281,-73.98978,member
543795,69F96B8D9FE3C71C,docked_bike,2021-02-15 14:15:06,2021-02-15 14:23:16,E 20 St & 2 Ave,5971,E 4 St & 2 Ave,5593,40.735876,-73.98205,40.7262807,-73.98978041,member
543798,621745D71C2732EB,docked_bike,2021-02-17 16:57:23,2021-02-17 17:01:18,E 2 St & Avenue A,5553,E 4 St & 2 Ave,5593,40.723077,-73.985836,40.7262807,-73.98978041,member
543799,ADADC1784E7BA0C0,docked_bike,2021-02-15 16:12:16,2021-02-15 16:28:30,Hudson St & Reade St,5359,E 4 St & 2 Ave,5593,40.71625,-74.009105,40.7262807,-73.98978041,member
543800,CD6F9DFEE7AFCB77,docked_bike,2021-02-17 16:39:35,2021-02-17 16:42:31,E 2 St & Avenue A,5553,E 4 St & 2 Ave,5593,40.723077,-73.985836,40.726281,-73.98978,member
543801,1798ED6491A08711,docked_bike,2021-02-16 18:21:27,2021-02-16 18:24:41,E 2 St & Avenue A,5553,E 4 St & 2 Ave,5593,40.723077,-73.985836,40.726281,-73.98978,member
543803,7B3E790A58B23951,docked_bike,2021-02-14 13:25:43,2021-02-14 13:33:27,E 20 St & 2 Ave,5971,E 4 St & 2 Ave,5593,40.735876,-73.98205,40.7262807,-73.98978041,member
543804,1939A7EFA287990B,docked_bike,2021-02-14 14:00:38,2021-02-14 14:15:42,E 20 St & 2 Ave,5971,E 4 St & 2 Ave,5593,40.735876,-73.98205,40.7262807,-73.98978041,member
543805,0B6621A5B212CE16,docked_bike,2021-02-06 11:40:19,2021-02-06 12:04:31,E 39 St & Lexington Ave,6389,E 4 St & 2 Ave,5593,40.749499,-73.977292,40.726281,-73.98978,member
543806,6EF3C9DCBC0B91CB,docked_bike,2021-02-04 18:18:29,2021-02-04 18:34:21,Hudson St & Reade St,5359,E 4 St & 2 Ave,5593,40.71625,-74.009106,40.726281,-73.98978,casual
543808,ACF8C85A7B4322B9,docked_bike,2021-02-23 13:14:58,2021-02-23 13:24:13,E 2 St & Avenue A,5553,E 4 St & 2 Ave,5593,40.723077,-73.985836,40.7262807,-73.98978041,member
543809,0E9B50394305B403,docked_bike,2021-02-28 10:34:21,2021-02-28 10:41:32,E 20 St & 2 Ave,5971,E 4 St & 2 Ave,5593,40.735876,-73.98205,40.7262807,-73.98978041,member
543813,DDD19AC02761AAF0,docked_bike,2021-02-26 17:39:18,2021-02-26 17:59:17,E 2 St & Avenue A,5553,E 4 St & 2 Ave,5593,40.723077,-73.985836,40.7262807,-73.98978041,member
543818,E039920A7E89A05D,docked_bike,2021-02-24 14:34:15,2021-02-24 14:36:58,E 2 St & Avenue A,5553,E 4 St & 2 Ave,5593,40.723077,-73.985836,40.726281,-73.98978,member
543819,C00CE36F4809C805,docked_bike,2021-02-26 17:05:47,2021-02-26 17:08:58,E 2 St & Avenue A,5553,E 4 St & 2 Ave,5593,40.723077,-73.985836,40.726281,-73.98978,member
543820,ED878016D10F6129,docked_bike,2021-02-10 19:47:43,2021-02-10 19:50:38,E 2 St & Avenue A,5553,E 4 St & 2 Ave,5593,40.723077,-73.985836,40.726281,-73.98978,member
543821,64AA67DD4EEDA074,docked_bike,2021-02-27 19:17:35,2021-02-27 19:20:47,E 2 St & Avenue A,5553,E 4 St & 2 Ave,5593,40.723077,-73.985836,40.7262807,-73.98978041,member
543822,C55F4BAFC43F9DC1,docked_bike,2021-02-24 17:26:57,2021-02-24 17:41:03,E 39 St & Lexington Ave,6389,E 4 St & 2 Ave,5593,40.749499,-73.977292,40.726281,-73.98978,member
543824,8D1A1D0828622804,docked_bike,2021-02-26 11:48:33,2021-02-26 11:53:50,E 20 St & 2 Ave,5971,E 4 St & 2 Ave,5593,40.735876,-73.98205,40.7262807,-73.98978041,member
543825,8A5AEB375CAE07D9,docked_bike,2021-02-11 11:49:15,2021-02-11 11:54:13,E 20 St & 2 Ave,5971,E 4 St & 2 Ave,5593,40.735877,-73.98205,40.726281,-73.98978,member
543826,13FD28C33113EC7C,docked_bike,2021-02-19 11:58:30,2021-02-19 12:04:59,E 20 St & 2 Ave,5971,E 4 St & 2 Ave,5593,40.735876,-73.98205,40.7262807,-73.98978041,member
543827,651DA232A2C5627F,docked_bike,2021-02-12 20:10:22,2021-02-12 20:33:50,E 20 St & 2 Ave,5971,E 4 St & 2 Ave,5593,40.735876,-73.98205,40.7262807,-73.98978041,casual
543830,692E26BD1FFF20E5,docked_bike,2021-02-26 20:48:51,2021-02-26 20:54:55,E 20 St & 2 Ave,5971,E 4 St & 2 Ave,5593,40.735876,-73.98205,40.7262807,-73.98978041,member
543834,14463E66DF75F726,docked_bike,2021-02-03 15:42:40,2021-02-03 15:54:23,E 20 St & 2 Ave,5971,E 4 St & 2 Ave,5593,40.735876,-73.98205,40.7262807,-73.98978041,casual
543835,5501F06D5A57F833,docked_bike,2021-02-25 10:46:09,2021-02-25 10:51:23,E 20 St & 2 Ave,5971,E 4 St & 2 Ave,5593,40.735876,-73.98205,40.7262807,-73.98978041,member
543836,90A8F394F46580E6,docked_bike,2021-02-24 22:39:29,2021-02-24 22:42:41,E 2 St & Avenue A,5553,E 4 St & 2 Ave,5593,40.723077,-73.985836,40.7262807,-73.98978041,member
543837,5995474DD70339E2,docked_bike,2021-02-28 14:58:10,2021-02-28 15:07:04,E 20 St & 2 Ave,5971,E 4 St & 2 Ave,5593,40.735876,-73.98205,40.7262807,-73.98978041,casual
543841,4D302E3DFE862724,docked_bike,2021-02-23 19:37:34,2021-02-23 19:41:45,E 2 St & Avenue A,5553,E 4 St & 2 Ave,5593,40.723077,-73.985836,40.7262807,-73.98978041,member
543842,34DF0544E7114DBC,docked_bike,2021-02-26 10:24:38,2021-02-26 10:41:01,E 20 St & 2 Ave,5971,E 4 St & 2 Ave,5593,40.735876,-73.98205,40.7262807,-73.98978041,member
543843,F426D67A57EAD06B,docked_bike,2021-02-14 16:18:33,2021-02-14 16:21:48,E 2 St & Avenue A,5553,E 4 St & 2 Ave,5593,40.723077,-73.985836,40.726281,-73.98978,member
543844,F5BBFB428F13548A,docked_bike,2021-02-24 20:14:26,2021-02-24 20:40:05,E 39 St & Lexington Ave,6389,E 4 St & 2 Ave,5593,40.749498,-73.977292,40.7262807,-73.98978041,member
543845,CDF44D5EFFB2C590,docked_bike,2021-02-23 12:50:20,2021-02-23 12:55:28,E 20 St & 2 Ave,5971,E 4 St & 2 Ave,5593,40.735876,-73.98205,40.7262807,-73.98978041,member
543858,DC4944C6EE962F37,docked_bike,2021-02-16 16:16:08,2021-02-16 16:36:58,E 39 St & Lexington Ave,6389,E 4 St & 2 Ave,5593,40.749498,-73.977292,40.7262807,-73.98978041,member
543859,95C6DD33D10F58EC,docked_bike,2021-02-08 11:44:53,2021-02-08 11:51:46,E 20 St & 2 Ave,5971,E 4 St & 2 Ave,5593,40.735877,-73.98205,40.726281,-73.98978,member
543860,C392E22FF43FE10A,docked_bike,2021-02-25 11:35:53,2021-02-25 11:41:19,E 20 St & 2 Ave,5971,E 4 St & 2 Ave,5593,40.735876,-73.98205,40.7262807,-73.98978041,member
543861,FE5B0182D13F8047,docked_bike,2021-02-20 16:14:53,2021-02-20 16:21:22,E 20 St & 2 Ave,5971,E 4 St & 2 Ave,5593,40.735876,-73.98205,40.7262807,-73.98978041,member
543862,85723A8E3A3C8406,docked_bike,2021-02-06 16:17:34,2021-02-06 16:34:39,Hudson St & Reade St,5359,E 4 St & 2 Ave,5593,40.71625,-74.009106,40.726281,-73.98978,member
543865,4DFCBBF404D67DD4,docked_bike,2021-02-26 20:53:56,2021-02-26 20:57:16,E 2 St & Avenue A,5553,E 4 St & 2 Ave,5593,40.723077,-73.985836,40.7262807,-73.98978041,member
543866,F343C26F4472BBF6,docked_bike,2021-02-26 15:10:49,2021-02-26 15:16:21,E 20 St & 2 Ave,5971,E 4 St & 2 Ave,5593,40.735876,-73.98205,40.7262807,-73.98978041,member
543867,01FE69D5B4CC2A61,docked_bike,2021-02-06 17:07:52,2021-02-06 17:14:04,E 20 St & 2 Ave,5971,E 4 St & 2 Ave,5593,40.735877,-73.98205,40.726281,-73.98978,member
543891,893D0AF2D5458932,docked_bike,2021-02-14 11:28:55,2021-02-14 11:34:27,University Pl & E 14 St,5905,E 4 St & 2 Ave,5593,40.734814,-73.992085,40.7262807,-73.98978041,member
543892,D9F0C10FCB92826E,docked_bike,2021-02-06 16:13:50,2021-02-06 16:20:56,Lafayette St & E 8 St,5788,E 4 St & 2 Ave,5593,40.730207,-73.991026,40.726281,-73.98978,member
543937,3E34362F0C14CF4C,docked_bike,2021-02-11 16:48:48,2021-02-11 16:54:16,E 20 St & 2 Ave,5971,E 4 St & 2 Ave,5593,40.735876,-73.98205,40.7262807,-73.98978041,casual
543939,B3C74A360926017A,docked_bike,2021-02-26 17:25:08,2021-02-26 17:32:54,E 20 St & 2 Ave,5971,E 4 St & 2 Ave,5593,40.735876,-73.98205,40.7262807,-73.98978041,casual
543940,2873F74744F213CD,docked_bike,2021-02-24 13:54:01,2021-02-24 14:02:10,E 20 St & 2 Ave,5971,E 4 St & 2 Ave,5593,40.735876,-73.98205,40.7262807,-73.98978041,member
543942,31F523896FCC0996,docked_bike,2021-02-27 16:01:40,2021-02-27 16:16:57,E 2 St & Avenue A,5553,E 4 St & 2 Ave,5593,40.723077,-73.985836,40.7262807,-73.98978041,member
543943,536529981D545C86,docked_bike,2021-02-06 16:45:59,2021-02-06 16:50:49,E 2 St & Avenue A,5553,E 4 St & 2 Ave,5593,40.723077,-73.985836,40.726281,-73.98978,member
543944,9820810F18231B9F,docked_bike,2021-02-04 14:01:48,2021-02-04 14:47:33,5 Ave & E 88 St,7323,E 4 St & 2 Ave,5593,40.78307,-73.95939,40.726281,-73.98978,casual
543953,A0504740C5948DC0,docked_bike,2021-02-15 14:02:09,2021-02-15 14:10:21,E 14 St & Avenue B,5736,E 4 St & 2 Ave,5593,40.729386,-73.977724,40.7262807,-73.98978041,casual
543954,B47B54DA6A0ADF8D,docked_bike,2021-02-27 15:36:39,2021-02-27 15:47:30,University Pl & E 14 St,5905,E 4 St & 2 Ave,5593,40.734814,-73.992085,40.7262807,-73.98978041,member
543955,2207DB2D919FC376,docked_bike,2021-02-24 17:47:34,2021-02-24 17:53:26,University Pl & E 14 St,5905,E 4 St & 2 Ave,5593,40.734814,-73.992085,40.7262807,-73.98978041,member
543957,86D555DF0EB387BA,docked_bike,2021-02-16 12:25:14,2021-02-16 12:27:41,Lafayette St & E 8 St,5788,E 4 St & 2 Ave,5593,40.730207,-73.991026,40.726281,-73.98978,member
543958,328EDEEC6DB6CD1B,docked_bike,2021-02-25 15:01:44,2021-02-25 15:07:49,Lafayette St & E 8 St,5788,E 4 St & 2 Ave,5593,40.730206,-73.991026,40.7262807,-73.98978041,member
543960,1A80BE9A595CD0A3,docked_bike,2021-02-05 18:32:43,2021-02-05 18:56:24,State St & Smith St,4565,E 4 St & 2 Ave,5593,40.689269,-73.989129,40.726281,-73.98978,member
543963,F205A271C84523D5,docked_bike,2021-02-25 16:36:01,2021-02-25 17:04:02,2 Ave & E 72 St,6925,E 4 St & 2 Ave,5593,40.768762,-73.958407,40.7262807,-73.98978041,member
543965,D8F7B2FE1927580C,docked_bike,2021-02-20 12:25:41,2021-02-20 12:52:59,2 Ave & E 72 St,6925,E 4 St & 2 Ave,5593,40.768762,-73.958407,40.7262807,-73.98978041,member
543970,640ED69D06940807,docked_bike,2021-02-28 10:16:09,2021-02-28 10:21:07,MacDougal St & Washington Sq,5797,E 4 St & 2 Ave,5593,40.732263,-73.998522,40.7262807,-73.98978041,casual
543973,49F07C7179B12E72,docked_bike,2021-02-27 15:01:17,2021-02-27 15:07:56,MacDougal St & Washington Sq,5797,E 4 St & 2 Ave,5593,40.732263,-73.998522,40.7262807,-73.98978041,member
543974,35CD4AD0015530E2,docked_bike,2021-02-10 09:58:50,2021-02-10 10:03:39,MacDougal St & Washington Sq,5797,E 4 St & 2 Ave,5593,40.732264,-73.998522,40.726281,-73.98978,casual
543975,1691E59BC8614AC7,docked_bike,2021-02-20 12:15:36,2021-02-20 12:51:18,2 Ave & E 72 St,6925,E 4 St & 2 Ave,5593,40.768762,-73.958407,40.7262807,-73.98978041,casual
543978,481802021B3C2CA0,docked_bike,2021-02-20 11:37:36,2021-02-20 12:09:07,2 Ave & E 72 St,6925,E 4 St & 2 Ave,5593,40.768762,-73.958408,40.726281,-73.98978,casual
543986,2DF23B7F14298AF7,docked_bike,2021-02-17 15:20:18,2021-02-17 15:35:23,5 Ave & E 29 St,6248,E 4 St & 2 Ave,5593,40.745167,-73.98683,40.7262807,-73.98978041,member
543991,B8A062F03A994A22,docked_bike,2021-02-26 15:34:56,2021-02-26 15:40:49,MacDougal St & Washington Sq,5797,E 4 St & 2 Ave,5593,40.732263,-73.998522,40.7262807,-73.98978041,casual
543993,68712C9517670134,docked_bike,2021-02-13 13:02:13,2021-02-13 13:07:20,MacDougal St & Washington Sq,5797,E 4 St & 2 Ave,5593,40.732264,-73.998522,40.726281,-73.98978,casual
543994,E9AB497C2F13D3DA,docked_bike,2021-02-13 18:35:34,2021-02-13 18:50:05,Maiden Ln & Pearl St,5065,E 4 St & 2 Ave,5593,40.707064,-74.007318,40.7262807,-73.98978041,member
544004,CE225DC1A010B229,docked_bike,2021-02-05 13:25:39,2021-02-05 13:27:14,E 2 St & 2 Ave,5593,E 4 St & 2 Ave,5593,40.725028,-73.990696,40.7262807,-73.98978041,member
544006,3BD44B45E8F2DD4C,docked_bike,2021-02-22 16:07:58,2021-02-22 16:23:37,E 2 St & 2 Ave,5593,W 25 St & 6 Ave,6215,40.725028,-73.990696,40.74395411,-73.99144871,member
544007,814CE49C5186BAAE,docked_bike,2021-02-14 10:51:03,2021-02-14 11:05:39,E 2 St & 2 Ave,5593,W 25 St & 6 Ave,6215,40.725029,-73.990697,40.743954,-73.991449,member
544008,9CBB94674516EDAE,docked_bike,2021-02-26 18:23:09,2021-02-26 18:32:48,W 18 St & 6 Ave,6064,E 4 St & 2 Ave,5593,40.739713,-73.994564,40.7262807,-73.98978041,casual
544014,ADA87469389185EA,docked_bike,2021-02-16 11:25:40,2021-02-16 11:54:57,W 63 St & Broadway,7052,E 4 St & 2 Ave,5593,40.771638,-73.982614,40.7262807,-73.98978041,member
544015,532D7BE43884BB47,docked_bike,2021-02-17 19:38:22,2021-02-17 19:46:07,5 Ave & E 29 St,6248,E 4 St & 2 Ave,5593,40.745167,-73.98683,40.7262807,-73.98978041,member
544016,63D4A55B1A0189BC,docked_bike,2021-02-09 19:07:21,2021-02-09 19:18:10,5 Ave & E 29 St,6248,E 4 St & 2 Ave,5593,40.745168,-73.986831,40.726281,-73.98978,member
544017,62609F6EDA5E501E,docked_bike,2021-02-11 19:11:13,2021-02-11 19:31:09,W 22 St & 10 Ave,6306,E 4 St & 2 Ave,5593,40.746919,-74.004518,40.7262807,-73.98978041,member
544022,CEA2106B81C12F28,docked_bike,2021-02-27 15:07:25,2021-02-27 15:26:18,E 5 St & Cooper Sq,5712,E 4 St & 2 Ave,5593,40.72769,-73.990993,40.7262807,-73.98978041,member
544026,994ACC8699D210FF,docked_bike,2021-02-16 18:47:24,2021-02-16 19:07:44,W 22 St & 10 Ave,6306,E 4 St & 2 Ave,5593,40.746919,-74.004518,40.7262807,-73.98978041,member
544029,9A2B57DE314D8524,docked_bike,2021-02-07 22:50:44,2021-02-07 22:58:48,5 Ave & E 29 St,6248,E 4 St & 2 Ave,5593,40.745167,-73.98683,40.7262807,-73.98978041,member
544034,6A3D5104A914E6D8,docked_bike,2021-02-05 16:44:06,2021-02-05 16:57:26,5 Ave & E 29 St,6248,E 4 St & 2 Ave,5593,40.745167,-73.98683,40.7262807,-73.98978041,casual
544044,4A8CF78A7BB12060,docked_bike,2021-02-16 17:53:27,2021-02-16 17:56:31,E 5 St & Cooper Sq,5712,E 4 St & 2 Ave,5593,40.72769,-73.990993,40.7262807,-73.98978041,member
544046,CD0599A8D9916D73,docked_bike,2021-02-25 19:24:01,2021-02-25 19:33:18,5 Ave & E 29 St,6248,E 4 St & 2 Ave,5593,40.745167,-73.98683,40.7262807,-73.98978041,member
544048,3BE1CAD9BD585FC8,docked_bike,2021-02-26 13:54:44,2021-02-26 14:09:09,W 22 St & 10 Ave,6306,E 4 St & 2 Ave,5593,40.746919,-74.004518,40.7262807,-73.98978041,member
544058,38ECC4C7D825B12C,docked_bike,2021-02-28 03:17:07,2021-02-28 03:20:04,E 2 St & Avenue A,5553,E 4 St & 2 Ave,5593,40.723077,-73.985836,40.7262807,-73.98978041,member
544059,D728FCCCD78A5429,docked_bike,2021-02-11 16:51:04,2021-02-11 16:53:21,E 2 St & Avenue A,5553,E 4 St & 2 Ave,5593,40.723077,-73.985836,40.726281,-73.98978,member
544060,69CD887C9F10F042,docked_bike,2021-02-12 17:59:45,2021-02-12 18:02:32,E 2 St & Avenue A,5553,E 4 St & 2 Ave,5593,40.723077,-73.985836,40.726281,-73.98978,member
544061,12E97818F6EC6A39,docked_bike,2021-02-28 13:07:05,2021-02-28 13:09:38,E 2 St & Avenue A,5553,E 4 St & 2 Ave,5593,40.723077,-73.985836,40.726281,-73.98978,member
544062,811C9F2B259D2863,docked_bike,2021-02-22 16:27:19,2021-02-22 16:30:14,E 2 St & Avenue A,5553,E 4 St & 2 Ave,5593,40.723077,-73.985836,40.726281,-73.98978,member
544063,9CCA428769E652C4,docked_bike,2021-02-21 18:13:01,2021-02-21 18:15:29,E 2 St & Avenue A,5553,E 4 St & 2 Ave,5593,40.723077,-73.985836,40.726281,-73.98978,member
544064,30B03F7761784624,docked_bike,2021-02-14 17:05:44,2021-02-14 17:09:48,E 2 St & Avenue A,5553,E 4 St & 2 Ave,5593,40.723077,-73.985836,40.726281,-73.98978,member
544066,AA771BB9AA899334,docked_bike,2021-02-23 21:04:55,2021-02-23 21:15:24,Hudson St & Reade St,5359,E 4 St & 2 Ave,5593,40.71625,-74.009105,40.7262807,-73.98978041,member
544067,5D4235C16D26C18B,docked_bike,2021-02-15 19:02:50,2021-02-15 19:10:35,5 Ave & E 29 St,6248,E 4 St & 2 Ave,5593,40.745167,-73.98683,40.7262807,-73.98978041,member
544068,42E7FB4B99603F70,docked_bike,2021-02-16 19:12:45,2021-02-16 19:21:56,5 Ave & E 29 St,6248,E 4 St & 2 Ave,5593,40.745167,-73.98683,40.7262807,-73.98978041,member
544070,E14D152616F3B9C0,docked_bike,2021-02-10 16:38:36,2021-02-10 16:55:48,W 22 St & 10 Ave,6306,E 4 St & 2 Ave,5593,40.74692,-74.004519,40.726281,-73.98978,member
544071,A695C1BBBAE1862E,docked_bike,2021-02-20 15:17:17,2021-02-20 15:35:29,W 22 St & 10 Ave,6306,E 4 St & 2 Ave,5593,40.74692,-74.004519,40.726281,-73.98978,member
544072,CA26EF9350B2BA11,docked_bike,2021-02-06 15:18:01,2021-02-06 15:39:18,W 22 St & 10 Ave,6306,E 4 St & 2 Ave,5593,40.74692,-74.004519,40.726281,-73.98978,member
544073,443E4B9AB056C334,docked_bike,2021-02-23 16:28:25,2021-02-23 16:43:27,W 22 St & 10 Ave,6306,E 4 St & 2 Ave,5593,40.74692,-74.004519,40.726281,-73.98978,member
544074,B3CFC034E372D876,docked_bike,2021-02-13 15:32:03,2021-02-13 15:52:10,W 22 St & 10 Ave,6306,E 4 St & 2 Ave,5593,40.74692,-74.004519,40.726281,-73.98978,member
544078,C88B63DE6B744A50,docked_bike,2021-02-09 20:43:05,2021-02-09 20:52:32,5 Ave & E 29 St,6248,E 4 St & 2 Ave,5593,40.745168,-73.986831,40.726281,-73.98978,member
544091,28F2442ABFB8EB99,docked_bike,2021-02-16 19:22:21,2021-02-16 19:35:40,FDR Drive & E 35 St,6230,E 4 St & 2 Ave,5593,40.744219,-73.971212,40.7262807,-73.98978041,member
544095,077CA0DB76643B8B,docked_bike,2021-02-24 18:10:51,2021-02-24 18:26:26,FDR Drive & E 35 St,6230,E 4 St & 2 Ave,5593,40.744219,-73.971212,40.7262807,-73.98978041,casual
544098,8A0B3E787432B99C,docked_bike,2021-02-14 13:13:25,2021-02-14 13:20:48,1 Ave & E 16 St,5779,E 4 St & 2 Ave,5593,40.732219,-73.981656,40.726281,-73.98978,member
544099,7612019E37AAB1AE,docked_bike,2021-02-14 13:57:24,2021-02-14 14:09:50,FDR Drive & E 35 St,6230,E 4 St & 2 Ave,5593,40.744219,-73.971212,40.7262807,-73.98978041,member
544106,54976FB1EB4EE901,docked_bike,2021-02-14 13:12:47,2021-02-14 13:20:46,1 Ave & E 16 St,5779,E 4 St & 2 Ave,5593,40.732219,-73.981656,40.726281,-73.98978,member
544112,166099527F7633AE,docked_bike,2021-02-20 12:04:08,2021-02-20 12:51:36,3 Ave & E 72 St,7028,E 4 St & 2 Ave,5593,40.769942,-73.960607,40.7262807,-73.98978041,casual
544113,AF2D5997FD75BF0F,docked_bike,2021-02-23 22:01:43,2021-02-23 22:12:09,W 20 St & 7 Ave,6182,E 4 St & 2 Ave,5593,40.742388,-73.997262,40.726281,-73.98978,member
544115,C2F73E7B91E0D59C,docked_bike,2021-02-21 17:15:58,2021-02-21 17:40:14,Murray St & West St,5329,E 4 St & 2 Ave,5593,40.714978,-74.013012,40.7262807,-73.98978041,casual
544122,324CB5253D15B7E4,docked_bike,2021-02-26 08:00:54,2021-02-26 08:31:25,Central Park W & W 91 St,7453,E 4 St & 2 Ave,5593,40.788664,-73.9668,40.7262807,-73.98978041,member
544148,8F1561FA23A839F4,docked_bike,2021-02-10 19:22:32,2021-02-10 19:33:41,5 Ave & E 29 St,6248,E 4 St & 2 Ave,5593,40.745167,-73.98683,40.7262807,-73.98978041,member
544154,8F377BF077FCF993,docked_bike,2021-02-25 16:34:03,2021-02-25 16:50:03,W 22 St & 10 Ave,6306,E 4 St & 2 Ave,5593,40.74692,-74.004519,40.726281,-73.98978,member
544155,D8467D4555A3ECB8,docked_bike,2021-02-26 16:32:06,2021-02-26 16:49:45,W 22 St & 10 Ave,6306,E 4 St & 2 Ave,5593,40.74692,-74.004519,40.726281,-73.98978,member
544161,6301C01C89CF73A8,docked_bike,2021-02-24 17:21:27,2021-02-24 17:29:04,1 Ave & E 16 St,5779,E 4 St & 2 Ave,5593,40.732218,-73.981655,40.7262807,-73.98978041,member
544163,01C5EA25DD527D75,docked_bike,2021-02-09 07:54:40,2021-02-09 08:00:51,1 Ave & E 16 St,5779,E 4 St & 2 Ave,5593,40.732219,-73.981656,40.726281,-73.98978,member
544166,1F6D2260C03529C2,docked_bike,2021-02-14 20:39:12,2021-02-14 20:46:19,1 Ave & E 16 St,5779,E 4 St & 2 Ave,5593,40.732219,-73.981656,40.726281,-73.98978,member
544173,A4A2EBEE7F7CC813,docked_bike,2021-02-24 12:06:32,2021-02-24 12:32:39,W 43 St & 10 Ave,6756,E 4 St & 2 Ave,5593,40.760094,-73.994618,40.7262807,-73.98978041,member
544208,196BA4B342DA08AD,docked_bike,2021-02-25 18:43:14,2021-02-25 18:53:24,FDR Drive & E 35 St,6230,E 4 St & 2 Ave,5593,40.744219,-73.971212,40.7262807,-73.98978041,member
544211,D494E8B29B5C17EF,docked_bike,2021-02-27 14:52:56,2021-02-27 14:59:53,1 Ave & E 16 St,5779,E 4 St & 2 Ave,5593,40.732218,-73.981655,40.7262807,-73.98978041,member
544214,1E958A58AE6E1F8A,docked_bike,2021-02-24 09:07:06,2021-02-24 09:11:55,1 Ave & E 16 St,5779,E 4 St & 2 Ave,5593,40.732218,-73.981655,40.7262807,-73.98978041,member
544216,FFEC25F903F209AA,docked_bike,2021-02-23 18:58:29,2021-02-23 19:17:53,W 22 St & 10 Ave,6306,E 4 St & 2 Ave,5593,40.746919,-74.004518,40.7262807,-73.98978041,member
544220,1A0BA6E404A5C380,docked_bike,2021-02-17 19:06:28,2021-02-17 19:21:19,W 22 St & 10 Ave,6306,E 4 St & 2 Ave,5593,40.746919,-74.004518,40.7262807,-73.98978041,member
544226,E6EBE51AD624FC4E,docked_bike,2021-02-16 14:06:48,2021-02-16 14:24:34,Front St & Jay St,4895,E 4 St & 2 Ave,5593,40.702461,-73.986842,40.7262807,-73.98978041,member
544229,D41BADF313C5D0AD,docked_bike,2021-02-26 18:24:43,2021-02-26 18:52:24,W 42 St & Dyer Ave,6644,E 4 St & 2 Ave,5593,40.758984,-73.993799,40.7262807,-73.98978041,casual
544248,9B94E1BBB5AD2FBD,docked_bike,2021-02-26 18:37:54,2021-02-26 18:44:45,E 16 St & Irving Pl,5938,E 4 St & 2 Ave,5593,40.735367,-73.987973,40.7262807,-73.98978041,member
544250,102879954A6B8DDC,docked_bike,2021-02-28 18:35:16,2021-02-28 18:39:50,E 2 St & Avenue B,5515,E 4 St & 2 Ave,5593,40.722174,-73.983687,40.7262807,-73.98978041,member
544253,9772A7B5C72E177C,docked_bike,2021-02-20 14:00:03,2021-02-20 14:23:16,1 Ave & E 78 St,7020,E 4 St & 2 Ave,5593,40.771404,-73.953516,40.7262807,-73.98978041,member
544263,4ABC81CBE09949A9,docked_bike,2021-02-10 19:12:54,2021-02-10 19:26:22,W 22 St & 10 Ave,6306,E 4 St & 2 Ave,5593,40.746919,-74.004518,40.7262807,-73.98978041,member
544268,3136EC13977476C1,docked_bike,2021-02-26 22:43:20,2021-02-26 22:46:04,E 5 St & Cooper Sq,5712,E 4 St & 2 Ave,5593,40.72769,-73.990993,40.726281,-73.98978,member
544273,511DAB84B1ABCB0B,docked_bike,2021-02-06 19:09:22,2021-02-06 19:16:05,E 2 St & Avenue B,5515,E 4 St & 2 Ave,5593,40.722174,-73.983687,40.7262807,-73.98978041,casual
544288,AF5C7501E91C5E92,docked_bike,2021-02-18 18:43:16,2021-02-18 19:05:45,W 22 St & 10 Ave,6306,E 4 St & 2 Ave,5593,40.746919,-74.004518,40.7262807,-73.98978041,member
544289,4609FB60EE845526,docked_bike,2021-02-05 19:03:31,2021-02-05 19:27:24,W 22 St & 10 Ave,6306,E 4 St & 2 Ave,5593,40.746919,-74.004518,40.7262807,-73.98978041,member
544298,7C01BCE79CA76FF8,docked_bike,2021-02-23 17:11:38,2021-02-23 17:17:34,Stanton St & Norfolk St,5445,E 4 St & 2 Ave,5593,40.720747,-73.986274,40.726281,-73.98978,member
544302,9F09B7F56672D006,docked_bike,2021-02-16 11:37:32,2021-02-16 11:46:26,MacDougal St & Washington Sq,5797,E 4 St & 2 Ave,5593,40.732263,-73.998522,40.7262807,-73.98978041,casual
544309,7B20638E82ED8D75,docked_bike,2021-02-08 08:44:21,2021-02-08 08:48:53,E 2 St & Avenue B,5515,E 4 St & 2 Ave,5593,40.722174,-73.983687,40.7262807,-73.98978041,member
544310,D71A86C267CAB635,docked_bike,2021-02-26 08:44:40,2021-02-26 08:48:23,E 2 St & Avenue B,5515,E 4 St & 2 Ave,5593,40.722174,-73.983687,40.7262807,-73.98978041,member
544313,6F463D6FEDCFA774,docked_bike,2021-02-24 11:52:50,2021-02-24 12:28:54,1 Ave & E 78 St,7020,E 4 St & 2 Ave,5593,40.771404,-73.953516,40.7262807,-73.98978041,member
544314,70FC55860048D97D,docked_bike,2021-02-20 14:33:39,2021-02-20 14:40:51,E 16 St & Irving Pl,5938,E 4 St & 2 Ave,5593,40.735367,-73.987973,40.7262807,-73.98978041,member
544317,9BDB2C5159B08551,docked_bike,2021-02-08 18:57:50,2021-02-08 19:01:28,E 2 St & Avenue B,5515,E 4 St & 2 Ave,5593,40.722174,-73.983688,40.726281,-73.98978,member
544319,BC13A8C2B7209CF9,docked_bike,2021-02-08 18:01:27,2021-02-08 18:16:11,St James Pl & Oliver St,5238,E 4 St & 2 Ave,5593,40.713079,-73.998511,40.7262807,-73.98978041,member
544322,9E789298547EBEAC,docked_bike,2021-02-12 18:59:33,2021-02-12 19:06:05,St James Pl & Oliver St,5238,E 4 St & 2 Ave,5593,40.713079,-73.998511,40.7262807,-73.98978041,member
544330,BCE44BD267AC7F42,docked_bike,2021-02-28 21:25:01,2021-02-28 21:40:59,W 27 St & 7 Ave,6247,E 4 St & 2 Ave,5593,40.746647,-73.993915,40.7262807,-73.98978041,casual
544344,0DF2D0969E0BF2D1,docked_bike,2021-02-16 09:22:11,2021-02-16 09:27:22,E 2 St & Avenue B,5515,E 4 St & 2 Ave,5593,40.722174,-73.983687,40.7262807,-73.98978041,member
544345,AEF16CE1C9BBFEE3,docked_bike,2021-02-24 16:34:09,2021-02-24 17:14:12,1 Ave & E 78 St,7020,E 4 St & 2 Ave,5593,40.771404,-73.953516,40.7262807,-73.98978041,member
544350,F80B3E349F487850,docked_bike,2021-02-26 18:07:10,2021-02-26 18:50:28,Avenue C & E 18 St,5769,E 4 St & 2 Ave,5593,40.730563,-73.973984,40.726281,-73.98978,member
544353,BBF7314576B572E3,docked_bike,2021-02-04 18:15:14,2021-02-04 18:20:37,E 2 St & Avenue B,5515,E 4 St & 2 Ave,5593,40.722174,-73.983688,40.726281,-73.98978,member
544356,5373454351067CD1,docked_bike,2021-02-14 14:41:03,2021-02-14 15:46:50,W 27 St & 7 Ave,6247,E 4 St & 2 Ave,5593,40.746647,-73.993915,40.7262807,-73.98978041,member
544367,48EDF22B2FC8CB69,docked_bike,2021-02-13 18:56:03,2021-02-13 19:35:07,E 16 St & Irving Pl,5938,E 4 St & 2 Ave,5593,40.735367,-73.987973,40.7262807,-73.98978041,member
544368,31B26F0B7CD84006,docked_bike,2021-02-17 11:45:25,2021-02-17 11:52:44,E 16 St & Irving Pl,5938,E 4 St & 2 Ave,5593,40.735367,-73.987973,40.7262807,-73.98978041,member
544370,1757BD064EE6FE4F,docked_bike,2021-02-25 16:42:21,2021-02-25 16:46:30,E 2 St & Avenue B,5515,E 4 St & 2 Ave,5593,40.722174,-73.983687,40.7262807,-73.98978041,member
544371,3976AB56B797F9DD,docked_bike,2021-02-22 16:33:55,2021-02-22 16:36:54,E 2 St & Avenue B,5515,E 4 St & 2 Ave,5593,40.722174,-73.983687,40.7262807,-73.98978041,member
544372,C51DED94F3E018C0,docked_bike,2021-02-26 12:30:06,2021-02-26 12:35:08,E 2 St & Avenue B,5515,E 4 St & 2 Ave,5593,40.722174,-73.983687,40.7262807,-73.98978041,member
544381,F5636532897AADF6,docked_bike,2021-02-24 17:17:29,2021-02-24 17:37:46,W 54 St & 11 Ave,6955,E 4 St & 2 Ave,5593,40.768333,-73.992573,40.7262807,-73.98978041,member
544383,D3021E58974AC630,docked_bike,2021-02-25 17:57:36,2021-02-25 18:07:19,1 Ave & E 16 St,5779,E 4 St & 2 Ave,5593,40.732218,-73.981655,40.7262807,-73.98978041,casual
544386,AE8566303C73C356,docked_bike,2021-02-16 14:53:38,2021-02-16 15:03:54,W 24 St & 7 Ave,6257,E 4 St & 2 Ave,5593,40.744876,-73.995299,40.726281,-73.98978,member
544393,CFABA45BB7DBDF35,docked_bike,2021-02-21 11:14:10,2021-02-21 11:25:07,Broadway & W 25 St,6173,E 4 St & 2 Ave,5593,40.742868,-73.989186,40.7262807,-73.98978041,casual
544397,B529B892808B903A,docked_bike,2021-02-20 18:14:40,2021-02-20 18:33:28,Broadway & Berry St,5164,E 4 St & 2 Ave,5593,40.710445,-73.96525,40.7262807,-73.98978041,member
544414,AFCB7B4C84F45ABB,docked_bike,2021-02-14 09:38:40,2021-02-14 09:47:58,Broadway & W 25 St,6173,E 4 St & 2 Ave,5593,40.742868,-73.989186,40.7262807,-73.98978041,casual
544418,7C81A2269B92F3FA,docked_bike,2021-02-12 15:12:38,2021-02-12 15:21:57,W 24 St & 7 Ave,6257,E 4 St & 2 Ave,5593,40.744876,-73.995299,40.726281,-73.98978,member
544419,FBA504C2C25015DB,docked_bike,2021-02-05 14:44:32,2021-02-05 14:55:46,W 24 St & 7 Ave,6257,E 4 St & 2 Ave,5593,40.744876,-73.995299,40.726281,-73.98978,member
544420,219F36B7D84378B8,docked_bike,2021-02-25 15:29:54,2021-02-25 15:41:31,W 24 St & 7 Ave,6257,E 4 St & 2 Ave,5593,40.744876,-73.995299,40.726281,-73.98978,member
544422,3124D8200DD88437,docked_bike,2021-02-20 14:32:55,2021-02-20 14:39:41,E 16 St & Irving Pl,5938,E 4 St & 2 Ave,5593,40.735367,-73.987973,40.7262807,-73.98978041,member
544431,D43A2D32923353B2,docked_bike,2021-02-26 17:34:05,2021-02-26 17:54:41,Broadway & W 60 St,6948,E 4 St & 2 Ave,5593,40.769155,-73.981918,40.7262807,-73.98978041,member
544441,58D5E6CC400B0A59,docked_bike,2021-02-24 14:50:20,2021-02-24 15:01:22,W 24 St & 7 Ave,6257,E 4 St & 2 Ave,5593,40.744876,-73.995299,40.726281,-73.98978,member
544444,FE4893DD90EDFA8E,docked_bike,2021-02-26 14:31:29,2021-02-26 14:41:40,W 24 St & 7 Ave,6257,E 4 St & 2 Ave,5593,40.744876,-73.995299,40.726281,-73.98978,member
544448,46F312AA0729C711,docked_bike,2021-02-14 14:36:50,2021-02-14 14:49:23,W 24 St & 7 Ave,6257,E 4 St & 2 Ave,5593,40.744876,-73.995298,40.7262807,-73.98978041,member
544456,3E7694D64A0C5716,docked_bike,2021-02-26 22:16:32,2021-02-26 22:35:45,E 55 St & 2 Ave,6650,E 4 St & 2 Ave,5593,40.757973,-73.966033,40.726281,-73.98978,member
544478,74AB5C29E5FFB90F,docked_bike,2021-02-25 21:54:22,2021-02-25 22:01:24,Broadway & W 25 St,6173,E 4 St & 2 Ave,5593,40.742868,-73.989186,40.7262807,-73.98978041,casual
544486,45861901DE7465E7,docked_bike,2021-02-26 12:20:26,2021-02-26 12:32:38,Broadway & W 25 St,6173,E 4 St & 2 Ave,5593,40.742868,-73.989186,40.7262807,-73.98978041,member
544495,63A39CAEACF03C3D,docked_bike,2021-02-27 19:53:37,2021-02-27 20:06:59,Broadway & W 25 St,6173,E 4 St & 2 Ave,5593,40.742868,-73.989186,40.7262807,-73.98978041,member
544526,BFF01B4DF58B33C3,docked_bike,2021-02-21 10:31:54,2021-02-21 10:47:47,E 55 St & 2 Ave,6650,E 4 St & 2 Ave,5593,40.757973,-73.966033,40.7262807,-73.98978041,member
544543,69D365C1FB3000F7,docked_bike,2021-02-20 09:11:39,2021-02-20 09:22:16,Broadway & W 25 St,6173,E 4 St & 2 Ave,5593,40.742868,-73.989186,40.7262807,-73.98978041,casual
544555,E4DD6C5FAB071805,docked_bike,2021-02-08 14:16:54,2021-02-08 14:26:08,W 24 St & 7 Ave,6257,E 4 St & 2 Ave,5593,40.744876,-73.995299,40.726281,-73.98978,member
544556,487B7D5C8F1988ED,docked_bike,2021-02-03 14:10:39,2021-02-03 14:22:26,W 24 St & 7 Ave,6257,E 4 St & 2 Ave,5593,40.744876,-73.995299,40.726281,-73.98978,member
544566,531CF363B8106CFB,docked_bike,2021-02-22 14:31:37,2021-02-22 14:40:58,W 24 St & 7 Ave,6257,E 4 St & 2 Ave,5593,40.744876,-73.995299,40.726281,-73.98978,member
544567,30BC8621F4586218,docked_bike,2021-02-19 15:14:52,2021-02-19 15:24:51,W 24 St & 7 Ave,6257,E 4 St & 2 Ave,5593,40.744876,-73.995299,40.726281,-73.98978,member
544571,1D2D963455AEEE93,docked_bike,2021-02-11 19:38:45,2021-02-11 20:03:50,E 55 St & 2 Ave,6650,E 4 St & 2 Ave,5593,40.757973,-73.966033,40.7262807,-73.98978041,member
544586,2B493B3D948DFC1E,docked_bike,2021-02-25 17:03:38,2021-02-25 17:12:12,E 16 St & 5 Ave,6022,E 4 St & 2 Ave,5593,40.737261,-73.992389,40.7262807,-73.98978041,member
544592,D8724085F372019C,docked_bike,2021-02-05 07:22:43,2021-02-05 07:40:46,West St & Liberty St,5184,E 4 St & 2 Ave,5593,40.711444,-74.014847,40.726281,-73.98978,member
544595,CB18BE29C0DAD59A,docked_bike,2021-02-14 15:08:07,2021-02-14 15:18:34,E 16 St & 5 Ave,6022,E 4 St & 2 Ave,5593,40.737261,-73.992389,40.7262807,-73.98978041,casual
544597,54C4AA3405FEA5DF,docked_bike,2021-02-06 09:13:00,2021-02-06 09:15:24,Allen St & Stanton St,5484,E 4 St & 2 Ave,5593,40.722055,-73.989111,40.726281,-73.98978,member
544598,4824A804776EBFEE,docked_bike,2021-02-10 16:43:59,2021-02-10 16:47:27,Allen St & Stanton St,5484,E 4 St & 2 Ave,5593,40.722055,-73.989111,40.7262807,-73.98978041,member
544601,409854A167DE2B46,docked_bike,2021-02-26 14:24:51,2021-02-26 14:40:35,West St & Liberty St,5184,E 4 St & 2 Ave,5593,40.711444,-74.014847,40.7262807,-73.98978041,member
544605,F661C75BA0ED2CCD,docked_bike,2021-02-09 16:47:45,2021-02-09 16:50:21,Allen St & Stanton St,5484,E 4 St & 2 Ave,5593,40.722055,-73.989111,40.7262807,-73.98978041,member
544609,AB5473445A40DBA7,docked_bike,2021-02-04 19:05:41,2021-02-04 19:29:31,E 55 St & 2 Ave,6650,E 4 St & 2 Ave,5593,40.757973,-73.966033,40.726281,-73.98978,member
544610,92CAA8726AE5775B,docked_bike,2021-02-17 15:05:03,2021-02-17 15:15:46,W 24 St & 7 Ave,6257,E 4 St & 2 Ave,5593,40.744876,-73.995299,40.726281,-73.98978,member
544611,4C1D9F5C53B12A43,docked_bike,2021-02-10 14:33:39,2021-02-10 14:45:06,W 24 St & 7 Ave,6257,E 4 St & 2 Ave,5593,40.744876,-73.995299,40.726281,-73.98978,member
544612,9E624252D687492A,docked_bike,2021-02-09 18:12:41,2021-02-09 18:23:56,W 24 St & 7 Ave,6257,E 4 St & 2 Ave,5593,40.744876,-73.995299,40.726281,-73.98978,member
544624,178093F9369FDD55,docked_bike,2021-02-12 18:16:40,2021-02-12 18:36:17,Broadway & Berry St,5164,E 4 St & 2 Ave,5593,40.710445,-73.96525,40.7262807,-73.98978041,casual
544629,889527BEC1E50125,docked_bike,2021-02-14 20:22:39,2021-02-14 20:26:18,Allen St & Stanton St,5484,E 4 St & 2 Ave,5593,40.722055,-73.989111,40.7262807,-73.98978041,member
544632,0F98AA76E69980E0,docked_bike,2021-02-06 19:29:22,2021-02-06 19:38:58,E 16 St & 5 Ave,6022,E 4 St & 2 Ave,5593,40.737261,-73.992389,40.7262807,-73.98978041,member
544637,98D71CA4B2BB8A3D,docked_bike,2021-02-25 21:48:57,2021-02-25 21:56:10,E 16 St & 5 Ave,6022,E 4 St & 2 Ave,5593,40.737261,-73.992389,40.7262807,-73.98978041,casual
544639,B92E621316EC76B8,docked_bike,2021-02-25 17:19:27,2021-02-25 17:27:28,E 16 St & 5 Ave,6022,E 4 St & 2 Ave,5593,40.737261,-73.992389,40.7262807,-73.98978041,member
544640,1FBF248FE5C3D501,docked_bike,2021-02-04 07:22:08,2021-02-04 07:48:23,West St & Liberty St,5184,E 4 St & 2 Ave,5593,40.711444,-74.014847,40.726281,-73.98978,member
544642,2C25EB7FFBAA2575,docked_bike,2021-02-24 12:30:30,2021-02-24 12:36:09,Allen St & Stanton St,5484,E 4 St & 2 Ave,5593,40.722055,-73.989111,40.7262807,-73.98978041,member
544660,9F2E4D6E5D81C3C3,docked_bike,2021-02-25 17:03:42,2021-02-25 17:12:18,E 16 St & 5 Ave,6022,E 4 St & 2 Ave,5593,40.737262,-73.99239,40.726281,-73.98978,casual
544663,48075E472FB2529F,docked_bike,2021-02-25 12:48:01,2021-02-25 13:03:41,West St & Liberty St,5184,E 4 St & 2 Ave,5593,40.711444,-74.014847,40.7262807,-73.98978041,member
544664,DE621DBF7B555A47,docked_bike,2021-02-24 19:11:18,2021-02-24 19:28:05,Broadway & W 49 St,6708,E 4 St & 2 Ave,5593,40.760683,-73.984527,40.7262807,-73.98978041,member
544694,F124146394354222,docked_bike,2021-02-16 14:13:10,2021-02-16 14:25:03,W 27 St & 7 Ave,6247,E 4 St & 2 Ave,5593,40.746647,-73.993915,40.7262807,-73.98978041,member
544704,6E567B932E6279D8,docked_bike,2021-02-14 14:39:50,2021-02-14 14:58:12,W 27 St & 7 Ave,6247,E 4 St & 2 Ave,5593,40.746647,-73.993915,40.7262807,-73.98978041,casual
544710,1A47C2FC5F3D09BD,docked_bike,2021-02-10 14:35:07,2021-02-10 14:49:15,W 21 St & 6 Ave,6140,E 4 St & 2 Ave,5593,40.741739,-73.994155,40.7262807,-73.98978041,member
544721,2DEBB2DB0CC8DAC6,docked_bike,2021-02-24 07:54:15,2021-02-24 08:04:52,W 21 St & 6 Ave,6140,E 4 St & 2 Ave,5593,40.741739,-73.994155,40.7262807,-73.98978041,casual
544735,41E0CAA20C9BAFCC,docked_bike,2021-02-24 17:20:28,2021-02-24 17:37:22,E 55 St & 2 Ave,6650,E 4 St & 2 Ave,5593,40.757973,-73.966033,40.7262807,-73.98978041,member
544773,84FD04FB538BA6C5,docked_bike,2021-02-28 18:43:25,2021-02-28 18:55:25,W 31 St & 7 Ave,6331,E 4 St & 2 Ave,5593,40.749156,-73.9916,40.726281,-73.98978,member
544775,6AC4FD14B3BE3F18,docked_bike,2021-02-25 09:54:46,2021-02-25 10:14:51,W 34 St & 11 Ave,6578,E 4 St & 2 Ave,5593,40.755941,-74.002116,40.7262807,-73.98978041,member
544784,2D1DDB8A4AAD4A16,docked_bike,2021-02-27 13:53:05,2021-02-27 14:29:15,E 77 St & 3 Ave,7092,E 4 St & 2 Ave,5593,40.773142,-73.958562,40.726281,-73.98978,member
544798,D4F5F85580E06286,docked_bike,2021-02-19 11:38:40,2021-02-19 12:06:32,W 74 St & Columbus Ave,7230,E 4 St & 2 Ave,5593,40.778566,-73.977549,40.7262807,-73.98978041,member
544805,D3BC100178561831,docked_bike,2021-02-22 12:29:33,2021-02-22 12:54:24,W 34 St & 11 Ave,6578,E 4 St & 2 Ave,5593,40.755941,-74.002116,40.7262807,-73.98978041,member
544819,E2A284576C46AA12,docked_bike,2021-02-26 15:20:15,2021-02-26 15:25:25,E 11 St & 1 Ave,5746,E 4 St & 2 Ave,5593,40.729538,-73.984267,40.7262807,-73.98978041,member
544839,7120375872DF3FA7,docked_bike,2021-02-23 20:32:17,2021-02-23 20:35:56,E 11 St & 1 Ave,5746,E 4 St & 2 Ave,5593,40.729538,-73.984267,40.7262807,-73.98978041,member
544840,7D844688AD81563B,docked_bike,2021-02-16 11:33:02,2021-02-16 11:36:36,E 11 St & 1 Ave,5746,E 4 St & 2 Ave,5593,40.729538,-73.984267,40.7262807,-73.98978041,member
544841,B2B5D62F4A888611,docked_bike,2021-02-09 13:51:49,2021-02-09 13:55:32,E 11 St & 1 Ave,5746,E 4 St & 2 Ave,5593,40.729538,-73.984267,40.7262807,-73.98978041,member
544842,F095B519F6812475,docked_bike,2021-02-16 11:14:33,2021-02-16 11:19:36,E 11 St & 1 Ave,5746,E 4 St & 2 Ave,5593,40.729538,-73.984267,40.7262807,-73.98978041,member
544849,5DBFBBE4F1C3E0F5,docked_bike,2021-02-24 12:43:10,2021-02-24 12:45:48,E 11 St & 1 Ave,5746,E 4 St & 2 Ave,5593,40.729538,-73.984267,40.7262807,-73.98978041,member
544852,2D08DD1268D81DF1,docked_bike,2021-02-23 11:54:17,2021-02-23 11:59:08,E 2 St & Avenue C,5476,E 4 St & 2 Ave,5593,40.720874,-73.980858,40.726281,-73.98978,member
544853,9A0918FF6C153864,docked_bike,2021-02-27 17:27:16,2021-02-27 17:37:02,Lexington Ave & E 24 St,6089,E 4 St & 2 Ave,5593,40.740259,-73.984092,40.726281,-73.98978,member
544854,FB38F98CC3AC5EE8,docked_bike,2021-02-22 10:57:31,2021-02-22 11:01:49,E 2 St & Avenue C,5476,E 4 St & 2 Ave,5593,40.720873,-73.980857,40.7262807,-73.98978041,member
544856,81D3A15618F4C301,docked_bike,2021-02-21 10:58:28,2021-02-21 11:03:07,E 11 St & 1 Ave,5746,E 4 St & 2 Ave,5593,40.729538,-73.984267,40.7262807,-73.98978041,member
544857,033D4B660BCF0707,docked_bike,2021-02-06 13:35:33,2021-02-06 13:40:03,E 11 St & 1 Ave,5746,E 4 St & 2 Ave,5593,40.729538,-73.984267,40.726281,-73.98978,member
544859,52589BDF88FF5770,docked_bike,2021-02-17 22:01:45,2021-02-17 22:06:21,E 11 St & 1 Ave,5746,E 4 St & 2 Ave,5593,40.729538,-73.984267,40.7262807,-73.98978041,member
544866,5758C32A888C21E6,docked_bike,2021-02-05 19:03:12,2021-02-05 19:07:07,E 11 St & 1 Ave,5746,E 4 St & 2 Ave,5593,40.729538,-73.984267,40.7262807,-73.98978041,member
544869,E9B333B8AF5CF94C,docked_bike,2021-02-23 16:32:04,2021-02-23 16:36:51,E 2 St & Avenue C,5476,E 4 St & 2 Ave,5593,40.720873,-73.980857,40.7262807,-73.98978041,member
544873,5304ECFD1DB2E35E,docked_bike,2021-02-19 18:56:55,2021-02-19 19:01:34,E 11 St & 1 Ave,5746,E 4 St & 2 Ave,5593,40.729538,-73.984267,40.726281,-73.98978,member
544874,5BBCA1A03ACB3839,docked_bike,2021-02-13 16:49:40,2021-02-13 16:56:07,E 11 St & 1 Ave,5746,E 4 St & 2 Ave,5593,40.729538,-73.984267,40.7262807,-73.98978041,member
544877,E634EAA6BE2858A9,docked_bike,2021-02-08 17:13:42,2021-02-08 17:17:11,E 11 St & 1 Ave,5746,E 4 St & 2 Ave,5593,40.729538,-73.984267,40.726281,-73.98978,member
544878,A1F2685271AC1484,docked_bike,2021-02-15 14:06:50,2021-02-15 14:22:38,Centre St & Chambers St,5207,E 4 St & 2 Ave,5593,40.712733,-74.004607,40.726281,-73.98978,member
544886,CE3D28E8DB0CC9C2,docked_bike,2021-02-23 18:43:50,2021-02-23 19:01:19,Broadway & W 49 St,6708,E 4 St & 2 Ave,5593,40.760683,-73.984527,40.7262807,-73.98978041,member
544889,D524429438CBFBFC,docked_bike,2021-02-24 20:26:34,2021-02-24 20:39:59,Allen St & Stanton St,5484,E 4 St & 2 Ave,5593,40.722055,-73.989111,40.7262807,-73.98978041,member
544891,C3C2CE7658ADFE7F,docked_bike,2021-02-14 17:57:49,2021-02-14 18:08:03,E 16 St & 5 Ave,6022,E 4 St & 2 Ave,5593,40.737261,-73.992389,40.7262807,-73.98978041,casual
544893,0C8C5A736B848B06,docked_bike,2021-02-18 21:32:41,2021-02-18 21:36:15,Allen St & Stanton St,5484,E 4 St & 2 Ave,5593,40.722055,-73.989111,40.726281,-73.98978,member
544904,194F97210540F532,docked_bike,2021-02-08 16:21:39,2021-02-08 16:25:00,Allen St & Stanton St,5484,E 4 St & 2 Ave,5593,40.722055,-73.989111,40.7262807,-73.98978041,member
544907,93E48039921F5598,docked_bike,2021-02-28 22:36:41,2021-02-28 23:07:06,Leonard St & Church St,5359,E 4 St & 2 Ave,5593,40.717571,-74.005549,40.7262807,-73.98978041,member
544908,B85488F52E9E681A,docked_bike,2021-02-20 17:49:16,2021-02-20 18:18:11,Broadway & W 49 St,6708,E 4 St & 2 Ave,5593,40.760683,-73.984527,40.7262807,-73.98978041,member
544915,6644C7C64CBD9736,docked_bike,2021-02-10 07:28:19,2021-02-10 07:34:00,E 2 St & Avenue C,5476,E 4 St & 2 Ave,5593,40.720873,-73.980857,40.7262807,-73.98978041,casual
544920,5F6C3BA9BE35FC0F,docked_bike,2021-02-09 08:26:53,2021-02-09 08:41:31,E 2 St & Avenue C,5476,E 4 St & 2 Ave,5593,40.720874,-73.980858,40.726281,-73.98978,member
544922,5184EB0C66B9898D,docked_bike,2021-02-20 18:51:53,2021-02-20 19:00:08,E 2 St & Avenue C,5476,E 4 St & 2 Ave,5593,40.720873,-73.980857,40.7262807,-73.98978041,casual
544925,F7F05CCC865FB9F9,docked_bike,2021-02-05 11:50:00,2021-02-05 11:54:48,E 2 St & Avenue C,5476,E 4 St & 2 Ave,5593,40.720874,-73.980858,40.726281,-73.98978,member
544926,810F71F366FE5497,docked_bike,2021-02-12 19:07:51,2021-02-12 19:15:18,E 2 St & Avenue C,5476,E 4 St & 2 Ave,5593,40.720874,-73.980858,40.726281,-73.98978,member
544927,338192F809819292,docked_bike,2021-02-13 17:25:15,2021-02-13 17:30:17,E 2 St & Avenue C,5476,E 4 St & 2 Ave,5593,40.720874,-73.980858,40.726281,-73.98978,member
544937,51C08925C075488F,docked_bike,2021-02-15 13:33:40,2021-02-15 13:35:51,Allen St & Stanton St,5484,E 4 St & 2 Ave,5593,40.722055,-73.989111,40.726281,-73.98978,member
544938,76AA13D37CB03312,docked_bike,2021-02-13 09:49:39,2021-02-13 09:52:35,Allen St & Stanton St,5484,E 4 St & 2 Ave,5593,40.722055,-73.989111,40.7262807,-73.98978041,member
544944,B16322C4E8166527,docked_bike,2021-02-08 17:53:06,2021-02-08 18:00:41,E 2 St & Avenue C,5476,E 4 St & 2 Ave,5593,40.720874,-73.980858,40.726281,-73.98978,member
544947,1868566584A510DF,docked_bike,2021-02-23 21:19:36,2021-02-23 21:25:04,E 2 St & Avenue C,5476,E 4 St & 2 Ave,5593,40.720873,-73.980857,40.7262807,-73.98978041,member
544952,E898F06093401852,docked_bike,2021-02-25 16:57:00,2021-02-25 17:09:24,Lexington Ave & E 24 St,6089,E 4 St & 2 Ave,5593,40.740258,-73.984092,40.7262807,-73.98978041,casual
544962,9443E1E9AEA3DB2F,docked_bike,2021-02-21 20:22:24,2021-02-21 20:32:31,W 20 St & 8 Ave,6224,E 4 St & 2 Ave,5593,40.743453,-74.00004,40.7262807,-73.98978041,casual
544969,C6EFEE468274849A,docked_bike,2021-02-09 17:49:18,2021-02-09 17:55:17,E 2 St & Avenue C,5476,E 4 St & 2 Ave,5593,40.720873,-73.980857,40.7262807,-73.98978041,casual
544971,CEAB236D6637FB54,docked_bike,2021-02-27 02:06:38,2021-02-27 02:46:45,E 2 St & Avenue C,5476,E 4 St & 2 Ave,5593,40.720873,-73.980857,40.7262807,-73.98978041,member
544973,EE411E37EBE4BF95,docked_bike,2021-02-24 10:44:16,2021-02-24 11:21:54,Eastern Pkwy & Washington Ave,3928,E 4 St & 2 Ave,5593,40.671649,-73.963115,40.726281,-73.98978,member
544977,333E3CBAE50C4988,docked_bike,2021-02-20 09:30:00,2021-02-20 09:35:30,E 11 St & 1 Ave,5746,E 4 St & 2 Ave,5593,40.729538,-73.984267,40.7262807,-73.98978041,member
544999,8F5128060DFE1571,docked_bike,2021-02-23 18:10:14,2021-02-23 18:23:40,W 20 St & 8 Ave,6224,E 4 St & 2 Ave,5593,40.743453,-74.00004,40.7262807,-73.98978041,casual
545011,09E1D20DC1367FD9,docked_bike,2021-02-24 10:44:17,2021-02-24 11:02:51,8 Ave & W 33 St,6450,E 4 St & 2 Ave,5593,40.751551,-73.993934,40.7262807,-73.98978041,casual
545017,9874578F1CDAC04F,docked_bike,2021-02-15 12:31:21,2021-02-15 12:44:17,W 20 St & 8 Ave,6224,E 4 St & 2 Ave,5593,40.743453,-74.00004,40.7262807,-73.98978041,member
545022,64E10F7C99E87E45,docked_bike,2021-02-23 19:06:04,2021-02-23 19:13:52,E 9 St & Avenue C,5616,E 4 St & 2 Ave,5593,40.725213,-73.977688,40.726281,-73.98978,member
545032,2C861A14BAEC5601,docked_bike,2021-02-16 14:12:38,2021-02-16 14:29:19,W 34 St & 11 Ave,6578,E 4 St & 2 Ave,5593,40.755941,-74.002116,40.7262807,-73.98978041,member
545035,A5E7F390F54E4E17,docked_bike,2021-02-24 20:23:28,2021-02-24 20:35:12,W 21 St & 6 Ave,6140,E 4 St & 2 Ave,5593,40.741739,-73.994155,40.7262807,-73.98978041,casual
545036,DC7AA2634DBD65C8,docked_bike,2021-02-26 11:51:59,2021-02-26 11:58:23,E 9 St & Avenue C,5616,E 4 St & 2 Ave,5593,40.725213,-73.977688,40.726281,-73.98978,member
545043,794099ABF28727A5,docked_bike,2021-02-13 15:42:07,2021-02-13 15:56:40,W 21 St & 6 Ave,6140,E 4 St & 2 Ave,5593,40.741739,-73.994155,40.7262807,-73.98978041,casual
545062,AEE7E2B5BF10AB1B,docked_bike,2021-02-06 17:49:42,2021-02-06 18:20:49,Monroe St & Classon Ave,4336,E 4 St & 2 Ave,5593,40.684568,-73.95881,40.7262807,-73.98978041,member
545064,8B5FD9BEBDD895F6,docked_bike,2021-02-09 18:38:09,2021-02-09 18:46:56,E 9 St & Avenue C,5616,E 4 St & 2 Ave,5593,40.725213,-73.977687,40.7262807,-73.98978041,member
545067,CB6903497DF1188A,docked_bike,2021-02-27 21:06:53,2021-02-27 21:12:54,E 9 St & Avenue C,5616,E 4 St & 2 Ave,5593,40.725213,-73.977687,40.7262807,-73.98978041,member
545078,5EC3C3948EA29594,docked_bike,2021-02-25 16:12:03,2021-02-25 16:41:47,8 Ave & W 33 St,6450,E 4 St & 2 Ave,5593,40.751551,-73.993934,40.7262807,-73.98978041,casual
545083,606E4A7F02EC0A6F,docked_bike,2021-02-09 12:23:06,2021-02-09 12:29:51,E 9 St & Avenue C,5616,E 4 St & 2 Ave,5593,40.725213,-73.977688,40.726281,-73.98978,member
545094,3C355DA6F1EE9642,docked_bike,2021-02-11 11:53:30,2021-02-11 12:09:56,Roebling St & N 4 St,5267,E 4 St & 2 Ave,5593,40.71469,-73.95739,40.726281,-73.98978,casual
545095,71599F49FD2B4C52,docked_bike,2021-02-23 16:29:02,2021-02-23 16:41:49,E 33 St & 1 Ave,6197,E 4 St & 2 Ave,5593,40.743226,-73.974497,40.7262807,-73.98978041,member
545107,E7DC8A66FB84EDCB,docked_bike,2021-02-13 09:00:42,2021-02-13 09:08:20,E 33 St & 1 Ave,6197,E 4 St & 2 Ave,5593,40.743226,-73.974497,40.7262807,-73.98978041,member
545113,4CB619AE6C50219A,docked_bike,2021-02-04 13:06:31,2021-02-04 13:25:08,Roebling St & N 4 St,5267,E 4 St & 2 Ave,5593,40.71469,-73.95739,40.7262807,-73.98978041,member
545147,B0AC85042E95354C,docked_bike,2021-02-16 16:37:56,2021-02-16 16:48:49,E 33 St & 1 Ave,6197,E 4 St & 2 Ave,5593,40.743226,-73.974497,40.7262807,-73.98978041,member
545149,E9D6C4B347F717E5,docked_bike,2021-02-21 13:55:40,2021-02-21 14:16:30,W 13 St & 7 Ave,6030,E 4 St & 2 Ave,5593,40.737815,-73.999946,40.7262807,-73.98978041,member
545168,E1785BDD4A672FC8,docked_bike,2021-02-03 12:22:03,2021-02-03 12:44:40,Roebling St & N 4 St,5267,E 4 St & 2 Ave,5593,40.71469,-73.95739,40.7262807,-73.98978041,member
545183,A6A0B5D873AB81E1,docked_bike,2021-02-27 15:29:44,2021-02-27 15:40:11,E 33 St & 1 Ave,6197,E 4 St & 2 Ave,5593,40.743226,-73.974497,40.7262807,-73.98978041,casual
545189,F22402990BAB896E,docked_bike,2021-02-05 19:38:22,2021-02-05 20:02:30,Fulton St & William St,5137,E 4 St & 2 Ave,5593,40.70956,-74.006536,40.726281,-73.98978,member
545192,B2BDA4280E320AED,docked_bike,2021-02-06 20:58:31,2021-02-06 21:15:48,Fulton St & William St,5137,E 4 St & 2 Ave,5593,40.70956,-74.006536,40.726281,-73.98978,member
545193,CF683DF8A5FB6391,docked_bike,2021-02-04 12:03:22,2021-02-04 12:23:25,E 33 St & 1 Ave,6197,E 4 St & 2 Ave,5593,40.743227,-73.974498,40.726281,-73.98978,member
545208,B92704C3DE94607B,docked_bike,2021-02-04 16:03:26,2021-02-04 16:12:57,W 13 St & 7 Ave,6030,E 4 St & 2 Ave,5593,40.737815,-73.999947,40.726281,-73.98978,member
545215,BC4E422A5EDD20F5,docked_bike,2021-02-17 10:00:09,2021-02-17 10:07:11,MacDougal St & Washington Sq,5797,E 4 St & 2 Ave,5593,40.732263,-73.998522,40.7262807,-73.98978041,casual
545216,F7A55D7DE10DFB0B,docked_bike,2021-02-23 16:57:41,2021-02-23 17:10:29,Lexington Ave & E 36 St,6313,E 4 St & 2 Ave,5593,40.747574,-73.978801,40.726281,-73.98978,member
545217,6470E8AF14F475B7,docked_bike,2021-02-23 13:17:12,2021-02-23 13:29:39,Lexington Ave & E 36 St,6313,E 4 St & 2 Ave,5593,40.747574,-73.978801,40.726281,-73.98978,member
545218,DDA624CB9E35C97E,docked_bike,2021-02-28 02:45:52,2021-02-28 02:54:56,Lexington Ave & E 36 St,6313,E 4 St & 2 Ave,5593,40.747573,-73.9788,40.7262807,-73.98978041,casual
545219,B39CB34CC91177DD,docked_bike,2021-02-17 23:18:38,2021-02-17 23:25:11,MacDougal St & Washington Sq,5797,E 4 St & 2 Ave,5593,40.732263,-73.998522,40.7262807,-73.98978041,member
545220,912066AEDA9CFDBF,docked_bike,2021-02-11 09:57:57,2021-02-11 10:04:38,MacDougal St & Washington Sq,5797,E 4 St & 2 Ave,5593,40.732263,-73.998522,40.7262807,-73.98978041,casual
545221,743725C9CF3E1E64,docked_bike,2021-02-10 14:07:54,2021-02-10 14:12:20,Stanton St & Norfolk St,5445,E 4 St & 2 Ave,5593,40.720747,-73.986274,40.7262807,-73.98978041,member
545222,BBD7AC8E534FB976,docked_bike,2021-02-13 12:34:35,2021-02-13 13:03:37,E 78 St & 2 Ave,7057,E 4 St & 2 Ave,5593,40.772796,-73.955778,40.7262807,-73.98978041,member
545229,6EC023DAC1834037,docked_bike,2021-02-24 07:42:45,2021-02-24 07:51:28,E 33 St & 1 Ave,6197,E 4 St & 2 Ave,5593,40.743226,-73.974497,40.7262807,-73.98978041,member
545236,282AB0C4815EC793,docked_bike,2021-02-23 16:15:16,2021-02-23 17:02:12,E 58 St & 3 Ave,6762,E 4 St & 2 Ave,5593,40.760957,-73.967244,40.7262807,-73.98978041,member
545255,FB98FAD0D433FD29,docked_bike,2021-02-25 16:31:28,2021-02-25 16:52:12,E 58 St & 3 Ave,6762,E 4 St & 2 Ave,5593,40.760957,-73.967244,40.7262807,-73.98978041,member
545273,F87F0D1A7C016368,docked_bike,2021-02-20 15:01:30,2021-02-20 15:18:01,E 51 St & 1 Ave,6532,E 4 St & 2 Ave,5593,40.754557,-73.965929,40.7262807,-73.98978041,casual
545276,0C92D1FD196DC1C2,docked_bike,2021-02-09 11:16:07,2021-02-09 11:26:09,Barrow St & Hudson St,5805,E 4 St & 2 Ave,5593,40.731724,-74.006744,40.7262807,-73.98978041,member
545278,B27304434F8005A1,docked_bike,2021-02-05 11:01:20,2021-02-05 11:10:44,Barrow St & Hudson St,5805,E 4 St & 2 Ave,5593,40.731724,-74.006744,40.7262807,-73.98978041,member
545286,C3448B7D03707460,docked_bike,2021-02-24 17:07:28,2021-02-24 17:26:46,W 52 St & 6 Ave,6740,E 4 St & 2 Ave,5593,40.761329,-73.97982,40.7262807,-73.98978041,member
545287,467D9B6F2D88B9D2,docked_bike,2021-02-11 17:51:17,2021-02-11 18:15:26,W 52 St & 6 Ave,6740,E 4 St & 2 Ave,5593,40.761329,-73.97982,40.7262807,-73.98978041,member
545288,76D15D3138815205,docked_bike,2021-02-16 17:27:35,2021-02-16 17:48:59,W 52 St & 6 Ave,6740,E 4 St & 2 Ave,5593,40.761329,-73.97982,40.7262807,-73.98978041,member
545289,B2D564551AC56703,docked_bike,2021-02-17 17:15:43,2021-02-17 17:38:23,W 52 St & 6 Ave,6740,E 4 St & 2 Ave,5593,40.761329,-73.97982,40.7262807,-73.98978041,member
545291,2B100B31DDA412AA,docked_bike,2021-02-10 17:02:44,2021-02-10 17:26:03,W 52 St & 6 Ave,6740,E 4 St & 2 Ave,5593,40.76133,-73.97982,40.726281,-73.98978,member
545292,935A147892D7C6EA,docked_bike,2021-02-23 17:40:28,2021-02-23 18:01:47,W 52 St & 6 Ave,6740,E 4 St & 2 Ave,5593,40.761329,-73.97982,40.7262807,-73.98978041,member
545299,91C49CAEB76A9798,docked_bike,2021-02-17 11:15:41,2021-02-17 11:40:43,Wyckoff St & Nevins St,4290,E 4 St & 2 Ave,5593,40.683426,-73.984275,40.7262807,-73.98978041,member
545300,4E59A3C0AEC7EE36,docked_bike,2021-02-09 16:22:55,2021-02-09 16:43:56,W 52 St & 6 Ave,6740,E 4 St & 2 Ave,5593,40.76133,-73.97982,40.726281,-73.98978,member
545302,534C3F5DAD38BD28,docked_bike,2021-02-25 11:08:02,2021-02-25 11:28:24,Wyckoff St & Nevins St,4290,E 4 St & 2 Ave,5593,40.683426,-73.984275,40.7262807,-73.98978041,member
545305,76F8CE34A510660D,docked_bike,2021-02-09 11:41:05,2021-02-09 11:47:52,Pike St & E Broadway,5270,E 4 St & 2 Ave,5593,40.714066,-73.992939,40.7262807,-73.98978041,member
545320,02DE5AE0AA13F495,docked_bike,2021-02-12 13:55:03,2021-02-12 14:06:59,Barrow St & Hudson St,5805,E 4 St & 2 Ave,5593,40.731724,-74.006744,40.726281,-73.98978,member
545322,1DCABB03A52703CF,docked_bike,2021-02-06 14:43:19,2021-02-06 14:50:54,Pike St & E Broadway,5270,E 4 St & 2 Ave,5593,40.714067,-73.992939,40.726281,-73.98978,member
545323,852054C71946E82F,docked_bike,2021-02-13 16:56:29,2021-02-13 17:26:41,Forsyth St & Broome St,5453,E 4 St & 2 Ave,5593,40.718939,-73.992662,40.7262807,-73.98978041,member
545327,F3DF278682F4F35B,docked_bike,2021-02-25 11:07:55,2021-02-25 11:28:17,Wyckoff St & Nevins St,4290,E 4 St & 2 Ave,5593,40.683426,-73.984275,40.7262807,-73.98978041,member
545328,C9D57990A954868A,docked_bike,2021-02-25 12:46:18,2021-02-25 12:51:46,Forsyth St & Broome St,5453,E 4 St & 2 Ave,5593,40.718939,-73.992662,40.7262807,-73.98978041,member
545335,D645F6A2209EBB52,docked_bike,2021-02-17 11:15:41,2021-02-17 11:40:45,Wyckoff St & Nevins St,4290,E 4 St & 2 Ave,5593,40.683426,-73.984275,40.7262807,-73.98978041,member
545341,C1D39A8D7888A0B7,docked_bike,2021-02-06 13:10:11,2021-02-06 13:14:18,Forsyth St & Broome St,5453,E 4 St & 2 Ave,5593,40.718939,-73.992662,40.7262807,-73.98978041,member
545342,1CA0A81DA26746B2,docked_bike,2021-02-13 13:41:41,2021-02-13 13:46:57,Forsyth St & Broome St,5453,E 4 St & 2 Ave,5593,40.718939,-73.992662,40.7262807,-73.98978041,member
545343,FCAB6DA243BD9052,docked_bike,2021-02-21 18:31:41,2021-02-21 18:36:04,Forsyth St & Broome St,5453,E 4 St & 2 Ave,5593,40.718939,-73.992662,40.7262807,-73.98978041,member
545345,02297EDE95C7CDAD,docked_bike,2021-02-22 20:19:24,2021-02-22 20:26:29,Barrow St & Hudson St,5805,E 4 St & 2 Ave,5593,40.731724,-74.006744,40.726281,-73.98978,member
545364,9154B30293995F38,docked_bike,2021-02-22 19:21:47,2021-02-22 19:49:18,1 Ave & E 68 St,6822,E 4 St & 2 Ave,5593,40.765005,-73.958185,40.726281,-73.98978,member
545368,9EC45DFE4256BFCC,docked_bike,2021-02-25 17:36:01,2021-02-25 17:40:02,Suffolk St & Stanton St,5445,E 4 St & 2 Ave,5593,40.720664,-73.985179,40.7262807,-73.98978041,member
545370,6DC4403F3B365A87,docked_bike,2021-02-17 09:39:52,2021-02-17 09:45:26,Broadway & E 14 St,5905,E 4 St & 2 Ave,5593,40.734545,-73.990741,40.7262807,-73.98978041,member
545371,CF154C6B0F2D48AC,docked_bike,2021-02-06 12:48:22,2021-02-06 16:31:41,Broadway & E 14 St,5905,E 4 St & 2 Ave,5593,40.734546,-73.990741,40.726281,-73.98978,casual
545373,9BA2C9D934D49069,docked_bike,2021-02-11 14:33:48,2021-02-11 14:37:22,Broadway & E 14 St,5905,E 4 St & 2 Ave,5593,40.734545,-73.990741,40.7262807,-73.98978041,member
545394,CEAFA153D32F04DE,docked_bike,2021-02-23 00:24:20,2021-02-23 00:28:29,Broadway & E 14 St,5905,E 4 St & 2 Ave,5593,40.734545,-73.990741,40.7262807,-73.98978041,member
545395,A76FC629126C7E41,docked_bike,2021-02-16 06:43:54,2021-02-16 06:49:08,Broadway & E 14 St,5905,E 4 St & 2 Ave,5593,40.734546,-73.990741,40.726281,-73.98978,member
545396,D9B3A8E167CC3DA3,docked_bike,2021-02-09 06:35:30,2021-02-09 06:42:31,Broadway & E 14 St,5905,E 4 St & 2 Ave,5593,40.734546,-73.990741,40.726281,-73.98978,member
545397,AE9DCE59BE5F5F24,docked_bike,2021-02-05 06:39:35,2021-02-05 06:45:32,Broadway & E 14 St,5905,E 4 St & 2 Ave,5593,40.734546,-73.990741,40.726281,-73.98978,member
545402,BC53BF32C721E062,docked_bike,2021-02-05 19:21:50,2021-02-05 19:42:49,1 Ave & E 68 St,6822,E 4 St & 2 Ave,5593,40.765005,-73.958184,40.7262807,-73.98978041,member
545404,55D4D21F6328B74D,docked_bike,2021-02-12 18:45:21,2021-02-12 18:52:25,Suffolk St & Stanton St,5445,E 4 St & 2 Ave,5593,40.720664,-73.985179,40.7262807,-73.98978041,member
545405,42B44E160E68FF9F,docked_bike,2021-02-06 14:08:11,2021-02-06 14:16:05,Broadway & E 14 St,5905,E 4 St & 2 Ave,5593,40.734545,-73.990741,40.7262807,-73.98978041,member
545415,7ECFAAEE841F0266,docked_bike,2021-02-21 12:10:27,2021-02-21 12:33:24,1 Ave & E 68 St,6822,E 4 St & 2 Ave,5593,40.765005,-73.958184,40.7262807,-73.98978041,member
545436,AD676FA6CD4D4ED5,docked_bike,2021-02-10 14:44:53,2021-02-10 14:55:23,Fulton St & William St,5137,E 4 St & 2 Ave,5593,40.709559,-74.006536,40.7262807,-73.98978041,member
545438,B58945E46368BAAB,docked_bike,2021-02-24 18:05:11,2021-02-24 18:19:55,Jay St & Tech Pl,4710,E 4 St & 2 Ave,5593,40.695065,-73.987167,40.7262807,-73.98978041,member
545444,2012FDC3E3F2DC06,docked_bike,2021-02-11 18:18:11,2021-02-11 18:25:33,Broadway & E 14 St,5905,E 4 St & 2 Ave,5593,40.734545,-73.990741,40.7262807,-73.98978041,member
545451,F7502D88B9E4FDC6,docked_bike,2021-02-26 06:34:02,2021-02-26 06:39:32,Broadway & E 14 St,5905,E 4 St & 2 Ave,5593,40.734546,-73.990741,40.726281,-73.98978,member
545456,5E2AE29DD3CDB041,docked_bike,2021-02-28 11:00:25,2021-02-28 11:04:25,Broadway & E 14 St,5905,E 4 St & 2 Ave,5593,40.734546,-73.990741,40.726281,-73.98978,member
545457,454E30D2512123A6,docked_bike,2021-02-27 17:12:37,2021-02-27 17:18:07,Broadway & E 14 St,5905,E 4 St & 2 Ave,5593,40.734546,-73.990741,40.726281,-73.98978,member
545461,BFC880E935441DA9,docked_bike,2021-02-24 16:34:21,2021-02-24 16:42:13,Broadway & E 14 St,5905,E 4 St & 2 Ave,5593,40.734545,-73.990741,40.7262807,-73.98978041,member
545470,2BEEE03779451D82,docked_bike,2021-02-10 19:33:05,2021-02-10 19:40:32,Suffolk St & Stanton St,5445,E 4 St & 2 Ave,5593,40.720664,-73.985179,40.7262807,-73.98978041,member
545475,643CAD8933FD1AD5,docked_bike,2021-02-28 15:24:23,2021-02-28 15:32:14,Howard St & Centre St,5422,E 4 St & 2 Ave,5593,40.719105,-73.999733,40.7262807,-73.98978041,member
545507,83A770D5189742DD,docked_bike,2021-02-16 11:55:45,2021-02-16 12:00:21,E 2 St & Avenue C,5476,E 4 St & 2 Ave,5593,40.720874,-73.980858,40.726281,-73.98978,member
545509,0805CC9A2073364E,docked_bike,2021-02-09 20:49:55,2021-02-09 20:58:22,Lexington Ave & E 24 St,6089,E 4 St & 2 Ave,5593,40.740258,-73.984092,40.7262807,-73.98978041,member
545510,910880E98B95BAD9,docked_bike,2021-02-15 20:45:50,2021-02-15 20:53:44,Lexington Ave & E 24 St,6089,E 4 St & 2 Ave,5593,40.740258,-73.984092,40.7262807,-73.98978041,member
545513,DCFA6B97A968B19F,docked_bike,2021-02-03 17:47:25,2021-02-03 18:01:28,Lexington Ave & E 24 St,6089,E 4 St & 2 Ave,5593,40.740259,-73.984092,40.726281,-73.98978,member
545514,A21F4AA1FDA4236B,docked_bike,2021-02-22 18:00:11,2021-02-22 18:07:28,E 2 St & Avenue C,5476,E 4 St & 2 Ave,5593,40.720873,-73.980857,40.7262807,-73.98978041,member
545515,F12D16A282D2308B,docked_bike,2021-02-01 01:35:00,2021-02-01 01:43:00,E 2 St & Avenue C,5476,E 4 St & 2 Ave,5593,40.720874,-73.980858,40.726281,-73.98978,member
545527,6B4BCA232B1AB98E,docked_bike,2021-02-24 18:32:26,2021-02-24 18:40:24,Howard St & Centre St,5422,E 4 St & 2 Ave,5593,40.719105,-73.999733,40.7262807,-73.98978041,member
545528,423218907A90C4C4,docked_bike,2021-02-28 15:45:51,2021-02-28 15:51:06,Broadway & E 14 St,5905,E 4 St & 2 Ave,5593,40.734546,-73.990741,40.726281,-73.98978,member
545529,46B619DEC59E9C51,docked_bike,2021-02-20 16:46:01,2021-02-20 16:50:37,Broadway & E 14 St,5905,E 4 St & 2 Ave,5593,40.734546,-73.990741,40.726281,-73.98978,member
545530,9FBC7484BFEE45FD,docked_bike,2021-02-24 06:43:11,2021-02-24 06:48:16,Broadway & E 14 St,5905,E 4 St & 2 Ave,5593,40.734546,-73.990741,40.726281,-73.98978,member
545535,2C09A8086A29BDF9,docked_bike,2021-02-24 16:17:24,2021-02-24 16:25:03,Suffolk St & Stanton St,5445,E 4 St & 2 Ave,5593,40.720664,-73.98518,40.726281,-73.98978,member
545537,CB0602ED9AC11708,docked_bike,2021-02-25 21:49:13,2021-02-25 21:56:02,E 16 St & 5 Ave,6022,E 4 St & 2 Ave,5593,40.737262,-73.99239,40.726281,-73.98978,member
545538,920E4B2414816B9C,docked_bike,2021-02-14 15:07:33,2021-02-14 15:17:43,E 16 St & 5 Ave,6022,E 4 St & 2 Ave,5593,40.737262,-73.99239,40.726281,-73.98978,member
545543,31C651773B74C957,docked_bike,2021-02-24 21:05:45,2021-02-24 21:12:55,Perry St & Bleecker St,5922,E 4 St & 2 Ave,5593,40.735353,-74.00483,40.7262807,-73.98978041,casual
545544,DEE94D1D110D658E,docked_bike,2021-02-05 22:07:13,2021-02-05 22:13:59,Perry St & Bleecker St,5922,E 4 St & 2 Ave,5593,40.735353,-74.00483,40.7262807,-73.98978041,member
545548,456095883CC264FB,docked_bike,2021-02-20 12:17:22,2021-02-20 12:25:34,Howard St & Centre St,5422,E 4 St & 2 Ave,5593,40.719105,-73.999733,40.7262807,-73.98978041,member
545551,AEED64B5ED08C270,docked_bike,2021-02-25 12:16:47,2021-02-25 12:21:52,E 2 St & Avenue C,5476,E 4 St & 2 Ave,5593,40.720873,-73.980857,40.7262807,-73.98978041,member
545552,FB4A3B4E121F905A,docked_bike,2021-02-11 11:58:48,2021-02-11 12:03:40,E 2 St & Avenue C,5476,E 4 St & 2 Ave,5593,40.720874,-73.980858,40.726281,-73.98978,member
545553,3F3E96DEC1547DA5,docked_bike,2021-02-09 12:05:06,2021-02-09 12:09:06,E 2 St & Avenue C,5476,E 4 St & 2 Ave,5593,40.720874,-73.980858,40.726281,-73.98978,member
545554,0634096AEE0D5F7E,docked_bike,2021-02-07 11:46:17,2021-02-07 11:51:06,E 2 St & Avenue C,5476,E 4 St & 2 Ave,5593,40.720874,-73.980858,40.726281,-73.98978,member
545555,1EC37B2CC4103B17,docked_bike,2021-02-14 12:16:10,2021-02-14 12:20:54,E 2 St & Avenue C,5476,E 4 St & 2 Ave,5593,40.720874,-73.980858,40.726281,-73.98978,member
545556,C7B2DCA25495FD1D,docked_bike,2021-02-10 11:58:31,2021-02-10 12:04:09,E 2 St & Avenue C,5476,E 4 St & 2 Ave,5593,40.720874,-73.980858,40.726281,-73.98978,member
545557,DBAC6918D487DB05,docked_bike,2021-02-15 11:08:43,2021-02-15 11:12:44,E 2 St & Avenue C,5476,E 4 St & 2 Ave,5593,40.720874,-73.980858,40.726281,-73.98978,member
545558,300ED7AE21058824,docked_bike,2021-02-17 11:56:56,2021-02-17 12:01:39,E 2 St & Avenue C,5476,E 4 St & 2 Ave,5593,40.720874,-73.980858,40.726281,-73.98978,member
545559,53A2E98ABA7D6723,docked_bike,2021-02-08 11:09:11,2021-02-08 11:13:42,E 2 St & Avenue C,5476,E 4 St & 2 Ave,5593,40.720874,-73.980858,40.726281,-73.98978,member
545560,DACF97E1F69F43C5,docked_bike,2021-02-12 12:05:25,2021-02-12 12:10:03,E 2 St & Avenue C,5476,E 4 St & 2 Ave,5593,40.720874,-73.980858,40.726281,-73.98978,member
545561,686E16258D2DFFDB,docked_bike,2021-02-26 10:26:11,2021-02-26 10:30:51,E 2 St & Avenue C,5476,E 4 St & 2 Ave,5593,40.720874,-73.980858,40.726281,-73.98978,member
545571,FA78C94D66F29865,docked_bike,2021-02-08 09:36:04,2021-02-08 09:39:07,E 11 St & 1 Ave,5746,E 4 St & 2 Ave,5593,40.729538,-73.984267,40.7262807,-73.98978041,member
545572,E999C93B6BBFBCE6,docked_bike,2021-02-21 21:13:55,2021-02-21 21:17:19,E 11 St & 1 Ave,5746,E 4 St & 2 Ave,5593,40.729538,-73.984267,40.7262807,-73.98978041,member
545573,B02298A908B19AE6,docked_bike,2021-02-17 19:55:55,2021-02-17 19:58:35,E 11 St & 1 Ave,5746,E 4 St & 2 Ave,5593,40.729538,-73.984267,40.7262807,-73.98978041,member
545574,9761E6738B36CFB2,docked_bike,2021-02-10 07:59:44,2021-02-10 08:02:41,E 11 St & 1 Ave,5746,E 4 St & 2 Ave,5593,40.729538,-73.984267,40.726281,-73.98978,member
545579,4C70D48290042401,docked_bike,2021-02-23 08:48:29,2021-02-23 09:10:46,Broadway & Battery Pl,4962,E 4 St & 2 Ave,5593,40.704633,-74.013617,40.7262807,-73.98978041,member
545581,4157CAC889BF182A,docked_bike,2021-02-28 18:39:22,2021-02-28 19:10:03,E 11 St & 1 Ave,5746,E 4 St & 2 Ave,5593,40.729538,-73.984267,40.7262807,-73.98978041,member
545591,C77EAD0F549DE519,docked_bike,2021-02-14 12:24:48,2021-02-14 12:34:04,E 30 St & Park Ave S,6206,E 4 St & 2 Ave,5593,40.744449,-73.983035,40.7262807,-73.98978041,member
545607,4439059649B77ED4,docked_bike,2021-02-16 17:50:42,2021-02-16 18:44:36,Kingston Ave & Herkimer St,4205,E 4 St & 2 Ave,5593,40.678907,-73.941428,40.726281,-73.98978,member
545608,F9A054B9873EA6E0,docked_bike,2021-02-04 10:39:24,2021-02-04 10:46:42,Howard St & Centre St,5422,E 4 St & 2 Ave,5593,40.719105,-73.999733,40.726281,-73.98978,member
545612,FB0D577CB1445D7D,docked_bike,2021-02-26 13:19:46,2021-02-26 13:43:01,Willoughby St & Fleet St,4628,E 4 St & 2 Ave,5593,40.691965,-73.981301,40.7262807,-73.98978041,member
545614,F09C16A40B8371F9,docked_bike,2021-02-22 14:53:56,2021-02-22 14:59:39,Broadway & E 14 St,5905,E 4 St & 2 Ave,5593,40.734545,-73.990741,40.7262807,-73.98978041,member
545622,63942F00BC43A0B7,docked_bike,2021-02-20 14:45:29,2021-02-20 14:53:58,E 11 St & Avenue B,5659,E 4 St & 2 Ave,5593,40.727464,-73.979504,40.726281,-73.98978,member
545623,CB463D88F645D92A,docked_bike,2021-02-27 15:29:34,2021-02-27 15:35:56,E 11 St & Avenue B,5659,E 4 St & 2 Ave,5593,40.727464,-73.979504,40.726281,-73.98978,member
545626,42ABD9C902944A28,docked_bike,2021-02-06 15:00:37,2021-02-06 15:07:04,1 Ave & E 18 St,5854,E 4 St & 2 Ave,5593,40.733812,-73.980544,40.7262807,-73.98978041,casual
545627,F8A6C0285249596F,docked_bike,2021-02-23 14:04:07,2021-02-23 14:09:03,1 Ave & E 18 St,5854,E 4 St & 2 Ave,5593,40.733812,-73.980544,40.726281,-73.98978,member
545631,1793002BA798236D,docked_bike,2021-02-10 13:09:01,2021-02-10 13:18:31,1 Ave & E 18 St,5854,E 4 St & 2 Ave,5593,40.733812,-73.980544,40.7262807,-73.98978041,member
545632,19898C746ECD83A2,docked_bike,2021-02-25 10:53:06,2021-02-25 10:59:31,MacDougal St & Prince St,5687,E 4 St & 2 Ave,5593,40.727102,-74.00297,40.7262807,-73.98978041,member
545633,056957B90E51FE85,docked_bike,2021-02-27 18:35:37,2021-02-27 18:44:22,1 Ave & E 18 St,5854,E 4 St & 2 Ave,5593,40.733812,-73.980544,40.7262807,-73.98978041,member
545641,CD36E388DD6F44EC,docked_bike,2021-02-09 16:16:15,2021-02-09 16:23:54,1 Ave & E 18 St,5854,E 4 St & 2 Ave,5593,40.733812,-73.980544,40.726281,-73.98978,member
545643,87D01BAA34E100BD,docked_bike,2021-02-09 21:14:15,2021-02-09 21:21:54,E 11 St & Avenue B,5659,E 4 St & 2 Ave,5593,40.727464,-73.979504,40.726281,-73.98978,member
545644,D12523486D22121D,docked_bike,2021-02-09 20:12:51,2021-02-09 20:22:01,E 11 St & Avenue B,5659,E 4 St & 2 Ave,5593,40.727464,-73.979504,40.726281,-73.98978,member
545669,751F50F1A4E288CA,docked_bike,2021-02-03 19:26:49,2021-02-03 19:36:35,Howard St & Centre St,5422,E 4 St & 2 Ave,5593,40.719105,-73.999733,40.7262807,-73.98978041,casual
545670,1D1B1BC6AF94140A,docked_bike,2021-02-26 14:03:01,2021-02-26 14:17:24,1 Ave & E 44 St,6379,E 4 St & 2 Ave,5593,40.750019,-73.969053,40.7262807,-73.98978041,member
545674,370190F7AFDE465D,docked_bike,2021-02-10 13:28:02,2021-02-10 13:58:35,Grand Army Plaza & Central Park S,6839,E 4 St & 2 Ave,5593,40.764397,-73.973715,40.726281,-73.98978,casual
545677,8C995F259894D887,docked_bike,2021-02-24 09:20:13,2021-02-24 09:25:53,E 11 St & Avenue B,5659,E 4 St & 2 Ave,5593,40.727464,-73.979504,40.7262807,-73.98978041,member
545684,E2908C4F0972CCA9,docked_bike,2021-02-06 11:54:56,2021-02-06 12:04:21,MacDougal St & Prince St,5687,E 4 St & 2 Ave,5593,40.727102,-74.00297,40.7262807,-73.98978041,member
545686,E936C692CFB04D0B,docked_bike,2021-02-15 12:07:55,2021-02-15 12:18:54,E 11 St & Avenue B,5659,E 4 St & 2 Ave,5593,40.727464,-73.979504,40.7262807,-73.98978041,member
545692,CB322C9AF08E4604,docked_bike,2021-02-09 13:31:51,2021-02-09 13:39:07,1 Ave & E 18 St,5854,E 4 St & 2 Ave,5593,40.733812,-73.980544,40.7262807,-73.98978041,member
545700,F6FA12E5E2A544E0,docked_bike,2021-02-25 17:00:29,2021-02-25 17:08:15,1 Ave & E 18 St,5854,E 4 St & 2 Ave,5593,40.733812,-73.980544,40.7262807,-73.98978041,member
545705,3DB147962A82E26D,docked_bike,2021-02-28 18:18:16,2021-02-28 18:31:16,W 16 St & The High Line,6233,E 4 St & 2 Ave,5593,40.743349,-74.006817,40.7262807,-73.98978041,casual
545707,1E7BC32A85589752,docked_bike,2021-02-05 13:14:11,2021-02-05 13:27:15,1 Ave & E 18 St,5854,E 4 St & 2 Ave,5593,40.733812,-73.980544,40.7262807,-73.98978041,member
545715,B87B83B8E009373D,docked_bike,2021-02-28 00:36:26,2021-02-28 01:05:33,1 Ave & E 18 St,5854,E 4 St & 2 Ave,5593,40.733812,-73.980544,40.7262807,-73.98978041,member
545716,C5F358ADC4786274,docked_bike,2021-02-16 22:48:46,2021-02-16 22:53:15,1 Ave & E 18 St,5854,E 4 St & 2 Ave,5593,40.733812,-73.980544,40.7262807,-73.98978041,member
545728,FF09C5EAAB8AB1D8,docked_bike,2021-02-21 16:29:45,2021-02-21 16:41:10,MacDougal St & Prince St,5687,E 4 St & 2 Ave,5593,40.727102,-74.00297,40.7262807,-73.98978041,casual
545732,D63F6E250A0D0256,docked_bike,2021-02-19 10:22:28,2021-02-19 10:27:57,MacDougal St & Prince St,5687,E 4 St & 2 Ave,5593,40.727102,-74.00297,40.7262807,-73.98978041,member
545734,AF660AD15BEECBC2,docked_bike,2021-02-10 18:52:56,2021-02-10 18:57:50,Suffolk St & Stanton St,5445,E 4 St & 2 Ave,5593,40.720664,-73.98518,40.726281,-73.98978,member
545739,6796E811FF67D4FF,docked_bike,2021-02-17 17:47:29,2021-02-17 18:14:19,1 Ave & E 68 St,6822,E 4 St & 2 Ave,5593,40.765005,-73.958184,40.7262807,-73.98978041,member
545755,1F5B55A9A0EF6D24,docked_bike,2021-02-15 14:06:02,2021-02-15 14:14:09,E 11 St & Avenue B,5659,E 4 St & 2 Ave,5593,40.727464,-73.979504,40.7262807,-73.98978041,member
545758,6969B104E1FF35D2,docked_bike,2021-02-28 09:20:17,2021-02-28 09:39:37,Grand Army Plaza & Central Park S,6839,E 4 St & 2 Ave,5593,40.764397,-73.973714,40.7262807,-73.98978041,member
545761,491DECB0E517A467,docked_bike,2021-02-06 17:05:41,2021-02-06 17:23:39,Grand Army Plaza & Central Park S,6839,E 4 St & 2 Ave,5593,40.764397,-73.973714,40.7262807,-73.98978041,member
545764,5AF8DC77EDEBAEBA,docked_bike,2021-02-06 15:01:14,2021-02-06 15:11:33,1 Ave & E 18 St,5854,E 4 St & 2 Ave,5593,40.733812,-73.980544,40.7262807,-73.98978041,casual
545766,D0B82090959A5D80,docked_bike,2021-02-07 11:46:45,2021-02-07 11:53:00,1 Ave & E 18 St,5854,E 4 St & 2 Ave,5593,40.733812,-73.980544,40.726281,-73.98978,member
545767,BB9A88DD31E6A6B4,docked_bike,2021-02-26 14:32:39,2021-02-26 14:37:21,1 Ave & E 18 St,5854,E 4 St & 2 Ave,5593,40.733812,-73.980544,40.726281,-73.98978,member
545799,6788CB405BBA8B2F,docked_bike,2021-02-10 18:00:03,2021-02-10 18:25:48,1 Ave & E 68 St,6822,E 4 St & 2 Ave,5593,40.765005,-73.958185,40.726281,-73.98978,member
545805,4DC34C3B93C6F9EB,docked_bike,2021-02-10 19:06:57,2021-02-10 19:12:30,Broadway & E 14 St,5905,E 4 St & 2 Ave,5593,40.734545,-73.990741,40.7262807,-73.98978041,member
545808,C5462E60D109CB87,docked_bike,2021-02-28 18:26:05,2021-02-28 18:30:18,Broadway & E 14 St,5905,E 4 St & 2 Ave,5593,40.734545,-73.990741,40.7262807,-73.98978041,member
545829,5FFC5C72E09785FD,docked_bike,2021-02-21 17:19:13,2021-02-21 17:23:54,Broadway & E 14 St,5905,E 4 St & 2 Ave,5593,40.734545,-73.990741,40.7262807,-73.98978041,member
545837,DC4D14931673A145,docked_bike,2021-02-24 18:19:04,2021-02-24 18:31:04,Broadway & W 41 St,6560,E 4 St & 2 Ave,5593,40.755135,-73.98658,40.7262807,-73.98978041,member
545848,F4622FFDFD7D4EA9,docked_bike,2021-02-11 17:11:07,2021-02-11 17:33:12,Broadway & W 56 St,6847,E 4 St & 2 Ave,5593,40.765265,-73.981923,40.7262807,-73.98978041,member
545862,DD21750D56444E2C,docked_bike,2021-02-14 12:40:54,2021-02-14 13:07:57,Riverside Blvd & W 67 St,7183,E 4 St & 2 Ave,5593,40.777507,-73.988885,40.7262807,-73.98978041,member
545869,F738AA7FF67B10B1,docked_bike,2021-02-28 09:52:52,2021-02-28 09:59:36,1 Ave & E 18 St,5854,E 4 St & 2 Ave,5593,40.733812,-73.980544,40.7262807,-73.98978041,casual
545873,BEB78CD774C03A62,docked_bike,2021-02-08 12:42:02,2021-02-08 13:03:15,Howard St & Centre St,5422,E 4 St & 2 Ave,5593,40.719105,-73.999733,40.726281,-73.98978,casual
545875,1A2F28C4DBA8B5C2,docked_bike,2021-02-26 18:31:45,2021-02-26 18:43:22,E 30 St & Park Ave S,6206,E 4 St & 2 Ave,5593,40.744449,-73.983035,40.7262807,-73.98978041,member
545884,E7C3528A7194BF39,docked_bike,2021-02-06 20:21:23,2021-02-06 20:32:36,Broadway & W 29 St,6289,E 4 St & 2 Ave,5593,40.7462,-73.988557,40.7262807,-73.98978041,member
545892,8E15669636F6217C,docked_bike,2021-02-04 11:42:40,2021-02-04 11:55:06,W 44 St & 5 Ave,6551,E 4 St & 2 Ave,5593,40.755003,-73.980144,40.726281,-73.98978,member
545904,4F9A3D343AC2AA7C,docked_bike,2021-02-12 17:02:51,2021-02-12 17:20:00,E 31 St & 3 Ave,6239,E 4 St & 2 Ave,5593,40.743943,-73.97966,40.7262807,-73.98978041,member
545907,82887AAFEAACBEC1,docked_bike,2021-02-20 18:12:31,2021-02-20 18:23:18,Bank St & Hudson St,5922,E 4 St & 2 Ave,5593,40.736528,-74.00618,40.7262807,-73.98978041,casual
545913,4B8F1E6847400596,docked_bike,2021-02-23 17:06:47,2021-02-23 17:15:33,E 30 St & Park Ave S,6206,E 4 St & 2 Ave,5593,40.744449,-73.983035,40.7262807,-73.98978041,member
545920,C8B072A22F2818FE,docked_bike,2021-02-26 21:03:47,2021-02-26 21:17:42,Bank St & Hudson St,5922,E 4 St & 2 Ave,5593,40.736528,-74.00618,40.7262807,-73.98978041,member
545923,ED0A82C891382D34,docked_bike,2021-02-15 00:05:02,2021-02-15 00:08:18,LaGuardia Pl & W 3 St,5721,E 4 St & 2 Ave,5593,40.72917,-73.998102,40.7262807,-73.98978041,member
545927,BF14045D5B158F8B,docked_bike,2021-02-26 20:26:58,2021-02-26 20:37:16,E 31 St & 3 Ave,6239,E 4 St & 2 Ave,5593,40.743943,-73.97966,40.7262807,-73.98978041,member
545932,5A3ABBF97C5997E2,docked_bike,2021-02-13 18:03:35,2021-02-13 18:12:11,E 31 St & 3 Ave,6239,E 4 St & 2 Ave,5593,40.743943,-73.97966,40.7262807,-73.98978041,member
545937,9BCD8474EC50FAC7,docked_bike,2021-02-08 13:58:21,2021-02-08 14:03:44,LaGuardia Pl & W 3 St,5721,E 4 St & 2 Ave,5593,40.72917,-73.998102,40.7262807,-73.98978041,member
545941,100E9B5AE37374D9,docked_bike,2021-02-26 22:38:02,2021-02-26 22:43:52,LaGuardia Pl & W 3 St,5721,E 4 St & 2 Ave,5593,40.72917,-73.998102,40.7262807,-73.98978041,member
545947,F9333A3C984C6C8C,docked_bike,2021-02-14 10:37:58,2021-02-14 10:52:14,E 31 St & 3 Ave,6239,E 4 St & 2 Ave,5593,40.743943,-73.97966,40.7262807,-73.98978041,member
545951,6A0DD35CCE175295,docked_bike,2021-02-07 22:44:39,2021-02-07 22:56:19,E 31 St & 3 Ave,6239,E 4 St & 2 Ave,5593,40.743943,-73.97966,40.7262807,-73.98978041,member
545954,731D755D981F48FA,docked_bike,2021-02-22 16:34:51,2021-02-22 16:38:40,LaGuardia Pl & W 3 St,5721,E 4 St & 2 Ave,5593,40.72917,-73.998102,40.726281,-73.98978,member
545960,077C270AC7AD3191,docked_bike,2021-02-13 17:03:58,2021-02-13 17:08:46,LaGuardia Pl & W 3 St,5721,E 4 St & 2 Ave,5593,40.72917,-73.998102,40.7262807,-73.98978041,member
545965,314FC7AE19F769EA,docked_bike,2021-02-17 16:20:44,2021-02-17 16:33:18,E 31 St & 3 Ave,6239,E 4 St & 2 Ave,5593,40.743943,-73.979661,40.726281,-73.98978,member
545968,F660ED33508E05C1,docked_bike,2021-02-20 15:53:51,2021-02-20 16:26:20,3 Ave & E 100 St,7414,E 4 St & 2 Ave,5593,40.787721,-73.947283,40.7262807,-73.98978041,member
545972,A3226691621099A6,docked_bike,2021-02-07 22:43:47,2021-02-07 22:56:36,E 31 St & 3 Ave,6239,E 4 St & 2 Ave,5593,40.743943,-73.97966,40.7262807,-73.98978041,member
545973,3A31ED4CBD70AC8A,docked_bike,2021-02-22 11:37:30,2021-02-22 11:41:34,LaGuardia Pl & W 3 St,5721,E 4 St & 2 Ave,5593,40.72917,-73.998102,40.7262807,-73.98978041,member
545975,4619112D3135FA08,docked_bike,2021-02-12 00:23:11,2021-02-12 01:00:54,E 31 St & 3 Ave,6239,E 4 St & 2 Ave,5593,40.743943,-73.97966,40.7262807,-73.98978041,member
545976,E71BEB7C7A7153B3,docked_bike,2021-02-20 19:42:56,2021-02-20 19:47:47,LaGuardia Pl & W 3 St,5721,E 4 St & 2 Ave,5593,40.72917,-73.998102,40.7262807,-73.98978041,member
545977,23D8B408DF14AB02,docked_bike,2021-02-24 13:57:06,2021-02-24 14:08:02,E 31 St & 3 Ave,6239,E 4 St & 2 Ave,5593,40.743943,-73.97966,40.7262807,-73.98978041,casual
545988,233C6CF8BE2F4522,docked_bike,2021-02-14 17:43:41,2021-02-14 17:46:32,Cooper Square & Astor Pl,5712,E 4 St & 2 Ave,5593,40.729515,-73.990753,40.726281,-73.98978,member
546003,30F4680B76EE1560,docked_bike,2021-02-06 11:18:28,2021-02-06 11:22:40,Allen St & Rivington St,5414,E 4 St & 2 Ave,5593,40.720196,-73.989978,40.726281,-73.98978,member
546018,FC75A059674B91F6,docked_bike,2021-02-04 17:02:12,2021-02-04 17:07:25,Allen St & Rivington St,5414,E 4 St & 2 Ave,5593,40.720196,-73.989978,40.726281,-73.98978,member
546028,12960C34341646E4,docked_bike,2021-02-20 16:09:39,2021-02-20 16:11:47,Cooper Square & Astor Pl,5712,E 4 St & 2 Ave,5593,40.729514,-73.990752,40.7262807,-73.98978041,casual
546029,DE7148F695B646ED,docked_bike,2021-02-14 11:58:03,2021-02-14 12:10:48,Cooper Square & Astor Pl,5712,E 4 St & 2 Ave,5593,40.729514,-73.990752,40.7262807,-73.98978041,member
546031,4A577D4AEEF6C91A,docked_bike,2021-02-26 14:36:03,2021-02-26 14:42:23,Bank St & Washington St,5964,E 4 St & 2 Ave,5593,40.736197,-74.008592,40.726281,-73.98978,member
546034,62A1E84C14BFC065,docked_bike,2021-02-12 17:02:18,2021-02-12 17:20:01,E 31 St & 3 Ave,6239,E 4 St & 2 Ave,5593,40.743943,-73.97966,40.7262807,-73.98978041,member
546039,06BF5897320B5053,docked_bike,2021-02-12 18:44:59,2021-02-12 18:49:41,LaGuardia Pl & W 3 St,5721,E 4 St & 2 Ave,5593,40.72917,-73.998102,40.7262807,-73.98978041,member
546044,368A10F053435103,docked_bike,2021-02-10 18:50:36,2021-02-10 19:13:14,9 Ave & W 45 St,6717,E 4 St & 2 Ave,5593,40.760192,-73.991255,40.7262807,-73.98978041,member
546045,FCBF41BFE1965286,docked_bike,2021-02-26 11:41:03,2021-02-26 11:43:46,Cooper Square & Astor Pl,5712,E 4 St & 2 Ave,5593,40.729515,-73.990753,40.726281,-73.98978,member
546049,530D53053B2C19DF,docked_bike,2021-02-21 17:09:35,2021-02-21 17:11:55,Cooper Square & Astor Pl,5712,E 4 St & 2 Ave,5593,40.729514,-73.990752,40.7262807,-73.98978041,member
546055,F494AF8AED831AD0,docked_bike,2021-02-24 12:00:08,2021-02-24 12:13:45,Cooper Square & Astor Pl,5712,E 4 St & 2 Ave,5593,40.729515,-73.990753,40.726281,-73.98978,member
546063,09D9F94420CF818A,docked_bike,2021-02-23 16:03:17,2021-02-23 16:13:15,Broadway & W 29 St,6289,E 4 St & 2 Ave,5593,40.7462,-73.988557,40.7262807,-73.98978041,member
546066,5A19BD47C17A62C1,docked_bike,2021-02-12 00:15:58,2021-02-12 00:23:08,Broadway & W 29 St,6289,E 4 St & 2 Ave,5593,40.7462,-73.988557,40.7262807,-73.98978041,member
546072,F42D4F7471834833,docked_bike,2021-02-11 23:20:34,2021-02-11 23:48:02,Little West St & 1 Pl,5001,E 4 St & 2 Ave,5593,40.705692,-74.016776,40.7262807,-73.98978041,member
546074,FC355556B400B25B,docked_bike,2021-02-24 23:13:22,2021-02-24 23:32:02,Broadway & W 56 St,6847,E 4 St & 2 Ave,5593,40.765265,-73.981923,40.7262807,-73.98978041,member
546075,4C4E501208AE83E5,docked_bike,2021-02-22 18:46:18,2021-02-22 18:57:07,Broadway & W 41 St,6560,E 4 St & 2 Ave,5593,40.755135,-73.98658,40.7262807,-73.98978041,member
546124,482AE389184260B4,docked_bike,2021-02-13 10:56:26,2021-02-13 11:02:58,MacDougal St & Prince St,5687,E 4 St & 2 Ave,5593,40.727103,-74.002971,40.726281,-73.98978,member
546125,E7B11949808E266B,docked_bike,2021-02-17 21:27:30,2021-02-17 21:32:45,1 Ave & E 18 St,5854,E 4 St & 2 Ave,5593,40.733812,-73.980544,40.726281,-73.98978,member
546126,F1C1E1EE5EC3806A,docked_bike,2021-02-05 14:38:15,2021-02-05 14:45:53,1 Ave & E 18 St,5854,E 4 St & 2 Ave,5593,40.733812,-73.980544,40.7262807,-73.98978041,casual
546131,1BFC247F0E81B344,docked_bike,2021-02-25 11:39:17,2021-02-25 11:46:11,MacDougal St & Prince St,5687,E 4 St & 2 Ave,5593,40.727102,-74.00297,40.7262807,-73.98978041,member
546137,D1C9A0C238076E36,docked_bike,2021-02-28 10:15:28,2021-02-28 10:22:42,1 Ave & E 18 St,5854,E 4 St & 2 Ave,5593,40.733812,-73.980544,40.726281,-73.98978,member
546142,4EC851C33FE2D483,docked_bike,2021-02-16 00:13:54,2021-02-16 00:22:09,E 11 St & Avenue B,5659,E 4 St & 2 Ave,5593,40.727464,-73.979504,40.7262807,-73.98978041,member
546147,8A9AD985AA543E58,docked_bike,2021-02-27 13:00:37,2021-02-27 13:06:03,MacDougal St & Prince St,5687,E 4 St & 2 Ave,5593,40.727102,-74.00297,40.7262807,-73.98978041,casual
546148,7AA3C9FFEB262CA6,docked_bike,2021-02-06 20:21:43,2021-02-06 20:27:42,1 Ave & E 18 St,5854,E 4 St & 2 Ave,5593,40.733812,-73.980544,40.726281,-73.98978,casual
546149,810B66F1B323993D,docked_bike,2021-02-25 16:07:08,2021-02-25 16:25:55,W 47 St & 6 Ave,6667,E 4 St & 2 Ave,5593,40.758397,-73.98255,40.7262807,-73.98978041,member
546152,F0E98CAEEC5EE4DA,docked_bike,2021-02-06 09:12:01,2021-02-06 09:35:12,George St & Wilson Ave,4906,E 4 St & 2 Ave,5593,40.702997,-73.92997,40.7262807,-73.98978041,member
546165,BF4D9F41D407D283,docked_bike,2021-02-12 18:17:11,2021-02-12 18:30:56,E 45 St & 3 Ave,6464,E 4 St & 2 Ave,5593,40.752554,-73.972826,40.7262807,-73.98978041,casual
546173,24CB5A6520182597,docked_bike,2021-02-28 00:42:13,2021-02-28 00:47:00,Allen St & Rivington St,5414,E 4 St & 2 Ave,5593,40.720195,-73.989978,40.7262807,-73.98978041,member
546178,72A87331742B90D3,docked_bike,2021-02-21 22:50:33,2021-02-21 22:57:05,E 13 St & Avenue A,5779,E 4 St & 2 Ave,5593,40.729667,-73.980679,40.7262807,-73.98978041,member
546182,F7DE9702D84C4F92,docked_bike,2021-02-25 16:05:27,2021-02-25 16:27:28,E 72 St & York Ave,6889,E 4 St & 2 Ave,5593,40.766638,-73.953482,40.7262807,-73.98978041,member
546184,65E6ACC6327B6DAC,docked_bike,2021-02-13 11:44:56,2021-02-13 11:54:50,E 19 St & 3 Ave,5938,E 4 St & 2 Ave,5593,40.736245,-73.984737,40.7262807,-73.98978041,casual
546187,E58CB5F4CDA4B2F3,docked_bike,2021-02-05 07:15:25,2021-02-05 07:19:57,E 13 St & Avenue A,5779,E 4 St & 2 Ave,5593,40.729667,-73.980679,40.7262807,-73.98978041,member
546188,8EF6C0E958E81FC9,docked_bike,2021-02-06 10:16:01,2021-02-06 10:20:20,E 13 St & Avenue A,5779,E 4 St & 2 Ave,5593,40.729667,-73.98068,40.726281,-73.98978,member
546194,7649DE892F7AD9ED,docked_bike,2021-02-27 19:36:37,2021-02-27 19:53:33,9 Ave & W 45 St,6717,E 4 St & 2 Ave,5593,40.760192,-73.991255,40.7262807,-73.98978041,member
546208,651C188C695E0183,docked_bike,2021-02-11 16:07:59,2021-02-11 16:13:41,E 13 St & Avenue A,5779,E 4 St & 2 Ave,5593,40.729667,-73.980679,40.7262807,-73.98978041,member
546209,AD7B887DB3ACF77A,docked_bike,2021-02-19 17:13:44,2021-02-19 17:20:05,E 19 St & 3 Ave,5938,E 4 St & 2 Ave,5593,40.736245,-73.984737,40.7262807,-73.98978041,member
546213,E42CC322F9B9ADFF,docked_bike,2021-02-26 12:34:20,2021-02-26 12:50:14,E 13 St & Avenue A,5779,E 4 St & 2 Ave,5593,40.729667,-73.98068,40.726281,-73.98978,member
546217,749B07189E090B65,docked_bike,2021-02-09 07:30:08,2021-02-09 07:34:33,E 13 St & Avenue A,5779,E 4 St & 2 Ave,5593,40.729667,-73.980679,40.7262807,-73.98978041,member
546222,85C3F198DC4A7B32,docked_bike,2021-02-17 20:54:44,2021-02-17 21:05:25,North Moore St & Greenwich St,5470,E 4 St & 2 Ave,5593,40.720195,-74.010301,40.726281,-73.98978,member
546223,4DE366F837860515,docked_bike,2021-02-24 21:17:32,2021-02-24 21:29:00,North Moore St & Greenwich St,5470,E 4 St & 2 Ave,5593,40.720195,-74.010301,40.726281,-73.98978,member
546228,FF4A5213E01B43AE,docked_bike,2021-02-14 11:32:47,2021-02-14 11:45:39,Watts St & Greenwich St,5578,E 4 St & 2 Ave,5593,40.724055,-74.009659,40.7262807,-73.98978041,member
546229,337AD4ABDEC518CB,docked_bike,2021-02-06 11:15:30,2021-02-06 11:31:09,Watts St & Greenwich St,5578,E 4 St & 2 Ave,5593,40.724055,-74.009659,40.7262807,-73.98978041,member
546231,CCDAA80484BA92DF,docked_bike,2021-02-16 12:16:39,2021-02-16 12:19:18,Cooper Square & Astor Pl,5712,E 4 St & 2 Ave,5593,40.729514,-73.990752,40.7262807,-73.98978041,member
546243,7D75A2A5B7676A99,docked_bike,2021-02-10 14:14:13,2021-02-10 14:43:06,E 65 St & 2 Ave,6860,E 4 St & 2 Ave,5593,40.764718,-73.96222,40.7262807,-73.98978041,member
546244,12B1622576901DFA,docked_bike,2021-02-26 10:31:02,2021-02-26 10:36:43,E 19 St & 3 Ave,5938,E 4 St & 2 Ave,5593,40.736245,-73.984737,40.7262807,-73.98978041,member
546245,66F9F7E21BCA4A17,docked_bike,2021-02-14 14:00:35,2021-02-14 14:22:52,E 13 St & Avenue A,5779,E 4 St & 2 Ave,5593,40.729667,-73.98068,40.726281,-73.98978,casual
546247,4635B0F22D1C02BD,docked_bike,2021-02-06 22:50:10,2021-02-06 22:53:14,Allen St & Rivington St,5414,E 4 St & 2 Ave,5593,40.720196,-73.989978,40.726281,-73.98978,member
546248,9E3A5F65ACAC2C3A,docked_bike,2021-02-24 21:51:29,2021-02-24 21:54:25,Cooper Square & Astor Pl,5712,E 4 St & 2 Ave,5593,40.729514,-73.990752,40.7262807,-73.98978041,member
546267,B5EA4F8863229D6B,docked_bike,2021-02-06 19:18:11,2021-02-06 19:55:43,E 19 St & 3 Ave,5938,E 4 St & 2 Ave,5593,40.736245,-73.984737,40.7262807,-73.98978041,member
546269,04CDC287277A26B2,docked_bike,2021-02-24 20:29:36,2021-02-24 20:35:25,E 19 St & 3 Ave,5938,E 4 St & 2 Ave,5593,40.736245,-73.984737,40.7262807,-73.98978041,casual
546274,00E7A772D3D4C37E,docked_bike,2021-02-22 17:09:31,2021-02-22 17:18:38,E 43 St & 2 Ave,6422,E 4 St & 2 Ave,5593,40.750223,-73.971214,40.7262807,-73.98978041,member
546275,3032769C50BD4C51,docked_bike,2021-02-23 17:09:30,2021-02-23 17:19:51,E 43 St & 2 Ave,6422,E 4 St & 2 Ave,5593,40.750223,-73.971214,40.7262807,-73.98978041,member
546281,6B46F0E9C842666D,docked_bike,2021-02-14 12:47:14,2021-02-14 13:09:07,W 37 St & 10 Ave,6611,E 4 St & 2 Ave,5593,40.756603,-73.9979,40.7262807,-73.98978041,member
546306,8DFF6A5493955CEB,docked_bike,2021-02-06 13:28:27,2021-02-06 13:36:56,E 13 St & Avenue A,5779,E 4 St & 2 Ave,5593,40.729667,-73.98068,40.726281,-73.98978,member
546311,E0EB93A1D117ACB4,docked_bike,2021-02-06 15:20:34,2021-02-06 15:44:27,E 65 St & 2 Ave,6860,E 4 St & 2 Ave,5593,40.764718,-73.96222,40.7262807,-73.98978041,casual
546313,DDC40C84BECDF95A,docked_bike,2021-02-10 14:21:17,2021-02-10 14:52:22,E 13 St & Avenue A,5779,E 4 St & 2 Ave,5593,40.729667,-73.98068,40.726281,-73.98978,member
546314,4DA9376BD8E20A33,docked_bike,2021-02-16 15:19:08,2021-02-16 15:25:16,E 19 St & 3 Ave,5938,E 4 St & 2 Ave,5593,40.736245,-73.984737,40.7262807,-73.98978041,member
546318,05F4A1C19C72DD09,docked_bike,2021-02-24 08:45:23,2021-02-24 08:51:44,E 19 St & 3 Ave,5938,E 4 St & 2 Ave,5593,40.736245,-73.984738,40.726281,-73.98978,member
546321,2985D3F0706E73CF,docked_bike,2021-02-24 22:20:58,2021-02-24 22:26:59,E 19 St & 3 Ave,5938,E 4 St & 2 Ave,5593,40.736245,-73.984737,40.7262807,-73.98978041,casual
546323,C66E42070A0055C8,docked_bike,2021-02-08 08:07:37,2021-02-08 08:15:46,E 19 St & 3 Ave,5938,E 4 St & 2 Ave,5593,40.736245,-73.984738,40.726281,-73.98978,member
546324,BDC1ACD353F58D26,docked_bike,2021-02-15 07:25:48,2021-02-15 07:30:59,E 13 St & Avenue A,5779,E 4 St & 2 Ave,5593,40.729667,-73.980679,40.7262807,-73.98978041,member
546328,579C894F9280C1C3,docked_bike,2021-02-26 18:21:31,2021-02-26 18:35:20,E 43 St & 2 Ave,6422,E 4 St & 2 Ave,5593,40.750223,-73.971214,40.7262807,-73.98978041,casual
546337,84715256E8FE7B28,docked_bike,2021-02-16 16:09:02,2021-02-16 16:31:54,12 Ave & W 40 St,6765,E 4 St & 2 Ave,5593,40.760875,-74.002776,40.7262807,-73.98978041,member
546339,ACFE90CC0012D4E5,docked_bike,2021-02-25 16:06:46,2021-02-25 16:12:42,E 13 St & Avenue A,5779,E 4 St & 2 Ave,5593,40.729667,-73.980679,40.7262807,-73.98978041,member
546340,8B4BDCBB3B81D5F2,docked_bike,2021-02-15 11:52:23,2021-02-15 12:03:53,E 13 St & Avenue A,5779,E 4 St & 2 Ave,5593,40.729667,-73.980679,40.7262807,-73.98978041,casual
546344,5986EBE69A8E9107,docked_bike,2021-02-05 09:38:59,2021-02-05 09:43:18,E 13 St & Avenue A,5779,E 4 St & 2 Ave,5593,40.729667,-73.98068,40.726281,-73.98978,member
546345,8C989DE3F9BB0D94,docked_bike,2021-02-14 12:48:31,2021-02-14 12:53:41,E 13 St & Avenue A,5779,E 4 St & 2 Ave,5593,40.729667,-73.98068,40.726281,-73.98978,member
546357,C9D8DFFCA4BEA9EC,docked_bike,2021-02-25 11:44:37,2021-02-25 11:54:42,1 Ave & E 30 St,6079,E 4 St & 2 Ave,5593,40.741444,-73.975361,40.726281,-73.98978,member
546359,4314385EE21D79B8,docked_bike,2021-02-05 17:40:20,2021-02-05 17:56:55,E 41 St & Madison Ave,6474,E 4 St & 2 Ave,5593,40.752165,-73.979921,40.7262807,-73.98978041,member
546365,7135392416068328,docked_bike,2021-02-13 08:07:38,2021-02-13 08:25:18,W 37 St & 10 Ave,6611,E 4 St & 2 Ave,5593,40.756604,-73.997901,40.726281,-73.98978,member
546387,03877265A2EDDD55,docked_bike,2021-02-24 16:59:20,2021-02-24 17:07:48,E 43 St & 2 Ave,6422,E 4 St & 2 Ave,5593,40.750223,-73.971214,40.7262807,-73.98978041,member
546396,089CCFB9C4ED3156,docked_bike,2021-02-25 09:51:43,2021-02-25 10:01:01,1 Ave & E 30 St,6079,E 4 St & 2 Ave,5593,40.741443,-73.97536,40.7262807,-73.98978041,casual
546413,63D3E5C0D7CDEC9D,docked_bike,2021-02-21 13:55:51,2021-02-21 14:25:39,E 75 St & 3 Ave,6991,E 4 St & 2 Ave,5593,40.771129,-73.957723,40.726281,-73.98978,casual
546426,E602BD0369DFDC2F,docked_bike,2021-02-10 08:25:57,2021-02-10 08:31:11,E 19 St & 3 Ave,5938,E 4 St & 2 Ave,5593,40.736245,-73.984737,40.7262807,-73.98978041,member
546427,F05C61E6FAA4BC4E,docked_bike,2021-02-27 11:46:57,2021-02-27 11:53:42,E 13 St & Avenue A,5779,E 4 St & 2 Ave,5593,40.729667,-73.980679,40.7262807,-73.98978041,member
546434,812A2956D19D4BCE,docked_bike,2021-02-21 20:40:30,2021-02-21 20:46:40,E 13 St & Avenue A,5779,E 4 St & 2 Ave,5593,40.729667,-73.98068,40.726281,-73.98978,member
546435,5248690C80823180,docked_bike,2021-02-06 21:38:22,2021-02-06 21:44:11,E 13 St & Avenue A,5779,E 4 St & 2 Ave,5593,40.729667,-73.98068,40.726281,-73.98978,member
546437,53F33993810058D7,docked_bike,2021-02-19 19:04:52,2021-02-19 19:17:01,E 13 St & Avenue A,5779,E 4 St & 2 Ave,5593,40.729667,-73.980679,40.7262807,-73.98978041,member
546438,6E8E1F311933AAF1,docked_bike,2021-02-25 17:40:07,2021-02-25 17:49:00,E 13 St & Avenue A,5779,E 4 St & 2 Ave,5593,40.729667,-73.980679,40.7262807,-73.98978041,casual
546440,98BEE80D1FE8EB7B,docked_bike,2021-02-11 19:28:44,2021-02-11 19:43:20,E 19 St & 3 Ave,5938,E 4 St & 2 Ave,5593,40.736245,-73.984737,40.7262807,-73.98978041,casual
546447,697BA8F87F3090D4,docked_bike,2021-02-13 11:58:41,2021-02-13 12:14:10,E 51 St & 2 Ave,6575,E 4 St & 2 Ave,5593,40.755293,-73.967641,40.7262807,-73.98978041,member
546450,948AF2EEB9BC538C,docked_bike,2021-02-09 16:43:02,2021-02-09 16:59:16,1 Ave & E 30 St,6079,E 4 St & 2 Ave,5593,40.741443,-73.97536,40.7262807,-73.98978041,member
546473,09F5F77A01C4544C,docked_bike,2021-02-24 17:33:12,2021-02-24 17:47:45,Broadway & W 36 St,6441,E 4 St & 2 Ave,5593,40.750977,-73.987654,40.7262807,-73.98978041,member
546477,399EF05547880012,docked_bike,2021-02-21 00:02:45,2021-02-21 00:11:43,Lexington Ave & E 29 St,6164,E 4 St & 2 Ave,5593,40.743116,-73.982154,40.726281,-73.98978,member
546485,E44FC8593B25034C,docked_bike,2021-02-17 20:01:16,2021-02-17 20:09:05,Lexington Ave & E 29 St,6164,E 4 St & 2 Ave,5593,40.743115,-73.982153,40.7262807,-73.98978041,member
546491,03152EFE693241A5,docked_bike,2021-02-21 11:02:44,2021-02-21 11:11:03,Lexington Ave & E 29 St,6164,E 4 St & 2 Ave,5593,40.743115,-73.982153,40.7262807,-73.98978041,member
546502,85DEEE4CCBF1DE64,docked_bike,2021-02-20 20:59:04,2021-02-20 21:16:33,6 Ave & Broome St,5610,E 4 St & 2 Ave,5593,40.724308,-74.00473,40.726281,-73.98978,member
546519,FD9ED1A8043C8685,docked_bike,2021-02-11 06:23:04,2021-02-11 06:36:18,Lexington Ave & E 29 St,6164,E 4 St & 2 Ave,5593,40.743115,-73.982153,40.7262807,-73.98978041,member
546527,FCCF7132367668B9,docked_bike,2021-02-27 17:49:19,2021-02-27 18:22:58,Carlton Ave & Flushing Ave,4732,E 4 St & 2 Ave,5593,40.697787,-73.973736,40.7262807,-73.98978041,member
546536,1CB300E9F67552E1,docked_bike,2021-02-14 10:19:37,2021-02-14 10:24:06,E 13 St & Avenue A,5779,E 4 St & 2 Ave,5593,40.729667,-73.980679,40.7262807,-73.98978041,member
546538,98D89390BC6A1463,docked_bike,2021-02-10 14:42:45,2021-02-10 14:48:05,LaGuardia Pl & W 3 St,5721,E 4 St & 2 Ave,5593,40.72917,-73.998102,40.726281,-73.98978,member
546547,94E118C084571871,docked_bike,2021-02-20 11:47:16,2021-02-20 11:56:31,6 Ave & Broome St,5610,E 4 St & 2 Ave,5593,40.724308,-74.00473,40.726281,-73.98978,member
546550,4B75FD7306FA5847,docked_bike,2021-02-20 09:45:30,2021-02-20 09:52:34,6 Ave & Broome St,5610,E 4 St & 2 Ave,5593,40.724308,-74.00473,40.7262807,-73.98978041,member
546574,F62662077138DF5E,docked_bike,2021-02-24 15:48:39,2021-02-24 16:08:02,E 27 St & Park Ave S,6131,E 4 St & 2 Ave,5593,40.742751,-73.984715,40.7262807,-73.98978041,casual
546577,A06CD344ACDF9803,docked_bike,2021-02-15 11:53:10,2021-02-15 12:03:08,E 13 St & Avenue A,5779,E 4 St & 2 Ave,5593,40.729667,-73.980679,40.7262807,-73.98978041,casual
546578,3FA1DC91C7C2E2EB,docked_bike,2021-02-25 12:43:47,2021-02-25 12:51:09,E 13 St & Avenue A,5779,E 4 St & 2 Ave,5593,40.729667,-73.98068,40.726281,-73.98978,member
546580,CCDE74F24B496BBC,docked_bike,2021-02-12 17:29:44,2021-02-12 17:34:49,E 13 St & Avenue A,5779,E 4 St & 2 Ave,5593,40.729667,-73.980679,40.7262807,-73.98978041,member
546581,88D5B19776CA07AC,docked_bike,2021-02-19 07:18:16,2021-02-19 07:22:59,E 13 St & Avenue A,5779,E 4 St & 2 Ave,5593,40.729667,-73.980679,40.7262807,-73.98978041,member
546582,5B590E53AE2F83E5,docked_bike,2021-02-21 14:33:06,2021-02-21 15:00:41,1 Ave & E 62 St,6753,E 4 St & 2 Ave,5593,40.761227,-73.96094,40.7262807,-73.98978041,casual
546590,03944AE357562E4B,docked_bike,2021-02-05 13:54:17,2021-02-05 14:31:44,Water - Whitehall Plaza,4962,E 4 St & 2 Ave,5593,40.70255,-74.012723,40.7262807,-73.98978041,casual
546591,EC8C3CE96C6D9086,docked_bike,2021-02-15 17:19:08,2021-02-15 17:23:15,University Pl & E 8 St,5755,E 4 St & 2 Ave,5593,40.731437,-73.994903,40.7262807,-73.98978041,member
546600,BC9AE31081AB14B7,docked_bike,2021-02-16 19:44:32,2021-02-16 19:56:35,E 27 St & Park Ave S,6131,E 4 St & 2 Ave,5593,40.742751,-73.984715,40.7262807,-73.98978041,member
546602,8F12581C2FF571CA,docked_bike,2021-02-24 16:32:18,2021-02-24 16:41:53,W 13 St & 5 Ave,5947,E 4 St & 2 Ave,5593,40.735445,-73.99431,40.7262807,-73.98978041,member
546603,48C16235898AD40F,docked_bike,2021-02-27 16:45:50,2021-02-27 16:51:33,W 13 St & 5 Ave,5947,E 4 St & 2 Ave,5593,40.735445,-73.99431,40.726281,-73.98978,member
546611,F5317B3A3CC84AB9,docked_bike,2021-02-12 09:47:33,2021-02-12 09:52:29,Mercer St & Bleecker St,5679,E 4 St & 2 Ave,5593,40.727063,-73.996621,40.7262807,-73.98978041,member
546633,603E25A343BBEFB5,docked_bike,2021-02-26 17:46:05,2021-02-26 17:57:35,Grand St & Greene St,5500,E 4 St & 2 Ave,5593,40.7217,-74.002381,40.7262807,-73.98978041,casual
546644,4CF4D00C8900D563,docked_bike,2021-02-19 08:55:54,2021-02-19 09:04:11,Grand St & Greene St,5500,E 4 St & 2 Ave,5593,40.7217,-74.002381,40.7262807,-73.98978041,member
546645,25137F2F6F79F6DD,docked_bike,2021-02-26 19:26:11,2021-02-26 19:34:45,Grand St & Greene St,5500,E 4 St & 2 Ave,5593,40.7217,-74.002381,40.7262807,-73.98978041,member
546646,7F25F37FE6812C84,docked_bike,2021-02-16 20:49:35,2021-02-16 21:07:41,Grand St & Greene St,5500,E 4 St & 2 Ave,5593,40.7217,-74.002381,40.7262807,-73.98978041,member
546648,B90F428771A77461,docked_bike,2021-02-28 18:59:58,2021-02-28 19:28:29,Grand St & Greene St,5500,E 4 St & 2 Ave,5593,40.7217,-74.002381,40.7262807,-73.98978041,member
546649,DE937D78D1A4D75A,docked_bike,2021-02-05 14:57:42,2021-02-05 15:12:34,Grand St & Greene St,5500,E 4 St & 2 Ave,5593,40.7217,-74.002381,40.726281,-73.98978,member
546657,76329DC2456D45F6,docked_bike,2021-02-27 12:47:42,2021-02-27 12:55:16,Grand St & Greene St,5500,E 4 St & 2 Ave,5593,40.7217,-74.002381,40.7262807,-73.98978041,member
546658,135B51CE3D438B0C,docked_bike,2021-02-18 08:39:44,2021-02-18 08:50:48,Grand St & Greene St,5500,E 4 St & 2 Ave,5593,40.7217,-74.002381,40.7262807,-73.98978041,member
546659,42E4AD4C5918575B,docked_bike,2021-02-28 11:08:14,2021-02-28 11:16:32,Grand St & Greene St,5500,E 4 St & 2 Ave,5593,40.7217,-74.002381,40.7262807,-73.98978041,member
546660,04BFF70BB188A263,docked_bike,2021-02-14 15:38:19,2021-02-14 15:53:34,Grand St & Greene St,5500,E 4 St & 2 Ave,5593,40.7217,-74.002381,40.7262807,-73.98978041,member
546661,0B85D30147167EBD,docked_bike,2021-02-26 18:52:57,2021-02-26 19:06:59,W 20 St & 10 Ave,6306,E 4 St & 2 Ave,5593,40.745686,-74.005141,40.7262807,-73.98978041,member
546663,8E181C4D95C10207,docked_bike,2021-02-19 05:52:52,2021-02-19 06:00:21,Stanton St & Mangin St,5326,E 4 St & 2 Ave,5593,40.717821,-73.976289,40.7262807,-73.98978041,member
546665,38616E7FA0E8A35A,docked_bike,2021-02-26 16:47:27,2021-02-26 17:03:03,W 20 St & 10 Ave,6306,E 4 St & 2 Ave,5593,40.745686,-74.005141,40.7262807,-73.98978041,casual
546668,E6E260C58E054769,docked_bike,2021-02-06 18:06:15,2021-02-06 20:18:21,Grand St & Greene St,5500,E 4 St & 2 Ave,5593,40.7217,-74.002381,40.7262807,-73.98978041,casual
546673,5CC4F549FF42E086,docked_bike,2021-02-06 20:00:22,2021-02-06 20:29:55,E 95 St & 3 Ave,7365,E 4 St & 2 Ave,5593,40.784903,-73.950503,40.7262807,-73.98978041,member
546676,C6F6D9A3AD6DACB1,docked_bike,2021-02-13 12:36:51,2021-02-13 12:52:09,E 44 St & 2 Ave,6422,E 4 St & 2 Ave,5593,40.751183,-73.971387,40.7262807,-73.98978041,casual
546679,3477725FC7695488,docked_bike,2021-02-11 13:40:38,2021-02-11 13:53:33,Barclay St & Church St,5216,E 4 St & 2 Ave,5593,40.712912,-74.010202,40.726281,-73.98978,member
546680,001D8AD70F29D9F7,docked_bike,2021-02-24 14:08:14,2021-02-24 14:19:47,Barclay St & Church St,5216,E 4 St & 2 Ave,5593,40.712912,-74.010202,40.726281,-73.98978,member
546681,D874D222E23F5D6F,docked_bike,2021-02-05 13:40:48,2021-02-05 13:53:41,Lispenard St & Broadway,5391,E 4 St & 2 Ave,5593,40.719392,-74.002472,40.726281,-73.98978,member
546687,0F70341C280CCE07,docked_bike,2021-02-26 19:25:42,2021-02-26 19:34:46,Grand St & Greene St,5500,E 4 St & 2 Ave,5593,40.7217,-74.002381,40.7262807,-73.98978041,member
546688,61A0FB4915EDCEBE,docked_bike,2021-02-23 15:01:05,2021-02-23 15:13:16,Grand St & Greene St,5500,E 4 St & 2 Ave,5593,40.7217,-74.002381,40.7262807,-73.98978041,member
546689,4BA9088598F25914,docked_bike,2021-02-26 16:47:57,2021-02-26 17:03:23,W 20 St & 10 Ave,6306,E 4 St & 2 Ave,5593,40.745686,-74.005141,40.7262807,-73.98978041,casual
546696,8CE2F8C45B01FABB,docked_bike,2021-02-24 16:55:08,2021-02-24 17:12:34,E 13 St & Avenue A,5779,E 4 St & 2 Ave,5593,40.729667,-73.980679,40.7262807,-73.98978041,member
546697,9219FEEE0E5AB508,docked_bike,2021-02-06 12:55:01,2021-02-06 13:23:54,E 65 St & 2 Ave,6860,E 4 St & 2 Ave,5593,40.764718,-73.96222,40.7262807,-73.98978041,casual
546703,08E29D8ACC906EC0,docked_bike,2021-02-13 20:35:17,2021-02-13 20:39:21,E 13 St & Avenue A,5779,E 4 St & 2 Ave,5593,40.729667,-73.980679,40.7262807,-73.98978041,casual
546704,EF9EA9F9D7845F5B,docked_bike,2021-02-12 22:58:08,2021-02-12 23:03:16,E 13 St & Avenue A,5779,E 4 St & 2 Ave,5593,40.729667,-73.980679,40.7262807,-73.98978041,member
546705,56748B94268EE373,docked_bike,2021-02-21 00:19:47,2021-02-21 00:23:58,E 13 St & Avenue A,5779,E 4 St & 2 Ave,5593,40.729667,-73.980679,40.7262807,-73.98978041,member
546708,5961CB1AFDBFE4F7,docked_bike,2021-02-27 09:35:22,2021-02-27 09:41:07,E 13 St & Avenue A,5779,E 4 St & 2 Ave,5593,40.729667,-73.980679,40.7262807,-73.98978041,member
546709,4E82A9E2E56841CC,docked_bike,2021-02-06 12:55:46,2021-02-06 13:23:57,E 65 St & 2 Ave,6860,E 4 St & 2 Ave,5593,40.764718,-73.96222,40.7262807,-73.98978041,member
546711,2879023E7F962DAC,docked_bike,2021-02-12 16:37:38,2021-02-12 16:45:40,E 19 St & 3 Ave,5938,E 4 St & 2 Ave,5593,40.736245,-73.984737,40.7262807,-73.98978041,member
546712,2E23451BEE201681,docked_bike,2021-02-27 11:27:57,2021-02-27 11:42:35,E 13 St & Avenue A,5779,E 4 St & 2 Ave,5593,40.729667,-73.980679,40.7262807,-73.98978041,member
546716,69AAB2732DE74C74,docked_bike,2021-02-28 10:59:00,2021-02-28 11:32:50,E 13 St & Avenue A,5779,E 4 St & 2 Ave,5593,40.729667,-73.980679,40.7262807,-73.98978041,casual
546718,8A3564ABC9D974B1,docked_bike,2021-02-10 17:43:10,2021-02-10 17:48:12,E 13 St & Avenue A,5779,E 4 St & 2 Ave,5593,40.729667,-73.980679,40.7262807,-73.98978041,member
546721,F828336849BE4044,docked_bike,2021-02-12 19:52:21,2021-02-12 20:17:33,E 44 St & 2 Ave,6422,E 4 St & 2 Ave,5593,40.751183,-73.971387,40.7262807,-73.98978041,casual
546728,0169950DAD2846E0,docked_bike,2021-02-16 17:03:36,2021-02-16 17:15:57,Barclay St & Church St,5216,E 4 St & 2 Ave,5593,40.712912,-74.010202,40.726281,-73.98978,member
546731,3D3C3DF303FFC80C,docked_bike,2021-02-21 14:43:09,2021-02-21 15:03:33,E 44 St & 2 Ave,6422,E 4 St & 2 Ave,5593,40.751183,-73.971387,40.7262807,-73.98978041,casual
546732,BA28735CA752760D,docked_bike,2021-02-10 10:04:12,2021-02-10 10:28:24,E 44 St & 2 Ave,6422,E 4 St & 2 Ave,5593,40.751184,-73.971387,40.726281,-73.98978,member
546733,25FC5ACBFCC531C9,docked_bike,2021-02-25 18:51:52,2021-02-25 19:00:43,Lispenard St & Broadway,5391,E 4 St & 2 Ave,5593,40.719392,-74.002472,40.7262807,-73.98978041,member
546741,A675C7994B5FF061,docked_bike,2021-02-26 15:43:10,2021-02-26 15:49:43,University Pl & E 8 St,5755,E 4 St & 2 Ave,5593,40.731437,-73.994903,40.7262807,-73.98978041,member
546743,D90F185EA2D3A893,docked_bike,2021-02-13 15:14:28,2021-02-13 15:19:43,University Pl & E 8 St,5755,E 4 St & 2 Ave,5593,40.731437,-73.994903,40.726281,-73.98978,member
546747,C9CB7308DE8D520B,docked_bike,2021-02-06 11:30:38,2021-02-06 11:41:01,Lexington Ave & E 29 St,6164,E 4 St & 2 Ave,5593,40.743116,-73.982154,40.726281,-73.98978,member
546754,3216CA4CCC8E1FC0,docked_bike,2021-02-25 14:31:58,2021-02-25 14:41:46,Lexington Ave & E 29 St,6164,E 4 St & 2 Ave,5593,40.743115,-73.982153,40.7262807,-73.98978041,member
546758,0D51D793613D45B3,docked_bike,2021-02-13 00:22:34,2021-02-13 00:39:06,E 75 St & 3 Ave,6991,E 4 St & 2 Ave,5593,40.771129,-73.957722,40.7262807,-73.98978041,member
546765,51BA50F9DE8BF163,docked_bike,2021-02-26 14:30:31,2021-02-26 15:02:34,E 75 St & 3 Ave,6991,E 4 St & 2 Ave,5593,40.771129,-73.957722,40.7262807,-73.98978041,casual
546767,1DA76C5D516B6A6E,docked_bike,2021-02-27 16:52:00,2021-02-27 17:10:59,E 51 St & 2 Ave,6575,E 4 St & 2 Ave,5593,40.755293,-73.967641,40.7262807,-73.98978041,member
546791,6988916BFEAD642D,docked_bike,2021-02-05 13:40:51,2021-02-05 13:53:30,Lispenard St & Broadway,5391,E 4 St & 2 Ave,5593,40.719392,-74.002472,40.726281,-73.98978,member
546795,02512A12DD5F8318,docked_bike,2021-02-04 13:54:32,2021-02-04 14:08:03,E 44 St & 2 Ave,6422,E 4 St & 2 Ave,5593,40.751184,-73.971387,40.726281,-73.98978,member
546803,3CAC52C3A22DBD67,docked_bike,2021-02-27 16:59:27,2021-02-27 17:20:46,1 Ave & E 62 St,6753,E 4 St & 2 Ave,5593,40.761227,-73.96094,40.7262807,-73.98978041,member
546811,DD79DDEA85901C70,docked_bike,2021-02-23 11:12:01,2021-02-23 11:19:53,University Pl & E 8 St,5755,E 4 St & 2 Ave,5593,40.731437,-73.994903,40.7262807,-73.98978041,member
546816,2AF5F3168BD2E146,docked_bike,2021-02-28 18:15:13,2021-02-28 18:22:22,Lispenard St & Broadway,5391,E 4 St & 2 Ave,5593,40.719392,-74.002472,40.7262807,-73.98978041,casual
546824,3861404CC9C69332,docked_bike,2021-02-13 15:55:46,2021-02-13 16:29:28,6 Ave & Broome St,5610,E 4 St & 2 Ave,5593,40.724308,-74.00473,40.726281,-73.98978,member
546847,8243593EFEFF0343,docked_bike,2021-02-13 18:11:58,2021-02-13 18:31:32,Murray St & Greenwich St,5288,E 4 St & 2 Ave,5593,40.714851,-74.011223,40.7262807,-73.98978041,member
546859,D483CDEA07259B13,docked_bike,2021-02-09 17:56:34,2021-02-09 18:11:22,E 44 St & 2 Ave,6422,E 4 St & 2 Ave,5593,40.751183,-73.971387,40.7262807,-73.98978041,member
546878,F048E6A1AE9443DC,docked_bike,2021-02-13 19:09:51,2021-02-13 19:16:17,Carmine St & 6 Ave,5763,E 4 St & 2 Ave,5593,40.730386,-74.00215,40.726281,-73.98978,casual
546880,21622CEE0EA6368F,docked_bike,2021-02-15 17:04:10,2021-02-15 17:11:00,Carmine St & 6 Ave,5763,E 4 St & 2 Ave,5593,40.730385,-74.002149,40.7262807,-73.98978041,member
546883,F5DD7F94FBDBD9BC,docked_bike,2021-02-23 00:07:33,2021-02-23 00:32:22,W 26 St & 8 Ave,6297,E 4 St & 2 Ave,5593,40.747348,-73.997235,40.7262807,-73.98978041,member
546886,32936771B4D1A7C7,docked_bike,2021-02-14 15:32:29,2021-02-14 15:40:54,Carmine St & 6 Ave,5763,E 4 St & 2 Ave,5593,40.730386,-74.00215,40.726281,-73.98978,member
546887,463AA26E3AE9CB7F,docked_bike,2021-02-15 19:01:05,2021-02-15 19:06:10,Sullivan St & Washington Sq,5721,E 4 St & 2 Ave,5593,40.730477,-73.99906,40.7262807,-73.98978041,member
546893,2E09A5700BF8314F,docked_bike,2021-02-24 13:51:23,2021-02-24 13:56:56,Sullivan St & Washington Sq,5721,E 4 St & 2 Ave,5593,40.730477,-73.99906,40.7262807,-73.98978041,member
546909,EC0E9782C0D42A5B,docked_bike,2021-02-13 12:13:49,2021-02-13 12:22:26,Carmine St & 6 Ave,5763,E 4 St & 2 Ave,5593,40.730385,-74.002149,40.7262807,-73.98978041,casual
546922,ACEACF05BD853C7F,docked_bike,2021-02-14 14:32:52,2021-02-14 14:37:37,Sullivan St & Washington Sq,5721,E 4 St & 2 Ave,5593,40.730477,-73.99906,40.7262807,-73.98978041,member
546926,E69E2512DFF3DF67,docked_bike,2021-02-16 15:37:12,2021-02-16 15:41:22,Sullivan St & Washington Sq,5721,E 4 St & 2 Ave,5593,40.730477,-73.99906,40.7262807,-73.98978041,member
546927,851ED29435FAC085,docked_bike,2021-02-08 12:38:36,2021-02-08 12:43:56,Sullivan St & Washington Sq,5721,E 4 St & 2 Ave,5593,40.730477,-73.99906,40.7262807,-73.98978041,member
546931,4E17B8FB2071B6D5,docked_bike,2021-02-22 19:35:18,2021-02-22 19:50:33,W 26 St & 8 Ave,6297,E 4 St & 2 Ave,5593,40.747348,-73.997235,40.7262807,-73.98978041,member
546948,E618A54170D1C900,docked_bike,2021-02-17 12:32:02,2021-02-18 13:31:50,E 33 St & 5 Ave,6322,E 4 St & 2 Ave,5593,40.747659,-73.984907,40.7262807,-73.98978041,casual
546956,7D15B47FDB62958E,docked_bike,2021-02-15 00:48:54,2021-02-16 01:48:48,E 33 St & 5 Ave,6322,E 4 St & 2 Ave,5593,40.747659,-73.984907,40.7262807,-73.98978041,casual
546964,79A6B103470585AD,docked_bike,2021-02-26 20:52:38,2021-02-26 21:07:06,E 33 St & 5 Ave,6322,E 4 St & 2 Ave,5593,40.747659,-73.984907,40.7262807,-73.98978041,member
546970,AAA211E164FA10CD,docked_bike,2021-02-17 23:35:35,2021-02-17 23:49:55,Barclay St & Church St,5216,E 4 St & 2 Ave,5593,40.712912,-74.010202,40.7262807,-73.98978041,casual
546978,AB1AC7AABB885A6A,docked_bike,2021-02-20 14:34:33,2021-02-20 14:48:13,E 33 St & 5 Ave,6322,E 4 St & 2 Ave,5593,40.747659,-73.984907,40.7262807,-73.98978041,member
546989,BA12FA4085B0279B,docked_bike,2021-02-20 12:32:59,2021-02-20 12:37:11,Sullivan St & Washington Sq,5721,E 4 St & 2 Ave,5593,40.730477,-73.99906,40.7262807,-73.98978041,member
546992,41791FACB2068B95,docked_bike,2021-02-27 00:06:09,2021-02-27 00:11:12,Carmine St & 6 Ave,5763,E 4 St & 2 Ave,5593,40.730385,-74.002149,40.7262807,-73.98978041,member
546997,9164A07C550296FA,docked_bike,2021-02-26 17:20:41,2021-02-26 17:30:48,W 26 St & 8 Ave,6297,E 4 St & 2 Ave,5593,40.747348,-73.997235,40.7262807,-73.98978041,member
547001,D784D6D8EB04D3D2,docked_bike,2021-02-23 15:44:16,2021-02-23 15:48:23,University Pl & E 8 St,5755,E 4 St & 2 Ave,5593,40.731437,-73.994903,40.726281,-73.98978,member
547002,B18A93DFB116ED3C,docked_bike,2021-02-26 11:38:36,2021-02-26 11:54:52,1 Ave & E 62 St,6753,E 4 St & 2 Ave,5593,40.761227,-73.96094,40.7262807,-73.98978041,member
547003,E2F9087CA2CFA1E6,docked_bike,2021-02-27 07:10:04,2021-02-27 07:13:07,University Pl & E 8 St,5755,E 4 St & 2 Ave,5593,40.731437,-73.994903,40.7262807,-73.98978041,member
547005,C528931724261EA2,docked_bike,2021-02-27 16:59:49,2021-02-27 17:20:38,1 Ave & E 62 St,6753,E 4 St & 2 Ave,5593,40.761227,-73.96094,40.7262807,-73.98978041,member
547007,A7D539772EE8F4CC,docked_bike,2021-02-22 13:51:21,2021-02-22 14:00:53,Sullivan St & Washington Sq,5721,E 4 St & 2 Ave,5593,40.730477,-73.99906,40.7262807,-73.98978041,member
547008,D69E5125789C0172,docked_bike,2021-02-26 18:44:49,2021-02-26 19:00:07,W 26 St & 8 Ave,6297,E 4 St & 2 Ave,5593,40.747348,-73.997236,40.726281,-73.98978,casual
547014,EE88061CAB45CEC2,docked_bike,2021-02-14 10:48:35,2021-02-14 10:52:05,Mercer St & Bleecker St,5679,E 4 St & 2 Ave,5593,40.727063,-73.996621,40.7262807,-73.98978041,member
547019,FC95F241F8159F69,docked_bike,2021-02-06 20:38:56,2021-02-06 21:21:43,W 26 St & 8 Ave,6297,E 4 St & 2 Ave,5593,40.747348,-73.997236,40.726281,-73.98978,member
547023,11DA69C5895C62DF,docked_bike,2021-02-25 15:53:26,2021-02-25 15:56:36,Sullivan St & Washington Sq,5721,E 4 St & 2 Ave,5593,40.730477,-73.99906,40.7262807,-73.98978041,member
547033,26DDEBE93F7B4B5D,docked_bike,2021-02-25 19:13:02,2021-02-25 19:17:55,Mercer St & Bleecker St,5679,E 4 St & 2 Ave,5593,40.727063,-73.996621,40.7262807,-73.98978041,member
547036,929BE301E91E0073,docked_bike,2021-02-14 09:15:48,2021-02-14 09:20:06,Mercer St & Bleecker St,5679,E 4 St & 2 Ave,5593,40.727064,-73.996621,40.726281,-73.98978,member
547038,41C2949A4F6F8F18,docked_bike,2021-02-24 13:41:28,2021-02-24 13:45:47,Mercer St & Bleecker St,5679,E 4 St & 2 Ave,5593,40.727064,-73.996621,40.726281,-73.98978,member
547039,17EEB9AAEE283F83,docked_bike,2021-02-03 13:45:48,2021-02-03 13:51:26,Mercer St & Bleecker St,5679,E 4 St & 2 Ave,5593,40.727064,-73.996621,40.726281,-73.98978,member
547040,C4D5D78628577203,docked_bike,2021-02-10 13:44:15,2021-02-10 13:48:13,Mercer St & Bleecker St,5679,E 4 St & 2 Ave,5593,40.727064,-73.996621,40.726281,-73.98978,member
547041,3CCE7B125823BA8D,docked_bike,2021-02-17 13:43:47,2021-02-17 13:47:28,Mercer St & Bleecker St,5679,E 4 St & 2 Ave,5593,40.727064,-73.996621,40.726281,-73.98978,member
547044,89BAB8D37276480C,docked_bike,2021-02-22 09:09:49,2021-02-22 09:20:21,Sullivan St & Washington Sq,5721,E 4 St & 2 Ave,5593,40.730477,-73.99906,40.7262807,-73.98978041,casual
547049,D2A9328DB10B0F28,docked_bike,2021-02-20 13:38:11,2021-02-20 13:42:57,Sullivan St & Washington Sq,5721,E 4 St & 2 Ave,5593,40.730477,-73.99906,40.7262807,-73.98978041,member
547053,6B2E3D6CE86B8C79,docked_bike,2021-02-14 17:24:31,2021-02-14 17:35:00,Carmine St & 6 Ave,5763,E 4 St & 2 Ave,5593,40.730385,-74.002149,40.7262807,-73.98978041,member
547056,CFC86E3B5C32C72A,docked_bike,2021-02-24 00:11:26,2021-02-24 00:15:21,Mercer St & Bleecker St,5679,E 4 St & 2 Ave,5593,40.727063,-73.996621,40.7262807,-73.98978041,member
547058,C87442FC1E0D732D,docked_bike,2021-02-26 12:58:38,2021-02-26 13:06:12,Carmine St & 6 Ave,5763,E 4 St & 2 Ave,5593,40.730385,-74.002149,40.7262807,-73.98978041,casual
547060,6E26F8827A81AB03,docked_bike,2021-02-10 16:24:09,2021-02-10 16:28:39,Sullivan St & Washington Sq,5721,E 4 St & 2 Ave,5593,40.730477,-73.999061,40.726281,-73.98978,member
547065,0254EC984965E913,docked_bike,2021-02-15 13:18:34,2021-02-15 13:22:49,Sullivan St & Washington Sq,5721,E 4 St & 2 Ave,5593,40.730477,-73.99906,40.7262807,-73.98978041,member
547066,3B7011AD6707BE89,docked_bike,2021-02-06 11:13:17,2021-02-06 11:20:05,Carmine St & 6 Ave,5763,E 4 St & 2 Ave,5593,40.730386,-74.00215,40.726281,-73.98978,member
547075,F146AD5CABF039B1,docked_bike,2021-02-27 16:26:28,2021-02-27 16:37:30,Carmine St & 6 Ave,5763,E 4 St & 2 Ave,5593,40.730385,-74.002149,40.7262807,-73.98978041,member
547078,8183137FCC01C1AB,docked_bike,2021-02-26 04:54:45,2021-02-26 04:58:23,Sullivan St & Washington Sq,5721,E 4 St & 2 Ave,5593,40.730477,-73.99906,40.7262807,-73.98978041,member
547079,2D340F1BE31DBA15,docked_bike,2021-02-12 16:20:27,2021-02-12 16:36:41,Pearl St & Hanover Square,4993,E 4 St & 2 Ave,5593,40.704717,-74.00926,40.7262807,-73.98978041,member
547080,02E5D358C9D1C53B,docked_bike,2021-02-05 16:20:28,2021-02-05 16:31:31,Pearl St & Hanover Square,4993,E 4 St & 2 Ave,5593,40.704718,-74.00926,40.726281,-73.98978,member
547083,9D337DB1197DD031,docked_bike,2021-02-25 22:47:05,2021-02-25 22:50:22,Sullivan St & Washington Sq,5721,E 4 St & 2 Ave,5593,40.730477,-73.99906,40.7262807,-73.98978041,member
547085,BC37DDCE75995912,docked_bike,2021-02-17 16:01:27,2021-02-17 16:06:59,Carmine St & 6 Ave,5763,E 4 St & 2 Ave,5593,40.730385,-74.002149,40.7262807,-73.98978041,member
547086,04545B815DDAC56A,docked_bike,2021-02-19 19:40:05,2021-02-19 19:46:17,Carmine St & 6 Ave,5763,E 4 St & 2 Ave,5593,40.730385,-74.002149,40.7262807,-73.98978041,member
547090,2454F908C1A232D9,docked_bike,2021-02-25 14:06:23,2021-02-25 14:39:41,E 4 St & 2 Ave,5593,E 4 St & 2 Ave,5593,40.72628,-73.98978,40.7262807,-73.98978041,member
547091,BB36F9F241873D58,docked_bike,2021-02-23 15:47:16,2021-02-23 15:47:46,E 4 St & 2 Ave,5593,E 4 St & 2 Ave,5593,40.72628,-73.98978,40.7262807,-73.98978041,member
547098,F8B98182EC9DD23D,docked_bike,2021-02-06 10:01:52,2021-02-06 10:01:56,E 4 St & 2 Ave,5593,E 4 St & 2 Ave,5593,40.726281,-73.98978,40.726281,-73.98978,member
547100,A49DC90895D477CD,docked_bike,2021-02-27 11:05:28,2021-02-27 11:13:28,E 4 St & 2 Ave,5593,E 4 St & 2 Ave,5593,40.72628,-73.98978,40.7262807,-73.98978041,member
547111,9C7FC95B6000A2EA,docked_bike,2021-02-23 14:37:18,2021-02-23 14:47:53,E 4 St & 2 Ave,5593,E 4 St & 2 Ave,5593,40.726281,-73.98978,40.726281,-73.98978,member
547114,753C834E592883FE,docked_bike,2021-02-12 12:38:59,2021-02-12 12:41:58,E 4 St & 2 Ave,5593,E 4 St & 2 Ave,5593,40.72628,-73.98978,40.7262807,-73.98978041,member
547115,F6531C223503C184,docked_bike,2021-02-25 17:33:45,2021-02-25 17:34:42,E 4 St & 2 Ave,5593,E 4 St & 2 Ave,5593,40.72628,-73.98978,40.7262807,-73.98978041,member
547116,02B162EC220D2105,docked_bike,2021-02-10 16:55:19,2021-02-10 17:32:51,E 4 St & 2 Ave,5593,E 4 St & 2 Ave,5593,40.726281,-73.98978,40.726281,-73.98978,member
547129,B28D3790332063FE,docked_bike,2021-02-20 12:11:01,2021-02-20 12:18:34,E 6 St & Avenue D,5506,E 4 St & 2 Ave,5593,40.722281,-73.976687,40.726281,-73.98978,member
547134,8C96EC0692D39561,docked_bike,2021-02-11 18:01:22,2021-02-11 18:08:44,E 6 St & Avenue D,5506,E 4 St & 2 Ave,5593,40.72228,-73.976687,40.7262807,-73.98978041,member
547135,9C3C1C37D3A99DEA,docked_bike,2021-02-23 18:07:27,2021-02-23 18:13:40,E 6 St & Avenue D,5506,E 4 St & 2 Ave,5593,40.72228,-73.976687,40.7262807,-73.98978041,member
547136,5F7C14BBF0D16958,docked_bike,2021-02-15 12:09:24,2021-02-15 12:15:50,E 6 St & Avenue D,5506,E 4 St & 2 Ave,5593,40.72228,-73.976687,40.7262807,-73.98978041,member
547139,406AE1F786AC84FF,docked_bike,2021-02-24 16:30:10,2021-02-24 16:30:10,E 6 St & Avenue D,5506,E 4 St & 2 Ave,5593,40.72228,-73.976687,40.7262807,-73.98978041,member
547142,FCD9F610DFC450DA,docked_bike,2021-02-24 16:53:45,2021-02-24 17:21:03,W 36 St & 7 Ave,6483,E 4 St & 2 Ave,5593,40.752149,-73.989539,40.7262807,-73.98978041,member
547151,F68760C9F26962AD,docked_bike,2021-02-24 14:58:17,2021-02-24 15:05:42,E 6 St & Avenue D,5506,E 4 St & 2 Ave,5593,40.722281,-73.976687,40.726281,-73.98978,member
547153,F28965ED579337CD,docked_bike,2021-02-12 19:21:59,2021-02-12 19:53:17,W 64 St & Thelonious Monk Circle,7123,E 4 St & 2 Ave,5593,40.775159,-73.989186,40.7262807,-73.98978041,member
547178,C6E86D3E3D37D643,docked_bike,2021-02-04 11:47:27,2021-02-04 11:55:26,E 6 St & Avenue D,5506,E 4 St & 2 Ave,5593,40.722281,-73.976687,40.726281,-73.98978,member
547187,6BEB0232878279D9,docked_bike,2021-02-24 21:05:28,2021-02-24 21:36:58,E 4 St & 2 Ave,5593,E 4 St & 2 Ave,5593,40.72628,-73.98978,40.7262807,-73.98978041,member
547198,511AFC316EB36D9C,docked_bike,2021-02-24 19:50:39,2021-02-24 19:50:49,E 4 St & 2 Ave,5593,E 4 St & 2 Ave,5593,40.72628,-73.98978,40.7262807,-73.98978041,casual
547210,C8875BB8CB3B18BD,docked_bike,2021-02-07 15:30:57,2021-02-07 16:08:42,E 4 St & 2 Ave,5593,E 4 St & 2 Ave,5593,40.72628,-73.98978,40.7262807,-73.98978041,member
547211,9026350A7AAFEE5E,docked_bike,2021-02-12 12:38:35,2021-02-12 13:21:18,E 4 St & 2 Ave,5593,E 4 St & 2 Ave,5593,40.72628,-73.98978,40.7262807,-73.98978041,member
547216,910D8754F8165341,docked_bike,2021-02-25 09:50:50,2021-02-25 10:00:39,2 Ave & E 29 St,6122,E 4 St & 2 Ave,5593,40.741723,-73.978092,40.7262807,-73.98978041,member
547219,4079542AFF39FA74,docked_bike,2021-02-11 14:22:40,2021-02-11 14:36:19,W 36 St & 7 Ave,6483,E 4 St & 2 Ave,5593,40.752149,-73.989539,40.7262807,-73.98978041,member
547221,D19E72A5E8E346E4,docked_bike,2021-02-04 19:24:47,2021-02-04 19:30:35,E 6 St & Avenue D,5506,E 4 St & 2 Ave,5593,40.722281,-73.976687,40.726281,-73.98978,member
547227,FEEBAC0798CB0B9C,docked_bike,2021-02-10 10:45:22,2021-02-10 11:06:07,E 4 St & 2 Ave,5593,E 4 St & 2 Ave,5593,40.726281,-73.98978,40.726281,-73.98978,casual
547232,CE6593CAA127B09E,docked_bike,2021-02-24 10:21:16,2021-02-24 10:41:05,E 4 St & 2 Ave,5593,E 4 St & 2 Ave,5593,40.72628,-73.98978,40.7262807,-73.98978041,member
547233,0CBA17D77EA3576D,docked_bike,2021-02-25 18:54:19,2021-02-25 19:25:00,E 4 St & 2 Ave,5593,E 4 St & 2 Ave,5593,40.72628,-73.98978,40.7262807,-73.98978041,member
547234,F12F182F34AE203C,docked_bike,2021-02-24 12:27:44,2021-02-24 13:02:11,E 4 St & 2 Ave,5593,E 4 St & 2 Ave,5593,40.72628,-73.98978,40.7262807,-73.98978041,member
547236,4B3F67BED9F41AA1,docked_bike,2021-02-06 16:31:20,2021-02-06 16:37:04,E 4 St & 2 Ave,5593,E 4 St & 2 Ave,5593,40.72628,-73.98978,40.7262807,-73.98978041,member
547242,92AEB36D2548EE79,docked_bike,2021-02-28 21:42:47,2021-02-28 22:14:37,E 4 St & 2 Ave,5593,Emerson Pl & Myrtle Ave,4683,40.72628,-73.98978,40.69363137,-73.96223558,member
547244,19196497A773DD82,docked_bike,2021-02-05 17:28:16,2021-02-05 17:28:54,E 4 St & 2 Ave,5593,E 4 St & 2 Ave,5593,40.72628,-73.98978,40.7262807,-73.98978041,member
547256,0E95F8709F2628BB,docked_bike,2021-02-12 12:26:40,2021-02-12 12:43:04,E 4 St & 2 Ave,5593,E 4 St & 2 Ave,5593,40.726281,-73.98978,40.726281,-73.98978,member
547257,F53440CA7717F189,docked_bike,2021-02-08 13:48:04,2021-02-08 14:12:44,E 4 St & 2 Ave,5593,E 4 St & 2 Ave,5593,40.726281,-73.98978,40.726281,-73.98978,member
547258,BA08A7817137810E,docked_bike,2021-02-10 13:46:28,2021-02-10 13:46:32,E 4 St & 2 Ave,5593,E 4 St & 2 Ave,5593,40.726281,-73.98978,40.726281,-73.98978,member
547259,3E60389733EC8800,docked_bike,2021-02-10 13:46:54,2021-02-10 14:12:49,E 4 St & 2 Ave,5593,E 4 St & 2 Ave,5593,40.726281,-73.98978,40.726281,-73.98978,member
547263,0D61FC1D46EB6E9C,docked_bike,2021-02-26 00:07:07,2021-02-26 00:13:29,W 25 St & 6 Ave,6215,E 4 St & 2 Ave,5593,40.743954,-73.991448,40.7262807,-73.98978041,member
547264,999A663CF3F9BA25,docked_bike,2021-02-05 20:05:26,2021-02-05 20:13:44,W 25 St & 6 Ave,6215,E 4 St & 2 Ave,5593,40.743954,-73.991448,40.7262807,-73.98978041,member
547266,0895DD169D57FF74,docked_bike,2021-02-12 08:25:05,2021-02-12 08:25:12,E 4 St & 2 Ave,5593,E 4 St & 2 Ave,5593,40.72628,-73.98978,40.7262807,-73.98978041,member
547269,FC0B902DD683F94A,docked_bike,2021-02-13 14:53:57,2021-02-13 15:05:58,E 4 St & 2 Ave,5593,E 4 St & 2 Ave,5593,40.726281,-73.98978,40.726281,-73.98978,casual
547273,B62D9CB6FBFEC473,docked_bike,2021-02-24 21:16:07,2021-02-24 21:23:54,E 4 St & 2 Ave,5593,E 4 St & 2 Ave,5593,40.726281,-73.98978,40.726281,-73.98978,member
547280,0F66F193F0C9DA24,docked_bike,2021-02-16 14:38:09,2021-02-16 14:50:46,E 4 St & 2 Ave,5593,E 4 St & 2 Ave,5593,40.726281,-73.98978,40.726281,-73.98978,member
547281,2972D19B241EF2FD,docked_bike,2021-02-05 16:58:40,2021-02-05 17:13:05,W 25 St & 6 Ave,6215,E 4 St & 2 Ave,5593,40.743954,-73.991449,40.726281,-73.98978,casual
547282,C8D392C13240FDD3,docked_bike,2021-02-06 22:00:43,2021-02-06 22:05:21,E 4 St & 2 Ave,5593,E 4 St & 2 Ave,5593,40.726281,-73.98978,40.726281,-73.98978,member
547283,B5756AE1A984471E,docked_bike,2021-02-24 11:47:20,2021-02-24 11:47:49,E 4 St & 2 Ave,5593,E 4 St & 2 Ave,5593,40.72628,-73.98978,40.7262807,-73.98978041,member
547285,63E7864831E530B5,docked_bike,2021-02-13 16:53:23,2021-02-13 16:54:53,E 4 St & 2 Ave,5593,E 4 St & 2 Ave,5593,40.72628,-73.98978,40.7262807,-73.98978041,member
547287,FF12D5782405C98B,docked_bike,2021-02-11 23:23:22,2021-02-11 23:23:48,E 4 St & 2 Ave,5593,E 4 St & 2 Ave,5593,40.72628,-73.98978,40.7262807,-73.98978041,member
547288,2D06CC6A30AC7555,docked_bike,2021-02-15 12:20:12,2021-02-15 12:35:50,E 4 St & 2 Ave,5593,E 4 St & 2 Ave,5593,40.72628,-73.98978,40.7262807,-73.98978041,member
547291,F1CAE2EE4FF0219D,docked_bike,2021-02-15 14:21:02,2021-02-15 14:22:11,E 4 St & 2 Ave,5593,E 4 St & 2 Ave,5593,40.72628,-73.98978,40.7262807,-73.98978041,member
547292,8732B27451416D0A,docked_bike,2021-02-20 15:00:38,2021-02-20 15:01:53,E 4 St & 2 Ave,5593,E 4 St & 2 Ave,5593,40.72628,-73.98978,40.7262807,-73.98978041,casual
547296,196F7E8814F8B03A,docked_bike,2021-02-14 16:54:22,2021-02-14 17:02:31,E 4 St & 2 Ave,5593,E 4 St & 2 Ave,5593,40.72628,-73.98978,40.7262807,-73.98978041,member
547297,0CFE7B9477515910,docked_bike,2021-02-12 12:11:28,2021-02-12 12:29:14,E 4 St & 2 Ave,5593,E 4 St & 2 Ave,5593,40.72628,-73.98978,40.7262807,-73.98978041,member
547298,7B1E7A94DAE59150,docked_bike,2021-02-25 17:34:15,2021-02-25 17:34:49,E 4 St & 2 Ave,5593,E 4 St & 2 Ave,5593,40.726281,-73.98978,40.726281,-73.98978,member
547299,D62CEA78265280E1,docked_bike,2021-02-26 15:25:50,2021-02-26 16:37:53,E 4 St & 2 Ave,5593,E 4 St & 2 Ave,5593,40.726281,-73.98978,40.726281,-73.98978,casual
547310,42280FAB31E15BE3,docked_bike,2021-02-26 17:51:02,2021-02-26 18:05:08,6 Ave & W 33 St,6364,E 4 St & 2 Ave,5593,40.749012,-73.988483,40.7262807,-73.98978041,member
547311,B30AC92FAC6600C0,docked_bike,2021-02-11 17:59:43,2021-02-11 18:37:07,E 4 St & 2 Ave,5593,E 4 St & 2 Ave,5593,40.72628,-73.98978,40.7262807,-73.98978041,casual
547313,1E5533678D8C5926,docked_bike,2021-02-14 23:21:24,2021-02-14 23:42:34,E 4 St & 2 Ave,5593,E 4 St & 2 Ave,5593,40.72628,-73.98978,40.7262807,-73.98978041,member
547315,52F2DC076F622D48,docked_bike,2021-02-03 19:51:54,2021-02-03 19:52:26,E 4 St & 2 Ave,5593,E 4 St & 2 Ave,5593,40.726281,-73.98978,40.726281,-73.98978,member
547317,17A4CD7D49654D99,docked_bike,2021-02-26 20:42:10,2021-02-26 21:00:07,E 4 St & 2 Ave,5593,E 4 St & 2 Ave,5593,40.72628,-73.98978,40.7262807,-73.98978041,casual
547320,2101C5D8697DE123,docked_bike,2021-02-24 22:32:53,2021-02-24 22:47:09,E 4 St & 2 Ave,5593,E 4 St & 2 Ave,5593,40.726281,-73.98978,40.726281,-73.98978,member
547322,BFCE0FD5DCC2A57D,docked_bike,2021-02-05 07:19:15,2021-02-05 07:19:19,E 4 St & 2 Ave,5593,E 4 St & 2 Ave,5593,40.726281,-73.98978,40.726281,-73.98978,member
547341,0D05740D4B9658BF,docked_bike,2021-02-24 17:49:55,2021-02-24 18:28:18,E 4 St & 2 Ave,5593,E 4 St & 2 Ave,5593,40.72628,-73.98978,40.7262807,-73.98978041,member
547342,25201C884F4A8C56,docked_bike,2021-02-20 19:25:29,2021-02-20 19:46:37,E 4 St & 2 Ave,5593,E 4 St & 2 Ave,5593,40.72628,-73.98978,40.7262807,-73.98978041,member
547343,65CC494D8D8547ED,docked_bike,2021-02-14 12:25:28,2021-02-14 13:01:52,E 4 St & 2 Ave,5593,Lewis Ave & Decatur St,4237,40.72628,-73.98978,40.6814598,-73.934903,member
547344,EA6380FA4CE478B8,docked_bike,2021-02-20 14:55:38,2021-02-20 15:11:13,E 4 St & 2 Ave,5593,E 4 St & 2 Ave,5593,40.72628,-73.98978,40.7262807,-73.98978041,member
547345,D648AC53B64D4BB8,docked_bike,2021-02-17 18:19:14,2021-02-17 18:48:56,6 Ave & W 33 St,6364,E 4 St & 2 Ave,5593,40.749012,-73.988483,40.7262807,-73.98978041,member
547346,C830B7B6792E17F1,docked_bike,2021-02-24 08:57:03,2021-02-24 08:59:18,E 4 St & 2 Ave,5593,E 4 St & 2 Ave,5593,40.72628,-73.98978,40.7262807,-73.98978041,member
547351,4ED58C08E82E124C,docked_bike,2021-02-26 15:25:57,2021-02-26 16:37:55,E 4 St & 2 Ave,5593,E 4 St & 2 Ave,5593,40.726281,-73.98978,40.726281,-73.98978,casual
547354,64F9CEFB73893BC4,docked_bike,2021-02-26 19:41:32,2021-02-26 20:10:58,E 4 St & 2 Ave,5593,E 4 St & 2 Ave,5593,40.72628,-73.98978,40.7262807,-73.98978041,member
547363,D92E1842F08BFAC3,docked_bike,2021-02-08 22:27:13,2021-02-08 22:59:18,E 4 St & 2 Ave,5593,E 4 St & 2 Ave,5593,40.72628,-73.98978,40.7262807,-73.98978041,casual
547364,8A06F39F08788FDB,docked_bike,2021-02-21 12:32:22,2021-02-21 12:41:08,E 4 St & 2 Ave,5593,E 4 St & 2 Ave,5593,40.72628,-73.98978,40.7262807,-73.98978041,member
547368,99287E5E20864EDA,docked_bike,2021-02-23 15:50:06,2021-02-23 15:50:48,E 4 St & 2 Ave,5593,E 4 St & 2 Ave,5593,40.72628,-73.98978,40.7262807,-73.98978041,member
547377,CA7616F566533D85,docked_bike,2021-02-06 21:46:24,2021-02-06 22:05:40,E 4 St & 2 Ave,5593,E 4 St & 2 Ave,5593,40.72628,-73.98978,40.7262807,-73.98978041,casual
547378,75D64C201B1843A3,docked_bike,2021-02-05 13:47:10,2021-02-05 13:48:51,E 4 St & 2 Ave,5593,E 4 St & 2 Ave,5593,40.72628,-73.98978,40.7262807,-73.98978041,member
547398,5FCEEBC217F50CE8,docked_bike,2021-02-27 20:37:10,2021-02-27 20:53:23,E 4 St & 2 Ave,5593,E 4 St & 2 Ave,5593,40.72628,-73.98978,40.7262807,-73.98978041,member
547400,D30FC14E009FD6BA,docked_bike,2021-02-14 15:28:08,2021-02-14 16:31:45,E 4 St & 2 Ave,5593,E 4 St & 2 Ave,5593,40.72628,-73.98978,40.7262807,-73.98978041,casual
547405,5DEA0BD454578B09,docked_bike,2021-02-08 12:32:04,2021-02-08 13:03:00,E 4 St & 2 Ave,5593,E 4 St & 2 Ave,5593,40.72628,-73.98978,40.7262807,-73.98978041,member
547406,CF378BC0E6F47DF1,docked_bike,2021-02-25 14:06:18,2021-02-25 14:39:39,E 4 St & 2 Ave,5593,E 4 St & 2 Ave,5593,40.72628,-73.98978,40.7262807,-73.98978041,member
547412,40D0427E52D6DE29,docked_bike,2021-02-05 15:54:35,2021-02-05 15:54:39,E 4 St & 2 Ave,5593,E 4 St & 2 Ave,5593,40.726281,-73.98978,40.726281,-73.98978,member
547413,A79297CA769E76F2,docked_bike,2021-02-06 12:34:28,2021-02-06 12:35:51,E 4 St & 2 Ave,5593,E 4 St & 2 Ave,5593,40.726281,-73.98978,40.726281,-73.98978,member
547428,59799C3C052AEA8F,docked_bike,2021-02-25 17:01:04,2021-02-25 17:01:34,E 4 St & 2 Ave,5593,E 4 St & 2 Ave,5593,40.72628,-73.98978,40.7262807,-73.98978041,casual
547430,DAE174CC53916BEB,docked_bike,2021-02-25 14:17:42,2021-02-25 15:30:43,E 4 St & 2 Ave,5593,E 4 St & 2 Ave,5593,40.72628,-73.98978,40.7262807,-73.98978041,casual
547431,EB1F4859C73023B2,docked_bike,2021-02-12 12:01:54,2021-02-12 12:15:25,E 4 St & 2 Ave,5593,E 4 St & 2 Ave,5593,40.72628,-73.98978,40.7262807,-73.98978041,casual
547432,EEB37E991DF1A922,docked_bike,2021-02-26 20:41:18,2021-02-26 20:59:39,E 4 St & 2 Ave,5593,E 4 St & 2 Ave,5593,40.72628,-73.98978,40.7262807,-73.98978041,casual
547438,E9E4F1499C25347B,docked_bike,2021-02-10 13:54:50,2021-02-10 14:08:17,E 4 St & 2 Ave,5593,E 4 St & 2 Ave,5593,40.72628,-73.98978,40.7262807,-73.98978041,member
547439,57FF6B461CAEEEAE,docked_bike,2021-02-07 16:33:55,2021-02-07 16:56:04,E 4 St & 2 Ave,5593,E 4 St & 2 Ave,5593,40.72628,-73.98978,40.7262807,-73.98978041,member
547440,BF51835A4CD96C85,docked_bike,2021-02-23 11:59:11,2021-02-23 12:24:12,E 4 St & 2 Ave,5593,E 4 St & 2 Ave,5593,40.72628,-73.98978,40.7262807,-73.98978041,member
547441,C2A3FFEF2F78C1A3,docked_bike,2021-02-14 13:35:24,2021-02-14 14:05:50,6 Ave & W 33 St,6364,E 4 St & 2 Ave,5593,40.749012,-73.988483,40.7262807,-73.98978041,casual
547444,F0ED06F52DDFF16E,docked_bike,2021-02-17 06:54:30,2021-02-17 06:54:33,E 4 St & 2 Ave,5593,E 4 St & 2 Ave,5593,40.72628,-73.98978,40.7262807,-73.98978041,member
547447,3F3E7DC396169C87,docked_bike,2021-02-21 13:24:41,2021-02-21 13:24:46,E 4 St & 2 Ave,5593,E 4 St & 2 Ave,5593,40.72628,-73.98978,40.7262807,-73.98978041,member
547456,14155542221CFCA0,docked_bike,2021-02-26 14:47:43,2021-02-26 14:48:10,E 4 St & 2 Ave,5593,E 4 St & 2 Ave,5593,40.72628,-73.98978,40.7262807,-73.98978041,member
547459,A737197B0C022975,docked_bike,2021-02-18 16:26:41,2021-02-18 16:50:42,E 4 St & 2 Ave,5593,E 4 St & 2 Ave,5593,40.72628,-73.98978,40.7262807,-73.98978041,member
547460,F8DFB7ECAE5FC6A6,docked_bike,2021-02-03 23:52:04,2021-02-03 23:59:18,W 25 St & 6 Ave,6215,E 4 St & 2 Ave,5593,40.743954,-73.991449,40.726281,-73.98978,member
547461,22B37C519006FE1B,docked_bike,2021-02-12 18:44:48,2021-02-12 18:55:54,E 4 St & 2 Ave,5593,W 25 St & 6 Ave,6215,40.72628,-73.98978,40.74395411,-73.99144871,casual
547462,34620E1BFEC31344,docked_bike,2021-02-28 19:31:12,2021-02-28 19:32:16,E 4 St & 2 Ave,5593,E 4 St & 2 Ave,5593,40.72628,-73.98978,40.7262807,-73.98978041,member
547463,08F05FF1352271FB,docked_bike,2021-02-09 13:43:29,2021-02-09 14:22:13,E 4 St & 2 Ave,5593,E 4 St & 2 Ave,5593,40.726281,-73.98978,40.726281,-73.98978,member
547464,0C64644A74EED338,docked_bike,2021-02-24 13:47:36,2021-02-24 14:18:40,E 4 St & 2 Ave,5593,E 4 St & 2 Ave,5593,40.726281,-73.98978,40.726281,-73.98978,member
547465,23C117426E34F7FD,docked_bike,2021-02-22 12:16:57,2021-02-22 12:26:35,E 4 St & 2 Ave,5593,E 4 St & 2 Ave,5593,40.726281,-73.98978,40.726281,-73.98978,member
547466,5F7754B9225333E3,docked_bike,2021-02-25 13:51:33,2021-02-25 14:20:02,E 4 St & 2 Ave,5593,E 4 St & 2 Ave,5593,40.726281,-73.98978,40.726281,-73.98978,member
547474,C14C42629CA7CB30,docked_bike,2021-02-06 15:03:13,2021-02-06 15:04:05,E 4 St & 2 Ave,5593,E 4 St & 2 Ave,5593,40.726281,-73.98978,40.726281,-73.98978,member
547475,9BBAA2EC2381E42E,docked_bike,2021-02-25 17:05:26,2021-02-25 18:23:31,E 4 St & 2 Ave,5593,E 4 St & 2 Ave,5593,40.72628,-73.98978,40.7262807,-73.98978041,member
547479,0427436364EC7D14,docked_bike,2021-02-11 15:07:41,2021-02-11 15:30:48,E 4 St & 2 Ave,5593,E 4 St & 2 Ave,5593,40.726281,-73.98978,40.726281,-73.98978,member
547487,2980123C67E5D261,docked_bike,2021-02-25 20:29:20,2021-02-25 20:40:59,E 4 St & 2 Ave,5593,W 25 St & 6 Ave,6215,40.72628,-73.98978,40.74395411,-73.99144871,casual
547496,1916BD8C3F9FF35E,docked_bike,2021-02-06 16:06:55,2021-02-06 16:07:22,E 4 St & 2 Ave,5593,E 4 St & 2 Ave,5593,40.726281,-73.98978,40.726281,-73.98978,member
547500,829BEFC1BBC7519C,docked_bike,2021-02-26 18:46:56,2021-02-26 18:48:09,E 4 St & 2 Ave,5593,E 4 St & 2 Ave,5593,40.72628,-73.98978,40.7262807,-73.98978041,member
547501,3215C7232E324427,docked_bike,2021-02-23 14:56:46,2021-02-23 14:58:29,E 4 St & 2 Ave,5593,E 4 St & 2 Ave,5593,40.72628,-73.98978,40.7262807,-73.98978041,member
547508,3697AC605573B835,docked_bike,2021-02-14 15:27:59,2021-02-14 16:31:40,E 4 St & 2 Ave,5593,E 4 St & 2 Ave,5593,40.726281,-73.98978,40.726281,-73.98978,casual
547513,036D5D78BB66BD8E,docked_bike,2021-02-20 15:21:09,2021-02-20 15:31:34,W 25 St & 6 Ave,6215,E 4 St & 2 Ave,5593,40.743954,-73.991449,40.726281,-73.98978,member
547514,2A7146B3CDD741EC,docked_bike,2021-02-08 17:23:01,2021-02-08 17:24:02,E 4 St & 2 Ave,5593,E 4 St & 2 Ave,5593,40.726281,-73.98978,40.726281,-73.98978,member
547515,64207179EAD34FA7,docked_bike,2021-02-08 17:24:46,2021-02-08 17:35:26,E 4 St & 2 Ave,5593,E 4 St & 2 Ave,5593,40.726281,-73.98978,40.726281,-73.98978,member
547519,FB0222B07618015C,docked_bike,2021-02-09 18:07:27,2021-02-09 18:25:45,E 4 St & 2 Ave,5593,E 4 St & 2 Ave,5593,40.72628,-73.98978,40.7262807,-73.98978041,member
547520,EF14226740C6A976,docked_bike,2021-02-25 18:31:21,2021-02-25 18:50:27,E 4 St & 2 Ave,5593,E 4 St & 2 Ave,5593,40.72628,-73.98978,40.7262807,-73.98978041,member
547521,A650C7A8DBD843CD,docked_bike,2021-02-13 22:42:39,2021-02-13 23:08:00,E 4 St & 2 Ave,5593,Emerson Pl & Myrtle Ave,4683,40.72628,-73.98978,40.69363137,-73.96223558,member
547524,47A77174A4474893,docked_bike,2021-02-10 08:44:06,2021-02-10 08:44:51,E 4 St & 2 Ave,5593,E 4 St & 2 Ave,5593,40.726281,-73.98978,40.726281,-73.98978,member
547534,7B29A8681E66A8A9,docked_bike,2021-02-23 14:01:13,2021-02-23 14:10:46,Carmine St & 6 Ave,5763,E 4 St & 2 Ave,5593,40.730385,-74.002149,40.7262807,-73.98978041,member
547535,526AFFE5B4D9ABED,docked_bike,2021-02-25 15:52:24,2021-02-25 15:56:57,Sullivan St & Washington Sq,5721,E 4 St & 2 Ave,5593,40.730477,-73.99906,40.7262807,-73.98978041,member
547537,AD11C59AD1716959,docked_bike,2021-02-24 16:38:46,2021-02-24 16:52:57,W 22 St & 8 Ave,6224,E 4 St & 2 Ave,5593,40.744751,-73.999154,40.726281,-73.98978,member
547538,00F3F76622220B52,docked_bike,2021-02-17 12:45:04,2021-02-17 13:06:18,W 26 St & 8 Ave,6297,E 4 St & 2 Ave,5593,40.747348,-73.997236,40.726281,-73.98978,member
547539,7F6604299F87A052,docked_bike,2021-02-16 15:11:20,2021-02-16 15:15:06,Sullivan St & Washington Sq,5721,E 4 St & 2 Ave,5593,40.730477,-73.99906,40.7262807,-73.98978041,member
547544,31DCF5381B758C7F,docked_bike,2021-02-16 09:01:58,2021-02-16 09:06:45,Carmine St & 6 Ave,5763,E 4 St & 2 Ave,5593,40.730385,-74.002149,40.7262807,-73.98978041,member
547552,3F2265E0DC58F1BB,docked_bike,2021-02-10 11:51:31,2021-02-10 11:55:24,Cleveland Pl & Spring St,5492,E 4 St & 2 Ave,5593,40.722103,-73.997249,40.7262807,-73.98978041,member
547554,E3142EF0F209F714,docked_bike,2021-02-14 13:34:39,2021-02-14 13:40:20,Cleveland Pl & Spring St,5492,E 4 St & 2 Ave,5593,40.722103,-73.997249,40.7262807,-73.98978041,member
547564,B1B0F19FB59E301C,docked_bike,2021-02-24 15:07:21,2021-02-24 15:07:22,E 4 St & 2 Ave,5593,E 4 St & 2 Ave,5593,40.726281,-73.98978,40.726281,-73.98978,member
547567,8C6A9E2E08E1AD51,docked_bike,2021-02-20 15:03:11,2021-02-20 15:05:15,E 4 St & 2 Ave,5593,E 4 St & 2 Ave,5593,40.72628,-73.98978,40.7262807,-73.98978041,casual
547571,C8B9ADFAB7B8FE5B,docked_bike,2021-02-08 22:24:55,2021-02-08 22:59:35,E 4 St & 2 Ave,5593,E 4 St & 2 Ave,5593,40.72628,-73.98978,40.7262807,-73.98978041,casual
547573,17FB66183ECB43A7,docked_bike,2021-02-18 18:37:32,2021-02-18 19:11:57,E 4 St & 2 Ave,5593,E 4 St & 2 Ave,5593,40.726281,-73.98978,40.726281,-73.98978,member
547579,B1A32FD1589DE412,docked_bike,2021-02-10 00:37:38,2021-02-10 00:52:13,E 4 St & 2 Ave,5593,E 4 St & 2 Ave,5593,40.72628,-73.98978,40.7262807,-73.98978041,casual
547587,EED54C5EB698C5AA,docked_bike,2021-02-23 15:09:40,2021-02-23 15:10:05,E 4 St & 2 Ave,5593,E 4 St & 2 Ave,5593,40.72628,-73.98978,40.7262807,-73.98978041,member
547589,97B2253196270D9D,docked_bike,2021-02-25 17:07:57,2021-02-25 18:23:22,E 4 St & 2 Ave,5593,E 4 St & 2 Ave,5593,40.726281,-73.98978,40.726281,-73.98978,casual
547590,F02E69D86BD66782,docked_bike,2021-02-27 13:09:18,2021-02-27 13:20:02,W 25 St & 6 Ave,6215,E 4 St & 2 Ave,5593,40.743954,-73.991448,40.7262807,-73.98978041,casual
547592,8FF79BEFDB7E243D,docked_bike,2021-02-06 10:38:23,2021-02-06 10:38:31,E 4 St & 2 Ave,5593,E 4 St & 2 Ave,5593,40.726281,-73.98978,40.726281,-73.98978,member
547596,3E11A09080CD340A,docked_bike,2021-02-24 15:58:26,2021-02-24 15:58:39,E 4 St & 2 Ave,5593,E 4 St & 2 Ave,5593,40.72628,-73.98978,40.7262807,-73.98978041,member
547598,CEB5A59C2E17F7F1,docked_bike,2021-02-08 22:02:05,2021-02-08 22:02:39,E 4 St & 2 Ave,5593,E 4 St & 2 Ave,5593,40.726281,-73.98978,40.726281,-73.98978,member
547599,A65240E73D584888,docked_bike,2021-02-08 22:01:22,2021-02-08 22:01:25,E 4 St & 2 Ave,5593,E 4 St & 2 Ave,5593,40.726281,-73.98978,40.726281,-73.98978,member
547602,3DCF7951178DB083,docked_bike,2021-02-08 12:33:54,2021-02-08 13:02:50,E 4 St & 2 Ave,5593,E 4 St & 2 Ave,5593,40.72628,-73.98978,40.7262807,-73.98978041,member
547605,12FF235AD0F0052A,docked_bike,2021-02-17 21:08:36,2021-02-17 21:19:58,W 25 St & 6 Ave,6215,E 4 St & 2 Ave,5593,40.743954,-73.991448,40.7262807,-73.98978041,casual
547609,E03DA6BF191FD540,docked_bike,2021-02-27 14:09:54,2021-02-27 14:16:33,E 4 St & 2 Ave,5593,E 4 St & 2 Ave,5593,40.72628,-73.98978,40.7262807,-73.98978041,member
547611,0FA22BFA043862D2,docked_bike,2021-02-12 15:40:27,2021-02-12 15:46:25,E 4 St & 2 Ave,5593,E 4 St & 2 Ave,5593,40.72628,-73.98978,40.7262807,-73.98978041,casual
547612,2136D511796F59AE,docked_bike,2021-02-14 22:46:38,2021-02-14 22:55:11,E 4 St & 2 Ave,5593,E 4 St & 2 Ave,5593,40.72628,-73.98978,40.7262807,-73.98978041,member
547616,6F5F57BA2C4614CB,docked_bike,2021-02-25 18:12:01,2021-02-25 18:13:22,E 4 St & 2 Ave,5593,E 4 St & 2 Ave,5593,40.72628,-73.98978,40.7262807,-73.98978041,member
547617,E72E856C210B361D,docked_bike,2021-02-13 14:39:47,2021-02-13 14:47:28,E 4 St & 2 Ave,5593,E 4 St & 2 Ave,5593,40.72628,-73.98978,40.7262807,-73.98978041,member
547634,4A976FDEE7AE3374,docked_bike,2021-02-05 13:28:37,2021-02-05 13:28:56,E 4 St & 2 Ave,5593,E 4 St & 2 Ave,5593,40.72628,-73.98978,40.7262807,-73.98978041,member
547642,F88EF5978846FC7E,docked_bike,2021-02-11 23:24:41,2021-02-11 23:24:46,E 4 St & 2 Ave,5593,E 4 St & 2 Ave,5593,40.72628,-73.98978,40.7262807,-73.98978041,member
547643,4154A96787571268,docked_bike,2021-02-25 15:56:27,2021-02-25 16:16:30,E 4 St & 2 Ave,5593,E 4 St & 2 Ave,5593,40.726281,-73.98978,40.726281,-73.98978,member
547645,D3931A5E007F7E2B,docked_bike,2021-02-25 08:52:37,2021-02-25 08:52:56,E 4 St & 2 Ave,5593,E 4 St & 2 Ave,5593,40.72628,-73.98978,40.7262807,-73.98978041,casual
547649,063B09DBCE11E456,docked_bike,2021-02-26 08:49:57,2021-02-26 08:50:16,E 4 St & 2 Ave,5593,E 4 St & 2 Ave,5593,40.726281,-73.98978,40.726281,-73.98978,member
547658,9BE95F34B4E026C6,docked_bike,2021-02-14 11:13:23,2021-02-14 11:35:40,E 54 St & 1 Ave,6608,E 4 St & 2 Ave,5593,40.756265,-73.964179,40.7262807,-73.98978041,member
547671,63DBDB56667AD374,docked_bike,2021-02-23 18:34:18,2021-02-23 18:41:31,Cleveland Pl & Spring St,5492,E 4 St & 2 Ave,5593,40.722104,-73.997249,40.726281,-73.98978,member
547673,2DFD08AC3136D742,docked_bike,2021-02-21 10:53:31,2021-02-21 11:13:11,West St & Chambers St,5329,E 4 St & 2 Ave,5593,40.717548,-74.013221,40.726281,-73.98978,member
547694,BA7A264CD3F9BA35,docked_bike,2021-02-26 23:33:43,2021-02-26 23:49:18,Mott St & Prince St,5561,E 4 St & 2 Ave,5593,40.723179,-73.9948,40.7262807,-73.98978041,member
547695,EDDC1F806B69424B,docked_bike,2021-02-14 16:23:19,2021-02-14 16:37:39,West St & Chambers St,5329,E 4 St & 2 Ave,5593,40.717548,-74.01322,40.7262807,-73.98978041,member
547697,1428089FB72BE087,docked_bike,2021-02-23 13:19:15,2021-02-23 13:29:11,Cleveland Pl & Spring St,5492,E 4 St & 2 Ave,5593,40.722103,-73.997249,40.7262807,-73.98978041,casual
547709,81DAE92C1A5944B3,docked_bike,2021-02-08 20:48:15,2021-02-08 20:54:19,Cleveland Pl & Spring St,5492,E 4 St & 2 Ave,5593,40.722104,-73.997249,40.726281,-73.98978,member
547710,927C71DDA1B345B2,docked_bike,2021-02-14 11:13:01,2021-02-14 11:35:36,E 54 St & 1 Ave,6608,E 4 St & 2 Ave,5593,40.756265,-73.964179,40.7262807,-73.98978041,member
547716,EA2B28378EB3FF60,docked_bike,2021-02-25 17:36:08,2021-02-25 17:52:20,Pershing Square South,6432,E 4 St & 2 Ave,5593,40.751581,-73.97791,40.726281,-73.98978,member
547727,1DACFFFA3376B8D1,docked_bike,2021-02-23 08:35:08,2021-02-23 08:40:46,Mott St & Prince St,5561,E 4 St & 2 Ave,5593,40.723179,-73.9948,40.7262807,-73.98978041,member
547730,E5035B43B0A614A7,docked_bike,2021-02-25 13:52:38,2021-02-25 14:08:56,West St & Chambers St,5329,E 4 St & 2 Ave,5593,40.717548,-74.013221,40.726281,-73.98978,member
547731,67ED9D4AD59E8119,docked_bike,2021-02-24 15:44:35,2021-02-24 16:01:30,West St & Chambers St,5329,E 4 St & 2 Ave,5593,40.717548,-74.013221,40.726281,-73.98978,member
547739,CA7FE8D9598870A0,docked_bike,2021-02-14 18:15:36,2021-02-14 18:36:04,West St & Chambers St,5329,E 4 St & 2 Ave,5593,40.717548,-74.01322,40.7262807,-73.98978041,casual
547742,0E3D09B4B66EA38D,docked_bike,2021-02-14 12:05:44,2021-02-14 12:10:22,Cleveland Pl & Spring St,5492,E 4 St & 2 Ave,5593,40.722104,-73.997249,40.726281,-73.98978,member
547746,3AD45CB26E38D8A7,docked_bike,2021-02-22 20:53:28,2021-02-22 21:11:53,West St & Chambers St,5329,E 4 St & 2 Ave,5593,40.717548,-74.01322,40.7262807,-73.98978041,member
547750,C4AF95D46048C4ED,docked_bike,2021-02-13 19:59:46,2021-02-13 20:09:24,Cleveland Pl & Spring St,5492,E 4 St & 2 Ave,5593,40.722103,-73.997249,40.7262807,-73.98978041,member
547760,680C0E971F39D1FC,docked_bike,2021-02-25 10:20:43,2021-02-25 10:47:01,Smith St & 3 St,4151,E 4 St & 2 Ave,5593,40.678724,-73.99599,40.7262807,-73.98978041,casual
547761,CE57E8BE0AB360E1,docked_bike,2021-02-24 17:57:05,2021-02-24 18:06:23,Bialystoker Pl & Delancey St,5335,E 4 St & 2 Ave,5593,40.716226,-73.982612,40.726281,-73.98978,member
547762,1BA6E48496C8DC92,docked_bike,2021-02-26 18:26:47,2021-02-26 18:34:09,Bialystoker Pl & Delancey St,5335,E 4 St & 2 Ave,5593,40.716226,-73.982612,40.726281,-73.98978,member
547763,06702CEEA57C0013,docked_bike,2021-02-08 17:43:38,2021-02-08 17:52:40,Bialystoker Pl & Delancey St,5335,E 4 St & 2 Ave,5593,40.716226,-73.982612,40.726281,-73.98978,member
547764,AF0D76F9335F075F,docked_bike,2021-02-16 18:16:11,2021-02-16 18:24:29,Bialystoker Pl & Delancey St,5335,E 4 St & 2 Ave,5593,40.716226,-73.982612,40.726281,-73.98978,member
547765,2C926869811AD4C7,docked_bike,2021-02-17 18:19:03,2021-02-17 18:29:15,Bialystoker Pl & Delancey St,5335,E 4 St & 2 Ave,5593,40.716226,-73.982612,40.726281,-73.98978,member
547766,720CC43034BC248B,docked_bike,2021-02-25 18:38:52,2021-02-25 18:48:28,Bialystoker Pl & Delancey St,5335,E 4 St & 2 Ave,5593,40.716226,-73.982612,40.726281,-73.98978,member
547772,ADBF3531DAC7B0E8,docked_bike,2021-02-24 22:20:46,2021-02-24 22:31:29,6 Ave & W 34 St,6364,E 4 St & 2 Ave,5593,40.74964,-73.98805,40.7262807,-73.98978041,member
547773,6818A2DB1CCC49F7,docked_bike,2021-02-23 14:26:38,2021-02-23 14:39:18,Bialystoker Pl & Delancey St,5335,E 4 St & 2 Ave,5593,40.716226,-73.982612,40.7262807,-73.98978041,member
547783,1CAAF07FAD51209B,docked_bike,2021-02-12 16:30:24,2021-02-12 16:33:47,Mott St & Prince St,5561,E 4 St & 2 Ave,5593,40.723179,-73.9948,40.7262807,-73.98978041,member
547784,2A71B52026B2512B,docked_bike,2021-02-23 14:21:43,2021-02-23 14:27:58,E 4 St & 2 Ave,5593,E 4 St & 2 Ave,5593,40.72628,-73.98978,40.7262807,-73.98978041,casual
547785,0B67523B198F4C37,docked_bike,2021-02-16 12:59:10,2021-02-16 13:14:47,E 4 St & 2 Ave,5593,E 4 St & 2 Ave,5593,40.72628,-73.98978,40.7262807,-73.98978041,casual
547793,E90B1BB6F9E912DB,docked_bike,2021-02-26 13:52:07,2021-02-26 14:14:22,E 4 St & 2 Ave,5593,E 4 St & 2 Ave,5593,40.726281,-73.98978,40.726281,-73.98978,member
547794,99DEB570E8C4D943,docked_bike,2021-02-23 13:50:51,2021-02-23 14:15:37,E 4 St & 2 Ave,5593,E 4 St & 2 Ave,5593,40.726281,-73.98978,40.726281,-73.98978,member
547797,896635FD1B5CA1E2,docked_bike,2021-02-05 13:29:56,2021-02-05 13:51:21,E 4 St & 2 Ave,5593,6 Ave & W 33 St,6364,40.72628,-73.98978,40.74901271,-73.98848395,member
547800,7F92B5B75B6722A9,docked_bike,2021-02-21 19:51:13,2021-02-21 19:58:14,E 4 St & 2 Ave,5593,E 4 St & 2 Ave,5593,40.72628,-73.98978,40.7262807,-73.98978041,member
547804,D49A6125EA464645,docked_bike,2021-02-20 18:05:57,2021-02-20 18:27:54,E 91 St & 2 Ave,7286,E 4 St & 2 Ave,5593,40.781122,-73.949655,40.7262807,-73.98978041,member
547806,D796B858C832560D,docked_bike,2021-02-16 14:30:45,2021-02-16 14:55:19,E 4 St & 2 Ave,5593,E 4 St & 2 Ave,5593,40.726281,-73.98978,40.726281,-73.98978,member
547807,EC1359F1424AE01E,docked_bike,2021-02-04 16:29:20,2021-02-04 17:03:27,E 4 St & 2 Ave,5593,E 4 St & 2 Ave,5593,40.726281,-73.98978,40.726281,-73.98978,member
547809,E2636C8BF1DA769B,docked_bike,2021-02-21 17:35:52,2021-02-21 17:38:54,E 4 St & 2 Ave,5593,E 4 St & 2 Ave,5593,40.72628,-73.98978,40.7262807,-73.98978041,member
547821,D5FA8D33CDE6DB36,docked_bike,2021-02-21 15:39:45,2021-02-21 15:53:19,Mott St & Prince St,5561,E 4 St & 2 Ave,5593,40.723179,-73.9948,40.7262807,-73.98978041,member
547822,1EDD7FF6E10E182A,docked_bike,2021-02-07 11:16:06,2021-02-07 11:23:18,Bialystoker Pl & Delancey St,5335,E 4 St & 2 Ave,5593,40.716226,-73.982612,40.7262807,-73.98978041,member
547827,AFF9545C8C3D39BB,docked_bike,2021-02-17 14:40:15,2021-02-17 15:05:17,Cleveland Pl & Spring St,5492,E 4 St & 2 Ave,5593,40.722103,-73.997249,40.7262807,-73.98978041,member
547829,3688B5BFBFAB705E,docked_bike,2021-02-24 20:35:03,2021-02-24 20:44:04,E 25 St & 2 Ave,6046,E 4 St & 2 Ave,5593,40.739126,-73.979737,40.7262807,-73.98978041,member
547830,70133956CDC3AEF3,docked_bike,2021-02-20 09:06:39,2021-02-20 09:14:31,E 25 St & 2 Ave,6046,E 4 St & 2 Ave,5593,40.739126,-73.979737,40.7262807,-73.98978041,member
547832,173BC6DA9D1ED6E7,docked_bike,2021-02-08 18:24:39,2021-02-08 18:27:49,4 Ave & E 12 St,5788,E 4 St & 2 Ave,5593,40.732647,-73.99011,40.726281,-73.98978,member
547837,FF30FF4BB62078D5,docked_bike,2021-02-05 17:23:00,2021-02-05 17:41:17,E 47 St & 1 Ave,6498,E 4 St & 2 Ave,5593,40.752069,-73.967844,40.726281,-73.98978,member
547839,3B68EB3DE82CA024,docked_bike,2021-02-25 19:03:47,2021-02-25 19:07:07,4 Ave & E 12 St,5788,E 4 St & 2 Ave,5593,40.732647,-73.99011,40.7262807,-73.98978041,member
547849,FFFEAF7BA83AE175,docked_bike,2021-02-20 19:09:43,2021-02-20 19:15:14,4 Ave & E 12 St,5788,E 4 St & 2 Ave,5593,40.732647,-73.99011,40.7262807,-73.98978041,member
547850,6AB6549154F4258E,docked_bike,2021-02-23 19:55:26,2021-02-23 20:02:56,E 25 St & 2 Ave,6046,E 4 St & 2 Ave,5593,40.739126,-73.979738,40.726281,-73.98978,member
547851,53622834F87C44F3,docked_bike,2021-02-12 18:56:59,2021-02-12 18:59:32,4 Ave & E 12 St,5788,E 4 St & 2 Ave,5593,40.732647,-73.99011,40.7262807,-73.98978041,member
547852,F0B3541B085C89EF,docked_bike,2021-02-26 17:52:54,2021-02-26 17:58:14,4 Ave & E 12 St,5788,E 4 St & 2 Ave,5593,40.732647,-73.99011,40.726281,-73.98978,member
547853,7425A74C214B8FA2,docked_bike,2021-02-06 16:28:47,2021-02-06 16:41:36,4 Ave & E 12 St,5788,E 4 St & 2 Ave,5593,40.732647,-73.99011,40.726281,-73.98978,member
547859,001770227CD361D4,docked_bike,2021-02-16 15:47:43,2021-02-16 16:05:29,E 47 St & 1 Ave,6498,E 4 St & 2 Ave,5593,40.752068,-73.967843,40.7262807,-73.98978041,member
547861,C6EDA97665FCCD3F,docked_bike,2021-02-19 14:44:27,2021-02-19 14:53:28,E 25 St & 2 Ave,6046,E 4 St & 2 Ave,5593,40.739126,-73.979737,40.7262807,-73.98978041,member
547862,7C76568567607213,docked_bike,2021-02-27 12:20:20,2021-02-27 12:33:07,Forsyth St & Canal St,5270,E 4 St & 2 Ave,5593,40.715815,-73.994223,40.7262807,-73.98978041,member
547865,6044FEA439500FBA,docked_bike,2021-02-15 14:08:27,2021-02-15 14:21:43,4 Ave & E 12 St,5788,E 4 St & 2 Ave,5593,40.732647,-73.99011,40.7262807,-73.98978041,casual
547866,92FA26D20C888A65,docked_bike,2021-02-16 13:29:40,2021-02-16 13:37:56,4 Ave & E 12 St,5788,E 4 St & 2 Ave,5593,40.732647,-73.99011,40.7262807,-73.98978041,member
547868,32D9BF63FE5947BE,docked_bike,2021-02-22 18:55:35,2021-02-22 18:58:55,4 Ave & E 12 St,5788,E 4 St & 2 Ave,5593,40.732647,-73.99011,40.7262807,-73.98978041,member
547869,90FEE8387803D3FD,docked_bike,2021-02-11 13:33:02,2021-02-11 13:42:36,E 25 St & 2 Ave,6046,E 4 St & 2 Ave,5593,40.739126,-73.979737,40.7262807,-73.98978041,member
547871,F6279FB0265FCF04,docked_bike,2021-02-25 16:24:47,2021-02-25 16:33:59,E 25 St & 2 Ave,6046,E 4 St & 2 Ave,5593,40.739126,-73.979737,40.7262807,-73.98978041,casual
547872,950A46A6492AD2EA,docked_bike,2021-02-15 20:43:57,2021-02-15 20:51:25,Forsyth St & Canal St,5270,E 4 St & 2 Ave,5593,40.715815,-73.994223,40.7262807,-73.98978041,casual
547874,B25C22CFC7CE5BC9,docked_bike,2021-02-06 12:20:49,2021-02-06 12:29:37,E 25 St & 2 Ave,6046,E 4 St & 2 Ave,5593,40.739126,-73.979737,40.7262807,-73.98978041,member
547880,A015B234FC38B08F,docked_bike,2021-02-16 18:46:09,2021-02-16 18:52:57,E 25 St & 2 Ave,6046,E 4 St & 2 Ave,5593,40.739126,-73.979737,40.7262807,-73.98978041,member
547882,3A5BD3043C78CEC6,docked_bike,2021-02-05 16:47:17,2021-02-05 16:53:52,4 Ave & E 12 St,5788,E 4 St & 2 Ave,5593,40.732647,-73.99011,40.726281,-73.98978,member
547883,460C2BE05F502BBA,docked_bike,2021-02-25 16:22:53,2021-02-25 16:36:44,Pershing Square South,6432,E 4 St & 2 Ave,5593,40.751581,-73.97791,40.7262807,-73.98978041,member
547889,C3766F89009220E5,docked_bike,2021-02-18 19:18:29,2021-02-18 19:21:44,4 Ave & E 12 St,5788,E 4 St & 2 Ave,5593,40.732647,-73.99011,40.7262807,-73.98978041,member
547890,CCF1690B0B40A187,docked_bike,2021-02-24 19:36:26,2021-02-24 19:40:13,4 Ave & E 12 St,5788,E 4 St & 2 Ave,5593,40.732647,-73.99011,40.7262807,-73.98978041,member
547891,3063E82BC609C3C9,docked_bike,2021-02-10 17:44:35,2021-02-10 17:48:12,4 Ave & E 12 St,5788,E 4 St & 2 Ave,5593,40.732647,-73.99011,40.7262807,-73.98978041,member
547902,4E5CA9CF3239A0B1,docked_bike,2021-02-16 14:45:29,2021-02-16 14:49:05,4 Ave & E 12 St,5788,E 4 St & 2 Ave,5593,40.732647,-73.99011,40.7262807,-73.98978041,member
547911,1E23A5EDD55D006F,docked_bike,2021-02-28 08:59:57,2021-02-28 09:06:32,E 25 St & 2 Ave,6046,E 4 St & 2 Ave,5593,40.739126,-73.979738,40.726281,-73.98978,member
547925,A02E5BCB4DAAC1A9,docked_bike,2021-02-16 18:45:35,2021-02-16 18:53:01,Forsyth St & Canal St,5270,E 4 St & 2 Ave,5593,40.715815,-73.994223,40.7262807,-73.98978041,casual
547928,F426E36019DDF8B3,docked_bike,2021-02-28 16:01:58,2021-02-28 16:09:54,E 25 St & 2 Ave,6046,E 4 St & 2 Ave,5593,40.739126,-73.979737,40.7262807,-73.98978041,member
547933,24BC02BF05A97CE1,docked_bike,2021-02-06 08:55:04,2021-02-06 08:59:50,4 Ave & E 12 St,5788,E 4 St & 2 Ave,5593,40.732647,-73.99011,40.7262807,-73.98978041,casual
547934,352B13B817280782,docked_bike,2021-02-17 19:13:40,2021-02-17 19:19:39,Forsyth St & Canal St,5270,E 4 St & 2 Ave,5593,40.715815,-73.994223,40.7262807,-73.98978041,casual
547939,4AD4AA8F8D9B1616,docked_bike,2021-02-22 17:49:54,2021-02-22 18:07:57,E 47 St & 1 Ave,6498,E 4 St & 2 Ave,5593,40.752068,-73.967843,40.7262807,-73.98978041,member
547947,B4BE86727DB22AC9,docked_bike,2021-02-23 18:27:02,2021-02-23 18:29:40,4 Ave & E 12 St,5788,E 4 St & 2 Ave,5593,40.732647,-73.99011,40.7262807,-73.98978041,member
547948,C008904B6158A976,docked_bike,2021-02-11 19:00:49,2021-02-11 19:04:00,4 Ave & E 12 St,5788,E 4 St & 2 Ave,5593,40.732647,-73.99011,40.7262807,-73.98978041,member
547951,A67B7D0E421BEA76,docked_bike,2021-02-26 20:31:53,2021-02-26 20:37:14,4 Ave & E 12 St,5788,E 4 St & 2 Ave,5593,40.732647,-73.99011,40.726281,-73.98978,member
547952,2FB7FCC1E522F25C,docked_bike,2021-02-17 14:52:35,2021-02-17 15:00:20,E 25 St & 2 Ave,6046,E 4 St & 2 Ave,5593,40.739126,-73.979737,40.7262807,-73.98978041,member
547953,C61A0C4D2B71A7BA,docked_bike,2021-02-24 15:47:25,2021-02-24 15:53:59,E 25 St & 2 Ave,6046,E 4 St & 2 Ave,5593,40.739126,-73.979738,40.726281,-73.98978,member
547960,D98480C84185EA74,docked_bike,2021-02-07 20:51:54,2021-02-07 20:59:01,E 23 St & 1 Ave,5929,E 4 St & 2 Ave,5593,40.736502,-73.978094,40.7262807,-73.98978041,casual
547961,E3D63B6EBA6EA10A,docked_bike,2021-02-16 11:12:22,2021-02-16 11:31:53,E 58 St &  1 Ave (NW Corner),6723,E 4 St & 2 Ave,5593,40.759125,-73.962658,40.7262807,-73.98978041,casual
547962,BA6D9AEED0639755,docked_bike,2021-02-15 09:14:22,2021-02-15 09:22:59,E 23 St & 1 Ave,5929,E 4 St & 2 Ave,5593,40.736502,-73.978094,40.7262807,-73.98978041,member
547971,5F7FE7009DDD7C69,docked_bike,2021-02-28 10:32:40,2021-02-28 10:41:02,W Broadway & Spring St,5569,E 4 St & 2 Ave,5593,40.724947,-74.001659,40.726281,-73.98978,member
547973,EA746EC9825DB09B,docked_bike,2021-02-17 13:59:57,2021-02-17 14:06:53,W Broadway & Spring St,5569,E 4 St & 2 Ave,5593,40.724946,-74.001658,40.7262807,-73.98978041,member
547976,A041DBAAD5B09196,docked_bike,2021-02-24 18:52:36,2021-02-24 19:00:40,E 6 St & Avenue D,5506,E 4 St & 2 Ave,5593,40.722281,-73.976687,40.726281,-73.98978,member
547985,7691DF2FCF4317D9,docked_bike,2021-02-15 19:57:57,2021-02-15 20:04:57,E 25 St & 2 Ave,6046,E 4 St & 2 Ave,5593,40.739126,-73.979737,40.7262807,-73.98978041,member
547987,3A0366B4361F649F,docked_bike,2021-02-21 15:04:46,2021-02-21 15:14:18,E 25 St & 2 Ave,6046,E 4 St & 2 Ave,5593,40.739126,-73.979737,40.7262807,-73.98978041,member
547988,992FA5360E0C6FD3,docked_bike,2021-02-11 21:33:57,2021-02-11 21:41:48,E 25 St & 2 Ave,6046,E 4 St & 2 Ave,5593,40.739126,-73.979737,40.7262807,-73.98978041,member
547989,B6BE4C13D89A0DF7,docked_bike,2021-02-24 15:48:22,2021-02-24 16:04:30,E 47 St & 1 Ave,6498,E 4 St & 2 Ave,5593,40.752068,-73.967843,40.7262807,-73.98978041,member
547991,C57BB5A47D3F606C,docked_bike,2021-02-27 14:08:23,2021-02-27 14:29:49,3 Ave & E 71 St,6960,E 4 St & 2 Ave,5593,40.768736,-73.961199,40.7262807,-73.98978041,member
547994,EFCB70E211AA81C4,docked_bike,2021-02-26 19:51:35,2021-02-26 20:06:12,9 Ave & W 18 St,6190,E 4 St & 2 Ave,5593,40.743174,-74.003664,40.7262807,-73.98978041,member
547995,13F35A4204A983C3,docked_bike,2021-02-06 02:02:06,2021-02-06 02:21:59,9 Ave & W 18 St,6190,E 4 St & 2 Ave,5593,40.743174,-74.003664,40.726281,-73.98978,member
547996,A5D78CB7A9107143,docked_bike,2021-02-25 18:35:08,2021-02-25 18:50:50,9 Ave & W 18 St,6190,E 4 St & 2 Ave,5593,40.743174,-74.003664,40.7262807,-73.98978041,member
547997,C2761584E92E33A3,docked_bike,2021-02-12 18:51:08,2021-02-12 19:06:57,9 Ave & W 18 St,6190,E 4 St & 2 Ave,5593,40.743174,-74.003664,40.7262807,-73.98978041,member
548002,1D6E6772CE1B782B,docked_bike,2021-02-24 17:43:18,2021-02-24 17:49:33,E 23 St & 1 Ave,5929,E 4 St & 2 Ave,5593,40.736502,-73.978094,40.7262807,-73.98978041,member
548004,A805123BC3B1A6D8,docked_bike,2021-02-21 13:01:49,2021-02-21 13:13:51,E 23 St & 1 Ave,5929,E 4 St & 2 Ave,5593,40.736502,-73.978094,40.7262807,-73.98978041,casual
548009,DE87DED76FE3DCF6,docked_bike,2021-02-26 20:45:58,2021-02-26 20:54:59,E 23 St & 1 Ave,5929,E 4 St & 2 Ave,5593,40.736502,-73.978094,40.7262807,-73.98978041,member
548011,747E5832B6687E12,docked_bike,2021-02-09 17:37:38,2021-02-09 18:01:50,E 58 St &  1 Ave (NW Corner),6723,E 4 St & 2 Ave,5593,40.759125,-73.962658,40.7262807,-73.98978041,member
548014,0425D85254B22A1C,docked_bike,2021-02-11 20:06:52,2021-02-11 20:29:25,DeKalb Ave & S Portland Ave,4546,E 4 St & 2 Ave,5593,40.68981,-73.974931,40.7262807,-73.98978041,member
548021,D1305DF1D9C4D3BE,docked_bike,2021-02-17 20:17:00,2021-02-17 20:22:54,E 23 St & 1 Ave,5929,E 4 St & 2 Ave,5593,40.736502,-73.978095,40.726281,-73.98978,member
548028,7742E5DA33A428A7,docked_bike,2021-02-06 16:19:07,2021-02-06 16:54:50,37 Ave & 35 St,6529,E 4 St & 2 Ave,5593,40.75311,-73.927991,40.7262807,-73.98978041,member
548029,F7A2402A2A474FAA,docked_bike,2021-02-04 10:42:21,2021-02-04 10:49:21,W Broadway & Spring St,5569,E 4 St & 2 Ave,5593,40.724947,-74.001659,40.726281,-73.98978,member
548036,F9CDCCA12DD8AF38,docked_bike,2021-02-05 23:40:01,2021-02-05 23:50:45,E 23 St & 1 Ave,5929,E 4 St & 2 Ave,5593,40.736502,-73.978095,40.726281,-73.98978,member
548038,C20B09FF6D76CFD6,docked_bike,2021-02-23 14:00:05,2021-02-23 14:05:08,4 Ave & E 12 St,5788,E 4 St & 2 Ave,5593,40.732647,-73.99011,40.7262807,-73.98978041,member
548041,3B13D28A9B0B82A7,docked_bike,2021-02-26 18:23:44,2021-02-26 18:34:01,E 25 St & 2 Ave,6046,E 4 St & 2 Ave,5593,40.739126,-73.979737,40.7262807,-73.98978041,member
548046,FE8762BADF2A6CBA,docked_bike,2021-02-25 12:13:04,2021-02-25 12:41:57,E 58 St &  1 Ave (NW Corner),6723,E 4 St & 2 Ave,5593,40.759125,-73.962658,40.7262807,-73.98978041,member
548053,2979B5C51A9FCC05,docked_bike,2021-02-11 18:58:02,2021-02-11 19:20:25,E 58 St &  1 Ave (NW Corner),6723,E 4 St & 2 Ave,5593,40.759125,-73.962658,40.7262807,-73.98978041,casual
548057,B9E68F675D5EC99B,docked_bike,2021-02-20 20:44:15,2021-02-20 21:08:08,E 15 St & 3 Ave,5863,E 4 St & 2 Ave,5593,40.734232,-73.986923,40.7262807,-73.98978041,member
548059,0848B550EEEECBC7,docked_bike,2021-02-12 15:05:55,2021-02-12 15:10:16,E 15 St & 3 Ave,5863,E 4 St & 2 Ave,5593,40.734232,-73.986923,40.726281,-73.98978,member
548070,ED62339BA27B8A57,docked_bike,2021-02-25 23:42:27,2021-02-25 23:47:13,Thompson St & Bleecker St,5721,E 4 St & 2 Ave,5593,40.7284,-73.999687,40.7262807,-73.98978041,member
548076,8A398B2C13C6ABEB,docked_bike,2021-02-17 17:45:21,2021-02-17 17:51:15,Forsyth St & Canal St,5270,E 4 St & 2 Ave,5593,40.715815,-73.994223,40.7262807,-73.98978041,member
548078,B7104ADF35AA4272,docked_bike,2021-02-24 09:56:44,2021-02-24 10:06:37,E 25 St & 2 Ave,6046,E 4 St & 2 Ave,5593,40.739126,-73.979738,40.726281,-73.98978,member
548087,7D89980D552D3CC6,docked_bike,2021-02-09 17:49:28,2021-02-09 17:56:44,4 Ave & E 12 St,5788,E 4 St & 2 Ave,5593,40.732647,-73.99011,40.726281,-73.98978,member
548092,BED8BA5A9CF03ED7,docked_bike,2021-02-17 19:52:44,2021-02-17 19:59:56,E 23 St & 1 Ave,5929,E 4 St & 2 Ave,5593,40.736502,-73.978095,40.726281,-73.98978,member
548094,20969456571A13FB,docked_bike,2021-02-10 21:11:47,2021-02-10 21:15:46,W Broadway & Spring St,5569,E 4 St & 2 Ave,5593,40.724946,-74.001658,40.7262807,-73.98978041,member
548096,E19FDD25B80A6BC4,docked_bike,2021-02-12 19:58:16,2021-02-12 20:03:14,E 15 St & 3 Ave,5863,E 4 St & 2 Ave,5593,40.734232,-73.986923,40.726281,-73.98978,member
548098,B5F01F64F811837F,docked_bike,2021-02-23 15:23:56,2021-02-23 15:29:01,E 15 St & 3 Ave,5863,E 4 St & 2 Ave,5593,40.734232,-73.986923,40.726281,-73.98978,member
548106,53F89193FAF67758,docked_bike,2021-02-12 17:53:33,2021-02-12 17:59:58,Thompson St & Bleecker St,5721,E 4 St & 2 Ave,5593,40.7284,-73.999687,40.7262807,-73.98978041,casual
548112,D6CA4F187BA76130,docked_bike,2021-02-12 23:29:21,2021-02-12 23:33:49,Thompson St & Bleecker St,5721,E 4 St & 2 Ave,5593,40.7284,-73.999687,40.7262807,-73.98978041,member
548113,EEF40D5598A19EE1,docked_bike,2021-02-20 14:31:06,2021-02-20 14:37:15,E 17 St & Broadway,5980,E 4 St & 2 Ave,5593,40.737049,-73.990092,40.7262807,-73.98978041,member
548116,38B52094668290B4,docked_bike,2021-02-23 15:00:50,2021-02-23 15:08:09,E 15 St & 3 Ave,5863,E 4 St & 2 Ave,5593,40.734232,-73.986923,40.7262807,-73.98978041,member
548119,AC80431D1DC418DB,docked_bike,2021-02-16 17:59:08,2021-02-16 18:06:39,E 17 St & Broadway,5980,E 4 St & 2 Ave,5593,40.737049,-73.990092,40.7262807,-73.98978041,member
548128,5A79B0964862D6C2,docked_bike,2021-02-06 10:26:10,2021-02-06 10:32:04,E 15 St & 3 Ave,5863,E 4 St & 2 Ave,5593,40.734232,-73.986923,40.7262807,-73.98978041,member
548143,83A7511058BBF2FF,docked_bike,2021-02-04 20:06:20,2021-02-04 20:48:48,Thompson St & Bleecker St,5721,E 4 St & 2 Ave,5593,40.728401,-73.999688,40.726281,-73.98978,member
548153,DC763D4EF550A30B,docked_bike,2021-02-25 11:11:18,2021-02-25 11:16:52,E 17 St & Broadway,5980,E 4 St & 2 Ave,5593,40.73705,-73.990093,40.726281,-73.98978,member
548154,D02023F4A6E705D8,docked_bike,2021-02-05 19:42:08,2021-02-05 20:23:06,Thompson St & Bleecker St,5721,E 4 St & 2 Ave,5593,40.7284,-73.999687,40.7262807,-73.98978041,member
548159,70EA3D8BC622C41D,docked_bike,2021-02-13 13:00:22,2021-02-13 13:09:26,E 17 St & Broadway,5980,E 4 St & 2 Ave,5593,40.737049,-73.990092,40.7262807,-73.98978041,casual
548163,0CA3491088D7B52B,docked_bike,2021-02-06 16:39:26,2021-02-06 16:48:46,E 17 St & Broadway,5980,E 4 St & 2 Ave,5593,40.737049,-73.990092,40.7262807,-73.98978041,member
548170,8274FD2E8FA8E1D4,docked_bike,2021-02-28 19:20:23,2021-02-28 19:29:22,E 17 St & Broadway,5980,E 4 St & 2 Ave,5593,40.737049,-73.990092,40.7262807,-73.98978041,member
548172,62BF7F00BF548604,docked_bike,2021-02-20 15:33:53,2021-02-20 15:38:44,E 15 St & 3 Ave,5863,E 4 St & 2 Ave,5593,40.734232,-73.986923,40.7262807,-73.98978041,member
548175,6A6B9400F886A34A,docked_bike,2021-02-15 15:45:21,2021-02-15 15:51:04,E 17 St & Broadway,5980,E 4 St & 2 Ave,5593,40.737049,-73.990092,40.7262807,-73.98978041,member
548176,5D06E81BFF0D4A16,docked_bike,2021-02-13 13:00:31,2021-02-13 13:08:20,E 17 St & Broadway,5980,E 4 St & 2 Ave,5593,40.737049,-73.990092,40.7262807,-73.98978041,casual
548177,5FD54BF63BEC89E6,docked_bike,2021-02-06 19:14:58,2021-02-06 19:22:57,E 17 St & Broadway,5980,E 4 St & 2 Ave,5593,40.73705,-73.990093,40.726281,-73.98978,member
548180,9C9C6D5F2D267D1D,docked_bike,2021-02-16 13:10:29,2021-02-16 13:19:17,E 17 St & Broadway,5980,E 4 St & 2 Ave,5593,40.73705,-73.990093,40.726281,-73.98978,member
548184,2C28F0D75FFF01F2,docked_bike,2021-02-17 14:41:41,2021-02-17 14:50:56,E 17 St & Broadway,5980,E 4 St & 2 Ave,5593,40.737049,-73.990092,40.7262807,-73.98978041,member
548186,03CF57C6ED81F294,docked_bike,2021-02-13 17:34:39,2021-02-13 17:41:16,E 15 St & 3 Ave,5863,E 4 St & 2 Ave,5593,40.734232,-73.986923,40.7262807,-73.98978041,member
548188,34700F2C291CDB66,docked_bike,2021-02-11 12:59:10,2021-02-11 13:06:34,E 17 St & Broadway,5980,E 4 St & 2 Ave,5593,40.737049,-73.990092,40.7262807,-73.98978041,member
548189,EA9B4D2A0D3711EC,docked_bike,2021-02-28 17:49:29,2021-02-28 17:59:18,Thompson St & Bleecker St,5721,E 4 St & 2 Ave,5593,40.7284,-73.999687,40.7262807,-73.98978041,member
548190,EADC0AAA021ABE4E,docked_bike,2021-02-26 20:58:44,2021-02-26 21:03:13,Thompson St & Bleecker St,5721,E 4 St & 2 Ave,5593,40.7284,-73.999687,40.7262807,-73.98978041,member
548204,407AECF59E6BB315,docked_bike,2021-02-23 17:33:37,2021-02-23 17:40:25,Bialystoker Pl & Delancey St,5335,E 4 St & 2 Ave,5593,40.716226,-73.982612,40.726281,-73.98978,member
548223,CBDB504E18EB3FC6,docked_bike,2021-02-19 17:51:27,2021-02-19 17:56:23,E 15 St & 3 Ave,5863,E 4 St & 2 Ave,5593,40.734232,-73.986923,40.726281,-73.98978,member
548240,8EAF4E1B9B39FBF3,docked_bike,2021-02-22 17:22:19,2021-02-22 17:26:47,E 15 St & 3 Ave,5863,E 4 St & 2 Ave,5593,40.734232,-73.986923,40.7262807,-73.98978041,member
548243,08DA1A11C80C1824,docked_bike,2021-02-23 22:36:05,2021-02-23 22:41:19,E 15 St & 3 Ave,5863,E 4 St & 2 Ave,5593,40.734232,-73.986923,40.7262807,-73.98978041,member
548245,0C9AACAFA8126764,docked_bike,2021-02-21 18:00:50,2021-02-21 18:05:33,E 15 St & 3 Ave,5863,E 4 St & 2 Ave,5593,40.734232,-73.986923,40.7262807,-73.98978041,casual
548249,64A4DBE780ED0A3E,docked_bike,2021-02-28 01:05:16,2021-02-28 01:15:59,Gansevoort St & Hudson St,6072,E 4 St & 2 Ave,5593,40.739448,-74.00507,40.7262807,-73.98978041,member
548267,FD42DA625D263270,docked_bike,2021-02-28 01:05:13,2021-02-28 01:16:03,Gansevoort St & Hudson St,6072,E 4 St & 2 Ave,5593,40.739448,-74.00507,40.7262807,-73.98978041,casual
548274,94CAD8FF26CC0C48,docked_bike,2021-02-26 19:53:11,2021-02-26 20:10:18,Hope St & Union Ave,5187,E 4 St & 2 Ave,5593,40.711673,-73.951413,40.7262807,-73.98978041,casual
548327,0DF7CD35B5450F60,docked_bike,2021-02-13 11:49:22,2021-02-13 12:18:51,DeKalb Ave & Hudson Ave,4513,E 4 St & 2 Ave,5593,40.689888,-73.981013,40.7262807,-73.98978041,member
548337,25DB11D3B46AEEDA,docked_bike,2021-02-25 14:03:35,2021-02-25 14:11:58,E 17 St & Broadway,5980,E 4 St & 2 Ave,5593,40.737049,-73.990092,40.7262807,-73.98978041,casual
548387,E997C435FD8A2AE7,docked_bike,2021-02-23 12:47:59,2021-02-23 12:53:23,W Broadway & Spring St,5569,E 4 St & 2 Ave,5593,40.724946,-74.001658,40.7262807,-73.98978041,member
548395,297ED34283A8F336,docked_bike,2021-02-04 09:39:58,2021-02-04 09:53:04,E 23 St & 1 Ave,5929,E 4 St & 2 Ave,5593,40.736502,-73.978095,40.726281,-73.98978,member
548418,8CA58412AF9116DF,docked_bike,2021-02-17 19:52:37,2021-02-17 19:59:50,E 23 St & 1 Ave,5929,E 4 St & 2 Ave,5593,40.736502,-73.978094,40.7262807,-73.98978041,member
548420,8DDBABD64FEFBEF5,docked_bike,2021-02-17 08:07:21,2021-02-17 08:13:49,W Broadway & Spring St,5569,E 4 St & 2 Ave,5593,40.724946,-74.001658,40.7262807,-73.98978041,casual
548421,E5ABE8F86B82650D,docked_bike,2021-02-12 18:50:06,2021-02-12 19:07:39,9 Ave & W 18 St,6190,E 4 St & 2 Ave,5593,40.743174,-74.003664,40.7262807,-73.98978041,member
548612,C08F59A219F1C121,docked_bike,2021-02-26 13:39:42,2021-02-26 13:56:42,E 47 St & Park Ave,6584,E 4 St & 2 Ave,5593,40.755102,-73.974986,40.7262807,-73.98978041,casual
549068,367568E10885289B,docked_bike,2021-02-14 12:34:45,2021-02-14 12:46:49,E 4 St & 2 Ave,5593,Henry St & Grand St,5294,40.72628,-73.98978,40.714211,-73.981095,casual
549075,EE780201FAB07EEA,docked_bike,2021-02-06 15:44:33,2021-02-06 16:01:57,E 4 St & 2 Ave,5593,West Thames St,5114,40.726281,-73.98978,40.708347,-74.017134,member
549078,3CEA5CAE19AD5537,docked_bike,2021-02-13 16:56:41,2021-02-13 17:38:15,E 4 St & 2 Ave,5593,Central Park North & Adam Clayton Powell Blvd,7617,40.72628,-73.98978,40.799484,-73.955613,member
549080,5E4B3ED2416677EF,docked_bike,2021-02-22 13:50:06,2021-02-22 14:02:31,E 4 St & 2 Ave,5593,Henry St & Grand St,5294,40.726281,-73.98978,40.714211,-73.981095,member
549083,70CA2AF75C86DBD6,docked_bike,2021-02-25 19:42:21,2021-02-25 20:02:35,E 4 St & 2 Ave,5593,Henry St & Grand St,5294,40.726281,-73.98978,40.714211,-73.981095,member
549085,62A7267B3035452C,docked_bike,2021-02-25 19:36:53,2021-02-25 19:52:30,E 4 St & 2 Ave,5593,West Thames St,5114,40.726281,-73.98978,40.708347,-74.017134,member
549088,D07C959921AF7FDA,docked_bike,2021-02-25 21:15:45,2021-02-25 21:25:57,E 4 St & 2 Ave,5593,Henry St & Grand St,5294,40.726281,-73.98978,40.714211,-73.981095,member
549094,D85520FCECD1522E,docked_bike,2021-02-15 15:45:14,2021-02-15 15:57:49,E 4 St & 2 Ave,5593,Henry St & Grand St,5294,40.72628,-73.98978,40.714211,-73.981095,member
549095,DEA38E9FD862886C,docked_bike,2021-02-05 22:08:06,2021-02-05 22:25:19,E 4 St & 2 Ave,5593,Broadway & Whipple St,4883,40.726281,-73.98978,40.701666,-73.94373,member
549553,8B061C87056D8E3F,docked_bike,2021-02-04 09:04:56,2021-02-04 09:16:58,E 4 St & 2 Ave,5593,E 27 St & 1 Ave,6004,40.72628,-73.98978,40.739445,-73.976806,casual
549559,A69FCA830A6B1E59,docked_bike,2021-02-17 17:19:08,2021-02-17 17:28:59,E 4 St & 2 Ave,5593,E 27 St & 1 Ave,6004,40.726281,-73.98978,40.739445,-73.976806,member
549575,AEE6535D56B9F558,docked_bike,2021-02-03 17:32:16,2021-02-03 17:42:17,E 4 St & 2 Ave,5593,E 27 St & 1 Ave,6004,40.726281,-73.98978,40.739445,-73.976806,member
549576,58FEFF185A72FC60,docked_bike,2021-02-13 14:31:39,2021-02-13 14:44:36,E 4 St & 2 Ave,5593,Hudson St & W 13 St,6115,40.72628,-73.98978,40.74005708567285,-74.0052741765976,member
549579,FEC39BB0D8094FA6,docked_bike,2021-02-05 10:47:31,2021-02-05 11:10:20,E 4 St & 2 Ave,5593,Myrtle Ave & St Edwards St,4659,40.72628,-73.98978,40.69327018,-73.97703874,member
549596,D5B10017712957DF,docked_bike,2021-02-25 11:55:51,2021-02-25 12:03:18,E 4 St & 2 Ave,5593,E 27 St & 1 Ave,6004,40.726281,-73.98978,40.739445,-73.976806,member
549609,AD3237F2E6BA7294,docked_bike,2021-02-18 16:22:56,2021-02-18 16:34:51,E 4 St & 2 Ave,5593,Hudson St & W 13 St,6115,40.72628,-73.98978,40.74005708567285,-74.0052741765976,member
550070,2973072797DC1C6E,docked_bike,2021-02-25 08:52:52,2021-02-25 08:57:29,E 4 St & 2 Ave,5593,MacDougal St & Washington Sq,5797,40.72628,-73.98978,40.73226398,-73.99852205,member
550071,84D8EE619A09FAC5,docked_bike,2021-02-20 14:59:45,2021-02-20 15:06:34,E 4 St & 2 Ave,5593,MacDougal St & Washington Sq,5797,40.72628,-73.98978,40.73226398,-73.99852205,member
550075,7BAE79E29B8D25A4,docked_bike,2021-02-10 08:03:14,2021-02-10 08:12:21,E 4 St & 2 Ave,5593,Maiden Ln & Pearl St,5065,40.726281,-73.98978,40.707065,-74.007319,member
550082,2F8DD0EA7957C663,docked_bike,2021-02-21 10:41:14,2021-02-21 10:59:21,E 4 St & 2 Ave,5593,Lexington Ave & E 36 St,6313,40.72628,-73.98978,40.7475739589548,-73.9788007736206,member
550083,7FF1E584E437F6A0,docked_bike,2021-02-27 16:25:49,2021-02-27 16:52:25,E 4 St & 2 Ave,5593,Greene Ave & Grandview Ave,5106,40.72628,-73.98978,40.709697,-73.907856,member
550098,C1CE0FA653CEE2B8,docked_bike,2021-02-23 17:26:20,2021-02-23 17:37:33,E 4 St & 2 Ave,5593,Lexington Ave & E 36 St,6313,40.726281,-73.98978,40.747574,-73.978801,member
550104,373561986EA54CC7,docked_bike,2021-02-16 18:09:02,2021-02-16 18:23:05,E 4 St & 2 Ave,5593,Stanton St & Norfolk St,5445,40.72628,-73.98978,40.720747,-73.986274,casual
550109,3A8FB38920CE5EB4,docked_bike,2021-02-13 14:16:10,2021-02-13 14:22:17,E 4 St & 2 Ave,5593,MacDougal St & Washington Sq,5797,40.72628,-73.98978,40.73226398,-73.99852205,member
550110,E5D874F9A497E029,docked_bike,2021-02-24 12:54:55,2021-02-24 13:00:19,E 4 St & 2 Ave,5593,MacDougal St & Washington Sq,5797,40.72628,-73.98978,40.73226398,-73.99852205,member
550111,0F55321F4DFCC2B4,docked_bike,2021-02-26 15:26:43,2021-02-26 15:48:26,E 4 St & 2 Ave,5593,Lexington Ave & E 36 St,6313,40.726281,-73.98978,40.747574,-73.978801,member
550114,50F690A4B6A3328B,docked_bike,2021-02-10 17:48:46,2021-02-10 17:55:50,E 4 St & 2 Ave,5593,MacDougal St & Washington Sq,5797,40.72628,-73.98978,40.73226398,-73.99852205,member
550120,89C146D589676025,docked_bike,2021-02-17 08:31:25,2021-02-17 08:38:23,E 4 St & 2 Ave,5593,MacDougal St & Washington Sq,5797,40.72628,-73.98978,40.73226398,-73.99852205,member
550131,A6B832B37260BFC5,docked_bike,2021-02-26 10:12:36,2021-02-26 10:16:17,E 4 St & 2 Ave,5593,Stanton St & Norfolk St,5445,40.72628,-73.98978,40.720747,-73.986274,member
550132,2A7B91CB188FEAD2,docked_bike,2021-02-16 22:56:55,2021-02-16 23:22:06,E 4 St & 2 Ave,5593,Greene Ave & Grandview Ave,5106,40.72628,-73.98978,40.709697,-73.907856,member
550134,9454C5645B8028CD,docked_bike,2021-02-27 21:34:15,2021-02-27 21:40:26,E 4 St & 2 Ave,5593,Stanton St & Norfolk St,5445,40.72628,-73.98978,40.720747,-73.986274,member
550288,9FAEDB045A4D3173,docked_bike,2021-02-14 13:14:25,2021-02-14 13:20:11,E 4 St & 2 Ave,5593,MacDougal St & Washington Sq,5797,40.72628,-73.98978,40.73226398,-73.99852205,member
550289,B21DBFE196275AB3,docked_bike,2021-02-28 12:58:22,2021-02-28 13:04:23,E 4 St & 2 Ave,5593,Stanton St & Norfolk St,5445,40.726281,-73.98978,40.720747,-73.986274,member
550312,A20AAF07F6C5DE96,docked_bike,2021-02-27 21:35:21,2021-02-27 21:40:29,E 4 St & 2 Ave,5593,Stanton St & Norfolk St,5445,40.726281,-73.98978,40.720747,-73.986274,casual
550985,04396A8459EB8022,docked_bike,2021-02-27 13:38:03,2021-02-27 13:44:31,E 4 St & 2 Ave,5593,E 12 St & Ave C,5616,40.726281,-73.98978,40.727243,-73.976831,member
551192,EF2130C350C312A0,docked_bike,2021-02-08 18:45:00,2021-02-08 18:59:27,E 4 St & 2 Ave,5593,E 12 St & Ave C,5616,40.726281,-73.98978,40.727243,-73.976831,member
551195,939EFAF1C5C49567,docked_bike,2021-02-14 15:42:06,2021-02-14 15:50:32,E 4 St & 2 Ave,5593,E 12 St & Ave C,5616,40.72628,-73.98978,40.727243,-73.976831,member
551406,653A21F56391E507,docked_bike,2021-02-12 13:02:51,2021-02-12 13:16:53,E 4 St & 2 Ave,5593,W 11 St & 6 Ave,5914,40.72628,-73.98978,40.73532427,-73.99800419,member
551437,817CF15ED7659989,docked_bike,2021-02-11 20:55:21,2021-02-11 21:25:58,E 4 St & 2 Ave,5593,Bedford Ave & Bergen St,4066,40.72628,-73.98978,40.676368,-73.952918,casual
551469,89993F8315AA68CB,docked_bike,2021-02-07 13:55:21,2021-02-07 14:03:32,E 4 St & 2 Ave,5593,W 11 St & 6 Ave,5914,40.72628,-73.98978,40.73532427,-73.99800419,member
551470,07AEF30E980A7AFA,docked_bike,2021-02-06 16:10:42,2021-02-06 16:19:35,E 4 St & 2 Ave,5593,W 11 St & 6 Ave,5914,40.72628,-73.98978,40.73532427,-73.99800419,member
551883,E163391D0FD18024,docked_bike,2021-02-19 16:56:09,2021-02-19 17:01:09,E 4 St & 2 Ave,5593,E 2 St & Avenue C,5476,40.726281,-73.98978,40.720874,-73.980858,member
551887,8C5C26E283F77870,docked_bike,2021-02-25 15:22:34,2021-02-25 15:27:10,E 4 St & 2 Ave,5593,E 2 St & Avenue C,5476,40.726281,-73.98978,40.720874,-73.980858,member
551888,307F21D8082981CB,docked_bike,2021-02-18 22:01:45,2021-02-18 22:06:10,E 4 St & 2 Ave,5593,E 2 St & Avenue C,5476,40.726281,-73.98978,40.720874,-73.980858,member
551889,768390297F59CF87,docked_bike,2021-02-12 21:53:56,2021-02-12 21:59:30,E 4 St & 2 Ave,5593,E 2 St & Avenue C,5476,40.726281,-73.98978,40.720874,-73.980858,member
551890,85CDEF03397500AB,docked_bike,2021-02-07 21:00:28,2021-02-07 21:04:13,E 4 St & 2 Ave,5593,E 2 St & Avenue C,5476,40.726281,-73.98978,40.720874,-73.980858,member
551891,6FD9BA4D710D67DA,docked_bike,2021-02-09 21:57:32,2021-02-09 22:02:08,E 4 St & 2 Ave,5593,E 2 St & Avenue C,5476,40.726281,-73.98978,40.720874,-73.980858,member
551892,665B030098B6980A,docked_bike,2021-02-06 22:22:20,2021-02-06 22:27:23,E 4 St & 2 Ave,5593,E 2 St & Avenue C,5476,40.726281,-73.98978,40.720874,-73.980858,member
551893,A5BC2ABA6959EBD2,docked_bike,2021-02-08 21:49:03,2021-02-08 21:54:07,E 4 St & 2 Ave,5593,E 2 St & Avenue C,5476,40.726281,-73.98978,40.720874,-73.980858,member
551894,E95E3CAB312DF3C9,docked_bike,2021-02-15 21:49:44,2021-02-15 21:54:30,E 4 St & 2 Ave,5593,E 2 St & Avenue C,5476,40.726281,-73.98978,40.720874,-73.980858,member
551895,0AC5BCC1227FBF29,docked_bike,2021-02-04 21:28:17,2021-02-04 21:34:09,E 4 St & 2 Ave,5593,E 2 St & Avenue C,5476,40.726281,-73.98978,40.720874,-73.980858,member
551896,E6DE3CB6A06E679A,docked_bike,2021-02-05 21:41:20,2021-02-05 21:56:30,E 4 St & 2 Ave,5593,E 2 St & Avenue C,5476,40.726281,-73.98978,40.720874,-73.980858,member
551897,98AC2A9DAAF1EAEF,docked_bike,2021-02-16 21:39:38,2021-02-16 21:44:16,E 4 St & 2 Ave,5593,E 2 St & Avenue C,5476,40.726281,-73.98978,40.720874,-73.980858,member
551898,151CD306885B51D7,docked_bike,2021-02-10 21:33:53,2021-02-10 21:45:44,E 4 St & 2 Ave,5593,E 2 St & Avenue C,5476,40.726281,-73.98978,40.720874,-73.980858,member
551899,A994B43704438382,docked_bike,2021-02-11 21:57:53,2021-02-11 22:02:40,E 4 St & 2 Ave,5593,E 2 St & Avenue C,5476,40.726281,-73.98978,40.720874,-73.980858,member
551900,C9690948A58FB4B0,docked_bike,2021-02-25 16:56:02,2021-02-25 16:59:17,E 4 St & 2 Ave,5593,E 2 St & Avenue C,5476,40.72628,-73.98978,40.7208736,-73.98085795,member
551904,CB58D0957E312C94,docked_bike,2021-02-16 11:36:31,2021-02-16 11:40:07,E 4 St & 2 Ave,5593,E 2 St & Avenue C,5476,40.726281,-73.98978,40.720874,-73.980858,member
551921,7B55D39EB47F87C4,docked_bike,2021-02-04 05:36:05,2021-02-04 05:42:04,E 4 St & 2 Ave,5593,E 2 St & Avenue C,5476,40.726281,-73.98978,40.720874,-73.980858,member
551924,FEED8D4D5EC2DBEE,docked_bike,2021-02-26 18:05:54,2021-02-26 18:10:27,E 4 St & 2 Ave,5593,E 2 St & Avenue C,5476,40.72628,-73.98978,40.7208736,-73.98085795,member
551925,6AA6E2E8A493997B,docked_bike,2021-02-28 01:53:18,2021-02-28 02:23:46,E 4 St & 2 Ave,5593,E 2 St & Avenue C,5476,40.72628,-73.98978,40.7208736,-73.98085795,member
551929,DCFE7AAB371CB34B,docked_bike,2021-02-13 15:01:34,2021-02-13 15:13:03,E 4 St & 2 Ave,5593,W 11 St & 6 Ave,5914,40.72628,-73.98978,40.73532427,-73.99800419,member
551933,8ADBE41631969A6E,docked_bike,2021-02-18 13:49:46,2021-02-18 14:00:47,E 4 St & 2 Ave,5593,W 11 St & 6 Ave,5914,40.726281,-73.98978,40.735324,-73.998004,member
551939,2A417493257720C2,docked_bike,2021-02-23 01:05:19,2021-02-23 01:09:39,E 4 St & 2 Ave,5593,E 2 St & Avenue C,5476,40.72628,-73.98978,40.7208736,-73.98085795,member
551940,B172889F4FEAD69B,docked_bike,2021-02-28 21:56:59,2021-02-28 22:01:47,E 4 St & 2 Ave,5593,E 2 St & Avenue C,5476,40.72628,-73.98978,40.7208736,-73.98085795,member
551941,73AE546DE2E993A2,docked_bike,2021-02-22 00:19:52,2021-02-22 00:25:12,E 4 St & 2 Ave,5593,E 2 St & Avenue C,5476,40.72628,-73.98978,40.7208736,-73.98085795,member
551954,534B02EA754EBE96,docked_bike,2021-02-17 21:56:24,2021-02-17 22:00:52,E 4 St & 2 Ave,5593,E 2 St & Avenue C,5476,40.726281,-73.98978,40.720874,-73.980858,member
551955,CF5DC78EA8004E7D,docked_bike,2021-02-21 00:13:08,2021-02-21 00:16:44,E 4 St & 2 Ave,5593,E 2 St & Avenue C,5476,40.72628,-73.98978,40.7208736,-73.98085795,member
551956,7C1BE4B17670BAD2,docked_bike,2021-02-25 00:05:34,2021-02-25 00:10:56,E 4 St & 2 Ave,5593,E 2 St & Avenue C,5476,40.72628,-73.98978,40.7208736,-73.98085795,member
551957,8BB81E55F2B34736,docked_bike,2021-02-27 00:26:14,2021-02-27 00:31:01,E 4 St & 2 Ave,5593,E 2 St & Avenue C,5476,40.72628,-73.98978,40.7208736,-73.98085795,member
551959,A66BBF0CC0CE4455,docked_bike,2021-02-15 16:49:26,2021-02-15 16:53:50,E 4 St & 2 Ave,5593,E 2 St & Avenue C,5476,40.72628,-73.98978,40.7208736,-73.98085795,member
551961,5091441825616EDA,docked_bike,2021-02-27 02:07:50,2021-02-27 02:15:20,E 4 St & 2 Ave,5593,Lexington Ave & E 24 St,6089,40.72628,-73.98978,40.74025878,-73.98409214,casual
552020,47C9049953D827E7,docked_bike,2021-02-04 20:49:11,2021-02-04 21:30:14,E 4 St & 2 Ave,5593,Lexington Ave & E 24 St,6089,40.726281,-73.98978,40.740259,-73.984092,member
552589,65D06E5E8A39DCA0,docked_bike,2021-02-23 07:45:26,2021-02-23 07:51:58,E 4 St & 2 Ave,5593,E 30 St & Park Ave S,6206,40.72628,-73.98978,40.74444921,-73.98303529,member
552591,2CD33C4934B87585,docked_bike,2021-02-25 18:14:05,2021-02-25 18:20:20,E 4 St & 2 Ave,5593,Howard St & Centre St,5422,40.72628,-73.98978,40.71910537,-73.99973337,member
552592,65A1009601D99ECC,docked_bike,2021-02-12 23:12:06,2021-02-12 23:28:10,E 4 St & 2 Ave,5593,1 Ave & E 44 St,6379,40.72628,-73.98978,40.75001986,-73.96905301,member
552593,40A0FDAFA1929C5F,docked_bike,2021-02-12 11:43:05,2021-02-12 11:53:11,E 4 St & 2 Ave,5593,Howard St & Centre St,5422,40.726281,-73.98978,40.719105,-73.999733,member
552596,C1E3A1F69F94DF5D,docked_bike,2021-02-21 02:46:30,2021-02-21 02:55:45,E 4 St & 2 Ave,5593,Perry St & Bleecker St,5922,40.72628,-73.98978,40.73535398,-74.00483091,member
552603,B6E0C6D038435D14,docked_bike,2021-02-13 08:48:12,2021-02-13 08:56:35,E 4 St & 2 Ave,5593,Howard St & Centre St,5422,40.72628,-73.98978,40.71910537,-73.99973337,member
552604,27BCA4C11D894088,docked_bike,2021-02-25 14:30:19,2021-02-25 14:46:15,E 4 St & 2 Ave,5593,1 Ave & E 44 St,6379,40.72628,-73.98978,40.75001986,-73.96905301,member
552612,FB975BF389916982,docked_bike,2021-02-27 11:34:46,2021-02-27 11:42:05,E 4 St & 2 Ave,5593,Howard St & Centre St,5422,40.72628,-73.98978,40.71910537,-73.99973337,member
552613,A90712BCBCD06E91,docked_bike,2021-02-21 12:34:12,2021-02-21 12:51:42,E 4 St & 2 Ave,5593,Perry St & Bleecker St,5922,40.72628,-73.98978,40.73535398,-74.00483091,casual
552617,A6E773DECBB643F8,docked_bike,2021-02-12 23:12:48,2021-02-12 23:28:50,E 4 St & 2 Ave,5593,1 Ave & E 44 St,6379,40.72628,-73.98978,40.75001986,-73.96905301,casual
552627,F5576AAB6852C0EC,docked_bike,2021-02-25 22:18:44,2021-02-25 22:34:30,E 4 St & 2 Ave,5593,1 Ave & E 44 St,6379,40.72628,-73.98978,40.75001986,-73.96905301,member
552632,0E2FDA8A5811F399,docked_bike,2021-02-21 19:17:32,2021-02-21 19:26:43,E 4 St & 2 Ave,5593,Howard St & Centre St,5422,40.72628,-73.98978,40.71910537,-73.99973337,casual
552648,10C3F9E384583911,docked_bike,2021-02-23 16:37:24,2021-02-23 16:44:29,E 4 St & 2 Ave,5593,Howard St & Centre St,5422,40.72628,-73.98978,40.71910537,-73.99973337,member
552651,F4673E8B24EE9524,docked_bike,2021-02-06 08:48:49,2021-02-06 08:57:26,E 4 St & 2 Ave,5593,Howard St & Centre St,5422,40.726281,-73.98978,40.719105,-73.999733,member
552654,BA44EC204C1CAF39,docked_bike,2021-02-23 08:20:07,2021-02-23 08:29:01,E 4 St & 2 Ave,5593,E 30 St & Park Ave S,6206,40.72628,-73.98978,40.74444921,-73.98303529,member
552656,4966CE85A5AD316F,docked_bike,2021-02-22 09:52:35,2021-02-22 09:58:49,E 4 St & 2 Ave,5593,Howard St & Centre St,5422,40.72628,-73.98978,40.71910537,-73.99973337,member
552658,08711AB6F89F132A,docked_bike,2021-02-15 13:39:49,2021-02-15 13:49:41,E 4 St & 2 Ave,5593,Perry St & Bleecker St,5922,40.726281,-73.98978,40.735354,-74.004831,member
552662,E50A5AF69C33B53F,docked_bike,2021-02-04 16:14:50,2021-02-04 16:22:36,E 4 St & 2 Ave,5593,Howard St & Centre St,5422,40.726281,-73.98978,40.719105,-73.999733,casual
552666,5B7A889339C00244,docked_bike,2021-02-25 16:06:09,2021-02-25 16:20:44,E 4 St & 2 Ave,5593,1 Ave & E 44 St,6379,40.72628,-73.98978,40.75001986,-73.96905301,member
552668,B9D7FFFF42980010,docked_bike,2021-02-12 08:43:02,2021-02-12 08:50:54,E 4 St & 2 Ave,5593,E 30 St & Park Ave S,6206,40.72628,-73.98978,40.74444921,-73.98303529,member
552669,2DB217FDB07B8551,docked_bike,2021-02-06 18:11:14,2021-02-06 18:38:01,E 4 St & 2 Ave,5593,Bond St & Bergen St,4404,40.72628,-73.98978,40.6849668,-73.98620772,member
553281,DD52A4C765838A23,docked_bike,2021-02-23 09:20:20,2021-02-23 09:26:25,E 4 St & 2 Ave,5593,University Pl & E 14 St,5905,40.726281,-73.98978,40.734814,-73.992085,member
553285,8D519010361F57B4,docked_bike,2021-02-11 12:53:39,2021-02-11 12:55:49,E 4 St & 2 Ave,5593,Lafayette St & E 8 St,5788,40.72628,-73.98978,40.73020660529954,-73.99102628231049,member
553295,06A9C6E72949FF80,docked_bike,2021-02-13 14:51:15,2021-02-13 15:04:27,E 4 St & 2 Ave,5593,University Pl & E 14 St,5905,40.72628,-73.98978,40.734814,-73.992085,member
553299,2107C0C1A80561FE,docked_bike,2021-02-28 23:07:34,2021-02-28 23:59:44,E 4 St & 2 Ave,5593,Lafayette St & E 8 St,5788,40.72628,-73.98978,40.73020660529954,-73.99102628231049,member
553300,608A8AA926625D3A,docked_bike,2021-02-26 10:56:17,2021-02-26 11:00:34,E 4 St & 2 Ave,5593,University Pl & E 14 St,5905,40.72628,-73.98978,40.734814,-73.992085,member
553301,49BBACC6C8A9C8D9,docked_bike,2021-02-12 16:22:53,2021-02-12 16:29:02,E 4 St & 2 Ave,5593,E 14 St & Avenue B,5736,40.72628,-73.98978,40.72938685,-73.97772429,member
553303,56EAA631C3BA5390,docked_bike,2021-02-20 21:56:20,2021-02-20 22:03:07,E 4 St & 2 Ave,5593,E 14 St & Avenue B,5736,40.72628,-73.98978,40.72938685,-73.97772429,member
553306,767432AFB9B1DF8A,docked_bike,2021-02-25 17:37:49,2021-02-25 17:56:32,E 4 St & 2 Ave,5593,Metropolitan Ave & Meeker Ave,5300,40.72628,-73.98978,40.71413311,-73.95234386,member
553319,2458EB40D7168B14,docked_bike,2021-02-23 16:30:53,2021-02-23 16:36:35,E 4 St & 2 Ave,5593,University Pl & E 14 St,5905,40.72628,-73.98978,40.734814,-73.992085,member
553326,51B08116D211BECD,docked_bike,2021-02-24 21:41:27,2021-02-24 21:45:20,E 4 St & 2 Ave,5593,Lafayette St & E 8 St,5788,40.72628,-73.98978,40.73020660529954,-73.99102628231049,member
553327,91B2C042A83BD5AD,docked_bike,2021-02-06 11:10:16,2021-02-06 11:17:25,E 4 St & 2 Ave,5593,University Pl & E 14 St,5905,40.726281,-73.98978,40.734814,-73.992085,member
553333,1DEA547D2429C527,docked_bike,2021-02-24 22:16:46,2021-02-24 22:21:47,E 4 St & 2 Ave,5593,E 14 St & Avenue B,5736,40.72628,-73.98978,40.72938685,-73.97772429,casual
553337,A410720A28C32FA9,docked_bike,2021-02-07 14:07:30,2021-02-07 14:27:50,E 4 St & 2 Ave,5593,Lafayette St & E 8 St,5788,40.72628,-73.98978,40.73020660529954,-73.99102628231049,member
553338,DA0E535CD448E6D1,docked_bike,2021-02-16 08:11:29,2021-02-16 08:13:56,E 4 St & 2 Ave,5593,Lafayette St & E 8 St,5788,40.726281,-73.98978,40.730207,-73.991026,member
553342,82C46F51E28BA94F,docked_bike,2021-02-16 23:08:56,2021-02-16 23:11:17,E 4 St & 2 Ave,5593,Lafayette St & E 8 St,5788,40.72628,-73.98978,40.73020660529954,-73.99102628231049,member
553344,3C0B29C8397F5108,docked_bike,2021-02-27 12:39:25,2021-02-27 12:44:09,E 4 St & 2 Ave,5593,Lafayette St & E 8 St,5788,40.72628,-73.98978,40.73020660529954,-73.99102628231049,member
553349,92C293AE3B4B4CB7,docked_bike,2021-02-15 00:46:14,2021-02-15 00:49:42,E 4 St & 2 Ave,5593,Lafayette St & E 8 St,5788,40.72628,-73.98978,40.73020660529954,-73.99102628231049,casual
553353,92AC0AA2C2654805,docked_bike,2021-02-27 20:11:49,2021-02-27 20:20:09,E 4 St & 2 Ave,5593,E 14 St & Avenue B,5736,40.72628,-73.98978,40.72938685,-73.97772429,member
553366,B7712144D008BAFC,docked_bike,2021-02-05 17:24:31,2021-02-05 17:28:57,E 4 St & 2 Ave,5593,Lafayette St & E 8 St,5788,40.726281,-73.98978,40.730207,-73.991026,member
553367,9CE690B66166640D,docked_bike,2021-02-28 17:58:19,2021-02-28 18:04:51,E 4 St & 2 Ave,5593,E 14 St & Avenue B,5736,40.726281,-73.98978,40.729387,-73.977724,casual
553368,6AF111F255B7F29C,docked_bike,2021-02-22 10:23:12,2021-02-22 10:26:07,E 4 St & 2 Ave,5593,Lafayette St & E 8 St,5788,40.72628,-73.98978,40.73020660529954,-73.99102628231049,member
553370,6BAED5105DB0D959,docked_bike,2021-02-26 13:21:02,2021-02-26 13:27:33,E 4 St & 2 Ave,5593,E 14 St & Avenue B,5736,40.72628,-73.98978,40.72938685,-73.97772429,member
553371,04D2A271B8BB35BE,docked_bike,2021-02-15 13:02:39,2021-02-15 13:08:53,E 4 St & 2 Ave,5593,E 14 St & Avenue B,5736,40.72628,-73.98978,40.72938685,-73.97772429,member
553378,036CC0D8481FAAB6,docked_bike,2021-02-08 19:15:34,2021-02-08 19:26:57,E 4 St & 2 Ave,5593,Lafayette St & E 8 St,5788,40.72628,-73.98978,40.73020660529954,-73.99102628231049,member
553379,29DCE222DD243263,docked_bike,2021-02-19 08:17:11,2021-02-19 08:19:36,E 4 St & 2 Ave,5593,Lafayette St & E 8 St,5788,40.726281,-73.98978,40.730207,-73.991026,member
553381,8A070B9266C7487D,docked_bike,2021-02-24 18:01:18,2021-02-24 18:12:55,E 4 St & 2 Ave,5593,University Pl & E 14 St,5905,40.72628,-73.98978,40.734814,-73.992085,casual
553383,7A98DC111933B0BF,docked_bike,2021-02-14 14:15:59,2021-02-14 14:24:30,E 4 St & 2 Ave,5593,E 14 St & Avenue B,5736,40.72628,-73.98978,40.72938685,-73.97772429,member
553384,0AE47EE4785529CD,docked_bike,2021-02-10 11:03:03,2021-02-10 11:05:31,E 4 St & 2 Ave,5593,Lafayette St & E 8 St,5788,40.72628,-73.98978,40.73020660529954,-73.99102628231049,member
553386,CEC7CD0EB15860BB,docked_bike,2021-02-16 12:15:27,2021-02-16 12:18:25,E 4 St & 2 Ave,5593,Lafayette St & E 8 St,5788,40.726281,-73.98978,40.730207,-73.991026,member
553551,333EC3595BBCC246,docked_bike,2021-02-24 11:48:53,2021-02-24 11:54:16,E 4 St & 2 Ave,5593,Lafayette St & E 8 St,5788,40.72628,-73.98978,40.73020660529954,-73.99102628231049,member
553552,DD76F9884F8FF4D7,docked_bike,2021-02-17 08:08:19,2021-02-17 08:11:35,E 4 St & 2 Ave,5593,Lafayette St & E 8 St,5788,40.72628,-73.98978,40.73020660529954,-73.99102628231049,member
553560,5F3C48DC6B61B3AF,docked_bike,2021-02-24 19:51:27,2021-02-24 21:26:35,E 4 St & 2 Ave,5593,University Pl & E 14 St,5905,40.72628,-73.98978,40.734814,-73.992085,casual
553561,451DA1084F527076,docked_bike,2021-02-28 17:57:49,2021-02-28 18:04:42,E 4 St & 2 Ave,5593,E 14 St & Avenue B,5736,40.72628,-73.98978,40.72938685,-73.97772429,member
553562,4DC891019779EFE6,docked_bike,2021-02-24 17:56:19,2021-02-24 18:12:51,E 4 St & 2 Ave,5593,University Pl & E 14 St,5905,40.72628,-73.98978,40.734814,-73.992085,casual
554080,DD0AF6B5F69A564B,docked_bike,2021-02-27 17:50:33,2021-02-27 17:56:11,E 4 St & 2 Ave,5593,W 13 St & 5 Ave,5947,40.72628,-73.98978,40.735445,-73.99431,member
554082,B65D758E211E5946,docked_bike,2021-02-08 15:43:01,2021-02-08 15:51:42,E 4 St & 2 Ave,5593,E 12 St & 3 Ave,5788,40.72628,-73.98978,40.73223272,-73.98889957,member
554083,21DB4DDA2B68C56D,docked_bike,2021-02-25 17:27:19,2021-02-25 17:30:27,E 4 St & 2 Ave,5593,E 12 St & 3 Ave,5788,40.72628,-73.98978,40.73223272,-73.98889957,member
554089,2D5B156FA6A788BA,docked_bike,2021-02-11 14:16:52,2021-02-11 14:37:03,E 4 St & 2 Ave,5593,Richardson St & N Henry St,5433,40.72628,-73.98978,40.71907891179564,-73.94223690032959,member
554091,3EB716D63F9B1B74,docked_bike,2021-02-07 09:25:46,2021-02-07 09:31:25,E 4 St & 2 Ave,5593,W 13 St & 5 Ave,5947,40.72628,-73.98978,40.735445,-73.99431,member
554093,82078A4429857D26,docked_bike,2021-02-06 22:05:44,2021-02-06 22:15:41,E 4 St & 2 Ave,5593,W 10 St & Washington St,5847,40.726281,-73.98978,40.733424,-74.008515,member
554094,28DC6920432F89B7,docked_bike,2021-02-23 18:38:12,2021-02-23 18:44:06,E 4 St & 2 Ave,5593,E 12 St & 3 Ave,5788,40.726281,-73.98978,40.732233,-73.9889,member
554096,3EFA50C79C235EBD,docked_bike,2021-02-09 10:14:55,2021-02-09 10:18:58,E 4 St & 2 Ave,5593,E 12 St & 3 Ave,5788,40.726281,-73.98978,40.732233,-73.9889,member
554098,4DF69E53050679F9,docked_bike,2021-02-03 23:58:35,2021-02-04 00:17:20,E 4 St & 2 Ave,5593,W 10 St & Washington St,5847,40.72628,-73.98978,40.73342399437081,-74.00851495563984,casual
554100,3DE07985F7F26EB7,docked_bike,2021-02-16 16:27:56,2021-02-16 16:35:06,E 4 St & 2 Ave,5593,E 12 St & 3 Ave,5788,40.72628,-73.98978,40.73223272,-73.98889957,member
554104,4E0856C1A215F92D,docked_bike,2021-02-10 08:45:22,2021-02-10 08:50:17,E 4 St & 2 Ave,5593,W 13 St & 5 Ave,5947,40.726281,-73.98978,40.735445,-73.99431,member
554105,E921091A9C31EF3B,docked_bike,2021-02-23 12:45:14,2021-02-23 12:51:49,E 4 St & 2 Ave,5593,W 13 St & 5 Ave,5947,40.72628,-73.98978,40.735445,-73.99431,member
554107,17C218F8AE1AD241,docked_bike,2021-02-27 15:00:38,2021-02-27 15:05:29,E 4 St & 2 Ave,5593,E 12 St & 3 Ave,5788,40.72628,-73.98978,40.73223272,-73.98889957,member
554120,AAAD8CA9C48BB3D4,docked_bike,2021-02-24 14:59:18,2021-02-24 15:02:44,E 4 St & 2 Ave,5593,E 12 St & 3 Ave,5788,40.72628,-73.98978,40.73223272,-73.98889957,member
554124,D3040FC91E15A023,docked_bike,2021-02-26 16:29:22,2021-02-26 16:37:59,E 4 St & 2 Ave,5593,W 13 St & 5 Ave,5947,40.72628,-73.98978,40.735445,-73.99431,member
554125,1EC93610BEC3CB56,docked_bike,2021-02-10 12:02:46,2021-02-10 12:10:38,E 4 St & 2 Ave,5593,W 13 St & 5 Ave,5947,40.726281,-73.98978,40.735445,-73.99431,member
554130,5C55D2A683EC836A,docked_bike,2021-02-20 00:28:52,2021-02-20 00:32:42,E 4 St & 2 Ave,5593,E 12 St & 3 Ave,5788,40.72628,-73.98978,40.73223272,-73.98889957,member
554133,498CCEC0FC42ED36,docked_bike,2021-02-25 09:52:35,2021-02-25 09:58:51,E 4 St & 2 Ave,5593,E 12 St & 3 Ave,5788,40.72628,-73.98978,40.73223272,-73.98889957,member
554141,F7B44CF3E955B27C,docked_bike,2021-02-17 16:46:56,2021-02-17 16:53:40,E 4 St & 2 Ave,5593,W 13 St & 5 Ave,5947,40.726281,-73.98978,40.735445,-73.99431,member
554142,9208B4AF29BD6510,docked_bike,2021-02-26 10:49:38,2021-02-26 11:00:47,E 4 St & 2 Ave,5593,W 13 St & 5 Ave,5947,40.72628,-73.98978,40.735445,-73.99431,member
554370,FA8EC3F6BA13A339,docked_bike,2021-02-17 11:24:26,2021-02-17 11:30:10,E 4 St & 2 Ave,5593,W 13 St & 5 Ave,5947,40.72628,-73.98978,40.735445,-73.99431,member
554372,F3E1E066F9225F07,docked_bike,2021-02-20 10:16:28,2021-02-20 10:28:34,E 4 St & 2 Ave,5593,W 13 St & 5 Ave,5947,40.72628,-73.98978,40.735445,-73.99431,member
554402,B56EA760FAE9BE99,docked_bike,2021-02-16 13:02:22,2021-02-16 13:09:03,E 4 St & 2 Ave,5593,W 13 St & 5 Ave,5947,40.72628,-73.98978,40.735445,-73.99431,member
554539,36257D94EAFAEEFC,docked_bike,2021-02-27 02:05:48,2021-02-28 03:05:38,W 31 St & 7 Ave,6331,E 1 St & 1 Ave,5593,40.749156,-73.9916,40.72335597960796,-73.98864984512329,casual
554612,965D22DC640CCD02,docked_bike,2021-02-25 18:06:07,2021-02-25 18:13:06,Rivington St & Ridge St,5406,E 1 St & 1 Ave,5593,40.718502,-73.983298,40.72335597960796,-73.98864984512329,casual
554730,7FA2080A72839718,docked_bike,2021-02-20 16:51:21,2021-02-20 17:02:06,2 Ave & E 31 St,6197,E 1 St & 1 Ave,5593,40.742909,-73.97706,40.72335597960796,-73.98864984512329,casual
554784,964859A10947AF87,docked_bike,2021-02-21 19:55:49,2021-02-21 20:09:25,Mercer St & Spring St,5532,E 1 St & 1 Ave,5593,40.723627,-73.999496,40.72335597960796,-73.98864984512329,casual
554787,0B64577B77E5A0F2,docked_bike,2021-02-19 15:57:44,2021-02-19 16:06:46,Mercer St & Spring St,5532,E 1 St & 1 Ave,5593,40.723627,-73.999496,40.72335597960796,-73.98864984512329,member
554897,67E16632AAE1692D,docked_bike,2021-02-23 08:40:35,2021-02-23 08:58:13,Broadway & W 29 St,6289,E 1 St & 1 Ave,5593,40.7462,-73.988557,40.72335597960796,-73.98864984512329,member
554931,E623C642A1CD7270,docked_bike,2021-02-25 19:29:00,2021-02-25 19:50:45,W 48 St & Rockefeller Plaza,6667,E 1 St & 1 Ave,5593,40.757936,-73.979602,40.72335597960796,-73.98864984512329,casual
555070,D12B87DBC33CA868,docked_bike,2021-02-20 10:57:09,2021-02-20 11:16:18,E 2 St & Avenue A,5553,E 1 St & 1 Ave,5593,40.723077,-73.985836,40.72335597960796,-73.98864984512329,casual
555165,D9AEE8A6125718D7,docked_bike,2021-02-27 19:08:37,2021-02-27 19:11:02,E 2 St & Avenue A,5553,E 1 St & 1 Ave,5593,40.723077,-73.985836,40.72335597960796,-73.98864984512329,member
555182,8DD5F4FBE4F231CA,docked_bike,2021-02-23 18:47:01,2021-02-23 18:48:52,E 2 St & Avenue A,5553,E 1 St & 1 Ave,5593,40.723077,-73.985836,40.72335597960796,-73.98864984512329,member
555189,B209E9E76204BD4E,docked_bike,2021-02-17 13:40:26,2021-02-17 13:42:27,E 2 St & Avenue A,5553,E 1 St & 1 Ave,5593,40.723077,-73.985836,40.72335597960796,-73.98864984512329,member
555210,9CD43B1D1ADBCED0,docked_bike,2021-02-27 16:17:11,2021-02-27 16:32:24,E 13 St & 2 Ave,5820,E 1 St & 1 Ave,5593,40.731539,-73.985302,40.72335597960796,-73.98864984512329,member
555250,64B79287A1F2C521,docked_bike,2021-02-22 00:55:36,2021-02-22 01:00:04,E 1 St & 1 Ave,5593,W Broadway & W Houston St,5644,40.723355,-73.988649,40.726378,-74.000472,member
555262,7EBFE8B071564CB1,docked_bike,2021-02-25 20:25:48,2021-02-25 20:29:36,Rivington St & Chrystie St,5453,E 1 St & 1 Ave,5593,40.7211,-73.991925,40.72335597960796,-73.98864984512329,member
555304,682C25B35644E57D,docked_bike,2021-02-26 22:33:39,2021-02-26 22:34:19,E 1 St & 1 Ave,5593,E 1 St & 1 Ave,5593,40.723355,-73.988649,40.72335597960796,-73.98864984512329,member
555384,139CEC6C119DABE0,docked_bike,2021-02-23 14:25:45,2021-02-23 14:43:10,E 1 St & 1 Ave,5593,E 1 St & 1 Ave,5593,40.723355,-73.988649,40.72335597960796,-73.98864984512329,member
555395,ADEC7B97AA5C6DCC,docked_bike,2021-02-26 18:19:56,2021-02-26 18:31:42,Greenwich Ave & 8 Ave,6072,E 1 St & 1 Ave,5593,40.739016,-74.002637,40.72335597960796,-73.98864984512329,member
555397,035AA31404E1E411,docked_bike,2021-02-25 09:13:10,2021-02-25 09:30:18,E 1 St & 1 Ave,5593,E 1 St & 1 Ave,5593,40.723355,-73.988649,40.72335597960796,-73.98864984512329,member
555414,4BC598C136034558,docked_bike,2021-02-27 19:32:36,2021-02-27 19:37:28,E 1 St & 1 Ave,5593,Rivington St & Chrystie St,5453,40.723355,-73.988649,40.72110063,-73.9919254,member
555418,A5F89779B4237C04,docked_bike,2021-02-27 14:13:11,2021-02-27 14:35:34,10 Ave & W 28 St,6459,E 1 St & 1 Ave,5593,40.750663,-74.001768,40.72335597960796,-73.98864984512329,member
555433,6897F69C018DC0DA,docked_bike,2021-02-22 18:03:06,2021-02-22 18:06:48,E 1 St & 1 Ave,5593,E 1 St & 1 Ave,5593,40.723355,-73.988649,40.72335597960796,-73.98864984512329,member
555458,E91CDAB18C020AD5,docked_bike,2021-02-25 15:37:06,2021-02-25 15:57:56,E 1 St & 1 Ave,5593,10 Ave & W 28 St,6459,40.723355,-73.988649,40.75066386,-74.00176802,member
555467,F41AF40F6C8FB099,docked_bike,2021-02-26 15:08:20,2021-02-26 15:11:29,Rivington St & Chrystie St,5453,E 1 St & 1 Ave,5593,40.7211,-73.991925,40.72335597960796,-73.98864984512329,member
555500,512EC1DC892A8515,docked_bike,2021-02-22 09:23:45,2021-02-22 09:24:16,E 1 St & 1 Ave,5593,E 1 St & 1 Ave,5593,40.723355,-73.988649,40.72335597960796,-73.98864984512329,member
555503,BEB637BD029AF032,docked_bike,2021-02-18 10:50:33,2021-02-18 10:54:52,E 1 St & 1 Ave,5593,St Marks Pl & 2 Ave,5669,40.723355,-73.988649,40.7284186,-73.98713956,member
555555,320285F92A15044F,docked_bike,2021-02-26 20:26:54,2021-02-26 20:36:17,St Marks Pl & 2 Ave,5669,E 1 St & 1 Ave,5593,40.728418,-73.987139,40.72335597960796,-73.98864984512329,casual
555620,946475F87DA6DA35,docked_bike,2021-02-20 11:51:44,2021-02-20 11:52:47,E 1 St & 1 Ave,5593,E 1 St & 1 Ave,5593,40.723355,-73.988649,40.72335597960796,-73.98864984512329,member
555631,0DE07D662BC45036,docked_bike,2021-02-25 08:53:45,2021-02-25 08:53:49,E 1 St & 1 Ave,5593,E 1 St & 1 Ave,5593,40.723356,-73.98865,40.723356,-73.98865,member
555672,A6027D40442414A0,docked_bike,2021-02-27 20:38:41,2021-02-27 20:46:05,E 1 St & 1 Ave,5593,E 1 St & 1 Ave,5593,40.723356,-73.98865,40.723356,-73.98865,member
555729,44CE7DD648212F8B,docked_bike,2021-02-20 01:39:19,2021-02-20 02:04:53,Broadway & Kosciuszko St,4608,E 1 St & 1 Ave,5593,40.69329,-73.92852,40.723356,-73.98865,member
555753,3ADE16620167B420,docked_bike,2021-02-17 19:39:59,2021-02-17 19:57:09,W 33 St & 7 Ave,6407,E 1 St & 1 Ave,5593,40.750199,-73.99093,40.72335597960796,-73.98864984512329,casual
555787,0F44C1618F046B04,docked_bike,2021-02-20 00:37:19,2021-02-20 00:39:57,E 1 St & 1 Ave,5593,E 1 St & 1 Ave,5593,40.723356,-73.98865,40.723356,-73.98865,member
555798,E0355F5368A019EE,docked_bike,2021-02-27 14:13:12,2021-02-27 14:35:02,10 Ave & W 28 St,6459,E 1 St & 1 Ave,5593,40.750664,-74.001768,40.723356,-73.98865,casual
555800,FB651E9499F1002B,docked_bike,2021-02-26 20:43:33,2021-02-26 20:48:44,E 1 St & 1 Ave,5593,St Marks Pl & 2 Ave,5669,40.723355,-73.988649,40.7284186,-73.98713956,member
555829,EFAE6BEDF457DE86,docked_bike,2021-02-26 23:46:36,2021-02-26 23:47:16,E 1 St & 1 Ave,5593,E 1 St & 1 Ave,5593,40.723356,-73.98865,40.723356,-73.98865,member
555839,A293FFA44C2EDEDC,docked_bike,2021-02-25 11:21:40,2021-02-25 11:28:53,E 1 St & 1 Ave,5593,W Broadway & W Houston St,5644,40.723356,-73.98865,40.726378,-74.000472,member
555841,D7409E781C0CA823,docked_bike,2021-02-27 13:48:31,2021-02-27 13:48:25,E 1 St & 1 Ave,5593,St Marks Pl & 2 Ave,5669,40.723355,-73.988649,40.7284186,-73.98713956,casual
556012,5BC2FA3372B596D1,docked_bike,2021-02-25 16:31:37,2021-02-25 16:48:29,Jay St & York St,4895,E 1 St & 1 Ave,5593,40.701403,-73.986726,40.72335597960796,-73.98864984512329,member
556118,B6AA8300CA03DD60,docked_bike,2021-02-25 13:52:39,2021-02-25 14:07:26,E 7 St & Avenue A,5626,E 1 St & 1 Ave,5593,40.726217,-73.983798,40.72335597960796,-73.98864984512329,member
556122,D522743330D634CB,docked_bike,2021-02-27 13:27:59,2021-02-27 13:30:52,E 7 St & Avenue A,5626,E 1 St & 1 Ave,5593,40.726217,-73.983798,40.72335597960796,-73.98864984512329,casual
556133,92782531367B93BB,docked_bike,2021-02-26 17:48:46,2021-02-26 18:13:24,E 7 St & Avenue A,5626,E 1 St & 1 Ave,5593,40.726217,-73.983798,40.72335597960796,-73.98864984512329,member
556146,4C690F5A8972588C,docked_bike,2021-02-18 07:10:25,2021-02-18 07:10:26,E 1 St & 1 Ave,5593,E 1 St & 1 Ave,5593,40.723356,-73.98865,40.723356,-73.98865,member
556147,FE204FBDA0DB3937,docked_bike,2021-02-24 07:17:21,2021-02-24 07:17:41,E 1 St & 1 Ave,5593,E 1 St & 1 Ave,5593,40.723355,-73.988649,40.72335597960796,-73.98864984512329,member
556161,9491661F9320DD43,docked_bike,2021-02-23 18:04:20,2021-02-23 18:08:20,E 7 St & Avenue A,5626,E 1 St & 1 Ave,5593,40.726217,-73.983798,40.72335597960796,-73.98864984512329,member
556255,4A2DB0B074FD7381,docked_bike,2021-02-26 19:14:31,2021-02-26 19:19:28,Canal St & Rutgers St,5303,E 1 St & 1 Ave,5593,40.714274,-73.9899,40.72335597960796,-73.98864984512329,member
556258,1857BB31782A97EF,docked_bike,2021-02-24 17:28:47,2021-02-24 17:36:57,Canal St & Rutgers St,5303,E 1 St & 1 Ave,5593,40.714275,-73.9899,40.723356,-73.98865,member
556277,55B2EB93CCDE39D7,docked_bike,2021-02-28 16:11:31,2021-02-28 16:16:13,Canal St & Rutgers St,5303,E 1 St & 1 Ave,5593,40.714274,-73.9899,40.72335597960796,-73.98864984512329,member
556293,E3501F1C88018714,docked_bike,2021-02-25 15:50:13,2021-02-25 15:50:46,E 1 St & 1 Ave,5593,E 1 St & 1 Ave,5593,40.723355,-73.988649,40.72335597960796,-73.98864984512329,member
556322,3164635F574206D7,docked_bike,2021-02-24 13:30:07,2021-02-24 13:31:11,E 1 St & 1 Ave,5593,E 1 St & 1 Ave,5593,40.723355,-73.988649,40.72335597960796,-73.98864984512329,member
556325,E22D30DA7915A9A9,docked_bike,2021-02-26 21:31:13,2021-02-26 21:32:40,E 1 St & 1 Ave,5593,E 1 St & 1 Ave,5593,40.723355,-73.988649,40.72335597960796,-73.98864984512329,casual
556376,1D2509E2D1780CAF,docked_bike,2021-02-26 14:57:51,2021-02-26 15:02:12,Great Jones St,5636,E 1 St & 1 Ave,5593,40.727434,-73.99379,40.72335597960796,-73.98864984512329,member
556383,1BA7F4E6F18621EA,docked_bike,2021-02-17 16:07:47,2021-02-17 16:12:22,Great Jones St,5636,E 1 St & 1 Ave,5593,40.727434,-73.99379,40.72335597960796,-73.98864984512329,member
556390,263F78FAC72A3F47,docked_bike,2021-02-20 15:23:55,2021-02-20 15:45:08,Front St & Maiden Ln,5024,E 1 St & 1 Ave,5593,40.705309,-74.006125,40.72335597960796,-73.98864984512329,member
556402,B37B1DBB8DCF7A4E,docked_bike,2021-02-26 16:59:47,2021-02-26 17:02:56,Great Jones St,5636,E 1 St & 1 Ave,5593,40.727434,-73.99379,40.72335597960796,-73.98864984512329,member
556447,5485F704775BB43C,docked_bike,2021-02-28 12:02:17,2021-02-28 12:06:52,Canal St & Rutgers St,5303,E 1 St & 1 Ave,5593,40.714274,-73.9899,40.72335597960796,-73.98864984512329,casual
556530,8FA9061432C5AF5D,docked_bike,2021-02-26 16:17:57,2021-02-26 16:36:54,W 22 St & 10 Ave,6306,E 1 St & 1 Ave,5593,40.746919,-74.004518,40.72335597960796,-73.98864984512329,member
556550,E14317DD4D4B8C3D,docked_bike,2021-02-23 20:59:48,2021-02-23 21:04:57,E 7 St & Avenue A,5626,E 1 St & 1 Ave,5593,40.726217,-73.983798,40.72335597960796,-73.98864984512329,member
556597,066169A25F216F3F,docked_bike,2021-02-26 19:45:08,2021-02-26 19:49:18,E 7 St & Avenue A,5626,E 1 St & 1 Ave,5593,40.726218,-73.983799,40.723356,-73.98865,member
556639,63BAFAA6A61349FA,docked_bike,2021-02-20 22:03:09,2021-02-20 22:11:22,University Pl & E 8 St,5755,E 1 St & 1 Ave,5593,40.731437,-73.994903,40.72335597960796,-73.98864984512329,casual
556671,9D5B15748280825F,docked_bike,2021-02-27 16:31:52,2021-02-27 16:44:09,Madison St & Montgomery St,5262,E 1 St & 1 Ave,5593,40.713126,-73.984844,40.72335597960796,-73.98864984512329,member
556719,77C9AD77C45DA9FC,docked_bike,2021-02-24 19:35:03,2021-02-24 19:50:49,FDR Drive & E 35 St,6230,E 1 St & 1 Ave,5593,40.744219,-73.971212,40.72335597960796,-73.98864984512329,member
556816,0B7E656DBF7C3B29,docked_bike,2021-02-20 13:30:45,2021-02-20 13:33:00,E 2 St & Avenue A,5553,E 1 St & 1 Ave,5593,40.723077,-73.985836,40.72335597960796,-73.98864984512329,member
556840,00D54988E198138C,docked_bike,2021-02-25 09:27:01,2021-02-25 09:29:26,Allen St & Rivington St,5414,E 1 St & 1 Ave,5593,40.720195,-73.989978,40.72335597960796,-73.98864984512329,member
556855,4ADF6F7D50F1F0D4,docked_bike,2021-02-25 00:48:27,2021-02-25 00:50:05,Allen St & Rivington St,5414,E 1 St & 1 Ave,5593,40.720195,-73.989978,40.72335597960796,-73.98864984512329,member
556906,5E94767C75FF5312,docked_bike,2021-02-25 11:28:28,2021-02-25 11:30:49,Allen St & Rivington St,5414,E 1 St & 1 Ave,5593,40.720195,-73.989978,40.72335597960796,-73.98864984512329,member
556950,C5EC0653AB574BDA,docked_bike,2021-02-20 13:59:52,2021-02-20 14:02:46,Allen St & Rivington St,5414,E 1 St & 1 Ave,5593,40.720195,-73.989978,40.72335597960796,-73.98864984512329,member
556953,A56B45B43343C372,docked_bike,2021-02-25 06:29:13,2021-02-25 06:31:52,Allen St & Rivington St,5414,E 1 St & 1 Ave,5593,40.720195,-73.989978,40.72335597960796,-73.98864984512329,member
556978,E5BD3E7879437EA5,docked_bike,2021-02-20 13:01:06,2021-02-20 13:07:47,E 10 St & Avenue A,5659,E 1 St & 1 Ave,5593,40.727407,-73.98142,40.72335597960796,-73.98864984512329,member
556979,8E93524830285B7D,docked_bike,2021-02-12 16:53:14,2021-02-12 16:58:46,E 2 St & 2 Ave,5593,St Marks Pl & 2 Ave,5669,40.725028,-73.990696,40.7284186,-73.98713956,member
557004,71AA95E2B56BA614,docked_bike,2021-02-14 12:55:30,2021-02-14 12:58:21,E 2 St & 2 Ave,5593,Rivington St & Chrystie St,5453,40.725028,-73.990696,40.72110063,-73.9919254,member
557010,319329975D13AF4D,docked_bike,2021-02-17 14:02:32,2021-02-17 14:30:30,E 2 St & 2 Ave,5593,E 1 St & 1 Ave,5593,40.725028,-73.990696,40.72335597960796,-73.98864984512329,member
557012,AB10F0825EA83198,docked_bike,2021-02-25 19:27:21,2021-02-25 19:38:52,E 2 St & 2 Ave,5593,Greenwich Ave & 8 Ave,6072,40.725028,-73.990696,40.7390169121,-74.0026376103,member
557013,306E7E348F66F800,docked_bike,2021-02-23 22:25:53,2021-02-23 22:39:25,E 2 St & 2 Ave,5593,Jay St & York St,4895,40.725029,-73.990697,40.701403,-73.986727,member
557014,F508E31920C192B9,docked_bike,2021-02-21 15:14:01,2021-02-21 15:17:14,E 10 St & Avenue A,5659,E 1 St & 1 Ave,5593,40.727407,-73.98142,40.72335597960796,-73.98864984512329,member
557017,5157F1B6B4692F91,docked_bike,2021-02-17 17:55:49,2021-02-17 17:56:55,E 2 St & 2 Ave,5593,E 1 St & 1 Ave,5593,40.725028,-73.990696,40.72335597960796,-73.98864984512329,member
557054,67E537DA746D2E1B,docked_bike,2021-02-11 14:33:23,2021-02-11 14:35:59,E 2 St & 2 Ave,5593,St Marks Pl & 2 Ave,5669,40.725028,-73.990696,40.7284186,-73.98713956,member
557066,24D37B963AFC458B,docked_bike,2021-02-17 09:36:26,2021-02-17 09:39:36,E 2 St & 2 Ave,5593,Rivington St & Chrystie St,5453,40.725028,-73.990696,40.72110063,-73.9919254,member
557067,F2AE3E361E88C2BF,docked_bike,2021-02-17 17:57:04,2021-02-17 20:39:18,E 2 St & 2 Ave,5593,Rivington St & Chrystie St,5453,40.725028,-73.990696,40.72110063,-73.9919254,casual
557068,657409A25DE283B6,docked_bike,2021-02-17 17:48:32,2021-02-17 17:50:15,E 2 St & 2 Ave,5593,E 1 St & 1 Ave,5593,40.725028,-73.990696,40.72335597960796,-73.98864984512329,member
557070,6225134F9B812326,docked_bike,2021-02-05 19:14:33,2021-02-05 19:22:04,E 2 St & 2 Ave,5593,W Broadway & W Houston St,5644,40.725028,-73.990696,40.726378,-74.000472,member
557071,45D9E5FC027DB1CB,docked_bike,2021-02-21 10:02:18,2021-02-21 10:03:48,E 2 St & 2 Ave,5593,E 1 St & 1 Ave,5593,40.725028,-73.990696,40.72335597960796,-73.98864984512329,member
557072,6C8A2AE113A9D5A6,docked_bike,2021-02-17 14:31:59,2021-02-17 14:35:13,E 2 St & 2 Ave,5593,E 1 St & 1 Ave,5593,40.725028,-73.990696,40.72335597960796,-73.98864984512329,member
557073,97750BF3A07E1830,docked_bike,2021-02-21 16:10:50,2021-02-21 16:28:42,E 2 St & 2 Ave,5593,Greenwich Ave & 8 Ave,6072,40.725028,-73.990696,40.7390169121,-74.0026376103,member
557084,19F19940F87C930E,docked_bike,2021-02-12 07:50:00,2021-02-12 08:08:11,E 2 St & 2 Ave,5593,W 33 St & 7 Ave,6407,40.725028,-73.990696,40.75019995,-73.99093085,member
557086,0D1CD258A0575D42,docked_bike,2021-02-12 07:49:34,2021-02-12 08:07:53,E 2 St & 2 Ave,5593,W 33 St & 7 Ave,6407,40.725029,-73.990697,40.7502,-73.990931,member
557088,3E4C0231E2C1298E,docked_bike,2021-02-27 22:53:00,2021-02-27 22:55:18,E 2 St & 2 Ave,5593,E 1 St & 1 Ave,5593,40.725029,-73.990697,40.723356,-73.98865,member
557103,5F8B66B6A7FEF4CD,docked_bike,2021-02-25 10:45:22,2021-02-25 10:57:23,E 2 St & 2 Ave,5593,Greenwich Ave & 8 Ave,6072,40.725028,-73.990696,40.7390169121,-74.0026376103,casual
557105,A8EF51A177C2CC84,docked_bike,2021-02-07 10:50:33,2021-02-07 11:10:52,E 2 St & 2 Ave,5593,W Broadway & W Houston St,5644,40.725028,-73.990696,40.726378,-74.000472,member
557112,BCFA90F322A8E792,docked_bike,2021-02-20 13:01:06,2021-02-20 13:07:49,E 10 St & Avenue A,5659,E 1 St & 1 Ave,5593,40.727407,-73.98142,40.72335597960796,-73.98864984512329,member
557113,A7B1722F29DB4095,docked_bike,2021-02-16 13:58:18,2021-02-16 14:00:45,E 2 St & 2 Ave,5593,Rivington St & Chrystie St,5453,40.725028,-73.990696,40.72110063,-73.9919254,member
557114,833F2DC64491D1E7,docked_bike,2021-02-17 17:52:52,2021-02-17 17:53:56,E 2 St & 2 Ave,5593,E 1 St & 1 Ave,5593,40.725028,-73.990696,40.72335597960796,-73.98864984512329,member
557117,4C047C3F7EC47FBE,docked_bike,2021-02-26 20:05:34,2021-02-26 20:11:43,E 10 St & Avenue A,5659,E 1 St & 1 Ave,5593,40.727407,-73.98142,40.72335597960796,-73.98864984512329,member
557126,1C91824AC681BFF4,docked_bike,2021-02-27 05:34:27,2021-02-27 05:50:17,E 2 St & 2 Ave,5593,W 33 St & 7 Ave,6407,40.725028,-73.990696,40.75019995,-73.99093085,member
557128,B39A36C0941C2519,docked_bike,2021-02-25 17:19:55,2021-02-25 17:25:58,E 10 St & Avenue A,5659,E 1 St & 1 Ave,5593,40.727408,-73.98142,40.723356,-73.98865,member
557134,51213EC882430555,docked_bike,2021-02-17 17:05:02,2021-02-17 17:06:56,E 2 St & 2 Ave,5593,E 1 St & 1 Ave,5593,40.725028,-73.990696,40.72335597960796,-73.98864984512329,member
557135,50A3FF6B7C3DCC7C,docked_bike,2021-02-05 08:53:39,2021-02-05 09:06:13,E 2 St & 2 Ave,5593,Greenwich Ave & 8 Ave,6072,40.725029,-73.990697,40.739017,-74.002638,member
557137,419FD9EFEB238DE3,docked_bike,2021-02-26 12:50:39,2021-02-26 13:07:59,E 2 St & 2 Ave,5593,Rivington St & Chrystie St,5453,40.725028,-73.990696,40.72110063,-73.9919254,member
557201,D5CDE3897B6569F8,docked_bike,2021-02-28 10:09:03,2021-02-28 10:11:49,E 2 St & 2 Ave,5593,E 1 St & 1 Ave,5593,40.725028,-73.990696,40.72335597960796,-73.98864984512329,member
557203,89626038A86B68DB,docked_bike,2021-02-26 18:44:05,2021-02-26 18:56:11,E 10 St & Avenue A,5659,E 1 St & 1 Ave,5593,40.727407,-73.98142,40.72335597960796,-73.98864984512329,member
557241,23748D295BA6372D,docked_bike,2021-02-13 15:47:31,2021-02-13 16:00:24,E 2 St & 2 Ave,5593,Greenwich Ave & 8 Ave,6072,40.725028,-73.990696,40.7390169121,-74.0026376103,member
557243,875157ED48DB2926,docked_bike,2021-02-17 14:32:01,2021-02-17 14:35:15,E 2 St & 2 Ave,5593,E 1 St & 1 Ave,5593,40.725028,-73.990696,40.72335597960796,-73.98864984512329,member
557244,CB568B597BF19912,docked_bike,2021-02-21 10:01:53,2021-02-21 10:03:50,E 2 St & 2 Ave,5593,E 1 St & 1 Ave,5593,40.725028,-73.990696,40.72335597960796,-73.98864984512329,member
557250,356DA990E223C18F,docked_bike,2021-02-21 12:06:25,2021-02-21 12:24:37,E 25 St & 2 Ave,6046,E 1 St & 1 Ave,5593,40.739126,-73.979737,40.72335597960796,-73.98864984512329,casual
557346,609655C2BD747685,docked_bike,2021-02-21 02:07:29,2021-02-21 02:11:39,Forsyth St & Canal St,5270,E 1 St & 1 Ave,5593,40.715815,-73.994223,40.72335597960796,-73.98864984512329,member
557379,E138F8FE9A3C94F5,docked_bike,2021-02-17 17:09:12,2021-02-17 17:13:58,4 Ave & E 12 St,5788,E 1 St & 1 Ave,5593,40.732647,-73.99011,40.72335597960796,-73.98864984512329,casual
557393,E2E750C314A812D1,docked_bike,2021-02-25 11:40:38,2021-02-25 11:42:30,Allen St & Rivington St,5414,E 1 St & 1 Ave,5593,40.720196,-73.989978,40.723356,-73.98865,member
557407,A10B14ED8DA5675F,docked_bike,2021-02-17 17:59:11,2021-02-17 18:00:57,E 2 St & 2 Ave,5593,E 1 St & 1 Ave,5593,40.725028,-73.990696,40.72335597960796,-73.98864984512329,member
557410,4F6AAACE2F0B392C,docked_bike,2021-02-25 19:26:01,2021-02-25 19:50:16,Dock 72 Way & Market St,4804,E 1 St & 1 Ave,5593,40.69985,-73.97141,40.72335597960796,-73.98864984512329,member
557418,484AB7C840A0990C,docked_bike,2021-02-26 15:04:26,2021-02-26 15:06:10,E 2 St & 2 Ave,5593,E 1 St & 1 Ave,5593,40.725028,-73.990696,40.72335597960796,-73.98864984512329,member
557424,A891E61CF542C291,docked_bike,2021-02-22 14:40:23,2021-02-22 14:44:09,E 10 St & Avenue A,5659,E 1 St & 1 Ave,5593,40.727407,-73.98142,40.72335597960796,-73.98864984512329,member
557426,F4DD1AC4A63573E7,docked_bike,2021-02-26 23:06:51,2021-02-26 23:10:46,E 2 St & 2 Ave,5593,E 1 St & 1 Ave,5593,40.725028,-73.990696,40.72335597960796,-73.98864984512329,member
557449,72643621086C8E2C,docked_bike,2021-02-26 13:23:48,2021-02-26 13:27:06,E 2 St & 2 Ave,5593,Rivington St & Chrystie St,5453,40.725028,-73.990696,40.72110063,-73.9919254,member
557451,E14AD306A691F1ED,docked_bike,2021-02-22 19:37:03,2021-02-22 20:05:01,Dock 72 Way & Market St,4804,E 1 St & 1 Ave,5593,40.69985,-73.97141,40.72335597960796,-73.98864984512329,member
557453,15E0088D26DAD5BF,docked_bike,2021-02-28 18:10:12,2021-02-28 18:13:19,E 2 St & 2 Ave,5593,Rivington St & Chrystie St,5453,40.725028,-73.990696,40.72110063,-73.9919254,member
557574,6C4AEA0FEAADB47B,docked_bike,2021-02-25 16:48:01,2021-02-25 17:20:06,W 54 St & 11 Ave,6955,E 1 St & 1 Ave,5593,40.768333,-73.992573,40.72335597960796,-73.98864984512329,member
557584,EE2C1766F068A6FB,docked_bike,2021-02-24 19:21:36,2021-02-24 19:47:23,W 27 St & 7 Ave,6247,E 1 St & 1 Ave,5593,40.746647,-73.993915,40.72335597960796,-73.98864984512329,member
557617,56835B393EA975E3,docked_bike,2021-02-23 14:32:45,2021-02-23 14:51:14,W 27 St & 7 Ave,6247,E 1 St & 1 Ave,5593,40.746647,-73.993915,40.72335597960796,-73.98864984512329,member
557831,E7999F44AD5F38DF,docked_bike,2021-02-25 11:28:21,2021-02-25 11:30:48,Allen St & Rivington St,5414,E 1 St & 1 Ave,5593,40.720195,-73.989978,40.72335597960796,-73.98864984512329,member
557833,65C7CCDF7D144AE0,docked_bike,2021-02-26 20:30:36,2021-02-26 20:33:00,Allen St & Rivington St,5414,E 1 St & 1 Ave,5593,40.720196,-73.989978,40.723356,-73.98865,member
557903,1A54D2BA0B6BB345,docked_bike,2021-02-19 23:20:39,2021-02-19 23:29:05,1 Ave & E 18 St,5854,E 1 St & 1 Ave,5593,40.733812,-73.980544,40.723356,-73.98865,member
557927,22AF601C8EE86AFF,docked_bike,2021-02-21 13:37:47,2021-02-21 13:52:48,Kent Ave & N 7 St,5489,E 1 St & 1 Ave,5593,40.720367,-73.96165,40.72335597960796,-73.98864984512329,casual
557938,B2986610313974A4,docked_bike,2021-02-20 20:16:33,2021-02-20 20:23:45,1 Ave & E 18 St,5854,E 1 St & 1 Ave,5593,40.733812,-73.980544,40.72335597960796,-73.98864984512329,member
558008,D5E18F0B0784220B,docked_bike,2021-02-21 12:06:26,2021-02-21 12:24:43,E 25 St & 2 Ave,6046,E 1 St & 1 Ave,5593,40.739126,-73.979737,40.72335597960796,-73.98864984512329,member
558062,3E26CB15AC7D158F,docked_bike,2021-02-19 16:55:36,2021-02-19 17:07:03,S 4 St & Wythe Ave,5204,E 1 St & 1 Ave,5593,40.712859,-73.965903,40.723356,-73.98865,member
558068,C287E540861B6C96,docked_bike,2021-02-25 15:24:28,2021-02-25 15:40:46,8 Ave & W 16 St,6072,E 1 St & 1 Ave,5593,40.740983,-74.001702,40.72335597960796,-73.98864984512329,member
558180,45BE29FF19D24C1F,docked_bike,2021-02-28 12:31:04,2021-02-28 12:42:55,E 31 St & 3 Ave,6239,E 1 St & 1 Ave,5593,40.743943,-73.97966,40.72335597960796,-73.98864984512329,member
558229,38B94F3FD2AE1203,docked_bike,2021-02-23 10:34:27,2021-02-23 10:48:03,Bank St & Hudson St,5922,E 1 St & 1 Ave,5593,40.736528,-74.00618,40.72335597960796,-73.98864984512329,casual
558339,4DB95DFEF21C1896,docked_bike,2021-02-26 17:05:15,2021-02-26 17:17:09,S 5 Pl & S 5 St,5125,E 1 St & 1 Ave,5593,40.710451,-73.960876,40.723356,-73.98865,member
558383,DC4B298C660DE687,docked_bike,2021-02-20 13:03:06,2021-02-20 13:08:52,Allen St & Hester St,5342,E 1 St & 1 Ave,5593,40.716059,-73.991908,40.723356,-73.98865,member
558434,D0B96874D2CB749A,docked_bike,2021-02-21 23:56:57,2021-02-22 00:05:39,MacDougal St & Prince St,5687,E 1 St & 1 Ave,5593,40.727102,-74.00297,40.72335597960796,-73.98864984512329,member
558480,F7FE0142628431D8,docked_bike,2021-02-17 19:00:20,2021-02-17 19:05:08,Allen St & Hester St,5342,E 1 St & 1 Ave,5593,40.716058,-73.991907,40.72335597960796,-73.98864984512329,casual
558716,850F207229796078,docked_bike,2021-02-23 13:51:37,2021-02-23 13:55:36,E 11 St & 1 Ave,5746,E 1 St & 1 Ave,5593,40.729538,-73.984267,40.72335597960796,-73.98864984512329,member
558743,9687D1DB76CF97E4,docked_bike,2021-02-25 18:42:58,2021-02-25 18:54:10,W 13 St & 7 Ave,6030,E 1 St & 1 Ave,5593,40.737815,-73.999946,40.72335597960796,-73.98864984512329,member
558790,28717E3ED8C3A426,docked_bike,2021-02-28 18:21:47,2021-02-28 18:26:07,Allen St & Hester St,5342,E 1 St & 1 Ave,5593,40.716058,-73.991907,40.72335597960796,-73.98864984512329,member
558835,F50D1A4AF036EC2E,docked_bike,2021-02-25 13:18:53,2021-02-25 13:45:24,Broadway & W 60 St,6948,E 1 St & 1 Ave,5593,40.769155,-73.981918,40.72335597960796,-73.98864984512329,member
558838,CF68B7C6F74FFCAC,docked_bike,2021-02-27 18:58:27,2021-02-27 19:43:22,E 55 St & 2 Ave,6650,E 1 St & 1 Ave,5593,40.757973,-73.966033,40.72335597960796,-73.98864984512329,member
558870,39F13262D137C6D1,docked_bike,2021-02-27 19:46:39,2021-02-27 20:04:15,Broadway & W 25 St,6173,E 1 St & 1 Ave,5593,40.742868,-73.989186,40.72335597960796,-73.98864984512329,member
558927,F9F888315B24E495,docked_bike,2021-02-26 18:16:31,2021-02-26 18:26:44,LaGuardia Pl & W 3 St,5721,E 1 St & 1 Ave,5593,40.72917,-73.998102,40.72335597960796,-73.98864984512329,casual
559081,279AA4A83BC1004C,docked_bike,2021-02-21 14:09:53,2021-02-21 14:14:50,Allen St & Hester St,5342,E 1 St & 1 Ave,5593,40.716058,-73.991907,40.72335597960796,-73.98864984512329,member
559138,A2370EDB264D8FA6,docked_bike,2021-02-27 19:26:40,2021-02-27 19:56:21,E 88 St & 1 Ave,7235,E 1 St & 1 Ave,5593,40.778301,-73.948813,40.72335597960796,-73.98864984512329,member
559252,93A3E01665BE0CCB,docked_bike,2021-02-18 18:16:51,2021-02-18 18:30:59,Front St & Washington St,4936,E 1 St & 1 Ave,5593,40.70255,-73.989402,40.72335597960796,-73.98864984512329,member
559312,6EFACB19F5A87ACD,docked_bike,2021-02-24 18:53:28,2021-02-24 19:05:21,Broadway & W 25 St,6173,E 1 St & 1 Ave,5593,40.742868,-73.989186,40.72335597960796,-73.98864984512329,member
559387,7E31035D11FEC7CA,docked_bike,2021-02-23 18:22:41,2021-02-23 18:28:51,Pike St & E Broadway,5270,E 1 St & 1 Ave,5593,40.714066,-73.992939,40.72335597960796,-73.98864984512329,member
559394,A4E62E3F8A027240,docked_bike,2021-02-19 15:54:10,2021-02-19 15:58:53,Avenue D & E 3 St,5436,E 1 St & 1 Ave,5593,40.720828,-73.977931,40.72335597960796,-73.98864984512329,member
559401,B872F17D85109F9C,docked_bike,2021-02-23 19:02:05,2021-02-23 19:43:02,Lewis Ave & Madison St,4425,E 1 St & 1 Ave,5593,40.686312,-73.935775,40.72335597960796,-73.98864984512329,member
559404,FFEF97A111722409,docked_bike,2021-02-25 17:08:54,2021-02-25 17:17:08,Pike St & E Broadway,5270,E 1 St & 1 Ave,5593,40.714066,-73.992939,40.72335597960796,-73.98864984512329,member
559440,C83758734FC074EF,docked_bike,2021-02-27 19:08:07,2021-02-27 19:38:34,Wyckoff St & Nevins St,4290,E 1 St & 1 Ave,5593,40.683426,-73.984275,40.72335597960796,-73.98864984512329,member
559446,5A3DA276C832DAAB,docked_bike,2021-02-27 16:24:19,2021-02-27 16:56:44,Wyckoff St & Nevins St,4290,E 1 St & 1 Ave,5593,40.683426,-73.984275,40.72335597960796,-73.98864984512329,member
559525,278242A8B0AE80AB,docked_bike,2021-02-27 18:10:58,2021-02-27 18:33:42,11 Ave & W 41 St,6726,E 1 St & 1 Ave,5593,40.7603,-73.998842,40.72335597960796,-73.98864984512329,casual
559536,3452A4B391EAFFD9,docked_bike,2021-02-27 18:11:08,2021-02-27 18:33:37,11 Ave & W 41 St,6726,E 1 St & 1 Ave,5593,40.7603,-73.998842,40.72335597960796,-73.98864984512329,member
559551,5EE8FE82683A2D7C,docked_bike,2021-02-18 21:05:05,2021-02-18 21:09:16,Forsyth St & Broome St,5453,E 1 St & 1 Ave,5593,40.718939,-73.992662,40.72335597960796,-73.98864984512329,member
559554,3E4351F2D16E62C7,docked_bike,2021-02-26 21:09:55,2021-02-26 21:13:08,Forsyth St & Broome St,5453,E 1 St & 1 Ave,5593,40.718939,-73.992662,40.72335597960796,-73.98864984512329,member
559555,F03A76ADE3D7972E,docked_bike,2021-02-19 20:14:26,2021-02-19 20:17:37,Forsyth St & Broome St,5453,E 1 St & 1 Ave,5593,40.718939,-73.992663,40.723356,-73.98865,member
559742,474EDF81E6382850,docked_bike,2021-02-28 09:59:40,2021-02-28 10:26:25,Lewis Ave & Madison St,4425,E 1 St & 1 Ave,5593,40.686312,-73.935775,40.72335597960796,-73.98864984512329,member
559786,B164D83B5D5C16AE,docked_bike,2021-02-23 06:30:12,2021-02-23 06:35:23,Avenue D & E 3 St,5436,E 1 St & 1 Ave,5593,40.720828,-73.977931,40.72335597960796,-73.98864984512329,member
559854,CD1E8233C0747194,docked_bike,2021-02-23 14:31:12,2021-02-23 14:58:31,Broadway & W 56 St,6847,E 1 St & 1 Ave,5593,40.765265,-73.981923,40.72335597960796,-73.98864984512329,member
559883,40128F786C11C053,docked_bike,2021-02-18 16:13:02,2021-02-18 16:31:23,Norfolk St & Broome St,5374,E 1 St & 1 Ave,5593,40.717227,-73.98802,40.72335597960796,-73.98864984512329,member
559891,B1EDDFC27D6E46DD,docked_bike,2021-02-26 16:47:14,2021-02-26 16:51:25,Norfolk St & Broome St,5374,E 1 St & 1 Ave,5593,40.717227,-73.988021,40.723356,-73.98865,member
559899,9DA54D13A4CC6872,docked_bike,2021-02-25 18:30:13,2021-02-25 19:13:34,Little West St & 1 Pl,5001,E 1 St & 1 Ave,5593,40.705692,-74.016776,40.72335597960796,-73.98864984512329,member
559969,59EA37FE121E5072,docked_bike,2021-02-27 14:38:28,2021-02-27 14:46:27,Pearl St & Peck Slip,5096,E 1 St & 1 Ave,5593,40.708485,-74.002751,40.72335597960796,-73.98864984512329,member
559971,4D321E091B12383E,docked_bike,2021-02-27 18:36:38,2021-02-27 19:01:55,Pearl St & Peck Slip,5096,E 1 St & 1 Ave,5593,40.708485,-74.002751,40.723356,-73.98865,member
560065,A4B93B62CFFF8B8F,docked_bike,2021-02-27 17:45:36,2021-02-27 18:14:55,8 Ave & W 33 St,6450,E 1 St & 1 Ave,5593,40.751551,-73.993934,40.72335597960796,-73.98864984512329,casual
560082,8F0ED618FFBDD653,docked_bike,2021-02-17 20:17:23,2021-02-17 20:24:17,E 9 St & Avenue C,5616,E 1 St & 1 Ave,5593,40.725213,-73.977687,40.72335597960796,-73.98864984512329,member
560171,0BD7DD90B6F90CB1,docked_bike,2021-02-24 17:49:00,2021-02-24 18:17:59,Pearl St & Peck Slip,5096,E 1 St & 1 Ave,5593,40.708485,-74.002751,40.72335597960796,-73.98864984512329,member
560293,B5ACF608A1539B91,docked_bike,2021-02-25 15:07:11,2021-02-25 15:15:01,E 16 St & 5 Ave,6022,E 1 St & 1 Ave,5593,40.737261,-73.992389,40.72335597960796,-73.98864984512329,member
560317,477F057EFCA09E0C,docked_bike,2021-02-24 12:08:03,2021-02-24 12:30:20,Hicks St & Montague St,4645,E 1 St & 1 Ave,5593,40.695128,-73.995951,40.723356,-73.98865,member
560354,C131233DC7FB7C23,docked_bike,2021-02-25 15:37:53,2021-02-25 15:52:53,Catherine St & Monroe St,5128,E 1 St & 1 Ave,5593,40.711174,-73.996826,40.723356,-73.98865,member
560364,31EB8EB7948B8697,docked_bike,2021-02-28 09:20:03,2021-02-28 09:21:44,Stanton St & Chrystie St,5523,E 1 St & 1 Ave,5593,40.722293,-73.991475,40.72335597960796,-73.98864984512329,member
560427,E21A8B4F3ACE305C,docked_bike,2021-02-17 17:19:37,2021-02-17 17:22:09,Stanton St & Chrystie St,5523,E 1 St & 1 Ave,5593,40.722293,-73.991475,40.72335597960796,-73.98864984512329,member
560428,CCFE872C82B1AFCE,docked_bike,2021-02-26 19:15:06,2021-02-26 19:56:24,Lafayette St & Jersey St,5561,E 1 St & 1 Ave,5593,40.72456,-73.995652,40.72335597960796,-73.98864984512329,member
560452,E0AD1A8E1923EAAC,docked_bike,2021-02-26 12:05:05,2021-02-26 12:08:07,Stanton St & Chrystie St,5523,E 1 St & 1 Ave,5593,40.722293,-73.991475,40.72335597960796,-73.98864984512329,member
560455,7999FCF93A11403D,docked_bike,2021-02-24 18:47:25,2021-02-24 18:59:20,E 20 St & FDR Drive,5886,E 1 St & 1 Ave,5593,40.733142,-73.975738,40.72335597960796,-73.98864984512329,member
560488,D972E8C02D2650DC,docked_bike,2021-02-24 15:19:36,2021-02-24 15:33:28,Catherine St & Monroe St,5128,E 1 St & 1 Ave,5593,40.711174,-73.996826,40.723356,-73.98865,member
560524,8F6EE159096CAA26,docked_bike,2021-02-26 12:05:21,2021-02-26 12:08:15,Stanton St & Chrystie St,5523,E 1 St & 1 Ave,5593,40.722293,-73.991475,40.72335597960796,-73.98864984512329,member
560548,0949D9453A5D54E2,docked_bike,2021-02-21 10:46:52,2021-02-21 10:51:37,E 12 St & Ave C,5616,E 1 St & 1 Ave,5593,40.727243,-73.976831,40.72335597960796,-73.98864984512329,member
560689,00C3CCB025BFFBB6,docked_bike,2021-02-20 14:38:20,2021-02-20 14:46:22,W 13 St & 5 Ave,5947,E 1 St & 1 Ave,5593,40.735445,-73.99431,40.72335597960796,-73.98864984512329,member
560711,0105F26147CE7C3A,docked_bike,2021-02-27 19:39:49,2021-02-27 20:14:48,W 15 St & 10 Ave,6115,E 1 St & 1 Ave,5593,40.742753,-74.007473,40.72335597960796,-73.98864984512329,member
560740,155E8B0CF4BB4FDD,docked_bike,2021-02-23 08:10:55,2021-02-23 08:18:30,E 12 St & Ave C,5616,E 1 St & 1 Ave,5593,40.727243,-73.976831,40.72335597960796,-73.98864984512329,member
560813,86EB6DB8180D9967,docked_bike,2021-02-20 12:26:49,2021-02-20 12:42:11,North Moore St & Greenwich St,5470,E 1 St & 1 Ave,5593,40.720195,-74.0103,40.72335597960796,-73.98864984512329,member
560832,BB9211AF77D629AB,docked_bike,2021-02-25 13:31:04,2021-02-25 13:48:50,Clinton St & Union St,4266,E 1 St & 1 Ave,5593,40.683116,-73.997852,40.72335597960796,-73.98864984512329,member
560874,9457477112815B95,docked_bike,2021-02-18 16:46:46,2021-02-18 16:51:09,E 11 St & 2 Ave,5746,E 1 St & 1 Ave,5593,40.730473,-73.986723,40.72335597960796,-73.98864984512329,member
560899,959CFEBA8AAB6555,docked_bike,2021-02-27 14:50:41,2021-02-27 14:52:45,E 2 St & Avenue A,5553,E 1 St & 1 Ave,5593,40.723077,-73.985836,40.72335597960796,-73.98864984512329,member
560902,6E6361222DD3BC61,docked_bike,2021-02-24 09:13:09,2021-02-24 09:29:03,E 39 St & Lexington Ave,6389,E 1 St & 1 Ave,5593,40.749498,-73.977292,40.72335597960796,-73.98864984512329,member
560907,93F42D6B24A23AD4,docked_bike,2021-02-28 08:46:27,2021-02-28 09:12:54,E 2 St & Avenue A,5553,E 1 St & 1 Ave,5593,40.723077,-73.985836,40.72335597960796,-73.98864984512329,casual
561058,DFC05507731AB649,docked_bike,2021-02-20 14:04:22,2021-02-20 14:25:00,Catherine St & Monroe St,5128,E 1 St & 1 Ave,5593,40.711174,-73.996826,40.72335597960796,-73.98864984512329,casual
561142,B7DFDAEADE6C63DC,docked_bike,2021-02-27 14:22:54,2021-02-27 14:55:30,3 Ave & E 72 St,7028,E 1 St & 1 Ave,5593,40.769942,-73.960607,40.72335597960796,-73.98864984512329,casual
561183,93485C5ECBE8D87C,docked_bike,2021-02-28 15:38:59,2021-02-28 15:59:49,9 Ave & W 22 St,6266,E 1 St & 1 Ave,5593,40.745497,-74.001971,40.72335597960796,-73.98864984512329,member
561206,52767E2313536A6C,docked_bike,2021-02-18 09:56:12,2021-02-18 10:01:11,E 11 St & 2 Ave,5746,E 1 St & 1 Ave,5593,40.730473,-73.986723,40.72335597960796,-73.98864984512329,member
561215,AAB7B92A2405A3AB,docked_bike,2021-02-24 11:14:49,2021-02-24 11:19:27,E 11 St & 2 Ave,5746,E 1 St & 1 Ave,5593,40.730473,-73.986723,40.72335597960796,-73.98864984512329,member
561349,FF798D757EB91573,docked_bike,2021-02-25 18:14:37,2021-02-25 18:20:28,E 13 St & Avenue A,5779,E 1 St & 1 Ave,5593,40.729667,-73.980679,40.72335597960796,-73.98864984512329,member
561371,0E6580E7311ACB1A,docked_bike,2021-02-21 11:32:11,2021-02-21 11:38:27,E 13 St & Avenue A,5779,E 1 St & 1 Ave,5593,40.729667,-73.980679,40.72335597960796,-73.98864984512329,member
561438,010FB793695BBEFF,docked_bike,2021-02-26 14:42:46,2021-02-26 15:11:26,E 13 St & Avenue A,5779,E 1 St & 1 Ave,5593,40.729667,-73.980679,40.72335597960796,-73.98864984512329,member
561446,5292B5E7C90D2236,docked_bike,2021-02-26 17:22:46,2021-02-26 17:33:31,W 15 St & 7 Ave,6030,E 1 St & 1 Ave,5593,40.739355,-73.999318,40.723356,-73.98865,member
561686,6D796BC06B00347C,docked_bike,2021-02-25 16:37:52,2021-02-25 16:56:53,Barclay St & Church St,5216,E 1 St & 1 Ave,5593,40.712912,-74.010202,40.72335597960796,-73.98864984512329,member
561688,AC08CD9EA90914F3,docked_bike,2021-02-25 14:35:44,2021-02-25 15:06:33,Madison Ave & E 82 St,7188,E 1 St & 1 Ave,5593,40.778131,-73.960693,40.72335597960796,-73.98864984512329,member
561775,D348490CDCD95E09,docked_bike,2021-02-20 13:29:20,2021-02-20 13:34:19,E 13 St & Avenue A,5779,E 1 St & 1 Ave,5593,40.729667,-73.980679,40.72335597960796,-73.98864984512329,member
561803,D1C05AA40083F753,docked_bike,2021-02-25 11:40:21,2021-02-25 11:59:08,Milton St & Franklin St,5752,E 1 St & 1 Ave,5593,40.72906,-73.95779,40.72335597960796,-73.98864984512329,casual
561811,4F406D92203E8C4C,docked_bike,2021-02-25 09:06:21,2021-02-25 09:12:18,E 11 St & 1 Ave,5746,E 1 St & 1 Ave,5593,40.729538,-73.984267,40.72335597960796,-73.98864984512329,member
561869,8462F66F7D48A3B6,docked_bike,2021-02-21 12:21:11,2021-02-21 12:40:28,W 20 St & 10 Ave,6306,E 1 St & 1 Ave,5593,40.745686,-74.005141,40.72335597960796,-73.98864984512329,member
561894,DE16209A965DE047,docked_bike,2021-02-26 17:55:52,2021-02-26 18:14:22,Broadway & Battery Pl,4962,E 1 St & 1 Ave,5593,40.704633,-74.013617,40.72335597960796,-73.98864984512329,member
561926,63DD4C4DF21AFDA3,docked_bike,2021-02-26 11:03:38,2021-02-26 11:19:08,Broadway & Battery Pl,4962,E 1 St & 1 Ave,5593,40.704633,-74.013617,40.72335597960796,-73.98864984512329,casual
561954,5660F6F439902D77,docked_bike,2021-02-27 22:43:02,2021-02-27 22:57:40,E 11 St & 1 Ave,5746,E 1 St & 1 Ave,5593,40.729538,-73.984267,40.72335597960796,-73.98864984512329,member
562022,BC8428EBBB6B0C47,docked_bike,2021-02-19 11:26:19,2021-02-19 11:34:02,Grand St & Elizabeth St,5382,E 1 St & 1 Ave,5593,40.718822,-73.99596,40.72335597960796,-73.98864984512329,member
562027,DB32CB3772ABBAE3,docked_bike,2021-02-19 11:26:11,2021-02-19 11:34:01,Grand St & Elizabeth St,5382,E 1 St & 1 Ave,5593,40.718822,-73.99596,40.72335597960796,-73.98864984512329,member
562162,2B4221B885202D48,docked_bike,2021-02-26 16:18:20,2021-02-26 16:23:17,Mercer St & Bleecker St,5679,E 1 St & 1 Ave,5593,40.727063,-73.996621,40.72335597960796,-73.98864984512329,casual
562236,3560ED38C6DF21AE,docked_bike,2021-02-22 22:59:24,2021-02-22 23:06:23,Carmine St & 6 Ave,5763,E 1 St & 1 Ave,5593,40.730386,-74.00215,40.723356,-73.98865,member
562261,70E733BD5796869A,docked_bike,2021-02-26 15:36:20,2021-02-26 16:12:08,3 St & Prospect Park West,3865,E 1 St & 1 Ave,5593,40.668132,-73.973638,40.72335597960796,-73.98864984512329,member
562272,BD210493EB0EE21E,docked_bike,2021-02-23 15:32:07,2021-02-23 15:36:43,Mercer St & Bleecker St,5679,E 1 St & 1 Ave,5593,40.727063,-73.996621,40.72335597960796,-73.98864984512329,member
562314,B6922E0491C1B681,docked_bike,2021-02-23 23:07:33,2021-02-23 23:14:44,Carmine St & 6 Ave,5763,E 1 St & 1 Ave,5593,40.730386,-74.00215,40.723356,-73.98865,member
562359,B047D785916CC0D0,docked_bike,2021-02-04 10:13:02,2021-02-04 10:15:57,E 4 St & 2 Ave,5593,Rivington St & Chrystie St,5453,40.726281,-73.98978,40.721101,-73.991925,member
562364,8EE055DC8F8E03BE,docked_bike,2021-02-23 12:53:44,2021-02-23 13:11:18,E 4 St & 2 Ave,5593,E 1 St & 1 Ave,5593,40.72628,-73.98978,40.72335597960796,-73.98864984512329,member
562365,B43C8419D546E065,docked_bike,2021-02-04 14:34:29,2021-02-04 14:44:13,E 4 St & 2 Ave,5593,Greenwich Ave & 8 Ave,6072,40.726281,-73.98978,40.739017,-74.002638,member
562366,AA5C1312C00CA9B0,docked_bike,2021-02-26 11:40:40,2021-02-26 11:45:04,E 4 St & 2 Ave,5593,Rivington St & Chrystie St,5453,40.72628,-73.98978,40.72110063,-73.9919254,member
562368,373849531C4B54E4,docked_bike,2021-02-28 10:06:53,2021-02-28 10:12:09,E 4 St & 2 Ave,5593,W Broadway & W Houston St,5644,40.72628,-73.98978,40.726378,-74.000472,member
562369,66BBDEB0672534E3,docked_bike,2021-02-25 17:30:11,2021-02-25 17:34:17,E 4 St & 2 Ave,5593,Rivington St & Chrystie St,5453,40.72628,-73.98978,40.72110063,-73.9919254,member
562372,182522107D3A168D,docked_bike,2021-02-26 07:20:57,2021-02-26 07:23:22,E 4 St & 2 Ave,5593,Rivington St & Chrystie St,5453,40.72628,-73.98978,40.72110063,-73.9919254,member
562373,D41CB6039EDA9961,docked_bike,2021-02-27 10:05:00,2021-02-27 10:07:23,E 4 St & 2 Ave,5593,Rivington St & Chrystie St,5453,40.72628,-73.98978,40.72110063,-73.9919254,member
562377,EA5F6F30E7FF5EF1,docked_bike,2021-02-24 13:27:08,2021-02-24 13:39:12,E 4 St & 2 Ave,5593,Greenwich Ave & 8 Ave,6072,40.72628,-73.98978,40.7390169121,-74.0026376103,member
562378,FA09EB069190152F,docked_bike,2021-02-13 09:19:06,2021-02-13 09:26:32,E 4 St & 2 Ave,5593,Greenwich Ave & 8 Ave,6072,40.726281,-73.98978,40.739017,-74.002638,member
562382,4F7E99BA02FE8304,docked_bike,2021-02-15 07:40:34,2021-02-15 07:43:37,E 4 St & 2 Ave,5593,Rivington St & Chrystie St,5453,40.72628,-73.98978,40.72110063,-73.9919254,member
562389,7EF6CE4F0F567C8E,docked_bike,2021-02-26 18:04:27,2021-02-26 18:07:04,E 4 St & 2 Ave,5593,Rivington St & Chrystie St,5453,40.72628,-73.98978,40.72110063,-73.9919254,member
562395,B47D73873DB19952,docked_bike,2021-02-16 08:05:36,2021-02-16 08:14:53,E 4 St & 2 Ave,5593,Greenwich Ave & 8 Ave,6072,40.72628,-73.98978,40.7390169121,-74.0026376103,member
562396,7161333734E9C7DB,docked_bike,2021-02-06 14:51:08,2021-02-06 14:55:28,E 4 St & 2 Ave,5593,St Marks Pl & 2 Ave,5669,40.726281,-73.98978,40.728419,-73.98714,member
562397,7608BCD5D77FAB16,docked_bike,2021-02-06 15:03:56,2021-02-06 15:10:36,E 4 St & 2 Ave,5593,St Marks Pl & 2 Ave,5669,40.726281,-73.98978,40.728419,-73.98714,member
562401,564EF9EEF6A68111,docked_bike,2021-02-21 17:44:19,2021-02-21 17:55:18,E 4 St & 2 Ave,5593,St Marks Pl & 2 Ave,5669,40.72628,-73.98978,40.7284186,-73.98713956,member
562403,472326A1A2B4AA52,docked_bike,2021-02-22 18:18:40,2021-02-22 18:21:39,E 4 St & 2 Ave,5593,Rivington St & Chrystie St,5453,40.72628,-73.98978,40.72110063,-73.9919254,casual
562413,21092457A993BA18,docked_bike,2021-02-06 12:03:03,2021-02-06 12:06:35,E 4 St & 2 Ave,5593,St Marks Pl & 2 Ave,5669,40.72628,-73.98978,40.7284186,-73.98713956,member
562423,021C12F7972E7BD7,docked_bike,2021-02-16 10:01:14,2021-02-16 10:05:47,E 4 St & 2 Ave,5593,St Marks Pl & 2 Ave,5669,40.72628,-73.98978,40.7284186,-73.98713956,member
562426,5C882FA4987CFDB4,docked_bike,2021-02-19 07:26:16,2021-02-19 07:28:49,E 4 St & 2 Ave,5593,Rivington St & Chrystie St,5453,40.72628,-73.98978,40.72110063,-73.9919254,casual
562428,D46E27FFBBA8A8E9,docked_bike,2021-02-14 09:23:54,2021-02-14 09:26:40,E 4 St & 2 Ave,5593,Rivington St & Chrystie St,5453,40.72628,-73.98978,40.72110063,-73.9919254,member
562431,945059FB550F533E,docked_bike,2021-02-26 19:17:21,2021-02-26 19:30:51,E 4 St & 2 Ave,5593,10 Ave & W 28 St,6459,40.726281,-73.98978,40.750664,-74.001768,casual
562432,3D2FB38BC36FCE0E,docked_bike,2021-02-24 19:18:58,2021-02-24 19:28:33,E 4 St & 2 Ave,5593,Greenwich Ave & 8 Ave,6072,40.72628,-73.98978,40.7390169121,-74.0026376103,member
562433,F5A2447A1E5E2DC5,docked_bike,2021-02-17 12:47:08,2021-02-17 12:51:01,E 4 St & 2 Ave,5593,Rivington St & Chrystie St,5453,40.726281,-73.98978,40.721101,-73.991925,member
562434,391C60FAB27B6800,docked_bike,2021-02-16 10:33:04,2021-02-16 10:37:18,E 4 St & 2 Ave,5593,Rivington St & Chrystie St,5453,40.726281,-73.98978,40.721101,-73.991925,member
562445,E3823D63B6307F23,docked_bike,2021-02-06 12:11:48,2021-02-06 12:15:23,E 4 St & 2 Ave,5593,St Marks Pl & 2 Ave,5669,40.72628,-73.98978,40.7284186,-73.98713956,member
562456,A21A3C0A72641F0E,docked_bike,2021-02-23 06:53:29,2021-02-23 06:56:17,E 4 St & 2 Ave,5593,Rivington St & Chrystie St,5453,40.72628,-73.98978,40.72110063,-73.9919254,member
562461,17ADD4AAA095A20E,docked_bike,2021-02-24 15:38:53,2021-02-24 15:58:03,E 4 St & 2 Ave,5593,Greenwich Ave & 8 Ave,6072,40.726281,-73.98978,40.739017,-74.002638,member
562470,37B86FD77EB7D499,docked_bike,2021-02-20 09:02:44,2021-02-20 09:05:23,E 4 St & 2 Ave,5593,Rivington St & Chrystie St,5453,40.72628,-73.98978,40.72110063,-73.9919254,casual
562472,04C426FE1D575095,docked_bike,2021-02-25 14:47:23,2021-02-25 15:59:43,E 4 St & 2 Ave,5593,W 33 St & 7 Ave,6407,40.72628,-73.98978,40.75019995,-73.99093085,member
562479,585928C6E1BC3335,docked_bike,2021-02-24 12:13:29,2021-02-24 12:55:59,E 4 St & 2 Ave,5593,Eastern Pkwy & Franklin Ave,3919,40.726281,-73.98978,40.670777,-73.95768,member
562481,65B008E898C89464,docked_bike,2021-02-10 13:38:08,2021-02-10 13:43:38,E 4 St & 2 Ave,5593,St Marks Pl & 2 Ave,5669,40.72628,-73.98978,40.7284186,-73.98713956,member
562487,E81AA6737F78401F,docked_bike,2021-02-14 10:44:38,2021-02-14 10:49:08,E 4 St & 2 Ave,5593,St Marks Pl & 2 Ave,5669,40.72628,-73.98978,40.7284186,-73.98713956,member
562488,3CDCFADCBDCCEAB8,docked_bike,2021-02-23 09:38:24,2021-02-23 09:58:14,E 4 St & 2 Ave,5593,10 Ave & W 28 St,6459,40.72628,-73.98978,40.75066386,-74.00176802,member
562489,D549E896E6ADF8E1,docked_bike,2021-02-12 09:34:25,2021-02-12 09:59:51,E 4 St & 2 Ave,5593,10 Ave & W 28 St,6459,40.72628,-73.98978,40.75066386,-74.00176802,member
562490,51A72FDA19FD7E40,docked_bike,2021-02-19 09:35:16,2021-02-19 09:59:40,E 4 St & 2 Ave,5593,10 Ave & W 28 St,6459,40.72628,-73.98978,40.75066386,-74.00176802,member
562491,D5989D0E8FF31CEE,docked_bike,2021-02-16 09:20:44,2021-02-16 09:43:14,E 4 St & 2 Ave,5593,10 Ave & W 28 St,6459,40.72628,-73.98978,40.75066386,-74.00176802,member
562492,9BD7A2A78900BBCB,docked_bike,2021-02-22 08:53:08,2021-02-22 09:03:12,E 4 St & 2 Ave,5593,Greenwich Ave & 8 Ave,6072,40.72628,-73.98978,40.7390169121,-74.0026376103,member
562494,6B99D2F6F4251A9F,docked_bike,2021-02-07 01:31:19,2021-02-07 01:34:10,E 4 St & 2 Ave,5593,Rivington St & Chrystie St,5453,40.72628,-73.98978,40.72110063,-73.9919254,member
562495,5997BAFC0BC2B1C1,docked_bike,2021-02-14 01:08:12,2021-02-14 01:11:56,E 4 St & 2 Ave,5593,Rivington St & Chrystie St,5453,40.72628,-73.98978,40.72110063,-73.9919254,member
562502,2D881DA9DD54DAB5,docked_bike,2021-02-27 00:29:34,2021-02-27 00:40:00,W 25 St & 6 Ave,6215,E 1 St & 1 Ave,5593,40.743954,-73.991448,40.72335597960796,-73.98864984512329,member
562508,DB279F3BED2D33CD,docked_bike,2021-02-13 09:11:35,2021-02-13 09:28:56,E 4 St & 2 Ave,5593,10 Ave & W 28 St,6459,40.72628,-73.98978,40.75066386,-74.00176802,member
562510,71856BC0D63AF6F9,docked_bike,2021-02-16 14:50:54,2021-02-16 14:53:29,E 4 St & 2 Ave,5593,Rivington St & Chrystie St,5453,40.72628,-73.98978,40.72110063,-73.9919254,member
562513,1DE74F8257448A9E,docked_bike,2021-02-16 14:37:22,2021-02-16 14:49:58,E 4 St & 2 Ave,5593,Greenwich Ave & 8 Ave,6072,40.72628,-73.98978,40.7390169121,-74.0026376103,member
562514,4546050D1A4B1FD4,docked_bike,2021-02-06 13:24:01,2021-02-06 13:46:02,E 4 St & 2 Ave,5593,10 Ave & W 28 St,6459,40.726281,-73.98978,40.750664,-74.001768,member
562522,C1D578C9E80B3748,docked_bike,2021-02-19 14:57:41,2021-02-19 15:06:36,E 4 St & 2 Ave,5593,Greenwich Ave & 8 Ave,6072,40.72628,-73.98978,40.7390169121,-74.0026376103,member
562529,A044A01891F747FE,docked_bike,2021-02-14 12:50:04,2021-02-14 12:53:23,E 4 St & 2 Ave,5593,Rivington St & Chrystie St,5453,40.72628,-73.98978,40.72110063,-73.9919254,member
562532,CBA84DE8419F973F,docked_bike,2021-02-27 15:52:21,2021-02-27 16:01:32,E 4 St & 2 Ave,5593,Greenwich Ave & 8 Ave,6072,40.72628,-73.98978,40.7390169121,-74.0026376103,member
562629,5008097D01CEEF3A,docked_bike,2021-02-21 14:54:48,2021-02-21 15:22:46,Cleveland Pl & Spring St,5492,E 1 St & 1 Ave,5593,40.722103,-73.997249,40.72335597960796,-73.98864984512329,member
562630,E87C65D7D51B5ECE,docked_bike,2021-02-25 17:16:11,2021-02-25 17:50:33,West St & Chambers St,5329,E 1 St & 1 Ave,5593,40.717548,-74.01322,40.72335597960796,-73.98864984512329,member
562683,726F6C8DA16789A3,docked_bike,2021-02-19 07:47:56,2021-02-19 08:07:52,E 4 St & 2 Ave,5593,W 33 St & 7 Ave,6407,40.72628,-73.98978,40.75019995,-73.99093085,casual
562684,1A56C2FFEE4E40E7,docked_bike,2021-02-24 18:40:12,2021-02-24 18:45:14,E 4 St & 2 Ave,5593,W Broadway & W Houston St,5644,40.72628,-73.98978,40.726378,-74.000472,member
562687,F1A2EC73C6720243,docked_bike,2021-02-23 10:57:12,2021-02-23 11:02:01,E 4 St & 2 Ave,5593,St Marks Pl & 2 Ave,5669,40.726281,-73.98978,40.728419,-73.98714,member
562690,5DD237843D677A94,docked_bike,2021-02-15 12:22:15,2021-02-15 13:00:43,E 4 St & 2 Ave,5593,Eastern Pkwy & Franklin Ave,3919,40.726281,-73.98978,40.670777,-73.95768,member
562691,A7C1AD8965DDD7B2,docked_bike,2021-02-17 12:05:10,2021-02-17 12:36:29,E 4 St & 2 Ave,5593,Eastern Pkwy & Franklin Ave,3919,40.726281,-73.98978,40.670777,-73.95768,member
562695,7E24992CAF06D8C3,docked_bike,2021-02-15 19:53:31,2021-02-15 20:07:50,E 4 St & 2 Ave,5593,St Marks Pl & 2 Ave,5669,40.72628,-73.98978,40.7284186,-73.98713956,member
562701,F236C77BA65FEC13,docked_bike,2021-02-27 15:52:30,2021-02-27 16:01:52,E 4 St & 2 Ave,5593,Greenwich Ave & 8 Ave,6072,40.72628,-73.98978,40.7390169121,-74.0026376103,casual
562705,F6A91D1E88183398,docked_bike,2021-02-19 18:14:54,2021-02-19 18:18:24,E 4 St & 2 Ave,5593,Rivington St & Chrystie St,5453,40.72628,-73.98978,40.72110063,-73.9919254,member
562713,12C0D143C986A079,docked_bike,2021-02-26 12:36:10,2021-02-26 12:52:50,E 4 St & 2 Ave,5593,Jay St & York St,4895,40.72628,-73.98978,40.70140317257725,-73.98672670125961,member
562731,E10BF947F9EE92A6,docked_bike,2021-02-25 21:23:18,2021-02-25 21:41:22,Pershing Square South,6432,E 1 St & 1 Ave,5593,40.751581,-73.97791,40.72335597960796,-73.98864984512329,member
562787,07D23746D7220BE5,docked_bike,2021-02-28 01:06:49,2021-02-28 01:10:00,Mott St & Prince St,5561,E 1 St & 1 Ave,5593,40.723179,-73.9948,40.72335597960796,-73.98864984512329,member
562789,5A5C11772D50DC4A,docked_bike,2021-02-26 18:07:04,2021-02-26 18:12:34,Mott St & Prince St,5561,E 1 St & 1 Ave,5593,40.723179,-73.9948,40.72335597960796,-73.98864984512329,member
562810,FE919630395F8E5D,docked_bike,2021-02-24 10:15:38,2021-02-24 10:18:18,Mott St & Prince St,5561,E 1 St & 1 Ave,5593,40.723179,-73.9948,40.72335597960796,-73.98864984512329,member
562836,3BC5CF4CBE113626,docked_bike,2021-02-22 11:15:31,2021-02-22 11:22:00,Bialystoker Pl & Delancey St,5335,E 1 St & 1 Ave,5593,40.716226,-73.982612,40.72335597960796,-73.98864984512329,member
562857,ED27BDEDAC5807C9,docked_bike,2021-02-24 13:06:26,2021-02-24 13:29:56,Central Ave & Flushing Ave,4947,E 1 St & 1 Ave,5593,40.702831,-73.9333,40.72335597960796,-73.98864984512329,member
562877,FDC1DE782EBDADD1,docked_bike,2021-02-26 23:07:28,2021-02-26 23:21:39,W 26 St & 10 Ave,6382,E 1 St & 1 Ave,5593,40.749717,-74.00295,40.72335597960796,-73.98864984512329,member
562959,B85557A5EAE8C651,docked_bike,2021-02-23 16:33:28,2021-02-23 16:43:54,W Broadway & Spring St,5569,E 1 St & 1 Ave,5593,40.724947,-74.001659,40.723356,-73.98865,member
562982,6E4183A0B5D27B08,docked_bike,2021-02-20 13:16:36,2021-02-20 13:36:49,W Broadway & Spring St,5569,E 1 St & 1 Ave,5593,40.724946,-74.001658,40.72335597960796,-73.98864984512329,casual
563084,8293040D26EAAECC,docked_bike,2021-02-26 16:56:05,2021-02-26 17:08:50,E 17 St & Broadway,5980,E 1 St & 1 Ave,5593,40.737049,-73.990092,40.72335597960796,-73.98864984512329,member
563121,B9A4F640C68DE37D,docked_bike,2021-02-27 14:35:43,2021-02-27 14:47:10,E 17 St & Broadway,5980,E 1 St & 1 Ave,5593,40.737049,-73.990092,40.72335597960796,-73.98864984512329,member
563162,B32E89933C6E5614,docked_bike,2021-02-21 12:11:40,2021-02-21 12:24:48,E 23 St & 1 Ave,5929,E 1 St & 1 Ave,5593,40.736502,-73.978094,40.72335597960796,-73.98864984512329,casual
563218,6E03DC69A309972D,docked_bike,2021-02-26 14:21:43,2021-02-26 14:29:18,E 15 St & 3 Ave,5863,E 1 St & 1 Ave,5593,40.734232,-73.986923,40.72335597960796,-73.98864984512329,member
563220,E9B1370C936EF07B,docked_bike,2021-02-27 13:55:16,2021-02-27 14:07:18,E 17 St & Broadway,5980,E 1 St & 1 Ave,5593,40.737049,-73.990092,40.72335597960796,-73.98864984512329,member
563363,70CFF3C0B5062DC2,docked_bike,2021-02-23 21:51:30,2021-02-23 21:59:03,Thompson St & Bleecker St,5721,E 1 St & 1 Ave,5593,40.7284,-73.999687,40.72335597960796,-73.98864984512329,member
563494,FA44A2CB5371ADB6,docked_bike,2021-02-25 19:10:34,2021-02-25 19:29:27,E 47 St & Park Ave,6584,E 1 St & 1 Ave,5593,40.755102,-73.974986,40.72335597960796,-73.98864984512329,casual
563568,406CD4D57EAE733B,docked_bike,2021-02-16 10:27:46,2021-02-16 10:45:35,E 4 St & 2 Ave,5593,N 12 St & Bedford Ave,5450,40.726281,-73.98978,40.720798,-73.954847,member
563577,622F9D54D4B7CC29,docked_bike,2021-02-06 17:55:21,2021-02-06 18:14:00,E 4 St & 2 Ave,5593,Lafayette Ave & Fort Greene Pl,4395,40.72628,-73.98978,40.68691865,-73.976682,member
563598,AC9DA06BCB0154C5,docked_bike,2021-02-26 11:13:29,2021-02-26 11:27:37,E 4 St & 2 Ave,5593,6 Ave & W 45 St,6593,40.72628,-73.98978,40.756951,-73.982631,member
563599,04FD06BDDDB72590,docked_bike,2021-02-24 14:50:39,2021-02-24 15:03:35,E 4 St & 2 Ave,5593,6 Ave & W 45 St,6593,40.72628,-73.98978,40.756951,-73.982631,member
563617,ACEE3087189EF4ED,docked_bike,2021-02-13 17:46:15,2021-02-13 18:05:14,E 4 St & 2 Ave,5593,N 12 St & Bedford Ave,5450,40.72628,-73.98978,40.72079821,-73.95484712,member
563620,FB765AD9F69B9F74,docked_bike,2021-02-16 10:26:50,2021-02-16 10:45:35,E 4 St & 2 Ave,5593,N 12 St & Bedford Ave,5450,40.72628,-73.98978,40.72079821,-73.95484712,member
563650,3374905354D760CD,docked_bike,2021-02-24 15:58:30,2021-02-24 16:17:47,E 4 St & 2 Ave,5593,N 12 St & Bedford Ave,5450,40.72628,-73.98978,40.72079821,-73.95484712,member
563943,0F5D8661238CAC4B,docked_bike,2021-02-09 15:51:15,2021-02-09 16:04:55,W 20 St & 7 Ave,6182,E 2 St & 2 Ave,5593,40.742387,-73.997262,40.72502876,-73.99069656,member
563951,425958BF812C21F4,docked_bike,2021-02-07 01:02:12,2021-02-07 01:14:17,1 Ave & E 16 St,5779,E 2 St & 2 Ave,5593,40.732218,-73.981655,40.72502876,-73.99069656,member
563953,D1A2734809AB520D,docked_bike,2021-02-06 19:12:27,2021-02-06 19:21:03,W 11 St & 6 Ave,5914,E 2 St & 2 Ave,5593,40.735324,-73.998004,40.725029,-73.990697,member
563973,D731CA76F16FD645,docked_bike,2021-02-17 15:02:47,2021-02-17 15:13:38,FDR Drive & E 35 St,6230,E 2 St & 2 Ave,5593,40.744219,-73.971212,40.72502876,-73.99069656,member
563974,0E5A67E40E8BDFE1,docked_bike,2021-02-20 15:30:05,2021-02-20 15:51:37,FDR Drive & E 35 St,6230,E 2 St & 2 Ave,5593,40.744219,-73.971212,40.72502876,-73.99069656,casual
563976,3E0F20B2098C8DB3,docked_bike,2021-02-05 11:50:56,2021-02-05 11:57:39,1 Ave & E 16 St,5779,E 2 St & 2 Ave,5593,40.732219,-73.981656,40.725029,-73.990697,member
563977,F4E6EADD0418D31E,docked_bike,2021-02-17 14:06:24,2021-02-17 14:12:42,1 Ave & E 16 St,5779,E 2 St & 2 Ave,5593,40.732219,-73.981656,40.725029,-73.990697,member
563978,C8CBA4FCF10414FF,docked_bike,2021-02-12 18:13:41,2021-02-12 18:24:25,1 Ave & E 16 St,5779,E 2 St & 2 Ave,5593,40.732218,-73.981655,40.72502876,-73.99069656,member
563980,13CEC890C27F2692,docked_bike,2021-02-26 18:07:40,2021-02-26 18:23:31,FDR Drive & E 35 St,6230,E 2 St & 2 Ave,5593,40.744219,-73.971212,40.72502876,-73.99069656,member
564038,CFC7673E25EC80D8,docked_bike,2021-02-06 14:57:24,2021-02-06 15:06:20,W 11 St & 6 Ave,5914,E 2 St & 2 Ave,5593,40.735324,-73.998004,40.72502876,-73.99069656,member
564056,0B41E1671FBEB385,docked_bike,2021-02-11 16:14:29,2021-02-11 16:21:45,E 20 St & 2 Ave,5971,E 2 St & 2 Ave,5593,40.735877,-73.98205,40.725029,-73.990697,member
564059,5ADA717941B63FB4,docked_bike,2021-02-21 11:21:47,2021-02-21 11:29:12,E 20 St & 2 Ave,5971,E 2 St & 2 Ave,5593,40.735876,-73.98205,40.72502876,-73.99069656,member
564060,2839F24C012E73CC,docked_bike,2021-02-24 19:23:32,2021-02-24 19:26:08,E 2 St & Avenue A,5553,E 2 St & 2 Ave,5593,40.723077,-73.985836,40.725029,-73.990697,member
564063,4F26B05A4090F48C,docked_bike,2021-02-20 15:30:48,2021-02-20 15:49:57,FDR Drive & E 35 St,6230,E 2 St & 2 Ave,5593,40.744219,-73.971212,40.725029,-73.990697,casual
564092,89BE14D8D196A889,docked_bike,2021-02-17 19:42:12,2021-02-17 19:50:59,E 25 St & 2 Ave,6046,E 2 St & 2 Ave,5593,40.739126,-73.979738,40.725029,-73.990697,member
564093,DEF0800C904ED027,docked_bike,2021-02-11 16:51:19,2021-02-11 16:56:54,4 Ave & E 12 St,5788,E 2 St & 2 Ave,5593,40.732647,-73.99011,40.72502876,-73.99069656,member
564095,B2491A5B45AE8F39,docked_bike,2021-02-17 17:00:15,2021-02-17 17:06:05,4 Ave & E 12 St,5788,E 2 St & 2 Ave,5593,40.732647,-73.99011,40.72502876,-73.99069656,member
564096,8AEB8D869768FC73,docked_bike,2021-02-11 11:19:09,2021-02-11 11:25:02,4 Ave & E 12 St,5788,E 2 St & 2 Ave,5593,40.732647,-73.99011,40.72502876,-73.99069656,member
564101,8E1BF8AC359BBEE4,docked_bike,2021-02-11 17:54:28,2021-02-11 18:07:03,E 25 St & 2 Ave,6046,E 2 St & 2 Ave,5593,40.739126,-73.979737,40.72502876,-73.99069656,member
564105,853F7CB4239FED54,docked_bike,2021-02-06 13:19:09,2021-02-06 13:35:39,E 25 St & 2 Ave,6046,E 2 St & 2 Ave,5593,40.739126,-73.979738,40.725029,-73.990697,member
564109,0892AC3FC0F26BA7,docked_bike,2021-02-16 17:55:38,2021-02-16 18:06:33,Forsyth St & Canal St,5270,E 2 St & 2 Ave,5593,40.715815,-73.994223,40.72502876,-73.99069656,member
564113,E5A49CDDE7F3300F,docked_bike,2021-02-26 17:21:02,2021-02-26 17:32:32,E 25 St & 2 Ave,6046,E 2 St & 2 Ave,5593,40.739126,-73.979737,40.72502876,-73.99069656,member
564121,391D8E129F80AA4A,docked_bike,2021-02-06 13:10:22,2021-02-06 13:19:32,1 Ave & E 16 St,5779,E 2 St & 2 Ave,5593,40.732218,-73.981655,40.72502876,-73.99069656,member
564126,41BC0CEBB31A156D,docked_bike,2021-02-19 18:45:12,2021-02-19 18:51:50,Forsyth St & Canal St,5270,E 2 St & 2 Ave,5593,40.715816,-73.994224,40.725029,-73.990697,member
564127,5120C073D650B1BD,docked_bike,2021-02-16 15:55:40,2021-02-16 16:00:18,4 Ave & E 12 St,5788,E 2 St & 2 Ave,5593,40.732647,-73.99011,40.725029,-73.990697,member
564129,22819E6F6E0D61B1,docked_bike,2021-02-17 19:23:29,2021-02-17 19:30:42,E 25 St & 2 Ave,6046,E 2 St & 2 Ave,5593,40.739126,-73.979737,40.72502876,-73.99069656,member
564131,20625EEE2B651B52,docked_bike,2021-02-10 17:10:37,2021-02-10 17:16:58,Forsyth St & Canal St,5270,E 2 St & 2 Ave,5593,40.715815,-73.994223,40.72502876,-73.99069656,casual
564151,5D8441C015CBDBD6,docked_bike,2021-02-11 16:20:26,2021-02-11 16:58:40,E 2 St & 2 Ave,5593,E 2 St & 2 Ave,5593,40.725028,-73.990696,40.72502876,-73.99069656,member
564152,FB00AEFA8153044A,docked_bike,2021-02-06 14:53:28,2021-02-06 15:05:52,W 18 St & 6 Ave,6064,E 2 St & 2 Ave,5593,40.739713,-73.994564,40.72502876,-73.99069656,member
564158,8B10AAE0BFBE3797,docked_bike,2021-02-12 16:37:58,2021-02-12 17:14:49,E 2 St & 2 Ave,5593,E 2 St & 2 Ave,5593,40.725028,-73.990696,40.72502876,-73.99069656,member
564160,7C66994616B46C8A,docked_bike,2021-02-10 08:21:27,2021-02-10 08:29:01,E 2 St & 2 Ave,5593,W 18 St & 6 Ave,6064,40.725028,-73.990696,40.73971301,-73.99456405,member
564164,2B921B58B15A9B36,docked_bike,2021-02-12 14:07:45,2021-02-12 14:52:09,E 2 St & 2 Ave,5593,E 2 St & 2 Ave,5593,40.725028,-73.990696,40.72502876,-73.99069656,member
564172,A339BE469BB3057A,docked_bike,2021-02-08 19:45:00,2021-02-08 19:45:04,E 2 St & 2 Ave,5593,E 2 St & 2 Ave,5593,40.725028,-73.990696,40.72502876,-73.99069656,casual
564175,552E523B60D55648,docked_bike,2021-02-14 13:39:39,2021-02-14 13:40:18,E 2 St & 2 Ave,5593,E 2 St & 2 Ave,5593,40.725029,-73.990697,40.725029,-73.990697,casual
564178,182C482ED4C546D1,docked_bike,2021-02-10 20:48:13,2021-02-10 20:48:19,E 2 St & 2 Ave,5593,E 2 St & 2 Ave,5593,40.725028,-73.990696,40.72502876,-73.99069656,member
564187,95015F32F21458B4,docked_bike,2021-02-11 16:43:17,2021-02-11 16:43:20,E 2 St & 2 Ave,5593,E 2 St & 2 Ave,5593,40.725028,-73.990696,40.72502876,-73.99069656,member
564190,4BAE0BB54FDA0A75,docked_bike,2021-02-14 11:03:02,2021-02-14 11:08:35,E 10 St & Avenue A,5659,E 2 St & 2 Ave,5593,40.727407,-73.98142,40.72502876,-73.99069656,member
564191,EB9F630FCA969D35,docked_bike,2021-02-24 20:13:33,2021-02-24 20:20:45,E 10 St & Avenue A,5659,E 2 St & 2 Ave,5593,40.727408,-73.98142,40.725029,-73.990697,member
564194,4792AB28A769D82D,docked_bike,2021-02-24 22:41:32,2021-02-24 22:47:42,E 2 St & 2 Ave,5593,E 10 St & Avenue A,5659,40.725028,-73.990696,40.72740794,-73.98142006,member
564198,DB240A185A679F0D,docked_bike,2021-02-16 17:19:12,2021-02-16 17:27:24,E 2 St & 2 Ave,5593,W 18 St & 6 Ave,6064,40.725028,-73.990696,40.73971301,-73.99456405,member
564201,6F63D35E427BE27A,docked_bike,2021-02-27 17:54:38,2021-02-27 17:55:29,E 2 St & 2 Ave,5593,E 2 St & 2 Ave,5593,40.725028,-73.990696,40.72502876,-73.99069656,member
564220,BEBDA7450EB827F8,docked_bike,2021-02-21 13:39:10,2021-02-21 13:45:54,E 2 St & 2 Ave,5593,E 2 St & 2 Ave,5593,40.725028,-73.990696,40.72502876,-73.99069656,member
564242,2D69D1B77CF69E07,docked_bike,2021-02-21 15:03:23,2021-02-21 15:03:46,E 2 St & 2 Ave,5593,E 2 St & 2 Ave,5593,40.725029,-73.990697,40.725029,-73.990697,member
564253,77A84186964BC4B8,docked_bike,2021-02-26 12:59:09,2021-02-26 13:26:32,E 2 St & 2 Ave,5593,E 10 St & Avenue A,5659,40.725028,-73.990696,40.72740794,-73.98142006,member
564262,B3867275FAD58610,docked_bike,2021-02-09 09:28:49,2021-02-09 09:33:07,E 2 St & 2 Ave,5593,E 10 St & Avenue A,5659,40.725028,-73.990696,40.72740794,-73.98142006,casual
564268,52AD30EB1D9C88B4,docked_bike,2021-02-28 15:04:00,2021-02-28 15:04:25,E 2 St & 2 Ave,5593,E 2 St & 2 Ave,5593,40.725028,-73.990696,40.72502876,-73.99069656,casual
564273,2C3D96CB01EC10BD,docked_bike,2021-02-26 16:57:48,2021-02-26 17:25:25,W 37 St & 5 Ave,6398,E 2 St & 2 Ave,5593,40.75038,-73.983389,40.72502876,-73.99069656,member
564274,A6C8030D36A84A5F,docked_bike,2021-02-18 10:55:30,2021-02-18 10:57:30,E 2 St & 2 Ave,5593,E 2 St & 2 Ave,5593,40.725028,-73.990696,40.72502876,-73.99069656,member
564275,C9B9917BE90E9BA4,docked_bike,2021-02-14 15:40:55,2021-02-14 15:49:46,E 10 St & Avenue A,5659,E 2 St & 2 Ave,5593,40.727407,-73.98142,40.72502876,-73.99069656,member
564284,96A063C6A24FEB40,docked_bike,2021-02-24 21:38:05,2021-02-24 21:45:15,E 2 St & 2 Ave,5593,E 10 St & Avenue A,5659,40.725029,-73.990697,40.727408,-73.98142,member
564293,298613DC491E241C,docked_bike,2021-02-24 20:13:52,2021-02-24 20:20:45,E 10 St & Avenue A,5659,E 2 St & 2 Ave,5593,40.727407,-73.98142,40.72502876,-73.99069656,member
564298,171BF2AB464D2180,docked_bike,2021-02-11 12:39:21,2021-02-11 12:39:23,E 2 St & 2 Ave,5593,E 2 St & 2 Ave,5593,40.725028,-73.990696,40.72502876,-73.99069656,member
564303,59EBA73335F3BEB6,docked_bike,2021-02-07 16:09:09,2021-02-07 16:15:20,E 10 St & Avenue A,5659,E 2 St & 2 Ave,5593,40.727407,-73.98142,40.72502876,-73.99069656,member
564305,0DE1B704169C37C7,docked_bike,2021-02-10 16:57:59,2021-02-10 17:04:54,E 2 St & 2 Ave,5593,E 10 St & Avenue A,5659,40.725028,-73.990696,40.72740794,-73.98142006,casual
564308,CB816A1473EE12C0,docked_bike,2021-02-26 15:12:05,2021-02-26 15:12:33,E 2 St & 2 Ave,5593,E 2 St & 2 Ave,5593,40.725028,-73.990696,40.72502876,-73.99069656,member
564310,CEE81DA8CE26CE5D,docked_bike,2021-02-20 18:27:39,2021-02-20 18:38:32,E 10 St & Avenue A,5659,E 2 St & 2 Ave,5593,40.727407,-73.98142,40.72502876,-73.99069656,member
564318,BBB8E945A22EC8C3,docked_bike,2021-02-16 17:37:46,2021-02-16 17:45:16,W 18 St & 6 Ave,6064,E 2 St & 2 Ave,5593,40.739713,-73.994564,40.72502876,-73.99069656,member
564320,2E88A1A319D82923,docked_bike,2021-02-09 08:33:41,2021-02-09 08:39:18,E 10 St & Avenue A,5659,E 2 St & 2 Ave,5593,40.727408,-73.98142,40.725029,-73.990697,member
564336,21F5F18679A972F1,docked_bike,2021-02-08 17:25:52,2021-02-08 17:25:57,E 2 St & 2 Ave,5593,E 2 St & 2 Ave,5593,40.725028,-73.990696,40.72502876,-73.99069656,casual
564340,284B5AD8397CF732,docked_bike,2021-02-06 14:16:17,2021-02-06 14:16:21,E 2 St & 2 Ave,5593,E 2 St & 2 Ave,5593,40.725028,-73.990696,40.72502876,-73.99069656,casual
564347,F292B6C608A3A404,docked_bike,2021-02-24 15:48:16,2021-02-24 15:50:38,E 2 St & 2 Ave,5593,E 2 St & 2 Ave,5593,40.725028,-73.990696,40.72502876,-73.99069656,casual
564348,1EB62C9815439E92,docked_bike,2021-02-11 17:04:47,2021-02-11 17:09:15,E 2 St & 2 Ave,5593,E 10 St & Avenue A,5659,40.725029,-73.990697,40.727408,-73.98142,casual
564349,38EB2EDBDB49A15A,docked_bike,2021-02-14 22:08:48,2021-02-14 22:13:17,E 2 St & 2 Ave,5593,E 10 St & Avenue A,5659,40.725028,-73.990696,40.72740794,-73.98142006,member
564353,A39138C33EE95D3B,docked_bike,2021-02-09 10:59:30,2021-02-09 11:10:48,W 18 St & 6 Ave,6064,E 2 St & 2 Ave,5593,40.739713,-73.994564,40.72502876,-73.99069656,member
564369,F8A8623A197CB988,docked_bike,2021-02-11 09:10:04,2021-02-11 09:16:13,E 10 St & Avenue A,5659,E 2 St & 2 Ave,5593,40.727407,-73.98142,40.72502876,-73.99069656,casual
564370,82B44193B245649D,docked_bike,2021-02-27 14:08:36,2021-02-27 14:13:35,E 2 St & 2 Ave,5593,E 10 St & Avenue A,5659,40.725028,-73.990696,40.72740794,-73.98142006,casual
564383,A78FC1E3F51E47D9,docked_bike,2021-02-09 17:10:14,2021-02-09 17:10:18,E 2 St & 2 Ave,5593,E 2 St & 2 Ave,5593,40.725028,-73.990696,40.72502876,-73.99069656,member
564388,903F9381AA3C67C4,docked_bike,2021-02-22 13:15:16,2021-02-22 13:28:06,E 2 St & 2 Ave,5593,E 2 St & 2 Ave,5593,40.725029,-73.990697,40.725029,-73.990697,member
564396,DAB3AD7FA80C9A55,docked_bike,2021-02-16 14:39:43,2021-02-16 14:47:14,W 18 St & 6 Ave,6064,E 2 St & 2 Ave,5593,40.739713,-73.994564,40.72502876,-73.99069656,member
564398,1607680386EE2C55,docked_bike,2021-02-09 09:42:35,2021-02-09 09:42:42,E 2 St & 2 Ave,5593,E 2 St & 2 Ave,5593,40.725028,-73.990696,40.72502876,-73.99069656,member
564400,B5EEBDB3D8CF3416,docked_bike,2021-02-05 18:56:58,2021-02-05 19:04:56,E 2 St & 2 Ave,5593,E 10 St & Avenue A,5659,40.725029,-73.990697,40.727408,-73.98142,member
564404,5BDC23CAB6B3B5D4,docked_bike,2021-02-17 08:20:06,2021-02-17 08:28:14,E 2 St & 2 Ave,5593,W 18 St & 6 Ave,6064,40.725028,-73.990696,40.73971301,-73.99456405,member
564421,1D26E8BD03CD84C8,docked_bike,2021-02-21 18:50:50,2021-02-21 19:02:20,E 2 St & 2 Ave,5593,E 2 St & 2 Ave,5593,40.725028,-73.990696,40.72502876,-73.99069656,member
564425,DFFFCDD1445EB55D,docked_bike,2021-02-08 11:22:52,2021-02-08 11:39:03,E 10 St & Avenue A,5659,E 2 St & 2 Ave,5593,40.727407,-73.98142,40.72502876,-73.99069656,member
564426,1094EC3035FB966C,docked_bike,2021-02-05 17:24:10,2021-02-05 17:25:13,E 2 St & 2 Ave,5593,E 2 St & 2 Ave,5593,40.725028,-73.990696,40.72502876,-73.99069656,member
564427,42A5A086D9F5B468,docked_bike,2021-02-24 20:38:23,2021-02-24 20:44:40,E 10 St & Avenue A,5659,E 2 St & 2 Ave,5593,40.727407,-73.98142,40.72502876,-73.99069656,member
564431,6CD926E0B96142C8,docked_bike,2021-02-06 21:05:22,2021-02-06 21:50:22,E 2 St & 2 Ave,5593,E 2 St & 2 Ave,5593,40.725028,-73.990696,40.72502876,-73.99069656,member
564435,0D653F49471D1C7F,docked_bike,2021-02-12 07:26:18,2021-02-12 07:26:27,E 2 St & 2 Ave,5593,E 2 St & 2 Ave,5593,40.725028,-73.990696,40.72502876,-73.99069656,casual
564436,143CBDB56B33C579,docked_bike,2021-02-10 16:15:18,2021-02-10 16:21:39,E 10 St & Avenue A,5659,E 2 St & 2 Ave,5593,40.727407,-73.98142,40.72502876,-73.99069656,casual
564445,C04F79E318BC7021,docked_bike,2021-02-13 16:01:13,2021-02-13 16:01:24,E 2 St & 2 Ave,5593,E 2 St & 2 Ave,5593,40.725028,-73.990696,40.72502876,-73.99069656,member
564448,F9A50A4E57230E50,docked_bike,2021-02-27 18:11:15,2021-02-27 18:12:25,E 2 St & 2 Ave,5593,E 2 St & 2 Ave,5593,40.725028,-73.990696,40.72502876,-73.99069656,casual
564454,AD493170E1215320,docked_bike,2021-02-10 15:50:43,2021-02-10 16:04:19,Madison St & Clinton St,5190,E 2 St & 2 Ave,5593,40.71269,-73.987763,40.725029,-73.990697,member
564456,2D1E3A5A6AE878E6,docked_bike,2021-02-14 15:29:02,2021-02-14 15:48:28,Madison St & Clinton St,5190,E 2 St & 2 Ave,5593,40.71269,-73.987763,40.72502876,-73.99069656,casual
564468,C7CB99864F6F8314,docked_bike,2021-02-13 23:32:29,2021-02-13 23:44:29,Madison St & Clinton St,5190,E 2 St & 2 Ave,5593,40.71269,-73.987763,40.725029,-73.990697,member
564473,66E9BB2A482CAFBF,docked_bike,2021-02-26 22:06:03,2021-02-26 22:14:12,1 Ave & E 16 St,5779,E 2 St & 2 Ave,5593,40.732218,-73.981655,40.72502876,-73.99069656,casual
564484,33C7E9534174AD6D,docked_bike,2021-02-11 16:37:44,2021-02-11 16:56:17,8 Ave & W 33 St,6450,E 2 St & 2 Ave,5593,40.751551,-73.993934,40.725029,-73.990697,member
564502,D6B2E9854C7E9259,docked_bike,2021-02-24 15:20:57,2021-02-24 15:47:23,E 45 St & 3 Ave,6464,E 2 St & 2 Ave,5593,40.752554,-73.972826,40.72502876,-73.99069656,casual
564514,DEAF8C50F35953D9,docked_bike,2021-02-11 19:04:11,2021-02-11 20:32:11,W 20 St & 8 Ave,6224,E 2 St & 2 Ave,5593,40.743453,-74.00004,40.72502876,-73.99069656,member
564519,03647E0F60436B43,docked_bike,2021-02-27 00:21:48,2021-02-27 00:36:43,W 4 St & 7 Ave S,5880,E 2 St & 2 Ave,5593,40.734011,-74.002938,40.72502876,-73.99069656,casual
564535,864A7AC5338F61E1,docked_bike,2021-02-18 09:53:47,2021-02-18 10:04:56,E 25 St & 2 Ave,6046,E 2 St & 2 Ave,5593,40.739126,-73.979737,40.72502876,-73.99069656,member
564543,02F0BE0FB1CDC288,docked_bike,2021-02-23 18:39:09,2021-02-23 19:21:55,Madison Ave & E 99 St,7443,E 2 St & 2 Ave,5593,40.789485,-73.952429,40.72502876,-73.99069656,member
564551,E9785D191CB092EB,docked_bike,2021-02-20 13:31:07,2021-02-20 13:54:54,E 40 St & 5 Ave,6474,E 2 St & 2 Ave,5593,40.752062,-73.981632,40.72502876,-73.99069656,casual
564557,914777689203B588,docked_bike,2021-02-09 09:42:29,2021-02-09 10:16:29,5 Ave & E 72 St,7100,E 2 St & 2 Ave,5593,40.772828,-73.966853,40.725029,-73.990697,member
564566,8E1E96590A98F5B4,docked_bike,2021-02-14 14:50:25,2021-02-14 14:56:13,Allen St & Hester St,5342,E 2 St & 2 Ave,5593,40.716058,-73.991907,40.72502876,-73.99069656,member
564574,08B01923C029252B,docked_bike,2021-02-06 11:57:34,2021-02-06 12:18:10,E 2 St & 2 Ave,5593,E 2 St & 2 Ave,5593,40.725028,-73.990696,40.72502876,-73.99069656,casual
564585,264CC0D723D6032B,docked_bike,2021-02-22 07:51:44,2021-02-22 08:14:29,7 Ave & Central Park South,6912,E 2 St & 2 Ave,5593,40.76674,-73.979068,40.72502876,-73.99069656,member
564596,5C1D9106B3D7452E,docked_bike,2021-02-24 21:38:00,2021-02-24 21:45:14,E 2 St & 2 Ave,5593,E 10 St & Avenue A,5659,40.725028,-73.990696,40.72740794,-73.98142006,member
564602,E56C0457426206EF,docked_bike,2021-02-14 17:03:30,2021-02-14 17:12:03,E 10 St & Avenue A,5659,E 2 St & 2 Ave,5593,40.727407,-73.98142,40.72502876,-73.99069656,member
564606,CDB692F9066ADD06,docked_bike,2021-02-20 11:25:23,2021-02-20 11:52:32,Pacific St & Nevins St,4362,E 2 St & 2 Ave,5593,40.685376,-73.983021,40.72502876,-73.99069656,member
564617,B6CB0A2C84ED34E4,docked_bike,2021-02-20 16:12:41,2021-02-20 16:49:03,W 74 St & Columbus Ave,7230,E 2 St & 2 Ave,5593,40.778566,-73.977549,40.72502876,-73.99069656,member
564625,BFBCB9FBE62A565F,docked_bike,2021-02-04 14:09:12,2021-02-04 14:09:13,E 2 St & 2 Ave,5593,E 2 St & 2 Ave,5593,40.725029,-73.990697,40.725029,-73.990697,member
564656,6855FF0009E6003C,docked_bike,2021-02-06 10:52:45,2021-02-06 11:02:49,Cherry St,5181,E 2 St & 2 Ave,5593,40.712199,-73.979481,40.72502876,-73.99069656,member
564657,450670229BA770E4,docked_bike,2021-02-26 20:18:04,2021-02-26 20:28:06,Cherry St,5181,E 2 St & 2 Ave,5593,40.712199,-73.979481,40.72502876,-73.99069656,member
564662,02ED96CBA249788D,docked_bike,2021-02-27 15:35:00,2021-02-27 15:42:27,Allen St & Hester St,5342,E 2 St & 2 Ave,5593,40.716058,-73.991907,40.72502876,-73.99069656,member
564667,B187688C7B2C9159,docked_bike,2021-02-10 13:25:47,2021-02-10 13:35:49,Allen St & Hester St,5342,E 2 St & 2 Ave,5593,40.716058,-73.991907,40.72502876,-73.99069656,member
564671,BC11B9F662ED617F,docked_bike,2021-02-12 16:17:10,2021-02-12 16:21:44,E 10 St & Avenue A,5659,E 2 St & 2 Ave,5593,40.727407,-73.98142,40.72502876,-73.99069656,member
564676,2930683C1AA1768C,docked_bike,2021-02-10 09:39:23,2021-02-10 09:44:47,E 2 St & 2 Ave,5593,E 10 St & Avenue A,5659,40.725029,-73.990697,40.727408,-73.98142,casual
564678,BF983F1C5D86593D,docked_bike,2021-02-27 13:30:24,2021-02-27 13:35:18,E 10 St & Avenue A,5659,E 2 St & 2 Ave,5593,40.727407,-73.98142,40.72502876,-73.99069656,casual
564680,6047BA619785216A,docked_bike,2021-02-20 15:26:50,2021-02-20 15:45:50,E 2 St & 2 Ave,5593,E 2 St & 2 Ave,5593,40.725028,-73.990696,40.72502876,-73.99069656,member
564681,1119148E9BAD24D4,docked_bike,2021-02-12 12:33:41,2021-02-12 12:48:23,E 2 St & 2 Ave,5593,E 2 St & 2 Ave,5593,40.725028,-73.990696,40.72502876,-73.99069656,member
564683,421F2B428AAE1493,docked_bike,2021-02-24 09:10:45,2021-02-24 09:22:40,E 2 St & 2 Ave,5593,W 18 St & 6 Ave,6064,40.725028,-73.990696,40.73971301,-73.99456405,member
564686,6D905E13063EE1AD,docked_bike,2021-02-13 10:14:23,2021-02-13 10:21:54,Allen St & Hester St,5342,E 2 St & 2 Ave,5593,40.716058,-73.991907,40.72502876,-73.99069656,member
564687,5CCAB3D7D72D0F70,docked_bike,2021-02-25 14:55:54,2021-02-25 15:10:21,Allen St & Hester St,5342,E 2 St & 2 Ave,5593,40.716058,-73.991907,40.72502876,-73.99069656,casual
564698,41A219F10B4E8B18,docked_bike,2021-02-17 13:39:00,2021-02-17 13:56:49,Broadway & Battery Pl,4962,E 2 St & 2 Ave,5593,40.704633,-74.013617,40.72502876,-73.99069656,member
564702,C7481BACC2BC0852,docked_bike,2021-02-14 17:01:42,2021-02-14 17:12:40,Madison St & Clinton St,5190,E 2 St & 2 Ave,5593,40.71269,-73.987763,40.72502876,-73.99069656,casual
564708,CD5CB599EF9B4C01,docked_bike,2021-02-17 18:40:57,2021-02-17 19:00:40,W 20 St & 8 Ave,6224,E 2 St & 2 Ave,5593,40.743453,-74.00004,40.72502876,-73.99069656,casual
564719,B6D592B89EFF2A97,docked_bike,2021-02-13 10:47:52,2021-02-13 10:51:51,E 2 St & Avenue B,5515,E 2 St & 2 Ave,5593,40.722174,-73.983687,40.72502876,-73.99069656,member
564733,B876A4BC7F0869C0,docked_bike,2021-02-20 10:05:54,2021-02-20 10:37:58,W 34 St & 11 Ave,6578,E 2 St & 2 Ave,5593,40.755941,-74.002116,40.72502876,-73.99069656,member
564745,4E78DDE928CDBD71,docked_bike,2021-02-14 13:54:59,2021-02-14 14:20:25,E 77 St & 3 Ave,7092,E 2 St & 2 Ave,5593,40.773142,-73.958561,40.72502876,-73.99069656,member
564754,7E420587CD93966D,docked_bike,2021-02-25 19:32:51,2021-02-25 19:57:43,E 103 St & Lexington Ave,7463,E 2 St & 2 Ave,5593,40.790305,-73.947557,40.72502876,-73.99069656,casual
564755,17262E11597423CF,docked_bike,2021-02-16 16:13:33,2021-02-16 16:25:20,W 21 St & 6 Ave,6140,E 2 St & 2 Ave,5593,40.741739,-73.994155,40.72502876,-73.99069656,member
564768,488A1172404BC4C5,docked_bike,2021-02-12 17:26:56,2021-02-12 17:45:15,E 14 St & Avenue B,5736,E 2 St & 2 Ave,5593,40.729386,-73.977724,40.72502876,-73.99069656,member
564811,9F23D2A61D2D0EB7,docked_bike,2021-02-20 11:33:43,2021-02-20 12:09:11,Canal St & Rutgers St,5303,E 2 St & 2 Ave,5593,40.714274,-73.9899,40.72502876,-73.99069656,member
564812,CADA2CB5892E3D5F,docked_bike,2021-02-03 22:14:27,2021-02-03 22:22:00,Canal St & Rutgers St,5303,E 2 St & 2 Ave,5593,40.714275,-73.9899,40.725029,-73.990697,member
564876,881E0FC9450FF881,docked_bike,2021-02-09 12:04:14,2021-02-09 12:09:47,E 11 St & 2 Ave,5746,E 2 St & 2 Ave,5593,40.730473,-73.986723,40.72502876,-73.99069656,member
564879,D1546D6B26079D86,docked_bike,2021-02-26 09:02:33,2021-02-26 09:09:32,E 11 St & 2 Ave,5746,E 2 St & 2 Ave,5593,40.730473,-73.986723,40.72502876,-73.99069656,member
564880,9968C281765940C8,docked_bike,2021-02-09 15:01:51,2021-02-09 15:06:32,E 11 St & 2 Ave,5746,E 2 St & 2 Ave,5593,40.730473,-73.986724,40.725029,-73.990697,member
564890,9EDD0050DA344374,docked_bike,2021-02-12 12:37:04,2021-02-12 12:49:27,Washington St & Gansevoort St,6039,E 2 St & 2 Ave,5593,40.739323,-74.008119,40.72502876,-73.99069656,member
564894,56007D8AA7B5CAE9,docked_bike,2021-02-09 16:57:54,2021-02-09 17:24:39,5 Ave & E 63 St,6904,E 2 St & 2 Ave,5593,40.766368,-73.971518,40.72502876,-73.99069656,casual
564898,F2932053A6EF8BEF,docked_bike,2021-02-04 20:16:36,2021-02-04 20:31:33,9 Ave & W 22 St,6266,E 2 St & 2 Ave,5593,40.745497,-74.001971,40.725029,-73.990697,member
564903,4432436B7A9EC478,docked_bike,2021-02-05 19:52:54,2021-02-05 19:59:50,E 11 St & 2 Ave,5746,E 2 St & 2 Ave,5593,40.730473,-73.986724,40.725029,-73.990697,member
564905,C8C97705DBE70EA5,docked_bike,2021-02-07 18:15:59,2021-02-07 18:19:01,E 11 St & 2 Ave,5746,E 2 St & 2 Ave,5593,40.730473,-73.986723,40.72502876,-73.99069656,member
564925,2DA485EF146DF70B,docked_bike,2021-02-09 16:52:09,2021-02-09 17:02:07,W 11 St & 6 Ave,5914,E 2 St & 2 Ave,5593,40.735324,-73.998004,40.72502876,-73.99069656,casual
564943,1F3B041C9B784C9C,docked_bike,2021-02-26 14:10:52,2021-02-26 14:38:38,West End Ave & W 60 St,7059,E 2 St & 2 Ave,5593,40.77237,-73.99005,40.725029,-73.990697,member
564955,2F959213C9753B78,docked_bike,2021-02-10 16:43:42,2021-02-10 16:50:24,Pearl St & Peck Slip,5096,E 2 St & 2 Ave,5593,40.708485,-74.002751,40.72502876,-73.99069656,member
564969,9452725B3CD85F13,docked_bike,2021-02-19 18:20:06,2021-02-19 18:24:36,E 2 St & Avenue C,5476,E 2 St & 2 Ave,5593,40.720873,-73.980857,40.72502876,-73.99069656,member
564970,2944E2B37A842C63,docked_bike,2021-02-23 21:11:18,2021-02-23 21:26:02,Bergen St & Smith St,4446,E 2 St & 2 Ave,5593,40.686744,-73.990631,40.72502876,-73.99069656,casual
564978,EC81E36FE52B3BA1,docked_bike,2021-02-23 18:47:05,2021-02-23 18:54:11,E 2 St & Avenue C,5476,E 2 St & 2 Ave,5593,40.720873,-73.980857,40.72502876,-73.99069656,member
564982,5453E74EF0020F5A,docked_bike,2021-02-14 10:58:33,2021-02-14 11:06:06,E 2 St & Avenue C,5476,E 2 St & 2 Ave,5593,40.720873,-73.980857,40.72502876,-73.99069656,member
564987,C8014457482FA5FD,docked_bike,2021-02-24 15:06:14,2021-02-24 16:25:37,Lexington Ave & E 24 St,6089,E 2 St & 2 Ave,5593,40.740258,-73.984092,40.72502876,-73.99069656,casual
564988,2DE3A6FFA2DDBA4A,docked_bike,2021-02-12 16:05:12,2021-02-12 16:11:06,E 2 St & Avenue C,5476,E 2 St & 2 Ave,5593,40.720873,-73.980857,40.72502876,-73.99069656,member
564993,6A512A3835D6DDAF,docked_bike,2021-02-12 20:34:50,2021-02-12 21:07:36,Lexington Ave & E 24 St,6089,E 2 St & 2 Ave,5593,40.740258,-73.984092,40.72502876,-73.99069656,member
564995,706618E6740489A9,docked_bike,2021-02-28 03:12:27,2021-02-28 03:16:51,E 2 St & Avenue C,5476,E 2 St & 2 Ave,5593,40.720873,-73.980857,40.72502876,-73.99069656,member
565001,1D751DDB31010701,docked_bike,2021-02-22 17:08:56,2021-02-22 17:35:54,Cadman Plaza E & Tillary St,4677,E 2 St & 2 Ave,5593,40.695977,-73.990149,40.725029,-73.990697,member
565012,86680A642D670862,docked_bike,2021-02-06 18:55:49,2021-02-06 19:02:11,E 20 St & Park Ave,6055,E 2 St & 2 Ave,5593,40.738274,-73.987519,40.72502876,-73.99069656,casual
565033,56500C1EE9D86FE5,docked_bike,2021-02-20 16:52:00,2021-02-20 17:04:18,Bank St & Hudson St,5922,E 2 St & 2 Ave,5593,40.736528,-74.00618,40.72502876,-73.99069656,member
565037,15A4CC30489F1FCF,docked_bike,2021-02-21 11:54:42,2021-02-21 12:08:32,8 Ave & W 31 St,6450,E 2 St & 2 Ave,5593,40.750585,-73.994684,40.72502876,-73.99069656,member
565062,87DCC8E85C7965A6,docked_bike,2021-02-17 15:48:18,2021-02-17 15:55:02,Allen St & Stanton St,5484,E 2 St & 2 Ave,5593,40.722055,-73.989111,40.725029,-73.990697,member
565075,36E47EB9408B9A3A,docked_bike,2021-02-19 19:05:13,2021-02-19 19:14:35,Christopher St & Greenwich St,5847,E 2 St & 2 Ave,5593,40.732915,-74.007113,40.72502876,-73.99069656,member
565080,DDC3BA9E67CFE86E,docked_bike,2021-02-16 12:02:46,2021-02-16 12:10:30,E 9 St & Avenue C,5616,E 2 St & 2 Ave,5593,40.725213,-73.977687,40.72502876,-73.99069656,member
565082,C6850DCC372EDE1E,docked_bike,2021-02-22 08:51:30,2021-02-22 08:57:44,E 9 St & Avenue C,5616,E 2 St & 2 Ave,5593,40.725213,-73.977687,40.72502876,-73.99069656,member
565110,04CEEAE944C12844,docked_bike,2021-02-16 11:28:28,2021-02-16 11:37:32,University Pl & E 8 St,5755,E 2 St & 2 Ave,5593,40.731437,-73.994903,40.72502876,-73.99069656,member
565114,4A321B0120440D6F,docked_bike,2021-02-21 14:48:17,2021-02-21 15:09:12,1 Ave & E 62 St,6753,E 2 St & 2 Ave,5593,40.761227,-73.96094,40.72502876,-73.99069656,member
565121,4AAF9BA6CAB1220C,docked_bike,2021-02-10 11:37:54,2021-02-10 11:47:01,Avenue C & E 18 St,5769,E 2 St & 2 Ave,5593,40.730563,-73.973984,40.72502876,-73.99069656,member
565123,5642B8267BCF3752,docked_bike,2021-02-09 16:14:51,2021-02-09 16:22:55,E 16 St & Irving Pl,5938,E 2 St & 2 Ave,5593,40.735367,-73.987973,40.72502876,-73.99069656,member
565124,7BFA9F319ADB0B6B,docked_bike,2021-02-17 18:47:30,2021-02-17 18:49:51,E 2 St & Avenue B,5515,E 2 St & 2 Ave,5593,40.722174,-73.983687,40.72502876,-73.99069656,member
565126,76B776FCC91156A5,docked_bike,2021-02-16 16:55:01,2021-02-16 17:05:16,Murray St & Greenwich St,5288,E 2 St & 2 Ave,5593,40.714851,-74.011223,40.72502876,-73.99069656,casual
565145,ECC5218094859143,docked_bike,2021-02-21 17:52:01,2021-02-21 18:22:21,Central Park West & W 72 St,7141,E 2 St & 2 Ave,5593,40.775793,-73.976205,40.72502876,-73.99069656,member
565160,FF44C8550FFC9DC1,docked_bike,2021-02-21 13:17:12,2021-02-21 13:28:43,6 Ave & Broome St,5610,E 2 St & 2 Ave,5593,40.724308,-74.00473,40.72502876,-73.99069656,casual
565166,14395E011DEDDB28,docked_bike,2021-02-21 20:08:49,2021-02-21 20:33:06,6 Ave & Broome St,5610,E 2 St & 2 Ave,5593,40.724308,-74.00473,40.72502876,-73.99069656,member
565168,BCEA6F911639ADC4,docked_bike,2021-02-15 11:53:39,2021-02-15 12:03:48,6 Ave & Broome St,5610,E 2 St & 2 Ave,5593,40.724308,-74.00473,40.72502876,-73.99069656,casual
565179,7392108F798321E2,docked_bike,2021-02-10 14:37:14,2021-02-10 14:44:39,E 11 St & 2 Ave,5746,E 2 St & 2 Ave,5593,40.730473,-73.986724,40.725029,-73.990697,member
565192,552FA296A78EAE39,docked_bike,2021-02-04 20:14:10,2021-02-04 20:22:03,E 11 St & Avenue B,5659,E 2 St & 2 Ave,5593,40.727464,-73.979504,40.725029,-73.990697,member
565194,A7BDCBB1DEBAB2EB,docked_bike,2021-02-16 19:23:46,2021-02-16 19:30:01,E 11 St & Avenue B,5659,E 2 St & 2 Ave,5593,40.727464,-73.979504,40.725029,-73.990697,member
565206,248C4B28F4B7BD32,docked_bike,2021-02-19 19:16:33,2021-02-19 19:22:07,E 11 St & Avenue B,5659,E 2 St & 2 Ave,5593,40.727464,-73.979504,40.725029,-73.990697,member
565228,5A7F19922B3CB342,docked_bike,2021-02-05 20:58:42,2021-02-05 21:09:32,1 Ave & E 18 St,5854,E 2 St & 2 Ave,5593,40.733812,-73.980544,40.72502876,-73.99069656,casual
565232,561903900A9CD973,docked_bike,2021-02-16 11:34:08,2021-02-16 11:43:06,1 Ave & E 18 St,5854,E 2 St & 2 Ave,5593,40.733812,-73.980544,40.72502876,-73.99069656,member
565234,BF5AEBB9D06F95B1,docked_bike,2021-02-26 15:40:45,2021-02-26 16:11:42,Grand Army Plaza & Central Park S,6839,E 2 St & 2 Ave,5593,40.764397,-73.973714,40.72502876,-73.99069656,member
565237,77EF5C73A25087A3,docked_bike,2021-02-14 22:11:14,2021-02-14 22:16:26,E 11 St & Avenue B,5659,E 2 St & 2 Ave,5593,40.727464,-73.979504,40.725029,-73.990697,member
565238,8695EBC147832DFD,docked_bike,2021-02-24 18:59:58,2021-02-24 19:08:08,E 11 St & Avenue B,5659,E 2 St & 2 Ave,5593,40.727464,-73.979504,40.72502876,-73.99069656,member
565240,AD1DBCE3F37BCFFA,docked_bike,2021-02-24 21:08:10,2021-02-24 21:15:11,1 Ave & E 18 St,5854,E 2 St & 2 Ave,5593,40.733812,-73.980544,40.72502876,-73.99069656,member
565244,0AC2C5953070B4F6,docked_bike,2021-02-24 09:16:22,2021-02-24 09:21:26,E 11 St & Avenue B,5659,E 2 St & 2 Ave,5593,40.727464,-73.979504,40.725029,-73.990697,member
565249,2547FE2F54B2D501,docked_bike,2021-02-20 10:41:05,2021-02-20 10:48:05,1 Ave & E 18 St,5854,E 2 St & 2 Ave,5593,40.733812,-73.980544,40.725029,-73.990697,member
565251,A2080B35FB7FEF59,docked_bike,2021-02-21 17:33:54,2021-02-21 17:44:49,W 16 St & The High Line,6233,E 2 St & 2 Ave,5593,40.743349,-74.006817,40.72502876,-73.99069656,member
565252,E3C1A4AD0CF54CC8,docked_bike,2021-02-14 16:44:41,2021-02-14 16:52:19,1 Ave & E 18 St,5854,E 2 St & 2 Ave,5593,40.733812,-73.980544,40.72502876,-73.99069656,member
565257,9E6CA39E0223952A,docked_bike,2021-02-14 19:52:27,2021-02-14 19:58:51,MacDougal St & Prince St,5687,E 2 St & 2 Ave,5593,40.727102,-74.00297,40.72502876,-73.99069656,member
565273,CB0389F938D3BD27,docked_bike,2021-02-14 17:46:53,2021-02-14 17:51:56,E 11 St & Avenue B,5659,E 2 St & 2 Ave,5593,40.727464,-73.979504,40.72502876,-73.99069656,member
565278,24ADE6D83EFF76DC,docked_bike,2021-02-05 16:47:34,2021-02-05 17:44:57,Grand Army Plaza & Central Park S,6839,E 2 St & 2 Ave,5593,40.764397,-73.973714,40.72502876,-73.99069656,member
565307,BC2F1051274927AD,docked_bike,2021-02-24 21:09:03,2021-02-24 21:15:40,1 Ave & E 18 St,5854,E 2 St & 2 Ave,5593,40.733812,-73.980544,40.725029,-73.990697,casual
565329,9E742C1C3BDBA7C1,docked_bike,2021-02-19 11:14:45,2021-02-19 11:19:41,University Pl & E 8 St,5755,E 2 St & 2 Ave,5593,40.731437,-73.994903,40.72502876,-73.99069656,member
565330,3DF7F676E0EE0069,docked_bike,2021-02-25 11:29:09,2021-02-25 11:34:21,University Pl & E 8 St,5755,E 2 St & 2 Ave,5593,40.731437,-73.994903,40.72502876,-73.99069656,member
565331,00744492405D54AB,docked_bike,2021-02-17 11:32:15,2021-02-17 11:46:41,E 27 St & Park Ave S,6131,E 2 St & 2 Ave,5593,40.742751,-73.984715,40.72502876,-73.99069656,member
565335,977C09C8982C3DAF,docked_bike,2021-02-15 12:13:12,2021-02-15 12:24:40,E 51 St & 2 Ave,6575,E 2 St & 2 Ave,5593,40.755293,-73.967641,40.72502876,-73.99069656,member
565336,680CAE581FF2B260,docked_bike,2021-02-10 10:49:01,2021-02-10 10:57:38,1 Ave & E 30 St,6079,E 2 St & 2 Ave,5593,40.741443,-73.97536,40.72502876,-73.99069656,casual
565338,C7CBACCD3A587BCA,docked_bike,2021-02-23 19:24:35,2021-02-23 19:56:58,E 97 St & Madison Ave,7393,E 2 St & 2 Ave,5593,40.787801,-73.953559,40.72502876,-73.99069656,casual
565339,1E82E125F567619E,docked_bike,2021-02-08 19:33:37,2021-02-08 19:48:46,1 Ave & E 30 St,6079,E 2 St & 2 Ave,5593,40.741444,-73.975361,40.725029,-73.990697,member
565341,DCE86DC956151A88,docked_bike,2021-02-25 14:33:40,2021-02-25 15:01:17,E 43 St & 2 Ave,6422,E 2 St & 2 Ave,5593,40.750224,-73.971214,40.725029,-73.990697,casual
565357,8133D1406EEF0C2F,docked_bike,2021-02-18 19:11:39,2021-02-18 19:23:16,1 Ave & E 18 St,5854,E 2 St & 2 Ave,5593,40.733812,-73.980544,40.72502876,-73.99069656,member
565375,529C7BB60178C42F,docked_bike,2021-02-06 13:27:34,2021-02-06 13:45:51,1 Ave & E 30 St,6079,E 2 St & 2 Ave,5593,40.741443,-73.97536,40.72502876,-73.99069656,casual
565382,CB95290BDF332E9F,docked_bike,2021-02-19 08:24:32,2021-02-19 08:34:36,1 Ave & E 30 St,6079,E 2 St & 2 Ave,5593,40.741443,-73.97536,40.72502876,-73.99069656,member
565385,FEA19AF481414D8E,docked_bike,2021-02-13 19:17:18,2021-02-13 19:26:30,1 Ave & E 30 St,6079,E 2 St & 2 Ave,5593,40.741443,-73.97536,40.72502876,-73.99069656,member
565403,656DBD6B201EB7FF,docked_bike,2021-02-19 18:53:02,2021-02-19 19:23:29,1 Ave & E 30 St,6079,E 2 St & 2 Ave,5593,40.741443,-73.97536,40.72502876,-73.99069656,member
565408,3542AFD644D7E837,docked_bike,2021-02-05 13:57:06,2021-02-05 14:10:09,E 31 St & 3 Ave,6239,E 2 St & 2 Ave,5593,40.743943,-73.97966,40.72502876,-73.99069656,member
565410,C846EA4E00DF5AD5,docked_bike,2021-02-11 10:35:14,2021-02-11 10:41:18,LaGuardia Pl & W 3 St,5721,E 2 St & 2 Ave,5593,40.72917,-73.998102,40.72502876,-73.99069656,member
565411,E4C96FC827EE442A,docked_bike,2021-02-16 09:12:27,2021-02-16 09:17:40,E 2 St & Avenue C,5476,E 2 St & 2 Ave,5593,40.720874,-73.980858,40.725029,-73.990697,member
565413,8F81B345CE565F9B,docked_bike,2021-02-19 05:38:56,2021-02-19 05:43:01,E 2 St & Avenue C,5476,E 2 St & 2 Ave,5593,40.720873,-73.980857,40.72502876,-73.99069656,member
565414,8E2437043E079AA2,docked_bike,2021-02-04 11:26:14,2021-02-04 11:34:17,E 2 St & Avenue C,5476,E 2 St & 2 Ave,5593,40.720874,-73.980858,40.725029,-73.990697,member
565418,1B6E4D697CBC8A54,docked_bike,2021-02-05 16:22:18,2021-02-05 16:32:52,E 27 St & 1 Ave,6004,E 2 St & 2 Ave,5593,40.739445,-73.976806,40.725029,-73.990697,member
565419,6EA265F08A39560D,docked_bike,2021-02-25 17:33:26,2021-02-25 17:44:13,E 27 St & 1 Ave,6004,E 2 St & 2 Ave,5593,40.739445,-73.976806,40.725029,-73.990697,member
565449,CC026DB9F1B476B8,docked_bike,2021-02-08 18:07:45,2021-02-08 18:19:55,E 27 St & 1 Ave,6004,E 2 St & 2 Ave,5593,40.739445,-73.976806,40.72502876,-73.99069656,member
565450,3FB90AC31366E4F3,docked_bike,2021-02-10 12:50:19,2021-02-10 12:59:14,E 27 St & 1 Ave,6004,E 2 St & 2 Ave,5593,40.739445,-73.976806,40.725029,-73.990697,member
565459,364273E5761B01CA,docked_bike,2021-02-12 17:44:30,2021-02-12 18:00:59,S 5 Pl & S 5 St,5125,E 2 St & 2 Ave,5593,40.710451,-73.960876,40.72502876,-73.99069656,member
565466,0BB7B96BFEC587B9,docked_bike,2021-02-27 13:16:01,2021-02-27 13:49:47,8 Ave & W 52 St,6816,E 2 St & 2 Ave,5593,40.763707,-73.985161,40.72502876,-73.99069656,member
565469,4B264021B8D992F5,docked_bike,2021-02-19 13:18:27,2021-02-19 13:46:16,E 53 St & Madison Ave,6659,E 2 St & 2 Ave,5593,40.759711,-73.974023,40.725029,-73.990697,member
565472,6BB0C6196BDE5A98,docked_bike,2021-02-25 18:11:50,2021-02-25 18:25:28,W 21 St & 6 Ave,6140,E 2 St & 2 Ave,5593,40.741739,-73.994155,40.72502876,-73.99069656,member
565473,8855FEF3C6E00B27,docked_bike,2021-02-27 14:05:00,2021-02-27 14:23:25,S 5 Pl & S 5 St,5125,E 2 St & 2 Ave,5593,40.710451,-73.960876,40.725029,-73.990697,member
565481,3F33C42F2FCB9308,docked_bike,2021-02-04 19:33:37,2021-02-04 19:43:30,E 27 St & 1 Ave,6004,E 2 St & 2 Ave,5593,40.739445,-73.976806,40.725029,-73.990697,member
565489,959B414917F7C4B0,docked_bike,2021-02-13 12:38:19,2021-02-13 12:52:16,E 53 St & Madison Ave,6659,E 2 St & 2 Ave,5593,40.75971,-73.974023,40.72502876,-73.99069656,member
565510,5EFD01638A66588C,docked_bike,2021-02-12 16:35:00,2021-02-12 16:54:51,E 51 St & 2 Ave,6575,E 2 St & 2 Ave,5593,40.755293,-73.967641,40.72502876,-73.99069656,member
565518,F725D2037AFA9DA4,docked_bike,2021-02-22 17:53:22,2021-02-22 18:05:39,1 Ave & E 30 St,6079,E 2 St & 2 Ave,5593,40.741443,-73.97536,40.72502876,-73.99069656,member
565519,74166ABAD1632DBD,docked_bike,2021-02-20 10:44:54,2021-02-20 10:51:49,E 12 St & 3 Ave,5788,E 2 St & 2 Ave,5593,40.732232,-73.988899,40.72502876,-73.99069656,member
565523,3BA06C6AC4A78AD1,docked_bike,2021-02-24 17:56:15,2021-02-24 18:04:11,W 13 St & 5 Ave,5947,E 2 St & 2 Ave,5593,40.735445,-73.99431,40.72502876,-73.99069656,member
565524,88AF291B743D5C7F,docked_bike,2021-02-14 15:25:15,2021-02-14 15:30:53,E 12 St & 3 Ave,5788,E 2 St & 2 Ave,5593,40.732232,-73.988899,40.72502876,-73.99069656,member
565528,970225D63A1F268F,docked_bike,2021-02-08 16:42:04,2021-02-08 16:53:22,W 10 St & Washington St,5847,E 2 St & 2 Ave,5593,40.733423,-74.008514,40.72502876,-73.99069656,member
565536,90783B40DD9F382B,docked_bike,2021-02-13 11:29:49,2021-02-13 11:35:27,E 12 St & 3 Ave,5788,E 2 St & 2 Ave,5593,40.732233,-73.9889,40.725029,-73.990697,member
565537,97ADEEE169F5699D,docked_bike,2021-02-26 12:21:49,2021-02-26 12:27:55,E 12 St & 3 Ave,5788,E 2 St & 2 Ave,5593,40.732232,-73.988899,40.72502876,-73.99069656,member
565544,787952E272F0C0F0,docked_bike,2021-02-26 15:41:03,2021-02-26 16:11:50,Grand Army Plaza & Central Park S,6839,E 2 St & 2 Ave,5593,40.764397,-73.973714,40.72502876,-73.99069656,casual
565546,0E29CEFA6E943DF3,docked_bike,2021-02-05 14:14:19,2021-02-05 14:23:09,E 11 St & Avenue B,5659,E 2 St & 2 Ave,5593,40.727464,-73.979504,40.72502876,-73.99069656,member
565547,33C4EFDAD85ED07A,docked_bike,2021-02-24 07:29:12,2021-02-24 07:40:41,1 Ave & E 18 St,5854,E 2 St & 2 Ave,5593,40.733812,-73.980544,40.72502876,-73.99069656,member
565568,7EF8582498C9CBDF,docked_bike,2021-02-15 00:11:44,2021-02-15 00:19:05,Grand St & Elizabeth St,5382,E 2 St & 2 Ave,5593,40.718822,-73.99596,40.72502876,-73.99069656,member
565580,019C2CB5216A1B29,docked_bike,2021-02-25 21:15:37,2021-02-25 21:30:42,W 10 St & Washington St,5847,E 2 St & 2 Ave,5593,40.733424,-74.008515,40.725029,-73.990697,casual
565594,03409EAC2CA0299A,docked_bike,2021-02-17 11:12:45,2021-02-17 11:18:47,E 12 St & 3 Ave,5788,E 2 St & 2 Ave,5593,40.732232,-73.988899,40.72502876,-73.99069656,member
565595,BD91F876409E5A72,docked_bike,2021-02-10 10:48:24,2021-02-10 10:57:43,W 13 St & 5 Ave,5947,E 2 St & 2 Ave,5593,40.735445,-73.99431,40.72502876,-73.99069656,member
565596,B25F58443DC5DBD5,docked_bike,2021-02-09 11:28:37,2021-02-09 11:38:05,W 13 St & 5 Ave,5947,E 2 St & 2 Ave,5593,40.735445,-73.99431,40.72502876,-73.99069656,member
565597,E6E1E12C67411199,docked_bike,2021-02-13 12:18:32,2021-02-13 12:29:38,W 10 St & Washington St,5847,E 2 St & 2 Ave,5593,40.733424,-74.008515,40.725029,-73.990697,member
565598,DFB9C76350E9020E,docked_bike,2021-02-13 13:51:23,2021-02-13 13:58:34,W 13 St & 5 Ave,5947,E 2 St & 2 Ave,5593,40.735445,-73.99431,40.72502876,-73.99069656,member
565602,D7D7A656D68A403D,docked_bike,2021-02-25 15:01:32,2021-02-25 15:15:09,W 40 St & 5 Ave,6474,E 2 St & 2 Ave,5593,40.752269,-73.982079,40.72502876,-73.99069656,member
565606,A096DA15103F02E6,docked_bike,2021-02-26 12:07:55,2021-02-26 12:21:16,W 20 St & 7 Ave,6182,E 2 St & 2 Ave,5593,40.742387,-73.997262,40.72502876,-73.99069656,member
565615,EE42095D57296B60,docked_bike,2021-02-23 19:22:16,2021-02-23 19:38:15,E 55 St & 2 Ave,6650,E 2 St & 2 Ave,5593,40.757973,-73.966033,40.72502876,-73.99069656,member
565616,66D5D94BB9EF0701,docked_bike,2021-02-16 18:07:09,2021-02-16 18:34:15,E 55 St & 2 Ave,6650,E 2 St & 2 Ave,5593,40.757973,-73.966033,40.72502876,-73.99069656,member
565618,452D891415E9CB4F,docked_bike,2021-02-20 19:49:57,2021-02-20 20:08:10,E 55 St & 2 Ave,6650,E 2 St & 2 Ave,5593,40.757973,-73.966033,40.72502876,-73.99069656,member
565619,CE9282FF72428563,docked_bike,2021-02-27 18:35:42,2021-02-27 19:03:30,E 55 St & 2 Ave,6650,E 2 St & 2 Ave,5593,40.757973,-73.966033,40.72502876,-73.99069656,member
565620,624CEE11541C6F11,docked_bike,2021-02-28 17:28:24,2021-02-28 17:56:21,E 55 St & 2 Ave,6650,E 2 St & 2 Ave,5593,40.757973,-73.966033,40.72502876,-73.99069656,member
565623,CA4ED7F5176F6F5A,docked_bike,2021-02-28 11:08:26,2021-02-28 11:17:12,6 Ave & Broome St,5610,E 2 St & 2 Ave,5593,40.724308,-74.00473,40.72502876,-73.99069656,casual
565633,E47BBD356CB09340,docked_bike,2021-02-26 22:04:15,2021-02-26 22:13:05,1 Ave & E 16 St,5779,E 2 St & 2 Ave,5593,40.732218,-73.981655,40.72502876,-73.99069656,member
565639,D4A8BD565A619C45,docked_bike,2021-02-06 17:25:37,2021-02-06 17:39:12,Pearl St & Peck Slip,5096,E 2 St & 2 Ave,5593,40.708485,-74.002751,40.725029,-73.990697,member
565648,2ECD506A57A47C85,docked_bike,2021-02-28 19:40:17,2021-02-28 19:46:07,W 13 St & 5 Ave,5947,E 2 St & 2 Ave,5593,40.735445,-73.99431,40.72502876,-73.99069656,member
565653,7E6C9C3604136821,docked_bike,2021-02-16 13:06:26,2021-02-16 13:15:21,W 13 St & 5 Ave,5947,E 2 St & 2 Ave,5593,40.735445,-73.99431,40.725029,-73.990697,member
565654,4FB24D6A31CA6BAF,docked_bike,2021-02-12 10:55:44,2021-02-12 11:05:49,W 13 St & 5 Ave,5947,E 2 St & 2 Ave,5593,40.735445,-73.99431,40.72502876,-73.99069656,member
565663,120EDCCC22EF62E6,docked_bike,2021-02-26 12:52:33,2021-02-26 13:03:20,Pier 40 - Hudson River Park,5696,E 2 St & 2 Ave,5593,40.727714,-74.011296,40.725029,-73.990697,member
565680,BF53016C6D613011,docked_bike,2021-02-06 11:43:34,2021-02-06 12:04:18,Driggs Ave & N 9 St,5411,E 2 St & 2 Ave,5593,40.71817,-73.955201,40.725029,-73.990697,casual
565684,81EB3B7877691E84,docked_bike,2021-02-23 19:02:24,2021-02-23 19:25:24,Fulton St & Irving Pl,4263,E 2 St & 2 Ave,5593,40.68186,-73.959432,40.72502876,-73.99069656,member
565686,9E5B31C95D5984D7,docked_bike,2021-02-10 13:03:22,2021-02-10 13:18:07,W 20 St & 7 Ave,6182,E 2 St & 2 Ave,5593,40.742387,-73.997262,40.72502876,-73.99069656,member
565701,03009CD3FDD08FDB,docked_bike,2021-02-24 18:19:28,2021-02-24 18:33:59,North Moore St & Greenwich St,5470,E 2 St & 2 Ave,5593,40.720195,-74.0103,40.72502876,-73.99069656,casual
565706,76C3CE28EA4C88E6,docked_bike,2021-02-24 15:20:54,2021-02-24 15:46:37,E 45 St & 3 Ave,6464,E 2 St & 2 Ave,5593,40.752554,-73.972826,40.72502876,-73.99069656,casual
565721,DD1A355F6888DF02,docked_bike,2021-02-26 17:56:08,2021-02-26 18:19:19,E 45 St & 3 Ave,6464,E 2 St & 2 Ave,5593,40.752554,-73.972826,40.725029,-73.990697,member
565723,E0173D1862519150,docked_bike,2021-02-28 13:26:28,2021-02-28 13:37:09,North Moore St & Greenwich St,5470,E 2 St & 2 Ave,5593,40.720195,-74.010301,40.725029,-73.990697,member
565725,AA210F913405A721,docked_bike,2021-02-26 18:39:38,2021-02-26 18:52:27,North Moore St & Greenwich St,5470,E 2 St & 2 Ave,5593,40.720195,-74.010301,40.725029,-73.990697,member
565730,F6DD3D53E3184BE1,docked_bike,2021-02-20 14:14:29,2021-02-20 14:23:10,E 11 St & 2 Ave,5746,E 2 St & 2 Ave,5593,40.730473,-73.986723,40.72502876,-73.99069656,member
565770,6F6C18A6BC3F5252,docked_bike,2021-02-26 19:59:51,2021-02-26 20:31:16,E 85 St & York Ave,7146,E 2 St & 2 Ave,5593,40.775369,-73.948033,40.72502876,-73.99069656,casual
565782,072F4CA984E3945A,docked_bike,2021-02-13 16:33:20,2021-02-13 16:39:29,E 11 St & 2 Ave,5746,E 2 St & 2 Ave,5593,40.730473,-73.986723,40.72502876,-73.99069656,member
565785,6D890DE00A03736E,docked_bike,2021-02-04 17:16:00,2021-02-04 18:37:01,E 11 St & 2 Ave,5746,E 2 St & 2 Ave,5593,40.730473,-73.986724,40.725029,-73.990697,member
565793,CC0343A03C71DBFE,docked_bike,2021-02-14 13:01:23,2021-02-14 13:04:23,E 11 St & 2 Ave,5746,E 2 St & 2 Ave,5593,40.730473,-73.986724,40.725029,-73.990697,member
565804,ECBD9D5E19104593,docked_bike,2021-02-13 19:14:07,2021-02-13 19:32:09,9 Ave & W 22 St,6266,E 2 St & 2 Ave,5593,40.745497,-74.001971,40.72502876,-73.99069656,member
565806,21ED4E869727B6BE,docked_bike,2021-02-20 14:14:28,2021-02-20 14:22:08,E 11 St & 2 Ave,5746,E 2 St & 2 Ave,5593,40.730473,-73.986723,40.72502876,-73.99069656,member
565812,021539EE106A29C5,docked_bike,2021-02-21 13:24:19,2021-02-21 13:30:13,E 11 St & 2 Ave,5746,E 2 St & 2 Ave,5593,40.730473,-73.986723,40.72502876,-73.99069656,member
565815,5BCCB8C7D1B1EDD8,docked_bike,2021-02-10 13:49:04,2021-02-10 13:59:03,W 10 St & Washington St,5847,E 2 St & 2 Ave,5593,40.733423,-74.008514,40.72502876,-73.99069656,member
565816,E298709D9110ED27,docked_bike,2021-02-24 15:08:03,2021-02-24 15:13:09,E 11 St & 2 Ave,5746,E 2 St & 2 Ave,5593,40.730473,-73.986723,40.72502876,-73.99069656,member
565817,4BD560007DFABCA7,docked_bike,2021-02-05 14:46:11,2021-02-05 16:46:58,Washington St & Gansevoort St,6039,E 2 St & 2 Ave,5593,40.739323,-74.008119,40.725029,-73.990697,member
565819,2CEC32D8A96563D7,docked_bike,2021-02-26 20:36:53,2021-02-26 20:40:55,E 11 St & 2 Ave,5746,E 2 St & 2 Ave,5593,40.730473,-73.986723,40.72502876,-73.99069656,member
565834,699CB859734F169C,docked_bike,2021-02-14 11:53:49,2021-02-14 12:06:43,S 5 Pl & S 5 St,5125,E 2 St & 2 Ave,5593,40.710451,-73.960876,40.725029,-73.990697,casual
565838,DBE8EA1C29C7FABE,docked_bike,2021-02-11 16:20:15,2021-02-11 16:30:01,Lafayette St & Jersey St,5561,E 2 St & 2 Ave,5593,40.724561,-73.995653,40.725029,-73.990697,member
565839,4D9234F59A2B503B,docked_bike,2021-02-05 18:43:05,2021-02-05 18:59:10,E 20 St & FDR Drive,5886,E 2 St & 2 Ave,5593,40.733142,-73.975738,40.72502876,-73.99069656,member
565841,56190CDEA9BA0FEB,docked_bike,2021-02-24 13:59:17,2021-02-24 14:01:09,Stanton St & Chrystie St,5523,E 2 St & 2 Ave,5593,40.722293,-73.991475,40.72502876,-73.99069656,member
565842,7DE0A6B45369E94A,docked_bike,2021-02-27 12:12:53,2021-02-27 12:14:48,Stanton St & Chrystie St,5523,E 2 St & 2 Ave,5593,40.722293,-73.991475,40.72502876,-73.99069656,member
565843,C129D3929730A751,docked_bike,2021-02-27 14:55:04,2021-02-27 15:04:53,Lafayette St & Jersey St,5561,E 2 St & 2 Ave,5593,40.724561,-73.995653,40.725029,-73.990697,member
565854,A442D3D5519D62C8,docked_bike,2021-02-24 14:29:39,2021-02-24 14:34:50,E 2 St & 2 Ave,5593,E 10 St & Avenue A,5659,40.725028,-73.990696,40.72740794,-73.98142006,member
565860,1C90BABFC408A872,docked_bike,2021-02-25 18:39:32,2021-02-25 18:39:59,E 2 St & 2 Ave,5593,E 2 St & 2 Ave,5593,40.725028,-73.990696,40.72502876,-73.99069656,casual
565863,008A1EFDE3D958B5,docked_bike,2021-02-01 00:32:43,2021-02-01 00:52:37,E 2 St & 2 Ave,5593,E 2 St & 2 Ave,5593,40.725029,-73.990697,40.725029,-73.990697,casual
565888,1A9A55CFF3B365BB,docked_bike,2021-02-06 13:11:18,2021-02-06 14:11:33,2 Ave & E 72 St,6925,E 2 St & 2 Ave,5593,40.768762,-73.958408,40.725029,-73.990697,casual
565907,67E36D216468ED7F,docked_bike,2021-02-16 15:56:57,2021-02-16 16:23:52,Cadman Plaza E & Tillary St,4677,E 2 St & 2 Ave,5593,40.695977,-73.990149,40.725029,-73.990697,member
565916,8A8A0EE2956EA2FC,docked_bike,2021-02-16 15:08:43,2021-02-16 15:23:57,Little West St & 1 Pl,5001,E 2 St & 2 Ave,5593,40.705692,-74.016776,40.72502876,-73.99069656,member
565917,2BBF67C10A503224,docked_bike,2021-02-16 18:15:18,2021-02-16 18:28:11,Broadway & W 41 St,6560,E 2 St & 2 Ave,5593,40.755135,-73.98658,40.72502876,-73.99069656,member
565932,572925AFDD1B74DE,docked_bike,2021-02-21 08:22:28,2021-02-21 08:27:34,E 19 St & 3 Ave,5938,E 2 St & 2 Ave,5593,40.736245,-73.984737,40.72502876,-73.99069656,casual
565933,1958671EB474D98F,docked_bike,2021-02-13 18:35:00,2021-02-13 18:43:26,E 13 St & Avenue A,5779,E 2 St & 2 Ave,5593,40.729667,-73.980679,40.72502876,-73.99069656,member
565946,884C85FF989D8A37,docked_bike,2021-02-15 11:18:46,2021-02-15 11:25:06,University Pl & E 8 St,5755,E 2 St & 2 Ave,5593,40.731437,-73.994903,40.72502876,-73.99069656,member
565947,6E221F5A10B0BBD6,docked_bike,2021-02-22 10:49:14,2021-02-22 10:55:38,University Pl & E 8 St,5755,E 2 St & 2 Ave,5593,40.731437,-73.994903,40.72502876,-73.99069656,member
565950,4071067655B90138,docked_bike,2021-02-17 13:26:11,2021-02-17 13:37:53,Madison Ave & E 26 St,6131,E 2 St & 2 Ave,5593,40.742685,-73.986713,40.725029,-73.990697,member
565956,05F38F557984E6B0,docked_bike,2021-02-13 13:40:32,2021-02-13 13:49:33,Bank St & Hudson St,5922,E 2 St & 2 Ave,5593,40.736528,-74.00618,40.72502876,-73.99069656,member
565973,429DE6714837C243,docked_bike,2021-02-24 14:13:52,2021-02-24 14:22:15,Bank St & Hudson St,5922,E 2 St & 2 Ave,5593,40.736528,-74.00618,40.72502876,-73.99069656,member
565990,7C7C9D206C3840F2,docked_bike,2021-02-20 14:33:53,2021-02-20 14:48:13,Lexington Ave & E 26 St,6089,E 2 St & 2 Ave,5593,40.741459,-73.983293,40.72502876,-73.99069656,member
565991,14CA622DEF4EEB00,docked_bike,2021-02-20 12:54:28,2021-02-20 13:07:38,Lexington Ave & E 26 St,6089,E 2 St & 2 Ave,5593,40.741459,-73.983293,40.72502876,-73.99069656,member
566009,F0549EEB95491FFE,docked_bike,2021-02-17 18:03:49,2021-02-17 18:19:59,Murray St & Greenwich St,5288,E 2 St & 2 Ave,5593,40.714851,-74.011223,40.72502876,-73.99069656,member
566024,7320D139CB4F4621,docked_bike,2021-02-25 15:10:22,2021-02-25 15:17:08,E 11 St & 1 Ave,5746,E 2 St & 2 Ave,5593,40.729538,-73.984267,40.725029,-73.990697,member
566026,4A3E71E3B851D6E5,docked_bike,2021-02-13 16:37:25,2021-02-13 16:48:04,Lispenard St & Broadway,5391,E 2 St & 2 Ave,5593,40.719392,-74.002472,40.72502876,-73.99069656,member
566031,E45E53BB9ECA5CD4,docked_bike,2021-02-05 15:54:27,2021-02-05 16:06:08,S 5 Pl & S 5 St,5125,E 2 St & 2 Ave,5593,40.710451,-73.960876,40.72502876,-73.99069656,member
566034,92F0FBC62B26777B,docked_bike,2021-02-18 08:53:09,2021-02-18 09:13:06,Stagg St & Union Ave,5117,E 2 St & 2 Ave,5593,40.708771,-73.950953,40.725029,-73.990697,member
566042,58C032DC2383AE1D,docked_bike,2021-02-27 17:20:32,2021-02-27 17:30:21,Lexington Ave & E 26 St,6089,E 2 St & 2 Ave,5593,40.741459,-73.983293,40.72502876,-73.99069656,member
566053,BF42AD36D8C77368,docked_bike,2021-02-09 16:36:29,2021-02-09 17:09:39,W 42 St & Dyer Ave,6644,E 2 St & 2 Ave,5593,40.758984,-73.993799,40.72502876,-73.99069656,member
566057,69852BCD7824F422,docked_bike,2021-02-05 19:55:35,2021-02-05 20:13:14,Washington St & Gansevoort St,6039,E 2 St & 2 Ave,5593,40.739323,-74.008119,40.72502876,-73.99069656,casual
566059,A45B0B0A791D6491,docked_bike,2021-02-24 11:35:34,2021-02-24 11:39:44,E 11 St & 2 Ave,5746,E 2 St & 2 Ave,5593,40.730473,-73.986723,40.72502876,-73.99069656,member
566060,70CE4E5D7A1828F3,docked_bike,2021-02-26 12:23:44,2021-02-26 12:38:01,Washington St & Gansevoort St,6039,E 2 St & 2 Ave,5593,40.739323,-74.008119,40.72502876,-73.99069656,member
566062,B1B29277226C97FB,docked_bike,2021-02-15 16:27:19,2021-02-15 16:40:05,9 Ave & W 22 St,6266,E 2 St & 2 Ave,5593,40.745497,-74.001971,40.72502876,-73.99069656,casual
566075,4111B9814454D90D,docked_bike,2021-02-16 20:56:28,2021-02-16 21:30:10,E 95 St & 3 Ave,7365,E 2 St & 2 Ave,5593,40.784903,-73.950503,40.72502876,-73.99069656,casual
566077,73127C1BD66DE3D7,docked_bike,2021-02-20 15:00:07,2021-02-20 15:09:52,Lispenard St & Broadway,5391,E 2 St & 2 Ave,5593,40.719392,-74.002472,40.72502876,-73.99069656,member
566078,49AC8704364785DE,docked_bike,2021-02-27 18:53:56,2021-02-27 19:07:14,Lispenard St & Broadway,5391,E 2 St & 2 Ave,5593,40.719392,-74.002472,40.72502876,-73.99069656,member
566085,F95804ACFC4B6CD8,docked_bike,2021-02-21 18:43:38,2021-02-21 18:51:33,E 13 St & Avenue A,5779,E 2 St & 2 Ave,5593,40.729667,-73.98068,40.725029,-73.990697,member
566086,AEB54D8D25BE4FB0,docked_bike,2021-02-15 18:33:35,2021-02-15 18:38:46,E 13 St & Avenue A,5779,E 2 St & 2 Ave,5593,40.729667,-73.980679,40.72502876,-73.99069656,member
566089,CBA49BDC5ABDD900,docked_bike,2021-02-25 22:32:59,2021-02-25 22:38:00,E 19 St & 3 Ave,5938,E 2 St & 2 Ave,5593,40.736245,-73.984737,40.72502876,-73.99069656,casual
566090,2C69AF4CAB19A2F7,docked_bike,2021-02-25 16:46:02,2021-02-25 17:17:55,E 65 St & 2 Ave,6860,E 2 St & 2 Ave,5593,40.764718,-73.96222,40.72502876,-73.99069656,member
566092,68323A98B4EE4DB4,docked_bike,2021-02-06 18:11:13,2021-02-06 18:45:38,E 72 St & York Ave,6889,E 2 St & 2 Ave,5593,40.766638,-73.953482,40.72502876,-73.99069656,member
566096,28BCE714D85DE800,docked_bike,2021-02-11 16:30:34,2021-02-11 16:39:56,E 13 St & Avenue A,5779,E 2 St & 2 Ave,5593,40.729667,-73.980679,40.72502876,-73.99069656,member
566097,CDE6602CEA469813,docked_bike,2021-02-20 11:57:42,2021-02-20 12:25:25,E 13 St & Avenue A,5779,E 2 St & 2 Ave,5593,40.729667,-73.980679,40.72502876,-73.99069656,member
566098,80302087477EDE88,docked_bike,2021-02-24 19:43:41,2021-02-24 19:50:10,E 13 St & Avenue A,5779,E 2 St & 2 Ave,5593,40.729667,-73.98068,40.725029,-73.990697,member
566102,395AB8FBE7B59F18,docked_bike,2021-02-04 23:35:02,2021-02-04 23:42:45,Grand St & Greene St,5500,E 2 St & 2 Ave,5593,40.7217,-74.002381,40.725029,-73.990697,member
566103,C42A53F5098F621F,docked_bike,2021-02-25 22:31:18,2021-02-25 22:39:37,Grand St & Greene St,5500,E 2 St & 2 Ave,5593,40.7217,-74.002381,40.72502876,-73.99069656,member
566104,B66DA0DBACA09CC0,docked_bike,2021-02-20 23:10:36,2021-02-20 23:17:45,Grand St & Greene St,5500,E 2 St & 2 Ave,5593,40.7217,-74.002381,40.72502876,-73.99069656,member
566105,58DC699A51DD83B3,docked_bike,2021-02-13 22:24:46,2021-02-13 22:32:28,Grand St & Greene St,5500,E 2 St & 2 Ave,5593,40.7217,-74.002381,40.72502876,-73.99069656,member
566109,ABCABC3344EB6E70,docked_bike,2021-02-23 21:55:21,2021-02-23 22:01:22,Grand St & Greene St,5500,E 2 St & 2 Ave,5593,40.7217,-74.002381,40.72502876,-73.99069656,member
566110,F0E88BB31A8ED9D2,docked_bike,2021-02-08 23:38:14,2021-02-08 23:45:51,Grand St & Greene St,5500,E 2 St & 2 Ave,5593,40.7217,-74.002381,40.72502876,-73.99069656,member
566111,08CAD0D3AEAB861F,docked_bike,2021-02-13 15:00:38,2021-02-13 15:09:30,Grand St & Greene St,5500,E 2 St & 2 Ave,5593,40.7217,-74.002381,40.72502876,-73.99069656,member
566115,ECF411D75C7BA477,docked_bike,2021-02-20 23:46:04,2021-02-21 00:00:29,Grand St & Greene St,5500,E 2 St & 2 Ave,5593,40.7217,-74.002381,40.72502876,-73.99069656,member
566128,09459714573B330B,docked_bike,2021-02-06 17:18:26,2021-02-06 17:32:32,W 13 St & 5 Ave,5947,E 2 St & 2 Ave,5593,40.735445,-73.99431,40.725029,-73.990697,member
566130,BA4AB58ABFBAD9FA,docked_bike,2021-02-24 23:22:00,2021-02-24 23:27:17,W 13 St & 5 Ave,5947,E 2 St & 2 Ave,5593,40.735445,-73.99431,40.725029,-73.990697,member
566133,2E13A6598A95EA6B,docked_bike,2021-02-03 22:11:12,2021-02-03 22:17:56,Grand St & Greene St,5500,E 2 St & 2 Ave,5593,40.7217,-74.002381,40.725029,-73.990697,member
566134,8339BDFB2FDC4302,docked_bike,2021-02-15 20:49:24,2021-02-15 20:56:30,Grand St & Greene St,5500,E 2 St & 2 Ave,5593,40.7217,-74.002381,40.72502876,-73.99069656,member
566136,1F7AF5B7F85868C8,docked_bike,2021-02-11 11:25:26,2021-02-11 11:35:06,W 13 St & 5 Ave,5947,E 2 St & 2 Ave,5593,40.735445,-73.99431,40.72502876,-73.99069656,member
566139,0536DDED1F8102CE,docked_bike,2021-02-19 19:21:56,2021-02-19 19:31:25,Grand St & Greene St,5500,E 2 St & 2 Ave,5593,40.7217,-74.002381,40.72502876,-73.99069656,member
566141,9317904D5F38EB9F,docked_bike,2021-02-24 19:30:11,2021-02-24 19:39:01,Grand St & Greene St,5500,E 2 St & 2 Ave,5593,40.7217,-74.002381,40.72502876,-73.99069656,member
566143,5B3A599B4C4A8FD8,docked_bike,2021-02-20 23:46:16,2021-02-20 23:59:21,Grand St & Greene St,5500,E 2 St & 2 Ave,5593,40.7217,-74.002381,40.72502876,-73.99069656,casual
566146,F3473E59C7C9F57E,docked_bike,2021-02-22 18:51:48,2021-02-22 19:26:51,E 97 St & Madison Ave,7393,E 2 St & 2 Ave,5593,40.787801,-73.953559,40.72502876,-73.99069656,casual
566155,87A0C377B0B65A09,docked_bike,2021-02-20 19:39:50,2021-02-20 20:04:26,11 Ave & W 41 St,6726,E 2 St & 2 Ave,5593,40.7603,-73.998842,40.72502876,-73.99069656,casual
566164,1D950F36E4668356,docked_bike,2021-02-06 17:18:55,2021-02-06 17:33:04,W 13 St & 5 Ave,5947,E 2 St & 2 Ave,5593,40.735445,-73.99431,40.72502876,-73.99069656,member
566167,00E59A0E89A9200E,docked_bike,2021-02-16 17:51:16,2021-02-16 17:56:03,E 11 St & 1 Ave,5746,E 2 St & 2 Ave,5593,40.729538,-73.984267,40.72502876,-73.99069656,member
566168,65A0A4EFE489D79D,docked_bike,2021-02-12 14:09:22,2021-02-12 14:14:43,E 11 St & 1 Ave,5746,E 2 St & 2 Ave,5593,40.729538,-73.984267,40.725029,-73.990697,member
566170,7B5926BD2C33E0FF,docked_bike,2021-02-11 22:23:40,2021-02-11 22:29:38,Grand St & Greene St,5500,E 2 St & 2 Ave,5593,40.7217,-74.002381,40.72502876,-73.99069656,member
566171,6088D0948BB7478D,docked_bike,2021-02-05 20:01:38,2021-02-05 20:09:13,Grand St & Greene St,5500,E 2 St & 2 Ave,5593,40.7217,-74.002381,40.72502876,-73.99069656,member
566172,A68E1751FBF53EB6,docked_bike,2021-02-18 22:36:38,2021-02-18 22:43:23,Grand St & Greene St,5500,E 2 St & 2 Ave,5593,40.7217,-74.002381,40.72502876,-73.99069656,member
566178,C9804DBCAAB8C917,docked_bike,2021-02-06 13:35:04,2021-02-06 13:41:00,E 11 St & 1 Ave,5746,E 2 St & 2 Ave,5593,40.729538,-73.984267,40.725029,-73.990697,member
566186,9BC4CBA62E230B63,docked_bike,2021-02-05 20:44:16,2021-02-05 21:21:19,Broadway & Battery Pl,4962,E 2 St & 2 Ave,5593,40.704633,-74.013617,40.72502876,-73.99069656,casual
566190,3E92A3D042421F8B,docked_bike,2021-02-06 13:37:28,2021-02-06 13:43:47,E 11 St & 1 Ave,5746,E 2 St & 2 Ave,5593,40.729538,-73.984267,40.725029,-73.990697,member
566196,AC604E03815868E3,docked_bike,2021-02-17 15:19:20,2021-02-17 15:24:46,E 11 St & 1 Ave,5746,E 2 St & 2 Ave,5593,40.729538,-73.984267,40.725029,-73.990697,member
566197,AD5F3AEAC460F3EF,docked_bike,2021-02-04 16:02:35,2021-02-04 16:08:42,E 11 St & 1 Ave,5746,E 2 St & 2 Ave,5593,40.729538,-73.984267,40.725029,-73.990697,member
566201,55EC8B7FAC6A23C4,docked_bike,2021-02-11 12:06:59,2021-02-11 12:26:14,Broadway & Battery Pl,4962,E 2 St & 2 Ave,5593,40.704633,-74.013617,40.72502876,-73.99069656,member
566202,8CF9340EB3266EF7,docked_bike,2021-02-09 09:38:27,2021-02-09 09:58:14,Broadway & Battery Pl,4962,E 2 St & 2 Ave,5593,40.704633,-74.013617,40.72502876,-73.99069656,member
566203,AE0F98BB0064BB23,docked_bike,2021-02-09 12:58:16,2021-02-09 13:02:17,E 11 St & 1 Ave,5746,E 2 St & 2 Ave,5593,40.729538,-73.984267,40.72502876,-73.99069656,member
566208,C76A3C3CB8883827,docked_bike,2021-02-05 20:46:14,2021-02-05 21:21:01,Broadway & Battery Pl,4962,E 2 St & 2 Ave,5593,40.704633,-74.013617,40.72502876,-73.99069656,casual
566209,5149C98B2391F133,docked_bike,2021-02-16 18:12:31,2021-02-16 18:16:16,E 11 St & 1 Ave,5746,E 2 St & 2 Ave,5593,40.729538,-73.984267,40.72502876,-73.99069656,member
566218,06FCE81804B0F6B5,docked_bike,2021-02-15 14:06:14,2021-02-15 14:17:35,Barclay St & Church St,5216,E 2 St & 2 Ave,5593,40.712912,-74.010202,40.72502876,-73.99069656,member
566225,9B5B9C9D201A4CCE,docked_bike,2021-02-08 15:51:37,2021-02-08 16:01:32,Lispenard St & Broadway,5391,E 2 St & 2 Ave,5593,40.719392,-74.002472,40.72502876,-73.99069656,member
566226,55EBE72B80DCF607,docked_bike,2021-02-12 10:27:43,2021-02-12 10:41:04,E 44 St & 2 Ave,6422,E 2 St & 2 Ave,5593,40.751183,-73.971387,40.72502876,-73.99069656,member
566228,FF6743695AE61647,docked_bike,2021-02-09 10:30:09,2021-02-09 10:45:31,E 50 St & Park Ave,6659,E 2 St & 2 Ave,5593,40.757334,-73.974235,40.72502876,-73.99069656,member
566229,0ED0CC382ECC1803,docked_bike,2021-02-15 20:20:58,2021-02-15 20:24:41,E 11 St & 1 Ave,5746,E 2 St & 2 Ave,5593,40.729538,-73.984267,40.72502876,-73.99069656,member
566231,FC2389C4C0B344A3,docked_bike,2021-02-25 15:40:25,2021-02-25 16:17:24,Broadway & Battery Pl,4962,E 2 St & 2 Ave,5593,40.704633,-74.013617,40.72502876,-73.99069656,casual
566238,D13A535ED4703113,docked_bike,2021-02-27 14:56:07,2021-02-27 15:11:02,W 20 St & 10 Ave,6306,E 2 St & 2 Ave,5593,40.745686,-74.005141,40.725029,-73.990697,member
566241,D23E35FD59318528,docked_bike,2021-02-16 11:40:01,2021-02-16 11:58:14,Broadway & Battery Pl,4962,E 2 St & 2 Ave,5593,40.704633,-74.013617,40.72502876,-73.99069656,member
566242,5229ECEE87C63FC2,docked_bike,2021-02-25 10:34:54,2021-02-25 10:54:00,Broadway & Battery Pl,4962,E 2 St & 2 Ave,5593,40.704633,-74.013617,40.72502876,-73.99069656,member
566243,EA502093B4EC4E15,docked_bike,2021-02-22 08:27:08,2021-02-22 08:44:46,Broadway & Battery Pl,4962,E 2 St & 2 Ave,5593,40.704633,-74.013617,40.72502876,-73.99069656,member
566244,F425EE8DF17E541B,docked_bike,2021-02-10 11:28:49,2021-02-10 11:47:01,Broadway & Battery Pl,4962,E 2 St & 2 Ave,5593,40.704633,-74.013617,40.72502876,-73.99069656,member
566246,EA6F2E9FC1CABC34,docked_bike,2021-02-15 11:06:18,2021-02-15 11:23:55,Broadway & Battery Pl,4962,E 2 St & 2 Ave,5593,40.704633,-74.013617,40.72502876,-73.99069656,member
566249,99C27AE2708237CD,docked_bike,2021-02-09 21:39:42,2021-02-09 21:44:40,E 11 St & 1 Ave,5746,E 2 St & 2 Ave,5593,40.729538,-73.984267,40.72502876,-73.99069656,member
566252,B886050F73FD7D45,docked_bike,2021-02-17 14:11:28,2021-02-17 14:18:26,E 11 St & 1 Ave,5746,E 2 St & 2 Ave,5593,40.729538,-73.984267,40.725029,-73.990697,member
566254,C1D62C603F59E1AD,docked_bike,2021-02-26 13:50:23,2021-02-26 14:08:30,Milton St & Franklin St,5752,E 2 St & 2 Ave,5593,40.72906,-73.95779,40.72502876,-73.99069656,casual
566258,EF3DAFC477CE55B9,docked_bike,2021-02-10 17:24:56,2021-02-10 17:31:52,Mercer St & Bleecker St,5679,E 2 St & 2 Ave,5593,40.727063,-73.996621,40.72502876,-73.99069656,member
566276,D5F88894463F6D2F,docked_bike,2021-02-12 17:27:27,2021-02-12 17:35:08,Carmine St & 6 Ave,5763,E 2 St & 2 Ave,5593,40.730385,-74.002149,40.72502876,-73.99069656,member
566278,A3F71A341E41C654,docked_bike,2021-02-26 15:11:22,2021-02-26 15:20:36,W 22 St & 8 Ave,6224,E 2 St & 2 Ave,5593,40.744751,-73.999154,40.725029,-73.990697,member
566287,4B80A8F573B3BB35,docked_bike,2021-02-18 16:30:19,2021-02-18 16:33:36,Mercer St & Bleecker St,5679,E 2 St & 2 Ave,5593,40.727063,-73.996621,40.72502876,-73.99069656,member
566288,F3C04E9491842913,docked_bike,2021-02-06 19:26:02,2021-02-06 19:30:18,Sullivan St & Washington Sq,5721,E 2 St & 2 Ave,5593,40.730477,-73.99906,40.72502876,-73.99069656,member
566291,F131C4C1890F14F7,docked_bike,2021-02-27 18:11:29,2021-02-27 18:12:15,E 2 St & 2 Ave,5593,E 2 St & 2 Ave,5593,40.725028,-73.990696,40.72502876,-73.99069656,member
566298,9BB98B660FB258AD,docked_bike,2021-02-16 09:52:49,2021-02-16 09:57:12,E 2 St & 2 Ave,5593,E 10 St & Avenue A,5659,40.725028,-73.990696,40.72740794,-73.98142006,casual
566306,2C6A475465FAE2B2,docked_bike,2021-02-14 09:15:04,2021-02-14 09:21:17,Carmine St & 6 Ave,5763,E 2 St & 2 Ave,5593,40.730385,-74.002149,40.72502876,-73.99069656,member
566307,C433E5A0435477D5,docked_bike,2021-02-26 12:58:13,2021-02-26 13:14:19,Carmine St & 6 Ave,5763,E 2 St & 2 Ave,5593,40.730385,-74.002149,40.72502876,-73.99069656,member
566308,5311403E51BBA3FF,docked_bike,2021-02-17 19:46:00,2021-02-17 19:52:12,Carmine St & 6 Ave,5763,E 2 St & 2 Ave,5593,40.730385,-74.002149,40.72502876,-73.99069656,member
566322,41FFDF7A2377D968,docked_bike,2021-02-25 17:50:57,2021-02-25 17:57:04,Carmine St & 6 Ave,5763,E 2 St & 2 Ave,5593,40.730385,-74.002149,40.72502876,-73.99069656,member
566323,AEDCF218C3448EF7,docked_bike,2021-02-20 17:56:21,2021-02-20 18:00:32,Mercer St & Bleecker St,5679,E 2 St & 2 Ave,5593,40.727064,-73.996621,40.725029,-73.990697,member
566325,ACE41C7AEE474716,docked_bike,2021-02-24 16:58:44,2021-02-24 17:07:39,Carmine St & 6 Ave,5763,E 2 St & 2 Ave,5593,40.730386,-74.00215,40.725029,-73.990697,member
566326,BA5579AE77D9440F,docked_bike,2021-02-12 13:27:37,2021-02-12 13:46:43,W 22 St & 8 Ave,6224,E 2 St & 2 Ave,5593,40.744751,-73.999154,40.725029,-73.990697,member
566327,804415DD5B407C48,docked_bike,2021-02-14 18:50:14,2021-02-14 18:58:36,Carmine St & 6 Ave,5763,E 2 St & 2 Ave,5593,40.730385,-74.002149,40.72502876,-73.99069656,member
566328,B63984687336FC0A,docked_bike,2021-02-11 08:45:02,2021-02-11 08:51:21,Carmine St & 6 Ave,5763,E 2 St & 2 Ave,5593,40.730385,-74.002149,40.72502876,-73.99069656,member
566329,56BD0CCD656BA71A,docked_bike,2021-02-14 11:07:39,2021-02-14 11:12:29,Carmine St & 6 Ave,5763,E 2 St & 2 Ave,5593,40.730385,-74.002149,40.72502876,-73.99069656,member
566330,1D9D63FDA6176808,docked_bike,2021-02-28 12:05:05,2021-02-28 12:10:16,Carmine St & 6 Ave,5763,E 2 St & 2 Ave,5593,40.730385,-74.002149,40.72502876,-73.99069656,member
566331,BC534D2BFBC88494,docked_bike,2021-02-25 11:39:06,2021-02-25 11:44:49,Carmine St & 6 Ave,5763,E 2 St & 2 Ave,5593,40.730385,-74.002149,40.72502876,-73.99069656,member
566334,95622B714A264C12,docked_bike,2021-02-07 08:57:51,2021-02-07 09:02:53,Carmine St & 6 Ave,5763,E 2 St & 2 Ave,5593,40.730385,-74.002149,40.72502876,-73.99069656,member
566339,3AE3BC64DB0FBB57,docked_bike,2021-02-24 19:22:53,2021-02-24 19:29:44,Carmine St & 6 Ave,5763,E 2 St & 2 Ave,5593,40.730385,-74.002149,40.72502876,-73.99069656,casual
566341,AEB14F63DA5119CB,docked_bike,2021-02-11 18:28:58,2021-02-11 18:33:19,Mercer St & Bleecker St,5679,E 2 St & 2 Ave,5593,40.727063,-73.996621,40.72502876,-73.99069656,member
566343,D705ED008A0D4B84,docked_bike,2021-02-24 13:17:15,2021-02-24 13:21:56,Mercer St & Bleecker St,5679,E 2 St & 2 Ave,5593,40.727064,-73.996621,40.725029,-73.990697,member
566351,288CF4B86A5D3355,docked_bike,2021-02-22 18:11:21,2021-02-22 18:16:18,Carmine St & 6 Ave,5763,E 2 St & 2 Ave,5593,40.730385,-74.002149,40.72502876,-73.99069656,member
566354,930508B97BB8ED1A,docked_bike,2021-02-08 17:41:22,2021-02-08 17:48:14,Carmine St & 6 Ave,5763,E 2 St & 2 Ave,5593,40.730386,-74.00215,40.725029,-73.990697,member
566355,459AE3D48E9B862B,docked_bike,2021-02-24 13:28:42,2021-02-24 14:07:41,Carmine St & 6 Ave,5763,E 2 St & 2 Ave,5593,40.730385,-74.002149,40.72502876,-73.99069656,member
566358,C0B98E5E7B8EC674,docked_bike,2021-02-24 15:18:14,2021-02-24 15:37:45,W 26 St & 8 Ave,6297,E 2 St & 2 Ave,5593,40.747348,-73.997236,40.725029,-73.990697,member
566359,E230456BCE36F943,docked_bike,2021-02-09 12:51:04,2021-02-09 13:16:14,Lorimer St & Calyer St,5709,E 2 St & 2 Ave,5593,40.72795,-73.95414,40.72502876,-73.99069656,casual
566360,861A870C07536DCE,docked_bike,2021-02-25 18:56:51,2021-02-25 19:01:14,Carmine St & 6 Ave,5763,E 2 St & 2 Ave,5593,40.730385,-74.002149,40.72502876,-73.99069656,member
566367,8ECF0B2F8C00D570,docked_bike,2021-02-28 09:22:12,2021-02-28 09:27:12,Carmine St & 6 Ave,5763,E 2 St & 2 Ave,5593,40.730385,-74.002149,40.72502876,-73.99069656,member
566370,F54951CC8D389524,docked_bike,2021-02-24 13:10:37,2021-02-24 13:16:52,Carmine St & 6 Ave,5763,E 2 St & 2 Ave,5593,40.730386,-74.00215,40.725029,-73.990697,member
566373,2FD8D53022D9AA65,docked_bike,2021-02-14 18:49:50,2021-02-14 18:59:09,Carmine St & 6 Ave,5763,E 2 St & 2 Ave,5593,40.730385,-74.002149,40.72502876,-73.99069656,casual
566375,2CDC2C6B2D33AE79,docked_bike,2021-02-26 13:38:30,2021-02-26 13:42:05,Mercer St & Bleecker St,5679,E 2 St & 2 Ave,5593,40.727063,-73.996621,40.72502876,-73.99069656,member
566376,7A20913E6FE175D6,docked_bike,2021-02-25 04:19:12,2021-02-25 04:25:57,Carmine St & 6 Ave,5763,E 2 St & 2 Ave,5593,40.730385,-74.002149,40.72502876,-73.99069656,member
566378,BA60E070184CD6A6,docked_bike,2021-02-06 13:54:10,2021-02-06 14:06:08,Carmine St & 6 Ave,5763,E 2 St & 2 Ave,5593,40.730385,-74.002149,40.72502876,-73.99069656,casual
566386,B88754A37348A98F,docked_bike,2021-02-21 09:01:14,2021-02-21 09:06:42,Carmine St & 6 Ave,5763,E 2 St & 2 Ave,5593,40.730385,-74.002149,40.72502876,-73.99069656,member
566398,C8FD9603501ECBA5,docked_bike,2021-02-15 15:19:06,2021-02-15 15:22:13,Mercer St & Bleecker St,5679,E 2 St & 2 Ave,5593,40.727063,-73.996621,40.72502876,-73.99069656,member
566399,491A68547FEB6B95,docked_bike,2021-02-24 13:28:51,2021-02-24 14:07:33,Carmine St & 6 Ave,5763,E 2 St & 2 Ave,5593,40.730386,-74.00215,40.725029,-73.990697,member
566403,240DF5D80C7F4AF1,docked_bike,2021-02-12 12:40:11,2021-02-12 12:46:43,Carmine St & 6 Ave,5763,E 2 St & 2 Ave,5593,40.730385,-74.002149,40.72502876,-73.99069656,member
566405,F8B830C870EA2712,docked_bike,2021-02-24 16:59:34,2021-02-24 17:07:32,Carmine St & 6 Ave,5763,E 2 St & 2 Ave,5593,40.730385,-74.002149,40.72502876,-73.99069656,casual
566417,FF4CC01B40F92F36,docked_bike,2021-02-13 10:10:05,2021-02-13 10:22:00,Pearl St & Hanover Square,4993,E 2 St & 2 Ave,5593,40.704718,-74.00926,40.725029,-73.990697,member
566418,BF4D4BA4A28C42BC,docked_bike,2021-02-25 15:47:41,2021-02-25 15:58:40,Pearl St & Hanover Square,4993,E 2 St & 2 Ave,5593,40.704717,-74.00926,40.72502876,-73.99069656,member
566421,0AD651885E30125C,docked_bike,2021-02-06 11:40:53,2021-02-06 11:49:14,E 19 St & 3 Ave,5938,E 2 St & 2 Ave,5593,40.736245,-73.984738,40.725029,-73.990697,member
566423,78988B2DAD99D4C0,docked_bike,2021-02-26 19:16:44,2021-02-26 19:23:38,E 13 St & Avenue A,5779,E 2 St & 2 Ave,5593,40.729667,-73.980679,40.72502876,-73.99069656,member
566424,84FEAD8702DE4D86,docked_bike,2021-02-26 21:05:05,2021-02-26 21:12:55,E 19 St & 3 Ave,5938,E 2 St & 2 Ave,5593,40.736245,-73.984737,40.72502876,-73.99069656,member
566427,57B5B8A562D8D357,docked_bike,2021-02-16 18:48:19,2021-02-16 18:57:39,E 13 St & Avenue A,5779,E 2 St & 2 Ave,5593,40.729667,-73.980679,40.72502876,-73.99069656,member
566434,17FA6E7F9484AF8A,docked_bike,2021-02-09 15:08:37,2021-02-09 15:27:49,Pearl St & Hanover Square,4993,E 2 St & 2 Ave,5593,40.704717,-74.00926,40.72502876,-73.99069656,member
566444,4C15F0FD56D1799F,docked_bike,2021-02-23 20:00:05,2021-02-23 20:03:32,E 4 St & 2 Ave,5593,E 10 St & Avenue A,5659,40.72628,-73.98978,40.72740794,-73.98142006,member
566445,FBBDC7F7073B1556,docked_bike,2021-02-05 15:48:40,2021-02-05 15:52:55,E 4 St & 2 Ave,5593,E 10 St & Avenue A,5659,40.726281,-73.98978,40.727408,-73.98142,member
566450,3D557CCA002A70B4,docked_bike,2021-02-06 20:29:27,2021-02-06 20:57:06,E 4 St & 2 Ave,5593,E 10 St & Avenue A,5659,40.726281,-73.98978,40.727408,-73.98142,casual
566460,A07D2C4BE210E1BB,docked_bike,2021-02-25 16:25:45,2021-02-25 17:35:42,E 4 St & 2 Ave,5593,E 2 St & 2 Ave,5593,40.72628,-73.98978,40.72502876,-73.99069656,casual
566462,7CF2D887F7D11C3F,docked_bike,2021-02-13 11:56:51,2021-02-13 12:01:33,E 4 St & 2 Ave,5593,E 10 St & Avenue A,5659,40.726281,-73.98978,40.727408,-73.98142,member
566463,E1937FEFF911D9C0,docked_bike,2021-02-12 19:03:19,2021-02-12 19:07:49,E 4 St & 2 Ave,5593,E 10 St & Avenue A,5659,40.726281,-73.98978,40.727408,-73.98142,member
566464,5F419F6DCAA950C5,docked_bike,2021-02-05 13:51:48,2021-02-05 13:52:55,E 4 St & 2 Ave,5593,E 2 St & 2 Ave,5593,40.72628,-73.98978,40.72502876,-73.99069656,member
566465,D960D4AE408AD363,docked_bike,2021-02-24 11:58:38,2021-02-24 12:12:24,6 Ave & W 33 St,6364,E 2 St & 2 Ave,5593,40.749013,-73.988484,40.725029,-73.990697,member
566467,149A0CC841D58859,docked_bike,2021-02-24 21:12:40,2021-02-24 21:23:51,W 25 St & 6 Ave,6215,E 2 St & 2 Ave,5593,40.743954,-73.991448,40.72502876,-73.99069656,casual
566470,282B2E045E53427A,docked_bike,2021-02-05 13:38:08,2021-02-05 13:39:10,E 4 St & 2 Ave,5593,E 2 St & 2 Ave,5593,40.72628,-73.98978,40.72502876,-73.99069656,member
566471,3871634375393C81,docked_bike,2021-02-05 13:35:19,2021-02-05 13:36:29,E 4 St & 2 Ave,5593,E 2 St & 2 Ave,5593,40.72628,-73.98978,40.72502876,-73.99069656,member
566472,C9E3018D9DD08723,docked_bike,2021-02-05 13:40:53,2021-02-05 13:42:16,E 4 St & 2 Ave,5593,E 2 St & 2 Ave,5593,40.72628,-73.98978,40.72502876,-73.99069656,member
566473,B2BF02E2DE55D2B6,docked_bike,2021-02-05 13:27:22,2021-02-05 13:28:36,E 4 St & 2 Ave,5593,E 2 St & 2 Ave,5593,40.72628,-73.98978,40.72502876,-73.99069656,member
566479,E011CD844251B0AF,docked_bike,2021-02-25 15:29:35,2021-02-25 15:34:07,E 4 St & 2 Ave,5593,E 10 St & Avenue A,5659,40.72628,-73.98978,40.72740794,-73.98142006,member
566481,AE550D051BF07E02,docked_bike,2021-02-21 15:09:45,2021-02-21 15:25:22,E 4 St & 2 Ave,5593,W 18 St & 6 Ave,6064,40.726281,-73.98978,40.739713,-73.994564,member
566482,1A435FA2D6F3DA88,docked_bike,2021-02-05 13:21:27,2021-02-05 13:22:43,E 4 St & 2 Ave,5593,E 2 St & 2 Ave,5593,40.72628,-73.98978,40.72502876,-73.99069656,member
566483,52ED25F593F0B75E,docked_bike,2021-02-05 13:30:09,2021-02-05 13:33:58,E 4 St & 2 Ave,5593,E 2 St & 2 Ave,5593,40.72628,-73.98978,40.72502876,-73.99069656,member
566488,71E408E84F380B53,docked_bike,2021-02-11 15:18:49,2021-02-11 15:21:46,E 4 St & 2 Ave,5593,E 2 St & 2 Ave,5593,40.72628,-73.98978,40.72502876,-73.99069656,casual
566490,D349D273CC07D9E1,docked_bike,2021-02-16 15:09:47,2021-02-16 15:14:46,E 4 St & 2 Ave,5593,E 10 St & Avenue A,5659,40.72628,-73.98978,40.72740794,-73.98142006,member
566493,4BCD09EA34DA5084,docked_bike,2021-02-27 16:46:29,2021-02-27 16:51:24,E 4 St & 2 Ave,5593,E 10 St & Avenue A,5659,40.72628,-73.98978,40.72740794,-73.98142006,member
566494,B4C46459A195CB68,docked_bike,2021-02-17 16:26:34,2021-02-17 16:31:20,E 4 St & 2 Ave,5593,E 10 St & Avenue A,5659,40.72628,-73.98978,40.72740794,-73.98142006,member
566495,55D483A7D20D2C9F,docked_bike,2021-02-16 16:54:10,2021-02-16 16:57:59,E 4 St & 2 Ave,5593,E 10 St & Avenue A,5659,40.726281,-73.98978,40.727408,-73.98142,casual
566497,D008409EE1B21645,docked_bike,2021-02-21 20:53:01,2021-02-21 21:00:32,E 4 St & 2 Ave,5593,E 2 St & 2 Ave,5593,40.72628,-73.98978,40.72502876,-73.99069656,member
566498,A47164EFA3501433,docked_bike,2021-02-05 13:43:48,2021-02-05 13:45:07,E 4 St & 2 Ave,5593,E 2 St & 2 Ave,5593,40.72628,-73.98978,40.72502876,-73.99069656,member
566499,396C217BA42C8667,docked_bike,2021-02-16 17:32:50,2021-02-16 17:46:14,W 25 St & 6 Ave,6215,E 2 St & 2 Ave,5593,40.743954,-73.991449,40.725029,-73.990697,member
566501,40257EE3CE2E0A11,docked_bike,2021-02-03 18:22:39,2021-02-03 18:29:35,E 4 St & 2 Ave,5593,E 10 St & Avenue A,5659,40.726281,-73.98978,40.727408,-73.98142,member
566503,DA8CAA934D8D2277,docked_bike,2021-02-13 10:33:08,2021-02-13 10:34:29,E 4 St & 2 Ave,5593,E 2 St & 2 Ave,5593,40.72628,-73.98978,40.72502876,-73.99069656,member
566505,53D3720621CAE1ED,docked_bike,2021-02-09 16:33:36,2021-02-09 16:44:07,E 4 St & 2 Ave,5593,W 18 St & 6 Ave,6064,40.726281,-73.98978,40.739713,-73.994564,member
566506,D4D294F03A1126A3,docked_bike,2021-02-26 12:25:00,2021-02-26 12:42:50,E 4 St & 2 Ave,5593,E 2 St & 2 Ave,5593,40.72628,-73.98978,40.72502876,-73.99069656,member
566507,1EFAA194E7B5DC05,docked_bike,2021-02-14 11:45:59,2021-02-14 11:57:00,E 4 St & 2 Ave,5593,W 18 St & 6 Ave,6064,40.72628,-73.98978,40.73971301,-73.99456405,member
566510,C2B373351BD5547C,docked_bike,2021-02-27 11:48:56,2021-02-27 12:13:41,W 25 St & 6 Ave,6215,E 2 St & 2 Ave,5593,40.743954,-73.991449,40.725029,-73.990697,member
566516,256738EE399BCBFE,docked_bike,2021-02-18 15:57:10,2021-02-18 16:23:04,E 4 St & 2 Ave,5593,E 2 St & 2 Ave,5593,40.72628,-73.98978,40.72502876,-73.99069656,casual
566517,5A083B3BEDFEE6E7,docked_bike,2021-02-08 12:59:37,2021-02-08 13:00:48,E 4 St & 2 Ave,5593,E 2 St & 2 Ave,5593,40.72628,-73.98978,40.72502876,-73.99069656,member
566518,ED3579873BEFCF37,docked_bike,2021-02-05 13:49:09,2021-02-05 13:50:16,E 4 St & 2 Ave,5593,E 2 St & 2 Ave,5593,40.72628,-73.98978,40.72502876,-73.99069656,member
566519,087F9FE41DC372D9,docked_bike,2021-02-05 13:24:16,2021-02-05 13:25:27,E 4 St & 2 Ave,5593,E 2 St & 2 Ave,5593,40.72628,-73.98978,40.72502876,-73.99069656,member
566520,2C1AE43C52AD889C,docked_bike,2021-02-08 12:56:54,2021-02-08 12:57:59,E 4 St & 2 Ave,5593,E 2 St & 2 Ave,5593,40.72628,-73.98978,40.72502876,-73.99069656,member
566525,DDB9B3202F5B4A4F,docked_bike,2021-02-21 10:57:54,2021-02-21 11:02:59,Cleveland Pl & Spring St,5492,E 2 St & 2 Ave,5593,40.722104,-73.997249,40.725029,-73.990697,member
566532,7C835C3A831D0F2A,docked_bike,2021-02-17 13:17:47,2021-02-17 13:28:20,Cleveland Pl & Spring St,5492,E 2 St & 2 Ave,5593,40.722103,-73.997249,40.72502876,-73.99069656,casual
566537,A2FAD752FA800678,docked_bike,2021-02-25 17:24:12,2021-02-25 17:43:29,E 60 St & York Ave,6682,E 2 St & 2 Ave,5593,40.759107,-73.959223,40.72502876,-73.99069656,member
566538,EC6A698E4E8C4B60,docked_bike,2021-02-14 10:24:53,2021-02-14 10:30:11,Cleveland Pl & Spring St,5492,E 2 St & 2 Ave,5593,40.722104,-73.997249,40.725029,-73.990697,member
566541,C8A3284BFDF63DA0,docked_bike,2021-02-13 10:22:29,2021-02-13 10:26:21,Cleveland Pl & Spring St,5492,E 2 St & 2 Ave,5593,40.722104,-73.997249,40.725029,-73.990697,member
566545,CDF5CE5F0D63C20C,docked_bike,2021-02-16 15:39:21,2021-02-16 15:59:30,Pershing Square South,6432,E 2 St & 2 Ave,5593,40.751581,-73.97791,40.725029,-73.990697,member
566547,D9EB8FC9D377D7A7,docked_bike,2021-02-17 15:36:10,2021-02-17 15:57:37,West St & Chambers St,5329,E 2 St & 2 Ave,5593,40.717548,-74.01322,40.72502876,-73.99069656,member
566560,CF301A500639CCE3,docked_bike,2021-02-20 11:31:22,2021-02-20 11:40:06,Cleveland Pl & Spring St,5492,E 2 St & 2 Ave,5593,40.722103,-73.997249,40.72502876,-73.99069656,casual
566562,41035F7ADB415A65,docked_bike,2021-02-20 20:47:03,2021-02-20 20:53:57,Cleveland Pl & Spring St,5492,E 2 St & 2 Ave,5593,40.722103,-73.997249,40.72502876,-73.99069656,casual
566582,2168E5797D2FA0DE,docked_bike,2021-02-17 17:38:29,2021-02-17 17:44:10,Cleveland Pl & Spring St,5492,E 2 St & 2 Ave,5593,40.722103,-73.997249,40.72502876,-73.99069656,member
566584,EB016FCD73620E7A,docked_bike,2021-02-27 20:09:16,2021-02-27 20:24:54,West St & Chambers St,5329,E 2 St & 2 Ave,5593,40.717548,-74.01322,40.72502876,-73.99069656,member
566590,8F2F1F1046CC050B,docked_bike,2021-02-16 15:31:47,2021-02-16 15:46:57,West St & Chambers St,5329,E 2 St & 2 Ave,5593,40.717548,-74.01322,40.72502876,-73.99069656,member
566598,12A24C868A5C12EF,docked_bike,2021-02-04 15:58:44,2021-02-04 16:06:04,Bialystoker Pl & Delancey St,5335,E 2 St & 2 Ave,5593,40.716226,-73.982612,40.725029,-73.990697,member
566600,0D7BD7DE7AD964C1,docked_bike,2021-02-07 12:01:38,2021-02-07 12:32:39,Smith St & 3 St,4151,E 2 St & 2 Ave,5593,40.678724,-73.995991,40.725029,-73.990697,member
566615,22284303464663A1,docked_bike,2021-02-22 08:57:49,2021-02-22 09:01:14,Mott St & Prince St,5561,E 2 St & 2 Ave,5593,40.72318,-73.9948,40.725029,-73.990697,member
566622,689C13E6292B6414,docked_bike,2021-02-17 12:50:31,2021-02-17 12:57:41,Bialystoker Pl & Delancey St,5335,E 2 St & 2 Ave,5593,40.716226,-73.982612,40.72502876,-73.99069656,member
566628,FD963F73DB61E130,docked_bike,2021-02-14 13:31:02,2021-02-14 13:39:53,Bialystoker Pl & Delancey St,5335,E 2 St & 2 Ave,5593,40.716226,-73.982612,40.72502876,-73.99069656,member
566632,4B6F8B69AF56C9A4,docked_bike,2021-02-15 12:27:05,2021-02-15 12:33:33,Bialystoker Pl & Delancey St,5335,E 2 St & 2 Ave,5593,40.716226,-73.982612,40.72502876,-73.99069656,member
566660,D03F53FAEA6E43B8,docked_bike,2021-02-13 13:15:35,2021-02-13 13:22:44,Bialystoker Pl & Delancey St,5335,E 2 St & 2 Ave,5593,40.716226,-73.982612,40.72502876,-73.99069656,member
566662,7A2C1A77F220FA6E,docked_bike,2021-02-26 13:26:21,2021-02-26 13:32:42,Bialystoker Pl & Delancey St,5335,E 2 St & 2 Ave,5593,40.716226,-73.982612,40.72502876,-73.99069656,member
566663,9D086E31A2F330D5,docked_bike,2021-02-28 12:43:12,2021-02-28 12:50:25,Bialystoker Pl & Delancey St,5335,E 2 St & 2 Ave,5593,40.716226,-73.982612,40.72502876,-73.99069656,member
566694,EBA2B17A70F6071F,docked_bike,2021-02-27 19:25:44,2021-02-27 19:31:47,W Broadway & Spring St,5569,E 2 St & 2 Ave,5593,40.724947,-74.001659,40.725029,-73.990697,member
566701,E67B4AD419843514,docked_bike,2021-02-21 15:16:36,2021-02-21 15:27:22,E 23 St & 1 Ave,5929,E 2 St & 2 Ave,5593,40.736502,-73.978094,40.72502876,-73.99069656,member
566742,32630A8F595E5439,docked_bike,2021-02-12 11:34:53,2021-02-12 11:39:58,E 15 St & 3 Ave,5863,E 2 St & 2 Ave,5593,40.734232,-73.986923,40.72502876,-73.99069656,member
566743,8E375FA8F95EDB76,docked_bike,2021-02-21 10:11:44,2021-02-21 10:17:17,E 15 St & 3 Ave,5863,E 2 St & 2 Ave,5593,40.734232,-73.986923,40.72502876,-73.99069656,member
566752,21447B82B5819056,docked_bike,2021-02-12 18:58:58,2021-02-12 19:08:17,E 15 St & 3 Ave,5863,E 2 St & 2 Ave,5593,40.734232,-73.986923,40.72502876,-73.99069656,member
566768,405F0D3E7AB7BEF0,docked_bike,2021-02-08 22:08:10,2021-02-08 22:23:46,Thompson St & Bleecker St,5721,E 2 St & 2 Ave,5593,40.7284,-73.999687,40.72502876,-73.99069656,member
566774,36CA64B6FA781921,docked_bike,2021-02-26 17:30:15,2021-02-26 17:39:33,Greenwich St & W Houston St,5730,E 2 St & 2 Ave,5593,40.728846,-74.008591,40.72502876,-73.99069656,member
566790,CE44E84E88AD135B,docked_bike,2021-02-26 16:55:23,2021-02-26 17:01:21,E 15 St & 3 Ave,5863,E 2 St & 2 Ave,5593,40.734232,-73.986923,40.72502876,-73.99069656,member
566792,E07AE9FD4A2AC0D4,docked_bike,2021-02-25 14:51:55,2021-02-25 14:58:08,E 17 St & Broadway,5980,E 2 St & 2 Ave,5593,40.737049,-73.990092,40.72502876,-73.99069656,member
566795,1852793A48C667F2,docked_bike,2021-02-27 19:44:02,2021-02-27 19:52:41,Greenwich St & W Houston St,5730,E 2 St & 2 Ave,5593,40.728846,-74.008591,40.72502876,-73.99069656,member
566815,5B784B2B340EFB97,docked_bike,2021-02-10 13:31:55,2021-02-10 13:37:12,E 15 St & 3 Ave,5863,E 2 St & 2 Ave,5593,40.734232,-73.986923,40.72502876,-73.99069656,member
566817,887A3FF8A0A31785,docked_bike,2021-02-16 15:37:30,2021-02-16 15:44:36,E 15 St & 3 Ave,5863,E 2 St & 2 Ave,5593,40.734232,-73.986923,40.72502876,-73.99069656,member
566825,76FA3889C8337439,docked_bike,2021-02-04 19:20:36,2021-02-04 19:28:27,E 17 St & Broadway,5980,E 2 St & 2 Ave,5593,40.73705,-73.990093,40.725029,-73.990697,member
566831,D2551AFF557BE09E,docked_bike,2021-02-10 16:18:58,2021-02-10 16:25:09,E 17 St & Broadway,5980,E 2 St & 2 Ave,5593,40.737049,-73.990092,40.72502876,-73.99069656,member
566834,F6CE75E9890267DF,docked_bike,2021-02-27 01:16:32,2021-02-27 01:25:11,E 15 St & 3 Ave,5863,E 2 St & 2 Ave,5593,40.734232,-73.986923,40.72502876,-73.99069656,member
566841,EC7A9F7FE0784B22,docked_bike,2021-02-12 19:23:49,2021-02-12 19:35:17,E 15 St & 3 Ave,5863,E 2 St & 2 Ave,5593,40.734232,-73.986923,40.725029,-73.990697,member
566870,94AB5E2C77E91901,docked_bike,2021-02-15 11:17:07,2021-02-15 11:28:25,Gansevoort St & Hudson St,6072,E 2 St & 2 Ave,5593,40.739448,-74.00507,40.725029,-73.990697,member
566871,41BECD715520E7D7,docked_bike,2021-02-04 14:45:55,2021-02-04 15:20:25,Gansevoort St & Hudson St,6072,E 2 St & 2 Ave,5593,40.739448,-74.00507,40.725029,-73.990697,casual
566879,688A494705EE2682,docked_bike,2021-02-25 19:54:55,2021-02-25 19:59:56,E 15 St & 3 Ave,5863,E 2 St & 2 Ave,5593,40.734232,-73.986923,40.72502876,-73.99069656,member
566916,6A6C32E8CEBAC41F,docked_bike,2021-02-24 17:14:47,2021-02-24 17:34:03,Clinton St & Tillary St,4748,E 2 St & 2 Ave,5593,40.696233,-73.991421,40.725029,-73.990697,member
566959,9DDD09AA6DA3D13E,docked_bike,2021-02-26 18:42:33,2021-02-26 18:50:38,E 4 St & 2 Ave,5593,E 9 St & Avenue C,5616,40.72628,-73.98978,40.72521311,-73.97768752,member
566960,86B4321DBBD5D15A,docked_bike,2021-02-17 18:15:16,2021-02-17 18:19:48,E 4 St & 2 Ave,5593,E 9 St & Avenue C,5616,40.726281,-73.98978,40.725213,-73.977688,member
566962,0C80BCB9CF0EA78F,docked_bike,2021-02-19 13:29:06,2021-02-19 13:36:18,E 4 St & 2 Ave,5593,E 9 St & Avenue C,5616,40.726281,-73.98978,40.725213,-73.977688,member
566963,3B886B055EC0E863,docked_bike,2021-02-25 05:52:15,2021-02-25 05:59:59,E 4 St & 2 Ave,5593,E 9 St & Avenue C,5616,40.72628,-73.98978,40.72521311,-73.97768752,member
566964,FF3DD76617F5A5FD,docked_bike,2021-02-23 05:49:58,2021-02-23 05:56:45,E 4 St & 2 Ave,5593,E 9 St & Avenue C,5616,40.72628,-73.98978,40.72521311,-73.97768752,member
566966,AA6F669CEA2FB911,docked_bike,2021-02-23 18:08:54,2021-02-23 18:15:48,E 4 St & 2 Ave,5593,E 9 St & Avenue C,5616,40.726281,-73.98978,40.725213,-73.977688,member
566969,76481F34305998D0,docked_bike,2021-02-12 12:12:13,2021-02-12 12:19:21,E 4 St & 2 Ave,5593,E 9 St & Avenue C,5616,40.726281,-73.98978,40.725213,-73.977688,member
566972,715272BB35230945,docked_bike,2021-02-13 18:58:23,2021-02-13 19:03:03,E 4 St & 2 Ave,5593,E 9 St & Avenue C,5616,40.72628,-73.98978,40.72521311,-73.97768752,member
566981,F8BFF59A96957048,docked_bike,2021-02-15 20:44:41,2021-02-15 20:51:12,E 4 St & 2 Ave,5593,E 9 St & Avenue C,5616,40.726281,-73.98978,40.725213,-73.977688,member
566982,81398D1A2C1789E2,docked_bike,2021-02-24 05:53:09,2021-02-24 06:00:13,E 4 St & 2 Ave,5593,E 9 St & Avenue C,5616,40.72628,-73.98978,40.72521311,-73.97768752,member
566983,3C8492620B8E9718,docked_bike,2021-02-22 05:51:20,2021-02-22 05:57:41,E 4 St & 2 Ave,5593,E 9 St & Avenue C,5616,40.72628,-73.98978,40.72521311,-73.97768752,member
566991,FED769883E02000C,docked_bike,2021-02-27 22:23:18,2021-02-27 22:28:13,E 4 St & 2 Ave,5593,E 9 St & Avenue C,5616,40.72628,-73.98978,40.72521311,-73.97768752,member
566992,B0157A624E9AD108,docked_bike,2021-02-09 13:07:51,2021-02-09 13:13:39,E 4 St & 2 Ave,5593,E 9 St & Avenue C,5616,40.726281,-73.98978,40.725213,-73.977688,member
566993,9B93014D420756E5,docked_bike,2021-02-26 12:44:35,2021-02-26 12:51:30,E 4 St & 2 Ave,5593,E 9 St & Avenue C,5616,40.726281,-73.98978,40.725213,-73.977688,member
566999,87F00FF884C40699,docked_bike,2021-02-06 22:46:01,2021-02-06 23:14:49,E 4 St & 2 Ave,5593,Monroe St & Classon Ave,4336,40.72628,-73.98978,40.6845683,-73.95881081,member
567004,24A0A12A262C0040,docked_bike,2021-02-28 00:39:42,2021-02-28 00:43:39,E 4 St & 2 Ave,5593,E 9 St & Avenue C,5616,40.72628,-73.98978,40.72521311,-73.97768752,member
567177,058F43B89EB79CA8,docked_bike,2021-02-14 12:14:16,2021-02-14 12:39:35,E 58 St &  1 Ave (NW Corner),6723,E 2 St & 2 Ave,5593,40.759125,-73.962658,40.72502876,-73.99069656,casual
567180,F4645A5374284E8F,docked_bike,2021-02-12 18:50:39,2021-02-12 19:09:40,E 58 St &  1 Ave (NW Corner),6723,E 2 St & 2 Ave,5593,40.759125,-73.962658,40.72502876,-73.99069656,member
567183,54D9529FB9EA244C,docked_bike,2021-02-28 09:58:50,2021-02-28 10:16:02,E 58 St &  1 Ave (NW Corner),6723,E 2 St & 2 Ave,5593,40.759125,-73.962658,40.72502876,-73.99069656,member
567207,621BBA3B69F869E9,docked_bike,2021-02-19 17:41:36,2021-02-19 18:10:55,3 Ave & E 71 St,6960,E 2 St & 2 Ave,5593,40.768736,-73.961199,40.72502876,-73.99069656,member
567452,BC85A1C570BE24B0,docked_bike,2021-02-28 11:25:04,2021-02-28 11:37:45,E 4 St & 2 Ave,5593,1 Ave & E 39 St,6303,40.72628,-73.98978,40.74714,-73.97113,member
567454,FB64E60C1C17CB64,docked_bike,2021-02-27 22:42:08,2021-02-27 23:00:55,E 4 St & 2 Ave,5593,1 Ave & E 39 St,6303,40.72628,-73.98978,40.74714,-73.97113,member
567474,E587954832B5F2E5,docked_bike,2021-02-25 19:43:31,2021-02-25 19:57:49,E 4 St & 2 Ave,5593,1 Ave & E 39 St,6303,40.72628,-73.98978,40.74714,-73.97113,member
567484,A2D56676BD70DEE6,docked_bike,2021-02-09 21:08:43,2021-02-09 21:14:52,E 4 St & 2 Ave,5593,Avenue D & E 8 St,5575,40.726281,-73.98978,40.72387,-73.975767,member
567485,FC80B04436D7D911,docked_bike,2021-02-23 16:44:30,2021-02-23 16:56:24,E 4 St & 2 Ave,5593,1 Ave & E 39 St,6303,40.72628,-73.98978,40.74714,-73.97113,member
567488,6C74353D3544F79C,docked_bike,2021-02-23 14:09:14,2021-02-23 14:14:26,E 4 St & 2 Ave,5593,Avenue D & E 8 St,5575,40.72628,-73.98978,40.72387,-73.975767,member
567494,4C383F3D52825DEA,docked_bike,2021-02-10 12:35:48,2021-02-10 12:47:42,E 4 St & 2 Ave,5593,1 Ave & E 39 St,6303,40.72628,-73.98978,40.74714,-73.97113,member
567631,BB2FAB239D149AF7,docked_bike,2021-02-24 18:06:37,2021-02-24 18:19:21,E 4 St & 2 Ave,5593,1 Ave & E 39 St,6303,40.726281,-73.98978,40.74714,-73.97113,member
567632,102D0F01E5DEF33A,docked_bike,2021-02-10 12:01:21,2021-02-10 12:14:05,E 4 St & 2 Ave,5593,1 Ave & E 39 St,6303,40.72628,-73.98978,40.74714,-73.97113,casual
567633,3C8BFB74E4D3CE2A,docked_bike,2021-02-25 12:53:14,2021-02-25 13:10:15,E 4 St & 2 Ave,5593,Avenue D & E 8 St,5575,40.72628,-73.98978,40.72387,-73.975767,member
567831,3E680257BFCBBD53,docked_bike,2021-02-11 13:14:55,2021-02-11 13:24:09,E 4 St & 2 Ave,5593,8 Ave & W 16 St,6072,40.726281,-73.98978,40.740983,-74.001702,member
567836,CA2878DCC2DA7AE2,docked_bike,2021-02-16 15:56:21,2021-02-16 16:13:06,E 4 St & 2 Ave,5593,S 4 St & Wythe Ave,5204,40.72628,-73.98978,40.71285887,-73.96590294,casual
567838,EE7D3BCCD0B14B27,docked_bike,2021-02-05 09:57:39,2021-02-05 10:08:42,E 4 St & 2 Ave,5593,Franklin St & W Broadway,5430,40.726281,-73.98978,40.719116,-74.006667,member
567846,DA1848ED8FEA71B4,docked_bike,2021-02-07 21:41:44,2021-02-07 21:56:17,E 4 St & 2 Ave,5593,S 4 St & Wythe Ave,5204,40.72628,-73.98978,40.71285887,-73.96590294,casual
567853,652A03833E99BF54,docked_bike,2021-02-17 08:27:21,2021-02-17 08:38:33,E 4 St & 2 Ave,5593,8 Ave & W 16 St,6072,40.72628,-73.98978,40.740983,-74.001702,member
567854,83E0270F48ED3CBF,docked_bike,2021-02-21 15:42:13,2021-02-21 15:58:59,E 4 St & 2 Ave,5593,S 4 St & Wythe Ave,5204,40.72628,-73.98978,40.71285887,-73.96590294,member
567856,EF05E52AC2C93C20,docked_bike,2021-02-16 17:38:45,2021-02-16 17:50:29,E 4 St & 2 Ave,5593,8 Ave & W 16 St,6072,40.72628,-73.98978,40.740983,-74.001702,member
568267,E214988E7F8227C7,docked_bike,2021-02-15 08:38:30,2021-02-15 08:57:36,E 4 St & 2 Ave,5593,Metropolitan Ave & Stewart Ave,5273,40.72628,-73.98978,40.71401,-73.92793,member
568268,1809BC346AE28ACB,docked_bike,2021-02-21 17:11:56,2021-02-21 17:28:47,E 4 St & 2 Ave,5593,S 4 St & Wythe Ave,5204,40.72628,-73.98978,40.71285887,-73.96590294,casual
568385,236F5A9218A32A46,docked_bike,2021-02-26 05:34:57,2021-02-26 05:45:43,E 4 St & 2 Ave,5593,W 22 St & 10 Ave,6306,40.726281,-73.98978,40.74692,-74.004519,member
568386,24904D43A14EB8A1,docked_bike,2021-02-16 15:10:31,2021-02-16 15:26:17,E 4 St & 2 Ave,5593,W 22 St & 10 Ave,6306,40.72628,-73.98978,40.74691959,-74.00451887,member
568388,91CC38A8BA414355,docked_bike,2021-02-23 17:22:32,2021-02-23 17:41:17,E 4 St & 2 Ave,5593,W 22 St & 10 Ave,6306,40.726281,-73.98978,40.74692,-74.004519,member
568398,4A7CA6FBF8E3EADE,docked_bike,2021-02-26 08:16:26,2021-02-26 08:17:40,E 4 St & 2 Ave,5593,E 5 St & Cooper Sq,5712,40.726281,-73.98978,40.72769,-73.990993,member
568399,E2AA9CC8B4E81C47,docked_bike,2021-02-25 16:15:49,2021-02-25 16:42:12,E 4 St & 2 Ave,5593,E 5 St & Cooper Sq,5712,40.72628,-73.98978,40.72769,-73.990993,member
568414,D4599A31C618A669,docked_bike,2021-02-23 11:07:54,2021-02-23 11:15:41,E 4 St & 2 Ave,5593,5 Ave & E 29 St,6248,40.72628,-73.98978,40.7451677,-73.98683077,member
568415,8DDF692F0F90A10C,docked_bike,2021-02-16 15:14:55,2021-02-16 15:26:58,E 4 St & 2 Ave,5593,W 22 St & 10 Ave,6306,40.72628,-73.98978,40.74691959,-74.00451887,casual
568416,B82EC6165EC5B3DA,docked_bike,2021-02-12 19:17:04,2021-02-12 19:59:43,E 4 St & 2 Ave,5593,W 22 St & 10 Ave,6306,40.726281,-73.98978,40.74692,-74.004519,member
568421,01788D8A83053305,docked_bike,2021-02-16 08:33:41,2021-02-16 08:35:28,E 4 St & 2 Ave,5593,E 5 St & Cooper Sq,5712,40.72628,-73.98978,40.72769,-73.990993,member
568424,BEB584EDAECB2B57,docked_bike,2021-02-16 15:10:32,2021-02-16 15:26:19,E 4 St & 2 Ave,5593,W 22 St & 10 Ave,6306,40.72628,-73.98978,40.74691959,-74.00451887,casual
568432,3FE8DF6A8A214B96,docked_bike,2021-02-09 09:47:05,2021-02-09 09:55:38,E 4 St & 2 Ave,5593,5 Ave & E 29 St,6248,40.726281,-73.98978,40.745168,-73.986831,member
568433,02275C6F16ED4772,docked_bike,2021-02-14 14:10:23,2021-02-14 14:12:54,E 4 St & 2 Ave,5593,E 5 St & Cooper Sq,5712,40.726281,-73.98978,40.72769,-73.990993,member
568441,E15CF3E4DA6294AD,docked_bike,2021-02-16 09:35:22,2021-02-16 09:44:28,E 4 St & 2 Ave,5593,5 Ave & E 29 St,6248,40.72628,-73.98978,40.7451677,-73.98683077,member
568448,F6A133EC26494750,docked_bike,2021-02-17 18:10:03,2021-02-17 18:21:11,E 4 St & 2 Ave,5593,5 Ave & E 29 St,6248,40.72628,-73.98978,40.7451677,-73.98683077,member
568449,C49F763EFC7F002B,docked_bike,2021-02-26 07:48:55,2021-02-26 08:04:57,E 4 St & 2 Ave,5593,W 22 St & 10 Ave,6306,40.72628,-73.98978,40.74691959,-74.00451887,member
568464,BCFBA622309BDB51,docked_bike,2021-02-21 12:52:21,2021-02-21 12:53:40,E 4 St & 2 Ave,5593,E 5 St & Cooper Sq,5712,40.726281,-73.98978,40.72769,-73.990993,casual
568465,E290F9499B6344CF,docked_bike,2021-02-21 13:09:19,2021-02-21 13:10:45,E 4 St & 2 Ave,5593,E 5 St & Cooper Sq,5712,40.726281,-73.98978,40.72769,-73.990993,casual
568466,7BDA70D603B5EAA3,docked_bike,2021-02-21 13:12:19,2021-02-21 13:13:55,E 4 St & 2 Ave,5593,E 5 St & Cooper Sq,5712,40.726281,-73.98978,40.72769,-73.990993,casual
568467,871DF710A06EEFE6,docked_bike,2021-02-21 12:58:15,2021-02-21 12:59:38,E 4 St & 2 Ave,5593,E 5 St & Cooper Sq,5712,40.726281,-73.98978,40.72769,-73.990993,casual
568468,3F5A77E69312B454,docked_bike,2021-02-21 12:49:39,2021-02-21 12:50:49,E 4 St & 2 Ave,5593,E 5 St & Cooper Sq,5712,40.726281,-73.98978,40.72769,-73.990993,casual
568469,BB6F99872ED8E1FF,docked_bike,2021-02-21 12:55:13,2021-02-21 12:56:37,E 4 St & 2 Ave,5593,E 5 St & Cooper Sq,5712,40.726281,-73.98978,40.72769,-73.990993,casual
568474,118926D2E12D4258,docked_bike,2021-02-11 09:16:06,2021-02-11 09:36:17,E 4 St & 2 Ave,5593,W 22 St & 10 Ave,6306,40.72628,-73.98978,40.74691959,-74.00451887,member
568509,77849CF864F6DB98,docked_bike,2021-02-17 09:45:43,2021-02-17 09:55:17,E 4 St & 2 Ave,5593,5 Ave & E 29 St,6248,40.72628,-73.98978,40.7451677,-73.98683077,member
568510,13EB172FBB2FEFC3,docked_bike,2021-02-15 09:35:39,2021-02-15 09:44:09,E 4 St & 2 Ave,5593,5 Ave & E 29 St,6248,40.72628,-73.98978,40.7451677,-73.98683077,member
568587,2F458889748808F2,docked_bike,2021-02-10 16:59:56,2021-02-10 17:02:22,E 4 St & 2 Ave,5593,E 5 St & Cooper Sq,5712,40.72628,-73.98978,40.72769,-73.990993,member
569050,58E0E839BFEA23DD,docked_bike,2021-02-21 23:58:04,2021-02-22 00:05:12,E 4 St & 2 Ave,5593,W 15 St & 6 Ave,5989,40.72628,-73.98978,40.738046142482766,-73.99642959237099,casual
569052,738DC07FCE7C006B,docked_bike,2021-02-20 00:30:36,2021-02-20 00:38:39,E 4 St & 2 Ave,5593,W 15 St & 6 Ave,5989,40.72628,-73.98978,40.738046142482766,-73.99642959237099,casual
569053,59F1CCDCACF839C7,docked_bike,2021-02-08 00:28:21,2021-02-08 00:38:18,E 4 St & 2 Ave,5593,W 15 St & 6 Ave,5989,40.72628,-73.98978,40.738046142482766,-73.99642959237099,casual
569055,4E545470A74CA052,docked_bike,2021-02-26 22:15:00,2021-02-26 22:24:01,E 4 St & 2 Ave,5593,St James Pl & Pearl St,5167,40.72628,-73.98978,40.71117416,-74.00016545,casual
569056,5C2FA01BDAA7370F,docked_bike,2021-02-09 00:32:43,2021-02-09 00:41:01,E 4 St & 2 Ave,5593,W 15 St & 6 Ave,5989,40.72628,-73.98978,40.738046142482766,-73.99642959237099,casual
569059,D9D529214C4B2A34,docked_bike,2021-02-13 14:13:48,2021-02-13 14:21:00,E 4 St & 2 Ave,5593,W 15 St & 6 Ave,5989,40.726281,-73.98978,40.738046,-73.99643,member
569060,6C758CD1F632FDAB,docked_bike,2021-02-24 19:47:31,2021-02-24 19:56:00,E 4 St & 2 Ave,5593,W 15 St & 6 Ave,5989,40.72628,-73.98978,40.738046142482766,-73.99642959237099,casual
569064,B68765CB0F1058D3,docked_bike,2021-02-05 00:34:14,2021-02-05 00:42:58,E 4 St & 2 Ave,5593,W 15 St & 6 Ave,5989,40.72628,-73.98978,40.738046142482766,-73.99642959237099,casual
569065,BE8A6BF53FC9BDDD,docked_bike,2021-02-28 00:00:43,2021-02-28 00:29:21,E 4 St & 2 Ave,5593,Halsey St & Evergreen Ave,4474,40.72628,-73.98978,40.68858,-73.91227,casual
569066,438F5D7A7490E013,docked_bike,2021-02-16 00:01:49,2021-02-16 00:10:39,E 4 St & 2 Ave,5593,W 15 St & 6 Ave,5989,40.72628,-73.98978,40.738046142482766,-73.99642959237099,casual
569067,1E006A0CA5C805D5,docked_bike,2021-02-18 00:00:07,2021-02-18 00:07:38,E 4 St & 2 Ave,5593,W 15 St & 6 Ave,5989,40.72628,-73.98978,40.738046142482766,-73.99642959237099,casual
569068,9E1B592914302D83,docked_bike,2021-02-06 01:10:31,2021-02-06 01:19:43,E 4 St & 2 Ave,5593,W 15 St & 6 Ave,5989,40.72628,-73.98978,40.738046142482766,-73.99642959237099,casual
569069,F82ADFB9D86D863A,docked_bike,2021-02-24 18:19:30,2021-02-24 18:29:23,E 4 St & 2 Ave,5593,W 15 St & 6 Ave,5989,40.72628,-73.98978,40.738046142482766,-73.99642959237099,member
569071,350A8BD0EC458496,docked_bike,2021-02-21 13:25:50,2021-02-21 13:37:18,E 4 St & 2 Ave,5593,W 15 St & 6 Ave,5989,40.72628,-73.98978,40.738046142482766,-73.99642959237099,member
569074,CA6D7BBDB5475968,docked_bike,2021-02-26 15:05:19,2021-02-26 15:17:12,E 4 St & 2 Ave,5593,W 15 St & 6 Ave,5989,40.72628,-73.98978,40.738046142482766,-73.99642959237099,member
569080,2D3F9CC6E17AE342,docked_bike,2021-02-10 00:30:48,2021-02-10 00:40:08,E 4 St & 2 Ave,5593,W 15 St & 6 Ave,5989,40.72628,-73.98978,40.738046142482766,-73.99642959237099,casual
569084,7892F5B1355358F0,docked_bike,2021-02-07 11:56:32,2021-02-07 12:16:14,E 4 St & 2 Ave,5593,W 15 St & 6 Ave,5989,40.726281,-73.98978,40.738046,-73.99643,member
569088,C7B18CD68EA3C5CA,docked_bike,2021-02-24 18:18:47,2021-02-24 18:29:17,E 4 St & 2 Ave,5593,W 15 St & 6 Ave,5989,40.72628,-73.98978,40.738046142482766,-73.99642959237099,member
569090,31E61F2289194FAB,docked_bike,2021-02-12 00:33:58,2021-02-12 00:42:32,E 4 St & 2 Ave,5593,W 15 St & 6 Ave,5989,40.72628,-73.98978,40.738046142482766,-73.99642959237099,casual
569093,1480EC10B9DF286A,docked_bike,2021-02-14 10:52:27,2021-02-14 11:38:46,E 4 St & 2 Ave,5593,Fulton St & Adams St,4637,40.72628,-73.98978,40.69241829257847,-73.98949474096298,member
569094,6951F97EAD94295E,docked_bike,2021-02-16 23:59:17,2021-02-17 00:07:48,E 4 St & 2 Ave,5593,W 15 St & 6 Ave,5989,40.72628,-73.98978,40.738046142482766,-73.99642959237099,casual
569095,5410AC3790B2A4F0,docked_bike,2021-02-20 23:59:29,2021-02-21 00:08:28,E 4 St & 2 Ave,5593,W 15 St & 6 Ave,5989,40.72628,-73.98978,40.738046142482766,-73.99642959237099,casual
569097,29DE38CDE4FD988F,docked_bike,2021-02-06 23:02:11,2021-02-06 23:10:31,E 4 St & 2 Ave,5593,W 15 St & 6 Ave,5989,40.72628,-73.98978,40.738046142482766,-73.99642959237099,member
569098,79B03F696C8FFE85,docked_bike,2021-02-24 19:47:39,2021-02-24 19:55:48,E 4 St & 2 Ave,5593,W 15 St & 6 Ave,5989,40.72628,-73.98978,40.738046142482766,-73.99642959237099,member
569108,EA57D4D2921F8358,docked_bike,2021-02-14 01:14:58,2021-02-14 01:23:37,E 4 St & 2 Ave,5593,W 15 St & 6 Ave,5989,40.72628,-73.98978,40.738046142482766,-73.99642959237099,casual
569109,207E34122220E6CA,docked_bike,2021-02-16 12:55:00,2021-02-16 13:02:53,E 4 St & 2 Ave,5593,W 15 St & 6 Ave,5989,40.726281,-73.98978,40.738046,-73.99643,member
569323,3DD52DAAECD65C69,docked_bike,2021-02-07 01:10:43,2021-02-07 01:19:22,E 4 St & 2 Ave,5593,W 15 St & 6 Ave,5989,40.72628,-73.98978,40.738046142482766,-73.99642959237099,casual
569392,95D586D4A036E955,docked_bike,2021-02-27 01:59:08,2021-02-27 02:12:11,E 4 St & 2 Ave,5593,Roebling St & N 4 St,5267,40.72628,-73.98978,40.71469,-73.95739,casual
569394,FDD375C6B74B5728,docked_bike,2021-02-13 19:16:04,2021-02-13 19:28:22,E 4 St & 2 Ave,5593,E 33 St & 1 Ave,6197,40.72628,-73.98978,40.74322681432173,-73.97449783980846,member
569401,964F9FD31DEA94C3,docked_bike,2021-02-05 16:33:50,2021-02-05 16:57:56,E 4 St & 2 Ave,5593,Fulton St & William St,5137,40.726281,-73.98978,40.70956,-74.006536,member
569409,973AE26962A423E6,docked_bike,2021-02-13 21:18:48,2021-02-13 21:35:05,E 4 St & 2 Ave,5593,E 33 St & 1 Ave,6197,40.72628,-73.98978,40.74322681432173,-73.97449783980846,casual
569412,C56C3DD2B5FFAFED,docked_bike,2021-02-12 09:40:30,2021-02-12 09:55:12,E 4 St & 2 Ave,5593,E 51 St & 1 Ave,6532,40.726281,-73.98978,40.754557,-73.96593,member
569424,699D9C75AF00FA8B,docked_bike,2021-02-24 06:37:08,2021-02-24 06:47:56,E 4 St & 2 Ave,5593,E 33 St & 1 Ave,6197,40.72628,-73.98978,40.74322681432173,-73.97449783980846,member
569451,3A22191B1D00E836,docked_bike,2021-02-26 16:10:08,2021-02-26 18:32:05,E 4 St & 2 Ave,5593,,nan,40.72628,-73.98978,,,member
569469,6181DEAA08399F76,docked_bike,2021-02-27 16:38:43,2021-02-27 16:40:57,E 4 St & 2 Ave,5593,,nan,40.72628,-73.98978,,,member
569480,0CCCD1DACF015CC2,docked_bike,2021-02-09 18:18:15,2021-02-09 19:02:48,E 4 St & 2 Ave,5593,Roebling St & N 4 St,5267,40.72628,-73.98978,40.71469,-73.95739,member
569482,624737690317E1C5,docked_bike,2021-02-13 16:39:39,2021-02-13 16:51:09,E 4 St & 2 Ave,5593,E 33 St & 1 Ave,6197,40.72628,-73.98978,40.74322681432173,-73.97449783980846,member
569491,69EE20DCB479BCAF,docked_bike,2021-02-25 11:58:14,2021-02-25 12:11:38,E 4 St & 2 Ave,5593,Jay St & Tech Pl,4710,40.72628,-73.98978,40.695065,-73.987167,casual
569492,ABFF8621F8883651,docked_bike,2021-02-11 11:35:32,2021-02-11 11:49:28,E 4 St & 2 Ave,5593,E 33 St & 1 Ave,6197,40.72628,-73.98978,40.74322681432173,-73.97449783980846,member
569500,A04841E01047F940,docked_bike,2021-02-13 21:18:53,2021-02-13 21:34:49,E 4 St & 2 Ave,5593,E 33 St & 1 Ave,6197,40.72628,-73.98978,40.74322681432173,-73.97449783980846,member
569505,23593DC6ED6DC8C6,docked_bike,2021-02-13 15:14:48,2021-02-13 15:52:12,E 4 St & 2 Ave,5593,E 78 St & 2 Ave,7057,40.72628,-73.98978,40.7727966,-73.95577801,member
569507,163211687A51DC47,docked_bike,2021-02-21 18:31:42,2021-02-21 18:40:29,E 4 St & 2 Ave,5593,,nan,40.72628,-73.98978,,,member
569519,7BE564A04BFAC968,docked_bike,2021-02-21 11:54:31,2021-02-21 12:06:45,E 4 St & 2 Ave,5593,E 51 St & 1 Ave,6532,40.726281,-73.98978,40.754557,-73.96593,member
569520,5754ECCED4A64448,docked_bike,2021-02-27 20:39:38,2021-02-27 20:57:53,E 4 St & 2 Ave,5593,E 58 St & 3 Ave,6762,40.72628,-73.98978,40.76095756,-73.96724467,casual
569545,07BB438C70C4FE7E,docked_bike,2021-02-12 18:58:26,2021-02-12 19:10:43,E 4 St & 2 Ave,5593,E 33 St & 1 Ave,6197,40.72628,-73.98978,40.74322681432173,-73.97449783980846,member
569547,EB13F968833BA63E,docked_bike,2021-02-28 09:24:24,2021-02-28 10:12:04,E 4 St & 2 Ave,5593,,nan,40.72628,-73.98978,,,casual
569550,AD3CF64D0CC3F240,docked_bike,2021-02-06 18:06:13,2021-02-06 18:21:47,E 4 St & 2 Ave,5593,Fulton St & William St,5137,40.726281,-73.98978,40.70956,-74.006536,member
569552,B7EBFBD1E3CD4C62,docked_bike,2021-02-23 08:24:23,2021-02-24 02:35:12,E 4 St & 2 Ave,5593,,nan,40.72628,-73.98978,,,member
569556,E882C7D30CC76EF5,docked_bike,2021-02-10 23:20:35,2021-02-10 23:40:28,E 4 St & 2 Ave,5593,E 51 St & 1 Ave,6532,40.726281,-73.98978,40.754557,-73.96593,member
570519,D5B68BE13B42F911,docked_bike,2021-02-08 14:57:03,2021-02-08 15:01:08,E 4 St & 2 Ave,5593,E 11 St & 1 Ave,5746,40.72628,-73.98978,40.72953837,-73.98426726,member
570520,BEAFC56AB05F33B7,docked_bike,2021-02-15 10:24:55,2021-02-15 10:32:17,E 4 St & 2 Ave,5593,E 11 St & 1 Ave,5746,40.72628,-73.98978,40.72953837,-73.98426726,member
570521,C4C349D4AD0CD78B,docked_bike,2021-02-09 20:33:51,2021-02-09 20:36:38,E 4 St & 2 Ave,5593,E 11 St & 1 Ave,5746,40.72628,-73.98978,40.72953837,-73.98426726,member
570522,5923916A804F8B51,docked_bike,2021-02-23 22:24:33,2021-02-23 22:27:31,E 4 St & 2 Ave,5593,E 11 St & 1 Ave,5746,40.72628,-73.98978,40.72953837,-73.98426726,member
570524,530450ECA5655B61,docked_bike,2021-02-05 18:51:57,2021-02-05 19:21:45,E 4 St & 2 Ave,5593,Milton St & Franklin St,5752,40.72628,-73.98978,40.72906,-73.95779,member
570526,1F7249B8A2CE6EBC,docked_bike,2021-02-28 09:47:33,2021-02-28 09:51:35,E 4 St & 2 Ave,5593,E 11 St & 1 Ave,5746,40.72628,-73.98978,40.72953837,-73.98426726,member
570531,57FFD4A46B82178F,docked_bike,2021-02-26 18:20:05,2021-02-26 18:51:05,E 4 St & 2 Ave,5593,Milton St & Franklin St,5752,40.72628,-73.98978,40.72906,-73.95779,member
570538,3098213037D7FC33,docked_bike,2021-02-23 18:26:00,2021-02-23 18:52:55,E 4 St & 2 Ave,5593,Milton St & Franklin St,5752,40.726281,-73.98978,40.72906,-73.95779,member
570539,6DE70B43E81FC739,docked_bike,2021-02-24 09:49:16,2021-02-24 10:02:35,E 4 St & 2 Ave,5593,Broadway & Battery Pl,4962,40.72628,-73.98978,40.70463334,-74.01361706,member
570540,536E058400ABB810,docked_bike,2021-02-21 17:16:10,2021-02-21 17:19:03,E 4 St & 2 Ave,5593,E 11 St & 1 Ave,5746,40.72628,-73.98978,40.72953837,-73.98426726,member
570541,1ECFE7080FE392B1,docked_bike,2021-02-26 14:18:25,2021-02-26 14:21:32,E 4 St & 2 Ave,5593,E 11 St & 1 Ave,5746,40.72628,-73.98978,40.72953837,-73.98426726,member
570545,E0002F4FE4E16295,docked_bike,2021-02-24 23:07:53,2021-02-24 23:11:33,E 4 St & 2 Ave,5593,E 11 St & 1 Ave,5746,40.726281,-73.98978,40.729538,-73.984267,member
570546,4038C3A1C97E0E4D,docked_bike,2021-02-26 14:25:01,2021-02-26 14:29:42,E 4 St & 2 Ave,5593,E 11 St & 1 Ave,5746,40.72628,-73.98978,40.72953837,-73.98426726,member
570548,1DD36EC3D3C64C12,docked_bike,2021-02-23 15:01:04,2021-02-23 15:06:23,E 4 St & 2 Ave,5593,E 11 St & 1 Ave,5746,40.726281,-73.98978,40.729538,-73.984267,member
570549,2DCEE5F26F40985F,docked_bike,2021-02-17 21:08:08,2021-02-17 21:12:29,E 4 St & 2 Ave,5593,E 11 St & 1 Ave,5746,40.72628,-73.98978,40.72953837,-73.98426726,member
570553,10912BD182AC3E6C,docked_bike,2021-02-25 20:21:18,2021-02-25 20:36:10,E 4 St & 2 Ave,5593,E 11 St & 1 Ave,5746,40.72628,-73.98978,40.72953837,-73.98426726,member
570554,C853A7927DA3E4E9,docked_bike,2021-02-15 23:12:45,2021-02-15 23:15:32,E 4 St & 2 Ave,5593,E 11 St & 1 Ave,5746,40.72628,-73.98978,40.72953837,-73.98426726,member
570561,0E15664911CDDE12,docked_bike,2021-02-24 22:55:58,2021-02-24 22:58:32,E 4 St & 2 Ave,5593,E 11 St & 1 Ave,5746,40.72628,-73.98978,40.72953837,-73.98426726,member
570564,BBC3A34AEEC80BBE,docked_bike,2021-02-13 13:03:25,2021-02-13 13:16:30,E 4 St & 2 Ave,5593,Broadway & Battery Pl,4962,40.726281,-73.98978,40.704633,-74.013617,member
570567,D8FA71EF59312225,docked_bike,2021-02-23 07:44:38,2021-02-23 07:47:22,E 4 St & 2 Ave,5593,E 11 St & 1 Ave,5746,40.72628,-73.98978,40.72953837,-73.98426726,member
570568,2E832B96A8321AB5,docked_bike,2021-02-16 17:30:03,2021-02-16 17:55:44,E 4 St & 2 Ave,5593,Milton St & Franklin St,5752,40.72628,-73.98978,40.72906,-73.95779,member
570573,F2A5B0F279911E6B,docked_bike,2021-02-06 16:11:32,2021-02-06 16:15:58,E 4 St & 2 Ave,5593,E 11 St & 1 Ave,5746,40.726281,-73.98978,40.729538,-73.984267,member
571006,191811E34945A150,docked_bike,2021-02-25 17:02:21,2021-02-25 17:22:37,E 4 St & 2 Ave,5593,W 48 St & Rockefeller Plaza,6667,40.72628,-73.98978,40.75793646243674,-73.97960275411606,casual
571023,E8CE5FA2B9721769,docked_bike,2021-02-06 12:31:24,2021-02-06 13:06:32,E 4 St & 2 Ave,5593,Sullivan Pl & Franklin Ave,3704,40.72628,-73.98978,40.66407983678161,-73.96025128666679,member
571198,CFFF1F76A4C59AF3,docked_bike,2021-02-27 15:38:06,2021-02-27 15:51:48,E 4 St & 2 Ave,5593,Park Pl & Church St,5288,40.72628,-73.98978,40.71334184275907,-74.00935515761375,casual
571378,C6A0B35F273134E6,docked_bike,2021-02-05 10:53:18,2021-02-05 11:00:56,E 4 St & 2 Ave,5593,E 19 St & 3 Ave,5938,40.72628,-73.98978,40.73624527,-73.98473765,member
571385,E423585F5EF8EA79,docked_bike,2021-02-28 18:31:40,2021-02-28 18:41:44,E 4 St & 2 Ave,5593,E 19 St & 3 Ave,5938,40.72628,-73.98978,40.73624527,-73.98473765,member
571390,D3790E6124273528,docked_bike,2021-02-10 21:41:38,2021-02-10 21:45:52,E 4 St & 2 Ave,5593,E 13 St & Avenue A,5779,40.726281,-73.98978,40.729667,-73.98068,member
571391,010B5C840710B431,docked_bike,2021-02-06 16:34:40,2021-02-06 16:41:32,E 4 St & 2 Ave,5593,E 13 St & Avenue A,5779,40.726281,-73.98978,40.729667,-73.98068,member
571394,82442AFD744C5246,docked_bike,2021-02-06 20:24:21,2021-02-06 20:30:37,E 4 St & 2 Ave,5593,E 13 St & Avenue A,5779,40.726281,-73.98978,40.729667,-73.98068,member
571395,E469E313A225D761,docked_bike,2021-02-21 19:23:36,2021-02-21 19:28:30,E 4 St & 2 Ave,5593,E 13 St & Avenue A,5779,40.726281,-73.98978,40.729667,-73.98068,member
571401,9BC90DD5A393541D,docked_bike,2021-02-20 20:07:03,2021-02-20 20:12:20,E 4 St & 2 Ave,5593,E 13 St & Avenue A,5779,40.72628,-73.98978,40.72966729392978,-73.98067966103554,member
571412,CB32312B3A9ED19E,docked_bike,2021-02-26 19:55:20,2021-02-26 20:01:29,E 4 St & 2 Ave,5593,E 13 St & Avenue A,5779,40.72628,-73.98978,40.72966729392978,-73.98067966103554,casual
571416,BB586E96BCF958FC,docked_bike,2021-02-06 14:06:47,2021-02-06 14:16:27,E 4 St & 2 Ave,5593,E 19 St & 3 Ave,5938,40.72628,-73.98978,40.73624527,-73.98473765,casual
571417,428015E57BD99008,docked_bike,2021-02-26 09:13:17,2021-02-26 09:21:43,E 4 St & 2 Ave,5593,E 19 St & 3 Ave,5938,40.72628,-73.98978,40.73624527,-73.98473765,member
571422,34F94B790D7D47B5,docked_bike,2021-02-12 15:19:53,2021-02-12 15:26:48,E 4 St & 2 Ave,5593,E 19 St & 3 Ave,5938,40.726281,-73.98978,40.736245,-73.984738,member
571434,866A2191DEA07DA1,docked_bike,2021-02-06 15:10:12,2021-02-06 15:25:30,E 4 St & 2 Ave,5593,E 13 St & Avenue A,5779,40.726281,-73.98978,40.729667,-73.98068,member
571437,B496991385625D9E,docked_bike,2021-02-08 16:13:16,2021-02-08 16:18:12,E 4 St & 2 Ave,5593,E 13 St & Avenue A,5779,40.726281,-73.98978,40.729667,-73.98068,member
571438,AF609CB2B87C1C27,docked_bike,2021-02-12 16:11:33,2021-02-12 16:16:29,E 4 St & 2 Ave,5593,E 13 St & Avenue A,5779,40.726281,-73.98978,40.729667,-73.98068,member
571439,5B4909932026C48C,docked_bike,2021-02-10 18:18:43,2021-02-10 18:26:29,E 4 St & 2 Ave,5593,E 13 St & Avenue A,5779,40.72628,-73.98978,40.72966729392978,-73.98067966103554,member
571441,0CB4C8C5729BCBCD,docked_bike,2021-02-16 19:51:31,2021-02-16 19:57:34,E 4 St & 2 Ave,5593,E 13 St & Avenue A,5779,40.726281,-73.98978,40.729667,-73.98068,member
571442,8850F1855F468BE9,docked_bike,2021-02-23 22:23:08,2021-02-23 22:28:59,E 4 St & 2 Ave,5593,E 13 St & Avenue A,5779,40.726281,-73.98978,40.729667,-73.98068,casual
571443,7FA7212C1CA28C1E,docked_bike,2021-02-05 10:38:38,2021-02-05 10:46:39,E 4 St & 2 Ave,5593,E 19 St & 3 Ave,5938,40.726281,-73.98978,40.736245,-73.984738,member
571444,D6EA81190B7F383C,docked_bike,2021-02-22 17:17:32,2021-02-22 17:22:29,E 4 St & 2 Ave,5593,E 13 St & Avenue A,5779,40.72628,-73.98978,40.72966729392978,-73.98067966103554,member
571446,F0F1F8E64351A105,docked_bike,2021-02-25 11:50:05,2021-02-25 12:43:31,E 4 St & 2 Ave,5593,E 19 St & 3 Ave,5938,40.72628,-73.98978,40.73624527,-73.98473765,member
571447,FD670AED631261B8,docked_bike,2021-02-15 08:52:34,2021-02-15 08:57:49,E 4 St & 2 Ave,5593,E 13 St & Avenue A,5779,40.72628,-73.98978,40.72966729392978,-73.98067966103554,member
571449,2BE70E1DFCDFC78B,docked_bike,2021-02-17 22:02:06,2021-02-17 22:09:49,E 4 St & 2 Ave,5593,E 19 St & 3 Ave,5938,40.72628,-73.98978,40.73624527,-73.98473765,casual
571450,2EF1F2BCAB70F131,docked_bike,2021-02-20 01:22:04,2021-02-20 01:26:29,E 4 St & 2 Ave,5593,E 13 St & Avenue A,5779,40.72628,-73.98978,40.72966729392978,-73.98067966103554,member
571452,C1E0F21D2ECE6E7A,docked_bike,2021-02-19 10:47:55,2021-02-19 10:57:11,E 4 St & 2 Ave,5593,E 19 St & 3 Ave,5938,40.72628,-73.98978,40.73624527,-73.98473765,member
571453,671F9A70AED20D0B,docked_bike,2021-02-26 12:00:00,2021-02-26 12:34:06,E 4 St & 2 Ave,5593,E 13 St & Avenue A,5779,40.726281,-73.98978,40.729667,-73.98068,member
571464,A743E099487CCBAF,docked_bike,2021-02-06 15:24:24,2021-02-06 15:31:06,E 4 St & 2 Ave,5593,E 13 St & Avenue A,5779,40.726281,-73.98978,40.729667,-73.98068,member
571465,194A8674BF81EC2F,docked_bike,2021-02-12 12:58:33,2021-02-12 13:04:06,E 4 St & 2 Ave,5593,E 19 St & 3 Ave,5938,40.72628,-73.98978,40.73624527,-73.98473765,casual
571467,6B44A7165262D27C,docked_bike,2021-02-10 15:21:04,2021-02-10 15:52:14,E 4 St & 2 Ave,5593,E 72 St & York Ave,6889,40.726281,-73.98978,40.766638,-73.953483,member
571469,4D73DCF894DD2793,docked_bike,2021-02-14 13:02:09,2021-02-14 13:09:39,E 4 St & 2 Ave,5593,E 13 St & Avenue A,5779,40.726281,-73.98978,40.729667,-73.98068,member
571471,9BEBE9D86A3191D0,docked_bike,2021-02-23 14:59:39,2021-02-23 15:07:37,E 4 St & 2 Ave,5593,E 19 St & 3 Ave,5938,40.72628,-73.98978,40.73624527,-73.98473765,member
571472,7BECDBF58251D0E7,docked_bike,2021-02-23 13:27:16,2021-02-23 13:32:26,E 4 St & 2 Ave,5593,E 19 St & 3 Ave,5938,40.726281,-73.98978,40.736245,-73.984738,member
571475,A791A2AFB38DAB33,docked_bike,2021-02-20 13:57:24,2021-02-20 14:03:37,E 4 St & 2 Ave,5593,E 13 St & Avenue A,5779,40.72628,-73.98978,40.72966729392978,-73.98067966103554,member
571476,F3CF7CE65C358DDD,docked_bike,2021-02-06 06:50:49,2021-02-06 06:55:16,E 4 St & 2 Ave,5593,E 13 St & Avenue A,5779,40.726281,-73.98978,40.729667,-73.98068,member
571480,7B406B0BF685CC71,docked_bike,2021-02-24 23:35:38,2021-02-24 23:43:10,E 4 St & 2 Ave,5593,E 13 St & Avenue A,5779,40.72628,-73.98978,40.72966729392978,-73.98067966103554,member
571488,62C5AD19B53669DC,docked_bike,2021-02-25 17:47:10,2021-02-25 17:53:48,E 4 St & 2 Ave,5593,E 19 St & 3 Ave,5938,40.72628,-73.98978,40.73624527,-73.98473765,member
571490,E94E9EBF29A6F8CA,docked_bike,2021-02-27 20:11:34,2021-02-27 20:19:26,E 4 St & 2 Ave,5593,E 13 St & Avenue A,5779,40.72628,-73.98978,40.72966729392978,-73.98067966103554,member
571496,4600032389AA9627,docked_bike,2021-02-06 17:09:53,2021-02-06 17:17:43,E 4 St & 2 Ave,5593,E 13 St & Avenue A,5779,40.72628,-73.98978,40.72966729392978,-73.98067966103554,member
571500,15C1488047418690,docked_bike,2021-02-13 20:48:20,2021-02-13 20:52:27,E 4 St & 2 Ave,5593,E 13 St & Avenue A,5779,40.72628,-73.98978,40.72966729392978,-73.98067966103554,casual
571501,DD0ABE540A5278DD,docked_bike,2021-02-13 17:12:35,2021-02-13 17:20:47,E 4 St & 2 Ave,5593,E 13 St & Avenue A,5779,40.726281,-73.98978,40.729667,-73.98068,member
571503,C2D43407D1E33DBE,docked_bike,2021-02-07 09:32:58,2021-02-07 09:41:41,E 4 St & 2 Ave,5593,E 19 St & 3 Ave,5938,40.72628,-73.98978,40.73624527,-73.98473765,member
571516,2BEF2C486ABD2EB5,docked_bike,2021-02-04 19:38:27,2021-02-04 19:44:57,E 4 St & 2 Ave,5593,E 13 St & Avenue A,5779,40.726281,-73.98978,40.729667,-73.98068,member
571518,A4B86BCACE596D1D,docked_bike,2021-02-24 20:22:09,2021-02-24 20:28:05,E 4 St & 2 Ave,5593,E 19 St & 3 Ave,5938,40.72628,-73.98978,40.73624527,-73.98473765,casual
571519,1B977647782271DE,docked_bike,2021-02-04 11:12:11,2021-02-04 11:17:31,E 4 St & 2 Ave,5593,E 13 St & Avenue A,5779,40.726281,-73.98978,40.729667,-73.98068,member
571522,0E42F760E91D6A49,docked_bike,2021-02-08 08:41:40,2021-02-08 08:48:07,E 4 St & 2 Ave,5593,E 13 St & Avenue A,5779,40.72628,-73.98978,40.72966729392978,-73.98067966103554,member
571523,53241EDE5476B9E7,docked_bike,2021-02-05 08:24:39,2021-02-05 08:30:13,E 4 St & 2 Ave,5593,E 13 St & Avenue A,5779,40.72628,-73.98978,40.72966729392978,-73.98067966103554,member
571524,2781433C265B6945,docked_bike,2021-02-23 08:50:00,2021-02-23 08:54:29,E 4 St & 2 Ave,5593,E 13 St & Avenue A,5779,40.72628,-73.98978,40.72966729392978,-73.98067966103554,member
571525,F61CF8C8DE97DEC4,docked_bike,2021-02-22 09:00:27,2021-02-22 09:05:56,E 4 St & 2 Ave,5593,E 13 St & Avenue A,5779,40.72628,-73.98978,40.72966729392978,-73.98067966103554,member
571935,8C005193EBB78201,docked_bike,2021-02-26 08:42:06,2021-02-26 08:48:41,E 4 St & 2 Ave,5593,E 13 St & Avenue A,5779,40.72628,-73.98978,40.72966729392978,-73.98067966103554,member
572099,17EEEEC8E943A18A,docked_bike,2021-02-13 14:48:00,2021-02-13 15:15:56,E 4 St & 2 Ave,5593,6 Ave & Broome St,5610,40.726281,-73.98978,40.724308,-74.00473,member
572109,1087B5D2934D0722,docked_bike,2021-02-20 10:19:59,2021-02-20 10:30:46,E 4 St & 2 Ave,5593,6 Ave & Broome St,5610,40.726281,-73.98978,40.724308,-74.00473,member
572110,F3C2ACD8433B6265,docked_bike,2021-02-10 13:52:38,2021-02-10 14:00:31,E 4 St & 2 Ave,5593,6 Ave & Broome St,5610,40.726281,-73.98978,40.724308,-74.00473,member
572674,D94BC0B9E445BE05,docked_bike,2021-02-24 08:27:43,2021-02-24 08:43:10,E 4 St & 2 Ave,5593,E 41 St & Madison Ave,6474,40.726281,-73.98978,40.752165,-73.979922,member
572703,FBD8DB620BCA873D,docked_bike,2021-02-28 23:22:15,2021-02-28 23:33:22,E 4 St & 2 Ave,5593,E 41 St & Madison Ave,6474,40.72628,-73.98978,40.752165280621966,-73.97992193698882,member
572713,178E020334D45A6C,docked_bike,2021-02-14 16:11:42,2021-02-14 16:24:39,E 4 St & 2 Ave,5593,1 Ave & E 30 St,6079,40.72628,-73.98978,40.74144387,-73.97536082,member
572733,04646584233D85E2,docked_bike,2021-02-12 20:21:06,2021-02-12 20:39:41,E 4 St & 2 Ave,5593,W 37 St & 10 Ave,6611,40.726281,-73.98978,40.756604,-73.997901,member
572783,71560F81C7A8505E,docked_bike,2021-02-13 03:15:38,2021-02-13 03:34:44,E 4 St & 2 Ave,5593,E 75 St & 3 Ave,6991,40.72628,-73.98978,40.77112927,-73.95772297,member
572806,EF8F2A4E8053220B,docked_bike,2021-02-06 15:29:22,2021-02-06 15:42:56,E 4 St & 2 Ave,5593,E 51 St & 2 Ave,6575,40.72628,-73.98978,40.755293,-73.967641,casual
572865,0A7934DED751370C,docked_bike,2021-02-25 08:13:36,2021-02-25 08:28:18,E 4 St & 2 Ave,5593,E 41 St & Madison Ave,6474,40.726281,-73.98978,40.752165,-73.979922,member
573085,AE0BCBF8903805F6,docked_bike,2021-02-12 16:36:45,2021-02-12 16:47:13,E 4 St & 2 Ave,5593,1 Ave & E 30 St,6079,40.72628,-73.98978,40.74144387,-73.97536082,member
573094,02C314B0B8A55CCB,docked_bike,2021-02-16 15:57:58,2021-02-16 16:16:30,E 4 St & 2 Ave,5593,W 37 St & 10 Ave,6611,40.72628,-73.98978,40.75660359,-73.9979009,member
573495,BDD2A8134140A9F7,docked_bike,2021-02-10 16:05:23,2021-02-10 16:10:50,E 4 St & 2 Ave,5593,Pike St & Monroe St,5159,40.72628,-73.98978,40.71173107,-73.99193043,casual
573510,E2B65D7D609B555E,docked_bike,2021-02-05 19:10:16,2021-02-05 19:18:31,E 4 St & 2 Ave,5593,Pike St & Monroe St,5159,40.726281,-73.98978,40.711731,-73.99193,member
573543,9BF96E23DD6A07A2,docked_bike,2021-02-04 13:21:15,2021-02-04 13:32:08,E 4 St & 2 Ave,5593,W 20 St & 7 Ave,6182,40.726281,-73.98978,40.742388,-73.997262,member
573556,B1340513D7FF6898,docked_bike,2021-02-27 15:13:04,2021-02-27 15:24:15,E 4 St & 2 Ave,5593,Pike St & Monroe St,5159,40.72628,-73.98978,40.71173107,-73.99193043,casual
573563,6ACEA9A56391ECB2,docked_bike,2021-02-22 15:04:21,2021-02-22 15:30:00,E 4 St & 2 Ave,5593,6 Ave & Canal St,5500,40.72628,-73.98978,40.72243797,-74.00566443,member
573567,AD47465632688250,docked_bike,2021-02-24 16:46:25,2021-02-24 17:11:14,E 4 St & 2 Ave,5593,Pike St & Monroe St,5159,40.72628,-73.98978,40.71173107,-73.99193043,member
573568,4695D27FE4FDFAC5,docked_bike,2021-02-23 14:29:20,2021-02-23 14:40:11,E 4 St & 2 Ave,5593,W 20 St & 7 Ave,6182,40.72628,-73.98978,40.74238787,-73.99726235,casual
573573,69B5093B9B49631D,docked_bike,2021-02-07 16:13:54,2021-02-07 16:24:28,E 4 St & 2 Ave,5593,6 Ave & Canal St,5500,40.72628,-73.98978,40.72243797,-74.00566443,member
573578,CF5A43C1094591C8,docked_bike,2021-02-08 18:59:35,2021-02-08 19:07:28,E 4 St & 2 Ave,5593,Pike St & Monroe St,5159,40.72628,-73.98978,40.71173107,-73.99193043,member
573582,0687458735ED53D5,docked_bike,2021-02-10 19:21:30,2021-02-10 19:30:29,E 4 St & 2 Ave,5593,Pike St & Monroe St,5159,40.72628,-73.98978,40.71173107,-73.99193043,casual
573594,1C28029AD7B7B057,docked_bike,2021-02-24 12:39:55,2021-02-24 12:51:06,E 4 St & 2 Ave,5593,Pike St & Monroe St,5159,40.72628,-73.98978,40.71173107,-73.99193043,casual
574087,6523FC24D9FA5FDE,docked_bike,2021-02-21 19:05:33,2021-02-21 19:26:43,E 2 St & 2 Ave,5593,Pearl St & Hanover Square,4993,40.725028,-73.990696,40.7047177,-74.00926027,casual
575024,AFC9EC65BA8919CE,docked_bike,2021-02-25 14:10:29,2021-02-25 14:40:08,E 4 St & 2 Ave,5593,Irving Ave & Harman St,4856,40.72628,-73.98978,40.70108,-73.9179,member
575027,19C5ED3B8DD79F7C,docked_bike,2021-02-20 15:42:27,2021-02-20 16:00:36,E 4 St & 2 Ave,5593,Pearl St & Hanover Square,4993,40.72628,-73.98978,40.7047177,-74.00926027,member
575030,AA965BCA951145F4,docked_bike,2021-02-24 20:41:56,2021-02-24 21:09:11,E 4 St & 2 Ave,5593,Pearl St & Hanover Square,4993,40.72628,-73.98978,40.7047177,-74.00926027,member
575031,3F8F0B834F983EDC,docked_bike,2021-02-20 12:18:16,2021-02-20 12:41:31,E 4 St & 2 Ave,5593,South St & Whitehall St,4846,40.72628,-73.98978,40.70122128,-74.01234218,member
575035,CB6B3CF064185035,docked_bike,2021-02-21 13:33:52,2021-02-21 13:47:14,E 4 St & 2 Ave,5593,Pearl St & Hanover Square,4993,40.72628,-73.98978,40.7047177,-74.00926027,member
575041,EECCCF1CD783D02C,docked_bike,2021-02-21 01:29:26,2021-02-21 01:46:16,E 4 St & 2 Ave,5593,Pearl St & Hanover Square,4993,40.72628,-73.98978,40.7047177,-74.00926027,casual
575079,A7247929DC4D8AD4,docked_bike,2021-02-24 14:50:06,2021-02-24 15:21:35,E 4 St & 2 Ave,5593,South St & Whitehall St,4846,40.72628,-73.98978,40.70122128,-74.01234218,member
575186,8901CAEE1C19F07E,docked_bike,2021-02-12 17:44:36,2021-02-12 17:59:32,E 4 St & 2 Ave,5593,Pearl St & Hanover Square,4993,40.72628,-73.98978,40.7047177,-74.00926027,member
575190,0470211D092F0B4D,docked_bike,2021-02-24 20:41:52,2021-02-24 21:09:10,E 4 St & 2 Ave,5593,Pearl St & Hanover Square,4993,40.72628,-73.98978,40.7047177,-74.00926027,member
575258,42F49799DA23EAFE,docked_bike,2021-02-25 18:30:07,2021-02-25 20:53:47,E 4 St & 2 Ave,5593,E 2 St & Avenue A,5553,40.72628,-73.98978,40.72307749068673,-73.98583620786667,member
575270,330042A474D0E320,docked_bike,2021-02-16 13:58:35,2021-02-16 14:12:56,E 4 St & 2 Ave,5593,E 2 St & Avenue A,5553,40.726281,-73.98978,40.723077,-73.985836,member
575272,9770C4F399A6A50E,docked_bike,2021-02-07 16:38:39,2021-02-07 16:46:53,E 4 St & 2 Ave,5593,E 20 St & 2 Ave,5971,40.72628,-73.98978,40.73587678,-73.98205027,casual
575274,F189FA078BCAABE8,docked_bike,2021-02-16 11:50:14,2021-02-16 11:57:43,E 4 St & 2 Ave,5593,E 20 St & 2 Ave,5971,40.72628,-73.98978,40.73587678,-73.98205027,member
575275,B534E6E4E0A5C35D,docked_bike,2021-02-12 15:59:02,2021-02-12 16:03:05,E 4 St & 2 Ave,5593,E 2 St & Avenue A,5553,40.726281,-73.98978,40.723077,-73.985836,member
575280,1404A7AE01130ED6,docked_bike,2021-02-15 14:24:11,2021-02-15 14:37:20,E 4 St & 2 Ave,5593,Hudson St & Reade St,5359,40.72628,-73.98978,40.71625008,-74.0091059,member
575283,793D7317599C97B0,docked_bike,2021-02-14 14:38:22,2021-02-14 14:42:34,E 4 St & 2 Ave,5593,E 2 St & Avenue A,5553,40.72628,-73.98978,40.72307749068673,-73.98583620786667,member
575284,FB2810F2A99BB7A5,docked_bike,2021-02-25 12:27:59,2021-02-25 12:31:02,E 4 St & 2 Ave,5593,E 2 St & Avenue A,5553,40.72628,-73.98978,40.72307749068673,-73.98583620786667,member
575285,8A745D5D53C7066B,docked_bike,2021-02-11 23:25:15,2021-02-11 23:51:18,E 4 St & 2 Ave,5593,E 2 St & Avenue A,5553,40.72628,-73.98978,40.72307749068673,-73.98583620786667,member
575289,786808790F006574,docked_bike,2021-02-15 02:12:52,2021-02-15 02:15:52,E 4 St & 2 Ave,5593,E 2 St & Avenue A,5553,40.726281,-73.98978,40.723077,-73.985836,member
575290,3654E009D75B8126,docked_bike,2021-02-13 18:46:09,2021-02-13 19:17:22,E 4 St & 2 Ave,5593,E 20 St & 2 Ave,5971,40.72628,-73.98978,40.73587678,-73.98205027,member
575294,ABEE7F0842E50337,docked_bike,2021-02-25 17:22:32,2021-02-25 17:27:54,E 4 St & 2 Ave,5593,E 2 St & Avenue A,5553,40.726281,-73.98978,40.723077,-73.985836,member
575295,68B879D174DD5140,docked_bike,2021-02-26 12:16:48,2021-02-26 12:29:48,E 4 St & 2 Ave,5593,E 20 St & 2 Ave,5971,40.72628,-73.98978,40.73587678,-73.98205027,member
575296,5DA8ECC316FC1667,docked_bike,2021-02-22 17:40:56,2021-02-22 17:43:56,E 4 St & 2 Ave,5593,E 2 St & Avenue A,5553,40.72628,-73.98978,40.72307749068673,-73.98583620786667,member
575300,216E9F6EAB754CC1,docked_bike,2021-02-16 15:43:15,2021-02-16 15:56:45,E 4 St & 2 Ave,5593,E 20 St & 2 Ave,5971,40.72628,-73.98978,40.73587678,-73.98205027,member
575304,2F5BE254CA677EB2,docked_bike,2021-02-06 14:29:43,2021-02-06 14:48:48,E 4 St & 2 Ave,5593,Hudson St & Reade St,5359,40.726281,-73.98978,40.71625,-74.009106,member
575315,C13CCC41320EC207,docked_bike,2021-02-26 18:57:45,2021-02-26 19:01:20,E 4 St & 2 Ave,5593,E 2 St & Avenue A,5553,40.726281,-73.98978,40.723077,-73.985836,member
575316,7965570412CC60B2,docked_bike,2021-02-24 17:08:15,2021-02-24 17:11:23,E 4 St & 2 Ave,5593,E 2 St & Avenue A,5553,40.726281,-73.98978,40.723077,-73.985836,member
575317,B7ACBD28E63160F4,docked_bike,2021-02-25 20:26:29,2021-02-25 20:29:44,E 4 St & 2 Ave,5593,E 2 St & Avenue A,5553,40.726281,-73.98978,40.723077,-73.985836,member
575318,489B33F578E65C53,docked_bike,2021-02-20 13:06:29,2021-02-20 13:09:33,E 4 St & 2 Ave,5593,E 2 St & Avenue A,5553,40.726281,-73.98978,40.723077,-73.985836,member
575319,18AE666941930733,docked_bike,2021-02-11 18:59:27,2021-02-11 19:03:40,E 4 St & 2 Ave,5593,E 2 St & Avenue A,5553,40.726281,-73.98978,40.723077,-73.985836,member
575320,24B86837B66C13FF,docked_bike,2021-02-10 18:16:57,2021-02-10 18:21:45,E 4 St & 2 Ave,5593,E 2 St & Avenue A,5553,40.726281,-73.98978,40.723077,-73.985836,member
575323,DA627479E14B2919,docked_bike,2021-02-03 16:46:37,2021-02-03 16:53:29,E 4 St & 2 Ave,5593,E 20 St & 2 Ave,5971,40.72628,-73.98978,40.73587678,-73.98205027,casual
575337,305B5FFD7CBAEE14,docked_bike,2021-02-26 15:20:49,2021-02-26 15:35:24,E 4 St & 2 Ave,5593,Hudson St & Reade St,5359,40.72628,-73.98978,40.71625008,-74.0091059,casual
575339,27D2312230E524C9,docked_bike,2021-02-17 18:33:11,2021-02-17 19:17:07,E 4 St & 2 Ave,5593,E 2 St & Avenue A,5553,40.72628,-73.98978,40.72307749068673,-73.98583620786667,member
575340,EC7D112E794E12C8,docked_bike,2021-02-12 21:41:53,2021-02-12 22:11:20,E 4 St & 2 Ave,5593,E 20 St & 2 Ave,5971,40.72628,-73.98978,40.73587678,-73.98205027,member
575344,F444059FB5AF1204,docked_bike,2021-02-25 10:52:24,2021-02-25 11:01:36,E 4 St & 2 Ave,5593,Hudson St & Reade St,5359,40.72628,-73.98978,40.71625008,-74.0091059,member
575345,03E7C9668123257D,docked_bike,2021-02-24 22:44:52,2021-02-24 22:47:19,E 4 St & 2 Ave,5593,E 2 St & Avenue A,5553,40.72628,-73.98978,40.72307749068673,-73.98583620786667,member
575347,59B8547B0BABED43,docked_bike,2021-02-08 12:20:06,2021-02-08 12:31:05,E 4 St & 2 Ave,5593,E 20 St & 2 Ave,5971,40.726281,-73.98978,40.735877,-73.98205,member
577023,77594308EDFCEEAC,docked_bike,2021-02-26 12:26:47,2021-02-26 12:55:49,E 1 St & 1 Ave,5593,W 34 St & 11 Ave,6578,40.723355,-73.988649,40.75594159,-74.0021163,casual
577264,45BF4E6BB9C42CEA,docked_bike,2021-02-22 11:24:26,2021-02-22 11:52:10,E 2 St & 2 Ave,5593,W 34 St & 11 Ave,6578,40.725028,-73.990696,40.75594159,-74.0021163,member
577284,F5ADB90A92A496D0,docked_bike,2021-02-13 14:59:19,2021-02-13 15:20:21,E 2 St & 2 Ave,5593,W 21 St & 6 Ave,6140,40.725028,-73.990696,40.74173969,-73.99415556,member
577287,6AA7B8BC50902A95,docked_bike,2021-02-13 14:59:23,2021-02-13 15:20:16,E 2 St & 2 Ave,5593,W 21 St & 6 Ave,6140,40.725028,-73.990696,40.74173969,-73.99415556,member
577294,6AA148302710B148,docked_bike,2021-02-24 19:23:31,2021-02-24 19:36:45,E 2 St & 2 Ave,5593,W 21 St & 6 Ave,6140,40.725028,-73.990696,40.74173969,-73.99415556,member
577295,3A82D05CB27B0C6A,docked_bike,2021-02-04 19:21:21,2021-02-04 19:34:00,E 2 St & 2 Ave,5593,W 21 St & 6 Ave,6140,40.725029,-73.990697,40.74174,-73.994156,member
577407,2C73195298A58385,docked_bike,2021-02-06 13:50:06,2021-02-06 14:14:43,E 2 St & 2 Ave,5593,W 21 St & 6 Ave,6140,40.725028,-73.990696,40.74173969,-73.99415556,member
579505,915C233ACA9957B1,docked_bike,2021-02-21 09:29:01,2021-02-21 09:55:38,E 2 St & 2 Ave,5593,E 77 St & 3 Ave,7092,40.725028,-73.990696,40.77314236,-73.95856158,member
579506,D7E8B099CB090DF8,docked_bike,2021-02-25 19:24:25,2021-02-25 19:38:38,E 2 St & 2 Ave,5593,W 21 St & 6 Ave,6140,40.725028,-73.990696,40.74173969,-73.99415556,member
580496,8C78BA74374A57E3,docked_bike,2021-02-27 14:02:30,2021-02-27 14:21:38,E 4 St & 2 Ave,5593,W 34 St & 11 Ave,6578,40.72628,-73.98978,40.75594159,-74.0021163,casual
580513,7D04BA7A5979EE90,docked_bike,2021-02-25 20:31:41,2021-02-25 20:43:06,E 4 St & 2 Ave,5593,W 21 St & 6 Ave,6140,40.72628,-73.98978,40.74173969,-73.99415556,member
580536,319E44730E2FC69A,docked_bike,2021-02-06 12:34:06,2021-02-06 12:44:49,E 4 St & 2 Ave,5593,W 21 St & 6 Ave,6140,40.726281,-73.98978,40.74174,-73.994156,member
580549,C3AD6EC6DFE77777,docked_bike,2021-02-27 15:47:16,2021-02-27 15:57:09,E 4 St & 2 Ave,5593,W 21 St & 6 Ave,6140,40.72628,-73.98978,40.74173969,-73.99415556,member
580552,32C6DF44B2FF949E,docked_bike,2021-02-28 12:40:21,2021-02-28 13:01:37,E 4 St & 2 Ave,5593,E 77 St & 3 Ave,7092,40.72628,-73.98978,40.77314236,-73.95856158,member
581296,40808BAA536CA0FD,docked_bike,2021-02-10 19:06:16,2021-02-10 19:10:41,E 4 St & 2 Ave,5593,Delancey St & Eldridge St,5414,40.726281,-73.98978,40.719383,-73.991479,member
581312,788874A24F8FD656,docked_bike,2021-02-26 14:48:59,2021-02-26 14:52:47,E 4 St & 2 Ave,5593,Allen St & Hester St,5342,40.72628,-73.98978,40.71605866,-73.99190759,member
581317,42EC5B3E3698B834,docked_bike,2021-02-05 15:47:30,2021-02-05 15:55:26,E 4 St & 2 Ave,5593,Allen St & Hester St,5342,40.72628,-73.98978,40.71605866,-73.99190759,casual
581318,6B4C847BD0AFC1AA,docked_bike,2021-02-05 11:54:20,2021-02-05 11:59:10,E 4 St & 2 Ave,5593,Allen St & Hester St,5342,40.726281,-73.98978,40.716059,-73.991908,member
581319,921BA8CD2199397F,docked_bike,2021-02-16 12:09:58,2021-02-16 12:17:22,E 4 St & 2 Ave,5593,Allen St & Hester St,5342,40.72628,-73.98978,40.71605866,-73.99190759,member
581320,3AD9409A9E164158,docked_bike,2021-02-27 21:00:27,2021-02-27 21:07:08,E 4 St & 2 Ave,5593,Allen St & Hester St,5342,40.72628,-73.98978,40.71605866,-73.99190759,member
581322,6032B96895DD316B,docked_bike,2021-02-12 15:36:54,2021-02-12 15:43:00,E 4 St & 2 Ave,5593,Allen St & Hester St,5342,40.72628,-73.98978,40.71605866,-73.99190759,member
581323,CAF9A03D8804E81D,docked_bike,2021-02-23 16:36:04,2021-02-23 16:41:17,E 4 St & 2 Ave,5593,Allen St & Hester St,5342,40.72628,-73.98978,40.71605866,-73.99190759,member
581324,29869FCD07929FE9,docked_bike,2021-02-15 19:14:26,2021-02-15 19:24:37,E 4 St & 2 Ave,5593,Allen St & Hester St,5342,40.72628,-73.98978,40.71605866,-73.99190759,member
581326,32CF921E4C6D9066,docked_bike,2021-02-25 17:15:15,2021-02-25 17:35:44,E 4 St & 2 Ave,5593,Marcy Ave & Lafayette Ave,4476,40.72628,-73.98978,40.6900815,-73.947915,member
581332,9269A849846778A2,docked_bike,2021-02-28 21:19:56,2021-02-28 21:26:39,E 4 St & 2 Ave,5593,Allen St & Hester St,5342,40.72628,-73.98978,40.71605866,-73.99190759,member
581343,35AA557B70D6FC1A,docked_bike,2021-02-10 14:25:54,2021-02-10 14:39:39,E 4 St & 2 Ave,5593,Allen St & Hester St,5342,40.726281,-73.98978,40.716059,-73.991908,member
581344,D7207CE9488BA002,docked_bike,2021-02-13 14:32:32,2021-02-13 14:45:18,E 4 St & 2 Ave,5593,Allen St & Hester St,5342,40.72628,-73.98978,40.71605866,-73.99190759,member
581348,D49114C8979D4F81,docked_bike,2021-02-15 15:05:02,2021-02-15 15:13:59,E 4 St & 2 Ave,5593,Allen St & Hester St,5342,40.72628,-73.98978,40.71605866,-73.99190759,casual
581373,523601F535560166,docked_bike,2021-02-22 08:14:07,2021-02-22 08:25:30,E 4 St & 2 Ave,5593,Cherry St,5181,40.72628,-73.98978,40.71219906,-73.97948148,member
581375,2A7565DB8ECA95AF,docked_bike,2021-02-25 14:48:44,2021-02-25 14:54:14,E 4 St & 2 Ave,5593,Allen St & Hester St,5342,40.72628,-73.98978,40.71605866,-73.99190759,member
581380,61CF2D547AE52A85,docked_bike,2021-02-11 14:45:04,2021-02-11 14:50:49,E 4 St & 2 Ave,5593,Allen St & Hester St,5342,40.72628,-73.98978,40.71605866,-73.99190759,member
581387,F6315B48292136A2,docked_bike,2021-02-16 12:01:29,2021-02-16 12:10:36,E 4 St & 2 Ave,5593,Allen St & Hester St,5342,40.72628,-73.98978,40.71605866,-73.99190759,member
581390,7E70943EC7A5FE16,docked_bike,2021-02-05 15:38:32,2021-02-05 16:01:30,E 4 St & 2 Ave,5593,Marcy Ave & Lafayette Ave,4476,40.72628,-73.98978,40.6900815,-73.947915,member
582020,4E6C89381ADD8EEA,docked_bike,2021-02-06 18:34:02,2021-02-06 18:45:50,E 4 St & 2 Ave,5593,W 17 St & 8 Ave,6148,40.726281,-73.98978,40.741776,-74.001497,member
582035,55F71E86F86ABC54,docked_bike,2021-02-06 18:33:46,2021-02-06 18:46:17,E 4 St & 2 Ave,5593,W 17 St & 8 Ave,6148,40.72628,-73.98978,40.74177603,-74.00149746,member
582056,1DC3F68EABB0E094,docked_bike,2021-02-25 08:29:47,2021-02-25 08:40:37,E 4 St & 2 Ave,5593,W 17 St & 8 Ave,6148,40.72628,-73.98978,40.74177603,-74.00149746,member
582379,E4D1DEA0434732E8,docked_bike,2021-02-26 16:17:53,2021-02-26 16:40:42,E 4 St & 2 Ave,5593,Hope St & Union Ave,5187,40.72628,-73.98978,40.71167351,-73.95141312,member
582394,586AD7F349FD960D,docked_bike,2021-02-05 15:17:35,2021-02-05 16:50:16,E 4 St & 2 Ave,5593,31 St & Broadway,6789,40.72628,-73.98978,40.761584,-73.925921,casual
583006,6586FEE7C75B0BB8,docked_bike,2021-02-14 18:18:11,2021-02-14 18:24:45,E 4 St & 2 Ave,5593,Greenwich Ave & Charles St,5914,40.726281,-73.98978,40.735238,-74.000271,member
583007,406DA969DFB76F81,docked_bike,2021-02-13 19:17:44,2021-02-13 19:23:16,E 4 St & 2 Ave,5593,Greenwich Ave & Charles St,5914,40.726281,-73.98978,40.735238,-74.000271,member
583013,6CF792A437469D05,docked_bike,2021-02-25 18:57:13,2021-02-25 19:05:15,E 4 St & 2 Ave,5593,Greenwich Ave & Charles St,5914,40.726281,-73.98978,40.735238,-74.000271,member
583014,B09A4FAE51E019DE,docked_bike,2021-02-17 20:41:18,2021-02-17 20:49:50,E 4 St & 2 Ave,5593,Greenwich Ave & Charles St,5914,40.72628,-73.98978,40.735238,-74.000271,casual
583018,D20CCDEDF4A204A5,docked_bike,2021-02-20 18:49:20,2021-02-20 18:58:21,E 4 St & 2 Ave,5593,Greenwich Ave & Charles St,5914,40.72628,-73.98978,40.735238,-74.000271,casual
583029,47CABA49937CC96E,docked_bike,2021-02-15 09:52:28,2021-02-15 10:00:04,E 4 St & 2 Ave,5593,Greenwich Ave & Charles St,5914,40.72628,-73.98978,40.735238,-74.000271,member
583031,05EFF1754743A241,docked_bike,2021-02-26 09:10:14,2021-02-26 09:17:49,E 4 St & 2 Ave,5593,Greenwich Ave & Charles St,5914,40.726281,-73.98978,40.735238,-74.000271,member
583034,CC29F609AA4A6E25,docked_bike,2021-02-13 22:39:36,2021-02-13 22:46:14,E 4 St & 2 Ave,5593,Greenwich Ave & Charles St,5914,40.72628,-73.98978,40.735238,-74.000271,casual
583036,FBE458F18EBA3889,docked_bike,2021-02-21 10:53:18,2021-02-21 11:00:12,E 4 St & 2 Ave,5593,Greenwich Ave & Charles St,5914,40.72628,-73.98978,40.735238,-74.000271,member
583038,C249A7D06D2FCA71,docked_bike,2021-02-10 14:07:58,2021-02-10 14:22:14,E 4 St & 2 Ave,5593,Greenwich Ave & Charles St,5914,40.72628,-73.98978,40.735238,-74.000271,member
583045,637D787B8613B43E,docked_bike,2021-02-14 14:09:42,2021-02-14 14:20:56,E 4 St & 2 Ave,5593,Greenwich Ave & Charles St,5914,40.72628,-73.98978,40.735238,-74.000271,casual
583047,68C2CBB0F6ED95D1,docked_bike,2021-02-13 10:59:49,2021-02-13 11:07:52,E 4 St & 2 Ave,5593,Greenwich Ave & Charles St,5914,40.72628,-73.98978,40.735238,-74.000271,member
583049,B18FA73D4D2F5305,docked_bike,2021-02-23 20:47:26,2021-02-23 20:52:12,E 4 St & 2 Ave,5593,Greenwich Ave & Charles St,5914,40.72628,-73.98978,40.735238,-74.000271,member
583577,B9CAE8B35D550C68,docked_bike,2021-02-13 17:41:31,2021-02-13 18:03:11,E 4 St & 2 Ave,5593,Murray St & Greenwich St,5288,40.726281,-73.98978,40.714852,-74.011223,member
583595,29B4831523ED4AFB,docked_bike,2021-02-06 21:34:23,2021-02-06 21:41:30,E 4 St & 2 Ave,5593,Lexington Ave & E 26 St,6089,40.726281,-73.98978,40.741459,-73.983293,casual
583606,C9B6BA294E77EA86,docked_bike,2021-02-22 10:17:51,2021-02-22 10:32:41,E 4 St & 2 Ave,5593,Murray St & Greenwich St,5288,40.726281,-73.98978,40.714852,-74.011223,member
583608,7777BD742F7F4A06,docked_bike,2021-02-10 10:43:01,2021-02-10 10:55:15,E 4 St & 2 Ave,5593,Murray St & Greenwich St,5288,40.726281,-73.98978,40.714852,-74.011223,member
583624,55ED94B602B0C7C9,docked_bike,2021-02-20 16:50:48,2021-02-20 16:58:52,E 4 St & 2 Ave,5593,Lexington Ave & E 26 St,6089,40.726281,-73.98978,40.741459,-73.983293,member
584063,3D81FB628AF1E564,docked_bike,2021-02-26 08:26:23,2021-02-26 08:28:27,E 4 St & 2 Ave,5593,1 Ave & E 5 St,5626,40.726281,-73.98978,40.725864,-73.986389,member
584067,8133FB6F577AD095,docked_bike,2021-02-15 00:14:34,2021-02-15 00:45:25,E 4 St & 2 Ave,5593,1 Ave & E 5 St,5626,40.72628,-73.98978,40.725864,-73.986389,member
584070,CE2AD70DED90601B,docked_bike,2021-02-05 15:59:15,2021-02-05 16:02:13,E 4 St & 2 Ave,5593,1 Ave & E 5 St,5626,40.72628,-73.98978,40.725864,-73.986389,member
584075,D662FCBA45F9C62A,docked_bike,2021-02-28 11:19:01,2021-02-28 11:30:11,E 4 St & 2 Ave,5593,Norfolk St & Broome St,5374,40.72628,-73.98978,40.7172274,-73.98802084,member
584076,6163A949C18AE179,docked_bike,2021-02-05 13:01:00,2021-02-05 13:05:09,E 4 St & 2 Ave,5593,1 Ave & E 5 St,5626,40.72628,-73.98978,40.725864,-73.986389,member
584079,48250D976E801F87,docked_bike,2021-02-06 14:59:40,2021-02-06 15:21:05,E 4 St & 2 Ave,5593,1 Ave & E 5 St,5626,40.72628,-73.98978,40.725864,-73.986389,casual
584083,B5D7BDAE93EDE641,docked_bike,2021-02-08 12:40:27,2021-02-08 12:42:02,E 4 St & 2 Ave,5593,1 Ave & E 5 St,5626,40.72628,-73.98978,40.725864,-73.986389,member
584084,DD995651EB92300D,docked_bike,2021-02-08 12:44:45,2021-02-08 12:46:29,E 4 St & 2 Ave,5593,1 Ave & E 5 St,5626,40.72628,-73.98978,40.725864,-73.986389,member
584085,0109CD83F6397B6C,docked_bike,2021-02-05 12:57:24,2021-02-05 12:58:42,E 4 St & 2 Ave,5593,1 Ave & E 5 St,5626,40.72628,-73.98978,40.725864,-73.986389,member
584086,543B169842D11289,docked_bike,2021-02-08 12:48:57,2021-02-08 12:50:25,E 4 St & 2 Ave,5593,1 Ave & E 5 St,5626,40.72628,-73.98978,40.725864,-73.986389,member
584087,EE71B7936209C724,docked_bike,2021-02-05 13:07:57,2021-02-05 13:09:29,E 4 St & 2 Ave,5593,1 Ave & E 5 St,5626,40.72628,-73.98978,40.725864,-73.986389,member
584088,5F187041AE568863,docked_bike,2021-02-05 15:50:01,2021-02-05 15:51:56,E 4 St & 2 Ave,5593,1 Ave & E 5 St,5626,40.72628,-73.98978,40.725864,-73.986389,member
584089,A7CD901AAED486BD,docked_bike,2021-02-05 15:59:23,2021-02-05 16:02:13,E 4 St & 2 Ave,5593,1 Ave & E 5 St,5626,40.72628,-73.98978,40.725864,-73.986389,member
584090,A66CA000322BE5A0,docked_bike,2021-02-05 15:39:17,2021-02-05 15:41:19,E 4 St & 2 Ave,5593,1 Ave & E 5 St,5626,40.72628,-73.98978,40.725864,-73.986389,member
584099,41D1F39ADCA7114B,docked_bike,2021-02-17 12:26:14,2021-02-17 12:55:26,E 4 St & 2 Ave,5593,E 56 St & Madison Ave,6732,40.72628,-73.98978,40.761573,-73.972628,member
584100,446EF8B8C190A541,docked_bike,2021-02-25 21:29:40,2021-02-25 21:36:37,E 4 St & 2 Ave,5593,Norfolk St & Broome St,5374,40.726281,-73.98978,40.717227,-73.988021,member
584101,786480E277B26D6A,docked_bike,2021-02-08 21:02:01,2021-02-08 21:15:12,E 4 St & 2 Ave,5593,1 Ave & E 5 St,5626,40.72628,-73.98978,40.725864,-73.986389,member
584102,0C250BF1E345EB1E,docked_bike,2021-02-13 08:48:51,2021-02-13 08:51:09,E 4 St & 2 Ave,5593,1 Ave & E 5 St,5626,40.72628,-73.98978,40.725864,-73.986389,member
584103,821843FE9C9BCD6C,docked_bike,2021-02-20 15:05:07,2021-02-20 15:07:00,E 4 St & 2 Ave,5593,1 Ave & E 5 St,5626,40.72628,-73.98978,40.725864,-73.986389,member
584104,B881380CB3F7A97A,docked_bike,2021-02-22 20:03:58,2021-02-22 20:10:43,E 4 St & 2 Ave,5593,Norfolk St & Broome St,5374,40.726281,-73.98978,40.717227,-73.988021,member
584108,9082C9C467046F1A,docked_bike,2021-02-26 12:30:30,2021-02-26 12:32:23,E 4 St & 2 Ave,5593,1 Ave & E 5 St,5626,40.72628,-73.98978,40.725864,-73.986389,member
584114,25E3ADAEE6DDED3B,docked_bike,2021-02-14 11:38:55,2021-02-14 11:41:04,E 4 St & 2 Ave,5593,1 Ave & E 5 St,5626,40.72628,-73.98978,40.725864,-73.986389,member
584115,69E586678FB0636E,docked_bike,2021-02-09 23:38:12,2021-02-09 23:39:50,E 4 St & 2 Ave,5593,1 Ave & E 5 St,5626,40.72628,-73.98978,40.725864,-73.986389,member
584118,7E1A57412F6EC36A,docked_bike,2021-02-25 17:27:49,2021-02-25 18:04:48,E 4 St & 2 Ave,5593,1 Ave & E 5 St,5626,40.72628,-73.98978,40.725864,-73.986389,casual
584120,6D9A0805957C96DB,docked_bike,2021-02-05 15:56:19,2021-02-05 15:59:11,E 4 St & 2 Ave,5593,1 Ave & E 5 St,5626,40.72628,-73.98978,40.725864,-73.986389,member
584122,18A8E639935C5346,docked_bike,2021-02-07 21:08:14,2021-02-07 21:09:46,E 4 St & 2 Ave,5593,1 Ave & E 5 St,5626,40.72628,-73.98978,40.725864,-73.986389,member
584123,5AA40DC3546B2223,docked_bike,2021-02-25 17:27:40,2021-02-25 18:04:53,E 4 St & 2 Ave,5593,1 Ave & E 5 St,5626,40.72628,-73.98978,40.725864,-73.986389,casual
584126,1020C0B63BAF48E2,docked_bike,2021-02-14 21:06:55,2021-02-14 21:09:40,E 4 St & 2 Ave,5593,1 Ave & E 5 St,5626,40.72628,-73.98978,40.725864,-73.986389,member
584127,3777650DEF8754D1,docked_bike,2021-02-13 20:52:36,2021-02-13 20:54:31,E 4 St & 2 Ave,5593,1 Ave & E 5 St,5626,40.72628,-73.98978,40.725864,-73.986389,member
584128,E8B0ADC777EB5BA8,docked_bike,2021-02-15 22:05:02,2021-02-15 22:06:37,E 4 St & 2 Ave,5593,1 Ave & E 5 St,5626,40.72628,-73.98978,40.725864,-73.986389,member
584129,2C8D9A188D4CC0FC,docked_bike,2021-02-11 13:49:40,2021-02-11 14:15:48,E 4 St & 2 Ave,5593,1 Ave & E 5 St,5626,40.726281,-73.98978,40.725864,-73.986389,member
584132,F93BB4805F445BE0,docked_bike,2021-02-05 18:07:35,2021-02-05 18:09:27,E 4 St & 2 Ave,5593,1 Ave & E 5 St,5626,40.72628,-73.98978,40.725864,-73.986389,member
584134,515A47A6C739E3A2,docked_bike,2021-02-05 15:49:40,2021-02-05 15:51:35,E 4 St & 2 Ave,5593,1 Ave & E 5 St,5626,40.72628,-73.98978,40.725864,-73.986389,member
584135,355607FE4A22287B,docked_bike,2021-02-05 15:42:54,2021-02-05 15:45:19,E 4 St & 2 Ave,5593,1 Ave & E 5 St,5626,40.72628,-73.98978,40.725864,-73.986389,member
584136,649D1DCBF652AC0B,docked_bike,2021-02-05 15:35:00,2021-02-05 15:36:56,E 4 St & 2 Ave,5593,1 Ave & E 5 St,5626,40.72628,-73.98978,40.725864,-73.986389,member
584137,52049F8364D45824,docked_bike,2021-02-05 13:11:34,2021-02-05 13:13:28,E 4 St & 2 Ave,5593,1 Ave & E 5 St,5626,40.72628,-73.98978,40.725864,-73.986389,member
584138,44BC9C1429023D5A,docked_bike,2021-02-05 13:16:11,2021-02-05 13:18:14,E 4 St & 2 Ave,5593,1 Ave & E 5 St,5626,40.72628,-73.98978,40.725864,-73.986389,member
584139,B9D1995B36C4C0B1,docked_bike,2021-02-05 12:53:34,2021-02-05 12:55:13,E 4 St & 2 Ave,5593,1 Ave & E 5 St,5626,40.72628,-73.98978,40.725864,-73.986389,member
584141,9B5B1923E8F03EAC,docked_bike,2021-02-05 15:49:12,2021-02-05 15:51:48,E 4 St & 2 Ave,5593,1 Ave & E 5 St,5626,40.72628,-73.98978,40.725864,-73.986389,member
584144,18B4C543568343B0,docked_bike,2021-02-06 20:17:36,2021-02-06 20:26:34,E 4 St & 2 Ave,5593,Norfolk St & Broome St,5374,40.72628,-73.98978,40.7172274,-73.98802084,member
584150,1A90268FF19FEF57,docked_bike,2021-02-27 18:29:05,2021-02-27 18:30:40,E 4 St & 2 Ave,5593,1 Ave & E 5 St,5626,40.726281,-73.98978,40.725864,-73.986389,member
584153,11DC19A142CA2374,docked_bike,2021-02-20 17:00:31,2021-02-20 17:10:42,E 4 St & 2 Ave,5593,Norfolk St & Broome St,5374,40.72628,-73.98978,40.7172274,-73.98802084,member
584155,5B989A0B81C56297,docked_bike,2021-02-04 11:53:20,2021-02-04 12:22:33,E 4 St & 2 Ave,5593,1 Ave & E 5 St,5626,40.726281,-73.98978,40.725864,-73.986389,member
584157,A0E3DC5905239694,docked_bike,2021-02-05 13:54:39,2021-02-05 13:56:23,E 4 St & 2 Ave,5593,1 Ave & E 5 St,5626,40.72628,-73.98978,40.725864,-73.986389,member
584158,7F6EF5A24CC7265B,docked_bike,2021-02-06 11:01:20,2021-02-06 11:09:07,E 4 St & 2 Ave,5593,Norfolk St & Broome St,5374,40.726281,-73.98978,40.717227,-73.988021,member
584607,21BF794577B5D487,docked_bike,2021-02-13 10:45:42,2021-02-13 10:48:22,E 4 St & 2 Ave,5593,1 Ave & E 5 St,5626,40.72628,-73.98978,40.725864,-73.986389,member
584608,48ABADF78EAD7F29,docked_bike,2021-02-05 15:38:55,2021-02-05 15:41:14,E 4 St & 2 Ave,5593,1 Ave & E 5 St,5626,40.72628,-73.98978,40.725864,-73.986389,member
584610,97C0DD8BCB33E9F9,docked_bike,2021-02-10 22:08:34,2021-02-10 22:10:26,E 4 St & 2 Ave,5593,1 Ave & E 5 St,5626,40.72628,-73.98978,40.725864,-73.986389,member
584611,17413E3A3800AD6B,docked_bike,2021-02-17 21:59:55,2021-02-17 22:01:32,E 4 St & 2 Ave,5593,1 Ave & E 5 St,5626,40.72628,-73.98978,40.725864,-73.986389,member
584612,E51EC0C4962CE652,docked_bike,2021-02-03 20:19:53,2021-02-03 20:23:25,E 4 St & 2 Ave,5593,1 Ave & E 5 St,5626,40.726281,-73.98978,40.725864,-73.986389,member
584613,ECB7031DB0E5CDD0,docked_bike,2021-02-13 14:35:32,2021-02-13 15:00:01,E 4 St & 2 Ave,5593,Norfolk St & Broome St,5374,40.72628,-73.98978,40.7172274,-73.98802084,member
584615,47900268DCEEDC3F,docked_bike,2021-02-06 14:31:05,2021-02-06 14:33:23,E 4 St & 2 Ave,5593,1 Ave & E 5 St,5626,40.72628,-73.98978,40.725864,-73.986389,member
584617,4A5E40367C64789C,docked_bike,2021-02-13 08:57:24,2021-02-13 09:00:29,E 4 St & 2 Ave,5593,1 Ave & E 5 St,5626,40.72628,-73.98978,40.725864,-73.986389,member
584700,FAD72A56C7CF6B68,docked_bike,2021-02-16 18:11:28,2021-02-16 18:18:12,E 4 St & 2 Ave,5593,Norfolk St & Broome St,5374,40.72628,-73.98978,40.7172274,-73.98802084,member
584701,75DACCB2C49EF339,docked_bike,2021-02-04 13:41:24,2021-02-04 14:17:16,E 4 St & 2 Ave,5593,1 Ave & E 5 St,5626,40.726281,-73.98978,40.725864,-73.986389,member
584735,8EC112D1218BCE72,docked_bike,2021-02-17 15:30:47,2021-02-17 15:41:07,E 4 St & 2 Ave,5593,E 31 St & 3 Ave,6239,40.726281,-73.98978,40.743943,-73.979661,member
584739,4288714EEA2931E4,docked_bike,2021-02-14 11:49:20,2021-02-14 11:53:57,E 4 St & 2 Ave,5593,LaGuardia Pl & W 3 St,5721,40.72628,-73.98978,40.72917025,-73.99810231,member
584742,37720EDD6D80CDB1,docked_bike,2021-02-25 11:48:23,2021-02-25 11:54:37,E 4 St & 2 Ave,5593,LaGuardia Pl & W 3 St,5721,40.72628,-73.98978,40.72917025,-73.99810231,member
584747,FFFDC61FC57E6618,docked_bike,2021-02-28 17:42:11,2021-02-28 17:55:05,E 4 St & 2 Ave,5593,E 31 St & 3 Ave,6239,40.72628,-73.98978,40.74394314,-73.97966069,casual
584750,CA621D062E027FF2,docked_bike,2021-02-10 23:14:49,2021-02-10 23:36:30,E 4 St & 2 Ave,5593,LaGuardia Pl & W 3 St,5721,40.72628,-73.98978,40.72917025,-73.99810231,member
584763,FB49F6C3FFAF7F02,docked_bike,2021-02-26 16:33:31,2021-02-26 16:37:32,E 4 St & 2 Ave,5593,LaGuardia Pl & W 3 St,5721,40.72628,-73.98978,40.72917025,-73.99810231,member
584764,B5490A40DA67FCBC,docked_bike,2021-02-16 17:44:42,2021-02-16 17:51:16,E 4 St & 2 Ave,5593,LaGuardia Pl & W 3 St,5721,40.726281,-73.98978,40.72917,-73.998102,member
584767,82D955A55FBBFC60,docked_bike,2021-02-23 14:16:59,2021-02-23 14:27:04,E 4 St & 2 Ave,5593,E 31 St & 3 Ave,6239,40.726281,-73.98978,40.743943,-73.979661,member
584806,13149D2316C33C4F,docked_bike,2021-02-13 15:37:49,2021-02-13 15:48:18,E 4 St & 2 Ave,5593,Bank St & Hudson St,5922,40.72628,-73.98978,40.73652889,-74.00618026,member
584832,76A5037BF056DC75,docked_bike,2021-02-20 21:12:44,2021-02-20 21:17:52,E 4 St & 2 Ave,5593,LaGuardia Pl & W 3 St,5721,40.72628,-73.98978,40.72917025,-73.99810231,casual
584840,3B05DE003B045A57,docked_bike,2021-02-25 13:40:54,2021-02-25 13:45:54,E 4 St & 2 Ave,5593,LaGuardia Pl & W 3 St,5721,40.72628,-73.98978,40.72917025,-73.99810231,casual
584842,4246CE16C303E14A,docked_bike,2021-02-26 09:45:37,2021-02-26 09:49:46,E 4 St & 2 Ave,5593,LaGuardia Pl & W 3 St,5721,40.72628,-73.98978,40.72917025,-73.99810231,member
584847,8E3B522C3B947B34,docked_bike,2021-02-24 13:07:33,2021-02-24 13:12:34,E 4 St & 2 Ave,5593,LaGuardia Pl & W 3 St,5721,40.72628,-73.98978,40.72917025,-73.99810231,member
584848,CDBAA87A90DD0AD9,docked_bike,2021-02-13 13:47:30,2021-02-13 13:53:09,E 4 St & 2 Ave,5593,LaGuardia Pl & W 3 St,5721,40.72628,-73.98978,40.72917025,-73.99810231,member
584854,9B3D93947D126535,docked_bike,2021-02-03 14:11:32,2021-02-03 14:15:50,E 4 St & 2 Ave,5593,LaGuardia Pl & W 3 St,5721,40.726281,-73.98978,40.72917,-73.998102,member
584861,B6E28DAA4C0A3645,docked_bike,2021-02-28 09:16:40,2021-02-28 09:20:06,E 4 St & 2 Ave,5593,LaGuardia Pl & W 3 St,5721,40.72628,-73.98978,40.72917025,-73.99810231,member
584869,0559170E537DFB91,docked_bike,2021-02-25 16:39:38,2021-02-25 16:50:19,E 4 St & 2 Ave,5593,E 31 St & 3 Ave,6239,40.72628,-73.98978,40.74394314,-73.97966069,member
585590,893098621093286E,docked_bike,2021-02-20 21:08:19,2021-02-20 21:13:35,E 4 St & 2 Ave,5593,LaGuardia Pl & W 3 St,5721,40.72628,-73.98978,40.72917025,-73.99810231,member
585641,9A1A0AB77185B1ED,docked_bike,2021-02-26 18:33:15,2021-02-26 19:06:05,E 4 St & 2 Ave,5593,State St & Smith St,4565,40.72628,-73.98978,40.68926942,-73.98912867,member
585646,938383C3BB9769C3,docked_bike,2021-02-26 18:47:19,2021-02-26 19:20:05,E 4 St & 2 Ave,5593,Jefferson St & Cypress Ave,5082,40.726281,-73.98978,40.70907,-73.92157,member
585723,C94369EB3A4E915F,docked_bike,2021-02-21 14:25:48,2021-02-21 14:44:50,E 4 St & 2 Ave,5593,Cadman Plaza E & Red Cross Pl,4821,40.72628,-73.98978,40.69991755,-73.98971773,member
585725,FF89B5FA6510924B,docked_bike,2021-02-21 14:26:38,2021-02-21 14:44:53,E 4 St & 2 Ave,5593,Cadman Plaza E & Red Cross Pl,4821,40.72628,-73.98978,40.69991755,-73.98971773,casual
586270,52F88F4FE775F2C0,docked_bike,2021-02-13 14:38:31,2021-02-13 15:05:03,E 4 St & 2 Ave,5593,India St & West St,5794,40.726281,-73.98978,40.731814,-73.95995,casual
586323,FD71484C40B3DE43,docked_bike,2021-02-26 17:24:56,2021-02-26 17:43:12,E 4 St & 2 Ave,5593,Powers St & Olive St,5210,40.72628,-73.98978,40.71323,-73.93894,member
586558,52BB709A0D24BFD7,docked_bike,2021-02-20 12:06:05,2021-02-20 12:10:06,E 4 St & 2 Ave,5593,Allen St & Rivington St,5414,40.72628,-73.98978,40.72019576,-73.98997825,member
586565,6DBFD0C3051CFCD8,docked_bike,2021-02-17 23:28:00,2021-02-17 23:31:00,E 4 St & 2 Ave,5593,Allen St & Rivington St,5414,40.726281,-73.98978,40.720196,-73.989978,member
586566,C2667B13329A4E85,docked_bike,2021-02-24 05:39:37,2021-02-24 05:42:32,E 4 St & 2 Ave,5593,Cooper Square & Astor Pl,5712,40.726281,-73.98978,40.729515,-73.990753,member
586572,1CE57BC6C3856E4A,docked_bike,2021-02-25 08:19:00,2021-02-25 08:35:46,E 4 St & 2 Ave,5593,Allen St & Rivington St,5414,40.72628,-73.98978,40.72019576,-73.98997825,member
586573,A4412B19BEFF90F9,docked_bike,2021-02-14 15:57:04,2021-02-14 16:23:48,E 4 St & 2 Ave,5593,Grand St & Havemeyer St,5267,40.72628,-73.98978,40.71286844,-73.95698119,casual
586577,A92E6C8127D5D344,docked_bike,2021-02-23 20:21:51,2021-02-23 20:24:36,E 4 St & 2 Ave,5593,Cooper Square & Astor Pl,5712,40.72628,-73.98978,40.72951496224949,-73.99075269699097,member
586581,AB6C8F58BB5139A3,docked_bike,2021-02-17 08:14:33,2021-02-17 08:16:59,E 4 St & 2 Ave,5593,Cooper Square & Astor Pl,5712,40.726281,-73.98978,40.729515,-73.990753,member
586582,D17ABC581720C8A4,docked_bike,2021-02-22 08:43:04,2021-02-22 08:46:56,E 4 St & 2 Ave,5593,Cooper Square & Astor Pl,5712,40.72628,-73.98978,40.72951496224949,-73.99075269699097,member
586596,14DE99E073847E07,docked_bike,2021-02-22 23:56:40,2021-02-23 00:15:39,E 4 St & 2 Ave,5593,9 Ave & W 45 St,6717,40.72628,-73.98978,40.76019252,-73.9912551,member
586598,6B59D01F45808E3D,docked_bike,2021-02-21 14:19:10,2021-02-21 14:50:24,E 4 St & 2 Ave,5593,Allen St & Rivington St,5414,40.72628,-73.98978,40.72019576,-73.98997825,member
586599,A599E5A873CD21FB,docked_bike,2021-02-08 14:47:18,2021-02-08 14:50:31,E 4 St & 2 Ave,5593,Cooper Square & Astor Pl,5712,40.726281,-73.98978,40.729515,-73.990753,member
586603,931D5288860C96F5,docked_bike,2021-02-25 08:16:22,2021-02-25 08:18:21,E 4 St & 2 Ave,5593,Cooper Square & Astor Pl,5712,40.726281,-73.98978,40.729515,-73.990753,member
586608,7E24C62666D4B8EC,docked_bike,2021-02-28 13:17:34,2021-02-28 13:22:24,E 4 St & 2 Ave,5593,Cooper Square & Astor Pl,5712,40.72628,-73.98978,40.72951496224949,-73.99075269699097,member
586610,DF41C00CC4D9CE18,docked_bike,2021-02-25 13:17:46,2021-02-25 13:19:40,E 4 St & 2 Ave,5593,Cooper Square & Astor Pl,5712,40.72628,-73.98978,40.72951496224949,-73.99075269699097,member
586625,CF209071563D89A6,docked_bike,2021-02-27 13:03:30,2021-02-27 13:40:20,E 4 St & 2 Ave,5593,Cooper Square & Astor Pl,5712,40.726281,-73.98978,40.729515,-73.990753,member
586631,95DE2912F818D5BC,docked_bike,2021-02-13 02:34:27,2021-02-13 02:37:10,E 4 St & 2 Ave,5593,Allen St & Rivington St,5414,40.726281,-73.98978,40.720196,-73.989978,member
586635,0E342CEF7B92224B,docked_bike,2021-02-28 13:17:28,2021-02-28 13:22:57,E 4 St & 2 Ave,5593,Cooper Square & Astor Pl,5712,40.72628,-73.98978,40.72951496224949,-73.99075269699097,member
586636,B9F986D2C7892BE1,docked_bike,2021-02-20 01:45:06,2021-02-20 01:47:19,E 4 St & 2 Ave,5593,Cooper Square & Astor Pl,5712,40.726281,-73.98978,40.729515,-73.990753,member
586638,183C590592223BC4,docked_bike,2021-02-06 09:50:06,2021-02-06 09:56:20,E 4 St & 2 Ave,5593,Cooper Square & Astor Pl,5712,40.726281,-73.98978,40.729515,-73.990753,member
586639,D7F97550E7D14D25,docked_bike,2021-02-21 10:04:14,2021-02-21 10:08:38,E 4 St & 2 Ave,5593,Allen St & Rivington St,5414,40.72628,-73.98978,40.72019576,-73.98997825,member
586640,CE8B65392C444C79,docked_bike,2021-02-25 17:53:07,2021-02-25 18:14:17,E 4 St & 2 Ave,5593,Cooper Square & Astor Pl,5712,40.72628,-73.98978,40.72951496224949,-73.99075269699097,member
586644,70C0693830D82389,docked_bike,2021-02-06 13:14:55,2021-02-06 13:18:49,E 4 St & 2 Ave,5593,Cooper Square & Astor Pl,5712,40.726281,-73.98978,40.729515,-73.990753,member
586646,A27D4C033EF80BBC,docked_bike,2021-02-28 00:31:38,2021-02-28 00:34:54,E 4 St & 2 Ave,5593,Allen St & Rivington St,5414,40.72628,-73.98978,40.72019576,-73.98997825,member
586648,8D5013B3F53A73E5,docked_bike,2021-02-13 15:39:31,2021-02-13 15:42:41,E 4 St & 2 Ave,5593,Allen St & Rivington St,5414,40.72628,-73.98978,40.72019576,-73.98997825,member
586654,FC6E866FE7D5347F,docked_bike,2021-02-27 18:32:31,2021-02-27 18:34:38,E 4 St & 2 Ave,5593,Cooper Square & Astor Pl,5712,40.72628,-73.98978,40.72951496224949,-73.99075269699097,member
586656,ABA701738E4DB747,docked_bike,2021-02-21 16:39:43,2021-02-21 16:42:31,E 4 St & 2 Ave,5593,Cooper Square & Astor Pl,5712,40.72628,-73.98978,40.72951496224949,-73.99075269699097,member
587133,FDC235A3B28CC6F7,docked_bike,2021-02-25 20:22:39,2021-02-25 21:01:34,E 4 St & 2 Ave,5593,Cooper Square & Astor Pl,5712,40.72628,-73.98978,40.72951496224949,-73.99075269699097,casual
587134,8DB8997B9EDE1965,docked_bike,2021-02-14 15:59:13,2021-02-14 16:23:25,E 4 St & 2 Ave,5593,Grand St & Havemeyer St,5267,40.726281,-73.98978,40.712868,-73.956981,casual
587472,4CDE46F1701E35D0,docked_bike,2021-02-05 15:55:25,2021-02-05 16:12:59,E 4 St & 2 Ave,5593,Clinton St & Grand St,5303,40.726281,-73.98978,40.715595,-73.98703,member
587473,5A130859CC443B60,docked_bike,2021-02-03 18:05:32,2021-02-03 18:14:44,E 4 St & 2 Ave,5593,Clinton St & Grand St,5303,40.72628,-73.98978,40.71559509,-73.9870295,member
587475,5D3EDB6A1F5297DB,docked_bike,2021-02-05 20:32:39,2021-02-05 20:39:34,E 4 St & 2 Ave,5593,E 6 St & Avenue B,5584,40.726281,-73.98978,40.724537,-73.981854,member
587476,BB492FD3D90B028E,docked_bike,2021-02-25 17:37:20,2021-02-25 17:43:58,E 4 St & 2 Ave,5593,Clinton St & Grand St,5303,40.726281,-73.98978,40.715595,-73.98703,member
587480,32163E55EF1FC782,docked_bike,2021-02-05 16:28:50,2021-02-05 16:35:07,E 4 St & 2 Ave,5593,Clinton St & Grand St,5303,40.726281,-73.98978,40.715595,-73.98703,member
587481,47E48B90C8A07BEE,docked_bike,2021-02-04 14:58:54,2021-02-04 15:03:07,E 4 St & 2 Ave,5593,Washington Pl & Broadway,5755,40.726281,-73.98978,40.729039,-73.994046,member
587485,34F60079661D5F6D,docked_bike,2021-02-27 15:06:06,2021-02-27 15:10:06,E 4 St & 2 Ave,5593,E 6 St & Avenue B,5584,40.726281,-73.98978,40.724537,-73.981854,member
587486,EEAC2BE6D3866C73,docked_bike,2021-02-28 18:12:24,2021-02-28 18:16:06,E 4 St & 2 Ave,5593,E 6 St & Avenue B,5584,40.72628,-73.98978,40.72453734,-73.98185424,member
587487,4CCFB7BBB93C36EB,docked_bike,2021-02-20 15:42:15,2021-02-20 15:50:05,E 4 St & 2 Ave,5593,Clinton St & Grand St,5303,40.72628,-73.98978,40.71559509,-73.9870295,member
587491,4BC7B6DA4174DFF9,docked_bike,2021-02-12 22:17:06,2021-02-12 22:21:58,E 4 St & 2 Ave,5593,Washington Pl & 6 Ave,5838,40.72628,-73.98978,40.73224119,-74.00026394,member
587492,F9E11F36DF9DB011,docked_bike,2021-02-26 01:56:50,2021-02-26 02:00:58,E 4 St & 2 Ave,5593,Washington Pl & 6 Ave,5838,40.72628,-73.98978,40.73224119,-74.00026394,member
587493,C00529D6B9EBC6DA,docked_bike,2021-02-17 15:07:03,2021-02-17 15:35:42,E 4 St & 2 Ave,5593,Clinton St & Grand St,5303,40.726281,-73.98978,40.715595,-73.98703,member
587495,21C5569EC7B782F2,docked_bike,2021-02-16 11:00:06,2021-02-16 11:11:16,E 4 St & 2 Ave,5593,Washington Pl & 6 Ave,5838,40.72628,-73.98978,40.73224119,-74.00026394,casual
587500,FDE316901AA726F4,docked_bike,2021-02-26 18:13:49,2021-02-26 18:25:20,E 4 St & 2 Ave,5593,Clinton St & Grand St,5303,40.72628,-73.98978,40.71559509,-73.9870295,member
587501,4B6A1DC8649047E7,docked_bike,2021-02-21 11:50:42,2021-02-21 11:58:19,E 4 St & 2 Ave,5593,Clinton St & Grand St,5303,40.72628,-73.98978,40.71559509,-73.9870295,member
587502,52CC6133555CA62D,docked_bike,2021-02-14 12:36:22,2021-02-14 12:43:49,E 4 St & 2 Ave,5593,Clinton St & Grand St,5303,40.72628,-73.98978,40.71559509,-73.9870295,member
587503,E7AA87A609C2080A,docked_bike,2021-02-19 19:49:48,2021-02-19 19:53:52,E 4 St & 2 Ave,5593,E 6 St & Avenue B,5584,40.726281,-73.98978,40.724537,-73.981854,member
587505,6D8E7D294DD2497E,docked_bike,2021-02-14 22:00:48,2021-02-14 22:07:10,E 4 St & 2 Ave,5593,Clinton St & Grand St,5303,40.72628,-73.98978,40.71559509,-73.9870295,member
587507,538B7B9D3C646796,docked_bike,2021-02-12 18:11:13,2021-02-12 18:19:57,E 4 St & 2 Ave,5593,Clinton St & Grand St,5303,40.72628,-73.98978,40.71559509,-73.9870295,member
587508,E82CBE25045FB32A,docked_bike,2021-02-27 18:18:19,2021-02-27 18:28:12,E 4 St & 2 Ave,5593,Clinton St & Grand St,5303,40.72628,-73.98978,40.71559509,-73.9870295,member
587509,D5172D7ECA843048,docked_bike,2021-02-14 18:09:15,2021-02-14 18:17:27,E 4 St & 2 Ave,5593,Clinton St & Grand St,5303,40.72628,-73.98978,40.71559509,-73.9870295,member
587510,904E99584A519801,docked_bike,2021-02-09 20:38:24,2021-02-09 20:42:48,E 4 St & 2 Ave,5593,E 6 St & Avenue B,5584,40.726281,-73.98978,40.724537,-73.981854,member
587511,5DD5268170544AD4,docked_bike,2021-02-08 22:18:40,2021-02-08 22:23:10,E 4 St & 2 Ave,5593,E 6 St & Avenue B,5584,40.726281,-73.98978,40.724537,-73.981854,member
587513,0697631F5DAA4817,docked_bike,2021-02-11 16:46:55,2021-02-11 16:50:15,E 4 St & 2 Ave,5593,Washington Pl & Broadway,5755,40.72628,-73.98978,40.72903917,-73.99404649,member
587514,43BBC2FE2AD4921C,docked_bike,2021-02-05 15:44:38,2021-02-05 15:48:22,E 4 St & 2 Ave,5593,Washington Pl & Broadway,5755,40.72628,-73.98978,40.72903917,-73.99404649,member
587516,4F1C056BC86E3017,docked_bike,2021-02-04 12:10:46,2021-02-04 12:13:56,E 4 St & 2 Ave,5593,Washington Pl & Broadway,5755,40.726281,-73.98978,40.729039,-73.994046,member
587517,521C377796934317,docked_bike,2021-02-16 17:56:47,2021-02-16 18:04:51,E 4 St & 2 Ave,5593,Clinton St & Grand St,5303,40.72628,-73.98978,40.71559509,-73.9870295,member
587518,746DDFE67A633B4F,docked_bike,2021-02-27 14:19:57,2021-02-27 14:28:14,E 4 St & 2 Ave,5593,E 6 St & Avenue B,5584,40.72628,-73.98978,40.72453734,-73.98185424,member
587522,0D77FF8DFBB05B1E,docked_bike,2021-02-28 12:03:32,2021-02-28 12:09:46,E 4 St & 2 Ave,5593,Clinton St & Grand St,5303,40.72628,-73.98978,40.71559509,-73.9870295,member
587532,B001219A58FA8E99,docked_bike,2021-02-23 15:41:43,2021-02-23 15:46:37,E 4 St & 2 Ave,5593,E 6 St & Avenue B,5584,40.726281,-73.98978,40.724537,-73.981854,member
587534,8A22DE98A708AF6E,docked_bike,2021-02-21 18:01:25,2021-02-21 18:10:29,E 4 St & 2 Ave,5593,Clinton St & Grand St,5303,40.72628,-73.98978,40.71559509,-73.9870295,member
587549,BE052A78B00F403B,docked_bike,2021-02-12 10:18:43,2021-02-12 10:22:24,E 4 St & 2 Ave,5593,E 6 St & Avenue B,5584,40.726281,-73.98978,40.724537,-73.981854,member
587555,72C3BAE76462E0F8,docked_bike,2021-02-15 14:25:27,2021-02-15 14:29:03,E 4 St & 2 Ave,5593,E 6 St & Avenue B,5584,40.72628,-73.98978,40.72453734,-73.98185424,member
587556,3542E6DD0AB899E0,docked_bike,2021-02-06 15:09:15,2021-02-06 15:15:05,E 4 St & 2 Ave,5593,Washington Pl & 6 Ave,5838,40.72628,-73.98978,40.73224119,-74.00026394,member
587557,64BDCF1C27BC1161,docked_bike,2021-02-21 00:28:00,2021-02-21 00:30:42,E 4 St & 2 Ave,5593,E 6 St & Avenue B,5584,40.72628,-73.98978,40.72453734,-73.98185424,member
587558,55971F2662C3F185,docked_bike,2021-02-28 13:45:26,2021-02-28 13:48:23,E 4 St & 2 Ave,5593,E 6 St & Avenue B,5584,40.72628,-73.98978,40.72453734,-73.98185424,member
587654,B7EE0DC2AF83787F,docked_bike,2021-02-15 15:17:03,2021-02-15 15:20:35,E 4 St & 2 Ave,5593,E 6 St & Avenue B,5584,40.726281,-73.98978,40.724537,-73.981854,member
587655,3DA5738718A115F8,docked_bike,2021-02-28 15:55:36,2021-02-28 16:02:47,E 4 St & 2 Ave,5593,Clinton St & Grand St,5303,40.72628,-73.98978,40.71559509,-73.9870295,member
587656,66449A36CF18A20F,docked_bike,2021-02-24 17:57:22,2021-02-24 18:03:47,E 4 St & 2 Ave,5593,Clinton St & Grand St,5303,40.726281,-73.98978,40.715595,-73.98703,member
587657,7A6EE34B68642FB0,docked_bike,2021-02-21 18:01:14,2021-02-21 18:10:22,E 4 St & 2 Ave,5593,Clinton St & Grand St,5303,40.72628,-73.98978,40.71559509,-73.9870295,member
587658,05554E46FD8651E5,docked_bike,2021-02-15 14:03:26,2021-02-15 14:10:48,E 4 St & 2 Ave,5593,Clinton St & Grand St,5303,40.72628,-73.98978,40.71559509,-73.9870295,member
587665,EE0659F49719BB90,docked_bike,2021-02-17 18:54:32,2021-02-17 19:00:32,E 4 St & 2 Ave,5593,Washington Pl & 6 Ave,5838,40.726281,-73.98978,40.732241,-74.000264,member
587666,4B1DB8232B45846F,docked_bike,2021-02-11 19:07:48,2021-02-11 19:13:45,E 4 St & 2 Ave,5593,Clinton St & Grand St,5303,40.72628,-73.98978,40.71559509,-73.9870295,member
587676,E45AF355FDF927BE,docked_bike,2021-02-09 16:38:23,2021-02-09 16:58:44,E 4 St & 2 Ave,5593,Washington Pl & Broadway,5755,40.726281,-73.98978,40.729039,-73.994046,member
587679,9613174EB9C28192,docked_bike,2021-02-08 17:59:56,2021-02-08 18:09:02,E 4 St & 2 Ave,5593,Clinton St & Grand St,5303,40.726281,-73.98978,40.715595,-73.98703,member
587704,F38C6134F40AD60E,docked_bike,2021-02-25 18:30:59,2021-02-25 18:36:55,E 4 St & 2 Ave,5593,Washington Pl & 6 Ave,5838,40.72628,-73.98978,40.73224119,-74.00026394,casual
587705,869655D9B8DE2B52,docked_bike,2021-02-08 18:00:08,2021-02-08 18:06:49,E 4 St & 2 Ave,5593,Clinton St & Grand St,5303,40.72628,-73.98978,40.71559509,-73.9870295,member
588090,A3EBBFC86C1EB485,docked_bike,2021-02-05 11:48:18,2021-02-05 12:05:14,E 4 St & 2 Ave,5593,Front St & Washington St,4936,40.726281,-73.98978,40.702551,-73.989402,member
588091,9830F13411BFFF21,docked_bike,2021-02-20 10:40:24,2021-02-20 10:44:34,E 4 St & 2 Ave,5593,Avenue D & E 3 St,5436,40.726281,-73.98978,40.720828,-73.977932,member
588093,E970E5FCAB253299,docked_bike,2021-02-06 19:56:06,2021-02-06 20:32:58,E 4 St & 2 Ave,5593,Avenue D & E 3 St,5436,40.72628,-73.98978,40.72082834,-73.97793172,member
588108,BC9254FFC28A09B5,docked_bike,2021-02-15 12:47:18,2021-02-15 13:05:34,E 4 St & 2 Ave,5593,E 72 St & Park Ave,6998,40.726281,-73.98978,40.771183,-73.964094,member
588112,9070A62615926C28,docked_bike,2021-02-24 00:41:32,2021-02-24 00:48:08,E 4 St & 2 Ave,5593,Avenue D & E 3 St,5436,40.72628,-73.98978,40.72082834,-73.97793172,member
588526,ECF130C61D1B753A,docked_bike,2021-02-25 13:48:12,2021-02-25 13:55:28,E 4 St & 2 Ave,5593,Grand St & Elizabeth St,5382,40.72628,-73.98978,40.718822,-73.99596,member
588528,7AA6CF4CEC097A20,docked_bike,2021-02-28 12:37:23,2021-02-28 12:46:05,E 4 St & 2 Ave,5593,Grand St & Elizabeth St,5382,40.72628,-73.98978,40.718822,-73.99596,member
588535,0E4A9ED0C75D4606,docked_bike,2021-02-12 15:40:43,2021-02-12 15:49:09,E 4 St & 2 Ave,5593,Grand St & Elizabeth St,5382,40.72628,-73.98978,40.718822,-73.99596,casual
588537,6823D085ED525208,docked_bike,2021-02-14 13:56:04,2021-02-14 14:05:46,E 4 St & 2 Ave,5593,Grand St & Elizabeth St,5382,40.726281,-73.98978,40.718822,-73.99596,member
588541,A07271DCF58F673F,docked_bike,2021-02-21 21:59:39,2021-02-21 22:04:26,E 4 St & 2 Ave,5593,E 5 St & Avenue C,5545,40.726281,-73.98978,40.722992,-73.979955,member
588542,F49A8B40A4605660,docked_bike,2021-02-06 09:06:26,2021-02-06 09:13:13,E 4 St & 2 Ave,5593,Grand St & Elizabeth St,5382,40.72628,-73.98978,40.718822,-73.99596,casual
588545,7D2A3D892DF66B43,docked_bike,2021-02-09 16:10:27,2021-02-09 16:16:52,E 4 St & 2 Ave,5593,Grand St & Elizabeth St,5382,40.726281,-73.98978,40.718822,-73.99596,member
588546,336682700E31BCD3,docked_bike,2021-02-04 13:41:01,2021-02-04 13:48:31,E 4 St & 2 Ave,5593,Grand St & Elizabeth St,5382,40.726281,-73.98978,40.718822,-73.99596,member
588572,A91D9BC8701DF03E,docked_bike,2021-02-17 20:28:05,2021-02-17 20:31:44,E 4 St & 2 Ave,5593,E 5 St & Avenue C,5545,40.72628,-73.98978,40.72299208,-73.97995466,member
588579,F0B5BB5608E4F154,docked_bike,2021-02-04 19:58:33,2021-02-04 20:04:28,E 4 St & 2 Ave,5593,Grand St & Elizabeth St,5382,40.726281,-73.98978,40.718822,-73.99596,member
588583,D611E439698949E4,docked_bike,2021-02-12 01:05:30,2021-02-12 01:22:24,E 4 St & 2 Ave,5593,E 5 St & Avenue C,5545,40.72628,-73.98978,40.72299208,-73.97995466,member
588585,90B202D627B94E96,docked_bike,2021-02-21 15:37:54,2021-02-21 15:41:56,E 4 St & 2 Ave,5593,E 5 St & Avenue C,5545,40.72628,-73.98978,40.72299208,-73.97995466,member
588587,8EF259A65ECF9BA3,docked_bike,2021-02-26 13:48:39,2021-02-26 13:56:39,E 4 St & 2 Ave,5593,Grand St & Elizabeth St,5382,40.72628,-73.98978,40.718822,-73.99596,member
588591,AD27C660A96056FD,docked_bike,2021-02-18 08:50:44,2021-02-18 09:02:35,E 4 St & 2 Ave,5593,Greenwich St & Hubert St,5470,40.726281,-73.98978,40.721319,-74.010065,member
588592,DD01B2A408A01B79,docked_bike,2021-02-14 16:42:28,2021-02-14 16:55:11,E 4 St & 2 Ave,5593,Greenwich St & Hubert St,5470,40.726281,-73.98978,40.721319,-74.010065,member
588598,AE17FB23BA29AFCD,docked_bike,2021-02-23 22:13:37,2021-02-23 22:27:33,E 4 St & 2 Ave,5593,Bedford Ave & S 9 St,5093,40.726281,-73.98978,40.708531,-73.96409,member
588606,F2693CBCF5A7A324,docked_bike,2021-02-13 00:07:05,2021-02-13 00:11:59,E 4 St & 2 Ave,5593,E 5 St & Avenue C,5545,40.726281,-73.98978,40.722992,-73.979955,member
588608,7E4F019EF011ACA3,docked_bike,2021-02-20 17:34:19,2021-02-20 17:41:51,E 4 St & 2 Ave,5593,E 5 St & Avenue C,5545,40.72628,-73.98978,40.72299208,-73.97995466,member
588609,210D29176ADB3CCD,docked_bike,2021-02-21 21:35:38,2021-02-21 21:41:32,E 4 St & 2 Ave,5593,Grand St & Elizabeth St,5382,40.72628,-73.98978,40.718822,-73.99596,member
588621,8E39874B4A40A260,docked_bike,2021-02-21 18:17:24,2021-02-21 18:21:30,E 4 St & 2 Ave,5593,E 5 St & Avenue C,5545,40.726281,-73.98978,40.722992,-73.979955,member
588622,60280B2B9AAA5BB4,docked_bike,2021-02-12 18:32:49,2021-02-12 18:37:40,E 4 St & 2 Ave,5593,E 5 St & Avenue C,5545,40.72628,-73.98978,40.72299208,-73.97995466,member
588623,80D036E2ABB08A8D,docked_bike,2021-02-15 20:12:52,2021-02-15 20:17:06,E 4 St & 2 Ave,5593,E 5 St & Avenue C,5545,40.72628,-73.98978,40.72299208,-73.97995466,member
588624,E2EEF142E426B5F7,docked_bike,2021-02-16 05:42:59,2021-02-16 05:47:23,E 4 St & 2 Ave,5593,E 5 St & Avenue C,5545,40.72628,-73.98978,40.72299208,-73.97995466,member
588627,8E35AEFF4684A6EA,docked_bike,2021-02-07 11:34:53,2021-02-07 11:42:33,E 4 St & 2 Ave,5593,Grand St & Elizabeth St,5382,40.72628,-73.98978,40.718822,-73.99596,member
588629,77677DC3CCF17CD1,docked_bike,2021-02-20 08:59:31,2021-02-20 09:09:55,E 4 St & 2 Ave,5593,Greenwich St & Hubert St,5470,40.726281,-73.98978,40.721319,-74.010065,member
588631,D3350E375D3345CD,docked_bike,2021-02-10 12:55:12,2021-02-10 13:04:38,E 4 St & 2 Ave,5593,Grand St & Elizabeth St,5382,40.72628,-73.98978,40.718822,-73.99596,member
588638,A236F3F8691B3B74,docked_bike,2021-02-18 05:53:48,2021-02-18 05:58:01,E 4 St & 2 Ave,5593,E 5 St & Avenue C,5545,40.72628,-73.98978,40.72299208,-73.97995466,member
588641,81D6B328427228E9,docked_bike,2021-02-13 19:05:45,2021-02-13 19:10:14,E 4 St & 2 Ave,5593,E 5 St & Avenue C,5545,40.726281,-73.98978,40.722992,-73.979955,member
588654,0D63B5B4AE1AE1B5,docked_bike,2021-02-17 10:10:26,2021-02-17 10:14:22,E 4 St & 2 Ave,5593,E 5 St & Avenue C,5545,40.72628,-73.98978,40.72299208,-73.97995466,member
588658,D4A1D285B3488698,docked_bike,2021-02-09 08:53:46,2021-02-09 09:07:14,E 4 St & 2 Ave,5593,Grand St & Elizabeth St,5382,40.726281,-73.98978,40.718822,-73.99596,member
588659,B8E78AB7AE4659B3,docked_bike,2021-02-08 05:51:58,2021-02-08 05:56:49,E 4 St & 2 Ave,5593,E 5 St & Avenue C,5545,40.726281,-73.98978,40.722992,-73.979955,member
588660,53DA3F1216A72D2B,docked_bike,2021-02-09 05:52:40,2021-02-09 05:58:43,E 4 St & 2 Ave,5593,E 5 St & Avenue C,5545,40.726281,-73.98978,40.722992,-73.979955,member
588664,41B9F362637C2B37,docked_bike,2021-02-14 15:22:34,2021-02-14 15:45:42,E 4 St & 2 Ave,5593,Metropolitan Ave & Bedford Ave,5308,40.72628,-73.98978,40.71534825,-73.96024116,casual
588671,F97D41990A87FF89,docked_bike,2021-02-21 16:44:52,2021-02-21 16:50:53,E 4 St & 2 Ave,5593,Grand St & Elizabeth St,5382,40.72628,-73.98978,40.718822,-73.99596,member
588677,681E34A30F127160,docked_bike,2021-02-05 12:36:04,2021-02-05 12:41:31,E 4 St & 2 Ave,5593,Grand St & Elizabeth St,5382,40.72628,-73.98978,40.718822,-73.99596,member
588681,F004903FEF8B1A34,docked_bike,2021-02-21 16:21:43,2021-02-21 16:26:44,E 4 St & 2 Ave,5593,E 5 St & Avenue C,5545,40.72628,-73.98978,40.72299208,-73.97995466,member
588684,16BB11BAEE3551AD,docked_bike,2021-02-17 05:53:43,2021-02-17 05:58:35,E 4 St & 2 Ave,5593,E 5 St & Avenue C,5545,40.72628,-73.98978,40.72299208,-73.97995466,member
588685,3B86DB933DE26550,docked_bike,2021-02-19 06:38:10,2021-02-19 06:46:36,E 4 St & 2 Ave,5593,E 5 St & Avenue C,5545,40.72628,-73.98978,40.72299208,-73.97995466,member
588686,86DD5F37CA8BD45D,docked_bike,2021-02-09 09:12:54,2021-02-09 09:16:38,E 4 St & 2 Ave,5593,E 5 St & Avenue C,5545,40.726281,-73.98978,40.722992,-73.979955,member
588688,D3B054C37BA30714,docked_bike,2021-02-10 05:54:09,2021-02-10 05:58:50,E 4 St & 2 Ave,5593,E 5 St & Avenue C,5545,40.726281,-73.98978,40.722992,-73.979955,member
589241,AF0131C87331FB59,docked_bike,2021-02-20 14:54:31,2021-02-20 15:02:45,E 4 St & 2 Ave,5593,Grand St & Elizabeth St,5382,40.72628,-73.98978,40.718822,-73.99596,member
589243,00B17418C1F5D3B5,docked_bike,2021-02-12 23:28:20,2021-02-12 23:52:48,E 4 St & 2 Ave,5593,W 82 St & Central Park West,7304,40.72628,-73.98978,40.78275,-73.97137,member
589245,2C143B513E377500,docked_bike,2021-02-07 18:06:21,2021-02-07 18:36:41,E 4 St & 2 Ave,5593,Dean St & Franklin Ave,4107,40.72628,-73.98978,40.67759206937376,-73.955637216568,casual
589355,C0FFBE97F0889827,docked_bike,2021-02-24 20:18:02,2021-02-24 20:42:45,E 4 St & 2 Ave,5593,W 41 St & 8 Ave,6602,40.72628,-73.98978,40.75640548,-73.9900262,member
589864,528EFCB451AB4D6C,docked_bike,2021-02-26 20:39:55,2021-02-26 20:51:46,E 1 St & 1 Ave,5593,Sullivan St & Washington Sq,5721,40.723355,-73.988649,40.73047747,-73.99906065,casual
590361,D3884DE37BA471CC,docked_bike,2021-02-20 19:22:46,2021-02-20 19:31:02,E 1 St & 1 Ave,5593,Carmine St & 6 Ave,5763,40.723356,-73.98865,40.730386,-74.00215,member
591437,1C5A9FA82C42880D,docked_bike,2021-02-13 14:25:05,2021-02-13 14:33:31,E 2 St & 2 Ave,5593,Carmine St & 6 Ave,5763,40.725028,-73.990696,40.73038599,-74.00214988,member
591439,79A44D9FBEF407E8,docked_bike,2021-02-22 19:05:50,2021-02-22 19:10:20,E 2 St & 2 Ave,5593,Mercer St & Bleecker St,5679,40.725028,-73.990696,40.72706363348306,-73.99662137031554,member
591449,E043223F78B16CDD,docked_bike,2021-02-13 14:24:44,2021-02-13 14:33:31,E 2 St & 2 Ave,5593,Carmine St & 6 Ave,5763,40.725028,-73.990696,40.73038599,-74.00214988,member
591454,8AC35412DAC264DD,docked_bike,2021-02-10 17:13:08,2021-02-10 17:17:45,E 2 St & 2 Ave,5593,Mercer St & Bleecker St,5679,40.725028,-73.990696,40.72706363348306,-73.99662137031554,member
591455,F5323080F344D9A0,docked_bike,2021-02-27 12:23:35,2021-02-27 12:32:22,E 2 St & 2 Ave,5593,Carmine St & 6 Ave,5763,40.725029,-73.990697,40.730386,-74.00215,member
591458,828AB0376A057E27,docked_bike,2021-02-21 09:44:04,2021-02-21 09:50:17,E 2 St & 2 Ave,5593,Carmine St & 6 Ave,5763,40.725028,-73.990696,40.73038599,-74.00214988,member
591466,48E7D87FDB4A11C7,docked_bike,2021-02-06 13:24:30,2021-02-06 14:17:24,E 2 St & 2 Ave,5593,Carmine St & 6 Ave,5763,40.725029,-73.990697,40.730386,-74.00215,member
591473,4D62487E5D1BFCCF,docked_bike,2021-02-22 08:31:40,2021-02-22 08:37:40,E 2 St & 2 Ave,5593,Carmine St & 6 Ave,5763,40.725028,-73.990696,40.73038599,-74.00214988,member
591476,7594C36E217D4006,docked_bike,2021-02-27 13:35:38,2021-02-27 13:40:44,E 2 St & 2 Ave,5593,Carmine St & 6 Ave,5763,40.725028,-73.990696,40.73038599,-74.00214988,member
591479,E0539C3634C2E914,docked_bike,2021-02-10 13:51:32,2021-02-10 14:05:34,E 2 St & 2 Ave,5593,W 22 St & 8 Ave,6224,40.725028,-73.990696,40.74475148,-73.99915362,member
591483,588E7BD7B2F9A3E2,docked_bike,2021-02-09 20:17:16,2021-02-09 20:20:48,E 2 St & 2 Ave,5593,Mercer St & Bleecker St,5679,40.725029,-73.990697,40.727064,-73.996621,member
591484,E90A40F68793E0C6,docked_bike,2021-02-06 12:10:18,2021-02-06 12:31:59,E 2 St & 2 Ave,5593,W 26 St & 8 Ave,6297,40.725029,-73.990697,40.747348,-73.997236,member
591485,62A8D310514E1BD5,docked_bike,2021-02-15 11:11:10,2021-02-15 11:32:52,E 2 St & 2 Ave,5593,W 26 St & 8 Ave,6297,40.725029,-73.990697,40.747348,-73.997236,member
591488,CE765DEBEF55C8B9,docked_bike,2021-02-19 17:24:26,2021-02-19 17:29:23,E 2 St & 2 Ave,5593,Sullivan St & Washington Sq,5721,40.725028,-73.990696,40.73047747,-73.99906065,casual
591491,090A34EF20CDCC90,docked_bike,2021-02-25 16:38:12,2021-02-25 16:52:07,E 2 St & 2 Ave,5593,W 22 St & 8 Ave,6224,40.725028,-73.990696,40.74475148,-73.99915362,member
591494,B2022ABB4B3CF1CC,docked_bike,2021-02-16 11:06:48,2021-02-16 11:26:35,E 2 St & 2 Ave,5593,W 26 St & 8 Ave,6297,40.725029,-73.990697,40.747348,-73.997236,member
591496,BA105AF5494192B4,docked_bike,2021-02-27 19:34:07,2021-02-27 19:39:08,E 2 St & 2 Ave,5593,Sullivan St & Washington Sq,5721,40.725028,-73.990696,40.73047747,-73.99906065,casual
591499,17316B0816A3C87A,docked_bike,2021-02-25 08:45:30,2021-02-25 08:51:01,E 2 St & 2 Ave,5593,Carmine St & 6 Ave,5763,40.725028,-73.990696,40.73038599,-74.00214988,member
591502,FC61C6CC15FA10E6,docked_bike,2021-02-06 13:24:21,2021-02-06 14:17:28,E 2 St & 2 Ave,5593,Carmine St & 6 Ave,5763,40.725029,-73.990697,40.730386,-74.00215,casual
591505,3C434BD6902533DD,docked_bike,2021-02-12 10:11:31,2021-02-12 10:15:37,E 2 St & 2 Ave,5593,Mercer St & Bleecker St,5679,40.725029,-73.990697,40.727064,-73.996621,member
591507,00538FE60B0B2237,docked_bike,2021-02-16 14:55:15,2021-02-16 14:58:42,E 2 St & 2 Ave,5593,Sullivan St & Washington Sq,5721,40.725028,-73.990696,40.73047747,-73.99906065,casual
591510,913CDD626E10CE56,docked_bike,2021-02-26 14:22:09,2021-02-26 14:27:07,E 2 St & 2 Ave,5593,Sullivan St & Washington Sq,5721,40.725028,-73.990696,40.73047747,-73.99906065,member
591516,398624195D10EC07,docked_bike,2021-02-21 03:08:55,2021-02-21 03:18:03,E 2 St & 2 Ave,5593,Carmine St & 6 Ave,5763,40.725028,-73.990696,40.73038599,-74.00214988,member
591517,875113486D3B2A78,docked_bike,2021-02-16 11:52:00,2021-02-16 12:00:38,E 2 St & 2 Ave,5593,Carmine St & 6 Ave,5763,40.725028,-73.990696,40.73038599,-74.00214988,member
591518,5402DCE2B78925C9,docked_bike,2021-02-11 16:19:39,2021-02-11 16:24:23,E 2 St & 2 Ave,5593,Carmine St & 6 Ave,5763,40.725028,-73.990696,40.73038599,-74.00214988,member
591519,B2F54B5C0C746D94,docked_bike,2021-02-23 18:34:22,2021-02-23 18:40:33,E 2 St & 2 Ave,5593,Sullivan St & Washington Sq,5721,40.725028,-73.990696,40.73047747,-73.99906065,member
591520,EBCF507418F79B3D,docked_bike,2021-02-17 18:27:25,2021-02-17 18:33:01,E 2 St & 2 Ave,5593,Sullivan St & Washington Sq,5721,40.725028,-73.990696,40.73047747,-73.99906065,member
591521,957475C14DBD6591,docked_bike,2021-02-24 18:15:42,2021-02-24 18:21:07,E 2 St & 2 Ave,5593,Sullivan St & Washington Sq,5721,40.725028,-73.990696,40.73047747,-73.99906065,member
591523,CB6ACC69681DB6DD,docked_bike,2021-02-21 12:42:27,2021-02-21 12:48:03,E 2 St & 2 Ave,5593,Carmine St & 6 Ave,5763,40.725028,-73.990696,40.73038599,-74.00214988,member
591526,FAFF801C7F6E263A,docked_bike,2021-02-08 17:26:23,2021-02-08 17:31:05,E 2 St & 2 Ave,5593,Sullivan St & Washington Sq,5721,40.725028,-73.990696,40.73047747,-73.99906065,casual
591527,41B091AC9FA2046C,docked_bike,2021-02-24 17:41:33,2021-02-24 17:58:01,E 2 St & 2 Ave,5593,W 22 St & 8 Ave,6224,40.725028,-73.990696,40.74475148,-73.99915362,member
591536,5B8080AA65981FED,docked_bike,2021-02-28 17:46:54,2021-02-28 17:59:39,E 2 St & 2 Ave,5593,Carmine St & 6 Ave,5763,40.725028,-73.990696,40.73038599,-74.00214988,member
591538,710F0BADAD68BB8A,docked_bike,2021-02-17 18:09:00,2021-02-17 18:25:25,E 2 St & 2 Ave,5593,W 22 St & 8 Ave,6224,40.725028,-73.990696,40.74475148,-73.99915362,member
591544,DA8FB99FCDA93F6C,docked_bike,2021-02-11 21:23:53,2021-02-11 21:31:47,E 2 St & 2 Ave,5593,Carmine St & 6 Ave,5763,40.725029,-73.990697,40.730386,-74.00215,member
591548,8572C62E8A68C5CA,docked_bike,2021-02-07 09:56:06,2021-02-07 10:02:12,E 2 St & 2 Ave,5593,Carmine St & 6 Ave,5763,40.725028,-73.990696,40.73038599,-74.00214988,member
591549,F74DA736543F063E,docked_bike,2021-02-28 10:03:36,2021-02-28 10:09:19,E 2 St & 2 Ave,5593,Carmine St & 6 Ave,5763,40.725028,-73.990696,40.73038599,-74.00214988,member
591550,AB1BEB7F82728822,docked_bike,2021-02-14 10:00:21,2021-02-14 10:06:22,E 2 St & 2 Ave,5593,Carmine St & 6 Ave,5763,40.725028,-73.990696,40.73038599,-74.00214988,member
591555,CD1BEDD9371020BF,docked_bike,2021-02-07 14:34:13,2021-02-07 14:39:45,E 2 St & 2 Ave,5593,Carmine St & 6 Ave,5763,40.725029,-73.990697,40.730386,-74.00215,member
592697,9DF513AD2FB9DCB7,docked_bike,2021-02-22 21:01:15,2021-02-22 21:05:37,E 4 St & 2 Ave,5593,Carmine St & 6 Ave,5763,40.726281,-73.98978,40.730386,-74.00215,member
592698,D02EB15346FE9396,docked_bike,2021-02-20 12:50:51,2021-02-20 13:01:40,E 4 St & 2 Ave,5593,Carmine St & 6 Ave,5763,40.72628,-73.98978,40.73038599,-74.00214988,member
592702,009E1E19CE70D9F1,docked_bike,2021-02-26 12:37:49,2021-02-26 12:48:34,E 4 St & 2 Ave,5593,Carmine St & 6 Ave,5763,40.72628,-73.98978,40.73038599,-74.00214988,casual
592703,0F472504B84A1F44,docked_bike,2021-02-20 10:53:20,2021-02-20 10:57:28,E 4 St & 2 Ave,5593,Sullivan St & Washington Sq,5721,40.72628,-73.98978,40.73047747,-73.99906065,member
592838,3FD46AEE93B075A2,docked_bike,2021-02-27 19:21:09,2021-02-27 19:26:42,E 4 St & 2 Ave,5593,Sullivan St & Washington Sq,5721,40.72628,-73.98978,40.73047747,-73.99906065,member
592849,B9C9AB5CE9F36E30,docked_bike,2021-02-22 23:38:01,2021-02-23 00:01:57,E 4 St & 2 Ave,5593,W 26 St & 8 Ave,6297,40.72628,-73.98978,40.74734825,-73.99723551,member
592851,A2A46D7AF5277497,docked_bike,2021-02-23 01:04:47,2021-02-23 01:10:54,E 4 St & 2 Ave,5593,Carmine St & 6 Ave,5763,40.72628,-73.98978,40.73038599,-74.00214988,member
592852,7AE7EEF82A4347E8,docked_bike,2021-02-19 06:27:30,2021-02-19 06:32:38,E 4 St & 2 Ave,5593,Carmine St & 6 Ave,5763,40.72628,-73.98978,40.73038599,-74.00214988,member
592855,C8D2126809899EE2,docked_bike,2021-02-26 17:43:58,2021-02-26 17:54:36,E 4 St & 2 Ave,5593,Carmine St & 6 Ave,5763,40.72628,-73.98978,40.73038599,-74.00214988,casual
592858,1E41133D01731B0F,docked_bike,2021-02-28 18:08:33,2021-02-28 18:12:44,E 4 St & 2 Ave,5593,Mercer St & Bleecker St,5679,40.726281,-73.98978,40.727064,-73.996621,member
592865,3E6407DF02C4EA11,docked_bike,2021-02-26 17:38:52,2021-02-26 17:54:27,E 4 St & 2 Ave,5593,Carmine St & 6 Ave,5763,40.72628,-73.98978,40.73038599,-74.00214988,casual
592866,5E5ACDAB8663C117,docked_bike,2021-02-26 17:42:23,2021-02-26 17:54:21,E 4 St & 2 Ave,5593,Carmine St & 6 Ave,5763,40.72628,-73.98978,40.73038599,-74.00214988,member
592871,972A083884336162,docked_bike,2021-02-13 18:19:31,2021-02-13 18:25:45,E 4 St & 2 Ave,5593,Sullivan St & Washington Sq,5721,40.726281,-73.98978,40.730477,-73.999061,casual
592872,AE6AFCC91D15CB3B,docked_bike,2021-02-26 14:48:11,2021-02-26 15:06:22,E 4 St & 2 Ave,5593,W 26 St & 8 Ave,6297,40.72628,-73.98978,40.74734825,-73.99723551,casual
592873,7B2E18C5673F53CE,docked_bike,2021-02-26 19:49:08,2021-02-26 19:57:29,E 4 St & 2 Ave,5593,Carmine St & 6 Ave,5763,40.72628,-73.98978,40.73038599,-74.00214988,member
592887,9A628EA2A57E9F1B,docked_bike,2021-02-22 17:41:29,2021-02-22 17:46:46,E 4 St & 2 Ave,5593,Carmine St & 6 Ave,5763,40.726281,-73.98978,40.730386,-74.00215,member
592890,F1F9736D1633A444,docked_bike,2021-02-16 21:31:20,2021-02-16 21:39:52,E 4 St & 2 Ave,5593,Mercer St & Bleecker St,5679,40.72628,-73.98978,40.72706363348306,-73.99662137031554,member
592892,CA164009FF55DEF1,docked_bike,2021-02-12 16:20:45,2021-02-12 16:37:49,E 4 St & 2 Ave,5593,W 22 St & 8 Ave,6224,40.72628,-73.98978,40.74475148,-73.99915362,casual
592896,126C8C4438CD6ECB,docked_bike,2021-02-27 19:28:40,2021-02-27 19:33:54,E 4 St & 2 Ave,5593,Carmine St & 6 Ave,5763,40.72628,-73.98978,40.73038599,-74.00214988,member
592898,00532A06EF89729B,docked_bike,2021-02-26 15:29:40,2021-02-26 15:43:41,E 4 St & 2 Ave,5593,W 26 St & 8 Ave,6297,40.72628,-73.98978,40.74734825,-73.99723551,member
592901,DF7BBEEDADD296BA,docked_bike,2021-02-24 18:19:16,2021-02-24 18:24:43,E 4 St & 2 Ave,5593,Carmine St & 6 Ave,5763,40.726281,-73.98978,40.730386,-74.00215,member
592908,D92576C34E06A1DC,docked_bike,2021-02-23 21:26:04,2021-02-23 21:33:00,E 4 St & 2 Ave,5593,Sullivan St & Washington Sq,5721,40.726281,-73.98978,40.730477,-73.999061,casual
592922,6434A661E278CAB6,docked_bike,2021-02-08 13:59:55,2021-02-08 14:06:51,E 4 St & 2 Ave,5593,Carmine St & 6 Ave,5763,40.72628,-73.98978,40.73038599,-74.00214988,member
592923,BE756F2A0B24BC79,docked_bike,2021-02-22 06:32:19,2021-02-22 06:37:12,E 4 St & 2 Ave,5593,Carmine St & 6 Ave,5763,40.72628,-73.98978,40.73038599,-74.00214988,member
592939,9C512E72DF7CB05E,docked_bike,2021-02-25 14:48:43,2021-02-25 14:54:30,E 4 St & 2 Ave,5593,Sullivan St & Washington Sq,5721,40.72628,-73.98978,40.73047747,-73.99906065,member
592940,73B3349DE749AC56,docked_bike,2021-02-12 19:51:02,2021-02-12 20:04:17,E 4 St & 2 Ave,5593,Mercer St & Bleecker St,5679,40.72628,-73.98978,40.72706363348306,-73.99662137031554,member
592945,237B61ACAD947B8C,docked_bike,2021-02-26 17:39:51,2021-02-26 17:53:57,E 4 St & 2 Ave,5593,Sullivan St & Washington Sq,5721,40.72628,-73.98978,40.73047747,-73.99906065,casual
593664,508656F878C5173D,docked_bike,2021-02-24 12:52:56,2021-02-24 12:57:09,E 4 St & 2 Ave,5593,Mercer St & Bleecker St,5679,40.726281,-73.98978,40.727064,-73.996621,member
593671,E50B5ADC8D141CFC,docked_bike,2021-02-11 13:31:36,2021-02-11 13:38:47,E 4 St & 2 Ave,5593,Carmine St & 6 Ave,5763,40.726281,-73.98978,40.730386,-74.00215,member
593710,0D08088194C83095,docked_bike,2021-02-24 17:18:11,2021-02-24 17:24:39,E 4 St & 2 Ave,5593,Carmine St & 6 Ave,5763,40.72628,-73.98978,40.73038599,-74.00214988,casual
593716,C20C4C5204A2C229,docked_bike,2021-02-26 17:43:48,2021-02-26 17:54:59,E 4 St & 2 Ave,5593,Carmine St & 6 Ave,5763,40.72628,-73.98978,40.73038599,-74.00214988,casual
593717,2F936FA47A686DEA,docked_bike,2021-02-28 12:09:47,2021-02-28 12:17:47,E 4 St & 2 Ave,5593,Carmine St & 6 Ave,5763,40.72628,-73.98978,40.73038599,-74.00214988,member
593778,C4323ABCC0C4D39D,docked_bike,2021-02-04 09:55:56,2021-02-04 10:14:11,E 4 St & 2 Ave,5593,Mercer St & Spring St,5532,40.726281,-73.98978,40.723627,-73.999496,member
593790,4711AC1629E2DE98,docked_bike,2021-02-24 14:44:28,2021-02-24 14:52:47,E 4 St & 2 Ave,5593,Mercer St & Spring St,5532,40.72628,-73.98978,40.72362738,-73.99949601,member
593791,F1C90C7A770EB2B3,docked_bike,2021-02-28 11:21:22,2021-02-28 11:34:47,E 4 St & 2 Ave,5593,Wythe Ave & Metropolitan Ave,5348,40.72628,-73.98978,40.716887,-73.963198,member
593808,8E1115988DEC502B,docked_bike,2021-02-11 07:17:50,2021-02-11 07:23:34,E 4 St & 2 Ave,5593,Mercer St & Spring St,5532,40.726281,-73.98978,40.723627,-73.999496,member
593809,866295D12DF9CAF8,docked_bike,2021-02-16 16:14:25,2021-02-16 16:25:55,E 4 St & 2 Ave,5593,Perry St & Greenwich Ave,5955,40.726281,-73.98978,40.735918,-74.000939,member
593819,7B57931C5E895577,docked_bike,2021-02-13 22:45:52,2021-02-13 22:53:38,E 4 St & 2 Ave,5593,Perry St & Greenwich Ave,5955,40.72628,-73.98978,40.735918,-74.000939,member
593829,F6599E0424B5D4B3,docked_bike,2021-02-08 16:26:16,2021-02-08 16:46:29,E 4 St & 2 Ave,5593,Wythe Ave & Metropolitan Ave,5348,40.726281,-73.98978,40.716887,-73.963198,member
593832,48337FD9E6846BA0,docked_bike,2021-02-22 15:02:16,2021-02-22 15:08:56,E 4 St & 2 Ave,5593,Perry St & Greenwich Ave,5955,40.72628,-73.98978,40.735918,-74.000939,member
593833,BD15AE15E032D120,docked_bike,2021-02-16 11:56:31,2021-02-16 12:06:26,E 4 St & 2 Ave,5593,Perry St & Greenwich Ave,5955,40.72628,-73.98978,40.735918,-74.000939,casual
593835,1D8452A2DE4DA96D,docked_bike,2021-02-13 10:15:41,2021-02-13 10:29:56,E 4 St & 2 Ave,5593,3 Ave & E 62 St,6762,40.72628,-73.98978,40.76312584,-73.96526895,casual
593836,E9B666B453EB335A,docked_bike,2021-02-13 17:09:50,2021-02-13 17:21:02,E 4 St & 2 Ave,5593,Perry St & Greenwich Ave,5955,40.72628,-73.98978,40.735918,-74.000939,member
593837,18C647B8747BEAAE,docked_bike,2021-02-17 18:56:58,2021-02-17 19:02:30,E 4 St & 2 Ave,5593,Mercer St & Spring St,5532,40.726281,-73.98978,40.723627,-73.999496,member
593847,3F9589C697D77F8E,docked_bike,2021-02-28 17:18:16,2021-02-28 17:22:27,E 4 St & 2 Ave,5593,Mercer St & Spring St,5532,40.72628,-73.98978,40.72362738,-73.99949601,member
593854,5B5FE202E54A0116,docked_bike,2021-02-23 11:13:36,2021-02-23 11:22:03,E 4 St & 2 Ave,5593,Mercer St & Spring St,5532,40.726281,-73.98978,40.723627,-73.999496,member
593855,2B064912E59CD3D7,docked_bike,2021-02-25 10:12:28,2021-02-25 10:20:04,E 4 St & 2 Ave,5593,Perry St & Greenwich Ave,5955,40.72628,-73.98978,40.735918,-74.000939,casual
593857,AB8A7F130CD602DD,docked_bike,2021-02-05 07:19:30,2021-02-05 07:26:09,E 4 St & 2 Ave,5593,Mercer St & Spring St,5532,40.726281,-73.98978,40.723627,-73.999496,member
593858,0B4BA895E204213E,docked_bike,2021-02-24 07:41:33,2021-02-24 07:48:39,E 4 St & 2 Ave,5593,Mercer St & Spring St,5532,40.726281,-73.98978,40.723627,-73.999496,member
593859,A6D1A17887F74832,docked_bike,2021-02-26 07:08:52,2021-02-26 07:15:23,E 4 St & 2 Ave,5593,Mercer St & Spring St,5532,40.726281,-73.98978,40.723627,-73.999496,member
593860,571AD6DA20FC4D26,docked_bike,2021-02-18 06:42:15,2021-02-18 06:48:06,E 4 St & 2 Ave,5593,Mercer St & Spring St,5532,40.726281,-73.98978,40.723627,-73.999496,member
593861,34C351CBBCDC6509,docked_bike,2021-02-10 07:30:48,2021-02-10 07:37:23,E 4 St & 2 Ave,5593,Mercer St & Spring St,5532,40.726281,-73.98978,40.723627,-73.999496,member
593862,134402CE3D36CE1D,docked_bike,2021-02-09 07:32:56,2021-02-09 07:40:03,E 4 St & 2 Ave,5593,Mercer St & Spring St,5532,40.726281,-73.98978,40.723627,-73.999496,member
593866,6AC31C6886AB2402,docked_bike,2021-02-03 18:00:37,2021-02-03 18:07:33,E 4 St & 2 Ave,5593,Mercer St & Spring St,5532,40.726281,-73.98978,40.723627,-73.999496,member
593872,FA69BF11BD418595,docked_bike,2021-02-23 15:54:55,2021-02-23 16:02:30,E 4 St & 2 Ave,5593,Perry St & Greenwich Ave,5955,40.72628,-73.98978,40.735918,-74.000939,casual
593892,6AF3517B7DD51C2D,docked_bike,2021-02-23 07:17:37,2021-02-23 07:23:12,E 4 St & 2 Ave,5593,Mercer St & Spring St,5532,40.726281,-73.98978,40.723627,-73.999496,member
593893,75B6FD665AC3FBB6,docked_bike,2021-02-17 07:52:41,2021-02-17 07:59:20,E 4 St & 2 Ave,5593,Mercer St & Spring St,5532,40.726281,-73.98978,40.723627,-73.999496,member
593894,9854C68945CFEEEF,docked_bike,2021-02-08 07:08:41,2021-02-08 07:13:59,E 4 St & 2 Ave,5593,Mercer St & Spring St,5532,40.726281,-73.98978,40.723627,-73.999496,member
593895,FBDC4D184CD694AB,docked_bike,2021-02-20 06:42:57,2021-02-20 06:49:06,E 4 St & 2 Ave,5593,Mercer St & Spring St,5532,40.726281,-73.98978,40.723627,-73.999496,member
594365,ABBA0ED0538EFF81,docked_bike,2021-02-17 12:04:21,2021-02-17 12:32:04,E 4 St & 2 Ave,5593,Meserole Ave & Manhattan Ave,5666,40.726281,-73.98978,40.727086,-73.952991,casual
594370,57BABC62FE5CBB45,docked_bike,2021-02-24 15:26:04,2021-02-24 15:38:52,E 4 St & 2 Ave,5593,8 Ave & W 33 St,6450,40.726281,-73.98978,40.751551,-73.993934,member
594400,A418C09615228D44,docked_bike,2021-02-05 17:10:34,2021-02-05 17:23:33,E 4 St & 2 Ave,5593,W 20 St & 8 Ave,6224,40.72628,-73.98978,40.74345335,-74.00004031,casual
594405,BEDCF948FF5FF171,docked_bike,2021-02-25 16:20:14,2021-02-25 16:45:58,E 4 St & 2 Ave,5593,Eastern Pkwy & Washington Ave,3928,40.72628,-73.98978,40.6716493,-73.9631145,member
594411,C5E2E34E4AA9E0F4,docked_bike,2021-02-25 08:56:55,2021-02-25 09:13:35,E 4 St & 2 Ave,5593,8 Ave & W 33 St,6450,40.72628,-73.98978,40.751551,-73.993934,member
595024,9DF961C0B2033326,docked_bike,2021-02-27 19:13:36,2021-02-27 19:30:07,E 1 St & 1 Ave,5593,E 54 St & 1 Ave,6608,40.723355,-73.988649,40.756265,-73.964179,casual
600427,6C485F1D096EEE7A,docked_bike,2021-02-21 11:18:59,2021-02-21 11:59:52,E 2 St & 2 Ave,5593,West St & Chambers St,5329,40.725028,-73.990696,40.71754834,-74.01322069,casual
600444,432045CCAFF1029C,docked_bike,2021-02-20 19:14:36,2021-02-20 19:42:34,E 2 St & 2 Ave,5593,E 54 St & 1 Ave,6608,40.725029,-73.990697,40.756265,-73.964179,member
600445,7E68AE75FF69C122,docked_bike,2021-02-21 15:38:48,2021-02-21 16:17:28,E 2 St & 2 Ave,5593,E 54 St & 1 Ave,6608,40.725029,-73.990697,40.756265,-73.964179,member
600451,076D44E51CEA3E86,docked_bike,2021-02-21 09:52:46,2021-02-21 10:08:49,E 2 St & 2 Ave,5593,Pershing Square South,6432,40.725028,-73.990696,40.751581,-73.97791,member
600487,A4AF3A0283E943D2,docked_bike,2021-02-24 19:00:17,2021-02-24 19:04:18,E 2 St & 2 Ave,5593,Cleveland Pl & Spring St,5492,40.725028,-73.990696,40.722103786686034,-73.99724900722504,casual
600494,92CEC72E26A88825,docked_bike,2021-02-15 16:45:10,2021-02-15 16:52:49,E 2 St & 2 Ave,5593,Cleveland Pl & Spring St,5492,40.725028,-73.990696,40.722103786686034,-73.99724900722504,member
600495,F128E5EB2D038A8C,docked_bike,2021-02-28 09:31:25,2021-02-28 10:00:23,E 2 St & 2 Ave,5593,West St & Chambers St,5329,40.725028,-73.990696,40.71754834,-74.01322069,casual
600679,F077876A3C03B94B,docked_bike,2021-02-26 08:11:35,2021-02-26 08:29:42,E 2 St & 2 Ave,5593,Congress St & Clinton St,4455,40.725028,-73.990696,40.6881529,-73.99520919,casual
600697,B382A31EC8A2942E,docked_bike,2021-02-28 10:19:17,2021-02-28 10:33:49,E 2 St & 2 Ave,5593,E 54 St & 1 Ave,6608,40.725028,-73.990696,40.756265,-73.964179,member
602272,066D6B3184141476,docked_bike,2021-02-16 15:25:56,2021-02-16 15:32:07,E 4 St & 2 Ave,5593,Cleveland Pl & Spring St,5492,40.72628,-73.98978,40.722103786686034,-73.99724900722504,member
602273,ED2E5E0B5C8BE103,docked_bike,2021-02-24 18:36:00,2021-02-24 19:04:53,E 4 St & 2 Ave,5593,Congress St & Clinton St,4455,40.72628,-73.98978,40.6881529,-73.99520919,member
602274,C42C750E537F083A,docked_bike,2021-02-16 15:26:54,2021-02-16 15:32:08,E 4 St & 2 Ave,5593,Cleveland Pl & Spring St,5492,40.72628,-73.98978,40.722103786686034,-73.99724900722504,casual
602414,45E2B55691CF13B5,docked_bike,2021-02-19 22:42:52,2021-02-19 22:51:51,E 4 St & 2 Ave,5593,Cleveland Pl & Spring St,5492,40.72628,-73.98978,40.722103786686034,-73.99724900722504,member
602426,B4B843141AA495A1,docked_bike,2021-02-16 15:26:30,2021-02-16 15:36:09,E 4 St & 2 Ave,5593,Cleveland Pl & Spring St,5492,40.726281,-73.98978,40.722104,-73.997249,casual
602436,2B5C39499F56DB09,docked_bike,2021-02-24 08:08:02,2021-02-24 08:25:25,E 4 St & 2 Ave,5593,Congress St & Clinton St,4455,40.72628,-73.98978,40.6881529,-73.99520919,casual
602448,AD4FFBD79FBB6C1E,docked_bike,2021-02-14 16:55:55,2021-02-14 17:04:46,E 4 St & 2 Ave,5593,Cleveland Pl & Spring St,5492,40.72628,-73.98978,40.722103786686034,-73.99724900722504,member
602450,C066C92456DD4D01,docked_bike,2021-02-23 20:30:27,2021-02-23 20:36:18,E 4 St & 2 Ave,5593,Cleveland Pl & Spring St,5492,40.72628,-73.98978,40.722103786686034,-73.99724900722504,member
602458,E53594369C159DCD,docked_bike,2021-02-23 12:39:34,2021-02-23 12:54:19,E 4 St & 2 Ave,5593,West St & Chambers St,5329,40.72628,-73.98978,40.71754834,-74.01322069,member
602490,F606DA5D2C17D1E1,docked_bike,2021-02-11 14:16:52,2021-02-11 14:46:11,E 4 St & 2 Ave,5593,Congress St & Clinton St,4455,40.72628,-73.98978,40.6881529,-73.99520919,member
602496,374A5D4BFCA910B0,docked_bike,2021-02-17 15:30:41,2021-02-17 15:37:26,E 4 St & 2 Ave,5593,Cleveland Pl & Spring St,5492,40.72628,-73.98978,40.722103786686034,-73.99724900722504,casual
602528,DBE3C7BA7E09A740,docked_bike,2021-02-26 18:36:56,2021-02-26 18:52:38,E 4 St & 2 Ave,5593,West St & Chambers St,5329,40.72628,-73.98978,40.71754834,-74.01322069,member
602530,0ACAC8D82920EC13,docked_bike,2021-02-24 15:33:22,2021-02-24 15:45:23,E 4 St & 2 Ave,5593,Cleveland Pl & Spring St,5492,40.72628,-73.98978,40.722103786686034,-73.99724900722504,casual
602709,4FC05B7E7E4E354D,docked_bike,2021-02-11 12:05:26,2021-02-11 12:41:51,E 4 St & 2 Ave,5593,Cleveland Pl & Spring St,5492,40.726281,-73.98978,40.722104,-73.997249,member
602712,8F3E755B02D211B4,docked_bike,2021-02-13 09:07:07,2021-02-13 09:16:31,E 4 St & 2 Ave,5593,Cleveland Pl & Spring St,5492,40.72628,-73.98978,40.722103786686034,-73.99724900722504,member
603684,D3E3F3AB7AEB6E01,docked_bike,2021-02-17 17:42:51,2021-02-17 18:12:45,E 4 St & 2 Ave,5593,Greene Ave & Nostrand Ave,4519,40.726281,-73.98978,40.688334,-73.950916,member
604036,16F782E0624F971C,docked_bike,2021-02-23 17:11:55,2021-02-23 17:16:09,E 4 St & 2 Ave,5593,University Pl & E 8 St,5755,40.72628,-73.98978,40.73143724085228,-73.99490341544151,member
604047,85A76551E6B8EB08,docked_bike,2021-02-10 12:26:25,2021-02-10 12:41:35,E 4 St & 2 Ave,5593,John St & William St,5065,40.72628,-73.98978,40.70862144,-74.00722156,casual
604048,EDEF34CCE4F6A61C,docked_bike,2021-02-14 08:29:59,2021-02-14 08:56:38,E 4 St & 2 Ave,5593,University Pl & E 8 St,5755,40.72628,-73.98978,40.73143724085228,-73.99490341544151,casual
604052,03B54D5B0CFCB53C,docked_bike,2021-02-23 15:14:34,2021-02-23 15:28:38,E 4 St & 2 Ave,5593,John St & William St,5065,40.726281,-73.98978,40.708621,-74.007222,member
604053,7B7D09ED4AECDD08,docked_bike,2021-02-16 18:37:08,2021-02-16 18:41:17,E 4 St & 2 Ave,5593,University Pl & E 8 St,5755,40.72628,-73.98978,40.73143724085228,-73.99490341544151,member
604058,E54870B096219703,docked_bike,2021-02-13 15:04:54,2021-02-13 15:10:42,E 4 St & 2 Ave,5593,University Pl & E 8 St,5755,40.726281,-73.98978,40.731437,-73.994903,member
604064,477207AAE792E151,docked_bike,2021-02-16 13:56:54,2021-02-16 14:03:08,E 4 St & 2 Ave,5593,University Pl & E 8 St,5755,40.72628,-73.98978,40.73143724085228,-73.99490341544151,member
604072,612CA4312460C374,docked_bike,2021-02-16 15:29:02,2021-02-16 15:34:05,E 4 St & 2 Ave,5593,University Pl & E 8 St,5755,40.72628,-73.98978,40.73143724085228,-73.99490341544151,member
604077,322E513B108AD1C7,docked_bike,2021-02-23 11:58:55,2021-02-23 12:03:02,E 4 St & 2 Ave,5593,University Pl & E 8 St,5755,40.72628,-73.98978,40.73143724085228,-73.99490341544151,member
604086,0A8ACE72EF3A36A1,docked_bike,2021-02-06 10:39:08,2021-02-06 10:45:14,E 4 St & 2 Ave,5593,E 27 St & Park Ave S,6131,40.726281,-73.98978,40.742752,-73.984716,member
604864,C9515E891B1D7E57,docked_bike,2021-02-24 07:30:20,2021-02-24 07:38:27,E 4 St & 2 Ave,5593,E 16 St & 5 Ave,6022,40.726281,-73.98978,40.737262,-73.99239,casual
604866,89DB7630AC8557B6,docked_bike,2021-02-14 05:18:59,2021-02-14 05:25:36,E 4 St & 2 Ave,5593,E 16 St & 5 Ave,6022,40.72628,-73.98978,40.73726186,-73.99238967,casual
604867,B2E2C34962EE74D1,docked_bike,2021-02-10 13:46:32,2021-02-10 13:56:00,E 4 St & 2 Ave,5593,Centre St & Chambers St,5207,40.72628,-73.98978,40.71273266,-74.0046073,member
604869,128654EBE6C37EF1,docked_bike,2021-02-06 20:16:20,2021-02-06 20:49:22,E 4 St & 2 Ave,5593,Broadway & W 49 St,6708,40.72628,-73.98978,40.76068327096592,-73.9845272898674,member
604872,56222F54755BB086,docked_bike,2021-02-25 17:52:53,2021-02-25 18:00:05,E 4 St & 2 Ave,5593,E 16 St & 5 Ave,6022,40.72628,-73.98978,40.73726186,-73.99238967,member
604880,F2A24DA1BA04998D,docked_bike,2021-02-08 14:22:13,2021-02-08 14:30:26,E 4 St & 2 Ave,5593,E 16 St & 5 Ave,6022,40.726281,-73.98978,40.737262,-73.99239,casual
604882,0F01F3CC0653D0B0,docked_bike,2021-02-25 19:50:08,2021-02-25 19:57:59,E 4 St & 2 Ave,5593,E 16 St & 5 Ave,6022,40.72628,-73.98978,40.73726186,-73.99238967,casual
604887,7F22A24725883B81,docked_bike,2021-02-26 16:51:28,2021-02-26 16:56:45,E 4 St & 2 Ave,5593,E 16 St & 5 Ave,6022,40.72628,-73.98978,40.73726186,-73.99238967,member
604888,8AB1C639D0ACD641,docked_bike,2021-02-16 16:51:32,2021-02-16 16:56:53,E 4 St & 2 Ave,5593,E 16 St & 5 Ave,6022,40.72628,-73.98978,40.73726186,-73.99238967,member
604894,2B705904503191B7,docked_bike,2021-02-13 19:58:48,2021-02-13 20:02:16,E 4 St & 2 Ave,5593,Allen St & Stanton St,5484,40.72628,-73.98978,40.722055,-73.989111,casual
604895,9384387525E7FE3A,docked_bike,2021-02-18 21:19:42,2021-02-18 21:22:15,E 4 St & 2 Ave,5593,Allen St & Stanton St,5484,40.726281,-73.98978,40.722055,-73.989111,member
604896,F67888979AD7B3AE,docked_bike,2021-02-26 12:17:49,2021-02-26 12:39:56,E 4 St & 2 Ave,5593,Hicks St & Montague St,4645,40.72628,-73.98978,40.69512845,-73.99595065,member
604917,816A6D7B0F20A3BC,docked_bike,2021-02-16 09:47:04,2021-02-16 09:58:21,E 4 St & 2 Ave,5593,Centre St & Chambers St,5207,40.72628,-73.98978,40.71273266,-74.0046073,member
604919,FFF32746F08B3E1C,docked_bike,2021-02-13 22:06:05,2021-02-13 22:11:42,E 4 St & 2 Ave,5593,Allen St & Stanton St,5484,40.72628,-73.98978,40.722055,-73.989111,casual
604923,578F0968B531BDE2,docked_bike,2021-02-13 11:13:53,2021-02-13 11:16:04,E 4 St & 2 Ave,5593,Allen St & Stanton St,5484,40.72628,-73.98978,40.722055,-73.989111,member
604926,BD95E43DC5AB8BB2,docked_bike,2021-02-25 19:49:16,2021-02-25 19:57:46,E 4 St & 2 Ave,5593,E 16 St & 5 Ave,6022,40.726281,-73.98978,40.737262,-73.99239,member
604933,C271323BF49CB95E,docked_bike,2021-02-19 21:56:31,2021-02-19 22:11:09,E 4 St & 2 Ave,5593,Allen St & Stanton St,5484,40.72628,-73.98978,40.722055,-73.989111,member
604941,C0921404956E0AB6,docked_bike,2021-02-27 10:13:00,2021-02-27 10:15:03,E 4 St & 2 Ave,5593,Allen St & Stanton St,5484,40.72628,-73.98978,40.722055,-73.989111,member
604942,CB1EEFEE32474B4C,docked_bike,2021-02-17 17:56:03,2021-02-17 17:58:52,E 4 St & 2 Ave,5593,Allen St & Stanton St,5484,40.72628,-73.98978,40.722055,-73.989111,member
604945,760664671FB22250,docked_bike,2021-02-12 18:19:25,2021-02-12 18:24:40,E 4 St & 2 Ave,5593,Allen St & Stanton St,5484,40.72628,-73.98978,40.722055,-73.989111,casual
604947,D61BF513AC3FE696,docked_bike,2021-02-05 14:41:42,2021-02-05 15:09:59,E 4 St & 2 Ave,5593,West St & Liberty St,5184,40.72628,-73.98978,40.711444,-74.014847,casual
604951,9231D083A4F796C9,docked_bike,2021-02-17 10:59:12,2021-02-17 11:07:59,E 4 St & 2 Ave,5593,Leonard St & Church St,5359,40.72628,-73.98978,40.717571,-74.005549,member
604954,9ABEE58C34905345,docked_bike,2021-02-16 20:22:13,2021-02-16 20:25:05,E 4 St & 2 Ave,5593,Allen St & Stanton St,5484,40.72628,-73.98978,40.722055,-73.989111,member
604957,B68C3258911832B7,docked_bike,2021-02-13 16:35:48,2021-02-13 17:01:44,E 4 St & 2 Ave,5593,West St & Liberty St,5184,40.72628,-73.98978,40.711444,-74.014847,member
604967,1A3B93D429CC8ECE,docked_bike,2021-02-26 15:46:35,2021-02-26 16:03:23,E 4 St & 2 Ave,5593,West St & Liberty St,5184,40.72628,-73.98978,40.711444,-74.014847,member
604968,FDBB2A11068F15AB,docked_bike,2021-02-23 23:02:36,2021-02-23 23:05:11,E 4 St & 2 Ave,5593,Allen St & Stanton St,5484,40.72628,-73.98978,40.722055,-73.989111,member
604980,7F20B49C0394A8F7,docked_bike,2021-02-09 17:52:35,2021-02-09 17:55:18,E 4 St & 2 Ave,5593,Allen St & Stanton St,5484,40.72628,-73.98978,40.722055,-73.989111,member
604981,E09A4D2CA17B497C,docked_bike,2021-02-24 17:14:32,2021-02-24 17:55:33,E 4 St & 2 Ave,5593,Columbus Ave & W 95 St,7520,40.72628,-73.98978,40.7919557,-73.968087,member
604985,7E3E5B0547E7CC48,docked_bike,2021-02-19 21:03:37,2021-02-19 21:07:06,E 4 St & 2 Ave,5593,Allen St & Stanton St,5484,40.726281,-73.98978,40.722055,-73.989111,member
604989,6314038053380465,docked_bike,2021-02-23 11:11:59,2021-02-23 11:46:16,E 4 St & 2 Ave,5593,E 16 St & 5 Ave,6022,40.726281,-73.98978,40.737262,-73.99239,member
604993,018411C931745515,docked_bike,2021-02-10 16:38:33,2021-02-10 16:42:49,E 4 St & 2 Ave,5593,Allen St & Stanton St,5484,40.726281,-73.98978,40.722055,-73.989111,member
605000,56506717C70D8D78,docked_bike,2021-02-22 21:42:15,2021-02-22 22:00:21,E 4 St & 2 Ave,5593,Centre St & Chambers St,5207,40.72628,-73.98978,40.71273266,-74.0046073,member
605718,DD898B3AE737BF07,docked_bike,2021-02-26 06:04:05,2021-02-26 06:09:45,E 4 St & 2 Ave,5593,E 16 St & 5 Ave,6022,40.726281,-73.98978,40.737262,-73.99239,casual
605722,6BC085194BB71DBA,docked_bike,2021-02-06 13:01:50,2021-02-06 13:21:49,E 4 St & 2 Ave,5593,West St & Liberty St,5184,40.726281,-73.98978,40.711444,-74.014847,member
605724,0F602B2EFC114556,docked_bike,2021-02-10 18:33:17,2021-02-10 18:36:06,E 4 St & 2 Ave,5593,Allen St & Stanton St,5484,40.72628,-73.98978,40.722055,-73.989111,member
605838,D395A4D77DD790F3,docked_bike,2021-02-11 00:01:12,2021-02-11 00:12:00,E 4 St & 2 Ave,5593,Christopher St & Greenwich St,5847,40.72628,-73.98978,40.73291553,-74.00711384,casual
605853,33688E0CEF6EDC95,docked_bike,2021-02-13 11:52:04,2021-02-13 11:58:54,E 4 St & 2 Ave,5593,Christopher St & Greenwich St,5847,40.72628,-73.98978,40.73291553,-74.00711384,member
605860,4B3C8E844A8423DA,docked_bike,2021-02-23 14:19:00,2021-02-23 14:26:45,E 4 St & 2 Ave,5593,Christopher St & Greenwich St,5847,40.72628,-73.98978,40.73291553,-74.00711384,casual
605870,FD667EDAFBA47970,docked_bike,2021-02-04 14:25:40,2021-02-04 14:42:21,E 4 St & 2 Ave,5593,Christopher St & Greenwich St,5847,40.72628,-73.98978,40.73291553,-74.00711384,member
605875,37E7C2669FD47A8F,docked_bike,2021-02-16 13:09:55,2021-02-16 13:20:34,E 4 St & 2 Ave,5593,Christopher St & Greenwich St,5847,40.72628,-73.98978,40.73291553,-74.00711384,member
605878,36E732247F804B4C,docked_bike,2021-02-14 14:22:25,2021-02-14 14:46:09,E 4 St & 2 Ave,5593,Spruce St & Nassau St,5137,40.72628,-73.98978,40.71146364,-74.00552427,member
605879,923CFE002255FF63,docked_bike,2021-02-12 16:39:58,2021-02-12 16:54:37,E 4 St & 2 Ave,5593,Christopher St & Greenwich St,5847,40.72628,-73.98978,40.73291553,-74.00711384,member
605885,8ED5DFE1D4437AE4,docked_bike,2021-02-03 18:44:50,2021-02-03 18:54:43,E 4 St & 2 Ave,5593,Christopher St & Greenwich St,5847,40.726281,-73.98978,40.732916,-74.007114,member
605914,AEAF246D028DB264,docked_bike,2021-02-20 17:21:24,2021-02-20 17:35:58,E 4 St & 2 Ave,5593,Christopher St & Greenwich St,5847,40.726281,-73.98978,40.732916,-74.007114,member
606061,D42CC8F2998A1FD4,docked_bike,2021-02-21 13:24:29,2021-02-21 13:38:28,E 4 St & 2 Ave,5593,Christopher St & Greenwich St,5847,40.72628,-73.98978,40.73291553,-74.00711384,casual
606063,E5D3409402D061D1,docked_bike,2021-02-20 14:10:45,2021-02-20 14:18:08,E 4 St & 2 Ave,5593,Christopher St & Greenwich St,5847,40.72628,-73.98978,40.73291553,-74.00711384,member
606064,59678D022A0D561B,docked_bike,2021-02-06 12:36:22,2021-02-06 12:44:17,E 4 St & 2 Ave,5593,Christopher St & Greenwich St,5847,40.726281,-73.98978,40.732916,-74.007114,member
606066,F853EBD1D22EA7E9,docked_bike,2021-02-13 01:15:37,2021-02-13 01:26:06,E 4 St & 2 Ave,5593,Christopher St & Greenwich St,5847,40.72628,-73.98978,40.73291553,-74.00711384,casual
606339,74C82A1297300ED6,docked_bike,2021-02-10 12:37:28,2021-02-10 13:03:44,E 4 St & 2 Ave,5593,Central Park S & 6 Ave,6876,40.72628,-73.98978,40.76590936,-73.97634151,member
606342,9887A55C0A630DC5,docked_bike,2021-02-24 07:08:01,2021-02-24 07:26:21,E 4 St & 2 Ave,5593,E 32 St & Park Ave,6280,40.72628,-73.98978,40.7457121,-73.98194829,member
606386,9B3C869145A2FD59,docked_bike,2021-02-25 06:55:32,2021-02-25 07:12:35,E 4 St & 2 Ave,5593,E 32 St & Park Ave,6280,40.72628,-73.98978,40.7457121,-73.98194829,member
606428,44290465BD9FD8DA,docked_bike,2021-02-26 07:15:03,2021-02-26 07:32:27,E 4 St & 2 Ave,5593,E 32 St & Park Ave,6280,40.72628,-73.98978,40.7457121,-73.98194829,member
606450,5983A8DA800E5AB5,docked_bike,2021-02-14 13:35:54,2021-02-14 14:01:40,E 4 St & 2 Ave,5593,Central Park S & 6 Ave,6876,40.72628,-73.98978,40.76590936,-73.97634151,member
607075,B07016C0627D9952,docked_bike,2021-02-27 17:10:16,2021-02-27 17:52:55,E 4 St & 2 Ave,5593,W 100 St & Broadway,7580,40.726281,-73.98978,40.797372,-73.970412,casual
607081,FA4D51FE15DDFE28,docked_bike,2021-02-18 05:04:22,2021-02-18 05:09:55,E 4 St & 2 Ave,5593,Broadway & E 22 St,6098,40.72628,-73.98978,40.7403432,-73.98955109,member
607088,989B250BCDF1F3A1,docked_bike,2021-02-16 19:20:30,2021-02-16 19:29:49,E 4 St & 2 Ave,5593,Avenue D & E 10 St,5575,40.72628,-73.98978,40.72506551015475,-73.97515833377838,member
607092,1F51019DD1F70D21,docked_bike,2021-02-05 08:07:01,2021-02-05 08:15:38,E 4 St & 2 Ave,5593,Broadway & E 22 St,6098,40.726281,-73.98978,40.740343,-73.989551,member
607113,B784617EF8415AA1,docked_bike,2021-02-22 04:48:31,2021-02-22 04:54:07,E 4 St & 2 Ave,5593,Broadway & E 22 St,6098,40.72628,-73.98978,40.7403432,-73.98955109,member
607124,D46B0AF62C971ADC,docked_bike,2021-02-27 21:14:21,2021-02-27 21:21:21,E 4 St & 2 Ave,5593,Broadway & E 22 St,6098,40.726281,-73.98978,40.740343,-73.989551,member
607125,8334058F7011F323,docked_bike,2021-02-24 04:46:24,2021-02-24 04:52:14,E 4 St & 2 Ave,5593,Broadway & E 22 St,6098,40.72628,-73.98978,40.7403432,-73.98955109,member
607126,622DD009E605B422,docked_bike,2021-02-25 05:48:08,2021-02-25 05:53:48,E 4 St & 2 Ave,5593,Broadway & E 22 St,6098,40.72628,-73.98978,40.7403432,-73.98955109,member
607127,E5F57498D2E3BFD6,docked_bike,2021-02-26 04:49:36,2021-02-26 04:55:29,E 4 St & 2 Ave,5593,Broadway & E 22 St,6098,40.72628,-73.98978,40.7403432,-73.98955109,member
607129,C73498BDC45E7A25,docked_bike,2021-02-26 12:23:14,2021-02-26 12:31:49,E 4 St & 2 Ave,5593,Broadway & E 22 St,6098,40.726281,-73.98978,40.740343,-73.989551,member
607133,A2AF0D4CA547CDC9,docked_bike,2021-02-26 08:50:30,2021-02-26 08:57:15,E 4 St & 2 Ave,5593,Broadway & E 22 St,6098,40.726281,-73.98978,40.740343,-73.989551,member
607140,3C8659DCC7A9C2F4,docked_bike,2021-02-26 18:16:14,2021-02-26 18:53:18,E 4 St & 2 Ave,5593,2 Ave & 36 St,3460,40.72628,-73.98978,40.65708866668485,-74.00870203971863,casual
607144,C86F4EE541DE09ED,docked_bike,2021-02-24 16:18:25,2021-02-24 16:31:07,E 4 St & 2 Ave,5593,Broadway & E 22 St,6098,40.726281,-73.98978,40.740343,-73.989551,member
607149,22ABB59674BF3A28,docked_bike,2021-02-27 21:14:08,2021-02-27 21:21:23,E 4 St & 2 Ave,5593,Broadway & E 22 St,6098,40.72628,-73.98978,40.7403432,-73.98955109,member
607159,3C053EED284EF0D2,docked_bike,2021-02-06 17:42:46,2021-02-06 17:54:42,E 4 St & 2 Ave,5593,Broadway & E 22 St,6098,40.726281,-73.98978,40.740343,-73.989551,member
607170,113376A0E091E3ED,docked_bike,2021-02-04 04:54:38,2021-02-04 05:01:33,E 4 St & 2 Ave,5593,Broadway & E 22 St,6098,40.726281,-73.98978,40.740343,-73.989551,member
607173,8E9D0F4E9A0F9EC1,docked_bike,2021-02-22 09:37:57,2021-02-22 10:15:42,E 4 St & 2 Ave,5593,Madison Av & E 51 St,6659,40.72628,-73.98978,40.75863,-73.97513,member
607184,FA315AB25E2E7869,docked_bike,2021-02-24 16:18:41,2021-02-24 16:30:56,E 4 St & 2 Ave,5593,Broadway & E 22 St,6098,40.726281,-73.98978,40.740343,-73.989551,casual
607197,E38DA69F9D7B8C62,docked_bike,2021-02-25 10:19:23,2021-02-25 10:25:59,E 4 St & 2 Ave,5593,Broadway & E 22 St,6098,40.72628,-73.98978,40.7403432,-73.98955109,member
607207,99333A166D812811,docked_bike,2021-02-17 04:55:18,2021-02-17 05:01:43,E 4 St & 2 Ave,5593,Broadway & E 22 St,6098,40.72628,-73.98978,40.7403432,-73.98955109,member
607702,17C445F9EDDC4D07,docked_bike,2021-02-24 12:49:33,2021-02-24 13:10:08,E 4 St & 2 Ave,5593,Henry St & Atlantic Ave,4531,40.72628,-73.98978,40.69089272,-73.99612349,member
607749,57CBD6E2707EAC2E,docked_bike,2021-02-26 17:12:59,2021-02-26 17:34:49,E 4 St & 2 Ave,5593,W 59 St & 10 Ave,7023,40.72628,-73.98978,40.770513,-73.988038,member
608092,04765A6D1DBFF61A,docked_bike,2021-02-22 18:12:42,2021-02-22 18:23:31,E 4 St & 2 Ave,5593,Spring St & Hudson St,5653,40.72628,-73.98978,40.72583996792375,-74.0076532959938,casual
608113,9E9B8C39FA0F5D6A,docked_bike,2021-02-28 19:10:21,2021-02-28 19:48:49,E 4 St & 2 Ave,5593,Spring St & Hudson St,5653,40.72628,-73.98978,40.72583996792375,-74.0076532959938,member
608114,52BB3B58AE455866,docked_bike,2021-02-07 17:31:43,2021-02-07 18:12:12,E 4 St & 2 Ave,5593,W 78 St & Amsterdam Ave,7311,40.726281,-73.98978,40.782536,-73.979085,member
608526,08CBAADE5A64E997,docked_bike,2021-02-22 20:47:51,2021-02-22 20:51:36,E 4 St & 2 Ave,5593,E 2 St & Avenue B,5515,40.726281,-73.98978,40.722174,-73.983688,member
608527,5111E6F00074372F,docked_bike,2021-02-25 00:00:33,2021-02-25 00:03:11,E 4 St & 2 Ave,5593,E 2 St & Avenue B,5515,40.72628,-73.98978,40.72217444,-73.98368779,member
608529,23927CE1DF987948,docked_bike,2021-02-26 23:22:37,2021-02-26 23:46:55,E 4 St & 2 Ave,5593,1 Ave & E 78 St,7020,40.72628,-73.98978,40.77140426,-73.9535166,member
608532,8F4F760FE442C2CF,docked_bike,2021-02-24 15:44:35,2021-02-24 15:48:49,E 4 St & 2 Ave,5593,E 2 St & Avenue B,5515,40.726281,-73.98978,40.722174,-73.983688,member
608537,A60FD40FE45463C2,docked_bike,2021-02-27 19:25:03,2021-02-27 19:28:30,E 4 St & 2 Ave,5593,E 2 St & Avenue B,5515,40.726281,-73.98978,40.722174,-73.983688,member
608542,031242147FF4953A,docked_bike,2021-02-19 20:10:00,2021-02-19 20:13:48,E 4 St & 2 Ave,5593,E 2 St & Avenue B,5515,40.72628,-73.98978,40.72217444,-73.98368779,member
608547,81322E86C8A85DEF,docked_bike,2021-02-22 12:19:21,2021-02-22 12:22:52,E 4 St & 2 Ave,5593,E 2 St & Avenue B,5515,40.72628,-73.98978,40.72217444,-73.98368779,member
608554,91EE14098D8070B7,docked_bike,2021-02-13 18:30:56,2021-02-13 18:55:10,E 4 St & 2 Ave,5593,E 16 St & Irving Pl,5938,40.72628,-73.98978,40.735367055605394,-73.98797392845154,member
608555,0B61E844B4982472,docked_bike,2021-02-24 23:54:35,2021-02-24 23:58:39,E 4 St & 2 Ave,5593,E 2 St & Avenue B,5515,40.72628,-73.98978,40.72217444,-73.98368779,casual
608557,58DC78995B1B11F8,docked_bike,2021-02-08 12:32:01,2021-02-08 12:37:29,E 4 St & 2 Ave,5593,E 16 St & Irving Pl,5938,40.726281,-73.98978,40.735367,-73.987974,member
608560,81C2A2A212638FBA,docked_bike,2021-02-05 18:30:22,2021-02-05 18:36:36,E 4 St & 2 Ave,5593,E 16 St & Irving Pl,5938,40.726281,-73.98978,40.735367,-73.987974,member
608561,02B7504E59AD8824,docked_bike,2021-02-26 18:31:16,2021-02-26 18:51:37,E 4 St & 2 Ave,5593,Tompkins Ave & Hopkins St,4850,40.72628,-73.98978,40.69957608,-73.94708417,member
608563,094875DB6A7A7B50,docked_bike,2021-02-06 20:16:52,2021-02-06 20:20:58,E 4 St & 2 Ave,5593,E 2 St & Avenue B,5515,40.726281,-73.98978,40.722174,-73.983688,member
608565,AFA4F69EAC7F6160,docked_bike,2021-02-26 16:39:02,2021-02-26 17:09:07,E 4 St & 2 Ave,5593,Avenue C & E 18 St,5769,40.726281,-73.98978,40.730563,-73.973984,member
608757,6E8BCB1121F9ECEF,docked_bike,2021-02-13 15:08:30,2021-02-13 15:12:48,E 4 St & 2 Ave,5593,E 2 St & Avenue B,5515,40.72628,-73.98978,40.72217444,-73.98368779,member
608759,D94C6DB8CD21BD90,docked_bike,2021-02-24 17:21:21,2021-02-24 17:55:07,E 4 St & 2 Ave,5593,1 Ave & E 78 St,7020,40.72628,-73.98978,40.77140426,-73.9535166,member
608760,A7E62E57BE5C2585,docked_bike,2021-02-26 12:58:48,2021-02-26 13:03:07,E 4 St & 2 Ave,5593,E 2 St & Avenue B,5515,40.72628,-73.98978,40.72217444,-73.98368779,member
608761,50A648970864BE8B,docked_bike,2021-02-15 16:13:27,2021-02-15 16:17:52,E 4 St & 2 Ave,5593,E 2 St & Avenue B,5515,40.72628,-73.98978,40.72217444,-73.98368779,member
608764,BD1F208E0CF78B70,docked_bike,2021-02-25 11:51:00,2021-02-25 11:55:56,E 4 St & 2 Ave,5593,E 2 St & Avenue B,5515,40.72628,-73.98978,40.72217444,-73.98368779,member
608767,0E5CDDE7D34254AE,docked_bike,2021-02-20 15:10:08,2021-02-20 15:20:45,E 4 St & 2 Ave,5593,Avenue C & E 18 St,5769,40.72628,-73.98978,40.730563,-73.973984,member
608768,C5DCEE19F73CF420,docked_bike,2021-02-15 19:16:57,2021-02-15 20:28:08,E 4 St & 2 Ave,5593,Avenue C & E 18 St,5769,40.726281,-73.98978,40.730563,-73.973984,member
608862,F026D80C01E245B0,docked_bike,2021-02-04 19:00:58,2021-02-04 19:07:08,E 4 St & 2 Ave,5593,E 2 St & Avenue B,5515,40.726281,-73.98978,40.722174,-73.983688,member
608863,E1346D9540955B05,docked_bike,2021-02-20 12:21:56,2021-02-20 12:35:40,E 4 St & 2 Ave,5593,E 2 St & Avenue B,5515,40.72628,-73.98978,40.72217444,-73.98368779,member
608864,7A86E660C3EA33F9,docked_bike,2021-02-11 12:30:37,2021-02-11 12:35:06,E 4 St & 2 Ave,5593,E 2 St & Avenue B,5515,40.72628,-73.98978,40.72217444,-73.98368779,member
608867,C3365EE51EB4784C,docked_bike,2021-02-06 15:04:42,2021-02-06 15:10:29,E 4 St & 2 Ave,5593,E 16 St & Irving Pl,5938,40.726281,-73.98978,40.735367,-73.987974,member
609056,F7F3031B3244930F,docked_bike,2021-02-20 15:42:39,2021-02-20 15:56:22,E 4 St & 2 Ave,5593,W 15 St & 7 Ave,6030,40.726281,-73.98978,40.739355,-73.999318,member
609060,11FE0CAD2510ECD9,docked_bike,2021-02-23 10:21:47,2021-02-23 10:32:04,E 4 St & 2 Ave,5593,W 15 St & 7 Ave,6030,40.72628,-73.98978,40.73935542,-73.99931783,member
609061,DF7C11710DFD0D4F,docked_bike,2021-02-26 22:12:26,2021-02-26 22:26:04,E 4 St & 2 Ave,5593,W 15 St & 7 Ave,6030,40.72628,-73.98978,40.73935542,-73.99931783,member
609064,3B39CD4521EEF35C,docked_bike,2021-02-23 21:11:42,2021-02-23 21:23:53,E 4 St & 2 Ave,5593,W 15 St & 7 Ave,6030,40.72628,-73.98978,40.73935542,-73.99931783,casual
609080,F419D8EE25C9A844,docked_bike,2021-02-20 15:43:13,2021-02-20 15:56:19,E 4 St & 2 Ave,5593,W 15 St & 7 Ave,6030,40.72628,-73.98978,40.73935542,-73.99931783,member
609083,ECC27F329AE5636C,docked_bike,2021-02-06 20:11:22,2021-02-06 20:21:16,E 4 St & 2 Ave,5593,W 15 St & 7 Ave,6030,40.72628,-73.98978,40.73935542,-73.99931783,member
609086,974AE90B334E8BC8,docked_bike,2021-02-10 15:14:34,2021-02-10 15:30:48,E 4 St & 2 Ave,5593,W 15 St & 7 Ave,6030,40.726281,-73.98978,40.739355,-73.999318,member
609089,C8727B8582D22B1B,docked_bike,2021-02-19 20:17:20,2021-02-19 20:26:01,E 4 St & 2 Ave,5593,Pitt St & Stanton St,5406,40.726281,-73.98978,40.719261,-73.98178,member
609094,4DD4D47482D4CE85,docked_bike,2021-02-15 08:52:11,2021-02-15 09:00:26,E 4 St & 2 Ave,5593,Pitt St & Stanton St,5406,40.72628,-73.98978,40.71926081,-73.98178024,member
609099,749EF331ED706FBF,docked_bike,2021-02-24 12:01:58,2021-02-24 12:46:27,E 4 St & 2 Ave,5593,3 Ave & Schermerhorn St,4437,40.72628,-73.98978,40.68683208,-73.9796772,member
609104,07F91114BF7C2657,docked_bike,2021-02-21 13:52:47,2021-02-21 14:02:56,E 4 St & 2 Ave,5593,Pitt St & Stanton St,5406,40.72628,-73.98978,40.71926081,-73.98178024,member
609593,E0A72F62975D0942,docked_bike,2021-02-24 09:01:16,2021-02-24 09:12:08,E 4 St & 2 Ave,5593,Bayard St & Baxter St,5351,40.72628,-73.98978,40.71602118,-73.99974372,member
609594,519845BE452F4537,docked_bike,2021-02-12 10:12:19,2021-02-12 10:22:19,E 4 St & 2 Ave,5593,Bayard St & Baxter St,5351,40.72628,-73.98978,40.71602118,-73.99974372,member
609595,912D97F473DA2955,docked_bike,2021-02-23 09:55:15,2021-02-23 10:05:53,E 4 St & 2 Ave,5593,Bayard St & Baxter St,5351,40.72628,-73.98978,40.71602118,-73.99974372,member
609602,A9BF93EA191A56B4,docked_bike,2021-02-10 08:42:33,2021-02-10 08:59:07,E 4 St & 2 Ave,5593,Railroad Ave & Kay Ave,4990,40.72628,-73.98978,40.70531194,-73.97100056,member
609605,465C44D75A3BEACD,docked_bike,2021-02-27 15:24:17,2021-02-27 15:32:50,E 4 St & 2 Ave,5593,Bayard St & Baxter St,5351,40.72628,-73.98978,40.71602118,-73.99974372,member
609606,0D997EC96BB2CFFC,docked_bike,2021-02-25 09:25:40,2021-02-25 09:37:51,E 4 St & 2 Ave,5593,Bayard St & Baxter St,5351,40.72628,-73.98978,40.71602118,-73.99974372,member
609629,8A56A505C32B192D,docked_bike,2021-02-19 08:43:40,2021-02-19 09:01:50,E 4 St & 2 Ave,5593,Railroad Ave & Kay Ave,4990,40.72628,-73.98978,40.70531194,-73.97100056,member
609641,50148E7783E1F0CE,docked_bike,2021-02-08 08:45:38,2021-02-08 09:03:01,E 4 St & 2 Ave,5593,Railroad Ave & Kay Ave,4990,40.72628,-73.98978,40.70531194,-73.97100056,member
609642,13C15ECEF57CD732,docked_bike,2021-02-06 11:43:20,2021-02-06 12:01:08,E 4 St & 2 Ave,5593,Railroad Ave & Kay Ave,4990,40.72628,-73.98978,40.70531194,-73.97100056,member
609644,CFED3B813BBE0E27,docked_bike,2021-02-05 08:44:55,2021-02-05 09:01:57,E 4 St & 2 Ave,5593,Railroad Ave & Kay Ave,4990,40.726281,-73.98978,40.705312,-73.971001,member
609645,584146376166EF5F,docked_bike,2021-02-26 17:09:37,2021-02-26 17:20:51,E 4 St & 2 Ave,5593,Market St & Cherry St,5198,40.72628,-73.98978,40.71076228,-73.99400398,member
609646,06B0B01E59925DA8,docked_bike,2021-02-27 13:28:04,2021-02-27 13:37:37,E 4 St & 2 Ave,5593,Market St & Cherry St,5198,40.726281,-73.98978,40.710762,-73.994004,casual
609700,472B12FBC26175D9,docked_bike,2021-02-17 11:48:13,2021-02-17 11:59:07,E 4 St & 2 Ave,5593,Market St & Cherry St,5198,40.726281,-73.98978,40.710762,-73.994004,member
609702,3C33901CB5F59CD9,docked_bike,2021-02-19 21:21:09,2021-02-19 21:31:47,E 4 St & 2 Ave,5593,Market St & Cherry St,5198,40.72628,-73.98978,40.71076228,-73.99400398,member
609724,992F0D064BEAD5BA,docked_bike,2021-02-24 20:30:29,2021-02-24 20:57:11,E 4 St & 2 Ave,5593,Market St & Cherry St,5198,40.72628,-73.98978,40.71076228,-73.99400398,member
609725,D983E5DF5599DE14,docked_bike,2021-02-14 16:20:28,2021-02-14 16:28:45,E 4 St & 2 Ave,5593,Bayard St & Baxter St,5351,40.726281,-73.98978,40.716021,-73.999744,member
609727,3DD8340813F6FA4A,docked_bike,2021-02-26 09:22:29,2021-02-26 09:32:56,E 4 St & 2 Ave,5593,Bayard St & Baxter St,5351,40.72628,-73.98978,40.71602118,-73.99974372,member
609918,E900E546B4D7035D,docked_bike,2021-02-25 16:08:21,2021-02-25 16:30:56,E 4 St & 2 Ave,5593,W 30 St & 10 Ave,6459,40.72628,-73.98978,40.752694,-74.002353,casual
609919,F165E1496DCCC7AE,docked_bike,2021-02-13 13:21:55,2021-02-13 13:58:38,E 4 St & 2 Ave,5593,E 68 St & 3 Ave,6896,40.72628,-73.98978,40.76712840349542,-73.96224617958069,member
609927,D81D327B0F5DA148,docked_bike,2021-02-25 16:08:06,2021-02-25 16:30:53,E 4 St & 2 Ave,5593,W 30 St & 10 Ave,6459,40.72628,-73.98978,40.752694,-74.002353,casual
609935,2D32F7FCD25464A0,docked_bike,2021-02-21 13:31:35,2021-02-21 13:42:53,E 4 St & 2 Ave,5593,Liberty St & Nassau St,5105,40.72628,-73.98978,40.70858894240581,-74.00935482235809,member
609936,96A870603225A505,docked_bike,2021-02-12 19:17:49,2021-02-12 19:23:53,E 4 St & 2 Ave,5593,Division St & Bowery,5270,40.72628,-73.98978,40.714193,-73.996732,member
609952,6FB823E6556C5C99,docked_bike,2021-02-16 12:16:00,2021-02-16 12:37:49,E 4 St & 2 Ave,5593,Broad St & Bridge St,4962,40.726281,-73.98978,40.703652,-74.011678,member
609966,3454921383FF4FA5,docked_bike,2021-02-24 08:40:27,2021-02-24 08:56:06,E 4 St & 2 Ave,5593,Broad St & Bridge St,4962,40.726281,-73.98978,40.703652,-74.011678,member
609967,D8ABD6A9FC485398,docked_bike,2021-02-26 20:11:24,2021-02-26 20:31:35,E 4 St & 2 Ave,5593,Liberty St & Nassau St,5105,40.72628,-73.98978,40.70858894240581,-74.00935482235809,member
609969,23DB01D758C239AB,docked_bike,2021-02-21 16:39:38,2021-02-21 18:04:25,E 4 St & 2 Ave,5593,Broad St & Bridge St,4962,40.72628,-73.98978,40.70365182,-74.01167797,casual
609970,66EE5E2A171835E8,docked_bike,2021-02-22 03:26:16,2021-02-22 03:46:58,E 4 St & 2 Ave,5593,E 68 St & 3 Ave,6896,40.72628,-73.98978,40.76712840349542,-73.96224617958069,casual
609988,15A9E8675E67F5A6,docked_bike,2021-02-14 19:46:53,2021-02-14 19:55:27,E 4 St & 2 Ave,5593,Division St & Bowery,5270,40.726281,-73.98978,40.714193,-73.996732,member
609990,044907B570520304,docked_bike,2021-02-07 01:34:10,2021-02-07 01:56:45,E 4 St & 2 Ave,5593,W 50 St & 9 Ave,6854,40.72628,-73.98978,40.76360467795863,-73.98917958140373,casual
609991,7D6E526925354B4F,docked_bike,2021-02-08 12:32:07,2021-02-08 12:49:45,E 4 St & 2 Ave,5593,Liberty St & Nassau St,5105,40.726281,-73.98978,40.708589,-74.009355,member
610020,9E1D9973AAE981C9,docked_bike,2021-02-26 14:40:45,2021-02-26 15:04:18,E 4 St & 2 Ave,5593,Broad St & Bridge St,4962,40.72628,-73.98978,40.70365182,-74.01167797,casual
610621,A41E43AE35D64C76,docked_bike,2021-02-06 19:32:07,2021-02-06 19:43:22,E 4 St & 2 Ave,5593,Bank St & Washington St,5964,40.72628,-73.98978,40.7361967,-74.00859207,casual
610624,B02C4717C2AF7259,docked_bike,2021-02-09 08:31:36,2021-02-09 08:51:59,E 4 St & 2 Ave,5593,Bank St & Washington St,5964,40.726281,-73.98978,40.736197,-74.008592,member
610665,113628FF89E688FD,docked_bike,2021-02-06 09:55:52,2021-02-06 10:24:15,E 4 St & 2 Ave,5593,12 Ave & W 40 St,6765,40.726281,-73.98978,40.760875,-74.002777,casual
610677,CB7BDA88AC154EB0,docked_bike,2021-02-06 15:18:38,2021-02-06 15:35:04,E 4 St & 2 Ave,5593,Little West St & 1 Pl,5001,40.72628,-73.98978,40.70569254,-74.01677685,casual
611531,13E7ED22A9234C04,docked_bike,2021-02-26 20:49:46,2021-02-26 21:04:01,E 4 St & 2 Ave,5593,Warren St & W Broadway,5288,40.72628,-73.98978,40.71473993,-74.00910627,member
611537,972097C7F0252DF5,docked_bike,2021-02-20 23:27:26,2021-02-20 23:36:17,E 4 St & 2 Ave,5593,Lexington Ave & E 29 St,6164,40.726281,-73.98978,40.743116,-73.982154,member
611551,38F03343F018BA5C,docked_bike,2021-02-06 15:58:50,2021-02-06 16:11:31,E 4 St & 2 Ave,5593,Warren St & W Broadway,5288,40.726281,-73.98978,40.71474,-74.009106,member
611552,8ACAA3C24341583C,docked_bike,2021-02-07 18:08:57,2021-02-07 18:21:29,E 4 St & 2 Ave,5593,Warren St & W Broadway,5288,40.726281,-73.98978,40.71474,-74.009106,member
611556,3DCDA0017B1A0329,docked_bike,2021-02-05 18:25:31,2021-02-05 18:53:08,E 4 St & 2 Ave,5593,Schermerhorn St & Bond St,4479,40.726281,-73.98978,40.688417,-73.984517,member
611570,34E28D96F09EAE69,docked_bike,2021-02-08 13:55:42,2021-02-08 14:06:52,E 4 St & 2 Ave,5593,Lexington Ave & E 29 St,6164,40.72628,-73.98978,40.74311555376486,-73.98215353488922,member
611589,168F43009A32F57D,docked_bike,2021-02-23 10:43:35,2021-02-23 10:58:17,E 4 St & 2 Ave,5593,Broadway & W 36 St,6441,40.72628,-73.98978,40.75097711,-73.98765428,member
612382,BA944112C30CF36C,docked_bike,2021-02-11 19:28:28,2021-02-11 19:39:26,E 4 St & 2 Ave,5593,2 Ave & E 31 St,6197,40.72628,-73.98978,40.74290902,-73.97706058,member
612390,5B380A54A4639CE1,docked_bike,2021-02-22 20:04:10,2021-02-22 20:10:28,E 4 St & 2 Ave,5593,Rivington St & Ridge St,5406,40.72628,-73.98978,40.71850211,-73.98329859,member
612398,CC4EF4656A862265,docked_bike,2021-02-23 19:59:03,2021-02-23 20:05:02,E 4 St & 2 Ave,5593,Rivington St & Ridge St,5406,40.726281,-73.98978,40.718502,-73.983299,member
612399,CCFC08BF05A55FC0,docked_bike,2021-02-21 19:57:54,2021-02-21 20:03:09,E 4 St & 2 Ave,5593,Rivington St & Ridge St,5406,40.726281,-73.98978,40.718502,-73.983299,member
612400,CE397747A58CBA71,docked_bike,2021-02-10 21:09:26,2021-02-10 21:15:06,E 4 St & 2 Ave,5593,Rivington St & Ridge St,5406,40.726281,-73.98978,40.718502,-73.983299,member
612401,E3DFEC5A494AD2B8,docked_bike,2021-02-14 17:29:01,2021-02-14 17:36:20,E 4 St & 2 Ave,5593,Rivington St & Ridge St,5406,40.726281,-73.98978,40.718502,-73.983299,member
612402,66F1043A66EF2AC4,docked_bike,2021-02-13 21:08:49,2021-02-13 21:15:14,E 4 St & 2 Ave,5593,Rivington St & Ridge St,5406,40.726281,-73.98978,40.718502,-73.983299,member
612403,44F13AB02536B066,docked_bike,2021-02-20 18:50:51,2021-02-20 18:57:07,E 4 St & 2 Ave,5593,Rivington St & Ridge St,5406,40.726281,-73.98978,40.718502,-73.983299,member
612404,E3455F0E7293F33B,docked_bike,2021-02-23 19:59:09,2021-02-23 20:05:08,E 4 St & 2 Ave,5593,Rivington St & Ridge St,5406,40.72628,-73.98978,40.71850211,-73.98329859,member
612405,F2E6195B2AC1C200,docked_bike,2021-02-21 19:57:50,2021-02-21 20:03:05,E 4 St & 2 Ave,5593,Rivington St & Ridge St,5406,40.72628,-73.98978,40.71850211,-73.98329859,member
612418,65D64B4FF8014470,docked_bike,2021-02-05 20:10:40,2021-02-05 20:16:37,E 4 St & 2 Ave,5593,Rivington St & Ridge St,5406,40.726281,-73.98978,40.718502,-73.983299,member
612422,01EFBC5A697EE69F,docked_bike,2021-02-09 21:01:55,2021-02-09 21:09:01,E 4 St & 2 Ave,5593,Rivington St & Ridge St,5406,40.72628,-73.98978,40.71850211,-73.98329859,member
612431,4A3C16518C45B595,docked_bike,2021-02-16 19:26:56,2021-02-16 19:36:25,E 4 St & 2 Ave,5593,2 Ave & E 31 St,6197,40.72628,-73.98978,40.74290902,-73.97706058,member
612432,2162C07784FDC793,docked_bike,2021-02-18 21:29:34,2021-02-18 21:36:20,E 4 St & 2 Ave,5593,Rivington St & Ridge St,5406,40.726281,-73.98978,40.718502,-73.983299,member
612438,C886A4BB33A33B0E,docked_bike,2021-02-10 21:09:14,2021-02-10 21:14:19,E 4 St & 2 Ave,5593,Rivington St & Ridge St,5406,40.72628,-73.98978,40.71850211,-73.98329859,member
612440,FE3DA28C506071F5,docked_bike,2021-02-05 18:30:12,2021-02-05 18:38:15,E 4 St & 2 Ave,5593,Rivington St & Ridge St,5406,40.72628,-73.98978,40.71850211,-73.98329859,member
612448,377D47843D8F88BE,docked_bike,2021-02-05 23:07:48,2021-02-05 23:19:08,E 4 St & 2 Ave,5593,2 Ave & E 31 St,6197,40.726281,-73.98978,40.742909,-73.977061,member
612457,12BA53488B3A2850,docked_bike,2021-02-08 21:05:19,2021-02-08 21:12:06,E 4 St & 2 Ave,5593,Rivington St & Ridge St,5406,40.72628,-73.98978,40.71850211,-73.98329859,member
612468,86AB479E12856869,docked_bike,2021-02-16 13:42:57,2021-02-16 14:01:25,E 4 St & 2 Ave,5593,Flushing Ave & Vanderbilt Ave,4762,40.72628,-73.98978,40.69795031569544,-73.97077560424805,member
612469,0844A12D339148B0,docked_bike,2021-02-11 17:44:12,2021-02-11 17:51:12,E 4 St & 2 Ave,5593,Rivington St & Ridge St,5406,40.72628,-73.98978,40.71850211,-73.98329859,member
612508,CBCE41C5EDE289EE,docked_bike,2021-02-13 20:46:34,2021-02-13 20:53:09,E 4 St & 2 Ave,5593,Rivington St & Ridge St,5406,40.726281,-73.98978,40.718502,-73.983299,member
612561,326C60E493183236,docked_bike,2021-02-27 17:02:28,2021-02-27 17:14:14,E 4 St & 2 Ave,5593,Rivington St & Ridge St,5406,40.72628,-73.98978,40.71850211,-73.98329859,casual
612907,299FE2A339ED6D3D,docked_bike,2021-02-17 06:18:18,2021-02-17 06:29:22,E 4 St & 2 Ave,5593,North Moore St & Greenwich St,5470,40.726281,-73.98978,40.720195,-74.010301,member
612908,4CC65937D723B9FB,docked_bike,2021-02-26 05:24:05,2021-02-26 05:33:17,E 4 St & 2 Ave,5593,North Moore St & Greenwich St,5470,40.726281,-73.98978,40.720195,-74.010301,member
612944,8FF68025D31D9DC8,docked_bike,2021-02-21 14:54:31,2021-02-21 15:47:27,E 4 St & 2 Ave,5593,North Moore St & Greenwich St,5470,40.72628,-73.98978,40.72019521437465,-74.0103006362915,casual
612946,D4ED9157F7A53C6C,docked_bike,2021-02-25 06:23:27,2021-02-25 06:34:09,E 4 St & 2 Ave,5593,North Moore St & Greenwich St,5470,40.726281,-73.98978,40.720195,-74.010301,member
612947,042F005F8C14DFF1,docked_bike,2021-02-24 06:25:52,2021-02-24 06:37:20,E 4 St & 2 Ave,5593,North Moore St & Greenwich St,5470,40.726281,-73.98978,40.720195,-74.010301,member
612969,6A06E355B8A42997,docked_bike,2021-02-23 23:15:28,2021-02-24 00:10:00,E 4 St & 2 Ave,5593,W 37 St & 5 Ave,6398,40.726281,-73.98978,40.75038,-73.98339,member
612986,C38CDB0BDB9E577E,docked_bike,2021-02-23 06:20:28,2021-02-23 06:31:15,E 4 St & 2 Ave,5593,North Moore St & Greenwich St,5470,40.726281,-73.98978,40.720195,-74.010301,member
613017,EAEC96B36583AC9D,docked_bike,2021-02-18 06:18:10,2021-02-18 06:28:48,E 4 St & 2 Ave,5593,North Moore St & Greenwich St,5470,40.726281,-73.98978,40.720195,-74.010301,member
613018,239C0CEF8FD085F1,docked_bike,2021-02-22 06:13:50,2021-02-22 06:24:48,E 4 St & 2 Ave,5593,North Moore St & Greenwich St,5470,40.726281,-73.98978,40.720195,-74.010301,member
613522,60B4B19D7F7A42F4,docked_bike,2021-02-26 12:21:41,2021-02-26 13:02:49,E 4 St & 2 Ave,5593,West End Ave & W 94 St,7524,40.726281,-73.98978,40.794165,-73.974124,member
613527,AED6AB3DE383C504,docked_bike,2021-02-06 17:31:05,2021-02-06 17:45:24,E 4 St & 2 Ave,5593,S 4 St & Rodney St,5156,40.72628,-73.98978,40.70934,-73.95608,casual
613530,6FC0C41A68088072,docked_bike,2021-02-13 12:06:48,2021-02-13 12:20:45,E 4 St & 2 Ave,5593,S 4 St & Rodney St,5156,40.726281,-73.98978,40.70934,-73.95608,member
613989,6CF45B73298023B4,docked_bike,2021-02-24 18:34:25,2021-02-24 18:38:37,E 4 St & 2 Ave,5593,E 7 St & Avenue A,5626,40.72628,-73.98978,40.72621788,-73.98379855,member
613994,4F34B61E33F910FE,docked_bike,2021-02-14 10:12:21,2021-02-14 10:37:22,E 4 St & 2 Ave,5593,W 84 St & Broadway,7409,40.726281,-73.98978,40.786795,-73.977112,member
614004,A6541E730C01F215,docked_bike,2021-02-17 18:29:05,2021-02-17 18:45:38,E 4 St & 2 Ave,5593,E 7 St & Avenue A,5626,40.72628,-73.98978,40.72621788,-73.98379855,member
614006,CF0B684ADC6E7940,docked_bike,2021-02-06 13:38:28,2021-02-06 13:44:02,E 4 St & 2 Ave,5593,E 7 St & Avenue A,5626,40.72628,-73.98978,40.72621788,-73.98379855,member
614011,8090683B5AF0FDB2,docked_bike,2021-02-25 15:31:20,2021-02-25 15:43:45,E 4 St & 2 Ave,5593,Johnson St & Gold St,4668,40.72628,-73.98978,40.69474881,-73.98362464,member
614013,5274E59710C5831C,docked_bike,2021-02-28 15:49:25,2021-02-28 15:52:38,E 4 St & 2 Ave,5593,E 7 St & Avenue A,5626,40.72628,-73.98978,40.72621788,-73.98379855,member
614014,A54D73DC9FAC3A3E,docked_bike,2021-02-05 15:34:31,2021-02-05 15:38:11,E 4 St & 2 Ave,5593,E 7 St & Avenue A,5626,40.726281,-73.98978,40.726218,-73.983799,member
614015,CD885AD05704F249,docked_bike,2021-02-23 23:01:55,2021-02-23 23:31:07,E 4 St & 2 Ave,5593,Central Ave & Melrose St,4832,40.72628,-73.98978,40.70112,-73.93039,member
614016,F1A4C5B492757EE6,docked_bike,2021-02-06 09:24:38,2021-02-06 09:27:42,E 4 St & 2 Ave,5593,E 7 St & Avenue A,5626,40.726281,-73.98978,40.726218,-73.983799,member
614017,49EB2589CD4BD791,docked_bike,2021-02-13 11:09:58,2021-02-13 11:14:47,E 4 St & 2 Ave,5593,E 7 St & Avenue A,5626,40.72628,-73.98978,40.72621788,-73.98379855,member
614026,A1A19085EE919469,docked_bike,2021-02-23 12:43:23,2021-02-23 12:46:36,E 4 St & 2 Ave,5593,E 7 St & Avenue A,5626,40.72628,-73.98978,40.72621788,-73.98379855,member
614034,E67944347D41F037,docked_bike,2021-02-20 09:28:18,2021-02-20 09:30:46,E 4 St & 2 Ave,5593,E 7 St & Avenue A,5626,40.726281,-73.98978,40.726218,-73.983799,member
614035,DB0079FDFE2710FD,docked_bike,2021-02-23 19:36:48,2021-02-23 19:46:54,E 4 St & 2 Ave,5593,E 7 St & Avenue A,5626,40.726281,-73.98978,40.726218,-73.983799,member
614528,BC61B7CE4331974F,docked_bike,2021-02-12 12:09:55,2021-02-12 12:14:22,E 4 St & 2 Ave,5593,Forsyth St & Broome St,5453,40.72628,-73.98978,40.71893904,-73.99266288,member
614533,6248BAEC9680CEF9,docked_bike,2021-02-05 18:04:44,2021-02-05 18:16:51,E 4 St & 2 Ave,5593,Barrow St & Hudson St,5805,40.726281,-73.98978,40.731724,-74.006744,member
614534,6E7DD54F8A405A02,docked_bike,2021-02-24 07:15:44,2021-02-24 07:36:20,E 4 St & 2 Ave,5593,W 52 St & 6 Ave,6740,40.72628,-73.98978,40.76132983124814,-73.97982001304626,member
614539,DEBD44B0F4BC9554,docked_bike,2021-02-13 13:03:07,2021-02-13 13:08:21,E 4 St & 2 Ave,5593,Forsyth St & Broome St,5453,40.72628,-73.98978,40.71893904,-73.99266288,member
614546,0EC4FB28F24FAC66,docked_bike,2021-02-14 11:21:48,2021-02-14 11:30:29,E 4 St & 2 Ave,5593,Pike St & E Broadway,5270,40.726281,-73.98978,40.714067,-73.992939,member
614557,85B7E1528D96468C,docked_bike,2021-02-23 21:07:17,2021-02-23 21:12:48,E 4 St & 2 Ave,5593,Forsyth St & Broome St,5453,40.72628,-73.98978,40.71893904,-73.99266288,member
614561,6525AC524161B1BF,docked_bike,2021-02-24 21:13:13,2021-02-24 21:29:05,E 4 St & 2 Ave,5593,Division Ave & Hooper St,5045,40.72628,-73.98978,40.70684203101325,-73.9544353965357,member
614564,5EE47BAE6E30E181,docked_bike,2021-02-09 07:33:23,2021-02-09 07:54:33,E 4 St & 2 Ave,5593,W 52 St & 6 Ave,6740,40.726281,-73.98978,40.76133,-73.97982,member
614567,8DF7BA573C335CBE,docked_bike,2021-02-20 13:36:09,2021-02-20 13:40:30,E 4 St & 2 Ave,5593,Forsyth St & Broome St,5453,40.726281,-73.98978,40.718939,-73.992663,member
614572,8E905ADC8A49EB6E,docked_bike,2021-02-10 09:42:00,2021-02-10 09:45:45,E 4 St & 2 Ave,5593,Forsyth St & Broome St,5453,40.726281,-73.98978,40.718939,-73.992663,casual
614591,4DEC0FC744C58191,docked_bike,2021-02-17 11:52:58,2021-02-17 11:56:08,E 4 St & 2 Ave,5593,Forsyth St & Broome St,5453,40.72628,-73.98978,40.71893904,-73.99266288,member
614597,2CAF1BBEF07D0064,docked_bike,2021-02-26 03:20:42,2021-02-26 03:27:56,E 4 St & 2 Ave,5593,Barrow St & Hudson St,5805,40.72628,-73.98978,40.73172428,-74.00674436,member
614604,D662DD18AD961FBD,docked_bike,2021-02-21 18:33:46,2021-02-21 18:39:13,E 4 St & 2 Ave,5593,Forsyth St & Broome St,5453,40.72628,-73.98978,40.71893904,-73.99266288,member
614606,D1DEF067FC2788DD,docked_bike,2021-02-10 11:16:29,2021-02-10 11:36:49,E 4 St & 2 Ave,5593,W 52 St & 6 Ave,6740,40.726281,-73.98978,40.76133,-73.97982,member
615151,87E1AA29452C7411,docked_bike,2021-02-10 18:57:07,2021-02-10 19:10:23,E 4 St & 2 Ave,5593,Barrow St & Hudson St,5805,40.726281,-73.98978,40.731724,-74.006744,member
615204,115BABDEEA6D65CB,docked_bike,2021-02-17 16:13:37,2021-02-17 16:18:23,E 4 St & 2 Ave,5593,E 13 St & 2 Ave,5820,40.726281,-73.98978,40.731539,-73.985302,member
615210,ED16C294A4A9A12C,docked_bike,2021-02-17 13:42:10,2021-02-17 13:47:40,E 4 St & 2 Ave,5593,E 13 St & 2 Ave,5820,40.72628,-73.98978,40.73153937464073,-73.9853024482727,member
615226,252CCA8127AD7951,docked_bike,2021-02-17 18:20:24,2021-02-17 18:24:37,E 4 St & 2 Ave,5593,E 13 St & 2 Ave,5820,40.72628,-73.98978,40.73153937464073,-73.9853024482727,casual
615803,C9FFEFB1956A4F34,docked_bike,2021-02-22 03:16:52,2021-02-22 04:15:09,E 4 St & 2 Ave,5593,Walton Ave & E 153 St,7945,40.72628,-73.98978,40.822351,-73.926907,casual
615995,806E5E03C751D61E,docked_bike,2021-02-16 17:26:46,2021-02-16 18:18:53,E 4 St & 2 Ave,5593,Broadway & Berry St,5164,40.72628,-73.98978,40.71044554,-73.96525063,casual
616019,039DE6089D2BF655,docked_bike,2021-02-18 08:05:57,2021-02-18 08:15:06,E 4 St & 2 Ave,5593,W 24 St & 7 Ave,6257,40.726281,-73.98978,40.744876,-73.995299,member
616028,B5CE63514D38FC7B,docked_bike,2021-02-12 08:29:12,2021-02-12 08:39:06,E 4 St & 2 Ave,5593,W 24 St & 7 Ave,6257,40.726281,-73.98978,40.744876,-73.995299,member
616029,EDD667F5B9F34441,docked_bike,2021-02-08 08:20:30,2021-02-08 08:30:38,E 4 St & 2 Ave,5593,W 24 St & 7 Ave,6257,40.726281,-73.98978,40.744876,-73.995299,member
616030,A81D72644ED5ED79,docked_bike,2021-02-23 08:11:11,2021-02-23 08:21:34,E 4 St & 2 Ave,5593,W 24 St & 7 Ave,6257,40.726281,-73.98978,40.744876,-73.995299,member
616035,ACFAE972289D8F06,docked_bike,2021-02-09 08:41:06,2021-02-09 08:50:22,E 4 St & 2 Ave,5593,W 24 St & 7 Ave,6257,40.726281,-73.98978,40.744876,-73.995299,member
616039,C34247EA8CEFAEBE,docked_bike,2021-02-15 13:51:38,2021-02-15 14:02:39,E 4 St & 2 Ave,5593,Broadway & W 25 St,6173,40.72628,-73.98978,40.74286877312112,-73.98918628692627,member
616062,D0889DB0E6987B13,docked_bike,2021-02-24 17:22:04,2021-02-24 17:40:00,E 4 St & 2 Ave,5593,Broadway & Berry St,5164,40.72628,-73.98978,40.71044554,-73.96525063,member
616063,A53539A5E2DFCC23,docked_bike,2021-02-15 14:44:21,2021-02-15 15:01:44,E 4 St & 2 Ave,5593,W 24 St & 7 Ave,6257,40.72628,-73.98978,40.74487634,-73.99529885,casual
616067,822B3C159DB6405E,docked_bike,2021-02-15 13:51:24,2021-02-15 14:02:38,E 4 St & 2 Ave,5593,Broadway & W 25 St,6173,40.72628,-73.98978,40.74286877312112,-73.98918628692627,member
616076,32E34BBEC507244F,docked_bike,2021-02-10 09:49:59,2021-02-10 10:00:48,E 4 St & 2 Ave,5593,Broadway & W 25 St,6173,40.726281,-73.98978,40.742869,-73.989186,casual
616084,9E5C6046DDF5DEFD,docked_bike,2021-02-06 11:30:05,2021-02-06 11:42:23,E 4 St & 2 Ave,5593,Broadway & W 25 St,6173,40.72628,-73.98978,40.74286877312112,-73.98918628692627,member
616096,3C414F82BC1784A9,docked_bike,2021-02-06 13:13:10,2021-02-06 13:44:30,E 4 St & 2 Ave,5593,Broadway & W 60 St,6948,40.72628,-73.98978,40.76915505,-73.98191841,casual
616098,C936E848469F0EE1,docked_bike,2021-02-10 18:03:04,2021-02-10 18:17:26,E 4 St & 2 Ave,5593,Broadway & Berry St,5164,40.72628,-73.98978,40.71044554,-73.96525063,member
616112,B5A2C66AD84208DE,docked_bike,2021-02-26 18:56:41,2021-02-26 19:04:04,E 4 St & 2 Ave,5593,Broadway & W 25 St,6173,40.72628,-73.98978,40.74286877312112,-73.98918628692627,casual
616115,2DB00A5FEAA624AE,docked_bike,2021-02-05 08:32:17,2021-02-05 08:42:14,E 4 St & 2 Ave,5593,W 24 St & 7 Ave,6257,40.726281,-73.98978,40.744876,-73.995299,member
616116,1CF62EADBFF4D5F0,docked_bike,2021-02-11 08:38:01,2021-02-11 08:48:15,E 4 St & 2 Ave,5593,W 24 St & 7 Ave,6257,40.726281,-73.98978,40.744876,-73.995299,member
616117,B6639445AB7A7976,docked_bike,2021-02-24 08:12:25,2021-02-24 08:21:09,E 4 St & 2 Ave,5593,W 24 St & 7 Ave,6257,40.726281,-73.98978,40.744876,-73.995299,member
616118,FDDC78BA975F1C09,docked_bike,2021-02-22 08:19:10,2021-02-22 08:28:34,E 4 St & 2 Ave,5593,W 24 St & 7 Ave,6257,40.726281,-73.98978,40.744876,-73.995299,member
616142,DC38D8FF3D4C359D,docked_bike,2021-02-16 17:26:04,2021-02-16 18:18:51,E 4 St & 2 Ave,5593,Broadway & Berry St,5164,40.72628,-73.98978,40.71044554,-73.96525063,casual
616858,72E49607D17BACD3,docked_bike,2021-02-18 14:36:33,2021-02-18 14:48:05,E 4 St & 2 Ave,5593,E 25 St & 1 Ave,6004,40.72628,-73.98978,40.7381765,-73.97738662,member
616866,25A5C4523896FAE5,docked_bike,2021-02-23 18:26:04,2021-02-23 18:28:30,E 4 St & 2 Ave,5593,St Marks Pl & 1 Ave,5626,40.72628,-73.98978,40.72779126,-73.98564945,member
616870,C1987AF268D6302D,docked_bike,2021-02-21 19:26:10,2021-02-21 19:29:19,E 4 St & 2 Ave,5593,St Marks Pl & 1 Ave,5626,40.72628,-73.98978,40.72779126,-73.98564945,member
616875,AE7AB2BE1CEAC7D0,docked_bike,2021-02-23 18:59:20,2021-02-23 19:06:47,E 4 St & 2 Ave,5593,Columbia St & Rivington St,5365,40.726281,-73.98978,40.7174,-73.980166,member
616882,3044D1F6C68A63EA,docked_bike,2021-02-08 13:10:42,2021-02-08 13:19:44,E 4 St & 2 Ave,5593,E 25 St & 1 Ave,6004,40.726281,-73.98978,40.738177,-73.977387,member
616883,5FAD06BF970ED575,docked_bike,2021-02-07 12:34:25,2021-02-07 12:37:56,E 4 St & 2 Ave,5593,St Marks Pl & 1 Ave,5626,40.72628,-73.98978,40.72779126,-73.98564945,member
616885,04928ACE046753C6,docked_bike,2021-02-06 14:20:45,2021-02-06 14:23:51,E 4 St & 2 Ave,5593,St Marks Pl & 1 Ave,5626,40.72628,-73.98978,40.72779126,-73.98564945,member
616890,3DAED34DEF42FCF8,docked_bike,2021-02-17 17:24:58,2021-02-17 17:38:14,E 4 St & 2 Ave,5593,St Marks Pl & 1 Ave,5626,40.726281,-73.98978,40.727791,-73.985649,member
616894,50FA16C48F92FF04,docked_bike,2021-02-11 21:27:36,2021-02-11 21:37:06,E 4 St & 2 Ave,5593,E 25 St & 1 Ave,6004,40.72628,-73.98978,40.7381765,-73.97738662,casual
616899,4E6DA0E9C7BB60CB,docked_bike,2021-02-26 15:00:02,2021-02-26 15:12:49,E 4 St & 2 Ave,5593,E 25 St & 1 Ave,6004,40.726281,-73.98978,40.738177,-73.977387,member
616900,7E7D5D7AF18E497F,docked_bike,2021-02-27 17:15:28,2021-02-27 17:46:01,E 4 St & 2 Ave,5593,W 49 St & 8 Ave,6747,40.72628,-73.98978,40.76227205,-73.98788205,member
616901,63E4A156AC736923,docked_bike,2021-02-18 10:27:33,2021-02-18 10:30:26,E 4 St & 2 Ave,5593,St Marks Pl & 1 Ave,5626,40.72628,-73.98978,40.72779126,-73.98564945,member
616904,C0F271EB8997FC6C,docked_bike,2021-02-06 20:01:22,2021-02-06 20:05:12,E 4 St & 2 Ave,5593,St Marks Pl & 1 Ave,5626,40.72628,-73.98978,40.72779126,-73.98564945,member
616915,EF68E84CCB6DD8AD,docked_bike,2021-02-16 19:48:00,2021-02-16 19:56:05,E 4 St & 2 Ave,5593,Columbia St & Rivington St,5365,40.726281,-73.98978,40.7174,-73.980166,member
616916,444F330CC199D529,docked_bike,2021-02-08 19:10:16,2021-02-08 19:17:55,E 4 St & 2 Ave,5593,Columbia St & Rivington St,5365,40.726281,-73.98978,40.7174,-73.980166,member
616917,7C0F07CDC19B6D3E,docked_bike,2021-02-17 19:46:35,2021-02-17 19:56:38,E 4 St & 2 Ave,5593,Columbia St & Rivington St,5365,40.726281,-73.98978,40.7174,-73.980166,member
616918,B5D617504979C96C,docked_bike,2021-02-26 19:34:51,2021-02-26 19:41:53,E 4 St & 2 Ave,5593,Columbia St & Rivington St,5365,40.726281,-73.98978,40.7174,-73.980166,member
616923,A7B7BB561ABB0445,docked_bike,2021-02-06 14:12:15,2021-02-06 14:14:51,E 4 St & 2 Ave,5593,St Marks Pl & 1 Ave,5626,40.72628,-73.98978,40.72779126,-73.98564945,member
616966,28F95A8812BF640B,docked_bike,2021-02-24 22:44:46,2021-02-24 23:03:50,E 4 St & 2 Ave,5593,W 49 St & 8 Ave,6747,40.72628,-73.98978,40.76227205,-73.98788205,member
616968,E58E5226B3843F33,docked_bike,2021-02-20 07:25:38,2021-02-20 07:39:15,E 4 St & 2 Ave,5593,Columbia St & Rivington St,5365,40.72628,-73.98978,40.71739973,-73.98016555,member
617619,FFAEB210F12C6274,docked_bike,2021-02-05 20:23:28,2021-02-05 21:02:36,E 4 St & 2 Ave,5593,6 Ave & W 34 St,6364,40.72628,-73.98978,40.74964,-73.98805,member
617632,2CEFE480A57DC86C,docked_bike,2021-02-24 20:35:16,2021-02-24 20:48:29,E 4 St & 2 Ave,5593,6 Ave & W 34 St,6364,40.72628,-73.98978,40.74964,-73.98805,member
617633,071BD0975E7B24AE,docked_bike,2021-02-28 11:48:22,2021-02-28 11:52:03,E 4 St & 2 Ave,5593,Mott St & Prince St,5561,40.726281,-73.98978,40.72318,-73.9948,member
617648,51AAD52A8547FBC0,docked_bike,2021-02-26 09:37:35,2021-02-26 09:57:15,E 4 St & 2 Ave,5593,W 26 St & 10 Ave,6382,40.72628,-73.98978,40.749717753,-74.002950346,member
617649,65243A25064F79D4,docked_bike,2021-02-25 09:37:54,2021-02-25 09:58:13,E 4 St & 2 Ave,5593,W 26 St & 10 Ave,6382,40.72628,-73.98978,40.749717753,-74.002950346,member
617652,33FEEC87D9FBC57E,docked_bike,2021-02-10 09:30:06,2021-02-10 09:48:25,E 4 St & 2 Ave,5593,W 26 St & 10 Ave,6382,40.726281,-73.98978,40.749718,-74.00295,casual
617654,14B80B6D8314122B,docked_bike,2021-02-06 18:03:24,2021-02-06 18:27:03,E 4 St & 2 Ave,5593,W 26 St & 10 Ave,6382,40.72628,-73.98978,40.749717753,-74.002950346,member
617659,F04726A3CB2601C7,docked_bike,2021-02-13 00:25:20,2021-02-13 00:31:38,E 4 St & 2 Ave,5593,Bialystoker Pl & Delancey St,5335,40.72628,-73.98978,40.71622644,-73.98261206,member
617661,7B9918AB60B37B37,docked_bike,2021-02-04 16:48:21,2021-02-04 17:06:00,E 4 St & 2 Ave,5593,W 26 St & 10 Ave,6382,40.726281,-73.98978,40.749718,-74.00295,member
617663,13C416884C56FEA3,docked_bike,2021-02-25 17:49:40,2021-02-25 18:11:32,E 4 St & 2 Ave,5593,W 26 St & 10 Ave,6382,40.72628,-73.98978,40.749717753,-74.002950346,member
617667,1D82A4D944DBFF22,docked_bike,2021-02-20 16:11:38,2021-02-20 16:17:56,E 4 St & 2 Ave,5593,Bialystoker Pl & Delancey St,5335,40.726281,-73.98978,40.716226,-73.982612,member
617696,59255BAC15BA1BF9,docked_bike,2021-02-20 14:53:14,2021-02-20 15:02:31,E 4 St & 2 Ave,5593,Mott St & Prince St,5561,40.726281,-73.98978,40.72318,-73.9948,member
617703,C0C7AFB0FBE9BD94,docked_bike,2021-02-06 09:41:08,2021-02-06 10:01:34,E 4 St & 2 Ave,5593,W 26 St & 10 Ave,6382,40.72628,-73.98978,40.749717753,-74.002950346,member
617713,6949DF27D9F45E80,docked_bike,2021-02-27 12:16:34,2021-02-27 12:22:03,E 4 St & 2 Ave,5593,Mott St & Prince St,5561,40.72628,-73.98978,40.72317958,-73.99480012,member
617715,B42AC707DAE6F979,docked_bike,2021-02-24 19:44:20,2021-02-24 19:49:50,E 4 St & 2 Ave,5593,Bialystoker Pl & Delancey St,5335,40.72628,-73.98978,40.71622644,-73.98261206,member
617716,BE6CAEFF82CB7441,docked_bike,2021-02-16 19:59:57,2021-02-16 20:06:00,E 4 St & 2 Ave,5593,Bialystoker Pl & Delancey St,5335,40.72628,-73.98978,40.71622644,-73.98261206,member
617718,5D6829CE2DEF73B8,docked_bike,2021-02-25 19:44:44,2021-02-25 20:04:02,E 4 St & 2 Ave,5593,6 Ave & W 34 St,6364,40.72628,-73.98978,40.74964,-73.98805,casual
617723,9F9DEDDCD0733824,docked_bike,2021-02-28 18:03:21,2021-02-28 18:11:11,E 4 St & 2 Ave,5593,Mott St & Prince St,5561,40.72628,-73.98978,40.72317958,-73.99480012,member
617742,FA7B01F030668888,docked_bike,2021-02-09 09:39:18,2021-02-09 09:58:33,E 4 St & 2 Ave,5593,W 26 St & 10 Ave,6382,40.72628,-73.98978,40.749717753,-74.002950346,member
617753,F8C45AEC2E7DC830,docked_bike,2021-02-13 16:23:16,2021-02-13 16:28:19,E 4 St & 2 Ave,5593,Mott St & Prince St,5561,40.72628,-73.98978,40.72317958,-73.99480012,member
617905,7C8F4043EA41612E,docked_bike,2021-02-24 19:46:19,2021-02-24 19:53:08,E 4 St & 2 Ave,5593,Bialystoker Pl & Delancey St,5335,40.726281,-73.98978,40.716226,-73.982612,member
617906,E66B9728E22F7976,docked_bike,2021-02-05 18:10:44,2021-02-05 18:18:56,E 4 St & 2 Ave,5593,Bialystoker Pl & Delancey St,5335,40.726281,-73.98978,40.716226,-73.982612,member
617907,268686691D0CDF1E,docked_bike,2021-02-28 18:56:25,2021-02-28 19:03:55,E 4 St & 2 Ave,5593,Bialystoker Pl & Delancey St,5335,40.726281,-73.98978,40.716226,-73.982612,member
618660,A1000A5486096234,docked_bike,2021-02-18 07:02:28,2021-02-18 07:17:49,E 4 St & 2 Ave,5593,8 Ave & W 31 St,6450,40.72628,-73.98978,40.7505853470215,-73.9946848154068,member
618667,75D9879A37EB04DB,docked_bike,2021-02-25 18:46:37,2021-02-25 19:47:37,E 4 St & 2 Ave,5593,Pearl St & Peck Slip,5096,40.726281,-73.98978,40.708485,-74.002751,member
618681,44168DA425361C71,docked_bike,2021-02-26 06:56:35,2021-02-26 07:12:23,E 4 St & 2 Ave,5593,8 Ave & W 31 St,6450,40.72628,-73.98978,40.7505853470215,-73.9946848154068,member
618683,64B15DDF4A89D2B6,docked_bike,2021-02-08 20:17:34,2021-02-08 20:27:10,E 4 St & 2 Ave,5593,Pearl St & Peck Slip,5096,40.72628,-73.98978,40.708485,-74.002751,member
618716,D197CF5E035481E9,docked_bike,2021-02-23 17:19:39,2021-02-23 17:34:11,E 4 St & 2 Ave,5593,8 Ave & W 31 St,6450,40.726281,-73.98978,40.750585,-73.994685,member
618721,CF057759E204CD16,docked_bike,2021-02-25 18:46:14,2021-02-25 19:47:48,E 4 St & 2 Ave,5593,Pearl St & Peck Slip,5096,40.72628,-73.98978,40.708485,-74.002751,casual
619121,58A6E913ADF9E166,docked_bike,2021-02-19 23:12:19,2021-02-19 23:16:44,E 1 St & 1 Ave,5593,E 11 St & Avenue B,5659,40.723356,-73.98865,40.727464,-73.979504,casual
619976,03530B84B6B0690C,docked_bike,2021-02-21 17:20:02,2021-02-21 17:28:49,E 4 St & 2 Ave,5593,MacDougal St & Prince St,5687,40.72628,-73.98978,40.72710258,-74.00297088,casual
619980,8FBC526733C946A5,docked_bike,2021-02-06 22:16:57,2021-02-06 22:22:43,E 4 St & 2 Ave,5593,1 Ave & E 18 St,5854,40.72628,-73.98978,40.73381219196632,-73.98054420948029,member
619981,2A3BEC7C5D3C82B4,docked_bike,2021-02-16 22:38:22,2021-02-16 22:43:16,E 4 St & 2 Ave,5593,1 Ave & E 18 St,5854,40.72628,-73.98978,40.73381219196632,-73.98054420948029,member
619991,7BA3E13798C18A47,docked_bike,2021-02-09 20:55:12,2021-02-09 21:01:50,E 4 St & 2 Ave,5593,1 Ave & E 18 St,5854,40.72628,-73.98978,40.73381219196632,-73.98054420948029,member
619999,3175E7CC0EDE8BF1,docked_bike,2021-02-28 11:35:20,2021-02-28 11:42:17,E 4 St & 2 Ave,5593,1 Ave & E 18 St,5854,40.72628,-73.98978,40.73381219196632,-73.98054420948029,member
620012,C758D9B9C95EDC5A,docked_bike,2021-02-14 12:23:46,2021-02-14 12:51:54,E 4 St & 2 Ave,5593,Grand Army Plaza & Central Park S,6839,40.72628,-73.98978,40.7643971,-73.97371465,casual
620013,0F1B7F2230C7E2A9,docked_bike,2021-02-24 19:46:42,2021-02-24 19:54:28,E 4 St & 2 Ave,5593,MacDougal St & Prince St,5687,40.726281,-73.98978,40.727103,-74.002971,member
620014,08A6F0D6E5E3477E,docked_bike,2021-02-09 13:48:00,2021-02-09 13:54:17,E 4 St & 2 Ave,5593,1 Ave & E 18 St,5854,40.72628,-73.98978,40.73381219196632,-73.98054420948029,member
620016,6C93DFB030AABEFC,docked_bike,2021-02-24 20:23:32,2021-02-24 20:28:48,E 4 St & 2 Ave,5593,MacDougal St & Prince St,5687,40.72628,-73.98978,40.72710258,-74.00297088,member
620018,5064E63F67ECDDA5,docked_bike,2021-02-23 06:17:56,2021-02-23 06:33:03,E 4 St & 2 Ave,5593,W 47 St & 6 Ave,6667,40.72628,-73.98978,40.758397,-73.98255,member
620022,ECAB38FA58361765,docked_bike,2021-02-12 15:18:02,2021-02-12 15:23:01,E 4 St & 2 Ave,5593,MacDougal St & Prince St,5687,40.72628,-73.98978,40.72710258,-74.00297088,member
620024,787F63F78A3CAD63,docked_bike,2021-02-20 15:22:00,2021-02-20 15:31:39,E 4 St & 2 Ave,5593,MacDougal St & Prince St,5687,40.72628,-73.98978,40.72710258,-74.00297088,member
620030,D1695F8D10CED73C,docked_bike,2021-02-26 18:50:15,2021-02-26 18:55:46,E 4 St & 2 Ave,5593,1 Ave & E 18 St,5854,40.72628,-73.98978,40.73381219196632,-73.98054420948029,member
620041,7F264EA6965C1CA6,docked_bike,2021-02-25 06:21:12,2021-02-25 06:39:03,E 4 St & 2 Ave,5593,W 47 St & 6 Ave,6667,40.72628,-73.98978,40.758397,-73.98255,member
620083,6C713BC627FEE2DE,docked_bike,2021-02-28 22:26:27,2021-02-28 22:32:04,E 4 St & 2 Ave,5593,1 Ave & E 18 St,5854,40.72628,-73.98978,40.73381219196632,-73.98054420948029,member
620088,2D3E78320DB2D254,docked_bike,2021-02-14 12:23:40,2021-02-14 12:50:55,E 4 St & 2 Ave,5593,Grand Army Plaza & Central Park S,6839,40.72628,-73.98978,40.7643971,-73.97371465,casual
620089,EC8E83F41B11A9CD,docked_bike,2021-02-14 12:23:57,2021-02-14 12:51:49,E 4 St & 2 Ave,5593,Grand Army Plaza & Central Park S,6839,40.72628,-73.98978,40.7643971,-73.97371465,casual
620102,4700328F5A7DE96C,docked_bike,2021-02-11 19:56:16,2021-02-11 20:01:56,E 4 St & 2 Ave,5593,MacDougal St & Prince St,5687,40.72628,-73.98978,40.72710258,-74.00297088,member
620104,19015C2DC090F3E5,docked_bike,2021-02-20 15:38:48,2021-02-20 15:45:56,E 4 St & 2 Ave,5593,E 11 St & Avenue B,5659,40.726281,-73.98978,40.727464,-73.979504,member
620107,457B0A7D57EEE599,docked_bike,2021-02-10 12:19:39,2021-02-10 13:01:10,E 4 St & 2 Ave,5593,Grand Army Plaza & Central Park S,6839,40.726281,-73.98978,40.764397,-73.973715,casual
620109,42AE49FEA63D0E89,docked_bike,2021-02-08 11:36:54,2021-02-08 11:43:08,E 4 St & 2 Ave,5593,MacDougal St & Prince St,5687,40.72628,-73.98978,40.72710258,-74.00297088,member
620112,F87B9B12679DAC3B,docked_bike,2021-02-17 17:22:01,2021-02-17 17:29:28,E 4 St & 2 Ave,5593,MacDougal St & Prince St,5687,40.726281,-73.98978,40.727103,-74.002971,member
620113,654DE24582140A0F,docked_bike,2021-02-23 09:35:17,2021-02-23 09:43:52,E 4 St & 2 Ave,5593,MacDougal St & Prince St,5687,40.72628,-73.98978,40.72710258,-74.00297088,member
620118,319E51B115374831,docked_bike,2021-02-22 08:33:35,2021-02-22 08:40:00,E 4 St & 2 Ave,5593,MacDougal St & Prince St,5687,40.72628,-73.98978,40.72710258,-74.00297088,casual
620119,4F51EBFFFAC8F627,docked_bike,2021-02-27 16:04:10,2021-02-27 16:35:52,E 4 St & 2 Ave,5593,Grand Army Plaza & Central Park S,6839,40.72628,-73.98978,40.7643971,-73.97371465,casual
620120,330D1C1D385A127E,docked_bike,2021-02-12 12:17:15,2021-02-12 12:26:13,E 4 St & 2 Ave,5593,MacDougal St & Prince St,5687,40.72628,-73.98978,40.72710258,-74.00297088,member
620121,EA695281A36024A4,docked_bike,2021-02-09 21:34:19,2021-02-09 21:39:38,E 4 St & 2 Ave,5593,E 11 St & Avenue B,5659,40.726281,-73.98978,40.727464,-73.979504,member
620124,5071C6C6E91FB155,docked_bike,2021-02-10 20:01:47,2021-02-10 20:06:26,E 4 St & 2 Ave,5593,E 11 St & Avenue B,5659,40.72628,-73.98978,40.72746420692392,-73.97950418293476,member
620126,00940FFB42DD9030,docked_bike,2021-02-24 06:22:01,2021-02-24 06:39:09,E 4 St & 2 Ave,5593,W 47 St & 6 Ave,6667,40.72628,-73.98978,40.758397,-73.98255,member
620127,8085F238E4B04C03,docked_bike,2021-02-26 06:16:46,2021-02-26 06:33:12,E 4 St & 2 Ave,5593,W 47 St & 6 Ave,6667,40.72628,-73.98978,40.758397,-73.98255,member
620129,E5B6EA63A5A10A09,docked_bike,2021-02-25 11:15:17,2021-02-25 11:21:35,E 4 St & 2 Ave,5593,MacDougal St & Prince St,5687,40.72628,-73.98978,40.72710258,-74.00297088,member
621405,DAC730E7B28541F0,docked_bike,2021-02-28 06:08:50,2021-02-28 06:13:18,E 4 St & 2 Ave,5593,Broadway & E 14 St,5905,40.72628,-73.98978,40.73454567,-73.99074142,casual
621412,438E7F5720BFD80D,docked_bike,2021-02-21 17:05:33,2021-02-21 17:08:46,E 4 St & 2 Ave,5593,Broadway & E 14 St,5905,40.72628,-73.98978,40.73454567,-73.99074142,member
621431,77A54CD017D18520,docked_bike,2021-02-26 14:06:48,2021-02-26 14:11:46,E 4 St & 2 Ave,5593,Suffolk St & Stanton St,5445,40.72628,-73.98978,40.72066442,-73.98517977,member
621437,81AC38F662784BDF,docked_bike,2021-02-10 14:14:50,2021-02-10 14:21:52,E 4 St & 2 Ave,5593,Broadway & E 14 St,5905,40.726281,-73.98978,40.734546,-73.990741,member
621448,13B0223C61DAB02A,docked_bike,2021-02-10 20:54:38,2021-02-10 21:00:32,E 4 St & 2 Ave,5593,Suffolk St & Stanton St,5445,40.72628,-73.98978,40.72066442,-73.98517977,member
621450,508AF6A68119AC3B,docked_bike,2021-02-17 06:55:10,2021-02-17 07:00:12,E 4 St & 2 Ave,5593,Suffolk St & Stanton St,5445,40.72628,-73.98978,40.72066442,-73.98517977,member
621451,D36F4024F862CC5B,docked_bike,2021-02-06 01:34:18,2021-02-06 01:52:23,E 4 St & 2 Ave,5593,Bushwick Ave & Powers St,5250,40.72628,-73.98978,40.71247661,-73.94100005,casual
621452,123080743AF9B951,docked_bike,2021-02-16 12:43:31,2021-02-16 12:56:20,E 4 St & 2 Ave,5593,Broadway & E 14 St,5905,40.726281,-73.98978,40.734546,-73.990741,member
621454,CC4DD714E849F3B0,docked_bike,2021-02-28 13:06:42,2021-02-28 13:13:12,E 4 St & 2 Ave,5593,Broadway & E 14 St,5905,40.726281,-73.98978,40.734546,-73.990741,casual
621457,2F182D8A8B7CE28C,docked_bike,2021-02-10 18:41:39,2021-02-10 18:46:37,E 4 St & 2 Ave,5593,Suffolk St & Stanton St,5445,40.726281,-73.98978,40.720664,-73.98518,member
621458,9D9B22427B76C585,docked_bike,2021-02-17 12:30:00,2021-02-17 12:35:15,E 4 St & 2 Ave,5593,Suffolk St & Stanton St,5445,40.72628,-73.98978,40.72066442,-73.98517977,member
621461,1D9804F31FC8615B,docked_bike,2021-02-24 17:29:37,2021-02-24 17:45:59,E 4 St & 2 Ave,5593,Suffolk St & Stanton St,5445,40.726281,-73.98978,40.720664,-73.98518,member
621465,7A0AFCF86D0E3F2F,docked_bike,2021-02-24 12:53:52,2021-02-24 12:59:54,E 4 St & 2 Ave,5593,Broadway & E 14 St,5905,40.72628,-73.98978,40.73454567,-73.99074142,member
621468,79CE0A578B25DD47,docked_bike,2021-02-12 20:02:42,2021-02-12 20:07:53,E 4 St & 2 Ave,5593,Suffolk St & Stanton St,5445,40.72628,-73.98978,40.72066442,-73.98517977,member
621484,3555812581E49C8E,docked_bike,2021-02-08 21:52:09,2021-02-08 21:57:16,E 4 St & 2 Ave,5593,Suffolk St & Stanton St,5445,40.72628,-73.98978,40.72066442,-73.98517977,member
621490,DFC5289251E70DE4,docked_bike,2021-02-27 16:09:52,2021-02-27 16:16:30,E 4 St & 2 Ave,5593,Broadway & E 14 St,5905,40.72628,-73.98978,40.73454567,-73.99074142,member
621495,A0AC0CFEDB896FE7,docked_bike,2021-02-24 07:05:58,2021-02-24 07:10:21,E 4 St & 2 Ave,5593,Suffolk St & Stanton St,5445,40.72628,-73.98978,40.72066442,-73.98517977,member
621713,CC3A841A3D32DBB0,docked_bike,2021-02-13 13:46:35,2021-02-13 13:51:01,E 4 St & 2 Ave,5593,Suffolk St & Stanton St,5445,40.72628,-73.98978,40.72066442,-73.98517977,member
621715,6DFB5C19A616907E,docked_bike,2021-02-22 20:17:26,2021-02-22 20:22:17,E 4 St & 2 Ave,5593,Broadway & E 14 St,5905,40.72628,-73.98978,40.73454567,-73.99074142,member
621718,2709A0E5513879FA,docked_bike,2021-02-28 13:06:45,2021-02-28 13:13:11,E 4 St & 2 Ave,5593,Broadway & E 14 St,5905,40.726281,-73.98978,40.734546,-73.990741,casual
621822,8A272DBACD4A4A70,docked_bike,2021-02-06 00:13:31,2021-02-06 00:32:49,E 4 St & 2 Ave,5593,1 Ave & E 68 St,6822,40.72628,-73.98978,40.76500525,-73.95818491,member
621823,480103B5E95038D0,docked_bike,2021-02-24 13:11:40,2021-02-24 13:17:03,E 4 St & 2 Ave,5593,Broadway & E 14 St,5905,40.72628,-73.98978,40.73454567,-73.99074142,member
621824,C994F67D7AFBE416,docked_bike,2021-02-13 08:51:54,2021-02-13 08:58:23,E 4 St & 2 Ave,5593,Broadway & E 14 St,5905,40.72628,-73.98978,40.73454567,-73.99074142,member
621827,CE20BB65E3A646E6,docked_bike,2021-02-10 17:46:16,2021-02-10 17:50:51,E 4 St & 2 Ave,5593,Broadway & E 14 St,5905,40.726281,-73.98978,40.734546,-73.990741,member
621850,2BBBDE8F13B3F8D3,docked_bike,2021-02-25 14:18:01,2021-02-25 14:23:16,E 4 St & 2 Ave,5593,Broadway & E 14 St,5905,40.72628,-73.98978,40.73454567,-73.99074142,member
621869,8144161B095B27BE,docked_bike,2021-02-21 17:40:28,2021-02-21 17:55:43,E 4 St & 2 Ave,5593,Broadway & E 14 St,5905,40.72628,-73.98978,40.73454567,-73.99074142,member
621870,2E69474112664FC7,docked_bike,2021-02-10 14:13:07,2021-02-10 14:18:00,E 4 St & 2 Ave,5593,Broadway & E 14 St,5905,40.72628,-73.98978,40.73454567,-73.99074142,member
621911,131F7C9E4DB652F0,docked_bike,2021-02-11 17:05:39,2021-02-11 17:09:39,E 4 St & 2 Ave,5593,Broadway & E 14 St,5905,40.72628,-73.98978,40.73454567,-73.99074142,member
622472,5283533556AF66CE,docked_bike,2021-02-04 18:30:34,2021-02-04 18:44:57,E 4 St & 2 Ave,5593,Lawrence St & Willoughby St,4596,40.726281,-73.98978,40.692362,-73.986317,member
622475,8B23BD54AA72D4F3,docked_bike,2021-02-10 14:08:34,2021-02-10 14:29:18,E 4 St & 2 Ave,5593,Lawrence St & Willoughby St,4596,40.72628,-73.98978,40.69236178,-73.98631746,casual
622536,EE1F195922F249D6,docked_bike,2021-02-06 10:06:37,2021-02-06 10:18:50,E 4 St & 2 Ave,5593,Pershing Square North,6432,40.726281,-73.98978,40.751873,-73.977706,member
623168,4BCFA5D19F2E1B3A,docked_bike,2021-02-27 19:28:12,2021-02-27 19:34:09,E 4 St & 2 Ave,5593,E 11 St & 2 Ave,5746,40.72628,-73.98978,40.73047309,-73.98672378,member
623171,1AF2DA51F15A5896,docked_bike,2021-02-05 22:56:48,2021-02-05 23:01:48,E 4 St & 2 Ave,5593,E 11 St & 2 Ave,5746,40.72628,-73.98978,40.73047309,-73.98672378,member
623173,AD2B6094B6EE98C9,docked_bike,2021-02-16 21:44:44,2021-02-16 21:54:25,E 4 St & 2 Ave,5593,9 Ave & W 22 St,6266,40.72628,-73.98978,40.7454973,-74.00197139,casual
623174,B4D0A25634932D4E,docked_bike,2021-02-23 13:01:35,2021-02-23 13:10:17,E 4 St & 2 Ave,5593,Washington St & Gansevoort St,6039,40.72628,-73.98978,40.739323,-74.008119,member
623176,AD1D7720A32078CC,docked_bike,2021-02-25 20:57:57,2021-02-25 21:11:02,E 4 St & 2 Ave,5593,9 Ave & W 22 St,6266,40.72628,-73.98978,40.7454973,-74.00197139,casual
623177,F882EE04AB17FFEC,docked_bike,2021-02-06 13:41:56,2021-02-06 14:01:26,E 4 St & 2 Ave,5593,Washington St & Gansevoort St,6039,40.72628,-73.98978,40.739323,-74.008119,casual
623185,9DFD13CBEBF0B986,docked_bike,2021-02-05 14:43:08,2021-02-05 14:47:06,E 4 St & 2 Ave,5593,E 11 St & 2 Ave,5746,40.726281,-73.98978,40.730473,-73.986724,member
623187,B0429AE6DA989B6D,docked_bike,2021-02-17 18:40:18,2021-02-17 18:50:44,E 4 St & 2 Ave,5593,9 Ave & W 22 St,6266,40.72628,-73.98978,40.7454973,-74.00197139,member
623189,EBA97ECD113C5EE6,docked_bike,2021-02-26 10:50:22,2021-02-26 10:54:23,E 4 St & 2 Ave,5593,E 11 St & 2 Ave,5746,40.726281,-73.98978,40.730473,-73.986724,member
623191,F067C511847F3A7B,docked_bike,2021-02-28 01:02:29,2021-02-28 01:04:56,E 4 St & 2 Ave,5593,E 11 St & 2 Ave,5746,40.72628,-73.98978,40.73047309,-73.98672378,member
623198,16A6C7414F14B3DA,docked_bike,2021-02-16 14:38:50,2021-02-16 14:54:44,E 4 St & 2 Ave,5593,Washington St & Gansevoort St,6039,40.726281,-73.98978,40.739323,-74.008119,member
623223,48A845EDCAA9F687,docked_bike,2021-02-20 22:19:13,2021-02-20 22:22:11,E 4 St & 2 Ave,5593,E 11 St & 2 Ave,5746,40.72628,-73.98978,40.73047309,-73.98672378,member
623254,B2A18CC7ED4E4792,docked_bike,2021-02-26 10:51:30,2021-02-26 10:57:19,E 4 St & 2 Ave,5593,E 11 St & 2 Ave,5746,40.72628,-73.98978,40.73047309,-73.98672378,member
623279,E78D0D7EA19F76DF,docked_bike,2021-02-21 15:36:01,2021-02-21 15:56:22,E 4 St & 2 Ave,5593,9 Ave & W 22 St,6266,40.72628,-73.98978,40.7454973,-74.00197139,member
623414,1980FB46898DE105,docked_bike,2021-02-19 12:19:36,2021-02-19 12:45:40,E 4 St & 2 Ave,5593,Broadway & W 37 St,6441,40.72628,-73.98978,40.75172632,-73.98753523,member
623420,AE2347164523461F,docked_bike,2021-02-05 13:32:45,2021-02-05 13:41:01,E 4 St & 2 Ave,5593,E 11 St & 2 Ave,5746,40.72628,-73.98978,40.73047309,-73.98672378,member
623807,C8777FF6967553A4,docked_bike,2021-02-25 21:37:45,2021-02-25 21:43:59,E 4 St & 2 Ave,5593,Canal St & Rutgers St,5303,40.726281,-73.98978,40.714275,-73.9899,member
623808,6ACFC032111BB8ED,docked_bike,2021-02-08 21:53:42,2021-02-08 22:01:36,E 4 St & 2 Ave,5593,Canal St & Rutgers St,5303,40.72628,-73.98978,40.71427487,-73.98990025,member
623812,391D21B6E38903FF,docked_bike,2021-02-23 18:08:23,2021-02-23 18:17:36,E 4 St & 2 Ave,5593,Canal St & Rutgers St,5303,40.72628,-73.98978,40.71427487,-73.98990025,member
623818,A848A9E78929F068,docked_bike,2021-02-24 18:00:32,2021-02-24 18:08:22,E 4 St & 2 Ave,5593,Canal St & Rutgers St,5303,40.72628,-73.98978,40.71427487,-73.98990025,member
623896,02F2AD6546ECF30B,docked_bike,2021-02-22 20:59:23,2021-02-22 21:07:34,E 4 St & 2 Ave,5593,Canal St & Rutgers St,5303,40.72628,-73.98978,40.71427487,-73.98990025,member
623899,0E5F6EC3F789C1A5,docked_bike,2021-02-24 11:20:06,2021-02-24 11:28:21,E 4 St & 2 Ave,5593,Canal St & Rutgers St,5303,40.726281,-73.98978,40.714275,-73.9899,member
623900,264501E956F41986,docked_bike,2021-02-25 17:54:32,2021-02-25 18:02:48,E 4 St & 2 Ave,5593,Canal St & Rutgers St,5303,40.72628,-73.98978,40.71427487,-73.98990025,member
623901,E59FBD87036193F0,docked_bike,2021-02-19 19:55:32,2021-02-19 20:07:33,E 4 St & 2 Ave,5593,Canal St & Rutgers St,5303,40.72628,-73.98978,40.71427487,-73.98990025,member
623902,BEA66C6456012641,docked_bike,2021-02-16 18:02:39,2021-02-16 18:12:04,E 4 St & 2 Ave,5593,Canal St & Rutgers St,5303,40.72628,-73.98978,40.71427487,-73.98990025,member
623920,97A87E2BD448F33A,docked_bike,2021-02-28 15:44:09,2021-02-28 15:49:34,E 4 St & 2 Ave,5593,Canal St & Rutgers St,5303,40.72628,-73.98978,40.71427487,-73.98990025,member
623921,2CBF8971565BD290,docked_bike,2021-02-26 16:53:30,2021-02-26 17:01:57,E 4 St & 2 Ave,5593,Canal St & Rutgers St,5303,40.72628,-73.98978,40.71427487,-73.98990025,member
624331,0A6F45B5C55C0306,docked_bike,2021-02-13 15:23:36,2021-02-13 15:34:40,E 4 St & 2 Ave,5593,Fulton St & Broadway,5175,40.72628,-73.98978,40.711066,-74.009447,member
624334,066B12B36A637F5A,docked_bike,2021-02-22 03:19:15,2021-02-22 03:46:15,E 4 St & 2 Ave,5593,Carroll St & Bond St,4184,40.72628,-73.98978,40.6786115,-73.99037292,member
624360,CDA1A17C2F7F2B5F,docked_bike,2021-02-13 23:10:18,2021-02-13 23:23:06,E 4 St & 2 Ave,5593,Fulton St & Broadway,5175,40.72628,-73.98978,40.711066,-74.009447,member
624372,5878946C40058077,docked_bike,2021-02-15 17:09:11,2021-02-15 17:28:04,E 4 St & 2 Ave,5593,William St & Pine St,5065,40.72628,-73.98978,40.70717936,-74.00887308,member
624376,2CF1F501FEB0CDB8,docked_bike,2021-02-13 20:19:50,2021-02-13 20:45:15,E 4 St & 2 Ave,5593,Carroll St & Bond St,4184,40.72628,-73.98978,40.6786115,-73.99037292,member
624379,12E2E42CCEDAA310,docked_bike,2021-02-22 22:05:36,2021-02-22 22:16:40,E 4 St & 2 Ave,5593,Fulton St & Broadway,5175,40.72628,-73.98978,40.711066,-74.009447,member
624394,3D6289F50318ED71,docked_bike,2021-02-15 11:59:01,2021-02-15 12:10:49,E 4 St & 2 Ave,5593,William St & Pine St,5065,40.72628,-73.98978,40.70717936,-74.00887308,member
624395,AEDC70A264BCA88E,docked_bike,2021-02-08 19:18:13,2021-02-08 19:31:14,E 4 St & 2 Ave,5593,Fulton St & Broadway,5175,40.72628,-73.98978,40.711066,-74.009447,member
624400,7031EC85EFF4A779,docked_bike,2021-02-23 15:48:17,2021-02-23 16:12:07,E 4 St & 2 Ave,5593,Fulton St & Broadway,5175,40.72628,-73.98978,40.711066,-74.009447,member
625233,8481C21B5616B4BC,docked_bike,2021-02-23 18:36:14,2021-02-23 18:55:52,E 1 St & 1 Ave,5593,W 36 St & 7 Ave,6483,40.723355,-73.988649,40.752149,-73.989539,member
625243,CF279C33BDA7CF38,docked_bike,2021-02-22 18:01:59,2021-02-22 18:10:59,E 1 St & 1 Ave,5593,Cliff St & Fulton St,5065,40.723355,-73.988649,40.70838,-74.00495,member
625257,89AC3D43AA88D178,docked_bike,2021-02-25 12:02:42,2021-02-25 12:12:20,E 1 St & 1 Ave,5593,E 6 St & Avenue D,5506,40.723355,-73.988649,40.72228087,-73.97668709,member
625925,B2DDA1B3633C679E,docked_bike,2021-02-26 16:56:57,2021-02-26 17:02:07,E 2 St & 2 Ave,5593,E 6 St & Avenue D,5506,40.725028,-73.990696,40.72228087,-73.97668709,member
625926,C2520BDD4B069DD0,docked_bike,2021-02-07 09:22:47,2021-02-07 09:28:40,E 2 St & 2 Ave,5593,E 6 St & Avenue D,5506,40.725029,-73.990697,40.722281,-73.976687,member
625930,2A36D1030C8FD9F3,docked_bike,2021-02-23 07:10:43,2021-02-23 07:15:28,E 2 St & 2 Ave,5593,E 6 St & Avenue D,5506,40.725028,-73.990696,40.72228087,-73.97668709,member
625931,D69E52D44458AD83,docked_bike,2021-02-08 07:10:48,2021-02-08 07:17:12,E 2 St & 2 Ave,5593,E 6 St & Avenue D,5506,40.725029,-73.990697,40.722281,-73.976687,member
625932,F394A819294B037A,docked_bike,2021-02-17 07:23:44,2021-02-17 07:29:26,E 2 St & 2 Ave,5593,E 6 St & Avenue D,5506,40.725029,-73.990697,40.722281,-73.976687,member
625933,0C60B445ED83E327,docked_bike,2021-02-21 08:24:24,2021-02-21 08:29:39,E 2 St & 2 Ave,5593,E 6 St & Avenue D,5506,40.725029,-73.990697,40.722281,-73.976687,member
625934,686F3BDA082C943C,docked_bike,2021-02-13 07:07:50,2021-02-13 07:13:40,E 2 St & 2 Ave,5593,E 6 St & Avenue D,5506,40.725029,-73.990697,40.722281,-73.976687,member
625936,44D7C7E98A4F88FA,docked_bike,2021-02-06 23:28:14,2021-02-06 23:37:31,E 2 St & 2 Ave,5593,Cliff St & Fulton St,5065,40.725028,-73.990696,40.70838,-74.00495,member
625937,D2A1FF52325EB174,docked_bike,2021-02-28 21:13:31,2021-02-28 21:22:15,E 2 St & 2 Ave,5593,Cliff St & Fulton St,5065,40.725028,-73.990696,40.70838,-74.00495,member
625938,A66AEDE9862F92AF,docked_bike,2021-02-23 22:02:34,2021-02-23 22:11:09,E 2 St & 2 Ave,5593,Cliff St & Fulton St,5065,40.725028,-73.990696,40.70838,-74.00495,member
625940,C3CC7CB667A3FF01,docked_bike,2021-02-12 23:20:40,2021-02-12 23:26:10,E 2 St & 2 Ave,5593,E 6 St & Avenue D,5506,40.725028,-73.990696,40.72228087,-73.97668709,member
625945,BEF32C6A70CA87C4,docked_bike,2021-02-17 11:50:58,2021-02-17 11:58:52,E 2 St & 2 Ave,5593,E 6 St & Avenue D,5506,40.725028,-73.990696,40.72228087,-73.97668709,member
625946,A11D7677D3C7FC0C,docked_bike,2021-02-17 18:40:02,2021-02-17 18:46:15,E 2 St & 2 Ave,5593,E 6 St & Avenue D,5506,40.725028,-73.990696,40.72228087,-73.97668709,member
625947,FE9B25A6DB223077,docked_bike,2021-02-26 18:07:06,2021-02-26 18:12:33,E 2 St & 2 Ave,5593,E 6 St & Avenue D,5506,40.725028,-73.990696,40.72228087,-73.97668709,member
625948,7D71288D0F50CB3B,docked_bike,2021-02-25 13:11:34,2021-02-25 13:18:26,E 2 St & 2 Ave,5593,E 6 St & Avenue D,5506,40.725028,-73.990696,40.72228087,-73.97668709,member
625959,6B825A0AFDEA515C,docked_bike,2021-02-09 20:58:38,2021-02-09 21:08:38,E 2 St & 2 Ave,5593,Cliff St & Fulton St,5065,40.725028,-73.990696,40.70838,-74.00495,member
625970,26F696F6E5B3DD10,docked_bike,2021-02-08 19:53:36,2021-02-08 20:01:22,E 2 St & 2 Ave,5593,Cliff St & Fulton St,5065,40.725028,-73.990696,40.70838,-74.00495,member
625971,9FE7EC1A152AD438,docked_bike,2021-02-14 01:18:39,2021-02-14 01:26:42,E 2 St & 2 Ave,5593,Cliff St & Fulton St,5065,40.725028,-73.990696,40.70838,-74.00495,member
625972,A0FFDE84A6295A31,docked_bike,2021-02-11 16:43:53,2021-02-11 16:50:24,E 2 St & 2 Ave,5593,E 6 St & Avenue D,5506,40.725028,-73.990696,40.72228087,-73.97668709,member
625974,7AB028AD3E4ADAF7,docked_bike,2021-02-13 16:35:34,2021-02-13 16:43:18,E 2 St & 2 Ave,5593,E 6 St & Avenue D,5506,40.725028,-73.990696,40.72228087,-73.97668709,member
625975,4015BA16A5C5F807,docked_bike,2021-02-20 11:32:05,2021-02-20 11:42:57,E 2 St & 2 Ave,5593,Cliff St & Fulton St,5065,40.725028,-73.990696,40.70838,-74.00495,member
625978,D17697CDF6F8E35B,docked_bike,2021-02-16 18:11:25,2021-02-16 18:29:42,E 2 St & 2 Ave,5593,W 36 St & 7 Ave,6483,40.725028,-73.990696,40.752149,-73.989539,member
628049,F3BE8C2EE06498CF,docked_bike,2021-02-14 10:30:23,2021-02-14 10:37:03,E 2 St & 2 Ave,5593,E 6 St & Avenue D,5506,40.725029,-73.990697,40.722281,-73.976687,member
628054,458F2812330461EF,docked_bike,2021-02-21 13:17:47,2021-02-21 13:23:34,E 2 St & 2 Ave,5593,E 6 St & Avenue D,5506,40.725028,-73.990696,40.72228087,-73.97668709,member
628057,9A7299606719F7C2,docked_bike,2021-02-27 16:26:43,2021-02-27 16:41:45,E 2 St & 2 Ave,5593,Cliff St & Fulton St,5065,40.725028,-73.990696,40.70838,-74.00495,member
628058,F3510B29F555EF40,docked_bike,2021-02-27 16:26:45,2021-02-27 16:41:28,E 2 St & 2 Ave,5593,Cliff St & Fulton St,5065,40.725028,-73.990696,40.70838,-74.00495,casual
628071,DE04D7B3AC391DCB,docked_bike,2021-02-23 18:27:23,2021-02-23 18:34:53,E 2 St & 2 Ave,5593,E 6 St & Avenue D,5506,40.725028,-73.990696,40.72228087,-73.97668709,member
628086,39DC393C56551667,docked_bike,2021-02-15 09:10:33,2021-02-15 09:20:31,E 2 St & 2 Ave,5593,E 6 St & Avenue D,5506,40.725029,-73.990697,40.722281,-73.976687,member
628091,1631FE72DEE6B230,docked_bike,2021-02-06 10:46:44,2021-02-06 10:55:09,E 4 St & 2 Ave,5593,E 6 St & Avenue D,5506,40.72628,-73.98978,40.72228087,-73.97668709,member
628094,5E831F7C5C4E7EFC,docked_bike,2021-02-24 17:47:31,2021-02-24 18:02:46,E 4 St & 2 Ave,5593,2 Ave & E 29 St,6122,40.72628,-73.98978,40.74172351097472,-73.97809267044067,member
628099,7E8D6B16DECABE36,docked_bike,2021-02-27 12:31:54,2021-02-27 12:37:19,E 4 St & 2 Ave,5593,E 6 St & Avenue D,5506,40.72628,-73.98978,40.72228087,-73.97668709,member
628102,8E8E8945154D4097,docked_bike,2021-02-27 18:04:48,2021-02-27 19:43:37,E 4 St & 2 Ave,5593,E 6 St & Avenue D,5506,40.72628,-73.98978,40.72228087,-73.97668709,casual
628104,B367BE299BD9BA60,docked_bike,2021-02-17 19:05:15,2021-02-17 19:20:19,E 4 St & 2 Ave,5593,Cliff St & Fulton St,5065,40.72628,-73.98978,40.70838,-74.00495,member
628106,D42266CE3410F5E3,docked_bike,2021-02-20 13:55:04,2021-02-20 14:27:41,E 4 St & 2 Ave,5593,W 64 St & Thelonious Monk Circle,7123,40.72628,-73.98978,40.77515953434235,-73.98918695747852,member
628107,A4380DD665138503,docked_bike,2021-02-19 16:23:45,2021-02-19 16:29:57,E 2 St & 2 Ave,5593,E 6 St & Avenue D,5506,40.725029,-73.990697,40.722281,-73.976687,member
628108,2DD96EF069DFBAFB,docked_bike,2021-02-10 07:07:53,2021-02-10 07:14:06,E 2 St & 2 Ave,5593,E 6 St & Avenue D,5506,40.725029,-73.990697,40.722281,-73.976687,member
628119,B582E4B31F529071,docked_bike,2021-02-16 15:40:42,2021-02-16 15:55:39,E 4 St & 2 Ave,5593,2 Ave & 29 St,6122,40.72628,-73.98978,40.74147,-73.978221,casual
628138,0F3F3BF408E468DB,docked_bike,2021-02-04 12:22:48,2021-02-04 12:27:50,E 4 St & 2 Ave,5593,E 6 St & Avenue D,5506,40.726281,-73.98978,40.722281,-73.976687,member
628155,542AEF7A5003C608,docked_bike,2021-02-09 19:39:25,2021-02-09 19:44:38,E 4 St & 2 Ave,5593,E 6 St & Avenue D,5506,40.72628,-73.98978,40.72228087,-73.97668709,member
628156,D5D86517F8DC9B64,docked_bike,2021-02-23 19:28:01,2021-02-23 19:34:19,E 4 St & 2 Ave,5593,E 6 St & Avenue D,5506,40.72628,-73.98978,40.72228087,-73.97668709,member
628157,0681C6158ABAD213,docked_bike,2021-02-12 19:41:44,2021-02-12 19:47:39,E 4 St & 2 Ave,5593,E 6 St & Avenue D,5506,40.72628,-73.98978,40.72228087,-73.97668709,member
628187,3574A07B56AEBED2,docked_bike,2021-02-24 17:58:29,2021-02-24 18:04:08,E 4 St & 2 Ave,5593,E 6 St & Avenue D,5506,40.72628,-73.98978,40.72228087,-73.97668709,member
628511,67C6BD66402326F0,docked_bike,2021-02-16 19:47:59,2021-02-16 19:54:03,E 4 St & 2 Ave,5593,E 6 St & Avenue D,5506,40.72628,-73.98978,40.72228087,-73.97668709,member
628512,785DA66D40525F3D,docked_bike,2021-02-19 19:52:39,2021-02-19 19:58:38,E 4 St & 2 Ave,5593,E 6 St & Avenue D,5506,40.72628,-73.98978,40.72228087,-73.97668709,member
628513,4D41939B8E2BD296,docked_bike,2021-02-22 19:29:25,2021-02-22 19:34:58,E 4 St & 2 Ave,5593,E 6 St & Avenue D,5506,40.72628,-73.98978,40.72228087,-73.97668709,member
628514,C2BB30C5862177D1,docked_bike,2021-02-03 19:28:43,2021-02-03 19:34:12,E 4 St & 2 Ave,5593,E 6 St & Avenue D,5506,40.72628,-73.98978,40.72228087,-73.97668709,member
628515,FC44C9C16382CEB7,docked_bike,2021-02-15 14:04:06,2021-02-15 14:08:57,E 4 St & 2 Ave,5593,E 6 St & Avenue D,5506,40.72628,-73.98978,40.72228087,-73.97668709,member
628516,FD7EDA6433164C3D,docked_bike,2021-02-11 19:44:06,2021-02-11 19:50:00,E 4 St & 2 Ave,5593,E 6 St & Avenue D,5506,40.72628,-73.98978,40.72228087,-73.97668709,member
628517,89461D11650A3634,docked_bike,2021-02-05 19:42:40,2021-02-05 19:48:31,E 4 St & 2 Ave,5593,E 6 St & Avenue D,5506,40.72628,-73.98978,40.72228087,-73.97668709,member
628518,B86568DA2591377E,docked_bike,2021-02-25 20:13:29,2021-02-25 20:17:58,E 4 St & 2 Ave,5593,E 6 St & Avenue D,5506,40.72628,-73.98978,40.72228087,-73.97668709,member
628519,7EBFE4B72E11A361,docked_bike,2021-02-18 20:08:37,2021-02-18 20:14:24,E 4 St & 2 Ave,5593,E 6 St & Avenue D,5506,40.72628,-73.98978,40.72228087,-73.97668709,member
628520,EAF162F675EF5836,docked_bike,2021-02-08 19:56:14,2021-02-08 20:02:42,E 4 St & 2 Ave,5593,E 6 St & Avenue D,5506,40.72628,-73.98978,40.72228087,-73.97668709,member
628801,A63DEDB6FA81EE63,docked_bike,2021-02-08 18:29:08,2021-02-08 18:34:31,E 4 St & 2 Ave,5593,St James Pl & Oliver St,5238,40.72628,-73.98978,40.71307916,-73.99851193,member
628807,6BEEAA17694DF8BE,docked_bike,2021-02-14 14:07:01,2021-02-14 14:21:14,E 4 St & 2 Ave,5593,W 27 St & 7 Ave,6247,40.72628,-73.98978,40.746647,-73.993915,casual
628809,6B4BBD1989D9EC47,docked_bike,2021-02-09 15:39:39,2021-02-09 15:53:58,E 4 St & 2 Ave,5593,W 27 St & 7 Ave,6247,40.72628,-73.98978,40.746647,-73.993915,member
629394,9E935302016EF32D,docked_bike,2021-02-14 08:57:31,2021-02-14 09:16:55,E 4 St & 2 Ave,5593,Myrtle Ave & Marcy Ave,4707,40.72628,-73.98978,40.69539817,-73.94954908,member
629396,21EBF2627BC32B21,docked_bike,2021-02-05 00:37:32,2021-02-05 01:01:25,E 4 St & 2 Ave,5593,31 St & Northern Blvd,6495,40.72628,-73.98978,40.75186951421875,-73.93349289894103,casual
629757,7140AAB39EB7864C,docked_bike,2021-02-26 20:50:52,2021-02-26 20:55:14,E 2 St & 2 Ave,5593,W Broadway & Spring St,5569,40.725028,-73.990696,40.72494672359416,-74.00165855884552,casual
630367,15DCB8471C8FE9B7,docked_bike,2021-02-16 19:32:36,2021-02-16 19:57:19,E 4 St & 2 Ave,5593,9 Ave & W 18 St,6190,40.726281,-73.98978,40.743174,-74.003664,member
634648,573CC34371254B54,docked_bike,2021-02-18 08:20:26,2021-02-18 08:30:28,E 1 St & 1 Ave,5593,E 23 St & 1 Ave,5929,40.723355,-73.988649,40.736502,-73.97809472,member
634652,85A949BBA49BB3B9,docked_bike,2021-02-23 15:15:45,2021-02-23 15:35:05,E 1 St & 1 Ave,5593,W Broadway & Spring St,5569,40.723355,-73.988649,40.72494672359416,-74.00165855884552,member
634687,5F1D128EA0B29CC2,docked_bike,2021-02-27 18:10:00,2021-02-27 18:26:54,E 1 St & 1 Ave,5593,W Broadway & Spring St,5569,40.723355,-73.988649,40.72494672359416,-74.00165855884552,member
634722,B4AD71C06DA9A7EB,docked_bike,2021-02-27 18:12:03,2021-02-27 18:26:55,E 1 St & 1 Ave,5593,W Broadway & Spring St,5569,40.723355,-73.988649,40.72494672359416,-74.00165855884552,member
634763,7F17D58B9282625B,docked_bike,2021-02-21 12:04:47,2021-02-21 12:22:50,E 1 St & 1 Ave,5593,E 23 St & 1 Ave,5929,40.723355,-73.988649,40.736502,-73.97809472,member
636489,3745CAE6136C80E4,docked_bike,2021-02-19 09:48:55,2021-02-19 10:00:37,E 2 St & 2 Ave,5593,E 23 St & 1 Ave,5929,40.725028,-73.990696,40.736502,-73.97809472,member
636502,60B1B30CAC8C5A39,docked_bike,2021-02-27 18:14:44,2021-02-27 18:24:28,E 2 St & 2 Ave,5593,E 23 St & 1 Ave,5929,40.725028,-73.990696,40.736502,-73.97809472,casual
636510,B1A19E8B3E8D0BA7,docked_bike,2021-02-05 16:53:11,2021-02-05 17:11:27,E 2 St & 2 Ave,5593,E 23 St & 1 Ave,5929,40.725029,-73.990697,40.736502,-73.978095,casual
636511,A45EF33117358A58,docked_bike,2021-02-16 17:07:34,2021-02-16 17:14:27,E 2 St & 2 Ave,5593,W Broadway & Spring St,5569,40.725028,-73.990696,40.72494672359416,-74.00165855884552,member
636516,65D0C057CC393A74,docked_bike,2021-02-06 15:48:22,2021-02-06 16:11:57,E 2 St & 2 Ave,5593,W Broadway & Spring St,5569,40.725029,-73.990697,40.724947,-74.001659,member
636519,1B26B92E1BD724C8,docked_bike,2021-02-24 17:06:48,2021-02-24 17:14:32,E 2 St & 2 Ave,5593,E 23 St & 1 Ave,5929,40.725028,-73.990696,40.736502,-73.97809472,casual
636530,B05BDEFAACF46234,docked_bike,2021-02-21 12:27:39,2021-02-21 12:43:23,E 2 St & 2 Ave,5593,E 58 St &  1 Ave (NW Corner),6723,40.725028,-73.990696,40.759125,-73.962658,member
636540,934BEB99E5E2F484,docked_bike,2021-02-25 19:09:04,2021-02-25 19:44:36,E 2 St & 2 Ave,5593,Columbus Ave & W 72 St,7175,40.725028,-73.990696,40.7770575,-73.97898475,member
636542,DE23364F269E5BC3,docked_bike,2021-02-12 16:06:40,2021-02-12 16:16:44,E 2 St & 2 Ave,5593,E 23 St & 1 Ave,5929,40.725029,-73.990697,40.736502,-73.978095,member
636938,B1869D74866AED99,docked_bike,2021-02-17 17:26:38,2021-02-17 17:31:49,E 2 St & 2 Ave,5593,W Broadway & Spring St,5569,40.725028,-73.990696,40.72494672359416,-74.00165855884552,member
636943,BFADB1F6E4539565,docked_bike,2021-02-27 18:12:51,2021-02-27 18:24:22,E 2 St & 2 Ave,5593,E 23 St & 1 Ave,5929,40.725028,-73.990696,40.736502,-73.97809472,member
637446,0279DEA10149F74D,docked_bike,2021-02-16 20:22:47,2021-02-16 20:48:45,E 4 St & 2 Ave,5593,3 Ave & E 71 St,6960,40.72628,-73.98978,40.76873687,-73.96119945,member
637447,26F1522AB6A7216F,docked_bike,2021-02-05 18:38:31,2021-02-05 18:44:55,E 4 St & 2 Ave,5593,W Broadway & Spring St,5569,40.726281,-73.98978,40.724947,-74.001659,member
637456,01FC79B824FFC9ED,docked_bike,2021-02-10 19:22:46,2021-02-10 19:30:22,E 4 St & 2 Ave,5593,W Broadway & Spring St,5569,40.72628,-73.98978,40.72494672359416,-74.00165855884552,member
637470,300BDFA37D52829C,docked_bike,2021-02-11 17:06:04,2021-02-11 17:40:11,E 4 St & 2 Ave,5593,W Broadway & Spring St,5569,40.72628,-73.98978,40.72494672359416,-74.00165855884552,member
637472,3BCA4A36A3CEC9CE,docked_bike,2021-02-06 16:17:52,2021-02-06 16:25:29,E 4 St & 2 Ave,5593,E 23 St & 1 Ave,5929,40.72628,-73.98978,40.736502,-73.97809472,member
637476,A819B7136CEC7C98,docked_bike,2021-02-12 15:37:57,2021-02-12 15:52:07,E 4 St & 2 Ave,5593,W Broadway & Spring St,5569,40.72628,-73.98978,40.72494672359416,-74.00165855884552,member
637479,052F1180438E2F9D,docked_bike,2021-02-06 18:19:37,2021-02-06 18:43:13,E 4 St & 2 Ave,5593,3 Ave & E 71 St,6960,40.726281,-73.98978,40.768737,-73.961199,casual
637484,63653DBBE5DB3C07,docked_bike,2021-02-26 01:57:17,2021-02-26 02:01:50,E 4 St & 2 Ave,5593,W Broadway & Spring St,5569,40.72628,-73.98978,40.72494672359416,-74.00165855884552,member
637491,796B860B845A9BDC,docked_bike,2021-02-10 15:02:09,2021-02-10 15:10:09,E 4 St & 2 Ave,5593,E 23 St & 1 Ave,5929,40.72628,-73.98978,40.736502,-73.97809472,member
637495,AE50A351A1CEC779,docked_bike,2021-02-28 09:15:08,2021-02-28 09:23:30,E 4 St & 2 Ave,5593,W Broadway & Spring St,5569,40.726281,-73.98978,40.724947,-74.001659,member
637512,C3C5057C095B3D2C,docked_bike,2021-02-15 11:10:29,2021-02-15 11:26:39,E 4 St & 2 Ave,5593,E 58 St &  1 Ave (NW Corner),6723,40.72628,-73.98978,40.759125,-73.962658,member
637520,DBE4D49D7D2CB063,docked_bike,2021-02-06 13:49:58,2021-02-06 13:59:16,E 4 St & 2 Ave,5593,E 23 St & 1 Ave,5929,40.72628,-73.98978,40.736502,-73.97809472,member
637521,2E043A831DC1A63F,docked_bike,2021-02-08 16:02:33,2021-02-08 16:37:29,E 4 St & 2 Ave,5593,9 Ave & W 18 St,6190,40.72628,-73.98978,40.74317449,-74.00366443,member
637523,AEC14643DBD9BC6E,docked_bike,2021-02-23 17:48:31,2021-02-23 17:54:30,E 4 St & 2 Ave,5593,W Broadway & Spring St,5569,40.72628,-73.98978,40.72494672359416,-74.00165855884552,member
639798,C8902CA3DC05AB02,docked_bike,2021-02-17 12:16:30,2021-02-17 12:22:14,E 4 St & 2 Ave,5593,E 17 St & Broadway,5980,40.726281,-73.98978,40.73705,-73.990093,member
639801,E9F868DDD56D05E0,docked_bike,2021-02-15 11:07:23,2021-02-15 11:15:23,E 4 St & 2 Ave,5593,E 17 St & Broadway,5980,40.726281,-73.98978,40.73705,-73.990093,member
643493,0C9A5F7DC3C37B14,docked_bike,2021-02-26 17:26:24,2021-02-26 18:04:40,E 1 St & 1 Ave,5593,E 17 St & Broadway,5980,40.723355,-73.988649,40.73704984,-73.99009296,member
643528,59F85746B4B69E8B,docked_bike,2021-02-23 09:16:38,2021-02-23 09:25:31,E 1 St & 1 Ave,5593,E 17 St & Broadway,5980,40.723355,-73.988649,40.73704984,-73.99009296,member
645578,6C3ABD31F496E878,docked_bike,2021-02-23 13:18:41,2021-02-23 13:26:00,E 4 St & 2 Ave,5593,E 17 St & Broadway,5980,40.726281,-73.98978,40.73705,-73.990093,member
645580,48D880241CF63467,docked_bike,2021-02-23 22:34:17,2021-02-23 22:46:58,E 4 St & 2 Ave,5593,Thompson St & Bleecker St,5721,40.72628,-73.98978,40.72840059450829,-73.99968780577183,member
645583,51F25BF74128DBEC,docked_bike,2021-02-10 15:45:34,2021-02-10 15:56:21,E 4 St & 2 Ave,5593,E 15 St & 3 Ave,5863,40.72628,-73.98978,40.734232,-73.986923,member
645587,FF17EA21574D4631,docked_bike,2021-02-28 10:48:00,2021-02-28 10:53:27,E 4 St & 2 Ave,5593,E 15 St & 3 Ave,5863,40.72628,-73.98978,40.734232,-73.986923,member
645588,5EDEB786C4D2D770,docked_bike,2021-02-25 17:10:06,2021-02-25 17:15:26,E 4 St & 2 Ave,5593,E 17 St & Broadway,5980,40.72628,-73.98978,40.73704984,-73.99009296,member
645590,D32CF14EFD20FF40,docked_bike,2021-02-16 15:17:45,2021-02-16 15:24:24,E 4 St & 2 Ave,5593,E 17 St & Broadway,5980,40.726281,-73.98978,40.73705,-73.990093,member
645591,FBB31E53EAE33FE2,docked_bike,2021-02-17 15:32:53,2021-02-17 15:52:20,E 4 St & 2 Ave,5593,E 17 St & Broadway,5980,40.726281,-73.98978,40.73705,-73.990093,member
645592,F1E5092EA0F37E91,docked_bike,2021-02-26 19:32:07,2021-02-26 19:38:47,E 4 St & 2 Ave,5593,E 17 St & Broadway,5980,40.72628,-73.98978,40.73704984,-73.99009296,member
645593,513D620BEAA5E14F,docked_bike,2021-02-23 15:49:03,2021-02-23 15:57:38,E 4 St & 2 Ave,5593,E 17 St & Broadway,5980,40.726281,-73.98978,40.73705,-73.990093,member
645594,BF1294C26991160C,docked_bike,2021-02-26 07:50:43,2021-02-26 07:57:57,E 4 St & 2 Ave,5593,E 17 St & Broadway,5980,40.72628,-73.98978,40.73704984,-73.99009296,member
645595,7DDB663E77D3CC99,docked_bike,2021-02-25 20:58:48,2021-02-25 21:06:12,E 4 St & 2 Ave,5593,E 17 St & Broadway,5980,40.72628,-73.98978,40.73704984,-73.99009296,member
645596,9FB08D56E1A69F14,docked_bike,2021-02-06 12:37:10,2021-02-06 13:27:40,E 4 St & 2 Ave,5593,E 17 St & Broadway,5980,40.72628,-73.98978,40.73704984,-73.99009296,member
645602,32A8F33B7CFD430D,docked_bike,2021-02-20 11:14:23,2021-02-20 11:26:13,E 4 St & 2 Ave,5593,Thompson St & Bleecker St,5721,40.72628,-73.98978,40.72840059450829,-73.99968780577183,casual
645603,7ACB3C9215FB3982,docked_bike,2021-02-04 10:18:03,2021-02-04 12:45:02,E 4 St & 2 Ave,5593,E 17 St & Broadway,5980,40.726281,-73.98978,40.73705,-73.990093,member
645605,19B5CC047109AB76,docked_bike,2021-02-13 16:41:19,2021-02-13 16:48:49,E 4 St & 2 Ave,5593,E 15 St & 3 Ave,5863,40.72628,-73.98978,40.734232,-73.986923,member
645620,826817DF67A3BF30,docked_bike,2021-02-22 22:05:39,2021-02-22 22:24:57,E 4 St & 2 Ave,5593,E 15 St & 3 Ave,5863,40.72628,-73.98978,40.734232,-73.986923,casual
645624,778D7788096A668B,docked_bike,2021-02-28 10:47:37,2021-02-28 10:53:27,E 4 St & 2 Ave,5593,E 15 St & 3 Ave,5863,40.72628,-73.98978,40.734232,-73.986923,member
645627,C1CD705A6E92CE81,docked_bike,2021-02-23 16:54:11,2021-02-23 16:58:12,E 4 St & 2 Ave,5593,E 15 St & 3 Ave,5863,40.72628,-73.98978,40.734232,-73.986923,member
645628,5771AA74600ECB12,docked_bike,2021-02-24 11:07:30,2021-02-24 11:14:10,E 4 St & 2 Ave,5593,E 17 St & Broadway,5980,40.726281,-73.98978,40.73705,-73.990093,member
645630,60EF6C10563DE830,docked_bike,2021-02-07 11:06:25,2021-02-07 11:11:25,E 4 St & 2 Ave,5593,E 17 St & Broadway,5980,40.726281,-73.98978,40.73705,-73.990093,member
645636,44219187090210AE,docked_bike,2021-02-05 17:29:23,2021-02-05 17:35:33,E 4 St & 2 Ave,5593,E 17 St & Broadway,5980,40.72628,-73.98978,40.73704984,-73.99009296,member
645641,838768EAFB8A4F86,docked_bike,2021-02-25 14:26:47,2021-02-25 14:33:47,E 4 St & 2 Ave,5593,E 17 St & Broadway,5980,40.726281,-73.98978,40.73705,-73.990093,member
645648,5A8603DE7BC97BB9,docked_bike,2021-02-13 15:01:10,2021-02-13 15:09:31,E 4 St & 2 Ave,5593,Greenwich St & W Houston St,5730,40.726281,-73.98978,40.728846,-74.008591,member
645657,6269F5BF33669915,docked_bike,2021-02-26 19:52:19,2021-02-26 19:59:50,E 4 St & 2 Ave,5593,E 17 St & Broadway,5980,40.72628,-73.98978,40.73704984,-73.99009296,casual
645663,06C054E4B95D7DCC,docked_bike,2021-02-05 08:55:36,2021-02-05 09:00:51,E 4 St & 2 Ave,5593,E 15 St & 3 Ave,5863,40.72628,-73.98978,40.734232,-73.986923,member
645664,9DD3C325EC9FACD5,docked_bike,2021-02-27 02:34:36,2021-02-27 02:38:12,E 4 St & 2 Ave,5593,Thompson St & Bleecker St,5721,40.72628,-73.98978,40.72840059450829,-73.99968780577183,member
645666,488AA2E86D66B09F,docked_bike,2021-02-26 19:52:17,2021-02-26 19:59:54,E 4 St & 2 Ave,5593,E 17 St & Broadway,5980,40.72628,-73.98978,40.73704984,-73.99009296,member
645667,08F580C3153712DA,docked_bike,2021-02-13 10:21:22,2021-02-13 10:25:54,E 4 St & 2 Ave,5593,E 17 St & Broadway,5980,40.72628,-73.98978,40.73704984,-73.99009296,member
645668,B340025BBCD12001,docked_bike,2021-02-24 21:16:16,2021-02-24 21:21:40,E 4 St & 2 Ave,5593,E 17 St & Broadway,5980,40.72628,-73.98978,40.73704984,-73.99009296,member
645671,579BB18095BF8363,docked_bike,2021-02-09 14:30:22,2021-02-09 14:39:36,E 4 St & 2 Ave,5593,E 17 St & Broadway,5980,40.726281,-73.98978,40.73705,-73.990093,member
645675,273AEDC51CC82E7D,docked_bike,2021-02-19 17:37:08,2021-02-19 17:42:11,E 4 St & 2 Ave,5593,E 15 St & 3 Ave,5863,40.726281,-73.98978,40.734232,-73.986923,member
645679,F27913165AE14404,docked_bike,2021-02-08 14:31:37,2021-02-08 14:52:06,E 4 St & 2 Ave,5593,E 17 St & Broadway,5980,40.726281,-73.98978,40.73705,-73.990093,member
645682,A1DFA214B8969047,docked_bike,2021-02-23 15:10:26,2021-02-23 15:23:43,E 4 St & 2 Ave,5593,E 17 St & Broadway,5980,40.72628,-73.98978,40.73704984,-73.99009296,member
645684,60947955BB49089C,docked_bike,2021-02-26 19:02:09,2021-02-26 19:06:56,E 4 St & 2 Ave,5593,E 15 St & 3 Ave,5863,40.726281,-73.98978,40.734232,-73.986923,member
645687,70CE3CEB34A38C7C,docked_bike,2021-02-05 19:16:02,2021-02-05 19:23:06,E 4 St & 2 Ave,5593,Thompson St & Bleecker St,5721,40.726281,-73.98978,40.728401,-73.999688,member
645689,EC9FBACB6164D696,docked_bike,2021-02-20 09:33:14,2021-02-20 09:38:38,E 4 St & 2 Ave,5593,E 15 St & 3 Ave,5863,40.72628,-73.98978,40.734232,-73.986923,casual
645806,557591B520D37268,docked_bike,2021-02-17 10:36:51,2021-02-17 10:43:53,E 4 St & 2 Ave,5593,E 17 St & Broadway,5980,40.726281,-73.98978,40.73705,-73.990093,member
645818,5F05FCD4AA9E9DE9,docked_bike,2021-02-12 16:45:51,2021-02-12 16:50:23,E 4 St & 2 Ave,5593,Thompson St & Bleecker St,5721,40.72628,-73.98978,40.72840059450829,-73.99968780577183,member
645821,22079DD93B6DD865,docked_bike,2021-02-04 08:42:38,2021-02-04 08:53:50,E 4 St & 2 Ave,5593,Greenwich St & W Houston St,5730,40.72628,-73.98978,40.728846,-74.008591,casual
645826,97EBC4B4F1BCAD8E,docked_bike,2021-02-15 14:26:57,2021-02-15 14:33:24,E 4 St & 2 Ave,5593,E 15 St & 3 Ave,5863,40.726281,-73.98978,40.734232,-73.986923,member
645827,18713BD48C8C32C8,docked_bike,2021-02-06 10:02:11,2021-02-06 10:07:24,E 4 St & 2 Ave,5593,E 17 St & Broadway,5980,40.726281,-73.98978,40.73705,-73.990093,member
646217,DEF62D3236D95F69,docked_bike,2021-02-08 12:53:00,2021-02-08 13:00:13,E 2 St & 2 Ave,5593,E 15 St & 3 Ave,5863,40.725028,-73.990696,40.734232,-73.986923,member
646224,3236C75BC34BB5D8,docked_bike,2021-02-19 17:45:15,2021-02-19 17:52:35,E 2 St & 2 Ave,5593,E 15 St & 3 Ave,5863,40.725028,-73.990696,40.734232,-73.986923,member
646229,7E8818E3A218C493,docked_bike,2021-02-19 09:40:34,2021-02-19 09:48:40,E 2 St & 2 Ave,5593,E 17 St & Broadway,5980,40.725029,-73.990697,40.73705,-73.990093,member
646232,E8ED8DFAFE288C50,docked_bike,2021-02-11 12:40:23,2021-02-11 12:46:14,E 2 St & 2 Ave,5593,E 15 St & 3 Ave,5863,40.725028,-73.990696,40.734232,-73.986923,member
646234,A0E7F2AA5AF8D24F,docked_bike,2021-02-08 12:40:28,2021-02-08 12:48:44,E 2 St & 2 Ave,5593,E 17 St & Broadway,5980,40.725028,-73.990696,40.73704984,-73.99009296,member
646256,573A8ABC39C93882,docked_bike,2021-02-24 18:19:28,2021-02-24 18:45:28,E 2 St & 2 Ave,5593,Greenwich St & W Houston St,5730,40.725028,-73.990696,40.728846,-74.008591,member
646261,25385122FD7923F2,docked_bike,2021-02-20 10:00:50,2021-02-20 10:08:15,E 2 St & 2 Ave,5593,E 17 St & Broadway,5980,40.725028,-73.990696,40.73704984,-73.99009296,member
646343,FE8BAE81D7C50793,docked_bike,2021-02-26 16:15:33,2021-02-26 16:27:12,E 2 St & 2 Ave,5593,E 17 St & Broadway,5980,40.725029,-73.990697,40.73705,-73.990093,member
646361,FA0DDF5595B69E2B,docked_bike,2021-02-08 18:52:27,2021-02-08 19:27:51,E 2 St & 2 Ave,5593,E 17 St & Broadway,5980,40.725029,-73.990697,40.73705,-73.990093,member
646364,8F8BE3C706D1BC12,docked_bike,2021-02-12 11:29:41,2021-02-12 12:21:14,E 2 St & 2 Ave,5593,Greenwich St & W Houston St,5730,40.725028,-73.990696,40.728846,-74.008591,member
646512,DBB9B945D1FF2472,docked_bike,2021-02-05 16:10:49,2021-02-05 16:17:21,E 2 St & 2 Ave,5593,E 15 St & 3 Ave,5863,40.725029,-73.990697,40.734232,-73.986923,member
646516,024332B26D72E78B,docked_bike,2021-02-04 11:40:01,2021-02-04 11:51:36,E 2 St & 2 Ave,5593,E 15 St & 3 Ave,5863,40.725029,-73.990697,40.734232,-73.986923,member
646525,BD4BC669A4A7F80A,docked_bike,2021-02-08 19:36:01,2021-02-08 19:40:36,E 2 St & 2 Ave,5593,Thompson St & Bleecker St,5721,40.725028,-73.990696,40.72840059450829,-73.99968780577183,member
649581,F13E6D652788709D,docked_bike,2021-02-24 15:09:47,2021-02-24 15:27:30,E 4 St & 2 Ave,5593,E 47 St & Park Ave,6584,40.72628,-73.98978,40.75510267,-73.97498696,casual
