,ride_id,rideable_type,started_at,ended_at,start_station_name,start_station_id,end_station_name,end_station_id,start_lat,start_lng,end_lat,end_lng,member_casual
380,26CE2B072E789142,docked_bike,2021-04-23 17:06:34,2021-04-23 17:36:29,E 47 St & Park Ave,6584,Central Park W & W 97 St,7538,40.755102,-73.974986,40.79249519495111,-73.96417066463071,member
444,F0DDE3765A032125,docked_bike,2021-04-26 16:11:32,2021-04-26 16:33:30,Broadway & W 38 St,6441,W 100 St & Manhattan Ave,7538,40.752996,-73.987216,40.795,-73.9645,member
447,75B69DF5D3AB06A6,docked_bike,2021-04-29 19:49:36,2021-04-29 19:58:43,Lexington Ave & E 111 St,7567,W 100 St & Manhattan Ave,7538,40.795412,-73.944123,40.795,-73.9645,member
480,6712402A71528417,docked_bike,2021-04-14 20:10:12,2021-04-14 20:44:22,Adam Clayton Powell Blvd & W 151 St,8009,W 100 St & Manhattan Ave,7538,40.825289,-73.936232,40.795,-73.9645,casual
491,C55589DDFC28A665,docked_bike,2021-04-14 18:25:51,2021-04-14 19:01:10,Riverside Dr & W 104 St,7623,W 100 St & Manhattan Ave,7538,40.801343,-73.971145,40.795,-73.9645,member
493,1E8A3E195F0B0D91,docked_bike,2021-04-20 21:12:32,2021-04-20 21:23:56,Columbus Ave & W 72 St,7175,W 100 St & Manhattan Ave,7538,40.777057,-73.978984,40.795,-73.9645,casual
495,160C54E70FBBAB66,docked_bike,2021-04-10 10:43:33,2021-04-10 10:52:45,Riverside Dr & W 104 St,7623,W 100 St & Manhattan Ave,7538,40.801343,-73.971145,40.795,-73.9645,member
496,F2FAD2567752C1E0,docked_bike,2021-04-17 12:20:42,2021-04-17 12:29:35,Riverside Dr & W 82 St,7388,W 100 St & Manhattan Ave,7538,40.787208,-73.981281,40.795,-73.9645,member
517,53595C5714FC773E,docked_bike,2021-04-13 16:07:11,2021-04-13 16:29:28,E 47 St & Park Ave,6584,W 100 St & Manhattan Ave,7538,40.755102,-73.974986,40.795,-73.9645,member
521,B387315C0701C5EE,docked_bike,2021-04-29 17:04:31,2021-04-29 17:33:01,3 Ave & E 112 St,7543,W 100 St & Manhattan Ave,7538,40.795508,-73.941606,40.795,-73.9645,member
542,BAB19E4614A999D2,docked_bike,2021-04-17 09:50:27,2021-04-17 09:55:43,Frederick Douglass Blvd & W 112 St,7631,W 100 St & Manhattan Ave,7538,40.801694,-73.957145,40.795,-73.9645,member
564,FB16ABE9275DF897,docked_bike,2021-04-03 10:15:56,2021-04-03 10:50:44,W 100 St & Manhattan Ave,7538,W 100 St & Manhattan Ave,7538,40.795,-73.9645,40.795,-73.9645,casual
565,DEC7F5E3601053F3,docked_bike,2021-04-20 21:37:21,2021-04-20 22:07:18,W 100 St & Manhattan Ave,7538,W 100 St & Manhattan Ave,7538,40.795,-73.9645,40.795,-73.9645,member
566,29EF9C11986FF34A,docked_bike,2021-04-09 17:02:40,2021-04-09 18:08:56,W 100 St & Manhattan Ave,7538,W 100 St & Manhattan Ave,7538,40.795,-73.9645,40.795,-73.9645,member
574,1249CC05EFA402E0,docked_bike,2021-04-19 19:14:00,2021-04-19 19:14:51,W 100 St & Manhattan Ave,7538,W 100 St & Manhattan Ave,7538,40.795,-73.9645,40.795,-73.9645,member
575,3370198456D19CF9,docked_bike,2021-04-14 08:29:46,2021-04-14 08:31:42,W 100 St & Manhattan Ave,7538,W 100 St & Manhattan Ave,7538,40.795,-73.9645,40.795,-73.9645,member
584,14652F35CE19CD2B,docked_bike,2021-04-20 17:42:08,2021-04-20 17:42:38,W 100 St & Manhattan Ave,7538,W 100 St & Manhattan Ave,7538,40.795,-73.9645,40.795,-73.9645,casual
586,BFC39F038379F36B,docked_bike,2021-04-28 16:58:48,2021-04-28 18:00:53,W 100 St & Manhattan Ave,7538,W 100 St & Manhattan Ave,7538,40.795,-73.9645,40.795,-73.9645,member
587,54A22D9A4D49E79F,docked_bike,2021-04-25 13:55:43,2021-04-25 14:24:42,W 100 St & Manhattan Ave,7538,W 100 St & Manhattan Ave,7538,40.795,-73.9645,40.795,-73.9645,member
588,C7BDF2479C1272C7,docked_bike,2021-04-29 19:05:34,2021-04-29 19:06:36,W 100 St & Manhattan Ave,7538,W 100 St & Manhattan Ave,7538,40.795,-73.9645,40.795,-73.9645,member
589,F20D20BD0BB2430C,docked_bike,2021-04-23 18:48:49,2021-04-23 19:43:28,W 100 St & Manhattan Ave,7538,W 100 St & Manhattan Ave,7538,40.795,-73.9645,40.795,-73.9645,casual
590,C066BC9B0D37A019,docked_bike,2021-04-09 08:29:09,2021-04-09 08:36:25,W 84 St & Broadway,7409,W 100 St & Manhattan Ave,7538,40.786794,-73.977112,40.795,-73.9645,member
594,6A107B8E21F1D6E5,docked_bike,2021-04-18 15:11:04,2021-04-18 15:52:11,W 100 St & Manhattan Ave,7538,W 100 St & Manhattan Ave,7538,40.795,-73.9645,40.795,-73.9645,member
595,C453F14AA12D9933,docked_bike,2021-04-03 05:45:12,2021-04-03 05:46:15,W 100 St & Manhattan Ave,7538,W 100 St & Manhattan Ave,7538,40.795,-73.9645,40.795,-73.9645,member
598,0EEAA819096F1A3F,docked_bike,2021-04-10 21:50:09,2021-04-10 21:56:03,W 100 St & Manhattan Ave,7538,W 84 St & Broadway,7409,40.795,-73.9645,40.7867947,-73.977112,member
599,4F131CCB8491E24C,docked_bike,2021-04-30 07:24:47,2021-04-30 08:13:17,W 100 St & Manhattan Ave,7538,W 100 St & Manhattan Ave,7538,40.795,-73.9645,40.795,-73.9645,member
601,9163F7AD4F356145,docked_bike,2021-04-25 12:01:06,2021-04-25 12:12:20,W 100 St & Manhattan Ave,7538,W 84 St & Broadway,7409,40.795,-73.9645,40.7867947,-73.977112,member
603,6223CEFC2576640B,docked_bike,2021-04-27 15:44:09,2021-04-27 15:46:00,W 100 St & Manhattan Ave,7538,W 100 St & Manhattan Ave,7538,40.795,-73.9645,40.795,-73.9645,member
604,4175DAC16700AB18,docked_bike,2021-04-27 15:43:31,2021-04-27 15:43:41,W 100 St & Manhattan Ave,7538,W 100 St & Manhattan Ave,7538,40.795,-73.9645,40.795,-73.9645,member
609,B2891DD457B2D2DC,docked_bike,2021-04-19 14:14:30,2021-04-19 14:39:11,W 100 St & Manhattan Ave,7538,W 100 St & Manhattan Ave,7538,40.795,-73.9645,40.795,-73.9645,casual
611,DF40CDCE27F9E2D2,docked_bike,2021-04-06 18:11:48,2021-04-06 18:35:19,W 100 St & Manhattan Ave,7538,W 100 St & Manhattan Ave,7538,40.795,-73.9645,40.795,-73.9645,casual
612,D6137DD791928FFD,docked_bike,2021-04-18 15:28:55,2021-04-18 15:50:39,W 100 St & Manhattan Ave,7538,W 100 St & Manhattan Ave,7538,40.795,-73.9645,40.795,-73.9645,member
613,8C0871FDEC31F7C5,docked_bike,2021-04-05 14:48:58,2021-04-05 14:50:13,W 100 St & Manhattan Ave,7538,W 100 St & Manhattan Ave,7538,40.795,-73.9645,40.795,-73.9645,member
614,A4DFED2CF6302997,docked_bike,2021-04-05 14:50:28,2021-04-05 14:51:11,W 100 St & Manhattan Ave,7538,W 100 St & Manhattan Ave,7538,40.795,-73.9645,40.795,-73.9645,member
615,266E71286CB32D4D,docked_bike,2021-04-21 18:32:50,2021-04-21 19:20:44,W 100 St & Manhattan Ave,7538,W 100 St & Manhattan Ave,7538,40.795,-73.9645,40.795,-73.9645,member
624,C43EEC772D3E305A,docked_bike,2021-04-07 18:40:18,2021-04-07 18:43:10,W 106 St & Central Park West,7606,W 100 St & Manhattan Ave,7538,40.798185,-73.96059,40.795,-73.9645,member
628,BB551CAE713ACA57,docked_bike,2021-04-26 17:54:46,2021-04-26 18:17:15,Central Park W & W 103 St,7577,W 100 St & Manhattan Ave,7538,40.796036,-73.961589,40.795,-73.9645,casual
630,D6AAAFD55CC05CFD,docked_bike,2021-04-09 15:13:04,2021-04-09 15:17:11,W 106 St & Central Park West,7606,W 100 St & Manhattan Ave,7538,40.798185,-73.96059,40.795,-73.9645,member
631,0DD46B0CC8E53E31,docked_bike,2021-04-26 15:32:36,2021-04-26 15:34:08,Central Park W & W 103 St,7577,W 100 St & Manhattan Ave,7538,40.796036,-73.961589,40.795,-73.9645,member
632,865CB671F2B1B24C,docked_bike,2021-04-14 14:45:30,2021-04-14 14:53:11,W 106 St & Central Park West,7606,W 100 St & Manhattan Ave,7538,40.798185,-73.96059,40.795,-73.9645,member
635,FD6963936D925B86,docked_bike,2021-04-14 12:05:17,2021-04-14 12:07:19,Central Park W & W 103 St,7577,W 100 St & Manhattan Ave,7538,40.796036,-73.961589,40.795,-73.9645,member
636,5A6286B1C09C80B7,docked_bike,2021-04-27 15:32:46,2021-04-27 15:34:03,Central Park W & W 103 St,7577,W 100 St & Manhattan Ave,7538,40.796036,-73.961589,40.795,-73.9645,member
645,387C7EF9B607D958,docked_bike,2021-04-19 17:19:45,2021-04-19 17:21:20,Central Park W & W 103 St,7577,W 100 St & Manhattan Ave,7538,40.796036,-73.961589,40.795,-73.9645,member
649,81C49B49ABC8F723,docked_bike,2021-04-18 12:46:26,2021-04-18 13:22:40,W 106 St & Central Park West,7606,W 100 St & Manhattan Ave,7538,40.798185,-73.96059,40.795,-73.9645,member
669,5579C52BEA43D5B0,docked_bike,2021-04-23 18:41:35,2021-04-23 19:16:21,Queens Plaza North & Crescent St,6429,W 100 St & Manhattan Ave,7538,40.751101,-73.940737,40.795,-73.9645,member
678,C7643A5CAAC0DA35,docked_bike,2021-04-01 16:58:42,2021-04-01 17:14:39,7 Ave & Central Park South,6912,W 100 St & Manhattan Ave,7538,40.76674,-73.979068,40.795,-73.9645,member
681,E289E5D56E6631CC,docked_bike,2021-04-17 02:09:39,2021-04-17 02:42:39,E 10 St & Avenue A,5659,W 100 St & Manhattan Ave,7538,40.727407,-73.98142,40.795,-73.9645,member
689,31698810E10C9E16,docked_bike,2021-04-24 16:11:41,2021-04-24 16:14:48,W 104 St & Amsterdam Ave,7610,W 100 St & Manhattan Ave,7538,40.799041,-73.966494,40.795,-73.9645,casual
692,7A7098019864AF34,docked_bike,2021-04-04 14:08:07,2021-04-04 14:11:11,W 104 St & Amsterdam Ave,7610,W 100 St & Manhattan Ave,7538,40.799041,-73.966494,40.795,-73.9645,member
694,B76D745E94658D1A,docked_bike,2021-04-23 14:02:14,2021-04-23 14:04:46,W 104 St & Amsterdam Ave,7610,W 100 St & Manhattan Ave,7538,40.799041,-73.966494,40.795,-73.9645,member
697,AD4D7876544C35BE,docked_bike,2021-04-23 15:40:12,2021-04-23 15:47:07,5 Ave & E 93 St,7372,W 100 St & Manhattan Ave,7538,40.785785,-73.957481,40.795,-73.9645,member
698,49EC869BBFEAAF05,docked_bike,2021-04-14 19:02:17,2021-04-14 19:12:57,5 Ave & E 93 St,7372,W 100 St & Manhattan Ave,7538,40.785785,-73.957481,40.795,-73.9645,casual
702,C3B3969DEF0E8994,docked_bike,2021-04-27 15:13:10,2021-04-27 15:30:45,Riverside Dr & W 72 St,7288,W 100 St & Manhattan Ave,7538,40.780577,-73.985624,40.795,-73.9645,member
706,84A47ED14764F8C1,docked_bike,2021-04-20 14:20:39,2021-04-20 14:35:48,5 Ave & E 78 St,7161,W 100 St & Manhattan Ave,7538,40.776321,-73.964273,40.795,-73.9645,member
713,F4EC8128735D29D1,docked_bike,2021-04-05 12:52:56,2021-04-05 13:05:14,E 114 St & 1 Ave,7540,W 100 St & Manhattan Ave,7538,40.794566,-73.936254,40.795,-73.9645,member
717,E779E808F40837C4,docked_bike,2021-04-11 08:40:24,2021-04-11 08:45:12,W 90 St & Amsterdam Ave,7432,W 100 St & Manhattan Ave,7538,40.790179,-73.972889,40.795,-73.9645,member
728,85CA36BF0F8EC98A,docked_bike,2021-04-08 17:32:15,2021-04-08 17:37:13,5 Ave & E 103 St,7511,W 100 St & Manhattan Ave,7538,40.792255,-73.952499,40.795,-73.9645,member
730,AAD49F5CF5765E8B,docked_bike,2021-04-19 16:58:35,2021-04-19 17:07:27,W 87 St & West End Ave,7484,W 100 St & Manhattan Ave,7538,40.789622,-73.97757,40.795,-73.9645,casual
733,31E6E804363D289A,docked_bike,2021-04-28 23:21:00,2021-04-28 23:26:11,5 Ave & E 103 St,7511,W 100 St & Manhattan Ave,7538,40.792255,-73.952499,40.795,-73.9645,member
734,94390ED2184DD4F8,docked_bike,2021-04-27 20:10:59,2021-04-27 20:15:44,5 Ave & E 103 St,7511,W 100 St & Manhattan Ave,7538,40.792255,-73.952499,40.795,-73.9645,member
735,1AE951E2FCE66FB6,docked_bike,2021-04-26 22:41:43,2021-04-26 22:45:22,5 Ave & E 103 St,7511,W 100 St & Manhattan Ave,7538,40.792255,-73.952499,40.795,-73.9645,member
739,CDD3385B7F6CBA92,docked_bike,2021-04-09 15:48:34,2021-04-09 15:53:24,5 Ave & E 103 St,7511,W 100 St & Manhattan Ave,7538,40.792255,-73.952499,40.795,-73.9645,member
741,79709B36E6284E36,docked_bike,2021-04-23 13:40:45,2021-04-23 14:25:00,W 87 St & West End Ave,7484,W 100 St & Manhattan Ave,7538,40.789622,-73.97757,40.795,-73.9645,member
742,DD8552A272DBBF4D,docked_bike,2021-04-10 07:28:43,2021-04-10 07:32:35,5 Ave & E 103 St,7511,W 100 St & Manhattan Ave,7538,40.792255,-73.952499,40.795,-73.9645,member
747,DDF4F2C4E2287F66,docked_bike,2021-04-30 20:09:40,2021-04-30 20:14:37,Central Park North & Adam Clayton Powell Blvd,7617,W 100 St & Manhattan Ave,7538,40.799484,-73.955613,40.795,-73.9645,member
750,629450644EDFE813,docked_bike,2021-04-12 18:06:01,2021-04-12 18:11:07,Central Park North & Adam Clayton Powell Blvd,7617,W 100 St & Manhattan Ave,7538,40.799484,-73.955613,40.795,-73.9645,casual
752,A5F823DFA7B54798,docked_bike,2021-04-20 16:28:40,2021-04-20 19:04:54,Columbus Ave & W 103 St,7595,W 100 St & Manhattan Ave,7538,40.796934,-73.964341,40.795,-73.9645,casual
754,B62C4CCABD2C1565,docked_bike,2021-04-28 14:34:07,2021-04-28 14:35:29,Columbus Ave & W 103 St,7595,W 100 St & Manhattan Ave,7538,40.796934,-73.964341,40.795,-73.9645,member
756,1667941D9AD6FA26,docked_bike,2021-04-22 16:53:34,2021-04-22 17:01:04,Central Park North & Adam Clayton Powell Blvd,7617,W 100 St & Manhattan Ave,7538,40.799484,-73.955613,40.795,-73.9645,casual
763,A783F8AD069394B8,docked_bike,2021-04-20 14:38:56,2021-04-20 15:10:01,E 31 St & 3 Ave,6239,W 100 St & Manhattan Ave,7538,40.743943,-73.97966,40.795,-73.9645,member
765,59EB175F92E3AD71,docked_bike,2021-04-16 17:19:25,2021-04-16 17:57:15,E 31 St & 3 Ave,6239,W 100 St & Manhattan Ave,7538,40.743943,-73.97966,40.795,-73.9645,member
769,D164ABF60ABB5E7F,docked_bike,2021-04-29 18:36:04,2021-04-29 18:48:16,Adam Clayton Powell Blvd & W 126 St,7738,W 100 St & Manhattan Ave,7538,40.809495,-73.947764,40.795,-73.9645,member
785,FDB30A2B51E875E5,docked_bike,2021-04-10 11:33:32,2021-04-10 11:44:48,Amsterdam Ave & W 73 St,7260,W 100 St & Manhattan Ave,7538,40.779668,-73.98093,40.795,-73.9645,member
790,6E78D8D3E396729E,docked_bike,2021-04-29 16:47:07,2021-04-29 17:05:53,1 Ave & E 94 St,7286,W 100 St & Manhattan Ave,7538,40.781721,-73.94594,40.795,-73.9645,member
793,88ECF495BAC2C049,docked_bike,2021-04-11 13:21:04,2021-04-11 13:32:28,E 85 St & 3 Ave,7212,W 100 St & Manhattan Ave,7538,40.778012,-73.954071,40.795,-73.9645,member
799,C870659F8E13B9F3,docked_bike,2021-04-18 12:55:21,2021-04-18 13:11:57,Park Ave & E 124 St,7682,W 100 St & Manhattan Ave,7538,40.804555,-73.939686,40.795,-73.9645,member
833,944F59A824F697CD,docked_bike,2021-04-16 16:53:16,2021-04-16 17:23:49,W 42 St & 6 Ave,6517,W 100 St & Manhattan Ave,7538,40.75492,-73.98455,40.795,-73.9645,member
842,B26B9D824D790F83,docked_bike,2021-04-13 13:52:08,2021-04-13 13:57:55,West End Ave & W 107 St,7650,W 100 St & Manhattan Ave,7538,40.802117,-73.96818,40.795,-73.9645,member
850,E4BD2B8DA4E4ACBD,docked_bike,2021-04-09 15:55:37,2021-04-09 16:00:03,West End Ave & W 107 St,7650,W 100 St & Manhattan Ave,7538,40.802117,-73.96818,40.795,-73.9645,member
851,2F05B92AA449EF02,docked_bike,2021-04-19 18:38:39,2021-04-19 18:43:10,West End Ave & W 107 St,7650,W 100 St & Manhattan Ave,7538,40.802117,-73.96818,40.795,-73.9645,member
852,64978670CF628C0A,docked_bike,2021-04-18 11:31:53,2021-04-18 11:42:57,West End Ave & W 107 St,7650,W 100 St & Manhattan Ave,7538,40.802117,-73.96818,40.795,-73.9645,member
853,52D105EC77075A6B,docked_bike,2021-04-03 13:43:39,2021-04-03 13:50:51,West End Ave & W 107 St,7650,W 100 St & Manhattan Ave,7538,40.802117,-73.96818,40.795,-73.9645,member
856,9A62070D502D24FC,docked_bike,2021-04-27 16:53:20,2021-04-27 17:03:58,Lexington Ave & E 111 St,7567,W 100 St & Manhattan Ave,7538,40.795412,-73.944123,40.795,-73.9645,member
858,E4A69A4B9BBB09A7,docked_bike,2021-04-29 14:40:04,2021-04-29 15:06:53,E 33 St & 5 Ave,6322,W 100 St & Manhattan Ave,7538,40.747659,-73.984907,40.795,-73.9645,member
859,6CEC4A5FA841C115,docked_bike,2021-04-29 19:28:19,2021-04-29 19:40:24,Lexington Ave & E 111 St,7567,W 100 St & Manhattan Ave,7538,40.795412,-73.944123,40.795,-73.9645,casual
878,57815C7A37408BC3,docked_bike,2021-04-21 22:16:45,2021-04-21 23:03:51,6 Ave & W 34 St,6364,W 100 St & Manhattan Ave,7538,40.74964,-73.98805,40.795,-73.9645,casual
887,30D1CE77BF847A1B,docked_bike,2021-04-29 15:23:56,2021-04-29 15:35:18,E 91 St & 2 Ave,7286,W 100 St & Manhattan Ave,7538,40.781122,-73.949655,40.795,-73.9645,member
895,78A80CB629C6BC80,docked_bike,2021-04-12 00:21:39,2021-04-12 00:34:54,5 Ave & E 135 St,7769,W 100 St & Manhattan Ave,7538,40.812191,-73.937838,40.795,-73.9645,member
896,89E6468B717428E4,docked_bike,2021-04-14 12:53:04,2021-04-14 13:06:28,5 Ave & E 135 St,7769,W 100 St & Manhattan Ave,7538,40.812191,-73.937838,40.795,-73.9645,member
897,EBD7B174253B4865,docked_bike,2021-04-13 22:03:25,2021-04-13 22:23:03,5 Ave & E 135 St,7769,W 100 St & Manhattan Ave,7538,40.812191,-73.937838,40.795,-73.9645,member
907,D9C38DE1E935C790,docked_bike,2021-04-08 12:11:49,2021-04-08 12:30:11,Lenox Ave & W 111 St,7602,W 100 St & Manhattan Ave,7538,40.798785,-73.9523,40.795,-73.9645,member
909,22F417754C425B31,docked_bike,2021-04-13 15:37:57,2021-04-13 16:12:49,Lenox Ave & W 111 St,7602,W 100 St & Manhattan Ave,7538,40.798786,-73.9523,40.795,-73.9645,casual
911,C2CB12C5C6A9EC8F,docked_bike,2021-04-09 23:59:56,2021-04-10 00:52:18,E 65 St & 2 Ave,6860,W 100 St & Manhattan Ave,7538,40.764718,-73.96222,40.795,-73.9645,casual
919,D3357CE9C3189E69,docked_bike,2021-04-20 19:19:41,2021-04-20 19:40:13,E 72 St & York Ave,6889,W 100 St & Manhattan Ave,7538,40.766638,-73.953482,40.795,-73.9645,member
936,2FE0AB87CB5F4740,docked_bike,2021-04-29 16:19:37,2021-04-29 16:44:17,E 65 St & 2 Ave,6860,W 100 St & Manhattan Ave,7538,40.764718,-73.96222,40.795,-73.9645,member
953,3F9F10A47E299883,docked_bike,2021-04-26 13:41:55,2021-04-26 13:57:25,E 65 St & 2 Ave,6860,W 100 St & Manhattan Ave,7538,40.764718,-73.96222,40.795,-73.9645,member
962,522E4911AB2A4E98,docked_bike,2021-04-26 08:32:04,2021-04-26 08:44:27,5 Ave & E 93 St,7372,W 100 St & Manhattan Ave,7538,40.785785,-73.957481,40.795,-73.9645,member
963,45C5B57A093AD87A,docked_bike,2021-04-07 16:45:23,2021-04-07 17:29:52,5 Ave & E 93 St,7372,W 100 St & Manhattan Ave,7538,40.785785,-73.957481,40.795,-73.9645,member
972,A11571981945BA32,docked_bike,2021-04-22 19:37:59,2021-04-22 19:46:10,5 Ave & E 93 St,7372,W 100 St & Manhattan Ave,7538,40.785785,-73.957481,40.795,-73.9645,member
973,A754E50DCD9FA30D,docked_bike,2021-04-10 10:56:46,2021-04-10 11:10:59,5 Ave & E 93 St,7372,W 100 St & Manhattan Ave,7538,40.785785,-73.957481,40.795,-73.9645,casual
1181,2D61B6624E5D7A23,docked_bike,2021-04-12 08:37:12,2021-04-12 08:55:43,W 100 St & Manhattan Ave,7538,Central Park S & 6 Ave,6876,40.795,-73.9645,40.76590936,-73.97634151,member
1221,1924BB44DCD9668B,docked_bike,2021-04-01 13:47:40,2021-04-01 14:17:49,E 47 St & Park Ave,6584,W 100 St & Manhattan Ave,7538,40.755103,-73.974987,40.795,-73.9645,member
1233,227F80EFCE220EA9,docked_bike,2021-04-08 15:39:40,2021-04-08 15:51:35,W 63 St & Broadway,7052,W 100 St & Manhattan Ave,7538,40.771638,-73.982614,40.795,-73.9645,member
1234,2897C48E7EA875E8,docked_bike,2021-04-15 15:51:31,2021-04-15 16:10:10,2 Ave & E 72 St,6925,W 100 St & Manhattan Ave,7538,40.768762,-73.958407,40.795,-73.9645,member
1235,DDA9806F405A8E95,docked_bike,2021-04-13 17:10:46,2021-04-13 17:22:08,W 129 St & Convent Ave,7818,W 100 St & Manhattan Ave,7538,40.814394,-73.953247,40.795,-73.9645,member
1240,BEFBF4D3EE9D19A2,docked_bike,2021-04-18 10:30:16,2021-04-18 10:33:31,W 107 St & Columbus Ave,7619,W 100 St & Manhattan Ave,7538,40.799756,-73.962112,40.795,-73.9645,member
1241,8770AFA5B813AD9D,docked_bike,2021-04-21 09:07:56,2021-04-21 09:11:16,W 107 St & Columbus Ave,7619,W 100 St & Manhattan Ave,7538,40.799756,-73.962112,40.795,-73.9645,casual
2024,3BEFFDBE83BBA865,docked_bike,2021-04-19 16:08:40,2021-04-19 16:29:30,E 47 St & Park Ave,6584,W 100 St & Manhattan Ave,7538,40.755102,-73.974986,40.795,-73.9645,member
2722,5411A9D1AE4EE818,docked_bike,2021-04-09 06:42:23,2021-04-09 06:46:12,W 100 St & Manhattan Ave,7538,W 95 St & Broadway,7541,40.795,-73.9645,40.7937704,-73.971888,member
2723,416B6297869594C8,docked_bike,2021-04-22 06:34:19,2021-04-22 06:38:44,W 100 St & Manhattan Ave,7538,W 95 St & Broadway,7541,40.795,-73.9645,40.7937704,-73.971888,member
2724,080C5A031FCF6006,docked_bike,2021-04-05 11:52:44,2021-04-05 11:58:19,W 100 St & Manhattan Ave,7538,W 95 St & Broadway,7541,40.795,-73.9645,40.7937704,-73.971888,member
4991,A6666EC036135291,docked_bike,2021-04-18 14:56:46,2021-04-18 15:01:35,W 100 St & Manhattan Ave,7538,W 95 St & Broadway,7541,40.795,-73.9645,40.7937704,-73.971888,member
5004,F6F0B865DC0C2653,docked_bike,2021-04-18 13:47:25,2021-04-18 14:36:11,W 100 St & Manhattan Ave,7538,Barrow St & Hudson St,5805,40.795,-73.9645,40.73172428,-74.00674436,member
5014,9CE08B1ADD822E1E,docked_bike,2021-04-18 20:12:45,2021-04-18 20:17:20,W 100 St & Manhattan Ave,7538,W 95 St & Broadway,7541,40.795,-73.9645,40.7937704,-73.971888,casual
5017,D1D081CF1057AEB4,docked_bike,2021-04-12 08:36:33,2021-04-12 08:40:34,W 100 St & Manhattan Ave,7538,W 95 St & Broadway,7541,40.795,-73.9645,40.7937704,-73.971888,casual
5019,DA909F225103D63A,docked_bike,2021-04-11 12:01:48,2021-04-11 12:05:48,W 100 St & Manhattan Ave,7538,W 95 St & Broadway,7541,40.795,-73.9645,40.7937704,-73.971888,member
5029,6F46D0CCB2F9D64D,docked_bike,2021-04-14 15:14:23,2021-04-14 15:19:46,W 100 St & Manhattan Ave,7538,W 95 St & Broadway,7541,40.795,-73.9645,40.7937704,-73.971888,member
5031,579C181247F75894,docked_bike,2021-04-09 08:05:27,2021-04-09 08:14:30,W 100 St & Manhattan Ave,7538,W 95 St & Broadway,7541,40.795,-73.9645,40.7937704,-73.971888,member
5032,2D6649EE244D05F9,docked_bike,2021-04-20 18:53:05,2021-04-20 19:01:21,W 100 St & Manhattan Ave,7538,W 95 St & Broadway,7541,40.795,-73.9645,40.7937704,-73.971888,casual
5035,F2685731CD33F40C,docked_bike,2021-04-18 21:19:40,2021-04-18 22:21:52,W 100 St & Manhattan Ave,7538,W 95 St & Broadway,7541,40.795,-73.9645,40.7937704,-73.971888,member
5130,303A583EAEE13C7C,docked_bike,2021-04-10 16:30:12,2021-04-10 16:35:31,W 100 St & Manhattan Ave,7538,W 95 St & Broadway,7541,40.795,-73.9645,40.7937704,-73.971888,member
5144,CE8719B7D90B2B21,docked_bike,2021-04-19 08:55:25,2021-04-19 08:59:54,W 100 St & Manhattan Ave,7538,W 95 St & Broadway,7541,40.795,-73.9645,40.7937704,-73.971888,member
5146,70BF6760D6306875,docked_bike,2021-04-24 04:00:38,2021-04-24 04:05:52,W 100 St & Manhattan Ave,7538,W 95 St & Broadway,7541,40.795,-73.9645,40.7937704,-73.971888,member
5154,013464EA247C92D7,docked_bike,2021-04-21 09:24:09,2021-04-21 09:44:40,W 100 St & Manhattan Ave,7538,W 52 St & 6 Ave,6740,40.795,-73.9645,40.76132983124814,-73.97982001304626,member
5159,7929BD9B539E3279,docked_bike,2021-04-26 03:50:25,2021-04-26 03:53:58,W 100 St & Manhattan Ave,7538,W 95 St & Broadway,7541,40.795,-73.9645,40.7937704,-73.971888,member
5164,A47BB906ABDF1691,docked_bike,2021-04-18 07:05:44,2021-04-18 07:08:34,W 100 St & Manhattan Ave,7538,W 95 St & Broadway,7541,40.795,-73.9645,40.7937704,-73.971888,member
5169,C6E2AFE5ADB8F402,docked_bike,2021-04-21 08:32:48,2021-04-21 08:41:52,W 100 St & Manhattan Ave,7538,W 95 St & Broadway,7541,40.795,-73.9645,40.7937704,-73.971888,member
5170,F0399A4E09447499,docked_bike,2021-04-01 08:10:19,2021-04-01 08:13:41,W 100 St & Manhattan Ave,7538,W 95 St & Broadway,7541,40.795,-73.9645,40.7937704,-73.971888,member
5311,2CDD7B81D26920A6,docked_bike,2021-04-20 23:49:09,2021-04-20 23:56:09,W 100 St & Manhattan Ave,7538,W 95 St & Broadway,7541,40.795,-73.9645,40.7937704,-73.971888,member
5314,BA9FBDC2DC7C4F99,docked_bike,2021-04-30 04:55:28,2021-04-30 04:59:19,W 100 St & Manhattan Ave,7538,W 95 St & Broadway,7541,40.795,-73.9645,40.7937704,-73.971888,member
5315,4D0D261B36404C15,docked_bike,2021-04-02 20:09:15,2021-04-02 20:13:14,W 100 St & Manhattan Ave,7538,W 95 St & Broadway,7541,40.795,-73.9645,40.7937704,-73.971888,member
5321,AC798AFF86B40691,docked_bike,2021-04-13 14:28:31,2021-04-13 16:00:10,W 100 St & Manhattan Ave,7538,Division Ave & Hooper St,5045,40.795,-73.9645,40.70684203101325,-73.9544353965357,member
5327,FDF6BD7A7DD96C10,docked_bike,2021-04-23 19:44:35,2021-04-23 19:52:30,W 100 St & Manhattan Ave,7538,E 115 St & Lexington Ave,7599,40.795,-73.9645,40.797911,-73.9423,member
5329,054B304D7F869FD6,docked_bike,2021-04-10 13:47:55,2021-04-10 13:58:43,W 100 St & Manhattan Ave,7538,W 95 St & Broadway,7541,40.795,-73.9645,40.7937704,-73.971888,casual
6502,44EC9312BDE7E339,docked_bike,2021-04-07 11:13:34,2021-04-07 11:35:04,W 100 St & Manhattan Ave,7538,2 Ave & E 72 St,6925,40.795,-73.9645,40.7687620293096,-73.95840793848038,casual
6578,71F395ABC2EDA469,docked_bike,2021-04-27 12:31:11,2021-04-27 13:00:11,W 100 St & Manhattan Ave,7538,E 4 St & 2 Ave,5593,40.795,-73.9645,40.7262807,-73.98978041,casual
6580,2890CC703672D855,docked_bike,2021-04-17 23:21:08,2021-04-17 23:38:38,W 100 St & Manhattan Ave,7538,5 Ave & E 135 St,7769,40.795,-73.9645,40.812191,-73.937838,member
6720,D4EEDE8AA680247D,docked_bike,2021-04-06 22:02:59,2021-04-06 22:37:54,W 100 St & Manhattan Ave,7538,5 Ave & E 135 St,7769,40.795,-73.9645,40.812191,-73.937838,member
6721,798A8E98EA5B73FB,docked_bike,2021-04-04 21:26:03,2021-04-04 21:39:03,W 100 St & Manhattan Ave,7538,5 Ave & E 135 St,7769,40.795,-73.9645,40.812191,-73.937838,member
6722,1BBA1C1F0AE5DE63,docked_bike,2021-04-14 23:37:09,2021-04-15 00:41:02,W 100 St & Manhattan Ave,7538,5 Ave & E 135 St,7769,40.795,-73.9645,40.812191,-73.937838,member
7915,701BC4240639CEE5,docked_bike,2021-04-16 10:57:28,2021-04-16 11:24:31,W 100 St & Manhattan Ave,7538,E 89 St & 3 Ave,7265,40.795,-73.9645,40.7806284,-73.9521667,casual
7918,67B2EC14A5FB02FB,docked_bike,2021-04-29 18:06:30,2021-04-29 18:42:30,W 100 St & Manhattan Ave,7538,1 Ave & E 16 St,5779,40.795,-73.9645,40.73221853,-73.98165557,member
7920,49D8B2AAFBBCA154,docked_bike,2021-04-19 17:42:17,2021-04-19 17:57:05,W 100 St & Manhattan Ave,7538,W 70 St & Amsterdam Ave,7207,40.795,-73.9645,40.77748046,-73.98288594,member
11251,E1C59DF20AD4B90C,docked_bike,2021-04-07 17:34:03,2021-04-07 18:18:15,W 100 St & Manhattan Ave,7538,7 Ave & Central Park South,6912,40.795,-73.9645,40.7667405590595,-73.9790689945221,member
11266,9EE1702CB59422C9,docked_bike,2021-04-07 17:33:46,2021-04-07 18:18:09,W 100 St & Manhattan Ave,7538,7 Ave & Central Park South,6912,40.795,-73.9645,40.7667405590595,-73.9790689945221,member
11684,E2B3BE5A3DD81F6B,docked_bike,2021-04-19 16:35:16,2021-04-19 16:45:58,W 100 St & Manhattan Ave,7538,7 Ave & Central Park South,6912,40.795,-73.9645,40.7667405590595,-73.9790689945221,member
11689,73D08236346AC4B4,docked_bike,2021-04-09 17:13:26,2021-04-09 17:35:52,W 100 St & Manhattan Ave,7538,7 Ave & Central Park South,6912,40.795,-73.9645,40.7667405590595,-73.9790689945221,casual
11695,255BF0038871D6C0,docked_bike,2021-04-10 19:29:23,2021-04-10 20:00:22,W 100 St & Manhattan Ave,7538,7 Ave & Central Park South,6912,40.795,-73.9645,40.7667405590595,-73.9790689945221,member
11730,23A5571118E3214B,docked_bike,2021-04-27 12:05:54,2021-04-27 12:22:18,W 100 St & Manhattan Ave,7538,7 Ave & Central Park South,6912,40.795,-73.9645,40.7667405590595,-73.9790689945221,member
11744,FD9C99B3096CACE6,docked_bike,2021-04-24 15:31:18,2021-04-24 16:15:58,W 100 St & Manhattan Ave,7538,E 2 St & 2 Ave,5593,40.795,-73.9645,40.72502876,-73.99069656,member
13101,91E4555EE5D20AD5,docked_bike,2021-04-18 04:23:50,2021-04-18 04:27:05,W 100 St & Manhattan Ave,7538,W 106 St & Central Park West,7606,40.795,-73.9645,40.7981856,-73.9605909006,member
13106,07874D45905FCB1D,docked_bike,2021-04-26 23:15:15,2021-04-26 23:43:30,W 100 St & Manhattan Ave,7538,Central Park W & W 103 St,7577,40.795,-73.9645,40.796037,-73.961589,member
13112,5CEB65387E7BC30F,docked_bike,2021-04-18 19:32:58,2021-04-18 19:37:11,W 100 St & Manhattan Ave,7538,W 106 St & Central Park West,7606,40.795,-73.9645,40.7981856,-73.9605909006,member
13113,C8C5D1AEF77AF3FC,docked_bike,2021-04-20 17:34:36,2021-04-20 17:35:37,W 100 St & Manhattan Ave,7538,Central Park W & W 103 St,7577,40.795,-73.9645,40.79603684159984,-73.96158903853575,member
13118,5A83DB8A2615132D,docked_bike,2021-04-07 17:25:34,2021-04-07 18:12:30,W 100 St & Manhattan Ave,7538,W 106 St & Central Park West,7606,40.795,-73.9645,40.7981856,-73.9605909006,casual
13120,A73870FD31E6EE5A,docked_bike,2021-04-23 18:47:59,2021-04-23 19:30:54,W 100 St & Manhattan Ave,7538,W 106 St & Central Park West,7606,40.795,-73.9645,40.7981856,-73.9605909006,member
13122,C5B194748587D07B,docked_bike,2021-04-24 20:53:08,2021-04-24 20:54:53,W 100 St & Manhattan Ave,7538,Central Park W & W 103 St,7577,40.795,-73.9645,40.79603684159984,-73.96158903853575,member
17994,1C233DD08D0A4F9E,docked_bike,2021-04-10 12:13:32,2021-04-10 12:53:18,W 100 St & Manhattan Ave,7538,Willow Ave & E 133 St,7626,40.795,-73.9645,40.800933,-73.913863,casual
18161,6C5E7EF445E8CFB0,docked_bike,2021-04-14 07:47:40,2021-04-14 07:57:47,W 100 St & Manhattan Ave,7538,Central Park West & W 72 St,7141,40.795,-73.9645,40.77579376683666,-73.9762057363987,member
18162,EAC717B7B101CC6A,docked_bike,2021-04-16 20:55:51,2021-04-16 21:13:04,W 100 St & Manhattan Ave,7538,Broadway & W 38 St,6441,40.795,-73.9645,40.75299641,-73.98721619,member
18167,91181ED858038B13,docked_bike,2021-04-28 15:57:08,2021-04-28 16:09:14,W 100 St & Manhattan Ave,7538,Central Park West & W 72 St,7141,40.795,-73.9645,40.77579376683666,-73.9762057363987,member
18168,5000B69BBC9A944E,docked_bike,2021-04-05 14:51:26,2021-04-05 15:05:04,W 100 St & Manhattan Ave,7538,Central Park West & W 72 St,7141,40.795,-73.9645,40.775794,-73.976206,member
18240,631D990FFBC431F4,docked_bike,2021-04-14 08:59:34,2021-04-14 09:12:45,W 100 St & Manhattan Ave,7538,Central Park West & W 72 St,7141,40.795,-73.9645,40.775794,-73.976206,member
18994,C27480349C3067C9,docked_bike,2021-04-08 08:12:25,2021-04-08 08:32:18,W 100 St & Manhattan Ave,7538,Broadway & W 38 St,6441,40.795,-73.9645,40.75299641,-73.98721619,member
18995,CC658577D7B07B37,docked_bike,2021-04-28 08:21:49,2021-04-28 08:41:40,W 100 St & Manhattan Ave,7538,Broadway & W 38 St,6441,40.795,-73.9645,40.75299641,-73.98721619,member
19000,2199A9D68E6D185A,docked_bike,2021-04-03 15:27:18,2021-04-03 15:35:03,W 100 St & Manhattan Ave,7538,W 116 St & Broadway,7713,40.795,-73.9645,40.8082,-73.9641,member
19002,B1281524908B4B28,docked_bike,2021-04-01 18:26:09,2021-04-01 18:45:25,W 100 St & Manhattan Ave,7538,Broadway & W 38 St,6441,40.795,-73.9645,40.75299641,-73.98721619,member
19004,D9C4F994E08C875B,docked_bike,2021-04-13 14:14:51,2021-04-13 14:33:31,W 100 St & Manhattan Ave,7538,Central Park West & W 72 St,7141,40.795,-73.9645,40.775794,-73.976206,casual
19136,8CE840D9C47C1881,docked_bike,2021-04-19 16:55:26,2021-04-19 17:19:28,W 100 St & Manhattan Ave,7538,Riverside Dr & W 82 St,7388,40.795,-73.9645,40.78720869,-73.98128127,member
19137,0B6C213C28A964B4,docked_bike,2021-04-20 17:14:24,2021-04-20 17:24:01,W 100 St & Manhattan Ave,7538,Riverside Dr & W 82 St,7388,40.795,-73.9645,40.78720869,-73.98128127,member
19146,3FCA9657F6DB3088,docked_bike,2021-04-16 11:53:01,2021-04-16 12:00:53,W 100 St & Manhattan Ave,7538,Riverside Dr & W 82 St,7388,40.795,-73.9645,40.78720869,-73.98128127,member
19148,22BE86EE3559F830,docked_bike,2021-04-20 21:08:18,2021-04-20 21:24:11,W 100 St & Manhattan Ave,7538,3 Ave & E 71 St,6960,40.795,-73.9645,40.76873687,-73.96119945,member
19152,B651133A252BC828,docked_bike,2021-04-14 17:20:33,2021-04-14 17:30:21,W 100 St & Manhattan Ave,7538,Riverside Dr & W 82 St,7388,40.795,-73.9645,40.78720869,-73.98128127,member
19154,0AD3D965C7619AB5,docked_bike,2021-04-24 16:26:25,2021-04-24 16:33:20,W 100 St & Manhattan Ave,7538,Riverside Dr & W 104 St,7623,40.795,-73.9645,40.8013434,-73.9711457439,casual
19155,433D318372FA6683,docked_bike,2021-04-20 09:22:30,2021-04-20 09:35:13,W 100 St & Manhattan Ave,7538,Columbus Ave & W 72 St,7175,40.795,-73.9645,40.7770575,-73.97898475,member
19721,3695292A9E2FF1E8,docked_bike,2021-04-20 17:06:09,2021-04-20 17:19:38,W 100 St & Manhattan Ave,7538,Columbus Ave & W 72 St,7175,40.795,-73.9645,40.7770575,-73.97898475,member
19722,E3E09E4E1F8A20B4,docked_bike,2021-04-26 06:04:04,2021-04-26 06:16:47,W 100 St & Manhattan Ave,7538,Columbus Ave & W 72 St,7175,40.795,-73.9645,40.7770575,-73.97898475,member
19725,1E1C10C89FF9511C,docked_bike,2021-04-24 13:55:05,2021-04-24 14:07:30,W 100 St & Manhattan Ave,7538,Columbus Ave & W 72 St,7175,40.795,-73.9645,40.7770575,-73.97898475,member
19727,B19C24600AC800BA,docked_bike,2021-04-18 09:09:01,2021-04-18 09:13:03,W 100 St & Manhattan Ave,7538,Riverside Dr & W 104 St,7623,40.795,-73.9645,40.8013434,-73.9711457439,member
19736,8903A1A00CF4C366,docked_bike,2021-04-14 06:01:15,2021-04-14 06:13:27,W 100 St & Manhattan Ave,7538,Columbus Ave & W 72 St,7175,40.795,-73.9645,40.7770575,-73.97898475,member
19762,CD52CB9F92FC6B5D,docked_bike,2021-04-02 11:45:23,2021-04-02 11:52:26,W 100 St & Manhattan Ave,7538,Riverside Dr & W 82 St,7388,40.795,-73.9645,40.78720869,-73.98128127,member
19767,28EFDEA95CB7E04C,docked_bike,2021-04-24 11:32:35,2021-04-24 11:50:37,W 100 St & Manhattan Ave,7538,3 Ave & E 71 St,6960,40.795,-73.9645,40.76873687,-73.96119945,member
19768,BA387EFDFF818EDA,docked_bike,2021-04-30 17:29:32,2021-04-30 17:37:27,W 100 St & Manhattan Ave,7538,Riverside Dr & W 104 St,7623,40.795,-73.9645,40.8013434,-73.9711457439,member
19770,BEA25CB7D85439CB,docked_bike,2021-04-26 21:50:45,2021-04-26 22:00:44,W 100 St & Manhattan Ave,7538,Columbus Ave & W 72 St,7175,40.795,-73.9645,40.7770575,-73.97898475,casual
19783,C8CB181BB34055AD,docked_bike,2021-04-23 16:19:32,2021-04-23 16:28:53,W 100 St & Manhattan Ave,7538,Columbus Ave & W 72 St,7175,40.795,-73.9645,40.7770575,-73.97898475,member
20193,B3AC907D89CE6569,docked_bike,2021-04-16 08:35:04,2021-04-16 08:46:34,W 100 St & Manhattan Ave,7538,Columbus Ave & W 72 St,7175,40.795,-73.9645,40.7770575,-73.97898475,member
20196,F4F5F60757551A88,docked_bike,2021-04-14 13:24:54,2021-04-14 13:33:07,W 100 St & Manhattan Ave,7538,Riverside Dr & W 104 St,7623,40.795,-73.9645,40.8013434,-73.9711457439,casual
20201,BDA7B9716D87F50C,docked_bike,2021-04-28 17:15:45,2021-04-28 17:22:03,W 100 St & Manhattan Ave,7538,Riverside Dr & W 104 St,7623,40.795,-73.9645,40.8013434,-73.9711457439,casual
20202,C6167EBCA88173C8,docked_bike,2021-04-04 15:48:15,2021-04-04 16:02:51,W 100 St & Manhattan Ave,7538,Columbus Ave & W 72 St,7175,40.795,-73.9645,40.7770575,-73.97898475,member
20204,2AF41093B8743834,docked_bike,2021-04-27 17:38:35,2021-04-27 17:45:42,W 100 St & Manhattan Ave,7538,Riverside Dr & W 104 St,7623,40.795,-73.9645,40.8013434,-73.9711457439,member
20206,6D0D99B693BE5878,docked_bike,2021-04-13 19:12:21,2021-04-13 19:33:13,W 100 St & Manhattan Ave,7538,Riverside Dr & W 104 St,7623,40.795,-73.9645,40.8013434,-73.9711457439,member
23340,06628D06EFECAC92,docked_bike,2021-04-14 15:01:41,2021-04-14 15:29:03,W 100 St & Manhattan Ave,7538,W 22 St & 8 Ave,6224,40.795,-73.9645,40.74475148,-73.99915362,member
23341,68AC497F02B1EA1B,docked_bike,2021-04-07 16:16:32,2021-04-07 16:25:27,W 100 St & Manhattan Ave,7538,Cathedral Pkwy & Broadway,7680,40.795,-73.9645,40.804213,-73.96699104,member
24518,B28C22E37F7F90D0,docked_bike,2021-04-12 12:16:11,2021-04-12 12:26:44,W 100 St & Manhattan Ave,7538,E 97 St & Madison Ave,7393,40.795,-73.9645,40.787801,-73.953559,member
24988,9EFFE741F445FEDC,docked_bike,2021-04-19 07:06:53,2021-04-19 07:28:39,W 100 St & Manhattan Ave,7538,3 Ave & E 62 St,6762,40.795,-73.9645,40.76312584,-73.96526895,casual
25651,73F2BDD80A3678E7,docked_bike,2021-04-09 18:14:45,2021-04-09 18:24:08,W 100 St & Manhattan Ave,7538,Frederick Douglass Blvd & W 129 St,7795,40.795,-73.9645,40.8125511,-73.9492286,member
25653,96B49CDD3095A718,docked_bike,2021-04-04 18:36:57,2021-04-04 18:47:37,W 100 St & Manhattan Ave,7538,Adam Clayton Powell Blvd & W 126 St,7738,40.795,-73.9645,40.80949534777948,-73.94776493310928,casual
25654,4CEC34B1008F24C3,docked_bike,2021-04-28 20:04:27,2021-04-28 20:14:42,W 100 St & Manhattan Ave,7538,Amsterdam Ave & W 82 St,7360,40.795,-73.9645,40.78524672,-73.97667321,casual
25662,AC3515457F321082,docked_bike,2021-04-23 14:25:34,2021-04-23 14:36:55,W 100 St & Manhattan Ave,7538,Amsterdam Ave & W 82 St,7360,40.795,-73.9645,40.78524672,-73.97667321,member
28177,BB04441F7E7C43F5,docked_bike,2021-04-24 10:22:17,2021-04-24 10:31:35,W 100 St & Manhattan Ave,7538,W 120 St & Claremont Ave,7745,40.795,-73.9645,40.8109494,-73.9634,member
28186,F1AE3B79BBB1C154,docked_bike,2021-04-08 17:36:08,2021-04-08 17:46:46,W 100 St & Manhattan Ave,7538,W 120 St & Claremont Ave,7745,40.795,-73.9645,40.810949,-73.9634,casual
28187,D6B11E51768D90B6,docked_bike,2021-04-24 19:09:13,2021-04-24 19:26:20,W 100 St & Manhattan Ave,7538,2 Ave & E 99 St,7386,40.795,-73.9645,40.786259,-73.945526,casual
29106,CEB9A611D8ED5741,docked_bike,2021-04-24 19:38:47,2021-04-24 19:45:18,W 100 St & Manhattan Ave,7538,W 106 St & Amsterdam Ave,7634,40.795,-73.9645,40.8008363,-73.9664492472,member
29107,961482276A32D319,docked_bike,2021-04-09 16:08:04,2021-04-09 16:15:21,W 100 St & Manhattan Ave,7538,W 106 St & Amsterdam Ave,7634,40.795,-73.9645,40.8008363,-73.9664492472,member
29603,EF5A1777CEA3C906,docked_bike,2021-04-04 14:55:37,2021-04-04 15:15:22,W 100 St & Manhattan Ave,7538,W 106 St & Amsterdam Ave,7634,40.795,-73.9645,40.8008363,-73.9664492472,member
29641,074561B412EB26E9,docked_bike,2021-04-04 16:19:08,2021-04-04 16:25:07,W 100 St & Manhattan Ave,7538,W 106 St & Amsterdam Ave,7634,40.795,-73.9645,40.8008363,-73.9664492472,casual
29647,65E085A901209F89,docked_bike,2021-04-09 15:16:07,2021-04-09 15:24:14,W 100 St & Manhattan Ave,7538,W 106 St & Amsterdam Ave,7634,40.795,-73.9645,40.8008363,-73.9664492472,member
29717,FF7A9BA46E89E1F0,docked_bike,2021-04-02 18:50:36,2021-04-02 18:56:13,W 100 St & Manhattan Ave,7538,W 106 St & Amsterdam Ave,7634,40.795,-73.9645,40.8008363,-73.9664492472,member
29724,BDCB9B77E05985F7,docked_bike,2021-04-01 17:36:45,2021-04-01 17:41:28,W 100 St & Manhattan Ave,7538,W 106 St & Amsterdam Ave,7634,40.795,-73.9645,40.8008363,-73.9664492472,member
31254,662A718C46EFAE6D,docked_bike,2021-04-30 15:49:08,2021-04-30 16:15:17,W 100 St & Manhattan Ave,7538,E 19 St & 3 Ave,5938,40.795,-73.9645,40.73624527,-73.98473765,casual
31258,128E68EC73E3EA63,docked_bike,2021-04-19 19:04:50,2021-04-19 19:20:48,W 100 St & Manhattan Ave,7538,E 72 St & York Ave,6889,40.795,-73.9645,40.76663814,-73.95348296,member
40669,56F84E0B97581E2B,docked_bike,2021-04-02 14:24:44,2021-04-02 14:46:37,W 100 St & Manhattan Ave,7538,12 Ave & W 125 St,7886,40.795,-73.9645,40.818299,-73.960405,member
42414,EE853761E77CAAA5,docked_bike,2021-04-23 14:06:32,2021-04-23 14:19:50,W 100 St & Manhattan Ave,7538,3 Ave & E 112 St,7543,40.795,-73.9645,40.795508,-73.941606,member
42417,2B1721964C42EF47,docked_bike,2021-04-14 09:33:03,2021-04-14 10:03:39,W 100 St & Manhattan Ave,7538,E 47 St & Park Ave,6584,40.795,-73.9645,40.755103,-73.974987,member
42419,E45CCB4C1B8771A1,docked_bike,2021-04-03 10:55:11,2021-04-03 11:18:27,W 100 St & Manhattan Ave,7538,E 47 St & Park Ave,6584,40.795,-73.9645,40.75510267,-73.97498696,member
42477,088138DC3ED67A62,docked_bike,2021-04-06 12:11:18,2021-04-06 12:22:29,W 100 St & Manhattan Ave,7538,3 Ave & E 112 St,7543,40.795,-73.9645,40.795508,-73.941606,casual
42850,97ECE67720799DB9,docked_bike,2021-04-08 09:12:16,2021-04-08 09:38:45,W 100 St & Manhattan Ave,7538,E 47 St & Park Ave,6584,40.795,-73.9645,40.755103,-73.974987,member
45593,B9CF550DD17788A6,docked_bike,2021-04-10 15:16:50,2021-04-10 16:25:41,W 100 St & Manhattan Ave,7538,Central Park West & W 68 St,7079,40.795,-73.9645,40.7734066,-73.97782542,member
45740,3E9C79772E2B46B7,docked_bike,2021-04-29 13:11:22,2021-04-29 13:25:14,W 100 St & Manhattan Ave,7538,E 58 St & Madison Ave,6839,40.795,-73.9645,40.76302594280519,-73.97209525108337,member
46804,5964AC8AEDE73187,docked_bike,2021-04-12 05:25:00,2021-04-12 05:29:41,W 100 St & Manhattan Ave,7538,5 Ave & E 103 St,7511,40.795,-73.9645,40.7922553,-73.95249933,member
46808,84529213BC7D4CC0,docked_bike,2021-04-20 18:29:53,2021-04-20 18:38:01,W 100 St & Manhattan Ave,7538,5 Ave & E 103 St,7511,40.795,-73.9645,40.7922553,-73.95249933,member
46809,88A606D763685014,docked_bike,2021-04-28 19:43:13,2021-04-28 19:49:28,W 100 St & Manhattan Ave,7538,W 87 St & West End Ave,7484,40.795,-73.9645,40.789622,-73.97757,member
46810,F5841F176B368497,docked_bike,2021-04-20 18:38:24,2021-04-20 18:46:29,W 100 St & Manhattan Ave,7538,W 87 St & West End Ave,7484,40.795,-73.9645,40.789622,-73.97757,member
46811,11E1A340BDA3B5FE,docked_bike,2021-04-27 19:38:48,2021-04-27 19:43:44,W 100 St & Manhattan Ave,7538,W 87 St & West End Ave,7484,40.795,-73.9645,40.789622,-73.97757,member
46817,9E2A672451170855,docked_bike,2021-04-23 18:46:37,2021-04-23 18:53:02,W 100 St & Manhattan Ave,7538,5 Ave & E 103 St,7511,40.795,-73.9645,40.7922553,-73.95249933,member
46818,00D63E837599A7F2,docked_bike,2021-04-20 11:26:44,2021-04-20 11:32:36,W 100 St & Manhattan Ave,7538,5 Ave & E 103 St,7511,40.795,-73.9645,40.7922553,-73.95249933,casual
49677,58CAAC31CA3A97EE,docked_bike,2021-04-23 12:59:52,2021-04-23 13:06:28,W 100 St & Manhattan Ave,7538,5 Ave & E 103 St,7511,40.795,-73.9645,40.7922553,-73.95249933,member
49689,36064242C7A46D20,docked_bike,2021-04-23 17:24:11,2021-04-23 17:32:40,W 100 St & Manhattan Ave,7538,5 Ave & E 103 St,7511,40.795,-73.9645,40.7922553,-73.95249933,casual
49692,DA64016094D2C482,docked_bike,2021-04-09 12:15:05,2021-04-09 12:26:23,W 100 St & Manhattan Ave,7538,W 87 St & West End Ave,7484,40.795,-73.9645,40.789622,-73.97757,member
49693,FE2CA03416442FB2,docked_bike,2021-04-04 22:13:36,2021-04-04 22:23:47,W 100 St & Manhattan Ave,7538,W 87 St & West End Ave,7484,40.795,-73.9645,40.789622,-73.97757,member
49698,F4F332EDE2A064B3,docked_bike,2021-04-06 16:19:47,2021-04-06 16:28:57,W 100 St & Manhattan Ave,7538,5 Ave & E 103 St,7511,40.795,-73.9645,40.7922553,-73.95249933,member
49702,8D3220BE138E2618,docked_bike,2021-04-02 18:05:35,2021-04-02 18:15:11,W 100 St & Manhattan Ave,7538,Madison Ave & E 120 St,7667,40.795,-73.9645,40.80295,-73.942954,member
49703,807BA5381807252E,docked_bike,2021-04-14 20:11:48,2021-04-14 20:21:55,W 100 St & Manhattan Ave,7538,Madison Ave & E 120 St,7667,40.795,-73.9645,40.80295,-73.942954,member
49704,2BD35102E6BF93E7,docked_bike,2021-04-19 19:40:58,2021-04-19 19:50:21,W 100 St & Manhattan Ave,7538,Madison Ave & E 120 St,7667,40.795,-73.9645,40.80295,-73.942954,member
49898,C1A054DB2E7D2780,docked_bike,2021-04-14 17:29:17,2021-04-14 17:35:14,W 100 St & Manhattan Ave,7538,5 Ave & E 103 St,7511,40.795,-73.9645,40.7922553,-73.95249933,member
49903,B1BB764E9D3F4FD5,docked_bike,2021-04-16 05:34:51,2021-04-16 05:39:10,W 100 St & Manhattan Ave,7538,5 Ave & E 103 St,7511,40.795,-73.9645,40.7922553,-73.95249933,member
49907,33E4D13B77A1312F,docked_bike,2021-04-30 18:17:33,2021-04-30 18:27:39,W 100 St & Manhattan Ave,7538,Madison Ave & E 120 St,7667,40.795,-73.9645,40.80295,-73.942954,member
49908,EBA770DEE4A9A0C3,docked_bike,2021-04-26 21:18:17,2021-04-26 21:27:40,W 100 St & Manhattan Ave,7538,Madison Ave & E 120 St,7667,40.795,-73.9645,40.80295,-73.942954,member
50943,E2E8D0718F4ADB4B,docked_bike,2021-04-23 16:18:07,2021-04-23 16:54:28,W 100 St & Manhattan Ave,7538,3 Ave & E 72 St,7028,40.795,-73.9645,40.7699426,-73.96060712,casual
50947,065FF6F633B8A292,docked_bike,2021-04-20 10:05:02,2021-04-20 10:23:34,W 100 St & Manhattan Ave,7538,5 Ave & E 78 St,7161,40.795,-73.9645,40.77632142182271,-73.96427392959595,member
50951,6023D484762B6F40,docked_bike,2021-04-21 06:57:14,2021-04-21 07:09:01,W 100 St & Manhattan Ave,7538,5 Ave & E 78 St,7161,40.795,-73.9645,40.776321,-73.964274,member
50952,75B07EBEC04F02C7,docked_bike,2021-04-20 06:48:31,2021-04-20 07:03:21,W 100 St & Manhattan Ave,7538,5 Ave & E 78 St,7161,40.795,-73.9645,40.776321,-73.964274,member
52921,73B185C35A996499,docked_bike,2021-04-05 19:22:28,2021-04-05 19:46:33,W 100 St & Manhattan Ave,7538,3 Ave & E 72 St,7028,40.795,-73.9645,40.7699426,-73.96060712,casual
52925,8843BF2EE4091C55,docked_bike,2021-04-18 12:17:51,2021-04-18 12:34:17,W 100 St & Manhattan Ave,7538,Riverside Dr & W 72 St,7288,40.795,-73.9645,40.78057799010334,-73.98562431335449,casual
52959,9E2CA5C6A4EE55F3,docked_bike,2021-04-28 20:11:32,2021-04-28 20:45:38,W 100 St & Manhattan Ave,7538,W 20 St & 7 Ave,6182,40.795,-73.9645,40.74238787,-73.99726235,member
52960,7DAA501EA76FFB10,docked_bike,2021-04-28 06:41:22,2021-04-28 06:56:41,W 100 St & Manhattan Ave,7538,5 Ave & E 78 St,7161,40.795,-73.9645,40.77632142182271,-73.96427392959595,member
52961,4C1865FEAB8D2780,docked_bike,2021-04-09 06:35:49,2021-04-09 06:50:50,W 100 St & Manhattan Ave,7538,5 Ave & E 78 St,7161,40.795,-73.9645,40.776321,-73.964274,member
52962,5BFB8D74860956E7,docked_bike,2021-04-14 06:39:36,2021-04-14 06:54:54,W 100 St & Manhattan Ave,7538,5 Ave & E 78 St,7161,40.795,-73.9645,40.776321,-73.964274,member
52964,EBB8F481BC67C854,docked_bike,2021-04-18 12:16:20,2021-04-18 12:34:13,W 100 St & Manhattan Ave,7538,Riverside Dr & W 72 St,7288,40.795,-73.9645,40.78057799010334,-73.98562431335449,member
53517,28CA63EA578C5F80,docked_bike,2021-04-25 13:24:11,2021-04-25 13:28:06,W 100 St & Manhattan Ave,7538,W 104 St & Amsterdam Ave,7610,40.795,-73.9645,40.79904139288298,-73.96649479866028,member
56773,B1D87951033AFEC0,docked_bike,2021-04-19 07:49:01,2021-04-19 08:08:24,W 100 St & Manhattan Ave,7538,1 Ave & E 68 St,6822,40.795,-73.9645,40.76500525,-73.95818491,casual
56779,5B8A9B8E1124C43F,docked_bike,2021-04-12 08:22:53,2021-04-12 08:37:19,W 100 St & Manhattan Ave,7538,1 Ave & E 68 St,6822,40.795,-73.9645,40.76500525,-73.95818491,member
58112,FE036D5BC96D5B2C,docked_bike,2021-04-19 15:43:53,2021-04-19 15:56:45,W 100 St & Manhattan Ave,7538,Columbus Ave & W 103 St,7595,40.795,-73.9645,40.7969347,-73.9643412291,member
58113,66EA07BCF60DFBE4,docked_bike,2021-04-30 12:31:09,2021-04-30 13:17:24,W 100 St & Manhattan Ave,7538,Central Park North & Adam Clayton Powell Blvd,7617,40.795,-73.9645,40.799484,-73.955613,casual
61102,AB41DFD196D9F538,docked_bike,2021-04-28 06:27:32,2021-04-28 06:43:42,W 100 St & Manhattan Ave,7538,Broadway & W 36 St,6441,40.795,-73.9645,40.75097711,-73.98765428,member
62290,7577A61491067EF4,docked_bike,2021-04-14 06:20:52,2021-04-14 06:37:00,W 100 St & Manhattan Ave,7538,Broadway & W 36 St,6441,40.795,-73.9645,40.75097711,-73.98765428,member
62291,FD56B4A33BD060B3,docked_bike,2021-04-07 06:28:56,2021-04-07 06:46:46,W 100 St & Manhattan Ave,7538,Broadway & W 36 St,6441,40.795,-73.9645,40.75097711,-73.98765428,member
62446,C93595EB91735DDA,docked_bike,2021-04-01 16:40:45,2021-04-01 17:34:03,W 100 St & Manhattan Ave,7538,31 St & 23 Ave,7144,40.795,-73.9645,40.7747878,-73.9125551,casual
62605,2050111D533C57D9,docked_bike,2021-04-13 06:29:27,2021-04-13 06:47:52,W 100 St & Manhattan Ave,7538,Broadway & W 36 St,6441,40.795,-73.9645,40.75097711,-73.98765428,member
62606,D98154CB43DFDE82,docked_bike,2021-04-27 06:36:39,2021-04-27 06:52:27,W 100 St & Manhattan Ave,7538,Broadway & W 36 St,6441,40.795,-73.9645,40.75097711,-73.98765428,member
62812,93DA420E7E2EBD3D,docked_bike,2021-04-08 16:11:34,2021-04-08 16:25:12,W 100 St & Manhattan Ave,7538,Lexington Ave & E 111 St,7567,40.795,-73.9645,40.795412,-73.944123,member
64703,2D6E2808960B0B2B,docked_bike,2021-04-26 16:58:50,2021-04-26 17:20:50,W 100 St & Manhattan Ave,7538,W 42 St & 6 Ave,6517,40.795,-73.9645,40.75492,-73.98455,member
65210,C59128CA379C239E,docked_bike,2021-04-19 16:10:44,2021-04-19 16:18:01,W 100 St & Manhattan Ave,7538,Lenox Ave & W 117 St,7655,40.795,-73.9645,40.8025566,-73.9490782,member
65451,6A41D90F6604A123,docked_bike,2021-04-04 09:28:57,2021-04-04 09:36:39,W 100 St & Manhattan Ave,7538,Lenox Ave & W 117 St,7655,40.795,-73.9645,40.8025566,-73.9490782,casual
65454,99383536206ECD2E,docked_bike,2021-04-10 23:17:56,2021-04-10 23:30:49,W 100 St & Manhattan Ave,7538,W 53 St & 10 Ave,6890,40.795,-73.9645,40.76669671,-73.99061728,casual
65855,90EC3CB0711A5A87,docked_bike,2021-04-20 23:53:05,2021-04-21 00:06:57,W 100 St & Manhattan Ave,7538,Lenox Ave & W 117 St,7655,40.795,-73.9645,40.8025566,-73.9490782,member
69875,3B7953CDF62794BF,docked_bike,2021-04-28 20:18:11,2021-04-28 20:53:44,W 100 St & Manhattan Ave,7538,Lexington Ave & E 36 St,6313,40.795,-73.9645,40.7475739589548,-73.9788007736206,member
69888,2127D92A1F9A6088,docked_bike,2021-04-27 17:33:41,2021-04-27 17:56:52,W 100 St & Manhattan Ave,7538,Lexington Ave & E 36 St,6313,40.795,-73.9645,40.7475739589548,-73.9788007736206,member
71648,1784CB11E37F4C44,docked_bike,2021-04-08 07:47:50,2021-04-08 08:07:51,W 100 St & Manhattan Ave,7538,Willis Ave & E 143 St,7798,40.795,-73.9645,40.812299,-73.92037,member
75504,9375B3399A0F10CD,docked_bike,2021-04-22 15:40:06,2021-04-22 15:46:50,W 100 St & Manhattan Ave,7538,Lenox Ave & W 111 St,7602,40.795,-73.9645,40.7987859,-73.9523,member
75830,0103E3C124F1B7CA,docked_bike,2021-04-19 16:16:18,2021-04-19 16:23:13,W 100 St & Manhattan Ave,7538,Lenox Ave & W 111 St,7602,40.795,-73.9645,40.7987859,-73.9523,casual
75836,534A5BBBFA166364,docked_bike,2021-04-27 21:06:16,2021-04-27 21:17:24,W 100 St & Manhattan Ave,7538,Lenox Ave & W 111 St,7602,40.795,-73.9645,40.7987859,-73.9523,member
75967,954382EECE856D1B,docked_bike,2021-04-15 09:22:27,2021-04-15 09:33:05,W 100 St & Manhattan Ave,7538,E 98 St & Park Ave,7443,40.795,-73.9645,40.78813,-73.95206,member
75968,F48440CA5C18B2EA,docked_bike,2021-04-20 08:26:21,2021-04-20 08:40:28,W 100 St & Manhattan Ave,7538,E 98 St & Park Ave,7443,40.795,-73.9645,40.78813,-73.95206,member
76427,94DB736643178CED,docked_bike,2021-04-19 13:08:29,2021-04-19 13:41:04,W 100 St & Manhattan Ave,7538,12 Ave & W 40 St,6765,40.795,-73.9645,40.76087502,-74.00277668,member
77154,6B55988899A85C8F,docked_bike,2021-04-28 15:55:10,2021-04-28 16:58:54,W 100 St & Manhattan Ave,7538,Broadway & W 60 St,6948,40.795,-73.9645,40.76915505,-73.98191841,casual
77156,6E71954FC5B3EDC7,docked_bike,2021-04-18 13:59:30,2021-04-18 14:19:07,W 100 St & Manhattan Ave,7538,Broadway & W 60 St,6948,40.795,-73.9645,40.76915505,-73.98191841,casual
77165,B7828E99E8111F91,docked_bike,2021-04-10 17:52:43,2021-04-10 18:30:45,W 100 St & Manhattan Ave,7538,Broadway & W 60 St,6948,40.795,-73.9645,40.76915505,-73.98191841,member
77168,4C9F562C44F59348,docked_bike,2021-04-20 17:59:47,2021-04-20 18:18:14,W 100 St & Manhattan Ave,7538,Broadway & W 60 St,6948,40.795,-73.9645,40.76915505,-73.98191841,casual
77169,A417699BAA5A9833,docked_bike,2021-04-02 10:55:12,2021-04-02 11:14:35,W 100 St & Manhattan Ave,7538,E 55 St & 2 Ave,6650,40.795,-73.9645,40.75797322,-73.96603308,casual
77987,C9EA32EBA62B6F7C,docked_bike,2021-04-28 17:14:31,2021-04-28 17:37:03,W 100 St & Manhattan Ave,7538,Broadway & W 60 St,6948,40.795,-73.9645,40.76915505,-73.98191841,member
82255,245F1813D64A497C,docked_bike,2021-04-13 09:36:25,2021-04-13 09:59:28,W 100 St & Manhattan Ave,7538,E 45 St & 3 Ave,6464,40.795,-73.9645,40.75255434,-73.97282625,member
82429,D0C193BC2A2C2646,docked_bike,2021-04-19 13:17:24,2021-04-19 13:57:05,W 100 St & Manhattan Ave,7538,31 Ave & Steinway St,6782,40.795,-73.9645,40.7611488,-73.9170071,member
82430,9B4EDD338FDEE95D,docked_bike,2021-04-10 13:43:06,2021-04-10 14:10:52,W 100 St & Manhattan Ave,7538,W 37 St & 5 Ave,6398,40.795,-73.9645,40.75038009,-73.98338988,member
83182,C3F4BEB512103062,docked_bike,2021-04-24 16:10:04,2021-04-24 16:26:41,W 100 St & Manhattan Ave,7538,2 Ave & E 96 St,7338,40.795,-73.9645,40.7839636,-73.9471673,member
85738,52EF6817BC96E39B,docked_bike,2021-04-04 14:55:34,2021-04-04 15:01:10,W 100 St & Manhattan Ave,7538,Frederick Douglass Blvd & W 112 St,7631,40.795,-73.9645,40.801694,-73.957145,member
85743,5087F60AD0F6B3E7,docked_bike,2021-04-13 16:08:59,2021-04-13 16:13:44,W 100 St & Manhattan Ave,7538,Frederick Douglass Blvd & W 112 St,7631,40.795,-73.9645,40.801694,-73.957145,member
86285,35268EAFB094B78A,docked_bike,2021-04-08 17:43:02,2021-04-08 17:52:40,Amsterdam Ave & W 136 St,7920,Central Park W & W 97 St,7538,40.819746,-73.951819,40.79249519495111,-73.96417066463071,member
86344,CF110D7FEEDD1F63,docked_bike,2021-04-21 10:36:56,2021-04-21 11:12:21,E 15 St & 3 Ave,5863,Central Park W & W 97 St,7538,40.734232,-73.986923,40.79249519495111,-73.96417066463071,member
86350,E38FA8AB2D9F7083,docked_bike,2021-04-13 10:51:56,2021-04-13 11:34:11,E 15 St & 3 Ave,5863,Central Park W & W 97 St,7538,40.734232,-73.986923,40.792495,-73.964171,member
86367,BCF8E1752E6B7B5A,docked_bike,2021-04-19 18:26:35,2021-04-19 18:33:57,Central Park West & W 72 St,7141,Central Park W & W 97 St,7538,40.775793,-73.976205,40.79249519495111,-73.96417066463071,member
86369,2A02A3A2912F172D,docked_bike,2021-04-18 15:44:40,2021-04-18 15:57:03,W 116 St & Broadway,7713,Central Park W & W 97 St,7538,40.8082,-73.9641,40.79249519495111,-73.96417066463071,member
86370,2646BC66F5563334,docked_bike,2021-04-21 18:43:01,2021-04-21 18:51:14,Central Park West & W 72 St,7141,Central Park W & W 97 St,7538,40.775793,-73.976205,40.79249519495111,-73.96417066463071,member
86372,D8B1E203B52BE896,docked_bike,2021-04-05 17:38:25,2021-04-05 18:23:47,Central Park West & W 72 St,7141,Central Park W & W 97 St,7538,40.775793,-73.976205,40.79249519495111,-73.96417066463071,casual
86373,771C9DB966AC3516,docked_bike,2021-04-06 10:13:45,2021-04-06 10:23:59,Central Park West & W 72 St,7141,Central Park W & W 97 St,7538,40.775793,-73.976205,40.79249519495111,-73.96417066463071,member
86374,EE762EEC2AF6ED31,docked_bike,2021-04-10 10:44:07,2021-04-10 10:52:43,Central Park West & W 72 St,7141,Central Park W & W 97 St,7538,40.775793,-73.976205,40.79249519495111,-73.96417066463071,member
86375,619DBAC26DF39F1F,docked_bike,2021-04-02 09:53:33,2021-04-02 10:03:25,Central Park West & W 72 St,7141,Central Park W & W 97 St,7538,40.775793,-73.976205,40.79249519495111,-73.96417066463071,member
86376,F2D35CD35C214C9C,docked_bike,2021-04-26 11:06:01,2021-04-26 11:16:45,Central Park West & W 72 St,7141,Central Park W & W 97 St,7538,40.775793,-73.976205,40.79249519495111,-73.96417066463071,member
86381,B25FF9E8C4768828,docked_bike,2021-04-07 11:29:29,2021-04-07 11:36:15,Central Park West & W 72 St,7141,Central Park W & W 97 St,7538,40.775793,-73.976205,40.79249519495111,-73.96417066463071,member
86393,2F7E096049A13C60,docked_bike,2021-04-24 18:35:31,2021-04-24 18:45:29,Central Park West & W 72 St,7141,Central Park W & W 97 St,7538,40.775793,-73.976205,40.79249519495111,-73.96417066463071,casual
86394,62B2D1B3CBBE436B,docked_bike,2021-04-17 10:37:55,2021-04-17 10:51:35,Central Park West & W 72 St,7141,Central Park W & W 97 St,7538,40.775793,-73.976205,40.79249519495111,-73.96417066463071,casual
86397,B64FF19C3E5FE34F,docked_bike,2021-04-19 15:44:28,2021-04-19 15:51:14,Central Park West & W 72 St,7141,Central Park W & W 97 St,7538,40.775793,-73.976205,40.79249519495111,-73.96417066463071,member
86398,5D6C65E12098895F,docked_bike,2021-04-09 22:34:24,2021-04-09 22:47:30,Central Park West & W 72 St,7141,Central Park W & W 97 St,7538,40.775793,-73.976205,40.79249519495111,-73.96417066463071,casual
86401,BB57120A54F0C02F,docked_bike,2021-04-10 19:08:53,2021-04-10 19:19:17,Central Park West & W 72 St,7141,Central Park W & W 97 St,7538,40.775793,-73.976205,40.79249519495111,-73.96417066463071,member
86403,6B9A0F4A5628C5FC,docked_bike,2021-04-07 17:53:28,2021-04-07 18:16:40,Broadway & W 38 St,6441,Central Park W & W 97 St,7538,40.752996,-73.987216,40.79249519495111,-73.96417066463071,member
86407,B4149B3737B3EB3F,docked_bike,2021-04-20 19:46:06,2021-04-20 19:57:39,Central Park West & W 72 St,7141,Central Park W & W 97 St,7538,40.775793,-73.976205,40.79249519495111,-73.96417066463071,casual
86409,09BAB404F9F8DFA8,docked_bike,2021-04-19 18:06:19,2021-04-19 18:26:40,Broadway & W 38 St,6441,Central Park W & W 97 St,7538,40.752996,-73.987216,40.79249519495111,-73.96417066463071,member
86410,23CFA2D42E836E42,docked_bike,2021-04-18 17:58:54,2021-04-18 18:56:42,Central Park West & W 72 St,7141,Central Park W & W 97 St,7538,40.775793,-73.976205,40.79249519495111,-73.96417066463071,member
86411,E81B64DD68E179E0,docked_bike,2021-04-27 21:48:45,2021-04-27 22:33:37,Central Park West & W 72 St,7141,Central Park W & W 97 St,7538,40.775793,-73.976205,40.79249519495111,-73.96417066463071,member
86412,1E0BA567E6BD4CD7,docked_bike,2021-04-30 19:31:08,2021-04-30 20:18:53,Central Park West & W 72 St,7141,Central Park W & W 97 St,7538,40.775793,-73.976205,40.79249519495111,-73.96417066463071,member
86413,CDF3802D4A3012C2,docked_bike,2021-04-07 19:35:44,2021-04-07 20:20:01,Central Park West & W 72 St,7141,Central Park W & W 97 St,7538,40.775793,-73.976205,40.79249519495111,-73.96417066463071,member
86419,C75EE7DD159C5F4E,docked_bike,2021-04-19 18:42:16,2021-04-19 19:08:36,E 72 St & York Ave,6889,Central Park W & W 97 St,7538,40.766638,-73.953482,40.79249519495111,-73.96417066463071,member
86425,40C080FD9CBE668D,docked_bike,2021-04-13 19:10:47,2021-04-13 19:47:03,E 65 St & 2 Ave,6860,Central Park W & W 97 St,7538,40.764718,-73.96222,40.79249519495111,-73.96417066463071,member
86427,5B9504B979FD86D8,docked_bike,2021-04-26 15:56:04,2021-04-26 16:13:26,E 72 St & York Ave,6889,Central Park W & W 97 St,7538,40.766638,-73.953482,40.79249519495111,-73.96417066463071,member
86447,3DC64D465C19A64C,docked_bike,2021-04-13 18:35:28,2021-04-13 18:42:31,Central Park North & Adam Clayton Powell Blvd,7617,Central Park W & W 97 St,7538,40.799484,-73.955613,40.79249519495111,-73.96417066463071,member
86449,C589D2615D3AAA9E,docked_bike,2021-04-05 08:31:32,2021-04-05 08:38:54,Central Park North & Adam Clayton Powell Blvd,7617,Central Park W & W 97 St,7538,40.799484,-73.955613,40.79249519495111,-73.96417066463071,casual
86452,EE05CBB2144A6FFF,docked_bike,2021-04-10 17:50:55,2021-04-10 18:22:20,Central Park North & Adam Clayton Powell Blvd,7617,Central Park W & W 97 St,7538,40.799484,-73.955613,40.792495,-73.964171,casual
86457,8F7C51C08F9FA8DD,docked_bike,2021-04-28 16:26:00,2021-04-28 16:55:53,Central Park North & Adam Clayton Powell Blvd,7617,Central Park W & W 97 St,7538,40.799484,-73.955613,40.79249519495111,-73.96417066463071,casual
86498,23F5677887CD1BC4,docked_bike,2021-04-26 16:55:31,2021-04-26 17:32:58,Frederick Douglass Blvd & W 112 St,7631,Central Park W & W 97 St,7538,40.801694,-73.957145,40.79249519495111,-73.96417066463071,casual
86518,948D9586167986D8,docked_bike,2021-04-04 17:45:31,2021-04-04 18:05:07,5 Ave & E 93 St,7372,Central Park W & W 97 St,7538,40.785785,-73.957481,40.79249519495111,-73.96417066463071,casual
86519,D12B0EA8DE103BA1,docked_bike,2021-04-16 15:18:55,2021-04-16 15:26:16,5 Ave & E 93 St,7372,Central Park W & W 97 St,7538,40.785785,-73.957481,40.79249519495111,-73.96417066463071,member
86520,239B7C1FFF1ECD30,docked_bike,2021-04-19 18:54:47,2021-04-19 19:01:41,5 Ave & E 103 St,7511,Central Park W & W 97 St,7538,40.792255,-73.952499,40.79249519495111,-73.96417066463071,member
86521,6D37DA88FA46D6AB,docked_bike,2021-04-23 19:19:51,2021-04-23 19:26:45,5 Ave & E 103 St,7511,Central Park W & W 97 St,7538,40.792255,-73.952499,40.79249519495111,-73.96417066463071,member
86522,260DAF8A6732938F,docked_bike,2021-04-21 18:48:26,2021-04-21 18:57:07,5 Ave & E 103 St,7511,Central Park W & W 97 St,7538,40.792255,-73.952499,40.79249519495111,-73.96417066463071,member
86523,A84487D1B86DF40C,docked_bike,2021-04-10 13:02:48,2021-04-10 13:24:22,E 66 St & Madison Ave,6969,Central Park W & W 97 St,7538,40.768008,-73.968452,40.79249519495111,-73.96417066463071,member
86536,B7E8730E2AF72DEC,docked_bike,2021-04-22 20:06:51,2021-04-22 20:16:13,Columbus Ave & W 72 St,7175,Central Park W & W 97 St,7538,40.777057,-73.978984,40.79249519495111,-73.96417066463071,member
86539,35985557B6B530BC,docked_bike,2021-04-22 17:00:15,2021-04-22 17:10:40,Columbus Ave & W 72 St,7175,Central Park W & W 97 St,7538,40.777057,-73.978984,40.79249519495111,-73.96417066463071,member
86545,1D4C192C150A4AEE,docked_bike,2021-04-12 16:36:32,2021-04-12 16:38:34,Central Park W & W 103 St,7577,Central Park W & W 97 St,7538,40.796036,-73.961589,40.79249519495111,-73.96417066463071,member
86546,0AC958FBB8C9662F,docked_bike,2021-04-04 21:39:04,2021-04-04 21:40:55,Central Park W & W 103 St,7577,Central Park W & W 97 St,7538,40.796036,-73.961589,40.79249519495111,-73.96417066463071,member
86550,4F0FB9CFFF12E8EC,docked_bike,2021-04-16 12:29:32,2021-04-16 12:38:12,W 106 St & Central Park West,7606,Central Park W & W 97 St,7538,40.798185,-73.96059,40.79249519495111,-73.96417066463071,casual
86551,30656B68890CDC3C,docked_bike,2021-04-16 12:42:19,2021-04-16 12:45:27,W 106 St & Central Park West,7606,Central Park W & W 97 St,7538,40.798185,-73.96059,40.79249519495111,-73.96417066463071,member
86552,39B57C39FB1D7FCD,docked_bike,2021-04-14 09:54:51,2021-04-14 09:57:12,Central Park W & W 103 St,7577,Central Park W & W 97 St,7538,40.796036,-73.961589,40.79249519495111,-73.96417066463071,member
86553,7FD96908949DD4D3,docked_bike,2021-04-28 16:10:23,2021-04-28 16:27:45,Central Park W & W 103 St,7577,Central Park W & W 97 St,7538,40.796036,-73.961589,40.79249519495111,-73.96417066463071,casual
86555,D18D62B371C439F3,docked_bike,2021-04-20 12:34:03,2021-04-20 12:35:41,Central Park W & W 103 St,7577,Central Park W & W 97 St,7538,40.796036,-73.961589,40.79249519495111,-73.96417066463071,member
86557,8654B9EDCE568CDE,docked_bike,2021-04-20 13:55:49,2021-04-20 13:58:36,W 106 St & Central Park West,7606,Central Park W & W 97 St,7538,40.798185,-73.96059,40.79249519495111,-73.96417066463071,member
86558,706F63E453CBE8A4,docked_bike,2021-04-28 06:11:11,2021-04-28 06:12:53,Central Park W & W 103 St,7577,Central Park W & W 97 St,7538,40.796036,-73.961589,40.79249519495111,-73.96417066463071,member
86560,970724CCCAE165B7,docked_bike,2021-04-28 18:09:56,2021-04-28 18:12:32,W 106 St & Central Park West,7606,Central Park W & W 97 St,7538,40.798185,-73.96059,40.79249519495111,-73.96417066463071,member
86561,1746B32028EA0C79,docked_bike,2021-04-24 15:53:32,2021-04-24 15:57:05,W 106 St & Central Park West,7606,Central Park W & W 97 St,7538,40.798185,-73.96059,40.79249519495111,-73.96417066463071,member
86562,4C046C40A8878E87,docked_bike,2021-04-20 19:34:40,2021-04-20 19:37:17,Central Park W & W 103 St,7577,Central Park W & W 97 St,7538,40.796036,-73.961589,40.79249519495111,-73.96417066463071,member
86563,20654A48328CEFE7,docked_bike,2021-04-06 16:53:17,2021-04-06 17:36:12,Central Park W & W 103 St,7577,Central Park W & W 97 St,7538,40.796037,-73.961589,40.792495,-73.964171,casual
86567,68DE446A7AC98B42,docked_bike,2021-04-13 17:14:47,2021-04-13 17:19:54,W 104 St & Amsterdam Ave,7610,Central Park W & W 97 St,7538,40.799041,-73.966494,40.79249519495111,-73.96417066463071,member
86573,AC7442B55BA2C063,docked_bike,2021-04-23 10:25:17,2021-04-23 10:30:59,W 104 St & Amsterdam Ave,7610,Central Park W & W 97 St,7538,40.799041,-73.966494,40.79249519495111,-73.96417066463071,casual
86577,61151F10F193F8A7,docked_bike,2021-04-20 09:03:49,2021-04-20 09:08:18,W 104 St & Amsterdam Ave,7610,Central Park W & W 97 St,7538,40.799041,-73.966494,40.79249519495111,-73.96417066463071,member
86578,AEB26E372AC62EBB,docked_bike,2021-04-13 09:07:00,2021-04-13 09:11:53,W 104 St & Amsterdam Ave,7610,Central Park W & W 97 St,7538,40.799041,-73.966495,40.792495,-73.964171,member
86579,1DDC9A16AA221D0F,docked_bike,2021-04-06 10:17:17,2021-04-06 10:23:14,W 104 St & Amsterdam Ave,7610,Central Park W & W 97 St,7538,40.799041,-73.966495,40.792495,-73.964171,member
86580,B512683BE39EBA55,docked_bike,2021-04-27 09:03:00,2021-04-27 09:08:24,W 104 St & Amsterdam Ave,7610,Central Park W & W 97 St,7538,40.799041,-73.966494,40.79249519495111,-73.96417066463071,member
86595,00248F7A90C44E99,docked_bike,2021-04-24 15:45:44,2021-04-24 16:23:13,W 104 St & Amsterdam Ave,7610,Central Park W & W 97 St,7538,40.799041,-73.966494,40.79249519495111,-73.96417066463071,member
86608,A908FBF56AF4E8DF,docked_bike,2021-04-27 06:38:42,2021-04-27 06:42:10,W 104 St & Amsterdam Ave,7610,Central Park W & W 97 St,7538,40.799041,-73.966494,40.79249519495111,-73.96417066463071,member
86610,401CDD148ECEFC32,docked_bike,2021-04-24 09:05:26,2021-04-24 09:11:20,W 104 St & Amsterdam Ave,7610,Central Park W & W 97 St,7538,40.799041,-73.966494,40.79249519495111,-73.96417066463071,member
86611,06DB4165AAD1E4EF,docked_bike,2021-04-21 08:28:48,2021-04-21 08:35:58,W 104 St & Amsterdam Ave,7610,Central Park W & W 97 St,7538,40.799041,-73.966494,40.79249519495111,-73.96417066463071,member
86622,FAFBF1DB3084C8D6,docked_bike,2021-04-14 15:07:01,2021-04-14 15:25:55,6 Ave & W 33 St,6364,Central Park W & W 97 St,7538,40.749012,-73.988483,40.79249519495111,-73.96417066463071,member
86623,3530927C6F223C2C,docked_bike,2021-04-06 15:05:32,2021-04-06 15:56:44,E 4 St & 2 Ave,5593,Central Park W & W 97 St,7538,40.72628,-73.98978,40.79249519495111,-73.96417066463071,member
86631,6209E02A3A23B5A6,docked_bike,2021-04-24 17:32:29,2021-04-24 17:51:00,E 91 St & 2 Ave,7286,Central Park W & W 97 St,7538,40.781122,-73.949655,40.79249519495111,-73.96417066463071,member
86642,8D9EFC8FCF9AE642,docked_bike,2021-04-24 17:37:12,2021-04-24 18:05:06,Lenox Ave & W 115 St,7627,Central Park W & W 97 St,7538,40.801193,-73.950073,40.79249519495111,-73.96417066463071,member
86645,018F2661571860F6,docked_bike,2021-04-08 13:41:21,2021-04-08 14:08:54,W 100 St & Manhattan Ave,7538,2 Ave & E 125 St,7648,40.795,-73.9645,40.802554,-73.933509,member
86646,CAB2AAB8E521CFA6,docked_bike,2021-04-03 17:56:38,2021-04-03 18:37:35,E 7 St & Avenue A,5626,Central Park W & W 97 St,7538,40.726217,-73.983798,40.79249519495111,-73.96417066463071,member
86647,0184677E97645D6E,docked_bike,2021-04-25 00:55:56,2021-04-25 01:00:32,W 100 St & Manhattan Ave,7538,Central Park W & W 97 St,7538,40.795,-73.9645,40.79249519495111,-73.96417066463071,member
86648,D60D4A78268B176F,docked_bike,2021-04-07 22:41:16,2021-04-07 22:43:53,W 100 St & Manhattan Ave,7538,Central Park W & W 97 St,7538,40.795,-73.9645,40.79249519495111,-73.96417066463071,member
86649,C7B01C8BC34FD2A5,docked_bike,2021-04-19 21:44:48,2021-04-19 21:48:22,W 100 St & Manhattan Ave,7538,Central Park W & W 97 St,7538,40.795,-73.9645,40.79249519495111,-73.96417066463071,member
86650,83B747DE8F05A256,docked_bike,2021-04-30 15:10:31,2021-04-30 15:17:35,W 84 St & Broadway,7409,Central Park W & W 97 St,7538,40.786794,-73.977112,40.79249519495111,-73.96417066463071,member
86653,04A82EDC0BE3D5E4,docked_bike,2021-04-23 14:45:12,2021-04-23 15:25:54,E 31 St & 3 Ave,6239,Central Park W & W 97 St,7538,40.743943,-73.97966,40.79249519495111,-73.96417066463071,member
86658,82235854E723A792,docked_bike,2021-04-28 05:57:02,2021-04-28 06:04:11,Amsterdam Ave & W 82 St,7360,Central Park W & W 97 St,7538,40.785246,-73.976673,40.79249519495111,-73.96417066463071,member
86661,08234D04A3DEB916,docked_bike,2021-04-16 10:59:24,2021-04-16 11:27:38,E 67 St & Park Ave,6932,Central Park W & W 97 St,7538,40.7678,-73.96592,40.79249519495111,-73.96417066463071,casual
86664,F388B7296F4668F5,docked_bike,2021-04-16 10:59:37,2021-04-16 11:27:30,E 67 St & Park Ave,6932,Central Park W & W 97 St,7538,40.7678,-73.96592,40.79249519495111,-73.96417066463071,member
86667,E9DA974E5E255086,docked_bike,2021-04-13 21:45:46,2021-04-13 21:51:13,Amsterdam Ave & W 82 St,7360,Central Park W & W 97 St,7538,40.785246,-73.976673,40.79249519495111,-73.96417066463071,member
86689,2362604C874F53F3,docked_bike,2021-04-10 18:58:42,2021-04-10 19:31:53,6 Ave & W 34 St,6364,Central Park W & W 97 St,7538,40.74964,-73.98805,40.79249519495111,-73.96417066463071,member
86705,93E6E7416480328D,docked_bike,2021-04-29 16:41:11,2021-04-29 17:04:57,W 49 St & 8 Ave,6747,Central Park W & W 97 St,7538,40.762272,-73.987882,40.79249519495111,-73.96417066463071,member
86722,8E682B3DEBCBAE10,docked_bike,2021-04-23 12:54:35,2021-04-23 13:18:17,W 44 St & 5 Ave,6551,Central Park W & W 97 St,7538,40.755002,-73.980144,40.79249519495111,-73.96417066463071,member
86742,ABC6EEB1AEEF11D0,docked_bike,2021-04-07 17:23:08,2021-04-07 17:35:53,Adam Clayton Powell Blvd & W 130 St,7774,Central Park W & W 97 St,7538,40.812346,-73.946168,40.79249519495111,-73.96417066463071,member
86746,5A0A8C79DB3FEE94,docked_bike,2021-04-09 06:02:08,2021-04-09 06:09:48,Adam Clayton Powell Blvd & W 118 St,7670,Central Park W & W 97 St,7538,40.804372,-73.951475,40.79249519495111,-73.96417066463071,member
86777,97C2DC49DE1031BD,docked_bike,2021-04-17 08:07:10,2021-04-17 08:17:25,E 102 St & Park Ave,7488,Central Park W & W 97 St,7538,40.790482,-73.95033,40.79249519495111,-73.96417066463071,member
86780,59CF8CE321313E42,docked_bike,2021-04-19 20:24:24,2021-04-19 20:48:35,E 102 St & Park Ave,7488,Central Park W & W 97 St,7538,40.790482,-73.95033,40.79249519495111,-73.96417066463071,member
86810,159BE7A805FF864E,docked_bike,2021-04-27 14:48:03,2021-04-27 15:39:19,W 82 St & Central Park West,7304,Central Park W & W 97 St,7538,40.78275,-73.97137,40.79249519495111,-73.96417066463071,casual
86815,AE838B66BC65D00B,docked_bike,2021-04-13 18:47:36,2021-04-13 18:55:21,W 82 St & Central Park West,7304,Central Park W & W 97 St,7538,40.78275,-73.97137,40.79249519495111,-73.96417066463071,member
86834,B241749E990BFF72,docked_bike,2021-04-03 12:14:51,2021-04-03 12:51:32,Broadway & W 60 St,6948,Central Park W & W 97 St,7538,40.769155,-73.981918,40.79249519495111,-73.96417066463071,casual
86855,B3702971336B79C7,docked_bike,2021-04-10 16:42:34,2021-04-10 17:29:25,W 74 St & Columbus Ave,7230,Central Park W & W 97 St,7538,40.778566,-73.977549,40.79249519495111,-73.96417066463071,casual
86867,6F609AA9C0632EF1,docked_bike,2021-04-02 17:00:58,2021-04-02 17:28:59,9 Ave & W 45 St,6717,Central Park W & W 97 St,7538,40.760192,-73.991255,40.79249519495111,-73.96417066463071,casual
86905,287C2C2CB142D3F2,docked_bike,2021-04-24 14:40:26,2021-04-24 14:58:57,W 56 St & 10 Ave,6955,Central Park W & W 97 St,7538,40.768254,-73.988639,40.79249519495111,-73.96417066463071,member
86910,AC7E59D75FDB3701,docked_bike,2021-04-10 15:51:38,2021-04-10 16:13:36,12 Ave & W 125 St,7886,Central Park W & W 97 St,7538,40.818299,-73.960405,40.79249519495111,-73.96417066463071,casual
86983,84134E9065523CB6,docked_bike,2021-04-23 17:13:24,2021-04-23 17:21:15,W 92 St & Broadway,7502,Central Park W & W 97 St,7538,40.7921,-73.9739,40.79249519495111,-73.96417066463071,member
86991,017544F31F1BE04E,docked_bike,2021-04-30 20:46:39,2021-04-30 21:39:52,W 4 St & 7 Ave S,5880,Central Park W & W 97 St,7538,40.734011,-74.002938,40.79249519495111,-73.96417066463071,member
86993,35E78BB98C0D1DAF,docked_bike,2021-04-12 15:02:21,2021-04-12 15:09:10,Frederick Douglass Blvd & W 117 St,7688,Central Park W & W 97 St,7538,40.805159,-73.954692,40.792495,-73.964171,member
86994,2FC505295B03693A,docked_bike,2021-04-06 21:12:41,2021-04-06 21:19:02,W 92 St & Broadway,7502,Central Park W & W 97 St,7538,40.7921,-73.9739,40.79249519495111,-73.96417066463071,member
87002,3CBBF665BC553E47,docked_bike,2021-04-30 17:27:12,2021-04-30 17:48:31,E 84 St & 1 Ave,7180,Central Park W & W 97 St,7538,40.775655,-73.950686,40.79249519495111,-73.96417066463071,member
87007,B5412205825FB81A,docked_bike,2021-04-22 17:26:59,2021-04-22 17:35:35,W 76 St & Columbus Ave,7281,Central Park W & W 97 St,7538,40.780183,-73.977285,40.79249519495111,-73.96417066463071,member
87008,2776C2C3D5F911FE,docked_bike,2021-04-06 17:12:49,2021-04-06 17:52:14,W 76 St & Columbus Ave,7281,Central Park W & W 97 St,7538,40.780183,-73.977285,40.79249519495111,-73.96417066463071,casual
87010,9A6CB28A14059675,docked_bike,2021-04-28 06:46:07,2021-04-28 06:53:15,W 76 St & Columbus Ave,7281,Central Park W & W 97 St,7538,40.780183,-73.977285,40.79249519495111,-73.96417066463071,member
87018,5CF9F4D3D8060D43,docked_bike,2021-04-07 16:04:05,2021-04-07 16:12:18,W 76 St & Columbus Ave,7281,Central Park W & W 97 St,7538,40.780183,-73.977285,40.79249519495111,-73.96417066463071,member
87020,AE363D06564D12A9,docked_bike,2021-04-25 23:56:53,2021-04-26 00:22:07,E 13 St & 2 Ave,5820,Central Park W & W 97 St,7538,40.731539,-73.985302,40.79249519495111,-73.96417066463071,member
87025,66953823D1F9CF8A,docked_bike,2021-04-28 19:15:24,2021-04-28 19:18:51,E 97 St & Madison Ave,7393,Central Park W & W 97 St,7538,40.787801,-73.953559,40.79249519495111,-73.96417066463071,member
87026,E0FD9876038A32E2,docked_bike,2021-04-21 17:13:14,2021-04-21 17:18:08,E 97 St & Madison Ave,7393,Central Park W & W 97 St,7538,40.787801,-73.953559,40.79249519495111,-73.96417066463071,member
87027,BE92F1AB866958F7,docked_bike,2021-04-14 18:31:45,2021-04-14 18:35:22,E 97 St & Madison Ave,7393,Central Park W & W 97 St,7538,40.787801,-73.953559,40.79249519495111,-73.96417066463071,member
87029,4FC28DF10A1A12C9,docked_bike,2021-04-01 13:33:36,2021-04-01 13:39:01,E 97 St & Madison Ave,7393,Central Park W & W 97 St,7538,40.787801,-73.953559,40.79249519495111,-73.96417066463071,member
87035,F2C0BC130C1F944E,docked_bike,2021-04-09 18:35:27,2021-04-09 18:38:59,E 97 St & Madison Ave,7393,Central Park W & W 97 St,7538,40.787801,-73.953559,40.79249519495111,-73.96417066463071,member
87037,1DDCF74FE41E3418,docked_bike,2021-04-27 08:56:35,2021-04-27 09:01:55,E 97 St & Madison Ave,7393,Central Park W & W 97 St,7538,40.787801,-73.953559,40.79249519495111,-73.96417066463071,member
87040,5081B25114B5539F,docked_bike,2021-04-02 15:32:26,2021-04-02 15:59:37,E 51 St & 2 Ave,6575,Central Park W & W 97 St,7538,40.755293,-73.967641,40.79249519495111,-73.96417066463071,casual
87044,4F0FCBD3CF8918AA,docked_bike,2021-04-01 14:41:34,2021-04-01 14:49:49,E 97 St & Madison Ave,7393,Central Park W & W 97 St,7538,40.787801,-73.953559,40.792495,-73.964171,member
87058,B1F939363E72BD33,docked_bike,2021-04-08 19:10:55,2021-04-08 19:41:14,Columbus Ave & W 95 St,7520,Central Park W & W 97 St,7538,40.791955,-73.968087,40.79249519495111,-73.96417066463071,member
87059,0DF72C1EA87E79DC,docked_bike,2021-04-26 19:15:48,2021-04-26 19:59:41,Columbus Ave & W 95 St,7520,Central Park W & W 97 St,7538,40.791955,-73.968087,40.79249519495111,-73.96417066463071,casual
87069,8832B859491D6161,docked_bike,2021-04-18 13:59:43,2021-04-18 14:14:51,Broadway & W 51 St,6779,Central Park W & W 97 St,7538,40.762288,-73.983362,40.792495,-73.964171,member
87078,DEF92B9BC44D19AA,docked_bike,2021-04-14 16:40:45,2021-04-14 16:58:53,Broadway & W 51 St,6779,Central Park W & W 97 St,7538,40.762288,-73.983361,40.79249519495111,-73.96417066463071,member
87082,9676CEB6676205DD,docked_bike,2021-04-05 19:29:49,2021-04-05 19:50:26,E 88 St & Park Ave,7293,Central Park W & W 97 St,7538,40.78141,-73.955959,40.79249519495111,-73.96417066463071,casual
87095,465BFA34D7500EB2,docked_bike,2021-04-27 11:51:13,2021-04-27 12:00:07,Central Park West & W 76 St,7253,Central Park W & W 97 St,7538,40.778967,-73.973747,40.79249519495111,-73.96417066463071,member
87108,35B6C83E79943C60,docked_bike,2021-04-02 08:41:40,2021-04-02 08:54:06,E 89 St & 3 Ave,7265,Central Park W & W 97 St,7538,40.780628,-73.952166,40.79249519495111,-73.96417066463071,member
87116,AABF752469C3F5E4,docked_bike,2021-04-28 15:55:20,2021-04-28 16:12:25,W 43 St & 10 Ave,6756,Central Park W & W 97 St,7538,40.760094,-73.994618,40.79249519495111,-73.96417066463071,member
87120,4F3ED7E60A4C400E,docked_bike,2021-04-29 15:33:58,2021-04-29 15:51:24,5 Ave & W 131 St,7735,Central Park W & W 97 St,7538,40.81014,-73.93973,40.79249519495111,-73.96417066463071,member
87135,FC7BFD6D2F5C60E0,docked_bike,2021-04-18 12:25:50,2021-04-18 12:33:21,Cathedral Pkwy & Broadway,7680,Central Park W & W 97 St,7538,40.804213,-73.966991,40.79249519495111,-73.96417066463071,casual
87141,4A35075E0D5A919A,docked_bike,2021-04-10 15:14:30,2021-04-10 15:24:44,Lenox Ave & W 117 St,7655,Central Park W & W 97 St,7538,40.802556,-73.949078,40.79249519495111,-73.96417066463071,member
87146,60D0FE15D1CAFC78,docked_bike,2021-04-25 17:13:17,2021-04-25 17:29:57,Lenox Ave & W 117 St,7655,Central Park W & W 97 St,7538,40.802556,-73.949078,40.79249519495111,-73.96417066463071,member
87147,036701171813A05D,docked_bike,2021-04-17 12:03:14,2021-04-17 12:26:07,Edgecombe Ave & W 141 St,7915,Central Park W & W 97 St,7538,40.820681,-73.945144,40.79249519495111,-73.96417066463071,member
87157,BD4CBCCBDADD2DE6,docked_bike,2021-04-09 14:06:04,2021-04-09 14:19:26,Edgecombe Ave & W 141 St,7915,Central Park W & W 97 St,7538,40.820681,-73.945144,40.792495,-73.964171,member
87168,50BD78B7195DFC3B,docked_bike,2021-04-05 18:30:52,2021-04-05 18:55:28,Lenox Ave & W 111 St,7602,Central Park W & W 97 St,7538,40.798785,-73.9523,40.79249519495111,-73.96417066463071,member
87169,AF6C447E19B8494B,docked_bike,2021-04-20 14:21:27,2021-04-20 14:38:29,Lenox Ave & W 111 St,7602,Central Park W & W 97 St,7538,40.798785,-73.9523,40.79249519495111,-73.96417066463071,casual
87170,C7EE304CC4C47D3C,docked_bike,2021-04-22 11:37:10,2021-04-22 11:43:39,Lenox Ave & W 111 St,7602,Central Park W & W 97 St,7538,40.798785,-73.9523,40.79249519495111,-73.96417066463071,member
87171,C48976DA809CCCB1,docked_bike,2021-04-26 10:35:18,2021-04-26 10:42:15,Lenox Ave & W 111 St,7602,Central Park W & W 97 St,7538,40.798785,-73.9523,40.79249519495111,-73.96417066463071,member
87172,0D79943F57C8820D,docked_bike,2021-04-28 19:13:16,2021-04-28 19:19:40,Lenox Ave & W 111 St,7602,Central Park W & W 97 St,7538,40.798785,-73.9523,40.79249519495111,-73.96417066463071,member
87175,C7500071AE3141D4,docked_bike,2021-04-10 15:07:12,2021-04-10 16:04:43,Lenox Ave & W 111 St,7602,Central Park W & W 97 St,7538,40.798785,-73.9523,40.79249519495111,-73.96417066463071,member
87177,E86C207A243DAB0D,docked_bike,2021-04-18 14:23:52,2021-04-18 14:55:21,W 110 St & Amsterdam Ave,7646,Central Park W & W 97 St,7538,40.802692,-73.96295,40.792495,-73.964171,casual
87179,07A9A7FD4191B4CA,docked_bike,2021-04-20 07:25:18,2021-04-20 07:33:04,W 116 St & Amsterdam Ave,7692,Central Park W & W 97 St,7538,40.806758,-73.960708,40.79249519495111,-73.96417066463071,casual
87185,3843DD8BFE9A46EC,docked_bike,2021-04-27 14:24:13,2021-04-27 14:36:35,W 116 St & Amsterdam Ave,7692,Central Park W & W 97 St,7538,40.806758,-73.960708,40.79249519495111,-73.96417066463071,casual
87186,33F5C322AB53021B,docked_bike,2021-04-27 16:19:49,2021-04-27 16:29:28,Amsterdam Ave & W 73 St,7260,Central Park W & W 97 St,7538,40.779668,-73.98093,40.79249519495111,-73.96417066463071,member
87190,C8395A674B6AF9BD,docked_bike,2021-04-19 16:56:18,2021-04-19 17:36:07,Amsterdam Ave & W 73 St,7260,Central Park W & W 97 St,7538,40.779668,-73.98093,40.79249519495111,-73.96417066463071,casual
87200,71365E9EE7FD7C4D,docked_bike,2021-04-03 06:56:41,2021-04-03 07:34:30,St Nicholas Ave & Manhattan Ave,7723,Central Park W & W 97 St,7538,40.809725,-73.953149,40.79249519495111,-73.96417066463071,member
87204,DA756F5B5A92B6F9,docked_bike,2021-04-06 15:36:40,2021-04-06 15:51:54,Riverside Blvd & W 67 St,7183,Central Park W & W 97 St,7538,40.777507,-73.988885,40.79249519495111,-73.96417066463071,member
87209,83EB81FBB495635A,docked_bike,2021-04-24 13:11:35,2021-04-24 13:52:42,12 Ave & W 40 St,6765,Central Park W & W 97 St,7538,40.760875,-74.002776,40.79249519495111,-73.96417066463071,casual
87210,94B07EF792BCED03,docked_bike,2021-04-19 21:03:17,2021-04-19 21:36:39,12 Ave & W 40 St,6765,Central Park W & W 97 St,7538,40.760875,-74.002776,40.79249519495111,-73.96417066463071,casual
87222,88FA5C7F2A8FDEC5,docked_bike,2021-04-29 14:25:04,2021-04-29 14:48:26,11 Ave & W 41 St,6726,Central Park W & W 97 St,7538,40.7603,-73.998842,40.79249519495111,-73.96417066463071,casual
87227,FECCEA25B027B9ED,docked_bike,2021-04-18 06:49:34,2021-04-18 07:02:03,Riverside Blvd & W 67 St,7183,Central Park W & W 97 St,7538,40.777507,-73.988885,40.79249519495111,-73.96417066463071,member
87230,BAB9191F20DDF149,docked_bike,2021-04-20 10:24:43,2021-04-20 11:46:04,7 Ave & Central Park South,6912,Central Park W & W 97 St,7538,40.766741,-73.979069,40.792495,-73.964171,casual
87231,312132816431DCDC,docked_bike,2021-04-01 15:39:41,2021-04-01 16:23:17,7 Ave & Central Park South,6912,Central Park W & W 97 St,7538,40.76674,-73.979068,40.79249519495111,-73.96417066463071,casual
87234,8F40BAA489681400,docked_bike,2021-04-10 15:23:35,2021-04-10 15:38:06,7 Ave & Central Park South,6912,Central Park W & W 97 St,7538,40.76674,-73.979068,40.79249519495111,-73.96417066463071,casual
87235,0C23A80DBDC52540,docked_bike,2021-04-06 15:49:58,2021-04-06 16:14:59,7 Ave & Central Park South,6912,Central Park W & W 97 St,7538,40.76674,-73.979068,40.79249519495111,-73.96417066463071,casual
87236,6E24552127862740,docked_bike,2021-04-13 14:32:27,2021-04-13 14:46:50,7 Ave & Central Park South,6912,Central Park W & W 97 St,7538,40.76674,-73.979068,40.79249519495111,-73.96417066463071,member
87241,B9CBE309D2087C69,docked_bike,2021-04-25 18:27:28,2021-04-25 18:52:03,E 33 St & 5 Ave,6322,Central Park W & W 97 St,7538,40.747659,-73.984907,40.79249519495111,-73.96417066463071,casual
87262,26BA4DCBED6C5D12,docked_bike,2021-04-13 20:53:06,2021-04-13 20:58:18,W 90 St & Amsterdam Ave,7432,Central Park W & W 97 St,7538,40.790179,-73.972889,40.79249519495111,-73.96417066463071,member
87276,777723D1DD401696,docked_bike,2021-04-20 19:50:09,2021-04-20 20:08:41,Grand Army Plaza & Central Park S,6839,Central Park W & W 97 St,7538,40.764397,-73.973714,40.79249519495111,-73.96417066463071,member
87281,CFD541DF821C4C7D,docked_bike,2021-04-13 16:49:27,2021-04-13 17:07:57,Grand Army Plaza & Central Park S,6839,Central Park W & W 97 St,7538,40.764397,-73.973714,40.79249519495111,-73.96417066463071,member
87288,AA8C9D184254FA16,docked_bike,2021-04-13 12:04:35,2021-04-13 12:28:20,Grand Army Plaza & Central Park S,6839,Central Park W & W 97 St,7538,40.764397,-73.973714,40.79249519495111,-73.96417066463071,casual
87295,F5F14600A8FBAA83,docked_bike,2021-04-26 16:52:56,2021-04-26 17:18:07,Grand Army Plaza & Central Park S,6839,Central Park W & W 97 St,7538,40.764397,-73.973715,40.792495,-73.964171,casual
87296,7FFF31B70A7BEE3F,docked_bike,2021-04-10 14:11:59,2021-04-10 14:43:20,W 16 St & The High Line,6233,Central Park W & W 97 St,7538,40.743349,-74.006817,40.79249519495111,-73.96417066463071,member
87302,689173023379D44E,docked_bike,2021-04-21 19:12:39,2021-04-21 19:33:36,Grand Army Plaza & Central Park S,6839,Central Park W & W 97 St,7538,40.764397,-73.973714,40.79249519495111,-73.96417066463071,member
87306,1D277E9E8901E899,docked_bike,2021-04-16 16:03:02,2021-04-16 16:26:46,Grand Army Plaza & Central Park S,6839,Central Park W & W 97 St,7538,40.764397,-73.973714,40.79249519495111,-73.96417066463071,casual
87319,8B441DD1055D105D,docked_bike,2021-04-28 19:36:34,2021-04-28 19:49:59,Lexington Ave & E 111 St,7567,Central Park W & W 97 St,7538,40.795412,-73.944123,40.79249519495111,-73.96417066463071,member
87371,DE0C7A441CE5CBEF,docked_bike,2021-04-17 19:35:55,2021-04-17 19:47:18,W 113 St & Broadway,7713,Central Park W & W 97 St,7538,40.805973,-73.964928,40.79249519495111,-73.96417066463071,member
87372,25939C26BC4F3A77,docked_bike,2021-04-19 09:30:49,2021-04-19 09:46:52,W 113 St & Broadway,7713,Central Park W & W 97 St,7538,40.805973,-73.964928,40.79249519495111,-73.96417066463071,member
87373,2550F6790CF0FCA8,docked_bike,2021-04-10 18:49:37,2021-04-10 19:02:49,W 113 St & Broadway,7713,Central Park W & W 97 St,7538,40.805973,-73.964928,40.79249519495111,-73.96417066463071,member
87374,78E8D31804D3C40A,docked_bike,2021-04-08 23:46:40,2021-04-08 23:59:37,W 113 St & Broadway,7713,Central Park W & W 97 St,7538,40.805973,-73.964928,40.79249519495111,-73.96417066463071,member
87378,C6F04F2230BACC52,docked_bike,2021-04-21 07:42:40,2021-04-21 07:51:16,Morningside Ave & W 123 St,7741,Central Park W & W 97 St,7538,40.81,-73.95515,40.79249519495111,-73.96417066463071,member
87400,730993400EAB3E9A,docked_bike,2021-04-08 18:46:18,2021-04-08 19:28:24,Center Blvd & 51 Ave,6179,Central Park W & W 97 St,7538,40.743366,-73.959606,40.79249519495111,-73.96417066463071,member
87402,1A166817B8857DB1,docked_bike,2021-04-11 08:33:42,2021-04-11 08:50:59,Lexington Ave & E 111 St,7567,Central Park W & W 97 St,7538,40.795412,-73.944123,40.79249519495111,-73.96417066463071,casual
87412,DECF19571984BAF3,docked_bike,2021-04-27 14:30:58,2021-04-27 14:42:23,Amsterdam Ave & W 136 St,7920,Central Park W & W 97 St,7538,40.819746,-73.951819,40.79249519495111,-73.96417066463071,member
87425,D0C9E9914CC3B99C,docked_bike,2021-04-19 17:15:07,2021-04-19 17:25:20,Lexington Ave & E 111 St,7567,Central Park W & W 97 St,7538,40.795412,-73.944123,40.79249519495111,-73.96417066463071,casual
87442,F0238CFD57E4BD1F,docked_bike,2021-04-24 13:57:06,2021-04-24 14:19:13,E 33 St & 5 Ave,6322,Central Park W & W 97 St,7538,40.747659,-73.984907,40.79249519495111,-73.96417066463071,member
87486,5444A28DEE8F69F1,docked_bike,2021-04-26 15:28:42,2021-04-26 16:17:13,Central Park W & W 97 St,7538,Central Park W & W 97 St,7538,40.792495,-73.96417,40.79249519495111,-73.96417066463071,member
87493,EC7A9E1DA35DC652,docked_bike,2021-04-10 15:38:45,2021-04-10 15:38:50,Central Park W & W 97 St,7538,Central Park W & W 97 St,7538,40.792495,-73.96417,40.79249519495111,-73.96417066463071,member
87495,5C1D0B5168D7DB2C,docked_bike,2021-04-20 19:40:17,2021-04-20 19:40:57,Central Park W & W 97 St,7538,Central Park W & W 97 St,7538,40.792495,-73.96417,40.79249519495111,-73.96417066463071,member
87498,B7DE3DAA90FB819B,docked_bike,2021-04-03 22:08:58,2021-04-03 22:38:06,Central Park W & W 97 St,7538,Central Park W & W 97 St,7538,40.792495,-73.96417,40.79249519495111,-73.96417066463071,casual
87499,A24B8A4B6B7FC9C4,docked_bike,2021-04-10 17:08:28,2021-04-10 17:09:15,Central Park W & W 97 St,7538,Central Park W & W 97 St,7538,40.792495,-73.96417,40.79249519495111,-73.96417066463071,member
87500,966EA78A0E62B5E6,docked_bike,2021-04-10 17:07:36,2021-04-10 17:07:50,Central Park W & W 97 St,7538,Central Park W & W 97 St,7538,40.792495,-73.96417,40.79249519495111,-73.96417066463071,member
87512,69558284E38D6591,docked_bike,2021-04-12 15:57:56,2021-04-12 16:18:38,Central Park W & W 97 St,7538,Central Park W & W 97 St,7538,40.792495,-73.964171,40.792495,-73.964171,member
87514,0880B5C50E98D8B3,docked_bike,2021-04-18 14:48:10,2021-04-18 15:39:59,Central Park W & W 97 St,7538,Central Park W & W 97 St,7538,40.792495,-73.96417,40.79249519495111,-73.96417066463071,casual
87520,858C165070D0EFED,docked_bike,2021-04-18 11:05:53,2021-04-18 11:06:36,Central Park W & W 97 St,7538,Central Park W & W 97 St,7538,40.792495,-73.96417,40.79249519495111,-73.96417066463071,member
87521,F51E81092F6B1C4D,docked_bike,2021-04-25 12:29:06,2021-04-25 12:29:26,Central Park W & W 97 St,7538,Central Park W & W 97 St,7538,40.792495,-73.96417,40.79249519495111,-73.96417066463071,casual
87536,3EC4F8B4FA9E6A31,docked_bike,2021-04-18 09:04:25,2021-04-18 09:05:10,Central Park W & W 97 St,7538,Central Park W & W 97 St,7538,40.792495,-73.96417,40.79249519495111,-73.96417066463071,member
87541,C2CF4ED03C3AB6C3,docked_bike,2021-04-25 00:39:47,2021-04-25 01:12:32,Central Park W & W 97 St,7538,Central Park W & W 97 St,7538,40.792495,-73.96417,40.79249519495111,-73.96417066463071,member
87543,EA3B4BAC1EB295EF,docked_bike,2021-04-10 12:19:07,2021-04-10 12:20:27,Central Park W & W 97 St,7538,Central Park W & W 97 St,7538,40.792495,-73.96417,40.79249519495111,-73.96417066463071,member
87549,C72530DD14A6C135,docked_bike,2021-04-17 14:45:26,2021-04-17 14:45:13,Central Park W & W 97 St,7538,Central Park W & W 97 St,7538,40.792495,-73.96417,40.79249519495111,-73.96417066463071,casual
87557,89A37F1D0E740932,docked_bike,2021-04-06 12:32:04,2021-04-06 12:34:03,Central Park W & W 97 St,7538,Central Park W & W 97 St,7538,40.792495,-73.96417,40.79249519495111,-73.96417066463071,member
87560,C145661A868DD816,docked_bike,2021-04-25 12:43:07,2021-04-25 12:43:25,Central Park W & W 97 St,7538,Central Park W & W 97 St,7538,40.792495,-73.96417,40.79249519495111,-73.96417066463071,member
87567,983190F5C6B13892,docked_bike,2021-04-17 22:28:35,2021-04-17 22:28:26,Central Park W & W 97 St,7538,Central Park W & W 97 St,7538,40.792495,-73.96417,40.79249519495111,-73.96417066463071,member
87599,5785FD23E50AA6AF,docked_bike,2021-04-10 10:57:53,2021-04-10 11:28:00,E 17 St & Broadway,5980,Central Park W & W 97 St,7538,40.737049,-73.990092,40.79249519495111,-73.96417066463071,member
87613,DD9AABD97990DDDA,docked_bike,2021-04-20 10:43:07,2021-04-20 10:49:44,W 106 St & Amsterdam Ave,7634,Central Park W & W 97 St,7538,40.800836,-73.966449,40.79249519495111,-73.96417066463071,member
87615,4F8AB6F5BCA376CF,docked_bike,2021-04-06 16:52:51,2021-04-06 16:59:05,W 106 St & Amsterdam Ave,7634,Central Park W & W 97 St,7538,40.800836,-73.966449,40.79249519495111,-73.96417066463071,member
87645,44FA778D48FB70D9,docked_bike,2021-04-19 13:31:05,2021-04-19 14:01:25,E 17 St & Broadway,5980,Central Park W & W 97 St,7538,40.737049,-73.990092,40.79249519495111,-73.96417066463071,member
87660,1987CA31FEDB904A,docked_bike,2021-04-01 11:23:33,2021-04-01 11:35:04,Central Park West & W 68 St,7079,Central Park W & W 97 St,7538,40.773406,-73.977825,40.79249519495111,-73.96417066463071,member
87707,3CBDA11C39BC500C,docked_bike,2021-04-06 14:05:20,2021-04-06 14:28:58,W 42 St & 6 Ave,6517,Central Park W & W 97 St,7538,40.75492,-73.98455,40.79249519495111,-73.96417066463071,member
87739,EC509CD129D04B2E,docked_bike,2021-04-24 16:43:07,2021-04-24 17:22:22,W 42 St & 6 Ave,6517,Central Park W & W 97 St,7538,40.75492,-73.98455,40.79249519495111,-73.96417066463071,casual
87740,342BF36CC5B36655,docked_bike,2021-04-09 13:11:26,2021-04-09 13:34:03,W 42 St & 6 Ave,6517,Central Park W & W 97 St,7538,40.75492,-73.98455,40.79249519495111,-73.96417066463071,casual
87823,6D8ABCFC57FA1C93,docked_bike,2021-04-24 13:43:59,2021-04-24 14:11:00,W 42 St & 6 Ave,6517,Central Park W & W 97 St,7538,40.75492,-73.98455,40.79249519495111,-73.96417066463071,member
87833,6E16F11F3EB9A893,docked_bike,2021-04-08 10:34:49,2021-04-08 10:59:10,W 42 St & 6 Ave,6517,Central Park W & W 97 St,7538,40.75492,-73.98455,40.79249519495111,-73.96417066463071,member
87845,20569FD5EC7ABD85,docked_bike,2021-04-17 18:57:10,2021-04-17 19:34:20,W 42 St & 6 Ave,6517,Central Park W & W 97 St,7538,40.75492,-73.98455,40.79249519495111,-73.96417066463071,casual
87861,8CB35A35460A54E2,docked_bike,2021-04-13 16:19:59,2021-04-13 17:25:21,E 47 St & 1 Ave,6498,Central Park W & W 97 St,7538,40.752068,-73.967843,40.79249519495111,-73.96417066463071,member
87990,B808EE10B1A68A49,docked_bike,2021-04-28 10:36:38,2021-04-28 10:49:28,Adam Clayton Powell Blvd & W 123 St,7704,Central Park W & W 97 St,7538,40.807831,-73.949373,40.79249519495111,-73.96417066463071,member
87998,D413810238626EBC,docked_bike,2021-04-26 15:48:47,2021-04-26 16:08:15,5 Ave & E 63 St,6904,Central Park W & W 97 St,7538,40.766368,-73.971518,40.79249519495111,-73.96417066463071,member
88083,65051C018D1DA5F1,docked_bike,2021-04-12 08:36:09,2021-04-12 08:52:20,Lexington Ave & E 111 St,7567,Central Park W & W 97 St,7538,40.795412,-73.944123,40.79249519495111,-73.96417066463071,casual
88119,047B15BA5D86497B,docked_bike,2021-04-24 09:59:44,2021-04-24 10:36:35,Amsterdam Ave & W 136 St,7920,Central Park W & W 97 St,7538,40.819746,-73.951819,40.79249519495111,-73.96417066463071,member
88360,DD89A56BA29E8C12,docked_bike,2021-04-03 17:17:42,2021-04-03 17:39:45,W 100 St & Manhattan Ave,7538,Grand Concourse & E 167 St,8126,40.795,-73.9645,40.834263,-73.917641,casual
88883,82E53C54C4E44131,docked_bike,2021-04-27 13:59:04,2021-04-27 14:12:30,W 100 St & Manhattan Ave,7538,E 76 St & Park Ave,7128,40.795,-73.9645,40.773763,-73.96222088,casual
88884,BDD8C77B3188D53D,docked_bike,2021-04-01 19:34:14,2021-04-01 20:03:25,W 100 St & Manhattan Ave,7538,E 11 St & 1 Ave,5746,40.795,-73.9645,40.72953837,-73.98426726,member
88885,E244F05141D0DBDD,docked_bike,2021-04-27 08:49:37,2021-04-27 09:07:57,W 100 St & Manhattan Ave,7538,E 76 St & Park Ave,7128,40.795,-73.9645,40.773763,-73.96222088,casual
91481,5C4976660198A504,docked_bike,2021-04-07 09:35:21,2021-04-07 09:54:36,Central Park W & W 97 St,7538,E 51 St & Lexington Ave,6659,40.792495,-73.96417,40.75714758,-73.97207836,member
91482,1BFF9BC73617BF7F,docked_bike,2021-04-24 10:30:59,2021-04-24 10:59:04,Central Park W & W 97 St,7538,E 51 St & Lexington Ave,6659,40.792495,-73.96417,40.75714758,-73.97207836,member
91490,1ED9B45A68904026,docked_bike,2021-04-21 13:24:47,2021-04-21 13:38:24,Central Park W & W 97 St,7538,Edgecombe Ave & W 141 St,7915,40.792495,-73.96417,40.820681,-73.945144,member
91518,1F2DD39FD6499538,docked_bike,2021-04-18 10:38:26,2021-04-18 10:53:33,W 100 St & Manhattan Ave,7538,E 149 St & Park Ave,7884,40.795,-73.9645,40.818154,-73.925294,member
91519,73A01C2B7D948839,docked_bike,2021-04-04 12:46:31,2021-04-04 13:05:43,W 100 St & Manhattan Ave,7538,Edgecombe Ave & W 141 St,7915,40.795,-73.9645,40.820681,-73.945144,member
91521,E29BC02C7AEEB279,docked_bike,2021-04-08 17:54:59,2021-04-08 18:07:12,W 100 St & Manhattan Ave,7538,Edgecombe Ave & W 141 St,7915,40.795,-73.9645,40.820681,-73.945144,member
91523,E851C9A1D527755B,docked_bike,2021-04-06 08:00:06,2021-04-06 08:13:50,W 100 St & Manhattan Ave,7538,Edgecombe Ave & W 141 St,7915,40.795,-73.9645,40.820681,-73.945144,member
91525,ACC7808EE284994E,docked_bike,2021-04-17 09:34:44,2021-04-17 09:46:40,W 100 St & Manhattan Ave,7538,E 76 St & Park Ave,7128,40.795,-73.9645,40.773763,-73.96222088,casual
91526,23F06D158CA8CEFC,docked_bike,2021-04-01 17:47:33,2021-04-01 17:57:54,W 100 St & Manhattan Ave,7538,Edgecombe Ave & W 141 St,7915,40.795,-73.9645,40.820681,-73.945144,member
91532,AC8B678B98DE9986,docked_bike,2021-04-03 13:54:45,2021-04-03 14:02:58,W 100 St & Manhattan Ave,7538,E 76 St & Park Ave,7128,40.795,-73.9645,40.773763,-73.96222088,member
91540,4DDB001327B2DE50,docked_bike,2021-04-13 09:14:27,2021-04-13 09:34:43,W 100 St & Manhattan Ave,7538,E 76 St & Park Ave,7128,40.795,-73.9645,40.773763,-73.96222088,casual
91541,2672AD8A5E02D623,docked_bike,2021-04-16 07:58:32,2021-04-16 08:12:23,W 100 St & Manhattan Ave,7538,Edgecombe Ave & W 141 St,7915,40.795,-73.9645,40.820681,-73.945144,member
91560,A32BB2BFB4425CAC,docked_bike,2021-04-16 18:25:53,2021-04-16 18:41:49,W 100 St & Manhattan Ave,7538,E 149 St & Park Ave,7884,40.795,-73.9645,40.818154,-73.925294,member
91563,CAD04F42C93419FB,docked_bike,2021-04-26 06:40:58,2021-04-26 06:55:46,W 100 St & Manhattan Ave,7538,E 76 St & Park Ave,7128,40.795,-73.9645,40.773763,-73.96222088,member
91564,3D4C062E03D1FE45,docked_bike,2021-04-28 18:21:04,2021-04-28 18:35:03,W 100 St & Manhattan Ave,7538,Edgecombe Ave & W 141 St,7915,40.795,-73.9645,40.820681,-73.945144,casual
91574,36CC0C02E1AEFD42,docked_bike,2021-04-15 08:06:58,2021-04-15 08:18:18,W 100 St & Manhattan Ave,7538,Edgecombe Ave & W 141 St,7915,40.795,-73.9645,40.820681,-73.945144,member
92037,EF1EB9943714B7E6,docked_bike,2021-04-30 18:33:34,2021-04-30 18:48:46,W 100 St & Manhattan Ave,7538,Adam Clayton Powell Blvd & W 115 St,7643,40.795,-73.9645,40.802535,-73.9532423,member
92038,1A6722E374A8A53A,docked_bike,2021-04-04 17:55:42,2021-04-04 18:04:40,W 100 St & Manhattan Ave,7538,Adam Clayton Powell Blvd & W 115 St,7643,40.795,-73.9645,40.802535,-73.9532423,member
92043,AD5BADBD4FED89C1,docked_bike,2021-04-23 14:38:46,2021-04-23 14:47:23,W 100 St & Manhattan Ave,7538,Central Park West & W 85 St,7354,40.795,-73.9645,40.78476,-73.969862,member
92049,C093820436B6DC65,docked_bike,2021-04-23 18:39:36,2021-04-23 18:44:15,W 100 St & Manhattan Ave,7538,Adam Clayton Powell Blvd & W 115 St,7643,40.795,-73.9645,40.802535,-73.9532423,member
94249,F47E41A41A1C19C6,docked_bike,2021-04-05 13:32:44,2021-04-05 13:45:23,W 100 St & Manhattan Ave,7538,West End Ave & W 78 St,7340,40.795,-73.9645,40.783786,-73.981687,member
94627,C652DAF404F42323,docked_bike,2021-04-09 10:43:27,2021-04-09 11:00:39,W 100 St & Manhattan Ave,7538,W 47 St & 6 Ave,6667,40.795,-73.9645,40.758397,-73.98255,member
96705,66AA23D6FCEB8D28,docked_bike,2021-04-28 13:10:23,2021-04-28 13:23:57,Central Park W & W 97 St,7538,Park Ave & E 124 St,7682,40.792495,-73.96417,40.8045555,-73.9396861,member
96706,E0377E0FEC316997,docked_bike,2021-04-14 11:07:23,2021-04-14 11:16:18,Central Park W & W 97 St,7538,E 102 St & Park Ave,7488,40.792495,-73.96417,40.7904828,-73.95033068,casual
96709,C2F39A3F3454398F,docked_bike,2021-04-04 22:12:37,2021-04-04 22:31:14,Central Park W & W 97 St,7538,Park Ave & E 124 St,7682,40.792495,-73.964171,40.804556,-73.939686,member
96712,B2CEA11BF63F2406,docked_bike,2021-04-08 19:11:10,2021-04-08 19:26:27,Central Park W & W 97 St,7538,E 85 St & 3 Ave,7212,40.792495,-73.96417,40.77801203,-73.95407149,member
96713,95621448949F02CA,docked_bike,2021-04-22 15:03:52,2021-04-22 15:22:35,Central Park W & W 97 St,7538,Park Ave & E 124 St,7682,40.792495,-73.96417,40.8045555,-73.9396861,member
96714,56AC0DCB4F336051,docked_bike,2021-04-19 15:10:02,2021-04-19 15:23:50,Central Park W & W 97 St,7538,Park Ave & E 124 St,7682,40.792495,-73.96417,40.8045555,-73.9396861,member
96718,02192A876AF80249,docked_bike,2021-04-24 17:35:29,2021-04-24 17:44:22,Central Park W & W 97 St,7538,E 102 St & Park Ave,7488,40.792495,-73.96417,40.7904828,-73.95033068,member
96962,3697B0D52A54DBE2,docked_bike,2021-04-29 00:48:21,2021-04-29 00:59:12,W 100 St & Manhattan Ave,7538,E 85 St & 3 Ave,7212,40.795,-73.9645,40.77801203,-73.95407149,casual
98268,EB2E8D10060838ED,docked_bike,2021-04-26 15:58:45,2021-04-26 16:09:02,W 100 St & Manhattan Ave,7538,W 78 St & Amsterdam Ave,7311,40.795,-73.9645,40.782535857724106,-73.97908508777618,member
98271,51461A954BDEEE04,docked_bike,2021-04-29 17:29:51,2021-04-29 17:42:17,W 100 St & Manhattan Ave,7538,W 78 St & Amsterdam Ave,7311,40.795,-73.9645,40.782535857724106,-73.97908508777618,member
98277,F48952FC3833D408,docked_bike,2021-04-10 18:03:30,2021-04-10 18:18:17,W 100 St & Manhattan Ave,7538,W 78 St & Amsterdam Ave,7311,40.795,-73.9645,40.782535857724106,-73.97908508777618,member
100191,73FCE443EC757B55,docked_bike,2021-04-14 22:03:00,2021-04-14 22:02:47,Central Park W & W 97 St,7538,W 135 St & Lenox Terrace Pl,7832,40.792495,-73.96417,40.813619,-73.939336,member
100192,03C1FB828C9BF47F,docked_bike,2021-04-17 20:01:50,2021-04-17 20:01:44,Central Park W & W 97 St,7538,E 93 St & 2 Ave,7286,40.792495,-73.96417,40.782454175279874,-73.9489196240902,member
100194,6AC3DBA1CCD46D2D,docked_bike,2021-04-28 06:48:46,2021-04-28 06:58:19,Central Park W & W 97 St,7538,E 93 St & 2 Ave,7286,40.792495,-73.96417,40.782454175279874,-73.9489196240902,member
102821,7062F9DD19AD8BC0,docked_bike,2021-04-27 16:44:58,2021-04-27 17:05:24,W 100 St & Manhattan Ave,7538,E 81 St & 3 Ave,7154,40.795,-73.9645,40.77573034,-73.9567526,member
102834,6439C992AFBB71F2,docked_bike,2021-04-07 22:15:07,2021-04-07 22:30:01,W 100 St & Manhattan Ave,7538,E 81 St & 3 Ave,7154,40.795,-73.9645,40.77573034,-73.9567526,member
102841,6AC3FD2D7B1A30EF,docked_bike,2021-04-05 15:04:42,2021-04-05 15:19:02,W 100 St & Manhattan Ave,7538,E 81 St & 3 Ave,7154,40.795,-73.9645,40.77573034,-73.9567526,member
105472,E211B75E10BCEFAC,docked_bike,2021-04-17 11:50:16,2021-04-17 12:02:26,Central Park W & W 97 St,7538,W 116 St & Amsterdam Ave,7692,40.792495,-73.96417,40.8067581,-73.9607082,casual
105473,9E76694FE7324E48,docked_bike,2021-04-22 18:47:06,2021-04-22 19:03:12,Central Park W & W 97 St,7538,W 116 St & Amsterdam Ave,7692,40.792495,-73.96417,40.8067581,-73.9607082,member
105474,5015CDAE63435291,docked_bike,2021-04-24 17:46:48,2021-04-24 18:02:39,Central Park W & W 97 St,7538,W 116 St & Amsterdam Ave,7692,40.792495,-73.96417,40.8067581,-73.9607082,member
105475,5F7396F924D68476,docked_bike,2021-04-08 18:43:05,2021-04-08 18:52:06,Central Park W & W 97 St,7538,W 116 St & Amsterdam Ave,7692,40.792495,-73.96417,40.8067581,-73.9607082,member
105476,5DAE7DFB08D5DA18,docked_bike,2021-04-12 08:43:10,2021-04-12 08:50:08,Central Park W & W 97 St,7538,W 116 St & Amsterdam Ave,7692,40.792495,-73.96417,40.8067581,-73.9607082,member
105477,3CE5F79774173F27,docked_bike,2021-04-10 19:31:59,2021-04-10 19:48:47,Central Park W & W 97 St,7538,W 110 St & Amsterdam Ave,7646,40.792495,-73.964171,40.802692,-73.96295,member
109561,14269152507E69F3,docked_bike,2021-04-23 10:35:10,2021-04-23 11:02:51,Central Park W & W 97 St,7538,Broadway & W 51 St,6779,40.792495,-73.96417,40.76228826,-73.98336183,member
110649,CB4235E103F8F209,docked_bike,2021-04-24 14:14:43,2021-04-24 14:24:35,W 100 St & Manhattan Ave,7538,W 82 St & Central Park West,7304,40.795,-73.9645,40.78275,-73.97137,casual
111985,F374CD150639C6D2,docked_bike,2021-04-15 10:32:04,2021-04-15 10:40:36,W 100 St & Manhattan Ave,7538,W 82 St & Central Park West,7304,40.795,-73.9645,40.78275,-73.97137,member
112003,AAF2511BCF3DBB96,docked_bike,2021-04-04 07:36:00,2021-04-04 07:43:52,W 100 St & Manhattan Ave,7538,W 82 St & Central Park West,7304,40.795,-73.9645,40.78275,-73.97137,casual
112004,4C0264326676CEAB,docked_bike,2021-04-25 15:02:14,2021-04-25 15:28:20,W 100 St & Manhattan Ave,7538,E 53 St & Lexington Ave,6617,40.795,-73.9645,40.75828065,-73.97069431,casual
112012,881EA36C1EBFC24A,docked_bike,2021-04-25 15:02:08,2021-04-25 15:27:49,W 100 St & Manhattan Ave,7538,E 53 St & Lexington Ave,6617,40.795,-73.9645,40.75828065,-73.97069431,casual
112044,17AE2C3FBDE0CCA8,docked_bike,2021-04-11 13:45:08,2021-04-11 13:55:25,W 100 St & Manhattan Ave,7538,W 82 St & Central Park West,7304,40.795,-73.9645,40.78275,-73.97137,member
112051,4A3C4EA25899239C,docked_bike,2021-04-30 10:30:16,2021-04-30 10:39:49,W 100 St & Manhattan Ave,7538,W 82 St & Central Park West,7304,40.795,-73.9645,40.78275,-73.97137,member
112064,61D6558F5221D2E0,docked_bike,2021-04-22 08:22:15,2021-04-22 08:31:16,W 100 St & Manhattan Ave,7538,W 82 St & Central Park West,7304,40.795,-73.9645,40.78275,-73.97137,member
112067,82DB6CE661832730,docked_bike,2021-04-17 15:44:54,2021-04-17 15:50:40,W 100 St & Manhattan Ave,7538,W 82 St & Central Park West,7304,40.795,-73.9645,40.78275,-73.97137,member
112071,FD6790B95F1C1B30,docked_bike,2021-04-13 16:50:16,2021-04-13 17:01:27,W 100 St & Manhattan Ave,7538,W 82 St & Central Park West,7304,40.795,-73.9645,40.78275,-73.97137,member
112073,FB337BC645AC57D5,docked_bike,2021-04-03 15:32:19,2021-04-03 15:40:11,W 100 St & Manhattan Ave,7538,W 82 St & Central Park West,7304,40.795,-73.9645,40.78275,-73.97137,casual
112939,366FADACD4EF9017,docked_bike,2021-04-23 18:14:45,2021-04-23 18:38:44,W 100 St & Manhattan Ave,7538,E 84 St & 1 Ave,7180,40.795,-73.9645,40.77565541,-73.95068615,member
114004,B35088CE060C6694,docked_bike,2021-04-28 17:29:12,2021-04-28 17:46:19,W 100 St & Manhattan Ave,7538,E 89 St & 3 Ave,7265,40.795,-73.9645,40.7806284,-73.9521667,casual
114007,D98B27EAB0DA32CE,docked_bike,2021-04-16 10:34:34,2021-04-16 10:50:11,W 100 St & Manhattan Ave,7538,E 89 St & 3 Ave,7265,40.795,-73.9645,40.7806284,-73.9521667,member
114008,CD25934D8A3535E9,docked_bike,2021-04-03 10:36:45,2021-04-03 10:51:48,W 100 St & Manhattan Ave,7538,E 89 St & 3 Ave,7265,40.795,-73.9645,40.7806284,-73.9521667,member
114009,7AF6149CC8E33B28,docked_bike,2021-04-07 08:04:46,2021-04-07 08:46:17,W 100 St & Manhattan Ave,7538,1 Ave & E 16 St,5779,40.795,-73.9645,40.732219,-73.981656,member
114014,D669522F62F5F8A5,docked_bike,2021-04-15 09:22:03,2021-04-15 09:32:05,W 100 St & Manhattan Ave,7538,W 70 St & Amsterdam Ave,7207,40.795,-73.9645,40.77748046,-73.98288594,member
114049,CD68E9E9397E6588,docked_bike,2021-04-11 09:25:55,2021-04-11 09:38:58,W 100 St & Manhattan Ave,7538,E 89 St & 3 Ave,7265,40.795,-73.9645,40.7806284,-73.9521667,member
114062,FD0E53568B31B102,docked_bike,2021-04-27 18:40:54,2021-04-27 19:07:07,W 100 St & Manhattan Ave,7538,1 Ave & E 16 St,5779,40.795,-73.9645,40.73221853,-73.98165557,member
114063,B85EF638740E67DB,docked_bike,2021-04-13 18:24:20,2021-04-13 18:50:15,W 100 St & Manhattan Ave,7538,1 Ave & E 16 St,5779,40.795,-73.9645,40.73221853,-73.98165557,member
114067,5673E219DD2CC147,docked_bike,2021-04-05 09:32:01,2021-04-05 09:45:43,W 100 St & Manhattan Ave,7538,E 89 St & 3 Ave,7265,40.795,-73.9645,40.7806284,-73.9521667,member
114070,51D09D7BC10EA1E7,docked_bike,2021-04-20 10:38:17,2021-04-20 10:51:51,W 100 St & Manhattan Ave,7538,E 89 St & 3 Ave,7265,40.795,-73.9645,40.7806284,-73.9521667,member
114072,AC70FE4C050B569D,docked_bike,2021-04-27 09:10:40,2021-04-27 09:25:34,W 100 St & Manhattan Ave,7538,W 70 St & Amsterdam Ave,7207,40.795,-73.9645,40.77748046,-73.98288594,member
114075,BA3B16F3FE8966B0,docked_bike,2021-04-30 18:01:20,2021-04-30 18:18:10,W 100 St & Manhattan Ave,7538,E 89 St & 3 Ave,7265,40.795,-73.9645,40.7806284,-73.9521667,member
120069,019A5F3C87AA4A08,docked_bike,2021-04-17 12:27:50,2021-04-17 13:53:08,W 100 St & Manhattan Ave,7538,Delancey St & Eldridge St,5414,40.795,-73.9645,40.719383,-73.991479,member
120835,B59389FC2E8A663E,docked_bike,2021-04-19 15:57:19,2021-04-19 16:16:25,W 100 St & Manhattan Ave,7538,5 Ave & E 72 St,7100,40.795,-73.9645,40.77282817,-73.96685276,casual
122367,25A31D688C0AD06F,docked_bike,2021-04-21 10:10:53,2021-04-21 10:24:35,Central Park W & W 97 St,7538,5 Ave & E 72 St,7100,40.792495,-73.96417,40.77282817,-73.96685276,member
122369,1A49D51578BF0B31,docked_bike,2021-04-08 17:55:57,2021-04-08 18:05:00,Central Park W & W 97 St,7538,E 91 St & Park Ave,7344,40.792495,-73.96417,40.7835016,-73.955327,member
122382,FFD8E188F257DF5E,docked_bike,2021-04-29 18:11:27,2021-04-29 18:22:26,Central Park W & W 97 St,7538,Adam Clayton Powell Blvd & W 138 St,7855,40.792495,-73.96417,40.81695971032464,-73.9422959089279,member
122386,0E9533F23A36B268,docked_bike,2021-04-09 19:54:16,2021-04-09 20:03:34,Central Park W & W 97 St,7538,E 118 St & Madison Ave,7640,40.792495,-73.96417,40.8014866,-73.9442507,member
122387,4E68C0ECA0E2B568,docked_bike,2021-04-06 14:24:48,2021-04-06 14:34:51,Central Park W & W 97 St,7538,5 Ave & E 72 St,7100,40.792495,-73.96417,40.77282817,-73.96685276,member
122393,CF3C9A8E0BFFB594,docked_bike,2021-04-09 15:43:08,2021-04-09 16:10:25,Central Park W & W 97 St,7538,5 Ave & E 72 St,7100,40.792495,-73.96417,40.77282817,-73.96685276,member
122394,FC0016E24CA80F28,docked_bike,2021-04-21 07:49:44,2021-04-21 08:03:15,Central Park W & W 97 St,7538,E 91 St & Park Ave,7344,40.792495,-73.96417,40.7835016,-73.955327,member
122395,EB1B5A86D42CDBF0,docked_bike,2021-04-22 07:46:51,2021-04-22 07:58:16,Central Park W & W 97 St,7538,E 91 St & Park Ave,7344,40.792495,-73.96417,40.7835016,-73.955327,member
122396,92F0D1B3B686DAD5,docked_bike,2021-04-20 10:37:33,2021-04-20 10:53:39,Central Park W & W 97 St,7538,Adam Clayton Powell Blvd & W 138 St,7855,40.792495,-73.964171,40.81696,-73.942296,member
122398,1406EB53E35130BE,docked_bike,2021-04-22 10:12:22,2021-04-22 10:24:06,Central Park W & W 97 St,7538,E 91 St & Park Ave,7344,40.792495,-73.96417,40.7835016,-73.955327,member
122909,4A102FCC48F0C51C,docked_bike,2021-04-30 09:40:15,2021-04-30 10:04:12,W 100 St & Manhattan Ave,7538,6 Ave & W 33 St,6364,40.795,-73.9645,40.74901271,-73.98848395,member
122911,3F81FBA0DDF35C8B,docked_bike,2021-04-02 07:03:35,2021-04-02 07:16:07,W 100 St & Manhattan Ave,7538,E 91 St & 2 Ave,7286,40.795,-73.9645,40.78112229934166,-73.94965589046478,member
122912,B2666785E7F008B4,docked_bike,2021-04-01 07:05:30,2021-04-01 07:14:47,W 100 St & Manhattan Ave,7538,E 91 St & 2 Ave,7286,40.795,-73.9645,40.78112229934166,-73.94965589046478,member
122921,7DA7437794B88FA9,docked_bike,2021-04-24 13:58:45,2021-04-24 14:18:59,W 100 St & Manhattan Ave,7538,E 91 St & 2 Ave,7286,40.795,-73.9645,40.78112229934166,-73.94965589046478,member
122922,11AEAFDD122471AC,docked_bike,2021-04-21 22:16:59,2021-04-21 22:32:52,W 100 St & Manhattan Ave,7538,5 Ave & E 135 St,7769,40.795,-73.9645,40.812191,-73.937838,member
122923,4B095BF52B530372,docked_bike,2021-04-11 17:38:17,2021-04-11 17:52:10,W 100 St & Manhattan Ave,7538,5 Ave & E 135 St,7769,40.795,-73.9645,40.812191,-73.937838,member
122924,4B9025A1AD93019D,docked_bike,2021-04-10 22:30:14,2021-04-10 22:48:34,W 100 St & Manhattan Ave,7538,5 Ave & E 135 St,7769,40.795,-73.9645,40.812191,-73.937838,member
123404,391AC67802AA2CFF,docked_bike,2021-04-30 18:33:50,2021-04-30 18:45:49,Central Park W & W 97 St,7538,5 Ave & E 135 St,7769,40.792495,-73.96417,40.812191,-73.937838,member
123411,F8B26F937EBA536D,docked_bike,2021-04-23 13:31:25,2021-04-23 13:59:14,Central Park W & W 97 St,7538,6 Ave & W 33 St,6364,40.792495,-73.96417,40.74901271,-73.98848395,casual
124971,77580359D0E04C27,docked_bike,2021-04-05 14:50:52,2021-04-05 15:44:29,Central Park W & W 97 St,7538,E 97 St & Madison Ave,7393,40.792495,-73.96417,40.787801,-73.953559,member
124974,FD5D14932E204F40,docked_bike,2021-04-23 07:24:15,2021-04-23 07:51:42,Central Park W & W 97 St,7538,W 37 St & 10 Ave,6611,40.792495,-73.96417,40.75660359,-73.9979009,member
124975,7472647DFAC94FDD,docked_bike,2021-04-04 15:57:02,2021-04-04 16:10:11,Central Park W & W 97 St,7538,E 75 St & 3 Ave,6991,40.792495,-73.96417,40.77112927,-73.95772297,member
128141,D09FE2E0CEFCD3F1,docked_bike,2021-04-18 11:55:36,2021-04-18 12:00:53,Central Park W & W 97 St,7538,W 106 St & Central Park West,7606,40.792495,-73.96417,40.7981856,-73.9605909006,member
128147,5742689339B06904,docked_bike,2021-04-10 19:20:16,2021-04-10 19:24:10,Central Park W & W 97 St,7538,W 106 St & Central Park West,7606,40.792495,-73.96417,40.7981856,-73.9605909006,casual
128149,7E6F0D83150EFA63,docked_bike,2021-04-07 19:02:49,2021-04-07 19:04:52,Central Park W & W 97 St,7538,Central Park W & W 103 St,7577,40.792495,-73.96417,40.79603684159984,-73.96158903853575,member
128150,4C8899D60A591AEE,docked_bike,2021-04-04 14:32:38,2021-04-04 14:35:05,Central Park W & W 97 St,7538,Central Park W & W 103 St,7577,40.792495,-73.96417,40.79603684159984,-73.96158903853575,casual
128918,F5E54B321D2A7CF8,docked_bike,2021-04-13 15:34:57,2021-04-13 15:36:53,W 100 St & Manhattan Ave,7538,Central Park W & W 103 St,7577,40.795,-73.9645,40.79603684159984,-73.96158903853575,member
128920,67F303156BE06D7F,docked_bike,2021-04-28 18:01:58,2021-04-28 18:42:59,W 100 St & Manhattan Ave,7538,W 106 St & Central Park West,7606,40.795,-73.9645,40.7981856,-73.9605909006,casual
128930,C0628BFD79CC0897,docked_bike,2021-04-06 17:03:51,2021-04-06 17:07:11,W 100 St & Manhattan Ave,7538,W 106 St & Central Park West,7606,40.795,-73.9645,40.7981856,-73.9605909006,member
128932,4268AB748CBB589D,docked_bike,2021-04-07 17:18:44,2021-04-07 18:13:00,W 100 St & Manhattan Ave,7538,W 106 St & Central Park West,7606,40.795,-73.9645,40.7981856,-73.9605909006,casual
128936,9B634C44FA9791F7,docked_bike,2021-04-07 16:58:19,2021-04-07 17:46:13,W 100 St & Manhattan Ave,7538,Central Park W & W 103 St,7577,40.795,-73.9645,40.79603684159984,-73.96158903853575,member
128937,A38A010BEAE50729,docked_bike,2021-04-03 19:52:45,2021-04-03 20:25:40,W 100 St & Manhattan Ave,7538,W 106 St & Central Park West,7606,40.795,-73.9645,40.7981856,-73.9605909006,member
128948,2A14015044C0EB57,docked_bike,2021-04-19 20:38:12,2021-04-19 20:41:56,W 100 St & Manhattan Ave,7538,W 106 St & Central Park West,7606,40.795,-73.9645,40.7981856,-73.9605909006,member
128951,03B836CAB012F9B5,docked_bike,2021-04-20 16:47:56,2021-04-20 17:15:52,W 100 St & Manhattan Ave,7538,Central Park W & W 103 St,7577,40.795,-73.9645,40.79603684159984,-73.96158903853575,member
128953,B5E57F4925630358,docked_bike,2021-04-27 18:37:39,2021-04-27 19:04:52,W 100 St & Manhattan Ave,7538,Central Park W & W 103 St,7577,40.795,-73.9645,40.79603684159984,-73.96158903853575,member
128964,C27B4FAE78C56C8B,docked_bike,2021-04-26 19:04:59,2021-04-26 19:07:23,W 100 St & Manhattan Ave,7538,Central Park W & W 103 St,7577,40.795,-73.9645,40.79603684159984,-73.96158903853575,member
128967,3967B50AE6862CDF,docked_bike,2021-04-20 07:13:05,2021-04-20 07:15:26,W 100 St & Manhattan Ave,7538,Central Park W & W 103 St,7577,40.795,-73.9645,40.79603684159984,-73.96158903853575,casual
128979,9B2F81259B29646C,docked_bike,2021-04-17 11:03:30,2021-04-17 11:12:03,W 100 St & Manhattan Ave,7538,W 106 St & Central Park West,7606,40.795,-73.9645,40.7981856,-73.9605909006,member
128981,F73CA03B1BEA6927,docked_bike,2021-04-17 17:52:31,2021-04-17 18:23:26,W 100 St & Manhattan Ave,7538,University Pl & E 14 St,5905,40.795,-73.9645,40.734814,-73.992085,member
128984,F13F159C2EE9E1FD,docked_bike,2021-04-15 17:56:06,2021-04-15 17:58:17,W 100 St & Manhattan Ave,7538,Central Park W & W 103 St,7577,40.795,-73.9645,40.79603684159984,-73.96158903853575,member
128986,DBA09AD898CAB538,docked_bike,2021-04-23 10:58:59,2021-04-23 11:24:17,W 100 St & Manhattan Ave,7538,W 106 St & Central Park West,7606,40.795,-73.9645,40.7981856,-73.9605909006,member
128991,56B8832AAFA75B66,docked_bike,2021-04-09 18:54:28,2021-04-09 18:57:33,W 100 St & Manhattan Ave,7538,W 106 St & Central Park West,7606,40.795,-73.9645,40.7981856,-73.9605909006,member
128994,0DA12F935BC3DA18,docked_bike,2021-04-10 19:44:37,2021-04-10 19:48:38,W 100 St & Manhattan Ave,7538,W 106 St & Central Park West,7606,40.795,-73.9645,40.7981856,-73.9605909006,member
128995,3167DF4AFBA09D64,docked_bike,2021-04-13 10:12:35,2021-04-13 10:40:59,W 100 St & Manhattan Ave,7538,Central Park W & W 103 St,7577,40.795,-73.9645,40.79603684159984,-73.96158903853575,member
128996,346A2CAD22F6831B,docked_bike,2021-04-04 15:09:06,2021-04-04 15:48:59,W 100 St & Manhattan Ave,7538,University Pl & E 14 St,5905,40.795,-73.9645,40.734814,-73.992085,casual
129002,BEE1A6D9C778DD97,docked_bike,2021-04-25 20:23:32,2021-04-25 20:27:40,W 100 St & Manhattan Ave,7538,W 106 St & Central Park West,7606,40.795,-73.9645,40.7981856,-73.9605909006,member
129003,7CA1AE64D3C4F32F,docked_bike,2021-04-12 07:27:33,2021-04-12 07:31:01,W 100 St & Manhattan Ave,7538,W 106 St & Central Park West,7606,40.795,-73.9645,40.7981856,-73.9605909006,member
129011,38D8F5B60889B2DC,docked_bike,2021-04-01 17:50:10,2021-04-01 17:52:12,W 100 St & Manhattan Ave,7538,Central Park W & W 103 St,7577,40.795,-73.9645,40.79603684159984,-73.96158903853575,casual
129013,651B0F6F4511BE18,docked_bike,2021-04-21 11:39:26,2021-04-21 12:07:48,W 100 St & Manhattan Ave,7538,Central Park W & W 103 St,7577,40.795,-73.9645,40.79603684159984,-73.96158903853575,member
129015,5B53BFAF53DDCEDD,docked_bike,2021-04-19 15:42:15,2021-04-19 16:12:48,W 100 St & Manhattan Ave,7538,Central Park W & W 103 St,7577,40.795,-73.9645,40.79603684159984,-73.96158903853575,member
129017,AE2471DD914137E9,docked_bike,2021-04-20 07:57:13,2021-04-20 07:59:32,W 100 St & Manhattan Ave,7538,Central Park W & W 103 St,7577,40.795,-73.9645,40.79603684159984,-73.96158903853575,member
129029,B970CB16776F107B,docked_bike,2021-04-30 10:39:37,2021-04-30 10:44:36,W 100 St & Manhattan Ave,7538,Central Park W & W 103 St,7577,40.795,-73.9645,40.79603684159984,-73.96158903853575,member
129034,36B11969DFE3FF4B,docked_bike,2021-04-19 20:38:29,2021-04-19 20:41:53,W 100 St & Manhattan Ave,7538,W 106 St & Central Park West,7606,40.795,-73.9645,40.7981856,-73.9605909006,member
129035,A8C8F2ED5F5D44AC,docked_bike,2021-04-06 19:19:08,2021-04-06 19:32:39,W 100 St & Manhattan Ave,7538,W 106 St & Central Park West,7606,40.795,-73.9645,40.7981856,-73.9605909006,member
129036,E772A7FDBE871ED9,docked_bike,2021-04-06 17:46:25,2021-04-06 18:19:56,W 100 St & Manhattan Ave,7538,Central Park W & W 103 St,7577,40.795,-73.9645,40.79603684159984,-73.96158903853575,member
129037,1D18A59AAFE5B2A6,docked_bike,2021-04-12 16:09:00,2021-04-12 16:12:38,W 100 St & Manhattan Ave,7538,W 106 St & Central Park West,7606,40.795,-73.9645,40.7981856,-73.9605909006,member
129039,236A5987A89EAEB8,docked_bike,2021-04-04 19:59:00,2021-04-04 20:03:21,W 100 St & Manhattan Ave,7538,W 106 St & Central Park West,7606,40.795,-73.9645,40.7981856,-73.9605909006,member
129040,2AD13105730DC27E,docked_bike,2021-04-20 07:39:47,2021-04-20 07:42:54,W 100 St & Manhattan Ave,7538,W 106 St & Central Park West,7606,40.795,-73.9645,40.7981856,-73.9605909006,member
129043,470F5E2CE1D4D96A,docked_bike,2021-04-06 18:48:32,2021-04-06 19:19:37,W 100 St & Manhattan Ave,7538,Central Park W & W 103 St,7577,40.795,-73.9645,40.79603684159984,-73.96158903853575,casual
129046,2746C1AB4A85E7A4,docked_bike,2021-04-20 16:13:22,2021-04-20 16:42:56,W 100 St & Manhattan Ave,7538,Ft. Washington Ave & W 190 St,8496,40.795,-73.9645,40.856906,-73.935662,member
129047,8E732DE74DC10CE2,docked_bike,2021-04-16 07:38:36,2021-04-16 07:41:37,W 100 St & Manhattan Ave,7538,W 106 St & Central Park West,7606,40.795,-73.9645,40.798186,-73.960591,member
129050,FE78B43D1B2EC271,docked_bike,2021-04-29 14:22:27,2021-04-29 14:24:55,W 100 St & Manhattan Ave,7538,Central Park W & W 103 St,7577,40.795,-73.9645,40.79603684159984,-73.96158903853575,member
129052,EAAF68652E75329E,docked_bike,2021-04-10 11:12:06,2021-04-10 11:19:57,W 100 St & Manhattan Ave,7538,W 106 St & Central Park West,7606,40.795,-73.9645,40.7981856,-73.9605909006,member
129053,B8C02A333BEF8958,docked_bike,2021-04-01 11:34:44,2021-04-01 11:48:43,W 100 St & Manhattan Ave,7538,Central Park W & W 103 St,7577,40.795,-73.9645,40.79603684159984,-73.96158903853575,member
129058,B9DE22F442385E34,docked_bike,2021-04-24 17:11:56,2021-04-24 17:14:05,W 100 St & Manhattan Ave,7538,Central Park W & W 103 St,7577,40.795,-73.9645,40.79603684159984,-73.96158903853575,member
129059,64384A3E87080C25,docked_bike,2021-04-25 16:31:41,2021-04-25 16:43:08,W 100 St & Manhattan Ave,7538,W 106 St & Central Park West,7606,40.795,-73.9645,40.7981856,-73.9605909006,member
129060,11AD0898677C821B,docked_bike,2021-04-12 16:34:23,2021-04-12 16:56:25,W 100 St & Manhattan Ave,7538,Broadway & W 131 St,7865,40.795,-73.9645,40.817555,-73.957163,member
129061,6BA017C0D3404B25,docked_bike,2021-04-29 16:17:11,2021-04-29 16:18:45,W 100 St & Manhattan Ave,7538,Central Park W & W 103 St,7577,40.795,-73.9645,40.79603684159984,-73.96158903853575,member
129066,C50E7827984B0200,docked_bike,2021-04-15 11:49:35,2021-04-15 12:18:42,W 100 St & Manhattan Ave,7538,Central Park W & W 103 St,7577,40.795,-73.9645,40.79603684159984,-73.96158903853575,member
129070,E60279FC25ABCE49,docked_bike,2021-04-21 07:06:09,2021-04-21 07:17:40,W 100 St & Manhattan Ave,7538,Central Park W & W 103 St,7577,40.795,-73.9645,40.79603684159984,-73.96158903853575,member
129074,77838D70659CD345,docked_bike,2021-04-21 18:52:40,2021-04-21 18:55:35,W 100 St & Manhattan Ave,7538,W 106 St & Central Park West,7606,40.795,-73.9645,40.7981856,-73.9605909006,member
129077,2D80C3E6D5F8E8F6,docked_bike,2021-04-19 18:10:01,2021-04-19 18:12:08,W 100 St & Manhattan Ave,7538,W 106 St & Central Park West,7606,40.795,-73.9645,40.7981856,-73.9605909006,member
129079,ABDA0EC3D8683B58,docked_bike,2021-04-17 17:52:19,2021-04-17 18:23:37,W 100 St & Manhattan Ave,7538,University Pl & E 14 St,5905,40.795,-73.9645,40.734814,-73.992085,member
129084,EDDB95DF950439E4,docked_bike,2021-04-25 16:11:29,2021-04-25 16:14:29,W 100 St & Manhattan Ave,7538,W 106 St & Central Park West,7606,40.795,-73.9645,40.7981856,-73.9605909006,member
129091,6B579F99F4BB7AE5,docked_bike,2021-04-18 11:12:43,2021-04-18 11:28:30,W 100 St & Manhattan Ave,7538,W 106 St & Central Park West,7606,40.795,-73.9645,40.7981856,-73.9605909006,member
129093,0EDA7F1521C568D3,docked_bike,2021-04-04 11:44:27,2021-04-04 11:57:30,W 100 St & Manhattan Ave,7538,W 106 St & Central Park West,7606,40.795,-73.9645,40.7981856,-73.9605909006,member
129095,A055BBB01DA10C4E,docked_bike,2021-04-30 13:36:12,2021-04-30 13:37:49,W 100 St & Manhattan Ave,7538,Central Park W & W 103 St,7577,40.795,-73.9645,40.79603684159984,-73.96158903853575,member
129099,E844DFE2CCB19BC6,docked_bike,2021-04-30 07:41:26,2021-04-30 07:44:56,W 100 St & Manhattan Ave,7538,W 106 St & Central Park West,7606,40.795,-73.9645,40.7981856,-73.9605909006,member
129330,384D99A9DD0E3ECE,docked_bike,2021-04-21 17:46:04,2021-04-21 17:49:24,W 100 St & Manhattan Ave,7538,W 106 St & Central Park West,7606,40.795,-73.9645,40.7981856,-73.9605909006,member
129334,B92A6AFD6C384AB1,docked_bike,2021-04-25 18:43:36,2021-04-25 18:47:21,W 100 St & Manhattan Ave,7538,W 106 St & Central Park West,7606,40.795,-73.9645,40.7981856,-73.9605909006,member
129340,CE9F49504DFD291E,docked_bike,2021-04-03 17:23:09,2021-04-03 17:56:08,W 100 St & Manhattan Ave,7538,Central Park W & W 103 St,7577,40.795,-73.9645,40.79603684159984,-73.96158903853575,casual
129739,D512DF18BD6C01BD,docked_bike,2021-04-16 09:13:20,2021-04-16 09:15:58,W 100 St & Manhattan Ave,7538,Central Park W & W 103 St,7577,40.795,-73.9645,40.79603684159984,-73.96158903853575,member
129747,15A56755233F6283,docked_bike,2021-04-01 17:56:00,2021-04-01 17:58:03,W 100 St & Manhattan Ave,7538,Central Park W & W 103 St,7577,40.795,-73.9645,40.79603684159984,-73.96158903853575,casual
131489,16F323ED248C9849,docked_bike,2021-04-10 18:14:39,2021-04-10 18:50:31,Central Park W & W 97 St,7538,Adam Clayton Powell Blvd & W 141 St,7893,40.792495,-73.96417,40.819241,-73.941057,member
132995,AB58A25B830D28FB,docked_bike,2021-04-22 18:03:54,2021-04-22 18:10:58,W 100 St & Manhattan Ave,7538,W 116 St & Broadway,7713,40.795,-73.9645,40.8082,-73.9641,member
133019,A792A20F8E138C43,docked_bike,2021-04-27 17:17:20,2021-04-27 17:54:24,W 100 St & Manhattan Ave,7538,Central Park West & W 72 St,7141,40.795,-73.9645,40.77579376683666,-73.9762057363987,member
133021,3FD27AC32E72C588,docked_bike,2021-04-18 13:42:56,2021-04-18 13:56:21,W 100 St & Manhattan Ave,7538,Central Park West & W 72 St,7141,40.795,-73.9645,40.775794,-73.976206,member
133023,C622E0C1FE6CE8D1,docked_bike,2021-04-22 09:41:10,2021-04-22 09:57:36,W 100 St & Manhattan Ave,7538,Broadway & W 38 St,6441,40.795,-73.9645,40.75299641,-73.98721619,member
135654,7FB4F63AF73AF261,docked_bike,2021-04-20 14:54:53,2021-04-20 15:07:30,W 100 St & Manhattan Ave,7538,Central Park West & W 72 St,7141,40.795,-73.9645,40.77579376683666,-73.9762057363987,member
136283,5B6CB53310AE0C15,docked_bike,2021-04-24 15:13:53,2021-04-24 15:28:45,Central Park W & W 97 St,7538,Central Park West & W 72 St,7141,40.792495,-73.96417,40.77579376683666,-73.9762057363987,casual
136285,CEA842B983CAEFAC,docked_bike,2021-04-30 09:07:11,2021-04-30 09:26:05,Central Park W & W 97 St,7538,Broadway & W 38 St,6441,40.792495,-73.96417,40.75299641,-73.98721619,member
136286,625C809A6C0AAC2F,docked_bike,2021-04-07 15:31:41,2021-04-07 15:41:35,Central Park W & W 97 St,7538,Central Park West & W 72 St,7141,40.792495,-73.96417,40.77579376683666,-73.9762057363987,casual
136287,8507E9855F0D3CB3,docked_bike,2021-04-10 16:26:31,2021-04-10 16:43:42,Central Park W & W 97 St,7538,Central Park West & W 72 St,7141,40.792495,-73.96417,40.77579376683666,-73.9762057363987,casual
136290,A4173E1ED4769FE6,docked_bike,2021-04-06 12:36:09,2021-04-06 12:48:48,Central Park W & W 97 St,7538,Central Park West & W 72 St,7141,40.792495,-73.96417,40.77579376683666,-73.9762057363987,member
138352,5DA9E99C48466CBC,docked_bike,2021-04-22 12:12:01,2021-04-22 12:21:19,W 100 St & Manhattan Ave,7538,Columbus Ave & W 72 St,7175,40.795,-73.9645,40.7770575,-73.97898475,member
138385,E349F2A2961C9553,docked_bike,2021-04-15 15:41:32,2021-04-15 15:48:04,W 100 St & Manhattan Ave,7538,Riverside Dr & W 104 St,7623,40.795,-73.9645,40.8013434,-73.9711457439,member
138391,45BF1D9FBF0930A9,docked_bike,2021-04-02 21:11:56,2021-04-02 21:20:35,W 100 St & Manhattan Ave,7538,Columbus Ave & W 72 St,7175,40.795,-73.9645,40.7770575,-73.97898475,casual
138394,AE580912E3279817,docked_bike,2021-04-19 06:04:59,2021-04-19 06:17:25,W 100 St & Manhattan Ave,7538,Columbus Ave & W 72 St,7175,40.795,-73.9645,40.7770575,-73.97898475,member
138400,3922CDA633B34F76,docked_bike,2021-04-23 15:47:31,2021-04-23 16:06:40,W 100 St & Manhattan Ave,7538,Riverside Dr & W 104 St,7623,40.795,-73.9645,40.8013434,-73.9711457439,member
138401,F6402FC5318841ED,docked_bike,2021-04-11 05:55:44,2021-04-11 06:02:57,W 100 St & Manhattan Ave,7538,Riverside Dr & W 104 St,7623,40.795,-73.9645,40.8013434,-73.9711457439,member
139659,4E1B0CD7A2BC708A,docked_bike,2021-04-17 09:19:46,2021-04-17 09:27:03,W 100 St & Manhattan Ave,7538,Riverside Dr & W 104 St,7623,40.795,-73.9645,40.8013434,-73.9711457439,member
139663,6373CDD1E8E93A9B,docked_bike,2021-04-28 17:16:57,2021-04-28 17:22:12,W 100 St & Manhattan Ave,7538,Riverside Dr & W 104 St,7623,40.795,-73.9645,40.8013434,-73.9711457439,member
140936,AF30DF10B9D435AA,docked_bike,2021-04-06 16:02:41,2021-04-06 16:21:16,Central Park W & W 97 St,7538,Columbus Ave & W 72 St,7175,40.792495,-73.96417,40.7770575,-73.97898475,member
140939,53538334E3E30E21,docked_bike,2021-04-02 13:37:43,2021-04-02 13:45:46,Central Park W & W 97 St,7538,Columbus Ave & W 72 St,7175,40.792495,-73.96417,40.7770575,-73.97898475,casual
140942,01C4DFAD2673AF58,docked_bike,2021-04-06 18:19:36,2021-04-06 18:25:48,Central Park W & W 97 St,7538,Riverside Dr & W 104 St,7623,40.792495,-73.96417,40.8013434,-73.9711457439,member
141888,9F797C881F1EAAB9,docked_bike,2021-04-09 12:25:46,2021-04-09 12:37:43,W 100 St & Manhattan Ave,7538,Columbus Ave & W 72 St,7175,40.795,-73.9645,40.7770575,-73.97898475,member
141889,54674635DF8F0624,docked_bike,2021-04-22 16:35:57,2021-04-22 16:44:15,W 100 St & Manhattan Ave,7538,Columbus Ave & W 72 St,7175,40.795,-73.9645,40.7770575,-73.97898475,member
141890,08BD828340574D0B,docked_bike,2021-04-18 14:17:30,2021-04-18 14:23:35,W 100 St & Manhattan Ave,7538,Riverside Dr & W 104 St,7623,40.795,-73.9645,40.8013434,-73.9711457439,member
141891,B84971E379787BDD,docked_bike,2021-04-10 13:50:21,2021-04-10 14:03:11,W 100 St & Manhattan Ave,7538,Columbus Ave & W 72 St,7175,40.795,-73.9645,40.7770575,-73.97898475,casual
141896,09E2C6AA0612A840,docked_bike,2021-04-30 11:46:13,2021-04-30 11:54:29,W 100 St & Manhattan Ave,7538,Riverside Dr & W 82 St,7388,40.795,-73.9645,40.78720869,-73.98128127,member
141897,398AC4571BB03704,docked_bike,2021-04-14 11:48:41,2021-04-14 11:59:12,W 100 St & Manhattan Ave,7538,Riverside Dr & W 82 St,7388,40.795,-73.9645,40.78720869,-73.98128127,member
141899,404EACB9216678F9,docked_bike,2021-04-24 09:16:21,2021-04-24 09:20:38,W 100 St & Manhattan Ave,7538,Riverside Dr & W 104 St,7623,40.795,-73.9645,40.8013434,-73.9711457439,member
141900,97F37F2353D998DA,docked_bike,2021-04-17 11:49:53,2021-04-17 12:04:32,W 100 St & Manhattan Ave,7538,3 Ave & E 71 St,6960,40.795,-73.9645,40.76873687,-73.96119945,member
141901,E3A6BEDC442F65E5,docked_bike,2021-04-06 15:33:58,2021-04-06 15:44:47,W 100 St & Manhattan Ave,7538,Columbus Ave & W 72 St,7175,40.795,-73.9645,40.7770575,-73.97898475,member
141903,AEA635AD90CED833,docked_bike,2021-04-08 03:55:28,2021-04-08 04:09:25,W 100 St & Manhattan Ave,7538,Adam Clayton Powell Blvd & W 151 St,8009,40.795,-73.9645,40.825289,-73.936232,member
141908,A1B01CFD5F188789,docked_bike,2021-04-25 20:38:33,2021-04-25 20:47:22,W 100 St & Manhattan Ave,7538,Columbus Ave & W 72 St,7175,40.795,-73.9645,40.7770575,-73.97898475,casual
143272,FC1ED0A65E162BEA,docked_bike,2021-04-09 19:45:20,2021-04-09 19:51:30,W 100 St & Manhattan Ave,7538,Riverside Dr & W 104 St,7623,40.795,-73.9645,40.8013434,-73.9711457439,member
143273,B38DE29E86F55A79,docked_bike,2021-04-11 07:21:47,2021-04-11 07:26:29,W 100 St & Manhattan Ave,7538,Riverside Dr & W 104 St,7623,40.795,-73.9645,40.8013434,-73.9711457439,member
143275,12F60ADBD16A478B,docked_bike,2021-04-03 04:10:12,2021-04-03 04:25:48,W 100 St & Manhattan Ave,7538,Adam Clayton Powell Blvd & W 151 St,8009,40.795,-73.9645,40.825289,-73.936232,member
143276,15A71E7D7B090AA4,docked_bike,2021-04-09 05:02:28,2021-04-09 05:16:47,W 100 St & Manhattan Ave,7538,Adam Clayton Powell Blvd & W 151 St,8009,40.795,-73.9645,40.825289,-73.936232,member
143869,FA1C87DAF3FE519D,docked_bike,2021-04-06 16:18:15,2021-04-06 16:36:37,Central Park W & W 97 St,7538,Columbus Ave & W 72 St,7175,40.792495,-73.96417,40.7770575,-73.97898475,casual
143871,B9E710384CBA4ADC,docked_bike,2021-04-22 11:43:51,2021-04-22 11:55:09,Central Park W & W 97 St,7538,Columbus Ave & W 72 St,7175,40.792495,-73.96417,40.7770575,-73.97898475,member
143872,BB28A4999E4AB222,docked_bike,2021-04-06 16:24:29,2021-04-06 16:57:35,Central Park W & W 97 St,7538,3 Ave & E 71 St,6960,40.792495,-73.96417,40.76873687,-73.96119945,member
143873,94519CA339FA0A37,docked_bike,2021-04-18 07:39:29,2021-04-18 07:52:03,Central Park W & W 97 St,7538,3 Ave & E 71 St,6960,40.792495,-73.96417,40.76873687,-73.96119945,member
143874,B8A2184AAD965EC9,docked_bike,2021-04-22 20:26:15,2021-04-22 20:50:53,Central Park W & W 97 St,7538,Columbus Ave & W 72 St,7175,40.792495,-73.96417,40.7770575,-73.97898475,member
143876,81D8D57CD193B43B,docked_bike,2021-04-24 09:21:51,2021-04-24 09:33:25,Central Park W & W 97 St,7538,Riverside Dr & W 104 St,7623,40.792495,-73.964171,40.801343,-73.971146,casual
143880,7134CF1E6AA7C2D9,docked_bike,2021-04-10 18:30:54,2021-04-10 18:54:14,Central Park W & W 97 St,7538,Riverside Dr & W 82 St,7388,40.792495,-73.96417,40.78720869,-73.98128127,member
143881,41E4E8B14F28E528,docked_bike,2021-04-06 16:17:43,2021-04-06 16:37:49,Central Park W & W 97 St,7538,Columbus Ave & W 72 St,7175,40.792495,-73.96417,40.7770575,-73.97898475,casual
143884,943B6E6926C42E6B,docked_bike,2021-04-08 13:49:45,2021-04-08 14:00:14,Central Park W & W 97 St,7538,Columbus Ave & W 72 St,7175,40.792495,-73.96417,40.7770575,-73.97898475,member
143895,16312F84F444B826,docked_bike,2021-04-27 17:55:43,2021-04-27 18:11:34,Central Park W & W 97 St,7538,Adam Clayton Powell Blvd & W 151 St,8009,40.792495,-73.96417,40.825289,-73.936232,member
143897,F3AAB210FAF671F3,docked_bike,2021-04-28 17:23:58,2021-04-28 17:30:52,Central Park W & W 97 St,7538,Riverside Dr & W 104 St,7623,40.792495,-73.96417,40.8013434,-73.9711457439,member
143908,04B8B877B9448A40,docked_bike,2021-04-05 13:17:32,2021-04-05 13:28:10,Central Park W & W 97 St,7538,Columbus Ave & W 72 St,7175,40.792495,-73.96417,40.7770575,-73.97898475,casual
143921,573677B19BCB1089,docked_bike,2021-04-17 12:52:40,2021-04-17 12:52:37,Central Park W & W 97 St,7538,Riverside Dr & W 82 St,7388,40.792495,-73.96417,40.78720869,-73.98128127,casual
143939,2C962D8ED2DF00C0,docked_bike,2021-04-18 12:53:35,2021-04-18 13:06:10,Central Park W & W 97 St,7538,Columbus Ave & W 72 St,7175,40.792495,-73.96417,40.7770575,-73.97898475,member
143956,AD1041351EC4FDBD,docked_bike,2021-04-07 15:51:29,2021-04-07 15:57:35,Central Park W & W 97 St,7538,Riverside Dr & W 104 St,7623,40.792495,-73.96417,40.8013434,-73.9711457439,member
143957,E27204B0A075BE22,docked_bike,2021-04-27 19:33:57,2021-04-27 19:43:43,Central Park W & W 97 St,7538,Columbus Ave & W 72 St,7175,40.792495,-73.96417,40.7770575,-73.97898475,member
144102,D9CAA4776A2C580F,docked_bike,2021-04-03 16:22:13,2021-04-03 16:45:59,W 100 St & Manhattan Ave,7538,Morningside Ave & W 123 St,7741,40.795,-73.9645,40.81,-73.9551508,member
144107,71A6C1B03355AE0C,docked_bike,2021-04-24 17:15:15,2021-04-24 17:29:57,Central Park W & W 97 St,7538,Adam Clayton Powell Blvd & W 151 St,8009,40.792495,-73.96417,40.825289,-73.936232,member
144125,8BFA5C4860B088BD,docked_bike,2021-04-23 17:01:52,2021-04-23 17:07:14,Central Park W & W 97 St,7538,Riverside Dr & W 104 St,7623,40.792495,-73.96417,40.8013434,-73.9711457439,casual
144970,A1BFA292390D5A66,docked_bike,2021-04-17 17:24:04,2021-04-17 17:45:40,Central Park W & W 97 St,7538,Bradhurst Ave & W 148 St,7992,40.792495,-73.96417,40.825125,-73.941616,member
144973,56DC3C6A29049CAB,docked_bike,2021-04-03 17:32:22,2021-04-03 17:42:55,Central Park W & W 97 St,7538,Morningside Ave & W 123 St,7741,40.792495,-73.964171,40.81,-73.955151,member
146624,3DA088A0FC62E06A,docked_bike,2021-04-12 12:59:11,2021-04-12 13:07:42,W 100 St & Manhattan Ave,7538,Adam Clayton Powell Blvd & W 123 St,7704,40.795,-73.9645,40.8078316,-73.949373,member
147343,E41360BDE595C611,docked_bike,2021-04-05 10:00:01,2021-04-05 10:51:49,Central Park W & W 97 St,7538,Washington St & Gansevoort St,6039,40.792495,-73.964171,40.739323,-74.008119,casual
147344,8D41D433D0EADF88,docked_bike,2021-04-19 15:30:42,2021-04-19 16:10:39,Central Park W & W 97 St,7538,5 Ave & E 63 St,6904,40.792495,-73.96417,40.766368,-73.971518,casual
148478,0886CF4D0C7D3036,docked_bike,2021-04-25 16:29:09,2021-04-25 16:46:28,W 100 St & Manhattan Ave,7538,5 Ave & E 63 St,6904,40.795,-73.9645,40.766368,-73.971518,casual
148482,F061E14BFF22531D,docked_bike,2021-04-23 14:35:09,2021-04-23 14:48:20,W 100 St & Manhattan Ave,7538,Adam Clayton Powell Blvd & W 123 St,7704,40.795,-73.9645,40.8078316,-73.949373,member
148483,7B7E38E3D325AC99,docked_bike,2021-04-12 07:27:57,2021-04-12 07:48:01,W 100 St & Manhattan Ave,7538,5 Ave & E 63 St,6904,40.795,-73.9645,40.766368,-73.971518,member
148484,39EEC32C619D491B,docked_bike,2021-04-07 07:25:54,2021-04-07 07:40:41,W 100 St & Manhattan Ave,7538,5 Ave & E 63 St,6904,40.795,-73.9645,40.766368,-73.971518,member
148485,2E26378D9409AAF2,docked_bike,2021-04-16 07:20:35,2021-04-16 07:39:27,W 100 St & Manhattan Ave,7538,5 Ave & E 63 St,6904,40.795,-73.9645,40.766368,-73.971518,member
148486,5F7B1FCE605220EB,docked_bike,2021-04-13 07:26:15,2021-04-13 07:46:44,W 100 St & Manhattan Ave,7538,5 Ave & E 63 St,6904,40.795,-73.9645,40.766368,-73.971518,member
148487,3A646C42FCAC4E66,docked_bike,2021-04-29 07:27:36,2021-04-29 07:45:35,W 100 St & Manhattan Ave,7538,5 Ave & E 63 St,6904,40.795,-73.9645,40.766368,-73.971518,member
148488,EF5A1B4548173834,docked_bike,2021-04-20 07:25:45,2021-04-20 07:45:21,W 100 St & Manhattan Ave,7538,5 Ave & E 63 St,6904,40.795,-73.9645,40.766368,-73.971518,member
148489,1BA937AADDD33269,docked_bike,2021-04-23 20:58:01,2021-04-23 21:25:29,W 100 St & Manhattan Ave,7538,Adam Clayton Powell Blvd & W 123 St,7704,40.795,-73.9645,40.8078316,-73.949373,member
148495,14CD085E584A87DB,docked_bike,2021-04-23 10:06:20,2021-04-23 10:24:59,W 100 St & Manhattan Ave,7538,5 Ave & E 63 St,6904,40.795,-73.9645,40.766368,-73.971518,member
148496,6D8EE5D597EB2C42,docked_bike,2021-04-14 13:10:02,2021-04-14 13:28:26,W 100 St & Manhattan Ave,7538,5 Ave & E 63 St,6904,40.795,-73.9645,40.766368,-73.971518,member
148498,EAA800A6F8E2E5B0,docked_bike,2021-04-18 17:51:50,2021-04-18 18:00:22,W 100 St & Manhattan Ave,7538,Adam Clayton Powell Blvd & W 123 St,7704,40.795,-73.9645,40.8078316,-73.949373,member
148503,9B6EE993E4D5023B,docked_bike,2021-04-03 14:11:11,2021-04-03 14:41:42,W 100 St & Manhattan Ave,7538,9 Ave & W 22 St,6266,40.795,-73.9645,40.7454973,-74.00197139,member
148506,DFF198B08AA470B4,docked_bike,2021-04-26 07:25:02,2021-04-26 07:47:06,W 100 St & Manhattan Ave,7538,5 Ave & E 63 St,6904,40.795,-73.9645,40.766368,-73.971518,member
148507,BC82DB98D1803918,docked_bike,2021-04-28 07:21:28,2021-04-28 07:40:53,W 100 St & Manhattan Ave,7538,5 Ave & E 63 St,6904,40.795,-73.9645,40.766368,-73.971518,member
148508,7E4FC0AA7A3AB151,docked_bike,2021-04-23 23:31:11,2021-04-23 23:46:09,W 100 St & Manhattan Ave,7538,E 85 St & York Ave,7146,40.795,-73.9645,40.77536905,-73.94803392,member
148512,9A6FF01D6A5EB56A,docked_bike,2021-04-21 07:21:20,2021-04-21 07:42:59,W 100 St & Manhattan Ave,7538,5 Ave & E 63 St,6904,40.795,-73.9645,40.766368,-73.971518,member
148513,84614FED59ECC097,docked_bike,2021-04-30 07:26:28,2021-04-30 07:45:34,W 100 St & Manhattan Ave,7538,5 Ave & E 63 St,6904,40.795,-73.9645,40.766368,-73.971518,member
148514,56A14F3CA61E9854,docked_bike,2021-04-20 09:36:26,2021-04-20 09:51:32,W 100 St & Manhattan Ave,7538,5 Ave & E 63 St,6904,40.795,-73.9645,40.766368,-73.971518,member
148518,CC29B0E9C217EF3A,docked_bike,2021-04-30 14:15:04,2021-04-30 14:26:49,W 100 St & Manhattan Ave,7538,Adam Clayton Powell Blvd & W 123 St,7704,40.795,-73.9645,40.8078316,-73.949373,member
148526,76555C87F8FEDB64,docked_bike,2021-04-19 07:21:58,2021-04-19 07:42:10,W 100 St & Manhattan Ave,7538,5 Ave & E 63 St,6904,40.795,-73.9645,40.766368,-73.971518,member
148527,51C7BF76929DDCC4,docked_bike,2021-04-22 07:25:28,2021-04-22 07:41:14,W 100 St & Manhattan Ave,7538,5 Ave & E 63 St,6904,40.795,-73.9645,40.766368,-73.971518,member
148529,5CF35A2A4665FAC8,docked_bike,2021-04-26 08:05:16,2021-04-26 08:28:08,W 100 St & Manhattan Ave,7538,Broadway & W 37 St,6441,40.795,-73.9645,40.75172632,-73.98753523,member
148530,192F5233F55F0E9E,docked_bike,2021-04-01 22:25:10,2021-04-01 22:37:50,W 100 St & Manhattan Ave,7538,E 85 St & York Ave,7146,40.795,-73.9645,40.77536905,-73.94803392,member
148531,47263C36C22C8EE6,docked_bike,2021-04-27 07:24:36,2021-04-27 07:46:04,W 100 St & Manhattan Ave,7538,5 Ave & E 63 St,6904,40.795,-73.9645,40.766368,-73.971518,member
148532,B33A1A114283E5CB,docked_bike,2021-04-09 07:22:53,2021-04-09 07:42:37,W 100 St & Manhattan Ave,7538,5 Ave & E 63 St,6904,40.795,-73.9645,40.766368,-73.971518,member
148533,EF23743B02F553CA,docked_bike,2021-04-15 07:20:48,2021-04-15 07:41:19,W 100 St & Manhattan Ave,7538,5 Ave & E 63 St,6904,40.795,-73.9645,40.766368,-73.971518,member
148534,76DBDE992FE09852,docked_bike,2021-04-10 12:42:34,2021-04-10 13:02:03,W 100 St & Manhattan Ave,7538,E 85 St & York Ave,7146,40.795,-73.9645,40.77536905,-73.94803392,member
148537,66BACC33C9DE7374,docked_bike,2021-04-13 10:15:18,2021-04-13 10:30:29,W 100 St & Manhattan Ave,7538,5 Ave & E 63 St,6904,40.795,-73.9645,40.766368,-73.971518,member
148538,E241F5723531D30E,docked_bike,2021-04-22 09:23:42,2021-04-22 09:37:45,W 100 St & Manhattan Ave,7538,5 Ave & E 63 St,6904,40.795,-73.9645,40.766368,-73.971518,member
148539,08F988507707F4F1,docked_bike,2021-04-05 09:27:04,2021-04-05 09:43:14,W 100 St & Manhattan Ave,7538,5 Ave & E 63 St,6904,40.795,-73.9645,40.766368,-73.971518,member
148540,22058339CCE6BFB5,docked_bike,2021-04-14 13:45:24,2021-04-14 13:58:32,W 100 St & Manhattan Ave,7538,5 Ave & E 63 St,6904,40.795,-73.9645,40.766368,-73.971518,member
148546,6C2EE35D72F17FD8,docked_bike,2021-04-18 17:49:11,2021-04-18 18:05:20,W 100 St & Manhattan Ave,7538,5 Ave & E 63 St,6904,40.795,-73.9645,40.766368,-73.971518,member
148548,513A90299E837EF0,docked_bike,2021-04-01 14:25:41,2021-04-01 14:38:52,W 100 St & Manhattan Ave,7538,Adam Clayton Powell Blvd & W 123 St,7704,40.795,-73.9645,40.807832,-73.949373,member
148574,AAD0FA8CE3474E2F,docked_bike,2021-04-28 10:13:47,2021-04-28 10:25:48,W 100 St & Manhattan Ave,7538,5 Ave & E 63 St,6904,40.795,-73.9645,40.766368,-73.971518,member
148577,F7774AF320A1C6AD,docked_bike,2021-04-24 09:30:13,2021-04-24 09:51:00,W 100 St & Manhattan Ave,7538,5 Ave & E 63 St,6904,40.795,-73.9645,40.766368,-73.971518,member
148580,57A98298F8D5AE2C,docked_bike,2021-04-19 15:33:03,2021-04-19 15:46:55,W 100 St & Manhattan Ave,7538,Adam Clayton Powell Blvd & W 123 St,7704,40.795,-73.9645,40.8078316,-73.949373,member
148585,37CEAD32BD64C8F8,docked_bike,2021-04-23 07:24:11,2021-04-23 07:44:23,W 100 St & Manhattan Ave,7538,5 Ave & E 63 St,6904,40.795,-73.9645,40.766368,-73.971518,member
148642,951EFEFE21D0D1C1,docked_bike,2021-04-14 07:23:44,2021-04-14 07:43:04,W 100 St & Manhattan Ave,7538,5 Ave & E 63 St,6904,40.795,-73.9645,40.766368,-73.971518,member
148643,7543CA525DE9E65F,docked_bike,2021-04-08 07:27:03,2021-04-08 07:47:03,W 100 St & Manhattan Ave,7538,5 Ave & E 63 St,6904,40.795,-73.9645,40.766368,-73.971518,member
148646,BE26F94FF57E20FF,docked_bike,2021-04-08 11:32:12,2021-04-08 11:48:08,W 100 St & Manhattan Ave,7538,5 Ave & E 63 St,6904,40.795,-73.9645,40.766368,-73.971518,member
148647,7A79A491A8EA1EC3,docked_bike,2021-04-10 18:48:41,2021-04-10 19:02:48,W 100 St & Manhattan Ave,7538,Adam Clayton Powell Blvd & W 123 St,7704,40.795,-73.9645,40.8078316,-73.949373,casual
148650,3A0F5388887F99A2,docked_bike,2021-04-14 18:10:10,2021-04-14 18:23:54,W 100 St & Manhattan Ave,7538,Adam Clayton Powell Blvd & W 123 St,7704,40.795,-73.9645,40.8078316,-73.949373,member
148653,7BEA4104787587A9,docked_bike,2021-04-19 17:27:49,2021-04-19 17:55:53,W 100 St & Manhattan Ave,7538,9 Ave & W 22 St,6266,40.795,-73.9645,40.7454973,-74.00197139,member
148924,E560A6C75FCF3432,docked_bike,2021-04-03 15:13:52,2021-04-03 15:20:40,W 82 St & Central Park West,7304,W 100 St & Manhattan Ave,7538,40.78275,-73.97137,40.795,-73.9645,member
148925,99B4EF38AA4C45BF,docked_bike,2021-04-30 04:01:49,2021-04-30 04:08:40,W 82 St & Central Park West,7304,W 100 St & Manhattan Ave,7538,40.78275,-73.97137,40.795,-73.9645,member
148944,B7BFF7D96AC82584,docked_bike,2021-04-24 13:05:40,2021-04-24 13:49:30,5 Ave & E 93 St,7372,W 100 St & Manhattan Ave,7538,40.785785,-73.957481,40.795,-73.9645,casual
148945,71F5281DAAF9488E,docked_bike,2021-04-09 16:57:58,2021-04-09 17:10:04,5 Ave & E 93 St,7372,W 100 St & Manhattan Ave,7538,40.785785,-73.957481,40.795,-73.9645,casual
148951,6628001C54779E77,docked_bike,2021-04-27 15:28:34,2021-04-27 15:36:56,5 Ave & E 93 St,7372,W 100 St & Manhattan Ave,7538,40.785785,-73.957481,40.795,-73.9645,member
148952,FA445B9B5FED74EA,docked_bike,2021-04-22 17:30:57,2021-04-22 17:52:29,E 72 St & York Ave,6889,W 100 St & Manhattan Ave,7538,40.766638,-73.953482,40.795,-73.9645,member
148966,B27672F9465DB237,docked_bike,2021-04-03 17:11:53,2021-04-03 17:21:51,5 Ave & E 93 St,7372,W 100 St & Manhattan Ave,7538,40.785785,-73.957481,40.795,-73.9645,member
148967,DEE9EB2045F45F90,docked_bike,2021-04-24 13:05:50,2021-04-24 13:49:47,5 Ave & E 93 St,7372,W 100 St & Manhattan Ave,7538,40.785785,-73.957481,40.795,-73.9645,member
148968,1A7052B2E20A50EF,docked_bike,2021-04-14 19:01:48,2021-04-14 19:13:52,5 Ave & E 93 St,7372,W 100 St & Manhattan Ave,7538,40.785785,-73.957481,40.795,-73.9645,member
148977,545B45E3528B4F2E,docked_bike,2021-04-13 16:12:39,2021-04-13 16:55:33,W 100 St & Manhattan Ave,7538,W 100 St & Manhattan Ave,7538,40.795,-73.9645,40.795,-73.9645,member
148990,0D25E767DF12A909,docked_bike,2021-04-21 17:18:49,2021-04-21 17:26:19,W 100 St & Manhattan Ave,7538,W 100 St & Manhattan Ave,7538,40.795,-73.9645,40.795,-73.9645,member
148996,94F3C99060BD7371,docked_bike,2021-04-10 14:38:10,2021-04-10 15:19:24,W 100 St & Manhattan Ave,7538,W 100 St & Manhattan Ave,7538,40.795,-73.9645,40.795,-73.9645,casual
148997,2A580BB088FF8D6D,docked_bike,2021-04-27 15:36:22,2021-04-27 16:30:01,W 100 St & Manhattan Ave,7538,W 100 St & Manhattan Ave,7538,40.795,-73.9645,40.795,-73.9645,member
148998,FCA63B38164E8872,docked_bike,2021-04-26 14:24:47,2021-04-26 15:00:57,W 100 St & Manhattan Ave,7538,W 100 St & Manhattan Ave,7538,40.795,-73.9645,40.795,-73.9645,member
148999,1F099368AA37DF6B,docked_bike,2021-04-20 08:29:21,2021-04-20 08:38:51,W 84 St & Broadway,7409,W 100 St & Manhattan Ave,7538,40.786794,-73.977112,40.795,-73.9645,member
149001,79F1ED78EC444E18,docked_bike,2021-04-23 08:42:23,2021-04-23 08:48:06,W 84 St & Broadway,7409,W 100 St & Manhattan Ave,7538,40.786794,-73.977112,40.795,-73.9645,member
149002,8D14506777DF43BE,docked_bike,2021-04-29 16:52:40,2021-04-29 16:53:53,W 100 St & Manhattan Ave,7538,W 100 St & Manhattan Ave,7538,40.795,-73.9645,40.795,-73.9645,member
149003,CCDADDE2610DFF0C,docked_bike,2021-04-27 22:58:00,2021-04-27 23:17:19,W 84 St & Broadway,7409,W 100 St & Manhattan Ave,7538,40.786794,-73.977112,40.795,-73.9645,member
149007,47F290D31D58FEC2,docked_bike,2021-04-09 05:22:50,2021-04-09 05:22:51,W 100 St & Manhattan Ave,7538,W 100 St & Manhattan Ave,7538,40.795,-73.9645,40.795,-73.9645,member
149024,655C0D246495F88A,docked_bike,2021-04-03 08:49:22,2021-04-03 08:54:37,W 84 St & Broadway,7409,W 100 St & Manhattan Ave,7538,40.786794,-73.977112,40.795,-73.9645,member
149030,67CFCD6710EF2931,docked_bike,2021-04-16 12:57:23,2021-04-16 13:25:26,W 100 St & Manhattan Ave,7538,W 100 St & Manhattan Ave,7538,40.795,-73.9645,40.795,-73.9645,member
149040,847AF8A6BB701E4F,docked_bike,2021-04-07 20:57:02,2021-04-07 20:57:54,W 100 St & Manhattan Ave,7538,W 100 St & Manhattan Ave,7538,40.795,-73.9645,40.795,-73.9645,member
149045,CBC920DF509986E8,docked_bike,2021-04-13 19:21:19,2021-04-13 19:22:13,W 100 St & Manhattan Ave,7538,W 100 St & Manhattan Ave,7538,40.795,-73.9645,40.795,-73.9645,member
149046,FD4C173A2E635C00,docked_bike,2021-04-13 09:26:31,2021-04-13 09:36:04,W 84 St & Broadway,7409,W 100 St & Manhattan Ave,7538,40.786794,-73.977112,40.795,-73.9645,casual
149049,5DFDF29649F0B0AD,docked_bike,2021-04-12 07:56:38,2021-04-12 07:57:09,W 100 St & Manhattan Ave,7538,W 100 St & Manhattan Ave,7538,40.795,-73.9645,40.795,-73.9645,casual
149050,10D8729BBD630644,docked_bike,2021-04-09 15:39:47,2021-04-09 15:50:59,W 84 St & Broadway,7409,W 100 St & Manhattan Ave,7538,40.786794,-73.977112,40.795,-73.9645,casual
149056,30B4E3249DADBDC3,docked_bike,2021-04-10 17:05:54,2021-04-10 17:05:58,W 100 St & Manhattan Ave,7538,W 100 St & Manhattan Ave,7538,40.795,-73.9645,40.795,-73.9645,casual
149076,5F075A6EF483D58A,docked_bike,2021-04-06 20:50:51,2021-04-06 21:21:40,E 2 St & Avenue B,5515,W 100 St & Manhattan Ave,7538,40.722174,-73.983688,40.795,-73.9645,casual
149080,96735E5D8A0833B0,docked_bike,2021-04-05 15:30:44,2021-04-05 15:57:44,Lexington Ave & E 36 St,6313,W 100 St & Manhattan Ave,7538,40.747573,-73.9788,40.795,-73.9645,member
149105,3E5EC4CF1BA09A2B,docked_bike,2021-04-19 18:38:13,2021-04-19 18:38:41,W 100 St & Manhattan Ave,7538,W 100 St & Manhattan Ave,7538,40.795,-73.9645,40.795,-73.9645,member
149135,DE3552AF971060A1,docked_bike,2021-04-10 17:37:45,2021-04-10 18:15:12,W 100 St & Manhattan Ave,7538,W 100 St & Manhattan Ave,7538,40.795,-73.9645,40.795,-73.9645,member
149136,BB898A598BDC4BF0,docked_bike,2021-04-18 15:11:04,2021-04-18 15:52:12,W 100 St & Manhattan Ave,7538,W 100 St & Manhattan Ave,7538,40.795,-73.9645,40.795,-73.9645,member
149141,92E008ED80C444D1,docked_bike,2021-04-20 15:22:48,2021-04-20 15:24:14,W 100 St & Manhattan Ave,7538,W 100 St & Manhattan Ave,7538,40.795,-73.9645,40.795,-73.9645,casual
149144,018C099272DA89DF,docked_bike,2021-04-23 07:20:53,2021-04-23 07:38:35,W 100 St & Manhattan Ave,7538,W 100 St & Manhattan Ave,7538,40.795,-73.9645,40.795,-73.9645,member
149145,BEB2A23FD28E89AD,docked_bike,2021-04-03 15:09:36,2021-04-03 15:10:58,W 100 St & Manhattan Ave,7538,W 100 St & Manhattan Ave,7538,40.795,-73.9645,40.795,-73.9645,member
149151,91C3B53E66B3B8A0,docked_bike,2021-04-02 14:35:47,2021-04-02 14:47:45,W 100 St & Manhattan Ave,7538,W 100 St & Manhattan Ave,7538,40.795,-73.9645,40.795,-73.9645,member
149152,9AC2C61D7927055F,docked_bike,2021-04-29 15:49:11,2021-04-29 16:16:44,W 100 St & Manhattan Ave,7538,W 100 St & Manhattan Ave,7538,40.795,-73.9645,40.795,-73.9645,member
149155,D4DD2FDF8145BF9F,docked_bike,2021-04-18 18:34:30,2021-04-18 18:36:29,W 100 St & Manhattan Ave,7538,W 100 St & Manhattan Ave,7538,40.795,-73.9645,40.795,-73.9645,member
149157,1C50ABAAEEAF3BC1,docked_bike,2021-04-03 13:54:02,2021-04-03 13:54:21,W 100 St & Manhattan Ave,7538,W 100 St & Manhattan Ave,7538,40.795,-73.9645,40.795,-73.9645,member
149162,9BE13257BB26150E,docked_bike,2021-04-03 08:20:00,2021-04-03 08:20:54,W 100 St & Manhattan Ave,7538,W 100 St & Manhattan Ave,7538,40.795,-73.9645,40.795,-73.9645,member
149165,6D4336F642C46E20,docked_bike,2021-04-09 17:02:25,2021-04-09 18:08:52,W 100 St & Manhattan Ave,7538,W 100 St & Manhattan Ave,7538,40.795,-73.9645,40.795,-73.9645,member
149167,C7A2F2C28D3D10DC,docked_bike,2021-04-12 16:36:56,2021-04-12 16:44:59,W 84 St & Broadway,7409,W 100 St & Manhattan Ave,7538,40.786794,-73.977112,40.795,-73.9645,member
149172,A6C17EC97BE61C61,docked_bike,2021-04-20 21:37:58,2021-04-20 22:07:14,W 100 St & Manhattan Ave,7538,W 100 St & Manhattan Ave,7538,40.795,-73.9645,40.795,-73.9645,member
149173,8C317FF41B1CC499,docked_bike,2021-04-06 18:40:33,2021-04-06 19:13:17,W 100 St & Manhattan Ave,7538,W 100 St & Manhattan Ave,7538,40.795,-73.9645,40.795,-73.9645,member
149177,110BA17EC5BBE57A,docked_bike,2021-04-27 23:07:32,2021-04-27 23:08:47,W 100 St & Manhattan Ave,7538,W 100 St & Manhattan Ave,7538,40.795,-73.9645,40.795,-73.9645,member
149189,67529C1DEB47A828,docked_bike,2021-04-08 16:43:59,2021-04-08 16:44:35,W 100 St & Manhattan Ave,7538,W 100 St & Manhattan Ave,7538,40.795,-73.9645,40.795,-73.9645,member
149207,8E0FCB073538562C,docked_bike,2021-04-17 02:05:45,2021-04-17 02:39:51,Stanton St & Norfolk St,5445,W 100 St & Manhattan Ave,7538,40.720747,-73.986274,40.795,-73.9645,member
149221,E4ABF3E9F54C0D12,docked_bike,2021-04-10 10:20:11,2021-04-10 10:42:27,East End Ave & E 86 St,7113,W 100 St & Manhattan Ave,7538,40.775186,-73.94446,40.795,-73.9645,member
149247,CBB2661832C6EF83,docked_bike,2021-04-03 03:31:25,2021-04-03 03:53:01,6 Ave & W 45 St,6593,W 100 St & Manhattan Ave,7538,40.756951,-73.982631,40.795,-73.9645,casual
149260,7589DF1B4911C57E,docked_bike,2021-04-05 19:23:04,2021-04-05 19:32:54,Frederick Douglass Blvd & W 112 St,7631,W 100 St & Manhattan Ave,7538,40.801694,-73.957145,40.795,-73.9645,member
149270,BBFCF9F4A1E2469A,docked_bike,2021-04-22 18:29:20,2021-04-22 19:04:43,E 56 St & 3 Ave,6691,W 100 St & Manhattan Ave,7538,40.759345,-73.967596,40.795,-73.9645,casual
149275,C2D91135ECE42681,docked_bike,2021-04-20 16:07:09,2021-04-20 16:54:36,10 Ave & W 14 St,6157,W 100 St & Manhattan Ave,7538,40.741981,-74.008315,40.795,-73.9645,casual
149278,2201EE8E2B91D897,docked_bike,2021-04-23 20:06:02,2021-04-23 20:16:32,Frederick Douglass Blvd & W 112 St,7631,W 100 St & Manhattan Ave,7538,40.801694,-73.957145,40.795,-73.9645,casual
149284,4A69CC2675D2B48F,docked_bike,2021-04-16 17:01:06,2021-04-16 17:05:38,Frederick Douglass Blvd & W 112 St,7631,W 100 St & Manhattan Ave,7538,40.801694,-73.957145,40.795,-73.9645,member
149286,1EC7EE96D868ACD9,docked_bike,2021-04-07 17:48:02,2021-04-07 18:18:18,E 56 St & 3 Ave,6691,W 100 St & Manhattan Ave,7538,40.759345,-73.967596,40.795,-73.9645,casual
149309,98FB6072B39738F9,docked_bike,2021-04-23 12:26:18,2021-04-23 12:33:28,Frederick Douglass Blvd & W 112 St,7631,W 100 St & Manhattan Ave,7538,40.801694,-73.957145,40.795,-73.9645,member
149316,D2C18A4856407E08,docked_bike,2021-04-14 17:27:36,2021-04-14 17:36:16,Central Park West & W 85 St,7354,W 100 St & Manhattan Ave,7538,40.78476,-73.969862,40.795,-73.9645,casual
149323,FCDEC031A5FE120E,docked_bike,2021-04-05 14:18:36,2021-04-05 14:27:42,Central Park West & W 85 St,7354,W 100 St & Manhattan Ave,7538,40.78476,-73.969862,40.795,-73.9645,casual
149328,4B19EF39A4EB43F4,docked_bike,2021-04-02 17:53:56,2021-04-02 18:00:55,W 76 St & Columbus Ave,7281,W 100 St & Manhattan Ave,7538,40.780183,-73.977285,40.795,-73.9645,member
149330,4925FE7C494828F0,docked_bike,2021-04-29 09:45:07,2021-04-29 09:58:37,W 76 St & Columbus Ave,7281,W 100 St & Manhattan Ave,7538,40.780183,-73.977285,40.795,-73.9645,member
149336,B1A73AAFB307AE93,docked_bike,2021-04-25 22:00:06,2021-04-25 22:22:38,W 36 St & 9 Ave,6569,W 100 St & Manhattan Ave,7538,40.754623,-73.995167,40.795,-73.9645,casual
149343,7DCF0EDA1DE47447,docked_bike,2021-04-23 17:02:09,2021-04-23 17:27:41,W 146 St & Broadway,8018,W 100 St & Manhattan Ave,7538,40.826969,-73.949738,40.795,-73.9645,casual
149356,56DEF7F03043AAB0,docked_bike,2021-04-28 16:39:19,2021-04-28 17:01:14,W 36 St & 9 Ave,6569,W 100 St & Manhattan Ave,7538,40.754623,-73.995167,40.795,-73.9645,casual
149363,07D28CF4DADC102C,docked_bike,2021-04-14 15:41:50,2021-04-14 16:01:20,7 Ave & Central Park South,6912,W 100 St & Manhattan Ave,7538,40.76674,-73.979068,40.795,-73.9645,member
149367,AA2B5D41FA5C3651,docked_bike,2021-04-19 18:05:56,2021-04-19 18:44:03,W 18 St & 6 Ave,6064,W 100 St & Manhattan Ave,7538,40.739713,-73.994564,40.795,-73.9645,member
149378,F22C74543514EDB9,docked_bike,2021-04-07 13:48:02,2021-04-07 14:05:40,7 Ave & Central Park South,6912,W 100 St & Manhattan Ave,7538,40.76674,-73.979068,40.795,-73.9645,member
149385,148450D147A1793E,docked_bike,2021-04-10 18:08:11,2021-04-10 18:25:29,7 Ave & Central Park South,6912,W 100 St & Manhattan Ave,7538,40.76674,-73.979068,40.795,-73.9645,casual
149387,29EB30FD99904349,docked_bike,2021-04-13 16:40:39,2021-04-13 16:53:28,7 Ave & Central Park South,6912,W 100 St & Manhattan Ave,7538,40.76674,-73.979068,40.795,-73.9645,member
149389,AE0AB27031F850B9,docked_bike,2021-04-09 16:47:48,2021-04-09 17:16:06,W 18 St & 6 Ave,6064,W 100 St & Manhattan Ave,7538,40.739713,-73.994564,40.795,-73.9645,member
149396,0718049AAA2F6085,docked_bike,2021-04-08 16:43:47,2021-04-08 17:11:18,7 Ave & Central Park South,6912,W 100 St & Manhattan Ave,7538,40.76674,-73.979068,40.795,-73.9645,member
149404,CD2B364789A75E38,docked_bike,2021-04-25 11:28:48,2021-04-25 11:57:10,7 Ave & Central Park South,6912,W 100 St & Manhattan Ave,7538,40.76674,-73.979068,40.795,-73.9645,member
149420,59EF0D09A9B40EF9,docked_bike,2021-04-20 16:09:43,2021-04-20 17:01:22,7 Ave & Central Park South,6912,W 100 St & Manhattan Ave,7538,40.76674,-73.979068,40.795,-73.9645,casual
149446,F6D972BB1C0DF1BB,docked_bike,2021-04-09 12:48:33,2021-04-09 12:59:47,Columbus Ave & W 72 St,7175,W 100 St & Manhattan Ave,7538,40.777057,-73.978984,40.795,-73.9645,member
149453,3A4FB44056078846,docked_bike,2021-04-04 16:27:45,2021-04-04 16:31:40,Riverside Dr & W 104 St,7623,W 100 St & Manhattan Ave,7538,40.801343,-73.971145,40.795,-73.9645,member
149479,68ABC1ED47487C66,docked_bike,2021-04-01 10:23:31,2021-04-01 10:29:24,Riverside Dr & W 104 St,7623,W 100 St & Manhattan Ave,7538,40.801343,-73.971145,40.795,-73.9645,member
149488,299C33E8F439F26E,docked_bike,2021-04-06 15:06:53,2021-04-06 15:15:43,Columbus Ave & W 72 St,7175,W 100 St & Manhattan Ave,7538,40.777057,-73.978984,40.795,-73.9645,member
149493,5DE568AB716F76FA,docked_bike,2021-04-04 13:53:31,2021-04-04 14:32:25,Central Park W & W 103 St,7577,W 100 St & Manhattan Ave,7538,40.796036,-73.961589,40.795,-73.9645,casual
149496,DD0878E865E0C7BD,docked_bike,2021-04-09 18:32:14,2021-04-09 18:34:56,W 106 St & Central Park West,7606,W 100 St & Manhattan Ave,7538,40.798185,-73.96059,40.795,-73.9645,member
149497,4FB431715D3CF897,docked_bike,2021-04-20 19:26:45,2021-04-20 19:28:39,Central Park W & W 103 St,7577,W 100 St & Manhattan Ave,7538,40.796036,-73.961589,40.795,-73.9645,member
149498,1B10B0A173107CD4,docked_bike,2021-04-16 15:30:11,2021-04-16 15:31:46,Central Park W & W 103 St,7577,W 100 St & Manhattan Ave,7538,40.796036,-73.961589,40.795,-73.9645,member
149505,867D5F9238B64861,docked_bike,2021-04-24 12:25:26,2021-04-24 13:20:39,Central Park W & W 103 St,7577,W 100 St & Manhattan Ave,7538,40.796036,-73.961589,40.795,-73.9645,member
149517,C318D428ADD678B0,docked_bike,2021-04-30 16:15:52,2021-04-30 16:25:38,Columbus Ave & W 72 St,7175,W 100 St & Manhattan Ave,7538,40.777057,-73.978984,40.795,-73.9645,member
149518,EF7BADD873513DAE,docked_bike,2021-04-09 19:56:07,2021-04-09 20:31:59,Columbus Ave & W 72 St,7175,W 100 St & Manhattan Ave,7538,40.777057,-73.978984,40.795,-73.9645,member
149519,7DACDEF70195DF09,docked_bike,2021-04-17 16:08:31,2021-04-17 16:27:22,Columbus Ave & W 72 St,7175,W 100 St & Manhattan Ave,7538,40.777057,-73.978984,40.795,-73.9645,casual
149522,3C94FDBB5368D9FC,docked_bike,2021-04-13 17:27:47,2021-04-13 17:32:43,Riverside Dr & W 104 St,7623,W 100 St & Manhattan Ave,7538,40.801343,-73.971145,40.795,-73.9645,member
149528,5AA9A44A6DD037C4,docked_bike,2021-04-27 11:13:29,2021-04-27 11:35:14,Riverside Dr & W 82 St,7388,W 100 St & Manhattan Ave,7538,40.787208,-73.981281,40.795,-73.9645,casual
149544,212A15F6F5D664EA,docked_bike,2021-04-14 14:20:59,2021-04-14 14:37:23,Columbus Ave & W 72 St,7175,W 100 St & Manhattan Ave,7538,40.777057,-73.978984,40.795,-73.9645,member
149555,2FF5634A026947FB,docked_bike,2021-04-14 12:13:07,2021-04-14 12:25:08,Columbus Ave & W 72 St,7175,W 100 St & Manhattan Ave,7538,40.777057,-73.978984,40.795,-73.9645,member
149557,51C9991047522D17,docked_bike,2021-04-02 18:39:40,2021-04-02 18:56:01,3 Ave & E 71 St,6960,W 100 St & Manhattan Ave,7538,40.768736,-73.961199,40.795,-73.9645,member
149558,8C3FBBB3862F912D,docked_bike,2021-04-20 18:18:58,2021-04-20 18:44:47,3 Ave & E 71 St,6960,W 100 St & Manhattan Ave,7538,40.768736,-73.961199,40.795,-73.9645,member
149562,E1168DA9DA593E4D,docked_bike,2021-04-22 07:16:27,2021-04-22 07:28:27,Riverside Dr & W 82 St,7388,W 100 St & Manhattan Ave,7538,40.787208,-73.981281,40.795,-73.9645,member
149566,AFBA40A0F3397AE4,docked_bike,2021-04-20 16:38:58,2021-04-20 17:20:43,Riverside Dr & W 82 St,7388,W 100 St & Manhattan Ave,7538,40.787208,-73.981281,40.795,-73.9645,member
149582,E76CC75BBC850DA0,docked_bike,2021-04-18 19:48:14,2021-04-18 20:09:42,7 Ave & Central Park South,6912,W 100 St & Manhattan Ave,7538,40.76674,-73.979068,40.795,-73.9645,casual
149589,C41810AA28855ACA,docked_bike,2021-04-17 14:57:52,2021-04-17 15:08:19,E 97 St & Madison Ave,7393,W 100 St & Manhattan Ave,7538,40.787801,-73.953559,40.795,-73.9645,member
149593,CCE97AC0F355B4B6,docked_bike,2021-04-13 09:38:24,2021-04-13 09:57:54,E 97 St & Madison Ave,7393,W 100 St & Manhattan Ave,7538,40.787801,-73.953559,40.795,-73.9645,member
149601,5CE54ADE400AC629,docked_bike,2021-04-24 17:40:54,2021-04-24 18:02:45,E 66 St & Madison Ave,6969,W 100 St & Manhattan Ave,7538,40.768008,-73.968452,40.795,-73.9645,member
149607,8B2770E8641C3D3C,docked_bike,2021-04-24 10:16:12,2021-04-24 10:20:46,5 Ave & E 103 St,7511,W 100 St & Manhattan Ave,7538,40.792255,-73.952499,40.795,-73.9645,member
149611,AFCEB86ABA6DE6D1,docked_bike,2021-04-07 10:44:43,2021-04-07 10:53:47,W 87 St & West End Ave,7484,W 100 St & Manhattan Ave,7538,40.789622,-73.97757,40.795,-73.9645,member
149630,A159013A659B1CC6,docked_bike,2021-04-13 17:53:46,2021-04-13 18:02:55,Amsterdam Ave & W 82 St,7360,W 100 St & Manhattan Ave,7538,40.785246,-73.976673,40.795,-73.9645,member
149633,11A170745BFAF500,docked_bike,2021-04-18 14:54:18,2021-04-18 15:04:58,Lenox Ave & W 117 St,7655,W 100 St & Manhattan Ave,7538,40.802556,-73.949078,40.795,-73.9645,member
149635,9045BB617C5A1234,docked_bike,2021-04-13 18:02:50,2021-04-13 18:23:55,W 52 St & 11 Ave,6926,W 100 St & Manhattan Ave,7538,40.767272,-73.993928,40.795,-73.9645,member
149639,F0410ECF55738DC4,docked_bike,2021-04-12 14:20:05,2021-04-12 14:43:32,W 52 St & 11 Ave,6926,W 100 St & Manhattan Ave,7538,40.767272,-73.993928,40.795,-73.9645,member
149640,A9F25337F4661639,docked_bike,2021-04-13 18:02:58,2021-04-13 18:23:51,W 52 St & 11 Ave,6926,W 100 St & Manhattan Ave,7538,40.767272,-73.993928,40.795,-73.9645,member
149644,0E0B13C5E77ACBF7,docked_bike,2021-04-26 18:06:45,2021-04-26 18:24:49,W 51 St & 6 Ave,6740,W 100 St & Manhattan Ave,7538,40.760659,-73.98042,40.795,-73.9645,member
149655,0249203EA55758D9,docked_bike,2021-04-10 13:13:22,2021-04-10 13:32:17,12 Ave & W 125 St,7886,W 100 St & Manhattan Ave,7538,40.818299,-73.960405,40.795,-73.9645,member
149659,9322A9F2E30B0E96,docked_bike,2021-04-28 11:44:14,2021-04-28 11:48:46,W 104 St & Amsterdam Ave,7610,W 100 St & Manhattan Ave,7538,40.799041,-73.966494,40.795,-73.9645,member
149660,BB36536FC4B77175,docked_bike,2021-04-02 17:48:04,2021-04-02 17:50:56,W 104 St & Amsterdam Ave,7610,W 100 St & Manhattan Ave,7538,40.799041,-73.966494,40.795,-73.9645,member
149662,E3FE8126C9BC3FE0,docked_bike,2021-04-24 18:05:48,2021-04-24 18:09:14,W 104 St & Amsterdam Ave,7610,W 100 St & Manhattan Ave,7538,40.799041,-73.966494,40.795,-73.9645,member
149666,D890F1186248A579,docked_bike,2021-04-02 13:36:07,2021-04-02 13:40:41,W 110 St & Amsterdam Ave,7646,W 100 St & Manhattan Ave,7538,40.802692,-73.96295,40.795,-73.9645,member
149668,939ECE98707082E9,docked_bike,2021-04-20 13:52:44,2021-04-20 14:01:56,W 116 St & Amsterdam Ave,7692,W 100 St & Manhattan Ave,7538,40.806758,-73.960708,40.795,-73.9645,casual
149669,6D47A6B0FDBBEFA3,docked_bike,2021-04-14 07:20:36,2021-04-14 07:29:08,W 110 St & Amsterdam Ave,7646,W 100 St & Manhattan Ave,7538,40.802692,-73.96295,40.795,-73.9645,member
149671,3DF02D4D6ED766E1,docked_bike,2021-04-03 14:53:00,2021-04-03 14:58:15,W 116 St & Amsterdam Ave,7692,W 100 St & Manhattan Ave,7538,40.806758,-73.960708,40.795,-73.9645,member
149674,8AC3BFE507645686,docked_bike,2021-04-10 14:58:37,2021-04-10 15:19:07,W 110 St & Amsterdam Ave,7646,W 100 St & Manhattan Ave,7538,40.802692,-73.96295,40.795,-73.9645,member
149727,9C84A67E82CB9FF9,docked_bike,2021-04-10 09:34:00,2021-04-10 09:42:56,W 116 St & Broadway,7713,W 100 St & Manhattan Ave,7538,40.8082,-73.9641,40.795,-73.9645,member
149742,794B8A0FFDE50B51,docked_bike,2021-04-22 17:17:48,2021-04-22 17:24:07,W 116 St & Broadway,7713,W 100 St & Manhattan Ave,7538,40.8082,-73.9641,40.795,-73.9645,member
149745,A39E3F2EC8232CAB,docked_bike,2021-04-08 17:35:15,2021-04-08 18:01:01,Broadway & W 38 St,6441,W 100 St & Manhattan Ave,7538,40.752996,-73.987216,40.795,-73.9645,member
149746,1BD1626986FAE5E6,docked_bike,2021-04-13 18:28:33,2021-04-13 18:54:03,Broadway & W 38 St,6441,W 100 St & Manhattan Ave,7538,40.752996,-73.987216,40.795,-73.9645,member
149759,3120E2081B0DF57A,docked_bike,2021-04-27 22:05:41,2021-04-27 22:14:29,Central Park West & W 72 St,7141,W 100 St & Manhattan Ave,7538,40.775793,-73.976205,40.795,-73.9645,member
149773,7494CDA9FCD9E2AE,docked_bike,2021-04-29 18:57:37,2021-04-29 19:10:12,Central Park West & W 72 St,7141,W 100 St & Manhattan Ave,7538,40.775794,-73.976206,40.795,-73.9645,member
149784,F02179C15C450D74,docked_bike,2021-04-24 13:05:35,2021-04-24 13:17:46,Central Park West & W 72 St,7141,W 100 St & Manhattan Ave,7538,40.775793,-73.976205,40.795,-73.9645,member
149785,C683A788A8B159FD,docked_bike,2021-04-17 10:20:09,2021-04-17 10:32:11,Central Park West & W 72 St,7141,W 100 St & Manhattan Ave,7538,40.775793,-73.976205,40.795,-73.9645,member
149786,23FBFDB258623CEA,docked_bike,2021-04-25 15:02:28,2021-04-25 15:21:59,Central Park West & W 72 St,7141,W 100 St & Manhattan Ave,7538,40.775793,-73.976205,40.795,-73.9645,member
149792,357C5A57AC798730,docked_bike,2021-04-04 17:46:50,2021-04-04 17:52:50,Frederick Douglass Blvd & W 115 St,7658,W 100 St & Manhattan Ave,7538,40.803865,-73.955931,40.795,-73.9645,member
149794,D9DE594BA132F4E6,docked_bike,2021-04-07 17:42:12,2021-04-07 17:50:32,Frederick Douglass Blvd & W 115 St,7658,W 100 St & Manhattan Ave,7538,40.803865,-73.955931,40.795,-73.9645,member
149809,54B07E82FCF13B76,docked_bike,2021-04-19 17:11:53,2021-04-19 17:29:24,Central Park West & W 72 St,7141,W 100 St & Manhattan Ave,7538,40.775793,-73.976205,40.795,-73.9645,member
149811,8057928476023CD3,docked_bike,2021-04-25 17:49:33,2021-04-25 17:57:27,W 116 St & Broadway,7713,W 100 St & Manhattan Ave,7538,40.8082,-73.9641,40.795,-73.9645,member
149816,2F15FFF2F3FF9D47,docked_bike,2021-04-05 18:03:43,2021-04-05 18:09:47,Frederick Douglass Blvd & W 117 St,7688,W 100 St & Manhattan Ave,7538,40.805159,-73.954692,40.795,-73.9645,member
149841,48BCC50BFF538137,docked_bike,2021-04-10 17:40:19,2021-04-10 18:34:23,St. Nicholas Ave & W 157 St,8085,W 100 St & Manhattan Ave,7538,40.832314,-73.94102,40.795,-73.9645,casual
149855,78CB25A8BD85CC72,docked_bike,2021-04-02 08:15:50,2021-04-02 08:16:59,W 100 St & Manhattan Ave,7538,W 100 St & Manhattan Ave,7538,40.795,-73.9645,40.795,-73.9645,member
149871,A05B67ABC95BA415,docked_bike,2021-04-28 17:15:18,2021-04-28 17:16:14,W 100 St & Manhattan Ave,7538,W 100 St & Manhattan Ave,7538,40.795,-73.9645,40.795,-73.9645,casual
149881,ECBCD91D29CDC120,docked_bike,2021-04-24 20:37:52,2021-04-24 20:38:47,W 100 St & Manhattan Ave,7538,W 100 St & Manhattan Ave,7538,40.795,-73.9645,40.795,-73.9645,casual
149889,645DE1A646CDF78E,docked_bike,2021-04-30 07:25:07,2021-04-30 07:27:20,W 100 St & Manhattan Ave,7538,W 100 St & Manhattan Ave,7538,40.795,-73.9645,40.795,-73.9645,casual
149895,5ADC09ADA957A401,docked_bike,2021-04-05 18:52:39,2021-04-05 19:22:19,W 100 St & Manhattan Ave,7538,W 100 St & Manhattan Ave,7538,40.795,-73.9645,40.795,-73.9645,casual
149899,C665C96B0BFCE23C,docked_bike,2021-04-09 07:42:28,2021-04-09 07:42:32,W 100 St & Manhattan Ave,7538,W 100 St & Manhattan Ave,7538,40.795,-73.9645,40.795,-73.9645,member
149902,71FAB4AC02AA33D1,docked_bike,2021-04-08 07:35:20,2021-04-08 08:16:42,W 100 St & Manhattan Ave,7538,W 100 St & Manhattan Ave,7538,40.795,-73.9645,40.795,-73.9645,member
149903,FE55291CD0AF28AD,docked_bike,2021-04-19 18:26:03,2021-04-19 19:04:01,W 100 St & Manhattan Ave,7538,W 100 St & Manhattan Ave,7538,40.795,-73.9645,40.795,-73.9645,member
149907,E352414FE30502A9,docked_bike,2021-04-10 21:48:05,2021-04-10 21:55:56,W 100 St & Manhattan Ave,7538,W 84 St & Broadway,7409,40.795,-73.9645,40.7867947,-73.977112,member
149919,A90721D4C93D13BA,docked_bike,2021-04-30 07:29:05,2021-04-30 08:14:12,W 100 St & Manhattan Ave,7538,W 100 St & Manhattan Ave,7538,40.795,-73.9645,40.795,-73.9645,casual
149927,97ACCC96E86C8D2B,docked_bike,2021-04-06 18:02:29,2021-04-06 18:03:53,W 100 St & Manhattan Ave,7538,W 100 St & Manhattan Ave,7538,40.795,-73.9645,40.795,-73.9645,member
149928,10F5F465D682C5F5,docked_bike,2021-04-30 10:24:27,2021-04-30 10:40:17,W 100 St & Manhattan Ave,7538,W 100 St & Manhattan Ave,7538,40.795,-73.9645,40.795,-73.9645,member
149932,8CE6A3CE88993CB8,docked_bike,2021-04-20 17:03:51,2021-04-20 17:13:17,W 100 St & Manhattan Ave,7538,W 84 St & Broadway,7409,40.795,-73.9645,40.7867947,-73.977112,member
149933,8CE53249AC328DA5,docked_bike,2021-04-21 18:24:50,2021-04-21 20:22:48,W 100 St & Manhattan Ave,7538,W 100 St & Manhattan Ave,7538,40.795,-73.9645,40.795,-73.9645,member
149934,8CB3419E828CF1A8,docked_bike,2021-04-07 16:39:42,2021-04-07 17:02:23,W 100 St & Manhattan Ave,7538,W 100 St & Manhattan Ave,7538,40.795,-73.9645,40.795,-73.9645,member
149945,944E0691A96ACA02,docked_bike,2021-04-18 19:17:15,2021-04-18 19:37:37,W 49 St & 8 Ave,6747,W 100 St & Manhattan Ave,7538,40.762272,-73.987882,40.795,-73.9645,member
149958,10CA2C2B4D26AAB4,docked_bike,2021-04-08 11:29:20,2021-04-08 11:37:06,West End Ave & W 94 St,7524,W 100 St & Manhattan Ave,7538,40.794165,-73.974124,40.795,-73.9645,member
149959,47CF2DD6916697B2,docked_bike,2021-04-24 22:12:02,2021-04-24 22:17:11,West End Ave & W 94 St,7524,W 100 St & Manhattan Ave,7538,40.794165,-73.974124,40.795,-73.9645,member
149960,742084976154B388,docked_bike,2021-04-07 08:00:20,2021-04-07 08:06:13,West End Ave & W 94 St,7524,W 100 St & Manhattan Ave,7538,40.794165,-73.974124,40.795,-73.9645,member
149961,6CB0856CB6711D58,docked_bike,2021-04-21 07:56:10,2021-04-21 08:01:44,West End Ave & W 94 St,7524,W 100 St & Manhattan Ave,7538,40.794165,-73.974124,40.795,-73.9645,member
149962,63B88A2E85FF78EB,docked_bike,2021-04-02 10:42:10,2021-04-02 11:01:33,W 54 St & 9 Ave,6920,W 100 St & Manhattan Ave,7538,40.765849,-73.986905,40.795,-73.9645,member
149964,9FB9CCE47B48D878,docked_bike,2021-04-10 21:26:27,2021-04-10 21:37:52,St Nicholas Ave & Manhattan Ave,7723,W 100 St & Manhattan Ave,7538,40.809725,-73.953149,40.795,-73.9645,member
149965,02CDE8BE2A43726F,docked_bike,2021-04-02 17:02:16,2021-04-02 17:09:14,St Nicholas Ave & Manhattan Ave,7723,W 100 St & Manhattan Ave,7538,40.809725,-73.953149,40.795,-73.9645,member
149990,F7FC282402A40BFC,docked_bike,2021-04-17 11:38:29,2021-04-17 12:03:51,Broadway & W 25 St,6173,W 100 St & Manhattan Ave,7538,40.742868,-73.989186,40.795,-73.9645,member
150000,27461656A16FDD31,docked_bike,2021-04-26 18:12:06,2021-04-26 18:29:12,Broadway & W 60 St,6948,W 100 St & Manhattan Ave,7538,40.769155,-73.981918,40.795,-73.9645,member
150001,0EBEB64BB7FEF92F,docked_bike,2021-04-20 19:04:26,2021-04-20 19:32:58,Broadway & W 25 St,6173,W 100 St & Manhattan Ave,7538,40.742868,-73.989186,40.795,-73.9645,member
150003,C80EF4E422832A2F,docked_bike,2021-04-08 16:51:04,2021-04-08 17:01:50,Broadway & W 60 St,6948,W 100 St & Manhattan Ave,7538,40.769155,-73.981918,40.795,-73.9645,member
150008,44310C0216D73C84,docked_bike,2021-04-11 09:16:29,2021-04-11 09:34:08,W 169 St & Fort Washington Ave,8282,W 100 St & Manhattan Ave,7538,40.842842,-73.942125,40.795,-73.9645,member
150024,05D0F939B70FCE5C,docked_bike,2021-04-25 14:30:26,2021-04-25 15:01:04,Central Park West & W 72 St,7141,W 100 St & Manhattan Ave,7538,40.775793,-73.976205,40.795,-73.9645,casual
150028,CC7FCA87FDA8C5C8,docked_bike,2021-04-13 18:39:55,2021-04-13 18:50:39,Central Park West & W 72 St,7141,W 100 St & Manhattan Ave,7538,40.775793,-73.976205,40.795,-73.9645,member
150037,F4E4F628C30E28DE,docked_bike,2021-04-02 19:33:50,2021-04-02 19:42:50,Central Park West & W 72 St,7141,W 100 St & Manhattan Ave,7538,40.775793,-73.976205,40.795,-73.9645,casual
150039,4A40BE6131E60FFA,docked_bike,2021-04-13 16:01:34,2021-04-13 16:34:12,Central Park West & W 72 St,7141,W 100 St & Manhattan Ave,7538,40.775793,-73.976205,40.795,-73.9645,member
150041,D0EBEA406ED8B5F6,docked_bike,2021-04-03 16:22:52,2021-04-03 16:35:14,Central Park West & W 72 St,7141,W 100 St & Manhattan Ave,7538,40.775794,-73.976206,40.795,-73.9645,member
150042,8A201D89393C97E1,docked_bike,2021-04-04 19:21:50,2021-04-04 19:50:30,5 Ave & E 78 St,7161,W 100 St & Manhattan Ave,7538,40.776321,-73.964273,40.795,-73.9645,member
150043,3E183106CCDD02A4,docked_bike,2021-04-24 11:25:01,2021-04-24 11:42:07,5 Ave & E 78 St,7161,W 100 St & Manhattan Ave,7538,40.776321,-73.964273,40.795,-73.9645,casual
150044,A9418F523FC92528,docked_bike,2021-04-19 15:20:23,2021-04-19 16:11:23,Riverside Dr & W 72 St,7288,W 100 St & Manhattan Ave,7538,40.780577,-73.985624,40.795,-73.9645,member
150046,8C8BAFE2111F9EF0,docked_bike,2021-04-27 14:54:21,2021-04-27 15:13:03,3 Ave & E 72 St,7028,W 100 St & Manhattan Ave,7538,40.769942,-73.960607,40.795,-73.9645,casual
150048,6A53CFAE34EDCD82,docked_bike,2021-04-29 16:20:21,2021-04-29 16:31:22,5 Ave & E 78 St,7161,W 100 St & Manhattan Ave,7538,40.776321,-73.964274,40.795,-73.9645,member
150056,EBAA46F1BA78B22B,docked_bike,2021-04-13 16:57:10,2021-04-13 17:13:13,W 70 St & Amsterdam Ave,7207,W 100 St & Manhattan Ave,7538,40.77748,-73.982885,40.795,-73.9645,member
150059,60B3349DE4914569,docked_bike,2021-04-13 18:11:13,2021-04-13 18:24:50,W 70 St & Amsterdam Ave,7207,W 100 St & Manhattan Ave,7538,40.77748,-73.982885,40.795,-73.9645,member
150060,C44AC4638841773F,docked_bike,2021-04-17 21:47:31,2021-04-17 21:56:32,E 89 St & 3 Ave,7265,W 100 St & Manhattan Ave,7538,40.780628,-73.952166,40.795,-73.9645,member
150074,B2B4B6E6D6A3318D,docked_bike,2021-04-01 17:12:50,2021-04-01 17:34:06,W 63 St & Broadway,7052,W 100 St & Manhattan Ave,7538,40.771638,-73.982614,40.795,-73.9645,member
150077,D9227ED5505683CF,docked_bike,2021-04-02 17:17:04,2021-04-02 17:31:58,W 129 St & Convent Ave,7818,W 100 St & Manhattan Ave,7538,40.814394,-73.953247,40.795,-73.9645,member
150091,8224743AECAC6532,docked_bike,2021-04-10 10:16:16,2021-04-10 10:31:16,W 63 St & Broadway,7052,W 100 St & Manhattan Ave,7538,40.771638,-73.982614,40.795,-73.9645,member
150092,138B9213402BAEA8,docked_bike,2021-04-13 18:03:11,2021-04-13 18:17:38,W 63 St & Broadway,7052,W 100 St & Manhattan Ave,7538,40.771638,-73.982614,40.795,-73.9645,member
150102,0A061048783AD180,docked_bike,2021-04-04 19:22:03,2021-04-04 19:35:36,W 63 St & Broadway,7052,W 100 St & Manhattan Ave,7538,40.771638,-73.982614,40.795,-73.9645,member
150107,DAD31A8F71F1E71C,docked_bike,2021-04-08 13:34:19,2021-04-08 13:56:58,W 63 St & Broadway,7052,W 100 St & Manhattan Ave,7538,40.771638,-73.982614,40.795,-73.9645,member
150117,31D35D3B349353F5,docked_bike,2021-04-12 19:02:09,2021-04-12 19:22:50,W 63 St & Broadway,7052,W 100 St & Manhattan Ave,7538,40.771638,-73.982614,40.795,-73.9645,member
150118,4539B7629E1BF593,docked_bike,2021-04-04 11:12:17,2021-04-04 11:29:43,W 63 St & Broadway,7052,W 100 St & Manhattan Ave,7538,40.771638,-73.982614,40.795,-73.9645,member
150152,11466F697D71254C,docked_bike,2021-04-17 13:40:05,2021-04-17 13:49:20,Lenox Ave & W 111 St,7602,W 100 St & Manhattan Ave,7538,40.798785,-73.9523,40.795,-73.9645,casual
150155,D666E2E76C59D4BE,docked_bike,2021-04-28 22:36:24,2021-04-28 22:47:16,Lenox Ave & W 111 St,7602,W 100 St & Manhattan Ave,7538,40.798785,-73.9523,40.795,-73.9645,casual
150156,93165847BC8762D6,docked_bike,2021-04-04 11:50:01,2021-04-04 11:56:06,Lenox Ave & W 111 St,7602,W 100 St & Manhattan Ave,7538,40.798785,-73.9523,40.795,-73.9645,member
150164,524E587299E9C20C,docked_bike,2021-04-14 12:30:53,2021-04-14 12:40:37,Amsterdam Ave & W 82 St,7360,W 100 St & Manhattan Ave,7538,40.785247,-73.976673,40.795,-73.9645,member
150165,F596B34209232BE1,docked_bike,2021-04-19 14:34:21,2021-04-19 15:07:39,E 31 St & 3 Ave,6239,W 100 St & Manhattan Ave,7538,40.743943,-73.97966,40.795,-73.9645,member
150166,5784080DEB7AE57B,docked_bike,2021-04-08 17:01:51,2021-04-08 17:13:12,Morningside Dr & Amsterdam Ave,7741,W 100 St & Manhattan Ave,7538,40.810285,-73.957364,40.795,-73.9645,casual
150173,EA007A6D9D03C264,docked_bike,2021-04-28 14:43:32,2021-04-28 14:51:57,Amsterdam Ave & W 82 St,7360,W 100 St & Manhattan Ave,7538,40.785246,-73.976673,40.795,-73.9645,casual
150196,DB13F36B9543D634,docked_bike,2021-04-04 20:54:53,2021-04-04 21:10:23,E 91 St & 2 Ave,7286,W 100 St & Manhattan Ave,7538,40.781122,-73.949655,40.795,-73.9645,member
150199,C11438689459F56B,docked_bike,2021-04-06 18:43:15,2021-04-06 18:53:51,E 91 St & 2 Ave,7286,W 100 St & Manhattan Ave,7538,40.781122,-73.949655,40.795,-73.9645,member
150202,26FF67D58789C663,docked_bike,2021-04-10 10:14:16,2021-04-10 10:57:59,6 Ave & W 33 St,6364,W 100 St & Manhattan Ave,7538,40.749012,-73.988483,40.795,-73.9645,casual
150203,D25A5D453BD4A600,docked_bike,2021-04-27 16:51:09,2021-04-27 17:06:30,E 91 St & 2 Ave,7286,W 100 St & Manhattan Ave,7538,40.781122,-73.949655,40.795,-73.9645,member
150208,CBCB2BF6E5B2AE63,docked_bike,2021-04-01 15:12:14,2021-04-01 15:22:18,E 91 St & 2 Ave,7286,W 100 St & Manhattan Ave,7538,40.781122,-73.949655,40.795,-73.9645,member
150211,70C75197817482CE,docked_bike,2021-04-04 23:19:34,2021-04-04 23:34:02,5 Ave & E 135 St,7769,W 100 St & Manhattan Ave,7538,40.812191,-73.937838,40.795,-73.9645,member
150213,A2CA6E7906481D8A,docked_bike,2021-04-11 22:26:23,2021-04-11 22:42:17,5 Ave & E 135 St,7769,W 100 St & Manhattan Ave,7538,40.812191,-73.937838,40.795,-73.9645,member
150216,6D7A70C0FBB13BD0,docked_bike,2021-04-09 17:05:28,2021-04-09 17:18:00,E 91 St & 2 Ave,7286,W 100 St & Manhattan Ave,7538,40.781122,-73.949655,40.795,-73.9645,casual
150219,C11F346843722220,docked_bike,2021-04-07 14:35:34,2021-04-07 14:48:22,Columbus Ave & W 72 St,7175,W 100 St & Manhattan Ave,7538,40.777057,-73.978984,40.795,-73.9645,member
150220,BCC8E3C25AD53B1F,docked_bike,2021-04-29 14:33:12,2021-04-29 14:57:57,Columbus Ave & W 72 St,7175,W 100 St & Manhattan Ave,7538,40.777057,-73.978984,40.795,-73.9645,member
150234,AD905518455E012B,docked_bike,2021-04-05 19:19:04,2021-04-05 19:49:25,6 Ave & W 33 St,6364,W 100 St & Manhattan Ave,7538,40.749012,-73.988483,40.795,-73.9645,member
150237,56667898A0BCCC5B,docked_bike,2021-04-20 20:30:28,2021-04-20 20:49:32,W 25 St & 6 Ave,6215,W 100 St & Manhattan Ave,7538,40.743954,-73.991448,40.795,-73.9645,casual
150238,F7F84614781D29C0,docked_bike,2021-04-10 10:17:04,2021-04-10 10:57:53,6 Ave & W 33 St,6364,W 100 St & Manhattan Ave,7538,40.749012,-73.988483,40.795,-73.9645,casual
150255,6BEA41E0CC1FA633,docked_bike,2021-04-25 19:01:39,2021-04-25 19:10:16,Columbus Ave & W 72 St,7175,W 100 St & Manhattan Ave,7538,40.777057,-73.978984,40.795,-73.9645,casual
150262,4A1B6DEEA4A3B65A,docked_bike,2021-04-30 17:43:29,2021-04-30 17:58:16,E 91 St & 2 Ave,7286,W 100 St & Manhattan Ave,7538,40.781122,-73.949655,40.795,-73.9645,member
150265,DD5E858CDC07DC96,docked_bike,2021-04-02 15:01:35,2021-04-02 15:11:48,E 91 St & 2 Ave,7286,W 100 St & Manhattan Ave,7538,40.781122,-73.949655,40.795,-73.9645,member
150276,1D2F3937D1396246,docked_bike,2021-04-17 12:34:27,2021-04-17 12:46:01,E 91 St & 2 Ave,7286,W 100 St & Manhattan Ave,7538,40.781122,-73.949655,40.795,-73.9645,member
150279,4D4D14D164406EEF,docked_bike,2021-04-04 20:56:22,2021-04-04 21:10:47,E 91 St & 2 Ave,7286,W 100 St & Manhattan Ave,7538,40.781122,-73.949655,40.795,-73.9645,member
150348,8F835005FF092137,docked_bike,2021-04-22 19:33:29,2021-04-22 19:47:52,Amsterdam Ave & W 73 St,7260,W 100 St & Manhattan Ave,7538,40.779668,-73.98093,40.795,-73.9645,member
150350,0AAB062558B1A462,docked_bike,2021-04-12 11:45:44,2021-04-12 11:58:13,Amsterdam Ave & W 66 St,7149,W 100 St & Manhattan Ave,7538,40.774667,-73.984705,40.795,-73.9645,member
150355,C83A1429D6AA80BE,docked_bike,2021-04-07 18:11:20,2021-04-07 18:30:42,Lenox Ave & W 126 St,7720,W 100 St & Manhattan Ave,7538,40.808442,-73.945209,40.795,-73.9645,member
150357,B157BA8531721E1B,docked_bike,2021-04-13 12:30:23,2021-04-13 12:41:55,Lenox Ave & W 126 St,7720,W 100 St & Manhattan Ave,7538,40.808442,-73.945208,40.795,-73.9645,member
150367,2469F672694BDF96,docked_bike,2021-04-28 15:31:19,2021-04-28 15:53:17,W 42 St & 6 Ave,6517,W 100 St & Manhattan Ave,7538,40.75492,-73.98455,40.795,-73.9645,casual
150369,1BCE8C3DC97DE4E9,docked_bike,2021-04-12 12:42:28,2021-04-12 13:00:49,W 42 St & 6 Ave,6517,W 100 St & Manhattan Ave,7538,40.75492,-73.98455,40.795,-73.9645,member
150413,AC11B29E948E3B3D,docked_bike,2021-04-06 17:07:45,2021-04-06 17:27:59,E 65 St & 2 Ave,6860,W 100 St & Manhattan Ave,7538,40.764719,-73.962221,40.795,-73.9645,member
150421,69ECE3CCCA83C60A,docked_bike,2021-04-24 18:37:47,2021-04-24 18:53:13,Central Park North & Adam Clayton Powell Blvd,7617,W 100 St & Manhattan Ave,7538,40.799484,-73.955613,40.795,-73.9645,member
150424,A306C2378AE1866A,docked_bike,2021-04-04 17:16:44,2021-04-04 17:26:36,Central Park North & Adam Clayton Powell Blvd,7617,W 100 St & Manhattan Ave,7538,40.799484,-73.955613,40.795,-73.9645,member
150425,DDD17F93ABDAF1FE,docked_bike,2021-04-19 09:11:45,2021-04-19 09:12:53,Columbus Ave & W 103 St,7595,W 100 St & Manhattan Ave,7538,40.796934,-73.964341,40.795,-73.9645,member
150426,22B2AA4313DA8F95,docked_bike,2021-04-12 13:28:57,2021-04-12 13:34:14,Central Park North & Adam Clayton Powell Blvd,7617,W 100 St & Manhattan Ave,7538,40.799484,-73.955613,40.795,-73.9645,member
150429,1CF5C2EA046A5B86,docked_bike,2021-04-10 18:27:54,2021-04-10 18:59:25,Central Park North & Adam Clayton Powell Blvd,7617,W 100 St & Manhattan Ave,7538,40.799484,-73.955613,40.795,-73.9645,casual
150433,371D9A82E84A1911,docked_bike,2021-04-05 17:47:53,2021-04-05 17:50:36,Columbus Ave & W 103 St,7595,W 100 St & Manhattan Ave,7538,40.796934,-73.964341,40.795,-73.9645,casual
150438,D5B3C2ECD42D2D5F,docked_bike,2021-04-23 17:41:32,2021-04-23 17:43:00,Columbus Ave & W 103 St,7595,W 100 St & Manhattan Ave,7538,40.796934,-73.964341,40.795,-73.9645,member
150441,DFD4F868C50A7E5A,docked_bike,2021-04-18 18:36:40,2021-04-18 18:42:50,Central Park North & Adam Clayton Powell Blvd,7617,W 100 St & Manhattan Ave,7538,40.799484,-73.955613,40.795,-73.9645,casual
150443,06A16E6864BB2795,docked_bike,2021-04-29 17:16:42,2021-04-29 17:25:48,Central Park North & Adam Clayton Powell Blvd,7617,W 100 St & Manhattan Ave,7538,40.799484,-73.955613,40.795,-73.9645,member
150445,B197928BD8F94BE0,docked_bike,2021-04-10 10:14:48,2021-04-10 10:58:56,6 Ave & W 33 St,6364,W 100 St & Manhattan Ave,7538,40.749012,-73.988483,40.795,-73.9645,casual
150446,22F21044A40632ED,docked_bike,2021-04-03 14:36:14,2021-04-03 14:46:08,E 91 St & 2 Ave,7286,W 100 St & Manhattan Ave,7538,40.781122,-73.949655,40.795,-73.9645,member
150448,210CB51097D6F370,docked_bike,2021-04-15 16:49:09,2021-04-15 17:04:19,E 91 St & 2 Ave,7286,W 100 St & Manhattan Ave,7538,40.781122,-73.949655,40.795,-73.9645,member
150455,147F68F5ED85B0A6,docked_bike,2021-04-06 13:29:50,2021-04-06 13:42:18,5 Ave & E 135 St,7769,W 100 St & Manhattan Ave,7538,40.812191,-73.937838,40.795,-73.9645,member
150458,350A7D047486F45E,docked_bike,2021-04-18 16:25:30,2021-04-18 16:45:05,Central Park North & Adam Clayton Powell Blvd,7617,W 100 St & Manhattan Ave,7538,40.799484,-73.955613,40.795,-73.9645,member
150459,AFEF362A30D65CDC,docked_bike,2021-04-11 03:24:56,2021-04-11 03:28:54,Columbus Ave & W 103 St,7595,W 100 St & Manhattan Ave,7538,40.796934,-73.964341,40.795,-73.9645,casual
150461,81461DCC83734011,docked_bike,2021-04-25 13:18:46,2021-04-25 13:29:26,Central Park North & Adam Clayton Powell Blvd,7617,W 100 St & Manhattan Ave,7538,40.799484,-73.955613,40.795,-73.9645,member
150462,B1C1E8CB4012C078,docked_bike,2021-04-25 16:51:46,2021-04-25 16:53:15,Columbus Ave & W 103 St,7595,W 100 St & Manhattan Ave,7538,40.796934,-73.964341,40.795,-73.9645,member
150463,F80A52EA8350D8E4,docked_bike,2021-04-11 11:58:22,2021-04-11 12:00:35,Columbus Ave & W 103 St,7595,W 100 St & Manhattan Ave,7538,40.796934,-73.964341,40.795,-73.9645,member
150464,38B0D81F83F4BF79,docked_bike,2021-04-13 16:10:56,2021-04-13 16:19:44,Central Park North & Adam Clayton Powell Blvd,7617,W 100 St & Manhattan Ave,7538,40.799484,-73.955613,40.795,-73.9645,member
150465,1F89374194233B12,docked_bike,2021-04-08 15:39:24,2021-04-08 15:43:56,Columbus Ave & W 103 St,7595,W 100 St & Manhattan Ave,7538,40.796934,-73.964341,40.795,-73.9645,member
150466,BD4BB5D0E97A79B3,docked_bike,2021-04-05 12:24:33,2021-04-05 12:33:34,Central Park North & Adam Clayton Powell Blvd,7617,W 100 St & Manhattan Ave,7538,40.799484,-73.955613,40.795,-73.9645,casual
150482,5CB83ECA75346F84,docked_bike,2021-04-17 19:09:40,2021-04-17 19:14:57,Cathedral Pkwy & Broadway,7680,W 100 St & Manhattan Ave,7538,40.804213,-73.966991,40.795,-73.9645,member
150483,BBFA65C4B1D01C15,docked_bike,2021-04-26 13:12:06,2021-04-26 13:18:31,Cathedral Pkwy & Broadway,7680,W 100 St & Manhattan Ave,7538,40.804213,-73.966991,40.795,-73.9645,member
150485,3EF2733923028AF9,docked_bike,2021-04-17 17:48:23,2021-04-17 17:55:38,Cathedral Pkwy & Broadway,7680,W 100 St & Manhattan Ave,7538,40.804213,-73.966991,40.795,-73.9645,member
150490,D645110DD618DFE7,docked_bike,2021-04-30 19:57:26,2021-04-30 20:13:49,E 85 St & 3 Ave,7212,W 100 St & Manhattan Ave,7538,40.778012,-73.954071,40.795,-73.9645,member
150491,66E99F41BAC2C85B,docked_bike,2021-04-24 10:26:28,2021-04-24 10:42:26,E 85 St & 3 Ave,7212,W 100 St & Manhattan Ave,7538,40.778012,-73.954071,40.795,-73.9645,member
150492,B424738FAEB5F8DA,docked_bike,2021-04-20 12:43:59,2021-04-20 13:02:17,E 85 St & 3 Ave,7212,W 100 St & Manhattan Ave,7538,40.778012,-73.954071,40.795,-73.9645,member
150493,F5583E1121FCF244,docked_bike,2021-04-23 19:52:43,2021-04-23 20:10:40,E 85 St & 3 Ave,7212,W 100 St & Manhattan Ave,7538,40.778012,-73.954071,40.795,-73.9645,member
150494,F057E0C4CBE0B9AE,docked_bike,2021-04-08 17:54:54,2021-04-08 17:59:33,E 102 St & Park Ave,7488,W 100 St & Manhattan Ave,7538,40.790482,-73.95033,40.795,-73.9645,casual
150516,6F0D3F80C5E57BD9,docked_bike,2021-04-13 18:38:17,2021-04-13 19:04:23,Pleasant Ave & E 116 St,7450,W 100 St & Manhattan Ave,7538,40.794987,-73.933334,40.795,-73.9645,member
150520,5A3932551EA1B5E0,docked_bike,2021-04-17 22:19:57,2021-04-17 22:31:24,W 74 St & Columbus Ave,7230,W 100 St & Manhattan Ave,7538,40.778566,-73.977549,40.795,-73.9645,member
150529,4F2481032943135B,docked_bike,2021-04-27 08:09:49,2021-04-27 08:30:49,Grand Army Plaza & Central Park S,6839,W 100 St & Manhattan Ave,7538,40.764397,-73.973714,40.795,-73.9645,member
150547,3B4AE3F6914B703A,docked_bike,2021-04-24 13:28:40,2021-04-24 13:43:56,W 90 St & Amsterdam Ave,7432,W 100 St & Manhattan Ave,7538,40.790179,-73.972889,40.795,-73.9645,member
150571,698B0CD637CAE2F0,docked_bike,2021-04-06 18:43:05,2021-04-06 18:50:04,W 90 St & Amsterdam Ave,7432,W 100 St & Manhattan Ave,7538,40.790179,-73.972889,40.795,-73.9645,member
150580,8CD53CDBB5ECDAD5,docked_bike,2021-04-10 11:14:22,2021-04-10 11:18:19,W 106 St & Amsterdam Ave,7634,W 100 St & Manhattan Ave,7538,40.800836,-73.966449,40.795,-73.9645,member
150587,A6222BCF04B477CE,docked_bike,2021-04-09 18:54:52,2021-04-09 18:58:06,W 106 St & Central Park West,7606,W 100 St & Manhattan Ave,7538,40.798185,-73.96059,40.795,-73.9645,member
150589,E5B801D2C9C2AAFA,docked_bike,2021-04-16 15:32:57,2021-04-16 15:35:28,W 106 St & Central Park West,7606,W 100 St & Manhattan Ave,7538,40.798185,-73.96059,40.795,-73.9645,member
150593,5A28DE977E30E8E5,docked_bike,2021-04-18 13:13:20,2021-04-18 13:14:58,Central Park W & W 103 St,7577,W 100 St & Manhattan Ave,7538,40.796036,-73.961589,40.795,-73.9645,member
150600,4857B64ECB9D0565,docked_bike,2021-04-29 09:23:12,2021-04-29 09:25:28,Central Park W & W 103 St,7577,W 100 St & Manhattan Ave,7538,40.796036,-73.961589,40.795,-73.9645,member
150620,1B82E3D58EB57CFD,docked_bike,2021-04-29 16:05:32,2021-04-29 16:06:52,Central Park W & W 103 St,7577,W 100 St & Manhattan Ave,7538,40.796036,-73.961589,40.795,-73.9645,member
150625,9D1F8F9CC4047CAC,docked_bike,2021-04-23 19:31:35,2021-04-23 19:35:54,W 106 St & Central Park West,7606,W 100 St & Manhattan Ave,7538,40.798185,-73.96059,40.795,-73.9645,member
150627,0526E2A8D1FB1E21,docked_bike,2021-04-06 16:37:25,2021-04-06 16:39:30,Central Park W & W 103 St,7577,W 100 St & Manhattan Ave,7538,40.796036,-73.961589,40.795,-73.9645,member
150628,A4121F0FD8532657,docked_bike,2021-04-07 16:34:33,2021-04-07 16:37:46,W 106 St & Central Park West,7606,W 100 St & Manhattan Ave,7538,40.798185,-73.96059,40.795,-73.9645,member
150634,549C69EF14BB95CE,docked_bike,2021-04-06 15:04:12,2021-04-06 15:47:44,W 106 St & Central Park West,7606,W 100 St & Manhattan Ave,7538,40.798186,-73.960591,40.795,-73.9645,member
150653,9899F8AD295BDF18,docked_bike,2021-04-19 18:28:32,2021-04-19 18:48:35,1 Ave & E 68 St,6822,W 100 St & Manhattan Ave,7538,40.765005,-73.958184,40.795,-73.9645,casual
150670,D4EA2696AD9CA991,docked_bike,2021-04-19 17:23:14,2021-04-19 17:42:27,E 56 St & 3 Ave,6691,W 100 St & Manhattan Ave,7538,40.759345,-73.967596,40.795,-73.9645,casual
150671,D0D29E5965FAD030,docked_bike,2021-04-09 15:44:24,2021-04-09 16:13:42,Frederick Douglass Blvd & W 112 St,7631,W 100 St & Manhattan Ave,7538,40.801694,-73.957145,40.795,-73.9645,member
150672,7AF5A11AC22F3123,docked_bike,2021-04-16 19:50:52,2021-04-16 19:55:09,Frederick Douglass Blvd & W 112 St,7631,W 100 St & Manhattan Ave,7538,40.801694,-73.957145,40.795,-73.9645,member
150677,48F0D13019AD31DD,docked_bike,2021-04-10 17:13:26,2021-04-10 17:20:48,Frederick Douglass Blvd & W 112 St,7631,W 100 St & Manhattan Ave,7538,40.801694,-73.957145,40.795,-73.9645,member
150679,64E782159DDAB464,docked_bike,2021-04-30 15:13:43,2021-04-30 15:22:58,Frederick Douglass Blvd & W 112 St,7631,W 100 St & Manhattan Ave,7538,40.801694,-73.957145,40.795,-73.9645,casual
150680,DA9A72B74D72E530,docked_bike,2021-04-05 11:51:47,2021-04-05 12:26:15,E 56 St & 3 Ave,6691,W 100 St & Manhattan Ave,7538,40.759345,-73.967596,40.795,-73.9645,member
150692,737F884DDA2A4896,docked_bike,2021-04-14 17:54:01,2021-04-14 18:24:14,E 56 St & 3 Ave,6691,W 100 St & Manhattan Ave,7538,40.759345,-73.967596,40.795,-73.9645,casual
150701,ABDB28681B44A635,docked_bike,2021-04-04 19:58:09,2021-04-04 20:27:30,8 Ave & W 31 St,6450,W 100 St & Manhattan Ave,7538,40.750585,-73.994684,40.795,-73.9645,casual
150705,74599D3A460A6546,docked_bike,2021-04-20 15:05:34,2021-04-20 15:21:25,Frederick Douglass Blvd & W 112 St,7631,W 100 St & Manhattan Ave,7538,40.801694,-73.957145,40.795,-73.9645,casual
150708,C4F2EC46899616A4,docked_bike,2021-04-13 18:02:01,2021-04-13 18:33:15,E 56 St & 3 Ave,6691,W 100 St & Manhattan Ave,7538,40.759345,-73.967596,40.795,-73.9645,casual
150709,E5B1C5F60C796B0A,docked_bike,2021-04-05 12:28:50,2021-04-05 12:33:32,Frederick Douglass Blvd & W 112 St,7631,W 100 St & Manhattan Ave,7538,40.801694,-73.957145,40.795,-73.9645,member
150711,F264F22DDF5625B0,docked_bike,2021-04-28 17:55:40,2021-04-28 18:24:19,E 56 St & 3 Ave,6691,W 100 St & Manhattan Ave,7538,40.759345,-73.967596,40.795,-73.9645,casual
150713,7F741868BB6794AE,docked_bike,2021-04-30 11:40:05,2021-04-30 11:45:32,Frederick Douglass Blvd & W 112 St,7631,W 100 St & Manhattan Ave,7538,40.801694,-73.957145,40.795,-73.9645,member
150716,45A878CA6BDC2B89,docked_bike,2021-04-28 13:36:23,2021-04-28 13:44:13,Frederick Douglass Blvd & W 112 St,7631,W 100 St & Manhattan Ave,7538,40.801694,-73.957145,40.795,-73.9645,member
150733,E3E8FC37FEA4DEED,docked_bike,2021-04-20 19:05:02,2021-04-20 19:12:17,Frederick Douglass Blvd & W 112 St,7631,W 100 St & Manhattan Ave,7538,40.801694,-73.957145,40.795,-73.9645,member
150739,E366D7A979C011FC,docked_bike,2021-04-21 18:01:50,2021-04-21 18:39:52,E 56 St & 3 Ave,6691,W 100 St & Manhattan Ave,7538,40.759345,-73.967596,40.795,-73.9645,casual
150749,A42BD2F901BB00DD,docked_bike,2021-04-20 16:32:16,2021-04-20 16:45:33,Central Park West & W 68 St,7079,W 100 St & Manhattan Ave,7538,40.773406,-73.977825,40.795,-73.9645,member
150750,7D437B4BB3FD95BA,docked_bike,2021-04-24 15:24:18,2021-04-24 15:51:02,E 58 St & Madison Ave,6839,W 100 St & Manhattan Ave,7538,40.763025,-73.972095,40.795,-73.9645,casual
150752,A3D0C5CA8D195845,docked_bike,2021-04-18 17:59:03,2021-04-18 18:11:58,Central Park West & W 68 St,7079,W 100 St & Manhattan Ave,7538,40.773406,-73.977825,40.795,-73.9645,member
150753,05A1C177EB4E81E9,docked_bike,2021-04-04 12:57:51,2021-04-04 13:15:58,E 85 St & 3 Ave,7212,W 100 St & Manhattan Ave,7538,40.778012,-73.954071,40.795,-73.9645,member
150754,BB7D25C78CB47CB7,docked_bike,2021-04-30 18:34:25,2021-04-30 18:47:35,E 85 St & 3 Ave,7212,W 100 St & Manhattan Ave,7538,40.778012,-73.954071,40.795,-73.9645,member
150763,BA050278BD6F4D21,docked_bike,2021-04-10 15:26:28,2021-04-10 15:42:46,E 85 St & 3 Ave,7212,W 100 St & Manhattan Ave,7538,40.778012,-73.954071,40.795,-73.9645,member
150764,030AD426E9D2CB3F,docked_bike,2021-04-13 16:24:03,2021-04-13 17:07:36,Central Park North & Adam Clayton Powell Blvd,7617,W 100 St & Manhattan Ave,7538,40.799484,-73.955613,40.795,-73.9645,member
150767,9AF181ABE2C8200A,docked_bike,2021-04-10 18:27:51,2021-04-10 18:59:12,Central Park North & Adam Clayton Powell Blvd,7617,W 100 St & Manhattan Ave,7538,40.799484,-73.955613,40.795,-73.9645,casual
150768,FFED986C281679E0,docked_bike,2021-04-12 11:57:33,2021-04-12 12:05:24,Central Park North & Adam Clayton Powell Blvd,7617,W 100 St & Manhattan Ave,7538,40.799484,-73.955613,40.795,-73.9645,member
150771,03DA92793B779B28,docked_bike,2021-04-03 13:26:31,2021-04-03 13:37:09,Columbus Ave & W 103 St,7595,W 100 St & Manhattan Ave,7538,40.796934,-73.964341,40.795,-73.9645,member
150772,A69ED31FB4C8AFDE,docked_bike,2021-04-14 14:49:41,2021-04-14 14:58:31,Central Park North & Adam Clayton Powell Blvd,7617,W 100 St & Manhattan Ave,7538,40.799484,-73.955613,40.795,-73.9645,member
150773,4E57A51041E90447,docked_bike,2021-04-26 06:40:54,2021-04-26 06:41:57,Columbus Ave & W 103 St,7595,W 100 St & Manhattan Ave,7538,40.796934,-73.964341,40.795,-73.9645,member
150774,1914596CEDE87F86,docked_bike,2021-04-23 13:38:03,2021-04-23 13:59:09,E 58 St & Madison Ave,6839,W 100 St & Manhattan Ave,7538,40.763026,-73.972095,40.795,-73.9645,member
150775,C2E6C7977F6307A6,docked_bike,2021-04-10 14:43:26,2021-04-10 15:16:04,Central Park West & W 68 St,7079,W 100 St & Manhattan Ave,7538,40.773406,-73.977825,40.795,-73.9645,member
150776,B5B0F9680D5C248C,docked_bike,2021-04-08 18:08:36,2021-04-08 18:22:14,Central Park West & W 68 St,7079,W 100 St & Manhattan Ave,7538,40.773406,-73.977825,40.795,-73.9645,member
150777,E486AE30EDBB2AD7,docked_bike,2021-04-29 19:13:59,2021-04-29 19:26:39,Central Park West & W 68 St,7079,W 100 St & Manhattan Ave,7538,40.773406,-73.977825,40.795,-73.9645,member
150778,96D846C01555792D,docked_bike,2021-04-08 19:44:34,2021-04-08 19:56:28,Central Park West & W 68 St,7079,W 100 St & Manhattan Ave,7538,40.773406,-73.977825,40.795,-73.9645,member
150784,760C0BAAC4B6B2E9,docked_bike,2021-04-19 13:39:40,2021-04-19 13:58:22,E 58 St & Madison Ave,6839,W 100 St & Manhattan Ave,7538,40.763025,-73.972095,40.795,-73.9645,member
150785,AE26EE44C7C01095,docked_bike,2021-04-10 22:53:15,2021-04-10 23:04:19,Central Park West & W 68 St,7079,W 100 St & Manhattan Ave,7538,40.773406,-73.977825,40.795,-73.9645,member
150789,FCDBCE4AD89E3B56,docked_bike,2021-04-18 14:14:26,2021-04-18 14:38:45,W 160 St & St. Nicholas Ave,8138,W 100 St & Manhattan Ave,7538,40.834468,-73.939865,40.795,-73.9645,member
150794,05BB3B0B7449964C,docked_bike,2021-04-21 18:33:43,2021-04-21 18:52:37,1 Ave & E 68 St,6822,W 100 St & Manhattan Ave,7538,40.765005,-73.958184,40.795,-73.9645,casual
150799,C452F46678DCCEC2,docked_bike,2021-04-16 17:30:54,2021-04-16 17:46:15,1 Ave & E 68 St,6822,W 100 St & Manhattan Ave,7538,40.765005,-73.958184,40.795,-73.9645,member
150807,0764202CC8FAA669,docked_bike,2021-04-30 17:41:15,2021-04-30 17:50:17,Central Park West & W 68 St,7079,W 100 St & Manhattan Ave,7538,40.773406,-73.977825,40.795,-73.9645,member
150812,D2CBFD57A492A9C6,docked_bike,2021-04-26 18:11:13,2021-04-26 18:23:49,Riverside Dr & W 72 St,7288,W 100 St & Manhattan Ave,7538,40.780577,-73.985624,40.795,-73.9645,member
150818,B8384537D8E1B998,docked_bike,2021-04-10 12:08:06,2021-04-10 12:32:03,E 58 St & Madison Ave,6839,W 100 St & Manhattan Ave,7538,40.763025,-73.972095,40.795,-73.9645,casual
150819,340E9FBD4F6195F6,docked_bike,2021-04-20 19:30:11,2021-04-20 19:47:06,Central Park West & W 68 St,7079,W 100 St & Manhattan Ave,7538,40.773406,-73.977825,40.795,-73.9645,member
150828,22B2F85143DF541C,docked_bike,2021-04-30 17:34:09,2021-04-30 17:44:26,5 Ave & E 78 St,7161,W 100 St & Manhattan Ave,7538,40.776321,-73.964273,40.795,-73.9645,casual
150836,42230C4C4A41009A,docked_bike,2021-04-14 22:01:09,2021-04-14 22:14:53,Central Park West & W 68 St,7079,W 100 St & Manhattan Ave,7538,40.773406,-73.977825,40.795,-73.9645,member
150837,A4A156EE32DFCABA,docked_bike,2021-04-13 20:02:27,2021-04-13 20:27:02,Central Park West & W 68 St,7079,W 100 St & Manhattan Ave,7538,40.773406,-73.977825,40.795,-73.9645,casual
150846,3BDC54B7FFDCCDAB,docked_bike,2021-04-02 18:42:36,2021-04-02 19:07:23,E 47 St & Park Ave,6584,W 100 St & Manhattan Ave,7538,40.755102,-73.974986,40.795,-73.9645,member
150849,E6147E5F32A23B99,docked_bike,2021-04-27 17:53:40,2021-04-27 18:11:33,E 47 St & Park Ave,6584,W 100 St & Manhattan Ave,7538,40.755102,-73.974986,40.795,-73.9645,member
150855,6530AFD130C0A87B,docked_bike,2021-04-07 18:50:35,2021-04-07 19:04:31,Central Park West & W 68 St,7079,W 100 St & Manhattan Ave,7538,40.773406,-73.977825,40.795,-73.9645,member
150859,55116042547C7D17,docked_bike,2021-04-17 10:27:58,2021-04-17 10:39:21,Central Park West & W 68 St,7079,W 100 St & Manhattan Ave,7538,40.773406,-73.977825,40.795,-73.9645,member
150860,F8201FBB33AE8D68,docked_bike,2021-04-28 19:29:22,2021-04-28 19:38:58,Central Park West & W 68 St,7079,W 100 St & Manhattan Ave,7538,40.773406,-73.977825,40.795,-73.9645,casual
150861,3D265F6A82167EDB,docked_bike,2021-04-01 18:07:25,2021-04-01 18:25:22,Central Park West & W 68 St,7079,W 100 St & Manhattan Ave,7538,40.773406,-73.977825,40.795,-73.9645,casual
150864,90F1FDBA0B3193AB,docked_bike,2021-04-23 19:44:34,2021-04-23 19:58:07,Central Park West & W 68 St,7079,W 100 St & Manhattan Ave,7538,40.773406,-73.977825,40.795,-73.9645,member
150865,A8842DC80D8657D1,docked_bike,2021-04-05 15:21:39,2021-04-05 15:47:29,E 58 St & Madison Ave,6839,W 100 St & Manhattan Ave,7538,40.763025,-73.972095,40.795,-73.9645,casual
150895,2BD5D8ABC483ED0B,docked_bike,2021-04-09 21:52:49,2021-04-09 21:59:39,E 88 St & Park Ave,7293,W 100 St & Manhattan Ave,7538,40.78141,-73.955959,40.795,-73.9645,member
150900,06D9A014542158CF,docked_bike,2021-04-24 15:25:37,2021-04-24 15:50:53,E 58 St & Madison Ave,6839,W 100 St & Manhattan Ave,7538,40.763025,-73.972095,40.795,-73.9645,casual
150905,CAE00C2CF386FC71,docked_bike,2021-04-14 17:41:02,2021-04-14 18:18:25,E 58 St & Madison Ave,6839,W 100 St & Manhattan Ave,7538,40.763025,-73.972095,40.795,-73.9645,casual
150906,F51184669E52665F,docked_bike,2021-04-27 20:14:24,2021-04-27 20:25:05,Central Park West & W 68 St,7079,W 100 St & Manhattan Ave,7538,40.773406,-73.977825,40.795,-73.9645,member
150910,DC6200C704A25124,docked_bike,2021-04-23 17:27:27,2021-04-23 17:36:57,W 76 St & Columbus Ave,7281,W 100 St & Manhattan Ave,7538,40.780183,-73.977285,40.795,-73.9645,member
150911,DC66B1404ECC4094,docked_bike,2021-04-12 19:33:07,2021-04-12 19:41:19,W 76 St & Columbus Ave,7281,W 100 St & Manhattan Ave,7538,40.780183,-73.977285,40.795,-73.9645,member
150938,71E0BE6435926D87,docked_bike,2021-04-27 21:00:31,2021-04-27 21:08:48,Central Park West & W 68 St,7079,W 100 St & Manhattan Ave,7538,40.773406,-73.977825,40.795,-73.9645,member
150941,D5D44EEA177D0531,docked_bike,2021-04-26 17:54:53,2021-04-26 18:05:39,Central Park West & W 68 St,7079,W 100 St & Manhattan Ave,7538,40.773406,-73.977825,40.795,-73.9645,casual
150943,E7444C5C464ABF27,docked_bike,2021-04-14 23:52:46,2021-04-15 00:07:50,Central Park West & W 68 St,7079,W 100 St & Manhattan Ave,7538,40.773406,-73.977825,40.795,-73.9645,casual
150944,C4E691D1385A9FC6,docked_bike,2021-04-05 18:25:40,2021-04-05 18:41:34,E 58 St & Madison Ave,6839,W 100 St & Manhattan Ave,7538,40.763025,-73.972095,40.795,-73.9645,member
150947,DCE1ABE9431EB710,docked_bike,2021-04-17 16:49:14,2021-04-17 16:59:34,5 Ave & E 93 St,7372,W 100 St & Manhattan Ave,7538,40.785785,-73.957481,40.795,-73.9645,member
150948,E97B74C6E8BC2867,docked_bike,2021-04-17 16:50:47,2021-04-17 16:59:33,5 Ave & E 93 St,7372,W 100 St & Manhattan Ave,7538,40.785785,-73.957481,40.795,-73.9645,member
150955,4A2726D6ED920376,docked_bike,2021-04-25 12:24:30,2021-04-25 12:33:51,W 76 St & Columbus Ave,7281,W 100 St & Manhattan Ave,7538,40.780183,-73.977285,40.795,-73.9645,member
150963,3C58E59C743C9056,docked_bike,2021-04-10 16:15:23,2021-04-10 16:28:39,5 Ave & E 93 St,7372,W 100 St & Manhattan Ave,7538,40.785785,-73.957481,40.795,-73.9645,casual
150965,5C3A13BC9AF95797,docked_bike,2021-04-07 16:44:30,2021-04-07 17:30:03,5 Ave & E 93 St,7372,W 100 St & Manhattan Ave,7538,40.785785,-73.957481,40.795,-73.9645,member
150968,D556200B9DA277ED,docked_bike,2021-04-10 16:15:59,2021-04-10 16:28:06,5 Ave & E 93 St,7372,W 100 St & Manhattan Ave,7538,40.785785,-73.957481,40.795,-73.9645,casual
150969,F1983B34915BA310,docked_bike,2021-04-14 20:22:53,2021-04-14 20:40:48,5 Ave & E 93 St,7372,W 100 St & Manhattan Ave,7538,40.785785,-73.957481,40.795,-73.9645,member
150979,F287D5E3E2B573A5,docked_bike,2021-04-14 17:42:04,2021-04-14 18:21:44,Grand St & Elizabeth St,5382,W 100 St & Manhattan Ave,7538,40.718822,-73.99596,40.795,-73.9645,member
150984,E004819F822153C7,docked_bike,2021-04-24 13:11:15,2021-04-24 13:39:08,W 147 St & Adam Clayton Powell Blvd,7971,W 100 St & Manhattan Ave,7538,40.82281,-73.937413,40.795,-73.9645,member
150995,A74D0B19A382CC54,docked_bike,2021-04-08 17:39:12,2021-04-08 18:01:18,E 58 St & Madison Ave,6839,W 100 St & Manhattan Ave,7538,40.763025,-73.972095,40.795,-73.9645,member
150999,CFBC911ED1D5A839,docked_bike,2021-04-14 20:40:30,2021-04-14 21:12:06,W 100 St & Manhattan Ave,7538,W 100 St & Manhattan Ave,7538,40.795,-73.9645,40.795,-73.9645,casual
151005,AEC95DF4ABDBE2DB,docked_bike,2021-04-20 16:46:59,2021-04-20 17:54:28,W 100 St & Manhattan Ave,7538,W 100 St & Manhattan Ave,7538,40.795,-73.9645,40.795,-73.9645,casual
151006,64D9047F23970A34,docked_bike,2021-04-08 18:56:24,2021-04-08 19:28:52,W 100 St & Manhattan Ave,7538,W 100 St & Manhattan Ave,7538,40.795,-73.9645,40.795,-73.9645,casual
151011,1A46962E900720BB,docked_bike,2021-04-04 15:31:50,2021-04-04 16:15:38,W 100 St & Manhattan Ave,7538,W 100 St & Manhattan Ave,7538,40.795,-73.9645,40.795,-73.9645,casual
151014,37DD63DDEBAF7D92,docked_bike,2021-04-08 10:44:39,2021-04-08 11:03:26,W 100 St & Manhattan Ave,7538,W 100 St & Manhattan Ave,7538,40.795,-73.9645,40.795,-73.9645,member
151019,B30571278D2B1C90,docked_bike,2021-04-30 09:38:19,2021-04-30 09:39:22,W 100 St & Manhattan Ave,7538,W 100 St & Manhattan Ave,7538,40.795,-73.9645,40.795,-73.9645,member
151020,B228EA5002675E4F,docked_bike,2021-04-24 15:37:36,2021-04-24 15:45:44,W 100 St & Manhattan Ave,7538,W 84 St & Broadway,7409,40.795,-73.9645,40.7867947,-73.977112,member
151021,D2361BA3C5BF199D,docked_bike,2021-04-18 19:02:22,2021-04-18 19:33:51,W 100 St & Manhattan Ave,7538,W 100 St & Manhattan Ave,7538,40.795,-73.9645,40.795,-73.9645,member
151027,F0B6A8675E185D9C,docked_bike,2021-04-26 18:07:28,2021-04-26 18:08:16,W 100 St & Manhattan Ave,7538,W 100 St & Manhattan Ave,7538,40.795,-73.9645,40.795,-73.9645,member
151030,7CD2DA94CDE3DCE9,docked_bike,2021-04-04 15:40:04,2021-04-04 15:52:49,W 100 St & Manhattan Ave,7538,W 100 St & Manhattan Ave,7538,40.795,-73.9645,40.795,-73.9645,casual
151033,3887821AA1B0EC2B,docked_bike,2021-04-13 06:54:38,2021-04-13 07:21:52,W 100 St & Manhattan Ave,7538,W 100 St & Manhattan Ave,7538,40.795,-73.9645,40.795,-73.9645,member
151043,9600E4824D05E387,docked_bike,2021-04-07 18:43:22,2021-04-07 18:53:34,Lenox Ave & W 115 St,7627,W 100 St & Manhattan Ave,7538,40.801193,-73.950073,40.795,-73.9645,casual
151044,D466D95E2F8762B2,docked_bike,2021-04-20 16:20:00,2021-04-20 16:20:39,W 100 St & Manhattan Ave,7538,W 100 St & Manhattan Ave,7538,40.795,-73.9645,40.795,-73.9645,casual
151057,899CEBF2F8A1E74D,docked_bike,2021-04-05 17:32:53,2021-04-05 18:49:35,W 100 St & Manhattan Ave,7538,W 100 St & Manhattan Ave,7538,40.795,-73.9645,40.795,-73.9645,casual
151058,82ED7EFD056463F3,docked_bike,2021-04-14 19:30:15,2021-04-14 19:30:18,W 100 St & Manhattan Ave,7538,W 100 St & Manhattan Ave,7538,40.795,-73.9645,40.795,-73.9645,member
151074,799FD7A03DB826C8,docked_bike,2021-04-14 15:37:08,2021-04-14 15:53:32,W 100 St & Manhattan Ave,7538,Lenox Ave & W 115 St,7627,40.795,-73.9645,40.8011939,-73.9500739,member
151075,9ED2329357354BB9,docked_bike,2021-04-09 11:01:54,2021-04-09 12:08:20,W 100 St & Manhattan Ave,7538,W 100 St & Manhattan Ave,7538,40.795,-73.9645,40.795,-73.9645,casual
151077,0BA7845914549DC9,docked_bike,2021-04-20 21:38:46,2021-04-20 22:07:20,W 100 St & Manhattan Ave,7538,W 100 St & Manhattan Ave,7538,40.795,-73.9645,40.795,-73.9645,member
151078,2DF594832A3F9568,docked_bike,2021-04-06 18:40:22,2021-04-06 19:26:10,W 100 St & Manhattan Ave,7538,W 100 St & Manhattan Ave,7538,40.795,-73.9645,40.795,-73.9645,member
151082,0CAA13AE6AD42855,docked_bike,2021-04-05 18:52:47,2021-04-05 19:22:11,W 100 St & Manhattan Ave,7538,W 100 St & Manhattan Ave,7538,40.795,-73.9645,40.795,-73.9645,casual
151086,236188F343306AB8,docked_bike,2021-04-20 20:05:24,2021-04-20 20:23:00,W 100 St & Manhattan Ave,7538,W 100 St & Manhattan Ave,7538,40.795,-73.9645,40.795,-73.9645,casual
151088,65C44E2356AFFECA,docked_bike,2021-04-06 09:34:11,2021-04-06 10:13:54,W 100 St & Manhattan Ave,7538,W 100 St & Manhattan Ave,7538,40.795,-73.9645,40.795,-73.9645,member
151094,854D4C0D23790208,docked_bike,2021-04-24 18:20:07,2021-04-24 18:31:55,W 100 St & Manhattan Ave,7538,W 84 St & Broadway,7409,40.795,-73.9645,40.7867947,-73.977112,member
151095,4D164E576EA768A9,docked_bike,2021-04-03 09:32:08,2021-04-03 09:38:40,Lenox Ave & W 115 St,7627,W 100 St & Manhattan Ave,7538,40.801193,-73.950073,40.795,-73.9645,casual
151100,684122430911AFD7,docked_bike,2021-04-09 11:59:49,2021-04-09 12:08:43,W 82 St & Central Park West,7304,W 100 St & Manhattan Ave,7538,40.78275,-73.97137,40.795,-73.9645,member
151130,EC730D90C1CD806B,docked_bike,2021-04-25 17:45:58,2021-04-25 17:46:20,W 100 St & Manhattan Ave,7538,W 100 St & Manhattan Ave,7538,40.795,-73.9645,40.795,-73.9645,member
151131,7D3933570D4F2D57,docked_bike,2021-04-04 13:12:20,2021-04-04 13:12:23,W 100 St & Manhattan Ave,7538,W 100 St & Manhattan Ave,7538,40.795,-73.9645,40.795,-73.9645,member
151135,661A23FAD2E10994,docked_bike,2021-04-02 14:09:11,2021-04-02 14:09:32,W 100 St & Manhattan Ave,7538,W 100 St & Manhattan Ave,7538,40.795,-73.9645,40.795,-73.9645,member
151136,FAA1D001A666451A,docked_bike,2021-04-20 16:22:28,2021-04-20 16:23:04,W 100 St & Manhattan Ave,7538,W 100 St & Manhattan Ave,7538,40.795,-73.9645,40.795,-73.9645,member
151149,90BAC0B483CA7E48,docked_bike,2021-04-08 20:36:33,2021-04-08 20:46:42,W 100 St & Manhattan Ave,7538,W 100 St & Manhattan Ave,7538,40.795,-73.9645,40.795,-73.9645,casual
151157,AD742B2E26FED95A,docked_bike,2021-04-03 18:23:39,2021-04-03 18:24:56,W 100 St & Manhattan Ave,7538,W 100 St & Manhattan Ave,7538,40.795,-73.9645,40.795,-73.9645,member
151159,AF7FD037D38CFE35,docked_bike,2021-04-19 12:27:48,2021-04-19 13:00:13,W 100 St & Manhattan Ave,7538,W 100 St & Manhattan Ave,7538,40.795,-73.9645,40.795,-73.9645,casual
151173,F0760845B430EFAB,docked_bike,2021-04-22 08:29:47,2021-04-22 08:48:06,W 100 St & Manhattan Ave,7538,W 100 St & Manhattan Ave,7538,40.795,-73.9645,40.795,-73.9645,member
151174,51436B3548473E0B,docked_bike,2021-04-17 14:36:51,2021-04-17 15:18:43,W 100 St & Manhattan Ave,7538,W 100 St & Manhattan Ave,7538,40.795,-73.9645,40.795,-73.9645,casual
151178,A5984CBF8B53295E,docked_bike,2021-04-12 07:55:20,2021-04-12 07:56:01,W 100 St & Manhattan Ave,7538,W 100 St & Manhattan Ave,7538,40.795,-73.9645,40.795,-73.9645,casual
151188,2819D2F2844A571E,docked_bike,2021-04-06 13:31:12,2021-04-06 13:32:11,W 100 St & Manhattan Ave,7538,W 100 St & Manhattan Ave,7538,40.795,-73.9645,40.795,-73.9645,member
151194,39E282BCED3C7C7D,docked_bike,2021-04-08 09:59:24,2021-04-08 10:00:00,W 100 St & Manhattan Ave,7538,W 100 St & Manhattan Ave,7538,40.795,-73.9645,40.795,-73.9645,member
151201,EBCDCF289F18E661,docked_bike,2021-04-29 09:33:58,2021-04-29 09:34:53,W 100 St & Manhattan Ave,7538,W 100 St & Manhattan Ave,7538,40.795,-73.9645,40.795,-73.9645,member
151206,06C814999532F9FB,docked_bike,2021-04-27 17:26:50,2021-04-27 18:04:34,W 100 St & Manhattan Ave,7538,W 100 St & Manhattan Ave,7538,40.795,-73.9645,40.795,-73.9645,casual
151210,C84AE79F8BC2FD0D,docked_bike,2021-04-20 16:49:41,2021-04-20 17:54:17,W 100 St & Manhattan Ave,7538,W 100 St & Manhattan Ave,7538,40.795,-73.9645,40.795,-73.9645,casual
151215,22B70B6E46C36793,docked_bike,2021-04-14 13:45:08,2021-04-14 14:33:14,W 100 St & Manhattan Ave,7538,W 100 St & Manhattan Ave,7538,40.795,-73.9645,40.795,-73.9645,member
151216,768565E324D34328,docked_bike,2021-04-19 19:02:13,2021-04-19 19:24:27,W 100 St & Manhattan Ave,7538,W 100 St & Manhattan Ave,7538,40.795,-73.9645,40.795,-73.9645,member
151223,9B68B07E11BF697C,docked_bike,2021-04-23 20:43:41,2021-04-23 20:57:25,W 84 St & Broadway,7409,W 100 St & Manhattan Ave,7538,40.786794,-73.977112,40.795,-73.9645,member
151229,B6A0CA8879DC9260,docked_bike,2021-04-29 19:07:01,2021-04-29 19:25:20,W 100 St & Manhattan Ave,7538,W 100 St & Manhattan Ave,7538,40.795,-73.9645,40.795,-73.9645,member
151230,0608153018CF0C15,docked_bike,2021-04-14 08:20:36,2021-04-14 08:28:14,W 84 St & Broadway,7409,W 100 St & Manhattan Ave,7538,40.786794,-73.977112,40.795,-73.9645,member
151231,97A1BB38F65D1507,docked_bike,2021-04-30 08:22:42,2021-04-30 08:29:40,W 84 St & Broadway,7409,W 100 St & Manhattan Ave,7538,40.786794,-73.977112,40.795,-73.9645,member
151232,6AA4A9745C0D490F,docked_bike,2021-04-21 08:29:01,2021-04-21 08:35:45,W 84 St & Broadway,7409,W 100 St & Manhattan Ave,7538,40.786794,-73.977112,40.795,-73.9645,member
151237,101D2E8942C23D62,docked_bike,2021-04-17 14:29:07,2021-04-17 15:00:37,W 100 St & Manhattan Ave,7538,W 100 St & Manhattan Ave,7538,40.795,-73.9645,40.795,-73.9645,member
151246,B18A87D8699E7C63,docked_bike,2021-04-09 17:02:50,2021-04-09 18:09:29,W 100 St & Manhattan Ave,7538,W 100 St & Manhattan Ave,7538,40.795,-73.9645,40.795,-73.9645,member
151254,2A5BD39619E11767,docked_bike,2021-04-13 09:22:43,2021-04-13 09:35:56,W 84 St & Broadway,7409,W 100 St & Manhattan Ave,7538,40.786794,-73.977112,40.795,-73.9645,member
151255,5F5B9E61947C3FDD,docked_bike,2021-04-03 22:47:39,2021-04-03 22:57:00,W 100 St & Manhattan Ave,7538,W 100 St & Manhattan Ave,7538,40.795,-73.9645,40.795,-73.9645,casual
151261,527E849485EED021,docked_bike,2021-04-17 14:34:38,2021-04-17 14:36:25,W 100 St & Manhattan Ave,7538,W 100 St & Manhattan Ave,7538,40.795,-73.9645,40.795,-73.9645,member
151265,61F700892930C4DA,docked_bike,2021-04-18 20:37:08,2021-04-18 21:17:06,W 100 St & Manhattan Ave,7538,W 100 St & Manhattan Ave,7538,40.795,-73.9645,40.795,-73.9645,member
151266,A617910AC2386670,docked_bike,2021-04-29 20:41:55,2021-04-29 20:43:32,W 100 St & Manhattan Ave,7538,W 100 St & Manhattan Ave,7538,40.795,-73.9645,40.795,-73.9645,member
151274,C8CF515683D9AD55,docked_bike,2021-04-27 19:23:07,2021-04-27 19:33:23,W 100 St & Manhattan Ave,7538,W 84 St & Broadway,7409,40.795,-73.9645,40.7867947,-73.977112,member
151280,CEAEC8D78A05FE88,docked_bike,2021-04-26 23:19:31,2021-04-27 00:10:10,W 100 St & Manhattan Ave,7538,W 100 St & Manhattan Ave,7538,40.795,-73.9645,40.795,-73.9645,member
151281,A7812DF9C9732E97,docked_bike,2021-04-28 19:02:19,2021-04-28 19:24:13,W 100 St & Manhattan Ave,7538,W 100 St & Manhattan Ave,7538,40.795,-73.9645,40.795,-73.9645,member
151282,8881D1732D48687F,docked_bike,2021-04-30 13:55:17,2021-04-30 14:09:48,W 100 St & Manhattan Ave,7538,W 100 St & Manhattan Ave,7538,40.795,-73.9645,40.795,-73.9645,member
151283,14E3DCA82AF5E410,docked_bike,2021-04-29 19:47:57,2021-04-29 19:48:20,W 100 St & Manhattan Ave,7538,W 100 St & Manhattan Ave,7538,40.795,-73.9645,40.795,-73.9645,member
151284,AD81D1464AC1D636,docked_bike,2021-04-07 11:53:02,2021-04-07 12:05:54,W 100 St & Manhattan Ave,7538,W 100 St & Manhattan Ave,7538,40.795,-73.9645,40.795,-73.9645,member
151285,0321E09DE1B68711,docked_bike,2021-04-10 12:50:54,2021-04-10 13:04:58,Lenox Ave & W 115 St,7627,W 100 St & Manhattan Ave,7538,40.801193,-73.950073,40.795,-73.9645,casual
151287,B783D0CAE1D5F1C4,docked_bike,2021-04-10 13:36:43,2021-04-10 13:43:34,Lenox Ave & W 115 St,7627,W 100 St & Manhattan Ave,7538,40.801193,-73.950073,40.795,-73.9645,casual
151290,2023E1C7C4A07403,docked_bike,2021-04-29 20:23:14,2021-04-29 20:23:33,W 100 St & Manhattan Ave,7538,W 100 St & Manhattan Ave,7538,40.795,-73.9645,40.795,-73.9645,member
151293,24E08CBC6F665F38,docked_bike,2021-04-27 12:29:14,2021-04-27 12:29:52,W 100 St & Manhattan Ave,7538,W 100 St & Manhattan Ave,7538,40.795,-73.9645,40.795,-73.9645,casual
151297,34551FB7D99389E7,docked_bike,2021-04-18 13:45:36,2021-04-18 13:46:11,W 100 St & Manhattan Ave,7538,W 100 St & Manhattan Ave,7538,40.795,-73.9645,40.795,-73.9645,member
151298,060FFF2616294F9E,docked_bike,2021-04-20 19:48:26,2021-04-20 19:48:29,W 100 St & Manhattan Ave,7538,W 100 St & Manhattan Ave,7538,40.795,-73.9645,40.795,-73.9645,member
151299,20277BDD12599497,docked_bike,2021-04-07 01:37:15,2021-04-07 01:37:36,W 100 St & Manhattan Ave,7538,W 100 St & Manhattan Ave,7538,40.795,-73.9645,40.795,-73.9645,casual
151300,8829263C76ED44C1,docked_bike,2021-04-25 15:13:42,2021-04-25 15:13:51,W 100 St & Manhattan Ave,7538,W 100 St & Manhattan Ave,7538,40.795,-73.9645,40.795,-73.9645,member
151301,4C8B50B55CFD441D,docked_bike,2021-04-16 15:59:40,2021-04-16 16:48:30,W 100 St & Manhattan Ave,7538,W 100 St & Manhattan Ave,7538,40.795,-73.9645,40.795,-73.9645,member
151309,D6F90D1D1403C313,docked_bike,2021-04-23 17:33:59,2021-04-23 18:13:59,W 100 St & Manhattan Ave,7538,W 100 St & Manhattan Ave,7538,40.795,-73.9645,40.795,-73.9645,member
151315,BC2EAD51E54466E1,docked_bike,2021-04-06 17:35:18,2021-04-06 17:52:51,W 100 St & Manhattan Ave,7538,W 84 St & Broadway,7409,40.795,-73.9645,40.7867947,-73.977112,member
151316,2B1C45E05A52D60D,docked_bike,2021-04-17 12:05:55,2021-04-17 12:40:01,W 100 St & Manhattan Ave,7538,W 100 St & Manhattan Ave,7538,40.795,-73.9645,40.795,-73.9645,member
151318,3CA2DDE62E4DCAC3,docked_bike,2021-04-29 17:33:32,2021-04-29 18:19:54,W 100 St & Manhattan Ave,7538,W 100 St & Manhattan Ave,7538,40.795,-73.9645,40.795,-73.9645,member
151332,A480EEBCB4EDC0C8,docked_bike,2021-04-24 20:50:49,2021-04-24 20:51:44,W 100 St & Manhattan Ave,7538,W 100 St & Manhattan Ave,7538,40.795,-73.9645,40.795,-73.9645,member
151335,486132B47D9F8583,docked_bike,2021-04-28 17:33:58,2021-04-28 18:05:57,W 100 St & Manhattan Ave,7538,W 100 St & Manhattan Ave,7538,40.795,-73.9645,40.795,-73.9645,casual
151344,3F10937BA8BE9084,docked_bike,2021-04-19 13:31:38,2021-04-19 14:06:23,E 53 St & Lexington Ave,6617,W 100 St & Manhattan Ave,7538,40.75828,-73.970694,40.795,-73.9645,casual
151345,83E30A531F5EBB44,docked_bike,2021-04-11 16:07:19,2021-04-11 16:13:23,W 82 St & Central Park West,7304,W 100 St & Manhattan Ave,7538,40.78275,-73.97137,40.795,-73.9645,member
151349,ED722364D444BB56,docked_bike,2021-04-13 16:13:05,2021-04-13 16:23:49,W 82 St & Central Park West,7304,W 100 St & Manhattan Ave,7538,40.78275,-73.97137,40.795,-73.9645,member
151354,048CCBA88DF43398,docked_bike,2021-04-02 16:09:30,2021-04-02 16:27:45,E 53 St & Lexington Ave,6617,W 100 St & Manhattan Ave,7538,40.75828,-73.970694,40.795,-73.9645,member
151365,15E0305812410383,docked_bike,2021-04-27 13:35:47,2021-04-27 13:46:12,W 100 St & Manhattan Ave,7538,Lenox Ave & W 115 St,7627,40.795,-73.9645,40.8011939,-73.9500739,member
151377,900576A1CC377BEE,docked_bike,2021-04-25 16:37:44,2021-04-25 16:37:47,W 100 St & Manhattan Ave,7538,W 100 St & Manhattan Ave,7538,40.795,-73.9645,40.795,-73.9645,member
151382,68A2E3EF061B64E4,docked_bike,2021-04-09 12:34:34,2021-04-09 13:02:23,W 100 St & Manhattan Ave,7538,W 100 St & Manhattan Ave,7538,40.795,-73.9645,40.795,-73.9645,member
151386,6521F21A5F2AE83B,docked_bike,2021-04-29 09:31:49,2021-04-29 09:31:54,W 100 St & Manhattan Ave,7538,W 100 St & Manhattan Ave,7538,40.795,-73.9645,40.795,-73.9645,member
151389,7E79B148B751DDD6,docked_bike,2021-04-27 18:51:42,2021-04-27 19:20:49,W 100 St & Manhattan Ave,7538,W 100 St & Manhattan Ave,7538,40.795,-73.9645,40.795,-73.9645,member
151391,3AE4D09E816F62E7,docked_bike,2021-04-08 14:48:34,2021-04-08 14:50:12,W 100 St & Manhattan Ave,7538,W 100 St & Manhattan Ave,7538,40.795,-73.9645,40.795,-73.9645,casual
151397,996B2E4F19630251,docked_bike,2021-04-27 22:59:57,2021-04-27 23:17:40,W 84 St & Broadway,7409,W 100 St & Manhattan Ave,7538,40.786794,-73.977112,40.795,-73.9645,member
151406,A223CBEE425F4E26,docked_bike,2021-04-23 09:16:45,2021-04-23 09:16:58,W 100 St & Manhattan Ave,7538,W 100 St & Manhattan Ave,7538,40.795,-73.9645,40.795,-73.9645,member
151407,619EFE1228356976,docked_bike,2021-04-10 14:33:35,2021-04-10 16:16:42,W 100 St & Manhattan Ave,7538,W 100 St & Manhattan Ave,7538,40.795,-73.9645,40.795,-73.9645,member
151408,8A8ACCE8CBF2123A,docked_bike,2021-04-16 08:44:36,2021-04-16 08:44:54,W 100 St & Manhattan Ave,7538,W 100 St & Manhattan Ave,7538,40.795,-73.9645,40.795,-73.9645,member
151421,44FAFB46367F7CBF,docked_bike,2021-04-30 16:41:58,2021-04-30 16:54:36,W 100 St & Manhattan Ave,7538,Lenox Ave & W 115 St,7627,40.795,-73.9645,40.8011939,-73.9500739,casual
151431,B65AE680848EB7FD,docked_bike,2021-04-09 15:39:50,2021-04-09 15:51:02,W 84 St & Broadway,7409,W 100 St & Manhattan Ave,7538,40.786794,-73.977112,40.795,-73.9645,casual
151433,1E93178EE7E3B00A,docked_bike,2021-04-17 19:49:48,2021-04-17 19:57:57,W 100 St & Manhattan Ave,7538,W 100 St & Manhattan Ave,7538,40.795,-73.9645,40.795,-73.9645,member
151434,D80A6F161C16746F,docked_bike,2021-04-08 08:49:23,2021-04-08 08:56:47,W 100 St & Manhattan Ave,7538,W 84 St & Broadway,7409,40.795,-73.9645,40.7867947,-73.977112,casual
151443,E70DB262F064C244,docked_bike,2021-04-24 20:39:32,2021-04-24 20:39:41,W 100 St & Manhattan Ave,7538,W 100 St & Manhattan Ave,7538,40.795,-73.9645,40.795,-73.9645,casual
151452,ADF22149782359A9,docked_bike,2021-04-08 19:03:28,2021-04-08 19:47:22,W 100 St & Manhattan Ave,7538,W 100 St & Manhattan Ave,7538,40.795,-73.9645,40.795,-73.9645,member
151458,1D29DEC9EF8746C0,docked_bike,2021-04-19 12:28:39,2021-04-19 13:01:05,W 100 St & Manhattan Ave,7538,W 100 St & Manhattan Ave,7538,40.795,-73.9645,40.795,-73.9645,casual
151463,587F1AFEF2A9C766,docked_bike,2021-04-16 13:07:43,2021-04-16 13:08:28,W 100 St & Manhattan Ave,7538,W 100 St & Manhattan Ave,7538,40.795,-73.9645,40.795,-73.9645,member
151466,CC4F30F02CD335F1,docked_bike,2021-04-08 18:51:35,2021-04-08 18:58:32,W 84 St & Broadway,7409,W 100 St & Manhattan Ave,7538,40.786794,-73.977112,40.795,-73.9645,member
151469,14036A10323450FA,docked_bike,2021-04-24 19:42:48,2021-04-24 19:44:29,W 100 St & Manhattan Ave,7538,W 100 St & Manhattan Ave,7538,40.795,-73.9645,40.795,-73.9645,member
151474,5CAAAAABD92981A5,docked_bike,2021-04-28 09:17:14,2021-04-28 09:30:44,Columbus Ave & W 72 St,7175,W 100 St & Manhattan Ave,7538,40.777057,-73.978984,40.795,-73.9645,member
151475,68A9AC0D2EF0A9C8,docked_bike,2021-04-14 19:41:47,2021-04-14 19:49:15,Riverside Dr & W 104 St,7623,W 100 St & Manhattan Ave,7538,40.801343,-73.971145,40.795,-73.9645,member
151492,7616E529976F3168,docked_bike,2021-04-01 17:00:52,2021-04-01 17:18:01,Columbus Ave & W 72 St,7175,W 100 St & Manhattan Ave,7538,40.777057,-73.978984,40.795,-73.9645,member
151503,EDF4061D8471C226,docked_bike,2021-04-30 09:03:29,2021-04-30 09:13:05,W 82 St & Central Park West,7304,W 100 St & Manhattan Ave,7538,40.78275,-73.97137,40.795,-73.9645,member
151505,B10AD4682EAF1C87,docked_bike,2021-04-10 16:57:01,2021-04-10 17:37:01,W 82 St & Central Park West,7304,W 100 St & Manhattan Ave,7538,40.78275,-73.97137,40.795,-73.9645,casual
151512,D72A4B662DC50F12,docked_bike,2021-04-22 17:05:33,2021-04-22 17:13:30,W 82 St & Central Park West,7304,W 100 St & Manhattan Ave,7538,40.78275,-73.97137,40.795,-73.9645,member
151515,7D28AB768ADC9FD3,docked_bike,2021-04-10 16:55:36,2021-04-10 17:36:44,W 82 St & Central Park West,7304,W 100 St & Manhattan Ave,7538,40.78275,-73.97137,40.795,-73.9645,casual
151525,298B60BD7797A328,docked_bike,2021-04-14 16:30:57,2021-04-14 16:36:57,W 82 St & Central Park West,7304,W 100 St & Manhattan Ave,7538,40.78275,-73.97137,40.795,-73.9645,casual
151552,9C698DD32146E901,docked_bike,2021-04-12 11:27:49,2021-04-12 11:33:01,Riverside Dr & W 104 St,7623,W 100 St & Manhattan Ave,7538,40.801343,-73.971145,40.795,-73.9645,member
151554,359CBBB446E693E7,docked_bike,2021-04-02 11:42:38,2021-04-02 11:54:16,Riverside Dr & W 82 St,7388,W 100 St & Manhattan Ave,7538,40.787208,-73.981281,40.795,-73.9645,member
151558,EB9F4D08767BDF56,docked_bike,2021-04-19 16:23:03,2021-04-19 16:32:18,Columbus Ave & W 72 St,7175,W 100 St & Manhattan Ave,7538,40.777057,-73.978984,40.795,-73.9645,casual
151560,6509F6D111AB476C,docked_bike,2021-04-14 20:10:02,2021-04-14 20:44:24,Adam Clayton Powell Blvd & W 151 St,8009,W 100 St & Manhattan Ave,7538,40.825289,-73.936232,40.795,-73.9645,casual
151574,36CE5C4A50BF13C1,docked_bike,2021-04-28 10:23:42,2021-04-28 10:37:42,Riverside Dr & W 82 St,7388,W 100 St & Manhattan Ave,7538,40.787208,-73.981281,40.795,-73.9645,member
151576,F4CA8AC7C0E646BD,docked_bike,2021-04-04 23:07:44,2021-04-04 23:15:42,Columbus Ave & W 72 St,7175,W 100 St & Manhattan Ave,7538,40.777057,-73.978984,40.795,-73.9645,member
151581,A110B299372C69B7,docked_bike,2021-04-10 18:32:47,2021-04-10 18:41:51,Columbus Ave & W 72 St,7175,W 100 St & Manhattan Ave,7538,40.777057,-73.978984,40.795,-73.9645,member
151594,691C4DD031EC7C4E,docked_bike,2021-04-14 07:11:57,2021-04-14 07:24:10,Riverside Dr & W 82 St,7388,W 100 St & Manhattan Ave,7538,40.787208,-73.981281,40.795,-73.9645,member
151603,6226876BE5BCC4D5,docked_bike,2021-04-24 15:34:26,2021-04-24 15:44:23,E 102 St & Park Ave,7488,W 100 St & Manhattan Ave,7538,40.790482,-73.95033,40.795,-73.9645,member
151604,F784E147FB1CE010,docked_bike,2021-04-23 16:35:11,2021-04-23 16:51:32,Park Ave & E 124 St,7682,W 100 St & Manhattan Ave,7538,40.804555,-73.939686,40.795,-73.9645,member
151605,99437F8FB369EF7F,docked_bike,2021-04-23 16:16:35,2021-04-23 16:24:18,E 102 St & Park Ave,7488,W 100 St & Manhattan Ave,7538,40.790482,-73.95033,40.795,-73.9645,casual
151612,ACADBB54DABD5818,docked_bike,2021-04-02 15:01:52,2021-04-02 15:18:01,Park Ave & E 124 St,7682,W 100 St & Manhattan Ave,7538,40.804555,-73.939686,40.795,-73.9645,member
151617,08BDA18BEC426D43,docked_bike,2021-04-23 12:47:37,2021-04-23 12:54:38,E 97 St & Madison Ave,7393,W 100 St & Manhattan Ave,7538,40.787801,-73.953559,40.795,-73.9645,member
151621,ED7337D03EA683C3,docked_bike,2021-04-22 13:14:11,2021-04-22 13:43:16,E 97 St & Madison Ave,7393,W 100 St & Manhattan Ave,7538,40.787801,-73.953559,40.795,-73.9645,member
151626,867CFEEDCEB3C982,docked_bike,2021-04-27 20:12:52,2021-04-27 20:31:17,E 51 St & 2 Ave,6575,W 100 St & Manhattan Ave,7538,40.755293,-73.967641,40.795,-73.9645,casual
151629,575EEECC66B14D54,docked_bike,2021-04-08 15:58:02,2021-04-08 16:19:14,W 37 St & 10 Ave,6611,W 100 St & Manhattan Ave,7538,40.756603,-73.9979,40.795,-73.9645,member
151632,B06220F121A12909,docked_bike,2021-04-28 17:14:00,2021-04-28 17:27:06,E 97 St & Madison Ave,7393,W 100 St & Manhattan Ave,7538,40.787801,-73.953559,40.795,-73.9645,member
151633,4838ECC6441E01FB,docked_bike,2021-04-22 16:54:09,2021-04-22 17:07:41,E 97 St & Madison Ave,7393,W 100 St & Manhattan Ave,7538,40.787801,-73.953559,40.795,-73.9645,member
151634,046A33F8D16D5F94,docked_bike,2021-04-19 17:05:47,2021-04-19 17:18:12,E 97 St & Madison Ave,7393,W 100 St & Manhattan Ave,7538,40.787801,-73.953559,40.795,-73.9645,member
151635,5AFD504E8BDD5BA5,docked_bike,2021-04-29 10:29:32,2021-04-29 10:37:39,E 97 St & Madison Ave,7393,W 100 St & Manhattan Ave,7538,40.787801,-73.953559,40.795,-73.9645,member
151639,2E89245ED17A3531,docked_bike,2021-04-04 18:06:12,2021-04-04 18:27:59,W 37 St & 10 Ave,6611,W 100 St & Manhattan Ave,7538,40.756603,-73.9979,40.795,-73.9645,casual
151647,4533AE0E6A2EC1EA,docked_bike,2021-04-21 16:46:46,2021-04-21 17:37:26,Murray St & West St,5329,W 100 St & Manhattan Ave,7538,40.714978,-74.013012,40.795,-73.9645,member
151650,33492253CE1277BE,docked_bike,2021-04-06 20:57:49,2021-04-06 21:11:00,Columbus Ave & W 103 St,7595,W 100 St & Manhattan Ave,7538,40.796934,-73.964341,40.795,-73.9645,casual
151651,B935392CE37ACD78,docked_bike,2021-04-30 15:47:09,2021-04-30 15:48:11,Columbus Ave & W 103 St,7595,W 100 St & Manhattan Ave,7538,40.796934,-73.964341,40.795,-73.9645,member
151654,60BA9E4119FA30B6,docked_bike,2021-04-13 20:05:20,2021-04-13 20:35:10,E 75 St & 3 Ave,6991,W 100 St & Manhattan Ave,7538,40.771129,-73.957722,40.795,-73.9645,casual
151658,6E8B204F4BB7E404,docked_bike,2021-04-07 17:56:11,2021-04-07 18:13:52,E 97 St & Madison Ave,7393,W 100 St & Manhattan Ave,7538,40.787801,-73.953559,40.795,-73.9645,member
151659,942227DB99AE942F,docked_bike,2021-04-13 13:17:13,2021-04-13 13:33:22,E 97 St & Madison Ave,7393,W 100 St & Manhattan Ave,7538,40.787801,-73.953559,40.795,-73.9645,member
151662,8B0EB59FCAF6384F,docked_bike,2021-04-17 17:59:42,2021-04-17 18:13:27,3 Ave & E 112 St,7543,W 100 St & Manhattan Ave,7538,40.795508,-73.941606,40.795,-73.9645,casual
151668,F1930AF53323A7D3,docked_bike,2021-04-01 16:53:29,2021-04-01 17:06:16,E 97 St & Madison Ave,7393,W 100 St & Manhattan Ave,7538,40.787801,-73.953559,40.795,-73.9645,member
151670,4085A2BFDE67CE39,docked_bike,2021-04-26 16:48:15,2021-04-26 17:09:47,E 43 St & 2 Ave,6422,W 100 St & Manhattan Ave,7538,40.750223,-73.971214,40.795,-73.9645,member
151672,882A8CCDE47374D1,docked_bike,2021-04-19 15:03:45,2021-04-19 15:28:01,E 97 St & Madison Ave,7393,W 100 St & Manhattan Ave,7538,40.787801,-73.953559,40.795,-73.9645,casual
151677,9F4FEDCB8851DEA0,docked_bike,2021-04-25 18:40:34,2021-04-25 18:45:19,E 97 St & Madison Ave,7393,W 100 St & Manhattan Ave,7538,40.787801,-73.953559,40.795,-73.9645,casual
151678,EE890B12A966469E,docked_bike,2021-04-07 13:45:13,2021-04-07 14:18:08,W 37 St & 10 Ave,6611,W 100 St & Manhattan Ave,7538,40.756603,-73.9979,40.795,-73.9645,member
151680,DB9D0A1F88A49E2B,docked_bike,2021-04-21 17:10:53,2021-04-21 17:22:45,E 97 St & Madison Ave,7393,W 100 St & Manhattan Ave,7538,40.787801,-73.953559,40.795,-73.9645,member
151686,D7B7A088F151D6F4,docked_bike,2021-04-27 12:04:48,2021-04-27 12:12:55,E 97 St & Madison Ave,7393,W 100 St & Manhattan Ave,7538,40.787801,-73.953559,40.795,-73.9645,member
151688,D4E142DFA537D72F,docked_bike,2021-04-12 11:47:08,2021-04-12 11:54:50,E 97 St & Madison Ave,7393,W 100 St & Manhattan Ave,7538,40.787801,-73.953559,40.795,-73.9645,member
151691,B66B24AC75B4BE1F,docked_bike,2021-04-15 18:40:45,2021-04-15 19:03:06,E 43 St & 2 Ave,6422,W 100 St & Manhattan Ave,7538,40.750223,-73.971214,40.795,-73.9645,member
151692,E11702C777DDFBE9,docked_bike,2021-04-17 17:28:04,2021-04-17 17:31:17,Central Park W & W 97 St,7538,W 100 St & Manhattan Ave,7538,40.792495,-73.96417,40.795,-73.9645,member
151693,78A9871B217E1926,docked_bike,2021-04-28 17:20:13,2021-04-28 17:47:56,Central Park W & W 97 St,7538,W 84 St & Broadway,7409,40.792495,-73.96417,40.7867947,-73.977112,member
151694,D20F8759EF24048C,docked_bike,2021-04-05 18:11:53,2021-04-05 18:18:48,Central Park W & W 97 St,7538,W 84 St & Broadway,7409,40.792495,-73.96417,40.7867947,-73.977112,member
151697,4D7271253E370E85,docked_bike,2021-04-13 18:03:29,2021-04-13 18:11:52,Central Park W & W 97 St,7538,Lenox Ave & W 115 St,7627,40.792495,-73.96417,40.8011939,-73.9500739,member
151701,1AB2E4BF897CCA7C,docked_bike,2021-04-19 10:25:00,2021-04-19 10:25:27,Central Park W & W 97 St,7538,W 100 St & Manhattan Ave,7538,40.792495,-73.96417,40.795,-73.9645,member
151702,4EE0D1C8D67AC6D7,docked_bike,2021-04-26 07:56:02,2021-04-26 07:57:42,Central Park W & W 97 St,7538,W 100 St & Manhattan Ave,7538,40.792495,-73.96417,40.795,-73.9645,member
151703,7715606B76B7F694,docked_bike,2021-04-04 14:50:25,2021-04-04 15:25:49,8 Ave & W 38 St,6526,W 100 St & Manhattan Ave,7538,40.75461,-73.99177,40.795,-73.9645,casual
151704,01F7A2D632FBF76A,docked_bike,2021-04-27 08:40:54,2021-04-27 08:48:16,Central Park W & W 97 St,7538,Lenox Ave & W 115 St,7627,40.792495,-73.96417,40.8011939,-73.9500739,member
151718,C178CC4EEFDAAD03,docked_bike,2021-04-29 17:02:40,2021-04-29 17:15:06,E 97 St & Madison Ave,7393,W 100 St & Manhattan Ave,7538,40.787801,-73.953559,40.795,-73.9645,member
151736,458D802728B35B3A,docked_bike,2021-04-23 17:40:16,2021-04-23 18:00:11,Broadway & W 51 St,6779,W 100 St & Manhattan Ave,7538,40.762288,-73.983361,40.795,-73.9645,member
151738,C64C61D3D8E6FEEA,docked_bike,2021-04-14 18:08:51,2021-04-14 18:26:09,Broadway & W 51 St,6779,W 100 St & Manhattan Ave,7538,40.762288,-73.983361,40.795,-73.9645,member
151761,7642700910078662,docked_bike,2021-04-13 20:50:50,2021-04-13 21:33:39,Broadway & W 51 St,6779,W 100 St & Manhattan Ave,7538,40.762288,-73.983362,40.795,-73.9645,casual
151785,7B73CEA191BCE91C,docked_bike,2021-04-13 20:50:49,2021-04-13 21:33:40,Broadway & W 51 St,6779,W 100 St & Manhattan Ave,7538,40.762288,-73.983362,40.795,-73.9645,casual
151796,62E48DF34FE7B2FC,docked_bike,2021-04-07 19:24:16,2021-04-07 19:42:47,East End Ave & E 86 St,7113,W 100 St & Manhattan Ave,7538,40.775186,-73.94446,40.795,-73.9645,casual
151800,10838306951B5CE4,docked_bike,2021-04-07 17:24:34,2021-04-07 17:44:49,Broadway & W 51 St,6779,W 100 St & Manhattan Ave,7538,40.762288,-73.983361,40.795,-73.9645,member
151806,CC9041689B1A6A28,docked_bike,2021-04-30 21:28:53,2021-04-30 22:19:03,Broadway & W 51 St,6779,W 100 St & Manhattan Ave,7538,40.762288,-73.983361,40.795,-73.9645,member
151816,38D3D91B5CBC823F,docked_bike,2021-04-01 17:03:48,2021-04-01 17:29:39,Broadway & W 51 St,6779,W 100 St & Manhattan Ave,7538,40.762288,-73.983361,40.795,-73.9645,member
151822,97B0F6D01D967CF3,docked_bike,2021-04-14 18:11:32,2021-04-14 18:38:51,W 78 St & Amsterdam Ave,7311,W 100 St & Manhattan Ave,7538,40.782535,-73.979085,40.795,-73.9645,member
151823,07DB42FAAA1CB8A5,docked_bike,2021-04-17 20:53:32,2021-04-17 21:06:01,W 78 St & Amsterdam Ave,7311,W 100 St & Manhattan Ave,7538,40.782535,-73.979085,40.795,-73.9645,member
151826,ABF58AB8E873A934,docked_bike,2021-04-08 20:00:15,2021-04-08 20:10:52,W 78 St & Amsterdam Ave,7311,W 100 St & Manhattan Ave,7538,40.782535,-73.979085,40.795,-73.9645,member
151832,B1357719D0D95992,docked_bike,2021-04-08 17:55:22,2021-04-08 18:16:33,Broadway & W 51 St,6779,W 100 St & Manhattan Ave,7538,40.762288,-73.983361,40.795,-73.9645,member
151833,F59B9FC247C7008E,docked_bike,2021-04-13 18:40:15,2021-04-13 19:01:04,Broadway & W 51 St,6779,W 100 St & Manhattan Ave,7538,40.762288,-73.983361,40.795,-73.9645,member
151844,2233B91FF0F06903,docked_bike,2021-04-07 17:05:47,2021-04-07 17:13:37,5 Ave & E 103 St,7511,W 100 St & Manhattan Ave,7538,40.792255,-73.952499,40.795,-73.9645,member
151847,CB0A6C2DAC836BB2,docked_bike,2021-04-15 20:18:07,2021-04-15 20:23:26,5 Ave & E 103 St,7511,W 100 St & Manhattan Ave,7538,40.792255,-73.952499,40.795,-73.9645,member
151849,2E630DB95B3CC44D,docked_bike,2021-04-23 07:48:50,2021-04-23 07:54:25,5 Ave & E 103 St,7511,W 100 St & Manhattan Ave,7538,40.792255,-73.952499,40.795,-73.9645,member
151854,B768B53FA81957CC,docked_bike,2021-04-26 17:01:53,2021-04-26 17:10:09,5 Ave & E 103 St,7511,W 100 St & Manhattan Ave,7538,40.792255,-73.952499,40.795,-73.9645,member
151873,1A052B0A2CA99CD6,docked_bike,2021-04-17 15:00:00,2021-04-17 15:07:41,W 87 St & West End Ave,7484,W 100 St & Manhattan Ave,7538,40.789622,-73.97757,40.795,-73.9645,member
151875,DFEE233E5631A4C7,docked_bike,2021-04-05 16:53:33,2021-04-05 16:58:09,5 Ave & E 103 St,7511,W 100 St & Manhattan Ave,7538,40.792255,-73.952499,40.795,-73.9645,member
151880,AD7B9447EA68ADBC,docked_bike,2021-04-06 09:11:27,2021-04-06 09:18:40,5 Ave & E 103 St,7511,W 100 St & Manhattan Ave,7538,40.792255,-73.952499,40.795,-73.9645,member
151888,374EA4F41F32553C,docked_bike,2021-04-18 18:40:21,2021-04-18 18:47:33,5 Ave & E 103 St,7511,W 100 St & Manhattan Ave,7538,40.792255,-73.952499,40.795,-73.9645,member
151891,888BF2BD500A21B8,docked_bike,2021-04-01 15:04:34,2021-04-01 15:08:37,5 Ave & E 103 St,7511,W 100 St & Manhattan Ave,7538,40.792255,-73.952499,40.795,-73.9645,casual
151894,061016528B3C0397,docked_bike,2021-04-19 02:22:44,2021-04-19 02:27:28,5 Ave & E 103 St,7511,W 100 St & Manhattan Ave,7538,40.792255,-73.952499,40.795,-73.9645,member
151897,8C135CD72A82E7B4,docked_bike,2021-04-06 17:32:11,2021-04-06 17:40:39,W 87 St & West End Ave,7484,W 100 St & Manhattan Ave,7538,40.789622,-73.97757,40.795,-73.9645,member
151909,FE734ADF08A33A84,docked_bike,2021-04-17 16:38:58,2021-04-17 16:52:00,5 Ave & E 103 St,7511,W 100 St & Manhattan Ave,7538,40.792255,-73.952499,40.795,-73.9645,member
151917,33D681041367BBFE,docked_bike,2021-04-20 18:00:48,2021-04-20 18:07:03,5 Ave & E 103 St,7511,W 100 St & Manhattan Ave,7538,40.792255,-73.952499,40.795,-73.9645,member
151918,1C7CF6C019C31FC2,docked_bike,2021-04-22 17:01:05,2021-04-22 17:05:36,5 Ave & E 103 St,7511,W 100 St & Manhattan Ave,7538,40.792255,-73.952499,40.795,-73.9645,member
151919,AB658E993B2C783E,docked_bike,2021-04-09 18:45:03,2021-04-09 18:50:35,5 Ave & E 103 St,7511,W 100 St & Manhattan Ave,7538,40.792255,-73.952499,40.795,-73.9645,member
151920,784AB5F3BB871155,docked_bike,2021-04-29 20:44:25,2021-04-29 20:51:00,5 Ave & E 103 St,7511,W 100 St & Manhattan Ave,7538,40.792255,-73.952499,40.795,-73.9645,member
151921,185699DFA2B86648,docked_bike,2021-04-08 00:01:53,2021-04-08 00:05:22,5 Ave & E 103 St,7511,W 100 St & Manhattan Ave,7538,40.792255,-73.952499,40.795,-73.9645,member
151926,C821E254BE38DCA3,docked_bike,2021-04-02 20:20:00,2021-04-02 20:24:51,5 Ave & E 103 St,7511,W 100 St & Manhattan Ave,7538,40.792255,-73.952499,40.795,-73.9645,member
151928,061CFAB32AD30CAB,docked_bike,2021-04-13 17:01:55,2021-04-13 17:11:01,5 Ave & E 103 St,7511,W 100 St & Manhattan Ave,7538,40.792255,-73.952499,40.795,-73.9645,casual
151935,8F56F94ADDED0235,docked_bike,2021-04-12 16:05:00,2021-04-12 16:18:17,W 113 St & Broadway,7713,W 100 St & Manhattan Ave,7538,40.805973,-73.964928,40.795,-73.9645,member
151940,551905A9AD882082,docked_bike,2021-04-28 14:53:32,2021-04-28 14:53:56,5 Ave & E 63 St,6904,W 100 St & Manhattan Ave,7538,40.766368,-73.971518,40.795,-73.9645,member
151941,BD01E487A722CF52,docked_bike,2021-04-21 16:56:16,2021-04-21 17:16:40,5 Ave & E 63 St,6904,W 100 St & Manhattan Ave,7538,40.766368,-73.971518,40.795,-73.9645,member
151942,D0CE8DC8725E4646,docked_bike,2021-04-07 19:21:27,2021-04-07 19:42:08,5 Ave & E 63 St,6904,W 100 St & Manhattan Ave,7538,40.766368,-73.971518,40.795,-73.9645,casual
151946,26CDD4A8847D5659,docked_bike,2021-04-23 14:43:42,2021-04-23 15:10:52,Broadway & W 37 St,6441,W 100 St & Manhattan Ave,7538,40.751726,-73.987535,40.795,-73.9645,member
151948,5794EACAD65ED0B1,docked_bike,2021-04-16 08:28:17,2021-04-16 08:35:09,E 97 St & Madison Ave,7393,W 100 St & Manhattan Ave,7538,40.787801,-73.953559,40.795,-73.9645,member
151950,7F24B4A8F2A468A0,docked_bike,2021-04-17 15:00:41,2021-04-17 15:08:16,E 97 St & Madison Ave,7393,W 100 St & Manhattan Ave,7538,40.787801,-73.953559,40.795,-73.9645,member
151972,34308474BEF0B772,docked_bike,2021-04-24 07:12:58,2021-04-24 07:16:59,Central Park West & W 85 St,7354,W 100 St & Manhattan Ave,7538,40.78476,-73.969862,40.795,-73.9645,member
151992,9FB521349E8889A6,docked_bike,2021-04-09 15:44:37,2021-04-09 15:50:27,Central Park West & W 85 St,7354,W 100 St & Manhattan Ave,7538,40.78476,-73.969862,40.795,-73.9645,member
151997,D98E0D7C052B2A93,docked_bike,2021-04-20 09:48:00,2021-04-20 09:54:16,Central Park West & W 85 St,7354,W 100 St & Manhattan Ave,7538,40.78476,-73.969862,40.795,-73.9645,member
151998,F62C3677034506FC,docked_bike,2021-04-29 16:56:35,2021-04-29 17:09:20,West End Ave & W 78 St,7340,W 100 St & Manhattan Ave,7538,40.783786,-73.981687,40.795,-73.9645,casual
152002,672F5C753EA0B367,docked_bike,2021-04-07 20:22:09,2021-04-07 20:28:20,Central Park West & W 85 St,7354,W 100 St & Manhattan Ave,7538,40.78476,-73.969862,40.795,-73.9645,member
152006,655DB94A86B00D15,docked_bike,2021-04-27 17:28:07,2021-04-27 18:01:56,Central Park West & W 85 St,7354,W 100 St & Manhattan Ave,7538,40.78476,-73.969862,40.795,-73.9645,casual
152011,EBE8CFD254F620E9,docked_bike,2021-04-03 17:30:56,2021-04-03 17:36:35,Central Park West & W 85 St,7354,W 100 St & Manhattan Ave,7538,40.78476,-73.969862,40.795,-73.9645,member
152040,294E429F509DD5D1,docked_bike,2021-04-07 21:48:41,2021-04-07 21:58:19,Amsterdam Ave & W 82 St,7360,W 100 St & Manhattan Ave,7538,40.785246,-73.976673,40.795,-73.9645,member
152041,2680DD0CF8A17C01,docked_bike,2021-04-28 14:33:53,2021-04-28 15:16:35,E 31 St & 3 Ave,6239,W 100 St & Manhattan Ave,7538,40.743943,-73.97966,40.795,-73.9645,member
152044,318FB877889F44E7,docked_bike,2021-04-10 22:54:32,2021-04-10 23:04:31,Amsterdam Ave & W 82 St,7360,W 100 St & Manhattan Ave,7538,40.785246,-73.976673,40.795,-73.9645,member
152045,05D482BBEE61E7C6,docked_bike,2021-04-02 20:00:58,2021-04-02 20:23:34,E 67 St & Park Ave,6932,W 100 St & Manhattan Ave,7538,40.7678,-73.96592,40.795,-73.9645,member
152046,8460E3C685FFFB53,docked_bike,2021-04-18 18:56:23,2021-04-18 19:09:21,Adam Clayton Powell Blvd & W 126 St,7738,W 100 St & Manhattan Ave,7538,40.809495,-73.947764,40.795,-73.9645,casual
152050,7F1599622AEBA234,docked_bike,2021-04-20 22:12:10,2021-04-20 22:22:45,Morningside Dr & Amsterdam Ave,7741,W 100 St & Manhattan Ave,7538,40.810285,-73.957364,40.795,-73.9645,member
152053,E3E1B312E94AE184,docked_bike,2021-04-25 12:23:37,2021-04-25 12:29:35,Amsterdam Ave & W 82 St,7360,W 100 St & Manhattan Ave,7538,40.785246,-73.976673,40.795,-73.9645,member
152060,5E7D4E64C570CE44,docked_bike,2021-04-30 14:30:39,2021-04-30 15:13:02,E 31 St & 3 Ave,6239,W 100 St & Manhattan Ave,7538,40.743943,-73.97966,40.795,-73.9645,member
152067,B38C44B1688AD464,docked_bike,2021-04-24 21:55:02,2021-04-24 22:07:40,Amsterdam Ave & W 82 St,7360,W 100 St & Manhattan Ave,7538,40.785246,-73.976673,40.795,-73.9645,member
152083,0118BBCDC2B875D4,docked_bike,2021-04-17 15:03:16,2021-04-17 15:10:36,Amsterdam Ave & W 82 St,7360,W 100 St & Manhattan Ave,7538,40.785246,-73.976673,40.795,-73.9645,member
152087,57F24215FE004928,docked_bike,2021-04-04 21:30:38,2021-04-04 21:37:04,Amsterdam Ave & W 82 St,7360,W 100 St & Manhattan Ave,7538,40.785246,-73.976673,40.795,-73.9645,member
152091,4C44B654B5F47975,docked_bike,2021-04-27 18:18:15,2021-04-27 18:30:36,Columbus Ave & W 72 St,7175,W 100 St & Manhattan Ave,7538,40.777057,-73.978984,40.795,-73.9645,member
152093,28A58E4FE0CA5777,docked_bike,2021-04-19 16:11:35,2021-04-19 16:54:36,Riverside Dr & W 82 St,7388,W 100 St & Manhattan Ave,7538,40.787208,-73.981281,40.795,-73.9645,member
152094,DFB0F0D9EDB7297F,docked_bike,2021-04-10 09:46:06,2021-04-10 09:53:28,Riverside Dr & W 82 St,7388,W 100 St & Manhattan Ave,7538,40.787208,-73.981281,40.795,-73.9645,member
152103,3050FBA2CE70D8AA,docked_bike,2021-04-12 11:08:58,2021-04-12 11:15:00,Riverside Dr & W 104 St,7623,W 100 St & Manhattan Ave,7538,40.801343,-73.971146,40.795,-73.9645,member
152106,D3BE4E905ADF73BC,docked_bike,2021-04-20 21:13:10,2021-04-20 21:23:39,Columbus Ave & W 72 St,7175,W 100 St & Manhattan Ave,7538,40.777057,-73.978984,40.795,-73.9645,casual
152108,15C0A4DD4D59EE93,docked_bike,2021-04-14 09:03:41,2021-04-14 09:07:13,W 107 St & Columbus Ave,7619,W 100 St & Manhattan Ave,7538,40.799756,-73.962112,40.795,-73.9645,member
152112,4A58BF7B998571DA,docked_bike,2021-04-24 15:06:37,2021-04-24 15:54:54,W 107 St & Columbus Ave,7619,W 100 St & Manhattan Ave,7538,40.799756,-73.962112,40.795,-73.9645,casual
152116,319A4284FC32F8F8,docked_bike,2021-04-30 21:34:03,2021-04-30 21:40:10,Central Park West & W 76 St,7253,W 100 St & Manhattan Ave,7538,40.778967,-73.973747,40.795,-73.9645,member
152125,3BCD30594872CE72,docked_bike,2021-04-02 10:32:18,2021-04-02 10:34:23,W 107 St & Columbus Ave,7619,W 100 St & Manhattan Ave,7538,40.799756,-73.962112,40.795,-73.9645,member
152126,BE179A6F046C8108,docked_bike,2021-04-23 17:25:16,2021-04-23 17:36:45,W 107 St & Columbus Ave,7619,W 100 St & Manhattan Ave,7538,40.799756,-73.962112,40.795,-73.9645,member
152140,E3FDC20154A1BBE2,docked_bike,2021-04-01 16:07:13,2021-04-01 16:15:10,5 Ave & E 93 St,7372,W 100 St & Manhattan Ave,7538,40.785785,-73.957481,40.795,-73.9645,member
152141,1CAAA5314C6AC597,docked_bike,2021-04-13 16:00:04,2021-04-13 16:32:54,5 Ave & E 93 St,7372,W 100 St & Manhattan Ave,7538,40.785785,-73.957481,40.795,-73.9645,member
152304,51CA2B5981C641D8,docked_bike,2021-04-22 12:51:43,2021-04-22 12:59:53,Amsterdam Ave & W 82 St,7360,W 100 St & Manhattan Ave,7538,40.785246,-73.976673,40.795,-73.9645,member
152305,A8141B05E9CE51EB,docked_bike,2021-04-29 18:13:59,2021-04-29 18:20:52,Amsterdam Ave & W 82 St,7360,W 100 St & Manhattan Ave,7538,40.785246,-73.976673,40.795,-73.9645,member
152307,8EACBC7FCB4F80FC,docked_bike,2021-04-09 18:52:27,2021-04-09 19:07:12,Frederick Douglass Blvd & W 129 St,7795,W 100 St & Manhattan Ave,7538,40.812551,-73.949228,40.795,-73.9645,casual
152310,6A3E44220EF694E2,docked_bike,2021-04-10 16:58:08,2021-04-10 17:21:18,Amsterdam Ave & W 82 St,7360,W 100 St & Manhattan Ave,7538,40.785247,-73.976673,40.795,-73.9645,member
152311,B120DFC6286342CF,docked_bike,2021-04-28 17:40:52,2021-04-28 17:48:10,Amsterdam Ave & W 82 St,7360,W 100 St & Manhattan Ave,7538,40.785246,-73.976673,40.795,-73.9645,member
152383,8546B689C8A6C662,docked_bike,2021-04-27 15:35:25,2021-04-27 15:59:29,Central Park West & W 85 St,7354,W 100 St & Manhattan Ave,7538,40.78476,-73.969862,40.795,-73.9645,casual
152386,89BA9A6D966927BB,docked_bike,2021-04-14 09:34:43,2021-04-14 09:47:08,West End Ave & W 78 St,7340,W 100 St & Manhattan Ave,7538,40.783786,-73.981687,40.795,-73.9645,member
152387,4E5F7A4A1526EC86,docked_bike,2021-04-05 16:21:06,2021-04-05 16:27:54,Central Park West & W 85 St,7354,W 100 St & Manhattan Ave,7538,40.78476,-73.969862,40.795,-73.9645,member
152388,F93103900692B837,docked_bike,2021-04-19 16:19:41,2021-04-19 16:25:01,Central Park West & W 85 St,7354,W 100 St & Manhattan Ave,7538,40.78476,-73.969862,40.795,-73.9645,member
152390,8389E200FF9EE928,docked_bike,2021-04-13 18:16:54,2021-04-13 18:23:47,Central Park West & W 85 St,7354,W 100 St & Manhattan Ave,7538,40.78476,-73.969862,40.795,-73.9645,casual
152394,6C35874EB1F48338,docked_bike,2021-04-17 08:55:35,2021-04-17 09:00:31,Central Park West & W 85 St,7354,W 100 St & Manhattan Ave,7538,40.78476,-73.969862,40.795,-73.9645,member
152617,3496607FB18FA2A7,docked_bike,2021-04-29 08:12:19,2021-04-29 08:29:47,W 87 St & West End Ave,7484,W 100 St & Manhattan Ave,7538,40.789622,-73.97757,40.795,-73.9645,member
152620,A319BB2CE0C8FB4B,docked_bike,2021-04-20 09:00:20,2021-04-20 09:17:44,5 Ave & E 103 St,7511,W 100 St & Manhattan Ave,7538,40.792255,-73.952499,40.795,-73.9645,casual
152621,50C07C3BB0C0295A,docked_bike,2021-04-10 07:58:03,2021-04-10 08:02:16,5 Ave & E 103 St,7511,W 100 St & Manhattan Ave,7538,40.792255,-73.952499,40.795,-73.9645,member
152705,FA250D1F66F9C797,docked_bike,2021-04-29 17:23:09,2021-04-29 17:36:34,W 100 St & Manhattan Ave,7538,E 68 St & 3 Ave,6896,40.795,-73.9645,40.76712840349542,-73.96224617958069,member
152707,EE0804BDA268E976,docked_bike,2021-04-26 07:39:33,2021-04-26 07:54:22,W 100 St & Manhattan Ave,7538,W 50 St & 9 Ave,6854,40.795,-73.9645,40.76360467795863,-73.98917958140373,member
152708,67897A8AEC06938E,docked_bike,2021-04-02 07:14:13,2021-04-02 07:30:15,W 100 St & Manhattan Ave,7538,W 50 St & 9 Ave,6854,40.795,-73.9645,40.76360467795863,-73.98917958140373,member
152709,0E4AD44ACE9C771F,docked_bike,2021-04-05 07:32:54,2021-04-05 07:49:58,W 100 St & Manhattan Ave,7538,W 50 St & 9 Ave,6854,40.795,-73.9645,40.76360467795863,-73.98917958140373,member
152710,068AD311951A1304,docked_bike,2021-04-19 07:42:00,2021-04-19 07:57:14,W 100 St & Manhattan Ave,7538,W 50 St & 9 Ave,6854,40.795,-73.9645,40.76360467795863,-73.98917958140373,member
152711,91C4B1AB8784C5F7,docked_bike,2021-04-21 07:46:51,2021-04-21 08:03:09,W 100 St & Manhattan Ave,7538,W 50 St & 9 Ave,6854,40.795,-73.9645,40.76360467795863,-73.98917958140373,member
152712,2C1AA802CC41036E,docked_bike,2021-04-22 07:38:49,2021-04-22 07:57:08,W 100 St & Manhattan Ave,7538,W 50 St & 9 Ave,6854,40.795,-73.9645,40.76360467795863,-73.98917958140373,member
152713,D1780DBE57637B4B,docked_bike,2021-04-15 07:36:57,2021-04-15 07:53:07,W 100 St & Manhattan Ave,7538,W 50 St & 9 Ave,6854,40.795,-73.9645,40.76360467795863,-73.98917958140373,member
152714,3D3197BA93AD2890,docked_bike,2021-04-27 07:36:49,2021-04-27 07:53:32,W 100 St & Manhattan Ave,7538,W 50 St & 9 Ave,6854,40.795,-73.9645,40.76360467795863,-73.98917958140373,member
152715,3A27D7CA612B9B85,docked_bike,2021-04-20 07:34:30,2021-04-20 07:50:06,W 100 St & Manhattan Ave,7538,W 50 St & 9 Ave,6854,40.795,-73.9645,40.76360467795863,-73.98917958140373,member
152716,1944B4B09D263B13,docked_bike,2021-04-14 07:37:24,2021-04-14 07:53:43,W 100 St & Manhattan Ave,7538,W 50 St & 9 Ave,6854,40.795,-73.9645,40.76360467795863,-73.98917958140373,member
152733,926C94AC6D71D98A,docked_bike,2021-04-12 07:37:55,2021-04-12 07:55:25,W 100 St & Manhattan Ave,7538,W 50 St & 9 Ave,6854,40.795,-73.9645,40.76360467795863,-73.98917958140373,member
152735,2B0B026FD8C501D2,docked_bike,2021-04-24 17:32:54,2021-04-24 18:13:12,W 100 St & Manhattan Ave,7538,2 Ave & E 122 St,7622,40.795,-73.9645,40.8006721,-73.9349,casual
153416,044336A6149D4293,docked_bike,2021-04-14 13:21:33,2021-04-14 13:44:10,W 100 St & Manhattan Ave,7538,W 50 St & 9 Ave,6854,40.795,-73.9645,40.76360467795863,-73.98917958140373,member
153453,E38CF7CC69101114,docked_bike,2021-04-27 18:50:32,2021-04-27 19:11:26,W 100 St & Manhattan Ave,7538,W 50 St & 9 Ave,6854,40.795,-73.9645,40.76360467795863,-73.98917958140373,member
153974,489CE4758234328E,docked_bike,2021-04-09 13:34:26,2021-04-09 13:37:18,W 100 St & Manhattan Ave,7538,W 107 St & Columbus Ave,7619,40.795,-73.9645,40.7997568,-73.9621128676,member
154195,DDDACC58CCFE6643,docked_bike,2021-04-30 08:50:10,2021-04-30 08:57:14,Central Park W & W 97 St,7538,Central Park West & W 76 St,7253,40.792495,-73.96417,40.77896784,-73.97374737,member
155572,F249DE88B5FF93C3,docked_bike,2021-04-26 15:10:33,2021-04-26 15:55:53,W 100 St & Manhattan Ave,7538,Riverside Dr & W 91 St,7524,40.795,-73.9645,40.79313480986663,-73.97700369358063,member
155585,F236EA54EF0A30F2,docked_bike,2021-04-13 19:22:31,2021-04-13 19:27:25,W 100 St & Manhattan Ave,7538,Riverside Dr & W 91 St,7524,40.795,-73.9645,40.79313480986663,-73.97700369358063,member
155587,4111CDE7A537C7A4,docked_bike,2021-04-16 12:01:16,2021-04-16 12:08:43,W 100 St & Manhattan Ave,7538,Riverside Dr & W 91 St,7524,40.795,-73.9645,40.79313480986663,-73.97700369358063,member
156011,394D0BE96A751812,docked_bike,2021-04-07 17:03:44,2021-04-07 17:12:15,Central Park W & W 97 St,7538,Riverside Dr & W 91 St,7524,40.792495,-73.96417,40.79313480986663,-73.97700369358063,member
156016,B51A3F22EAB47915,docked_bike,2021-04-19 11:09:04,2021-04-19 12:05:14,Central Park W & W 97 St,7538,W 41 St & 8 Ave,6602,40.792495,-73.96417,40.75640548,-73.9900262,casual
159372,076F564DDF6BF12A,docked_bike,2021-04-08 11:57:24,2021-04-08 12:09:10,W 100 St & Manhattan Ave,7538,2 Ave & E 96 St,7338,40.795,-73.9645,40.783964,-73.947167,member
159373,06934A21F55A3206,docked_bike,2021-04-16 09:17:58,2021-04-16 09:49:52,W 100 St & Manhattan Ave,7538,E 45 St & 3 Ave,6464,40.795,-73.9645,40.752554,-73.972826,member
160904,C765A764A3B7B146,docked_bike,2021-04-10 17:08:58,2021-04-10 17:47:18,W 100 St & Manhattan Ave,7538,1 Ave & E 39 St,6303,40.795,-73.9645,40.74714,-73.97113,casual
162794,A0603BFD4FFE115E,docked_bike,2021-04-10 17:08:11,2021-04-10 17:48:29,W 100 St & Manhattan Ave,7538,1 Ave & E 39 St,6303,40.795,-73.9645,40.74714,-73.97113,member
162795,039D147F402F7015,docked_bike,2021-04-10 17:08:20,2021-04-10 17:48:25,W 100 St & Manhattan Ave,7538,1 Ave & E 39 St,6303,40.795,-73.9645,40.74714,-73.97113,casual
162814,FA29B05F17F00F7B,docked_bike,2021-04-22 13:44:42,2021-04-22 14:31:56,W 100 St & Manhattan Ave,7538,Avenue D & E 8 St,5575,40.795,-73.9645,40.72387,-73.975767,member
164261,85EA403BCC61B184,docked_bike,2021-04-09 18:50:51,2021-04-09 19:00:19,W 100 St & Manhattan Ave,7538,Amsterdam Ave & W 73 St,7260,40.795,-73.9645,40.77966809007312,-73.98093044757842,member
164264,992EE29E4182CB38,docked_bike,2021-04-28 17:46:55,2021-04-28 17:59:37,W 100 St & Manhattan Ave,7538,W 67 St & Broadway,7116,40.795,-73.9645,40.77492513,-73.98266566,casual
167712,F3A0D1583B5C1EF2,docked_bike,2021-04-13 17:26:56,2021-04-13 17:47:48,W 100 St & Manhattan Ave,7538,W 78 St & Amsterdam Ave,7311,40.795,-73.9645,40.782535857724106,-73.97908508777618,member
167714,3C0968FB524EB57A,docked_bike,2021-04-24 18:53:10,2021-04-24 19:22:03,W 100 St & Manhattan Ave,7538,Spring St & Hudson St,5653,40.795,-73.9645,40.72583996792375,-74.0076532959938,casual
167716,6E1F97CBC5D38BA1,docked_bike,2021-04-24 16:29:36,2021-04-24 16:41:09,W 100 St & Manhattan Ave,7538,W 78 St & Amsterdam Ave,7311,40.795,-73.9645,40.782535857724106,-73.97908508777618,member
167717,44A9B710A611C78D,docked_bike,2021-04-29 16:08:59,2021-04-29 16:22:16,W 100 St & Manhattan Ave,7538,W 78 St & Amsterdam Ave,7311,40.795,-73.9645,40.782535857724106,-73.97908508777618,member
167726,42D6730601CC1445,docked_bike,2021-04-08 15:44:31,2021-04-08 15:57:25,W 100 St & Manhattan Ave,7538,W 78 St & Amsterdam Ave,7311,40.795,-73.9645,40.782535857724106,-73.97908508777618,member
167731,AFC9583447BE972F,docked_bike,2021-04-13 17:27:17,2021-04-13 17:48:13,W 100 St & Manhattan Ave,7538,W 78 St & Amsterdam Ave,7311,40.795,-73.9645,40.782535857724106,-73.97908508777618,member
167738,E7AA694AEA4B5298,docked_bike,2021-04-15 09:29:40,2021-04-15 09:41:20,W 100 St & Manhattan Ave,7538,W 78 St & Amsterdam Ave,7311,40.795,-73.9645,40.782535857724106,-73.97908508777618,member
167760,D24B27E191BBF3C6,docked_bike,2021-04-27 16:04:19,2021-04-27 16:13:43,W 100 St & Manhattan Ave,7538,W 78 St & Amsterdam Ave,7311,40.795,-73.9645,40.782535857724106,-73.97908508777618,member
167764,B8C12EED9BAB475F,docked_bike,2021-04-26 17:04:09,2021-04-26 17:18:51,W 100 St & Manhattan Ave,7538,W 78 St & Amsterdam Ave,7311,40.795,-73.9645,40.782535857724106,-73.97908508777618,member
167793,54DF57F3B31B27D5,docked_bike,2021-04-17 13:08:27,2021-04-17 13:28:00,W 100 St & Manhattan Ave,7538,W 78 St & Amsterdam Ave,7311,40.795,-73.9645,40.782535857724106,-73.97908508777618,casual
167807,435FFAE293592697,docked_bike,2021-04-19 16:04:36,2021-04-19 16:17:34,W 100 St & Manhattan Ave,7538,W 78 St & Amsterdam Ave,7311,40.795,-73.9645,40.782535857724106,-73.97908508777618,member
167838,47323585A509D9DC,docked_bike,2021-04-04 16:19:38,2021-04-04 16:37:41,W 100 St & Manhattan Ave,7538,Riverside Dr & W 138 St,7942,40.795,-73.9645,40.823168,-73.955857,member
167908,3423BFC592C27C3F,docked_bike,2021-04-05 17:53:54,2021-04-05 18:11:45,W 100 St & Manhattan Ave,7538,Riverside Dr & W 138 St,7942,40.795,-73.9645,40.823168,-73.955857,casual
167914,24B5C7B58A5591FF,docked_bike,2021-04-20 14:07:26,2021-04-20 14:26:05,W 100 St & Manhattan Ave,7538,W 78 St & Amsterdam Ave,7311,40.795,-73.9645,40.782535857724106,-73.97908508777618,casual
167951,E31FC43EE3157A1F,docked_bike,2021-04-17 19:11:47,2021-04-17 19:22:21,W 100 St & Manhattan Ave,7538,W 78 St & Amsterdam Ave,7311,40.795,-73.9645,40.782535857724106,-73.97908508777618,member
167952,0FD6E668AE1CF62A,docked_bike,2021-04-18 18:32:51,2021-04-18 18:56:00,W 100 St & Manhattan Ave,7538,Riverside Dr & W 138 St,7942,40.795,-73.9645,40.823168,-73.955857,member
167955,A2371F64C791D4E4,docked_bike,2021-04-20 11:34:24,2021-04-20 11:55:23,W 100 St & Manhattan Ave,7538,Riverside Dr & W 138 St,7942,40.795,-73.9645,40.823168,-73.955857,casual
167957,E43AFDD6093C1324,docked_bike,2021-04-04 11:39:14,2021-04-04 11:52:06,W 100 St & Manhattan Ave,7538,W 78 St & Amsterdam Ave,7311,40.795,-73.9645,40.782535857724106,-73.97908508777618,member
167976,AA993622F1542553,docked_bike,2021-04-24 13:16:55,2021-04-24 13:47:12,W 100 St & Manhattan Ave,7538,W 44 St & 11 Ave,6756,40.795,-73.9645,40.762009,-73.996975,casual
168653,F666862CEB09F8C7,docked_bike,2021-04-06 06:19:32,2021-04-06 06:26:32,W 100 St & Manhattan Ave,7538,W 78 St & Amsterdam Ave,7311,40.795,-73.9645,40.782535857724106,-73.97908508777618,member
172085,6ABD53451C35DE4F,docked_bike,2021-04-25 14:12:22,2021-04-25 14:16:18,W 100 St & Manhattan Ave,7538,W 106 St & Amsterdam Ave,7634,40.795,-73.9645,40.8008363,-73.9664492472,member
172086,DC4E18C6CB93FF9E,docked_bike,2021-04-13 16:57:56,2021-04-13 17:06:19,W 100 St & Manhattan Ave,7538,W 106 St & Amsterdam Ave,7634,40.795,-73.9645,40.8008363,-73.9664492472,member
172089,6CC3889E607FD0FF,docked_bike,2021-04-19 15:42:37,2021-04-19 15:48:51,W 100 St & Manhattan Ave,7538,W 106 St & Amsterdam Ave,7634,40.795,-73.9645,40.8008363,-73.9664492472,member
172109,58DF7FA321476B23,docked_bike,2021-04-20 12:30:43,2021-04-20 12:36:30,W 100 St & Manhattan Ave,7538,W 106 St & Amsterdam Ave,7634,40.795,-73.9645,40.8008363,-73.9664492472,member
172116,F1748A07E14DDFA0,docked_bike,2021-04-10 20:58:53,2021-04-10 21:02:33,W 100 St & Manhattan Ave,7538,W 106 St & Amsterdam Ave,7634,40.795,-73.9645,40.8008363,-73.9664492472,member
172119,8B1214E509513190,docked_bike,2021-04-06 18:27:22,2021-04-06 18:30:28,W 100 St & Manhattan Ave,7538,W 106 St & Amsterdam Ave,7634,40.795,-73.9645,40.8008363,-73.9664492472,member
175851,05BC663D0C7EE829,docked_bike,2021-04-21 12:38:24,2021-04-21 13:45:01,Central Park W & W 97 St,7538,Suydam St & Knickerbocker Ave,4939,40.792495,-73.96417,40.702013,-73.923769,member
179598,1E2F1AABA9F06496,docked_bike,2021-04-20 16:35:49,2021-04-20 17:05:40,Central Park W & W 97 St,7538,Broadway & E 14 St,5905,40.792495,-73.96417,40.73454567,-73.99074142,member
179607,83C88CB1E0600ECD,docked_bike,2021-04-10 13:56:10,2021-04-10 14:20:08,Central Park W & W 97 St,7538,1 Ave & E 68 St,6822,40.792495,-73.96417,40.76500525,-73.95818491,member
180593,D08AD8C4D7B0234B,docked_bike,2021-04-20 17:47:10,2021-04-20 17:59:24,W 100 St & Manhattan Ave,7538,Grand Army Plaza & Central Park S,6839,40.795,-73.9645,40.7643971,-73.97371465,member
180602,5431E8729EB7D0BA,docked_bike,2021-04-09 08:01:51,2021-04-09 08:30:45,W 100 St & Manhattan Ave,7538,Grand Army Plaza & Central Park S,6839,40.795,-73.9645,40.7643971,-73.97371465,member
180607,4763A0913A623917,docked_bike,2021-04-02 11:57:13,2021-04-02 12:12:30,W 100 St & Manhattan Ave,7538,Grand Army Plaza & Central Park S,6839,40.795,-73.9645,40.764397,-73.973715,member
180614,C3ADD073F4C5419D,docked_bike,2021-04-03 16:37:43,2021-04-03 17:44:12,W 100 St & Manhattan Ave,7538,Grand Army Plaza & Central Park S,6839,40.795,-73.9645,40.7643971,-73.97371465,casual
180638,55D3A1A1C10A39A6,docked_bike,2021-04-14 19:07:14,2021-04-14 20:57:10,W 100 St & Manhattan Ave,7538,Grand Army Plaza & Central Park S,6839,40.795,-73.9645,40.7643971,-73.97371465,member
180676,30BB2E2D145E5905,docked_bike,2021-04-05 16:58:26,2021-04-05 17:39:59,W 100 St & Manhattan Ave,7538,W 16 St & The High Line,6233,40.795,-73.9645,40.74334935,-74.00681753,casual
180683,C862F7396145E283,docked_bike,2021-04-09 20:28:35,2021-04-09 20:56:58,W 100 St & Manhattan Ave,7538,Grand Army Plaza & Central Park S,6839,40.795,-73.9645,40.7643971,-73.97371465,member
180700,09D6A7867D222C06,docked_bike,2021-04-20 21:06:03,2021-04-20 21:19:15,W 100 St & Manhattan Ave,7538,Grand Army Plaza & Central Park S,6839,40.795,-73.9645,40.7643971,-73.97371465,member
180707,B1C5DB2F4C134209,docked_bike,2021-04-24 12:14:42,2021-04-24 12:29:06,W 100 St & Manhattan Ave,7538,Grand Army Plaza & Central Park S,6839,40.795,-73.9645,40.7643971,-73.97371465,member
180709,4A14D8F2ED7FBA24,docked_bike,2021-04-20 08:53:48,2021-04-20 09:09:06,W 100 St & Manhattan Ave,7538,Grand Army Plaza & Central Park S,6839,40.795,-73.9645,40.7643971,-73.97371465,casual
180715,6A7B64E9F139768E,docked_bike,2021-04-30 07:41:21,2021-04-30 07:54:02,W 100 St & Manhattan Ave,7538,Grand Army Plaza & Central Park S,6839,40.795,-73.9645,40.7643971,-73.97371465,member
180738,10364CB8DD55D226,docked_bike,2021-04-03 16:47:24,2021-04-03 17:44:23,W 100 St & Manhattan Ave,7538,Grand Army Plaza & Central Park S,6839,40.795,-73.9645,40.7643971,-73.97371465,casual
182503,F566ED4E787A8539,docked_bike,2021-04-06 10:47:40,2021-04-06 11:08:10,W 100 St & Manhattan Ave,7538,W 135 St & Lenox Terrace Pl,7832,40.795,-73.9645,40.813619,-73.939336,member
182528,420480A643B5037C,docked_bike,2021-04-25 00:24:36,2021-04-25 01:11:39,W 100 St & Manhattan Ave,7538,Lawrence St & Willoughby St,4596,40.795,-73.9645,40.69236178,-73.98631746,casual
182529,EF7BF8BBAB9941C7,docked_bike,2021-04-06 05:11:30,2021-04-06 05:50:14,W 100 St & Manhattan Ave,7538,Pershing Square North,6432,40.795,-73.9645,40.751873,-73.977706,member
182825,75D95E5C041983F4,docked_bike,2021-04-08 15:46:53,2021-04-08 16:19:39,W 100 St & Manhattan Ave,7538,St. Nicholas Ave & W 157 St,8085,40.795,-73.9645,40.832314,-73.94102,casual
183808,9776F5BC73706D38,docked_bike,2021-04-19 15:53:46,2021-04-19 16:08:58,W 100 St & Manhattan Ave,7538,Central Park West & W 68 St,7079,40.795,-73.9645,40.7734066,-73.97782542,member
183812,34ABE7C99ED67DAF,docked_bike,2021-04-09 13:34:32,2021-04-09 13:46:57,W 100 St & Manhattan Ave,7538,Central Park West & W 68 St,7079,40.795,-73.9645,40.7734066,-73.97782542,member
183813,B8060B85ECCA3A8F,docked_bike,2021-04-18 13:55:19,2021-04-18 14:08:23,W 100 St & Manhattan Ave,7538,Central Park West & W 68 St,7079,40.795,-73.9645,40.7734066,-73.97782542,member
184379,7BCA03E0CB70E210,docked_bike,2021-04-07 14:16:39,2021-04-07 14:26:47,W 100 St & Manhattan Ave,7538,Central Park West & W 68 St,7079,40.795,-73.9645,40.7734066,-73.97782542,casual
186407,0300BF0B7617C5CD,docked_bike,2021-04-21 07:53:18,2021-04-21 08:16:17,Central Park W & W 97 St,7538,E 58 St & Madison Ave,6839,40.792495,-73.96417,40.76302594280519,-73.97209525108337,member
186408,A2FD9D1BC2417F21,docked_bike,2021-04-29 18:31:32,2021-04-29 18:49:46,Central Park W & W 97 St,7538,E 58 St & Madison Ave,6839,40.792495,-73.96417,40.76302594280519,-73.97209525108337,casual
186409,AD8B4F30FA5B36F4,docked_bike,2021-04-13 17:27:57,2021-04-13 17:37:28,Central Park W & W 97 St,7538,Central Park West & W 68 St,7079,40.792495,-73.96417,40.7734066,-73.97782542,member
186410,859358626835B6DA,docked_bike,2021-04-28 10:30:39,2021-04-28 10:43:15,Central Park W & W 97 St,7538,Central Park West & W 68 St,7079,40.792495,-73.96417,40.7734066,-73.97782542,casual
186411,519301EE31158590,docked_bike,2021-04-24 17:13:48,2021-04-24 17:36:52,Central Park W & W 97 St,7538,E 58 St & Madison Ave,6839,40.792495,-73.96417,40.76302594280519,-73.97209525108337,member
188618,E85AB201F2A52023,docked_bike,2021-04-07 09:43:49,2021-04-07 10:14:00,W 100 St & Manhattan Ave,7538,E 88 St & Park Ave,7293,40.795,-73.9645,40.781411,-73.955959,member
188619,2E238AD77C1D684D,docked_bike,2021-04-04 10:35:42,2021-04-04 10:48:57,W 100 St & Manhattan Ave,7538,E 88 St & Park Ave,7293,40.795,-73.9645,40.781410700190015,-73.95595908164978,member
189983,9109776A9703E13D,docked_bike,2021-04-28 08:59:26,2021-04-28 09:11:54,Central Park W & W 97 St,7538,5 Ave & E 93 St,7372,40.792495,-73.96417,40.7857851,-73.957481,member
189984,49241002F95654AA,docked_bike,2021-04-18 15:50:18,2021-04-18 16:15:46,Central Park W & W 97 St,7538,5 Ave & E 93 St,7372,40.792495,-73.96417,40.7857851,-73.957481,casual
189985,7F1E218351CBF126,docked_bike,2021-04-06 18:02:35,2021-04-06 18:36:09,Central Park W & W 97 St,7538,5 Ave & E 93 St,7372,40.792495,-73.96417,40.7857851,-73.957481,member
189987,C28EF8FA3BB22677,docked_bike,2021-04-29 13:10:54,2021-04-29 13:15:33,Central Park W & W 97 St,7538,5 Ave & E 93 St,7372,40.792495,-73.96417,40.7857851,-73.957481,member
189988,1CDDAE88F0452069,docked_bike,2021-04-28 11:21:10,2021-04-28 11:30:27,Central Park W & W 97 St,7538,5 Ave & E 93 St,7372,40.792495,-73.96417,40.7857851,-73.957481,member
193674,326C1D82E74820C6,docked_bike,2021-04-10 18:59:27,2021-04-10 19:11:44,W 100 St & Manhattan Ave,7538,Amsterdam Ave & W 131 St,7842,40.795,-73.9645,40.816355,-73.954295,casual
193700,7D11B0A5890B1D70,docked_bike,2021-04-14 10:32:27,2021-04-14 10:56:52,W 100 St & Manhattan Ave,7538,3 Ave & E 62 St,6762,40.795,-73.9645,40.76312584,-73.96526895,member
196989,73FDBC5E0BAD0238,docked_bike,2021-04-13 08:15:28,2021-04-13 08:43:49,W 100 St & Manhattan Ave,7538,3 Ave & E 62 St,6762,40.795,-73.9645,40.76312584,-73.96526895,casual
198023,268FA4158E347E93,docked_bike,2021-04-05 16:41:35,2021-04-05 17:28:21,Central Park W & W 97 St,7538,W 18 St & 9 Ave,6190,40.792495,-73.96417,40.7435337324616,-74.00367558002472,casual
198107,0ED29BC2835B58C3,docked_bike,2021-04-03 14:25:25,2021-04-03 15:16:05,Central Park W & W 97 St,7538,3 Ave & E 62 St,6762,40.792495,-73.96417,40.76312584,-73.96526895,casual
198126,06648950556B41FF,docked_bike,2021-04-27 22:01:49,2021-04-27 23:09:44,Central Park W & W 97 St,7538,Perry St & Greenwich Ave,5955,40.792495,-73.96417,40.735918,-74.000939,casual
198199,403062344A2D60A3,docked_bike,2021-04-16 07:57:09,2021-04-16 08:14:29,Central Park W & W 97 St,7538,3 Ave & E 62 St,6762,40.792495,-73.96417,40.76312584,-73.96526895,casual
198250,D14B620241692A12,docked_bike,2021-04-19 08:17:43,2021-04-19 08:37:03,Central Park W & W 97 St,7538,3 Ave & E 62 St,6762,40.792495,-73.96417,40.76312584,-73.96526895,casual
199655,0EFAB4D52C8FDFF1,docked_bike,2021-04-29 19:09:02,2021-04-29 19:16:37,W 100 St & Manhattan Ave,7538,Adam Clayton Powell Blvd & W 118 St,7670,40.795,-73.9645,40.804372,-73.951475,member
199993,4ECFB1E7D9356B4F,docked_bike,2021-04-09 19:22:02,2021-04-09 19:29:48,Central Park W & W 97 St,7538,W 82 St & Central Park West,7304,40.792495,-73.96417,40.78275,-73.97137,casual
199996,4554A0848E6FDDCE,docked_bike,2021-04-24 13:53:03,2021-04-24 14:47:37,Central Park W & W 97 St,7538,W 82 St & Central Park West,7304,40.792495,-73.96417,40.78275,-73.97137,casual
204077,659F05CC9DA2E063,docked_bike,2021-04-24 13:59:53,2021-04-24 14:45:14,W 100 St & Manhattan Ave,7538,W 218 St & Indian Rd,8732,40.795,-73.9645,40.873055,-73.918372,member
206293,46CBD1CF006B4F25,docked_bike,2021-04-13 16:33:16,2021-04-13 16:50:15,W 100 St & Manhattan Ave,7538,E 91 St & Park Ave,7344,40.795,-73.9645,40.7835016,-73.955327,member
206295,880ED64DA1A1B9FE,docked_bike,2021-04-01 15:11:10,2021-04-01 15:22:33,W 100 St & Manhattan Ave,7538,E 68 St & Madison Ave,6932,40.795,-73.9645,40.7691572,-73.96703464,member
206297,8B0AACE8D7629ECB,docked_bike,2021-04-22 16:36:22,2021-04-22 16:42:45,W 100 St & Manhattan Ave,7538,E 91 St & Park Ave,7344,40.795,-73.9645,40.7835016,-73.955327,member
206300,2F92647555E7EE80,docked_bike,2021-04-13 16:33:07,2021-04-13 16:50:14,W 100 St & Manhattan Ave,7538,E 91 St & Park Ave,7344,40.795,-73.9645,40.7835016,-73.955327,member
206305,5E5CA5FE13285DBE,docked_bike,2021-04-17 12:28:04,2021-04-17 13:52:48,W 100 St & Manhattan Ave,7538,Delancey St & Eldridge St,5414,40.795,-73.9645,40.719383,-73.991479,member
206325,74200C9CAF26C883,docked_bike,2021-04-24 09:50:07,2021-04-24 10:16:40,W 100 St & Manhattan Ave,7538,E 91 St & Park Ave,7344,40.795,-73.9645,40.7835016,-73.955327,casual
206327,CC5A098AFE0C5B64,docked_bike,2021-04-11 20:23:35,2021-04-11 20:38:03,W 100 St & Manhattan Ave,7538,Adam Clayton Powell Blvd & W 138 St,7855,40.795,-73.9645,40.81695971032464,-73.9422959089279,casual
206328,467B9CFB06162B5B,docked_bike,2021-04-28 15:01:03,2021-04-28 15:48:45,W 100 St & Manhattan Ave,7538,Cherry St,5181,40.795,-73.9645,40.71219906,-73.97948148,member
206330,59212098BE12B983,docked_bike,2021-04-19 15:56:13,2021-04-19 16:16:06,W 100 St & Manhattan Ave,7538,5 Ave & E 72 St,7100,40.795,-73.9645,40.77282817,-73.96685276,casual
206331,0BA82CE7BE4E661E,docked_bike,2021-04-13 21:20:16,2021-04-13 21:35:39,W 100 St & Manhattan Ave,7538,E 118 St & Madison Ave,7640,40.795,-73.9645,40.8014866,-73.9442507,member
206334,7F477145F19DAE20,docked_bike,2021-04-09 16:05:35,2021-04-09 16:22:56,W 100 St & Manhattan Ave,7538,5 Ave & E 72 St,7100,40.795,-73.9645,40.77282817,-73.96685276,member
206339,BD11D4E11A8A6E2E,docked_bike,2021-04-07 17:51:53,2021-04-07 18:07:30,W 100 St & Manhattan Ave,7538,Adam Clayton Powell Blvd & W 138 St,7855,40.795,-73.9645,40.81695971032464,-73.9422959089279,casual
206346,77C3FF6ABF20AD96,docked_bike,2021-04-30 21:00:00,2021-04-30 21:34:07,W 100 St & Manhattan Ave,7538,E 118 St & Madison Ave,7640,40.795,-73.9645,40.8014866,-73.9442507,member
206364,C107E6B35C45D2D2,docked_bike,2021-04-23 17:50:10,2021-04-23 18:41:49,W 100 St & Manhattan Ave,7538,Adam Clayton Powell Blvd & W 138 St,7855,40.795,-73.9645,40.81695971032464,-73.9422959089279,casual
206366,D9E59F3C95289D6F,docked_bike,2021-04-14 15:05:56,2021-04-14 15:21:16,W 100 St & Manhattan Ave,7538,5 Ave & E 72 St,7100,40.795,-73.9645,40.77282817,-73.96685276,casual
206371,ACC63A9E27E43EBE,docked_bike,2021-04-28 14:57:16,2021-04-28 15:19:56,W 100 St & Manhattan Ave,7538,5 Ave & E 72 St,7100,40.795,-73.9645,40.77282817,-73.96685276,member
206374,85317B93CFB400D9,docked_bike,2021-04-20 16:21:34,2021-04-20 19:30:29,W 100 St & Manhattan Ave,7538,W 51 St & Rockefeller Plaza,6700,40.795,-73.9645,40.75969995906254,-73.97808194160461,casual
206492,EF3DC42EE7D99984,docked_bike,2021-04-04 16:27:39,2021-04-04 16:56:38,W 100 St & Manhattan Ave,7538,Crescent St & 34 Ave,6759,40.795,-73.9645,40.76108,-73.930562,member
206498,4312A720B6C17A5A,docked_bike,2021-04-06 00:50:40,2021-04-06 00:59:31,W 100 St & Manhattan Ave,7538,E 118 St & Madison Ave,7640,40.795,-73.9645,40.8014866,-73.9442507,casual
206638,B8E64ACEF2425041,docked_bike,2021-04-14 15:05:57,2021-04-14 15:21:13,W 100 St & Manhattan Ave,7538,5 Ave & E 72 St,7100,40.795,-73.9645,40.77282817,-73.96685276,casual
206640,04B6B38EE1AD63B1,docked_bike,2021-04-24 15:36:57,2021-04-24 16:00:01,W 100 St & Manhattan Ave,7538,5 Ave & E 72 St,7100,40.795,-73.9645,40.77282817,-73.96685276,casual
206654,28270F341B88B68F,docked_bike,2021-04-24 15:35:17,2021-04-24 15:59:18,W 100 St & Manhattan Ave,7538,5 Ave & E 72 St,7100,40.795,-73.9645,40.77282817,-73.96685276,casual
209847,E56031C64E6087A4,docked_bike,2021-04-01 11:50:04,2021-04-01 12:02:11,Central Park W & W 97 St,7538,3 Ave & E 112 St,7543,40.792495,-73.964171,40.795508,-73.941606,member
210583,761AE336F940F6C5,docked_bike,2021-04-06 09:27:20,2021-04-06 09:50:43,Central Park W & W 97 St,7538,E 47 St & Park Ave,6584,40.792495,-73.96417,40.75510267,-73.97498696,member
210585,FF0E4E44E6698218,docked_bike,2021-04-24 16:24:53,2021-04-24 16:36:21,Central Park W & W 97 St,7538,3 Ave & E 112 St,7543,40.792495,-73.964171,40.795508,-73.941606,member
210587,7FB224D3CFAD3880,docked_bike,2021-04-22 09:02:05,2021-04-22 09:28:09,Central Park W & W 97 St,7538,E 47 St & Park Ave,6584,40.792495,-73.96417,40.75510267,-73.97498696,member
210588,9C58591A5309F8D0,docked_bike,2021-04-02 08:58:25,2021-04-02 09:14:52,Central Park W & W 97 St,7538,E 47 St & Park Ave,6584,40.792495,-73.96417,40.75510267,-73.97498696,member
210592,71B0B666F9E8DDE6,docked_bike,2021-04-09 19:36:03,2021-04-09 19:48:02,Central Park W & W 97 St,7538,3 Ave & E 112 St,7543,40.792495,-73.96417,40.795508,-73.941606,member
210593,EC6E8965F1426B7A,docked_bike,2021-04-28 13:19:28,2021-04-28 13:31:37,Central Park W & W 97 St,7538,3 Ave & E 112 St,7543,40.792495,-73.96417,40.795508,-73.941606,member
210596,7525ADC2FBE511D8,docked_bike,2021-04-27 17:35:36,2021-04-27 17:50:25,Central Park W & W 97 St,7538,3 Ave & E 112 St,7543,40.792495,-73.96417,40.795508,-73.941606,casual
210603,B42B6D0028277E60,docked_bike,2021-04-08 12:16:54,2021-04-08 12:28:47,Central Park W & W 97 St,7538,3 Ave & E 112 St,7543,40.792495,-73.964171,40.795508,-73.941606,member
210617,6A8760AB47C74074,docked_bike,2021-04-13 08:00:41,2021-04-13 08:17:59,Central Park W & W 97 St,7538,E 47 St & Park Ave,6584,40.792495,-73.96417,40.75510267,-73.97498696,member
210620,35AEFA93E83835C4,docked_bike,2021-04-16 13:53:38,2021-04-16 14:04:53,Central Park W & W 97 St,7538,3 Ave & E 112 St,7543,40.792495,-73.964171,40.795508,-73.941606,member
210621,B2B4C5E5046876A3,docked_bike,2021-04-22 13:48:20,2021-04-22 14:02:03,Central Park W & W 97 St,7538,3 Ave & E 112 St,7543,40.792495,-73.964171,40.795508,-73.941606,member
210622,148B290326102765,docked_bike,2021-04-18 14:32:15,2021-04-18 14:43:54,Central Park W & W 97 St,7538,3 Ave & E 112 St,7543,40.792495,-73.964171,40.795508,-73.941606,member
210624,6BEFD8693E05274D,docked_bike,2021-04-26 09:56:00,2021-04-26 10:15:24,Central Park W & W 97 St,7538,E 47 St & Park Ave,6584,40.792495,-73.96417,40.75510267,-73.97498696,member
210627,CB5AF97EB1F7A3B2,docked_bike,2021-04-28 10:43:00,2021-04-28 10:54:16,Central Park W & W 97 St,7538,3 Ave & E 112 St,7543,40.792495,-73.96417,40.795508,-73.941606,member
211248,7A3ABAAB1E5CE1C9,docked_bike,2021-04-28 10:47:28,2021-04-28 11:02:35,Central Park W & W 97 St,7538,E 47 St & Park Ave,6584,40.792495,-73.96417,40.75510267,-73.97498696,member
212058,EE80D25246D57EDB,docked_bike,2021-04-18 19:41:45,2021-04-18 20:12:00,W 100 St & Manhattan Ave,7538,3 Ave & E 112 St,7543,40.795,-73.9645,40.795508,-73.941606,member
212074,E99F02F302C3F5F9,docked_bike,2021-04-26 20:24:45,2021-04-26 20:43:48,W 100 St & Manhattan Ave,7538,E 47 St & Park Ave,6584,40.795,-73.9645,40.75510267,-73.97498696,member
212458,46A227B94090B72D,docked_bike,2021-04-16 07:07:33,2021-04-16 07:24:30,Central Park W & W 97 St,7538,E 47 St & Park Ave,6584,40.792495,-73.96417,40.75510267,-73.97498696,member
212459,F3686DE6398F99F3,docked_bike,2021-04-15 07:30:39,2021-04-15 07:30:35,Central Park W & W 97 St,7538,E 47 St & Park Ave,6584,40.792495,-73.96417,40.75510267,-73.97498696,member
212480,BD5689E7974F6229,docked_bike,2021-04-28 13:42:18,2021-04-28 14:04:01,Central Park W & W 97 St,7538,E 47 St & Park Ave,6584,40.792495,-73.96417,40.75510267,-73.97498696,member
212489,40BEF57F51511D83,docked_bike,2021-04-01 11:29:49,2021-04-01 11:48:05,Central Park W & W 97 St,7538,E 47 St & Park Ave,6584,40.792495,-73.96417,40.75510267,-73.97498696,member
212490,83129CDB25735D9B,docked_bike,2021-04-30 06:22:21,2021-04-30 06:38:07,Central Park W & W 97 St,7538,E 47 St & Park Ave,6584,40.792495,-73.96417,40.75510267,-73.97498696,member
212704,14C20187353CF189,docked_bike,2021-04-18 13:07:58,2021-04-18 13:20:23,W 100 St & Manhattan Ave,7538,3 Ave & E 112 St,7543,40.795,-73.9645,40.795508,-73.941606,member
221445,7D07271750833F2E,docked_bike,2021-04-08 19:53:24,2021-04-08 19:58:17,W 100 St & Manhattan Ave,7538,W 110 St & Amsterdam Ave,7646,40.795,-73.9645,40.802692,-73.96295,member
221947,6A752F8CC4D2F50F,docked_bike,2021-04-17 15:37:07,2021-04-17 15:37:02,Central Park W & W 97 St,7538,W 116 St & Amsterdam Ave,7692,40.792495,-73.96417,40.8067581,-73.9607082,casual
221949,74FE4A675CC58A0A,docked_bike,2021-04-17 14:23:19,2021-04-17 14:41:22,Central Park W & W 97 St,7538,W 116 St & Amsterdam Ave,7692,40.792495,-73.96417,40.8067581,-73.9607082,member
221961,9446E7F3700C41A4,docked_bike,2021-04-13 18:37:29,2021-04-13 18:50:43,Central Park W & W 97 St,7538,W 116 St & Amsterdam Ave,7692,40.792495,-73.96417,40.8067581,-73.9607082,member
221962,8F01D9E592CFC074,docked_bike,2021-04-14 18:05:04,2021-04-14 18:18:31,Central Park W & W 97 St,7538,W 116 St & Amsterdam Ave,7692,40.792495,-73.96417,40.8067581,-73.9607082,member
221963,8D91D7E89CACCB7F,docked_bike,2021-04-15 19:45:03,2021-04-15 19:50:36,Central Park W & W 97 St,7538,W 110 St & Amsterdam Ave,7646,40.792495,-73.96417,40.802692,-73.96295,casual
221964,2026A6C9B7EFFF09,docked_bike,2021-04-17 19:10:25,2021-04-17 19:15:35,Central Park W & W 97 St,7538,W 110 St & Amsterdam Ave,7646,40.792495,-73.96417,40.802692,-73.96295,member
221966,7C6B052C680270E3,docked_bike,2021-04-20 15:43:06,2021-04-20 15:49:00,Central Park W & W 97 St,7538,W 110 St & Amsterdam Ave,7646,40.792495,-73.96417,40.802692,-73.96295,member
221967,76D2907EDEEFF4EC,docked_bike,2021-04-27 15:41:58,2021-04-27 15:47:38,Central Park W & W 97 St,7538,W 110 St & Amsterdam Ave,7646,40.792495,-73.96417,40.802692,-73.96295,member
221968,46D3779E8DCA8267,docked_bike,2021-04-04 16:09:36,2021-04-04 16:38:01,Central Park W & W 97 St,7538,W 110 St & Amsterdam Ave,7646,40.792495,-73.96417,40.802692,-73.96295,member
221971,B652F414066F6EC6,docked_bike,2021-04-24 15:38:51,2021-04-24 15:49:53,Central Park W & W 97 St,7538,W 110 St & Amsterdam Ave,7646,40.792495,-73.96417,40.802692,-73.96295,member
221974,4B051661576D5822,docked_bike,2021-04-23 16:55:07,2021-04-23 17:01:45,Central Park W & W 97 St,7538,W 110 St & Amsterdam Ave,7646,40.792495,-73.96417,40.802692,-73.96295,member
221975,5D39F1E16B7C078B,docked_bike,2021-04-23 08:00:42,2021-04-23 08:06:49,Central Park W & W 97 St,7538,W 110 St & Amsterdam Ave,7646,40.792495,-73.96417,40.802692,-73.96295,member
221977,2615744C1EC94EA8,docked_bike,2021-04-17 11:49:39,2021-04-17 11:49:37,Central Park W & W 97 St,7538,W 116 St & Amsterdam Ave,7692,40.792495,-73.96417,40.8067581,-73.9607082,casual
221978,3730602975AAAD2B,docked_bike,2021-04-13 08:03:32,2021-04-13 08:14:01,Central Park W & W 97 St,7538,W 116 St & Amsterdam Ave,7692,40.792495,-73.96417,40.8067581,-73.9607082,member
221980,9213DED76EAAA8F5,docked_bike,2021-04-20 20:16:05,2021-04-20 20:44:31,Central Park W & W 97 St,7538,W 110 St & Amsterdam Ave,7646,40.792495,-73.96417,40.802692,-73.96295,member
221981,224789F04AEBB4C4,docked_bike,2021-04-21 19:56:10,2021-04-21 20:26:25,Central Park W & W 97 St,7538,W 110 St & Amsterdam Ave,7646,40.792495,-73.96417,40.802692,-73.96295,member
221988,ECF4FA44E10190F6,docked_bike,2021-04-16 14:54:27,2021-04-16 14:59:20,Central Park W & W 97 St,7538,W 110 St & Amsterdam Ave,7646,40.792495,-73.96417,40.802692,-73.96295,member
221992,942EE3C910F641A2,docked_bike,2021-04-05 17:42:54,2021-04-05 17:51:14,Central Park W & W 97 St,7538,W 116 St & Amsterdam Ave,7692,40.792495,-73.96417,40.8067581,-73.9607082,member
221995,2D59BABCD1ACD3FC,docked_bike,2021-04-29 15:36:59,2021-04-29 15:42:53,Central Park W & W 97 St,7538,W 110 St & Amsterdam Ave,7646,40.792495,-73.96417,40.802692,-73.96295,member
221996,FC06F900762D5368,docked_bike,2021-04-05 15:38:44,2021-04-05 15:47:19,Central Park W & W 97 St,7538,W 110 St & Amsterdam Ave,7646,40.792495,-73.96417,40.802692,-73.96295,member
221997,8BA927513DA68CCD,docked_bike,2021-04-25 17:13:03,2021-04-25 17:19:26,Central Park W & W 97 St,7538,W 110 St & Amsterdam Ave,7646,40.792495,-73.96417,40.802692,-73.96295,casual
222000,76DFEB8612F7C0FA,docked_bike,2021-04-30 20:10:45,2021-04-30 20:48:36,Central Park W & W 97 St,7538,Greenwich Ave & Charles St,5914,40.792495,-73.96417,40.735238,-74.000271,member
222002,F257440543ECCF8B,docked_bike,2021-04-10 17:20:56,2021-04-10 17:33:17,Central Park W & W 97 St,7538,W 116 St & Amsterdam Ave,7692,40.792495,-73.96417,40.8067581,-73.9607082,member
222007,0424DAAEE9449511,docked_bike,2021-04-04 00:25:03,2021-04-04 00:31:15,Central Park W & W 97 St,7538,W 110 St & Amsterdam Ave,7646,40.792495,-73.96417,40.802692,-73.96295,casual
222008,46196C55F1F6ABC7,docked_bike,2021-04-19 19:27:51,2021-04-19 19:56:13,Central Park W & W 97 St,7538,W 110 St & Amsterdam Ave,7646,40.792495,-73.96417,40.802692,-73.96295,member
222009,2F81AA033728E719,docked_bike,2021-04-23 20:29:18,2021-04-23 20:37:06,Central Park W & W 97 St,7538,W 110 St & Amsterdam Ave,7646,40.792495,-73.96417,40.802692,-73.96295,member
222010,D8A10DEE118D8C44,docked_bike,2021-04-09 16:25:19,2021-04-09 16:30:25,Central Park W & W 97 St,7538,W 110 St & Amsterdam Ave,7646,40.792495,-73.96417,40.802692,-73.96295,casual
222011,0591C35A3BB45544,docked_bike,2021-04-28 12:46:43,2021-04-28 12:52:40,Central Park W & W 97 St,7538,W 116 St & Amsterdam Ave,7692,40.792495,-73.96417,40.8067581,-73.9607082,member
222012,059FE16614E86710,docked_bike,2021-04-14 13:44:01,2021-04-14 13:51:36,Central Park W & W 97 St,7538,W 110 St & Amsterdam Ave,7646,40.792495,-73.96417,40.802692,-73.96295,casual
222014,5CA8D79BC7B7F891,docked_bike,2021-04-06 19:47:48,2021-04-06 20:09:12,Central Park W & W 97 St,7538,W 110 St & Amsterdam Ave,7646,40.792495,-73.96417,40.802692,-73.96295,member
222015,9DF873A23FC807F0,docked_bike,2021-04-22 08:18:19,2021-04-22 08:25:04,Central Park W & W 97 St,7538,W 116 St & Amsterdam Ave,7692,40.792495,-73.96417,40.8067581,-73.9607082,member
222022,A2B8222743EC4D3A,docked_bike,2021-04-25 13:22:05,2021-04-25 13:28:33,Central Park W & W 97 St,7538,W 110 St & Amsterdam Ave,7646,40.792495,-73.96417,40.802692,-73.96295,casual
222023,6CD3131568B2E977,docked_bike,2021-04-25 20:05:09,2021-04-25 20:12:48,Central Park W & W 97 St,7538,W 110 St & Amsterdam Ave,7646,40.792495,-73.964171,40.802692,-73.96295,casual
222098,9E71CF1BA8C3E027,docked_bike,2021-04-01 15:44:00,2021-04-01 15:50:38,Central Park W & W 97 St,7538,W 110 St & Amsterdam Ave,7646,40.792495,-73.96417,40.802692,-73.96295,member
222099,6033530C00C069AD,docked_bike,2021-04-17 15:32:25,2021-04-17 15:32:21,Central Park W & W 97 St,7538,W 116 St & Amsterdam Ave,7692,40.792495,-73.96417,40.8067581,-73.9607082,casual
222101,46781AE497202B41,docked_bike,2021-04-14 15:39:26,2021-04-14 15:45:41,Central Park W & W 97 St,7538,W 110 St & Amsterdam Ave,7646,40.792495,-73.96417,40.802692,-73.96295,member
222102,2D0EFDBF77C81793,docked_bike,2021-04-13 15:36:49,2021-04-13 15:43:00,Central Park W & W 97 St,7538,W 110 St & Amsterdam Ave,7646,40.792495,-73.96417,40.802692,-73.96295,member
222104,4D415252596FA45E,docked_bike,2021-04-13 14:10:07,2021-04-13 14:10:31,Central Park W & W 97 St,7538,W 116 St & Amsterdam Ave,7692,40.792495,-73.96417,40.8067581,-73.9607082,casual
222107,8293E148C41273CA,docked_bike,2021-04-09 16:29:13,2021-04-09 16:54:36,Central Park W & W 97 St,7538,W 110 St & Amsterdam Ave,7646,40.792495,-73.96417,40.802692,-73.96295,member
222593,009F8804AD75FDC2,docked_bike,2021-04-15 10:31:57,2021-04-15 11:05:14,W 100 St & Manhattan Ave,7538,University Pl & E 8 St,5755,40.795,-73.9645,40.73143724085228,-73.99490341544151,member
222594,E287338685A151DA,docked_bike,2021-04-18 13:44:26,2021-04-18 13:47:54,W 100 St & Manhattan Ave,7538,W 104 St & Amsterdam Ave,7610,40.795,-73.9645,40.79904139288298,-73.96649479866028,member
222597,98D3EB22CFF21808,docked_bike,2021-04-23 18:11:27,2021-04-23 18:15:12,W 100 St & Manhattan Ave,7538,W 104 St & Amsterdam Ave,7610,40.795,-73.9645,40.79904139288298,-73.96649479866028,member
222599,12A2913A4ECC0167,docked_bike,2021-04-17 19:59:40,2021-04-17 20:05:40,W 100 St & Manhattan Ave,7538,W 104 St & Amsterdam Ave,7610,40.795,-73.9645,40.799041,-73.966495,member
222607,DE78261921DF17E9,docked_bike,2021-04-14 13:31:21,2021-04-14 13:46:57,W 100 St & Manhattan Ave,7538,W 104 St & Amsterdam Ave,7610,40.795,-73.9645,40.799041,-73.966495,member
222636,FA40EDBA3D8D1D36,docked_bike,2021-04-10 23:04:35,2021-04-10 23:25:21,W 100 St & Manhattan Ave,7538,E 27 St & Park Ave S,6131,40.795,-73.9645,40.74275179648995,-73.9847157150507,member
222639,C957DD110D1837CC,docked_bike,2021-04-09 13:55:04,2021-04-09 13:58:53,W 100 St & Manhattan Ave,7538,W 104 St & Amsterdam Ave,7610,40.795,-73.9645,40.79904139288298,-73.96649479866028,member
222684,60A1AAEF04A2CA7E,docked_bike,2021-04-18 13:50:40,2021-04-18 13:57:53,Central Park W & W 97 St,7538,W 116 St & Amsterdam Ave,7692,40.792495,-73.96417,40.8067581,-73.9607082,casual
222686,402FE07CF89F53F9,docked_bike,2021-04-03 16:36:44,2021-04-03 16:46:40,Central Park W & W 97 St,7538,W 116 St & Amsterdam Ave,7692,40.792495,-73.96417,40.8067581,-73.9607082,member
227057,357B9EEC3D9262E6,docked_bike,2021-04-04 15:45:20,2021-04-04 15:57:21,Central Park W & W 97 St,7538,Broadway & W 60 St,6948,40.792495,-73.96417,40.76915505,-73.98191841,member
227066,EE07CA4283DC842D,docked_bike,2021-04-24 16:47:34,2021-04-24 17:11:08,Central Park W & W 97 St,7538,Broadway & W 60 St,6948,40.792495,-73.96417,40.76915505,-73.98191841,casual
227070,1CC831F8D6605720,docked_bike,2021-04-27 18:09:33,2021-04-27 18:19:45,Central Park W & W 97 St,7538,Broadway & W 60 St,6948,40.792495,-73.96417,40.76915505,-73.98191841,member
227072,28DF5411A0996998,docked_bike,2021-04-26 16:34:53,2021-04-26 16:47:10,Central Park W & W 97 St,7538,Broadway & W 60 St,6948,40.792495,-73.96417,40.76915505,-73.98191841,member
227073,D26080182E0DE503,docked_bike,2021-04-08 16:49:50,2021-04-08 17:08:22,Central Park W & W 97 St,7538,Broadway & W 60 St,6948,40.792495,-73.96417,40.76915505,-73.98191841,member
227506,3AB1D1CC4C588D7B,docked_bike,2021-04-26 11:26:01,2021-04-26 11:38:03,W 100 St & Manhattan Ave,7538,Broadway & W 60 St,6948,40.795,-73.9645,40.76915505,-73.98191841,casual
227507,E82633F8DC59CAB3,docked_bike,2021-04-28 17:24:25,2021-04-28 18:18:31,W 100 St & Manhattan Ave,7538,W 204 St & Nagle Ave,8579,40.795,-73.9645,40.863211,-73.920827,casual
227511,00C244BEB2F06335,docked_bike,2021-04-14 05:17:36,2021-04-14 05:31:41,W 100 St & Manhattan Ave,7538,Broadway & W 60 St,6948,40.795,-73.9645,40.76915505,-73.98191841,member
227541,A43C898C958BD513,docked_bike,2021-04-09 09:18:42,2021-04-09 09:54:24,W 100 St & Manhattan Ave,7538,W 24 St & 7 Ave,6257,40.795,-73.9645,40.74487634,-73.99529885,casual
227544,A04CF8E52D0BBFB7,docked_bike,2021-04-16 06:07:43,2021-04-16 06:21:40,W 100 St & Manhattan Ave,7538,Broadway & W 60 St,6948,40.795,-73.9645,40.76915505,-73.98191841,member
227549,FD85EFDA9A307666,docked_bike,2021-04-28 17:23:16,2021-04-28 17:37:04,W 100 St & Manhattan Ave,7538,Broadway & W 60 St,6948,40.795,-73.9645,40.76915505,-73.98191841,casual
227551,E56535DC641BF8ED,docked_bike,2021-04-10 13:43:53,2021-04-10 14:10:30,W 100 St & Manhattan Ave,7538,Broadway & W 60 St,6948,40.795,-73.9645,40.76915505,-73.98191841,casual
227707,16056C4B2FC42DEC,docked_bike,2021-04-24 11:04:00,2021-04-24 11:42:04,W 100 St & Manhattan Ave,7538,Broadway & W 25 St,6173,40.795,-73.9645,40.74286877312112,-73.98918628692627,casual
227715,DB5D15EDDC873590,docked_bike,2021-04-10 13:44:45,2021-04-10 14:10:34,W 100 St & Manhattan Ave,7538,Broadway & W 60 St,6948,40.795,-73.9645,40.76915505,-73.98191841,casual
231409,9D2C0EADF1A1F10E,docked_bike,2021-04-30 16:48:19,2021-04-30 17:00:27,W 100 St & Manhattan Ave,7538,E 97 St & 3 Ave,7365,40.795,-73.9645,40.7859201,-73.94860294,casual
231424,C988D96E200BFDDE,docked_bike,2021-04-18 23:56:28,2021-04-19 00:02:39,W 100 St & Manhattan Ave,7538,Cathedral Pkwy & Broadway,7680,40.795,-73.9645,40.804213,-73.96699104,member
231427,90850A618B851CBE,docked_bike,2021-04-07 15:30:11,2021-04-07 15:43:28,W 100 St & Manhattan Ave,7538,Cathedral Pkwy & Broadway,7680,40.795,-73.9645,40.804213,-73.96699104,member
231462,3A18B887F8703E84,docked_bike,2021-04-27 15:42:53,2021-04-27 15:49:27,W 100 St & Manhattan Ave,7538,Cathedral Pkwy & Broadway,7680,40.795,-73.9645,40.804213,-73.96699104,member
231466,835EF523A3022D88,docked_bike,2021-04-17 17:37:19,2021-04-17 17:42:25,W 100 St & Manhattan Ave,7538,Cathedral Pkwy & Broadway,7680,40.795,-73.9645,40.804213,-73.96699104,member
231482,BA9CA5C83C802A30,docked_bike,2021-04-21 11:18:52,2021-04-21 11:57:20,W 100 St & Manhattan Ave,7538,E 106 St & 1 Ave,7456,40.795,-73.9645,40.7892529,-73.93956237,casual
231484,4D33D83C13A7CBD1,docked_bike,2021-04-26 20:12:27,2021-04-26 20:19:41,W 100 St & Manhattan Ave,7538,Cathedral Pkwy & Broadway,7680,40.795,-73.9645,40.804213,-73.96699104,casual
231485,BF4DDF1DDD803EC1,docked_bike,2021-04-17 17:14:19,2021-04-17 17:20:58,W 100 St & Manhattan Ave,7538,Cathedral Pkwy & Broadway,7680,40.795,-73.9645,40.804213,-73.96699104,member
231492,2E24FD535ED3F8BC,docked_bike,2021-04-09 16:10:03,2021-04-09 16:19:29,W 100 St & Manhattan Ave,7538,Cathedral Pkwy & Broadway,7680,40.795,-73.9645,40.804213,-73.96699104,casual
231493,5EAF19C16065A7B8,docked_bike,2021-04-08 17:43:07,2021-04-08 17:51:24,W 100 St & Manhattan Ave,7538,Cathedral Pkwy & Broadway,7680,40.795,-73.9645,40.804213,-73.96699104,member
233894,5AD84B62B4724F7E,docked_bike,2021-04-05 19:43:39,2021-04-05 19:52:43,W 100 St & Manhattan Ave,7538,Riverside Dr & W 91 St,7524,40.795,-73.9645,40.79313480986663,-73.97700369358063,member
234128,7743EC8D030D1DB9,docked_bike,2021-04-24 07:59:19,2021-04-24 08:26:35,Central Park W & W 97 St,7538,Riverside Dr & W 91 St,7524,40.792495,-73.96417,40.79313480986663,-73.97700369358063,member
234131,BA1A6BC68786B344,docked_bike,2021-04-17 16:57:53,2021-04-17 17:06:52,Central Park W & W 97 St,7538,Riverside Dr & W 91 St,7524,40.792495,-73.96417,40.79313480986663,-73.97700369358063,member
234133,1B97C394F9598506,docked_bike,2021-04-26 19:12:33,2021-04-26 20:59:35,Central Park W & W 97 St,7538,W 41 St & 8 Ave,6602,40.792495,-73.96417,40.75640548,-73.9900262,casual
234141,AF9036C7A2A2540A,docked_bike,2021-04-19 13:37:29,2021-04-19 13:55:53,Central Park W & W 97 St,7538,W 41 St & 8 Ave,6602,40.792495,-73.96417,40.75640548,-73.9900262,casual
234166,7BC3BBB45533B9E3,docked_bike,2021-04-06 12:16:28,2021-04-06 12:41:15,Central Park W & W 97 St,7538,W 41 St & 8 Ave,6602,40.792495,-73.96417,40.75640548,-73.9900262,member
234167,119626B1C9DB066F,docked_bike,2021-04-17 15:29:17,2021-04-17 15:36:43,Central Park W & W 97 St,7538,Riverside Dr & W 91 St,7524,40.792495,-73.96417,40.79313480986663,-73.97700369358063,member
234168,168FF389FE8122B3,docked_bike,2021-04-26 19:16:48,2021-04-26 20:59:19,Central Park W & W 97 St,7538,W 41 St & 8 Ave,6602,40.792495,-73.96417,40.75640548,-73.9900262,casual
234176,096122D9AB039D71,docked_bike,2021-04-20 18:39:35,2021-04-20 19:09:12,Central Park W & W 97 St,7538,W 41 St & 8 Ave,6602,40.792495,-73.964171,40.756405,-73.990026,casual
234177,BFF88CF92CD9D862,docked_bike,2021-04-09 14:18:19,2021-04-09 14:33:52,Central Park W & W 97 St,7538,Edgecombe Ave & W 145 St,7976,40.792495,-73.96417,40.823498,-73.94386,member
234184,13F433EAE9363E9B,docked_bike,2021-04-27 16:14:18,2021-04-27 16:23:08,Central Park W & W 97 St,7538,Riverside Dr & W 91 St,7524,40.792495,-73.96417,40.79313480986663,-73.97700369358063,casual
234187,57BAEF21908B631E,docked_bike,2021-04-18 17:59:24,2021-04-18 18:09:29,Central Park W & W 97 St,7538,Riverside Dr & W 91 St,7524,40.792495,-73.96417,40.79313480986663,-73.97700369358063,member
234188,EEEE3CE34002FD35,docked_bike,2021-04-19 11:02:17,2021-04-19 12:04:37,Central Park W & W 97 St,7538,W 41 St & 8 Ave,6602,40.792495,-73.96417,40.75640548,-73.9900262,casual
234191,6B7E3ADCAE6E904D,docked_bike,2021-04-20 18:38:49,2021-04-20 19:09:21,Central Park W & W 97 St,7538,W 41 St & 8 Ave,6602,40.792495,-73.964171,40.756405,-73.990026,casual
234193,6F2FC4AAC4312B95,docked_bike,2021-04-26 19:20:49,2021-04-26 20:59:46,Central Park W & W 97 St,7538,W 41 St & 8 Ave,6602,40.792495,-73.96417,40.75640548,-73.9900262,casual
234194,D32C944A2E93EBB0,docked_bike,2021-04-17 14:56:36,2021-04-17 14:56:32,Central Park W & W 97 St,7538,Riverside Dr & W 91 St,7524,40.792495,-73.96417,40.79313480986663,-73.97700369358063,member
234195,CFF8ACE6A1383B96,docked_bike,2021-04-06 17:52:30,2021-04-06 18:47:46,Central Park W & W 97 St,7538,W 41 St & 8 Ave,6602,40.792495,-73.96417,40.75640548,-73.9900262,casual
234198,FC3071E01B5212FA,docked_bike,2021-04-28 15:13:36,2021-04-28 15:25:22,Central Park W & W 97 St,7538,Riverside Dr & W 91 St,7524,40.792495,-73.96417,40.79313480986663,-73.97700369358063,member
234770,0AE5011F4F642D93,docked_bike,2021-04-28 15:09:28,2021-04-28 15:37:31,Central Park W & W 97 St,7538,Lexington Ave & E 29 St,6164,40.792495,-73.96417,40.74311555376486,-73.98215353488922,member
235330,54B857B1EB0180EA,docked_bike,2021-04-05 06:26:39,2021-04-05 06:43:13,W 100 St & Manhattan Ave,7538,Broadway & W 36 St,6441,40.795,-73.9645,40.75097711,-73.98765428,member
235331,8957ABCB0716548E,docked_bike,2021-04-22 06:29:50,2021-04-22 06:45:58,W 100 St & Manhattan Ave,7538,Broadway & W 36 St,6441,40.795,-73.9645,40.75097711,-73.98765428,member
235332,9AA54376D928A3EB,docked_bike,2021-04-21 06:26:26,2021-04-21 06:43:00,W 100 St & Manhattan Ave,7538,Broadway & W 36 St,6441,40.795,-73.9645,40.75097711,-73.98765428,member
235359,85FE373A56EB4DE8,docked_bike,2021-04-29 06:25:00,2021-04-29 06:41:45,W 100 St & Manhattan Ave,7538,Broadway & W 36 St,6441,40.795,-73.9645,40.75097711,-73.98765428,member
235366,686826185A23EA71,docked_bike,2021-04-06 08:32:06,2021-04-06 08:56:03,W 100 St & Manhattan Ave,7538,Broadway & W 36 St,6441,40.795,-73.9645,40.75097711,-73.98765428,member
240769,9A347503A729566C,docked_bike,2021-04-01 12:29:03,2021-04-01 12:32:24,W 100 St & Manhattan Ave,7538,W 107 St & Columbus Ave,7619,40.795,-73.9645,40.7997568,-73.9621128676,member
240775,2EDBFAB7854E077E,docked_bike,2021-04-17 17:40:05,2021-04-17 17:48:35,W 100 St & Manhattan Ave,7538,Central Park West & W 76 St,7253,40.795,-73.9645,40.77896784,-73.97374737,casual
240777,B85B7461ED6118A7,docked_bike,2021-04-01 20:35:38,2021-04-01 20:46:38,W 100 St & Manhattan Ave,7538,Central Park West & W 76 St,7253,40.795,-73.9645,40.77896784,-73.97374737,member
240799,AA1B9E57FB6054AF,docked_bike,2021-04-29 09:32:28,2021-04-29 09:39:07,W 100 St & Manhattan Ave,7538,Central Park West & W 76 St,7253,40.795,-73.9645,40.77896784,-73.97374737,member
240800,DE3E422EF680CE31,docked_bike,2021-04-19 17:22:31,2021-04-19 17:33:11,W 100 St & Manhattan Ave,7538,Central Park West & W 76 St,7253,40.795,-73.9645,40.77896784,-73.97374737,member
240806,2A5EFFE6BE955134,docked_bike,2021-04-24 12:29:57,2021-04-24 12:41:03,W 100 St & Manhattan Ave,7538,Central Park West & W 76 St,7253,40.795,-73.9645,40.77896784,-73.97374737,member
240824,1E1F8E9CFAC5FC20,docked_bike,2021-04-14 15:09:33,2021-04-14 15:25:45,W 100 St & Manhattan Ave,7538,W 107 St & Columbus Ave,7619,40.795,-73.9645,40.7997568,-73.9621128676,casual
240833,97C26E847BA41EE6,docked_bike,2021-04-24 12:29:36,2021-04-24 12:40:17,W 100 St & Manhattan Ave,7538,Central Park West & W 76 St,7253,40.795,-73.9645,40.77896784,-73.97374737,member
240842,2799E9AD772B800F,docked_bike,2021-04-19 10:08:40,2021-04-19 10:21:30,W 100 St & Manhattan Ave,7538,Central Park West & W 76 St,7253,40.795,-73.9645,40.77896784,-73.97374737,member
240843,EE8097EEEF8C3E2F,docked_bike,2021-04-17 16:23:45,2021-04-17 16:41:35,W 100 St & Manhattan Ave,7538,Central Park West & W 76 St,7253,40.795,-73.9645,40.77896784,-73.97374737,member
240856,D8B23558D6FB4EEC,docked_bike,2021-04-28 13:04:25,2021-04-28 13:12:58,W 100 St & Manhattan Ave,7538,Central Park West & W 76 St,7253,40.795,-73.9645,40.77896784,-73.97374737,member
240865,D420992E86B476AA,docked_bike,2021-04-27 18:53:26,2021-04-27 19:31:31,W 100 St & Manhattan Ave,7538,Central Park West & W 76 St,7253,40.795,-73.9645,40.77896784,-73.97374737,member
240867,2558CF3A81141192,docked_bike,2021-04-27 12:39:00,2021-04-27 12:53:21,W 100 St & Manhattan Ave,7538,Central Park West & W 76 St,7253,40.795,-73.9645,40.77896784,-73.97374737,member
240878,864F8AEA078CFA3C,docked_bike,2021-04-10 12:17:59,2021-04-10 13:02:37,W 100 St & Manhattan Ave,7538,Central Park West & W 76 St,7253,40.795,-73.9645,40.77896784,-73.97374737,member
240879,CB1655B39E607A50,docked_bike,2021-04-13 17:00:42,2021-04-13 17:42:27,W 100 St & Manhattan Ave,7538,Central Park West & W 76 St,7253,40.795,-73.9645,40.77896784,-73.97374737,member
240886,2C5DA3397B8EAE59,docked_bike,2021-04-28 16:51:31,2021-04-28 16:57:26,W 100 St & Manhattan Ave,7538,W 107 St & Columbus Ave,7619,40.795,-73.9645,40.7997568,-73.9621128676,member
240904,BC7AC954A1C11C88,docked_bike,2021-04-08 17:29:13,2021-04-08 17:38:53,W 100 St & Manhattan Ave,7538,Central Park West & W 76 St,7253,40.795,-73.9645,40.778968,-73.973747,member
240907,7AC3B82987E6039B,docked_bike,2021-04-08 13:41:54,2021-04-08 13:44:25,W 100 St & Manhattan Ave,7538,W 107 St & Columbus Ave,7619,40.795,-73.9645,40.7997568,-73.9621128676,member
240908,C3AB7DC0C73BC4C8,docked_bike,2021-04-11 20:54:50,2021-04-11 20:57:23,W 100 St & Manhattan Ave,7538,W 107 St & Columbus Ave,7619,40.795,-73.9645,40.7997568,-73.9621128676,member
240909,996A32B3964C4068,docked_bike,2021-04-08 17:30:01,2021-04-08 17:38:52,W 100 St & Manhattan Ave,7538,Central Park West & W 76 St,7253,40.795,-73.9645,40.77896784,-73.97374737,member
247939,234D195A4ECDC628,docked_bike,2021-04-06 16:26:47,2021-04-06 16:39:05,Central Park W & W 97 St,7538,E 84 St & 1 Ave,7180,40.792495,-73.96417,40.77565541,-73.95068615,member
247940,131FB88F24B24BF6,docked_bike,2021-04-05 18:15:02,2021-04-05 18:29:10,Central Park W & W 97 St,7538,St Nicholas Ave & W 134 St,7837,40.792495,-73.96417,40.816234,-73.948222,member
247944,46FA75270C4C6C64,docked_bike,2021-04-14 07:27:32,2021-04-14 07:56:32,Central Park W & W 97 St,7538,E 84 St & 1 Ave,7180,40.792495,-73.96417,40.77565541,-73.95068615,member
248120,7C825F0AE7D5FAB3,docked_bike,2021-04-05 18:48:57,2021-04-05 19:01:12,W 100 St & Manhattan Ave,7538,St Nicholas Ave & W 134 St,7837,40.795,-73.9645,40.816234,-73.948222,member
248123,26BFFF02377D6050,docked_bike,2021-04-19 17:10:47,2021-04-19 17:25:20,W 100 St & Manhattan Ave,7538,St Nicholas Ave & W 134 St,7837,40.795,-73.9645,40.816234,-73.948222,member
248162,0AB03638EC339632,docked_bike,2021-04-07 12:41:11,2021-04-07 12:56:17,W 100 St & Manhattan Ave,7538,E 84 St & 1 Ave,7180,40.795,-73.9645,40.77565541,-73.95068615,member
248164,66808F1500984742,docked_bike,2021-04-22 21:21:27,2021-04-22 21:33:16,W 100 St & Manhattan Ave,7538,E 84 St & 1 Ave,7180,40.795,-73.9645,40.77565541,-73.95068615,member
248928,62C1E22291F858E1,docked_bike,2021-04-20 23:08:50,2021-04-20 23:18:46,W 100 St & Manhattan Ave,7538,E 84 St & 1 Ave,7180,40.795,-73.9645,40.77565541,-73.95068615,member
249861,6686DEF950271A73,docked_bike,2021-04-18 10:43:00,2021-04-18 11:37:35,Central Park W & W 97 St,7538,2 Ave & E 55 St,6650,40.792495,-73.96417,40.757920208794026,-73.96638214588165,casual
249883,3319EE9A046F6DFF,docked_bike,2021-04-08 17:58:12,2021-04-08 18:09:16,Central Park W & W 97 St,7538,E 84 St & 1 Ave,7180,40.792495,-73.96417,40.77565541,-73.95068615,casual
249889,1035E0C0A42200CE,docked_bike,2021-04-17 17:27:33,2021-04-17 17:27:30,Central Park W & W 97 St,7538,E 84 St & 1 Ave,7180,40.792495,-73.96417,40.77565541,-73.95068615,member
249890,FBBBE29573604CEE,docked_bike,2021-04-27 14:40:24,2021-04-27 14:57:28,Central Park W & W 97 St,7538,E 84 St & 1 Ave,7180,40.792495,-73.96417,40.77565541,-73.95068615,member
249895,AA2CE72B87D41090,docked_bike,2021-04-07 20:59:50,2021-04-07 21:30:51,Central Park W & W 97 St,7538,2 Ave & E 55 St,6650,40.792495,-73.96417,40.757920208794026,-73.96638214588165,casual
250307,41EFECDEE00C94E4,docked_bike,2021-04-22 14:05:32,2021-04-22 14:18:52,W 100 St & Manhattan Ave,7538,E 84 St & 1 Ave,7180,40.795,-73.9645,40.77565541,-73.95068615,member
250320,B1AB913829D9AD09,docked_bike,2021-04-09 18:09:43,2021-04-09 18:23:11,W 100 St & Manhattan Ave,7538,E 84 St & 1 Ave,7180,40.795,-73.9645,40.77565541,-73.95068615,member
250331,ADF0F29FCC09C743,docked_bike,2021-04-26 19:24:23,2021-04-26 19:35:52,W 100 St & Manhattan Ave,7538,St Nicholas Ave & W 134 St,7837,40.795,-73.9645,40.816234,-73.948222,member
250412,3E2E596EDD7D62A8,docked_bike,2021-04-20 15:36:30,2021-04-20 15:50:37,Central Park W & W 97 St,7538,St Nicholas Ave & W 134 St,7837,40.792495,-73.96417,40.816234,-73.948222,member
250413,EE415AE7EFC57721,docked_bike,2021-04-09 07:16:36,2021-04-09 07:49:04,Central Park W & W 97 St,7538,E 84 St & 1 Ave,7180,40.792495,-73.96417,40.77565541,-73.95068615,member
250414,7F59202915CA43CC,docked_bike,2021-04-20 18:50:17,2021-04-20 19:21:07,Central Park W & W 97 St,7538,2 Ave & E 55 St,6650,40.792495,-73.96417,40.757920208794026,-73.96638214588165,member
250596,9BACACCF83516F57,docked_bike,2021-04-06 08:19:17,2021-04-06 08:34:21,W 100 St & Manhattan Ave,7538,St Nicholas Ave & W 134 St,7837,40.795,-73.9645,40.816234,-73.948222,member
256416,AC3BA350273CE635,docked_bike,2021-04-19 19:09:47,2021-04-19 19:32:37,Central Park W & W 97 St,7538,W 50 St & 9 Ave,6854,40.792495,-73.96417,40.76360467795863,-73.98917958140373,member
256424,F26683E869685C95,docked_bike,2021-04-21 08:03:29,2021-04-21 08:23:54,Central Park W & W 97 St,7538,E 68 St & 3 Ave,6896,40.792495,-73.96417,40.76712840349542,-73.96224617958069,casual
260320,635F92733CC48294,docked_bike,2021-04-11 19:30:17,2021-04-11 19:45:05,W 100 St & Manhattan Ave,7538,E 74 St & 1 Ave,6953,40.795,-73.9645,40.7689738,-73.95482273,member
260582,DCCEAA22CC6E1397,docked_bike,2021-04-02 14:30:37,2021-04-02 14:43:56,W 100 St & Manhattan Ave,7538,E 95 St & 3 Ave,7365,40.795,-73.9645,40.7849032,-73.950503,member
260583,54B4158F221928BA,docked_bike,2021-04-12 12:00:31,2021-04-12 12:13:52,W 100 St & Manhattan Ave,7538,Madison Ave & E 82 St,7188,40.795,-73.9645,40.7781314,-73.96069399,member
260586,695C16F7042F8ED0,docked_bike,2021-04-18 19:55:34,2021-04-18 20:14:26,W 100 St & Manhattan Ave,7538,E 74 St & 1 Ave,6953,40.795,-73.9645,40.7689738,-73.95482273,member
260589,D7C17CAB9ADAE826,docked_bike,2021-04-12 10:44:31,2021-04-12 10:54:06,W 100 St & Manhattan Ave,7538,E 95 St & 3 Ave,7365,40.795,-73.9645,40.7849032,-73.950503,casual
262806,70CB0BFD68A062FF,docked_bike,2021-04-28 07:34:36,2021-04-28 07:59:46,Central Park W & W 97 St,7538,6 Ave & W 33 St,6364,40.792495,-73.96417,40.74901271,-73.98848395,member
262807,BA3618138CD70655,docked_bike,2021-04-30 07:52:29,2021-04-30 08:18:41,Central Park W & W 97 St,7538,6 Ave & W 33 St,6364,40.792495,-73.96417,40.74901271,-73.98848395,member
262818,69145CBC8643F87C,docked_bike,2021-04-06 12:03:50,2021-04-06 12:36:32,Central Park W & W 97 St,7538,E 4 St & 2 Ave,5593,40.792495,-73.96417,40.7262807,-73.98978041,casual
263046,3F29CE1FA19A4019,docked_bike,2021-04-30 14:22:49,2021-04-30 14:42:32,Central Park W & W 97 St,7538,Amsterdam Ave & W 79 St,7311,40.792495,-73.96417,40.7829391,-73.9786517,member
263049,150152E9AC9AD1DC,docked_bike,2021-04-27 07:56:20,2021-04-27 08:23:47,Central Park W & W 97 St,7538,6 Ave & W 33 St,6364,40.792495,-73.96417,40.74901271,-73.98848395,member
264428,5A84177A0E20E207,docked_bike,2021-04-24 09:34:38,2021-04-24 09:59:48,Central Park West & W 76 St,7253,W 100 St & Manhattan Ave,7538,40.778967,-73.973747,40.795,-73.9645,member
264451,DAF0917CD4FE797B,docked_bike,2021-04-20 19:10:04,2021-04-20 21:22:17,Walton Ave & E 153 St,7945,W 100 St & Manhattan Ave,7538,40.822351,-73.926907,40.795,-73.9645,member
264458,FA1E7D7629393049,docked_bike,2021-04-22 16:22:38,2021-04-22 16:35:50,E 106 St & Lexington Ave,7504,W 100 St & Manhattan Ave,7538,40.791976,-73.945993,40.795,-73.9645,member
264468,5C91CCF51B81EFA8,docked_bike,2021-04-29 09:58:10,2021-04-29 10:05:51,E 106 St & Madison Ave,7528,W 100 St & Manhattan Ave,7538,40.793433,-73.94945,40.795,-73.9645,member
264500,075CB3071C88A9FC,docked_bike,2021-04-19 17:32:24,2021-04-19 17:53:26,Central Park W & W 97 St,7538,6 Ave & W 33 St,6364,40.792495,-73.96417,40.74901271,-73.98848395,member
264512,2B88A80484B4F2FA,docked_bike,2021-04-21 19:07:57,2021-04-21 19:29:40,Central Park W & W 97 St,7538,E 91 St & 2 Ave,7286,40.792495,-73.96417,40.78112229934166,-73.94965589046478,member
264513,DB16FD3BA0E0AFE2,docked_bike,2021-04-19 19:17:52,2021-04-19 19:38:26,Central Park W & W 97 St,7538,W 25 St & 6 Ave,6215,40.792495,-73.96417,40.74395411,-73.99144871,casual
264514,EF9A0C863C62CB41,docked_bike,2021-04-01 20:01:00,2021-04-01 20:04:32,West End Ave & W 107 St,7650,W 100 St & Manhattan Ave,7538,40.802117,-73.96818,40.795,-73.9645,member
264518,FF4C14B99C4C79CF,docked_bike,2021-04-02 14:40:28,2021-04-02 14:58:27,West End Ave & W 107 St,7650,W 100 St & Manhattan Ave,7538,40.802117,-73.96818,40.795,-73.9645,casual
264521,00783FF31433F3B0,docked_bike,2021-04-10 17:29:44,2021-04-10 17:52:03,W 84 St & Columbus Ave,7382,W 100 St & Manhattan Ave,7538,40.784999,-73.972834,40.795,-73.9645,casual
264522,94CB812638F5E662,docked_bike,2021-04-13 14:13:04,2021-04-13 15:13:01,West End Ave & W 107 St,7650,W 100 St & Manhattan Ave,7538,40.802117,-73.96818,40.795,-73.9645,member
264525,3822CB0114A4EF97,docked_bike,2021-04-17 14:32:04,2021-04-17 14:38:47,West End Ave & W 107 St,7650,W 100 St & Manhattan Ave,7538,40.802117,-73.96818,40.795,-73.9645,member
264531,A2F32D57305A43D7,docked_bike,2021-04-10 09:38:12,2021-04-10 09:43:23,West End Ave & W 107 St,7650,W 100 St & Manhattan Ave,7538,40.802117,-73.968181,40.795,-73.9645,member
264534,DCF76525935F80C8,docked_bike,2021-04-25 17:16:13,2021-04-25 17:20:40,West End Ave & W 107 St,7650,W 100 St & Manhattan Ave,7538,40.802117,-73.96818,40.795,-73.9645,member
264547,A79FE27D15BB7654,docked_bike,2021-04-21 17:27:50,2021-04-21 17:32:46,West End Ave & W 107 St,7650,W 100 St & Manhattan Ave,7538,40.802117,-73.96818,40.795,-73.9645,member
264554,F6C165BCC5DEF4D0,docked_bike,2021-04-13 12:06:27,2021-04-13 12:36:35,Pleasant Ave & E 120 St,7579,W 100 St & Manhattan Ave,7538,40.797477,-73.931184,40.795,-73.9645,member
264555,9AAB54B6CBF2D7E3,docked_bike,2021-04-15 07:28:21,2021-04-15 07:35:41,W 84 St & Columbus Ave,7382,W 100 St & Manhattan Ave,7538,40.784999,-73.972834,40.795,-73.9645,member
264603,C3B81AF6623C5BE3,docked_bike,2021-04-13 23:15:30,2021-04-13 23:20:30,W 84 St & Columbus Ave,7382,W 100 St & Manhattan Ave,7538,40.784999,-73.972834,40.795,-73.9645,member
264610,93A0713E83A0E0B7,docked_bike,2021-04-19 09:34:57,2021-04-19 09:40:22,West End Ave & W 107 St,7650,W 100 St & Manhattan Ave,7538,40.802117,-73.96818,40.795,-73.9645,member
264616,5DA80010C1DA34B5,docked_bike,2021-04-14 14:29:13,2021-04-14 14:34:29,West End Ave & W 107 St,7650,W 100 St & Manhattan Ave,7538,40.802117,-73.96818,40.795,-73.9645,member
264618,19D02F86DF7A9588,docked_bike,2021-04-10 11:00:18,2021-04-10 11:07:08,W 84 St & Columbus Ave,7382,W 100 St & Manhattan Ave,7538,40.784999,-73.972834,40.795,-73.9645,member
264623,BC3223563F23209B,docked_bike,2021-04-18 15:50:55,2021-04-18 15:54:30,West End Ave & W 107 St,7650,W 100 St & Manhattan Ave,7538,40.802117,-73.96818,40.795,-73.9645,member
264624,330440D1C8EC9CA3,docked_bike,2021-04-11 06:33:54,2021-04-11 06:38:35,West End Ave & W 107 St,7650,W 100 St & Manhattan Ave,7538,40.802117,-73.96818,40.795,-73.9645,member
264626,1178D75C0B3F70A7,docked_bike,2021-04-21 17:51:58,2021-04-21 17:57:01,West End Ave & W 107 St,7650,W 100 St & Manhattan Ave,7538,40.802117,-73.96818,40.795,-73.9645,member
264638,9F353F650DA7DFEC,docked_bike,2021-04-14 16:13:09,2021-04-14 16:36:13,West End Ave & W 107 St,7650,W 100 St & Manhattan Ave,7538,40.802117,-73.96818,40.795,-73.9645,member
264640,39FBE2E09BEBD788,docked_bike,2021-04-27 18:33:49,2021-04-27 18:37:39,West End Ave & W 107 St,7650,W 100 St & Manhattan Ave,7538,40.802117,-73.96818,40.795,-73.9645,member
264646,6CD892A35ACC5E88,docked_bike,2021-04-01 15:25:53,2021-04-01 15:30:07,West End Ave & W 107 St,7650,W 100 St & Manhattan Ave,7538,40.802117,-73.96818,40.795,-73.9645,member
264649,129F1B04A0A7773D,docked_bike,2021-04-29 14:34:53,2021-04-29 14:40:58,West End Ave & W 107 St,7650,W 100 St & Manhattan Ave,7538,40.802117,-73.96818,40.795,-73.9645,member
264651,881AB5730845240E,docked_bike,2021-04-07 18:36:47,2021-04-07 19:13:26,W 84 St & Columbus Ave,7382,W 100 St & Manhattan Ave,7538,40.784999,-73.972834,40.795,-73.9645,member
264655,5692F85EA749F1E8,docked_bike,2021-04-29 13:17:08,2021-04-29 13:23:14,W 84 St & Columbus Ave,7382,W 100 St & Manhattan Ave,7538,40.784999,-73.972834,40.795,-73.9645,member
264663,F2865E2E2CC5FB44,docked_bike,2021-04-10 17:30:25,2021-04-10 17:51:57,W 84 St & Columbus Ave,7382,W 100 St & Manhattan Ave,7538,40.784999,-73.972834,40.795,-73.9645,member
264693,F9317E551E5B937E,docked_bike,2021-04-29 19:04:10,2021-04-29 19:14:04,W 116 St & Amsterdam Ave,7692,W 100 St & Manhattan Ave,7538,40.806758,-73.960708,40.795,-73.9645,member
264695,B2B6B0D8E9637864,docked_bike,2021-04-30 16:30:11,2021-04-30 16:35:28,W 110 St & Amsterdam Ave,7646,W 100 St & Manhattan Ave,7538,40.802692,-73.96295,40.795,-73.9645,member
264707,A72702E38B5D29B0,docked_bike,2021-04-06 18:14:42,2021-04-06 18:18:07,W 110 St & Amsterdam Ave,7646,W 100 St & Manhattan Ave,7538,40.802692,-73.96295,40.795,-73.9645,member
264708,55C176B18C1A4244,docked_bike,2021-04-14 18:54:26,2021-04-14 18:58:27,W 110 St & Amsterdam Ave,7646,W 100 St & Manhattan Ave,7538,40.802692,-73.96295,40.795,-73.9645,member
264709,EC093B44031C429B,docked_bike,2021-04-07 20:11:45,2021-04-07 20:15:26,W 110 St & Amsterdam Ave,7646,W 100 St & Manhattan Ave,7538,40.802692,-73.96295,40.795,-73.9645,member
264711,03EA369BE1C16478,docked_bike,2021-04-29 10:26:36,2021-04-29 10:32:40,W 110 St & Amsterdam Ave,7646,W 100 St & Manhattan Ave,7538,40.802692,-73.96295,40.795,-73.9645,member
264712,A9596D9D2088C7E8,docked_bike,2021-04-19 16:55:12,2021-04-19 17:01:11,W 116 St & Amsterdam Ave,7692,W 100 St & Manhattan Ave,7538,40.806758,-73.960708,40.795,-73.9645,member
264713,48D533BF8C33E265,docked_bike,2021-04-29 16:42:53,2021-04-29 16:47:30,W 110 St & Amsterdam Ave,7646,W 100 St & Manhattan Ave,7538,40.802692,-73.96295,40.795,-73.9645,member
264717,69FF55CC71AD0AD0,docked_bike,2021-04-25 15:40:38,2021-04-25 15:47:09,W 110 St & Amsterdam Ave,7646,W 100 St & Manhattan Ave,7538,40.802692,-73.96295,40.795,-73.9645,member
264723,5857F6BFFA40CD56,docked_bike,2021-04-10 12:38:09,2021-04-10 12:46:42,W 110 St & Amsterdam Ave,7646,W 100 St & Manhattan Ave,7538,40.802692,-73.96295,40.795,-73.9645,member
264725,B73259D9E04AF97A,docked_bike,2021-04-14 16:55:23,2021-04-14 17:07:02,W 110 St & Amsterdam Ave,7646,W 100 St & Manhattan Ave,7538,40.802692,-73.96295,40.795,-73.9645,casual
264726,CDEA05B0DED0A440,docked_bike,2021-04-14 08:06:21,2021-04-14 08:21:11,W 110 St & Amsterdam Ave,7646,W 100 St & Manhattan Ave,7538,40.802692,-73.96295,40.795,-73.9645,member
264731,606D540207045EBB,docked_bike,2021-04-17 12:00:38,2021-04-17 12:19:08,W 116 St & Amsterdam Ave,7692,W 100 St & Manhattan Ave,7538,40.806758,-73.960708,40.795,-73.9645,member
264738,29C96191556E521A,docked_bike,2021-04-09 12:44:53,2021-04-09 13:02:02,W 42 St & Dyer Ave,6644,W 100 St & Manhattan Ave,7538,40.758984,-73.993799,40.795,-73.9645,member
264742,0DB1AE104D04BDEB,docked_bike,2021-04-30 13:42:46,2021-04-30 13:56:49,W 110 St & Amsterdam Ave,7646,W 100 St & Manhattan Ave,7538,40.802692,-73.96295,40.795,-73.9645,member
264743,D4E338CCBBA603EE,docked_bike,2021-04-21 13:37:11,2021-04-21 13:40:24,W 110 St & Amsterdam Ave,7646,W 100 St & Manhattan Ave,7538,40.802692,-73.96295,40.795,-73.9645,member
264744,892F03F43F28CFCA,docked_bike,2021-04-26 09:50:43,2021-04-26 09:55:33,W 110 St & Amsterdam Ave,7646,W 100 St & Manhattan Ave,7538,40.802692,-73.96295,40.795,-73.9645,member
264745,A5F5B40613F07143,docked_bike,2021-04-15 18:16:51,2021-04-15 18:20:52,W 110 St & Amsterdam Ave,7646,W 100 St & Manhattan Ave,7538,40.802692,-73.96295,40.795,-73.9645,member
264748,C40A8033301975FD,docked_bike,2021-04-27 12:15:27,2021-04-27 12:19:52,W 110 St & Amsterdam Ave,7646,W 100 St & Manhattan Ave,7538,40.802692,-73.96295,40.795,-73.9645,member
264752,4852A78D3D1D5E6A,docked_bike,2021-04-16 16:47:44,2021-04-16 16:55:53,W 110 St & Amsterdam Ave,7646,W 100 St & Manhattan Ave,7538,40.802692,-73.96295,40.795,-73.9645,member
264755,767F06A3D68DBCA1,docked_bike,2021-04-24 18:32:54,2021-04-24 19:13:24,W 110 St & Amsterdam Ave,7646,W 100 St & Manhattan Ave,7538,40.802692,-73.96295,40.795,-73.9645,member
264757,D1073A3B2918A3F6,docked_bike,2021-04-09 18:00:07,2021-04-09 18:05:27,W 110 St & Amsterdam Ave,7646,W 100 St & Manhattan Ave,7538,40.802692,-73.96295,40.795,-73.9645,member
264763,EF18EC101F3417CA,docked_bike,2021-04-17 14:18:30,2021-04-17 14:28:59,W 110 St & Amsterdam Ave,7646,W 100 St & Manhattan Ave,7538,40.802692,-73.96295,40.795,-73.9645,casual
264765,2E8E6F9199D05D88,docked_bike,2021-04-08 15:01:29,2021-04-08 15:06:10,W 110 St & Amsterdam Ave,7646,W 100 St & Manhattan Ave,7538,40.802692,-73.96295,40.795,-73.9645,casual
264766,BCDA197A5CA379FB,docked_bike,2021-04-01 14:54:56,2021-04-01 15:04:33,W 116 St & Amsterdam Ave,7692,W 100 St & Manhattan Ave,7538,40.806758,-73.960708,40.795,-73.9645,casual
264768,3672E4B419ADE336,docked_bike,2021-04-05 21:24:05,2021-04-05 21:55:26,E 171 St & Webster Ave,8190,W 100 St & Manhattan Ave,7538,40.838379,-73.905838,40.795,-73.9645,member
264780,31296CB0FB3EF268,docked_bike,2021-04-23 19:58:45,2021-04-23 20:20:58,W 116 St & Amsterdam Ave,7692,W 100 St & Manhattan Ave,7538,40.806758,-73.960708,40.795,-73.9645,member
264783,F2D050200BA94434,docked_bike,2021-04-30 07:57:11,2021-04-30 08:01:52,W 110 St & Amsterdam Ave,7646,W 100 St & Manhattan Ave,7538,40.802692,-73.96295,40.795,-73.9645,member
264792,793C512DC38B3073,docked_bike,2021-04-04 17:51:43,2021-04-04 18:35:58,11 Ave & W 59 St,7059,W 100 St & Manhattan Ave,7538,40.771496,-73.99046,40.795,-73.9645,member
264794,AF5F23BE23F095A6,docked_bike,2021-04-14 16:32:32,2021-04-14 16:48:08,W 51 St & 6 Ave,6740,W 100 St & Manhattan Ave,7538,40.760659,-73.98042,40.795,-73.9645,member
264797,8DA02112CE9683B5,docked_bike,2021-04-14 20:31:07,2021-04-14 20:53:32,W 51 St & 6 Ave,6740,W 100 St & Manhattan Ave,7538,40.760659,-73.98042,40.795,-73.9645,member
264800,FEC6BDE9EF183A94,docked_bike,2021-04-17 14:45:32,2021-04-17 16:07:59,12 Ave & W 125 St,7886,W 100 St & Manhattan Ave,7538,40.818299,-73.960405,40.795,-73.9645,casual
264816,3E20B04DB462D40B,docked_bike,2021-04-03 16:04:25,2021-04-03 16:23:04,W 51 St & 6 Ave,6740,W 100 St & Manhattan Ave,7538,40.760659,-73.98042,40.795,-73.9645,member
264820,60DC89E71906D699,docked_bike,2021-04-28 13:01:58,2021-04-28 13:33:34,Frederick Douglass Blvd & W 117 St,7688,W 100 St & Manhattan Ave,7538,40.805159,-73.954692,40.795,-73.9645,member
264822,B07177D2BD9CCF5F,docked_bike,2021-04-03 11:05:05,2021-04-03 11:15:17,Frederick Douglass Blvd & W 117 St,7688,W 100 St & Manhattan Ave,7538,40.805159,-73.954692,40.795,-73.9645,member
264824,66F414418A83ECEA,docked_bike,2021-04-10 16:42:37,2021-04-10 17:17:50,Frederick Douglass Blvd & W 117 St,7688,W 100 St & Manhattan Ave,7538,40.805159,-73.954692,40.795,-73.9645,member
264827,9D9683F91678685D,docked_bike,2021-04-04 10:52:33,2021-04-04 11:15:47,W 92 St & Broadway,7502,W 100 St & Manhattan Ave,7538,40.7921,-73.9739,40.795,-73.9645,member
264832,C205D2C2BFA54BE0,docked_bike,2021-04-23 14:02:54,2021-04-23 14:15:30,Frederick Douglass Blvd & W 117 St,7688,W 100 St & Manhattan Ave,7538,40.805159,-73.954692,40.795,-73.9645,member
264839,438647543A41C9EB,docked_bike,2021-04-30 20:41:40,2021-04-30 20:46:46,W 92 St & Broadway,7502,W 100 St & Manhattan Ave,7538,40.7921,-73.9739,40.795,-73.9645,member
264840,18C9A46BB39E0D41,docked_bike,2021-04-17 14:44:32,2021-04-17 15:00:41,5 Av & W 139 St,7851,W 100 St & Manhattan Ave,7538,40.815484,-73.935856,40.795,-73.9645,casual
264848,FC59AA04ED67624F,docked_bike,2021-04-29 18:03:10,2021-04-29 18:13:19,Frederick Douglass Blvd & W 117 St,7688,W 100 St & Manhattan Ave,7538,40.805159,-73.954692,40.795,-73.9645,casual
264850,8F680C4900A6C483,docked_bike,2021-04-17 09:54:05,2021-04-17 10:03:43,W 92 St & Broadway,7502,W 100 St & Manhattan Ave,7538,40.7921,-73.9739,40.795,-73.9645,member
264853,FFC5103090E729E2,docked_bike,2021-04-08 14:11:26,2021-04-08 14:20:49,Frederick Douglass Blvd & W 117 St,7688,W 100 St & Manhattan Ave,7538,40.805159,-73.954692,40.795,-73.9645,member
264856,F37EECE0AB06C3B2,docked_bike,2021-04-27 17:44:26,2021-04-27 17:48:49,W 92 St & Broadway,7502,W 100 St & Manhattan Ave,7538,40.7921,-73.9739,40.795,-73.9645,member
264858,DF4707392BF43DB8,docked_bike,2021-04-07 17:10:36,2021-04-07 17:20:36,Frederick Douglass Blvd & W 117 St,7688,W 100 St & Manhattan Ave,7538,40.805159,-73.954692,40.795,-73.9645,casual
264860,40C05A73EDA7D653,docked_bike,2021-04-09 17:16:54,2021-04-09 17:27:01,W 92 St & Broadway,7502,W 100 St & Manhattan Ave,7538,40.7921,-73.9739,40.795,-73.9645,casual
264870,18D42987F335D606,docked_bike,2021-04-18 13:34:50,2021-04-18 13:42:34,Frederick Douglass Blvd & W 117 St,7688,W 100 St & Manhattan Ave,7538,40.805159,-73.954692,40.795,-73.9645,casual
264871,19A0CAA7D908A44A,docked_bike,2021-04-23 16:08:12,2021-04-23 16:17:50,Frederick Douglass Blvd & W 117 St,7688,W 100 St & Manhattan Ave,7538,40.805159,-73.954692,40.795,-73.9645,member
264878,80DBEE7B6D3B2DD8,docked_bike,2021-04-29 18:07:47,2021-04-29 18:19:24,Frederick Douglass Blvd & W 117 St,7688,W 100 St & Manhattan Ave,7538,40.805159,-73.954692,40.795,-73.9645,member
264880,5558036979FF1EE4,docked_bike,2021-04-29 18:52:06,2021-04-29 18:59:29,Frederick Douglass Blvd & W 117 St,7688,W 100 St & Manhattan Ave,7538,40.805159,-73.954692,40.795,-73.9645,member
264884,3412203B10B11C44,docked_bike,2021-04-01 14:43:47,2021-04-01 14:49:12,Frederick Douglass Blvd & W 117 St,7688,W 100 St & Manhattan Ave,7538,40.805159,-73.954692,40.795,-73.9645,member
264887,33C594B85F14379A,docked_bike,2021-04-08 15:56:16,2021-04-08 16:05:06,Frederick Douglass Blvd & W 117 St,7688,W 100 St & Manhattan Ave,7538,40.805159,-73.954692,40.795,-73.9645,member
264888,33866E94D8E96D45,docked_bike,2021-04-07 13:29:48,2021-04-07 13:38:03,Frederick Douglass Blvd & W 117 St,7688,W 100 St & Manhattan Ave,7538,40.805159,-73.954692,40.795,-73.9645,member
264889,5D8585E1275437DE,docked_bike,2021-04-28 16:56:22,2021-04-28 17:05:48,Frederick Douglass Blvd & W 117 St,7688,W 100 St & Manhattan Ave,7538,40.805159,-73.954692,40.795,-73.9645,member
264895,1DC3082B499179C6,docked_bike,2021-04-10 14:48:20,2021-04-10 15:25:45,W 35 St & 9 Ave,6569,W 100 St & Manhattan Ave,7538,40.754145,-73.996088,40.795,-73.9645,member
264959,E2187DCAE3227C6E,docked_bike,2021-04-17 17:05:33,2021-04-17 17:46:08,W 104 St & Amsterdam Ave,7610,W 100 St & Manhattan Ave,7538,40.799041,-73.966494,40.795,-73.9645,member
264963,5684448C0AD9C88B,docked_bike,2021-04-21 13:12:53,2021-04-21 13:32:56,1 Ave & E 62 St,6753,W 100 St & Manhattan Ave,7538,40.761227,-73.96094,40.795,-73.9645,member
264968,091A1201E7A5D242,docked_bike,2021-04-13 14:29:43,2021-04-13 14:31:52,W 104 St & Amsterdam Ave,7610,W 100 St & Manhattan Ave,7538,40.799041,-73.966494,40.795,-73.9645,member
264971,7AE12BE8F6C1F9B0,docked_bike,2021-04-08 19:06:45,2021-04-08 19:10:13,W 104 St & Amsterdam Ave,7610,W 100 St & Manhattan Ave,7538,40.799041,-73.966494,40.795,-73.9645,member
264987,59CCD2FD82F597C5,docked_bike,2021-04-18 14:07:18,2021-04-18 14:09:23,W 104 St & Amsterdam Ave,7610,W 100 St & Manhattan Ave,7538,40.799041,-73.966494,40.795,-73.9645,member
264991,3CC55D474DFA89A6,docked_bike,2021-04-28 16:23:19,2021-04-28 17:03:18,W 104 St & Amsterdam Ave,7610,W 100 St & Manhattan Ave,7538,40.799041,-73.966494,40.795,-73.9645,casual
264994,AAFA7C5367ABD938,docked_bike,2021-04-24 13:43:41,2021-04-24 13:52:54,W 104 St & Amsterdam Ave,7610,W 100 St & Manhattan Ave,7538,40.799041,-73.966494,40.795,-73.9645,member
264995,AD53886993E9A631,docked_bike,2021-04-05 09:40:55,2021-04-05 10:14:11,E 27 St & Park Ave S,6131,W 100 St & Manhattan Ave,7538,40.742751,-73.984715,40.795,-73.9645,member
264998,F4385BE45DD110A2,docked_bike,2021-04-20 09:22:38,2021-04-20 09:27:21,W 104 St & Amsterdam Ave,7610,W 100 St & Manhattan Ave,7538,40.799041,-73.966494,40.795,-73.9645,member
265004,0DF55B00AF2DCB3E,docked_bike,2021-04-14 10:55:07,2021-04-14 10:58:02,W 104 St & Amsterdam Ave,7610,W 100 St & Manhattan Ave,7538,40.799041,-73.966494,40.795,-73.9645,member
265005,4E503C83E37E91FB,docked_bike,2021-04-05 08:09:52,2021-04-05 08:12:41,W 104 St & Amsterdam Ave,7610,W 100 St & Manhattan Ave,7538,40.799041,-73.966494,40.795,-73.9645,member
265016,27B37D516E02A1E1,docked_bike,2021-04-20 20:34:12,2021-04-20 20:40:59,W 104 St & Amsterdam Ave,7610,W 100 St & Manhattan Ave,7538,40.799041,-73.966494,40.795,-73.9645,member
265020,F27F4BDEA71E46F6,docked_bike,2021-04-26 17:16:10,2021-04-26 18:15:08,Amsterdam Ave & W 125 St,7800,W 100 St & Manhattan Ave,7538,40.813358,-73.956461,40.795,-73.9645,member
265021,5F51BB3045117A90,docked_bike,2021-04-09 19:04:00,2021-04-09 19:10:49,Amsterdam Ave & W 125 St,7800,W 100 St & Manhattan Ave,7538,40.813358,-73.956461,40.795,-73.9645,member
265022,309EED397666ECEA,docked_bike,2021-04-14 19:19:07,2021-04-14 19:32:16,8 Ave & W 52 St,6816,W 100 St & Manhattan Ave,7538,40.763707,-73.985161,40.795,-73.9645,member
265023,9069190BFF239B42,docked_bike,2021-04-25 00:26:36,2021-04-25 00:43:14,8 Ave & W 52 St,6816,W 100 St & Manhattan Ave,7538,40.763707,-73.985161,40.795,-73.9645,casual
265030,887B2C9BECB6C943,docked_bike,2021-04-19 15:03:25,2021-04-19 15:15:43,Edgecombe Ave & W 141 St,7915,W 100 St & Manhattan Ave,7538,40.820681,-73.945144,40.795,-73.9645,member
265039,22A2885352BADF83,docked_bike,2021-04-05 15:44:24,2021-04-05 16:15:24,Edgecombe Ave & W 141 St,7915,W 100 St & Manhattan Ave,7538,40.820681,-73.945144,40.795,-73.9645,casual
265045,E5446DBFE704F8CF,docked_bike,2021-04-29 17:23:35,2021-04-29 17:43:42,E 50 St & Park Ave,6659,W 100 St & Manhattan Ave,7538,40.757334,-73.974235,40.795,-73.9645,member
265060,CE4D219E60DD583C,docked_bike,2021-04-09 17:28:36,2021-04-09 17:51:22,6 Ave & W 34 St,6364,W 100 St & Manhattan Ave,7538,40.74964,-73.98805,40.795,-73.9645,member
265096,66A758388FA007A8,docked_bike,2021-04-17 17:29:08,2021-04-17 17:46:43,E 81 St & 3 Ave,7154,W 100 St & Manhattan Ave,7538,40.77573,-73.956752,40.795,-73.9645,member
265100,6F63ACE77BD2A56F,docked_bike,2021-04-07 17:06:35,2021-04-07 17:41:14,St Marks Pl & 1 Ave,5626,W 100 St & Manhattan Ave,7538,40.727791,-73.985649,40.795,-73.9645,member
265168,3599345D39693935,docked_bike,2021-04-20 13:28:16,2021-04-20 13:50:10,W 37 St & 5 Ave,6398,W 100 St & Manhattan Ave,7538,40.75038,-73.983389,40.795,-73.9645,member
265176,AAD1EE2BF4DA25A8,docked_bike,2021-04-19 15:38:04,2021-04-19 15:51:34,2 Ave & E 96 St,7338,W 100 St & Manhattan Ave,7538,40.783963,-73.947167,40.795,-73.9645,member
265188,75C02422A2DB6877,docked_bike,2021-04-20 11:26:20,2021-04-20 12:05:16,W 37 St & 5 Ave,6398,W 100 St & Manhattan Ave,7538,40.75038,-73.983389,40.795,-73.9645,casual
265191,E5C49BF63155DE06,docked_bike,2021-04-06 17:28:29,2021-04-06 17:47:20,2 Ave & E 96 St,7338,W 100 St & Manhattan Ave,7538,40.783963,-73.947167,40.795,-73.9645,member
265194,1AA88E5249DFFAB8,docked_bike,2021-04-08 12:52:27,2021-04-08 13:04:17,2 Ave & E 96 St,7338,W 100 St & Manhattan Ave,7538,40.783964,-73.947167,40.795,-73.9645,member
265219,02F7AD75AA250029,docked_bike,2021-04-07 07:03:51,2021-04-07 07:31:43,1 Ave & E 39 St,6303,W 100 St & Manhattan Ave,7538,40.74714,-73.97113,40.795,-73.9645,member
265252,715E8C409D1FFC55,docked_bike,2021-04-18 11:56:23,2021-04-18 12:13:39,E 93 St & 2 Ave,7286,W 100 St & Manhattan Ave,7538,40.782454,-73.94892,40.795,-73.9645,member
265256,2FFA052D6850DEC4,docked_bike,2021-04-23 14:42:56,2021-04-23 15:02:23,W 135 St & Lenox Terrace Pl,7832,W 100 St & Manhattan Ave,7538,40.813619,-73.939336,40.795,-73.9645,member
265290,CFCCB21385DCD4C0,docked_bike,2021-04-13 14:29:45,2021-04-13 14:41:49,W 135 St & Lenox Terrace Pl,7832,W 100 St & Manhattan Ave,7538,40.813619,-73.939336,40.795,-73.9645,member
265303,575E2A82E1D07066,docked_bike,2021-04-15 13:30:50,2021-04-15 13:42:53,W 135 St & Lenox Terrace Pl,7832,W 100 St & Manhattan Ave,7538,40.813619,-73.939336,40.795,-73.9645,member
265320,9FFFDD8CBEBDD9BD,docked_bike,2021-04-29 14:29:22,2021-04-29 14:53:44,W 135 St & Lenox Terrace Pl,7832,W 100 St & Manhattan Ave,7538,40.813619,-73.939336,40.795,-73.9645,member
265324,9DB4DA4D11C9659A,docked_bike,2021-04-14 15:42:22,2021-04-14 16:00:17,St Nicholas Ave & W 150 St,8013,W 100 St & Manhattan Ave,7538,40.827212,-73.942722,40.795,-73.9645,member
265331,5CF67EF7B9012F1B,docked_bike,2021-04-24 19:57:30,2021-04-24 20:10:12,West End Ave & W 94 St,7524,W 100 St & Manhattan Ave,7538,40.794165,-73.974124,40.795,-73.9645,casual
265332,34FAEC74D048EB0A,docked_bike,2021-04-04 14:31:06,2021-04-04 14:53:55,St Nicholas Ave & Manhattan Ave,7723,W 100 St & Manhattan Ave,7538,40.809725,-73.953149,40.795,-73.9645,member
265334,ED28DA978BF7E47F,docked_bike,2021-04-18 08:26:00,2021-04-18 08:32:24,St Nicholas Ave & Manhattan Ave,7723,W 100 St & Manhattan Ave,7538,40.809725,-73.953149,40.795,-73.9645,member
265338,43E4DAAC137E8CB2,docked_bike,2021-04-30 10:04:13,2021-04-30 10:10:35,West End Ave & W 94 St,7524,W 100 St & Manhattan Ave,7538,40.794165,-73.974124,40.795,-73.9645,member
265343,D66B6CD720928B62,docked_bike,2021-04-28 14:07:53,2021-04-28 14:24:35,Riverside Dr & W 78 St,7340,W 100 St & Manhattan Ave,7538,40.784144,-73.983624,40.795,-73.9645,member
265357,7AB0FE518C774C55,docked_bike,2021-04-28 19:27:33,2021-04-28 19:44:39,W 54 St & 9 Ave,6920,W 100 St & Manhattan Ave,7538,40.765849,-73.986905,40.795,-73.9645,member
265358,B7A712A19E5055A6,docked_bike,2021-04-24 18:36:43,2021-04-24 18:43:54,West End Ave & W 94 St,7524,W 100 St & Manhattan Ave,7538,40.794165,-73.974124,40.795,-73.9645,member
265361,A31625DC980FE0B7,docked_bike,2021-04-30 23:05:32,2021-04-30 23:23:18,W 42 St & 8 Ave,6602,W 100 St & Manhattan Ave,7538,40.757569,-73.990985,40.795,-73.9645,member
265363,E289A6109EFE3D7D,docked_bike,2021-04-28 15:47:35,2021-04-28 15:52:41,West End Ave & W 94 St,7524,W 100 St & Manhattan Ave,7538,40.794165,-73.974124,40.795,-73.9645,member
265366,3C420A0D150FDA00,docked_bike,2021-04-05 00:28:20,2021-04-05 00:38:56,St Nicholas Ave & Manhattan Ave,7723,W 100 St & Manhattan Ave,7538,40.809725,-73.953149,40.795,-73.9645,member
265382,5ECD8D4FC2D9FCFA,docked_bike,2021-04-16 18:09:19,2021-04-16 18:19:55,St Nicholas Ave & Manhattan Ave,7723,W 100 St & Manhattan Ave,7538,40.809725,-73.953149,40.795,-73.9645,casual
265390,94D93AF797C27176,docked_bike,2021-04-01 14:27:04,2021-04-01 14:40:07,West End Ave & W 94 St,7524,W 100 St & Manhattan Ave,7538,40.794165,-73.974124,40.795,-73.9645,member
265391,DF5D82A91F97E893,docked_bike,2021-04-30 23:58:50,2021-05-01 00:02:54,West End Ave & W 94 St,7524,W 100 St & Manhattan Ave,7538,40.794165,-73.974124,40.795,-73.9645,member
265392,26D1BF2834C0DC3A,docked_bike,2021-04-26 00:02:57,2021-04-26 00:06:27,West End Ave & W 94 St,7524,W 100 St & Manhattan Ave,7538,40.794165,-73.974124,40.795,-73.9645,member
265395,5C67741EA61600FD,docked_bike,2021-04-17 16:38:35,2021-04-17 16:46:10,St Nicholas Ave & Manhattan Ave,7723,W 100 St & Manhattan Ave,7538,40.809725,-73.953149,40.795,-73.9645,member
265428,B1EE9C0A0918EB50,docked_bike,2021-04-07 18:13:22,2021-04-07 18:23:56,W 84 St & Columbus Ave,7382,W 100 St & Manhattan Ave,7538,40.784999,-73.972834,40.795,-73.9645,casual
265433,FEC386B35C868C44,docked_bike,2021-04-08 07:19:24,2021-04-08 07:24:34,West End Ave & W 107 St,7650,W 100 St & Manhattan Ave,7538,40.802117,-73.96818,40.795,-73.9645,member
265436,C407D5A3C2A75815,docked_bike,2021-04-26 15:13:28,2021-04-26 15:20:29,W 84 St & Columbus Ave,7382,W 100 St & Manhattan Ave,7538,40.784999,-73.972834,40.795,-73.9645,member
265439,68A4384066AA73BC,docked_bike,2021-04-10 18:14:36,2021-04-10 18:23:56,W 84 St & Columbus Ave,7382,W 100 St & Manhattan Ave,7538,40.784999,-73.972834,40.795,-73.9645,member
265455,CD8B412242F1687A,docked_bike,2021-04-17 15:44:45,2021-04-17 16:09:56,Queens Plaza North & Crescent St,6429,W 100 St & Manhattan Ave,7538,40.751101,-73.940737,40.795,-73.9645,member
265479,F363D20A4536AF95,docked_bike,2021-04-08 17:33:21,2021-04-08 17:50:07,Amsterdam Ave & W 136 St,7920,W 100 St & Manhattan Ave,7538,40.819746,-73.951819,40.795,-73.9645,member
265484,4D66315A8FFE41F7,docked_bike,2021-04-04 10:52:02,2021-04-04 10:57:27,West End Ave & W 107 St,7650,W 100 St & Manhattan Ave,7538,40.802117,-73.96818,40.795,-73.9645,member
265488,3738DDF9961AFD31,docked_bike,2021-04-02 18:07:31,2021-04-02 18:23:29,Central Park S & 6 Ave,6876,W 100 St & Manhattan Ave,7538,40.765909,-73.976341,40.795,-73.9645,member
265511,7CDE7F4B1249421E,docked_bike,2021-04-20 19:30:10,2021-04-20 19:39:19,E 110 St & Madison Ave,7587,W 100 St & Manhattan Ave,7538,40.796153,-73.947821,40.795,-73.9645,member
265525,3A5DC20EE9F9E759,docked_bike,2021-04-18 14:24:56,2021-04-18 14:58:27,W 20 St & 10 Ave,6306,W 100 St & Manhattan Ave,7538,40.745686,-74.005141,40.795,-73.9645,casual
265534,CEAD3214BC41606F,docked_bike,2021-04-05 13:33:13,2021-04-05 13:37:38,W 95 St & Broadway,7541,W 100 St & Manhattan Ave,7538,40.79377,-73.971888,40.795,-73.9645,member
265537,45904412CE07AE33,docked_bike,2021-04-20 13:21:20,2021-04-20 13:25:17,W 95 St & Broadway,7541,W 100 St & Manhattan Ave,7538,40.79377,-73.971888,40.795,-73.9645,member
265559,8D7E959B79C1124C,docked_bike,2021-04-16 14:29:49,2021-04-16 14:43:01,Broadway & W 60 St,6948,W 100 St & Manhattan Ave,7538,40.769155,-73.981918,40.795,-73.9645,casual
265569,0DE1B1460F79691C,docked_bike,2021-04-05 18:19:10,2021-04-05 18:49:35,Broadway & W 25 St,6173,W 100 St & Manhattan Ave,7538,40.742868,-73.989186,40.795,-73.9645,member
265576,FC46B45C4D8B1175,docked_bike,2021-04-24 13:22:39,2021-04-24 13:46:34,Broadway & W 60 St,6948,W 100 St & Manhattan Ave,7538,40.769155,-73.981918,40.795,-73.9645,member
265583,E5B8437E89CACE43,docked_bike,2021-04-18 13:20:48,2021-04-18 13:39:01,Broadway & W 60 St,6948,W 100 St & Manhattan Ave,7538,40.769155,-73.981918,40.795,-73.9645,casual
265585,411F1E2D9C0E135A,docked_bike,2021-04-30 10:59:38,2021-04-30 11:18:27,Broadway & W 60 St,6948,W 100 St & Manhattan Ave,7538,40.769155,-73.981918,40.795,-73.9645,member
265591,8B2EA90F227386CB,docked_bike,2021-04-20 23:50:49,2021-04-21 00:02:50,Broadway & W 60 St,6948,W 100 St & Manhattan Ave,7538,40.769155,-73.981918,40.795,-73.9645,member
265596,1ACBF1AE4703BE56,docked_bike,2021-04-17 17:06:10,2021-04-17 17:25:13,Broadway & W 60 St,6948,W 100 St & Manhattan Ave,7538,40.769155,-73.981918,40.795,-73.9645,member
265602,E798161605C519EF,docked_bike,2021-04-14 21:54:49,2021-04-14 22:14:58,Broadway & W 60 St,6948,W 100 St & Manhattan Ave,7538,40.769155,-73.981918,40.795,-73.9645,member
265606,D55C18D864951872,docked_bike,2021-04-18 07:40:36,2021-04-18 08:12:47,W 204 St & Nagle Ave,8579,W 100 St & Manhattan Ave,7538,40.863211,-73.920827,40.795,-73.9645,member
265608,544C5E03F7422DEE,docked_bike,2021-04-17 12:08:35,2021-04-17 12:20:35,Broadway & W 60 St,6948,W 100 St & Manhattan Ave,7538,40.769155,-73.981918,40.795,-73.9645,member
265611,8BAA799BFBA809E6,docked_bike,2021-04-30 19:50:04,2021-04-30 20:15:11,Broadway & W 60 St,6948,W 100 St & Manhattan Ave,7538,40.769155,-73.981918,40.795,-73.9645,member
265613,CC8FC47E56E226F2,docked_bike,2021-04-20 10:47:17,2021-04-20 10:59:41,Broadway & W 60 St,6948,W 100 St & Manhattan Ave,7538,40.769155,-73.981918,40.795,-73.9645,member
265625,0B59B2252D72C9FA,docked_bike,2021-04-19 16:27:49,2021-04-19 16:53:37,Broadway & W 25 St,6173,W 100 St & Manhattan Ave,7538,40.742868,-73.989186,40.795,-73.9645,member
265647,C2F0EA3B5F08258F,docked_bike,2021-04-24 11:38:09,2021-04-24 12:11:26,W 24 St & 7 Ave,6257,W 100 St & Manhattan Ave,7538,40.744876,-73.995298,40.795,-73.9645,member
265649,9D0FCAD45BEEA854,docked_bike,2021-04-20 16:19:48,2021-04-20 16:32:32,Broadway & W 60 St,6948,W 100 St & Manhattan Ave,7538,40.769155,-73.981918,40.795,-73.9645,member
265653,C777B2755CFEC648,docked_bike,2021-04-14 10:29:12,2021-04-14 10:41:12,Broadway & W 60 St,6948,W 100 St & Manhattan Ave,7538,40.769155,-73.981918,40.795,-73.9645,member
265656,1B25FD4F2E5C7CB1,docked_bike,2021-04-23 09:59:57,2021-04-23 10:28:59,Broadway & W 60 St,6948,W 100 St & Manhattan Ave,7538,40.769155,-73.981918,40.795,-73.9645,member
265658,2A34A18A2D280AB1,docked_bike,2021-04-09 13:54:55,2021-04-09 14:11:26,Broadway & W 60 St,6948,W 100 St & Manhattan Ave,7538,40.769155,-73.981918,40.795,-73.9645,member
265678,4C2BE94C57BBBDB3,docked_bike,2021-04-08 13:00:39,2021-04-08 13:14:47,W 70 St & Amsterdam Ave,7207,W 100 St & Manhattan Ave,7538,40.77748,-73.982885,40.795,-73.9645,member
265679,ACAD8D87D3A9FEB5,docked_bike,2021-04-02 17:46:58,2021-04-02 18:01:42,W 70 St & Amsterdam Ave,7207,W 100 St & Manhattan Ave,7538,40.77748,-73.982886,40.795,-73.9645,member
265680,6B35CC896719DE41,docked_bike,2021-04-13 21:48:11,2021-04-13 21:57:57,E 89 St & 3 Ave,7265,W 100 St & Manhattan Ave,7538,40.780628,-73.952166,40.795,-73.9645,member
265694,233E1E19A85E0BF7,docked_bike,2021-04-28 07:04:38,2021-04-28 07:40:58,1 Ave & E 16 St,5779,W 100 St & Manhattan Ave,7538,40.732218,-73.981655,40.795,-73.9645,member
265695,4A3E6476608FD6AE,docked_bike,2021-04-07 14:47:26,2021-04-07 15:04:15,5 Ave & W 131 St,7735,W 100 St & Manhattan Ave,7538,40.81014,-73.93973,40.795,-73.9645,member
265699,E70D82F7C5D04F07,docked_bike,2021-04-20 13:08:59,2021-04-20 13:22:12,W 70 St & Amsterdam Ave,7207,W 100 St & Manhattan Ave,7538,40.77748,-73.982885,40.795,-73.9645,member
265708,B1596F20B74AF314,docked_bike,2021-04-26 13:02:38,2021-04-26 13:17:46,E 89 St & 3 Ave,7265,W 100 St & Manhattan Ave,7538,40.780628,-73.952166,40.795,-73.9645,casual
265715,5BCEEF5A177EF633,docked_bike,2021-04-19 13:54:20,2021-04-19 14:05:57,E 89 St & 3 Ave,7265,W 100 St & Manhattan Ave,7538,40.780628,-73.952166,40.795,-73.9645,member
265721,AB98C10A8BD14D77,docked_bike,2021-04-16 14:50:10,2021-04-16 15:03:27,5 Ave & W 131 St,7735,W 100 St & Manhattan Ave,7538,40.81014,-73.93973,40.795,-73.9645,member
265731,9641C1959A913BFD,docked_bike,2021-04-14 20:45:23,2021-04-14 20:54:45,E 89 St & 3 Ave,7265,W 100 St & Manhattan Ave,7538,40.780628,-73.952166,40.795,-73.9645,member
265732,5AF0A96EFAD61401,docked_bike,2021-04-18 21:55:05,2021-04-18 22:03:56,E 89 St & 3 Ave,7265,W 100 St & Manhattan Ave,7538,40.780628,-73.952166,40.795,-73.9645,member
265748,F0179679F62CE153,docked_bike,2021-04-05 20:49:12,2021-04-05 20:59:03,E 89 St & 3 Ave,7265,W 100 St & Manhattan Ave,7538,40.780628,-73.952166,40.795,-73.9645,member
265749,8995EE981D0A0F61,docked_bike,2021-04-04 21:54:34,2021-04-04 22:02:33,E 89 St & 3 Ave,7265,W 100 St & Manhattan Ave,7538,40.780628,-73.952166,40.795,-73.9645,member
265750,9F2C3743BD23BF30,docked_bike,2021-04-01 21:49:11,2021-04-01 21:57:53,E 89 St & 3 Ave,7265,W 100 St & Manhattan Ave,7538,40.780628,-73.952166,40.795,-73.9645,member
265751,711E2229CE76EEA1,docked_bike,2021-04-10 13:14:08,2021-04-10 13:26:26,E 89 St & 3 Ave,7265,W 100 St & Manhattan Ave,7538,40.780628,-73.952166,40.795,-73.9645,member
265758,634E8FF5CBC632E9,docked_bike,2021-04-29 20:49:41,2021-04-29 20:59:54,E 89 St & 3 Ave,7265,W 100 St & Manhattan Ave,7538,40.780628,-73.952166,40.795,-73.9645,member
265770,9E9BD5373F89050B,docked_bike,2021-04-22 12:26:32,2021-04-22 12:40:13,Central Park West & W 76 St,7253,W 100 St & Manhattan Ave,7538,40.778967,-73.973747,40.795,-73.9645,member
265771,F632D6C365DC6ED8,docked_bike,2021-04-20 19:08:55,2021-04-20 21:22:28,Walton Ave & E 153 St,7945,W 100 St & Manhattan Ave,7538,40.822351,-73.926907,40.795,-73.9645,member
265793,FD588E7AB43A3048,docked_bike,2021-04-27 15:27:43,2021-04-27 15:47:26,W 43 St & 10 Ave,6756,W 100 St & Manhattan Ave,7538,40.760094,-73.994618,40.795,-73.9645,member
265796,68AEC59BDD62D657,docked_bike,2021-04-17 14:46:11,2021-04-17 15:04:01,W 70 St & Amsterdam Ave,7207,W 100 St & Manhattan Ave,7538,40.77748,-73.982885,40.795,-73.9645,member
265797,B00A6F139AAB99C5,docked_bike,2021-04-04 17:07:34,2021-04-04 17:19:50,5 Ave & W 131 St,7735,W 100 St & Manhattan Ave,7538,40.81014,-73.93973,40.795,-73.9645,member
265806,45C889A24ECF244D,docked_bike,2021-04-28 16:10:49,2021-04-28 16:53:46,1 Ave & E 16 St,5779,W 100 St & Manhattan Ave,7538,40.732218,-73.981655,40.795,-73.9645,member
265810,8B0362344AC62015,docked_bike,2021-04-01 19:02:19,2021-04-01 19:48:44,1 Ave & E 16 St,5779,W 100 St & Manhattan Ave,7538,40.732218,-73.981655,40.795,-73.9645,member
265813,85A5B5FD58EC7369,docked_bike,2021-04-30 16:56:52,2021-04-30 17:13:43,E 89 St & 3 Ave,7265,W 100 St & Manhattan Ave,7538,40.780628,-73.952166,40.795,-73.9645,member
265815,E020D97ECD6370EA,docked_bike,2021-04-09 10:34:21,2021-04-09 10:53:12,W 54 St & 9 Ave,6920,W 100 St & Manhattan Ave,7538,40.765849,-73.986905,40.795,-73.9645,member
265816,265FAC8F7AD9E3AC,docked_bike,2021-04-16 10:48:54,2021-04-16 11:03:23,W 54 St & 9 Ave,6920,W 100 St & Manhattan Ave,7538,40.765849,-73.986905,40.795,-73.9645,member
265819,C86E50E454BA5DAA,docked_bike,2021-04-13 19:37:31,2021-04-13 19:50:21,St Nicholas Ave & Manhattan Ave,7723,W 100 St & Manhattan Ave,7538,40.809725,-73.953149,40.795,-73.9645,member
265821,F964231808B4B366,docked_bike,2021-04-14 04:35:21,2021-04-14 04:43:16,St Nicholas Ave & Manhattan Ave,7723,W 100 St & Manhattan Ave,7538,40.809725,-73.953149,40.795,-73.9645,member
265826,F8FDA986C245B9DB,docked_bike,2021-04-24 17:30:14,2021-04-24 17:47:54,5 Ave & E 78 St,7161,W 100 St & Manhattan Ave,7538,40.776321,-73.964273,40.795,-73.9645,casual
265828,F44FF30DBC77062E,docked_bike,2021-04-23 19:37:17,2021-04-23 19:58:26,Riverside Dr & W 72 St,7288,W 100 St & Manhattan Ave,7538,40.780577,-73.985624,40.795,-73.9645,member
265833,65D354ECCD76FD51,docked_bike,2021-04-07 16:13:56,2021-04-07 16:27:59,3 Ave & E 72 St,7028,W 100 St & Manhattan Ave,7538,40.769943,-73.960607,40.795,-73.9645,member
265835,B82452D40BACC7CD,docked_bike,2021-04-17 17:22:18,2021-04-17 17:48:07,Riverside Dr & W 72 St,7288,W 100 St & Manhattan Ave,7538,40.780577,-73.985624,40.795,-73.9645,member
265837,2B3ECAD3BCF28E61,docked_bike,2021-04-24 11:23:28,2021-04-24 11:42:18,5 Ave & E 78 St,7161,W 100 St & Manhattan Ave,7538,40.776321,-73.964273,40.795,-73.9645,casual
265846,84B0236EC42D573B,docked_bike,2021-04-19 19:41:17,2021-04-19 19:54:39,5 Ave & E 78 St,7161,W 100 St & Manhattan Ave,7538,40.776321,-73.964273,40.795,-73.9645,member
265852,64A268A4DF721488,docked_bike,2021-04-19 19:17:17,2021-04-19 19:52:23,5 Ave & E 78 St,7161,W 100 St & Manhattan Ave,7538,40.776321,-73.964273,40.795,-73.9645,member
265863,B48EE799509B7884,docked_bike,2021-04-03 15:50:22,2021-04-03 16:21:02,St Ann's Ave & Westchester Ave,7835,W 100 St & Manhattan Ave,7538,40.815887,-73.911918,40.795,-73.9645,casual
265866,E07BEE35BA33684B,docked_bike,2021-04-10 16:48:06,2021-04-10 17:11:46,Riverside Dr & W 72 St,7288,W 100 St & Manhattan Ave,7538,40.780577,-73.985624,40.795,-73.9645,member
265870,1800B0E0FFB38D69,docked_bike,2021-04-11 16:48:56,2021-04-11 16:59:11,5 Ave & E 78 St,7161,W 100 St & Manhattan Ave,7538,40.776321,-73.964273,40.795,-73.9645,casual
265872,B6ACF702E250FE3A,docked_bike,2021-04-18 15:41:05,2021-04-18 15:53:49,Riverside Dr & W 72 St,7288,W 100 St & Manhattan Ave,7538,40.780577,-73.985624,40.795,-73.9645,member
265874,13C558223F852919,docked_bike,2021-04-27 14:55:49,2021-04-27 15:14:28,3 Ave & E 72 St,7028,W 100 St & Manhattan Ave,7538,40.769942,-73.960607,40.795,-73.9645,casual
265878,64AE496FC2B400AA,docked_bike,2021-04-13 20:21:48,2021-04-13 20:34:55,5 Ave & E 78 St,7161,W 100 St & Manhattan Ave,7538,40.776321,-73.964273,40.795,-73.9645,member
265879,50705995D4C89B09,docked_bike,2021-04-10 15:17:14,2021-04-10 15:59:46,5 Ave & E 78 St,7161,W 100 St & Manhattan Ave,7538,40.776321,-73.964273,40.795,-73.9645,casual
265880,DB81523EF392C576,docked_bike,2021-04-09 22:23:34,2021-04-09 22:34:26,5 Ave & E 78 St,7161,W 100 St & Manhattan Ave,7538,40.776321,-73.964273,40.795,-73.9645,member
265882,E820C758C4D73C58,docked_bike,2021-04-05 18:02:23,2021-04-05 18:15:50,5 Ave & E 78 St,7161,W 100 St & Manhattan Ave,7538,40.776321,-73.964273,40.795,-73.9645,member
265883,DE63261EACE2D45F,docked_bike,2021-04-02 15:10:57,2021-04-02 15:42:53,St Ann's Ave & Westchester Ave,7835,W 100 St & Manhattan Ave,7538,40.815887,-73.911918,40.795,-73.9645,member
265884,EA4EC04537BF96C7,docked_bike,2021-04-08 22:15:10,2021-04-08 22:22:49,5 Ave & E 78 St,7161,W 100 St & Manhattan Ave,7538,40.776321,-73.964273,40.795,-73.9645,member
265885,990B5AC046CF143A,docked_bike,2021-04-20 15:33:02,2021-04-20 15:50:22,5 Ave & E 78 St,7161,W 100 St & Manhattan Ave,7538,40.776321,-73.964273,40.795,-73.9645,member
265887,E786915511D85CB3,docked_bike,2021-04-13 17:27:22,2021-04-13 17:59:53,W 20 St & 7 Ave,6182,W 100 St & Manhattan Ave,7538,40.742387,-73.997262,40.795,-73.9645,member
265891,97F070C64DFD3794,docked_bike,2021-04-24 17:31:03,2021-04-24 17:47:56,5 Ave & E 78 St,7161,W 100 St & Manhattan Ave,7538,40.776321,-73.964273,40.795,-73.9645,casual
265894,DB3E381751EF5A21,docked_bike,2021-04-06 17:54:39,2021-04-06 18:18:01,Riverside Dr & W 72 St,7288,W 100 St & Manhattan Ave,7538,40.780577,-73.985624,40.795,-73.9645,member
265900,D56919714D4B54CE,docked_bike,2021-04-04 19:24:25,2021-04-04 19:50:48,5 Ave & E 78 St,7161,W 100 St & Manhattan Ave,7538,40.776321,-73.964274,40.795,-73.9645,casual
265901,FA9508B2371832A8,docked_bike,2021-04-14 13:52:00,2021-04-14 14:10:39,3 Ave & E 72 St,7028,W 100 St & Manhattan Ave,7538,40.769942,-73.960607,40.795,-73.9645,member
265906,7057B976F83235B3,docked_bike,2021-04-30 18:31:14,2021-04-30 19:01:08,W 40 St & 5 Ave,6474,W 100 St & Manhattan Ave,7538,40.752269,-73.982079,40.795,-73.9645,member
265959,81D73A680A7B04C1,docked_bike,2021-04-10 16:10:24,2021-04-10 16:28:25,Central Park West & W 85 St,7354,W 100 St & Manhattan Ave,7538,40.78476,-73.969862,40.795,-73.9645,member
265963,C3FA625BE6F068AB,docked_bike,2021-04-05 16:10:43,2021-04-05 16:18:08,Adam Clayton Powell Blvd & W 115 St,7643,W 100 St & Manhattan Ave,7538,40.802535,-73.953242,40.795,-73.9645,member
265967,7F6899380647006F,docked_bike,2021-04-23 10:40:06,2021-04-23 10:48:49,Adam Clayton Powell Blvd & W 115 St,7643,W 100 St & Manhattan Ave,7538,40.802535,-73.953242,40.795,-73.9645,member
265969,A4B85DA190CD24F9,docked_bike,2021-04-18 15:52:21,2021-04-18 15:58:23,Central Park West & W 85 St,7354,W 100 St & Manhattan Ave,7538,40.78476,-73.969862,40.795,-73.9645,member
265994,47D386FDBC9542D7,docked_bike,2021-04-03 14:02:21,2021-04-03 14:23:47,Lenox Ave & W 111 St,7602,W 100 St & Manhattan Ave,7538,40.798785,-73.9523,40.795,-73.9645,casual
266000,BC96F22809B59606,docked_bike,2021-04-29 16:25:50,2021-04-29 16:31:42,Lenox Ave & W 111 St,7602,W 100 St & Manhattan Ave,7538,40.798785,-73.9523,40.795,-73.9645,casual
266002,511BA5B784163D00,docked_bike,2021-04-11 18:03:25,2021-04-11 18:09:54,Lenox Ave & W 111 St,7602,W 100 St & Manhattan Ave,7538,40.798785,-73.9523,40.795,-73.9645,member
266003,9D98DF4D92CE8E5F,docked_bike,2021-04-16 14:34:37,2021-04-16 14:42:28,Lenox Ave & W 111 St,7602,W 100 St & Manhattan Ave,7538,40.798785,-73.9523,40.795,-73.9645,member
266008,A661070AB423CF6C,docked_bike,2021-04-17 07:38:44,2021-04-17 07:43:07,Lenox Ave & W 111 St,7602,W 100 St & Manhattan Ave,7538,40.798785,-73.9523,40.795,-73.9645,casual
266014,337828C6F93164D6,docked_bike,2021-04-22 15:15:14,2021-04-22 15:22:38,Lenox Ave & W 111 St,7602,W 100 St & Manhattan Ave,7538,40.798785,-73.9523,40.795,-73.9645,member
266016,836DFC7E5CB62FCA,docked_bike,2021-04-05 15:10:27,2021-04-05 15:22:53,Lenox Ave & W 111 St,7602,W 100 St & Manhattan Ave,7538,40.798785,-73.9523,40.795,-73.9645,casual
266020,68C90992173508C6,docked_bike,2021-04-14 14:08:55,2021-04-14 15:26:51,Lenox Ave & W 111 St,7602,W 100 St & Manhattan Ave,7538,40.798785,-73.9523,40.795,-73.9645,casual
266022,2EC5FA948D3A8B11,docked_bike,2021-04-28 14:52:29,2021-04-28 15:03:08,Lenox Ave & W 111 St,7602,W 100 St & Manhattan Ave,7538,40.798785,-73.9523,40.795,-73.9645,member
266044,8576A61691283302,docked_bike,2021-04-02 21:56:34,2021-04-02 22:04:21,E 89 St & 3 Ave,7265,W 100 St & Manhattan Ave,7538,40.780628,-73.952166,40.795,-73.9645,member
266045,70AF1F8433F66BC9,docked_bike,2021-04-18 10:54:28,2021-04-18 13:04:13,FDR Drive & E 35 St,6230,W 100 St & Manhattan Ave,7538,40.744219,-73.971212,40.795,-73.9645,member
266049,D1AC2BB0E119E678,docked_bike,2021-04-14 23:43:54,2021-04-15 00:20:42,1 Ave & E 16 St,5779,W 100 St & Manhattan Ave,7538,40.732218,-73.981655,40.795,-73.9645,casual
266061,540EB803B0D08C1E,docked_bike,2021-04-10 20:48:18,2021-04-10 20:58:07,E 89 St & 3 Ave,7265,W 100 St & Manhattan Ave,7538,40.780628,-73.952166,40.795,-73.9645,member
266062,78A613A8627698FE,docked_bike,2021-04-22 10:53:35,2021-04-22 11:11:04,E 89 St & 3 Ave,7265,W 100 St & Manhattan Ave,7538,40.780628,-73.952166,40.795,-73.9645,member
266071,3956F758E8D667E3,docked_bike,2021-04-24 12:42:13,2021-04-24 13:00:01,Lenox Ave & W 111 St,7602,W 100 St & Manhattan Ave,7538,40.798785,-73.9523,40.795,-73.9645,casual
266072,25139D9131B1A023,docked_bike,2021-04-26 18:09:34,2021-04-26 18:30:09,Lenox Ave & W 111 St,7602,W 100 St & Manhattan Ave,7538,40.798785,-73.9523,40.795,-73.9645,casual
266078,0922F6625ACD2D90,docked_bike,2021-04-04 16:28:32,2021-04-04 16:43:56,Lenox Ave & W 111 St,7602,W 100 St & Manhattan Ave,7538,40.798785,-73.9523,40.795,-73.9645,member
266081,C5EF9612A2DF6FBC,docked_bike,2021-04-29 17:07:15,2021-04-29 17:12:38,Lenox Ave & W 111 St,7602,W 100 St & Manhattan Ave,7538,40.798785,-73.9523,40.795,-73.9645,member
266086,FE922802ABA2755E,docked_bike,2021-04-26 18:09:47,2021-04-26 18:30:46,Lenox Ave & W 111 St,7602,W 100 St & Manhattan Ave,7538,40.798785,-73.9523,40.795,-73.9645,casual
266117,D4FC5544914D36B8,docked_bike,2021-04-09 15:20:52,2021-04-09 15:23:24,W 104 St & Amsterdam Ave,7610,W 100 St & Manhattan Ave,7538,40.799041,-73.966494,40.795,-73.9645,member
266119,EAF5CEBF35AC4351,docked_bike,2021-04-06 09:33:40,2021-04-06 09:37:07,W 104 St & Amsterdam Ave,7610,W 100 St & Manhattan Ave,7538,40.799041,-73.966494,40.795,-73.9645,member
266128,17F7F16824BC561C,docked_bike,2021-04-28 14:45:52,2021-04-28 14:49:43,W 104 St & Amsterdam Ave,7610,W 100 St & Manhattan Ave,7538,40.799041,-73.966494,40.795,-73.9645,member
266129,6E1DBF9D3689948B,docked_bike,2021-04-02 17:29:52,2021-04-02 17:34:00,W 104 St & Amsterdam Ave,7610,W 100 St & Manhattan Ave,7538,40.799041,-73.966495,40.795,-73.9645,member
266152,CA4AA188091BC53D,docked_bike,2021-04-19 13:57:29,2021-04-19 13:59:31,W 104 St & Amsterdam Ave,7610,W 100 St & Manhattan Ave,7538,40.799041,-73.966494,40.795,-73.9645,casual
266158,6340676DED7BD228,docked_bike,2021-04-28 15:40:28,2021-04-28 16:09:39,10 Ave & W 215 St,8679,W 100 St & Manhattan Ave,7538,40.869324,-73.915197,40.795,-73.9645,member
266159,1E7CA02DB220D4A7,docked_bike,2021-04-24 15:56:26,2021-04-24 15:59:19,W 104 St & Amsterdam Ave,7610,W 100 St & Manhattan Ave,7538,40.799041,-73.966494,40.795,-73.9645,member
266160,13CFE258962680C9,docked_bike,2021-04-12 08:55:23,2021-04-12 09:11:41,W 104 St & Amsterdam Ave,7610,W 100 St & Manhattan Ave,7538,40.799041,-73.966494,40.795,-73.9645,member
266174,6033AD4DFA869BA4,docked_bike,2021-04-14 12:03:06,2021-04-14 12:19:28,W 70 St & Amsterdam Ave,7207,W 100 St & Manhattan Ave,7538,40.77748,-73.982885,40.795,-73.9645,member
266176,19B030C17B186CD8,docked_bike,2021-04-26 20:49:06,2021-04-26 20:57:47,E 89 St & 3 Ave,7265,W 100 St & Manhattan Ave,7538,40.780628,-73.952166,40.795,-73.9645,member
266182,AEAF59DB36E6A9E5,docked_bike,2021-04-23 10:54:48,2021-04-23 11:12:07,W 70 St & Amsterdam Ave,7207,W 100 St & Manhattan Ave,7538,40.77748,-73.982885,40.795,-73.9645,member
266196,3F6E17EFB5DDBFF5,docked_bike,2021-04-23 17:18:33,2021-04-23 18:13:53,E 84 St & 1 Ave,7180,W 100 St & Manhattan Ave,7538,40.775655,-73.950686,40.795,-73.9645,member
266205,08F1A649436656C7,docked_bike,2021-04-10 11:14:32,2021-04-10 11:29:09,St Nicholas Ave & W 134 St,7837,W 100 St & Manhattan Ave,7538,40.816234,-73.948222,40.795,-73.9645,member
266209,A4D11F90A6E3D5A7,docked_bike,2021-04-06 21:52:43,2021-04-06 22:03:20,E 89 St & 3 Ave,7265,W 100 St & Manhattan Ave,7538,40.780628,-73.952166,40.795,-73.9645,member
266210,00D136BDB66A8495,docked_bike,2021-04-16 14:07:50,2021-04-16 14:40:57,FDR Drive & E 35 St,6230,W 100 St & Manhattan Ave,7538,40.744219,-73.971212,40.795,-73.9645,member
266232,6579467FB57E7475,docked_bike,2021-04-24 21:58:13,2021-04-24 22:06:38,E 89 St & 3 Ave,7265,W 100 St & Manhattan Ave,7538,40.780628,-73.952166,40.795,-73.9645,member
266239,524BE4CBFBB28DF6,docked_bike,2021-04-16 10:41:23,2021-04-16 10:55:13,St Nicholas Ave & W 134 St,7837,W 100 St & Manhattan Ave,7538,40.816234,-73.948222,40.795,-73.9645,member
266264,27F928533D8DD317,docked_bike,2021-04-03 16:41:24,2021-04-03 16:55:07,Lenox Ave & W 126 St,7720,W 100 St & Manhattan Ave,7538,40.808442,-73.945208,40.795,-73.9645,casual
266266,D34858ABF4547715,docked_bike,2021-04-16 13:33:13,2021-04-16 13:42:44,W 120 St & Claremont Ave,7745,W 100 St & Manhattan Ave,7538,40.810949,-73.9634,40.795,-73.9645,casual
266270,E12C6D7A9D527FEC,docked_bike,2021-04-24 14:34:30,2021-04-24 15:06:45,W 120 St & Claremont Ave,7745,W 100 St & Manhattan Ave,7538,40.810949,-73.9634,40.795,-73.9645,member
266273,F7A0424DBC915FD7,docked_bike,2021-04-05 15:45:06,2021-04-05 15:54:10,Convent Ave & W 135 St,7860,W 100 St & Manhattan Ave,7538,40.818215,-73.950988,40.795,-73.9645,member
266282,99E4335B2435CA7F,docked_bike,2021-04-07 13:00:07,2021-04-07 13:09:41,Convent Ave & W 135 St,7860,W 100 St & Manhattan Ave,7538,40.818215,-73.950988,40.795,-73.9645,member
266283,D583409C269B3341,docked_bike,2021-04-19 17:21:02,2021-04-19 17:31:33,Lenox Ave & W 126 St,7720,W 100 St & Manhattan Ave,7538,40.808442,-73.945208,40.795,-73.9645,casual
266295,89AA98633EF5CB78,docked_bike,2021-04-07 18:11:07,2021-04-07 18:31:08,Lenox Ave & W 126 St,7720,W 100 St & Manhattan Ave,7538,40.808442,-73.945208,40.795,-73.9645,casual
266298,B9EE7CF93A240CDF,docked_bike,2021-04-25 16:45:50,2021-04-25 17:07:26,Lenox Ave & W 126 St,7720,W 100 St & Manhattan Ave,7538,40.808442,-73.945208,40.795,-73.9645,member
266315,064683FDE2732BD6,docked_bike,2021-04-19 17:36:33,2021-04-19 17:45:38,Lenox Ave & W 126 St,7720,W 100 St & Manhattan Ave,7538,40.808442,-73.945208,40.795,-73.9645,member
266330,1BA9F6ED6F31ED29,docked_bike,2021-04-30 08:05:18,2021-04-30 08:15:13,W 120 St & Claremont Ave,7745,W 100 St & Manhattan Ave,7538,40.810949,-73.9634,40.795,-73.9645,casual
266333,F1F503C363DBCF6F,docked_bike,2021-04-29 19:11:59,2021-04-29 19:27:55,Lenox Ave & W 126 St,7720,W 100 St & Manhattan Ave,7538,40.808442,-73.945208,40.795,-73.9645,member
266336,6055C2C321A3B4BB,docked_bike,2021-04-05 14:10:40,2021-04-05 14:19:50,Lenox Ave & W 126 St,7720,W 100 St & Manhattan Ave,7538,40.808442,-73.945208,40.795,-73.9645,member
266342,E6300D78501C9FD6,docked_bike,2021-04-23 23:33:48,2021-04-23 23:58:33,E 88 St & 1 Ave,7235,W 100 St & Manhattan Ave,7538,40.778301,-73.948813,40.795,-73.9645,casual
266367,E00F17339AF4D78C,docked_bike,2021-04-13 15:42:36,2021-04-13 15:58:23,E 88 St & 1 Ave,7235,W 100 St & Manhattan Ave,7538,40.778301,-73.948813,40.795,-73.9645,member
266369,A4E1446D39A0EE36,docked_bike,2021-04-27 13:14:59,2021-04-27 14:12:03,Avenue D & E 3 St,5436,W 100 St & Manhattan Ave,7538,40.720828,-73.977931,40.795,-73.9645,member
266403,E9FE58A95D50B698,docked_bike,2021-04-24 14:27:13,2021-04-24 15:06:45,W 120 St & Claremont Ave,7745,W 100 St & Manhattan Ave,7538,40.810949,-73.9634,40.795,-73.9645,member
266424,ADAA3F279025F1F2,docked_bike,2021-04-20 20:02:15,2021-04-20 20:12:18,E 84 St & 1 Ave,7180,W 100 St & Manhattan Ave,7538,40.775655,-73.950686,40.795,-73.9645,member
266425,03500DA4C55CBDEB,docked_bike,2021-04-09 16:38:42,2021-04-09 16:55:07,E 84 St & 1 Ave,7180,W 100 St & Manhattan Ave,7538,40.775655,-73.950686,40.795,-73.9645,member
266435,5B61C73BB85CC02E,docked_bike,2021-04-07 14:23:32,2021-04-07 14:39:30,E 84 St & 1 Ave,7180,W 100 St & Manhattan Ave,7538,40.775655,-73.950686,40.795,-73.9645,member
266437,8F412673D611A4B3,docked_bike,2021-04-10 20:31:14,2021-04-10 21:06:21,St Nicholas Ave & W 134 St,7837,W 100 St & Manhattan Ave,7538,40.816234,-73.948222,40.795,-73.9645,casual
266439,8259F5938E2C7F24,docked_bike,2021-04-22 13:28:15,2021-04-22 13:42:51,E 84 St & 1 Ave,7180,W 100 St & Manhattan Ave,7538,40.775655,-73.950686,40.795,-73.9645,member
266469,8D5A8ECCCE283C4E,docked_bike,2021-04-06 18:46:36,2021-04-06 18:59:02,E 72 St & Park Ave,6998,W 100 St & Manhattan Ave,7538,40.771182,-73.964094,40.795,-73.9645,casual
266493,E3B355370D05DD50,docked_bike,2021-04-20 15:17:40,2021-04-20 16:05:53,W 169 St & Fort Washington Ave,8282,W 100 St & Manhattan Ave,7538,40.842842,-73.942125,40.795,-73.9645,casual
266500,A74603DF72C0D7E0,docked_bike,2021-04-20 15:17:55,2021-04-20 16:04:56,W 169 St & Fort Washington Ave,8282,W 100 St & Manhattan Ave,7538,40.842842,-73.942125,40.795,-73.9645,casual
266502,F891288D72B68BEB,docked_bike,2021-04-16 20:50:12,2021-04-16 21:21:00,W 22 St & 10 Ave,6306,W 100 St & Manhattan Ave,7538,40.746919,-74.004518,40.795,-73.9645,casual
266515,B196F4015FA45B42,docked_bike,2021-04-16 14:17:29,2021-04-16 14:35:16,Columbus Ave & W 95 St,7520,W 100 St & Manhattan Ave,7538,40.791955,-73.968087,40.795,-73.9645,member
266522,DF31C85B51AD30E5,docked_bike,2021-04-16 13:03:14,2021-04-16 13:06:14,Columbus Ave & W 95 St,7520,W 100 St & Manhattan Ave,7538,40.791955,-73.968087,40.795,-73.9645,member
266524,BC643A5151B45C0F,docked_bike,2021-04-07 19:31:47,2021-04-07 19:36:42,Columbus Ave & W 95 St,7520,W 100 St & Manhattan Ave,7538,40.791955,-73.968087,40.795,-73.9645,member
266527,AA41E41C50B0BC54,docked_bike,2021-04-15 08:32:38,2021-04-15 08:34:44,Columbus Ave & W 95 St,7520,W 100 St & Manhattan Ave,7538,40.791955,-73.968087,40.795,-73.9645,member
266528,D33BB5AF40B92FE9,docked_bike,2021-04-10 15:06:21,2021-04-10 15:44:30,Columbus Ave & W 95 St,7520,W 100 St & Manhattan Ave,7538,40.791956,-73.968087,40.795,-73.9645,member
266537,49E3BD7329CFE842,docked_bike,2021-04-19 16:06:10,2021-04-19 16:23:43,5 Ave & E 78 St,7161,W 100 St & Manhattan Ave,7538,40.776321,-73.964273,40.795,-73.9645,member
266539,8CF5BABD32B5C9DC,docked_bike,2021-04-19 19:41:56,2021-04-19 19:54:48,5 Ave & E 78 St,7161,W 100 St & Manhattan Ave,7538,40.776321,-73.964274,40.795,-73.9645,member
266545,6EA59AEB4D1EAC1C,docked_bike,2021-04-13 18:37:42,2021-04-13 19:10:02,W 40 St & 5 Ave,6474,W 100 St & Manhattan Ave,7538,40.752269,-73.982079,40.795,-73.9645,member
266550,A9B77E6C543068D0,docked_bike,2021-04-17 19:00:20,2021-04-17 19:13:15,Central Park West & W 72 St,7141,W 100 St & Manhattan Ave,7538,40.775793,-73.976205,40.795,-73.9645,member
266564,1759248AACCE9527,docked_bike,2021-04-28 13:31:54,2021-04-28 13:39:29,W 116 St & Broadway,7713,W 100 St & Manhattan Ave,7538,40.8082,-73.9641,40.795,-73.9645,member
266572,DD547F9280D89AD8,docked_bike,2021-04-28 17:35:03,2021-04-28 17:59:28,Broadway & W 38 St,6441,W 100 St & Manhattan Ave,7538,40.752996,-73.987216,40.795,-73.9645,member
266573,26FF52DEA62CED49,docked_bike,2021-04-27 18:08:28,2021-04-27 18:27:47,Broadway & W 38 St,6441,W 100 St & Manhattan Ave,7538,40.752996,-73.987216,40.795,-73.9645,member
266576,A98A618B41ED403D,docked_bike,2021-04-18 18:01:56,2021-04-18 18:11:53,Central Park West & W 72 St,7141,W 100 St & Manhattan Ave,7538,40.775793,-73.976205,40.795,-73.9645,member
266582,1DA627371E23889D,docked_bike,2021-04-25 20:50:24,2021-04-25 20:57:08,Central Park West & W 72 St,7141,W 100 St & Manhattan Ave,7538,40.775793,-73.976205,40.795,-73.9645,casual
266589,B83A0C76B7C3F584,docked_bike,2021-04-30 15:16:08,2021-04-30 15:38:27,Broadway & W 38 St,6441,W 100 St & Manhattan Ave,7538,40.752996,-73.987216,40.795,-73.9645,member
266595,88B1344458B9A44E,docked_bike,2021-04-09 18:45:46,2021-04-09 18:53:51,W 116 St & Broadway,7713,W 100 St & Manhattan Ave,7538,40.8082,-73.9641,40.795,-73.9645,member
266613,DC591C372986804F,docked_bike,2021-04-16 20:51:17,2021-04-16 21:20:48,W 22 St & 10 Ave,6306,W 100 St & Manhattan Ave,7538,40.746919,-74.004518,40.795,-73.9645,member
266615,B0165B17FAE026F4,docked_bike,2021-04-01 15:36:25,2021-04-01 16:08:41,W 20 St & 7 Ave,6182,W 100 St & Manhattan Ave,7538,40.742387,-73.997262,40.795,-73.9645,member
266616,5C6800E43B0EDCD7,docked_bike,2021-04-07 16:27:31,2021-04-07 16:44:37,5 Ave & E 78 St,7161,W 100 St & Manhattan Ave,7538,40.776321,-73.964273,40.795,-73.9645,member
266630,E15DDCA09C84FAC0,docked_bike,2021-04-27 22:05:29,2021-04-27 22:14:27,Central Park West & W 72 St,7141,W 100 St & Manhattan Ave,7538,40.775793,-73.976205,40.795,-73.9645,member
266636,C58A589CB000891B,docked_bike,2021-04-14 18:00:20,2021-04-14 18:26:39,Broadway & W 38 St,6441,W 100 St & Manhattan Ave,7538,40.752996,-73.987216,40.795,-73.9645,member
266658,832441D54DF20F17,docked_bike,2021-04-19 13:50:08,2021-04-19 14:11:57,Central Park West & W 72 St,7141,W 100 St & Manhattan Ave,7538,40.775793,-73.976205,40.795,-73.9645,member
266690,3CEB420CBDDEBED6,docked_bike,2021-04-06 17:31:22,2021-04-06 17:55:33,W 169 St & Fort Washington Ave,8282,W 100 St & Manhattan Ave,7538,40.842842,-73.942125,40.795,-73.9645,member
266702,E390D57ABFFC43E6,docked_bike,2021-04-23 16:03:04,2021-04-23 16:27:50,Broadway & W 38 St,6441,W 100 St & Manhattan Ave,7538,40.752996,-73.987216,40.795,-73.9645,member
266703,24451960C1A9D394,docked_bike,2021-04-10 12:23:40,2021-04-10 12:36:59,Central Park West & W 72 St,7141,W 100 St & Manhattan Ave,7538,40.775793,-73.976205,40.795,-73.9645,member
266720,887B06CDE5D88937,docked_bike,2021-04-25 12:04:54,2021-04-25 12:11:18,W 116 St & Broadway,7713,W 100 St & Manhattan Ave,7538,40.8082,-73.9641,40.795,-73.9645,member
266721,22C89D8CE3D71B3D,docked_bike,2021-04-25 14:34:32,2021-04-25 15:01:00,Central Park West & W 72 St,7141,W 100 St & Manhattan Ave,7538,40.775793,-73.976205,40.795,-73.9645,casual
266735,9ED618E9321613D2,docked_bike,2021-04-20 13:49:50,2021-04-20 14:04:21,Lenox Ave & W 126 St,7720,W 100 St & Manhattan Ave,7538,40.808442,-73.945208,40.795,-73.9645,member
266742,70A0439F3971FF44,docked_bike,2021-04-19 17:11:31,2021-04-19 17:29:37,Central Park West & W 72 St,7141,W 100 St & Manhattan Ave,7538,40.775793,-73.976205,40.795,-73.9645,member
266744,0E738A31996FC93D,docked_bike,2021-04-29 12:42:41,2021-04-29 12:51:48,Central Park West & W 72 St,7141,W 100 St & Manhattan Ave,7538,40.775793,-73.976205,40.795,-73.9645,member
266748,C4C7386870DED2B3,docked_bike,2021-04-18 16:22:08,2021-04-18 16:33:15,Central Park West & W 72 St,7141,W 100 St & Manhattan Ave,7538,40.775794,-73.976206,40.795,-73.9645,member
266752,F49CAE3CB0ADB53A,docked_bike,2021-04-24 14:59:16,2021-04-24 15:15:32,Convent Ave & W 135 St,7860,W 100 St & Manhattan Ave,7538,40.818215,-73.950988,40.795,-73.9645,member
266755,3816547A9BA34A55,docked_bike,2021-04-20 17:53:49,2021-04-20 18:08:13,W 120 St & Claremont Ave,7745,W 100 St & Manhattan Ave,7538,40.810949,-73.9634,40.795,-73.9645,member
266759,406ADA8320CC5974,docked_bike,2021-04-02 14:42:26,2021-04-02 14:50:59,W 120 St & Claremont Ave,7745,W 100 St & Manhattan Ave,7538,40.810949,-73.9634,40.795,-73.9645,casual
266836,77F696049DC567CE,docked_bike,2021-04-13 16:17:07,2021-04-13 16:32:24,E 65 St & 2 Ave,6860,W 100 St & Manhattan Ave,7538,40.764718,-73.96222,40.795,-73.9645,member
266846,64DE31721BD9BD66,docked_bike,2021-04-19 16:27:37,2021-04-19 16:42:47,E 65 St & 2 Ave,6860,W 100 St & Manhattan Ave,7538,40.764718,-73.96222,40.795,-73.9645,member
266891,89DA9F392CEA0E8A,docked_bike,2021-04-20 08:11:42,2021-04-20 08:35:31,E 72 St & York Ave,6889,W 100 St & Manhattan Ave,7538,40.766638,-73.953482,40.795,-73.9645,member
266907,481064021F63DEDB,docked_bike,2021-04-04 20:55:44,2021-04-04 21:10:21,E 91 St & 2 Ave,7286,W 100 St & Manhattan Ave,7538,40.781122,-73.949656,40.795,-73.9645,casual
266909,7AB253A41423AA5A,docked_bike,2021-04-30 13:29:03,2021-04-30 13:59:33,Amsterdam Ave & W 79 St,7311,W 100 St & Manhattan Ave,7538,40.782939,-73.978651,40.795,-73.9645,member
266915,F112296C842C3DBF,docked_bike,2021-04-16 11:04:45,2021-04-16 11:19:40,E 91 St & 2 Ave,7286,W 100 St & Manhattan Ave,7538,40.781122,-73.949655,40.795,-73.9645,member
266916,919F1418B7A6D53E,docked_bike,2021-04-05 18:56:00,2021-04-05 19:28:32,6 Ave & W 33 St,6364,W 100 St & Manhattan Ave,7538,40.749012,-73.988483,40.795,-73.9645,member
266936,F6BE4A6276AA334C,docked_bike,2021-04-07 16:21:06,2021-04-07 16:36:12,E 91 St & 2 Ave,7286,W 100 St & Manhattan Ave,7538,40.781122,-73.949655,40.795,-73.9645,member
266942,D0D4285D421054B8,docked_bike,2021-04-27 13:22:55,2021-04-27 14:03:21,5 Ave & E 135 St,7769,W 100 St & Manhattan Ave,7538,40.812191,-73.937838,40.795,-73.9645,member
266943,839AD12145591766,docked_bike,2021-04-26 12:23:02,2021-04-26 12:37:26,5 Ave & E 135 St,7769,W 100 St & Manhattan Ave,7538,40.812191,-73.937838,40.795,-73.9645,member
266948,B895A7D6BB68B0EC,docked_bike,2021-04-14 16:03:58,2021-04-14 16:19:11,E 91 St & 2 Ave,7286,W 100 St & Manhattan Ave,7538,40.781122,-73.949655,40.795,-73.9645,member
266960,B8A34CB5DB3D3639,docked_bike,2021-04-30 14:04:57,2021-04-30 14:19:30,5 Ave & E 135 St,7769,W 100 St & Manhattan Ave,7538,40.812191,-73.937838,40.795,-73.9645,member
266965,0C03C152B59ACB5C,docked_bike,2021-04-26 14:21:07,2021-04-26 14:48:53,6 Ave & W 33 St,6364,W 100 St & Manhattan Ave,7538,40.749012,-73.988483,40.795,-73.9645,casual
266983,EBD2723EBD1D6C39,docked_bike,2021-04-11 12:30:28,2021-04-11 12:43:13,W 67 St & Broadway,7116,W 100 St & Manhattan Ave,7538,40.774925,-73.982666,40.795,-73.9645,member
266987,78D989A0814E4E6E,docked_bike,2021-04-29 16:46:55,2021-04-29 17:05:54,1 Ave & E 94 St,7286,W 100 St & Manhattan Ave,7538,40.781721,-73.94594,40.795,-73.9645,member
266988,FE2F1116F8EC1561,docked_bike,2021-04-28 12:54:09,2021-04-28 13:01:52,1 Ave & E 94 St,7286,W 100 St & Manhattan Ave,7538,40.781721,-73.94594,40.795,-73.9645,member
266997,D2569CFABA3AEBE4,docked_bike,2021-04-09 22:51:19,2021-04-09 23:00:03,Amsterdam Ave & W 73 St,7260,W 100 St & Manhattan Ave,7538,40.779668,-73.98093,40.795,-73.9645,member
267015,8CE28B46B7871E1C,docked_bike,2021-04-26 19:22:03,2021-04-26 19:36:21,Amsterdam Ave & W 73 St,7260,W 100 St & Manhattan Ave,7538,40.779668,-73.98093,40.795,-73.9645,member
267019,FD3B46945CF937A0,docked_bike,2021-04-26 18:46:35,2021-04-26 19:03:24,W 67 St & Broadway,7116,W 100 St & Manhattan Ave,7538,40.774925,-73.982665,40.795,-73.9645,member
267024,A7958AA3017E6EF0,docked_bike,2021-04-08 14:31:54,2021-04-08 15:07:45,Amsterdam Ave & W 73 St,7260,W 100 St & Manhattan Ave,7538,40.779668,-73.98093,40.795,-73.9645,member
267027,44E18A1256359DAE,docked_bike,2021-04-28 09:37:40,2021-04-28 09:54:19,Lexington Ave & E 120 St,7652,W 100 St & Manhattan Ave,7538,40.801306,-73.939816,40.795,-73.9645,member
267028,B8D474EA4C7F0E4D,docked_bike,2021-04-05 12:24:55,2021-04-05 12:40:13,Amsterdam Ave & W 73 St,7260,W 100 St & Manhattan Ave,7538,40.779668,-73.98093,40.795,-73.9645,member
267038,6FB3540F426DE6E4,docked_bike,2021-04-29 18:57:38,2021-04-29 19:10:20,Central Park West & W 72 St,7141,W 100 St & Manhattan Ave,7538,40.775793,-73.976205,40.795,-73.9645,casual
267044,01D8E95490B90BCC,docked_bike,2021-04-19 08:46:39,2021-04-19 08:55:25,W 116 St & Broadway,7713,W 100 St & Manhattan Ave,7538,40.8082,-73.9641,40.795,-73.9645,member
267047,E5A0EAAB2D4E1691,docked_bike,2021-04-09 20:11:27,2021-04-09 20:19:07,W 116 St & Broadway,7713,W 100 St & Manhattan Ave,7538,40.8082,-73.9641,40.795,-73.9645,member
267052,B8953D97F596FC22,docked_bike,2021-04-21 16:17:26,2021-04-21 16:41:29,Broadway & W 38 St,6441,W 100 St & Manhattan Ave,7538,40.752996,-73.987216,40.795,-73.9645,member
267065,15F618C01DDF75BD,docked_bike,2021-04-30 15:54:37,2021-04-30 16:19:18,W 67 St & Broadway,7116,W 100 St & Manhattan Ave,7538,40.774925,-73.982665,40.795,-73.9645,member
267072,9259F4A3E192D5EA,docked_bike,2021-04-24 13:52:14,2021-04-24 14:05:43,Amsterdam Ave & W 73 St,7260,W 100 St & Manhattan Ave,7538,40.779668,-73.98093,40.795,-73.9645,member
267073,A84CF03803C3C7A2,docked_bike,2021-04-13 21:21:50,2021-04-13 21:30:00,Amsterdam Ave & W 73 St,7260,W 100 St & Manhattan Ave,7538,40.779668,-73.98093,40.795,-73.9645,casual
267074,987A61279AE0F1F7,docked_bike,2021-04-17 19:44:49,2021-04-17 20:07:26,Lexington Ave & E 120 St,7652,W 100 St & Manhattan Ave,7538,40.801306,-73.939816,40.795,-73.9645,member
267077,92BF74C7C68ECAB2,docked_bike,2021-04-29 15:54:28,2021-04-29 16:07:49,Amsterdam Ave & W 66 St,7149,W 100 St & Manhattan Ave,7538,40.774667,-73.984705,40.795,-73.9645,member
267079,A0EC11A7E3658CD3,docked_bike,2021-04-28 13:29:41,2021-04-28 13:49:06,Amsterdam Ave & W 73 St,7260,W 100 St & Manhattan Ave,7538,40.779668,-73.98093,40.795,-73.9645,member
267081,3BE37F39FF876E26,docked_bike,2021-04-11 07:15:58,2021-04-11 07:27:01,Amsterdam Ave & W 73 St,7260,W 100 St & Manhattan Ave,7538,40.779668,-73.98093,40.795,-73.9645,member
267087,CE0BF2A4F623CD35,docked_bike,2021-04-03 16:55:26,2021-04-03 17:05:37,Amsterdam Ave & W 73 St,7260,W 100 St & Manhattan Ave,7538,40.779668,-73.98093,40.795,-73.9645,member
267089,D79D709B341C52D1,docked_bike,2021-04-24 14:04:46,2021-04-24 14:23:00,Amsterdam Ave & W 73 St,7260,W 100 St & Manhattan Ave,7538,40.779668,-73.98093,40.795,-73.9645,member
267091,4FCC84BE8E950B93,docked_bike,2021-04-05 19:48:09,2021-04-05 19:56:50,Amsterdam Ave & W 73 St,7260,W 100 St & Manhattan Ave,7538,40.779668,-73.98093,40.795,-73.9645,casual
267101,AF4C0D0246621577,docked_bike,2021-04-08 21:51:34,2021-04-08 21:59:44,Amsterdam Ave & W 73 St,7260,W 100 St & Manhattan Ave,7538,40.779668,-73.98093,40.795,-73.9645,member
267102,4FB919FA8F4DE7CD,docked_bike,2021-04-20 16:18:28,2021-04-20 16:27:32,E 98 St & Park Ave,7443,W 100 St & Manhattan Ave,7538,40.78813,-73.95206,40.795,-73.9645,member
267103,B374FA0DF885E333,docked_bike,2021-04-12 15:39:45,2021-04-12 15:53:43,Amsterdam Ave & W 66 St,7149,W 100 St & Manhattan Ave,7538,40.774667,-73.984705,40.795,-73.9645,member
267105,0DD393F90C1139BE,docked_bike,2021-04-25 21:27:21,2021-04-25 21:38:55,Amsterdam Ave & W 73 St,7260,W 100 St & Manhattan Ave,7538,40.779668,-73.98093,40.795,-73.9645,member
267118,E3956F2C9011E866,docked_bike,2021-04-04 17:55:00,2021-04-04 18:29:28,W 67 St & Broadway,7116,W 100 St & Manhattan Ave,7538,40.774925,-73.982665,40.795,-73.9645,casual
267120,A812B70DA8F74B29,docked_bike,2021-04-17 12:22:08,2021-04-17 12:32:28,W 67 St & Broadway,7116,W 100 St & Manhattan Ave,7538,40.774925,-73.982665,40.795,-73.9645,member
267121,A25C2F3748D6998C,docked_bike,2021-04-12 14:09:49,2021-04-12 14:27:58,Amsterdam Ave & W 73 St,7260,W 100 St & Manhattan Ave,7538,40.779668,-73.98093,40.795,-73.9645,member
267124,5D18C9FD52EB65F3,docked_bike,2021-04-23 14:08:25,2021-04-23 14:21:54,Amsterdam Ave & W 73 St,7260,W 100 St & Manhattan Ave,7538,40.779668,-73.98093,40.795,-73.9645,member
267129,649B4CBA4FFE19DE,docked_bike,2021-04-07 14:14:23,2021-04-07 14:31:30,Amsterdam Ave & W 73 St,7260,W 100 St & Manhattan Ave,7538,40.779668,-73.98093,40.795,-73.9645,member
267138,5EF4B1436AD767B1,docked_bike,2021-04-18 10:46:29,2021-04-18 11:03:21,Amsterdam Ave & W 66 St,7149,W 100 St & Manhattan Ave,7538,40.774667,-73.984705,40.795,-73.9645,member
267143,BB71313FE83A6F9E,docked_bike,2021-04-25 17:42:37,2021-04-25 17:58:18,1 Ave & E 94 St,7286,W 100 St & Manhattan Ave,7538,40.781721,-73.94594,40.795,-73.9645,member
267144,529737225F7C5EFE,docked_bike,2021-04-01 14:41:23,2021-04-01 14:53:38,Amsterdam Ave & W 73 St,7260,W 100 St & Manhattan Ave,7538,40.779668,-73.98093,40.795,-73.9645,member
267145,16AB96532DD0B4DD,docked_bike,2021-04-04 17:56:13,2021-04-04 18:29:30,W 67 St & Broadway,7116,W 100 St & Manhattan Ave,7538,40.774925,-73.982665,40.795,-73.9645,casual
267148,9990A788C9EE6168,docked_bike,2021-04-19 14:40:23,2021-04-19 14:52:45,Amsterdam Ave & W 73 St,7260,W 100 St & Manhattan Ave,7538,40.779668,-73.98093,40.795,-73.9645,casual
267156,3413EC05407CE654,docked_bike,2021-04-22 15:09:22,2021-04-22 15:19:21,Amsterdam Ave & W 73 St,7260,W 100 St & Manhattan Ave,7538,40.779668,-73.98093,40.795,-73.9645,member
267157,7DBE62025A8989AB,docked_bike,2021-04-28 16:15:51,2021-04-28 16:31:20,Amsterdam Ave & W 73 St,7260,W 100 St & Manhattan Ave,7538,40.779668,-73.98093,40.795,-73.9645,member
267162,34F283DCC6B3E2F0,docked_bike,2021-04-05 12:50:44,2021-04-05 13:04:26,Amsterdam Ave & W 73 St,7260,W 100 St & Manhattan Ave,7538,40.779668,-73.98093,40.795,-73.9645,member
267164,E6972AD44297800D,docked_bike,2021-04-06 21:48:03,2021-04-06 21:58:19,Amsterdam Ave & W 73 St,7260,W 100 St & Manhattan Ave,7538,40.779668,-73.98093,40.795,-73.9645,casual
267180,31B2F8548704A973,docked_bike,2021-04-16 16:48:21,2021-04-16 16:59:42,W 67 St & Broadway,7116,W 100 St & Manhattan Ave,7538,40.774925,-73.982665,40.795,-73.9645,member
267195,80B225F0620A647C,docked_bike,2021-04-08 18:59:04,2021-04-08 19:06:49,Central Park West & W 72 St,7141,W 100 St & Manhattan Ave,7538,40.775793,-73.976205,40.795,-73.9645,member
267210,752A46558866F61B,docked_bike,2021-04-06 19:12:23,2021-04-06 19:27:05,Amsterdam Ave & W 73 St,7260,W 100 St & Manhattan Ave,7538,40.779668,-73.98093,40.795,-73.9645,casual
267219,60D358199F20E74F,docked_bike,2021-04-07 09:00:43,2021-04-07 09:09:56,Amsterdam Ave & W 73 St,7260,W 100 St & Manhattan Ave,7538,40.779668,-73.98093,40.795,-73.9645,member
267247,EC4B83E3131A14CF,docked_bike,2021-04-10 15:38:12,2021-04-10 15:43:55,Lenox Ave & W 111 St,7602,W 100 St & Manhattan Ave,7538,40.798785,-73.9523,40.795,-73.9645,member
267250,2C76ABC6417B0714,docked_bike,2021-04-07 16:28:33,2021-04-07 16:38:51,Amsterdam Ave & W 73 St,7260,W 100 St & Manhattan Ave,7538,40.779668,-73.98093,40.795,-73.9645,member
267252,2CBD75A66E9D359F,docked_bike,2021-04-23 15:37:25,2021-04-23 16:04:40,Amsterdam Ave & W 66 St,7149,W 100 St & Manhattan Ave,7538,40.774667,-73.984706,40.795,-73.9645,member
267260,C2ACD37ED87EB43D,docked_bike,2021-04-18 16:17:19,2021-04-18 16:30:56,W 67 St & Broadway,7116,W 100 St & Manhattan Ave,7538,40.774925,-73.982665,40.795,-73.9645,member
267262,1CD1E76625F36F5D,docked_bike,2021-04-24 14:19:04,2021-04-24 14:35:59,W 67 St & Broadway,7116,W 100 St & Manhattan Ave,7538,40.774925,-73.982665,40.795,-73.9645,member
267263,6045FDF8AE887009,docked_bike,2021-04-17 11:56:06,2021-04-17 12:12:49,E 85 St & 3 Ave,7212,W 100 St & Manhattan Ave,7538,40.778012,-73.954071,40.795,-73.9645,member
267265,7C4463B278B9D03A,docked_bike,2021-04-14 14:55:47,2021-04-14 15:07:14,E 85 St & 3 Ave,7212,W 100 St & Manhattan Ave,7538,40.778012,-73.954071,40.795,-73.9645,member
267268,B5957B3B7B2B6002,docked_bike,2021-04-28 13:31:18,2021-04-28 13:48:59,Park Ave & E 124 St,7682,W 100 St & Manhattan Ave,7538,40.804555,-73.939686,40.795,-73.9645,casual
267279,CB0A04D660921FFC,docked_bike,2021-04-07 17:19:22,2021-04-07 17:24:51,E 102 St & Park Ave,7488,W 100 St & Manhattan Ave,7538,40.790482,-73.95033,40.795,-73.9645,casual
267281,CE6701EF36F1CF94,docked_bike,2021-04-12 10:51:22,2021-04-12 11:02:47,E 85 St & 3 Ave,7212,W 100 St & Manhattan Ave,7538,40.778012,-73.954071,40.795,-73.9645,member
267283,BCF6338776071D78,docked_bike,2021-04-10 13:24:16,2021-04-10 13:37:02,Park Ave & E 124 St,7682,W 100 St & Manhattan Ave,7538,40.804556,-73.939686,40.795,-73.9645,member
267287,58591924ED6C8A27,docked_bike,2021-04-05 17:31:04,2021-04-05 17:43:31,Park Ave & E 124 St,7682,W 100 St & Manhattan Ave,7538,40.804555,-73.939686,40.795,-73.9645,member
267288,269309DA0A540DC8,docked_bike,2021-04-19 17:07:31,2021-04-19 17:21:58,E 85 St & 3 Ave,7212,W 100 St & Manhattan Ave,7538,40.778012,-73.954071,40.795,-73.9645,member
267294,E402D2B89E7C7CD4,docked_bike,2021-04-02 16:37:08,2021-04-02 16:49:13,Park Ave & E 124 St,7682,W 100 St & Manhattan Ave,7538,40.804555,-73.939686,40.795,-73.9645,member
267295,03B993E68AFD5BFD,docked_bike,2021-04-30 11:48:48,2021-04-30 11:55:17,E 102 St & Park Ave,7488,W 100 St & Manhattan Ave,7538,40.790482,-73.95033,40.795,-73.9645,member
267297,557EEA298DB0F5FC,docked_bike,2021-04-18 15:48:04,2021-04-18 16:46:44,Centre St & Worth St,5279,W 100 St & Manhattan Ave,7538,40.714948,-74.002344,40.795,-73.9645,member
267298,0B411CC5CAA1F81E,docked_bike,2021-04-13 18:44:33,2021-04-13 18:59:51,Park Ave & E 124 St,7682,W 100 St & Manhattan Ave,7538,40.804555,-73.939686,40.795,-73.9645,member
267330,C4C78F3ADF11D52B,docked_bike,2021-04-27 09:52:19,2021-04-27 10:18:11,E 47 St & Park Ave,6584,W 100 St & Manhattan Ave,7538,40.755102,-73.974986,40.795,-73.9645,member
267441,C171E6CA74E9B8E4,docked_bike,2021-04-09 19:37:09,2021-04-09 19:53:30,E 85 St & 3 Ave,7212,W 100 St & Manhattan Ave,7538,40.778012,-73.954071,40.795,-73.9645,member
267443,7BA46B1D0887A698,docked_bike,2021-04-25 19:33:21,2021-04-25 19:50:16,E 48 St & 5 Ave,6626,W 100 St & Manhattan Ave,7538,40.757245,-73.978059,40.795,-73.9645,member
267546,84E33501BAF08739,docked_bike,2021-04-13 11:52:46,2021-04-13 12:21:04,6 Ave & W 33 St,6364,W 100 St & Manhattan Ave,7538,40.749012,-73.988483,40.795,-73.9645,member
267547,44D24DFC32AC5103,docked_bike,2021-04-08 17:29:39,2021-04-08 17:39:43,E 91 St & 2 Ave,7286,W 100 St & Manhattan Ave,7538,40.781122,-73.949655,40.795,-73.9645,member
267549,6D55226362200090,docked_bike,2021-04-18 09:57:00,2021-04-18 10:09:38,E 91 St & 2 Ave,7286,W 100 St & Manhattan Ave,7538,40.781122,-73.949655,40.795,-73.9645,member
269362,E69DBC13FD3AFD34,docked_bike,2021-04-27 17:48:13,2021-04-27 18:31:47,W 100 St & Manhattan Ave,7538,North Moore St & Greenwich St,5470,40.795,-73.9645,40.72019521437465,-74.0103006362915,member
269365,4875E42D757934E5,docked_bike,2021-04-06 17:48:17,2021-04-06 18:12:35,W 100 St & Manhattan Ave,7538,2 Ave & E 96 St,7338,40.795,-73.9645,40.7839636,-73.9471673,member
269421,4B2627F6DBDB8901,docked_bike,2021-04-27 11:10:31,2021-04-27 11:31:04,W 100 St & Manhattan Ave,7538,W 37 St & 5 Ave,6398,40.795,-73.9645,40.75038009,-73.98338988,member
269725,23E9777CE06DB9D3,docked_bike,2021-04-20 09:07:39,2021-04-20 09:28:44,W 100 St & Manhattan Ave,7538,W 37 St & 5 Ave,6398,40.795,-73.9645,40.75038009,-73.98338988,member
271703,D2CC16A55BD72D83,docked_bike,2021-04-20 15:03:28,2021-04-20 15:20:34,W 100 St & Manhattan Ave,7538,Central Park S & 6 Ave,6876,40.795,-73.9645,40.76590936,-73.97634151,member
271722,6892FB0A111786DE,docked_bike,2021-04-28 18:58:48,2021-04-28 19:18:30,W 100 St & Manhattan Ave,7538,Central Park S & 6 Ave,6876,40.795,-73.9645,40.76590936,-73.97634151,casual
271727,3FE593DC1AAB0742,docked_bike,2021-04-18 15:02:27,2021-04-18 15:21:15,W 100 St & Manhattan Ave,7538,Central Park S & 6 Ave,6876,40.795,-73.9645,40.76590936,-73.97634151,member
271728,FDE4B2B4029DEA9E,docked_bike,2021-04-15 08:08:48,2021-04-15 08:27:31,W 100 St & Manhattan Ave,7538,Central Park S & 6 Ave,6876,40.795,-73.9645,40.76590936,-73.97634151,member
271730,074E92DF6C46D45B,docked_bike,2021-04-28 20:49:31,2021-04-28 20:57:44,W 100 St & Manhattan Ave,7538,E 110 St & Madison Ave,7587,40.795,-73.9645,40.7961535,-73.94782145,member
271737,4596288E6967CBDF,docked_bike,2021-04-09 17:43:51,2021-04-09 17:58:02,W 100 St & Manhattan Ave,7538,E 110 St & Madison Ave,7587,40.795,-73.9645,40.7961535,-73.94782145,member
271738,075BB08D1450AB00,docked_bike,2021-04-28 18:57:59,2021-04-28 19:18:09,W 100 St & Manhattan Ave,7538,Central Park S & 6 Ave,6876,40.795,-73.9645,40.76590936,-73.97634151,casual
271741,D6B7E0AD35988F32,docked_bike,2021-04-16 07:54:30,2021-04-16 08:21:26,W 100 St & Manhattan Ave,7538,Central Park S & 6 Ave,6876,40.795,-73.9645,40.76590936,-73.97634151,member
272654,8045F382958C72D3,docked_bike,2021-04-13 15:26:01,2021-04-13 15:38:16,W 100 St & Manhattan Ave,7538,Central Park S & 6 Ave,6876,40.795,-73.9645,40.76590936,-73.97634151,casual
273446,1BE83B953924AFFC,docked_bike,2021-04-23 18:09:54,2021-04-23 18:28:34,W 100 St & Manhattan Ave,7538,E 97 St & Madison Ave,7393,40.795,-73.9645,40.787801,-73.953559,member
273447,540BAE7B67AA8A3D,docked_bike,2021-04-28 13:00:09,2021-04-28 13:21:51,W 100 St & Manhattan Ave,7538,E 51 St & 2 Ave,6575,40.795,-73.9645,40.755293,-73.967641,member
273467,AC8F1644942431D8,docked_bike,2021-04-09 15:13:33,2021-04-09 15:42:44,W 100 St & Manhattan Ave,7538,W 37 St & 10 Ave,6611,40.795,-73.9645,40.75660359,-73.9979009,member
273472,CD4663B1512016E6,docked_bike,2021-04-12 21:52:52,2021-04-12 22:14:06,W 100 St & Manhattan Ave,7538,E 43 St & 2 Ave,6422,40.795,-73.9645,40.75022392,-73.97121414,member
273481,3C34B14ED64F87BD,docked_bike,2021-04-28 19:02:42,2021-04-28 19:39:59,W 100 St & Manhattan Ave,7538,W 37 St & 10 Ave,6611,40.795,-73.9645,40.75660359,-73.9979009,member
273482,02EF334437E05427,docked_bike,2021-04-18 17:17:55,2021-04-18 17:36:12,W 100 St & Manhattan Ave,7538,E 97 St & Madison Ave,7393,40.795,-73.9645,40.787801,-73.953559,casual
273485,5400B85ED05220CB,docked_bike,2021-04-26 08:46:17,2021-04-26 08:57:12,W 100 St & Manhattan Ave,7538,E 97 St & Madison Ave,7393,40.795,-73.9645,40.787801,-73.953559,member
273509,901060C76DCE56CD,docked_bike,2021-04-24 07:20:14,2021-04-24 07:55:24,W 100 St & Manhattan Ave,7538,W 37 St & 10 Ave,6611,40.795,-73.9645,40.75660359,-73.9979009,member
273510,98B65EB050E32BBC,docked_bike,2021-04-20 15:03:46,2021-04-20 15:16:23,W 100 St & Manhattan Ave,7538,E 97 St & Madison Ave,7393,40.795,-73.9645,40.787801,-73.953559,member
273525,D871DAF71A824A88,docked_bike,2021-04-23 11:43:35,2021-04-23 12:06:25,W 100 St & Manhattan Ave,7538,E 43 St & 2 Ave,6422,40.795,-73.9645,40.75022392,-73.97121414,member
273526,7B6C1E856E2E12CC,docked_bike,2021-04-29 14:08:15,2021-04-29 14:30:22,W 100 St & Manhattan Ave,7538,E 43 St & 2 Ave,6422,40.795,-73.9645,40.75022392,-73.97121414,member
273535,DAEAE6E8D0A800C4,docked_bike,2021-04-30 09:59:20,2021-04-30 10:35:38,W 100 St & Manhattan Ave,7538,E 43 St & 2 Ave,6422,40.795,-73.9645,40.75022392,-73.97121414,member
273537,9E7E6FB73155A3A6,docked_bike,2021-04-30 05:43:54,2021-04-30 05:50:29,W 100 St & Manhattan Ave,7538,E 97 St & Madison Ave,7393,40.795,-73.9645,40.787801,-73.953559,member
273542,835CF80D13507BFD,docked_bike,2021-04-29 10:18:25,2021-04-29 10:45:03,W 100 St & Manhattan Ave,7538,1 Ave & E 30 St,6079,40.795,-73.9645,40.74144387,-73.97536082,member
273545,AA040A1A7B9C1798,docked_bike,2021-04-24 15:03:32,2021-04-24 15:30:19,W 100 St & Manhattan Ave,7538,E 51 St & 2 Ave,6575,40.795,-73.9645,40.755293,-73.967641,member
274659,27463F9D3DB46283,docked_bike,2021-04-28 11:41:37,2021-04-28 12:02:22,W 100 St & Manhattan Ave,7538,E 51 St & 2 Ave,6575,40.795,-73.9645,40.755293,-73.967641,member
277904,E3320EAD4CB4654A,docked_bike,2021-04-06 16:44:26,2021-04-06 17:03:23,W 100 St & Manhattan Ave,7538,Riverside Blvd & W 67 St,7183,40.795,-73.9645,40.777507027547976,-73.98888587951659,member
277905,A844B7A21FC27041,docked_bike,2021-04-30 08:31:22,2021-04-30 08:56:55,W 100 St & Manhattan Ave,7538,W 165 St & Fort Washington Ave,8226,40.795,-73.9645,40.84004,-73.942939,casual
277906,E79C3F01BD09FBBC,docked_bike,2021-04-12 09:30:28,2021-04-12 10:02:26,W 100 St & Manhattan Ave,7538,12 Ave & W 40 St,6765,40.795,-73.9645,40.76087502,-74.00277668,member
277908,D5E2682FC53A46BD,docked_bike,2021-04-22 19:24:29,2021-04-22 19:42:19,W 100 St & Manhattan Ave,7538,Riverside Blvd & W 67 St,7183,40.795,-73.9645,40.777507027547976,-73.98888587951659,casual
278014,CD9684148E98D85F,docked_bike,2021-04-16 09:05:46,2021-04-16 09:46:08,W 100 St & Manhattan Ave,7538,12 Ave & W 40 St,6765,40.795,-73.9645,40.76087502,-74.00277668,member
279392,530A4A19781B3EDD,docked_bike,2021-04-20 18:21:22,2021-04-20 18:50:21,W 100 St & Manhattan Ave,7538,Broadway & W 192 St,8511,40.795,-73.9645,40.857994,-73.932173,member
280316,6DA4B07BA8F80311,docked_bike,2021-04-22 07:46:18,2021-04-22 07:59:33,Central Park W & W 97 St,7538,Broadway & W 41 St,6560,40.792495,-73.96417,40.75513557,-73.98658032,casual
280320,B5BD8EC712632FA4,docked_bike,2021-04-03 15:14:45,2021-04-03 15:37:03,Central Park W & W 97 St,7538,Riverside Blvd & W 67 St,7183,40.792495,-73.96417,40.777507027547976,-73.98888587951659,member
280322,53552AA448B55AB9,docked_bike,2021-04-26 15:15:40,2021-04-26 15:43:30,Central Park W & W 97 St,7538,12 Ave & W 40 St,6765,40.792495,-73.96417,40.76087502,-74.00277668,member
283796,0171711B56027610,docked_bike,2021-04-07 22:46:23,2021-04-07 23:01:42,Central Park W & W 97 St,7538,W 54 St & 11 Ave,6955,40.792495,-73.964171,40.768333,-73.992573,member
286081,E65268358466B879,docked_bike,2021-04-11 07:15:50,2021-04-11 07:30:08,Central Park W & W 97 St,7538,Riverside Dr & W 138 St,7942,40.792495,-73.96417,40.823168,-73.955857,member
291454,235F60239C8E727D,docked_bike,2021-04-17 11:07:05,2021-04-17 11:11:58,W 100 St & Manhattan Ave,7538,W 100 St & Broadway,7580,40.795,-73.9645,40.7973721,-73.97041192,member
291457,F5D5EA95132E0322,docked_bike,2021-04-27 14:28:09,2021-04-27 14:34:58,W 100 St & Manhattan Ave,7538,W 100 St & Broadway,7580,40.795,-73.9645,40.7973721,-73.97041192,member
291461,4300D69A28AAA783,docked_bike,2021-04-04 11:28:59,2021-04-04 11:31:55,W 100 St & Manhattan Ave,7538,W 100 St & Broadway,7580,40.795,-73.9645,40.7973721,-73.97041192,member
291462,6FBF7526529D5A6B,docked_bike,2021-04-24 14:20:12,2021-04-24 14:35:39,W 100 St & Manhattan Ave,7538,E 102 St & 1 Ave,7407,40.795,-73.9645,40.7869946,-73.94164802,member
291464,23412FCC5AC4CACA,docked_bike,2021-04-25 18:36:26,2021-04-25 18:57:10,W 100 St & Manhattan Ave,7538,E 48 St & 3 Ave,6541,40.795,-73.9645,40.7546011026,-73.971878855,casual
296419,93AF748969E40CFB,docked_bike,2021-04-07 15:28:54,2021-04-07 15:57:18,Central Park W & W 97 St,7538,1 Ave & E 39 St,6303,40.792495,-73.96417,40.74714,-73.97113,member
296437,F989AF9B6AA5C87A,docked_bike,2021-04-26 11:30:25,2021-04-26 11:59:28,Central Park W & W 97 St,7538,1 Ave & E 39 St,6303,40.792495,-73.96417,40.74714,-73.97113,casual
296441,C76F5B971039B300,docked_bike,2021-04-30 09:27:58,2021-04-30 09:54:31,Central Park W & W 97 St,7538,1 Ave & E 39 St,6303,40.792495,-73.96417,40.74714,-73.97113,casual
296458,0E7554B44312030A,docked_bike,2021-04-16 09:32:38,2021-04-16 10:03:35,Central Park W & W 97 St,7538,1 Ave & E 39 St,6303,40.792495,-73.96417,40.74714,-73.97113,casual
296702,C05B10C881077590,docked_bike,2021-04-16 11:16:38,2021-04-16 11:53:47,Central Park W & W 97 St,7538,1 Ave & E 39 St,6303,40.792495,-73.96417,40.74714,-73.97113,member
296709,228A047512BDAAFD,docked_bike,2021-04-22 11:51:40,2021-04-22 12:17:29,Central Park W & W 97 St,7538,1 Ave & E 39 St,6303,40.792495,-73.96417,40.74714,-73.97113,casual
298347,52F3CFD639E09D0F,docked_bike,2021-04-10 14:03:13,2021-04-10 14:35:49,W 100 St & Manhattan Ave,7538,E 84 St & Park Ave,7243,40.795,-73.9645,40.77862688,-73.95772073,member
299132,80F08D9A69BF21E9,docked_bike,2021-04-23 19:29:46,2021-04-23 19:35:56,Central Park W & W 97 St,7538,E 84 St & Park Ave,7243,40.792495,-73.96417,40.77862688,-73.95772073,member
300781,000F5C61D5C4BF37,docked_bike,2021-04-09 15:58:02,2021-04-09 16:10:17,W 100 St & Manhattan Ave,7538,Central Park West & W 72 St,7141,40.795,-73.9645,40.77579376683666,-73.9762057363987,casual
300805,7AE790F6BC3C1430,docked_bike,2021-04-23 09:17:43,2021-04-23 09:36:58,W 100 St & Manhattan Ave,7538,Broadway & W 38 St,6441,40.795,-73.9645,40.75299641,-73.98721619,member
300808,937436199043B742,docked_bike,2021-04-16 08:45:23,2021-04-16 08:51:26,W 100 St & Manhattan Ave,7538,W 116 St & Broadway,7713,40.795,-73.9645,40.8082,-73.9641,member
300809,91778888A2C3C556,docked_bike,2021-04-14 14:45:39,2021-04-14 14:52:02,W 100 St & Manhattan Ave,7538,W 116 St & Broadway,7713,40.795,-73.9645,40.8082,-73.9641,member
300994,B01F854EBDCC466A,docked_bike,2021-04-25 16:31:15,2021-04-25 16:46:25,W 100 St & Manhattan Ave,7538,W 116 St & Broadway,7713,40.795,-73.9645,40.8082,-73.9641,member
301001,852E3ED1C6342E71,docked_bike,2021-04-07 18:23:55,2021-04-07 18:33:39,W 100 St & Manhattan Ave,7538,Central Park West & W 72 St,7141,40.795,-73.9645,40.775794,-73.976206,member
301002,A838123708E6DAB4,docked_bike,2021-04-14 09:05:39,2021-04-14 09:17:10,W 100 St & Manhattan Ave,7538,Central Park West & W 72 St,7141,40.795,-73.9645,40.77579376683666,-73.9762057363987,member
301989,C817F23642CA2A68,docked_bike,2021-04-06 17:07:16,2021-04-06 17:48:05,Central Park W & W 97 St,7538,Central Park West & W 72 St,7141,40.792495,-73.964171,40.775794,-73.976206,member
301990,BC05AE71FF703858,docked_bike,2021-04-17 12:01:49,2021-04-17 12:09:17,Central Park W & W 97 St,7538,Central Park West & W 72 St,7141,40.792495,-73.96417,40.77579376683666,-73.9762057363987,member
301991,FD07F627C61B65CA,docked_bike,2021-04-28 15:03:09,2021-04-28 15:19:04,Central Park W & W 97 St,7538,Central Park West & W 72 St,7141,40.792495,-73.96417,40.77579376683666,-73.9762057363987,member
301993,A1E3EF2E2EF643CA,docked_bike,2021-04-14 08:29:38,2021-04-14 08:47:38,Central Park W & W 97 St,7538,Broadway & W 38 St,6441,40.792495,-73.96417,40.75299641,-73.98721619,member
301995,94B58F4BB0782FCD,docked_bike,2021-04-04 15:39:19,2021-04-04 16:21:22,Central Park W & W 97 St,7538,Central Park West & W 72 St,7141,40.792495,-73.96417,40.77579376683666,-73.9762057363987,casual
301996,EFCD4D5B385ABA84,docked_bike,2021-04-07 19:21:16,2021-04-07 19:34:53,Central Park W & W 97 St,7538,Central Park West & W 72 St,7141,40.792495,-73.96417,40.77579376683666,-73.9762057363987,member
301997,6EC6A9BDF28C535A,docked_bike,2021-04-06 23:19:27,2021-04-06 23:40:21,Central Park W & W 97 St,7538,Central Park West & W 72 St,7141,40.792495,-73.96417,40.77579376683666,-73.9762057363987,member
302000,AB39D32D7CAFFD65,docked_bike,2021-04-09 16:59:25,2021-04-09 17:09:58,Central Park W & W 97 St,7538,Central Park West & W 72 St,7141,40.792495,-73.96417,40.77579376683666,-73.9762057363987,member
302002,9C353651C0EC9474,docked_bike,2021-04-06 17:06:56,2021-04-06 17:47:48,Central Park W & W 97 St,7538,Central Park West & W 72 St,7141,40.792495,-73.96417,40.77579376683666,-73.9762057363987,member
302003,2AB3E8C0725BBC9C,docked_bike,2021-04-20 21:40:50,2021-04-20 22:06:56,Central Park W & W 97 St,7538,Central Park West & W 72 St,7141,40.792495,-73.96417,40.77579376683666,-73.9762057363987,member
302004,DCC34466E3D38B3E,docked_bike,2021-04-24 09:44:40,2021-04-24 09:54:03,Central Park W & W 97 St,7538,Central Park West & W 72 St,7141,40.792495,-73.96417,40.77579376683666,-73.9762057363987,member
302005,32B30B75F48B98B9,docked_bike,2021-04-18 14:02:31,2021-04-18 14:18:54,Central Park W & W 97 St,7538,Central Park West & W 72 St,7141,40.792495,-73.96417,40.77579376683666,-73.9762057363987,member
302006,B4CBE4CC15110896,docked_bike,2021-04-27 19:55:01,2021-04-27 20:05:22,Central Park W & W 97 St,7538,Central Park West & W 72 St,7141,40.792495,-73.96417,40.77579376683666,-73.9762057363987,member
302008,1B9BA92AF465E0C8,docked_bike,2021-04-09 15:43:01,2021-04-09 15:52:23,Central Park W & W 97 St,7538,Central Park West & W 72 St,7141,40.792495,-73.96417,40.77579376683666,-73.9762057363987,casual
302009,88581C0A3C03F8A9,docked_bike,2021-04-05 06:59:00,2021-04-05 07:11:46,Central Park W & W 97 St,7538,Central Park West & W 72 St,7141,40.792495,-73.96417,40.77579376683666,-73.9762057363987,member
302010,8C6273B2D817889D,docked_bike,2021-04-04 11:18:50,2021-04-04 11:31:55,Central Park W & W 97 St,7538,Central Park West & W 72 St,7141,40.792495,-73.96417,40.77579376683666,-73.9762057363987,casual
302012,F45ED42E42FAD970,docked_bike,2021-04-17 16:38:43,2021-04-17 16:38:31,Central Park W & W 97 St,7538,Central Park West & W 72 St,7141,40.792495,-73.96417,40.77579376683666,-73.9762057363987,casual
302013,E7A1B2C83F187F27,docked_bike,2021-04-25 14:54:19,2021-04-25 15:06:27,Central Park W & W 97 St,7538,Central Park West & W 72 St,7141,40.792495,-73.96417,40.77579376683666,-73.9762057363987,member
302015,D124EC1083119B66,docked_bike,2021-04-20 16:47:23,2021-04-20 16:58:22,Central Park W & W 97 St,7538,Central Park West & W 72 St,7141,40.792495,-73.96417,40.77579376683666,-73.9762057363987,member
302016,88CEF1ED951D5488,docked_bike,2021-04-03 13:00:18,2021-04-03 13:43:32,Central Park W & W 97 St,7538,Central Park West & W 72 St,7141,40.792495,-73.96417,40.77579376683666,-73.9762057363987,casual
302018,2E71B838A579E81F,docked_bike,2021-04-06 19:28:25,2021-04-06 19:38:30,Central Park W & W 97 St,7538,Central Park West & W 72 St,7141,40.792495,-73.96417,40.77579376683666,-73.9762057363987,member
302021,93FF278BD7FF56FC,docked_bike,2021-04-20 19:34:27,2021-04-20 19:43:50,Central Park W & W 97 St,7538,W 116 St & Broadway,7713,40.792495,-73.96417,40.8082,-73.9641,member
302026,3E3BD86B883F1E2A,docked_bike,2021-04-06 07:01:55,2021-04-06 07:15:48,Central Park W & W 97 St,7538,Central Park West & W 72 St,7141,40.792495,-73.96417,40.77579376683666,-73.9762057363987,casual
302027,4A78D9C1FD5453D1,docked_bike,2021-04-17 16:46:51,2021-04-17 16:46:44,Central Park W & W 97 St,7538,Central Park West & W 72 St,7141,40.792495,-73.96417,40.77579376683666,-73.9762057363987,casual
302028,FA5FA6ED9325B11F,docked_bike,2021-04-16 10:54:33,2021-04-16 11:09:07,Central Park W & W 97 St,7538,W 116 St & Broadway,7713,40.792495,-73.964171,40.8082,-73.9641,member
302031,7DD64E460FC269E7,docked_bike,2021-04-24 14:21:33,2021-04-24 15:27:18,Central Park W & W 97 St,7538,Central Park West & W 72 St,7141,40.792495,-73.96417,40.77579376683666,-73.9762057363987,casual
302037,D68AB59EDD48E1B1,docked_bike,2021-04-10 16:27:00,2021-04-10 17:22:22,Central Park W & W 97 St,7538,Central Park West & W 72 St,7141,40.792495,-73.96417,40.77579376683666,-73.9762057363987,casual
302044,B06EF543C328BAFC,docked_bike,2021-04-10 16:25:43,2021-04-10 16:44:00,Central Park W & W 97 St,7538,Central Park West & W 72 St,7141,40.792495,-73.96417,40.77579376683666,-73.9762057363987,casual
302046,3B203C1563946B93,docked_bike,2021-04-24 10:54:30,2021-04-24 11:05:01,Central Park W & W 97 St,7538,Central Park West & W 72 St,7141,40.792495,-73.96417,40.77579376683666,-73.9762057363987,casual
302050,A7B41BBB3DDE4A28,docked_bike,2021-04-16 13:53:24,2021-04-16 14:02:10,Central Park W & W 97 St,7538,Central Park West & W 72 St,7141,40.792495,-73.96417,40.77579376683666,-73.9762057363987,casual
302054,252E8FC057742344,docked_bike,2021-04-19 19:53:56,2021-04-19 20:01:04,Central Park W & W 97 St,7538,Central Park West & W 72 St,7141,40.792495,-73.96417,40.77579376683666,-73.9762057363987,member
302056,98E7EE3E43D16971,docked_bike,2021-04-04 14:43:17,2021-04-04 15:08:53,Central Park W & W 97 St,7538,Central Park West & W 72 St,7141,40.792495,-73.96417,40.77579376683666,-73.9762057363987,casual
302059,90169F2E8D08D1F5,docked_bike,2021-04-07 08:18:34,2021-04-07 08:36:54,Central Park W & W 97 St,7538,Broadway & W 38 St,6441,40.792495,-73.96417,40.75299641,-73.98721619,member
302062,1D9EE8F003D138D4,docked_bike,2021-04-22 19:04:27,2021-04-22 19:10:18,Central Park W & W 97 St,7538,Central Park West & W 72 St,7141,40.792495,-73.96417,40.77579376683666,-73.9762057363987,member
302066,3FA2A3C831E89918,docked_bike,2021-04-30 08:22:26,2021-04-30 09:04:08,Central Park W & W 97 St,7538,31 St & 21 Ave,7202,40.792495,-73.96417,40.77813,-73.90842,member
302067,0E6CACD2838D8E33,docked_bike,2021-04-20 12:15:56,2021-04-20 12:26:53,Central Park W & W 97 St,7538,W 116 St & Broadway,7713,40.792495,-73.96417,40.8082,-73.9641,casual
302069,633045F45B7B2192,docked_bike,2021-04-04 13:55:02,2021-04-04 14:23:44,Central Park W & W 97 St,7538,Central Park West & W 72 St,7141,40.792495,-73.96417,40.77579376683666,-73.9762057363987,member
302070,B2A55B7DBD0B3722,docked_bike,2021-04-10 19:57:31,2021-04-10 20:25:10,Central Park W & W 97 St,7538,Central Park West & W 72 St,7141,40.792495,-73.96417,40.77579376683666,-73.9762057363987,member
302092,F6F296B4EFC87F9C,docked_bike,2021-04-06 18:30:20,2021-04-06 18:46:27,Central Park W & W 97 St,7538,Central Park West & W 72 St,7141,40.792495,-73.96417,40.77579376683666,-73.9762057363987,member
302093,8EAA671145D50C65,docked_bike,2021-04-10 17:09:41,2021-04-10 17:30:50,Central Park W & W 97 St,7538,Central Park West & W 72 St,7141,40.792495,-73.96417,40.77579376683666,-73.9762057363987,member
302096,904AF2EAC9C2D6AB,docked_bike,2021-04-30 08:51:19,2021-04-30 09:17:07,Central Park W & W 97 St,7538,Broadway & W 38 St,6441,40.792495,-73.96417,40.75299641,-73.98721619,casual
302100,7C2B4D02CE40CDEC,docked_bike,2021-04-17 16:58:25,2021-04-17 16:58:15,Central Park W & W 97 St,7538,Central Park West & W 72 St,7141,40.792495,-73.96417,40.77579376683666,-73.9762057363987,casual
302102,EBE8816063EC90CE,docked_bike,2021-04-10 15:03:43,2021-04-10 15:17:04,Central Park W & W 97 St,7538,Central Park West & W 72 St,7141,40.792495,-73.96417,40.77579376683666,-73.9762057363987,casual
302104,AB043FA0DB1D884E,docked_bike,2021-04-30 19:14:29,2021-04-30 19:30:16,Central Park W & W 97 St,7538,Central Park West & W 72 St,7141,40.792495,-73.96417,40.77579376683666,-73.9762057363987,member
302105,EA06B784138F3AFE,docked_bike,2021-04-17 16:47:26,2021-04-17 16:47:21,Central Park W & W 97 St,7538,Central Park West & W 72 St,7141,40.792495,-73.96417,40.77579376683666,-73.9762057363987,casual
302106,5E54DE2E6EEAA405,docked_bike,2021-04-14 17:38:22,2021-04-14 17:57:22,Central Park W & W 97 St,7538,Central Park West & W 72 St,7141,40.792495,-73.96417,40.77579376683666,-73.9762057363987,casual
302108,5F7AFD4ABDCE9A9E,docked_bike,2021-04-10 15:19:42,2021-04-10 15:37:32,Central Park W & W 97 St,7538,Central Park West & W 72 St,7141,40.792495,-73.96417,40.77579376683666,-73.9762057363987,casual
302117,DCDF50110ECD7C59,docked_bike,2021-04-22 16:53:15,2021-04-22 16:59:15,Central Park W & W 97 St,7538,Central Park West & W 72 St,7141,40.792495,-73.96417,40.77579376683666,-73.9762057363987,member
302118,C0A0525E558E9F9D,docked_bike,2021-04-17 16:12:13,2021-04-17 16:12:12,Central Park W & W 97 St,7538,Central Park West & W 72 St,7141,40.792495,-73.96417,40.77579376683666,-73.9762057363987,casual
302119,1041ADB420B06792,docked_bike,2021-04-29 11:18:24,2021-04-29 11:33:46,Central Park W & W 97 St,7538,Broadway & W 38 St,6441,40.792495,-73.96417,40.75299641,-73.98721619,member
302123,372A8432AAE2713F,docked_bike,2021-04-14 17:35:57,2021-04-14 19:06:55,Central Park W & W 97 St,7538,Central Park West & W 72 St,7141,40.792495,-73.96417,40.77579376683666,-73.9762057363987,casual
302125,63E41609D667DA26,docked_bike,2021-04-28 15:46:49,2021-04-28 15:54:11,Central Park W & W 97 St,7538,Central Park West & W 72 St,7141,40.792495,-73.96417,40.77579376683666,-73.9762057363987,member
302127,48778561AA754105,docked_bike,2021-04-07 17:17:44,2021-04-07 17:30:35,Central Park W & W 97 St,7538,Central Park West & W 72 St,7141,40.792495,-73.96417,40.77579376683666,-73.9762057363987,member
302129,84D9271F3202DA86,docked_bike,2021-04-14 15:50:59,2021-04-14 16:00:01,Central Park W & W 97 St,7538,Central Park West & W 72 St,7141,40.792495,-73.96417,40.77579376683666,-73.9762057363987,member
302131,10F4B1494C3482B5,docked_bike,2021-04-24 17:50:49,2021-04-24 18:00:54,Central Park W & W 97 St,7538,Central Park West & W 72 St,7141,40.792495,-73.96417,40.77579376683666,-73.9762057363987,member
302132,2C09C2A07824E699,docked_bike,2021-04-30 17:47:07,2021-04-30 18:02:12,Central Park W & W 97 St,7538,Central Park West & W 72 St,7141,40.792495,-73.96417,40.77579376683666,-73.9762057363987,member
302469,8AC57B9F98C5A029,docked_bike,2021-04-04 14:42:30,2021-04-04 15:08:21,Central Park W & W 97 St,7538,Central Park West & W 72 St,7141,40.792495,-73.96417,40.77579376683666,-73.9762057363987,casual
302470,1D5228E509B2E822,docked_bike,2021-04-27 06:59:31,2021-04-27 07:15:37,Central Park W & W 97 St,7538,Central Park West & W 72 St,7141,40.792495,-73.96417,40.77579376683666,-73.9762057363987,casual
302475,DE2F4440C6F2BB3B,docked_bike,2021-04-28 07:02:03,2021-04-28 07:17:32,Central Park W & W 97 St,7538,Broadway & W 38 St,6441,40.792495,-73.96417,40.75299641,-73.98721619,member
302476,5A504AED111D2A13,docked_bike,2021-04-23 19:23:06,2021-04-23 20:15:04,Central Park W & W 97 St,7538,Central Park West & W 72 St,7141,40.792495,-73.96417,40.77579376683666,-73.9762057363987,member
302477,6C041422BCDED769,docked_bike,2021-04-07 17:16:00,2021-04-07 17:30:35,Central Park W & W 97 St,7538,Central Park West & W 72 St,7141,40.792495,-73.96417,40.77579376683666,-73.9762057363987,casual
302543,6C3DAA74DECEFAF5,docked_bike,2021-04-24 17:56:00,2021-04-24 18:03:28,Central Park W & W 97 St,7538,Central Park West & W 72 St,7141,40.792495,-73.96417,40.77579376683666,-73.9762057363987,member
302545,61F968C0EE199FC4,docked_bike,2021-04-18 19:00:37,2021-04-18 19:11:55,Central Park W & W 97 St,7538,W 116 St & Broadway,7713,40.792495,-73.96417,40.8082,-73.9641,member
302546,1C81E4D43044EC42,docked_bike,2021-04-24 14:06:50,2021-04-24 14:23:59,Central Park W & W 97 St,7538,Central Park West & W 72 St,7141,40.792495,-73.96417,40.77579376683666,-73.9762057363987,casual
302554,DB424A6CC83FE1D2,docked_bike,2021-04-27 21:34:36,2021-04-27 21:48:20,Central Park W & W 97 St,7538,Central Park West & W 72 St,7141,40.792495,-73.96417,40.77579376683666,-73.9762057363987,member
302652,5D2E016FBB27A568,docked_bike,2021-04-03 16:27:53,2021-04-03 16:46:16,Central Park W & W 97 St,7538,Central Park West & W 72 St,7141,40.792495,-73.96417,40.77579376683666,-73.9762057363987,member
302656,A8E535CD761432BB,docked_bike,2021-04-14 17:38:17,2021-04-14 17:59:01,Central Park W & W 97 St,7538,Central Park West & W 72 St,7141,40.792495,-73.96417,40.77579376683666,-73.9762057363987,casual
302658,985CE83ED71D1B39,docked_bike,2021-04-24 15:11:36,2021-04-24 15:25:26,Central Park W & W 97 St,7538,Central Park West & W 72 St,7141,40.792495,-73.96417,40.77579376683666,-73.9762057363987,member
302660,97BA5B1C3CA634D2,docked_bike,2021-04-10 15:04:31,2021-04-10 15:16:42,Central Park W & W 97 St,7538,Central Park West & W 72 St,7141,40.792495,-73.96417,40.77579376683666,-73.9762057363987,casual
302662,95B3771EE5C3C810,docked_bike,2021-04-12 10:59:40,2021-04-12 11:17:12,Central Park W & W 97 St,7538,Broadway & W 38 St,6441,40.792495,-73.96417,40.75299641,-73.98721619,member
302663,7AE45D50F8F14F74,docked_bike,2021-04-19 08:23:38,2021-04-19 08:43:42,Central Park W & W 97 St,7538,Broadway & W 38 St,6441,40.792495,-73.96417,40.75299641,-73.98721619,member
302664,FA4D602E4AA5D929,docked_bike,2021-04-21 08:17:33,2021-04-21 08:38:29,Central Park W & W 97 St,7538,Broadway & W 38 St,6441,40.792495,-73.96417,40.75299641,-73.98721619,member
302674,DA8201559363B3A8,docked_bike,2021-04-10 16:33:06,2021-04-10 17:21:37,Central Park W & W 97 St,7538,Central Park West & W 72 St,7141,40.792495,-73.96417,40.77579376683666,-73.9762057363987,member
302675,4563A852C33B136C,docked_bike,2021-04-04 16:34:14,2021-04-04 17:50:23,Central Park W & W 97 St,7538,Central Park West & W 72 St,7141,40.792495,-73.96417,40.77579376683666,-73.9762057363987,casual
303927,04AC0871122AB227,docked_bike,2021-04-19 17:04:13,2021-04-19 17:04:39,Central Park W & W 97 St,7538,Central Park West & W 72 St,7141,40.792495,-73.96417,40.77579376683666,-73.9762057363987,member
303928,9290C7D2F221E783,docked_bike,2021-04-24 12:33:43,2021-04-24 12:51:52,Central Park W & W 97 St,7538,Broadway & W 38 St,6441,40.792495,-73.96417,40.75299641,-73.98721619,casual
303929,25706BFF6A13A74B,docked_bike,2021-04-18 17:00:57,2021-04-18 17:16:35,Central Park W & W 97 St,7538,Central Park West & W 72 St,7141,40.792495,-73.96417,40.77579376683666,-73.9762057363987,member
304682,7B4343A5E26E33EE,docked_bike,2021-04-07 14:44:01,2021-04-07 14:53:52,W 100 St & Manhattan Ave,7538,W 116 St & Broadway,7713,40.795,-73.9645,40.8082,-73.9641,member
304683,D471E76367A9B466,docked_bike,2021-04-08 08:38:12,2021-04-08 08:44:22,W 100 St & Manhattan Ave,7538,W 116 St & Broadway,7713,40.795,-73.9645,40.8082,-73.9641,member
304684,C3E1694E4B84E8FA,docked_bike,2021-04-28 14:49:51,2021-04-28 15:00:23,W 100 St & Manhattan Ave,7538,W 116 St & Broadway,7713,40.795,-73.9645,40.8082,-73.9641,member
304687,DA6DAEC531AD6F6D,docked_bike,2021-04-09 21:00:47,2021-04-09 21:34:49,W 100 St & Manhattan Ave,7538,Central Park West & W 72 St,7141,40.795,-73.9645,40.775794,-73.976206,member
304688,9E71F2FFA4F8C2F3,docked_bike,2021-04-17 13:09:12,2021-04-17 13:34:39,W 100 St & Manhattan Ave,7538,Central Park West & W 72 St,7141,40.795,-73.9645,40.775794,-73.976206,casual
304689,E358F2BAD987EC4E,docked_bike,2021-04-10 11:01:05,2021-04-10 11:08:44,W 100 St & Manhattan Ave,7538,W 116 St & Broadway,7713,40.795,-73.9645,40.8082,-73.9641,member
304693,671681E4B754F3C2,docked_bike,2021-04-09 20:57:14,2021-04-09 21:05:54,W 100 St & Manhattan Ave,7538,W 116 St & Broadway,7713,40.795,-73.9645,40.8082,-73.9641,member
304705,484BBCD62B9053FE,docked_bike,2021-04-21 09:12:39,2021-04-21 09:32:22,W 100 St & Manhattan Ave,7538,Broadway & W 38 St,6441,40.795,-73.9645,40.75299641,-73.98721619,member
304729,20762B9E14D6BD56,docked_bike,2021-04-19 14:57:46,2021-04-19 15:04:05,W 100 St & Manhattan Ave,7538,W 116 St & Broadway,7713,40.795,-73.9645,40.8082,-73.9641,member
304730,BA289A85E4902C80,docked_bike,2021-04-01 08:36:32,2021-04-01 08:55:45,W 100 St & Manhattan Ave,7538,W 116 St & Broadway,7713,40.795,-73.9645,40.8082,-73.9641,member
304745,100240E4795C32F9,docked_bike,2021-04-10 12:12:58,2021-04-10 12:53:31,W 100 St & Manhattan Ave,7538,Willow Ave & E 133 St,7626,40.795,-73.9645,40.800933,-73.913863,casual
304746,7DDAB8B5C2B05650,docked_bike,2021-04-13 08:13:09,2021-04-13 08:40:30,W 100 St & Manhattan Ave,7538,Broadway & W 38 St,6441,40.795,-73.9645,40.75299641,-73.98721619,member
304754,ED33770EEF91C484,docked_bike,2021-04-04 14:29:25,2021-04-04 14:38:36,W 100 St & Manhattan Ave,7538,Central Park West & W 72 St,7141,40.795,-73.9645,40.77579376683666,-73.9762057363987,member
304761,4F860B2477ADC4F8,docked_bike,2021-04-25 12:08:39,2021-04-25 12:19:30,W 100 St & Manhattan Ave,7538,Central Park West & W 72 St,7141,40.795,-73.9645,40.77579376683666,-73.9762057363987,member
304763,37AEEDF9B7DBDE32,docked_bike,2021-04-28 15:55:52,2021-04-28 16:09:31,W 100 St & Manhattan Ave,7538,Central Park West & W 72 St,7141,40.795,-73.9645,40.77579376683666,-73.9762057363987,casual
304764,FFD588F87C6BAC5C,docked_bike,2021-04-01 18:26:07,2021-04-01 18:44:51,W 100 St & Manhattan Ave,7538,Broadway & W 38 St,6441,40.795,-73.9645,40.75299641,-73.98721619,member
304770,5F0F803017B86E4F,docked_bike,2021-04-17 13:09:00,2021-04-17 13:35:55,W 100 St & Manhattan Ave,7538,Central Park West & W 72 St,7141,40.795,-73.9645,40.775794,-73.976206,casual
304848,E46D2C4435D0DAB7,docked_bike,2021-04-23 18:37:17,2021-04-23 18:48:18,W 100 St & Manhattan Ave,7538,W 116 St & Broadway,7713,40.795,-73.9645,40.8082,-73.9641,member
304850,288FE7D04421D1DC,docked_bike,2021-04-09 13:51:53,2021-04-09 14:22:10,W 100 St & Manhattan Ave,7538,Broadway & W 38 St,6441,40.795,-73.9645,40.75299641,-73.98721619,member
304851,C71ECFA6112C00EB,docked_bike,2021-04-13 18:25:19,2021-04-13 18:39:12,W 100 St & Manhattan Ave,7538,Central Park West & W 72 St,7141,40.795,-73.9645,40.77579376683666,-73.9762057363987,member
304854,73B1729D731773E1,docked_bike,2021-04-09 20:59:43,2021-04-09 21:34:49,W 100 St & Manhattan Ave,7538,Central Park West & W 72 St,7141,40.795,-73.9645,40.77579376683666,-73.9762057363987,member
304921,69A553443EE6CC2C,docked_bike,2021-04-28 14:36:59,2021-04-28 14:46:56,W 100 St & Manhattan Ave,7538,W 116 St & Broadway,7713,40.795,-73.9645,40.8082,-73.9641,member
304924,5C31D6BF7F4FFC9F,docked_bike,2021-04-11 05:49:07,2021-04-11 06:32:47,W 100 St & Manhattan Ave,7538,Central Park West & W 72 St,7141,40.795,-73.9645,40.77579376683666,-73.9762057363987,member
304927,1B1464B669421D14,docked_bike,2021-04-20 14:54:56,2021-04-20 15:13:43,W 100 St & Manhattan Ave,7538,W 116 St & Broadway,7713,40.795,-73.9645,40.8082,-73.9641,member
304929,D6EEE133A726F1CC,docked_bike,2021-04-23 10:19:07,2021-04-23 10:29:48,W 100 St & Manhattan Ave,7538,Central Park West & W 72 St,7141,40.795,-73.9645,40.77579376683666,-73.9762057363987,member
304931,930E1DA559645157,docked_bike,2021-04-24 13:43:21,2021-04-24 13:57:22,W 100 St & Manhattan Ave,7538,Central Park West & W 72 St,7141,40.795,-73.9645,40.77579376683666,-73.9762057363987,member
305782,9074D3A2F310A380,docked_bike,2021-04-20 12:15:56,2021-04-20 12:26:57,Central Park W & W 97 St,7538,W 116 St & Broadway,7713,40.792495,-73.96417,40.8082,-73.9641,casual
305786,FDA2C47E14585B9A,docked_bike,2021-04-10 15:20:17,2021-04-10 15:37:35,Central Park W & W 97 St,7538,Central Park West & W 72 St,7141,40.792495,-73.96417,40.77579376683666,-73.9762057363987,casual
305787,6801743E8EAD7D54,docked_bike,2021-04-23 10:38:31,2021-04-23 10:55:21,Central Park W & W 97 St,7538,Central Park West & W 72 St,7141,40.792495,-73.96417,40.77579376683666,-73.9762057363987,member
305788,F4A20CA178F2422B,docked_bike,2021-04-08 11:46:02,2021-04-08 11:58:11,Central Park W & W 97 St,7538,Central Park West & W 72 St,7141,40.792495,-73.96417,40.77579376683666,-73.9762057363987,member
305796,166924A72D152EC9,docked_bike,2021-04-04 13:40:17,2021-04-04 13:49:44,Central Park W & W 97 St,7538,Central Park West & W 72 St,7141,40.792495,-73.964171,40.775794,-73.976206,member
306310,91F6E568CFAEBE59,docked_bike,2021-04-17 19:19:23,2021-04-17 19:19:20,Central Park W & W 97 St,7538,W 116 St & Broadway,7713,40.792495,-73.96417,40.8082,-73.9641,member
306314,D29294AA16B67AE8,docked_bike,2021-04-23 17:30:41,2021-04-23 17:42:13,Central Park W & W 97 St,7538,Central Park West & W 72 St,7141,40.792495,-73.96417,40.77579376683666,-73.9762057363987,member
306315,48E2C0DE6EA4FF0E,docked_bike,2021-04-29 19:03:36,2021-04-29 19:11:57,Central Park W & W 97 St,7538,Central Park West & W 72 St,7141,40.792495,-73.96417,40.77579376683666,-73.9762057363987,member
306321,03E1466D479CC40F,docked_bike,2021-04-16 14:50:52,2021-04-16 15:02:07,Central Park W & W 97 St,7538,Central Park West & W 72 St,7141,40.792495,-73.96417,40.77579376683666,-73.9762057363987,member
306324,7C29BDBBA17B33C6,docked_bike,2021-04-27 07:00:32,2021-04-27 07:17:21,Central Park W & W 97 St,7538,Broadway & W 38 St,6441,40.792495,-73.96417,40.75299641,-73.98721619,member
306325,6BC2A0CC7A9AD9DD,docked_bike,2021-04-03 13:44:32,2021-04-03 13:59:03,Central Park W & W 97 St,7538,Central Park West & W 72 St,7141,40.792495,-73.96417,40.77579376683666,-73.9762057363987,member
309588,C39D5930C2451B81,docked_bike,2021-04-23 17:58:24,2021-04-23 18:10:10,Central Park W & W 97 St,7538,Central Park West & W 72 St,7141,40.792495,-73.96417,40.77579376683666,-73.9762057363987,casual
309589,505C3EA1540F4125,docked_bike,2021-04-12 11:29:33,2021-04-12 11:54:50,Central Park W & W 97 St,7538,Broadway & W 38 St,6441,40.792495,-73.964171,40.752996,-73.987216,member
309591,D68E725323870123,docked_bike,2021-04-24 17:14:56,2021-04-24 17:25:50,Central Park W & W 97 St,7538,W 116 St & Broadway,7713,40.792495,-73.96417,40.8082,-73.9641,member
309592,7237AF08B2C71080,docked_bike,2021-04-10 16:26:28,2021-04-10 17:21:36,Central Park W & W 97 St,7538,Central Park West & W 72 St,7141,40.792495,-73.96417,40.77579376683666,-73.9762057363987,casual
309594,F338785B7B6D5694,docked_bike,2021-04-24 15:14:25,2021-04-24 15:28:01,Central Park W & W 97 St,7538,Central Park West & W 72 St,7141,40.792495,-73.96417,40.77579376683666,-73.9762057363987,member
309595,3991D9D3C35654E5,docked_bike,2021-04-27 08:11:31,2021-04-27 08:32:19,Central Park W & W 97 St,7538,Broadway & W 38 St,6441,40.792495,-73.96417,40.75299641,-73.98721619,member
309603,25A704F26CC76653,docked_bike,2021-04-02 11:50:47,2021-04-02 11:59:48,Central Park W & W 97 St,7538,Central Park West & W 72 St,7141,40.792495,-73.96417,40.77579376683666,-73.9762057363987,member
309607,D52285FBE9DC2569,docked_bike,2021-04-21 07:01:23,2021-04-21 07:18:48,Central Park W & W 97 St,7538,Broadway & W 38 St,6441,40.792495,-73.96417,40.75299641,-73.98721619,member
312873,F49C120AA5FB3E98,docked_bike,2021-04-10 00:57:31,2021-04-10 01:44:42,Central Park W & W 97 St,7538,Riverside Dr & W 82 St,7388,40.792495,-73.964171,40.787209,-73.981281,member
312877,0830713DCA6FE822,docked_bike,2021-04-24 09:21:47,2021-04-24 09:33:44,Central Park W & W 97 St,7538,Riverside Dr & W 104 St,7623,40.792495,-73.964171,40.801343,-73.971146,casual
312878,B25957153FD6F91C,docked_bike,2021-04-08 13:36:38,2021-04-08 13:44:09,Central Park W & W 97 St,7538,Columbus Ave & W 72 St,7175,40.792495,-73.96417,40.7770575,-73.97898475,casual
312879,1752DEDB6D961F40,docked_bike,2021-04-14 11:28:41,2021-04-14 11:39:07,Central Park W & W 97 St,7538,Columbus Ave & W 72 St,7175,40.792495,-73.96417,40.7770575,-73.97898475,member
312880,654A552999767C0D,docked_bike,2021-04-18 18:14:27,2021-04-18 18:29:04,Central Park W & W 97 St,7538,Columbus Ave & W 72 St,7175,40.792495,-73.96417,40.7770575,-73.97898475,member
312882,45206FA91D8A4403,docked_bike,2021-04-12 10:19:35,2021-04-12 10:31:26,Central Park W & W 97 St,7538,Columbus Ave & W 72 St,7175,40.792495,-73.96417,40.7770575,-73.97898475,member
312884,B95FBDB6FE550C73,docked_bike,2021-04-24 09:17:18,2021-04-24 09:26:27,Central Park W & W 97 St,7538,Riverside Dr & W 104 St,7623,40.792495,-73.964171,40.801343,-73.971146,casual
312886,E4D7D7F1E64798AC,docked_bike,2021-04-03 13:31:21,2021-04-03 13:39:32,Central Park W & W 97 St,7538,Columbus Ave & W 72 St,7175,40.792495,-73.96417,40.7770575,-73.97898475,casual
312890,A6D0F5DBFE864300,docked_bike,2021-04-17 11:27:31,2021-04-17 11:44:14,Central Park W & W 97 St,7538,E 58 St &  1 Ave (NW Corner),6723,40.792495,-73.96417,40.759125,-73.962658,member
313134,AC1A2C8412A472AF,docked_bike,2021-04-10 17:09:35,2021-04-10 17:19:17,Central Park W & W 97 St,7538,Columbus Ave & W 72 St,7175,40.792495,-73.96417,40.7770575,-73.97898475,member
313136,1FE4890A790ADA3B,docked_bike,2021-04-01 10:09:50,2021-04-01 10:17:16,Central Park W & W 97 St,7538,Riverside Dr & W 82 St,7388,40.792495,-73.964171,40.787209,-73.981281,member
313137,87B9E3A5FACEEF05,docked_bike,2021-04-08 10:12:22,2021-04-08 10:18:51,Central Park W & W 97 St,7538,Riverside Dr & W 82 St,7388,40.792495,-73.964171,40.787209,-73.981281,member
313138,EEC6501A8933A150,docked_bike,2021-04-22 10:10:45,2021-04-22 10:18:31,Central Park W & W 97 St,7538,Riverside Dr & W 82 St,7388,40.792495,-73.964171,40.787209,-73.981281,member
313144,604A3F6FEAC5F9B7,docked_bike,2021-04-19 12:55:42,2021-04-19 13:06:56,Central Park W & W 97 St,7538,Columbus Ave & W 72 St,7175,40.792495,-73.96417,40.7770575,-73.97898475,casual
313147,4760F01A5D1AEE11,docked_bike,2021-04-28 07:50:09,2021-04-28 07:58:56,Central Park W & W 97 St,7538,Riverside Dr & W 82 St,7388,40.792495,-73.96417,40.78720869,-73.98128127,member
313149,E4C5916AF9FBE59E,docked_bike,2021-04-28 12:09:49,2021-04-28 12:22:41,Central Park W & W 97 St,7538,Columbus Ave & W 72 St,7175,40.792495,-73.96417,40.7770575,-73.97898475,member
313152,84E530BA66E8C98E,docked_bike,2021-04-28 18:37:46,2021-04-28 18:51:12,Central Park W & W 97 St,7538,Columbus Ave & W 72 St,7175,40.792495,-73.96417,40.7770575,-73.97898475,member
313153,4A5C1AFA50C40670,docked_bike,2021-04-30 18:00:36,2021-04-30 18:09:42,Central Park W & W 97 St,7538,Columbus Ave & W 72 St,7175,40.792495,-73.96417,40.7770575,-73.97898475,member
314196,8E74B96FE108586C,docked_bike,2021-04-06 16:18:43,2021-04-06 16:36:19,Central Park W & W 97 St,7538,Columbus Ave & W 72 St,7175,40.792495,-73.96417,40.7770575,-73.97898475,casual
314198,5C1CD029E3290FF0,docked_bike,2021-04-10 13:13:03,2021-04-10 13:25:38,Central Park W & W 97 St,7538,Columbus Ave & W 72 St,7175,40.792495,-73.96417,40.7770575,-73.97898475,member
314199,C1DFEB2413C5B3D8,docked_bike,2021-04-12 10:48:41,2021-04-12 10:55:33,Central Park W & W 97 St,7538,Columbus Ave & W 72 St,7175,40.792495,-73.96417,40.7770575,-73.97898475,casual
314201,1F1ED0D8F29859B3,docked_bike,2021-04-03 13:10:06,2021-04-03 13:21:00,Central Park W & W 97 St,7538,Columbus Ave & W 72 St,7175,40.792495,-73.96417,40.7770575,-73.97898475,member
314207,D3D7DE0C21BF4109,docked_bike,2021-04-27 19:58:46,2021-04-27 20:28:57,Central Park W & W 97 St,7538,9 Ave & W 18 St,6190,40.792495,-73.96417,40.74317449,-74.00366443,member
314210,2F58BFD3CA49BA16,docked_bike,2021-04-24 13:55:01,2021-04-24 14:07:59,Central Park W & W 97 St,7538,Columbus Ave & W 72 St,7175,40.792495,-73.96417,40.7770575,-73.97898475,member
314212,985BB5E466B3A9D8,docked_bike,2021-04-22 13:40:14,2021-04-22 13:51:33,Central Park W & W 97 St,7538,Riverside Dr & W 82 St,7388,40.792495,-73.96417,40.78720869,-73.98128127,casual
314216,AE352F4EC1C17D4C,docked_bike,2021-04-17 11:54:03,2021-04-17 11:54:00,Central Park W & W 97 St,7538,W Broadway & Spring St,5569,40.792495,-73.96417,40.72494672359416,-74.00165855884552,member
314222,8F9213DBB63649E6,docked_bike,2021-04-06 17:49:21,2021-04-06 18:03:11,Central Park W & W 97 St,7538,Riverside Dr & W 104 St,7623,40.792495,-73.96417,40.8013434,-73.9711457439,member
314226,3BB7C74FDBD6C4B1,docked_bike,2021-04-28 07:35:25,2021-04-28 07:46:50,Central Park W & W 97 St,7538,Columbus Ave & W 72 St,7175,40.792495,-73.96417,40.7770575,-73.97898475,casual
314227,6994D55DAFAB6116,docked_bike,2021-04-22 10:14:24,2021-04-22 10:21:07,Central Park W & W 97 St,7538,Riverside Dr & W 104 St,7623,40.792495,-73.96417,40.8013434,-73.9711457439,casual
314927,E9AEA560F901C2C1,docked_bike,2021-04-03 11:42:50,2021-04-03 11:58:57,W 100 St & Manhattan Ave,7538,3 Ave & E 71 St,6960,40.795,-73.9645,40.76873687,-73.96119945,member
314928,1B610C5A56B96B6C,docked_bike,2021-04-18 11:13:33,2021-04-18 11:25:20,W 100 St & Manhattan Ave,7538,3 Ave & E 71 St,6960,40.795,-73.9645,40.76873687,-73.96119945,member
314933,A907135ECD53EF90,docked_bike,2021-04-18 17:27:04,2021-04-18 17:35:02,W 100 St & Manhattan Ave,7538,Riverside Dr & W 104 St,7623,40.795,-73.9645,40.801343,-73.971146,member
314934,DB4DF06AC9E55CC0,docked_bike,2021-04-06 16:53:39,2021-04-06 17:00:09,W 100 St & Manhattan Ave,7538,Riverside Dr & W 82 St,7388,40.795,-73.9645,40.78720869,-73.98128127,member
314938,17BC54E78D3D6509,docked_bike,2021-04-29 13:35:27,2021-04-29 13:44:08,W 100 St & Manhattan Ave,7538,Columbus Ave & W 72 St,7175,40.795,-73.9645,40.7770575,-73.97898475,casual
314990,3A9B998524747A30,docked_bike,2021-04-19 09:26:37,2021-04-19 09:38:00,W 100 St & Manhattan Ave,7538,Columbus Ave & W 72 St,7175,40.795,-73.9645,40.7770575,-73.97898475,member
314994,931E11F84CF1098D,docked_bike,2021-04-29 04:00:00,2021-04-29 04:13:28,W 100 St & Manhattan Ave,7538,Adam Clayton Powell Blvd & W 151 St,8009,40.795,-73.9645,40.825289,-73.936232,member
314997,E58796AA0E122230,docked_bike,2021-04-27 08:22:08,2021-04-27 08:34:40,W 100 St & Manhattan Ave,7538,Columbus Ave & W 72 St,7175,40.795,-73.9645,40.7770575,-73.97898475,member
315006,433CCF0A07CE3064,docked_bike,2021-04-21 13:51:33,2021-04-21 13:55:22,W 100 St & Manhattan Ave,7538,Riverside Dr & W 104 St,7623,40.795,-73.9645,40.8013434,-73.9711457439,member
315310,F99FC64D74C9A8D1,docked_bike,2021-04-30 08:39:21,2021-04-30 08:48:08,W 100 St & Manhattan Ave,7538,Columbus Ave & W 72 St,7175,40.795,-73.9645,40.7770575,-73.97898475,member
315311,3D5FC4B4E8CC1710,docked_bike,2021-04-10 08:05:07,2021-04-10 08:13:39,W 100 St & Manhattan Ave,7538,Riverside Dr & W 104 St,7623,40.795,-73.9645,40.8013434,-73.9711457439,member
315312,25EDA1A4CFF2DDF1,docked_bike,2021-04-08 19:32:55,2021-04-08 19:44:28,W 100 St & Manhattan Ave,7538,Columbus Ave & W 72 St,7175,40.795,-73.9645,40.7770575,-73.97898475,member
315314,7C24806E761BC608,docked_bike,2021-04-04 03:59:07,2021-04-04 04:16:13,W 100 St & Manhattan Ave,7538,Adam Clayton Powell Blvd & W 151 St,8009,40.795,-73.9645,40.825289,-73.936232,member
315362,9AFB883E0E16C5CC,docked_bike,2021-04-07 16:18:31,2021-04-07 16:25:23,W 100 St & Manhattan Ave,7538,Riverside Dr & W 104 St,7623,40.795,-73.9645,40.8013434,-73.9711457439,member
315425,568E8B0980DDB71E,docked_bike,2021-04-28 08:38:40,2021-04-28 08:48:00,W 100 St & Manhattan Ave,7538,Columbus Ave & W 72 St,7175,40.795,-73.9645,40.7770575,-73.97898475,member
315431,A6816BFB1EC9E921,docked_bike,2021-04-15 07:44:33,2021-04-15 07:54:07,W 100 St & Manhattan Ave,7538,Columbus Ave & W 72 St,7175,40.795,-73.9645,40.7770575,-73.97898475,member
319068,C376B66D53295148,docked_bike,2021-04-10 13:48:05,2021-04-10 14:03:13,W 100 St & Manhattan Ave,7538,Columbus Ave & W 72 St,7175,40.795,-73.9645,40.7770575,-73.97898475,casual
319073,615FA48C4F6160D0,docked_bike,2021-04-23 08:37:20,2021-04-23 08:46:44,W 100 St & Manhattan Ave,7538,Columbus Ave & W 72 St,7175,40.795,-73.9645,40.7770575,-73.97898475,member
319074,6EE978DF6805CF05,docked_bike,2021-04-26 07:30:08,2021-04-26 07:37:19,W 100 St & Manhattan Ave,7538,Columbus Ave & W 72 St,7175,40.795,-73.9645,40.7770575,-73.97898475,member
319077,8E32C272C9CB05ED,docked_bike,2021-04-06 10:02:47,2021-04-06 10:16:55,W 100 St & Manhattan Ave,7538,Columbus Ave & W 72 St,7175,40.795,-73.9645,40.7770575,-73.97898475,member
319131,58E06F0687854553,docked_bike,2021-04-03 17:31:36,2021-04-03 17:48:11,W 100 St & Manhattan Ave,7538,Columbus Ave & W 72 St,7175,40.795,-73.9645,40.7770575,-73.97898475,member
319139,AD6B5F8FE7A372D1,docked_bike,2021-04-24 16:16:34,2021-04-24 16:35:48,W 100 St & Manhattan Ave,7538,Columbus Ave & W 72 St,7175,40.795,-73.9645,40.7770575,-73.97898475,member
319149,65CFC402783C10F1,docked_bike,2021-04-23 11:53:25,2021-04-23 12:00:24,W 100 St & Manhattan Ave,7538,Riverside Dr & W 82 St,7388,40.795,-73.9645,40.78720869,-73.98128127,member
319150,16B9602D4B45C7B2,docked_bike,2021-04-12 11:52:18,2021-04-12 12:00:23,W 100 St & Manhattan Ave,7538,Riverside Dr & W 82 St,7388,40.795,-73.9645,40.78720869,-73.98128127,member
320251,7B5DDBC20CEE63BE,docked_bike,2021-04-09 11:38:41,2021-04-09 11:48:06,Central Park W & W 97 St,7538,Columbus Ave & W 72 St,7175,40.792495,-73.96417,40.7770575,-73.97898475,member
320253,C8FEA97364FE1468,docked_bike,2021-04-24 09:41:55,2021-04-24 09:48:33,Central Park W & W 97 St,7538,Columbus Ave & W 72 St,7175,40.792495,-73.96417,40.7770575,-73.97898475,casual
320254,DD60F7C8C210BB3F,docked_bike,2021-04-14 18:00:23,2021-04-14 18:09:58,Central Park W & W 97 St,7538,Columbus Ave & W 72 St,7175,40.792495,-73.964171,40.777058,-73.978985,member
320258,1C1FDB5A8243B3AC,docked_bike,2021-04-24 10:56:14,2021-04-24 11:04:43,Central Park W & W 97 St,7538,Columbus Ave & W 72 St,7175,40.792495,-73.96417,40.7770575,-73.97898475,member
320259,DC0FA9D606B7750E,docked_bike,2021-04-24 13:55:07,2021-04-24 14:07:56,Central Park W & W 97 St,7538,Columbus Ave & W 72 St,7175,40.792495,-73.96417,40.7770575,-73.97898475,member
320264,7AFC88AB447D4803,docked_bike,2021-04-10 19:28:23,2021-04-10 19:47:51,Central Park W & W 97 St,7538,Riverside Dr & W 82 St,7388,40.792495,-73.96417,40.78720869,-73.98128127,member
320266,CB798B0383424416,docked_bike,2021-04-09 12:19:31,2021-04-09 12:30:12,Central Park W & W 97 St,7538,Columbus Ave & W 72 St,7175,40.792495,-73.964171,40.777058,-73.978985,member
320267,25AD839470EC9DA8,docked_bike,2021-04-28 11:56:38,2021-04-28 12:03:36,Central Park W & W 97 St,7538,Riverside Dr & W 82 St,7388,40.792495,-73.96417,40.78720869,-73.98128127,member
320275,60DCF2320C751F4C,docked_bike,2021-04-24 09:20:09,2021-04-24 09:27:27,Central Park W & W 97 St,7538,Columbus Ave & W 72 St,7175,40.792495,-73.96417,40.7770575,-73.97898475,member
320287,3357611B5EB7ACD9,docked_bike,2021-04-21 08:51:27,2021-04-21 09:13:04,Central Park W & W 97 St,7538,3 Ave & E 71 St,6960,40.792495,-73.96417,40.76873687,-73.96119945,member
320289,7AAD80C55EE886DD,docked_bike,2021-04-17 12:52:54,2021-04-17 12:58:34,Central Park W & W 97 St,7538,Riverside Dr & W 104 St,7623,40.792495,-73.96417,40.8013434,-73.9711457439,member
320294,96547AD104F2DA7D,docked_bike,2021-04-13 11:22:30,2021-04-13 11:33:38,Central Park W & W 97 St,7538,Columbus Ave & W 72 St,7175,40.792495,-73.96417,40.7770575,-73.97898475,member
320300,317ABBBD7B20821F,docked_bike,2021-04-06 17:43:28,2021-04-06 18:03:13,Central Park W & W 97 St,7538,Riverside Dr & W 104 St,7623,40.792495,-73.96417,40.8013434,-73.9711457439,member
320304,CD61879BB39E4F83,docked_bike,2021-04-19 12:19:01,2021-04-19 12:28:17,Central Park W & W 97 St,7538,Columbus Ave & W 72 St,7175,40.792495,-73.96417,40.7770575,-73.97898475,casual
320310,EF53674BC70EF585,docked_bike,2021-04-05 16:01:38,2021-04-05 16:08:29,Central Park W & W 97 St,7538,Riverside Dr & W 104 St,7623,40.792495,-73.96417,40.8013434,-73.9711457439,member
320316,741BC62963C202D0,docked_bike,2021-04-06 11:38:17,2021-04-06 11:49:02,Central Park W & W 97 St,7538,Columbus Ave & W 72 St,7175,40.792495,-73.96417,40.7770575,-73.97898475,casual
320324,AEB79E6B38145152,docked_bike,2021-04-19 16:34:09,2021-04-19 16:42:10,Central Park W & W 97 St,7538,Riverside Dr & W 104 St,7623,40.792495,-73.96417,40.8013434,-73.9711457439,member
320325,4B437FE8A6BF15E0,docked_bike,2021-04-14 16:55:51,2021-04-14 17:02:59,Central Park W & W 97 St,7538,Riverside Dr & W 104 St,7623,40.792495,-73.96417,40.8013434,-73.9711457439,member
320327,7E8FFFFEE39B5A36,docked_bike,2021-04-09 08:41:40,2021-04-09 08:55:53,Central Park W & W 97 St,7538,Columbus Ave & W 72 St,7175,40.792495,-73.96417,40.7770575,-73.97898475,member
320328,065DB884760955A1,docked_bike,2021-04-27 18:06:20,2021-04-27 18:15:12,Central Park W & W 97 St,7538,Columbus Ave & W 72 St,7175,40.792495,-73.964171,40.777058,-73.978985,member
320334,FA15E4EF3CBC357F,docked_bike,2021-04-07 21:03:34,2021-04-07 21:14:35,Central Park W & W 97 St,7538,Columbus Ave & W 72 St,7175,40.792495,-73.96417,40.7770575,-73.97898475,member
320335,838776ADA6AC4D6E,docked_bike,2021-04-05 09:57:55,2021-04-05 10:14:20,Central Park W & W 97 St,7538,3 Ave & E 71 St,6960,40.792495,-73.96417,40.76873687,-73.96119945,member
320337,098B2DD66189CCB1,docked_bike,2021-04-13 17:49:37,2021-04-13 18:04:58,Central Park W & W 97 St,7538,Riverside Dr & W 104 St,7623,40.792495,-73.96417,40.8013434,-73.9711457439,member
320339,9DDF94D3A7C96569,docked_bike,2021-04-23 07:30:44,2021-04-23 07:39:10,Central Park W & W 97 St,7538,Columbus Ave & W 72 St,7175,40.792495,-73.96417,40.7770575,-73.97898475,member
320342,CDCA2A76A2053035,docked_bike,2021-04-18 12:43:18,2021-04-18 12:50:34,Central Park W & W 97 St,7538,Riverside Dr & W 82 St,7388,40.792495,-73.96417,40.78720869,-73.98128127,casual
320524,98337EEE378AD900,docked_bike,2021-04-07 07:02:20,2021-04-07 07:09:52,Central Park W & W 97 St,7538,Columbus Ave & W 72 St,7175,40.792495,-73.96417,40.7770575,-73.97898475,member
320525,6327213B08BE7061,docked_bike,2021-04-01 06:51:22,2021-04-01 06:59:55,Central Park W & W 97 St,7538,Columbus Ave & W 72 St,7175,40.792495,-73.96417,40.7770575,-73.97898475,member
320526,5A6916FF6B5F079D,docked_bike,2021-04-29 09:13:34,2021-04-29 09:58:52,Central Park W & W 97 St,7538,St. Nicholas Ave & W 155 St,8085,40.792495,-73.96417,40.830663,-73.941323,member
320529,00B5E8A87A187863,docked_bike,2021-04-07 17:33:49,2021-04-07 17:55:56,Central Park W & W 97 St,7538,Columbus Ave & W 72 St,7175,40.792495,-73.96417,40.7770575,-73.97898475,casual
320540,7CAA90AB091093C8,docked_bike,2021-04-24 09:15:13,2021-04-24 09:26:31,Central Park W & W 97 St,7538,Riverside Dr & W 104 St,7623,40.792495,-73.96417,40.8013434,-73.9711457439,member
321151,FAE306677F3FDD7C,docked_bike,2021-04-19 12:42:55,2021-04-19 12:55:46,Central Park W & W 97 St,7538,Columbus Ave & W 72 St,7175,40.792495,-73.96417,40.7770575,-73.97898475,member
321153,E92C682099A1051F,docked_bike,2021-04-27 11:27:05,2021-04-27 11:43:49,Central Park W & W 97 St,7538,3 Ave & E 71 St,6960,40.792495,-73.96417,40.76873687,-73.96119945,member
321156,42821909166BF875,docked_bike,2021-04-24 09:25:38,2021-04-24 09:41:20,Central Park W & W 97 St,7538,Adam Clayton Powell Blvd & W 151 St,8009,40.792495,-73.96417,40.825289,-73.936232,member
321157,4BE0D1FBCB7272A2,docked_bike,2021-04-19 11:32:14,2021-04-19 11:52:47,Central Park W & W 97 St,7538,3 Ave & E 71 St,6960,40.792495,-73.96417,40.76873687,-73.96119945,member
321160,450D98DD76BD7931,docked_bike,2021-04-20 07:37:13,2021-04-20 07:46:43,Central Park W & W 97 St,7538,Columbus Ave & W 72 St,7175,40.792495,-73.96417,40.7770575,-73.97898475,casual
321394,64265A6032DD9F91,docked_bike,2021-04-09 11:33:25,2021-04-09 11:41:14,Central Park W & W 97 St,7538,Columbus Ave & W 72 St,7175,40.792495,-73.96417,40.7770575,-73.97898475,casual
321401,DBF625264E0F6AC3,docked_bike,2021-04-08 11:50:07,2021-04-08 11:58:16,Central Park W & W 97 St,7538,Columbus Ave & W 72 St,7175,40.792495,-73.96417,40.7770575,-73.97898475,member
321408,827272CF8669844D,docked_bike,2021-04-20 18:31:07,2021-04-20 18:44:31,Central Park W & W 97 St,7538,Columbus Ave & W 72 St,7175,40.792495,-73.96417,40.7770575,-73.97898475,member
321409,5FC7DC7AF5C97445,docked_bike,2021-04-26 20:39:45,2021-04-26 21:17:59,Central Park W & W 97 St,7538,E 23 St & 1 Ave,5929,40.792495,-73.96417,40.736502,-73.97809472,member
321410,D0FFB9E00114C4D9,docked_bike,2021-04-07 17:33:54,2021-04-07 17:56:18,Central Park W & W 97 St,7538,Columbus Ave & W 72 St,7175,40.792495,-73.96417,40.7770575,-73.97898475,casual
321412,B1899A0222FDC03D,docked_bike,2021-04-19 19:56:07,2021-04-19 20:12:43,Central Park W & W 97 St,7538,Columbus Ave & W 72 St,7175,40.792495,-73.96417,40.7770575,-73.97898475,casual
321414,78A984189DDBD370,docked_bike,2021-04-10 19:22:57,2021-04-10 19:30:27,Central Park W & W 97 St,7538,Riverside Dr & W 82 St,7388,40.792495,-73.96417,40.78720869,-73.98128127,member
321416,3C2C349BD42FC5B4,docked_bike,2021-04-27 10:36:59,2021-04-27 10:56:53,Central Park W & W 97 St,7538,3 Ave & E 71 St,6960,40.792495,-73.96417,40.76873687,-73.96119945,member
321418,88CEEE4C435E8EEE,docked_bike,2021-04-24 12:14:36,2021-04-24 12:24:27,Central Park W & W 97 St,7538,Columbus Ave & W 72 St,7175,40.792495,-73.96417,40.7770575,-73.97898475,member
327422,19DF7DD345A43D08,docked_bike,2021-04-02 14:54:50,2021-04-02 15:00:05,Central Park W & W 97 St,7538,W 106 St & Amsterdam Ave,7634,40.792495,-73.96417,40.8008363,-73.9664492472,member
327424,AA65DD87A475BFD8,docked_bike,2021-04-24 16:01:18,2021-04-24 16:09:38,Central Park W & W 97 St,7538,W 106 St & Amsterdam Ave,7634,40.792495,-73.96417,40.8008363,-73.9664492472,casual
327457,F6A907A2776425A2,docked_bike,2021-04-01 16:01:57,2021-04-01 16:06:59,W 100 St & Manhattan Ave,7538,W 106 St & Amsterdam Ave,7634,40.795,-73.9645,40.8008363,-73.9664492472,member
327475,529A804C9841DA14,docked_bike,2021-04-12 18:09:50,2021-04-12 18:12:32,W 100 St & Manhattan Ave,7538,W 106 St & Amsterdam Ave,7634,40.795,-73.9645,40.8008363,-73.9664492472,member
327490,DD4DF757A6012B65,docked_bike,2021-04-18 20:35:44,2021-04-18 20:39:34,W 100 St & Manhattan Ave,7538,W 106 St & Amsterdam Ave,7634,40.795,-73.9645,40.8008363,-73.9664492472,member
327493,3BBEB6B35BBD2B1A,docked_bike,2021-04-29 01:05:07,2021-04-29 01:10:52,W 100 St & Manhattan Ave,7538,W 106 St & Amsterdam Ave,7634,40.795,-73.9645,40.8008363,-73.9664492472,member
328109,54D300A382B94E44,docked_bike,2021-04-11 19:43:24,2021-04-11 19:48:58,W 100 St & Manhattan Ave,7538,W 106 St & Amsterdam Ave,7634,40.795,-73.9645,40.8008363,-73.9664492472,member
329656,9AA7CF1DF348DE6F,docked_bike,2021-04-25 14:25:23,2021-04-25 14:41:14,Central Park W & W 97 St,7538,E 47 St & 2 Ave,6498,40.792495,-73.96417,40.75323098,-73.97032517,member
329662,616C8312C7C2F4D9,docked_bike,2021-04-25 17:08:27,2021-04-25 17:15:35,Central Park W & W 97 St,7538,W 106 St & Amsterdam Ave,7634,40.792495,-73.96417,40.8008363,-73.9664492472,casual
329663,2A6AC3A831F34D38,docked_bike,2021-04-16 09:05:34,2021-04-16 09:44:26,Central Park W & W 97 St,7538,E 47 St & 2 Ave,6498,40.792495,-73.96417,40.75323098,-73.97032517,member
329664,9D55E81F5FB07579,docked_bike,2021-04-16 12:30:16,2021-04-16 12:38:19,Central Park W & W 97 St,7538,W 106 St & Amsterdam Ave,7634,40.792495,-73.96417,40.8008363,-73.9664492472,member
329683,2A64F57FFF63D118,docked_bike,2021-04-29 12:42:32,2021-04-29 12:47:10,Central Park W & W 97 St,7538,W 106 St & Amsterdam Ave,7634,40.792495,-73.96417,40.8008363,-73.9664492472,member
329686,DD2C24BCBF355405,docked_bike,2021-04-04 09:37:31,2021-04-04 09:47:43,Central Park W & W 97 St,7538,W 106 St & Amsterdam Ave,7634,40.792495,-73.96417,40.8008363,-73.9664492472,member
329690,8413F5C0E4A2A5CF,docked_bike,2021-04-17 18:13:22,2021-04-17 18:21:11,Central Park W & W 97 St,7538,W 106 St & Amsterdam Ave,7634,40.792495,-73.964171,40.800836,-73.966449,member
329691,0443806349A6BB4C,docked_bike,2021-04-03 13:50:46,2021-04-03 13:56:55,Central Park W & W 97 St,7538,W 106 St & Amsterdam Ave,7634,40.792495,-73.96417,40.8008363,-73.9664492472,member
329692,1601C9AA31A1E72F,docked_bike,2021-04-20 15:43:52,2021-04-20 15:52:12,Central Park W & W 97 St,7538,W 106 St & Amsterdam Ave,7634,40.792495,-73.96417,40.8008363,-73.9664492472,member
329694,497A29C145D524D2,docked_bike,2021-04-21 17:51:50,2021-04-21 17:58:05,Central Park W & W 97 St,7538,W 106 St & Amsterdam Ave,7634,40.792495,-73.96417,40.8008363,-73.9664492472,member
329695,B5C8B8BA05A88FE2,docked_bike,2021-04-09 14:38:36,2021-04-09 14:44:22,Central Park W & W 97 St,7538,W 106 St & Amsterdam Ave,7634,40.792495,-73.96417,40.8008363,-73.9664492472,member
329696,19CB3FC4133E35B2,docked_bike,2021-04-29 15:35:14,2021-04-29 15:38:56,Central Park W & W 97 St,7538,W 106 St & Amsterdam Ave,7634,40.792495,-73.96417,40.8008363,-73.9664492472,casual
329728,3426E02DFF02EBC8,docked_bike,2021-04-08 13:17:41,2021-04-08 13:23:26,Central Park W & W 97 St,7538,W 106 St & Amsterdam Ave,7634,40.792495,-73.96417,40.8008363,-73.9664492472,member
329758,8C7A55E61D32CC58,docked_bike,2021-04-07 08:03:32,2021-04-07 08:09:46,Central Park W & W 97 St,7538,W 106 St & Amsterdam Ave,7634,40.792495,-73.96417,40.8008363,-73.9664492472,member
329771,179C1365DA182A48,docked_bike,2021-04-08 20:06:56,2021-04-08 20:11:32,Central Park W & W 97 St,7538,W 106 St & Amsterdam Ave,7634,40.792495,-73.96417,40.8008363,-73.9664492472,member
329772,E63CB1DCC5AB1B95,docked_bike,2021-04-08 18:36:06,2021-04-08 18:42:53,Central Park W & W 97 St,7538,W 106 St & Amsterdam Ave,7634,40.792495,-73.96417,40.8008363,-73.9664492472,casual
329775,7307D5C38E694612,docked_bike,2021-04-30 07:18:25,2021-04-30 07:24:57,Central Park W & W 97 St,7538,W 106 St & Amsterdam Ave,7634,40.792495,-73.96417,40.8008363,-73.9664492472,casual
329779,7AD8F169CA2A18FB,docked_bike,2021-04-26 20:10:12,2021-04-26 20:16:39,Central Park W & W 97 St,7538,W 106 St & Amsterdam Ave,7634,40.792495,-73.96417,40.8008363,-73.9664492472,member
329780,B7D35E8D019EBFA0,docked_bike,2021-04-08 13:17:42,2021-04-08 13:23:26,Central Park W & W 97 St,7538,W 106 St & Amsterdam Ave,7634,40.792495,-73.96417,40.8008363,-73.9664492472,casual
329781,BCA3ADCF645384D9,docked_bike,2021-04-20 17:03:59,2021-04-20 17:10:11,Central Park W & W 97 St,7538,W 106 St & Amsterdam Ave,7634,40.792495,-73.96417,40.8008363,-73.9664492472,member
329788,4BF8048395ACBA82,docked_bike,2021-04-20 19:58:34,2021-04-20 20:03:17,Central Park W & W 97 St,7538,W 106 St & Amsterdam Ave,7634,40.792495,-73.96417,40.8008363,-73.9664492472,casual
329792,9ADEEF13D01773D0,docked_bike,2021-04-25 14:34:46,2021-04-25 14:42:36,Central Park W & W 97 St,7538,W 106 St & Amsterdam Ave,7634,40.792495,-73.96417,40.8008363,-73.9664492472,member
329800,C477B34318915F39,docked_bike,2021-04-27 09:14:20,2021-04-27 09:40:55,Central Park W & W 97 St,7538,E 47 St & 2 Ave,6498,40.792495,-73.96417,40.75323098,-73.97032517,member
329801,C3D725A1CEB79C58,docked_bike,2021-04-21 14:52:35,2021-04-21 15:00:14,Central Park W & W 97 St,7538,W 106 St & Amsterdam Ave,7634,40.792495,-73.96417,40.8008363,-73.9664492472,member
329804,1FAD1B30B90F515B,docked_bike,2021-04-25 14:35:03,2021-04-25 14:42:38,Central Park W & W 97 St,7538,W 106 St & Amsterdam Ave,7634,40.792495,-73.96417,40.8008363,-73.9664492472,member
329901,25EEE6A9C43BA442,docked_bike,2021-04-08 11:41:40,2021-04-08 11:47:18,W 100 St & Manhattan Ave,7538,W 106 St & Amsterdam Ave,7634,40.795,-73.9645,40.8008363,-73.9664492472,member
329902,897A263F4E4B6FAF,docked_bike,2021-04-24 13:38:08,2021-04-24 13:42:16,W 100 St & Manhattan Ave,7538,W 106 St & Amsterdam Ave,7634,40.795,-73.9645,40.8008363,-73.9664492472,casual
329954,36642E91BD7508F9,docked_bike,2021-04-25 17:07:32,2021-04-25 17:15:39,Central Park W & W 97 St,7538,W 106 St & Amsterdam Ave,7634,40.792495,-73.96417,40.8008363,-73.9664492472,member
329955,C46BBA42DCD37BA2,docked_bike,2021-04-18 17:09:28,2021-04-18 17:14:17,Central Park W & W 97 St,7538,W 106 St & Amsterdam Ave,7634,40.792495,-73.96417,40.8008363,-73.9664492472,member
331198,181B32BEA62E0106,docked_bike,2021-04-24 13:33:39,2021-04-24 13:41:09,W 100 St & Manhattan Ave,7538,W 106 St & Amsterdam Ave,7634,40.795,-73.9645,40.8008363,-73.9664492472,casual
332663,D0ADBCDDDEEFF331,docked_bike,2021-04-20 18:17:38,2021-04-20 18:43:58,Central Park W & W 97 St,7538,E 47 St & 2 Ave,6498,40.792495,-73.96417,40.75323098,-73.97032517,member
332664,C3AD11B9F0B98BDA,docked_bike,2021-04-03 13:51:13,2021-04-03 13:56:58,Central Park W & W 97 St,7538,W 106 St & Amsterdam Ave,7634,40.792495,-73.96417,40.8008363,-73.9664492472,member
332665,8AC10B0E042DD014,docked_bike,2021-04-14 08:46:39,2021-04-14 09:16:33,Central Park W & W 97 St,7538,E 47 St & 2 Ave,6498,40.792495,-73.96417,40.75323098,-73.97032517,member
332666,8EDCBC28717A7F22,docked_bike,2021-04-25 17:07:11,2021-04-25 17:15:29,Central Park W & W 97 St,7538,W 106 St & Amsterdam Ave,7634,40.792495,-73.96417,40.8008363,-73.9664492472,member
333738,8E8AA82C095E6193,docked_bike,2021-04-08 18:37:01,2021-04-08 18:49:06,W 100 St & Manhattan Ave,7538,Amsterdam Ave & W 82 St,7360,40.795,-73.9645,40.78524672,-73.97667321,casual
333740,4A8439AA9DA74E71,docked_bike,2021-04-17 23:51:29,2021-04-17 23:58:17,W 100 St & Manhattan Ave,7538,Morningside Dr & Amsterdam Ave,7741,40.795,-73.9645,40.81028506306003,-73.95736455917358,casual
333746,ACF909981164C913,docked_bike,2021-04-08 09:09:48,2021-04-08 09:20:15,W 100 St & Manhattan Ave,7538,Amsterdam Ave & W 82 St,7360,40.795,-73.9645,40.78524672,-73.97667321,member
333747,A8259EFACB82AF6D,docked_bike,2021-04-24 10:16:36,2021-04-24 10:27:32,W 100 St & Manhattan Ave,7538,Adam Clayton Powell Blvd & W 126 St,7738,40.795,-73.9645,40.80949534777948,-73.94776493310928,member
333751,B57F788B64A37500,docked_bike,2021-04-06 18:33:48,2021-04-06 18:44:21,W 100 St & Manhattan Ave,7538,Amsterdam Ave & W 82 St,7360,40.795,-73.9645,40.78524672,-73.97667321,member
333752,C8743CE4191B5BAD,docked_bike,2021-04-07 18:18:39,2021-04-07 18:28:49,W 100 St & Manhattan Ave,7538,Amsterdam Ave & W 82 St,7360,40.795,-73.9645,40.78524672,-73.97667321,member
333756,6C582A1571099AF2,docked_bike,2021-04-27 17:00:52,2021-04-27 17:10:21,W 100 St & Manhattan Ave,7538,Amsterdam Ave & W 82 St,7360,40.795,-73.9645,40.78524672,-73.97667321,member
333762,CE822716D5D10DE2,docked_bike,2021-04-10 20:14:11,2021-04-10 20:27:35,W 100 St & Manhattan Ave,7538,Amsterdam Ave & W 82 St,7360,40.795,-73.9645,40.78524672,-73.97667321,member
333764,986B690DFFDEAD77,docked_bike,2021-04-04 12:03:10,2021-04-04 12:12:13,W 100 St & Manhattan Ave,7538,Adam Clayton Powell Blvd & W 126 St,7738,40.795,-73.9645,40.80949534777948,-73.94776493310928,member
333767,A333BDFAAEA36A2D,docked_bike,2021-04-08 09:29:59,2021-04-08 09:45:36,W 100 St & Manhattan Ave,7538,Morningside Dr & Amsterdam Ave,7741,40.795,-73.9645,40.81028506306003,-73.95736455917358,casual
333779,52B3B83B4A2C3CFF,docked_bike,2021-04-07 09:14:43,2021-04-07 09:26:07,W 100 St & Manhattan Ave,7538,Amsterdam Ave & W 82 St,7360,40.795,-73.9645,40.78524672,-73.97667321,member
333784,91EC3FAC2B987650,docked_bike,2021-04-07 06:28:22,2021-04-07 06:59:13,W 100 St & Manhattan Ave,7538,31 St & Thomson Ave,6227,40.795,-73.9645,40.74469738,-73.93540375,member
333791,51930B7E7FA3567C,docked_bike,2021-04-20 15:53:07,2021-04-20 16:02:07,W 100 St & Manhattan Ave,7538,Amsterdam Ave & W 82 St,7360,40.795,-73.9645,40.78524672,-73.97667321,member
333795,5455651B2118238A,docked_bike,2021-04-07 08:49:22,2021-04-07 09:07:30,W 100 St & Manhattan Ave,7538,E 67 St & Park Ave,6932,40.795,-73.9645,40.767801,-73.965921,member
335720,0E3751A2CDEE0B0A,docked_bike,2021-04-14 08:30:48,2021-04-14 08:40:56,W 100 St & Manhattan Ave,7538,Amsterdam Ave & W 82 St,7360,40.795,-73.9645,40.78524672,-73.97667321,member
335725,B70A09199591ED4C,docked_bike,2021-04-08 22:23:04,2021-04-08 22:54:37,W 100 St & Manhattan Ave,7538,Frederick Douglass Blvd & W 129 St,7795,40.795,-73.9645,40.8125511,-73.9492286,casual
336559,0A317208D52B85A1,docked_bike,2021-04-07 12:49:30,2021-04-07 13:03:48,W 100 St & Manhattan Ave,7538,Adam Clayton Powell Blvd & W 126 St,7738,40.795,-73.9645,40.80949534777948,-73.94776493310928,member
336560,5F38D3BE08EB8DBD,docked_bike,2021-04-13 17:12:37,2021-04-13 17:24:58,W 100 St & Manhattan Ave,7538,Amsterdam Ave & W 82 St,7360,40.795,-73.9645,40.78524672,-73.97667321,member
336576,CDBFA0D1DDEE7323,docked_bike,2021-04-15 16:13:01,2021-04-15 16:28:41,W 100 St & Manhattan Ave,7538,E 67 St & Park Ave,6932,40.795,-73.9645,40.76780080148132,-73.96592080593109,member
336580,C28FD65FD5A544CC,docked_bike,2021-04-28 16:01:40,2021-04-28 16:11:43,W 100 St & Manhattan Ave,7538,Amsterdam Ave & W 82 St,7360,40.795,-73.9645,40.78524672,-73.97667321,member
337156,46EB27E4B1AE505E,docked_bike,2021-04-30 11:10:53,2021-04-30 11:26:25,Central Park W & W 97 St,7538,West End Ave & W 60 St,7059,40.792495,-73.96417,40.77237,-73.99005,casual
338126,A96F62EA18A93CE9,docked_bike,2021-04-15 08:42:57,2021-04-15 09:03:29,W 100 St & Manhattan Ave,7538,West End Ave & W 60 St,7059,40.795,-73.9645,40.77237,-73.99005,casual
338150,13B50761653193F1,docked_bike,2021-04-15 12:02:19,2021-04-15 12:14:25,W 100 St & Manhattan Ave,7538,West End Ave & W 60 St,7059,40.795,-73.9645,40.77237,-73.99005,casual
343182,743E60653A03BF9F,docked_bike,2021-04-06 08:03:14,2021-04-06 08:14:57,Central Park W & W 97 St,7538,7 Ave & Central Park South,6912,40.792495,-73.96417,40.7667405590595,-73.9790689945221,member
343184,11845CB7F0ACD73C,docked_bike,2021-04-19 18:37:25,2021-04-19 19:11:39,Central Park W & W 97 St,7538,7 Ave & Central Park South,6912,40.792495,-73.96417,40.7667405590595,-73.9790689945221,casual
343185,DCC9CE135F794A2E,docked_bike,2021-04-27 20:55:06,2021-04-27 21:23:39,Central Park W & W 97 St,7538,7 Ave & Central Park South,6912,40.792495,-73.96417,40.7667405590595,-73.9790689945221,member
343186,3764C9D67FEA6925,docked_bike,2021-04-18 14:05:06,2021-04-18 14:28:45,Central Park W & W 97 St,7538,7 Ave & Central Park South,6912,40.792495,-73.96417,40.7667405590595,-73.9790689945221,casual
343187,7C368385B553C11E,docked_bike,2021-04-08 11:20:02,2021-04-08 11:38:35,Central Park W & W 97 St,7538,7 Ave & Central Park South,6912,40.792495,-73.96417,40.7667405590595,-73.9790689945221,member
343188,14A2F89F9794AAA0,docked_bike,2021-04-26 16:15:30,2021-04-26 16:26:27,Central Park W & W 97 St,7538,7 Ave & Central Park South,6912,40.792495,-73.96417,40.7667405590595,-73.9790689945221,member
343189,0B59ABFC63D291E2,docked_bike,2021-04-04 14:52:10,2021-04-04 15:17:50,Central Park W & W 97 St,7538,7 Ave & Central Park South,6912,40.792495,-73.96417,40.7667405590595,-73.9790689945221,casual
343190,7ADA7E7F08D756CF,docked_bike,2021-04-25 15:33:41,2021-04-25 15:47:39,Central Park W & W 97 St,7538,7 Ave & Central Park South,6912,40.792495,-73.96417,40.7667405590595,-73.9790689945221,casual
343191,E5E7F282DC4A6E89,docked_bike,2021-04-18 14:04:44,2021-04-18 14:28:33,Central Park W & W 97 St,7538,7 Ave & Central Park South,6912,40.792495,-73.96417,40.7667405590595,-73.9790689945221,casual
343197,771BDBDAF63EE61E,docked_bike,2021-04-24 17:07:49,2021-04-24 17:40:53,Central Park W & W 97 St,7538,7 Ave & Central Park South,6912,40.792495,-73.96417,40.7667405590595,-73.9790689945221,casual
343200,8EB92BF4FBA8F959,docked_bike,2021-04-28 17:42:32,2021-04-28 17:58:32,Central Park W & W 97 St,7538,7 Ave & Central Park South,6912,40.792495,-73.96417,40.7667405590595,-73.9790689945221,casual
344038,2CF8A46F6E076F73,docked_bike,2021-04-04 15:02:45,2021-04-04 15:56:32,W 100 St & Manhattan Ave,7538,E 10 St & Avenue A,5659,40.795,-73.9645,40.72740794,-73.98142006,member
344044,BCBD842326094F87,docked_bike,2021-04-05 18:45:21,2021-04-05 19:13:48,W 100 St & Manhattan Ave,7538,W 18 St & 6 Ave,6064,40.795,-73.9645,40.73971301,-73.99456405,member
344045,969986A340756985,docked_bike,2021-04-16 06:08:47,2021-04-16 06:52:45,W 100 St & Manhattan Ave,7538,E 2 St & 2 Ave,5593,40.795,-73.9645,40.72502876,-73.99069656,member
349613,16C0E97B194A75A6,docked_bike,2021-04-03 14:18:46,2021-04-03 14:38:50,Central Park W & W 97 St,7538,E 48 St & 5 Ave,6626,40.792495,-73.96417,40.75724567911726,-73.97805914282799,member
350256,3B08603AADE22E1B,docked_bike,2021-04-14 18:44:22,2021-04-14 18:49:44,Central Park W & W 97 St,7538,W 92 St & Broadway,7502,40.792495,-73.96417,40.7921,-73.9739,member
351350,E37D895F45F750A0,docked_bike,2021-04-25 13:53:09,2021-04-25 14:03:38,Central Park West & W 72 St,7141,Central Park W & W 97 St,7538,40.775793,-73.976205,40.79249519495111,-73.96417066463071,casual
351351,D57FFF67525BBECC,docked_bike,2021-04-07 13:58:22,2021-04-07 14:08:48,Central Park West & W 72 St,7141,Central Park W & W 97 St,7538,40.775793,-73.976205,40.79249519495111,-73.96417066463071,member
351353,A855ECAC971CDC07,docked_bike,2021-04-23 15:47:41,2021-04-23 15:58:13,Central Park West & W 72 St,7141,Central Park W & W 97 St,7538,40.775793,-73.976205,40.79249519495111,-73.96417066463071,member
351354,54AA1480D77DC99B,docked_bike,2021-04-23 09:16:53,2021-04-23 09:26:55,Central Park West & W 72 St,7141,Central Park W & W 97 St,7538,40.775793,-73.976205,40.79249519495111,-73.96417066463071,member
351357,88E099A2C51D3E05,docked_bike,2021-04-04 14:36:36,2021-04-04 16:21:09,Central Park West & W 72 St,7141,Central Park W & W 97 St,7538,40.775793,-73.976205,40.79249519495111,-73.96417066463071,casual
351361,F535235C7A706F32,docked_bike,2021-04-18 14:43:26,2021-04-18 15:30:08,Central Park West & W 72 St,7141,Central Park W & W 97 St,7538,40.775793,-73.976205,40.79249519495111,-73.96417066463071,member
351386,374B0347C65052C1,docked_bike,2021-04-07 13:58:29,2021-04-07 14:08:44,Central Park West & W 72 St,7141,Central Park W & W 97 St,7538,40.775793,-73.976205,40.79249519495111,-73.96417066463071,member
351387,93AC60878063EEF2,docked_bike,2021-04-13 16:51:40,2021-04-13 17:16:06,Central Park West & W 72 St,7141,Central Park W & W 97 St,7538,40.775793,-73.976205,40.79249519495111,-73.96417066463071,casual
351389,7EB2F00187AD7825,docked_bike,2021-04-17 19:16:12,2021-04-17 19:22:55,Central Park West & W 72 St,7141,Central Park W & W 97 St,7538,40.775793,-73.976205,40.79249519495111,-73.96417066463071,casual
351390,A97FCBE23A3EE8BA,docked_bike,2021-04-06 18:48:42,2021-04-06 19:02:05,Central Park West & W 72 St,7141,Central Park W & W 97 St,7538,40.775793,-73.976205,40.79249519495111,-73.96417066463071,member
351394,2F17B67FBB3D3126,docked_bike,2021-04-07 17:35:47,2021-04-07 17:49:49,Central Park West & W 72 St,7141,Central Park W & W 97 St,7538,40.775793,-73.976205,40.79249519495111,-73.96417066463071,member
351395,EC165EDF7DA9D636,docked_bike,2021-04-28 19:27:54,2021-04-28 19:42:22,W 116 St & Broadway,7713,Central Park W & W 97 St,7538,40.8082,-73.9641,40.79249519495111,-73.96417066463071,casual
351396,B308D09DE12FE86D,docked_bike,2021-04-06 23:41:42,2021-04-06 23:56:01,Central Park West & W 72 St,7141,Central Park W & W 97 St,7538,40.775793,-73.976205,40.79249519495111,-73.96417066463071,member
351397,9E45CDA221B5927D,docked_bike,2021-04-09 22:42:51,2021-04-09 23:00:06,Central Park West & W 72 St,7141,Central Park W & W 97 St,7538,40.775793,-73.976205,40.79249519495111,-73.96417066463071,member
351398,8FF4AA028B4314E0,docked_bike,2021-04-23 17:59:51,2021-04-23 18:33:19,Broadway & W 38 St,6441,Central Park W & W 97 St,7538,40.752996,-73.987216,40.79249519495111,-73.96417066463071,member
351401,C93C2A2018675974,docked_bike,2021-04-23 17:58:57,2021-04-23 18:33:27,Broadway & W 38 St,6441,Central Park W & W 97 St,7538,40.752996,-73.987216,40.792495,-73.964171,casual
351404,176B097C18916C7B,docked_bike,2021-04-18 13:54:34,2021-04-18 14:03:44,Central Park West & W 72 St,7141,Central Park W & W 97 St,7538,40.775793,-73.976205,40.79249519495111,-73.96417066463071,member
351406,C368354CDE207BEE,docked_bike,2021-04-13 15:43:51,2021-04-13 17:15:45,Central Park West & W 72 St,7141,Central Park W & W 97 St,7538,40.775793,-73.976205,40.79249519495111,-73.96417066463071,casual
351407,4A99BEDAE20260C4,docked_bike,2021-04-07 11:17:13,2021-04-07 11:27:35,Central Park West & W 72 St,7141,Central Park W & W 97 St,7538,40.775793,-73.976205,40.79249519495111,-73.96417066463071,member
351410,E66BCD4BBEB19D30,docked_bike,2021-04-24 13:21:59,2021-04-24 13:30:39,Central Park West & W 72 St,7141,Central Park W & W 97 St,7538,40.775793,-73.976205,40.79249519495111,-73.96417066463071,member
351411,33E580B9546267CE,docked_bike,2021-04-18 20:24:13,2021-04-18 20:30:27,Central Park West & W 72 St,7141,Central Park W & W 97 St,7538,40.775793,-73.976205,40.79249519495111,-73.96417066463071,casual
351413,F0E91773AB8CACB8,docked_bike,2021-04-18 17:30:29,2021-04-18 18:18:51,Central Park West & W 72 St,7141,Central Park W & W 97 St,7538,40.775793,-73.976205,40.79249519495111,-73.96417066463071,member
351414,3D1A0DB084F0D637,docked_bike,2021-04-06 15:47:52,2021-04-06 15:58:57,Central Park West & W 72 St,7141,Central Park W & W 97 St,7538,40.775793,-73.976205,40.79249519495111,-73.96417066463071,member
351417,99D0D44EE8BD24D0,docked_bike,2021-04-04 15:12:59,2021-04-04 15:26:55,Central Park West & W 72 St,7141,Central Park W & W 97 St,7538,40.775793,-73.976205,40.79249519495111,-73.96417066463071,casual
351418,4C6C58B915209352,docked_bike,2021-04-07 17:09:55,2021-04-07 17:17:33,Central Park West & W 72 St,7141,Central Park W & W 97 St,7538,40.775793,-73.976205,40.79249519495111,-73.96417066463071,member
351419,CB5B05719CB8A833,docked_bike,2021-04-26 07:48:24,2021-04-26 07:57:11,Central Park West & W 72 St,7141,Central Park W & W 97 St,7538,40.775793,-73.976205,40.79249519495111,-73.96417066463071,member
351421,AA6E8A0C1C816CFE,docked_bike,2021-04-10 09:51:26,2021-04-10 09:58:50,Central Park West & W 72 St,7141,Central Park W & W 97 St,7538,40.775793,-73.976205,40.79249519495111,-73.96417066463071,member
351423,550B2C345E3E03D6,docked_bike,2021-04-23 15:50:38,2021-04-23 15:59:03,Central Park West & W 72 St,7141,Central Park W & W 97 St,7538,40.775793,-73.976205,40.79249519495111,-73.96417066463071,casual
351424,5115A6D4AB646C14,docked_bike,2021-04-28 20:40:40,2021-04-28 21:08:53,Central Park West & W 72 St,7141,Central Park W & W 97 St,7538,40.775793,-73.976205,40.79249519495111,-73.96417066463071,member
351425,BD89DF66E08C2ACC,docked_bike,2021-04-26 12:57:12,2021-04-26 13:06:09,Central Park West & W 72 St,7141,Central Park W & W 97 St,7538,40.775793,-73.976205,40.79249519495111,-73.96417066463071,member
351426,7894D52699B10770,docked_bike,2021-04-28 16:39:53,2021-04-28 16:47:33,Central Park West & W 72 St,7141,Central Park W & W 97 St,7538,40.775793,-73.976205,40.79249519495111,-73.96417066463071,member
351430,DF59235B9338B473,docked_bike,2021-04-02 14:37:39,2021-04-02 14:46:48,Central Park West & W 72 St,7141,Central Park W & W 97 St,7538,40.775793,-73.976205,40.79249519495111,-73.96417066463071,member
351433,4C2D8DF1EAAD67CC,docked_bike,2021-04-13 15:41:55,2021-04-13 17:16:44,Central Park West & W 72 St,7141,Central Park W & W 97 St,7538,40.775793,-73.976205,40.79249519495111,-73.96417066463071,casual
351435,649E98D3C7341690,docked_bike,2021-04-24 18:30:22,2021-04-24 18:38:41,Central Park West & W 72 St,7141,Central Park W & W 97 St,7538,40.775793,-73.976205,40.79249519495111,-73.96417066463071,member
351437,123FD1857445A710,docked_bike,2021-04-09 22:44:44,2021-04-09 23:00:18,Central Park West & W 72 St,7141,Central Park W & W 97 St,7538,40.775794,-73.976206,40.792495,-73.964171,casual
351438,44327CF77DF4A336,docked_bike,2021-04-23 21:39:32,2021-04-23 21:49:08,Central Park West & W 72 St,7141,Central Park W & W 97 St,7538,40.775793,-73.976205,40.79249519495111,-73.96417066463071,member
351439,F056A9342C8FCF92,docked_bike,2021-04-04 16:26:56,2021-04-04 17:24:28,Central Park West & W 72 St,7141,Central Park W & W 97 St,7538,40.775793,-73.976205,40.79249519495111,-73.96417066463071,casual
351442,FFF408EE8BBF9E3B,docked_bike,2021-04-03 18:17:04,2021-04-03 18:28:39,W 116 St & Broadway,7713,Central Park W & W 97 St,7538,40.8082,-73.9641,40.792495,-73.964171,member
351445,BD81E9C06E1E8FEA,docked_bike,2021-04-21 13:59:21,2021-04-21 14:06:40,Central Park West & W 72 St,7141,Central Park W & W 97 St,7538,40.775793,-73.976205,40.79249519495111,-73.96417066463071,casual
351446,CAD4AABAAA310860,docked_bike,2021-04-30 12:18:59,2021-04-30 12:26:34,Central Park West & W 72 St,7141,Central Park W & W 97 St,7538,40.775793,-73.976205,40.79249519495111,-73.96417066463071,member
351447,BB1F6A704F2AA767,docked_bike,2021-04-09 22:48:55,2021-04-09 22:59:51,Central Park West & W 72 St,7141,Central Park W & W 97 St,7538,40.775793,-73.976205,40.79249519495111,-73.96417066463071,casual
351467,130C613774840A6D,docked_bike,2021-04-18 02:38:44,2021-04-18 02:47:47,Central Park West & W 72 St,7141,Central Park W & W 97 St,7538,40.775793,-73.976205,40.79249519495111,-73.96417066463071,member
351469,FFD0727CF34B80DF,docked_bike,2021-04-26 13:43:55,2021-04-26 14:24:01,31 St & 21 Ave,7202,Central Park W & W 97 St,7538,40.77813,-73.90842,40.79249519495111,-73.96417066463071,member
351474,F31BF957AE697648,docked_bike,2021-04-23 17:58:52,2021-04-23 18:17:00,W 116 St & Broadway,7713,Central Park W & W 97 St,7538,40.8082,-73.9641,40.79249519495111,-73.96417066463071,member
351475,5D97C327AF39068B,docked_bike,2021-04-18 15:44:13,2021-04-18 15:57:07,W 116 St & Broadway,7713,Central Park W & W 97 St,7538,40.8082,-73.9641,40.79249519495111,-73.96417066463071,member
351476,7E0B1AC0A3B22214,docked_bike,2021-04-18 09:49:37,2021-04-18 09:58:46,W 116 St & Broadway,7713,Central Park W & W 97 St,7538,40.8082,-73.9641,40.79249519495111,-73.96417066463071,casual
351487,F3637F0723899D3D,docked_bike,2021-04-04 15:12:36,2021-04-04 15:26:59,Central Park West & W 72 St,7141,Central Park W & W 97 St,7538,40.775793,-73.976205,40.79249519495111,-73.96417066463071,casual
351489,D6832271E166BFB3,docked_bike,2021-04-18 17:16:18,2021-04-18 17:40:17,W 116 St & Broadway,7713,Central Park W & W 97 St,7538,40.8082,-73.9641,40.79249519495111,-73.96417066463071,casual
351493,A9855F4AC2287367,docked_bike,2021-04-13 16:49:23,2021-04-13 17:15:51,Central Park West & W 72 St,7141,Central Park W & W 97 St,7538,40.775793,-73.976205,40.79249519495111,-73.96417066463071,casual
351495,DA365EB79086785E,docked_bike,2021-04-28 17:43:24,2021-04-28 18:10:23,Broadway & W 38 St,6441,Central Park W & W 97 St,7538,40.752996,-73.987216,40.79249519495111,-73.96417066463071,member
351497,D102DCF084D4224D,docked_bike,2021-04-18 17:16:53,2021-04-18 17:40:22,W 116 St & Broadway,7713,Central Park W & W 97 St,7538,40.8082,-73.9641,40.79249519495111,-73.96417066463071,member
351499,67CA19642C98C9D9,docked_bike,2021-04-10 14:21:55,2021-04-10 14:49:52,Broadway & W 38 St,6441,Central Park W & W 97 St,7538,40.752996,-73.987216,40.79249519495111,-73.96417066463071,casual
351500,B8BD2F7013036843,docked_bike,2021-04-26 20:42:14,2021-04-26 20:50:43,Central Park West & W 72 St,7141,Central Park W & W 97 St,7538,40.775793,-73.976205,40.79249519495111,-73.96417066463071,member
351504,7F9C8B028A0A3076,docked_bike,2021-04-17 16:15:35,2021-04-17 16:27:29,Central Park West & W 72 St,7141,Central Park W & W 97 St,7538,40.775794,-73.976206,40.792495,-73.964171,member
351505,A09C730FDFB41A0E,docked_bike,2021-04-17 14:50:33,2021-04-17 15:43:55,Fulton St & Broadway,5175,Central Park W & W 97 St,7538,40.711066,-74.009447,40.79249519495111,-73.96417066463071,casual
351507,61B2C3EC88C21EFC,docked_bike,2021-04-19 19:06:42,2021-04-19 19:16:02,Central Park West & W 72 St,7141,Central Park W & W 97 St,7538,40.775793,-73.976205,40.79249519495111,-73.96417066463071,member
351509,7D7EC11F10F96554,docked_bike,2021-04-24 18:35:52,2021-04-24 18:45:31,Central Park West & W 72 St,7141,Central Park W & W 97 St,7538,40.775793,-73.976205,40.79249519495111,-73.96417066463071,casual
351518,F97CB24A1A9B4BCC,docked_bike,2021-04-19 19:01:11,2021-04-19 19:08:16,Central Park West & W 72 St,7141,Central Park W & W 97 St,7538,40.775793,-73.976205,40.79249519495111,-73.96417066463071,member
351519,E2C54B63CA5ECDE5,docked_bike,2021-04-19 17:34:51,2021-04-19 17:43:00,Central Park West & W 72 St,7141,Central Park W & W 97 St,7538,40.775793,-73.976205,40.79249519495111,-73.96417066463071,member
351520,98681AD28F7559FD,docked_bike,2021-04-04 11:45:54,2021-04-04 12:02:54,Central Park West & W 72 St,7141,Central Park W & W 97 St,7538,40.775793,-73.976205,40.79249519495111,-73.96417066463071,member
351521,CFA781D806C0E2D8,docked_bike,2021-04-01 11:55:32,2021-04-01 12:09:21,Central Park West & W 72 St,7141,Central Park W & W 97 St,7538,40.775793,-73.976205,40.79249519495111,-73.96417066463071,member
351524,3353855907FFB030,docked_bike,2021-04-24 14:37:55,2021-04-24 15:17:59,W 116 St & Broadway,7713,Central Park W & W 97 St,7538,40.8082,-73.9641,40.79249519495111,-73.96417066463071,casual
351525,616F3DEF0E80D1CD,docked_bike,2021-04-07 22:22:44,2021-04-07 22:35:47,W 116 St & Broadway,7713,Central Park W & W 97 St,7538,40.8082,-73.9641,40.792495,-73.964171,member
351527,FAC538980AE6AFA8,docked_bike,2021-04-19 14:21:33,2021-04-19 14:32:48,W 116 St & Broadway,7713,Central Park W & W 97 St,7538,40.8082,-73.9641,40.79249519495111,-73.96417066463071,member
351529,A79F7289746EF400,docked_bike,2021-04-26 18:51:43,2021-04-26 19:04:52,Central Park West & W 72 St,7141,Central Park W & W 97 St,7538,40.775793,-73.976205,40.79249519495111,-73.96417066463071,member
351532,15D9320EC1E2BBB9,docked_bike,2021-04-10 10:04:27,2021-04-10 10:13:19,Central Park West & W 72 St,7141,Central Park W & W 97 St,7538,40.775794,-73.976206,40.792495,-73.964171,casual
351533,7D0890AE60F155FE,docked_bike,2021-04-18 15:44:55,2021-04-18 15:56:56,W 116 St & Broadway,7713,Central Park W & W 97 St,7538,40.8082,-73.9641,40.79249519495111,-73.96417066463071,casual
351537,7F891960FB365E6E,docked_bike,2021-04-16 12:47:37,2021-04-16 12:55:28,Central Park West & W 72 St,7141,Central Park W & W 97 St,7538,40.775793,-73.976205,40.79249519495111,-73.96417066463071,member
351541,230B47BE559E2E2E,docked_bike,2021-04-29 10:18:59,2021-04-29 10:41:20,Central Park West & W 72 St,7141,Central Park W & W 97 St,7538,40.775793,-73.976205,40.79249519495111,-73.96417066463071,casual
351542,608CF456A7F57DB0,docked_bike,2021-04-20 15:34:03,2021-04-20 15:42:49,Central Park North & Adam Clayton Powell Blvd,7617,Central Park W & W 97 St,7538,40.799484,-73.955613,40.79249519495111,-73.96417066463071,casual
351543,C81D6D171A35DC08,docked_bike,2021-04-04 05:33:09,2021-04-04 06:13:17,Columbus Ave & W 103 St,7595,Central Park W & W 97 St,7538,40.796934,-73.964341,40.79249519495111,-73.96417066463071,member
351545,D792D62871565286,docked_bike,2021-04-10 17:57:38,2021-04-10 18:23:24,Central Park North & Adam Clayton Powell Blvd,7617,Central Park W & W 97 St,7538,40.799484,-73.955613,40.792495,-73.964171,casual
351547,B8667B782E8FBD49,docked_bike,2021-04-18 18:01:22,2021-04-18 18:18:52,Lenox Ave & W 133 St,7790,Central Park W & W 97 St,7538,40.81296,-73.941878,40.79249519495111,-73.96417066463071,member
351548,DA3776F3D61B6836,docked_bike,2021-04-10 17:43:17,2021-04-10 18:05:26,Central Park North & Adam Clayton Powell Blvd,7617,Central Park W & W 97 St,7538,40.799484,-73.955613,40.79249519495111,-73.96417066463071,casual
351550,502D10861B617ACB,docked_bike,2021-04-24 14:50:07,2021-04-24 15:00:44,Central Park North & Adam Clayton Powell Blvd,7617,Central Park W & W 97 St,7538,40.799484,-73.955613,40.79249519495111,-73.96417066463071,casual
351551,B1F55EC7BDE67B73,docked_bike,2021-04-19 14:54:18,2021-04-19 15:31:07,Central Park North & Adam Clayton Powell Blvd,7617,Central Park W & W 97 St,7538,40.799484,-73.955613,40.79249519495111,-73.96417066463071,casual
351553,9860860238DDF0C6,docked_bike,2021-04-28 17:46:51,2021-04-28 18:02:26,Central Park North & Adam Clayton Powell Blvd,7617,Central Park W & W 97 St,7538,40.799484,-73.955613,40.79249519495111,-73.96417066463071,member
351557,76D0289D4873A895,docked_bike,2021-04-23 17:42:41,2021-04-23 17:47:22,Central Park North & Adam Clayton Powell Blvd,7617,Central Park W & W 97 St,7538,40.799484,-73.955613,40.79249519495111,-73.96417066463071,member
351558,C650C09C5803D11F,docked_bike,2021-04-03 16:20:20,2021-04-03 16:49:48,Central Park North & Adam Clayton Powell Blvd,7617,Central Park W & W 97 St,7538,40.799484,-73.955613,40.792495,-73.964171,casual
351559,3A62163341FD4716,docked_bike,2021-04-10 18:12:54,2021-04-10 18:30:34,Central Park North & Adam Clayton Powell Blvd,7617,Central Park W & W 97 St,7538,40.799484,-73.955613,40.79249519495111,-73.96417066463071,casual
351560,ED578C13F92E3A3D,docked_bike,2021-04-10 17:51:45,2021-04-10 18:23:43,Central Park North & Adam Clayton Powell Blvd,7617,Central Park W & W 97 St,7538,40.799484,-73.955613,40.79249519495111,-73.96417066463071,casual
351561,E60A8674DB067280,docked_bike,2021-04-13 17:20:57,2021-04-13 17:27:32,Central Park North & Adam Clayton Powell Blvd,7617,Central Park W & W 97 St,7538,40.799484,-73.955613,40.79249519495111,-73.96417066463071,member
351563,B03A52428F04448F,docked_bike,2021-04-07 19:25:48,2021-04-07 19:35:45,Central Park North & Adam Clayton Powell Blvd,7617,Central Park W & W 97 St,7538,40.799484,-73.955613,40.792495,-73.964171,casual
351564,542C29091C69BAE2,docked_bike,2021-04-10 18:15:29,2021-04-10 18:45:46,Central Park North & Adam Clayton Powell Blvd,7617,Central Park W & W 97 St,7538,40.799484,-73.955613,40.79249519495111,-73.96417066463071,member
351566,128721A8687A143A,docked_bike,2021-04-01 13:45:59,2021-04-01 14:05:03,Central Park North & Adam Clayton Powell Blvd,7617,Central Park W & W 97 St,7538,40.799484,-73.955613,40.79249519495111,-73.96417066463071,member
351569,49791758417F7F52,docked_bike,2021-04-01 20:29:28,2021-04-01 20:36:27,Central Park North & Adam Clayton Powell Blvd,7617,Central Park W & W 97 St,7538,40.799484,-73.955613,40.79249519495111,-73.96417066463071,member
351570,45DB63C3B4A0A7AA,docked_bike,2021-04-13 19:20:22,2021-04-13 19:43:48,Central Park North & Adam Clayton Powell Blvd,7617,Central Park W & W 97 St,7538,40.799484,-73.955613,40.79249519495111,-73.96417066463071,casual
351571,BE80AB5B054F24DB,docked_bike,2021-04-04 18:37:43,2021-04-04 19:15:41,Central Park North & Adam Clayton Powell Blvd,7617,Central Park W & W 97 St,7538,40.799484,-73.955613,40.792495,-73.964171,casual
351572,E95068C43A7B8149,docked_bike,2021-04-26 14:21:41,2021-04-26 14:33:59,Central Park North & Adam Clayton Powell Blvd,7617,Central Park W & W 97 St,7538,40.799484,-73.955613,40.79249519495111,-73.96417066463071,member
351575,4E8757AE0018889D,docked_bike,2021-04-08 16:52:10,2021-04-08 16:57:09,Central Park North & Adam Clayton Powell Blvd,7617,Central Park W & W 97 St,7538,40.799484,-73.955613,40.79249519495111,-73.96417066463071,member
351578,A95E48D8ABC64A94,docked_bike,2021-04-10 17:41:33,2021-04-10 18:05:40,Central Park North & Adam Clayton Powell Blvd,7617,Central Park W & W 97 St,7538,40.799484,-73.955613,40.79249519495111,-73.96417066463071,member
351579,59B8558F0B1AC971,docked_bike,2021-04-28 17:28:40,2021-04-28 17:33:54,Central Park North & Adam Clayton Powell Blvd,7617,Central Park W & W 97 St,7538,40.799484,-73.955613,40.79249519495111,-73.96417066463071,member
351580,12A3A95BD08B12CE,docked_bike,2021-04-24 15:21:23,2021-04-24 15:40:41,Central Park North & Adam Clayton Powell Blvd,7617,Central Park W & W 97 St,7538,40.799484,-73.955613,40.79249519495111,-73.96417066463071,casual
351583,B139A8EC22B7CA79,docked_bike,2021-04-20 18:04:55,2021-04-20 19:16:22,West Thames St,5114,Central Park W & W 97 St,7538,40.708346,-74.017134,40.79249519495111,-73.96417066463071,casual
351584,D473F16E87C45AB9,docked_bike,2021-04-09 11:59:02,2021-04-09 12:20:02,Central Park North & Adam Clayton Powell Blvd,7617,Central Park W & W 97 St,7538,40.799484,-73.955613,40.79249519495111,-73.96417066463071,member
351585,84F044D9FEF1F782,docked_bike,2021-04-24 14:49:57,2021-04-24 15:00:59,Central Park North & Adam Clayton Powell Blvd,7617,Central Park W & W 97 St,7538,40.799484,-73.955613,40.79249519495111,-73.96417066463071,casual
351586,624580D4791A3FE9,docked_bike,2021-04-04 18:32:32,2021-04-04 19:15:22,Central Park North & Adam Clayton Powell Blvd,7617,Central Park W & W 97 St,7538,40.799484,-73.955613,40.792495,-73.964171,casual
351587,CF6B72564797A120,docked_bike,2021-04-10 18:12:50,2021-04-10 18:30:25,Central Park North & Adam Clayton Powell Blvd,7617,Central Park W & W 97 St,7538,40.799484,-73.955613,40.79249519495111,-73.96417066463071,casual
351588,81C62D33449AF82C,docked_bike,2021-04-07 18:57:33,2021-04-07 19:07:51,Central Park North & Adam Clayton Powell Blvd,7617,Central Park W & W 97 St,7538,40.799484,-73.955613,40.79249519495111,-73.96417066463071,member
351590,6DB0912D710FBABB,docked_bike,2021-04-20 18:20:21,2021-04-20 18:33:31,Central Park North & Adam Clayton Powell Blvd,7617,Central Park W & W 97 St,7538,40.799484,-73.955613,40.79249519495111,-73.96417066463071,member
351591,47B5335C731917EA,docked_bike,2021-04-26 16:24:13,2021-04-26 16:50:18,Central Park North & Adam Clayton Powell Blvd,7617,Central Park W & W 97 St,7538,40.799484,-73.955613,40.79249519495111,-73.96417066463071,member
351592,A576261870639678,docked_bike,2021-04-14 07:53:16,2021-04-14 08:00:29,Central Park North & Adam Clayton Powell Blvd,7617,Central Park W & W 97 St,7538,40.799484,-73.955613,40.79249519495111,-73.96417066463071,member
351593,A13B5179B7D2811C,docked_bike,2021-04-01 15:55:28,2021-04-01 15:59:56,Central Park North & Adam Clayton Powell Blvd,7617,Central Park W & W 97 St,7538,40.799484,-73.955613,40.79249519495111,-73.96417066463071,member
351594,AF7F5CB3B4070175,docked_bike,2021-04-22 16:52:36,2021-04-22 16:57:45,Central Park North & Adam Clayton Powell Blvd,7617,Central Park W & W 97 St,7538,40.799484,-73.955613,40.79249519495111,-73.96417066463071,member
351595,D8A25E56DC671AE6,docked_bike,2021-04-09 10:19:03,2021-04-09 10:26:49,Central Park North & Adam Clayton Powell Blvd,7617,Central Park W & W 97 St,7538,40.799484,-73.955613,40.79249519495111,-73.96417066463071,casual
351596,B47DEF0AC060481C,docked_bike,2021-04-19 17:41:04,2021-04-19 17:46:26,Central Park North & Adam Clayton Powell Blvd,7617,Central Park W & W 97 St,7538,40.799484,-73.955613,40.79249519495111,-73.96417066463071,member
351598,B061EDD68902EB00,docked_bike,2021-04-12 11:01:42,2021-04-12 11:06:46,Central Park North & Adam Clayton Powell Blvd,7617,Central Park W & W 97 St,7538,40.799484,-73.955613,40.79249519495111,-73.96417066463071,member
351604,E8D10FBF7EB152CE,docked_bike,2021-04-14 11:18:17,2021-04-14 11:28:31,Central Park North & Adam Clayton Powell Blvd,7617,Central Park W & W 97 St,7538,40.799484,-73.955613,40.79249519495111,-73.96417066463071,member
351605,F434E77CD60D42A6,docked_bike,2021-04-08 11:42:59,2021-04-08 11:49:53,Central Park North & Adam Clayton Powell Blvd,7617,Central Park W & W 97 St,7538,40.799484,-73.955613,40.79249519495111,-73.96417066463071,member
351608,B416965C722A2CE6,docked_bike,2021-04-13 18:36:13,2021-04-13 19:00:04,Central Park North & Adam Clayton Powell Blvd,7617,Central Park W & W 97 St,7538,40.799484,-73.955613,40.79249519495111,-73.96417066463071,casual
351610,1D381C5D2A635C4E,docked_bike,2021-04-04 14:13:08,2021-04-04 14:32:10,Central Park North & Adam Clayton Powell Blvd,7617,Central Park W & W 97 St,7538,40.799484,-73.955613,40.792495,-73.964171,casual
351618,74BED44481CB14A4,docked_bike,2021-04-24 17:04:17,2021-04-24 17:15:21,Central Park West & W 72 St,7141,Central Park W & W 97 St,7538,40.775793,-73.976205,40.79249519495111,-73.96417066463071,member
351619,D5833C2C74C55FC6,docked_bike,2021-04-17 10:39:58,2021-04-17 10:47:43,Central Park West & W 72 St,7141,Central Park W & W 97 St,7538,40.775793,-73.976205,40.79249519495111,-73.96417066463071,casual
351621,D1A0B9BA8A884A2C,docked_bike,2021-04-04 18:17:40,2021-04-04 18:28:12,Central Park West & W 72 St,7141,Central Park W & W 97 St,7538,40.775793,-73.976205,40.79249519495111,-73.96417066463071,member
351622,D6CF4F17CD6D878A,docked_bike,2021-04-21 11:10:55,2021-04-21 11:19:41,Central Park West & W 72 St,7141,Central Park W & W 97 St,7538,40.775793,-73.976205,40.79249519495111,-73.96417066463071,member
351624,852AEF9E281E9B10,docked_bike,2021-04-13 16:49:02,2021-04-13 17:17:45,Central Park West & W 72 St,7141,Central Park W & W 97 St,7538,40.775793,-73.976205,40.79249519495111,-73.96417066463071,casual
351627,D8CC99F3BD2634C4,docked_bike,2021-04-10 15:21:54,2021-04-10 15:32:01,Central Park North & Adam Clayton Powell Blvd,7617,Central Park W & W 97 St,7538,40.799484,-73.955613,40.79249519495111,-73.96417066463071,member
351628,6B7CF52CD96016D5,docked_bike,2021-04-07 16:54:06,2021-04-07 17:03:53,Central Park North & Adam Clayton Powell Blvd,7617,Central Park W & W 97 St,7538,40.799484,-73.955613,40.79249519495111,-73.96417066463071,casual
351629,511C5468F33DEE70,docked_bike,2021-04-16 11:13:15,2021-04-16 11:19:53,Central Park North & Adam Clayton Powell Blvd,7617,Central Park W & W 97 St,7538,40.799484,-73.955613,40.79249519495111,-73.96417066463071,member
351631,368DA83A668889CA,docked_bike,2021-04-25 16:30:14,2021-04-25 16:35:09,Central Park North & Adam Clayton Powell Blvd,7617,Central Park W & W 97 St,7538,40.799484,-73.955613,40.79249519495111,-73.96417066463071,member
351633,C70D2AEF3CAFBBE8,docked_bike,2021-04-08 17:35:48,2021-04-08 17:58:59,Central Park North & Adam Clayton Powell Blvd,7617,Central Park W & W 97 St,7538,40.799484,-73.955613,40.79249519495111,-73.96417066463071,casual
351635,A58C7A9109A5D81E,docked_bike,2021-04-24 13:11:28,2021-04-24 13:16:44,Central Park North & Adam Clayton Powell Blvd,7617,Central Park W & W 97 St,7538,40.799484,-73.955613,40.79249519495111,-73.96417066463071,casual
351636,8CEC5EF81257500D,docked_bike,2021-04-20 18:22:06,2021-04-20 18:53:04,Central Park North & Adam Clayton Powell Blvd,7617,Central Park W & W 97 St,7538,40.799484,-73.955613,40.79249519495111,-73.96417066463071,member
351637,E10018B0578F9CA2,docked_bike,2021-04-07 20:37:23,2021-04-07 20:43:40,Central Park North & Adam Clayton Powell Blvd,7617,Central Park W & W 97 St,7538,40.799484,-73.955613,40.79249519495111,-73.96417066463071,member
351640,E827D8F9445FA664,docked_bike,2021-04-24 17:16:03,2021-04-24 17:40:24,Central Park North & Adam Clayton Powell Blvd,7617,Central Park W & W 97 St,7538,40.799484,-73.955613,40.792495,-73.964171,casual
351641,3F812832B219C9C5,docked_bike,2021-04-03 16:20:04,2021-04-03 16:50:16,Central Park North & Adam Clayton Powell Blvd,7617,Central Park W & W 97 St,7538,40.799484,-73.955613,40.792495,-73.964171,casual
351642,925B563AA72D5408,docked_bike,2021-04-30 20:06:46,2021-04-30 20:09:21,Columbus Ave & W 103 St,7595,Central Park W & W 97 St,7538,40.796934,-73.964341,40.79249519495111,-73.96417066463071,member
351647,463520523D196343,docked_bike,2021-04-27 18:49:06,2021-04-27 18:56:46,Central Park North & Adam Clayton Powell Blvd,7617,Central Park W & W 97 St,7538,40.799484,-73.955613,40.79249519495111,-73.96417066463071,member
351651,C910E3FA6854DCA9,docked_bike,2021-04-21 23:31:46,2021-04-21 23:36:40,Central Park North & Adam Clayton Powell Blvd,7617,Central Park W & W 97 St,7538,40.799484,-73.955613,40.79249519495111,-73.96417066463071,member
351652,7CE92BD9ADAA7710,docked_bike,2021-04-30 14:08:30,2021-04-30 14:26:24,Central Park North & Adam Clayton Powell Blvd,7617,Central Park W & W 97 St,7538,40.799484,-73.955613,40.79249519495111,-73.96417066463071,casual
351653,B62175621CE01B9D,docked_bike,2021-04-24 12:23:42,2021-04-24 12:30:22,Central Park North & Adam Clayton Powell Blvd,7617,Central Park W & W 97 St,7538,40.799484,-73.955613,40.79249519495111,-73.96417066463071,member
351658,18C9AFB952CEC379,docked_bike,2021-04-26 18:28:18,2021-04-26 18:38:39,Central Park North & Adam Clayton Powell Blvd,7617,Central Park W & W 97 St,7538,40.799484,-73.955613,40.79249519495111,-73.96417066463071,casual
351660,8BCF48E508703EC0,docked_bike,2021-04-28 14:58:19,2021-04-28 15:01:57,Central Park North & Adam Clayton Powell Blvd,7617,Central Park W & W 97 St,7538,40.799484,-73.955613,40.79249519495111,-73.96417066463071,member
351661,177AC8C51B6D5558,docked_bike,2021-04-28 12:33:28,2021-04-28 13:16:09,Henry St & Grand St,5294,Central Park W & W 97 St,7538,40.714211,-73.981095,40.79249519495111,-73.96417066463071,member
351666,75EB8A4AEB70478A,docked_bike,2021-04-20 13:45:29,2021-04-20 13:47:47,Columbus Ave & W 103 St,7595,Central Park W & W 97 St,7538,40.796934,-73.964341,40.79249519495111,-73.96417066463071,member
351668,860EB9F1F4042745,docked_bike,2021-04-29 08:51:53,2021-04-29 08:52:19,Central Park North & Adam Clayton Powell Blvd,7617,Central Park W & W 97 St,7538,40.799484,-73.955613,40.79249519495111,-73.96417066463071,member
351673,186E70782D0EB26A,docked_bike,2021-04-25 16:45:38,2021-04-25 16:55:37,Central Park North & Adam Clayton Powell Blvd,7617,Central Park W & W 97 St,7538,40.799484,-73.955613,40.79249519495111,-73.96417066463071,casual
351678,E5146538DC25831E,docked_bike,2021-04-27 17:36:03,2021-04-27 17:42:27,Central Park North & Adam Clayton Powell Blvd,7617,Central Park W & W 97 St,7538,40.799484,-73.955613,40.79249519495111,-73.96417066463071,member
351679,06E9331D3CA806C8,docked_bike,2021-04-05 17:42:23,2021-04-05 17:51:13,Central Park North & Adam Clayton Powell Blvd,7617,Central Park W & W 97 St,7538,40.799484,-73.955613,40.79249519495111,-73.96417066463071,member
351681,619DE466EF6416A1,docked_bike,2021-04-13 19:17:35,2021-04-13 19:43:40,Central Park North & Adam Clayton Powell Blvd,7617,Central Park W & W 97 St,7538,40.799484,-73.955613,40.79249519495111,-73.96417066463071,casual
351682,48980FD13F9B4577,docked_bike,2021-04-24 06:07:40,2021-04-24 06:46:15,West Thames St,5114,Central Park W & W 97 St,7538,40.708346,-74.017134,40.79249519495111,-73.96417066463071,member
351684,CB1290BDCF4A43B0,docked_bike,2021-04-28 19:15:28,2021-04-28 19:20:28,Central Park North & Adam Clayton Powell Blvd,7617,Central Park W & W 97 St,7538,40.799484,-73.955613,40.79249519495111,-73.96417066463071,member
351687,17E7207DE55B2EA9,docked_bike,2021-04-18 13:43:32,2021-04-18 14:10:58,Central Park North & Adam Clayton Powell Blvd,7617,Central Park W & W 97 St,7538,40.799484,-73.955613,40.79249519495111,-73.96417066463071,casual
351688,065060E683736D96,docked_bike,2021-04-30 20:15:00,2021-04-30 20:17:55,Columbus Ave & W 103 St,7595,Central Park W & W 97 St,7538,40.796934,-73.964341,40.79249519495111,-73.96417066463071,member
351689,6DEA105076458121,docked_bike,2021-04-07 19:23:06,2021-04-07 19:35:57,Central Park North & Adam Clayton Powell Blvd,7617,Central Park W & W 97 St,7538,40.799484,-73.955613,40.792495,-73.964171,casual
351690,D4AC61B2BE5C9467,docked_bike,2021-04-25 21:03:12,2021-04-25 21:12:43,Central Park North & Adam Clayton Powell Blvd,7617,Central Park W & W 97 St,7538,40.799484,-73.955613,40.79249519495111,-73.96417066463071,member
351691,C71DD268CABCA1BC,docked_bike,2021-04-09 17:58:40,2021-04-09 18:41:39,Central Park North & Adam Clayton Powell Blvd,7617,Central Park W & W 97 St,7538,40.799484,-73.955613,40.79249519495111,-73.96417066463071,member
351693,B701F49D2629F10F,docked_bike,2021-04-08 17:36:41,2021-04-08 17:58:48,Central Park North & Adam Clayton Powell Blvd,7617,Central Park W & W 97 St,7538,40.799484,-73.955613,40.79249519495111,-73.96417066463071,casual
351696,BA69A6EBA171F2D2,docked_bike,2021-04-19 14:54:53,2021-04-19 15:29:53,Central Park North & Adam Clayton Powell Blvd,7617,Central Park W & W 97 St,7538,40.799484,-73.955613,40.79249519495111,-73.96417066463071,casual
351698,4C89CD43A1C998D5,docked_bike,2021-04-04 15:33:32,2021-04-04 16:11:00,Central Park North & Adam Clayton Powell Blvd,7617,Central Park W & W 97 St,7538,40.799484,-73.955613,40.79249519495111,-73.96417066463071,member
351699,951EC3C7C93D563B,docked_bike,2021-04-19 10:44:00,2021-04-19 10:46:55,Columbus Ave & W 103 St,7595,Central Park W & W 97 St,7538,40.796934,-73.964341,40.79249519495111,-73.96417066463071,member
351700,85A02F2BEC154D14,docked_bike,2021-04-28 19:22:33,2021-04-28 19:28:43,Central Park North & Adam Clayton Powell Blvd,7617,Central Park W & W 97 St,7538,40.799484,-73.955613,40.79249519495111,-73.96417066463071,member
351703,84976612598D9A5B,docked_bike,2021-04-23 22:05:51,2021-04-23 22:07:43,Columbus Ave & W 103 St,7595,Central Park W & W 97 St,7538,40.796934,-73.964341,40.79249519495111,-73.96417066463071,casual
351705,7EEEAC7EAC2C5635,docked_bike,2021-04-03 15:27:30,2021-04-03 15:37:32,Central Park North & Adam Clayton Powell Blvd,7617,Central Park W & W 97 St,7538,40.799484,-73.955613,40.79249519495111,-73.96417066463071,casual
351706,9B82FEED95F2865A,docked_bike,2021-04-21 20:27:09,2021-04-21 20:34:03,Central Park North & Adam Clayton Powell Blvd,7617,Central Park W & W 97 St,7538,40.799484,-73.955613,40.79249519495111,-73.96417066463071,member
351709,87F715D1C4BA86E5,docked_bike,2021-04-14 08:13:37,2021-04-14 08:22:41,Central Park North & Adam Clayton Powell Blvd,7617,Central Park W & W 97 St,7538,40.799484,-73.955613,40.79249519495111,-73.96417066463071,member
351710,711C451E4DEFCC61,docked_bike,2021-04-06 08:04:50,2021-04-06 08:11:25,Central Park North & Adam Clayton Powell Blvd,7617,Central Park W & W 97 St,7538,40.799484,-73.955613,40.79249519495111,-73.96417066463071,member
351711,4EB0F2D1CCF4ED62,docked_bike,2021-04-09 17:58:04,2021-04-09 18:41:42,Central Park North & Adam Clayton Powell Blvd,7617,Central Park W & W 97 St,7538,40.799484,-73.955613,40.79249519495111,-73.96417066463071,member
351712,E93E4792CE48C758,docked_bike,2021-04-24 15:01:45,2021-04-24 15:11:12,Central Park North & Adam Clayton Powell Blvd,7617,Central Park W & W 97 St,7538,40.799484,-73.955613,40.79249519495111,-73.96417066463071,member
351713,1A5ADEAE6C5AE4CC,docked_bike,2021-04-17 13:44:20,2021-04-17 13:49:23,Central Park North & Adam Clayton Powell Blvd,7617,Central Park W & W 97 St,7538,40.799484,-73.955613,40.79249519495111,-73.96417066463071,member
351714,4730FC35D455F85B,docked_bike,2021-04-04 14:13:56,2021-04-04 14:32:05,Central Park North & Adam Clayton Powell Blvd,7617,Central Park W & W 97 St,7538,40.799484,-73.955613,40.79249519495111,-73.96417066463071,casual
351715,D959C37B3275D3B1,docked_bike,2021-04-28 16:26:01,2021-04-28 16:57:47,Central Park North & Adam Clayton Powell Blvd,7617,Central Park W & W 97 St,7538,40.799484,-73.955613,40.79249519495111,-73.96417066463071,casual
351719,39F68646C22194A8,docked_bike,2021-04-20 17:34:49,2021-04-20 18:17:18,Central Park North & Adam Clayton Powell Blvd,7617,Central Park W & W 97 St,7538,40.799484,-73.955613,40.79249519495111,-73.96417066463071,member
351720,39FF046228A3BC04,docked_bike,2021-04-19 14:59:28,2021-04-19 15:30:26,Central Park North & Adam Clayton Powell Blvd,7617,Central Park W & W 97 St,7538,40.799484,-73.955613,40.79249519495111,-73.96417066463071,casual
351721,464377C631C66906,docked_bike,2021-04-27 21:26:44,2021-04-27 22:10:12,Lenox Ave & W 133 St,7790,Central Park W & W 97 St,7538,40.81296,-73.941878,40.79249519495111,-73.96417066463071,member
351723,C6361BC8C219DB30,docked_bike,2021-04-05 16:15:33,2021-04-05 16:38:21,Central Park North & Adam Clayton Powell Blvd,7617,Central Park W & W 97 St,7538,40.799484,-73.955613,40.79249519495111,-73.96417066463071,casual
351725,971063977E467111,docked_bike,2021-04-25 23:49:32,2021-04-25 23:54:00,Central Park North & Adam Clayton Powell Blvd,7617,Central Park W & W 97 St,7538,40.799484,-73.955613,40.79249519495111,-73.96417066463071,member
351726,58F6C934C8C1B1BF,docked_bike,2021-04-04 15:37:12,2021-04-04 16:11:14,Central Park North & Adam Clayton Powell Blvd,7617,Central Park W & W 97 St,7538,40.799484,-73.955613,40.79249519495111,-73.96417066463071,casual
351729,A583551CA9CCC84B,docked_bike,2021-04-20 14:24:21,2021-04-20 14:38:20,Central Park North & Adam Clayton Powell Blvd,7617,Central Park W & W 97 St,7538,40.799484,-73.955613,40.79249519495111,-73.96417066463071,member
351730,9B79A762B0E43DA6,docked_bike,2021-04-27 20:43:45,2021-04-27 20:54:12,Central Park North & Adam Clayton Powell Blvd,7617,Central Park W & W 97 St,7538,40.799484,-73.955613,40.79249519495111,-73.96417066463071,member
351731,D5F0C4B896AF0E8A,docked_bike,2021-04-30 15:40:06,2021-04-30 15:49:56,Central Park North & Adam Clayton Powell Blvd,7617,Central Park W & W 97 St,7538,40.799484,-73.955613,40.79249519495111,-73.96417066463071,member
351747,3B63C05FC1D4E910,docked_bike,2021-04-20 18:01:17,2021-04-20 18:09:54,Central Park North & Adam Clayton Powell Blvd,7617,Central Park W & W 97 St,7538,40.799484,-73.955613,40.79249519495111,-73.96417066463071,member
351749,D3E7C4EB52F2C948,docked_bike,2021-04-04 17:04:44,2021-04-04 17:12:49,Central Park North & Adam Clayton Powell Blvd,7617,Central Park W & W 97 St,7538,40.799484,-73.955613,40.79249519495111,-73.96417066463071,casual
351750,5C3D6BAAC5665483,docked_bike,2021-04-13 18:37:32,2021-04-13 18:59:16,Central Park North & Adam Clayton Powell Blvd,7617,Central Park W & W 97 St,7538,40.799484,-73.955613,40.79249519495111,-73.96417066463071,casual
351751,82F85BA07FA4E605,docked_bike,2021-04-30 14:08:22,2021-04-30 14:21:49,Central Park North & Adam Clayton Powell Blvd,7617,Central Park W & W 97 St,7538,40.799484,-73.955613,40.79249519495111,-73.96417066463071,casual
351752,43EA14AA3C03E151,docked_bike,2021-04-25 12:50:09,2021-04-25 12:55:38,Central Park North & Adam Clayton Powell Blvd,7617,Central Park W & W 97 St,7538,40.799484,-73.955613,40.79249519495111,-73.96417066463071,member
351753,D4BAF1A7B267259D,docked_bike,2021-04-14 17:38:06,2021-04-14 17:42:58,Central Park North & Adam Clayton Powell Blvd,7617,Central Park W & W 97 St,7538,40.799484,-73.955613,40.79249519495111,-73.96417066463071,member
351754,F7EEE96CF4B7DB46,docked_bike,2021-04-18 06:51:21,2021-04-18 07:01:18,Lenox Ave & W 133 St,7790,Central Park W & W 97 St,7538,40.81296,-73.941878,40.79249519495111,-73.96417066463071,member
351755,78F71F57E2ABEF00,docked_bike,2021-04-10 17:56:09,2021-04-10 18:23:30,Central Park North & Adam Clayton Powell Blvd,7617,Central Park W & W 97 St,7538,40.799484,-73.955613,40.792495,-73.964171,casual
351757,862288D35CD0BFDA,docked_bike,2021-04-27 20:44:22,2021-04-27 20:54:20,Central Park North & Adam Clayton Powell Blvd,7617,Central Park W & W 97 St,7538,40.799484,-73.955613,40.79249519495111,-73.96417066463071,casual
351758,C916E787C5CF3AED,docked_bike,2021-04-02 16:03:59,2021-04-02 16:26:05,Central Park North & Adam Clayton Powell Blvd,7617,Central Park W & W 97 St,7538,40.799484,-73.955613,40.79249519495111,-73.96417066463071,casual
351759,42F9ADEB68937D33,docked_bike,2021-04-10 17:43:38,2021-04-10 18:06:04,Central Park North & Adam Clayton Powell Blvd,7617,Central Park W & W 97 St,7538,40.799484,-73.955613,40.79249519495111,-73.96417066463071,casual
351760,96FFA25DC546DC76,docked_bike,2021-04-19 17:27:09,2021-04-19 17:29:39,Columbus Ave & W 103 St,7595,Central Park W & W 97 St,7538,40.796934,-73.964341,40.79249519495111,-73.96417066463071,member
351761,4CEB36A6225DCF36,docked_bike,2021-04-18 16:06:40,2021-04-18 16:19:08,Central Park North & Adam Clayton Powell Blvd,7617,Central Park W & W 97 St,7538,40.799484,-73.955613,40.79249519495111,-73.96417066463071,member
351763,C067B49210F15CB5,docked_bike,2021-04-16 18:43:40,2021-04-16 19:27:44,West Thames St,5114,Central Park W & W 97 St,7538,40.708346,-74.017134,40.79249519495111,-73.96417066463071,member
351764,D5FF38A30EA1FFDE,docked_bike,2021-04-03 16:19:54,2021-04-03 16:49:51,Central Park North & Adam Clayton Powell Blvd,7617,Central Park W & W 97 St,7538,40.799484,-73.955613,40.792495,-73.964171,casual
351765,BB762A75CB4159E6,docked_bike,2021-04-01 19:52:12,2021-04-01 19:59:24,Central Park North & Adam Clayton Powell Blvd,7617,Central Park W & W 97 St,7538,40.799484,-73.955613,40.79249519495111,-73.96417066463071,member
351767,D5B6E8BDD1A98488,docked_bike,2021-04-24 09:56:14,2021-04-24 10:01:20,Central Park North & Adam Clayton Powell Blvd,7617,Central Park W & W 97 St,7538,40.799484,-73.955613,40.79249519495111,-73.96417066463071,member
351848,8ACE6EE462D6DBF5,docked_bike,2021-04-30 14:14:34,2021-04-30 14:18:11,Columbus Ave & W 103 St,7595,Central Park W & W 97 St,7538,40.796935,-73.964341,40.792495,-73.964171,member
351853,5634C785D180EC31,docked_bike,2021-04-02 15:58:14,2021-04-02 16:25:38,Central Park North & Adam Clayton Powell Blvd,7617,Central Park W & W 97 St,7538,40.799484,-73.955613,40.79249519495111,-73.96417066463071,casual
351856,51650E978E674168,docked_bike,2021-04-30 18:56:34,2021-04-30 19:02:25,Central Park North & Adam Clayton Powell Blvd,7617,Central Park W & W 97 St,7538,40.799484,-73.955613,40.79249519495111,-73.96417066463071,member
351857,1E511953EF95AA5D,docked_bike,2021-04-03 12:17:51,2021-04-03 12:26:20,Central Park North & Adam Clayton Powell Blvd,7617,Central Park W & W 97 St,7538,40.799484,-73.955613,40.79249519495111,-73.96417066463071,member
351858,778C50C520548939,docked_bike,2021-04-30 09:22:29,2021-04-30 09:27:00,Central Park North & Adam Clayton Powell Blvd,7617,Central Park W & W 97 St,7538,40.799484,-73.955613,40.79249519495111,-73.96417066463071,member
351862,5BEF698316BA9E62,docked_bike,2021-04-09 10:19:30,2021-04-09 10:26:47,Central Park North & Adam Clayton Powell Blvd,7617,Central Park W & W 97 St,7538,40.799484,-73.955613,40.79249519495111,-73.96417066463071,casual
351863,74DDAA6E81B34080,docked_bike,2021-04-21 21:07:53,2021-04-21 21:15:01,Columbus Ave & W 103 St,7595,Central Park W & W 97 St,7538,40.796934,-73.964341,40.79249519495111,-73.96417066463071,member
351867,948C00309C723A07,docked_bike,2021-04-04 16:21:41,2021-04-04 16:33:36,Central Park North & Adam Clayton Powell Blvd,7617,Central Park W & W 97 St,7538,40.799484,-73.955613,40.79249519495111,-73.96417066463071,casual
351868,5B3E5CC38F0BF55E,docked_bike,2021-04-17 20:35:02,2021-04-17 20:48:57,Central Park North & Adam Clayton Powell Blvd,7617,Central Park W & W 97 St,7538,40.799484,-73.955613,40.79249519495111,-73.96417066463071,member
351873,4BFD98A8714D315B,docked_bike,2021-04-30 14:09:37,2021-04-30 14:22:07,Central Park North & Adam Clayton Powell Blvd,7617,Central Park W & W 97 St,7538,40.799484,-73.955613,40.79249519495111,-73.96417066463071,casual
351874,DCFB3DEFA7A2E7E6,docked_bike,2021-04-08 15:53:48,2021-04-08 16:08:12,Central Park North & Adam Clayton Powell Blvd,7617,Central Park W & W 97 St,7538,40.799484,-73.955613,40.79249519495111,-73.96417066463071,member
351875,FA5A45E3DFC5C969,docked_bike,2021-04-10 17:57:19,2021-04-10 18:23:12,Central Park North & Adam Clayton Powell Blvd,7617,Central Park W & W 97 St,7538,40.799484,-73.955613,40.792495,-73.964171,casual
351878,27608291C60BF155,docked_bike,2021-04-23 14:25:45,2021-04-23 14:35:02,Central Park North & Adam Clayton Powell Blvd,7617,Central Park W & W 97 St,7538,40.799484,-73.955613,40.79249519495111,-73.96417066463071,member
351879,27E3786C5E835463,docked_bike,2021-04-25 19:00:59,2021-04-25 19:12:58,Central Park North & Adam Clayton Powell Blvd,7617,Central Park W & W 97 St,7538,40.799484,-73.955613,40.79249519495111,-73.96417066463071,member
351896,63021D1A0A69B5DF,docked_bike,2021-04-05 16:43:00,2021-04-05 17:15:08,Lexington Ave & E 36 St,6313,Central Park W & W 97 St,7538,40.747573,-73.9788,40.79249519495111,-73.96417066463071,member
351911,F15F8DD60D1FD29F,docked_bike,2021-04-30 08:19:09,2021-04-30 08:58:45,Lexington Ave & E 36 St,6313,Central Park W & W 97 St,7538,40.747573,-73.9788,40.79249519495111,-73.96417066463071,member
351941,B2C6418523AD2DA2,docked_bike,2021-04-20 12:16:28,2021-04-20 12:28:56,E 81 St & 2 Ave,7121,Central Park W & W 97 St,7538,40.774779,-73.954274,40.79249519495111,-73.96417066463071,casual
351961,7797BE5F2B5C21FF,docked_bike,2021-04-04 18:19:48,2021-04-04 18:52:40,E 81 St & 2 Ave,7121,Central Park W & W 97 St,7538,40.774779,-73.954274,40.79249519495111,-73.96417066463071,member
351963,58F71962857FC6DE,docked_bike,2021-04-30 18:25:04,2021-04-30 18:35:10,E 81 St & 2 Ave,7121,Central Park W & W 97 St,7538,40.774779,-73.954274,40.79249519495111,-73.96417066463071,member
351966,1572251038B64D50,docked_bike,2021-04-29 16:37:10,2021-04-29 16:50:05,E 81 St & 2 Ave,7121,Central Park W & W 97 St,7538,40.774779,-73.954274,40.79249519495111,-73.96417066463071,casual
351977,FF37205BCE607941,docked_bike,2021-04-06 14:18:41,2021-04-06 14:24:24,Central Park North & Adam Clayton Powell Blvd,7617,Central Park W & W 97 St,7538,40.799484,-73.955613,40.79249519495111,-73.96417066463071,member
351979,3BD61F460FB83C58,docked_bike,2021-04-19 09:28:20,2021-04-19 09:39:28,Central Park North & Adam Clayton Powell Blvd,7617,Central Park W & W 97 St,7538,40.799484,-73.955613,40.79249519495111,-73.96417066463071,member
351984,21BBAA76EAF9BD46,docked_bike,2021-04-10 17:22:01,2021-04-10 17:33:02,Central Park North & Adam Clayton Powell Blvd,7617,Central Park W & W 97 St,7538,40.799484,-73.955613,40.79249519495111,-73.96417066463071,casual
351988,D89BF990B9CF7473,docked_bike,2021-04-19 18:32:26,2021-04-19 19:06:36,E 81 St & 2 Ave,7121,Central Park W & W 97 St,7538,40.774779,-73.954274,40.79249519495111,-73.96417066463071,member
351989,31EA86492992A9D5,docked_bike,2021-04-25 13:04:44,2021-04-25 13:22:39,E 81 St & 2 Ave,7121,Central Park W & W 97 St,7538,40.774779,-73.954274,40.79249519495111,-73.96417066463071,member
352067,CF8819B199CBABDC,docked_bike,2021-04-19 18:33:10,2021-04-19 19:06:25,E 81 St & 2 Ave,7121,Central Park W & W 97 St,7538,40.774779,-73.954274,40.79249519495111,-73.96417066463071,casual
352099,46ED6C820443B75D,docked_bike,2021-04-17 11:58:17,2021-04-17 12:27:44,E 39 St & Lexington Ave,6389,Central Park W & W 97 St,7538,40.749498,-73.977292,40.79249519495111,-73.96417066463071,member
352110,58B509634B374D19,docked_bike,2021-04-10 10:10:08,2021-04-10 10:23:19,E 81 St & 2 Ave,7121,Central Park W & W 97 St,7538,40.774779,-73.954274,40.79249519495111,-73.96417066463071,member
352125,423A1FC02D7F2BF5,docked_bike,2021-04-28 13:17:41,2021-04-28 13:38:13,E 81 St & 2 Ave,7121,Central Park W & W 97 St,7538,40.774779,-73.954274,40.79249519495111,-73.96417066463071,member
352204,5C9AC000C2DE488E,docked_bike,2021-04-06 09:53:05,2021-04-06 10:31:49,31 Ave & Crescent St,6893,Central Park W & W 97 St,7538,40.765834,-73.926547,40.79249519495111,-73.96417066463071,member
352208,B1D6FC1607FD50FF,docked_bike,2021-04-16 09:56:56,2021-04-16 10:17:33,E 39 St & Lexington Ave,6389,Central Park W & W 97 St,7538,40.749498,-73.977292,40.79249519495111,-73.96417066463071,member
352244,95F64EDC335D27E5,docked_bike,2021-04-24 19:26:12,2021-04-24 20:30:23,E 2 St & Avenue A,5553,Central Park W & W 97 St,7538,40.723077,-73.985836,40.79249519495111,-73.96417066463071,casual
352245,2B9B8DC072BBC7A8,docked_bike,2021-04-03 11:52:26,2021-04-03 12:21:21,E 39 St & Lexington Ave,6389,Central Park W & W 97 St,7538,40.749498,-73.977292,40.79249519495111,-73.96417066463071,member
352258,7EE9A43D15F65B24,docked_bike,2021-04-24 14:29:04,2021-04-24 15:29:06,E 2 St & Avenue A,5553,Central Park W & W 97 St,7538,40.723077,-73.985836,40.79249519495111,-73.96417066463071,member
352314,C5707208097FB8B2,docked_bike,2021-04-20 18:36:10,2021-04-20 19:23:17,W 63 St & Broadway,7052,Central Park W & W 97 St,7538,40.771638,-73.982614,40.79249519495111,-73.96417066463071,casual
352331,63AC276BB94EBAE0,docked_bike,2021-04-19 19:14:41,2021-04-19 19:29:41,W 63 St & Broadway,7052,Central Park W & W 97 St,7538,40.771638,-73.982614,40.79249519495111,-73.96417066463071,member
352334,6619ADCDA5C37725,docked_bike,2021-04-16 14:51:35,2021-04-16 14:51:57,W 63 St & Broadway,7052,Central Park W & W 97 St,7538,40.771638,-73.982614,40.79249519495111,-73.96417066463071,member
352339,6DE572BF956DBE78,docked_bike,2021-04-13 15:33:31,2021-04-13 15:41:16,W 129 St & Convent Ave,7818,Central Park W & W 97 St,7538,40.814394,-73.953247,40.79249519495111,-73.96417066463071,member
352341,FE24ACC7037E7C4D,docked_bike,2021-04-04 14:04:29,2021-04-04 15:20:56,Bruckner Blvd & Bryant Ave,7944,Central Park W & W 97 St,7538,40.821952,-73.888546,40.79249519495111,-73.96417066463071,casual
352342,0556B0967752A012,docked_bike,2021-04-09 20:01:27,2021-04-09 20:18:12,W 63 St & Broadway,7052,Central Park W & W 97 St,7538,40.771638,-73.982614,40.79249519495111,-73.96417066463071,member
352348,CE88D6E71FA94DF9,docked_bike,2021-04-26 16:51:19,2021-04-26 17:04:02,E 81 St & 2 Ave,7121,Central Park W & W 97 St,7538,40.774779,-73.954274,40.79249519495111,-73.96417066463071,member
352374,79B44A4CB5E41CC4,docked_bike,2021-04-19 13:04:28,2021-04-19 13:17:31,E 81 St & 2 Ave,7121,Central Park W & W 97 St,7538,40.774779,-73.954274,40.79249519495111,-73.96417066463071,member
352387,5444A8B354A1E19B,docked_bike,2021-04-09 10:40:40,2021-04-09 11:07:32,Lexington Ave & E 36 St,6313,Central Park W & W 97 St,7538,40.747573,-73.9788,40.79249519495111,-73.96417066463071,member
352390,89876BAE3C879147,docked_bike,2021-04-14 17:37:35,2021-04-14 17:52:39,W 63 St & Broadway,7052,Central Park W & W 97 St,7538,40.771638,-73.982614,40.79249519495111,-73.96417066463071,member
352392,65F3392782A84E79,docked_bike,2021-04-17 07:57:26,2021-04-17 08:06:43,W 63 St & Broadway,7052,Central Park W & W 97 St,7538,40.771638,-73.982614,40.79249519495111,-73.96417066463071,member
352395,B374DD3E402B6B80,docked_bike,2021-04-09 19:59:37,2021-04-09 20:18:16,W 63 St & Broadway,7052,Central Park W & W 97 St,7538,40.771638,-73.982614,40.79249519495111,-73.96417066463071,casual
352398,4C98E59A4931B46B,docked_bike,2021-04-20 18:35:59,2021-04-20 19:22:59,W 63 St & Broadway,7052,Central Park W & W 97 St,7538,40.771638,-73.982614,40.79249519495111,-73.96417066463071,casual
352399,0D0B37B42B677829,docked_bike,2021-04-28 07:21:55,2021-04-28 07:31:11,W 63 St & Broadway,7052,Central Park W & W 97 St,7538,40.771638,-73.982614,40.79249519495111,-73.96417066463071,member
352400,56985EBD0EACA6ED,docked_bike,2021-04-01 18:11:10,2021-04-01 18:27:27,W 63 St & Broadway,7052,Central Park W & W 97 St,7538,40.771638,-73.982614,40.79249519495111,-73.96417066463071,member
352406,6792E539DFA72BB2,docked_bike,2021-04-13 16:46:25,2021-04-13 18:12:17,2 Ave & E 72 St,6925,Central Park W & W 97 St,7538,40.768762,-73.958407,40.79249519495111,-73.96417066463071,member
352418,5498EC9E9AA78001,docked_bike,2021-04-06 18:55:20,2021-04-06 19:16:39,W 63 St & Broadway,7052,Central Park W & W 97 St,7538,40.771638,-73.982614,40.79249519495111,-73.96417066463071,casual
352420,2F7CB47136D28DF0,docked_bike,2021-04-10 14:49:28,2021-04-10 17:08:22,W 63 St & Broadway,7052,Central Park W & W 97 St,7538,40.771639,-73.982614,40.792495,-73.964171,casual
352426,99592714E45D8898,docked_bike,2021-04-04 14:05:42,2021-04-04 15:22:30,Bruckner Blvd & Bryant Ave,7944,Central Park W & W 97 St,7538,40.821952,-73.888546,40.79249519495111,-73.96417066463071,casual
352437,81689B44D641FD32,docked_bike,2021-04-07 13:07:59,2021-04-07 13:25:40,W 129 St & Convent Ave,7818,Central Park W & W 97 St,7538,40.814394,-73.953247,40.792495,-73.964171,casual
352439,B977013F07EE296C,docked_bike,2021-04-09 13:28:31,2021-04-09 14:21:35,2 Ave & E 72 St,6925,Central Park W & W 97 St,7538,40.768762,-73.958407,40.79249519495111,-73.96417066463071,casual
352447,A43DDA6CACFBC235,docked_bike,2021-04-09 19:58:45,2021-04-09 20:16:52,W 63 St & Broadway,7052,Central Park W & W 97 St,7538,40.771638,-73.982614,40.79249519495111,-73.96417066463071,member
352448,229E220CB7CF5FFD,docked_bike,2021-04-16 19:46:54,2021-04-16 20:02:42,2 Ave & E 72 St,6925,Central Park W & W 97 St,7538,40.768762,-73.958407,40.79249519495111,-73.96417066463071,casual
352450,739BA51FBF970F2B,docked_bike,2021-04-09 19:58:13,2021-04-09 20:16:46,W 63 St & Broadway,7052,Central Park W & W 97 St,7538,40.771638,-73.982614,40.79249519495111,-73.96417066463071,member
352452,C3657DE282A1114A,docked_bike,2021-04-07 13:07:33,2021-04-07 13:25:34,W 129 St & Convent Ave,7818,Central Park W & W 97 St,7538,40.814394,-73.953247,40.792495,-73.964171,member
352458,40ACCFB96D12D98E,docked_bike,2021-04-07 18:26:39,2021-04-07 18:47:01,2 Ave & E 72 St,6925,Central Park W & W 97 St,7538,40.768762,-73.958407,40.79249519495111,-73.96417066463071,member
352460,F6C8C2D3F7CE330E,docked_bike,2021-04-17 12:54:05,2021-04-17 13:05:38,W 63 St & Broadway,7052,Central Park W & W 97 St,7538,40.771638,-73.982614,40.79249519495111,-73.96417066463071,member
352462,0E67528B664252EF,docked_bike,2021-04-20 22:55:26,2021-04-20 23:05:40,W 63 St & Broadway,7052,Central Park W & W 97 St,7538,40.771638,-73.982614,40.79249519495111,-73.96417066463071,member
352467,0FD1EE3DC7F5011B,docked_bike,2021-04-04 14:05:07,2021-04-04 15:21:37,Bruckner Blvd & Bryant Ave,7944,Central Park W & W 97 St,7538,40.821952,-73.888546,40.79249519495111,-73.96417066463071,casual
352489,B87B33AA85032C04,docked_bike,2021-04-23 12:40:12,2021-04-23 13:09:16,E 39 St & Lexington Ave,6389,Central Park W & W 97 St,7538,40.749498,-73.977292,40.79249519495111,-73.96417066463071,member
352493,D52B121CDBC5168F,docked_bike,2021-04-30 13:45:02,2021-04-30 13:59:03,2 Ave & E 72 St,6925,Central Park W & W 97 St,7538,40.768762,-73.958407,40.79249519495111,-73.96417066463071,casual
352508,FC6075F142D66B41,docked_bike,2021-04-19 16:32:32,2021-04-19 16:42:54,W 63 St & Broadway,7052,Central Park W & W 97 St,7538,40.771638,-73.982614,40.79249519495111,-73.96417066463071,member
352514,DB776AB3BB0DF25A,docked_bike,2021-04-25 18:27:49,2021-04-25 19:15:08,MacDougal St & Washington Sq,5797,Central Park W & W 97 St,7538,40.732263,-73.998522,40.79249519495111,-73.96417066463071,casual
352539,A66D75EC4140C524,docked_bike,2021-04-20 21:08:04,2021-04-20 21:21:01,W 63 St & Broadway,7052,Central Park W & W 97 St,7538,40.771638,-73.982614,40.79249519495111,-73.96417066463071,member
352541,EBE49EF4AD6FFC9E,docked_bike,2021-04-26 17:19:59,2021-04-26 17:39:10,2 Ave & E 72 St,6925,Central Park W & W 97 St,7538,40.768762,-73.958407,40.79249519495111,-73.96417066463071,member
352542,C581D633B806DF7F,docked_bike,2021-04-10 15:07:54,2021-04-10 17:08:53,W 63 St & Broadway,7052,Central Park W & W 97 St,7538,40.771638,-73.982614,40.79249519495111,-73.96417066463071,casual
352544,0B12BDFD717950D7,docked_bike,2021-04-12 19:06:31,2021-04-12 19:22:20,2 Ave & E 72 St,6925,Central Park W & W 97 St,7538,40.768762,-73.958407,40.79249519495111,-73.96417066463071,member
352547,B691DD2AF5472C91,docked_bike,2021-04-19 17:17:10,2021-04-19 17:36:16,2 Ave & E 72 St,6925,Central Park W & W 97 St,7538,40.768762,-73.958408,40.792495,-73.964171,member
352551,B1F4E2E9088364F8,docked_bike,2021-04-06 18:54:59,2021-04-06 19:16:27,W 63 St & Broadway,7052,Central Park W & W 97 St,7538,40.771638,-73.982614,40.79249519495111,-73.96417066463071,casual
352552,1EF415E28EBBED69,docked_bike,2021-04-04 15:19:00,2021-04-04 15:32:18,W 129 St & Convent Ave,7818,Central Park W & W 97 St,7538,40.814394,-73.953247,40.79249519495111,-73.96417066463071,casual
352553,981AE8A4B9A1C91A,docked_bike,2021-04-28 16:28:28,2021-04-28 16:47:54,2 Ave & E 72 St,6925,Central Park W & W 97 St,7538,40.768762,-73.958408,40.792495,-73.964171,member
352554,BF4144D0AB6C0FCA,docked_bike,2021-04-05 20:09:47,2021-04-05 20:14:14,Frederick Douglass Blvd & W 112 St,7631,Central Park W & W 97 St,7538,40.801694,-73.957145,40.79249519495111,-73.96417066463071,member
352557,F511EC890683886D,docked_bike,2021-04-20 16:23:13,2021-04-20 16:34:39,Frederick Douglass Blvd & W 112 St,7631,Central Park W & W 97 St,7538,40.801694,-73.957145,40.79249519495111,-73.96417066463071,casual
352558,F4D64E3FEF5708DF,docked_bike,2021-04-22 15:24:31,2021-04-22 15:30:19,Frederick Douglass Blvd & W 112 St,7631,Central Park W & W 97 St,7538,40.801694,-73.957145,40.79249519495111,-73.96417066463071,member
352562,654D72DE4634F225,docked_bike,2021-04-30 07:55:02,2021-04-30 07:59:35,Frederick Douglass Blvd & W 112 St,7631,Central Park W & W 97 St,7538,40.801694,-73.957145,40.79249519495111,-73.96417066463071,member
352566,AD35FE477C04D747,docked_bike,2021-04-20 15:00:00,2021-04-20 15:05:37,Frederick Douglass Blvd & W 112 St,7631,Central Park W & W 97 St,7538,40.801694,-73.957145,40.79249519495111,-73.96417066463071,member
352580,B3E4D127D15DA263,docked_bike,2021-04-26 10:31:27,2021-04-26 10:35:33,Frederick Douglass Blvd & W 112 St,7631,Central Park W & W 97 St,7538,40.801694,-73.957145,40.79249519495111,-73.96417066463071,member
352583,3D6F272A35E0D6F2,docked_bike,2021-04-22 08:47:48,2021-04-22 08:52:03,Frederick Douglass Blvd & W 112 St,7631,Central Park W & W 97 St,7538,40.801694,-73.957145,40.79249519495111,-73.96417066463071,member
352593,CE953D70EE6B351D,docked_bike,2021-04-26 17:25:29,2021-04-26 17:49:55,E 56 St & 3 Ave,6691,Central Park W & W 97 St,7538,40.759345,-73.967596,40.79249519495111,-73.96417066463071,member
352612,3ACFE2614D6A62D3,docked_bike,2021-04-14 15:20:27,2021-04-14 15:43:50,Frederick Douglass Blvd & W 112 St,7631,Central Park W & W 97 St,7538,40.801694,-73.957145,40.79249519495111,-73.96417066463071,casual
352615,08FFABC910542118,docked_bike,2021-04-16 14:12:14,2021-04-16 14:17:38,Frederick Douglass Blvd & W 112 St,7631,Central Park W & W 97 St,7538,40.801694,-73.957145,40.79249519495111,-73.96417066463071,member
352626,AD4F459C54B34E36,docked_bike,2021-04-01 20:56:18,2021-04-01 21:00:24,Frederick Douglass Blvd & W 112 St,7631,Central Park W & W 97 St,7538,40.801694,-73.957145,40.79249519495111,-73.96417066463071,member
352641,54241FC19E5B8784,docked_bike,2021-04-27 14:47:14,2021-04-27 15:30:35,4 Ave & E 12 St,5788,Central Park W & W 97 St,7538,40.732647,-73.99011,40.79249519495111,-73.96417066463071,member
352654,5D8DBD7EFB15804E,docked_bike,2021-04-15 19:50:25,2021-04-15 19:56:59,Frederick Douglass Blvd & W 112 St,7631,Central Park W & W 97 St,7538,40.801694,-73.957145,40.79249519495111,-73.96417066463071,member
352660,B9EC76D7FB497F33,docked_bike,2021-04-10 19:49:39,2021-04-10 19:56:21,Frederick Douglass Blvd & W 112 St,7631,Central Park W & W 97 St,7538,40.801694,-73.957145,40.79249519495111,-73.96417066463071,member
352663,B6CFD0581097B860,docked_bike,2021-04-27 11:11:00,2021-04-27 11:16:12,Frederick Douglass Blvd & W 112 St,7631,Central Park W & W 97 St,7538,40.801694,-73.957145,40.79249519495111,-73.96417066463071,member
352666,109E8908551B187C,docked_bike,2021-04-08 18:25:22,2021-04-08 18:30:19,Frederick Douglass Blvd & W 112 St,7631,Central Park W & W 97 St,7538,40.801694,-73.957145,40.79249519495111,-73.96417066463071,member
352672,999269080E66366F,docked_bike,2021-04-20 09:58:00,2021-04-20 10:02:43,Frederick Douglass Blvd & W 112 St,7631,Central Park W & W 97 St,7538,40.801694,-73.957145,40.79249519495111,-73.96417066463071,member
352674,74BF241A413C9442,docked_bike,2021-04-19 18:38:17,2021-04-19 19:05:54,E 56 St & 3 Ave,6691,Central Park W & W 97 St,7538,40.759345,-73.967596,40.79249519495111,-73.96417066463071,member
352675,613C15C10E8E7844,docked_bike,2021-04-29 22:02:04,2021-04-29 22:06:05,Frederick Douglass Blvd & W 112 St,7631,Central Park W & W 97 St,7538,40.801694,-73.957145,40.79249519495111,-73.96417066463071,casual
352677,EA68E7B51F8B7D27,docked_bike,2021-04-18 08:52:53,2021-04-18 08:56:00,Frederick Douglass Blvd & W 112 St,7631,Central Park W & W 97 St,7538,40.801694,-73.957145,40.79249519495111,-73.96417066463071,member
352691,E8E6E6BDF9DB6E6F,docked_bike,2021-04-05 14:30:44,2021-04-05 14:39:57,W 129 St & Convent Ave,7818,Central Park W & W 97 St,7538,40.814394,-73.953247,40.79249519495111,-73.96417066463071,member
352692,BE412B9A992A2CF9,docked_bike,2021-04-18 13:30:51,2021-04-18 13:43:13,2 Ave & E 72 St,6925,Central Park W & W 97 St,7538,40.768762,-73.958407,40.79249519495111,-73.96417066463071,member
352693,B4811008A8214A78,docked_bike,2021-04-03 12:52:58,2021-04-03 13:01:53,W 63 St & Broadway,7052,Central Park W & W 97 St,7538,40.771638,-73.982614,40.79249519495111,-73.96417066463071,member
352696,CD3DEAADDA933062,docked_bike,2021-04-08 16:58:21,2021-04-08 17:09:19,Frederick Douglass Blvd & W 112 St,7631,Central Park W & W 97 St,7538,40.801694,-73.957145,40.79249519495111,-73.96417066463071,member
352698,24F931AC829421EF,docked_bike,2021-04-20 08:15:01,2021-04-20 08:21:59,Frederick Douglass Blvd & W 112 St,7631,Central Park W & W 97 St,7538,40.801694,-73.957145,40.79249519495111,-73.96417066463071,member
352703,9546E6B64395C6BE,docked_bike,2021-04-10 11:48:20,2021-04-10 12:08:36,Frederick Douglass Blvd & W 112 St,7631,Central Park W & W 97 St,7538,40.801694,-73.957145,40.79249519495111,-73.96417066463071,member
352707,4D214B4064DDA3B9,docked_bike,2021-04-18 13:37:36,2021-04-18 13:42:49,Frederick Douglass Blvd & W 112 St,7631,Central Park W & W 97 St,7538,40.801694,-73.957145,40.79249519495111,-73.96417066463071,member
352723,C0617699A9E7C474,docked_bike,2021-04-07 17:34:01,2021-04-07 17:38:40,Frederick Douglass Blvd & W 112 St,7631,Central Park W & W 97 St,7538,40.801694,-73.957145,40.79249519495111,-73.96417066463071,casual
352724,E7A0765601D685ED,docked_bike,2021-04-17 15:01:02,2021-04-17 15:07:56,Frederick Douglass Blvd & W 112 St,7631,Central Park W & W 97 St,7538,40.801694,-73.957145,40.79249519495111,-73.96417066463071,member
352727,21732E1A9063C592,docked_bike,2021-04-01 17:21:20,2021-04-01 17:52:49,Frederick Douglass Blvd & W 112 St,7631,Central Park W & W 97 St,7538,40.801694,-73.957145,40.79249519495111,-73.96417066463071,casual
352730,2A877EED99F4677E,docked_bike,2021-04-23 06:24:49,2021-04-23 06:28:35,Frederick Douglass Blvd & W 112 St,7631,Central Park W & W 97 St,7538,40.801694,-73.957145,40.79249519495111,-73.96417066463071,member
352731,56F51EC64C1E2F0E,docked_bike,2021-04-24 08:40:06,2021-04-24 08:44:28,Frederick Douglass Blvd & W 112 St,7631,Central Park W & W 97 St,7538,40.801694,-73.957145,40.79249519495111,-73.96417066463071,member
352734,C32E028013B619EB,docked_bike,2021-04-14 14:33:36,2021-04-14 14:37:58,Frederick Douglass Blvd & W 112 St,7631,Central Park W & W 97 St,7538,40.801694,-73.957145,40.79249519495111,-73.96417066463071,member
352739,F958F1CD654749AC,docked_bike,2021-04-01 17:20:42,2021-04-01 17:52:55,Frederick Douglass Blvd & W 112 St,7631,Central Park W & W 97 St,7538,40.801694,-73.957145,40.79249519495111,-73.96417066463071,casual
352743,4840611F05295661,docked_bike,2021-04-26 19:00:08,2021-04-26 19:08:41,Frederick Douglass Blvd & W 112 St,7631,Central Park W & W 97 St,7538,40.801694,-73.957145,40.79249519495111,-73.96417066463071,member
352758,56F8FD83F1925DD7,docked_bike,2021-04-07 08:50:49,2021-04-07 08:55:50,Frederick Douglass Blvd & W 112 St,7631,Central Park W & W 97 St,7538,40.801694,-73.957145,40.79249519495111,-73.96417066463071,member
352763,E639CA6138A8F9FB,docked_bike,2021-04-28 17:18:34,2021-04-28 17:46:10,E 56 St & 3 Ave,6691,Central Park W & W 97 St,7538,40.759345,-73.967596,40.79249519495111,-73.96417066463071,casual
352766,7EE739A22F1D3314,docked_bike,2021-04-20 16:25:26,2021-04-20 16:37:51,Frederick Douglass Blvd & W 112 St,7631,Central Park W & W 97 St,7538,40.801694,-73.957145,40.79249519495111,-73.96417066463071,casual
352770,1E7767E7FA420856,docked_bike,2021-04-19 19:54:50,2021-04-19 19:58:23,Frederick Douglass Blvd & W 112 St,7631,Central Park W & W 97 St,7538,40.801694,-73.957145,40.79249519495111,-73.96417066463071,member
352774,B1F012C5F028F4FA,docked_bike,2021-04-07 18:09:11,2021-04-07 18:16:38,Frederick Douglass Blvd & W 112 St,7631,Central Park W & W 97 St,7538,40.801694,-73.957145,40.79249519495111,-73.96417066463071,casual
352778,695B975201F24682,docked_bike,2021-04-28 10:42:37,2021-04-28 10:47:03,Frederick Douglass Blvd & W 112 St,7631,Central Park W & W 97 St,7538,40.801694,-73.957145,40.79249519495111,-73.96417066463071,member
352786,9E19B3C4410E3F99,docked_bike,2021-04-08 18:09:40,2021-04-08 18:18:55,Frederick Douglass Blvd & W 112 St,7631,Central Park W & W 97 St,7538,40.801694,-73.957145,40.79249519495111,-73.96417066463071,member
352788,55C36C6D92E1A0DB,docked_bike,2021-04-16 13:23:56,2021-04-16 13:28:00,Frederick Douglass Blvd & W 112 St,7631,Central Park W & W 97 St,7538,40.801694,-73.957145,40.79249519495111,-73.96417066463071,casual
352818,104193B8A24F170A,docked_bike,2021-04-11 02:02:33,2021-04-11 03:09:59,W 48 St & Rockefeller Plaza,6667,Central Park W & W 97 St,7538,40.757936,-73.979602,40.79249519495111,-73.96417066463071,casual
352823,518F233AD775DD2A,docked_bike,2021-04-13 19:12:40,2021-04-13 19:18:37,Frederick Douglass Blvd & W 112 St,7631,Central Park W & W 97 St,7538,40.801694,-73.957145,40.79249519495111,-73.96417066463071,member
352828,833A904C07B19A6B,docked_bike,2021-04-10 15:07:34,2021-04-10 15:18:14,Frederick Douglass Blvd & W 112 St,7631,Central Park W & W 97 St,7538,40.801694,-73.957145,40.79249519495111,-73.96417066463071,casual
352830,D120DB3D2D86F1E4,docked_bike,2021-04-10 15:53:08,2021-04-10 16:19:11,E 56 St & 3 Ave,6691,Central Park W & W 97 St,7538,40.759345,-73.967596,40.79249519495111,-73.96417066463071,member
352857,FD971BD7606F7E5E,docked_bike,2021-04-27 13:51:15,2021-04-27 14:06:07,W 48 St & Rockefeller Plaza,6667,Central Park W & W 97 St,7538,40.757936,-73.979602,40.79249519495111,-73.96417066463071,member
352866,95A8B25241BC39D5,docked_bike,2021-04-13 19:08:43,2021-04-13 19:23:03,Lexington Ave & E 111 St,7567,Central Park W & W 97 St,7538,40.795412,-73.944123,40.79249519495111,-73.96417066463071,member
352875,08939B943CF45F04,docked_bike,2021-04-29 15:30:37,2021-04-29 16:08:22,Amsterdam Ave & W 136 St,7920,Central Park W & W 97 St,7538,40.819746,-73.951819,40.79249519495111,-73.96417066463071,member
352892,7071D875DF0F75AD,docked_bike,2021-04-20 11:35:35,2021-04-20 12:00:19,W 48 St & Rockefeller Plaza,6667,Central Park W & W 97 St,7538,40.757936,-73.979602,40.79249519495111,-73.96417066463071,member
352907,B59894410DDB80FF,docked_bike,2021-04-23 16:57:27,2021-04-23 17:28:37,E 114 St & 1 Ave,7540,Central Park W & W 97 St,7538,40.794566,-73.936254,40.792495,-73.964171,member
352945,9A113FA68AAF35C4,docked_bike,2021-04-29 18:19:39,2021-04-29 18:34:21,W 48 St & Rockefeller Plaza,6667,Central Park W & W 97 St,7538,40.757936,-73.979602,40.79249519495111,-73.96417066463071,member
352949,7F1F799C7AD9D5BF,docked_bike,2021-04-06 14:56:05,2021-04-06 15:12:45,W 146 St & Broadway,8018,Central Park W & W 97 St,7538,40.826969,-73.949738,40.79249519495111,-73.96417066463071,casual
352974,DF651569C6BB8F3E,docked_bike,2021-04-22 19:03:17,2021-04-22 19:20:23,W 36 St & 9 Ave,6569,Central Park W & W 97 St,7538,40.754623,-73.995167,40.79249519495111,-73.96417066463071,member
352975,3C4D990708608865,docked_bike,2021-04-21 18:38:12,2021-04-21 18:56:30,W 36 St & 9 Ave,6569,Central Park W & W 97 St,7538,40.754623,-73.995167,40.79249519495111,-73.96417066463071,member
352986,E90C84C3819B4D90,docked_bike,2021-04-25 21:56:44,2021-04-25 22:22:02,W 36 St & 9 Ave,6569,Central Park W & W 97 St,7538,40.754623,-73.995167,40.79249519495111,-73.96417066463071,member
352988,B1B5900E17C42169,docked_bike,2021-04-23 16:57:34,2021-04-23 17:29:01,E 114 St & 1 Ave,7540,Central Park W & W 97 St,7538,40.794566,-73.936254,40.79249519495111,-73.96417066463071,member
353006,A4C4D8BD638B9013,docked_bike,2021-04-23 16:15:40,2021-04-23 16:37:47,E 47 St & Park Ave,6584,Central Park W & W 97 St,7538,40.755102,-73.974986,40.79249519495111,-73.96417066463071,member
353007,E0EE33542431CF33,docked_bike,2021-04-27 16:21:28,2021-04-27 16:37:15,E 47 St & Park Ave,6584,Central Park W & W 97 St,7538,40.755102,-73.974986,40.79249519495111,-73.96417066463071,member
353008,A28937498A046D4F,docked_bike,2021-04-14 18:06:01,2021-04-14 18:21:28,E 47 St & Park Ave,6584,Central Park W & W 97 St,7538,40.755102,-73.974986,40.79249519495111,-73.96417066463071,member
353014,D6D72D14B2127B26,docked_bike,2021-04-13 13:14:58,2021-04-13 13:20:59,Frederick Douglass Blvd & W 112 St,7631,Central Park W & W 97 St,7538,40.801694,-73.957145,40.79249519495111,-73.96417066463071,member
353015,FD9C569BD2F6E2A2,docked_bike,2021-04-30 13:58:20,2021-04-30 14:05:27,Frederick Douglass Blvd & W 112 St,7631,Central Park W & W 97 St,7538,40.801694,-73.957145,40.79249519495111,-73.96417066463071,member
353020,AB2CBA2977F6CD4B,docked_bike,2021-04-07 07:54:27,2021-04-07 08:00:15,Frederick Douglass Blvd & W 112 St,7631,Central Park W & W 97 St,7538,40.801694,-73.957145,40.79249519495111,-73.96417066463071,member
353021,16931931B7B99814,docked_bike,2021-04-26 23:47:20,2021-04-26 23:52:07,Frederick Douglass Blvd & W 112 St,7631,Central Park W & W 97 St,7538,40.801694,-73.957145,40.79249519495111,-73.96417066463071,member
353027,D31E91F5AD954823,docked_bike,2021-04-07 10:15:41,2021-04-07 10:20:19,Frederick Douglass Blvd & W 112 St,7631,Central Park W & W 97 St,7538,40.801694,-73.957145,40.79249519495111,-73.96417066463071,member
353037,367652A8BE9664F2,docked_bike,2021-04-20 07:02:51,2021-04-20 07:17:10,Frederick Douglass Blvd & W 112 St,7631,Central Park W & W 97 St,7538,40.801694,-73.957145,40.79249519495111,-73.96417066463071,member
353043,876280447BD2ABA3,docked_bike,2021-04-28 18:28:27,2021-04-28 18:51:33,E 56 St & 3 Ave,6691,Central Park W & W 97 St,7538,40.759345,-73.967596,40.79249519495111,-73.96417066463071,member
353044,D09F4885B26A1FE6,docked_bike,2021-04-01 18:50:04,2021-04-01 19:12:58,E 56 St & 3 Ave,6691,Central Park W & W 97 St,7538,40.759345,-73.967596,40.79249519495111,-73.96417066463071,member
353054,B99F9DA06AF3984D,docked_bike,2021-04-24 18:36:07,2021-04-24 19:00:14,10 Ave & W 14 St,6157,Central Park W & W 97 St,7538,40.741981,-74.008315,40.79249519495111,-73.96417066463071,member
353059,30FEE12E0084C3A7,docked_bike,2021-04-16 12:54:18,2021-04-16 13:12:02,3 Ave & E 112 St,7543,Central Park W & W 97 St,7538,40.795508,-73.941606,40.792495,-73.964171,member
353060,9677D4689540599B,docked_bike,2021-04-22 12:49:52,2021-04-22 13:11:08,3 Ave & E 112 St,7543,Central Park W & W 97 St,7538,40.795508,-73.941606,40.792495,-73.964171,member
353062,A42897D7B0CD6025,docked_bike,2021-04-08 11:17:00,2021-04-08 11:35:31,3 Ave & E 112 St,7543,Central Park W & W 97 St,7538,40.795508,-73.941606,40.792495,-73.964171,member
353064,18B33AC1713886B2,docked_bike,2021-04-03 13:37:49,2021-04-03 13:57:20,3 Ave & E 112 St,7543,Central Park W & W 97 St,7538,40.795508,-73.941606,40.79249519495111,-73.96417066463071,member
353065,AAD1A190C260B17B,docked_bike,2021-04-21 12:21:44,2021-04-21 12:37:23,E 47 St & Park Ave,6584,Central Park W & W 97 St,7538,40.755102,-73.974986,40.79249519495111,-73.96417066463071,member
353077,46FC29C8C02CB7F6,docked_bike,2021-04-22 09:56:21,2021-04-22 10:01:28,Frederick Douglass Blvd & W 112 St,7631,Central Park W & W 97 St,7538,40.801694,-73.957145,40.79249519495111,-73.96417066463071,member
353081,C5808B3C94BAB16A,docked_bike,2021-04-24 03:18:27,2021-04-24 03:24:58,Frederick Douglass Blvd & W 112 St,7631,Central Park W & W 97 St,7538,40.801694,-73.957145,40.79249519495111,-73.96417066463071,member
353087,C3CE284A0CC737C6,docked_bike,2021-04-29 17:20:54,2021-04-29 17:36:35,E 47 St & Park Ave,6584,Central Park W & W 97 St,7538,40.755102,-73.974986,40.79249519495111,-73.96417066463071,member
353100,127585C673F118B7,docked_bike,2021-04-06 18:07:17,2021-04-06 18:31:40,E 47 St & Park Ave,6584,Central Park W & W 97 St,7538,40.755102,-73.974986,40.79249519495111,-73.96417066463071,member
353113,ACE8069B21F84F8E,docked_bike,2021-04-01 11:12:14,2021-04-01 11:29:45,3 Ave & E 112 St,7543,Central Park W & W 97 St,7538,40.795508,-73.941606,40.792495,-73.964171,member
353118,6F3C9BF3EE131BEF,docked_bike,2021-04-24 19:26:10,2021-04-24 20:30:25,E 2 St & Avenue A,5553,Central Park W & W 97 St,7538,40.723077,-73.985836,40.79249519495111,-73.96417066463071,casual
353142,AF637E73FE1A755B,docked_bike,2021-04-28 16:07:32,2021-04-28 16:32:58,1 Ave & E 39 St,6303,Central Park W & W 97 St,7538,40.74714,-73.97113,40.79249519495111,-73.96417066463071,member
353153,DE37584CD45B6CE8,docked_bike,2021-04-26 18:56:59,2021-04-26 19:20:38,1 Ave & E 39 St,6303,Central Park W & W 97 St,7538,40.74714,-73.97113,40.79249519495111,-73.96417066463071,casual
353160,064AD6B052A10503,docked_bike,2021-04-12 10:53:59,2021-04-12 10:59:23,Frederick Douglass Blvd & W 112 St,7631,Central Park W & W 97 St,7538,40.801694,-73.957145,40.79249519495111,-73.96417066463071,member
353175,7968FEA3ECAAC28E,docked_bike,2021-04-20 13:11:59,2021-04-20 13:47:12,Frederick Douglass Blvd & W 112 St,7631,Central Park W & W 97 St,7538,40.801694,-73.957145,40.79249519495111,-73.96417066463071,member
353177,8674C31853AA4B6C,docked_bike,2021-04-12 11:37:22,2021-04-12 11:56:06,W 145 St & Amsterdam Ave,7997,Central Park W & W 97 St,7538,40.825244,-73.947257,40.79249519495111,-73.96417066463071,casual
353179,572F0409B28E8054,docked_bike,2021-04-28 17:47:40,2021-04-28 17:58:21,W 145 St & Amsterdam Ave,7997,Central Park W & W 97 St,7538,40.825244,-73.947257,40.79249519495111,-73.96417066463071,member
353233,71C8988C84C57ED8,docked_bike,2021-04-30 07:13:20,2021-04-30 07:25:10,E 89 St & York Ave,7204,Central Park W & W 97 St,7538,40.777945,-73.946041,40.79249519495111,-73.96417066463071,member
353234,F7475D6CAE30C76E,docked_bike,2021-04-30 15:20:51,2021-04-30 15:30:42,Frederick Douglass Blvd & W 115 St,7658,Central Park W & W 97 St,7538,40.803865,-73.95593,40.79249519495111,-73.96417066463071,member
353235,328B4A6C4041E962,docked_bike,2021-04-09 08:06:14,2021-04-09 08:23:31,E 89 St & York Ave,7204,Central Park W & W 97 St,7538,40.777945,-73.946041,40.79249519495111,-73.96417066463071,member
353240,68E513EE8C3C64BA,docked_bike,2021-04-08 00:13:44,2021-04-08 00:24:10,W 64 St & Thelonious Monk Circle,7123,Central Park W & W 97 St,7538,40.775159,-73.989186,40.79249519495111,-73.96417066463071,casual
353262,88BDDF73D4C93A2D,docked_bike,2021-04-27 16:46:02,2021-04-27 17:02:04,5 Ave & E 78 St,7161,Central Park W & W 97 St,7538,40.776321,-73.964273,40.79249519495111,-73.96417066463071,member
353265,E1478F819167A76B,docked_bike,2021-04-24 14:29:11,2021-04-24 14:57:01,5 Ave & E 78 St,7161,Central Park W & W 97 St,7538,40.776321,-73.964273,40.79249519495111,-73.96417066463071,casual
353269,B37A522653823D4E,docked_bike,2021-04-17 15:01:39,2021-04-17 15:58:51,5 Ave & E 78 St,7161,Central Park W & W 97 St,7538,40.776321,-73.964273,40.79249519495111,-73.96417066463071,casual
353271,152E4EE6B544567D,docked_bike,2021-04-24 12:35:26,2021-04-24 12:52:24,Riverside Dr & W 72 St,7288,Central Park W & W 97 St,7538,40.780578,-73.985624,40.792495,-73.964171,member
353278,0896BF2E4AE757B2,docked_bike,2021-04-19 17:18:17,2021-04-19 17:35:38,5 Ave & E 78 St,7161,Central Park W & W 97 St,7538,40.776321,-73.964273,40.79249519495111,-73.96417066463071,member
353287,680367790558A9FE,docked_bike,2021-04-28 15:49:50,2021-04-28 16:18:04,E 39 St & Lexington Ave,6389,Central Park W & W 97 St,7538,40.749498,-73.977292,40.79249519495111,-73.96417066463071,member
353316,297342590670F8EE,docked_bike,2021-04-05 15:44:20,2021-04-05 15:53:09,5 Ave & E 78 St,7161,Central Park W & W 97 St,7538,40.776321,-73.964273,40.79249519495111,-73.96417066463071,member
353322,08EAE9AC92DBBF55,docked_bike,2021-04-05 15:41:27,2021-04-05 16:11:06,5 Ave & E 78 St,7161,Central Park W & W 97 St,7538,40.776321,-73.964273,40.79249519495111,-73.96417066463071,casual
353324,E548824D49EE66D7,docked_bike,2021-04-24 17:09:09,2021-04-24 18:13:31,5 Ave & E 78 St,7161,Central Park W & W 97 St,7538,40.776321,-73.964273,40.79249519495111,-73.96417066463071,casual
353328,82707CD073834BD6,docked_bike,2021-04-07 17:05:23,2021-04-07 17:25:30,W 40 St & 5 Ave,6474,Central Park W & W 97 St,7538,40.752269,-73.982079,40.79249519495111,-73.96417066463071,member
353329,2D7DF1C9D2ED2A44,docked_bike,2021-04-29 12:23:05,2021-04-29 12:34:55,Riverside Dr & W 72 St,7288,Central Park W & W 97 St,7538,40.780577,-73.985624,40.79249519495111,-73.96417066463071,member
353333,A89D0705FF3444B4,docked_bike,2021-04-09 17:32:32,2021-04-09 17:49:44,5 Ave & E 78 St,7161,Central Park W & W 97 St,7538,40.776321,-73.964273,40.79249519495111,-73.96417066463071,member
353335,A0D2B72017AFC6BD,docked_bike,2021-04-06 18:34:58,2021-04-06 19:35:29,5 Ave & E 78 St,7161,Central Park W & W 97 St,7538,40.776321,-73.964273,40.79249519495111,-73.96417066463071,casual
353337,2256035A9604249D,docked_bike,2021-04-27 13:19:59,2021-04-27 13:35:13,5 Ave & E 78 St,7161,Central Park W & W 97 St,7538,40.776321,-73.964273,40.79249519495111,-73.96417066463071,casual
353339,0FDE7B608AA58111,docked_bike,2021-04-24 16:12:48,2021-04-24 16:39:38,5 Ave & E 78 St,7161,Central Park W & W 97 St,7538,40.776321,-73.964274,40.792495,-73.964171,member
353341,091D7E790BDBED00,docked_bike,2021-04-13 15:06:38,2021-04-13 15:21:33,5 Ave & E 78 St,7161,Central Park W & W 97 St,7538,40.776321,-73.964273,40.79249519495111,-73.96417066463071,casual
353343,890EA3FEC2E55832,docked_bike,2021-04-17 14:59:15,2021-04-17 15:57:56,5 Ave & E 78 St,7161,Central Park W & W 97 St,7538,40.776321,-73.964273,40.79249519495111,-73.96417066463071,casual
353345,828F064C94D458D0,docked_bike,2021-04-28 16:28:23,2021-04-28 16:41:00,5 Ave & E 78 St,7161,Central Park W & W 97 St,7538,40.776321,-73.964273,40.79249519495111,-73.96417066463071,casual
353350,363799BECC347984,docked_bike,2021-04-24 14:30:14,2021-04-24 14:56:50,5 Ave & E 78 St,7161,Central Park W & W 97 St,7538,40.776321,-73.964273,40.79249519495111,-73.96417066463071,member
353352,FDBF0B558309C900,docked_bike,2021-04-04 15:37:59,2021-04-04 15:49:57,Riverside Dr & W 72 St,7288,Central Park W & W 97 St,7538,40.780577,-73.985624,40.79249519495111,-73.96417066463071,member
353354,7A3C77B6C747C4ED,docked_bike,2021-04-18 11:49:14,2021-04-18 12:11:14,5 Ave & E 78 St,7161,Central Park W & W 97 St,7538,40.776321,-73.964273,40.79249519495111,-73.96417066463071,casual
353355,5F9486755B6BEB10,docked_bike,2021-04-20 16:57:12,2021-04-20 17:28:21,5 Ave & E 78 St,7161,Central Park W & W 97 St,7538,40.776321,-73.964273,40.79249519495111,-73.96417066463071,member
353358,65BB53D1396A7B6F,docked_bike,2021-04-24 14:52:42,2021-04-24 15:32:03,5 Ave & E 78 St,7161,Central Park W & W 97 St,7538,40.776321,-73.964273,40.79249519495111,-73.96417066463071,member
353361,6818E4BA1F14A403,docked_bike,2021-04-17 14:58:17,2021-04-17 15:58:00,5 Ave & E 78 St,7161,Central Park W & W 97 St,7538,40.776321,-73.964273,40.79249519495111,-73.96417066463071,casual
353364,EC760CF3460CA3C5,docked_bike,2021-04-04 16:51:25,2021-04-04 17:29:23,W 40 St & 5 Ave,6474,Central Park W & W 97 St,7538,40.752269,-73.982079,40.79249519495111,-73.96417066463071,casual
353370,AE44897BB594156C,docked_bike,2021-04-24 13:20:57,2021-04-24 13:46:26,5 Ave & E 78 St,7161,Central Park W & W 97 St,7538,40.776321,-73.964273,40.79249519495111,-73.96417066463071,member
353374,46661B02BE05A16A,docked_bike,2021-04-06 12:54:37,2021-04-06 13:13:50,3 Ave & E 72 St,7028,Central Park W & W 97 St,7538,40.769942,-73.960607,40.79249519495111,-73.96417066463071,member
353380,D2CB6286B5E41C1A,docked_bike,2021-04-03 15:18:27,2021-04-03 15:51:54,St Ann's Ave & Westchester Ave,7835,Central Park W & W 97 St,7538,40.815887,-73.911918,40.79249519495111,-73.96417066463071,member
353386,980AC2524844650B,docked_bike,2021-04-24 16:11:17,2021-04-24 16:40:42,5 Ave & E 78 St,7161,Central Park W & W 97 St,7538,40.776321,-73.964273,40.79249519495111,-73.96417066463071,member
353396,2F20E287A895486C,docked_bike,2021-04-04 16:46:35,2021-04-04 17:22:59,W 169 St & Fort Washington Ave,8282,Central Park W & W 97 St,7538,40.842842,-73.942125,40.79249519495111,-73.96417066463071,member
353409,D634D0DC79B34CCD,docked_bike,2021-04-09 08:59:51,2021-04-09 09:18:28,5 Ave & E 78 St,7161,Central Park W & W 97 St,7538,40.776321,-73.964274,40.792495,-73.964171,member
353410,1E15BE19E82E315F,docked_bike,2021-04-18 11:47:29,2021-04-18 12:11:24,5 Ave & E 78 St,7161,Central Park W & W 97 St,7538,40.776321,-73.964273,40.79249519495111,-73.96417066463071,casual
353414,20D2D08CD90F682A,docked_bike,2021-04-05 20:32:29,2021-04-05 21:01:09,W 20 St & 7 Ave,6182,Central Park W & W 97 St,7538,40.742387,-73.997262,40.79249519495111,-73.96417066463071,member
353418,B162FEF0ABDADBC3,docked_bike,2021-04-03 13:46:56,2021-04-03 14:15:15,5 Ave & E 78 St,7161,Central Park W & W 97 St,7538,40.776321,-73.964273,40.79249519495111,-73.96417066463071,casual
353421,CC1B4C4B14FAB7CA,docked_bike,2021-04-17 15:01:17,2021-04-17 15:59:07,5 Ave & E 78 St,7161,Central Park W & W 97 St,7538,40.776321,-73.964273,40.79249519495111,-73.96417066463071,casual
353422,D4C98C6003F5C1F8,docked_bike,2021-04-27 08:55:40,2021-04-27 09:19:54,5 Ave & E 78 St,7161,Central Park W & W 97 St,7538,40.776321,-73.964273,40.79249519495111,-73.96417066463071,member
353427,468D0F4D0859E8D5,docked_bike,2021-04-27 17:54:00,2021-04-27 18:06:27,3 Ave & E 72 St,7028,Central Park W & W 97 St,7538,40.769942,-73.960607,40.79249519495111,-73.96417066463071,member
353428,369B83F53182A3D1,docked_bike,2021-04-21 10:06:27,2021-04-21 10:19:50,3 Ave & E 72 St,7028,Central Park W & W 97 St,7538,40.769942,-73.960607,40.79249519495111,-73.96417066463071,member
353431,F95A7FF3648C5A58,docked_bike,2021-04-10 14:30:50,2021-04-10 14:44:29,Riverside Dr & W 72 St,7288,Central Park W & W 97 St,7538,40.780577,-73.985624,40.79249519495111,-73.96417066463071,member
353433,0099E5E123A82EE5,docked_bike,2021-04-16 14:52:02,2021-04-16 15:07:05,5 Ave & E 78 St,7161,Central Park W & W 97 St,7538,40.776321,-73.964273,40.79249519495111,-73.96417066463071,member
353437,67A0899A8E3256D9,docked_bike,2021-04-13 15:20:53,2021-04-13 15:50:09,5 Ave & E 78 St,7161,Central Park W & W 97 St,7538,40.776321,-73.964273,40.79249519495111,-73.96417066463071,casual
353444,20B11F5B109057FC,docked_bike,2021-04-13 15:22:29,2021-04-13 15:50:08,5 Ave & E 78 St,7161,Central Park W & W 97 St,7538,40.776321,-73.964273,40.79249519495111,-73.96417066463071,casual
353446,3661AE4D9777D5FE,docked_bike,2021-04-10 18:00:39,2021-04-10 18:13:13,5 Ave & E 78 St,7161,Central Park W & W 97 St,7538,40.776321,-73.964273,40.79249519495111,-73.96417066463071,casual
353447,A636424DCE5D9E58,docked_bike,2021-04-24 13:24:46,2021-04-24 13:46:23,5 Ave & E 78 St,7161,Central Park W & W 97 St,7538,40.776321,-73.964273,40.79249519495111,-73.96417066463071,member
353448,5A5673F147FD8A13,docked_bike,2021-04-23 09:31:39,2021-04-23 09:57:00,5 Ave & E 78 St,7161,Central Park W & W 97 St,7538,40.776321,-73.964273,40.79249519495111,-73.96417066463071,member
353454,B8A4787F1F550169,docked_bike,2021-04-21 17:40:03,2021-04-21 17:58:11,Riverside Dr & W 72 St,7288,Central Park W & W 97 St,7538,40.780577,-73.985624,40.79249519495111,-73.96417066463071,member
353457,E29A5271550D545F,docked_bike,2021-04-03 13:45:06,2021-04-03 14:14:36,5 Ave & E 78 St,7161,Central Park W & W 97 St,7538,40.776321,-73.964273,40.79249519495111,-73.96417066463071,member
353461,2C21936B112F3BEE,docked_bike,2021-04-30 08:51:45,2021-04-30 09:07:13,Riverside Dr & W 72 St,7288,Central Park W & W 97 St,7538,40.780577,-73.985624,40.79249519495111,-73.96417066463071,member
353470,B40900032B6666BD,docked_bike,2021-04-28 15:53:35,2021-04-28 16:10:38,E 47 St & Park Ave,6584,Central Park W & W 97 St,7538,40.755102,-73.974986,40.79249519495111,-73.96417066463071,member
353480,821F2A3BE8883E41,docked_bike,2021-04-05 18:28:50,2021-04-05 19:07:20,5 Ave & E 78 St,7161,Central Park W & W 97 St,7538,40.776321,-73.964273,40.79249519495111,-73.96417066463071,member
353484,FE326BD89BAC3675,docked_bike,2021-04-18 15:39:43,2021-04-18 15:56:01,5 Ave & E 78 St,7161,Central Park W & W 97 St,7538,40.776321,-73.964273,40.79249519495111,-73.96417066463071,casual
353488,C6DC907F081CCAAD,docked_bike,2021-04-04 15:29:57,2021-04-04 16:08:14,5 Ave & E 78 St,7161,Central Park W & W 97 St,7538,40.776321,-73.964273,40.79249519495111,-73.96417066463071,casual
353497,011E7291FEE92247,docked_bike,2021-04-26 16:59:29,2021-04-26 17:24:05,St Ann's Ave & Westchester Ave,7835,Central Park W & W 97 St,7538,40.815887,-73.911918,40.79249519495111,-73.96417066463071,member
353500,61F23D55632597A2,docked_bike,2021-04-04 16:51:09,2021-04-04 17:29:21,W 40 St & 5 Ave,6474,Central Park W & W 97 St,7538,40.752269,-73.982079,40.79249519495111,-73.96417066463071,member
353502,F025CD406C474AD5,docked_bike,2021-04-13 12:12:21,2021-04-13 12:43:48,Riverside Dr & W 72 St,7288,Central Park W & W 97 St,7538,40.780577,-73.985624,40.79249519495111,-73.96417066463071,member
353503,40418DDD5AA35E9C,docked_bike,2021-04-12 00:10:00,2021-04-12 00:22:54,3 Ave & E 72 St,7028,Central Park W & W 97 St,7538,40.769942,-73.960607,40.79249519495111,-73.96417066463071,member
353504,EF1A35186BB22B2F,docked_bike,2021-04-10 15:19:26,2021-04-10 15:55:34,W 100 St & Manhattan Ave,7538,8 Ave & W 38 St,6526,40.795,-73.9645,40.75461,-73.99177,member
353507,42C15904A325F67C,docked_bike,2021-04-07 15:49:45,2021-04-07 16:03:38,Lenox Ave & W 115 St,7627,Central Park W & W 97 St,7538,40.801193,-73.950073,40.79249519495111,-73.96417066463071,member
353508,CFCD61E1ABD6FDAB,docked_bike,2021-04-10 16:31:28,2021-04-10 16:40:07,Lenox Ave & W 115 St,7627,Central Park W & W 97 St,7538,40.801193,-73.950073,40.79249519495111,-73.96417066463071,member
353509,A7983577E6016B40,docked_bike,2021-04-21 21:42:30,2021-04-21 21:54:24,W 84 St & Broadway,7409,Central Park W & W 97 St,7538,40.786794,-73.977112,40.79249519495111,-73.96417066463071,member
353510,E4B7BC0E50BFF641,docked_bike,2021-04-20 04:54:35,2021-04-20 05:24:14,W 100 St & Manhattan Ave,7538,8 Ave & W 38 St,6526,40.795,-73.9645,40.75461,-73.99177,member
353511,C056CBBC66B0C2C9,docked_bike,2021-04-06 05:01:55,2021-04-06 05:31:29,W 100 St & Manhattan Ave,7538,8 Ave & W 38 St,6526,40.795,-73.9645,40.75461,-73.99177,member
353513,B76EE9D06E71D77C,docked_bike,2021-04-27 18:18:36,2021-04-27 19:04:24,W 100 St & Manhattan Ave,7538,Central Park W & W 97 St,7538,40.795,-73.9645,40.79249519495111,-73.96417066463071,member
353515,D90B66369D31EE7F,docked_bike,2021-04-27 09:44:21,2021-04-27 09:54:51,Lenox Ave & W 115 St,7627,Central Park W & W 97 St,7538,40.801193,-73.950073,40.79249519495111,-73.96417066463071,member
353516,20F1366684442093,docked_bike,2021-04-23 14:12:42,2021-04-23 14:21:24,W 84 St & Broadway,7409,Central Park W & W 97 St,7538,40.786794,-73.977112,40.79249519495111,-73.96417066463071,casual
353521,BE922280189D5D74,docked_bike,2021-04-07 19:24:46,2021-04-07 19:44:31,E 47 St & Park Ave,6584,Central Park W & W 97 St,7538,40.755102,-73.974986,40.79249519495111,-73.96417066463071,member
353525,AB3CC6AD9C991201,docked_bike,2021-04-19 16:29:22,2021-04-19 16:31:22,W 100 St & Manhattan Ave,7538,Central Park W & W 97 St,7538,40.795,-73.9645,40.79249519495111,-73.96417066463071,casual
353526,B47ED983B9099B8F,docked_bike,2021-04-24 10:49:57,2021-04-24 10:57:29,W 84 St & Broadway,7409,Central Park W & W 97 St,7538,40.786794,-73.977112,40.79249519495111,-73.96417066463071,member
353527,04C554DBF70F0DA7,docked_bike,2021-04-24 11:05:51,2021-04-24 11:09:08,W 100 St & Manhattan Ave,7538,Central Park W & W 97 St,7538,40.795,-73.9645,40.79249519495111,-73.96417066463071,member
353531,8B9745C4BC66DC07,docked_bike,2021-04-23 13:03:42,2021-04-23 13:05:27,W 100 St & Manhattan Ave,7538,Central Park W & W 97 St,7538,40.795,-73.9645,40.79249519495111,-73.96417066463071,member
353532,FA4C83921F5F4A57,docked_bike,2021-04-06 12:39:31,2021-04-06 12:40:58,W 100 St & Manhattan Ave,7538,Central Park W & W 97 St,7538,40.795,-73.9645,40.79249519495111,-73.96417066463071,member
353533,9AB1657F73DD3F75,docked_bike,2021-04-18 11:12:51,2021-04-18 11:13:58,W 100 St & Manhattan Ave,7538,Central Park W & W 97 St,7538,40.795,-73.9645,40.79249519495111,-73.96417066463071,member
353534,49EB814B1DA121FF,docked_bike,2021-04-16 10:53:54,2021-04-16 10:55:13,W 100 St & Manhattan Ave,7538,Central Park W & W 97 St,7538,40.795,-73.9645,40.79249519495111,-73.96417066463071,member
353536,110F4A875AD09561,docked_bike,2021-04-02 17:52:03,2021-04-02 17:53:41,W 100 St & Manhattan Ave,7538,Central Park W & W 97 St,7538,40.795,-73.9645,40.79249519495111,-73.96417066463071,member
353538,9BA524142E17E3A7,docked_bike,2021-04-17 21:35:33,2021-04-17 21:38:30,W 100 St & Manhattan Ave,7538,Central Park W & W 97 St,7538,40.795,-73.9645,40.79249519495111,-73.96417066463071,member
353539,EF9520A866DAAEB4,docked_bike,2021-04-23 22:12:12,2021-04-23 22:22:40,W 100 St & Manhattan Ave,7538,Central Park W & W 97 St,7538,40.795,-73.9645,40.79249519495111,-73.96417066463071,member
353540,2D3FEB09E24CD397,docked_bike,2021-04-11 05:01:16,2021-04-11 05:29:01,W 100 St & Manhattan Ave,7538,8 Ave & W 38 St,6526,40.795,-73.9645,40.75461,-73.99177,member
353544,5590D19EA3FB1769,docked_bike,2021-04-08 09:21:22,2021-04-08 09:23:12,W 100 St & Manhattan Ave,7538,Central Park W & W 97 St,7538,40.795,-73.9645,40.79249519495111,-73.96417066463071,member
353545,14464358C623BB66,docked_bike,2021-04-09 13:34:45,2021-04-09 13:56:56,W 84 St & Broadway,7409,Central Park W & W 97 St,7538,40.786794,-73.977112,40.79249519495111,-73.96417066463071,member
353546,13077C468A6A03B0,docked_bike,2021-04-10 14:44:50,2021-04-10 14:46:12,W 100 St & Manhattan Ave,7538,Central Park W & W 97 St,7538,40.795,-73.9645,40.79249519495111,-73.96417066463071,member
353548,6CECEADA20EB7542,docked_bike,2021-04-10 14:34:36,2021-04-10 14:48:19,W 100 St & Manhattan Ave,7538,Central Park W & W 97 St,7538,40.795,-73.9645,40.79249519495111,-73.96417066463071,member
353550,82AC45DF02BB50E2,docked_bike,2021-04-23 18:05:39,2021-04-23 18:08:27,W 100 St & Manhattan Ave,7538,Central Park W & W 97 St,7538,40.795,-73.9645,40.79249519495111,-73.96417066463071,member
353551,EC9EAFDF23CFB82D,docked_bike,2021-04-10 14:19:48,2021-04-10 14:26:34,W 84 St & Broadway,7409,Central Park W & W 97 St,7538,40.786794,-73.977112,40.79249519495111,-73.96417066463071,member
353552,31357B551A66E48E,docked_bike,2021-04-04 13:50:18,2021-04-04 14:13:43,W 100 St & Manhattan Ave,7538,8 Ave & W 38 St,6526,40.795,-73.9645,40.75461,-73.99177,casual
353555,051BE91AC6FA4688,docked_bike,2021-04-06 15:01:33,2021-04-06 15:03:56,W 100 St & Manhattan Ave,7538,Central Park W & W 97 St,7538,40.795,-73.9645,40.79249519495111,-73.96417066463071,member
353556,0F32BB58ABFE3578,docked_bike,2021-04-25 13:04:41,2021-04-25 13:38:35,W 84 St & Broadway,7409,Central Park W & W 97 St,7538,40.786794,-73.977112,40.79249519495111,-73.96417066463071,member
353557,93ADCFB4D580A212,docked_bike,2021-04-13 04:55:54,2021-04-13 05:26:35,W 100 St & Manhattan Ave,7538,8 Ave & W 38 St,6526,40.795,-73.9645,40.75461,-73.99177,member
353559,7C262D2EB95F5209,docked_bike,2021-04-16 13:10:41,2021-04-16 13:26:04,W 100 St & Manhattan Ave,7538,Central Park W & W 97 St,7538,40.795,-73.9645,40.79249519495111,-73.96417066463071,member
353564,2FFA9780C6BDBE7C,docked_bike,2021-04-01 14:51:41,2021-04-01 14:52:53,W 100 St & Manhattan Ave,7538,Central Park W & W 97 St,7538,40.795,-73.9645,40.79249519495111,-73.96417066463071,member
353570,735B6D33E883A0E1,docked_bike,2021-04-28 12:18:46,2021-04-28 12:37:25,3 Ave & E 112 St,7543,Central Park W & W 97 St,7538,40.795508,-73.941606,40.79249519495111,-73.96417066463071,member
353576,2FD409680CF1F553,docked_bike,2021-04-23 17:53:08,2021-04-23 18:02:12,W 100 St & Manhattan Ave,7538,Central Park W & W 97 St,7538,40.795,-73.9645,40.79249519495111,-73.96417066463071,casual
353577,4F90704D17D82D3C,docked_bike,2021-04-24 15:49:34,2021-04-24 16:16:40,W 100 St & Manhattan Ave,7538,Central Park W & W 97 St,7538,40.795,-73.9645,40.79249519495111,-73.96417066463071,casual
353578,38FF4A7008741963,docked_bike,2021-04-08 16:28:00,2021-04-08 16:29:22,W 100 St & Manhattan Ave,7538,Central Park W & W 97 St,7538,40.795,-73.9645,40.79249519495111,-73.96417066463071,member
353579,477FB75A61D2E39B,docked_bike,2021-04-20 17:32:48,2021-04-20 18:04:52,W 100 St & Manhattan Ave,7538,2 Ave & E 31 St,6197,40.795,-73.9645,40.74290902,-73.97706058,member
353580,136E1970461E3E05,docked_bike,2021-04-20 11:59:11,2021-04-20 12:01:07,W 100 St & Manhattan Ave,7538,Central Park W & W 97 St,7538,40.795,-73.9645,40.79249519495111,-73.96417066463071,member
353581,7F49008AFDB6663B,docked_bike,2021-04-07 13:27:17,2021-04-07 13:47:00,W 100 St & Manhattan Ave,7538,2 Ave & E 125 St,7648,40.795,-73.9645,40.802554,-73.933509,member
353599,23DF1D52D38216F4,docked_bike,2021-04-20 12:51:06,2021-04-20 12:52:05,W 100 St & Manhattan Ave,7538,Central Park W & W 97 St,7538,40.795,-73.9645,40.79249519495111,-73.96417066463071,member
353600,DD4499BBD6B76601,docked_bike,2021-04-15 13:22:16,2021-04-15 13:24:09,W 100 St & Manhattan Ave,7538,Central Park W & W 97 St,7538,40.795,-73.9645,40.79249519495111,-73.96417066463071,member
353601,C290FDDBBA493DF2,docked_bike,2021-04-09 10:41:55,2021-04-09 10:43:13,W 100 St & Manhattan Ave,7538,Central Park W & W 97 St,7538,40.795,-73.9645,40.79249519495111,-73.96417066463071,casual
353602,817DBB8BBF2636AB,docked_bike,2021-04-21 07:23:31,2021-04-21 07:25:56,W 100 St & Manhattan Ave,7538,Central Park W & W 97 St,7538,40.795,-73.9645,40.79249519495111,-73.96417066463071,casual
353604,9DC93D8C11B2C053,docked_bike,2021-04-24 09:56:04,2021-04-24 09:58:03,W 100 St & Manhattan Ave,7538,Central Park W & W 97 St,7538,40.795,-73.9645,40.79249519495111,-73.96417066463071,member
353606,36DC5514808E66D7,docked_bike,2021-04-24 15:44:35,2021-04-24 16:16:30,W 100 St & Manhattan Ave,7538,Central Park W & W 97 St,7538,40.795,-73.9645,40.79249519495111,-73.96417066463071,member
353607,CA839A370BD438F3,docked_bike,2021-04-20 17:39:24,2021-04-20 17:47:46,Lenox Ave & W 115 St,7627,Central Park W & W 97 St,7538,40.801193,-73.950073,40.79249519495111,-73.96417066463071,casual
353608,A16687508633B953,docked_bike,2021-04-05 16:28:53,2021-04-05 16:38:56,Lenox Ave & W 115 St,7627,Central Park W & W 97 St,7538,40.801193,-73.950073,40.79249519495111,-73.96417066463071,casual
353611,6FF135812E971287,docked_bike,2021-04-28 19:26:49,2021-04-28 19:28:14,W 100 St & Manhattan Ave,7538,Central Park W & W 97 St,7538,40.795,-73.9645,40.79249519495111,-73.96417066463071,member
353612,7023A118813BBF6D,docked_bike,2021-04-21 12:53:19,2021-04-21 13:01:23,W 84 St & Broadway,7409,Central Park W & W 97 St,7538,40.786794,-73.977112,40.79249519495111,-73.96417066463071,member
353613,E4DED4C9352AFEAF,docked_bike,2021-04-04 17:21:27,2021-04-04 17:23:43,W 100 St & Manhattan Ave,7538,Central Park W & W 97 St,7538,40.795,-73.9645,40.79249519495111,-73.96417066463071,member
353614,1BA9C8C495B16F49,docked_bike,2021-04-07 04:59:22,2021-04-07 05:30:24,W 100 St & Manhattan Ave,7538,8 Ave & W 38 St,6526,40.795,-73.9645,40.75461,-73.99177,member
353615,5CE7526102E00944,docked_bike,2021-04-20 18:44:40,2021-04-20 18:53:03,Lenox Ave & W 115 St,7627,Central Park W & W 97 St,7538,40.801193,-73.950073,40.79249519495111,-73.96417066463071,member
353616,9AE87F44800CAE50,docked_bike,2021-04-18 17:52:09,2021-04-18 18:01:46,W 84 St & Broadway,7409,Central Park W & W 97 St,7538,40.786794,-73.977112,40.79249519495111,-73.96417066463071,member
353621,6B691CF2C5C99984,docked_bike,2021-04-30 19:01:49,2021-04-30 19:03:20,W 100 St & Manhattan Ave,7538,Central Park W & W 97 St,7538,40.795,-73.9645,40.79249519495111,-73.96417066463071,member
353623,A1A3156A9126040D,docked_bike,2021-04-18 16:27:39,2021-04-18 16:39:46,W 100 St & Manhattan Ave,7538,Central Park W & W 97 St,7538,40.795,-73.9645,40.79249519495111,-73.96417066463071,casual
353624,F8F7277AFCD4DFAD,docked_bike,2021-04-07 12:20:57,2021-04-07 12:32:03,Lenox Ave & W 115 St,7627,Central Park W & W 97 St,7538,40.801193,-73.950073,40.79249519495111,-73.96417066463071,member
353625,75DB6019D5354955,docked_bike,2021-04-21 08:08:24,2021-04-21 08:19:38,Lenox Ave & W 115 St,7627,Central Park W & W 97 St,7538,40.801193,-73.950073,40.79249519495111,-73.96417066463071,member
353626,01A74DD281843D82,docked_bike,2021-04-03 13:04:31,2021-04-03 13:33:00,W 100 St & Manhattan Ave,7538,Central Park W & W 97 St,7538,40.795,-73.9645,40.792495,-73.964171,casual
353627,6DEE24B5BCB4E40B,docked_bike,2021-04-06 05:52:09,2021-04-06 05:54:56,W 100 St & Manhattan Ave,7538,Central Park W & W 97 St,7538,40.795,-73.9645,40.79249519495111,-73.96417066463071,member
353628,F397C04DEA6990D4,docked_bike,2021-04-24 17:08:28,2021-04-24 19:20:22,W 100 St & Manhattan Ave,7538,8 Ave & W 38 St,6526,40.795,-73.9645,40.75461,-73.99177,casual
353629,F7FE908EEF7EE27D,docked_bike,2021-04-03 10:28:32,2021-04-03 10:30:21,W 100 St & Manhattan Ave,7538,Central Park W & W 97 St,7538,40.795,-73.9645,40.79249519495111,-73.96417066463071,member
353633,0F5E2777307A1C92,docked_bike,2021-04-13 11:22:21,2021-04-13 11:23:42,W 100 St & Manhattan Ave,7538,Central Park W & W 97 St,7538,40.795,-73.9645,40.79249519495111,-73.96417066463071,member
353634,DE84F881226781C9,docked_bike,2021-04-23 14:19:53,2021-04-23 14:28:34,W 84 St & Broadway,7409,Central Park W & W 97 St,7538,40.786794,-73.977112,40.79249519495111,-73.96417066463071,member
353635,057CFCEC610EAB4F,docked_bike,2021-04-20 19:21:24,2021-04-20 19:35:34,W 100 St & Manhattan Ave,7538,Central Park W & W 97 St,7538,40.795,-73.9645,40.79249519495111,-73.96417066463071,member
353636,67E3177A16696098,docked_bike,2021-04-07 08:17:50,2021-04-07 08:19:26,W 100 St & Manhattan Ave,7538,Central Park W & W 97 St,7538,40.795,-73.9645,40.79249519495111,-73.96417066463071,member
353637,574CAD2D8FCCDDDE,docked_bike,2021-04-18 04:59:37,2021-04-18 05:31:44,W 100 St & Manhattan Ave,7538,8 Ave & W 38 St,6526,40.795,-73.9645,40.75461,-73.99177,member
353639,9BD2F69B44120FEC,docked_bike,2021-04-18 15:52:55,2021-04-18 16:48:31,W 100 St & Manhattan Ave,7538,Central Park W & W 97 St,7538,40.795,-73.9645,40.79249519495111,-73.96417066463071,casual
353640,FC6298922DC8F008,docked_bike,2021-04-21 21:47:01,2021-04-21 21:54:17,W 84 St & Broadway,7409,Central Park W & W 97 St,7538,40.786794,-73.977112,40.79249519495111,-73.96417066463071,casual
353643,081EEBEF8AAED926,docked_bike,2021-04-05 15:34:38,2021-04-05 15:37:03,W 100 St & Manhattan Ave,7538,Central Park W & W 97 St,7538,40.795,-73.9645,40.79249519495111,-73.96417066463071,casual
353644,E39A15B88C13A680,docked_bike,2021-04-16 19:09:26,2021-04-16 19:11:18,W 100 St & Manhattan Ave,7538,Central Park W & W 97 St,7538,40.795,-73.9645,40.79249519495111,-73.96417066463071,member
353654,BC5BF4FBC1C695EB,docked_bike,2021-04-10 02:15:43,2021-04-10 02:52:00,6 Ave & W 34 St,6364,Central Park W & W 97 St,7538,40.74964,-73.98805,40.79249519495111,-73.96417066463071,member
353661,963341943AA8D2A5,docked_bike,2021-04-10 10:55:22,2021-04-10 11:07:22,Lenox Ave & W 115 St,7627,Central Park W & W 97 St,7538,40.801193,-73.950073,40.79249519495111,-73.96417066463071,member
353662,FE62DAA92B167E47,docked_bike,2021-04-18 16:08:22,2021-04-18 16:33:11,W 100 St & Manhattan Ave,7538,Central Park W & W 97 St,7538,40.795,-73.9645,40.79249519495111,-73.96417066463071,member
353663,A8FA064FB003CDB4,docked_bike,2021-04-25 16:53:45,2021-04-25 17:28:30,W 100 St & Manhattan Ave,7538,Central Park W & W 97 St,7538,40.795,-73.9645,40.79249519495111,-73.96417066463071,member
353664,18CC26189B9DD6F4,docked_bike,2021-04-21 14:15:30,2021-04-21 14:17:02,W 100 St & Manhattan Ave,7538,Central Park W & W 97 St,7538,40.795,-73.9645,40.79249519495111,-73.96417066463071,member
353665,4EC880BF8A9B07DC,docked_bike,2021-04-30 16:03:05,2021-04-30 16:09:12,W 100 St & Manhattan Ave,7538,Central Park W & W 97 St,7538,40.795,-73.9645,40.79249519495111,-73.96417066463071,member
353666,C0B9A754762A0DCE,docked_bike,2021-04-26 08:40:50,2021-04-26 08:51:09,W 84 St & Broadway,7409,Central Park W & W 97 St,7538,40.786794,-73.977112,40.79249519495111,-73.96417066463071,member
353668,6F59434861494BC8,docked_bike,2021-04-06 15:30:57,2021-04-06 15:38:27,W 84 St & Broadway,7409,Central Park W & W 97 St,7538,40.786794,-73.977112,40.79249519495111,-73.96417066463071,casual
353670,FE1E27AFD5D701A3,docked_bike,2021-04-04 14:55:18,2021-04-04 14:57:08,W 100 St & Manhattan Ave,7538,Central Park W & W 97 St,7538,40.795,-73.9645,40.79249519495111,-73.96417066463071,member
353678,E3FDE852C240773E,docked_bike,2021-04-18 15:01:31,2021-04-18 15:13:24,Riverside Dr & W 72 St,7288,Central Park W & W 97 St,7538,40.780577,-73.985624,40.79249519495111,-73.96417066463071,casual
353682,573E1F78E40D7762,docked_bike,2021-04-17 16:25:03,2021-04-17 16:53:46,5 Ave & E 78 St,7161,Central Park W & W 97 St,7538,40.776321,-73.964273,40.79249519495111,-73.96417066463071,casual
353695,DE03877DD41B8605,docked_bike,2021-04-05 15:41:39,2021-04-05 16:11:40,5 Ave & E 78 St,7161,Central Park W & W 97 St,7538,40.776321,-73.964273,40.79249519495111,-73.96417066463071,casual
353699,0E730C96DE3AAEF0,docked_bike,2021-04-13 15:05:44,2021-04-13 15:21:25,5 Ave & E 78 St,7161,Central Park W & W 97 St,7538,40.776321,-73.964273,40.79249519495111,-73.96417066463071,member
353714,F61C92DF66E0614F,docked_bike,2021-04-27 09:53:16,2021-04-27 11:21:27,W 100 St & Manhattan Ave,7538,Dyckman St & Staff St,8655,40.795,-73.9645,40.868846,-73.931537,casual
353717,ADFB861E993BFB22,docked_bike,2021-04-27 19:06:38,2021-04-27 19:27:15,W 84 St & Broadway,7409,Central Park W & W 97 St,7538,40.786794,-73.977112,40.79249519495111,-73.96417066463071,member
353720,C45A0EEEDD6A2009,docked_bike,2021-04-30 20:32:21,2021-04-30 20:34:11,W 100 St & Manhattan Ave,7538,Central Park W & W 97 St,7538,40.795,-73.9645,40.79249519495111,-73.96417066463071,casual
353722,87EB0CAF177157EC,docked_bike,2021-04-07 13:14:42,2021-04-07 13:45:15,W 100 St & Manhattan Ave,7538,Central Park W & W 97 St,7538,40.795,-73.9645,40.79249519495111,-73.96417066463071,casual
353723,C4A162FFD9F11424,docked_bike,2021-04-06 10:13:47,2021-04-06 10:15:00,W 100 St & Manhattan Ave,7538,Central Park W & W 97 St,7538,40.795,-73.9645,40.79249519495111,-73.96417066463071,member
353726,4672E0D7FCAE16C5,docked_bike,2021-04-13 15:35:18,2021-04-13 15:49:03,W 100 St & Manhattan Ave,7538,Central Park W & W 97 St,7538,40.795,-73.9645,40.79249519495111,-73.96417066463071,casual
353728,B6D1148B1AF723BA,docked_bike,2021-04-28 14:25:46,2021-04-28 15:01:20,W 100 St & Manhattan Ave,7538,Central Park W & W 97 St,7538,40.795,-73.9645,40.79249519495111,-73.96417066463071,member
353729,DD41FC00B8A1EDEE,docked_bike,2021-04-18 15:53:43,2021-04-18 16:48:36,W 100 St & Manhattan Ave,7538,Central Park W & W 97 St,7538,40.795,-73.9645,40.79249519495111,-73.96417066463071,member
353730,7C4E5EF514D517D3,docked_bike,2021-04-21 12:49:15,2021-04-21 12:50:49,W 100 St & Manhattan Ave,7538,Central Park W & W 97 St,7538,40.795,-73.9645,40.792495,-73.964171,member
353731,C1D157130BD56D59,docked_bike,2021-04-24 12:49:34,2021-04-24 12:55:36,W 84 St & Broadway,7409,Central Park W & W 97 St,7538,40.786794,-73.977112,40.79249519495111,-73.96417066463071,member
353732,E1973AB550802C41,docked_bike,2021-04-18 09:32:19,2021-04-18 09:49:42,W 100 St & Manhattan Ave,7538,2 Ave & E 125 St,7648,40.795,-73.9645,40.802554,-73.933509,casual
353734,1727FAA5739E1BBC,docked_bike,2021-04-22 10:29:19,2021-04-22 10:31:02,W 100 St & Manhattan Ave,7538,Central Park W & W 97 St,7538,40.795,-73.9645,40.79249519495111,-73.96417066463071,member
353738,775B478D983C8486,docked_bike,2021-04-05 10:38:42,2021-04-05 10:41:02,W 100 St & Manhattan Ave,7538,Central Park W & W 97 St,7538,40.795,-73.9645,40.79249519495111,-73.96417066463071,member
353739,10CD5E4F711CEB32,docked_bike,2021-04-10 16:29:44,2021-04-10 16:40:10,Lenox Ave & W 115 St,7627,Central Park W & W 97 St,7538,40.801193,-73.950073,40.79249519495111,-73.96417066463071,member
353740,6AE40F26FC374BFB,docked_bike,2021-04-16 18:10:07,2021-04-16 18:11:41,W 100 St & Manhattan Ave,7538,Central Park W & W 97 St,7538,40.795,-73.9645,40.79249519495111,-73.96417066463071,member
353741,E0E21F6EB4E7031A,docked_bike,2021-04-29 18:56:14,2021-04-29 18:58:35,W 100 St & Manhattan Ave,7538,Central Park W & W 97 St,7538,40.795,-73.9645,40.79249519495111,-73.96417066463071,member
353744,B50B1A035699A879,docked_bike,2021-04-26 09:00:28,2021-04-26 09:02:38,W 100 St & Manhattan Ave,7538,Central Park W & W 97 St,7538,40.795,-73.9645,40.79249519495111,-73.96417066463071,member
353745,025DDA42F0B68DEC,docked_bike,2021-04-28 15:06:35,2021-04-28 15:08:46,W 100 St & Manhattan Ave,7538,Central Park W & W 97 St,7538,40.795,-73.9645,40.79249519495111,-73.96417066463071,member
353746,80652319C842F64E,docked_bike,2021-04-20 15:02:29,2021-04-20 15:09:28,W 84 St & Broadway,7409,Central Park W & W 97 St,7538,40.786794,-73.977112,40.79249519495111,-73.96417066463071,member
353782,98DC207889C724BB,docked_bike,2021-04-26 15:10:33,2021-04-26 15:41:51,W 100 St & Manhattan Ave,7538,3 Ave & E 172 St,8205,40.795,-73.9645,40.839586,-73.900277,member
353783,18CA18DC275E4994,docked_bike,2021-04-12 06:48:36,2021-04-12 06:57:23,W 100 St & Manhattan Ave,7538,E 118 St & 3 Ave,7611,40.795,-73.9645,40.799139,-73.9389152,member
354005,43271EDA142B001E,docked_bike,2021-04-07 21:14:29,2021-04-07 21:32:12,W 40 St & 5 Ave,6474,Central Park W & W 97 St,7538,40.752269,-73.982079,40.79249519495111,-73.96417066463071,member
354008,CB4333C006E12437,docked_bike,2021-04-17 15:02:05,2021-04-17 15:59:16,5 Ave & E 78 St,7161,Central Park W & W 97 St,7538,40.776321,-73.964273,40.79249519495111,-73.96417066463071,casual
354011,FA7607BF332C0C2F,docked_bike,2021-04-17 16:20:27,2021-04-17 16:53:27,5 Ave & E 78 St,7161,Central Park W & W 97 St,7538,40.776321,-73.964273,40.79249519495111,-73.96417066463071,casual
354013,4718B9FFDF556311,docked_bike,2021-04-18 15:39:46,2021-04-18 15:55:53,5 Ave & E 78 St,7161,Central Park W & W 97 St,7538,40.776321,-73.964273,40.79249519495111,-73.96417066463071,casual
354016,8231DD9DDD553304,docked_bike,2021-04-27 09:24:22,2021-04-27 09:41:24,Riverside Dr & W 72 St,7288,Central Park W & W 97 St,7538,40.780577,-73.985624,40.79249519495111,-73.96417066463071,member
354424,F4FFACD7CD629BA1,docked_bike,2021-04-23 12:35:42,2021-04-23 13:23:13,6 Ave & W 34 St,6364,Central Park W & W 97 St,7538,40.74964,-73.98805,40.79249519495111,-73.96417066463071,casual
354598,757328C24487E8B7,docked_bike,2021-04-19 15:41:01,2021-04-19 15:50:18,E 118 St & Park Ave,7625,Central Park W & W 97 St,7538,40.800538,-73.941994,40.79249519495111,-73.96417066463071,member
354607,366F972024A3A83E,docked_bike,2021-04-30 16:08:53,2021-04-30 17:01:23,W 26 St & 10 Ave,6382,Central Park W & W 97 St,7538,40.749717,-74.00295,40.79249519495111,-73.96417066463071,casual
359220,3F60365700BF0DAA,docked_bike,2021-04-01 20:03:46,2021-04-01 20:08:53,Central Park W & W 97 St,7538,West End Ave & W 94 St,7524,40.792495,-73.96417,40.7941654,-73.974124,member
359223,11DEC097433A11B9,docked_bike,2021-04-20 19:22:09,2021-04-20 19:29:40,Central Park W & W 97 St,7538,St Nicholas Ave & Manhattan Ave,7723,40.792495,-73.96417,40.809725,-73.953149,member
359224,B7A6DEDC16DFEA80,docked_bike,2021-04-03 07:35:15,2021-04-03 07:43:59,Central Park W & W 97 St,7538,St Nicholas Ave & Manhattan Ave,7723,40.792495,-73.96417,40.809725,-73.953149,member
359282,C33209D2717F7269,docked_bike,2021-04-10 09:58:57,2021-04-10 10:03:40,W 100 St & Manhattan Ave,7538,West End Ave & W 94 St,7524,40.795,-73.9645,40.794165,-73.974124,member
363509,A1FA931A51147DBA,docked_bike,2021-04-15 08:52:08,2021-04-15 09:06:51,W 100 St & Manhattan Ave,7538,W 55 St & 6 Ave,6809,40.795,-73.9645,40.763189,-73.978434,member
363529,B9573ECB3317C8BF,docked_bike,2021-04-26 15:18:27,2021-04-26 15:40:11,W 100 St & Manhattan Ave,7538,W 55 St & 6 Ave,6809,40.795,-73.9645,40.763189,-73.978434,casual
363561,F01A99689D937EF2,docked_bike,2021-04-22 08:00:41,2021-04-22 08:15:46,W 100 St & Manhattan Ave,7538,W 55 St & 6 Ave,6809,40.795,-73.9645,40.763189,-73.978434,member
363566,1F017AB789D260A2,docked_bike,2021-04-30 11:39:54,2021-04-30 12:03:27,W 100 St & Manhattan Ave,7538,W 55 St & 6 Ave,6809,40.795,-73.9645,40.763189,-73.978434,member
363581,A44AC709955A5899,docked_bike,2021-04-03 14:57:17,2021-04-03 15:15:55,W 100 St & Manhattan Ave,7538,W 55 St & 6 Ave,6809,40.795,-73.9645,40.763189,-73.978434,member
366916,D7FE288B768942E3,docked_bike,2021-04-07 19:18:57,2021-04-07 19:35:54,W 100 St & Manhattan Ave,7538,Pleasant Ave & E 116 St,7450,40.795,-73.9645,40.7949879,-73.9333349,member
368882,92824D3EF3BCDDAB,docked_bike,2021-04-24 20:00:30,2021-04-24 20:13:37,W 100 St & Manhattan Ave,7538,W 74 St & Columbus Ave,7230,40.795,-73.9645,40.7785669,-73.97754961,member
368885,95CE1D0EDE2F2B69,docked_bike,2021-04-09 15:20:08,2021-04-09 15:30:51,W 100 St & Manhattan Ave,7538,W 74 St & Columbus Ave,7230,40.795,-73.9645,40.7785669,-73.97754961,member
368887,91EC854372EE388C,docked_bike,2021-04-27 16:46:12,2021-04-27 16:59:13,W 100 St & Manhattan Ave,7538,Pleasant Ave & E 116 St,7450,40.795,-73.9645,40.7949879,-73.9333349,member
368892,8C205D30BF049DDB,docked_bike,2021-04-18 15:25:53,2021-04-18 15:47:14,W 100 St & Manhattan Ave,7538,Pleasant Ave & E 116 St,7450,40.795,-73.9645,40.7949879,-73.9333349,member
368913,0F6554C3F35BE005,docked_bike,2021-04-10 18:43:33,2021-04-10 18:50:03,W 100 St & Manhattan Ave,7538,W 74 St & Columbus Ave,7230,40.795,-73.9645,40.7785669,-73.97754961,member
369785,D941AA19A6E47CED,docked_bike,2021-04-10 13:55:45,2021-04-10 14:49:13,Central Park W & W 97 St,7538,Cadman Plaza E & Tillary St,4677,40.792495,-73.96417,40.69597683,-73.99014892,casual
369797,62F1FF2AAD972C1D,docked_bike,2021-04-28 18:30:18,2021-04-28 18:41:18,Central Park W & W 97 St,7538,W 145 St & Amsterdam Ave,7997,40.792495,-73.96417,40.825244,-73.947257,member
370296,3AC86B1873D3ABE8,docked_bike,2021-04-02 16:10:53,2021-04-02 16:28:56,W 100 St & Manhattan Ave,7538,W 145 St & Amsterdam Ave,7997,40.795,-73.9645,40.825244,-73.947257,member
373738,397BA3C58178504A,docked_bike,2021-04-18 15:57:10,2021-04-18 16:34:47,Central Park W & W 97 St,7538,8 Ave & W 52 St,6816,40.792495,-73.964171,40.763707,-73.985162,casual
375378,97129D68FBA80609,docked_bike,2021-04-10 16:20:57,2021-04-10 16:35:08,W 100 St & Manhattan Ave,7538,W 113 St & Broadway,7713,40.795,-73.9645,40.805973,-73.964928,casual
375398,6B0242E3E5768F3C,docked_bike,2021-04-25 15:14:11,2021-04-25 15:21:07,W 100 St & Manhattan Ave,7538,W 113 St & Broadway,7713,40.795,-73.9645,40.805973,-73.964928,member
375407,7035A34CF04EF57A,docked_bike,2021-04-28 16:39:56,2021-04-28 16:48:37,W 100 St & Manhattan Ave,7538,W 113 St & Broadway,7713,40.795,-73.9645,40.805973,-73.964928,member
375419,7DB0858E2145F6FD,docked_bike,2021-04-02 19:32:51,2021-04-02 19:40:15,W 100 St & Manhattan Ave,7538,Morningside Ave & W 123 St,7741,40.795,-73.9645,40.81,-73.9551508,member
375425,8A4F1E3B15635DEF,docked_bike,2021-04-17 16:17:50,2021-04-17 16:26:12,W 100 St & Manhattan Ave,7538,W 113 St & Broadway,7713,40.795,-73.9645,40.805973,-73.964928,member
375429,A514D22325821A7C,docked_bike,2021-04-20 12:45:06,2021-04-20 12:53:25,W 100 St & Manhattan Ave,7538,W 113 St & Broadway,7713,40.795,-73.9645,40.805973,-73.964928,member
375435,FC9CA6F6741B7F66,docked_bike,2021-04-10 13:14:13,2021-04-10 13:26:15,W 100 St & Manhattan Ave,7538,W 113 St & Broadway,7713,40.795,-73.9645,40.805973,-73.964928,member
375436,9BD911DB8305BE6C,docked_bike,2021-04-18 18:34:39,2021-04-18 18:56:21,W 100 St & Manhattan Ave,7538,W 113 St & Broadway,7713,40.795,-73.9645,40.805973,-73.964928,member
375443,16BA52EB58BDAC7A,docked_bike,2021-04-28 09:47:53,2021-04-28 09:56:48,W 100 St & Manhattan Ave,7538,W 113 St & Broadway,7713,40.795,-73.9645,40.805973,-73.964928,member
375445,E00308D1BEB74487,docked_bike,2021-04-10 13:25:23,2021-04-10 13:34:31,W 100 St & Manhattan Ave,7538,W 113 St & Broadway,7713,40.795,-73.9645,40.805973,-73.964928,member
375462,4C341C3F88C9EFA3,docked_bike,2021-04-15 11:29:11,2021-04-15 11:36:29,W 100 St & Manhattan Ave,7538,W 113 St & Broadway,7713,40.795,-73.9645,40.805973,-73.964928,member
375467,9AD4A69F0E5DCDDD,docked_bike,2021-04-27 17:22:09,2021-04-27 17:27:57,W 100 St & Manhattan Ave,7538,W 113 St & Broadway,7713,40.795,-73.9645,40.805973,-73.964928,member
375468,CA53303DAEF72579,docked_bike,2021-04-25 15:14:16,2021-04-25 15:21:10,W 100 St & Manhattan Ave,7538,W 113 St & Broadway,7713,40.795,-73.9645,40.805973,-73.964928,member
375469,1C802A2A694FCAA9,docked_bike,2021-04-06 12:45:29,2021-04-06 12:52:48,W 100 St & Manhattan Ave,7538,W 113 St & Broadway,7713,40.795,-73.9645,40.805973,-73.964928,member
375470,1CB0F2EB8340ECF2,docked_bike,2021-04-10 08:41:47,2021-04-10 08:49:05,W 100 St & Manhattan Ave,7538,W 113 St & Broadway,7713,40.795,-73.9645,40.805973,-73.964928,member
375494,EC507123BF121B8D,docked_bike,2021-04-30 15:26:38,2021-04-30 15:37:09,W 100 St & Manhattan Ave,7538,Morningside Ave & W 123 St,7741,40.795,-73.9645,40.81,-73.9551508,member
375495,0DC077375AD5AC24,docked_bike,2021-04-13 16:20:38,2021-04-13 16:31:11,W 100 St & Manhattan Ave,7538,W 113 St & Broadway,7713,40.795,-73.9645,40.805973,-73.964928,casual
375496,DCD25C01253244AA,docked_bike,2021-04-16 17:13:42,2021-04-16 17:30:33,W 100 St & Manhattan Ave,7538,Bradhurst Ave & W 148 St,7992,40.795,-73.9645,40.825125,-73.941616,member
375727,3E806FA9B5BA3B30,docked_bike,2021-04-25 14:18:21,2021-04-25 14:26:56,W 100 St & Manhattan Ave,7538,W 113 St & Broadway,7713,40.795,-73.9645,40.805973,-73.964928,member
375728,EFEC6A5F6EF01A2F,docked_bike,2021-04-02 13:05:20,2021-04-02 13:12:35,W 100 St & Manhattan Ave,7538,W 113 St & Broadway,7713,40.795,-73.9645,40.805973,-73.964928,member
377369,4D3AF4DE3012D228,docked_bike,2021-04-10 16:18:49,2021-04-10 16:34:59,W 100 St & Manhattan Ave,7538,W 113 St & Broadway,7713,40.795,-73.9645,40.805973,-73.964928,member
382031,B27852E191ADD26B,docked_bike,2021-04-25 15:43:13,2021-04-25 16:27:32,W 100 St & Manhattan Ave,7538,Thompson St & Bleecker St,5721,40.795,-73.9645,40.72840059450829,-73.99968780577183,casual
382566,F22E20671D805B15,docked_bike,2021-04-17 10:54:38,2021-04-17 11:33:44,Central Park W & W 97 St,7538,E 17 St & Broadway,5980,40.792495,-73.96417,40.73704984,-73.99009296,member
384885,E343F7E502E026DA,docked_bike,2021-04-06 11:00:26,2021-04-06 11:32:17,Central Park W & W 97 St,7538,E 17 St & Broadway,5980,40.792495,-73.96417,40.73704984,-73.99009296,member
384896,C5E9F9B88604DCBA,docked_bike,2021-04-01 17:15:36,2021-04-01 17:44:26,Central Park W & W 97 St,7538,Amsterdam Ave & W 167 St,8206,40.792495,-73.96417,40.839443,-73.937044,casual
385026,7AF628840D648925,docked_bike,2021-04-18 09:33:59,2021-04-18 10:13:44,Central Park W & W 97 St,7538,Thompson St & Bleecker St,5721,40.792495,-73.96417,40.72840059450829,-73.99968780577183,member
385027,88EC09F8E92772F5,docked_bike,2021-04-03 17:02:43,2021-04-03 17:54:14,Central Park W & W 97 St,7538,E 17 St & Broadway,5980,40.792495,-73.96417,40.73704984,-73.99009296,casual
385056,56047807170153E6,docked_bike,2021-04-19 15:15:43,2021-04-19 15:49:20,Central Park W & W 97 St,7538,E 17 St & Broadway,5980,40.792495,-73.96417,40.73704984,-73.99009296,member
385099,78C0CE07D75BBAA4,docked_bike,2021-04-09 08:53:13,2021-04-09 09:31:03,Central Park W & W 97 St,7538,E 17 St & Broadway,5980,40.792495,-73.96417,40.73704984,-73.99009296,member
385102,B9B7031C558A0998,docked_bike,2021-04-13 10:16:57,2021-04-13 10:58:06,Central Park W & W 97 St,7538,Greenwich St & W Houston St,5730,40.792495,-73.96417,40.728846,-74.008591,member
385103,F19DBAA3EBA37754,docked_bike,2021-04-12 09:09:42,2021-04-12 09:55:56,Central Park W & W 97 St,7538,Greenwich St & W Houston St,5730,40.792495,-73.96417,40.728846,-74.008591,member
385122,81ED4FFDF777E46A,docked_bike,2021-04-20 18:19:25,2021-04-20 18:48:09,Central Park W & W 97 St,7538,E 17 St & Broadway,5980,40.792495,-73.96417,40.73704984,-73.99009296,member
385125,7C6BC70386D2F063,docked_bike,2021-04-29 12:09:30,2021-04-29 12:56:35,Central Park W & W 97 St,7538,Greenwich St & W Houston St,5730,40.792495,-73.96417,40.728846,-74.008591,member
385222,56DD4DEE37F5EB1E,docked_bike,2021-04-23 15:40:00,2021-04-23 16:11:09,Central Park W & W 97 St,7538,E 15 St & 3 Ave,5863,40.792495,-73.96417,40.734232,-73.986923,member
385356,6E06EF735C4CE892,docked_bike,2021-04-28 18:05:39,2021-04-28 18:39:22,Central Park W & W 97 St,7538,Greenwich St & W Houston St,5730,40.792495,-73.96417,40.728846,-74.008591,casual
385371,3AFE94E4761DD7C3,docked_bike,2021-04-04 09:35:50,2021-04-04 10:13:15,Central Park W & W 97 St,7538,Thompson St & Bleecker St,5721,40.792495,-73.96417,40.72840059450829,-73.99968780577183,member
385602,960A81FDFAC22220,docked_bike,2021-04-25 20:05:43,2021-04-25 23:13:51,Central Park W & W 97 St,7538,Amsterdam Ave & W 167 St,8206,40.792495,-73.96417,40.839443,-73.937044,casual
385604,6A71E08279617AB5,docked_bike,2021-04-08 09:15:41,2021-04-08 10:02:44,Central Park W & W 97 St,7538,Greenwich St & W Houston St,5730,40.792495,-73.96417,40.728846,-74.008591,member
386398,1C9C4B771A14B5C9,docked_bike,2021-04-14 11:51:02,2021-04-14 12:32:03,Central Park W & W 97 St,7538,E 15 St & 3 Ave,5863,40.792495,-73.96417,40.734232,-73.986923,member
386407,2BA627E131EA14D3,docked_bike,2021-04-10 12:59:16,2021-04-10 13:31:57,Central Park W & W 97 St,7538,Greenwich St & W Houston St,5730,40.792495,-73.96417,40.728846,-74.008591,member
389200,2265F62A71929746,docked_bike,2021-04-14 08:32:54,2021-04-14 08:48:16,W 100 St & Manhattan Ave,7538,E 72 St & York Ave,6889,40.795,-73.9645,40.76663814,-73.95348296,member
389245,E471022E5C5CA5B8,docked_bike,2021-04-07 14:57:57,2021-04-07 15:21:56,W 100 St & Manhattan Ave,7538,E 72 St & York Ave,6889,40.795,-73.9645,40.766638,-73.953483,casual
390174,5D4512876028B4C5,docked_bike,2021-04-05 08:07:18,2021-04-05 08:26:03,Central Park W & W 97 St,7538,E 72 St & York Ave,6889,40.792495,-73.96417,40.76663814,-73.95348296,casual
390186,F11929AC3BEB1870,docked_bike,2021-04-21 13:32:37,2021-04-21 13:48:08,Central Park W & W 97 St,7538,E 72 St & York Ave,6889,40.792495,-73.96417,40.76663814,-73.95348296,casual
390194,8C29CA50368246C5,docked_bike,2021-04-30 06:47:54,2021-04-30 07:10:23,Central Park W & W 97 St,7538,E 72 St & York Ave,6889,40.792495,-73.96417,40.76663814,-73.95348296,member
390202,482051359940BD60,docked_bike,2021-04-08 06:54:09,2021-04-08 07:08:20,Central Park W & W 97 St,7538,E 72 St & York Ave,6889,40.792495,-73.96417,40.76663814,-73.95348296,casual
390203,FAE3D23B23C520B8,docked_bike,2021-04-27 18:01:33,2021-04-27 18:20:30,Central Park W & W 97 St,7538,E 72 St & York Ave,6889,40.792495,-73.96417,40.76663814,-73.95348296,member
390215,C7440838180C45DD,docked_bike,2021-04-28 06:33:14,2021-04-28 06:54:40,Central Park W & W 97 St,7538,E 72 St & York Ave,6889,40.792495,-73.96417,40.76663814,-73.95348296,member
390216,837F6E9C8E5AE27D,docked_bike,2021-04-09 07:01:57,2021-04-09 07:21:12,Central Park W & W 97 St,7538,E 72 St & York Ave,6889,40.792495,-73.96417,40.76663814,-73.95348296,member
390217,7D2462C266112105,docked_bike,2021-04-19 06:07:26,2021-04-19 06:28:32,Central Park W & W 97 St,7538,E 72 St & York Ave,6889,40.792495,-73.96417,40.76663814,-73.95348296,member
390232,52C5927AE880A9A4,docked_bike,2021-04-24 16:15:46,2021-04-24 16:37:42,Central Park W & W 97 St,7538,E 72 St & York Ave,6889,40.792495,-73.964171,40.766638,-73.953483,member
391175,430A1435BF2D0A02,docked_bike,2021-04-02 18:59:52,2021-04-02 19:16:18,W 100 St & Manhattan Ave,7538,E 72 St & York Ave,6889,40.795,-73.9645,40.76663814,-73.95348296,member
391184,6A44AD81B7F0727A,docked_bike,2021-04-20 07:10:58,2021-04-20 07:26:40,W 100 St & Manhattan Ave,7538,E 65 St & 2 Ave,6860,40.795,-73.9645,40.76471851944339,-73.96222069859505,member
391251,D9C09950EA39BAEB,docked_bike,2021-04-30 15:53:18,2021-04-30 16:14:21,W 100 St & Manhattan Ave,7538,E 72 St & York Ave,6889,40.795,-73.9645,40.76663814,-73.95348296,member
392670,F0DB22A622541E06,docked_bike,2021-04-30 11:54:09,2021-04-30 12:19:06,Central Park W & W 97 St,7538,E 65 St & 2 Ave,6860,40.792495,-73.96417,40.76471851944339,-73.96222069859505,casual
392681,6FFC00408D781389,docked_bike,2021-04-16 06:49:57,2021-04-16 07:03:03,Central Park W & W 97 St,7538,E 72 St & York Ave,6889,40.792495,-73.96417,40.76663814,-73.95348296,casual
392750,36A0F3A29CB16C1A,docked_bike,2021-04-18 14:52:42,2021-04-18 15:25:00,Central Park W & W 97 St,7538,E 13 St & Avenue A,5779,40.792495,-73.96417,40.72966729392978,-73.98067966103554,member
392753,2047E1ED960C5AD8,docked_bike,2021-04-02 06:55:11,2021-04-02 07:17:01,Central Park W & W 97 St,7538,E 72 St & York Ave,6889,40.792495,-73.96417,40.76663814,-73.95348296,member
392754,38BFC76F1CBBC98B,docked_bike,2021-04-12 06:02:05,2021-04-12 06:26:21,Central Park W & W 97 St,7538,E 72 St & York Ave,6889,40.792495,-73.96417,40.76663814,-73.95348296,member
392759,240761719D16276D,docked_bike,2021-04-30 07:39:17,2021-04-30 07:54:35,Central Park W & W 97 St,7538,E 72 St & York Ave,6889,40.792495,-73.96417,40.76663814,-73.95348296,member
394251,FFED0A92C8F6C6EF,docked_bike,2021-04-06 14:13:27,2021-04-06 14:33:26,Central Park W & W 97 St,7538,E 72 St & York Ave,6889,40.792495,-73.96417,40.76663814,-73.95348296,member
394261,710AC4122C5C2A45,docked_bike,2021-04-05 05:59:20,2021-04-05 06:22:19,Central Park W & W 97 St,7538,E 72 St & York Ave,6889,40.792495,-73.96417,40.76663814,-73.95348296,member
394265,62176467B0991D2D,docked_bike,2021-04-22 10:36:22,2021-04-22 10:51:34,Central Park W & W 97 St,7538,E 72 St & York Ave,6889,40.792495,-73.96417,40.76663814,-73.95348296,member
394276,514443FF98CA52CC,docked_bike,2021-04-06 07:18:01,2021-04-06 07:34:44,Central Park W & W 97 St,7538,E 72 St & York Ave,6889,40.792495,-73.96417,40.76663814,-73.95348296,casual
394885,6C2A41A5B3FAA1C5,docked_bike,2021-04-17 13:26:56,2021-04-17 13:39:54,Central Park W & W 97 St,7538,W 76 St & Columbus Ave,7281,40.792495,-73.96417,40.7801839724239,-73.97728532552719,member
394888,22B07001C67E1AD6,docked_bike,2021-04-24 12:49:23,2021-04-24 13:13:18,Central Park W & W 97 St,7538,W 76 St & Columbus Ave,7281,40.792495,-73.96417,40.7801839724239,-73.97728532552719,member
398885,6D00A07BCEA83498,docked_bike,2021-04-13 19:25:57,2021-04-13 19:57:46,W 100 St & Manhattan Ave,7538,Queens Plaza North & Crescent St,6429,40.795,-73.9645,40.75110165,-73.94073717,casual
398966,32F5250222902EF4,docked_bike,2021-04-27 07:10:13,2021-04-27 07:55:16,W 100 St & Manhattan Ave,7538,Washington St & Barrow St,5847,40.795,-73.9645,40.73191132323174,-74.008769094944,member
400621,57F0D341DC208008,docked_bike,2021-04-20 13:32:39,2021-04-20 13:47:05,W 100 St & Manhattan Ave,7538,Broadway & W 133 St,7903,40.795,-73.9645,40.8190344,-73.956156,member
401355,57892B2EA61CEB0D,docked_bike,2021-04-21 10:35:13,2021-04-21 11:06:50,W 100 St & Manhattan Ave,7538,8 Ave & W 16 St,6072,40.795,-73.9645,40.740983,-74.001702,member
403613,771FC1F305A86ACB,docked_bike,2021-04-24 12:21:29,2021-04-24 12:29:34,W 100 St & Manhattan Ave,7538,St. Nicholas Ave & W 126 St,7756,40.795,-73.9645,40.8114323,-73.9518776,member
403615,5DE6C6E629239842,docked_bike,2021-04-19 10:32:14,2021-04-19 10:40:02,W 100 St & Manhattan Ave,7538,St. Nicholas Ave & W 126 St,7756,40.795,-73.9645,40.8114323,-73.9518776,member
403623,1898CEDC9266DD6B,docked_bike,2021-04-13 08:35:41,2021-04-13 09:08:38,W 100 St & Manhattan Ave,7538,E 63 St & 3 Ave,6830,40.795,-73.9645,40.763954,-73.9646,member
403626,A8D49F37190D99DF,docked_bike,2021-04-07 08:17:01,2021-04-07 08:28:15,W 100 St & Manhattan Ave,7538,St. Nicholas Ave & W 126 St,7756,40.795,-73.9645,40.8114323,-73.9518776,member
403628,B7FFD8DB0028CAD0,docked_bike,2021-04-03 18:49:02,2021-04-03 19:00:02,W 100 St & Manhattan Ave,7538,St. Nicholas Ave & W 126 St,7756,40.795,-73.9645,40.8114323,-73.9518776,member
403654,BE566838961FA8CB,docked_bike,2021-04-13 16:58:38,2021-04-13 17:16:27,W 100 St & Manhattan Ave,7538,E 63 St & 3 Ave,6830,40.795,-73.9645,40.763954,-73.9646,member
403917,69E8EC35AB3E8435,docked_bike,2021-04-29 20:47:46,2021-04-29 21:33:26,W 100 St & Manhattan Ave,7538,W 20 St & 8 Ave,6224,40.795,-73.9645,40.74345335,-74.00004031,casual
403920,4047ED37CEE0F1EC,docked_bike,2021-04-23 18:21:03,2021-04-23 19:03:30,W 100 St & Manhattan Ave,7538,8 Ave & W 33 St,6450,40.795,-73.9645,40.751551,-73.993934,member
403944,A9BE5D7F4B6D7DCE,docked_bike,2021-04-06 13:56:57,2021-04-06 14:33:48,Central Park W & W 97 St,7538,St. Nicholas Ave & W 126 St,7756,40.792495,-73.96417,40.8114323,-73.9518776,member
403947,05C28E883153BC5D,docked_bike,2021-04-18 16:23:09,2021-04-18 16:35:43,Central Park W & W 97 St,7538,St. Nicholas Ave & W 126 St,7756,40.792495,-73.96417,40.8114323,-73.9518776,member
405775,F48FF4F99E7291A6,docked_bike,2021-04-28 18:04:04,2021-04-28 18:18:07,Central Park W & W 97 St,7538,West End Ave & W 78 St,7340,40.792495,-73.96417,40.783786,-73.981687,member
405776,15FCE3FBE509D5BF,docked_bike,2021-04-20 16:42:17,2021-04-20 16:49:11,Central Park W & W 97 St,7538,Central Park West & W 85 St,7354,40.792495,-73.96417,40.78476,-73.969862,casual
405777,6C144986898F4E6C,docked_bike,2021-04-14 17:13:48,2021-04-14 17:28:33,Central Park W & W 97 St,7538,Central Park West & W 85 St,7354,40.792495,-73.96417,40.78476,-73.969862,casual
405778,26EBCE2B37DFEA56,docked_bike,2021-04-13 16:15:43,2021-04-13 16:22:27,Central Park W & W 97 St,7538,Central Park West & W 85 St,7354,40.792495,-73.96417,40.78476,-73.969862,casual
406759,D5830BAF8204B9D3,docked_bike,2021-04-24 11:17:27,2021-04-24 11:36:11,W 100 St & Manhattan Ave,7538,W 63 St & Broadway,7052,40.795,-73.9645,40.77163851,-73.98261428,member
407156,99AD14B2E0EE7BC3,docked_bike,2021-04-24 11:16:34,2021-04-24 11:36:15,W 100 St & Manhattan Ave,7538,W 63 St & Broadway,7052,40.795,-73.9645,40.771639,-73.982614,casual
407166,BA88BF7FD04BFA63,docked_bike,2021-04-28 18:03:57,2021-04-28 18:12:35,W 100 St & Manhattan Ave,7538,W 129 St & Convent Ave,7818,40.795,-73.9645,40.814394437915816,-73.95324736833572,member
407523,F549B865294EB8BA,docked_bike,2021-04-24 14:43:23,2021-04-24 15:32:56,Central Park W & W 97 St,7538,2 Ave & E 72 St,6925,40.792495,-73.96417,40.7687620293096,-73.95840793848038,casual
407526,682F62EF4F1DBFF8,docked_bike,2021-04-17 09:11:36,2021-04-17 09:25:31,Central Park W & W 97 St,7538,W 63 St & Broadway,7052,40.792495,-73.96417,40.77163851,-73.98261428,member
407529,3909C738F2EFBB96,docked_bike,2021-04-21 12:09:03,2021-04-21 12:20:15,Central Park W & W 97 St,7538,W 63 St & Broadway,7052,40.792495,-73.96417,40.77163851,-73.98261428,casual
407880,17B623BA4266B971,docked_bike,2021-04-18 12:07:56,2021-04-18 12:29:24,W 100 St & Manhattan Ave,7538,W 63 St & Broadway,7052,40.795,-73.9645,40.77163851,-73.98261428,casual
407900,227C747F05402314,docked_bike,2021-04-15 14:25:19,2021-04-15 14:40:42,W 100 St & Manhattan Ave,7538,W 63 St & Broadway,7052,40.795,-73.9645,40.771639,-73.982614,member
407902,DDD3D759340C9C17,docked_bike,2021-04-10 14:31:50,2021-04-10 14:46:53,W 100 St & Manhattan Ave,7538,W 63 St & Broadway,7052,40.795,-73.9645,40.77163851,-73.98261428,casual
407903,8E7A859440E829E7,docked_bike,2021-04-05 17:09:39,2021-04-05 17:23:53,W 100 St & Manhattan Ave,7538,2 Ave & E 72 St,6925,40.795,-73.9645,40.7687620293096,-73.95840793848038,member
407907,889D0AFE0AC93CC8,docked_bike,2021-04-02 04:56:30,2021-04-02 05:09:15,W 100 St & Manhattan Ave,7538,W 63 St & Broadway,7052,40.795,-73.9645,40.77163851,-73.98261428,member
408596,FE7B85706A5DB555,docked_bike,2021-04-28 17:04:50,2021-04-28 17:16:56,Central Park W & W 97 St,7538,W 63 St & Broadway,7052,40.792495,-73.96417,40.77163851,-73.98261428,member
408600,4D96CCD3D433DAEB,docked_bike,2021-04-06 11:13:03,2021-04-06 11:31:24,Central Park W & W 97 St,7538,2 Ave & E 72 St,6925,40.792495,-73.96417,40.7687620293096,-73.95840793848038,member
408602,6F05E9BE264B0469,docked_bike,2021-04-17 16:14:58,2021-04-17 16:41:17,Central Park W & W 97 St,7538,2 Ave & E 72 St,6925,40.792495,-73.964171,40.768762,-73.958408,member
408604,E5470DB8EF0FE24C,docked_bike,2021-04-10 13:36:29,2021-04-10 13:46:24,Central Park W & W 97 St,7538,W 63 St & Broadway,7052,40.792495,-73.96417,40.77163851,-73.98261428,member
408605,C568D06EABE964E5,docked_bike,2021-04-24 14:37:53,2021-04-24 15:32:53,Central Park W & W 97 St,7538,2 Ave & E 72 St,6925,40.792495,-73.96417,40.7687620293096,-73.95840793848038,casual
408606,D025ACBEE9E441E3,docked_bike,2021-04-05 17:12:07,2021-04-05 17:23:36,Central Park W & W 97 St,7538,W 63 St & Broadway,7052,40.792495,-73.96417,40.77163851,-73.98261428,member
408607,1B464C2695A64BC3,docked_bike,2021-04-07 15:47:38,2021-04-07 16:10:51,Central Park W & W 97 St,7538,W 63 St & Broadway,7052,40.792495,-73.96417,40.77163851,-73.98261428,member
408608,DBFD95AFBFA0837D,docked_bike,2021-04-08 16:08:58,2021-04-08 16:34:42,Central Park W & W 97 St,7538,W 63 St & Broadway,7052,40.792495,-73.96417,40.77163851,-73.98261428,member
408614,DC50DB9B83C2C19F,docked_bike,2021-04-08 07:35:59,2021-04-08 07:48:02,Central Park W & W 97 St,7538,2 Ave & E 72 St,6925,40.792495,-73.96417,40.7687620293096,-73.95840793848038,member
408619,E7239B5FA1E16F6C,docked_bike,2021-04-18 15:19:55,2021-04-18 15:56:10,Central Park W & W 97 St,7538,W 63 St & Broadway,7052,40.792495,-73.96417,40.77163851,-73.98261428,member
408621,638E660352FC7745,docked_bike,2021-04-15 09:54:27,2021-04-15 09:54:20,Central Park W & W 97 St,7538,W 63 St & Broadway,7052,40.792495,-73.96417,40.77163851,-73.98261428,member
408622,089B4AE3FE6384C4,docked_bike,2021-04-19 11:45:46,2021-04-19 12:02:57,Central Park W & W 97 St,7538,2 Ave & E 72 St,6925,40.792495,-73.964171,40.768762,-73.958408,member
408623,6A8C86605B64116C,docked_bike,2021-04-16 11:41:06,2021-04-16 12:01:35,Central Park W & W 97 St,7538,2 Ave & E 72 St,6925,40.792495,-73.964171,40.768762,-73.958408,member
408624,18613342680B65BE,docked_bike,2021-04-17 09:13:44,2021-04-17 09:13:41,Central Park W & W 97 St,7538,W 63 St & Broadway,7052,40.792495,-73.96417,40.77163851,-73.98261428,member
410176,C572392342496001,docked_bike,2021-04-14 15:26:35,2021-04-14 16:02:41,W 100 St & Manhattan Ave,7538,E 30 St & Park Ave S,6206,40.795,-73.9645,40.74444921,-73.98303529,member
410184,3C5A7C2AE482B236,docked_bike,2021-04-04 12:41:50,2021-04-04 14:09:10,W 100 St & Manhattan Ave,7538,Perry St & Bleecker St,5922,40.795,-73.9645,40.73535398,-74.00483091,member
410191,E68791C3E84BB198,docked_bike,2021-04-06 18:17:01,2021-04-06 18:25:52,W 100 St & Manhattan Ave,7538,W 90 St & Amsterdam Ave,7432,40.795,-73.9645,40.79017948095081,-73.97288918495178,member
410194,569A32245FEDA010,docked_bike,2021-04-20 12:39:48,2021-04-20 12:47:02,W 100 St & Manhattan Ave,7538,W 90 St & Amsterdam Ave,7432,40.795,-73.9645,40.79017948095081,-73.97288918495178,member
410196,BEEE01DD01B8EA0A,docked_bike,2021-04-09 12:51:46,2021-04-09 12:57:09,W 100 St & Manhattan Ave,7538,W 90 St & Amsterdam Ave,7432,40.795,-73.9645,40.79017948095081,-73.97288918495178,member
410200,911E6221A1305FE4,docked_bike,2021-04-08 07:54:59,2021-04-08 08:03:27,W 100 St & Manhattan Ave,7538,W 90 St & Amsterdam Ave,7432,40.795,-73.9645,40.79017948095081,-73.97288918495178,member
411599,B2277F5F98ECE906,docked_bike,2021-04-25 13:45:30,2021-04-25 15:04:10,Central Park W & W 97 St,7538,E 106 St & Madison Ave,7528,40.792495,-73.96417,40.7934337,-73.94945003,casual
411607,86AF47F852D350F9,docked_bike,2021-04-20 12:14:59,2021-04-20 12:28:47,Central Park W & W 97 St,7538,W 64 St & Thelonious Monk Circle,7123,40.792495,-73.96417,40.77515953434235,-73.98918695747852,casual
414565,3F00E036D8392EF9,docked_bike,2021-04-22 12:00:35,2021-04-22 12:16:46,W 100 St & Manhattan Ave,7538,E 106 St & Madison Ave,7528,40.795,-73.9645,40.7934337,-73.94945003,casual
414566,7A70861B649CAEEA,docked_bike,2021-04-14 15:09:53,2021-04-14 15:19:02,W 100 St & Manhattan Ave,7538,E 106 St & Lexington Ave,7504,40.795,-73.9645,40.791976,-73.945993,casual
414577,5A30E4CB8B9F630C,docked_bike,2021-04-10 13:01:17,2021-04-10 13:32:00,W 100 St & Manhattan Ave,7538,W 64 St & Thelonious Monk Circle,7123,40.795,-73.9645,40.77515953434235,-73.98918695747852,member
414586,598F8D65FABE4A76,docked_bike,2021-04-08 07:51:49,2021-04-08 07:59:20,W 100 St & Manhattan Ave,7538,E 106 St & Madison Ave,7528,40.795,-73.9645,40.7934337,-73.94945003,member
414596,E217198730CD9E83,docked_bike,2021-04-07 09:34:05,2021-04-07 09:45:50,W 100 St & Manhattan Ave,7538,W 64 St & Thelonious Monk Circle,7123,40.795,-73.9645,40.77515953434235,-73.98918695747852,member
414624,1AFDC8632968941E,docked_bike,2021-04-25 16:38:25,2021-04-25 17:19:08,W 100 St & Manhattan Ave,7538,W 64 St & Thelonious Monk Circle,7123,40.795,-73.9645,40.77515953434235,-73.98918695747852,member
414630,297288CBDA1F0810,docked_bike,2021-04-17 08:01:06,2021-04-17 08:23:18,W 100 St & Manhattan Ave,7538,W 36 St & 7 Ave,6483,40.795,-73.9645,40.752149,-73.989539,casual
414644,9B1D253CE952BA8C,docked_bike,2021-04-23 12:05:09,2021-04-23 12:22:34,W 100 St & Manhattan Ave,7538,E 106 St & Madison Ave,7528,40.795,-73.9645,40.7934337,-73.94945003,casual
414646,F64A6EDA29E45991,docked_bike,2021-04-12 12:32:33,2021-04-12 12:45:31,W 100 St & Manhattan Ave,7538,W 64 St & Thelonious Monk Circle,7123,40.795,-73.9645,40.77515953434235,-73.98918695747852,member
414647,A56939E4A7CAB7B7,docked_bike,2021-04-13 08:10:17,2021-04-13 08:24:55,W 100 St & Manhattan Ave,7538,W 64 St & Thelonious Monk Circle,7123,40.795,-73.9645,40.77515953434235,-73.98918695747852,member
415702,8C7D427885BD7977,docked_bike,2021-04-10 17:35:21,2021-04-10 17:54:33,Central Park W & W 97 St,7538,W 84 St & Columbus Ave,7382,40.792495,-73.96417,40.78499979,-73.97283406,casual
415705,CFEAEEC415C3C5F2,docked_bike,2021-04-07 18:21:39,2021-04-07 18:40:37,Central Park W & W 97 St,7538,Pleasant Ave & E 120 St,7579,40.792495,-73.96417,40.7974772,-73.9311847,member
415706,7C1B7ED362A92CC3,docked_bike,2021-04-04 17:30:21,2021-04-04 17:36:37,Central Park W & W 97 St,7538,W 84 St & Columbus Ave,7382,40.792495,-73.96417,40.78499979,-73.97283406,casual
416778,728971345DF9B2F9,docked_bike,2021-04-13 17:42:51,2021-04-13 17:51:34,W 100 St & Manhattan Ave,7538,W 84 St & Columbus Ave,7382,40.795,-73.9645,40.78499979,-73.97283406,member
416779,3A97AEF6F638652C,docked_bike,2021-04-25 11:08:22,2021-04-25 11:14:27,W 100 St & Manhattan Ave,7538,West End Ave & W 107 St,7650,40.795,-73.9645,40.8021174,-73.9681805305,member
416785,D6295F03A85DBB64,docked_bike,2021-04-10 21:27:16,2021-04-10 21:35:09,W 100 St & Manhattan Ave,7538,West End Ave & W 107 St,7650,40.795,-73.9645,40.8021174,-73.9681805305,member
416795,3644C8962958D374,docked_bike,2021-04-10 19:14:06,2021-04-10 19:22:20,W 100 St & Manhattan Ave,7538,W 84 St & Columbus Ave,7382,40.795,-73.9645,40.78499979,-73.97283406,member
416796,E223C53447B76C1D,docked_bike,2021-04-12 16:10:09,2021-04-12 16:16:53,W 100 St & Manhattan Ave,7538,W 84 St & Columbus Ave,7382,40.795,-73.9645,40.78499979,-73.97283406,member
416810,8C0BC7C910727CD9,docked_bike,2021-04-20 20:50:37,2021-04-20 20:55:32,W 100 St & Manhattan Ave,7538,West End Ave & W 107 St,7650,40.795,-73.9645,40.802117,-73.968181,member
416813,5CA392976370453B,docked_bike,2021-04-14 07:26:33,2021-04-14 07:38:52,W 100 St & Manhattan Ave,7538,W 84 St & Columbus Ave,7382,40.795,-73.9645,40.78499979,-73.97283406,member
416816,34AA7910102EDCAE,docked_bike,2021-04-13 14:15:45,2021-04-13 14:20:16,W 100 St & Manhattan Ave,7538,West End Ave & W 107 St,7650,40.795,-73.9645,40.8021174,-73.9681805305,member
416819,C06B07290DBE87EF,docked_bike,2021-04-23 10:43:09,2021-04-23 11:11:44,W 100 St & Manhattan Ave,7538,W 84 St & Columbus Ave,7382,40.795,-73.9645,40.78499979,-73.97283406,member
416825,E8731148A7E3FEF3,docked_bike,2021-04-28 13:28:37,2021-04-28 13:38:09,W 100 St & Manhattan Ave,7538,W 84 St & Columbus Ave,7382,40.795,-73.9645,40.78499979,-73.97283406,member
416827,F9855E3A4574909D,docked_bike,2021-04-22 10:49:40,2021-04-22 10:55:51,W 100 St & Manhattan Ave,7538,W 84 St & Columbus Ave,7382,40.795,-73.9645,40.78499979,-73.97283406,member
416828,D6B853CDC0B25406,docked_bike,2021-04-27 18:06:12,2021-04-27 18:12:40,W 100 St & Manhattan Ave,7538,W 84 St & Columbus Ave,7382,40.795,-73.9645,40.78499979,-73.97283406,member
416831,E6D48DE9C66FBDBD,docked_bike,2021-04-25 17:08:40,2021-04-25 17:18:34,W 100 St & Manhattan Ave,7538,W 84 St & Columbus Ave,7382,40.795,-73.9645,40.78499979,-73.97283406,member
416837,A2095AB93DD1E529,docked_bike,2021-04-13 10:03:50,2021-04-13 10:11:17,W 100 St & Manhattan Ave,7538,W 84 St & Columbus Ave,7382,40.795,-73.9645,40.78499979,-73.97283406,member
416843,1DE6C644CA9CD454,docked_bike,2021-04-19 19:29:04,2021-04-19 19:36:29,W 100 St & Manhattan Ave,7538,W 84 St & Columbus Ave,7382,40.795,-73.9645,40.78499979,-73.97283406,member
416847,0AEC7E3D1ED2A764,docked_bike,2021-04-16 09:30:31,2021-04-16 09:38:17,W 100 St & Manhattan Ave,7538,West End Ave & W 107 St,7650,40.795,-73.9645,40.8021174,-73.9681805305,member
416848,579E5A6F813A062C,docked_bike,2021-04-10 20:50:29,2021-04-10 20:55:06,W 100 St & Manhattan Ave,7538,West End Ave & W 107 St,7650,40.795,-73.9645,40.802117,-73.968181,member
416849,9181800D4AC230E2,docked_bike,2021-04-17 12:18:04,2021-04-17 12:24:53,W 100 St & Manhattan Ave,7538,W 84 St & Columbus Ave,7382,40.795,-73.9645,40.78499979,-73.97283406,member
416853,6B664A6B6AC8C720,docked_bike,2021-04-19 12:54:00,2021-04-19 13:00:23,W 100 St & Manhattan Ave,7538,W 84 St & Columbus Ave,7382,40.795,-73.9645,40.78499979,-73.97283406,casual
416861,3E1EA57B8D9EC7C5,docked_bike,2021-04-11 12:27:46,2021-04-11 12:52:51,W 100 St & Manhattan Ave,7538,W 84 St & Columbus Ave,7382,40.795,-73.9645,40.785,-73.972834,member
416934,F6B9B916FD8B7C2D,docked_bike,2021-04-29 09:12:30,2021-04-29 09:19:42,W 100 St & Manhattan Ave,7538,West End Ave & W 107 St,7650,40.795,-73.9645,40.8021174,-73.9681805305,member
416935,36C56A50E6A47D8C,docked_bike,2021-04-24 13:31:58,2021-04-24 13:48:00,W 100 St & Manhattan Ave,7538,Pleasant Ave & E 120 St,7579,40.795,-73.9645,40.7974772,-73.9311847,member
416941,C3A425D29FB4A304,docked_bike,2021-04-17 13:01:55,2021-04-17 13:06:41,W 100 St & Manhattan Ave,7538,W 84 St & Columbus Ave,7382,40.795,-73.9645,40.78499979,-73.97283406,member
416944,E3F39551C3B77B46,docked_bike,2021-04-06 14:09:50,2021-04-06 14:18:35,W 100 St & Manhattan Ave,7538,W 84 St & Columbus Ave,7382,40.795,-73.9645,40.78499979,-73.97283406,member
416952,6CA878155552132D,docked_bike,2021-04-08 14:54:47,2021-04-08 15:02:19,W 100 St & Manhattan Ave,7538,W 84 St & Columbus Ave,7382,40.795,-73.9645,40.78499979,-73.97283406,member
416954,004923B487F42CA8,docked_bike,2021-04-09 20:31:36,2021-04-09 20:36:23,W 100 St & Manhattan Ave,7538,W 84 St & Columbus Ave,7382,40.795,-73.9645,40.78499979,-73.97283406,member
416957,67B1E22BB9B5EA7E,docked_bike,2021-04-10 19:20:34,2021-04-10 19:26:49,W 100 St & Manhattan Ave,7538,West End Ave & W 107 St,7650,40.795,-73.9645,40.8021174,-73.9681805305,casual
416971,462F66B8A9E8E358,docked_bike,2021-04-18 15:10:58,2021-04-18 15:18:20,W 100 St & Manhattan Ave,7538,West End Ave & W 107 St,7650,40.795,-73.9645,40.8021174,-73.9681805305,member
416979,F84BBBFDBCE96A27,docked_bike,2021-04-14 14:59:30,2021-04-14 15:10:39,W 100 St & Manhattan Ave,7538,West End Ave & W 107 St,7650,40.795,-73.9645,40.8021174,-73.9681805305,member
416983,A801C16115814B80,docked_bike,2021-04-26 18:30:43,2021-04-26 18:37:16,W 100 St & Manhattan Ave,7538,West End Ave & W 107 St,7650,40.795,-73.9645,40.8021174,-73.9681805305,member
417945,31B99326CFD91D26,docked_bike,2021-04-14 18:08:22,2021-04-14 18:16:50,Central Park W & W 97 St,7538,Central Park North & Adam Clayton Powell Blvd,7617,40.792495,-73.96417,40.799484,-73.955613,member
417949,6940F07888A115A2,docked_bike,2021-04-30 20:09:57,2021-04-30 20:14:38,Central Park W & W 97 St,7538,Columbus Ave & W 103 St,7595,40.792495,-73.96417,40.7969347,-73.9643412291,member
419126,116F205E1919024D,docked_bike,2021-04-06 17:10:40,2021-04-06 17:14:31,W 100 St & Manhattan Ave,7538,Central Park North & Adam Clayton Powell Blvd,7617,40.795,-73.9645,40.799484,-73.955613,member
419128,70567D3CB332F62E,docked_bike,2021-04-26 18:36:39,2021-04-26 18:41:40,W 100 St & Manhattan Ave,7538,Central Park North & Adam Clayton Powell Blvd,7617,40.795,-73.9645,40.799484,-73.955613,member
419131,34839EAA25A75152,docked_bike,2021-04-05 17:28:32,2021-04-05 17:36:20,W 100 St & Manhattan Ave,7538,Columbus Ave & W 103 St,7595,40.795,-73.9645,40.7969347,-73.9643412291,casual
419132,62CF8975914F6EF4,docked_bike,2021-04-30 11:26:45,2021-04-30 12:07:44,W 100 St & Manhattan Ave,7538,Central Park North & Adam Clayton Powell Blvd,7617,40.795,-73.9645,40.799484,-73.955613,casual
419134,D789B1D2D09BA4B1,docked_bike,2021-04-11 19:11:24,2021-04-11 19:12:43,W 100 St & Manhattan Ave,7538,Columbus Ave & W 103 St,7595,40.795,-73.9645,40.7969347,-73.9643412291,member
419137,C5F427803E5E49E4,docked_bike,2021-04-06 18:05:15,2021-04-06 18:43:48,W 100 St & Manhattan Ave,7538,Central Park North & Adam Clayton Powell Blvd,7617,40.795,-73.9645,40.799484,-73.955613,member
419138,BB6FBB8DFE44BE73,docked_bike,2021-04-16 17:14:04,2021-04-16 17:44:20,W 100 St & Manhattan Ave,7538,Central Park North & Adam Clayton Powell Blvd,7617,40.795,-73.9645,40.799484,-73.955613,member
419139,3E11F007A3D19112,docked_bike,2021-04-05 13:14:12,2021-04-05 13:20:46,W 100 St & Manhattan Ave,7538,Central Park North & Adam Clayton Powell Blvd,7617,40.795,-73.9645,40.799484,-73.955613,casual
419162,A0FF2168C5232DB4,docked_bike,2021-04-09 14:46:43,2021-04-09 14:56:47,W 100 St & Manhattan Ave,7538,Columbus Ave & W 103 St,7595,40.795,-73.9645,40.796935,-73.964341,member
419163,4CEEC05AA24A7852,docked_bike,2021-04-16 21:26:13,2021-04-16 21:30:48,W 100 St & Manhattan Ave,7538,Central Park North & Adam Clayton Powell Blvd,7617,40.795,-73.9645,40.799484,-73.955613,member
419165,33E53E36F7C0F503,docked_bike,2021-04-19 15:21:39,2021-04-19 15:24:27,W 100 St & Manhattan Ave,7538,Columbus Ave & W 103 St,7595,40.795,-73.9645,40.7969347,-73.9643412291,member
419174,FAFD614DFE82602A,docked_bike,2021-04-21 16:44:11,2021-04-21 16:48:22,W 100 St & Manhattan Ave,7538,Central Park North & Adam Clayton Powell Blvd,7617,40.795,-73.9645,40.799484,-73.955613,member
419176,801D8D11504AC0E4,docked_bike,2021-04-10 14:19:20,2021-04-10 14:58:59,W 100 St & Manhattan Ave,7538,Murray St & West St,5329,40.795,-73.9645,40.7149787,-74.013012,member
419177,2B406B263CE565BA,docked_bike,2021-04-19 17:46:26,2021-04-19 17:50:00,W 100 St & Manhattan Ave,7538,Central Park North & Adam Clayton Powell Blvd,7617,40.795,-73.9645,40.799484,-73.955613,casual
419178,7264BCB98E85C58C,docked_bike,2021-04-01 21:06:01,2021-04-01 21:09:39,W 100 St & Manhattan Ave,7538,Central Park North & Adam Clayton Powell Blvd,7617,40.795,-73.9645,40.799484,-73.955613,member
419180,F4E82A7DC3E529F2,docked_bike,2021-04-05 13:13:01,2021-04-05 13:19:51,W 100 St & Manhattan Ave,7538,Central Park North & Adam Clayton Powell Blvd,7617,40.795,-73.9645,40.799484,-73.955613,member
419181,5D58592360518EE6,docked_bike,2021-04-07 14:51:59,2021-04-07 14:59:18,W 100 St & Manhattan Ave,7538,Central Park North & Adam Clayton Powell Blvd,7617,40.795,-73.9645,40.799484,-73.955613,casual
419182,A74EA357F3A5B412,docked_bike,2021-04-05 18:59:38,2021-04-05 19:53:38,W 100 St & Manhattan Ave,7538,Central Park North & Adam Clayton Powell Blvd,7617,40.795,-73.9645,40.799484,-73.955613,casual
419185,90E9417069B258FC,docked_bike,2021-04-24 13:15:59,2021-04-24 13:17:10,W 100 St & Manhattan Ave,7538,Columbus Ave & W 103 St,7595,40.795,-73.9645,40.7969347,-73.9643412291,member
419187,67385B34C12E6198,docked_bike,2021-04-27 18:12:36,2021-04-27 18:17:58,W 100 St & Manhattan Ave,7538,Central Park North & Adam Clayton Powell Blvd,7617,40.795,-73.9645,40.799484,-73.955613,member
419188,130869D30871C538,docked_bike,2021-04-04 16:32:30,2021-04-04 17:50:10,W 100 St & Manhattan Ave,7538,Columbus Ave & W 103 St,7595,40.795,-73.9645,40.7969347,-73.9643412291,casual
419189,B44BEC4DCE55EE6F,docked_bike,2021-04-24 14:43:58,2021-04-24 15:04:03,W 100 St & Manhattan Ave,7538,Lenox Ave & W 133 St,7790,40.795,-73.9645,40.81296,-73.941878,member
419190,D9A44CBC0057C9C9,docked_bike,2021-04-30 12:32:32,2021-04-30 13:17:44,W 100 St & Manhattan Ave,7538,Central Park North & Adam Clayton Powell Blvd,7617,40.795,-73.9645,40.799484,-73.955613,casual
419192,3894E0A9A8B23F57,docked_bike,2021-04-16 12:42:20,2021-04-16 12:52:21,W 100 St & Manhattan Ave,7538,Columbus Ave & W 103 St,7595,40.795,-73.9645,40.7969347,-73.9643412291,member
419201,99DB38E11C69FD41,docked_bike,2021-04-09 16:23:46,2021-04-09 16:27:17,W 100 St & Manhattan Ave,7538,Central Park North & Adam Clayton Powell Blvd,7617,40.795,-73.9645,40.799484,-73.955613,member
419208,EBC222159A8501F0,docked_bike,2021-04-04 18:02:49,2021-04-04 18:10:51,W 100 St & Manhattan Ave,7538,Central Park North & Adam Clayton Powell Blvd,7617,40.795,-73.9645,40.799484,-73.955613,member
419215,F1B24F85E3AEA1F7,docked_bike,2021-04-24 14:57:41,2021-04-24 15:32:30,W 100 St & Manhattan Ave,7538,Central Park North & Adam Clayton Powell Blvd,7617,40.795,-73.9645,40.799484,-73.955613,member
419216,A06A0D63AED2EAF4,docked_bike,2021-04-04 14:10:04,2021-04-04 14:25:59,W 100 St & Manhattan Ave,7538,Columbus Ave & W 103 St,7595,40.795,-73.9645,40.7969347,-73.9643412291,casual
419217,32A1AB389D914C17,docked_bike,2021-04-25 11:53:48,2021-04-25 12:44:35,W 100 St & Manhattan Ave,7538,Central Park North & Adam Clayton Powell Blvd,7617,40.795,-73.9645,40.799484,-73.955613,casual
419219,D12B3CFF7A7FEDD9,docked_bike,2021-04-29 02:33:31,2021-04-29 02:35:47,W 100 St & Manhattan Ave,7538,Columbus Ave & W 103 St,7595,40.795,-73.9645,40.7969347,-73.9643412291,casual
419224,92992C0B7A5BA1A7,docked_bike,2021-04-25 18:01:06,2021-04-25 18:02:58,W 100 St & Manhattan Ave,7538,Columbus Ave & W 103 St,7595,40.795,-73.9645,40.7969347,-73.9643412291,member
419236,8BC310A73B353EA1,docked_bike,2021-04-26 20:42:39,2021-04-26 20:56:57,W 100 St & Manhattan Ave,7538,Columbus Ave & W 103 St,7595,40.795,-73.9645,40.796935,-73.964341,member
419243,202C098E47E8778E,docked_bike,2021-04-25 11:53:19,2021-04-25 12:42:55,W 100 St & Manhattan Ave,7538,Central Park North & Adam Clayton Powell Blvd,7617,40.795,-73.9645,40.799484,-73.955613,casual
419245,BAB2BBDDDE72E4D0,docked_bike,2021-04-19 08:22:43,2021-04-19 08:34:01,W 100 St & Manhattan Ave,7538,Lenox Ave & W 133 St,7790,40.795,-73.9645,40.81296,-73.941878,casual
419248,90B981205754552A,docked_bike,2021-04-22 20:38:42,2021-04-22 21:34:41,W 100 St & Manhattan Ave,7538,Columbus Ave & W 103 St,7595,40.795,-73.9645,40.7969347,-73.9643412291,member
419812,2943A990075C0687,docked_bike,2021-04-07 15:28:07,2021-04-07 15:42:16,W 100 St & Manhattan Ave,7538,Lenox Ave & W 133 St,7790,40.795,-73.9645,40.81296,-73.941878,casual
419816,64BCF87F46A3F7B0,docked_bike,2021-04-07 19:13:47,2021-04-07 19:22:32,W 100 St & Manhattan Ave,7538,Columbus Ave & W 103 St,7595,40.795,-73.9645,40.7969347,-73.9643412291,member
419824,44A994949E9B0981,docked_bike,2021-04-27 08:27:49,2021-04-27 08:34:52,W 100 St & Manhattan Ave,7538,Central Park North & Adam Clayton Powell Blvd,7617,40.795,-73.9645,40.799484,-73.955613,member
420541,6EE3672C86732B01,docked_bike,2021-04-13 17:24:12,2021-04-13 17:26:28,W 100 St & Manhattan Ave,7538,Columbus Ave & W 95 St,7520,40.795,-73.9645,40.7919557,-73.968087,member
420543,0D9AF2F675938380,docked_bike,2021-04-30 10:34:51,2021-04-30 10:37:12,W 100 St & Manhattan Ave,7538,Columbus Ave & W 95 St,7520,40.795,-73.9645,40.7919557,-73.968087,member
420547,F9E9907A5D26EB99,docked_bike,2021-04-18 16:22:49,2021-04-18 16:26:49,W 100 St & Manhattan Ave,7538,Columbus Ave & W 95 St,7520,40.795,-73.9645,40.7919557,-73.968087,casual
420555,41109F970E773ADC,docked_bike,2021-04-22 14:34:10,2021-04-22 14:37:50,W 100 St & Manhattan Ave,7538,Columbus Ave & W 95 St,7520,40.795,-73.9645,40.7919557,-73.968087,member
420557,5B5657C20343933C,docked_bike,2021-04-10 15:12:57,2021-04-10 15:58:09,W 100 St & Manhattan Ave,7538,Columbus Ave & W 95 St,7520,40.795,-73.9645,40.7919557,-73.968087,member
421234,81EA1B469257B63E,docked_bike,2021-04-04 14:29:33,2021-04-04 14:34:34,Central Park W & W 97 St,7538,Columbus Ave & W 95 St,7520,40.792495,-73.96417,40.7919557,-73.968087,casual
421240,EDE521090883AF8B,docked_bike,2021-04-30 08:10:28,2021-04-30 08:12:19,Central Park W & W 97 St,7538,Columbus Ave & W 95 St,7520,40.792495,-73.96417,40.7919557,-73.968087,member
423047,AF22C9B4ECF1A94C,docked_bike,2021-04-22 10:49:40,2021-04-22 10:53:50,W 100 St & Manhattan Ave,7538,Columbus Ave & W 95 St,7520,40.795,-73.9645,40.7919557,-73.968087,casual
423064,D3D172F52A5D70FE,docked_bike,2021-04-28 06:06:29,2021-04-28 06:09:23,W 100 St & Manhattan Ave,7538,Columbus Ave & W 95 St,7520,40.795,-73.9645,40.7919557,-73.968087,member
423069,727FE22EFECD96D1,docked_bike,2021-04-02 18:52:27,2021-04-02 18:58:58,W 100 St & Manhattan Ave,7538,Columbus Ave & W 95 St,7520,40.795,-73.9645,40.7919557,-73.968087,casual
423072,F3CD3A085BB5C34E,docked_bike,2021-04-22 10:11:59,2021-04-22 10:16:02,W 100 St & Manhattan Ave,7538,Columbus Ave & W 95 St,7520,40.795,-73.9645,40.7919557,-73.968087,member
423073,AAE8F5EE181C9AC4,docked_bike,2021-04-27 12:28:53,2021-04-27 12:31:02,W 100 St & Manhattan Ave,7538,Columbus Ave & W 95 St,7520,40.795,-73.9645,40.7919557,-73.968087,member
423074,985512CA91885FA3,docked_bike,2021-04-26 15:11:53,2021-04-26 15:19:47,W 100 St & Manhattan Ave,7538,Columbus Ave & W 95 St,7520,40.795,-73.9645,40.7919557,-73.968087,member
423111,779133D1F52300A6,docked_bike,2021-04-20 09:12:12,2021-04-20 09:16:23,W 100 St & Manhattan Ave,7538,Columbus Ave & W 95 St,7520,40.795,-73.9645,40.7919557,-73.968087,member
423115,9C6F565A9A3B8F62,docked_bike,2021-04-23 17:22:25,2021-04-23 17:24:40,W 100 St & Manhattan Ave,7538,Columbus Ave & W 95 St,7520,40.795,-73.9645,40.7919557,-73.968087,casual
423118,0E9A5B4E20FAEE88,docked_bike,2021-04-19 19:33:49,2021-04-19 19:36:36,W 100 St & Manhattan Ave,7538,Columbus Ave & W 95 St,7520,40.795,-73.9645,40.7919557,-73.968087,member
423123,BD17B6CDB9187A92,docked_bike,2021-04-15 09:09:54,2021-04-15 10:07:59,W 100 St & Manhattan Ave,7538,Columbus Ave & W 95 St,7520,40.795,-73.9645,40.7919557,-73.968087,member
423129,35BB93BB656AC88C,docked_bike,2021-04-19 09:13:51,2021-04-19 09:16:07,W 100 St & Manhattan Ave,7538,Columbus Ave & W 95 St,7520,40.795,-73.9645,40.7919557,-73.968087,member
423132,EF479DF6D91D4E94,docked_bike,2021-04-26 08:59:35,2021-04-26 09:02:17,W 100 St & Manhattan Ave,7538,Columbus Ave & W 95 St,7520,40.795,-73.9645,40.7919557,-73.968087,member
425897,39FE1AAEA6045114,docked_bike,2021-04-27 18:30:06,2021-04-27 19:07:04,W 100 St & Manhattan Ave,7538,West St & Chambers St,5329,40.795,-73.9645,40.71754834,-74.01322069,member
425962,911756A17918040B,docked_bike,2021-04-26 14:58:12,2021-04-26 15:12:46,W 100 St & Manhattan Ave,7538,Riverside Dr & W 145 St,8018,40.795,-73.9645,40.827305,-73.951989,member
431409,3939C6EB830F17CA,docked_bike,2021-04-05 11:43:09,2021-04-05 12:07:04,W 100 St & Manhattan Ave,7538,5 Ave & E 78 St,7161,40.795,-73.9645,40.776321,-73.964274,casual
431414,0694653CC289C9E9,docked_bike,2021-04-07 09:16:43,2021-04-07 09:39:27,W 100 St & Manhattan Ave,7538,3 Ave & E 72 St,7028,40.795,-73.9645,40.7699426,-73.96060712,member
431418,981F1C68A625732C,docked_bike,2021-04-10 16:00:20,2021-04-10 16:45:53,W 100 St & Manhattan Ave,7538,5 Ave & E 78 St,7161,40.795,-73.9645,40.77632142182271,-73.96427392959595,casual
431419,D1C753F16BA1E53E,docked_bike,2021-04-08 19:26:32,2021-04-08 19:34:15,W 100 St & Manhattan Ave,7538,5 Ave & E 78 St,7161,40.795,-73.9645,40.77632142182271,-73.96427392959595,member
431420,6ED450994B636A07,docked_bike,2021-04-09 18:43:26,2021-04-09 18:54:00,W 100 St & Manhattan Ave,7538,5 Ave & E 78 St,7161,40.795,-73.9645,40.77632142182271,-73.96427392959595,member
431421,64C9C9F8F19CBCDC,docked_bike,2021-04-10 08:50:28,2021-04-10 08:58:31,W 100 St & Manhattan Ave,7538,5 Ave & E 78 St,7161,40.795,-73.9645,40.77632142182271,-73.96427392959595,member
437752,9643BE916E2070EA,docked_bike,2021-04-12 06:26:24,2021-04-12 07:04:39,W 100 St & Manhattan Ave,7538,4 Ave & E 12 St,5788,40.795,-73.9645,40.732647,-73.99011,member
437757,A46962E5DEA54AF7,docked_bike,2021-04-25 13:56:45,2021-04-25 14:15:57,W 100 St & Manhattan Ave,7538,W 42 St & 6 Ave,6517,40.795,-73.9645,40.75492,-73.98455,member
437764,BEA032BD699F3E11,docked_bike,2021-04-23 13:10:46,2021-04-23 13:41:34,W 100 St & Manhattan Ave,7538,E 25 St & 2 Ave,6046,40.795,-73.9645,40.73912601,-73.97973776,casual
437780,67CEB0496E5A648F,docked_bike,2021-04-13 08:53:23,2021-04-13 09:22:06,W 100 St & Manhattan Ave,7538,E 47 St & 1 Ave,6498,40.795,-73.9645,40.75206862,-73.96784384,member
437786,0CC1E52CBDE479C8,docked_bike,2021-04-23 13:11:00,2021-04-23 13:41:27,W 100 St & Manhattan Ave,7538,E 25 St & 2 Ave,6046,40.795,-73.9645,40.73912601,-73.97973776,casual
442553,D9F7202E621D69DD,docked_bike,2021-04-06 13:34:26,2021-04-06 13:47:04,W 100 St & Manhattan Ave,7538,E 109 St & 3 Ave,7504,40.795,-73.9645,40.79329668,-73.9432083,member
442554,C4993D3EA7ACABFA,docked_bike,2021-04-08 08:18:36,2021-04-08 08:31:41,W 100 St & Manhattan Ave,7538,E 109 St & 3 Ave,7504,40.795,-73.9645,40.79329668,-73.9432083,member
442555,F689406EBCE85DFD,docked_bike,2021-04-28 15:19:19,2021-04-28 15:57:37,W 100 St & Manhattan Ave,7538,1 Ave & E 78 St,7020,40.795,-73.9645,40.77140426,-73.9535166,casual
442612,87BB807453FA169E,docked_bike,2021-04-30 22:33:36,2021-04-30 22:46:31,W 100 St & Manhattan Ave,7538,1 Ave & E 78 St,7020,40.795,-73.9645,40.77140426,-73.9535166,member
442627,4CCA5B2D2AEB9EAC,docked_bike,2021-04-29 20:23:04,2021-04-29 20:42:34,W 100 St & Manhattan Ave,7538,1 Ave & E 78 St,7020,40.795,-73.9645,40.77140426,-73.9535166,member
445717,05CBA6F15A096BEE,docked_bike,2021-04-28 17:42:30,2021-04-28 17:55:01,Central Park W & W 97 St,7538,E 109 St & 3 Ave,7504,40.792495,-73.96417,40.79329668,-73.9432083,casual
447636,273AB62830137DEF,docked_bike,2021-04-17 15:01:11,2021-04-17 15:26:35,W 100 St & Manhattan Ave,7538,Lenox Ave & W 117 St,7655,40.795,-73.9645,40.8025566,-73.9490782,casual
447638,64F90E64F821F280,docked_bike,2021-04-17 15:01:02,2021-04-17 15:25:43,W 100 St & Manhattan Ave,7538,Lenox Ave & W 117 St,7655,40.795,-73.9645,40.8025566,-73.9490782,casual
447864,DAEEB9A63D7AD129,docked_bike,2021-04-09 16:14:25,2021-04-09 16:21:02,W 100 St & Manhattan Ave,7538,Lenox Ave & W 117 St,7655,40.795,-73.9645,40.8025566,-73.9490782,member
447865,1EB57DFCD1351748,docked_bike,2021-04-18 07:33:08,2021-04-18 07:43:02,W 100 St & Manhattan Ave,7538,Lenox Ave & W 117 St,7655,40.795,-73.9645,40.8025566,-73.9490782,casual
447869,346BF177F692589E,docked_bike,2021-04-27 15:47:25,2021-04-27 16:26:44,W 100 St & Manhattan Ave,7538,W 52 St & 11 Ave,6926,40.795,-73.9645,40.76727216,-73.99392888,member
448257,20876BE93D0FA48C,docked_bike,2021-04-07 15:54:42,2021-04-07 16:19:29,Central Park W & W 97 St,7538,W 52 St & 11 Ave,6926,40.792495,-73.96417,40.76727216,-73.99392888,member
448258,2F09BA13C4E93E2D,docked_bike,2021-04-13 18:08:14,2021-04-13 18:15:05,Central Park W & W 97 St,7538,Lenox Ave & W 117 St,7655,40.792495,-73.96417,40.8025566,-73.9490782,member
448266,1D4CBB9BE5F53216,docked_bike,2021-04-07 20:56:45,2021-04-07 21:18:35,Central Park W & W 97 St,7538,Lenox Ave & W 117 St,7655,40.792495,-73.96417,40.8025566,-73.9490782,member
448511,1FBC95C026D7F092,docked_bike,2021-04-13 13:04:01,2021-04-13 13:30:02,W 100 St & Manhattan Ave,7538,E 72 St & Park Ave,6998,40.795,-73.9645,40.77118287540658,-73.96409422159195,casual
449390,EE9CEA606462E92C,docked_bike,2021-04-07 11:10:46,2021-04-07 11:24:26,W 100 St & Manhattan Ave,7538,E 72 St & Park Ave,6998,40.795,-73.9645,40.77118287540658,-73.96409422159195,member
449424,7FE9EBDD67DE103A,docked_bike,2021-04-17 12:40:50,2021-04-17 13:01:43,W 100 St & Manhattan Ave,7538,E 72 St & Park Ave,6998,40.795,-73.9645,40.77118287540658,-73.96409422159195,member
449428,949ABA2DE039FF3F,docked_bike,2021-04-21 09:51:17,2021-04-21 10:19:04,W 100 St & Manhattan Ave,7538,E 88 St & 1 Ave,7235,40.795,-73.9645,40.778301,-73.9488134,member
449435,B8A87CD2DE910022,docked_bike,2021-04-14 16:54:25,2021-04-14 17:07:43,W 100 St & Manhattan Ave,7538,E 72 St & Park Ave,6998,40.795,-73.9645,40.77118287540658,-73.96409422159195,casual
450148,F491D6B0F9E681C9,docked_bike,2021-04-19 10:28:15,2021-04-19 10:33:01,W 100 St & Manhattan Ave,7538,W 95 St & Broadway,7541,40.795,-73.9645,40.7937704,-73.971888,member
451569,23C023BA4417B993,docked_bike,2021-04-03 17:33:55,2021-04-03 18:32:50,Central Park W & W 97 St,7538,Mott St & Prince St,5561,40.792495,-73.96417,40.72317958,-73.99480012,member
453029,9CB4DE9CC1B5A89D,docked_bike,2021-04-10 06:05:32,2021-04-10 06:10:32,W 100 St & Manhattan Ave,7538,W 87 St & Amsterdam Ave,7458,40.795,-73.9645,40.78839,-73.9747,member
453032,D8C56A3ECCEA82B2,docked_bike,2021-04-06 08:56:10,2021-04-06 09:05:45,W 100 St & Manhattan Ave,7538,W 87 St & Amsterdam Ave,7458,40.795,-73.9645,40.78839,-73.9747,member
453963,D18EDA6EAA3740DF,docked_bike,2021-04-19 19:15:49,2021-04-19 19:24:27,W 100 St & Manhattan Ave,7538,Frederick Douglass Blvd & W 115 St,7658,40.795,-73.9645,40.8038654,-73.9559308,member
454567,90483B875DEC5DB1,docked_bike,2021-04-22 07:58:03,2021-04-22 08:16:23,W 100 St & Manhattan Ave,7538,E 56 St & Madison Ave,6732,40.795,-73.9645,40.761573,-73.972628,member
454573,C1C76288C14E8708,docked_bike,2021-04-03 13:31:52,2021-04-03 13:35:25,W 100 St & Manhattan Ave,7538,Central Park W & W 91 St,7453,40.795,-73.9645,40.78866499127884,-73.96680057048798,member
461518,01925E7EC9288C93,docked_bike,2021-04-13 14:45:47,2021-04-13 15:01:39,W 100 St & Manhattan Ave,7538,Lenox Ave & W 111 St,7602,40.795,-73.9645,40.7987859,-73.9523,casual
461683,917C7CC463A76385,docked_bike,2021-04-28 20:11:59,2021-04-28 20:43:01,Central Park W & W 97 St,7538,Lenox Ave & W 111 St,7602,40.792495,-73.96417,40.7987859,-73.9523,member
462038,8F70E760592C9AD4,docked_bike,2021-04-22 14:56:45,2021-04-22 15:06:11,W 100 St & Manhattan Ave,7538,Lenox Ave & W 111 St,7602,40.795,-73.9645,40.7987859,-73.9523,member
462049,BC847DA4AC83ABCC,docked_bike,2021-04-28 18:39:58,2021-04-28 18:45:33,W 100 St & Manhattan Ave,7538,Lenox Ave & W 111 St,7602,40.795,-73.9645,40.7987859,-73.9523,member
462065,531BEFE8ADF76BD8,docked_bike,2021-04-01 13:48:21,2021-04-01 13:54:34,W 100 St & Manhattan Ave,7538,Lenox Ave & W 111 St,7602,40.795,-73.9645,40.7987859,-73.9523,member
462066,174B6AD72F57DF9A,docked_bike,2021-04-16 17:55:42,2021-04-16 18:02:36,W 100 St & Manhattan Ave,7538,Lenox Ave & W 111 St,7602,40.795,-73.9645,40.7987859,-73.9523,member
462085,04D97104058BEDF2,docked_bike,2021-04-16 15:12:02,2021-04-16 15:18:35,W 100 St & Manhattan Ave,7538,Lenox Ave & W 111 St,7602,40.795,-73.9645,40.7987859,-73.9523,member
462086,1C93BB79D7E42EF0,docked_bike,2021-04-11 18:32:08,2021-04-11 18:36:51,W 100 St & Manhattan Ave,7538,Lenox Ave & W 111 St,7602,40.795,-73.9645,40.7987859,-73.9523,member
462088,D223195640DA63CF,docked_bike,2021-04-13 20:04:11,2021-04-13 20:17:32,W 100 St & Manhattan Ave,7538,Lenox Ave & W 111 St,7602,40.795,-73.9645,40.7987859,-73.9523,member
462090,6A71ACD464B01F8F,docked_bike,2021-04-07 17:51:50,2021-04-07 18:00:32,W 100 St & Manhattan Ave,7538,Lenox Ave & W 111 St,7602,40.795,-73.9645,40.7987859,-73.9523,member
462091,42D6932E3393BA91,docked_bike,2021-04-13 19:34:11,2021-04-13 19:40:43,W 100 St & Manhattan Ave,7538,Lenox Ave & W 111 St,7602,40.795,-73.9645,40.7987859,-73.9523,member
462095,721A856231A82289,docked_bike,2021-04-04 12:57:59,2021-04-04 13:03:31,W 100 St & Manhattan Ave,7538,Lenox Ave & W 111 St,7602,40.795,-73.9645,40.7987859,-73.9523,member
462379,2C27F6EFDD29324B,docked_bike,2021-04-27 15:41:12,2021-04-27 16:09:29,W 100 St & Manhattan Ave,7538,W 148 St & Amsterdam Ave,8033,40.795,-73.9645,40.827075,-73.945909,member
462426,38CECE61F075E9FD,docked_bike,2021-04-27 15:47:18,2021-04-27 16:09:22,W 100 St & Manhattan Ave,7538,W 148 St & Amsterdam Ave,8033,40.795,-73.9645,40.827075,-73.945909,member
463044,8050821AD030D281,docked_bike,2021-04-08 16:43:49,2021-04-08 17:02:11,W 100 St & Manhattan Ave,7538,Amsterdam Ave & W 136 St,7920,40.795,-73.9645,40.819746,-73.951819,member
463045,11C1DEFF89B58997,docked_bike,2021-04-29 16:08:44,2021-04-29 16:22:45,W 100 St & Manhattan Ave,7538,Amsterdam Ave & W 136 St,7920,40.795,-73.9645,40.819746,-73.951819,member
463050,DA127D2AF3642F79,docked_bike,2021-04-14 16:29:13,2021-04-14 16:36:43,W 100 St & Manhattan Ave,7538,Lexington Ave & E 111 St,7567,40.795,-73.9645,40.7954121,-73.9441232,casual
463696,21C2AE8482E512F9,docked_bike,2021-04-21 08:27:55,2021-04-21 08:41:17,W 100 St & Manhattan Ave,7538,Amsterdam Ave & W 136 St,7920,40.795,-73.9645,40.819746,-73.951819,member
464620,8021077E596F8904,docked_bike,2021-04-20 19:31:19,2021-04-20 19:58:29,Central Park W & W 97 St,7538,Lexington Ave & E 111 St,7567,40.792495,-73.96417,40.7954121,-73.9441232,casual
464628,39A9A3B46886BDB7,docked_bike,2021-04-29 08:31:27,2021-04-29 08:40:36,Central Park W & W 97 St,7538,Lexington Ave & E 111 St,7567,40.792495,-73.96417,40.7954121,-73.9441232,member
464650,F31F002ADAF09513,docked_bike,2021-04-22 08:27:17,2021-04-22 08:39:16,Central Park W & W 97 St,7538,Lexington Ave & E 111 St,7567,40.792495,-73.96417,40.7954121,-73.9441232,member
464658,1B2FCDBC0010C615,docked_bike,2021-04-29 07:04:00,2021-04-29 07:13:03,Central Park W & W 97 St,7538,Lexington Ave & E 111 St,7567,40.792495,-73.96417,40.7954121,-73.9441232,casual
464668,6B910701CCDAAB53,docked_bike,2021-04-26 20:59:40,2021-04-26 21:20:29,Central Park W & W 97 St,7538,E 33 St & 5 Ave,6322,40.792495,-73.96417,40.74765947,-73.98490707,member
464831,CE682E130F17145B,docked_bike,2021-04-25 01:58:27,2021-04-25 02:05:47,Central Park W & W 97 St,7538,Lexington Ave & E 111 St,7567,40.792495,-73.96417,40.7954121,-73.9441232,member
464835,7405F3C7B808F167,docked_bike,2021-04-26 20:59:01,2021-04-26 21:20:23,Central Park W & W 97 St,7538,E 33 St & 5 Ave,6322,40.792495,-73.96417,40.74765947,-73.98490707,member
465707,5E1486EA3DFD1EC0,docked_bike,2021-04-24 09:32:18,2021-04-24 09:48:14,W 100 St & Manhattan Ave,7538,W 48 St & Rockefeller Plaza,6667,40.795,-73.9645,40.75793646243674,-73.97960275411606,member
465751,97E8A942FCF6218A,docked_bike,2021-04-24 05:13:03,2021-04-24 05:44:29,W 100 St & Manhattan Ave,7538,W 36 St & 9 Ave,6569,40.795,-73.9645,40.75462324029105,-73.99516761302948,member
465759,192AB22738FA89A8,docked_bike,2021-04-09 20:03:11,2021-04-09 20:22:30,W 100 St & Manhattan Ave,7538,W 146 St & Broadway,8018,40.795,-73.9645,40.826969,-73.949738,member
465771,DE9F71081B13A0D5,docked_bike,2021-04-14 16:32:06,2021-04-14 16:46:54,W 100 St & Manhattan Ave,7538,E 114 St & 1 Ave,7540,40.795,-73.9645,40.7945663,-73.9362541,casual
465775,89E2775E7ADAC9CA,docked_bike,2021-04-07 08:12:27,2021-04-07 09:02:58,W 100 St & Manhattan Ave,7538,Park Pl & Church St,5288,40.795,-73.9645,40.71334184275907,-74.00935515761375,member
465828,86345397AD9DB4F6,docked_bike,2021-04-15 05:20:32,2021-04-15 05:48:36,W 100 St & Manhattan Ave,7538,W 48 St & Rockefeller Plaza,6667,40.795,-73.9645,40.75793646243674,-73.97960275411606,member
465864,B72B72215B54E7C0,docked_bike,2021-04-14 13:27:19,2021-04-14 13:40:18,W 100 St & Manhattan Ave,7538,E 114 St & 1 Ave,7540,40.795,-73.9645,40.7945663,-73.9362541,member
465870,7876049B600A0B3A,docked_bike,2021-04-25 13:35:43,2021-04-25 14:06:24,W 100 St & Manhattan Ave,7538,E 9 St & 5 Ave,5872,40.795,-73.9645,40.73275887045087,-73.99581670761108,member
467716,BF135E6386979C9C,docked_bike,2021-04-23 20:55:22,2021-04-23 21:05:07,W 100 St & Manhattan Ave,7538,E 114 St & 1 Ave,7540,40.795,-73.9645,40.7945663,-73.9362541,member
468293,C361B3869902325D,docked_bike,2021-04-28 08:31:51,2021-04-28 08:51:17,Central Park W & W 97 St,7538,W 48 St & Rockefeller Plaza,6667,40.792495,-73.96417,40.75793646243674,-73.97960275411606,member
468304,58FB4091F752EAA8,docked_bike,2021-04-29 16:01:25,2021-04-29 16:16:56,Central Park W & W 97 St,7538,E 114 St & 1 Ave,7540,40.792495,-73.96417,40.7945663,-73.9362541,member
468305,8200672D3F946219,docked_bike,2021-04-16 18:58:13,2021-04-16 19:19:24,Central Park W & W 97 St,7538,W 36 St & 9 Ave,6569,40.792495,-73.96417,40.75462324029105,-73.99516761302948,member
468315,41E2C5FABCD73D7F,docked_bike,2021-04-18 19:09:51,2021-04-18 19:27:35,Central Park W & W 97 St,7538,W 48 St & Rockefeller Plaza,6667,40.792495,-73.96417,40.75793646243674,-73.97960275411606,member
468317,4E7FCD9352F11795,docked_bike,2021-04-06 15:16:18,2021-04-06 15:29:58,Central Park W & W 97 St,7538,E 114 St & 1 Ave,7540,40.792495,-73.96417,40.7945663,-73.9362541,member
468323,534270234A755927,docked_bike,2021-04-04 11:22:37,2021-04-04 11:38:37,Central Park W & W 97 St,7538,E 114 St & 1 Ave,7540,40.792495,-73.964171,40.794566,-73.936254,member
468327,BAB67D770BC5761E,docked_bike,2021-04-09 09:06:41,2021-04-09 09:27:27,Central Park W & W 97 St,7538,E 114 St & 1 Ave,7540,40.792495,-73.96417,40.7945663,-73.9362541,member
468340,E750284FFA40694F,docked_bike,2021-04-05 19:03:58,2021-04-05 19:23:48,Central Park W & W 97 St,7538,W 36 St & 9 Ave,6569,40.792495,-73.96417,40.75462324029105,-73.99516761302948,member
468345,66B83AD6D0E6DBF1,docked_bike,2021-04-19 17:33:07,2021-04-19 17:52:59,Central Park W & W 97 St,7538,W 146 St & Broadway,8018,40.792495,-73.96417,40.826969,-73.949738,member
468356,234462C7BF779952,docked_bike,2021-04-30 04:50:09,2021-04-30 05:17:03,Central Park W & W 97 St,7538,W 36 St & 9 Ave,6569,40.792495,-73.96417,40.75462324029105,-73.99516761302948,member
468361,83CB8A918D1267D2,docked_bike,2021-04-10 19:42:09,2021-04-10 20:09:51,Central Park W & W 97 St,7538,W 36 St & 9 Ave,6569,40.792495,-73.96417,40.75462324029105,-73.99516761302948,member
468366,667AE57CB64583C3,docked_bike,2021-04-20 19:26:03,2021-04-20 19:49:56,Central Park W & W 97 St,7538,W 36 St & 9 Ave,6569,40.792495,-73.96417,40.75462324029105,-73.99516761302948,member
468369,B5360F66219D8E9B,docked_bike,2021-04-24 17:00:56,2021-04-24 17:50:41,Central Park W & W 97 St,7538,E 9 St & 5 Ave,5872,40.792495,-73.96417,40.73275887045087,-73.99581670761108,member
468371,1B41BD932F2BD6D0,docked_bike,2021-04-06 08:24:01,2021-04-06 08:52:48,Central Park W & W 97 St,7538,W 48 St & Rockefeller Plaza,6667,40.792495,-73.96417,40.75793646243674,-73.97960275411606,member
468384,A8DD09A14E9A0568,docked_bike,2021-04-01 15:40:52,2021-04-01 15:59:27,Central Park W & W 97 St,7538,E 114 St & 1 Ave,7540,40.792495,-73.96417,40.7945663,-73.9362541,member
468385,BE379FA8BA58B152,docked_bike,2021-04-27 15:50:04,2021-04-27 16:04:24,Central Park W & W 97 St,7538,E 114 St & 1 Ave,7540,40.792495,-73.96417,40.7945663,-73.9362541,member
468387,D0816D36BFB6B36D,docked_bike,2021-04-10 12:49:45,2021-04-10 13:07:34,Central Park W & W 97 St,7538,E 114 St & 1 Ave,7540,40.792495,-73.96417,40.7945663,-73.9362541,member
468393,E66EAC21B5D26185,docked_bike,2021-04-08 18:51:13,2021-04-08 19:10:55,Central Park W & W 97 St,7538,W 36 St & 9 Ave,6569,40.792495,-73.96417,40.75462324029105,-73.99516761302948,member
468403,F495D83C9CC3981C,docked_bike,2021-04-12 08:25:27,2021-04-12 08:50:14,Central Park W & W 97 St,7538,W 48 St & Rockefeller Plaza,6667,40.792495,-73.96417,40.75793646243674,-73.97960275411606,member
468520,D4CC7C2E51169347,docked_bike,2021-04-08 08:51:17,2021-04-08 09:09:11,Central Park W & W 97 St,7538,W 48 St & Rockefeller Plaza,6667,40.792495,-73.96417,40.75793646243674,-73.97960275411606,member
476048,CCE728A6D100D47A,docked_bike,2021-04-17 18:18:48,2021-04-17 18:48:30,W 100 St & Manhattan Ave,7538,5 Ave & E 93 St,7372,40.795,-73.9645,40.7857851,-73.957481,member
476051,CCD169164408108B,docked_bike,2021-04-14 19:55:44,2021-04-14 20:22:07,W 100 St & Manhattan Ave,7538,5 Ave & E 93 St,7372,40.795,-73.9645,40.7857851,-73.957481,member
476056,A1B01815F775151A,docked_bike,2021-04-10 18:44:06,2021-04-10 18:52:21,W 100 St & Manhattan Ave,7538,5 Ave & E 93 St,7372,40.795,-73.9645,40.7857851,-73.957481,casual
476109,E81880D476B063AA,docked_bike,2021-04-12 11:38:06,2021-04-12 11:44:15,W 100 St & Manhattan Ave,7538,5 Ave & E 93 St,7372,40.795,-73.9645,40.7857851,-73.957481,member
476414,53501F093C62B1A1,docked_bike,2021-04-06 18:31:19,2021-04-06 19:27:58,Central Park W & W 97 St,7538,5 Ave & E 93 St,7372,40.792495,-73.96417,40.7857851,-73.957481,member
476418,FC134DEE78F43415,docked_bike,2021-04-10 12:25:19,2021-04-10 12:51:16,Central Park W & W 97 St,7538,5 Ave & E 93 St,7372,40.792495,-73.96417,40.7857851,-73.957481,casual
476419,EEAB61A522EF891C,docked_bike,2021-04-10 11:41:41,2021-04-10 11:51:38,Central Park W & W 97 St,7538,5 Ave & E 93 St,7372,40.792495,-73.96417,40.7857851,-73.957481,member
476420,7411825FD7356B38,docked_bike,2021-04-24 13:41:08,2021-04-24 14:09:20,Central Park W & W 97 St,7538,5 Ave & E 93 St,7372,40.792495,-73.96417,40.7857851,-73.957481,casual
476422,B062A549D05EA168,docked_bike,2021-04-26 17:09:08,2021-04-26 17:32:04,Central Park W & W 97 St,7538,5 Ave & E 93 St,7372,40.792495,-73.96417,40.7857851,-73.957481,casual
476424,E213D694D1741DC4,docked_bike,2021-04-20 19:49:38,2021-04-20 19:57:01,Central Park W & W 97 St,7538,5 Ave & E 93 St,7372,40.792495,-73.96417,40.7857851,-73.957481,member
476426,A6442AFBCF005BC3,docked_bike,2021-04-13 19:43:44,2021-04-13 19:58:27,Central Park W & W 97 St,7538,5 Ave & E 93 St,7372,40.792495,-73.96417,40.7857851,-73.957481,member
476428,5CD3CBA1EFC63447,docked_bike,2021-04-19 18:28:23,2021-04-19 19:13:05,Central Park W & W 97 St,7538,5 Ave & E 93 St,7372,40.792495,-73.96417,40.7857851,-73.957481,member
476430,C8F67DB84B3F7EC3,docked_bike,2021-04-02 13:11:13,2021-04-02 13:29:06,Central Park W & W 97 St,7538,5 Ave & E 93 St,7372,40.792495,-73.96417,40.7857851,-73.957481,casual
476431,01266E074B21AEE1,docked_bike,2021-04-18 14:38:59,2021-04-18 15:28:18,Central Park W & W 97 St,7538,5 Ave & E 93 St,7372,40.792495,-73.964171,40.785785,-73.957481,casual
476432,6A62EA0B386D7B13,docked_bike,2021-04-28 17:01:12,2021-04-28 17:38:17,Central Park W & W 97 St,7538,5 Ave & E 93 St,7372,40.792495,-73.96417,40.7857851,-73.957481,casual
476437,049AC78C246570B2,docked_bike,2021-04-07 13:27:30,2021-04-07 13:34:45,Central Park W & W 97 St,7538,5 Ave & E 93 St,7372,40.792495,-73.964171,40.785785,-73.957481,member
476438,8497AB08ED1BB0AA,docked_bike,2021-04-24 13:41:17,2021-04-24 14:09:11,Central Park W & W 97 St,7538,5 Ave & E 93 St,7372,40.792495,-73.96417,40.7857851,-73.957481,casual
476439,ABF7E2B081D44355,docked_bike,2021-04-23 14:41:59,2021-04-23 14:49:41,Central Park W & W 97 St,7538,5 Ave & E 93 St,7372,40.792495,-73.96417,40.7857851,-73.957481,member
476440,B2F82D385B24A81D,docked_bike,2021-04-07 11:23:54,2021-04-07 11:31:34,Central Park W & W 97 St,7538,5 Ave & E 93 St,7372,40.792495,-73.96417,40.7857851,-73.957481,member
476446,97349FF255887C34,docked_bike,2021-04-29 15:48:57,2021-04-29 15:55:43,Central Park W & W 97 St,7538,5 Ave & E 93 St,7372,40.792495,-73.96417,40.7857851,-73.957481,member
477053,BC02997AEF67E9B3,docked_bike,2021-04-08 15:12:14,2021-04-08 15:53:40,W 100 St & Manhattan Ave,7538,5 Ave & E 93 St,7372,40.795,-73.9645,40.7857851,-73.957481,member
477059,0109B29027D2DA02,docked_bike,2021-04-10 14:59:26,2021-04-10 15:29:00,W 100 St & Manhattan Ave,7538,5 Ave & E 93 St,7372,40.795,-73.9645,40.7857851,-73.957481,member
477223,7F110C4A8B621AF5,docked_bike,2021-04-29 09:47:29,2021-04-29 09:56:11,W 100 St & Manhattan Ave,7538,5 Ave & E 93 St,7372,40.795,-73.9645,40.7857851,-73.957481,member
477898,FD10DC2FF29F026C,docked_bike,2021-04-28 19:25:17,2021-04-28 20:12:17,W 100 St & Manhattan Ave,7538,5 Ave & E 93 St,7372,40.795,-73.9645,40.7857851,-73.957481,member
477899,1C2532408C5FA324,docked_bike,2021-04-10 14:59:21,2021-04-10 15:29:07,W 100 St & Manhattan Ave,7538,5 Ave & E 93 St,7372,40.795,-73.9645,40.7857851,-73.957481,casual
477901,C548526EBA15C755,docked_bike,2021-04-04 12:02:33,2021-04-04 12:13:29,W 100 St & Manhattan Ave,7538,5 Ave & E 93 St,7372,40.795,-73.9645,40.7857851,-73.957481,member
477902,9A68ACE3D4F04919,docked_bike,2021-04-05 09:46:44,2021-04-05 09:55:23,W 100 St & Manhattan Ave,7538,5 Ave & E 93 St,7372,40.795,-73.9645,40.7857851,-73.957481,member
478967,148E4A83845E21D9,docked_bike,2021-04-01 15:17:51,2021-04-01 16:01:05,Central Park W & W 97 St,7538,5 Ave & E 93 St,7372,40.792495,-73.96417,40.7857851,-73.957481,member
478969,88DF68CD70E4EE83,docked_bike,2021-04-14 00:28:28,2021-04-14 00:39:24,Central Park W & W 97 St,7538,5 Ave & E 93 St,7372,40.792495,-73.96417,40.7857851,-73.957481,casual
478970,A8770212E1D5E770,docked_bike,2021-04-27 18:38:03,2021-04-27 19:06:04,Central Park W & W 97 St,7538,5 Ave & E 93 St,7372,40.792495,-73.96417,40.7857851,-73.957481,casual
478971,C0691F20FAFECDE3,docked_bike,2021-04-18 14:33:21,2021-04-18 15:27:55,Central Park W & W 97 St,7538,5 Ave & E 93 St,7372,40.792495,-73.96417,40.7857851,-73.957481,member
478973,80977725E31062C9,docked_bike,2021-04-06 13:02:48,2021-04-06 13:06:17,Central Park W & W 97 St,7538,5 Ave & E 93 St,7372,40.792495,-73.96417,40.7857851,-73.957481,member
478974,7F3F5D1B00FDE81E,docked_bike,2021-04-28 10:09:36,2021-04-28 10:13:56,Central Park W & W 97 St,7538,5 Ave & E 93 St,7372,40.792495,-73.96417,40.7857851,-73.957481,member
478975,2CBBF3DD8E5E4F60,docked_bike,2021-04-05 17:56:25,2021-04-05 18:01:32,Central Park W & W 97 St,7538,5 Ave & E 93 St,7372,40.792495,-73.96417,40.7857851,-73.957481,member
478995,B5BECAF30AA001F3,docked_bike,2021-04-07 13:27:24,2021-04-07 13:34:42,Central Park W & W 97 St,7538,5 Ave & E 93 St,7372,40.792495,-73.964171,40.785785,-73.957481,casual
478997,A4E5ADCEB30E1BAF,docked_bike,2021-04-04 10:57:37,2021-04-04 11:02:32,Central Park W & W 97 St,7538,5 Ave & E 93 St,7372,40.792495,-73.96417,40.7857851,-73.957481,member
479053,ACD0E4298DFE64F2,docked_bike,2021-04-26 11:00:15,2021-04-26 11:05:02,Central Park W & W 97 St,7538,5 Ave & E 93 St,7372,40.792495,-73.96417,40.7857851,-73.957481,member
479071,988DC6EC8F485706,docked_bike,2021-04-22 10:31:11,2021-04-22 10:39:02,Central Park W & W 97 St,7538,5 Ave & E 93 St,7372,40.792495,-73.96417,40.7857851,-73.957481,member
479086,6546BE3A62510047,docked_bike,2021-04-23 20:34:59,2021-04-23 21:09:49,Central Park W & W 97 St,7538,5 Ave & E 93 St,7372,40.792495,-73.96417,40.7857851,-73.957481,member
479087,260211DC4FA1A094,docked_bike,2021-04-28 17:02:17,2021-04-28 17:38:28,Central Park W & W 97 St,7538,5 Ave & E 93 St,7372,40.792495,-73.96417,40.7857851,-73.957481,casual
479127,8730992FF2023297,docked_bike,2021-04-04 17:14:04,2021-04-04 17:40:51,Central Park W & W 97 St,7538,5 Ave & E 93 St,7372,40.792495,-73.96417,40.7857851,-73.957481,casual
479130,F12867B9832E7B05,docked_bike,2021-04-06 18:39:54,2021-04-06 18:58:46,Central Park W & W 97 St,7538,5 Ave & E 93 St,7372,40.792495,-73.964171,40.785785,-73.957481,member
479131,0C08C5A9CD221583,docked_bike,2021-04-10 12:25:39,2021-04-10 12:51:49,Central Park W & W 97 St,7538,5 Ave & E 93 St,7372,40.792495,-73.96417,40.7857851,-73.957481,casual
479132,A7749BFCC7E59033,docked_bike,2021-04-23 17:25:10,2021-04-23 17:53:45,Central Park W & W 97 St,7538,5 Ave & E 93 St,7372,40.792495,-73.96417,40.7857851,-73.957481,member
479134,76031A80315268C2,docked_bike,2021-04-05 10:31:28,2021-04-05 10:38:28,Central Park W & W 97 St,7538,5 Ave & E 93 St,7372,40.792495,-73.96417,40.7857851,-73.957481,member
479135,1BB7FEBBB9425691,docked_bike,2021-04-03 18:27:31,2021-04-03 19:10:13,Central Park W & W 97 St,7538,5 Ave & E 93 St,7372,40.792495,-73.964171,40.785785,-73.957481,member
489871,CE7A9A7AC0FFA894,docked_bike,2021-04-16 17:42:30,2021-04-16 17:55:18,Central Park W & W 97 St,7538,Lenox Ave & W 126 St,7720,40.792495,-73.96417,40.808442,-73.9452087,member
489891,5CCAEDB2C1E13505,docked_bike,2021-04-08 19:32:55,2021-04-08 19:43:52,W 100 St & Manhattan Ave,7538,Lenox Ave & W 126 St,7720,40.795,-73.9645,40.808442,-73.9452087,member
489923,17DD6E33607F3019,docked_bike,2021-04-27 19:40:39,2021-04-27 19:51:34,W 100 St & Manhattan Ave,7538,W 120 St & Claremont Ave,7745,40.795,-73.9645,40.8109494,-73.9634,member
489945,596189C686ACD17D,docked_bike,2021-04-21 05:37:56,2021-04-21 05:46:00,W 100 St & Manhattan Ave,7538,W 120 St & Claremont Ave,7745,40.795,-73.9645,40.8109494,-73.9634,member
489951,13B209E94CDF9B74,docked_bike,2021-04-02 14:01:04,2021-04-02 14:10:51,W 100 St & Manhattan Ave,7538,Lenox Ave & W 126 St,7720,40.795,-73.9645,40.808442,-73.9452087,member
489955,C57DC7F228DCD05E,docked_bike,2021-04-04 13:13:11,2021-04-04 13:25:37,W 100 St & Manhattan Ave,7538,Lenox Ave & W 126 St,7720,40.795,-73.9645,40.808442,-73.9452087,member
489957,EBA8BD4085B3D394,docked_bike,2021-04-14 09:10:27,2021-04-14 09:19:45,W 100 St & Manhattan Ave,7538,W 120 St & Claremont Ave,7745,40.795,-73.9645,40.8109494,-73.9634,member
489965,0338479FE1F1CA4F,docked_bike,2021-04-21 13:48:57,2021-04-21 13:56:48,W 100 St & Manhattan Ave,7538,W 120 St & Claremont Ave,7745,40.795,-73.9645,40.8109494,-73.9634,member
490298,6F1E6B547FECAF93,docked_bike,2021-04-18 11:15:20,2021-04-18 12:22:39,W 100 St & Manhattan Ave,7538,Convent Ave & W 135 St,7860,40.795,-73.9645,40.818215,-73.950988,casual
490321,14FA3DFF8929C064,docked_bike,2021-04-28 17:47:08,2021-04-28 18:01:19,W 100 St & Manhattan Ave,7538,Lenox Ave & W 126 St,7720,40.795,-73.9645,40.808442,-73.9452087,member
490329,9560BA823DAD867D,docked_bike,2021-04-03 14:13:55,2021-04-03 14:26:37,W 100 St & Manhattan Ave,7538,W 120 St & Claremont Ave,7745,40.795,-73.9645,40.8109494,-73.9634,member
490339,6C3B5745A3815936,docked_bike,2021-04-13 17:10:08,2021-04-13 17:22:46,W 100 St & Manhattan Ave,7538,Lenox Ave & W 126 St,7720,40.795,-73.9645,40.808442,-73.9452087,member
490371,369D99C434CF6FF5,docked_bike,2021-04-01 15:00:42,2021-04-01 15:07:58,W 100 St & Manhattan Ave,7538,W 120 St & Claremont Ave,7745,40.795,-73.9645,40.8109494,-73.9634,member
491868,409A577DDDB8540D,docked_bike,2021-04-09 17:22:11,2021-04-09 17:35:07,Central Park W & W 97 St,7538,W 120 St & Claremont Ave,7745,40.792495,-73.96417,40.8109494,-73.9634,casual
491891,D816854E03D45B05,docked_bike,2021-04-09 11:00:08,2021-04-09 11:11:19,Central Park W & W 97 St,7538,W 120 St & Claremont Ave,7745,40.792495,-73.96417,40.8109494,-73.9634,member
491903,6686A73872D70E18,docked_bike,2021-04-08 07:07:40,2021-04-08 07:17:17,Central Park W & W 97 St,7538,Convent Ave & W 135 St,7860,40.792495,-73.96417,40.818215,-73.950988,member
491904,DC658EFD63816E36,docked_bike,2021-04-26 17:33:48,2021-04-26 17:59:09,Central Park W & W 97 St,7538,W 120 St & Claremont Ave,7745,40.792495,-73.96417,40.8109494,-73.9634,member
491909,502C243BC007E0C7,docked_bike,2021-04-02 12:33:21,2021-04-02 12:50:45,Central Park W & W 97 St,7538,Convent Ave & W 135 St,7860,40.792495,-73.96417,40.818215,-73.950988,member
491910,42A3F99C519F62C7,docked_bike,2021-04-16 18:44:02,2021-04-16 19:01:55,Central Park W & W 97 St,7538,Lenox Ave & W 126 St,7720,40.792495,-73.96417,40.808442,-73.9452087,member
491913,B07B39DE359EA191,docked_bike,2021-04-07 11:19:29,2021-04-07 11:34:24,Central Park W & W 97 St,7538,W 120 St & Claremont Ave,7745,40.792495,-73.964171,40.810949,-73.9634,member
491942,3AA85C02B8246ACA,docked_bike,2021-04-21 20:08:12,2021-04-21 20:22:56,Central Park W & W 97 St,7538,2 Ave & E 99 St,7386,40.792495,-73.96417,40.7862586,-73.94552579,casual
491945,AA9897FB3497BC0F,docked_bike,2021-04-06 14:41:40,2021-04-06 16:08:54,Central Park W & W 97 St,7538,Lenox Ave & W 126 St,7720,40.792495,-73.96417,40.808442,-73.9452087,casual
491963,D9AA809DDEEA19B8,docked_bike,2021-04-20 07:03:25,2021-04-20 07:13:22,Central Park W & W 97 St,7538,Convent Ave & W 135 St,7860,40.792495,-73.96417,40.818215,-73.950988,member
491964,7F56A5577681862F,docked_bike,2021-04-07 07:11:05,2021-04-07 07:26:02,Central Park W & W 97 St,7538,Convent Ave & W 135 St,7860,40.792495,-73.96417,40.818215,-73.950988,member
491966,CFD29ACF7F9C928A,docked_bike,2021-04-10 18:12:17,2021-04-10 18:30:38,Central Park W & W 97 St,7538,Convent Ave & W 135 St,7860,40.792495,-73.96417,40.818215,-73.950988,member
491971,3CB63E0FCE48C9B6,docked_bike,2021-04-30 11:44:31,2021-04-30 12:00:25,W 100 St & Manhattan Ave,7538,2 Ave & E 99 St,7386,40.795,-73.9645,40.7862586,-73.94552579,member
492015,B40F5C8DAC8C085D,docked_bike,2021-04-23 16:24:04,2021-04-23 16:42:14,Central Park W & W 97 St,7538,Convent Ave & W 135 St,7860,40.792495,-73.96417,40.818215,-73.950988,member
492022,01F95B2A83EAFAA7,docked_bike,2021-04-18 07:32:19,2021-04-18 07:40:41,Central Park W & W 97 St,7538,Lenox Ave & W 126 St,7720,40.792495,-73.96417,40.808442,-73.9452087,member
492026,9E407FDEA8A742C0,docked_bike,2021-04-07 17:52:43,2021-04-07 18:11:41,Central Park W & W 97 St,7538,Lenox Ave & W 126 St,7720,40.792495,-73.96417,40.808442,-73.9452087,member
492044,4B3248AACB1D75EB,docked_bike,2021-04-19 15:18:14,2021-04-19 15:31:32,W 100 St & Manhattan Ave,7538,Lenox Ave & W 126 St,7720,40.795,-73.9645,40.808442,-73.9452087,casual
492054,5ACCD7C34ED5FAEF,docked_bike,2021-04-02 16:04:10,2021-04-02 16:23:51,W 100 St & Manhattan Ave,7538,Convent Ave & W 135 St,7860,40.795,-73.9645,40.818215,-73.950988,member
492340,B07B186F0E9FC890,docked_bike,2021-04-09 12:27:57,2021-04-09 12:42:41,Central Park W & W 97 St,7538,W 120 St & Claremont Ave,7745,40.792495,-73.964171,40.810949,-73.9634,member
492341,FA4C0ABA804BE8AE,docked_bike,2021-04-04 14:44:03,2021-04-04 15:05:04,Central Park W & W 97 St,7538,Lenox Ave & W 126 St,7720,40.792495,-73.96417,40.808442,-73.9452087,casual
494810,86BDFE092955F1AF,docked_bike,2021-04-04 17:49:19,2021-04-04 18:10:05,Central Park W & W 97 St,7538,Pershing Square North,6432,40.792495,-73.96417,40.751873,-73.977706,member
494815,4488ACB63BD6DA70,docked_bike,2021-04-09 11:22:55,2021-04-09 11:44:11,Central Park W & W 97 St,7538,Pershing Square North,6432,40.792495,-73.96417,40.751873,-73.977706,casual
494817,B47FC4492899A45F,docked_bike,2021-04-29 08:12:45,2021-04-29 08:37:25,Central Park W & W 97 St,7538,Pershing Square North,6432,40.792495,-73.96417,40.751873,-73.977706,member
494818,D29FFDFB8D680B41,docked_bike,2021-04-13 14:14:09,2021-04-13 14:33:48,Central Park W & W 97 St,7538,E 93 St & 2 Ave,7286,40.792495,-73.96417,40.782454175279874,-73.9489196240902,member
494851,A3FDB056AB1B92FE,docked_bike,2021-04-15 09:26:30,2021-04-15 09:44:44,Central Park W & W 97 St,7538,W 135 St & Lenox Terrace Pl,7832,40.792495,-73.96417,40.813619,-73.939336,member
494855,7647F76D18C55FC7,docked_bike,2021-04-10 13:22:35,2021-04-10 13:53:11,Central Park W & W 97 St,7538,Pershing Square North,6432,40.792495,-73.96417,40.751873,-73.977706,casual
494870,F8102684404EEDFE,docked_bike,2021-04-16 12:53:54,2021-04-16 14:03:13,Central Park W & W 97 St,7538,Pershing Square North,6432,40.792495,-73.96417,40.751873,-73.977706,member
494888,DEE546D4B94DE505,docked_bike,2021-04-21 22:26:29,2021-04-21 22:38:25,Central Park W & W 97 St,7538,E 93 St & 2 Ave,7286,40.792495,-73.96417,40.782454175279874,-73.9489196240902,casual
496957,3E8E0B6E4185650E,docked_bike,2021-04-23 10:35:01,2021-04-23 10:56:26,Central Park W & W 97 St,7538,E 93 St & 2 Ave,7286,40.792495,-73.96417,40.782454175279874,-73.9489196240902,member
496958,9F16810973F1C0D6,docked_bike,2021-04-09 23:24:02,2021-04-09 23:39:12,Central Park W & W 97 St,7538,St Nicholas Ave & W 150 St,8013,40.792495,-73.96417,40.827212,-73.942722,casual
500596,9250D384FCB663A1,docked_bike,2021-04-14 11:05:27,2021-04-14 11:27:45,W 100 St & Manhattan Ave,7538,Pershing Square North,6432,40.795,-73.9645,40.751873,-73.977706,member
500602,40D1195C92F863F3,docked_bike,2021-04-11 22:52:02,2021-04-11 23:01:42,W 100 St & Manhattan Ave,7538,E 93 St & 2 Ave,7286,40.795,-73.9645,40.782454175279874,-73.9489196240902,casual
500791,977201B7C2E2B4A3,docked_bike,2021-04-13 23:23:53,2021-04-13 23:31:15,Central Park W & W 97 St,7538,E 93 St & 2 Ave,7286,40.792495,-73.96417,40.782454175279874,-73.9489196240902,casual
500799,510D160C0A1A7B39,docked_bike,2021-04-08 14:27:33,2021-04-08 14:51:01,Central Park W & W 97 St,7538,St Nicholas Ave & W 150 St,8013,40.792495,-73.96417,40.827212,-73.942722,member
501584,0F656FE3462C09B4,docked_bike,2021-04-23 18:11:22,2021-04-23 18:38:06,Central Park W & W 97 St,7538,Pershing Square North,6432,40.792495,-73.96417,40.751873,-73.977706,member
506875,0FC54295330E4DBA,docked_bike,2021-04-28 08:04:21,2021-04-28 08:19:16,Central Park W & W 97 St,7538,E 47 St & Park Ave,6584,40.792495,-73.96417,40.75510267,-73.97498696,member
509056,2CC625F2D1A3BB15,docked_bike,2021-04-07 15:23:59,2021-04-07 15:43:39,W 100 St & Manhattan Ave,7538,E 58 St & Madison Ave,6839,40.795,-73.9645,40.76302594280519,-73.97209525108337,member
509057,62112776A08968F4,docked_bike,2021-04-05 08:13:34,2021-04-05 08:26:17,W 100 St & Manhattan Ave,7538,E 58 St & Madison Ave,6839,40.795,-73.9645,40.76302594280519,-73.97209525108337,member
509064,E97D5EBD8AE035EE,docked_bike,2021-04-18 13:55:18,2021-04-18 14:08:17,W 100 St & Manhattan Ave,7538,Central Park West & W 68 St,7079,40.795,-73.9645,40.7734066,-73.97782542,member
509065,A51EFF48E995F788,docked_bike,2021-04-28 16:52:07,2021-04-28 17:11:10,W 100 St & Manhattan Ave,7538,Central Park West & W 68 St,7079,40.795,-73.9645,40.7734066,-73.97782542,casual
509066,AD14562DD15195B7,docked_bike,2021-04-28 08:34:18,2021-04-28 08:54:44,W 100 St & Manhattan Ave,7538,E 58 St & Madison Ave,6839,40.795,-73.9645,40.76302594280519,-73.97209525108337,casual
509067,EF6B70521C5275C4,docked_bike,2021-04-10 15:06:32,2021-04-10 15:26:52,W 100 St & Manhattan Ave,7538,E 58 St & Madison Ave,6839,40.795,-73.9645,40.76302594280519,-73.97209525108337,member
509068,52EF7C0CE50DB263,docked_bike,2021-04-20 15:32:45,2021-04-20 15:58:19,W 100 St & Manhattan Ave,7538,Central Park West & W 68 St,7079,40.795,-73.9645,40.7734066,-73.97782542,casual
509073,14A87479952ED2C6,docked_bike,2021-04-14 10:59:30,2021-04-14 11:08:43,W 100 St & Manhattan Ave,7538,Central Park West & W 68 St,7079,40.795,-73.9645,40.7734066,-73.97782542,member
509075,0074AD9EE513C24E,docked_bike,2021-04-16 14:07:55,2021-04-16 14:35:20,W 100 St & Manhattan Ave,7538,E 58 St & Madison Ave,6839,40.795,-73.9645,40.76302594280519,-73.97209525108337,member
509092,7D90F7DFFCEC4B65,docked_bike,2021-04-20 10:27:35,2021-04-20 10:42:03,W 100 St & Manhattan Ave,7538,Central Park West & W 68 St,7079,40.795,-73.9645,40.7734066,-73.97782542,casual
511163,6FDD26812A74A169,docked_bike,2021-04-12 08:08:07,2021-04-12 08:23:24,Central Park W & W 97 St,7538,E 58 St & Madison Ave,6839,40.792495,-73.96417,40.76302594280519,-73.97209525108337,casual
511169,42EA7F3BFDFC749E,docked_bike,2021-04-04 13:21:27,2021-04-04 13:47:35,Central Park W & W 97 St,7538,Central Park West & W 68 St,7079,40.792495,-73.96417,40.7734066,-73.97782542,member
511170,A893952B56960F77,docked_bike,2021-04-24 17:34:37,2021-04-24 18:16:34,Central Park W & W 97 St,7538,Central Park West & W 68 St,7079,40.792495,-73.96417,40.7734066,-73.97782542,casual
511174,C6FEA392E4A503B4,docked_bike,2021-04-28 22:04:51,2021-04-28 22:35:31,Central Park W & W 97 St,7538,Central Park West & W 68 St,7079,40.792495,-73.96417,40.7734066,-73.97782542,member
511175,5C853037FD25506E,docked_bike,2021-04-01 17:24:11,2021-04-01 17:35:13,Central Park W & W 97 St,7538,Central Park West & W 68 St,7079,40.792495,-73.96417,40.7734066,-73.97782542,member
511176,34F9F352885AF081,docked_bike,2021-04-24 17:34:44,2021-04-24 18:28:55,Central Park W & W 97 St,7538,Central Park West & W 68 St,7079,40.792495,-73.96417,40.7734066,-73.97782542,casual
511189,90A6B64D21296545,docked_bike,2021-04-09 19:29:06,2021-04-09 19:40:16,Central Park W & W 97 St,7538,Central Park West & W 68 St,7079,40.792495,-73.96417,40.7734066,-73.97782542,casual
511190,EC79D103DD24F02D,docked_bike,2021-04-24 19:11:04,2021-04-24 19:23:19,Central Park W & W 97 St,7538,Central Park West & W 68 St,7079,40.792495,-73.96417,40.7734066,-73.97782542,member
511191,6EA7A17E74DE07E3,docked_bike,2021-04-12 11:59:29,2021-04-12 13:06:54,Central Park W & W 97 St,7538,Central Park West & W 68 St,7079,40.792495,-73.96417,40.7734066,-73.97782542,casual
511196,9890E38703183DA7,docked_bike,2021-04-03 11:07:34,2021-04-03 11:21:50,Central Park W & W 97 St,7538,Central Park West & W 68 St,7079,40.792495,-73.96417,40.7734066,-73.97782542,member
511200,38EA1A8989967237,docked_bike,2021-04-23 08:07:13,2021-04-23 08:18:37,Central Park W & W 97 St,7538,Central Park West & W 68 St,7079,40.792495,-73.96417,40.7734066,-73.97782542,member
511202,A7B92358BE73D54D,docked_bike,2021-04-21 08:04:04,2021-04-21 08:14:26,Central Park W & W 97 St,7538,Central Park West & W 68 St,7079,40.792495,-73.96417,40.7734066,-73.97782542,member
511203,85A36FDC6DC96C5E,docked_bike,2021-04-07 15:59:52,2021-04-07 16:16:07,Central Park W & W 97 St,7538,Central Park West & W 68 St,7079,40.792495,-73.96417,40.7734066,-73.97782542,member
511207,52E6AA6100955C8B,docked_bike,2021-04-20 11:06:38,2021-04-20 11:22:03,Central Park W & W 97 St,7538,Central Park West & W 68 St,7079,40.792495,-73.96417,40.7734066,-73.97782542,casual
511209,7BF7E21AA544DCA1,docked_bike,2021-04-22 18:15:24,2021-04-22 19:00:35,Central Park W & W 97 St,7538,E 12 St & Ave C,5616,40.792495,-73.96417,40.727243,-73.976831,member
511210,7AFE2072E5F7D014,docked_bike,2021-04-24 07:00:53,2021-04-24 07:10:44,Central Park W & W 97 St,7538,Central Park West & W 68 St,7079,40.792495,-73.96417,40.7734066,-73.97782542,member
511214,7A3CAD5A433925C4,docked_bike,2021-04-13 11:15:31,2021-04-13 11:42:06,Central Park W & W 97 St,7538,Central Park West & W 68 St,7079,40.792495,-73.96417,40.7734066,-73.97782542,casual
511217,187F476036829035,docked_bike,2021-04-13 07:30:42,2021-04-13 07:51:01,Central Park W & W 97 St,7538,E 58 St & Madison Ave,6839,40.792495,-73.96417,40.76302594280519,-73.97209525108337,casual
511220,801F978A228F5878,docked_bike,2021-04-14 17:10:39,2021-04-14 17:31:19,Central Park W & W 97 St,7538,Central Park West & W 68 St,7079,40.792495,-73.96417,40.7734066,-73.97782542,member
511224,89E94A8A67DD9F47,docked_bike,2021-04-18 15:38:38,2021-04-18 15:53:33,Central Park W & W 97 St,7538,Central Park West & W 68 St,7079,40.792495,-73.96417,40.7734066,-73.97782542,member
511225,C1650BD94439B374,docked_bike,2021-04-25 12:48:57,2021-04-25 13:05:06,Central Park W & W 97 St,7538,Central Park West & W 68 St,7079,40.792495,-73.96417,40.7734066,-73.97782542,member
511226,01C00FA37E5115D6,docked_bike,2021-04-06 12:53:38,2021-04-06 13:04:08,Central Park W & W 97 St,7538,Central Park West & W 68 St,7079,40.792495,-73.96417,40.7734066,-73.97782542,member
511230,BE9CBBFAED7B63EF,docked_bike,2021-04-16 08:24:02,2021-04-16 08:35:07,Central Park W & W 97 St,7538,Central Park West & W 68 St,7079,40.792495,-73.96417,40.7734066,-73.97782542,member
511231,6C9AEBD95769EA43,docked_bike,2021-04-10 14:29:01,2021-04-10 14:44:15,Central Park W & W 97 St,7538,Central Park West & W 68 St,7079,40.792495,-73.96417,40.7734066,-73.97782542,casual
511236,F48C1BBCA9C07D0B,docked_bike,2021-04-08 16:07:56,2021-04-08 16:43:34,Central Park W & W 97 St,7538,Central Park West & W 68 St,7079,40.792495,-73.96417,40.7734066,-73.97782542,member
511237,AF0B1DF48AB40884,docked_bike,2021-04-23 12:36:11,2021-04-23 12:52:01,Central Park W & W 97 St,7538,E 58 St & Madison Ave,6839,40.792495,-73.964171,40.763026,-73.972095,member
511239,2984F1CA38602B92,docked_bike,2021-04-18 14:22:26,2021-04-18 14:46:16,Central Park W & W 97 St,7538,Central Park West & W 68 St,7079,40.792495,-73.96417,40.7734066,-73.97782542,casual
511240,0110DC71C3D9CCB7,docked_bike,2021-04-23 15:09:36,2021-04-23 15:27:48,Central Park W & W 97 St,7538,E 58 St & Madison Ave,6839,40.792495,-73.96417,40.76302594280519,-73.97209525108337,member
511247,F67096E0E0F9F42D,docked_bike,2021-04-18 14:23:16,2021-04-18 14:46:24,Central Park W & W 97 St,7538,Central Park West & W 68 St,7079,40.792495,-73.96417,40.7734066,-73.97782542,casual
511256,B1F82CCCF9DD595B,docked_bike,2021-04-24 17:35:28,2021-04-24 18:29:55,Central Park W & W 97 St,7538,Central Park West & W 68 St,7079,40.792495,-73.96417,40.7734066,-73.97782542,casual
511258,68BA8D6EBD4E9ABF,docked_bike,2021-04-28 17:43:41,2021-04-28 17:55:14,Central Park W & W 97 St,7538,Central Park West & W 68 St,7079,40.792495,-73.96417,40.7734066,-73.97782542,member
511259,0168BDEB5A547207,docked_bike,2021-04-10 12:15:47,2021-04-10 12:39:59,Central Park W & W 97 St,7538,Central Park West & W 68 St,7079,40.792495,-73.96417,40.7734066,-73.97782542,member
511267,67C9B5C1A8B8EE5B,docked_bike,2021-04-26 13:48:37,2021-04-26 13:58:10,Central Park W & W 97 St,7538,Central Park West & W 68 St,7079,40.792495,-73.96417,40.7734066,-73.97782542,member
511278,E63D875D82B429B8,docked_bike,2021-04-08 12:27:55,2021-04-08 12:41:17,Central Park W & W 97 St,7538,E 58 St & Madison Ave,6839,40.792495,-73.96417,40.76302594280519,-73.97209525108337,casual
511282,AF8DD762FC3024F6,docked_bike,2021-04-03 16:21:07,2021-04-03 16:44:25,Central Park W & W 97 St,7538,E 58 St & Madison Ave,6839,40.792495,-73.96417,40.76302594280519,-73.97209525108337,member
511283,46D27BA9C1FCAEFF,docked_bike,2021-04-28 22:03:47,2021-04-28 22:35:20,Central Park W & W 97 St,7538,Central Park West & W 68 St,7079,40.792495,-73.96417,40.7734066,-73.97782542,member
511287,C9B2B1231F365464,docked_bike,2021-04-27 15:08:19,2021-04-27 15:36:36,Central Park W & W 97 St,7538,Central Park West & W 68 St,7079,40.792495,-73.96417,40.7734066,-73.97782542,member
511583,427D5FEC392922C0,docked_bike,2021-04-14 09:12:02,2021-04-14 09:23:24,Central Park W & W 97 St,7538,E 58 St & Madison Ave,6839,40.792495,-73.96417,40.76302594280519,-73.97209525108337,member
511584,02803D704B137EDB,docked_bike,2021-04-18 15:38:50,2021-04-18 15:52:26,Central Park W & W 97 St,7538,Central Park West & W 68 St,7079,40.792495,-73.96417,40.7734066,-73.97782542,member
511588,E99F07FCF1D937B9,docked_bike,2021-04-10 15:23:48,2021-04-10 15:37:56,Central Park W & W 97 St,7538,Central Park West & W 68 St,7079,40.792495,-73.96417,40.7734066,-73.97782542,casual
511589,6F6F080EA614E7FC,docked_bike,2021-04-20 18:49:03,2021-04-20 18:57:55,Central Park W & W 97 St,7538,Central Park West & W 68 St,7079,40.792495,-73.96417,40.7734066,-73.97782542,casual
511593,6B269A317A4F1831,docked_bike,2021-04-18 13:31:52,2021-04-18 13:40:56,Central Park W & W 97 St,7538,Central Park West & W 68 St,7079,40.792495,-73.96417,40.7734066,-73.97782542,casual
511595,ACB5C83349508613,docked_bike,2021-04-08 08:27:15,2021-04-08 08:46:00,Central Park W & W 97 St,7538,E 58 St & Madison Ave,6839,40.792495,-73.96417,40.76302594280519,-73.97209525108337,member
511597,7DBDA1A2439FB35E,docked_bike,2021-04-28 18:38:52,2021-04-28 18:51:06,Central Park W & W 97 St,7538,Central Park West & W 68 St,7079,40.792495,-73.96417,40.7734066,-73.97782542,member
511606,4F7B803A750220C9,docked_bike,2021-04-21 18:13:18,2021-04-21 18:23:51,Central Park W & W 97 St,7538,Central Park West & W 68 St,7079,40.792495,-73.96417,40.7734066,-73.97782542,member
511607,1AF608640E915829,docked_bike,2021-04-10 12:15:20,2021-04-10 12:45:40,Central Park W & W 97 St,7538,Central Park West & W 68 St,7079,40.792495,-73.96417,40.7734066,-73.97782542,member
511614,C776AF3BDE0FA429,docked_bike,2021-04-25 12:45:41,2021-04-25 13:05:15,Central Park W & W 97 St,7538,Central Park West & W 68 St,7079,40.792495,-73.96417,40.7734066,-73.97782542,member
511617,2C4078DF72F0C920,docked_bike,2021-04-30 15:20:30,2021-04-30 15:46:13,Central Park W & W 97 St,7538,Central Park West & W 68 St,7079,40.792495,-73.96417,40.7734066,-73.97782542,casual
511618,8641CD0BF78805D8,docked_bike,2021-04-20 16:26:10,2021-04-20 16:40:26,Central Park W & W 97 St,7538,Central Park West & W 68 St,7079,40.792495,-73.96417,40.7734066,-73.97782542,casual
511619,2CE62D6C947E3DCF,docked_bike,2021-04-06 08:45:04,2021-04-06 09:05:12,Central Park W & W 97 St,7538,E 58 St & Madison Ave,6839,40.792495,-73.96417,40.76302594280519,-73.97209525108337,member
511620,00811C5B901D4FDF,docked_bike,2021-04-23 18:12:22,2021-04-23 18:27:01,Central Park W & W 97 St,7538,Central Park West & W 68 St,7079,40.792495,-73.96417,40.7734066,-73.97782542,member
511621,D4AA906EB30CD496,docked_bike,2021-04-16 12:59:48,2021-04-16 13:07:51,Central Park W & W 97 St,7538,Central Park West & W 68 St,7079,40.792495,-73.96417,40.7734066,-73.97782542,member
511622,B8E249AFC1D560AC,docked_bike,2021-04-06 17:31:08,2021-04-06 17:55:34,Central Park W & W 97 St,7538,W 35 St & Dyer Ave,6569,40.792495,-73.96417,40.754691750226016,-73.99740189313889,member
511623,8A77AE88AC11269F,docked_bike,2021-04-19 17:46:04,2021-04-19 18:12:20,Central Park W & W 97 St,7538,W 35 St & Dyer Ave,6569,40.792495,-73.96417,40.754691750226016,-73.99740189313889,member
513854,32BE6029C5A27C54,docked_bike,2021-04-29 07:01:29,2021-04-29 07:10:58,Central Park W & W 97 St,7538,Central Park West & W 68 St,7079,40.792495,-73.96417,40.7734066,-73.97782542,member
513855,BE05616C661B0A8B,docked_bike,2021-04-20 16:25:45,2021-04-20 16:40:22,Central Park W & W 97 St,7538,Central Park West & W 68 St,7079,40.792495,-73.96417,40.7734066,-73.97782542,casual
513856,CBAA010D34B03065,docked_bike,2021-04-24 16:16:37,2021-04-24 16:28:12,Central Park W & W 97 St,7538,Central Park West & W 68 St,7079,40.792495,-73.96417,40.7734066,-73.97782542,casual
513857,34F6341A30D30298,docked_bike,2021-04-10 15:13:31,2021-04-10 15:27:55,Central Park W & W 97 St,7538,Central Park West & W 68 St,7079,40.792495,-73.96417,40.7734066,-73.97782542,member
513858,8A12474FB11E1A90,docked_bike,2021-04-12 12:03:21,2021-04-12 13:07:04,Central Park W & W 97 St,7538,Central Park West & W 68 St,7079,40.792495,-73.96417,40.7734066,-73.97782542,casual
513859,EA917FCFD6B9DA3A,docked_bike,2021-04-08 23:37:44,2021-04-09 00:19:31,Central Park W & W 97 St,7538,Central Park West & W 68 St,7079,40.792495,-73.964171,40.773407,-73.977825,casual
513861,505920ECC36899D7,docked_bike,2021-04-18 16:22:40,2021-04-18 16:56:49,Central Park W & W 97 St,7538,Central Park West & W 68 St,7079,40.792495,-73.96417,40.7734066,-73.97782542,casual
513865,AA5CCFCD668FCD33,docked_bike,2021-04-07 08:32:47,2021-04-07 08:51:57,Central Park W & W 97 St,7538,E 58 St & Madison Ave,6839,40.792495,-73.96417,40.76302594280519,-73.97209525108337,member
513866,4758BFF8EF27644A,docked_bike,2021-04-22 08:46:22,2021-04-22 09:10:06,Central Park W & W 97 St,7538,E 58 St & Madison Ave,6839,40.792495,-73.96417,40.76302594280519,-73.97209525108337,member
513867,6104E422C4E7CBB2,docked_bike,2021-04-28 19:23:03,2021-04-28 19:29:15,Central Park W & W 97 St,7538,Central Park West & W 68 St,7079,40.792495,-73.96417,40.7734066,-73.97782542,member
513868,A4F2C46AC4A29CCC,docked_bike,2021-04-27 18:26:03,2021-04-27 19:00:47,Central Park W & W 97 St,7538,Central Park West & W 68 St,7079,40.792495,-73.96417,40.7734066,-73.97782542,member
513870,33680EEA1CDF95B2,docked_bike,2021-04-08 23:51:23,2021-04-09 00:20:31,Central Park W & W 97 St,7538,Central Park West & W 68 St,7079,40.792495,-73.964171,40.773407,-73.977825,casual
513871,F56FF49F916EFBBB,docked_bike,2021-04-08 17:42:05,2021-04-08 18:00:02,Central Park W & W 97 St,7538,Central Park West & W 68 St,7079,40.792495,-73.96417,40.7734066,-73.97782542,casual
513872,7F1A1081C86D73F6,docked_bike,2021-04-05 17:48:35,2021-04-05 18:15:26,Central Park W & W 97 St,7538,W 35 St & Dyer Ave,6569,40.792495,-73.96417,40.754691750226016,-73.99740189313889,member
513873,0413B98995D478A8,docked_bike,2021-04-07 16:38:18,2021-04-07 17:07:51,Central Park W & W 97 St,7538,W 35 St & Dyer Ave,6569,40.792495,-73.96417,40.754691750226016,-73.99740189313889,member
513889,9B5160186C2D8597,docked_bike,2021-04-23 09:53:46,2021-04-23 10:08:39,Central Park W & W 97 St,7538,E 58 St & Madison Ave,6839,40.792495,-73.96417,40.76302594280519,-73.97209525108337,member
513891,05207EB671A9F7B2,docked_bike,2021-04-01 10:13:10,2021-04-01 10:27:46,Central Park W & W 97 St,7538,Central Park West & W 68 St,7079,40.792495,-73.96417,40.7734066,-73.97782542,member
513896,844B00E10AE5BFFE,docked_bike,2021-04-24 17:37:04,2021-04-24 18:16:50,Central Park W & W 97 St,7538,Central Park West & W 68 St,7079,40.792495,-73.96417,40.7734066,-73.97782542,casual
513897,807E1360EDD9BD4B,docked_bike,2021-04-13 11:13:54,2021-04-13 11:41:53,Central Park W & W 97 St,7538,Central Park West & W 68 St,7079,40.792495,-73.96417,40.7734066,-73.97782542,casual
513899,BD6614E81565C7BB,docked_bike,2021-04-22 08:30:30,2021-04-22 08:42:06,Central Park W & W 97 St,7538,E 58 St & Madison Ave,6839,40.792495,-73.96417,40.76302594280519,-73.97209525108337,member
513903,CFB15660F8CECA5F,docked_bike,2021-04-08 16:08:10,2021-04-08 16:43:25,Central Park W & W 97 St,7538,Central Park West & W 68 St,7079,40.792495,-73.96417,40.7734066,-73.97782542,member
513905,130BF09E6CB29EDA,docked_bike,2021-04-05 10:40:45,2021-04-05 10:48:47,Central Park W & W 97 St,7538,Central Park West & W 68 St,7079,40.792495,-73.96417,40.7734066,-73.97782542,member
513906,B99AE19114F56BE2,docked_bike,2021-04-23 17:21:45,2021-04-23 18:00:35,Central Park W & W 97 St,7538,W 35 St & Dyer Ave,6569,40.792495,-73.96417,40.754691750226016,-73.99740189313889,member
514793,82367D8CA7777C87,docked_bike,2021-04-07 17:17:15,2021-04-07 17:46:31,W 100 St & Manhattan Ave,7538,Central Park West & W 68 St,7079,40.795,-73.9645,40.7734066,-73.97782542,member
514794,ECE02115099BBF16,docked_bike,2021-04-27 20:04:51,2021-04-27 20:19:13,W 100 St & Manhattan Ave,7538,Central Park West & W 68 St,7079,40.795,-73.9645,40.7734066,-73.97782542,member
514802,390E3CA18BAC53E1,docked_bike,2021-04-05 08:27:38,2021-04-05 08:50:14,W 100 St & Manhattan Ave,7538,E 58 St & Madison Ave,6839,40.795,-73.9645,40.76302594280519,-73.97209525108337,member
514829,CFB763F59B08F6B2,docked_bike,2021-04-04 13:05:30,2021-04-04 13:28:42,W 100 St & Manhattan Ave,7538,E 58 St & Madison Ave,6839,40.795,-73.9645,40.76302594280519,-73.97209525108337,member
514831,34B25931A1C92642,docked_bike,2021-04-28 08:15:58,2021-04-28 08:24:54,W 100 St & Manhattan Ave,7538,Central Park West & W 68 St,7079,40.795,-73.9645,40.7734066,-73.97782542,member
514832,AE5E0468B1B4CDBF,docked_bike,2021-04-20 07:59:19,2021-04-20 08:14:01,W 100 St & Manhattan Ave,7538,Central Park West & W 68 St,7079,40.795,-73.9645,40.7734066,-73.97782542,member
514835,7D6739C8595CBCE9,docked_bike,2021-04-18 13:18:03,2021-04-18 13:28:24,W 100 St & Manhattan Ave,7538,Central Park West & W 68 St,7079,40.795,-73.9645,40.7734066,-73.97782542,casual
514838,0DF2B0A42E776A75,docked_bike,2021-04-28 17:14:19,2021-04-28 17:23:42,W 100 St & Manhattan Ave,7538,Central Park West & W 68 St,7079,40.795,-73.9645,40.7734066,-73.97782542,casual
514841,344DCF7F85B4DC49,docked_bike,2021-04-09 09:39:17,2021-04-09 09:57:18,W 100 St & Manhattan Ave,7538,E 58 St & Madison Ave,6839,40.795,-73.9645,40.76302594280519,-73.97209525108337,member
514877,384E1AB0A9641DDE,docked_bike,2021-04-29 08:22:58,2021-04-29 08:31:45,W 100 St & Manhattan Ave,7538,Central Park West & W 68 St,7079,40.795,-73.9645,40.7734066,-73.97782542,member
514878,3F6F27BD252BB146,docked_bike,2021-04-27 20:04:28,2021-04-27 20:19:11,W 100 St & Manhattan Ave,7538,Central Park West & W 68 St,7079,40.795,-73.9645,40.7734066,-73.97782542,member
521660,333151D899AC81BB,docked_bike,2021-04-05 06:43:44,2021-04-05 06:55:30,W 100 St & Manhattan Ave,7538,E 76 St & Park Ave,7128,40.795,-73.9645,40.773763,-73.96222088,member
521665,C2909EC7672DE3A3,docked_bike,2021-04-25 15:57:43,2021-04-25 16:08:20,W 100 St & Manhattan Ave,7538,Edgecombe Ave & W 141 St,7915,40.795,-73.9645,40.820681,-73.945144,member
521670,015CF6B693653BC2,docked_bike,2021-04-24 15:25:39,2021-04-24 16:02:45,W 100 St & Manhattan Ave,7538,Edgecombe Ave & W 141 St,7915,40.795,-73.9645,40.820681,-73.945144,member
521674,1C5C89C460A6B61D,docked_bike,2021-04-21 08:06:11,2021-04-21 08:17:17,W 100 St & Manhattan Ave,7538,Edgecombe Ave & W 141 St,7915,40.795,-73.9645,40.820681,-73.945144,member
521678,09AAC4A55F5026A5,docked_bike,2021-04-02 19:31:53,2021-04-02 19:42:45,W 100 St & Manhattan Ave,7538,E 76 St & Park Ave,7128,40.795,-73.9645,40.773763,-73.96222088,casual
521679,3BD6CC33EC9554FC,docked_bike,2021-04-19 08:01:42,2021-04-19 08:13:28,W 100 St & Manhattan Ave,7538,Edgecombe Ave & W 141 St,7915,40.795,-73.9645,40.820681,-73.945144,member
521680,4044D9B9F9416AE0,docked_bike,2021-04-27 19:13:03,2021-04-27 19:31:45,W 100 St & Manhattan Ave,7538,Edgecombe Ave & W 141 St,7915,40.795,-73.9645,40.820681,-73.945144,casual
521684,DD18BE97DC184BCB,docked_bike,2021-04-10 10:15:03,2021-04-10 10:25:36,W 100 St & Manhattan Ave,7538,E 76 St & Park Ave,7128,40.795,-73.9645,40.773763,-73.96222088,casual
521685,734CF7AF96AFAE32,docked_bike,2021-04-17 16:01:30,2021-04-17 16:13:49,W 100 St & Manhattan Ave,7538,Edgecombe Ave & W 141 St,7915,40.795,-73.9645,40.820681,-73.945144,member
521687,BE6FC045132E912E,docked_bike,2021-04-05 07:37:36,2021-04-05 07:49:29,W 100 St & Manhattan Ave,7538,E 76 St & Park Ave,7128,40.795,-73.9645,40.773763,-73.96222088,casual
521688,DB3A883429F6F3B5,docked_bike,2021-04-06 18:30:29,2021-04-06 18:41:22,W 100 St & Manhattan Ave,7538,Edgecombe Ave & W 141 St,7915,40.795,-73.9645,40.820681,-73.945144,member
521690,8AE0932F7D598C53,docked_bike,2021-04-18 09:27:29,2021-04-18 09:38:07,W 100 St & Manhattan Ave,7538,E 76 St & Park Ave,7128,40.795,-73.9645,40.773763,-73.96222088,casual
521691,EE8B97D97ADB9A7F,docked_bike,2021-04-11 09:32:57,2021-04-11 09:43:04,W 100 St & Manhattan Ave,7538,E 76 St & Park Ave,7128,40.795,-73.9645,40.773763,-73.96222088,casual
521695,A50F70608E3F756E,docked_bike,2021-04-27 13:57:04,2021-04-27 14:12:17,W 100 St & Manhattan Ave,7538,E 76 St & Park Ave,7128,40.795,-73.9645,40.773763,-73.96222088,casual
521699,22DD0C129FD42801,docked_bike,2021-04-03 10:01:08,2021-04-03 10:13:34,W 100 St & Manhattan Ave,7538,E 76 St & Park Ave,7128,40.795,-73.9645,40.773763,-73.96222088,casual
525811,D01A5FDEE21B0A18,docked_bike,2021-04-24 14:58:24,2021-04-24 15:14:59,Central Park W & W 97 St,7538,Edgecombe Ave & W 141 St,7915,40.792495,-73.96417,40.820681,-73.945144,member
525830,776D83726D811C37,docked_bike,2021-04-05 07:22:42,2021-04-05 07:36:48,Central Park W & W 97 St,7538,Edgecombe Ave & W 141 St,7915,40.792495,-73.96417,40.820681,-73.945144,member
525835,312109D3B0EE9346,docked_bike,2021-04-30 07:36:46,2021-04-30 07:47:03,Central Park W & W 97 St,7538,Edgecombe Ave & W 141 St,7915,40.792495,-73.96417,40.820681,-73.945144,member
525836,2E039CFD259891E8,docked_bike,2021-04-20 07:53:49,2021-04-20 08:07:57,Central Park W & W 97 St,7538,Edgecombe Ave & W 141 St,7915,40.792495,-73.96417,40.820681,-73.945144,member
525842,4F3D557CCFD63D20,docked_bike,2021-04-10 11:06:05,2021-04-10 11:15:50,Central Park W & W 97 St,7538,E 76 St & Park Ave,7128,40.792495,-73.96417,40.773763,-73.96222088,member
525843,AC8009A3B485BC36,docked_bike,2021-04-13 09:39:51,2021-04-13 09:49:57,Central Park W & W 97 St,7538,E 76 St & Park Ave,7128,40.792495,-73.96417,40.773763,-73.96222088,member
525860,37D7D6DA65AD0478,docked_bike,2021-04-24 10:31:30,2021-04-24 10:59:09,Central Park W & W 97 St,7538,E 51 St & Lexington Ave,6659,40.792495,-73.96417,40.75714758,-73.97207836,casual
525867,9863B549ED392509,docked_bike,2021-04-27 08:00:49,2021-04-27 08:13:21,Central Park W & W 97 St,7538,Edgecombe Ave & W 141 St,7915,40.792495,-73.96417,40.820681,-73.945144,member
525880,3B5CB58DEE059010,docked_bike,2021-04-28 07:28:09,2021-04-28 07:40:20,Central Park W & W 97 St,7538,Edgecombe Ave & W 141 St,7915,40.792495,-73.96417,40.820681,-73.945144,member
525893,E505179C95A4008E,docked_bike,2021-04-19 08:50:35,2021-04-19 09:12:42,Central Park W & W 97 St,7538,E 76 St & Park Ave,7128,40.792495,-73.96417,40.773763,-73.96222088,casual
525895,E60A284727CE6233,docked_bike,2021-04-21 07:19:27,2021-04-21 07:32:16,Central Park W & W 97 St,7538,Edgecombe Ave & W 141 St,7915,40.792495,-73.96417,40.820681,-73.945144,member
525921,D12A3B0D0B6BFBC9,docked_bike,2021-04-07 08:00:03,2021-04-07 08:21:23,Central Park W & W 97 St,7538,E 51 St & Lexington Ave,6659,40.792495,-73.96417,40.75714758,-73.97207836,member
525932,558BD6A1349613AF,docked_bike,2021-04-24 10:31:12,2021-04-24 10:59:55,Central Park W & W 97 St,7538,E 51 St & Lexington Ave,6659,40.792495,-73.96417,40.75714758,-73.97207836,casual
525946,5CA737D7E1BFF2B2,docked_bike,2021-04-19 09:17:05,2021-04-19 09:31:51,Central Park W & W 97 St,7538,Edgecombe Ave & W 141 St,7915,40.792495,-73.96417,40.820681,-73.945144,casual
525949,5FE261D719140C25,docked_bike,2021-04-06 07:38:02,2021-04-06 08:06:14,Central Park W & W 97 St,7538,E 51 St & Lexington Ave,6659,40.792495,-73.96417,40.75714758,-73.97207836,casual
525954,0B28E221059E2516,docked_bike,2021-04-26 07:25:16,2021-04-26 07:40:16,Central Park W & W 97 St,7538,Edgecombe Ave & W 141 St,7915,40.792495,-73.96417,40.820681,-73.945144,member
525960,8671F776C2017533,docked_bike,2021-04-22 09:46:28,2021-04-22 09:54:46,Central Park W & W 97 St,7538,E 76 St & Park Ave,7128,40.792495,-73.96417,40.773763,-73.96222088,member
525969,1BCBBBD87912E811,docked_bike,2021-04-09 07:31:36,2021-04-09 07:46:32,Central Park W & W 97 St,7538,Edgecombe Ave & W 141 St,7915,40.792495,-73.96417,40.820681,-73.945144,member
525987,D74F54AD483808B5,docked_bike,2021-04-20 09:27:44,2021-04-20 09:41:44,Central Park W & W 97 St,7538,E 76 St & Park Ave,7128,40.792495,-73.96417,40.773763,-73.96222088,casual
526010,2FBD39C40EAB9E61,docked_bike,2021-04-27 11:10:36,2021-04-27 11:34:13,Central Park W & W 97 St,7538,E 50 St & Park Ave,6659,40.792495,-73.96417,40.757334,-73.974235,member
526015,BA8229A14F995CB3,docked_bike,2021-04-06 09:16:22,2021-04-06 09:26:57,Central Park W & W 97 St,7538,E 76 St & Park Ave,7128,40.792495,-73.96417,40.773763,-73.96222088,member
526023,A33DB0E1555B55CF,docked_bike,2021-04-19 12:29:47,2021-04-19 12:46:57,Central Park W & W 97 St,7538,E 76 St & Park Ave,7128,40.792495,-73.96417,40.773763,-73.96222088,member
526537,CA904B92F7AE132E,docked_bike,2021-04-11 07:42:00,2021-04-11 07:53:01,W 100 St & Manhattan Ave,7538,E 76 St & Park Ave,7128,40.795,-73.9645,40.773763,-73.96222088,member
526546,C6A727FC589632A3,docked_bike,2021-04-20 16:40:22,2021-04-20 18:45:28,W 100 St & Manhattan Ave,7538,E 76 St & Park Ave,7128,40.795,-73.9645,40.773763,-73.96222088,member
533937,AB2C4FD8DAD93660,docked_bike,2021-04-05 15:40:56,2021-04-05 15:52:04,W 100 St & Manhattan Ave,7538,W 116 St & Amsterdam Ave,7692,40.795,-73.9645,40.8067581,-73.9607082,casual
533938,6E06A65D4231AC82,docked_bike,2021-04-17 19:28:10,2021-04-17 19:31:54,W 100 St & Manhattan Ave,7538,W 110 St & Amsterdam Ave,7646,40.795,-73.9645,40.802692,-73.96295,member
533939,579175B05A17A596,docked_bike,2021-04-21 07:38:14,2021-04-21 07:43:26,W 100 St & Manhattan Ave,7538,W 110 St & Amsterdam Ave,7646,40.795,-73.9645,40.802692,-73.96295,member
533940,D4A21FC77E11F99D,docked_bike,2021-04-26 07:40:41,2021-04-26 07:45:14,W 100 St & Manhattan Ave,7538,W 110 St & Amsterdam Ave,7646,40.795,-73.9645,40.802692,-73.96295,member
533941,C67D7A8B6D8E61DB,docked_bike,2021-04-09 08:38:59,2021-04-09 08:45:53,W 100 St & Manhattan Ave,7538,W 110 St & Amsterdam Ave,7646,40.795,-73.9645,40.802692,-73.96295,member
533944,A48B454EF97363E6,docked_bike,2021-04-25 18:58:19,2021-04-25 19:04:01,W 100 St & Manhattan Ave,7538,W 110 St & Amsterdam Ave,7646,40.795,-73.9645,40.802692,-73.96295,member
533972,BB7C95ADA8EC8B65,docked_bike,2021-04-22 08:23:20,2021-04-22 08:28:49,W 100 St & Manhattan Ave,7538,W 116 St & Amsterdam Ave,7692,40.795,-73.9645,40.8067581,-73.9607082,member
533975,5616E005A8C444B8,docked_bike,2021-04-29 16:59:44,2021-04-29 17:06:02,W 100 St & Manhattan Ave,7538,W 110 St & Amsterdam Ave,7646,40.795,-73.9645,40.802692,-73.96295,member
533999,F17141A5D5B479DE,docked_bike,2021-04-09 21:05:02,2021-04-09 21:27:08,W 100 St & Manhattan Ave,7538,W 116 St & Amsterdam Ave,7692,40.795,-73.9645,40.8067581,-73.9607082,member
534005,A8B27933590F7D23,docked_bike,2021-04-23 15:10:48,2021-04-23 15:17:09,W 100 St & Manhattan Ave,7538,W 110 St & Amsterdam Ave,7646,40.795,-73.9645,40.802692,-73.96295,member
534006,DC00A37334D3ADFC,docked_bike,2021-04-27 17:10:36,2021-04-27 17:22:55,W 100 St & Manhattan Ave,7538,W 110 St & Amsterdam Ave,7646,40.795,-73.9645,40.802692,-73.96295,casual
534007,586EED398824455C,docked_bike,2021-04-14 12:33:58,2021-04-14 12:43:08,W 100 St & Manhattan Ave,7538,W 116 St & Amsterdam Ave,7692,40.795,-73.9645,40.8067581,-73.9607082,casual
534012,34970C6C5ECF9FCD,docked_bike,2021-04-29 21:36:07,2021-04-29 21:40:33,W 100 St & Manhattan Ave,7538,W 110 St & Amsterdam Ave,7646,40.795,-73.9645,40.802692,-73.96295,member
534013,6FBB6D6B8C49150A,docked_bike,2021-04-29 10:58:16,2021-04-29 11:03:23,W 100 St & Manhattan Ave,7538,W 110 St & Amsterdam Ave,7646,40.795,-73.9645,40.802692,-73.96295,member
534015,C435C54AC4739BE9,docked_bike,2021-04-02 12:06:50,2021-04-02 12:36:53,W 100 St & Manhattan Ave,7538,Greenwich Ave & Charles St,5914,40.795,-73.9645,40.735238,-74.000271,member
534016,9C399F9D115DE608,docked_bike,2021-04-05 15:40:36,2021-04-05 15:51:59,W 100 St & Manhattan Ave,7538,W 116 St & Amsterdam Ave,7692,40.795,-73.9645,40.8067581,-73.9607082,casual
534031,B7EFF696D7E4A728,docked_bike,2021-04-26 13:51:51,2021-04-26 13:56:50,W 100 St & Manhattan Ave,7538,W 110 St & Amsterdam Ave,7646,40.795,-73.9645,40.802692,-73.96295,member
534032,5D30D4B40449DB08,docked_bike,2021-04-30 14:11:07,2021-04-30 14:15:21,W 100 St & Manhattan Ave,7538,W 110 St & Amsterdam Ave,7646,40.795,-73.9645,40.802692,-73.96295,member
534046,6DFE031DE0235B68,docked_bike,2021-04-16 15:20:30,2021-04-16 15:29:39,W 100 St & Manhattan Ave,7538,W 116 St & Amsterdam Ave,7692,40.795,-73.9645,40.8067581,-73.9607082,member
534064,5A014DCC8A0D2FC9,docked_bike,2021-04-04 16:49:15,2021-04-04 17:22:35,W 100 St & Manhattan Ave,7538,W 116 St & Amsterdam Ave,7692,40.795,-73.9645,40.8067581,-73.9607082,member
534065,D3A83A5294550A6E,docked_bike,2021-04-06 14:56:26,2021-04-06 15:04:42,W 100 St & Manhattan Ave,7538,W 110 St & Amsterdam Ave,7646,40.795,-73.9645,40.802692,-73.96295,member
534068,F19C705CF03B568D,docked_bike,2021-04-06 18:16:27,2021-04-06 18:26:32,W 100 St & Manhattan Ave,7538,W 116 St & Amsterdam Ave,7692,40.795,-73.9645,40.806758,-73.960708,member
534076,81372C3087DE9DCA,docked_bike,2021-04-02 12:07:19,2021-04-02 12:36:52,W 100 St & Manhattan Ave,7538,Greenwich Ave & Charles St,5914,40.795,-73.9645,40.735238,-74.000271,member
534077,2117E40A9F0D89A9,docked_bike,2021-04-04 22:56:58,2021-04-04 23:02:15,W 100 St & Manhattan Ave,7538,W 116 St & Amsterdam Ave,7692,40.795,-73.9645,40.8067581,-73.9607082,member
534080,34F5B0C74FF5F458,docked_bike,2021-04-16 18:20:47,2021-04-16 18:28:17,W 100 St & Manhattan Ave,7538,W 110 St & Amsterdam Ave,7646,40.795,-73.9645,40.802692,-73.96295,casual
534082,CE110BAB0015816E,docked_bike,2021-04-18 19:14:50,2021-04-18 19:30:55,W 100 St & Manhattan Ave,7538,W 116 St & Amsterdam Ave,7692,40.795,-73.9645,40.8067581,-73.9607082,member
534083,E26FC39DDF758A72,docked_bike,2021-04-17 18:57:03,2021-04-17 19:04:00,W 100 St & Manhattan Ave,7538,W 110 St & Amsterdam Ave,7646,40.795,-73.9645,40.802692,-73.96295,member
534088,F26F15D78702C5DB,docked_bike,2021-04-13 08:44:43,2021-04-13 08:48:59,W 100 St & Manhattan Ave,7538,W 110 St & Amsterdam Ave,7646,40.795,-73.9645,40.802692,-73.96295,member
534089,F370945750F366B3,docked_bike,2021-04-20 08:33:23,2021-04-20 08:36:43,W 100 St & Manhattan Ave,7538,W 110 St & Amsterdam Ave,7646,40.795,-73.9645,40.802692,-73.96295,member
534090,012A52DA175185A8,docked_bike,2021-04-19 09:20:21,2021-04-19 09:34:08,W 100 St & Manhattan Ave,7538,W 110 St & Amsterdam Ave,7646,40.795,-73.9645,40.802692,-73.96295,casual
534093,D91F02612FE066DE,docked_bike,2021-04-17 14:07:37,2021-04-17 14:17:44,W 100 St & Manhattan Ave,7538,W 110 St & Amsterdam Ave,7646,40.795,-73.9645,40.802692,-73.96295,member
534094,943FA40D8F5B0F4C,docked_bike,2021-04-04 16:48:51,2021-04-04 17:22:35,W 100 St & Manhattan Ave,7538,W 116 St & Amsterdam Ave,7692,40.795,-73.9645,40.8067581,-73.9607082,member
534104,9667B8FC422B9CDA,docked_bike,2021-04-12 09:12:12,2021-04-12 09:20:27,W 100 St & Manhattan Ave,7538,W 110 St & Amsterdam Ave,7646,40.795,-73.9645,40.802692,-73.96295,member
534105,42034A26E2FB78E4,docked_bike,2021-04-03 15:27:46,2021-04-03 15:39:26,W 100 St & Manhattan Ave,7538,W 116 St & Amsterdam Ave,7692,40.795,-73.9645,40.8067581,-73.9607082,member
534109,26C7D48D9C434213,docked_bike,2021-04-28 09:04:44,2021-04-28 09:09:16,W 100 St & Manhattan Ave,7538,W 110 St & Amsterdam Ave,7646,40.795,-73.9645,40.802692,-73.96295,member
534110,B24211B321ABCF90,docked_bike,2021-04-19 09:19:48,2021-04-19 09:25:06,W 100 St & Manhattan Ave,7538,W 110 St & Amsterdam Ave,7646,40.795,-73.9645,40.802692,-73.96295,member
534111,2939EF01A4895076,docked_bike,2021-04-07 17:18:07,2021-04-07 17:21:54,W 100 St & Manhattan Ave,7538,W 110 St & Amsterdam Ave,7646,40.795,-73.9645,40.802692,-73.96295,member
534112,12EC5CDAC8A5BEA9,docked_bike,2021-04-07 08:36:38,2021-04-07 08:41:45,W 100 St & Manhattan Ave,7538,W 110 St & Amsterdam Ave,7646,40.795,-73.9645,40.802692,-73.96295,member
534119,3C48BF7210FB23FB,docked_bike,2021-04-23 16:25:46,2021-04-23 16:40:53,W 100 St & Manhattan Ave,7538,W 116 St & Amsterdam Ave,7692,40.795,-73.9645,40.8067581,-73.9607082,casual
534122,F8A1AB14D52AB3AB,docked_bike,2021-04-30 20:23:37,2021-04-30 20:33:06,W 100 St & Manhattan Ave,7538,W 116 St & Amsterdam Ave,7692,40.795,-73.9645,40.8067581,-73.9607082,casual
534127,3E6099301B4A833D,docked_bike,2021-04-07 17:10:02,2021-04-07 17:19:17,W 100 St & Manhattan Ave,7538,W 116 St & Amsterdam Ave,7692,40.795,-73.9645,40.8067581,-73.9607082,member
534131,63CF3A13F732D9A4,docked_bike,2021-04-28 14:00:47,2021-04-28 14:10:19,W 100 St & Manhattan Ave,7538,W 116 St & Amsterdam Ave,7692,40.795,-73.9645,40.8067581,-73.9607082,casual
534132,897D390D9A710C65,docked_bike,2021-04-19 08:04:48,2021-04-19 08:09:49,W 100 St & Manhattan Ave,7538,W 116 St & Amsterdam Ave,7692,40.795,-73.9645,40.8067581,-73.9607082,member
534148,3066764558CC381B,docked_bike,2021-04-17 18:48:05,2021-04-17 18:53:09,W 100 St & Manhattan Ave,7538,W 110 St & Amsterdam Ave,7646,40.795,-73.9645,40.802692,-73.96295,member
534441,1E66836DB3E6C010,docked_bike,2021-04-07 17:52:53,2021-04-07 18:20:15,W 100 St & Manhattan Ave,7538,W 110 St & Amsterdam Ave,7646,40.795,-73.9645,40.802692,-73.96295,member
537361,E4D7BC8833B2752C,docked_bike,2021-04-12 09:39:55,2021-04-12 09:44:53,W 100 St & Manhattan Ave,7538,W 110 St & Amsterdam Ave,7646,40.795,-73.9645,40.802692,-73.96295,member
537362,396830443F5A5AB6,docked_bike,2021-04-23 11:44:17,2021-04-23 11:49:34,W 100 St & Manhattan Ave,7538,W 110 St & Amsterdam Ave,7646,40.795,-73.9645,40.802692,-73.96295,member
537363,379C95B9237DE839,docked_bike,2021-04-06 08:35:43,2021-04-06 08:40:49,W 100 St & Manhattan Ave,7538,W 110 St & Amsterdam Ave,7646,40.795,-73.9645,40.802692,-73.96295,member
537364,6CEAE16B29DF808B,docked_bike,2021-04-14 08:46:52,2021-04-14 08:52:37,W 100 St & Manhattan Ave,7538,W 110 St & Amsterdam Ave,7646,40.795,-73.9645,40.802692,-73.96295,member
537366,783C13F4EF4139B0,docked_bike,2021-04-19 09:20:50,2021-04-19 09:34:00,W 100 St & Manhattan Ave,7538,W 110 St & Amsterdam Ave,7646,40.795,-73.9645,40.802692,-73.96295,casual
537690,7322A8B7B3812EA6,docked_bike,2021-04-20 18:50:54,2021-04-20 19:08:31,Central Park W & W 97 St,7538,W 116 St & Amsterdam Ave,7692,40.792495,-73.96417,40.8067581,-73.9607082,member
537698,A86594E642930FAB,docked_bike,2021-04-06 15:31:51,2021-04-06 15:39:42,Central Park W & W 97 St,7538,W 110 St & Amsterdam Ave,7646,40.792495,-73.96417,40.802692,-73.96295,member
537699,7340BA642CCEF8D9,docked_bike,2021-04-17 16:16:16,2021-04-17 16:16:12,Central Park W & W 97 St,7538,W 110 St & Amsterdam Ave,7646,40.792495,-73.96417,40.802692,-73.96295,member
537700,0DC0722572208F92,docked_bike,2021-04-29 18:52:09,2021-04-29 19:07:50,Central Park W & W 97 St,7538,W 116 St & Amsterdam Ave,7692,40.792495,-73.96417,40.8067581,-73.9607082,member
537701,85B3BE67F076188F,docked_bike,2021-04-26 18:36:17,2021-04-26 18:54:11,Central Park W & W 97 St,7538,W 116 St & Amsterdam Ave,7692,40.792495,-73.96417,40.8067581,-73.9607082,member
537702,79C21AA596990FC0,docked_bike,2021-04-30 09:00:07,2021-04-30 09:06:56,Central Park W & W 97 St,7538,W 116 St & Amsterdam Ave,7692,40.792495,-73.96417,40.8067581,-73.9607082,member
537703,6C4D486CBF587EC7,docked_bike,2021-04-14 08:34:28,2021-04-14 08:40:54,Central Park W & W 97 St,7538,W 116 St & Amsterdam Ave,7692,40.792495,-73.96417,40.8067581,-73.9607082,member
537705,9861F39BC4178801,docked_bike,2021-04-20 15:44:07,2021-04-20 15:50:48,Central Park W & W 97 St,7538,W 110 St & Amsterdam Ave,7646,40.792495,-73.96417,40.802692,-73.96295,member
537706,24CA6E179144340E,docked_bike,2021-04-20 16:38:14,2021-04-20 16:48:04,Central Park W & W 97 St,7538,W 116 St & Amsterdam Ave,7692,40.792495,-73.96417,40.8067581,-73.9607082,casual
538788,5106E51EAD30C069,docked_bike,2021-04-08 23:32:06,2021-04-08 23:38:05,Central Park W & W 97 St,7538,W 110 St & Amsterdam Ave,7646,40.792495,-73.96417,40.802692,-73.96295,casual
538789,60B8B08E1B8B8DD7,docked_bike,2021-04-23 16:54:26,2021-04-23 17:03:34,Central Park W & W 97 St,7538,W 116 St & Amsterdam Ave,7692,40.792495,-73.96417,40.8067581,-73.9607082,member
538790,B9DD9D1760DD8844,docked_bike,2021-04-05 08:24:00,2021-04-05 08:30:21,Central Park W & W 97 St,7538,W 116 St & Amsterdam Ave,7692,40.792495,-73.96417,40.8067581,-73.9607082,casual
538791,20EF6AD174E1019F,docked_bike,2021-04-07 16:07:51,2021-04-07 16:14:22,Central Park W & W 97 St,7538,W 116 St & Amsterdam Ave,7692,40.792495,-73.964171,40.806758,-73.960708,member
538792,6594F10A3154E676,docked_bike,2021-04-23 16:55:10,2021-04-23 17:01:43,Central Park W & W 97 St,7538,W 110 St & Amsterdam Ave,7646,40.792495,-73.96417,40.802692,-73.96295,member
538795,F9B804EEC5451E72,docked_bike,2021-04-13 20:07:17,2021-04-13 20:19:14,Central Park W & W 97 St,7538,W 110 St & Amsterdam Ave,7646,40.792495,-73.96417,40.802692,-73.96295,member
538796,9441973AAA1D8355,docked_bike,2021-04-22 15:49:48,2021-04-22 15:56:25,Central Park W & W 97 St,7538,W 110 St & Amsterdam Ave,7646,40.792495,-73.96417,40.802692,-73.96295,member
538797,813382F691CB83A4,docked_bike,2021-04-16 15:30:48,2021-04-16 15:36:40,Central Park W & W 97 St,7538,W 110 St & Amsterdam Ave,7646,40.792495,-73.96417,40.802692,-73.96295,member
538798,B58CD219209BD359,docked_bike,2021-04-08 15:38:32,2021-04-08 15:44:37,Central Park W & W 97 St,7538,W 110 St & Amsterdam Ave,7646,40.792495,-73.96417,40.802692,-73.96295,member
538800,8FB4CF31B0091FD8,docked_bike,2021-04-27 10:45:36,2021-04-27 10:54:19,Central Park W & W 97 St,7538,W 116 St & Amsterdam Ave,7692,40.792495,-73.96417,40.8067581,-73.9607082,member
542684,45DCE875A472C42D,docked_bike,2021-04-26 15:50:22,2021-04-26 16:18:11,W 100 St & Manhattan Ave,7538,3 Ave & E 62 St,6762,40.795,-73.9645,40.76312584,-73.96526895,casual
542723,4F81C26F3C484A6C,docked_bike,2021-04-23 10:47:37,2021-04-23 11:31:07,W 100 St & Manhattan Ave,7538,Engert Ave & McGuinness Blvd,5473,40.795,-73.9645,40.72158,-73.94546,casual
543235,6D12CEA5B0E6A929,docked_bike,2021-04-29 22:09:20,2021-04-29 22:18:28,Central Park W & W 97 St,7538,Amsterdam Ave & W 131 St,7842,40.792495,-73.96417,40.816355,-73.954295,member
543293,1CCAE5DEF0266271,docked_bike,2021-04-05 16:41:37,2021-04-05 17:28:30,Central Park W & W 97 St,7538,W 18 St & 9 Ave,6190,40.792495,-73.96417,40.7435337324616,-74.00367558002472,member
543296,D7571AA2372D50C0,docked_bike,2021-04-07 17:19:35,2021-04-07 17:59:41,Central Park W & W 97 St,7538,47 Ave & 31 St,6151,40.792495,-73.96417,40.743,-73.93561,casual
543299,F3FF94C374742DB8,docked_bike,2021-04-10 15:01:36,2021-04-10 15:16:23,Central Park W & W 97 St,7538,3 Ave & E 62 St,6762,40.792495,-73.96417,40.76312584,-73.96526895,casual
543681,449452E1106D953F,docked_bike,2021-04-27 22:00:36,2021-04-27 23:09:39,Central Park W & W 97 St,7538,Perry St & Greenwich Ave,5955,40.792495,-73.96417,40.735918,-74.000939,casual
543689,21D0C5BD408059FD,docked_bike,2021-04-27 22:02:39,2021-04-27 23:09:57,Central Park W & W 97 St,7538,Perry St & Greenwich Ave,5955,40.792495,-73.96417,40.735918,-74.000939,casual
552514,1E31C57C31E81643,docked_bike,2021-04-28 13:12:38,2021-04-28 13:35:40,Central Park W & W 97 St,7538,E 84 St & 1 Ave,7180,40.792495,-73.96417,40.77565541,-73.95068615,member
552520,77E5A3FF5CA6EF24,docked_bike,2021-04-06 16:13:03,2021-04-06 16:34:15,Central Park W & W 97 St,7538,St Nicholas Ave & W 134 St,7837,40.792495,-73.96417,40.816234,-73.948222,casual
552527,F046CA98F88D1417,docked_bike,2021-04-26 13:26:59,2021-04-26 13:40:36,Central Park W & W 97 St,7538,St Nicholas Ave & W 134 St,7837,40.792495,-73.96417,40.816234,-73.948222,member
552531,35FD8A08D55633E7,docked_bike,2021-04-27 10:48:53,2021-04-27 10:57:53,Central Park W & W 97 St,7538,E 84 St & 1 Ave,7180,40.792495,-73.96417,40.77565541,-73.95068615,member
552533,2A6D41410D565FF6,docked_bike,2021-04-25 12:35:43,2021-04-25 12:57:34,Central Park W & W 97 St,7538,2 Ave & E 55 St,6650,40.792495,-73.96417,40.757920208794026,-73.96638214588165,member
552539,FD911D162F3BCC5F,docked_bike,2021-04-06 16:12:53,2021-04-06 16:34:07,Central Park W & W 97 St,7538,St Nicholas Ave & W 134 St,7837,40.792495,-73.96417,40.816234,-73.948222,casual
552543,6A8ABBBA99280CCE,docked_bike,2021-04-27 15:43:34,2021-04-27 15:54:36,Central Park W & W 97 St,7538,E 84 St & 1 Ave,7180,40.792495,-73.96417,40.77565541,-73.95068615,member
552545,5336FBDEF56EE33C,docked_bike,2021-04-18 18:17:58,2021-04-18 18:35:05,Central Park W & W 97 St,7538,2 Ave & E 55 St,6650,40.792495,-73.96417,40.757920208794026,-73.96638214588165,member
552546,8AFD1747096834C4,docked_bike,2021-04-07 20:59:52,2021-04-07 21:32:25,Central Park W & W 97 St,7538,2 Ave & E 55 St,6650,40.792495,-73.96417,40.757920208794026,-73.96638214588165,member
552547,D2EFB53633F38F09,docked_bike,2021-04-24 15:52:15,2021-04-24 16:20:08,Central Park W & W 97 St,7538,2 Ave & E 55 St,6650,40.792495,-73.96417,40.757920208794026,-73.96638214588165,casual
552549,B58CEC56553A43E7,docked_bike,2021-04-07 10:10:52,2021-04-07 10:22:49,Central Park W & W 97 St,7538,E 84 St & 1 Ave,7180,40.792495,-73.96417,40.77565541,-73.95068615,member
553015,ADB3A974BF1FFF44,docked_bike,2021-04-24 18:20:28,2021-04-24 18:31:14,W 100 St & Manhattan Ave,7538,St Nicholas Ave & W 134 St,7837,40.795,-73.9645,40.816234,-73.948222,member
553674,0CBEB4E25E480519,docked_bike,2021-04-19 09:55:00,2021-04-19 10:16:43,Central Park W & W 97 St,7538,2 Ave & E 55 St,6650,40.792495,-73.96417,40.757920208794026,-73.96638214588165,member
553679,4495ABC2D2A20F95,docked_bike,2021-04-20 18:50:03,2021-04-20 19:21:16,Central Park W & W 97 St,7538,2 Ave & E 55 St,6650,40.792495,-73.96417,40.757920208794026,-73.96638214588165,member
554115,71105F7B8369D180,docked_bike,2021-04-29 20:12:35,2021-04-29 20:23:15,Central Park W & W 97 St,7538,E 84 St & 1 Ave,7180,40.792495,-73.96417,40.77565541,-73.95068615,casual
564731,194E3C079E4BF1C6,docked_bike,2021-04-21 12:47:57,2021-04-21 12:53:52,Central Park W & W 97 St,7538,E 88 St & Park Ave,7293,40.792495,-73.96417,40.781410700190015,-73.95595908164978,member
564733,FBD66D06AF27EBCA,docked_bike,2021-04-21 18:16:39,2021-04-21 18:24:49,Central Park W & W 97 St,7538,E 88 St & Park Ave,7293,40.792495,-73.96417,40.781410700190015,-73.95595908164978,casual
564736,99DE66DB5F055CBF,docked_bike,2021-04-30 18:58:25,2021-04-30 19:12:28,Central Park W & W 97 St,7538,E 88 St & Park Ave,7293,40.792495,-73.96417,40.781410700190015,-73.95595908164978,member
564756,404CC9181C86AD44,docked_bike,2021-04-18 11:47:10,2021-04-18 12:01:24,Central Park W & W 97 St,7538,E 88 St & Park Ave,7293,40.792495,-73.96417,40.781410700190015,-73.95595908164978,casual
564757,0AC5B7BE3B368D9D,docked_bike,2021-04-24 14:18:09,2021-04-24 14:55:49,Central Park W & W 97 St,7538,11 Ave & W 27 St,6425,40.792495,-73.964171,40.751396,-74.005226,casual
564772,36649C66EE888237,docked_bike,2021-04-09 16:52:47,2021-04-09 17:45:50,Central Park W & W 97 St,7538,E 88 St & Park Ave,7293,40.792495,-73.96417,40.781410700190015,-73.95595908164978,casual
564773,A4CEBA275EE7EEC6,docked_bike,2021-04-10 17:44:48,2021-04-10 18:17:34,Central Park W & W 97 St,7538,11 Ave & W 27 St,6425,40.792495,-73.96417,40.751396,-74.005226,member
564798,2E95030ACF994529,docked_bike,2021-04-14 16:37:21,2021-04-14 17:16:40,Central Park W & W 97 St,7538,E 88 St & Park Ave,7293,40.792495,-73.964171,40.781411,-73.955959,member
564800,E5CA6E4F58508563,docked_bike,2021-04-16 14:37:53,2021-04-16 14:50:47,Central Park W & W 97 St,7538,E 88 St & Park Ave,7293,40.792495,-73.96417,40.781410700190015,-73.95595908164978,member
564804,EE767FAB76A6D7C3,docked_bike,2021-04-13 15:31:17,2021-04-13 15:41:52,Central Park W & W 97 St,7538,E 88 St & Park Ave,7293,40.792495,-73.96417,40.781410700190015,-73.95595908164978,member
564810,39CBFB13E9BE43AA,docked_bike,2021-04-14 15:26:46,2021-04-14 15:35:36,Central Park W & W 97 St,7538,E 88 St & Park Ave,7293,40.792495,-73.96417,40.781410700190015,-73.95595908164978,casual
564811,6B93CAEDC6D48FF7,docked_bike,2021-04-09 16:59:47,2021-04-09 17:44:53,Central Park W & W 97 St,7538,E 88 St & Park Ave,7293,40.792495,-73.96417,40.781410700190015,-73.95595908164978,casual
564828,4370FB6B5458257A,docked_bike,2021-04-10 10:41:18,2021-04-10 10:50:42,Central Park W & W 97 St,7538,E 88 St & Park Ave,7293,40.792495,-73.96417,40.781410700190015,-73.95595908164978,member
564839,579C977B9A90165E,docked_bike,2021-04-13 16:37:07,2021-04-13 17:18:05,Central Park W & W 97 St,7538,11 Ave & W 27 St,6425,40.792495,-73.96417,40.751396,-74.005226,member
564847,4337616D3BDAEDC1,docked_bike,2021-04-14 15:26:54,2021-04-14 15:35:37,Central Park W & W 97 St,7538,E 88 St & Park Ave,7293,40.792495,-73.96417,40.781410700190015,-73.95595908164978,member
564853,B698CC82678D120B,docked_bike,2021-04-16 09:27:17,2021-04-16 09:44:15,Central Park W & W 97 St,7538,E 88 St & Park Ave,7293,40.792495,-73.96417,40.781410700190015,-73.95595908164978,member
564863,15CF092DB3D4155E,docked_bike,2021-04-26 15:22:53,2021-04-26 15:31:36,Central Park W & W 97 St,7538,E 88 St & Park Ave,7293,40.792495,-73.96417,40.781410700190015,-73.95595908164978,member
564864,F8C550BAF975355D,docked_bike,2021-04-28 15:27:29,2021-04-28 15:37:08,Central Park W & W 97 St,7538,E 88 St & Park Ave,7293,40.792495,-73.96417,40.781410700190015,-73.95595908164978,member
564867,042A7CF36E406DC0,docked_bike,2021-04-28 15:26:56,2021-04-28 15:37:08,Central Park W & W 97 St,7538,E 88 St & Park Ave,7293,40.792495,-73.96417,40.781410700190015,-73.95595908164978,casual
564896,61FB79032AA80A5C,docked_bike,2021-04-09 17:00:05,2021-04-09 17:45:11,Central Park W & W 97 St,7538,E 88 St & Park Ave,7293,40.792495,-73.96417,40.781410700190015,-73.95595908164978,casual
564988,2F5CCE9CCE656F61,docked_bike,2021-04-29 16:38:11,2021-04-29 16:44:41,W 100 St & Manhattan Ave,7538,E 88 St & Park Ave,7293,40.795,-73.9645,40.781410700190015,-73.95595908164978,member
565585,DD82ADC71BCF6488,docked_bike,2021-04-07 10:18:08,2021-04-07 10:30:35,Central Park W & W 97 St,7538,E 88 St & Park Ave,7293,40.792495,-73.96417,40.781410700190015,-73.95595908164978,member
565588,3A0DBEF3C47960AB,docked_bike,2021-04-05 16:40:13,2021-04-05 17:11:43,Central Park W & W 97 St,7538,E 88 St & Park Ave,7293,40.792495,-73.96417,40.781410700190015,-73.95595908164978,casual
568015,2B3D3FCD6A8BA6A5,docked_bike,2021-04-24 14:18:13,2021-04-24 14:54:46,Central Park W & W 97 St,7538,11 Ave & W 27 St,6425,40.792495,-73.964171,40.751396,-74.005226,casual
568016,8BE4C17802935EF0,docked_bike,2021-04-10 17:44:51,2021-04-10 18:17:39,Central Park W & W 97 St,7538,11 Ave & W 27 St,6425,40.792495,-73.96417,40.751396,-74.005226,member
572064,7E6C36E60648F718,docked_bike,2021-04-22 12:29:14,2021-04-22 12:35:37,E 102 St & Park Ave,7488,W 100 St & Manhattan Ave,7538,40.790482,-73.95033,40.795,-73.9645,member
572066,99161AD834C2D31F,docked_bike,2021-04-11 17:12:18,2021-04-11 17:26:32,E 85 St & 3 Ave,7212,W 100 St & Manhattan Ave,7538,40.778012,-73.954071,40.795,-73.9645,member
572067,EF01A9C267511325,docked_bike,2021-04-21 20:53:22,2021-04-21 20:58:12,E 102 St & Park Ave,7488,W 100 St & Manhattan Ave,7538,40.790482,-73.95033,40.795,-73.9645,member
572068,56C29A4DC564E2D4,docked_bike,2021-04-01 17:22:10,2021-04-01 17:26:57,E 102 St & Park Ave,7488,W 100 St & Manhattan Ave,7538,40.790482,-73.95033,40.795,-73.9645,member
572069,B0EE86F4A5CC9431,docked_bike,2021-04-05 09:24:25,2021-04-05 10:04:05,Crescent St & 35 Ave,6688,W 100 St & Manhattan Ave,7538,40.759627,-73.932145,40.795,-73.9645,member
572070,4A012CBEC7213EF5,docked_bike,2021-04-02 16:37:14,2021-04-02 16:49:13,Park Ave & E 124 St,7682,W 100 St & Manhattan Ave,7538,40.804555,-73.939686,40.795,-73.9645,casual
572087,4A87D8D9955651CF,docked_bike,2021-04-04 07:31:30,2021-04-04 07:40:48,E 106 St & 1 Ave,7456,W 100 St & Manhattan Ave,7538,40.789252,-73.939562,40.795,-73.9645,casual
572099,15055BDA9E3343CD,docked_bike,2021-04-28 16:05:18,2021-04-28 16:12:02,Cathedral Pkwy & Broadway,7680,W 100 St & Manhattan Ave,7538,40.804213,-73.966991,40.795,-73.9645,member
572114,F45936AA9B6A135D,docked_bike,2021-04-19 00:20:50,2021-04-19 00:29:52,E 106 St & 1 Ave,7456,W 100 St & Manhattan Ave,7538,40.789252,-73.939562,40.795,-73.9645,casual
572127,FCF8682095BE9428,docked_bike,2021-04-06 18:18:45,2021-04-06 18:46:05,W 22 St & 8 Ave,6224,W 100 St & Manhattan Ave,7538,40.744751,-73.999153,40.795,-73.9645,member
572130,DEAF406D67F3FDDA,docked_bike,2021-04-08 10:53:30,2021-04-08 11:04:19,Cathedral Pkwy & Broadway,7680,W 100 St & Manhattan Ave,7538,40.804213,-73.966991,40.795,-73.9645,casual
572150,4CBEFD9CAB627AFF,docked_bike,2021-04-06 18:05:50,2021-04-06 18:15:50,Cathedral Pkwy & Broadway,7680,W 100 St & Manhattan Ave,7538,40.804213,-73.966991,40.795,-73.9645,member
572160,96FC7440884F6152,docked_bike,2021-04-29 17:10:46,2021-04-29 17:17:03,Cathedral Pkwy & Broadway,7680,W 100 St & Manhattan Ave,7538,40.804213,-73.966991,40.795,-73.9645,member
572171,8B62AEFB4DCBC10C,docked_bike,2021-04-22 19:22:40,2021-04-22 19:32:20,E 106 St & 1 Ave,7456,W 100 St & Manhattan Ave,7538,40.789252,-73.939562,40.795,-73.9645,casual
572190,80F31836BFE91F68,docked_bike,2021-04-30 16:12:48,2021-04-30 16:20:15,Cathedral Pkwy & Broadway,7680,W 100 St & Manhattan Ave,7538,40.804213,-73.966991,40.795,-73.9645,member
572203,7B44B46D290C909D,docked_bike,2021-04-27 14:43:15,2021-04-27 15:08:48,Pleasant Ave & E 116 St,7450,W 100 St & Manhattan Ave,7538,40.794987,-73.933334,40.795,-73.9645,member
572206,EAE731BF6AFE33B4,docked_bike,2021-04-18 18:36:30,2021-04-18 18:57:01,W 74 St & Columbus Ave,7230,W 100 St & Manhattan Ave,7538,40.778566,-73.977549,40.795,-73.9645,member
572217,773B4F92E6F517A4,docked_bike,2021-04-25 18:57:01,2021-04-25 19:10:20,E 102 St & Park Ave,7488,W 100 St & Manhattan Ave,7538,40.790482,-73.95033,40.795,-73.9645,member
572241,4B77A0EDB170D77E,docked_bike,2021-04-18 17:00:48,2021-04-18 17:06:02,Cathedral Pkwy & Broadway,7680,W 100 St & Manhattan Ave,7538,40.804213,-73.966991,40.795,-73.9645,member
572246,A90DE80A31DE4F26,docked_bike,2021-04-25 14:27:00,2021-04-25 15:07:06,W 26 St & 8 Ave,6297,W 100 St & Manhattan Ave,7538,40.747348,-73.997235,40.795,-73.9645,member
572247,0201FA6D8D324F1B,docked_bike,2021-04-24 15:35:39,2021-04-24 15:42:50,Cathedral Pkwy & Broadway,7680,W 100 St & Manhattan Ave,7538,40.804213,-73.966991,40.795,-73.9645,member
572260,704728095CBBE5DC,docked_bike,2021-04-07 13:48:31,2021-04-07 14:01:05,W 74 St & Columbus Ave,7230,W 100 St & Manhattan Ave,7538,40.778566,-73.977549,40.795,-73.9645,casual
572262,859DF14291FD2522,docked_bike,2021-04-24 11:25:05,2021-04-24 11:48:12,Pleasant Ave & E 116 St,7450,W 100 St & Manhattan Ave,7538,40.794987,-73.933334,40.795,-73.9645,member
572263,02D347D5F19089FB,docked_bike,2021-04-01 10:02:35,2021-04-01 10:11:57,W 74 St & Columbus Ave,7230,W 100 St & Manhattan Ave,7538,40.778566,-73.977549,40.795,-73.9645,member
572264,9ED18460215EFE22,docked_bike,2021-04-18 18:21:49,2021-04-18 18:47:13,Pleasant Ave & E 116 St,7450,W 100 St & Manhattan Ave,7538,40.794987,-73.933334,40.795,-73.9645,member
572270,A165DED0BCD8924D,docked_bike,2021-04-04 10:26:45,2021-04-04 10:48:59,Pleasant Ave & E 116 St,7450,W 100 St & Manhattan Ave,7538,40.794987,-73.933334,40.795,-73.9645,member
572276,16BC0D27E0E269A3,docked_bike,2021-04-07 17:47:47,2021-04-07 18:19:42,Pleasant Ave & E 116 St,7450,W 100 St & Manhattan Ave,7538,40.794987,-73.933334,40.795,-73.9645,member
572279,23F5BB13B514040D,docked_bike,2021-04-20 15:32:45,2021-04-20 15:52:49,Pleasant Ave & E 116 St,7450,W 100 St & Manhattan Ave,7538,40.794987,-73.933334,40.795,-73.9645,member
572282,D07C6834CC473489,docked_bike,2021-04-10 10:15:38,2021-04-10 10:26:46,W 74 St & Columbus Ave,7230,W 100 St & Manhattan Ave,7538,40.778566,-73.977549,40.795,-73.9645,member
572287,106BB6229A77FEC9,docked_bike,2021-04-02 22:58:45,2021-04-02 23:21:38,W 31 St & 7 Ave,6331,W 100 St & Manhattan Ave,7538,40.749156,-73.9916,40.795,-73.9645,member
572290,45F44561C43740A2,docked_bike,2021-04-17 15:28:12,2021-04-17 15:41:35,W 74 St & Columbus Ave,7230,W 100 St & Manhattan Ave,7538,40.778566,-73.977549,40.795,-73.9645,member
572292,0BDCED83AEBDC6B4,docked_bike,2021-04-27 11:56:33,2021-04-27 12:11:57,Pleasant Ave & E 116 St,7450,W 100 St & Manhattan Ave,7538,40.794987,-73.933334,40.795,-73.9645,member
572320,A2A2D20DF38EA981,docked_bike,2021-04-23 20:13:02,2021-04-23 20:38:16,E 44 St & Lexington Ave,6464,W 100 St & Manhattan Ave,7538,40.752643,-73.974996,40.795,-73.9645,member
572324,A6A8144DFB3FDCB7,docked_bike,2021-04-09 15:19:33,2021-04-09 15:37:20,W 74 St & Columbus Ave,7230,W 100 St & Manhattan Ave,7538,40.778566,-73.977549,40.795,-73.9645,member
572338,D48530460257A2F8,docked_bike,2021-04-19 19:42:46,2021-04-19 20:05:22,E 44 St & Lexington Ave,6464,W 100 St & Manhattan Ave,7538,40.752643,-73.974996,40.795,-73.9645,member
572378,415E9935B34C8141,docked_bike,2021-04-26 14:22:04,2021-04-26 14:48:48,Lexington Ave & E 36 St,6313,W 100 St & Manhattan Ave,7538,40.747573,-73.9788,40.795,-73.9645,member
572381,4767B87A48877F2E,docked_bike,2021-04-13 23:23:58,2021-04-13 23:41:37,E 81 St & 2 Ave,7121,W 100 St & Manhattan Ave,7538,40.774779,-73.954274,40.795,-73.9645,member
572427,B80127D4B16A823B,docked_bike,2021-04-02 15:30:43,2021-04-02 15:44:07,E 81 St & 2 Ave,7121,W 100 St & Manhattan Ave,7538,40.774779,-73.954274,40.795,-73.9645,member
572479,FB38D853C66CAAE6,docked_bike,2021-04-26 07:34:32,2021-04-26 08:58:15,Little West St & 1 Pl,5001,W 100 St & Manhattan Ave,7538,40.705692,-74.016776,40.795,-73.9645,member
572480,8A1C2E6998418B7B,docked_bike,2021-04-18 19:23:57,2021-04-18 19:46:58,12 Ave & W 40 St,6765,W 100 St & Manhattan Ave,7538,40.760875,-74.002776,40.795,-73.9645,member
572485,7BC94344A1DBBF6B,docked_bike,2021-04-22 19:47:57,2021-04-22 20:04:24,Riverside Blvd & W 67 St,7183,W 100 St & Manhattan Ave,7538,40.777507,-73.988885,40.795,-73.9645,member
572503,9A6150BFD95E9533,docked_bike,2021-04-27 12:28:45,2021-04-27 12:45:37,W 165 St & Fort Washington Ave,8226,W 100 St & Manhattan Ave,7538,40.84004,-73.942939,40.795,-73.9645,member
572505,2E34BA411FA7C73F,docked_bike,2021-04-17 14:04:46,2021-04-17 14:35:55,Bank St & Washington St,5964,W 100 St & Manhattan Ave,7538,40.736196,-74.008592,40.795,-73.9645,member
572508,3429EA01805F6BA2,docked_bike,2021-04-23 15:55:24,2021-04-23 16:27:17,11 Ave & W 41 St,6726,W 100 St & Manhattan Ave,7538,40.760301,-73.998842,40.795,-73.9645,member
572523,CC7D0E9CAA0F04D0,docked_bike,2021-04-05 15:41:21,2021-04-05 15:58:21,W 165 St & Fort Washington Ave,8226,W 100 St & Manhattan Ave,7538,40.84004,-73.942939,40.795,-73.9645,member
572529,839DD2AF6A7D726F,docked_bike,2021-04-18 06:14:48,2021-04-18 06:33:54,Riverside Blvd & W 67 St,7183,W 100 St & Manhattan Ave,7538,40.777507,-73.988885,40.795,-73.9645,member
572557,98566725F788814F,docked_bike,2021-04-28 16:07:46,2021-04-28 16:25:11,Broadway & W 41 St,6560,W 100 St & Manhattan Ave,7538,40.755135,-73.98658,40.795,-73.9645,member
572560,5F6D2C9E5E4F6E8A,docked_bike,2021-04-08 10:09:31,2021-04-08 10:34:45,12 Ave & W 40 St,6765,W 100 St & Manhattan Ave,7538,40.760875,-74.002776,40.795,-73.9645,member
572570,41CFB327651BA0E1,docked_bike,2021-04-23 19:46:50,2021-04-23 20:16:42,12 Ave & W 40 St,6765,W 100 St & Manhattan Ave,7538,40.760875,-74.002776,40.795,-73.9645,member
572572,54519F38094B61C2,docked_bike,2021-04-16 09:46:49,2021-04-16 10:10:17,12 Ave & W 40 St,6765,W 100 St & Manhattan Ave,7538,40.760875,-74.002776,40.795,-73.9645,member
572594,203F0CD89A29D34C,docked_bike,2021-04-18 19:47:34,2021-04-18 20:32:52,Central Park W & W 103 St,7577,W 100 St & Manhattan Ave,7538,40.796036,-73.961589,40.795,-73.9645,member
572597,87B914A41678C1FB,docked_bike,2021-04-23 20:01:37,2021-04-23 20:06:19,W 106 St & Central Park West,7606,W 100 St & Manhattan Ave,7538,40.798185,-73.96059,40.795,-73.9645,member
572599,4394009408B790FE,docked_bike,2021-04-24 10:11:47,2021-04-24 11:03:21,Central Park W & W 103 St,7577,W 100 St & Manhattan Ave,7538,40.796036,-73.961589,40.795,-73.9645,member
572600,DF537EF6B1940F2A,docked_bike,2021-04-11 18:58:11,2021-04-11 19:01:34,W 106 St & Central Park West,7606,W 100 St & Manhattan Ave,7538,40.798185,-73.96059,40.795,-73.9645,member
572615,65CCCC7AE1F285D5,docked_bike,2021-04-08 12:03:47,2021-04-08 12:06:58,W 106 St & Central Park West,7606,W 100 St & Manhattan Ave,7538,40.798185,-73.96059,40.795,-73.9645,member
572617,7D0419409C45D6ED,docked_bike,2021-04-12 15:17:57,2021-04-12 15:22:00,W 106 St & Central Park West,7606,W 100 St & Manhattan Ave,7538,40.798185,-73.96059,40.795,-73.9645,member
572621,2B5ED118958003BD,docked_bike,2021-04-26 19:27:11,2021-04-26 19:29:03,Central Park W & W 103 St,7577,W 100 St & Manhattan Ave,7538,40.796036,-73.961589,40.795,-73.9645,member
572622,91C7539A712DAB78,docked_bike,2021-04-20 11:18:14,2021-04-20 11:20:12,Central Park W & W 103 St,7577,W 100 St & Manhattan Ave,7538,40.796036,-73.961589,40.795,-73.9645,member
572623,8E8E91BF51B8BE5D,docked_bike,2021-04-13 10:56:33,2021-04-13 11:00:51,W 106 St & Central Park West,7606,W 100 St & Manhattan Ave,7538,40.798185,-73.96059,40.795,-73.9645,member
572636,D7550DDE13F45410,docked_bike,2021-04-13 15:55:46,2021-04-13 16:22:22,W 106 St & Central Park West,7606,W 100 St & Manhattan Ave,7538,40.798185,-73.96059,40.795,-73.9645,member
572638,5484839B44613378,docked_bike,2021-04-21 09:46:29,2021-04-21 09:49:45,W 106 St & Central Park West,7606,W 100 St & Manhattan Ave,7538,40.798185,-73.96059,40.795,-73.9645,member
572640,A14FE1622024D0A0,docked_bike,2021-04-10 19:41:14,2021-04-10 19:44:08,W 106 St & Central Park West,7606,W 100 St & Manhattan Ave,7538,40.798185,-73.96059,40.795,-73.9645,member
572641,04174A3D9DE779B7,docked_bike,2021-04-24 17:47:31,2021-04-24 17:52:13,W 106 St & Central Park West,7606,W 100 St & Manhattan Ave,7538,40.798185,-73.96059,40.795,-73.9645,member
572644,CBFC5DC9494BCB1A,docked_bike,2021-04-19 19:31:57,2021-04-19 19:33:25,Central Park W & W 103 St,7577,W 100 St & Manhattan Ave,7538,40.796036,-73.961589,40.795,-73.9645,member
572646,B8118084C896FF45,docked_bike,2021-04-17 19:08:39,2021-04-17 19:10:58,Central Park W & W 103 St,7577,W 100 St & Manhattan Ave,7538,40.796036,-73.961589,40.795,-73.9645,member
572650,AE618349D5888A5B,docked_bike,2021-04-30 10:39:02,2021-04-30 10:41:35,W 106 St & Central Park West,7606,W 100 St & Manhattan Ave,7538,40.798185,-73.96059,40.795,-73.9645,member
572651,936B48D9728B907F,docked_bike,2021-04-07 18:12:21,2021-04-07 19:04:31,W 106 St & Central Park West,7606,W 100 St & Manhattan Ave,7538,40.798185,-73.96059,40.795,-73.9645,member
572656,7FC55BF75196A5B5,docked_bike,2021-04-20 20:52:57,2021-04-20 21:37:31,Central Park W & W 103 St,7577,W 100 St & Manhattan Ave,7538,40.796036,-73.961589,40.795,-73.9645,member
572657,B1B18D1760D02355,docked_bike,2021-04-28 13:01:13,2021-04-28 13:03:43,Central Park W & W 103 St,7577,W 100 St & Manhattan Ave,7538,40.796036,-73.961589,40.795,-73.9645,member
572661,9A7C412F35A93C51,docked_bike,2021-04-07 18:07:19,2021-04-07 19:04:30,W 106 St & Central Park West,7606,W 100 St & Manhattan Ave,7538,40.798186,-73.960591,40.795,-73.9645,member
572662,9CD57363CF2C19D9,docked_bike,2021-04-06 20:17:26,2021-04-06 20:19:21,W 106 St & Central Park West,7606,W 100 St & Manhattan Ave,7538,40.798185,-73.96059,40.795,-73.9645,member
572669,1CA3504016EC2741,docked_bike,2021-04-05 19:36:44,2021-04-05 19:42:54,Central Park W & W 103 St,7577,W 100 St & Manhattan Ave,7538,40.796036,-73.961589,40.795,-73.9645,member
572671,CABB14528B200012,docked_bike,2021-04-30 13:17:48,2021-04-30 13:44:26,Central Park W & W 103 St,7577,W 100 St & Manhattan Ave,7538,40.796036,-73.961589,40.795,-73.9645,member
572672,83F92B9D5E68AD1A,docked_bike,2021-04-18 19:46:04,2021-04-18 20:32:39,Central Park W & W 103 St,7577,W 100 St & Manhattan Ave,7538,40.796036,-73.961589,40.795,-73.9645,member
572673,73D9588BDC37BED4,docked_bike,2021-04-14 16:34:42,2021-04-14 16:38:00,W 106 St & Central Park West,7606,W 100 St & Manhattan Ave,7538,40.798185,-73.96059,40.795,-73.9645,member
572680,35863429AAA2A81F,docked_bike,2021-04-10 16:22:24,2021-04-10 16:54:15,Ft. Washington Ave & W 190 St,8496,W 100 St & Manhattan Ave,7538,40.856906,-73.935662,40.795,-73.9645,member
572681,8657A0C8933790AB,docked_bike,2021-04-10 14:41:16,2021-04-10 14:43:01,Central Park W & W 103 St,7577,W 100 St & Manhattan Ave,7538,40.796036,-73.961589,40.795,-73.9645,member
572686,A79932CE1BD67A16,docked_bike,2021-04-29 18:31:39,2021-04-29 18:50:35,W 106 St & Central Park West,7606,W 100 St & Manhattan Ave,7538,40.798185,-73.96059,40.795,-73.9645,member
572708,37DBDFA77EFDB071,docked_bike,2021-04-15 08:03:29,2021-04-15 08:29:29,West End Ave & W 60 St,7059,W 100 St & Manhattan Ave,7538,40.77237,-73.99005,40.795,-73.9645,casual
572724,57B9858D5E662FA1,docked_bike,2021-04-25 17:36:16,2021-04-25 17:49:29,W 146 St & Broadway,8018,W 100 St & Manhattan Ave,7538,40.826969,-73.949738,40.795,-73.9645,member
572753,845875E4E1B1D0A8,docked_bike,2021-04-24 19:10:21,2021-04-24 19:57:57,W 18 St & 6 Ave,6064,W 100 St & Manhattan Ave,7538,40.739713,-73.994564,40.795,-73.9645,member
572764,4F9E4B793FD6F77A,docked_bike,2021-04-23 17:23:23,2021-04-23 17:35:34,E 95 St & 3 Ave,7365,W 100 St & Manhattan Ave,7538,40.784903,-73.950503,40.795,-73.9645,member
572769,DF107DE95E361D25,docked_bike,2021-04-26 21:03:09,2021-04-26 21:14:34,E 95 St & 3 Ave,7365,W 100 St & Manhattan Ave,7538,40.784903,-73.950503,40.795,-73.9645,member
572776,FAC387814DB3DC18,docked_bike,2021-04-13 20:29:44,2021-04-13 20:56:08,Pleasant Ave & E 116 St,7450,W 100 St & Manhattan Ave,7538,40.794987,-73.933334,40.795,-73.9645,member
572778,1E5F1AE207071A87,docked_bike,2021-04-02 15:26:33,2021-04-02 15:49:29,Pleasant Ave & E 116 St,7450,W 100 St & Manhattan Ave,7538,40.794987,-73.933334,40.795,-73.9645,member
572781,A629208E7A343B25,docked_bike,2021-04-20 16:07:15,2021-04-20 16:34:52,W 31 St & 7 Ave,6331,W 100 St & Manhattan Ave,7538,40.749156,-73.9916,40.795,-73.9645,member
572788,3FB808C33C166120,docked_bike,2021-04-09 20:18:02,2021-04-09 20:22:28,W 106 St & Amsterdam Ave,7634,W 100 St & Manhattan Ave,7538,40.800836,-73.966449,40.795,-73.9645,member
572795,292DFCD4CF449032,docked_bike,2021-04-18 20:32:31,2021-04-18 20:35:31,W 106 St & Amsterdam Ave,7634,W 100 St & Manhattan Ave,7538,40.800836,-73.966449,40.795,-73.9645,member
572802,6CA318891D7CEB18,docked_bike,2021-04-07 13:56:00,2021-04-07 13:59:51,W 106 St & Amsterdam Ave,7634,W 100 St & Manhattan Ave,7538,40.800836,-73.966449,40.795,-73.9645,member
572816,9DC2BC4DA54A7843,docked_bike,2021-04-21 11:49:59,2021-04-21 12:03:06,W 74 St & Columbus Ave,7230,W 100 St & Manhattan Ave,7538,40.778566,-73.977549,40.795,-73.9645,member
572817,422A8C17595EC2A6,docked_bike,2021-04-09 12:28:05,2021-04-09 12:45:51,Adam Clayton Powell Blvd & W 132 St,7814,W 100 St & Manhattan Ave,7538,40.813539,-73.94521,40.795,-73.9645,casual
572820,1F8095ACB75D4717,docked_bike,2021-04-23 13:55:07,2021-04-23 14:15:28,W 106 St & Amsterdam Ave,7634,W 100 St & Manhattan Ave,7538,40.800836,-73.966449,40.795,-73.9645,casual
572825,02F77406982407F9,docked_bike,2021-04-09 16:26:24,2021-04-09 16:32:25,W 106 St & Amsterdam Ave,7634,W 100 St & Manhattan Ave,7538,40.800836,-73.966449,40.795,-73.9645,member
572826,F5E7440610B5EF0F,docked_bike,2021-04-13 16:31:47,2021-04-13 16:37:14,W 106 St & Amsterdam Ave,7634,W 100 St & Manhattan Ave,7538,40.800836,-73.966449,40.795,-73.9645,member
572828,1D067ED0621A3270,docked_bike,2021-04-17 13:24:07,2021-04-17 13:29:01,W 106 St & Amsterdam Ave,7634,W 100 St & Manhattan Ave,7538,40.800836,-73.966449,40.795,-73.9645,member
572836,8E95F2FF6D9DD929,docked_bike,2021-04-12 13:44:37,2021-04-12 13:50:21,W 106 St & Amsterdam Ave,7634,W 100 St & Manhattan Ave,7538,40.800836,-73.966449,40.795,-73.9645,member
572838,5B06D4C7A9563B8B,docked_bike,2021-04-20 15:32:55,2021-04-20 15:52:39,Pleasant Ave & E 116 St,7450,W 100 St & Manhattan Ave,7538,40.794987,-73.933334,40.795,-73.9645,member
572843,A0CC8FD313EA652D,docked_bike,2021-04-21 18:58:47,2021-04-21 19:25:13,E 44 St & Lexington Ave,6464,W 100 St & Manhattan Ave,7538,40.752643,-73.974996,40.795,-73.9645,member
572844,54F07B0D8F71074B,docked_bike,2021-04-08 16:19:10,2021-04-08 16:29:31,W 74 St & Columbus Ave,7230,W 100 St & Manhattan Ave,7538,40.778566,-73.977549,40.795,-73.9645,member
572850,858D54200720DC4E,docked_bike,2021-04-21 20:37:48,2021-04-21 20:47:40,W 74 St & Columbus Ave,7230,W 100 St & Manhattan Ave,7538,40.778566,-73.977549,40.795,-73.9645,member
572853,A7D9756A5D9F3BC6,docked_bike,2021-04-04 14:50:37,2021-04-04 14:55:13,W 106 St & Amsterdam Ave,7634,W 100 St & Manhattan Ave,7538,40.800836,-73.966449,40.795,-73.9645,member
572856,296209A17A90688A,docked_bike,2021-04-16 17:47:22,2021-04-16 17:51:05,W 106 St & Amsterdam Ave,7634,W 100 St & Manhattan Ave,7538,40.800836,-73.966449,40.795,-73.9645,member
572872,8BA59FFF384EADDB,docked_bike,2021-04-19 21:50:46,2021-04-19 22:20:27,E 47 St & 2 Ave,6498,W 100 St & Manhattan Ave,7538,40.75323,-73.970325,40.795,-73.9645,member
572873,1C4FC2F4730792CC,docked_bike,2021-04-11 11:50:52,2021-04-11 12:00:12,W 106 St & Amsterdam Ave,7634,W 100 St & Manhattan Ave,7538,40.800836,-73.966449,40.795,-73.9645,member
572877,6A7D216878D78AF7,docked_bike,2021-04-07 18:55:13,2021-04-07 19:00:09,W 106 St & Amsterdam Ave,7634,W 100 St & Manhattan Ave,7538,40.800836,-73.966449,40.795,-73.9645,member
572880,8D9E9F9C94337F3B,docked_bike,2021-04-18 10:36:34,2021-04-18 10:39:18,W 106 St & Amsterdam Ave,7634,W 100 St & Manhattan Ave,7538,40.800836,-73.966449,40.795,-73.9645,member
572882,4679F950D1278479,docked_bike,2021-04-17 11:17:29,2021-04-17 11:22:00,W 106 St & Amsterdam Ave,7634,W 100 St & Manhattan Ave,7538,40.800836,-73.966449,40.795,-73.9645,member
572883,08893B63B5AC84D0,docked_bike,2021-04-15 15:36:33,2021-04-15 15:40:13,W 106 St & Amsterdam Ave,7634,W 100 St & Manhattan Ave,7538,40.800836,-73.966449,40.795,-73.9645,member
572888,5B344605BCCC4B6C,docked_bike,2021-04-28 17:58:23,2021-04-28 18:14:38,W 106 St & Amsterdam Ave,7634,W 100 St & Manhattan Ave,7538,40.800836,-73.966449,40.795,-73.9645,member
572895,FD4B7AFD60445866,docked_bike,2021-04-13 19:38:40,2021-04-13 20:28:01,W 106 St & Amsterdam Ave,7634,W 100 St & Manhattan Ave,7538,40.800836,-73.966449,40.795,-73.9645,member
572896,4FC64877C3509BBF,docked_bike,2021-04-18 16:06:41,2021-04-18 17:00:42,W 106 St & Amsterdam Ave,7634,W 100 St & Manhattan Ave,7538,40.800836,-73.966449,40.795,-73.9645,member
572900,AB0CB08A23FE66E0,docked_bike,2021-04-30 16:33:39,2021-04-30 16:51:06,W 106 St & Amsterdam Ave,7634,W 100 St & Manhattan Ave,7538,40.800836,-73.966449,40.795,-73.9645,casual
572901,D84F11773333977E,docked_bike,2021-04-30 15:31:22,2021-04-30 15:35:41,W 106 St & Amsterdam Ave,7634,W 100 St & Manhattan Ave,7538,40.800836,-73.966449,40.795,-73.9645,member
572902,CB034E2C3EF747FC,docked_bike,2021-04-19 14:57:08,2021-04-19 15:01:05,W 106 St & Amsterdam Ave,7634,W 100 St & Manhattan Ave,7538,40.800836,-73.966449,40.795,-73.9645,member
572903,8ED254772FCD1FAE,docked_bike,2021-04-24 18:53:23,2021-04-24 18:56:49,W 106 St & Amsterdam Ave,7634,W 100 St & Manhattan Ave,7538,40.800836,-73.966449,40.795,-73.9645,member
572905,70F98C6289EC58CE,docked_bike,2021-04-04 14:50:37,2021-04-04 14:54:58,W 106 St & Amsterdam Ave,7634,W 100 St & Manhattan Ave,7538,40.800836,-73.966449,40.795,-73.9645,member
572906,A98EB1FA516ACED7,docked_bike,2021-04-20 11:58:46,2021-04-20 12:03:13,W 106 St & Amsterdam Ave,7634,W 100 St & Manhattan Ave,7538,40.800836,-73.966449,40.795,-73.9645,member
572919,91524B0E06DAB111,docked_bike,2021-04-09 20:13:20,2021-04-09 20:19:07,W 106 St & Amsterdam Ave,7634,W 100 St & Manhattan Ave,7538,40.800836,-73.966449,40.795,-73.9645,member
572921,0170DA893C35A3CB,docked_bike,2021-04-09 17:02:55,2021-04-09 17:09:13,W 106 St & Amsterdam Ave,7634,W 100 St & Manhattan Ave,7538,40.800836,-73.966449,40.795,-73.9645,member
572922,B2484D52C25DDD06,docked_bike,2021-04-29 18:15:46,2021-04-29 18:20:14,W 106 St & Amsterdam Ave,7634,W 100 St & Manhattan Ave,7538,40.800836,-73.966449,40.795,-73.9645,member
572923,E28086CBCB3C884E,docked_bike,2021-04-14 17:13:01,2021-04-14 17:17:31,W 106 St & Amsterdam Ave,7634,W 100 St & Manhattan Ave,7538,40.800836,-73.966449,40.795,-73.9645,member
572948,0C746489C5873B1E,docked_bike,2021-04-30 18:03:28,2021-04-30 18:20:55,W 55 St & 6 Ave,6809,W 100 St & Manhattan Ave,7538,40.763189,-73.978434,40.795,-73.9645,member
572970,24D922D8F9E1DFB9,docked_bike,2021-04-08 17:42:53,2021-04-08 17:59:49,W 55 St & 6 Ave,6809,W 100 St & Manhattan Ave,7538,40.763189,-73.978434,40.795,-73.9645,member
572978,52D03E5C2C1B3CDA,docked_bike,2021-04-16 17:19:57,2021-04-16 17:34:32,W 55 St & 6 Ave,6809,W 100 St & Manhattan Ave,7538,40.763189,-73.978434,40.795,-73.9645,member
572979,17CB4E6CC03D342A,docked_bike,2021-04-06 18:15:02,2021-04-06 18:31:52,W 55 St & 6 Ave,6809,W 100 St & Manhattan Ave,7538,40.763189,-73.978434,40.795,-73.9645,member
572980,DDB2FDB4E53C328C,docked_bike,2021-04-21 18:28:23,2021-04-21 18:46:21,W 55 St & 6 Ave,6809,W 100 St & Manhattan Ave,7538,40.763189,-73.978434,40.795,-73.9645,member
572990,BFAE6A51F62F5F2E,docked_bike,2021-04-05 16:14:14,2021-04-05 16:33:25,W 55 St & 6 Ave,6809,W 100 St & Manhattan Ave,7538,40.763189,-73.978434,40.795,-73.9645,member
573006,3BFBCDB46FF61997,docked_bike,2021-04-28 13:50:57,2021-04-28 13:56:37,Cathedral Pkwy & Broadway,7680,W 100 St & Manhattan Ave,7538,40.804213,-73.966991,40.795,-73.9645,member
573007,C6A06EF9F452B870,docked_bike,2021-04-14 14:24:09,2021-04-14 14:29:49,Cathedral Pkwy & Broadway,7680,W 100 St & Manhattan Ave,7538,40.804213,-73.966991,40.795,-73.9645,member
573012,AD0EEB6D152CB9BA,docked_bike,2021-04-13 08:26:50,2021-04-13 08:31:25,Cathedral Pkwy & Broadway,7680,W 100 St & Manhattan Ave,7538,40.804213,-73.966991,40.795,-73.9645,member
573027,CC952E90D6CE9E75,docked_bike,2021-04-22 19:39:39,2021-04-22 19:56:58,W 55 St & 6 Ave,6809,W 100 St & Manhattan Ave,7538,40.763189,-73.978434,40.795,-73.9645,member
573081,5B015A72DAFD3713,docked_bike,2021-04-21 15:30:08,2021-04-21 15:38:33,W 76 St & Columbus Ave,7281,W 100 St & Manhattan Ave,7538,40.780183,-73.977285,40.795,-73.9645,member
573085,A3F60C42F1CD0B94,docked_bike,2021-04-13 17:37:56,2021-04-13 17:49:40,W 76 St & Columbus Ave,7281,W 100 St & Manhattan Ave,7538,40.780183,-73.977285,40.795,-73.9645,member
573098,862909108B73C50D,docked_bike,2021-04-14 18:07:37,2021-04-14 18:25:49,W 55 St & 6 Ave,6809,W 100 St & Manhattan Ave,7538,40.763189,-73.978434,40.795,-73.9645,member
573105,569AD684F965EACA,docked_bike,2021-04-06 16:52:36,2021-04-06 17:04:55,W 76 St & Columbus Ave,7281,W 100 St & Manhattan Ave,7538,40.780183,-73.977285,40.795,-73.9645,member
573108,27010CCD3DEF1DE6,docked_bike,2021-04-24 19:11:02,2021-04-24 19:34:27,W 133 St & 12 Ave,7925,W 100 St & Manhattan Ave,7538,40.820003,-73.959089,40.795,-73.9645,member
573126,E2C6721D231467D5,docked_bike,2021-04-24 19:10:57,2021-04-24 19:34:32,W 133 St & 12 Ave,7925,W 100 St & Manhattan Ave,7538,40.820003,-73.959089,40.795,-73.9645,member
573183,03533EE73272B5D0,docked_bike,2021-04-05 19:20:56,2021-04-05 19:30:19,W 76 St & Columbus Ave,7281,W 100 St & Manhattan Ave,7538,40.780183,-73.977285,40.795,-73.9645,member
573184,79C9205DEA4071FD,docked_bike,2021-04-08 17:53:39,2021-04-08 18:02:16,W 76 St & Columbus Ave,7281,W 100 St & Manhattan Ave,7538,40.780183,-73.977285,40.795,-73.9645,member
573188,AF5C86146E0E11AF,docked_bike,2021-04-29 13:20:44,2021-04-29 13:31:33,W 76 St & Columbus Ave,7281,W 100 St & Manhattan Ave,7538,40.780183,-73.977285,40.795,-73.9645,member
573193,C858646F5A9ED4D3,docked_bike,2021-04-24 21:56:31,2021-04-24 22:02:43,W 76 St & Columbus Ave,7281,W 100 St & Manhattan Ave,7538,40.780183,-73.977285,40.795,-73.9645,casual
573202,70756742D3BF9A05,docked_bike,2021-04-08 18:27:35,2021-04-08 18:51:47,Madison Ave & E 26 St,6131,W 100 St & Manhattan Ave,7538,40.742684,-73.986713,40.795,-73.9645,member
573203,AC6BFB961E7E18BF,docked_bike,2021-04-13 16:39:16,2021-04-13 17:01:21,Broadway & W 155 St,8123,W 100 St & Manhattan Ave,7538,40.83299,-73.94592,40.795,-73.9645,member
573245,3D637B12C1864083,docked_bike,2021-04-30 18:20:11,2021-04-30 18:27:12,Columbus Ave & W 103 St,7595,W 100 St & Manhattan Ave,7538,40.796934,-73.964341,40.795,-73.9645,member
573248,EBB29DF4BD290209,docked_bike,2021-04-14 17:05:45,2021-04-14 17:06:57,Columbus Ave & W 103 St,7595,W 100 St & Manhattan Ave,7538,40.796934,-73.964341,40.795,-73.9645,member
573254,4A35BA54F07A8BDA,docked_bike,2021-04-05 15:22:16,2021-04-05 15:32:17,Central Park North & Adam Clayton Powell Blvd,7617,W 100 St & Manhattan Ave,7538,40.799484,-73.955613,40.795,-73.9645,casual
573255,8B2C6F7A0494E2B4,docked_bike,2021-04-10 17:44:42,2021-04-10 17:49:30,Columbus Ave & W 103 St,7595,W 100 St & Manhattan Ave,7538,40.796934,-73.964341,40.795,-73.9645,member
573256,16B94645D099E9E3,docked_bike,2021-04-06 18:44:47,2021-04-06 18:52:38,Central Park North & Adam Clayton Powell Blvd,7617,W 100 St & Manhattan Ave,7538,40.799484,-73.955613,40.795,-73.9645,member
573259,21C4A431FCB9EFE9,docked_bike,2021-04-13 13:28:03,2021-04-13 14:07:01,Central Park North & Adam Clayton Powell Blvd,7617,W 100 St & Manhattan Ave,7538,40.799484,-73.955613,40.795,-73.9645,member
573261,19E9A1DBA5791271,docked_bike,2021-04-03 18:05:42,2021-04-03 18:11:05,Central Park North & Adam Clayton Powell Blvd,7617,W 100 St & Manhattan Ave,7538,40.799484,-73.955613,40.795,-73.9645,member
573263,764FCC6580BB9980,docked_bike,2021-04-21 16:27:20,2021-04-21 16:34:17,Central Park North & Adam Clayton Powell Blvd,7617,W 100 St & Manhattan Ave,7538,40.799484,-73.955613,40.795,-73.9645,member
573264,7BAB89446120FB62,docked_bike,2021-04-20 15:23:02,2021-04-20 15:24:25,Columbus Ave & W 103 St,7595,W 100 St & Manhattan Ave,7538,40.796935,-73.964341,40.795,-73.9645,member
573265,C1C46B52F90A1D63,docked_bike,2021-04-15 05:49:31,2021-04-15 05:56:00,Central Park North & Adam Clayton Powell Blvd,7617,W 100 St & Manhattan Ave,7538,40.799484,-73.955613,40.795,-73.9645,casual
573266,856E1E307108814E,docked_bike,2021-04-19 16:17:46,2021-04-19 16:19:06,Columbus Ave & W 103 St,7595,W 100 St & Manhattan Ave,7538,40.796934,-73.964341,40.795,-73.9645,casual
573269,0431AE6A7A465DB1,docked_bike,2021-04-16 17:45:42,2021-04-16 18:26:56,Central Park North & Adam Clayton Powell Blvd,7617,W 100 St & Manhattan Ave,7538,40.799484,-73.955613,40.795,-73.9645,member
573270,FA120C837F1F8F36,docked_bike,2021-04-18 16:51:18,2021-04-18 17:33:12,Columbus Ave & W 103 St,7595,W 100 St & Manhattan Ave,7538,40.796934,-73.964341,40.795,-73.9645,member
573274,231AC2AB910F6C0D,docked_bike,2021-04-21 05:58:06,2021-04-21 06:02:16,Central Park North & Adam Clayton Powell Blvd,7617,W 100 St & Manhattan Ave,7538,40.799484,-73.955613,40.795,-73.9645,casual
573276,EBCA7895138C611F,docked_bike,2021-04-12 18:05:43,2021-04-12 18:10:58,Central Park North & Adam Clayton Powell Blvd,7617,W 100 St & Manhattan Ave,7538,40.799484,-73.955613,40.795,-73.9645,casual
573277,62A6D588C84CF35D,docked_bike,2021-04-01 06:09:10,2021-04-01 06:13:00,Central Park North & Adam Clayton Powell Blvd,7617,W 100 St & Manhattan Ave,7538,40.799484,-73.955613,40.795,-73.9645,casual
573278,1A1F7E5A688AABE6,docked_bike,2021-04-23 08:17:55,2021-04-23 08:24:54,Central Park North & Adam Clayton Powell Blvd,7617,W 100 St & Manhattan Ave,7538,40.799484,-73.955613,40.795,-73.9645,casual
573279,DC1FFF7FDAA14883,docked_bike,2021-04-18 21:17:33,2021-04-18 21:18:59,Columbus Ave & W 103 St,7595,W 100 St & Manhattan Ave,7538,40.796934,-73.964341,40.795,-73.9645,member
573280,5F2311B82DF2AC3C,docked_bike,2021-04-25 12:44:48,2021-04-25 13:25:01,Lenox Ave & W 133 St,7790,W 100 St & Manhattan Ave,7538,40.81296,-73.941878,40.795,-73.9645,member
573283,1D14DF492402F95E,docked_bike,2021-04-13 10:57:16,2021-04-13 11:29:58,Central Park North & Adam Clayton Powell Blvd,7617,W 100 St & Manhattan Ave,7538,40.799484,-73.955613,40.795,-73.9645,member
573284,602C79E33E1F58FB,docked_bike,2021-04-30 18:45:55,2021-04-30 18:50:49,Columbus Ave & W 103 St,7595,W 100 St & Manhattan Ave,7538,40.796934,-73.964341,40.795,-73.9645,casual
573285,CD9A268C094B281B,docked_bike,2021-04-16 12:37:16,2021-04-16 12:41:57,Columbus Ave & W 103 St,7595,W 100 St & Manhattan Ave,7538,40.796934,-73.964341,40.795,-73.9645,member
573288,6CE2891B5CF67EB5,docked_bike,2021-04-30 01:56:36,2021-04-30 02:06:36,Columbus Ave & W 103 St,7595,W 100 St & Manhattan Ave,7538,40.796934,-73.964341,40.795,-73.9645,casual
573290,A638121FB4A5EBD7,docked_bike,2021-04-21 12:47:25,2021-04-21 12:48:45,Columbus Ave & W 103 St,7595,W 100 St & Manhattan Ave,7538,40.796935,-73.964341,40.795,-73.9645,member
573293,821BF30DFE5BC550,docked_bike,2021-04-17 20:32:59,2021-04-17 20:34:07,Columbus Ave & W 103 St,7595,W 100 St & Manhattan Ave,7538,40.796934,-73.964341,40.795,-73.9645,member
573300,85DCC4EB924B1E86,docked_bike,2021-04-27 07:53:42,2021-04-27 08:02:41,Central Park North & Adam Clayton Powell Blvd,7617,W 100 St & Manhattan Ave,7538,40.799484,-73.955613,40.795,-73.9645,member
573302,A591755145BDE319,docked_bike,2021-04-01 15:34:29,2021-04-01 15:44:00,Central Park North & Adam Clayton Powell Blvd,7617,W 100 St & Manhattan Ave,7538,40.799484,-73.955613,40.795,-73.9645,member
573304,411B526F333A4B49,docked_bike,2021-04-02 18:57:37,2021-04-02 18:59:11,Columbus Ave & W 103 St,7595,W 100 St & Manhattan Ave,7538,40.796934,-73.964341,40.795,-73.9645,member
573307,20D7A69592401FFD,docked_bike,2021-04-18 19:35:33,2021-04-18 19:41:23,Columbus Ave & W 103 St,7595,W 100 St & Manhattan Ave,7538,40.796934,-73.964341,40.795,-73.9645,member
573308,3BE3CDA388E3B8B2,docked_bike,2021-04-12 16:33:42,2021-04-12 16:39:16,Central Park North & Adam Clayton Powell Blvd,7617,W 100 St & Manhattan Ave,7538,40.799484,-73.955613,40.795,-73.9645,casual
573313,0CB9DA8BA2256AC1,docked_bike,2021-04-28 15:02:52,2021-04-28 15:04:34,Columbus Ave & W 103 St,7595,W 100 St & Manhattan Ave,7538,40.796934,-73.964341,40.795,-73.9645,member
573327,64DC189E25EC4C63,docked_bike,2021-04-27 16:01:14,2021-04-27 16:02:38,Columbus Ave & W 103 St,7595,W 100 St & Manhattan Ave,7538,40.796935,-73.964341,40.795,-73.9645,member
573328,7C1D2E439EBA7A6E,docked_bike,2021-04-26 20:39:26,2021-04-26 20:40:43,Columbus Ave & W 103 St,7595,W 100 St & Manhattan Ave,7538,40.796935,-73.964341,40.795,-73.9645,member
573329,28350914EBD56CDC,docked_bike,2021-04-27 08:41:05,2021-04-27 08:42:19,Columbus Ave & W 103 St,7595,W 100 St & Manhattan Ave,7538,40.796935,-73.964341,40.795,-73.9645,member
573332,35891B627C890795,docked_bike,2021-04-30 20:23:10,2021-04-30 20:24:41,Columbus Ave & W 103 St,7595,W 100 St & Manhattan Ave,7538,40.796934,-73.964341,40.795,-73.9645,member
573334,5E489DCC2529A724,docked_bike,2021-04-09 03:44:16,2021-04-09 03:45:47,Columbus Ave & W 103 St,7595,W 100 St & Manhattan Ave,7538,40.796934,-73.964341,40.795,-73.9645,casual
573337,46A5AD70B8FAF27F,docked_bike,2021-04-19 18:01:38,2021-04-19 18:30:13,Broadway & W 133 St,7903,W 100 St & Manhattan Ave,7538,40.819034,-73.956156,40.795,-73.9645,member
573350,91CFCBC365771DE4,docked_bike,2021-04-24 18:33:33,2021-04-24 18:50:13,Central Park North & Adam Clayton Powell Blvd,7617,W 100 St & Manhattan Ave,7538,40.799484,-73.955613,40.795,-73.9645,member
573355,4560C533BF6E44BC,docked_bike,2021-04-06 18:42:37,2021-04-06 18:56:26,Central Park North & Adam Clayton Powell Blvd,7617,W 100 St & Manhattan Ave,7538,40.799484,-73.955613,40.795,-73.9645,member
573356,7B21EAAF8FC7F163,docked_bike,2021-04-30 09:49:01,2021-04-30 09:54:13,Central Park North & Adam Clayton Powell Blvd,7617,W 100 St & Manhattan Ave,7538,40.799484,-73.955613,40.795,-73.9645,casual
573357,C985B6D7917D7534,docked_bike,2021-04-15 16:24:22,2021-04-15 16:25:42,Columbus Ave & W 103 St,7595,W 100 St & Manhattan Ave,7538,40.796935,-73.964341,40.795,-73.9645,member
573384,DC2513FBE72BB16E,docked_bike,2021-04-12 08:15:59,2021-04-12 08:32:51,Broadway & W 133 St,7903,W 100 St & Manhattan Ave,7538,40.819034,-73.956156,40.795,-73.9645,member
573411,A14DB050C481D4BF,docked_bike,2021-04-14 12:50:31,2021-04-14 13:09:52,Central Park North & Adam Clayton Powell Blvd,7617,W 100 St & Manhattan Ave,7538,40.799484,-73.955613,40.795,-73.9645,casual
573414,198100E2FA6E1C53,docked_bike,2021-04-07 02:04:39,2021-04-07 02:15:17,Columbus Ave & W 103 St,7595,W 100 St & Manhattan Ave,7538,40.796934,-73.964341,40.795,-73.9645,casual
573417,278D8327F1D78747,docked_bike,2021-04-20 19:02:21,2021-04-20 19:47:16,Central Park North & Adam Clayton Powell Blvd,7617,W 100 St & Manhattan Ave,7538,40.799484,-73.955613,40.795,-73.9645,member
573420,364C5066CE810919,docked_bike,2021-04-20 12:41:27,2021-04-20 12:53:54,Broadway & W 133 St,7903,W 100 St & Manhattan Ave,7538,40.819034,-73.956156,40.795,-73.9645,member
573445,A07F5A7C69DBC0E3,docked_bike,2021-04-21 18:28:45,2021-04-21 19:10:20,8 Ave & W 16 St,6072,W 100 St & Manhattan Ave,7538,40.740983,-74.001702,40.795,-73.9645,member
573456,E9F2921A61C22D26,docked_bike,2021-04-04 18:42:21,2021-04-04 19:25:37,12 Ave & W 40 St,6765,W 100 St & Manhattan Ave,7538,40.760875,-74.002776,40.795,-73.9645,member
573493,B842DA1E6447D65D,docked_bike,2021-04-14 17:46:49,2021-04-14 18:02:42,1 Ave & E 68 St,6822,W 100 St & Manhattan Ave,7538,40.765005,-73.958184,40.795,-73.9645,member
573527,BF8CA4FB04F8875D,docked_bike,2021-04-09 16:24:51,2021-04-09 16:35:28,E 97 St & Madison Ave,7393,W 100 St & Manhattan Ave,7538,40.787801,-73.953559,40.795,-73.9645,member
573532,0C9126F6F57B98F2,docked_bike,2021-04-06 17:23:18,2021-04-06 17:36:14,E 97 St & Madison Ave,7393,W 100 St & Manhattan Ave,7538,40.787801,-73.953559,40.795,-73.9645,member
573533,B6AF9FD4A6907857,docked_bike,2021-04-26 16:54:23,2021-04-26 17:07:53,E 97 St & Madison Ave,7393,W 100 St & Manhattan Ave,7538,40.787801,-73.953559,40.795,-73.9645,member
573534,E2D74F19BE6EC08A,docked_bike,2021-04-07 16:39:56,2021-04-07 17:03:56,E 41 St & Madison Ave,6474,W 100 St & Manhattan Ave,7538,40.752165,-73.979921,40.795,-73.9645,member
573538,BD1EED1784BCA4C5,docked_bike,2021-04-11 17:19:58,2021-04-11 17:26:31,E 97 St & Madison Ave,7393,W 100 St & Manhattan Ave,7538,40.787801,-73.953559,40.795,-73.9645,member
573543,3218C93DE33C87F4,docked_bike,2021-04-01 10:50:17,2021-04-01 11:09:52,1 Ave & E 68 St,6822,W 100 St & Manhattan Ave,7538,40.765005,-73.958184,40.795,-73.9645,member
573554,C783BC624EC6BB42,docked_bike,2021-04-28 17:21:06,2021-04-28 18:12:12,1 Ave & E 68 St,6822,W 100 St & Manhattan Ave,7538,40.765005,-73.958184,40.795,-73.9645,casual
573555,4645F193F5514CC3,docked_bike,2021-04-12 21:11:42,2021-04-12 21:30:24,E 132 St & Madison Ave,7748,W 100 St & Manhattan Ave,7538,40.810224,-73.937195,40.795,-73.9645,member
573558,0942FE5E0F8D5CC1,docked_bike,2021-04-06 13:09:52,2021-04-06 13:17:03,E 97 St & Madison Ave,7393,W 100 St & Manhattan Ave,7538,40.787801,-73.953559,40.795,-73.9645,member
573572,3236EF54175EAC64,docked_bike,2021-04-07 18:03:19,2021-04-07 18:11:24,E 97 St & Madison Ave,7393,W 100 St & Manhattan Ave,7538,40.787801,-73.953559,40.795,-73.9645,member
573578,38D4C4367FAB5089,docked_bike,2021-04-30 17:00:39,2021-04-30 17:13:50,E 97 St & Madison Ave,7393,W 100 St & Manhattan Ave,7538,40.787801,-73.953559,40.795,-73.9645,member
573579,21B5CC5A1EDD758A,docked_bike,2021-04-12 09:11:22,2021-04-12 09:33:42,E 43 St & 2 Ave,6422,W 100 St & Manhattan Ave,7538,40.750223,-73.971214,40.795,-73.9645,member
573583,C7AB1EF7471DA3E4,docked_bike,2021-04-02 17:00:27,2021-04-02 17:10:23,E 97 St & Madison Ave,7393,W 100 St & Manhattan Ave,7538,40.787801,-73.953559,40.795,-73.9645,member
573584,FB3668F649469447,docked_bike,2021-04-14 17:12:08,2021-04-14 17:22:24,E 97 St & Madison Ave,7393,W 100 St & Manhattan Ave,7538,40.787801,-73.953559,40.795,-73.9645,member
573586,0BA7E8BB68FE33A2,docked_bike,2021-04-23 16:44:40,2021-04-23 17:06:10,E 97 St & Madison Ave,7393,W 100 St & Manhattan Ave,7538,40.787801,-73.953559,40.795,-73.9645,member
573590,30434F086D77C0E5,docked_bike,2021-04-13 09:44:11,2021-04-13 09:57:34,E 97 St & Madison Ave,7393,W 100 St & Manhattan Ave,7538,40.787801,-73.953559,40.795,-73.9645,member
573596,C83DE81D16E028C8,docked_bike,2021-04-19 15:03:52,2021-04-19 15:28:02,E 97 St & Madison Ave,7393,W 100 St & Manhattan Ave,7538,40.787801,-73.953559,40.795,-73.9645,casual
573601,A03FB8345985198A,docked_bike,2021-04-28 12:10:21,2021-04-28 12:35:44,E 51 St & 2 Ave,6575,W 100 St & Manhattan Ave,7538,40.755293,-73.967641,40.795,-73.9645,member
573602,4A390E87C0A2FC2E,docked_bike,2021-04-29 13:55:44,2021-04-29 14:37:56,W 37 St & 10 Ave,6611,W 100 St & Manhattan Ave,7538,40.756603,-73.9979,40.795,-73.9645,member
573608,646539BAE59E3B04,docked_bike,2021-04-24 15:14:03,2021-04-24 15:25:51,E 97 St & Madison Ave,7393,W 100 St & Manhattan Ave,7538,40.787801,-73.953559,40.795,-73.9645,member
573609,884E0D23B73339A7,docked_bike,2021-04-05 16:52:24,2021-04-05 17:11:30,E 97 St & Madison Ave,7393,W 100 St & Manhattan Ave,7538,40.787801,-73.953559,40.795,-73.9645,member
573612,85194481775C3FEF,docked_bike,2021-04-22 19:48:39,2021-04-22 19:54:35,E 97 St & Madison Ave,7393,W 100 St & Manhattan Ave,7538,40.787801,-73.953559,40.795,-73.9645,member
573619,34A33665FC16114D,docked_bike,2021-04-28 19:53:37,2021-04-28 20:12:05,5 Ave & E 63 St,6904,W 100 St & Manhattan Ave,7538,40.766368,-73.971518,40.795,-73.9645,member
573624,F65B54167DB5D119,docked_bike,2021-04-13 18:08:59,2021-04-13 18:30:05,5 Ave & E 63 St,6904,W 100 St & Manhattan Ave,7538,40.766368,-73.971518,40.795,-73.9645,member
573631,EE8BD47A220367C6,docked_bike,2021-04-14 20:45:36,2021-04-14 21:07:01,5 Ave & E 63 St,6904,W 100 St & Manhattan Ave,7538,40.766368,-73.971518,40.795,-73.9645,member
573635,CF4C03AFB1395529,docked_bike,2021-04-29 13:57:24,2021-04-29 14:06:35,Adam Clayton Powell Blvd & W 123 St,7704,W 100 St & Manhattan Ave,7538,40.807831,-73.949373,40.795,-73.9645,member
573636,33F204E680D919D1,docked_bike,2021-04-16 20:53:15,2021-04-16 21:26:43,9 Ave & W 22 St,6266,W 100 St & Manhattan Ave,7538,40.745497,-74.001971,40.795,-73.9645,member
573645,275AF4D1FC0ECB93,docked_bike,2021-04-01 18:50:50,2021-04-01 19:21:23,E 11 St & 2 Ave,5746,W 100 St & Manhattan Ave,7538,40.730473,-73.986723,40.795,-73.9645,member
573648,5658DDEDBE1DB656,docked_bike,2021-04-13 20:04:21,2021-04-13 20:12:57,Adam Clayton Powell Blvd & W 123 St,7704,W 100 St & Manhattan Ave,7538,40.807831,-73.949373,40.795,-73.9645,casual
573649,9DE1DD84A9C3022F,docked_bike,2021-04-28 15:45:17,2021-04-28 16:04:42,5 Ave & E 63 St,6904,W 100 St & Manhattan Ave,7538,40.766368,-73.971518,40.795,-73.9645,casual
573652,BF98D7ABC2562E73,docked_bike,2021-04-29 17:48:01,2021-04-29 18:15:00,5 Ave & E 63 St,6904,W 100 St & Manhattan Ave,7538,40.766368,-73.971518,40.795,-73.9645,member
573655,59805ECD00E5543D,docked_bike,2021-04-21 07:26:15,2021-04-21 07:33:01,W 87 St & West End Ave,7484,W 100 St & Manhattan Ave,7538,40.789622,-73.97757,40.795,-73.9645,member
573658,B0C77308E0265F88,docked_bike,2021-04-20 11:26:06,2021-04-20 11:32:34,5 Ave & E 103 St,7511,W 100 St & Manhattan Ave,7538,40.792255,-73.952499,40.795,-73.9645,member
573663,D4F856D09CF0EE9A,docked_bike,2021-04-15 07:29:05,2021-04-15 07:35:10,5 Ave & E 103 St,7511,W 100 St & Manhattan Ave,7538,40.792255,-73.952499,40.795,-73.9645,member
573664,FFD11045B901B87C,docked_bike,2021-04-22 07:31:55,2021-04-22 07:36:42,5 Ave & E 103 St,7511,W 100 St & Manhattan Ave,7538,40.792255,-73.952499,40.795,-73.9645,member
573670,82443BFD55CB7F39,docked_bike,2021-04-07 18:22:18,2021-04-07 18:30:06,W 87 St & West End Ave,7484,W 100 St & Manhattan Ave,7538,40.789622,-73.97757,40.795,-73.9645,casual
573673,7AD900CC0BE42538,docked_bike,2021-04-26 15:44:47,2021-04-26 15:50:19,5 Ave & E 103 St,7511,W 100 St & Manhattan Ave,7538,40.792255,-73.952499,40.795,-73.9645,member
573675,10277B351D2FC127,docked_bike,2021-04-02 18:30:35,2021-04-02 18:35:15,5 Ave & E 103 St,7511,W 100 St & Manhattan Ave,7538,40.792255,-73.952499,40.795,-73.9645,member
573676,5855A65270D5284C,docked_bike,2021-04-08 21:22:47,2021-04-08 21:26:43,5 Ave & E 103 St,7511,W 100 St & Manhattan Ave,7538,40.792255,-73.952499,40.795,-73.9645,member
573678,F02B5E0BB72EC932,docked_bike,2021-04-27 12:39:20,2021-04-27 12:48:54,W 87 St & West End Ave,7484,W 100 St & Manhattan Ave,7538,40.789622,-73.97757,40.795,-73.9645,member
573680,85A84B2790BD9959,docked_bike,2021-04-14 07:29:30,2021-04-14 07:34:52,5 Ave & E 103 St,7511,W 100 St & Manhattan Ave,7538,40.792255,-73.952499,40.795,-73.9645,member
573684,4B41C709DC445D5B,docked_bike,2021-04-23 16:07:41,2021-04-23 16:16:52,5 Ave & E 103 St,7511,W 100 St & Manhattan Ave,7538,40.792255,-73.952499,40.795,-73.9645,member
573689,8482DCD42F2FF823,docked_bike,2021-04-17 10:37:17,2021-04-17 10:46:49,W 87 St & West End Ave,7484,W 100 St & Manhattan Ave,7538,40.789622,-73.97757,40.795,-73.9645,member
573697,1195DC28B59D6099,docked_bike,2021-04-04 19:19:30,2021-04-04 19:26:39,5 Ave & E 103 St,7511,W 100 St & Manhattan Ave,7538,40.792255,-73.952499,40.795,-73.9645,member
573699,DE5F797588F33940,docked_bike,2021-04-08 16:59:04,2021-04-08 17:07:06,5 Ave & E 103 St,7511,W 100 St & Manhattan Ave,7538,40.792255,-73.952499,40.795,-73.9645,member
573701,5F1D0D40ED9239E9,docked_bike,2021-04-28 15:16:13,2021-04-28 16:01:05,W 87 St & West End Ave,7484,W 100 St & Manhattan Ave,7538,40.789622,-73.97757,40.795,-73.9645,member
573702,758549CF7E80A81A,docked_bike,2021-04-08 15:39:48,2021-04-08 16:11:34,5 Ave & E 103 St,7511,W 100 St & Manhattan Ave,7538,40.792255,-73.952499,40.795,-73.9645,member
573703,BF89DB065D620C4C,docked_bike,2021-04-04 12:35:50,2021-04-04 12:47:21,Adam Clayton Powell Blvd & W 123 St,7704,W 100 St & Manhattan Ave,7538,40.807831,-73.949373,40.795,-73.9645,member
573705,91869345A75500FA,docked_bike,2021-04-10 19:08:31,2021-04-10 19:21:04,Adam Clayton Powell Blvd & W 123 St,7704,W 100 St & Manhattan Ave,7538,40.807831,-73.949373,40.795,-73.9645,member
573707,9A15323ACB1C2607,docked_bike,2021-04-18 12:19:28,2021-04-18 12:46:49,E 85 St & York Ave,7146,W 100 St & Manhattan Ave,7538,40.775369,-73.948034,40.795,-73.9645,casual
573719,8C8BBA416C8C5733,docked_bike,2021-04-24 14:40:37,2021-04-24 15:00:43,5 Ave & E 103 St,7511,W 100 St & Manhattan Ave,7538,40.792255,-73.952499,40.795,-73.9645,member
573772,27C6257380EE6E83,docked_bike,2021-04-28 17:29:49,2021-04-28 17:44:12,Central Park West & W 68 St,7079,W 100 St & Manhattan Ave,7538,40.773406,-73.977825,40.795,-73.9645,member
573773,79BADA8D53F2B820,docked_bike,2021-04-28 17:06:48,2021-04-28 17:32:59,E 58 St & Madison Ave,6839,W 100 St & Manhattan Ave,7538,40.763025,-73.972095,40.795,-73.9645,casual
573774,C0D65995ECE63F8E,docked_bike,2021-04-10 12:08:26,2021-04-10 12:32:01,E 58 St & Madison Ave,6839,W 100 St & Manhattan Ave,7538,40.763025,-73.972095,40.795,-73.9645,casual
573775,7FE3736B85A191C5,docked_bike,2021-04-18 14:45:31,2021-04-18 14:56:42,Central Park West & W 68 St,7079,W 100 St & Manhattan Ave,7538,40.773406,-73.977825,40.795,-73.9645,casual
573776,EF4DD89262E1765C,docked_bike,2021-04-11 07:19:33,2021-04-11 07:30:48,Central Park West & W 68 St,7079,W 100 St & Manhattan Ave,7538,40.773406,-73.977825,40.795,-73.9645,member
573788,538563E8EABE1F47,docked_bike,2021-04-13 15:01:38,2021-04-13 15:20:09,W 42 St & 6 Ave,6517,W 100 St & Manhattan Ave,7538,40.75492,-73.98455,40.795,-73.9645,member
573806,C17C2186B12E64BE,docked_bike,2021-04-04 17:14:33,2021-04-04 17:59:51,Franklin St & W Broadway,5430,W 100 St & Manhattan Ave,7538,40.719115,-74.006666,40.795,-73.9645,casual
573817,F3B59F10C8E3BA76,docked_bike,2021-04-17 14:56:22,2021-04-17 15:03:56,Central Park North & Adam Clayton Powell Blvd,7617,W 100 St & Manhattan Ave,7538,40.799484,-73.955613,40.795,-73.9645,casual
573819,4C5783F29B54459B,docked_bike,2021-04-18 11:57:51,2021-04-18 12:03:13,Central Park North & Adam Clayton Powell Blvd,7617,W 100 St & Manhattan Ave,7538,40.799484,-73.955613,40.795,-73.9645,member
573820,2E163557D6411DFE,docked_bike,2021-04-25 18:37:56,2021-04-25 18:45:56,Central Park North & Adam Clayton Powell Blvd,7617,W 100 St & Manhattan Ave,7538,40.799484,-73.955613,40.795,-73.9645,member
573822,E0F1B90FDAC61FF0,docked_bike,2021-04-20 17:02:27,2021-04-20 17:03:39,Columbus Ave & W 103 St,7595,W 100 St & Manhattan Ave,7538,40.796934,-73.964341,40.795,-73.9645,member
573823,ED047751276598AB,docked_bike,2021-04-23 10:24:07,2021-04-23 10:25:23,Columbus Ave & W 103 St,7595,W 100 St & Manhattan Ave,7538,40.796934,-73.964341,40.795,-73.9645,member
573826,63541BD096580224,docked_bike,2021-04-14 12:50:56,2021-04-14 13:10:20,Central Park North & Adam Clayton Powell Blvd,7617,W 100 St & Manhattan Ave,7538,40.799484,-73.955613,40.795,-73.9645,casual
573828,EC7943577A93FA01,docked_bike,2021-04-05 15:21:46,2021-04-05 15:32:05,Central Park North & Adam Clayton Powell Blvd,7617,W 100 St & Manhattan Ave,7538,40.799484,-73.955613,40.795,-73.9645,casual
573829,F1490502D31D9671,docked_bike,2021-04-16 16:01:55,2021-04-16 16:08:40,Central Park North & Adam Clayton Powell Blvd,7617,W 100 St & Manhattan Ave,7538,40.799484,-73.955613,40.795,-73.9645,member
573831,DA53881EA8562C49,docked_bike,2021-04-10 14:06:31,2021-04-10 14:18:18,Lenox Ave & W 133 St,7790,W 100 St & Manhattan Ave,7538,40.81296,-73.941878,40.795,-73.9645,member
573845,B7EA41881C1FCAAB,docked_bike,2021-04-25 13:50:41,2021-04-25 14:03:40,E 138 St & 5 Av,7809,W 100 St & Manhattan Ave,7538,40.81449,-73.936153,40.795,-73.9645,member
573850,7DE9D4F4FE2AF55E,docked_bike,2021-04-16 19:56:53,2021-04-16 20:21:48,E 63 St & 3 Ave,6830,W 100 St & Manhattan Ave,7538,40.763954,-73.9646,40.795,-73.9645,member
573851,A4B07F695FC832F0,docked_bike,2021-04-18 12:56:45,2021-04-18 13:12:31,E 138 St & 5 Av,7809,W 100 St & Manhattan Ave,7538,40.81449,-73.936153,40.795,-73.9645,member
573863,2C92C0AD68F3F133,docked_bike,2021-04-25 12:33:36,2021-04-25 13:31:25,Forsyth St & Canal St,5270,W 100 St & Manhattan Ave,7538,40.715815,-73.994223,40.795,-73.9645,member
573887,E5D420F69DCA7148,docked_bike,2021-04-28 19:21:16,2021-04-28 19:31:24,St. Nicholas Ave & W 126 St,7756,W 100 St & Manhattan Ave,7538,40.811432,-73.951877,40.795,-73.9645,casual
573898,0B7F1C72CC749640,docked_bike,2021-04-19 10:06:39,2021-04-19 10:13:39,St. Nicholas Ave & W 126 St,7756,W 100 St & Manhattan Ave,7538,40.811432,-73.951877,40.795,-73.9645,member
573926,C0B4660E22535E23,docked_bike,2021-04-13 07:37:28,2021-04-13 08:00:05,W 55 St & 6 Ave,6809,W 100 St & Manhattan Ave,7538,40.763189,-73.978434,40.795,-73.9645,member
573929,382E726340FE9433,docked_bike,2021-04-19 18:19:48,2021-04-19 18:35:30,W 55 St & 6 Ave,6809,W 100 St & Manhattan Ave,7538,40.763189,-73.978434,40.795,-73.9645,member
573934,F804BA0DE1DD9015,docked_bike,2021-04-16 05:45:54,2021-04-16 05:56:04,W 145 St & Amsterdam Ave,7997,W 100 St & Manhattan Ave,7538,40.825244,-73.947257,40.795,-73.9645,member
573951,2761DCE266AF905A,docked_bike,2021-04-25 15:55:35,2021-04-25 16:13:16,5 Ave & E 93 St,7372,W 100 St & Manhattan Ave,7538,40.785785,-73.957481,40.795,-73.9645,member
573956,B1BAF74A1F2018FA,docked_bike,2021-04-19 17:43:28,2021-04-19 17:53:55,5 Ave & E 93 St,7372,W 100 St & Manhattan Ave,7538,40.785785,-73.957481,40.795,-73.9645,member
573958,E6B47971F93211BC,docked_bike,2021-04-27 15:29:16,2021-04-27 15:39:48,5 Ave & E 93 St,7372,W 100 St & Manhattan Ave,7538,40.785785,-73.957481,40.795,-73.9645,casual
573959,907C5B226A0F8F27,docked_bike,2021-04-05 08:47:47,2021-04-05 08:56:12,5 Ave & E 93 St,7372,W 100 St & Manhattan Ave,7538,40.785785,-73.957481,40.795,-73.9645,member
573961,E21537392DFCFEFC,docked_bike,2021-04-08 13:16:44,2021-04-08 13:26:42,5 Ave & E 93 St,7372,W 100 St & Manhattan Ave,7538,40.785785,-73.957481,40.795,-73.9645,member
573962,7723EEA4FEBDC35A,docked_bike,2021-04-18 14:29:47,2021-04-18 14:46:18,5 Ave & E 93 St,7372,W 100 St & Manhattan Ave,7538,40.785785,-73.957481,40.795,-73.9645,member
573963,8738BFD24DFF0CE1,docked_bike,2021-04-29 07:37:09,2021-04-29 07:47:20,5 Ave & E 93 St,7372,W 100 St & Manhattan Ave,7538,40.785785,-73.957481,40.795,-73.9645,member
573964,20AFE6252E2219E8,docked_bike,2021-04-06 14:35:51,2021-04-06 14:45:51,5 Ave & E 93 St,7372,W 100 St & Manhattan Ave,7538,40.785785,-73.957481,40.795,-73.9645,member
573973,2AC721E219FEAC1E,docked_bike,2021-04-14 19:03:02,2021-04-14 19:13:57,5 Ave & E 93 St,7372,W 100 St & Manhattan Ave,7538,40.785785,-73.957481,40.795,-73.9645,casual
573975,84B50288FAC9EC4A,docked_bike,2021-04-19 17:35:40,2021-04-19 17:45:02,5 Ave & E 93 St,7372,W 100 St & Manhattan Ave,7538,40.785785,-73.957481,40.795,-73.9645,member
573976,6341ED7AB07DDAC6,docked_bike,2021-04-27 11:27:58,2021-04-27 11:37:21,5 Ave & E 93 St,7372,W 100 St & Manhattan Ave,7538,40.785785,-73.957481,40.795,-73.9645,member
573977,422B42107B17D234,docked_bike,2021-04-28 15:50:48,2021-04-28 16:04:26,5 Ave & E 93 St,7372,W 100 St & Manhattan Ave,7538,40.785785,-73.957481,40.795,-73.9645,member
573978,7AEA4E62F936523D,docked_bike,2021-04-14 08:22:06,2021-04-14 08:31:17,5 Ave & E 93 St,7372,W 100 St & Manhattan Ave,7538,40.785785,-73.957481,40.795,-73.9645,member
573983,BF6F41C16D788DEB,docked_bike,2021-04-16 15:30:06,2021-04-16 16:07:33,Central Park W & W 97 St,7538,W 100 St & Manhattan Ave,7538,40.792495,-73.964171,40.795,-73.9645,member
573986,7CB927AC6D372365,docked_bike,2021-04-13 16:00:28,2021-04-13 16:32:57,5 Ave & E 93 St,7372,W 100 St & Manhattan Ave,7538,40.785785,-73.957481,40.795,-73.9645,member
573989,F9F7252E5B680123,docked_bike,2021-04-01 16:53:21,2021-04-01 17:04:10,5 Ave & E 93 St,7372,W 100 St & Manhattan Ave,7538,40.785785,-73.957481,40.795,-73.9645,member
573991,1B68430388059585,docked_bike,2021-04-18 15:54:19,2021-04-18 16:26:17,5 Ave & E 93 St,7372,W 100 St & Manhattan Ave,7538,40.785785,-73.957481,40.795,-73.9645,member
573993,9CB4E8F7DAC76892,docked_bike,2021-04-11 00:26:42,2021-04-11 00:38:49,Central Park W & W 97 St,7538,Lenox Ave & W 115 St,7627,40.792495,-73.964171,40.801194,-73.950074,casual
574000,A6FCE6D594035A92,docked_bike,2021-04-07 16:46:03,2021-04-07 17:39:42,Central Park W & W 97 St,7538,W 100 St & Manhattan Ave,7538,40.792495,-73.96417,40.795,-73.9645,casual
574004,361B3D7766BE1775,docked_bike,2021-04-04 12:23:26,2021-04-04 12:58:03,Central Park W & W 97 St,7538,W 100 St & Manhattan Ave,7538,40.792495,-73.96417,40.795,-73.9645,member
574005,0D9549CE8C3945B1,docked_bike,2021-04-20 14:45:42,2021-04-20 14:57:28,Central Park W & W 97 St,7538,Lenox Ave & W 115 St,7627,40.792495,-73.96417,40.8011939,-73.9500739,member
574007,983342BDBE7585F2,docked_bike,2021-04-04 17:06:50,2021-04-04 17:18:27,Central Park W & W 97 St,7538,W 84 St & Broadway,7409,40.792495,-73.96417,40.7867947,-73.977112,casual
574010,57C0C6EF139E285D,docked_bike,2021-04-22 15:02:17,2021-04-22 15:34:20,Central Park W & W 97 St,7538,W 100 St & Manhattan Ave,7538,40.792495,-73.964171,40.795,-73.9645,member
574011,25DBB4F01D08C87B,docked_bike,2021-04-05 21:00:19,2021-04-05 21:08:20,Central Park W & W 97 St,7538,W 100 St & Manhattan Ave,7538,40.792495,-73.96417,40.795,-73.9645,member
574016,43ABCC0EA355017C,docked_bike,2021-04-16 16:08:01,2021-04-16 16:28:01,Central Park W & W 97 St,7538,W 100 St & Manhattan Ave,7538,40.792495,-73.96417,40.795,-73.9645,member
574017,D23C676C4C5632A9,docked_bike,2021-04-24 12:43:36,2021-04-24 12:45:14,Central Park W & W 97 St,7538,W 100 St & Manhattan Ave,7538,40.792495,-73.96417,40.795,-73.9645,member
574021,12836E2A21D39281,docked_bike,2021-04-23 12:14:52,2021-04-23 12:21:07,Central Park W & W 97 St,7538,W 84 St & Broadway,7409,40.792495,-73.96417,40.7867947,-73.977112,casual
574023,A6D6958D6C6BA855,docked_bike,2021-04-14 11:42:51,2021-04-14 11:52:16,Central Park W & W 97 St,7538,Lenox Ave & W 115 St,7627,40.792495,-73.96417,40.8011939,-73.9500739,member
574026,C1669FA58558AFEE,docked_bike,2021-04-07 16:45:53,2021-04-07 17:39:32,Central Park W & W 97 St,7538,W 100 St & Manhattan Ave,7538,40.792495,-73.96417,40.795,-73.9645,casual
574027,72EB29E74995BA89,docked_bike,2021-04-08 15:09:09,2021-04-08 15:11:43,Central Park W & W 97 St,7538,W 100 St & Manhattan Ave,7538,40.792495,-73.96417,40.795,-73.9645,member
574028,0867755057EA65E2,docked_bike,2021-04-10 14:46:14,2021-04-10 15:17:45,8 Ave & W 38 St,6526,W 100 St & Manhattan Ave,7538,40.75461,-73.99177,40.795,-73.9645,member
574029,F7C8B1E66C3104ED,docked_bike,2021-04-18 11:21:04,2021-04-18 11:33:22,Central Park W & W 97 St,7538,W 84 St & Broadway,7409,40.792495,-73.96417,40.7867947,-73.977112,casual
574030,E1FB61886A3C794D,docked_bike,2021-04-01 20:40:49,2021-04-01 20:44:30,Central Park W & W 97 St,7538,W 100 St & Manhattan Ave,7538,40.792495,-73.96417,40.795,-73.9645,member
574033,F52FE3332318D7F6,docked_bike,2021-04-21 06:57:28,2021-04-21 07:04:53,Central Park W & W 97 St,7538,Lenox Ave & W 115 St,7627,40.792495,-73.96417,40.8011939,-73.9500739,member
574039,D37F001A5EB5B4BF,docked_bike,2021-04-05 11:18:35,2021-04-05 11:20:23,Central Park W & W 97 St,7538,W 100 St & Manhattan Ave,7538,40.792495,-73.96417,40.795,-73.9645,member
574040,9CE62A188C72F4BA,docked_bike,2021-04-26 14:22:42,2021-04-26 14:49:00,8 Ave & W 38 St,6526,W 100 St & Manhattan Ave,7538,40.75461,-73.99177,40.795,-73.9645,member
574041,015584321D6A8C62,docked_bike,2021-04-22 10:43:23,2021-04-22 11:02:06,2 Ave & E 125 St,7648,W 100 St & Manhattan Ave,7538,40.802554,-73.933509,40.795,-73.9645,member
574045,407BC0AAB6FF5F4C,docked_bike,2021-04-20 18:41:20,2021-04-20 19:21:27,Central Park W & W 97 St,7538,W 100 St & Manhattan Ave,7538,40.792495,-73.96417,40.795,-73.9645,member
574046,EC78CB00362EADB9,docked_bike,2021-04-07 09:34:30,2021-04-07 10:21:33,Central Park W & W 97 St,7538,W 100 St & Manhattan Ave,7538,40.792495,-73.96417,40.795,-73.9645,member
574047,DBC900290258A2C9,docked_bike,2021-04-10 18:52:48,2021-04-10 19:12:42,Central Park W & W 97 St,7538,W 84 St & Broadway,7409,40.792495,-73.96417,40.7867947,-73.977112,member
574053,ECF370872341409D,docked_bike,2021-04-30 19:22:18,2021-04-30 20:08:47,Central Park W & W 97 St,7538,W 100 St & Manhattan Ave,7538,40.792495,-73.96417,40.795,-73.9645,casual
574054,8043ACC3A2D6930A,docked_bike,2021-04-13 18:03:33,2021-04-13 18:11:54,Central Park W & W 97 St,7538,Lenox Ave & W 115 St,7627,40.792495,-73.96417,40.8011939,-73.9500739,casual
574055,1DDE27B6DFE74040,docked_bike,2021-04-14 14:47:02,2021-04-14 14:55:55,Central Park W & W 97 St,7538,W 84 St & Broadway,7409,40.792495,-73.96417,40.7867947,-73.977112,member
574058,C65121ED292FAB06,docked_bike,2021-04-11 00:27:35,2021-04-11 00:46:02,Central Park W & W 97 St,7538,Lenox Ave & W 115 St,7627,40.792495,-73.964171,40.801194,-73.950074,casual
574060,3C4EBD4F4CCF4940,docked_bike,2021-04-23 10:49:47,2021-04-23 11:01:01,Central Park W & W 97 St,7538,W 84 St & Broadway,7409,40.792495,-73.96417,40.7867947,-73.977112,member
574061,9A312E13B0BF9292,docked_bike,2021-04-11 17:18:59,2021-04-11 17:27:42,Central Park W & W 97 St,7538,Lenox Ave & W 115 St,7627,40.792495,-73.96417,40.8011939,-73.9500739,casual
574062,DC466177869A741A,docked_bike,2021-04-27 11:46:39,2021-04-27 12:13:31,8 Ave & W 38 St,6526,W 100 St & Manhattan Ave,7538,40.75461,-73.99177,40.795,-73.9645,member
574063,544D0EDED3B707B2,docked_bike,2021-04-18 17:04:35,2021-04-18 17:13:27,Central Park W & W 97 St,7538,Lenox Ave & W 115 St,7627,40.792495,-73.96417,40.8011939,-73.9500739,casual
574067,BAE2A57179A764EC,docked_bike,2021-04-06 06:33:26,2021-04-06 06:53:46,8 Ave & W 38 St,6526,W 100 St & Manhattan Ave,7538,40.75461,-73.99177,40.795,-73.9645,member
574073,E38E1F9BDAE9DC4A,docked_bike,2021-04-06 12:34:58,2021-04-06 13:09:23,Central Park W & W 97 St,7538,W 84 St & Broadway,7409,40.792495,-73.96417,40.7867947,-73.977112,member
574076,912973C791E53655,docked_bike,2021-04-22 15:47:23,2021-04-22 15:56:16,Central Park W & W 97 St,7538,W 84 St & Broadway,7409,40.792495,-73.96417,40.7867947,-73.977112,member
574077,8EC27DDB14FD18B2,docked_bike,2021-04-26 12:45:01,2021-04-26 13:00:11,Central Park W & W 97 St,7538,W 84 St & Broadway,7409,40.792495,-73.96417,40.7867947,-73.977112,member
574079,1AA9B310873F0304,docked_bike,2021-04-28 08:02:21,2021-04-28 08:04:01,Central Park W & W 97 St,7538,W 100 St & Manhattan Ave,7538,40.792495,-73.96417,40.795,-73.9645,member
574082,532CE448A81D762E,docked_bike,2021-04-19 11:22:19,2021-04-19 11:23:48,Central Park W & W 97 St,7538,W 100 St & Manhattan Ave,7538,40.792495,-73.96417,40.795,-73.9645,member
574083,ECBEB410708D7C06,docked_bike,2021-04-07 18:46:13,2021-04-07 18:47:36,Central Park W & W 97 St,7538,W 100 St & Manhattan Ave,7538,40.792495,-73.96417,40.795,-73.9645,member
574084,08E2E4188FCECE15,docked_bike,2021-04-30 16:50:21,2021-04-30 17:32:50,Central Park W & W 97 St,7538,W 100 St & Manhattan Ave,7538,40.792495,-73.96417,40.795,-73.9645,member
574085,54755808B58EEA65,docked_bike,2021-04-07 10:54:14,2021-04-07 11:01:08,Central Park W & W 97 St,7538,Lenox Ave & W 115 St,7627,40.792495,-73.96417,40.8011939,-73.9500739,member
574086,7D980EB32F82C27C,docked_bike,2021-04-20 20:09:35,2021-04-20 20:58:19,Central Park W & W 97 St,7538,W 100 St & Manhattan Ave,7538,40.792495,-73.96417,40.795,-73.9645,member
574087,F9D58827FE64889E,docked_bike,2021-04-04 11:14:13,2021-04-04 11:23:03,Central Park W & W 97 St,7538,Lenox Ave & W 115 St,7627,40.792495,-73.96417,40.8011939,-73.9500739,casual
574088,A5CAF45B88EB978E,docked_bike,2021-04-06 21:12:13,2021-04-06 21:24:52,Central Park W & W 97 St,7538,Lenox Ave & W 115 St,7627,40.792495,-73.96417,40.8011939,-73.9500739,member
574090,02522ACC00C49B86,docked_bike,2021-04-19 09:15:51,2021-04-19 09:23:30,Central Park W & W 97 St,7538,Lenox Ave & W 115 St,7627,40.792495,-73.96417,40.8011939,-73.9500739,member
574091,D6814834AE930FBD,docked_bike,2021-04-24 10:26:48,2021-04-24 10:47:29,8 Ave & W 38 St,6526,W 100 St & Manhattan Ave,7538,40.75461,-73.99177,40.795,-73.9645,member
574092,FC3D404607668BCB,docked_bike,2021-04-18 11:22:34,2021-04-18 11:33:12,Central Park W & W 97 St,7538,W 84 St & Broadway,7409,40.792495,-73.96417,40.7867947,-73.977112,casual
574095,96E8739B89A862D0,docked_bike,2021-04-17 12:21:18,2021-04-17 12:29:48,Central Park W & W 97 St,7538,W 84 St & Broadway,7409,40.792495,-73.96417,40.7867947,-73.977112,member
574119,3AD834E6C80C2D5B,docked_bike,2021-04-11 17:18:32,2021-04-11 17:27:15,Central Park W & W 97 St,7538,Lenox Ave & W 115 St,7627,40.792495,-73.96417,40.8011939,-73.9500739,member
574120,08DAB64DBA047BCC,docked_bike,2021-04-20 11:26:16,2021-04-20 11:32:11,Central Park W & W 97 St,7538,Lenox Ave & W 115 St,7627,40.792495,-73.96417,40.8011939,-73.9500739,member
574121,2AC937D31A2B5A78,docked_bike,2021-04-13 11:14:11,2021-04-13 11:20:04,Central Park W & W 97 St,7538,Lenox Ave & W 115 St,7627,40.792495,-73.96417,40.8011939,-73.9500739,member
574122,1369DB112D90D533,docked_bike,2021-04-09 08:07:28,2021-04-09 08:14:17,Central Park W & W 97 St,7538,Lenox Ave & W 115 St,7627,40.792495,-73.96417,40.8011939,-73.9500739,member
574123,F000282274E67921,docked_bike,2021-04-19 13:13:02,2021-04-19 13:15:17,Central Park W & W 97 St,7538,W 100 St & Manhattan Ave,7538,40.792495,-73.96417,40.795,-73.9645,member
574124,B6EE516150E248A2,docked_bike,2021-04-30 16:31:44,2021-04-30 16:34:27,Central Park W & W 97 St,7538,W 100 St & Manhattan Ave,7538,40.792495,-73.96417,40.795,-73.9645,member
574125,11DE0E8871128CA6,docked_bike,2021-04-17 09:46:35,2021-04-17 10:05:40,8 Ave & W 38 St,6526,W 100 St & Manhattan Ave,7538,40.75461,-73.99177,40.795,-73.9645,member
574128,8CF4F4E63EFBCC9A,docked_bike,2021-04-09 12:38:05,2021-04-09 12:48:00,Central Park W & W 97 St,7538,W 84 St & Broadway,7409,40.792495,-73.96417,40.7867947,-73.977112,member
574129,E7BD21FDD9F000C1,docked_bike,2021-04-17 21:43:26,2021-04-17 21:43:12,Central Park W & W 97 St,7538,W 100 St & Manhattan Ave,7538,40.792495,-73.96417,40.795,-73.9645,member
574133,2252714A3E59FC5D,docked_bike,2021-04-30 10:16:09,2021-04-30 10:33:20,Central Park W & W 97 St,7538,Lenox Ave & W 115 St,7627,40.792495,-73.96417,40.8011939,-73.9500739,member
574137,C90AE65BDA33BB20,docked_bike,2021-04-06 05:55:18,2021-04-06 06:38:40,Central Park W & W 97 St,7538,W 100 St & Manhattan Ave,7538,40.792495,-73.96417,40.795,-73.9645,member
574138,29F964034B9BB063,docked_bike,2021-04-04 11:14:11,2021-04-04 11:22:54,Central Park W & W 97 St,7538,Lenox Ave & W 115 St,7627,40.792495,-73.96417,40.8011939,-73.9500739,member
574139,EDC0F21794CF3C89,docked_bike,2021-04-20 09:36:06,2021-04-20 09:56:33,8 Ave & W 38 St,6526,W 100 St & Manhattan Ave,7538,40.75461,-73.99177,40.795,-73.9645,member
574140,3B28F08F5FEADD85,docked_bike,2021-04-13 08:49:29,2021-04-13 09:10:01,8 Ave & W 38 St,6526,W 100 St & Manhattan Ave,7538,40.75461,-73.99177,40.795,-73.9645,member
574141,F168F58A66BC70D6,docked_bike,2021-04-20 20:55:52,2021-04-20 21:36:35,Central Park W & W 97 St,7538,W 100 St & Manhattan Ave,7538,40.792495,-73.96417,40.795,-73.9645,member
574146,134E979CE1CB7C6C,docked_bike,2021-04-13 09:33:08,2021-04-13 09:39:50,Central Park W & W 97 St,7538,Lenox Ave & W 115 St,7627,40.792495,-73.96417,40.8011939,-73.9500739,member
574148,1201D20BDC173127,docked_bike,2021-04-18 22:31:06,2021-04-18 22:32:41,Central Park W & W 97 St,7538,W 100 St & Manhattan Ave,7538,40.792495,-73.96417,40.795,-73.9645,member
574153,4BBEA766CF203410,docked_bike,2021-04-18 18:20:41,2021-04-18 18:31:02,Central Park W & W 97 St,7538,W 84 St & Broadway,7409,40.792495,-73.96417,40.7867947,-73.977112,casual
574154,F5F247093095A26B,docked_bike,2021-04-27 15:38:21,2021-04-27 16:38:49,Central Park W & W 97 St,7538,W 100 St & Manhattan Ave,7538,40.792495,-73.96417,40.795,-73.9645,member
574158,1C70BCDC9F46DA21,docked_bike,2021-04-30 11:11:26,2021-04-30 11:16:49,Central Park W & W 97 St,7538,Lenox Ave & W 115 St,7627,40.792495,-73.96417,40.8011939,-73.9500739,member
574160,636417DEF378E670,docked_bike,2021-04-08 02:10:06,2021-04-08 04:00:33,Central Park W & W 97 St,7538,W 84 St & Broadway,7409,40.792495,-73.96417,40.7867947,-73.977112,casual
574161,140E223FD6530294,docked_bike,2021-04-28 20:24:19,2021-04-28 20:26:37,Central Park W & W 97 St,7538,W 100 St & Manhattan Ave,7538,40.792495,-73.96417,40.795,-73.9645,member
574163,E095758712B924CB,docked_bike,2021-04-08 16:52:55,2021-04-08 17:27:56,Central Park W & W 97 St,7538,W 100 St & Manhattan Ave,7538,40.792495,-73.96417,40.795,-73.9645,member
574165,D7B4272D45362A85,docked_bike,2021-04-23 15:11:36,2021-04-23 15:20:42,Central Park W & W 97 St,7538,Lenox Ave & W 115 St,7627,40.792495,-73.96417,40.8011939,-73.9500739,member
574184,947DEEB0A0D57F0B,docked_bike,2021-04-18 09:47:39,2021-04-18 10:28:10,W 82 St & Central Park West,7304,W 100 St & Manhattan Ave,7538,40.78275,-73.97137,40.795,-73.9645,member
574195,9B0CE9B6ADF18112,docked_bike,2021-04-01 18:05:31,2021-04-01 18:24:10,W 82 St & Central Park West,7304,W 100 St & Manhattan Ave,7538,40.78275,-73.97137,40.795,-73.9645,member
574207,738BC54FDBF5692B,docked_bike,2021-04-19 07:40:47,2021-04-19 07:47:00,5 Ave & E 103 St,7511,W 100 St & Manhattan Ave,7538,40.792255,-73.952499,40.795,-73.9645,member
574208,3237A17A7ABEFB6E,docked_bike,2021-04-03 19:40:06,2021-04-03 19:44:46,5 Ave & E 103 St,7511,W 100 St & Manhattan Ave,7538,40.792255,-73.952499,40.795,-73.9645,member
574209,26D9ED9181B7E9BB,docked_bike,2021-04-01 07:37:41,2021-04-01 07:42:40,5 Ave & E 103 St,7511,W 100 St & Manhattan Ave,7538,40.792255,-73.952499,40.795,-73.9645,member
574210,8E0045B44DF52FA5,docked_bike,2021-04-24 10:15:37,2021-04-24 10:20:51,5 Ave & E 103 St,7511,W 100 St & Manhattan Ave,7538,40.792255,-73.952499,40.795,-73.9645,member
574214,9E1530EBA7B61B00,docked_bike,2021-04-23 08:49:29,2021-04-23 08:55:34,5 Ave & E 103 St,7511,W 100 St & Manhattan Ave,7538,40.792255,-73.952499,40.795,-73.9645,casual
574215,E1EF8332BD134738,docked_bike,2021-04-17 07:42:10,2021-04-17 07:47:17,5 Ave & E 103 St,7511,W 100 St & Manhattan Ave,7538,40.792255,-73.952499,40.795,-73.9645,member
574222,445A77A7E4BCB5FE,docked_bike,2021-04-13 07:55:51,2021-04-13 08:02:03,5 Ave & E 103 St,7511,W 100 St & Manhattan Ave,7538,40.792255,-73.952499,40.795,-73.9645,member
574227,726BCD55790FFC59,docked_bike,2021-04-10 16:50:14,2021-04-10 17:36:54,W 82 St & Central Park West,7304,W 100 St & Manhattan Ave,7538,40.78275,-73.97137,40.795,-73.9645,casual
574252,154C55EFDEB1BE4C,docked_bike,2021-04-24 15:20:55,2021-04-24 15:33:01,W 82 St & Central Park West,7304,W 100 St & Manhattan Ave,7538,40.78275,-73.97137,40.795,-73.9645,member
574279,FC8CEE6ABD388590,docked_bike,2021-04-05 17:39:20,2021-04-05 18:04:03,W 46 St & 11 Ave,6795,W 100 St & Manhattan Ave,7538,40.763413,-73.996674,40.795,-73.9645,member
574313,A6CD3D1526603452,docked_bike,2021-04-26 16:51:50,2021-04-26 16:59:39,5 Ave & E 103 St,7511,W 100 St & Manhattan Ave,7538,40.792255,-73.952499,40.795,-73.9645,casual
574314,B0F20A744A1639E9,docked_bike,2021-04-05 18:18:33,2021-04-05 18:40:51,5 Ave & E 103 St,7511,W 100 St & Manhattan Ave,7538,40.792255,-73.952499,40.795,-73.9645,casual
574319,58451597CD163840,docked_bike,2021-04-29 17:55:55,2021-04-29 18:16:31,W 52 St & 11 Ave,6926,W 100 St & Manhattan Ave,7538,40.767272,-73.993928,40.795,-73.9645,member
574320,A47EB5E79B25F7B3,docked_bike,2021-04-17 17:39:10,2021-04-17 18:03:17,W 52 St & 11 Ave,6926,W 100 St & Manhattan Ave,7538,40.767272,-73.993928,40.795,-73.9645,member
574352,AD8817CF5F2AC472,docked_bike,2021-04-30 12:30:02,2021-04-30 12:42:05,Lenox Ave & W 117 St,7655,W 100 St & Manhattan Ave,7538,40.802556,-73.949078,40.795,-73.9645,member
574359,3F31C00D9F138246,docked_bike,2021-04-25 18:09:57,2021-04-25 18:19:54,Lenox Ave & W 117 St,7655,W 100 St & Manhattan Ave,7538,40.802556,-73.949078,40.795,-73.9645,member
574364,4A81602A1845B98A,docked_bike,2021-04-07 14:14:21,2021-04-07 14:37:22,W 53 St & 10 Ave,6890,W 100 St & Manhattan Ave,7538,40.766696,-73.990617,40.795,-73.9645,member
574367,FDD58EC8A60F5A90,docked_bike,2021-04-08 17:56:54,2021-04-08 18:06:01,Amsterdam Ave & W 82 St,7360,W 100 St & Manhattan Ave,7538,40.785246,-73.976673,40.795,-73.9645,member
574372,E28B14F843F4829E,docked_bike,2021-04-07 17:15:20,2021-04-07 17:20:43,Amsterdam Ave & W 82 St,7360,W 100 St & Manhattan Ave,7538,40.785246,-73.976673,40.795,-73.9645,member
574376,7EB8C72CE1BB9780,docked_bike,2021-04-07 19:56:49,2021-04-07 20:04:29,Amsterdam Ave & W 82 St,7360,W 100 St & Manhattan Ave,7538,40.785246,-73.976673,40.795,-73.9645,member
574389,6400BC933F185C4F,docked_bike,2021-04-10 12:50:31,2021-04-10 13:27:10,Cathedral Pkwy & Broadway,7680,W 100 St & Manhattan Ave,7538,40.804213,-73.966991,40.795,-73.9645,member
574398,6395D579EB49C2B9,docked_bike,2021-04-26 14:38:36,2021-04-26 14:51:05,Frederick Douglass Blvd & W 129 St,7795,W 100 St & Manhattan Ave,7538,40.812551,-73.949228,40.795,-73.9645,member
574403,B338E3B433683142,docked_bike,2021-04-29 18:36:22,2021-04-29 18:48:15,Adam Clayton Powell Blvd & W 126 St,7738,W 100 St & Manhattan Ave,7538,40.809495,-73.947764,40.795,-73.9645,member
574428,315341C367232A04,docked_bike,2021-04-29 11:59:25,2021-04-29 12:08:41,Adam Clayton Powell Blvd & W 126 St,7738,W 100 St & Manhattan Ave,7538,40.809495,-73.947764,40.795,-73.9645,member
574435,5ACA110B840E0773,docked_bike,2021-04-01 22:37:31,2021-04-01 22:43:57,Amsterdam Ave & W 82 St,7360,W 100 St & Manhattan Ave,7538,40.785246,-73.976673,40.795,-73.9645,member
574436,EAACB8D3B13F1792,docked_bike,2021-04-24 12:13:05,2021-04-24 12:24:03,Amsterdam Ave & W 82 St,7360,W 100 St & Manhattan Ave,7538,40.785246,-73.976673,40.795,-73.9645,member
574443,96649164E38CCCB5,docked_bike,2021-04-26 14:49:39,2021-04-26 14:58:31,Amsterdam Ave & W 82 St,7360,W 100 St & Manhattan Ave,7538,40.785246,-73.976673,40.795,-73.9645,member
574452,E27E99AC282CA771,docked_bike,2021-04-29 00:03:48,2021-04-29 00:18:35,Cathedral Pkwy & Broadway,7680,W 100 St & Manhattan Ave,7538,40.804213,-73.966991,40.795,-73.9645,member
574456,A437A375294CA677,docked_bike,2021-04-10 18:55:15,2021-04-10 19:28:10,Cathedral Pkwy & Broadway,7680,W 100 St & Manhattan Ave,7538,40.804213,-73.966991,40.795,-73.9645,member
574471,033D4C1DA233DA05,docked_bike,2021-04-04 13:49:54,2021-04-04 14:00:13,Amsterdam Ave & W 82 St,7360,W 100 St & Manhattan Ave,7538,40.785246,-73.976673,40.795,-73.9645,member
574472,9417FE92584B7AD8,docked_bike,2021-04-11 17:59:34,2021-04-11 18:07:34,Amsterdam Ave & W 82 St,7360,W 100 St & Manhattan Ave,7538,40.785246,-73.976673,40.795,-73.9645,member
574479,CEAADA6127B1B1D9,docked_bike,2021-04-28 15:07:37,2021-04-28 15:19:25,Amsterdam Ave & W 82 St,7360,W 100 St & Manhattan Ave,7538,40.785246,-73.976673,40.795,-73.9645,member
574482,B6E724E1DE08B1C4,docked_bike,2021-04-07 19:56:50,2021-04-07 20:04:28,Amsterdam Ave & W 82 St,7360,W 100 St & Manhattan Ave,7538,40.785246,-73.976673,40.795,-73.9645,member
574483,AFC7D0E44BD25DE1,docked_bike,2021-04-17 14:39:22,2021-04-17 14:46:09,Amsterdam Ave & W 82 St,7360,W 100 St & Manhattan Ave,7538,40.785246,-73.976673,40.795,-73.9645,member
574485,74D5B092F3786E6D,docked_bike,2021-04-17 12:07:23,2021-04-17 12:17:29,Morningside Dr & Amsterdam Ave,7741,W 100 St & Manhattan Ave,7538,40.810285,-73.957364,40.795,-73.9645,member
574502,F88E9BEBDE06752F,docked_bike,2021-04-18 15:33:09,2021-04-18 16:04:06,W 15 St & 6 Ave,5989,W 100 St & Manhattan Ave,7538,40.738046,-73.996429,40.795,-73.9645,member
574516,CE4F878BD7C7161A,docked_bike,2021-04-20 18:44:04,2021-04-20 19:24:25,Lexington Ave & E 29 St,6164,W 100 St & Manhattan Ave,7538,40.743115,-73.982153,40.795,-73.9645,member
574579,CB3CFDAF922A9B09,docked_bike,2021-04-10 16:07:21,2021-04-10 16:40:23,Broadway & W 36 St,6441,W 100 St & Manhattan Ave,7538,40.750977,-73.987654,40.795,-73.9645,member
574613,CC47147CAF3B3F63,docked_bike,2021-04-28 17:43:26,2021-04-28 18:18:53,Broadway & W 36 St,6441,W 100 St & Manhattan Ave,7538,40.750977,-73.987654,40.795,-73.9645,member
574614,917F8DA798D5CC79,docked_bike,2021-04-23 19:34:08,2021-04-23 19:40:26,Morningside Ave & W 123 St,7741,W 100 St & Manhattan Ave,7538,40.81,-73.955151,40.795,-73.9645,member
574615,F2BC4E097F26CE18,docked_bike,2021-04-05 20:32:51,2021-04-05 20:38:16,Morningside Ave & W 123 St,7741,W 100 St & Manhattan Ave,7538,40.81,-73.955151,40.795,-73.9645,member
574616,C6570F697672B33C,docked_bike,2021-04-01 10:22:46,2021-04-01 10:28:01,W 113 St & Broadway,7713,W 100 St & Manhattan Ave,7538,40.805973,-73.964928,40.795,-73.9645,member
574622,B9C0DD04709BC801,docked_bike,2021-04-16 13:01:29,2021-04-16 13:07:13,W 113 St & Broadway,7713,W 100 St & Manhattan Ave,7538,40.805973,-73.964928,40.795,-73.9645,member
574626,753CF435E3CD64BC,docked_bike,2021-04-27 14:58:54,2021-04-27 15:17:49,W 113 St & Broadway,7713,W 100 St & Manhattan Ave,7538,40.805973,-73.964928,40.795,-73.9645,casual
574639,472567EF5CBFBA71,docked_bike,2021-04-01 19:13:52,2021-04-01 19:29:58,E 81 St & Park Ave,7188,W 100 St & Manhattan Ave,7538,40.776777,-73.959009,40.795,-73.9645,casual
574647,0775D4075D518A71,docked_bike,2021-04-07 18:24:55,2021-04-07 18:33:57,W 82 St & Central Park West,7304,W 100 St & Manhattan Ave,7538,40.78275,-73.97137,40.795,-73.9645,member
574654,449CC139C727424A,docked_bike,2021-04-10 21:33:02,2021-04-10 21:39:55,W 82 St & Central Park West,7304,W 100 St & Manhattan Ave,7538,40.78275,-73.97137,40.795,-73.9645,casual
574674,17769E201D210BDA,docked_bike,2021-04-12 08:12:53,2021-04-12 08:20:18,W 113 St & Broadway,7713,W 100 St & Manhattan Ave,7538,40.805973,-73.964928,40.795,-73.9645,member
574683,3220629AB6B60F8D,docked_bike,2021-04-14 10:19:39,2021-04-14 10:56:39,Morningside Ave & W 123 St,7741,W 100 St & Manhattan Ave,7538,40.81,-73.95515,40.795,-73.9645,member
574687,6C8F44958B4C9912,docked_bike,2021-04-22 16:01:05,2021-04-22 16:05:51,W 113 St & Broadway,7713,W 100 St & Manhattan Ave,7538,40.805973,-73.964928,40.795,-73.9645,member
574691,573C4B2B8AB5372D,docked_bike,2021-04-14 14:33:14,2021-04-14 14:49:19,W 113 St & Broadway,7713,W 100 St & Manhattan Ave,7538,40.805973,-73.964928,40.795,-73.9645,member
574695,3FD1015CF4FED1FC,docked_bike,2021-04-10 08:53:22,2021-04-10 09:06:54,W 113 St & Broadway,7713,W 100 St & Manhattan Ave,7538,40.805973,-73.964928,40.795,-73.9645,member
574702,DE277B7FBEC2877D,docked_bike,2021-04-14 13:44:22,2021-04-14 13:51:55,W 113 St & Broadway,7713,W 100 St & Manhattan Ave,7538,40.805973,-73.964928,40.795,-73.9645,member
574706,B431FF9FD6A565CB,docked_bike,2021-04-14 13:25:18,2021-04-14 13:31:56,Morningside Ave & W 123 St,7741,W 100 St & Manhattan Ave,7538,40.81,-73.95515,40.795,-73.9645,member
574713,107205BADEFA55DD,docked_bike,2021-04-10 18:20:17,2021-04-10 18:29:53,W 113 St & Broadway,7713,W 100 St & Manhattan Ave,7538,40.805973,-73.964928,40.795,-73.9645,casual
574736,9E39AC0576F1542F,docked_bike,2021-04-24 18:39:24,2021-04-24 18:45:29,W 113 St & Broadway,7713,W 100 St & Manhattan Ave,7538,40.805973,-73.964928,40.795,-73.9645,member
574742,7750793178DB78E5,docked_bike,2021-04-03 09:49:06,2021-04-03 10:03:30,Morningside Ave & W 123 St,7741,W 100 St & Manhattan Ave,7538,40.81,-73.95515,40.795,-73.9645,member
574743,03154CF4F056B111,docked_bike,2021-04-24 13:33:32,2021-04-24 13:39:30,W 113 St & Broadway,7713,W 100 St & Manhattan Ave,7538,40.805973,-73.964928,40.795,-73.9645,casual
574752,B15C74336BBC27D7,docked_bike,2021-04-10 20:27:35,2021-04-10 20:33:05,W 113 St & Broadway,7713,W 100 St & Manhattan Ave,7538,40.805973,-73.964928,40.795,-73.9645,member
574754,4E3A538632675908,docked_bike,2021-04-03 16:51:26,2021-04-03 16:59:38,W 113 St & Broadway,7713,W 100 St & Manhattan Ave,7538,40.805973,-73.964928,40.795,-73.9645,member
574764,35BFB70470705EA7,docked_bike,2021-04-25 15:40:52,2021-04-25 15:59:43,Bradhurst Ave & W 148 St,7992,W 100 St & Manhattan Ave,7538,40.825125,-73.941616,40.795,-73.9645,member
574765,9DAFE9FC71580D21,docked_bike,2021-04-20 16:43:54,2021-04-20 16:51:39,W 113 St & Broadway,7713,W 100 St & Manhattan Ave,7538,40.805973,-73.964928,40.795,-73.9645,member
574766,1F20B889641F8544,docked_bike,2021-04-20 14:34:13,2021-04-20 14:40:58,W 113 St & Broadway,7713,W 100 St & Manhattan Ave,7538,40.805973,-73.964928,40.795,-73.9645,member
574776,C468E56A4E6536A4,docked_bike,2021-04-20 12:13:16,2021-04-20 12:22:08,W 113 St & Broadway,7713,W 100 St & Manhattan Ave,7538,40.805973,-73.964928,40.795,-73.9645,member
574777,B5D18C80C928FC0E,docked_bike,2021-04-25 15:40:10,2021-04-25 15:59:32,Bradhurst Ave & W 148 St,7992,W 100 St & Manhattan Ave,7538,40.825125,-73.941616,40.795,-73.9645,member
574779,A8E78C7B09BFA670,docked_bike,2021-04-19 16:21:34,2021-04-19 16:30:08,W 113 St & Broadway,7713,W 100 St & Manhattan Ave,7538,40.805973,-73.964928,40.795,-73.9645,member
574780,2DACD7AA5CFE1AEC,docked_bike,2021-04-08 17:48:23,2021-04-08 17:54:11,W 113 St & Broadway,7713,W 100 St & Manhattan Ave,7538,40.805973,-73.964928,40.795,-73.9645,member
574785,3618FD317B2DA996,docked_bike,2021-04-28 11:13:33,2021-04-28 11:24:14,W 113 St & Broadway,7713,W 100 St & Manhattan Ave,7538,40.805973,-73.964928,40.795,-73.9645,member
574810,6AA5D80E6831DC8C,docked_bike,2021-04-13 17:32:59,2021-04-13 17:42:34,Central Park W & W 97 St,7538,W 84 St & Broadway,7409,40.792495,-73.96417,40.7867947,-73.977112,casual
574823,37BBD98B9A44EC56,docked_bike,2021-04-09 14:12:52,2021-04-09 14:33:59,Bradhurst Ave & W 148 St,7992,W 100 St & Manhattan Ave,7538,40.825125,-73.941616,40.795,-73.9645,member
574836,9387520C93D3FDF3,docked_bike,2021-04-13 19:45:42,2021-04-13 20:35:19,Broadway & W 36 St,6441,W 100 St & Manhattan Ave,7538,40.750977,-73.987654,40.795,-73.9645,member
574845,DE6E5B2BF12634F2,docked_bike,2021-04-17 14:25:53,2021-04-17 14:53:04,E 88 St & Park Ave,7293,W 100 St & Manhattan Ave,7538,40.78141,-73.955959,40.795,-73.9645,casual
574871,DF4AAD3E733F6A5F,docked_bike,2021-04-13 16:22:56,2021-04-13 16:33:57,St Nicholas Ave & W 137 St,7898,W 100 St & Manhattan Ave,7538,40.818477,-73.947568,40.795,-73.9645,member
574887,11877EC3E3AFCB42,docked_bike,2021-04-24 17:31:07,2021-04-24 17:42:44,St Nicholas Ave & W 137 St,7898,W 100 St & Manhattan Ave,7538,40.818477,-73.947568,40.795,-73.9645,member
574891,E6F246495BF34714,docked_bike,2021-04-21 17:17:04,2021-04-21 17:31:51,St Nicholas Ave & W 137 St,7898,W 100 St & Manhattan Ave,7538,40.818477,-73.947568,40.795,-73.9645,member
574900,AA9836499C8325EF,docked_bike,2021-04-27 17:13:11,2021-04-27 17:26:34,St Nicholas Ave & W 137 St,7898,W 100 St & Manhattan Ave,7538,40.818477,-73.947568,40.795,-73.9645,member
574901,64562D62CA488B02,docked_bike,2021-04-14 17:14:46,2021-04-14 17:30:18,St Nicholas Ave & W 137 St,7898,W 100 St & Manhattan Ave,7538,40.818477,-73.947568,40.795,-73.9645,member
574918,924932352D63C291,docked_bike,2021-04-23 16:28:13,2021-04-23 17:03:16,West St & Chambers St,5329,W 100 St & Manhattan Ave,7538,40.717548,-74.01322,40.795,-73.9645,member
574935,3CF7B22F6E04A03A,docked_bike,2021-04-09 10:02:16,2021-04-09 10:18:23,W 63 St & Broadway,7052,W 100 St & Manhattan Ave,7538,40.771638,-73.982614,40.795,-73.9645,member
574937,CCD3D8DB96A835F9,docked_bike,2021-04-04 11:11:52,2021-04-04 11:30:04,W 63 St & Broadway,7052,W 100 St & Manhattan Ave,7538,40.771638,-73.982614,40.795,-73.9645,member
574972,D8B59169E81CABFC,docked_bike,2021-04-01 18:56:51,2021-04-01 19:15:54,W 63 St & Broadway,7052,W 100 St & Manhattan Ave,7538,40.771638,-73.982614,40.795,-73.9645,member
574973,1573DC84FA19A984,docked_bike,2021-04-20 14:23:54,2021-04-20 14:51:34,W 129 St & Convent Ave,7818,W 100 St & Manhattan Ave,7538,40.814394,-73.953247,40.795,-73.9645,casual
574974,8F673A8E6A34B094,docked_bike,2021-04-13 20:37:05,2021-04-13 20:56:08,W 63 St & Broadway,7052,W 100 St & Manhattan Ave,7538,40.771638,-73.982614,40.795,-73.9645,casual
574981,0A1BB2A7C9D0B75D,docked_bike,2021-04-08 14:32:10,2021-04-08 14:48:01,W 63 St & Broadway,7052,W 100 St & Manhattan Ave,7538,40.771638,-73.982614,40.795,-73.9645,member
575005,E016C2E3F838FEC1,docked_bike,2021-04-24 11:08:08,2021-04-24 11:24:10,W 129 St & Convent Ave,7818,W 100 St & Manhattan Ave,7538,40.814394,-73.953247,40.795,-73.9645,member
575007,14A797FBBA193D72,docked_bike,2021-04-10 14:45:01,2021-04-10 14:59:36,W 129 St & Convent Ave,7818,W 100 St & Manhattan Ave,7538,40.814394,-73.953247,40.795,-73.9645,member
575016,20C0383BE15FD663,docked_bike,2021-04-10 10:17:02,2021-04-10 10:31:15,W 63 St & Broadway,7052,W 100 St & Manhattan Ave,7538,40.771638,-73.982614,40.795,-73.9645,member
575021,DB84D67997F37982,docked_bike,2021-04-08 14:07:41,2021-04-08 14:15:14,W 129 St & Convent Ave,7818,W 100 St & Manhattan Ave,7538,40.814394,-73.953247,40.795,-73.9645,member
575068,EE4F30E9FF2610E1,docked_bike,2021-04-20 20:59:25,2021-04-20 21:36:44,6 Ave & W 34 St,6364,W 100 St & Manhattan Ave,7538,40.74964,-73.98805,40.795,-73.9645,member
575105,8A819BA33285CBDD,docked_bike,2021-04-05 13:23:06,2021-04-05 14:02:17,E 118 St & Park Ave,7625,W 100 St & Manhattan Ave,7538,40.800538,-73.941994,40.795,-73.9645,member
575108,21165BDB9A83D35A,docked_bike,2021-04-17 14:23:08,2021-04-17 14:46:22,E 88 St & Park Ave,7293,W 100 St & Manhattan Ave,7538,40.78141,-73.955959,40.795,-73.9645,casual
575135,D1646E6026CEB40C,docked_bike,2021-04-18 13:34:41,2021-04-18 13:42:30,Frederick Douglass Blvd & W 117 St,7688,W 100 St & Manhattan Ave,7538,40.805159,-73.954692,40.795,-73.9645,casual
575138,22942D98CC3D3AE2,docked_bike,2021-04-29 12:47:53,2021-04-29 12:56:07,Frederick Douglass Blvd & W 117 St,7688,W 100 St & Manhattan Ave,7538,40.805159,-73.954692,40.795,-73.9645,member
575143,506EEDF040F8BD69,docked_bike,2021-04-16 11:14:32,2021-04-16 11:19:56,W 92 St & Broadway,7502,W 100 St & Manhattan Ave,7538,40.7921,-73.9739,40.795,-73.9645,member
575148,2BE68DEAEA3EBE90,docked_bike,2021-04-08 17:37:19,2021-04-08 18:15:18,Mott St & Prince St,5561,W 100 St & Manhattan Ave,7538,40.723179,-73.9948,40.795,-73.9645,member
575149,5455F5128C02945B,docked_bike,2021-04-03 13:38:50,2021-04-03 14:00:25,6 Ave & W 34 St,6364,W 100 St & Manhattan Ave,7538,40.74964,-73.98805,40.795,-73.9645,casual
575155,6A7F11C71A1AF01F,docked_bike,2021-04-05 13:26:39,2021-04-05 14:03:44,E 118 St & Park Ave,7625,W 100 St & Manhattan Ave,7538,40.800539,-73.941995,40.795,-73.9645,casual
575156,A4B50EBC9F401565,docked_bike,2021-04-30 14:58:53,2021-04-30 15:25:59,6 Ave & W 34 St,6364,W 100 St & Manhattan Ave,7538,40.74964,-73.98805,40.795,-73.9645,member
575168,92664AB4DE91E5BC,docked_bike,2021-04-18 13:29:38,2021-04-18 14:28:45,E 88 St & Park Ave,7293,W 100 St & Manhattan Ave,7538,40.78141,-73.955959,40.795,-73.9645,casual
575170,B5C6592DC9A176DE,docked_bike,2021-04-17 14:20:22,2021-04-17 14:52:07,E 88 St & Park Ave,7293,W 100 St & Manhattan Ave,7538,40.78141,-73.955959,40.795,-73.9645,member
575191,8331CA6A21C7BF07,docked_bike,2021-04-14 17:40:15,2021-04-14 17:46:12,Frederick Douglass Blvd & W 117 St,7688,W 100 St & Manhattan Ave,7538,40.805159,-73.954692,40.795,-73.9645,member
575193,CFA71258E53E40D1,docked_bike,2021-04-09 17:16:07,2021-04-09 17:26:54,W 92 St & Broadway,7502,W 100 St & Manhattan Ave,7538,40.7921,-73.9739,40.795,-73.9645,casual
575199,FBE68B825DD03406,docked_bike,2021-04-18 17:24:54,2021-04-18 17:32:25,Frederick Douglass Blvd & W 117 St,7688,W 100 St & Manhattan Ave,7538,40.805159,-73.954692,40.795,-73.9645,member
575205,59892990518B01FA,docked_bike,2021-04-17 16:39:54,2021-04-17 16:46:17,Frederick Douglass Blvd & W 117 St,7688,W 100 St & Manhattan Ave,7538,40.805159,-73.954692,40.795,-73.9645,member
575208,E26977D759F5A4F9,docked_bike,2021-04-30 14:43:46,2021-04-30 14:52:25,Frederick Douglass Blvd & W 117 St,7688,W 100 St & Manhattan Ave,7538,40.805159,-73.954692,40.795,-73.9645,member
575209,A60B19D6178C9F2D,docked_bike,2021-04-09 19:02:57,2021-04-09 19:10:34,W 92 St & Broadway,7502,W 100 St & Manhattan Ave,7538,40.7921,-73.9739,40.795,-73.9645,member
575210,B31680B495E4E3E8,docked_bike,2021-04-16 19:28:04,2021-04-16 19:33:31,Frederick Douglass Blvd & W 117 St,7688,W 100 St & Manhattan Ave,7538,40.805159,-73.954692,40.795,-73.9645,member
575212,898277D0C53B6183,docked_bike,2021-04-09 15:22:20,2021-04-09 15:28:03,Frederick Douglass Blvd & W 117 St,7688,W 100 St & Manhattan Ave,7538,40.805159,-73.954692,40.795,-73.9645,member
575213,26AA41395C8A8625,docked_bike,2021-04-28 18:34:56,2021-04-28 18:40:19,Frederick Douglass Blvd & W 117 St,7688,W 100 St & Manhattan Ave,7538,40.805159,-73.954692,40.795,-73.9645,member
575233,AE3EA4562A96EB4E,docked_bike,2021-04-28 17:42:13,2021-04-28 17:49:06,Frederick Douglass Blvd & W 117 St,7688,W 100 St & Manhattan Ave,7538,40.805159,-73.954692,40.795,-73.9645,member
575239,C18894650943996B,docked_bike,2021-04-10 10:59:13,2021-04-10 11:07:42,Frederick Douglass Blvd & W 117 St,7688,W 100 St & Manhattan Ave,7538,40.805159,-73.954692,40.795,-73.9645,member
575246,16442FAC99819F82,docked_bike,2021-04-10 10:08:12,2021-04-10 10:36:59,Frederick Douglass Blvd & W 117 St,7688,W 100 St & Manhattan Ave,7538,40.805159,-73.954692,40.795,-73.9645,member
575247,22BCDD0F13E794A1,docked_bike,2021-04-24 09:43:33,2021-04-24 09:58:16,Frederick Douglass Blvd & W 117 St,7688,W 100 St & Manhattan Ave,7538,40.805159,-73.954692,40.795,-73.9645,member
575250,97F035F9F540EAF0,docked_bike,2021-04-25 17:55:27,2021-04-25 18:04:48,Frederick Douglass Blvd & W 117 St,7688,W 100 St & Manhattan Ave,7538,40.805159,-73.954692,40.795,-73.9645,member
575252,71D9339A75AD4F5E,docked_bike,2021-04-16 15:23:27,2021-04-16 15:29:40,Frederick Douglass Blvd & W 117 St,7688,W 100 St & Manhattan Ave,7538,40.805159,-73.954692,40.795,-73.9645,member
575253,44C110A108C3F65F,docked_bike,2021-04-08 18:04:33,2021-04-08 18:10:39,Frederick Douglass Blvd & W 117 St,7688,W 100 St & Manhattan Ave,7538,40.805159,-73.954692,40.795,-73.9645,member
575254,3999B810C2AA9DFC,docked_bike,2021-04-26 18:03:44,2021-04-26 18:10:10,Frederick Douglass Blvd & W 117 St,7688,W 100 St & Manhattan Ave,7538,40.805159,-73.954692,40.795,-73.9645,member
575257,79F0B5CBF2946918,docked_bike,2021-04-14 17:02:08,2021-04-14 17:09:09,W 92 St & Broadway,7502,W 100 St & Manhattan Ave,7538,40.7921,-73.9739,40.795,-73.9645,member
575260,1468C9D6011A2160,docked_bike,2021-04-18 15:01:16,2021-04-18 15:06:47,W 116 St & Amsterdam Ave,7692,W 100 St & Manhattan Ave,7538,40.806758,-73.960708,40.795,-73.9645,member
575261,189C886778CCF5B4,docked_bike,2021-04-30 02:30:59,2021-04-30 02:36:16,W 116 St & Amsterdam Ave,7692,W 100 St & Manhattan Ave,7538,40.806758,-73.960708,40.795,-73.9645,member
575262,A59AB032E1AD88C6,docked_bike,2021-04-08 17:47:29,2021-04-08 18:11:00,W 110 St & Amsterdam Ave,7646,W 100 St & Manhattan Ave,7538,40.802692,-73.96295,40.795,-73.9645,casual
575263,7F6E4190995BA24F,docked_bike,2021-04-10 14:52:08,2021-04-10 15:06:28,W 116 St & Amsterdam Ave,7692,W 100 St & Manhattan Ave,7538,40.806758,-73.960708,40.795,-73.9645,casual
575269,1606E94E78A5AAAB,docked_bike,2021-04-13 09:55:59,2021-04-13 10:03:44,W 110 St & Amsterdam Ave,7646,W 100 St & Manhattan Ave,7538,40.802692,-73.96295,40.795,-73.9645,member
575272,5176E530EBBC1816,docked_bike,2021-04-16 14:22:37,2021-04-16 14:27:07,W 110 St & Amsterdam Ave,7646,W 100 St & Manhattan Ave,7538,40.802692,-73.96295,40.795,-73.9645,member
575278,D69079779764D052,docked_bike,2021-04-29 14:48:59,2021-04-29 14:54:45,W 110 St & Amsterdam Ave,7646,W 100 St & Manhattan Ave,7538,40.802692,-73.96295,40.795,-73.9645,member
575280,A2271CCD7EA2A82B,docked_bike,2021-04-20 13:50:56,2021-04-20 14:02:43,W 116 St & Amsterdam Ave,7692,W 100 St & Manhattan Ave,7538,40.806758,-73.960708,40.795,-73.9645,casual
575282,3F13DC1FC58C129E,docked_bike,2021-04-23 13:17:05,2021-04-23 13:22:58,W 110 St & Amsterdam Ave,7646,W 100 St & Manhattan Ave,7538,40.802692,-73.96295,40.795,-73.9645,member
575284,9F45A8C469AB04E3,docked_bike,2021-04-06 07:50:47,2021-04-06 07:57:17,W 116 St & Amsterdam Ave,7692,W 100 St & Manhattan Ave,7538,40.806758,-73.960708,40.795,-73.9645,member
575285,B19B7F43B8B5EEF1,docked_bike,2021-04-17 14:17:50,2021-04-17 14:29:07,W 110 St & Amsterdam Ave,7646,W 100 St & Manhattan Ave,7538,40.802692,-73.96295,40.795,-73.9645,member
575288,831A4601AB4A429D,docked_bike,2021-04-17 13:10:43,2021-04-17 13:16:54,W 116 St & Amsterdam Ave,7692,W 100 St & Manhattan Ave,7538,40.806758,-73.960708,40.795,-73.9645,member
575290,04C649B51C35313E,docked_bike,2021-04-23 15:11:03,2021-04-23 15:20:01,W 116 St & Amsterdam Ave,7692,W 100 St & Manhattan Ave,7538,40.806758,-73.960708,40.795,-73.9645,casual
575292,6F2C4D0E5201127E,docked_bike,2021-04-16 16:47:56,2021-04-16 16:55:47,W 110 St & Amsterdam Ave,7646,W 100 St & Manhattan Ave,7538,40.802692,-73.96295,40.795,-73.9645,casual
575295,7060F256C6C70F67,docked_bike,2021-04-12 08:05:08,2021-04-12 08:12:31,W 110 St & Amsterdam Ave,7646,W 100 St & Manhattan Ave,7538,40.802692,-73.96295,40.795,-73.9645,member
575301,04F010A36511777A,docked_bike,2021-04-24 18:31:16,2021-04-24 19:13:23,W 110 St & Amsterdam Ave,7646,W 100 St & Manhattan Ave,7538,40.802692,-73.96295,40.795,-73.9645,member
575302,D6B44BAF6AD1FCB0,docked_bike,2021-04-14 12:55:37,2021-04-14 13:02:34,W 116 St & Amsterdam Ave,7692,W 100 St & Manhattan Ave,7538,40.806758,-73.960708,40.795,-73.9645,casual
575303,B71DD08EF6D162DA,docked_bike,2021-04-10 09:26:10,2021-04-10 09:31:55,W 110 St & Amsterdam Ave,7646,W 100 St & Manhattan Ave,7538,40.802692,-73.96295,40.795,-73.9645,member
575310,8B1533CB88843397,docked_bike,2021-04-03 22:13:39,2021-04-03 22:25:50,W 116 St & Amsterdam Ave,7692,W 100 St & Manhattan Ave,7538,40.806758,-73.960708,40.795,-73.9645,member
575311,6093A695C13B7B8D,docked_bike,2021-04-04 16:03:28,2021-04-04 16:46:04,W 116 St & Amsterdam Ave,7692,W 100 St & Manhattan Ave,7538,40.806758,-73.960708,40.795,-73.9645,member
575335,93653F2465506316,docked_bike,2021-04-06 10:16:28,2021-04-06 10:24:14,W 113 St & Broadway,7713,W 100 St & Manhattan Ave,7538,40.805973,-73.964928,40.795,-73.9645,member
575348,3F9C8A6EADA64816,docked_bike,2021-04-20 15:51:28,2021-04-20 16:14:12,Riverside Dr & W 145 St,8018,W 100 St & Manhattan Ave,7538,40.827305,-73.951989,40.795,-73.9645,member
575354,6F865793FCE303DB,docked_bike,2021-04-26 19:45:36,2021-04-26 19:58:42,Riverside Dr & W 145 St,8018,W 100 St & Manhattan Ave,7538,40.827305,-73.951989,40.795,-73.9645,member
575362,98E5BF61AF754824,docked_bike,2021-04-27 17:10:49,2021-04-27 17:19:44,E 88 St & Park Ave,7293,W 100 St & Manhattan Ave,7538,40.78141,-73.955959,40.795,-73.9645,member
575363,F4292746448F6C5D,docked_bike,2021-04-13 17:34:44,2021-04-13 17:43:57,E 88 St & Park Ave,7293,W 100 St & Manhattan Ave,7538,40.78141,-73.955959,40.795,-73.9645,member
575378,4F724238660DCAF7,docked_bike,2021-04-05 18:04:29,2021-04-05 18:43:43,8 Ave & W 52 St,6816,W 100 St & Manhattan Ave,7538,40.763707,-73.985161,40.795,-73.9645,casual
575381,D6774B6538626BA8,docked_bike,2021-04-03 08:58:01,2021-04-03 09:12:49,8 Ave & W 52 St,6816,W 100 St & Manhattan Ave,7538,40.763707,-73.985161,40.795,-73.9645,member
575393,83A6829C592C94F5,docked_bike,2021-04-02 14:41:58,2021-04-02 15:10:47,E 60 St & York Ave,6682,W 100 St & Manhattan Ave,7538,40.759107,-73.959223,40.795,-73.9645,member
575401,73CE3B8228A8DD4B,docked_bike,2021-04-23 17:00:55,2021-04-23 17:36:41,St Nicholas Ave & W 137 St,7898,W 100 St & Manhattan Ave,7538,40.818477,-73.947568,40.795,-73.9645,member
575409,E5C4E9B2704622E8,docked_bike,2021-04-22 15:16:52,2021-04-22 15:27:29,St Nicholas Ave & W 137 St,7898,W 100 St & Manhattan Ave,7538,40.818477,-73.947568,40.795,-73.9645,member
575419,4B6FE560D49CC7A2,docked_bike,2021-04-20 23:22:36,2021-04-20 23:52:40,8 Ave & W 52 St,6816,W 100 St & Manhattan Ave,7538,40.763707,-73.985161,40.795,-73.9645,member
575425,2D803C1CD9DD24BC,docked_bike,2021-04-04 07:03:57,2021-04-04 07:23:36,8 Ave & W 52 St,6816,W 100 St & Manhattan Ave,7538,40.763707,-73.985161,40.795,-73.9645,member
575439,A7A24ABAE2168E7F,docked_bike,2021-04-02 12:02:09,2021-04-02 12:31:33,Morton St & Washington St,5772,W 100 St & Manhattan Ave,7538,40.73115,-74.00887,40.795,-73.9645,member
575445,38802B8445657041,docked_bike,2021-04-17 15:44:19,2021-04-17 15:56:27,8 Ave & W 52 St,6816,W 100 St & Manhattan Ave,7538,40.763707,-73.985161,40.795,-73.9645,member
575447,8EB0C5B07CCE7152,docked_bike,2021-04-17 23:37:29,2021-04-17 23:44:59,Amsterdam Ave & W 125 St,7800,W 100 St & Manhattan Ave,7538,40.813358,-73.956461,40.795,-73.9645,casual
575457,E72A9337AE1B09A3,docked_bike,2021-04-14 15:48:05,2021-04-14 16:02:52,8 Ave & W 52 St,6816,W 100 St & Manhattan Ave,7538,40.763707,-73.985161,40.795,-73.9645,casual
575461,18CA3BD07825AF13,docked_bike,2021-04-06 18:20:06,2021-04-06 18:36:08,Lenox Ave & W 130 St,7753,W 100 St & Manhattan Ave,7538,40.810792,-73.943068,40.795,-73.9645,member
575462,CB3296A8A58B4AD7,docked_bike,2021-04-10 12:13:08,2021-04-10 12:55:47,8 Ave & W 52 St,6816,W 100 St & Manhattan Ave,7538,40.763707,-73.985161,40.795,-73.9645,member
575472,26D7C7444F44F355,docked_bike,2021-04-30 10:22:51,2021-04-30 10:35:02,8 Ave & W 52 St,6816,W 100 St & Manhattan Ave,7538,40.763707,-73.985161,40.795,-73.9645,member
575473,DBEC78CA42C98EAC,docked_bike,2021-04-23 10:41:30,2021-04-23 10:59:41,8 Ave & W 52 St,6816,W 100 St & Manhattan Ave,7538,40.763707,-73.985161,40.795,-73.9645,member
575477,6155ED8DE1778C96,docked_bike,2021-04-23 20:43:22,2021-04-23 20:59:18,Lenox Ave & W 130 St,7753,W 100 St & Manhattan Ave,7538,40.810792,-73.943068,40.795,-73.9645,casual
575482,D4D710682DD1E8F3,docked_bike,2021-04-04 00:06:31,2021-04-04 00:09:39,West End Ave & W 94 St,7524,W 100 St & Manhattan Ave,7538,40.794165,-73.974124,40.795,-73.9645,member
575483,65DEDFD41F70E5C3,docked_bike,2021-04-13 16:20:37,2021-04-13 16:37:47,Broadway & Moylan Pl,7823,W 100 St & Manhattan Ave,7538,40.814325,-73.959025,40.795,-73.9645,member
575485,C9DB4A83FC7E72DC,docked_bike,2021-04-04 06:47:52,2021-04-04 06:57:22,St Nicholas Ave & Manhattan Ave,7723,W 100 St & Manhattan Ave,7538,40.809725,-73.953149,40.795,-73.9645,member
575487,7FB0CB3D28FC9625,docked_bike,2021-04-10 00:22:24,2021-04-10 00:27:24,West End Ave & W 94 St,7524,W 100 St & Manhattan Ave,7538,40.794165,-73.974124,40.795,-73.9645,member
575488,40D320DCBBE60486,docked_bike,2021-04-17 00:09:10,2021-04-17 00:13:35,West End Ave & W 94 St,7524,W 100 St & Manhattan Ave,7538,40.794165,-73.974124,40.795,-73.9645,member
575489,75AE9F012BE2F771,docked_bike,2021-04-03 00:02:19,2021-04-03 00:06:58,West End Ave & W 94 St,7524,W 100 St & Manhattan Ave,7538,40.794165,-73.974124,40.795,-73.9645,member
575490,7346CEA7739141B7,docked_bike,2021-04-27 07:59:30,2021-04-27 08:04:23,West End Ave & W 94 St,7524,W 100 St & Manhattan Ave,7538,40.794165,-73.974124,40.795,-73.9645,member
575491,489FF5AB5F1912BD,docked_bike,2021-04-14 08:17:37,2021-04-14 08:22:08,West End Ave & W 94 St,7524,W 100 St & Manhattan Ave,7538,40.794165,-73.974124,40.795,-73.9645,member
575492,23D2250F20E2ED23,docked_bike,2021-04-11 23:56:42,2021-04-12 00:01:53,West End Ave & W 94 St,7524,W 100 St & Manhattan Ave,7538,40.794165,-73.974124,40.795,-73.9645,member
575493,028F70020FFF93D3,docked_bike,2021-04-26 20:22:44,2021-04-26 20:37:18,St Nicholas Ave & Manhattan Ave,7723,W 100 St & Manhattan Ave,7538,40.809725,-73.953149,40.795,-73.9645,member
575500,D018439FCE3D35C2,docked_bike,2021-04-18 14:29:00,2021-04-18 14:48:42,Riverside Dr & W 78 St,7340,W 100 St & Manhattan Ave,7538,40.784144,-73.983624,40.795,-73.9645,casual
575501,57AAF9822E81788E,docked_bike,2021-04-19 14:35:34,2021-04-19 14:51:47,St Nicholas Ave & Manhattan Ave,7723,W 100 St & Manhattan Ave,7538,40.809725,-73.953149,40.795,-73.9645,member
575502,1EF1AB5458C56AE4,docked_bike,2021-04-11 08:14:29,2021-04-11 08:19:42,West End Ave & W 94 St,7524,W 100 St & Manhattan Ave,7538,40.794165,-73.974124,40.795,-73.9645,member
575503,70EFFB8DA7C62AD5,docked_bike,2021-04-24 14:49:09,2021-04-24 14:58:15,Riverside Dr & W 78 St,7340,W 100 St & Manhattan Ave,7538,40.784144,-73.983624,40.795,-73.9645,member
575509,67980CB81D4F8682,docked_bike,2021-04-22 15:02:32,2021-04-22 15:23:27,E 53 St & Madison Ave,6659,W 100 St & Manhattan Ave,7538,40.75971,-73.974023,40.795,-73.9645,casual
575513,7BB17079381901FD,docked_bike,2021-04-26 18:21:09,2021-04-26 18:38:17,8 Ave & W 52 St,6816,W 100 St & Manhattan Ave,7538,40.763707,-73.985161,40.795,-73.9645,member
575520,2A4557F702FC744A,docked_bike,2021-04-05 15:42:58,2021-04-05 16:15:04,Edgecombe Ave & W 141 St,7915,W 100 St & Manhattan Ave,7538,40.820681,-73.945144,40.795,-73.9645,casual
575538,E5FAC9BFC3B55A04,docked_bike,2021-04-07 15:28:33,2021-04-07 15:48:10,Adam Clayton Powell Blvd & W 138 St,7855,W 100 St & Manhattan Ave,7538,40.816959,-73.942295,40.795,-73.9645,member
575541,FEBFAA51FFEAEFEF,docked_bike,2021-04-30 11:41:05,2021-04-30 12:11:36,5 Ave & E 72 St,7100,W 100 St & Manhattan Ave,7538,40.772828,-73.966852,40.795,-73.9645,member
575544,DAD8E9FA36C47213,docked_bike,2021-04-16 21:55:34,2021-04-16 22:02:34,E 91 St & Park Ave,7344,W 100 St & Manhattan Ave,7538,40.783501,-73.955327,40.795,-73.9645,member
575547,15EDE1521565E420,docked_bike,2021-04-05 14:58:56,2021-04-05 15:15:06,5 Ave & E 72 St,7100,W 100 St & Manhattan Ave,7538,40.772828,-73.966852,40.795,-73.9645,member
575548,20A4C31ED4CFB84C,docked_bike,2021-04-16 19:10:37,2021-04-16 19:26:49,5 Ave & E 72 St,7100,W 100 St & Manhattan Ave,7538,40.772828,-73.966852,40.795,-73.9645,member
575558,892AA84402F8D632,docked_bike,2021-04-14 18:04:55,2021-04-14 18:25:15,E 81 St & 3 Ave,7154,W 100 St & Manhattan Ave,7538,40.77573,-73.956752,40.795,-73.9645,member
575561,9A8170086264289E,docked_bike,2021-04-24 17:35:53,2021-04-24 17:56:37,W 49 St & 8 Ave,6747,W 100 St & Manhattan Ave,7538,40.762272,-73.987882,40.795,-73.9645,member
575564,863BA158CF601948,docked_bike,2021-04-07 18:21:17,2021-04-07 19:23:25,W 15 St & 7 Ave,6030,W 100 St & Manhattan Ave,7538,40.739355,-73.999317,40.795,-73.9645,casual
575578,3DDCCC2BE9EB9316,docked_bike,2021-04-05 16:51:48,2021-04-05 17:29:54,E 33 St & 5 Ave,6322,W 100 St & Manhattan Ave,7538,40.747659,-73.984907,40.795,-73.9645,member
575588,CC14F7D61319899B,docked_bike,2021-04-08 16:06:56,2021-04-08 16:49:17,Queens Plaza North & Crescent St,6429,W 100 St & Manhattan Ave,7538,40.751101,-73.940737,40.795,-73.9645,member
575609,510892BD38936A74,docked_bike,2021-04-25 16:06:15,2021-04-25 16:29:28,6 Ave & W 34 St,6364,W 100 St & Manhattan Ave,7538,40.74964,-73.98805,40.795,-73.9645,member
575619,FA2A0B9725C1CA18,docked_bike,2021-04-22 05:56:46,2021-04-22 06:31:56,E 118 St & Park Ave,7625,W 100 St & Manhattan Ave,7538,40.800538,-73.941994,40.795,-73.9645,casual
575627,952BB2981404C5A0,docked_bike,2021-04-23 13:07:18,2021-04-23 13:58:44,28 St & 36 Ave,6614,W 100 St & Manhattan Ave,7538,40.757186,-73.932719,40.795,-73.9645,member
575633,B5011D59A35E195A,docked_bike,2021-04-25 14:24:23,2021-04-25 14:34:44,St Nicholas Ave & Manhattan Ave,7723,W 100 St & Manhattan Ave,7538,40.809725,-73.953149,40.795,-73.9645,member
575640,C5C2AB0D508DDF59,docked_bike,2021-04-19 14:58:42,2021-04-19 15:19:49,Broadway & Moylan Pl,7823,W 100 St & Manhattan Ave,7538,40.814325,-73.959025,40.795,-73.9645,member
575641,7AEE3A10378CA582,docked_bike,2021-04-28 08:03:07,2021-04-28 08:08:57,West End Ave & W 94 St,7524,W 100 St & Manhattan Ave,7538,40.794165,-73.974124,40.795,-73.9645,member
575642,113B6B1DCAB4DE7E,docked_bike,2021-04-23 23:46:08,2021-04-23 23:49:32,West End Ave & W 94 St,7524,W 100 St & Manhattan Ave,7538,40.794165,-73.974124,40.795,-73.9645,member
575643,066A598E79FAB18B,docked_bike,2021-04-18 00:25:42,2021-04-18 00:29:22,West End Ave & W 94 St,7524,W 100 St & Manhattan Ave,7538,40.794165,-73.974124,40.795,-73.9645,member
575644,E57E37060BE7A7F5,docked_bike,2021-04-14 16:09:28,2021-04-14 16:20:35,Riverside Dr & W 78 St,7340,W 100 St & Manhattan Ave,7538,40.784145,-73.983625,40.795,-73.9645,member
575646,8866C4CB5DD30BDC,docked_bike,2021-04-06 08:02:43,2021-04-06 08:11:48,West End Ave & W 94 St,7524,W 100 St & Manhattan Ave,7538,40.794165,-73.974124,40.795,-73.9645,member
575650,98FB2B36AA36A01D,docked_bike,2021-04-29 12:27:18,2021-04-29 12:47:41,Lexington Ave & E 111 St,7567,W 100 St & Manhattan Ave,7538,40.795412,-73.944123,40.795,-73.9645,casual
575653,D2F314C4E2CDEBFF,docked_bike,2021-04-24 12:59:15,2021-04-24 13:09:41,Lexington Ave & E 111 St,7567,W 100 St & Manhattan Ave,7538,40.795412,-73.944123,40.795,-73.9645,member
575655,1CB2E2A969A19E30,docked_bike,2021-04-17 10:15:57,2021-04-17 10:23:35,St Nicholas Ave & Manhattan Ave,7723,W 100 St & Manhattan Ave,7538,40.809725,-73.953149,40.795,-73.9645,member
575657,DA0D031E977E2979,docked_bike,2021-04-04 16:06:01,2021-04-04 16:29:44,Broadway & Moylan Pl,7823,W 100 St & Manhattan Ave,7538,40.814325,-73.959025,40.795,-73.9645,member
575665,F0B535B8DE131CB0,docked_bike,2021-04-24 08:33:09,2021-04-24 08:39:27,St Nicholas Ave & Manhattan Ave,7723,W 100 St & Manhattan Ave,7538,40.809725,-73.953149,40.795,-73.9645,member
575671,8D7DE42079AE5B13,docked_bike,2021-04-18 20:14:38,2021-04-18 20:31:32,W 42 St & 8 Ave,6602,W 100 St & Manhattan Ave,7538,40.757569,-73.990985,40.795,-73.9645,member
575673,12B6AE271F088A1C,docked_bike,2021-04-14 19:07:31,2021-04-14 19:36:17,Amsterdam Ave & W 136 St,7920,W 100 St & Manhattan Ave,7538,40.819746,-73.951819,40.795,-73.9645,member
575678,B8767990E7B68AD2,docked_bike,2021-04-20 15:36:58,2021-04-20 16:01:27,W 50 St & 10 Ave,6890,W 100 St & Manhattan Ave,7538,40.764734,-73.991943,40.795,-73.9645,casual
575693,F9900DE30A0F2EF3,docked_bike,2021-04-13 16:07:54,2021-04-13 16:26:29,W 33 St & 7 Ave,6407,W 100 St & Manhattan Ave,7538,40.750199,-73.99093,40.795,-73.9645,member
575697,35656D5DE5772099,docked_bike,2021-04-22 16:18:53,2021-04-22 16:38:24,W 33 St & 7 Ave,6407,W 100 St & Manhattan Ave,7538,40.750199,-73.99093,40.795,-73.9645,member
575716,7BE2BDE6EBC0AB42,docked_bike,2021-04-21 08:33:47,2021-04-21 08:56:32,8 Ave & W 52 St,6816,W 100 St & Manhattan Ave,7538,40.763707,-73.985161,40.795,-73.9645,member
575718,FDC82BE7FA54ED52,docked_bike,2021-04-18 17:27:34,2021-04-18 17:49:28,8 Ave & W 52 St,6816,W 100 St & Manhattan Ave,7538,40.763707,-73.985161,40.795,-73.9645,casual
575725,E3B10DCA6459CB97,docked_bike,2021-04-29 19:28:43,2021-04-29 19:40:27,Lexington Ave & E 111 St,7567,W 100 St & Manhattan Ave,7538,40.795412,-73.944123,40.795,-73.9645,casual
575783,D77DA197581D391E,docked_bike,2021-04-24 17:35:24,2021-04-24 17:57:16,W 49 St & 8 Ave,6747,W 100 St & Manhattan Ave,7538,40.762272,-73.987882,40.795,-73.9645,member
575806,D9E78CC752B375B5,docked_bike,2021-04-21 16:22:47,2021-04-21 16:42:50,W 33 St & 7 Ave,6407,W 100 St & Manhattan Ave,7538,40.750199,-73.99093,40.795,-73.9645,member
575829,A0B6232D0B2733D9,docked_bike,2021-04-20 16:02:34,2021-04-20 16:21:25,W 50 St & 10 Ave,6890,W 100 St & Manhattan Ave,7538,40.764734,-73.991943,40.795,-73.9645,member
575861,67DADD42597F75D6,docked_bike,2021-04-28 23:23:57,2021-04-28 23:45:44,W 49 St & 8 Ave,6747,W 100 St & Manhattan Ave,7538,40.762272,-73.987882,40.795,-73.9645,member
575862,B0866F336BDD6B81,docked_bike,2021-04-07 00:04:16,2021-04-07 00:15:18,E 81 St & 3 Ave,7154,W 100 St & Manhattan Ave,7538,40.77573,-73.956752,40.795,-73.9645,member
575866,A3476B1A661E88E0,docked_bike,2021-04-30 00:54:04,2021-04-30 01:04:40,E 118 St & 3 Ave,7611,W 100 St & Manhattan Ave,7538,40.799139,-73.938915,40.795,-73.9645,casual
575874,76E1D5C97B3F4254,docked_bike,2021-04-24 19:15:50,2021-04-24 20:10:43,St Marks Pl & 2 Ave,5669,W 100 St & Manhattan Ave,7538,40.728418,-73.987139,40.795,-73.9645,casual
575882,72D859E91EB68DB5,docked_bike,2021-04-14 16:20:39,2021-04-14 16:39:55,W 33 St & 7 Ave,6407,W 100 St & Manhattan Ave,7538,40.750199,-73.99093,40.795,-73.9645,member
575883,020D39176AF7797A,docked_bike,2021-04-27 17:14:48,2021-04-27 17:36:25,W 33 St & 7 Ave,6407,W 100 St & Manhattan Ave,7538,40.750199,-73.99093,40.795,-73.9645,member
575911,A64133DF1ED01EFA,docked_bike,2021-04-28 19:17:23,2021-04-28 19:44:03,E 81 St & 3 Ave,7154,W 100 St & Manhattan Ave,7538,40.77573,-73.956752,40.795,-73.9645,casual
575932,19833FEDA6C94531,docked_bike,2021-04-20 16:02:37,2021-04-20 16:21:34,W 50 St & 10 Ave,6890,W 100 St & Manhattan Ave,7538,40.764734,-73.991943,40.795,-73.9645,member
575934,3257D0503AB9AAD8,docked_bike,2021-04-10 12:41:11,2021-04-10 13:03:27,W 33 St & 7 Ave,6407,W 100 St & Manhattan Ave,7538,40.750199,-73.99093,40.795,-73.9645,casual
575936,C1E4091CAF5C29C9,docked_bike,2021-04-03 14:35:59,2021-04-03 14:46:01,Frederick Douglass Blvd & W 117 St,7688,W 100 St & Manhattan Ave,7538,40.805159,-73.954692,40.795,-73.9645,casual
575937,555E0166B3532481,docked_bike,2021-04-25 16:56:58,2021-04-25 21:58:23,W 35 St & 9 Ave,6569,W 100 St & Manhattan Ave,7538,40.754145,-73.996088,40.795,-73.9645,casual
575938,ABE48E79BA31A277,docked_bike,2021-04-14 13:00:39,2021-04-14 13:06:12,W 92 St & Broadway,7502,W 100 St & Manhattan Ave,7538,40.7921,-73.9739,40.795,-73.9645,member
575942,3C695A47A6146C67,docked_bike,2021-04-22 08:52:02,2021-04-22 08:57:59,W 92 St & Broadway,7502,W 100 St & Manhattan Ave,7538,40.7921,-73.9739,40.795,-73.9645,casual
575953,C12CAD733B1CEEB8,docked_bike,2021-04-22 17:25:17,2021-04-22 17:30:26,W 92 St & Broadway,7502,W 100 St & Manhattan Ave,7538,40.7921,-73.9739,40.795,-73.9645,casual
575955,C9424D20679BF842,docked_bike,2021-04-18 13:38:34,2021-04-18 13:38:58,Frederick Douglass Blvd & W 117 St,7688,W 100 St & Manhattan Ave,7538,40.805159,-73.954692,40.795,-73.9645,member
575956,16AD85F06478C341,docked_bike,2021-04-07 14:21:32,2021-04-07 14:30:11,W 92 St & Broadway,7502,W 100 St & Manhattan Ave,7538,40.7921,-73.9739,40.795,-73.9645,member
575959,1BA41CA5531CE9C2,docked_bike,2021-04-28 12:24:15,2021-04-28 12:30:22,W 92 St & Broadway,7502,W 100 St & Manhattan Ave,7538,40.7921,-73.9739,40.795,-73.9645,member
575969,1CF31B0BEE5CB85B,docked_bike,2021-04-04 13:08:28,2021-04-04 13:23:17,8 Ave & W 52 St,6816,W 100 St & Manhattan Ave,7538,40.763707,-73.985161,40.795,-73.9645,member
575972,867351827093B835,docked_bike,2021-04-28 23:59:12,2021-04-29 01:15:02,Stagg St & Union Ave,5117,W 100 St & Manhattan Ave,7538,40.70877,-73.950952,40.795,-73.9645,member
575974,F85D02D489382C73,docked_bike,2021-04-08 00:00:07,2021-04-08 01:05:21,Stagg St & Union Ave,5117,W 100 St & Manhattan Ave,7538,40.70877,-73.950952,40.795,-73.9645,member
575978,C743E61196213825,docked_bike,2021-04-05 10:28:50,2021-04-05 10:44:04,8 Ave & W 52 St,6816,W 100 St & Manhattan Ave,7538,40.763707,-73.985161,40.795,-73.9645,member
575981,B8992C80D0A4365A,docked_bike,2021-04-27 10:05:08,2021-04-27 10:43:07,W 4 St & 7 Ave S,5880,W 100 St & Manhattan Ave,7538,40.734011,-74.002938,40.795,-73.9645,member
575988,E7EA2A7C1BF577E0,docked_bike,2021-04-23 16:54:46,2021-04-23 17:07:18,Frederick Douglass Blvd & W 117 St,7688,W 100 St & Manhattan Ave,7538,40.805159,-73.954692,40.795,-73.9645,member
575998,05C39A9C98A031AD,docked_bike,2021-04-10 11:39:34,2021-04-10 11:50:17,St Nicholas Ave & Manhattan Ave,7723,W 100 St & Manhattan Ave,7538,40.809725,-73.953149,40.795,-73.9645,member
576004,1A5CFE9F471F46AB,docked_bike,2021-04-10 19:31:16,2021-04-10 19:37:23,West End Ave & W 94 St,7524,W 100 St & Manhattan Ave,7538,40.794165,-73.974124,40.795,-73.9645,member
576045,4E6A25868DD5CD11,docked_bike,2021-04-13 16:49:40,2021-04-13 16:57:29,Amsterdam Ave & W 125 St,7800,W 100 St & Manhattan Ave,7538,40.813358,-73.956461,40.795,-73.9645,casual
576046,A5F66A780D8E7CDA,docked_bike,2021-04-05 17:34:56,2021-04-05 17:51:57,8 Ave & W 52 St,6816,W 100 St & Manhattan Ave,7538,40.763707,-73.985161,40.795,-73.9645,member
576047,489EDCC4E6228396,docked_bike,2021-04-14 13:02:35,2021-04-14 13:19:23,8 Ave & W 52 St,6816,W 100 St & Manhattan Ave,7538,40.763707,-73.985161,40.795,-73.9645,member
576106,AA665FD175786843,docked_bike,2021-04-28 14:03:27,2021-04-28 14:07:55,Columbus Ave & W 95 St,7520,W 100 St & Manhattan Ave,7538,40.791955,-73.968087,40.795,-73.9645,member
576119,487D465656C8C08E,docked_bike,2021-04-18 15:06:45,2021-04-18 15:08:26,Columbus Ave & W 95 St,7520,W 100 St & Manhattan Ave,7538,40.791955,-73.968087,40.795,-73.9645,member
576139,65501F6365FD80A7,docked_bike,2021-04-21 14:47:39,2021-04-21 14:50:03,Columbus Ave & W 95 St,7520,W 100 St & Manhattan Ave,7538,40.791955,-73.968087,40.795,-73.9645,member
576141,75DEE38F1BA6F69A,docked_bike,2021-04-03 18:41:08,2021-04-03 18:45:42,Columbus Ave & W 95 St,7520,W 100 St & Manhattan Ave,7538,40.791955,-73.968087,40.795,-73.9645,member
576155,E715515684D4721B,docked_bike,2021-04-19 18:14:11,2021-04-19 18:16:56,Columbus Ave & W 95 St,7520,W 100 St & Manhattan Ave,7538,40.791955,-73.968087,40.795,-73.9645,member
576161,401B892EC339F18B,docked_bike,2021-04-09 07:59:36,2021-04-09 08:43:13,Columbus Ave & W 95 St,7520,W 100 St & Manhattan Ave,7538,40.791955,-73.968087,40.795,-73.9645,member
576163,F07EF01818A13866,docked_bike,2021-04-14 14:47:52,2021-04-14 14:50:08,Columbus Ave & W 95 St,7520,W 100 St & Manhattan Ave,7538,40.791955,-73.968087,40.795,-73.9645,member
576169,5C8B5BFD5A094C7C,docked_bike,2021-04-15 07:41:22,2021-04-15 07:44:02,Columbus Ave & W 95 St,7520,W 100 St & Manhattan Ave,7538,40.791955,-73.968087,40.795,-73.9645,member
576174,A5122B386F248D4E,docked_bike,2021-04-19 07:57:50,2021-04-19 08:01:01,Columbus Ave & W 95 St,7520,W 100 St & Manhattan Ave,7538,40.791955,-73.968087,40.795,-73.9645,member
576178,395E01A97CFAB244,docked_bike,2021-04-24 07:16:45,2021-04-24 07:20:11,Columbus Ave & W 95 St,7520,W 100 St & Manhattan Ave,7538,40.791955,-73.968087,40.795,-73.9645,member
576207,FA6949977D769FD5,docked_bike,2021-04-13 16:24:46,2021-04-13 16:27:32,Columbus Ave & W 95 St,7520,W 100 St & Manhattan Ave,7538,40.791955,-73.968087,40.795,-73.9645,member
576208,9E0BACC0675638BB,docked_bike,2021-04-29 15:40:53,2021-04-29 15:46:01,Columbus Ave & W 95 St,7520,W 100 St & Manhattan Ave,7538,40.791955,-73.968087,40.795,-73.9645,member
576209,0FBEE49404D8C0DC,docked_bike,2021-04-24 13:12:26,2021-04-24 13:14:45,Columbus Ave & W 95 St,7520,W 100 St & Manhattan Ave,7538,40.791955,-73.968087,40.795,-73.9645,member
576210,B3742611EC511AFE,docked_bike,2021-04-14 10:10:29,2021-04-14 10:14:45,Columbus Ave & W 95 St,7520,W 100 St & Manhattan Ave,7538,40.791955,-73.968087,40.795,-73.9645,member
576251,2FA1742A0EEB19FD,docked_bike,2021-04-21 08:17:06,2021-04-21 08:56:41,Columbus Ave & W 95 St,7520,W 100 St & Manhattan Ave,7538,40.791955,-73.968087,40.795,-73.9645,member
576289,FE1DE8673C73532F,docked_bike,2021-04-25 10:07:54,2021-04-25 10:10:41,Columbus Ave & W 95 St,7520,W 100 St & Manhattan Ave,7538,40.791955,-73.968087,40.795,-73.9645,member
576292,710D948C7714278E,docked_bike,2021-04-28 14:39:22,2021-04-28 14:42:07,Columbus Ave & W 95 St,7520,W 100 St & Manhattan Ave,7538,40.791955,-73.968087,40.795,-73.9645,member
576299,D8C387C88FE3C2F9,docked_bike,2021-04-06 08:10:25,2021-04-06 08:54:33,Columbus Ave & W 95 St,7520,W 100 St & Manhattan Ave,7538,40.791955,-73.968087,40.795,-73.9645,member
576311,22B9C3AFEC51544D,docked_bike,2021-04-08 13:40:59,2021-04-08 14:11:42,Columbus Ave & W 95 St,7520,W 100 St & Manhattan Ave,7538,40.791955,-73.968087,40.795,-73.9645,member
576321,6D2F077130141D61,docked_bike,2021-04-11 15:11:41,2021-04-11 15:13:35,Columbus Ave & W 95 St,7520,W 100 St & Manhattan Ave,7538,40.791956,-73.968087,40.795,-73.9645,member
576326,1B3CA8997626DB8D,docked_bike,2021-04-27 08:37:51,2021-04-27 08:40:05,Columbus Ave & W 95 St,7520,W 100 St & Manhattan Ave,7538,40.791955,-73.968087,40.795,-73.9645,member
576336,F4A1D029051809EE,docked_bike,2021-04-19 16:38:15,2021-04-19 17:13:15,Columbus Ave & W 95 St,7520,W 100 St & Manhattan Ave,7538,40.791955,-73.968087,40.795,-73.9645,member
576339,A9C024029746C3C1,docked_bike,2021-04-14 05:13:08,2021-04-14 05:17:14,Columbus Ave & W 95 St,7520,W 100 St & Manhattan Ave,7538,40.791955,-73.968087,40.795,-73.9645,member
576347,36AB76F8FB38FE8C,docked_bike,2021-04-28 20:20:36,2021-04-28 20:24:18,Columbus Ave & W 95 St,7520,W 100 St & Manhattan Ave,7538,40.791955,-73.968087,40.795,-73.9645,member
576350,EB01666D902DC55F,docked_bike,2021-04-14 20:47:23,2021-04-14 20:50:38,Columbus Ave & W 95 St,7520,W 100 St & Manhattan Ave,7538,40.791955,-73.968087,40.795,-73.9645,member
576355,B2F7A4EF45A9530B,docked_bike,2021-04-11 17:14:12,2021-04-11 17:26:27,E 93 St & 2 Ave,7286,W 100 St & Manhattan Ave,7538,40.782454,-73.948919,40.795,-73.9645,casual
576366,435E0E96C8EB7D7F,docked_bike,2021-04-24 15:41:02,2021-04-24 16:01:12,W 135 St & Lenox Terrace Pl,7832,W 100 St & Manhattan Ave,7538,40.813619,-73.939336,40.795,-73.9645,member
576369,ED1FE06A9B8AD251,docked_bike,2021-04-18 11:56:31,2021-04-18 12:13:50,E 93 St & 2 Ave,7286,W 100 St & Manhattan Ave,7538,40.782454,-73.948919,40.795,-73.9645,casual
576371,8ECA76F7DE37A3F8,docked_bike,2021-04-26 16:26:35,2021-04-26 16:45:11,W 33 St & 7 Ave,6407,W 100 St & Manhattan Ave,7538,40.750199,-73.99093,40.795,-73.9645,member
576386,9C8B4413E4BA11CC,docked_bike,2021-04-27 12:23:59,2021-04-27 13:04:35,W 50 St & 10 Ave,6890,W 100 St & Manhattan Ave,7538,40.764734,-73.991943,40.795,-73.9645,casual
576393,46F32CA5547952FF,docked_bike,2021-04-12 15:53:05,2021-04-12 16:06:20,W 135 St & Lenox Terrace Pl,7832,W 100 St & Manhattan Ave,7538,40.813619,-73.939336,40.795,-73.9645,member
576420,8C9D3A3BFD3B0FE5,docked_bike,2021-04-06 14:07:08,2021-04-06 14:22:53,St. Nicholas Ave & W 157 St,8085,W 100 St & Manhattan Ave,7538,40.832314,-73.94102,40.795,-73.9645,member
576434,DFC4858F3C8221FE,docked_bike,2021-04-21 08:17:33,2021-04-21 08:22:25,W 92 St & Broadway,7502,W 100 St & Manhattan Ave,7538,40.7921,-73.9739,40.795,-73.9645,member
576435,C1E3DFBF2775958A,docked_bike,2021-04-20 08:04:52,2021-04-20 08:10:07,W 92 St & Broadway,7502,W 100 St & Manhattan Ave,7538,40.7921,-73.9739,40.795,-73.9645,member
576436,7D03152EA2D064E4,docked_bike,2021-04-08 08:13:18,2021-04-08 08:17:39,W 92 St & Broadway,7502,W 100 St & Manhattan Ave,7538,40.7921,-73.9739,40.795,-73.9645,member
576437,B0BAB433A9C9EAC1,docked_bike,2021-04-12 08:48:45,2021-04-12 08:53:36,W 92 St & Broadway,7502,W 100 St & Manhattan Ave,7538,40.7921,-73.9739,40.795,-73.9645,member
576438,7A3183BB90BE6D6E,docked_bike,2021-04-07 07:56:20,2021-04-07 08:01:32,W 92 St & Broadway,7502,W 100 St & Manhattan Ave,7538,40.7921,-73.9739,40.795,-73.9645,member
576455,D3E845434F3CE8BE,docked_bike,2021-04-27 13:08:40,2021-04-27 13:12:15,W 104 St & Amsterdam Ave,7610,W 100 St & Manhattan Ave,7538,40.799041,-73.966494,40.795,-73.9645,member
576464,5611E2907F2A79DF,docked_bike,2021-04-29 15:45:54,2021-04-29 16:01:54,W 104 St & Amsterdam Ave,7610,W 100 St & Manhattan Ave,7538,40.799041,-73.966494,40.795,-73.9645,member
576465,7EC2333146A77E4E,docked_bike,2021-04-29 21:28:06,2021-04-29 21:42:17,W 104 St & Amsterdam Ave,7610,W 100 St & Manhattan Ave,7538,40.799041,-73.966494,40.795,-73.9645,member
576467,C6983F148C91F8E9,docked_bike,2021-04-14 08:17:16,2021-04-14 09:02:17,Columbus Ave & W 95 St,7520,W 100 St & Manhattan Ave,7538,40.791955,-73.968087,40.795,-73.9645,member
576472,107BB37C0265DCD2,docked_bike,2021-04-07 14:07:49,2021-04-07 14:10:24,Columbus Ave & W 95 St,7520,W 100 St & Manhattan Ave,7538,40.791955,-73.968087,40.795,-73.9645,member
576478,2027B32BDD01DD68,docked_bike,2021-04-26 18:58:26,2021-04-26 19:03:54,Columbus Ave & W 95 St,7520,W 100 St & Manhattan Ave,7538,40.791955,-73.968087,40.795,-73.9645,member
576480,F2151915BF22DA09,docked_bike,2021-04-09 20:12:31,2021-04-09 20:16:06,Columbus Ave & W 95 St,7520,W 100 St & Manhattan Ave,7538,40.791956,-73.968087,40.795,-73.9645,member
576484,3405036EED09DE40,docked_bike,2021-04-07 16:30:25,2021-04-07 16:33:14,Columbus Ave & W 95 St,7520,W 100 St & Manhattan Ave,7538,40.791955,-73.968087,40.795,-73.9645,casual
576494,AEB324C713C23D94,docked_bike,2021-04-16 15:48:05,2021-04-16 15:51:40,W 104 St & Amsterdam Ave,7610,W 100 St & Manhattan Ave,7538,40.799041,-73.966494,40.795,-73.9645,member
576496,9E64B33C1BDAA67D,docked_bike,2021-04-05 16:43:34,2021-04-05 16:45:25,W 104 St & Amsterdam Ave,7610,W 100 St & Manhattan Ave,7538,40.799041,-73.966495,40.795,-73.9645,member
576497,C73836E7FF46C82A,docked_bike,2021-04-07 11:30:50,2021-04-07 11:34:45,W 104 St & Amsterdam Ave,7610,W 100 St & Manhattan Ave,7538,40.799041,-73.966495,40.795,-73.9645,casual
576502,34DF4FE93E35F769,docked_bike,2021-04-14 17:48:33,2021-04-14 17:50:49,Columbus Ave & W 95 St,7520,W 100 St & Manhattan Ave,7538,40.791955,-73.968087,40.795,-73.9645,member
576508,9F86391DB3875E76,docked_bike,2021-04-16 06:03:10,2021-04-16 06:07:32,Columbus Ave & W 95 St,7520,W 100 St & Manhattan Ave,7538,40.791955,-73.968087,40.795,-73.9645,member
576515,DEDEBFEBA4BEF1AE,docked_bike,2021-04-19 13:19:22,2021-04-19 13:23:56,Columbus Ave & W 95 St,7520,W 100 St & Manhattan Ave,7538,40.791955,-73.968087,40.795,-73.9645,member
576517,A37A9D05D8212E3A,docked_bike,2021-04-20 16:06:21,2021-04-20 16:10:02,Columbus Ave & W 95 St,7520,W 100 St & Manhattan Ave,7538,40.791955,-73.968087,40.795,-73.9645,member
576530,B71939CDA59AA3A2,docked_bike,2021-04-25 18:03:49,2021-04-25 18:08:14,W 104 St & Amsterdam Ave,7610,W 100 St & Manhattan Ave,7538,40.799041,-73.966494,40.795,-73.9645,member
576555,C1C8B50ED1C7FB81,docked_bike,2021-04-02 11:33:35,2021-04-02 11:42:20,Amsterdam Ave & W 125 St,7800,W 100 St & Manhattan Ave,7538,40.813358,-73.956461,40.795,-73.9645,casual
576556,5590BB66DDDA3874,docked_bike,2021-04-23 11:15:00,2021-04-23 11:24:19,Amsterdam Ave & W 125 St,7800,W 100 St & Manhattan Ave,7538,40.813358,-73.956461,40.795,-73.9645,casual
576558,C1B9864EF6A2E17D,docked_bike,2021-04-08 17:42:26,2021-04-08 17:53:39,Lenox Ave & W 130 St,7753,W 100 St & Manhattan Ave,7538,40.810792,-73.943068,40.795,-73.9645,casual
576571,B95839FFD50A84A4,docked_bike,2021-04-28 19:36:51,2021-04-28 19:50:09,Riverside Dr & W 78 St,7340,W 100 St & Manhattan Ave,7538,40.784144,-73.983624,40.795,-73.9645,casual
576572,03E73589B1D2C93E,docked_bike,2021-04-20 08:04:55,2021-04-20 08:11:54,West End Ave & W 94 St,7524,W 100 St & Manhattan Ave,7538,40.794165,-73.974124,40.795,-73.9645,member
576580,D6B2DA12687704D8,docked_bike,2021-04-18 14:28:35,2021-04-18 14:49:00,Riverside Dr & W 78 St,7340,W 100 St & Manhattan Ave,7538,40.784144,-73.983624,40.795,-73.9645,member
576581,87F13E6401734DFB,docked_bike,2021-04-09 19:10:19,2021-04-09 19:59:53,West End Ave & W 94 St,7524,W 100 St & Manhattan Ave,7538,40.794165,-73.974124,40.795,-73.9645,casual
576582,9FD9044D01E7610F,docked_bike,2021-04-26 18:55:44,2021-04-26 18:59:02,W 104 St & Amsterdam Ave,7610,W 100 St & Manhattan Ave,7538,40.799041,-73.966494,40.795,-73.9645,member
576587,393645715EC4CA7D,docked_bike,2021-04-20 07:05:35,2021-04-20 07:08:28,W 104 St & Amsterdam Ave,7610,W 100 St & Manhattan Ave,7538,40.799041,-73.966494,40.795,-73.9645,member
576588,CFFA8B1D5407598D,docked_bike,2021-04-29 14:12:40,2021-04-29 14:16:12,W 104 St & Amsterdam Ave,7610,W 100 St & Manhattan Ave,7538,40.799041,-73.966494,40.795,-73.9645,member
576612,93D1DE14B0AEC660,docked_bike,2021-04-28 18:18:10,2021-04-28 18:57:17,Broadway & W 60 St,6948,W 100 St & Manhattan Ave,7538,40.769155,-73.981918,40.795,-73.9645,casual
576624,2C67EEE02DB02F4B,docked_bike,2021-04-16 16:57:49,2021-04-16 17:11:29,Broadway & W 60 St,6948,W 100 St & Manhattan Ave,7538,40.769155,-73.981918,40.795,-73.9645,member
576630,726F157CB411BB1D,docked_bike,2021-04-03 10:50:30,2021-04-03 11:20:55,Broadway & W 60 St,6948,W 100 St & Manhattan Ave,7538,40.769155,-73.981918,40.795,-73.9645,member
576633,883FC1274F239887,docked_bike,2021-04-18 14:30:37,2021-04-18 14:46:59,Broadway & W 60 St,6948,W 100 St & Manhattan Ave,7538,40.769155,-73.981918,40.795,-73.9645,member
576634,6555625C37BB1D94,docked_bike,2021-04-08 21:41:36,2021-04-08 22:15:48,W 180 St & Ft Washington Ave,8358,W 100 St & Manhattan Ave,7538,40.849972,-73.938423,40.795,-73.9645,member
576649,F31E0AD7D99352D4,docked_bike,2021-04-08 11:24:46,2021-04-08 11:40:14,Broadway & W 60 St,6948,W 100 St & Manhattan Ave,7538,40.769155,-73.981918,40.795,-73.9645,member
576651,757261C8021C48E1,docked_bike,2021-04-17 20:20:46,2021-04-17 20:32:14,Broadway & W 60 St,6948,W 100 St & Manhattan Ave,7538,40.769155,-73.981918,40.795,-73.9645,member
576683,1AF6D7ED3FA0D2F9,docked_bike,2021-04-28 17:02:44,2021-04-28 17:09:25,Frederick Douglass Blvd & W 115 St,7658,W 100 St & Manhattan Ave,7538,40.803865,-73.95593,40.795,-73.9645,member
576702,7A9364C6CBBA3B32,docked_bike,2021-04-24 15:13:54,2021-04-24 15:38:21,Riverside Dr & W 148 St,8054,W 100 St & Manhattan Ave,7538,40.829114,-73.950426,40.795,-73.9645,member
576765,7D20F6CB252478C6,docked_bike,2021-04-25 11:39:06,2021-04-25 11:46:51,West End Ave & W 107 St,7650,W 100 St & Manhattan Ave,7538,40.802117,-73.96818,40.795,-73.9645,member
576767,C41DA95141E1B81C,docked_bike,2021-04-05 19:11:10,2021-04-05 19:23:54,W 84 St & Columbus Ave,7382,W 100 St & Manhattan Ave,7538,40.784999,-73.972834,40.795,-73.9645,member
576768,66802DAF221E3FA5,docked_bike,2021-04-08 22:46:01,2021-04-08 22:55:09,W 84 St & Columbus Ave,7382,W 100 St & Manhattan Ave,7538,40.784999,-73.972834,40.795,-73.9645,member
576777,5E53196C0843C499,docked_bike,2021-04-29 19:07:53,2021-04-29 19:29:30,Adam Clayton Powell Blvd & W 141 St,7893,W 100 St & Manhattan Ave,7538,40.819241,-73.941057,40.795,-73.9645,member
576857,CF0C6F6D25F7C4D4,docked_bike,2021-04-24 12:45:01,2021-04-24 13:01:53,Amsterdam Ave & W 172 St,8242,W 100 St & Manhattan Ave,7538,40.842173,-73.935111,40.795,-73.9645,member
576860,F5C0F25636281A24,docked_bike,2021-04-04 10:13:51,2021-04-04 11:00:14,Thompson St & Bleecker St,5721,W 100 St & Manhattan Ave,7538,40.7284,-73.999687,40.795,-73.9645,member
576866,C21DC8398F7C8317,docked_bike,2021-04-08 14:56:27,2021-04-08 15:31:04,E 17 St & Broadway,5980,W 100 St & Manhattan Ave,7538,40.73705,-73.990093,40.795,-73.9645,member
576893,C5B5049F4D2CCBF9,docked_bike,2021-04-28 18:19:36,2021-04-28 18:57:28,Broadway & W 60 St,6948,W 100 St & Manhattan Ave,7538,40.769155,-73.981918,40.795,-73.9645,casual
576935,DBFA7CDAD6F91B22,docked_bike,2021-04-26 14:49:45,2021-04-26 15:38:06,E 17 St & Broadway,5980,W 100 St & Manhattan Ave,7538,40.737049,-73.990092,40.795,-73.9645,member
576971,20EB502610C3BBDA,docked_bike,2021-04-06 09:49:22,2021-04-06 09:52:46,W 104 St & Amsterdam Ave,7610,W 100 St & Manhattan Ave,7538,40.799041,-73.966494,40.795,-73.9645,member
576976,B4A504E1F46C4348,docked_bike,2021-04-18 10:09:30,2021-04-18 10:12:53,W 104 St & Amsterdam Ave,7610,W 100 St & Manhattan Ave,7538,40.799041,-73.966494,40.795,-73.9645,casual
576977,8A4FB1CD342A9AAC,docked_bike,2021-04-07 17:54:06,2021-04-07 18:40:38,W 104 St & Amsterdam Ave,7610,W 100 St & Manhattan Ave,7538,40.799041,-73.966494,40.795,-73.9645,casual
577006,67368EC035C1E0E5,docked_bike,2021-04-16 09:23:12,2021-04-16 09:25:45,Columbus Ave & W 95 St,7520,W 100 St & Manhattan Ave,7538,40.791955,-73.968087,40.795,-73.9645,casual
577020,961AD9EF9645581A,docked_bike,2021-04-18 20:19:31,2021-04-18 20:29:15,E 109 St & 3 Ave,7504,W 100 St & Manhattan Ave,7538,40.793296,-73.943208,40.795,-73.9645,member
577032,6582E03361F8CB45,docked_bike,2021-04-28 09:36:55,2021-04-28 10:19:29,W 104 St & Amsterdam Ave,7610,W 100 St & Manhattan Ave,7538,40.799041,-73.966494,40.795,-73.9645,member
577033,AD5C4CBB4D4F5E3B,docked_bike,2021-04-04 17:16:31,2021-04-04 17:20:16,W 104 St & Amsterdam Ave,7610,W 100 St & Manhattan Ave,7538,40.799041,-73.966494,40.795,-73.9645,member
577038,EC1E6DE4CB08382C,docked_bike,2021-04-09 15:27:48,2021-04-09 15:31:13,W 104 St & Amsterdam Ave,7610,W 100 St & Manhattan Ave,7538,40.799041,-73.966494,40.795,-73.9645,member
577064,788F505606487DD7,docked_bike,2021-04-19 18:47:20,2021-04-19 19:14:36,W 104 St & Amsterdam Ave,7610,W 100 St & Manhattan Ave,7538,40.799041,-73.966494,40.795,-73.9645,member
577067,95C30149EE3CA4F5,docked_bike,2021-04-28 08:19:00,2021-04-28 08:23:14,W 104 St & Amsterdam Ave,7610,W 100 St & Manhattan Ave,7538,40.799041,-73.966494,40.795,-73.9645,member
577073,C4EA6E9DBCF61ED4,docked_bike,2021-04-08 11:57:02,2021-04-08 12:17:24,Convent Ave & W 151 St,8049,W 100 St & Manhattan Ave,7538,40.82831,-73.942924,40.795,-73.9645,member
577077,E6D3DC2931309450,docked_bike,2021-04-06 18:04:30,2021-04-06 18:29:23,1 Ave & E 78 St,7020,W 100 St & Manhattan Ave,7538,40.771404,-73.953516,40.795,-73.9645,member
577090,DF4D506766D4F66B,docked_bike,2021-04-23 12:28:14,2021-04-23 12:49:55,Amsterdam Ave & W 152 St,8069,W 100 St & Manhattan Ave,7538,40.829523,-73.944279,40.795,-73.9645,member
577115,82F8E4378F8A1C68,docked_bike,2021-04-06 20:42:33,2021-04-06 21:21:51,E 2 St & Avenue B,5515,W 100 St & Manhattan Ave,7538,40.722174,-73.983687,40.795,-73.9645,casual
577178,6425C5530E727455,docked_bike,2021-04-04 17:26:25,2021-04-04 17:42:45,Riverside Blvd & W 67 St,7183,W 100 St & Manhattan Ave,7538,40.777507,-73.988885,40.795,-73.9645,member
577182,3E5E7A7502A64099,docked_bike,2021-04-29 18:19:12,2021-04-29 18:39:50,W 165 St & Fort Washington Ave,8226,W 100 St & Manhattan Ave,7538,40.84004,-73.942939,40.795,-73.9645,member
577197,F13DD96D8AC33066,docked_bike,2021-04-27 12:24:13,2021-04-27 13:05:03,W 50 St & 10 Ave,6890,W 100 St & Manhattan Ave,7538,40.764734,-73.991943,40.795,-73.9645,casual
577198,9B817917B869E400,docked_bike,2021-04-28 16:23:46,2021-04-28 16:42:11,W 33 St & 7 Ave,6407,W 100 St & Manhattan Ave,7538,40.750199,-73.99093,40.795,-73.9645,member
577199,40522867C3541A64,docked_bike,2021-04-29 17:10:11,2021-04-29 17:30:19,W 33 St & 7 Ave,6407,W 100 St & Manhattan Ave,7538,40.750199,-73.99093,40.795,-73.9645,member
577200,2A8F73FA8CEB3944,docked_bike,2021-04-02 15:39:57,2021-04-02 15:57:52,W 33 St & 7 Ave,6407,W 100 St & Manhattan Ave,7538,40.750199,-73.99093,40.795,-73.9645,member
577219,1C180CFEA39237F6,docked_bike,2021-04-22 11:38:31,2021-04-22 12:08:09,W 64 St & Thelonious Monk Circle,7123,W 100 St & Manhattan Ave,7538,40.775159,-73.989186,40.795,-73.9645,casual
577226,C94A6895968DA282,docked_bike,2021-04-06 18:15:49,2021-04-06 18:31:20,W 64 St & Thelonious Monk Circle,7123,W 100 St & Manhattan Ave,7538,40.775159,-73.989186,40.795,-73.9645,member
577239,434B570493DE7DDD,docked_bike,2021-04-27 20:33:03,2021-04-27 20:47:41,W 56 St & 10 Ave,6955,W 100 St & Manhattan Ave,7538,40.768254,-73.988639,40.795,-73.9645,member
577244,0300631E59E65EE4,docked_bike,2021-04-07 00:06:21,2021-04-07 00:15:56,E 106 St & Lexington Ave,7504,W 100 St & Manhattan Ave,7538,40.791976,-73.945993,40.795,-73.9645,member
577260,7CC71C47D7074F65,docked_bike,2021-04-22 08:42:19,2021-04-22 08:50:09,E 106 St & Madison Ave,7528,W 100 St & Manhattan Ave,7538,40.793433,-73.94945,40.795,-73.9645,casual
577269,98052668C389615E,docked_bike,2021-04-15 16:08:54,2021-04-15 16:21:01,Riverside Blvd & W 67 St,7183,W 100 St & Manhattan Ave,7538,40.777507,-73.988886,40.795,-73.9645,member
577270,A007C771DD23396A,docked_bike,2021-04-03 23:22:15,2021-04-03 23:34:16,Riverside Blvd & W 67 St,7183,W 100 St & Manhattan Ave,7538,40.777507,-73.988886,40.795,-73.9645,member
577271,4AC03FE6CE59F0E8,docked_bike,2021-04-18 20:28:15,2021-04-18 20:44:55,Riverside Blvd & W 67 St,7183,W 100 St & Manhattan Ave,7538,40.777507,-73.988886,40.795,-73.9645,member
577272,B256A320F4900DE4,docked_bike,2021-04-21 20:38:25,2021-04-21 20:50:54,Riverside Blvd & W 67 St,7183,W 100 St & Manhattan Ave,7538,40.777507,-73.988886,40.795,-73.9645,member
577274,F33D3E1BE917546E,docked_bike,2021-04-01 17:26:15,2021-04-01 17:42:13,Riverside Blvd & W 67 St,7183,W 100 St & Manhattan Ave,7538,40.777507,-73.988886,40.795,-73.9645,member
577299,362AE7E66CAF983A,docked_bike,2021-04-17 13:13:14,2021-04-17 13:34:22,Pleasant Ave & E 116 St,7450,W 100 St & Manhattan Ave,7538,40.794987,-73.933334,40.795,-73.9645,casual
577368,A8B0A2FE90A15C49,docked_bike,2021-04-06 06:23:40,2021-04-06 06:31:14,Frederick Douglass Blvd & W 115 St,7658,W 100 St & Manhattan Ave,7538,40.803865,-73.95593,40.795,-73.9645,casual
577372,E6AA7B47C5D3B33A,docked_bike,2021-04-03 12:57:18,2021-04-03 13:11:02,E 89 St & York Ave,7204,W 100 St & Manhattan Ave,7538,40.777945,-73.946041,40.795,-73.9645,member
577409,E49B0B7B95193CF2,docked_bike,2021-04-19 13:46:11,2021-04-19 13:55:09,Central Park West & W 76 St,7253,W 100 St & Manhattan Ave,7538,40.778967,-73.973747,40.795,-73.9645,member
577411,279ED184C4017CA2,docked_bike,2021-04-02 17:18:53,2021-04-02 17:26:06,Central Park West & W 76 St,7253,W 100 St & Manhattan Ave,7538,40.778967,-73.973747,40.795,-73.9645,casual
577420,2E49DC0B72F33A95,docked_bike,2021-04-24 14:55:08,2021-04-24 15:51:01,W 107 St & Columbus Ave,7619,W 100 St & Manhattan Ave,7538,40.799756,-73.962112,40.795,-73.9645,member
577427,FF50B73E7738BE34,docked_bike,2021-04-17 14:07:13,2021-04-17 14:13:50,Central Park West & W 76 St,7253,W 100 St & Manhattan Ave,7538,40.778967,-73.973747,40.795,-73.9645,casual
577435,30583818C58F88EE,docked_bike,2021-04-03 12:30:42,2021-04-03 12:46:03,W 50 St & 9 Ave,6854,W 100 St & Manhattan Ave,7538,40.763604,-73.989179,40.795,-73.9645,member
577464,A49DC81AD53037F9,docked_bike,2021-04-25 12:09:26,2021-04-25 12:11:55,W 107 St & Columbus Ave,7619,W 100 St & Manhattan Ave,7538,40.799756,-73.962112,40.795,-73.9645,member
577466,6FF5EE9046599501,docked_bike,2021-04-24 15:04:50,2021-04-24 15:51:18,W 107 St & Columbus Ave,7619,W 100 St & Manhattan Ave,7538,40.799756,-73.962112,40.795,-73.9645,casual
577481,393AC289B12E5C72,docked_bike,2021-04-22 20:10:57,2021-04-22 20:48:43,Amsterdam Ave & W 189 St,8432,W 100 St & Manhattan Ave,7538,40.853142,-73.927094,40.795,-73.9645,casual
577490,FC9AD2C4A7216547,docked_bike,2021-04-20 16:24:42,2021-04-20 17:02:47,2 Ave & E 29 St,6122,W 100 St & Manhattan Ave,7538,40.741723,-73.978092,40.795,-73.9645,member
577501,E7E139CD0AAF7B3B,docked_bike,2021-04-05 14:38:46,2021-04-05 15:09:50,E 68 St & 3 Ave,6896,W 100 St & Manhattan Ave,7538,40.767128,-73.962246,40.795,-73.9645,member
577527,72E62E2521D805AB,docked_bike,2021-04-07 16:49:25,2021-04-07 16:57:03,Frederick Douglass Blvd & W 115 St,7658,W 100 St & Manhattan Ave,7538,40.803865,-73.95593,40.795,-73.9645,member
577531,26A9D752F5EFBEC3,docked_bike,2021-04-07 09:28:16,2021-04-07 09:35:33,Frederick Douglass Blvd & W 115 St,7658,W 100 St & Manhattan Ave,7538,40.803865,-73.95593,40.795,-73.9645,member
577532,041051861059E238,docked_bike,2021-04-19 12:29:21,2021-04-19 12:36:55,Frederick Douglass Blvd & W 115 St,7658,W 100 St & Manhattan Ave,7538,40.803865,-73.95593,40.795,-73.9645,member
577547,F0E664D127A26C6D,docked_bike,2021-04-25 16:09:18,2021-04-25 16:16:15,Frederick Douglass Blvd & W 115 St,7658,W 100 St & Manhattan Ave,7538,40.803865,-73.95593,40.795,-73.9645,member
577550,E72660CAA5DDD7D9,docked_bike,2021-04-02 18:29:02,2021-04-02 18:49:06,Frederick Douglass Blvd & W 115 St,7658,W 100 St & Manhattan Ave,7538,40.803865,-73.95593,40.795,-73.9645,casual
577566,F330831A0AF5E7E7,docked_bike,2021-04-08 17:06:47,2021-04-08 17:13:45,Frederick Douglass Blvd & W 115 St,7658,W 100 St & Manhattan Ave,7538,40.803865,-73.95593,40.795,-73.9645,casual
577575,681296375DBF9FDB,docked_bike,2021-04-06 14:37:57,2021-04-06 15:12:43,E 12 St & 3 Ave,5788,W 100 St & Manhattan Ave,7538,40.732232,-73.988899,40.795,-73.9645,casual
577588,FDCDF21CDE58B053,docked_bike,2021-04-27 18:33:43,2021-04-27 18:38:01,Frederick Douglass Blvd & W 115 St,7658,W 100 St & Manhattan Ave,7538,40.803865,-73.95593,40.795,-73.9645,member
577589,97FE600EC565D565,docked_bike,2021-04-06 12:34:15,2021-04-06 12:43:07,Frederick Douglass Blvd & W 115 St,7658,W 100 St & Manhattan Ave,7538,40.803865,-73.95593,40.795,-73.9645,member
577590,6BF1E0DC3DDE2000,docked_bike,2021-04-25 12:38:18,2021-04-25 12:45:10,Frederick Douglass Blvd & W 115 St,7658,W 100 St & Manhattan Ave,7538,40.803865,-73.95593,40.795,-73.9645,member
577591,3B3BA0D98F4A3B8A,docked_bike,2021-04-23 15:24:54,2021-04-23 15:29:52,Frederick Douglass Blvd & W 115 St,7658,W 100 St & Manhattan Ave,7538,40.803865,-73.95593,40.795,-73.9645,member
577598,190B78C593D6DC7F,docked_bike,2021-04-09 13:05:05,2021-04-09 13:31:19,E 128 St & Madison Ave,7735,W 100 St & Manhattan Ave,7538,40.80756,-73.939182,40.795,-73.9645,member
577607,8B16363FB35DADEB,docked_bike,2021-04-27 18:59:01,2021-04-27 19:07:28,W 84 St & Broadway,7409,W 100 St & Manhattan Ave,7538,40.786794,-73.977112,40.795,-73.9645,member
577609,239F26D8EB51CB44,docked_bike,2021-04-13 17:04:39,2021-04-13 17:05:04,W 100 St & Manhattan Ave,7538,W 100 St & Manhattan Ave,7538,40.795,-73.9645,40.795,-73.9645,member
577612,9F78B918FB7397E1,docked_bike,2021-04-08 14:18:49,2021-04-08 14:19:12,W 100 St & Manhattan Ave,7538,W 100 St & Manhattan Ave,7538,40.795,-73.9645,40.795,-73.9645,member
577622,517F855244CADDBB,docked_bike,2021-04-17 15:39:36,2021-04-17 15:48:31,W 84 St & Broadway,7409,W 100 St & Manhattan Ave,7538,40.786794,-73.977112,40.795,-73.9645,member
577632,CB34C0D5136AF5E6,docked_bike,2021-04-30 16:20:48,2021-04-30 16:30:20,W 100 St & Manhattan Ave,7538,Lenox Ave & W 115 St,7627,40.795,-73.9645,40.8011939,-73.9500739,member
577634,1054BF3235E166D8,docked_bike,2021-04-29 20:24:59,2021-04-29 21:25:54,W 100 St & Manhattan Ave,7538,W 100 St & Manhattan Ave,7538,40.795,-73.9645,40.795,-73.9645,member
577649,75D9641D7A463063,docked_bike,2021-04-16 09:33:06,2021-04-16 09:33:09,W 100 St & Manhattan Ave,7538,W 100 St & Manhattan Ave,7538,40.795,-73.9645,40.795,-73.9645,member
577650,9B9D54C345681674,docked_bike,2021-04-16 09:32:29,2021-04-16 09:32:47,W 100 St & Manhattan Ave,7538,W 100 St & Manhattan Ave,7538,40.795,-73.9645,40.795,-73.9645,member
577653,0E501B0F4A50ECBD,docked_bike,2021-04-08 11:12:48,2021-04-08 11:43:35,W 100 St & Manhattan Ave,7538,W 100 St & Manhattan Ave,7538,40.795,-73.9645,40.795,-73.9645,casual
577654,001740217EBB3BDC,docked_bike,2021-04-02 16:28:48,2021-04-02 16:50:06,W 100 St & Manhattan Ave,7538,W 100 St & Manhattan Ave,7538,40.795,-73.9645,40.795,-73.9645,member
577655,B5186318462F9272,docked_bike,2021-04-28 18:50:53,2021-04-28 19:37:53,W 100 St & Manhattan Ave,7538,W 100 St & Manhattan Ave,7538,40.795,-73.9645,40.795,-73.9645,casual
577658,BF38729CCE183F03,docked_bike,2021-04-28 17:33:46,2021-04-28 18:05:55,W 100 St & Manhattan Ave,7538,W 100 St & Manhattan Ave,7538,40.795,-73.9645,40.795,-73.9645,member
577665,E19B2FBE9E8E052B,docked_bike,2021-04-27 13:56:01,2021-04-27 13:56:08,W 100 St & Manhattan Ave,7538,W 100 St & Manhattan Ave,7538,40.795,-73.9645,40.795,-73.9645,member
577675,8C5AA10FD6FDA975,docked_bike,2021-04-19 10:42:35,2021-04-19 10:52:00,W 100 St & Manhattan Ave,7538,W 84 St & Broadway,7409,40.795,-73.9645,40.7867947,-73.977112,casual
577680,9A151409A3113D22,docked_bike,2021-04-09 10:37:21,2021-04-09 10:46:25,W 84 St & Broadway,7409,W 100 St & Manhattan Ave,7538,40.786794,-73.977112,40.795,-73.9645,member
577682,B711301741B90598,docked_bike,2021-04-23 12:54:00,2021-04-23 13:02:38,W 84 St & Broadway,7409,W 100 St & Manhattan Ave,7538,40.786794,-73.977112,40.795,-73.9645,casual
577686,BAFF8A4FB05CE8AB,docked_bike,2021-04-30 19:29:37,2021-04-30 19:37:19,W 84 St & Broadway,7409,W 100 St & Manhattan Ave,7538,40.786794,-73.977112,40.795,-73.9645,member
577691,ADEE14AB5F233FB2,docked_bike,2021-04-28 18:59:16,2021-04-28 19:00:56,W 100 St & Manhattan Ave,7538,W 100 St & Manhattan Ave,7538,40.795,-73.9645,40.795,-73.9645,member
577697,E3A90AC2A2FF0EB7,docked_bike,2021-04-12 08:20:46,2021-04-12 08:21:35,W 100 St & Manhattan Ave,7538,W 100 St & Manhattan Ave,7538,40.795,-73.9645,40.795,-73.9645,member
577703,F5C7D4E28356C9D1,docked_bike,2021-04-04 13:17:11,2021-04-04 13:34:16,W 100 St & Manhattan Ave,7538,W 100 St & Manhattan Ave,7538,40.795,-73.9645,40.795,-73.9645,casual
577724,81CAC32FB3906AEF,docked_bike,2021-04-30 17:06:28,2021-04-30 17:17:05,W 100 St & Manhattan Ave,7538,W 84 St & Broadway,7409,40.795,-73.9645,40.7867947,-73.977112,member
577731,D5E8A34476A9C8B6,docked_bike,2021-04-30 17:06:21,2021-04-30 17:15:16,Lenox Ave & W 115 St,7627,W 100 St & Manhattan Ave,7538,40.801193,-73.950073,40.795,-73.9645,member
577737,F48BB35B5DF6C38B,docked_bike,2021-04-12 08:18:50,2021-04-12 08:19:27,W 100 St & Manhattan Ave,7538,W 100 St & Manhattan Ave,7538,40.795,-73.9645,40.795,-73.9645,member
577740,75049F9E6CA54720,docked_bike,2021-04-09 17:17:55,2021-04-09 17:54:37,W 100 St & Manhattan Ave,7538,W 100 St & Manhattan Ave,7538,40.795,-73.9645,40.795,-73.9645,member
577744,E62F1BC7260F5765,docked_bike,2021-04-14 20:41:11,2021-04-14 21:11:31,W 100 St & Manhattan Ave,7538,W 100 St & Manhattan Ave,7538,40.795,-73.9645,40.795,-73.9645,casual
577752,27DB823DE33F45E5,docked_bike,2021-04-16 10:17:11,2021-04-16 10:26:33,W 100 St & Manhattan Ave,7538,W 100 St & Manhattan Ave,7538,40.795,-73.9645,40.795,-73.9645,casual
577753,9A7673E7CC4FE0D9,docked_bike,2021-04-09 15:19:24,2021-04-09 15:58:41,W 100 St & Manhattan Ave,7538,W 100 St & Manhattan Ave,7538,40.795,-73.9645,40.795,-73.9645,member
577755,09D1D039E3E794A1,docked_bike,2021-04-10 12:51:35,2021-04-10 13:04:53,Lenox Ave & W 115 St,7627,W 100 St & Manhattan Ave,7538,40.801193,-73.950073,40.795,-73.9645,member
577766,0267AD176720D3F4,docked_bike,2021-04-19 16:29:21,2021-04-19 16:29:43,W 100 St & Manhattan Ave,7538,W 100 St & Manhattan Ave,7538,40.795,-73.9645,40.795,-73.9645,member
577777,6D12A3B4225F660A,docked_bike,2021-04-13 12:16:33,2021-04-13 12:37:41,W 100 St & Manhattan Ave,7538,W 84 St & Broadway,7409,40.795,-73.9645,40.7867947,-73.977112,casual
577780,A4495525EB4BAC4F,docked_bike,2021-04-10 12:54:00,2021-04-10 12:54:31,W 100 St & Manhattan Ave,7538,W 100 St & Manhattan Ave,7538,40.795,-73.9645,40.795,-73.9645,casual
577782,72EF720768951F1E,docked_bike,2021-04-17 16:09:51,2021-04-17 16:14:54,W 100 St & Manhattan Ave,7538,W 100 St & Manhattan Ave,7538,40.795,-73.9645,40.795,-73.9645,member
577791,8671BB53759A7FE0,docked_bike,2021-04-29 14:16:53,2021-04-29 15:30:31,W 100 St & Manhattan Ave,7538,W 100 St & Manhattan Ave,7538,40.795,-73.9645,40.795,-73.9645,member
577794,5280F49763CA90EA,docked_bike,2021-04-29 20:45:25,2021-04-29 20:45:34,W 100 St & Manhattan Ave,7538,W 100 St & Manhattan Ave,7538,40.795,-73.9645,40.795,-73.9645,member
577795,C2774C69DA9E80DB,docked_bike,2021-04-24 13:58:06,2021-04-24 13:58:30,W 100 St & Manhattan Ave,7538,W 100 St & Manhattan Ave,7538,40.795,-73.9645,40.795,-73.9645,member
577807,16A2F7DDB8A22CEB,docked_bike,2021-04-10 23:33:56,2021-04-10 23:50:58,W 84 St & Broadway,7409,W 100 St & Manhattan Ave,7538,40.786794,-73.977112,40.795,-73.9645,member
577810,FB5074E819C7D101,docked_bike,2021-04-10 16:18:43,2021-04-10 16:20:22,W 100 St & Manhattan Ave,7538,W 100 St & Manhattan Ave,7538,40.795,-73.9645,40.795,-73.9645,casual
577821,FBD4A1A1DEB56C0C,docked_bike,2021-04-01 17:40:46,2021-04-01 17:41:27,W 100 St & Manhattan Ave,7538,W 100 St & Manhattan Ave,7538,40.795,-73.9645,40.795,-73.9645,member
577823,9E2F02AB973150F5,docked_bike,2021-04-04 11:02:08,2021-04-04 11:24:25,W 100 St & Manhattan Ave,7538,W 100 St & Manhattan Ave,7538,40.795,-73.9645,40.795,-73.9645,casual
577834,D5E0F802C0D9A4D4,docked_bike,2021-04-12 06:47:20,2021-04-12 06:47:53,W 100 St & Manhattan Ave,7538,W 100 St & Manhattan Ave,7538,40.795,-73.9645,40.795,-73.9645,member
577837,CAA5CE0ADC110696,docked_bike,2021-04-29 18:40:55,2021-04-29 19:18:04,W 100 St & Manhattan Ave,7538,W 100 St & Manhattan Ave,7538,40.795,-73.9645,40.795,-73.9645,member
577840,5F7CB320EC87B02F,docked_bike,2021-04-04 16:40:21,2021-04-04 17:23:40,W 100 St & Manhattan Ave,7538,W 100 St & Manhattan Ave,7538,40.795,-73.9645,40.795,-73.9645,member
577842,FF66799C6FED57BA,docked_bike,2021-04-08 18:50:45,2021-04-08 19:10:30,W 100 St & Manhattan Ave,7538,W 100 St & Manhattan Ave,7538,40.795,-73.9645,40.795,-73.9645,member
577847,AB5F74AB116AE886,docked_bike,2021-04-06 16:10:04,2021-04-06 16:11:10,W 100 St & Manhattan Ave,7538,W 100 St & Manhattan Ave,7538,40.795,-73.9645,40.795,-73.9645,casual
577851,F4536D3B5893E308,docked_bike,2021-04-29 20:23:11,2021-04-29 21:26:21,W 100 St & Manhattan Ave,7538,W 100 St & Manhattan Ave,7538,40.795,-73.9645,40.795,-73.9645,casual
577858,E679F85621BC39F7,docked_bike,2021-04-19 19:41:24,2021-04-19 19:41:44,W 100 St & Manhattan Ave,7538,W 100 St & Manhattan Ave,7538,40.795,-73.9645,40.795,-73.9645,member
577860,62D7C1B31FA9F027,docked_bike,2021-04-24 12:42:03,2021-04-24 12:42:08,W 100 St & Manhattan Ave,7538,W 100 St & Manhattan Ave,7538,40.795,-73.9645,40.795,-73.9645,member
577866,CAE52C79D1557DA5,docked_bike,2021-04-20 15:35:38,2021-04-20 15:37:57,W 100 St & Manhattan Ave,7538,W 100 St & Manhattan Ave,7538,40.795,-73.9645,40.795,-73.9645,casual
577875,2ACE4EE6D25A811D,docked_bike,2021-04-10 12:39:08,2021-04-10 12:40:07,W 100 St & Manhattan Ave,7538,W 100 St & Manhattan Ave,7538,40.795,-73.9645,40.795,-73.9645,member
577879,A07B5BCA4203CF6D,docked_bike,2021-04-11 11:38:45,2021-04-11 12:23:36,W 100 St & Manhattan Ave,7538,W 100 St & Manhattan Ave,7538,40.795,-73.9645,40.795,-73.9645,member
577883,BF3155DC46DDC804,docked_bike,2021-04-28 15:55:52,2021-04-28 16:31:46,Grand Concourse & E 144 St,7845,W 100 St & Manhattan Ave,7538,40.816576,-73.927987,40.795,-73.9645,member
577887,AF5A9D22C5752575,docked_bike,2021-04-16 20:56:59,2021-04-16 21:16:33,W 50 St & 9 Ave,6854,W 100 St & Manhattan Ave,7538,40.763604,-73.989179,40.795,-73.9645,member
577891,825AF39080FA0D03,docked_bike,2021-04-03 15:22:33,2021-04-03 15:23:03,W 100 St & Manhattan Ave,7538,W 100 St & Manhattan Ave,7538,40.795,-73.9645,40.795,-73.9645,member
577897,E615387661385AD5,docked_bike,2021-04-30 22:29:41,2021-04-30 22:53:13,W 100 St & Manhattan Ave,7538,W 100 St & Manhattan Ave,7538,40.795,-73.9645,40.795,-73.9645,member
577898,4C01C814D053F888,docked_bike,2021-04-28 08:25:13,2021-04-28 08:30:54,W 84 St & Broadway,7409,W 100 St & Manhattan Ave,7538,40.786794,-73.977112,40.795,-73.9645,member
577900,CF61D026CC2B224F,docked_bike,2021-04-15 08:28:52,2021-04-15 08:45:19,W 84 St & Broadway,7409,W 100 St & Manhattan Ave,7538,40.786794,-73.977112,40.795,-73.9645,member
577901,F361401160B320C7,docked_bike,2021-04-27 08:14:35,2021-04-27 08:22:33,W 84 St & Broadway,7409,W 100 St & Manhattan Ave,7538,40.786794,-73.977112,40.795,-73.9645,member
577903,6EB7DE597F2549E8,docked_bike,2021-04-16 08:29:34,2021-04-16 08:35:51,W 84 St & Broadway,7409,W 100 St & Manhattan Ave,7538,40.786794,-73.977112,40.795,-73.9645,member
577904,6F0F32BECF291159,docked_bike,2021-04-01 22:06:34,2021-04-01 22:07:05,W 100 St & Manhattan Ave,7538,W 100 St & Manhattan Ave,7538,40.795,-73.9645,40.795,-73.9645,member
577905,8C6511232BDDEE32,docked_bike,2021-04-08 12:53:52,2021-04-08 13:11:29,W 100 St & Manhattan Ave,7538,W 100 St & Manhattan Ave,7538,40.795,-73.9645,40.795,-73.9645,member
577906,36D4669BB586E122,docked_bike,2021-04-29 15:04:35,2021-04-29 15:10:52,W 100 St & Manhattan Ave,7538,W 100 St & Manhattan Ave,7538,40.795,-73.9645,40.795,-73.9645,member
577907,94425F9C3A33603C,docked_bike,2021-04-14 16:20:07,2021-04-14 16:20:24,W 100 St & Manhattan Ave,7538,W 100 St & Manhattan Ave,7538,40.795,-73.9645,40.795,-73.9645,member
577925,676F9E1BCB835CF5,docked_bike,2021-04-24 16:01:53,2021-04-24 16:12:01,W 84 St & Broadway,7409,W 100 St & Manhattan Ave,7538,40.786794,-73.977112,40.795,-73.9645,member
577927,A23250367CD496CA,docked_bike,2021-04-23 17:45:19,2021-04-23 17:47:24,W 100 St & Manhattan Ave,7538,W 100 St & Manhattan Ave,7538,40.795,-73.9645,40.795,-73.9645,casual
577938,B6FA23CB93E249C0,docked_bike,2021-04-28 17:11:29,2021-04-28 17:40:16,W 100 St & Manhattan Ave,7538,W 100 St & Manhattan Ave,7538,40.795,-73.9645,40.795,-73.9645,member
577942,F7DB90118A7508CD,docked_bike,2021-04-25 14:40:06,2021-04-25 16:02:26,W 100 St & Manhattan Ave,7538,W 100 St & Manhattan Ave,7538,40.795,-73.9645,40.795,-73.9645,member
577943,43E44F0C049715A3,docked_bike,2021-04-09 15:36:09,2021-04-09 15:55:18,W 100 St & Manhattan Ave,7538,W 100 St & Manhattan Ave,7538,40.795,-73.9645,40.795,-73.9645,member
577944,214377F165091981,docked_bike,2021-04-05 17:33:41,2021-04-05 18:49:46,W 100 St & Manhattan Ave,7538,W 100 St & Manhattan Ave,7538,40.795,-73.9645,40.795,-73.9645,casual
577953,ADCDEAD5A7FDD6FD,docked_bike,2021-04-12 16:08:01,2021-04-12 16:31:23,W 100 St & Manhattan Ave,7538,W 100 St & Manhattan Ave,7538,40.795,-73.9645,40.795,-73.9645,member
577971,2706551E3F475E88,docked_bike,2021-04-13 17:54:08,2021-04-13 18:43:40,W 100 St & Manhattan Ave,7538,W 100 St & Manhattan Ave,7538,40.795,-73.9645,40.795,-73.9645,member
577975,41A1AF18C6D3350E,docked_bike,2021-04-26 18:12:48,2021-04-26 18:13:12,W 100 St & Manhattan Ave,7538,W 100 St & Manhattan Ave,7538,40.795,-73.9645,40.795,-73.9645,member
577977,27FDEF0B01F9B461,docked_bike,2021-04-20 16:11:10,2021-04-20 16:11:53,W 100 St & Manhattan Ave,7538,W 100 St & Manhattan Ave,7538,40.795,-73.9645,40.795,-73.9645,member
578005,312175F714FA40F0,docked_bike,2021-04-17 19:08:27,2021-04-17 19:23:08,East End Ave & E 86 St,7113,W 100 St & Manhattan Ave,7538,40.775186,-73.94446,40.795,-73.9645,member
578013,B46221CAE306C43C,docked_bike,2021-04-08 08:22:01,2021-04-08 08:34:37,W 84 St & Broadway,7409,W 100 St & Manhattan Ave,7538,40.786794,-73.977112,40.795,-73.9645,member
578014,7CAA76E60E4EFE01,docked_bike,2021-04-13 17:25:53,2021-04-13 17:34:28,W 100 St & Manhattan Ave,7538,Lenox Ave & W 115 St,7627,40.795,-73.9645,40.8011939,-73.9500739,casual
578036,D321BEC677C0915E,docked_bike,2021-04-20 16:44:37,2021-04-20 17:12:40,W 100 St & Manhattan Ave,7538,W 100 St & Manhattan Ave,7538,40.795,-73.9645,40.795,-73.9645,casual
578037,E3EA5B535389B03E,docked_bike,2021-04-16 14:07:15,2021-04-16 14:07:31,W 100 St & Manhattan Ave,7538,W 100 St & Manhattan Ave,7538,40.795,-73.9645,40.795,-73.9645,member
578038,C47AA6E3D3029BAE,docked_bike,2021-04-10 14:53:13,2021-04-10 15:06:25,W 100 St & Manhattan Ave,7538,W 100 St & Manhattan Ave,7538,40.795,-73.9645,40.795,-73.9645,member
578040,EAE80394332B832D,docked_bike,2021-04-09 11:02:20,2021-04-09 12:08:12,W 100 St & Manhattan Ave,7538,W 100 St & Manhattan Ave,7538,40.795,-73.9645,40.795,-73.9645,casual
578046,6D59B6ED21C09C2E,docked_bike,2021-04-10 12:47:07,2021-04-10 13:00:13,W 100 St & Manhattan Ave,7538,W 100 St & Manhattan Ave,7538,40.795,-73.9645,40.795,-73.9645,member
578047,FA3932F897BE3B23,docked_bike,2021-04-30 18:19:23,2021-04-30 18:28:43,W 100 St & Manhattan Ave,7538,W 84 St & Broadway,7409,40.795,-73.9645,40.7867947,-73.977112,member
578048,C0D95A7E1D48C2BF,docked_bike,2021-04-09 11:04:26,2021-04-09 12:08:01,W 100 St & Manhattan Ave,7538,W 100 St & Manhattan Ave,7538,40.795,-73.9645,40.795,-73.9645,member
578055,0BA3944731BC1BAB,docked_bike,2021-04-06 12:19:47,2021-04-06 12:33:05,W 100 St & Manhattan Ave,7538,W 84 St & Broadway,7409,40.795,-73.9645,40.7867947,-73.977112,casual
578068,BCFBEAE4486B8661,docked_bike,2021-04-25 15:13:19,2021-04-25 15:13:23,W 100 St & Manhattan Ave,7538,W 100 St & Manhattan Ave,7538,40.795,-73.9645,40.795,-73.9645,member
578072,6A2E0F8E0763363A,docked_bike,2021-04-29 18:54:42,2021-04-29 19:41:38,W 100 St & Manhattan Ave,7538,W 100 St & Manhattan Ave,7538,40.795,-73.9645,40.795,-73.9645,member
578073,86E97646F060B651,docked_bike,2021-04-06 14:27:25,2021-04-06 14:36:52,W 84 St & Broadway,7409,W 100 St & Manhattan Ave,7538,40.786794,-73.977112,40.795,-73.9645,member
578083,CA366237BEFAFC43,docked_bike,2021-04-17 14:10:38,2021-04-17 14:12:36,W 100 St & Manhattan Ave,7538,W 100 St & Manhattan Ave,7538,40.795,-73.9645,40.795,-73.9645,casual
578085,BDBCAA810D2D5B41,docked_bike,2021-04-30 07:24:16,2021-04-30 07:24:19,W 100 St & Manhattan Ave,7538,W 100 St & Manhattan Ave,7538,40.795,-73.9645,40.795,-73.9645,member
578086,D635C6A3B7CB0A62,docked_bike,2021-04-13 18:32:38,2021-04-13 19:13:05,W 100 St & Manhattan Ave,7538,W 100 St & Manhattan Ave,7538,40.795,-73.9645,40.795,-73.9645,member
578087,977CC793D4AC5CCE,docked_bike,2021-04-29 19:11:41,2021-04-29 19:21:40,W 100 St & Manhattan Ave,7538,W 100 St & Manhattan Ave,7538,40.795,-73.9645,40.795,-73.9645,member
578089,1D750C16BFE093F3,docked_bike,2021-04-10 14:37:41,2021-04-10 15:19:10,W 100 St & Manhattan Ave,7538,W 100 St & Manhattan Ave,7538,40.795,-73.9645,40.795,-73.9645,casual
578094,DCA3C00A238A43BD,docked_bike,2021-04-08 18:57:22,2021-04-08 19:29:00,W 100 St & Manhattan Ave,7538,W 100 St & Manhattan Ave,7538,40.795,-73.9645,40.795,-73.9645,casual
578095,FD920C881378B1BF,docked_bike,2021-04-23 11:05:55,2021-04-23 11:22:25,Lenox Ave & W 115 St,7627,W 100 St & Manhattan Ave,7538,40.801194,-73.950074,40.795,-73.9645,member
578102,E307608F62E803DF,docked_bike,2021-04-05 16:39:27,2021-04-05 16:39:40,W 100 St & Manhattan Ave,7538,W 100 St & Manhattan Ave,7538,40.795,-73.9645,40.795,-73.9645,member
578103,72EF2D48E06DF43A,docked_bike,2021-04-01 19:29:50,2021-04-01 19:33:43,W 100 St & Manhattan Ave,7538,W 100 St & Manhattan Ave,7538,40.795,-73.9645,40.795,-73.9645,member
578105,E30C6C1D489A04C4,docked_bike,2021-04-23 12:42:19,2021-04-23 12:42:42,W 100 St & Manhattan Ave,7538,W 100 St & Manhattan Ave,7538,40.795,-73.9645,40.795,-73.9645,member
578107,A9DE0DF74A0AAF7F,docked_bike,2021-04-17 15:32:15,2021-04-17 15:47:12,W 100 St & Manhattan Ave,7538,W 100 St & Manhattan Ave,7538,40.795,-73.9645,40.795,-73.9645,member
578114,4ED58EA358CFE820,docked_bike,2021-04-28 17:21:07,2021-04-28 17:28:28,W 100 St & Manhattan Ave,7538,W 100 St & Manhattan Ave,7538,40.795,-73.9645,40.795,-73.9645,casual
578117,CF5608D090F2928D,docked_bike,2021-04-06 11:39:09,2021-04-06 12:22:01,W 100 St & Manhattan Ave,7538,W 100 St & Manhattan Ave,7538,40.795,-73.9645,40.795,-73.9645,casual
578118,863F5064AFB1F570,docked_bike,2021-04-19 14:13:53,2021-04-19 14:39:22,W 100 St & Manhattan Ave,7538,W 100 St & Manhattan Ave,7538,40.795,-73.9645,40.795,-73.9645,casual
578121,5615863EBB4B0EBC,docked_bike,2021-04-14 17:32:15,2021-04-14 17:42:03,W 100 St & Manhattan Ave,7538,W 84 St & Broadway,7409,40.795,-73.9645,40.7867947,-73.977112,member
578127,9DB99D7AA63B012A,docked_bike,2021-04-07 08:22:53,2021-04-07 08:45:10,W 84 St & Broadway,7409,W 100 St & Manhattan Ave,7538,40.786794,-73.977112,40.795,-73.9645,member
578128,D84389DD6A9BA06C,docked_bike,2021-04-13 08:25:03,2021-04-13 08:31:27,W 84 St & Broadway,7409,W 100 St & Manhattan Ave,7538,40.786794,-73.977112,40.795,-73.9645,member
578130,9AC99CB04227CE8F,docked_bike,2021-04-19 12:47:12,2021-04-19 13:00:45,W 100 St & Manhattan Ave,7538,W 100 St & Manhattan Ave,7538,40.795,-73.9645,40.795,-73.9645,casual
578146,1DF6BF7CE25388B3,docked_bike,2021-04-27 17:06:55,2021-04-27 17:07:26,W 100 St & Manhattan Ave,7538,W 100 St & Manhattan Ave,7538,40.795,-73.9645,40.795,-73.9645,member
578161,C5664A83EF4231C7,docked_bike,2021-04-14 11:04:04,2021-04-14 11:04:42,W 100 St & Manhattan Ave,7538,W 100 St & Manhattan Ave,7538,40.795,-73.9645,40.795,-73.9645,member
578166,CA679A05E2E83E0C,docked_bike,2021-04-04 14:04:22,2021-04-04 14:15:01,W 84 St & Broadway,7409,W 100 St & Manhattan Ave,7538,40.786794,-73.977112,40.795,-73.9645,member
578173,FC354B34E488A953,docked_bike,2021-04-03 14:18:21,2021-04-03 14:20:54,W 100 St & Manhattan Ave,7538,W 100 St & Manhattan Ave,7538,40.795,-73.9645,40.795,-73.9645,casual
578179,983C4AB86A7E72FE,docked_bike,2021-04-17 14:46:24,2021-04-17 14:52:00,W 100 St & Manhattan Ave,7538,W 100 St & Manhattan Ave,7538,40.795,-73.9645,40.795,-73.9645,casual
578181,6211ED645434789F,docked_bike,2021-04-29 17:22:29,2021-04-29 17:22:36,W 100 St & Manhattan Ave,7538,W 100 St & Manhattan Ave,7538,40.795,-73.9645,40.795,-73.9645,member
578184,C2323EC5CF4704F9,docked_bike,2021-04-27 17:24:18,2021-04-27 18:05:50,W 100 St & Manhattan Ave,7538,W 100 St & Manhattan Ave,7538,40.795,-73.9645,40.795,-73.9645,casual
578187,A691406DA8CE8AE3,docked_bike,2021-04-23 17:12:49,2021-04-23 17:23:40,W 100 St & Manhattan Ave,7538,Lenox Ave & W 115 St,7627,40.795,-73.9645,40.8011939,-73.9500739,casual
578200,EDE7763BFB72659B,docked_bike,2021-04-07 06:26:52,2021-04-07 06:27:43,W 100 St & Manhattan Ave,7538,W 100 St & Manhattan Ave,7538,40.795,-73.9645,40.795,-73.9645,member
578204,360D0D874C7C2E97,docked_bike,2021-04-07 09:24:42,2021-04-07 09:25:36,W 100 St & Manhattan Ave,7538,W 100 St & Manhattan Ave,7538,40.795,-73.9645,40.795,-73.9645,member
578208,E9DD1F1761A74687,docked_bike,2021-04-23 11:48:42,2021-04-23 11:49:45,W 100 St & Manhattan Ave,7538,W 100 St & Manhattan Ave,7538,40.795,-73.9645,40.795,-73.9645,member
578210,287A89D7D5900E1C,docked_bike,2021-04-28 13:34:10,2021-04-28 14:14:42,W 100 St & Manhattan Ave,7538,W 100 St & Manhattan Ave,7538,40.795,-73.9645,40.795,-73.9645,member
578211,BB56D47F9C67CBF0,docked_bike,2021-04-29 16:07:10,2021-04-29 16:41:26,W 100 St & Manhattan Ave,7538,W 100 St & Manhattan Ave,7538,40.795,-73.9645,40.795,-73.9645,member
578212,2C4D62B1AF7F10D9,docked_bike,2021-04-16 14:51:08,2021-04-16 14:58:54,W 100 St & Manhattan Ave,7538,W 100 St & Manhattan Ave,7538,40.795,-73.9645,40.795,-73.9645,member
578213,109AB4EBA97EB813,docked_bike,2021-04-08 11:43:13,2021-04-08 11:54:58,W 100 St & Manhattan Ave,7538,W 100 St & Manhattan Ave,7538,40.795,-73.9645,40.795,-73.9645,member
578214,AC319B1CF167A603,docked_bike,2021-04-26 08:35:07,2021-04-26 08:35:33,W 84 St & Broadway,7409,W 100 St & Manhattan Ave,7538,40.786794,-73.977112,40.795,-73.9645,member
578215,44AA34C2566D1A57,docked_bike,2021-04-12 08:31:48,2021-04-12 08:39:13,W 84 St & Broadway,7409,W 100 St & Manhattan Ave,7538,40.786794,-73.977112,40.795,-73.9645,member
578216,C8E282289A3D0645,docked_bike,2021-04-01 13:34:27,2021-04-01 13:59:57,W 100 St & Manhattan Ave,7538,W 100 St & Manhattan Ave,7538,40.795,-73.9645,40.795,-73.9645,member
578217,7FFD04D6C12CB4CA,docked_bike,2021-04-19 08:29:34,2021-04-19 08:40:54,W 84 St & Broadway,7409,W 100 St & Manhattan Ave,7538,40.786794,-73.977112,40.795,-73.9645,member
578223,A024EFAC6ACE069E,docked_bike,2021-04-06 17:53:10,2021-04-06 18:13:52,W 84 St & Broadway,7409,W 100 St & Manhattan Ave,7538,40.786794,-73.977112,40.795,-73.9645,member
578226,EE857B945C7B6B8F,docked_bike,2021-04-10 17:36:58,2021-04-10 18:15:11,W 100 St & Manhattan Ave,7538,W 100 St & Manhattan Ave,7538,40.795,-73.9645,40.795,-73.9645,member
578230,4A9137E33FAE53C2,docked_bike,2021-04-18 12:09:19,2021-04-18 12:49:18,W 100 St & Manhattan Ave,7538,W 100 St & Manhattan Ave,7538,40.795,-73.9645,40.795,-73.9645,member
578233,DE1A9F9AFF1AE41B,docked_bike,2021-04-23 17:34:02,2021-04-23 18:13:57,W 100 St & Manhattan Ave,7538,W 100 St & Manhattan Ave,7538,40.795,-73.9645,40.795,-73.9645,member
578236,377DB1F75225BC06,docked_bike,2021-04-13 18:33:09,2021-04-13 19:13:59,W 100 St & Manhattan Ave,7538,W 100 St & Manhattan Ave,7538,40.795,-73.9645,40.795,-73.9645,member
578239,72E3D5816AA81F05,docked_bike,2021-04-05 19:34:49,2021-04-05 20:18:54,W 100 St & Manhattan Ave,7538,W 100 St & Manhattan Ave,7538,40.795,-73.9645,40.795,-73.9645,member
578241,24FCA04B7851F561,docked_bike,2021-04-05 16:49:56,2021-04-05 16:51:22,W 100 St & Manhattan Ave,7538,W 100 St & Manhattan Ave,7538,40.795,-73.9645,40.795,-73.9645,member
578242,423263995045D17E,docked_bike,2021-04-27 15:42:04,2021-04-27 15:42:51,W 100 St & Manhattan Ave,7538,W 100 St & Manhattan Ave,7538,40.795,-73.9645,40.795,-73.9645,member
578243,EB0EC0A551A70F80,docked_bike,2021-04-13 17:08:06,2021-04-13 17:53:50,W 100 St & Manhattan Ave,7538,W 100 St & Manhattan Ave,7538,40.795,-73.9645,40.795,-73.9645,member
578250,198948EAFDC78593,docked_bike,2021-04-19 16:02:38,2021-04-19 16:03:13,W 100 St & Manhattan Ave,7538,W 100 St & Manhattan Ave,7538,40.795,-73.9645,40.795,-73.9645,member
578253,4B8024A7B6338F93,docked_bike,2021-04-24 10:18:50,2021-04-24 10:20:09,W 100 St & Manhattan Ave,7538,W 100 St & Manhattan Ave,7538,40.795,-73.9645,40.795,-73.9645,casual
578259,587BCB93C2D98BEA,docked_bike,2021-04-22 18:35:34,2021-04-22 19:17:53,W 100 St & Manhattan Ave,7538,W 100 St & Manhattan Ave,7538,40.795,-73.9645,40.795,-73.9645,member
578260,144E8F02CE0A398F,docked_bike,2021-04-20 18:29:13,2021-04-20 19:26:33,W 100 St & Manhattan Ave,7538,W 100 St & Manhattan Ave,7538,40.795,-73.9645,40.795,-73.9645,member
578277,39652A051E8DAA35,docked_bike,2021-04-08 14:05:25,2021-04-08 14:14:12,Central Park West & W 76 St,7253,W 100 St & Manhattan Ave,7538,40.778967,-73.973747,40.795,-73.9645,member
578281,208DD1FABB156B65,docked_bike,2021-04-28 14:45:13,2021-04-28 14:53:16,Central Park West & W 76 St,7253,W 100 St & Manhattan Ave,7538,40.778967,-73.973747,40.795,-73.9645,member
578299,5C271604707EEF68,docked_bike,2021-04-28 11:14:23,2021-04-28 11:29:36,Grand Army Plaza & Central Park S,6839,W 100 St & Manhattan Ave,7538,40.764397,-73.973714,40.795,-73.9645,casual
578307,6B607264ED427745,docked_bike,2021-04-14 10:58:23,2021-04-14 10:58:56,W 100 St & Manhattan Ave,7538,W 100 St & Manhattan Ave,7538,40.795,-73.9645,40.795,-73.9645,member
578310,E168C6B0626D0885,docked_bike,2021-04-10 09:45:38,2021-04-10 09:46:07,W 100 St & Manhattan Ave,7538,W 100 St & Manhattan Ave,7538,40.795,-73.9645,40.795,-73.9645,casual
578314,ADA2FC3B26E5C509,docked_bike,2021-04-17 14:45:58,2021-04-17 14:52:19,W 100 St & Manhattan Ave,7538,W 100 St & Manhattan Ave,7538,40.795,-73.9645,40.795,-73.9645,casual
578316,49875C9900430ACF,docked_bike,2021-04-27 14:34:09,2021-04-27 14:35:11,W 100 St & Manhattan Ave,7538,W 100 St & Manhattan Ave,7538,40.795,-73.9645,40.795,-73.9645,casual
578322,6227DD413CB03B94,docked_bike,2021-04-07 18:41:01,2021-04-07 19:11:50,W 100 St & Manhattan Ave,7538,W 100 St & Manhattan Ave,7538,40.795,-73.9645,40.795,-73.9645,member
578330,88D4B37FDAD2AD7F,docked_bike,2021-04-28 18:33:58,2021-04-28 18:43:05,W 100 St & Manhattan Ave,7538,W 100 St & Manhattan Ave,7538,40.795,-73.9645,40.795,-73.9645,member
578331,1770E03BF31B9D11,docked_bike,2021-04-26 18:46:22,2021-04-26 19:18:23,W 100 St & Manhattan Ave,7538,W 100 St & Manhattan Ave,7538,40.795,-73.9645,40.795,-73.9645,member
578334,66528494A4D83BA4,docked_bike,2021-04-17 19:53:48,2021-04-17 19:56:41,W 100 St & Manhattan Ave,7538,W 100 St & Manhattan Ave,7538,40.795,-73.9645,40.795,-73.9645,member
578339,193977FA4E742DF5,docked_bike,2021-04-20 16:45:42,2021-04-20 17:12:40,W 100 St & Manhattan Ave,7538,W 100 St & Manhattan Ave,7538,40.795,-73.9645,40.795,-73.9645,member
578340,C6D14C38590C755F,docked_bike,2021-04-22 11:45:51,2021-04-22 11:58:01,W 100 St & Manhattan Ave,7538,W 100 St & Manhattan Ave,7538,40.795,-73.9645,40.795,-73.9645,member
578341,7399B0582A29956A,docked_bike,2021-04-26 20:28:51,2021-04-26 20:58:12,W 100 St & Manhattan Ave,7538,W 100 St & Manhattan Ave,7538,40.795,-73.9645,40.795,-73.9645,casual
578347,2ED0ABBC3B2CE576,docked_bike,2021-04-06 07:20:08,2021-04-06 08:03:03,W 100 St & Manhattan Ave,7538,W 100 St & Manhattan Ave,7538,40.795,-73.9645,40.795,-73.9645,member
578350,ADE95020711A22E5,docked_bike,2021-04-20 09:23:04,2021-04-20 09:23:12,W 100 St & Manhattan Ave,7538,W 100 St & Manhattan Ave,7538,40.795,-73.9645,40.795,-73.9645,casual
578355,0053A3C04F0D5B9C,docked_bike,2021-04-04 15:29:25,2021-04-04 16:15:53,W 100 St & Manhattan Ave,7538,W 100 St & Manhattan Ave,7538,40.795,-73.9645,40.795,-73.9645,casual
578356,BC0934B6D63008A8,docked_bike,2021-04-13 20:00:59,2021-04-13 20:08:50,W 84 St & Broadway,7409,W 100 St & Manhattan Ave,7538,40.786794,-73.977112,40.795,-73.9645,member
578360,8AB43166B29A3B84,docked_bike,2021-04-10 23:34:03,2021-04-10 23:50:58,W 84 St & Broadway,7409,W 100 St & Manhattan Ave,7538,40.786794,-73.977112,40.795,-73.9645,member
578368,F8EB301DE25560EC,docked_bike,2021-04-21 15:12:47,2021-04-21 15:22:28,W 100 St & Manhattan Ave,7538,W 100 St & Manhattan Ave,7538,40.795,-73.9645,40.795,-73.9645,member
578369,9C1B30BDC76425D7,docked_bike,2021-04-18 14:06:35,2021-04-18 14:37:26,W 100 St & Manhattan Ave,7538,W 100 St & Manhattan Ave,7538,40.795,-73.9645,40.795,-73.9645,member
578370,2FAE0A776E927309,docked_bike,2021-04-14 16:06:17,2021-04-14 16:37:37,W 100 St & Manhattan Ave,7538,W 100 St & Manhattan Ave,7538,40.795,-73.9645,40.795,-73.9645,member
578376,56BF0D14A92BBC99,docked_bike,2021-04-24 19:35:11,2021-04-24 19:46:55,W 84 St & Broadway,7409,W 100 St & Manhattan Ave,7538,40.786794,-73.977112,40.795,-73.9645,member
578386,2B28E2460CED3237,docked_bike,2021-04-05 14:14:44,2021-04-05 14:15:41,W 100 St & Manhattan Ave,7538,W 100 St & Manhattan Ave,7538,40.795,-73.9645,40.795,-73.9645,member
578387,197DA7DF1BAEAAA3,docked_bike,2021-04-20 20:10:35,2021-04-20 20:25:30,W 84 St & Broadway,7409,W 100 St & Manhattan Ave,7538,40.786794,-73.977112,40.795,-73.9645,member
578389,C6168BF19EA78D81,docked_bike,2021-04-23 08:13:36,2021-04-23 08:19:47,Lenox Ave & W 115 St,7627,W 100 St & Manhattan Ave,7538,40.801193,-73.950073,40.795,-73.9645,casual
578391,DA77DFEDBBE24955,docked_bike,2021-04-16 20:03:38,2021-04-16 21:17:06,W 100 St & Manhattan Ave,7538,W 100 St & Manhattan Ave,7538,40.795,-73.9645,40.795,-73.9645,member
578392,6CF9397FD0279211,docked_bike,2021-04-08 19:13:43,2021-04-08 19:39:16,W 100 St & Manhattan Ave,7538,W 100 St & Manhattan Ave,7538,40.795,-73.9645,40.795,-73.9645,member
578393,F04FB26C0E523BA3,docked_bike,2021-04-08 16:22:31,2021-04-08 17:22:40,W 100 St & Manhattan Ave,7538,W 100 St & Manhattan Ave,7538,40.795,-73.9645,40.795,-73.9645,member
578394,B855C130847B1E0F,docked_bike,2021-04-16 22:34:05,2021-04-16 22:48:51,W 100 St & Manhattan Ave,7538,W 100 St & Manhattan Ave,7538,40.795,-73.9645,40.795,-73.9645,member
578398,21DC495D33877885,docked_bike,2021-04-26 15:32:53,2021-04-26 16:10:19,Grand Army Plaza & Central Park S,6839,W 100 St & Manhattan Ave,7538,40.764397,-73.973714,40.795,-73.9645,member
578407,BC84318A4C42C3EE,docked_bike,2021-04-18 16:35:15,2021-04-18 16:58:09,Grand Army Plaza & Central Park S,6839,W 100 St & Manhattan Ave,7538,40.764397,-73.973714,40.795,-73.9645,member
578411,76415C921A458F7E,docked_bike,2021-04-01 07:24:52,2021-04-01 07:51:40,1 Ave & E 18 St,5854,W 100 St & Manhattan Ave,7538,40.733812,-73.980544,40.795,-73.9645,member
578415,486BEAB1207A1A5B,docked_bike,2021-04-30 13:55:38,2021-04-30 14:23:43,Grand Army Plaza & Central Park S,6839,W 100 St & Manhattan Ave,7538,40.764397,-73.973714,40.795,-73.9645,member
578438,6EC313ADD98C7BF6,docked_bike,2021-04-23 16:20:01,2021-04-23 16:49:46,Grand Army Plaza & Central Park S,6839,W 100 St & Manhattan Ave,7538,40.764397,-73.973714,40.795,-73.9645,member
578446,4B85D949CEA2F778,docked_bike,2021-04-05 18:39:00,2021-04-05 19:00:46,W 47 St & 6 Ave,6667,W 100 St & Manhattan Ave,7538,40.758397,-73.98255,40.795,-73.9645,member
578448,4D392775E07E122B,docked_bike,2021-04-24 13:09:21,2021-04-24 13:37:41,Grand Army Plaza & Central Park S,6839,W 100 St & Manhattan Ave,7538,40.764397,-73.973714,40.795,-73.9645,casual
578463,25E87690070BDF4F,docked_bike,2021-04-17 08:56:01,2021-04-17 09:22:52,MacDougal St & Prince St,5687,W 100 St & Manhattan Ave,7538,40.727102,-74.00297,40.795,-73.9645,member
578471,21173C0FF060EB14,docked_bike,2021-04-05 17:20:59,2021-04-05 17:41:57,Grand Army Plaza & Central Park S,6839,W 100 St & Manhattan Ave,7538,40.764397,-73.973714,40.795,-73.9645,member
578481,FA51FC846227A3B7,docked_bike,2021-04-22 10:37:47,2021-04-22 11:01:16,Grand Army Plaza & Central Park S,6839,W 100 St & Manhattan Ave,7538,40.764397,-73.973714,40.795,-73.9645,member
578600,81735F55B6B0B313,docked_bike,2021-04-14 13:55:01,2021-04-14 14:13:26,Grand Army Plaza & Central Park S,6839,W 100 St & Manhattan Ave,7538,40.764397,-73.973714,40.795,-73.9645,member
578615,3ED21456FFFB637A,docked_bike,2021-04-24 13:09:21,2021-04-24 13:37:58,Grand Army Plaza & Central Park S,6839,W 100 St & Manhattan Ave,7538,40.764397,-73.973714,40.795,-73.9645,casual
578619,68D854B9F3F57D49,docked_bike,2021-04-21 02:41:48,2021-04-21 02:58:07,Grand Army Plaza & Central Park S,6839,W 100 St & Manhattan Ave,7538,40.764397,-73.973714,40.795,-73.9645,casual
578623,FF4AACBB611747CA,docked_bike,2021-04-02 12:24:42,2021-04-02 12:40:23,Grand Army Plaza & Central Park S,6839,W 100 St & Manhattan Ave,7538,40.764397,-73.973715,40.795,-73.9645,member
578630,90C716217D1E4E1E,docked_bike,2021-04-27 16:54:06,2021-04-27 17:13:18,Grand Army Plaza & Central Park S,6839,W 100 St & Manhattan Ave,7538,40.764397,-73.973714,40.795,-73.9645,member
578650,688129FF4226B78E,docked_bike,2021-04-11 23:38:26,2021-04-12 00:19:36,8 Ave & W 31 St,6450,W 100 St & Manhattan Ave,7538,40.750585,-73.994685,40.795,-73.9645,member
578669,F448FAB82D0FB961,docked_bike,2021-04-21 16:29:46,2021-04-21 16:31:36,W 106 St & Central Park West,7606,W 100 St & Manhattan Ave,7538,40.798185,-73.96059,40.795,-73.9645,member
578676,70357440D1C614E3,docked_bike,2021-04-02 13:52:36,2021-04-02 13:56:06,Central Park W & W 103 St,7577,W 100 St & Manhattan Ave,7538,40.796037,-73.961589,40.795,-73.9645,member
578682,728F48FFB6B5BDE7,docked_bike,2021-04-18 13:12:57,2021-04-18 13:17:20,W 106 St & Central Park West,7606,W 100 St & Manhattan Ave,7538,40.798185,-73.96059,40.795,-73.9645,member
578683,18F8CC0238429E79,docked_bike,2021-04-09 16:46:24,2021-04-09 16:51:33,W 106 St & Central Park West,7606,W 100 St & Manhattan Ave,7538,40.798185,-73.96059,40.795,-73.9645,member
578684,6B72442FB94A56BF,docked_bike,2021-04-09 15:17:19,2021-04-09 15:19:44,Central Park W & W 103 St,7577,W 100 St & Manhattan Ave,7538,40.796036,-73.961589,40.795,-73.9645,member
578688,7E682BD7582B306E,docked_bike,2021-04-02 17:20:32,2021-04-02 17:23:31,W 106 St & Central Park West,7606,W 100 St & Manhattan Ave,7538,40.798185,-73.96059,40.795,-73.9645,member
578691,B8D693884CBAD0A1,docked_bike,2021-04-21 07:33:02,2021-04-21 07:43:31,Broadway & W 131 St,7865,W 100 St & Manhattan Ave,7538,40.817555,-73.957163,40.795,-73.9645,casual
578694,9C224372C5AB639C,docked_bike,2021-04-26 18:04:31,2021-04-26 18:06:49,W 106 St & Central Park West,7606,W 100 St & Manhattan Ave,7538,40.798185,-73.96059,40.795,-73.9645,member
578695,0B44E3255524B9C7,docked_bike,2021-04-08 16:21:47,2021-04-08 16:37:53,W 106 St & Central Park West,7606,W 100 St & Manhattan Ave,7538,40.798185,-73.96059,40.795,-73.9645,member
578697,CD306E449B6D30D7,docked_bike,2021-04-01 20:09:06,2021-04-01 20:11:06,W 106 St & Central Park West,7606,W 100 St & Manhattan Ave,7538,40.798185,-73.96059,40.795,-73.9645,member
578699,BF0C983E766E8EA6,docked_bike,2021-04-01 14:48:00,2021-04-01 15:16:52,W 106 St & Central Park West,7606,W 100 St & Manhattan Ave,7538,40.798186,-73.960591,40.795,-73.9645,casual
578700,9B71F2F30FB2EAA7,docked_bike,2021-04-18 19:12:19,2021-04-18 19:46:01,Central Park W & W 103 St,7577,W 100 St & Manhattan Ave,7538,40.796036,-73.961589,40.795,-73.9645,member
578701,104FB28B65054B47,docked_bike,2021-04-14 16:00:29,2021-04-14 16:11:52,Central Park W & W 103 St,7577,W 100 St & Manhattan Ave,7538,40.796036,-73.961589,40.795,-73.9645,member
578715,F659FC20275DB285,docked_bike,2021-04-20 18:21:58,2021-04-20 18:38:26,W 55 St & 6 Ave,6809,W 100 St & Manhattan Ave,7538,40.763189,-73.978434,40.795,-73.9645,member
578722,9525C6CA9E40AA92,docked_bike,2021-04-20 15:17:39,2021-04-20 16:04:57,W 169 St & Fort Washington Ave,8282,W 100 St & Manhattan Ave,7538,40.842842,-73.942125,40.795,-73.9645,casual
578737,1440764D098F4EAE,docked_bike,2021-04-13 16:58:10,2021-04-13 17:04:02,5 Ave & E 103 St,7511,W 100 St & Manhattan Ave,7538,40.792255,-73.952499,40.795,-73.9645,member
578758,5023DED232DD8278,docked_bike,2021-04-25 20:34:05,2021-04-25 20:42:57,E 95 St & 3 Ave,7365,W 100 St & Manhattan Ave,7538,40.784903,-73.950503,40.795,-73.9645,member
578761,AB72DA76E5A98FEF,docked_bike,2021-04-03 10:07:13,2021-04-03 10:29:32,8 Ave & W 33 St,6450,W 100 St & Manhattan Ave,7538,40.751551,-73.993934,40.795,-73.9645,member
578762,56BDCD720430D1FB,docked_bike,2021-04-18 09:23:26,2021-04-18 09:44:25,8 Ave & W 33 St,6450,W 100 St & Manhattan Ave,7538,40.751551,-73.993934,40.795,-73.9645,member
578769,CB498A29AFCE26DB,docked_bike,2021-04-06 17:59:36,2021-04-06 18:08:54,5 Ave & E 103 St,7511,W 100 St & Manhattan Ave,7538,40.792255,-73.952499,40.795,-73.9645,member
578771,15486256C111AD28,docked_bike,2021-04-09 14:24:29,2021-04-09 14:32:58,W 87 St & West End Ave,7484,W 100 St & Manhattan Ave,7538,40.789622,-73.97757,40.795,-73.9645,member
578773,93A1AE950EB9D8C3,docked_bike,2021-04-18 07:29:44,2021-04-18 07:34:07,5 Ave & E 103 St,7511,W 100 St & Manhattan Ave,7538,40.792255,-73.952499,40.795,-73.9645,member
578780,8D62870699D9DA60,docked_bike,2021-04-23 08:50:41,2021-04-23 08:57:36,5 Ave & E 103 St,7511,W 100 St & Manhattan Ave,7538,40.792255,-73.952499,40.795,-73.9645,member
578783,CC103A0B693B8E99,docked_bike,2021-04-20 02:10:33,2021-04-20 02:15:19,5 Ave & E 103 St,7511,W 100 St & Manhattan Ave,7538,40.792255,-73.952499,40.795,-73.9645,member
578784,AE9E07ECD90FABBC,docked_bike,2021-04-16 19:43:43,2021-04-16 19:50:13,5 Ave & E 103 St,7511,W 100 St & Manhattan Ave,7538,40.792255,-73.952499,40.795,-73.9645,member
578785,A9C313FF0FB69FC9,docked_bike,2021-04-14 22:25:52,2021-04-14 22:30:31,5 Ave & E 103 St,7511,W 100 St & Manhattan Ave,7538,40.792255,-73.952499,40.795,-73.9645,member
578786,3D09C8F8815C50E8,docked_bike,2021-04-23 19:36:16,2021-04-23 19:40:15,5 Ave & E 103 St,7511,W 100 St & Manhattan Ave,7538,40.792255,-73.952499,40.795,-73.9645,member
578787,3EEB88CF012484A7,docked_bike,2021-04-19 20:13:26,2021-04-19 20:19:15,5 Ave & E 103 St,7511,W 100 St & Manhattan Ave,7538,40.792255,-73.952499,40.795,-73.9645,member
578788,C20765B4A9B5EEA9,docked_bike,2021-04-30 19:27:08,2021-04-30 19:31:12,5 Ave & E 103 St,7511,W 100 St & Manhattan Ave,7538,40.792255,-73.952499,40.795,-73.9645,member
578790,4D63C12619C47E50,docked_bike,2021-04-20 17:13:47,2021-04-20 17:20:34,5 Ave & E 103 St,7511,W 100 St & Manhattan Ave,7538,40.792255,-73.952499,40.795,-73.9645,member
578791,BE9720DA25D25738,docked_bike,2021-04-13 21:57:10,2021-04-13 22:01:08,5 Ave & E 103 St,7511,W 100 St & Manhattan Ave,7538,40.792255,-73.952499,40.795,-73.9645,member
578794,41F5C4903EA2B760,docked_bike,2021-04-13 17:16:18,2021-04-13 17:23:39,5 Ave & E 103 St,7511,W 100 St & Manhattan Ave,7538,40.792255,-73.952499,40.795,-73.9645,member
578811,4D6FB9685FD7161C,docked_bike,2021-04-07 17:20:40,2021-04-07 17:35:58,St. Nicholas Ave & W 126 St,7756,W 100 St & Manhattan Ave,7538,40.811432,-73.951877,40.795,-73.9645,casual
578816,69CC1CB86AD2500E,docked_bike,2021-04-17 14:16:07,2021-04-17 14:24:45,Madison Ave & E 82 St,7188,W 100 St & Manhattan Ave,7538,40.778131,-73.960693,40.795,-73.9645,member
578818,69D2354F1EA7846C,docked_bike,2021-04-08 15:39:53,2021-04-08 15:52:08,Madison Ave & E 82 St,7188,W 100 St & Manhattan Ave,7538,40.778131,-73.960693,40.795,-73.9645,member
578824,F7BCAA9526AD0CE9,docked_bike,2021-04-24 14:40:37,2021-04-24 15:00:39,5 Ave & E 103 St,7511,W 100 St & Manhattan Ave,7538,40.792255,-73.952499,40.795,-73.9645,member
578825,356453C2B63BD0F1,docked_bike,2021-04-20 18:32:54,2021-04-20 18:41:45,5 Ave & E 103 St,7511,W 100 St & Manhattan Ave,7538,40.792255,-73.952499,40.795,-73.9645,member
578827,0D7637F1007360F9,docked_bike,2021-04-16 17:08:02,2021-04-16 17:12:54,5 Ave & E 103 St,7511,W 100 St & Manhattan Ave,7538,40.792255,-73.952499,40.795,-73.9645,member
578828,218D84E4B63BB79D,docked_bike,2021-04-22 19:05:53,2021-04-22 19:11:51,5 Ave & E 103 St,7511,W 100 St & Manhattan Ave,7538,40.792255,-73.952499,40.795,-73.9645,member
578831,8F31EEB34BC32586,docked_bike,2021-04-25 10:00:44,2021-04-25 10:06:35,5 Ave & E 103 St,7511,W 100 St & Manhattan Ave,7538,40.792255,-73.952499,40.795,-73.9645,casual
578835,A5EFC9029B0E2A80,docked_bike,2021-04-27 17:27:33,2021-04-27 17:33:13,5 Ave & E 103 St,7511,W 100 St & Manhattan Ave,7538,40.792255,-73.952499,40.795,-73.9645,member
578839,1C75CC05A50FC5CC,docked_bike,2021-04-23 12:27:13,2021-04-23 12:35:41,5 Ave & E 103 St,7511,W 100 St & Manhattan Ave,7538,40.792255,-73.952499,40.795,-73.9645,member
578841,1C58E97E32885EB3,docked_bike,2021-04-09 01:30:54,2021-04-09 02:26:09,W 87 St & West End Ave,7484,W 100 St & Manhattan Ave,7538,40.789622,-73.97757,40.795,-73.9645,member
578846,359F9DBEF191C1F0,docked_bike,2021-04-27 17:59:53,2021-04-27 18:14:56,E 95 St & 3 Ave,7365,W 100 St & Manhattan Ave,7538,40.784903,-73.950503,40.795,-73.9645,member
578847,836DDE6EC5AF9173,docked_bike,2021-04-21 18:04:44,2021-04-21 18:18:29,E 95 St & 3 Ave,7365,W 100 St & Manhattan Ave,7538,40.784903,-73.950503,40.795,-73.9645,member
578852,9C6EDF9AF3B70999,docked_bike,2021-04-25 11:34:47,2021-04-25 11:44:19,Madison Ave & E 82 St,7188,W 100 St & Manhattan Ave,7538,40.778131,-73.960693,40.795,-73.9645,member
578853,D2B111B4918EB314,docked_bike,2021-04-10 15:12:44,2021-04-10 15:31:23,E 74 St & 1 Ave,6953,W 100 St & Manhattan Ave,7538,40.768973,-73.954822,40.795,-73.9645,member
578855,EEC39A4B8D6CD42F,docked_bike,2021-04-01 19:04:55,2021-04-01 19:28:45,E 74 St & 1 Ave,6953,W 100 St & Manhattan Ave,7538,40.768973,-73.954822,40.795,-73.9645,casual
578863,E8263A84B7E76CE5,docked_bike,2021-04-20 18:34:53,2021-04-20 19:06:25,Madison Ave & E 82 St,7188,W 100 St & Manhattan Ave,7538,40.778131,-73.960693,40.795,-73.9645,casual
578893,3AB392D078D28E43,docked_bike,2021-04-19 17:10:11,2021-04-19 17:43:04,1 Ave & E 68 St,6822,W 100 St & Manhattan Ave,7538,40.765005,-73.958184,40.795,-73.9645,member
578897,89FB822F2F4080AF,docked_bike,2021-04-14 12:15:33,2021-04-14 12:20:54,W 106 St & Amsterdam Ave,7634,W 100 St & Manhattan Ave,7538,40.800836,-73.966449,40.795,-73.9645,casual
578924,2A162494BD861D6D,docked_bike,2021-04-23 17:06:23,2021-04-23 17:27:37,W 146 St & Broadway,8018,W 100 St & Manhattan Ave,7538,40.826969,-73.949738,40.795,-73.9645,casual
578934,00BEB685AE6A0DC0,docked_bike,2021-04-19 18:02:13,2021-04-19 18:29:56,Broadway & W 133 St,7903,W 100 St & Manhattan Ave,7538,40.819034,-73.956156,40.795,-73.9645,member
578944,C1CF59F2D09FA93D,docked_bike,2021-04-04 12:04:38,2021-04-04 12:10:37,W 106 St & Amsterdam Ave,7634,W 100 St & Manhattan Ave,7538,40.800836,-73.966449,40.795,-73.9645,casual
578945,1B8467BD6B33F450,docked_bike,2021-04-09 19:18:38,2021-04-09 19:59:46,W 106 St & Amsterdam Ave,7634,W 100 St & Manhattan Ave,7538,40.800836,-73.966449,40.795,-73.9645,casual
578949,534D597DA825B013,docked_bike,2021-04-30 14:00:18,2021-04-30 14:07:18,W 106 St & Amsterdam Ave,7634,W 100 St & Manhattan Ave,7538,40.800836,-73.966449,40.795,-73.9645,member
578959,D99402F09A55922F,docked_bike,2021-04-24 16:29:53,2021-04-24 16:58:40,West End Ave & W 60 St,7059,W 100 St & Manhattan Ave,7538,40.77237,-73.99005,40.795,-73.9645,member
578971,12E0D524104AE0D1,docked_bike,2021-04-06 12:54:20,2021-04-06 12:57:50,W 106 St & Amsterdam Ave,7634,W 100 St & Manhattan Ave,7538,40.800836,-73.966449,40.795,-73.9645,member
578983,772C6642CEC67FD2,docked_bike,2021-04-19 16:15:27,2021-04-19 16:30:28,W 146 St & Broadway,8018,W 100 St & Manhattan Ave,7538,40.826969,-73.949738,40.795,-73.9645,member
578993,68270803E7F561DE,docked_bike,2021-04-29 13:58:00,2021-04-29 14:15:45,E 56 St & 3 Ave,6691,W 100 St & Manhattan Ave,7538,40.759345,-73.967596,40.795,-73.9645,member
578997,6B6CE0CDCC42A1E8,docked_bike,2021-04-14 19:33:36,2021-04-14 19:43:26,Frederick Douglass Blvd & W 112 St,7631,W 100 St & Manhattan Ave,7538,40.801694,-73.957145,40.795,-73.9645,casual
579000,7DD0C5562B39ACCB,docked_bike,2021-04-02 18:49:31,2021-04-02 18:57:51,Frederick Douglass Blvd & W 112 St,7631,W 100 St & Manhattan Ave,7538,40.801694,-73.957145,40.795,-73.9645,member
579015,40EFE7C0CD34A35C,docked_bike,2021-04-12 10:39:59,2021-04-12 10:44:45,Frederick Douglass Blvd & W 112 St,7631,W 100 St & Manhattan Ave,7538,40.801694,-73.957145,40.795,-73.9645,member
579017,F78A9823A30C5FC8,docked_bike,2021-04-20 17:46:01,2021-04-20 17:55:14,Frederick Douglass Blvd & W 112 St,7631,W 100 St & Manhattan Ave,7538,40.801694,-73.957145,40.795,-73.9645,member
579028,81104C4C0A23A2AB,docked_bike,2021-04-09 14:24:06,2021-04-09 14:51:33,Frederick Douglass Blvd & W 112 St,7631,W 100 St & Manhattan Ave,7538,40.801694,-73.957145,40.795,-73.9645,casual
579039,2322787AC2F4ABDC,docked_bike,2021-04-04 08:41:47,2021-04-04 08:47:01,Frederick Douglass Blvd & W 112 St,7631,W 100 St & Manhattan Ave,7538,40.801694,-73.957145,40.795,-73.9645,member
579048,FE021BCE26A76986,docked_bike,2021-04-28 17:15:05,2021-04-28 17:32:25,E 56 St & 3 Ave,6691,W 100 St & Manhattan Ave,7538,40.759345,-73.967596,40.795,-73.9645,casual
579051,06304CF0E5E67645,docked_bike,2021-04-19 17:24:44,2021-04-19 17:32:15,Frederick Douglass Blvd & W 112 St,7631,W 100 St & Manhattan Ave,7538,40.801694,-73.957145,40.795,-73.9645,member
579056,7493B261EE314F29,docked_bike,2021-04-19 15:07:52,2021-04-19 15:31:19,E 56 St & 3 Ave,6691,W 100 St & Manhattan Ave,7538,40.759345,-73.967596,40.795,-73.9645,member
579061,FC19E46818CEDCCC,docked_bike,2021-04-26 18:11:19,2021-04-26 18:45:21,E 56 St & 3 Ave,6691,W 100 St & Manhattan Ave,7538,40.759345,-73.967596,40.795,-73.9645,casual
579064,4D823978C93AAC6C,docked_bike,2021-04-20 11:27:35,2021-04-20 11:31:53,Frederick Douglass Blvd & W 112 St,7631,W 100 St & Manhattan Ave,7538,40.801694,-73.957145,40.795,-73.9645,member
579081,FE0FDC82AA3E6A84,docked_bike,2021-04-19 14:02:47,2021-04-19 14:20:19,E 84 St & 1 Ave,7180,W 100 St & Manhattan Ave,7538,40.775655,-73.950686,40.795,-73.9645,member
579084,728D0AAE74477D38,docked_bike,2021-04-16 18:59:21,2021-04-16 19:22:29,E 84 St & 1 Ave,7180,W 100 St & Manhattan Ave,7538,40.775655,-73.950686,40.795,-73.9645,member
579096,0B13427648F87C4D,docked_bike,2021-04-14 17:07:23,2021-04-14 17:26:39,12 Ave & W 125 St,7886,W 100 St & Manhattan Ave,7538,40.818299,-73.960405,40.795,-73.9645,member
579113,6F494AF9575074DB,docked_bike,2021-04-14 18:15:10,2021-04-14 18:23:28,Adam Clayton Powell Blvd & W 123 St,7704,W 100 St & Manhattan Ave,7538,40.807831,-73.949373,40.795,-73.9645,member
579124,852B7C91201C6D6B,docked_bike,2021-04-20 14:18:42,2021-04-20 14:33:48,5 Ave & E 63 St,6904,W 100 St & Manhattan Ave,7538,40.766368,-73.971518,40.795,-73.9645,member
579125,9F9D3A8536926622,docked_bike,2021-04-23 14:07:49,2021-04-23 14:32:37,5 Ave & E 63 St,6904,W 100 St & Manhattan Ave,7538,40.766368,-73.971518,40.795,-73.9645,member
579131,9A8FB5A997B0AAAB,docked_bike,2021-04-20 11:53:12,2021-04-20 12:10:07,Adam Clayton Powell Blvd & W 123 St,7704,W 100 St & Manhattan Ave,7538,40.807831,-73.949373,40.795,-73.9645,member
579143,0D1FC0A8A28F0EA0,docked_bike,2021-04-18 20:48:49,2021-04-18 21:09:07,5 Ave & E 63 St,6904,W 100 St & Manhattan Ave,7538,40.766368,-73.971518,40.795,-73.9645,member
579144,7C5FEDB72D1B68D1,docked_bike,2021-04-12 19:25:59,2021-04-12 19:47:59,5 Ave & E 63 St,6904,W 100 St & Manhattan Ave,7538,40.766368,-73.971518,40.795,-73.9645,member
579148,D4BA6D83269D7D38,docked_bike,2021-04-23 15:35:43,2021-04-23 15:52:00,E 85 St & York Ave,7146,W 100 St & Manhattan Ave,7538,40.775369,-73.948033,40.795,-73.9645,member
579155,FD3E92D861A817C2,docked_bike,2021-04-11 17:16:32,2021-04-11 17:26:27,E 95 St & 3 Ave,7365,W 100 St & Manhattan Ave,7538,40.784903,-73.950503,40.795,-73.9645,member
579156,DA883BD38D1E59A8,docked_bike,2021-04-10 10:19:22,2021-04-10 10:35:07,E 74 St & 1 Ave,6953,W 100 St & Manhattan Ave,7538,40.768973,-73.954822,40.795,-73.9645,member
579157,791048374DEF6F65,docked_bike,2021-04-09 15:29:09,2021-04-09 15:39:47,Madison Ave & E 82 St,7188,W 100 St & Manhattan Ave,7538,40.778131,-73.960693,40.795,-73.9645,member
579162,FFEA016DF2216999,docked_bike,2021-04-13 19:13:50,2021-04-13 19:22:05,Adam Clayton Powell Blvd & W 123 St,7704,W 100 St & Manhattan Ave,7538,40.807831,-73.949373,40.795,-73.9645,member
579167,539F0AF1A7B17DE1,docked_bike,2021-04-25 21:47:51,2021-04-25 22:07:19,5 Ave & E 63 St,6904,W 100 St & Manhattan Ave,7538,40.766368,-73.971518,40.795,-73.9645,member
579176,AD5EBB98CDEF7F4C,docked_bike,2021-04-12 17:00:21,2021-04-12 17:24:04,9 Ave & W 22 St,6266,W 100 St & Manhattan Ave,7538,40.745497,-74.001971,40.795,-73.9645,member
579195,6B4D16B460B6F2B6,docked_bike,2021-04-08 10:11:28,2021-04-08 10:27:49,5 Ave & E 63 St,6904,W 100 St & Manhattan Ave,7538,40.766368,-73.971518,40.795,-73.9645,member
579197,8CB4C4A21D7EE052,docked_bike,2021-04-28 16:25:46,2021-04-28 16:40:06,5 Ave & E 63 St,6904,W 100 St & Manhattan Ave,7538,40.766368,-73.971518,40.795,-73.9645,member
579199,71D05FFD87015E59,docked_bike,2021-04-21 10:00:21,2021-04-21 10:17:43,5 Ave & E 63 St,6904,W 100 St & Manhattan Ave,7538,40.766368,-73.971518,40.795,-73.9645,member
579200,4FE72922CECE0DBD,docked_bike,2021-04-21 18:15:55,2021-04-21 18:32:38,5 Ave & E 63 St,6904,W 100 St & Manhattan Ave,7538,40.766368,-73.971518,40.795,-73.9645,member
579201,B9536065180968C3,docked_bike,2021-04-18 19:24:55,2021-04-18 19:43:29,5 Ave & E 63 St,6904,W 100 St & Manhattan Ave,7538,40.766368,-73.971518,40.795,-73.9645,member
579204,F447C3AC450D54A1,docked_bike,2021-04-26 15:11:27,2021-04-26 15:26:24,5 Ave & E 78 St,7161,W 100 St & Manhattan Ave,7538,40.776321,-73.964273,40.795,-73.9645,member
579207,FE984F64BCFC9D93,docked_bike,2021-04-24 12:52:11,2021-04-24 13:19:33,5 Ave & E 78 St,7161,W 100 St & Manhattan Ave,7538,40.776321,-73.964273,40.795,-73.9645,member
579222,FE505892455A0BB5,docked_bike,2021-04-05 17:20:49,2021-04-05 17:41:50,Grand Army Plaza & Central Park S,6839,W 100 St & Manhattan Ave,7538,40.764397,-73.973714,40.795,-73.9645,member
579225,EF24BCA50B0B13E8,docked_bike,2021-04-28 15:00:31,2021-04-28 15:59:37,Grand Army Plaza & Central Park S,6839,W 100 St & Manhattan Ave,7538,40.764397,-73.973714,40.795,-73.9645,casual
579232,8683A22011A99EFF,docked_bike,2021-04-13 12:15:30,2021-04-13 12:26:51,E 95 St & 3 Ave,7365,W 100 St & Manhattan Ave,7538,40.784903,-73.950503,40.795,-73.9645,member
579236,8229ECFAD50E62C7,docked_bike,2021-04-10 21:16:08,2021-04-10 21:27:58,E 95 St & 3 Ave,7365,W 100 St & Manhattan Ave,7538,40.784903,-73.950503,40.795,-73.9645,member
579241,4DE5297A5D26BC6F,docked_bike,2021-04-04 18:19:48,2021-04-04 18:31:53,3 Ave & E 71 St,6960,W 100 St & Manhattan Ave,7538,40.768736,-73.961199,40.795,-73.9645,member
579242,184564E0A32C975B,docked_bike,2021-04-20 21:11:07,2021-04-20 21:23:57,Columbus Ave & W 72 St,7175,W 100 St & Manhattan Ave,7538,40.777057,-73.978984,40.795,-73.9645,casual
579245,5FAE347D180F16B0,docked_bike,2021-04-26 09:31:20,2021-04-26 10:05:20,E 23 St & 1 Ave,5929,W 100 St & Manhattan Ave,7538,40.736502,-73.978094,40.795,-73.9645,member
579246,3117AC77855F9C7E,docked_bike,2021-04-04 13:25:48,2021-04-04 13:53:10,Riverside Dr & W 82 St,7388,W 100 St & Manhattan Ave,7538,40.787208,-73.981281,40.795,-73.9645,member
579251,ADF62A3314EF057B,docked_bike,2021-04-01 16:53:51,2021-04-01 17:06:48,Riverside Dr & W 104 St,7623,W 100 St & Manhattan Ave,7538,40.801343,-73.971145,40.795,-73.9645,casual
579257,17CD3586E32C2E89,docked_bike,2021-04-09 19:02:20,2021-04-09 19:08:59,Riverside Dr & W 104 St,7623,W 100 St & Manhattan Ave,7538,40.801343,-73.971145,40.795,-73.9645,member
579259,0774FB76EB14CB85,docked_bike,2021-04-17 16:31:24,2021-04-17 16:38:21,Riverside Dr & W 104 St,7623,W 100 St & Manhattan Ave,7538,40.801343,-73.971145,40.795,-73.9645,member
579261,CA8602F4B0AAC618,docked_bike,2021-04-26 18:48:20,2021-04-26 18:53:40,Riverside Dr & W 104 St,7623,W 100 St & Manhattan Ave,7538,40.801343,-73.971145,40.795,-73.9645,casual
579264,820F14A18DF32039,docked_bike,2021-04-05 12:36:38,2021-04-05 12:41:59,Riverside Dr & W 104 St,7623,W 100 St & Manhattan Ave,7538,40.801343,-73.971145,40.795,-73.9645,casual
579266,3F70AA7C7E7A4308,docked_bike,2021-04-03 14:19:38,2021-04-03 14:28:51,Columbus Ave & W 72 St,7175,W 100 St & Manhattan Ave,7538,40.777057,-73.978984,40.795,-73.9645,member
579267,557BE8D4B5422956,docked_bike,2021-04-17 12:17:06,2021-04-17 12:25:21,Riverside Dr & W 104 St,7623,W 100 St & Manhattan Ave,7538,40.801343,-73.971145,40.795,-73.9645,member
579274,173A1204EA62FF49,docked_bike,2021-04-25 12:39:07,2021-04-25 12:48:53,Riverside Dr & W 82 St,7388,W 100 St & Manhattan Ave,7538,40.787208,-73.981281,40.795,-73.9645,member
579283,4148D9BB878D9387,docked_bike,2021-04-07 14:31:56,2021-04-07 15:16:23,Columbus Ave & W 72 St,7175,W 100 St & Manhattan Ave,7538,40.777057,-73.978984,40.795,-73.9645,member
579298,40D9A72937A9E7E0,docked_bike,2021-04-10 11:26:15,2021-04-10 11:36:49,St. Nicholas Ave & W 126 St,7756,W 100 St & Manhattan Ave,7538,40.811432,-73.951877,40.795,-73.9645,casual
579299,8EFEB0064BD90FE4,docked_bike,2021-04-16 19:56:29,2021-04-16 20:21:27,E 63 St & 3 Ave,6830,W 100 St & Manhattan Ave,7538,40.763954,-73.9646,40.795,-73.9645,member
579303,874387073F433D7A,docked_bike,2021-04-13 17:01:06,2021-04-13 17:10:54,5 Ave & E 103 St,7511,W 100 St & Manhattan Ave,7538,40.792255,-73.952499,40.795,-73.9645,member
579304,56000D215FB7862E,docked_bike,2021-04-22 13:41:51,2021-04-22 13:42:15,5 Ave & E 103 St,7511,W 100 St & Manhattan Ave,7538,40.792255,-73.952499,40.795,-73.9645,member
579321,EB3C6559A2782DF3,docked_bike,2021-04-05 17:49:44,2021-04-05 18:13:24,Grand Army Plaza & Central Park S,6839,W 100 St & Manhattan Ave,7538,40.764397,-73.973714,40.795,-73.9645,member
579336,EDCCE8370B0C216D,docked_bike,2021-04-26 15:38:39,2021-04-26 16:10:08,Grand Army Plaza & Central Park S,6839,W 100 St & Manhattan Ave,7538,40.764397,-73.973715,40.795,-73.9645,casual
579340,3BAC6997E0E092D3,docked_bike,2021-04-24 17:08:57,2021-04-24 17:25:14,Grand Army Plaza & Central Park S,6839,W 100 St & Manhattan Ave,7538,40.764397,-73.973714,40.795,-73.9645,casual
579408,662E2A7E07149718,docked_bike,2021-04-11 16:07:01,2021-04-11 16:13:24,W 82 St & Central Park West,7304,W 100 St & Manhattan Ave,7538,40.78275,-73.97137,40.795,-73.9645,member
579415,64B7E557686751E4,docked_bike,2021-04-08 17:41:25,2021-04-08 18:07:08,W 41 St & 8 Ave,6602,W 100 St & Manhattan Ave,7538,40.756405,-73.990026,40.795,-73.9645,member
579416,39AB7F28E1E5CB78,docked_bike,2021-04-02 08:27:13,2021-04-02 08:35:59,Riverside Dr & W 91 St,7524,W 100 St & Manhattan Ave,7538,40.793134,-73.977003,40.795,-73.9645,member
579420,6636E0CD2D14C2EE,docked_bike,2021-04-27 22:37:47,2021-04-27 23:01:16,W 41 St & 8 Ave,6602,W 100 St & Manhattan Ave,7538,40.756405,-73.990026,40.795,-73.9645,member
579423,E73C28BBE3904C0A,docked_bike,2021-04-16 14:55:23,2021-04-16 15:10:38,Edgecombe Ave & W 145 St,7976,W 100 St & Manhattan Ave,7538,40.823498,-73.94386,40.795,-73.9645,member
579429,E665DB2817AEAC50,docked_bike,2021-04-18 12:37:38,2021-04-18 13:07:33,Central Park W & W 97 St,7538,W 100 St & Manhattan Ave,7538,40.792495,-73.96417,40.795,-73.9645,member
579430,9B6C032384129564,docked_bike,2021-04-10 09:55:52,2021-04-10 10:15:46,8 Ave & W 38 St,6526,W 100 St & Manhattan Ave,7538,40.75461,-73.99177,40.795,-73.9645,member
579431,AA5A2DA222E3013B,docked_bike,2021-04-04 17:06:01,2021-04-04 17:18:37,Central Park W & W 97 St,7538,W 84 St & Broadway,7409,40.792495,-73.96417,40.7867947,-73.977112,member
579434,27053C0C91D242F6,docked_bike,2021-04-23 16:41:33,2021-04-23 17:25:49,Central Park W & W 97 St,7538,W 100 St & Manhattan Ave,7538,40.792495,-73.96417,40.795,-73.9645,member
579435,91ADBCA5EB681427,docked_bike,2021-04-23 10:49:59,2021-04-23 11:00:59,Central Park W & W 97 St,7538,W 84 St & Broadway,7409,40.792495,-73.96417,40.7867947,-73.977112,member
579436,E2D0EA3787BC2CAA,docked_bike,2021-04-23 19:58:01,2021-04-23 20:09:42,Central Park W & W 97 St,7538,W 84 St & Broadway,7409,40.792495,-73.96417,40.7867947,-73.977112,member
579437,80AF3246B1F6913D,docked_bike,2021-04-28 18:55:17,2021-04-28 19:25:43,Central Park W & W 97 St,7538,W 100 St & Manhattan Ave,7538,40.792495,-73.96417,40.795,-73.9645,member
579438,38E8D32FA09B1274,docked_bike,2021-04-28 11:23:01,2021-04-28 11:31:12,Central Park W & W 97 St,7538,Lenox Ave & W 115 St,7627,40.792495,-73.96417,40.8011939,-73.9500739,member
579439,235B0CFD7547BA74,docked_bike,2021-04-05 17:05:38,2021-04-05 17:46:16,Central Park W & W 97 St,7538,E 7 St & Avenue A,5626,40.792495,-73.96417,40.72621788,-73.98379855,member
579442,A638BCAFC07AD9C3,docked_bike,2021-04-17 17:43:08,2021-04-17 18:02:54,W 53 St & 10 Ave,6890,W 100 St & Manhattan Ave,7538,40.766696,-73.990617,40.795,-73.9645,member
579464,A458396AC2184D6C,docked_bike,2021-04-19 14:51:44,2021-04-19 14:54:57,W 107 St & Columbus Ave,7619,W 100 St & Manhattan Ave,7538,40.799756,-73.962112,40.795,-73.9645,member
579471,6995655740478B3C,docked_bike,2021-04-16 01:18:19,2021-04-16 01:28:09,Central Park West & W 76 St,7253,W 100 St & Manhattan Ave,7538,40.778967,-73.973747,40.795,-73.9645,member
579472,014E10305004205A,docked_bike,2021-04-09 14:37:28,2021-04-09 14:46:49,Central Park West & W 76 St,7253,W 100 St & Manhattan Ave,7538,40.778967,-73.973747,40.795,-73.9645,member
579473,07F9F59C2E305C49,docked_bike,2021-04-13 20:08:04,2021-04-13 20:15:29,Central Park West & W 76 St,7253,W 100 St & Manhattan Ave,7538,40.778967,-73.973747,40.795,-73.9645,member
579475,62189806A4EFA1D2,docked_bike,2021-04-21 17:15:54,2021-04-21 17:27:23,Central Park West & W 76 St,7253,W 100 St & Manhattan Ave,7538,40.778967,-73.973747,40.795,-73.9645,member
579481,D6BB0732CEABCC53,docked_bike,2021-04-06 00:59:13,2021-04-06 01:08:10,Central Park West & W 76 St,7253,W 100 St & Manhattan Ave,7538,40.778968,-73.973747,40.795,-73.9645,member
579495,22144FDF8011B1DB,docked_bike,2021-04-08 14:21:23,2021-04-08 14:30:13,W 113 St & Broadway,7713,W 100 St & Manhattan Ave,7538,40.805973,-73.964928,40.795,-73.9645,member
579502,D7DED332055DEA82,docked_bike,2021-04-30 20:23:55,2021-04-30 21:01:12,Lexington Ave & E 24 St,6089,W 100 St & Manhattan Ave,7538,40.740258,-73.984092,40.795,-73.9645,casual
579512,82DB6DC3BB7DEC7E,docked_bike,2021-04-04 16:03:28,2021-04-04 16:46:01,W 116 St & Amsterdam Ave,7692,W 100 St & Manhattan Ave,7538,40.806758,-73.960708,40.795,-73.9645,member
579513,59F462DF42EC4E26,docked_bike,2021-04-04 11:33:39,2021-04-04 11:37:48,W 110 St & Amsterdam Ave,7646,W 100 St & Manhattan Ave,7538,40.802692,-73.96295,40.795,-73.9645,member
579532,15B53139B6E9649A,docked_bike,2021-04-23 10:53:09,2021-04-23 11:02:32,W 113 St & Broadway,7713,W 100 St & Manhattan Ave,7538,40.805973,-73.964928,40.795,-73.9645,member
579537,C1356D642BED11F4,docked_bike,2021-04-12 11:05:13,2021-04-12 11:13:39,W 113 St & Broadway,7713,W 100 St & Manhattan Ave,7538,40.805973,-73.964928,40.795,-73.9645,member
579538,9E10343E2325A13B,docked_bike,2021-04-26 17:10:59,2021-04-26 17:16:26,W 113 St & Broadway,7713,W 100 St & Manhattan Ave,7538,40.805973,-73.964928,40.795,-73.9645,member
579546,FEDD764522579AE3,docked_bike,2021-04-06 20:35:47,2021-04-06 20:44:05,W 113 St & Broadway,7713,W 100 St & Manhattan Ave,7538,40.805973,-73.964928,40.795,-73.9645,member
579557,965A220A83D03280,docked_bike,2021-04-21 16:08:41,2021-04-21 16:16:50,Lenox Ave & W 117 St,7655,W 100 St & Manhattan Ave,7538,40.802557,-73.949078,40.795,-73.9645,member
579579,47414E85167BDCBE,docked_bike,2021-04-12 13:35:43,2021-04-12 13:41:32,W 82 St & Central Park West,7304,W 100 St & Manhattan Ave,7538,40.78275,-73.97137,40.795,-73.9645,member
579581,A22BD1097885CEE2,docked_bike,2021-04-25 17:50:08,2021-04-25 17:54:53,W 82 St & Central Park West,7304,W 100 St & Manhattan Ave,7538,40.78275,-73.97137,40.795,-73.9645,casual
579590,EDA5F06FD483F458,docked_bike,2021-04-24 15:23:31,2021-04-24 15:33:03,W 82 St & Central Park West,7304,W 100 St & Manhattan Ave,7538,40.78275,-73.97137,40.795,-73.9645,member
579602,6AA711134F104239,docked_bike,2021-04-07 09:24:32,2021-04-07 09:31:47,W 113 St & Broadway,7713,W 100 St & Manhattan Ave,7538,40.805973,-73.964928,40.795,-73.9645,casual
579604,FB54571A6B3DFFB6,docked_bike,2021-04-27 17:31:01,2021-04-27 17:39:34,W 113 St & Broadway,7713,W 100 St & Manhattan Ave,7538,40.805973,-73.964928,40.795,-73.9645,member
579607,8E4F8BFF26BA996A,docked_bike,2021-04-22 17:11:01,2021-04-22 17:16:45,Morningside Ave & W 123 St,7741,W 100 St & Manhattan Ave,7538,40.81,-73.955151,40.795,-73.9645,member
579609,B689229375F93E2B,docked_bike,2021-04-21 06:50:36,2021-04-21 06:55:31,W 113 St & Broadway,7713,W 100 St & Manhattan Ave,7538,40.805973,-73.964928,40.795,-73.9645,member
579615,B161145DF5E87064,docked_bike,2021-04-13 19:36:59,2021-04-13 19:40:41,W 110 St & Amsterdam Ave,7646,W 100 St & Manhattan Ave,7538,40.802692,-73.96295,40.795,-73.9645,member
579616,183F76D78F8B5216,docked_bike,2021-04-16 18:10:32,2021-04-16 18:13:46,W 110 St & Amsterdam Ave,7646,W 100 St & Manhattan Ave,7538,40.802692,-73.96295,40.795,-73.9645,member
579617,516BB8CEEF6540DD,docked_bike,2021-04-20 19:09:26,2021-04-20 19:13:36,W 110 St & Amsterdam Ave,7646,W 100 St & Manhattan Ave,7538,40.802692,-73.96295,40.795,-73.9645,member
579640,31D91ABA92B9D946,docked_bike,2021-04-20 12:31:17,2021-04-20 12:48:55,W 41 St & 8 Ave,6602,W 100 St & Manhattan Ave,7538,40.756405,-73.990026,40.795,-73.9645,member
579641,E80620A2DF231616,docked_bike,2021-04-08 22:16:22,2021-04-08 22:40:51,W 41 St & 8 Ave,6602,W 100 St & Manhattan Ave,7538,40.756405,-73.990026,40.795,-73.9645,casual
579642,ECCF1F07BB8D6F0F,docked_bike,2021-04-03 14:38:02,2021-04-03 15:13:29,8 Ave & W 27 St,6297,W 100 St & Manhattan Ave,7538,40.747968,-73.996637,40.795,-73.9645,member
579648,4C0733342E1EFA8A,docked_bike,2021-04-22 17:33:33,2021-04-22 18:05:36,W 41 St & 8 Ave,6602,W 100 St & Manhattan Ave,7538,40.756405,-73.990026,40.795,-73.9645,member
579658,38A8FD2A85FEA5C1,docked_bike,2021-04-18 09:48:36,2021-04-18 10:28:37,W 82 St & Central Park West,7304,W 100 St & Manhattan Ave,7538,40.78275,-73.97137,40.795,-73.9645,member
579663,FAB322EED5C4CD28,docked_bike,2021-04-13 09:00:03,2021-04-13 09:08:39,W 82 St & Central Park West,7304,W 100 St & Manhattan Ave,7538,40.78275,-73.97137,40.795,-73.9645,member
579673,CECE0840B7CDCE86,docked_bike,2021-04-01 16:53:01,2021-04-01 16:58:49,W 113 St & Broadway,7713,W 100 St & Manhattan Ave,7538,40.805973,-73.964928,40.795,-73.9645,member
579683,10902DF7D2F03456,docked_bike,2021-04-20 22:49:34,2021-04-20 23:02:02,W 113 St & Broadway,7713,W 100 St & Manhattan Ave,7538,40.805973,-73.964928,40.795,-73.9645,casual
579689,B1AD612A2E931BA9,docked_bike,2021-04-18 19:25:40,2021-04-18 19:44:51,W 54 St & 11 Ave,6955,W 100 St & Manhattan Ave,7538,40.768333,-73.992573,40.795,-73.9645,member
579692,3CBE94BC57DFD458,docked_bike,2021-04-04 14:48:13,2021-04-04 15:24:34,W 171 St & St. Nicholas Ave,8262,W 100 St & Manhattan Ave,7538,40.842941,-73.938631,40.795,-73.9645,member
579722,38D56D7CE797F5AB,docked_bike,2021-04-08 17:23:50,2021-04-08 17:39:03,E 118 St & Madison Ave,7640,W 100 St & Manhattan Ave,7538,40.801486,-73.94425,40.795,-73.9645,member
579729,4BD07652453F4FE3,docked_bike,2021-04-04 14:49:58,2021-04-04 15:24:36,5 Ave & E 72 St,7100,W 100 St & Manhattan Ave,7538,40.772828,-73.966852,40.795,-73.9645,casual
579732,954B2D617BC63727,docked_bike,2021-04-19 15:07:40,2021-04-19 16:58:03,Adam Clayton Powell Blvd & W 138 St,7855,W 100 St & Manhattan Ave,7538,40.816959,-73.942295,40.795,-73.9645,casual
579736,0D3F2A4F028CB7CA,docked_bike,2021-04-15 17:46:29,2021-04-15 17:58:33,E 118 St & Madison Ave,7640,W 100 St & Manhattan Ave,7538,40.801486,-73.94425,40.795,-73.9645,casual
579751,881B48617748B802,docked_bike,2021-04-16 17:09:51,2021-04-16 17:26:19,E 68 St & Madison Ave,6932,W 100 St & Manhattan Ave,7538,40.769157,-73.967034,40.795,-73.9645,casual
579753,7DB1ECC267942965,docked_bike,2021-04-05 09:29:27,2021-04-05 09:41:13,Madison Ave & E 99 St,7443,W 100 St & Manhattan Ave,7538,40.789485,-73.952429,40.795,-73.9645,member
579757,28D3F3425D8DBBFC,docked_bike,2021-04-05 14:39:41,2021-04-05 14:49:59,5 Ave & E 72 St,7100,W 100 St & Manhattan Ave,7538,40.772828,-73.966853,40.795,-73.9645,member
579765,0E57C846C0C18624,docked_bike,2021-04-07 13:58:37,2021-04-07 14:17:01,5 Ave & E 72 St,7100,W 100 St & Manhattan Ave,7538,40.772828,-73.966852,40.795,-73.9645,casual
579771,1DB8C105B19C245B,docked_bike,2021-04-17 14:01:06,2021-04-17 14:11:25,E 91 St & Park Ave,7344,W 100 St & Manhattan Ave,7538,40.783501,-73.955327,40.795,-73.9645,member
579773,798710D43FB5CE94,docked_bike,2021-04-05 17:54:36,2021-04-05 18:11:13,5 Ave & E 72 St,7100,W 100 St & Manhattan Ave,7538,40.772828,-73.966852,40.795,-73.9645,member
579774,D66F8C689C30DD0E,docked_bike,2021-04-04 14:53:28,2021-04-04 15:24:38,5 Ave & E 72 St,7100,W 100 St & Manhattan Ave,7538,40.772828,-73.966852,40.795,-73.9645,casual
579776,4300890FB9CCBDE0,docked_bike,2021-04-02 08:08:58,2021-04-02 08:15:05,Madison Ave & E 99 St,7443,W 100 St & Manhattan Ave,7538,40.789485,-73.952429,40.795,-73.9645,member
579777,D77630FC8DA98285,docked_bike,2021-04-06 08:18:48,2021-04-06 08:25:58,Madison Ave & E 99 St,7443,W 100 St & Manhattan Ave,7538,40.789485,-73.952429,40.795,-73.9645,member
579785,38353C7A9655DE8B,docked_bike,2021-04-20 13:36:47,2021-04-20 14:01:17,5 Ave & E 72 St,7100,W 100 St & Manhattan Ave,7538,40.772828,-73.966852,40.795,-73.9645,member
579791,289444D3DB1B56DB,docked_bike,2021-04-15 08:23:58,2021-04-15 08:36:56,Adam Clayton Powell Blvd & W 138 St,7855,W 100 St & Manhattan Ave,7538,40.816959,-73.942295,40.795,-73.9645,member
579796,E8DA6FA8F77C11D7,docked_bike,2021-04-19 15:24:53,2021-04-19 15:54:24,5 Ave & E 72 St,7100,W 100 St & Manhattan Ave,7538,40.772828,-73.966852,40.795,-73.9645,casual
579801,CCF813316DFFDB37,docked_bike,2021-04-18 12:58:29,2021-04-18 13:18:12,5 Ave & E 72 St,7100,W 100 St & Manhattan Ave,7538,40.772828,-73.966852,40.795,-73.9645,member
579808,0A0FCBDA525831E4,docked_bike,2021-04-19 10:12:27,2021-04-19 10:52:46,Riverside Dr & W 91 St,7524,W 100 St & Manhattan Ave,7538,40.793134,-73.977003,40.795,-73.9645,member
579812,6234A44BA30EA12F,docked_bike,2021-04-26 18:43:09,2021-04-26 18:56:43,E 91 St & Park Ave,7344,W 100 St & Manhattan Ave,7538,40.783501,-73.955327,40.795,-73.9645,member
579818,B5403BF2253A0856,docked_bike,2021-04-01 08:12:35,2021-04-01 08:18:40,Madison Ave & E 99 St,7443,W 100 St & Manhattan Ave,7538,40.789485,-73.952429,40.795,-73.9645,member
579820,7B573775A2511213,docked_bike,2021-04-26 14:43:19,2021-04-26 15:12:36,Crescent St & 34 Ave,6759,W 100 St & Manhattan Ave,7538,40.76108,-73.930562,40.795,-73.9645,casual
579821,0D4CA785F8B7EE88,docked_bike,2021-04-24 11:43:33,2021-04-24 12:19:57,Delancey St & Eldridge St,5414,W 100 St & Manhattan Ave,7538,40.719383,-73.991479,40.795,-73.9645,member
579824,145ADE58C94ADDF0,docked_bike,2021-04-10 19:37:47,2021-04-10 20:04:57,5 Ave & E 72 St,7100,W 100 St & Manhattan Ave,7538,40.772828,-73.966852,40.795,-73.9645,member
579830,44E1403C985D48C0,docked_bike,2021-04-27 15:21:27,2021-04-27 15:39:07,5 Ave & E 72 St,7100,W 100 St & Manhattan Ave,7538,40.772828,-73.966852,40.795,-73.9645,member
579831,1835AB93A7FE19A4,docked_bike,2021-04-28 21:54:30,2021-04-28 22:01:11,E 91 St & Park Ave,7344,W 100 St & Manhattan Ave,7538,40.783501,-73.955327,40.795,-73.9645,member
579834,4F2C25E0404F3A1B,docked_bike,2021-04-20 13:57:52,2021-04-20 14:12:01,5 Ave & E 72 St,7100,W 100 St & Manhattan Ave,7538,40.772828,-73.966852,40.795,-73.9645,member
579839,1763CBE43E6F8AE4,docked_bike,2021-04-09 18:27:32,2021-04-09 18:37:19,Madison Ave & E 99 St,7443,W 100 St & Manhattan Ave,7538,40.789485,-73.952429,40.795,-73.9645,member
579840,8BB125BDA5360111,docked_bike,2021-04-04 14:57:18,2021-04-04 15:24:51,5 Ave & E 72 St,7100,W 100 St & Manhattan Ave,7538,40.772828,-73.966852,40.795,-73.9645,casual
579842,3F3155FE28F77483,docked_bike,2021-04-06 15:35:13,2021-04-06 16:08:08,5 Ave & E 72 St,7100,W 100 St & Manhattan Ave,7538,40.772828,-73.966852,40.795,-73.9645,member
579843,49A8EC156E101BE4,docked_bike,2021-04-16 15:46:52,2021-04-16 15:59:25,5 Ave & E 72 St,7100,W 100 St & Manhattan Ave,7538,40.772828,-73.966852,40.795,-73.9645,member
579846,B55817AFF339CD4C,docked_bike,2021-04-25 19:35:03,2021-04-25 19:41:11,Madison Ave & E 99 St,7443,W 100 St & Manhattan Ave,7538,40.789485,-73.952429,40.795,-73.9645,member
579852,E77F6022C9D3F65F,docked_bike,2021-04-08 11:51:54,2021-04-08 11:59:17,Madison Ave & E 99 St,7443,W 100 St & Manhattan Ave,7538,40.789485,-73.952429,40.795,-73.9645,casual
579855,C987BA73C3BD790D,docked_bike,2021-04-15 20:15:53,2021-04-15 20:20:39,Madison Ave & E 99 St,7443,W 100 St & Manhattan Ave,7538,40.789485,-73.952429,40.795,-73.9645,member
579856,638AD8658CDAB726,docked_bike,2021-04-02 07:50:04,2021-04-02 07:56:21,Madison Ave & E 99 St,7443,W 100 St & Manhattan Ave,7538,40.789485,-73.952429,40.795,-73.9645,member
579882,8749406FE145BD8B,docked_bike,2021-04-13 17:49:37,2021-04-13 18:25:21,5 Ave & E 72 St,7100,W 100 St & Manhattan Ave,7538,40.772828,-73.966852,40.795,-73.9645,member
579886,A61BFA022E168E31,docked_bike,2021-04-19 15:24:44,2021-04-19 15:54:36,5 Ave & E 72 St,7100,W 100 St & Manhattan Ave,7538,40.772828,-73.966852,40.795,-73.9645,casual
579889,C5C18574C120563B,docked_bike,2021-04-06 17:52:04,2021-04-06 18:04:40,5 Ave & E 72 St,7100,W 100 St & Manhattan Ave,7538,40.772828,-73.966852,40.795,-73.9645,member
579892,9BA81C3C80E9AD37,docked_bike,2021-04-16 15:09:58,2021-04-16 15:26:45,5 Ave & E 72 St,7100,W 100 St & Manhattan Ave,7538,40.772828,-73.966852,40.795,-73.9645,member
579896,855ED9ADE201A60F,docked_bike,2021-04-06 13:02:57,2021-04-06 13:08:52,Madison Ave & E 99 St,7443,W 100 St & Manhattan Ave,7538,40.789485,-73.952429,40.795,-73.9645,member
579912,163BC793954DDC34,docked_bike,2021-04-16 17:08:31,2021-04-16 17:26:57,E 68 St & Madison Ave,6932,W 100 St & Manhattan Ave,7538,40.769157,-73.967034,40.795,-73.9645,casual
579922,9052A012F77A8289,docked_bike,2021-04-30 18:44:56,2021-04-30 18:51:52,Madison Ave & E 99 St,7443,W 100 St & Manhattan Ave,7538,40.789485,-73.952429,40.795,-73.9645,member
579926,C6545C4DF5371188,docked_bike,2021-04-08 14:30:38,2021-04-08 14:45:57,5 Ave & E 72 St,7100,W 100 St & Manhattan Ave,7538,40.772828,-73.966852,40.795,-73.9645,member
579932,DB3122DB8EE9526D,docked_bike,2021-04-13 15:48:15,2021-04-13 16:02:50,E 91 St & Park Ave,7344,W 100 St & Manhattan Ave,7538,40.783501,-73.955327,40.795,-73.9645,member
579935,4952A43EF0A4FFC2,docked_bike,2021-04-05 18:02:03,2021-04-05 18:43:37,8 Ave & W 52 St,6816,W 100 St & Manhattan Ave,7538,40.763707,-73.985161,40.795,-73.9645,casual
579939,417E5E40BBB8C26A,docked_bike,2021-04-20 17:30:13,2021-04-20 17:44:22,8 Ave & W 52 St,6816,W 100 St & Manhattan Ave,7538,40.763707,-73.985161,40.795,-73.9645,member
579941,E8A106843095E374,docked_bike,2021-04-23 10:45:04,2021-04-23 11:30:46,Columbus Ave & W 95 St,7520,W 100 St & Manhattan Ave,7538,40.791955,-73.968087,40.795,-73.9645,member
579953,691F70FD116D2F91,docked_bike,2021-04-04 14:21:19,2021-04-04 14:42:14,Columbus Ave & W 95 St,7520,W 100 St & Manhattan Ave,7538,40.791955,-73.968087,40.795,-73.9645,member
579961,C26EE9ABE3CA024C,docked_bike,2021-04-27 09:45:01,2021-04-27 09:59:19,8 Ave & W 52 St,6816,W 100 St & Manhattan Ave,7538,40.763707,-73.985161,40.795,-73.9645,member
579965,11C888A75A5C4E6D,docked_bike,2021-04-17 10:30:32,2021-04-17 11:05:04,E 11 St & 1 Ave,5746,W 100 St & Manhattan Ave,7538,40.729538,-73.984267,40.795,-73.9645,member
579976,5C30B0092EED2E96,docked_bike,2021-04-11 08:48:47,2021-04-11 09:01:46,E 76 St & Park Ave,7128,W 100 St & Manhattan Ave,7538,40.773763,-73.96222,40.795,-73.9645,member
579978,4CF318E58D18302F,docked_bike,2021-04-15 15:09:42,2021-04-15 15:22:10,Edgecombe Ave & W 141 St,7915,W 100 St & Manhattan Ave,7538,40.820681,-73.945144,40.795,-73.9645,member
579979,092FA2D8ABCB769B,docked_bike,2021-04-06 15:10:15,2021-04-06 15:21:04,Edgecombe Ave & W 141 St,7915,W 100 St & Manhattan Ave,7538,40.820681,-73.945144,40.795,-73.9645,member
579983,9C234E9E222A3953,docked_bike,2021-04-24 08:08:31,2021-04-24 08:23:05,E 149 St & Park Ave,7884,W 100 St & Manhattan Ave,7538,40.818154,-73.925294,40.795,-73.9645,member
580003,46D91EC1FB05CAC0,docked_bike,2021-04-04 17:26:33,2021-04-04 17:40:47,E 76 St & Park Ave,7128,W 100 St & Manhattan Ave,7538,40.773763,-73.96222,40.795,-73.9645,member
580006,F1F622561D19EF1C,docked_bike,2021-04-13 17:48:56,2021-04-13 18:08:52,W 41 St & 8 Ave,6602,W 100 St & Manhattan Ave,7538,40.756405,-73.990026,40.795,-73.9645,member
580008,FBCAEC83177000E1,docked_bike,2021-04-06 16:50:22,2021-04-06 17:11:30,E 50 St & Park Ave,6659,W 100 St & Manhattan Ave,7538,40.757334,-73.974235,40.795,-73.9645,member
580010,E8262868703643D6,docked_bike,2021-04-10 17:13:12,2021-04-10 17:30:39,E 76 St & Park Ave,7128,W 100 St & Manhattan Ave,7538,40.773763,-73.96222,40.795,-73.9645,casual
580019,2422F148136E75C6,docked_bike,2021-04-10 23:41:01,2021-04-11 00:14:20,Lexington Ave & E 26 St,6089,W 100 St & Manhattan Ave,7538,40.741459,-73.983293,40.795,-73.9645,member
580030,17A0F479472AD02C,docked_bike,2021-04-17 14:00:28,2021-04-17 14:11:29,E 91 St & Park Ave,7344,W 100 St & Manhattan Ave,7538,40.783501,-73.955327,40.795,-73.9645,member
580035,5E8E29D6E9181362,docked_bike,2021-04-21 18:49:47,2021-04-21 19:00:45,5 Ave & E 72 St,7100,W 100 St & Manhattan Ave,7538,40.772828,-73.966852,40.795,-73.9645,member
580081,31353365032096B1,docked_bike,2021-04-28 19:05:40,2021-04-28 19:11:57,St Nicholas Ave & Manhattan Ave,7723,W 100 St & Manhattan Ave,7538,40.809725,-73.953149,40.795,-73.9645,member
580090,DE6D899082C4D5EA,docked_bike,2021-04-25 14:27:26,2021-04-25 14:33:03,West End Ave & W 94 St,7524,W 100 St & Manhattan Ave,7538,40.794165,-73.974124,40.795,-73.9645,member
580091,15FAD798A63038FC,docked_bike,2021-04-05 00:04:14,2021-04-05 00:08:09,West End Ave & W 94 St,7524,W 100 St & Manhattan Ave,7538,40.794165,-73.974124,40.795,-73.9645,member
580092,0286841C88996FAC,docked_bike,2021-04-24 23:51:22,2021-04-24 23:55:23,West End Ave & W 94 St,7524,W 100 St & Manhattan Ave,7538,40.794165,-73.974124,40.795,-73.9645,member
580093,2C13E46A4229A1E0,docked_bike,2021-04-11 00:07:08,2021-04-11 00:12:30,West End Ave & W 94 St,7524,W 100 St & Manhattan Ave,7538,40.794165,-73.974124,40.795,-73.9645,member
580096,D61A8BB974BCA9D8,docked_bike,2021-04-10 18:27:19,2021-04-10 18:41:29,West End Ave & W 94 St,7524,W 100 St & Manhattan Ave,7538,40.794165,-73.974124,40.795,-73.9645,member
580109,2AEE721B54B88944,docked_bike,2021-04-18 17:54:02,2021-04-18 18:31:12,E 55 St & 2 Ave,6650,W 100 St & Manhattan Ave,7538,40.757973,-73.966033,40.795,-73.9645,casual
580141,B8671F81FF2B7DF0,docked_bike,2021-04-28 17:45:40,2021-04-28 18:15:31,W 49 St & 8 Ave,6747,W 100 St & Manhattan Ave,7538,40.762272,-73.987882,40.795,-73.9645,casual
580152,C5B60D64D83C6262,docked_bike,2021-04-03 01:26:49,2021-04-03 01:39:59,Broadway & W 60 St,6948,W 100 St & Manhattan Ave,7538,40.769155,-73.981918,40.795,-73.9645,member
580154,D33D350C694EED74,docked_bike,2021-04-18 17:54:20,2021-04-18 18:31:16,E 55 St & 2 Ave,6650,W 100 St & Manhattan Ave,7538,40.757973,-73.966033,40.795,-73.9645,casual
580158,B119E2D06D7E6A5B,docked_bike,2021-04-28 17:24:00,2021-04-28 17:40:09,Broadway & W 60 St,6948,W 100 St & Manhattan Ave,7538,40.769155,-73.981918,40.795,-73.9645,member
580182,81213D2FDF7FBC1F,docked_bike,2021-04-28 19:17:35,2021-04-28 19:44:03,E 81 St & 3 Ave,7154,W 100 St & Manhattan Ave,7538,40.77573,-73.956752,40.795,-73.9645,casual
580188,5C2CEEB46A69CD27,docked_bike,2021-04-22 10:55:13,2021-04-22 11:06:59,E 81 St & 3 Ave,7154,W 100 St & Manhattan Ave,7538,40.77573,-73.956752,40.795,-73.9645,member
580221,C566CA5F12AF1E22,docked_bike,2021-04-04 15:33:26,2021-04-04 15:52:02,E 84 St & Park Ave,7243,W 100 St & Manhattan Ave,7538,40.778626,-73.95772,40.795,-73.9645,member
580232,FDAFD16688B48165,docked_bike,2021-04-06 17:45:04,2021-04-06 17:58:23,E 84 St & Park Ave,7243,W 100 St & Manhattan Ave,7538,40.778626,-73.95772,40.795,-73.9645,member
580245,4E009733C1041461,docked_bike,2021-04-09 17:10:10,2021-04-09 17:39:46,E 97 St & Madison Ave,7393,W 100 St & Manhattan Ave,7538,40.787801,-73.953559,40.795,-73.9645,casual
580253,CBF614E8D92178D6,docked_bike,2021-04-09 17:10:08,2021-04-09 17:41:06,E 97 St & Madison Ave,7393,W 100 St & Manhattan Ave,7538,40.787801,-73.953559,40.795,-73.9645,casual
580282,4719AB86743A5F24,docked_bike,2021-04-16 06:53:06,2021-04-16 07:26:18,E 2 St & 2 Ave,5593,W 100 St & Manhattan Ave,7538,40.725028,-73.990696,40.795,-73.9645,member
580290,3CAF542E7CCA33CE,docked_bike,2021-04-19 15:41:11,2021-04-19 15:50:29,E 97 St & Madison Ave,7393,W 100 St & Manhattan Ave,7538,40.787801,-73.953559,40.795,-73.9645,member
580305,8D40D5F7C1D91345,docked_bike,2021-04-15 08:36:57,2021-04-15 09:09:45,7 Ave & Central Park South,6912,W 100 St & Manhattan Ave,7538,40.76674,-73.979068,40.795,-73.9645,member
580310,43804DCDB424FDFA,docked_bike,2021-04-17 10:35:02,2021-04-17 10:50:14,7 Ave & Central Park South,6912,W 100 St & Manhattan Ave,7538,40.766741,-73.979069,40.795,-73.9645,member
580329,EED3473EA176384B,docked_bike,2021-04-04 14:49:02,2021-04-04 15:26:08,7 Ave & Central Park South,6912,W 100 St & Manhattan Ave,7538,40.76674,-73.979068,40.795,-73.9645,casual
580338,781276594F291691,docked_bike,2021-04-27 17:01:59,2021-04-27 17:17:47,7 Ave & Central Park South,6912,W 100 St & Manhattan Ave,7538,40.76674,-73.979068,40.795,-73.9645,member
580366,EC173DCC384E0D32,docked_bike,2021-04-10 18:08:41,2021-04-10 18:25:13,7 Ave & Central Park South,6912,W 100 St & Manhattan Ave,7538,40.76674,-73.979068,40.795,-73.9645,member
580378,76CE749E881BEEB0,docked_bike,2021-04-07 12:13:06,2021-04-07 12:39:59,E 58 St & 3 Ave,6762,W 100 St & Manhattan Ave,7538,40.760957,-73.967244,40.795,-73.9645,member
580382,76362211F5771978,docked_bike,2021-04-05 16:46:11,2021-04-05 19:47:03,Fulton St & Pearl St,5024,W 100 St & Manhattan Ave,7538,40.707721,-74.004386,40.795,-73.9645,member
580393,72CE6FB9CE0C847A,docked_bike,2021-04-10 20:54:38,2021-04-10 21:39:54,W 18 St & 6 Ave,6064,W 100 St & Manhattan Ave,7538,40.739713,-73.994564,40.795,-73.9645,member
580412,0CBD8FD83A3436A4,docked_bike,2021-04-26 18:12:13,2021-04-26 18:28:57,E 58 St & 3 Ave,6762,W 100 St & Manhattan Ave,7538,40.760957,-73.967244,40.795,-73.9645,casual
580419,A5BEC3595C0109D8,docked_bike,2021-04-30 19:20:25,2021-04-30 19:47:18,W 100 St & Broadway,7580,W 100 St & Manhattan Ave,7538,40.797372,-73.970411,40.795,-73.9645,member
580422,1DFF57EAB3AE2C18,docked_bike,2021-04-14 08:09:50,2021-04-14 08:13:05,W 100 St & Broadway,7580,W 100 St & Manhattan Ave,7538,40.797372,-73.970411,40.795,-73.9645,member
580424,DFE4BF3D6BAE9F60,docked_bike,2021-04-09 15:25:53,2021-04-09 15:28:57,W 100 St & Broadway,7580,W 100 St & Manhattan Ave,7538,40.797372,-73.970411,40.795,-73.9645,member
580426,879D8CFCDCB4AD68,docked_bike,2021-04-17 12:00:18,2021-04-17 12:03:14,W 100 St & Broadway,7580,W 100 St & Manhattan Ave,7538,40.797372,-73.970411,40.795,-73.9645,member
580428,3DAB3DB197D3654C,docked_bike,2021-04-27 14:35:32,2021-04-27 15:24:20,W 100 St & Broadway,7580,W 100 St & Manhattan Ave,7538,40.797372,-73.970411,40.795,-73.9645,member
580432,CFABD83A0A6145AD,docked_bike,2021-04-02 13:05:25,2021-04-02 13:07:43,W 100 St & Broadway,7580,W 100 St & Manhattan Ave,7538,40.797372,-73.970412,40.795,-73.9645,member
580433,3DCE693BF5E32EE5,docked_bike,2021-04-07 12:45:03,2021-04-07 12:49:29,W 100 St & Broadway,7580,W 100 St & Manhattan Ave,7538,40.797372,-73.970412,40.795,-73.9645,member
580442,9342CC86C802B3ED,docked_bike,2021-04-05 15:44:59,2021-04-05 15:49:52,W 100 St & Broadway,7580,W 100 St & Manhattan Ave,7538,40.797372,-73.970412,40.795,-73.9645,member
580451,958D67C862FEF1A5,docked_bike,2021-04-27 20:56:08,2021-04-27 21:18:46,W 100 St & Broadway,7580,W 100 St & Manhattan Ave,7538,40.797372,-73.970411,40.795,-73.9645,member
580452,49983C3F54227358,docked_bike,2021-04-19 16:55:46,2021-04-19 16:58:35,W 100 St & Broadway,7580,W 100 St & Manhattan Ave,7538,40.797372,-73.970411,40.795,-73.9645,member
580458,B2A20E67BB255890,docked_bike,2021-04-07 13:21:51,2021-04-07 13:26:31,W 100 St & Broadway,7580,W 100 St & Manhattan Ave,7538,40.797372,-73.970411,40.795,-73.9645,member
580463,3025A6EA0D3B4C8C,docked_bike,2021-04-17 09:50:14,2021-04-17 09:56:47,W 100 St & Broadway,7580,W 100 St & Manhattan Ave,7538,40.797372,-73.970411,40.795,-73.9645,member
580466,6A0143C2195CEA94,docked_bike,2021-04-19 16:25:42,2021-04-19 16:28:32,W 100 St & Broadway,7580,W 100 St & Manhattan Ave,7538,40.797372,-73.970411,40.795,-73.9645,member
580470,11C281E7DB28E2BD,docked_bike,2021-04-16 13:03:22,2021-04-16 13:07:19,W 100 St & Broadway,7580,W 100 St & Manhattan Ave,7538,40.797372,-73.970411,40.795,-73.9645,member
580491,E66FEED647E1D46F,docked_bike,2021-04-03 17:41:35,2021-04-03 17:53:08,5 Ave & E 126 St,7701,W 100 St & Manhattan Ave,7538,40.80698,-73.941747,40.795,-73.9645,member
580506,A5BBBE5FD82639C8,docked_bike,2021-04-10 10:31:51,2021-04-10 10:51:20,Hamilton Pl & W 140 St,7959,W 100 St & Manhattan Ave,7538,40.822756,-73.951346,40.795,-73.9645,member
580526,E94A5BACB53B677A,docked_bike,2021-04-26 22:09:36,2021-04-26 23:04:27,E 6 St & Avenue B,5584,W 100 St & Manhattan Ave,7538,40.724537,-73.981854,40.795,-73.9645,member
580544,7506DEAB11CBA0C5,docked_bike,2021-04-30 16:13:32,2021-04-30 17:05:49,E 6 St & Avenue B,5584,W 100 St & Manhattan Ave,7538,40.724537,-73.981854,40.795,-73.9645,member
580573,F6016055D2C25A51,docked_bike,2021-04-03 18:30:08,2021-04-03 19:17:37,Clinton St & Grand St,5303,W 100 St & Manhattan Ave,7538,40.715595,-73.987029,40.795,-73.9645,member
580594,C3809139F9407CCF,docked_bike,2021-04-02 09:33:38,2021-04-02 10:00:28,W 46 St & 11 Ave,6795,W 100 St & Manhattan Ave,7538,40.763413,-73.996674,40.795,-73.9645,member
580628,496192AA2CAFD5EC,docked_bike,2021-04-18 16:24:58,2021-04-18 17:10:21,E 97 St & 3 Ave,7365,W 100 St & Manhattan Ave,7538,40.78592,-73.948602,40.795,-73.9645,casual
580633,F49871BBE2D43514,docked_bike,2021-04-25 23:54:02,2021-04-25 23:58:05,Cathedral Pkwy & Broadway,7680,W 100 St & Manhattan Ave,7538,40.804213,-73.966991,40.795,-73.9645,member
580634,94261CD2651B5437,docked_bike,2021-04-21 11:15:15,2021-04-21 11:24:28,Cathedral Pkwy & Broadway,7680,W 100 St & Manhattan Ave,7538,40.804213,-73.966991,40.795,-73.9645,member
580644,64BD327E43A866D3,docked_bike,2021-04-24 11:57:09,2021-04-24 12:09:34,Cathedral Pkwy & Broadway,7680,W 100 St & Manhattan Ave,7538,40.804213,-73.966991,40.795,-73.9645,casual
580656,FC2BA3C162DC8FB8,docked_bike,2021-04-26 17:47:54,2021-04-26 17:58:43,Cathedral Pkwy & Broadway,7680,W 100 St & Manhattan Ave,7538,40.804213,-73.966991,40.795,-73.9645,casual
580667,00AFFC9615859931,docked_bike,2021-04-21 10:36:45,2021-04-21 10:44:26,Cathedral Pkwy & Broadway,7680,W 100 St & Manhattan Ave,7538,40.804213,-73.966991,40.795,-73.9645,member
580683,E32587BD71F4FC81,docked_bike,2021-04-19 18:41:59,2021-04-19 19:02:15,5 Ave & E 72 St,7100,W 100 St & Manhattan Ave,7538,40.772828,-73.966852,40.795,-73.9645,member
580684,E9823A76E28404AF,docked_bike,2021-04-08 18:51:28,2021-04-08 19:04:48,E 91 St & Park Ave,7344,W 100 St & Manhattan Ave,7538,40.783501,-73.955327,40.795,-73.9645,casual
580693,CD186DA8CCA3ECBA,docked_bike,2021-04-09 15:44:56,2021-04-09 15:50:29,Central Park West & W 85 St,7354,W 100 St & Manhattan Ave,7538,40.78476,-73.969862,40.795,-73.9645,casual
580709,6516CD6333BCDA0D,docked_bike,2021-04-18 11:20:54,2021-04-18 11:26:24,Central Park West & W 85 St,7354,W 100 St & Manhattan Ave,7538,40.78476,-73.969862,40.795,-73.9645,member
580714,CBCB068E980AA259,docked_bike,2021-04-14 17:29:45,2021-04-14 17:35:47,Central Park West & W 85 St,7354,W 100 St & Manhattan Ave,7538,40.78476,-73.969862,40.795,-73.9645,casual
580717,CE8503998849EB35,docked_bike,2021-04-08 12:12:15,2021-04-08 12:17:14,Central Park West & W 85 St,7354,W 100 St & Manhattan Ave,7538,40.78476,-73.969862,40.795,-73.9645,member
580731,D4B462C2DAEBF850,docked_bike,2021-04-05 16:44:09,2021-04-05 16:53:42,Central Park West & W 85 St,7354,W 100 St & Manhattan Ave,7538,40.78476,-73.969862,40.795,-73.9645,member
580735,42D8086793048BA2,docked_bike,2021-04-19 19:41:02,2021-04-19 19:49:19,Madison Ave & E 99 St,7443,W 100 St & Manhattan Ave,7538,40.789485,-73.952429,40.795,-73.9645,casual
580736,15FEC26DE8B5C98C,docked_bike,2021-04-15 15:27:20,2021-04-15 15:40:31,E 68 St & Madison Ave,6932,W 100 St & Manhattan Ave,7538,40.769157,-73.967034,40.795,-73.9645,member
580737,C2EEBF7444EFF7F7,docked_bike,2021-04-04 14:52:54,2021-04-04 15:25:34,5 Ave & E 72 St,7100,W 100 St & Manhattan Ave,7538,40.772828,-73.966852,40.795,-73.9645,casual
580743,00086FA385EA8418,docked_bike,2021-04-22 12:59:14,2021-04-22 13:11:31,5 Ave & E 72 St,7100,W 100 St & Manhattan Ave,7538,40.772828,-73.966852,40.795,-73.9645,member
580751,53E923D88424E015,docked_bike,2021-04-23 11:04:14,2021-04-23 11:13:07,E 91 St & Park Ave,7344,W 100 St & Manhattan Ave,7538,40.783501,-73.955327,40.795,-73.9645,member
580756,0B6A81BD61B36578,docked_bike,2021-04-30 17:33:42,2021-04-30 17:51:57,W 51 St & Rockefeller Plaza,6700,W 100 St & Manhattan Ave,7538,40.759699,-73.978081,40.795,-73.9645,member
580760,94CEAB01A486F00A,docked_bike,2021-04-08 21:30:59,2021-04-08 21:36:57,Madison Ave & E 99 St,7443,W 100 St & Manhattan Ave,7538,40.789485,-73.952429,40.795,-73.9645,member
580765,8BB70917CDC624A1,docked_bike,2021-04-28 14:14:08,2021-04-28 14:29:45,5 Ave & E 72 St,7100,W 100 St & Manhattan Ave,7538,40.772828,-73.966852,40.795,-73.9645,member
580767,B1D0834A0FF3826D,docked_bike,2021-04-30 16:16:40,2021-04-30 16:34:56,Central Park West & W 85 St,7354,W 100 St & Manhattan Ave,7538,40.78476,-73.969862,40.795,-73.9645,member
580768,FF09DBBD2751473F,docked_bike,2021-04-05 18:01:57,2021-04-05 18:14:44,West End Ave & W 78 St,7340,W 100 St & Manhattan Ave,7538,40.783786,-73.981687,40.795,-73.9645,member
580770,9A382C6E41003187,docked_bike,2021-04-10 14:15:10,2021-04-10 14:36:00,West End Ave & W 78 St,7340,W 100 St & Manhattan Ave,7538,40.783786,-73.981687,40.795,-73.9645,member
580775,704948D86A1C43D0,docked_bike,2021-04-19 12:41:30,2021-04-19 12:45:43,Central Park West & W 85 St,7354,W 100 St & Manhattan Ave,7538,40.78476,-73.969862,40.795,-73.9645,member
580778,256AE872D3B97E72,docked_bike,2021-04-28 19:34:25,2021-04-28 19:47:04,Central Park West & W 85 St,7354,W 100 St & Manhattan Ave,7538,40.78476,-73.969862,40.795,-73.9645,casual
580783,EDB899856C5D1BAF,docked_bike,2021-04-20 13:13:09,2021-04-20 13:23:50,W 78 St & Amsterdam Ave,7311,W 100 St & Manhattan Ave,7538,40.782535,-73.979085,40.795,-73.9645,member
580787,CA113D927B614C21,docked_bike,2021-04-17 17:09:40,2021-04-17 17:20:23,W 78 St & Amsterdam Ave,7311,W 100 St & Manhattan Ave,7538,40.782535,-73.979085,40.795,-73.9645,member
580788,2C4D3C328881AD46,docked_bike,2021-04-04 11:41:17,2021-04-04 11:52:28,W 78 St & Amsterdam Ave,7311,W 100 St & Manhattan Ave,7538,40.782535,-73.979085,40.795,-73.9645,member
580796,9007E131FE5BD86F,docked_bike,2021-04-22 10:11:13,2021-04-22 10:26:32,W 78 St & Amsterdam Ave,7311,W 100 St & Manhattan Ave,7538,40.782535,-73.979085,40.795,-73.9645,member
580798,1D60E8340C8DE405,docked_bike,2021-04-24 07:08:23,2021-04-24 07:16:16,W 78 St & Amsterdam Ave,7311,W 100 St & Manhattan Ave,7538,40.782535,-73.979085,40.795,-73.9645,member
580799,F0F9406936F05A5C,docked_bike,2021-04-29 08:43:30,2021-04-29 08:52:37,W 78 St & Amsterdam Ave,7311,W 100 St & Manhattan Ave,7538,40.782535,-73.979085,40.795,-73.9645,member
580805,79EFE2555CE84D07,docked_bike,2021-04-17 19:36:55,2021-04-17 19:46:14,W 78 St & Amsterdam Ave,7311,W 100 St & Manhattan Ave,7538,40.782535,-73.979085,40.795,-73.9645,member
580807,0F430A705D2F22EE,docked_bike,2021-04-24 21:08:10,2021-04-24 21:16:54,W 78 St & Amsterdam Ave,7311,W 100 St & Manhattan Ave,7538,40.782535,-73.979085,40.795,-73.9645,casual
580810,8F109AB598DD39C3,docked_bike,2021-04-03 20:13:19,2021-04-03 20:26:52,W 78 St & Amsterdam Ave,7311,W 100 St & Manhattan Ave,7538,40.782535,-73.979085,40.795,-73.9645,casual
580813,CFB3DB94F3A781BA,docked_bike,2021-04-04 14:09:26,2021-04-04 14:16:10,W 78 St & Amsterdam Ave,7311,W 100 St & Manhattan Ave,7538,40.782535,-73.979085,40.795,-73.9645,member
580817,B71FB61487F54987,docked_bike,2021-04-03 20:13:15,2021-04-03 20:26:56,W 78 St & Amsterdam Ave,7311,W 100 St & Manhattan Ave,7538,40.782535,-73.979085,40.795,-73.9645,casual
580820,1372E9A4A6747618,docked_bike,2021-04-06 16:12:21,2021-04-06 16:22:24,W 78 St & Amsterdam Ave,7311,W 100 St & Manhattan Ave,7538,40.782535,-73.979085,40.795,-73.9645,member
580827,D76DB1051BF47888,docked_bike,2021-04-11 16:58:19,2021-04-11 17:05:47,W 78 St & Amsterdam Ave,7311,W 100 St & Manhattan Ave,7538,40.782535,-73.979085,40.795,-73.9645,member
580829,92799A01778AFAE3,docked_bike,2021-04-19 14:55:36,2021-04-19 15:18:12,W 78 St & Amsterdam Ave,7311,W 100 St & Manhattan Ave,7538,40.782535,-73.979085,40.795,-73.9645,member
580831,F3E85C135C90C0F9,docked_bike,2021-04-12 11:43:53,2021-04-12 11:56:54,W 78 St & Amsterdam Ave,7311,W 100 St & Manhattan Ave,7538,40.782535,-73.979085,40.795,-73.9645,member
580833,996EA0423999F63B,docked_bike,2021-04-07 16:35:54,2021-04-07 16:46:58,W 78 St & Amsterdam Ave,7311,W 100 St & Manhattan Ave,7538,40.782535,-73.979085,40.795,-73.9645,member
580842,F7BB50AB7FFC6E7C,docked_bike,2021-04-15 10:44:59,2021-04-15 10:57:10,W 78 St & Amsterdam Ave,7311,W 100 St & Manhattan Ave,7538,40.782535,-73.979085,40.795,-73.9645,member
580852,31401BBDAFBABCE8,docked_bike,2021-04-14 15:19:13,2021-04-14 15:32:47,W 78 St & Amsterdam Ave,7311,W 100 St & Manhattan Ave,7538,40.782536,-73.979085,40.795,-73.9645,casual
580886,7A6319F72BA43006,docked_bike,2021-04-17 11:08:14,2021-04-17 11:19:34,W 78 St & Amsterdam Ave,7311,W 100 St & Manhattan Ave,7538,40.782535,-73.979085,40.795,-73.9645,member
580896,6889EF10791637E5,docked_bike,2021-04-28 15:44:55,2021-04-28 17:44:48,Spring St & Hudson St,5653,W 100 St & Manhattan Ave,7538,40.725839,-74.007653,40.795,-73.9645,member
580907,71A041C8BA1AEB8C,docked_bike,2021-04-04 13:02:34,2021-04-04 13:11:47,W 78 St & Amsterdam Ave,7311,W 100 St & Manhattan Ave,7538,40.782535,-73.979085,40.795,-73.9645,member
580910,768F0CC14C45DFAD,docked_bike,2021-04-18 20:19:04,2021-04-18 20:33:14,W 78 St & Amsterdam Ave,7311,W 100 St & Manhattan Ave,7538,40.782535,-73.979085,40.795,-73.9645,member
580914,5738EA7AFF305747,docked_bike,2021-04-23 16:35:42,2021-04-23 16:51:22,Park Ave & E 124 St,7682,W 100 St & Manhattan Ave,7538,40.804555,-73.939686,40.795,-73.9645,casual
580919,83606CE8E7A197E9,docked_bike,2021-04-08 13:11:46,2021-04-08 13:18:20,E 102 St & Park Ave,7488,W 100 St & Manhattan Ave,7538,40.790482,-73.95033,40.795,-73.9645,casual
580950,6CB2857ED261622A,docked_bike,2021-04-08 17:48:54,2021-04-08 18:10:58,W 110 St & Amsterdam Ave,7646,W 100 St & Manhattan Ave,7538,40.802692,-73.96295,40.795,-73.9645,casual
580952,71BD2732B70368C0,docked_bike,2021-04-09 08:39:17,2021-04-09 08:46:27,W 116 St & Amsterdam Ave,7692,W 100 St & Manhattan Ave,7538,40.806758,-73.960708,40.795,-73.9645,member
580956,B6EF8BF7F6FD768C,docked_bike,2021-04-28 19:17:51,2021-04-28 19:21:19,W 110 St & Amsterdam Ave,7646,W 100 St & Manhattan Ave,7538,40.802692,-73.96295,40.795,-73.9645,member
580957,05FF4254AA8E1870,docked_bike,2021-04-19 18:31:24,2021-04-19 18:45:20,W 110 St & Amsterdam Ave,7646,W 100 St & Manhattan Ave,7538,40.802692,-73.96295,40.795,-73.9645,member
580958,59F3731A5F74DE46,docked_bike,2021-04-07 13:31:31,2021-04-07 13:36:14,W 110 St & Amsterdam Ave,7646,W 100 St & Manhattan Ave,7538,40.802692,-73.96295,40.795,-73.9645,member
580959,BCA4BCF2FF1633A6,docked_bike,2021-04-27 18:37:54,2021-04-27 18:42:55,W 110 St & Amsterdam Ave,7646,W 100 St & Manhattan Ave,7538,40.802692,-73.96295,40.795,-73.9645,member
580971,BB3C50770BB9414E,docked_bike,2021-04-10 11:05:53,2021-04-10 11:22:09,7 Ave & Central Park South,6912,W 100 St & Manhattan Ave,7538,40.76674,-73.979068,40.795,-73.9645,member
580992,1BF6D55B24AA810D,docked_bike,2021-04-29 17:43:24,2021-04-29 17:52:23,Cathedral Pkwy & Broadway,7680,W 100 St & Manhattan Ave,7538,40.804213,-73.966991,40.795,-73.9645,member
580996,1327B84FB2B177EC,docked_bike,2021-04-06 17:14:21,2021-04-06 17:19:45,Cathedral Pkwy & Broadway,7680,W 100 St & Manhattan Ave,7538,40.804213,-73.966991,40.795,-73.9645,member
580997,552B2C1A31C6EB5E,docked_bike,2021-04-13 15:52:30,2021-04-13 16:28:50,Carmine St & 6 Ave,5763,W 100 St & Manhattan Ave,7538,40.730385,-74.002149,40.795,-73.9645,member
580999,76EE385C9FECE734,docked_bike,2021-04-19 15:04:04,2021-04-19 15:14:57,Cathedral Pkwy & Broadway,7680,W 100 St & Manhattan Ave,7538,40.804213,-73.966991,40.795,-73.9645,member
581008,A9B289FBB2946A53,docked_bike,2021-04-13 15:58:21,2021-04-13 16:10:35,W 78 St & Amsterdam Ave,7311,W 100 St & Manhattan Ave,7538,40.782535,-73.979085,40.795,-73.9645,member
581009,0A2C63EB8689CA8C,docked_bike,2021-04-19 17:17:20,2021-04-19 17:29:51,W 78 St & Amsterdam Ave,7311,W 100 St & Manhattan Ave,7538,40.782535,-73.979085,40.795,-73.9645,member
581010,A0E3A7D50B0760EC,docked_bike,2021-04-08 14:30:21,2021-04-08 14:41:41,W 78 St & Amsterdam Ave,7311,W 100 St & Manhattan Ave,7538,40.782535,-73.979085,40.795,-73.9645,member
581013,2055F5358DAF915E,docked_bike,2021-04-17 11:45:38,2021-04-17 11:58:28,W 78 St & Amsterdam Ave,7311,W 100 St & Manhattan Ave,7538,40.782535,-73.979085,40.795,-73.9645,member
581015,A1718BC8A9BCFABE,docked_bike,2021-04-10 12:06:16,2021-04-10 12:14:41,W 78 St & Amsterdam Ave,7311,W 100 St & Manhattan Ave,7538,40.782535,-73.979085,40.795,-73.9645,member
581018,CB3A7616DECD5842,docked_bike,2021-04-10 12:07:33,2021-04-10 12:14:41,W 78 St & Amsterdam Ave,7311,W 100 St & Manhattan Ave,7538,40.782535,-73.979085,40.795,-73.9645,member
581019,53F91E11FBC62F6E,docked_bike,2021-04-06 14:11:37,2021-04-06 14:30:52,5 Ave & E 126 St,7701,W 100 St & Manhattan Ave,7538,40.80698,-73.941747,40.795,-73.9645,member
581020,6FD6172D30285C36,docked_bike,2021-04-05 12:56:00,2021-04-05 13:12:15,Hamilton Pl & W 140 St,7959,W 100 St & Manhattan Ave,7538,40.822756,-73.951346,40.795,-73.9645,casual
581038,5D04863A79A2928A,docked_bike,2021-04-24 09:40:33,2021-04-24 10:07:34,W 44 St & 11 Ave,6756,W 100 St & Manhattan Ave,7538,40.762009,-73.996975,40.795,-73.9645,casual
581039,8C92329BC83BD111,docked_bike,2021-04-27 16:40:21,2021-04-27 16:51:16,W 78 St & Amsterdam Ave,7311,W 100 St & Manhattan Ave,7538,40.782535,-73.979085,40.795,-73.9645,casual
581097,D8FAC44181C1AE3F,docked_bike,2021-04-25 11:29:16,2021-04-25 11:57:14,7 Ave & Central Park South,6912,W 100 St & Manhattan Ave,7538,40.76674,-73.979068,40.795,-73.9645,member
581154,B74F5C0BC3050759,docked_bike,2021-04-15 10:52:09,2021-04-15 11:02:55,Edgecombe Ave & W 141 St,7915,W 100 St & Manhattan Ave,7538,40.820681,-73.945144,40.795,-73.9645,member
581155,DE502C0B46E144A4,docked_bike,2021-04-20 15:09:35,2021-04-20 15:27:22,Edgecombe Ave & W 141 St,7915,W 100 St & Manhattan Ave,7538,40.820681,-73.945144,40.795,-73.9645,member
581158,A37B533DC0DE2531,docked_bike,2021-04-28 17:07:17,2021-04-28 17:34:58,E 88 St & 1 Ave,7235,W 100 St & Manhattan Ave,7538,40.778301,-73.948813,40.795,-73.9645,casual
581180,2E25B0DC44720626,docked_bike,2021-04-21 10:24:42,2021-04-21 10:42:04,E 88 St & 1 Ave,7235,W 100 St & Manhattan Ave,7538,40.778301,-73.948813,40.795,-73.9645,member
581184,C419169DE99D268B,docked_bike,2021-04-08 14:57:23,2021-04-08 15:16:49,E 72 St & Park Ave,6998,W 100 St & Manhattan Ave,7538,40.771183,-73.964094,40.795,-73.9645,member
581185,BE3A0C60455A8669,docked_bike,2021-04-23 17:25:36,2021-04-23 17:45:57,E 72 St & Park Ave,6998,W 100 St & Manhattan Ave,7538,40.771182,-73.964094,40.795,-73.9645,member
581190,BE9E07E2413432BA,docked_bike,2021-04-18 12:16:57,2021-04-18 12:30:08,Edgecombe Ave & W 141 St,7915,W 100 St & Manhattan Ave,7538,40.820681,-73.945144,40.795,-73.9645,member
581191,DD13037B46F55A96,docked_bike,2021-04-17 15:14:11,2021-04-17 15:39:50,E 76 St & Park Ave,7128,W 100 St & Manhattan Ave,7538,40.773763,-73.96222,40.795,-73.9645,casual
581192,744DEBCDACD1B0A0,docked_bike,2021-04-05 17:26:23,2021-04-05 17:46:41,E 51 St & Lexington Ave,6659,W 100 St & Manhattan Ave,7538,40.757147,-73.972078,40.795,-73.9645,casual
581207,6122DC8F012DE54F,docked_bike,2021-04-23 23:36:24,2021-04-23 23:58:48,E 88 St & 1 Ave,7235,W 100 St & Manhattan Ave,7538,40.778301,-73.948813,40.795,-73.9645,casual
581211,7C8719C636DAEB93,docked_bike,2021-04-19 11:23:21,2021-04-19 11:35:13,E 91 St & Park Ave,7344,W 100 St & Manhattan Ave,7538,40.783501,-73.955327,40.795,-73.9645,member
581216,066EF8F649C391EC,docked_bike,2021-04-05 12:28:29,2021-04-05 12:38:25,E 118 St & Madison Ave,7640,W 100 St & Manhattan Ave,7538,40.801486,-73.94425,40.795,-73.9645,casual
581226,9BAD6C227C96F08F,docked_bike,2021-04-20 21:53:03,2021-04-20 22:00:55,E 91 St & Park Ave,7344,W 100 St & Manhattan Ave,7538,40.783501,-73.955327,40.795,-73.9645,member
581232,80E5B493B0616297,docked_bike,2021-04-08 15:23:20,2021-04-08 15:37:10,5 Ave & E 72 St,7100,W 100 St & Manhattan Ave,7538,40.772828,-73.966852,40.795,-73.9645,casual
581238,A967BF5CA624078F,docked_bike,2021-04-27 18:11:57,2021-04-27 18:35:45,W 37 St & 5 Ave,6398,W 100 St & Manhattan Ave,7538,40.75038,-73.983389,40.795,-73.9645,member
581239,A136717E60D3623F,docked_bike,2021-04-24 00:49:02,2021-04-24 01:11:14,E 45 St & 3 Ave,6464,W 100 St & Manhattan Ave,7538,40.752554,-73.972826,40.795,-73.9645,casual
581247,9A9BB917D3500A02,docked_bike,2021-04-09 17:57:44,2021-04-09 18:09:47,Amsterdam Ave & W 125 St,7800,W 100 St & Manhattan Ave,7538,40.813358,-73.956461,40.795,-73.9645,casual
581250,8D61408E6D3FCE94,docked_bike,2021-04-27 20:18:33,2021-04-27 20:34:59,8 Ave & W 52 St,6816,W 100 St & Manhattan Ave,7538,40.763707,-73.985161,40.795,-73.9645,member
581255,DFAC9C315D40F729,docked_bike,2021-04-26 19:00:06,2021-04-26 19:17:21,8 Ave & W 52 St,6816,W 100 St & Manhattan Ave,7538,40.763707,-73.985161,40.795,-73.9645,member
581256,496966FBC16F6B1F,docked_bike,2021-04-23 20:42:48,2021-04-23 20:59:28,Lenox Ave & W 130 St,7753,W 100 St & Manhattan Ave,7538,40.810792,-73.943068,40.795,-73.9645,casual
581294,5D778F856526E6E3,docked_bike,2021-04-05 17:11:08,2021-04-05 17:31:57,E 72 St & Park Ave,6998,W 100 St & Manhattan Ave,7538,40.771182,-73.964094,40.795,-73.9645,casual
581322,50DD03FB87FF9333,docked_bike,2021-04-06 14:30:20,2021-04-06 14:48:32,E 72 St & Park Ave,6998,W 100 St & Manhattan Ave,7538,40.771182,-73.964094,40.795,-73.9645,member
581324,A5A8FB1F3D24B5DA,docked_bike,2021-04-21 12:18:55,2021-04-21 12:33:47,E 72 St & Park Ave,6998,W 100 St & Manhattan Ave,7538,40.771182,-73.964094,40.795,-73.9645,member
581333,842FBED68CE11806,docked_bike,2021-04-30 17:55:49,2021-04-30 18:19:15,Convent Ave & W 135 St,7860,W 100 St & Manhattan Ave,7538,40.818215,-73.950988,40.795,-73.9645,casual
581335,7ACF10B841F6B55D,docked_bike,2021-04-18 13:35:56,2021-04-18 13:48:17,Lenox Ave & W 126 St,7720,W 100 St & Manhattan Ave,7538,40.808442,-73.945208,40.795,-73.9645,member
581394,971BEB944C49938D,docked_bike,2021-04-29 17:57:34,2021-04-29 18:10:39,W 78 St & Amsterdam Ave,7311,W 100 St & Manhattan Ave,7538,40.782535,-73.979085,40.795,-73.9645,member
581399,0F23C2B573A57CDD,docked_bike,2021-04-26 14:34:23,2021-04-26 14:42:00,W 78 St & Amsterdam Ave,7311,W 100 St & Manhattan Ave,7538,40.782535,-73.979085,40.795,-73.9645,member
581414,F3030E56D8FBECC2,docked_bike,2021-04-07 15:54:10,2021-04-07 16:05:21,W 70 St & Amsterdam Ave,7207,W 100 St & Manhattan Ave,7538,40.77748,-73.982885,40.795,-73.9645,casual
581481,010250869D97D780,docked_bike,2021-04-13 17:42:55,2021-04-13 18:25:40,Central Park S & 6 Ave,6876,W 100 St & Manhattan Ave,7538,40.765909,-73.976341,40.795,-73.9645,member
581485,F59EDEC7DC4EF3AD,docked_bike,2021-04-16 16:11:09,2021-04-16 16:17:24,E 110 St & Madison Ave,7587,W 100 St & Manhattan Ave,7538,40.796153,-73.947821,40.795,-73.9645,member
581491,100176254662FFA7,docked_bike,2021-04-05 18:13:22,2021-04-05 18:43:30,Central Park S & 6 Ave,6876,W 100 St & Manhattan Ave,7538,40.765909,-73.976341,40.795,-73.9645,member
581495,F6E882CFD5BEF21E,docked_bike,2021-04-17 17:11:10,2021-04-17 17:32:56,Central Park S & 6 Ave,6876,W 100 St & Manhattan Ave,7538,40.765909,-73.976341,40.795,-73.9645,member
581520,E6DEECBC4F8928B0,docked_bike,2021-04-03 21:50:50,2021-04-03 22:00:42,E 89 St & 3 Ave,7265,W 100 St & Manhattan Ave,7538,40.780628,-73.952166,40.795,-73.9645,member
581546,65111870216810C8,docked_bike,2021-04-09 13:01:26,2021-04-09 13:10:19,W 78 St & Amsterdam Ave,7311,W 100 St & Manhattan Ave,7538,40.782535,-73.979085,40.795,-73.9645,member
581547,AAA6F254178D9C13,docked_bike,2021-04-02 09:36:21,2021-04-02 09:48:08,W 78 St & Amsterdam Ave,7311,W 100 St & Manhattan Ave,7538,40.782535,-73.979085,40.795,-73.9645,member
581549,4197A35E44FF05EB,docked_bike,2021-04-04 19:03:35,2021-04-04 19:11:18,W 78 St & Amsterdam Ave,7311,W 100 St & Manhattan Ave,7538,40.782536,-73.979085,40.795,-73.9645,member
581552,42780745A8600DB6,docked_bike,2021-04-15 09:24:23,2021-04-15 09:40:47,Riverside Dr & W 138 St,7942,W 100 St & Manhattan Ave,7538,40.823168,-73.955857,40.795,-73.9645,member
581556,03EED51E6FFB88F8,docked_bike,2021-04-20 15:36:17,2021-04-20 15:50:48,W 78 St & Amsterdam Ave,7311,W 100 St & Manhattan Ave,7538,40.782535,-73.979085,40.795,-73.9645,member
581563,EE71D88044FA274E,docked_bike,2021-04-04 21:36:50,2021-04-04 21:46:13,W 78 St & Amsterdam Ave,7311,W 100 St & Manhattan Ave,7538,40.782535,-73.979085,40.795,-73.9645,member
581566,3F1FBBA1FAF12B4F,docked_bike,2021-04-08 16:41:21,2021-04-08 16:50:41,W 78 St & Amsterdam Ave,7311,W 100 St & Manhattan Ave,7538,40.782535,-73.979085,40.795,-73.9645,member
581568,D5993B0905FCD32F,docked_bike,2021-04-22 08:41:10,2021-04-22 08:52:13,W 78 St & Amsterdam Ave,7311,W 100 St & Manhattan Ave,7538,40.782535,-73.979085,40.795,-73.9645,member
581592,14C93DFE6AF5F90D,docked_bike,2021-04-19 20:50:49,2021-04-19 21:01:00,E 89 St & 3 Ave,7265,W 100 St & Manhattan Ave,7538,40.780628,-73.952166,40.795,-73.9645,member
581596,70FBEF3986CA08D3,docked_bike,2021-04-30 10:34:46,2021-04-30 11:16:17,1 Ave & E 16 St,5779,W 100 St & Manhattan Ave,7538,40.732218,-73.981655,40.795,-73.9645,member
581608,6C8B52E13E9F0647,docked_bike,2021-04-26 17:41:54,2021-04-26 18:03:06,Central Park S & 6 Ave,6876,W 100 St & Manhattan Ave,7538,40.765909,-73.976341,40.795,-73.9645,member
581611,89D7ADEC0D475D50,docked_bike,2021-04-28 19:04:25,2021-04-28 19:18:45,Central Park S & 6 Ave,6876,W 100 St & Manhattan Ave,7538,40.765909,-73.976341,40.795,-73.9645,member
581612,4A8925E274225BF3,docked_bike,2021-04-26 18:53:07,2021-04-26 19:09:55,Central Park S & 6 Ave,6876,W 100 St & Manhattan Ave,7538,40.765909,-73.976341,40.795,-73.9645,member
581613,3AE2D3961566F3CA,docked_bike,2021-04-06 15:43:42,2021-04-06 16:04:05,Central Park S & 6 Ave,6876,W 100 St & Manhattan Ave,7538,40.765909,-73.976341,40.795,-73.9645,member
581614,F9B28AD7405B3900,docked_bike,2021-04-27 17:22:33,2021-04-27 17:51:02,Central Park S & 6 Ave,6876,W 100 St & Manhattan Ave,7538,40.765909,-73.976341,40.795,-73.9645,member
581616,935CBDF90B521068,docked_bike,2021-04-04 23:41:55,2021-04-04 23:54:32,11 Ave & W 59 St,7059,W 100 St & Manhattan Ave,7538,40.771497,-73.99046,40.795,-73.9645,casual
581618,130E577E2622DF5E,docked_bike,2021-04-04 00:49:29,2021-04-04 01:08:45,11 Ave & W 59 St,7059,W 100 St & Manhattan Ave,7538,40.771496,-73.99046,40.795,-73.9645,member
581623,8B7CE1D2B15FE2B7,docked_bike,2021-04-02 07:41:45,2021-04-02 08:17:04,1 Ave & E 16 St,5779,W 100 St & Manhattan Ave,7538,40.732218,-73.981655,40.795,-73.9645,member
581665,93791D9477EE88F6,docked_bike,2021-04-14 14:11:20,2021-04-14 15:26:55,Lenox Ave & W 111 St,7602,W 100 St & Manhattan Ave,7538,40.798785,-73.9523,40.795,-73.9645,casual
581667,4DF8B709F1832895,docked_bike,2021-04-07 18:43:37,2021-04-07 18:53:33,Lenox Ave & W 111 St,7602,W 100 St & Manhattan Ave,7538,40.798785,-73.9523,40.795,-73.9645,member
581674,95CCFF3A3476264B,docked_bike,2021-04-27 15:28:32,2021-04-27 15:44:18,W 64 St & Thelonious Monk Circle,7123,W 100 St & Manhattan Ave,7538,40.775159,-73.989186,40.795,-73.9645,member
581685,46D900B70E84BD39,docked_bike,2021-04-08 13:55:27,2021-04-08 14:14:07,W 169 St & Fort Washington Ave,8282,W 100 St & Manhattan Ave,7538,40.842842,-73.942125,40.795,-73.9645,member
581701,DDF5BD079177A660,docked_bike,2021-04-20 18:29:26,2021-04-20 18:58:44,W 169 St & Fort Washington Ave,8282,W 100 St & Manhattan Ave,7538,40.842842,-73.942125,40.795,-73.9645,member
581702,7C5CDC95223C531F,docked_bike,2021-04-30 17:45:59,2021-04-30 18:14:52,W 169 St & Fort Washington Ave,8282,W 100 St & Manhattan Ave,7538,40.842842,-73.942125,40.795,-73.9645,member
581703,AF42825CC019A18A,docked_bike,2021-04-16 17:38:31,2021-04-16 18:13:36,W 169 St & Fort Washington Ave,8282,W 100 St & Manhattan Ave,7538,40.842842,-73.942125,40.795,-73.9645,casual
581706,1C0AD60B58C72969,docked_bike,2021-04-07 17:03:57,2021-04-07 17:25:54,W 169 St & Fort Washington Ave,8282,W 100 St & Manhattan Ave,7538,40.842842,-73.942125,40.795,-73.9645,member
581712,AF4EF724D15FBB5D,docked_bike,2021-04-25 16:15:54,2021-04-25 16:32:31,Central Park S & 6 Ave,6876,W 100 St & Manhattan Ave,7538,40.765909,-73.976341,40.795,-73.9645,casual
581755,A860D6BD3E303F59,docked_bike,2021-04-27 20:15:49,2021-04-27 20:53:48,Central Park W & W 103 St,7577,W 100 St & Manhattan Ave,7538,40.796036,-73.961589,40.795,-73.9645,member
581757,7AD3A1A22770A503,docked_bike,2021-04-18 16:19:29,2021-04-18 16:21:48,Central Park W & W 103 St,7577,W 100 St & Manhattan Ave,7538,40.796036,-73.961589,40.795,-73.9645,casual
581758,BFBAB764ED427AFD,docked_bike,2021-04-04 09:29:36,2021-04-04 10:20:53,W 106 St & Central Park West,7606,W 100 St & Manhattan Ave,7538,40.798185,-73.96059,40.795,-73.9645,casual
581759,5796B0C49F9B2BA6,docked_bike,2021-04-13 19:11:09,2021-04-13 19:15:06,W 106 St & Central Park West,7606,W 100 St & Manhattan Ave,7538,40.798185,-73.96059,40.795,-73.9645,member
581762,10EC19C058B1C7CE,docked_bike,2021-04-21 17:08:58,2021-04-21 17:11:47,W 106 St & Central Park West,7606,W 100 St & Manhattan Ave,7538,40.798185,-73.96059,40.795,-73.9645,member
581763,C98204B0657BDAA0,docked_bike,2021-04-01 14:43:16,2021-04-01 15:17:34,W 106 St & Central Park West,7606,W 100 St & Manhattan Ave,7538,40.798185,-73.96059,40.795,-73.9645,casual
581765,EBA156CA26F0E260,docked_bike,2021-04-14 14:15:37,2021-04-14 14:17:40,Central Park W & W 103 St,7577,W 100 St & Manhattan Ave,7538,40.796036,-73.961589,40.795,-73.9645,member
581767,62ED135A723FBA1B,docked_bike,2021-04-18 15:57:01,2021-04-18 16:07:46,W 106 St & Central Park West,7606,W 100 St & Manhattan Ave,7538,40.798185,-73.96059,40.795,-73.9645,member
581768,1730BF161292AFE3,docked_bike,2021-04-05 16:08:11,2021-04-05 16:09:51,Central Park W & W 103 St,7577,W 100 St & Manhattan Ave,7538,40.796036,-73.961589,40.795,-73.9645,member
581780,DE795E72521B1A6E,docked_bike,2021-04-02 17:10:34,2021-04-02 17:13:01,W 106 St & Central Park West,7606,W 100 St & Manhattan Ave,7538,40.798185,-73.96059,40.795,-73.9645,member
581782,CB98BCD332B6784B,docked_bike,2021-04-25 15:59:14,2021-04-25 16:02:21,W 106 St & Central Park West,7606,W 100 St & Manhattan Ave,7538,40.798185,-73.96059,40.795,-73.9645,member
581783,D6063C22DDAEF750,docked_bike,2021-04-19 17:20:51,2021-04-19 17:59:41,Central Park W & W 103 St,7577,W 100 St & Manhattan Ave,7538,40.796036,-73.961589,40.795,-73.9645,member
581784,0FC43ED419F2DF42,docked_bike,2021-04-27 17:11:25,2021-04-27 17:14:31,W 106 St & Central Park West,7606,W 100 St & Manhattan Ave,7538,40.798185,-73.96059,40.795,-73.9645,member
581793,138D8EAF285A43CD,docked_bike,2021-04-24 21:24:09,2021-04-24 21:25:50,Central Park W & W 103 St,7577,W 100 St & Manhattan Ave,7538,40.796036,-73.961589,40.795,-73.9645,member
581796,A76CA5687C276270,docked_bike,2021-04-04 16:27:39,2021-04-04 17:42:54,Central Park W & W 103 St,7577,W 100 St & Manhattan Ave,7538,40.796036,-73.961589,40.795,-73.9645,member
581797,FF147E0A22C36251,docked_bike,2021-04-05 12:39:42,2021-04-05 12:44:10,W 106 St & Central Park West,7606,W 100 St & Manhattan Ave,7538,40.798185,-73.96059,40.795,-73.9645,member
581835,3D2C24C9C5A58E11,docked_bike,2021-04-08 16:20:02,2021-04-08 16:35:19,E 63 St & 3 Ave,6830,W 100 St & Manhattan Ave,7538,40.763954,-73.9646,40.795,-73.9645,member
581841,C1C5378737623A90,docked_bike,2021-04-23 19:44:10,2021-04-23 20:16:25,8 Ave & W 33 St,6450,W 100 St & Manhattan Ave,7538,40.751551,-73.993934,40.795,-73.9645,member
581844,C4FAB6251965F1A2,docked_bike,2021-04-17 13:40:09,2021-04-17 13:49:28,Lenox Ave & W 111 St,7602,W 100 St & Manhattan Ave,7538,40.798785,-73.9523,40.795,-73.9645,casual
581845,F1AE7F9FF32380FE,docked_bike,2021-04-24 12:37:57,2021-04-24 12:57:48,Lenox Ave & W 111 St,7602,W 100 St & Manhattan Ave,7538,40.798785,-73.9523,40.795,-73.9645,casual
581868,DD8F98A3759612C6,docked_bike,2021-04-10 19:54:23,2021-04-10 20:04:55,Amsterdam Ave & W 131 St,7842,W 100 St & Manhattan Ave,7538,40.816355,-73.954295,40.795,-73.9645,casual
581885,560B86CBD4C7783C,docked_bike,2021-04-26 10:52:40,2021-04-26 11:18:13,Nelson Ave & W 172 St,8290,W 100 St & Manhattan Ave,7538,40.843965,-73.920999,40.795,-73.9645,casual
581887,DFFD79E5EB05E0D3,docked_bike,2021-04-22 14:16:11,2021-04-22 14:42:47,E 74 St & 1 Ave,6953,W 100 St & Manhattan Ave,7538,40.768973,-73.954822,40.795,-73.9645,member
581895,E905BE16EF109704,docked_bike,2021-04-12 17:40:07,2021-04-12 17:51:02,Madison Ave & E 82 St,7188,W 100 St & Manhattan Ave,7538,40.778131,-73.960693,40.795,-73.9645,member
581905,19795025F9A69648,docked_bike,2021-04-30 11:38:20,2021-04-30 11:47:18,E 106 St & Madison Ave,7528,W 100 St & Manhattan Ave,7538,40.793433,-73.94945,40.795,-73.9645,member
581906,BEA9763DED6EA418,docked_bike,2021-04-20 08:17:47,2021-04-20 08:24:50,E 106 St & Madison Ave,7528,W 100 St & Manhattan Ave,7538,40.793433,-73.94945,40.795,-73.9645,member
581946,B7F688E7CCA9FF3E,docked_bike,2021-04-17 14:50:42,2021-04-17 14:51:08,E 106 St & Lexington Ave,7504,W 100 St & Manhattan Ave,7538,40.791976,-73.945993,40.795,-73.9645,member
581948,5FA65295D01824FE,docked_bike,2021-04-28 16:21:59,2021-04-28 16:36:58,W 64 St & Thelonious Monk Circle,7123,W 100 St & Manhattan Ave,7538,40.775159,-73.989186,40.795,-73.9645,member
581956,7D6C14B269CC7299,docked_bike,2021-04-03 14:40:20,2021-04-03 15:14:00,8 Ave & W 27 St,6297,W 100 St & Manhattan Ave,7538,40.747968,-73.996637,40.795,-73.9645,member
581957,238F558BBA1C75F6,docked_bike,2021-04-13 19:11:17,2021-04-13 19:17:10,Riverside Dr & W 91 St,7524,W 100 St & Manhattan Ave,7538,40.793134,-73.977003,40.795,-73.9645,member
581963,9AB2B703906BEC9E,docked_bike,2021-04-05 15:07:29,2021-04-05 15:24:28,Edgecombe Ave & W 141 St,7915,W 100 St & Manhattan Ave,7538,40.820681,-73.945144,40.795,-73.9645,member
581968,B15CBCDE793978CC,docked_bike,2021-04-10 19:12:14,2021-04-10 19:30:59,Central Park S & 6 Ave,6876,W 100 St & Manhattan Ave,7538,40.765909,-73.976341,40.795,-73.9645,member
581977,DF891F94AD21FFC9,docked_bike,2021-04-11 13:38:10,2021-04-11 13:53:19,Central Park S & 6 Ave,6876,W 100 St & Manhattan Ave,7538,40.765909,-73.976341,40.795,-73.9645,member
581978,050866EE857C9F22,docked_bike,2021-04-01 18:19:12,2021-04-01 18:32:47,E 110 St & Madison Ave,7587,W 100 St & Manhattan Ave,7538,40.796153,-73.947821,40.795,-73.9645,member
581987,AE2CE73126E0B232,docked_bike,2021-04-24 19:57:45,2021-04-24 20:10:11,West End Ave & W 94 St,7524,W 100 St & Manhattan Ave,7538,40.794165,-73.974124,40.795,-73.9645,casual
581988,2372D0537347C12E,docked_bike,2021-04-17 12:47:23,2021-04-17 12:56:41,Broadway & Moylan Pl,7823,W 100 St & Manhattan Ave,7538,40.814325,-73.959025,40.795,-73.9645,member
581990,AAC4778EC0F29DBC,docked_bike,2021-04-22 19:06:47,2021-04-22 19:16:13,West End Ave & W 94 St,7524,W 100 St & Manhattan Ave,7538,40.794165,-73.974124,40.795,-73.9645,member
581994,0941684E3450B34B,docked_bike,2021-04-13 19:37:30,2021-04-13 19:50:21,St Nicholas Ave & Manhattan Ave,7723,W 100 St & Manhattan Ave,7538,40.809725,-73.953149,40.795,-73.9645,member
581996,823DF5BB3926CA97,docked_bike,2021-04-21 17:53:02,2021-04-21 17:58:37,West End Ave & W 94 St,7524,W 100 St & Manhattan Ave,7538,40.794165,-73.974124,40.795,-73.9645,member
582001,1B304B5DAFDE9F9F,docked_bike,2021-04-23 19:03:42,2021-04-23 19:09:10,West End Ave & W 94 St,7524,W 100 St & Manhattan Ave,7538,40.794165,-73.974124,40.795,-73.9645,casual
582002,04AB54BD443319A9,docked_bike,2021-04-01 16:49:09,2021-04-01 17:01:51,Riverside Dr & W 78 St,7340,W 100 St & Manhattan Ave,7538,40.784145,-73.983625,40.795,-73.9645,member
582005,634E0B23399DB22A,docked_bike,2021-04-22 16:51:02,2021-04-22 17:07:02,Broadway & Moylan Pl,7823,W 100 St & Manhattan Ave,7538,40.814325,-73.959025,40.795,-73.9645,member
582012,C0846B2450B6D0AA,docked_bike,2021-04-09 09:41:09,2021-04-09 09:55:55,Broadway & Moylan Pl,7823,W 100 St & Manhattan Ave,7538,40.814326,-73.959026,40.795,-73.9645,member
582013,942471036DC1DBF1,docked_bike,2021-04-13 03:30:12,2021-04-13 03:38:55,St Nicholas Ave & Manhattan Ave,7723,W 100 St & Manhattan Ave,7538,40.809725,-73.953149,40.795,-73.9645,member
582014,CCE9235737BF48A7,docked_bike,2021-04-24 18:37:23,2021-04-24 18:43:20,West End Ave & W 94 St,7524,W 100 St & Manhattan Ave,7538,40.794165,-73.974124,40.795,-73.9645,member
582031,2DD78E581DA400F8,docked_bike,2021-04-29 22:38:19,2021-04-29 23:07:20,Central Park West & W 85 St,7354,W 100 St & Manhattan Ave,7538,40.78476,-73.969862,40.795,-73.9645,member
582041,184B710979502DDB,docked_bike,2021-04-10 10:22:22,2021-04-10 10:31:50,Adam Clayton Powell Blvd & W 115 St,7643,W 100 St & Manhattan Ave,7538,40.802535,-73.953242,40.795,-73.9645,member
582057,EF400F3B4D832582,docked_bike,2021-04-20 18:56:31,2021-04-20 19:16:08,E 84 St & Park Ave,7243,W 100 St & Manhattan Ave,7538,40.778626,-73.95772,40.795,-73.9645,member
582068,19581C4A595E52FB,docked_bike,2021-04-13 17:26:29,2021-04-13 17:39:56,Edgecombe Ave & W 141 St,7915,W 100 St & Manhattan Ave,7538,40.820681,-73.945144,40.795,-73.9645,casual
582069,4B381144B5639E9F,docked_bike,2021-04-28 16:23:37,2021-04-28 16:43:14,E 50 St & Park Ave,6659,W 100 St & Manhattan Ave,7538,40.757334,-73.974235,40.795,-73.9645,member
582099,4331BBDF4BA11FAD,docked_bike,2021-04-09 15:08:40,2021-04-09 15:34:14,9 Ave & W 45 St,6717,W 100 St & Manhattan Ave,7538,40.760192,-73.991255,40.795,-73.9645,casual
582126,FCF8CD195242047D,docked_bike,2021-04-13 15:22:58,2021-04-13 16:01:20,Audobon Ave & W 179 St,8316,W 100 St & Manhattan Ave,7538,40.847305,-73.933291,40.795,-73.9645,member
582143,12588083C6A25D2F,docked_bike,2021-04-01 18:42:09,2021-04-01 19:03:03,9 Ave & W 45 St,6717,W 100 St & Manhattan Ave,7538,40.760192,-73.991255,40.795,-73.9645,member
582162,3CA2731CA6A52170,docked_bike,2021-04-26 17:55:04,2021-04-26 18:17:37,Central Park W & W 103 St,7577,W 100 St & Manhattan Ave,7538,40.796036,-73.961589,40.795,-73.9645,casual
582163,2CAFA0B3F8A577C0,docked_bike,2021-04-26 17:34:37,2021-04-26 17:36:37,Central Park W & W 103 St,7577,W 100 St & Manhattan Ave,7538,40.796036,-73.961589,40.795,-73.9645,member
582166,65FEAD949D959164,docked_bike,2021-04-26 08:37:47,2021-04-26 08:39:58,Central Park W & W 103 St,7577,W 100 St & Manhattan Ave,7538,40.796036,-73.961589,40.795,-73.9645,member
582170,B67476C87B6D31DA,docked_bike,2021-04-05 16:50:34,2021-04-05 17:29:31,Central Park W & W 103 St,7577,W 100 St & Manhattan Ave,7538,40.796036,-73.961589,40.795,-73.9645,member
582177,0993C7851BECED3A,docked_bike,2021-04-04 09:27:31,2021-04-04 10:20:11,W 106 St & Central Park West,7606,W 100 St & Manhattan Ave,7538,40.798185,-73.96059,40.795,-73.9645,casual
582178,69709032FE5CEAAB,docked_bike,2021-04-23 20:01:34,2021-04-23 20:06:16,W 106 St & Central Park West,7606,W 100 St & Manhattan Ave,7538,40.798185,-73.96059,40.795,-73.9645,member
582182,95ECBB9BAD27B951,docked_bike,2021-04-26 19:32:53,2021-04-26 19:34:34,Central Park W & W 103 St,7577,W 100 St & Manhattan Ave,7538,40.796036,-73.961589,40.795,-73.9645,member
582185,0C6ED81A2DE4C709,docked_bike,2021-04-19 13:10:42,2021-04-19 13:13:54,W 106 St & Central Park West,7606,W 100 St & Manhattan Ave,7538,40.798185,-73.96059,40.795,-73.9645,member
582337,C3DBAC99548529F6,docked_bike,2021-04-29 19:26:58,2021-04-29 19:37:26,Lenox Ave & W 126 St,7720,W 100 St & Manhattan Ave,7538,40.808442,-73.945208,40.795,-73.9645,member
582348,8042E5FD58AFE4BA,docked_bike,2021-04-09 19:32:27,2021-04-09 19:50:18,E 58 St & 3 Ave,6762,W 100 St & Manhattan Ave,7538,40.760957,-73.967244,40.795,-73.9645,member
582355,188AFFF4757083FA,docked_bike,2021-04-06 17:48:31,2021-04-06 18:09:14,W 120 St & Claremont Ave,7745,W 100 St & Manhattan Ave,7538,40.810949,-73.9634,40.795,-73.9645,member
582361,E3424145A3709890,docked_bike,2021-04-01 16:48:43,2021-04-01 17:02:18,5 Ave & E 126 St,7701,W 100 St & Manhattan Ave,7538,40.80698,-73.941747,40.795,-73.9645,member
582369,470549A285EDA2AF,docked_bike,2021-04-24 12:59:59,2021-04-24 13:04:39,W 106 St & Central Park West,7606,W 100 St & Manhattan Ave,7538,40.798185,-73.96059,40.795,-73.9645,member
582370,95B8B03BC1DA5877,docked_bike,2021-04-17 18:10:00,2021-04-17 18:12:54,W 106 St & Central Park West,7606,W 100 St & Manhattan Ave,7538,40.798185,-73.96059,40.795,-73.9645,member
582371,2AD9EC29A9A9D444,docked_bike,2021-04-07 11:49:10,2021-04-07 11:51:47,W 106 St & Central Park West,7606,W 100 St & Manhattan Ave,7538,40.798185,-73.96059,40.795,-73.9645,member
582374,50BF5787657C73AD,docked_bike,2021-04-15 17:48:47,2021-04-15 17:50:16,Central Park W & W 103 St,7577,W 100 St & Manhattan Ave,7538,40.796036,-73.961589,40.795,-73.9645,member
582375,EE9948EF80CBACB6,docked_bike,2021-04-22 14:55:49,2021-04-22 14:58:56,W 106 St & Central Park West,7606,W 100 St & Manhattan Ave,7538,40.798185,-73.96059,40.795,-73.9645,member
582378,95D55388BD9159F2,docked_bike,2021-04-19 17:54:56,2021-04-19 17:57:44,W 106 St & Central Park West,7606,W 100 St & Manhattan Ave,7538,40.798185,-73.96059,40.795,-73.9645,member
582379,5FD0BA22383716A6,docked_bike,2021-04-06 16:04:40,2021-04-06 16:06:54,Central Park W & W 103 St,7577,W 100 St & Manhattan Ave,7538,40.796036,-73.961589,40.795,-73.9645,member
582380,3E8FD0AE88C3B514,docked_bike,2021-04-13 16:09:38,2021-04-13 16:10:56,Central Park W & W 103 St,7577,W 100 St & Manhattan Ave,7538,40.796036,-73.961589,40.795,-73.9645,member
582381,92E01A2B0A4C4EF8,docked_bike,2021-04-25 14:40:31,2021-04-25 15:02:17,Central Park W & W 103 St,7577,W 100 St & Manhattan Ave,7538,40.796036,-73.961589,40.795,-73.9645,member
582382,C7A2DA52C2680124,docked_bike,2021-04-04 18:56:27,2021-04-04 19:05:23,W 106 St & Central Park West,7606,W 100 St & Manhattan Ave,7538,40.798186,-73.960591,40.795,-73.9645,member
582385,1ACC2B4B2D42D560,docked_bike,2021-04-14 19:09:00,2021-04-14 20:17:46,Central Park W & W 103 St,7577,W 100 St & Manhattan Ave,7538,40.796036,-73.961589,40.795,-73.9645,member
582394,CFC0EFA83CE3BAB9,docked_bike,2021-04-22 20:00:53,2021-04-22 20:25:01,E 58 St & 3 Ave,6762,W 100 St & Manhattan Ave,7538,40.760957,-73.967244,40.795,-73.9645,member
582401,2D35F8271E670B98,docked_bike,2021-04-28 18:31:54,2021-04-28 18:50:39,E 78 St & 2 Ave,7057,W 100 St & Manhattan Ave,7538,40.772796,-73.955778,40.795,-73.9645,member
582411,1022D3B33B509D93,docked_bike,2021-04-18 18:58:10,2021-04-18 19:17:36,E 58 St & 3 Ave,6762,W 100 St & Manhattan Ave,7538,40.760957,-73.967244,40.795,-73.9645,member
582445,0A056C885C6EDC43,docked_bike,2021-04-07 16:05:10,2021-04-07 16:24:59,W 33 St & 7 Ave,6407,W 100 St & Manhattan Ave,7538,40.750199,-73.99093,40.795,-73.9645,member
582446,90C14BFA9FBD19B7,docked_bike,2021-04-05 16:08:21,2021-04-05 16:28:47,W 33 St & 7 Ave,6407,W 100 St & Manhattan Ave,7538,40.750199,-73.99093,40.795,-73.9645,member
582463,462822BF08B7AC96,docked_bike,2021-04-09 10:20:40,2021-04-09 10:26:05,E 106 St & Madison Ave,7528,W 100 St & Manhattan Ave,7538,40.793433,-73.94945,40.795,-73.9645,member
582482,6DC833492EF01A06,docked_bike,2021-04-26 15:56:51,2021-04-26 16:10:12,Adam Clayton Powell Blvd & W 118 St,7670,W 100 St & Manhattan Ave,7538,40.804372,-73.951475,40.795,-73.9645,member
582503,4449F51C9CE556AC,docked_bike,2021-04-08 15:24:55,2021-04-08 15:26:17,Central Park W & W 103 St,7577,W 100 St & Manhattan Ave,7538,40.796036,-73.961589,40.795,-73.9645,member
582507,FEC6B19C9FF97DF1,docked_bike,2021-04-06 16:39:51,2021-04-06 16:42:06,W 106 St & Central Park West,7606,W 100 St & Manhattan Ave,7538,40.798186,-73.960591,40.795,-73.9645,member
582508,6C85FC8CA8FB41CC,docked_bike,2021-04-18 10:12:23,2021-04-18 10:15:50,W 106 St & Central Park West,7606,W 100 St & Manhattan Ave,7538,40.798185,-73.96059,40.795,-73.9645,member
582513,D12FCBB390DAEF83,docked_bike,2021-04-08 12:05:18,2021-04-08 12:12:33,W 106 St & Central Park West,7606,W 100 St & Manhattan Ave,7538,40.798185,-73.96059,40.795,-73.9645,member
582515,177A8814566FCBDE,docked_bike,2021-04-27 09:48:24,2021-04-27 09:51:18,Central Park W & W 103 St,7577,W 100 St & Manhattan Ave,7538,40.796036,-73.961589,40.795,-73.9645,casual
582525,74597F69DEC2244D,docked_bike,2021-04-14 07:05:14,2021-04-14 07:45:56,E 6 St & Avenue D,5506,W 100 St & Manhattan Ave,7538,40.72228,-73.976687,40.795,-73.9645,member
582558,9152BA4AE4F5251F,docked_bike,2021-04-22 12:28:44,2021-04-22 12:31:45,W 100 St & Broadway,7580,W 100 St & Manhattan Ave,7538,40.797372,-73.970411,40.795,-73.9645,member
582561,0338881F24BDAA1F,docked_bike,2021-04-06 15:34:26,2021-04-06 16:10:12,W 100 St & Broadway,7580,W 100 St & Manhattan Ave,7538,40.797372,-73.970411,40.795,-73.9645,casual
582573,748A5DFAE81D9DF4,docked_bike,2021-04-10 07:46:20,2021-04-10 07:48:46,W 100 St & Broadway,7580,W 100 St & Manhattan Ave,7538,40.797372,-73.970411,40.795,-73.9645,member
582579,126FBEFF80CFA814,docked_bike,2021-04-18 08:26:57,2021-04-18 08:29:44,W 100 St & Broadway,7580,W 100 St & Manhattan Ave,7538,40.797372,-73.970411,40.795,-73.9645,member
582591,82C09D772AC439FD,docked_bike,2021-04-03 10:53:34,2021-04-03 11:13:07,W 169 St & Fort Washington Ave,8282,W 100 St & Manhattan Ave,7538,40.842842,-73.942125,40.795,-73.9645,member
582607,796C94BBA95D0CB0,docked_bike,2021-04-24 08:27:06,2021-04-24 08:30:13,W 100 St & Broadway,7580,W 100 St & Manhattan Ave,7538,40.797372,-73.970411,40.795,-73.9645,member
582608,2A743196857176FB,docked_bike,2021-04-23 06:52:41,2021-04-23 06:55:28,W 100 St & Broadway,7580,W 100 St & Manhattan Ave,7538,40.797372,-73.970411,40.795,-73.9645,member
582611,CD634B28954CA55A,docked_bike,2021-04-26 07:54:57,2021-04-26 07:56:51,W 100 St & Broadway,7580,W 100 St & Manhattan Ave,7538,40.797372,-73.970411,40.795,-73.9645,member
582612,CD0E28DF239292E7,docked_bike,2021-04-30 15:45:46,2021-04-30 15:47:56,W 100 St & Broadway,7580,W 100 St & Manhattan Ave,7538,40.797372,-73.970411,40.795,-73.9645,member
582613,F950E8A22FCD2F1F,docked_bike,2021-04-26 16:00:39,2021-04-26 16:02:48,W 100 St & Broadway,7580,W 100 St & Manhattan Ave,7538,40.797372,-73.970411,40.795,-73.9645,member
582615,8E1E50ED1101F2C1,docked_bike,2021-04-23 16:24:35,2021-04-23 16:26:42,W 100 St & Broadway,7580,W 100 St & Manhattan Ave,7538,40.797372,-73.970411,40.795,-73.9645,member
582616,353D04E943B7D7C8,docked_bike,2021-04-17 08:24:57,2021-04-17 08:28:07,W 100 St & Broadway,7580,W 100 St & Manhattan Ave,7538,40.797372,-73.970411,40.795,-73.9645,member
582618,7985A7F3D1F4E5F6,docked_bike,2021-04-01 18:46:13,2021-04-01 19:29:47,W 100 St & Broadway,7580,W 100 St & Manhattan Ave,7538,40.797372,-73.970412,40.795,-73.9645,casual
582619,7D8EA63A5FA5BC76,docked_bike,2021-04-05 17:06:29,2021-04-05 17:08:55,W 100 St & Broadway,7580,W 100 St & Manhattan Ave,7538,40.797372,-73.970411,40.795,-73.9645,member
582620,617E7D31B893978D,docked_bike,2021-04-22 16:48:14,2021-04-22 16:51:29,W 100 St & Broadway,7580,W 100 St & Manhattan Ave,7538,40.797372,-73.970411,40.795,-73.9645,member
582625,A545A06243D57A09,docked_bike,2021-04-08 07:24:57,2021-04-08 07:27:09,W 100 St & Broadway,7580,W 100 St & Manhattan Ave,7538,40.797372,-73.970411,40.795,-73.9645,member
582626,929C55B7413DD244,docked_bike,2021-04-03 15:00:47,2021-04-03 15:02:44,W 100 St & Broadway,7580,W 100 St & Manhattan Ave,7538,40.797372,-73.970411,40.795,-73.9645,member
582627,17883C885A0D3B71,docked_bike,2021-04-14 08:30:02,2021-04-14 08:32:41,W 100 St & Broadway,7580,W 100 St & Manhattan Ave,7538,40.797372,-73.970411,40.795,-73.9645,member
582628,1FA8C8A05D3D4012,docked_bike,2021-04-27 13:35:13,2021-04-27 13:37:29,W 100 St & Broadway,7580,W 100 St & Manhattan Ave,7538,40.797372,-73.970411,40.795,-73.9645,member
582629,8E107A407FEBE393,docked_bike,2021-04-09 17:35:54,2021-04-09 17:44:02,W 100 St & Broadway,7580,W 100 St & Manhattan Ave,7538,40.797372,-73.970411,40.795,-73.9645,member
582630,8D34A09B10642A86,docked_bike,2021-04-01 09:45:37,2021-04-01 09:47:36,W 100 St & Broadway,7580,W 100 St & Manhattan Ave,7538,40.797372,-73.970411,40.795,-73.9645,member
582631,7B8ECE41728964D1,docked_bike,2021-04-23 08:13:58,2021-04-23 08:16:11,W 100 St & Broadway,7580,W 100 St & Manhattan Ave,7538,40.797372,-73.970411,40.795,-73.9645,member
582632,F91FDB2544C3E4FB,docked_bike,2021-04-13 14:04:08,2021-04-13 14:05:50,W 100 St & Broadway,7580,W 100 St & Manhattan Ave,7538,40.797372,-73.970411,40.795,-73.9645,member
582633,02AC8F4D74D46E07,docked_bike,2021-04-02 09:33:33,2021-04-02 09:35:44,W 100 St & Broadway,7580,W 100 St & Manhattan Ave,7538,40.797372,-73.970411,40.795,-73.9645,member
582634,6D5D52837D9D784B,docked_bike,2021-04-12 16:38:20,2021-04-12 16:49:38,2 Ave & E 104 St,7436,W 100 St & Manhattan Ave,7538,40.78921,-73.943707,40.795,-73.9645,member
582639,22B6183D6CAB9E70,docked_bike,2021-04-04 14:07:07,2021-04-04 14:09:20,W 100 St & Broadway,7580,W 100 St & Manhattan Ave,7538,40.797372,-73.970411,40.795,-73.9645,member
582640,57609F1411AA918B,docked_bike,2021-04-17 12:00:20,2021-04-17 12:03:14,W 100 St & Broadway,7580,W 100 St & Manhattan Ave,7538,40.797372,-73.970411,40.795,-73.9645,member
582642,4266B3B750483694,docked_bike,2021-04-10 13:23:17,2021-04-10 13:44:18,E 102 St & 1 Ave,7407,W 100 St & Manhattan Ave,7538,40.786994,-73.941648,40.795,-73.9645,member
582643,35ED4925E1A048B4,docked_bike,2021-04-14 17:12:33,2021-04-14 17:18:10,W 100 St & Broadway,7580,W 100 St & Manhattan Ave,7538,40.797372,-73.970411,40.795,-73.9645,member
582645,62F6ECB28091FDC1,docked_bike,2021-04-26 23:11:47,2021-04-26 23:14:49,W 100 St & Broadway,7580,W 100 St & Manhattan Ave,7538,40.797372,-73.970412,40.795,-73.9645,member
582646,AAD1421AE478852D,docked_bike,2021-04-20 17:32:04,2021-04-20 17:34:17,W 100 St & Broadway,7580,W 100 St & Manhattan Ave,7538,40.797372,-73.970411,40.795,-73.9645,member
582654,7D26DA568661D345,docked_bike,2021-04-18 11:48:39,2021-04-18 12:02:44,W 59 St & 10 Ave,7023,W 100 St & Manhattan Ave,7538,40.770513,-73.988038,40.795,-73.9645,member
582655,B26812F60F863C01,docked_bike,2021-04-27 07:57:27,2021-04-27 07:59:54,W 100 St & Broadway,7580,W 100 St & Manhattan Ave,7538,40.797372,-73.970411,40.795,-73.9645,member
582656,390B1BFCAF661AF8,docked_bike,2021-04-21 16:13:09,2021-04-21 16:32:37,E 48 St & 3 Ave,6541,W 100 St & Manhattan Ave,7538,40.754601,-73.971878,40.795,-73.9645,member
582657,696D4D5B17444AF9,docked_bike,2021-04-22 16:14:25,2021-04-22 16:34:22,E 48 St & 3 Ave,6541,W 100 St & Manhattan Ave,7538,40.754601,-73.971878,40.795,-73.9645,member
582660,C106823E30A431D2,docked_bike,2021-04-26 15:31:09,2021-04-26 15:53:33,E 48 St & 3 Ave,6541,W 100 St & Manhattan Ave,7538,40.754601,-73.971878,40.795,-73.9645,member
582661,AB052290D4223579,docked_bike,2021-04-18 10:46:56,2021-04-18 10:49:27,W 100 St & Broadway,7580,W 100 St & Manhattan Ave,7538,40.797372,-73.970411,40.795,-73.9645,member
582662,146DF13DDEC76CF2,docked_bike,2021-04-28 12:19:43,2021-04-28 12:22:29,W 100 St & Broadway,7580,W 100 St & Manhattan Ave,7538,40.797372,-73.970411,40.795,-73.9645,member
582684,3582702D10C50C73,docked_bike,2021-04-07 13:37:26,2021-04-07 13:56:31,E 74 St & 1 Ave,6953,W 100 St & Manhattan Ave,7538,40.768973,-73.954822,40.795,-73.9645,member
582712,286CCB8A9FFE4681,docked_bike,2021-04-07 09:06:13,2021-04-07 09:20:11,Convent Ave & W 135 St,7860,W 100 St & Manhattan Ave,7538,40.818215,-73.950988,40.795,-73.9645,casual
582717,3CAC54C45E019E2A,docked_bike,2021-04-08 19:16:33,2021-04-08 19:27:37,Lenox Ave & W 126 St,7720,W 100 St & Manhattan Ave,7538,40.808442,-73.945208,40.795,-73.9645,member
582721,33E0034904145D1A,docked_bike,2021-04-02 14:44:40,2021-04-02 14:57:01,Lenox Ave & W 126 St,7720,W 100 St & Manhattan Ave,7538,40.808442,-73.945208,40.795,-73.9645,member
582742,578EE9476C4A6C70,docked_bike,2021-04-16 11:09:13,2021-04-16 11:28:56,Edgecombe Ave & W 141 St,7915,W 100 St & Manhattan Ave,7538,40.820681,-73.945144,40.795,-73.9645,casual
582753,BE315C574F55A902,docked_bike,2021-04-24 18:09:39,2021-04-24 18:14:44,Central Park West & W 85 St,7354,W 100 St & Manhattan Ave,7538,40.78476,-73.969862,40.795,-73.9645,member
582757,25F01956C8488DA2,docked_bike,2021-04-05 18:49:55,2021-04-05 19:22:00,Central Park West & W 85 St,7354,W 100 St & Manhattan Ave,7538,40.78476,-73.969862,40.795,-73.9645,casual
582766,34051D4E102181BA,docked_bike,2021-04-19 17:19:04,2021-04-19 17:31:27,Adam Clayton Powell Blvd & W 115 St,7643,W 100 St & Manhattan Ave,7538,40.802535,-73.953242,40.795,-73.9645,member
582768,761A68BBA24552DA,docked_bike,2021-04-08 18:34:34,2021-04-08 18:59:52,E 55 St & 2 Ave,6650,W 100 St & Manhattan Ave,7538,40.757973,-73.966033,40.795,-73.9645,casual
582770,AA3B56DDD903A7FD,docked_bike,2021-04-17 17:40:27,2021-04-17 18:04:53,W 24 St & 7 Ave,6257,W 100 St & Manhattan Ave,7538,40.744876,-73.995298,40.795,-73.9645,member
582772,27326F750734C2EE,docked_bike,2021-04-13 18:31:12,2021-04-13 18:44:07,Broadway & W 60 St,6948,W 100 St & Manhattan Ave,7538,40.769155,-73.981918,40.795,-73.9645,member
582778,CBD5268132FCE3AF,docked_bike,2021-04-09 10:35:06,2021-04-09 11:13:00,W 24 St & 7 Ave,6257,W 100 St & Manhattan Ave,7538,40.744876,-73.995298,40.795,-73.9645,casual
582844,B2A624FA2AFE0351,docked_bike,2021-04-21 23:11:05,2021-04-21 23:17:32,E 106 St & Lexington Ave,7504,W 100 St & Manhattan Ave,7538,40.791976,-73.945993,40.795,-73.9645,casual
582859,882FF43E1BA32418,docked_bike,2021-04-30 12:49:11,2021-04-30 12:51:17,W 100 St & Broadway,7580,W 100 St & Manhattan Ave,7538,40.797372,-73.970411,40.795,-73.9645,member
582860,C98EB5FD1F7BFB09,docked_bike,2021-04-17 11:07:47,2021-04-17 11:10:30,W 100 St & Broadway,7580,W 100 St & Manhattan Ave,7538,40.797372,-73.970411,40.795,-73.9645,member
582861,C171086936A1C514,docked_bike,2021-04-14 07:43:18,2021-04-14 07:47:13,W 100 St & Broadway,7580,W 100 St & Manhattan Ave,7538,40.797372,-73.970411,40.795,-73.9645,member
582862,3F17464F342FCA4D,docked_bike,2021-04-25 13:24:12,2021-04-25 13:28:31,W 100 St & Broadway,7580,W 100 St & Manhattan Ave,7538,40.797372,-73.970411,40.795,-73.9645,member
582863,56E9D60EBB2407BA,docked_bike,2021-04-20 15:46:53,2021-04-20 15:51:02,W 100 St & Broadway,7580,W 100 St & Manhattan Ave,7538,40.797372,-73.970411,40.795,-73.9645,member
582865,67B509C1B353CC1D,docked_bike,2021-04-29 16:34:51,2021-04-29 16:37:50,W 100 St & Broadway,7580,W 100 St & Manhattan Ave,7538,40.797372,-73.970411,40.795,-73.9645,member
582870,D0C9DAE20D8B9595,docked_bike,2021-04-15 09:47:38,2021-04-15 09:51:29,W 100 St & Broadway,7580,W 100 St & Manhattan Ave,7538,40.797372,-73.970411,40.795,-73.9645,member
582871,7374521BD75A31B5,docked_bike,2021-04-21 09:47:08,2021-04-21 09:49:51,W 100 St & Broadway,7580,W 100 St & Manhattan Ave,7538,40.797372,-73.970411,40.795,-73.9645,member
582872,44C703A5BD874BE2,docked_bike,2021-04-24 08:37:15,2021-04-24 08:39:35,W 100 St & Broadway,7580,W 100 St & Manhattan Ave,7538,40.797372,-73.970411,40.795,-73.9645,member
582873,6F1CB909D734A809,docked_bike,2021-04-29 19:08:36,2021-04-29 19:10:51,W 100 St & Broadway,7580,W 100 St & Manhattan Ave,7538,40.797372,-73.970411,40.795,-73.9645,member
582876,436C6C4DB350B300,docked_bike,2021-04-28 16:53:04,2021-04-28 16:55:42,W 100 St & Broadway,7580,W 100 St & Manhattan Ave,7538,40.797372,-73.970411,40.795,-73.9645,member
582877,B67930DFEFDADDE8,docked_bike,2021-04-18 12:47:27,2021-04-18 13:18:07,Central Park West & W 85 St,7354,W 100 St & Manhattan Ave,7538,40.78476,-73.969862,40.795,-73.9645,member
582884,9E761DA6C20FC8D8,docked_bike,2021-04-29 10:33:51,2021-04-29 10:40:01,Adam Clayton Powell Blvd & W 115 St,7643,W 100 St & Manhattan Ave,7538,40.802535,-73.953242,40.795,-73.9645,member
582893,07F647CF68A9C21D,docked_bike,2021-04-17 13:57:18,2021-04-17 14:23:26,W 59 St & 10 Ave,7023,W 100 St & Manhattan Ave,7538,40.770513,-73.988038,40.795,-73.9645,member
582894,C242B7BEA4E2EE96,docked_bike,2021-04-19 16:48:44,2021-04-19 17:05:33,2 Ave & E 104 St,7436,W 100 St & Manhattan Ave,7538,40.78921,-73.943707,40.795,-73.9645,casual
582898,69B10C8CCA580D52,docked_bike,2021-04-03 11:34:34,2021-04-03 11:39:03,W 100 St & Broadway,7580,W 100 St & Manhattan Ave,7538,40.797372,-73.970412,40.795,-73.9645,casual
582899,1279CF08E224241E,docked_bike,2021-04-08 09:42:31,2021-04-08 09:44:32,W 100 St & Broadway,7580,W 100 St & Manhattan Ave,7538,40.797372,-73.970411,40.795,-73.9645,member
582900,0DDD11686E64F595,docked_bike,2021-04-27 08:38:06,2021-04-27 08:40:25,W 100 St & Broadway,7580,W 100 St & Manhattan Ave,7538,40.797372,-73.970411,40.795,-73.9645,member
582901,01F4DA2BB7E6AF26,docked_bike,2021-04-08 15:28:55,2021-04-08 15:31:50,W 100 St & Broadway,7580,W 100 St & Manhattan Ave,7538,40.797372,-73.970411,40.795,-73.9645,member
582902,31D043F9914DA217,docked_bike,2021-04-20 17:40:23,2021-04-20 17:47:56,W 100 St & Broadway,7580,W 100 St & Manhattan Ave,7538,40.797372,-73.970411,40.795,-73.9645,member
582903,E91CD99F7CD0D5C2,docked_bike,2021-04-08 15:08:03,2021-04-08 15:20:42,2 Ave & E 104 St,7436,W 100 St & Manhattan Ave,7538,40.78921,-73.943707,40.795,-73.9645,casual
582911,19052255A003FF14,docked_bike,2021-04-23 21:33:23,2021-04-23 21:38:49,Central Park West & W 85 St,7354,W 100 St & Manhattan Ave,7538,40.78476,-73.969862,40.795,-73.9645,member
582922,C6312557A239BB2C,docked_bike,2021-04-13 08:50:00,2021-04-13 09:11:13,W 47 St & 10 Ave,6824,W 100 St & Manhattan Ave,7538,40.762698,-73.993012,40.795,-73.9645,member
582928,958FCFF1944E85FC,docked_bike,2021-04-08 06:34:14,2021-04-08 06:44:41,W 59 St & 10 Ave,7023,W 100 St & Manhattan Ave,7538,40.770513,-73.988038,40.795,-73.9645,member
582930,29136EFFEB8E3C18,docked_bike,2021-04-17 12:12:03,2021-04-17 12:18:13,W 100 St & Broadway,7580,W 100 St & Manhattan Ave,7538,40.797372,-73.970411,40.795,-73.9645,member
582931,074F29A4B5BA1024,docked_bike,2021-04-08 18:52:04,2021-04-08 18:54:07,W 100 St & Broadway,7580,W 100 St & Manhattan Ave,7538,40.797372,-73.970411,40.795,-73.9645,member
582935,CA7ABC2EAB4296F2,docked_bike,2021-04-13 17:06:20,2021-04-13 17:11:51,W 100 St & Broadway,7580,W 100 St & Manhattan Ave,7538,40.797372,-73.970411,40.795,-73.9645,casual
582937,B60DC385615FF0AA,docked_bike,2021-04-29 16:32:47,2021-04-29 16:44:00,E 102 St & 1 Ave,7407,W 100 St & Manhattan Ave,7538,40.786994,-73.941648,40.795,-73.9645,member
582941,DC0180C3E78F21A7,docked_bike,2021-04-24 11:47:37,2021-04-24 11:50:51,W 100 St & Broadway,7580,W 100 St & Manhattan Ave,7538,40.797372,-73.970411,40.795,-73.9645,member
582987,3C4E13F9FA4272E2,docked_bike,2021-04-19 14:06:43,2021-04-19 14:11:49,Central Park West & W 85 St,7354,W 100 St & Manhattan Ave,7538,40.78476,-73.969862,40.795,-73.9645,member
582988,815574D906386B4E,docked_bike,2021-04-07 13:42:50,2021-04-07 13:49:01,Central Park West & W 85 St,7354,W 100 St & Manhattan Ave,7538,40.78476,-73.969862,40.795,-73.9645,member
582991,CB45CBA7306B5031,docked_bike,2021-04-12 16:27:14,2021-04-12 16:33:08,Central Park West & W 85 St,7354,W 100 St & Manhattan Ave,7538,40.78476,-73.969862,40.795,-73.9645,member
582992,0149643D7AC2FD07,docked_bike,2021-04-06 16:38:02,2021-04-06 16:44:36,Central Park West & W 85 St,7354,W 100 St & Manhattan Ave,7538,40.78476,-73.969862,40.795,-73.9645,member
582993,2F7F3FE7F1671ECC,docked_bike,2021-04-08 18:06:44,2021-04-08 18:35:29,Central Park West & W 85 St,7354,W 100 St & Manhattan Ave,7538,40.78476,-73.969862,40.795,-73.9645,member
582997,BC6EA0147A36E474,docked_bike,2021-04-17 17:12:40,2021-04-17 17:32:45,Central Park S & 6 Ave,6876,W 100 St & Manhattan Ave,7538,40.765909,-73.976341,40.795,-73.9645,casual
582999,13900727EED3D20C,docked_bike,2021-04-05 17:41:30,2021-04-05 18:02:37,Central Park S & 6 Ave,6876,W 100 St & Manhattan Ave,7538,40.765909,-73.976341,40.795,-73.9645,member
583004,EEBAA653521C0B51,docked_bike,2021-04-09 18:06:01,2021-04-09 18:18:15,E 110 St & Madison Ave,7587,W 100 St & Manhattan Ave,7538,40.796153,-73.947821,40.795,-73.9645,member
583056,C749ED8DCFE278C5,docked_bike,2021-04-30 16:28:36,2021-04-30 16:37:13,E 110 St & Madison Ave,7587,W 100 St & Manhattan Ave,7538,40.796153,-73.947821,40.795,-73.9645,member
583066,526B9406A05B1A2E,docked_bike,2021-04-27 18:48:58,2021-04-27 19:03:57,Central Park S & 6 Ave,6876,W 100 St & Manhattan Ave,7538,40.765909,-73.976341,40.795,-73.9645,member
583067,A83AAE3B43BB760C,docked_bike,2021-04-29 18:44:55,2021-04-29 18:59:52,Central Park S & 6 Ave,6876,W 100 St & Manhattan Ave,7538,40.765909,-73.976341,40.795,-73.9645,member
583072,B712BC5C46229855,docked_bike,2021-04-07 12:11:39,2021-04-07 12:29:07,Frederick Douglass Blvd & W 145 St,7954,W 100 St & Manhattan Ave,7538,40.823061,-73.941928,40.795,-73.9645,member
583077,272C2D7667B519C6,docked_bike,2021-04-20 17:12:13,2021-04-20 17:31:05,E 58 St & 3 Ave,6762,W 100 St & Manhattan Ave,7538,40.760957,-73.967244,40.795,-73.9645,casual
583080,CF2ABCAE05AAB85C,docked_bike,2021-04-07 15:36:48,2021-04-07 16:21:24,W 11 St & 6 Ave,5914,W 100 St & Manhattan Ave,7538,40.735324,-73.998004,40.795,-73.9645,member
583087,356B9901CDAFAC0E,docked_bike,2021-04-29 16:56:30,2021-04-29 17:09:17,West End Ave & W 78 St,7340,W 100 St & Manhattan Ave,7538,40.783786,-73.981687,40.795,-73.9645,member
583088,F52630842F54162C,docked_bike,2021-04-26 14:54:08,2021-04-26 14:59:44,Central Park West & W 85 St,7354,W 100 St & Manhattan Ave,7538,40.78476,-73.969862,40.795,-73.9645,member
583109,97EC8E19E8D6F9FE,docked_bike,2021-04-04 18:26:24,2021-04-04 18:34:23,Central Park West & W 85 St,7354,W 100 St & Manhattan Ave,7538,40.78476,-73.969862,40.795,-73.9645,member
583115,9DE9D719519009E2,docked_bike,2021-04-21 20:33:05,2021-04-21 20:37:11,Central Park West & W 85 St,7354,W 100 St & Manhattan Ave,7538,40.78476,-73.969862,40.795,-73.9645,member
583117,956CC1B6BF530159,docked_bike,2021-04-21 21:03:01,2021-04-21 21:07:28,Central Park West & W 85 St,7354,W 100 St & Manhattan Ave,7538,40.78476,-73.969862,40.795,-73.9645,member
583139,7359FF3F785F442C,docked_bike,2021-04-09 18:33:33,2021-04-09 18:38:58,W 90 St & Amsterdam Ave,7432,W 100 St & Manhattan Ave,7538,40.790179,-73.972889,40.795,-73.9645,member
583147,9FC3093E16112F5E,docked_bike,2021-04-26 16:23:46,2021-04-26 16:30:08,W 90 St & Amsterdam Ave,7432,W 100 St & Manhattan Ave,7538,40.790179,-73.972889,40.795,-73.9645,member
583158,15DDBC77DF17DDE3,docked_bike,2021-04-23 16:56:57,2021-04-23 17:17:43,Central Park S & 6 Ave,6876,W 100 St & Manhattan Ave,7538,40.765909,-73.976341,40.795,-73.9645,member
583159,3144050DCB3401DD,docked_bike,2021-04-20 15:21:15,2021-04-20 15:38:25,Central Park S & 6 Ave,6876,W 100 St & Manhattan Ave,7538,40.765909,-73.976341,40.795,-73.9645,member
583166,BCA37E80402D7AE8,docked_bike,2021-04-13 19:11:22,2021-04-13 19:15:12,W 106 St & Central Park West,7606,W 100 St & Manhattan Ave,7538,40.798185,-73.96059,40.795,-73.9645,casual
583168,F30786A9FF7AC0FF,docked_bike,2021-04-29 16:53:49,2021-04-29 16:56:26,W 106 St & Central Park West,7606,W 100 St & Manhattan Ave,7538,40.798185,-73.96059,40.795,-73.9645,member
583169,FF45C1CE7D126411,docked_bike,2021-04-27 16:56:42,2021-04-27 16:59:42,W 106 St & Central Park West,7606,W 100 St & Manhattan Ave,7538,40.798185,-73.96059,40.795,-73.9645,member
583182,F7BAF2BC2C1531EB,docked_bike,2021-04-04 13:53:57,2021-04-04 14:31:59,Central Park W & W 103 St,7577,W 100 St & Manhattan Ave,7538,40.796036,-73.961589,40.795,-73.9645,casual
583183,CBD14FFA8FC2D2AB,docked_bike,2021-04-14 18:01:20,2021-04-14 18:28:25,Central Park W & W 103 St,7577,W 100 St & Manhattan Ave,7538,40.796036,-73.961589,40.795,-73.9645,member
583189,648C76F162144D46,docked_bike,2021-04-11 20:17:15,2021-04-11 20:22:31,W 90 St & Amsterdam Ave,7432,W 100 St & Manhattan Ave,7538,40.790179,-73.972889,40.795,-73.9645,casual
583194,B646F3DD172635C9,docked_bike,2021-04-09 18:26:21,2021-04-09 18:41:32,1 Ave & E 68 St,6822,W 100 St & Manhattan Ave,7538,40.765005,-73.958184,40.795,-73.9645,member
583206,A13C9D4885DBA90A,docked_bike,2021-04-04 11:18:59,2021-04-04 11:23:17,W 90 St & Amsterdam Ave,7432,W 100 St & Manhattan Ave,7538,40.790179,-73.972889,40.795,-73.9645,member
583210,FAC7AC7E7D3BDF6E,docked_bike,2021-04-04 14:45:24,2021-04-04 15:35:51,Perry St & Bleecker St,5922,W 100 St & Manhattan Ave,7538,40.735353,-74.00483,40.795,-73.9645,member
583211,0B044802C1DF47B5,docked_bike,2021-04-01 16:23:15,2021-04-01 16:55:17,1 Ave & E 44 St,6379,W 100 St & Manhattan Ave,7538,40.750019,-73.969053,40.795,-73.9645,member
583212,A0CCAFD8A3AA9FB9,docked_bike,2021-04-08 08:28:32,2021-04-08 08:36:17,W 90 St & Amsterdam Ave,7432,W 100 St & Manhattan Ave,7538,40.790179,-73.972889,40.795,-73.9645,member
583214,529CFB865C961296,docked_bike,2021-04-07 19:03:08,2021-04-07 19:16:30,W 90 St & Amsterdam Ave,7432,W 100 St & Manhattan Ave,7538,40.790179,-73.972889,40.795,-73.9645,member
583215,587A2C88684CCFB5,docked_bike,2021-04-27 14:00:05,2021-04-27 14:06:11,W 90 St & Amsterdam Ave,7432,W 100 St & Manhattan Ave,7538,40.790179,-73.972889,40.795,-73.9645,member
583236,228472A8E4D055A7,docked_bike,2021-04-29 16:22:00,2021-04-29 16:43:33,1 Ave & E 68 St,6822,W 100 St & Manhattan Ave,7538,40.765005,-73.958184,40.795,-73.9645,member
583254,3BEEADCADC663963,docked_bike,2021-04-23 14:00:04,2021-04-23 14:45:32,W 160 St & St. Nicholas Ave,8138,W 100 St & Manhattan Ave,7538,40.834468,-73.939865,40.795,-73.9645,member
583260,C05BA9C0C1898AFE,docked_bike,2021-04-27 17:22:05,2021-04-27 17:45:21,1 Ave & E 68 St,6822,W 100 St & Manhattan Ave,7538,40.765005,-73.958184,40.795,-73.9645,member
583290,AB71BBD9C5F3D53F,docked_bike,2021-04-03 06:31:40,2021-04-03 06:33:59,W 100 St & Broadway,7580,W 100 St & Manhattan Ave,7538,40.797372,-73.970411,40.795,-73.9645,member
583292,C2D1A79E06B21464,docked_bike,2021-04-26 11:21:12,2021-04-26 11:23:57,W 100 St & Broadway,7580,W 100 St & Manhattan Ave,7538,40.797372,-73.970411,40.795,-73.9645,casual
583295,2A6629210147BFFE,docked_bike,2021-04-26 16:52:04,2021-04-26 17:23:43,E 48 St & 3 Ave,6541,W 100 St & Manhattan Ave,7538,40.754601,-73.971878,40.795,-73.9645,member
583297,A5400CA1EA91C9FB,docked_bike,2021-04-27 15:50:17,2021-04-27 16:14:33,E 58 St & 1 Ave (NE Corner),6682,W 100 St & Manhattan Ave,7538,40.758923,-73.962262,40.795,-73.9645,member
583301,A4317F1154E980F8,docked_bike,2021-04-29 13:07:44,2021-04-29 13:10:53,W 100 St & Broadway,7580,W 100 St & Manhattan Ave,7538,40.797372,-73.970411,40.795,-73.9645,member
583305,A3EA484C6915FEC6,docked_bike,2021-04-13 10:21:02,2021-04-13 10:24:05,W 100 St & Broadway,7580,W 100 St & Manhattan Ave,7538,40.797372,-73.970411,40.795,-73.9645,member
583306,0D80031E6F98520A,docked_bike,2021-04-03 11:45:21,2021-04-03 11:48:00,W 100 St & Broadway,7580,W 100 St & Manhattan Ave,7538,40.797372,-73.970411,40.795,-73.9645,casual
583307,F6A9A7FF68971A9E,docked_bike,2021-04-18 15:31:52,2021-04-18 15:35:23,W 100 St & Broadway,7580,W 100 St & Manhattan Ave,7538,40.797372,-73.970411,40.795,-73.9645,member
583308,5578C2C3463F4286,docked_bike,2021-04-14 07:59:11,2021-04-14 08:06:15,W 100 St & Broadway,7580,W 100 St & Manhattan Ave,7538,40.797372,-73.970412,40.795,-73.9645,member
583309,3A8B1B795A4AC324,docked_bike,2021-04-13 09:40:24,2021-04-13 09:56:55,W 100 St & Broadway,7580,W 100 St & Manhattan Ave,7538,40.797372,-73.970411,40.795,-73.9645,casual
583312,7052DD8900B279D0,docked_bike,2021-04-18 10:09:19,2021-04-18 11:36:51,W 100 St & Broadway,7580,W 100 St & Manhattan Ave,7538,40.797372,-73.970411,40.795,-73.9645,casual
583313,2D0F96CB03B59922,docked_bike,2021-04-09 13:01:30,2021-04-09 13:23:49,E 58 St & 1 Ave (NE Corner),6682,W 100 St & Manhattan Ave,7538,40.758924,-73.962262,40.795,-73.9645,member
583314,D3FE3FA5467625CB,docked_bike,2021-04-04 11:52:16,2021-04-04 11:58:31,W 100 St & Broadway,7580,W 100 St & Manhattan Ave,7538,40.797372,-73.970412,40.795,-73.9645,member
583315,36FA76F4C1D72D3A,docked_bike,2021-04-08 13:21:54,2021-04-08 13:25:19,W 100 St & Broadway,7580,W 100 St & Manhattan Ave,7538,40.797372,-73.970412,40.795,-73.9645,member
583322,C6B24F063E613811,docked_bike,2021-04-17 13:04:43,2021-04-17 13:09:00,W 100 St & Broadway,7580,W 100 St & Manhattan Ave,7538,40.797372,-73.970411,40.795,-73.9645,member
583327,74D7DACE6818DFB6,docked_bike,2021-04-22 15:23:37,2021-04-22 15:26:49,W 100 St & Broadway,7580,W 100 St & Manhattan Ave,7538,40.797372,-73.970411,40.795,-73.9645,member
583328,AA080AA347B9C2FD,docked_bike,2021-04-28 06:56:30,2021-04-28 06:59:43,W 100 St & Broadway,7580,W 100 St & Manhattan Ave,7538,40.797372,-73.970411,40.795,-73.9645,member
583329,1FB00672A7CA3C65,docked_bike,2021-04-23 14:46:26,2021-04-23 14:49:10,W 100 St & Broadway,7580,W 100 St & Manhattan Ave,7538,40.797372,-73.970411,40.795,-73.9645,member
583332,DDF217C80492ABF3,docked_bike,2021-04-20 16:24:05,2021-04-20 16:43:14,Madison Av & E 51 St,6659,W 100 St & Manhattan Ave,7538,40.75863,-73.97513,40.795,-73.9645,member
583335,AFE881F9516D7F16,docked_bike,2021-04-04 13:31:24,2021-04-04 13:36:08,W 100 St & Broadway,7580,W 100 St & Manhattan Ave,7538,40.797372,-73.970411,40.795,-73.9645,member
583336,2E2E0F9A4712F9C2,docked_bike,2021-04-02 15:54:45,2021-04-02 15:56:45,W 100 St & Broadway,7580,W 100 St & Manhattan Ave,7538,40.797372,-73.970412,40.795,-73.9645,member
583339,7B148F77C269E011,docked_bike,2021-04-13 17:07:29,2021-04-13 17:50:10,W 100 St & Broadway,7580,W 100 St & Manhattan Ave,7538,40.797372,-73.970411,40.795,-73.9645,casual
583341,8F9713759272AA2A,docked_bike,2021-04-07 02:31:12,2021-04-07 02:35:07,W 100 St & Broadway,7580,W 100 St & Manhattan Ave,7538,40.797372,-73.970411,40.795,-73.9645,casual
583345,0B84558C2D512BF2,docked_bike,2021-04-09 18:10:48,2021-04-09 18:16:49,W 100 St & Broadway,7580,W 100 St & Manhattan Ave,7538,40.797372,-73.970411,40.795,-73.9645,member
583354,3CA9EEACBD33DEF5,docked_bike,2021-04-13 10:54:43,2021-04-13 11:24:11,W 100 St & Broadway,7580,W 100 St & Manhattan Ave,7538,40.797372,-73.970411,40.795,-73.9645,casual
583357,951C986C202A0BFB,docked_bike,2021-04-15 08:38:04,2021-04-15 08:40:38,W 100 St & Broadway,7580,W 100 St & Manhattan Ave,7538,40.797372,-73.970411,40.795,-73.9645,member
583358,6EC0D9E8267B0265,docked_bike,2021-04-19 16:31:50,2021-04-19 16:34:21,W 100 St & Broadway,7580,W 100 St & Manhattan Ave,7538,40.797372,-73.970411,40.795,-73.9645,member
583364,5AB9F675A9F9F2C5,docked_bike,2021-04-06 16:17:29,2021-04-06 16:38:49,E 48 St & 3 Ave,6541,W 100 St & Manhattan Ave,7538,40.754601,-73.971878,40.795,-73.9645,member
583365,3C8F31B1B8CA4894,docked_bike,2021-04-16 16:09:11,2021-04-16 16:30:28,E 48 St & 3 Ave,6541,W 100 St & Manhattan Ave,7538,40.754601,-73.971878,40.795,-73.9645,member
583367,CD99F545E8E5E32D,docked_bike,2021-04-20 14:16:03,2021-04-20 14:20:26,W 100 St & Broadway,7580,W 100 St & Manhattan Ave,7538,40.797372,-73.970411,40.795,-73.9645,member
583369,3EF8494B55A47336,docked_bike,2021-04-15 14:55:18,2021-04-15 14:58:37,W 100 St & Broadway,7580,W 100 St & Manhattan Ave,7538,40.797372,-73.970411,40.795,-73.9645,member
583371,983E9F89A37763D7,docked_bike,2021-04-29 09:39:58,2021-04-29 09:42:39,W 100 St & Broadway,7580,W 100 St & Manhattan Ave,7538,40.797372,-73.970411,40.795,-73.9645,member
583378,5D8288143E450DF0,docked_bike,2021-04-02 15:45:40,2021-04-02 15:48:08,W 100 St & Broadway,7580,W 100 St & Manhattan Ave,7538,40.797372,-73.970411,40.795,-73.9645,member
583379,7B718BA6D6A6B08B,docked_bike,2021-04-29 20:21:39,2021-04-29 20:46:02,W 100 St & Broadway,7580,W 100 St & Manhattan Ave,7538,40.797372,-73.970411,40.795,-73.9645,member
583380,E59D52DDF95953E0,docked_bike,2021-04-26 19:06:59,2021-04-26 19:10:27,W 100 St & Broadway,7580,W 100 St & Manhattan Ave,7538,40.797372,-73.970411,40.795,-73.9645,member
583386,DEA391B7D45F0A27,docked_bike,2021-04-27 11:52:23,2021-04-27 11:57:35,W 100 St & Broadway,7580,W 100 St & Manhattan Ave,7538,40.797372,-73.970411,40.795,-73.9645,casual
583388,2ECE99C482F3EB11,docked_bike,2021-04-02 16:22:51,2021-04-02 17:01:31,W 100 St & Broadway,7580,W 100 St & Manhattan Ave,7538,40.797372,-73.970412,40.795,-73.9645,casual
583389,BBA8BA01105044DE,docked_bike,2021-04-11 13:57:58,2021-04-11 14:00:01,W 100 St & Broadway,7580,W 100 St & Manhattan Ave,7538,40.797372,-73.970412,40.795,-73.9645,member
583390,A2698AA91CAA6024,docked_bike,2021-04-20 15:49:14,2021-04-20 17:01:16,W 100 St & Broadway,7580,W 100 St & Manhattan Ave,7538,40.797372,-73.970411,40.795,-73.9645,casual
583394,0FB69020827F0F59,docked_bike,2021-04-29 19:11:04,2021-04-29 19:35:39,E 48 St & 3 Ave,6541,W 100 St & Manhattan Ave,7538,40.754601,-73.971878,40.795,-73.9645,member
583397,9AC54B1CBC8554CB,docked_bike,2021-04-29 11:03:17,2021-04-29 11:06:13,W 100 St & Broadway,7580,W 100 St & Manhattan Ave,7538,40.797372,-73.970411,40.795,-73.9645,member
583401,E208D49D757B8514,docked_bike,2021-04-01 17:38:21,2021-04-01 17:40:20,W 100 St & Broadway,7580,W 100 St & Manhattan Ave,7538,40.797372,-73.970411,40.795,-73.9645,member
583402,39030418C5AB69D7,docked_bike,2021-04-13 17:08:16,2021-04-13 17:49:49,W 100 St & Broadway,7580,W 100 St & Manhattan Ave,7538,40.797372,-73.970411,40.795,-73.9645,casual
583416,B4D65E5CE157377B,docked_bike,2021-04-13 14:16:51,2021-04-13 14:25:30,W 90 St & Amsterdam Ave,7432,W 100 St & Manhattan Ave,7538,40.790179,-73.972889,40.795,-73.9645,member
583422,2CEFB6A7242F68E8,docked_bike,2021-04-13 14:15:15,2021-04-13 14:24:23,W 90 St & Amsterdam Ave,7432,W 100 St & Manhattan Ave,7538,40.790179,-73.972889,40.795,-73.9645,member
583428,C8211C3461B6F294,docked_bike,2021-04-04 12:18:13,2021-04-04 12:48:54,W 90 St & Amsterdam Ave,7432,W 100 St & Manhattan Ave,7538,40.790179,-73.972889,40.795,-73.9645,casual
583448,DCD6726ACFFFD4BE,docked_bike,2021-04-17 16:29:54,2021-04-17 16:34:15,W 90 St & Amsterdam Ave,7432,W 100 St & Manhattan Ave,7538,40.790179,-73.972889,40.795,-73.9645,member
583454,240B12BE81C6C81F,docked_bike,2021-04-21 14:15:10,2021-04-21 14:29:07,W 90 St & Amsterdam Ave,7432,W 100 St & Manhattan Ave,7538,40.790179,-73.972889,40.795,-73.9645,member
583458,BA79C2A7E547DC31,docked_bike,2021-04-30 09:46:00,2021-04-30 10:06:35,W 90 St & Amsterdam Ave,7432,W 100 St & Manhattan Ave,7538,40.790179,-73.972889,40.795,-73.9645,member
583471,40710BF33F1EA7F7,docked_bike,2021-04-16 11:55:47,2021-04-16 11:58:42,W 100 St & Broadway,7580,W 100 St & Manhattan Ave,7538,40.797372,-73.970411,40.795,-73.9645,member
583472,1C12649016053E5F,docked_bike,2021-04-10 12:06:59,2021-04-10 12:10:25,W 100 St & Broadway,7580,W 100 St & Manhattan Ave,7538,40.797372,-73.970412,40.795,-73.9645,member
583473,95B738445E45B4ED,docked_bike,2021-04-05 11:12:43,2021-04-05 11:16:05,W 100 St & Broadway,7580,W 100 St & Manhattan Ave,7538,40.797372,-73.970412,40.795,-73.9645,member
583474,5634A8072B0F821E,docked_bike,2021-04-05 15:06:39,2021-04-05 15:09:00,W 100 St & Broadway,7580,W 100 St & Manhattan Ave,7538,40.797372,-73.970412,40.795,-73.9645,member
583475,7670E5D3CEF689A7,docked_bike,2021-04-28 10:19:30,2021-04-28 10:22:41,W 100 St & Broadway,7580,W 100 St & Manhattan Ave,7538,40.797372,-73.970411,40.795,-73.9645,member
583476,9564197AA7070C32,docked_bike,2021-04-26 13:54:51,2021-04-26 13:58:32,W 100 St & Broadway,7580,W 100 St & Manhattan Ave,7538,40.797372,-73.970411,40.795,-73.9645,member
583477,13C2BFF044E78703,docked_bike,2021-04-28 12:53:48,2021-04-28 12:56:52,W 100 St & Broadway,7580,W 100 St & Manhattan Ave,7538,40.797372,-73.970411,40.795,-73.9645,member
583484,2FFF8D60F2A9BB67,docked_bike,2021-04-26 14:02:40,2021-04-26 14:05:38,W 100 St & Broadway,7580,W 100 St & Manhattan Ave,7538,40.797372,-73.970411,40.795,-73.9645,member
583488,4EFA331D7FB1A43D,docked_bike,2021-04-22 08:17:58,2021-04-22 08:21:39,W 100 St & Broadway,7580,W 100 St & Manhattan Ave,7538,40.797372,-73.970411,40.795,-73.9645,member
583490,611732DE56BA3F23,docked_bike,2021-04-20 10:25:57,2021-04-20 10:29:36,W 95 St & Broadway,7541,W 100 St & Manhattan Ave,7538,40.79377,-73.971888,40.795,-73.9645,casual
583495,7C3BEE75DCE66275,docked_bike,2021-04-28 18:50:06,2021-04-28 19:13:27,E 115 St & Lexington Ave,7599,W 100 St & Manhattan Ave,7538,40.797911,-73.9423,40.795,-73.9645,casual
583500,BE13BF4A618684E9,docked_bike,2021-04-14 16:29:33,2021-04-14 16:40:51,W 95 St & Broadway,7541,W 100 St & Manhattan Ave,7538,40.79377,-73.971888,40.795,-73.9645,member
583504,793BD886316203FD,docked_bike,2021-04-28 19:43:32,2021-04-28 19:48:24,W 95 St & Broadway,7541,W 100 St & Manhattan Ave,7538,40.79377,-73.971888,40.795,-73.9645,member
583505,F1008EA660423F51,docked_bike,2021-04-16 08:12:10,2021-04-16 08:16:35,W 95 St & Broadway,7541,W 100 St & Manhattan Ave,7538,40.79377,-73.971888,40.795,-73.9645,member
583506,ABC280454798E37B,docked_bike,2021-04-02 08:09:19,2021-04-02 08:15:01,W 95 St & Broadway,7541,W 100 St & Manhattan Ave,7538,40.79377,-73.971888,40.795,-73.9645,member
583509,CFBA6DCCE89199AC,docked_bike,2021-04-15 14:21:45,2021-04-15 14:25:17,W 95 St & Broadway,7541,W 100 St & Manhattan Ave,7538,40.79377,-73.971888,40.795,-73.9645,member
583510,972C19AA84367B2D,docked_bike,2021-04-23 18:57:31,2021-04-23 19:00:38,W 95 St & Broadway,7541,W 100 St & Manhattan Ave,7538,40.79377,-73.971888,40.795,-73.9645,member
583511,048E922C6905B16D,docked_bike,2021-04-24 17:21:17,2021-04-24 17:26:55,W 95 St & Broadway,7541,W 100 St & Manhattan Ave,7538,40.79377,-73.971888,40.795,-73.9645,member
583524,667742F905DA5E7D,docked_bike,2021-04-06 20:22:31,2021-04-06 20:26:45,W 95 St & Broadway,7541,W 100 St & Manhattan Ave,7538,40.79377,-73.971888,40.795,-73.9645,member
583526,1D57A6E370D03F5A,docked_bike,2021-04-11 01:53:50,2021-04-11 01:56:21,W 95 St & Broadway,7541,W 100 St & Manhattan Ave,7538,40.79377,-73.971888,40.795,-73.9645,casual
583531,3C09C716012ECD1F,docked_bike,2021-04-14 09:08:06,2021-04-14 09:28:58,W 52 St & 6 Ave,6740,W 100 St & Manhattan Ave,7538,40.761329,-73.97982,40.795,-73.9645,member
583535,FC287A8B0A00E8FF,docked_bike,2021-04-26 11:20:20,2021-04-26 11:23:57,W 95 St & Broadway,7541,W 100 St & Manhattan Ave,7538,40.79377,-73.971888,40.795,-73.9645,member
583536,BA10467F91DDEB6D,docked_bike,2021-04-10 16:57:44,2021-04-10 17:05:54,W 95 St & Broadway,7541,W 100 St & Manhattan Ave,7538,40.79377,-73.971888,40.795,-73.9645,member
583538,566A82CF854A6F0B,docked_bike,2021-04-09 14:26:34,2021-04-09 14:29:45,W 95 St & Broadway,7541,W 100 St & Manhattan Ave,7538,40.79377,-73.971888,40.795,-73.9645,member
583541,865883F2C613D665,docked_bike,2021-04-17 17:06:51,2021-04-17 17:49:59,W 95 St & Broadway,7541,W 100 St & Manhattan Ave,7538,40.79377,-73.971888,40.795,-73.9645,casual
583544,945DEB3E73A367C1,docked_bike,2021-04-12 10:47:38,2021-04-12 10:53:58,W 95 St & Broadway,7541,W 100 St & Manhattan Ave,7538,40.79377,-73.971888,40.795,-73.9645,member
583552,1B55071EC3C84DD2,docked_bike,2021-04-23 18:31:37,2021-04-23 18:35:52,W 95 St & Broadway,7541,W 100 St & Manhattan Ave,7538,40.79377,-73.971888,40.795,-73.9645,member
583558,CB9A445C99BC8449,docked_bike,2021-04-20 17:40:33,2021-04-20 17:50:57,W 95 St & Broadway,7541,W 100 St & Manhattan Ave,7538,40.79377,-73.971888,40.795,-73.9645,member
583570,AE5A25317DC55F12,docked_bike,2021-04-24 17:33:49,2021-04-24 17:36:36,W 95 St & Broadway,7541,W 100 St & Manhattan Ave,7538,40.79377,-73.971888,40.795,-73.9645,member
583574,13FF1EE225EED39D,docked_bike,2021-04-01 22:10:50,2021-04-01 22:15:47,W 95 St & Broadway,7541,W 100 St & Manhattan Ave,7538,40.79377,-73.971888,40.795,-73.9645,member
583588,77A135CD9629B8C8,docked_bike,2021-04-20 09:39:36,2021-04-20 09:43:03,W 95 St & Broadway,7541,W 100 St & Manhattan Ave,7538,40.79377,-73.971888,40.795,-73.9645,member
583589,A2FB0411DFBF0178,docked_bike,2021-04-23 08:29:56,2021-04-23 08:34:07,W 95 St & Broadway,7541,W 100 St & Manhattan Ave,7538,40.79377,-73.971888,40.795,-73.9645,casual
583592,7A6FC6E909DCC73F,docked_bike,2021-04-02 11:13:30,2021-04-02 11:17:18,W 95 St & Broadway,7541,W 100 St & Manhattan Ave,7538,40.79377,-73.971888,40.795,-73.9645,member
583596,2955C1ABCEACBCD3,docked_bike,2021-04-19 09:37:41,2021-04-19 09:42:07,W 95 St & Broadway,7541,W 100 St & Manhattan Ave,7538,40.79377,-73.971888,40.795,-73.9645,member
583602,D5E9C207907A11DE,docked_bike,2021-04-22 18:39:34,2021-04-22 18:46:27,W 95 St & Broadway,7541,W 100 St & Manhattan Ave,7538,40.79377,-73.971888,40.795,-73.9645,member
583605,DB79A51AF46C5F4B,docked_bike,2021-04-04 11:44:29,2021-04-04 11:47:45,W 95 St & Broadway,7541,W 100 St & Manhattan Ave,7538,40.79377,-73.971888,40.795,-73.9645,member
583606,37C370BF1DBA7598,docked_bike,2021-04-09 09:12:53,2021-04-09 09:16:59,W 95 St & Broadway,7541,W 100 St & Manhattan Ave,7538,40.79377,-73.971888,40.795,-73.9645,member
583612,15870518C0018655,docked_bike,2021-04-21 08:51:43,2021-04-21 08:56:04,W 95 St & Broadway,7541,W 100 St & Manhattan Ave,7538,40.79377,-73.971888,40.795,-73.9645,member
583613,5A9B9C507F773058,docked_bike,2021-04-07 08:12:08,2021-04-07 08:16:27,W 95 St & Broadway,7541,W 100 St & Manhattan Ave,7538,40.79377,-73.971888,40.795,-73.9645,member
583618,DBFE7EE8761A87C6,docked_bike,2021-04-06 12:56:24,2021-04-06 13:08:44,E 115 St & Lexington Ave,7599,W 100 St & Manhattan Ave,7538,40.797911,-73.9423,40.795,-73.9645,casual
583624,2E4D1E518C7AC71D,docked_bike,2021-04-05 17:04:40,2021-04-05 17:19:59,1 Ave & E 68 St,6822,W 100 St & Manhattan Ave,7538,40.765005,-73.958184,40.795,-73.9645,member
583635,A5C4352048A44FBC,docked_bike,2021-04-19 16:00:59,2021-04-19 16:25:02,1 Ave & E 68 St,6822,W 100 St & Manhattan Ave,7538,40.765005,-73.958184,40.795,-73.9645,member
583644,5BC7AE523EE38588,docked_bike,2021-04-18 14:15:09,2021-04-18 14:38:44,W 160 St & St. Nicholas Ave,8138,W 100 St & Manhattan Ave,7538,40.834468,-73.939865,40.795,-73.9645,member
583680,C5AF85A341586A77,docked_bike,2021-04-06 19:29:47,2021-04-06 19:32:50,W 95 St & Broadway,7541,W 100 St & Manhattan Ave,7538,40.79377,-73.971888,40.795,-73.9645,member
583681,511FEA5A071FD090,docked_bike,2021-04-13 14:34:54,2021-04-13 14:38:52,W 95 St & Broadway,7541,W 100 St & Manhattan Ave,7538,40.79377,-73.971888,40.795,-73.9645,member
583687,6DAC2AB747D0C898,docked_bike,2021-04-02 10:18:15,2021-04-02 10:26:27,W 95 St & Broadway,7541,W 100 St & Manhattan Ave,7538,40.79377,-73.971888,40.795,-73.9645,member
583692,44EFFD6F3701D63A,docked_bike,2021-04-12 08:09:35,2021-04-12 08:13:44,W 95 St & Broadway,7541,W 100 St & Manhattan Ave,7538,40.79377,-73.971888,40.795,-73.9645,member
583719,AB6D2F3BB40CCC80,docked_bike,2021-04-24 14:51:12,2021-04-24 14:56:17,W 95 St & Broadway,7541,W 100 St & Manhattan Ave,7538,40.79377,-73.971888,40.795,-73.9645,member
583731,A7EC55D58D38184B,docked_bike,2021-04-02 20:53:01,2021-04-02 20:56:19,W 95 St & Broadway,7541,W 100 St & Manhattan Ave,7538,40.79377,-73.971888,40.795,-73.9645,member
583732,6F9BD1984D18B0F8,docked_bike,2021-04-26 11:07:09,2021-04-26 11:10:09,W 95 St & Broadway,7541,W 100 St & Manhattan Ave,7538,40.79377,-73.971888,40.795,-73.9645,member
583742,6427803C901081BE,docked_bike,2021-04-25 17:27:54,2021-04-25 17:32:52,W 90 St & Amsterdam Ave,7432,W 100 St & Manhattan Ave,7538,40.790179,-73.972889,40.795,-73.9645,member
583758,141CC99A5DE4AD0E,docked_bike,2021-04-28 22:06:55,2021-04-28 22:20:38,Edgecombe Ave & W 145 St,7976,W 100 St & Manhattan Ave,7538,40.823498,-73.94386,40.795,-73.9645,member
583762,0314B91A99C2B7D6,docked_bike,2021-04-10 14:50:31,2021-04-10 15:18:53,E 58 St & 3 Ave,6762,W 100 St & Manhattan Ave,7538,40.760957,-73.967244,40.795,-73.9645,member
583763,EDDFF7D8EA5BCA3A,docked_bike,2021-04-28 18:05:19,2021-04-28 18:26:47,Frederick Douglass Blvd & W 145 St,7954,W 100 St & Manhattan Ave,7538,40.823061,-73.941928,40.795,-73.9645,member
583769,8211F5D88FF4CDB2,docked_bike,2021-04-25 16:54:33,2021-04-25 17:14:11,E 58 St & 3 Ave,6762,W 100 St & Manhattan Ave,7538,40.760957,-73.967244,40.795,-73.9645,casual
583791,6725B6B16A7A21E4,docked_bike,2021-04-25 16:04:55,2021-04-25 16:08:43,W 95 St & Broadway,7541,W 100 St & Manhattan Ave,7538,40.79377,-73.971888,40.795,-73.9645,member
583799,5905A3D57B15928F,docked_bike,2021-04-19 10:38:17,2021-04-19 10:41:44,W 95 St & Broadway,7541,W 100 St & Manhattan Ave,7538,40.79377,-73.971888,40.795,-73.9645,member
583802,602C9ADB3EEAF628,docked_bike,2021-04-19 18:50:22,2021-04-19 18:54:11,W 95 St & Broadway,7541,W 100 St & Manhattan Ave,7538,40.79377,-73.971888,40.795,-73.9645,member
583823,AFEF50DAE3E3F99C,docked_bike,2021-04-28 08:27:34,2021-04-28 08:30:54,W 95 St & Broadway,7541,W 100 St & Manhattan Ave,7538,40.79377,-73.971888,40.795,-73.9645,member
583827,7B2F10FCE9B44308,docked_bike,2021-04-29 22:00:09,2021-04-29 22:04:30,W 95 St & Broadway,7541,W 100 St & Manhattan Ave,7538,40.79377,-73.971888,40.795,-73.9645,member
583829,77790AA69FD68152,docked_bike,2021-04-27 12:30:18,2021-04-27 12:34:42,W 95 St & Broadway,7541,W 100 St & Manhattan Ave,7538,40.79377,-73.971888,40.795,-73.9645,member
583833,B1E6D17B7ABF3889,docked_bike,2021-04-06 16:54:40,2021-04-06 17:11:27,W 52 St & 6 Ave,6740,W 100 St & Manhattan Ave,7538,40.761329,-73.97982,40.795,-73.9645,member
583834,F526D7609D078F94,docked_bike,2021-04-10 18:05:24,2021-04-10 18:10:33,W 95 St & Broadway,7541,W 100 St & Manhattan Ave,7538,40.79377,-73.971888,40.795,-73.9645,member
583839,2F2ED952031C40D7,docked_bike,2021-04-14 17:30:32,2021-04-14 17:30:53,W 95 St & Broadway,7541,W 100 St & Manhattan Ave,7538,40.79377,-73.971888,40.795,-73.9645,member
583840,1E3601764ACC66E5,docked_bike,2021-04-25 11:44:38,2021-04-25 11:49:34,W 95 St & Broadway,7541,W 100 St & Manhattan Ave,7538,40.79377,-73.971888,40.795,-73.9645,member
583845,1F327C053904E60E,docked_bike,2021-04-24 14:53:54,2021-04-24 14:57:19,W 100 St & Broadway,7580,W 100 St & Manhattan Ave,7538,40.797372,-73.970411,40.795,-73.9645,member
583852,F7D66522652143E3,docked_bike,2021-04-02 16:26:03,2021-04-02 16:28:17,W 100 St & Broadway,7580,W 100 St & Manhattan Ave,7538,40.797372,-73.970411,40.795,-73.9645,member
583855,BCFDDF40F1E3115A,docked_bike,2021-04-09 15:49:23,2021-04-09 15:59:38,2 Ave & E 104 St,7436,W 100 St & Manhattan Ave,7538,40.78921,-73.943707,40.795,-73.9645,member
583857,9E394C646239BC68,docked_bike,2021-04-14 19:02:26,2021-04-14 19:06:26,W 100 St & Broadway,7580,W 100 St & Manhattan Ave,7538,40.797372,-73.970411,40.795,-73.9645,member
583862,D620AE153858DE59,docked_bike,2021-04-17 08:18:28,2021-04-17 08:20:37,W 100 St & Broadway,7580,W 100 St & Manhattan Ave,7538,40.797372,-73.970411,40.795,-73.9645,member
583863,AE7B60D465AE3E50,docked_bike,2021-04-10 07:45:34,2021-04-10 07:47:38,W 100 St & Broadway,7580,W 100 St & Manhattan Ave,7538,40.797372,-73.970411,40.795,-73.9645,member
583866,EA5272B512CD87FC,docked_bike,2021-04-10 08:33:33,2021-04-10 08:37:40,W 100 St & Broadway,7580,W 100 St & Manhattan Ave,7538,40.797372,-73.970411,40.795,-73.9645,member
583867,028408A649F18788,docked_bike,2021-04-30 05:52:58,2021-04-30 05:56:54,W 100 St & Broadway,7580,W 100 St & Manhattan Ave,7538,40.797372,-73.970411,40.795,-73.9645,member
583868,915868C50B752572,docked_bike,2021-04-24 10:43:49,2021-04-24 10:46:41,W 100 St & Broadway,7580,W 100 St & Manhattan Ave,7538,40.797372,-73.970411,40.795,-73.9645,member
583869,683E5061290500A2,docked_bike,2021-04-29 16:13:57,2021-04-29 16:16:33,W 100 St & Broadway,7580,W 100 St & Manhattan Ave,7538,40.797372,-73.970411,40.795,-73.9645,member
583871,73255C6C03DA26C9,docked_bike,2021-04-28 16:49:53,2021-04-28 17:01:22,E 102 St & 1 Ave,7407,W 100 St & Manhattan Ave,7538,40.786994,-73.941648,40.795,-73.9645,member
583872,3F37851015517F04,docked_bike,2021-04-03 13:59:45,2021-04-03 14:17:21,2 Ave & E 104 St,7436,W 100 St & Manhattan Ave,7538,40.78921,-73.943707,40.795,-73.9645,member
583875,2412F6B535C00292,docked_bike,2021-04-22 14:59:43,2021-04-22 15:12:14,2 Ave & E 104 St,7436,W 100 St & Manhattan Ave,7538,40.78921,-73.943707,40.795,-73.9645,casual
583877,C8CF625BEEA842E3,docked_bike,2021-04-16 15:15:57,2021-04-16 15:19:42,W 100 St & Broadway,7580,W 100 St & Manhattan Ave,7538,40.797372,-73.970411,40.795,-73.9645,casual
583879,286451A82655728D,docked_bike,2021-04-14 09:24:02,2021-04-14 09:26:29,W 100 St & Broadway,7580,W 100 St & Manhattan Ave,7538,40.797372,-73.970411,40.795,-73.9645,member
583885,6086C97FE00BF13C,docked_bike,2021-04-20 17:43:09,2021-04-20 17:46:42,W 100 St & Broadway,7580,W 100 St & Manhattan Ave,7538,40.797372,-73.970411,40.795,-73.9645,member
583887,DA2FE0E417C7FAB1,docked_bike,2021-04-05 14:48:32,2021-04-05 14:51:14,W 100 St & Broadway,7580,W 100 St & Manhattan Ave,7538,40.797372,-73.970411,40.795,-73.9645,member
583888,E861031ECA9FAD68,docked_bike,2021-04-28 09:22:53,2021-04-28 09:25:16,W 100 St & Broadway,7580,W 100 St & Manhattan Ave,7538,40.797372,-73.970411,40.795,-73.9645,member
583889,CAF206C0A2E8B565,docked_bike,2021-04-07 06:47:16,2021-04-07 06:57:59,W 59 St & 10 Ave,7023,W 100 St & Manhattan Ave,7538,40.770513,-73.988038,40.795,-73.9645,member
583895,1450B9CA4A83B7FE,docked_bike,2021-04-18 16:24:28,2021-04-18 16:27:42,W 100 St & Broadway,7580,W 100 St & Manhattan Ave,7538,40.797372,-73.970411,40.795,-73.9645,member
583896,FD381345A087F3DE,docked_bike,2021-04-27 11:45:59,2021-04-27 11:48:09,W 100 St & Broadway,7580,W 100 St & Manhattan Ave,7538,40.797372,-73.970411,40.795,-73.9645,member
583903,D81DA7641CB025F6,docked_bike,2021-04-27 11:51:30,2021-04-27 11:57:34,W 100 St & Broadway,7580,W 100 St & Manhattan Ave,7538,40.797372,-73.970411,40.795,-73.9645,casual
583905,4FEFAF4E3A1EE8CF,docked_bike,2021-04-03 10:08:22,2021-04-03 10:11:38,W 100 St & Broadway,7580,W 100 St & Manhattan Ave,7538,40.797372,-73.970412,40.795,-73.9645,member
583909,F082EEF9E59E08F7,docked_bike,2021-04-04 06:37:38,2021-04-04 06:40:35,W 100 St & Broadway,7580,W 100 St & Manhattan Ave,7538,40.797372,-73.970411,40.795,-73.9645,member
583912,8BFF956A1CEFDD0C,docked_bike,2021-04-03 07:13:57,2021-04-03 07:16:07,W 100 St & Broadway,7580,W 100 St & Manhattan Ave,7538,40.797372,-73.970411,40.795,-73.9645,member
583916,D2BE7ECA73AC4A3C,docked_bike,2021-04-08 07:54:13,2021-04-08 07:57:03,W 100 St & Broadway,7580,W 100 St & Manhattan Ave,7538,40.797372,-73.970411,40.795,-73.9645,member
583918,FBD2DCF9B983B78E,docked_bike,2021-04-14 15:19:36,2021-04-14 15:26:54,W 100 St & Broadway,7580,W 100 St & Manhattan Ave,7538,40.797372,-73.970411,40.795,-73.9645,member
583921,C5AC621B287A00B9,docked_bike,2021-04-19 11:27:04,2021-04-19 12:06:28,Amsterdam Ave & W 119 St,7727,W 100 St & Manhattan Ave,7538,40.808624,-73.959621,40.795,-73.9645,casual
583928,FA6B961650D1E7D4,docked_bike,2021-04-06 19:32:11,2021-04-06 19:43:24,Amsterdam Ave & W 119 St,7727,W 100 St & Manhattan Ave,7538,40.808625,-73.959621,40.795,-73.9645,member
583932,3E42A927087C8145,docked_bike,2021-04-02 12:11:09,2021-04-02 12:33:12,E 56 St & Madison Ave,6732,W 100 St & Manhattan Ave,7538,40.761573,-73.972628,40.795,-73.9645,casual
583935,6D6A6D82CB6AF352,docked_bike,2021-04-08 16:32:57,2021-04-08 16:49:05,E 56 St & Madison Ave,6732,W 100 St & Manhattan Ave,7538,40.761573,-73.972628,40.795,-73.9645,member
583940,178283BD1BB79A8C,docked_bike,2021-04-28 19:49:14,2021-04-28 19:58:40,Amsterdam Ave & W 119 St,7727,W 100 St & Manhattan Ave,7538,40.808624,-73.959621,40.795,-73.9645,member
583945,904D2CDB2ADA4697,docked_bike,2021-04-17 06:13:31,2021-04-17 06:44:03,Central Park W & W 91 St,7453,W 100 St & Manhattan Ave,7538,40.788664,-73.9668,40.795,-73.9645,member
583959,DC20ED56AFE8133F,docked_bike,2021-04-28 16:47:26,2021-04-28 16:50:29,Central Park W & W 91 St,7453,W 100 St & Manhattan Ave,7538,40.788664,-73.9668,40.795,-73.9645,member
583971,303A6AE6C4B47314,docked_bike,2021-04-07 17:00:03,2021-04-07 17:09:46,Central Park W & W 91 St,7453,W 100 St & Manhattan Ave,7538,40.788664,-73.9668,40.795,-73.9645,member
583988,E0E349A1C1C9DC1C,docked_bike,2021-04-19 16:49:26,2021-04-19 17:13:05,Central Park W & W 91 St,7453,W 100 St & Manhattan Ave,7538,40.788664,-73.9668,40.795,-73.9645,member
583991,03DAD3C34FA43F5A,docked_bike,2021-04-20 08:29:16,2021-04-20 09:12:39,Central Park W & W 91 St,7453,W 100 St & Manhattan Ave,7538,40.788664,-73.9668,40.795,-73.9645,member
583997,3DD8E93D4AEFCD2E,docked_bike,2021-04-20 17:19:42,2021-04-20 20:09:13,W 100 St & Broadway,7580,W 100 St & Manhattan Ave,7538,40.797372,-73.970411,40.795,-73.9645,member
584001,3C14CDD0C3BFCBFC,docked_bike,2021-04-18 14:24:45,2021-04-18 14:28:22,W 100 St & Broadway,7580,W 100 St & Manhattan Ave,7538,40.797372,-73.970411,40.795,-73.9645,casual
584002,6EDF83550A15EAB1,docked_bike,2021-04-01 12:28:58,2021-04-01 12:31:55,W 100 St & Broadway,7580,W 100 St & Manhattan Ave,7538,40.797372,-73.970412,40.795,-73.9645,member
584003,0D2A7E3B2F71BE4C,docked_bike,2021-04-09 12:19:09,2021-04-09 12:22:44,W 100 St & Broadway,7580,W 100 St & Manhattan Ave,7538,40.797372,-73.970412,40.795,-73.9645,member
584006,FE60C768833BFA6A,docked_bike,2021-04-02 11:09:46,2021-04-02 11:12:06,W 100 St & Broadway,7580,W 100 St & Manhattan Ave,7538,40.797372,-73.970412,40.795,-73.9645,member
584020,179D02F173E292E2,docked_bike,2021-04-12 15:46:30,2021-04-12 15:50:32,Central Park W & W 91 St,7453,W 100 St & Manhattan Ave,7538,40.788664,-73.9668,40.795,-73.9645,member
584022,8C14C8095B405C71,docked_bike,2021-04-08 16:31:55,2021-04-08 16:38:56,Amsterdam Ave & W 119 St,7727,W 100 St & Manhattan Ave,7538,40.808625,-73.959621,40.795,-73.9645,member
584025,03D8C6233A6F2A78,docked_bike,2021-04-18 13:38:15,2021-04-18 13:41:23,Central Park W & W 91 St,7453,W 100 St & Manhattan Ave,7538,40.788664,-73.9668,40.795,-73.9645,casual
584029,844B5906D829633D,docked_bike,2021-04-08 11:00:07,2021-04-08 11:20:48,E 82 St & East End Ave,7049,W 100 St & Manhattan Ave,7538,40.77246,-73.94682,40.795,-73.9645,member
584093,57A4EBEB81BA2003,docked_bike,2021-04-25 08:37:05,2021-04-25 08:50:52,Lexington Ave & E 128 St,7716,W 100 St & Manhattan Ave,7538,40.806414,-73.936085,40.795,-73.9645,member
584124,18C24A5D496DB183,docked_bike,2021-04-29 08:54:37,2021-04-29 08:57:54,Central Park W & W 91 St,7453,W 100 St & Manhattan Ave,7538,40.788664,-73.9668,40.795,-73.9645,member
584130,3B8AA876F2EDFB5A,docked_bike,2021-04-30 17:34:33,2021-04-30 17:59:50,Central Park W & W 91 St,7453,W 100 St & Manhattan Ave,7538,40.788664,-73.9668,40.795,-73.9645,member
584132,A2A34F1BCC96C0C8,docked_bike,2021-04-18 11:23:46,2021-04-18 12:02:23,Norfolk St & Broome St,5374,W 100 St & Manhattan Ave,7538,40.717227,-73.98802,40.795,-73.9645,casual
584133,D27CF8696AAC16AD,docked_bike,2021-04-07 12:42:08,2021-04-07 12:46:18,Central Park W & W 91 St,7453,W 100 St & Manhattan Ave,7538,40.788665,-73.966801,40.795,-73.9645,member
584137,CB7FAFD141D33023,docked_bike,2021-04-28 16:16:02,2021-04-28 16:26:37,Central Park W & W 91 St,7453,W 100 St & Manhattan Ave,7538,40.788664,-73.9668,40.795,-73.9645,member
584138,B60913B939B944AF,docked_bike,2021-04-19 11:27:42,2021-04-19 12:05:16,Amsterdam Ave & W 119 St,7727,W 100 St & Manhattan Ave,7538,40.808624,-73.959621,40.795,-73.9645,casual
584142,1E6EEEB22C71968A,docked_bike,2021-04-30 19:24:03,2021-04-30 19:37:36,Amsterdam Ave & W 119 St,7727,W 100 St & Manhattan Ave,7538,40.808624,-73.959621,40.795,-73.9645,casual
584144,8018144521022C56,docked_bike,2021-04-05 17:49:11,2021-04-05 17:56:15,Amsterdam Ave & W 119 St,7727,W 100 St & Manhattan Ave,7538,40.808624,-73.959621,40.795,-73.9645,member
584146,5FA8E539C33E47AE,docked_bike,2021-04-29 07:36:12,2021-04-29 07:40:25,Central Park W & W 91 St,7453,W 100 St & Manhattan Ave,7538,40.788664,-73.9668,40.795,-73.9645,member
584147,391C9274FA60BE6F,docked_bike,2021-04-03 14:50:20,2021-04-03 15:18:01,Amsterdam Ave & W 119 St,7727,W 100 St & Manhattan Ave,7538,40.808624,-73.959621,40.795,-73.9645,member
584151,F96C0934F52888FD,docked_bike,2021-04-13 18:27:44,2021-04-13 19:01:15,Central Park W & W 91 St,7453,W 100 St & Manhattan Ave,7538,40.788664,-73.9668,40.795,-73.9645,member
584154,7894987BB01839F4,docked_bike,2021-04-15 06:48:12,2021-04-15 07:19:07,Central Park W & W 91 St,7453,W 100 St & Manhattan Ave,7538,40.788664,-73.9668,40.795,-73.9645,member
584164,220CD6B025BBEAAB,docked_bike,2021-04-26 20:02:27,2021-04-26 20:08:44,Amsterdam Ave & W 119 St,7727,W 100 St & Manhattan Ave,7538,40.808624,-73.959621,40.795,-73.9645,member
584171,E5383C5575E5AD3D,docked_bike,2021-04-19 01:13:34,2021-04-19 01:17:17,Central Park W & W 91 St,7453,W 100 St & Manhattan Ave,7538,40.788664,-73.9668,40.795,-73.9645,member
584187,4E4DF8F3C94F1488,docked_bike,2021-04-19 11:33:23,2021-04-19 12:05:14,Amsterdam Ave & W 119 St,7727,W 100 St & Manhattan Ave,7538,40.808625,-73.959621,40.795,-73.9645,casual
584229,C1D34CB4819895BE,docked_bike,2021-04-19 13:20:19,2021-04-19 14:20:18,1 Ave & E 110 St,7522,W 100 St & Manhattan Ave,7538,40.792327,-73.9383,40.795,-73.9645,casual
584249,DBB4ACB89AB2806C,docked_bike,2021-04-30 17:34:13,2021-04-30 17:59:47,Central Park W & W 91 St,7453,W 100 St & Manhattan Ave,7538,40.788664,-73.9668,40.795,-73.9645,member
584254,BA4B5842D9082C25,docked_bike,2021-04-09 14:19:05,2021-04-09 14:45:38,E 56 St & Madison Ave,6732,W 100 St & Manhattan Ave,7538,40.761573,-73.972628,40.795,-73.9645,casual
584315,904F2B611DCB5B15,docked_bike,2021-04-20 21:03:05,2021-04-20 21:45:45,W 45 St & 8 Ave,6676,W 100 St & Manhattan Ave,7538,40.759291,-73.988596,40.795,-73.9645,casual
584322,EF7A653033333B94,docked_bike,2021-04-24 15:30:02,2021-04-24 16:17:19,Central Park W & W 91 St,7453,W 100 St & Manhattan Ave,7538,40.788664,-73.9668,40.795,-73.9645,member
584329,CB63EC6E3F60D617,docked_bike,2021-04-19 16:51:17,2021-04-19 16:54:46,Central Park W & W 91 St,7453,W 100 St & Manhattan Ave,7538,40.788664,-73.9668,40.795,-73.9645,member
584332,E8D6AC132C9A6121,docked_bike,2021-04-19 18:01:28,2021-04-19 18:06:08,Amsterdam Ave & W 119 St,7727,W 100 St & Manhattan Ave,7538,40.808624,-73.959621,40.795,-73.9645,member
584335,F19FCA3A1245FC0A,docked_bike,2021-04-09 19:57:29,2021-04-09 20:09:51,Amsterdam Ave & W 119 St,7727,W 100 St & Manhattan Ave,7538,40.808624,-73.959621,40.795,-73.9645,member
584336,FBBCC04DD161D921,docked_bike,2021-04-04 18:11:17,2021-04-04 18:25:01,Amsterdam Ave & W 119 St,7727,W 100 St & Manhattan Ave,7538,40.808624,-73.959621,40.795,-73.9645,member
584338,50AA3F638CD12CDF,docked_bike,2021-04-10 19:33:19,2021-04-10 19:40:10,Central Park W & W 91 St,7453,W 100 St & Manhattan Ave,7538,40.788664,-73.9668,40.795,-73.9645,casual
584346,E25B276FC084715C,docked_bike,2021-04-19 11:33:26,2021-04-19 12:05:47,Amsterdam Ave & W 119 St,7727,W 100 St & Manhattan Ave,7538,40.808625,-73.959621,40.795,-73.9645,casual
584376,EB557DE8C577B518,docked_bike,2021-04-18 17:12:40,2021-04-18 17:49:36,W 45 St & 8 Ave,6676,W 100 St & Manhattan Ave,7538,40.759291,-73.988596,40.795,-73.9645,casual
584393,3FFBB773E7F26B0E,docked_bike,2021-04-19 06:59:45,2021-04-19 07:17:14,E 149 St & Morris Ave,7863,W 100 St & Manhattan Ave,7538,40.81734,-73.922962,40.795,-73.9645,member
584398,A21C56E05FF36154,docked_bike,2021-04-15 06:46:27,2021-04-15 07:28:41,Christopher St & Greenwich St,5847,W 100 St & Manhattan Ave,7538,40.732915,-74.007113,40.795,-73.9645,member
584407,E3E5423D10DD933A,docked_bike,2021-04-20 21:00:00,2021-04-20 21:46:09,W 45 St & 8 Ave,6676,W 100 St & Manhattan Ave,7538,40.759291,-73.988596,40.795,-73.9645,casual
584409,A05F9E182397B211,docked_bike,2021-04-20 21:03:50,2021-04-20 21:45:39,W 45 St & 8 Ave,6676,W 100 St & Manhattan Ave,7538,40.759291,-73.988596,40.795,-73.9645,casual
584416,70C6312A1B293EB3,docked_bike,2021-04-02 12:04:30,2021-04-02 12:12:17,W 87 St & Amsterdam Ave,7458,W 100 St & Manhattan Ave,7538,40.78839,-73.9747,40.795,-73.9645,member
584426,996247322CD2BB18,docked_bike,2021-04-23 19:36:05,2021-04-23 19:41:54,W 87 St & Amsterdam Ave,7458,W 100 St & Manhattan Ave,7538,40.78839,-73.9747,40.795,-73.9645,member
584427,D650398076D2B957,docked_bike,2021-04-10 18:04:35,2021-04-10 18:12:08,W 87 St & Amsterdam Ave,7458,W 100 St & Manhattan Ave,7538,40.78839,-73.9747,40.795,-73.9645,member
584429,09398ECD8DCA8F86,docked_bike,2021-04-18 20:53:43,2021-04-18 20:54:08,W 87 St & Amsterdam Ave,7458,W 100 St & Manhattan Ave,7538,40.78839,-73.9747,40.795,-73.9645,member
584451,B4F852E4499F5537,docked_bike,2021-04-18 17:01:17,2021-04-18 17:07:30,W 87 St & Amsterdam Ave,7458,W 100 St & Manhattan Ave,7538,40.78839,-73.9747,40.795,-73.9645,member
584455,59BCA1309FFC103B,docked_bike,2021-04-24 10:33:37,2021-04-24 10:49:21,E 116 St & 2 Ave,7563,W 100 St & Manhattan Ave,7538,40.796879,-73.937261,40.795,-73.9645,casual
584462,A7819039143DF760,docked_bike,2021-04-23 18:10:58,2021-04-23 18:27:14,Mt Morris Park W & W 120 St,7685,W 100 St & Manhattan Ave,7538,40.804038,-73.945925,40.795,-73.9645,member
584486,CDAB9D552EC2AB77,docked_bike,2021-04-26 12:54:49,2021-04-26 13:31:16,W 87 St & Amsterdam Ave,7458,W 100 St & Manhattan Ave,7538,40.78839,-73.9747,40.795,-73.9645,member
584494,6BEA1C96F43AB5CD,docked_bike,2021-04-08 14:32:47,2021-04-08 14:40:11,W 87 St & Amsterdam Ave,7458,W 100 St & Manhattan Ave,7538,40.78839,-73.9747,40.795,-73.9645,casual
584499,7DF4CD38A8C21CA0,docked_bike,2021-04-19 07:24:53,2021-04-19 07:51:34,E 27 St & 1 Ave,6004,W 100 St & Manhattan Ave,7538,40.739445,-73.976806,40.795,-73.9645,member
584502,B9ADB3A49A67EE1D,docked_bike,2021-04-19 10:54:11,2021-04-19 10:59:38,W 87 St & Amsterdam Ave,7458,W 100 St & Manhattan Ave,7538,40.78839,-73.9747,40.795,-73.9645,member
584513,89BD73A408963F5F,docked_bike,2021-04-14 14:40:39,2021-04-14 14:49:25,W 87 St & Amsterdam Ave,7458,W 100 St & Manhattan Ave,7538,40.78839,-73.9747,40.795,-73.9645,member
584528,F7080AE9BD7D3609,docked_bike,2021-04-29 15:18:16,2021-04-29 15:25:27,W 87 St & Amsterdam Ave,7458,W 100 St & Manhattan Ave,7538,40.78839,-73.9747,40.795,-73.9645,member
584545,E155586E0F62DF0A,docked_bike,2021-04-16 10:55:36,2021-04-16 10:59:39,W 87 St & Amsterdam Ave,7458,W 100 St & Manhattan Ave,7538,40.78839,-73.9747,40.795,-73.9645,member
584571,BABF1B7EDD72EFD4,docked_bike,2021-04-20 20:12:20,2021-04-20 20:20:53,W 89 St & Columbus Ave,7432,W 100 St & Manhattan Ave,7538,40.788221,-73.970415,40.795,-73.9645,member
584572,E38ADFA493742ADA,docked_bike,2021-04-05 17:36:33,2021-04-05 17:50:02,E 77 St & 3 Ave,7092,W 100 St & Manhattan Ave,7538,40.773142,-73.958561,40.795,-73.9645,casual
584581,C7C8E20CBD751F06,docked_bike,2021-04-27 09:14:11,2021-04-27 09:22:46,W 87 St & Amsterdam Ave,7458,W 100 St & Manhattan Ave,7538,40.78839,-73.9747,40.795,-73.9645,member
584584,ADD3FD129F404A93,docked_bike,2021-04-17 08:51:25,2021-04-17 08:56:21,W 87 St & Amsterdam Ave,7458,W 100 St & Manhattan Ave,7538,40.78839,-73.9747,40.795,-73.9645,member
584585,4AFC617153D86079,docked_bike,2021-04-29 07:49:03,2021-04-29 08:14:15,E 27 St & 1 Ave,6004,W 100 St & Manhattan Ave,7538,40.739445,-73.976806,40.795,-73.9645,member
584612,3DC1166AFBE59467,docked_bike,2021-04-09 06:47:02,2021-04-09 07:21:01,W 163 St & Riverside Dr,8210,W 100 St & Manhattan Ave,7538,40.839278,-73.945446,40.795,-73.9645,member
584613,E8893CE7083F7007,docked_bike,2021-04-26 14:53:32,2021-04-26 15:04:36,Broadway & W 122 St,7783,W 100 St & Manhattan Ave,7538,40.812056,-73.961254,40.795,-73.9645,member
584616,9331983A660EF879,docked_bike,2021-04-18 17:00:20,2021-04-18 17:15:52,E 77 St & 3 Ave,7092,W 100 St & Manhattan Ave,7538,40.773142,-73.958561,40.795,-73.9645,casual
584617,478F83D9B46D34F2,docked_bike,2021-04-10 13:09:28,2021-04-10 13:22:51,Broadway & W 122 St,7783,W 100 St & Manhattan Ave,7538,40.812056,-73.961254,40.795,-73.9645,casual
584619,5B44BCB7EC491090,docked_bike,2021-04-13 17:30:28,2021-04-13 17:42:52,E 77 St & 3 Ave,7092,W 100 St & Manhattan Ave,7538,40.773142,-73.958561,40.795,-73.9645,casual
584620,EB71EAA9AE76C4CF,docked_bike,2021-04-06 16:10:58,2021-04-06 16:53:22,Broadway & W 122 St,7783,W 100 St & Manhattan Ave,7538,40.812056,-73.961254,40.795,-73.9645,member
584621,C0E63E02A94DADE4,docked_bike,2021-04-26 16:58:14,2021-04-26 17:14:28,Broadway & W 122 St,7783,W 100 St & Manhattan Ave,7538,40.812056,-73.961254,40.795,-73.9645,member
584622,F76BDB761A187E31,docked_bike,2021-04-01 17:13:16,2021-04-01 17:29:51,Broadway & W 122 St,7783,W 100 St & Manhattan Ave,7538,40.812056,-73.961254,40.795,-73.9645,member
584623,BDA8AD9AF229DEA0,docked_bike,2021-04-23 17:01:07,2021-04-23 17:16:05,Broadway & W 122 St,7783,W 100 St & Manhattan Ave,7538,40.812056,-73.961254,40.795,-73.9645,member
584628,D9816C5CBB2EA61E,docked_bike,2021-04-05 09:17:19,2021-04-05 09:50:59,W 34 St & 11 Ave,6578,W 100 St & Manhattan Ave,7538,40.755941,-74.002116,40.795,-73.9645,casual
584637,D84151E0F5E822EA,docked_bike,2021-04-15 16:48:50,2021-04-15 17:07:26,Broadway & W 122 St,7783,W 100 St & Manhattan Ave,7538,40.812056,-73.961254,40.795,-73.9645,member
584638,B38E1B0D0767CA09,docked_bike,2021-04-29 17:27:23,2021-04-29 17:41:52,Broadway & W 122 St,7783,W 100 St & Manhattan Ave,7538,40.812056,-73.961254,40.795,-73.9645,member
584639,548C200DEA38C33A,docked_bike,2021-04-19 17:26:21,2021-04-19 17:35:54,Broadway & W 122 St,7783,W 100 St & Manhattan Ave,7538,40.812056,-73.961254,40.795,-73.9645,member
584652,DD6F7A4874EE2A42,docked_bike,2021-04-17 12:09:38,2021-04-17 12:16:00,W 89 St & Columbus Ave,7432,W 100 St & Manhattan Ave,7538,40.788221,-73.970415,40.795,-73.9645,member
584655,3B07D7A395404068,docked_bike,2021-04-30 13:17:32,2021-04-30 13:22:07,W 89 St & Columbus Ave,7432,W 100 St & Manhattan Ave,7538,40.788221,-73.970415,40.795,-73.9645,member
584656,74CDC90D2F303C3F,docked_bike,2021-04-24 11:43:22,2021-04-24 11:51:01,W 89 St & Columbus Ave,7432,W 100 St & Manhattan Ave,7538,40.788221,-73.970416,40.795,-73.9645,member
584658,A81394E67499C6D3,docked_bike,2021-04-28 11:52:00,2021-04-28 12:29:06,W 21 St & 6 Ave,6140,W 100 St & Manhattan Ave,7538,40.74174,-73.994156,40.795,-73.9645,member
584663,E46A600D61A9485B,docked_bike,2021-04-08 18:31:41,2021-04-08 18:46:22,W 89 St & Columbus Ave,7432,W 100 St & Manhattan Ave,7538,40.788221,-73.970415,40.795,-73.9645,member
584664,A0D28DB43F4995E3,docked_bike,2021-04-27 09:54:28,2021-04-27 09:58:49,W 89 St & Columbus Ave,7432,W 100 St & Manhattan Ave,7538,40.788221,-73.970415,40.795,-73.9645,member
584665,CAF229473656D989,docked_bike,2021-04-27 12:50:57,2021-04-27 12:56:35,W 89 St & Columbus Ave,7432,W 100 St & Manhattan Ave,7538,40.788221,-73.970415,40.795,-73.9645,member
584680,21BD0A36B1D18D79,docked_bike,2021-04-20 16:26:36,2021-04-20 16:40:13,Broadway & W 122 St,7783,W 100 St & Manhattan Ave,7538,40.812056,-73.961254,40.795,-73.9645,member
584681,0A67CC0F9CF6B7C7,docked_bike,2021-04-22 17:03:30,2021-04-22 17:19:50,Broadway & W 122 St,7783,W 100 St & Manhattan Ave,7538,40.812056,-73.961254,40.795,-73.9645,member
584682,2ACCEA37F8D6B450,docked_bike,2021-04-07 15:48:38,2021-04-07 16:05:44,Broadway & W 122 St,7783,W 100 St & Manhattan Ave,7538,40.812056,-73.961254,40.795,-73.9645,member
584690,8D0B33C25648FD96,docked_bike,2021-04-02 17:29:13,2021-04-02 17:29:34,E 77 St & 3 Ave,7092,W 100 St & Manhattan Ave,7538,40.773142,-73.958561,40.795,-73.9645,casual
584691,258B6526E5632103,docked_bike,2021-04-16 19:56:42,2021-04-16 20:02:48,W 89 St & Columbus Ave,7432,W 100 St & Manhattan Ave,7538,40.788221,-73.970415,40.795,-73.9645,member
584694,56EE5E7D7DB1D356,docked_bike,2021-04-08 18:31:40,2021-04-08 18:46:09,W 89 St & Columbus Ave,7432,W 100 St & Manhattan Ave,7538,40.788221,-73.970415,40.795,-73.9645,member
584695,D9916F9652A4AF0A,docked_bike,2021-04-05 16:23:34,2021-04-05 17:05:28,Broadway & W 122 St,7783,W 100 St & Manhattan Ave,7538,40.812056,-73.961254,40.795,-73.9645,member
584697,12EE6EC02E68E9EE,docked_bike,2021-04-27 23:10:06,2021-04-27 23:51:07,W 21 St & 6 Ave,6140,W 100 St & Manhattan Ave,7538,40.741739,-73.994155,40.795,-73.9645,member
584710,D519CF0B293C2706,docked_bike,2021-04-30 19:14:36,2021-04-30 19:19:19,W 87 St & Amsterdam Ave,7458,W 100 St & Manhattan Ave,7538,40.78839,-73.9747,40.795,-73.9645,member
584712,951690E8280E8880,docked_bike,2021-04-03 20:05:45,2021-04-03 20:15:05,E 115 St & Madison Ave,7599,W 100 St & Manhattan Ave,7538,40.798944,-73.944846,40.795,-73.9645,member
584722,8A87FA22A40BF78B,docked_bike,2021-04-14 19:41:20,2021-04-14 20:04:50,W 87 St & Amsterdam Ave,7458,W 100 St & Manhattan Ave,7538,40.78839,-73.9747,40.795,-73.9645,member
584730,33DCA963F52F21EB,docked_bike,2021-04-06 17:53:45,2021-04-06 18:03:29,W 87 St & Amsterdam Ave,7458,W 100 St & Manhattan Ave,7538,40.78839,-73.9747,40.795,-73.9645,member
584735,404E846D309EE205,docked_bike,2021-04-28 22:04:12,2021-04-28 22:12:49,W 87 St & Amsterdam Ave,7458,W 100 St & Manhattan Ave,7538,40.78839,-73.9747,40.795,-73.9645,member
584738,86B1C57C96DDDDE5,docked_bike,2021-04-09 19:01:19,2021-04-09 19:08:48,W 87 St & Amsterdam Ave,7458,W 100 St & Manhattan Ave,7538,40.78839,-73.9747,40.795,-73.9645,member
584740,F81E17C108A04331,docked_bike,2021-04-22 13:21:27,2021-04-22 13:28:22,W 87 St & Amsterdam Ave,7458,W 100 St & Manhattan Ave,7538,40.78839,-73.9747,40.795,-73.9645,member
584742,B94EA6453FEDC5A2,docked_bike,2021-04-13 13:42:45,2021-04-13 13:51:20,W 87 St & Amsterdam Ave,7458,W 100 St & Manhattan Ave,7538,40.78839,-73.9747,40.795,-73.9645,member
584743,574E53A17F542B3E,docked_bike,2021-04-06 13:35:57,2021-04-06 13:43:30,W 87 St & Amsterdam Ave,7458,W 100 St & Manhattan Ave,7538,40.78839,-73.9747,40.795,-73.9645,member
584748,425A7D471A3230B1,docked_bike,2021-04-19 16:54:21,2021-04-19 17:43:20,E 115 St & Madison Ave,7599,W 100 St & Manhattan Ave,7538,40.798944,-73.944846,40.795,-73.9645,member
584751,27A5E62C1200459C,docked_bike,2021-04-30 13:25:41,2021-04-30 13:30:38,W 89 St & Columbus Ave,7432,W 100 St & Manhattan Ave,7538,40.788221,-73.970415,40.795,-73.9645,member
584756,E3DB154F9A733141,docked_bike,2021-04-21 13:18:18,2021-04-21 14:03:27,W 34 St & 11 Ave,6578,W 100 St & Manhattan Ave,7538,40.755941,-74.002116,40.795,-73.9645,member
584758,EA25B0F624B0440F,docked_bike,2021-04-07 17:37:00,2021-04-07 18:05:03,W 163 St & Riverside Dr,8210,W 100 St & Manhattan Ave,7538,40.839278,-73.945446,40.795,-73.9645,member
584761,3A131FC558496C5A,docked_bike,2021-04-23 16:15:32,2021-04-23 16:24:55,Broadway & W 122 St,7783,W 100 St & Manhattan Ave,7538,40.812056,-73.961254,40.795,-73.9645,casual
584774,6C8D110537B921DB,docked_bike,2021-04-19 21:14:28,2021-04-19 21:17:53,W 89 St & Columbus Ave,7432,W 100 St & Manhattan Ave,7538,40.788221,-73.970415,40.795,-73.9645,member
584776,CB0A27DE374E34FA,docked_bike,2021-04-08 16:49:03,2021-04-08 17:03:32,Broadway & W 122 St,7783,W 100 St & Manhattan Ave,7538,40.812056,-73.961254,40.795,-73.9645,member
584777,40308DA547002123,docked_bike,2021-04-12 16:52:52,2021-04-12 17:10:01,Broadway & W 122 St,7783,W 100 St & Manhattan Ave,7538,40.812056,-73.961254,40.795,-73.9645,member
584783,399EF2B66E58073C,docked_bike,2021-04-17 13:01:29,2021-04-17 13:12:07,W 89 St & Columbus Ave,7432,W 100 St & Manhattan Ave,7538,40.788221,-73.970415,40.795,-73.9645,member
584787,59B5CB5D21A053E7,docked_bike,2021-04-10 13:09:33,2021-04-10 13:23:00,Broadway & W 122 St,7783,W 100 St & Manhattan Ave,7538,40.812056,-73.961254,40.795,-73.9645,casual
584791,76BA17E8D481E61F,docked_bike,2021-04-24 12:41:29,2021-04-24 13:05:30,W 21 St & 6 Ave,6140,W 100 St & Manhattan Ave,7538,40.741739,-73.994155,40.795,-73.9645,member
584792,44C9B047A90CD840,docked_bike,2021-04-30 16:44:53,2021-04-30 17:01:02,Broadway & W 122 St,7783,W 100 St & Manhattan Ave,7538,40.812056,-73.961254,40.795,-73.9645,member
584798,4C4F37AD67EF9495,docked_bike,2021-04-18 13:24:55,2021-04-18 13:41:32,Broadway & W 122 St,7783,W 100 St & Manhattan Ave,7538,40.812056,-73.961254,40.795,-73.9645,member
584799,759CD923E3ABA632,docked_bike,2021-04-27 17:07:43,2021-04-27 17:39:30,W 21 St & 6 Ave,6140,W 100 St & Manhattan Ave,7538,40.741739,-73.994155,40.795,-73.9645,member
584800,5A39D435C347D0EF,docked_bike,2021-04-03 17:43:45,2021-04-03 18:11:11,W 21 St & 6 Ave,6140,W 100 St & Manhattan Ave,7538,40.741739,-73.994155,40.795,-73.9645,member
584808,6D3E18C60896EEF0,docked_bike,2021-04-29 19:40:03,2021-04-29 19:59:29,E 115 St & Madison Ave,7599,W 100 St & Manhattan Ave,7538,40.798944,-73.944846,40.795,-73.9645,casual
584810,CF26DCB15C09B02D,docked_bike,2021-04-04 19:16:50,2021-04-04 19:22:27,W 87 St & Amsterdam Ave,7458,W 100 St & Manhattan Ave,7538,40.78839,-73.9747,40.795,-73.9645,casual
584812,233657B0858612B7,docked_bike,2021-04-06 19:07:51,2021-04-06 19:13:48,W 87 St & Amsterdam Ave,7458,W 100 St & Manhattan Ave,7538,40.78839,-73.9747,40.795,-73.9645,member
584815,4EDCCA74D93AE7D0,docked_bike,2021-04-29 19:39:17,2021-04-29 19:59:40,E 115 St & Madison Ave,7599,W 100 St & Manhattan Ave,7538,40.798944,-73.944846,40.795,-73.9645,casual
584822,E1B06D4F790049B9,docked_bike,2021-04-24 16:57:43,2021-04-24 17:36:04,E 115 St & Madison Ave,7599,W 100 St & Manhattan Ave,7538,40.798944,-73.944846,40.795,-73.9645,member
584827,02973B51404F545E,docked_bike,2021-04-12 09:25:49,2021-04-12 09:58:48,W 34 St & 11 Ave,6578,W 100 St & Manhattan Ave,7538,40.755941,-74.002116,40.795,-73.9645,member
584828,CB5C230A02D57395,docked_bike,2021-04-06 14:11:24,2021-04-06 14:48:18,W 21 St & 6 Ave,6140,W 100 St & Manhattan Ave,7538,40.74174,-73.994156,40.795,-73.9645,member
584829,F19969856E50D3CA,docked_bike,2021-04-14 17:10:38,2021-04-14 17:25:18,E 77 St & 3 Ave,7092,W 100 St & Manhattan Ave,7538,40.773142,-73.958561,40.795,-73.9645,casual
584833,221364CA2C41A668,docked_bike,2021-04-17 17:12:26,2021-04-17 17:18:09,W 89 St & Columbus Ave,7432,W 100 St & Manhattan Ave,7538,40.788221,-73.970415,40.795,-73.9645,member
584877,816DA251CEB9AD23,docked_bike,2021-04-08 18:53:40,2021-04-08 19:26:50,Lenox Ave & W 140 St,7872,W 100 St & Manhattan Ave,7538,40.817245,-73.938787,40.795,-73.9645,member
584904,EE88B4B58DA5512C,docked_bike,2021-04-17 12:42:15,2021-04-17 13:07:57,Lenox Ave & W 140 St,7872,W 100 St & Manhattan Ave,7538,40.817245,-73.938787,40.795,-73.9645,member
584933,F7D100E57F5CFD7C,docked_bike,2021-04-17 17:01:21,2021-04-17 17:07:16,W 87 St & Amsterdam Ave,7458,W 100 St & Manhattan Ave,7538,40.78839,-73.9747,40.795,-73.9645,member
584934,4BD752519317A9F6,docked_bike,2021-04-08 17:13:16,2021-04-08 17:21:10,W 87 St & Amsterdam Ave,7458,W 100 St & Manhattan Ave,7538,40.78839,-73.9747,40.795,-73.9645,member
584938,82AE3BBEA4A38E8A,docked_bike,2021-04-28 14:49:27,2021-04-28 14:58:51,W 87 St & Amsterdam Ave,7458,W 100 St & Manhattan Ave,7538,40.78839,-73.9747,40.795,-73.9645,member
584951,0207317D98E59591,docked_bike,2021-04-09 15:01:40,2021-04-09 15:09:37,W 87 St & Amsterdam Ave,7458,W 100 St & Manhattan Ave,7538,40.78839,-73.9747,40.795,-73.9645,member
584962,59C361DA0977EC8F,docked_bike,2021-04-12 19:08:17,2021-04-12 19:18:00,W 87 St & Amsterdam Ave,7458,W 100 St & Manhattan Ave,7538,40.78839,-73.9747,40.795,-73.9645,member
584977,8461979D59001FE2,docked_bike,2021-04-18 16:53:04,2021-04-18 17:12:20,Mt Morris Park W & W 120 St,7685,W 100 St & Manhattan Ave,7538,40.804038,-73.945925,40.795,-73.9645,member
585060,86CA476153040FB0,docked_bike,2021-04-16 15:32:17,2021-04-16 15:53:31,Central Park W & W 97 St,7538,Lexington Ave & E 128 St,7716,40.792495,-73.96417,40.806414,-73.936085,casual
585063,865DC7208B809C8C,docked_bike,2021-04-30 13:59:59,2021-04-30 14:14:23,Central Park W & W 97 St,7538,E 81 St & York Ave,7084,40.792495,-73.96417,40.7728384,-73.94989233,casual
585064,648AB042F80BB4A2,docked_bike,2021-04-30 13:57:46,2021-04-30 14:14:21,Central Park W & W 97 St,7538,E 81 St & York Ave,7084,40.792495,-73.96417,40.7728384,-73.94989233,casual
585077,9C5696DE159EE069,docked_bike,2021-04-06 10:54:08,2021-04-06 10:59:12,W 89 St & Columbus Ave,7432,W 100 St & Manhattan Ave,7538,40.788221,-73.970415,40.795,-73.9645,member
585080,925BDDD28057210F,docked_bike,2021-04-04 16:22:32,2021-04-04 16:37:54,E 77 St & 3 Ave,7092,W 100 St & Manhattan Ave,7538,40.773142,-73.958561,40.795,-73.9645,casual
585088,2BEAD2BEC0B33946,docked_bike,2021-04-24 11:42:46,2021-04-24 11:51:06,W 89 St & Columbus Ave,7432,W 100 St & Manhattan Ave,7538,40.788221,-73.970415,40.795,-73.9645,member
585090,A35B1898AEFDD5E7,docked_bike,2021-04-26 14:02:52,2021-04-26 14:26:47,W 34 St & 11 Ave,6578,W 100 St & Manhattan Ave,7538,40.755941,-74.002116,40.795,-73.9645,member
585104,AC7AC49EEFC1AA0C,docked_bike,2021-04-13 18:27:29,2021-04-13 18:49:26,W 87 St & Amsterdam Ave,7458,W 100 St & Manhattan Ave,7538,40.78839,-73.9747,40.795,-73.9645,member
588966,9E290B982E565A42,docked_bike,2021-04-05 23:38:27,2021-04-05 23:55:46,Central Park W & W 97 St,7538,Lexington Ave & E 128 St,7716,40.792495,-73.96417,40.806414,-73.936085,member
588981,997552F381D9C369,docked_bike,2021-04-13 18:14:22,2021-04-13 18:44:52,Central Park W & W 97 St,7538,E 81 St & York Ave,7084,40.792495,-73.96417,40.7728384,-73.94989233,member
588983,DE53FDCA794662DB,docked_bike,2021-04-04 16:06:58,2021-04-04 17:14:33,Central Park W & W 97 St,7538,Bergen St & Vanderbilt Ave,4157,40.792495,-73.96417,40.6794388,-73.9680438,member
589000,23B7F552896FB3DE,docked_bike,2021-04-07 15:22:31,2021-04-07 15:34:09,Central Park W & W 97 St,7538,E 81 St & York Ave,7084,40.792495,-73.96417,40.7728384,-73.94989233,member
589004,2259DE77A119C7BF,docked_bike,2021-04-12 09:08:28,2021-04-12 09:20:59,Central Park W & W 97 St,7538,E 81 St & York Ave,7084,40.792495,-73.96417,40.7728384,-73.94989233,member
589011,573A2D85AB25F4AF,docked_bike,2021-04-06 16:57:54,2021-04-06 17:21:45,Central Park W & W 97 St,7538,E 81 St & York Ave,7084,40.792495,-73.96417,40.7728384,-73.94989233,member
589024,293D2492BCA722C6,docked_bike,2021-04-04 18:40:07,2021-04-04 19:06:16,Central Park W & W 97 St,7538,E 81 St & York Ave,7084,40.792495,-73.96417,40.7728384,-73.94989233,member
589072,3291AF36F410C10E,docked_bike,2021-04-16 15:33:39,2021-04-16 15:53:17,Central Park W & W 97 St,7538,Lexington Ave & E 128 St,7716,40.792495,-73.96417,40.806414,-73.936085,casual
589076,F02A8C782D487F82,docked_bike,2021-04-24 15:53:12,2021-04-24 16:13:58,Central Park W & W 97 St,7538,E 81 St & York Ave,7084,40.792495,-73.96417,40.7728384,-73.94989233,member
589119,428786FA0025C3C9,docked_bike,2021-04-04 18:39:42,2021-04-04 19:06:14,Central Park W & W 97 St,7538,E 81 St & York Ave,7084,40.792495,-73.96417,40.7728384,-73.94989233,member
589126,BE0D2B55A0E9A33C,docked_bike,2021-04-05 23:38:16,2021-04-05 23:57:26,Central Park W & W 97 St,7538,Lexington Ave & E 128 St,7716,40.792495,-73.96417,40.806414,-73.936085,member
589156,7D0473DF825122E5,docked_bike,2021-04-17 14:23:54,2021-04-17 14:23:41,Central Park W & W 97 St,7538,E 81 St & York Ave,7084,40.792495,-73.96417,40.7728384,-73.94989233,member
589270,002A634C103E0E4E,docked_bike,2021-04-07 14:34:11,2021-04-07 14:46:49,Central Park W & W 97 St,7538,Lexington Ave & E 128 St,7716,40.792495,-73.96417,40.806414,-73.936085,casual
597611,376A62D84EEAED49,docked_bike,2021-04-23 15:33:43,2021-04-23 15:56:16,W 100 St & Manhattan Ave,7538,W 50 St & 9 Ave,6854,40.795,-73.9645,40.76360467795863,-73.98917958140373,member
597616,A4F116EC73BBBC1D,docked_bike,2021-04-08 07:39:16,2021-04-08 07:54:31,W 100 St & Manhattan Ave,7538,W 50 St & 9 Ave,6854,40.795,-73.9645,40.76360467795863,-73.98917958140373,member
597617,02CEFC249D90FBCB,docked_bike,2021-04-16 07:48:29,2021-04-16 08:06:05,W 100 St & Manhattan Ave,7538,W 50 St & 9 Ave,6854,40.795,-73.9645,40.76360467795863,-73.98917958140373,member
597618,76ED20C20DC8464E,docked_bike,2021-04-13 07:38:54,2021-04-13 07:55:39,W 100 St & Manhattan Ave,7538,W 50 St & 9 Ave,6854,40.795,-73.9645,40.76360467795863,-73.98917958140373,member
597619,746BF6559D44CF1C,docked_bike,2021-04-06 07:39:16,2021-04-06 07:56:52,W 100 St & Manhattan Ave,7538,W 50 St & 9 Ave,6854,40.795,-73.9645,40.76360467795863,-73.98917958140373,member
597620,61508683F8AD1885,docked_bike,2021-04-23 07:41:48,2021-04-23 07:59:53,W 100 St & Manhattan Ave,7538,W 50 St & 9 Ave,6854,40.795,-73.9645,40.76360467795863,-73.98917958140373,member
597621,1E39D0069B1298AD,docked_bike,2021-04-09 07:39:04,2021-04-09 07:55:57,W 100 St & Manhattan Ave,7538,W 50 St & 9 Ave,6854,40.795,-73.9645,40.76360467795863,-73.98917958140373,member
597642,3C4291FDD8316148,docked_bike,2021-04-05 15:14:02,2021-04-05 15:40:37,W 100 St & Manhattan Ave,7538,E 68 St & 3 Ave,6896,40.795,-73.9645,40.767128,-73.962246,member
597644,962ADA93DCF2D4B2,docked_bike,2021-04-19 14:56:55,2021-04-19 15:12:36,W 100 St & Manhattan Ave,7538,W 50 St & 9 Ave,6854,40.795,-73.9645,40.76360467795863,-73.98917958140373,casual
597655,DEBE5593ADE40BDC,docked_bike,2021-04-21 06:43:23,2021-04-21 06:52:54,W 100 St & Manhattan Ave,7538,2 Ave & E 122 St,7622,40.795,-73.9645,40.8006721,-73.9349,member
597658,83094BA1F08086CB,docked_bike,2021-04-01 07:42:22,2021-04-01 07:57:56,W 100 St & Manhattan Ave,7538,W 50 St & 9 Ave,6854,40.795,-73.9645,40.76360467795863,-73.98917958140373,member
597659,63C8F719A398A775,docked_bike,2021-04-29 07:35:36,2021-04-29 07:50:58,W 100 St & Manhattan Ave,7538,W 50 St & 9 Ave,6854,40.795,-73.9645,40.76360467795863,-73.98917958140373,member
597660,02F907B63D8A3283,docked_bike,2021-04-07 07:41:16,2021-04-07 07:56:15,W 100 St & Manhattan Ave,7538,W 50 St & 9 Ave,6854,40.795,-73.9645,40.76360467795863,-73.98917958140373,member
597716,F87665549F914A51,docked_bike,2021-04-02 08:17:41,2021-04-02 08:35:32,W 100 St & Manhattan Ave,7538,W 50 St & 9 Ave,6854,40.795,-73.9645,40.76360467795863,-73.98917958140373,member
598289,2FC56AF66BED77B0,docked_bike,2021-04-21 14:38:11,2021-04-21 14:57:27,Central Park W & W 97 St,7538,E 68 St & 3 Ave,6896,40.792495,-73.96417,40.76712840349542,-73.96224617958069,casual
598295,3BD1062EE71BEBAC,docked_bike,2021-04-22 17:56:17,2021-04-22 18:56:41,Central Park W & W 97 St,7538,2 Ave & E 122 St,7622,40.792495,-73.96417,40.8006721,-73.9349,casual
598297,BE69D37621C5276B,docked_bike,2021-04-18 15:27:09,2021-04-18 15:53:02,Central Park W & W 97 St,7538,W 30 St & 10 Ave,6459,40.792495,-73.96417,40.752694,-74.002353,member
598308,4835382E7FB046A3,docked_bike,2021-04-07 16:31:46,2021-04-07 17:08:27,Central Park W & W 97 St,7538,2 Ave & E 122 St,7622,40.792495,-73.96417,40.8006721,-73.9349,member
598312,21D92DC17E3803A1,docked_bike,2021-04-30 07:31:19,2021-04-30 07:47:51,Central Park W & W 97 St,7538,W 50 St & 9 Ave,6854,40.792495,-73.96417,40.76360467795863,-73.98917958140373,member
598330,D3D214E3AF0A36F3,docked_bike,2021-04-17 12:26:59,2021-04-17 12:26:57,Central Park W & W 97 St,7538,W 50 St & 9 Ave,6854,40.792495,-73.96417,40.76360467795863,-73.98917958140373,member
598366,4B5E095C69A1B853,docked_bike,2021-04-13 13:15:03,2021-04-13 13:34:38,Central Park W & W 97 St,7538,W 50 St & 9 Ave,6854,40.792495,-73.96417,40.76360467795863,-73.98917958140373,member
598375,4D6945E1B753AC03,docked_bike,2021-04-18 14:11:22,2021-04-18 14:51:21,Central Park W & W 97 St,7538,W 50 St & 9 Ave,6854,40.792495,-73.96417,40.76360467795863,-73.98917958140373,casual
598383,EB3D11DDC5386993,docked_bike,2021-04-10 14:38:05,2021-04-10 15:41:18,Central Park W & W 97 St,7538,W 30 St & 10 Ave,6459,40.792495,-73.96417,40.752694,-74.002353,casual
598390,A312C02F47132883,docked_bike,2021-04-27 15:17:11,2021-04-27 15:51:31,Central Park W & W 97 St,7538,W 30 St & 10 Ave,6459,40.792495,-73.96417,40.752694,-74.002353,casual
598393,174E5A051784089E,docked_bike,2021-04-28 15:19:33,2021-04-28 15:30:17,Central Park W & W 97 St,7538,E 68 St & 3 Ave,6896,40.792495,-73.96417,40.76712840349542,-73.96224617958069,casual
598394,FCC538CFE2478417,docked_bike,2021-04-18 15:53:43,2021-04-18 16:26:06,Central Park W & W 97 St,7538,W 30 St & 10 Ave,6459,40.792495,-73.96417,40.752694,-74.002353,member
598421,58E779E78F5090E9,docked_bike,2021-04-24 15:00:27,2021-04-24 15:20:55,Central Park W & W 97 St,7538,W 50 St & 9 Ave,6854,40.792495,-73.96417,40.76360467795863,-73.98917958140373,casual
598447,EA9C6F897865B3AC,docked_bike,2021-04-19 08:11:29,2021-04-19 08:43:35,Central Park W & W 97 St,7538,W 30 St & 10 Ave,6459,40.792495,-73.96417,40.752694,-74.002353,member
598458,86BCEACD85CD81A6,docked_bike,2021-04-13 13:00:09,2021-04-13 13:25:24,Central Park W & W 97 St,7538,W 50 St & 9 Ave,6854,40.792495,-73.964171,40.763605,-73.98918,casual
598460,76B67222F456BCEA,docked_bike,2021-04-17 12:27:18,2021-04-17 12:27:17,Central Park W & W 97 St,7538,W 50 St & 9 Ave,6854,40.792495,-73.96417,40.76360467795863,-73.98917958140373,member
598530,DF9DF723D1384FB1,docked_bike,2021-04-14 08:08:47,2021-04-14 08:23:56,Central Park W & W 97 St,7538,E 68 St & 3 Ave,6896,40.792495,-73.96417,40.76712840349542,-73.96224617958069,casual
598532,64523586F11DAB30,docked_bike,2021-04-05 12:56:54,2021-04-05 14:47:32,Central Park W & W 97 St,7538,W 30 St & 10 Ave,6459,40.792495,-73.96417,40.752694,-74.002353,casual
598541,4A402CF74FFFCBA5,docked_bike,2021-04-27 15:17:23,2021-04-27 15:51:41,Central Park W & W 97 St,7538,W 30 St & 10 Ave,6459,40.792495,-73.96417,40.752694,-74.002353,casual
598560,3DAC6DC948EA947F,docked_bike,2021-04-07 14:13:43,2021-04-07 14:34:56,Central Park W & W 97 St,7538,E 68 St & 3 Ave,6896,40.792495,-73.96417,40.76712840349542,-73.96224617958069,member
598564,4B97F198923FF3A6,docked_bike,2021-04-28 07:36:31,2021-04-28 07:51:39,Central Park W & W 97 St,7538,W 50 St & 9 Ave,6854,40.792495,-73.96417,40.76360467795863,-73.98917958140373,member
598867,3CE84C1B6210A22F,docked_bike,2021-04-18 15:44:20,2021-04-18 16:04:20,Central Park W & W 97 St,7538,W 50 St & 9 Ave,6854,40.792495,-73.96417,40.76360467795863,-73.98917958140373,member
598973,F6D00E9D5EC53B95,docked_bike,2021-04-18 15:56:53,2021-04-18 16:25:51,Central Park W & W 97 St,7538,W 30 St & 10 Ave,6459,40.792495,-73.96417,40.752694,-74.002353,member
598977,573B38250693295F,docked_bike,2021-04-21 08:04:05,2021-04-21 08:23:47,Central Park W & W 97 St,7538,E 68 St & 3 Ave,6896,40.792495,-73.96417,40.76712840349542,-73.96224617958069,casual
598978,641C144682A27D69,docked_bike,2021-04-20 10:11:53,2021-04-20 10:29:33,Central Park W & W 97 St,7538,E 68 St & 3 Ave,6896,40.792495,-73.96417,40.76712840349542,-73.96224617958069,casual
598982,915D23F48AF9F8D5,docked_bike,2021-04-19 10:05:45,2021-04-19 10:29:56,Central Park W & W 97 St,7538,W 50 St & 9 Ave,6854,40.792495,-73.96417,40.76360467795863,-73.98917958140373,member
598984,24ED7ED5AC518365,docked_bike,2021-04-05 12:24:20,2021-04-05 12:51:54,Central Park W & W 97 St,7538,W 50 St & 9 Ave,6854,40.792495,-73.96417,40.76360467795863,-73.98917958140373,member
598985,A9BC0C1736B54ABF,docked_bike,2021-04-28 17:44:50,2021-04-28 18:05:20,Central Park W & W 97 St,7538,W 50 St & 9 Ave,6854,40.792495,-73.96417,40.76360467795863,-73.98917958140373,member
602298,4398AB63EA012E93,docked_bike,2021-04-07 17:23:06,2021-05-26 14:38:19,W 100 St & Manhattan Ave,7538,NYCBS DEPOT - DELANCEY,SYS014,40.795,-73.9645,40.716444,-73.982331,casual
602305,0DFE748F73BE2177,docked_bike,2021-04-28 15:12:30,2021-04-28 15:55:17,W 100 St & Manhattan Ave,7538,Grand Concourse & E 144 St,7845,40.795,-73.9645,40.816576,-73.927987,member
602817,DC8ABB5598AC4CAE,docked_bike,2021-04-20 10:12:09,2021-04-20 10:29:31,Central Park W & W 97 St,7538,E 68 St & 3 Ave,6896,40.792495,-73.96417,40.76712840349542,-73.96224617958069,member
602820,58ECD17DD70A6B5C,docked_bike,2021-04-28 08:06:16,2021-04-28 08:22:32,Central Park W & W 97 St,7538,E 68 St & 3 Ave,6896,40.792495,-73.96417,40.76712840349542,-73.96224617958069,casual
602821,519A4CF5F11EDB39,docked_bike,2021-04-05 12:53:48,2021-04-05 14:47:07,Central Park W & W 97 St,7538,W 30 St & 10 Ave,6459,40.792495,-73.96417,40.752694,-74.002353,casual
602824,8E92753092E98F77,docked_bike,2021-04-28 08:06:20,2021-04-28 08:22:38,Central Park W & W 97 St,7538,E 68 St & 3 Ave,6896,40.792495,-73.96417,40.76712840349542,-73.96224617958069,casual
602829,1838D5735FE20349,docked_bike,2021-04-10 03:11:50,2021-04-10 03:49:39,Central Park W & W 97 St,7538,31 Ave & 61 St,6654,40.792495,-73.96417,40.757525,-73.901614,member
604496,DDC088FE4D4CC73B,docked_bike,2021-04-04 16:31:48,2021-04-04 16:49:52,W 100 St & Manhattan Ave,7538,W 49 St & 8 Ave,6747,40.795,-73.9645,40.76227205,-73.98788205,member
604525,33770FCA17291454,docked_bike,2021-04-17 16:40:36,2021-04-17 17:12:30,W 100 St & Manhattan Ave,7538,St Marks Pl & 1 Ave,5626,40.795,-73.9645,40.72779126,-73.98564945,casual
604633,D31B025E689ED6DC,docked_bike,2021-04-27 08:11:41,2021-04-27 08:33:50,W 100 St & Manhattan Ave,7538,W 49 St & 8 Ave,6747,40.795,-73.9645,40.76227205,-73.98788205,member
606592,8599C7849C9757EF,docked_bike,2021-04-19 09:10:12,2021-04-19 09:36:34,Central Park W & W 97 St,7538,W 49 St & 8 Ave,6747,40.792495,-73.96417,40.76227205,-73.98788205,member
606604,A20E5F1860A8CDCD,docked_bike,2021-04-28 10:38:11,2021-04-28 10:55:47,Central Park W & W 97 St,7538,W 49 St & 8 Ave,6747,40.792495,-73.96417,40.76227205,-73.98788205,member
609792,657F482D7835A929,docked_bike,2021-04-09 11:07:22,2021-04-09 11:18:45,Central Park W & W 97 St,7538,E 81 St & 3 Ave,7154,40.792495,-73.96417,40.77573034,-73.9567526,member
609798,6AE38AF04304355C,docked_bike,2021-04-23 14:06:32,2021-04-23 14:32:54,Central Park W & W 97 St,7538,St Marks Pl & 1 Ave,5626,40.792495,-73.96417,40.72779126,-73.98564945,member
609831,949A1592D576D784,docked_bike,2021-04-28 08:11:38,2021-04-28 08:34:09,Central Park W & W 97 St,7538,W 49 St & 8 Ave,6747,40.792495,-73.96417,40.76227205,-73.98788205,casual
609875,64E09763F67E4299,docked_bike,2021-04-05 06:29:22,2021-04-05 07:00:19,Central Park W & W 97 St,7538,E 25 St & 1 Ave,6004,40.792495,-73.96417,40.7381765,-73.97738662,member
609921,6EBB60BBDD21DA6D,docked_bike,2021-04-23 10:12:41,2021-04-23 10:23:07,Central Park W & W 97 St,7538,E 81 St & 3 Ave,7154,40.792495,-73.96417,40.77573034,-73.9567526,member
609944,AEC03BA2F81C27CD,docked_bike,2021-04-03 18:10:08,2021-04-03 18:40:57,Central Park W & W 97 St,7538,E 81 St & 3 Ave,7154,40.792495,-73.964171,40.77573,-73.956753,member
609959,7C29B093539E34EE,docked_bike,2021-04-05 12:51:30,2021-04-05 13:24:22,Central Park W & W 97 St,7538,St Marks Pl & 1 Ave,5626,40.792495,-73.964171,40.727791,-73.985649,member
609999,77CD3295C2E001F6,docked_bike,2021-04-17 13:09:05,2021-04-17 13:23:40,Central Park W & W 97 St,7538,E 81 St & 3 Ave,7154,40.792495,-73.96417,40.77573034,-73.9567526,member
610008,C52DF37CC04C6A82,docked_bike,2021-04-28 17:12:52,2021-04-28 17:46:14,Central Park W & W 97 St,7538,E 81 St & 3 Ave,7154,40.792495,-73.96417,40.77573034,-73.9567526,member
610695,CE19086043E526D3,docked_bike,2021-04-29 19:37:00,2021-04-29 20:00:05,Central Park W & W 97 St,7538,W 49 St & 8 Ave,6747,40.792495,-73.96417,40.76227205,-73.98788205,member
610720,D02669C03F0B225B,docked_bike,2021-04-30 10:12:08,2021-04-30 10:25:07,Central Park W & W 97 St,7538,E 81 St & 3 Ave,7154,40.792495,-73.96417,40.77573034,-73.9567526,member
610752,3DE877EBF3675442,docked_bike,2021-04-24 10:46:05,2021-04-24 11:02:21,Central Park W & W 97 St,7538,E 81 St & 3 Ave,7154,40.792495,-73.96417,40.77573034,-73.9567526,casual
610852,53142A54B10CDEA9,docked_bike,2021-04-20 10:09:47,2021-04-20 10:22:02,Central Park W & W 97 St,7538,E 81 St & 3 Ave,7154,40.792495,-73.96417,40.77573034,-73.9567526,member
610905,78DC146579C1B6A0,docked_bike,2021-04-06 09:20:38,2021-04-06 09:32:24,Central Park W & W 97 St,7538,E 81 St & 3 Ave,7154,40.792495,-73.96417,40.77573034,-73.9567526,member
610916,DF9CE12A3FB8D9C5,docked_bike,2021-04-03 18:09:46,2021-04-03 18:40:44,Central Park W & W 97 St,7538,E 81 St & 3 Ave,7154,40.792495,-73.96417,40.77573034,-73.9567526,member
621418,965A0258D8F77213,docked_bike,2021-04-30 18:47:18,2021-04-30 19:11:47,W 100 St & Manhattan Ave,7538,Edgecombe Ave & W 145 St,7976,40.795,-73.9645,40.823498,-73.94386,member
623322,7E2F7746D5BAB665,docked_bike,2021-04-24 12:52:57,2021-04-24 13:05:16,Central Park W & W 97 St,7538,Edgecombe Ave & W 145 St,7976,40.792495,-73.96417,40.823498,-73.94386,member
623324,84165B7F1FB5F62F,docked_bike,2021-04-29 18:13:57,2021-04-29 19:12:36,Central Park W & W 97 St,7538,W 41 St & 8 Ave,6602,40.792495,-73.96417,40.75640548,-73.9900262,casual
623354,C31CF2719E877D5F,docked_bike,2021-04-08 16:55:09,2021-04-08 17:19:17,Central Park W & W 97 St,7538,Riverside Dr & W 91 St,7524,40.792495,-73.964171,40.793135,-73.977004,casual
623355,99945C2CF17D8A2F,docked_bike,2021-04-18 21:26:05,2021-04-18 21:41:39,Central Park W & W 97 St,7538,Edgecombe Ave & W 145 St,7976,40.792495,-73.96417,40.823498,-73.94386,member
623361,76EDCE347411F03E,docked_bike,2021-04-07 13:18:58,2021-04-07 13:42:33,Central Park W & W 97 St,7538,Edgecombe Ave & W 145 St,7976,40.792495,-73.96417,40.823498,-73.94386,member
623409,28CB9176DD0A2B4B,docked_bike,2021-04-14 07:18:24,2021-04-14 07:30:15,Central Park W & W 97 St,7538,Edgecombe Ave & W 145 St,7976,40.792495,-73.96417,40.823498,-73.94386,member
623414,2164863004D0FA4A,docked_bike,2021-04-18 13:11:31,2021-04-18 13:19:50,Central Park W & W 97 St,7538,Riverside Dr & W 91 St,7524,40.792495,-73.96417,40.79313480986663,-73.97700369358063,member
623802,01C1346B4CD6FC10,docked_bike,2021-04-17 14:46:26,2021-04-17 14:46:16,Central Park W & W 97 St,7538,Riverside Dr & W 91 St,7524,40.792495,-73.96417,40.79313480986663,-73.97700369358063,casual
625178,A25B3087126C42D2,docked_bike,2021-04-20 09:11:10,2021-04-20 09:11:35,Central Park W & W 97 St,7538,Riverside Dr & W 91 St,7524,40.792495,-73.96417,40.79313480986663,-73.97700369358063,member
625179,EF62C021374F4634,docked_bike,2021-04-26 19:15:43,2021-04-26 20:59:38,Central Park W & W 97 St,7538,W 41 St & 8 Ave,6602,40.792495,-73.96417,40.75640548,-73.9900262,casual
625180,249F723EBB6F6AE7,docked_bike,2021-04-08 13:32:38,2021-04-08 13:48:29,Central Park W & W 97 St,7538,Edgecombe Ave & W 145 St,7976,40.792495,-73.96417,40.823498,-73.94386,member
625188,2CDF2E2449FB7EE9,docked_bike,2021-04-08 07:45:17,2021-04-08 08:03:28,Central Park W & W 97 St,7538,Edgecombe Ave & W 145 St,7976,40.792495,-73.96417,40.823498,-73.94386,member
625495,A68A6D4EE5B6A314,docked_bike,2021-04-29 18:12:17,2021-04-29 19:11:36,Central Park W & W 97 St,7538,W 41 St & 8 Ave,6602,40.792495,-73.96417,40.75640548,-73.9900262,casual
625497,EF3AB8A1A9A95A2E,docked_bike,2021-04-18 13:11:31,2021-04-18 13:20:05,Central Park W & W 97 St,7538,Riverside Dr & W 91 St,7524,40.792495,-73.96417,40.79313480986663,-73.97700369358063,member
631486,B3B4987463B39570,docked_bike,2021-04-05 16:31:32,2021-04-05 17:18:27,W 100 St & Manhattan Ave,7538,St James Pl & Pearl St,5167,40.795,-73.9645,40.71117416,-74.00016545,casual
632660,C590E30344488373,docked_bike,2021-04-21 10:55:25,2021-04-21 11:22:51,Central Park W & W 97 St,7538,Bleecker St & Crosby St,5679,40.792495,-73.96417,40.72615604980408,-73.99510189890862,member
651061,79A3A22C9028ED69,docked_bike,2021-04-05 07:34:35,2021-04-05 08:09:01,Central Park W & W 97 St,7538,Lexington Ave & E 36 St,6313,40.792495,-73.96417,40.7475739589548,-73.9788007736206,member
651066,AC62E70CACA366CA,docked_bike,2021-04-19 12:48:42,2021-04-19 13:04:54,Central Park W & W 97 St,7538,E 81 St & 2 Ave,7121,40.792495,-73.96417,40.77477944895728,-73.95427465438843,member
651068,679F41170A5D4A7E,docked_bike,2021-04-26 09:03:55,2021-04-26 09:25:51,Central Park W & W 97 St,7538,Lexington Ave & E 36 St,6313,40.792495,-73.96417,40.7475739589548,-73.9788007736206,member
651072,8E6F5B8A02DB1AA5,docked_bike,2021-04-25 12:36:15,2021-04-25 12:53:53,Central Park W & W 97 St,7538,E 81 St & 2 Ave,7121,40.792495,-73.96417,40.77477944895728,-73.95427465438843,casual
651131,B731B0143A2C1708,docked_bike,2021-04-18 17:25:13,2021-04-18 17:37:45,Central Park W & W 97 St,7538,E 81 St & 2 Ave,7121,40.792495,-73.96417,40.77477944895728,-73.95427465438843,member
651144,DEA0F25D599EC24F,docked_bike,2021-04-10 14:52:28,2021-04-10 15:04:28,Central Park W & W 97 St,7538,E 81 St & 2 Ave,7121,40.792495,-73.96417,40.77477944895728,-73.95427465438843,member
651160,30B8EF9B474D7694,docked_bike,2021-04-14 11:33:33,2021-04-14 11:47:25,Central Park W & W 97 St,7538,E 81 St & 2 Ave,7121,40.792495,-73.96417,40.77477944895728,-73.95427465438843,member
651173,C453BF2B741DE539,docked_bike,2021-04-05 13:38:23,2021-04-05 14:02:00,Central Park W & W 97 St,7538,Lexington Ave & E 36 St,6313,40.792495,-73.96417,40.7475739589548,-73.9788007736206,member
656122,CCFDC1A285020D3A,docked_bike,2021-04-28 20:18:05,2021-04-28 20:53:38,W 100 St & Manhattan Ave,7538,Lexington Ave & E 36 St,6313,40.795,-73.9645,40.7475739589548,-73.9788007736206,member
658514,5DECC8260907A709,docked_bike,2021-04-14 10:02:53,2021-04-14 10:20:32,Central Park W & W 97 St,7538,Broadway & W 51 St,6779,40.792495,-73.96417,40.76228826,-73.98336183,member
658515,AD82431216928460,docked_bike,2021-04-21 13:34:42,2021-04-21 13:51:49,Central Park W & W 97 St,7538,Broadway & W 51 St,6779,40.792495,-73.96417,40.76228826,-73.98336183,member
658516,C47FAACE2918B0B0,docked_bike,2021-04-22 15:12:28,2021-04-22 15:25:30,Central Park W & W 97 St,7538,East End Ave & E 86 St,7113,40.792495,-73.96417,40.77518615,-73.94446054,member
658549,CF3A1FD3550119CE,docked_bike,2021-04-27 08:38:57,2021-04-27 09:03:56,Central Park W & W 97 St,7538,Broadway & W 51 St,6779,40.792495,-73.96417,40.76228826,-73.98336183,member
658555,D6536D2CBC3618E7,docked_bike,2021-04-28 15:12:36,2021-04-28 15:33:33,Central Park W & W 97 St,7538,East End Ave & E 86 St,7113,40.792495,-73.96417,40.77518615,-73.94446054,member
658556,9CCA1AAC85FA3894,docked_bike,2021-04-06 18:47:42,2021-04-06 19:04:42,Central Park W & W 97 St,7538,Broadway & W 51 St,6779,40.792495,-73.96417,40.76228826,-73.98336183,casual
658559,599C443AD572187D,docked_bike,2021-04-04 17:13:42,2021-04-04 17:32:01,Central Park W & W 97 St,7538,Broadway & W 51 St,6779,40.792495,-73.96417,40.76228826,-73.98336183,casual
658560,3159C1C0BF694414,docked_bike,2021-04-22 08:11:05,2021-04-22 08:28:43,Central Park W & W 97 St,7538,6 Ave & W 45 St,6593,40.792495,-73.96417,40.756951,-73.982631,member
658561,86F82CFD55059BB6,docked_bike,2021-04-18 14:21:16,2021-04-18 14:47:40,Central Park W & W 97 St,7538,6 Ave & W 45 St,6593,40.792495,-73.96417,40.756951,-73.982631,member
658562,576973B27A0688D3,docked_bike,2021-04-21 07:49:01,2021-04-21 08:12:12,Central Park W & W 97 St,7538,Broadway & W 51 St,6779,40.792495,-73.96417,40.76228826,-73.98336183,member
658610,949CEA5BA3E60044,docked_bike,2021-04-09 09:28:47,2021-04-09 09:49:16,Central Park W & W 97 St,7538,East End Ave & E 86 St,7113,40.792495,-73.964171,40.775186,-73.944461,member
658616,462BBD3B27FC914D,docked_bike,2021-04-13 11:19:42,2021-04-13 11:48:14,Central Park W & W 97 St,7538,Broadway & W 51 St,6779,40.792495,-73.96417,40.76228826,-73.98336183,member
658617,A8505C9C1D9FFE04,docked_bike,2021-04-09 13:54:25,2021-04-09 14:08:28,Central Park W & W 97 St,7538,Broadway & W 51 St,6779,40.792495,-73.96417,40.76228826,-73.98336183,casual
658649,73473A74425042F4,docked_bike,2021-04-19 18:39:11,2021-04-19 19:29:46,Central Park W & W 97 St,7538,Broadway & W 51 St,6779,40.792495,-73.964171,40.762288,-73.983362,casual
658652,19EB71E56F5C6B93,docked_bike,2021-04-28 14:39:30,2021-04-28 14:59:54,Central Park W & W 97 St,7538,East End Ave & E 86 St,7113,40.792495,-73.96417,40.77518615,-73.94446054,member
658653,AFC238F8AA186C61,docked_bike,2021-04-09 11:00:29,2021-04-09 11:19:31,Central Park W & W 97 St,7538,East End Ave & E 86 St,7113,40.792495,-73.96417,40.77518615,-73.94446054,member
658658,62A202A4950A2914,docked_bike,2021-04-30 08:46:50,2021-04-30 09:07:48,Central Park W & W 97 St,7538,Broadway & W 51 St,6779,40.792495,-73.96417,40.76228826,-73.98336183,member
658659,C8D4699BBBD7B4B7,docked_bike,2021-04-17 13:53:01,2021-04-17 13:52:53,Central Park W & W 97 St,7538,Broadway & W 51 St,6779,40.792495,-73.96417,40.76228826,-73.98336183,member
658660,9EC29D42C0A92FA3,docked_bike,2021-04-13 18:42:04,2021-04-13 19:01:24,Central Park W & W 97 St,7538,Broadway & W 51 St,6779,40.792495,-73.96417,40.76228826,-73.98336183,casual
658676,AA8894D0ABDD4A1F,docked_bike,2021-04-17 15:56:58,2021-04-17 16:16:42,Central Park W & W 97 St,7538,6 Ave & W 45 St,6593,40.792495,-73.96417,40.756951,-73.982631,member
658678,9A6AF89975F17647,docked_bike,2021-04-08 09:55:01,2021-04-08 10:12:17,Central Park W & W 97 St,7538,Broadway & W 51 St,6779,40.792495,-73.96417,40.76228826,-73.98336183,member
658679,F11B155A119FA324,docked_bike,2021-04-18 16:48:51,2021-04-18 17:08:52,Central Park W & W 97 St,7538,Broadway & W 51 St,6779,40.792495,-73.96417,40.76228826,-73.98336183,member
658688,1F52FFB26FB66A12,docked_bike,2021-04-18 16:33:48,2021-04-18 17:09:57,Central Park W & W 97 St,7538,Broadway & W 51 St,6779,40.792495,-73.96417,40.76228826,-73.98336183,member
658691,11586B0B1C5C0A0A,docked_bike,2021-04-20 10:35:24,2021-04-20 10:53:06,Central Park W & W 97 St,7538,Broadway & W 51 St,6779,40.792495,-73.96417,40.76228826,-73.98336183,member
658693,B08E17DD12B59516,docked_bike,2021-04-24 09:42:54,2021-04-24 10:02:54,Central Park W & W 97 St,7538,Broadway & W 51 St,6779,40.792495,-73.96417,40.76228826,-73.98336183,member
658701,82C2780DB62858A8,docked_bike,2021-04-10 20:33:40,2021-04-10 21:04:17,Central Park W & W 97 St,7538,Broadway & W 51 St,6779,40.792495,-73.96417,40.76228826,-73.98336183,member
658703,BDC03694B4B46988,docked_bike,2021-04-10 20:36:07,2021-04-10 21:31:29,Central Park W & W 97 St,7538,Broadway & W 51 St,6779,40.792495,-73.96417,40.76228826,-73.98336183,member
658704,90B46007E31E8AC0,docked_bike,2021-04-09 08:03:18,2021-04-09 08:25:27,Central Park W & W 97 St,7538,Broadway & W 51 St,6779,40.792495,-73.96417,40.76228826,-73.98336183,member
659124,A9B03BC882E1E2E6,docked_bike,2021-04-06 08:04:21,2021-04-06 08:26:55,Central Park W & W 97 St,7538,Broadway & W 51 St,6779,40.792495,-73.96417,40.76228826,-73.98336183,member
659125,4DF9B368AD83F239,docked_bike,2021-04-07 08:31:47,2021-04-07 08:52:43,Central Park W & W 97 St,7538,Broadway & W 51 St,6779,40.792495,-73.96417,40.76228826,-73.98336183,member
659127,10E03667CE39FE58,docked_bike,2021-04-14 10:31:15,2021-04-14 10:51:14,Central Park W & W 97 St,7538,6 Ave & W 45 St,6593,40.792495,-73.96417,40.756951,-73.982631,member
659195,36A84EF34587B5B6,docked_bike,2021-04-27 16:18:51,2021-04-27 16:32:07,Central Park W & W 97 St,7538,East End Ave & E 86 St,7113,40.792495,-73.96417,40.77518615,-73.94446054,member
659201,0B866D08EB05E7A9,docked_bike,2021-04-10 20:35:28,2021-04-10 21:04:25,Central Park W & W 97 St,7538,Broadway & W 51 St,6779,40.792495,-73.96417,40.76228826,-73.98336183,member
663174,29425C9435BC9C42,docked_bike,2021-04-14 16:05:52,2021-04-14 16:26:57,Central Park W & W 97 St,7538,East End Ave & E 86 St,7113,40.792495,-73.96417,40.77518615,-73.94446054,member
663176,ECA812AF5E64C978,docked_bike,2021-04-30 20:16:53,2021-04-30 20:32:37,Central Park W & W 97 St,7538,Broadway & W 51 St,6779,40.792495,-73.96417,40.76228826,-73.98336183,casual
663177,9593BD83FEBABB6D,docked_bike,2021-04-03 16:43:47,2021-04-03 17:23:35,Central Park W & W 97 St,7538,Broadway & W 51 St,6779,40.792495,-73.964171,40.762288,-73.983362,casual
663230,623F0DEE25B4D85D,docked_bike,2021-04-02 07:58:29,2021-04-02 08:21:20,Central Park W & W 97 St,7538,Broadway & W 51 St,6779,40.792495,-73.96417,40.76228826,-73.98336183,member
663239,74B22A974538CCA5,docked_bike,2021-04-30 10:12:34,2021-04-30 10:31:10,Central Park W & W 97 St,7538,Broadway & W 51 St,6779,40.792495,-73.96417,40.76228826,-73.98336183,member
663240,D4EB85DED5D480A6,docked_bike,2021-04-26 15:28:39,2021-04-26 15:42:04,Central Park W & W 97 St,7538,East End Ave & E 86 St,7113,40.792495,-73.96417,40.77518615,-73.94446054,casual
663244,37F8384D432757D4,docked_bike,2021-04-18 15:52:04,2021-04-18 16:08:58,Central Park W & W 97 St,7538,Broadway & W 51 St,6779,40.792495,-73.96417,40.76228826,-73.98336183,member
663254,B8F9EFF9B3394C63,docked_bike,2021-04-23 08:53:35,2021-04-23 09:14:09,Central Park W & W 97 St,7538,6 Ave & W 45 St,6593,40.792495,-73.96417,40.756951,-73.982631,member
663266,5EF943A94C97AE9A,docked_bike,2021-04-13 11:16:27,2021-04-13 11:49:57,Central Park W & W 97 St,7538,Broadway & W 51 St,6779,40.792495,-73.96417,40.76228826,-73.98336183,member
663269,048F8792A741431B,docked_bike,2021-04-04 17:13:47,2021-04-04 17:32:13,Central Park W & W 97 St,7538,Broadway & W 51 St,6779,40.792495,-73.96417,40.76228826,-73.98336183,casual
663270,EDE036C6FFCF25CC,docked_bike,2021-04-14 12:21:21,2021-04-14 12:34:32,Central Park W & W 97 St,7538,Broadway & W 51 St,6779,40.792495,-73.96417,40.76228826,-73.98336183,member
663271,36AB276B6D4ABF55,docked_bike,2021-04-17 19:39:52,2021-04-17 19:39:44,Central Park W & W 97 St,7538,Broadway & W 51 St,6779,40.792495,-73.96417,40.76228826,-73.98336183,member
663272,DB6B906BFDC6CF85,docked_bike,2021-04-16 10:24:07,2021-04-16 10:50:31,Central Park W & W 97 St,7538,Broadway & W 51 St,6779,40.792495,-73.96417,40.76228826,-73.98336183,member
663277,C9A481B5FA89D8A8,docked_bike,2021-04-23 15:45:53,2021-04-23 16:07:54,Central Park W & W 97 St,7538,Broadway & W 51 St,6779,40.792495,-73.96417,40.76228826,-73.98336183,casual
668357,77144B1EF8735984,docked_bike,2021-04-14 17:37:46,2021-04-14 18:23:53,W 100 St & Manhattan Ave,7538,Broadway & W 51 St,6779,40.795,-73.9645,40.76228826,-73.98336183,member
668401,04E8E5BEEE88760F,docked_bike,2021-04-25 18:28:21,2021-04-25 18:54:59,W 100 St & Manhattan Ave,7538,Broadway & W 51 St,6779,40.795,-73.9645,40.76228826,-73.98336183,member
668406,3B7B702A76516F9C,docked_bike,2021-04-08 08:50:34,2021-04-08 09:09:53,W 100 St & Manhattan Ave,7538,Broadway & W 51 St,6779,40.795,-73.9645,40.76228826,-73.98336183,member
668407,C992EA94F311424A,docked_bike,2021-04-25 18:29:50,2021-04-25 18:55:12,W 100 St & Manhattan Ave,7538,Broadway & W 51 St,6779,40.795,-73.9645,40.76228826,-73.98336183,member
668418,F7F125B3781B1D9F,docked_bike,2021-04-10 14:29:14,2021-04-10 14:56:46,W 100 St & Manhattan Ave,7538,Broadway & W 51 St,6779,40.795,-73.9645,40.76228826,-73.98336183,member
668428,0306772EA3392C27,docked_bike,2021-04-10 14:27:37,2021-04-10 14:56:55,W 100 St & Manhattan Ave,7538,Broadway & W 51 St,6779,40.795,-73.9645,40.76228826,-73.98336183,casual
668453,22C8634A4CDF6A46,docked_bike,2021-04-20 06:48:42,2021-04-20 07:07:03,W 100 St & Manhattan Ave,7538,Broadway & W 51 St,6779,40.795,-73.9645,40.76228826,-73.98336183,member
668455,C6A3C84DBB428316,docked_bike,2021-04-13 10:13:45,2021-04-13 10:31:42,W 100 St & Manhattan Ave,7538,East End Ave & E 86 St,7113,40.795,-73.9645,40.77518615,-73.94446054,member
668457,12C108AFC8EAB004,docked_bike,2021-04-02 18:30:07,2021-04-02 18:52:31,W 100 St & Manhattan Ave,7538,6 Ave & W 45 St,6593,40.795,-73.9645,40.756951,-73.982631,member
668458,9B5C52F12C43D70D,docked_bike,2021-04-07 11:35:48,2021-04-07 11:58:19,W 100 St & Manhattan Ave,7538,Broadway & W 51 St,6779,40.795,-73.9645,40.76228826,-73.98336183,member
668480,0029F4D0BDA7884B,docked_bike,2021-04-19 06:37:03,2021-04-19 06:56:59,W 100 St & Manhattan Ave,7538,Broadway & W 51 St,6779,40.795,-73.9645,40.76228826,-73.98336183,member
668481,AB7225BAC7D2EDAD,docked_bike,2021-04-08 06:48:50,2021-04-08 07:05:07,W 100 St & Manhattan Ave,7538,Broadway & W 51 St,6779,40.795,-73.9645,40.76228826,-73.98336183,member
668489,C62D5380A70A2667,docked_bike,2021-04-07 17:36:35,2021-04-07 17:56:56,W 100 St & Manhattan Ave,7538,East End Ave & E 86 St,7113,40.795,-73.9645,40.77518615,-73.94446054,casual
668536,3AA33728996253A8,docked_bike,2021-04-30 19:57:41,2021-04-30 20:11:45,W 100 St & Manhattan Ave,7538,Broadway & W 51 St,6779,40.795,-73.9645,40.76228826,-73.98336183,member
668549,8490EFA1F049225C,docked_bike,2021-04-14 17:37:56,2021-04-14 18:23:50,W 100 St & Manhattan Ave,7538,Broadway & W 51 St,6779,40.795,-73.9645,40.76228826,-73.98336183,casual
668551,CB5E6DF2475015A0,docked_bike,2021-04-18 13:31:05,2021-04-18 13:51:27,W 100 St & Manhattan Ave,7538,Broadway & W 51 St,6779,40.795,-73.9645,40.76228826,-73.98336183,member
668555,E347403F9B5D909F,docked_bike,2021-04-24 15:24:37,2021-04-24 15:46:06,W 100 St & Manhattan Ave,7538,Broadway & W 51 St,6779,40.795,-73.9645,40.76228826,-73.98336183,member
668637,024B8BA39BE88C51,docked_bike,2021-04-14 08:12:00,2021-04-14 08:44:53,W 100 St & Manhattan Ave,7538,Broadway & W 51 St,6779,40.795,-73.9645,40.76228826,-73.98336183,member
669068,1A2A53AD01F56010,docked_bike,2021-04-16 15:14:54,2021-04-16 15:33:59,W 100 St & Manhattan Ave,7538,Broadway & W 51 St,6779,40.795,-73.9645,40.76228826,-73.98336183,casual
673558,FD5FA50F5783A9A7,docked_bike,2021-04-07 14:56:04,2021-04-07 15:02:13,Central Park W & W 97 St,7538,W 104 St & Amsterdam Ave,7610,40.792495,-73.96417,40.79904139288298,-73.96649479866028,casual
673561,85626EFAD12F2754,docked_bike,2021-04-29 18:40:30,2021-04-29 18:45:24,Central Park W & W 97 St,7538,W 104 St & Amsterdam Ave,7610,40.792495,-73.96417,40.79904139288298,-73.96649479866028,member
673563,0CD670EEB435AEB1,docked_bike,2021-04-28 20:10:04,2021-04-28 20:15:58,Central Park W & W 97 St,7538,W 104 St & Amsterdam Ave,7610,40.792495,-73.96417,40.79904139288298,-73.96649479866028,member
677771,F013C94B5870A465,docked_bike,2021-04-17 16:56:20,2021-04-17 17:03:10,Central Park W & W 97 St,7538,W 104 St & Amsterdam Ave,7610,40.792495,-73.96417,40.79904139288298,-73.96649479866028,member
677830,5BD4CC5B06A49B81,docked_bike,2021-04-24 06:48:10,2021-04-24 07:09:26,Central Park W & W 97 St,7538,1 Ave & E 62 St,6753,40.792495,-73.96417,40.7612274,-73.96094022,member
677833,0DCA7AA6C085D082,docked_bike,2021-04-01 20:09:24,2021-04-01 20:20:09,Central Park W & W 97 St,7538,W 104 St & Amsterdam Ave,7610,40.792495,-73.96417,40.79904139288298,-73.96649479866028,member
677834,176234C11C10AA3A,docked_bike,2021-04-17 19:56:55,2021-04-17 20:03:49,Central Park W & W 97 St,7538,W 104 St & Amsterdam Ave,7610,40.792495,-73.96417,40.79904139288298,-73.96649479866028,member
677893,5866C0F28F03E637,docked_bike,2021-04-08 08:44:59,2021-04-08 09:28:55,Central Park W & W 97 St,7538,Water - Whitehall Plaza,4962,40.792495,-73.96417,40.70255065,-74.0127234,member
677894,0B742B9AD6228A8A,docked_bike,2021-04-28 07:50:34,2021-04-28 07:55:28,Central Park W & W 97 St,7538,W 104 St & Amsterdam Ave,7610,40.792495,-73.96417,40.79904139288298,-73.96649479866028,casual
677898,24466161D920B54A,docked_bike,2021-04-10 08:36:57,2021-04-10 09:19:23,Central Park W & W 97 St,7538,Water - Whitehall Plaza,4962,40.792495,-73.96417,40.70255065,-74.0127234,member
677928,B39857C422D9FB1F,docked_bike,2021-04-05 17:30:57,2021-04-05 18:07:35,Central Park W & W 97 St,7538,University Pl & E 8 St,5755,40.792495,-73.96417,40.73143724085228,-73.99490341544151,casual
677943,D50333487CF3545F,docked_bike,2021-04-14 13:33:56,2021-04-14 13:57:42,Central Park W & W 97 St,7538,1 Ave & E 62 St,6753,40.792495,-73.96417,40.7612274,-73.96094022,member
677946,88C8CBF76537361C,docked_bike,2021-04-16 18:23:54,2021-04-16 18:28:24,Central Park W & W 97 St,7538,W 104 St & Amsterdam Ave,7610,40.792495,-73.96417,40.79904139288298,-73.96649479866028,member
677950,F6648D292704BF50,docked_bike,2021-04-01 05:53:07,2021-04-01 06:15:14,Central Park W & W 97 St,7538,1 Ave & E 62 St,6753,40.792495,-73.96417,40.7612274,-73.96094022,member
677953,E0C10544E358CED9,docked_bike,2021-04-08 17:49:53,2021-04-08 18:33:17,Central Park W & W 97 St,7538,University Pl & E 8 St,5755,40.792495,-73.96417,40.73143724085228,-73.99490341544151,member
677965,57C4EF7A85A94BE8,docked_bike,2021-04-09 16:25:51,2021-04-09 16:47:56,Central Park W & W 97 St,7538,E 27 St & Park Ave S,6131,40.792495,-73.96417,40.74275179648995,-73.9847157150507,member
678077,52B0DBF75AD67A83,docked_bike,2021-04-08 07:03:04,2021-04-08 07:25:38,Central Park W & W 97 St,7538,1 Ave & E 62 St,6753,40.792495,-73.96417,40.7612274,-73.96094022,member
678082,097896BD020F0997,docked_bike,2021-04-13 09:23:39,2021-04-13 09:32:15,Central Park W & W 97 St,7538,W 104 St & Amsterdam Ave,7610,40.792495,-73.96417,40.79904139288298,-73.96649479866028,casual
678175,77F4F58865736EE4,docked_bike,2021-04-27 08:10:03,2021-04-27 08:16:54,Central Park W & W 97 St,7538,W 104 St & Amsterdam Ave,7610,40.792495,-73.96417,40.79904139288298,-73.96649479866028,member
678188,A2364014BA4D3B07,docked_bike,2021-04-14 12:13:26,2021-04-14 12:16:59,Central Park W & W 97 St,7538,W 104 St & Amsterdam Ave,7610,40.792495,-73.96417,40.79904139288298,-73.96649479866028,member
678197,866AA9E3E94773CB,docked_bike,2021-04-27 19:35:38,2021-04-27 19:41:39,Central Park W & W 97 St,7538,W 104 St & Amsterdam Ave,7610,40.792495,-73.96417,40.79904139288298,-73.96649479866028,member
678198,5FC467ED0D804A2E,docked_bike,2021-04-20 19:33:46,2021-04-20 19:39:36,Central Park W & W 97 St,7538,W 104 St & Amsterdam Ave,7610,40.792495,-73.96417,40.79904139288298,-73.96649479866028,member
678248,F84EF09C52AC8722,docked_bike,2021-04-27 13:39:27,2021-04-27 14:46:00,Central Park W & W 97 St,7538,1 Ave & E 62 St,6753,40.792495,-73.96417,40.7612274,-73.96094022,casual
678250,1D902D957B532467,docked_bike,2021-04-25 14:34:17,2021-04-25 14:54:50,Central Park W & W 97 St,7538,1 Ave & E 62 St,6753,40.792495,-73.96417,40.7612274,-73.96094022,member
678574,FA4FB1489C91523E,docked_bike,2021-04-18 11:53:05,2021-04-18 11:58:59,Central Park W & W 97 St,7538,W 104 St & Amsterdam Ave,7610,40.792495,-73.96417,40.79904139288298,-73.96649479866028,member
678577,8F729E71C58A3A24,docked_bike,2021-04-02 16:56:34,2021-04-02 17:01:54,Central Park W & W 97 St,7538,W 104 St & Amsterdam Ave,7610,40.792495,-73.96417,40.79904139288298,-73.96649479866028,member
682544,93A4A52211E00821,docked_bike,2021-04-28 06:54:28,2021-04-28 07:14:56,Central Park W & W 97 St,7538,1 Ave & E 62 St,6753,40.792495,-73.96417,40.7612274,-73.96094022,member
682545,60751E4AC210D8FF,docked_bike,2021-04-16 07:18:39,2021-04-16 07:40:44,Central Park W & W 97 St,7538,1 Ave & E 62 St,6753,40.792495,-73.96417,40.7612274,-73.96094022,member
682549,6065388B0E655910,docked_bike,2021-04-22 09:50:03,2021-04-22 10:16:01,Central Park W & W 97 St,7538,E 27 St & Park Ave S,6131,40.792495,-73.96417,40.74275179648995,-73.9847157150507,member
682576,DD3EB70F87967EC7,docked_bike,2021-04-07 17:30:12,2021-04-07 18:00:29,Central Park W & W 97 St,7538,1 Ave & E 62 St,6753,40.792495,-73.96417,40.7612274,-73.96094022,casual
684542,A50D9C18281EA4B0,docked_bike,2021-04-18 18:32:28,2021-04-18 19:29:24,W 100 St & Manhattan Ave,7538,W 104 St & Amsterdam Ave,7610,40.795,-73.9645,40.79904139288298,-73.96649479866028,member
684548,4F51257D9A5007EF,docked_bike,2021-04-14 09:21:12,2021-04-14 09:38:07,W 100 St & Manhattan Ave,7538,1 Ave & E 62 St,6753,40.795,-73.9645,40.7612274,-73.96094022,member
684550,260A23B4F520BFCF,docked_bike,2021-04-08 19:01:01,2021-04-08 19:08:23,W 100 St & Manhattan Ave,7538,W 104 St & Amsterdam Ave,7610,40.795,-73.9645,40.79904139288298,-73.96649479866028,casual
684564,33784969734201B0,docked_bike,2021-04-28 10:50:05,2021-04-28 10:53:11,W 100 St & Manhattan Ave,7538,W 104 St & Amsterdam Ave,7610,40.795,-73.9645,40.79904139288298,-73.96649479866028,member
684632,3DB1EC994D07308C,docked_bike,2021-04-14 10:36:18,2021-04-14 10:39:31,W 100 St & Manhattan Ave,7538,W 104 St & Amsterdam Ave,7610,40.795,-73.9645,40.79904139288298,-73.96649479866028,member
684637,4FA1B4AA71D7E1AB,docked_bike,2021-04-22 13:45:58,2021-04-22 14:08:35,W 100 St & Manhattan Ave,7538,1 Ave & E 62 St,6753,40.795,-73.9645,40.7612274,-73.96094022,member
684644,1572D6EF74B0BECA,docked_bike,2021-04-11 14:21:47,2021-04-11 14:45:56,W 100 St & Manhattan Ave,7538,1 Ave & E 62 St,6753,40.795,-73.9645,40.7612274,-73.96094022,member
688628,32A405BFEA92A401,docked_bike,2021-04-24 10:41:10,2021-04-24 10:43:41,W 100 St & Manhattan Ave,7538,W 104 St & Amsterdam Ave,7610,40.795,-73.9645,40.79904139288298,-73.96649479866028,member
688734,F3FCCA1F33F919F3,docked_bike,2021-04-02 11:52:06,2021-04-02 11:57:04,W 100 St & Manhattan Ave,7538,W 104 St & Amsterdam Ave,7610,40.795,-73.9645,40.799041,-73.966495,member
688745,F1AD8F9B4562D2E8,docked_bike,2021-04-18 11:31:02,2021-04-18 11:37:01,W 100 St & Manhattan Ave,7538,W 104 St & Amsterdam Ave,7610,40.795,-73.9645,40.79904139288298,-73.96649479866028,casual
688752,4D0ACED13FB92205,docked_bike,2021-04-13 17:19:30,2021-04-13 17:28:37,W 100 St & Manhattan Ave,7538,W 104 St & Amsterdam Ave,7610,40.795,-73.9645,40.79904139288298,-73.96649479866028,member
693253,62FB09B9F883EA3C,docked_bike,2021-04-26 18:33:12,2021-04-26 18:38:54,Central Park W & W 97 St,7538,Central Park West & W 76 St,7253,40.792495,-73.96417,40.77896784,-73.97374737,member
693261,9FEFDB8391F07E53,docked_bike,2021-04-24 09:08:11,2021-04-24 09:11:25,Central Park W & W 97 St,7538,W 107 St & Columbus Ave,7619,40.792495,-73.96417,40.7997568,-73.9621128676,casual
693272,0BA290C8DAB339B1,docked_bike,2021-04-07 18:51:37,2021-04-07 19:01:00,Central Park W & W 97 St,7538,Central Park West & W 76 St,7253,40.792495,-73.96417,40.77896784,-73.97374737,casual
693274,7614CF1B685C9A83,docked_bike,2021-04-25 15:51:43,2021-04-25 16:07:30,Central Park W & W 97 St,7538,Central Park West & W 76 St,7253,40.792495,-73.96417,40.77896784,-73.97374737,casual
693276,8FE9A6545449EEBD,docked_bike,2021-04-27 18:41:05,2021-04-27 20:17:56,Central Park W & W 97 St,7538,Central Park West & W 76 St,7253,40.792495,-73.96417,40.77896784,-73.97374737,member
693279,736EA626F0AD186B,docked_bike,2021-04-25 14:17:20,2021-04-25 14:26:37,Central Park W & W 97 St,7538,Central Park West & W 76 St,7253,40.792495,-73.96417,40.77896784,-73.97374737,member
693281,EF7762A2382B33BB,docked_bike,2021-04-23 19:27:22,2021-04-23 19:33:32,Central Park W & W 97 St,7538,W 107 St & Columbus Ave,7619,40.792495,-73.96417,40.7997568,-73.9621128676,member
693301,BA2B0F8E6D3F84A7,docked_bike,2021-04-27 19:50:16,2021-04-27 20:34:48,Central Park W & W 97 St,7538,W 107 St & Columbus Ave,7619,40.792495,-73.96417,40.7997568,-73.9621128676,member
693309,A62D28678CFA5FC6,docked_bike,2021-04-04 11:12:02,2021-04-04 11:18:32,Central Park W & W 97 St,7538,Central Park West & W 76 St,7253,40.792495,-73.96417,40.77896784,-73.97374737,member
693310,87DC42011A9C2780,docked_bike,2021-04-06 20:26:53,2021-04-06 20:31:14,Central Park W & W 97 St,7538,W 107 St & Columbus Ave,7619,40.792495,-73.96417,40.7997568,-73.9621128676,casual
693329,48F032C0975341A9,docked_bike,2021-04-28 12:50:39,2021-04-28 13:42:45,Central Park W & W 97 St,7538,Central Park West & W 76 St,7253,40.792495,-73.96417,40.77896784,-73.97374737,casual
693333,15DDBC1B407465A4,docked_bike,2021-04-10 14:29:02,2021-04-10 14:43:48,Central Park W & W 97 St,7538,Central Park West & W 76 St,7253,40.792495,-73.964171,40.778968,-73.973747,casual
693334,99D872DC9B4D4BC8,docked_bike,2021-04-05 19:38:45,2021-04-05 19:46:14,Central Park W & W 97 St,7538,Central Park West & W 76 St,7253,40.792495,-73.96417,40.77896784,-73.97374737,member
693338,0E56CD9980889B68,docked_bike,2021-04-17 09:12:11,2021-04-17 09:16:23,Central Park W & W 97 St,7538,W 107 St & Columbus Ave,7619,40.792495,-73.96417,40.7997568,-73.9621128676,casual
693339,E389564E215F2DBD,docked_bike,2021-04-19 11:50:20,2021-04-19 12:00:04,Central Park W & W 97 St,7538,Central Park West & W 76 St,7253,40.792495,-73.96417,40.77896784,-73.97374737,casual
693340,36CB4AAE9B9401BE,docked_bike,2021-04-19 12:52:20,2021-04-19 13:08:46,Central Park W & W 97 St,7538,Central Park West & W 76 St,7253,40.792495,-73.96417,40.77896784,-73.97374737,casual
693345,E11DF4AD38C26F6D,docked_bike,2021-04-28 17:10:45,2021-04-28 17:27:26,Central Park W & W 97 St,7538,Central Park West & W 76 St,7253,40.792495,-73.96417,40.77896784,-73.97374737,casual
693346,1BDD6FB4C52DDF62,docked_bike,2021-04-20 11:15:29,2021-04-20 11:33:40,Central Park W & W 97 St,7538,Central Park West & W 76 St,7253,40.792495,-73.96417,40.77896784,-73.97374737,member
693347,20AD29D7F8FDABA8,docked_bike,2021-04-24 17:09:29,2021-04-24 17:17:25,Central Park W & W 97 St,7538,Central Park West & W 76 St,7253,40.792495,-73.96417,40.77896784,-73.97374737,member
693354,14954F5E7CC75CC9,docked_bike,2021-04-27 16:40:50,2021-04-27 16:48:00,Central Park W & W 97 St,7538,Central Park West & W 76 St,7253,40.792495,-73.96417,40.77896784,-73.97374737,member
693356,57A767231C7384AF,docked_bike,2021-04-23 18:06:34,2021-04-23 18:15:25,Central Park W & W 97 St,7538,Central Park West & W 76 St,7253,40.792495,-73.96417,40.77896784,-73.97374737,member
693357,BA68FA9D5A557451,docked_bike,2021-04-23 12:18:07,2021-04-23 12:23:07,Central Park W & W 97 St,7538,W 107 St & Columbus Ave,7619,40.792495,-73.96417,40.7997568,-73.9621128676,member
693359,6AC612D5637C1087,docked_bike,2021-04-14 17:29:18,2021-04-14 17:48:03,Central Park W & W 97 St,7538,Central Park West & W 76 St,7253,40.792495,-73.96417,40.77896784,-73.97374737,member
693361,105E54CC72E342C4,docked_bike,2021-04-28 19:36:09,2021-04-28 19:55:39,Central Park W & W 97 St,7538,W 42 St & Dyer Ave,6644,40.792495,-73.96417,40.75898481399634,-73.99379968643188,casual
693425,40A036CE7406E92A,docked_bike,2021-04-28 12:47:17,2021-04-28 13:43:05,Central Park W & W 97 St,7538,Central Park West & W 76 St,7253,40.792495,-73.96417,40.77896784,-73.97374737,casual
693428,544D1015076FFDD2,docked_bike,2021-04-03 11:51:34,2021-04-03 12:01:11,Central Park W & W 97 St,7538,Central Park West & W 76 St,7253,40.792495,-73.96417,40.77896784,-73.97374737,member
693429,4A5485143F62B9ED,docked_bike,2021-04-18 13:23:15,2021-04-18 13:30:42,Central Park W & W 97 St,7538,Central Park West & W 76 St,7253,40.792495,-73.96417,40.77896784,-73.97374737,member
693431,EA30777F93C0CA65,docked_bike,2021-04-25 12:41:22,2021-04-25 12:50:32,Central Park W & W 97 St,7538,Central Park West & W 76 St,7253,40.792495,-73.96417,40.77896784,-73.97374737,member
693439,E16C68C0A898F5AB,docked_bike,2021-04-04 10:48:54,2021-04-04 10:54:25,Central Park W & W 97 St,7538,Central Park West & W 76 St,7253,40.792495,-73.96417,40.77896784,-73.97374737,member
693571,768C1F7915FC93E7,docked_bike,2021-04-09 18:26:24,2021-04-09 18:33:05,Central Park W & W 97 St,7538,Central Park West & W 76 St,7253,40.792495,-73.96417,40.77896784,-73.97374737,member
693572,8335A1E42C96E569,docked_bike,2021-04-06 18:04:24,2021-04-06 18:09:50,Central Park W & W 97 St,7538,Central Park West & W 76 St,7253,40.792495,-73.96417,40.77896784,-73.97374737,member
693578,98DEFB05C327F903,docked_bike,2021-04-28 23:31:08,2021-04-28 23:46:14,Central Park W & W 97 St,7538,W 107 St & Columbus Ave,7619,40.792495,-73.96417,40.7997568,-73.9621128676,member
693580,4D73807B50F7EA7C,docked_bike,2021-04-19 12:50:39,2021-04-19 13:08:46,Central Park W & W 97 St,7538,Central Park West & W 76 St,7253,40.792495,-73.96417,40.77896784,-73.97374737,casual
693587,F48BFA08257B9D76,docked_bike,2021-04-27 09:36:36,2021-04-27 09:40:39,Central Park W & W 97 St,7538,W 107 St & Columbus Ave,7619,40.792495,-73.96417,40.7997568,-73.9621128676,member
693647,90E73C954EDC165A,docked_bike,2021-04-23 08:03:43,2021-04-23 08:18:41,Central Park W & W 97 St,7538,W 42 St & Dyer Ave,6644,40.792495,-73.96417,40.75898481399634,-73.99379968643188,member
693651,7D752C1DF159FF43,docked_bike,2021-04-08 12:01:43,2021-04-08 12:10:06,Central Park W & W 97 St,7538,Central Park West & W 76 St,7253,40.792495,-73.96417,40.77896784,-73.97374737,member
693653,FE02D89CEB6FDB82,docked_bike,2021-04-18 14:23:23,2021-04-18 14:38:24,Central Park W & W 97 St,7538,Central Park West & W 76 St,7253,40.792495,-73.96417,40.77896784,-73.97374737,casual
693866,276117747B27937B,docked_bike,2021-04-10 14:28:56,2021-04-10 14:44:02,Central Park W & W 97 St,7538,Central Park West & W 76 St,7253,40.792495,-73.964171,40.778968,-73.973747,casual
693915,1C1D81B3D2328244,docked_bike,2021-04-28 17:11:55,2021-04-28 17:27:46,Central Park W & W 97 St,7538,Central Park West & W 76 St,7253,40.792495,-73.96417,40.77896784,-73.97374737,casual
693918,6362F82358D23207,docked_bike,2021-04-05 18:22:49,2021-04-05 18:47:55,Central Park W & W 97 St,7538,Central Park West & W 76 St,7253,40.792495,-73.96417,40.77896784,-73.97374737,member
693929,AF20157EA8582379,docked_bike,2021-04-07 16:04:40,2021-04-07 16:53:24,Central Park W & W 97 St,7538,Central Park West & W 76 St,7253,40.792495,-73.96417,40.77896784,-73.97374737,casual
693930,588513F77A22D28D,docked_bike,2021-04-20 13:20:41,2021-04-20 13:25:10,Central Park W & W 97 St,7538,W 107 St & Columbus Ave,7619,40.792495,-73.96417,40.7997568,-73.9621128676,member
693933,D6A4C56817ECA741,docked_bike,2021-04-18 14:24:07,2021-04-18 14:40:51,Central Park W & W 97 St,7538,Central Park West & W 76 St,7253,40.792495,-73.96417,40.77896784,-73.97374737,casual
696656,85775EC41D7CB4B0,docked_bike,2021-04-12 11:00:33,2021-04-12 11:10:05,Central Park W & W 97 St,7538,Central Park West & W 76 St,7253,40.792495,-73.96417,40.77896784,-73.97374737,member
696659,270E0FC5313E9A90,docked_bike,2021-04-13 21:49:04,2021-04-13 21:58:36,Central Park W & W 97 St,7538,Central Park West & W 76 St,7253,40.792495,-73.96417,40.77896784,-73.97374737,casual
696662,60C8264AA8413917,docked_bike,2021-04-18 14:23:35,2021-04-18 14:38:43,Central Park W & W 97 St,7538,Central Park West & W 76 St,7253,40.792495,-73.96417,40.77896784,-73.97374737,casual
696692,DC03D3E40B04415D,docked_bike,2021-04-21 01:12:05,2021-04-21 01:32:21,Central Park W & W 97 St,7538,Central Park West & W 76 St,7253,40.792495,-73.964171,40.778968,-73.973747,casual
696695,5A8FB96DD5C55941,docked_bike,2021-04-27 22:36:12,2021-04-27 22:40:35,Central Park W & W 97 St,7538,W 107 St & Columbus Ave,7619,40.792495,-73.96417,40.7997568,-73.9621128676,member
696699,D2FD32C9FC400F36,docked_bike,2021-04-17 15:59:03,2021-04-17 15:58:54,Central Park W & W 97 St,7538,Central Park West & W 76 St,7253,40.792495,-73.96417,40.77896784,-73.97374737,member
697516,1C982263D3A59CA3,docked_bike,2021-04-26 16:30:19,2021-04-26 16:42:19,W 100 St & Manhattan Ave,7538,Central Park West & W 76 St,7253,40.795,-73.9645,40.77896784,-73.97374737,member
697520,CC0E18F3F69631C5,docked_bike,2021-04-08 12:31:50,2021-04-08 12:34:52,W 100 St & Manhattan Ave,7538,W 107 St & Columbus Ave,7619,40.795,-73.9645,40.7997568,-73.9621128676,member
697521,B835E177A9A3A0F3,docked_bike,2021-04-11 12:49:52,2021-04-11 13:08:38,W 100 St & Manhattan Ave,7538,W 42 St & Dyer Ave,6644,40.795,-73.9645,40.75898481399634,-73.99379968643188,member
706362,E6985B3046C311C2,docked_bike,2021-04-23 18:17:56,2021-04-23 18:27:52,W 100 St & Manhattan Ave,7538,Cathedral Pkwy & Broadway,7680,40.795,-73.9645,40.804213,-73.96699104,member
706363,9ED5FF3E4FB0D3A4,docked_bike,2021-04-18 14:19:50,2021-04-18 14:30:27,W 100 St & Manhattan Ave,7538,Cathedral Pkwy & Broadway,7680,40.795,-73.9645,40.804213,-73.96699104,member
706366,2952DFDE572E455E,docked_bike,2021-04-17 15:36:46,2021-04-17 15:45:17,W 100 St & Manhattan Ave,7538,Cathedral Pkwy & Broadway,7680,40.795,-73.9645,40.804213,-73.96699104,member
706368,05155852CB3F3400,docked_bike,2021-04-30 15:45:06,2021-04-30 15:52:59,W 100 St & Manhattan Ave,7538,Cathedral Pkwy & Broadway,7680,40.795,-73.9645,40.804213,-73.96699104,member
706377,CFEF06CDE4928E12,docked_bike,2021-04-05 16:35:28,2021-04-05 16:44:55,W 100 St & Manhattan Ave,7538,Cathedral Pkwy & Broadway,7680,40.795,-73.9645,40.804213,-73.966991,member
706382,0C16E921BF59E91E,docked_bike,2021-04-19 10:28:10,2021-04-19 10:36:25,W 100 St & Manhattan Ave,7538,Cathedral Pkwy & Broadway,7680,40.795,-73.9645,40.804213,-73.96699104,member
706383,DBBB3BE77FF23482,docked_bike,2021-04-22 16:22:21,2021-04-22 16:31:45,W 100 St & Manhattan Ave,7538,Cathedral Pkwy & Broadway,7680,40.795,-73.9645,40.804213,-73.96699104,member
706416,FEF628B2EFF5FF31,docked_bike,2021-04-18 16:31:52,2021-04-18 16:38:19,W 100 St & Manhattan Ave,7538,Cathedral Pkwy & Broadway,7680,40.795,-73.9645,40.804213,-73.96699104,member
706420,A0A70BC4D236978F,docked_bike,2021-04-22 17:20:01,2021-04-22 17:58:44,W 100 St & Manhattan Ave,7538,W 22 St & 8 Ave,6224,40.795,-73.9645,40.74475148,-73.99915362,member
706431,DFEB83968A4311AF,docked_bike,2021-04-20 16:19:54,2021-04-20 16:28:22,W 100 St & Manhattan Ave,7538,Cathedral Pkwy & Broadway,7680,40.795,-73.9645,40.804213,-73.96699104,member
706433,A3712D1EBAB78C3D,docked_bike,2021-04-14 13:44:58,2021-04-14 13:50:05,W 100 St & Manhattan Ave,7538,Cathedral Pkwy & Broadway,7680,40.795,-73.9645,40.804213,-73.96699104,member
706541,C628D490C989B885,docked_bike,2021-04-25 15:25:44,2021-04-25 16:11:09,W 100 St & Manhattan Ave,7538,W 26 St & 8 Ave,6297,40.795,-73.9645,40.74734825,-73.99723551,member
706543,ED0B927B1F8C474C,docked_bike,2021-04-26 17:02:59,2021-04-26 17:17:21,W 100 St & Manhattan Ave,7538,Cathedral Pkwy & Broadway,7680,40.795,-73.9645,40.804213,-73.96699104,member
706560,A6BD7D8162637960,docked_bike,2021-04-22 15:44:17,2021-04-22 15:51:16,W 100 St & Manhattan Ave,7538,Cathedral Pkwy & Broadway,7680,40.795,-73.9645,40.804213,-73.96699104,member
706563,9E524912908C2B38,docked_bike,2021-04-27 17:03:00,2021-04-27 17:13:09,W 100 St & Manhattan Ave,7538,Cathedral Pkwy & Broadway,7680,40.795,-73.9645,40.804213,-73.96699104,member
706564,EB46777624AE7801,docked_bike,2021-04-02 15:47:15,2021-04-02 15:57:13,W 100 St & Manhattan Ave,7538,Cathedral Pkwy & Broadway,7680,40.795,-73.9645,40.804213,-73.96699104,member
706576,F098C56ED0509341,docked_bike,2021-04-18 12:20:17,2021-04-18 12:30:03,W 100 St & Manhattan Ave,7538,Cathedral Pkwy & Broadway,7680,40.795,-73.9645,40.804213,-73.96699104,member
706588,C2CA6A94ED0AEE75,docked_bike,2021-04-20 18:06:58,2021-04-20 18:14:48,W 100 St & Manhattan Ave,7538,Cathedral Pkwy & Broadway,7680,40.795,-73.9645,40.804213,-73.96699104,member
706589,A48D237E5292E565,docked_bike,2021-04-20 09:22:40,2021-04-20 09:29:25,W 100 St & Manhattan Ave,7538,Cathedral Pkwy & Broadway,7680,40.795,-73.9645,40.804213,-73.96699104,member
706596,BBAF78B3B1DD441B,docked_bike,2021-04-04 09:39:34,2021-04-04 09:46:27,W 100 St & Manhattan Ave,7538,Cathedral Pkwy & Broadway,7680,40.795,-73.9645,40.804213,-73.966991,member
706598,47B4141AA6FC3F8E,docked_bike,2021-04-21 11:04:28,2021-04-21 11:12:08,W 100 St & Manhattan Ave,7538,Cathedral Pkwy & Broadway,7680,40.795,-73.9645,40.804213,-73.96699104,member
706615,C7848A930AA84542,docked_bike,2021-04-04 17:55:43,2021-04-04 18:29:46,W 100 St & Manhattan Ave,7538,Cathedral Pkwy & Broadway,7680,40.795,-73.9645,40.804213,-73.96699104,casual
706624,7C7B3640D165E9E9,docked_bike,2021-04-10 17:59:26,2021-04-10 18:08:58,W 100 St & Manhattan Ave,7538,Cathedral Pkwy & Broadway,7680,40.795,-73.9645,40.804213,-73.96699104,member
706823,D4647BA5C0C455DD,docked_bike,2021-04-21 08:54:33,2021-04-21 09:48:15,W 100 St & Manhattan Ave,7538,W 22 St & 8 Ave,6224,40.795,-73.9645,40.74475148,-73.99915362,member
706828,B315C17B2BA16F73,docked_bike,2021-04-27 13:20:11,2021-04-27 13:29:54,W 100 St & Manhattan Ave,7538,Cathedral Pkwy & Broadway,7680,40.795,-73.9645,40.804213,-73.96699104,member
706830,B426A5EDAAEA6EA6,docked_bike,2021-04-10 11:58:52,2021-04-10 12:37:01,W 100 St & Manhattan Ave,7538,Cathedral Pkwy & Broadway,7680,40.795,-73.9645,40.804213,-73.96699104,member
706835,E3BACC92934357C2,docked_bike,2021-04-02 17:08:51,2021-04-02 17:41:43,W 100 St & Manhattan Ave,7538,Cathedral Pkwy & Broadway,7680,40.795,-73.9645,40.804213,-73.96699104,member
714292,2D7FA5593EE16CB0,docked_bike,2021-04-30 17:31:06,2021-04-30 17:40:57,Central Park W & W 97 St,7538,E 106 St & 1 Ave,7456,40.792495,-73.96417,40.7892529,-73.93956237,casual
714299,F54EE03ABE35DF4D,docked_bike,2021-04-30 19:24:42,2021-04-30 19:31:41,Central Park W & W 97 St,7538,Cathedral Pkwy & Broadway,7680,40.792495,-73.96417,40.804213,-73.96699104,member
717002,17BA9FD956345441,docked_bike,2021-04-17 11:59:44,2021-04-17 12:05:26,W 100 St & Manhattan Ave,7538,Cathedral Pkwy & Broadway,7680,40.795,-73.9645,40.804213,-73.96699104,member
717456,30AFF99B43A954B9,docked_bike,2021-04-29 16:54:34,2021-04-29 17:04:57,W 100 St & Manhattan Ave,7538,Cathedral Pkwy & Broadway,7680,40.795,-73.9645,40.804213,-73.96699104,member
721598,426EA5DE857117FB,docked_bike,2021-04-08 20:57:32,2021-04-08 21:07:22,Central Park W & W 97 St,7538,E 106 St & 1 Ave,7456,40.792495,-73.96417,40.7892529,-73.93956237,casual
721604,D4F56D6923738DD8,docked_bike,2021-04-27 19:32:37,2021-04-27 19:38:58,Central Park W & W 97 St,7538,Cathedral Pkwy & Broadway,7680,40.792495,-73.96417,40.804213,-73.96699104,member
721615,16844ECA64FE13B2,docked_bike,2021-04-19 16:12:28,2021-04-19 16:38:07,Central Park W & W 97 St,7538,Carmine St & 6 Ave,5763,40.792495,-73.96417,40.73038599,-74.00214988,member
721618,93DB93786FE30975,docked_bike,2021-04-27 09:45:29,2021-04-27 09:55:45,Central Park W & W 97 St,7538,E 97 St & 3 Ave,7365,40.792495,-73.96417,40.7859201,-73.94860294,member
721619,766091C7E39B79B7,docked_bike,2021-04-04 21:53:42,2021-04-04 22:03:06,Central Park W & W 97 St,7538,E 106 St & 1 Ave,7456,40.792495,-73.96417,40.7892529,-73.93956237,casual
721620,C1A6AC8602CA5D64,docked_bike,2021-04-03 13:37:03,2021-04-03 13:57:03,Central Park W & W 97 St,7538,Cathedral Pkwy & Broadway,7680,40.792495,-73.964171,40.804213,-73.966991,casual
721623,3AA5410BF90B53A8,docked_bike,2021-04-28 14:50:12,2021-04-28 14:58:34,Central Park W & W 97 St,7538,Cathedral Pkwy & Broadway,7680,40.792495,-73.96417,40.804213,-73.96699104,member
721628,1B5A447CEA23C133,docked_bike,2021-04-23 09:35:51,2021-04-23 09:46:42,Central Park W & W 97 St,7538,Cathedral Pkwy & Broadway,7680,40.792495,-73.96417,40.804213,-73.96699104,member
721636,D2636980B9FC57F3,docked_bike,2021-04-30 19:21:22,2021-04-30 20:06:36,Central Park W & W 97 St,7538,W 26 St & 8 Ave,6297,40.792495,-73.96417,40.74734825,-73.99723551,member
721637,063697643E26B2CC,docked_bike,2021-04-08 13:03:49,2021-04-08 13:37:45,Central Park W & W 97 St,7538,Carmine St & 6 Ave,5763,40.792495,-73.96417,40.73038599,-74.00214988,member
721638,4F2DBCFFF01D4B16,docked_bike,2021-04-27 19:25:47,2021-04-27 19:48:09,Central Park W & W 97 St,7538,W 22 St & 8 Ave,6224,40.792495,-73.96417,40.74475148,-73.99915362,member
721651,8020DDC9B0A90183,docked_bike,2021-04-24 17:12:49,2021-04-24 17:19:19,Central Park W & W 97 St,7538,Cathedral Pkwy & Broadway,7680,40.792495,-73.96417,40.804213,-73.96699104,member
721658,1F00620B31CC3E1B,docked_bike,2021-04-25 17:28:56,2021-04-25 18:01:39,Central Park W & W 97 St,7538,Cathedral Pkwy & Broadway,7680,40.792495,-73.96417,40.804213,-73.96699104,member
721665,E642557D239E94D7,docked_bike,2021-04-02 09:56:57,2021-04-02 10:07:32,Central Park W & W 97 St,7538,Cathedral Pkwy & Broadway,7680,40.792495,-73.96417,40.804213,-73.96699104,member
721668,88D0AB17107F4965,docked_bike,2021-04-17 19:04:48,2021-04-17 19:04:46,Central Park W & W 97 St,7538,E 106 St & 1 Ave,7456,40.792495,-73.96417,40.7892529,-73.93956237,casual
721670,4C71F95F95337E76,docked_bike,2021-04-18 18:04:57,2021-04-18 18:15:15,Central Park W & W 97 St,7538,E 106 St & 1 Ave,7456,40.792495,-73.96417,40.7892529,-73.93956237,casual
721679,357010B083B43A91,docked_bike,2021-04-05 15:52:26,2021-04-05 16:26:20,Central Park W & W 97 St,7538,W 22 St & 8 Ave,6224,40.792495,-73.96417,40.74475148,-73.99915362,member
721680,D192A0F5F43CBFF7,docked_bike,2021-04-18 09:29:06,2021-04-18 09:59:59,Central Park W & W 97 St,7538,W 26 St & 8 Ave,6297,40.792495,-73.96417,40.74734825,-73.99723551,member
721686,0B9B3C533A9B82C0,docked_bike,2021-04-07 15:50:48,2021-04-07 16:00:34,Central Park W & W 97 St,7538,Cathedral Pkwy & Broadway,7680,40.792495,-73.96417,40.804213,-73.96699104,member
721692,CDB876506E1DE910,docked_bike,2021-04-05 21:09:40,2021-04-05 21:19:27,Central Park W & W 97 St,7538,E 106 St & 1 Ave,7456,40.792495,-73.96417,40.7892529,-73.93956237,casual
721701,3F70DA82A14B36D0,docked_bike,2021-04-11 16:00:19,2021-04-11 16:09:22,Central Park W & W 97 St,7538,E 106 St & 1 Ave,7456,40.792495,-73.96417,40.7892529,-73.93956237,casual
721702,1047413E9B5F1472,docked_bike,2021-04-02 09:57:14,2021-04-02 10:07:31,Central Park W & W 97 St,7538,Cathedral Pkwy & Broadway,7680,40.792495,-73.96417,40.804213,-73.96699104,member
721719,F12A446DE742F9CE,docked_bike,2021-04-18 14:20:17,2021-04-18 14:48:26,Central Park W & W 97 St,7538,Cathedral Pkwy & Broadway,7680,40.792495,-73.96417,40.804213,-73.96699104,member
721728,D78E3D943442611B,docked_bike,2021-04-07 09:39:14,2021-04-07 09:50:03,Central Park W & W 97 St,7538,Cathedral Pkwy & Broadway,7680,40.792495,-73.96417,40.804213,-73.96699104,member
721733,B36C3D423412C961,docked_bike,2021-04-10 17:34:53,2021-04-10 17:46:27,Central Park W & W 97 St,7538,Cathedral Pkwy & Broadway,7680,40.792495,-73.96417,40.804213,-73.96699104,member
721736,E101A04741BCFE14,docked_bike,2021-04-14 21:46:37,2021-04-14 22:22:09,Central Park W & W 97 St,7538,W 22 St & 8 Ave,6224,40.792495,-73.96417,40.74475148,-73.99915362,casual
721739,4B2BB5C828B69B58,docked_bike,2021-04-07 15:39:18,2021-04-07 15:51:34,Central Park W & W 97 St,7538,Cathedral Pkwy & Broadway,7680,40.792495,-73.96417,40.804213,-73.96699104,casual
721767,6E195DD625E70FD9,docked_bike,2021-04-04 12:23:59,2021-04-04 12:34:50,Central Park W & W 97 St,7538,Cathedral Pkwy & Broadway,7680,40.792495,-73.96417,40.804213,-73.96699104,member
721768,CA64F2B6C6C158B3,docked_bike,2021-04-14 17:35:51,2021-04-14 17:45:26,Central Park W & W 97 St,7538,E 106 St & 1 Ave,7456,40.792495,-73.96417,40.7892529,-73.93956237,casual
721771,E043F6F4BF7A998A,docked_bike,2021-04-16 10:20:50,2021-04-16 10:28:27,Central Park W & W 97 St,7538,Cathedral Pkwy & Broadway,7680,40.792495,-73.96417,40.804213,-73.96699104,member
721777,5A33801AFE76A12A,docked_bike,2021-04-25 19:17:48,2021-04-25 19:24:11,Central Park W & W 97 St,7538,E 97 St & 3 Ave,7365,40.792495,-73.96417,40.7859201,-73.94860294,casual
721785,85846987E012F598,docked_bike,2021-04-20 20:53:40,2021-04-20 21:03:30,Central Park W & W 97 St,7538,E 106 St & 1 Ave,7456,40.792495,-73.96417,40.7892529,-73.93956237,casual
721804,C42D884C36F8DD48,docked_bike,2021-04-23 12:09:56,2021-04-23 12:18:08,Central Park W & W 97 St,7538,Cathedral Pkwy & Broadway,7680,40.792495,-73.96417,40.804213,-73.96699104,member
721807,139643268D01F355,docked_bike,2021-04-08 17:05:47,2021-04-08 17:11:03,Central Park W & W 97 St,7538,E 97 St & 3 Ave,7365,40.792495,-73.96417,40.7859201,-73.94860294,member
721858,FF87ED04014355B9,docked_bike,2021-04-27 13:53:48,2021-04-27 14:02:57,Central Park W & W 97 St,7538,Cathedral Pkwy & Broadway,7680,40.792495,-73.96417,40.804213,-73.96699104,casual
722273,68C72A17391ABB2F,docked_bike,2021-04-05 09:38:04,2021-04-05 09:49:34,Central Park W & W 97 St,7538,Cathedral Pkwy & Broadway,7680,40.792495,-73.96417,40.804213,-73.96699104,member
722278,BE0B0504233EB910,docked_bike,2021-04-23 12:09:43,2021-04-23 12:18:12,Central Park W & W 97 St,7538,Cathedral Pkwy & Broadway,7680,40.792495,-73.96417,40.804213,-73.96699104,member
737672,89F43C47298B3B20,docked_bike,2021-04-18 09:00:48,2021-04-18 09:08:52,W 100 St & Manhattan Ave,7538,W 82 St & Central Park West,7304,40.795,-73.9645,40.78275,-73.97137,member
737682,1CD941A393036ACD,docked_bike,2021-04-05 16:40:07,2021-04-05 16:49:16,W 100 St & Manhattan Ave,7538,W 82 St & Central Park West,7304,40.795,-73.9645,40.78275,-73.97137,member
737685,0A08AC2746FFB909,docked_bike,2021-04-20 17:21:19,2021-04-20 17:29:13,W 100 St & Manhattan Ave,7538,W 82 St & Central Park West,7304,40.795,-73.9645,40.78275,-73.97137,member
737699,52C67252C8AE2EBE,docked_bike,2021-04-04 09:39:52,2021-04-04 09:46:29,W 100 St & Manhattan Ave,7538,W 82 St & Central Park West,7304,40.795,-73.9645,40.78275,-73.97137,member
737700,CD603C7D5580D162,docked_bike,2021-04-05 12:25:27,2021-04-05 12:55:49,W 100 St & Manhattan Ave,7538,W 82 St & Central Park West,7304,40.795,-73.9645,40.78275,-73.97137,casual
737701,DD92A28DF528DDDE,docked_bike,2021-04-19 13:47:15,2021-04-19 14:07:55,W 100 St & Manhattan Ave,7538,E 53 St & Lexington Ave,6617,40.795,-73.9645,40.75828065,-73.97069431,member
737711,6B10BE8DD3CD9816,docked_bike,2021-04-24 21:00:21,2021-04-24 21:23:45,W 100 St & Manhattan Ave,7538,E 53 St & Lexington Ave,6617,40.795,-73.9645,40.75828065,-73.97069431,member
737715,093784EA25C3BB30,docked_bike,2021-04-20 17:04:57,2021-04-20 17:27:28,W 100 St & Manhattan Ave,7538,E 53 St & Lexington Ave,6617,40.795,-73.9645,40.75828065,-73.97069431,member
737721,F03A23266496A6AE,docked_bike,2021-04-18 12:49:50,2021-04-18 13:17:43,W 100 St & Manhattan Ave,7538,W 82 St & Central Park West,7304,40.795,-73.9645,40.78275,-73.97137,casual
737724,1FF886A5C70E6FDB,docked_bike,2021-04-05 12:24:50,2021-04-05 12:56:45,W 100 St & Manhattan Ave,7538,W 82 St & Central Park West,7304,40.795,-73.9645,40.78275,-73.97137,casual
737727,4C7D667E3B29996A,docked_bike,2021-04-17 17:08:39,2021-04-17 17:43:40,W 100 St & Manhattan Ave,7538,Grand St & Elizabeth St,5382,40.795,-73.9645,40.718822,-73.99596,member
737739,025DC5B0C2E01B25,docked_bike,2021-04-28 14:26:27,2021-04-28 14:35:35,W 100 St & Manhattan Ave,7538,W 82 St & Central Park West,7304,40.795,-73.9645,40.78275,-73.97137,member
737935,DBA1A7C8B418E4C5,docked_bike,2021-04-23 11:34:52,2021-04-23 11:42:45,W 100 St & Manhattan Ave,7538,W 82 St & Central Park West,7304,40.795,-73.9645,40.78275,-73.97137,member
737936,6383713822FB21FF,docked_bike,2021-04-24 18:19:47,2021-04-24 18:30:59,W 100 St & Manhattan Ave,7538,W 82 St & Central Park West,7304,40.795,-73.9645,40.78275,-73.97137,member
747412,C79803373CE97F8F,docked_bike,2021-04-10 12:44:03,2021-04-10 13:22:07,Central Park W & W 97 St,7538,Bedford Ave & Nassau Ave,5550,40.792495,-73.96417,40.72311651,-73.95212324,member
747415,D687032779FF6167,docked_bike,2021-04-05 11:22:28,2021-04-05 11:42:42,Central Park W & W 97 St,7538,W 82 St & Central Park West,7304,40.792495,-73.96417,40.78275,-73.97137,casual
747432,D057BA23CC90D78F,docked_bike,2021-04-03 17:43:10,2021-04-03 17:54:12,Central Park W & W 97 St,7538,W 82 St & Central Park West,7304,40.792495,-73.96417,40.78275,-73.97137,casual
747435,2B5580F30250464A,docked_bike,2021-04-08 20:00:32,2021-04-08 20:05:09,Central Park W & W 97 St,7538,W 82 St & Central Park West,7304,40.792495,-73.96417,40.78275,-73.97137,member
747436,5B1ADD6A5AA452E2,docked_bike,2021-04-20 19:49:09,2021-04-20 19:53:38,Central Park W & W 97 St,7538,W 82 St & Central Park West,7304,40.792495,-73.96417,40.78275,-73.97137,member
747437,13E84F97EE414072,docked_bike,2021-04-26 10:39:06,2021-04-26 10:47:44,Central Park W & W 97 St,7538,W 82 St & Central Park West,7304,40.792495,-73.96417,40.78275,-73.97137,member
747444,B9D2819FF81E13D1,docked_bike,2021-04-27 11:16:53,2021-04-27 11:21:47,Central Park W & W 97 St,7538,W 82 St & Central Park West,7304,40.792495,-73.96417,40.78275,-73.97137,member
747449,B05B1E0D123ED859,docked_bike,2021-04-28 14:07:15,2021-04-28 14:14:14,Central Park W & W 97 St,7538,W 82 St & Central Park West,7304,40.792495,-73.96417,40.78275,-73.97137,member
747463,89FFDA91B0A09CD2,docked_bike,2021-04-06 18:16:17,2021-04-06 19:09:46,Central Park W & W 97 St,7538,W 82 St & Central Park West,7304,40.792495,-73.96417,40.78275,-73.97137,member
747464,E69DE7FEBFCCBC4D,docked_bike,2021-04-25 17:47:34,2021-04-25 17:56:24,Central Park W & W 97 St,7538,W 82 St & Central Park West,7304,40.792495,-73.96417,40.78275,-73.97137,member
747470,20E2AFF8BA249BD7,docked_bike,2021-04-15 11:04:10,2021-04-15 11:09:59,Central Park W & W 97 St,7538,W 82 St & Central Park West,7304,40.792495,-73.964171,40.78275,-73.97137,member
747471,81700285A66B8DB1,docked_bike,2021-04-24 10:59:55,2021-04-24 11:07:29,Central Park W & W 97 St,7538,W 82 St & Central Park West,7304,40.792495,-73.96417,40.78275,-73.97137,member
747473,8A3E690831B7FE98,docked_bike,2021-04-30 19:29:38,2021-04-30 19:36:51,Central Park W & W 97 St,7538,W 82 St & Central Park West,7304,40.792495,-73.96417,40.78275,-73.97137,member
747477,333FDCEACB27864E,docked_bike,2021-04-03 17:45:34,2021-04-03 17:54:13,Central Park W & W 97 St,7538,W 82 St & Central Park West,7304,40.792495,-73.96417,40.78275,-73.97137,casual
747491,8512038FCDB4DF36,docked_bike,2021-04-24 14:35:08,2021-04-24 16:36:14,Central Park W & W 97 St,7538,W 82 St & Central Park West,7304,40.792495,-73.96417,40.78275,-73.97137,casual
747493,19A88082B956F7AA,docked_bike,2021-04-24 13:56:54,2021-04-24 14:06:08,Central Park W & W 97 St,7538,W 82 St & Central Park West,7304,40.792495,-73.96417,40.78275,-73.97137,member
747498,B858B695ED6F3843,docked_bike,2021-04-21 08:33:21,2021-04-21 08:58:55,Central Park W & W 97 St,7538,E 53 St & Lexington Ave,6617,40.792495,-73.96417,40.75828065,-73.97069431,casual
747502,489EA14DE48750AB,docked_bike,2021-04-11 10:52:29,2021-04-11 10:57:29,Central Park W & W 97 St,7538,W 82 St & Central Park West,7304,40.792495,-73.96417,40.78275,-73.97137,casual
747505,F34B2CE568228174,docked_bike,2021-04-19 19:06:22,2021-04-19 19:25:14,Central Park W & W 97 St,7538,E 53 St & Lexington Ave,6617,40.792495,-73.96417,40.75828065,-73.97069431,member
747559,8DAA7A47A80441F9,docked_bike,2021-04-07 07:08:48,2021-04-07 07:26:54,Central Park W & W 97 St,7538,E 53 St & Lexington Ave,6617,40.792495,-73.96417,40.75828065,-73.97069431,member
747560,ED3277DB17DB3A0F,docked_bike,2021-04-09 07:22:45,2021-04-09 07:49:29,Central Park W & W 97 St,7538,E 53 St & Lexington Ave,6617,40.792495,-73.96417,40.75828065,-73.97069431,member
747561,153F99FAD651465A,docked_bike,2021-04-02 07:15:14,2021-04-02 07:32:47,Central Park W & W 97 St,7538,E 53 St & Lexington Ave,6617,40.792495,-73.96417,40.75828065,-73.97069431,member
747566,60D1BEBFB7BA3803,docked_bike,2021-04-20 10:57:28,2021-04-20 11:01:51,Central Park W & W 97 St,7538,W 82 St & Central Park West,7304,40.792495,-73.96417,40.78275,-73.97137,member
747576,C0FF057EA475E1B3,docked_bike,2021-04-24 16:10:09,2021-04-24 16:26:28,Central Park W & W 97 St,7538,W 82 St & Central Park West,7304,40.792495,-73.96417,40.78275,-73.97137,member
747584,CC9C1D8DBB9DFA8B,docked_bike,2021-04-09 08:04:23,2021-04-09 08:21:53,Central Park W & W 97 St,7538,E 53 St & Lexington Ave,6617,40.792495,-73.96417,40.75828065,-73.97069431,casual
747586,869D6F50A8A23F66,docked_bike,2021-04-26 11:28:28,2021-04-26 11:39:16,Central Park W & W 97 St,7538,W 82 St & Central Park West,7304,40.792495,-73.96417,40.78275,-73.97137,casual
747593,5B80B990A520B024,docked_bike,2021-04-03 17:45:02,2021-04-03 17:54:27,Central Park W & W 97 St,7538,W 82 St & Central Park West,7304,40.792495,-73.96417,40.78275,-73.97137,casual
747610,45E9FC1CCDA14B0B,docked_bike,2021-04-04 14:40:46,2021-04-04 14:48:42,Central Park W & W 97 St,7538,W 82 St & Central Park West,7304,40.792495,-73.964171,40.78275,-73.97137,member
747618,F597352AF051052D,docked_bike,2021-04-16 18:01:46,2021-04-16 18:06:43,Central Park W & W 97 St,7538,W 82 St & Central Park West,7304,40.792495,-73.96417,40.78275,-73.97137,member
747626,2BAF94EABF5341CA,docked_bike,2021-04-14 05:36:43,2021-04-14 05:59:15,Central Park W & W 97 St,7538,E 53 St & Lexington Ave,6617,40.792495,-73.96417,40.75828065,-73.97069431,member
747631,E74FAA2307DDA79F,docked_bike,2021-04-27 10:50:18,2021-04-27 10:54:11,Central Park W & W 97 St,7538,W 82 St & Central Park West,7304,40.792495,-73.96417,40.78275,-73.97137,member
747636,A5B5C68B0EDE73C6,docked_bike,2021-04-23 13:37:52,2021-04-23 14:00:28,Central Park W & W 97 St,7538,W 82 St & Central Park West,7304,40.792495,-73.96417,40.78275,-73.97137,member
747638,749F7BA79B1D1744,docked_bike,2021-04-26 19:39:29,2021-04-26 19:45:44,Central Park W & W 97 St,7538,W 82 St & Central Park West,7304,40.792495,-73.96417,40.78275,-73.97137,member
747644,B7F9A63893CD86C8,docked_bike,2021-04-08 07:21:32,2021-04-08 07:38:22,Central Park W & W 97 St,7538,E 53 St & Lexington Ave,6617,40.792495,-73.96417,40.75828065,-73.97069431,member
747646,B8ED351FC27B54DC,docked_bike,2021-04-28 16:35:24,2021-04-28 16:40:29,Central Park W & W 97 St,7538,W 82 St & Central Park West,7304,40.792495,-73.96417,40.78275,-73.97137,member
747649,52821C476454886B,docked_bike,2021-04-24 20:21:24,2021-04-24 20:32:34,Central Park W & W 97 St,7538,W 82 St & Central Park West,7304,40.792495,-73.964171,40.78275,-73.97137,member
747662,286D1CFE45B5BC91,docked_bike,2021-04-05 07:17:56,2021-04-05 07:35:00,Central Park W & W 97 St,7538,E 53 St & Lexington Ave,6617,40.792495,-73.96417,40.75828065,-73.97069431,member
747664,5F0D98ACFAB78983,docked_bike,2021-04-24 12:32:56,2021-04-24 12:40:04,Central Park W & W 97 St,7538,W 82 St & Central Park West,7304,40.792495,-73.96417,40.78275,-73.97137,member
747673,4EE3839439C01E17,docked_bike,2021-04-01 07:19:47,2021-04-01 07:38:35,Central Park W & W 97 St,7538,E 53 St & Lexington Ave,6617,40.792495,-73.96417,40.75828065,-73.97069431,member
747674,A20B0D84EF7D5718,docked_bike,2021-04-06 07:15:39,2021-04-06 07:33:43,Central Park W & W 97 St,7538,E 53 St & Lexington Ave,6617,40.792495,-73.96417,40.75828065,-73.97069431,member
747681,EFC111D4983CF6AE,docked_bike,2021-04-04 18:16:21,2021-04-04 18:40:41,Central Park W & W 97 St,7538,W 82 St & Central Park West,7304,40.792495,-73.96417,40.78275,-73.97137,casual
748407,E89A8CACAA12F861,docked_bike,2021-04-23 16:47:32,2021-04-23 17:15:51,W 100 St & Manhattan Ave,7538,W 82 St & Central Park West,7304,40.795,-73.9645,40.78275,-73.97137,casual
748410,7719DABE8E624FAE,docked_bike,2021-04-05 12:25:36,2021-04-05 12:55:40,W 100 St & Manhattan Ave,7538,W 82 St & Central Park West,7304,40.795,-73.9645,40.78275,-73.97137,casual
748412,865568C0156B5A66,docked_bike,2021-04-18 09:27:16,2021-04-18 09:34:10,W 100 St & Manhattan Ave,7538,W 82 St & Central Park West,7304,40.795,-73.9645,40.78275,-73.97137,member
748413,42CE8C70BF1E7C4E,docked_bike,2021-04-14 16:00:27,2021-04-14 16:07:18,W 100 St & Manhattan Ave,7538,W 82 St & Central Park West,7304,40.795,-73.9645,40.78275,-73.97137,member
748426,2CC453857817B2C5,docked_bike,2021-04-29 13:18:18,2021-04-29 13:27:28,W 100 St & Manhattan Ave,7538,W 82 St & Central Park West,7304,40.795,-73.9645,40.78275,-73.97137,casual
748432,17AD7FC4E5EFB814,docked_bike,2021-04-26 20:29:55,2021-04-26 20:39:45,W 100 St & Manhattan Ave,7538,W 82 St & Central Park West,7304,40.795,-73.9645,40.78275,-73.97137,member
748433,2E29F50F0453F910,docked_bike,2021-04-02 11:18:45,2021-04-02 11:27:37,W 100 St & Manhattan Ave,7538,W 82 St & Central Park West,7304,40.795,-73.9645,40.78275,-73.97137,member
748436,F94C4D1E9C72032B,docked_bike,2021-04-24 13:40:03,2021-04-24 13:46:25,W 100 St & Manhattan Ave,7538,W 82 St & Central Park West,7304,40.795,-73.9645,40.78275,-73.97137,member
748444,B36584EE628980D7,docked_bike,2021-04-10 17:08:43,2021-04-10 17:17:00,W 100 St & Manhattan Ave,7538,W 82 St & Central Park West,7304,40.795,-73.9645,40.78275,-73.97137,member
748448,7272CC23DBC77DD7,docked_bike,2021-04-23 16:53:51,2021-04-23 17:26:00,W 100 St & Manhattan Ave,7538,W 82 St & Central Park West,7304,40.795,-73.9645,40.78275,-73.97137,casual
748454,190AE138E3ED66C9,docked_bike,2021-04-10 13:35:10,2021-04-10 14:23:15,W 100 St & Manhattan Ave,7538,Grand St & Elizabeth St,5382,40.795,-73.9645,40.718822,-73.99596,casual
748462,940E53EE69AEA9A5,docked_bike,2021-04-11 13:44:38,2021-04-11 13:55:36,W 100 St & Manhattan Ave,7538,W 82 St & Central Park West,7304,40.795,-73.9645,40.78275,-73.97137,member
748619,D361589F3057EA33,docked_bike,2021-04-24 10:59:15,2021-04-24 11:08:53,Central Park W & W 97 St,7538,W 82 St & Central Park West,7304,40.792495,-73.96417,40.78275,-73.97137,member
748621,B8FBEF9A2851248A,docked_bike,2021-04-27 18:37:43,2021-04-27 18:42:20,Central Park W & W 97 St,7538,W 82 St & Central Park West,7304,40.792495,-73.96417,40.78275,-73.97137,member
748624,6F4C25F66BFE9EBE,docked_bike,2021-04-04 18:16:05,2021-04-04 18:41:29,Central Park W & W 97 St,7538,W 82 St & Central Park West,7304,40.792495,-73.96417,40.78275,-73.97137,casual
748627,546E54723D886722,docked_bike,2021-04-24 14:35:43,2021-04-24 14:45:35,Central Park W & W 97 St,7538,W 82 St & Central Park West,7304,40.792495,-73.96417,40.78275,-73.97137,member
748631,6B9534B77A77BA43,docked_bike,2021-04-26 18:11:58,2021-04-26 18:17:07,Central Park W & W 97 St,7538,W 82 St & Central Park West,7304,40.792495,-73.96417,40.78275,-73.97137,member
748641,759E4992D540A7CC,docked_bike,2021-04-16 17:45:29,2021-04-16 17:49:46,Central Park W & W 97 St,7538,W 82 St & Central Park West,7304,40.792495,-73.96417,40.78275,-73.97137,member
748649,51AE8A37EA3BA316,docked_bike,2021-04-20 16:41:56,2021-04-20 16:51:45,Central Park W & W 97 St,7538,W 82 St & Central Park West,7304,40.792495,-73.96417,40.78275,-73.97137,casual
748651,78534FA56587AD64,docked_bike,2021-04-23 18:59:33,2021-04-23 19:10:43,Central Park W & W 97 St,7538,W 82 St & Central Park West,7304,40.792495,-73.96417,40.78275,-73.97137,member
748653,A02A42A1F4966C0A,docked_bike,2021-04-03 17:43:31,2021-04-03 17:54:18,Central Park W & W 97 St,7538,W 82 St & Central Park West,7304,40.792495,-73.96417,40.78275,-73.97137,casual
748711,61B2FC2912EEAEC1,docked_bike,2021-04-07 15:53:42,2021-04-07 15:58:53,Central Park W & W 97 St,7538,W 82 St & Central Park West,7304,40.792495,-73.96417,40.78275,-73.97137,member
748720,83BB29B64D83AF11,docked_bike,2021-04-26 19:39:11,2021-04-26 19:45:37,Central Park W & W 97 St,7538,W 82 St & Central Park West,7304,40.792495,-73.96417,40.78275,-73.97137,member
748728,AA6FF0FC4F530C34,docked_bike,2021-04-20 16:36:16,2021-04-20 16:48:10,Central Park W & W 97 St,7538,W 82 St & Central Park West,7304,40.792495,-73.96417,40.78275,-73.97137,casual
748782,ACFD4B5CCACAEFFB,docked_bike,2021-04-24 15:17:56,2021-04-24 15:27:17,Central Park W & W 97 St,7538,W 82 St & Central Park West,7304,40.792495,-73.96417,40.78275,-73.97137,member
748786,E7F621BB54945439,docked_bike,2021-04-09 21:46:16,2021-04-09 22:30:46,Central Park W & W 97 St,7538,W 82 St & Central Park West,7304,40.792495,-73.964171,40.78275,-73.97137,casual
748787,A601B339F1CFEC35,docked_bike,2021-04-29 08:16:15,2021-04-29 08:36:37,Central Park W & W 97 St,7538,E 53 St & Lexington Ave,6617,40.792495,-73.96417,40.75828065,-73.97069431,casual
748788,662925CDB485C953,docked_bike,2021-04-16 13:14:03,2021-04-16 13:23:10,Central Park W & W 97 St,7538,W 82 St & Central Park West,7304,40.792495,-73.96417,40.78275,-73.97137,member
748793,21DF77A9A3CC250B,docked_bike,2021-04-15 11:51:52,2021-04-15 11:57:51,Central Park W & W 97 St,7538,W 82 St & Central Park West,7304,40.792495,-73.96417,40.78275,-73.97137,member
748801,3E556E478D3E347A,docked_bike,2021-04-09 21:46:42,2021-04-09 22:29:13,Central Park W & W 97 St,7538,W 82 St & Central Park West,7304,40.792495,-73.964171,40.78275,-73.97137,casual
748804,46619495F3F41FF5,docked_bike,2021-04-04 14:40:51,2021-04-04 14:48:41,Central Park W & W 97 St,7538,W 82 St & Central Park West,7304,40.792495,-73.96417,40.78275,-73.97137,member
748808,E246A9EC1B1B252F,docked_bike,2021-04-23 19:38:59,2021-04-23 19:44:26,Central Park W & W 97 St,7538,W 82 St & Central Park West,7304,40.792495,-73.96417,40.78275,-73.97137,member
748860,F51A1B8812FB7919,docked_bike,2021-04-03 14:50:47,2021-04-03 14:57:49,Central Park W & W 97 St,7538,W 82 St & Central Park West,7304,40.792495,-73.96417,40.78275,-73.97137,member
748865,F75D774C6FA9DCA0,docked_bike,2021-04-09 21:46:29,2021-04-09 22:30:40,Central Park W & W 97 St,7538,W 82 St & Central Park West,7304,40.792495,-73.964171,40.78275,-73.97137,casual
757827,5693E48F01E638D7,docked_bike,2021-04-04 12:46:23,2021-04-04 13:02:22,Central Park W & W 97 St,7538,E 91 St & 2 Ave,7286,40.792495,-73.96417,40.78112229934166,-73.94965589046478,casual
757828,2580055973C817D3,docked_bike,2021-04-07 06:47:07,2021-04-07 06:59:29,Central Park W & W 97 St,7538,E 91 St & 2 Ave,7286,40.792495,-73.96417,40.78112229934166,-73.94965589046478,member
757840,C05935D7E538E4AD,docked_bike,2021-04-04 12:47:43,2021-04-04 13:02:24,Central Park W & W 97 St,7538,E 91 St & 2 Ave,7286,40.792495,-73.96417,40.78112229934166,-73.94965589046478,member
757844,9D65C27D59671DC8,docked_bike,2021-04-09 14:52:04,2021-04-09 15:13:02,Central Park W & W 97 St,7538,E 91 St & 2 Ave,7286,40.792495,-73.96417,40.78112229934166,-73.94965589046478,casual
757855,BCDEB316D55A93DC,docked_bike,2021-04-04 12:26:18,2021-04-04 13:16:09,Central Park W & W 97 St,7538,W 25 St & 6 Ave,6215,40.792495,-73.96417,40.74395411,-73.99144871,casual
757859,070FBE43F1602AA1,docked_bike,2021-04-29 07:55:11,2021-04-29 08:23:33,Central Park W & W 97 St,7538,6 Ave & W 33 St,6364,40.792495,-73.96417,40.74901271,-73.98848395,member
757864,070339D511CDE320,docked_bike,2021-04-07 22:44:32,2021-04-07 23:12:41,Central Park W & W 97 St,7538,5 Ave & E 135 St,7769,40.792495,-73.96417,40.812191,-73.937838,member
757887,C556380EBA7BD2A6,docked_bike,2021-04-06 06:55:45,2021-04-06 07:08:20,Central Park W & W 97 St,7538,E 91 St & 2 Ave,7286,40.792495,-73.96417,40.78112229934166,-73.94965589046478,member
757897,2EC595FBB99E59DC,docked_bike,2021-04-26 19:11:11,2021-04-26 19:34:13,Central Park W & W 97 St,7538,W 25 St & 6 Ave,6215,40.792495,-73.96417,40.74395411,-73.99144871,casual
757901,B8B9610EC626F67D,docked_bike,2021-04-27 14:39:39,2021-04-27 14:59:48,Central Park W & W 97 St,7538,6 Ave & W 33 St,6364,40.792495,-73.96417,40.74901271,-73.98848395,member
757982,12FC6420E3CC401F,docked_bike,2021-04-08 06:55:38,2021-04-08 07:06:28,Central Park W & W 97 St,7538,E 91 St & 2 Ave,7286,40.792495,-73.96417,40.78112229934166,-73.94965589046478,member
757986,8153406C4225E819,docked_bike,2021-04-19 21:48:53,2021-04-19 22:01:19,Central Park W & W 97 St,7538,5 Ave & E 135 St,7769,40.792495,-73.96417,40.812191,-73.937838,member
758048,810899DFBA2E781A,docked_bike,2021-04-10 16:52:26,2021-04-10 17:02:46,Central Park W & W 97 St,7538,E 91 St & 2 Ave,7286,40.792495,-73.96417,40.78112229934166,-73.94965589046478,member
758049,CBFB6872EB8621A4,docked_bike,2021-04-18 22:15:16,2021-04-18 22:25:18,Central Park W & W 97 St,7538,E 91 St & 2 Ave,7286,40.792495,-73.96417,40.78112229934166,-73.94965589046478,casual
758051,5AE5FE4193790338,docked_bike,2021-04-29 14:45:37,2021-04-29 15:18:53,Central Park W & W 97 St,7538,5 Ave & E 135 St,7769,40.792495,-73.96417,40.812191,-73.937838,casual
758054,6D4F218B1D332AC3,docked_bike,2021-04-10 16:47:09,2021-04-10 17:05:04,Central Park W & W 97 St,7538,5 Ave & E 135 St,7769,40.792495,-73.96417,40.812191,-73.937838,member
758113,6091A5A49BE9185D,docked_bike,2021-04-18 19:11:33,2021-04-18 20:04:24,Central Park W & W 97 St,7538,E 91 St & 2 Ave,7286,40.792495,-73.96417,40.78112229934166,-73.94965589046478,casual
758121,8C917AFD3E2C62E4,docked_bike,2021-04-08 20:11:21,2021-04-08 20:21:36,Central Park W & W 97 St,7538,E 91 St & 2 Ave,7286,40.792495,-73.96417,40.78112229934166,-73.94965589046478,casual
758128,866F8961416BC765,docked_bike,2021-04-05 19:11:40,2021-04-05 19:36:38,Central Park W & W 97 St,7538,W 25 St & 6 Ave,6215,40.792495,-73.96417,40.74395411,-73.99144871,casual
758133,C851728FF7FB590D,docked_bike,2021-04-06 15:59:29,2021-04-06 16:56:45,Central Park W & W 97 St,7538,E 4 St & 2 Ave,5593,40.792495,-73.96417,40.7262807,-73.98978041,member
758144,8208DD01D3F7532E,docked_bike,2021-04-23 22:23:07,2021-04-23 22:59:36,Central Park W & W 97 St,7538,5 Ave & E 135 St,7769,40.792495,-73.96417,40.812191,-73.937838,member
761243,6AB1F20EE3361C6D,docked_bike,2021-04-30 13:59:36,2021-04-30 14:20:22,W 100 St & Manhattan Ave,7538,E 91 St & 2 Ave,7286,40.795,-73.9645,40.78112229934166,-73.94965589046478,member
761298,939C06AB7BCF24C6,docked_bike,2021-04-17 07:40:21,2021-04-17 07:54:44,W 100 St & Manhattan Ave,7538,E 91 St & 2 Ave,7286,40.795,-73.9645,40.78112229934166,-73.94965589046478,member
761304,6FCF1A544384E6E3,docked_bike,2021-04-28 22:38:26,2021-04-28 23:07:24,W 100 St & Manhattan Ave,7538,5 Ave & E 135 St,7769,40.795,-73.9645,40.812191,-73.937838,member
761305,F580918DF292CF9B,docked_bike,2021-04-27 00:12:21,2021-04-27 00:34:17,W 100 St & Manhattan Ave,7538,5 Ave & E 135 St,7769,40.795,-73.9645,40.812191,-73.937838,member
761309,F89524153092E88A,docked_bike,2021-04-03 07:28:36,2021-04-03 07:40:51,W 100 St & Manhattan Ave,7538,E 91 St & 2 Ave,7286,40.795,-73.9645,40.78112229934166,-73.94965589046478,member
761310,442554A09253D884,docked_bike,2021-04-29 23:09:05,2021-04-29 23:31:34,W 100 St & Manhattan Ave,7538,5 Ave & E 135 St,7769,40.795,-73.9645,40.812191,-73.937838,member
761315,EDD2B8341202AB2C,docked_bike,2021-04-05 22:25:24,2021-04-05 22:50:35,W 100 St & Manhattan Ave,7538,5 Ave & E 135 St,7769,40.795,-73.9645,40.812191,-73.937838,member
761316,3024B307BA27D2D9,docked_bike,2021-04-15 22:19:36,2021-04-15 22:56:43,W 100 St & Manhattan Ave,7538,5 Ave & E 135 St,7769,40.795,-73.9645,40.812191,-73.937838,member
761325,26C6F4F05494B947,docked_bike,2021-04-27 23:10:00,2021-04-27 23:17:39,W 100 St & Manhattan Ave,7538,E 91 St & 2 Ave,7286,40.795,-73.9645,40.78112229934166,-73.94965589046478,member
761392,C87969D60BC01AF7,docked_bike,2021-04-27 22:28:34,2021-04-27 22:40:39,W 100 St & Manhattan Ave,7538,5 Ave & E 135 St,7769,40.795,-73.9645,40.812191,-73.937838,member
761396,B8CEF71033E6D4C5,docked_bike,2021-04-20 21:58:39,2021-04-20 22:29:16,W 100 St & Manhattan Ave,7538,5 Ave & E 135 St,7769,40.795,-73.9645,40.812191,-73.937838,member
761397,252C6B0017B36E99,docked_bike,2021-04-16 23:02:56,2021-04-16 23:16:28,W 100 St & Manhattan Ave,7538,5 Ave & E 135 St,7769,40.795,-73.9645,40.812191,-73.937838,member
761409,EEA90672879B3037,docked_bike,2021-04-01 09:05:18,2021-04-01 09:30:24,W 100 St & Manhattan Ave,7538,E 91 St & 2 Ave,7286,40.795,-73.9645,40.78112229934166,-73.94965589046478,casual
761419,2670995F7D26D0AF,docked_bike,2021-04-02 15:57:09,2021-04-02 16:06:40,W 100 St & Manhattan Ave,7538,E 91 St & 2 Ave,7286,40.795,-73.9645,40.781122,-73.949656,member
761422,72584C7F6575C7E8,docked_bike,2021-04-09 16:09:03,2021-04-09 16:29:08,W 100 St & Manhattan Ave,7538,E 91 St & 2 Ave,7286,40.795,-73.9645,40.78112229934166,-73.94965589046478,casual
761423,D4EA3EDE4202CA50,docked_bike,2021-04-09 19:28:15,2021-04-09 19:44:11,W 100 St & Manhattan Ave,7538,5 Ave & E 135 St,7769,40.795,-73.9645,40.812191,-73.937838,member
761448,4A3309AA693CACB8,docked_bike,2021-04-11 20:27:00,2021-04-11 20:42:16,W 100 St & Manhattan Ave,7538,5 Ave & E 135 St,7769,40.795,-73.9645,40.812191,-73.937838,member
761449,0C3752604888BE50,docked_bike,2021-04-13 22:31:26,2021-04-13 23:03:36,W 100 St & Manhattan Ave,7538,5 Ave & E 135 St,7769,40.795,-73.9645,40.812191,-73.937838,member
762042,689E8EF1767684DA,docked_bike,2021-04-04 23:52:31,2021-04-05 00:16:02,W 100 St & Manhattan Ave,7538,5 Ave & E 135 St,7769,40.795,-73.9645,40.812191,-73.937838,member
762043,E7C0BCA5C5C329C8,docked_bike,2021-04-12 21:59:25,2021-04-12 22:17:36,W 100 St & Manhattan Ave,7538,5 Ave & E 135 St,7769,40.795,-73.9645,40.812191,-73.937838,member
762044,EE702008FD9FDACD,docked_bike,2021-04-08 22:05:02,2021-04-08 22:19:45,W 100 St & Manhattan Ave,7538,5 Ave & E 135 St,7769,40.795,-73.9645,40.812191,-73.937838,member
762045,1EED2C0735B0A426,docked_bike,2021-04-11 22:59:09,2021-04-11 23:31:08,W 100 St & Manhattan Ave,7538,5 Ave & E 135 St,7769,40.795,-73.9645,40.812191,-73.937838,member
763594,7F721EC5C2DA5E92,docked_bike,2021-04-20 12:36:23,2021-04-20 13:02:41,Central Park W & W 97 St,7538,E 4 St & 2 Ave,5593,40.792495,-73.96417,40.7262807,-73.98978041,casual
763690,57F60D32E2B7E298,docked_bike,2021-04-10 10:47:43,2021-04-10 11:29:56,Central Park W & W 97 St,7538,E 4 St & 2 Ave,5593,40.792495,-73.964171,40.726281,-73.98978,member
763702,7D818D1498DB55F1,docked_bike,2021-04-25 18:19:55,2021-04-25 18:35:11,Central Park W & W 97 St,7538,E 91 St & 2 Ave,7286,40.792495,-73.96417,40.78112229934166,-73.94965589046478,casual
776740,41F819E2E9BA9BAF,docked_bike,2021-04-11 06:53:56,2021-04-11 07:07:57,Central Park W & W 97 St,7538,Grand Army Plaza & Central Park S,6839,40.792495,-73.96417,40.7643971,-73.97371465,casual
776742,EE3C52550A930F26,docked_bike,2021-04-19 08:53:40,2021-04-19 09:14:34,Central Park W & W 97 St,7538,Grand Army Plaza & Central Park S,6839,40.792495,-73.96417,40.7643971,-73.97371465,member
776750,4BAEED9E711AA117,docked_bike,2021-04-18 15:02:35,2021-04-18 15:37:11,Central Park W & W 97 St,7538,Grand Army Plaza & Central Park S,6839,40.792495,-73.96417,40.7643971,-73.97371465,casual
793067,78F556C287AD8901,docked_bike,2021-04-10 15:35:29,2021-04-10 16:23:24,Central Park W & W 97 St,7538,Grand Army Plaza & Central Park S,6839,40.792495,-73.96417,40.7643971,-73.97371465,casual
793072,81F5CBDA9B90B3B8,docked_bike,2021-04-08 15:53:42,2021-04-08 16:12:33,Central Park W & W 97 St,7538,Grand Army Plaza & Central Park S,6839,40.792495,-73.96417,40.7643971,-73.97371465,casual
793086,D57A4EB7A60AE89A,docked_bike,2021-04-03 16:50:26,2021-04-03 17:15:14,Central Park W & W 97 St,7538,Grand Army Plaza & Central Park S,6839,40.792495,-73.96417,40.7643971,-73.97371465,casual
793090,1CE1302B8FC8340A,docked_bike,2021-04-06 10:07:36,2021-04-06 10:34:55,Central Park W & W 97 St,7538,Grand Army Plaza & Central Park S,6839,40.792495,-73.96417,40.7643971,-73.97371465,casual
793114,953B112E124D310B,docked_bike,2021-04-24 11:42:55,2021-04-24 12:11:16,Central Park W & W 97 St,7538,Grand Army Plaza & Central Park S,6839,40.792495,-73.96417,40.7643971,-73.97371465,casual
793120,A5B56830667E3951,docked_bike,2021-04-24 11:43:50,2021-04-24 12:11:20,Central Park W & W 97 St,7538,Grand Army Plaza & Central Park S,6839,40.792495,-73.96417,40.7643971,-73.97371465,casual
793124,3102E1BD3EC1EF2F,docked_bike,2021-04-08 13:51:19,2021-04-08 14:19:26,Central Park W & W 97 St,7538,Grand Army Plaza & Central Park S,6839,40.792495,-73.96417,40.7643971,-73.97371465,member
793132,D271E960D715A11D,docked_bike,2021-04-13 19:53:20,2021-04-13 20:19:31,Central Park W & W 97 St,7538,W 47 St & 6 Ave,6667,40.792495,-73.96417,40.758397,-73.98255,member
793133,9A3BB20132E1FB59,docked_bike,2021-04-07 19:38:18,2021-04-07 20:07:38,Central Park W & W 97 St,7538,Grand Army Plaza & Central Park S,6839,40.792495,-73.964171,40.764397,-73.973715,casual
793136,8D6B3A30BD1CEAD2,docked_bike,2021-04-03 16:48:03,2021-04-03 17:15:07,Central Park W & W 97 St,7538,Grand Army Plaza & Central Park S,6839,40.792495,-73.96417,40.7643971,-73.97371465,casual
793140,E17897A1F178A11E,docked_bike,2021-04-22 08:18:36,2021-04-22 08:38:03,Central Park W & W 97 St,7538,Grand Army Plaza & Central Park S,6839,40.792495,-73.96417,40.7643971,-73.97371465,casual
793149,55CD3B0A36D8A384,docked_bike,2021-04-18 15:03:11,2021-04-18 15:37:02,Central Park W & W 97 St,7538,Grand Army Plaza & Central Park S,6839,40.792495,-73.96417,40.7643971,-73.97371465,casual
793150,13F3A7E9A3BF52D7,docked_bike,2021-04-03 16:49:42,2021-04-03 17:15:10,Central Park W & W 97 St,7538,Grand Army Plaza & Central Park S,6839,40.792495,-73.96417,40.7643971,-73.97371465,casual
793153,443748E0F75F3078,docked_bike,2021-04-07 19:44:45,2021-04-07 20:09:11,Central Park W & W 97 St,7538,W 47 St & 6 Ave,6667,40.792495,-73.96417,40.758397,-73.98255,member
793155,A6E61C111B9C0A80,docked_bike,2021-04-07 17:21:38,2021-04-07 17:45:08,Central Park W & W 97 St,7538,Grand Army Plaza & Central Park S,6839,40.792495,-73.96417,40.7643971,-73.97371465,casual
793156,D1C77C65EC30BA0A,docked_bike,2021-04-16 17:58:56,2021-04-16 18:23:20,Central Park W & W 97 St,7538,Grand Army Plaza & Central Park S,6839,40.792495,-73.96417,40.7643971,-73.97371465,member
793158,D9031E570F057110,docked_bike,2021-04-07 19:38:45,2021-04-07 20:14:58,Central Park W & W 97 St,7538,Grand Army Plaza & Central Park S,6839,40.792495,-73.964171,40.764397,-73.973715,casual
793160,2055E1ADF9C1D425,docked_bike,2021-04-24 16:25:11,2021-04-24 16:59:07,Central Park W & W 97 St,7538,Grand Army Plaza & Central Park S,6839,40.792495,-73.96417,40.7643971,-73.97371465,casual
793161,CCE1D09ACA60F274,docked_bike,2021-04-14 06:50:30,2021-04-14 07:04:01,Central Park W & W 97 St,7538,Grand Army Plaza & Central Park S,6839,40.792495,-73.96417,40.7643971,-73.97371465,casual
793164,F12919EE60785013,docked_bike,2021-04-30 18:43:59,2021-04-30 19:07:36,Central Park W & W 97 St,7538,Grand Army Plaza & Central Park S,6839,40.792495,-73.96417,40.7643971,-73.97371465,member
793168,5E6BA3F9B4CB2EE1,docked_bike,2021-04-24 15:04:26,2021-04-24 15:35:44,Central Park W & W 97 St,7538,Grand Army Plaza & Central Park S,6839,40.792495,-73.964171,40.764397,-73.973715,casual
793178,C278A3E5EA63A27A,docked_bike,2021-04-11 11:50:36,2021-04-11 12:10:52,Central Park W & W 97 St,7538,Grand Army Plaza & Central Park S,6839,40.792495,-73.964171,40.764397,-73.973715,member
793179,612082F1C38B19BD,docked_bike,2021-04-22 18:28:40,2021-04-22 18:59:02,Central Park W & W 97 St,7538,W 16 St & The High Line,6233,40.792495,-73.96417,40.74334935,-74.00681753,member
793180,50FC4DD4BDB19485,docked_bike,2021-04-18 15:00:23,2021-04-18 15:37:15,Central Park W & W 97 St,7538,Grand Army Plaza & Central Park S,6839,40.792495,-73.964171,40.764397,-73.973715,casual
793187,8A83E67FFBBEFFD5,docked_bike,2021-04-07 19:43:42,2021-04-07 20:09:10,Central Park W & W 97 St,7538,W 47 St & 6 Ave,6667,40.792495,-73.96417,40.758397,-73.98255,member
793188,E78F49E1F81E25E1,docked_bike,2021-04-28 15:53:18,2021-04-28 16:14:05,Central Park W & W 97 St,7538,Grand Army Plaza & Central Park S,6839,40.792495,-73.96417,40.7643971,-73.97371465,member
793199,52A410B5D034D897,docked_bike,2021-04-08 15:54:46,2021-04-08 16:12:36,Central Park W & W 97 St,7538,Grand Army Plaza & Central Park S,6839,40.792495,-73.96417,40.7643971,-73.97371465,casual
793208,4E59A1B4864E47A6,docked_bike,2021-04-07 20:50:07,2021-04-07 21:08:02,Central Park W & W 97 St,7538,Grand Army Plaza & Central Park S,6839,40.792495,-73.96417,40.7643971,-73.97371465,member
793209,4884CB0E27E83294,docked_bike,2021-04-22 10:34:04,2021-04-22 10:48:21,Central Park W & W 97 St,7538,Grand Army Plaza & Central Park S,6839,40.792495,-73.96417,40.7643971,-73.97371465,member
793231,CFB598C37F621392,docked_bike,2021-04-08 19:51:39,2021-04-08 20:07:33,Central Park W & W 97 St,7538,W 47 St & 6 Ave,6667,40.792495,-73.96417,40.758397,-73.98255,casual
793232,AC626CBC6BD375C9,docked_bike,2021-04-23 17:00:20,2021-04-23 17:24:32,Central Park W & W 97 St,7538,Grand Army Plaza & Central Park S,6839,40.792495,-73.96417,40.7643971,-73.97371465,member
793235,3289FB9DF917F980,docked_bike,2021-04-15 11:35:56,2021-04-15 11:35:50,Central Park W & W 97 St,7538,Grand Army Plaza & Central Park S,6839,40.792495,-73.96417,40.7643971,-73.97371465,member
793237,5F1FCE24AEF8A8DF,docked_bike,2021-04-16 09:24:44,2021-04-16 09:45:27,Central Park W & W 97 St,7538,Grand Army Plaza & Central Park S,6839,40.792495,-73.96417,40.7643971,-73.97371465,casual
793248,189429531B3D30A2,docked_bike,2021-04-05 17:32:36,2021-04-05 17:46:08,Central Park W & W 97 St,7538,Grand Army Plaza & Central Park S,6839,40.792495,-73.96417,40.7643971,-73.97371465,casual
793249,F2405FA22561AD0A,docked_bike,2021-04-18 15:01:54,2021-04-18 15:37:09,Central Park W & W 97 St,7538,Grand Army Plaza & Central Park S,6839,40.792495,-73.964171,40.764397,-73.973715,casual
793257,83F3D5692FF81D29,docked_bike,2021-04-17 13:59:55,2021-04-17 14:15:11,Central Park W & W 97 St,7538,Grand Army Plaza & Central Park S,6839,40.792495,-73.964171,40.764397,-73.973715,casual
793260,818B8F2358450DF5,docked_bike,2021-04-08 09:00:18,2021-04-08 09:15:48,Central Park W & W 97 St,7538,Grand Army Plaza & Central Park S,6839,40.792495,-73.96417,40.7643971,-73.97371465,member
793261,1481B4FC6440D793,docked_bike,2021-04-03 16:47:45,2021-04-03 17:15:31,Central Park W & W 97 St,7538,Grand Army Plaza & Central Park S,6839,40.792495,-73.96417,40.7643971,-73.97371465,casual
793263,6CADDF58A9C32383,docked_bike,2021-04-04 17:44:18,2021-04-04 18:12:51,Central Park W & W 97 St,7538,Grand Army Plaza & Central Park S,6839,40.792495,-73.96417,40.7643971,-73.97371465,casual
793264,626AFC6A7D65A066,docked_bike,2021-04-10 15:35:51,2021-04-10 16:24:05,Central Park W & W 97 St,7538,Grand Army Plaza & Central Park S,6839,40.792495,-73.96417,40.7643971,-73.97371465,casual
793265,6212A3F55D3AF2D5,docked_bike,2021-04-05 17:31:44,2021-04-05 17:45:57,Central Park W & W 97 St,7538,Grand Army Plaza & Central Park S,6839,40.792495,-73.96417,40.7643971,-73.97371465,casual
793266,C0D4ED0E380A67DA,docked_bike,2021-04-24 11:42:39,2021-04-24 12:11:10,Central Park W & W 97 St,7538,Grand Army Plaza & Central Park S,6839,40.792495,-73.96417,40.7643971,-73.97371465,casual
793283,18AF4E2263B926D0,docked_bike,2021-04-21 08:43:38,2021-04-21 09:05:13,Central Park W & W 97 St,7538,Grand Army Plaza & Central Park S,6839,40.792495,-73.96417,40.7643971,-73.97371465,member
793289,15890C0BFDB32D41,docked_bike,2021-04-03 16:48:48,2021-04-03 17:15:20,Central Park W & W 97 St,7538,Grand Army Plaza & Central Park S,6839,40.792495,-73.96417,40.7643971,-73.97371465,casual
793323,FB08CEEC919EA9CC,docked_bike,2021-04-20 10:37:36,2021-04-20 10:52:37,Central Park W & W 97 St,7538,Grand Army Plaza & Central Park S,6839,40.792495,-73.96417,40.7643971,-73.97371465,member
793328,BE8EBD2F69BD5186,docked_bike,2021-04-03 16:48:52,2021-04-03 17:15:22,Central Park W & W 97 St,7538,Grand Army Plaza & Central Park S,6839,40.792495,-73.96417,40.7643971,-73.97371465,casual
793336,4BE1508DC06AA64A,docked_bike,2021-04-10 15:36:07,2021-04-10 16:24:17,Central Park W & W 97 St,7538,Grand Army Plaza & Central Park S,6839,40.792495,-73.96417,40.7643971,-73.97371465,casual
793342,EFA514FA3FDC23DB,docked_bike,2021-04-16 08:11:12,2021-04-16 08:30:04,Central Park W & W 97 St,7538,Grand Army Plaza & Central Park S,6839,40.792495,-73.96417,40.7643971,-73.97371465,member
793347,265445DFEDD107F5,docked_bike,2021-04-24 16:25:02,2021-04-24 16:58:58,Central Park W & W 97 St,7538,Grand Army Plaza & Central Park S,6839,40.792495,-73.96417,40.7643971,-73.97371465,casual
793355,6912E4E675C3548F,docked_bike,2021-04-03 16:48:24,2021-04-03 17:15:12,Central Park W & W 97 St,7538,Grand Army Plaza & Central Park S,6839,40.792495,-73.96417,40.7643971,-73.97371465,casual
793358,B7A383F11C6E91CD,docked_bike,2021-04-03 16:48:46,2021-04-03 17:15:12,Central Park W & W 97 St,7538,Grand Army Plaza & Central Park S,6839,40.792495,-73.96417,40.7643971,-73.97371465,casual
793368,335150DE007F02CD,docked_bike,2021-04-30 21:20:31,2021-04-30 21:36:27,Central Park W & W 97 St,7538,Grand Army Plaza & Central Park S,6839,40.792495,-73.96417,40.7643971,-73.97371465,casual
793370,C38DD2F7948CCE92,docked_bike,2021-04-28 18:13:50,2021-04-28 18:41:49,Central Park W & W 97 St,7538,Grand Army Plaza & Central Park S,6839,40.792495,-73.96417,40.7643971,-73.97371465,member
793374,938C9936305661CC,docked_bike,2021-04-24 11:41:46,2021-04-24 12:11:05,Central Park W & W 97 St,7538,Grand Army Plaza & Central Park S,6839,40.792495,-73.964171,40.764397,-73.973715,casual
793387,7FD148C6564B1C73,docked_bike,2021-04-07 19:37:20,2021-04-07 20:07:36,Central Park W & W 97 St,7538,Grand Army Plaza & Central Park S,6839,40.792495,-73.964171,40.764397,-73.973715,casual
793392,C41FFD6C5D04C395,docked_bike,2021-04-24 14:04:56,2021-04-24 14:21:23,Central Park W & W 97 St,7538,Grand Army Plaza & Central Park S,6839,40.792495,-73.96417,40.7643971,-73.97371465,casual
793396,F610D8F7C6D01F1C,docked_bike,2021-04-07 10:20:56,2021-04-07 10:59:28,Central Park W & W 97 St,7538,W 16 St & The High Line,6233,40.792495,-73.96417,40.74334935,-74.00681753,member
793397,994271300572BA3D,docked_bike,2021-04-18 14:27:16,2021-04-18 14:40:22,Central Park W & W 97 St,7538,Grand Army Plaza & Central Park S,6839,40.792495,-73.96417,40.7643971,-73.97371465,member
793400,67B3109939BD16ED,docked_bike,2021-04-08 14:25:07,2021-04-08 14:41:23,Central Park W & W 97 St,7538,Grand Army Plaza & Central Park S,6839,40.792495,-73.96417,40.7643971,-73.97371465,casual
793404,FFA6339B2572F89C,docked_bike,2021-04-21 07:31:32,2021-04-21 07:47:22,Central Park W & W 97 St,7538,Grand Army Plaza & Central Park S,6839,40.792495,-73.96417,40.7643971,-73.97371465,casual
793408,0B86F02A06D6B38F,docked_bike,2021-04-26 17:20:06,2021-04-26 17:44:51,Central Park W & W 97 St,7538,W 47 St & 6 Ave,6667,40.792495,-73.96417,40.758397,-73.98255,member
793410,ECCDB978A90E8325,docked_bike,2021-04-20 09:00:58,2021-04-20 09:19:18,Central Park W & W 97 St,7538,Grand Army Plaza & Central Park S,6839,40.792495,-73.96417,40.7643971,-73.97371465,member
793545,2100F12B7C71C0BA,docked_bike,2021-04-23 16:12:13,2021-04-23 16:36:32,Central Park W & W 97 St,7538,Grand Army Plaza & Central Park S,6839,40.792495,-73.964171,40.764397,-73.973715,member
793551,B1C8FEC50E4575CD,docked_bike,2021-04-24 12:39:48,2021-04-24 13:05:21,Central Park W & W 97 St,7538,Grand Army Plaza & Central Park S,6839,40.792495,-73.96417,40.7643971,-73.97371465,member
793552,AB91B4F3D38DDA7A,docked_bike,2021-04-29 19:13:09,2021-04-29 19:26:40,Central Park W & W 97 St,7538,Grand Army Plaza & Central Park S,6839,40.792495,-73.96417,40.7643971,-73.97371465,member
798634,6CD0F69BE2AB5585,docked_bike,2021-04-20 17:48:33,2021-04-20 18:03:44,W 100 St & Manhattan Ave,7538,Grand Army Plaza & Central Park S,6839,40.795,-73.9645,40.7643971,-73.97371465,member
798635,275A92C0AC2AE4E7,docked_bike,2021-04-19 07:48:08,2021-04-19 08:01:44,W 100 St & Manhattan Ave,7538,Grand Army Plaza & Central Park S,6839,40.795,-73.9645,40.7643971,-73.97371465,member
798644,35010E0974B848C1,docked_bike,2021-04-26 07:47:11,2021-04-26 08:04:07,W 100 St & Manhattan Ave,7538,Grand Army Plaza & Central Park S,6839,40.795,-73.9645,40.7643971,-73.97371465,member
798645,E2B502A1FF6F041B,docked_bike,2021-04-12 13:05:16,2021-04-12 13:21:48,W 100 St & Manhattan Ave,7538,W 47 St & 6 Ave,6667,40.795,-73.9645,40.758397,-73.98255,member
798656,CC316684DBA7A0FF,docked_bike,2021-04-09 07:21:23,2021-04-09 07:57:48,W 100 St & Manhattan Ave,7538,W 16 St & The High Line,6233,40.795,-73.9645,40.74334935,-74.00681753,casual
798662,FB97E4D2BC02E007,docked_bike,2021-04-03 16:40:16,2021-04-03 17:44:31,W 100 St & Manhattan Ave,7538,Grand Army Plaza & Central Park S,6839,40.795,-73.9645,40.7643971,-73.97371465,casual
798682,24B24EB73CA2B80A,docked_bike,2021-04-01 17:41:52,2021-04-01 17:56:45,W 100 St & Manhattan Ave,7538,Grand Army Plaza & Central Park S,6839,40.795,-73.9645,40.7643971,-73.97371465,member
798691,3727274383801F9A,docked_bike,2021-04-13 17:12:48,2021-04-13 17:55:59,W 100 St & Manhattan Ave,7538,MacDougal St & Prince St,5687,40.795,-73.9645,40.72710258,-74.00297088,casual
798692,117FCD1D9EFE1F78,docked_bike,2021-04-09 20:21:52,2021-04-09 20:57:14,W 100 St & Manhattan Ave,7538,Grand Army Plaza & Central Park S,6839,40.795,-73.9645,40.7643971,-73.97371465,casual
798814,B76909F5610721C3,docked_bike,2021-04-29 09:35:32,2021-04-29 09:50:47,W 100 St & Manhattan Ave,7538,Grand Army Plaza & Central Park S,6839,40.795,-73.9645,40.7643971,-73.97371465,member
798820,F037B3146971B91B,docked_bike,2021-04-14 07:54:27,2021-04-14 08:21:35,W 100 St & Manhattan Ave,7538,Grand Army Plaza & Central Park S,6839,40.795,-73.9645,40.7643971,-73.97371465,member
799665,C8AB12766217CB87,docked_bike,2021-04-21 11:03:58,2021-04-21 11:36:09,W 100 St & Manhattan Ave,7538,Grand Army Plaza & Central Park S,6839,40.795,-73.9645,40.7643971,-73.97371465,member
799668,22F9DAD9F729D6B4,docked_bike,2021-04-08 17:07:39,2021-04-08 17:29:25,W 100 St & Manhattan Ave,7538,Grand Army Plaza & Central Park S,6839,40.795,-73.9645,40.7643971,-73.97371465,member
799671,EB8341F3E9526A4D,docked_bike,2021-04-09 07:43:38,2021-04-09 07:59:35,W 100 St & Manhattan Ave,7538,Grand Army Plaza & Central Park S,6839,40.795,-73.9645,40.7643971,-73.97371465,member
799675,9CF0B325BF85F5AC,docked_bike,2021-04-07 17:20:02,2021-04-07 17:44:58,W 100 St & Manhattan Ave,7538,Grand Army Plaza & Central Park S,6839,40.795,-73.9645,40.7643971,-73.97371465,casual
799677,BB5CEC4E684762DC,docked_bike,2021-04-20 07:37:22,2021-04-20 08:03:30,W 100 St & Manhattan Ave,7538,Grand Army Plaza & Central Park S,6839,40.795,-73.9645,40.7643971,-73.97371465,member
799678,5B2854FA27DA5572,docked_bike,2021-04-19 08:46:26,2021-04-19 09:11:04,W 100 St & Manhattan Ave,7538,Grand Army Plaza & Central Park S,6839,40.795,-73.9645,40.7643971,-73.97371465,casual
799901,E6F976956AC3C64F,docked_bike,2021-04-07 07:54:34,2021-04-07 08:19:03,W 100 St & Manhattan Ave,7538,Grand Army Plaza & Central Park S,6839,40.795,-73.9645,40.7643971,-73.97371465,member
799905,BFE735A5E30AAD78,docked_bike,2021-04-05 14:16:58,2021-04-05 14:32:38,W 100 St & Manhattan Ave,7538,Grand Army Plaza & Central Park S,6839,40.795,-73.9645,40.7643971,-73.97371465,member
814693,68AE305E26B6A60B,docked_bike,2021-04-26 15:31:34,2021-04-26 16:21:42,W 100 St & Manhattan Ave,7538,Broadway & E 14 St,5905,40.795,-73.9645,40.73454567,-73.99074142,casual
814709,34B475F459832793,docked_bike,2021-04-27 08:22:15,2021-04-27 08:42:48,W 100 St & Manhattan Ave,7538,1 Ave & E 68 St,6822,40.795,-73.9645,40.76500525,-73.95818491,member
819861,C12B9D22520A119E,docked_bike,2021-04-12 11:42:26,2021-04-12 12:04:10,Central Park W & W 97 St,7538,1 Ave & E 68 St,6822,40.792495,-73.964171,40.765005,-73.958185,member
819902,42E045994DB886BC,docked_bike,2021-04-23 08:08:23,2021-04-23 08:29:02,Central Park W & W 97 St,7538,1 Ave & E 68 St,6822,40.792495,-73.96417,40.76500525,-73.95818491,member
819912,FA805225E1EEC11A,docked_bike,2021-04-27 19:54:59,2021-04-27 20:11:36,Central Park W & W 97 St,7538,1 Ave & E 68 St,6822,40.792495,-73.96417,40.76500525,-73.95818491,member
819917,8AB097F46C1F53EC,docked_bike,2021-04-23 06:49:04,2021-04-23 07:04:19,Central Park W & W 97 St,7538,1 Ave & E 68 St,6822,40.792495,-73.96417,40.76500525,-73.95818491,member
819922,DDF1F46AD10909A2,docked_bike,2021-04-20 17:43:48,2021-04-20 18:09:19,Central Park W & W 97 St,7538,1 Ave & E 68 St,6822,40.792495,-73.96417,40.76500525,-73.95818491,member
819926,D7E80EA8DC8E9FFC,docked_bike,2021-04-27 15:20:59,2021-04-27 16:05:57,Central Park W & W 97 St,7538,Broadway & E 14 St,5905,40.792495,-73.96417,40.73454567,-73.99074142,member
819933,48689F6354BFEA90,docked_bike,2021-04-13 08:35:39,2021-04-13 08:53:11,Central Park W & W 97 St,7538,1 Ave & E 68 St,6822,40.792495,-73.96417,40.76500525,-73.95818491,member
819964,03EF16C3B613C605,docked_bike,2021-04-03 08:31:17,2021-04-03 08:52:32,Central Park W & W 97 St,7538,1 Ave & E 68 St,6822,40.792495,-73.96417,40.76500525,-73.95818491,casual
819986,D13DE78758FF1E00,docked_bike,2021-04-12 08:31:12,2021-04-12 08:50:02,Central Park W & W 97 St,7538,1 Ave & E 68 St,6822,40.792495,-73.96417,40.76500525,-73.95818491,member
819991,54B1AA22FD52848F,docked_bike,2021-04-20 15:48:46,2021-04-20 16:18:28,Central Park W & W 97 St,7538,Broadway & E 14 St,5905,40.792495,-73.96417,40.73454567,-73.99074142,member
820015,975EDA5BA2D03427,docked_bike,2021-04-13 06:50:21,2021-04-13 07:12:25,Central Park W & W 97 St,7538,1 Ave & E 68 St,6822,40.792495,-73.96417,40.76500525,-73.95818491,member
820016,5710F24397EBD14A,docked_bike,2021-04-16 06:54:34,2021-04-16 07:15:19,Central Park W & W 97 St,7538,1 Ave & E 68 St,6822,40.792495,-73.96417,40.76500525,-73.95818491,member
820022,F44BFCE2D962BF7F,docked_bike,2021-04-13 12:35:14,2021-04-13 12:57:57,Central Park W & W 97 St,7538,1 Ave & E 68 St,6822,40.792495,-73.96417,40.76500525,-73.95818491,member
820027,779A061EADF68CD6,docked_bike,2021-04-23 15:15:01,2021-04-23 15:43:14,Central Park W & W 97 St,7538,Broadway & E 14 St,5905,40.792495,-73.96417,40.73454567,-73.99074142,member
820077,A3D8C0A155095743,docked_bike,2021-04-30 06:45:16,2021-04-30 06:58:47,Central Park W & W 97 St,7538,1 Ave & E 68 St,6822,40.792495,-73.96417,40.76500525,-73.95818491,member
820097,2E3E4321987537FE,docked_bike,2021-04-18 11:14:20,2021-04-18 11:50:13,Central Park W & W 97 St,7538,Broadway & E 14 St,5905,40.792495,-73.96417,40.73454567,-73.99074142,member
820102,6A463916EB560955,docked_bike,2021-04-24 15:41:39,2021-04-24 15:59:09,Central Park W & W 97 St,7538,1 Ave & E 68 St,6822,40.792495,-73.964171,40.765005,-73.958185,casual
820107,951931A2A90CEFA1,docked_bike,2021-04-08 20:25:27,2021-04-08 20:51:33,Central Park W & W 97 St,7538,1 Ave & E 68 St,6822,40.792495,-73.96417,40.76500525,-73.95818491,member
820138,190FB49971D88FF6,docked_bike,2021-04-07 08:01:32,2021-04-07 08:21:12,Central Park W & W 97 St,7538,1 Ave & E 68 St,6822,40.792495,-73.96417,40.76500525,-73.95818491,member
820143,91B9F29C5CE3A004,docked_bike,2021-04-24 07:48:02,2021-04-24 08:01:31,Central Park W & W 97 St,7538,1 Ave & E 68 St,6822,40.792495,-73.96417,40.76500525,-73.95818491,member
820161,DBF17E0D748267D2,docked_bike,2021-04-09 11:35:41,2021-04-09 11:54:56,Central Park W & W 97 St,7538,1 Ave & E 68 St,6822,40.792495,-73.96417,40.76500525,-73.95818491,casual
820185,69DE9B7D6D751A10,docked_bike,2021-04-22 06:45:03,2021-04-22 07:00:15,Central Park W & W 97 St,7538,1 Ave & E 68 St,6822,40.792495,-73.96417,40.76500525,-73.95818491,member
820188,FB96C03545EF8417,docked_bike,2021-04-07 12:00:38,2021-04-07 12:19:30,Central Park W & W 97 St,7538,W 160 St & St. Nicholas Ave,8138,40.792495,-73.96417,40.834468,-73.939865,member
825330,1F85D3658ABC7D1C,docked_bike,2021-04-21 06:50:46,2021-04-21 07:13:41,Central Park W & W 97 St,7538,1 Ave & E 68 St,6822,40.792495,-73.96417,40.76500525,-73.95818491,member
830228,A48C1E1BC8A6F161,docked_bike,2021-04-04 15:13:54,2021-04-04 15:28:14,Central Park W & W 97 St,7538,Amsterdam Ave & W 73 St,7260,40.792495,-73.964171,40.779668,-73.98093,member
830229,557527069B6C531D,docked_bike,2021-04-23 15:35:28,2021-04-23 15:48:06,Central Park W & W 97 St,7538,W 67 St & Broadway,7116,40.792495,-73.96417,40.77492513,-73.98266566,casual
837151,FD0D07ABB2D32160,docked_bike,2021-04-23 17:04:04,2021-04-23 17:17:07,Central Park W & W 97 St,7538,Amsterdam Ave & W 73 St,7260,40.792495,-73.96417,40.77966809007312,-73.98093044757842,casual
837152,756967F230236D17,docked_bike,2021-04-27 16:10:49,2021-04-27 16:23:07,Central Park W & W 97 St,7538,E 98 St & Park Ave,7443,40.792495,-73.96417,40.78813,-73.95206,member
837154,8BE69E1BAC0944D4,docked_bike,2021-04-03 14:53:09,2021-04-03 15:09:24,Central Park W & W 97 St,7538,Amsterdam Ave & W 73 St,7260,40.792495,-73.96417,40.77966809007312,-73.98093044757842,casual
837155,57242CCA15F65B72,docked_bike,2021-04-10 13:07:24,2021-04-10 13:42:10,Central Park W & W 97 St,7538,Amsterdam Ave & W 73 St,7260,40.792495,-73.96417,40.77966809007312,-73.98093044757842,member
837157,C0E2099160D7A829,docked_bike,2021-04-03 11:09:27,2021-04-03 11:24:18,Central Park W & W 97 St,7538,Amsterdam Ave & W 73 St,7260,40.792495,-73.964171,40.779668,-73.98093,casual
837164,46DA478BA3C35E48,docked_bike,2021-04-28 08:42:57,2021-04-28 08:53:30,Central Park W & W 97 St,7538,1 Ave & E 94 St,7286,40.792495,-73.96417,40.7817212,-73.94594,member
837168,72D8832EDFF51C4F,docked_bike,2021-04-21 19:17:14,2021-04-21 19:26:09,Central Park W & W 97 St,7538,E 98 St & Park Ave,7443,40.792495,-73.96417,40.78813,-73.95206,member
837169,992088DC2C51F79F,docked_bike,2021-04-14 19:29:42,2021-04-14 19:39:38,Central Park W & W 97 St,7538,E 98 St & Park Ave,7443,40.792495,-73.96417,40.78813,-73.95206,member
837171,EFF0354D40373D07,docked_bike,2021-04-10 20:07:07,2021-04-10 20:22:37,Central Park W & W 97 St,7538,1 Ave & E 94 St,7286,40.792495,-73.96417,40.7817212,-73.94594,casual
837172,4F3E6AC485ACDD46,docked_bike,2021-04-18 22:44:04,2021-04-18 22:51:32,Central Park W & W 97 St,7538,E 98 St & Park Ave,7443,40.792495,-73.96417,40.78813,-73.95206,casual
837174,B459031CA194E30F,docked_bike,2021-04-21 14:12:30,2021-04-21 14:19:14,Central Park W & W 97 St,7538,1 Ave & E 94 St,7286,40.792495,-73.96417,40.7817212,-73.94594,member
837175,A13EC4BA20A92750,docked_bike,2021-04-04 06:17:59,2021-04-04 06:24:47,Central Park W & W 97 St,7538,1 Ave & E 94 St,7286,40.792495,-73.96417,40.7817212,-73.94594,member
837197,D472444D140F8BA5,docked_bike,2021-04-19 12:15:12,2021-04-19 12:33:35,Central Park W & W 97 St,7538,Amsterdam Ave & W 73 St,7260,40.792495,-73.96417,40.77966809007312,-73.98093044757842,member
837207,065253BDC1252FD7,docked_bike,2021-04-26 09:43:12,2021-04-26 09:56:13,Central Park W & W 97 St,7538,W 67 St & Broadway,7116,40.792495,-73.96417,40.77492513,-73.98266566,member
837211,8E25342E0805733D,docked_bike,2021-04-10 12:39:00,2021-04-10 13:05:37,Central Park W & W 97 St,7538,1 Ave & E 94 St,7286,40.792495,-73.96417,40.7817212,-73.94594,member
837215,B770351E3CDBCCC2,docked_bike,2021-04-02 19:01:07,2021-04-02 19:12:28,Central Park W & W 97 St,7538,Amsterdam Ave & W 73 St,7260,40.792495,-73.96417,40.77966809007312,-73.98093044757842,member
837220,E82B1EA217BBDC37,docked_bike,2021-04-25 21:29:15,2021-04-25 21:53:24,Central Park W & W 97 St,7538,Morris Ave & E 163 St,8036,40.792495,-73.96417,40.827230499624726,-73.91765579597632,member
837221,EE2EDF64BE2FFA24,docked_bike,2021-04-06 22:56:16,2021-04-06 23:20:08,Central Park W & W 97 St,7538,Morris Ave & E 163 St,8036,40.792495,-73.96417,40.827230499624726,-73.91765579597632,member
837222,1D850BFB5E221455,docked_bike,2021-04-16 23:13:08,2021-04-16 23:36:05,Central Park W & W 97 St,7538,Morris Ave & E 163 St,8036,40.792495,-73.96417,40.827230499624726,-73.91765579597632,member
837223,3ECF615BF4A9813D,docked_bike,2021-04-07 10:35:11,2021-04-07 10:43:55,Central Park W & W 97 St,7538,1 Ave & E 94 St,7286,40.792495,-73.96417,40.7817212,-73.94594,member
837303,C330EDAC5FD4F82B,docked_bike,2021-04-05 18:24:00,2021-04-05 18:36:56,Central Park W & W 97 St,7538,W 67 St & Broadway,7116,40.792495,-73.96417,40.77492513,-73.98266566,member
837306,10413E45F6C0E774,docked_bike,2021-04-13 09:02:42,2021-04-13 09:14:55,Central Park W & W 97 St,7538,Amsterdam Ave & W 73 St,7260,40.792495,-73.96417,40.77966809007312,-73.98093044757842,member
837307,03ED118DD5B54135,docked_bike,2021-04-17 14:33:46,2021-04-17 14:33:41,Central Park W & W 97 St,7538,W 67 St & Broadway,7116,40.792495,-73.96417,40.77492513,-73.98266566,casual
837329,69B2D54F7E08AB84,docked_bike,2021-04-27 08:11:15,2021-04-27 08:22:46,Central Park W & W 97 St,7538,W 67 St & Broadway,7116,40.792495,-73.96417,40.77492513,-73.98266566,member
837334,6E2B73A0F5E50C10,docked_bike,2021-04-24 14:20:20,2021-04-24 14:33:27,Central Park W & W 97 St,7538,Amsterdam Ave & W 73 St,7260,40.792495,-73.96417,40.77966809007312,-73.98093044757842,member
837335,48ED2D9CE979693C,docked_bike,2021-04-15 12:02:46,2021-04-15 12:13:39,Central Park W & W 97 St,7538,Amsterdam Ave & W 73 St,7260,40.792495,-73.96417,40.77966809007312,-73.98093044757842,member
837336,B5D3C51A396CE564,docked_bike,2021-04-23 11:14:16,2021-04-23 11:25:15,Central Park W & W 97 St,7538,Amsterdam Ave & W 73 St,7260,40.792495,-73.96417,40.77966809007312,-73.98093044757842,member
837338,134C42CF13CECD6B,docked_bike,2021-04-27 14:04:02,2021-04-27 14:19:11,Central Park W & W 97 St,7538,W 67 St & Broadway,7116,40.792495,-73.96417,40.77492513,-73.98266566,member
837339,742AE771F1143B9B,docked_bike,2021-04-01 17:20:40,2021-04-01 17:41:39,Central Park W & W 97 St,7538,1 Ave & E 94 St,7286,40.792495,-73.96417,40.7817212,-73.94594,member
837340,D6129C9F513AEF5C,docked_bike,2021-04-07 15:50:51,2021-04-07 16:06:33,Central Park W & W 97 St,7538,1 Ave & E 94 St,7286,40.792495,-73.96417,40.7817212,-73.94594,casual
837355,34DF52FDC0EE6868,docked_bike,2021-04-18 12:59:50,2021-04-18 13:38:55,Central Park W & W 97 St,7538,Lexington Ave & E 120 St,7652,40.792495,-73.96417,40.8013066,-73.9398167,member
837358,63C4F38A55138D37,docked_bike,2021-04-25 17:09:42,2021-04-25 17:36:00,Central Park W & W 97 St,7538,W 67 St & Broadway,7116,40.792495,-73.96417,40.77492513,-73.98266566,member
837359,ACF41B435725ACAF,docked_bike,2021-04-28 19:36:06,2021-04-28 19:47:41,Central Park W & W 97 St,7538,W 67 St & Broadway,7116,40.792495,-73.96417,40.77492513,-73.98266566,member
837363,D8CE4209A2DB5E41,docked_bike,2021-04-10 15:46:35,2021-04-10 15:56:08,Central Park W & W 97 St,7538,Amsterdam Ave & W 73 St,7260,40.792495,-73.96417,40.77966809007312,-73.98093044757842,member
837364,9FDC1EE1F9F50673,docked_bike,2021-04-07 09:08:45,2021-04-07 09:28:11,Central Park W & W 97 St,7538,Amsterdam Ave & W 66 St,7149,40.792495,-73.96417,40.7746671,-73.98470567,member
837365,61637E7E045C6603,docked_bike,2021-04-21 18:36:23,2021-04-21 18:50:36,Central Park W & W 97 St,7538,Lexington Ave & E 120 St,7652,40.792495,-73.96417,40.8013066,-73.9398167,member
837368,C24C6C0675B682E6,docked_bike,2021-04-10 08:21:28,2021-04-10 08:33:44,Central Park W & W 97 St,7538,Amsterdam Ave & W 66 St,7149,40.792495,-73.96417,40.7746671,-73.98470567,member
837369,AEA6F91262A14AE8,docked_bike,2021-04-24 10:04:18,2021-04-24 10:15:48,Central Park W & W 97 St,7538,W 67 St & Broadway,7116,40.792495,-73.96417,40.77492513,-73.98266566,casual
837374,5EB1603CB3A27AEE,docked_bike,2021-04-19 07:51:37,2021-04-19 08:06:50,Central Park W & W 97 St,7538,Amsterdam Ave & W 66 St,7149,40.792495,-73.96417,40.7746671,-73.98470567,member
837375,D18499AA65C9D8E9,docked_bike,2021-04-25 11:10:48,2021-04-25 11:31:38,Central Park W & W 97 St,7538,Amsterdam Ave & W 73 St,7260,40.792495,-73.964171,40.779668,-73.98093,casual
837381,F0B6F846985098A8,docked_bike,2021-04-20 09:06:42,2021-04-20 09:21:19,Central Park W & W 97 St,7538,Amsterdam Ave & W 73 St,7260,40.792495,-73.96417,40.77966809007312,-73.98093044757842,member
837382,2690C948F4090D2E,docked_bike,2021-04-14 09:03:54,2021-04-14 09:16:38,Central Park W & W 97 St,7538,Amsterdam Ave & W 73 St,7260,40.792495,-73.96417,40.77966809007312,-73.98093044757842,member
837385,8390288B86491DF8,docked_bike,2021-04-20 22:09:56,2021-04-20 22:32:40,Central Park W & W 97 St,7538,E 98 St & Park Ave,7443,40.792495,-73.96417,40.78813,-73.95206,casual
837386,D881F41AE3E60D8F,docked_bike,2021-04-28 12:27:36,2021-04-28 12:46:40,Central Park W & W 97 St,7538,W 67 St & Broadway,7116,40.792495,-73.96417,40.77492513,-73.98266566,member
837387,492821250C5B64A9,docked_bike,2021-04-16 12:32:09,2021-04-16 12:40:35,Central Park W & W 97 St,7538,Amsterdam Ave & W 73 St,7260,40.792495,-73.96417,40.77966809007312,-73.98093044757842,casual
837388,EA511CFC79AF2564,docked_bike,2021-04-24 21:01:15,2021-04-24 21:18:09,Central Park W & W 97 St,7538,Amsterdam Ave & W 73 St,7260,40.792495,-73.96417,40.77966809007312,-73.98093044757842,casual
837389,B1BD7D2E46BE7852,docked_bike,2021-04-08 09:05:41,2021-04-08 09:17:25,Central Park W & W 97 St,7538,Amsterdam Ave & W 73 St,7260,40.792495,-73.96417,40.77966809007312,-73.98093044757842,member
837390,C17F0C6CD53767A5,docked_bike,2021-04-23 17:32:01,2021-04-24 10:24:07,Central Park W & W 97 St,7538,Amsterdam Ave & W 73 St,7260,40.792495,-73.964171,40.779668,-73.98093,member
837393,5D568365ED69714D,docked_bike,2021-04-30 06:36:08,2021-04-30 06:43:06,Central Park W & W 97 St,7538,1 Ave & E 94 St,7286,40.792495,-73.96417,40.7817212,-73.94594,member
837394,898B27C31A818A2E,docked_bike,2021-04-03 14:53:06,2021-04-03 15:09:10,Central Park W & W 97 St,7538,Amsterdam Ave & W 73 St,7260,40.792495,-73.96417,40.77966809007312,-73.98093044757842,member
837397,C30541C918B95999,docked_bike,2021-04-14 18:15:40,2021-04-14 18:35:58,Central Park W & W 97 St,7538,Amsterdam Ave & W 73 St,7260,40.792495,-73.96417,40.77966809007312,-73.98093044757842,member
837398,9785404ABB60E869,docked_bike,2021-04-01 14:25:41,2021-04-01 14:34:33,Central Park W & W 97 St,7538,Amsterdam Ave & W 73 St,7260,40.792495,-73.96417,40.77966809007312,-73.98093044757842,member
837401,9FC66453051503ED,docked_bike,2021-04-16 17:30:21,2021-04-16 17:40:03,Central Park W & W 97 St,7538,W 67 St & Broadway,7116,40.792495,-73.96417,40.77492513,-73.98266566,member
837405,E49D21FE780C9F5E,docked_bike,2021-04-13 08:51:52,2021-04-13 08:58:51,Central Park W & W 97 St,7538,E 98 St & Park Ave,7443,40.792495,-73.96417,40.78813,-73.95206,member
837555,B1BBA182DB2774A7,docked_bike,2021-04-27 09:15:38,2021-04-27 09:28:14,Central Park W & W 97 St,7538,Amsterdam Ave & W 73 St,7260,40.792495,-73.96417,40.77966809007312,-73.98093044757842,member
837556,F447D187ED7B6B0C,docked_bike,2021-04-09 09:13:00,2021-04-09 09:30:11,Central Park W & W 97 St,7538,Amsterdam Ave & W 73 St,7260,40.792495,-73.96417,40.77966809007312,-73.98093044757842,member
837559,A0B2AC2C0E163B95,docked_bike,2021-04-24 16:26:38,2021-04-24 16:48:20,Central Park W & W 97 St,7538,Amsterdam Ave & W 73 St,7260,40.792495,-73.96417,40.77966809007312,-73.98093044757842,casual
837560,F96736601ACB378B,docked_bike,2021-04-08 16:19:00,2021-04-08 16:28:47,Central Park W & W 97 St,7538,Amsterdam Ave & W 73 St,7260,40.792495,-73.96417,40.77966809007312,-73.98093044757842,member
837561,BA52F9DD463AA6D6,docked_bike,2021-04-25 13:49:11,2021-04-25 14:01:12,Central Park W & W 97 St,7538,W 67 St & Broadway,7116,40.792495,-73.96417,40.77492513,-73.98266566,casual
837564,BD5CA203CB53AC5F,docked_bike,2021-04-28 10:59:56,2021-04-28 11:10:38,Central Park W & W 97 St,7538,Amsterdam Ave & W 73 St,7260,40.792495,-73.96417,40.77966809007312,-73.98093044757842,member
837566,C838706E2DA08B0E,docked_bike,2021-04-14 09:07:49,2021-04-14 09:24:30,Central Park W & W 97 St,7538,Amsterdam Ave & W 66 St,7149,40.792495,-73.96417,40.7746671,-73.98470567,member
837567,0AD5E26DEBE47781,docked_bike,2021-04-18 22:36:41,2021-04-18 23:00:35,Central Park W & W 97 St,7538,Morris Ave & E 163 St,8036,40.792495,-73.96417,40.827230499624726,-73.91765579597632,member
837588,5D51E916BD3C172E,docked_bike,2021-04-06 13:08:58,2021-04-06 13:25:10,Central Park W & W 97 St,7538,W 67 St & Broadway,7116,40.792495,-73.96417,40.77492513,-73.98266566,member
837590,3CE2E76DF6FCBA9B,docked_bike,2021-04-14 22:08:46,2021-04-14 22:08:44,Central Park W & W 97 St,7538,E 98 St & Park Ave,7443,40.792495,-73.96417,40.78813,-73.95206,casual
837592,6E97BC0550D8298E,docked_bike,2021-04-17 17:10:40,2021-04-17 17:10:35,Central Park W & W 97 St,7538,Amsterdam Ave & W 73 St,7260,40.792495,-73.96417,40.77966809007312,-73.98093044757842,member
837595,3848108EE66D82AB,docked_bike,2021-04-24 13:24:04,2021-04-24 13:41:25,Central Park W & W 97 St,7538,Amsterdam Ave & W 73 St,7260,40.792495,-73.96417,40.77966809007312,-73.98093044757842,member
837598,5DFB1F5D7C75E870,docked_bike,2021-04-10 16:11:45,2021-04-10 16:49:38,Central Park W & W 97 St,7538,Amsterdam Ave & W 73 St,7260,40.792495,-73.96417,40.77966809007312,-73.98093044757842,casual
837601,F7B32CB75E8CAE79,docked_bike,2021-04-13 15:01:36,2021-04-13 15:18:24,Central Park W & W 97 St,7538,W 67 St & Broadway,7116,40.792495,-73.96417,40.77492513,-73.98266566,member
837602,2218626B9FAFE001,docked_bike,2021-04-27 12:58:52,2021-04-27 13:13:09,Central Park W & W 97 St,7538,Amsterdam Ave & W 66 St,7149,40.792495,-73.96417,40.7746671,-73.98470567,member
837603,4F58C1A921AFBB98,docked_bike,2021-04-13 12:59:48,2021-04-13 13:13:18,Central Park W & W 97 St,7538,Amsterdam Ave & W 66 St,7149,40.792495,-73.96417,40.7746671,-73.98470567,member
837604,4640823AA68C9227,docked_bike,2021-04-09 23:00:42,2021-04-09 23:24:37,Central Park W & W 97 St,7538,Morris Ave & E 163 St,8036,40.792495,-73.96417,40.827230499624726,-73.91765579597632,member
837605,47D3CF50BA546799,docked_bike,2021-04-27 23:10:40,2021-04-27 23:31:50,Central Park W & W 97 St,7538,Morris Ave & E 163 St,8036,40.792495,-73.96417,40.827230499624726,-73.91765579597632,member
837608,C66B0153E8952456,docked_bike,2021-04-22 22:07:23,2021-04-22 22:15:05,Central Park W & W 97 St,7538,1 Ave & E 94 St,7286,40.792495,-73.96417,40.7817212,-73.94594,member
837609,5DD2D391701C6419,docked_bike,2021-04-03 11:10:59,2021-04-03 11:24:19,Central Park W & W 97 St,7538,Amsterdam Ave & W 73 St,7260,40.792495,-73.964171,40.779668,-73.98093,casual
837614,DAE107629938172E,docked_bike,2021-04-03 15:34:09,2021-04-03 15:49:05,Central Park W & W 97 St,7538,Amsterdam Ave & W 73 St,7260,40.792495,-73.96417,40.77966809007312,-73.98093044757842,member
837615,03B1DA4C74FF6C9F,docked_bike,2021-04-30 11:36:32,2021-04-30 11:48:12,Central Park W & W 97 St,7538,W 67 St & Broadway,7116,40.792495,-73.96417,40.77492513,-73.98266566,member
837616,93DEE7D99E2DCFB8,docked_bike,2021-04-25 17:35:54,2021-04-25 17:51:29,Central Park W & W 97 St,7538,Amsterdam Ave & W 73 St,7260,40.792495,-73.96417,40.77966809007312,-73.98093044757842,member
837642,6CDEB9A3612A24FA,docked_bike,2021-04-10 17:20:36,2021-04-10 17:37:29,Central Park W & W 97 St,7538,E 98 St & Park Ave,7443,40.792495,-73.96417,40.78813,-73.95206,member
837643,522A7972DAEB4BDF,docked_bike,2021-04-25 17:17:40,2021-04-25 17:36:01,Central Park W & W 97 St,7538,W 67 St & Broadway,7116,40.792495,-73.96417,40.77492513,-73.98266566,member
837644,E1B597C043C87E16,docked_bike,2021-04-16 07:52:11,2021-04-16 08:07:16,Central Park W & W 97 St,7538,Amsterdam Ave & W 66 St,7149,40.792495,-73.96417,40.7746671,-73.98470567,member
837650,41D8B410CFD65766,docked_bike,2021-04-03 11:07:14,2021-04-03 11:24:34,Central Park W & W 97 St,7538,Amsterdam Ave & W 73 St,7260,40.792495,-73.96417,40.77966809007312,-73.98093044757842,member
837721,3AD93DD9C7F4A69F,docked_bike,2021-04-05 16:40:01,2021-04-05 16:50:16,Central Park W & W 97 St,7538,Amsterdam Ave & W 73 St,7260,40.792495,-73.96417,40.77966809007312,-73.98093044757842,member
837724,86E1AB193CF8C0F6,docked_bike,2021-04-09 11:11:40,2021-04-09 11:18:29,Central Park W & W 97 St,7538,E 98 St & Park Ave,7443,40.792495,-73.96417,40.78813,-73.95206,member
837725,8E358858AD771D37,docked_bike,2021-04-24 19:44:01,2021-04-24 19:49:34,Central Park W & W 97 St,7538,E 98 St & Park Ave,7443,40.792495,-73.96417,40.78813,-73.95206,member
837727,9491DA6B8CC4A402,docked_bike,2021-04-10 22:44:57,2021-04-10 23:14:19,Central Park W & W 97 St,7538,Morris Ave & E 163 St,8036,40.792495,-73.96417,40.827230499624726,-73.91765579597632,member
837728,5C3A1D26C7006E53,docked_bike,2021-04-02 23:14:02,2021-04-02 23:36:48,Central Park W & W 97 St,7538,Morris Ave & E 163 St,8036,40.792495,-73.96417,40.827230499624726,-73.91765579597632,member
837731,7188546496F8A4C8,docked_bike,2021-04-27 07:49:51,2021-04-27 08:02:25,Central Park W & W 97 St,7538,Amsterdam Ave & W 66 St,7149,40.792495,-73.96417,40.7746671,-73.98470567,member
837734,5BB53180DA91D721,docked_bike,2021-04-21 17:58:50,2021-04-21 18:08:46,Central Park W & W 97 St,7538,Amsterdam Ave & W 73 St,7260,40.792495,-73.96417,40.77966809007312,-73.98093044757842,member
837738,C48BACCF6900CCA1,docked_bike,2021-04-08 12:14:24,2021-04-08 12:25:15,Central Park W & W 97 St,7538,Amsterdam Ave & W 73 St,7260,40.792495,-73.96417,40.77966809007312,-73.98093044757842,member
837740,3AC9242ACE8EC545,docked_bike,2021-04-02 10:59:24,2021-04-02 11:14:37,Central Park W & W 97 St,7538,Amsterdam Ave & W 73 St,7260,40.792495,-73.96417,40.77966809007312,-73.98093044757842,member
837747,013A8A509CD14E8B,docked_bike,2021-04-24 16:27:00,2021-04-24 16:48:19,Central Park W & W 97 St,7538,Amsterdam Ave & W 73 St,7260,40.792495,-73.96417,40.77966809007312,-73.98093044757842,casual
837749,0557B1387A9CDEF3,docked_bike,2021-04-18 15:44:02,2021-04-18 15:55:01,Central Park W & W 97 St,7538,W 67 St & Broadway,7116,40.792495,-73.96417,40.77492513,-73.98266566,member
837750,3B777116677D7EB1,docked_bike,2021-04-11 11:20:16,2021-04-11 11:26:33,Central Park W & W 97 St,7538,1 Ave & E 94 St,7286,40.792495,-73.96417,40.7817212,-73.94594,member
837867,A95D042056CB026B,docked_bike,2021-04-11 11:25:44,2021-04-11 11:43:12,W 100 St & Manhattan Ave,7538,W 67 St & Broadway,7116,40.795,-73.9645,40.774925,-73.982666,member
837873,387FAA744D70F54E,docked_bike,2021-04-24 12:22:31,2021-04-24 12:34:07,W 100 St & Manhattan Ave,7538,Amsterdam Ave & W 66 St,7149,40.795,-73.9645,40.7746671,-73.98470567,member
837882,F54C07460CF7E08C,docked_bike,2021-04-26 13:29:30,2021-04-26 13:41:32,W 100 St & Manhattan Ave,7538,Amsterdam Ave & W 73 St,7260,40.795,-73.9645,40.77966809007312,-73.98093044757842,member
837884,E7D3BA7A0D8D06E0,docked_bike,2021-04-24 09:45:34,2021-04-24 10:03:08,W 100 St & Manhattan Ave,7538,Amsterdam Ave & W 73 St,7260,40.795,-73.9645,40.77966809007312,-73.98093044757842,casual
837901,90EEE28347A69D2B,docked_bike,2021-04-04 21:52:01,2021-04-04 21:57:35,W 100 St & Manhattan Ave,7538,E 98 St & Park Ave,7443,40.795,-73.9645,40.78813,-73.95206,member
837904,EE88E9A51594B0A6,docked_bike,2021-04-04 10:05:53,2021-04-04 10:27:14,W 100 St & Manhattan Ave,7538,W 67 St & Broadway,7116,40.795,-73.9645,40.77492513,-73.98266566,member
837912,5CB4D88C74C8E36E,docked_bike,2021-04-26 11:28:42,2021-04-26 11:44:58,W 100 St & Manhattan Ave,7538,W 67 St & Broadway,7116,40.795,-73.9645,40.77492513,-73.98266566,member
837916,E2F64B675D15A8BF,docked_bike,2021-04-05 09:24:00,2021-04-05 09:31:48,W 100 St & Manhattan Ave,7538,E 98 St & Park Ave,7443,40.795,-73.9645,40.78813,-73.95206,member
837921,B71F5343EAC4A3F3,docked_bike,2021-04-26 18:44:56,2021-04-26 19:02:52,W 100 St & Manhattan Ave,7538,W 67 St & Broadway,7116,40.795,-73.9645,40.77492513,-73.98266566,member
837933,B964EFCADAC34166,docked_bike,2021-04-24 20:56:53,2021-04-24 21:18:22,W 100 St & Manhattan Ave,7538,Amsterdam Ave & W 73 St,7260,40.795,-73.9645,40.77966809007312,-73.98093044757842,casual
837942,D22B2D10BED86B29,docked_bike,2021-04-18 13:15:53,2021-04-18 13:28:53,W 100 St & Manhattan Ave,7538,Amsterdam Ave & W 73 St,7260,40.795,-73.9645,40.77966809007312,-73.98093044757842,member
837943,8BD6316B8EAF9711,docked_bike,2021-04-09 12:30:35,2021-04-09 12:44:41,W 100 St & Manhattan Ave,7538,W 67 St & Broadway,7116,40.795,-73.9645,40.77492513,-73.98266566,member
837946,1ECE36E040B8F674,docked_bike,2021-04-24 16:01:49,2021-04-24 16:23:23,W 100 St & Manhattan Ave,7538,Amsterdam Ave & W 73 St,7260,40.795,-73.9645,40.77966809007312,-73.98093044757842,member
837951,194C83B6F58C4A13,docked_bike,2021-04-13 12:14:16,2021-04-13 12:25:08,W 100 St & Manhattan Ave,7538,W 67 St & Broadway,7116,40.795,-73.9645,40.77492513,-73.98266566,member
837958,EBCB94D2E0356CE1,docked_bike,2021-04-11 12:12:05,2021-04-11 12:30:59,W 100 St & Manhattan Ave,7538,W 67 St & Broadway,7116,40.795,-73.9645,40.77492513,-73.98266566,member
837963,6973C9021BF260BF,docked_bike,2021-04-24 09:45:32,2021-04-24 10:03:05,W 100 St & Manhattan Ave,7538,Amsterdam Ave & W 73 St,7260,40.795,-73.9645,40.77966809007312,-73.98093044757842,casual
837986,AB17B43C3B95BAB2,docked_bike,2021-04-16 15:52:07,2021-04-16 16:03:24,W 100 St & Manhattan Ave,7538,W 67 St & Broadway,7116,40.795,-73.9645,40.77492513,-73.98266566,member
837999,85E5F5D1341C1C77,docked_bike,2021-04-05 08:33:43,2021-04-05 08:47:06,W 100 St & Manhattan Ave,7538,E 98 St & Park Ave,7443,40.795,-73.9645,40.78813,-73.95206,member
838000,45548E0E7AC41487,docked_bike,2021-04-22 20:21:18,2021-04-22 20:31:20,W 100 St & Manhattan Ave,7538,W 67 St & Broadway,7116,40.795,-73.9645,40.77492513,-73.98266566,member
838006,C54140FB4B67C9AC,docked_bike,2021-04-05 08:18:15,2021-04-05 08:30:07,W 100 St & Manhattan Ave,7538,Amsterdam Ave & W 66 St,7149,40.795,-73.9645,40.7746671,-73.98470567,member
838036,C4C035B03FDB55A4,docked_bike,2021-04-09 13:46:10,2021-04-09 14:04:09,W 100 St & Manhattan Ave,7538,W 67 St & Broadway,7116,40.795,-73.9645,40.77492513,-73.98266566,casual
838043,8495CE2F45FA4F97,docked_bike,2021-04-14 08:35:39,2021-04-14 08:46:52,W 100 St & Manhattan Ave,7538,E 98 St & Park Ave,7443,40.795,-73.9645,40.78813,-73.95206,member
838049,781C65335B8707BE,docked_bike,2021-04-04 10:06:18,2021-04-04 10:27:05,W 100 St & Manhattan Ave,7538,W 67 St & Broadway,7116,40.795,-73.9645,40.77492513,-73.98266566,member
838073,5824166A81A165A4,docked_bike,2021-04-28 10:20:10,2021-04-28 10:58:02,W 100 St & Manhattan Ave,7538,W 67 St & Broadway,7116,40.795,-73.9645,40.77492513,-73.98266566,member
838082,2F3F869B59169C4F,docked_bike,2021-04-16 15:55:17,2021-04-16 16:06:31,W 100 St & Manhattan Ave,7538,Amsterdam Ave & W 73 St,7260,40.795,-73.9645,40.77966809007312,-73.98093044757842,member
838087,CCD4910BFEF8DDAB,docked_bike,2021-04-06 13:50:32,2021-04-06 14:08:31,W 100 St & Manhattan Ave,7538,W 67 St & Broadway,7116,40.795,-73.9645,40.77492513,-73.98266566,casual
838090,3D52EBCAE06D10B5,docked_bike,2021-04-24 11:51:13,2021-04-24 12:01:41,W 100 St & Manhattan Ave,7538,W 67 St & Broadway,7116,40.795,-73.9645,40.77492513,-73.98266566,member
838146,222B46CADE84868F,docked_bike,2021-04-05 13:07:45,2021-04-05 13:22:11,W 100 St & Manhattan Ave,7538,Amsterdam Ave & W 73 St,7260,40.795,-73.9645,40.779668,-73.98093,casual
838229,615FF73D1269F746,docked_bike,2021-04-30 09:20:13,2021-04-30 09:34:27,W 100 St & Manhattan Ave,7538,Amsterdam Ave & W 73 St,7260,40.795,-73.9645,40.77966809007312,-73.98093044757842,member
838380,409C1BB59AC57421,docked_bike,2021-04-24 16:17:29,2021-04-24 16:28:23,W 100 St & Manhattan Ave,7538,Amsterdam Ave & W 73 St,7260,40.795,-73.9645,40.77966809007312,-73.98093044757842,member
838392,C7E997A7A96143AA,docked_bike,2021-04-10 11:07:19,2021-04-10 11:28:26,W 100 St & Manhattan Ave,7538,W 67 St & Broadway,7116,40.795,-73.9645,40.77492513,-73.98266566,member
838402,4B26ECE6DE8057FF,docked_bike,2021-04-18 00:21:09,2021-04-18 00:35:19,W 100 St & Manhattan Ave,7538,Amsterdam Ave & W 73 St,7260,40.795,-73.9645,40.77966809007312,-73.98093044757842,member
849036,247F4C90EAC607B6,docked_bike,2021-04-07 18:51:48,2021-04-07 19:10:25,W 100 St & Manhattan Ave,7538,9 Ave & W 45 St,6717,40.795,-73.9645,40.76019252,-73.9912551,member
850364,50DE0E53DBAF0D2A,docked_bike,2021-04-04 14:57:08,2021-04-04 15:26:55,Central Park W & W 97 St,7538,9 Ave & W 45 St,6717,40.792495,-73.964171,40.760193,-73.991255,casual
850394,FCA32F7D08724323,docked_bike,2021-04-08 21:32:33,2021-04-18 13:44:08,Central Park W & W 97 St,7538,Pier 40 Dock Station,SYS035,40.792495,-73.964171,40.72866,-74.01198,member
850402,2533B40C9342B60B,docked_bike,2021-04-22 19:03:49,2021-04-22 19:38:24,Central Park W & W 97 St,7538,9 Ave & W 45 St,6717,40.792495,-73.96417,40.76019252,-73.9912551,casual
850412,96E886A64633DAE4,docked_bike,2021-04-26 20:11:48,2021-04-26 20:36:09,Central Park W & W 97 St,7538,9 Ave & W 45 St,6717,40.792495,-73.96417,40.76019252,-73.9912551,member
851210,92A51B27D25B1C2D,docked_bike,2021-04-25 12:53:13,2021-04-25 13:08:55,Central Park W & W 97 St,7538,9 Ave & W 45 St,6717,40.792495,-73.96417,40.76019252,-73.9912551,member
851253,7AACA5E3B8662C50,docked_bike,2021-04-30 18:21:41,2021-04-30 18:36:09,Central Park W & W 97 St,7538,9 Ave & W 45 St,6717,40.792495,-73.96417,40.76019252,-73.9912551,member
851255,67C3AC4F7511543B,docked_bike,2021-04-26 20:11:29,2021-04-26 20:33:04,Central Park W & W 97 St,7538,9 Ave & W 45 St,6717,40.792495,-73.96417,40.76019252,-73.9912551,casual
854652,A155ABA8395168AA,docked_bike,2021-04-06 18:54:25,2021-04-06 19:15:20,W 100 St & Manhattan Ave,7538,9 Ave & W 45 St,6717,40.795,-73.9645,40.76019252,-73.9912551,member
854661,DBBFCD5731140607,docked_bike,2021-04-16 17:26:59,2021-04-16 18:01:07,W 100 St & Manhattan Ave,7538,Allen St & Rivington St,5414,40.795,-73.9645,40.72019576,-73.98997825,casual
855774,345443B798E61CA2,docked_bike,2021-04-19 08:36:50,2021-04-19 08:55:11,W 100 St & Manhattan Ave,7538,9 Ave & W 45 St,6717,40.795,-73.9645,40.76019252,-73.9912551,member
861249,7CDB488B0CF09E8B,docked_bike,2021-04-05 12:00:16,2021-04-05 12:17:32,Central Park W & W 97 St,7538,Edgecombe Ave & W 167 St,8187,40.792495,-73.96417,40.838191,-73.936085,member
861402,113700C1146075C5,docked_bike,2021-04-07 17:50:01,2021-04-07 18:09:56,Central Park W & W 97 St,7538,9 Ave & W 45 St,6717,40.792495,-73.96417,40.76019252,-73.9912551,member
861403,371B57D3636E6DAC,docked_bike,2021-04-14 17:26:46,2021-04-14 17:47:09,Central Park W & W 97 St,7538,9 Ave & W 45 St,6717,40.792495,-73.96417,40.76019252,-73.9912551,member
861647,A9C66C07E580ABC5,docked_bike,2021-04-10 12:17:38,2021-04-10 12:38:39,Central Park W & W 97 St,7538,9 Ave & W 45 St,6717,40.792495,-73.96417,40.76019252,-73.9912551,member
861668,43FE6C7B68EC4C6E,docked_bike,2021-04-14 13:20:13,2021-04-14 13:41:27,Central Park W & W 97 St,7538,9 Ave & W 45 St,6717,40.792495,-73.96417,40.76019252,-73.9912551,member
861682,658AC627FAFBF3DB,docked_bike,2021-04-22 19:03:49,2021-04-22 19:38:25,Central Park W & W 97 St,7538,9 Ave & W 45 St,6717,40.792495,-73.96417,40.76019252,-73.9912551,casual
863432,2234F6E0E8F9AEE3,docked_bike,2021-04-04 16:00:39,2021-04-04 16:16:57,Central Park W & W 97 St,7538,9 Ave & W 45 St,6717,40.792495,-73.96417,40.76019252,-73.9912551,member
863453,27BDDF9A58BD267C,docked_bike,2021-04-17 15:28:52,2021-04-17 16:08:54,Central Park W & W 97 St,7538,Watts St & Greenwich St,5578,40.792495,-73.96417,40.72405549,-74.00965965,member
872016,C58F568E1E7F04E7,docked_bike,2021-04-20 08:58:57,2021-04-20 09:16:01,Central Park W & W 97 St,7538,Broadway & W 60 St,6948,40.792495,-73.96417,40.76915505,-73.98191841,member
872019,456613E41CBD0D70,docked_bike,2021-04-26 16:21:37,2021-04-26 16:36:35,Central Park W & W 97 St,7538,Broadway & W 60 St,6948,40.792495,-73.96417,40.76915505,-73.98191841,member
872022,2B14FE6B66B628D1,docked_bike,2021-04-24 02:07:37,2021-04-24 02:21:51,Central Park W & W 97 St,7538,E 55 St & 2 Ave,6650,40.792495,-73.96417,40.75797322,-73.96603308,member
872028,66FB59EE8CBFB45C,docked_bike,2021-04-20 14:39:14,2021-04-20 14:56:44,Central Park W & W 97 St,7538,Broadway & W 60 St,6948,40.792495,-73.96417,40.76915505,-73.98191841,member
872035,B093A7F677D14665,docked_bike,2021-04-23 07:07:33,2021-04-23 07:17:04,Central Park W & W 97 St,7538,Broadway & W 60 St,6948,40.792495,-73.96417,40.76915505,-73.98191841,member
872037,CB5D0C67FFAB4B50,docked_bike,2021-04-15 10:29:27,2021-04-15 10:29:25,Central Park W & W 97 St,7538,Broadway & W 60 St,6948,40.792495,-73.96417,40.76915505,-73.98191841,casual
872042,174A56E7895E0703,docked_bike,2021-04-05 18:00:18,2021-04-05 18:14:26,Central Park W & W 97 St,7538,Broadway & W 60 St,6948,40.792495,-73.96417,40.76915505,-73.98191841,member
872043,C0F43A7FFDA3DFB3,docked_bike,2021-04-10 18:06:34,2021-04-10 18:34:51,Central Park W & W 97 St,7538,Broadway & W 60 St,6948,40.792495,-73.96417,40.76915505,-73.98191841,member
872044,4F5E581893E4C821,docked_bike,2021-04-22 08:52:31,2021-04-22 09:12:00,Central Park W & W 97 St,7538,E 123 St & Lexington Ave,7636,40.792495,-73.96417,40.8029263,-73.9379,member
872048,AC1E402F960E49DC,docked_bike,2021-04-04 18:09:27,2021-04-04 18:25:49,Central Park W & W 97 St,7538,Broadway & W 60 St,6948,40.792495,-73.96417,40.76915505,-73.98191841,casual
872050,A9AEDAA640A936E1,docked_bike,2021-04-24 13:04:19,2021-04-24 14:23:02,Central Park W & W 97 St,7538,Broadway & W 60 St,6948,40.792495,-73.96417,40.76915505,-73.98191841,casual
872069,3EC90F7C62CE293F,docked_bike,2021-04-18 10:41:37,2021-04-18 10:56:24,Central Park W & W 97 St,7538,Broadway & W 60 St,6948,40.792495,-73.96417,40.76915505,-73.98191841,member
872084,E55E1DD996362FD0,docked_bike,2021-04-02 15:32:47,2021-04-02 15:48:17,Central Park W & W 97 St,7538,Broadway & W 60 St,6948,40.792495,-73.96417,40.76915505,-73.98191841,member
872085,65A869596E91311F,docked_bike,2021-04-23 16:32:09,2021-04-23 16:43:44,Central Park W & W 97 St,7538,Broadway & W 60 St,6948,40.792495,-73.96417,40.76915505,-73.98191841,member
872088,89CB20EEE34673A8,docked_bike,2021-04-30 12:13:00,2021-04-30 12:43:46,Central Park W & W 97 St,7538,Broadway & W 25 St,6173,40.792495,-73.96417,40.74286877312112,-73.98918628692627,member
872093,BB9A8B106EF4E9FA,docked_bike,2021-04-06 12:14:08,2021-04-06 12:30:55,Central Park W & W 97 St,7538,Broadway & W 60 St,6948,40.792495,-73.96417,40.76915505,-73.98191841,casual
872095,C92BFDF41BD1A834,docked_bike,2021-04-24 08:02:19,2021-04-24 08:20:35,Central Park W & W 97 St,7538,Broadway & W 60 St,6948,40.792495,-73.96417,40.76915505,-73.98191841,member
872096,7921EC17CB8E7B87,docked_bike,2021-04-13 07:02:00,2021-04-13 07:20:34,Central Park W & W 97 St,7538,Broadway & W 60 St,6948,40.792495,-73.96417,40.76915505,-73.98191841,member
872100,80BFE53E5076EE38,docked_bike,2021-04-20 10:50:13,2021-04-20 11:22:11,Central Park W & W 97 St,7538,W 24 St & 7 Ave,6257,40.792495,-73.96417,40.74487634,-73.99529885,casual
872103,866FB07BC5B2E397,docked_bike,2021-04-25 17:05:08,2021-04-25 17:18:21,Central Park W & W 97 St,7538,Broadway & W 60 St,6948,40.792495,-73.96417,40.76915505,-73.98191841,casual
872112,6166A016BD9DCD37,docked_bike,2021-04-30 08:30:44,2021-04-30 08:44:24,Central Park W & W 97 St,7538,Broadway & W 60 St,6948,40.792495,-73.96417,40.76915505,-73.98191841,member
872113,DCBB092537AA3B8C,docked_bike,2021-04-20 08:35:49,2021-04-20 08:53:37,Central Park W & W 97 St,7538,Broadway & W 60 St,6948,40.792495,-73.96417,40.76915505,-73.98191841,member
872117,6A7059E7100268AF,docked_bike,2021-04-08 18:41:53,2021-04-08 19:26:09,Central Park W & W 97 St,7538,Broadway & W 60 St,6948,40.792495,-73.96417,40.76915505,-73.98191841,casual
872119,7CA696F4A0E165CF,docked_bike,2021-04-19 20:49:08,2021-04-19 21:26:59,Central Park W & W 97 St,7538,Broadway & W 60 St,6948,40.792495,-73.96417,40.76915505,-73.98191841,member
872138,CDBC29A1FCDD690F,docked_bike,2021-04-13 13:24:34,2021-04-13 13:51:51,Central Park W & W 97 St,7538,Broadway & W 60 St,6948,40.792495,-73.96417,40.76915505,-73.98191841,member
872144,B8C9917BE24A22C3,docked_bike,2021-04-10 17:39:28,2021-04-10 17:51:41,Central Park W & W 97 St,7538,Broadway & W 60 St,6948,40.792495,-73.96417,40.76915505,-73.98191841,member
872149,3F13124A480F2DC1,docked_bike,2021-04-12 15:02:25,2021-04-12 15:27:14,Central Park W & W 97 St,7538,Broadway & W 25 St,6173,40.792495,-73.96417,40.74286877312112,-73.98918628692627,member
872150,87BD2F2F2CEF0F34,docked_bike,2021-04-10 15:57:34,2021-04-10 16:24:06,Central Park W & W 97 St,7538,Broadway & W 60 St,6948,40.792495,-73.96417,40.76915505,-73.98191841,member
872192,1F919384A71F0A8B,docked_bike,2021-04-25 17:08:43,2021-04-25 17:23:37,Central Park W & W 97 St,7538,Broadway & W 60 St,6948,40.792495,-73.96417,40.76915505,-73.98191841,casual
872199,7233D3556670FCF4,docked_bike,2021-04-06 07:16:37,2021-04-06 07:47:26,Central Park W & W 97 St,7538,Broadway & W 25 St,6173,40.792495,-73.96417,40.74286877312112,-73.98918628692627,member
872206,CD29E17AAC66B3BE,docked_bike,2021-04-14 21:45:27,2021-04-14 22:19:06,Central Park W & W 97 St,7538,W 24 St & 7 Ave,6257,40.792495,-73.96417,40.74487634,-73.99529885,casual
872212,D6B00C9B44FE995F,docked_bike,2021-04-02 16:08:43,2021-04-02 16:33:37,Central Park W & W 97 St,7538,Broadway & W 60 St,6948,40.792495,-73.96417,40.76915505,-73.98191841,member
872219,95E7EE26E434D53F,docked_bike,2021-04-28 19:21:43,2021-04-28 19:41:31,Central Park W & W 97 St,7538,Broadway & W 60 St,6948,40.792495,-73.96417,40.76915505,-73.98191841,member
872224,1CDE17C068B5925B,docked_bike,2021-04-17 09:41:15,2021-04-17 09:41:15,Central Park W & W 97 St,7538,Broadway & W 60 St,6948,40.792495,-73.96417,40.76915505,-73.98191841,member
872227,69FC5D4D27F5FAD3,docked_bike,2021-04-02 08:48:41,2021-04-02 09:14:22,Central Park W & W 97 St,7538,Broadway & W 25 St,6173,40.792495,-73.96417,40.74286877312112,-73.98918628692627,casual
872229,B6A96725A3D76826,docked_bike,2021-04-28 20:23:20,2021-04-28 20:41:18,Central Park W & W 97 St,7538,Broadway & W 60 St,6948,40.792495,-73.96417,40.76915505,-73.98191841,member
872235,9EC4F1832F64FD31,docked_bike,2021-04-26 17:36:06,2021-04-26 18:05:56,Central Park W & W 97 St,7538,Broadway & W 60 St,6948,40.792495,-73.96417,40.76915505,-73.98191841,casual
872495,DF011C7E8E581ABF,docked_bike,2021-04-14 21:47:18,2021-04-14 22:19:13,Central Park W & W 97 St,7538,W 24 St & 7 Ave,6257,40.792495,-73.96417,40.74487634,-73.99529885,casual
872498,A1B683952167AADA,docked_bike,2021-04-04 18:08:44,2021-04-04 18:26:12,Central Park W & W 97 St,7538,Broadway & W 60 St,6948,40.792495,-73.96417,40.76915505,-73.98191841,casual
872499,DC42255BDCBCB6CF,docked_bike,2021-04-25 11:31:25,2021-04-25 11:41:11,Central Park W & W 97 St,7538,Broadway & W 60 St,6948,40.792495,-73.96417,40.76915505,-73.98191841,member
872502,59A036285D279B0F,docked_bike,2021-04-06 12:13:23,2021-04-06 12:30:44,Central Park W & W 97 St,7538,Broadway & W 60 St,6948,40.792495,-73.96417,40.76915505,-73.98191841,casual
874669,2F0EB999D5DAF8C8,docked_bike,2021-04-18 13:58:53,2021-04-18 14:19:02,W 100 St & Manhattan Ave,7538,Broadway & W 60 St,6948,40.795,-73.9645,40.76915505,-73.98191841,member
874674,B40BDCC58203F40B,docked_bike,2021-04-22 05:08:58,2021-04-22 05:22:13,W 100 St & Manhattan Ave,7538,Broadway & W 60 St,6948,40.795,-73.9645,40.76915505,-73.98191841,member
874812,93431F088F7E96CB,docked_bike,2021-04-05 13:02:02,2021-04-05 13:18:42,W 100 St & Manhattan Ave,7538,Broadway & W 60 St,6948,40.795,-73.9645,40.76915505,-73.98191841,member
874814,7EDAD4FCB9F968FF,docked_bike,2021-04-14 14:38:30,2021-04-14 15:07:45,W 100 St & Manhattan Ave,7538,W 24 St & 7 Ave,6257,40.795,-73.9645,40.74487634,-73.99529885,member
874815,27D0972DF49DBA1D,docked_bike,2021-04-28 19:49:59,2021-04-28 20:34:37,W 100 St & Manhattan Ave,7538,E 123 St & Lexington Ave,7636,40.795,-73.9645,40.8029263,-73.9379,casual
874818,CAE26242AC836198,docked_bike,2021-04-20 17:59:13,2021-04-20 18:18:09,W 100 St & Manhattan Ave,7538,Broadway & W 60 St,6948,40.795,-73.9645,40.76915505,-73.98191841,member
874819,67091835D279D7C6,docked_bike,2021-04-05 15:53:10,2021-04-05 16:04:16,W 100 St & Manhattan Ave,7538,Broadway & W 60 St,6948,40.795,-73.9645,40.769155,-73.981918,member
874822,B061A6D55FDDB98B,docked_bike,2021-04-06 09:45:15,2021-04-06 09:55:49,W 100 St & Manhattan Ave,7538,Broadway & W 60 St,6948,40.795,-73.9645,40.76915505,-73.98191841,member
874834,E72E2FC8A13A32C6,docked_bike,2021-04-03 10:24:52,2021-04-03 10:44:32,W 100 St & Manhattan Ave,7538,Broadway & W 60 St,6948,40.795,-73.9645,40.76915505,-73.98191841,member
874839,298B74751DE53802,docked_bike,2021-04-08 16:52:29,2021-04-08 17:11:51,W 100 St & Manhattan Ave,7538,Broadway & W 60 St,6948,40.795,-73.9645,40.76915505,-73.98191841,member
874897,1CAE6EB2A2B48093,docked_bike,2021-04-05 17:07:16,2021-04-05 17:26:32,W 100 St & Manhattan Ave,7538,Broadway & W 60 St,6948,40.795,-73.9645,40.76915505,-73.98191841,member
874899,AE99136204E2463C,docked_bike,2021-04-18 13:38:45,2021-04-18 13:50:25,W 100 St & Manhattan Ave,7538,Broadway & W 60 St,6948,40.795,-73.9645,40.76915505,-73.98191841,member
875794,A6F9E35DCF75ED70,docked_bike,2021-04-28 19:49:57,2021-04-28 20:35:05,W 100 St & Manhattan Ave,7538,E 123 St & Lexington Ave,7636,40.795,-73.9645,40.8029263,-73.9379,casual
875799,08F2F7F2B42AA340,docked_bike,2021-04-18 15:36:28,2021-04-18 15:53:02,W 100 St & Manhattan Ave,7538,Broadway & W 60 St,6948,40.795,-73.9645,40.76915505,-73.98191841,member
876908,ED0DA46B9EF3F21C,docked_bike,2021-04-03 18:18:42,2021-04-03 18:30:51,W 100 St & Manhattan Ave,7538,Broadway & W 60 St,6948,40.795,-73.9645,40.76915505,-73.98191841,member
878503,EAF0B6CBF2C0D216,docked_bike,2021-04-09 17:54:32,2021-04-09 18:07:11,Central Park W & W 97 St,7538,Broadway & W 60 St,6948,40.792495,-73.96417,40.76915505,-73.98191841,member
878509,116EEE7A7FD2BFA8,docked_bike,2021-04-17 16:45:45,2021-04-17 17:03:57,Central Park W & W 97 St,7538,Broadway & W 60 St,6948,40.792495,-73.96417,40.76915505,-73.98191841,member
878510,18002F714E4D54FF,docked_bike,2021-04-28 14:09:49,2021-04-28 14:28:42,Central Park W & W 97 St,7538,W 24 St & 7 Ave,6257,40.792495,-73.96417,40.74487634,-73.99529885,member
878512,E50D137E6910E675,docked_bike,2021-04-06 13:36:14,2021-04-06 14:05:24,Central Park W & W 97 St,7538,E 55 St & 2 Ave,6650,40.792495,-73.96417,40.75797322,-73.96603308,member
878515,1038F59BF7D13CA7,docked_bike,2021-04-10 18:10:04,2021-04-10 18:34:14,Central Park W & W 97 St,7538,Broadway & W 60 St,6948,40.792495,-73.96417,40.76915505,-73.98191841,casual
878518,55E4CBC5E6E13BE9,docked_bike,2021-04-07 17:25:38,2021-04-07 17:41:01,Central Park W & W 97 St,7538,Broadway & W 60 St,6948,40.792495,-73.964171,40.769155,-73.981918,member
878684,2867B7E11C8DAB35,docked_bike,2021-04-24 17:53:08,2021-04-24 18:48:20,Central Park W & W 97 St,7538,Broadway & W 60 St,6948,40.792495,-73.96417,40.76915505,-73.98191841,casual
878685,436422729CA6089D,docked_bike,2021-04-09 14:10:28,2021-04-09 14:23:47,Central Park W & W 97 St,7538,Broadway & W 60 St,6948,40.792495,-73.96417,40.76915505,-73.98191841,member
878693,46EA631060F7D1AF,docked_bike,2021-04-16 19:15:47,2021-04-16 19:38:31,Central Park W & W 97 St,7538,W 24 St & 7 Ave,6257,40.792495,-73.96417,40.74487634,-73.99529885,member
878694,68F69B479F52B76D,docked_bike,2021-04-18 08:21:36,2021-04-18 08:38:46,Central Park W & W 97 St,7538,Broadway & W 60 St,6948,40.792495,-73.96417,40.76915505,-73.98191841,member
878699,C70D48CDDEDF580D,docked_bike,2021-04-10 18:07:09,2021-04-10 18:34:19,Central Park W & W 97 St,7538,Broadway & W 60 St,6948,40.792495,-73.96417,40.76915505,-73.98191841,casual
878706,EF5B4693ADB026D8,docked_bike,2021-04-12 13:51:04,2021-04-12 14:24:26,Central Park W & W 97 St,7538,Broadway & W 60 St,6948,40.792495,-73.96417,40.76915505,-73.98191841,member
878708,45A838AB671DF7C6,docked_bike,2021-04-07 09:18:38,2021-04-07 09:37:58,Central Park W & W 97 St,7538,Broadway & W 60 St,6948,40.792495,-73.96417,40.76915505,-73.98191841,member
878712,9EEBDD4937851C37,docked_bike,2021-04-09 08:54:46,2021-04-09 09:12:18,Central Park W & W 97 St,7538,E 123 St & Lexington Ave,7636,40.792495,-73.964171,40.802926,-73.9379,member
878716,CF84174B7B5C9BCD,docked_bike,2021-04-27 07:27:21,2021-04-27 07:50:21,Central Park W & W 97 St,7538,Broadway & W 25 St,6173,40.792495,-73.96417,40.74286877312112,-73.98918628692627,member
878730,106FF88A3217E1E9,docked_bike,2021-04-23 11:22:51,2021-04-23 11:39:33,Central Park W & W 97 St,7538,Broadway & W 60 St,6948,40.792495,-73.964171,40.769155,-73.981918,member
878734,264AEC9F8230C3F0,docked_bike,2021-04-03 14:19:08,2021-04-03 14:39:17,Central Park W & W 97 St,7538,Broadway & W 60 St,6948,40.792495,-73.96417,40.76915505,-73.98191841,casual
878735,F9F35C0712DC5AD0,docked_bike,2021-04-20 17:29:10,2021-04-20 17:56:53,Central Park W & W 97 St,7538,Broadway & W 60 St,6948,40.792495,-73.96417,40.76915505,-73.98191841,casual
878736,AF496BD2C8656F53,docked_bike,2021-04-26 13:48:27,2021-04-26 14:27:30,Central Park W & W 97 St,7538,Broadway & W 60 St,6948,40.792495,-73.96417,40.76915505,-73.98191841,casual
878738,350852AF0EE22BDC,docked_bike,2021-04-28 20:22:38,2021-04-28 20:41:21,Central Park W & W 97 St,7538,Broadway & W 60 St,6948,40.792495,-73.964171,40.769155,-73.981918,casual
878746,495AC93F8F165C44,docked_bike,2021-04-26 13:49:37,2021-04-26 14:28:40,Central Park W & W 97 St,7538,Broadway & W 60 St,6948,40.792495,-73.96417,40.76915505,-73.98191841,casual
878747,A6EFF66B50735642,docked_bike,2021-04-18 16:35:08,2021-04-18 16:55:15,Central Park W & W 97 St,7538,Broadway & W 60 St,6948,40.792495,-73.96417,40.76915505,-73.98191841,member
878754,B017030E1C72C031,docked_bike,2021-04-23 18:05:57,2021-04-23 18:20:56,Central Park W & W 97 St,7538,Broadway & W 60 St,6948,40.792495,-73.96417,40.76915505,-73.98191841,casual
878758,D78B2E1BD9E102D4,docked_bike,2021-04-14 17:45:40,2021-04-14 18:02:58,Central Park W & W 97 St,7538,Broadway & W 60 St,6948,40.792495,-73.96417,40.76915505,-73.98191841,member
878759,1FF943FB3FB67877,docked_bike,2021-04-14 12:02:46,2021-04-14 12:24:10,Central Park W & W 97 St,7538,Broadway & W 60 St,6948,40.792495,-73.96417,40.76915505,-73.98191841,member
878760,FF1102DA15DE12CA,docked_bike,2021-04-24 12:28:51,2021-04-24 12:41:34,Central Park W & W 97 St,7538,Broadway & W 60 St,6948,40.792495,-73.96417,40.76915505,-73.98191841,member
878762,922983CF629C51E3,docked_bike,2021-04-03 14:24:35,2021-04-03 14:42:50,Central Park W & W 97 St,7538,Broadway & W 60 St,6948,40.792495,-73.96417,40.76915505,-73.98191841,member
879421,BBC57093F4F41D85,docked_bike,2021-04-18 07:11:29,2021-04-18 07:23:40,Central Park W & W 97 St,7538,Broadway & W 60 St,6948,40.792495,-73.96417,40.76915505,-73.98191841,member
879423,39FF5070B4AF8E14,docked_bike,2021-04-13 21:26:54,2021-04-13 21:47:51,Central Park W & W 97 St,7538,Broadway & W 60 St,6948,40.792495,-73.96417,40.76915505,-73.98191841,member
879426,7E6C66D93245B71D,docked_bike,2021-04-04 11:18:15,2021-04-04 11:43:56,Central Park W & W 97 St,7538,W 24 St & 7 Ave,6257,40.792495,-73.96417,40.74487634,-73.99529885,member
879432,9EBD482B4C065C41,docked_bike,2021-04-26 17:35:46,2021-04-26 18:06:01,Central Park W & W 97 St,7538,Broadway & W 60 St,6948,40.792495,-73.96417,40.76915505,-73.98191841,casual
879433,C931AF0E4FEA5CC9,docked_bike,2021-04-04 18:07:23,2021-04-04 18:26:18,Central Park W & W 97 St,7538,Broadway & W 60 St,6948,40.792495,-73.96417,40.76915505,-73.98191841,casual
879440,91AEB91BE5D5E5B6,docked_bike,2021-04-17 09:47:46,2021-04-17 09:47:45,Central Park W & W 97 St,7538,Broadway & W 60 St,6948,40.792495,-73.96417,40.76915505,-73.98191841,member
879449,405E51DA11404C37,docked_bike,2021-04-30 17:02:44,2021-04-30 17:29:09,Central Park W & W 97 St,7538,W 24 St & 7 Ave,6257,40.792495,-73.96417,40.74487634,-73.99529885,member
879453,11F71A5736E1C1A6,docked_bike,2021-04-24 13:04:20,2021-04-24 14:20:56,Central Park W & W 97 St,7538,Broadway & W 60 St,6948,40.792495,-73.96417,40.76915505,-73.98191841,casual
879459,741660CE8595838D,docked_bike,2021-04-20 18:12:30,2021-04-20 18:28:39,Central Park W & W 97 St,7538,Broadway & W 60 St,6948,40.792495,-73.96417,40.76915505,-73.98191841,member
879461,7AE64F03FE72DF20,docked_bike,2021-04-15 05:59:22,2021-04-15 06:11:19,Central Park W & W 97 St,7538,Broadway & W 60 St,6948,40.792495,-73.96417,40.76915505,-73.98191841,member
879464,F3B201414F4BACAF,docked_bike,2021-04-17 16:45:18,2021-04-17 17:03:54,Central Park W & W 97 St,7538,Broadway & W 60 St,6948,40.792495,-73.96417,40.76915505,-73.98191841,member
879476,A7D5331F80A64CBB,docked_bike,2021-04-09 17:54:36,2021-04-09 18:07:05,Central Park W & W 97 St,7538,Broadway & W 60 St,6948,40.792495,-73.96417,40.76915505,-73.98191841,member
881984,547902AA4A724626,docked_bike,2021-04-17 12:20:21,2021-04-17 12:34:16,W 100 St & Manhattan Ave,7538,Broadway & W 60 St,6948,40.795,-73.9645,40.76915505,-73.98191841,member
885677,EA295B2E8FE853E9,docked_bike,2021-04-14 18:48:54,2021-04-14 19:12:31,Central Park W & W 97 St,7538,Broadway & W 60 St,6948,40.792495,-73.96417,40.76915505,-73.98191841,member
885678,73E98EAA46C16C77,docked_bike,2021-04-24 11:10:15,2021-04-24 11:41:59,Central Park W & W 97 St,7538,Broadway & W 25 St,6173,40.792495,-73.96417,40.74286877312112,-73.98918628692627,member
885681,3EAC61B05D677343,docked_bike,2021-04-07 18:13:10,2021-04-07 18:26:04,Central Park W & W 97 St,7538,Broadway & W 60 St,6948,40.792495,-73.96417,40.76915505,-73.98191841,member
885683,961DF16B9DB1EDF2,docked_bike,2021-04-14 17:15:01,2021-04-14 17:42:52,Central Park W & W 97 St,7538,E 55 St & 2 Ave,6650,40.792495,-73.96417,40.75797322,-73.96603308,casual
885745,2F799A13A8F2E6E5,docked_bike,2021-04-30 06:57:02,2021-04-30 07:06:35,Central Park W & W 97 St,7538,Broadway & W 60 St,6948,40.792495,-73.96417,40.76915505,-73.98191841,member
885748,838DBE7B959CCE7E,docked_bike,2021-04-17 07:19:51,2021-04-17 07:19:48,Central Park W & W 97 St,7538,Broadway & W 60 St,6948,40.792495,-73.96417,40.76915505,-73.98191841,member
885756,13371EDB682F8715,docked_bike,2021-04-28 13:04:09,2021-04-28 13:30:10,Central Park W & W 97 St,7538,W 24 St & 7 Ave,6257,40.792495,-73.96417,40.74487634,-73.99529885,member
885759,E28C2EC6AFDEF392,docked_bike,2021-04-24 13:04:20,2021-04-24 13:27:00,Central Park W & W 97 St,7538,Broadway & W 25 St,6173,40.792495,-73.96417,40.74286877312112,-73.98918628692627,casual
885767,6BE76F825135D729,docked_bike,2021-04-16 14:31:14,2021-04-16 14:57:26,Central Park W & W 97 St,7538,W 24 St & 7 Ave,6257,40.792495,-73.964171,40.744876,-73.995299,member
885769,504EA49B0B851315,docked_bike,2021-04-09 07:51:12,2021-04-09 08:10:10,Central Park W & W 97 St,7538,Broadway & W 60 St,6948,40.792495,-73.96417,40.76915505,-73.98191841,member
885773,815C036CE1F760B1,docked_bike,2021-04-03 14:22:17,2021-04-03 14:39:27,Central Park W & W 97 St,7538,Broadway & W 60 St,6948,40.792495,-73.96417,40.76915505,-73.98191841,casual
901450,00CFBC307429785D,docked_bike,2021-04-06 06:28:41,2021-04-06 06:46:19,W 100 St & Manhattan Ave,7538,Broadway & W 36 St,6441,40.795,-73.9645,40.75097711,-73.98765428,member
901451,461B1CB7886D82E0,docked_bike,2021-04-26 06:28:10,2021-04-26 06:44:12,W 100 St & Manhattan Ave,7538,Broadway & W 36 St,6441,40.795,-73.9645,40.75097711,-73.98765428,member
901452,06E198EC9314A397,docked_bike,2021-04-02 06:28:28,2021-04-02 06:44:56,W 100 St & Manhattan Ave,7538,Broadway & W 36 St,6441,40.795,-73.9645,40.75097711,-73.98765428,member
909176,8C2363FFE963B92C,docked_bike,2021-04-21 21:15:59,2021-04-21 22:06:48,Central Park W & W 97 St,7538,E 135 St & St Ann's Ave,7687,40.792495,-73.96417,40.805089,-73.918889,member
909185,DDC565D994341D0A,docked_bike,2021-04-08 08:02:03,2021-04-08 08:26:32,Central Park W & W 97 St,7538,Broadway & W 36 St,6441,40.792495,-73.96417,40.75097711,-73.98765428,member
909219,FF39F8CAE4D0759F,docked_bike,2021-04-13 08:04:01,2021-04-13 08:21:02,Central Park W & W 97 St,7538,E 81 St & Park Ave,7188,40.792495,-73.96417,40.77677702,-73.9590097,member
909221,14EDE9AA0375B789,docked_bike,2021-04-16 09:24:14,2021-04-16 09:49:30,Central Park W & W 97 St,7538,Broadway & W 36 St,6441,40.792495,-73.96417,40.75097711,-73.98765428,member
909262,7F654D4F2EF0FF02,docked_bike,2021-04-20 08:02:43,2021-04-20 08:34:53,Central Park W & W 97 St,7538,Broadway & W 36 St,6441,40.792495,-73.96417,40.75097711,-73.98765428,member
909300,7C45FF0C543AE1C9,docked_bike,2021-04-14 17:04:45,2021-04-14 17:05:10,Central Park W & W 97 St,7538,Lexington Ave & E 29 St,6164,40.792495,-73.96417,40.74311555376486,-73.98215353488922,member
909340,D4B27D82F5EAA523,docked_bike,2021-04-08 09:57:09,2021-04-08 10:14:31,Central Park W & W 97 St,7538,Broadway & W 36 St,6441,40.792495,-73.96417,40.75097711,-73.98765428,member
909341,051EF14F0D817BBB,docked_bike,2021-04-19 09:54:14,2021-04-19 10:07:35,Central Park W & W 97 St,7538,E 81 St & Park Ave,7188,40.792495,-73.964171,40.776777,-73.95901,casual
909380,3BDCE0A7DD55BF2E,docked_bike,2021-04-18 15:14:39,2021-04-18 15:51:21,Central Park W & W 97 St,7538,Lexington Ave & E 29 St,6164,40.792495,-73.96417,40.74311555376486,-73.98215353488922,member
909454,6F0B33126FF47689,docked_bike,2021-04-17 15:25:25,2021-04-17 15:43:21,Central Park W & W 97 St,7538,E 81 St & Park Ave,7188,40.792495,-73.96417,40.77677702,-73.9590097,member
909559,0D6F01791211C769,docked_bike,2021-04-30 06:40:39,2021-04-30 06:59:52,Central Park W & W 97 St,7538,Lexington Ave & E 29 St,6164,40.792495,-73.96417,40.74311555376486,-73.98215353488922,member
909727,89E27809D3C425F7,docked_bike,2021-04-18 15:14:11,2021-04-18 15:51:21,Central Park W & W 97 St,7538,Lexington Ave & E 29 St,6164,40.792495,-73.96417,40.74311555376486,-73.98215353488922,member
909732,63475475C5B0846B,docked_bike,2021-04-07 08:40:54,2021-04-07 09:06:06,Central Park W & W 97 St,7538,Broadway & W 36 St,6441,40.792495,-73.96417,40.75097711,-73.98765428,member
911198,90ECCC59C332C27A,docked_bike,2021-04-19 08:08:19,2021-04-19 08:39:12,Central Park W & W 97 St,7538,Broadway & W 36 St,6441,40.792495,-73.96417,40.75097711,-73.98765428,member
913808,DE946A5428C697BA,docked_bike,2021-04-28 14:29:26,2021-04-28 14:36:52,Central Park W & W 97 St,7538,Adam Clayton Powell Blvd & W 118 St,7670,40.792495,-73.96417,40.804372,-73.951475,member
913815,FB605F15BA745A67,docked_bike,2021-04-06 18:26:54,2021-04-06 18:40:44,Central Park W & W 97 St,7538,Adam Clayton Powell Blvd & W 130 St,7774,40.792495,-73.96417,40.812346,-73.946168,member
920758,121FE33B498161B7,docked_bike,2021-04-02 15:08:42,2021-04-02 15:28:06,W 100 St & Manhattan Ave,7538,W 46 St & 11 Ave,6795,40.795,-73.9645,40.76341379,-73.99667444,member
920764,986CB80E74E25E27,docked_bike,2021-04-28 17:46:40,2021-04-28 17:52:01,W 100 St & Manhattan Ave,7538,Adam Clayton Powell Blvd & W 118 St,7670,40.795,-73.9645,40.804372,-73.951475,casual
920768,E8F7F7E022DD6AC5,docked_bike,2021-04-05 12:04:44,2021-04-05 12:34:52,W 100 St & Manhattan Ave,7538,W 46 St & 11 Ave,6795,40.795,-73.9645,40.76341379,-73.99667444,member
920777,206E1A7311CDB613,docked_bike,2021-04-20 12:27:50,2021-04-20 12:58:23,W 100 St & Manhattan Ave,7538,Adam Clayton Powell Blvd & W 130 St,7774,40.795,-73.9645,40.812346,-73.946168,member
920815,4295853702854FF1,docked_bike,2021-04-09 16:52:24,2021-04-09 17:06:28,W 100 St & Manhattan Ave,7538,Adam Clayton Powell Blvd & W 130 St,7774,40.795,-73.9645,40.812346,-73.946168,member
920816,1EA7DEB6F75760D8,docked_bike,2021-04-21 11:09:04,2021-04-21 11:20:54,W 100 St & Manhattan Ave,7538,Adam Clayton Powell Blvd & W 130 St,7774,40.795,-73.9645,40.812346,-73.946168,member
920819,811778D71018559E,docked_bike,2021-04-09 20:32:26,2021-04-09 20:45:30,W 100 St & Manhattan Ave,7538,Adam Clayton Powell Blvd & W 118 St,7670,40.795,-73.9645,40.804372,-73.951475,casual
920891,406F9CE6CACAC0F6,docked_bike,2021-04-08 20:15:58,2021-04-08 20:22:19,W 100 St & Manhattan Ave,7538,Adam Clayton Powell Blvd & W 118 St,7670,40.795,-73.9645,40.804372,-73.951475,member
920902,AEADD4776AB90D50,docked_bike,2021-04-20 20:19:51,2021-04-20 20:39:46,W 100 St & Manhattan Ave,7538,Adam Clayton Powell Blvd & W 118 St,7670,40.795,-73.9645,40.804372,-73.951475,member
920935,B68911B6C1E98196,docked_bike,2021-04-10 14:11:46,2021-04-10 14:22:06,W 100 St & Manhattan Ave,7538,Adam Clayton Powell Blvd & W 118 St,7670,40.795,-73.9645,40.804372,-73.951475,casual
920940,128BC41C2050FD35,docked_bike,2021-04-18 16:37:09,2021-04-18 16:50:38,W 100 St & Manhattan Ave,7538,Adam Clayton Powell Blvd & W 130 St,7774,40.795,-73.9645,40.812346,-73.946168,member
926078,4C0D8DB9C0DF8AEE,docked_bike,2021-04-09 16:31:18,2021-04-09 16:42:57,Central Park W & W 97 St,7538,Adam Clayton Powell Blvd & W 118 St,7670,40.792495,-73.96417,40.804372,-73.951475,member
926082,54DE4195295DD784,docked_bike,2021-04-21 14:57:52,2021-04-21 15:06:43,Central Park W & W 97 St,7538,Adam Clayton Powell Blvd & W 118 St,7670,40.792495,-73.96417,40.804372,-73.951475,member
926083,F85B7522A7F9EC57,docked_bike,2021-04-22 12:37:19,2021-04-22 12:50:53,Central Park W & W 97 St,7538,Adam Clayton Powell Blvd & W 130 St,7774,40.792495,-73.96417,40.812346,-73.946168,member
926086,8D9B0146977A3DF7,docked_bike,2021-04-18 15:41:05,2021-04-18 16:42:34,Central Park W & W 97 St,7538,Washington Pl & 6 Ave,5838,40.792495,-73.96417,40.73224119,-74.00026394,casual
926144,A3C8A06E5EB12117,docked_bike,2021-04-24 20:57:28,2021-04-24 21:38:21,Central Park W & W 97 St,7538,Washington Pl & 6 Ave,5838,40.792495,-73.96417,40.73224119,-74.00026394,casual
926146,B7EE6A5A7901FACE,docked_bike,2021-04-17 10:53:19,2021-04-17 11:01:20,Central Park W & W 97 St,7538,Adam Clayton Powell Blvd & W 118 St,7670,40.792495,-73.96417,40.804372,-73.951475,casual
926156,5A9839A97867B419,docked_bike,2021-04-25 14:13:07,2021-04-25 14:57:38,Central Park W & W 97 St,7538,W 46 St & 11 Ave,6795,40.792495,-73.96417,40.76341379,-73.99667444,casual
926158,018C728458D93A1B,docked_bike,2021-04-18 16:17:37,2021-04-18 17:18:31,Central Park W & W 97 St,7538,Washington Pl & 6 Ave,5838,40.792495,-73.96417,40.73224119,-74.00026394,casual
926171,798FA9589C6834F3,docked_bike,2021-04-24 03:25:19,2021-04-24 03:48:34,Central Park W & W 97 St,7538,W 46 St & 11 Ave,6795,40.792495,-73.96417,40.76341379,-73.99667444,member
926232,88DAFBA792F77AA5,docked_bike,2021-04-23 21:09:10,2021-04-23 21:23:12,Central Park W & W 97 St,7538,Adam Clayton Powell Blvd & W 118 St,7670,40.792495,-73.96417,40.804372,-73.951475,member
926248,528507B57B1733DA,docked_bike,2021-04-18 15:44:39,2021-04-18 16:42:45,Central Park W & W 97 St,7538,Washington Pl & 6 Ave,5838,40.792495,-73.96417,40.73224119,-74.00026394,casual
926262,668D7550261382E9,docked_bike,2021-04-13 18:44:06,2021-04-13 19:03:16,Central Park W & W 97 St,7538,Adam Clayton Powell Blvd & W 118 St,7670,40.792495,-73.964171,40.804372,-73.951475,casual
926264,D3EC59DACD91C153,docked_bike,2021-04-17 10:52:08,2021-04-17 11:01:02,Central Park W & W 97 St,7538,Adam Clayton Powell Blvd & W 118 St,7670,40.792495,-73.96417,40.804372,-73.951475,member
926289,73268E37B5EE96D3,docked_bike,2021-04-22 17:35:50,2021-04-22 17:47:23,Central Park W & W 97 St,7538,Adam Clayton Powell Blvd & W 130 St,7774,40.792495,-73.96417,40.812346,-73.946168,member
926292,DA56306E7BE98BD8,docked_bike,2021-04-13 17:59:07,2021-04-13 18:33:05,Central Park W & W 97 St,7538,E 6 St & Avenue B,5584,40.792495,-73.964171,40.724537,-73.981854,casual
926309,B1243E2EA5CC8B20,docked_bike,2021-04-28 18:06:58,2021-04-28 18:46:38,Central Park W & W 97 St,7538,E 6 St & Avenue B,5584,40.792495,-73.96417,40.72453734,-73.98185424,casual
926326,1CC4C0EFB4CD3068,docked_bike,2021-04-13 17:54:51,2021-04-13 18:36:38,Central Park W & W 97 St,7538,Washington Pl & 6 Ave,5838,40.792495,-73.96417,40.73224119,-74.00026394,member
926514,1ADA3D5BD46F078F,docked_bike,2021-04-16 09:15:58,2021-04-16 09:24:38,Central Park W & W 97 St,7538,Adam Clayton Powell Blvd & W 130 St,7774,40.792495,-73.96417,40.812346,-73.946168,member
927048,D123943703800684,docked_bike,2021-04-29 13:58:39,2021-04-29 14:06:26,Central Park W & W 97 St,7538,Adam Clayton Powell Blvd & W 118 St,7670,40.792495,-73.96417,40.804372,-73.951475,member
927170,8D326C4E8DA94C48,docked_bike,2021-04-18 12:07:34,2021-04-18 12:16:25,Central Park W & W 97 St,7538,Adam Clayton Powell Blvd & W 130 St,7774,40.792495,-73.96417,40.812346,-73.946168,member
927300,74B533B66DFECA21,docked_bike,2021-04-27 13:10:52,2021-04-27 13:18:09,Central Park W & W 97 St,7538,Adam Clayton Powell Blvd & W 118 St,7670,40.792495,-73.96417,40.804372,-73.951475,member
927321,7F7F1DA2003DAB25,docked_bike,2021-04-04 12:26:40,2021-04-04 12:37:01,Central Park W & W 97 St,7538,Adam Clayton Powell Blvd & W 118 St,7670,40.792495,-73.96417,40.804372,-73.951475,member
927322,FB9BF70238D15F13,docked_bike,2021-04-24 20:57:39,2021-04-24 21:38:13,Central Park W & W 97 St,7538,Washington Pl & 6 Ave,5838,40.792495,-73.96417,40.73224119,-74.00026394,casual
928037,D63552EF5D1F9158,docked_bike,2021-04-24 20:04:22,2021-04-24 20:25:21,Central Park W & W 97 St,7538,W 46 St & 11 Ave,6795,40.792495,-73.96417,40.76341379,-73.99667444,member
940084,0B9B9EE9512BFE48,docked_bike,2021-04-22 12:00:53,2021-04-22 12:16:24,W 100 St & Manhattan Ave,7538,5 Ave & E 72 St,7100,40.795,-73.9645,40.77282817,-73.96685276,casual
940085,B1ACD4B1D50D0179,docked_bike,2021-04-23 13:55:01,2021-04-23 14:35:19,W 100 St & Manhattan Ave,7538,5 Ave & E 72 St,7100,40.795,-73.9645,40.77282817,-73.96685276,member
940092,5C0655DC655BAC37,docked_bike,2021-04-29 19:39:52,2021-04-29 19:58:02,W 100 St & Manhattan Ave,7538,E 118 St & Madison Ave,7640,40.795,-73.9645,40.8014866,-73.9442507,member
940093,0760193B1C2DE464,docked_bike,2021-04-22 11:02:51,2021-04-22 11:30:23,W 100 St & Manhattan Ave,7538,5 Ave & E 72 St,7100,40.795,-73.9645,40.77282817,-73.96685276,member
940094,5B031B8E4F599498,docked_bike,2021-04-03 14:24:18,2021-04-03 14:47:49,W 100 St & Manhattan Ave,7538,E 91 St & Park Ave,7344,40.795,-73.9645,40.7835016,-73.955327,member
940143,B912BFEA1FE671AB,docked_bike,2021-04-04 15:34:32,2021-04-04 15:41:10,Central Park W & W 97 St,7538,Madison Ave & E 99 St,7443,40.792495,-73.96417,40.78948541553215,-73.95242929458618,member
940148,1492A9D8E11FAEB7,docked_bike,2021-04-07 19:25:56,2021-04-07 19:38:44,Central Park W & W 97 St,7538,E 118 St & Madison Ave,7640,40.792495,-73.96417,40.8014866,-73.9442507,member
940149,0A67855BAA3DC677,docked_bike,2021-04-28 08:02:01,2021-04-28 08:22:17,Central Park W & W 97 St,7538,W 51 St & Rockefeller Plaza,6700,40.792495,-73.96417,40.75969995906254,-73.97808194160461,member
940151,8DC1E2C4267DC467,docked_bike,2021-04-10 11:33:38,2021-04-10 11:45:25,Central Park W & W 97 St,7538,5 Ave & E 72 St,7100,40.792495,-73.96417,40.77282817,-73.96685276,member
940156,0B78908EBDC57F87,docked_bike,2021-04-04 19:22:19,2021-04-04 20:01:31,Central Park W & W 97 St,7538,5 Ave & E 72 St,7100,40.792495,-73.96417,40.77282817,-73.96685276,member
940159,52D18F44270A706D,docked_bike,2021-04-17 12:00:40,2021-04-17 12:24:33,Central Park W & W 97 St,7538,5 Ave & E 72 St,7100,40.792495,-73.96417,40.77282817,-73.96685276,casual
940164,4D0A1304A0B1A5DF,docked_bike,2021-04-10 17:05:52,2021-04-10 17:35:39,Central Park W & W 97 St,7538,5 Ave & E 72 St,7100,40.792495,-73.96417,40.77282817,-73.96685276,casual
940167,4CC4ED8BC81AEA59,docked_bike,2021-04-27 07:51:46,2021-04-27 08:05:20,Central Park W & W 97 St,7538,5 Ave & E 72 St,7100,40.792495,-73.96417,40.77282817,-73.96685276,member
940169,7DBBA488DD1FFFEE,docked_bike,2021-04-25 15:53:16,2021-04-25 16:15:22,Central Park W & W 97 St,7538,5 Ave & E 72 St,7100,40.792495,-73.96417,40.77282817,-73.96685276,casual
940173,DA778E93E34234B1,docked_bike,2021-04-07 17:00:42,2021-04-07 17:14:44,Central Park W & W 97 St,7538,5 Ave & E 72 St,7100,40.792495,-73.96417,40.77282817,-73.96685276,member
940181,DC4EAED910B24624,docked_bike,2021-04-24 17:00:11,2021-04-24 17:33:15,Central Park W & W 97 St,7538,5 Ave & E 72 St,7100,40.792495,-73.96417,40.77282817,-73.96685276,member
940182,CB07743F88C791A2,docked_bike,2021-04-13 17:43:45,2021-04-13 17:50:19,Central Park W & W 97 St,7538,E 91 St & Park Ave,7344,40.792495,-73.96417,40.7835016,-73.955327,member
940183,1F5342F54AC4CED5,docked_bike,2021-04-04 12:03:00,2021-04-04 12:13:29,Central Park W & W 97 St,7538,5 Ave & E 72 St,7100,40.792495,-73.96417,40.77282817,-73.96685276,member
940186,887D610B1A3CEC84,docked_bike,2021-04-10 11:05:59,2021-04-10 11:20:46,Central Park W & W 97 St,7538,5 Ave & E 72 St,7100,40.792495,-73.96417,40.77282817,-73.96685276,member
940188,872D4636EB91CB97,docked_bike,2021-04-18 16:35:42,2021-04-18 16:56:18,Central Park W & W 97 St,7538,5 Ave & E 72 St,7100,40.792495,-73.96417,40.77282817,-73.96685276,casual
940189,E7B8A2366C1D1B86,docked_bike,2021-04-14 10:57:00,2021-04-14 11:15:54,Central Park W & W 97 St,7538,W 51 St & Rockefeller Plaza,6700,40.792495,-73.96417,40.75969995906254,-73.97808194160461,member
940193,5D39D75D9674F57A,docked_bike,2021-04-18 16:35:15,2021-04-18 16:56:23,Central Park W & W 97 St,7538,5 Ave & E 72 St,7100,40.792495,-73.96417,40.77282817,-73.96685276,member
940199,2E4B44FEF0517FC5,docked_bike,2021-04-18 17:33:35,2021-04-18 17:44:40,Central Park W & W 97 St,7538,Adam Clayton Powell Blvd & W 138 St,7855,40.792495,-73.96417,40.81695971032464,-73.9422959089279,member
940200,AE43ACC999DFA0E3,docked_bike,2021-04-06 15:04:39,2021-04-06 15:34:01,Central Park W & W 97 St,7538,5 Ave & E 72 St,7100,40.792495,-73.96417,40.77282817,-73.96685276,member
940203,C07DE8379576A09F,docked_bike,2021-04-29 15:33:40,2021-04-29 15:40:29,Central Park W & W 97 St,7538,Madison Ave & E 99 St,7443,40.792495,-73.96417,40.78948541553215,-73.95242929458618,member
940205,F73EE11D986230BD,docked_bike,2021-04-26 11:57:48,2021-04-26 12:11:46,Central Park W & W 97 St,7538,5 Ave & E 72 St,7100,40.792495,-73.96417,40.77282817,-73.96685276,member
940206,AF4F469D3A0CE001,docked_bike,2021-04-06 10:54:13,2021-04-06 11:10:05,Central Park W & W 97 St,7538,Adam Clayton Powell Blvd & W 138 St,7855,40.792495,-73.964171,40.81696,-73.942296,member
940210,C5D28B4C3FE7A113,docked_bike,2021-04-27 10:27:44,2021-04-27 10:44:50,Central Park W & W 97 St,7538,Adam Clayton Powell Blvd & W 138 St,7855,40.792495,-73.964171,40.81696,-73.942296,member
940213,5B74AD9E9A57455F,docked_bike,2021-04-04 15:33:02,2021-04-04 16:01:28,Central Park W & W 97 St,7538,5 Ave & E 72 St,7100,40.792495,-73.96417,40.77282817,-73.96685276,casual
940214,01B159DA74FE0A6D,docked_bike,2021-04-01 18:07:05,2021-04-01 18:17:36,Central Park W & W 97 St,7538,E 68 St & Madison Ave,6932,40.792495,-73.96417,40.7691572,-73.96703464,member
940240,E9349BC28ABEC62E,docked_bike,2021-04-03 13:09:36,2021-04-03 13:46:07,Central Park W & W 97 St,7538,E 68 St & Madison Ave,6932,40.792495,-73.96417,40.7691572,-73.96703464,member
940249,57E1626FCB87D8BA,docked_bike,2021-04-19 08:33:46,2021-04-19 08:54:21,Central Park W & W 97 St,7538,5 Ave & E 72 St,7100,40.792495,-73.96417,40.77282817,-73.96685276,member
940251,328115E4CAA587BF,docked_bike,2021-04-26 15:36:38,2021-04-26 16:02:04,Central Park W & W 97 St,7538,5 Ave & E 72 St,7100,40.792495,-73.96417,40.77282817,-73.96685276,casual
940252,D0E89954BE75AA07,docked_bike,2021-04-06 10:42:14,2021-04-06 11:01:56,Central Park W & W 97 St,7538,5 Ave & E 72 St,7100,40.792495,-73.96417,40.77282817,-73.96685276,casual
940253,EE8A14728D5D56E6,docked_bike,2021-04-27 21:33:12,2021-04-27 21:42:14,Central Park W & W 97 St,7538,Madison Ave & E 99 St,7443,40.792495,-73.96417,40.78948541553215,-73.95242929458618,casual
940254,263487882FAC74B9,docked_bike,2021-04-30 12:22:03,2021-04-30 12:33:15,Central Park W & W 97 St,7538,E 118 St & Madison Ave,7640,40.792495,-73.96417,40.8014866,-73.9442507,member
940256,0311FA5BA356121F,docked_bike,2021-04-24 12:00:41,2021-04-24 12:13:10,Central Park W & W 97 St,7538,Adam Clayton Powell Blvd & W 138 St,7855,40.792495,-73.96417,40.81695971032464,-73.9422959089279,member
940259,CEA868FED8DAF406,docked_bike,2021-04-08 16:16:51,2021-04-08 17:05:41,Central Park W & W 97 St,7538,5 Ave & E 72 St,7100,40.792495,-73.96417,40.77282817,-73.96685276,casual
940260,0BD9EF13F864F64F,docked_bike,2021-04-14 10:32:01,2021-04-14 10:48:04,Central Park W & W 97 St,7538,Adam Clayton Powell Blvd & W 138 St,7855,40.792495,-73.964171,40.81696,-73.942296,member
940263,48A8DEE4CA45F07B,docked_bike,2021-04-01 18:08:05,2021-04-01 18:24:18,Central Park W & W 97 St,7538,E 68 St & Madison Ave,6932,40.792495,-73.96417,40.7691572,-73.96703464,casual
940266,63B271C5CDE798B1,docked_bike,2021-04-03 13:09:16,2021-04-03 13:46:08,Central Park W & W 97 St,7538,E 68 St & Madison Ave,6932,40.792495,-73.96417,40.7691572,-73.96703464,member
940269,6764FE04480A024F,docked_bike,2021-04-22 18:07:21,2021-04-22 18:15:35,Central Park W & W 97 St,7538,Madison Ave & E 99 St,7443,40.792495,-73.96417,40.78948541553215,-73.95242929458618,casual
940271,44FDE824A67D69B0,docked_bike,2021-04-13 14:48:31,2021-04-13 14:48:54,Central Park W & W 97 St,7538,5 Ave & E 72 St,7100,40.792495,-73.96417,40.77282817,-73.96685276,member
940275,1992AB4E1FF37F77,docked_bike,2021-04-10 17:42:43,2021-04-10 17:55:15,Central Park W & W 97 St,7538,5 Ave & E 72 St,7100,40.792495,-73.96417,40.77282817,-73.96685276,casual
940278,6BC000D308F4F3CD,docked_bike,2021-04-18 16:35:53,2021-04-18 16:56:20,Central Park W & W 97 St,7538,5 Ave & E 72 St,7100,40.792495,-73.96417,40.77282817,-73.96685276,member
940284,7903561D53EBCBF1,docked_bike,2021-04-01 17:08:06,2021-04-01 17:15:26,Central Park W & W 97 St,7538,E 91 St & Park Ave,7344,40.792495,-73.96417,40.7835016,-73.955327,member
940285,E3B9120377327E7C,docked_bike,2021-04-20 17:49:51,2021-04-20 17:59:07,Central Park W & W 97 St,7538,E 91 St & Park Ave,7344,40.792495,-73.96417,40.7835016,-73.955327,member
940286,FE8109CCA7B451D7,docked_bike,2021-04-22 17:54:42,2021-04-22 18:03:30,Central Park W & W 97 St,7538,E 91 St & Park Ave,7344,40.792495,-73.96417,40.7835016,-73.955327,member
940305,1A49C7EFBF579570,docked_bike,2021-04-24 15:37:08,2021-04-24 16:34:16,Central Park W & W 97 St,7538,5 Ave & E 72 St,7100,40.792495,-73.96417,40.77282817,-73.96685276,casual
940307,2B9DB89F9A826055,docked_bike,2021-04-10 14:44:05,2021-04-10 15:12:44,Central Park W & W 97 St,7538,5 Ave & E 72 St,7100,40.792495,-73.96417,40.77282817,-73.96685276,member
940314,76232F93E1C93B31,docked_bike,2021-04-17 10:06:22,2021-04-17 10:25:49,Central Park W & W 97 St,7538,5 Ave & E 72 St,7100,40.792495,-73.964171,40.772828,-73.966853,member
940315,669C1680BCAAEB1F,docked_bike,2021-04-27 17:36:47,2021-04-27 17:44:17,Central Park W & W 97 St,7538,E 91 St & Park Ave,7344,40.792495,-73.96417,40.7835016,-73.955327,member
940317,6A6C27E7F535E55B,docked_bike,2021-04-20 16:38:13,2021-04-20 16:59:39,Central Park W & W 97 St,7538,5 Ave & E 72 St,7100,40.792495,-73.96417,40.77282817,-73.96685276,member
940318,B5484A30111C04EF,docked_bike,2021-04-10 09:07:21,2021-04-10 09:12:28,Central Park W & W 97 St,7538,E 91 St & Park Ave,7344,40.792495,-73.96417,40.7835016,-73.955327,member
940319,0567F848C6D0AD1A,docked_bike,2021-04-08 10:40:43,2021-04-08 10:55:45,Central Park W & W 97 St,7538,Adam Clayton Powell Blvd & W 138 St,7855,40.792495,-73.964171,40.81696,-73.942296,member
940320,B74558EC7D1B940C,docked_bike,2021-04-24 10:22:53,2021-04-24 10:38:59,Central Park W & W 97 St,7538,Adam Clayton Powell Blvd & W 138 St,7855,40.792495,-73.964171,40.81696,-73.942296,member
940327,D3916DAA4AF9444D,docked_bike,2021-04-27 12:44:49,2021-04-27 13:06:41,Central Park W & W 97 St,7538,5 Ave & E 72 St,7100,40.792495,-73.96417,40.77282817,-73.96685276,casual
940328,C435D2C3B78C9D2C,docked_bike,2021-04-09 15:41:47,2021-04-09 15:57:42,Central Park W & W 97 St,7538,5 Ave & E 72 St,7100,40.792495,-73.96417,40.77282817,-73.96685276,casual
940404,00A4F5C8833BCDCF,docked_bike,2021-04-03 08:06:16,2021-04-03 08:29:35,W 100 St & Manhattan Ave,7538,5 Ave & E 72 St,7100,40.795,-73.9645,40.77282817,-73.96685276,member
940405,DBA7E51C904C2B4F,docked_bike,2021-04-10 16:53:42,2021-04-10 17:36:26,W 100 St & Manhattan Ave,7538,Delancey St & Eldridge St,5414,40.795,-73.9645,40.719383,-73.991479,member
940409,2A3DEEBD2BE948C5,docked_bike,2021-04-14 12:39:26,2021-04-14 12:58:13,W 100 St & Manhattan Ave,7538,E 118 St & Madison Ave,7640,40.795,-73.9645,40.8014866,-73.9442507,member
940411,EC08E9C6162B6DD5,docked_bike,2021-04-18 17:09:24,2021-04-18 17:17:29,W 100 St & Manhattan Ave,7538,E 118 St & Madison Ave,7640,40.795,-73.9645,40.8014866,-73.9442507,casual
940412,F3C672F3D9C58018,docked_bike,2021-04-28 16:07:28,2021-04-28 16:16:00,W 100 St & Manhattan Ave,7538,Madison Ave & E 99 St,7443,40.795,-73.9645,40.78948541553215,-73.95242929458618,member
940418,7C748125BD1E4CCF,docked_bike,2021-04-24 09:50:09,2021-04-24 10:16:39,W 100 St & Manhattan Ave,7538,E 91 St & Park Ave,7344,40.795,-73.9645,40.7835016,-73.955327,casual
940420,B6758E248C79CB16,docked_bike,2021-04-09 16:05:28,2021-04-09 16:22:57,W 100 St & Manhattan Ave,7538,5 Ave & E 72 St,7100,40.795,-73.9645,40.77282817,-73.96685276,member
940422,D26E40695AA02290,docked_bike,2021-04-24 16:15:22,2021-04-24 16:25:49,W 100 St & Manhattan Ave,7538,5 Ave & E 72 St,7100,40.795,-73.9645,40.77282817,-73.96685276,casual
940426,3124D3D51FC3EE49,docked_bike,2021-04-28 08:51:14,2021-04-28 09:05:01,W 100 St & Manhattan Ave,7538,5 Ave & E 72 St,7100,40.795,-73.9645,40.77282817,-73.96685276,member
940606,5387AC72271361A7,docked_bike,2021-04-04 18:01:48,2021-04-04 18:53:00,Central Park W & W 97 St,7538,5 Ave & E 72 St,7100,40.792495,-73.96417,40.77282817,-73.96685276,casual
940607,310108BDE3853DB3,docked_bike,2021-04-17 11:59:25,2021-04-17 12:24:32,Central Park W & W 97 St,7538,5 Ave & E 72 St,7100,40.792495,-73.96417,40.77282817,-73.96685276,casual
940611,037329C7AE9D86A7,docked_bike,2021-04-19 10:26:56,2021-04-19 10:47:05,Central Park W & W 97 St,7538,5 Ave & E 72 St,7100,40.792495,-73.96417,40.77282817,-73.96685276,casual
940613,06818D82802AA396,docked_bike,2021-04-19 13:31:05,2021-04-19 13:39:55,Central Park W & W 97 St,7538,E 118 St & Madison Ave,7640,40.792495,-73.96417,40.8014866,-73.9442507,member
940617,35D16072157E091A,docked_bike,2021-04-08 16:17:30,2021-04-08 17:04:42,Central Park W & W 97 St,7538,5 Ave & E 72 St,7100,40.792495,-73.96417,40.77282817,-73.96685276,casual
940619,797D6F1B141A38D2,docked_bike,2021-04-01 17:33:11,2021-04-01 18:14:57,Central Park W & W 97 St,7538,5 Ave & E 72 St,7100,40.792495,-73.96417,40.77282817,-73.96685276,casual
940622,291245E831A4D90C,docked_bike,2021-04-25 22:53:42,2021-04-25 23:05:42,Central Park W & W 97 St,7538,E 68 St & Madison Ave,6932,40.792495,-73.96417,40.7691572,-73.96703464,member
940631,7A672BC12B213CFE,docked_bike,2021-04-06 16:36:28,2021-04-06 16:58:58,Central Park W & W 97 St,7538,5 Ave & E 72 St,7100,40.792495,-73.96417,40.77282817,-73.96685276,casual
940632,FBD6BA2AC9D52C5D,docked_bike,2021-04-14 07:07:53,2021-04-14 07:13:06,Central Park W & W 97 St,7538,Madison Ave & E 99 St,7443,40.792495,-73.96417,40.78948541553215,-73.95242929458618,member
940633,2AD6E1C63BB39D03,docked_bike,2021-04-05 16:59:56,2021-04-05 17:27:53,Central Park W & W 97 St,7538,5 Ave & E 72 St,7100,40.792495,-73.96417,40.77282817,-73.96685276,member
940636,75431E68F8C3340C,docked_bike,2021-04-13 19:42:44,2021-04-13 20:19:48,Central Park W & W 97 St,7538,Crescent St & 34 Ave,6759,40.792495,-73.96417,40.76108,-73.930562,member
940639,6B8D13FE257E3A57,docked_bike,2021-04-13 10:47:55,2021-04-13 11:02:48,Central Park W & W 97 St,7538,5 Ave & E 72 St,7100,40.792495,-73.96417,40.77282817,-73.96685276,casual
940640,C58E0D92FB807E1D,docked_bike,2021-04-30 08:35:35,2021-04-30 08:48:35,Central Park W & W 97 St,7538,5 Ave & E 72 St,7100,40.792495,-73.96417,40.77282817,-73.96685276,member
940642,AEA7104E4A8A840C,docked_bike,2021-04-03 15:23:17,2021-04-03 15:59:24,Central Park W & W 97 St,7538,5 Ave & E 72 St,7100,40.792495,-73.96417,40.77282817,-73.96685276,member
940646,40FEE1E15A677455,docked_bike,2021-04-25 17:54:45,2021-04-25 18:37:23,Central Park W & W 97 St,7538,5 Ave & E 72 St,7100,40.792495,-73.96417,40.77282817,-73.96685276,casual
940649,7498C96D5BD42DAD,docked_bike,2021-04-11 03:15:22,2021-04-11 03:34:27,Central Park W & W 97 St,7538,5 Ave & E 72 St,7100,40.792495,-73.96417,40.77282817,-73.96685276,casual
940724,4DDFB6A783525394,docked_bike,2021-04-09 14:50:41,2021-04-09 15:20:35,Central Park W & W 97 St,7538,5 Ave & E 72 St,7100,40.792495,-73.96417,40.77282817,-73.96685276,member
940725,AB50B77325BFE5E9,docked_bike,2021-04-24 17:13:46,2021-04-24 17:33:27,Central Park W & W 97 St,7538,5 Ave & E 72 St,7100,40.792495,-73.96417,40.77282817,-73.96685276,casual
940728,F296E66869FF80B5,docked_bike,2021-04-20 14:37:15,2021-04-20 14:51:40,Central Park W & W 97 St,7538,5 Ave & E 72 St,7100,40.792495,-73.96417,40.77282817,-73.96685276,member
940729,62AD42DCD4C3CAE6,docked_bike,2021-04-19 08:33:39,2021-04-19 08:54:14,Central Park W & W 97 St,7538,5 Ave & E 72 St,7100,40.792495,-73.96417,40.77282817,-73.96685276,member
940730,8565E191F0445D31,docked_bike,2021-04-10 11:07:54,2021-04-10 11:21:01,Central Park W & W 97 St,7538,5 Ave & E 72 St,7100,40.792495,-73.96417,40.77282817,-73.96685276,member
940735,EA9B3B683E17B9BD,docked_bike,2021-04-19 05:54:32,2021-04-19 06:01:54,Central Park W & W 97 St,7538,Madison Ave & E 99 St,7443,40.792495,-73.96417,40.78948541553215,-73.95242929458618,member
940736,410EB009DF09C026,docked_bike,2021-04-14 13:49:45,2021-04-14 14:00:10,Central Park W & W 97 St,7538,5 Ave & E 72 St,7100,40.792495,-73.96417,40.77282817,-73.96685276,member
940740,144BA6A40CAFC56C,docked_bike,2021-04-14 15:11:28,2021-04-14 15:27:02,Central Park W & W 97 St,7538,5 Ave & E 72 St,7100,40.792495,-73.96417,40.77282817,-73.96685276,member
940741,EDB3B660763091C9,docked_bike,2021-04-21 07:17:55,2021-04-21 07:23:24,Central Park W & W 97 St,7538,Madison Ave & E 99 St,7443,40.792495,-73.96417,40.78948541553215,-73.95242929458618,member
940745,B22CB8BA56307A14,docked_bike,2021-04-30 15:51:50,2021-04-30 17:07:21,Central Park W & W 97 St,7538,5 Ave & E 72 St,7100,40.792495,-73.96417,40.77282817,-73.96685276,member
940748,A2EF551DD44233DD,docked_bike,2021-04-04 06:52:43,2021-04-04 06:59:51,Central Park W & W 97 St,7538,Madison Ave & E 99 St,7443,40.792495,-73.96417,40.78948541553215,-73.95242929458618,casual
941264,862D941F558E3862,docked_bike,2021-04-19 18:17:56,2021-04-19 18:37:09,W 100 St & Manhattan Ave,7538,5 Ave & E 72 St,7100,40.795,-73.9645,40.77282817,-73.96685276,member
941266,103B4C2925977939,docked_bike,2021-04-28 10:31:18,2021-04-28 10:38:19,W 100 St & Manhattan Ave,7538,E 91 St & Park Ave,7344,40.795,-73.9645,40.7835016,-73.955327,member
941269,7B2060AF93576253,docked_bike,2021-04-19 14:31:45,2021-04-19 14:44:17,W 100 St & Manhattan Ave,7538,E 91 St & Park Ave,7344,40.795,-73.9645,40.7835016,-73.955327,member
941270,3E5B89A58270B9FC,docked_bike,2021-04-10 16:53:50,2021-04-10 17:36:36,W 100 St & Manhattan Ave,7538,Delancey St & Eldridge St,5414,40.795,-73.9645,40.719383,-73.991479,member
941271,91299F3B778AC9B8,docked_bike,2021-04-17 12:27:51,2021-04-17 13:52:55,W 100 St & Manhattan Ave,7538,Delancey St & Eldridge St,5414,40.795,-73.9645,40.719383,-73.991479,casual
941272,6485CEA3E031A907,docked_bike,2021-04-03 15:18:49,2021-04-03 15:57:42,W 100 St & Manhattan Ave,7538,5 Ave & E 72 St,7100,40.795,-73.9645,40.77282817,-73.96685276,casual
941275,F08BBED846D31D50,docked_bike,2021-04-29 19:07:53,2021-04-29 19:22:19,W 100 St & Manhattan Ave,7538,Adam Clayton Powell Blvd & W 138 St,7855,40.795,-73.9645,40.81695971032464,-73.9422959089279,member
941279,D1DAD1AB387C51FB,docked_bike,2021-04-30 15:50:35,2021-04-30 15:55:32,W 100 St & Manhattan Ave,7538,Madison Ave & E 99 St,7443,40.795,-73.9645,40.78948541553215,-73.95242929458618,member
941281,97FD000BD85E5CA5,docked_bike,2021-04-07 20:59:25,2021-04-07 21:23:33,W 100 St & Manhattan Ave,7538,E 118 St & Madison Ave,7640,40.795,-73.9645,40.8014866,-73.9442507,member
941287,4D783F051475B99C,docked_bike,2021-04-29 19:07:56,2021-04-29 19:22:12,W 100 St & Manhattan Ave,7538,Adam Clayton Powell Blvd & W 138 St,7855,40.795,-73.9645,40.81695971032464,-73.9422959089279,member
941292,5F63BAAC07F9E76F,docked_bike,2021-04-18 14:29:13,2021-04-18 14:45:45,W 100 St & Manhattan Ave,7538,5 Ave & E 72 St,7100,40.795,-73.9645,40.77282817,-73.96685276,casual
941299,6F21121FF934934D,docked_bike,2021-04-09 16:03:00,2021-04-09 16:11:22,W 100 St & Manhattan Ave,7538,Madison Ave & E 99 St,7443,40.795,-73.9645,40.78948541553215,-73.95242929458618,member
941577,F3274BBFEBAFE72A,docked_bike,2021-04-14 13:32:23,2021-04-14 13:50:32,Central Park W & W 97 St,7538,E 118 St & Madison Ave,7640,40.792495,-73.96417,40.8014866,-73.9442507,member
941582,4963A8A7B61FDE86,docked_bike,2021-04-19 16:24:56,2021-04-19 16:37:01,Central Park W & W 97 St,7538,E 91 St & Park Ave,7344,40.792495,-73.96417,40.7835016,-73.955327,member
941585,C1A3BDCF1326E6B5,docked_bike,2021-04-11 03:14:17,2021-04-11 03:34:54,Central Park W & W 97 St,7538,5 Ave & E 72 St,7100,40.792495,-73.96417,40.77282817,-73.96685276,casual
941587,526B165CE540B7A7,docked_bike,2021-04-30 19:52:29,2021-04-30 20:15:08,Central Park W & W 97 St,7538,5 Ave & E 72 St,7100,40.792495,-73.96417,40.77282817,-73.96685276,casual
941588,ACBA6CABCC720F49,docked_bike,2021-04-19 07:31:03,2021-04-19 07:43:21,Central Park W & W 97 St,7538,E 91 St & Park Ave,7344,40.792495,-73.96417,40.7835016,-73.955327,member
941589,23A4F8E45434AB4A,docked_bike,2021-04-15 07:34:43,2021-04-15 07:46:26,Central Park W & W 97 St,7538,E 91 St & Park Ave,7344,40.792495,-73.96417,40.7835016,-73.955327,member
941590,F685627BD22D619C,docked_bike,2021-04-12 07:52:40,2021-04-12 08:04:24,Central Park W & W 97 St,7538,E 91 St & Park Ave,7344,40.792495,-73.96417,40.7835016,-73.955327,member
941593,72A3BBE1DE532312,docked_bike,2021-04-17 12:00:54,2021-04-17 12:00:50,Central Park W & W 97 St,7538,5 Ave & E 72 St,7100,40.792495,-73.96417,40.77282817,-73.96685276,casual
941599,16E8B22ECBF9493D,docked_bike,2021-04-03 09:27:12,2021-04-03 09:35:32,Central Park W & W 97 St,7538,Madison Ave & E 99 St,7443,40.792495,-73.96417,40.78948541553215,-73.95242929458618,casual
941601,E66FF953DB1E645C,docked_bike,2021-04-23 07:56:05,2021-04-23 08:09:18,Central Park W & W 97 St,7538,E 91 St & Park Ave,7344,40.792495,-73.96417,40.7835016,-73.955327,member
941602,954D9C0F1FC27C0A,docked_bike,2021-04-20 07:48:47,2021-04-20 08:01:36,Central Park W & W 97 St,7538,E 91 St & Park Ave,7344,40.792495,-73.96417,40.7835016,-73.955327,member
941603,A9BD00A6F017E839,docked_bike,2021-04-16 07:37:56,2021-04-16 07:50:47,Central Park W & W 97 St,7538,E 91 St & Park Ave,7344,40.792495,-73.96417,40.7835016,-73.955327,member
941604,F06F978FB1B2987E,docked_bike,2021-04-13 12:52:58,2021-04-13 13:09:13,Central Park W & W 97 St,7538,5 Ave & E 72 St,7100,40.792495,-73.96417,40.77282817,-73.96685276,casual
941605,9CFE0C458D50F893,docked_bike,2021-04-13 18:32:07,2021-04-13 18:44:20,Central Park W & W 97 St,7538,5 Ave & E 72 St,7100,40.792495,-73.96417,40.77282817,-73.96685276,casual
941606,2C9ACB6B1E228AB5,docked_bike,2021-04-05 20:35:08,2021-04-05 21:29:26,Central Park W & W 97 St,7538,5 Ave & E 72 St,7100,40.792495,-73.96417,40.77282817,-73.96685276,casual
941611,CAFA2DC321D0F682,docked_bike,2021-04-06 10:42:39,2021-04-06 11:01:43,Central Park W & W 97 St,7538,5 Ave & E 72 St,7100,40.792495,-73.96417,40.77282817,-73.96685276,casual
941612,FF00EDED405D3F2B,docked_bike,2021-04-06 10:16:11,2021-04-06 10:26:15,Central Park W & W 97 St,7538,5 Ave & E 72 St,7100,40.792495,-73.96417,40.77282817,-73.96685276,member
941613,0ADCD1F43D36961C,docked_bike,2021-04-01 18:08:36,2021-04-01 18:23:53,Central Park W & W 97 St,7538,E 68 St & Madison Ave,6932,40.792495,-73.96417,40.7691572,-73.96703464,member
941615,2DAC9C5FE17F238C,docked_bike,2021-04-04 21:17:57,2021-04-04 21:22:58,Central Park W & W 97 St,7538,Madison Ave & E 99 St,7443,40.792495,-73.96417,40.78948541553215,-73.95242929458618,member
941618,434E370888FFD3BD,docked_bike,2021-04-18 10:52:51,2021-04-18 11:04:38,Central Park W & W 97 St,7538,5 Ave & E 72 St,7100,40.792495,-73.96417,40.77282817,-73.96685276,member
941624,8B3306B1B7C4F3B2,docked_bike,2021-04-22 15:40:09,2021-04-22 15:49:35,Central Park W & W 97 St,7538,E 68 St & Madison Ave,6932,40.792495,-73.96417,40.7691572,-73.96703464,member
941625,546F2D0347E3D2DA,docked_bike,2021-04-16 10:59:32,2021-04-16 11:07:43,Central Park W & W 97 St,7538,5 Ave & E 72 St,7100,40.792495,-73.96417,40.77282817,-73.96685276,member
946801,DE9E3C1DA486A74E,docked_bike,2021-04-09 15:41:56,2021-04-09 15:57:40,Central Park W & W 97 St,7538,5 Ave & E 72 St,7100,40.792495,-73.96417,40.77282817,-73.96685276,casual
946810,80A61F84DAA9E15D,docked_bike,2021-04-05 12:10:34,2021-04-05 12:15:40,Central Park W & W 97 St,7538,Madison Ave & E 99 St,7443,40.792495,-73.96417,40.78948541553215,-73.95242929458618,member
946812,AAE01699ED49BBB7,docked_bike,2021-04-30 19:52:36,2021-04-30 20:14:52,Central Park W & W 97 St,7538,5 Ave & E 72 St,7100,40.792495,-73.96417,40.77282817,-73.96685276,member
946826,AAA6D45349574817,docked_bike,2021-04-15 17:18:26,2021-04-15 17:18:20,Central Park W & W 97 St,7538,E 118 St & Madison Ave,7640,40.792495,-73.96417,40.8014866,-73.9442507,casual
946828,D24D3E5CA090C073,docked_bike,2021-04-01 17:33:35,2021-04-01 18:15:05,Central Park W & W 97 St,7538,5 Ave & E 72 St,7100,40.792495,-73.96417,40.77282817,-73.96685276,casual
946831,922884E87FAE7483,docked_bike,2021-04-11 05:19:08,2021-04-11 05:33:26,Central Park W & W 97 St,7538,W 51 St & Rockefeller Plaza,6700,40.792495,-73.96417,40.75969995906254,-73.97808194160461,member
946832,DD52E50A1943A7CA,docked_bike,2021-04-02 09:36:51,2021-04-02 09:51:01,Central Park W & W 97 St,7538,5 Ave & E 72 St,7100,40.792495,-73.96417,40.77282817,-73.96685276,member
946837,D2059B733F67A948,docked_bike,2021-04-22 07:08:35,2021-04-22 07:14:26,Central Park W & W 97 St,7538,Madison Ave & E 99 St,7443,40.792495,-73.96417,40.78948541553215,-73.95242929458618,member
946838,1C6C276C4CEA463B,docked_bike,2021-04-13 07:08:46,2021-04-13 07:15:52,Central Park W & W 97 St,7538,Madison Ave & E 99 St,7443,40.792495,-73.96417,40.78948541553215,-73.95242929458618,member
946840,1EC89F1D7B2631F4,docked_bike,2021-04-27 20:42:00,2021-04-27 21:09:39,Central Park W & W 97 St,7538,5 Ave & E 72 St,7100,40.792495,-73.96417,40.77282817,-73.96685276,member
946844,D89B91D12BFBE569,docked_bike,2021-04-10 10:26:43,2021-04-10 10:34:41,Central Park W & W 97 St,7538,E 91 St & Park Ave,7344,40.792495,-73.96417,40.7835016,-73.955327,member
946846,5D101FA636CC43F5,docked_bike,2021-04-23 18:09:22,2021-04-23 18:20:40,Central Park W & W 97 St,7538,5 Ave & E 72 St,7100,40.792495,-73.96417,40.77282817,-73.96685276,member
952929,FFCA489E938B2C24,docked_bike,2021-04-06 08:55:23,2021-04-06 09:54:58,Central Park W & W 97 St,7538,5 Ave & E 72 St,7100,40.792495,-73.96417,40.77282817,-73.96685276,member
952930,F47089890C25CC7D,docked_bike,2021-04-04 19:20:32,2021-04-04 19:59:18,Central Park W & W 97 St,7538,5 Ave & E 72 St,7100,40.792495,-73.964171,40.772828,-73.966853,casual
952932,580AB1821EAC3FF8,docked_bike,2021-04-03 11:49:01,2021-04-03 12:05:27,Central Park W & W 97 St,7538,5 Ave & E 72 St,7100,40.792495,-73.964171,40.772828,-73.966853,casual
952935,E182AB558C421F3B,docked_bike,2021-04-29 17:43:16,2021-04-29 17:51:29,Central Park W & W 97 St,7538,E 91 St & Park Ave,7344,40.792495,-73.96417,40.7835016,-73.955327,member
952936,FD4A739F913DF17A,docked_bike,2021-04-05 18:47:25,2021-04-05 19:05:59,Central Park W & W 97 St,7538,Adam Clayton Powell Blvd & W 138 St,7855,40.792495,-73.96417,40.81695971032464,-73.9422959089279,member
952937,99CEC70751235D33,docked_bike,2021-04-03 17:35:55,2021-04-03 18:17:52,Central Park W & W 97 St,7538,5 Ave & E 72 St,7100,40.792495,-73.96417,40.77282817,-73.96685276,casual
952941,BF900E11402D7330,docked_bike,2021-04-25 11:28:34,2021-04-25 11:35:38,Central Park W & W 97 St,7538,E 91 St & Park Ave,7344,40.792495,-73.96417,40.7835016,-73.955327,member
952942,9E471B094BCC0623,docked_bike,2021-04-22 21:48:36,2021-04-22 21:52:35,Central Park W & W 97 St,7538,Madison Ave & E 99 St,7443,40.792495,-73.96417,40.78948541553215,-73.95242929458618,member
952944,D1CF306CAF6C0C55,docked_bike,2021-04-27 17:52:30,2021-04-27 18:02:40,Central Park W & W 97 St,7538,E 91 St & Park Ave,7344,40.792495,-73.96417,40.7835016,-73.955327,member
953006,2553BF99456E77B0,docked_bike,2021-04-23 12:14:55,2021-04-23 12:24:38,Central Park W & W 97 St,7538,E 118 St & Madison Ave,7640,40.792495,-73.96417,40.8014866,-73.9442507,member
953007,01E5C97913987870,docked_bike,2021-04-19 20:08:34,2021-04-19 20:20:32,Central Park W & W 97 St,7538,E 118 St & Madison Ave,7640,40.792495,-73.96417,40.8014866,-73.9442507,member
953014,3D785FEFD35C1322,docked_bike,2021-04-14 07:59:07,2021-04-14 08:10:38,Central Park W & W 97 St,7538,E 91 St & Park Ave,7344,40.792495,-73.96417,40.7835016,-73.955327,member
953015,E299FD3A5421544C,docked_bike,2021-04-26 07:38:59,2021-04-26 07:46:28,Central Park W & W 97 St,7538,E 91 St & Park Ave,7344,40.792495,-73.96417,40.7835016,-73.955327,member
953018,EDC98A2E2A34BDB4,docked_bike,2021-04-27 07:36:37,2021-04-27 07:48:00,Central Park W & W 97 St,7538,E 91 St & Park Ave,7344,40.792495,-73.96417,40.7835016,-73.955327,member
953023,06E0D95132756628,docked_bike,2021-04-07 09:56:52,2021-04-07 10:19:34,Central Park W & W 97 St,7538,E 68 St & Madison Ave,6932,40.792495,-73.964171,40.769157,-73.967035,member
953025,4487235D0BCFCC4A,docked_bike,2021-04-23 16:09:32,2021-04-23 16:20:25,Central Park W & W 97 St,7538,E 118 St & Madison Ave,7640,40.792495,-73.96417,40.8014866,-73.9442507,casual
953035,806199299AF35585,docked_bike,2021-04-07 15:29:57,2021-04-07 15:48:01,Central Park W & W 97 St,7538,W 51 St & Rockefeller Plaza,6700,40.792495,-73.96417,40.75969995906254,-73.97808194160461,member
953036,79EFF40A54ADA72F,docked_bike,2021-04-26 15:37:20,2021-04-26 16:02:07,Central Park W & W 97 St,7538,5 Ave & E 72 St,7100,40.792495,-73.96417,40.77282817,-73.96685276,casual
953040,49166937DD3DF0BB,docked_bike,2021-04-23 08:01:00,2021-04-23 08:10:21,Central Park W & W 97 St,7538,Madison Ave & E 99 St,7443,40.792495,-73.96417,40.78948541553215,-73.95242929458618,member
953042,6075EFC7FDEE8A5F,docked_bike,2021-04-20 10:49:38,2021-04-20 11:08:31,Central Park W & W 97 St,7538,5 Ave & E 72 St,7100,40.792495,-73.96417,40.77282817,-73.96685276,member
953043,7B10B06960AEFC79,docked_bike,2021-04-08 16:17:33,2021-04-08 17:05:16,Central Park W & W 97 St,7538,5 Ave & E 72 St,7100,40.792495,-73.96417,40.77282817,-73.96685276,casual
953046,199C0521B3744A57,docked_bike,2021-04-04 19:57:03,2021-04-04 20:07:12,Central Park W & W 97 St,7538,E 118 St & Madison Ave,7640,40.792495,-73.96417,40.8014866,-73.9442507,member
953050,D8ECDD54650F8098,docked_bike,2021-04-27 20:41:40,2021-04-27 21:09:52,Central Park W & W 97 St,7538,5 Ave & E 72 St,7100,40.792495,-73.96417,40.77282817,-73.96685276,member
953382,E7D6AFD2C605EA92,docked_bike,2021-04-23 17:49:57,2021-04-23 18:42:02,W 100 St & Manhattan Ave,7538,Adam Clayton Powell Blvd & W 138 St,7855,40.795,-73.9645,40.81695971032464,-73.9422959089279,casual
953384,C220EF8AC6C4BC4E,docked_bike,2021-04-18 17:09:24,2021-04-18 17:17:30,W 100 St & Manhattan Ave,7538,E 118 St & Madison Ave,7640,40.795,-73.9645,40.8014866,-73.9442507,member
953393,10D247F415ED72E6,docked_bike,2021-04-03 15:14:58,2021-04-03 15:58:11,W 100 St & Manhattan Ave,7538,5 Ave & E 72 St,7100,40.795,-73.9645,40.77282817,-73.96685276,casual
953395,FA0B32AC2A1C364D,docked_bike,2021-04-23 17:49:41,2021-04-23 18:41:56,W 100 St & Manhattan Ave,7538,Adam Clayton Powell Blvd & W 138 St,7855,40.795,-73.9645,40.81695971032464,-73.9422959089279,casual
953396,4BCCF9CC862E2D0C,docked_bike,2021-04-28 14:35:34,2021-04-28 14:50:22,W 100 St & Manhattan Ave,7538,5 Ave & E 72 St,7100,40.795,-73.9645,40.77282817,-73.96685276,member
953403,0D11CAD7C5F0314B,docked_bike,2021-04-20 16:19:58,2021-04-20 19:30:57,W 100 St & Manhattan Ave,7538,W 51 St & Rockefeller Plaza,6700,40.795,-73.9645,40.75969995906254,-73.97808194160461,casual
954690,A10CD75E2E2CE5E3,docked_bike,2021-04-13 17:47:32,2021-04-13 17:55:56,Central Park W & W 97 St,7538,E 91 St & Park Ave,7344,40.792495,-73.96417,40.7835016,-73.955327,member
954693,3BC7495220CCE250,docked_bike,2021-04-09 10:36:59,2021-04-09 10:47:59,Central Park W & W 97 St,7538,E 91 St & Park Ave,7344,40.792495,-73.96417,40.7835016,-73.955327,member
954694,F282B36E3928EFA7,docked_bike,2021-04-04 16:05:31,2021-04-04 16:19:40,Central Park W & W 97 St,7538,Adam Clayton Powell Blvd & W 138 St,7855,40.792495,-73.96417,40.81695971032464,-73.9422959089279,member
954695,6989F132B19EB924,docked_bike,2021-04-12 10:16:47,2021-04-12 10:30:05,Central Park W & W 97 St,7538,5 Ave & E 72 St,7100,40.792495,-73.96417,40.77282817,-73.96685276,member
954696,6CAAA9B8EA2646F1,docked_bike,2021-04-27 15:12:13,2021-04-27 15:19:32,Central Park W & W 97 St,7538,E 118 St & Madison Ave,7640,40.792495,-73.96417,40.8014866,-73.9442507,member
954698,555BFB861CA15400,docked_bike,2021-04-28 17:35:02,2021-04-28 18:03:08,Central Park W & W 97 St,7538,E 91 St & Park Ave,7344,40.792495,-73.96417,40.7835016,-73.955327,member
954701,CF22C95D0501D1ED,docked_bike,2021-04-27 11:22:16,2021-04-27 11:39:06,Central Park W & W 97 St,7538,E 91 St & Park Ave,7344,40.792495,-73.96417,40.7835016,-73.955327,member
954702,2A16E6AD6D953A8A,docked_bike,2021-04-19 10:26:08,2021-04-19 10:47:07,Central Park W & W 97 St,7538,5 Ave & E 72 St,7100,40.792495,-73.96417,40.77282817,-73.96685276,casual
955524,5292413C6CD68D0B,docked_bike,2021-04-27 13:11:29,2021-04-27 13:37:13,W 100 St & Manhattan Ave,7538,5 Ave & E 72 St,7100,40.795,-73.9645,40.77282817,-73.96685276,casual
955525,825A061A77B3EABA,docked_bike,2021-04-27 13:11:13,2021-04-27 13:37:20,W 100 St & Manhattan Ave,7538,5 Ave & E 72 St,7100,40.795,-73.9645,40.772828,-73.966853,casual
955532,652D0C9BE4E60CE3,docked_bike,2021-04-30 13:39:14,2021-04-30 13:51:07,W 100 St & Manhattan Ave,7538,5 Ave & E 72 St,7100,40.795,-73.9645,40.77282817,-73.96685276,casual
967585,D68BFA8E4D2BC1C9,docked_bike,2021-04-25 14:24:51,2021-04-25 14:38:22,Central Park W & W 97 St,7538,Madison Ave & E 82 St,7188,40.792495,-73.96417,40.7781314,-73.96069399,casual
967586,6ECF0241CBF2E6C3,docked_bike,2021-04-10 18:32:25,2021-04-10 19:05:18,Central Park W & W 97 St,7538,Madison Ave & E 82 St,7188,40.792495,-73.964171,40.778131,-73.960694,casual
967590,6039ADEC09435A90,docked_bike,2021-04-14 17:12:34,2021-04-14 17:46:24,Central Park W & W 97 St,7538,Madison Ave & E 82 St,7188,40.792495,-73.96417,40.7781314,-73.96069399,member
968731,197B1ECE3A334C1B,docked_bike,2021-04-28 12:21:47,2021-04-28 13:19:40,Central Park W & W 97 St,7538,Barclay St & Church St,5216,40.792495,-73.96417,40.71291224,-74.01020234,member
968732,04778DE65BF6CAD3,docked_bike,2021-04-04 15:32:22,2021-04-04 15:48:45,Central Park W & W 97 St,7538,W 144 St & Adam Clayton Powell Blvd,7932,40.792495,-73.96417,40.820877,-73.939249,member
968734,0E7A44285E61548E,docked_bike,2021-04-10 12:45:55,2021-04-10 13:10:16,Central Park W & W 97 St,7538,E 95 St & 3 Ave,7365,40.792495,-73.96417,40.7849032,-73.950503,casual
968748,68763BB0734B7264,docked_bike,2021-04-28 14:25:57,2021-04-28 14:57:49,Central Park W & W 97 St,7538,Madison Ave & E 82 St,7188,40.792495,-73.96417,40.7781314,-73.96069399,casual
968751,4C82387D2D65A790,docked_bike,2021-04-21 19:27:42,2021-04-21 19:48:46,Central Park W & W 97 St,7538,E 95 St & 3 Ave,7365,40.792495,-73.96417,40.7849032,-73.950503,member
968752,1A609C6393115269,docked_bike,2021-04-20 18:16:46,2021-04-20 18:33:00,Central Park W & W 97 St,7538,E 95 St & 3 Ave,7365,40.792495,-73.96417,40.7849032,-73.950503,casual
968754,F5F68C748E7E4065,docked_bike,2021-04-10 18:31:41,2021-04-10 19:05:13,Central Park W & W 97 St,7538,Madison Ave & E 82 St,7188,40.792495,-73.964171,40.778131,-73.960694,casual
968762,4EBB54F65C4842E5,docked_bike,2021-04-25 14:17:39,2021-04-25 14:37:09,Central Park W & W 97 St,7538,Madison Ave & E 82 St,7188,40.792495,-73.96417,40.7781314,-73.96069399,member
970073,DA0C7154FB45E631,docked_bike,2021-04-24 14:15:47,2021-04-24 14:29:04,W 100 St & Manhattan Ave,7538,Madison Ave & E 82 St,7188,40.795,-73.9645,40.7781314,-73.96069399,casual
970084,A8588E79AAE28B50,docked_bike,2021-04-09 15:08:39,2021-04-09 15:30:07,W 100 St & Manhattan Ave,7538,Madison Ave & E 82 St,7188,40.795,-73.9645,40.7781314,-73.96069399,casual
970088,A9D85F2D3433A5EF,docked_bike,2021-04-20 21:25:04,2021-04-20 22:26:30,W 100 St & Manhattan Ave,7538,Ogden Ave & W 165 St,8149,40.795,-73.9645,40.834457,-73.928381,member
970091,4F45480BC8186B9B,docked_bike,2021-04-05 13:07:30,2021-04-05 13:26:02,W 100 St & Manhattan Ave,7538,W 144 St & Adam Clayton Powell Blvd,7932,40.795,-73.9645,40.820877,-73.939249,member
970092,92D2FC35F52F5AA5,docked_bike,2021-04-09 14:50:10,2021-04-09 15:04:10,W 100 St & Manhattan Ave,7538,Madison Ave & E 82 St,7188,40.795,-73.9645,40.7781314,-73.96069399,member
970095,F6810E17D51CB723,docked_bike,2021-04-13 07:58:06,2021-04-13 08:09:48,W 100 St & Manhattan Ave,7538,E 95 St & 3 Ave,7365,40.795,-73.9645,40.7849032,-73.950503,member
970101,410484544C40B523,docked_bike,2021-04-22 08:44:35,2021-04-22 09:02:29,W 100 St & Manhattan Ave,7538,E 74 St & 1 Ave,6953,40.795,-73.9645,40.7689738,-73.95482273,member
970102,A5C5D605656A4295,docked_bike,2021-04-17 12:04:55,2021-04-17 12:30:46,W 100 St & Manhattan Ave,7538,E 44 St & 2 Ave,6422,40.795,-73.9645,40.75118387463277,-73.97138714790344,casual
970126,1E776208CAF81329,docked_bike,2021-04-03 17:21:30,2021-04-03 17:28:36,W 100 St & Manhattan Ave,7538,E 95 St & 3 Ave,7365,40.795,-73.9645,40.7849032,-73.950503,member
970129,DDEF6229F4717DB9,docked_bike,2021-04-18 19:55:28,2021-04-18 20:14:26,W 100 St & Manhattan Ave,7538,E 74 St & 1 Ave,6953,40.795,-73.9645,40.7689738,-73.95482273,member
970130,81AE1A65C60FF139,docked_bike,2021-04-12 09:30:09,2021-04-12 09:43:45,W 100 St & Manhattan Ave,7538,Madison Ave & E 82 St,7188,40.795,-73.9645,40.7781314,-73.96069399,member
970134,812A172D882FC431,docked_bike,2021-04-15 08:12:26,2021-04-15 08:30:18,W 100 St & Manhattan Ave,7538,E 74 St & 1 Ave,6953,40.795,-73.9645,40.7689738,-73.95482273,member
970137,E78109640C7E7791,docked_bike,2021-04-16 13:08:49,2021-04-16 13:18:27,W 100 St & Manhattan Ave,7538,Madison Ave & E 82 St,7188,40.795,-73.9645,40.7781314,-73.96069399,member
970226,1F65BF27E619B2F4,docked_bike,2021-04-17 13:40:53,2021-04-17 13:52:47,W 100 St & Manhattan Ave,7538,Madison Ave & E 82 St,7188,40.795,-73.9645,40.7781314,-73.96069399,member
970228,727EBF1F3BFD8C46,docked_bike,2021-04-01 10:30:17,2021-04-01 10:51:12,W 100 St & Manhattan Ave,7538,E 74 St & 1 Ave,6953,40.795,-73.9645,40.7689738,-73.95482273,member
971536,F88DEC63916C90A8,docked_bike,2021-04-03 14:15:52,2021-04-03 14:46:50,Central Park W & W 97 St,7538,Madison Ave & E 82 St,7188,40.792495,-73.96417,40.7781314,-73.96069399,casual
971540,E95E43ECD649BEA6,docked_bike,2021-04-02 12:46:54,2021-04-02 12:56:26,Central Park W & W 97 St,7538,E 95 St & 3 Ave,7365,40.792495,-73.96417,40.7849032,-73.950503,member
971541,72426F2B920BB1A3,docked_bike,2021-04-10 20:00:58,2021-04-10 20:09:41,Central Park W & W 97 St,7538,E 95 St & 3 Ave,7365,40.792495,-73.96417,40.7849032,-73.950503,member
971542,D697029415217009,docked_bike,2021-04-10 18:31:33,2021-04-10 19:05:40,Central Park W & W 97 St,7538,Madison Ave & E 82 St,7188,40.792495,-73.964171,40.778131,-73.960694,casual
971554,14BC17F6E05D9D8B,docked_bike,2021-04-03 13:23:50,2021-04-03 13:47:26,Central Park W & W 97 St,7538,E 74 St & 1 Ave,6953,40.792495,-73.96417,40.7689738,-73.95482273,casual
971555,4A03DEA65A80BEA4,docked_bike,2021-04-03 13:27:08,2021-04-03 13:43:00,Central Park W & W 97 St,7538,E 74 St & 1 Ave,6953,40.792495,-73.96417,40.7689738,-73.95482273,casual
971562,6A40D8F5D3846C83,docked_bike,2021-04-23 07:55:24,2021-04-23 08:03:25,Central Park W & W 97 St,7538,E 95 St & 3 Ave,7365,40.792495,-73.96417,40.7849032,-73.950503,casual
971563,8B7F503FF156D755,docked_bike,2021-04-28 08:13:37,2021-04-28 08:26:19,Central Park W & W 97 St,7538,E 74 St & 1 Ave,6953,40.792495,-73.96417,40.7689738,-73.95482273,member
971567,75978BF2CF7B2C4A,docked_bike,2021-04-24 14:38:16,2021-04-24 15:26:56,Central Park W & W 97 St,7538,Madison Ave & E 82 St,7188,40.792495,-73.96417,40.7781314,-73.96069399,member
971595,B21E06680662DA97,docked_bike,2021-04-18 19:09:02,2021-04-18 19:40:19,Central Park W & W 97 St,7538,E 95 St & 3 Ave,7365,40.792495,-73.96417,40.7849032,-73.950503,casual
971601,8292A1BE61D90CC1,docked_bike,2021-04-17 15:17:23,2021-04-17 15:17:20,Central Park W & W 97 St,7538,Madison Ave & E 82 St,7188,40.792495,-73.96417,40.7781314,-73.96069399,casual
971602,F927C89D1F5F325C,docked_bike,2021-04-10 18:31:36,2021-04-10 19:05:28,Central Park W & W 97 St,7538,Madison Ave & E 82 St,7188,40.792495,-73.964171,40.778131,-73.960694,casual
971615,5F366DBBC44CF81A,docked_bike,2021-04-26 14:12:28,2021-04-26 14:36:04,Central Park W & W 97 St,7538,E 95 St & 3 Ave,7365,40.792495,-73.96417,40.7849032,-73.950503,member
971617,1638E174291BD22E,docked_bike,2021-04-24 14:39:44,2021-04-24 15:27:42,Central Park W & W 97 St,7538,Madison Ave & E 82 St,7188,40.792495,-73.96417,40.7781314,-73.96069399,casual
971622,9D38739F4FA99EC5,docked_bike,2021-04-10 18:31:48,2021-04-10 19:05:21,Central Park W & W 97 St,7538,Madison Ave & E 82 St,7188,40.792495,-73.96417,40.7781314,-73.96069399,casual
971628,060D0B476F94955F,docked_bike,2021-04-25 21:13:33,2021-04-25 21:30:44,Central Park W & W 97 St,7538,E 74 St & 1 Ave,6953,40.792495,-73.96417,40.7689738,-73.95482273,member
971644,32994840C1EBFB99,docked_bike,2021-04-07 20:39:19,2021-04-07 21:01:09,Central Park W & W 97 St,7538,E 74 St & 1 Ave,6953,40.792495,-73.96417,40.7689738,-73.95482273,member
971650,74C114D1EFF2C908,docked_bike,2021-04-22 17:12:55,2021-04-22 17:58:43,Central Park W & W 97 St,7538,Lispenard St & Broadway,5391,40.792495,-73.96417,40.71939226,-74.00247214,casual
971660,1FF5D249D5431724,docked_bike,2021-04-30 19:16:12,2021-04-30 19:41:29,Central Park W & W 97 St,7538,E 95 St & 3 Ave,7365,40.792495,-73.96417,40.7849032,-73.950503,casual
971661,D4B218805A7FF338,docked_bike,2021-04-16 13:45:32,2021-04-16 13:53:30,Central Park W & W 97 St,7538,Madison Ave & E 82 St,7188,40.792495,-73.96417,40.7781314,-73.96069399,member
977508,CA6FCFE1CD1FF8F8,docked_bike,2021-04-23 17:38:11,2021-04-23 17:53:25,Central Park W & W 97 St,7538,E 74 St & 1 Ave,6953,40.792495,-73.96417,40.7689738,-73.95482273,member
977514,9133561642FFC7B9,docked_bike,2021-04-22 14:25:56,2021-04-22 14:32:22,Central Park W & W 97 St,7538,E 95 St & 3 Ave,7365,40.792495,-73.96417,40.7849032,-73.950503,member
977516,C0BB15D261E7CC8F,docked_bike,2021-04-16 17:14:02,2021-04-16 17:25:09,Central Park W & W 97 St,7538,E 95 St & 3 Ave,7365,40.792495,-73.96417,40.7849032,-73.950503,casual
977519,0E8B2DE983F0155D,docked_bike,2021-04-04 23:22:07,2021-04-04 23:33:10,Central Park W & W 97 St,7538,E 95 St & 3 Ave,7365,40.792495,-73.96417,40.7849032,-73.950503,member
987475,B8EA106FA4313F02,docked_bike,2021-04-03 13:34:59,2021-04-03 13:58:12,Central Park W & W 97 St,7538,2 Ave & E 96 St,7338,40.792495,-73.96417,40.7839636,-73.9471673,member
987537,4AF303EDD468B1CE,docked_bike,2021-04-28 14:53:54,2021-04-28 15:02:16,Central Park W & W 97 St,7538,2 Ave & E 96 St,7338,40.792495,-73.96417,40.7839636,-73.9471673,member
987545,2F0A52BD5D036443,docked_bike,2021-04-22 16:10:12,2021-04-22 16:17:13,Central Park W & W 97 St,7538,2 Ave & E 96 St,7338,40.792495,-73.96417,40.7839636,-73.9471673,member
987570,E728F3095FFF5CFC,docked_bike,2021-04-20 07:58:45,2021-04-20 08:10:57,Central Park W & W 97 St,7538,2 Ave & E 96 St,7338,40.792495,-73.96417,40.7839636,-73.9471673,member
987571,469F4272813BC466,docked_bike,2021-04-18 12:15:10,2021-04-18 12:23:01,Central Park W & W 97 St,7538,2 Ave & E 96 St,7338,40.792495,-73.96417,40.7839636,-73.9471673,member
987572,5AE7842C029DFE1A,docked_bike,2021-04-23 19:21:16,2021-04-23 19:52:26,Central Park W & W 97 St,7538,E 45 St & 3 Ave,6464,40.792495,-73.96417,40.75255434,-73.97282625,casual
987608,E8A356D9C927DCE6,docked_bike,2021-04-10 17:25:51,2021-04-10 17:33:17,Central Park W & W 97 St,7538,2 Ave & E 96 St,7338,40.792495,-73.96417,40.7839636,-73.9471673,member
987609,1AC6EA8D4F592AAE,docked_bike,2021-04-30 21:17:23,2021-04-30 21:24:43,Central Park W & W 97 St,7538,2 Ave & E 96 St,7338,40.792495,-73.96417,40.7839636,-73.9471673,casual
987611,C46BE4E3A1EEBCE6,docked_bike,2021-04-23 22:23:19,2021-04-23 22:32:32,Central Park W & W 97 St,7538,2 Ave & E 96 St,7338,40.792495,-73.96417,40.7839636,-73.9471673,member
987664,98A4BE5257EED6CD,docked_bike,2021-04-04 14:30:47,2021-04-04 14:58:52,Central Park W & W 97 St,7538,2 Ave & E 96 St,7338,40.792495,-73.96417,40.7839636,-73.9471673,casual
987669,0E328E6CCB3B2FAB,docked_bike,2021-04-16 10:55:27,2021-04-16 11:02:52,Central Park W & W 97 St,7538,2 Ave & E 96 St,7338,40.792495,-73.96417,40.7839636,-73.9471673,casual
987712,E2F1F61F19119FDB,docked_bike,2021-04-28 07:55:43,2021-04-28 08:03:28,Central Park W & W 97 St,7538,2 Ave & E 96 St,7338,40.792495,-73.96417,40.7839636,-73.9471673,member
987884,308C5BE65743A3D6,docked_bike,2021-04-28 09:42:42,2021-04-28 10:11:43,W 100 St & Manhattan Ave,7538,E 45 St & 3 Ave,6464,40.795,-73.9645,40.75255434,-73.97282625,member
988041,B398E7B7D19D6D06,docked_bike,2021-04-10 15:25:19,2021-04-10 15:37:50,Central Park W & W 97 St,7538,2 Ave & E 96 St,7338,40.792495,-73.96417,40.7839636,-73.9471673,casual
988042,D651C44DF9C9E4E4,docked_bike,2021-04-10 15:25:18,2021-04-10 15:38:36,Central Park W & W 97 St,7538,2 Ave & E 96 St,7338,40.792495,-73.96417,40.7839636,-73.9471673,casual
988276,7FFF962C8A81EA41,docked_bike,2021-04-23 22:23:59,2021-04-23 22:31:55,Central Park W & W 97 St,7538,2 Ave & E 96 St,7338,40.792495,-73.96417,40.7839636,-73.9471673,member
988677,A95ED6AC973A42B7,docked_bike,2021-04-18 15:56:05,2021-04-18 16:02:03,Central Park W & W 97 St,7538,2 Ave & E 96 St,7338,40.792495,-73.96417,40.7839636,-73.9471673,member
988678,7BBF21D3DE601C78,docked_bike,2021-04-19 16:24:48,2021-04-19 16:30:24,Central Park W & W 97 St,7538,2 Ave & E 96 St,7338,40.792495,-73.96417,40.7839636,-73.9471673,casual
996705,16D01E7A66083A90,docked_bike,2021-04-10 18:32:29,2021-04-10 18:48:35,W 100 St & Manhattan Ave,7538,W 78 St & Amsterdam Ave,7311,40.795,-73.9645,40.782535857724106,-73.97908508777618,casual
996709,512C6B5F7B5FFCCF,docked_bike,2021-04-28 14:11:26,2021-04-28 14:22:39,W 100 St & Manhattan Ave,7538,W 78 St & Amsterdam Ave,7311,40.795,-73.9645,40.782535857724106,-73.97908508777618,member
996759,EB788797EA34B6FB,docked_bike,2021-04-02 16:20:45,2021-04-02 16:33:26,W 100 St & Manhattan Ave,7538,W 78 St & Amsterdam Ave,7311,40.795,-73.9645,40.782535857724106,-73.97908508777618,member
996764,80A467A36F7E28E3,docked_bike,2021-04-22 13:51:30,2021-04-22 14:32:02,W 100 St & Manhattan Ave,7538,Spring St & Hudson St,5653,40.795,-73.9645,40.72583996792375,-74.0076532959938,casual
996769,FEBB12C7361E039C,docked_bike,2021-04-20 14:07:39,2021-04-20 14:26:10,W 100 St & Manhattan Ave,7538,W 78 St & Amsterdam Ave,7311,40.795,-73.9645,40.782535857724106,-73.97908508777618,casual
996771,7F974948949CB31F,docked_bike,2021-04-24 13:01:08,2021-04-24 13:19:41,W 100 St & Manhattan Ave,7538,W 78 St & Amsterdam Ave,7311,40.795,-73.9645,40.782535857724106,-73.97908508777618,member
997213,24C2408D458D6D76,docked_bike,2021-04-07 18:24:33,2021-04-07 18:32:36,Central Park W & W 97 St,7538,W 78 St & Amsterdam Ave,7311,40.792495,-73.96417,40.782535857724106,-73.97908508777618,member
997214,538CAD4FB41581B8,docked_bike,2021-04-21 08:03:49,2021-04-21 08:15:32,Central Park W & W 97 St,7538,W 78 St & Amsterdam Ave,7311,40.792495,-73.96417,40.782535857724106,-73.97908508777618,member
997216,B9254255A2060724,docked_bike,2021-04-14 18:47:44,2021-04-14 18:57:34,Central Park W & W 97 St,7538,W 78 St & Amsterdam Ave,7311,40.792495,-73.96417,40.782535857724106,-73.97908508777618,member
997266,94C9499C27B1C56C,docked_bike,2021-04-28 08:07:04,2021-04-28 08:15:23,Central Park W & W 97 St,7538,W 78 St & Amsterdam Ave,7311,40.792495,-73.96417,40.782535857724106,-73.97908508777618,member
997271,1132961478CF814A,docked_bike,2021-04-10 18:10:33,2021-04-10 18:26:18,Central Park W & W 97 St,7538,W 78 St & Amsterdam Ave,7311,40.792495,-73.96417,40.782535857724106,-73.97908508777618,member
997279,3775A7F2F87EF788,docked_bike,2021-04-13 14:56:55,2021-04-13 15:24:32,Central Park W & W 97 St,7538,W 44 St & 11 Ave,6756,40.792495,-73.96417,40.762009,-73.996975,member
997280,0384B92D1E1C87D3,docked_bike,2021-04-17 10:52:51,2021-04-17 11:00:11,Central Park W & W 97 St,7538,W 78 St & Amsterdam Ave,7311,40.792495,-73.96417,40.782535857724106,-73.97908508777618,member
997282,7EA6191309253C03,docked_bike,2021-04-29 12:11:48,2021-04-29 12:27:57,Central Park W & W 97 St,7538,W 78 St & Amsterdam Ave,7311,40.792495,-73.96417,40.782535857724106,-73.97908508777618,member
997286,7EF2B3259191A70D,docked_bike,2021-04-06 17:31:49,2021-04-06 17:41:04,Central Park W & W 97 St,7538,W 78 St & Amsterdam Ave,7311,40.792495,-73.96417,40.782535857724106,-73.97908508777618,casual
997287,9E4B1DAC63B0282B,docked_bike,2021-04-16 11:20:09,2021-04-16 11:38:44,Central Park W & W 97 St,7538,W 78 St & Amsterdam Ave,7311,40.792495,-73.96417,40.782535857724106,-73.97908508777618,member
997291,4C5C9D04C0D56A20,docked_bike,2021-04-09 14:17:53,2021-04-09 14:28:48,Central Park W & W 97 St,7538,W 78 St & Amsterdam Ave,7311,40.792495,-73.96417,40.782535857724106,-73.97908508777618,member
997294,52905F0D9798FB90,docked_bike,2021-04-30 18:43:33,2021-04-30 19:05:16,Central Park W & W 97 St,7538,W 44 St & 11 Ave,6756,40.792495,-73.96417,40.762009,-73.996975,casual
997298,46495D97F3536F3B,docked_bike,2021-04-14 08:08:57,2021-04-14 08:20:04,Central Park W & W 97 St,7538,W 78 St & Amsterdam Ave,7311,40.792495,-73.96417,40.782535857724106,-73.97908508777618,member
997299,4BE9F287476BFD5B,docked_bike,2021-04-10 18:10:29,2021-04-10 18:26:35,Central Park W & W 97 St,7538,W 78 St & Amsterdam Ave,7311,40.792495,-73.96417,40.782535857724106,-73.97908508777618,member
997303,3BF3418D01DF1020,docked_bike,2021-04-04 11:58:27,2021-04-04 12:20:07,Central Park W & W 97 St,7538,W 44 St & 11 Ave,6756,40.792495,-73.964171,40.762009,-73.996975,member
997309,732D67F689A38981,docked_bike,2021-04-17 14:19:52,2021-04-17 14:19:41,Central Park W & W 97 St,7538,W 78 St & Amsterdam Ave,7311,40.792495,-73.96417,40.782535857724106,-73.97908508777618,member
997310,3521509CBDB099CB,docked_bike,2021-04-24 15:43:53,2021-04-24 15:54:24,Central Park W & W 97 St,7538,W 78 St & Amsterdam Ave,7311,40.792495,-73.96417,40.782535857724106,-73.97908508777618,casual
997313,C181906F7542848B,docked_bike,2021-04-10 10:35:35,2021-04-10 10:47:01,Central Park W & W 97 St,7538,W 78 St & Amsterdam Ave,7311,40.792495,-73.96417,40.782535857724106,-73.97908508777618,member
997315,3DB1C56E88824B0F,docked_bike,2021-04-09 16:14:01,2021-04-09 16:22:50,Central Park W & W 97 St,7538,W 78 St & Amsterdam Ave,7311,40.792495,-73.96417,40.782535857724106,-73.97908508777618,member
997318,6C1D24F9F20747F7,docked_bike,2021-04-20 13:54:30,2021-04-20 14:11:31,Central Park W & W 97 St,7538,W 78 St & Amsterdam Ave,7311,40.792495,-73.96417,40.782535857724106,-73.97908508777618,member
997325,0E16445BD256F7EB,docked_bike,2021-04-22 09:41:59,2021-04-22 10:02:16,Central Park W & W 97 St,7538,W 44 St & 11 Ave,6756,40.792495,-73.96417,40.762009,-73.996975,member
997337,F495BE71B0AA2539,docked_bike,2021-04-14 14:05:54,2021-04-14 14:15:06,Central Park W & W 97 St,7538,W 78 St & Amsterdam Ave,7311,40.792495,-73.96417,40.782535857724106,-73.97908508777618,member
997341,40DEBBBA78052FE6,docked_bike,2021-04-13 20:08:37,2021-04-13 20:20:18,Central Park W & W 97 St,7538,W 78 St & Amsterdam Ave,7311,40.792495,-73.96417,40.782535857724106,-73.97908508777618,member
997342,A3889BAE7FBF45D0,docked_bike,2021-04-14 18:47:41,2021-04-14 18:57:38,Central Park W & W 97 St,7538,W 78 St & Amsterdam Ave,7311,40.792495,-73.96417,40.782535857724106,-73.97908508777618,casual
997914,0B1B3C1D476E71C7,docked_bike,2021-04-10 10:29:23,2021-04-10 10:56:08,Central Park W & W 97 St,7538,W 78 St & Amsterdam Ave,7311,40.792495,-73.96417,40.782535857724106,-73.97908508777618,member
997915,1D5BC270173D3D66,docked_bike,2021-04-09 12:08:57,2021-04-09 12:22:40,Central Park W & W 97 St,7538,W 78 St & Amsterdam Ave,7311,40.792495,-73.96417,40.782535857724106,-73.97908508777618,member
997948,9F9EFA46C18457BD,docked_bike,2021-04-28 08:59:20,2021-04-28 09:19:36,Central Park W & W 97 St,7538,W 44 St & 11 Ave,6756,40.792495,-73.96417,40.762009,-73.996975,member
997949,998C0B116B3ABD36,docked_bike,2021-04-30 07:42:01,2021-04-30 08:02:01,Central Park W & W 97 St,7538,W 44 St & 11 Ave,6756,40.792495,-73.96417,40.762009,-73.996975,member
997950,63A3D081BC13EB43,docked_bike,2021-04-18 14:18:14,2021-04-18 14:40:06,Central Park W & W 97 St,7538,W 44 St & 11 Ave,6756,40.792495,-73.96417,40.762009,-73.996975,member
998052,E4657A17A74FE5F6,docked_bike,2021-04-17 21:50:30,2021-04-17 22:05:22,Central Park W & W 97 St,7538,W 78 St & Amsterdam Ave,7311,40.792495,-73.96417,40.782535857724106,-73.97908508777618,member
998058,9E68B5F9EF3A0383,docked_bike,2021-04-23 16:42:15,2021-04-23 16:51:53,Central Park W & W 97 St,7538,W 78 St & Amsterdam Ave,7311,40.792495,-73.96417,40.782535857724106,-73.97908508777618,member
998062,5C73BFA98B20228E,docked_bike,2021-04-10 10:28:25,2021-04-10 10:56:13,Central Park W & W 97 St,7538,W 78 St & Amsterdam Ave,7311,40.792495,-73.964171,40.782536,-73.979085,casual
1013078,A4EB1CBE84B38E74,docked_bike,2021-04-19 09:16:19,2021-04-19 09:45:04,Central Park W & W 97 St,7538,1 Ave & E 39 St,6303,40.792495,-73.96417,40.74714,-73.97113,member
1016065,7118F08A5FFBCB45,docked_bike,2021-04-19 16:03:24,2021-04-19 16:47:13,W 100 St & Manhattan Ave,7538,Avenue D & E 8 St,5575,40.795,-73.9645,40.72387,-73.975767,member
1016105,9182324284D53C0A,docked_bike,2021-04-10 17:16:22,2021-04-10 17:48:28,W 100 St & Manhattan Ave,7538,1 Ave & E 39 St,6303,40.795,-73.9645,40.74714,-73.97113,casual
1016384,46541B1BF036F0DF,docked_bike,2021-04-19 14:44:31,2021-04-19 15:15:35,W 100 St & Manhattan Ave,7538,Riverside Dr & W 148 St,8054,40.795,-73.9645,40.829114,-73.950426,member
1018982,90C16481E073F993,docked_bike,2021-04-20 23:16:01,2021-04-20 23:41:03,W 100 St & Manhattan Ave,7538,W 27 St & 7 Ave,6247,40.795,-73.9645,40.746647,-73.993915,casual
1018996,B313D1AFCF972EF7,docked_bike,2021-04-13 16:27:30,2021-04-13 17:01:46,W 100 St & Manhattan Ave,7538,W 27 St & 7 Ave,6247,40.795,-73.9645,40.746647,-73.993915,casual
1019072,431C872A5577B89C,docked_bike,2021-04-20 23:12:29,2021-04-20 23:40:55,W 100 St & Manhattan Ave,7538,W 27 St & 7 Ave,6247,40.795,-73.9645,40.746647,-73.993915,casual
1019243,210D508A1B050B53,docked_bike,2021-04-28 15:16:59,2021-04-28 15:40:22,W 100 St & Manhattan Ave,7538,W 27 St & 7 Ave,6247,40.795,-73.9645,40.746647,-73.993915,member
1020703,0CA34E465E0156BD,docked_bike,2021-04-25 06:51:59,2021-04-25 07:04:09,Central Park W & W 97 St,7538,W 54 St & 11 Ave,6955,40.792495,-73.96417,40.768333,-73.992573,member
1020709,3015A40AEBCDFCD1,docked_bike,2021-04-01 14:53:16,2021-04-01 15:16:39,Central Park W & W 97 St,7538,W 27 St & 7 Ave,6247,40.792495,-73.96417,40.746647,-73.993915,member
1020735,E1ACBF8A89E42C1A,docked_bike,2021-04-30 09:27:12,2021-04-30 09:44:50,Central Park W & W 97 St,7538,W 27 St & 7 Ave,6247,40.792495,-73.96417,40.746647,-73.993915,member
1020768,EE370A8EC2479123,docked_bike,2021-04-10 10:12:59,2021-04-10 11:07:24,Central Park W & W 97 St,7538,W 27 St & 7 Ave,6247,40.792495,-73.96417,40.746647,-73.993915,member
1020769,0E635895AF6A17BA,docked_bike,2021-04-09 16:11:31,2021-04-09 16:29:29,Central Park W & W 97 St,7538,W 27 St & 7 Ave,6247,40.792495,-73.96417,40.746647,-73.993915,member
1020772,72ED1B76A30A80CE,docked_bike,2021-04-13 08:15:11,2021-04-13 08:42:55,Central Park W & W 97 St,7538,W 27 St & 7 Ave,6247,40.792495,-73.96417,40.746647,-73.993915,member
1020781,87186AA61BF61D70,docked_bike,2021-04-04 15:37:28,2021-04-04 15:55:42,Central Park W & W 97 St,7538,W 54 St & 11 Ave,6955,40.792495,-73.96417,40.768333,-73.992573,member
1020895,DED67BAC6DCD601C,docked_bike,2021-04-05 20:40:28,2021-04-05 21:08:56,Central Park W & W 97 St,7538,W 54 St & 11 Ave,6955,40.792495,-73.96417,40.768333,-73.992573,member
1021029,61C0781CC11A5A33,docked_bike,2021-04-03 16:57:35,2021-04-03 17:26:37,Central Park W & W 97 St,7538,W 27 St & 7 Ave,6247,40.792495,-73.96417,40.746647,-73.993915,member
1021445,159A18C7C065D64F,docked_bike,2021-04-10 13:14:25,2021-04-10 13:38:30,Central Park W & W 97 St,7538,W 54 St & 11 Ave,6955,40.792495,-73.96417,40.768333,-73.992573,casual
1021500,22DF1A969DA04785,docked_bike,2021-04-01 22:25:22,2021-04-01 22:51:39,Central Park W & W 97 St,7538,Grand Concourse & East Mount Eden Ave,8265,40.792495,-73.96417,40.84301,-73.91172,member
1021503,997610ABE6E2A31A,docked_bike,2021-04-05 20:39:52,2021-04-05 21:08:56,Central Park W & W 97 St,7538,W 54 St & 11 Ave,6955,40.792495,-73.964171,40.768333,-73.992573,casual
1041415,48F5D1D839ABA90C,docked_bike,2021-04-26 17:07:17,2021-04-26 17:12:11,Central Park W & W 97 St,7538,W 106 St & Central Park West,7606,40.792495,-73.964171,40.798186,-73.960591,casual
1041416,31EA036BB29D2C8E,docked_bike,2021-04-11 22:31:06,2021-04-11 22:32:09,Central Park W & W 97 St,7538,Central Park W & W 103 St,7577,40.792495,-73.96417,40.79603684159984,-73.96158903853575,member
1041426,F520A5B575F1CCA5,docked_bike,2021-04-23 15:09:19,2021-04-23 15:11:28,Central Park W & W 97 St,7538,W 106 St & Central Park West,7606,40.792495,-73.96417,40.7981856,-73.9605909006,member
1041428,80CC227516A97B1E,docked_bike,2021-04-30 13:48:16,2021-04-30 13:49:58,Central Park W & W 97 St,7538,Central Park W & W 103 St,7577,40.792495,-73.96417,40.79603684159984,-73.96158903853575,member
1041438,D4EA56B4F788E0AD,docked_bike,2021-04-24 09:55:43,2021-04-24 09:59:06,Central Park W & W 97 St,7538,W 106 St & Central Park West,7606,40.792495,-73.96417,40.7981856,-73.9605909006,member
1041439,036D193E376904B6,docked_bike,2021-04-21 11:26:01,2021-04-21 12:40:23,Central Park W & W 97 St,7538,Central Park W & W 103 St,7577,40.792495,-73.96417,40.79603684159984,-73.96158903853575,casual
1041441,A7956F0592B072FD,docked_bike,2021-04-23 12:16:26,2021-04-23 12:18:43,Central Park W & W 97 St,7538,W 106 St & Central Park West,7606,40.792495,-73.96417,40.7981856,-73.9605909006,member
1041442,DF34CCC2DAB7CAF6,docked_bike,2021-04-09 12:57:39,2021-04-09 13:27:59,Central Park W & W 97 St,7538,Central Park W & W 103 St,7577,40.792495,-73.96417,40.79603684159984,-73.96158903853575,member
1041446,C96603338B60AFC5,docked_bike,2021-04-06 20:46:08,2021-04-06 20:48:05,Central Park W & W 97 St,7538,Central Park W & W 103 St,7577,40.792495,-73.96417,40.79603684159984,-73.96158903853575,casual
1041448,F4192E8070288B4A,docked_bike,2021-04-14 23:36:54,2021-04-14 23:36:47,Central Park W & W 97 St,7538,Broadway & W 131 St,7865,40.792495,-73.96417,40.817555,-73.957163,member
1041451,26AC5935E901F332,docked_bike,2021-04-16 15:28:01,2021-04-16 15:43:46,Central Park W & W 97 St,7538,E 118 St & 1 Ave,7596,40.792495,-73.96417,40.79747,-73.93504,casual
1041456,58BDDB63CDE61698,docked_bike,2021-04-04 13:05:53,2021-04-04 13:12:52,Central Park W & W 97 St,7538,Central Park W & W 103 St,7577,40.792495,-73.964171,40.796037,-73.961589,member
1041457,5C3FF1DF002EC268,docked_bike,2021-04-13 09:28:07,2021-04-13 09:34:35,Central Park W & W 97 St,7538,W 106 St & Central Park West,7606,40.792495,-73.96417,40.7981856,-73.9605909006,member
1041459,926269F2CC03A667,docked_bike,2021-04-21 11:25:10,2021-04-21 12:40:29,Central Park W & W 97 St,7538,Central Park W & W 103 St,7577,40.792495,-73.96417,40.79603684159984,-73.96158903853575,casual
1041460,E3ECF5C8AC9270DC,docked_bike,2021-04-04 17:16:38,2021-04-04 17:47:33,Central Park W & W 97 St,7538,Central Park W & W 103 St,7577,40.792495,-73.96417,40.79603684159984,-73.96158903853575,member
1041461,75F7CB1D8859FF1B,docked_bike,2021-04-18 18:02:37,2021-04-18 18:34:02,Central Park W & W 97 St,7538,University Pl & E 14 St,5905,40.792495,-73.964171,40.734814,-73.992085,casual
1041464,74350ACEC73608A3,docked_bike,2021-04-28 18:55:08,2021-04-28 18:59:20,Central Park W & W 97 St,7538,W 106 St & Central Park West,7606,40.792495,-73.96417,40.7981856,-73.9605909006,member
1041466,1C4F552784BD6EAD,docked_bike,2021-04-09 12:49:40,2021-04-09 12:53:05,Central Park W & W 97 St,7538,W 106 St & Central Park West,7606,40.792495,-73.96417,40.7981856,-73.9605909006,member
1041477,487C92A97973D7E0,docked_bike,2021-04-30 13:26:27,2021-04-30 13:38:26,Central Park W & W 97 St,7538,W 106 St & Central Park West,7606,40.792495,-73.964171,40.798186,-73.960591,casual
1041479,A2288ECF8D8E35E4,docked_bike,2021-04-07 07:25:19,2021-04-07 07:28:05,Central Park W & W 97 St,7538,W 106 St & Central Park West,7606,40.792495,-73.96417,40.7981856,-73.9605909006,member
1041480,FB022B63B9620D54,docked_bike,2021-04-15 06:25:56,2021-04-15 06:25:52,Central Park W & W 97 St,7538,Central Park W & W 103 St,7577,40.792495,-73.96417,40.79603684159984,-73.96158903853575,casual
1041483,9985546C2F25E287,docked_bike,2021-04-26 17:07:09,2021-04-26 17:12:15,Central Park W & W 97 St,7538,W 106 St & Central Park West,7606,40.792495,-73.964171,40.798186,-73.960591,casual
1041484,B6F2FCF6560E3FCD,docked_bike,2021-04-18 15:05:53,2021-04-18 15:29:00,Central Park W & W 97 St,7538,University Pl & E 14 St,5905,40.792495,-73.96417,40.734814,-73.992085,member
1041486,B393F902D1B28E85,docked_bike,2021-04-23 12:31:03,2021-04-23 12:33:20,Central Park W & W 97 St,7538,Central Park W & W 103 St,7577,40.792495,-73.96417,40.79603684159984,-73.96158903853575,member
1041489,50271613EB5B586E,docked_bike,2021-04-26 18:44:56,2021-04-26 19:16:18,Central Park W & W 97 St,7538,W 106 St & Central Park West,7606,40.792495,-73.96417,40.7981856,-73.9605909006,member
1041491,AF166E0A10C6081F,docked_bike,2021-04-27 21:20:36,2021-04-27 21:40:19,Central Park W & W 97 St,7538,Broadway & W 131 St,7865,40.792495,-73.96417,40.817555,-73.957163,member
1041492,AD51D18F42695BBE,docked_bike,2021-04-23 18:14:51,2021-04-23 18:16:37,Central Park W & W 97 St,7538,Central Park W & W 103 St,7577,40.792495,-73.96417,40.79603684159984,-73.96158903853575,member
1041501,E4DC792F096D7218,docked_bike,2021-04-28 16:02:49,2021-04-28 16:46:32,Central Park W & W 97 St,7538,W 106 St & Central Park West,7606,40.792495,-73.96417,40.7981856,-73.9605909006,casual
1041519,6E5C6226D1F79100,docked_bike,2021-04-20 13:21:41,2021-04-20 13:31:49,Central Park W & W 97 St,7538,Central Park W & W 103 St,7577,40.792495,-73.96417,40.79603684159984,-73.96158903853575,member
1041535,27628C665EB58499,docked_bike,2021-04-07 09:31:41,2021-04-07 09:33:07,Central Park W & W 97 St,7538,Central Park W & W 103 St,7577,40.792495,-73.96417,40.79603684159984,-73.96158903853575,member
1041544,59D3BDA1D1D6AC80,docked_bike,2021-04-28 16:02:54,2021-04-28 16:46:35,Central Park W & W 97 St,7538,W 106 St & Central Park West,7606,40.792495,-73.96417,40.7981856,-73.9605909006,casual
1041547,1211188552C85505,docked_bike,2021-04-28 19:01:04,2021-04-28 19:46:56,Central Park W & W 97 St,7538,Central Park W & W 103 St,7577,40.792495,-73.96417,40.79603684159984,-73.96158903853575,casual
1041551,019365D2309F19B0,docked_bike,2021-04-28 18:48:43,2021-04-28 18:51:52,Central Park W & W 97 St,7538,Central Park W & W 103 St,7577,40.792495,-73.96417,40.79603684159984,-73.96158903853575,member
1041577,787E1C076C718E6B,docked_bike,2021-04-03 18:10:57,2021-04-03 18:12:40,Central Park W & W 97 St,7538,Central Park W & W 103 St,7577,40.792495,-73.96417,40.79603684159984,-73.96158903853575,member
1041579,94EF5B21717D6398,docked_bike,2021-04-23 12:31:49,2021-04-23 12:33:57,Central Park W & W 97 St,7538,W 106 St & Central Park West,7606,40.792495,-73.96417,40.7981856,-73.9605909006,member
1041602,14C00A72CF3CAE5A,docked_bike,2021-04-06 18:42:31,2021-04-06 18:46:08,Central Park W & W 97 St,7538,Central Park W & W 103 St,7577,40.792495,-73.96417,40.79603684159984,-73.96158903853575,member
1041603,59584C6D1D267BE5,docked_bike,2021-04-26 17:05:25,2021-04-26 17:08:56,Central Park W & W 97 St,7538,W 106 St & Central Park West,7606,40.792495,-73.96417,40.7981856,-73.9605909006,member
1041604,43C8CD0A05C4DBDE,docked_bike,2021-04-04 18:09:23,2021-04-04 18:42:30,Central Park W & W 97 St,7538,Central Park W & W 103 St,7577,40.792495,-73.96417,40.79603684159984,-73.96158903853575,casual
1041605,E0C6616D6B0DCE6B,docked_bike,2021-04-13 16:39:15,2021-04-13 16:53:08,Central Park W & W 97 St,7538,W 106 St & Central Park West,7606,40.792495,-73.96417,40.7981856,-73.9605909006,member
1041606,AF9A05B31DDB4923,docked_bike,2021-04-18 11:37:43,2021-04-18 11:39:28,Central Park W & W 97 St,7538,Central Park W & W 103 St,7577,40.792495,-73.96417,40.79603684159984,-73.96158903853575,member
1041607,E0DFD1AA8921A621,docked_bike,2021-04-25 14:41:55,2021-04-25 14:44:17,Central Park W & W 97 St,7538,W 106 St & Central Park West,7606,40.792495,-73.96417,40.7981856,-73.9605909006,member
1041609,24903088B04E764E,docked_bike,2021-04-16 13:07:28,2021-04-16 13:08:54,Central Park W & W 97 St,7538,Central Park W & W 103 St,7577,40.792495,-73.96417,40.79603684159984,-73.96158903853575,member
1041611,574BCCB283CFB0D2,docked_bike,2021-04-23 16:24:15,2021-04-23 17:43:21,Central Park W & W 97 St,7538,Central Park W & W 103 St,7577,40.792495,-73.96417,40.79603684159984,-73.96158903853575,casual
1041614,6F052EE3174FBD97,docked_bike,2021-04-21 04:44:59,2021-04-21 04:46:28,Central Park W & W 97 St,7538,Central Park W & W 103 St,7577,40.792495,-73.96417,40.79603684159984,-73.96158903853575,member
1041624,2FBBDED15E09EF7D,docked_bike,2021-04-30 17:44:12,2021-04-30 17:49:38,Central Park W & W 97 St,7538,Central Park W & W 103 St,7577,40.792495,-73.96417,40.79603684159984,-73.96158903853575,member
1041632,0CD3AA20BA68CF4E,docked_bike,2021-04-19 09:01:36,2021-04-19 09:09:19,Central Park W & W 97 St,7538,W 106 St & Central Park West,7606,40.792495,-73.96417,40.7981856,-73.9605909006,member
1041633,8CA217029380CF80,docked_bike,2021-04-19 14:57:40,2021-04-19 14:59:45,Central Park W & W 97 St,7538,Central Park W & W 103 St,7577,40.792495,-73.96417,40.79603684159984,-73.96158903853575,member
1041635,A2B008C8DA6F0F86,docked_bike,2021-04-24 04:45:29,2021-04-24 04:46:36,Central Park W & W 97 St,7538,Central Park W & W 103 St,7577,40.792495,-73.96417,40.79603684159984,-73.96158903853575,member
1041636,BDFA7E1681C47A98,docked_bike,2021-04-10 19:20:17,2021-04-10 19:24:29,Central Park W & W 97 St,7538,W 106 St & Central Park West,7606,40.792495,-73.96417,40.7981856,-73.9605909006,casual
1041640,62C41B962583137A,docked_bike,2021-04-10 12:14:16,2021-04-10 12:32:58,Central Park W & W 97 St,7538,Broadway & W 131 St,7865,40.792495,-73.96417,40.817555,-73.957163,member
1041643,830A577C0C2F2561,docked_bike,2021-04-22 13:15:34,2021-04-22 13:27:02,Central Park W & W 97 St,7538,W 106 St & Central Park West,7606,40.792495,-73.96417,40.7981856,-73.9605909006,member
1041646,0DE3E867C3AE66E1,docked_bike,2021-04-22 08:20:50,2021-04-22 08:23:11,Central Park W & W 97 St,7538,W 106 St & Central Park West,7606,40.792495,-73.96417,40.7981856,-73.9605909006,member
1041647,14E9775A7263D64E,docked_bike,2021-04-15 08:23:50,2021-04-15 08:23:31,Central Park W & W 97 St,7538,W 106 St & Central Park West,7606,40.792495,-73.96417,40.7981856,-73.9605909006,member
1041648,22549932CEF37209,docked_bike,2021-04-08 08:22:27,2021-04-08 08:25:01,Central Park W & W 97 St,7538,W 106 St & Central Park West,7606,40.792495,-73.96417,40.7981856,-73.9605909006,member
1041658,21E8F6F4CF705C47,docked_bike,2021-04-25 22:13:22,2021-04-25 22:14:35,Central Park W & W 97 St,7538,Central Park W & W 103 St,7577,40.792495,-73.96417,40.79603684159984,-73.96158903853575,member
1041659,116CA55565468942,docked_bike,2021-04-08 12:43:38,2021-04-08 12:44:56,Central Park W & W 97 St,7538,Central Park W & W 103 St,7577,40.792495,-73.96417,40.79603684159984,-73.96158903853575,member
1041661,CC1E0BB3DF7562CF,docked_bike,2021-04-23 16:28:38,2021-04-23 17:43:32,Central Park W & W 97 St,7538,Central Park W & W 103 St,7577,40.792495,-73.96417,40.79603684159984,-73.96158903853575,casual
1041664,6F2BA314955F5891,docked_bike,2021-04-30 19:32:02,2021-04-30 19:33:46,Central Park W & W 97 St,7538,Central Park W & W 103 St,7577,40.792495,-73.96417,40.79603684159984,-73.96158903853575,member
1041671,23FF0280DDE34242,docked_bike,2021-04-28 16:44:15,2021-04-28 16:48:04,Central Park W & W 97 St,7538,W 106 St & Central Park West,7606,40.792495,-73.96417,40.7981856,-73.9605909006,member
1041672,962F0F612465F523,docked_bike,2021-04-05 17:08:09,2021-04-05 17:16:59,Central Park W & W 97 St,7538,W 106 St & Central Park West,7606,40.792495,-73.96417,40.7981856,-73.9605909006,casual
1041673,55B75F40B1192E7D,docked_bike,2021-04-07 07:09:31,2021-04-07 07:11:47,Central Park W & W 97 St,7538,Central Park W & W 103 St,7577,40.792495,-73.96417,40.79603684159984,-73.96158903853575,member
1041675,8EB6C610BEAC09B2,docked_bike,2021-04-19 18:37:16,2021-04-19 18:40:10,Central Park W & W 97 St,7538,W 106 St & Central Park West,7606,40.792495,-73.96417,40.7981856,-73.9605909006,casual
1041677,528B548B4BF38CA2,docked_bike,2021-04-29 11:04:18,2021-04-29 11:06:21,Central Park W & W 97 St,7538,Central Park W & W 103 St,7577,40.792495,-73.96417,40.79603684159984,-73.96158903853575,member
1041678,4F0F46D1A04732ED,docked_bike,2021-04-23 18:22:53,2021-04-23 18:35:22,Central Park W & W 97 St,7538,Central Park W & W 103 St,7577,40.792495,-73.96417,40.79603684159984,-73.96158903853575,casual
1041679,440D0E7241CC7707,docked_bike,2021-04-03 17:03:04,2021-04-03 17:59:22,Central Park W & W 97 St,7538,University Pl & E 14 St,5905,40.792495,-73.96417,40.734814,-73.992085,member
1041680,2921DD7116B8E771,docked_bike,2021-04-03 14:15:40,2021-04-03 14:18:27,Central Park W & W 97 St,7538,Central Park W & W 103 St,7577,40.792495,-73.96417,40.79603684159984,-73.96158903853575,member
1041681,66C7FAEE4DFCCCDB,docked_bike,2021-04-10 19:20:23,2021-04-10 19:24:13,Central Park W & W 97 St,7538,W 106 St & Central Park West,7606,40.792495,-73.96417,40.7981856,-73.9605909006,casual
1041682,1DE4792E16E87DC4,docked_bike,2021-04-14 16:39:43,2021-04-14 16:41:41,Central Park W & W 97 St,7538,Central Park W & W 103 St,7577,40.792495,-73.96417,40.79603684159984,-73.96158903853575,member
1041683,4CCE2AD439106B30,docked_bike,2021-04-18 11:14:56,2021-04-18 12:12:42,Central Park W & W 97 St,7538,Central Park W & W 103 St,7577,40.792495,-73.964171,40.796037,-73.961589,casual
1041696,2D2939F1204C238E,docked_bike,2021-04-17 09:41:27,2021-04-17 09:41:27,Central Park W & W 97 St,7538,W 106 St & Central Park West,7606,40.792495,-73.96417,40.7981856,-73.9605909006,member
1041698,CDA1C789AB1F4DB0,docked_bike,2021-04-05 15:12:14,2021-04-05 15:14:25,Central Park W & W 97 St,7538,Central Park W & W 103 St,7577,40.792495,-73.96417,40.79603684159984,-73.96158903853575,member
1041701,8211C4980C7B5BD3,docked_bike,2021-04-24 07:05:14,2021-04-24 07:06:44,Central Park W & W 97 St,7538,Central Park W & W 103 St,7577,40.792495,-73.96417,40.79603684159984,-73.96158903853575,member
1041705,CC42505A7BA03361,docked_bike,2021-04-10 06:11:09,2021-04-10 06:12:34,Central Park W & W 97 St,7538,Central Park W & W 103 St,7577,40.792495,-73.964171,40.796037,-73.961589,member
1041707,D3EE6D75AB0A260D,docked_bike,2021-04-20 15:19:45,2021-04-20 15:22:55,Central Park W & W 97 St,7538,W 106 St & Central Park West,7606,40.792495,-73.96417,40.7981856,-73.9605909006,casual
1041708,8D077E19030EEA53,docked_bike,2021-04-26 20:35:33,2021-04-26 20:40:03,Central Park W & W 97 St,7538,W 106 St & Central Park West,7606,40.792495,-73.96417,40.7981856,-73.9605909006,member
1041709,F79D120DDF346B23,docked_bike,2021-04-27 17:37:37,2021-04-27 18:10:28,Central Park W & W 97 St,7538,Lafayette St & E 8 St,5788,40.792495,-73.96417,40.73020660529954,-73.99102628231049,member
1041710,2B06B5C7A89DB8F6,docked_bike,2021-04-18 10:59:32,2021-04-18 12:12:48,Central Park W & W 97 St,7538,Central Park W & W 103 St,7577,40.792495,-73.96417,40.79603684159984,-73.96158903853575,casual
1041714,F62F8ECC66375BA1,docked_bike,2021-04-21 21:59:41,2021-04-21 22:03:14,Central Park W & W 97 St,7538,W 106 St & Central Park West,7606,40.792495,-73.96417,40.7981856,-73.9605909006,casual
1041715,4DBB7D05E546C883,docked_bike,2021-04-13 12:47:57,2021-04-13 13:27:28,Central Park W & W 97 St,7538,University Pl & E 14 St,5905,40.792495,-73.96417,40.734814,-73.992085,member
1041717,509E9760141DE7A3,docked_bike,2021-04-18 11:00:39,2021-04-18 12:12:31,Central Park W & W 97 St,7538,Central Park W & W 103 St,7577,40.792495,-73.96417,40.79603684159984,-73.96158903853575,casual
1041723,EC1D88E469562270,docked_bike,2021-04-19 14:43:35,2021-04-19 14:50:24,Central Park W & W 97 St,7538,W 106 St & Central Park West,7606,40.792495,-73.96417,40.7981856,-73.9605909006,member
1041724,52AAFE3E57C13121,docked_bike,2021-04-21 15:38:06,2021-04-21 15:47:39,Central Park W & W 97 St,7538,W 106 St & Central Park West,7606,40.792495,-73.96417,40.7981856,-73.9605909006,member
1041730,DB2915C949947732,docked_bike,2021-04-13 20:16:14,2021-04-13 21:01:15,Central Park W & W 97 St,7538,Central Park W & W 103 St,7577,40.792495,-73.96417,40.79603684159984,-73.96158903853575,casual
1041731,BBE1CA79E3C1D7E7,docked_bike,2021-04-28 13:55:33,2021-04-28 13:57:43,Central Park W & W 97 St,7538,Central Park W & W 103 St,7577,40.792495,-73.96417,40.79603684159984,-73.96158903853575,member
1041738,DB066D6E39E4632A,docked_bike,2021-04-28 18:56:25,2021-04-28 19:47:07,Central Park W & W 97 St,7538,Central Park W & W 103 St,7577,40.792495,-73.96417,40.79603684159984,-73.96158903853575,casual
1041740,9421AFEB843069C5,docked_bike,2021-04-17 05:58:44,2021-04-17 05:58:41,Central Park W & W 97 St,7538,Central Park W & W 103 St,7577,40.792495,-73.96417,40.79603684159984,-73.96158903853575,member
1041742,0F40EED9F08186D4,docked_bike,2021-04-28 17:56:08,2021-04-28 18:25:24,Central Park W & W 97 St,7538,E 118 St & 1 Ave,7596,40.792495,-73.96417,40.79747,-73.93504,member
1041745,5B318598693090BD,docked_bike,2021-04-21 10:04:59,2021-04-21 10:09:47,Central Park W & W 97 St,7538,W 106 St & Central Park West,7606,40.792495,-73.96417,40.7981856,-73.9605909006,member
1041748,BFEA5E036309970C,docked_bike,2021-04-05 20:16:36,2021-04-05 20:40:42,Central Park W & W 97 St,7538,Broadway & W 131 St,7865,40.792495,-73.96417,40.817555,-73.957163,member
1042103,7061B80DCC027CB2,docked_bike,2021-04-20 20:19:39,2021-04-20 20:51:17,Central Park W & W 97 St,7538,Central Park W & W 103 St,7577,40.792495,-73.96417,40.79603684159984,-73.96158903853575,member
1042104,FBDD009BED600599,docked_bike,2021-04-23 18:22:56,2021-04-23 18:35:06,Central Park W & W 97 St,7538,Central Park W & W 103 St,7577,40.792495,-73.96417,40.79603684159984,-73.96158903853575,casual
1042110,1C94FC14309C1FB8,docked_bike,2021-04-18 14:57:39,2021-04-18 15:25:22,Central Park W & W 97 St,7538,W 106 St & Central Park West,7606,40.792495,-73.96417,40.7981856,-73.9605909006,casual
1042113,FD4B3266DD4C6DBF,docked_bike,2021-04-26 06:12:22,2021-04-26 06:13:37,Central Park W & W 97 St,7538,Central Park W & W 103 St,7577,40.792495,-73.96417,40.79603684159984,-73.96158903853575,member
1042114,D3B8DFF7441B7DB5,docked_bike,2021-04-15 07:12:33,2021-04-15 07:12:32,Central Park W & W 97 St,7538,Central Park W & W 103 St,7577,40.792495,-73.96417,40.79603684159984,-73.96158903853575,member
1042116,4C9C0174E290C365,docked_bike,2021-04-04 14:32:13,2021-04-04 14:35:12,Central Park W & W 97 St,7538,Central Park W & W 103 St,7577,40.792495,-73.96417,40.79603684159984,-73.96158903853575,casual
1042123,1CB970C2BDEDE049,docked_bike,2021-04-21 07:16:19,2021-04-21 07:17:48,Central Park W & W 97 St,7538,Central Park W & W 103 St,7577,40.792495,-73.96417,40.79603684159984,-73.96158903853575,member
1042125,296FF3B4B985CA92,docked_bike,2021-04-06 14:58:54,2021-04-06 15:01:37,Central Park W & W 97 St,7538,Central Park W & W 103 St,7577,40.792495,-73.964171,40.796037,-73.961589,casual
1042127,7D75F0D2E1869EE5,docked_bike,2021-04-12 13:07:14,2021-04-12 13:09:39,Central Park W & W 97 St,7538,W 106 St & Central Park West,7606,40.792495,-73.96417,40.7981856,-73.9605909006,member
1042131,846CBEDAE17A00F0,docked_bike,2021-04-04 13:11:03,2021-04-04 14:00:04,Central Park W & W 97 St,7538,Central Park W & W 103 St,7577,40.792495,-73.964171,40.796037,-73.961589,member
1042134,EC908ADD996D29DC,docked_bike,2021-04-07 09:56:02,2021-04-07 09:59:28,Central Park W & W 97 St,7538,W 106 St & Central Park West,7606,40.792495,-73.96417,40.7981856,-73.9605909006,casual
1042135,0AACF08762FB9F50,docked_bike,2021-04-04 22:31:42,2021-04-04 22:32:57,Central Park W & W 97 St,7538,Central Park W & W 103 St,7577,40.792495,-73.96417,40.79603684159984,-73.96158903853575,member
1042136,E49F3BD56A259E5B,docked_bike,2021-04-28 16:02:10,2021-04-28 16:46:37,Central Park W & W 97 St,7538,W 106 St & Central Park West,7606,40.792495,-73.96417,40.7981856,-73.9605909006,casual
1042137,54BBB22CD43022A5,docked_bike,2021-04-10 13:06:17,2021-04-10 13:09:43,Central Park W & W 97 St,7538,W 106 St & Central Park West,7606,40.792495,-73.96417,40.7981856,-73.9605909006,member
1042139,F7AC7E2474F866C3,docked_bike,2021-04-26 17:46:00,2021-04-26 17:49:24,Central Park W & W 97 St,7538,W 106 St & Central Park West,7606,40.792495,-73.96417,40.7981856,-73.9605909006,member
1042140,CC57F0755C4D4E76,docked_bike,2021-04-18 11:05:09,2021-04-18 12:12:28,Central Park W & W 97 St,7538,Central Park W & W 103 St,7577,40.792495,-73.96417,40.79603684159984,-73.96158903853575,casual
1042387,B38808CF784626CC,docked_bike,2021-04-01 18:32:57,2021-04-01 18:35:09,Central Park W & W 97 St,7538,W 106 St & Central Park West,7606,40.792495,-73.96417,40.7981856,-73.9605909006,member
1042400,9C4726D244BC8999,docked_bike,2021-04-29 05:31:41,2021-04-29 05:32:47,Central Park W & W 97 St,7538,Central Park W & W 103 St,7577,40.792495,-73.96417,40.79603684159984,-73.96158903853575,member
1042401,69CE36DE2CD7A703,docked_bike,2021-04-17 15:13:03,2021-04-17 15:13:03,Central Park W & W 97 St,7538,Central Park W & W 103 St,7577,40.792495,-73.96417,40.79603684159984,-73.96158903853575,member
1042405,4D99DBEFF68F364E,docked_bike,2021-04-18 14:57:52,2021-04-18 15:25:33,Central Park W & W 97 St,7538,W 106 St & Central Park West,7606,40.792495,-73.96417,40.7981856,-73.9605909006,casual
1042407,99D39496294327F6,docked_bike,2021-04-22 10:27:14,2021-04-22 10:30:23,Central Park W & W 97 St,7538,W 106 St & Central Park West,7606,40.792495,-73.96417,40.7981856,-73.9605909006,member
1042408,A73D4A23DE7D28D6,docked_bike,2021-04-03 14:08:47,2021-04-03 14:10:59,Central Park W & W 97 St,7538,W 106 St & Central Park West,7606,40.792495,-73.96417,40.7981856,-73.9605909006,member
1042409,243B7637531E3CC7,docked_bike,2021-04-28 19:07:55,2021-04-28 19:45:54,Central Park W & W 97 St,7538,Central Park W & W 103 St,7577,40.792495,-73.96417,40.79603684159984,-73.96158903853575,casual
1042410,E7346E9E7C41AD5F,docked_bike,2021-04-20 20:19:24,2021-04-20 20:51:18,Central Park W & W 97 St,7538,Central Park W & W 103 St,7577,40.792495,-73.96417,40.79603684159984,-73.96158903853575,member
1042412,3A93AB6517CCDF73,docked_bike,2021-04-10 12:49:17,2021-04-10 13:21:20,Central Park W & W 97 St,7538,Central Park W & W 103 St,7577,40.792495,-73.96417,40.79603684159984,-73.96158903853575,member
1042415,B92AAC3CBB47CC8E,docked_bike,2021-04-08 13:53:08,2021-04-08 13:55:39,Central Park W & W 97 St,7538,W 106 St & Central Park West,7606,40.792495,-73.96417,40.7981856,-73.9605909006,member
1042589,F5BAD6644D3F21F7,docked_bike,2021-04-23 19:16:05,2021-04-23 19:19:08,Central Park W & W 97 St,7538,W 106 St & Central Park West,7606,40.792495,-73.96417,40.7981856,-73.9605909006,member
1042591,4973018149EF2985,docked_bike,2021-04-26 16:55:44,2021-04-26 16:57:46,Central Park W & W 97 St,7538,Central Park W & W 103 St,7577,40.792495,-73.96417,40.79603684159984,-73.96158903853575,member
1042593,972553CAE0D4E546,docked_bike,2021-04-20 16:12:33,2021-04-20 16:17:34,Central Park W & W 97 St,7538,Central Park W & W 103 St,7577,40.792495,-73.96417,40.79603684159984,-73.96158903853575,member
1042594,231AD83EBB494B47,docked_bike,2021-04-18 06:07:19,2021-04-18 06:09:02,Central Park W & W 97 St,7538,Central Park W & W 103 St,7577,40.792495,-73.96417,40.79603684159984,-73.96158903853575,member
1042595,88A3B4885C28E349,docked_bike,2021-04-18 11:15:32,2021-04-18 12:12:29,Central Park W & W 97 St,7538,Central Park W & W 103 St,7577,40.792495,-73.96417,40.79603684159984,-73.96158903853575,casual
1042598,2768B05A186C97BD,docked_bike,2021-04-04 16:04:59,2021-04-04 16:07:53,Central Park W & W 97 St,7538,Central Park W & W 103 St,7577,40.792495,-73.96417,40.79603684159984,-73.96158903853575,member
1042601,60287FC1D439D47E,docked_bike,2021-04-07 21:54:29,2021-04-07 22:17:57,Central Park W & W 97 St,7538,Broadway & W 131 St,7865,40.792495,-73.96417,40.817555,-73.957163,member
1042602,CA0D20289F48E555,docked_bike,2021-04-06 21:39:36,2021-04-06 22:01:43,Central Park W & W 97 St,7538,Broadway & W 131 St,7865,40.792495,-73.96417,40.817555,-73.957163,member
1042810,10F7E7A1D6F6D4DA,docked_bike,2021-04-07 19:12:37,2021-04-07 19:15:36,W 100 St & Manhattan Ave,7538,W 106 St & Central Park West,7606,40.795,-73.9645,40.7981856,-73.9605909006,member
1042811,FC11807672B812BB,docked_bike,2021-04-26 15:53:31,2021-04-26 16:49:30,W 100 St & Manhattan Ave,7538,W 106 St & Central Park West,7606,40.795,-73.9645,40.7981856,-73.9605909006,member
1042812,CEBAB857A697D507,docked_bike,2021-04-22 13:17:22,2021-04-22 13:18:53,W 100 St & Manhattan Ave,7538,Central Park W & W 103 St,7577,40.795,-73.9645,40.79603684159984,-73.96158903853575,member
1042820,1F1B7F6588582B90,docked_bike,2021-04-14 07:27:28,2021-04-14 07:30:49,W 100 St & Manhattan Ave,7538,W 106 St & Central Park West,7606,40.795,-73.9645,40.7981856,-73.9605909006,member
1042821,4256891D5A50F3F9,docked_bike,2021-04-05 19:52:48,2021-04-05 19:57:24,W 100 St & Manhattan Ave,7538,W 106 St & Central Park West,7606,40.795,-73.9645,40.7981856,-73.9605909006,member
1042832,FD8DFA4A589050AC,docked_bike,2021-04-09 16:56:38,2021-04-09 16:59:41,W 100 St & Manhattan Ave,7538,W 106 St & Central Park West,7606,40.795,-73.9645,40.7981856,-73.9605909006,member
1042834,09648580B1BF41EF,docked_bike,2021-04-10 12:55:59,2021-04-10 13:35:35,W 100 St & Manhattan Ave,7538,Central Park W & W 103 St,7577,40.795,-73.9645,40.79603684159984,-73.96158903853575,casual
1042837,CB9BB8FD1ACBA46E,docked_bike,2021-04-07 12:21:54,2021-04-07 12:26:17,W 100 St & Manhattan Ave,7538,W 106 St & Central Park West,7606,40.795,-73.9645,40.7981856,-73.9605909006,member
1042838,B1D401698AEC91B9,docked_bike,2021-04-10 20:13:05,2021-04-10 20:16:00,W 100 St & Manhattan Ave,7538,W 106 St & Central Park West,7606,40.795,-73.9645,40.7981856,-73.9605909006,member
1042839,A6051BB656ED9A23,docked_bike,2021-04-17 18:46:16,2021-04-17 18:49:19,W 100 St & Manhattan Ave,7538,W 106 St & Central Park West,7606,40.795,-73.9645,40.7981856,-73.9605909006,member
1042851,A6BBC183E970FA40,docked_bike,2021-04-14 10:48:32,2021-04-14 11:16:46,W 100 St & Manhattan Ave,7538,Central Park W & W 103 St,7577,40.795,-73.9645,40.79603684159984,-73.96158903853575,member
1042857,463E25F960D7387E,docked_bike,2021-04-08 15:49:54,2021-04-08 15:51:23,W 100 St & Manhattan Ave,7538,Central Park W & W 103 St,7577,40.795,-73.9645,40.79603684159984,-73.96158903853575,member
1042860,5CBDBF7E76E121CB,docked_bike,2021-04-28 07:42:40,2021-04-28 07:45:42,W 100 St & Manhattan Ave,7538,W 106 St & Central Park West,7606,40.795,-73.9645,40.7981856,-73.9605909006,member
1042861,173077EF3407C104,docked_bike,2021-04-06 18:03:07,2021-04-06 18:05:42,W 100 St & Manhattan Ave,7538,Central Park W & W 103 St,7577,40.795,-73.9645,40.79603684159984,-73.96158903853575,member
1042863,E650D07597968BC2,docked_bike,2021-04-20 13:51:41,2021-04-20 14:27:16,W 100 St & Manhattan Ave,7538,W 106 St & Central Park West,7606,40.795,-73.9645,40.7981856,-73.9605909006,member
1042865,C464B64C10558B6E,docked_bike,2021-04-11 12:33:40,2021-04-11 12:44:42,W 100 St & Manhattan Ave,7538,W 106 St & Central Park West,7606,40.795,-73.9645,40.7981856,-73.9605909006,member
1042868,CE8409A6208EAEE5,docked_bike,2021-04-07 17:22:11,2021-04-07 18:12:37,W 100 St & Manhattan Ave,7538,W 106 St & Central Park West,7606,40.795,-73.9645,40.7981856,-73.9605909006,casual
1043144,A3FDA0DD68BDBADB,docked_bike,2021-04-28 07:23:36,2021-04-28 07:26:09,Central Park W & W 97 St,7538,W 106 St & Central Park West,7606,40.792495,-73.96417,40.7981856,-73.9605909006,member
1043145,93303C9AF426E36E,docked_bike,2021-04-14 07:19:29,2021-04-14 07:22:21,Central Park W & W 97 St,7538,W 106 St & Central Park West,7606,40.792495,-73.96417,40.7981856,-73.9605909006,member
1043148,7361B08416A6299F,docked_bike,2021-04-28 05:26:21,2021-04-28 05:27:40,Central Park W & W 97 St,7538,Central Park W & W 103 St,7577,40.792495,-73.96417,40.79603684159984,-73.96158903853575,member
1043153,A8E2659E7AE26016,docked_bike,2021-04-29 14:19:05,2021-04-29 14:56:01,Central Park W & W 97 St,7538,University Pl & E 14 St,5905,40.792495,-73.96417,40.734814,-73.992085,member
1043154,28F831A77F39F91E,docked_bike,2021-04-30 13:17:17,2021-04-30 13:20:09,Central Park W & W 97 St,7538,W 106 St & Central Park West,7606,40.792495,-73.96417,40.7981856,-73.9605909006,member
1043161,9D042549B129167C,docked_bike,2021-04-10 13:41:25,2021-04-10 13:43:47,Central Park W & W 97 St,7538,Central Park W & W 103 St,7577,40.792495,-73.96417,40.79603684159984,-73.96158903853575,member
1043162,20CB77950BB4EB95,docked_bike,2021-04-23 13:40:37,2021-04-23 14:21:22,Central Park W & W 97 St,7538,Central Park W & W 103 St,7577,40.792495,-73.96417,40.79603684159984,-73.96158903853575,member
1043163,70F4D94CB7436A88,docked_bike,2021-04-22 15:35:04,2021-04-22 16:02:58,Central Park W & W 97 St,7538,W 106 St & Central Park West,7606,40.792495,-73.96417,40.7981856,-73.9605909006,member
1043165,374E4812395C2642,docked_bike,2021-04-18 16:08:47,2021-04-18 16:11:28,Central Park W & W 97 St,7538,Central Park W & W 103 St,7577,40.792495,-73.96417,40.79603684159984,-73.96158903853575,member
1043363,FA4349845C024F86,docked_bike,2021-04-17 19:29:01,2021-04-17 19:32:21,W 100 St & Manhattan Ave,7538,W 106 St & Central Park West,7606,40.795,-73.9645,40.7981856,-73.9605909006,member
1043365,4E14681C2F5DFFE6,docked_bike,2021-04-03 12:33:36,2021-04-03 13:04:26,W 100 St & Manhattan Ave,7538,University Pl & E 14 St,5905,40.795,-73.9645,40.734814,-73.992085,member
1043369,0D7BDC1F6CB88112,docked_bike,2021-04-27 07:40:00,2021-04-27 07:42:52,W 100 St & Manhattan Ave,7538,W 106 St & Central Park West,7606,40.795,-73.9645,40.798186,-73.960591,member
1043372,E1F180BCB6B1FFEF,docked_bike,2021-04-25 13:27:06,2021-04-25 13:30:51,W 100 St & Manhattan Ave,7538,Central Park W & W 103 St,7577,40.795,-73.9645,40.79603684159984,-73.96158903853575,member
1043373,0EE6036CD75FA930,docked_bike,2021-04-27 13:56:37,2021-04-27 14:34:50,W 100 St & Manhattan Ave,7538,20 Ave & 38 St,7196,40.795,-73.9645,40.777112,-73.902382,member
1043485,F2855933718E7D57,docked_bike,2021-04-20 18:49:21,2021-04-20 18:52:24,W 100 St & Manhattan Ave,7538,Central Park W & W 103 St,7577,40.795,-73.9645,40.796037,-73.961589,member
1043489,3E621EF181D18728,docked_bike,2021-04-09 14:12:37,2021-04-09 14:14:56,W 100 St & Manhattan Ave,7538,W 106 St & Central Park West,7606,40.795,-73.9645,40.7981856,-73.9605909006,member
1043491,31B26237BDAB41B5,docked_bike,2021-04-02 17:36:16,2021-04-02 17:38:37,W 100 St & Manhattan Ave,7538,W 106 St & Central Park West,7606,40.795,-73.9645,40.7981856,-73.9605909006,member
1043492,71BEB433F52D2261,docked_bike,2021-04-23 14:36:57,2021-04-23 14:41:11,W 100 St & Manhattan Ave,7538,W 106 St & Central Park West,7606,40.795,-73.9645,40.7981856,-73.9605909006,member
1043504,63A5A595EC99F77C,docked_bike,2021-04-08 11:22:56,2021-04-08 11:26:41,W 100 St & Manhattan Ave,7538,Central Park W & W 103 St,7577,40.795,-73.9645,40.79603684159984,-73.96158903853575,member
1043506,53E8F24924D57BC8,docked_bike,2021-04-14 16:01:52,2021-04-14 16:27:30,W 100 St & Manhattan Ave,7538,W 106 St & Central Park West,7606,40.795,-73.9645,40.7981856,-73.9605909006,member
1043512,2B97009EDD8C3883,docked_bike,2021-04-28 06:50:13,2021-04-28 06:52:53,W 100 St & Manhattan Ave,7538,Central Park W & W 103 St,7577,40.795,-73.9645,40.79603684159984,-73.96158903853575,member
1043517,A4A0B73089E170FD,docked_bike,2021-04-04 15:59:00,2021-04-04 16:02:30,W 100 St & Manhattan Ave,7538,W 106 St & Central Park West,7606,40.795,-73.9645,40.7981856,-73.9605909006,member
1043518,E33B697A33138822,docked_bike,2021-04-06 09:39:37,2021-04-06 09:42:43,W 100 St & Manhattan Ave,7538,Central Park W & W 103 St,7577,40.795,-73.9645,40.79603684159984,-73.96158903853575,member
1043519,2907D9DDE322E37D,docked_bike,2021-04-26 17:58:00,2021-04-26 18:02:24,W 100 St & Manhattan Ave,7538,W 106 St & Central Park West,7606,40.795,-73.9645,40.7981856,-73.9605909006,member
1043524,251CF31CFFBDBA88,docked_bike,2021-04-14 15:29:17,2021-04-14 15:32:19,W 100 St & Manhattan Ave,7538,Central Park W & W 103 St,7577,40.795,-73.9645,40.79603684159984,-73.96158903853575,member
1064097,F4FA32F8757EAFEA,docked_bike,2021-04-19 18:51:47,2021-04-19 19:02:55,W 100 St & Manhattan Ave,7538,E 84 St & Park Ave,7243,40.795,-73.9645,40.77862688,-73.95772073,member
1064101,D4617E4210F904B6,docked_bike,2021-04-17 12:40:09,2021-04-17 13:00:13,W 100 St & Manhattan Ave,7538,E 84 St & Park Ave,7243,40.795,-73.9645,40.77862688,-73.95772073,casual
1064105,457B0225ABE406CD,docked_bike,2021-04-29 15:22:14,2021-04-29 15:36:06,W 100 St & Manhattan Ave,7538,E 84 St & Park Ave,7243,40.795,-73.9645,40.77862688,-73.95772073,member
1064155,5668000C3B71936F,docked_bike,2021-04-25 11:07:06,2021-04-25 11:26:45,W 100 St & Manhattan Ave,7538,E 84 St & Park Ave,7243,40.795,-73.9645,40.77862688,-73.95772073,member
1064926,C394FE71AA4E6277,docked_bike,2021-04-19 14:54:31,2021-04-19 15:09:01,W 100 St & Manhattan Ave,7538,E 84 St & Park Ave,7243,40.795,-73.9645,40.77862688,-73.95772073,member
1071176,2C95DE2B34340E92,docked_bike,2021-04-25 11:06:22,2021-04-25 11:26:45,W 100 St & Manhattan Ave,7538,E 84 St & Park Ave,7243,40.795,-73.9645,40.778627,-73.957721,casual
1071179,A872E34D5C4A9097,docked_bike,2021-04-08 06:00:59,2021-04-08 06:41:08,W 100 St & Manhattan Ave,7538,W 29 St & 9 Ave,6416,40.795,-73.9645,40.7500727,-73.99839279,member
1071977,2BCC29D7ADAF62CF,docked_bike,2021-04-14 18:45:31,2021-04-14 19:08:42,Central Park W & W 97 St,7538,W 29 St & 9 Ave,6416,40.792495,-73.96417,40.7500727,-73.99839279,member
1071989,79B82CCD33E5CB63,docked_bike,2021-04-21 09:16:34,2021-04-21 09:28:20,Central Park W & W 97 St,7538,E 84 St & Park Ave,7243,40.792495,-73.96417,40.77862688,-73.95772073,member
1072006,B89276378B13F915,docked_bike,2021-04-04 14:32:01,2021-04-04 15:52:43,Central Park W & W 97 St,7538,E 84 St & Park Ave,7243,40.792495,-73.96417,40.77862688,-73.95772073,casual
1072020,60FAF7B3E6D61846,docked_bike,2021-04-28 09:01:14,2021-04-28 09:12:57,Central Park W & W 97 St,7538,E 84 St & Park Ave,7243,40.792495,-73.96417,40.77862688,-73.95772073,member
1072021,70DA78109951EF0B,docked_bike,2021-04-10 15:48:42,2021-04-10 16:25:06,Central Park W & W 97 St,7538,E 84 St & Park Ave,7243,40.792495,-73.96417,40.77862688,-73.95772073,member
1072024,B04E9256B1753BA8,docked_bike,2021-04-20 19:02:59,2021-04-20 19:32:34,Central Park W & W 97 St,7538,E 84 St & Park Ave,7243,40.792495,-73.96417,40.77862688,-73.95772073,member
1072027,FB7C3BA8BDB727CA,docked_bike,2021-04-08 12:10:33,2021-04-08 12:40:56,Central Park W & W 97 St,7538,W 29 St & 9 Ave,6416,40.792495,-73.96417,40.7500727,-73.99839279,member
1072036,FD2E37B5C83B482C,docked_bike,2021-04-17 21:28:34,2021-04-17 22:00:00,Central Park W & W 97 St,7538,W 17 St & 8 Ave,6148,40.792495,-73.96417,40.74177603,-74.00149746,member
1072037,6F93820D2D9F2DD4,docked_bike,2021-04-16 13:32:08,2021-04-16 14:05:26,Central Park W & W 97 St,7538,W 29 St & 9 Ave,6416,40.792495,-73.964171,40.750073,-73.998393,member
1072046,C8DE93F7B5FB7C7B,docked_bike,2021-04-17 19:22:41,2021-04-17 19:22:37,Central Park W & W 97 St,7538,E 84 St & Park Ave,7243,40.792495,-73.96417,40.77862688,-73.95772073,member
1072273,48A94D8CC7067A74,docked_bike,2021-04-24 15:19:35,2021-04-24 15:52:29,Central Park W & W 97 St,7538,E 84 St & Park Ave,7243,40.792495,-73.96417,40.77862688,-73.95772073,casual
1072502,C332434D12A6E7C2,docked_bike,2021-04-27 09:02:52,2021-04-27 09:14:24,Central Park W & W 97 St,7538,E 84 St & Park Ave,7243,40.792495,-73.96417,40.77862688,-73.95772073,casual
1072504,190E1E587AC25797,docked_bike,2021-04-06 20:31:58,2021-04-06 20:51:03,Central Park W & W 97 St,7538,E 84 St & Park Ave,7243,40.792495,-73.96417,40.77862688,-73.95772073,casual
1072511,77F30CDC5B225BAF,docked_bike,2021-04-10 15:48:39,2021-04-10 16:25:05,Central Park W & W 97 St,7538,E 84 St & Park Ave,7243,40.792495,-73.96417,40.77862688,-73.95772073,casual
1077436,417A78EBB918F63E,docked_bike,2021-04-28 13:07:41,2021-04-28 13:48:26,W 100 St & Manhattan Ave,7538,12 Ave & W 125 St,7886,40.795,-73.9645,40.818299,-73.960405,member
1077438,CBE2CCC8F5ADCEBD,docked_bike,2021-04-21 09:11:58,2021-04-21 09:26:22,W 100 St & Manhattan Ave,7538,11 Ave & W 59 St,7059,40.795,-73.9645,40.77149671054441,-73.99046033620834,casual
1077446,166D5D3979C4F845,docked_bike,2021-04-30 17:39:13,2021-04-30 17:59:00,W 100 St & Manhattan Ave,7538,11 Ave & W 59 St,7059,40.795,-73.9645,40.77149671054441,-73.99046033620834,member
1077447,C7BB7EEF6466A237,docked_bike,2021-04-17 15:19:23,2021-04-17 15:35:27,W 100 St & Manhattan Ave,7538,11 Ave & W 59 St,7059,40.795,-73.9645,40.77149671054441,-73.99046033620834,member
1086008,F09511BD47031D54,docked_bike,2021-04-26 11:24:04,2021-04-26 11:42:10,W 100 St & Manhattan Ave,7538,12 Ave & W 125 St,7886,40.795,-73.9645,40.818299,-73.960405,member
1086966,AAA43140004ECD8E,docked_bike,2021-04-27 19:22:19,2021-04-27 19:40:24,W 100 St & Manhattan Ave,7538,W 56 St & 10 Ave,6955,40.795,-73.9645,40.768254,-73.988639,member
1087805,35A2D7EAE1B5E8C3,docked_bike,2021-04-05 18:40:00,2021-04-05 19:21:41,Central Park W & W 97 St,7538,11 Ave & W 59 St,7059,40.792495,-73.96417,40.77149671054441,-73.99046033620834,casual
1087809,9B5F6BCA28603F18,docked_bike,2021-04-30 07:57:18,2021-04-30 08:22:41,Central Park W & W 97 St,7538,W 51 St & 6 Ave,6740,40.792495,-73.96417,40.7606597,-73.98042047,member
1091696,817B33DA20E5E19A,docked_bike,2021-04-26 07:50:52,2021-04-26 08:16:23,Central Park W & W 97 St,7538,W 51 St & 6 Ave,6740,40.792495,-73.96417,40.7606597,-73.98042047,member
1091705,BC12A943EC6A0269,docked_bike,2021-04-03 18:05:07,2021-04-03 18:32:44,Central Park W & W 97 St,7538,11 Ave & W 59 St,7059,40.792495,-73.96417,40.77149671054441,-73.99046033620834,member
1091714,D77C5EF63EB58CF2,docked_bike,2021-04-13 09:06:57,2021-04-13 09:24:19,Central Park W & W 97 St,7538,11 Ave & W 59 St,7059,40.792495,-73.96417,40.77149671054441,-73.99046033620834,member
1091718,378B5FDAD742DBDC,docked_bike,2021-04-10 12:13:41,2021-04-10 12:29:48,Central Park W & W 97 St,7538,12 Ave & W 125 St,7886,40.792495,-73.96417,40.818299,-73.960405,member
1091755,4C48E0EB368C9E07,docked_bike,2021-04-27 16:30:38,2021-04-27 16:54:19,Central Park W & W 97 St,7538,W 56 St & 10 Ave,6955,40.792495,-73.96417,40.768254,-73.988639,member
1091766,A1782FB496FA9CE5,docked_bike,2021-04-18 18:15:24,2021-04-18 18:36:02,Central Park W & W 97 St,7538,11 Ave & W 59 St,7059,40.792495,-73.96417,40.77149671054441,-73.99046033620834,member
1091798,4B123C589290BF1C,docked_bike,2021-04-03 13:16:42,2021-04-03 15:43:10,Central Park W & W 97 St,7538,W 51 St & 6 Ave,6740,40.792495,-73.96417,40.7606597,-73.98042047,casual
1091828,C9E81B6DDEC9CD09,docked_bike,2021-04-04 16:33:20,2021-04-04 16:58:26,Central Park W & W 97 St,7538,11 Ave & W 59 St,7059,40.792495,-73.964171,40.771497,-73.99046,casual
1091832,C64C95885FEED270,docked_bike,2021-04-29 17:21:26,2021-04-29 17:36:30,Central Park W & W 97 St,7538,11 Ave & W 59 St,7059,40.792495,-73.96417,40.77149671054441,-73.99046033620834,member
1091895,CEAABD37880E5346,docked_bike,2021-04-03 14:16:09,2021-04-03 14:33:23,Central Park W & W 97 St,7538,11 Ave & W 59 St,7059,40.792495,-73.964171,40.771497,-73.99046,member
1091898,62B22A2B68C0E9C9,docked_bike,2021-04-19 06:51:18,2021-04-19 07:08:09,Central Park W & W 97 St,7538,W 51 St & 6 Ave,6740,40.792495,-73.96417,40.7606597,-73.98042047,member
1091899,A6A36EEB3E2AC7DA,docked_bike,2021-04-16 06:55:56,2021-04-16 07:12:26,Central Park W & W 97 St,7538,W 51 St & 6 Ave,6740,40.792495,-73.96417,40.7606597,-73.98042047,member
1091900,2EF99D101B1FDB29,docked_bike,2021-04-20 06:58:56,2021-04-20 07:16:59,Central Park W & W 97 St,7538,W 51 St & 6 Ave,6740,40.792495,-73.96417,40.7606597,-73.98042047,member
1091912,867C65A2C0FBA890,docked_bike,2021-04-09 06:52:39,2021-04-09 07:11:27,Central Park W & W 97 St,7538,W 51 St & 6 Ave,6740,40.792495,-73.96417,40.7606597,-73.98042047,member
1091913,E7297024923E2D20,docked_bike,2021-04-28 06:39:10,2021-04-28 06:56:25,Central Park W & W 97 St,7538,W 51 St & 6 Ave,6740,40.792495,-73.96417,40.7606597,-73.98042047,member
1092051,BC1A4B3D95FC1E4D,docked_bike,2021-04-21 17:54:17,2021-04-21 18:10:04,Central Park W & W 97 St,7538,11 Ave & W 59 St,7059,40.792495,-73.96417,40.77149671054441,-73.99046033620834,member
1092291,DB234676044A9B51,docked_bike,2021-04-14 08:23:12,2021-04-14 08:45:40,Central Park W & W 97 St,7538,W 51 St & 6 Ave,6740,40.792495,-73.96417,40.7606597,-73.98042047,member
1092304,D87D662B7212C3B8,docked_bike,2021-04-06 09:11:53,2021-04-06 09:33:31,Central Park W & W 97 St,7538,W 51 St & 6 Ave,6740,40.792495,-73.96417,40.7606597,-73.98042047,member
1092305,CA8C509FE97EF7A2,docked_bike,2021-04-21 06:56:18,2021-04-21 07:13:31,Central Park W & W 97 St,7538,W 51 St & 6 Ave,6740,40.792495,-73.96417,40.7606597,-73.98042047,member
1092308,81AFB4ED69457CD5,docked_bike,2021-04-14 08:12:04,2021-04-14 08:25:20,Central Park W & W 97 St,7538,11 Ave & W 59 St,7059,40.792495,-73.96417,40.77149671054441,-73.99046033620834,member
1092781,9DCA88C67FCD10AC,docked_bike,2021-04-10 20:09:53,2021-04-10 21:38:12,Central Park W & W 97 St,7538,W 56 St & 10 Ave,6955,40.792495,-73.96417,40.768254,-73.988639,casual
1095779,D316C2CBD57C44D4,docked_bike,2021-04-02 13:11:37,2021-04-02 13:22:28,Central Park W & W 97 St,7538,Central Park S & 6 Ave,6876,40.792495,-73.96417,40.76590936,-73.97634151,member
1095780,CE55DA4876986960,docked_bike,2021-04-13 11:36:18,2021-04-13 12:05:31,Central Park W & W 97 St,7538,Central Park S & 6 Ave,6876,40.792495,-73.96417,40.76590936,-73.97634151,casual
1095781,3B4E4C25F2149C1B,docked_bike,2021-04-08 20:54:07,2021-04-08 21:12:26,Central Park W & W 97 St,7538,Central Park S & 6 Ave,6876,40.792495,-73.964171,40.765909,-73.976342,casual
1095788,53C122EED8AE9D04,docked_bike,2021-04-27 11:15:28,2021-04-27 11:23:06,Central Park W & W 97 St,7538,E 110 St & Madison Ave,7587,40.792495,-73.96417,40.7961535,-73.94782145,member
1095789,33F46A9FCE2B9896,docked_bike,2021-04-08 08:55:13,2021-04-08 09:04:16,Central Park W & W 97 St,7538,E 110 St & Madison Ave,7587,40.792495,-73.96417,40.7961535,-73.94782145,member
1095790,C3D7AF6F86BE78BE,docked_bike,2021-04-07 09:16:35,2021-04-07 09:23:46,Central Park W & W 97 St,7538,E 110 St & Madison Ave,7587,40.792495,-73.96417,40.7961535,-73.94782145,member
1095791,5EAFFAC098090826,docked_bike,2021-04-18 09:05:42,2021-04-18 09:14:47,Central Park W & W 97 St,7538,E 110 St & Madison Ave,7587,40.792495,-73.96417,40.7961535,-73.94782145,member
1095792,D3805CABA1DAB909,docked_bike,2021-04-20 08:39:32,2021-04-20 08:48:45,Central Park W & W 97 St,7538,E 110 St & Madison Ave,7587,40.792495,-73.96417,40.7961535,-73.94782145,member
1095795,B6939D7F86DA7E2C,docked_bike,2021-04-29 10:44:32,2021-04-29 11:05:27,Central Park W & W 97 St,7538,Central Park S & 6 Ave,6876,40.792495,-73.96417,40.76590936,-73.97634151,casual
1095797,6245805CD670BF70,docked_bike,2021-04-24 12:00:06,2021-04-24 12:14:44,Central Park W & W 97 St,7538,Central Park S & 6 Ave,6876,40.792495,-73.96417,40.76590936,-73.97634151,casual
1097518,A486F7946D61C9BE,docked_bike,2021-04-28 07:01:11,2021-04-28 07:16:17,W 100 St & Manhattan Ave,7538,Central Park S & 6 Ave,6876,40.795,-73.9645,40.76590936,-73.97634151,member
1097519,85E6C6BEE7C020FA,docked_bike,2021-04-25 16:45:49,2021-04-25 16:53:34,W 100 St & Manhattan Ave,7538,E 110 St & Madison Ave,7587,40.795,-73.9645,40.7961535,-73.94782145,member
1097520,1CC93F1307B296EB,docked_bike,2021-04-07 09:26:30,2021-04-07 09:43:46,W 100 St & Manhattan Ave,7538,Central Park S & 6 Ave,6876,40.795,-73.9645,40.76590936,-73.97634151,member
1097530,D105568D14EC1868,docked_bike,2021-04-07 16:34:35,2021-04-07 16:48:43,W 100 St & Manhattan Ave,7538,Central Park S & 6 Ave,6876,40.795,-73.9645,40.76590936,-73.97634151,casual
1097533,EAF55D3570C7BFFC,docked_bike,2021-04-17 11:35:34,2021-04-17 11:56:30,W 100 St & Manhattan Ave,7538,Central Park S & 6 Ave,6876,40.795,-73.9645,40.76590936,-73.97634151,casual
1097534,2BDF1FA8123D7FE6,docked_bike,2021-04-26 14:37:38,2021-04-26 14:59:14,W 100 St & Manhattan Ave,7538,Central Park S & 6 Ave,6876,40.795,-73.9645,40.76590936,-73.97634151,casual
1097541,E4B1FC8C6392045F,docked_bike,2021-04-26 15:22:31,2021-04-26 15:40:06,W 100 St & Manhattan Ave,7538,Central Park S & 6 Ave,6876,40.795,-73.9645,40.76590936,-73.97634151,member
1097542,C3BA1E50AAE587A4,docked_bike,2021-04-03 16:42:18,2021-04-03 16:58:46,W 100 St & Manhattan Ave,7538,Central Park S & 6 Ave,6876,40.795,-73.9645,40.76590936,-73.97634151,member
1097543,0E47B3404884C6CE,docked_bike,2021-04-06 15:08:43,2021-04-06 15:25:43,W 100 St & Manhattan Ave,7538,Central Park S & 6 Ave,6876,40.795,-73.9645,40.76590936,-73.97634151,member
1097544,830D4E7085642599,docked_bike,2021-04-10 08:13:46,2021-04-10 08:28:23,W 100 St & Manhattan Ave,7538,Central Park S & 6 Ave,6876,40.795,-73.9645,40.76590936,-73.97634151,member
1097550,1955A598F2EC07A4,docked_bike,2021-04-01 17:07:50,2021-04-01 17:25:31,W 100 St & Manhattan Ave,7538,Central Park S & 6 Ave,6876,40.795,-73.9645,40.76590936,-73.97634151,casual
1097552,82EFC52C390605C6,docked_bike,2021-04-07 19:45:55,2021-04-07 19:53:38,W 100 St & Manhattan Ave,7538,E 110 St & Madison Ave,7587,40.795,-73.9645,40.7961535,-73.94782145,member
1097554,C0BCD57B58504E71,docked_bike,2021-04-28 20:12:53,2021-04-28 20:36:34,W 100 St & Manhattan Ave,7538,E 110 St & Madison Ave,7587,40.795,-73.9645,40.7961535,-73.94782145,casual
1097561,DAF72609F1CB3559,docked_bike,2021-04-22 18:24:17,2021-04-22 18:34:01,W 100 St & Manhattan Ave,7538,E 110 St & Madison Ave,7587,40.795,-73.9645,40.7961535,-73.94782145,member
1097563,06CC081B0A52ECB4,docked_bike,2021-04-17 11:35:31,2021-04-17 11:56:28,W 100 St & Manhattan Ave,7538,Central Park S & 6 Ave,6876,40.795,-73.9645,40.76590936,-73.97634151,casual
1097568,B8F33C8DAECD9591,docked_bike,2021-04-17 13:49:32,2021-04-17 14:06:01,W 100 St & Manhattan Ave,7538,Central Park S & 6 Ave,6876,40.795,-73.9645,40.76590936,-73.97634151,member
1097570,2C408E6A0A6C5628,docked_bike,2021-04-26 19:09:25,2021-04-26 19:19:04,W 100 St & Manhattan Ave,7538,E 110 St & Madison Ave,7587,40.795,-73.9645,40.7961535,-73.94782145,member
1097572,4F1B64E2BABB63D3,docked_bike,2021-04-12 17:12:12,2021-04-12 17:20:28,W 100 St & Manhattan Ave,7538,E 110 St & Madison Ave,7587,40.795,-73.9645,40.7961535,-73.94782145,casual
1097591,B5C89B412D9ECBAD,docked_bike,2021-04-09 06:32:20,2021-04-09 06:41:06,W 100 St & Manhattan Ave,7538,E 110 St & Madison Ave,7587,40.795,-73.9645,40.7961535,-73.94782145,casual
1097600,61438C0E1E8F4EBE,docked_bike,2021-04-07 12:13:59,2021-04-07 12:29:49,W 100 St & Manhattan Ave,7538,Central Park S & 6 Ave,6876,40.795,-73.9645,40.76590936,-73.97634151,casual
1097631,6E0976B4B16EAE66,docked_bike,2021-04-16 17:02:49,2021-04-16 17:08:48,W 100 St & Manhattan Ave,7538,E 110 St & Madison Ave,7587,40.795,-73.9645,40.7961535,-73.94782145,member
1097636,EDEF78684D7FFFC4,docked_bike,2021-04-13 18:47:44,2021-04-13 19:04:28,W 100 St & Manhattan Ave,7538,Central Park S & 6 Ave,6876,40.795,-73.9645,40.76590936,-73.97634151,member
1097638,A964EAE231A74D25,docked_bike,2021-04-17 14:26:53,2021-04-17 14:35:30,W 100 St & Manhattan Ave,7538,E 110 St & Madison Ave,7587,40.795,-73.9645,40.7961535,-73.94782145,member
1103807,7AFE6B044E13ED9F,docked_bike,2021-04-13 20:50:42,2021-04-13 21:11:16,W 100 St & Manhattan Ave,7538,E 32 St & Park Ave,6280,40.795,-73.9645,40.7457121,-73.98194829,member
1103809,1672ACAA655EE724,docked_bike,2021-04-20 20:02:40,2021-04-20 20:11:42,W 100 St & Manhattan Ave,7538,E 110 St & Madison Ave,7587,40.795,-73.9645,40.7961535,-73.94782145,member
1103814,E9B40ED1EBC7982A,docked_bike,2021-04-20 19:56:09,2021-04-20 20:20:14,W 100 St & Manhattan Ave,7538,E 32 St & Park Ave,6280,40.795,-73.9645,40.7457121,-73.98194829,member
1105728,B95F4E856D7F9D29,docked_bike,2021-04-03 17:09:01,2021-04-03 17:31:54,Central Park W & W 97 St,7538,Central Park S & 6 Ave,6876,40.792495,-73.96417,40.76590936,-73.97634151,member
1105729,52E60C82AD3D24E0,docked_bike,2021-04-05 19:12:36,2021-04-05 19:36:39,Central Park W & W 97 St,7538,E 110 St & Madison Ave,7587,40.792495,-73.96417,40.7961535,-73.94782145,member
1105731,63D56A26C0F5B53D,docked_bike,2021-04-14 12:14:05,2021-04-14 12:34:31,Central Park W & W 97 St,7538,Central Park S & 6 Ave,6876,40.792495,-73.96417,40.76590936,-73.97634151,member
1105735,8F48700E58823BE0,docked_bike,2021-04-18 11:31:43,2021-04-18 11:59:01,Central Park W & W 97 St,7538,Central Park S & 6 Ave,6876,40.792495,-73.96417,40.76590936,-73.97634151,casual
1105756,0BD38982661B2F4B,docked_bike,2021-04-23 15:10:07,2021-04-23 15:42:40,Central Park W & W 97 St,7538,Central Park S & 6 Ave,6876,40.792495,-73.96417,40.76590936,-73.97634151,casual
1105757,16980F8D63F1FF19,docked_bike,2021-04-19 13:11:59,2021-04-19 13:36:25,Central Park W & W 97 St,7538,Central Park S & 6 Ave,6876,40.792495,-73.96417,40.76590936,-73.97634151,casual
1105758,3A20BF7E821ED9C8,docked_bike,2021-04-09 13:44:53,2021-04-09 14:44:46,Central Park W & W 97 St,7538,Central Park S & 6 Ave,6876,40.792495,-73.964171,40.765909,-73.976342,casual
1105759,7161EC696C1DE82F,docked_bike,2021-04-16 11:51:09,2021-04-16 11:59:51,Central Park W & W 97 St,7538,E 110 St & Madison Ave,7587,40.792495,-73.96417,40.7961535,-73.94782145,member
1105760,D0D16FFF2D4FF2DC,docked_bike,2021-04-17 20:33:07,2021-04-17 20:32:52,Central Park W & W 97 St,7538,E 32 St & Park Ave,6280,40.792495,-73.96417,40.7457121,-73.98194829,member
1105762,EA4D08858EC919F0,docked_bike,2021-04-28 06:55:16,2021-04-28 07:20:47,Central Park W & W 97 St,7538,E 32 St & Park Ave,6280,40.792495,-73.96417,40.7457121,-73.98194829,member
1105763,F848EC53941DE8BA,docked_bike,2021-04-27 06:57:59,2021-04-27 07:22:12,Central Park W & W 97 St,7538,E 32 St & Park Ave,6280,40.792495,-73.96417,40.7457121,-73.98194829,member
1105764,E90557C711B1700E,docked_bike,2021-04-28 16:22:55,2021-04-28 16:35:34,Central Park W & W 97 St,7538,Central Park S & 6 Ave,6876,40.792495,-73.96417,40.76590936,-73.97634151,casual
1105765,31E1C6E0B3EDDD7E,docked_bike,2021-04-04 11:09:35,2021-04-04 11:28:53,Central Park W & W 97 St,7538,Central Park S & 6 Ave,6876,40.792495,-73.96417,40.76590936,-73.97634151,member
1105767,BC552B3EB97BB20C,docked_bike,2021-04-13 11:38:07,2021-04-13 12:07:18,Central Park W & W 97 St,7538,Central Park S & 6 Ave,6876,40.792495,-73.96417,40.76590936,-73.97634151,casual
1105768,593EB8E43F0E6F12,docked_bike,2021-04-28 08:10:08,2021-04-28 19:29:22,Central Park W & W 97 St,7538,E 110 St & Madison Ave,7587,40.792495,-73.96417,40.7961535,-73.94782145,member
1105769,DBBA2C29BBFC2510,docked_bike,2021-04-30 06:56:07,2021-04-30 07:03:30,Central Park W & W 97 St,7538,E 110 St & Madison Ave,7587,40.792495,-73.96417,40.7961535,-73.94782145,member
1105786,E57D28BDD4A9A556,docked_bike,2021-04-02 18:56:22,2021-04-02 19:04:54,Central Park W & W 97 St,7538,E 110 St & Madison Ave,7587,40.792495,-73.96417,40.7961535,-73.94782145,member
1105787,99114C1E596BA529,docked_bike,2021-04-04 15:45:11,2021-04-04 15:55:01,Central Park W & W 97 St,7538,E 110 St & Madison Ave,7587,40.792495,-73.96417,40.7961535,-73.94782145,member
1105789,D4625DCF618FE457,docked_bike,2021-04-07 20:43:44,2021-04-07 20:51:43,Central Park W & W 97 St,7538,E 110 St & Madison Ave,7587,40.792495,-73.96417,40.7961535,-73.94782145,member
1105791,59A5063649B29127,docked_bike,2021-04-08 13:47:44,2021-04-08 14:20:08,Central Park W & W 97 St,7538,Central Park S & 6 Ave,6876,40.792495,-73.964171,40.765909,-73.976342,casual
1105796,FD156F55DF931482,docked_bike,2021-04-19 18:39:33,2021-04-19 19:10:43,Central Park W & W 97 St,7538,Central Park S & 6 Ave,6876,40.792495,-73.964171,40.765909,-73.976342,casual
1105797,1FB35136E1AE1BCB,docked_bike,2021-04-30 09:08:47,2021-04-30 09:21:05,Central Park W & W 97 St,7538,Central Park S & 6 Ave,6876,40.792495,-73.96417,40.76590936,-73.97634151,casual
1105799,F68D26007E615FBA,docked_bike,2021-04-06 08:08:58,2021-04-06 08:17:29,Central Park W & W 97 St,7538,E 110 St & Madison Ave,7587,40.792495,-73.96417,40.7961535,-73.94782145,member
1105800,5108B047F3A4E4E9,docked_bike,2021-04-09 08:03:58,2021-04-09 08:13:14,Central Park W & W 97 St,7538,E 110 St & Madison Ave,7587,40.792495,-73.96417,40.7961535,-73.94782145,member
1105801,1A5DDD9C613D7589,docked_bike,2021-04-02 11:53:26,2021-04-02 12:04:06,Central Park W & W 97 St,7538,E 110 St & Madison Ave,7587,40.792495,-73.96417,40.7961535,-73.94782145,member
1105802,4571D214E112C9BA,docked_bike,2021-04-01 11:40:55,2021-04-01 11:48:54,Central Park W & W 97 St,7538,E 110 St & Madison Ave,7587,40.792495,-73.96417,40.7961535,-73.94782145,member
1105803,7B4726E40867F8CE,docked_bike,2021-04-12 11:16:14,2021-04-12 11:24:31,Central Park W & W 97 St,7538,E 110 St & Madison Ave,7587,40.792495,-73.96417,40.7961535,-73.94782145,member
1105804,0BC2AC7907D799D7,docked_bike,2021-04-04 14:34:13,2021-04-04 15:08:10,Central Park W & W 97 St,7538,Central Park S & 6 Ave,6876,40.792495,-73.96417,40.76590936,-73.97634151,casual
1105806,B53344434B172DB2,docked_bike,2021-04-20 08:50:57,2021-04-20 09:23:15,Central Park W & W 97 St,7538,E 32 St & Park Ave,6280,40.792495,-73.96417,40.7457121,-73.98194829,member
1105807,27656FDCE5384013,docked_bike,2021-04-25 17:56:11,2021-04-25 18:32:16,Central Park W & W 97 St,7538,Central Park S & 6 Ave,6876,40.792495,-73.96417,40.76590936,-73.97634151,casual
1105814,15E77CB35F0734A3,docked_bike,2021-04-24 16:57:06,2021-04-24 17:15:22,Central Park W & W 97 St,7538,Central Park S & 6 Ave,6876,40.792495,-73.96417,40.76590936,-73.97634151,casual
1105825,583FDE28B170F03B,docked_bike,2021-04-09 13:45:06,2021-04-09 14:44:52,Central Park W & W 97 St,7538,Central Park S & 6 Ave,6876,40.792495,-73.964171,40.765909,-73.976342,casual
1105826,F3EB5DF1C51916F4,docked_bike,2021-04-01 16:00:40,2021-04-01 16:40:00,Central Park W & W 97 St,7538,Central Park S & 6 Ave,6876,40.792495,-73.96417,40.76590936,-73.97634151,member
1105827,ABBCA06D1F20BC1C,docked_bike,2021-04-20 17:29:03,2021-04-20 17:50:47,Central Park W & W 97 St,7538,Central Park S & 6 Ave,6876,40.792495,-73.96417,40.76590936,-73.97634151,casual
1105828,048E398D02EF435C,docked_bike,2021-04-26 15:17:53,2021-04-26 15:45:16,Central Park W & W 97 St,7538,Central Park S & 6 Ave,6876,40.792495,-73.96417,40.76590936,-73.97634151,member
1105830,9BEDE5C0A2D0772E,docked_bike,2021-04-02 07:12:21,2021-04-02 07:42:00,Central Park W & W 97 St,7538,E 32 St & Park Ave,6280,40.792495,-73.96417,40.7457121,-73.98194829,member
1105833,E62A3D476793EF16,docked_bike,2021-04-08 13:45:12,2021-04-08 14:19:58,Central Park W & W 97 St,7538,Central Park S & 6 Ave,6876,40.792495,-73.96417,40.76590936,-73.97634151,casual
1105835,A2137D10BAD05433,docked_bike,2021-04-06 06:55:54,2021-04-06 07:22:00,Central Park W & W 97 St,7538,E 32 St & Park Ave,6280,40.792495,-73.96417,40.7457121,-73.98194829,member
1105837,4515CF1C383A5040,docked_bike,2021-04-10 15:54:27,2021-04-10 16:27:49,Central Park W & W 97 St,7538,Central Park S & 6 Ave,6876,40.792495,-73.96417,40.76590936,-73.97634151,casual
1105838,4FBBC65EA4E5C68F,docked_bike,2021-04-18 11:35:55,2021-04-18 11:59:03,Central Park W & W 97 St,7538,Central Park S & 6 Ave,6876,40.792495,-73.96417,40.76590936,-73.97634151,casual
1105861,F92162443B9CD103,docked_bike,2021-04-19 13:12:00,2021-04-19 13:35:03,Central Park W & W 97 St,7538,Central Park S & 6 Ave,6876,40.792495,-73.96417,40.76590936,-73.97634151,casual
1105864,D4B4E8724D853F45,docked_bike,2021-04-08 06:59:51,2021-04-08 07:06:09,Central Park W & W 97 St,7538,E 110 St & Madison Ave,7587,40.792495,-73.96417,40.7961535,-73.94782145,casual
1105865,F1608B631DE753A4,docked_bike,2021-04-06 13:20:27,2021-04-06 13:38:02,Central Park W & W 97 St,7538,Central Park S & 6 Ave,6876,40.792495,-73.96417,40.76590936,-73.97634151,member
1105866,3B9CA49867969431,docked_bike,2021-04-03 11:33:08,2021-04-03 11:51:08,Central Park W & W 97 St,7538,Central Park S & 6 Ave,6876,40.792495,-73.96417,40.76590936,-73.97634151,member
1105867,07254E58855F5A98,docked_bike,2021-04-18 13:59:07,2021-04-18 14:05:28,Central Park W & W 97 St,7538,E 110 St & Madison Ave,7587,40.792495,-73.96417,40.7961535,-73.94782145,member
1105868,8DD5E5FD65815FAE,docked_bike,2021-04-28 08:46:32,2021-04-28 08:57:45,Central Park W & W 97 St,7538,Central Park S & 6 Ave,6876,40.792495,-73.96417,40.76590936,-73.97634151,member
1105870,E943776F56857427,docked_bike,2021-04-13 15:20:47,2021-04-13 16:08:14,Central Park W & W 97 St,7538,Central Park S & 6 Ave,6876,40.792495,-73.96417,40.76590936,-73.97634151,casual
1105872,7F5AD4731CDA6A9C,docked_bike,2021-04-06 12:19:41,2021-04-06 12:39:44,Central Park W & W 97 St,7538,Central Park S & 6 Ave,6876,40.792495,-73.96417,40.76590936,-73.97634151,member
1105873,6414BE7EF878D539,docked_bike,2021-04-02 13:50:36,2021-04-02 14:22:37,Central Park W & W 97 St,7538,Central Park S & 6 Ave,6876,40.792495,-73.964171,40.765909,-73.976342,casual
1105875,5A6B37E216549D00,docked_bike,2021-04-25 16:54:28,2021-04-25 17:21:10,Central Park W & W 97 St,7538,Central Park S & 6 Ave,6876,40.792495,-73.96417,40.76590936,-73.97634151,member
1105880,47C78E377E2B75A7,docked_bike,2021-04-04 14:32:30,2021-04-04 15:08:09,Central Park W & W 97 St,7538,Central Park S & 6 Ave,6876,40.792495,-73.96417,40.76590936,-73.97634151,casual
1105883,0525AC119A027FE1,docked_bike,2021-04-05 06:55:10,2021-04-05 07:24:45,Central Park W & W 97 St,7538,E 32 St & Park Ave,6280,40.792495,-73.96417,40.7457121,-73.98194829,member
1105889,55B2789B512BECAB,docked_bike,2021-04-02 13:50:12,2021-04-02 14:22:26,Central Park W & W 97 St,7538,Central Park S & 6 Ave,6876,40.792495,-73.964171,40.765909,-73.976342,casual
1105890,C64D5266200E0518,docked_bike,2021-04-05 11:54:40,2021-04-05 12:05:34,Central Park W & W 97 St,7538,E 110 St & Madison Ave,7587,40.792495,-73.96417,40.7961535,-73.94782145,member
1105891,F7CA91CEB9ADA2D8,docked_bike,2021-04-13 11:49:09,2021-04-13 11:59:35,Central Park W & W 97 St,7538,E 110 St & Madison Ave,7587,40.792495,-73.96417,40.7961535,-73.94782145,member
1105892,6ADEA47FEE434BAD,docked_bike,2021-04-19 06:54:34,2021-04-19 07:20:48,Central Park W & W 97 St,7538,E 32 St & Park Ave,6280,40.792495,-73.96417,40.7457121,-73.98194829,member
1105893,4DD6DBB9AE827857,docked_bike,2021-04-22 06:56:23,2021-04-22 07:22:13,Central Park W & W 97 St,7538,E 32 St & Park Ave,6280,40.792495,-73.96417,40.7457121,-73.98194829,member
1105896,0460CF105517AD48,docked_bike,2021-04-24 10:13:11,2021-04-24 10:30:21,Central Park W & W 97 St,7538,Central Park S & 6 Ave,6876,40.792495,-73.96417,40.76590936,-73.97634151,member
1105899,659550C31CE42D6D,docked_bike,2021-04-03 12:48:38,2021-04-03 13:29:23,Central Park W & W 97 St,7538,Central Park S & 6 Ave,6876,40.792495,-73.96417,40.76590936,-73.97634151,casual
1105901,A21DC29E52E891BE,docked_bike,2021-04-22 08:53:20,2021-04-22 09:15:26,Central Park W & W 97 St,7538,E 32 St & Park Ave,6280,40.792495,-73.96417,40.7457121,-73.98194829,member
1105907,A4B6CC208681CE82,docked_bike,2021-04-29 18:28:09,2021-04-29 18:52:34,Central Park W & W 97 St,7538,Central Park S & 6 Ave,6876,40.792495,-73.96417,40.76590936,-73.97634151,casual
1105910,EE559171B66C8983,docked_bike,2021-04-22 17:12:46,2021-04-22 17:19:46,Central Park W & W 97 St,7538,E 110 St & Madison Ave,7587,40.792495,-73.96417,40.7961535,-73.94782145,casual
1105912,5B1C7A34E56D6364,docked_bike,2021-04-01 17:16:40,2021-04-01 17:31:51,Central Park W & W 97 St,7538,Central Park S & 6 Ave,6876,40.792495,-73.96417,40.76590936,-73.97634151,member
1105928,01620B184964D2D8,docked_bike,2021-04-29 07:54:34,2021-04-29 08:11:45,Central Park W & W 97 St,7538,Central Park S & 6 Ave,6876,40.792495,-73.96417,40.76590936,-73.97634151,casual
1105930,3F4C82910F5AD999,docked_bike,2021-04-13 06:57:36,2021-04-13 07:25:52,Central Park W & W 97 St,7538,E 32 St & Park Ave,6280,40.792495,-73.96417,40.7457121,-73.98194829,member
1105931,F11A462DC5F63358,docked_bike,2021-04-13 17:11:16,2021-04-13 17:18:05,Central Park W & W 97 St,7538,E 110 St & Madison Ave,7587,40.792495,-73.96417,40.7961535,-73.94782145,casual
1105933,ABEB1755FC046CAA,docked_bike,2021-04-07 06:55:42,2021-04-07 07:20:39,Central Park W & W 97 St,7538,E 32 St & Park Ave,6280,40.792495,-73.96417,40.7457121,-73.98194829,member
1105934,828B63125F2103DC,docked_bike,2021-04-26 06:55:37,2021-04-26 07:23:31,Central Park W & W 97 St,7538,E 32 St & Park Ave,6280,40.792495,-73.96417,40.7457121,-73.98194829,member
1105938,C76E4E6D49534FCE,docked_bike,2021-04-04 14:32:23,2021-04-04 15:08:20,Central Park W & W 97 St,7538,Central Park S & 6 Ave,6876,40.792495,-73.96417,40.76590936,-73.97634151,casual
1105939,E9C2F63FCDF0F230,docked_bike,2021-04-30 08:30:36,2021-04-30 08:40:07,Central Park W & W 97 St,7538,E 110 St & Madison Ave,7587,40.792495,-73.96417,40.7961535,-73.94782145,member
1105940,AE8F83111A1AA502,docked_bike,2021-04-02 10:30:48,2021-04-02 10:42:37,Central Park W & W 97 St,7538,Central Park S & 6 Ave,6876,40.792495,-73.96417,40.76590936,-73.97634151,member
1105941,2769CE74964F96A1,docked_bike,2021-04-16 12:37:27,2021-04-16 12:48:09,Central Park W & W 97 St,7538,Central Park S & 6 Ave,6876,40.792495,-73.96417,40.76590936,-73.97634151,member
1105944,99811F464769A09F,docked_bike,2021-04-06 12:29:02,2021-04-06 12:43:32,Central Park W & W 97 St,7538,Central Park S & 6 Ave,6876,40.792495,-73.96417,40.76590936,-73.97634151,member
1105947,D1B39CD713BB50AA,docked_bike,2021-04-22 19:03:14,2021-04-22 19:12:46,Central Park W & W 97 St,7538,E 110 St & Madison Ave,7587,40.792495,-73.96417,40.7961535,-73.94782145,member
1105959,5EFDB99810D1ADF7,docked_bike,2021-04-08 20:41:59,2021-04-08 21:16:14,Central Park W & W 97 St,7538,Central Park S & 6 Ave,6876,40.792495,-73.96417,40.76590936,-73.97634151,member
1105961,8E21CDAC957E7047,docked_bike,2021-04-24 13:36:49,2021-04-24 13:54:42,Central Park W & W 97 St,7538,Central Park S & 6 Ave,6876,40.792495,-73.96417,40.76590936,-73.97634151,member
1105966,260CE887406E0495,docked_bike,2021-04-13 15:20:11,2021-04-13 16:07:54,Central Park W & W 97 St,7538,Central Park S & 6 Ave,6876,40.792495,-73.96417,40.76590936,-73.97634151,casual
1105967,A4F3408EED4820BA,docked_bike,2021-04-20 07:18:07,2021-04-20 07:32:37,Central Park W & W 97 St,7538,Central Park S & 6 Ave,6876,40.792495,-73.96417,40.76590936,-73.97634151,member
1105970,B713A6AFF3C97D44,docked_bike,2021-04-24 07:56:14,2021-04-24 08:03:59,Central Park W & W 97 St,7538,E 110 St & Madison Ave,7587,40.792495,-73.96417,40.7961535,-73.94782145,member
1106023,D68C06A1409D31B3,docked_bike,2021-04-17 12:49:16,2021-04-17 13:00:01,Central Park W & W 97 St,7538,Central Park S & 6 Ave,6876,40.792495,-73.96417,40.76590936,-73.97634151,member
1106024,646DFC4CC0C23199,docked_bike,2021-04-03 12:48:41,2021-04-03 13:29:30,Central Park W & W 97 St,7538,Central Park S & 6 Ave,6876,40.792495,-73.96417,40.76590936,-73.97634151,casual
1106037,1B28265C97AAE0F9,docked_bike,2021-04-10 15:38:13,2021-04-10 15:49:46,Central Park W & W 97 St,7538,E 110 St & Madison Ave,7587,40.792495,-73.964171,40.796154,-73.947821,member
1106038,65C763A225EB02A4,docked_bike,2021-04-28 16:22:03,2021-04-28 16:35:47,Central Park W & W 97 St,7538,Central Park S & 6 Ave,6876,40.792495,-73.96417,40.76590936,-73.97634151,casual
1106041,42E21C55D74A925A,docked_bike,2021-04-06 15:38:22,2021-04-06 15:53:31,Central Park W & W 97 St,7538,Central Park S & 6 Ave,6876,40.792495,-73.96417,40.76590936,-73.97634151,member
1106043,3ADCD2F575FEBC53,docked_bike,2021-04-11 17:16:28,2021-04-11 17:25:19,Central Park W & W 97 St,7538,E 110 St & Madison Ave,7587,40.792495,-73.96417,40.7961535,-73.94782145,casual
1106045,F53D8A517E13BC00,docked_bike,2021-04-21 08:14:33,2021-04-21 08:22:28,Central Park W & W 97 St,7538,E 110 St & Madison Ave,7587,40.792495,-73.96417,40.7961535,-73.94782145,member
1106046,45C0F04C9F8E981A,docked_bike,2021-04-10 08:16:51,2021-04-10 08:24:23,Central Park W & W 97 St,7538,E 110 St & Madison Ave,7587,40.792495,-73.96417,40.7961535,-73.94782145,member
1106047,CDB55ABF8B6B5F7F,docked_bike,2021-04-05 08:16:24,2021-04-05 08:24:55,Central Park W & W 97 St,7538,E 110 St & Madison Ave,7587,40.792495,-73.96417,40.7961535,-73.94782145,member
1106051,7413C88EE054F269,docked_bike,2021-04-30 06:57:24,2021-04-30 07:23:37,Central Park W & W 97 St,7538,E 32 St & Park Ave,6280,40.792495,-73.96417,40.7457121,-73.98194829,member
1106054,F1EADD1FC8C4D99C,docked_bike,2021-04-14 12:00:03,2021-04-14 12:16:15,Central Park W & W 97 St,7538,Central Park S & 6 Ave,6876,40.792495,-73.96417,40.76590936,-73.97634151,member
1106093,44DE8540123A7C2C,docked_bike,2021-04-14 06:56:14,2021-04-14 07:20:31,Central Park W & W 97 St,7538,E 32 St & Park Ave,6280,40.792495,-73.96417,40.7457121,-73.98194829,member
1106094,C3C12B9C45D1E709,docked_bike,2021-04-30 06:50:30,2021-04-30 07:03:43,Central Park W & W 97 St,7538,Central Park S & 6 Ave,6876,40.792495,-73.96417,40.76590936,-73.97634151,member
1106097,050F6DA0A6CFDC72,docked_bike,2021-04-30 08:46:04,2021-04-30 09:18:47,Central Park W & W 97 St,7538,E 32 St & Park Ave,6280,40.792495,-73.96417,40.7457121,-73.98194829,member
1106098,097D9411F0AF9336,docked_bike,2021-04-09 12:48:30,2021-04-09 13:05:49,Central Park W & W 97 St,7538,Central Park S & 6 Ave,6876,40.792495,-73.96417,40.76590936,-73.97634151,member
1106106,3CE60FD66A6BCD39,docked_bike,2021-04-13 11:37:40,2021-04-13 12:06:48,Central Park W & W 97 St,7538,Central Park S & 6 Ave,6876,40.792495,-73.96417,40.76590936,-73.97634151,casual
1106108,B2AD4903EEB800C4,docked_bike,2021-04-14 17:59:04,2021-04-14 18:15:12,Central Park W & W 97 St,7538,Central Park S & 6 Ave,6876,40.792495,-73.96417,40.76590936,-73.97634151,casual
1106109,45EDA02EBFEEA446,docked_bike,2021-04-30 09:10:11,2021-04-30 09:21:07,Central Park W & W 97 St,7538,Central Park S & 6 Ave,6876,40.792495,-73.96417,40.76590936,-73.97634151,casual
1106110,6D1E7E07FB0A6478,docked_bike,2021-04-12 06:55:56,2021-04-12 07:25:51,Central Park W & W 97 St,7538,E 32 St & Park Ave,6280,40.792495,-73.96417,40.7457121,-73.98194829,member
1106113,FD2D237B234C234E,docked_bike,2021-04-01 06:31:49,2021-04-01 06:39:17,Central Park W & W 97 St,7538,E 110 St & Madison Ave,7587,40.792495,-73.96417,40.7961535,-73.94782145,casual
1106115,72A2FE586C1E2056,docked_bike,2021-04-19 12:11:47,2021-04-19 12:18:50,Central Park W & W 97 St,7538,E 110 St & Madison Ave,7587,40.792495,-73.96417,40.7961535,-73.94782145,member
1106116,A155B72384FB4151,docked_bike,2021-04-29 17:20:24,2021-04-29 17:30:06,Central Park W & W 97 St,7538,E 110 St & Madison Ave,7587,40.792495,-73.96417,40.7961535,-73.94782145,member
1106117,2F94D8A3349238D6,docked_bike,2021-04-16 12:03:26,2021-04-16 12:14:29,Central Park W & W 97 St,7538,Central Park S & 6 Ave,6876,40.792495,-73.96417,40.76590936,-73.97634151,member
1106129,E46C1B76DB938077,docked_bike,2021-04-16 11:04:53,2021-04-16 11:16:33,Central Park W & W 97 St,7538,Central Park S & 6 Ave,6876,40.792495,-73.96417,40.76590936,-73.97634151,member
1106132,759C0D98E3B243DF,docked_bike,2021-04-19 19:11:55,2021-04-19 19:25:03,Central Park W & W 97 St,7538,Central Park S & 6 Ave,6876,40.792495,-73.96417,40.76590936,-73.97634151,member
1106133,BB8F2150C19B187D,docked_bike,2021-04-27 19:43:45,2021-04-27 20:05:24,Central Park W & W 97 St,7538,E 32 St & Park Ave,6280,40.792495,-73.96417,40.7457121,-73.98194829,member
1106134,1598DFBD32384541,docked_bike,2021-04-26 08:55:17,2021-04-26 09:18:40,Central Park W & W 97 St,7538,E 32 St & Park Ave,6280,40.792495,-73.96417,40.7457121,-73.98194829,member
1106135,46D040FCE1351095,docked_bike,2021-04-19 08:56:55,2021-04-19 09:33:51,Central Park W & W 97 St,7538,E 32 St & Park Ave,6280,40.792495,-73.96417,40.7457121,-73.98194829,member
1106136,5BB2569EC6A3FF37,docked_bike,2021-04-20 07:01:27,2021-04-20 07:28:10,Central Park W & W 97 St,7538,E 32 St & Park Ave,6280,40.792495,-73.96417,40.7457121,-73.98194829,member
1106137,F7FEAC130B0764C5,docked_bike,2021-04-01 06:55:57,2021-04-01 07:20:41,Central Park W & W 97 St,7538,E 32 St & Park Ave,6280,40.792495,-73.96417,40.7457121,-73.98194829,member
1106138,A1D210E1B2496B43,docked_bike,2021-04-29 09:08:13,2021-04-29 09:40:06,Central Park W & W 97 St,7538,E 32 St & Park Ave,6280,40.792495,-73.96417,40.7457121,-73.98194829,member
1108309,DC5AD47E74780243,docked_bike,2021-04-24 16:57:06,2021-04-24 17:15:25,Central Park W & W 97 St,7538,Central Park S & 6 Ave,6876,40.792495,-73.96417,40.76590936,-73.97634151,casual
1108313,43A268F27C018B91,docked_bike,2021-04-10 19:51:20,2021-04-10 20:05:09,Central Park W & W 97 St,7538,E 110 St & Madison Ave,7587,40.792495,-73.96417,40.7961535,-73.94782145,casual
1108314,B1708B7089EDD929,docked_bike,2021-04-13 11:36:59,2021-04-13 12:06:16,Central Park W & W 97 St,7538,Central Park S & 6 Ave,6876,40.792495,-73.96417,40.76590936,-73.97634151,casual
1108317,77A1E86397521A59,docked_bike,2021-04-24 20:04:32,2021-04-24 20:13:23,Central Park W & W 97 St,7538,E 110 St & Madison Ave,7587,40.792495,-73.96417,40.7961535,-73.94782145,member
1116307,B959EB607AFDCF47,docked_bike,2021-04-10 17:18:28,2021-04-10 17:47:08,W 100 St & Manhattan Ave,7538,W 70 St & Amsterdam Ave,7207,40.795,-73.9645,40.77748046,-73.98288594,casual
1116348,740E517D4D933D98,docked_bike,2021-04-06 10:32:17,2021-04-06 10:48:27,W 100 St & Manhattan Ave,7538,E 89 St & 3 Ave,7265,40.795,-73.9645,40.7806284,-73.9521667,member
1116349,6FC619A5074754F1,docked_bike,2021-04-18 10:36:22,2021-04-18 10:53:42,W 100 St & Manhattan Ave,7538,E 89 St & 3 Ave,7265,40.795,-73.9645,40.7806284,-73.9521667,member
1116366,6B3D5314376331B3,docked_bike,2021-04-19 17:43:14,2021-04-19 17:56:56,W 100 St & Manhattan Ave,7538,W 70 St & Amsterdam Ave,7207,40.795,-73.9645,40.77748046,-73.98288594,member
1116367,497690875E4C9811,docked_bike,2021-04-19 09:35:57,2021-04-19 09:50:36,W 100 St & Manhattan Ave,7538,E 89 St & 3 Ave,7265,40.795,-73.9645,40.7806284,-73.9521667,member
1116368,86951A87C98105F6,docked_bike,2021-04-29 09:30:39,2021-04-29 09:44:55,W 100 St & Manhattan Ave,7538,E 89 St & 3 Ave,7265,40.795,-73.9645,40.7806284,-73.9521667,member
1116369,5A50AA2067126844,docked_bike,2021-04-10 09:36:23,2021-04-10 09:51:45,W 100 St & Manhattan Ave,7538,E 89 St & 3 Ave,7265,40.795,-73.9645,40.7806284,-73.9521667,member
1116371,083AD642A0640D47,docked_bike,2021-04-07 13:50:08,2021-04-07 14:16:35,W 100 St & Manhattan Ave,7538,W 70 St & Amsterdam Ave,7207,40.795,-73.9645,40.77748,-73.982886,member
1116387,6A3C7CC7F3E5A5C5,docked_bike,2021-04-01 12:30:55,2021-04-01 12:48:03,W 100 St & Manhattan Ave,7538,W 70 St & Amsterdam Ave,7207,40.795,-73.9645,40.77748046,-73.98288594,casual
1116397,FAACBF46F3DC7E86,docked_bike,2021-04-17 10:36:18,2021-04-17 10:51:58,W 100 St & Manhattan Ave,7538,E 89 St & 3 Ave,7265,40.795,-73.9645,40.7806284,-73.9521667,member
1116398,5AD6ECBCD11821EB,docked_bike,2021-04-02 10:33:28,2021-04-02 10:47:34,W 100 St & Manhattan Ave,7538,E 89 St & 3 Ave,7265,40.795,-73.9645,40.7806284,-73.9521667,member
1116415,E03F32C34BCA6497,docked_bike,2021-04-27 10:23:50,2021-04-27 10:47:22,W 100 St & Manhattan Ave,7538,E 89 St & 3 Ave,7265,40.795,-73.9645,40.7806284,-73.9521667,casual
1116425,C2410725A333AF83,docked_bike,2021-04-12 18:32:31,2021-04-13 07:10:57,W 100 St & Manhattan Ave,7538,1 Ave & E 16 St,5779,40.795,-73.9645,40.73221853,-73.98165557,member
1116426,418C01318EA89273,docked_bike,2021-04-14 18:35:46,2021-04-14 19:00:55,W 100 St & Manhattan Ave,7538,1 Ave & E 16 St,5779,40.795,-73.9645,40.73221853,-73.98165557,member
1116431,B5B6AA5F01D15D50,docked_bike,2021-04-19 11:40:38,2021-04-19 11:55:17,W 100 St & Manhattan Ave,7538,E 89 St & 3 Ave,7265,40.795,-73.9645,40.7806284,-73.9521667,member
1117746,A62756200EADB1EE,docked_bike,2021-04-15 09:36:13,2021-04-15 09:50:40,W 100 St & Manhattan Ave,7538,E 89 St & 3 Ave,7265,40.795,-73.9645,40.7806284,-73.9521667,member
1117747,037C0CB592289D8E,docked_bike,2021-04-19 17:24:13,2021-04-19 17:35:28,W 100 St & Manhattan Ave,7538,E 89 St & 3 Ave,7265,40.795,-73.9645,40.7806284,-73.9521667,casual
1122848,BAE295592F7869D3,docked_bike,2021-04-24 10:30:02,2021-04-24 10:45:45,W 100 St & Manhattan Ave,7538,E 89 St & 3 Ave,7265,40.795,-73.9645,40.7806284,-73.9521667,member
1122867,1BD1301AE0E85AA6,docked_bike,2021-04-04 13:17:34,2021-04-04 13:41:10,W 100 St & Manhattan Ave,7538,W 43 St & 10 Ave,6756,40.795,-73.9645,40.76009437,-73.99461843,member
1122877,D26E6ED71D3A3F52,docked_bike,2021-04-30 17:23:49,2021-04-30 17:36:48,Central Park W & W 97 St,7538,W 70 St & Amsterdam Ave,7207,40.792495,-73.96417,40.77748046,-73.98288594,casual
1122887,0AB85B3D589CEAAF,docked_bike,2021-04-26 17:23:43,2021-04-26 17:35:52,Central Park W & W 97 St,7538,W 70 St & Amsterdam Ave,7207,40.792495,-73.96417,40.77748046,-73.98288594,member
1122933,CEEF2F6B1954CEBA,docked_bike,2021-04-03 15:38:45,2021-04-03 16:01:39,Central Park W & W 97 St,7538,E 89 St & 3 Ave,7265,40.792495,-73.96417,40.7806284,-73.9521667,casual
1122940,B77E7D5AEC3360FD,docked_bike,2021-04-21 14:59:20,2021-04-21 15:14:05,Central Park W & W 97 St,7538,W 70 St & Amsterdam Ave,7207,40.792495,-73.96417,40.77748046,-73.98288594,casual
1122982,322C1E02A799538A,docked_bike,2021-04-19 17:43:05,2021-04-19 18:08:50,W 100 St & Manhattan Ave,7538,FDR Drive & E 35 St,6230,40.795,-73.9645,40.744219,-73.97121214,member
1122991,9C3438C849951FF8,docked_bike,2021-04-13 14:45:41,2021-04-13 14:55:21,W 100 St & Manhattan Ave,7538,W 70 St & Amsterdam Ave,7207,40.795,-73.9645,40.77748046,-73.98288594,casual
1122992,77DE8963A911A9DC,docked_bike,2021-04-15 18:34:34,2021-04-15 19:02:57,W 100 St & Manhattan Ave,7538,1 Ave & E 16 St,5779,40.795,-73.9645,40.73221853,-73.98165557,member
1122995,B2354A0723FB2A47,docked_bike,2021-04-14 09:35:15,2021-04-14 09:50:20,W 100 St & Manhattan Ave,7538,E 89 St & 3 Ave,7265,40.795,-73.9645,40.7806284,-73.9521667,member
1122996,832578633446D03C,docked_bike,2021-04-01 10:30:28,2021-04-01 10:40:03,W 100 St & Manhattan Ave,7538,E 89 St & 3 Ave,7265,40.795,-73.9645,40.7806284,-73.9521667,member
1122997,CA019D260F615DB8,docked_bike,2021-04-09 10:35:47,2021-04-09 10:50:40,W 100 St & Manhattan Ave,7538,E 89 St & 3 Ave,7265,40.795,-73.9645,40.7806284,-73.9521667,member
1123003,27B9B09796BD59BC,docked_bike,2021-04-14 17:39:15,2021-04-14 18:05:19,W 100 St & Manhattan Ave,7538,FDR Drive & E 35 St,6230,40.795,-73.9645,40.744219,-73.97121214,member
1123014,61C46E810312C082,docked_bike,2021-04-29 10:51:15,2021-04-29 11:05:20,Central Park W & W 97 St,7538,5 Ave & W 131 St,7735,40.792495,-73.96417,40.81014,-73.93973,member
1123069,70DA3BECCD7B3F4B,docked_bike,2021-04-18 15:14:34,2021-04-18 15:41:52,Central Park W & W 97 St,7538,W 43 St & 10 Ave,6756,40.792495,-73.96417,40.76009437,-73.99461843,member
1123081,46E994D765B339D3,docked_bike,2021-04-10 09:23:09,2021-04-10 09:32:01,Central Park W & W 97 St,7538,E 89 St & 3 Ave,7265,40.792495,-73.96417,40.7806284,-73.9521667,member
1123084,C0A00891529293AE,docked_bike,2021-04-23 16:55:24,2021-04-23 17:03:49,Central Park W & W 97 St,7538,W 70 St & Amsterdam Ave,7207,40.792495,-73.96417,40.77748046,-73.98288594,member
1123090,FBF930897668A529,docked_bike,2021-04-20 16:37:08,2021-04-20 17:00:07,Central Park W & W 97 St,7538,E 89 St & 3 Ave,7265,40.792495,-73.96417,40.7806284,-73.9521667,casual
1123148,8BE90C81B4A3E5FD,docked_bike,2021-04-28 19:54:50,2021-04-28 20:11:32,Central Park W & W 97 St,7538,W 70 St & Amsterdam Ave,7207,40.792495,-73.96417,40.77748046,-73.98288594,member
1123151,D9D7CC7E49280232,docked_bike,2021-04-23 16:51:13,2021-04-23 17:21:47,Central Park W & W 97 St,7538,W 70 St & Amsterdam Ave,7207,40.792495,-73.96417,40.77748046,-73.98288594,member
1123162,EEAF77A56170F73A,docked_bike,2021-04-02 07:21:47,2021-04-02 07:28:58,Central Park W & W 97 St,7538,E 89 St & 3 Ave,7265,40.792495,-73.96417,40.7806284,-73.9521667,member
1123165,02ECDDB87D6E9F73,docked_bike,2021-04-17 15:01:08,2021-04-17 15:01:03,Central Park W & W 97 St,7538,W 70 St & Amsterdam Ave,7207,40.792495,-73.96417,40.77748046,-73.98288594,member
1123197,245FA6B56206F04F,docked_bike,2021-04-21 14:59:24,2021-04-21 15:13:56,Central Park W & W 97 St,7538,W 70 St & Amsterdam Ave,7207,40.792495,-73.96417,40.77748046,-73.98288594,member
1123379,BFF2BA4345F7F70D,docked_bike,2021-04-27 19:57:34,2021-04-27 20:07:33,Central Park W & W 97 St,7538,W 70 St & Amsterdam Ave,7207,40.792495,-73.96417,40.77748046,-73.98288594,member
1123400,4DC459387603E913,docked_bike,2021-04-02 15:10:22,2021-04-02 16:03:53,Central Park W & W 97 St,7538,FDR Drive & E 35 St,6230,40.792495,-73.96417,40.744219,-73.97121214,casual
1123407,D269B75F5AC30305,docked_bike,2021-04-10 11:03:53,2021-04-10 11:33:56,Central Park W & W 97 St,7538,1 Ave & E 16 St,5779,40.792495,-73.964171,40.732219,-73.981656,member
1123410,1A229164A58D018B,docked_bike,2021-04-13 10:37:31,2021-04-13 10:50:40,Central Park W & W 97 St,7538,E 89 St & 3 Ave,7265,40.792495,-73.96417,40.7806284,-73.9521667,member
1123418,544563B26573612C,docked_bike,2021-04-04 06:13:38,2021-04-04 06:31:01,Central Park W & W 97 St,7538,W 70 St & Amsterdam Ave,7207,40.792495,-73.96417,40.77748046,-73.98288594,member
1123422,EC37AA9CCA66B95A,docked_bike,2021-04-18 15:14:10,2021-04-18 15:41:45,Central Park W & W 97 St,7538,W 43 St & 10 Ave,6756,40.792495,-73.96417,40.76009437,-73.99461843,member
1123425,3593EC66E6A5C63B,docked_bike,2021-04-06 16:50:43,2021-04-06 17:13:32,Central Park W & W 97 St,7538,5 Ave & W 131 St,7735,40.792495,-73.96417,40.81014,-73.93973,casual
1123433,1B2397FC4413DD6F,docked_bike,2021-04-08 11:42:04,2021-04-08 11:59:48,Central Park W & W 97 St,7538,W 70 St & Amsterdam Ave,7207,40.792495,-73.96417,40.77748046,-73.98288594,member
1123451,1475D99E0A0A8999,docked_bike,2021-04-19 08:10:15,2021-04-19 08:21:36,Central Park W & W 97 St,7538,W 70 St & Amsterdam Ave,7207,40.792495,-73.96417,40.77748046,-73.98288594,member
1123980,288FF06A3442242B,docked_bike,2021-04-28 13:10:51,2021-04-28 13:25:46,Central Park W & W 97 St,7538,E 89 St & 3 Ave,7265,40.792495,-73.96417,40.7806284,-73.9521667,member
1123998,CEBF250DFE11EEC9,docked_bike,2021-04-23 23:22:35,2021-04-23 23:32:52,Central Park W & W 97 St,7538,W 70 St & Amsterdam Ave,7207,40.792495,-73.96417,40.77748046,-73.98288594,member
1123999,C961B4B5111A49FE,docked_bike,2021-04-04 16:33:43,2021-04-04 17:11:06,Central Park W & W 97 St,7538,E 89 St & 3 Ave,7265,40.792495,-73.964171,40.780628,-73.952167,member
1124013,B72824C5731CC212,docked_bike,2021-04-05 19:29:11,2021-04-05 20:01:39,Central Park W & W 97 St,7538,FDR Drive & E 35 St,6230,40.792495,-73.96417,40.744219,-73.97121214,member
1124014,95ADDE9EC9789A77,docked_bike,2021-04-30 17:23:43,2021-04-30 17:36:41,Central Park W & W 97 St,7538,W 70 St & Amsterdam Ave,7207,40.792495,-73.96417,40.77748046,-73.98288594,casual
1124017,57A1014032BD7241,docked_bike,2021-04-18 11:15:29,2021-04-18 11:21:32,Central Park W & W 97 St,7538,E 89 St & 3 Ave,7265,40.792495,-73.96417,40.7806284,-73.9521667,member
1124037,4FA2C59A28D9E833,docked_bike,2021-04-26 18:51:54,2021-04-26 19:14:37,W 100 St & Manhattan Ave,7538,1 Ave & E 16 St,5779,40.795,-73.9645,40.73221853,-73.98165557,member
1124038,3C1BDAE6B775566D,docked_bike,2021-04-28 18:26:25,2021-04-28 18:54:42,W 100 St & Manhattan Ave,7538,1 Ave & E 16 St,5779,40.795,-73.9645,40.73221853,-73.98165557,member
1124375,EB2A9E1D118E6932,docked_bike,2021-04-14 14:46:20,2021-04-14 15:00:09,Central Park W & W 97 St,7538,5 Ave & W 131 St,7735,40.792495,-73.96417,40.81014,-73.93973,casual
1146911,A35698C8C71E155F,docked_bike,2021-04-24 15:51:44,2021-04-24 16:09:08,Central Park W & W 97 St,7538,E 85 St & York Ave,7146,40.792495,-73.96417,40.77536905,-73.94803392,casual
1146920,34FC8C2AF7B3B8CD,docked_bike,2021-04-10 21:57:03,2021-04-10 22:26:39,Central Park W & W 97 St,7538,9 Ave & W 22 St,6266,40.792495,-73.96417,40.7454973,-74.00197139,member
1146932,467A8EB1599FD526,docked_bike,2021-04-28 15:58:08,2021-04-28 16:07:48,Central Park W & W 97 St,7538,Adam Clayton Powell Blvd & W 123 St,7704,40.792495,-73.96417,40.8078316,-73.949373,member
1146934,BEB5B4237F429FF3,docked_bike,2021-04-06 12:25:12,2021-04-06 12:38:38,Central Park W & W 97 St,7538,Adam Clayton Powell Blvd & W 123 St,7704,40.792495,-73.96417,40.8078316,-73.949373,member
1146947,47CC8C5E03F8F3B2,docked_bike,2021-04-17 12:52:51,2021-04-17 13:28:09,Central Park W & W 97 St,7538,E 11 St & 2 Ave,5746,40.792495,-73.96417,40.73047309,-73.98672378,member
1146950,21D890234EAD5328,docked_bike,2021-04-18 14:41:44,2021-04-18 15:12:38,Central Park W & W 97 St,7538,Broadway & W 37 St,6441,40.792495,-73.96417,40.75172632,-73.98753523,member
1146952,8DE0ECC299EA7210,docked_bike,2021-04-08 17:39:22,2021-04-08 18:01:54,Central Park W & W 97 St,7538,5 Ave & E 63 St,6904,40.792495,-73.964171,40.766368,-73.971518,member
1147025,8AE189818CAC2F0F,docked_bike,2021-04-24 15:53:29,2021-04-24 16:09:10,Central Park W & W 97 St,7538,E 85 St & York Ave,7146,40.792495,-73.96417,40.77536905,-73.94803392,member
1147027,87A8A7EFEEE70929,docked_bike,2021-04-10 12:19:05,2021-04-10 12:39:47,Central Park W & W 97 St,7538,9 Ave & W 22 St,6266,40.792495,-73.96417,40.7454973,-74.00197139,member
1147031,11C76117C0F8BD44,docked_bike,2021-04-26 13:58:58,2021-04-26 14:14:16,Central Park W & W 97 St,7538,5 Ave & E 63 St,6904,40.792495,-73.96417,40.766368,-73.971518,member
1147032,95553E26154CAA22,docked_bike,2021-04-04 17:21:06,2021-04-04 17:48:56,Central Park W & W 97 St,7538,5 Ave & E 63 St,6904,40.792495,-73.96417,40.766368,-73.971518,casual
1147033,ADF86493C5D7A6CC,docked_bike,2021-04-08 18:04:27,2021-04-08 18:33:01,Central Park W & W 97 St,7538,Broadway & W 37 St,6441,40.792495,-73.96417,40.75172632,-73.98753523,member
1147035,D5C5C382DC4A4FE6,docked_bike,2021-04-28 06:14:02,2021-04-28 06:39:06,Central Park W & W 97 St,7538,Broadway & W 37 St,6441,40.792495,-73.96417,40.75172632,-73.98753523,member
1147040,0C09130FD445575B,docked_bike,2021-04-12 06:35:18,2021-04-12 06:50:41,Central Park W & W 97 St,7538,Adam Clayton Powell Blvd & W 123 St,7704,40.792495,-73.96417,40.8078316,-73.949373,member
1147043,E5A544FDB74E50A1,docked_bike,2021-04-26 22:33:06,2021-04-26 22:45:09,Central Park W & W 97 St,7538,E 85 St & York Ave,7146,40.792495,-73.96417,40.77536905,-73.94803392,member
1147047,3ACB367419DC703F,docked_bike,2021-04-16 13:55:00,2021-04-16 14:06:35,Central Park W & W 97 St,7538,Adam Clayton Powell Blvd & W 123 St,7704,40.792495,-73.96417,40.8078316,-73.949373,casual
1147052,139464CE74086A8E,docked_bike,2021-04-07 18:53:47,2021-04-07 19:43:03,Central Park W & W 97 St,7538,5 Ave & E 63 St,6904,40.792495,-73.96417,40.766368,-73.971518,casual
1147053,ABE01AB513F93BAE,docked_bike,2021-04-04 17:20:36,2021-04-04 17:48:43,Central Park W & W 97 St,7538,5 Ave & E 63 St,6904,40.792495,-73.96417,40.766368,-73.971518,casual
1147070,8B919F30641B53CB,docked_bike,2021-04-24 15:25:51,2021-04-24 15:56:12,Central Park W & W 97 St,7538,5 Ave & E 63 St,6904,40.792495,-73.96417,40.766368,-73.971518,casual
1147080,9B65C39A6E35B107,docked_bike,2021-04-21 11:14:46,2021-04-21 11:37:55,Central Park W & W 97 St,7538,E 85 St & York Ave,7146,40.792495,-73.96417,40.77536905,-73.94803392,casual
1147081,45DD638E188A37D2,docked_bike,2021-04-19 15:32:08,2021-04-19 16:10:29,Central Park W & W 97 St,7538,5 Ave & E 63 St,6904,40.792495,-73.96417,40.766368,-73.971518,casual
1147087,BB2975A5F8A85A6C,docked_bike,2021-04-17 15:28:01,2021-04-17 15:27:56,Central Park W & W 97 St,7538,5 Ave & E 63 St,6904,40.792495,-73.96417,40.766368,-73.971518,member
1147090,AF3C3EF4A6613518,docked_bike,2021-04-11 09:03:22,2021-04-11 09:31:32,Central Park W & W 97 St,7538,9 Ave & W 22 St,6266,40.792495,-73.96417,40.7454973,-74.00197139,member
1147097,C74217FDBCB8A673,docked_bike,2021-04-16 16:22:46,2021-04-16 16:35:52,Central Park W & W 97 St,7538,5 Ave & E 63 St,6904,40.792495,-73.96417,40.766368,-73.971518,member
1147132,D23FC127354FBA71,docked_bike,2021-04-12 15:13:41,2021-04-12 15:50:28,Central Park W & W 97 St,7538,5 Ave & E 63 St,6904,40.792495,-73.96417,40.766368,-73.971518,casual
1147134,1CEFF6FA2EFDB9ED,docked_bike,2021-04-17 13:39:16,2021-04-17 14:09:54,Central Park W & W 97 St,7538,Washington St & Gansevoort St,6039,40.792495,-73.96417,40.739323,-74.008119,member
1147137,7330F6C2F185B76C,docked_bike,2021-04-23 19:25:31,2021-04-23 19:50:17,Central Park W & W 97 St,7538,E 85 St & York Ave,7146,40.792495,-73.96417,40.77536905,-73.94803392,member
1147138,8667F49162C8D363,docked_bike,2021-04-27 20:02:45,2021-04-27 20:35:28,Central Park W & W 97 St,7538,E 85 St & York Ave,7146,40.792495,-73.96417,40.77536905,-73.94803392,member
1147145,6CD502C95CFE0C0E,docked_bike,2021-04-13 17:39:18,2021-04-13 18:18:05,Central Park W & W 97 St,7538,Adam Clayton Powell Blvd & W 123 St,7704,40.792495,-73.96417,40.8078316,-73.949373,member
1147151,38AF1041E6F2000A,docked_bike,2021-04-12 15:13:40,2021-04-12 15:51:13,Central Park W & W 97 St,7538,5 Ave & E 63 St,6904,40.792495,-73.96417,40.766368,-73.971518,casual
1147158,6A91A0309FD600E1,docked_bike,2021-04-07 19:00:36,2021-04-07 19:42:59,Central Park W & W 97 St,7538,5 Ave & E 63 St,6904,40.792495,-73.96417,40.766368,-73.971518,casual
1147167,BB603792F18E8FDA,docked_bike,2021-04-18 16:27:26,2021-04-18 17:01:47,Central Park W & W 97 St,7538,5 Ave & E 63 St,6904,40.792495,-73.96417,40.766368,-73.971518,member
1147168,A93A2297EA45FBEB,docked_bike,2021-04-24 15:52:54,2021-04-24 16:09:00,Central Park W & W 97 St,7538,E 85 St & York Ave,7146,40.792495,-73.96417,40.77536905,-73.94803392,casual
1147219,1E2488A41352C85E,docked_bike,2021-04-17 09:24:14,2021-04-17 09:24:13,Central Park W & W 97 St,7538,Adam Clayton Powell Blvd & W 123 St,7704,40.792495,-73.96417,40.8078316,-73.949373,member
1147223,71242BDA38779FA3,docked_bike,2021-04-13 16:20:37,2021-04-13 16:34:28,Central Park W & W 97 St,7538,E 85 St & York Ave,7146,40.792495,-73.96417,40.77536905,-73.94803392,member
1147231,56EE7A8590216F5C,docked_bike,2021-04-20 20:01:30,2021-04-20 20:17:07,Central Park W & W 97 St,7538,5 Ave & E 63 St,6904,40.792495,-73.96417,40.766368,-73.971518,casual
1147235,8DFC0B48B08A5EB7,docked_bike,2021-04-21 07:41:20,2021-04-21 08:08:07,Central Park W & W 97 St,7538,Broadway & W 37 St,6441,40.792495,-73.96417,40.75172632,-73.98753523,member
1147236,9DB8DAA43D069384,docked_bike,2021-04-17 13:39:13,2021-04-17 14:09:57,Central Park W & W 97 St,7538,Washington St & Gansevoort St,6039,40.792495,-73.96417,40.739323,-74.008119,member
1147237,A001D4BBE370D4EF,docked_bike,2021-04-19 15:33:07,2021-04-19 16:11:18,Central Park W & W 97 St,7538,5 Ave & E 63 St,6904,40.792495,-73.96417,40.766368,-73.971518,casual
1147873,5BBF62E2877F9250,docked_bike,2021-04-23 08:25:55,2021-04-23 08:39:15,W 100 St & Manhattan Ave,7538,5 Ave & E 63 St,6904,40.795,-73.9645,40.766368,-73.971518,member
1147874,29D264BFA65085EE,docked_bike,2021-04-12 10:11:11,2021-04-12 10:26:47,W 100 St & Manhattan Ave,7538,5 Ave & E 63 St,6904,40.795,-73.9645,40.766368,-73.971518,member
1147875,556D9AED4BC995B1,docked_bike,2021-04-07 16:24:06,2021-04-07 16:33:39,W 100 St & Manhattan Ave,7538,Adam Clayton Powell Blvd & W 123 St,7704,40.795,-73.9645,40.8078316,-73.949373,member
1147880,18FA25D670D76C9E,docked_bike,2021-04-27 11:40:38,2021-04-27 11:58:08,W 100 St & Manhattan Ave,7538,5 Ave & E 63 St,6904,40.795,-73.9645,40.766368,-73.971518,member
1147884,D6C145634DB672C2,docked_bike,2021-04-03 12:32:28,2021-04-03 12:51:36,W 100 St & Manhattan Ave,7538,5 Ave & E 63 St,6904,40.795,-73.9645,40.766368,-73.971518,member
1147886,292F9BFD1CF124B0,docked_bike,2021-04-08 14:19:55,2021-04-08 14:57:44,W 100 St & Manhattan Ave,7538,5 Ave & E 63 St,6904,40.795,-73.9645,40.766368,-73.971518,member
1147888,0889DE969A67D706,docked_bike,2021-04-11 10:33:40,2021-04-11 10:51:06,W 100 St & Manhattan Ave,7538,5 Ave & E 63 St,6904,40.795,-73.9645,40.766368,-73.971518,casual
1147900,F000DF7844035597,docked_bike,2021-04-23 23:31:03,2021-04-23 23:46:06,W 100 St & Manhattan Ave,7538,E 85 St & York Ave,7146,40.795,-73.9645,40.77536905,-73.94803392,member
1149847,8DF50EA7BBB950D4,docked_bike,2021-04-26 15:29:32,2021-04-26 16:06:44,Central Park W & W 97 St,7538,9 Ave & W 22 St,6266,40.792495,-73.964171,40.745497,-74.001971,member
1150003,3FF766A77B736939,docked_bike,2021-04-06 10:19:45,2021-04-06 10:37:19,Central Park W & W 97 St,7538,5 Ave & E 63 St,6904,40.792495,-73.96417,40.766368,-73.971518,member
1150005,30B39863F53CD6CD,docked_bike,2021-04-28 08:49:50,2021-04-28 09:04:34,Central Park W & W 97 St,7538,E 85 St & York Ave,7146,40.792495,-73.96417,40.77536905,-73.94803392,member
1150006,629B23F25B166503,docked_bike,2021-04-05 09:56:44,2021-04-05 10:51:49,Central Park W & W 97 St,7538,Washington St & Gansevoort St,6039,40.792495,-73.96417,40.739323,-74.008119,casual
1150010,051EAD4E8343EB56,docked_bike,2021-04-21 11:18:06,2021-04-21 12:07:39,Central Park W & W 97 St,7538,Broadway & W 37 St,6441,40.792495,-73.96417,40.75172632,-73.98753523,member
1150129,AA9CA98FE98F275F,docked_bike,2021-04-18 18:41:13,2021-04-18 19:06:25,Central Park W & W 97 St,7538,Broadway & W 37 St,6441,40.792495,-73.96417,40.75172632,-73.98753523,casual
1150141,9F93856E2019D5AD,docked_bike,2021-04-02 10:26:23,2021-04-02 10:54:10,Central Park W & W 97 St,7538,9 Ave & W 22 St,6266,40.792495,-73.96417,40.7454973,-74.00197139,member
1157432,717550BBE1703ACF,docked_bike,2021-04-17 10:03:05,2021-04-17 10:31:58,Central Park W & W 97 St,7538,E 51 St & 2 Ave,6575,40.792495,-73.96417,40.755293,-73.967641,member
1157446,29CCE00E8924ADC8,docked_bike,2021-04-19 18:27:07,2021-04-19 18:30:09,Central Park W & W 97 St,7538,E 97 St & Madison Ave,7393,40.792495,-73.96417,40.787801,-73.953559,member
1157460,8A09664A62387B16,docked_bike,2021-04-29 20:16:52,2021-04-29 20:22:36,Central Park W & W 97 St,7538,E 97 St & Madison Ave,7393,40.792495,-73.96417,40.787801,-73.953559,member
1157461,9F3021EED936F63B,docked_bike,2021-04-09 13:11:11,2021-04-09 13:35:21,Central Park W & W 97 St,7538,E 97 St & Madison Ave,7393,40.792495,-73.96417,40.787801,-73.953559,member
1157464,1EFBECA089E175F3,docked_bike,2021-04-25 12:54:45,2021-04-25 13:11:19,Central Park W & W 97 St,7538,E 51 St & 2 Ave,6575,40.792495,-73.96417,40.755293,-73.967641,member
1157465,AB5E9AFCBE166BB2,docked_bike,2021-04-28 18:06:58,2021-04-28 18:31:31,Central Park W & W 97 St,7538,E 97 St & Madison Ave,7393,40.792495,-73.96417,40.787801,-73.953559,member
1157482,9130CEC586E547C2,docked_bike,2021-04-09 12:26:04,2021-04-09 12:34:37,Central Park W & W 97 St,7538,E 97 St & Madison Ave,7393,40.792495,-73.96417,40.787801,-73.953559,member
1157485,E695FDA77D3D1B89,docked_bike,2021-04-17 19:27:47,2021-04-17 19:27:46,Central Park W & W 97 St,7538,E 97 St & Madison Ave,7393,40.792495,-73.96417,40.787801,-73.953559,member
1157494,8D5B37546B07810E,docked_bike,2021-04-28 19:23:16,2021-04-28 19:39:44,Central Park W & W 97 St,7538,E 75 St & 3 Ave,6991,40.792495,-73.96417,40.77112927,-73.95772297,member
1157499,7051842036BA3E51,docked_bike,2021-04-14 14:31:59,2021-04-14 14:46:41,Central Park W & W 97 St,7538,E 97 St & Madison Ave,7393,40.792495,-73.96417,40.787801,-73.953559,member
1157500,BDA023B6D276AFDE,docked_bike,2021-04-23 10:19:49,2021-04-23 10:31:34,Central Park W & W 97 St,7538,E 97 St & Madison Ave,7393,40.792495,-73.96417,40.787801,-73.953559,member
1157506,4A360B8664E25A00,docked_bike,2021-04-03 06:52:56,2021-04-03 06:57:35,Central Park W & W 97 St,7538,E 97 St & Madison Ave,7393,40.792495,-73.96417,40.787801,-73.953559,member
1157507,A4D873B676395EB6,docked_bike,2021-04-06 20:47:10,2021-04-06 20:53:36,Central Park W & W 97 St,7538,E 97 St & Madison Ave,7393,40.792495,-73.96417,40.787801,-73.953559,member
1157508,393A422DDA1D6D6B,docked_bike,2021-04-18 12:48:29,2021-04-18 12:54:27,Central Park W & W 97 St,7538,E 97 St & Madison Ave,7393,40.792495,-73.96417,40.787801,-73.953559,member
1157510,E6150A3B84E92BCC,docked_bike,2021-04-18 01:20:06,2021-04-18 01:20:04,Central Park W & W 97 St,7538,E 97 St & Madison Ave,7393,40.792495,-73.96417,40.787801,-73.953559,casual
1157513,DEBB5E0A77BB9526,docked_bike,2021-04-03 15:23:16,2021-04-03 15:29:15,Central Park W & W 97 St,7538,E 97 St & Madison Ave,7393,40.792495,-73.96417,40.787801,-73.953559,member
1157515,1D510BE27DEDF2A8,docked_bike,2021-04-27 08:12:42,2021-04-27 08:25:38,Central Park W & W 97 St,7538,E 97 St & Madison Ave,7393,40.792495,-73.96417,40.787801,-73.953559,casual
1157516,C8E956A07BE80846,docked_bike,2021-04-28 09:10:54,2021-04-28 09:15:33,Central Park W & W 97 St,7538,E 97 St & Madison Ave,7393,40.792495,-73.96417,40.787801,-73.953559,member
1157520,04610A06F91DDDA8,docked_bike,2021-04-18 00:13:33,2021-04-18 00:13:28,Central Park W & W 97 St,7538,E 97 St & Madison Ave,7393,40.792495,-73.96417,40.787801,-73.953559,casual
1157524,C1AEBA5A6E02C3AB,docked_bike,2021-04-08 09:04:37,2021-04-08 09:28:10,Central Park W & W 97 St,7538,E 51 St & 2 Ave,6575,40.792495,-73.96417,40.755293,-73.967641,casual
1157525,65219B67DDF494E7,docked_bike,2021-04-04 20:46:02,2021-04-04 20:53:04,Central Park W & W 97 St,7538,E 97 St & Madison Ave,7393,40.792495,-73.96417,40.787801,-73.953559,member
1157526,7CEB37AB48247756,docked_bike,2021-04-11 22:47:12,2021-04-11 22:52:22,Central Park W & W 97 St,7538,E 97 St & Madison Ave,7393,40.792495,-73.96417,40.787801,-73.953559,member
1157530,20F3D1D68C09167A,docked_bike,2021-04-13 08:50:09,2021-04-13 09:00:05,Central Park W & W 97 St,7538,E 97 St & Madison Ave,7393,40.792495,-73.96417,40.787801,-73.953559,member
1157531,FB5795FFAA742341,docked_bike,2021-04-01 19:01:54,2021-04-01 19:06:57,Central Park W & W 97 St,7538,E 97 St & Madison Ave,7393,40.792495,-73.96417,40.787801,-73.953559,member
1157550,C087996CD64D62D0,docked_bike,2021-04-10 15:35:18,2021-04-10 15:49:29,Central Park W & W 97 St,7538,E 97 St & Madison Ave,7393,40.792495,-73.96417,40.787801,-73.953559,member
1157553,7E33F197F7ABECC4,docked_bike,2021-04-07 09:15:22,2021-04-07 09:51:19,Central Park W & W 97 St,7538,1 Ave & E 30 St,6079,40.792495,-73.96417,40.74144387,-73.97536082,casual
1157573,A1D10EB8ED222A16,docked_bike,2021-04-20 14:19:38,2021-04-20 14:44:17,Central Park W & W 97 St,7538,E 75 St & 3 Ave,6991,40.792495,-73.96417,40.77112927,-73.95772297,casual
1157579,5C6B45342555A7BA,docked_bike,2021-04-14 22:16:54,2021-04-14 22:48:22,Central Park W & W 97 St,7538,E 51 St & 2 Ave,6575,40.792495,-73.96417,40.755293,-73.967641,member
1157581,CF5B46E26BF5E069,docked_bike,2021-04-18 12:03:23,2021-04-18 12:10:48,Central Park W & W 97 St,7538,E 97 St & Madison Ave,7393,40.792495,-73.96417,40.787801,-73.953559,casual
1157582,63E4E0B35AEBD53C,docked_bike,2021-04-06 07:03:05,2021-04-06 07:28:27,Central Park W & W 97 St,7538,1 Ave & E 30 St,6079,40.792495,-73.96417,40.74144387,-73.97536082,member
1157593,4BEBEC9053825955,docked_bike,2021-04-20 19:40:57,2021-04-20 20:12:44,Central Park W & W 97 St,7538,E 43 St & 2 Ave,6422,40.792495,-73.96417,40.75022392,-73.97121414,member
1157595,32E9DB679B966247,docked_bike,2021-04-20 19:41:42,2021-04-20 20:12:54,Central Park W & W 97 St,7538,E 43 St & 2 Ave,6422,40.792495,-73.96417,40.75022392,-73.97121414,casual
1157597,2754DA593ED9BF3D,docked_bike,2021-04-09 08:01:42,2021-04-09 08:35:56,Central Park W & W 97 St,7538,E 97 St & Madison Ave,7393,40.792495,-73.96417,40.787801,-73.953559,member
1157611,A3F9E21105002A98,docked_bike,2021-04-18 17:10:44,2021-04-18 17:26:20,Central Park W & W 97 St,7538,E 97 St & Madison Ave,7393,40.792495,-73.96417,40.787801,-73.953559,member
1157614,6DC2DBC804248884,docked_bike,2021-04-10 14:15:59,2021-04-10 14:20:51,Central Park W & W 97 St,7538,E 97 St & Madison Ave,7393,40.792495,-73.964171,40.787801,-73.953559,member
1157616,0B08CCCE09C78646,docked_bike,2021-04-18 14:50:33,2021-04-18 14:54:20,Central Park W & W 97 St,7538,E 97 St & Madison Ave,7393,40.792495,-73.96417,40.787801,-73.953559,casual
1157622,3F3BB3CD9894A391,docked_bike,2021-04-01 14:29:49,2021-04-01 14:49:22,Central Park W & W 97 St,7538,E 51 St & 2 Ave,6575,40.792495,-73.96417,40.755293,-73.967641,member
1157624,8683531973CED430,docked_bike,2021-04-21 21:42:49,2021-04-21 21:47:21,Central Park W & W 97 St,7538,E 97 St & Madison Ave,7393,40.792495,-73.96417,40.787801,-73.953559,member
1157630,EDB8D37B783CE373,docked_bike,2021-04-14 19:01:21,2021-04-14 19:05:50,Central Park W & W 97 St,7538,E 97 St & Madison Ave,7393,40.792495,-73.96417,40.787801,-73.953559,member
1157631,47916BD6CDDBC97E,docked_bike,2021-04-16 18:44:21,2021-04-16 18:48:44,Central Park W & W 97 St,7538,E 97 St & Madison Ave,7393,40.792495,-73.96417,40.787801,-73.953559,member
1157639,1A912D15F7804D00,docked_bike,2021-04-28 19:44:33,2021-04-28 19:48:39,Central Park W & W 97 St,7538,E 97 St & Madison Ave,7393,40.792495,-73.96417,40.787801,-73.953559,member
1157640,76A0E65E868D26BA,docked_bike,2021-04-08 19:13:04,2021-04-08 19:18:45,Central Park W & W 97 St,7538,E 97 St & Madison Ave,7393,40.792495,-73.96417,40.787801,-73.953559,member
1157643,C3EF56B54ACB34B1,docked_bike,2021-04-26 17:39:31,2021-04-26 18:10:52,Central Park W & W 97 St,7538,E 97 St & Madison Ave,7393,40.792495,-73.96417,40.787801,-73.953559,casual
1157651,62F2E9C4C3B87A48,docked_bike,2021-04-20 19:42:04,2021-04-20 20:13:01,Central Park W & W 97 St,7538,E 43 St & 2 Ave,6422,40.792495,-73.96417,40.75022392,-73.97121414,member
1157661,08B3617519781247,docked_bike,2021-04-22 15:55:50,2021-04-22 16:01:37,Central Park W & W 97 St,7538,E 97 St & Madison Ave,7393,40.792495,-73.96417,40.787801,-73.953559,member
1157662,839B5D4D1CD84FAF,docked_bike,2021-04-07 15:18:17,2021-04-07 15:39:56,Central Park W & W 97 St,7538,E 51 St & 2 Ave,6575,40.792495,-73.96417,40.755293,-73.967641,member
1157670,AF83017DFD3225B6,docked_bike,2021-04-17 19:27:47,2021-04-17 19:37:13,Central Park W & W 97 St,7538,E 97 St & Madison Ave,7393,40.792495,-73.96417,40.787801,-73.953559,member
1157671,2E0A86F6ACA1F125,docked_bike,2021-04-07 22:14:00,2021-04-07 22:18:34,Central Park W & W 97 St,7538,E 97 St & Madison Ave,7393,40.792495,-73.96417,40.787801,-73.953559,member
1157672,BC029B38C9C7C4F4,docked_bike,2021-04-21 17:44:37,2021-04-21 17:48:44,Central Park W & W 97 St,7538,E 97 St & Madison Ave,7393,40.792495,-73.96417,40.787801,-73.953559,member
1157673,FEAB6E7F427A0576,docked_bike,2021-04-23 18:23:37,2021-04-23 18:28:41,Central Park W & W 97 St,7538,E 97 St & Madison Ave,7393,40.792495,-73.96417,40.787801,-73.953559,member
1157676,2166446B6016D218,docked_bike,2021-04-01 14:08:38,2021-04-01 14:21:40,Central Park W & W 97 St,7538,E 97 St & Madison Ave,7393,40.792495,-73.96417,40.787801,-73.953559,member
1157679,00864B75442EACCA,docked_bike,2021-04-17 14:05:35,2021-04-17 14:05:29,Central Park W & W 97 St,7538,E 97 St & Madison Ave,7393,40.792495,-73.96417,40.787801,-73.953559,member
1157685,FF3825C7FEF454F0,docked_bike,2021-04-08 14:11:40,2021-04-08 14:21:38,Central Park W & W 97 St,7538,E 97 St & Madison Ave,7393,40.792495,-73.96417,40.787801,-73.953559,member
1157686,72F034C06006D3B7,docked_bike,2021-04-17 12:10:07,2021-04-17 12:14:50,Central Park W & W 97 St,7538,E 97 St & Madison Ave,7393,40.792495,-73.96417,40.787801,-73.953559,member
1157696,80552A485D973278,docked_bike,2021-04-13 22:22:50,2021-04-13 22:30:38,Central Park W & W 97 St,7538,E 97 St & Madison Ave,7393,40.792495,-73.96417,40.787801,-73.953559,member
1157698,3848782C694AAC10,docked_bike,2021-04-23 17:46:50,2021-04-23 17:53:55,Central Park W & W 97 St,7538,E 97 St & Madison Ave,7393,40.792495,-73.96417,40.787801,-73.953559,casual
1157699,9D9C1E56BCCD36DC,docked_bike,2021-04-29 11:01:05,2021-04-29 11:13:57,Central Park W & W 97 St,7538,E 97 St & Madison Ave,7393,40.792495,-73.96417,40.787801,-73.953559,member
1157702,217AF1DC8FC125CC,docked_bike,2021-04-17 02:04:37,2021-04-17 02:04:32,Central Park W & W 97 St,7538,E 97 St & Madison Ave,7393,40.792495,-73.96417,40.787801,-73.953559,member
1157860,A54B2A761B20468D,docked_bike,2021-04-26 18:07:27,2021-04-26 18:12:43,Central Park W & W 97 St,7538,E 97 St & Madison Ave,7393,40.792495,-73.96417,40.787801,-73.953559,member
1157861,139788FEDF4FC1EC,docked_bike,2021-04-23 18:24:48,2021-04-23 18:30:12,Central Park W & W 97 St,7538,E 97 St & Madison Ave,7393,40.792495,-73.96417,40.787801,-73.953559,member
1157863,656C059236EDE7A0,docked_bike,2021-04-27 08:17:45,2021-04-27 08:23:07,Central Park W & W 97 St,7538,E 97 St & Madison Ave,7393,40.792495,-73.96417,40.787801,-73.953559,member
1159447,606885F28AA12DA4,docked_bike,2021-04-17 10:03:28,2021-04-17 10:32:02,Central Park W & W 97 St,7538,E 51 St & 2 Ave,6575,40.792495,-73.96417,40.755293,-73.967641,member
1159453,4A41865A875BE259,docked_bike,2021-04-07 11:12:28,2021-04-07 11:19:21,Central Park W & W 97 St,7538,E 97 St & Madison Ave,7393,40.792495,-73.96417,40.787801,-73.953559,member
1162311,2CA96808BB385EC9,docked_bike,2021-04-02 18:51:08,2021-04-02 18:55:31,Central Park W & W 97 St,7538,E 97 St & Madison Ave,7393,40.792495,-73.96417,40.787801,-73.953559,member
1162312,C7FFC070A03EE34E,docked_bike,2021-04-09 19:07:05,2021-04-09 19:11:08,Central Park W & W 97 St,7538,E 97 St & Madison Ave,7393,40.792495,-73.96417,40.787801,-73.953559,member
1162313,36DBA742715E6CF1,docked_bike,2021-04-03 18:18:56,2021-04-03 18:24:00,Central Park W & W 97 St,7538,E 97 St & Madison Ave,7393,40.792495,-73.96417,40.787801,-73.953559,member
1162318,63650B1050854B01,docked_bike,2021-04-19 10:54:14,2021-04-19 11:03:39,Central Park W & W 97 St,7538,E 97 St & Madison Ave,7393,40.792495,-73.96417,40.787801,-73.953559,member
1162324,C637D12414A0CAD6,docked_bike,2021-04-10 16:20:16,2021-04-10 16:28:26,Central Park W & W 97 St,7538,E 97 St & Madison Ave,7393,40.792495,-73.96417,40.787801,-73.953559,casual
1162328,4ADA3DCEEC51F7F5,docked_bike,2021-04-14 21:36:52,2021-04-14 21:49:33,Central Park W & W 97 St,7538,E 97 St & Madison Ave,7393,40.792495,-73.96417,40.787801,-73.953559,member
1162329,F94879C07A9EA29F,docked_bike,2021-04-28 13:14:52,2021-04-28 13:23:43,Central Park W & W 97 St,7538,E 97 St & Madison Ave,7393,40.792495,-73.96417,40.787801,-73.953559,casual
1162349,570A825D6954F680,docked_bike,2021-04-20 16:32:01,2021-04-20 17:13:16,W 100 St & Manhattan Ave,7538,E 51 St & 2 Ave,6575,40.795,-73.9645,40.755293,-73.967641,member
1162504,0940254F634D6AE6,docked_bike,2021-04-11 22:52:11,2021-04-11 22:58:24,W 100 St & Manhattan Ave,7538,E 97 St & Madison Ave,7393,40.795,-73.9645,40.787801,-73.953559,member
1162505,77C8069C81DDA511,docked_bike,2021-04-13 20:56:30,2021-04-13 21:11:49,W 100 St & Manhattan Ave,7538,E 75 St & 3 Ave,6991,40.795,-73.9645,40.77112927,-73.95772297,casual
1162507,A68CB7E4C8902E8D,docked_bike,2021-04-08 16:02:12,2021-04-08 16:27:40,W 100 St & Manhattan Ave,7538,E 43 St & 2 Ave,6422,40.795,-73.9645,40.75022392,-73.97121414,member
1162516,106BEBBE4FFE248F,docked_bike,2021-04-16 14:10:25,2021-04-16 14:21:24,W 100 St & Manhattan Ave,7538,E 97 St & Madison Ave,7393,40.795,-73.9645,40.787801,-73.953559,casual
1162517,462AE090BCB4E391,docked_bike,2021-04-29 05:47:41,2021-04-29 05:56:32,W 100 St & Manhattan Ave,7538,E 97 St & Madison Ave,7393,40.795,-73.9645,40.787801,-73.953559,member
1162520,FC4B598F084D7750,docked_bike,2021-04-04 16:38:21,2021-04-04 17:07:06,W 100 St & Manhattan Ave,7538,W 37 St & 10 Ave,6611,40.795,-73.9645,40.75660359,-73.9979009,casual
1162726,3D8A77BBD606D92D,docked_bike,2021-04-08 17:44:49,2021-04-08 18:10:44,W 100 St & Manhattan Ave,7538,E 51 St & 2 Ave,6575,40.795,-73.9645,40.755293,-73.967641,member
1162728,3EA76532256E95D9,docked_bike,2021-04-23 13:08:09,2021-04-23 13:16:19,W 100 St & Manhattan Ave,7538,E 97 St & Madison Ave,7393,40.795,-73.9645,40.787801,-73.953559,member
1162731,511486FFF1D5786A,docked_bike,2021-04-15 23:03:42,2021-04-15 23:25:02,W 100 St & Manhattan Ave,7538,E 43 St & 2 Ave,6422,40.795,-73.9645,40.75022392,-73.97121414,member
1164402,16FADCAC72B7CEE4,docked_bike,2021-04-17 20:35:31,2021-04-17 20:52:53,W 100 St & Manhattan Ave,7538,E 51 St & 2 Ave,6575,40.795,-73.9645,40.755293,-73.967641,member
1164403,CA8751390498459D,docked_bike,2021-04-07 14:22:14,2021-04-07 14:27:38,W 100 St & Manhattan Ave,7538,E 97 St & Madison Ave,7393,40.795,-73.9645,40.787801,-73.953559,casual
1164411,F9F9A8612972F044,docked_bike,2021-04-19 07:51:25,2021-04-19 08:01:27,W 100 St & Manhattan Ave,7538,E 97 St & Madison Ave,7393,40.795,-73.9645,40.787801,-73.953559,member
1164414,5E02CAB62A4827FD,docked_bike,2021-04-25 18:46:24,2021-04-25 18:57:51,W 100 St & Manhattan Ave,7538,E 97 St & Madison Ave,7393,40.795,-73.9645,40.787801,-73.953559,member
1181438,54C60E04AF1A5568,docked_bike,2021-04-06 09:31:59,2021-04-06 09:55:15,Central Park W & W 97 St,7538,Broadway & W 41 St,6560,40.792495,-73.96417,40.75513557,-73.98658032,member
1181439,27AB000622FEF584,docked_bike,2021-04-07 09:40:58,2021-04-07 10:04:55,Central Park W & W 97 St,7538,Broadway & W 41 St,6560,40.792495,-73.96417,40.75513557,-73.98658032,member
1181452,17F6D40AEE515991,docked_bike,2021-04-10 14:48:11,2021-04-10 15:07:52,Central Park W & W 97 St,7538,Wards Meadow Comfort Station,7327,40.792495,-73.96417,40.78294,-73.93077,casual
1181457,B277167EC553A3D9,docked_bike,2021-04-24 15:18:51,2021-04-24 15:38:43,Central Park W & W 97 St,7538,Riverside Blvd & W 67 St,7183,40.792495,-73.96417,40.777507027547976,-73.98888587951659,member
1181458,B37224BF88ABF8EC,docked_bike,2021-04-25 16:44:14,2021-04-25 16:59:22,Central Park W & W 97 St,7538,Riverside Blvd & W 67 St,7183,40.792495,-73.96417,40.777507027547976,-73.98888587951659,member
1181463,7D06465878B03B2F,docked_bike,2021-04-10 18:20:04,2021-04-10 18:52:16,Central Park W & W 97 St,7538,Broadway & W 41 St,6560,40.792495,-73.96417,40.75513557,-73.98658032,member
1181514,98F4C898E210A000,docked_bike,2021-04-22 09:21:32,2021-04-22 09:46:31,Central Park W & W 97 St,7538,Broadway & W 41 St,6560,40.792495,-73.96417,40.75513557,-73.98658032,member
1181515,B4F06789172C8297,docked_bike,2021-04-06 19:09:31,2021-04-06 19:28:33,Central Park W & W 97 St,7538,12 Ave & W 40 St,6765,40.792495,-73.964171,40.760875,-74.002777,member
1181525,7EF63FE0683A0765,docked_bike,2021-04-04 12:43:11,2021-04-04 13:01:54,Central Park W & W 97 St,7538,12 Ave & W 40 St,6765,40.792495,-73.96417,40.76087502,-74.00277668,casual
1181536,66B994B50A1870A6,docked_bike,2021-04-28 18:29:00,2021-04-28 18:49:47,Central Park W & W 97 St,7538,Riverside Blvd & W 67 St,7183,40.792495,-73.96417,40.777507027547976,-73.98888587951659,member
1181539,B6F61B37180BADA9,docked_bike,2021-04-03 14:12:34,2021-04-03 14:41:04,Central Park W & W 97 St,7538,12 Ave & W 40 St,6765,40.792495,-73.96417,40.76087502,-74.00277668,member
1181557,4149F960F8475D24,docked_bike,2021-04-13 19:24:13,2021-04-13 19:45:15,Central Park W & W 97 St,7538,12 Ave & W 40 St,6765,40.792495,-73.96417,40.76087502,-74.00277668,member
1181561,44E78290803A56C1,docked_bike,2021-04-28 08:12:28,2021-04-28 08:38:33,Central Park W & W 97 St,7538,11 Ave & W 41 St,6726,40.792495,-73.96417,40.76030096,-73.99884222,casual
1181568,B970FD33F2B416EB,docked_bike,2021-04-18 10:48:50,2021-04-18 11:05:31,Central Park W & W 97 St,7538,Riverside Blvd & W 67 St,7183,40.792495,-73.96417,40.777507027547976,-73.98888587951659,member
1181570,7BEEF0792D43F076,docked_bike,2021-04-18 11:07:29,2021-04-18 11:26:54,Central Park W & W 97 St,7538,Broadway & W 41 St,6560,40.792495,-73.96417,40.75513557,-73.98658032,member
1181571,E0A702AF8F584C1E,docked_bike,2021-04-16 09:38:32,2021-04-16 10:02:13,Central Park W & W 97 St,7538,Broadway & W 41 St,6560,40.792495,-73.96417,40.75513557,-73.98658032,member
1181639,038C4FFED96CC033,docked_bike,2021-04-03 13:47:30,2021-04-03 14:27:17,Central Park W & W 97 St,7538,12 Ave & W 40 St,6765,40.792495,-73.964171,40.760875,-74.002777,member
1181690,DD6E34A0EA526AE6,docked_bike,2021-04-28 09:23:59,2021-04-28 09:43:22,Central Park W & W 97 St,7538,Broadway & W 41 St,6560,40.792495,-73.96417,40.75513557,-73.98658032,member
1181695,2D91D474CB1FEB6F,docked_bike,2021-04-22 13:06:51,2021-04-22 13:38:47,Central Park W & W 97 St,7538,12 Ave & W 40 St,6765,40.792495,-73.96417,40.76087502,-74.00277668,member
1182071,2457BBE6D0D6998F,docked_bike,2021-04-29 12:57:36,2021-04-29 13:26:45,Central Park W & W 97 St,7538,11 Ave & W 41 St,6726,40.792495,-73.96417,40.76030096,-73.99884222,member
1182072,A89B155B01904F7A,docked_bike,2021-04-10 13:38:10,2021-04-10 14:18:04,Central Park W & W 97 St,7538,12 Ave & W 40 St,6765,40.792495,-73.96417,40.76087502,-74.00277668,member
1182079,5816B5CDECB1EBD9,docked_bike,2021-04-18 10:49:11,2021-04-18 11:38:19,Central Park W & W 97 St,7538,12 Ave & W 40 St,6765,40.792495,-73.96417,40.76087502,-74.00277668,member
1182094,A86E1AF7EBDF450A,docked_bike,2021-04-10 15:24:18,2021-04-10 15:44:52,Central Park W & W 97 St,7538,Riverside Blvd & W 67 St,7183,40.792495,-73.96417,40.777507027547976,-73.98888587951659,member
1182101,F28FE0AF0213C73C,docked_bike,2021-04-05 17:37:12,2021-04-05 17:53:39,Central Park W & W 97 St,7538,Riverside Blvd & W 67 St,7183,40.792495,-73.964171,40.777507,-73.988886,member
1182103,8C483343F9DD9129,docked_bike,2021-04-13 10:43:07,2021-04-13 11:13:44,Central Park W & W 97 St,7538,Broadway & W 192 St,8511,40.792495,-73.96417,40.857994,-73.932173,casual
1182104,3331D54C25FA3222,docked_bike,2021-04-03 14:13:01,2021-04-03 14:40:58,Central Park W & W 97 St,7538,12 Ave & W 40 St,6765,40.792495,-73.96417,40.76087502,-74.00277668,casual
1182167,FD517BAFB34F07D3,docked_bike,2021-04-23 16:52:25,2021-04-23 17:04:37,Central Park W & W 97 St,7538,Riverside Blvd & W 67 St,7183,40.792495,-73.96417,40.777507027547976,-73.98888587951659,member
1182172,2466E410E71CB149,docked_bike,2021-04-09 18:35:10,2021-04-09 18:54:40,Central Park W & W 97 St,7538,12 Ave & W 40 St,6765,40.792495,-73.964171,40.760875,-74.002777,member
1182174,8A7830B885998653,docked_bike,2021-04-19 17:32:08,2021-04-19 17:53:11,Central Park W & W 97 St,7538,W 165 St & Fort Washington Ave,8226,40.792495,-73.96417,40.84004,-73.942939,member
1182219,BB5D38B425591441,docked_bike,2021-04-14 09:15:06,2021-04-14 09:39:47,Central Park W & W 97 St,7538,Broadway & W 41 St,6560,40.792495,-73.96417,40.75513557,-73.98658032,member
1182246,1AE11A92AF8FC496,docked_bike,2021-04-03 13:47:34,2021-04-03 14:27:21,Central Park W & W 97 St,7538,12 Ave & W 40 St,6765,40.792495,-73.96417,40.76087502,-74.00277668,member
1182247,65AC12A7A34D37B0,docked_bike,2021-04-28 18:28:47,2021-04-28 18:50:02,Central Park W & W 97 St,7538,Riverside Blvd & W 67 St,7183,40.792495,-73.96417,40.777507027547976,-73.98888587951659,member
1182605,F16870B9964EA98F,docked_bike,2021-04-24 18:05:28,2021-04-24 18:30:53,Central Park W & W 97 St,7538,12 Ave & W 40 St,6765,40.792495,-73.96417,40.76087502,-74.00277668,member
1182620,8C9ACD8D58BD88B6,docked_bike,2021-04-10 19:58:14,2021-04-10 20:19:32,Central Park W & W 97 St,7538,Broadway & W 41 St,6560,40.792495,-73.96417,40.75513557,-73.98658032,member
1182626,84581A658EF497FD,docked_bike,2021-04-19 15:08:50,2021-04-19 15:38:04,Central Park W & W 97 St,7538,Concourse Village East & E 158 St,8000,40.792495,-73.96417,40.823732,-73.919379,member
1182629,CAD231E7E47BB2B8,docked_bike,2021-04-10 15:24:32,2021-04-10 15:44:47,Central Park W & W 97 St,7538,Riverside Blvd & W 67 St,7183,40.792495,-73.96417,40.777507027547976,-73.98888587951659,member
1182710,100936E5FDB84893,docked_bike,2021-04-05 19:45:40,2021-04-05 20:02:41,Central Park W & W 97 St,7538,12 Ave & W 40 St,6765,40.792495,-73.964171,40.760875,-74.002777,member
1182724,F628D4200A3DB179,docked_bike,2021-04-01 17:13:28,2021-04-01 17:33:05,Central Park W & W 97 St,7538,Wards Meadow Comfort Station,7327,40.792495,-73.96417,40.78294,-73.93077,member
1182725,B488DF9BA887625C,docked_bike,2021-04-18 17:59:34,2021-04-18 18:31:19,Central Park W & W 97 St,7538,12 Ave & W 40 St,6765,40.792495,-73.96417,40.76087502,-74.00277668,casual
1183106,E4FC2DD3AD9E09F4,docked_bike,2021-04-18 14:29:32,2021-04-18 14:54:26,Central Park W & W 97 St,7538,Riverside Blvd & W 67 St,7183,40.792495,-73.96417,40.777507027547976,-73.98888587951659,member
1183107,3D7C1503D86417FB,docked_bike,2021-04-20 08:42:14,2021-04-20 08:59:49,Central Park W & W 97 St,7538,Riverside Blvd & W 67 St,7183,40.792495,-73.96417,40.777507027547976,-73.98888587951659,member
1183109,947321568356928F,docked_bike,2021-04-07 11:52:19,2021-04-07 12:35:26,Central Park W & W 97 St,7538,Little West St & 1 Pl,5001,40.792495,-73.96417,40.70569254,-74.01677685,member
1183112,75044FCDDB92F2B0,docked_bike,2021-04-15 08:08:39,2021-04-15 08:08:37,Central Park W & W 97 St,7538,Broadway & W 41 St,6560,40.792495,-73.96417,40.75513557,-73.98658032,casual
1183123,54EF0F99E6E4E682,docked_bike,2021-04-27 15:07:28,2021-04-27 15:23:20,Central Park W & W 97 St,7538,11 Ave & W 41 St,6726,40.792495,-73.96417,40.76030096,-73.99884222,member
1183129,CABEBB148B11DA9F,docked_bike,2021-04-08 23:49:15,2021-04-09 00:00:29,Central Park W & W 97 St,7538,Riverside Blvd & W 67 St,7183,40.792495,-73.96417,40.777507027547976,-73.98888587951659,member
1183132,6373BA0F11A39275,docked_bike,2021-04-10 14:47:12,2021-04-10 15:07:40,Central Park W & W 97 St,7538,Wards Meadow Comfort Station,7327,40.792495,-73.96417,40.78294,-73.93077,member
1183137,04E560D2966C6D2F,docked_bike,2021-04-24 15:18:38,2021-04-24 15:38:38,Central Park W & W 97 St,7538,Riverside Blvd & W 67 St,7183,40.792495,-73.96417,40.777507027547976,-73.98888587951659,member
1183138,7C99B3488E7F3530,docked_bike,2021-04-03 15:15:24,2021-04-03 15:36:51,Central Park W & W 97 St,7538,Riverside Blvd & W 67 St,7183,40.792495,-73.96417,40.777507027547976,-73.98888587951659,member
1185101,8BECB723D2AA7795,docked_bike,2021-04-10 17:32:53,2021-04-10 17:45:59,W 100 St & Manhattan Ave,7538,Riverside Blvd & W 67 St,7183,40.795,-73.9645,40.777507027547976,-73.98888587951659,member
1185102,EF2C17342EB55DAA,docked_bike,2021-04-07 13:06:54,2021-04-07 14:10:29,W 100 St & Manhattan Ave,7538,Riverside Blvd & W 67 St,7183,40.795,-73.9645,40.777507027547976,-73.98888587951659,member
1185107,22D2166FBACA633B,docked_bike,2021-04-04 16:02:18,2021-04-04 16:44:40,W 100 St & Manhattan Ave,7538,12 Ave & W 40 St,6765,40.795,-73.9645,40.76087502,-74.00277668,member
1185126,9D51B18CA02AC537,docked_bike,2021-04-26 18:10:09,2021-04-26 18:34:26,W 100 St & Manhattan Ave,7538,Broadway & W 192 St,8511,40.795,-73.9645,40.857994,-73.932173,member
1185128,AF551782A89B8894,docked_bike,2021-04-26 18:25:31,2021-04-26 18:59:38,W 100 St & Manhattan Ave,7538,12 Ave & W 40 St,6765,40.795,-73.9645,40.76087502,-74.00277668,member
1185130,025AF55E4946F820,docked_bike,2021-04-22 19:23:53,2021-04-22 19:42:22,W 100 St & Manhattan Ave,7538,Riverside Blvd & W 67 St,7183,40.795,-73.9645,40.777507027547976,-73.98888587951659,member
1185140,6E2F5320D99D2308,docked_bike,2021-04-27 17:07:00,2021-04-27 17:27:33,W 100 St & Manhattan Ave,7538,12 Ave & W 40 St,6765,40.795,-73.9645,40.76087502,-74.00277668,member
1185152,0A96FB942904BCE8,docked_bike,2021-04-29 07:40:55,2021-04-29 08:00:52,W 100 St & Manhattan Ave,7538,W 165 St & Fort Washington Ave,8226,40.795,-73.9645,40.84004,-73.942939,member
1185153,AEBD1654BC407A73,docked_bike,2021-04-30 07:43:18,2021-04-30 08:03:47,W 100 St & Manhattan Ave,7538,W 165 St & Fort Washington Ave,8226,40.795,-73.9645,40.84004,-73.942939,member
1185173,ACB3B752FDA46FC1,docked_bike,2021-04-03 11:25:49,2021-04-03 11:39:10,W 100 St & Manhattan Ave,7538,Riverside Blvd & W 67 St,7183,40.795,-73.9645,40.777507,-73.988886,member
1185174,07006526742A16FB,docked_bike,2021-04-18 08:05:23,2021-04-18 08:16:20,W 100 St & Manhattan Ave,7538,Riverside Blvd & W 67 St,7183,40.795,-73.9645,40.777507,-73.988886,member
1185175,31E69AB459A2277A,docked_bike,2021-04-10 09:47:02,2021-04-10 09:59:00,W 100 St & Manhattan Ave,7538,Riverside Blvd & W 67 St,7183,40.795,-73.9645,40.777507,-73.988886,member
1185181,AD38C4B6F13150D5,docked_bike,2021-04-18 14:13:06,2021-04-18 15:00:24,W 100 St & Manhattan Ave,7538,12 Ave & W 40 St,6765,40.795,-73.9645,40.76087502,-74.00277668,casual
1185182,9E4F15A983BE6B8F,docked_bike,2021-04-05 15:38:48,2021-04-05 16:34:04,W 100 St & Manhattan Ave,7538,12 Ave & W 40 St,6765,40.795,-73.9645,40.76087502,-74.00277668,casual
1185183,CF39D0BA98EDE000,docked_bike,2021-04-16 15:35:51,2021-04-16 15:56:38,W 100 St & Manhattan Ave,7538,Broadway & W 41 St,6560,40.795,-73.9645,40.75513557,-73.98658032,member
1185191,5E274DDF856A4E75,docked_bike,2021-04-19 15:20:20,2021-04-19 15:54:35,W 100 St & Manhattan Ave,7538,12 Ave & W 40 St,6765,40.795,-73.9645,40.76087502,-74.00277668,member
1185312,181F8B37F1853CF3,docked_bike,2021-04-16 15:20:27,2021-04-16 15:41:33,W 100 St & Manhattan Ave,7538,Broadway & W 41 St,6560,40.795,-73.9645,40.75513557,-73.98658032,casual
1185314,D41E9ABC5CF3AA5E,docked_bike,2021-04-18 14:13:08,2021-04-18 15:00:20,W 100 St & Manhattan Ave,7538,12 Ave & W 40 St,6765,40.795,-73.9645,40.76087502,-74.00277668,casual
1186119,96CF0204D784C0D3,docked_bike,2021-04-05 08:25:02,2021-04-05 08:45:31,W 100 St & Manhattan Ave,7538,W 165 St & Fort Washington Ave,8226,40.795,-73.9645,40.84004,-73.942939,member
1186121,47FC727BDF645323,docked_bike,2021-04-05 15:43:40,2021-04-05 16:34:10,W 100 St & Manhattan Ave,7538,12 Ave & W 40 St,6765,40.795,-73.9645,40.76087502,-74.00277668,casual
1186272,E5392441FE976F88,docked_bike,2021-04-06 18:34:57,2021-04-06 19:00:43,W 100 St & Manhattan Ave,7538,Riverside Blvd & W 67 St,7183,40.795,-73.9645,40.777507027547976,-73.98888587951659,casual
1209493,EA85DA4BB2E6A621,docked_bike,2021-04-03 10:32:00,2021-04-03 10:38:49,W 100 St & Manhattan Ave,7538,W 100 St & Broadway,7580,40.795,-73.9645,40.7973721,-73.97041192,member
1209501,8677856AE3DFF3EC,docked_bike,2021-04-23 12:43:38,2021-04-23 12:58:36,W 100 St & Manhattan Ave,7538,W 59 St & 10 Ave,7023,40.795,-73.9645,40.770513,-73.988038,member
1209630,ECA5EC62E0EED649,docked_bike,2021-04-09 07:36:47,2021-04-09 07:39:47,W 100 St & Manhattan Ave,7538,W 100 St & Broadway,7580,40.795,-73.9645,40.7973721,-73.97041192,member
1209640,9FE5878EAC806C6F,docked_bike,2021-04-30 07:35:37,2021-04-30 07:38:49,W 100 St & Manhattan Ave,7538,W 100 St & Broadway,7580,40.795,-73.9645,40.7973721,-73.97041192,member
1209644,BACF669190BAE9CE,docked_bike,2021-04-24 17:40:10,2021-04-24 17:43:24,W 100 St & Manhattan Ave,7538,W 100 St & Broadway,7580,40.795,-73.9645,40.7973721,-73.97041192,member
1209645,4406A3D2BB1EA0BE,docked_bike,2021-04-24 18:50:35,2021-04-24 18:54:05,W 100 St & Manhattan Ave,7538,W 100 St & Broadway,7580,40.795,-73.9645,40.7973721,-73.97041192,member
1209648,7F81D16C507B9E20,docked_bike,2021-04-29 16:09:06,2021-04-29 16:13:44,W 100 St & Manhattan Ave,7538,W 100 St & Broadway,7580,40.795,-73.9645,40.7973721,-73.97041192,member
1209654,231B2572ED0C9380,docked_bike,2021-04-07 17:50:20,2021-04-07 18:01:05,W 100 St & Manhattan Ave,7538,W 100 St & Broadway,7580,40.795,-73.9645,40.7973721,-73.97041192,member
1209655,30E223860D8B9F41,docked_bike,2021-04-03 10:33:15,2021-04-03 10:38:47,W 100 St & Manhattan Ave,7538,W 100 St & Broadway,7580,40.795,-73.9645,40.7973721,-73.97041192,member
1209661,40605BEB6C542634,docked_bike,2021-04-17 08:54:34,2021-04-17 09:07:15,W 100 St & Manhattan Ave,7538,W 59 St & 10 Ave,7023,40.795,-73.9645,40.770513,-73.988038,member
1209662,F32277A972E6A9F8,docked_bike,2021-04-30 18:54:14,2021-04-30 19:19:55,W 100 St & Manhattan Ave,7538,W 100 St & Broadway,7580,40.795,-73.9645,40.7973721,-73.97041192,member
1209664,C46D074D63EFC473,docked_bike,2021-04-23 07:21:06,2021-04-23 07:24:43,W 100 St & Manhattan Ave,7538,W 100 St & Broadway,7580,40.795,-73.9645,40.7973721,-73.97041192,member
1209673,66FD943C11D92A78,docked_bike,2021-04-25 12:16:37,2021-04-25 12:24:06,W 100 St & Manhattan Ave,7538,W 100 St & Broadway,7580,40.795,-73.9645,40.7973721,-73.97041192,member
1209678,01133AB30C5EAA49,docked_bike,2021-04-01 15:42:52,2021-04-01 15:44:49,W 100 St & Manhattan Ave,7538,W 100 St & Broadway,7580,40.795,-73.9645,40.7973721,-73.97041192,member
1209703,B6548603E9A67992,docked_bike,2021-04-30 20:06:31,2021-04-30 20:37:58,W 100 St & Manhattan Ave,7538,Madison Av & E 51 St,6659,40.795,-73.9645,40.75863,-73.97513,member
1209708,7E3633CE7B76E80A,docked_bike,2021-04-29 13:00:24,2021-04-29 13:04:36,W 100 St & Manhattan Ave,7538,W 100 St & Broadway,7580,40.795,-73.9645,40.7973721,-73.97041192,member
1209712,5160CB75EAF009C9,docked_bike,2021-04-06 09:38:25,2021-04-06 10:06:42,W 100 St & Manhattan Ave,7538,E 48 St & 3 Ave,6541,40.795,-73.9645,40.754601,-73.971879,member
1209717,5350130C0941FC63,docked_bike,2021-04-01 15:08:57,2021-04-01 15:13:44,W 100 St & Manhattan Ave,7538,W 100 St & Broadway,7580,40.795,-73.9645,40.797372,-73.970412,member
1209718,515BC08D538448C9,docked_bike,2021-04-09 14:47:17,2021-04-09 14:52:40,W 100 St & Manhattan Ave,7538,W 100 St & Broadway,7580,40.795,-73.9645,40.797372,-73.970412,member
1209723,6B6A69C65B4BC651,docked_bike,2021-04-19 09:17:18,2021-04-19 09:26:15,W 100 St & Manhattan Ave,7538,W 100 St & Broadway,7580,40.795,-73.9645,40.7973721,-73.97041192,member
1209728,73CB3579FD0BF7D5,docked_bike,2021-04-13 18:26:01,2021-04-13 18:31:30,W 100 St & Manhattan Ave,7538,W 100 St & Broadway,7580,40.795,-73.9645,40.7973721,-73.97041192,member
1209730,51E9A5A250EB366B,docked_bike,2021-04-06 18:27:31,2021-04-06 18:40:33,W 100 St & Manhattan Ave,7538,W 59 St & 10 Ave,7023,40.795,-73.9645,40.770513,-73.988038,member
1209738,B60C94524E55A300,docked_bike,2021-04-13 07:08:16,2021-04-13 07:12:52,W 100 St & Manhattan Ave,7538,W 100 St & Broadway,7580,40.795,-73.9645,40.7973721,-73.97041192,member
1209743,5CF4E379706958A4,docked_bike,2021-04-09 18:09:51,2021-04-09 18:41:54,W 100 St & Manhattan Ave,7538,E 48 St & 3 Ave,6541,40.795,-73.9645,40.7546011026,-73.971878855,member
1209744,676EAC3EEBCCB851,docked_bike,2021-04-16 07:24:08,2021-04-16 07:24:33,W 100 St & Manhattan Ave,7538,W 100 St & Broadway,7580,40.795,-73.9645,40.7973721,-73.97041192,member
1209745,0771C98F19AF34B2,docked_bike,2021-04-18 09:46:17,2021-04-18 09:57:26,W 100 St & Manhattan Ave,7538,W 59 St & 10 Ave,7023,40.795,-73.9645,40.770513,-73.988038,member
1209747,9618E29B0CA4036B,docked_bike,2021-04-17 19:34:44,2021-04-17 19:40:58,W 100 St & Manhattan Ave,7538,W 100 St & Broadway,7580,40.795,-73.9645,40.7973721,-73.97041192,casual
1209748,68F2B279A120CC5E,docked_bike,2021-04-08 22:31:58,2021-04-08 22:48:43,W 100 St & Manhattan Ave,7538,W 59 St & 10 Ave,7023,40.795,-73.9645,40.770513,-73.988038,member
1209753,AEBDA67DE0417681,docked_bike,2021-04-16 12:27:16,2021-04-16 12:31:39,W 100 St & Manhattan Ave,7538,W 100 St & Broadway,7580,40.795,-73.9645,40.7973721,-73.97041192,member
1209754,659021900A5A6AC4,docked_bike,2021-04-20 16:24:04,2021-04-20 16:28:44,W 100 St & Manhattan Ave,7538,W 100 St & Broadway,7580,40.795,-73.9645,40.7973721,-73.97041192,member
1209763,F270EF106CF3D064,docked_bike,2021-04-06 13:27:44,2021-04-06 13:31:55,W 100 St & Manhattan Ave,7538,W 100 St & Broadway,7580,40.795,-73.9645,40.797372,-73.970412,member
1209764,CF285443984984BB,docked_bike,2021-04-15 21:51:00,2021-04-15 21:55:30,W 100 St & Manhattan Ave,7538,W 100 St & Broadway,7580,40.795,-73.9645,40.7973721,-73.97041192,member
1209765,8F6D2D3DA120E25A,docked_bike,2021-04-08 18:59:09,2021-04-08 19:02:46,W 100 St & Manhattan Ave,7538,W 100 St & Broadway,7580,40.795,-73.9645,40.7973721,-73.97041192,member
1209769,A3DD07BAECED2276,docked_bike,2021-04-08 15:54:01,2021-04-08 16:13:46,W 100 St & Manhattan Ave,7538,E 48 St & 3 Ave,6541,40.795,-73.9645,40.7546011026,-73.971878855,member
1209774,E472927E47E2C677,docked_bike,2021-04-02 21:11:50,2021-04-02 21:14:16,W 100 St & Manhattan Ave,7538,W 100 St & Broadway,7580,40.795,-73.9645,40.7973721,-73.97041192,member
1209775,6ABE84F974030692,docked_bike,2021-04-14 12:34:19,2021-04-14 12:38:13,W 100 St & Manhattan Ave,7538,W 100 St & Broadway,7580,40.795,-73.9645,40.7973721,-73.97041192,member
1209783,0185F7F5D7A5548C,docked_bike,2021-04-17 11:05:40,2021-04-17 11:11:50,W 100 St & Manhattan Ave,7538,W 100 St & Broadway,7580,40.795,-73.9645,40.7973721,-73.97041192,member
1209789,019604A9B9F10C1B,docked_bike,2021-04-30 18:11:01,2021-04-30 18:13:25,W 100 St & Manhattan Ave,7538,W 100 St & Broadway,7580,40.795,-73.9645,40.7973721,-73.97041192,member
1209799,3352A72757A86C92,docked_bike,2021-04-01 10:04:46,2021-04-01 10:22:54,W 100 St & Manhattan Ave,7538,Madison Av & E 51 St,6659,40.795,-73.9645,40.75863,-73.97513,member
1209810,88157700769EB994,docked_bike,2021-04-17 14:44:28,2021-04-17 14:49:26,W 100 St & Manhattan Ave,7538,W 100 St & Broadway,7580,40.795,-73.9645,40.7973721,-73.97041192,member
1209814,928352D3F154AC99,docked_bike,2021-04-22 19:46:08,2021-04-22 20:13:14,W 100 St & Manhattan Ave,7538,E 102 St & 1 Ave,7407,40.795,-73.9645,40.7869946,-73.94164802,casual
1209818,884CF7256E86E7CA,docked_bike,2021-04-10 15:28:34,2021-04-10 17:46:08,W 100 St & Manhattan Ave,7538,W 100 St & Broadway,7580,40.795,-73.9645,40.7973721,-73.97041192,casual
1209822,3C03DCE99A1547FD,docked_bike,2021-04-04 14:43:58,2021-04-04 14:46:46,W 100 St & Manhattan Ave,7538,W 100 St & Broadway,7580,40.795,-73.9645,40.7973721,-73.97041192,member
1209829,1E74EA78395411E7,docked_bike,2021-04-04 21:06:48,2021-04-04 21:23:50,W 100 St & Manhattan Ave,7538,E 48 St & 3 Ave,6541,40.795,-73.9645,40.7546011026,-73.971878855,member
1209835,670FC33DB36490F8,docked_bike,2021-04-03 19:21:07,2021-04-03 19:26:41,W 100 St & Manhattan Ave,7538,W 100 St & Broadway,7580,40.795,-73.9645,40.7973721,-73.97041192,member
1209836,13C07FDA83BEC828,docked_bike,2021-04-12 13:04:32,2021-04-12 13:06:56,W 100 St & Manhattan Ave,7538,W 100 St & Broadway,7580,40.795,-73.9645,40.7973721,-73.97041192,member
1209837,21F03584B5333A0D,docked_bike,2021-04-07 16:35:47,2021-04-07 17:06:01,W 100 St & Manhattan Ave,7538,W 100 St & Broadway,7580,40.795,-73.9645,40.7973721,-73.97041192,member
1209841,8A8206A40241F7B9,docked_bike,2021-04-28 12:01:21,2021-04-28 12:06:10,W 100 St & Manhattan Ave,7538,W 100 St & Broadway,7580,40.795,-73.9645,40.7973721,-73.97041192,member
1209842,CC5D60E4C5F96B18,docked_bike,2021-04-05 16:55:33,2021-04-05 17:00:20,W 100 St & Manhattan Ave,7538,W 100 St & Broadway,7580,40.795,-73.9645,40.797372,-73.970412,member
1209843,C96FDF71812C9C36,docked_bike,2021-04-05 13:28:48,2021-04-05 13:34:22,W 100 St & Manhattan Ave,7538,W 100 St & Broadway,7580,40.795,-73.9645,40.797372,-73.970412,member
1209844,579A84386F8F1CA1,docked_bike,2021-04-30 09:50:55,2021-04-30 10:08:12,W 100 St & Manhattan Ave,7538,Madison Av & E 51 St,6659,40.795,-73.9645,40.75863,-73.97513,member
1209849,5DEABBEF9CDBB99F,docked_bike,2021-04-22 20:22:07,2021-04-22 20:27:06,W 100 St & Manhattan Ave,7538,W 100 St & Broadway,7580,40.795,-73.9645,40.7973721,-73.97041192,member
1209853,519FFA75A376669F,docked_bike,2021-04-27 08:00:24,2021-04-27 08:13:59,W 100 St & Manhattan Ave,7538,Madison Av & E 51 St,6659,40.795,-73.9645,40.75863,-73.97513,member
1209868,6F5C582E9D7812B0,docked_bike,2021-04-26 17:00:38,2021-04-26 17:14:52,W 100 St & Manhattan Ave,7538,W 100 St & Broadway,7580,40.795,-73.9645,40.7973721,-73.97041192,casual
1209870,8A7FDAA20BF7F50D,docked_bike,2021-04-02 19:49:30,2021-04-02 19:51:55,W 100 St & Manhattan Ave,7538,W 100 St & Broadway,7580,40.795,-73.9645,40.7973721,-73.97041192,member
1209878,75C9DF23DF4CD21A,docked_bike,2021-04-12 17:07:03,2021-04-12 17:17:43,W 100 St & Manhattan Ave,7538,2 Ave & E 104 St,7436,40.795,-73.9645,40.7892105,-73.94370784,member
1209881,F3D9A658B1A99DFF,docked_bike,2021-04-06 16:07:21,2021-04-06 16:09:24,W 100 St & Manhattan Ave,7538,W 100 St & Broadway,7580,40.795,-73.9645,40.7973721,-73.97041192,member
1209885,0858E290A6199DD1,docked_bike,2021-04-14 19:13:20,2021-04-14 19:16:57,W 100 St & Manhattan Ave,7538,W 100 St & Broadway,7580,40.795,-73.9645,40.7973721,-73.97041192,member
1209887,E5743F39034E3499,docked_bike,2021-04-04 15:05:51,2021-04-04 15:20:46,W 100 St & Manhattan Ave,7538,2 Ave & E 104 St,7436,40.795,-73.9645,40.7892105,-73.94370784,member
1209889,E9D21F0EC8D2FB38,docked_bike,2021-04-13 16:19:44,2021-04-13 16:22:18,W 100 St & Manhattan Ave,7538,W 100 St & Broadway,7580,40.795,-73.9645,40.7973721,-73.97041192,member
1209890,5566719A2468423A,docked_bike,2021-04-08 14:56:50,2021-04-08 14:59:41,W 100 St & Manhattan Ave,7538,W 100 St & Broadway,7580,40.795,-73.9645,40.7973721,-73.97041192,member
1209895,C0810660B76B1FCE,docked_bike,2021-04-20 16:30:37,2021-04-20 16:39:38,W 100 St & Manhattan Ave,7538,W 100 St & Broadway,7580,40.795,-73.9645,40.7973721,-73.97041192,member
1209898,0C524C5126BF2A47,docked_bike,2021-04-03 19:50:46,2021-04-03 19:55:45,W 100 St & Manhattan Ave,7538,W 100 St & Broadway,7580,40.795,-73.9645,40.797372,-73.970412,member
1209899,A478C2CF92482B7A,docked_bike,2021-04-05 18:24:58,2021-04-05 18:39:09,W 100 St & Manhattan Ave,7538,W 59 St & 10 Ave,7023,40.795,-73.9645,40.770513,-73.988038,member
1209906,6765B094F7AEDAAF,docked_bike,2021-04-05 13:27:39,2021-04-05 14:27:01,W 100 St & Manhattan Ave,7538,W 100 St & Broadway,7580,40.795,-73.9645,40.7973721,-73.97041192,casual
1209907,FC6903EC03EB1892,docked_bike,2021-04-17 13:12:25,2021-04-17 13:18:52,W 100 St & Manhattan Ave,7538,W 100 St & Broadway,7580,40.795,-73.9645,40.7973721,-73.97041192,member
1209909,4C19156ECABD38EF,docked_bike,2021-04-07 00:43:23,2021-04-07 02:29:44,W 100 St & Manhattan Ave,7538,W 100 St & Broadway,7580,40.795,-73.9645,40.797372,-73.970412,casual
1209910,55CAEA41CF2FF493,docked_bike,2021-04-08 15:54:33,2021-04-08 16:12:01,W 100 St & Manhattan Ave,7538,2 Ave & E 104 St,7436,40.795,-73.9645,40.7892105,-73.94370784,casual
1209920,A19A4762B3219D3E,docked_bike,2021-04-28 14:26:01,2021-04-28 14:28:27,W 100 St & Manhattan Ave,7538,W 100 St & Broadway,7580,40.795,-73.9645,40.7973721,-73.97041192,member
1209924,D0BFF14F7B2D9C32,docked_bike,2021-04-03 15:40:40,2021-04-03 15:59:49,W 100 St & Manhattan Ave,7538,W 100 St & Broadway,7580,40.795,-73.9645,40.7973721,-73.97041192,member
1209925,C9DFAD08197C2A69,docked_bike,2021-04-03 10:12:33,2021-04-03 10:34:54,W 100 St & Manhattan Ave,7538,E 102 St & 1 Ave,7407,40.795,-73.9645,40.786995,-73.941648,member
1209926,11DC752F4A99A171,docked_bike,2021-04-11 06:28:24,2021-04-11 06:38:57,W 100 St & Manhattan Ave,7538,W 59 St & 10 Ave,7023,40.795,-73.9645,40.770513,-73.988038,member
1209929,0547DA577DB8CBEC,docked_bike,2021-04-08 18:23:47,2021-04-08 18:35:56,W 100 St & Manhattan Ave,7538,W 59 St & 10 Ave,7023,40.795,-73.9645,40.770513,-73.988038,member
1209930,2FDCB7D402CCFCB3,docked_bike,2021-04-27 12:30:56,2021-04-27 12:34:33,W 100 St & Manhattan Ave,7538,W 100 St & Broadway,7580,40.795,-73.9645,40.7973721,-73.97041192,member
1209934,A9A7DA4029B1558E,docked_bike,2021-04-09 16:16:42,2021-04-09 16:29:25,W 100 St & Manhattan Ave,7538,2 Ave & E 104 St,7436,40.795,-73.9645,40.7892105,-73.94370784,member
1209939,9E4F1D55D3145D83,docked_bike,2021-04-24 17:59:02,2021-04-24 18:04:29,W 100 St & Manhattan Ave,7538,W 100 St & Broadway,7580,40.795,-73.9645,40.7973721,-73.97041192,member
1209941,7A97AE75D7A28DCE,docked_bike,2021-04-20 18:30:41,2021-04-20 18:35:51,W 100 St & Manhattan Ave,7538,W 100 St & Broadway,7580,40.795,-73.9645,40.7973721,-73.97041192,member
1209944,D70151535895F8B5,docked_bike,2021-04-03 19:19:53,2021-04-03 19:26:36,W 100 St & Manhattan Ave,7538,W 100 St & Broadway,7580,40.795,-73.9645,40.7973721,-73.97041192,member
1221563,DA4297008E78DE54,docked_bike,2021-04-07 18:26:57,2021-04-07 18:39:08,Central Park W & W 97 St,7538,W 59 St & 10 Ave,7023,40.792495,-73.96417,40.770513,-73.988038,member
1221566,EE4E0B0CC15D2895,docked_bike,2021-04-25 15:51:19,2021-04-25 16:12:19,Central Park W & W 97 St,7538,E 102 St & 1 Ave,7407,40.792495,-73.96417,40.7869946,-73.94164802,member
1221573,879E8668EF8DA971,docked_bike,2021-04-20 21:06:57,2021-04-20 21:25:15,Central Park W & W 97 St,7538,W 59 St & 10 Ave,7023,40.792495,-73.96417,40.770513,-73.988038,member
1226636,1923034F163B3DD6,docked_bike,2021-04-10 15:21:55,2021-04-10 15:28:31,Central Park W & W 97 St,7538,W 100 St & Broadway,7580,40.792495,-73.96417,40.7973721,-73.97041192,member
1226641,49A4E3E342740F89,docked_bike,2021-04-24 16:01:51,2021-04-24 16:09:15,Central Park W & W 97 St,7538,W 100 St & Broadway,7580,40.792495,-73.96417,40.7973721,-73.97041192,member
1226642,2D221816BCE12271,docked_bike,2021-04-25 17:00:28,2021-04-25 17:12:15,Central Park W & W 97 St,7538,E 102 St & 1 Ave,7407,40.792495,-73.96417,40.7869946,-73.94164802,casual
1226653,FF75ED5D38B4D569,docked_bike,2021-04-10 19:51:06,2021-04-10 20:11:35,Central Park W & W 97 St,7538,2 Ave & E 104 St,7436,40.792495,-73.96417,40.7892105,-73.94370784,casual
1226655,DA1DD650F9B970BE,docked_bike,2021-04-09 09:21:58,2021-04-09 09:39:30,Central Park W & W 97 St,7538,Madison Av & E 51 St,6659,40.792495,-73.96417,40.75863,-73.97513,member
1226663,ABF6ACE304817EFE,docked_bike,2021-04-09 01:30:36,2021-04-09 01:33:49,Central Park W & W 97 St,7538,W 100 St & Broadway,7580,40.792495,-73.96417,40.7973721,-73.97041192,casual
1226665,812DBC97B9C83B79,docked_bike,2021-04-25 01:25:42,2021-04-25 01:29:20,Central Park W & W 97 St,7538,W 100 St & Broadway,7580,40.792495,-73.96417,40.7973721,-73.97041192,casual
1226669,C45B9CD134189099,docked_bike,2021-04-05 10:18:14,2021-04-05 10:22:02,Central Park W & W 97 St,7538,W 100 St & Broadway,7580,40.792495,-73.96417,40.7973721,-73.97041192,member
1226670,4AE746D6BDC41D80,docked_bike,2021-04-24 11:27:28,2021-04-24 11:36:50,Central Park W & W 97 St,7538,2 Ave & E 104 St,7436,40.792495,-73.96417,40.7892105,-73.94370784,member
1226671,75F19ED5A0BD0DD7,docked_bike,2021-04-27 19:15:12,2021-04-27 19:32:00,Central Park W & W 97 St,7538,W 100 St & Broadway,7580,40.792495,-73.96417,40.7973721,-73.97041192,member
1226697,E8DBE91942B6FEC2,docked_bike,2021-04-14 18:37:56,2021-04-14 18:46:44,Central Park W & W 97 St,7538,2 Ave & E 104 St,7436,40.792495,-73.96417,40.7892105,-73.94370784,member
1226698,4C34AE1C99CB6B69,docked_bike,2021-04-07 12:04:00,2021-04-07 12:09:16,Central Park W & W 97 St,7538,W 100 St & Broadway,7580,40.792495,-73.96417,40.7973721,-73.97041192,member
1226701,EFCB1CCD7FB2BCF3,docked_bike,2021-04-19 20:16:27,2021-04-19 20:26:45,Central Park W & W 97 St,7538,E 102 St & 1 Ave,7407,40.792495,-73.96417,40.7869946,-73.94164802,member
1226707,5A10473E3A755C71,docked_bike,2021-04-20 18:11:15,2021-04-20 18:33:31,Central Park W & W 97 St,7538,W 59 St & 10 Ave,7023,40.792495,-73.96417,40.770513,-73.988038,casual
1226708,9C8F853FA5C6AC11,docked_bike,2021-04-10 03:26:35,2021-04-10 03:30:03,Central Park W & W 97 St,7538,W 100 St & Broadway,7580,40.792495,-73.96417,40.7973721,-73.97041192,casual
1226711,4178C30F83F95F91,docked_bike,2021-04-06 08:24:07,2021-04-06 08:43:45,Central Park W & W 97 St,7538,W 59 St & 10 Ave,7023,40.792495,-73.96417,40.770513,-73.988038,member
1226712,F1F0C98F2C6E45EC,docked_bike,2021-04-09 09:07:58,2021-04-09 09:28:54,Central Park W & W 97 St,7538,W 59 St & 10 Ave,7023,40.792495,-73.96417,40.770513,-73.988038,member
1226721,86325E2F365B4FFA,docked_bike,2021-04-18 15:35:53,2021-04-18 15:45:19,Central Park W & W 97 St,7538,2 Ave & E 104 St,7436,40.792495,-73.96417,40.7892105,-73.94370784,member
1226727,EC6C7ACA199E4409,docked_bike,2021-04-30 14:04:07,2021-04-30 14:08:10,Central Park W & W 97 St,7538,W 100 St & Broadway,7580,40.792495,-73.96417,40.7973721,-73.97041192,member
1226756,B2236C87970AADDD,docked_bike,2021-04-21 08:12:42,2021-04-21 08:19:12,Central Park W & W 97 St,7538,W 100 St & Broadway,7580,40.792495,-73.96417,40.7973721,-73.97041192,member
1226766,F0FF9E32BBC78564,docked_bike,2021-04-22 09:39:08,2021-04-22 09:57:36,Central Park W & W 97 St,7538,Madison Av & E 51 St,6659,40.792495,-73.96417,40.75863,-73.97513,member
1226779,57CE8FE837164DE9,docked_bike,2021-04-30 13:52:27,2021-04-30 14:01:28,Central Park W & W 97 St,7538,W 100 St & Broadway,7580,40.792495,-73.96417,40.7973721,-73.97041192,casual
1226791,1478636C0C0AE2E9,docked_bike,2021-04-28 08:19:49,2021-04-28 08:32:50,Central Park W & W 97 St,7538,2 Ave & E 104 St,7436,40.792495,-73.96417,40.7892105,-73.94370784,member
1226798,33865590B982DC94,docked_bike,2021-04-24 16:02:02,2021-04-24 16:09:14,Central Park W & W 97 St,7538,W 100 St & Broadway,7580,40.792495,-73.96417,40.7973721,-73.97041192,member
1226803,A91E9D3796FF3471,docked_bike,2021-04-24 22:10:54,2021-04-24 22:19:47,Central Park W & W 97 St,7538,W 100 St & Broadway,7580,40.792495,-73.96417,40.7973721,-73.97041192,casual
1226806,C273EB561C0D2EBC,docked_bike,2021-04-22 17:17:10,2021-04-22 17:23:08,Central Park W & W 97 St,7538,W 100 St & Broadway,7580,40.792495,-73.96417,40.7973721,-73.97041192,member
1226813,125A5F1457B521DF,docked_bike,2021-04-08 07:41:47,2021-04-08 08:00:00,Central Park W & W 97 St,7538,W 59 St & 10 Ave,7023,40.792495,-73.96417,40.770513,-73.988038,member
1226870,E75784FFFB1FEB25,docked_bike,2021-04-13 17:43:00,2021-04-13 17:48:06,Central Park W & W 97 St,7538,W 100 St & Broadway,7580,40.792495,-73.96417,40.7973721,-73.97041192,member
1226873,B1DDDA271B9421E9,docked_bike,2021-04-17 18:08:16,2021-04-17 18:15:19,Central Park W & W 97 St,7538,W 100 St & Broadway,7580,40.792495,-73.964171,40.797372,-73.970412,casual
1226876,BAFF9FC805CEB588,docked_bike,2021-04-24 13:06:42,2021-04-24 13:26:28,Central Park W & W 97 St,7538,W 59 St & 10 Ave,7023,40.792495,-73.96417,40.770513,-73.988038,casual
1226893,6EB48E08580A83C8,docked_bike,2021-04-28 17:33:49,2021-04-28 17:40:33,Central Park W & W 97 St,7538,W 100 St & Broadway,7580,40.792495,-73.96417,40.7973721,-73.97041192,member
1226894,BC415477DB19CDA5,docked_bike,2021-04-18 17:53:51,2021-04-18 17:58:50,Central Park W & W 97 St,7538,W 100 St & Broadway,7580,40.792495,-73.96417,40.7973721,-73.97041192,member
1226896,878EC6D749D7DE32,docked_bike,2021-04-24 22:12:00,2021-04-24 22:19:31,Central Park W & W 97 St,7538,W 100 St & Broadway,7580,40.792495,-73.96417,40.7973721,-73.97041192,casual
1226898,74D27D12E6D55C77,docked_bike,2021-04-16 15:27:09,2021-04-16 15:30:47,Central Park W & W 97 St,7538,W 100 St & Broadway,7580,40.792495,-73.96417,40.7973721,-73.97041192,member
1226908,48B1B8043C39A135,docked_bike,2021-04-21 17:08:09,2021-04-21 17:25:39,Central Park W & W 97 St,7538,W 59 St & 10 Ave,7023,40.792495,-73.96417,40.770513,-73.988038,member
1226920,371EB258AD8F6B0D,docked_bike,2021-04-08 09:11:03,2021-04-08 09:15:54,Central Park W & W 97 St,7538,W 100 St & Broadway,7580,40.792495,-73.96417,40.7973721,-73.97041192,member
1226925,A4949C0A7802C809,docked_bike,2021-04-01 07:04:21,2021-04-01 07:33:04,Central Park W & W 97 St,7538,W 59 St & 10 Ave,7023,40.792495,-73.96417,40.770513,-73.988038,casual
1226927,2F40035AEB4A7631,docked_bike,2021-04-26 23:52:54,2021-04-27 00:05:40,Central Park W & W 97 St,7538,W 59 St & 10 Ave,7023,40.792495,-73.96417,40.770513,-73.988038,member
1226928,72A11E4009759A8E,docked_bike,2021-04-25 23:54:36,2021-04-26 00:06:56,Central Park W & W 97 St,7538,W 59 St & 10 Ave,7023,40.792495,-73.96417,40.770513,-73.988038,member
1226930,E92ED7C0D496EE5D,docked_bike,2021-04-24 09:09:42,2021-04-24 09:24:02,Central Park W & W 97 St,7538,W 59 St & 10 Ave,7023,40.792495,-73.96417,40.770513,-73.988038,member
1226934,D0C5F7070788073E,docked_bike,2021-04-17 18:04:17,2021-04-17 18:15:04,Central Park W & W 97 St,7538,W 100 St & Broadway,7580,40.792495,-73.96417,40.7973721,-73.97041192,member
1226939,58D923C4977A4360,docked_bike,2021-04-10 11:25:16,2021-04-10 11:45:37,Central Park W & W 97 St,7538,E 58 St & 1 Ave (NE Corner),6682,40.792495,-73.96417,40.75892386377695,-73.96226227283478,member
1226946,7692CB2AA8CF1AB8,docked_bike,2021-04-30 13:52:41,2021-04-30 14:01:41,Central Park W & W 97 St,7538,W 100 St & Broadway,7580,40.792495,-73.96417,40.7973721,-73.97041192,casual
1226951,0C4BD0E9DE409083,docked_bike,2021-04-24 22:11:11,2021-04-24 22:19:32,Central Park W & W 97 St,7538,W 100 St & Broadway,7580,40.792495,-73.96417,40.7973721,-73.97041192,casual
1226952,B29E0514034B14AF,docked_bike,2021-04-20 18:11:19,2021-04-20 18:33:23,Central Park W & W 97 St,7538,W 59 St & 10 Ave,7023,40.792495,-73.96417,40.770513,-73.988038,casual
1226959,3232FD62ABEBCF3A,docked_bike,2021-04-24 18:55:39,2021-04-24 19:08:19,Central Park W & W 97 St,7538,W 100 St & Broadway,7580,40.792495,-73.96417,40.7973721,-73.97041192,casual
1226969,7A8B6906248F2EBA,docked_bike,2021-04-24 16:54:52,2021-04-24 17:00:07,Central Park W & W 97 St,7538,W 100 St & Broadway,7580,40.792495,-73.96417,40.7973721,-73.97041192,member
1226975,4BA8C0D15A5B8E15,docked_bike,2021-04-23 14:37:55,2021-04-23 14:41:51,Central Park W & W 97 St,7538,W 100 St & Broadway,7580,40.792495,-73.96417,40.7973721,-73.97041192,member
1226976,1A84A16FF59B3BD2,docked_bike,2021-04-14 17:28:12,2021-04-14 17:40:32,Central Park W & W 97 St,7538,W 59 St & 10 Ave,7023,40.792495,-73.96417,40.770513,-73.988038,member
1226978,76E965B7D7CF132F,docked_bike,2021-04-17 18:08:21,2021-04-17 18:15:22,Central Park W & W 97 St,7538,W 100 St & Broadway,7580,40.792495,-73.964171,40.797372,-73.970412,casual
1226979,06024BC4560A3577,docked_bike,2021-04-10 11:00:48,2021-04-10 11:04:07,Central Park W & W 97 St,7538,W 100 St & Broadway,7580,40.792495,-73.96417,40.7973721,-73.97041192,member
1226988,E8D295C35ED7ED08,docked_bike,2021-04-28 07:41:25,2021-04-28 07:58:30,Central Park W & W 97 St,7538,W 59 St & 10 Ave,7023,40.792495,-73.96417,40.770513,-73.988038,member
1226989,D8998BEC41D20D6D,docked_bike,2021-04-03 10:57:47,2021-04-03 11:02:06,Central Park W & W 97 St,7538,W 100 St & Broadway,7580,40.792495,-73.96417,40.7973721,-73.97041192,member
1226992,08DDFE54CA258240,docked_bike,2021-04-11 20:00:28,2021-04-11 20:04:22,Central Park W & W 97 St,7538,W 100 St & Broadway,7580,40.792495,-73.96417,40.7973721,-73.97041192,member
1226996,229DB3DB8945ABE8,docked_bike,2021-04-24 22:12:42,2021-04-24 22:19:22,Central Park W & W 97 St,7538,W 100 St & Broadway,7580,40.792495,-73.96417,40.7973721,-73.97041192,casual
1226998,56A48C915706CC8B,docked_bike,2021-04-23 17:34:06,2021-04-23 18:13:46,Central Park W & W 97 St,7538,W 100 St & Broadway,7580,40.792495,-73.96417,40.7973721,-73.97041192,member
1227001,D897D348FAEBF2E5,docked_bike,2021-04-29 22:29:15,2021-04-29 22:33:58,Central Park W & W 97 St,7538,W 100 St & Broadway,7580,40.792495,-73.96417,40.7973721,-73.97041192,member
1227007,442D8B3827D33442,docked_bike,2021-04-24 14:23:25,2021-04-24 14:34:42,Central Park W & W 97 St,7538,E 102 St & 1 Ave,7407,40.792495,-73.96417,40.7869946,-73.94164802,member
1227013,E18969B97002D405,docked_bike,2021-04-05 09:51:08,2021-04-05 10:04:52,Central Park W & W 97 St,7538,W 59 St & 10 Ave,7023,40.792495,-73.96417,40.770513,-73.988038,member
1227669,E053CE98723DBE32,docked_bike,2021-04-20 08:14:27,2021-04-20 08:19:25,Central Park W & W 97 St,7538,W 100 St & Broadway,7580,40.792495,-73.96417,40.7973721,-73.97041192,member
1227674,6227B5DDAA33A279,docked_bike,2021-04-03 02:21:21,2021-04-03 02:24:19,Central Park W & W 97 St,7538,W 100 St & Broadway,7580,40.792495,-73.96417,40.7973721,-73.97041192,casual
1227681,03C3A4A999D4E7C5,docked_bike,2021-04-27 19:18:44,2021-04-27 19:32:13,Central Park W & W 97 St,7538,W 59 St & 10 Ave,7023,40.792495,-73.96417,40.770513,-73.988038,casual
1227682,012960D6E50B8B50,docked_bike,2021-04-19 19:41:58,2021-04-19 20:09:12,Central Park W & W 97 St,7538,W 100 St & Broadway,7580,40.792495,-73.96417,40.7973721,-73.97041192,casual
1227683,3404EB6BD980C166,docked_bike,2021-04-02 23:18:44,2021-04-02 23:27:32,Central Park W & W 97 St,7538,E 102 St & 1 Ave,7407,40.792495,-73.96417,40.7869946,-73.94164802,member
1227685,352E5869304A8C97,docked_bike,2021-04-12 09:04:26,2021-04-12 09:17:45,Central Park W & W 97 St,7538,W 59 St & 10 Ave,7023,40.792495,-73.96417,40.770513,-73.988038,member
1227686,F3A6C42BFEAC13DA,docked_bike,2021-04-06 09:06:43,2021-04-06 09:22:42,Central Park W & W 97 St,7538,W 59 St & 10 Ave,7023,40.792495,-73.96417,40.770513,-73.988038,member
1227687,5D26695D32AD4352,docked_bike,2021-04-20 09:09:04,2021-04-20 09:22:38,Central Park W & W 97 St,7538,W 59 St & 10 Ave,7023,40.792495,-73.96417,40.770513,-73.988038,member
1227688,8B37B69676E718BC,docked_bike,2021-04-19 09:12:29,2021-04-19 09:29:59,Central Park W & W 97 St,7538,W 59 St & 10 Ave,7023,40.792495,-73.96417,40.770513,-73.988038,member
1227689,3764115D6704AFD2,docked_bike,2021-04-26 09:10:28,2021-04-26 09:25:46,Central Park W & W 97 St,7538,W 59 St & 10 Ave,7023,40.792495,-73.96417,40.770513,-73.988038,member
1227691,ED05BA474D646D2E,docked_bike,2021-04-24 22:11:42,2021-04-24 22:19:37,Central Park W & W 97 St,7538,W 100 St & Broadway,7580,40.792495,-73.96417,40.7973721,-73.97041192,casual
1227693,DBCA346BA0F4AF02,docked_bike,2021-04-13 20:21:11,2021-04-13 20:58:44,Central Park W & W 97 St,7538,W 100 St & Broadway,7580,40.792495,-73.96417,40.7973721,-73.97041192,member
1227707,CBB3AFB7B2164019,docked_bike,2021-04-20 10:58:34,2021-04-20 11:20:37,Central Park W & W 97 St,7538,E 48 St & 3 Ave,6541,40.792495,-73.96417,40.7546011026,-73.971878855,member
1227709,AE02E0A685B17E9C,docked_bike,2021-04-14 17:22:31,2021-04-14 17:40:26,Central Park W & W 97 St,7538,W 59 St & 10 Ave,7023,40.792495,-73.96417,40.770513,-73.988038,member
1227725,64FBC40CBAA69D64,docked_bike,2021-04-11 01:53:15,2021-04-11 01:56:20,Central Park W & W 97 St,7538,W 100 St & Broadway,7580,40.792495,-73.96417,40.7973721,-73.97041192,casual
1241474,BDECB74BDD2FF083,docked_bike,2021-04-26 16:47:20,2021-04-26 17:20:06,Central Park W & W 97 St,7538,Grand St & Greene St,5500,40.792495,-73.96417,40.72170005235607,-74.00238141417502,member
1241477,112D881A40CEDB37,docked_bike,2021-04-30 16:59:22,2021-04-30 17:48:04,Central Park W & W 97 St,7538,Amsterdam Ave & W 180 St,8353,40.792495,-73.96417,40.847396,-73.931205,casual
1241583,02AD79B5BB027E87,docked_bike,2021-04-24 18:42:10,2021-04-24 19:18:45,Central Park W & W 97 St,7538,W 20 St & 10 Ave,6306,40.792495,-73.96417,40.745686,-74.005141,casual
1241706,BEA7DB575423659A,docked_bike,2021-04-20 13:05:57,2021-04-20 13:49:42,Central Park W & W 97 St,7538,Grand St & Greene St,5500,40.792495,-73.96417,40.72170005235607,-74.00238141417502,casual
1241738,4A2496CC807B5512,docked_bike,2021-04-16 16:45:57,2021-04-16 17:16:44,Central Park W & W 97 St,7538,W 20 St & 10 Ave,6306,40.792495,-73.96417,40.745686,-74.005141,casual
1241797,CC475A6C3DCDBEE8,docked_bike,2021-04-16 17:31:15,2021-04-16 17:59:50,W 100 St & Manhattan Ave,7538,W 20 St & 10 Ave,6306,40.795,-73.9645,40.745686,-74.005141,member
1241811,EA66BD52DF3F13F2,docked_bike,2021-04-16 17:31:45,2021-04-16 17:59:54,W 100 St & Manhattan Ave,7538,W 20 St & 10 Ave,6306,40.795,-73.9645,40.745686,-74.005141,casual
1241817,FC3567201B9A00E6,docked_bike,2021-04-30 16:55:28,2021-04-30 17:48:11,W 100 St & Manhattan Ave,7538,Amsterdam Ave & W 180 St,8353,40.795,-73.9645,40.847396,-73.931205,casual
1245441,6C1FF8F4837A8657,docked_bike,2021-04-19 12:06:24,2021-04-19 12:44:00,Central Park W & W 97 St,7538,8 Ave & W 31 St,6450,40.792495,-73.96417,40.7505853470215,-73.9946848154068,casual
1245443,EEB3E2F651C7F61B,docked_bike,2021-04-20 19:39:15,2021-04-20 20:09:13,Central Park W & W 97 St,7538,W 15 St & 10 Ave,6115,40.792495,-73.964171,40.742754,-74.007474,member
1245445,5EB67066DAA9F8B8,docked_bike,2021-04-07 16:49:15,2021-04-07 17:21:33,Central Park W & W 97 St,7538,8 Ave & W 31 St,6450,40.792495,-73.964171,40.750585,-73.994685,casual
1245452,6517CED9658BCCE4,docked_bike,2021-04-18 16:41:18,2021-04-18 17:28:59,Central Park W & W 97 St,7538,West End Ave & W 60 St,7059,40.792495,-73.96417,40.77237,-73.99005,member
1245458,B6063753692C4D93,docked_bike,2021-04-09 17:38:00,2021-04-09 17:52:53,Central Park W & W 97 St,7538,West End Ave & W 60 St,7059,40.792495,-73.96417,40.77237,-73.99005,casual
1245460,4DFA4D381BFA1BAC,docked_bike,2021-04-28 16:33:12,2021-04-28 16:49:15,Central Park W & W 97 St,7538,West End Ave & W 60 St,7059,40.792495,-73.96417,40.77237,-73.99005,member
1245465,5956D840EFC3A9C2,docked_bike,2021-04-20 12:54:05,2021-04-20 13:50:37,Central Park W & W 97 St,7538,West End Ave & W 60 St,7059,40.792495,-73.96417,40.77237,-73.99005,member
1245466,21BE39CB9F9E9300,docked_bike,2021-04-18 14:00:35,2021-04-18 14:22:35,Central Park W & W 97 St,7538,West End Ave & W 60 St,7059,40.792495,-73.96417,40.77237,-73.99005,member
1245472,710147AC8D50FEB8,docked_bike,2021-04-01 15:47:29,2021-04-01 15:59:42,Central Park W & W 97 St,7538,West End Ave & W 60 St,7059,40.792495,-73.96417,40.77237,-73.99005,member
1245473,E95F5F92D01CE03F,docked_bike,2021-04-24 12:40:29,2021-04-24 12:54:09,Central Park W & W 97 St,7538,West End Ave & W 60 St,7059,40.792495,-73.96417,40.77237,-73.99005,member
1245482,AEB653EB2522D276,docked_bike,2021-04-27 14:55:47,2021-04-27 15:10:46,Central Park W & W 97 St,7538,West End Ave & W 60 St,7059,40.792495,-73.96417,40.77237,-73.99005,member
1245489,610F8BA9CFDEA981,docked_bike,2021-04-08 15:45:47,2021-04-08 15:59:54,Central Park W & W 97 St,7538,West End Ave & W 60 St,7059,40.792495,-73.96417,40.77237,-73.99005,member
1245494,9A68FAAE90685585,docked_bike,2021-04-24 14:21:01,2021-04-24 14:51:31,Central Park W & W 97 St,7538,W 15 St & 10 Ave,6115,40.792495,-73.96417,40.74275382865903,-74.00747358798981,member
1245515,4C84E91E3BDFF315,docked_bike,2021-04-10 14:33:21,2021-04-10 14:46:04,Central Park W & W 97 St,7538,West End Ave & W 60 St,7059,40.792495,-73.96417,40.77237,-73.99005,member
1245526,15CBD1D6DDC77519,docked_bike,2021-04-26 22:14:15,2021-04-26 22:29:39,Central Park W & W 97 St,7538,West End Ave & W 60 St,7059,40.792495,-73.96417,40.77237,-73.99005,casual
1245530,9D115B2F0502C23B,docked_bike,2021-04-17 12:52:13,2021-04-17 12:52:12,Central Park W & W 97 St,7538,West End Ave & W 60 St,7059,40.792495,-73.96417,40.77237,-73.99005,member
1245535,4472F25515827000,docked_bike,2021-04-14 11:53:39,2021-04-14 12:17:39,Central Park W & W 97 St,7538,West End Ave & W 60 St,7059,40.792495,-73.96417,40.77237,-73.99005,casual
1245674,2643B2C4A21A796A,docked_bike,2021-04-28 21:17:39,2021-04-28 21:34:28,Central Park W & W 97 St,7538,West End Ave & W 60 St,7059,40.792495,-73.96417,40.77237,-73.99005,member
1245676,FD089DC0FB62280E,docked_bike,2021-04-11 16:47:32,2021-04-11 17:02:18,Central Park W & W 97 St,7538,West End Ave & W 60 St,7059,40.792495,-73.96417,40.77237,-73.99005,casual
1247695,04636DE219AEECA5,docked_bike,2021-04-18 17:50:26,2021-04-18 18:12:54,W 100 St & Manhattan Ave,7538,West End Ave & W 60 St,7059,40.795,-73.9645,40.77237,-73.99005,member
1247697,7C0EE7D2DEE64576,docked_bike,2021-04-24 12:05:41,2021-04-24 12:38:53,W 100 St & Manhattan Ave,7538,Alexander Ave & E 134 St,7712,40.795,-73.9645,40.807466,-73.927107,member
1247723,0CB20A9EFC13C28E,docked_bike,2021-04-22 09:16:53,2021-04-22 09:30:52,W 100 St & Manhattan Ave,7538,West End Ave & W 60 St,7059,40.795,-73.9645,40.77237,-73.99005,member
1247760,1F4A76D73F5C7B3A,docked_bike,2021-04-07 17:17:18,2021-04-07 17:47:04,W 100 St & Manhattan Ave,7538,West End Ave & W 60 St,7059,40.795,-73.9645,40.77237,-73.99005,casual
1250868,14D37161796EA4FD,docked_bike,2021-04-24 12:21:32,2021-04-24 14:05:13,Central Park W & W 97 St,7538,8 Ave & W 31 St,6450,40.792495,-73.96417,40.7505853470215,-73.9946848154068,member
1253041,ACA94B36223A98D5,docked_bike,2021-04-23 17:38:37,2021-04-23 18:18:48,W 100 St & Manhattan Ave,7538,West End Ave & W 60 St,7059,40.795,-73.9645,40.77237,-73.99005,member
1259708,81EAFCC4AA4C8BE5,docked_bike,2021-04-07 16:50:40,2021-04-07 16:54:15,W 100 St & Manhattan Ave,7538,Frederick Douglass Blvd & W 112 St,7631,40.795,-73.9645,40.801694,-73.957145,member
1259709,8DA14FEEE7DDD08F,docked_bike,2021-04-23 11:12:30,2021-04-23 11:16:05,W 100 St & Manhattan Ave,7538,Frederick Douglass Blvd & W 112 St,7631,40.795,-73.9645,40.801694,-73.957145,member
1259733,45384D58A5D8763F,docked_bike,2021-04-08 20:01:15,2021-04-08 20:05:24,W 100 St & Manhattan Ave,7538,Frederick Douglass Blvd & W 112 St,7631,40.795,-73.9645,40.801694,-73.957145,member
1259734,181589F6350D41EB,docked_bike,2021-04-10 10:48:18,2021-04-10 10:52:25,W 100 St & Manhattan Ave,7538,Frederick Douglass Blvd & W 112 St,7631,40.795,-73.9645,40.801694,-73.957145,member
1259736,3E968AE5394A3326,docked_bike,2021-04-22 16:04:53,2021-04-22 16:09:12,W 100 St & Manhattan Ave,7538,Frederick Douglass Blvd & W 112 St,7631,40.795,-73.9645,40.801694,-73.957145,member
1259740,D88BB91219A0A126,docked_bike,2021-04-06 18:14:32,2021-04-06 18:24:06,W 100 St & Manhattan Ave,7538,Frederick Douglass Blvd & W 112 St,7631,40.795,-73.9645,40.801694,-73.957145,casual
1259743,AF3486963703604E,docked_bike,2021-04-29 13:06:48,2021-04-29 13:10:45,W 100 St & Manhattan Ave,7538,Frederick Douglass Blvd & W 112 St,7631,40.795,-73.9645,40.801694,-73.957145,member
1259744,35C4BACCB2B53036,docked_bike,2021-04-06 18:15:27,2021-04-06 18:24:31,W 100 St & Manhattan Ave,7538,Frederick Douglass Blvd & W 112 St,7631,40.795,-73.9645,40.801694,-73.957145,casual
1259747,74E46DCE35665CF4,docked_bike,2021-04-06 16:47:14,2021-04-06 16:51:12,W 100 St & Manhattan Ave,7538,Frederick Douglass Blvd & W 112 St,7631,40.795,-73.9645,40.801694,-73.957145,member
1259753,8AE4AF92E7F83937,docked_bike,2021-04-25 12:49:42,2021-04-25 12:55:23,W 100 St & Manhattan Ave,7538,Frederick Douglass Blvd & W 112 St,7631,40.795,-73.9645,40.801694,-73.957145,casual
1259755,DFC799A6607CEE48,docked_bike,2021-04-17 16:19:38,2021-04-17 16:25:01,W 100 St & Manhattan Ave,7538,Frederick Douglass Blvd & W 112 St,7631,40.795,-73.9645,40.801694,-73.957145,casual
1259759,2739FFD74D47E75F,docked_bike,2021-04-19 15:23:36,2021-04-19 15:31:05,W 100 St & Manhattan Ave,7538,Frederick Douglass Blvd & W 112 St,7631,40.795,-73.9645,40.801694,-73.957145,member
1259761,DB78021AC65FBB9A,docked_bike,2021-04-25 17:29:07,2021-04-25 17:34:07,W 100 St & Manhattan Ave,7538,Frederick Douglass Blvd & W 112 St,7631,40.795,-73.9645,40.801694,-73.957145,member
1259764,C8C2AA496B6FF06E,docked_bike,2021-04-18 10:49:27,2021-04-18 10:53:50,W 100 St & Manhattan Ave,7538,Frederick Douglass Blvd & W 112 St,7631,40.795,-73.9645,40.801694,-73.957145,member
1259766,DD2312B0C4D41E41,docked_bike,2021-04-28 16:02:30,2021-04-28 16:40:11,W 100 St & Manhattan Ave,7538,Frederick Douglass Blvd & W 112 St,7631,40.795,-73.9645,40.801694,-73.957145,member
1259768,0852C7D8526DDCB6,docked_bike,2021-04-02 20:00:41,2021-04-02 20:05:38,W 100 St & Manhattan Ave,7538,Frederick Douglass Blvd & W 112 St,7631,40.795,-73.9645,40.801694,-73.957145,member
1259781,6F3F399C571E0924,docked_bike,2021-04-14 08:47:35,2021-04-14 09:10:06,W 100 St & Manhattan Ave,7538,E 56 St & 3 Ave,6691,40.795,-73.9645,40.75934501,-73.96759673,member
1259782,3A72F1BB8583F7BC,docked_bike,2021-04-19 16:41:33,2021-04-19 16:45:22,W 100 St & Manhattan Ave,7538,Frederick Douglass Blvd & W 112 St,7631,40.795,-73.9645,40.801694,-73.957145,member
1259783,855C08F924E2CA80,docked_bike,2021-04-18 16:55:50,2021-04-18 17:01:31,W 100 St & Manhattan Ave,7538,Frederick Douglass Blvd & W 112 St,7631,40.795,-73.9645,40.801694,-73.957145,member
1259786,B989D5DA0A1D6BC9,docked_bike,2021-04-05 16:51:59,2021-04-05 16:58:04,W 100 St & Manhattan Ave,7538,Frederick Douglass Blvd & W 112 St,7631,40.795,-73.9645,40.801694,-73.957145,member
1259789,BEEEDD135525228D,docked_bike,2021-04-05 16:50:01,2021-04-05 16:58:25,W 100 St & Manhattan Ave,7538,Frederick Douglass Blvd & W 112 St,7631,40.795,-73.9645,40.801694,-73.957145,member
1259790,ADAE2708BA2CB915,docked_bike,2021-04-16 13:12:47,2021-04-16 13:18:33,W 100 St & Manhattan Ave,7538,Frederick Douglass Blvd & W 112 St,7631,40.795,-73.9645,40.801694,-73.957145,member
1259792,CB9904B66D2F4A22,docked_bike,2021-04-29 17:16:45,2021-04-29 17:33:57,W 100 St & Manhattan Ave,7538,Frederick Douglass Blvd & W 112 St,7631,40.795,-73.9645,40.801694,-73.957145,member
1259793,FA6555EA0B4F8EA9,docked_bike,2021-04-02 11:12:41,2021-04-02 11:16:22,W 100 St & Manhattan Ave,7538,Frederick Douglass Blvd & W 112 St,7631,40.795,-73.9645,40.801694,-73.957145,casual
1259804,D4BFEB3991A54EED,docked_bike,2021-04-12 11:28:49,2021-04-12 11:35:52,W 100 St & Manhattan Ave,7538,Frederick Douglass Blvd & W 112 St,7631,40.795,-73.9645,40.801694,-73.957145,member
1259809,95EFB3191FD031C4,docked_bike,2021-04-20 08:27:04,2021-04-20 08:31:18,W 100 St & Manhattan Ave,7538,Frederick Douglass Blvd & W 112 St,7631,40.795,-73.9645,40.801694,-73.957145,member
1259811,2914FEE96BD2C2FE,docked_bike,2021-04-19 18:01:49,2021-04-19 18:07:12,W 100 St & Manhattan Ave,7538,Frederick Douglass Blvd & W 112 St,7631,40.795,-73.9645,40.801694,-73.957145,member
1259816,2BDBE957637CCBBE,docked_bike,2021-04-02 09:03:36,2021-04-02 09:06:57,W 100 St & Manhattan Ave,7538,Frederick Douglass Blvd & W 112 St,7631,40.795,-73.9645,40.801694,-73.957145,member
1259832,0AE1264DA6B1A326,docked_bike,2021-04-02 14:09:51,2021-04-02 14:13:56,W 100 St & Manhattan Ave,7538,Frederick Douglass Blvd & W 112 St,7631,40.795,-73.9645,40.801694,-73.957145,member
1259833,F4EC727BB27A92C1,docked_bike,2021-04-10 11:32:32,2021-04-10 11:35:54,W 100 St & Manhattan Ave,7538,Frederick Douglass Blvd & W 112 St,7631,40.795,-73.9645,40.801694,-73.957145,member
1259836,A0C368720BB1E4D0,docked_bike,2021-04-14 08:12:00,2021-04-14 08:29:52,W 100 St & Manhattan Ave,7538,E 56 St & 3 Ave,6691,40.795,-73.9645,40.75934501,-73.96759673,casual
1259838,DA8EF10B3221E41D,docked_bike,2021-04-20 15:24:43,2021-04-20 15:40:21,W 100 St & Manhattan Ave,7538,E 56 St & 3 Ave,6691,40.795,-73.9645,40.759345,-73.967597,member
1259839,4D7888948F91E308,docked_bike,2021-04-10 17:12:40,2021-04-10 17:16:25,W 100 St & Manhattan Ave,7538,Frederick Douglass Blvd & W 112 St,7631,40.795,-73.9645,40.801694,-73.957145,member
1259840,3629585EED62C287,docked_bike,2021-04-20 15:29:46,2021-04-20 15:35:43,W 100 St & Manhattan Ave,7538,Frederick Douglass Blvd & W 112 St,7631,40.795,-73.9645,40.801694,-73.957145,member
1259889,B94B5CBB25313F76,docked_bike,2021-04-05 20:38:32,2021-04-05 20:43:17,W 100 St & Manhattan Ave,7538,Frederick Douglass Blvd & W 112 St,7631,40.795,-73.9645,40.801694,-73.957145,member
1259927,330708D581A5A8BB,docked_bike,2021-04-22 21:11:00,2021-04-22 21:15:39,W 100 St & Manhattan Ave,7538,Frederick Douglass Blvd & W 112 St,7631,40.795,-73.9645,40.801694,-73.957145,member
1259929,FBDECEE6E67779F9,docked_bike,2021-04-23 21:42:50,2021-04-23 21:52:41,W 100 St & Manhattan Ave,7538,Frederick Douglass Blvd & W 112 St,7631,40.795,-73.9645,40.801694,-73.957145,casual
1259932,78891E7655A603C7,docked_bike,2021-04-14 19:17:35,2021-04-14 19:22:31,W 100 St & Manhattan Ave,7538,Frederick Douglass Blvd & W 112 St,7631,40.795,-73.9645,40.801694,-73.957145,member
1259936,5DDDA6E796C87D45,docked_bike,2021-04-22 17:51:52,2021-04-22 18:00:04,W 100 St & Manhattan Ave,7538,Frederick Douglass Blvd & W 112 St,7631,40.795,-73.9645,40.801694,-73.957145,casual
1262600,44C6134AEF93A856,docked_bike,2021-04-24 16:47:32,2021-04-24 17:45:28,Central Park W & W 97 St,7538,E 56 St & 3 Ave,6691,40.792495,-73.96417,40.75934501,-73.96759673,casual
1262603,6427CED167994667,docked_bike,2021-04-24 19:06:17,2021-04-24 19:10:19,Central Park W & W 97 St,7538,Frederick Douglass Blvd & W 112 St,7631,40.792495,-73.96417,40.801694,-73.957145,member
1262607,9BD44A6048140AB2,docked_bike,2021-04-03 17:27:45,2021-04-03 17:33:10,Central Park W & W 97 St,7538,Frederick Douglass Blvd & W 112 St,7631,40.792495,-73.96417,40.801694,-73.957145,casual
1262614,FAD4788FE09BD9D2,docked_bike,2021-04-07 18:15:13,2021-04-07 18:49:04,Central Park W & W 97 St,7538,Canal St & Rutgers St,5303,40.792495,-73.96417,40.71427487,-73.98990025,member
1262617,4DBFD3D57F51F00C,docked_bike,2021-04-28 18:38:35,2021-04-28 18:43:13,Central Park W & W 97 St,7538,Frederick Douglass Blvd & W 112 St,7631,40.792495,-73.96417,40.801694,-73.957145,member
1262618,8899B6F2B1D5B70D,docked_bike,2021-04-10 09:36:06,2021-04-10 09:56:22,Central Park W & W 97 St,7538,E 153 St & E 157 St,8025,40.792495,-73.96417,40.826677,-73.929327,member
1262619,A373341E3D884DC5,docked_bike,2021-04-08 09:39:39,2021-04-08 10:03:21,Central Park W & W 97 St,7538,E 56 St & 3 Ave,6691,40.792495,-73.96417,40.75934501,-73.96759673,casual
1262628,6143CE9235807A46,docked_bike,2021-04-08 09:39:03,2021-04-08 10:03:10,Central Park W & W 97 St,7538,E 56 St & 3 Ave,6691,40.792495,-73.96417,40.75934501,-73.96759673,casual
1262629,AA76F638A7D90F7F,docked_bike,2021-04-26 17:51:57,2021-04-26 17:55:53,Central Park W & W 97 St,7538,Frederick Douglass Blvd & W 112 St,7631,40.792495,-73.96417,40.801694,-73.957145,member
1262632,27AA70FCE18E6BD3,docked_bike,2021-04-25 16:10:16,2021-04-25 16:15:59,Central Park W & W 97 St,7538,Frederick Douglass Blvd & W 112 St,7631,40.792495,-73.96417,40.801694,-73.957145,member
1262637,14353C9B17E71FDD,docked_bike,2021-04-22 18:47:33,2021-04-22 19:01:39,Central Park W & W 97 St,7538,E 56 St & 3 Ave,6691,40.792495,-73.96417,40.75934501,-73.96759673,member
1262639,BED5C9E1AC5819D8,docked_bike,2021-04-03 17:47:31,2021-04-03 18:12:22,Central Park W & W 97 St,7538,E 56 St & 3 Ave,6691,40.792495,-73.96417,40.75934501,-73.96759673,member
1262640,E4FAA881B8CFC988,docked_bike,2021-04-10 19:18:52,2021-04-10 19:44:49,Central Park W & W 97 St,7538,E 56 St & 3 Ave,6691,40.792495,-73.96417,40.75934501,-73.96759673,member
1262641,5C2332BF844969D7,docked_bike,2021-04-08 15:07:45,2021-04-08 15:31:02,Central Park W & W 97 St,7538,E 56 St & 3 Ave,6691,40.792495,-73.96417,40.75934501,-73.96759673,member
1262643,C684D3D7C3516680,docked_bike,2021-04-29 18:21:26,2021-04-29 18:27:16,Central Park W & W 97 St,7538,Frederick Douglass Blvd & W 112 St,7631,40.792495,-73.96417,40.801694,-73.957145,member
1262648,B282E94A8620CCB7,docked_bike,2021-04-19 18:10:57,2021-04-19 18:14:45,Central Park W & W 97 St,7538,Frederick Douglass Blvd & W 112 St,7631,40.792495,-73.96417,40.801694,-73.957145,member
1262652,91FCC0655111D1FD,docked_bike,2021-04-30 16:03:57,2021-04-30 16:40:26,Central Park W & W 97 St,7538,Frederick Douglass Blvd & W 112 St,7631,40.792495,-73.96417,40.801694,-73.957145,member
1262659,BB04A0A4DEF70EB5,docked_bike,2021-04-21 11:59:01,2021-04-21 12:04:31,Central Park W & W 97 St,7538,Frederick Douglass Blvd & W 112 St,7631,40.792495,-73.96417,40.801694,-73.957145,member
1262660,7F53CA32BA976AD2,docked_bike,2021-04-10 16:37:09,2021-04-10 16:42:28,Central Park W & W 97 St,7538,Frederick Douglass Blvd & W 112 St,7631,40.792495,-73.964171,40.801694,-73.957145,casual
1262661,839A55223D4B62CC,docked_bike,2021-04-11 21:15:50,2021-04-11 21:21:00,Central Park W & W 97 St,7538,Frederick Douglass Blvd & W 112 St,7631,40.792495,-73.96417,40.801694,-73.957145,casual
1262662,C2E436C7925C5146,docked_bike,2021-04-29 12:50:06,2021-04-29 13:04:51,Central Park W & W 97 St,7538,E 56 St & 3 Ave,6691,40.792495,-73.96417,40.75934501,-73.96759673,member
1262684,ACAB0FBFAF096459,docked_bike,2021-04-27 14:46:32,2021-04-27 14:50:30,Central Park W & W 97 St,7538,Frederick Douglass Blvd & W 112 St,7631,40.792495,-73.96417,40.801694,-73.957145,member
1262685,3FFEFA6FAC25C82B,docked_bike,2021-04-18 14:30:46,2021-04-18 14:57:20,Central Park W & W 97 St,7538,E 56 St & 3 Ave,6691,40.792495,-73.96417,40.75934501,-73.96759673,member
1262689,CEF98FDFB0B56331,docked_bike,2021-04-18 14:11:03,2021-04-18 15:07:08,Central Park W & W 97 St,7538,Frederick Douglass Blvd & W 112 St,7631,40.792495,-73.96417,40.801694,-73.957145,casual
1262693,65F6A60BFD90BBD4,docked_bike,2021-04-09 15:52:11,2021-04-09 16:15:20,Central Park W & W 97 St,7538,E 56 St & 3 Ave,6691,40.792495,-73.96417,40.75934501,-73.96759673,casual
1262698,43CE709EDC1A5212,docked_bike,2021-04-23 13:25:18,2021-04-23 13:31:12,Central Park W & W 97 St,7538,Frederick Douglass Blvd & W 112 St,7631,40.792495,-73.96417,40.801694,-73.957145,member
1262700,0A79D8D49AAF2390,docked_bike,2021-04-24 08:45:25,2021-04-24 08:50:55,Central Park W & W 97 St,7538,Frederick Douglass Blvd & W 112 St,7631,40.792495,-73.96417,40.801694,-73.957145,casual
1262701,386CADB89F07D9DA,docked_bike,2021-04-18 22:20:12,2021-04-18 22:24:52,Central Park W & W 97 St,7538,Frederick Douglass Blvd & W 112 St,7631,40.792495,-73.96417,40.801694,-73.957145,member
1262703,73E6D937DB93A19A,docked_bike,2021-04-18 14:12:32,2021-04-18 15:07:06,Central Park W & W 97 St,7538,Frederick Douglass Blvd & W 112 St,7631,40.792495,-73.96417,40.801694,-73.957145,casual
1262707,C080B9E716C95070,docked_bike,2021-04-07 19:56:02,2021-04-07 20:01:22,Central Park W & W 97 St,7538,Frederick Douglass Blvd & W 112 St,7631,40.792495,-73.964171,40.801694,-73.957145,member
1262714,7D75C78B775C6EF6,docked_bike,2021-04-23 15:13:43,2021-04-23 15:19:17,Central Park W & W 97 St,7538,Frederick Douglass Blvd & W 112 St,7631,40.792495,-73.96417,40.801694,-73.957145,member
1262717,E592154762011C2A,docked_bike,2021-04-16 20:33:45,2021-04-16 20:33:44,Central Park W & W 97 St,7538,Frederick Douglass Blvd & W 112 St,7631,40.792495,-73.96417,40.801694,-73.957145,member
1262719,61191242A3B9671D,docked_bike,2021-04-24 11:11:29,2021-04-24 11:14:49,Central Park W & W 97 St,7538,Frederick Douglass Blvd & W 112 St,7631,40.792495,-73.96417,40.801694,-73.957145,member
1262722,884922A917905132,docked_bike,2021-04-01 10:52:07,2021-04-01 10:56:16,Central Park W & W 97 St,7538,Frederick Douglass Blvd & W 112 St,7631,40.792495,-73.96417,40.801694,-73.957145,member
1262729,57EF69ADE6B7AF19,docked_bike,2021-04-28 16:51:37,2021-04-28 17:23:46,Central Park W & W 97 St,7538,Frederick Douglass Blvd & W 112 St,7631,40.792495,-73.96417,40.801694,-73.957145,casual
1262731,6F2A6A743154429D,docked_bike,2021-04-18 14:10:59,2021-04-18 15:07:30,Central Park W & W 97 St,7538,Frederick Douglass Blvd & W 112 St,7631,40.792495,-73.96417,40.801694,-73.957145,casual
1262732,5335E469EC1692BB,docked_bike,2021-04-13 09:36:53,2021-04-13 09:58:52,Central Park W & W 97 St,7538,E 56 St & 3 Ave,6691,40.792495,-73.96417,40.75934501,-73.96759673,member
1262738,7333BEB8C2285DE1,docked_bike,2021-04-28 15:26:48,2021-04-28 15:33:18,Central Park W & W 97 St,7538,Frederick Douglass Blvd & W 112 St,7631,40.792495,-73.96417,40.801694,-73.957145,member
1262739,0D65B0E92DA85AA8,docked_bike,2021-04-13 14:24:51,2021-04-13 14:30:05,Central Park W & W 97 St,7538,Frederick Douglass Blvd & W 112 St,7631,40.792495,-73.96417,40.801694,-73.957145,member
1262742,0BBB824F668DB4DF,docked_bike,2021-04-28 21:17:42,2021-04-28 21:21:34,Central Park W & W 97 St,7538,Frederick Douglass Blvd & W 112 St,7631,40.792495,-73.96417,40.801694,-73.957145,member
1262745,7CD657E16F977168,docked_bike,2021-04-28 16:52:14,2021-04-28 17:24:05,Central Park W & W 97 St,7538,Frederick Douglass Blvd & W 112 St,7631,40.792495,-73.96417,40.801694,-73.957145,casual
1262765,E390575238E3407F,docked_bike,2021-04-07 13:09:36,2021-04-07 13:14:40,Central Park W & W 97 St,7538,Frederick Douglass Blvd & W 112 St,7631,40.792495,-73.96417,40.801694,-73.957145,casual
1262780,A577631A0FC3FB97,docked_bike,2021-04-05 12:55:07,2021-04-05 12:59:37,Central Park W & W 97 St,7538,Frederick Douglass Blvd & W 112 St,7631,40.792495,-73.964171,40.801694,-73.957145,member
1262781,8A1B19B9BA729947,docked_bike,2021-04-30 12:16:27,2021-04-30 12:19:37,Central Park W & W 97 St,7538,Frederick Douglass Blvd & W 112 St,7631,40.792495,-73.96417,40.801694,-73.957145,member
1262785,F55C0585D4CE8605,docked_bike,2021-04-16 16:39:03,2021-04-16 16:44:41,Central Park W & W 97 St,7538,Frederick Douglass Blvd & W 112 St,7631,40.792495,-73.96417,40.801694,-73.957145,member
1262790,49DA800FEA7DA3ED,docked_bike,2021-04-07 10:45:10,2021-04-07 10:49:42,Central Park W & W 97 St,7538,Frederick Douglass Blvd & W 112 St,7631,40.792495,-73.96417,40.801694,-73.957145,member
1262793,6C9A13685CBC612D,docked_bike,2021-04-11 18:46:40,2021-04-11 18:50:30,Central Park W & W 97 St,7538,Frederick Douglass Blvd & W 112 St,7631,40.792495,-73.96417,40.801694,-73.957145,member
1262796,177653311B6A8543,docked_bike,2021-04-29 08:11:25,2021-04-29 08:53:33,Central Park W & W 97 St,7538,24 Ave & 29 St,7119,40.792495,-73.96417,40.7729,-73.916142,member
1262797,04B01B79A70AD2C3,docked_bike,2021-04-04 00:15:01,2021-04-04 00:20:25,Central Park W & W 97 St,7538,Frederick Douglass Blvd & W 112 St,7631,40.792495,-73.96417,40.801694,-73.957145,member
1262801,135C161971E1943C,docked_bike,2021-04-10 16:34:08,2021-04-10 16:42:35,Central Park W & W 97 St,7538,Frederick Douglass Blvd & W 112 St,7631,40.792495,-73.964171,40.801694,-73.957145,casual
1262803,3BAB8DAD1837426F,docked_bike,2021-04-10 12:35:48,2021-04-10 12:40:12,Central Park W & W 97 St,7538,Frederick Douglass Blvd & W 112 St,7631,40.792495,-73.96417,40.801694,-73.957145,member
1262804,48B882D1D47C3AF2,docked_bike,2021-04-14 13:51:36,2021-04-14 13:57:05,Central Park W & W 97 St,7538,Frederick Douglass Blvd & W 112 St,7631,40.792495,-73.96417,40.801694,-73.957145,casual
1262806,887F58CC8AD2EEC5,docked_bike,2021-04-14 17:43:47,2021-04-14 17:48:19,Central Park W & W 97 St,7538,Frederick Douglass Blvd & W 112 St,7631,40.792495,-73.96417,40.801694,-73.957145,member
1262811,E4BEEF42C484612B,docked_bike,2021-04-24 15:47:19,2021-04-24 15:50:37,Central Park W & W 97 St,7538,Frederick Douglass Blvd & W 112 St,7631,40.792495,-73.96417,40.801694,-73.957145,member
1262822,244A08617012F1C8,docked_bike,2021-04-10 16:36:28,2021-04-10 16:42:43,Central Park W & W 97 St,7538,Frederick Douglass Blvd & W 112 St,7631,40.792495,-73.96417,40.801694,-73.957145,member
1262848,DF6D8F18F80B72AA,docked_bike,2021-04-19 07:20:27,2021-04-19 07:23:55,Central Park W & W 97 St,7538,Frederick Douglass Blvd & W 112 St,7631,40.792495,-73.96417,40.801694,-73.957145,member
1262851,B5DBE26066C131AE,docked_bike,2021-04-27 17:31:19,2021-04-27 17:35:58,Central Park W & W 97 St,7538,Frederick Douglass Blvd & W 112 St,7631,40.792495,-73.96417,40.801694,-73.957145,member
1262855,0C2A628139898C4F,docked_bike,2021-04-29 15:41:49,2021-04-29 15:50:02,Central Park W & W 97 St,7538,Frederick Douglass Blvd & W 112 St,7631,40.792495,-73.96417,40.801694,-73.957145,member
1263432,D3575ADCD15E10C1,docked_bike,2021-04-29 14:22:20,2021-04-29 14:43:13,Central Park W & W 97 St,7538,E 56 St & 3 Ave,6691,40.792495,-73.96417,40.75934501,-73.96759673,member
1263437,D1FDB912BB9D20C9,docked_bike,2021-04-19 11:28:39,2021-04-19 11:45:02,Central Park W & W 97 St,7538,E 56 St & 3 Ave,6691,40.792495,-73.96417,40.75934501,-73.96759673,member
1263497,89AF28F8175688DA,docked_bike,2021-04-16 12:28:54,2021-04-16 12:33:01,Central Park W & W 97 St,7538,Frederick Douglass Blvd & W 112 St,7631,40.792495,-73.96417,40.801694,-73.957145,casual
1263498,4EAEC5733DE092BF,docked_bike,2021-04-06 10:20:18,2021-04-06 10:26:56,Central Park W & W 97 St,7538,Frederick Douglass Blvd & W 112 St,7631,40.792495,-73.96417,40.801694,-73.957145,member
1263499,1DDBE90D5B4B64B6,docked_bike,2021-04-25 18:52:16,2021-04-25 19:25:36,Central Park W & W 97 St,7538,24 Ave & 29 St,7119,40.792495,-73.96417,40.7729,-73.916142,casual
1264292,9CA0BC7631E7B6A7,docked_bike,2021-04-14 20:19:35,2021-04-14 20:26:32,W 100 St & Manhattan Ave,7538,Frederick Douglass Blvd & W 112 St,7631,40.795,-73.9645,40.801694,-73.957145,casual
1264296,08A7F9E6E7F70EB9,docked_bike,2021-04-01 18:25:12,2021-04-01 18:51:59,W 100 St & Manhattan Ave,7538,E 56 St & 3 Ave,6691,40.795,-73.9645,40.75934501,-73.96759673,casual
1264299,1D0156ACBEF93EC9,docked_bike,2021-04-29 14:25:29,2021-04-29 14:31:21,W 100 St & Manhattan Ave,7538,Frederick Douglass Blvd & W 112 St,7631,40.795,-73.9645,40.801694,-73.957145,member
1264303,6130562D9FEDB449,docked_bike,2021-04-16 17:18:34,2021-04-16 17:23:32,W 100 St & Manhattan Ave,7538,Frederick Douglass Blvd & W 112 St,7631,40.795,-73.9645,40.801694,-73.957145,member
1264308,D3567176A96D9A1C,docked_bike,2021-04-09 17:52:27,2021-04-09 17:56:29,W 100 St & Manhattan Ave,7538,Frederick Douglass Blvd & W 112 St,7631,40.795,-73.9645,40.801694,-73.957145,member
1264316,5746F5B35BBDE3C3,docked_bike,2021-04-30 12:05:40,2021-04-30 12:09:14,W 100 St & Manhattan Ave,7538,Frederick Douglass Blvd & W 112 St,7631,40.795,-73.9645,40.801694,-73.957145,member
1264318,6BA60F244AE89CC7,docked_bike,2021-04-03 15:40:18,2021-04-03 15:45:15,W 100 St & Manhattan Ave,7538,Frederick Douglass Blvd & W 112 St,7631,40.795,-73.9645,40.801694,-73.957145,member
1264320,BBA8236C5CC4A000,docked_bike,2021-04-07 16:31:27,2021-04-07 16:37:12,W 100 St & Manhattan Ave,7538,Frederick Douglass Blvd & W 112 St,7631,40.795,-73.9645,40.801694,-73.957145,member
1264323,F1FE662BD008BB4A,docked_bike,2021-04-18 16:22:49,2021-04-18 16:27:24,W 100 St & Manhattan Ave,7538,Frederick Douglass Blvd & W 112 St,7631,40.795,-73.9645,40.801694,-73.957145,casual
1264324,A226D408DFDC925F,docked_bike,2021-04-24 12:29:40,2021-04-24 12:33:38,W 100 St & Manhattan Ave,7538,Frederick Douglass Blvd & W 112 St,7631,40.795,-73.9645,40.801694,-73.957145,member
1264325,ABD46E3D8ABAEE54,docked_bike,2021-04-26 18:22:37,2021-04-26 18:28:20,W 100 St & Manhattan Ave,7538,Frederick Douglass Blvd & W 112 St,7631,40.795,-73.9645,40.801694,-73.957145,member
1264327,19E838DF669694E3,docked_bike,2021-04-23 18:37:53,2021-04-23 19:03:41,W 100 St & Manhattan Ave,7538,Frederick Douglass Blvd & W 112 St,7631,40.795,-73.9645,40.801694,-73.957145,casual
1270979,23BE181EFE03C55D,docked_bike,2021-04-30 12:16:22,2021-04-30 12:23:14,W 100 St & Manhattan Ave,7538,E 102 St & Park Ave,7488,40.795,-73.9645,40.7904828,-73.95033068,member
1270980,8C8D730BCC4E6930,docked_bike,2021-04-27 20:55:18,2021-04-27 21:10:12,W 100 St & Manhattan Ave,7538,Park Ave & E 124 St,7682,40.795,-73.9645,40.8045555,-73.9396861,member
1270989,31C49AF7AE8DE776,docked_bike,2021-04-08 14:25:22,2021-04-08 14:33:40,W 100 St & Manhattan Ave,7538,E 102 St & Park Ave,7488,40.795,-73.9645,40.7904828,-73.95033068,casual
1271003,5E474B3C9E05B5CD,docked_bike,2021-04-02 13:42:19,2021-04-02 13:57:28,W 100 St & Manhattan Ave,7538,Park Ave & E 124 St,7682,40.795,-73.9645,40.8045555,-73.9396861,member
1271010,F717AAD0B7086F78,docked_bike,2021-04-26 20:00:09,2021-04-26 20:08:23,W 100 St & Manhattan Ave,7538,E 102 St & Park Ave,7488,40.795,-73.9645,40.7904828,-73.95033068,member
1271011,61DDDA5F545A22C0,docked_bike,2021-04-20 19:37:17,2021-04-20 19:47:01,W 100 St & Manhattan Ave,7538,E 102 St & Park Ave,7488,40.795,-73.9645,40.7904828,-73.95033068,member
1271012,8CABD707942E7E93,docked_bike,2021-04-19 19:43:49,2021-04-19 19:53:18,W 100 St & Manhattan Ave,7538,E 102 St & Park Ave,7488,40.795,-73.9645,40.7904828,-73.95033068,member
1271015,265B64F7D5D17832,docked_bike,2021-04-26 03:53:10,2021-04-26 04:02:26,W 100 St & Manhattan Ave,7538,Park Ave & E 124 St,7682,40.795,-73.9645,40.8045555,-73.9396861,member
1271016,79D24FA089713F67,docked_bike,2021-04-23 08:09:38,2021-04-23 08:22:11,W 100 St & Manhattan Ave,7538,Park Ave & E 124 St,7682,40.795,-73.9645,40.8045555,-73.9396861,casual
1271017,DBF44845912022F8,docked_bike,2021-04-03 22:43:13,2021-04-03 22:47:45,W 100 St & Manhattan Ave,7538,E 102 St & Park Ave,7488,40.795,-73.9645,40.7904828,-73.95033068,member
1271020,82142E2C4FC9E9D6,docked_bike,2021-04-27 10:08:06,2021-04-27 10:20:23,W 100 St & Manhattan Ave,7538,E 85 St & 3 Ave,7212,40.795,-73.9645,40.77801203,-73.95407149,member
1271030,01ED273304726C5D,docked_bike,2021-04-13 16:19:26,2021-04-13 16:56:28,W 100 St & Manhattan Ave,7538,E 48 St & 5 Ave,6626,40.795,-73.9645,40.75724567911726,-73.97805914282799,casual
1271032,31CED7D48C3DDEA9,docked_bike,2021-04-05 16:56:47,2021-04-05 17:03:50,W 100 St & Manhattan Ave,7538,E 102 St & Park Ave,7488,40.795,-73.9645,40.7904828,-73.95033068,member
1271033,1399413EF61CC962,docked_bike,2021-04-08 18:16:27,2021-04-08 18:29:22,W 100 St & Manhattan Ave,7538,E 102 St & Park Ave,7488,40.795,-73.9645,40.7904828,-73.95033068,casual
1271034,628A33ADEB22D2DF,docked_bike,2021-04-26 13:39:54,2021-04-26 13:56:17,W 100 St & Manhattan Ave,7538,E 85 St & 3 Ave,7212,40.795,-73.9645,40.77801203,-73.95407149,casual
1271035,2A01C932C8FB3738,docked_bike,2021-04-01 16:32:28,2021-04-01 16:40:10,W 100 St & Manhattan Ave,7538,E 102 St & Park Ave,7488,40.795,-73.9645,40.7904828,-73.95033068,member
1271038,1964A36C44CD8B64,docked_bike,2021-04-17 16:53:02,2021-04-17 17:21:21,W 100 St & Manhattan Ave,7538,E 102 St & Park Ave,7488,40.795,-73.9645,40.7904828,-73.95033068,member
1271043,8AAD0805B9B29FB9,docked_bike,2021-04-05 06:40:42,2021-04-05 06:54:04,W 100 St & Manhattan Ave,7538,Park Ave & E 124 St,7682,40.795,-73.9645,40.8045555,-73.9396861,member
1271049,62F81EA4B8D3A44C,docked_bike,2021-04-26 10:02:50,2021-04-26 10:11:02,W 100 St & Manhattan Ave,7538,E 102 St & Park Ave,7488,40.795,-73.9645,40.7904828,-73.95033068,member
1271050,65620DB486584C4A,docked_bike,2021-04-06 06:38:45,2021-04-06 06:49:36,W 100 St & Manhattan Ave,7538,Park Ave & E 124 St,7682,40.795,-73.9645,40.8045555,-73.9396861,member
1271063,8862ADD61AFFD5F2,docked_bike,2021-04-19 06:51:37,2021-04-19 06:56:48,W 100 St & Manhattan Ave,7538,E 102 St & Park Ave,7488,40.795,-73.9645,40.7904828,-73.95033068,member
1271073,461D5AD48977AC09,docked_bike,2021-04-02 13:43:10,2021-04-02 13:57:23,W 100 St & Manhattan Ave,7538,Park Ave & E 124 St,7682,40.795,-73.9645,40.8045555,-73.9396861,casual
1271421,235B16D3A6B03F90,docked_bike,2021-04-22 14:43:23,2021-04-22 14:52:46,W 100 St & Manhattan Ave,7538,E 102 St & Park Ave,7488,40.795,-73.9645,40.7904828,-73.95033068,member
1272656,F55CA1EF669D853F,docked_bike,2021-04-14 16:54:41,2021-04-14 17:07:31,Central Park W & W 97 St,7538,E 85 St & 3 Ave,7212,40.792495,-73.96417,40.77801203,-73.95407149,member
1272687,2B05F9ECA32CB549,docked_bike,2021-04-13 08:46:06,2021-04-13 08:51:00,Central Park W & W 97 St,7538,E 102 St & Park Ave,7488,40.792495,-73.96417,40.7904828,-73.95033068,casual
1272689,54C7D0844D7AA076,docked_bike,2021-04-20 09:23:24,2021-04-20 09:28:10,Central Park W & W 97 St,7538,E 102 St & Park Ave,7488,40.792495,-73.96417,40.7904828,-73.95033068,casual
1272690,C181DE584470C185,docked_bike,2021-04-08 12:33:34,2021-04-08 13:04:50,Central Park W & W 97 St,7538,E 85 St & 3 Ave,7212,40.792495,-73.96417,40.77801203,-73.95407149,member
1272796,069E8C1C9D0F4912,docked_bike,2021-04-23 17:03:59,2021-04-23 17:43:44,Central Park W & W 97 St,7538,E 48 St & 5 Ave,6626,40.792495,-73.96417,40.75724567911726,-73.97805914282799,casual
1272876,E9C255336CB398FE,docked_bike,2021-04-14 08:04:05,2021-04-14 08:18:33,Central Park W & W 97 St,7538,E 85 St & 3 Ave,7212,40.792495,-73.96417,40.77801203,-73.95407149,member
1272991,5C30EC0BD62B36E6,docked_bike,2021-04-17 09:19:26,2021-04-17 09:19:26,Central Park W & W 97 St,7538,E 102 St & Park Ave,7488,40.792495,-73.96417,40.7904828,-73.95033068,casual
1272993,62851A3DC9974312,docked_bike,2021-04-22 07:39:46,2021-04-22 07:53:16,Central Park W & W 97 St,7538,E 48 St & 5 Ave,6626,40.792495,-73.96417,40.75724567911726,-73.97805914282799,casual
1272998,CCD8BA4F83569834,docked_bike,2021-04-21 13:18:59,2021-04-21 13:37:00,Central Park W & W 97 St,7538,E 85 St & 3 Ave,7212,40.792495,-73.96417,40.77801203,-73.95407149,casual
1273000,C905FF5DD667C72D,docked_bike,2021-04-20 12:49:55,2021-04-20 13:14:36,Central Park W & W 97 St,7538,E 85 St & 3 Ave,7212,40.792495,-73.96417,40.77801203,-73.95407149,member
1273001,67A4FBC68F4FDA73,docked_bike,2021-04-05 18:01:04,2021-04-05 18:15:32,Central Park W & W 97 St,7538,Park Ave & E 124 St,7682,40.792495,-73.964171,40.804556,-73.939686,casual
1273018,ADE93D6AD77B4B33,docked_bike,2021-04-09 08:02:44,2021-04-09 08:21:09,Central Park W & W 97 St,7538,E 48 St & 5 Ave,6626,40.792495,-73.96417,40.75724567911726,-73.97805914282799,casual
1273178,4D4B932414122BD9,docked_bike,2021-04-05 21:19:45,2021-04-05 21:28:28,W 100 St & Manhattan Ave,7538,E 102 St & Park Ave,7488,40.795,-73.9645,40.7904828,-73.95033068,casual
1273185,6E113DD3E84DADDD,docked_bike,2021-04-03 09:15:31,2021-04-03 09:32:05,W 100 St & Manhattan Ave,7538,Park Ave & E 124 St,7682,40.795,-73.9645,40.8045555,-73.9396861,casual
1273256,A239C2BA61DBFFA6,docked_bike,2021-04-22 15:59:56,2021-04-22 16:17:47,W 100 St & Manhattan Ave,7538,E 85 St & 3 Ave,7212,40.795,-73.9645,40.77801203,-73.95407149,member
1273404,10BE77D67B4428D7,docked_bike,2021-04-14 08:05:03,2021-04-14 08:26:59,W 100 St & Manhattan Ave,7538,E 48 St & 5 Ave,6626,40.795,-73.9645,40.75724567911726,-73.97805914282799,casual
1273604,700CF347958002BA,docked_bike,2021-04-18 17:03:43,2021-04-18 17:21:20,W 100 St & Manhattan Ave,7538,E 48 St & 5 Ave,6626,40.795,-73.9645,40.75724567911726,-73.97805914282799,member
1273608,F01DDF4CEEF6AFDB,docked_bike,2021-04-17 14:39:00,2021-04-17 14:57:40,W 100 St & Manhattan Ave,7538,E 85 St & 3 Ave,7212,40.795,-73.9645,40.77801203,-73.95407149,member
1276008,3B886350CC1CA96C,docked_bike,2021-04-27 09:21:10,2021-04-27 09:25:56,Central Park W & W 97 St,7538,E 102 St & Park Ave,7488,40.792495,-73.96417,40.7904828,-73.95033068,casual
1276014,B7C810D55A604EA3,docked_bike,2021-04-06 14:49:48,2021-04-06 15:34:24,Central Park W & W 97 St,7538,E 48 St & 5 Ave,6626,40.792495,-73.964171,40.757246,-73.978059,member
1276041,C9713EB7BACB3A3D,docked_bike,2021-04-23 18:14:46,2021-04-23 18:25:29,Central Park W & W 97 St,7538,E 85 St & 3 Ave,7212,40.792495,-73.96417,40.77801203,-73.95407149,member
1276044,DBE80D14C550E3C6,docked_bike,2021-04-17 14:22:54,2021-04-17 14:38:32,Central Park W & W 97 St,7538,E 48 St & 5 Ave,6626,40.792495,-73.96417,40.75724567911726,-73.97805914282799,member
1276045,F8696A91A9ECB169,docked_bike,2021-04-24 19:24:52,2021-04-24 19:35:27,Central Park W & W 97 St,7538,E 85 St & 3 Ave,7212,40.792495,-73.96417,40.77801203,-73.95407149,member
1276048,DDCCF46B6D742F76,docked_bike,2021-04-23 18:09:23,2021-04-23 18:35:37,Central Park W & W 97 St,7538,E 85 St & 3 Ave,7212,40.792495,-73.96417,40.77801203,-73.95407149,casual
1276049,F1ABEA17EE78DCD5,docked_bike,2021-04-27 08:08:23,2021-04-27 08:29:16,Central Park W & W 97 St,7538,E 48 St & 5 Ave,6626,40.792495,-73.96417,40.75724567911726,-73.97805914282799,casual
1276053,E5D2EDF9B01EA5D1,docked_bike,2021-04-14 15:14:38,2021-04-14 15:31:37,Central Park W & W 97 St,7538,Park Ave & E 124 St,7682,40.792495,-73.96417,40.8045555,-73.9396861,member
1276056,FE094631A6473ABC,docked_bike,2021-04-19 07:44:48,2021-04-19 07:58:51,Central Park W & W 97 St,7538,E 48 St & 5 Ave,6626,40.792495,-73.96417,40.75724567911726,-73.97805914282799,casual
1276057,CF3844519F42D3D0,docked_bike,2021-04-10 11:54:36,2021-04-10 12:09:22,Central Park W & W 97 St,7538,Park Ave & E 124 St,7682,40.792495,-73.96417,40.8045555,-73.9396861,member
1276063,EBF188A0C0250B0B,docked_bike,2021-04-15 09:48:06,2021-04-15 09:47:55,Central Park W & W 97 St,7538,Park Ave & E 124 St,7682,40.792495,-73.96417,40.8045555,-73.9396861,member
1276064,55AB7B9BE1278AC1,docked_bike,2021-04-13 15:07:49,2021-04-13 15:25:33,Central Park W & W 97 St,7538,Park Ave & E 124 St,7682,40.792495,-73.96417,40.8045555,-73.9396861,member
1276164,F14801FE3771C24E,docked_bike,2021-04-24 17:35:36,2021-04-24 17:44:35,Central Park W & W 97 St,7538,E 102 St & Park Ave,7488,40.792495,-73.96417,40.7904828,-73.95033068,member
1276166,DD106331AD024BB6,docked_bike,2021-04-16 21:45:52,2021-04-16 21:50:40,Central Park W & W 97 St,7538,E 102 St & Park Ave,7488,40.792495,-73.96417,40.7904828,-73.95033068,member
1276702,405E125AB5D0C709,docked_bike,2021-04-03 19:19:08,2021-04-03 19:40:47,Central Park W & W 97 St,7538,E 85 St & 3 Ave,7212,40.792495,-73.96417,40.77801203,-73.95407149,member
1276704,069533432423CB8C,docked_bike,2021-04-20 15:01:48,2021-04-20 15:17:53,Central Park W & W 97 St,7538,Park Ave & E 124 St,7682,40.792495,-73.96417,40.8045555,-73.9396861,member
1276705,56D9B89D4BC9F7F4,docked_bike,2021-04-23 15:08:05,2021-04-23 15:25:22,Central Park W & W 97 St,7538,Park Ave & E 124 St,7682,40.792495,-73.96417,40.8045555,-73.9396861,member
1286583,874472C39F7CCB4F,docked_bike,2021-04-05 19:14:00,2021-04-05 19:19:44,W 100 St & Manhattan Ave,7538,5 Ave & E 103 St,7511,40.795,-73.9645,40.7922553,-73.95249933,member
1286585,48B47E70C8A9359F,docked_bike,2021-04-09 18:06:53,2021-04-09 18:16:50,W 100 St & Manhattan Ave,7538,Madison Ave & E 120 St,7667,40.795,-73.9645,40.80295,-73.942954,member
1286586,AC43E0DDBBA7C3D7,docked_bike,2021-04-29 20:19:22,2021-04-29 20:29:39,W 100 St & Manhattan Ave,7538,Madison Ave & E 120 St,7667,40.795,-73.9645,40.80295,-73.942954,member
1286588,D19CCADF1C7273B4,docked_bike,2021-04-17 15:53:53,2021-04-17 16:17:14,W 100 St & Manhattan Ave,7538,5 Ave & E 103 St,7511,40.795,-73.9645,40.7922553,-73.95249933,member
1286595,ED64781D3B11671B,docked_bike,2021-04-28 15:09:20,2021-04-28 15:27:58,W 100 St & Manhattan Ave,7538,E 66 St & Madison Ave,6969,40.795,-73.9645,40.768009,-73.968453,casual
1286604,05C67F53096E3074,docked_bike,2021-04-13 10:24:38,2021-04-13 10:31:16,W 100 St & Manhattan Ave,7538,5 Ave & E 103 St,7511,40.795,-73.9645,40.7922553,-73.95249933,member
1286616,FF6B2DCEC301DD89,docked_bike,2021-04-09 16:20:44,2021-04-09 16:29:10,W 100 St & Manhattan Ave,7538,W 87 St & West End Ave,7484,40.795,-73.9645,40.789622,-73.97757,member
1286623,25E9C9A41662B147,docked_bike,2021-04-08 19:04:21,2021-04-08 19:14:14,W 100 St & Manhattan Ave,7538,W 87 St & West End Ave,7484,40.795,-73.9645,40.789622,-73.97757,member
1286634,72BD9A8E2F8362ED,docked_bike,2021-04-05 15:02:59,2021-04-05 15:07:06,W 100 St & Manhattan Ave,7538,5 Ave & E 103 St,7511,40.795,-73.9645,40.7922553,-73.95249933,member
1286638,A7CCC0EFBF4600FB,docked_bike,2021-04-21 09:35:46,2021-04-21 09:41:33,W 100 St & Manhattan Ave,7538,5 Ave & E 103 St,7511,40.795,-73.9645,40.7922553,-73.95249933,member
1286639,EDD736C457C981CE,docked_bike,2021-04-27 09:37:56,2021-04-27 09:44:30,W 100 St & Manhattan Ave,7538,5 Ave & E 103 St,7511,40.795,-73.9645,40.7922553,-73.95249933,member
1286640,FF85794CC3C48435,docked_bike,2021-04-29 10:33:13,2021-04-29 10:38:25,W 100 St & Manhattan Ave,7538,5 Ave & E 103 St,7511,40.795,-73.9645,40.7922553,-73.95249933,member
1286641,71385FD056AA73A8,docked_bike,2021-04-08 10:00:14,2021-04-08 10:05:31,W 100 St & Manhattan Ave,7538,5 Ave & E 103 St,7511,40.795,-73.9645,40.7922553,-73.95249933,member
1286642,7E6A8D72AF66AD56,docked_bike,2021-04-30 08:54:17,2021-04-30 08:58:23,W 100 St & Manhattan Ave,7538,5 Ave & E 103 St,7511,40.795,-73.9645,40.7922553,-73.95249933,member
1286643,35B4823FE60CDD80,docked_bike,2021-04-13 12:49:25,2021-04-13 12:56:26,W 100 St & Manhattan Ave,7538,5 Ave & E 103 St,7511,40.795,-73.9645,40.7922553,-73.95249933,member
1286652,ED41A9EE4B9904E2,docked_bike,2021-04-16 20:13:15,2021-04-16 20:18:59,W 100 St & Manhattan Ave,7538,W 87 St & West End Ave,7484,40.795,-73.9645,40.789622,-73.97757,member
1286653,CC8C9E58C1350A60,docked_bike,2021-04-01 22:07:42,2021-04-01 22:24:09,W 100 St & Manhattan Ave,7538,W 87 St & West End Ave,7484,40.795,-73.9645,40.789622,-73.97757,member
1286655,E854E9167F8F0066,docked_bike,2021-04-19 15:24:15,2021-04-19 15:54:41,W 100 St & Manhattan Ave,7538,5 Ave & E 103 St,7511,40.795,-73.9645,40.7922553,-73.95249933,member
1286660,7A33BC834E1328F3,docked_bike,2021-04-29 08:01:47,2021-04-29 08:06:46,W 100 St & Manhattan Ave,7538,5 Ave & E 103 St,7511,40.795,-73.9645,40.7922553,-73.95249933,member
1286661,D52C8BBD9993EF2B,docked_bike,2021-04-15 05:36:19,2021-04-15 05:41:51,W 100 St & Manhattan Ave,7538,5 Ave & E 103 St,7511,40.795,-73.9645,40.7922553,-73.95249933,member
1286662,663FB7F5BC0DE770,docked_bike,2021-04-14 10:15:07,2021-04-14 10:24:40,W 100 St & Manhattan Ave,7538,W 87 St & West End Ave,7484,40.795,-73.9645,40.789622,-73.97757,member
1286663,231ABB71970FBEEF,docked_bike,2021-04-12 09:04:16,2021-04-12 09:09:53,W 100 St & Manhattan Ave,7538,5 Ave & E 103 St,7511,40.795,-73.9645,40.7922553,-73.95249933,member
1286664,8BFFE8FBBF0F7434,docked_bike,2021-04-14 09:50:09,2021-04-14 09:54:31,W 100 St & Manhattan Ave,7538,5 Ave & E 103 St,7511,40.795,-73.9645,40.7922553,-73.95249933,member
1286665,839E57BDB949242B,docked_bike,2021-04-02 08:25:51,2021-04-02 08:30:48,W 100 St & Manhattan Ave,7538,5 Ave & E 103 St,7511,40.795,-73.9645,40.7922553,-73.95249933,member
1286666,240C054C6F10001F,docked_bike,2021-04-09 08:54:56,2021-04-09 08:59:22,W 100 St & Manhattan Ave,7538,5 Ave & E 103 St,7511,40.795,-73.9645,40.7922553,-73.95249933,member
1286670,A64B4B1CDCC8FA8A,docked_bike,2021-04-13 20:13:00,2021-04-13 20:23:28,W 100 St & Manhattan Ave,7538,Madison Ave & E 120 St,7667,40.795,-73.9645,40.80295,-73.942954,member
1286736,5D303EC50D263272,docked_bike,2021-04-02 20:35:15,2021-04-02 20:39:29,W 100 St & Manhattan Ave,7538,5 Ave & E 103 St,7511,40.795,-73.9645,40.7922553,-73.95249933,member
1286739,79CA3B30CC2905BA,docked_bike,2021-04-24 14:04:11,2021-04-24 14:11:44,W 100 St & Manhattan Ave,7538,5 Ave & E 103 St,7511,40.795,-73.9645,40.7922553,-73.95249933,member
1286747,D691D8394795C90A,docked_bike,2021-04-08 13:32:44,2021-04-08 13:38:09,W 100 St & Manhattan Ave,7538,5 Ave & E 103 St,7511,40.795,-73.9645,40.7922553,-73.95249933,member
1287027,987CBCD3143E3C3F,docked_bike,2021-04-16 08:08:18,2021-04-16 08:14:12,W 100 St & Manhattan Ave,7538,5 Ave & E 103 St,7511,40.795,-73.9645,40.7922553,-73.95249933,member
1287028,EA475E95510627D4,docked_bike,2021-04-22 17:52:03,2021-04-22 17:56:13,W 100 St & Manhattan Ave,7538,5 Ave & E 103 St,7511,40.795,-73.9645,40.7922553,-73.95249933,member
1287029,4327BCC74559D830,docked_bike,2021-04-20 11:53:20,2021-04-20 11:57:37,W 100 St & Manhattan Ave,7538,5 Ave & E 103 St,7511,40.795,-73.9645,40.7922553,-73.95249933,member
1287033,47D2A24E6D698E9A,docked_bike,2021-04-20 20:42:56,2021-04-20 20:47:13,W 100 St & Manhattan Ave,7538,5 Ave & E 103 St,7511,40.795,-73.9645,40.7922553,-73.95249933,member
1287064,5C5DDB2BC7D2E5B5,docked_bike,2021-04-22 18:37:49,2021-04-22 18:43:01,W 100 St & Manhattan Ave,7538,5 Ave & E 103 St,7511,40.795,-73.9645,40.7922553,-73.95249933,member
1287068,26A60D0863135840,docked_bike,2021-04-29 19:48:47,2021-04-29 19:54:05,W 100 St & Manhattan Ave,7538,W 87 St & West End Ave,7484,40.795,-73.9645,40.789622,-73.97757,member
1287069,5BB7B725BE2B3D65,docked_bike,2021-04-07 20:59:05,2021-04-07 21:05:00,W 100 St & Manhattan Ave,7538,W 87 St & West End Ave,7484,40.795,-73.9645,40.789622,-73.97757,member
1287070,56C0D884661FBE8C,docked_bike,2021-04-26 18:29:19,2021-04-26 18:34:35,W 100 St & Manhattan Ave,7538,W 87 St & West End Ave,7484,40.795,-73.9645,40.789622,-73.97757,member
1287076,C8EAB9727D348545,docked_bike,2021-04-24 15:59:17,2021-04-24 16:06:42,W 100 St & Manhattan Ave,7538,5 Ave & E 103 St,7511,40.795,-73.9645,40.7922553,-73.95249933,member
1287377,F1996A9C05C72B98,docked_bike,2021-04-18 18:21:43,2021-04-18 18:50:52,Central Park W & W 97 St,7538,E 66 St & Madison Ave,6969,40.792495,-73.96417,40.76800889305947,-73.96845281124115,member
1287379,C7A7848FBC275226,docked_bike,2021-04-05 08:55:44,2021-04-05 09:00:34,Central Park W & W 97 St,7538,5 Ave & E 103 St,7511,40.792495,-73.96417,40.7922553,-73.95249933,member
1287381,31C586CB70A598A4,docked_bike,2021-04-24 15:53:50,2021-04-24 16:30:26,Central Park W & W 97 St,7538,E 66 St & Madison Ave,6969,40.792495,-73.96417,40.76800889305947,-73.96845281124115,casual
1289620,8CAC1824344C7610,docked_bike,2021-04-30 18:41:34,2021-04-30 18:47:52,W 100 St & Manhattan Ave,7538,W 87 St & West End Ave,7484,40.795,-73.9645,40.789622,-73.97757,member
1289621,4A1E090E52C46755,docked_bike,2021-04-13 19:54:01,2021-04-13 19:59:24,W 100 St & Manhattan Ave,7538,W 87 St & West End Ave,7484,40.795,-73.9645,40.789622,-73.97757,member
1289622,5896FEECF66D44A8,docked_bike,2021-04-06 21:19:16,2021-04-06 21:26:52,W 100 St & Manhattan Ave,7538,W 87 St & West End Ave,7484,40.795,-73.9645,40.789622,-73.97757,member
1289624,539E7C3E68D93D33,docked_bike,2021-04-03 05:46:52,2021-04-03 05:51:22,W 100 St & Manhattan Ave,7538,5 Ave & E 103 St,7511,40.795,-73.9645,40.7922553,-73.95249933,member
1289625,04931C2AA7992937,docked_bike,2021-04-21 18:45:16,2021-04-21 18:50:10,W 100 St & Manhattan Ave,7538,5 Ave & E 103 St,7511,40.795,-73.9645,40.7922553,-73.95249933,member
1289628,896A6947D25180D2,docked_bike,2021-04-01 20:24:46,2021-04-01 20:33:42,W 100 St & Manhattan Ave,7538,Madison Ave & E 120 St,7667,40.795,-73.9645,40.80295,-73.942954,member
1289629,2E0AC3D098803573,docked_bike,2021-04-05 19:06:28,2021-04-05 19:15:18,W 100 St & Manhattan Ave,7538,Madison Ave & E 120 St,7667,40.795,-73.9645,40.80295,-73.942954,member
1289636,2001C0729712DE8F,docked_bike,2021-04-14 05:33:19,2021-04-14 05:37:59,W 100 St & Manhattan Ave,7538,5 Ave & E 103 St,7511,40.795,-73.9645,40.7922553,-73.95249933,member
1289641,B8027CC20668E3E9,docked_bike,2021-04-17 14:15:21,2021-04-17 14:50:11,W 100 St & Manhattan Ave,7538,5 Ave & E 103 St,7511,40.795,-73.9645,40.792255,-73.952499,casual
1289647,E72F7DC2B5B3FE84,docked_bike,2021-04-20 17:25:20,2021-04-20 17:59:27,W 100 St & Manhattan Ave,7538,5 Ave & E 103 St,7511,40.795,-73.9645,40.792255,-73.952499,member
1289652,4BEF0CC63AD1EE41,docked_bike,2021-04-01 08:54:12,2021-04-01 09:03:46,W 100 St & Manhattan Ave,7538,W 87 St & West End Ave,7484,40.795,-73.9645,40.789622,-73.97757,member
1289653,3AD8EB31894217BF,docked_bike,2021-04-24 11:21:39,2021-04-24 11:31:22,W 100 St & Manhattan Ave,7538,5 Ave & E 103 St,7511,40.795,-73.9645,40.7922553,-73.95249933,member
1289655,FB6E2D046BBA343F,docked_bike,2021-04-06 20:51:10,2021-04-06 21:00:38,W 100 St & Manhattan Ave,7538,Madison Ave & E 120 St,7667,40.795,-73.9645,40.80295,-73.942954,member
1289658,15EE9D329FBF3C64,docked_bike,2021-04-07 17:43:08,2021-04-07 17:53:25,W 100 St & Manhattan Ave,7538,5 Ave & E 103 St,7511,40.795,-73.9645,40.7922553,-73.95249933,member
1292764,1734416A706A74F7,docked_bike,2021-04-16 18:57:57,2021-04-16 19:05:12,W 100 St & Manhattan Ave,7538,5 Ave & E 103 St,7511,40.795,-73.9645,40.7922553,-73.95249933,member
1292767,C7A0740D47CA8B83,docked_bike,2021-04-06 11:49:01,2021-04-06 11:53:29,W 100 St & Manhattan Ave,7538,5 Ave & E 103 St,7511,40.795,-73.9645,40.7922553,-73.95249933,member
1292768,12B04752543D6DFC,docked_bike,2021-04-22 15:07:33,2021-04-22 15:13:34,W 100 St & Manhattan Ave,7538,5 Ave & E 103 St,7511,40.795,-73.9645,40.7922553,-73.95249933,member
1292771,4FC831C500ED8958,docked_bike,2021-04-13 05:12:46,2021-04-13 05:17:04,W 100 St & Manhattan Ave,7538,5 Ave & E 103 St,7511,40.795,-73.9645,40.7922553,-73.95249933,member
1292773,5A81A4D0F3A8583D,docked_bike,2021-04-17 17:33:21,2021-04-17 17:46:41,W 100 St & Manhattan Ave,7538,W 87 St & West End Ave,7484,40.795,-73.9645,40.789622,-73.97757,member
1292775,FB74CCC740EB558D,docked_bike,2021-04-21 18:03:43,2021-04-21 18:10:19,W 100 St & Manhattan Ave,7538,W 87 St & West End Ave,7484,40.795,-73.9645,40.789622,-73.97757,member
1292779,ABA438EBC778B346,docked_bike,2021-04-21 09:28:14,2021-04-21 09:49:09,W 100 St & Manhattan Ave,7538,E 66 St & Madison Ave,6969,40.795,-73.9645,40.76800889305947,-73.96845281124115,member
1292781,D9702AD9B3BD8EF2,docked_bike,2021-04-22 14:10:47,2021-04-22 14:15:30,W 100 St & Manhattan Ave,7538,5 Ave & E 103 St,7511,40.795,-73.9645,40.7922553,-73.95249933,member
1293119,2980679EE46D0A1F,docked_bike,2021-04-28 19:56:40,2021-04-28 20:08:17,W 100 St & Manhattan Ave,7538,Madison Ave & E 120 St,7667,40.795,-73.9645,40.80295,-73.942954,member
1293121,D078ABF6A1F4035E,docked_bike,2021-04-14 20:58:53,2021-04-14 21:05:40,W 100 St & Manhattan Ave,7538,W 87 St & West End Ave,7484,40.795,-73.9645,40.789622,-73.97757,member
1293127,59F247263732C891,docked_bike,2021-04-09 15:19:46,2021-04-09 15:25:29,W 100 St & Manhattan Ave,7538,5 Ave & E 103 St,7511,40.795,-73.9645,40.7922553,-73.95249933,member
1293142,5393CA5872EFAB9B,docked_bike,2021-04-17 08:43:18,2021-04-17 08:50:44,Central Park W & W 97 St,7538,5 Ave & E 103 St,7511,40.792495,-73.96417,40.7922553,-73.95249933,member
1293144,B0E23EE7D4117523,docked_bike,2021-04-09 13:50:29,2021-04-09 13:54:38,Central Park W & W 97 St,7538,5 Ave & E 103 St,7511,40.792495,-73.96417,40.7922553,-73.95249933,member
1293152,6B96515CE9FA42BF,docked_bike,2021-04-04 15:16:37,2021-04-04 15:25:54,Central Park W & W 97 St,7538,W 87 St & West End Ave,7484,40.792495,-73.96417,40.789622,-73.97757,member
1293164,1E93F0312259A172,docked_bike,2021-04-24 15:48:22,2021-04-24 16:29:08,Central Park W & W 97 St,7538,5 Ave & E 103 St,7511,40.792495,-73.96417,40.7922553,-73.95249933,casual
1293166,9158F7AB1EC25076,docked_bike,2021-04-28 13:55:41,2021-04-28 14:12:08,Central Park W & W 97 St,7538,E 66 St & Madison Ave,6969,40.792495,-73.96417,40.76800889305947,-73.96845281124115,member
1293180,06DC3321D14DDCA2,docked_bike,2021-04-27 19:58:28,2021-04-27 20:02:36,Central Park W & W 97 St,7538,5 Ave & E 103 St,7511,40.792495,-73.96417,40.7922553,-73.95249933,member
1293183,862E3B3E7896A23C,docked_bike,2021-04-10 17:31:02,2021-04-10 18:49:52,Central Park W & W 97 St,7538,E 66 St & Madison Ave,6969,40.792495,-73.96417,40.76800889305947,-73.96845281124115,casual
1293184,47A4BE36ADDA0B8E,docked_bike,2021-04-04 17:24:16,2021-04-04 17:52:57,Central Park W & W 97 St,7538,5 Ave & E 103 St,7511,40.792495,-73.96417,40.7922553,-73.95249933,member
1293186,B3B4F3C8E3B76E82,docked_bike,2021-04-09 17:49:00,2021-04-09 18:06:30,Central Park W & W 97 St,7538,E 66 St & Madison Ave,6969,40.792495,-73.96417,40.76800889305947,-73.96845281124115,member
1293189,60B38D779A27061D,docked_bike,2021-04-07 11:23:43,2021-04-07 11:28:32,Central Park W & W 97 St,7538,5 Ave & E 103 St,7511,40.792495,-73.96417,40.7922553,-73.95249933,member
1293191,B6F80833560A6541,docked_bike,2021-04-18 16:17:55,2021-04-18 16:28:38,Central Park W & W 97 St,7538,W 87 St & West End Ave,7484,40.792495,-73.96417,40.789622,-73.97757,member
1293193,646DDB1B19409D90,docked_bike,2021-04-02 08:45:50,2021-04-02 08:54:35,Central Park W & W 97 St,7538,W 87 St & West End Ave,7484,40.792495,-73.96417,40.789622,-73.97757,member
1293198,5588E94A8FE7757C,docked_bike,2021-04-06 08:40:31,2021-04-06 08:51:38,Central Park W & W 97 St,7538,5 Ave & E 103 St,7511,40.792495,-73.96417,40.7922553,-73.95249933,casual
1293199,48D1896384D056C5,docked_bike,2021-04-18 06:48:14,2021-04-18 06:54:57,Central Park W & W 97 St,7538,5 Ave & E 103 St,7511,40.792495,-73.96417,40.7922553,-73.95249933,casual
1293200,02997495AC89F383,docked_bike,2021-04-07 16:20:26,2021-04-07 16:25:55,Central Park W & W 97 St,7538,5 Ave & E 103 St,7511,40.792495,-73.96417,40.7922553,-73.95249933,member
1293210,10F6BDC9A220896C,docked_bike,2021-04-01 18:42:21,2021-04-01 18:47:44,Central Park W & W 97 St,7538,5 Ave & E 103 St,7511,40.792495,-73.96417,40.7922553,-73.95249933,member
1293213,8B9957E4E152437E,docked_bike,2021-04-10 17:26:15,2021-04-10 18:49:41,Central Park W & W 97 St,7538,E 66 St & Madison Ave,6969,40.792495,-73.96417,40.76800889305947,-73.96845281124115,casual
1293217,5548932E2FDA0F7F,docked_bike,2021-04-21 17:01:42,2021-04-21 17:11:33,Central Park W & W 97 St,7538,W 87 St & West End Ave,7484,40.792495,-73.96417,40.789622,-73.97757,member
1293222,CF4AC1C46E73B3C1,docked_bike,2021-04-11 16:12:34,2021-04-11 16:22:47,Central Park W & W 97 St,7538,W 87 St & West End Ave,7484,40.792495,-73.96417,40.789622,-73.97757,member
1293228,9E2BBE2C0ADC8DD0,docked_bike,2021-04-04 17:24:41,2021-04-04 17:53:25,Central Park W & W 97 St,7538,5 Ave & E 103 St,7511,40.792495,-73.96417,40.7922553,-73.95249933,member
1293229,670F5C1C0770654D,docked_bike,2021-04-26 06:27:48,2021-04-26 06:33:23,Central Park W & W 97 St,7538,5 Ave & E 103 St,7511,40.792495,-73.96417,40.7922553,-73.95249933,member
1293230,60D243109BF38285,docked_bike,2021-04-28 14:20:50,2021-04-28 14:34:00,Central Park W & W 97 St,7538,Madison Ave & E 120 St,7667,40.792495,-73.96417,40.80295,-73.942954,member
1293254,F8FB5D368C716C75,docked_bike,2021-04-11 16:12:58,2021-04-11 16:22:40,Central Park W & W 97 St,7538,W 87 St & West End Ave,7484,40.792495,-73.96417,40.789622,-73.97757,member
1293260,9A94917FD14C0AD5,docked_bike,2021-04-28 12:56:28,2021-04-28 13:00:36,Central Park W & W 97 St,7538,5 Ave & E 103 St,7511,40.792495,-73.96417,40.7922553,-73.95249933,member
1293271,E1E778A1FAFB8883,docked_bike,2021-04-20 06:22:22,2021-04-20 06:27:40,Central Park W & W 97 St,7538,5 Ave & E 103 St,7511,40.792495,-73.96417,40.7922553,-73.95249933,member
1293272,9404CB6C68B30AB1,docked_bike,2021-04-21 06:29:08,2021-04-21 06:35:13,Central Park W & W 97 St,7538,5 Ave & E 103 St,7511,40.792495,-73.96417,40.7922553,-73.95249933,member
1293273,A2BB79548DE320D2,docked_bike,2021-04-16 06:25:25,2021-04-16 06:30:31,Central Park W & W 97 St,7538,5 Ave & E 103 St,7511,40.792495,-73.96417,40.7922553,-73.95249933,member
1293274,34A3AB7C38CF4C2F,docked_bike,2021-04-14 06:21:38,2021-04-14 06:27:26,Central Park W & W 97 St,7538,5 Ave & E 103 St,7511,40.792495,-73.96417,40.7922553,-73.95249933,member
1293275,AE1584A9D460B229,docked_bike,2021-04-28 06:29:20,2021-04-28 06:34:57,Central Park W & W 97 St,7538,5 Ave & E 103 St,7511,40.792495,-73.96417,40.7922553,-73.95249933,member
1293276,0488F6EA461770FE,docked_bike,2021-04-03 21:11:03,2021-04-03 21:16:59,Central Park W & W 97 St,7538,W 87 St & West End Ave,7484,40.792495,-73.96417,40.789622,-73.97757,casual
1293277,435824C9DCFA7183,docked_bike,2021-04-13 06:23:19,2021-04-13 06:29:18,Central Park W & W 97 St,7538,5 Ave & E 103 St,7511,40.792495,-73.96417,40.7922553,-73.95249933,member
1293278,1BF14C96DD63ADD5,docked_bike,2021-04-27 06:29:05,2021-04-27 06:33:58,Central Park W & W 97 St,7538,5 Ave & E 103 St,7511,40.792495,-73.96417,40.7922553,-73.95249933,member
1293282,398F1E1146D323EC,docked_bike,2021-04-23 06:26:33,2021-04-23 06:31:53,Central Park W & W 97 St,7538,5 Ave & E 103 St,7511,40.792495,-73.96417,40.7922553,-73.95249933,member
1293283,274D06E7035D2344,docked_bike,2021-04-15 06:38:24,2021-04-15 06:38:22,Central Park W & W 97 St,7538,5 Ave & E 103 St,7511,40.792495,-73.96417,40.7922553,-73.95249933,member
1293293,EBB40F5B65FAC896,docked_bike,2021-04-24 15:48:22,2021-04-24 16:28:54,Central Park W & W 97 St,7538,5 Ave & E 103 St,7511,40.792495,-73.96417,40.7922553,-73.95249933,casual
1293294,762C3A6874C817C4,docked_bike,2021-04-04 14:06:27,2021-04-04 14:10:56,Central Park W & W 97 St,7538,5 Ave & E 103 St,7511,40.792495,-73.96417,40.7922553,-73.95249933,member
1293465,94E9A150F15338D6,docked_bike,2021-04-11 13:40:39,2021-04-11 13:45:39,Central Park W & W 97 St,7538,5 Ave & E 103 St,7511,40.792495,-73.96417,40.7922553,-73.95249933,member
1293467,9BD2E21BAAE25861,docked_bike,2021-04-27 15:14:35,2021-04-27 15:27:49,Central Park W & W 97 St,7538,Madison Ave & E 120 St,7667,40.792495,-73.96417,40.80295,-73.942954,member
1293704,11208F98C15D84B3,docked_bike,2021-04-19 06:29:38,2021-04-19 06:34:57,Central Park W & W 97 St,7538,5 Ave & E 103 St,7511,40.792495,-73.96417,40.7922553,-73.95249933,member
1293705,E9F9B6BDD8DC9A5E,docked_bike,2021-04-09 06:27:31,2021-04-09 06:32:11,Central Park W & W 97 St,7538,5 Ave & E 103 St,7511,40.792495,-73.96417,40.7922553,-73.95249933,member
1293707,290EB623D71B8333,docked_bike,2021-04-18 16:17:53,2021-04-18 16:28:30,Central Park W & W 97 St,7538,W 87 St & West End Ave,7484,40.792495,-73.96417,40.789622,-73.97757,member
1293710,5D01132DBFD9909F,docked_bike,2021-04-30 17:19:27,2021-04-30 17:24:38,Central Park W & W 97 St,7538,5 Ave & E 103 St,7511,40.792495,-73.96417,40.7922553,-73.95249933,member
1293731,2239746681931617,docked_bike,2021-04-07 07:29:56,2021-04-07 07:35:09,Central Park W & W 97 St,7538,5 Ave & E 103 St,7511,40.792495,-73.96417,40.7922553,-73.95249933,member
1293738,E4A000489FC90F7F,docked_bike,2021-04-14 19:28:08,2021-04-14 19:54:45,Central Park W & W 97 St,7538,5 Ave & E 103 St,7511,40.792495,-73.96417,40.7922553,-73.95249933,casual
1293746,862A6931DCD8B4E9,docked_bike,2021-04-06 08:39:47,2021-04-06 08:51:47,Central Park W & W 97 St,7538,5 Ave & E 103 St,7511,40.792495,-73.964171,40.792255,-73.952499,casual
1293748,4607EAACF4ACA7F7,docked_bike,2021-04-22 05:51:40,2021-04-22 05:56:33,Central Park W & W 97 St,7538,5 Ave & E 103 St,7511,40.792495,-73.96417,40.7922553,-73.95249933,member
1293750,A6C3D2EBBA3FD2FD,docked_bike,2021-04-28 21:23:20,2021-04-28 21:29:17,Central Park W & W 97 St,7538,5 Ave & E 103 St,7511,40.792495,-73.96417,40.7922553,-73.95249933,member
1295152,FD0759BC6AA7FAF6,docked_bike,2021-04-08 07:08:45,2021-04-08 07:15:42,Central Park W & W 97 St,7538,5 Ave & E 103 St,7511,40.792495,-73.96417,40.7922553,-73.95249933,member
1295153,271A06FB77F9384F,docked_bike,2021-04-18 11:18:28,2021-04-18 12:06:07,Central Park W & W 97 St,7538,E 66 St & Madison Ave,6969,40.792495,-73.96417,40.76800889305947,-73.96845281124115,casual
1298572,AC5A30D434CEEA66,docked_bike,2021-04-04 09:00:45,2021-04-04 09:08:52,Central Park W & W 97 St,7538,Amsterdam Ave & W 82 St,7360,40.792495,-73.964171,40.785247,-73.976673,casual
1308835,EFADA087E85C23DF,docked_bike,2021-04-17 17:56:26,2021-04-17 18:15:05,W 100 St & Manhattan Ave,7538,Morningside Dr & Amsterdam Ave,7741,40.795,-73.9645,40.81028506306003,-73.95736455917358,casual
1308844,3C0F46AF1B713352,docked_bike,2021-04-30 16:59:06,2021-04-30 17:10:23,W 100 St & Manhattan Ave,7538,Amsterdam Ave & W 82 St,7360,40.795,-73.9645,40.78524672,-73.97667321,member
1308845,CE0E0FFE4E92FE74,docked_bike,2021-04-29 19:54:24,2021-04-29 20:30:23,W 100 St & Manhattan Ave,7538,Frederick Douglass Blvd & W 129 St,7795,40.795,-73.9645,40.8125511,-73.9492286,member
1308905,66A1CEEB1AFC7CC7,docked_bike,2021-04-01 16:09:43,2021-04-01 16:23:28,W 100 St & Manhattan Ave,7538,Adam Clayton Powell Blvd & W 126 St,7738,40.795,-73.9645,40.80949534777948,-73.94776493310928,member
1308955,8580F5ABFE62FE84,docked_bike,2021-04-07 18:17:45,2021-04-07 18:29:28,W 100 St & Manhattan Ave,7538,Amsterdam Ave & W 82 St,7360,40.795,-73.9645,40.78524672,-73.97667321,member
1308975,7413F5609784637C,docked_bike,2021-04-14 11:35:47,2021-04-14 11:44:11,W 100 St & Manhattan Ave,7538,Amsterdam Ave & W 82 St,7360,40.795,-73.9645,40.78524672,-73.97667321,casual
1309023,8355A5113DB5AD19,docked_bike,2021-04-26 14:00:35,2021-04-26 14:12:34,W 100 St & Manhattan Ave,7538,Amsterdam Ave & W 82 St,7360,40.795,-73.9645,40.78524672,-73.97667321,member
1309053,FDD3C07C74C6B525,docked_bike,2021-04-10 15:35:56,2021-04-10 15:45:32,W 100 St & Manhattan Ave,7538,Amsterdam Ave & W 82 St,7360,40.795,-73.9645,40.78524672,-73.97667321,member
1309055,9802103E772AB857,docked_bike,2021-04-17 15:42:53,2021-04-17 16:01:34,W 100 St & Manhattan Ave,7538,Morningside Dr & Amsterdam Ave,7741,40.795,-73.9645,40.81028506306003,-73.95736455917358,member
1309062,851EBAAAFB9B555D,docked_bike,2021-04-24 17:56:33,2021-04-24 18:02:54,W 100 St & Manhattan Ave,7538,Morningside Dr & Amsterdam Ave,7741,40.795,-73.9645,40.81028506306003,-73.95736455917358,member
1309068,963A2EA39F30B11A,docked_bike,2021-04-21 09:11:01,2021-04-21 09:46:29,W 100 St & Manhattan Ave,7538,31 St & Thomson Ave,6227,40.795,-73.9645,40.74469738,-73.93540375,member
1309073,F386F778AA6C1C8A,docked_bike,2021-04-15 09:06:07,2021-04-15 09:15:35,W 100 St & Manhattan Ave,7538,Amsterdam Ave & W 82 St,7360,40.795,-73.9645,40.78524672,-73.97667321,member
1309077,FFA84D72960120BA,docked_bike,2021-04-24 19:20:33,2021-04-24 19:29:31,W 100 St & Manhattan Ave,7538,Amsterdam Ave & W 82 St,7360,40.795,-73.9645,40.78524672,-73.97667321,member
1309168,414BAB2E1B9A1093,docked_bike,2021-04-29 11:32:27,2021-04-29 11:40:57,W 100 St & Manhattan Ave,7538,Adam Clayton Powell Blvd & W 126 St,7738,40.795,-73.9645,40.80949534777948,-73.94776493310928,member
1309172,B9DD37C179F31710,docked_bike,2021-04-29 19:53:39,2021-04-29 20:30:18,W 100 St & Manhattan Ave,7538,Frederick Douglass Blvd & W 129 St,7795,40.795,-73.9645,40.8125511,-73.9492286,member
1309178,D37AD0F45D81DC54,docked_bike,2021-04-27 13:06:19,2021-04-27 13:14:20,W 100 St & Manhattan Ave,7538,Amsterdam Ave & W 82 St,7360,40.795,-73.9645,40.78524672,-73.97667321,member
1309179,DD1340FA27D70DFA,docked_bike,2021-04-26 10:13:22,2021-04-26 10:23:07,W 100 St & Manhattan Ave,7538,Frederick Douglass Blvd & W 129 St,7795,40.795,-73.9645,40.8125511,-73.9492286,member
1311028,772ABD43F8661948,docked_bike,2021-04-07 15:45:11,2021-04-07 16:04:58,Central Park W & W 97 St,7538,Amsterdam Ave & W 82 St,7360,40.792495,-73.96417,40.78524672,-73.97667321,member
1311032,981C9EC51FD26CCC,docked_bike,2021-04-29 08:25:09,2021-04-29 08:33:51,Central Park W & W 97 St,7538,Amsterdam Ave & W 82 St,7360,40.792495,-73.96417,40.78524672,-73.97667321,member
1311034,78B77186B35DC539,docked_bike,2021-04-10 17:37:39,2021-04-10 18:06:55,Central Park W & W 97 St,7538,Amsterdam Ave & W 82 St,7360,40.792495,-73.96417,40.78524672,-73.97667321,member
1311038,449273D12EC7C4A7,docked_bike,2021-04-30 09:49:14,2021-04-30 09:57:42,Central Park W & W 97 St,7538,Amsterdam Ave & W 82 St,7360,40.792495,-73.96417,40.78524672,-73.97667321,member
1311044,FA91DF414AC0C220,docked_bike,2021-04-21 06:52:23,2021-04-21 07:00:48,Central Park W & W 97 St,7538,Amsterdam Ave & W 82 St,7360,40.792495,-73.96417,40.78524672,-73.97667321,member
1311046,72002B4C747393D3,docked_bike,2021-04-25 20:19:54,2021-04-25 20:27:08,Central Park W & W 97 St,7538,3 Ave & E 100 St,7414,40.792495,-73.96417,40.7877214,-73.94728331,casual
1311047,D0CB854CC1BEB2AB,docked_bike,2021-04-24 17:43:46,2021-04-24 17:55:07,Central Park W & W 97 St,7538,Amsterdam Ave & W 82 St,7360,40.792495,-73.96417,40.78524672,-73.97667321,member
1311054,8E7C975846E815C6,docked_bike,2021-04-12 07:07:34,2021-04-12 07:13:51,Central Park W & W 97 St,7538,Amsterdam Ave & W 82 St,7360,40.792495,-73.96417,40.78524672,-73.97667321,member
1311057,898CA3C8E7A7F513,docked_bike,2021-04-30 19:26:42,2021-04-30 19:37:11,Central Park W & W 97 St,7538,3 Ave & E 100 St,7414,40.792495,-73.96417,40.7877214,-73.94728331,casual
1311072,12EA75F7EC73C49A,docked_bike,2021-04-10 17:21:11,2021-04-10 17:39:41,Central Park W & W 97 St,7538,Amsterdam Ave & W 82 St,7360,40.792495,-73.96417,40.78524672,-73.97667321,member
1311074,0F8AD366F29F480B,docked_bike,2021-04-16 14:10:25,2021-04-16 14:18:23,Central Park W & W 97 St,7538,3 Ave & E 100 St,7414,40.792495,-73.96417,40.7877214,-73.94728331,casual
1311080,9B2EECE45C654526,docked_bike,2021-04-06 19:37:13,2021-04-06 19:43:17,Central Park W & W 97 St,7538,Amsterdam Ave & W 82 St,7360,40.792495,-73.96417,40.78524672,-73.97667321,member
1311101,6CC4327A8CB23E4E,docked_bike,2021-04-24 17:00:53,2021-04-24 17:20:44,Central Park W & W 97 St,7538,Adam Clayton Powell Blvd & W 126 St,7738,40.792495,-73.96417,40.80949534777948,-73.94776493310928,member
1311105,F4A12382DA3ED50E,docked_bike,2021-04-24 19:48:04,2021-04-24 20:01:23,Central Park W & W 97 St,7538,Amsterdam Ave & W 82 St,7360,40.792495,-73.96417,40.78524672,-73.97667321,member
1311115,F5AD21CC9B1DCBCB,docked_bike,2021-04-22 07:54:17,2021-04-22 08:00:47,Central Park W & W 97 St,7538,Amsterdam Ave & W 82 St,7360,40.792495,-73.96417,40.78524672,-73.97667321,member
1311116,7A7CE75A8A636319,docked_bike,2021-04-28 08:07:37,2021-04-28 08:15:44,Central Park W & W 97 St,7538,Amsterdam Ave & W 82 St,7360,40.792495,-73.96417,40.78524672,-73.97667321,member
1311118,1220C32A5B8FE97E,docked_bike,2021-04-18 12:47:13,2021-04-18 12:54:48,Central Park W & W 97 St,7538,Amsterdam Ave & W 82 St,7360,40.792495,-73.96417,40.78524672,-73.97667321,member
1311121,51B053DFEF2A3C37,docked_bike,2021-04-25 11:35:53,2021-04-25 11:50:50,Central Park W & W 97 St,7538,E 67 St & Park Ave,6932,40.792495,-73.96417,40.76780080148132,-73.96592080593109,member
1311137,B05E1274EF667BA2,docked_bike,2021-04-10 17:36:54,2021-04-10 18:06:51,Central Park W & W 97 St,7538,Amsterdam Ave & W 82 St,7360,40.792495,-73.96417,40.78524672,-73.97667321,member
1311139,4363B04169F9A493,docked_bike,2021-04-15 06:37:31,2021-04-15 06:37:23,Central Park W & W 97 St,7538,Adam Clayton Powell Blvd & W 126 St,7738,40.792495,-73.96417,40.80949534777948,-73.94776493310928,member
1311145,BEAB26FF21A71FB7,docked_bike,2021-04-14 15:10:54,2021-04-14 15:41:28,Central Park W & W 97 St,7538,3 Ave & E 100 St,7414,40.792495,-73.96417,40.7877214,-73.94728331,member
1311151,805CFFE18F56BA6B,docked_bike,2021-04-22 07:14:27,2021-04-22 07:21:25,Central Park W & W 97 St,7538,Amsterdam Ave & W 82 St,7360,40.792495,-73.96417,40.78524672,-73.97667321,member
1311161,FB39D6E8CA73FBE1,docked_bike,2021-04-27 17:47:39,2021-04-27 17:56:42,Central Park W & W 97 St,7538,Amsterdam Ave & W 82 St,7360,40.792495,-73.964171,40.785247,-73.976673,member
1311216,484A55C237817DD7,docked_bike,2021-04-14 15:11:25,2021-04-14 15:41:22,Central Park W & W 97 St,7538,3 Ave & E 100 St,7414,40.792495,-73.96417,40.7877214,-73.94728331,member
1311222,5EC24B2AD5288BCD,docked_bike,2021-04-24 17:38:38,2021-04-24 17:46:17,Central Park W & W 97 St,7538,Amsterdam Ave & W 82 St,7360,40.792495,-73.96417,40.78524672,-73.97667321,member
1311228,B083586C6F8FE968,docked_bike,2021-04-27 21:45:37,2021-04-27 21:57:39,Central Park W & W 97 St,7538,3 Ave & E 100 St,7414,40.792495,-73.96417,40.7877214,-73.94728331,member
1311233,1FEEC7CA803528AC,docked_bike,2021-04-30 12:50:17,2021-04-30 13:01:22,Central Park W & W 97 St,7538,Amsterdam Ave & W 82 St,7360,40.792495,-73.96417,40.78524672,-73.97667321,member
1311248,62A076065EB8F55D,docked_bike,2021-04-13 07:55:52,2021-04-13 08:03:39,Central Park W & W 97 St,7538,Amsterdam Ave & W 82 St,7360,40.792495,-73.96417,40.78524672,-73.97667321,member
1311249,A08E6200D77A42A6,docked_bike,2021-04-20 07:52:24,2021-04-20 08:00:42,Central Park W & W 97 St,7538,Amsterdam Ave & W 82 St,7360,40.792495,-73.96417,40.78524672,-73.97667321,member
1311250,E759521D32020E16,docked_bike,2021-04-10 18:41:40,2021-04-10 18:48:51,Central Park W & W 97 St,7538,Amsterdam Ave & W 82 St,7360,40.792495,-73.964171,40.785247,-73.976673,member
1311256,0AFC6D29F9D90E25,docked_bike,2021-04-18 18:52:28,2021-04-18 19:03:06,Central Park W & W 97 St,7538,Amsterdam Ave & W 82 St,7360,40.792495,-73.96417,40.78524672,-73.97667321,member
1311273,38E69034BCE01D10,docked_bike,2021-04-13 07:09:35,2021-04-13 07:15:34,Central Park W & W 97 St,7538,Amsterdam Ave & W 82 St,7360,40.792495,-73.96417,40.78524672,-73.97667321,member
1311276,68F9274091B46FB1,docked_bike,2021-04-13 20:07:30,2021-04-13 20:13:11,Central Park W & W 97 St,7538,Amsterdam Ave & W 82 St,7360,40.792495,-73.96417,40.78524672,-73.97667321,member
1311303,6267BC04984A9C46,docked_bike,2021-04-23 11:44:42,2021-04-23 11:54:14,Central Park W & W 97 St,7538,Adam Clayton Powell Blvd & W 126 St,7738,40.792495,-73.96417,40.80949534777948,-73.94776493310928,casual
1311304,849712E01DB75204,docked_bike,2021-04-18 13:15:43,2021-04-18 13:24:32,Central Park W & W 97 St,7538,Adam Clayton Powell Blvd & W 126 St,7738,40.792495,-73.96417,40.80949534777948,-73.94776493310928,member
1311319,2AF8BE1C7B462D50,docked_bike,2021-04-15 11:08:14,2021-04-15 11:08:13,Central Park W & W 97 St,7538,3 Ave & E 100 St,7414,40.792495,-73.96417,40.7877214,-73.94728331,casual
1311325,B99481F06F3E8DA3,docked_bike,2021-04-28 18:22:48,2021-04-28 18:31:26,Central Park W & W 97 St,7538,Amsterdam Ave & W 82 St,7360,40.792495,-73.96417,40.78524672,-73.97667321,casual
1311326,17423E7AE3D2294F,docked_bike,2021-04-25 20:23:23,2021-04-25 20:37:44,Central Park W & W 97 St,7538,3 Ave & E 100 St,7414,40.792495,-73.96417,40.7877214,-73.94728331,casual
1311327,2788FAACF5365EC0,docked_bike,2021-04-06 18:07:03,2021-04-06 18:15:37,Central Park W & W 97 St,7538,Amsterdam Ave & W 82 St,7360,40.792495,-73.964171,40.785247,-73.976673,member
1311337,2C224D8A5787E595,docked_bike,2021-04-14 09:25:09,2021-04-14 09:35:44,Central Park W & W 97 St,7538,Amsterdam Ave & W 82 St,7360,40.792495,-73.964171,40.785247,-73.976673,casual
1311340,4BFA5975E5CEEA12,docked_bike,2021-04-17 14:30:24,2021-04-17 14:43:51,Central Park W & W 97 St,7538,Frederick Douglass Blvd & W 129 St,7795,40.792495,-73.96417,40.8125511,-73.9492286,casual
1311343,B1AC28C2BFF3046B,docked_bike,2021-04-06 18:19:21,2021-04-06 18:26:09,Central Park W & W 97 St,7538,Amsterdam Ave & W 82 St,7360,40.792495,-73.96417,40.78524672,-73.97667321,member
1311344,D1145CCD7FE2BD26,docked_bike,2021-04-08 07:16:46,2021-04-08 07:23:06,Central Park W & W 97 St,7538,Amsterdam Ave & W 82 St,7360,40.792495,-73.96417,40.78524672,-73.97667321,member
1311345,B219665EFC15B0DB,docked_bike,2021-04-05 07:06:20,2021-04-05 07:13:19,Central Park W & W 97 St,7538,Amsterdam Ave & W 82 St,7360,40.792495,-73.96417,40.78524672,-73.97667321,member
1311346,AB2A827241EFE5C6,docked_bike,2021-04-24 10:29:48,2021-04-24 10:36:33,Central Park W & W 97 St,7538,Amsterdam Ave & W 82 St,7360,40.792495,-73.96417,40.78524672,-73.97667321,member
1311347,7DDE56B6D42AC006,docked_bike,2021-04-22 14:13:35,2021-04-22 14:20:09,Central Park W & W 97 St,7538,Amsterdam Ave & W 82 St,7360,40.792495,-73.96417,40.78524672,-73.97667321,member
1311349,CF79FD7503F8DBA5,docked_bike,2021-04-28 18:45:24,2021-04-28 19:11:32,Central Park W & W 97 St,7538,E 31 St & 3 Ave,6239,40.792495,-73.96417,40.74394314,-73.97966069,member
1311356,1ADFB4151A18EB44,docked_bike,2021-04-09 07:17:42,2021-04-09 07:24:25,Central Park W & W 97 St,7538,Amsterdam Ave & W 82 St,7360,40.792495,-73.96417,40.78524672,-73.97667321,member
1311357,64D637980E468E68,docked_bike,2021-04-26 07:09:26,2021-04-26 07:16:47,Central Park W & W 97 St,7538,Amsterdam Ave & W 82 St,7360,40.792495,-73.96417,40.78524672,-73.97667321,member
1311358,256B897A405093B9,docked_bike,2021-04-03 11:14:45,2021-04-03 11:22:13,Central Park W & W 97 St,7538,Amsterdam Ave & W 82 St,7360,40.792495,-73.96417,40.78524672,-73.97667321,member
1311367,6B2A879EB3F509D1,docked_bike,2021-04-28 18:44:48,2021-04-28 19:11:30,Central Park W & W 97 St,7538,E 31 St & 3 Ave,6239,40.792495,-73.96417,40.74394314,-73.97966069,member
1311369,0F8C218250B985F2,docked_bike,2021-04-14 20:21:15,2021-04-14 20:27:36,Central Park W & W 97 St,7538,Amsterdam Ave & W 82 St,7360,40.792495,-73.96417,40.78524672,-73.97667321,member
1311373,EA78E22E53BC430B,docked_bike,2021-04-20 11:14:15,2021-04-20 11:24:37,Central Park W & W 97 St,7538,Frederick Douglass Blvd & W 129 St,7795,40.792495,-73.96417,40.8125511,-73.9492286,member
1311374,E76C04406A34F8A3,docked_bike,2021-04-23 07:11:18,2021-04-23 07:18:18,Central Park W & W 97 St,7538,Amsterdam Ave & W 82 St,7360,40.792495,-73.96417,40.78524672,-73.97667321,member
1311375,B20D15CC29249F2F,docked_bike,2021-04-17 10:37:44,2021-04-17 10:47:42,Central Park W & W 97 St,7538,Amsterdam Ave & W 82 St,7360,40.792495,-73.96417,40.78524672,-73.97667321,member
1311376,40B67978916F14E4,docked_bike,2021-04-07 07:01:42,2021-04-07 07:08:08,Central Park W & W 97 St,7538,Amsterdam Ave & W 82 St,7360,40.792495,-73.96417,40.78524672,-73.97667321,member
1311377,1538AA36E95FF0D9,docked_bike,2021-04-14 07:16:35,2021-04-14 07:22:37,Central Park W & W 97 St,7538,Amsterdam Ave & W 82 St,7360,40.792495,-73.96417,40.78524672,-73.97667321,member
1311378,084DB082D66CA48E,docked_bike,2021-04-29 18:31:59,2021-04-29 18:38:18,Central Park W & W 97 St,7538,Amsterdam Ave & W 82 St,7360,40.792495,-73.96417,40.78524672,-73.97667321,member
1311379,7728E9C23C709B71,docked_bike,2021-04-19 06:59:37,2021-04-19 07:06:18,Central Park W & W 97 St,7538,Amsterdam Ave & W 82 St,7360,40.792495,-73.96417,40.78524672,-73.97667321,member
1311445,657C9BA4BE873398,docked_bike,2021-04-04 09:00:37,2021-04-04 09:07:55,Central Park W & W 97 St,7538,Amsterdam Ave & W 82 St,7360,40.792495,-73.964171,40.785247,-73.976673,casual
1311455,F8A4E4A788FC7DDE,docked_bike,2021-04-16 07:05:39,2021-04-16 07:12:51,Central Park W & W 97 St,7538,Amsterdam Ave & W 82 St,7360,40.792495,-73.96417,40.78524672,-73.97667321,member
1311456,444CEF21D8D5F677,docked_bike,2021-04-20 07:07:56,2021-04-20 07:15:53,Central Park W & W 97 St,7538,Amsterdam Ave & W 82 St,7360,40.792495,-73.96417,40.78524672,-73.97667321,member
1311457,E543D3DCBB3D1E55,docked_bike,2021-04-01 07:24:38,2021-04-01 07:32:22,Central Park W & W 97 St,7538,Amsterdam Ave & W 82 St,7360,40.792495,-73.96417,40.78524672,-73.97667321,member
1316207,31FFFF47443D07B5,docked_bike,2021-04-20 17:30:09,2021-04-20 17:39:47,Central Park W & W 97 St,7538,Amsterdam Ave & W 82 St,7360,40.792495,-73.96417,40.78524672,-73.97667321,member
1316218,E3BE03C761EE9AB8,docked_bike,2021-04-14 12:37:31,2021-04-14 12:48:20,Central Park W & W 97 St,7538,Frederick Douglass Blvd & W 129 St,7795,40.792495,-73.96417,40.8125511,-73.9492286,member
1316219,AA34FE27760F209F,docked_bike,2021-04-21 13:29:54,2021-04-21 13:36:15,Central Park W & W 97 St,7538,Amsterdam Ave & W 82 St,7360,40.792495,-73.96417,40.78524672,-73.97667321,member
1316296,46ACD48F25792231,docked_bike,2021-04-04 14:02:45,2021-04-04 14:43:28,Central Park W & W 97 St,7538,LaGuardia Pl & W 3 St,5721,40.792495,-73.96417,40.72917025,-73.99810231,member
1316298,1CAAC89E571B0589,docked_bike,2021-04-19 13:07:07,2021-04-19 13:21:10,Central Park W & W 97 St,7538,3 Ave & E 100 St,7414,40.792495,-73.96417,40.7877214,-73.94728331,member
1316300,80A2B3B87C3D73AA,docked_bike,2021-04-04 08:59:56,2021-04-04 09:07:58,Central Park W & W 97 St,7538,Amsterdam Ave & W 82 St,7360,40.792495,-73.96417,40.78524672,-73.97667321,member
1316303,F2DE1B2C3046FCFC,docked_bike,2021-04-17 10:37:55,2021-04-17 10:37:52,Central Park W & W 97 St,7538,Amsterdam Ave & W 82 St,7360,40.792495,-73.96417,40.78524672,-73.97667321,casual
1316307,D6643299DD16A1AB,docked_bike,2021-04-10 13:31:53,2021-04-10 13:42:04,Central Park W & W 97 St,7538,Amsterdam Ave & W 82 St,7360,40.792495,-73.96417,40.78524672,-73.97667321,member
1316311,953641750DC9B884,docked_bike,2021-04-14 08:12:38,2021-04-14 08:34:12,Central Park W & W 97 St,7538,E 31 St & 3 Ave,6239,40.792495,-73.96417,40.74394314,-73.97966069,member
1316312,6FFBA6AE39051DC0,docked_bike,2021-04-18 17:58:25,2021-04-18 18:05:38,Central Park W & W 97 St,7538,Amsterdam Ave & W 82 St,7360,40.792495,-73.96417,40.78524672,-73.97667321,member
1316786,42C75E70CE525017,docked_bike,2021-04-21 13:43:03,2021-04-21 13:52:04,W 100 St & Manhattan Ave,7538,Amsterdam Ave & W 82 St,7360,40.795,-73.9645,40.78524672,-73.97667321,member
1316788,FB6ABF91E02476D1,docked_bike,2021-04-16 16:40:32,2021-04-16 16:48:38,W 100 St & Manhattan Ave,7538,Amsterdam Ave & W 82 St,7360,40.795,-73.9645,40.78524672,-73.97667321,member
1316792,AB99B570DA05C20A,docked_bike,2021-04-04 13:11:23,2021-04-04 13:24:17,W 100 St & Manhattan Ave,7538,Morningside Dr & Amsterdam Ave,7741,40.795,-73.9645,40.81028506306003,-73.95736455917358,member
1316794,57706C488FE27E26,docked_bike,2021-04-17 17:59:58,2021-04-17 18:15:42,W 100 St & Manhattan Ave,7538,Morningside Dr & Amsterdam Ave,7741,40.795,-73.9645,40.81028506306003,-73.95736455917358,casual
1320963,9D0043D9FB651006,docked_bike,2021-04-21 06:38:55,2021-04-21 07:04:37,W 100 St & Manhattan Ave,7538,W 169 St & Fort Washington Ave,8282,40.795,-73.9645,40.8428422,-73.9421253,member
1321918,466B6D4E73F01C88,docked_bike,2021-04-04 12:26:56,2021-04-04 13:21:59,Central Park W & W 97 St,7538,5 Ave & E 29 St,6248,40.792495,-73.964171,40.745168,-73.986831,casual
1321948,156951237ADCB784,docked_bike,2021-04-04 12:27:05,2021-04-04 13:21:47,Central Park W & W 97 St,7538,5 Ave & E 29 St,6248,40.792495,-73.964171,40.745168,-73.986831,casual
1322087,E07C14EF5509F189,docked_bike,2021-04-04 12:25:53,2021-04-04 13:21:42,Central Park W & W 97 St,7538,5 Ave & E 29 St,6248,40.792495,-73.96417,40.7451677,-73.98683077,casual
1325542,E924D1DAE3B9A36E,docked_bike,2021-04-06 13:19:14,2021-04-06 13:38:56,W 100 St & Manhattan Ave,7538,W 169 St & Fort Washington Ave,8282,40.795,-73.9645,40.8428422,-73.9421253,member
1325643,979DC9D2BBEC4197,docked_bike,2021-04-13 18:44:14,2021-04-13 19:15:49,W 100 St & Manhattan Ave,7538,W 22 St & 10 Ave,6306,40.795,-73.9645,40.74691959,-74.00451887,member
1331530,4585E7202D390FD6,docked_bike,2021-04-10 11:26:08,2021-04-10 11:57:42,Central Park W & W 97 St,7538,W 22 St & 10 Ave,6306,40.792495,-73.96417,40.74691959,-74.00451887,casual
1331531,1C58E1F827B352B8,docked_bike,2021-04-04 12:27:04,2021-04-04 13:21:43,Central Park W & W 97 St,7538,5 Ave & E 29 St,6248,40.792495,-73.96417,40.7451677,-73.98683077,casual
1331585,89183F3FDD2AEBDF,docked_bike,2021-04-13 08:51:54,2021-04-13 09:46:18,Central Park W & W 97 St,7538,W 169 St & Fort Washington Ave,8282,40.792495,-73.96417,40.8428422,-73.9421253,member
1332490,BF157B0B712EEEC4,docked_bike,2021-04-19 16:30:24,2021-04-19 16:54:20,Central Park W & W 97 St,7538,5 Ave & E 29 St,6248,40.792495,-73.96417,40.7451677,-73.98683077,member
1332498,1FEF5BB2FCC6BE60,docked_bike,2021-04-30 17:46:51,2021-04-30 18:07:25,Central Park W & W 97 St,7538,5 Ave & E 29 St,6248,40.792495,-73.96417,40.7451677,-73.98683077,member
1340064,6BAEE56E52168598,docked_bike,2021-04-14 14:54:02,2021-04-14 15:00:30,W 100 St & Manhattan Ave,7538,W 92 St & Broadway,7502,40.795,-73.9645,40.7921,-73.9739,member
1340071,338686980999B890,docked_bike,2021-04-04 20:44:52,2021-04-04 20:50:45,W 100 St & Manhattan Ave,7538,Frederick Douglass Blvd & W 117 St,7688,40.795,-73.9645,40.805159,-73.954692,member
1340077,D2CE6E74CC975897,docked_bike,2021-04-03 11:33:10,2021-04-03 11:37:11,W 100 St & Manhattan Ave,7538,W 92 St & Broadway,7502,40.795,-73.9645,40.7921,-73.9739,member
1340080,84C3F5A3622E7C00,docked_bike,2021-04-28 17:56:16,2021-04-28 18:02:15,W 100 St & Manhattan Ave,7538,W 92 St & Broadway,7502,40.795,-73.9645,40.7921,-73.9739,member
1340083,D86790D3AE2943FA,docked_bike,2021-04-03 17:00:58,2021-04-03 17:13:04,W 100 St & Manhattan Ave,7538,Frederick Douglass Blvd & W 117 St,7688,40.795,-73.9645,40.805159,-73.954692,casual
1340084,8B37550EC13580B4,docked_bike,2021-04-07 18:59:28,2021-04-07 19:06:47,W 100 St & Manhattan Ave,7538,Frederick Douglass Blvd & W 117 St,7688,40.795,-73.9645,40.805159,-73.954692,member
1340087,AA533B80C1F91311,docked_bike,2021-04-08 19:03:22,2021-04-08 19:10:36,W 100 St & Manhattan Ave,7538,Frederick Douglass Blvd & W 117 St,7688,40.795,-73.9645,40.805159,-73.954692,member
1340090,2CEAB48FED540C16,docked_bike,2021-04-03 14:18:49,2021-04-03 14:29:40,W 100 St & Manhattan Ave,7538,W 92 St & Broadway,7502,40.795,-73.9645,40.7921,-73.9739,member
1340091,3725F791E6F88FA7,docked_bike,2021-04-10 18:17:15,2021-04-10 18:25:47,W 100 St & Manhattan Ave,7538,Frederick Douglass Blvd & W 117 St,7688,40.795,-73.9645,40.805159,-73.954692,member
1340104,B3D75E591584C693,docked_bike,2021-04-27 14:36:24,2021-04-27 14:44:02,W 100 St & Manhattan Ave,7538,Frederick Douglass Blvd & W 117 St,7688,40.795,-73.9645,40.805159,-73.954692,casual
1340110,8093C9E052BE010F,docked_bike,2021-04-15 07:57:04,2021-04-15 08:02:57,W 100 St & Manhattan Ave,7538,Frederick Douglass Blvd & W 117 St,7688,40.795,-73.9645,40.805159,-73.954692,member
1340111,C9D620380352B8DE,docked_bike,2021-04-23 07:54:54,2021-04-23 08:01:40,W 100 St & Manhattan Ave,7538,Frederick Douglass Blvd & W 117 St,7688,40.795,-73.9645,40.805159,-73.954692,member
1340130,0DCE31F0B3A689F9,docked_bike,2021-04-23 19:11:48,2021-04-23 19:30:24,W 100 St & Manhattan Ave,7538,W 92 St & Broadway,7502,40.795,-73.9645,40.7921,-73.9739,member
1340134,B9A69CB10A90E598,docked_bike,2021-04-01 15:59:13,2021-04-01 16:30:08,W 100 St & Manhattan Ave,7538,W 92 St & Broadway,7502,40.795,-73.9645,40.7921,-73.9739,member
1340143,3FDB5645524BAFBF,docked_bike,2021-04-23 16:18:05,2021-04-23 16:54:23,W 100 St & Manhattan Ave,7538,Frederick Douglass Blvd & W 117 St,7688,40.795,-73.9645,40.805159,-73.954692,member
1340146,B93F007F0522B8C3,docked_bike,2021-04-08 16:49:31,2021-04-08 16:57:09,W 100 St & Manhattan Ave,7538,Frederick Douglass Blvd & W 117 St,7688,40.795,-73.9645,40.805159,-73.954692,member
1340162,2F5A0EADD01F17E4,docked_bike,2021-04-20 15:58:27,2021-04-20 16:02:47,W 100 St & Manhattan Ave,7538,Frederick Douglass Blvd & W 117 St,7688,40.795,-73.9645,40.805159,-73.954692,member
1340170,4305D7C6D7CB9AB8,docked_bike,2021-04-08 14:34:35,2021-04-08 14:43:44,W 100 St & Manhattan Ave,7538,Frederick Douglass Blvd & W 117 St,7688,40.795,-73.9645,40.805159,-73.954692,member
1340229,D496EFB7561A6D5E,docked_bike,2021-04-14 08:03:56,2021-04-14 08:11:00,W 100 St & Manhattan Ave,7538,Frederick Douglass Blvd & W 117 St,7688,40.795,-73.9645,40.805159,-73.954692,member
1340233,0DB67EEB7E0A4E67,docked_bike,2021-04-14 14:32:59,2021-04-14 14:57:50,W 100 St & Manhattan Ave,7538,Frederick Douglass Blvd & W 117 St,7688,40.795,-73.9645,40.805159,-73.954692,member
1340240,2BB983E495AA144E,docked_bike,2021-04-10 19:44:18,2021-04-10 19:50:56,W 100 St & Manhattan Ave,7538,Frederick Douglass Blvd & W 117 St,7688,40.795,-73.9645,40.805159,-73.954692,member
1340246,1E22C4E7B5627C3C,docked_bike,2021-04-17 20:31:27,2021-04-17 20:37:59,W 100 St & Manhattan Ave,7538,Frederick Douglass Blvd & W 117 St,7688,40.795,-73.9645,40.805159,-73.954692,casual
1340247,BEA41B3C3936FE24,docked_bike,2021-04-27 08:30:55,2021-04-27 08:39:13,W 100 St & Manhattan Ave,7538,Frederick Douglass Blvd & W 117 St,7688,40.795,-73.9645,40.805159,-73.954692,member
1340248,FC03E30A318AE34F,docked_bike,2021-04-05 13:43:21,2021-04-05 13:47:58,W 100 St & Manhattan Ave,7538,W 92 St & Broadway,7502,40.795,-73.9645,40.7921,-73.9739,member
1340254,9AAD960EEC900C45,docked_bike,2021-04-09 18:10:17,2021-04-09 18:55:06,W 100 St & Manhattan Ave,7538,W 92 St & Broadway,7502,40.795,-73.9645,40.7921,-73.9739,member
1340259,DEFCBCF59A6BC7C8,docked_bike,2021-04-14 20:16:43,2021-04-14 20:24:44,W 100 St & Manhattan Ave,7538,W 92 St & Broadway,7502,40.795,-73.9645,40.7921,-73.9739,member
1340263,0663604EB77A92B5,docked_bike,2021-04-09 07:57:42,2021-04-09 08:03:46,W 100 St & Manhattan Ave,7538,Frederick Douglass Blvd & W 117 St,7688,40.795,-73.9645,40.805159,-73.954692,member
1340777,B120F194788DF17E,docked_bike,2021-04-30 15:06:32,2021-04-30 15:12:09,W 100 St & Manhattan Ave,7538,Frederick Douglass Blvd & W 117 St,7688,40.795,-73.9645,40.805159,-73.954692,member
1340785,337D17F223F3EAF5,docked_bike,2021-04-09 18:45:01,2021-04-09 18:51:21,W 100 St & Manhattan Ave,7538,Frederick Douglass Blvd & W 117 St,7688,40.795,-73.9645,40.805159,-73.954692,member
1345453,9705C2EA2EBBBD96,docked_bike,2021-04-18 04:21:13,2021-04-18 04:21:09,Central Park W & W 97 St,7538,Frederick Douglass Blvd & W 117 St,7688,40.792495,-73.96417,40.805159,-73.954692,member
1345455,685EECA847B7921F,docked_bike,2021-04-02 16:05:26,2021-04-02 16:03:36,Central Park W & W 97 St,7538,Frederick Douglass Blvd & W 117 St,7688,40.792495,-73.96417,40.805159,-73.954692,member
1345457,8072707E2DA5F678,docked_bike,2021-04-28 14:25:25,2021-04-28 14:32:01,Central Park W & W 97 St,7538,Frederick Douglass Blvd & W 117 St,7688,40.792495,-73.96417,40.805159,-73.954692,member
1345482,B5E110784DAA3D5B,docked_bike,2021-04-18 09:58:18,2021-04-18 10:14:47,Central Park W & W 97 St,7538,W 92 St & Broadway,7502,40.792495,-73.96417,40.7921,-73.9739,member
1345491,339511002F37AD28,docked_bike,2021-04-14 12:59:24,2021-04-14 13:18:45,Central Park W & W 97 St,7538,E 40 St & 5 Ave,6474,40.792495,-73.96417,40.752062307,-73.9816324043,casual
1345493,242C4451D8A42F78,docked_bike,2021-04-07 21:06:52,2021-04-07 21:11:34,Central Park W & W 97 St,7538,Frederick Douglass Blvd & W 117 St,7688,40.792495,-73.96417,40.805159,-73.954692,member
1345495,9930C8CB539F1F86,docked_bike,2021-04-05 17:53:28,2021-04-05 18:00:17,Central Park W & W 97 St,7538,Frederick Douglass Blvd & W 117 St,7688,40.792495,-73.96417,40.805159,-73.954692,casual
1345499,D238F4A686CBF7EA,docked_bike,2021-04-24 16:03:43,2021-04-24 16:43:09,Central Park W & W 97 St,7538,W 35 St & 9 Ave,6569,40.792495,-73.96417,40.75414519263519,-73.9960889518261,casual
1345501,8F37D07C6AC0A0A8,docked_bike,2021-04-29 18:45:53,2021-04-29 18:51:15,Central Park W & W 97 St,7538,W 92 St & Broadway,7502,40.792495,-73.96417,40.7921,-73.9739,member
1345511,DB9986C3669CBC7E,docked_bike,2021-04-29 17:22:01,2021-04-29 17:28:37,Central Park W & W 97 St,7538,Frederick Douglass Blvd & W 117 St,7688,40.792495,-73.96417,40.805159,-73.954692,casual
1345516,B74ECA37F4E315E3,docked_bike,2021-04-28 08:51:19,2021-04-28 08:55:47,Central Park W & W 97 St,7538,W 92 St & Broadway,7502,40.792495,-73.96417,40.7921,-73.9739,member
1345517,FAE5374540ED0EB3,docked_bike,2021-04-18 13:13:08,2021-04-18 13:19:34,Central Park W & W 97 St,7538,Frederick Douglass Blvd & W 117 St,7688,40.792495,-73.96417,40.805159,-73.954692,member
1345518,3B6122EF7B603FAA,docked_bike,2021-04-21 01:08:34,2021-04-21 01:53:18,Central Park W & W 97 St,7538,W 92 St & Broadway,7502,40.792495,-73.96417,40.7921,-73.9739,member
1345519,AEE760579EB0FA79,docked_bike,2021-04-29 18:21:29,2021-04-29 18:28:53,Central Park W & W 97 St,7538,Frederick Douglass Blvd & W 117 St,7688,40.792495,-73.96417,40.805159,-73.954692,member
1345522,752AB07F191BB753,docked_bike,2021-04-08 09:23:37,2021-04-08 09:43:50,Central Park W & W 97 St,7538,W 35 St & 9 Ave,6569,40.792495,-73.96417,40.75414519263519,-73.9960889518261,member
1345525,53FC22B11B0EB1E3,docked_bike,2021-04-23 19:00:50,2021-04-23 19:08:04,Central Park W & W 97 St,7538,W 92 St & Broadway,7502,40.792495,-73.96417,40.7921,-73.9739,casual
1345526,BDE271BA15FF9DC0,docked_bike,2021-04-21 14:48:23,2021-04-21 14:54:22,Central Park W & W 97 St,7538,Frederick Douglass Blvd & W 117 St,7688,40.792495,-73.96417,40.805159,-73.954692,casual
1345531,42F5F25FFBEC03B5,docked_bike,2021-04-21 01:08:48,2021-04-21 01:53:19,Central Park W & W 97 St,7538,W 92 St & Broadway,7502,40.792495,-73.96417,40.7921,-73.9739,member
1345532,284F31352DCB61A1,docked_bike,2021-04-03 10:51:33,2021-04-03 10:58:46,Central Park W & W 97 St,7538,W 92 St & Broadway,7502,40.792495,-73.96417,40.7921,-73.9739,member
1345535,B19CECF800AB0BEC,docked_bike,2021-04-06 18:31:46,2021-04-06 18:37:43,Central Park W & W 97 St,7538,W 92 St & Broadway,7502,40.792495,-73.964171,40.7921,-73.9739,member
1345537,D2BBE639559CFEF0,docked_bike,2021-04-20 08:49:28,2021-04-20 08:55:36,Central Park W & W 97 St,7538,W 92 St & Broadway,7502,40.792495,-73.96417,40.7921,-73.9739,member
1345538,514B81557917D402,docked_bike,2021-04-19 09:12:11,2021-04-19 09:16:49,Central Park W & W 97 St,7538,W 92 St & Broadway,7502,40.792495,-73.96417,40.7921,-73.9739,member
1345540,404414F37C5AE918,docked_bike,2021-04-27 09:18:46,2021-04-27 09:24:30,Central Park W & W 97 St,7538,W 92 St & Broadway,7502,40.792495,-73.96417,40.7921,-73.9739,member
1345541,F0465959A2088623,docked_bike,2021-04-07 15:09:14,2021-04-07 15:14:50,Central Park W & W 97 St,7538,Frederick Douglass Blvd & W 117 St,7688,40.792495,-73.96417,40.805159,-73.954692,member
1345542,479959DFD2E2C781,docked_bike,2021-04-27 16:45:14,2021-04-27 16:49:51,Central Park W & W 97 St,7538,W 92 St & Broadway,7502,40.792495,-73.96417,40.7921,-73.9739,member
1345544,10A2C7018FBDB3A1,docked_bike,2021-04-26 12:45:37,2021-04-26 12:49:23,Central Park W & W 97 St,7538,W 92 St & Broadway,7502,40.792495,-73.96417,40.7921,-73.9739,member
1345546,F88F88B1FE8077C3,docked_bike,2021-04-21 06:41:54,2021-04-21 06:48:42,Central Park W & W 97 St,7538,W 92 St & Broadway,7502,40.792495,-73.96417,40.7921,-73.9739,member
1345552,06FD688A95AACF97,docked_bike,2021-04-13 07:21:41,2021-04-13 07:27:43,Central Park W & W 97 St,7538,Frederick Douglass Blvd & W 117 St,7688,40.792495,-73.96417,40.805159,-73.954692,member
1345555,40957414A1F3366E,docked_bike,2021-04-14 13:29:14,2021-04-14 13:37:48,Central Park W & W 97 St,7538,Frederick Douglass Blvd & W 117 St,7688,40.792495,-73.96417,40.805159,-73.954692,member
1345606,889BAA8F216A01A5,docked_bike,2021-04-04 16:07:30,2021-04-04 16:13:52,Central Park W & W 97 St,7538,Frederick Douglass Blvd & W 117 St,7688,40.792495,-73.96417,40.805159,-73.954692,member
1345611,3DFC9273EA180CEC,docked_bike,2021-04-19 08:14:00,2021-04-19 08:21:03,Central Park W & W 97 St,7538,Frederick Douglass Blvd & W 117 St,7688,40.792495,-73.96417,40.805159,-73.954692,member
1345615,BEEA44718D94204F,docked_bike,2021-04-19 12:36:27,2021-04-19 12:40:46,Central Park W & W 97 St,7538,W 92 St & Broadway,7502,40.792495,-73.96417,40.7921,-73.9739,member
1345617,8A5FA82896C1FFD7,docked_bike,2021-04-13 19:52:46,2021-04-13 20:04:59,Central Park W & W 97 St,7538,Frederick Douglass Blvd & W 117 St,7688,40.792495,-73.96417,40.805159,-73.954692,member
1345618,2C7BB4585FE2A30F,docked_bike,2021-04-15 10:01:56,2021-04-15 10:01:54,Central Park W & W 97 St,7538,Frederick Douglass Blvd & W 117 St,7688,40.792495,-73.96417,40.805159,-73.954692,casual
1345620,B7AC5969FBE1C6AD,docked_bike,2021-04-04 17:43:47,2021-04-04 18:04:09,Central Park W & W 97 St,7538,5 Av & W 139 St,7851,40.792495,-73.96417,40.815484,-73.935856,casual
1345623,A82D7F2F335C1602,docked_bike,2021-04-30 09:07:49,2021-04-30 09:13:21,Central Park W & W 97 St,7538,Frederick Douglass Blvd & W 117 St,7688,40.792495,-73.96417,40.805159,-73.954692,member
1345646,9F1851AF4AE87FA0,docked_bike,2021-04-21 17:58:06,2021-04-21 18:04:26,Central Park W & W 97 St,7538,Frederick Douglass Blvd & W 117 St,7688,40.792495,-73.96417,40.805159,-73.954692,member
1345647,2EA748BB79D668D0,docked_bike,2021-04-10 13:30:36,2021-04-10 13:36:01,Central Park W & W 97 St,7538,W 92 St & Broadway,7502,40.792495,-73.96417,40.7921,-73.9739,member
1345650,AFD7D693D5D7F377,docked_bike,2021-04-02 20:18:08,2021-04-02 20:23:50,Central Park W & W 97 St,7538,Frederick Douglass Blvd & W 117 St,7688,40.792495,-73.96417,40.805159,-73.954692,member
1345652,94879EBFF13C8E9F,docked_bike,2021-04-04 16:26:21,2021-04-04 16:33:46,Central Park W & W 97 St,7538,Frederick Douglass Blvd & W 117 St,7688,40.792495,-73.96417,40.805159,-73.954692,member
1345653,B0329849A8014028,docked_bike,2021-04-23 09:08:53,2021-04-23 09:13:58,Central Park W & W 97 St,7538,W 92 St & Broadway,7502,40.792495,-73.96417,40.7921,-73.9739,member
1345656,A943F11F69E163D1,docked_bike,2021-04-07 08:44:04,2021-04-07 08:52:48,Central Park W & W 97 St,7538,Frederick Douglass Blvd & W 117 St,7688,40.792495,-73.96417,40.805159,-73.954692,member
1345718,AEAA8B974EC9820D,docked_bike,2021-04-13 16:00:42,2021-04-13 16:04:55,Central Park W & W 97 St,7538,W 92 St & Broadway,7502,40.792495,-73.96417,40.7921,-73.9739,member
1345719,CAD80F3AD2C5C297,docked_bike,2021-04-14 11:44:09,2021-04-14 11:48:15,Central Park W & W 97 St,7538,W 92 St & Broadway,7502,40.792495,-73.96417,40.7921,-73.9739,member
1345720,21AD2F9BBFA547E8,docked_bike,2021-04-30 10:35:45,2021-04-30 10:39:15,Central Park W & W 97 St,7538,W 92 St & Broadway,7502,40.792495,-73.96417,40.7921,-73.9739,member
1345725,30DB5C6D8429678D,docked_bike,2021-04-24 16:02:44,2021-04-24 16:42:56,Central Park W & W 97 St,7538,W 35 St & 9 Ave,6569,40.792495,-73.96417,40.75414519263519,-73.9960889518261,casual
1345814,FAD81976A993C9F1,docked_bike,2021-04-23 18:34:10,2021-04-23 18:41:21,Central Park W & W 97 St,7538,W 92 St & Broadway,7502,40.792495,-73.96417,40.7921,-73.9739,member
1345817,FCF6F903BD4E70F8,docked_bike,2021-04-08 21:33:39,2021-04-08 22:11:54,Central Park W & W 97 St,7538,5 Av & W 139 St,7851,40.792495,-73.96417,40.815484,-73.935856,member
1345820,0FA0688D7BF12159,docked_bike,2021-04-22 10:34:37,2021-04-22 10:39:15,Central Park W & W 97 St,7538,W 92 St & Broadway,7502,40.792495,-73.96417,40.7921,-73.9739,member
1345821,3A066BD18C228F84,docked_bike,2021-04-23 10:35:27,2021-04-23 10:40:36,Central Park W & W 97 St,7538,W 92 St & Broadway,7502,40.792495,-73.96417,40.7921,-73.9739,member
1345823,FB1F89B01B125148,docked_bike,2021-04-24 13:45:51,2021-04-24 13:52:01,Central Park W & W 97 St,7538,W 92 St & Broadway,7502,40.792495,-73.96417,40.7921,-73.9739,member
1345825,D180B2C6E97BA697,docked_bike,2021-04-18 13:54:50,2021-04-18 13:59:23,Central Park W & W 97 St,7538,W 92 St & Broadway,7502,40.792495,-73.96417,40.7921,-73.9739,member
1345827,3F2F96C6363E137D,docked_bike,2021-04-04 20:59:44,2021-04-04 21:06:21,Central Park W & W 97 St,7538,Frederick Douglass Blvd & W 117 St,7688,40.792495,-73.96417,40.805159,-73.954692,casual
1345828,56797871911B73A2,docked_bike,2021-04-22 08:35:02,2021-04-22 08:40:27,Central Park W & W 97 St,7538,Frederick Douglass Blvd & W 117 St,7688,40.792495,-73.96417,40.805159,-73.954692,member
1345830,1901B14384694CD9,docked_bike,2021-04-18 10:11:58,2021-04-18 10:17:07,Central Park W & W 97 St,7538,W 92 St & Broadway,7502,40.792495,-73.96417,40.7921,-73.9739,member
1345889,E2C3860696C4CAEB,docked_bike,2021-04-12 09:30:13,2021-04-12 09:37:39,Central Park W & W 97 St,7538,Frederick Douglass Blvd & W 117 St,7688,40.792495,-73.96417,40.805159,-73.954692,casual
1345894,BBC9CE08BD8CC6B5,docked_bike,2021-04-01 20:00:45,2021-04-01 20:08:52,Central Park W & W 97 St,7538,Frederick Douglass Blvd & W 117 St,7688,40.792495,-73.96417,40.805159,-73.954692,member
1345895,5B1C065E51F5F742,docked_bike,2021-04-11 14:20:08,2021-04-11 14:23:44,Central Park W & W 97 St,7538,W 92 St & Broadway,7502,40.792495,-73.96417,40.7921,-73.9739,member
1345899,34B91E337CC4E8EF,docked_bike,2021-04-13 13:10:52,2021-04-13 13:18:07,Central Park W & W 97 St,7538,Frederick Douglass Blvd & W 117 St,7688,40.792495,-73.96417,40.805159,-73.954692,casual
1345900,B242079B40B0AAE7,docked_bike,2021-04-26 09:51:01,2021-04-26 09:57:31,Central Park W & W 97 St,7538,Frederick Douglass Blvd & W 117 St,7688,40.792495,-73.96417,40.805159,-73.954692,member
1345917,593C3963D7629C27,docked_bike,2021-04-02 12:47:35,2021-04-02 12:53:15,Central Park W & W 97 St,7538,W 92 St & Broadway,7502,40.792495,-73.96417,40.7921,-73.9739,member
1345920,041B21DB3BD2B892,docked_bike,2021-04-21 11:51:13,2021-04-21 11:55:24,Central Park W & W 97 St,7538,W 92 St & Broadway,7502,40.792495,-73.96417,40.7921,-73.9739,member
1345921,E715BF20B8EA92CB,docked_bike,2021-04-16 10:32:37,2021-04-16 10:36:28,Central Park W & W 97 St,7538,W 92 St & Broadway,7502,40.792495,-73.96417,40.7921,-73.9739,member
1345922,38F9EE7FEF77CB5F,docked_bike,2021-04-25 10:17:06,2021-04-25 10:21:10,Central Park W & W 97 St,7538,W 92 St & Broadway,7502,40.792495,-73.96417,40.7921,-73.9739,member
1345923,2C7C5F1B6B57ABE8,docked_bike,2021-04-11 11:49:16,2021-04-11 12:01:53,Central Park W & W 97 St,7538,W 92 St & Broadway,7502,40.792495,-73.96417,40.7921,-73.9739,member
1345925,A14D5BDF8E38EC5D,docked_bike,2021-04-25 19:01:07,2021-04-25 19:27:42,Central Park W & W 97 St,7538,Frederick Douglass Blvd & W 117 St,7688,40.792495,-73.96417,40.805159,-73.954692,casual
1345927,AE8FF44D49E20C40,docked_bike,2021-04-28 15:21:21,2021-04-28 15:27:05,Central Park W & W 97 St,7538,Frederick Douglass Blvd & W 117 St,7688,40.792495,-73.96417,40.805159,-73.954692,member
1345929,AB5F64F6602B04A0,docked_bike,2021-04-17 12:54:09,2021-04-17 12:59:46,Central Park W & W 97 St,7538,Frederick Douglass Blvd & W 117 St,7688,40.792495,-73.96417,40.805159,-73.954692,member
1347785,43E26B6842DD4B38,docked_bike,2021-04-08 08:00:36,2021-04-08 08:05:52,W 100 St & Manhattan Ave,7538,Frederick Douglass Blvd & W 117 St,7688,40.795,-73.9645,40.805159,-73.954692,member
1347788,70CDA526F477A161,docked_bike,2021-04-04 18:24:15,2021-04-04 18:32:01,W 100 St & Manhattan Ave,7538,Frederick Douglass Blvd & W 117 St,7688,40.795,-73.9645,40.805159,-73.954692,casual
1347789,A3842442CBF2B832,docked_bike,2021-04-15 11:37:57,2021-04-15 11:43:22,W 100 St & Manhattan Ave,7538,Frederick Douglass Blvd & W 117 St,7688,40.795,-73.9645,40.805159,-73.954692,member
1347791,533EE47DD0F0756D,docked_bike,2021-04-24 13:43:42,2021-04-24 13:57:13,W 100 St & Manhattan Ave,7538,Frederick Douglass Blvd & W 117 St,7688,40.795,-73.9645,40.805159,-73.954692,member
1347792,D562C557D4341944,docked_bike,2021-04-03 20:28:19,2021-04-03 20:35:14,W 100 St & Manhattan Ave,7538,Frederick Douglass Blvd & W 117 St,7688,40.795,-73.9645,40.805159,-73.954692,member
1348692,77A02F57E5CECDC5,docked_bike,2021-04-26 20:55:11,2021-04-26 21:00:13,W 100 St & Manhattan Ave,7538,W 92 St & Broadway,7502,40.795,-73.9645,40.7921,-73.9739,member
1348696,E3951E7E0E155D13,docked_bike,2021-04-08 16:42:30,2021-04-08 16:49:09,W 100 St & Manhattan Ave,7538,Frederick Douglass Blvd & W 117 St,7688,40.795,-73.9645,40.805159,-73.954692,member
1348698,BF5CD2F08D3FCC88,docked_bike,2021-04-18 18:38:39,2021-04-18 18:51:08,W 100 St & Manhattan Ave,7538,Frederick Douglass Blvd & W 117 St,7688,40.795,-73.9645,40.805159,-73.954692,member
1348704,81069EE7EDAF4067,docked_bike,2021-04-28 15:02:39,2021-04-28 15:10:20,W 100 St & Manhattan Ave,7538,Frederick Douglass Blvd & W 117 St,7688,40.795,-73.9645,40.805159,-73.954692,casual
1355848,9D5E2720E09A184B,docked_bike,2021-04-24 16:59:45,2021-04-24 17:18:25,5 Ave & E 78 St,7161,Central Park W & W 97 St,7538,40.776321,-73.964273,40.79249519495111,-73.96417066463071,member
1355852,32207FBA095EA8AB,docked_bike,2021-04-13 15:21:14,2021-04-13 15:50:08,5 Ave & E 78 St,7161,Central Park W & W 97 St,7538,40.776321,-73.964273,40.79249519495111,-73.96417066463071,casual
1355853,61B5BFF766E54533,docked_bike,2021-04-23 14:40:31,2021-04-23 14:56:53,5 Ave & E 78 St,7161,Central Park W & W 97 St,7538,40.776321,-73.964273,40.79249519495111,-73.96417066463071,member
1355854,A3ADA51EAF3F61E9,docked_bike,2021-04-26 10:47:56,2021-04-26 11:07:36,5 Ave & E 78 St,7161,Central Park W & W 97 St,7538,40.776321,-73.964273,40.79249519495111,-73.96417066463071,member
1355866,DC6550AE8D0ECAFA,docked_bike,2021-04-23 12:42:44,2021-04-23 13:23:51,6 Ave & W 34 St,6364,Central Park W & W 97 St,7538,40.74964,-73.98805,40.79249519495111,-73.96417066463071,casual
1355873,DB0471C9DF1ABA79,docked_bike,2021-04-13 15:35:13,2021-04-13 16:11:02,6 Ave & W 34 St,6364,Central Park W & W 97 St,7538,40.74964,-73.98805,40.79249519495111,-73.96417066463071,member
1355875,3CC05EC62D260F16,docked_bike,2021-04-30 16:09:01,2021-04-30 17:01:22,W 26 St & 10 Ave,6382,Central Park W & W 97 St,7538,40.749717,-74.00295,40.79249519495111,-73.96417066463071,casual
1355876,F944ECB4B20CAF13,docked_bike,2021-04-07 18:49:56,2021-04-07 19:08:13,St. Nicholas Terrace & Convent Ave,7937,Central Park W & W 97 St,7538,40.821294,-73.947868,40.792495,-73.964171,member
1355894,B240FAB5A30D0983,docked_bike,2021-04-23 09:58:57,2021-04-23 10:15:14,6 Ave & W 34 St,6364,Central Park W & W 97 St,7538,40.74964,-73.98805,40.79249519495111,-73.96417066463071,member
1355906,D78A5DC057F847E4,docked_bike,2021-04-24 11:47:30,2021-04-24 12:21:09,6 Ave & W 34 St,6364,Central Park W & W 97 St,7538,40.74964,-73.98805,40.79249519495111,-73.96417066463071,member
1355950,9C197C9D3D432CD5,docked_bike,2021-04-27 18:32:59,2021-04-27 18:42:10,West End Ave & W 107 St,7650,Central Park W & W 97 St,7538,40.802117,-73.96818,40.79249519495111,-73.96417066463071,member
1355951,CA833CB0BB644E49,docked_bike,2021-04-30 10:41:16,2021-04-30 10:48:01,West End Ave & W 107 St,7650,Central Park W & W 97 St,7538,40.802117,-73.96818,40.79249519495111,-73.96417066463071,member
1355953,5F4D2528BDA7CC34,docked_bike,2021-04-09 12:34:36,2021-04-09 12:40:44,W 84 St & Columbus Ave,7382,Central Park W & W 97 St,7538,40.784999,-73.972834,40.79249519495111,-73.96417066463071,member
1355956,9736C1112D078CB3,docked_bike,2021-04-13 13:58:47,2021-04-13 14:05:09,West End Ave & W 107 St,7650,Central Park W & W 97 St,7538,40.802117,-73.96818,40.79249519495111,-73.96417066463071,member
1355958,7596A6B83312F756,docked_bike,2021-04-17 14:38:54,2021-04-17 14:45:31,W 84 St & Columbus Ave,7382,Central Park W & W 97 St,7538,40.784999,-73.972834,40.79249519495111,-73.96417066463071,casual
1355960,CAF6574CAF8FAA96,docked_bike,2021-04-10 09:11:18,2021-04-10 09:16:43,W 84 St & Columbus Ave,7382,Central Park W & W 97 St,7538,40.784999,-73.972834,40.79249519495111,-73.96417066463071,casual
1355984,93E7D8E17D97E287,docked_bike,2021-04-27 16:12:23,2021-04-27 16:18:06,W 84 St & Columbus Ave,7382,Central Park W & W 97 St,7538,40.784999,-73.972834,40.79249519495111,-73.96417066463071,casual
1355999,3696F4B3951850CC,docked_bike,2021-04-23 18:25:24,2021-04-23 18:38:02,5 Ave & E 78 St,7161,Central Park W & W 97 St,7538,40.776321,-73.964273,40.79249519495111,-73.96417066463071,member
1356003,0CAF4ED546441043,docked_bike,2021-04-16 11:10:27,2021-04-16 11:37:13,5 Ave & E 78 St,7161,Central Park W & W 97 St,7538,40.776321,-73.964273,40.79249519495111,-73.96417066463071,casual
1356009,CAECE36AD13CAE32,docked_bike,2021-04-26 13:38:17,2021-04-26 13:56:20,5 Ave & E 78 St,7161,Central Park W & W 97 St,7538,40.776321,-73.964273,40.79249519495111,-73.96417066463071,member
1356010,71808C56E9521357,docked_bike,2021-04-23 16:16:27,2021-04-23 16:49:42,Riverside Dr & W 72 St,7288,Central Park W & W 97 St,7538,40.780577,-73.985624,40.79249519495111,-73.96417066463071,member
1356012,5D2484DA49076E96,docked_bike,2021-04-13 09:54:45,2021-04-13 10:10:49,Riverside Dr & W 72 St,7288,Central Park W & W 97 St,7538,40.780578,-73.985624,40.792495,-73.964171,member
1356016,ECC1A6DB45296400,docked_bike,2021-04-25 15:19:42,2021-04-25 15:46:45,W 20 St & 7 Ave,6182,Central Park W & W 97 St,7538,40.742387,-73.997262,40.79249519495111,-73.96417066463071,member
1356017,200B22C09055658C,docked_bike,2021-04-24 16:59:24,2021-04-24 17:18:34,5 Ave & E 78 St,7161,Central Park W & W 97 St,7538,40.776321,-73.964273,40.79249519495111,-73.96417066463071,member
1356018,078BFC6C5CEDEFF6,docked_bike,2021-04-08 18:46:31,2021-04-08 19:03:04,West End Ave & W 107 St,7650,Central Park W & W 97 St,7538,40.802117,-73.96818,40.79249519495111,-73.96417066463071,member
1356019,1F210B64C50B11C5,docked_bike,2021-04-04 13:27:42,2021-04-04 13:34:22,W 84 St & Columbus Ave,7382,Central Park W & W 97 St,7538,40.784999,-73.972834,40.79249519495111,-73.96417066463071,member
1356031,4DB30398D6E4BFF2,docked_bike,2021-04-10 11:10:54,2021-04-10 11:16:47,W 84 St & Columbus Ave,7382,Central Park W & W 97 St,7538,40.784999,-73.972834,40.79249519495111,-73.96417066463071,casual
1356032,47BA0B02219AD88D,docked_bike,2021-04-17 17:45:14,2021-04-17 17:52:51,W 84 St & Columbus Ave,7382,Central Park W & W 97 St,7538,40.784999,-73.972834,40.79249519495111,-73.96417066463071,member
1356033,C45F508C12EDD56B,docked_bike,2021-04-29 10:59:15,2021-04-29 11:09:36,W 84 St & Columbus Ave,7382,Central Park W & W 97 St,7538,40.784999,-73.972834,40.79249519495111,-73.96417066463071,member
1356034,63882B6FB55D2586,docked_bike,2021-04-04 19:33:44,2021-04-04 19:41:32,W 84 St & Columbus Ave,7382,Central Park W & W 97 St,7538,40.784999,-73.972834,40.79249519495111,-73.96417066463071,member
1356035,AFABD2078C327A46,docked_bike,2021-04-29 13:38:47,2021-04-29 13:45:00,W 84 St & Columbus Ave,7382,Central Park W & W 97 St,7538,40.784999,-73.972834,40.79249519495111,-73.96417066463071,member
1356062,B641088D28C7D6C0,docked_bike,2021-04-26 16:17:09,2021-04-26 17:32:56,West End Ave & W 107 St,7650,Central Park W & W 97 St,7538,40.802117,-73.96818,40.79249519495111,-73.96417066463071,member
1356065,7B9829E3117293A0,docked_bike,2021-04-06 14:04:07,2021-04-06 14:09:19,W 84 St & Columbus Ave,7382,Central Park W & W 97 St,7538,40.784999,-73.972834,40.79249519495111,-73.96417066463071,member
1356067,FC5E7B50B82D1C61,docked_bike,2021-04-28 10:47:35,2021-04-28 10:51:51,W 84 St & Columbus Ave,7382,Central Park W & W 97 St,7538,40.784999,-73.972834,40.79249519495111,-73.96417066463071,member
1356068,8E3611F0BF378697,docked_bike,2021-04-17 12:10:49,2021-04-17 12:16:17,W 84 St & Columbus Ave,7382,Central Park W & W 97 St,7538,40.784999,-73.972834,40.79249519495111,-73.96417066463071,casual
1356070,EDCEB8DC9A8787FA,docked_bike,2021-04-28 18:05:24,2021-04-28 18:47:22,Montague St & Clinton St,4677,Central Park W & W 97 St,7538,40.694281,-73.9923,40.79249519495111,-73.96417066463071,member
1356073,6C701FF6379F33BB,docked_bike,2021-04-14 12:40:01,2021-04-14 12:49:00,W 84 St & Columbus Ave,7382,Central Park W & W 97 St,7538,40.784999,-73.972834,40.79249519495111,-73.96417066463071,casual
1356075,67DFE59399179319,docked_bike,2021-04-07 21:52:14,2021-04-07 21:59:04,W 84 St & Columbus Ave,7382,Central Park W & W 97 St,7538,40.784999,-73.972834,40.79249519495111,-73.96417066463071,member
1356076,4E259537B3955F8D,docked_bike,2021-04-23 16:01:38,2021-04-23 16:18:20,Pleasant Ave & E 120 St,7579,Central Park W & W 97 St,7538,40.797477,-73.931184,40.79249519495111,-73.96417066463071,casual
1356080,A632DBA5B1C4A183,docked_bike,2021-04-19 15:51:53,2021-04-19 16:03:22,W 84 St & Columbus Ave,7382,Central Park W & W 97 St,7538,40.784999,-73.972834,40.79249519495111,-73.96417066463071,member
1356086,D3C5B1568200F32B,docked_bike,2021-04-10 16:09:37,2021-04-10 16:25:43,West End Ave & W 107 St,7650,Central Park W & W 97 St,7538,40.802117,-73.96818,40.79249519495111,-73.96417066463071,casual
1356087,B39BA6F2D5F28F42,docked_bike,2021-04-19 11:02:35,2021-04-19 11:07:29,W 84 St & Columbus Ave,7382,Central Park W & W 97 St,7538,40.785,-73.972834,40.792495,-73.964171,member
1356088,06A95132C80074FD,docked_bike,2021-04-16 10:14:29,2021-04-16 10:18:44,W 84 St & Columbus Ave,7382,Central Park W & W 97 St,7538,40.784999,-73.972834,40.79249519495111,-73.96417066463071,member
1356089,D9A278A129030BA5,docked_bike,2021-04-24 13:20:44,2021-04-24 13:27:43,West End Ave & W 107 St,7650,Central Park W & W 97 St,7538,40.802117,-73.96818,40.79249519495111,-73.96417066463071,member
1356090,51DAC25B83CA172B,docked_bike,2021-04-03 13:40:18,2021-04-03 13:49:21,West End Ave & W 107 St,7650,Central Park W & W 97 St,7538,40.802117,-73.968181,40.792495,-73.964171,member
1356092,D8720707ECC08B33,docked_bike,2021-04-18 13:11:40,2021-04-18 13:18:15,W 84 St & Columbus Ave,7382,Central Park W & W 97 St,7538,40.784999,-73.972834,40.79249519495111,-73.96417066463071,member
1356095,03784A43F3FD9839,docked_bike,2021-04-04 11:47:35,2021-04-04 11:52:04,W 84 St & Columbus Ave,7382,Central Park W & W 97 St,7538,40.784999,-73.972834,40.79249519495111,-73.96417066463071,member
1356097,2FA2C1073BA5211B,docked_bike,2021-04-09 10:51:28,2021-04-09 10:58:24,W 84 St & Columbus Ave,7382,Central Park W & W 97 St,7538,40.784999,-73.972834,40.79249519495111,-73.96417066463071,member
1356111,856428C598D1F7F1,docked_bike,2021-04-09 15:21:35,2021-04-09 16:27:29,W 49 St & 8 Ave,6747,Central Park W & W 97 St,7538,40.762272,-73.987882,40.79249519495111,-73.96417066463071,member
1356119,D563E6B2D631FB59,docked_bike,2021-04-05 20:02:34,2021-04-05 20:33:34,W 49 St & 8 Ave,6747,Central Park W & W 97 St,7538,40.762272,-73.987882,40.79249519495111,-73.96417066463071,member
1356121,CC5B86B5E2452151,docked_bike,2021-04-28 06:22:51,2021-04-28 06:34:19,W 49 St & 8 Ave,6747,Central Park W & W 97 St,7538,40.762272,-73.987882,40.79249519495111,-73.96417066463071,casual
1356127,2031F6AB324ACA7E,docked_bike,2021-04-05 17:35:40,2021-04-05 17:41:57,W 84 St & Columbus Ave,7382,Central Park W & W 97 St,7538,40.784999,-73.972834,40.79249519495111,-73.96417066463071,casual
1356132,A67E1F535774B97E,docked_bike,2021-04-13 19:18:00,2021-04-13 19:48:09,W 84 St & Columbus Ave,7382,Central Park W & W 97 St,7538,40.784999,-73.972834,40.79249519495111,-73.96417066463071,member
1356133,D3E2FF6BA9309BB4,docked_bike,2021-04-17 11:31:51,2021-04-17 11:37:58,W 84 St & Columbus Ave,7382,Central Park W & W 97 St,7538,40.784999,-73.972834,40.79249519495111,-73.96417066463071,member
1356134,725FECE1956F8D8D,docked_bike,2021-04-29 10:54:00,2021-04-29 11:00:04,W 84 St & Columbus Ave,7382,Central Park W & W 97 St,7538,40.784999,-73.972834,40.79249519495111,-73.96417066463071,casual
1356142,0CB4617356A7205D,docked_bike,2021-04-19 21:19:05,2021-04-19 22:04:35,W 49 St & 8 Ave,6747,Central Park W & W 97 St,7538,40.762272,-73.987882,40.79249519495111,-73.96417066463071,casual
1356153,D2CFAFBFBE6AB5B9,docked_bike,2021-04-10 23:46:40,2021-04-11 00:27:32,W 49 St & 8 Ave,6747,Central Park W & W 97 St,7538,40.762272,-73.987882,40.79249519495111,-73.96417066463071,casual
1356160,62A7387102F91123,docked_bike,2021-04-23 15:43:35,2021-04-23 16:02:18,E 81 St & 3 Ave,7154,Central Park W & W 97 St,7538,40.77573,-73.956752,40.79249519495111,-73.96417066463071,member
1356170,A143773C26AEBF5F,docked_bike,2021-04-05 20:02:11,2021-04-05 20:33:37,W 49 St & 8 Ave,6747,Central Park W & W 97 St,7538,40.762272,-73.987882,40.792495,-73.964171,casual
1356173,6242D637253EC37A,docked_bike,2021-04-27 17:18:07,2021-04-27 17:26:00,West End Ave & W 107 St,7650,Central Park W & W 97 St,7538,40.802117,-73.96818,40.79249519495111,-73.96417066463071,member
1356175,A0E2F69BE4875FBD,docked_bike,2021-04-30 17:51:59,2021-04-30 17:55:52,W 84 St & Columbus Ave,7382,Central Park W & W 97 St,7538,40.784999,-73.972834,40.79249519495111,-73.96417066463071,member
1356178,3C59773E03CE5A06,docked_bike,2021-04-08 16:58:47,2021-04-08 17:03:51,W 84 St & Columbus Ave,7382,Central Park W & W 97 St,7538,40.784999,-73.972834,40.79249519495111,-73.96417066463071,member
1356179,77C43FECF9A85180,docked_bike,2021-04-18 09:51:43,2021-04-18 09:58:47,West End Ave & W 107 St,7650,Central Park W & W 97 St,7538,40.802117,-73.96818,40.79249519495111,-73.96417066463071,member
1356215,72C8254466F4235B,docked_bike,2021-04-13 20:20:21,2021-04-13 21:15:59,W 49 St & 8 Ave,6747,Central Park W & W 97 St,7538,40.762272,-73.987882,40.79249519495111,-73.96417066463071,member
1356237,720167F5F38EDB63,docked_bike,2021-04-28 07:44:43,2021-04-28 07:55:37,Amsterdam Ave & W 66 St,7149,Central Park W & W 97 St,7538,40.774667,-73.984705,40.79249519495111,-73.96417066463071,member
1356238,F74148A331FC2E54,docked_bike,2021-04-27 14:10:37,2021-04-27 14:34:55,Morris Ave & E 163 St,8036,Central Park W & W 97 St,7538,40.82723,-73.917655,40.79249519495111,-73.96417066463071,member
1356240,B431E7280680DEF4,docked_bike,2021-04-27 11:50:31,2021-04-27 12:02:42,Amsterdam Ave & W 66 St,7149,Central Park W & W 97 St,7538,40.774667,-73.984705,40.79249519495111,-73.96417066463071,member
1356245,6C110C47FBB835CD,docked_bike,2021-04-06 07:20:17,2021-04-06 07:31:07,1 Ave & E 94 St,7286,Central Park W & W 97 St,7538,40.781721,-73.94594,40.79249519495111,-73.96417066463071,member
1356248,802BA7FCDE11501B,docked_bike,2021-04-17 09:40:42,2021-04-17 09:51:03,Amsterdam Ave & W 73 St,7260,Central Park W & W 97 St,7538,40.779668,-73.98093,40.79249519495111,-73.96417066463071,member
1356254,B51315ACA4A2480B,docked_bike,2021-04-18 17:39:07,2021-04-18 17:50:06,Amsterdam Ave & W 73 St,7260,Central Park W & W 97 St,7538,40.779668,-73.98093,40.79249519495111,-73.96417066463071,casual
1356255,548B68C8CC784F66,docked_bike,2021-04-04 10:21:58,2021-04-04 10:48:31,Amsterdam Ave & W 73 St,7260,Central Park W & W 97 St,7538,40.779668,-73.98093,40.79249519495111,-73.96417066463071,member
1356257,0D4C7936204FA68F,docked_bike,2021-04-14 23:20:27,2021-04-14 23:36:42,E 98 St & Park Ave,7443,Central Park W & W 97 St,7538,40.78813,-73.95206,40.79249519495111,-73.96417066463071,casual
1356285,C642A6CDFD880A64,docked_bike,2021-04-05 16:49:28,2021-04-05 17:11:51,E 118 St & 3 Ave,7611,Central Park W & W 97 St,7538,40.799139,-73.938915,40.79249519495111,-73.96417066463071,casual
1356300,E1BC4AC356C94647,docked_bike,2021-04-05 11:31:00,2021-04-05 11:52:38,W 49 St & 8 Ave,6747,Central Park W & W 97 St,7538,40.762272,-73.987882,40.79249519495111,-73.96417066463071,member
1356304,D979E888C1AE3298,docked_bike,2021-04-25 16:21:19,2021-04-25 17:08:10,W 67 St & Broadway,7116,Central Park W & W 97 St,7538,40.774925,-73.982665,40.79249519495111,-73.96417066463071,member
1356309,C5697379BA7F4B57,docked_bike,2021-04-14 07:47:39,2021-04-14 07:56:50,W 67 St & Broadway,7116,Central Park W & W 97 St,7538,40.774925,-73.982665,40.79249519495111,-73.96417066463071,member
1356310,75D57095FD68AC2E,docked_bike,2021-04-27 06:13:35,2021-04-27 06:22:05,Amsterdam Ave & W 66 St,7149,Central Park W & W 97 St,7538,40.774667,-73.984705,40.79249519495111,-73.96417066463071,member
1356311,9FE92E5C2BA2139A,docked_bike,2021-04-06 18:08:23,2021-04-06 18:19:53,Amsterdam Ave & W 66 St,7149,Central Park W & W 97 St,7538,40.774667,-73.984705,40.79249519495111,-73.96417066463071,member
1356313,BDB29A41101711CF,docked_bike,2021-04-05 16:01:52,2021-04-05 16:09:05,1 Ave & E 94 St,7286,Central Park W & W 97 St,7538,40.781721,-73.94594,40.79249519495111,-73.96417066463071,member
1356314,AEEB10B5BB265153,docked_bike,2021-04-05 18:53:11,2021-04-05 19:26:22,W 67 St & Broadway,7116,Central Park W & W 97 St,7538,40.774925,-73.982665,40.79249519495111,-73.96417066463071,member
1356315,9150629D87E224C0,docked_bike,2021-04-28 12:53:53,2021-04-28 13:18:43,W 67 St & Broadway,7116,Central Park W & W 97 St,7538,40.774925,-73.982665,40.79249519495111,-73.96417066463071,member
1356316,0CD61EB61D632FC9,docked_bike,2021-04-13 11:53:47,2021-04-13 12:04:53,W 67 St & Broadway,7116,Central Park W & W 97 St,7538,40.774925,-73.982665,40.79249519495111,-73.96417066463071,member
1356317,A5B064560CE91198,docked_bike,2021-04-19 16:53:29,2021-04-19 17:36:13,Amsterdam Ave & W 73 St,7260,Central Park W & W 97 St,7538,40.779668,-73.98093,40.79249519495111,-73.96417066463071,member
1356319,5A5216F47F5EDE62,docked_bike,2021-04-16 19:04:35,2021-04-16 19:14:37,W 67 St & Broadway,7116,Central Park W & W 97 St,7538,40.774925,-73.982665,40.79249519495111,-73.96417066463071,member
1356321,DCFE7B51F0F48D31,docked_bike,2021-04-20 16:12:21,2021-04-20 16:22:26,1 Ave & E 94 St,7286,Central Park W & W 97 St,7538,40.781721,-73.94594,40.79249519495111,-73.96417066463071,member
1356324,E188791FFA1AE141,docked_bike,2021-04-10 09:39:56,2021-04-10 09:54:33,Amsterdam Ave & W 73 St,7260,Central Park W & W 97 St,7538,40.779668,-73.98093,40.79249519495111,-73.96417066463071,member
1356325,DF1B6DEC0AB4C7EF,docked_bike,2021-04-30 09:37:42,2021-04-30 09:52:44,Amsterdam Ave & W 73 St,7260,Central Park W & W 97 St,7538,40.779668,-73.98093,40.79249519495111,-73.96417066463071,member
1356326,765D5865BD4B21D0,docked_bike,2021-04-26 15:07:47,2021-04-26 15:16:42,Amsterdam Ave & W 73 St,7260,Central Park W & W 97 St,7538,40.779668,-73.98093,40.79249519495111,-73.96417066463071,member
1356327,68D2E45A00BB7594,docked_bike,2021-04-24 14:36:13,2021-04-24 14:45:29,Amsterdam Ave & W 73 St,7260,Central Park W & W 97 St,7538,40.779668,-73.98093,40.79249519495111,-73.96417066463071,member
1356331,347DE08AAF561D98,docked_bike,2021-04-17 14:03:54,2021-04-17 14:19:57,Amsterdam Ave & W 73 St,7260,Central Park W & W 97 St,7538,40.779668,-73.98093,40.79249519495111,-73.96417066463071,casual
1356335,209572F5ACEA8DD1,docked_bike,2021-04-25 13:18:36,2021-04-25 13:31:09,W 67 St & Broadway,7116,Central Park W & W 97 St,7538,40.774925,-73.982665,40.79249519495111,-73.96417066463071,casual
1356336,5E80A2710A084491,docked_bike,2021-04-27 14:51:00,2021-04-27 15:08:11,W 67 St & Broadway,7116,Central Park W & W 97 St,7538,40.774925,-73.982665,40.79249519495111,-73.96417066463071,member
1356338,EFBEB43C793D9889,docked_bike,2021-04-03 09:37:03,2021-04-03 09:46:34,Amsterdam Ave & W 66 St,7149,Central Park W & W 97 St,7538,40.774667,-73.984705,40.79249519495111,-73.96417066463071,member
1356339,42BB59B2DDB3D9B7,docked_bike,2021-04-18 10:03:28,2021-04-18 10:12:04,1 Ave & E 94 St,7286,Central Park W & W 97 St,7538,40.781721,-73.94594,40.79249519495111,-73.96417066463071,member
1356340,0FCD64C8ADA8B7A4,docked_bike,2021-04-23 13:37:46,2021-04-23 13:55:55,Amsterdam Ave & W 66 St,7149,Central Park W & W 97 St,7538,40.774667,-73.984705,40.79249519495111,-73.96417066463071,member
1356342,75FCA5FEA0207552,docked_bike,2021-04-30 17:03:33,2021-04-30 17:20:42,Amsterdam Ave & W 73 St,7260,Central Park W & W 97 St,7538,40.779668,-73.98093,40.79249519495111,-73.96417066463071,member
1356348,52A0CFCBD9AB748F,docked_bike,2021-04-27 17:44:25,2021-04-27 17:57:17,Amsterdam Ave & W 73 St,7260,Central Park W & W 97 St,7538,40.779668,-73.98093,40.79249519495111,-73.96417066463071,member
1356352,B712B1AFD6270ACE,docked_bike,2021-04-18 17:39:11,2021-04-18 17:50:03,Amsterdam Ave & W 73 St,7260,Central Park W & W 97 St,7538,40.779668,-73.98093,40.79249519495111,-73.96417066463071,member
1356356,CD8464FFFB1242DB,docked_bike,2021-04-28 13:47:22,2021-04-28 13:53:52,E 98 St & Park Ave,7443,Central Park W & W 97 St,7538,40.78813,-73.95206,40.79249519495111,-73.96417066463071,member
1356359,9FB466569E535888,docked_bike,2021-04-08 17:16:26,2021-04-08 17:38:47,1 Ave & E 94 St,7286,Central Park W & W 97 St,7538,40.781721,-73.94594,40.79249519495111,-73.96417066463071,casual
1356362,8E8EE14CCF169D25,docked_bike,2021-04-23 14:15:35,2021-04-23 14:26:09,1 Ave & E 94 St,7286,Central Park W & W 97 St,7538,40.781721,-73.94594,40.79249519495111,-73.96417066463071,member
1356363,AAB22A765B2DC0A8,docked_bike,2021-04-22 09:19:56,2021-04-22 09:29:03,1 Ave & E 94 St,7286,Central Park W & W 97 St,7538,40.781721,-73.94594,40.79249519495111,-73.96417066463071,member
1356372,E014FA5F5C7D47FE,docked_bike,2021-04-23 17:38:41,2021-04-23 17:48:00,Amsterdam Ave & W 73 St,7260,Central Park W & W 97 St,7538,40.779668,-73.98093,40.79249519495111,-73.96417066463071,casual
1356373,039BB56C5E63903D,docked_bike,2021-04-08 16:31:53,2021-04-08 16:41:23,Amsterdam Ave & W 73 St,7260,Central Park W & W 97 St,7538,40.779668,-73.98093,40.79249519495111,-73.96417066463071,member
1356374,A790C33420AFEF52,docked_bike,2021-04-18 14:39:31,2021-04-18 14:52:28,W 67 St & Broadway,7116,Central Park W & W 97 St,7538,40.774925,-73.982665,40.79249519495111,-73.96417066463071,casual
1356375,7745A2A89D7B5E5A,docked_bike,2021-04-17 14:43:03,2021-04-17 14:57:19,W 67 St & Broadway,7116,Central Park W & W 97 St,7538,40.774925,-73.982665,40.79249519495111,-73.96417066463071,member
1356376,5CEA12526B689578,docked_bike,2021-04-10 11:32:03,2021-04-10 11:43:46,Amsterdam Ave & W 73 St,7260,Central Park W & W 97 St,7538,40.779668,-73.98093,40.79249519495111,-73.96417066463071,member
1356377,9F1AB074F393CF3F,docked_bike,2021-04-24 13:54:28,2021-04-24 14:21:14,Morris Ave & E 163 St,8036,Central Park W & W 97 St,7538,40.82723,-73.917655,40.79249519495111,-73.96417066463071,member
1356381,F6D706F62070D5BB,docked_bike,2021-04-17 09:14:18,2021-04-17 09:26:46,Amsterdam Ave & W 73 St,7260,Central Park W & W 97 St,7538,40.779668,-73.98093,40.79249519495111,-73.96417066463071,member
1356382,431CAE1241CFF23F,docked_bike,2021-04-24 09:05:17,2021-04-24 09:18:14,Amsterdam Ave & W 73 St,7260,Central Park W & W 97 St,7538,40.779668,-73.98093,40.79249519495111,-73.96417066463071,member
1356384,2FCDE0F10E1DE1BB,docked_bike,2021-04-17 16:27:16,2021-04-17 16:43:46,1 Ave & E 94 St,7286,Central Park W & W 97 St,7538,40.781721,-73.94594,40.79249519495111,-73.96417066463071,member
1356388,19855A8938A63993,docked_bike,2021-04-01 14:37:51,2021-04-01 14:45:23,Amsterdam Ave & W 73 St,7260,Central Park W & W 97 St,7538,40.779668,-73.98093,40.79249519495111,-73.96417066463071,member
1356389,93B44A3559FD97E6,docked_bike,2021-04-06 19:03:56,2021-04-06 19:28:04,Amsterdam Ave & W 73 St,7260,Central Park W & W 97 St,7538,40.779668,-73.98093,40.79249519495111,-73.96417066463071,member
1356392,5470285A206A32DF,docked_bike,2021-04-28 19:43:37,2021-04-28 19:49:52,E 98 St & Park Ave,7443,Central Park W & W 97 St,7538,40.78813,-73.95206,40.79249519495111,-73.96417066463071,member
1356395,31DAEB4AE150EA2F,docked_bike,2021-04-27 15:48:37,2021-04-27 16:01:43,W 67 St & Broadway,7116,Central Park W & W 97 St,7538,40.774925,-73.982665,40.79249519495111,-73.96417066463071,member
1356397,C48724834A290F9A,docked_bike,2021-04-29 22:37:30,2021-04-29 22:46:26,Amsterdam Ave & W 66 St,7149,Central Park W & W 97 St,7538,40.774667,-73.984705,40.79249519495111,-73.96417066463071,member
1356400,F9DF0BF740433E3B,docked_bike,2021-04-02 18:45:08,2021-04-02 18:56:47,Amsterdam Ave & W 73 St,7260,Central Park W & W 97 St,7538,40.779668,-73.98093,40.79249519495111,-73.96417066463071,member
1356402,490C01D2FFA303DA,docked_bike,2021-04-25 16:21:33,2021-04-25 17:08:53,W 67 St & Broadway,7116,Central Park W & W 97 St,7538,40.774925,-73.982665,40.79249519495111,-73.96417066463071,member
1356404,A05BFACD0B3EAF6E,docked_bike,2021-04-13 13:47:22,2021-04-13 13:51:17,E 98 St & Park Ave,7443,Central Park W & W 97 St,7538,40.78813,-73.95206,40.79249519495111,-73.96417066463071,member
1356405,E02377BB1BD26A06,docked_bike,2021-04-11 09:22:45,2021-04-11 09:33:02,Amsterdam Ave & W 73 St,7260,Central Park W & W 97 St,7538,40.779668,-73.98093,40.79249519495111,-73.96417066463071,member
1356408,40C0AC14A72A3610,docked_bike,2021-04-14 10:40:37,2021-04-14 10:51:15,E 98 St & Park Ave,7443,Central Park W & W 97 St,7538,40.78813,-73.95206,40.79249519495111,-73.96417066463071,member
1356416,DA9AAB03505B4EDF,docked_bike,2021-04-10 22:13:19,2021-04-10 22:20:53,E 98 St & Park Ave,7443,Central Park W & W 97 St,7538,40.78813,-73.95206,40.79249519495111,-73.96417066463071,member
1356417,B386E63C6E3A574E,docked_bike,2021-04-04 09:51:32,2021-04-04 10:04:17,Amsterdam Ave & W 73 St,7260,Central Park W & W 97 St,7538,40.779668,-73.98093,40.792495,-73.964171,member
1356419,126B4636D733CEDC,docked_bike,2021-04-28 16:18:22,2021-04-28 16:28:40,Amsterdam Ave & W 73 St,7260,Central Park W & W 97 St,7538,40.779668,-73.98093,40.79249519495111,-73.96417066463071,member
1356426,10EA2C2E69C3B836,docked_bike,2021-04-15 10:13:45,2021-04-15 10:27:35,E 98 St & Park Ave,7443,Central Park W & W 97 St,7538,40.78813,-73.95206,40.79249519495111,-73.96417066463071,casual
1356429,BBD9FB3A3C672589,docked_bike,2021-04-13 17:57:26,2021-04-13 18:03:38,E 98 St & Park Ave,7443,Central Park W & W 97 St,7538,40.78813,-73.95206,40.79249519495111,-73.96417066463071,member
1356435,480E760CD91E8D13,docked_bike,2021-04-18 10:04:32,2021-04-18 10:18:30,Amsterdam Ave & W 73 St,7260,Central Park W & W 97 St,7538,40.779668,-73.98093,40.79249519495111,-73.96417066463071,member
1356440,6D97FD2A8EB27CEC,docked_bike,2021-04-03 15:43:23,2021-04-03 15:51:12,W 84 St & Columbus Ave,7382,Central Park W & W 97 St,7538,40.785,-73.972834,40.792495,-73.964171,member
1356442,882FD210D2640A5B,docked_bike,2021-04-01 17:50:16,2021-04-01 17:57:24,E 98 St & Park Ave,7443,Central Park W & W 97 St,7538,40.78813,-73.95206,40.79249519495111,-73.96417066463071,member
1356452,9919B04BFE3BBE96,docked_bike,2021-04-14 16:16:08,2021-04-14 16:32:33,Amsterdam Ave & W 73 St,7260,Central Park W & W 97 St,7538,40.779668,-73.98093,40.79249519495111,-73.96417066463071,member
1356453,7C0D8E25CC532D51,docked_bike,2021-04-07 07:45:19,2021-04-07 07:54:14,W 67 St & Broadway,7116,Central Park W & W 97 St,7538,40.774925,-73.982665,40.79249519495111,-73.96417066463071,member
1356459,1C9289395346A7EF,docked_bike,2021-04-23 08:35:17,2021-04-23 08:48:11,Amsterdam Ave & W 73 St,7260,Central Park W & W 97 St,7538,40.779668,-73.98093,40.79249519495111,-73.96417066463071,member
1356461,01102B0C33FD8EF2,docked_bike,2021-04-20 23:51:15,2021-04-21 00:48:41,W 41 St & 8 Ave,6602,Central Park W & W 97 St,7538,40.756405,-73.990026,40.79249519495111,-73.96417066463071,casual
1356462,3A2EDBE858B868E5,docked_bike,2021-04-18 14:15:09,2021-04-18 15:02:30,Riverside Dr & W 91 St,7524,Central Park W & W 97 St,7538,40.793134,-73.977003,40.79249519495111,-73.96417066463071,member
1356463,700DC1F53C6483BF,docked_bike,2021-04-26 16:27:38,2021-04-26 16:55:39,W 41 St & 8 Ave,6602,Central Park W & W 97 St,7538,40.756405,-73.990026,40.79249519495111,-73.96417066463071,member
1356466,2FF6CB925FB6E2B8,docked_bike,2021-04-07 17:57:32,2021-04-07 18:22:53,W 41 St & 8 Ave,6602,Central Park W & W 97 St,7538,40.756405,-73.990026,40.79249519495111,-73.96417066463071,member
1356467,2AF39FCE166B918B,docked_bike,2021-04-17 09:17:43,2021-04-17 09:27:32,Riverside Dr & W 91 St,7524,Central Park W & W 97 St,7538,40.793134,-73.977003,40.79249519495111,-73.96417066463071,member
1356468,594F6B92FB107CA9,docked_bike,2021-04-06 14:07:11,2021-04-06 14:22:21,7 Ave & Central Park South,6912,Central Park W & W 97 St,7538,40.76674,-73.979068,40.79249519495111,-73.96417066463071,member
1356470,413D2531A7B9DED7,docked_bike,2021-04-29 17:24:12,2021-04-29 18:09:45,7 Ave & Central Park South,6912,Central Park W & W 97 St,7538,40.76674,-73.979068,40.79249519495111,-73.96417066463071,casual
1356471,A127A7EF2059CB02,docked_bike,2021-04-20 10:24:29,2021-04-20 11:46:01,7 Ave & Central Park South,6912,Central Park W & W 97 St,7538,40.766741,-73.979069,40.792495,-73.964171,casual
1356474,4DC7255F55760B6A,docked_bike,2021-04-24 18:20:24,2021-04-24 18:39:41,7 Ave & Central Park South,6912,Central Park W & W 97 St,7538,40.76674,-73.979068,40.79249519495111,-73.96417066463071,member
1356485,51453E538BC530E3,docked_bike,2021-04-13 18:37:29,2021-04-13 18:54:19,7 Ave & Central Park South,6912,Central Park W & W 97 St,7538,40.76674,-73.979068,40.79249519495111,-73.96417066463071,member
1356496,51D5558519040305,docked_bike,2021-04-24 15:22:28,2021-04-24 16:03:44,W 95 St & Broadway,7541,Central Park W & W 97 St,7538,40.79377,-73.971888,40.79249519495111,-73.96417066463071,member
1356501,E4BB8CC4D24FA5E1,docked_bike,2021-04-16 14:46:58,2021-04-16 14:59:05,E 115 St & Lexington Ave,7599,Central Park W & W 97 St,7538,40.797911,-73.9423,40.79249519495111,-73.96417066463071,member
1356508,3FCE0919E5C60BBF,docked_bike,2021-04-01 06:21:26,2021-04-01 06:30:04,7 Ave & Central Park South,6912,Central Park W & W 97 St,7538,40.76674,-73.979068,40.79249519495111,-73.96417066463071,member
1356512,30F7B9D7F78C806B,docked_bike,2021-04-24 11:57:31,2021-04-24 12:23:57,7 Ave & Central Park South,6912,Central Park W & W 97 St,7538,40.76674,-73.979068,40.79249519495111,-73.96417066463071,casual
1356514,B1A76A7BE3BBED1C,docked_bike,2021-04-06 15:49:12,2021-04-06 16:14:57,7 Ave & Central Park South,6912,Central Park W & W 97 St,7538,40.76674,-73.979068,40.79249519495111,-73.96417066463071,casual
1356516,C3E07D65E29CC4E7,docked_bike,2021-04-14 09:01:34,2021-04-14 09:14:39,7 Ave & Central Park South,6912,Central Park W & W 97 St,7538,40.76674,-73.979068,40.79249519495111,-73.96417066463071,casual
1356518,BFF978D5785285DF,docked_bike,2021-04-15 08:06:53,2021-04-15 08:20:28,7 Ave & Central Park South,6912,Central Park W & W 97 St,7538,40.76674,-73.979068,40.79249519495111,-73.96417066463071,member
1356531,D40DA1A814908E3C,docked_bike,2021-04-04 17:33:13,2021-04-04 18:34:42,7 Ave & Central Park South,6912,Central Park W & W 97 St,7538,40.76674,-73.979068,40.79249519495111,-73.96417066463071,casual
1356532,90C65869244477CD,docked_bike,2021-04-18 15:20:09,2021-04-18 15:43:23,7 Ave & Central Park South,6912,Central Park W & W 97 St,7538,40.76674,-73.979068,40.79249519495111,-73.96417066463071,casual
1356533,E1AE9B477AEDEEC1,docked_bike,2021-04-24 13:43:22,2021-04-24 13:59:28,7 Ave & Central Park South,6912,Central Park W & W 97 St,7538,40.766741,-73.979069,40.792495,-73.964171,casual
1356537,422E85F5DAF5598C,docked_bike,2021-04-08 14:52:30,2021-04-08 15:35:10,7 Ave & Central Park South,6912,Central Park W & W 97 St,7538,40.766741,-73.979069,40.792495,-73.964171,member
1356538,303E07407686CDC5,docked_bike,2021-04-04 17:36:04,2021-04-04 18:35:01,7 Ave & Central Park South,6912,Central Park W & W 97 St,7538,40.76674,-73.979068,40.79249519495111,-73.96417066463071,casual
1356540,C2621D970224DA0C,docked_bike,2021-04-25 19:52:29,2021-04-25 20:20:32,7 Ave & Central Park South,6912,Central Park W & W 97 St,7538,40.766741,-73.979069,40.792495,-73.964171,casual
1356546,0DD81094F6AFF94C,docked_bike,2021-04-09 22:44:46,2021-04-09 22:59:58,7 Ave & Central Park South,6912,Central Park W & W 97 St,7538,40.76674,-73.979068,40.79249519495111,-73.96417066463071,member
1356550,E49037F762EB25F1,docked_bike,2021-04-20 10:23:51,2021-04-20 11:45:58,7 Ave & Central Park South,6912,Central Park W & W 97 St,7538,40.766741,-73.979069,40.792495,-73.964171,casual
1356553,639D19329E6177AB,docked_bike,2021-04-03 16:31:26,2021-04-03 17:08:33,7 Ave & Central Park South,6912,Central Park W & W 97 St,7538,40.76674,-73.979068,40.79249519495111,-73.96417066463071,member
1356554,FEA9C96A1A566521,docked_bike,2021-04-16 11:24:49,2021-04-16 11:46:31,7 Ave & Central Park South,6912,Central Park W & W 97 St,7538,40.76674,-73.979068,40.79249519495111,-73.96417066463071,casual
1356560,DF4AF9D340FDE500,docked_bike,2021-04-02 06:15:26,2021-04-02 06:25:49,7 Ave & Central Park South,6912,Central Park W & W 97 St,7538,40.76674,-73.979068,40.79249519495111,-73.96417066463071,member
1356569,037B8BA93473E5B4,docked_bike,2021-04-06 16:57:04,2021-04-06 17:39:46,7 Ave & Central Park South,6912,Central Park W & W 97 St,7538,40.76674,-73.979068,40.79249519495111,-73.96417066463071,casual
1356571,85D04271A6009A19,docked_bike,2021-04-18 15:17:58,2021-04-18 15:43:27,7 Ave & Central Park South,6912,Central Park W & W 97 St,7538,40.76674,-73.979068,40.79249519495111,-73.96417066463071,casual
1356573,4560CE48B8D4431C,docked_bike,2021-04-24 15:11:50,2021-04-24 15:47:54,7 Ave & Central Park South,6912,Central Park W & W 97 St,7538,40.76674,-73.979068,40.79249519495111,-73.96417066463071,casual
1356574,1339D1AD00DC2634,docked_bike,2021-04-06 12:28:19,2021-04-06 13:06:05,7 Ave & Central Park South,6912,Central Park W & W 97 St,7538,40.76674,-73.979068,40.79249519495111,-73.96417066463071,casual
1356579,2527A2EF1E722349,docked_bike,2021-04-14 15:17:35,2021-04-14 16:07:41,7 Ave & Central Park South,6912,Central Park W & W 97 St,7538,40.76674,-73.979068,40.79249519495111,-73.96417066463071,casual
1356583,B2C87137A3C0E1E3,docked_bike,2021-04-24 14:46:39,2021-04-24 15:21:14,7 Ave & Central Park South,6912,Central Park W & W 97 St,7538,40.76674,-73.979068,40.79249519495111,-73.96417066463071,casual
1356587,F00215C5FF5A1A65,docked_bike,2021-04-16 11:24:19,2021-04-16 11:46:28,7 Ave & Central Park South,6912,Central Park W & W 97 St,7538,40.76674,-73.979068,40.79249519495111,-73.96417066463071,casual
1356589,5DF58FB82B5980A3,docked_bike,2021-04-17 11:20:54,2021-04-17 11:44:06,7 Ave & Central Park South,6912,Central Park W & W 97 St,7538,40.76674,-73.979068,40.79249519495111,-73.96417066463071,member
1356590,FED926A7091E7507,docked_bike,2021-04-14 15:15:07,2021-04-14 22:14:15,7 Ave & Central Park South,6912,Central Park W & W 97 St,7538,40.76674,-73.979068,40.792495,-73.964171,casual
1356594,FD6AF0A4DD4B5DF4,docked_bike,2021-04-23 19:31:37,2021-04-23 20:04:10,7 Ave & Central Park South,6912,Central Park W & W 97 St,7538,40.76674,-73.979068,40.79249519495111,-73.96417066463071,casual
1356596,ACC14760B704D4D3,docked_bike,2021-04-24 11:54:27,2021-04-24 13:31:07,7 Ave & Central Park South,6912,Central Park W & W 97 St,7538,40.76674,-73.979068,40.79249519495111,-73.96417066463071,casual
1356598,369EDF88F37198C9,docked_bike,2021-04-09 18:35:46,2021-04-09 18:51:32,7 Ave & Central Park South,6912,Central Park W & W 97 St,7538,40.76674,-73.979068,40.79249519495111,-73.96417066463071,member
1356605,9419AC1B93F2D5D4,docked_bike,2021-04-24 11:25:29,2021-04-24 11:44:22,7 Ave & Central Park South,6912,Central Park W & W 97 St,7538,40.76674,-73.979068,40.79249519495111,-73.96417066463071,member
1356608,D8295176E2A1C592,docked_bike,2021-04-06 16:59:31,2021-04-06 17:48:28,7 Ave & Central Park South,6912,Central Park W & W 97 St,7538,40.76674,-73.979068,40.79249519495111,-73.96417066463071,casual
1356613,B401A7891AE5F995,docked_bike,2021-04-05 19:08:28,2021-04-05 19:24:55,7 Ave & Central Park South,6912,Central Park W & W 97 St,7538,40.76674,-73.979068,40.79249519495111,-73.96417066463071,member
1356615,00D446A5CBA42DE7,docked_bike,2021-04-30 13:15:29,2021-04-30 13:51:36,7 Ave & Central Park South,6912,Central Park W & W 97 St,7538,40.76674,-73.979068,40.79249519495111,-73.96417066463071,casual
1356617,692B22BADB3260E3,docked_bike,2021-04-04 17:35:33,2021-04-04 18:34:48,7 Ave & Central Park South,6912,Central Park W & W 97 St,7538,40.76674,-73.979068,40.79249519495111,-73.96417066463071,casual
1356622,BD2D3311AF9CAA90,docked_bike,2021-04-24 11:53:26,2021-04-24 13:33:01,7 Ave & Central Park South,6912,Central Park W & W 97 St,7538,40.76674,-73.979068,40.79249519495111,-73.96417066463071,casual
1356629,DA902530F7B4324B,docked_bike,2021-04-23 19:02:05,2021-04-23 19:15:18,7 Ave & Central Park South,6912,Central Park W & W 97 St,7538,40.76674,-73.979068,40.79249519495111,-73.96417066463071,member
1356655,96563EB5D43D3C1E,docked_bike,2021-04-30 15:59:54,2021-04-30 16:30:43,E 10 St & Avenue A,5659,Central Park W & W 97 St,7538,40.727407,-73.98142,40.79249519495111,-73.96417066463071,member
1356660,35BF6F4AF0CB7F35,docked_bike,2021-04-23 19:32:22,2021-04-23 20:04:11,7 Ave & Central Park South,6912,Central Park W & W 97 St,7538,40.76674,-73.979068,40.79249519495111,-73.96417066463071,casual
1356661,E4C0026EA8516687,docked_bike,2021-04-24 13:05:00,2021-04-24 13:42:20,7 Ave & Central Park South,6912,Central Park W & W 97 St,7538,40.76674,-73.979068,40.79249519495111,-73.96417066463071,casual
1356662,D39A73D049C28051,docked_bike,2021-04-09 18:30:20,2021-04-09 18:43:35,7 Ave & Central Park South,6912,Central Park W & W 97 St,7538,40.76674,-73.979068,40.79249519495111,-73.96417066463071,member
1356673,F1314ED5CCBF52FE,docked_bike,2021-04-20 16:04:04,2021-04-20 16:25:41,6 Ave & W 34 St,6364,Central Park W & W 97 St,7538,40.74964,-73.98805,40.79249519495111,-73.96417066463071,casual
1356681,0A99F16D0F5E5296,docked_bike,2021-04-24 21:00:29,2021-04-24 21:48:20,Mott St & Prince St,5561,Central Park W & W 97 St,7538,40.723179,-73.9948,40.79249519495111,-73.96417066463071,member
1356703,0A04476AD3051575,docked_bike,2021-04-21 00:23:18,2021-04-21 01:08:00,W 181 St & Riverside Dr,8381,Central Park W & W 97 St,7538,40.85168,-73.94186,40.79249519495111,-73.96417066463071,member
1356709,9C10FA0B44CD7D92,docked_bike,2021-04-30 10:35:50,2021-04-30 10:52:19,W 44 St & 5 Ave,6551,Central Park W & W 97 St,7538,40.755002,-73.980144,40.79249519495111,-73.96417066463071,member
1356742,D542051A70876877,docked_bike,2021-04-20 10:21:51,2021-04-20 10:43:50,7 Ave & Central Park South,6912,Central Park W & W 97 St,7538,40.76674,-73.979068,40.79249519495111,-73.96417066463071,member
1356750,CB556BAC20B47EF0,docked_bike,2021-04-03 23:09:07,2021-04-03 23:27:38,7 Ave & Central Park South,6912,Central Park W & W 97 St,7538,40.76674,-73.979068,40.79249519495111,-73.96417066463071,member
1356773,45B3AC5DB9910796,docked_bike,2021-04-21 00:22:51,2021-04-21 01:08:01,W 181 St & Riverside Dr,8381,Central Park W & W 97 St,7538,40.85168,-73.94186,40.79249519495111,-73.96417066463071,member
1356787,BD3FB54317EA481E,docked_bike,2021-04-23 12:42:50,2021-04-23 13:22:58,6 Ave & W 34 St,6364,Central Park W & W 97 St,7538,40.74964,-73.98805,40.79249519495111,-73.96417066463071,casual
1356790,D0A4D1AF330CDCCD,docked_bike,2021-04-22 12:57:54,2021-04-22 13:13:13,W 44 St & 5 Ave,6551,Central Park W & W 97 St,7538,40.755002,-73.980144,40.79249519495111,-73.96417066463071,member
1356808,8649CE0F7E64B275,docked_bike,2021-04-21 11:58:13,2021-04-21 12:13:57,W 44 St & 5 Ave,6551,Central Park W & W 97 St,7538,40.755002,-73.980144,40.79249519495111,-73.96417066463071,member
1356809,D639CAE5D368C8F7,docked_bike,2021-04-18 15:18:37,2021-04-18 15:44:09,Broadway & W 29 St,6289,Central Park W & W 97 St,7538,40.7462,-73.988557,40.79249519495111,-73.96417066463071,member
1356824,572E6C1FAFEF531D,docked_bike,2021-04-06 16:35:51,2021-04-06 17:07:19,W 44 St & 5 Ave,6551,Central Park W & W 97 St,7538,40.755003,-73.980144,40.792495,-73.964171,member
1356829,CE6F94D929C7D642,docked_bike,2021-04-08 02:33:00,2021-04-08 10:57:38,Grand Concourse & E 167 St,8126,Central Park W & W 97 St,7538,40.834263,-73.917641,40.79249519495111,-73.96417066463071,casual
1356841,612A21F4DECA7EA3,docked_bike,2021-04-06 22:30:05,2021-04-06 22:57:19,6 Ave & W 34 St,6364,Central Park W & W 97 St,7538,40.74964,-73.98805,40.79249519495111,-73.96417066463071,member
1356864,1FF4958FF90FBCB9,docked_bike,2021-04-29 19:13:08,2021-04-29 20:06:33,Broadway & W 29 St,6289,Central Park W & W 97 St,7538,40.7462,-73.988557,40.79249519495111,-73.96417066463071,member
1356886,6671AD0C59585F87,docked_bike,2021-04-26 16:46:45,2021-04-26 16:53:20,Adam Clayton Powell Blvd & W 118 St,7670,Central Park W & W 97 St,7538,40.804372,-73.951475,40.79249519495111,-73.96417066463071,member
1356893,4ACA44A91FCD29D2,docked_bike,2021-04-02 13:42:33,2021-04-02 13:53:37,Adam Clayton Powell Blvd & W 130 St,7774,Central Park W & W 97 St,7538,40.812346,-73.946168,40.79249519495111,-73.96417066463071,member
1356910,FFB1D4059E4A9BFC,docked_bike,2021-04-03 18:35:57,2021-04-03 19:18:03,E 6 St & Avenue B,5584,Central Park W & W 97 St,7538,40.724537,-73.981854,40.79249519495111,-73.96417066463071,casual
1356916,525F6FD900147AF7,docked_bike,2021-04-16 21:50:58,2021-04-16 22:14:18,6 Ave & W 34 St,6364,Central Park W & W 97 St,7538,40.74964,-73.98805,40.79249519495111,-73.96417066463071,member
1356926,2954AA91FE64B478,docked_bike,2021-04-19 19:20:37,2021-04-19 19:35:25,Adam Clayton Powell Blvd & W 118 St,7670,Central Park W & W 97 St,7538,40.804372,-73.951475,40.79249519495111,-73.96417066463071,member
1356942,7C9177D56B0EA063,docked_bike,2021-04-25 13:44:55,2021-04-25 13:48:20,W 100 St & Manhattan Ave,7538,Central Park W & W 97 St,7538,40.795,-73.9645,40.79249519495111,-73.96417066463071,casual
1356943,FD1FCAE19D25CC5C,docked_bike,2021-04-07 15:49:52,2021-04-07 16:03:35,Lenox Ave & W 115 St,7627,Central Park W & W 97 St,7538,40.801193,-73.950073,40.79249519495111,-73.96417066463071,member
1356949,BD3F910C9FED27C8,docked_bike,2021-04-13 18:35:36,2021-04-13 18:59:31,W 100 St & Manhattan Ave,7538,2 Ave & E 31 St,6197,40.795,-73.9645,40.74290902,-73.97706058,member
1356951,48F6D727ECDDD213,docked_bike,2021-04-09 13:45:17,2021-04-09 13:46:42,W 100 St & Manhattan Ave,7538,Central Park W & W 97 St,7538,40.795,-73.9645,40.79249519495111,-73.96417066463071,member
1356953,3035AC62F07B06C6,docked_bike,2021-04-27 08:02:46,2021-04-27 08:05:10,W 100 St & Manhattan Ave,7538,Central Park W & W 97 St,7538,40.795,-73.9645,40.79249519495111,-73.96417066463071,casual
1356957,FCDF04821C431A91,docked_bike,2021-04-19 18:48:57,2021-04-19 18:57:19,Lenox Ave & W 111 St,7602,Central Park W & W 97 St,7538,40.798785,-73.9523,40.79249519495111,-73.96417066463071,member
1356958,5AEB85D6ADA714AD,docked_bike,2021-04-30 13:16:22,2021-04-30 13:49:20,7 Ave & Central Park South,6912,Central Park W & W 97 St,7538,40.76674,-73.979068,40.79249519495111,-73.96417066463071,casual
1356960,44151A20E09F333B,docked_bike,2021-04-11 01:09:37,2021-04-11 01:20:34,7 Ave & Central Park South,6912,Central Park W & W 97 St,7538,40.76674,-73.979068,40.79249519495111,-73.96417066463071,member
1356961,B1BA482B24018184,docked_bike,2021-04-16 11:22:41,2021-04-16 11:46:32,7 Ave & Central Park South,6912,Central Park W & W 97 St,7538,40.76674,-73.979068,40.79249519495111,-73.96417066463071,casual
1356963,9E5D13500E1521AD,docked_bike,2021-04-25 19:53:02,2021-04-25 20:20:44,7 Ave & Central Park South,6912,Central Park W & W 97 St,7538,40.766741,-73.979069,40.792495,-73.964171,casual
1356976,DCE5D8ADEF2A0490,docked_bike,2021-04-30 19:17:02,2021-04-30 20:24:29,7 Ave & Central Park South,6912,Central Park W & W 97 St,7538,40.76674,-73.979068,40.79249519495111,-73.96417066463071,casual
1357005,C57776B827530A80,docked_bike,2021-04-20 08:54:23,2021-04-20 09:00:50,Lenox Ave & W 111 St,7602,Central Park W & W 97 St,7538,40.798785,-73.9523,40.79249519495111,-73.96417066463071,member
1357006,1F72EB8DD7EDE6EB,docked_bike,2021-04-08 18:04:30,2021-04-08 18:44:53,6 Ave & Broome St,5610,Central Park W & W 97 St,7538,40.724308,-74.00473,40.79249519495111,-73.96417066463071,member
1357010,AC67BB2CFA082A95,docked_bike,2021-04-25 16:53:10,2021-04-25 17:24:30,7 Ave & Central Park South,6912,Central Park W & W 97 St,7538,40.76674,-73.979068,40.79249519495111,-73.96417066463071,casual
1357013,1336AB51075D0F86,docked_bike,2021-04-24 15:12:22,2021-04-24 15:48:12,7 Ave & Central Park South,6912,Central Park W & W 97 St,7538,40.76674,-73.979068,40.79249519495111,-73.96417066463071,casual
1357017,2665E01EAEFF9310,docked_bike,2021-04-14 15:33:10,2021-04-14 15:55:06,7 Ave & Central Park South,6912,Central Park W & W 97 St,7538,40.76674,-73.979068,40.79249519495111,-73.96417066463071,casual
1357018,C1682485EA6F2220,docked_bike,2021-04-24 13:05:04,2021-04-24 13:42:16,7 Ave & Central Park South,6912,Central Park W & W 97 St,7538,40.76674,-73.979068,40.79249519495111,-73.96417066463071,casual
1357022,DA61B7B097AC08ED,docked_bike,2021-04-24 11:57:38,2021-04-24 12:24:01,7 Ave & Central Park South,6912,Central Park W & W 97 St,7538,40.76674,-73.979068,40.79249519495111,-73.96417066463071,casual
1357025,05C5A04BE3A554D7,docked_bike,2021-04-24 14:47:02,2021-04-24 15:21:06,7 Ave & Central Park South,6912,Central Park W & W 97 St,7538,40.76674,-73.979068,40.79249519495111,-73.96417066463071,casual
1357026,E32F9E04DCF15A8F,docked_bike,2021-04-27 16:20:50,2021-04-27 16:36:25,7 Ave & Central Park South,6912,Central Park W & W 97 St,7538,40.76674,-73.979068,40.79249519495111,-73.96417066463071,member
1357027,84C99BF31ECF8918,docked_bike,2021-04-09 18:56:01,2021-04-09 19:33:45,7 Ave & Central Park South,6912,Central Park W & W 97 St,7538,40.76674,-73.979068,40.79249519495111,-73.96417066463071,member
1357032,B125EB9E50F58F6B,docked_bike,2021-04-14 13:36:25,2021-04-14 13:49:36,Adam Clayton Powell Blvd & W 130 St,7774,Central Park W & W 97 St,7538,40.812346,-73.946168,40.79249519495111,-73.96417066463071,member
1357051,E8DCE70B6CB32F7C,docked_bike,2021-04-10 10:55:54,2021-04-10 11:09:16,Lenox Ave & W 111 St,7602,Central Park W & W 97 St,7538,40.798785,-73.9523,40.79249519495111,-73.96417066463071,casual
1357052,2F34D609E10E78FA,docked_bike,2021-04-21 08:17:50,2021-04-21 08:24:27,Lenox Ave & W 111 St,7602,Central Park W & W 97 St,7538,40.798785,-73.9523,40.79249519495111,-73.96417066463071,member
1357054,91B120AF5AE29F31,docked_bike,2021-04-05 19:01:46,2021-04-05 19:10:49,Lenox Ave & W 111 St,7602,Central Park W & W 97 St,7538,40.798785,-73.9523,40.79249519495111,-73.96417066463071,member
1357060,AC46CE08CA936985,docked_bike,2021-04-04 16:57:04,2021-04-04 17:15:37,Lenox Ave & W 111 St,7602,Central Park W & W 97 St,7538,40.798785,-73.9523,40.79249519495111,-73.96417066463071,member
1357063,C4F6F80123DA7AA3,docked_bike,2021-04-16 18:55:19,2021-04-16 19:01:39,Lenox Ave & W 111 St,7602,Central Park W & W 97 St,7538,40.798785,-73.9523,40.79249519495111,-73.96417066463071,member
1357066,CE3FA28E4066CE14,docked_bike,2021-04-18 14:29:52,2021-04-18 14:46:41,Lenox Ave & W 111 St,7602,Central Park W & W 97 St,7538,40.798785,-73.9523,40.79249519495111,-73.96417066463071,casual
1357069,1D59D6796F6FA225,docked_bike,2021-04-20 19:41:03,2021-04-20 20:26:44,Lenox Ave & W 111 St,7602,Central Park W & W 97 St,7538,40.798785,-73.9523,40.79249519495111,-73.96417066463071,casual
1357070,5A04E0C2CFBF76C9,docked_bike,2021-04-24 15:22:54,2021-04-24 15:28:56,Lenox Ave & W 111 St,7602,Central Park W & W 97 St,7538,40.798785,-73.9523,40.79249519495111,-73.96417066463071,member
1357071,D1CC294C60C27818,docked_bike,2021-04-17 16:16:08,2021-04-17 16:49:32,Lenox Ave & W 111 St,7602,Central Park W & W 97 St,7538,40.798785,-73.9523,40.79249519495111,-73.96417066463071,member
1357072,30A1AE0AF53BE206,docked_bike,2021-04-30 13:10:24,2021-04-30 13:36:54,Lenox Ave & W 111 St,7602,Central Park W & W 97 St,7538,40.798785,-73.9523,40.79249519495111,-73.96417066463071,casual
1357074,81E46807930760BF,docked_bike,2021-04-04 14:25:58,2021-04-04 14:52:29,Lenox Ave & W 111 St,7602,Central Park W & W 97 St,7538,40.798786,-73.9523,40.792495,-73.964171,casual
1357076,478A37EB2A54FE22,docked_bike,2021-04-21 18:07:49,2021-04-21 18:28:00,Lenox Ave & W 111 St,7602,Central Park W & W 97 St,7538,40.798785,-73.9523,40.79249519495111,-73.96417066463071,member
1357077,7758DCBEB52FBC45,docked_bike,2021-04-14 12:14:09,2021-04-14 12:21:02,Lenox Ave & W 111 St,7602,Central Park W & W 97 St,7538,40.798785,-73.9523,40.79249519495111,-73.96417066463071,member
1357079,2A89A567322740D5,docked_bike,2021-04-04 15:45:10,2021-04-04 16:23:54,Lenox Ave & W 111 St,7602,Central Park W & W 97 St,7538,40.798785,-73.9523,40.79249519495111,-73.96417066463071,member
1357081,501088267F34BE0F,docked_bike,2021-04-27 23:32:19,2021-04-27 23:45:16,Amsterdam Ave & W 73 St,7260,Central Park W & W 97 St,7538,40.779668,-73.98093,40.79249519495111,-73.96417066463071,casual
1357082,12F8B13A40350EF8,docked_bike,2021-04-09 16:00:44,2021-04-09 16:16:50,Amsterdam Ave & W 73 St,7260,Central Park W & W 97 St,7538,40.779668,-73.98093,40.79249519495111,-73.96417066463071,member
1357083,B40DB26C7D7573CD,docked_bike,2021-04-10 12:41:02,2021-04-10 12:48:57,Amsterdam Ave & W 73 St,7260,Central Park W & W 97 St,7538,40.779668,-73.98093,40.79249519495111,-73.96417066463071,member
1357084,1FA2F57D3E31F4B2,docked_bike,2021-04-24 09:25:51,2021-04-24 09:32:24,Amsterdam Ave & W 73 St,7260,Central Park W & W 97 St,7538,40.779668,-73.98093,40.79249519495111,-73.96417066463071,member
1357085,202EDFC2D74CB200,docked_bike,2021-04-17 11:12:44,2021-04-17 11:19:48,Amsterdam Ave & W 73 St,7260,Central Park W & W 97 St,7538,40.779668,-73.98093,40.79249519495111,-73.96417066463071,member
1357088,6C1BD5D51FD6AFF8,docked_bike,2021-04-10 09:05:59,2021-04-10 09:18:47,Amsterdam Ave & W 73 St,7260,Central Park W & W 97 St,7538,40.779668,-73.98093,40.792495,-73.964171,member
1357096,6F7AB14C36BF4406,docked_bike,2021-04-30 13:13:40,2021-04-30 13:36:31,Lenox Ave & W 111 St,7602,Central Park W & W 97 St,7538,40.798785,-73.9523,40.79249519495111,-73.96417066463071,casual
1357097,D2271EFCF3C351FB,docked_bike,2021-04-08 18:03:10,2021-04-08 18:19:58,Lenox Ave & W 111 St,7602,Central Park W & W 97 St,7538,40.798785,-73.9523,40.79249519495111,-73.96417066463071,casual
1357098,963C1BF8720C2F9C,docked_bike,2021-04-24 11:21:01,2021-04-24 11:50:46,Lenox Ave & W 111 St,7602,Central Park W & W 97 St,7538,40.798785,-73.9523,40.79249519495111,-73.96417066463071,casual
1357099,26C58471613F2114,docked_bike,2021-04-18 14:29:45,2021-04-18 14:46:34,Lenox Ave & W 111 St,7602,Central Park W & W 97 St,7538,40.798785,-73.9523,40.79249519495111,-73.96417066463071,casual
1357100,0EAB94BF145795F3,docked_bike,2021-04-10 19:36:11,2021-04-10 20:06:38,Lenox Ave & W 111 St,7602,Central Park W & W 97 St,7538,40.798785,-73.9523,40.79249519495111,-73.96417066463071,casual
1357105,495692CDB26A356B,docked_bike,2021-04-04 14:40:06,2021-04-04 14:59:15,Lenox Ave & W 111 St,7602,Central Park W & W 97 St,7538,40.798785,-73.9523,40.79249519495111,-73.96417066463071,casual
1357106,9CC88EAC70BB6327,docked_bike,2021-04-07 14:54:12,2021-04-07 15:02:25,Lenox Ave & W 111 St,7602,Central Park W & W 97 St,7538,40.798785,-73.9523,40.79249519495111,-73.96417066463071,member
1357110,96004F9D4E37ECDC,docked_bike,2021-04-20 19:40:32,2021-04-20 20:26:36,Lenox Ave & W 111 St,7602,Central Park W & W 97 St,7538,40.798785,-73.9523,40.79249519495111,-73.96417066463071,casual
1357116,9F7602741444768C,docked_bike,2021-04-18 14:34:14,2021-04-18 15:35:18,Lenox Ave & W 111 St,7602,Central Park W & W 97 St,7538,40.798785,-73.9523,40.79249519495111,-73.96417066463071,casual
1357117,6536D632B4FEB0C0,docked_bike,2021-04-10 15:06:35,2021-04-10 16:03:56,Lenox Ave & W 111 St,7602,Central Park W & W 97 St,7538,40.798785,-73.9523,40.79249519495111,-73.96417066463071,casual
1357118,23E459DB43722D0F,docked_bike,2021-04-20 19:40:56,2021-04-20 20:26:28,Lenox Ave & W 111 St,7602,Central Park W & W 97 St,7538,40.798785,-73.9523,40.79249519495111,-73.96417066463071,casual
1357119,0434BABAA7AEB91D,docked_bike,2021-04-16 10:32:42,2021-04-16 10:57:43,Lenox Ave & W 111 St,7602,Central Park W & W 97 St,7538,40.798785,-73.9523,40.79249519495111,-73.96417066463071,casual
1357120,461DA9C20C8F55D6,docked_bike,2021-04-20 18:40:36,2021-04-20 19:12:27,Lenox Ave & W 111 St,7602,Central Park W & W 97 St,7538,40.798785,-73.9523,40.79249519495111,-73.96417066463071,member
1357121,3C9B026001CFBC40,docked_bike,2021-04-06 16:58:25,2021-04-06 17:35:22,Lenox Ave & W 111 St,7602,Central Park W & W 97 St,7538,40.798785,-73.9523,40.79249519495111,-73.96417066463071,member
1357122,355E9E736C93118A,docked_bike,2021-04-30 13:43:48,2021-04-30 13:50:05,Lenox Ave & W 111 St,7602,Central Park W & W 97 St,7538,40.798785,-73.9523,40.79249519495111,-73.96417066463071,member
1357123,75737462D747C3B1,docked_bike,2021-04-14 19:20:20,2021-04-14 20:06:22,Lenox Ave & W 111 St,7602,Central Park W & W 97 St,7538,40.798785,-73.9523,40.79249519495111,-73.96417066463071,casual
1357125,E31EC562F83306F2,docked_bike,2021-04-14 19:23:17,2021-04-14 20:05:50,Lenox Ave & W 111 St,7602,Central Park W & W 97 St,7538,40.798785,-73.9523,40.79249519495111,-73.96417066463071,casual
1357126,15A5615EAF71FFA7,docked_bike,2021-04-04 17:06:01,2021-04-04 18:33:34,Lenox Ave & W 111 St,7602,Central Park W & W 97 St,7538,40.798785,-73.9523,40.79249519495111,-73.96417066463071,casual
1357128,96A8DC2E59001E1C,docked_bike,2021-04-01 16:00:09,2021-04-01 16:07:06,Lenox Ave & W 111 St,7602,Central Park W & W 97 St,7538,40.798785,-73.9523,40.79249519495111,-73.96417066463071,member
1357129,7C019681C87CAA8B,docked_bike,2021-04-12 11:10:37,2021-04-12 11:21:38,Lenox Ave & W 111 St,7602,Central Park W & W 97 St,7538,40.798786,-73.9523,40.792495,-73.964171,casual
1357130,B5EF351973E521C8,docked_bike,2021-04-09 13:34:14,2021-04-09 13:51:33,Lenox Ave & W 111 St,7602,Central Park W & W 97 St,7538,40.798785,-73.9523,40.79249519495111,-73.96417066463071,member
1357131,4A0F834660FADD52,docked_bike,2021-04-24 21:54:55,2021-04-24 22:03:11,Lenox Ave & W 111 St,7602,Central Park W & W 97 St,7538,40.798785,-73.9523,40.79249519495111,-73.96417066463071,member
1357132,CAA1EBF716313E78,docked_bike,2021-04-20 19:49:46,2021-04-20 20:26:21,Lenox Ave & W 111 St,7602,Central Park W & W 97 St,7538,40.798785,-73.9523,40.79249519495111,-73.96417066463071,casual
1357133,5A873F24BAA01E28,docked_bike,2021-04-22 08:04:21,2021-04-22 08:10:30,Lenox Ave & W 111 St,7602,Central Park W & W 97 St,7538,40.798785,-73.9523,40.79249519495111,-73.96417066463071,member
1357134,524F6427C73533E8,docked_bike,2021-04-16 10:29:41,2021-04-16 10:57:40,Lenox Ave & W 111 St,7602,Central Park W & W 97 St,7538,40.798785,-73.9523,40.79249519495111,-73.96417066463071,casual
1357137,B000588AB9F5EB98,docked_bike,2021-04-05 19:23:08,2021-04-05 19:31:35,Lenox Ave & W 111 St,7602,Central Park W & W 97 St,7538,40.798785,-73.9523,40.79249519495111,-73.96417066463071,member
1357141,8F8459979D99A6BD,docked_bike,2021-04-10 10:57:07,2021-04-10 11:09:14,Lenox Ave & W 111 St,7602,Central Park W & W 97 St,7538,40.798785,-73.9523,40.79249519495111,-73.96417066463071,casual
1357142,9AE722DB29ED19E7,docked_bike,2021-04-13 08:31:35,2021-04-13 08:39:08,Lenox Ave & W 111 St,7602,Central Park W & W 97 St,7538,40.798785,-73.9523,40.79249519495111,-73.96417066463071,member
1357147,93995796DCCDF93F,docked_bike,2021-04-18 14:58:48,2021-04-18 15:34:42,Adam Clayton Powell Blvd & W 118 St,7670,Central Park W & W 97 St,7538,40.804372,-73.951475,40.792495,-73.964171,member
1357148,E6216434EC871476,docked_bike,2021-04-17 15:33:03,2021-04-17 16:04:32,Adam Clayton Powell Blvd & W 118 St,7670,Central Park W & W 97 St,7538,40.804372,-73.951475,40.79249519495111,-73.96417066463071,casual
1357154,C35A0929BC927908,docked_bike,2021-04-24 11:31:42,2021-04-24 12:01:17,Washington Pl & 6 Ave,5838,Central Park W & W 97 St,7538,40.732241,-74.000263,40.79249519495111,-73.96417066463071,member
1357157,7A50266650F1BEA5,docked_bike,2021-04-21 18:07:29,2021-04-21 18:26:20,Lenox Ave & W 111 St,7602,Central Park W & W 97 St,7538,40.798785,-73.9523,40.79249519495111,-73.96417066463071,member
1357162,0F2DF0116245FE97,docked_bike,2021-04-29 23:33:43,2021-04-29 23:39:50,Lenox Ave & W 111 St,7602,Central Park W & W 97 St,7538,40.798785,-73.9523,40.79249519495111,-73.96417066463071,casual
1357164,9D612A0DF531C614,docked_bike,2021-04-22 14:08:05,2021-04-22 14:15:52,Lenox Ave & W 111 St,7602,Central Park W & W 97 St,7538,40.798785,-73.9523,40.79249519495111,-73.96417066463071,member
1357166,999470615BB20619,docked_bike,2021-04-07 18:01:18,2021-04-07 18:01:43,Lenox Ave & W 111 St,7602,Central Park W & W 97 St,7538,40.798785,-73.9523,40.79249519495111,-73.96417066463071,member
1357168,D281AF2008424964,docked_bike,2021-04-16 19:18:12,2021-04-16 19:24:16,Lenox Ave & W 111 St,7602,Central Park W & W 97 St,7538,40.798785,-73.9523,40.79249519495111,-73.96417066463071,member
1357172,33D6F8331134E0A2,docked_bike,2021-04-04 16:35:10,2021-04-04 16:40:25,Lenox Ave & W 111 St,7602,Central Park W & W 97 St,7538,40.798785,-73.9523,40.79249519495111,-73.96417066463071,member
1357173,8A71A03B14E4E733,docked_bike,2021-04-21 18:08:03,2021-04-21 18:30:27,Lenox Ave & W 111 St,7602,Central Park W & W 97 St,7538,40.798785,-73.9523,40.79249519495111,-73.96417066463071,casual
1357177,5A561A2ECD77C830,docked_bike,2021-04-21 17:11:55,2021-04-21 17:18:20,Lenox Ave & W 111 St,7602,Central Park W & W 97 St,7538,40.798785,-73.9523,40.79249519495111,-73.96417066463071,casual
1357195,A9F76E960005C3E0,docked_bike,2021-04-01 00:32:48,2021-04-01 00:40:58,Adam Clayton Powell Blvd & W 118 St,7670,Central Park W & W 97 St,7538,40.804372,-73.951475,40.79249519495111,-73.96417066463071,member
1357198,808EEB7AF495AC74,docked_bike,2021-04-10 16:05:09,2021-04-10 16:30:02,Lenox Ave & W 111 St,7602,Central Park W & W 97 St,7538,40.798785,-73.9523,40.79249519495111,-73.96417066463071,member
1357200,7D3148A0F1F76C21,docked_bike,2021-04-10 17:31:54,2021-04-10 17:41:44,Lenox Ave & W 111 St,7602,Central Park W & W 97 St,7538,40.798785,-73.9523,40.79249519495111,-73.96417066463071,casual
1357201,B4C358BA4EE421F6,docked_bike,2021-04-10 15:03:50,2021-04-10 16:03:52,Lenox Ave & W 111 St,7602,Central Park W & W 97 St,7538,40.798785,-73.9523,40.79249519495111,-73.96417066463071,casual
1357202,5C4B8AD79AB2A1F9,docked_bike,2021-04-13 12:53:41,2021-04-13 13:01:24,Lenox Ave & W 111 St,7602,Central Park W & W 97 St,7538,40.798785,-73.9523,40.79249519495111,-73.96417066463071,member
1357203,1FF3F7F4EE071283,docked_bike,2021-04-10 15:02:34,2021-04-10 16:03:56,Lenox Ave & W 111 St,7602,Central Park W & W 97 St,7538,40.798785,-73.9523,40.79249519495111,-73.96417066463071,casual
1357207,2A6ED3333BD08CF7,docked_bike,2021-04-17 16:19:03,2021-04-17 16:49:28,Lenox Ave & W 111 St,7602,Central Park W & W 97 St,7538,40.798785,-73.9523,40.79249519495111,-73.96417066463071,member
1357208,921C338D926CE184,docked_bike,2021-04-19 17:36:42,2021-04-19 17:49:30,West End Ave & W 60 St,7059,Central Park W & W 97 St,7538,40.77237,-73.99005,40.79249519495111,-73.96417066463071,member
1357215,674E7E50544D268A,docked_bike,2021-04-02 09:59:57,2021-04-02 11:58:36,8 Ave & W 31 St,6450,Central Park W & W 97 St,7538,40.750585,-73.994684,40.79249519495111,-73.96417066463071,member
1357247,0B320854DA46A666,docked_bike,2021-04-17 10:22:05,2021-04-17 10:38:44,West End Ave & W 60 St,7059,Central Park W & W 97 St,7538,40.77237,-73.99005,40.79249519495111,-73.96417066463071,member
1357258,B25CDEBAAB987E36,docked_bike,2021-04-27 00:04:49,2021-04-27 00:21:09,8 Ave & W 31 St,6450,Central Park W & W 97 St,7538,40.750585,-73.994684,40.79249519495111,-73.96417066463071,member
1357274,21ADDDE40DC37A4E,docked_bike,2021-04-08 16:12:22,2021-04-08 16:24:08,Lenox Ave & W 111 St,7602,Central Park W & W 97 St,7538,40.798785,-73.9523,40.79249519495111,-73.96417066463071,member
1357278,3318011077C2ABAC,docked_bike,2021-04-10 16:05:07,2021-04-10 16:29:48,Lenox Ave & W 111 St,7602,Central Park W & W 97 St,7538,40.798785,-73.9523,40.79249519495111,-73.96417066463071,member
1357279,C939C3B7F1474B61,docked_bike,2021-04-23 16:03:51,2021-04-23 16:09:40,Lenox Ave & W 111 St,7602,Central Park W & W 97 St,7538,40.798785,-73.9523,40.79249519495111,-73.96417066463071,casual
1357280,E8A4F859D0BB6AB9,docked_bike,2021-04-06 18:05:42,2021-04-06 18:18:38,Lenox Ave & W 111 St,7602,Central Park W & W 97 St,7538,40.798785,-73.9523,40.79249519495111,-73.96417066463071,casual
1357296,B44724B5D86E84EB,docked_bike,2021-04-03 09:27:20,2021-04-03 09:39:50,West End Ave & W 60 St,7059,Central Park W & W 97 St,7538,40.77237,-73.99005,40.79249519495111,-73.96417066463071,member
1357309,F2BD3FF552AAEE30,docked_bike,2021-04-26 18:07:16,2021-04-26 18:33:29,8 Ave & W 31 St,6450,Central Park W & W 97 St,7538,40.750585,-73.994684,40.79249519495111,-73.96417066463071,member
1357327,1BDE4BAB24A60B57,docked_bike,2021-04-26 17:32:47,2021-04-26 17:46:03,West End Ave & W 60 St,7059,Central Park W & W 97 St,7538,40.77237,-73.99005,40.79249519495111,-73.96417066463071,casual
1357341,6A0C47E906AF2A93,docked_bike,2021-04-19 17:14:06,2021-04-19 17:28:29,West End Ave & W 60 St,7059,Central Park W & W 97 St,7538,40.77237,-73.99005,40.792495,-73.964171,member
1357346,DAF4C7A0F6115518,docked_bike,2021-04-05 17:35:43,2021-04-05 17:55:24,8 Ave & W 31 St,6450,Central Park W & W 97 St,7538,40.750585,-73.994684,40.79249519495111,-73.96417066463071,member
1357349,D1860FC75CAB8D70,docked_bike,2021-04-26 18:02:09,2021-04-26 18:18:07,West End Ave & W 60 St,7059,Central Park W & W 97 St,7538,40.77237,-73.99005,40.79249519495111,-73.96417066463071,member
1357350,4570485256C3AB3B,docked_bike,2021-04-13 18:32:36,2021-04-13 18:48:47,West End Ave & W 60 St,7059,Central Park W & W 97 St,7538,40.77237,-73.99005,40.79249519495111,-73.96417066463071,member
1357355,A4CAE29E2AB286E9,docked_bike,2021-04-17 10:21:53,2021-04-17 10:38:47,West End Ave & W 60 St,7059,Central Park W & W 97 St,7538,40.77237,-73.99005,40.79249519495111,-73.96417066463071,casual
1357361,33A189157116BF7C,docked_bike,2021-04-17 18:49:43,2021-04-17 19:33:39,Pearl St & Peck Slip,5096,Central Park W & W 97 St,7538,40.708485,-74.002751,40.79249519495111,-73.96417066463071,member
1357362,2399C5C15FEB18EB,docked_bike,2021-04-20 16:20:33,2021-04-20 16:30:19,Central Park West & W 76 St,7253,Central Park W & W 97 St,7538,40.778967,-73.973747,40.79249519495111,-73.96417066463071,member
1357392,B82AF8B268B4085F,docked_bike,2021-04-22 17:15:53,2021-04-22 17:45:19,8 Ave & W 31 St,6450,Central Park W & W 97 St,7538,40.750585,-73.994684,40.79249519495111,-73.96417066463071,member
1357393,ED6C72E7A68BF33E,docked_bike,2021-04-24 13:13:24,2021-04-24 13:35:02,8 Ave & W 31 St,6450,Central Park W & W 97 St,7538,40.750585,-73.994684,40.79249519495111,-73.96417066463071,member
1357410,53A28E2FE0C3E14C,docked_bike,2021-04-16 14:36:55,2021-04-16 14:43:44,Central Park West & W 76 St,7253,Central Park W & W 97 St,7538,40.778967,-73.973747,40.79249519495111,-73.96417066463071,member
1357411,EC3DEE9CAC39C66A,docked_bike,2021-04-10 14:48:15,2021-04-10 14:58:44,Central Park West & W 76 St,7253,Central Park W & W 97 St,7538,40.778967,-73.973747,40.79249519495111,-73.96417066463071,casual
1357414,CA9E7072B485DC9F,docked_bike,2021-04-29 21:08:44,2021-04-29 21:39:25,Central Park West & W 76 St,7253,Central Park W & W 97 St,7538,40.778967,-73.973747,40.79249519495111,-73.96417066463071,casual
1357415,A90E580079ADC294,docked_bike,2021-04-04 09:12:33,2021-04-04 09:19:57,Central Park West & W 76 St,7253,Central Park W & W 97 St,7538,40.778967,-73.973747,40.79249519495111,-73.96417066463071,member
1357421,B4F320BD1FF6DAF5,docked_bike,2021-04-13 17:53:12,2021-04-13 18:21:06,Central Park West & W 76 St,7253,Central Park W & W 97 St,7538,40.778967,-73.973747,40.79249519495111,-73.96417066463071,casual
1357429,908CF8D1508411C5,docked_bike,2021-04-10 14:55:54,2021-04-10 15:06:42,Central Park West & W 76 St,7253,Central Park W & W 97 St,7538,40.778967,-73.973747,40.79249519495111,-73.96417066463071,member
1357436,699BDE38D78FA4AE,docked_bike,2021-04-28 15:09:03,2021-04-28 16:36:24,Central Park West & W 76 St,7253,Central Park W & W 97 St,7538,40.778968,-73.973747,40.792495,-73.964171,casual
1357437,1AC5798F1C04E42B,docked_bike,2021-04-02 11:40:03,2021-04-02 11:49:53,Central Park West & W 76 St,7253,Central Park W & W 97 St,7538,40.778968,-73.973747,40.792495,-73.964171,member
1357441,8FF1AD5E872B8C81,docked_bike,2021-04-04 11:58:31,2021-04-04 12:04:03,Central Park West & W 76 St,7253,Central Park W & W 97 St,7538,40.778967,-73.973747,40.79249519495111,-73.96417066463071,member
1357446,DEBDEC7E237EE01F,docked_bike,2021-04-13 20:13:52,2021-04-13 20:21:34,Central Park West & W 76 St,7253,Central Park W & W 97 St,7538,40.778967,-73.973747,40.79249519495111,-73.96417066463071,member
1357451,8F9ED1C890D1F0D1,docked_bike,2021-04-30 16:49:30,2021-04-30 16:57:07,Central Park West & W 76 St,7253,Central Park W & W 97 St,7538,40.778967,-73.973747,40.79249519495111,-73.96417066463071,member
1357453,8A68FB92A6008A54,docked_bike,2021-04-20 19:19:45,2021-04-20 19:26:42,Central Park West & W 76 St,7253,Central Park W & W 97 St,7538,40.778967,-73.973747,40.79249519495111,-73.96417066463071,member
1357456,87824DFA50B407DC,docked_bike,2021-04-06 10:57:07,2021-04-06 11:07:48,Central Park West & W 76 St,7253,Central Park W & W 97 St,7538,40.778967,-73.973747,40.79249519495111,-73.96417066463071,member
1357458,39E73C4F127B25CD,docked_bike,2021-04-26 22:03:50,2021-04-26 22:10:21,Central Park West & W 76 St,7253,Central Park W & W 97 St,7538,40.778967,-73.973747,40.79249519495111,-73.96417066463071,member
1357459,1B76EE070138AF7A,docked_bike,2021-04-30 11:27:20,2021-04-30 11:36:11,Central Park West & W 76 St,7253,Central Park W & W 97 St,7538,40.778967,-73.973747,40.79249519495111,-73.96417066463071,member
1357462,D1045B7C9730402E,docked_bike,2021-04-26 10:07:33,2021-04-26 10:15:13,Central Park West & W 76 St,7253,Central Park W & W 97 St,7538,40.778967,-73.973747,40.79249519495111,-73.96417066463071,member
1357464,E2EF2DD28B92F162,docked_bike,2021-04-28 15:07:52,2021-04-28 16:36:07,Central Park West & W 76 St,7253,Central Park W & W 97 St,7538,40.778968,-73.973747,40.792495,-73.964171,casual
1357470,C6D9A75AB7119BB1,docked_bike,2021-04-06 19:05:37,2021-04-06 19:16:22,W 107 St & Columbus Ave,7619,Central Park W & W 97 St,7538,40.799756,-73.962112,40.79249519495111,-73.96417066463071,member
1357472,0E919BED59324966,docked_bike,2021-04-14 12:25:12,2021-04-14 12:39:35,Central Park West & W 76 St,7253,Central Park W & W 97 St,7538,40.778967,-73.973747,40.79249519495111,-73.96417066463071,casual
1357473,4CCC23B9A6B56CC6,docked_bike,2021-04-22 16:32:54,2021-04-22 16:43:34,Central Park West & W 76 St,7253,Central Park W & W 97 St,7538,40.778967,-73.973747,40.79249519495111,-73.96417066463071,member
1357474,F08DC13496F9DEC5,docked_bike,2021-04-24 10:28:27,2021-04-24 10:34:10,Central Park West & W 76 St,7253,Central Park W & W 97 St,7538,40.778967,-73.973747,40.79249519495111,-73.96417066463071,member
1357476,7E7BA9ED61D77AEA,docked_bike,2021-04-21 07:57:18,2021-04-21 08:02:19,W 107 St & Columbus Ave,7619,Central Park W & W 97 St,7538,40.799756,-73.962112,40.79249519495111,-73.96417066463071,member
1357477,F44013272178AC70,docked_bike,2021-04-28 15:31:42,2021-04-28 15:40:56,Central Park West & W 76 St,7253,Central Park W & W 97 St,7538,40.778967,-73.973747,40.79249519495111,-73.96417066463071,member
1357497,6F918CE844AB1CD0,docked_bike,2021-04-24 14:50:03,2021-04-24 15:22:25,Central Park West & W 76 St,7253,Central Park W & W 97 St,7538,40.778967,-73.973747,40.79249519495111,-73.96417066463071,member
1357503,8078430B56F9AC64,docked_bike,2021-04-23 11:46:05,2021-04-23 12:04:19,W 42 St & Dyer Ave,6644,Central Park W & W 97 St,7538,40.758984,-73.993799,40.79249519495111,-73.96417066463071,member
1357504,341C8976C167594E,docked_bike,2021-04-05 14:50:20,2021-04-05 14:59:32,Central Park West & W 76 St,7253,Central Park W & W 97 St,7538,40.778968,-73.973747,40.792495,-73.964171,casual
1357515,9D843653A4684F1C,docked_bike,2021-04-17 09:25:44,2021-04-17 09:34:00,Central Park West & W 76 St,7253,Central Park W & W 97 St,7538,40.778967,-73.973747,40.79249519495111,-73.96417066463071,member
1357519,B6C507FFB503B158,docked_bike,2021-04-24 15:56:16,2021-04-24 16:04:00,W 107 St & Columbus Ave,7619,Central Park W & W 97 St,7538,40.799756,-73.962112,40.79249519495111,-73.96417066463071,member
1357529,C374CC4E339BF113,docked_bike,2021-04-19 18:19:10,2021-04-19 18:38:18,3 Ave & E 62 St,6762,Central Park W & W 97 St,7538,40.763125,-73.965268,40.79249519495111,-73.96417066463071,casual
1357533,0B9B7FF1041B6CFC,docked_bike,2021-04-20 16:34:01,2021-04-20 16:51:28,W 55 St & 6 Ave,6809,Central Park W & W 97 St,7538,40.763189,-73.978434,40.79249519495111,-73.96417066463071,casual
1357575,1CB894A507E8B2F4,docked_bike,2021-04-24 09:18:40,2021-04-24 09:24:57,Central Park West & W 76 St,7253,Central Park W & W 97 St,7538,40.778967,-73.973747,40.79249519495111,-73.96417066463071,member
1357589,E49F6BF428E5D59A,docked_bike,2021-04-07 22:11:25,2021-04-07 22:35:22,W 55 St & 6 Ave,6809,Central Park W & W 97 St,7538,40.763189,-73.978434,40.79249519495111,-73.96417066463071,member
1357593,C383CF847B326DEF,docked_bike,2021-04-23 17:34:45,2021-04-23 17:49:30,7 Ave & Central Park South,6912,Central Park W & W 97 St,7538,40.76674,-73.979068,40.79249519495111,-73.96417066463071,casual
1357595,6ECB580473A1FA81,docked_bike,2021-04-04 17:38:04,2021-04-04 18:35:26,7 Ave & Central Park South,6912,Central Park W & W 97 St,7538,40.76674,-73.979068,40.79249519495111,-73.96417066463071,casual
1357596,7A6C85BD5D15451C,docked_bike,2021-04-18 17:27:38,2021-04-18 17:42:31,7 Ave & Central Park South,6912,Central Park W & W 97 St,7538,40.76674,-73.979068,40.79249519495111,-73.96417066463071,member
1357603,ECAF63D6E51A932F,docked_bike,2021-04-24 16:00:39,2021-04-24 16:13:58,7 Ave & Central Park South,6912,Central Park W & W 97 St,7538,40.76674,-73.979068,40.79249519495111,-73.96417066463071,member
1357608,38BFA3E9A9D6CC2D,docked_bike,2021-04-25 16:20:20,2021-04-25 16:52:47,Central Park West & W 76 St,7253,Central Park W & W 97 St,7538,40.778967,-73.973747,40.79249519495111,-73.96417066463071,member
1357610,4930B58A23F38E5C,docked_bike,2021-04-20 08:33:14,2021-04-20 08:40:49,Central Park West & W 76 St,7253,Central Park W & W 97 St,7538,40.778967,-73.973747,40.79249519495111,-73.96417066463071,member
1357613,26B59B6710B14F45,docked_bike,2021-04-26 19:34:21,2021-04-26 19:56:32,W 42 St & Dyer Ave,6644,Central Park W & W 97 St,7538,40.758984,-73.993799,40.79249519495111,-73.96417066463071,member
1357614,53715341A0BC4373,docked_bike,2021-04-10 19:38:35,2021-04-10 19:48:29,Central Park West & W 76 St,7253,Central Park W & W 97 St,7538,40.778967,-73.973747,40.79249519495111,-73.96417066463071,member
1357618,EA6C5D35F87247C1,docked_bike,2021-04-23 16:32:03,2021-04-23 16:40:44,Central Park West & W 76 St,7253,Central Park W & W 97 St,7538,40.778967,-73.973747,40.79249519495111,-73.96417066463071,member
1357619,E1DC72CCB4A6F309,docked_bike,2021-04-20 09:02:35,2021-04-20 09:09:10,Central Park West & W 76 St,7253,Central Park W & W 97 St,7538,40.778967,-73.973747,40.79249519495111,-73.96417066463071,casual
1357620,F8C942CEB4DDA9D4,docked_bike,2021-04-20 19:03:06,2021-04-20 19:08:19,Central Park West & W 76 St,7253,Central Park W & W 97 St,7538,40.778967,-73.973747,40.79249519495111,-73.96417066463071,member
1357623,901083C72B5F1033,docked_bike,2021-04-20 17:42:12,2021-04-20 17:53:46,Central Park West & W 76 St,7253,Central Park W & W 97 St,7538,40.778967,-73.973747,40.79249519495111,-73.96417066463071,casual
1357668,D4EB1E37FC93F7B3,docked_bike,2021-04-08 14:36:10,2021-04-08 14:56:42,E 138 St & Grand Concourse,7803,Central Park W & W 97 St,7538,40.813224,-73.930605,40.79249519495111,-73.96417066463071,member
1357697,6470385649F20536,docked_bike,2021-04-08 16:13:17,2021-04-08 16:39:01,W 55 St & 6 Ave,6809,Central Park W & W 97 St,7538,40.763189,-73.978434,40.792495,-73.964171,member
1357742,E16496E9E9F3745A,docked_bike,2021-04-09 11:01:00,2021-04-09 11:13:16,Park Ave & E 124 St,7682,Central Park W & W 97 St,7538,40.804555,-73.939686,40.79249519495111,-73.96417066463071,casual
1357749,8623F41068E7B207,docked_bike,2021-04-18 06:58:19,2021-04-18 07:13:05,Park Ave & E 124 St,7682,Central Park W & W 97 St,7538,40.804555,-73.939686,40.79249519495111,-73.96417066463071,member
1357752,31F7FD923CB5C101,docked_bike,2021-04-14 15:44:58,2021-04-14 15:55:40,E 85 St & 3 Ave,7212,Central Park W & W 97 St,7538,40.778012,-73.954071,40.79249519495111,-73.96417066463071,member
1357753,44428CE8F85C1A1F,docked_bike,2021-04-18 12:41:45,2021-04-18 15:27:24,E 102 St & Park Ave,7488,Central Park W & W 97 St,7538,40.790482,-73.95033,40.79249519495111,-73.96417066463071,member
1357754,2D0F4FD166BC4722,docked_bike,2021-04-23 19:11:45,2021-04-23 19:42:19,E 85 St & 3 Ave,7212,Central Park W & W 97 St,7538,40.778012,-73.954071,40.79249519495111,-73.96417066463071,member
1357759,05BC76ECA175AABB,docked_bike,2021-04-17 14:48:24,2021-04-17 15:10:21,E 85 St & 3 Ave,7212,Central Park W & W 97 St,7538,40.778012,-73.954071,40.79249519495111,-73.96417066463071,casual
1357765,165972681EDA348C,docked_bike,2021-04-27 15:06:36,2021-04-27 15:18:06,E 85 St & 3 Ave,7212,Central Park W & W 97 St,7538,40.778012,-73.954071,40.79249519495111,-73.96417066463071,member
1357772,20B1945614FD1387,docked_bike,2021-04-04 17:30:47,2021-04-04 17:47:41,W 55 St & 6 Ave,6809,Central Park W & W 97 St,7538,40.763189,-73.978434,40.79249519495111,-73.96417066463071,member
1357784,4EB606A82D015C6E,docked_bike,2021-04-13 14:13:49,2021-04-13 14:47:04,Broadway & W 29 St,6289,Central Park W & W 97 St,7538,40.7462,-73.988557,40.79249519495111,-73.96417066463071,member
1357793,E5221C4C41ADB90D,docked_bike,2021-04-10 17:56:12,2021-04-10 18:19:14,Park Ave & E 124 St,7682,Central Park W & W 97 St,7538,40.804555,-73.939686,40.79249519495111,-73.96417066463071,member
1357819,1D20A576E8AED7F6,docked_bike,2021-04-06 17:30:42,2021-04-06 17:48:42,W 55 St & 6 Ave,6809,Central Park W & W 97 St,7538,40.763189,-73.978434,40.79249519495111,-73.96417066463071,member
1357822,66D92143B3C12E93,docked_bike,2021-04-29 18:16:21,2021-04-29 18:32:45,W 55 St & 6 Ave,6809,Central Park W & W 97 St,7538,40.763189,-73.978434,40.79249519495111,-73.96417066463071,member
1357830,4BB46C59F67EB588,docked_bike,2021-04-09 18:37:04,2021-04-09 19:03:09,W 55 St & 6 Ave,6809,Central Park W & W 97 St,7538,40.763189,-73.978434,40.79249519495111,-73.96417066463071,member
1357836,FDD0A13F464337CE,docked_bike,2021-04-20 13:12:09,2021-04-20 13:35:45,W 55 St & 6 Ave,6809,Central Park W & W 97 St,7538,40.763189,-73.978434,40.79249519495111,-73.96417066463071,member
1357851,135E6B5BD0768D86,docked_bike,2021-04-08 20:18:32,2021-04-08 20:35:26,E 85 St & 3 Ave,7212,Central Park W & W 97 St,7538,40.778012,-73.954071,40.79249519495111,-73.96417066463071,member
1357853,850D88EA2A50A7A7,docked_bike,2021-04-20 19:48:44,2021-04-20 20:06:57,Old Broadway & W 133 St,7881,Central Park W & W 97 St,7538,40.818212,-73.955277,40.79249519495111,-73.96417066463071,member
1357870,B740F4ED44A7B514,docked_bike,2021-04-04 15:02:23,2021-04-04 15:43:55,Park Ave & E 124 St,7682,Central Park W & W 97 St,7538,40.804556,-73.939686,40.792495,-73.964171,casual
1357872,AC1417FD6A6BA1E3,docked_bike,2021-04-18 13:30:04,2021-04-18 13:52:21,Park Ave & E 124 St,7682,Central Park W & W 97 St,7538,40.804555,-73.939686,40.79249519495111,-73.96417066463071,member
1357873,BD571E81C58BF4A6,docked_bike,2021-04-16 12:01:59,2021-04-16 12:08:01,E 102 St & Park Ave,7488,Central Park W & W 97 St,7538,40.790482,-73.95033,40.79249519495111,-73.96417066463071,member
1357879,9D74D84235C27882,docked_bike,2021-04-26 17:20:01,2021-04-26 17:45:49,E 85 St & 3 Ave,7212,Central Park W & W 97 St,7538,40.778012,-73.954071,40.79249519495111,-73.96417066463071,member
1357886,6479F9546F329752,docked_bike,2021-04-16 19:59:42,2021-04-16 20:17:22,E 85 St & 3 Ave,7212,Central Park W & W 97 St,7538,40.778012,-73.954071,40.79249519495111,-73.96417066463071,member
1357908,5B1627904757B68B,docked_bike,2021-04-06 19:03:49,2021-04-06 19:15:17,Park Ave & E 124 St,7682,Central Park W & W 97 St,7538,40.804555,-73.939686,40.79249519495111,-73.96417066463071,member
1357909,6E4859A688C1CCFF,docked_bike,2021-04-04 15:09:56,2021-04-04 15:43:50,Park Ave & E 124 St,7682,Central Park W & W 97 St,7538,40.804556,-73.939686,40.792495,-73.964171,casual
1357912,09F0CA5A0D70EB78,docked_bike,2021-04-04 14:15:24,2021-04-04 14:42:52,E 85 St & 3 Ave,7212,Central Park W & W 97 St,7538,40.778012,-73.954071,40.79249519495111,-73.96417066463071,casual
1357915,039568F765963473,docked_bike,2021-04-14 08:04:20,2021-04-14 08:21:12,Park Ave & E 124 St,7682,Central Park W & W 97 St,7538,40.804555,-73.939686,40.79249519495111,-73.96417066463071,member
1357922,518D431829DF0A47,docked_bike,2021-04-04 08:04:07,2021-04-04 08:08:57,E 102 St & Park Ave,7488,Central Park W & W 97 St,7538,40.790482,-73.95033,40.79249519495111,-73.96417066463071,member
1357926,96B4DE42F9A63895,docked_bike,2021-04-19 08:04:21,2021-04-19 08:21:27,Park Ave & E 124 St,7682,Central Park W & W 97 St,7538,40.804555,-73.939686,40.79249519495111,-73.96417066463071,member
1357929,73911E0BC1ADA0B3,docked_bike,2021-04-06 15:13:00,2021-04-06 16:10:41,E 85 St & 3 Ave,7212,Central Park W & W 97 St,7538,40.778012,-73.954071,40.79249519495111,-73.96417066463071,casual
1357930,B0692C80B8D15348,docked_bike,2021-04-23 19:44:08,2021-04-23 19:55:04,E 85 St & 3 Ave,7212,Central Park W & W 97 St,7538,40.778012,-73.954071,40.79249519495111,-73.96417066463071,member
1357932,B38675AEF984C670,docked_bike,2021-04-28 10:57:20,2021-04-28 11:04:59,E 102 St & Park Ave,7488,Central Park W & W 97 St,7538,40.790482,-73.95033,40.79249519495111,-73.96417066463071,member
1357934,49C9EC88F3F89B3C,docked_bike,2021-04-27 10:26:30,2021-04-27 10:39:34,E 85 St & 3 Ave,7212,Central Park W & W 97 St,7538,40.778012,-73.954071,40.79249519495111,-73.96417066463071,casual
1357935,D9D770D357997C11,docked_bike,2021-04-05 18:33:38,2021-04-05 18:51:15,Park Ave & E 124 St,7682,Central Park W & W 97 St,7538,40.804556,-73.939686,40.792495,-73.964171,casual
1357937,762FB979D2CC7A1F,docked_bike,2021-04-03 15:51:09,2021-04-03 16:18:24,E 85 St & 3 Ave,7212,Central Park W & W 97 St,7538,40.778012,-73.954071,40.79249519495111,-73.96417066463071,member
1357938,A184006C87D8A1B0,docked_bike,2021-04-08 18:02:33,2021-04-08 18:20:27,E 48 St & 5 Ave,6626,Central Park W & W 97 St,7538,40.757245,-73.978059,40.79249519495111,-73.96417066463071,casual
1357944,7CFD03FDC9BEFEDC,docked_bike,2021-04-10 16:27:10,2021-04-10 16:38:06,Park Ave & E 124 St,7682,Central Park W & W 97 St,7538,40.804555,-73.939686,40.79249519495111,-73.96417066463071,member
1357945,8DDACD36BA7445CE,docked_bike,2021-04-09 17:01:25,2021-04-09 17:12:55,Park Ave & E 124 St,7682,Central Park W & W 97 St,7538,40.804555,-73.939686,40.79249519495111,-73.96417066463071,member
1357946,EF63BED72A1ADCC4,docked_bike,2021-04-27 19:01:58,2021-04-27 19:52:34,Park Ave & E 124 St,7682,Central Park W & W 97 St,7538,40.804555,-73.939686,40.79249519495111,-73.96417066463071,member
1357948,DBF887EC0A253240,docked_bike,2021-04-27 20:39:44,2021-04-27 20:54:28,E 85 St & 3 Ave,7212,Central Park W & W 97 St,7538,40.778012,-73.954071,40.79249519495111,-73.96417066463071,member
1357949,F83179A65307C779,docked_bike,2021-04-04 15:12:25,2021-04-04 15:43:54,Park Ave & E 124 St,7682,Central Park W & W 97 St,7538,40.804555,-73.939686,40.79249519495111,-73.96417066463071,member
1357958,C7FD349D675F614D,docked_bike,2021-04-08 20:45:29,2021-04-08 20:51:34,E 102 St & Park Ave,7488,Central Park W & W 97 St,7538,40.790482,-73.95033,40.79249519495111,-73.96417066463071,casual
1357965,C260FAE83B4CC86D,docked_bike,2021-04-28 16:49:23,2021-04-28 17:20:14,E 85 St & 3 Ave,7212,Central Park W & W 97 St,7538,40.778012,-73.954071,40.79249519495111,-73.96417066463071,casual
1357967,F2F3B9690B24B723,docked_bike,2021-04-18 19:42:07,2021-04-18 20:00:21,Park Ave & E 124 St,7682,Central Park W & W 97 St,7538,40.804555,-73.939686,40.79249519495111,-73.96417066463071,casual
1357972,7341D8B9D66D3326,docked_bike,2021-04-06 15:11:54,2021-04-06 16:10:37,E 85 St & 3 Ave,7212,Central Park W & W 97 St,7538,40.778012,-73.954071,40.79249519495111,-73.96417066463071,casual
1357991,3E5B2E6CE8188448,docked_bike,2021-04-03 12:14:30,2021-04-03 12:51:40,Broadway & W 60 St,6948,Central Park W & W 97 St,7538,40.769155,-73.981918,40.79249519495111,-73.96417066463071,casual
1357992,4AC43AEA2ED18F8B,docked_bike,2021-04-07 16:02:30,2021-04-07 16:16:47,Broadway & W 60 St,6948,Central Park W & W 97 St,7538,40.769155,-73.981918,40.792495,-73.964171,member
1358001,E90C2393534FAE87,docked_bike,2021-04-22 18:46:02,2021-04-22 18:52:01,E 102 St & Park Ave,7488,Central Park W & W 97 St,7538,40.790482,-73.95033,40.79249519495111,-73.96417066463071,casual
1358007,8E8D4F943C7AE6AA,docked_bike,2021-04-17 23:37:29,2021-04-17 23:55:18,Broadway & W 60 St,6948,Central Park W & W 97 St,7538,40.769155,-73.981918,40.79249519495111,-73.96417066463071,casual
1358008,F0EAA84ECC8BA4E5,docked_bike,2021-04-10 17:03:22,2021-04-10 17:16:52,Broadway & W 60 St,6948,Central Park W & W 97 St,7538,40.769155,-73.981918,40.792495,-73.964171,member
1358026,78E9019D62CAB676,docked_bike,2021-04-03 17:51:20,2021-04-03 18:07:58,Broadway & W 60 St,6948,Central Park W & W 97 St,7538,40.769155,-73.981918,40.79249519495111,-73.96417066463071,member
1358027,FB110876285E4C8B,docked_bike,2021-04-30 21:51:49,2021-04-30 22:06:29,Broadway & W 60 St,6948,Central Park W & W 97 St,7538,40.769155,-73.981918,40.79249519495111,-73.96417066463071,member
1358031,CCD3BA54BD62A0F9,docked_bike,2021-04-30 19:32:53,2021-04-30 19:47:06,Broadway & W 60 St,6948,Central Park W & W 97 St,7538,40.769155,-73.981918,40.79249519495111,-73.96417066463071,member
1358033,E7F03C36FB62B4A7,docked_bike,2021-04-15 19:44:56,2021-04-15 19:58:01,Broadway & W 60 St,6948,Central Park W & W 97 St,7538,40.769155,-73.981918,40.79249519495111,-73.96417066463071,member
1358034,BC74A5A0A16F3CC0,docked_bike,2021-04-17 12:05:44,2021-04-17 12:39:42,E 55 St & 2 Ave,6650,Central Park W & W 97 St,7538,40.757973,-73.966033,40.79249519495111,-73.96417066463071,casual
1358039,8BC9B73D5B03058D,docked_bike,2021-04-13 15:37:27,2021-04-13 15:51:33,Broadway & W 60 St,6948,Central Park W & W 97 St,7538,40.769155,-73.981918,40.79249519495111,-73.96417066463071,member
1358040,69B3207C407C5BF7,docked_bike,2021-04-22 17:49:10,2021-04-22 18:17:16,Broadway & W 60 St,6948,Central Park W & W 97 St,7538,40.769155,-73.981918,40.79249519495111,-73.96417066463071,casual
1358047,2849CDD8CAA87D3E,docked_bike,2021-04-28 17:56:19,2021-04-28 18:13:43,Broadway & W 60 St,6948,Central Park W & W 97 St,7538,40.769155,-73.981918,40.79249519495111,-73.96417066463071,member
1358058,65F491CC7B85594C,docked_bike,2021-04-07 18:53:10,2021-04-07 19:07:24,E 123 St & Lexington Ave,7636,Central Park W & W 97 St,7538,40.802926,-73.9379,40.79249519495111,-73.96417066463071,casual
1358064,D681DA5A26C3728C,docked_bike,2021-04-17 17:45:58,2021-04-17 17:55:25,Broadway & W 60 St,6948,Central Park W & W 97 St,7538,40.769155,-73.981918,40.79249519495111,-73.96417066463071,member
1358068,999C09F0A33EEEAB,docked_bike,2021-04-18 12:38:19,2021-04-18 13:13:00,Broadway & W 60 St,6948,Central Park W & W 97 St,7538,40.769155,-73.981918,40.79249519495111,-73.96417066463071,casual
1358070,0A079E7081109747,docked_bike,2021-04-23 06:10:02,2021-04-23 06:21:00,Broadway & W 60 St,6948,Central Park W & W 97 St,7538,40.769155,-73.981918,40.79249519495111,-73.96417066463071,member
1358075,FB8BAC8A6450D37A,docked_bike,2021-04-05 15:24:21,2021-04-05 15:45:10,E 55 St & 2 Ave,6650,Central Park W & W 97 St,7538,40.757973,-73.966033,40.79249519495111,-73.96417066463071,casual
1358076,24E7CC39D0B4DFC1,docked_bike,2021-04-23 15:55:45,2021-04-23 16:12:38,Broadway & W 60 St,6948,Central Park W & W 97 St,7538,40.769155,-73.981918,40.79249519495111,-73.96417066463071,member
1358077,502A5EA08ADB97C5,docked_bike,2021-04-27 16:06:01,2021-04-27 16:57:43,Broadway & W 25 St,6173,Central Park W & W 97 St,7538,40.742868,-73.989186,40.79249519495111,-73.96417066463071,casual
1358081,E260800F70F90359,docked_bike,2021-04-24 16:13:26,2021-04-24 17:02:38,Broadway & W 60 St,6948,Central Park W & W 97 St,7538,40.769155,-73.981918,40.79249519495111,-73.96417066463071,casual
1358082,5D58532B104D7199,docked_bike,2021-04-18 14:26:07,2021-04-18 14:41:41,Broadway & W 60 St,6948,Central Park W & W 97 St,7538,40.769155,-73.981918,40.79249519495111,-73.96417066463071,member
1358083,8FF64634D655DDC1,docked_bike,2021-04-10 18:22:45,2021-04-10 18:44:02,Broadway & W 60 St,6948,Central Park W & W 97 St,7538,40.769155,-73.981918,40.79249519495111,-73.96417066463071,casual
1358087,0E9C8A8D96EB38AC,docked_bike,2021-04-10 18:23:49,2021-04-10 18:44:07,Broadway & W 60 St,6948,Central Park W & W 97 St,7538,40.769155,-73.981918,40.79249519495111,-73.96417066463071,casual
1358095,4B56F12D1BA87A54,docked_bike,2021-04-17 17:37:20,2021-04-17 17:48:26,Broadway & W 60 St,6948,Central Park W & W 97 St,7538,40.769155,-73.981918,40.79249519495111,-73.96417066463071,member
1358105,225A6EADE5C0FAE4,docked_bike,2021-04-28 16:33:50,2021-04-28 16:46:49,Broadway & W 60 St,6948,Central Park W & W 97 St,7538,40.769155,-73.981918,40.79249519495111,-73.96417066463071,member
1358115,F3442C13E9FED45E,docked_bike,2021-04-11 15:32:58,2021-04-11 15:49:14,Broadway & W 60 St,6948,Central Park W & W 97 St,7538,40.769155,-73.981918,40.79249519495111,-73.96417066463071,member
1358116,CFFBAC64AA1D030B,docked_bike,2021-04-18 12:35:25,2021-04-18 13:12:50,Broadway & W 60 St,6948,Central Park W & W 97 St,7538,40.769155,-73.981918,40.79249519495111,-73.96417066463071,member
1358120,7A217D7F08EF2140,docked_bike,2021-04-20 13:01:57,2021-04-20 13:18:28,Broadway & W 60 St,6948,Central Park W & W 97 St,7538,40.769155,-73.981918,40.79249519495111,-73.96417066463071,member
1358121,25E4ACA67AF7A840,docked_bike,2021-04-07 14:23:44,2021-04-07 14:36:28,Broadway & W 60 St,6948,Central Park W & W 97 St,7538,40.769155,-73.981918,40.79249519495111,-73.96417066463071,casual
1358135,F2ACE2F0DBFC08CB,docked_bike,2021-04-09 06:18:12,2021-04-09 06:26:32,Broadway & W 60 St,6948,Central Park W & W 97 St,7538,40.769155,-73.981918,40.79249519495111,-73.96417066463071,member
1358142,66DD3EE279ABACE4,docked_bike,2021-04-28 17:44:53,2021-04-28 17:55:37,Broadway & W 60 St,6948,Central Park W & W 97 St,7538,40.769155,-73.981918,40.79249519495111,-73.96417066463071,member
1358150,4507443A2905F7B4,docked_bike,2021-04-18 17:40:09,2021-04-18 17:53:33,Broadway & W 60 St,6948,Central Park W & W 97 St,7538,40.769155,-73.981918,40.79249519495111,-73.96417066463071,member
1358159,D0FC13CC8E825600,docked_bike,2021-04-10 19:13:46,2021-04-10 19:49:36,Broadway & W 60 St,6948,Central Park W & W 97 St,7538,40.769155,-73.981918,40.79249519495111,-73.96417066463071,casual
1358160,F599FE3CABFBAEBE,docked_bike,2021-04-03 15:45:23,2021-04-03 16:17:53,E 55 St & 2 Ave,6650,Central Park W & W 97 St,7538,40.757973,-73.966033,40.79249519495111,-73.96417066463071,member
1358166,F2539744B248CA75,docked_bike,2021-04-06 13:03:55,2021-04-06 13:55:55,Broadway & W 60 St,6948,Central Park W & W 97 St,7538,40.769155,-73.981918,40.79249519495111,-73.96417066463071,member
1358172,5DEC93F68296D69B,docked_bike,2021-04-10 19:12:39,2021-04-10 19:47:58,Broadway & W 60 St,6948,Central Park W & W 97 St,7538,40.769155,-73.981918,40.79249519495111,-73.96417066463071,casual
1358179,97C0061A514A7E81,docked_bike,2021-04-07 16:31:07,2021-04-07 16:45:55,Broadway & W 60 St,6948,Central Park W & W 97 St,7538,40.769155,-73.981918,40.79249519495111,-73.96417066463071,member
1358186,AE26122E23EA4FD9,docked_bike,2021-04-18 07:57:29,2021-04-18 08:08:06,Broadway & W 60 St,6948,Central Park W & W 97 St,7538,40.769155,-73.981918,40.79249519495111,-73.96417066463071,member
1358195,86E05ACFACBA8D66,docked_bike,2021-04-20 19:32:08,2021-04-20 19:55:29,W 107 St & Columbus Ave,7619,Central Park W & W 97 St,7538,40.799756,-73.962112,40.79249519495111,-73.96417066463071,member
1358197,9E03A83ACE18947D,docked_bike,2021-04-10 17:51:39,2021-04-10 18:04:12,Broadway & W 60 St,6948,Central Park W & W 97 St,7538,40.769155,-73.981918,40.79249519495111,-73.96417066463071,casual
1358198,AD9D8A5F175FD357,docked_bike,2021-04-17 15:17:39,2021-04-17 15:29:19,Broadway & W 60 St,6948,Central Park W & W 97 St,7538,40.769155,-73.981918,40.79249519495111,-73.96417066463071,casual
1358213,08CBDF3A117934BD,docked_bike,2021-04-24 16:08:02,2021-04-24 17:02:29,Broadway & W 60 St,6948,Central Park W & W 97 St,7538,40.769155,-73.981918,40.79249519495111,-73.96417066463071,casual
1358214,3A3512B23CBB324B,docked_bike,2021-04-19 12:33:01,2021-04-19 12:51:12,W 24 St & 7 Ave,6257,Central Park W & W 97 St,7538,40.744876,-73.995298,40.79249519495111,-73.96417066463071,member
1358220,552B9EC76036B5B9,docked_bike,2021-04-24 16:08:43,2021-04-24 17:02:42,Broadway & W 60 St,6948,Central Park W & W 97 St,7538,40.769155,-73.981918,40.79249519495111,-73.96417066463071,casual
1358239,6FFB546F773B0B01,docked_bike,2021-04-06 19:14:37,2021-04-06 19:32:48,Broadway & W 60 St,6948,Central Park W & W 97 St,7538,40.769155,-73.981918,40.79249519495111,-73.96417066463071,member
1358241,14AF81D28CEB1A7B,docked_bike,2021-04-18 13:59:10,2021-04-18 14:52:24,Broadway & W 25 St,6173,Central Park W & W 97 St,7538,40.742868,-73.989186,40.79249519495111,-73.96417066463071,member
1358245,5071D7A45142747D,docked_bike,2021-04-19 16:14:43,2021-04-19 16:59:25,Broadway & W 60 St,6948,Central Park W & W 97 St,7538,40.769155,-73.981918,40.79249519495111,-73.96417066463071,casual
1358247,EF2BAF405A763457,docked_bike,2021-04-30 08:45:38,2021-04-30 08:54:47,Broadway & W 60 St,6948,Central Park W & W 97 St,7538,40.769155,-73.981918,40.79249519495111,-73.96417066463071,member
1358249,F151553746B0EC74,docked_bike,2021-04-02 23:02:43,2021-04-02 23:13:05,Broadway & W 60 St,6948,Central Park W & W 97 St,7538,40.769155,-73.981918,40.79249519495111,-73.96417066463071,member
1358252,06F158E574088A60,docked_bike,2021-04-08 09:38:55,2021-04-08 10:12:17,Broadway & W 25 St,6173,Central Park W & W 97 St,7538,40.742868,-73.989186,40.79249519495111,-73.96417066463071,casual
1358259,3C91CB8DBB653EE9,docked_bike,2021-04-18 14:34:48,2021-04-18 14:53:01,Broadway & W 60 St,6948,Central Park W & W 97 St,7538,40.769155,-73.981918,40.79249519495111,-73.96417066463071,member
1358262,443B11C5300FA989,docked_bike,2021-04-30 08:12:46,2021-04-30 08:49:21,Broadway & W 25 St,6173,Central Park W & W 97 St,7538,40.742868,-73.989186,40.79249519495111,-73.96417066463071,member
1358266,ACA0B937845D9970,docked_bike,2021-04-03 12:19:51,2021-04-03 12:51:31,Broadway & W 60 St,6948,Central Park W & W 97 St,7538,40.769155,-73.981918,40.79249519495111,-73.96417066463071,casual
1358273,8407E32C5995D8E3,docked_bike,2021-04-05 17:23:32,2021-04-05 17:42:08,Broadway & W 60 St,6948,Central Park W & W 97 St,7538,40.769155,-73.981918,40.79249519495111,-73.96417066463071,member
1358279,76E7A26D9151E9A3,docked_bike,2021-04-09 10:19:06,2021-04-09 10:36:22,Broadway & W 60 St,6948,Central Park W & W 97 St,7538,40.769155,-73.981918,40.79249519495111,-73.96417066463071,casual
1358287,06BE3B98B365C979,docked_bike,2021-04-30 16:53:17,2021-04-30 17:09:30,Broadway & W 60 St,6948,Central Park W & W 97 St,7538,40.769155,-73.981918,40.79249519495111,-73.96417066463071,member
1358292,6FFF9BEEDA0CD53E,docked_bike,2021-04-11 16:09:30,2021-04-11 16:24:07,Broadway & W 60 St,6948,Central Park W & W 97 St,7538,40.769155,-73.981918,40.79249519495111,-73.96417066463071,member
1358293,8892AFD3C78A85F9,docked_bike,2021-04-28 12:12:18,2021-04-28 12:23:33,Broadway & W 60 St,6948,Central Park W & W 97 St,7538,40.769155,-73.981918,40.79249519495111,-73.96417066463071,member
1358296,8995C438813E91F9,docked_bike,2021-04-24 15:35:20,2021-04-24 16:01:36,Broadway & W 25 St,6173,Central Park W & W 97 St,7538,40.742869,-73.989186,40.792495,-73.964171,member
1358300,ADEA5ED4DECE79FC,docked_bike,2021-04-03 15:20:03,2021-04-03 15:46:53,E 55 St & 2 Ave,6650,Central Park W & W 97 St,7538,40.757973,-73.966033,40.79249519495111,-73.96417066463071,member
1358309,BD2675AA9D0AF39B,docked_bike,2021-04-12 13:21:54,2021-04-12 13:33:41,Central Park West & W 76 St,7253,Central Park W & W 97 St,7538,40.778967,-73.973747,40.79249519495111,-73.96417066463071,casual
1358313,28362CA1A5A3FAD2,docked_bike,2021-04-28 15:07:36,2021-04-28 16:36:19,Central Park West & W 76 St,7253,Central Park W & W 97 St,7538,40.778968,-73.973747,40.792495,-73.964171,casual
1358315,2B1A88466801F044,docked_bike,2021-04-12 13:21:42,2021-04-12 13:33:45,Central Park West & W 76 St,7253,Central Park W & W 97 St,7538,40.778967,-73.973747,40.79249519495111,-73.96417066463071,casual
1358318,A1C9F001887AF065,docked_bike,2021-04-18 16:00:03,2021-04-18 16:06:22,Central Park West & W 76 St,7253,Central Park W & W 97 St,7538,40.778967,-73.973747,40.79249519495111,-73.96417066463071,member
1358351,9B8E441C38461FC8,docked_bike,2021-04-25 15:01:11,2021-04-25 15:20:00,Broadway & W 60 St,6948,Central Park W & W 97 St,7538,40.769155,-73.981918,40.79249519495111,-73.96417066463071,member
1358354,32BE920C9431655F,docked_bike,2021-04-23 17:35:24,2021-04-23 17:46:39,Broadway & W 60 St,6948,Central Park W & W 97 St,7538,40.769155,-73.981918,40.79249519495111,-73.96417066463071,member
1358364,62ABDD786C819D92,docked_bike,2021-04-14 11:23:58,2021-04-14 11:52:53,Broadway & W 60 St,6948,Central Park W & W 97 St,7538,40.769155,-73.981918,40.79249519495111,-73.96417066463071,casual
1358370,2042635184B9491D,docked_bike,2021-04-17 15:23:52,2021-04-17 15:50:38,E 53 St & Lexington Ave,6617,Central Park W & W 97 St,7538,40.75828,-73.970694,40.79249519495111,-73.96417066463071,member
1358371,51BD86F48F496AFE,docked_bike,2021-04-22 20:40:39,2021-04-22 20:59:48,E 53 St & Lexington Ave,6617,Central Park W & W 97 St,7538,40.75828,-73.970694,40.79249519495111,-73.96417066463071,casual
1358372,124D7705A85B79AD,docked_bike,2021-04-10 18:26:39,2021-04-10 19:12:44,Bedford Ave & Nassau Ave,5550,Central Park W & W 97 St,7538,40.723116,-73.952123,40.79249519495111,-73.96417066463071,member
1358373,F2130668C72CA971,docked_bike,2021-04-10 12:19:21,2021-04-10 12:26:29,W 82 St & Central Park West,7304,Central Park W & W 97 St,7538,40.78275,-73.97137,40.79249519495111,-73.96417066463071,casual
1358375,A42F6A2FAFB20AE7,docked_bike,2021-04-27 12:42:01,2021-04-27 12:50:03,W 82 St & Central Park West,7304,Central Park W & W 97 St,7538,40.78275,-73.97137,40.79249519495111,-73.96417066463071,member
1358384,AE757B0F01737254,docked_bike,2021-04-02 20:22:51,2021-04-02 20:43:05,E 53 St & Lexington Ave,6617,Central Park W & W 97 St,7538,40.75828,-73.970694,40.79249519495111,-73.96417066463071,member
1358388,B7DB210CA00DC9DA,docked_bike,2021-04-13 18:47:51,2021-04-13 18:55:26,W 82 St & Central Park West,7304,Central Park W & W 97 St,7538,40.78275,-73.97137,40.79249519495111,-73.96417066463071,member
1358399,8BFC497425252518,docked_bike,2021-04-28 16:09:59,2021-04-28 16:18:34,W 82 St & Central Park West,7304,Central Park W & W 97 St,7538,40.78275,-73.97137,40.79249519495111,-73.96417066463071,member
1358408,7C60C388760A2F39,docked_bike,2021-04-26 12:23:42,2021-04-26 12:24:07,W 82 St & Central Park West,7304,Central Park W & W 97 St,7538,40.78275,-73.97137,40.79249519495111,-73.96417066463071,casual
1358418,7849A749D97C37A3,docked_bike,2021-04-23 14:23:43,2021-04-23 14:28:33,W 82 St & Central Park West,7304,Central Park W & W 97 St,7538,40.78275,-73.97137,40.79249519495111,-73.96417066463071,member
1358420,13A07EC03D77BB2D,docked_bike,2021-04-23 10:49:48,2021-04-23 10:55:39,W 82 St & Central Park West,7304,Central Park W & W 97 St,7538,40.78275,-73.97137,40.79249519495111,-73.96417066463071,member
1358421,F5AD46F007E3455A,docked_bike,2021-04-18 13:37:03,2021-04-18 13:44:25,W 82 St & Central Park West,7304,Central Park W & W 97 St,7538,40.78275,-73.97137,40.79249519495111,-73.96417066463071,member
1358427,FBE44BD8E53790BE,docked_bike,2021-04-03 22:09:05,2021-04-03 22:17:46,W 82 St & Central Park West,7304,Central Park W & W 97 St,7538,40.78275,-73.97137,40.79249519495111,-73.96417066463071,member
1358437,70B91D37E95CD4CD,docked_bike,2021-04-28 15:32:53,2021-04-28 15:38:43,W 82 St & Central Park West,7304,Central Park W & W 97 St,7538,40.78275,-73.97137,40.79249519495111,-73.96417066463071,casual
1358442,D29448B1664CA793,docked_bike,2021-04-01 15:33:45,2021-04-01 15:41:03,W 82 St & Central Park West,7304,Central Park W & W 97 St,7538,40.78275,-73.97137,40.79249519495111,-73.96417066463071,member
1358443,210AC8C32A0B9D74,docked_bike,2021-04-20 17:10:39,2021-04-20 17:16:39,W 82 St & Central Park West,7304,Central Park W & W 97 St,7538,40.78275,-73.97137,40.79249519495111,-73.96417066463071,member
1358446,9062ED45E815857A,docked_bike,2021-04-19 17:30:48,2021-04-19 17:43:41,W 82 St & Central Park West,7304,Central Park W & W 97 St,7538,40.78275,-73.97137,40.79249519495111,-73.96417066463071,casual
1358464,2386B06ECCC447AD,docked_bike,2021-04-20 16:38:06,2021-04-20 16:46:33,W 82 St & Central Park West,7304,Central Park W & W 97 St,7538,40.78275,-73.97137,40.79249519495111,-73.96417066463071,member
1358465,7A720C00B6EDBD1D,docked_bike,2021-04-24 17:48:21,2021-04-24 17:57:36,W 82 St & Central Park West,7304,Central Park W & W 97 St,7538,40.78275,-73.97137,40.792495,-73.964171,member
1358469,121F088D6156AA2E,docked_bike,2021-04-06 16:45:13,2021-04-06 16:50:58,W 82 St & Central Park West,7304,Central Park W & W 97 St,7538,40.78275,-73.97137,40.79249519495111,-73.96417066463071,member
1358470,1CB9A80B2FF5EFAE,docked_bike,2021-04-20 16:14:51,2021-04-20 16:33:02,W 82 St & Central Park West,7304,Central Park W & W 97 St,7538,40.78275,-73.97137,40.79249519495111,-73.96417066463071,casual
1358472,5966B46F23F6FDA1,docked_bike,2021-04-27 09:54:51,2021-04-27 10:00:48,W 82 St & Central Park West,7304,Central Park W & W 97 St,7538,40.78275,-73.97137,40.79249519495111,-73.96417066463071,member
1358473,241A2BB1476A3BF5,docked_bike,2021-04-13 17:40:14,2021-04-13 17:49:51,W 82 St & Central Park West,7304,Central Park W & W 97 St,7538,40.78275,-73.97137,40.79249519495111,-73.96417066463071,casual
1358479,A879B6ECB2F94D72,docked_bike,2021-04-14 17:02:03,2021-04-14 17:11:09,W 82 St & Central Park West,7304,Central Park W & W 97 St,7538,40.78275,-73.97137,40.79249519495111,-73.96417066463071,casual
1358482,C6526AC49A4C5E2A,docked_bike,2021-04-10 14:23:57,2021-04-10 15:01:57,W 82 St & Central Park West,7304,Central Park W & W 97 St,7538,40.78275,-73.97137,40.79249519495111,-73.96417066463071,casual
1358483,6C21C6CEE92F2E6B,docked_bike,2021-04-17 18:09:50,2021-04-17 18:14:44,W 82 St & Central Park West,7304,Central Park W & W 97 St,7538,40.78275,-73.97137,40.79249519495111,-73.96417066463071,casual
1358487,209760C1F92FB7E1,docked_bike,2021-04-27 16:56:43,2021-04-27 17:03:20,W 82 St & Central Park West,7304,Central Park W & W 97 St,7538,40.78275,-73.97137,40.79249519495111,-73.96417066463071,member
1358491,B5886FFB6F85DE09,docked_bike,2021-04-24 07:28:42,2021-04-24 07:33:32,W 82 St & Central Park West,7304,Central Park W & W 97 St,7538,40.78275,-73.97137,40.79249519495111,-73.96417066463071,member
1358501,45AB6A1FA6AD7133,docked_bike,2021-04-07 16:57:37,2021-04-07 17:39:28,W 82 St & Central Park West,7304,Central Park W & W 97 St,7538,40.78275,-73.97137,40.79249519495111,-73.96417066463071,casual
1358506,8BDB09DCEA51D056,docked_bike,2021-04-10 14:22:03,2021-04-10 15:02:01,W 82 St & Central Park West,7304,Central Park W & W 97 St,7538,40.78275,-73.97137,40.79249519495111,-73.96417066463071,member
1358507,B1CDF216F4AE4F5E,docked_bike,2021-04-03 17:39:18,2021-04-03 18:23:03,W 82 St & Central Park West,7304,Central Park W & W 97 St,7538,40.78275,-73.97137,40.79249519495111,-73.96417066463071,casual
1358510,D86AAAC11CCA9072,docked_bike,2021-04-18 16:48:34,2021-04-18 16:57:39,W 82 St & Central Park West,7304,Central Park W & W 97 St,7538,40.78275,-73.97137,40.79249519495111,-73.96417066463071,member
1358512,F62059176C759CE6,docked_bike,2021-04-22 16:37:27,2021-04-22 16:43:49,W 82 St & Central Park West,7304,Central Park W & W 97 St,7538,40.78275,-73.97137,40.79249519495111,-73.96417066463071,casual
1358516,D63BB0F76748F426,docked_bike,2021-04-16 18:51:05,2021-04-16 18:56:17,W 82 St & Central Park West,7304,Central Park W & W 97 St,7538,40.78275,-73.97137,40.79249519495111,-73.96417066463071,member
1358517,869FD3DCC312D5AC,docked_bike,2021-04-22 17:34:01,2021-04-22 17:38:24,W 82 St & Central Park West,7304,Central Park W & W 97 St,7538,40.78275,-73.97137,40.79249519495111,-73.96417066463071,member
1358521,BA9C35861CA74F28,docked_bike,2021-04-17 12:13:41,2021-04-17 12:18:10,W 82 St & Central Park West,7304,Central Park W & W 97 St,7538,40.78275,-73.97137,40.79249519495111,-73.96417066463071,member
1358522,7559C42D0CDE504E,docked_bike,2021-04-20 14:02:50,2021-04-20 14:42:27,W 147 St & Adam Clayton Powell Blvd,7971,Central Park W & W 97 St,7538,40.82281,-73.937413,40.79249519495111,-73.96417066463071,member
1358526,5FF26118398FCC51,docked_bike,2021-04-13 16:33:32,2021-04-13 16:40:36,W 82 St & Central Park West,7304,Central Park W & W 97 St,7538,40.78275,-73.97137,40.79249519495111,-73.96417066463071,member
1358529,7E4081415A85EE8A,docked_bike,2021-04-08 11:03:56,2021-04-08 12:06:40,W 82 St & Central Park West,7304,Central Park W & W 97 St,7538,40.78275,-73.97137,40.79249519495111,-73.96417066463071,casual
1358544,12469790B9EA4E79,docked_bike,2021-04-21 17:34:12,2021-04-21 17:41:10,W 82 St & Central Park West,7304,Central Park W & W 97 St,7538,40.78275,-73.97137,40.79249519495111,-73.96417066463071,member
1358554,7E11C6821D1B8313,docked_bike,2021-04-30 10:45:11,2021-04-30 10:49:45,W 82 St & Central Park West,7304,Central Park W & W 97 St,7538,40.78275,-73.97137,40.79249519495111,-73.96417066463071,member
1358570,42B27EE260463BA1,docked_bike,2021-04-23 16:25:17,2021-04-23 16:31:39,W 82 St & Central Park West,7304,Central Park W & W 97 St,7538,40.78275,-73.97137,40.79249519495111,-73.96417066463071,member
1358579,99D60B3B282727A9,docked_bike,2021-04-25 12:37:20,2021-04-25 12:49:05,Broadway & W 60 St,6948,Central Park W & W 97 St,7538,40.769155,-73.981918,40.79249519495111,-73.96417066463071,member
1358584,A449B726DF423DA1,docked_bike,2021-04-25 17:44:23,2021-04-25 18:18:47,Broadway & W 60 St,6948,Central Park W & W 97 St,7538,40.769155,-73.981918,40.79249519495111,-73.96417066463071,casual
1358590,137D7D535F915A03,docked_bike,2021-04-05 17:28:28,2021-04-05 17:48:03,Broadway & W 60 St,6948,Central Park W & W 97 St,7538,40.769155,-73.981918,40.79249519495111,-73.96417066463071,member
1358591,63EF546B38B28472,docked_bike,2021-04-04 15:16:51,2021-04-04 15:35:23,Broadway & W 60 St,6948,Central Park W & W 97 St,7538,40.769155,-73.981918,40.79249519495111,-73.96417066463071,member
1358596,43A4EB35AD42C26B,docked_bike,2021-04-23 16:36:27,2021-04-23 16:53:04,Broadway & W 60 St,6948,Central Park W & W 97 St,7538,40.769155,-73.981918,40.79249519495111,-73.96417066463071,member
1358597,FF44E3C7FC6A48A4,docked_bike,2021-04-21 19:42:29,2021-04-21 20:02:34,E 123 St & Lexington Ave,7636,Central Park W & W 97 St,7538,40.802926,-73.9379,40.79249519495111,-73.96417066463071,member
1358599,25F54ED4F1945B8C,docked_bike,2021-04-05 09:05:30,2021-04-05 09:26:42,Broadway & W 60 St,6948,Central Park W & W 97 St,7538,40.769155,-73.981918,40.79249519495111,-73.96417066463071,member
1358605,C939844C2DB0E481,docked_bike,2021-04-30 15:43:37,2021-04-30 16:07:38,W 180 St & Ft Washington Ave,8358,Central Park W & W 97 St,7538,40.849972,-73.938423,40.79249519495111,-73.96417066463071,member
1358618,BF95007FF1E9C50E,docked_bike,2021-04-27 15:41:28,2021-04-27 15:46:41,W 82 St & Central Park West,7304,Central Park W & W 97 St,7538,40.78275,-73.97137,40.79249519495111,-73.96417066463071,member
1358636,2230718E3D475B5E,docked_bike,2021-04-22 16:35:36,2021-04-22 16:54:21,E 53 St & Lexington Ave,6617,Central Park W & W 97 St,7538,40.75828,-73.970694,40.79249519495111,-73.96417066463071,member
1358649,B435EB5017D794C3,docked_bike,2021-04-12 07:13:58,2021-04-12 07:20:59,W 82 St & Central Park West,7304,Central Park W & W 97 St,7538,40.78275,-73.97137,40.79249519495111,-73.96417066463071,member
1358650,AD97208C5D479D01,docked_bike,2021-04-14 19:16:55,2021-04-14 19:22:44,W 82 St & Central Park West,7304,Central Park W & W 97 St,7538,40.78275,-73.97137,40.79249519495111,-73.96417066463071,member
1358651,0B94DABC60E8D1BB,docked_bike,2021-04-10 15:09:05,2021-04-10 15:16:50,W 82 St & Central Park West,7304,Central Park W & W 97 St,7538,40.78275,-73.97137,40.79249519495111,-73.96417066463071,member
1358654,867B056B652C047A,docked_bike,2021-04-10 13:48:53,2021-04-10 13:55:47,W 82 St & Central Park West,7304,Central Park W & W 97 St,7538,40.78275,-73.97137,40.79249519495111,-73.96417066463071,member
1358658,794F0B33AACAF087,docked_bike,2021-04-08 14:47:16,2021-04-08 15:24:48,Grand St & Elizabeth St,5382,Central Park W & W 97 St,7538,40.718822,-73.99596,40.79249519495111,-73.96417066463071,member
1358662,B7C9259D3CE570E6,docked_bike,2021-04-17 15:27:03,2021-04-17 15:37:11,W 82 St & Central Park West,7304,Central Park W & W 97 St,7538,40.78275,-73.97137,40.79249519495111,-73.96417066463071,member
1358667,C0260B94341E77FC,docked_bike,2021-04-20 16:18:56,2021-04-20 16:30:41,W 82 St & Central Park West,7304,Central Park W & W 97 St,7538,40.78275,-73.97137,40.79249519495111,-73.96417066463071,casual
1358668,5A851FF834DF486E,docked_bike,2021-04-18 11:40:59,2021-04-18 12:22:15,W 82 St & Central Park West,7304,Central Park W & W 97 St,7538,40.78275,-73.97137,40.79249519495111,-73.96417066463071,member
1358669,3B6B4C11C94456FA,docked_bike,2021-04-27 14:53:39,2021-04-27 14:59:03,W 82 St & Central Park West,7304,Central Park W & W 97 St,7538,40.78275,-73.97137,40.79249519495111,-73.96417066463071,casual
1358676,FB11676D8AB2281E,docked_bike,2021-04-14 12:30:57,2021-04-14 12:39:32,W 82 St & Central Park West,7304,Central Park W & W 97 St,7538,40.78275,-73.97137,40.79249519495111,-73.96417066463071,member
1358684,00D17CA2BFAA80A1,docked_bike,2021-04-07 16:56:29,2021-04-07 17:39:44,W 82 St & Central Park West,7304,Central Park W & W 97 St,7538,40.78275,-73.97137,40.79249519495111,-73.96417066463071,casual
1358685,FECA680DBFE864A4,docked_bike,2021-04-28 16:53:19,2021-04-28 16:58:43,W 82 St & Central Park West,7304,Central Park W & W 97 St,7538,40.78275,-73.97137,40.79249519495111,-73.96417066463071,member
1358687,F0CB129A3B39E227,docked_bike,2021-04-08 18:16:32,2021-04-08 18:27:08,Central Park West & W 76 St,7253,Central Park W & W 97 St,7538,40.778967,-73.973747,40.79249519495111,-73.96417066463071,member
1358692,2DAC934C268CF67E,docked_bike,2021-04-23 18:34:35,2021-04-23 18:42:05,Central Park West & W 76 St,7253,Central Park W & W 97 St,7538,40.778967,-73.973747,40.79249519495111,-73.96417066463071,member
1358698,CA62361481586CA1,docked_bike,2021-04-06 21:19:30,2021-04-06 21:23:38,W 82 St & Central Park West,7304,Central Park W & W 97 St,7538,40.78275,-73.97137,40.79249519495111,-73.96417066463071,member
1358704,F8756701FC83FF5A,docked_bike,2021-04-30 11:07:20,2021-04-30 11:14:31,W 82 St & Central Park West,7304,Central Park W & W 97 St,7538,40.78275,-73.97137,40.79249519495111,-73.96417066463071,member
1358718,403974D2930D51D8,docked_bike,2021-04-29 10:23:53,2021-04-29 10:30:36,W 82 St & Central Park West,7304,Central Park W & W 97 St,7538,40.78275,-73.97137,40.79249519495111,-73.96417066463071,member
1358727,625E06F9E90E52EF,docked_bike,2021-04-08 11:03:46,2021-04-08 12:06:34,W 82 St & Central Park West,7304,Central Park W & W 97 St,7538,40.78275,-73.97137,40.79249519495111,-73.96417066463071,casual
1358729,3CF94143AE3D51AC,docked_bike,2021-04-23 18:25:47,2021-04-23 18:31:53,W 82 St & Central Park West,7304,Central Park W & W 97 St,7538,40.78275,-73.97137,40.79249519495111,-73.96417066463071,member
1358730,9EE9AC503996E13F,docked_bike,2021-04-24 19:26:22,2021-04-24 19:31:16,W 82 St & Central Park West,7304,Central Park W & W 97 St,7538,40.78275,-73.97137,40.79249519495111,-73.96417066463071,member
1358731,AD332E8FE8320C90,docked_bike,2021-04-25 15:50:18,2021-04-25 15:59:42,W 82 St & Central Park West,7304,Central Park W & W 97 St,7538,40.78275,-73.97137,40.79249519495111,-73.96417066463071,casual
1358734,78A4B7BF1FAA68D4,docked_bike,2021-04-08 21:01:10,2021-04-08 21:12:56,E 84 St & 1 Ave,7180,Central Park W & W 97 St,7538,40.775655,-73.950686,40.79249519495111,-73.96417066463071,casual
1358735,FC4E1A33577FB1C5,docked_bike,2021-04-05 18:42:09,2021-04-05 18:58:13,E 84 St & 1 Ave,7180,Central Park W & W 97 St,7538,40.775655,-73.950686,40.79249519495111,-73.96417066463071,member
1358773,4060678317F7A1AE,docked_bike,2021-04-23 16:09:10,2021-04-23 16:45:18,Vesey Pl & River Terrace,5297,Central Park W & W 97 St,7538,40.715337,-74.016583,40.79249519495111,-73.96417066463071,member
1358776,F16810AEB8D891E3,docked_bike,2021-04-27 16:11:12,2021-04-27 16:25:53,E 84 St & 1 Ave,7180,Central Park W & W 97 St,7538,40.775655,-73.950686,40.79249519495111,-73.96417066463071,member
1358777,DB96245C13FBEF48,docked_bike,2021-04-21 14:01:40,2021-04-21 14:13:25,St Nicholas Ave & W 134 St,7837,Central Park W & W 97 St,7538,40.816234,-73.948222,40.79249519495111,-73.96417066463071,casual
1358796,C13DA2C4CFE35367,docked_bike,2021-04-09 06:51:59,2021-04-09 07:15:58,E 84 St & 1 Ave,7180,Central Park W & W 97 St,7538,40.775655,-73.950686,40.79249519495111,-73.96417066463071,member
1358800,FF36E6C715D5D6D5,docked_bike,2021-04-18 15:33:53,2021-04-18 16:21:49,2 Ave & E 55 St,6650,Central Park W & W 97 St,7538,40.75792,-73.966382,40.79249519495111,-73.96417066463071,member
1358802,0CEA54BF3D015A6C,docked_bike,2021-04-11 06:27:27,2021-04-11 06:42:52,St Nicholas Ave & W 134 St,7837,Central Park W & W 97 St,7538,40.816234,-73.948222,40.79249519495111,-73.96417066463071,casual
1358827,99AE82C5815D1C33,docked_bike,2021-04-14 07:06:09,2021-04-14 07:26:41,E 84 St & 1 Ave,7180,Central Park W & W 97 St,7538,40.775655,-73.950686,40.79249519495111,-73.96417066463071,member
1358833,B2CB8889FC5700AA,docked_bike,2021-04-07 07:59:03,2021-04-07 08:11:37,E 84 St & 1 Ave,7180,Central Park W & W 97 St,7538,40.775655,-73.950686,40.79249519495111,-73.96417066463071,member
1358834,D88986136BA8F391,docked_bike,2021-04-08 21:00:37,2021-04-08 21:13:07,E 84 St & 1 Ave,7180,Central Park W & W 97 St,7538,40.775655,-73.950686,40.79249519495111,-73.96417066463071,member
1358868,82C89C371EF0320F,docked_bike,2021-04-28 14:57:51,2021-04-28 15:12:34,Adam Clayton Powell Blvd & W 132 St,7814,Central Park W & W 97 St,7538,40.813539,-73.94521,40.79249519495111,-73.96417066463071,casual
1358870,F09F31D541DE1C8E,docked_bike,2021-04-06 18:03:44,2021-04-06 18:28:11,Pleasant Ave & E 116 St,7450,Central Park W & W 97 St,7538,40.794987,-73.933334,40.79249519495111,-73.96417066463071,casual
1358886,C8E67ED4C9B493C2,docked_bike,2021-04-19 10:52:20,2021-04-19 11:03:30,W 74 St & Columbus Ave,7230,Central Park W & W 97 St,7538,40.778566,-73.977549,40.79249519495111,-73.96417066463071,member
1358889,70A2F38B9C14C325,docked_bike,2021-04-17 14:01:30,2021-04-17 14:16:34,St Nicholas Ave & W 134 St,7837,Central Park W & W 97 St,7538,40.816234,-73.948222,40.79249519495111,-73.96417066463071,casual
1358893,4F9FF32E486417E9,docked_bike,2021-04-05 11:08:23,2021-04-05 11:24:20,St Nicholas Ave & W 134 St,7837,Central Park W & W 97 St,7538,40.816234,-73.948222,40.792495,-73.964171,member
1358910,3E5E2BE4C34FCF84,docked_bike,2021-04-24 14:39:55,2021-04-24 15:18:12,Roosevelt Island Tramway,6599,Central Park W & W 97 St,7538,40.757284,-73.9536,40.79249519495111,-73.96417066463071,member
1358922,EC79D738396DB045,docked_bike,2021-04-09 08:36:08,2021-04-09 09:21:28,48 St & Broadway,6629,Central Park W & W 97 St,7538,40.755763,-73.912715,40.79249519495111,-73.96417066463071,casual
1358929,C61FA25DDB83DB33,docked_bike,2021-04-14 16:23:45,2021-04-14 16:34:26,Pleasant Ave & E 116 St,7450,Central Park W & W 97 St,7538,40.794987,-73.933334,40.79249519495111,-73.96417066463071,member
1358967,E3F74A9B1C86438C,docked_bike,2021-04-18 15:38:53,2021-04-18 15:47:58,W 74 St & Columbus Ave,7230,Central Park W & W 97 St,7538,40.778566,-73.977549,40.79249519495111,-73.96417066463071,member
1359007,3BA6AEAAD6C99F6B,docked_bike,2021-04-28 19:08:21,2021-04-28 19:17:58,W 74 St & Columbus Ave,7230,Central Park W & W 97 St,7538,40.778566,-73.977549,40.79249519495111,-73.96417066463071,member
1359010,66FB17CC01E3C22D,docked_bike,2021-04-07 07:50:28,2021-04-07 07:58:39,W 74 St & Columbus Ave,7230,Central Park W & W 97 St,7538,40.778566,-73.977549,40.79249519495111,-73.96417066463071,member
1359014,932F86A798041544,docked_bike,2021-04-17 14:53:37,2021-04-17 15:04:37,W 74 St & Columbus Ave,7230,Central Park W & W 97 St,7538,40.778566,-73.977549,40.79249519495111,-73.96417066463071,member
1359019,42836D6C00AA56EA,docked_bike,2021-04-14 17:58:07,2021-04-14 18:07:33,W 74 St & Columbus Ave,7230,Central Park W & W 97 St,7538,40.778566,-73.977549,40.79249519495111,-73.96417066463071,member
1359020,2AB115ACE2AFEFAC,docked_bike,2021-04-22 08:15:28,2021-04-22 08:25:59,W 74 St & Columbus Ave,7230,Central Park W & W 97 St,7538,40.778566,-73.977549,40.79249519495111,-73.96417066463071,member
1359061,A8FF1813D948073C,docked_bike,2021-04-22 17:04:00,2021-04-22 17:10:37,W 82 St & Central Park West,7304,Central Park W & W 97 St,7538,40.78275,-73.97137,40.79249519495111,-73.96417066463071,member
1359064,CFD9080CD6E3EC71,docked_bike,2021-04-26 09:41:37,2021-04-26 09:46:57,W 82 St & Central Park West,7304,Central Park W & W 97 St,7538,40.78275,-73.97137,40.79249519495111,-73.96417066463071,member
1359065,F8153D4B929DAED6,docked_bike,2021-04-29 14:28:00,2021-04-29 14:36:33,W 82 St & Central Park West,7304,Central Park W & W 97 St,7538,40.78275,-73.97137,40.79249519495111,-73.96417066463071,member
1359070,DEC9EE3229190D8B,docked_bike,2021-04-10 12:17:19,2021-04-10 12:26:01,W 82 St & Central Park West,7304,Central Park W & W 97 St,7538,40.78275,-73.97137,40.792495,-73.964171,casual
1359074,3119A2BA0A46A5BD,docked_bike,2021-04-21 17:30:54,2021-04-21 17:38:05,W 82 St & Central Park West,7304,Central Park W & W 97 St,7538,40.78275,-73.97137,40.79249519495111,-73.96417066463071,member
1359084,B9649F8C7B3AA2AC,docked_bike,2021-04-01 16:15:35,2021-04-01 16:29:26,Pleasant Ave & E 116 St,7450,Central Park W & W 97 St,7538,40.794987,-73.933334,40.79249519495111,-73.96417066463071,member
1359103,4740B8EB371B7E58,docked_bike,2021-04-28 19:08:14,2021-04-28 19:18:08,W 74 St & Columbus Ave,7230,Central Park W & W 97 St,7538,40.778566,-73.977549,40.79249519495111,-73.96417066463071,member
1359107,A4584A5EED0B0653,docked_bike,2021-04-21 16:27:56,2021-04-21 16:45:14,E 68 St & 3 Ave,6896,Central Park W & W 97 St,7538,40.767128,-73.962246,40.79249519495111,-73.96417066463071,casual
1359127,025B8C3E6057B548,docked_bike,2021-04-21 06:53:09,2021-04-21 07:09:04,Adam Clayton Powell Blvd & W 132 St,7814,Central Park W & W 97 St,7538,40.813539,-73.94521,40.79249519495111,-73.96417066463071,member
1359137,6184C330864F51AB,docked_bike,2021-04-19 06:39:45,2021-04-19 06:50:06,Adam Clayton Powell Blvd & W 132 St,7814,Central Park W & W 97 St,7538,40.813539,-73.94521,40.79249519495111,-73.96417066463071,casual
1359154,D175F90A3578502C,docked_bike,2021-04-20 07:16:11,2021-04-20 07:46:41,W 30 St & 10 Ave,6459,Central Park W & W 97 St,7538,40.752694,-74.002353,40.79249519495111,-73.96417066463071,casual
1359157,C4EA6C37B70AC348,docked_bike,2021-04-22 20:35:47,2021-04-22 20:52:19,W 50 St & 9 Ave,6854,Central Park W & W 97 St,7538,40.763604,-73.989179,40.79249519495111,-73.96417066463071,member
1359158,F84077F52925457F,docked_bike,2021-04-20 18:52:24,2021-04-20 19:10:17,W 50 St & 9 Ave,6854,Central Park W & W 97 St,7538,40.763604,-73.989179,40.79249519495111,-73.96417066463071,member
1359159,8FB32B1D99D97EC1,docked_bike,2021-04-08 19:56:44,2021-04-08 20:14:22,W 50 St & 9 Ave,6854,Central Park W & W 97 St,7538,40.763604,-73.989179,40.79249519495111,-73.96417066463071,member
1359160,9168796052FC84BE,docked_bike,2021-04-02 18:33:05,2021-04-02 18:50:57,W 50 St & 9 Ave,6854,Central Park W & W 97 St,7538,40.763604,-73.989179,40.79249519495111,-73.96417066463071,member
1359161,BE77A0829310D1CA,docked_bike,2021-04-14 19:01:38,2021-04-14 19:17:53,W 50 St & 9 Ave,6854,Central Park W & W 97 St,7538,40.763604,-73.989179,40.79249519495111,-73.96417066463071,member
1359162,48CA2B52BC3A2B53,docked_bike,2021-04-07 19:10:15,2021-04-07 19:27:11,W 50 St & 9 Ave,6854,Central Park W & W 97 St,7538,40.763604,-73.989179,40.79249519495111,-73.96417066463071,member
1359163,25D354C0F0CF81D1,docked_bike,2021-04-26 18:01:27,2021-04-26 18:19:06,W 50 St & 9 Ave,6854,Central Park W & W 97 St,7538,40.763604,-73.989179,40.79249519495111,-73.96417066463071,member
1359206,87043DD2387714CA,docked_bike,2021-04-15 20:22:32,2021-04-15 20:42:04,W 50 St & 9 Ave,6854,Central Park W & W 97 St,7538,40.763604,-73.989179,40.79249519495111,-73.96417066463071,member
1359207,54B12D072556FCF3,docked_bike,2021-04-30 18:40:11,2021-04-30 19:07:37,W 50 St & 9 Ave,6854,Central Park W & W 97 St,7538,40.763604,-73.989179,40.79249519495111,-73.96417066463071,member
1359208,ED4EBF6A5494DB08,docked_bike,2021-04-12 18:08:44,2021-04-12 18:25:31,W 50 St & 9 Ave,6854,Central Park W & W 97 St,7538,40.763604,-73.989179,40.79249519495111,-73.96417066463071,member
1359232,06858625B7600552,docked_bike,2021-04-05 11:37:22,2021-04-05 11:53:47,E 68 St & 3 Ave,6896,Central Park W & W 97 St,7538,40.767128,-73.962246,40.79249519495111,-73.96417066463071,casual
1359235,C81DA4B79FADA240,docked_bike,2021-04-29 14:37:12,2021-04-29 14:54:34,E 68 St & 3 Ave,6896,Central Park W & W 97 St,7538,40.767128,-73.962246,40.79249519495111,-73.96417066463071,casual
1359245,5A5DD23615D1ED91,docked_bike,2021-04-28 16:38:04,2021-04-28 16:52:46,E 68 St & 3 Ave,6896,Central Park W & W 97 St,7538,40.767128,-73.962246,40.79249519495111,-73.96417066463071,casual
1359252,723D8D2E7D0B5C58,docked_bike,2021-04-01 20:03:51,2021-04-01 20:17:44,W 50 St & 9 Ave,6854,Central Park W & W 97 St,7538,40.763604,-73.989179,40.79249519495111,-73.96417066463071,member
1359255,C2485943E32AA6FB,docked_bike,2021-04-20 15:14:23,2021-04-20 15:39:47,Amsterdam Ave & W 162 St,8172,Central Park W & W 97 St,7538,40.83618,-73.939789,40.79249519495111,-73.96417066463071,member
1359284,072AAF3D84E1BA76,docked_bike,2021-04-24 17:31:44,2021-04-24 17:53:20,Amsterdam Ave & W 162 St,8172,Central Park W & W 97 St,7538,40.83618,-73.939789,40.79249519495111,-73.96417066463071,member
1359288,5A13133BAEFB302D,docked_bike,2021-04-18 15:04:58,2021-04-18 15:51:51,E 16 St & 5 Ave,6022,Central Park W & W 97 St,7538,40.737261,-73.992389,40.79249519495111,-73.96417066463071,member
1359292,28688C3C8B033129,docked_bike,2021-04-12 15:36:31,2021-04-12 15:38:14,Columbus Ave & W 95 St,7520,Central Park W & W 97 St,7538,40.791955,-73.968087,40.79249519495111,-73.96417066463071,member
1359293,C36DA1719DA629CD,docked_bike,2021-04-15 05:56:12,2021-04-15 05:58:18,Columbus Ave & W 95 St,7520,Central Park W & W 97 St,7538,40.791955,-73.968087,40.79249519495111,-73.96417066463071,member
1359297,00A67CC41B33483E,docked_bike,2021-04-29 09:08:48,2021-04-29 09:12:46,Columbus Ave & W 95 St,7520,Central Park W & W 97 St,7538,40.791955,-73.968087,40.79249519495111,-73.96417066463071,member
1359299,2CB5EB69DEB031B2,docked_bike,2021-04-22 15:01:36,2021-04-22 15:04:43,Columbus Ave & W 95 St,7520,Central Park W & W 97 St,7538,40.791955,-73.968087,40.79249519495111,-73.96417066463071,member
1359300,DA58CCD6ED7893BD,docked_bike,2021-04-18 15:04:35,2021-04-18 15:51:52,E 16 St & 5 Ave,6022,Central Park W & W 97 St,7538,40.737261,-73.992389,40.79249519495111,-73.96417066463071,member
1359301,644514ACD1A384D8,docked_bike,2021-04-25 14:52:53,2021-04-25 14:58:50,Columbus Ave & W 95 St,7520,Central Park W & W 97 St,7538,40.791955,-73.968087,40.79249519495111,-73.96417066463071,member
1359306,1D1F79BE14363802,docked_bike,2021-04-19 05:47:30,2021-04-19 06:07:13,W 30 St & 10 Ave,6459,Central Park W & W 97 St,7538,40.752694,-74.002353,40.79249519495111,-73.96417066463071,member
1359310,09B8341A9C33E625,docked_bike,2021-04-29 17:06:51,2021-04-29 17:36:15,W 30 St & 10 Ave,6459,Central Park W & W 97 St,7538,40.752694,-74.002353,40.79249519495111,-73.96417066463071,member
1359330,15C0C5EA84102124,docked_bike,2021-04-14 19:18:23,2021-04-14 20:27:26,W 30 St & 10 Ave,6459,Central Park W & W 97 St,7538,40.752694,-74.002353,40.792495,-73.964171,casual
1359341,F42BD33EDE98147B,docked_bike,2021-04-19 18:07:39,2021-04-19 18:23:40,W 50 St & 9 Ave,6854,Central Park W & W 97 St,7538,40.763604,-73.989179,40.79249519495111,-73.96417066463071,member
1359342,76A7AAD00607CC8E,docked_bike,2021-04-01 19:38:55,2021-04-01 19:57:06,W 50 St & 9 Ave,6854,Central Park W & W 97 St,7538,40.763604,-73.989179,40.79249519495111,-73.96417066463071,member
1359343,7CD828BCF56046B6,docked_bike,2021-04-23 18:17:33,2021-04-23 18:36:27,W 50 St & 9 Ave,6854,Central Park W & W 97 St,7538,40.763604,-73.989179,40.79249519495111,-73.96417066463071,member
1359344,F38AB3D90314022F,docked_bike,2021-04-28 18:54:09,2021-04-28 19:10:36,W 50 St & 9 Ave,6854,Central Park W & W 97 St,7538,40.763604,-73.989179,40.79249519495111,-73.96417066463071,member
1359345,28B80C004554D806,docked_bike,2021-04-29 20:14:38,2021-04-29 20:31:17,W 50 St & 9 Ave,6854,Central Park W & W 97 St,7538,40.763604,-73.989179,40.79249519495111,-73.96417066463071,member
1359350,B45FEE427A549675,docked_bike,2021-04-27 17:47:49,2021-04-27 18:15:08,E 16 St & 5 Ave,6022,Central Park W & W 97 St,7538,40.737262,-73.99239,40.792495,-73.964171,member
1359351,D4E33A077FD980F5,docked_bike,2021-04-25 00:06:15,2021-04-25 00:08:31,Columbus Ave & W 95 St,7520,Central Park W & W 97 St,7538,40.791955,-73.968087,40.79249519495111,-73.96417066463071,member
1359352,AE1D2EED2B7479F3,docked_bike,2021-04-23 14:55:17,2021-04-23 15:21:03,Columbus Ave & W 95 St,7520,Central Park W & W 97 St,7538,40.791956,-73.968087,40.792495,-73.964171,casual
1359354,F80840939FEF4A6D,docked_bike,2021-04-21 12:43:55,2021-04-21 12:47:17,Columbus Ave & W 95 St,7520,Central Park W & W 97 St,7538,40.791955,-73.968087,40.79249519495111,-73.96417066463071,member
1359357,BA15A0E9EAE03394,docked_bike,2021-04-05 19:13:43,2021-04-05 19:46:06,Columbus Ave & W 95 St,7520,Central Park W & W 97 St,7538,40.791955,-73.968087,40.79249519495111,-73.96417066463071,casual
1359364,DA105649A473C2F5,docked_bike,2021-04-09 20:31:35,2021-04-09 20:51:21,Columbus Ave & W 95 St,7520,Central Park W & W 97 St,7538,40.791955,-73.968087,40.79249519495111,-73.96417066463071,casual
1359365,2CBAAF1265EB5E68,docked_bike,2021-04-16 08:22:09,2021-04-16 09:00:50,Columbus Ave & W 95 St,7520,Central Park W & W 97 St,7538,40.791955,-73.968087,40.79249519495111,-73.96417066463071,member
1359366,3B64DA22C3EF10EA,docked_bike,2021-04-15 00:41:06,2021-04-15 01:07:41,E 16 St & 5 Ave,6022,Central Park W & W 97 St,7538,40.737261,-73.992389,40.79249519495111,-73.96417066463071,member
1359367,9D4BFD161BE6F202,docked_bike,2021-04-02 12:18:13,2021-04-02 12:34:48,Columbus Ave & W 95 St,7520,Central Park W & W 97 St,7538,40.791955,-73.968087,40.79249519495111,-73.96417066463071,member
1359370,48B5D2242BBEA202,docked_bike,2021-04-17 11:53:36,2021-04-17 11:55:30,Columbus Ave & W 95 St,7520,Central Park W & W 97 St,7538,40.791955,-73.968087,40.79249519495111,-73.96417066463071,member
1359371,801060129DF91DDE,docked_bike,2021-04-17 11:44:23,2021-04-17 11:46:26,Columbus Ave & W 95 St,7520,Central Park W & W 97 St,7538,40.791955,-73.968087,40.79249519495111,-73.96417066463071,member
1359372,7CF96D23060326C4,docked_bike,2021-04-13 10:00:38,2021-04-13 10:25:30,Columbus Ave & W 95 St,7520,Central Park W & W 97 St,7538,40.791955,-73.968087,40.79249519495111,-73.96417066463071,casual
1359374,837754A85384194F,docked_bike,2021-04-30 12:04:09,2021-04-30 12:44:22,Columbus Ave & W 95 St,7520,Central Park W & W 97 St,7538,40.791955,-73.968087,40.79249519495111,-73.96417066463071,member
1359377,B23AE4C216B8214A,docked_bike,2021-04-12 08:14:25,2021-04-12 09:10:10,Columbus Ave & W 95 St,7520,Central Park W & W 97 St,7538,40.791955,-73.968087,40.79249519495111,-73.96417066463071,member
1359385,344A48776396F6CD,docked_bike,2021-04-07 13:12:39,2021-04-07 13:19:26,Columbus Ave & W 95 St,7520,Central Park W & W 97 St,7538,40.791955,-73.968087,40.79249519495111,-73.96417066463071,member
1359387,2853A9FEF8702097,docked_bike,2021-04-17 14:08:06,2021-04-17 14:10:50,Columbus Ave & W 95 St,7520,Central Park W & W 97 St,7538,40.791955,-73.968087,40.79249519495111,-73.96417066463071,member
1359389,5173BD7BEDF8D2A8,docked_bike,2021-04-30 16:27:31,2021-04-30 16:58:43,Columbus Ave & W 95 St,7520,Central Park W & W 97 St,7538,40.791955,-73.968087,40.79249519495111,-73.96417066463071,member
1359394,DDF4760FD9FB013F,docked_bike,2021-04-16 15:19:53,2021-04-16 15:37:59,Columbus Ave & W 95 St,7520,Central Park W & W 97 St,7538,40.791955,-73.968087,40.79249519495111,-73.96417066463071,member
1359397,9A3610F361736799,docked_bike,2021-04-17 11:48:48,2021-04-17 11:50:46,Columbus Ave & W 95 St,7520,Central Park W & W 97 St,7538,40.791955,-73.968087,40.79249519495111,-73.96417066463071,member
1359398,2E22B1C4900D1199,docked_bike,2021-04-14 15:28:54,2021-04-14 15:31:05,Columbus Ave & W 95 St,7520,Central Park W & W 97 St,7538,40.791955,-73.968087,40.79249519495111,-73.96417066463071,member
1359400,D8F63EDC2A23600C,docked_bike,2021-04-18 00:35:03,2021-04-18 01:11:31,Columbus Ave & W 95 St,7520,Central Park W & W 97 St,7538,40.791955,-73.968087,40.79249519495111,-73.96417066463071,member
1359408,3700FEEC85ABD313,docked_bike,2021-04-04 15:43:41,2021-04-04 15:54:02,Columbus Ave & W 95 St,7520,Central Park W & W 97 St,7538,40.791955,-73.968087,40.79249519495111,-73.96417066463071,member
1359410,8581C5894DBFC7F6,docked_bike,2021-04-14 12:05:48,2021-04-14 12:10:49,Columbus Ave & W 95 St,7520,Central Park W & W 97 St,7538,40.791955,-73.968087,40.79249519495111,-73.96417066463071,member
1359418,6921F95A72A1985C,docked_bike,2021-04-14 15:06:53,2021-04-14 15:10:06,Columbus Ave & W 95 St,7520,Central Park W & W 97 St,7538,40.791955,-73.968087,40.79249519495111,-73.96417066463071,member
1359420,D181605BC3AF1275,docked_bike,2021-04-18 19:51:06,2021-04-18 20:28:43,Columbus Ave & W 95 St,7520,Central Park W & W 97 St,7538,40.791955,-73.968087,40.79249519495111,-73.96417066463071,member
1359421,8350AE24A4F2E2C8,docked_bike,2021-04-30 19:29:00,2021-04-30 19:31:17,Columbus Ave & W 95 St,7520,Central Park W & W 97 St,7538,40.791955,-73.968087,40.79249519495111,-73.96417066463071,member
1359431,C901D2BB6DD65AF7,docked_bike,2021-04-29 14:57:27,2021-04-29 14:59:27,Columbus Ave & W 95 St,7520,Central Park W & W 97 St,7538,40.791955,-73.968087,40.79249519495111,-73.96417066463071,member
1359433,54B04EC7B96F5B17,docked_bike,2021-04-10 23:10:08,2021-04-10 23:36:43,Columbus Ave & W 95 St,7520,Central Park W & W 97 St,7538,40.791955,-73.968087,40.79249519495111,-73.96417066463071,member
1359434,90EA350EF87B8EBA,docked_bike,2021-04-13 23:24:07,2021-04-13 23:49:03,E 16 St & 5 Ave,6022,Central Park W & W 97 St,7538,40.737261,-73.992389,40.79249519495111,-73.96417066463071,member
1359452,CAA0982DC961D56B,docked_bike,2021-04-26 18:44:09,2021-04-26 19:04:55,E 68 St & 3 Ave,6896,Central Park W & W 97 St,7538,40.767128,-73.962246,40.79249519495111,-73.96417066463071,member
1359455,C246555AA123C42B,docked_bike,2021-04-14 19:19:52,2021-04-14 20:27:00,W 30 St & 10 Ave,6459,Central Park W & W 97 St,7538,40.752694,-74.002353,40.792495,-73.964171,casual
1359461,616712D850EEEDA8,docked_bike,2021-04-24 17:30:22,2021-04-24 17:53:18,Amsterdam Ave & W 162 St,8172,Central Park W & W 97 St,7538,40.83618,-73.939789,40.79249519495111,-73.96417066463071,member
1359462,B0F93293C535CEEB,docked_bike,2021-04-17 12:52:15,2021-04-17 13:04:53,W 50 St & 9 Ave,6854,Central Park W & W 97 St,7538,40.763604,-73.989179,40.79249519495111,-73.96417066463071,member
1359464,03A7E923B7A6D3AB,docked_bike,2021-04-23 14:55:18,2021-04-23 15:20:38,Columbus Ave & W 95 St,7520,Central Park W & W 97 St,7538,40.791956,-73.968087,40.792495,-73.964171,casual
1359469,18DD88ABA70F2B66,docked_bike,2021-04-23 14:54:35,2021-04-23 15:20:38,Columbus Ave & W 95 St,7520,Central Park W & W 97 St,7538,40.791956,-73.968087,40.792495,-73.964171,casual
1359473,FFAE2636B8F67242,docked_bike,2021-04-23 08:48:57,2021-04-23 09:25:25,Columbus Ave & W 95 St,7520,Central Park W & W 97 St,7538,40.791955,-73.968087,40.79249519495111,-73.96417066463071,member
1359475,71DC1A0160C42BD0,docked_bike,2021-04-17 11:59:48,2021-04-17 12:02:02,Columbus Ave & W 95 St,7520,Central Park W & W 97 St,7538,40.791955,-73.968087,40.79249519495111,-73.96417066463071,member
1359482,510E4BE3448A35AF,docked_bike,2021-04-22 21:04:15,2021-04-22 21:18:56,2 Ave & E 122 St,7622,Central Park W & W 97 St,7538,40.800672,-73.9349,40.79249519495111,-73.96417066463071,casual
1359491,77538E9BEED58ABD,docked_bike,2021-04-24 09:35:08,2021-04-24 09:37:10,Columbus Ave & W 95 St,7520,Central Park W & W 97 St,7538,40.791955,-73.968087,40.79249519495111,-73.96417066463071,member
1359494,E3E23C12360E320C,docked_bike,2021-04-19 14:51:01,2021-04-19 14:52:48,Columbus Ave & W 95 St,7520,Central Park W & W 97 St,7538,40.791955,-73.968087,40.79249519495111,-73.96417066463071,member
1359498,95083AD35E4B5354,docked_bike,2021-04-13 14:58:03,2021-04-13 15:00:38,Columbus Ave & W 95 St,7520,Central Park W & W 97 St,7538,40.791955,-73.968087,40.79249519495111,-73.96417066463071,member
1359507,E82E712B5888B107,docked_bike,2021-04-29 08:26:57,2021-04-29 08:37:59,E 88 St & Park Ave,7293,Central Park W & W 97 St,7538,40.78141,-73.955959,40.79249519495111,-73.96417066463071,member
1359511,669E3A766BC74943,docked_bike,2021-04-27 18:15:54,2021-04-27 18:36:21,E 88 St & Park Ave,7293,Central Park W & W 97 St,7538,40.78141,-73.955959,40.79249519495111,-73.96417066463071,casual
1359514,6463C16BE166372F,docked_bike,2021-04-22 13:49:01,2021-04-22 13:58:46,E 88 St & Park Ave,7293,Central Park W & W 97 St,7538,40.78141,-73.955959,40.79249519495111,-73.96417066463071,member
1359515,FD523797EA0AB66A,docked_bike,2021-04-23 18:02:16,2021-04-23 18:14:11,E 88 St & Park Ave,7293,Central Park W & W 97 St,7538,40.781411,-73.955959,40.792495,-73.964171,member
1359521,BB745CEBE0C6DAB4,docked_bike,2021-04-08 14:26:02,2021-04-08 14:39:42,E 88 St & Park Ave,7293,Central Park W & W 97 St,7538,40.78141,-73.955959,40.79249519495111,-73.96417066463071,casual
1359530,309BABB0F10C3739,docked_bike,2021-04-05 19:53:34,2021-04-05 20:11:17,W 50 St & 9 Ave,6854,Central Park W & W 97 St,7538,40.763604,-73.989179,40.79249519495111,-73.96417066463071,member
1359532,51FBE6A02E1AEDF1,docked_bike,2021-04-21 19:43:11,2021-04-21 20:05:53,W 50 St & 9 Ave,6854,Central Park W & W 97 St,7538,40.763604,-73.989179,40.79249519495111,-73.96417066463071,member
1359533,905008B487098647,docked_bike,2021-04-13 19:17:44,2021-04-13 19:35:38,W 50 St & 9 Ave,6854,Central Park W & W 97 St,7538,40.763604,-73.989179,40.79249519495111,-73.96417066463071,member
1359534,ABE2041C116A6E84,docked_bike,2021-04-18 17:57:16,2021-04-18 18:15:29,W 50 St & 9 Ave,6854,Central Park W & W 97 St,7538,40.763604,-73.989179,40.79249519495111,-73.96417066463071,member
1359552,9C41A1F12F88D9F0,docked_bike,2021-04-03 16:58:21,2021-04-03 17:32:50,Central Park S & 6 Ave,6876,Central Park W & W 97 St,7538,40.765909,-73.976341,40.79249519495111,-73.96417066463071,casual
1359563,A599219DE58A388A,docked_bike,2021-04-07 18:51:51,2021-04-07 19:05:02,Central Park S & 6 Ave,6876,Central Park W & W 97 St,7538,40.765909,-73.976341,40.79249519495111,-73.96417066463071,member
1359566,D23128C334F5EB2D,docked_bike,2021-04-18 16:55:37,2021-04-18 18:26:05,Central Park S & 6 Ave,6876,Central Park W & W 97 St,7538,40.765909,-73.976341,40.79249519495111,-73.96417066463071,casual
1359575,FDE9618FF81C1DC8,docked_bike,2021-04-10 04:46:30,2021-04-10 05:07:56,2 Ave & E 122 St,7622,Central Park W & W 97 St,7538,40.800672,-73.9349,40.79249519495111,-73.96417066463071,casual
1359591,C1A44CAA7B07EBE9,docked_bike,2021-04-08 12:34:31,2021-04-08 13:26:34,E 88 St & Park Ave,7293,Central Park W & W 97 St,7538,40.78141,-73.955959,40.79249519495111,-73.96417066463071,casual
1359594,97261A6A842EA034,docked_bike,2021-04-23 13:50:50,2021-04-23 13:59:14,E 88 St & Park Ave,7293,Central Park W & W 97 St,7538,40.78141,-73.955959,40.79249519495111,-73.96417066463071,member
1359595,39769FBCE67C2CFD,docked_bike,2021-04-11 00:41:05,2021-04-11 00:51:27,E 88 St & Park Ave,7293,Central Park W & W 97 St,7538,40.78141,-73.955959,40.79249519495111,-73.96417066463071,casual
1359597,D4BB140E2A8265E7,docked_bike,2021-04-25 17:51:34,2021-04-25 18:43:13,11 Ave & W 27 St,6425,Central Park W & W 97 St,7538,40.751396,-74.005226,40.79249519495111,-73.96417066463071,member
1359599,6DD52CD4023504FB,docked_bike,2021-04-12 14:42:23,2021-04-12 14:55:38,E 88 St & Park Ave,7293,Central Park W & W 97 St,7538,40.78141,-73.955959,40.79249519495111,-73.96417066463071,member
1359600,1DEB3F17253B548B,docked_bike,2021-04-21 18:06:35,2021-04-21 18:17:03,E 88 St & Park Ave,7293,Central Park W & W 97 St,7538,40.78141,-73.955959,40.79249519495111,-73.96417066463071,member
1359601,44807357A0E5165F,docked_bike,2021-04-30 13:31:08,2021-04-30 13:42:39,E 88 St & Park Ave,7293,Central Park W & W 97 St,7538,40.78141,-73.955959,40.79249519495111,-73.96417066463071,member
1359603,9EE07F7536FA07F2,docked_bike,2021-04-03 16:52:46,2021-04-03 17:13:01,E 88 St & Park Ave,7293,Central Park W & W 97 St,7538,40.78141,-73.955959,40.79249519495111,-73.96417066463071,member
1359606,3F74364470F62398,docked_bike,2021-04-19 14:51:18,2021-04-19 15:03:21,E 88 St & Park Ave,7293,Central Park W & W 97 St,7538,40.78141,-73.955959,40.79249519495111,-73.96417066463071,member
1359609,C5B076FD69D485E6,docked_bike,2021-04-28 13:13:39,2021-04-28 13:23:20,E 88 St & Park Ave,7293,Central Park W & W 97 St,7538,40.78141,-73.955959,40.79249519495111,-73.96417066463071,member
1359610,6A898523367B99C4,docked_bike,2021-04-21 11:56:55,2021-04-21 12:09:38,E 88 St & Park Ave,7293,Central Park W & W 97 St,7538,40.78141,-73.955959,40.79249519495111,-73.96417066463071,member
1359611,3DFC962381FBB184,docked_bike,2021-04-14 11:57:05,2021-04-14 12:09:58,E 88 St & Park Ave,7293,Central Park W & W 97 St,7538,40.78141,-73.955959,40.79249519495111,-73.96417066463071,member
1359612,0A2AD6FD049075B6,docked_bike,2021-04-20 12:37:18,2021-04-20 12:47:24,E 88 St & Park Ave,7293,Central Park W & W 97 St,7538,40.78141,-73.955959,40.79249519495111,-73.96417066463071,member
1359614,F4290B154EA386F0,docked_bike,2021-04-28 08:30:25,2021-04-28 08:39:12,E 88 St & Park Ave,7293,Central Park W & W 97 St,7538,40.78141,-73.955959,40.79249519495111,-73.96417066463071,member
1359630,7B1E1B404C2E220E,docked_bike,2021-04-06 17:56:24,2021-04-06 18:39:36,E 88 St & Park Ave,7293,Central Park W & W 97 St,7538,40.781411,-73.955959,40.792495,-73.964171,member
1359644,2F274F8E39BFC98E,docked_bike,2021-04-17 07:49:26,2021-04-17 07:57:11,St. Nicholas Ave & W 126 St,7756,Central Park W & W 97 St,7538,40.811432,-73.951877,40.79249519495111,-73.96417066463071,member
1359654,2A65486A655AB3AA,docked_bike,2021-04-17 14:13:41,2021-04-17 15:06:52,Central Park West & W 85 St,7354,Central Park W & W 97 St,7538,40.78476,-73.969862,40.79249519495111,-73.96417066463071,casual
1359655,67AC6C223B20D6C9,docked_bike,2021-04-10 16:37:36,2021-04-10 16:40:46,Central Park West & W 85 St,7354,Central Park W & W 97 St,7538,40.78476,-73.969862,40.79249519495111,-73.96417066463071,member
1359659,3E5D7364F16A9FBA,docked_bike,2021-04-23 16:16:04,2021-04-23 16:36:31,West End Ave & W 78 St,7340,Central Park W & W 97 St,7538,40.783786,-73.981687,40.79249519495111,-73.96417066463071,member
1359670,E744E32C9066669E,docked_bike,2021-04-07 16:31:14,2021-04-07 16:42:05,St. Nicholas Ave & W 126 St,7756,Central Park W & W 97 St,7538,40.811432,-73.951877,40.79249519495111,-73.96417066463071,member
1359683,54DC39A0362C8617,docked_bike,2021-04-21 17:25:51,2021-04-21 17:45:41,W 51 St & 6 Ave,6740,Central Park W & W 97 St,7538,40.760659,-73.98042,40.79249519495111,-73.96417066463071,member
1359695,CA7CDADCB843EFE2,docked_bike,2021-04-04 13:02:32,2021-04-04 13:16:20,W 56 St & 10 Ave,6955,Central Park W & W 97 St,7538,40.768254,-73.988639,40.79249519495111,-73.96417066463071,member
1359703,E686A7816F93D4BB,docked_bike,2021-04-14 17:15:24,2021-04-14 17:36:16,W 51 St & 6 Ave,6740,Central Park W & W 97 St,7538,40.760659,-73.98042,40.79249519495111,-73.96417066463071,member
1359714,3FA8B414E3A1044F,docked_bike,2021-04-28 09:35:34,2021-04-28 10:00:47,W 51 St & 6 Ave,6740,Central Park W & W 97 St,7538,40.760659,-73.98042,40.79249519495111,-73.96417066463071,member
1359716,2714DC6C919024E0,docked_bike,2021-04-24 14:40:38,2021-04-24 14:58:55,W 56 St & 10 Ave,6955,Central Park W & W 97 St,7538,40.768254,-73.988639,40.79249519495111,-73.96417066463071,member
1359743,55375297C6111F94,docked_bike,2021-04-08 17:22:41,2021-04-08 17:41:32,W 51 St & 6 Ave,6740,Central Park W & W 97 St,7538,40.760659,-73.98042,40.79249519495111,-73.96417066463071,member
1359747,48801FF7AB38C198,docked_bike,2021-04-19 18:57:39,2021-04-19 19:15:59,W 56 St & 10 Ave,6955,Central Park W & W 97 St,7538,40.768254,-73.988639,40.79249519495111,-73.96417066463071,member
1359761,B21DC2CE645EACCC,docked_bike,2021-04-27 17:22:05,2021-04-27 17:46:18,W 51 St & 6 Ave,6740,Central Park W & W 97 St,7538,40.760659,-73.98042,40.79249519495111,-73.96417066463071,member
1359762,DD2F39C3D19C2ABC,docked_bike,2021-04-19 18:05:20,2021-04-19 18:26:04,W 51 St & 6 Ave,6740,Central Park W & W 97 St,7538,40.760659,-73.98042,40.79249519495111,-73.96417066463071,member
1359766,BA89FB47BCDD8A1A,docked_bike,2021-04-02 20:25:02,2021-04-02 20:43:13,W 51 St & 6 Ave,6740,Central Park W & W 97 St,7538,40.760659,-73.98042,40.79249519495111,-73.96417066463071,member
1359767,E04594E4D9B7F46B,docked_bike,2021-04-02 17:36:50,2021-04-02 17:58:55,W 51 St & 6 Ave,6740,Central Park W & W 97 St,7538,40.760659,-73.98042,40.79249519495111,-73.96417066463071,member
1359768,F9B56ECFF5A67926,docked_bike,2021-04-24 15:21:33,2021-04-24 15:36:46,11 Ave & W 59 St,7059,Central Park W & W 97 St,7538,40.771496,-73.99046,40.79249519495111,-73.96417066463071,member
1359770,B682AB4E874A0C1B,docked_bike,2021-04-10 15:51:51,2021-04-10 16:13:24,12 Ave & W 125 St,7886,Central Park W & W 97 St,7538,40.818299,-73.960405,40.79249519495111,-73.96417066463071,member
1359772,B268D21FD6DAC3DA,docked_bike,2021-04-24 10:08:03,2021-04-24 10:47:53,12 Ave & W 125 St,7886,Central Park W & W 97 St,7538,40.818299,-73.960405,40.79249519495111,-73.96417066463071,casual
1359782,22CF73BB1C725607,docked_bike,2021-04-18 14:34:42,2021-04-18 15:18:25,W 56 St & 10 Ave,6955,Central Park W & W 97 St,7538,40.768254,-73.988639,40.79249519495111,-73.96417066463071,member
1359794,66E094670AF742E8,docked_bike,2021-04-03 16:35:00,2021-04-03 17:15:05,W 51 St & 6 Ave,6740,Central Park W & W 97 St,7538,40.760659,-73.98042,40.79249519495111,-73.96417066463071,member
1359801,23DA3E89DFBEB866,docked_bike,2021-04-16 16:07:18,2021-04-16 16:27:06,W 51 St & 6 Ave,6740,Central Park W & W 97 St,7538,40.760659,-73.98042,40.79249519495111,-73.96417066463071,member
1359802,7854C3DD94D4C9A5,docked_bike,2021-04-15 16:13:01,2021-04-15 16:31:51,W 51 St & 6 Ave,6740,Central Park W & W 97 St,7538,40.760659,-73.98042,40.79249519495111,-73.96417066463071,member
1359806,52602879031568B5,docked_bike,2021-04-28 18:04:09,2021-04-28 18:24:57,11 Ave & W 59 St,7059,Central Park W & W 97 St,7538,40.771496,-73.99046,40.79249519495111,-73.96417066463071,member
1359821,7EA4AADC05E9D04B,docked_bike,2021-04-24 16:46:19,2021-04-24 16:53:41,W 74 St & Columbus Ave,7230,Central Park W & W 97 St,7538,40.778566,-73.977549,40.79249519495111,-73.96417066463071,member
1359837,4ED545A1AA27A0D0,docked_bike,2021-04-09 20:31:59,2021-04-09 21:03:21,Great Jones St,5636,Central Park W & W 97 St,7538,40.727434,-73.99379,40.79249519495111,-73.96417066463071,casual
1359845,E804EE22CC7E6807,docked_bike,2021-04-10 15:50:59,2021-04-10 16:13:29,12 Ave & W 125 St,7886,Central Park W & W 97 St,7538,40.818299,-73.960405,40.79249519495111,-73.96417066463071,member
1359851,A8E356DFC27E15B7,docked_bike,2021-04-14 17:48:05,2021-04-14 18:06:10,W 51 St & 6 Ave,6740,Central Park W & W 97 St,7538,40.760659,-73.98042,40.79249519495111,-73.96417066463071,member
1359866,668593B9C9AD774D,docked_bike,2021-04-09 15:56:53,2021-04-09 16:16:14,W 51 St & 6 Ave,6740,Central Park W & W 97 St,7538,40.76066,-73.98042,40.792495,-73.964171,member
1359868,7CE93B7659FC8D59,docked_bike,2021-04-27 16:07:00,2021-04-27 16:26:46,W 51 St & 6 Ave,6740,Central Park W & W 97 St,7538,40.760659,-73.98042,40.79249519495111,-73.96417066463071,member
1359869,4ED7B27646CCBA88,docked_bike,2021-04-26 16:06:32,2021-04-26 16:26:54,W 51 St & 6 Ave,6740,Central Park W & W 97 St,7538,40.760659,-73.98042,40.79249519495111,-73.96417066463071,member
1359870,2249A897E0764032,docked_bike,2021-04-20 16:09:17,2021-04-20 16:28:18,W 51 St & 6 Ave,6740,Central Park W & W 97 St,7538,40.760659,-73.98042,40.79249519495111,-73.96417066463071,member
1359904,1EC7E4E7EBD37CC3,docked_bike,2021-04-13 18:08:09,2021-04-13 18:30:29,W 51 St & 6 Ave,6740,Central Park W & W 97 St,7538,40.760659,-73.98042,40.79249519495111,-73.96417066463071,member
1359905,9388427C4CED9DC8,docked_bike,2021-04-05 18:01:33,2021-04-05 18:22:49,W 51 St & 6 Ave,6740,Central Park W & W 97 St,7538,40.760659,-73.98042,40.79249519495111,-73.96417066463071,member
1359912,91D40100F3F4F981,docked_bike,2021-04-23 16:14:49,2021-04-23 16:32:58,W 51 St & 6 Ave,6740,Central Park W & W 97 St,7538,40.760659,-73.98042,40.79249519495111,-73.96417066463071,member
1359933,02AE1A6919AAC5E0,docked_bike,2021-04-24 10:32:29,2021-04-24 10:53:12,11 Ave & W 59 St,7059,Central Park W & W 97 St,7538,40.771496,-73.99046,40.79249519495111,-73.96417066463071,casual
1359939,DD3131745D64B3FF,docked_bike,2021-04-25 14:15:07,2021-04-25 14:53:59,W 51 St & 6 Ave,6740,Central Park W & W 97 St,7538,40.760659,-73.98042,40.79249519495111,-73.96417066463071,member
1359984,1CC3034529B4F63F,docked_bike,2021-04-28 06:30:58,2021-04-28 06:45:20,9 Ave & W 45 St,6717,Central Park W & W 97 St,7538,40.760192,-73.991255,40.79249519495111,-73.96417066463071,member
1360009,DAD74E752D8B10EA,docked_bike,2021-04-03 18:55:33,2021-04-03 19:24:19,Columbus Ave & W 95 St,7520,Central Park W & W 97 St,7538,40.791955,-73.968087,40.79249519495111,-73.96417066463071,member
1360011,74DD505F7A701153,docked_bike,2021-04-24 17:08:50,2021-04-24 17:15:21,Columbus Ave & W 95 St,7520,Central Park W & W 97 St,7538,40.791955,-73.968087,40.79249519495111,-73.96417066463071,member
1360015,958B73C9866132F5,docked_bike,2021-04-16 19:39:15,2021-04-16 20:22:48,Columbus Ave & W 95 St,7520,Central Park W & W 97 St,7538,40.791955,-73.968087,40.79249519495111,-73.96417066463071,member
1360046,234B68FF7D4F7CEE,docked_bike,2021-04-10 11:39:44,2021-04-10 11:46:55,E 88 St & Park Ave,7293,Central Park W & W 97 St,7538,40.78141,-73.955959,40.79249519495111,-73.96417066463071,member
1360147,ED0843363E10F09F,docked_bike,2021-04-25 09:20:46,2021-04-25 09:23:08,Columbus Ave & W 95 St,7520,Central Park W & W 97 St,7538,40.791955,-73.968087,40.79249519495111,-73.96417066463071,member
1360187,DA8D622A1F47A370,docked_bike,2021-04-14 16:03:08,2021-04-14 16:07:38,Columbus Ave & W 95 St,7520,Central Park W & W 97 St,7538,40.791955,-73.968087,40.79249519495111,-73.96417066463071,casual
1360191,D66348DDBF42ED45,docked_bike,2021-04-14 15:06:53,2021-04-14 15:10:17,Columbus Ave & W 95 St,7520,Central Park W & W 97 St,7538,40.791955,-73.968087,40.79249519495111,-73.96417066463071,member
1360195,2706FC9D7F10E508,docked_bike,2021-04-05 16:15:33,2021-04-05 16:57:00,E 16 St & 5 Ave,6022,Central Park W & W 97 St,7538,40.737261,-73.992389,40.79249519495111,-73.96417066463071,member
1360203,AA26CF9ADBC697ED,docked_bike,2021-04-21 17:24:09,2021-04-21 17:39:51,1 Ave & E 68 St,6822,Central Park W & W 97 St,7538,40.765005,-73.958184,40.79249519495111,-73.96417066463071,casual
1360292,D219079348E5F307,docked_bike,2021-04-24 13:42:12,2021-04-24 13:55:49,1 Ave & E 68 St,6822,Central Park W & W 97 St,7538,40.765005,-73.958184,40.79249519495111,-73.96417066463071,member
1360308,A8022BDC8110C6D6,docked_bike,2021-04-17 12:38:42,2021-04-17 12:53:33,1 Ave & E 68 St,6822,Central Park W & W 97 St,7538,40.765005,-73.958184,40.79249519495111,-73.96417066463071,member
1360316,E0D29BBA9348350D,docked_bike,2021-04-24 10:33:50,2021-04-24 10:49:16,1 Ave & E 68 St,6822,Central Park W & W 97 St,7538,40.765005,-73.958184,40.79249519495111,-73.96417066463071,member
1360406,2DD9C39E3BE9EE1D,docked_bike,2021-04-10 14:33:37,2021-04-10 14:49:05,1 Ave & E 68 St,6822,Central Park W & W 97 St,7538,40.765005,-73.958184,40.79249519495111,-73.96417066463071,member
1360410,805FC505E876D549,docked_bike,2021-04-30 08:56:24,2021-04-30 09:13:34,1 Ave & E 68 St,6822,Central Park W & W 97 St,7538,40.765005,-73.958184,40.79249519495111,-73.96417066463071,casual
1360421,4608A8B7E9834E44,docked_bike,2021-04-01 10:38:55,2021-04-01 10:58:05,1 Ave & E 68 St,6822,Central Park W & W 97 St,7538,40.765005,-73.958184,40.79249519495111,-73.96417066463071,member
1360445,6353F082E047325A,docked_bike,2021-04-26 08:27:59,2021-04-26 08:50:16,1 Ave & E 68 St,6822,Central Park W & W 97 St,7538,40.765005,-73.958184,40.79249519495111,-73.96417066463071,member
1360451,A204DBEA5957285F,docked_bike,2021-04-07 15:08:02,2021-04-07 15:35:54,1 Ave & E 68 St,6822,Central Park W & W 97 St,7538,40.765005,-73.958184,40.79249519495111,-73.96417066463071,member
1360458,DA5E6FCDDC34080B,docked_bike,2021-04-03 15:26:58,2021-04-03 15:49:36,1 Ave & E 68 St,6822,Central Park W & W 97 St,7538,40.765005,-73.958184,40.79249519495111,-73.96417066463071,casual
1360548,DC119CCB4DE27B4D,docked_bike,2021-04-18 15:32:54,2021-04-18 16:03:37,9 Ave & W 45 St,6717,Central Park W & W 97 St,7538,40.760192,-73.991255,40.79249519495111,-73.96417066463071,casual
1360550,A2385D2768A95E80,docked_bike,2021-04-03 17:38:52,2021-04-03 18:23:42,W 82 St & Central Park West,7304,Central Park W & W 97 St,7538,40.78275,-73.97137,40.79249519495111,-73.96417066463071,casual
1360553,FD53D32F778E7970,docked_bike,2021-04-25 19:54:49,2021-04-25 19:59:48,W 82 St & Central Park West,7304,Central Park W & W 97 St,7538,40.78275,-73.97137,40.79249519495111,-73.96417066463071,member
1360555,C3A54E22FD1BB7E7,docked_bike,2021-04-12 16:02:48,2021-04-12 16:07:28,W 82 St & Central Park West,7304,Central Park W & W 97 St,7538,40.78275,-73.97137,40.79249519495111,-73.96417066463071,casual
1360569,9856DC1C0CBF7729,docked_bike,2021-04-15 08:49:17,2021-04-15 08:56:01,W 82 St & Central Park West,7304,Central Park W & W 97 St,7538,40.78275,-73.97137,40.79249519495111,-73.96417066463071,member
1360573,0FE165E9B5D9987C,docked_bike,2021-04-10 13:34:16,2021-04-10 13:40:09,W 82 St & Central Park West,7304,Central Park W & W 97 St,7538,40.78275,-73.97137,40.79249519495111,-73.96417066463071,casual
1360574,BA258C9D82A94259,docked_bike,2021-04-24 07:27:49,2021-04-24 07:32:52,W 82 St & Central Park West,7304,Central Park W & W 97 St,7538,40.78275,-73.97137,40.79249519495111,-73.96417066463071,member
1360577,C2DD7566F5EA66EF,docked_bike,2021-04-27 15:51:43,2021-04-27 15:56:56,Columbus Ave & W 95 St,7520,Central Park W & W 97 St,7538,40.791955,-73.968087,40.79249519495111,-73.96417066463071,member
1360581,7407F4B07A525FB2,docked_bike,2021-04-26 18:02:53,2021-04-26 18:06:40,Columbus Ave & W 95 St,7520,Central Park W & W 97 St,7538,40.791955,-73.968087,40.79249519495111,-73.96417066463071,member
1360587,34599DB9616E85B2,docked_bike,2021-04-26 19:16:56,2021-04-26 20:00:15,Columbus Ave & W 95 St,7520,Central Park W & W 97 St,7538,40.791955,-73.968087,40.79249519495111,-73.96417066463071,casual
1360590,23B1C747A9EE5755,docked_bike,2021-04-07 15:49:38,2021-04-07 16:36:18,Columbus Ave & W 95 St,7520,Central Park W & W 97 St,7538,40.791956,-73.968087,40.792495,-73.964171,casual
1360591,A00EB3425C4FFCA7,docked_bike,2021-04-04 22:06:16,2021-04-04 22:10:35,Columbus Ave & W 95 St,7520,Central Park W & W 97 St,7538,40.791956,-73.968087,40.792495,-73.964171,member
1360592,36B25AFB857F7E51,docked_bike,2021-04-20 15:34:00,2021-04-20 15:42:39,Columbus Ave & W 95 St,7520,Central Park W & W 97 St,7538,40.791955,-73.968087,40.79249519495111,-73.96417066463071,member
1360594,378DA412FEA6476C,docked_bike,2021-04-24 08:27:20,2021-04-24 08:29:51,Columbus Ave & W 95 St,7520,Central Park W & W 97 St,7538,40.791955,-73.968087,40.79249519495111,-73.96417066463071,member
1360632,21B16B6DAEED637F,docked_bike,2021-04-24 09:31:50,2021-04-24 09:33:52,Columbus Ave & W 95 St,7520,Central Park W & W 97 St,7538,40.791955,-73.968087,40.79249519495111,-73.96417066463071,member
1360746,58D2AF8B6C966FCC,docked_bike,2021-04-27 15:05:07,2021-04-27 15:42:29,North Moore St & Greenwich St,5470,Central Park W & W 97 St,7538,40.720195,-74.0103,40.79249519495111,-73.96417066463071,member
1360748,F686AB1E1FF78994,docked_bike,2021-04-17 20:54:39,2021-04-17 21:38:28,North Moore St & Greenwich St,5470,Central Park W & W 97 St,7538,40.720195,-74.0103,40.79249519495111,-73.96417066463071,casual
1360780,3293545C96C58081,docked_bike,2021-04-21 16:56:47,2021-04-21 17:12:34,E 89 St & 3 Ave,7265,Central Park W & W 97 St,7538,40.780628,-73.952166,40.79249519495111,-73.96417066463071,casual
1360788,70308569083F96CB,docked_bike,2021-04-05 19:57:08,2021-04-05 20:05:33,W 70 St & Amsterdam Ave,7207,Central Park W & W 97 St,7538,40.77748,-73.982885,40.79249519495111,-73.96417066463071,member
1360795,9ED01D308D996C7D,docked_bike,2021-04-08 08:23:15,2021-04-08 08:36:03,W 70 St & Amsterdam Ave,7207,Central Park W & W 97 St,7538,40.77748,-73.982885,40.79249519495111,-73.96417066463071,member
1360799,69CC54F0625F7611,docked_bike,2021-04-05 19:59:23,2021-04-05 20:09:58,W 70 St & Amsterdam Ave,7207,Central Park W & W 97 St,7538,40.77748,-73.982885,40.79249519495111,-73.96417066463071,member
1360803,E8E4F859C8D978A6,docked_bike,2021-04-05 01:33:41,2021-04-05 01:57:22,FDR Drive & E 35 St,6230,Central Park W & W 97 St,7538,40.744219,-73.971212,40.79249519495111,-73.96417066463071,member
1360805,FE78209FC5808BEE,docked_bike,2021-04-30 17:14:36,2021-04-30 17:33:09,5 Ave & W 131 St,7735,Central Park W & W 97 St,7538,40.81014,-73.93973,40.79249519495111,-73.96417066463071,casual
1360828,792372976BE34230,docked_bike,2021-04-12 15:26:35,2021-04-12 15:59:52,W 70 St & Amsterdam Ave,7207,Central Park W & W 97 St,7538,40.77748,-73.982885,40.79249519495111,-73.96417066463071,casual
1360851,A5CEE39E9314ED1A,docked_bike,2021-04-30 07:09:00,2021-04-30 07:48:06,1 Ave & E 16 St,5779,Central Park W & W 97 St,7538,40.732218,-73.981655,40.79249519495111,-73.96417066463071,member
1360895,7F13DADD31D4F5AB,docked_bike,2021-04-21 16:56:59,2021-04-21 17:12:53,E 89 St & 3 Ave,7265,Central Park W & W 97 St,7538,40.780628,-73.952166,40.79249519495111,-73.96417066463071,casual
1360898,61761BB54295692F,docked_bike,2021-04-09 15:19:11,2021-04-09 15:30:34,W 70 St & Amsterdam Ave,7207,Central Park W & W 97 St,7538,40.77748,-73.982885,40.79249519495111,-73.96417066463071,casual
1360910,28DEAC8DCF8765C4,docked_bike,2021-04-22 18:15:59,2021-04-22 18:27:42,E 89 St & 3 Ave,7265,Central Park W & W 97 St,7538,40.780628,-73.952166,40.79249519495111,-73.96417066463071,casual
1360918,30F8845D3AB65A41,docked_bike,2021-04-06 18:23:36,2021-04-06 18:36:01,E 89 St & 3 Ave,7265,Central Park W & W 97 St,7538,40.780628,-73.952166,40.79249519495111,-73.96417066463071,member
1360920,270A95C879629E84,docked_bike,2021-04-24 09:21:49,2021-04-24 10:05:38,FDR Drive & E 35 St,6230,Central Park W & W 97 St,7538,40.744219,-73.971212,40.79249519495111,-73.96417066463071,casual
1360921,7AAE7A52C7900652,docked_bike,2021-04-24 12:43:00,2021-04-24 12:54:38,W 70 St & Amsterdam Ave,7207,Central Park W & W 97 St,7538,40.77748,-73.982885,40.79249519495111,-73.96417066463071,member
1360958,855ECAE0C87681AC,docked_bike,2021-04-10 12:03:14,2021-04-10 13:10:04,Grand Army Plaza & Plaza St West,4010,Central Park W & W 97 St,7538,40.672967,-73.970879,40.79249519495111,-73.96417066463071,member
1360969,D333BC2B8DD8BAFD,docked_bike,2021-04-09 19:14:08,2021-04-09 19:24:17,W 70 St & Amsterdam Ave,7207,Central Park W & W 97 St,7538,40.77748,-73.982885,40.79249519495111,-73.96417066463071,member
1360972,55C25E5C77EB6E77,docked_bike,2021-04-24 09:20:17,2021-04-24 10:05:25,FDR Drive & E 35 St,6230,Central Park W & W 97 St,7538,40.744219,-73.971212,40.79249519495111,-73.96417066463071,member
1360994,5993A690047654D0,docked_bike,2021-04-24 19:29:47,2021-04-24 19:40:57,E 89 St & 3 Ave,7265,Central Park W & W 97 St,7538,40.780628,-73.952166,40.79249519495111,-73.96417066463071,member
1360997,2CDF741F1A26E50A,docked_bike,2021-04-19 21:07:18,2021-04-19 21:26:17,W 43 St & 10 Ave,6756,Central Park W & W 97 St,7538,40.760094,-73.994618,40.79249519495111,-73.96417066463071,member
1361007,B717A1D0D596B002,docked_bike,2021-04-25 13:20:00,2021-04-25 13:28:51,W 70 St & Amsterdam Ave,7207,Central Park W & W 97 St,7538,40.77748,-73.982885,40.79249519495111,-73.96417066463071,member
1361012,EA81D713E83AC45C,docked_bike,2021-04-27 17:45:36,2021-04-27 18:25:15,W 70 St & Amsterdam Ave,7207,Central Park W & W 97 St,7538,40.77748,-73.982885,40.79249519495111,-73.96417066463071,member
1361016,EA857A842278C5F1,docked_bike,2021-04-07 17:01:13,2021-04-07 17:29:59,W 70 St & Amsterdam Ave,7207,Central Park W & W 97 St,7538,40.77748,-73.982885,40.79249519495111,-73.96417066463071,member
1361035,633D1AB105A6288A,docked_bike,2021-04-03 16:22:43,2021-04-03 16:41:28,11 Ave & W 59 St,7059,Central Park W & W 97 St,7538,40.771496,-73.99046,40.79249519495111,-73.96417066463071,member
1361044,14EDB2BD3B358776,docked_bike,2021-04-13 17:45:14,2021-04-13 18:12:12,E 75 St & 3 Ave,6991,Central Park W & W 97 St,7538,40.771129,-73.957722,40.79249519495111,-73.96417066463071,member
1361047,F36BFABC04153353,docked_bike,2021-04-12 12:26:16,2021-04-12 12:40:36,E 75 St & 3 Ave,6991,Central Park W & W 97 St,7538,40.771129,-73.957722,40.79249519495111,-73.96417066463071,member
1361059,C4C1E15D21D47B72,docked_bike,2021-04-14 09:12:39,2021-04-14 09:20:29,E 97 St & Madison Ave,7393,Central Park W & W 97 St,7538,40.787801,-73.953559,40.79249519495111,-73.96417066463071,casual
1361064,FFF880ED983A5CA1,docked_bike,2021-04-22 11:21:29,2021-04-22 11:32:40,E 97 St & Madison Ave,7393,Central Park W & W 97 St,7538,40.787801,-73.953559,40.79249519495111,-73.96417066463071,member
1361080,50711C913575D1E2,docked_bike,2021-04-27 18:37:03,2021-04-27 18:55:48,E 75 St & 3 Ave,6991,Central Park W & W 97 St,7538,40.771129,-73.957722,40.79249519495111,-73.96417066463071,member
1361087,C3E8CEC6283DA766,docked_bike,2021-04-18 17:02:29,2021-04-18 17:20:09,E 75 St & 3 Ave,6991,Central Park W & W 97 St,7538,40.771129,-73.957722,40.79249519495111,-73.96417066463071,casual
1361092,721E792386C28BAA,docked_bike,2021-04-28 17:55:27,2021-04-28 18:06:14,E 97 St & Madison Ave,7393,Central Park W & W 97 St,7538,40.787801,-73.953559,40.79249519495111,-73.96417066463071,member
1361098,D461E162C1D97E2D,docked_bike,2021-04-17 18:02:42,2021-04-17 18:15:14,W 70 St & Amsterdam Ave,7207,Central Park W & W 97 St,7538,40.77748,-73.982885,40.79249519495111,-73.96417066463071,member
1361105,9EA655098AB708C8,docked_bike,2021-04-18 10:05:09,2021-04-18 10:26:05,W 43 St & 10 Ave,6756,Central Park W & W 97 St,7538,40.760094,-73.994618,40.79249519495111,-73.96417066463071,casual
1361115,30E5B6E30F7AB7CF,docked_bike,2021-04-03 15:31:36,2021-04-03 16:06:59,FDR Drive & E 35 St,6230,Central Park W & W 97 St,7538,40.744219,-73.971212,40.79249519495111,-73.96417066463071,member
1361123,ADE6CE32F026F733,docked_bike,2021-04-17 18:21:59,2021-04-17 18:38:11,E 75 St & 3 Ave,6991,Central Park W & W 97 St,7538,40.771129,-73.957722,40.79249519495111,-73.96417066463071,casual
1361124,F406D52C1AD62024,docked_bike,2021-04-08 08:30:25,2021-04-08 08:43:31,E 97 St & Madison Ave,7393,Central Park W & W 97 St,7538,40.787801,-73.953559,40.79249519495111,-73.96417066463071,member
1361130,BECFF8BD9BEA6766,docked_bike,2021-04-06 16:34:40,2021-04-06 16:40:44,E 97 St & Madison Ave,7393,Central Park W & W 97 St,7538,40.787801,-73.953559,40.79249519495111,-73.96417066463071,member
1361131,6B9676304CE704FA,docked_bike,2021-04-19 17:02:59,2021-04-19 17:08:23,E 97 St & Madison Ave,7393,Central Park W & W 97 St,7538,40.787801,-73.953559,40.79249519495111,-73.96417066463071,member
1361134,A4909244F0CB6C97,docked_bike,2021-04-02 14:55:32,2021-04-02 14:59:48,E 97 St & Madison Ave,7393,Central Park W & W 97 St,7538,40.787801,-73.953559,40.79249519495111,-73.96417066463071,member
1361148,66D97DDA7DC7C125,docked_bike,2021-04-18 20:21:41,2021-04-18 20:49:31,E 43 St & 2 Ave,6422,Central Park W & W 97 St,7538,40.750223,-73.971214,40.79249519495111,-73.96417066463071,member
1361161,749F6784FAE37E62,docked_bike,2021-04-30 12:14:43,2021-04-30 12:56:23,E 97 St & Madison Ave,7393,Central Park W & W 97 St,7538,40.787801,-73.953559,40.79249519495111,-73.96417066463071,casual
1361174,EFF5A0748410CDFB,docked_bike,2021-04-15 08:35:13,2021-04-15 08:43:41,E 97 St & Madison Ave,7393,Central Park W & W 97 St,7538,40.787801,-73.953559,40.79249519495111,-73.96417066463071,casual
1361184,29B279EE85B2FA65,docked_bike,2021-04-29 17:49:19,2021-04-29 18:01:21,E 97 St & Madison Ave,7393,Central Park W & W 97 St,7538,40.787801,-73.953559,40.79249519495111,-73.96417066463071,member
1361187,2617FDCE52EF7A4F,docked_bike,2021-04-30 12:13:00,2021-04-30 12:56:50,E 97 St & Madison Ave,7393,Central Park W & W 97 St,7538,40.787801,-73.953559,40.79249519495111,-73.96417066463071,casual
1361189,AED87AC5ED5A3A6A,docked_bike,2021-04-18 11:03:56,2021-04-18 11:26:24,E 97 St & Madison Ave,7393,Central Park W & W 97 St,7538,40.787801,-73.953559,40.79249519495111,-73.96417066463071,casual
1361195,11F99314B4ED025C,docked_bike,2021-04-07 09:10:32,2021-04-07 09:17:20,E 97 St & Madison Ave,7393,Central Park W & W 97 St,7538,40.787801,-73.953559,40.79249519495111,-73.96417066463071,casual
1361198,2E524624620A1E8F,docked_bike,2021-04-26 18:26:39,2021-04-26 18:52:10,1 Ave & E 30 St,6079,Central Park W & W 97 St,7538,40.741443,-73.97536,40.79249519495111,-73.96417066463071,member
1361217,76666935C0ACADE5,docked_bike,2021-04-29 12:08:25,2021-04-29 12:40:24,E 54 St & 1 Ave,6608,Central Park W & W 97 St,7538,40.756265,-73.964179,40.79249519495111,-73.96417066463071,member
1361218,57EB2B50FCE29F6D,docked_bike,2021-04-13 22:06:48,2021-04-13 22:25:24,Pershing Square South,6432,Central Park W & W 97 St,7538,40.751581,-73.97791,40.79249519495111,-73.96417066463071,member
1361223,CC733E806C3B8819,docked_bike,2021-04-14 22:12:51,2021-04-14 22:42:19,Pershing Square South,6432,Central Park W & W 97 St,7538,40.751581,-73.97791,40.79249519495111,-73.96417066463071,member
1361234,77EB2D7C639AF8EA,docked_bike,2021-04-07 11:11:12,2021-04-07 11:53:32,West St & Chambers St,5329,Central Park W & W 97 St,7538,40.717548,-74.01322,40.79249519495111,-73.96417066463071,member
1361253,0F37284CA1CF5C86,docked_bike,2021-04-27 14:42:06,2021-04-27 15:05:01,E 97 St & Madison Ave,7393,Central Park W & W 97 St,7538,40.787801,-73.953559,40.79249519495111,-73.96417066463071,member
1361255,C45D2E1CA0377726,docked_bike,2021-04-07 17:00:25,2021-04-07 17:30:08,E 97 St & Madison Ave,7393,Central Park W & W 97 St,7538,40.787801,-73.953559,40.79249519495111,-73.96417066463071,casual
1361257,9CE59DA7040AD569,docked_bike,2021-04-10 13:00:59,2021-04-10 13:11:00,E 97 St & Madison Ave,7393,Central Park W & W 97 St,7538,40.787801,-73.953559,40.79249519495111,-73.96417066463071,member
1361275,02197A9B64DC056E,docked_bike,2021-04-16 16:56:59,2021-04-16 17:22:16,W 51 St & 6 Ave,6740,Central Park W & W 97 St,7538,40.76066,-73.98042,40.792495,-73.964171,casual
1361282,CA6A6C5A0A6901CA,docked_bike,2021-04-08 17:55:34,2021-04-08 18:16:58,W 51 St & 6 Ave,6740,Central Park W & W 97 St,7538,40.760659,-73.98042,40.79249519495111,-73.96417066463071,member
1361283,517F6B4FA12683D5,docked_bike,2021-04-06 18:08:37,2021-04-06 18:30:25,W 51 St & 6 Ave,6740,Central Park W & W 97 St,7538,40.760659,-73.98042,40.79249519495111,-73.96417066463071,member
1361284,2AB21791830E56DA,docked_bike,2021-04-01 18:24:00,2021-04-01 18:44:00,W 51 St & 6 Ave,6740,Central Park W & W 97 St,7538,40.760659,-73.98042,40.79249519495111,-73.96417066463071,member
1361285,DE7A4B6D1FA92E11,docked_bike,2021-04-22 18:13:20,2021-04-22 18:35:13,W 51 St & 6 Ave,6740,Central Park W & W 97 St,7538,40.760659,-73.98042,40.79249519495111,-73.96417066463071,member
1361286,5D1AACE5FBBA6D31,docked_bike,2021-04-08 18:43:36,2021-04-08 18:48:01,E 97 St & Madison Ave,7393,Central Park W & W 97 St,7538,40.787801,-73.953559,40.79249519495111,-73.96417066463071,member
1361297,1428A5EEC3CCDB3B,docked_bike,2021-04-08 08:44:08,2021-04-08 08:51:56,E 97 St & Madison Ave,7393,Central Park W & W 97 St,7538,40.787801,-73.953559,40.79249519495111,-73.96417066463071,casual
1361303,CCBA2A330A9ED98A,docked_bike,2021-04-05 12:57:52,2021-04-05 13:09:50,E 97 St & Madison Ave,7393,Central Park W & W 97 St,7538,40.787801,-73.953559,40.79249519495111,-73.96417066463071,casual
1361313,8E31C524925310A4,docked_bike,2021-04-28 13:38:30,2021-04-28 14:04:58,E 97 St & Madison Ave,7393,Central Park W & W 97 St,7538,40.787801,-73.953559,40.79249519495111,-73.96417066463071,casual
1361314,865C73532CCFB4F3,docked_bike,2021-04-06 08:02:26,2021-04-06 08:10:40,E 97 St & Madison Ave,7393,Central Park W & W 97 St,7538,40.787801,-73.953559,40.79249519495111,-73.96417066463071,casual
1361317,19126DC42D12BFD1,docked_bike,2021-04-18 13:10:08,2021-04-18 13:13:54,E 97 St & Madison Ave,7393,Central Park W & W 97 St,7538,40.787801,-73.953559,40.79249519495111,-73.96417066463071,member
1361335,C0D13E0EBBD61CA6,docked_bike,2021-04-19 11:33:27,2021-04-19 11:46:26,E 97 St & Madison Ave,7393,Central Park W & W 97 St,7538,40.787801,-73.953559,40.79249519495111,-73.96417066463071,member
1361338,27A22F1275587DF2,docked_bike,2021-04-24 17:45:19,2021-04-24 18:11:07,E 75 St & 3 Ave,6991,Central Park W & W 97 St,7538,40.771129,-73.957722,40.79249519495111,-73.96417066463071,member
1361340,51FAAF45ABE85C74,docked_bike,2021-04-16 10:51:14,2021-04-16 11:05:02,E 97 St & Madison Ave,7393,Central Park W & W 97 St,7538,40.787801,-73.953559,40.79249519495111,-73.96417066463071,member
1361341,AC3E0D752FB720A2,docked_bike,2021-04-28 10:03:53,2021-04-28 10:52:19,E 97 St & Madison Ave,7393,Central Park W & W 97 St,7538,40.787801,-73.953559,40.79249519495111,-73.96417066463071,member
1361343,B32D5C8916FDE222,docked_bike,2021-04-08 17:28:53,2021-04-08 17:41:57,E 75 St & 3 Ave,6991,Central Park W & W 97 St,7538,40.771129,-73.957722,40.79249519495111,-73.96417066463071,member
1361344,1F32D555356DAFCD,docked_bike,2021-04-06 17:19:28,2021-04-06 17:30:13,E 97 St & Madison Ave,7393,Central Park W & W 97 St,7538,40.787801,-73.953559,40.79249519495111,-73.96417066463071,member
1361345,AFE18AEF6C21AEEE,docked_bike,2021-04-18 14:20:13,2021-04-18 14:26:25,E 97 St & Madison Ave,7393,Central Park W & W 97 St,7538,40.787801,-73.953559,40.79249519495111,-73.96417066463071,casual
1361354,729AFB79C1A023C3,docked_bike,2021-04-22 07:39:40,2021-04-22 07:45:50,E 97 St & Madison Ave,7393,Central Park W & W 97 St,7538,40.787801,-73.953559,40.79249519495111,-73.96417066463071,casual
1361355,7F07459D8A5E8531,docked_bike,2021-04-07 18:31:30,2021-04-07 18:54:13,E 41 St & Madison Ave,6474,Central Park W & W 97 St,7538,40.752165,-73.979921,40.79249519495111,-73.96417066463071,casual
1361358,E285F98511BD57B6,docked_bike,2021-04-09 20:00:48,2021-04-09 20:16:54,E 97 St & Madison Ave,7393,Central Park W & W 97 St,7538,40.787801,-73.953559,40.792495,-73.964171,casual
1361360,CB148D5C3A9159C4,docked_bike,2021-04-18 11:03:26,2021-04-18 11:26:18,E 97 St & Madison Ave,7393,Central Park W & W 97 St,7538,40.787801,-73.953559,40.79249519495111,-73.96417066463071,casual
1361362,6A7FB2F61C6D8436,docked_bike,2021-04-21 16:33:34,2021-04-21 16:40:06,E 97 St & Madison Ave,7393,Central Park W & W 97 St,7538,40.787801,-73.953559,40.79249519495111,-73.96417066463071,member
1361363,995EFEEF8999A7DE,docked_bike,2021-04-22 18:06:44,2021-04-22 18:13:38,E 97 St & Madison Ave,7393,Central Park W & W 97 St,7538,40.787801,-73.953559,40.79249519495111,-73.96417066463071,member
1361371,04410432869D963D,docked_bike,2021-04-17 17:48:59,2021-04-17 17:58:24,E 97 St & Madison Ave,7393,Central Park W & W 97 St,7538,40.787801,-73.953559,40.79249519495111,-73.96417066463071,member
1361373,192D79D53453EC62,docked_bike,2021-04-10 13:41:51,2021-04-10 13:58:43,E 75 St & 3 Ave,6991,Central Park W & W 97 St,7538,40.771129,-73.957722,40.79249519495111,-73.96417066463071,member
1361378,6FFD97869A53CB57,docked_bike,2021-04-28 16:58:16,2021-04-28 17:18:57,E 43 St & 2 Ave,6422,Central Park W & W 97 St,7538,40.750223,-73.971214,40.79249519495111,-73.96417066463071,member
1361393,4D94EEF391E1200F,docked_bike,2021-04-24 18:15:15,2021-04-24 18:27:06,8 Ave & W 52 St,6816,Central Park W & W 97 St,7538,40.763707,-73.985161,40.79249519495111,-73.96417066463071,member
1361397,AFC17B57910967DB,docked_bike,2021-04-15 08:41:22,2021-04-15 08:54:19,Lenox Ave & W 130 St,7753,Central Park W & W 97 St,7538,40.810792,-73.943068,40.79249519495111,-73.96417066463071,member
1361398,9CF1BB1BFD06B9E8,docked_bike,2021-04-16 14:14:29,2021-04-16 14:33:14,E 53 St & Madison Ave,6659,Central Park W & W 97 St,7538,40.75971,-73.974023,40.79249519495111,-73.96417066463071,member
1361409,ACC3DA669FB448EF,docked_bike,2021-04-27 19:12:45,2021-04-27 19:24:58,8 Ave & W 52 St,6816,Central Park W & W 97 St,7538,40.763707,-73.985161,40.79249519495111,-73.96417066463071,member
1361411,B67E4ABDE0412676,docked_bike,2021-04-23 22:11:42,2021-04-23 22:38:17,8 Ave & W 52 St,6816,Central Park W & W 97 St,7538,40.763707,-73.985161,40.79249519495111,-73.96417066463071,casual
1361414,095F954B2899402D,docked_bike,2021-04-16 09:36:00,2021-04-16 09:51:00,E 97 St & Madison Ave,7393,Central Park W & W 97 St,7538,40.787801,-73.953559,40.79249519495111,-73.96417066463071,member
1361426,2D35609903B7B02D,docked_bike,2021-04-27 15:17:35,2021-04-27 15:24:53,E 97 St & Madison Ave,7393,Central Park W & W 97 St,7538,40.787801,-73.953559,40.79249519495111,-73.96417066463071,member
1361429,8027D413A9171B7B,docked_bike,2021-04-19 08:32:58,2021-04-19 08:40:55,E 97 St & Madison Ave,7393,Central Park W & W 97 St,7538,40.787801,-73.953559,40.79249519495111,-73.96417066463071,casual
1361434,BB2729E350BED0DA,docked_bike,2021-04-15 04:27:26,2021-04-15 04:32:06,E 97 St & Madison Ave,7393,Central Park W & W 97 St,7538,40.787801,-73.953559,40.79249519495111,-73.96417066463071,member
1361435,7820F66FAA02403B,docked_bike,2021-04-23 04:40:59,2021-04-23 04:45:18,E 97 St & Madison Ave,7393,Central Park W & W 97 St,7538,40.787801,-73.953559,40.79249519495111,-73.96417066463071,member
1361440,B52FB36E983B563E,docked_bike,2021-04-21 11:04:13,2021-04-21 11:17:03,E 97 St & Madison Ave,7393,Central Park W & W 97 St,7538,40.787801,-73.953559,40.79249519495111,-73.96417066463071,member
1361452,A2D232FD4DB79649,docked_bike,2021-04-20 19:35:16,2021-04-20 19:37:15,Central Park W & W 103 St,7577,Central Park W & W 97 St,7538,40.796036,-73.961589,40.79249519495111,-73.96417066463071,member
1361456,9CA522B4FD981F1E,docked_bike,2021-04-23 17:41:10,2021-04-23 17:43:33,Central Park W & W 103 St,7577,Central Park W & W 97 St,7538,40.796036,-73.961589,40.79249519495111,-73.96417066463071,casual
1361460,389565D67775FC5E,docked_bike,2021-04-28 07:01:24,2021-04-28 07:04:22,W 106 St & Central Park West,7606,Central Park W & W 97 St,7538,40.798185,-73.96059,40.79249519495111,-73.96417066463071,member
1361461,341EF3A9352E920C,docked_bike,2021-04-12 17:53:41,2021-04-12 17:56:24,Central Park W & W 103 St,7577,Central Park W & W 97 St,7538,40.796036,-73.961589,40.79249519495111,-73.96417066463071,member
1361465,0E2D45B734ECB3BC,docked_bike,2021-04-16 14:20:54,2021-04-16 14:24:19,W 106 St & Central Park West,7606,Central Park W & W 97 St,7538,40.798185,-73.96059,40.79249519495111,-73.96417066463071,member
1361466,D91CD8499EAF03DF,docked_bike,2021-04-10 07:57:30,2021-04-10 07:59:57,W 106 St & Central Park West,7606,Central Park W & W 97 St,7538,40.798185,-73.96059,40.79249519495111,-73.96417066463071,member
1361467,74A28897DB2AA14A,docked_bike,2021-04-30 15:47:04,2021-04-30 16:04:05,W 106 St & Central Park West,7606,Central Park W & W 97 St,7538,40.798185,-73.96059,40.79249519495111,-73.96417066463071,casual
1361469,D83D5E77ACB9BBD0,docked_bike,2021-04-04 14:46:32,2021-04-04 14:52:48,W 106 St & Central Park West,7606,Central Park W & W 97 St,7538,40.798185,-73.96059,40.79249519495111,-73.96417066463071,casual
1361470,80E92DC4C26EA9DC,docked_bike,2021-04-02 19:58:09,2021-04-02 20:01:17,W 106 St & Central Park West,7606,Central Park W & W 97 St,7538,40.798185,-73.96059,40.79249519495111,-73.96417066463071,member
1361473,968767483F94F5C9,docked_bike,2021-04-27 18:09:56,2021-04-27 18:11:55,Central Park W & W 103 St,7577,Central Park W & W 97 St,7538,40.796036,-73.961589,40.79249519495111,-73.96417066463071,member
1361474,BF86ED449909E9F7,docked_bike,2021-04-18 10:09:16,2021-04-18 10:11:09,Central Park W & W 103 St,7577,Central Park W & W 97 St,7538,40.796036,-73.961589,40.79249519495111,-73.96417066463071,member
1361476,649E70D6AFBB9091,docked_bike,2021-04-22 16:50:48,2021-04-22 16:52:33,Central Park W & W 103 St,7577,Central Park W & W 97 St,7538,40.796036,-73.961589,40.79249519495111,-73.96417066463071,member
1361478,5D9CAA37BC8C0B4F,docked_bike,2021-04-25 00:22:26,2021-04-25 00:26:03,Central Park W & W 103 St,7577,Central Park W & W 97 St,7538,40.796036,-73.961589,40.79249519495111,-73.96417066463071,casual
1361479,8DF8B9870E8DE806,docked_bike,2021-04-16 19:50:08,2021-04-16 19:51:28,Central Park W & W 103 St,7577,Central Park W & W 97 St,7538,40.796036,-73.961589,40.79249519495111,-73.96417066463071,member
1361481,4ACDEE0A6D62236F,docked_bike,2021-04-24 16:55:11,2021-04-24 17:45:55,Central Park W & W 103 St,7577,Central Park W & W 97 St,7538,40.796036,-73.961589,40.79249519495111,-73.96417066463071,casual
1361482,80D5F2A16AED9E1E,docked_bike,2021-04-12 16:41:19,2021-04-12 16:44:09,Central Park W & W 103 St,7577,Central Park W & W 97 St,7538,40.796036,-73.961589,40.79249519495111,-73.96417066463071,member
1361484,E1D0429D832C7CE2,docked_bike,2021-04-23 12:09:30,2021-04-23 12:11:21,Central Park W & W 103 St,7577,Central Park W & W 97 St,7538,40.796036,-73.961589,40.79249519495111,-73.96417066463071,member
1361492,7F3BD4DDC7C313BD,docked_bike,2021-04-25 18:03:38,2021-04-25 18:40:25,University Pl & E 14 St,5905,Central Park W & W 97 St,7538,40.734814,-73.992085,40.79249519495111,-73.96417066463071,member
1361506,0827C779EDB92F78,docked_bike,2021-04-26 16:44:13,2021-04-26 16:46:59,W 106 St & Central Park West,7606,Central Park W & W 97 St,7538,40.798185,-73.96059,40.79249519495111,-73.96417066463071,member
1361509,88699C44EDCD9D53,docked_bike,2021-04-20 15:00:25,2021-04-20 15:05:59,W 106 St & Central Park West,7606,Central Park W & W 97 St,7538,40.798185,-73.96059,40.79249519495111,-73.96417066463071,member
1361512,8DBA407280C798C5,docked_bike,2021-04-16 12:26:21,2021-04-16 12:38:24,W 106 St & Central Park West,7606,Central Park W & W 97 St,7538,40.798185,-73.96059,40.79249519495111,-73.96417066463071,casual
1361516,BDCEBFDC858F6F8C,docked_bike,2021-04-23 16:43:21,2021-04-23 16:48:36,Central Park W & W 103 St,7577,Central Park W & W 97 St,7538,40.796036,-73.961589,40.79249519495111,-73.96417066463071,member
1361519,27F270E3A01F7EE9,docked_bike,2021-04-06 01:45:56,2021-04-06 01:49:17,Central Park W & W 103 St,7577,Central Park W & W 97 St,7538,40.796036,-73.961589,40.79249519495111,-73.96417066463071,member
1361524,2D53C9C792E1E9D8,docked_bike,2021-04-03 16:24:47,2021-04-03 16:27:19,Central Park W & W 103 St,7577,Central Park W & W 97 St,7538,40.796036,-73.961589,40.79249519495111,-73.96417066463071,member
1361529,E21E409B2F170D89,docked_bike,2021-04-22 14:50:29,2021-04-22 14:54:24,W 106 St & Central Park West,7606,Central Park W & W 97 St,7538,40.798185,-73.96059,40.79249519495111,-73.96417066463071,member
1361530,B31AEB8B247AC973,docked_bike,2021-04-28 12:59:38,2021-04-28 13:02:50,Central Park W & W 103 St,7577,Central Park W & W 97 St,7538,40.796036,-73.961589,40.79249519495111,-73.96417066463071,member
1361531,E12A0BD2471D3B2B,docked_bike,2021-04-06 07:59:43,2021-04-06 08:02:50,W 106 St & Central Park West,7606,Central Park W & W 97 St,7538,40.798185,-73.96059,40.79249519495111,-73.96417066463071,member
1361535,FE628F0E6F3A7AF3,docked_bike,2021-04-21 06:50:08,2021-04-21 06:51:57,Central Park W & W 103 St,7577,Central Park W & W 97 St,7538,40.796036,-73.961589,40.79249519495111,-73.96417066463071,member
1361536,D7F8B5DC139D6B75,docked_bike,2021-04-04 15:48:01,2021-04-04 15:52:54,W 106 St & Central Park West,7606,Central Park W & W 97 St,7538,40.798186,-73.960591,40.792495,-73.964171,casual
1361538,5B2CD67BE8240B13,docked_bike,2021-04-27 07:43:54,2021-04-27 07:47:19,W 106 St & Central Park West,7606,Central Park W & W 97 St,7538,40.798185,-73.96059,40.79249519495111,-73.96417066463071,member
1361539,06B45E2AA1A2A390,docked_bike,2021-04-09 19:41:27,2021-04-09 19:42:43,Central Park W & W 103 St,7577,Central Park W & W 97 St,7538,40.796036,-73.961589,40.79249519495111,-73.96417066463071,member
1361540,E7020E3B9E652D7B,docked_bike,2021-04-08 11:20:52,2021-04-08 11:22:03,Central Park W & W 103 St,7577,Central Park W & W 97 St,7538,40.796036,-73.961589,40.79249519495111,-73.96417066463071,member
1361541,8153FCB1779F47A5,docked_bike,2021-04-30 19:45:10,2021-04-30 19:46:17,Central Park W & W 103 St,7577,Central Park W & W 97 St,7538,40.796036,-73.961589,40.79249519495111,-73.96417066463071,member
1361542,63934406BE4964AF,docked_bike,2021-04-29 08:59:33,2021-04-29 09:02:09,W 106 St & Central Park West,7606,Central Park W & W 97 St,7538,40.798185,-73.96059,40.79249519495111,-73.96417066463071,member
1361543,DD9F7AD7D8AF8F5A,docked_bike,2021-04-04 14:08:42,2021-04-04 14:12:30,W 106 St & Central Park West,7606,Central Park W & W 97 St,7538,40.798185,-73.96059,40.79249519495111,-73.96417066463071,casual
1361544,B52104B6DA15CAEF,docked_bike,2021-04-07 17:54:25,2021-04-07 17:58:03,W 106 St & Central Park West,7606,Central Park W & W 97 St,7538,40.798185,-73.96059,40.79249519495111,-73.96417066463071,member
1361545,AFA1C22686C36D37,docked_bike,2021-04-09 14:15:24,2021-04-09 14:17:20,Central Park W & W 103 St,7577,Central Park W & W 97 St,7538,40.796036,-73.961589,40.79249519495111,-73.96417066463071,member
1361546,820BFBB7C8E5FC6C,docked_bike,2021-04-04 14:47:42,2021-04-04 14:52:54,W 106 St & Central Park West,7606,Central Park W & W 97 St,7538,40.798185,-73.96059,40.79249519495111,-73.96417066463071,casual
1361547,47CB22401766BD2F,docked_bike,2021-04-23 11:11:05,2021-04-23 11:13:39,W 106 St & Central Park West,7606,Central Park W & W 97 St,7538,40.798185,-73.96059,40.79249519495111,-73.96417066463071,member
1361549,48DD13C85E6B7926,docked_bike,2021-04-27 09:34:16,2021-04-27 09:36:21,W 106 St & Central Park West,7606,Central Park W & W 97 St,7538,40.798185,-73.96059,40.79249519495111,-73.96417066463071,member
1361551,253EE5031F85528D,docked_bike,2021-04-16 14:27:27,2021-04-16 14:30:13,W 106 St & Central Park West,7606,Central Park W & W 97 St,7538,40.798186,-73.960591,40.792495,-73.964171,member
1361552,5797A4FCCC86424D,docked_bike,2021-04-30 17:17:35,2021-04-30 17:39:44,W 106 St & Central Park West,7606,Central Park W & W 97 St,7538,40.798185,-73.96059,40.79249519495111,-73.96417066463071,casual
1361553,0E0231127FC6E440,docked_bike,2021-04-26 18:35:50,2021-04-26 18:44:16,W 106 St & Central Park West,7606,Central Park W & W 97 St,7538,40.798185,-73.96059,40.79249519495111,-73.96417066463071,member
1361554,65255EF89191D62B,docked_bike,2021-04-07 14:55:02,2021-04-07 14:57:40,W 106 St & Central Park West,7606,Central Park W & W 97 St,7538,40.798185,-73.96059,40.79249519495111,-73.96417066463071,member
1361556,BA2258497B7A6704,docked_bike,2021-04-20 17:07:28,2021-04-20 17:43:29,W 106 St & Central Park West,7606,Central Park W & W 97 St,7538,40.798185,-73.96059,40.79249519495111,-73.96417066463071,member
1361558,68A3041B60EE0941,docked_bike,2021-04-24 14:07:11,2021-04-24 14:09:32,Central Park W & W 103 St,7577,Central Park W & W 97 St,7538,40.796036,-73.961589,40.79249519495111,-73.96417066463071,member
1361559,E615D0253EE1F39A,docked_bike,2021-04-09 11:34:24,2021-04-09 11:38:18,W 106 St & Central Park West,7606,Central Park W & W 97 St,7538,40.798185,-73.96059,40.79249519495111,-73.96417066463071,member
1361561,F1F68C5D4DA97063,docked_bike,2021-04-24 04:49:54,2021-04-24 04:51:19,Central Park W & W 103 St,7577,Central Park W & W 97 St,7538,40.796036,-73.961589,40.79249519495111,-73.96417066463071,member
1361562,79DEA5884E1B3130,docked_bike,2021-04-22 09:06:24,2021-04-22 09:08:09,Central Park W & W 103 St,7577,Central Park W & W 97 St,7538,40.796036,-73.961589,40.79249519495111,-73.96417066463071,member
1361563,5A7E46F9666ABD01,docked_bike,2021-04-24 09:35:11,2021-04-24 09:36:30,Central Park W & W 103 St,7577,Central Park W & W 97 St,7538,40.796036,-73.961589,40.79249519495111,-73.96417066463071,member
1361567,016403D160C13007,docked_bike,2021-04-05 18:08:54,2021-04-05 18:11:22,Central Park W & W 103 St,7577,Central Park W & W 97 St,7538,40.796036,-73.961589,40.79249519495111,-73.96417066463071,member
1361569,F05E7F807257A8AB,docked_bike,2021-04-20 20:52:04,2021-04-20 20:54:52,Central Park W & W 103 St,7577,Central Park W & W 97 St,7538,40.796036,-73.961589,40.79249519495111,-73.96417066463071,member
1361574,5787712FD5D8A51D,docked_bike,2021-04-15 11:32:02,2021-04-15 11:35:08,W 106 St & Central Park West,7606,Central Park W & W 97 St,7538,40.798185,-73.96059,40.79249519495111,-73.96417066463071,member
1361582,797016B280D18BE9,docked_bike,2021-04-09 12:57:47,2021-04-09 13:00:24,W 106 St & Central Park West,7606,Central Park W & W 97 St,7538,40.798185,-73.96059,40.79249519495111,-73.96417066463071,member
1361583,7657B3529B830388,docked_bike,2021-04-10 17:15:48,2021-04-10 17:37:40,University Pl & E 14 St,5905,Central Park W & W 97 St,7538,40.734814,-73.992085,40.79249519495111,-73.96417066463071,member
1361584,8DDBD01E4BE398FD,docked_bike,2021-04-14 10:41:55,2021-04-14 10:43:40,Central Park W & W 103 St,7577,Central Park W & W 97 St,7538,40.796036,-73.961589,40.79249519495111,-73.96417066463071,member
1361585,6491B6AEFF77B3DD,docked_bike,2021-04-24 16:53:06,2021-04-24 17:46:03,Central Park W & W 103 St,7577,Central Park W & W 97 St,7538,40.796036,-73.961589,40.79249519495111,-73.96417066463071,casual
1361586,A8DDC098A052D04C,docked_bike,2021-04-23 18:22:24,2021-04-23 18:24:22,Central Park W & W 103 St,7577,Central Park W & W 97 St,7538,40.796036,-73.961589,40.79249519495111,-73.96417066463071,member
1361589,07F836EE2AEFD516,docked_bike,2021-04-01 08:01:40,2021-04-01 08:04:30,W 106 St & Central Park West,7606,Central Park W & W 97 St,7538,40.798185,-73.96059,40.79249519495111,-73.96417066463071,member
1361590,081082BC0DBF0F42,docked_bike,2021-04-06 12:59:51,2021-04-06 13:02:30,W 106 St & Central Park West,7606,Central Park W & W 97 St,7538,40.798185,-73.96059,40.79249519495111,-73.96417066463071,member
1361598,2841E8A228052FCD,docked_bike,2021-04-28 14:51:34,2021-04-28 14:56:04,W 106 St & Central Park West,7606,Central Park W & W 97 St,7538,40.798185,-73.96059,40.79249519495111,-73.96417066463071,member
1361600,F4CB5DA17F88326D,docked_bike,2021-04-26 14:51:54,2021-04-26 14:54:41,W 106 St & Central Park West,7606,Central Park W & W 97 St,7538,40.798185,-73.96059,40.79249519495111,-73.96417066463071,member
1361602,430FEDA0E264B4CD,docked_bike,2021-04-05 10:35:48,2021-04-05 10:39:37,W 106 St & Central Park West,7606,Central Park W & W 97 St,7538,40.798185,-73.96059,40.79249519495111,-73.96417066463071,member
1361605,44D03C917D881326,docked_bike,2021-04-27 14:39:05,2021-04-27 14:52:47,Central Park W & W 103 St,7577,Central Park W & W 97 St,7538,40.796037,-73.961589,40.792495,-73.964171,member
1361606,7A8C318C97740ECF,docked_bike,2021-04-09 06:42:09,2021-04-09 06:44:45,W 106 St & Central Park West,7606,Central Park W & W 97 St,7538,40.798185,-73.96059,40.79249519495111,-73.96417066463071,member
1361607,E15C180ADB7FDA4F,docked_bike,2021-04-19 17:26:50,2021-04-19 17:28:44,Central Park W & W 103 St,7577,Central Park W & W 97 St,7538,40.796036,-73.961589,40.79249519495111,-73.96417066463071,member
1361608,23975FB5831D0FCB,docked_bike,2021-04-26 16:31:48,2021-04-26 16:34:26,W 106 St & Central Park West,7606,Central Park W & W 97 St,7538,40.798185,-73.96059,40.79249519495111,-73.96417066463071,member
1361612,99EEB480F325DE49,docked_bike,2021-04-17 17:32:30,2021-04-17 17:37:01,Central Park W & W 103 St,7577,Central Park W & W 97 St,7538,40.796036,-73.961589,40.79249519495111,-73.96417066463071,member
1361614,F5152DE331AD868D,docked_bike,2021-04-29 14:52:47,2021-04-29 14:55:16,W 106 St & Central Park West,7606,Central Park W & W 97 St,7538,40.798185,-73.96059,40.79249519495111,-73.96417066463071,member
1361618,FB0021226984FE30,docked_bike,2021-04-12 10:55:16,2021-04-12 10:58:30,W 106 St & Central Park West,7606,Central Park W & W 97 St,7538,40.798185,-73.96059,40.79249519495111,-73.96417066463071,member
1361623,B50280DEB95AC154,docked_bike,2021-04-14 10:53:50,2021-04-14 10:56:49,W 106 St & Central Park West,7606,Central Park W & W 97 St,7538,40.798185,-73.96059,40.79249519495111,-73.96417066463071,member
1361630,53A2CEA02EE32C09,docked_bike,2021-04-08 09:58:02,2021-04-08 10:04:47,W 106 St & Central Park West,7606,Central Park W & W 97 St,7538,40.798185,-73.96059,40.79249519495111,-73.96417066463071,casual
1361632,5D1C2910F08F70F6,docked_bike,2021-04-27 10:44:30,2021-04-27 10:47:53,W 106 St & Central Park West,7606,Central Park W & W 97 St,7538,40.798185,-73.96059,40.79249519495111,-73.96417066463071,member
1361636,D99CE1BDC730044D,docked_bike,2021-04-08 12:08:40,2021-04-08 12:38:15,W 106 St & Central Park West,7606,Central Park W & W 97 St,7538,40.798185,-73.96059,40.79249519495111,-73.96417066463071,casual
1361643,C146CA18506382D1,docked_bike,2021-04-19 12:37:10,2021-04-19 12:39:49,W 106 St & Central Park West,7606,Central Park W & W 97 St,7538,40.798185,-73.96059,40.79249519495111,-73.96417066463071,member
1361648,4855285E8B78DBF3,docked_bike,2021-04-20 16:31:29,2021-04-20 16:52:34,E 41 St & Madison Ave,6474,Central Park W & W 97 St,7538,40.752165,-73.979921,40.79249519495111,-73.96417066463071,member
1361649,9ED02A99898495BA,docked_bike,2021-04-07 13:28:08,2021-04-07 14:00:33,1 Ave & E 30 St,6079,Central Park W & W 97 St,7538,40.741443,-73.97536,40.79249519495111,-73.96417066463071,casual
1361656,E7D4D492D4BA121F,docked_bike,2021-04-17 11:53:28,2021-04-17 12:22:24,E 41 St & Madison Ave,6474,Central Park W & W 97 St,7538,40.752165,-73.979921,40.79249519495111,-73.96417066463071,member
1361660,BB0C1D6D398626CA,docked_bike,2021-04-21 04:54:58,2021-04-21 05:00:05,E 97 St & Madison Ave,7393,Central Park W & W 97 St,7538,40.787801,-73.953559,40.79249519495111,-73.96417066463071,member
1361667,5473B0E8A5C2EC77,docked_bike,2021-04-12 08:23:00,2021-04-12 08:32:28,E 97 St & Madison Ave,7393,Central Park W & W 97 St,7538,40.787801,-73.953559,40.79249519495111,-73.96417066463071,casual
1361669,462E8081F9BCF92F,docked_bike,2021-04-11 02:12:32,2021-04-11 02:18:53,E 97 St & Madison Ave,7393,Central Park W & W 97 St,7538,40.787801,-73.953559,40.79249519495111,-73.96417066463071,casual
1361674,21EFF3220CE64AF0,docked_bike,2021-04-17 09:18:41,2021-04-17 09:20:51,W 106 St & Central Park West,7606,Central Park W & W 97 St,7538,40.798185,-73.96059,40.79249519495111,-73.96417066463071,member
1361675,D738B3E499FBA704,docked_bike,2021-04-15 11:17:22,2021-04-15 11:19:37,Central Park W & W 103 St,7577,Central Park W & W 97 St,7538,40.796036,-73.961589,40.79249519495111,-73.96417066463071,member
1361677,B366A21FF169D37A,docked_bike,2021-04-21 14:54:56,2021-04-21 14:57:22,W 106 St & Central Park West,7606,Central Park W & W 97 St,7538,40.798185,-73.96059,40.79249519495111,-73.96417066463071,member
1361678,95DB5C1542FABE8F,docked_bike,2021-04-25 12:26:51,2021-04-25 12:28:22,Central Park W & W 103 St,7577,Central Park W & W 97 St,7538,40.796036,-73.961589,40.79249519495111,-73.96417066463071,casual
1361687,13D23ED19F329B92,docked_bike,2021-04-15 07:24:15,2021-04-15 07:29:37,W 106 St & Central Park West,7606,Central Park W & W 97 St,7538,40.798185,-73.96059,40.79249519495111,-73.96417066463071,member
1361689,56C1B092FA4F53C4,docked_bike,2021-04-09 16:09:08,2021-04-09 16:09:33,Central Park W & W 103 St,7577,Central Park W & W 97 St,7538,40.796036,-73.961589,40.79249519495111,-73.96417066463071,member
1361692,BF012421C9B49C71,docked_bike,2021-04-10 17:24:04,2021-04-10 17:27:42,W 106 St & Central Park West,7606,Central Park W & W 97 St,7538,40.798185,-73.96059,40.79249519495111,-73.96417066463071,member
1361696,57E4604A0A2609A9,docked_bike,2021-04-14 16:05:53,2021-04-14 16:18:22,Central Park W & W 103 St,7577,Central Park W & W 97 St,7538,40.796037,-73.961589,40.792495,-73.964171,member
1361699,0A55F0AFDD149A74,docked_bike,2021-04-10 11:59:10,2021-04-10 12:02:24,W 106 St & Central Park West,7606,Central Park W & W 97 St,7538,40.798185,-73.96059,40.79249519495111,-73.96417066463071,member
1361702,68B4D6400E50AB8E,docked_bike,2021-04-12 09:17:23,2021-04-12 09:21:34,W 106 St & Central Park West,7606,Central Park W & W 97 St,7538,40.798186,-73.960591,40.792495,-73.964171,member
1361706,02E25B5923FE95E3,docked_bike,2021-04-21 06:38:09,2021-04-21 06:40:27,Central Park W & W 103 St,7577,Central Park W & W 97 St,7538,40.796036,-73.961589,40.79249519495111,-73.96417066463071,member
1361707,737203CA29F3B951,docked_bike,2021-04-10 16:41:53,2021-04-10 16:46:48,W 106 St & Central Park West,7606,Central Park W & W 97 St,7538,40.798185,-73.96059,40.79249519495111,-73.96417066463071,member
1361710,7649F64DE2D5FA74,docked_bike,2021-04-09 14:48:10,2021-04-09 14:53:18,W 106 St & Central Park West,7606,Central Park W & W 97 St,7538,40.798185,-73.96059,40.79249519495111,-73.96417066463071,member
1361711,6D73703F18D8771E,docked_bike,2021-04-06 14:49:37,2021-04-06 14:52:59,W 106 St & Central Park West,7606,Central Park W & W 97 St,7538,40.798185,-73.96059,40.79249519495111,-73.96417066463071,member
1361712,129AF2678EF843F2,docked_bike,2021-04-18 17:55:12,2021-04-18 18:06:31,W 106 St & Central Park West,7606,Central Park W & W 97 St,7538,40.798186,-73.960591,40.792495,-73.964171,casual
1361716,DC513DCB70FC4542,docked_bike,2021-04-07 19:09:20,2021-04-07 19:40:52,Central Park W & W 103 St,7577,Central Park W & W 97 St,7538,40.796036,-73.961589,40.79249519495111,-73.96417066463071,member
1361717,083949C674B6AFF2,docked_bike,2021-04-07 18:16:16,2021-04-07 18:18:19,W 106 St & Central Park West,7606,Central Park W & W 97 St,7538,40.798185,-73.96059,40.79249519495111,-73.96417066463071,member
1361721,38DAAB0E96C403F3,docked_bike,2021-04-26 19:50:13,2021-04-26 20:35:01,Central Park W & W 103 St,7577,Central Park W & W 97 St,7538,40.796036,-73.961589,40.79249519495111,-73.96417066463071,member
1361722,5381C7BE0A28E4FD,docked_bike,2021-04-09 20:47:22,2021-04-09 20:49:22,Central Park W & W 103 St,7577,Central Park W & W 97 St,7538,40.796036,-73.961589,40.79249519495111,-73.96417066463071,member
1361726,6281C592A4E5E34B,docked_bike,2021-04-27 13:51:22,2021-04-27 13:53:40,W 106 St & Central Park West,7606,Central Park W & W 97 St,7538,40.798185,-73.96059,40.79249519495111,-73.96417066463071,member
1361731,363BCF535CC30AF0,docked_bike,2021-04-13 17:50:00,2021-04-13 17:52:29,W 106 St & Central Park West,7606,Central Park W & W 97 St,7538,40.798186,-73.960591,40.792495,-73.964171,member
1361736,9749DA0FAEDDEA2F,docked_bike,2021-04-20 14:48:45,2021-04-20 14:51:25,W 106 St & Central Park West,7606,Central Park W & W 97 St,7538,40.798185,-73.96059,40.79249519495111,-73.96417066463071,member
1361738,F3E53A8B5E5CBA19,docked_bike,2021-04-17 11:45:52,2021-04-17 11:48:50,W 106 St & Central Park West,7606,Central Park W & W 97 St,7538,40.798185,-73.96059,40.79249519495111,-73.96417066463071,member
1361741,D0AD0C7D8B48C142,docked_bike,2021-04-27 10:22:27,2021-04-27 10:27:15,W 106 St & Central Park West,7606,Central Park W & W 97 St,7538,40.798185,-73.96059,40.79249519495111,-73.96417066463071,member
1361743,1915DA605201690F,docked_bike,2021-04-20 18:41:11,2021-04-20 19:30:41,Central Park W & W 103 St,7577,Central Park W & W 97 St,7538,40.796036,-73.961589,40.79249519495111,-73.96417066463071,casual
1361744,208E1125779DC980,docked_bike,2021-04-21 11:06:02,2021-04-21 11:49:49,W 106 St & Central Park West,7606,Central Park W & W 97 St,7538,40.798185,-73.96059,40.79249519495111,-73.96417066463071,member
1361745,DF51B9457F6BFEAF,docked_bike,2021-04-30 17:17:56,2021-04-30 17:39:40,W 106 St & Central Park West,7606,Central Park W & W 97 St,7538,40.798185,-73.96059,40.79249519495111,-73.96417066463071,casual
1361746,A2E4DF6D197557C9,docked_bike,2021-04-26 15:24:22,2021-04-26 16:37:15,W 106 St & Central Park West,7606,Central Park W & W 97 St,7538,40.798185,-73.96059,40.79249519495111,-73.96417066463071,member
1361749,39812DE97EE508F4,docked_bike,2021-04-16 12:55:37,2021-04-16 12:58:47,W 106 St & Central Park West,7606,Central Park W & W 97 St,7538,40.798185,-73.96059,40.79249519495111,-73.96417066463071,member
1361752,DF512B2C1C9BD153,docked_bike,2021-04-03 13:49:41,2021-04-03 13:52:12,W 106 St & Central Park West,7606,Central Park W & W 97 St,7538,40.798185,-73.96059,40.79249519495111,-73.96417066463071,member
1361756,FF275BA8284BC1DE,docked_bike,2021-04-27 14:58:20,2021-04-27 15:01:37,W 106 St & Central Park West,7606,Central Park W & W 97 St,7538,40.798185,-73.96059,40.79249519495111,-73.96417066463071,member
1361757,18ED6C1B6D55AEE3,docked_bike,2021-04-16 10:03:47,2021-04-16 10:05:50,W 106 St & Central Park West,7606,Central Park W & W 97 St,7538,40.798185,-73.96059,40.79249519495111,-73.96417066463071,member
1361759,AB70077A856B1D01,docked_bike,2021-04-01 20:20:41,2021-04-01 20:22:15,Central Park W & W 103 St,7577,Central Park W & W 97 St,7538,40.796036,-73.961589,40.79249519495111,-73.96417066463071,member
1361760,4E67647D6F08276B,docked_bike,2021-04-30 12:34:28,2021-04-30 12:37:20,W 106 St & Central Park West,7606,Central Park W & W 97 St,7538,40.798185,-73.96059,40.79249519495111,-73.96417066463071,member
1361762,9A7D1D2CE595C317,docked_bike,2021-04-16 11:17:37,2021-04-16 11:21:29,W 106 St & Central Park West,7606,Central Park W & W 97 St,7538,40.798185,-73.96059,40.79249519495111,-73.96417066463071,member
1361763,0B618712A18BB113,docked_bike,2021-04-18 21:36:37,2021-04-18 21:45:02,Central Park W & W 103 St,7577,Central Park W & W 97 St,7538,40.796036,-73.961589,40.79249519495111,-73.96417066463071,casual
1361767,21601FCAEF2C5869,docked_bike,2021-04-23 06:16:21,2021-04-23 06:19:50,W 106 St & Central Park West,7606,Central Park W & W 97 St,7538,40.798185,-73.96059,40.79249519495111,-73.96417066463071,casual
1361769,58ACA101F4006631,docked_bike,2021-04-28 16:39:38,2021-04-28 16:56:22,E 118 St & 1 Ave,7596,Central Park W & W 97 St,7538,40.79747,-73.93504,40.79249519495111,-73.96417066463071,member
1361775,CEFB01DB9DC68CD8,docked_bike,2021-04-08 14:50:43,2021-04-08 14:56:11,W 106 St & Central Park West,7606,Central Park W & W 97 St,7538,40.798185,-73.96059,40.79249519495111,-73.96417066463071,member
1361776,6243C2C1459478B1,docked_bike,2021-04-17 16:33:02,2021-04-17 16:37:20,W 106 St & Central Park West,7606,Central Park W & W 97 St,7538,40.798185,-73.96059,40.79249519495111,-73.96417066463071,casual
1361782,E3B80BDD1FA67DF6,docked_bike,2021-04-23 10:24:46,2021-04-23 10:37:40,W 106 St & Central Park West,7606,Central Park W & W 97 St,7538,40.798185,-73.96059,40.79249519495111,-73.96417066463071,member
1361791,829F365116056871,docked_bike,2021-04-08 12:09:39,2021-04-08 12:38:50,W 106 St & Central Park West,7606,Central Park W & W 97 St,7538,40.798185,-73.96059,40.79249519495111,-73.96417066463071,casual
1361795,7A1804D8D18015F4,docked_bike,2021-04-30 06:37:52,2021-04-30 06:40:04,W 106 St & Central Park West,7606,Central Park W & W 97 St,7538,40.798185,-73.96059,40.79249519495111,-73.96417066463071,member
1361796,B752C794DDEE4F92,docked_bike,2021-04-18 15:46:21,2021-04-18 15:51:30,W 106 St & Central Park West,7606,Central Park W & W 97 St,7538,40.798185,-73.96059,40.79249519495111,-73.96417066463071,member
1361798,5F1822CFE0361133,docked_bike,2021-04-24 14:29:50,2021-04-24 15:47:58,Central Park W & W 103 St,7577,Central Park W & W 97 St,7538,40.796037,-73.961589,40.792495,-73.964171,casual
1361801,638EA1073DC15129,docked_bike,2021-04-13 13:56:07,2021-04-13 13:58:27,W 106 St & Central Park West,7606,Central Park W & W 97 St,7538,40.798185,-73.96059,40.79249519495111,-73.96417066463071,member
1361802,3BF15872301CE521,docked_bike,2021-04-24 14:50:07,2021-04-24 15:01:18,Central Park W & W 103 St,7577,Central Park W & W 97 St,7538,40.796037,-73.961589,40.792495,-73.964171,casual
1361803,9C6AEC6B868FA3C3,docked_bike,2021-04-19 09:04:32,2021-04-19 09:06:15,Central Park W & W 103 St,7577,Central Park W & W 97 St,7538,40.796036,-73.961589,40.79249519495111,-73.96417066463071,member
1361808,469E538C72CB3BEE,docked_bike,2021-04-24 12:15:49,2021-04-24 12:19:58,W 106 St & Central Park West,7606,Central Park W & W 97 St,7538,40.798185,-73.96059,40.79249519495111,-73.96417066463071,member
1361809,AF211EC983ECCECD,docked_bike,2021-04-24 07:56:41,2021-04-24 07:59:25,W 106 St & Central Park West,7606,Central Park W & W 97 St,7538,40.798185,-73.96059,40.79249519495111,-73.96417066463071,member
1361810,77BC7B687822E7EB,docked_bike,2021-04-20 12:39:09,2021-04-20 12:43:16,W 106 St & Central Park West,7606,Central Park W & W 97 St,7538,40.798185,-73.96059,40.79249519495111,-73.96417066463071,member
1361811,1D3C2CEFCB619286,docked_bike,2021-04-25 18:03:29,2021-04-25 18:40:25,University Pl & E 14 St,5905,Central Park W & W 97 St,7538,40.734814,-73.992085,40.79249519495111,-73.96417066463071,member
1361812,F186DFAE44B761EA,docked_bike,2021-04-24 12:25:30,2021-04-24 12:28:34,W 106 St & Central Park West,7606,Central Park W & W 97 St,7538,40.798185,-73.96059,40.79249519495111,-73.96417066463071,member
1361814,CCDB91B05B4D556C,docked_bike,2021-04-09 12:39:23,2021-04-09 12:41:49,W 106 St & Central Park West,7606,Central Park W & W 97 St,7538,40.798185,-73.96059,40.79249519495111,-73.96417066463071,member
1361815,28B46F0D0BAE022F,docked_bike,2021-04-12 14:50:11,2021-04-12 14:54:49,W 106 St & Central Park West,7606,Central Park W & W 97 St,7538,40.798185,-73.96059,40.79249519495111,-73.96417066463071,member
1361816,DCD1BDA8E167485B,docked_bike,2021-04-14 14:52:21,2021-04-14 14:56:53,Central Park W & W 103 St,7577,Central Park W & W 97 St,7538,40.796036,-73.961589,40.79249519495111,-73.96417066463071,member
1361819,1063A90909BAC3D0,docked_bike,2021-04-22 09:53:16,2021-04-22 09:56:04,W 106 St & Central Park West,7606,Central Park W & W 97 St,7538,40.798185,-73.96059,40.79249519495111,-73.96417066463071,member
1361820,EFF633911C6B2CB3,docked_bike,2021-04-07 21:32:17,2021-04-07 21:35:08,W 106 St & Central Park West,7606,Central Park W & W 97 St,7538,40.798185,-73.96059,40.79249519495111,-73.96417066463071,member
1361821,9A236B24577F4ED5,docked_bike,2021-04-04 13:33:17,2021-04-04 13:34:37,Central Park W & W 103 St,7577,Central Park W & W 97 St,7538,40.796036,-73.961589,40.79249519495111,-73.96417066463071,member
1361822,CAE4DDB2C9B2E33C,docked_bike,2021-04-15 09:56:25,2021-04-15 09:58:36,W 106 St & Central Park West,7606,Central Park W & W 97 St,7538,40.798185,-73.96059,40.79249519495111,-73.96417066463071,member
1361825,86845D7F60CCD687,docked_bike,2021-04-20 09:53:44,2021-04-20 10:10:48,E 41 St & Madison Ave,6474,Central Park W & W 97 St,7538,40.752165,-73.979921,40.79249519495111,-73.96417066463071,member
1361831,461406B72C4F1967,docked_bike,2021-04-16 18:09:19,2021-04-16 18:13:39,E 97 St & Madison Ave,7393,Central Park W & W 97 St,7538,40.787801,-73.953559,40.79249519495111,-73.96417066463071,member
1361832,7FD2705EAD51EF93,docked_bike,2021-04-23 17:56:04,2021-04-23 17:59:49,E 97 St & Madison Ave,7393,Central Park W & W 97 St,7538,40.787801,-73.953559,40.79249519495111,-73.96417066463071,member
1361837,F2FBE8D7D7D27E27,docked_bike,2021-04-10 13:00:38,2021-04-10 13:10:49,E 97 St & Madison Ave,7393,Central Park W & W 97 St,7538,40.787801,-73.953559,40.79249519495111,-73.96417066463071,member
1361841,40D6203CB107E584,docked_bike,2021-04-04 06:14:20,2021-04-04 06:18:27,E 97 St & Madison Ave,7393,Central Park W & W 97 St,7538,40.787801,-73.953559,40.79249519495111,-73.96417066463071,member
1361856,147E8D16F0AC9A79,docked_bike,2021-04-23 13:10:37,2021-04-23 13:16:42,E 97 St & Madison Ave,7393,Central Park W & W 97 St,7538,40.787801,-73.953559,40.79249519495111,-73.96417066463071,member
1361858,3C40291F119681F9,docked_bike,2021-04-09 07:41:16,2021-04-09 08:01:18,E 97 St & Madison Ave,7393,Central Park W & W 97 St,7538,40.787801,-73.953559,40.79249519495111,-73.96417066463071,member
1361862,6C951DAD0C1F910B,docked_bike,2021-04-24 16:14:42,2021-04-24 16:44:57,E 97 St & Madison Ave,7393,Central Park W & W 97 St,7538,40.787801,-73.953559,40.79249519495111,-73.96417066463071,member
1361863,DE5A660EDDEE22A0,docked_bike,2021-04-18 09:22:34,2021-04-18 09:41:06,E 43 St & 2 Ave,6422,Central Park W & W 97 St,7538,40.750223,-73.971214,40.79249519495111,-73.96417066463071,member
1361865,3C59681A8C25D503,docked_bike,2021-04-14 18:29:35,2021-04-14 18:33:49,E 97 St & Madison Ave,7393,Central Park W & W 97 St,7538,40.787801,-73.953559,40.79249519495111,-73.96417066463071,member
1361882,575CEF4483E5CB66,docked_bike,2021-04-13 08:37:14,2021-04-13 08:44:40,E 97 St & Madison Ave,7393,Central Park W & W 97 St,7538,40.787801,-73.953559,40.79249519495111,-73.96417066463071,casual
1361900,C484F40B608F4B83,docked_bike,2021-04-04 16:46:34,2021-04-04 17:05:10,1 Ave & E 62 St,6753,Central Park W & W 97 St,7538,40.761227,-73.96094,40.79249519495111,-73.96417066463071,member
1361907,AD16B1EA7651794E,docked_bike,2021-04-28 14:18:10,2021-04-28 14:46:54,1 Ave & E 62 St,6753,Central Park W & W 97 St,7538,40.761227,-73.96094,40.79249519495111,-73.96417066463071,casual
1361908,94D7FED40C6129BA,docked_bike,2021-04-18 09:49:28,2021-04-18 09:54:07,W 104 St & Amsterdam Ave,7610,Central Park W & W 97 St,7538,40.799041,-73.966494,40.79249519495111,-73.96417066463071,member
1361911,0E07B8476EEF05FA,docked_bike,2021-04-19 07:15:17,2021-04-19 07:36:19,1 Ave & E 62 St,6753,Central Park W & W 97 St,7538,40.761227,-73.96094,40.79249519495111,-73.96417066463071,casual
1361915,8718D90278A59DCD,docked_bike,2021-04-20 17:48:54,2021-04-20 17:52:29,W 104 St & Amsterdam Ave,7610,Central Park W & W 97 St,7538,40.799041,-73.966494,40.79249519495111,-73.96417066463071,member
1361923,0EC267019D8D9CD5,docked_bike,2021-04-03 17:53:34,2021-04-03 18:18:45,E 97 St & Madison Ave,7393,Central Park W & W 97 St,7538,40.787801,-73.953559,40.79249519495111,-73.96417066463071,member
1361926,CDFE2EB26B9AF53C,docked_bike,2021-04-27 16:35:37,2021-04-27 16:43:39,E 97 St & Madison Ave,7393,Central Park W & W 97 St,7538,40.787801,-73.953559,40.79249519495111,-73.96417066463071,member
1361950,4BACCADF56B43189,docked_bike,2021-04-08 17:34:01,2021-04-08 17:42:57,E 97 St & Madison Ave,7393,Central Park W & W 97 St,7538,40.787801,-73.953559,40.792495,-73.964171,member
1361961,21B3DD930C4E13A4,docked_bike,2021-04-14 09:03:44,2021-04-14 09:10:43,W 104 St & Amsterdam Ave,7610,Central Park W & W 97 St,7538,40.799041,-73.966494,40.79249519495111,-73.96417066463071,member
1361966,C54FF4A40C9407C0,docked_bike,2021-04-20 08:44:22,2021-04-20 08:50:04,W 104 St & Amsterdam Ave,7610,Central Park W & W 97 St,7538,40.799041,-73.966494,40.79249519495111,-73.96417066463071,casual
1361977,539174B68AA3B4AB,docked_bike,2021-04-21 20:59:24,2021-04-21 21:18:02,W 43 St & 10 Ave,6756,Central Park W & W 97 St,7538,40.760094,-73.994618,40.79249519495111,-73.96417066463071,member
1362000,F751EF2EC33B0285,docked_bike,2021-04-28 18:41:12,2021-04-28 18:45:43,W 104 St & Amsterdam Ave,7610,Central Park W & W 97 St,7538,40.799041,-73.966494,40.79249519495111,-73.96417066463071,member
1362009,A615989CD2689AEC,docked_bike,2021-04-18 10:45:17,2021-04-18 10:48:15,W 104 St & Amsterdam Ave,7610,Central Park W & W 97 St,7538,40.799041,-73.966494,40.79249519495111,-73.96417066463071,member
1362010,21DE75ABA22CD42E,docked_bike,2021-04-26 14:32:33,2021-04-26 15:15:25,1 Ave & E 62 St,6753,Central Park W & W 97 St,7538,40.761227,-73.96094,40.79249519495111,-73.96417066463071,member
1362030,0A34201DA1DE48F7,docked_bike,2021-04-25 14:12:10,2021-04-25 14:31:57,W 70 St & Amsterdam Ave,7207,Central Park W & W 97 St,7538,40.77748,-73.982885,40.79249519495111,-73.96417066463071,member
1362046,711B842446D33068,docked_bike,2021-04-17 08:53:52,2021-04-17 09:01:35,W 104 St & Amsterdam Ave,7610,Central Park W & W 97 St,7538,40.799041,-73.966494,40.79249519495111,-73.96417066463071,member
1362075,95DD573CD4A84223,docked_bike,2021-04-23 08:16:21,2021-04-23 08:22:19,W 104 St & Amsterdam Ave,7610,Central Park W & W 97 St,7538,40.799041,-73.966494,40.79249519495111,-73.96417066463071,member
1362095,552F4B7EF9562E31,docked_bike,2021-04-22 11:18:02,2021-04-22 11:34:58,1 Ave & E 62 St,6753,Central Park W & W 97 St,7538,40.761227,-73.96094,40.79249519495111,-73.96417066463071,member
1362106,10913D13D3434896,docked_bike,2021-04-22 19:59:37,2021-04-22 20:43:21,Water - Whitehall Plaza,4962,Central Park W & W 97 St,7538,40.70255,-74.012723,40.79249519495111,-73.96417066463071,member
1362110,578C9C35635C9799,docked_bike,2021-04-28 07:28:06,2021-04-28 07:35:53,E 88 St & Park Ave,7293,Central Park W & W 97 St,7538,40.78141,-73.955959,40.79249519495111,-73.96417066463071,member
1362111,7008F5455511D688,docked_bike,2021-04-30 07:23:15,2021-04-30 07:38:56,E 88 St & Park Ave,7293,Central Park W & W 97 St,7538,40.78141,-73.955959,40.79249519495111,-73.96417066463071,member
1362112,724CE80D249343A4,docked_bike,2021-04-29 18:46:16,2021-04-29 18:53:57,E 88 St & Park Ave,7293,Central Park W & W 97 St,7538,40.78141,-73.955959,40.79249519495111,-73.96417066463071,member
1362115,8E8A8C97B1718FCA,docked_bike,2021-04-11 00:41:56,2021-04-11 00:51:22,E 88 St & Park Ave,7293,Central Park W & W 97 St,7538,40.78141,-73.955959,40.79249519495111,-73.96417066463071,member
1362116,C4D19FE4EEF51A1B,docked_bike,2021-04-04 17:16:34,2021-04-04 17:23:54,W 104 St & Amsterdam Ave,7610,Central Park W & W 97 St,7538,40.799041,-73.966494,40.79249519495111,-73.96417066463071,member
1362119,A0D2FE69719754B9,docked_bike,2021-04-10 15:27:34,2021-04-10 16:03:31,1 Ave & E 62 St,6753,Central Park W & W 97 St,7538,40.761227,-73.96094,40.79249519495111,-73.96417066463071,member
1362126,8B3343503233EADB,docked_bike,2021-04-04 14:25:43,2021-04-04 14:37:46,E 91 St & 2 Ave,7286,Central Park W & W 97 St,7538,40.781122,-73.949655,40.79249519495111,-73.96417066463071,member
1362131,35AAE46DC240EB4E,docked_bike,2021-04-05 12:27:49,2021-04-05 12:55:10,6 Ave & W 33 St,6364,Central Park W & W 97 St,7538,40.749012,-73.988483,40.79249519495111,-73.96417066463071,member
1362147,FA09033AA85A66EF,docked_bike,2021-04-04 14:48:45,2021-04-04 15:03:37,E 91 St & 2 Ave,7286,Central Park W & W 97 St,7538,40.781122,-73.949655,40.79249519495111,-73.96417066463071,casual
1362148,B3FEB3F6A0554FD6,docked_bike,2021-04-04 14:40:47,2021-04-04 15:03:29,E 91 St & 2 Ave,7286,Central Park W & W 97 St,7538,40.781122,-73.949655,40.79249519495111,-73.96417066463071,member
1362170,CA621593B2ED8DFC,docked_bike,2021-04-05 19:00:32,2021-04-05 19:30:06,6 Ave & W 33 St,6364,Central Park W & W 97 St,7538,40.749012,-73.988483,40.79249519495111,-73.96417066463071,member
1362174,E2E23A89C17E36B1,docked_bike,2021-04-26 17:36:03,2021-04-26 17:56:54,W 25 St & 6 Ave,6215,Central Park W & W 97 St,7538,40.743954,-73.991448,40.79249519495111,-73.96417066463071,casual
1362180,B74FCB74251405C5,docked_bike,2021-04-20 10:55:12,2021-04-20 11:15:29,E 91 St & 2 Ave,7286,Central Park W & W 97 St,7538,40.781122,-73.949655,40.79249519495111,-73.96417066463071,member
1362190,027C7C84D02AC9A0,docked_bike,2021-04-05 17:19:48,2021-04-05 17:46:17,W 25 St & 6 Ave,6215,Central Park W & W 97 St,7538,40.743954,-73.991448,40.79249519495111,-73.96417066463071,casual
1362199,7D0B13F63443B8C8,docked_bike,2021-04-02 14:25:54,2021-04-02 14:32:38,W 106 St & Central Park West,7606,Central Park W & W 97 St,7538,40.798186,-73.960591,40.792495,-73.964171,casual
1362200,A72AB4CA28750387,docked_bike,2021-04-19 14:43:21,2021-04-19 14:46:31,W 106 St & Central Park West,7606,Central Park W & W 97 St,7538,40.798185,-73.96059,40.79249519495111,-73.96417066463071,member
1362202,AD3A0C05078BC169,docked_bike,2021-04-08 12:23:59,2021-04-08 12:27:22,W 106 St & Central Park West,7606,Central Park W & W 97 St,7538,40.798185,-73.96059,40.79249519495111,-73.96417066463071,casual
1362205,FAF87C5B06E52262,docked_bike,2021-04-28 16:33:04,2021-04-28 16:34:55,Central Park W & W 103 St,7577,Central Park W & W 97 St,7538,40.796036,-73.961589,40.79249519495111,-73.96417066463071,member
1362209,0E6C2F17B9EE3771,docked_bike,2021-04-07 19:09:21,2021-04-07 19:40:59,Central Park W & W 103 St,7577,Central Park W & W 97 St,7538,40.796036,-73.961589,40.79249519495111,-73.96417066463071,member
1362211,0E52F4EF81DED890,docked_bike,2021-04-03 12:49:47,2021-04-03 13:32:27,Central Park W & W 103 St,7577,Central Park W & W 97 St,7538,40.796036,-73.961589,40.79249519495111,-73.96417066463071,member
1362213,302AF28C534D1EB2,docked_bike,2021-04-13 14:54:35,2021-04-13 14:59:01,W 106 St & Central Park West,7606,Central Park W & W 97 St,7538,40.798185,-73.96059,40.79249519495111,-73.96417066463071,member
1362214,E6405E22F9BF79F5,docked_bike,2021-04-24 18:13:57,2021-04-24 18:32:11,W 106 St & Central Park West,7606,Central Park W & W 97 St,7538,40.798185,-73.96059,40.79249519495111,-73.96417066463071,member
1362216,AB786A375D6B854C,docked_bike,2021-04-23 10:54:42,2021-04-23 10:58:01,W 106 St & Central Park West,7606,Central Park W & W 97 St,7538,40.798185,-73.96059,40.79249519495111,-73.96417066463071,member
1362220,52546C20C22DC089,docked_bike,2021-04-19 18:04:39,2021-04-19 18:07:38,W 106 St & Central Park West,7606,Central Park W & W 97 St,7538,40.798185,-73.96059,40.79249519495111,-73.96417066463071,member
1362221,3B103C7E810ED41D,docked_bike,2021-04-08 17:03:43,2021-04-08 17:59:51,W 106 St & Central Park West,7606,Central Park W & W 97 St,7538,40.798185,-73.96059,40.79249519495111,-73.96417066463071,casual
1362222,DFE0DE824BDB4F33,docked_bike,2021-04-25 14:13:21,2021-04-25 14:17:16,Central Park W & W 103 St,7577,Central Park W & W 97 St,7538,40.796036,-73.961589,40.79249519495111,-73.96417066463071,member
1362223,DB61E7EBE1728D0B,docked_bike,2021-04-03 10:27:16,2021-04-03 10:31:11,W 106 St & Central Park West,7606,Central Park W & W 97 St,7538,40.798185,-73.96059,40.79249519495111,-73.96417066463071,casual
1362226,D381E4AB6DE14A9D,docked_bike,2021-04-30 10:04:29,2021-04-30 10:06:48,W 106 St & Central Park West,7606,Central Park W & W 97 St,7538,40.798185,-73.96059,40.79249519495111,-73.96417066463071,member
1362254,4D162477972B4B35,docked_bike,2021-04-21 14:43:12,2021-04-21 15:07:06,6 Ave & W 33 St,6364,Central Park W & W 97 St,7538,40.749012,-73.988483,40.79249519495111,-73.96417066463071,member
1362256,38DC11BC36A16E28,docked_bike,2021-04-24 14:19:11,2021-04-24 15:00:18,6 Ave & W 33 St,6364,Central Park W & W 97 St,7538,40.749012,-73.988483,40.79249519495111,-73.96417066463071,casual
1362269,5F1E3A814621DDEF,docked_bike,2021-04-02 16:09:55,2021-04-02 16:20:56,E 91 St & 2 Ave,7286,Central Park W & W 97 St,7538,40.781122,-73.949655,40.79249519495111,-73.96417066463071,member
1362274,EF0DCA673891CE22,docked_bike,2021-04-18 10:18:34,2021-04-18 10:26:23,E 91 St & 2 Ave,7286,Central Park W & W 97 St,7538,40.781122,-73.949655,40.79249519495111,-73.96417066463071,member
1362281,DADF221ACAF2AB42,docked_bike,2021-04-24 14:17:36,2021-04-24 14:26:37,E 91 St & 2 Ave,7286,Central Park W & W 97 St,7538,40.781122,-73.949655,40.79249519495111,-73.96417066463071,member
1362290,3D994E250021B185,docked_bike,2021-04-20 16:01:43,2021-04-20 16:37:46,6 Ave & W 33 St,6364,Central Park W & W 97 St,7538,40.749012,-73.988483,40.79249519495111,-73.96417066463071,member
1362294,E007D0CD6AC6A135,docked_bike,2021-04-20 18:13:30,2021-04-20 18:26:38,E 91 St & 2 Ave,7286,Central Park W & W 97 St,7538,40.781122,-73.949655,40.79249519495111,-73.96417066463071,member
1362295,EAD6B1B60F9C9FEF,docked_bike,2021-04-11 15:50:15,2021-04-11 16:09:34,E 91 St & 2 Ave,7286,Central Park W & W 97 St,7538,40.781122,-73.949655,40.79249519495111,-73.96417066463071,casual
1362299,BA3835992E6891DF,docked_bike,2021-04-24 09:13:13,2021-04-24 09:44:18,W 25 St & 6 Ave,6215,Central Park W & W 97 St,7538,40.743954,-73.991448,40.79249519495111,-73.96417066463071,member
1362300,6ACEAA0ADE364F2B,docked_bike,2021-04-12 14:55:43,2021-04-12 15:19:09,W 25 St & 6 Ave,6215,Central Park W & W 97 St,7538,40.743954,-73.991448,40.79249519495111,-73.96417066463071,member
1362362,CD6915464049F537,docked_bike,2021-04-30 17:33:01,2021-04-30 17:43:18,Amsterdam Ave & W 79 St,7311,Central Park W & W 97 St,7538,40.782939,-73.978651,40.79249519495111,-73.96417066463071,member
1362379,003957FC319E912C,docked_bike,2021-04-24 14:17:01,2021-04-24 15:00:23,6 Ave & W 33 St,6364,Central Park W & W 97 St,7538,40.749012,-73.988483,40.79249519495111,-73.96417066463071,member
1362382,4B96DCFF84C49A1A,docked_bike,2021-04-09 13:38:32,2021-04-09 13:56:19,E 91 St & 2 Ave,7286,Central Park W & W 97 St,7538,40.781122,-73.949655,40.79249519495111,-73.96417066463071,casual
1362394,0ED3EC01A2228B50,docked_bike,2021-04-06 17:51:58,2021-04-06 18:10:30,Broadway & W 51 St,6779,Central Park W & W 97 St,7538,40.762288,-73.983361,40.79249519495111,-73.96417066463071,member
1362405,572773AAE146642E,docked_bike,2021-04-10 16:25:54,2021-04-10 16:55:54,Broadway & W 60 St,6948,Central Park W & W 97 St,7538,40.769155,-73.981918,40.79249519495111,-73.96417066463071,casual
1362406,D7A96A1D3B19F0E2,docked_bike,2021-04-17 15:17:34,2021-04-17 15:29:21,Broadway & W 60 St,6948,Central Park W & W 97 St,7538,40.769155,-73.981918,40.79249519495111,-73.96417066463071,casual
1362409,C868BF6AEE84030B,docked_bike,2021-04-19 16:18:54,2021-04-19 21:36:10,Broadway & W 60 St,6948,Central Park W & W 97 St,7538,40.769155,-73.981918,40.79249519495111,-73.96417066463071,casual
1362410,CEB0FF7280265938,docked_bike,2021-04-07 16:50:56,2021-04-07 17:09:58,Broadway & W 60 St,6948,Central Park W & W 97 St,7538,40.769155,-73.981918,40.79249519495111,-73.96417066463071,member
1362414,BA465913D0A619DD,docked_bike,2021-04-29 16:32:17,2021-04-29 16:47:06,Broadway & W 60 St,6948,Central Park W & W 97 St,7538,40.769155,-73.981918,40.79249519495111,-73.96417066463071,member
1362415,32E56C6FFDF79344,docked_bike,2021-04-19 07:29:08,2021-04-19 07:42:14,Broadway & W 60 St,6948,Central Park W & W 97 St,7538,40.769155,-73.981918,40.79249519495111,-73.96417066463071,member
1362418,AC955240606C849A,docked_bike,2021-04-21 10:23:45,2021-04-21 10:34:11,Broadway & W 60 St,6948,Central Park W & W 97 St,7538,40.769155,-73.981918,40.79249519495111,-73.96417066463071,member
1362421,CF3085F748969DA0,docked_bike,2021-04-28 18:37:11,2021-04-28 18:52:01,Broadway & W 60 St,6948,Central Park W & W 97 St,7538,40.769155,-73.981918,40.79249519495111,-73.96417066463071,member
1362423,50EE5DEB5368BF6E,docked_bike,2021-04-09 14:49:28,2021-04-09 15:03:31,Broadway & W 60 St,6948,Central Park W & W 97 St,7538,40.769155,-73.981918,40.79249519495111,-73.96417066463071,casual
1362424,3C398E590F21EF2F,docked_bike,2021-04-17 12:04:14,2021-04-17 12:39:57,E 55 St & 2 Ave,6650,Central Park W & W 97 St,7538,40.757973,-73.966033,40.79249519495111,-73.96417066463071,member
1362427,C7D0DC9982782900,docked_bike,2021-04-10 16:25:48,2021-04-10 16:56:21,Broadway & W 60 St,6948,Central Park W & W 97 St,7538,40.769155,-73.981918,40.79249519495111,-73.96417066463071,casual
1362430,50AC4C662A96DCEE,docked_bike,2021-04-17 13:09:22,2021-04-17 13:21:59,Broadway & W 60 St,6948,Central Park W & W 97 St,7538,40.769155,-73.981918,40.79249519495111,-73.96417066463071,member
1362433,FBC564219F6E5A4A,docked_bike,2021-04-16 17:15:02,2021-04-16 17:31:35,Broadway & W 60 St,6948,Central Park W & W 97 St,7538,40.769155,-73.981918,40.79249519495111,-73.96417066463071,member
1362434,C4921B3F44A7D01B,docked_bike,2021-04-20 22:40:07,2021-04-20 22:54:21,Broadway & W 60 St,6948,Central Park W & W 97 St,7538,40.769155,-73.981918,40.79249519495111,-73.96417066463071,member
1362439,50984559C6899271,docked_bike,2021-04-20 16:17:48,2021-04-20 16:51:16,6 Ave & W 45 St,6593,Central Park W & W 97 St,7538,40.756951,-73.982631,40.79249519495111,-73.96417066463071,casual
1362443,87557C8848F5357F,docked_bike,2021-04-04 16:09:42,2021-04-04 16:30:20,East End Ave & E 86 St,7113,Central Park W & W 97 St,7538,40.775186,-73.944461,40.792495,-73.964171,member
1362446,847DD1D677CF33A7,docked_bike,2021-04-09 08:47:32,2021-04-09 09:11:39,East End Ave & E 86 St,7113,Central Park W & W 97 St,7538,40.775186,-73.94446,40.79249519495111,-73.96417066463071,member
1362460,9A01879B2F932695,docked_bike,2021-04-24 08:49:01,2021-04-24 09:02:15,E 91 St & 2 Ave,7286,Central Park W & W 97 St,7538,40.781122,-73.949655,40.79249519495111,-73.96417066463071,member
1362466,FEA18BA2DC0BF7FE,docked_bike,2021-04-28 19:20:25,2021-04-28 19:43:46,6 Ave & W 33 St,6364,Central Park W & W 97 St,7538,40.749012,-73.988483,40.79249519495111,-73.96417066463071,member
1362477,E56AFEB1FC6EE683,docked_bike,2021-04-17 09:02:05,2021-04-17 09:26:31,6 Ave & W 33 St,6364,Central Park W & W 97 St,7538,40.749012,-73.988483,40.79249519495111,-73.96417066463071,casual
1362492,592C95C208FB1188,docked_bike,2021-04-20 16:18:28,2021-04-20 16:51:03,6 Ave & W 45 St,6593,Central Park W & W 97 St,7538,40.756951,-73.982631,40.79249519495111,-73.96417066463071,casual
1362501,1C84B6EF8255D9F3,docked_bike,2021-04-04 11:23:56,2021-04-04 11:39:17,6 Ave & W 45 St,6593,Central Park W & W 97 St,7538,40.756951,-73.982631,40.792495,-73.964171,member
1362505,723A5E7901EA2169,docked_bike,2021-04-19 18:23:13,2021-04-19 18:40:07,Broadway & W 51 St,6779,Central Park W & W 97 St,7538,40.762288,-73.983361,40.79249519495111,-73.96417066463071,member
1362506,82716BCBC6EDF4B7,docked_bike,2021-04-29 12:24:01,2021-04-29 12:39:23,Broadway & W 51 St,6779,Central Park W & W 97 St,7538,40.762288,-73.983361,40.79249519495111,-73.96417066463071,member
1362512,09E10B2AFBB3AEC8,docked_bike,2021-04-26 21:16:53,2021-04-26 21:32:47,Broadway & W 51 St,6779,Central Park W & W 97 St,7538,40.762288,-73.983361,40.79249519495111,-73.96417066463071,member
1362516,64D238B816D0498E,docked_bike,2021-04-20 16:18:14,2021-04-20 17:24:13,6 Ave & W 45 St,6593,Central Park W & W 97 St,7538,40.756951,-73.982631,40.79249519495111,-73.96417066463071,casual
1362519,9A1BE6C81A8706BE,docked_bike,2021-04-27 16:09:43,2021-04-27 16:44:24,6 Ave & W 45 St,6593,Central Park W & W 97 St,7538,40.756951,-73.982631,40.79249519495111,-73.96417066463071,member
1362521,A9F6F2AF2EEF7A29,docked_bike,2021-04-02 13:34:22,2021-04-02 13:48:18,Broadway & W 51 St,6779,Central Park W & W 97 St,7538,40.762288,-73.983361,40.79249519495111,-73.96417066463071,member
1362524,8E8F3677B3EA4BEF,docked_bike,2021-04-18 13:59:51,2021-04-18 14:17:53,East End Ave & E 86 St,7113,Central Park W & W 97 St,7538,40.775186,-73.94446,40.79249519495111,-73.96417066463071,member
1362526,0EA9DE49C9E70C17,docked_bike,2021-04-24 16:59:58,2021-04-24 17:21:03,6 Ave & W 45 St,6593,Central Park W & W 97 St,7538,40.756951,-73.982631,40.79249519495111,-73.96417066463071,member
1362536,A791B1379BCB8E24,docked_bike,2021-04-24 17:30:50,2021-04-24 17:51:10,E 91 St & 2 Ave,7286,Central Park W & W 97 St,7538,40.781122,-73.949655,40.79249519495111,-73.96417066463071,member
1362542,0EFA81153952FBBC,docked_bike,2021-04-17 09:02:03,2021-04-17 09:25:51,6 Ave & W 33 St,6364,Central Park W & W 97 St,7538,40.749012,-73.988483,40.79249519495111,-73.96417066463071,casual
1362553,00D3FA313C2CF772,docked_bike,2021-04-10 09:30:13,2021-04-10 10:12:19,28 Ave & 35 St,6951,Central Park W & W 97 St,7538,40.7671,-73.916985,40.79249519495111,-73.96417066463071,member
1362555,F9651276862AD4B2,docked_bike,2021-04-09 08:47:31,2021-04-09 09:11:41,East End Ave & E 86 St,7113,Central Park W & W 97 St,7538,40.775186,-73.944461,40.792495,-73.964171,member
1362558,87A78877D49A317C,docked_bike,2021-04-28 07:23:43,2021-04-28 07:42:01,Broadway & W 51 St,6779,Central Park W & W 97 St,7538,40.762288,-73.983361,40.79249519495111,-73.96417066463071,member
1362597,3C58BCF111779CBD,docked_bike,2021-04-26 17:38:43,2021-04-26 17:57:00,Broadway & W 51 St,6779,Central Park W & W 97 St,7538,40.762288,-73.983361,40.79249519495111,-73.96417066463071,member
1362598,56EFCE6ABC64F1D2,docked_bike,2021-04-16 17:34:20,2021-04-16 18:00:10,Broadway & W 51 St,6779,Central Park W & W 97 St,7538,40.762288,-73.983361,40.79249519495111,-73.96417066463071,member
1362599,654A2B018488F04A,docked_bike,2021-04-08 16:19:47,2021-04-08 16:37:05,Broadway & W 51 St,6779,Central Park W & W 97 St,7538,40.762288,-73.983361,40.79249519495111,-73.96417066463071,member
1362602,AD776B79B4FD52B6,docked_bike,2021-04-28 17:27:59,2021-04-28 17:49:01,Broadway & W 51 St,6779,Central Park W & W 97 St,7538,40.762288,-73.983361,40.79249519495111,-73.96417066463071,member
1362628,153C196C43AA6D3F,docked_bike,2021-04-08 11:31:17,2021-04-08 12:07:36,LaGuardia Pl & W 3 St,5721,Central Park W & W 97 St,7538,40.72917,-73.998102,40.79249519495111,-73.96417066463071,member
1362637,7D2B25E8D35FEC21,docked_bike,2021-04-11 18:42:40,2021-04-11 18:57:32,Adam Clayton Powell Blvd & W 126 St,7738,Central Park W & W 97 St,7538,40.809495,-73.947764,40.79249519495111,-73.96417066463071,casual
1362638,A28CB89CE70286F3,docked_bike,2021-04-17 16:29:19,2021-04-17 16:36:23,Amsterdam Ave & W 82 St,7360,Central Park W & W 97 St,7538,40.785246,-73.976673,40.79249519495111,-73.96417066463071,member
1362641,B86505D37B97CA49,docked_bike,2021-04-05 11:59:34,2021-04-05 12:10:00,Amsterdam Ave & W 82 St,7360,Central Park W & W 97 St,7538,40.785246,-73.976673,40.79249519495111,-73.96417066463071,member
1362643,14A66AD94DB5373B,docked_bike,2021-04-07 17:56:42,2021-04-07 18:04:29,Amsterdam Ave & W 82 St,7360,Central Park W & W 97 St,7538,40.785247,-73.976673,40.792495,-73.964171,member
1362648,E3ADE59E76EDEFA0,docked_bike,2021-04-09 16:22:42,2021-04-09 16:37:56,E 67 St & Park Ave,6932,Central Park W & W 97 St,7538,40.7678,-73.96592,40.79249519495111,-73.96417066463071,member
1362653,9C8010379CFF9BA3,docked_bike,2021-04-28 23:27:16,2021-04-28 23:34:34,Amsterdam Ave & W 82 St,7360,Central Park W & W 97 St,7538,40.785246,-73.976673,40.79249519495111,-73.96417066463071,member
1362655,5E5AB8731B6CC5B0,docked_bike,2021-04-09 08:03:10,2021-04-09 08:07:27,E 97 St & Madison Ave,7393,Central Park W & W 97 St,7538,40.787801,-73.953559,40.79249519495111,-73.96417066463071,member
1362656,8609BDBDDAF4380B,docked_bike,2021-04-17 12:01:24,2021-04-17 12:08:57,E 97 St & Madison Ave,7393,Central Park W & W 97 St,7538,40.787801,-73.953559,40.79249519495111,-73.96417066463071,member
1362663,16FE0CE05758D1FA,docked_bike,2021-04-06 22:18:35,2021-04-06 22:34:36,E 41 St & Madison Ave,6474,Central Park W & W 97 St,7538,40.752165,-73.979921,40.79249519495111,-73.96417066463071,member
1362674,5953143EF7343839,docked_bike,2021-04-17 11:59:10,2021-04-17 12:06:10,E 97 St & Madison Ave,7393,Central Park W & W 97 St,7538,40.787801,-73.953559,40.79249519495111,-73.96417066463071,member
1362680,48ED088DE7B2F668,docked_bike,2021-04-10 12:19:27,2021-04-10 12:30:00,Amsterdam Ave & W 82 St,7360,Central Park W & W 97 St,7538,40.785246,-73.976673,40.79249519495111,-73.96417066463071,member
1362694,EA96533C0C07DBE0,docked_bike,2021-04-24 11:40:11,2021-04-24 11:46:28,Amsterdam Ave & W 82 St,7360,Central Park W & W 97 St,7538,40.785246,-73.976673,40.79249519495111,-73.96417066463071,member
1362698,53AE9D9A779B8886,docked_bike,2021-04-17 15:26:25,2021-04-17 15:31:40,W 104 St & Amsterdam Ave,7610,Central Park W & W 97 St,7538,40.799041,-73.966494,40.79249519495111,-73.96417066463071,member
1362701,CB2136B93D417A21,docked_bike,2021-04-24 13:01:20,2021-04-24 13:30:07,W 104 St & Amsterdam Ave,7610,Central Park W & W 97 St,7538,40.799041,-73.966494,40.79249519495111,-73.96417066463071,casual
1362703,6EB200DA6DB293EE,docked_bike,2021-04-14 14:50:20,2021-04-14 15:09:17,1 Ave & E 62 St,6753,Central Park W & W 97 St,7538,40.761227,-73.96094,40.79249519495111,-73.96417066463071,member
1362705,C4D244F2E8E20E7F,docked_bike,2021-04-07 22:48:49,2021-04-07 23:03:18,Broadway & W 51 St,6779,Central Park W & W 97 St,7538,40.762288,-73.983361,40.79249519495111,-73.96417066463071,casual
1362707,9D563E4319C1D94B,docked_bike,2021-04-12 18:13:29,2021-04-12 18:33:05,Broadway & W 51 St,6779,Central Park W & W 97 St,7538,40.762288,-73.983361,40.79249519495111,-73.96417066463071,member
1362718,FF27C8CC37DB23EC,docked_bike,2021-04-23 10:06:32,2021-04-23 10:34:46,Broadway & W 51 St,6779,Central Park W & W 97 St,7538,40.762288,-73.983361,40.79249519495111,-73.96417066463071,member
1362722,8A2A9CDA4E139C8D,docked_bike,2021-04-09 16:01:03,2021-04-09 16:07:51,Amsterdam Ave & W 82 St,7360,Central Park W & W 97 St,7538,40.785246,-73.976673,40.79249519495111,-73.96417066463071,member
1362727,BD8E40DAC12427B5,docked_bike,2021-04-14 14:09:38,2021-04-14 14:09:33,E 67 St & Park Ave,6932,Central Park W & W 97 St,7538,40.7678,-73.96592,40.79249519495111,-73.96417066463071,member
1362735,56B0B8700C1EC278,docked_bike,2021-04-04 15:25:18,2021-04-04 16:09:37,Bank St & Hudson St,5922,Central Park W & W 97 St,7538,40.736528,-74.00618,40.79249519495111,-73.96417066463071,casual
1362739,35C892B05D5ACE50,docked_bike,2021-04-26 14:40:36,2021-04-26 15:18:13,E 31 St & 3 Ave,6239,Central Park W & W 97 St,7538,40.743943,-73.97966,40.79249519495111,-73.96417066463071,member
1362740,326ECA9C896D9252,docked_bike,2021-04-30 11:25:32,2021-04-30 11:32:58,Amsterdam Ave & W 82 St,7360,Central Park W & W 97 St,7538,40.785246,-73.976673,40.79249519495111,-73.96417066463071,member
1362744,3511D5BAF4FDF135,docked_bike,2021-04-12 08:32:01,2021-04-12 08:39:39,Amsterdam Ave & W 82 St,7360,Central Park W & W 97 St,7538,40.785246,-73.976673,40.79249519495111,-73.96417066463071,member
1362753,678AE35A67792FB5,docked_bike,2021-04-23 16:35:28,2021-04-23 16:50:29,E 91 St & 2 Ave,7286,Central Park W & W 97 St,7538,40.781122,-73.949655,40.79249519495111,-73.96417066463071,casual
1362755,1137952C07693B08,docked_bike,2021-04-29 18:41:25,2021-04-29 19:17:55,6 Ave & W 33 St,6364,Central Park W & W 97 St,7538,40.749012,-73.988483,40.79249519495111,-73.96417066463071,member
1362763,8EE6EB77240B6235,docked_bike,2021-04-28 17:11:07,2021-04-28 17:22:48,E 91 St & 2 Ave,7286,Central Park W & W 97 St,7538,40.781122,-73.949655,40.79249519495111,-73.96417066463071,member
1362779,5E2A3DCE7E343E70,docked_bike,2021-04-26 08:52:00,2021-04-26 08:57:50,Amsterdam Ave & W 82 St,7360,Central Park W & W 97 St,7538,40.785246,-73.976673,40.79249519495111,-73.96417066463071,member
1362784,03BEBBAFC036D688,docked_bike,2021-04-21 17:03:52,2021-04-21 17:12:19,Amsterdam Ave & W 82 St,7360,Central Park W & W 97 St,7538,40.785246,-73.976673,40.79249519495111,-73.96417066463071,member
1362796,62A5E21E3F0C3CC0,docked_bike,2021-04-29 19:53:13,2021-04-29 20:06:46,Frederick Douglass Blvd & W 129 St,7795,Central Park W & W 97 St,7538,40.812551,-73.949228,40.79249519495111,-73.96417066463071,member
1362797,39D6FF8BD4A0036D,docked_bike,2021-04-08 11:31:11,2021-04-08 12:07:46,LaGuardia Pl & W 3 St,5721,Central Park W & W 97 St,7538,40.72917,-73.998102,40.79249519495111,-73.96417066463071,member
1362800,4C85A2D5E94630C0,docked_bike,2021-04-14 06:31:43,2021-04-14 06:51:39,E 31 St & 3 Ave,6239,Central Park W & W 97 St,7538,40.743943,-73.97966,40.79249519495111,-73.96417066463071,member
1362804,3DD3FD517A8E6E7A,docked_bike,2021-04-16 20:01:22,2021-04-16 20:13:49,Morningside Dr & Amsterdam Ave,7741,Central Park W & W 97 St,7538,40.810285,-73.957364,40.79249519495111,-73.96417066463071,member
1362805,C993FED96907BD97,docked_bike,2021-04-07 05:29:14,2021-04-07 05:42:34,Adam Clayton Powell Blvd & W 126 St,7738,Central Park W & W 97 St,7538,40.809495,-73.947764,40.79249519495111,-73.96417066463071,member
1362827,4F11D6C06CD69E68,docked_bike,2021-04-07 08:21:19,2021-04-07 08:29:35,Amsterdam Ave & W 82 St,7360,Central Park W & W 97 St,7538,40.785246,-73.976673,40.79249519495111,-73.96417066463071,member
1362831,42E5CF94E8F7D357,docked_bike,2021-04-04 16:27:16,2021-04-04 16:53:04,Adam Clayton Powell Blvd & W 126 St,7738,Central Park W & W 97 St,7538,40.809495,-73.947764,40.79249519495111,-73.96417066463071,casual
1362834,293361827890A25C,docked_bike,2021-04-04 15:28:19,2021-04-04 15:42:17,Morningside Dr & Amsterdam Ave,7741,Central Park W & W 97 St,7538,40.810285,-73.957364,40.79249519495111,-73.96417066463071,casual
1362835,C184F646F55EBEF3,docked_bike,2021-04-18 13:54:51,2021-04-18 14:02:30,Amsterdam Ave & W 82 St,7360,Central Park W & W 97 St,7538,40.785246,-73.976673,40.79249519495111,-73.96417066463071,member
1362839,D43C16224027E1F1,docked_bike,2021-04-18 09:54:20,2021-04-18 09:59:47,Amsterdam Ave & W 82 St,7360,Central Park W & W 97 St,7538,40.785246,-73.976673,40.79249519495111,-73.96417066463071,member
1362849,884D9EE0CB15BDB3,docked_bike,2021-04-09 10:14:23,2021-04-09 10:32:33,6 Ave & W 33 St,6364,Central Park W & W 97 St,7538,40.749012,-73.988483,40.79249519495111,-73.96417066463071,member
1362872,0049C853A2042D7F,docked_bike,2021-04-19 17:12:20,2021-04-19 17:12:44,E 31 St & 3 Ave,6239,Central Park W & W 97 St,7538,40.743943,-73.97966,40.79249519495111,-73.96417066463071,member
1362874,08D3744BF86B280B,docked_bike,2021-04-04 15:25:52,2021-04-04 16:09:18,Bank St & Hudson St,5922,Central Park W & W 97 St,7538,40.736528,-74.00618,40.79249519495111,-73.96417066463071,casual
1362878,602973A4FAA134A8,docked_bike,2021-04-17 12:21:32,2021-04-17 12:31:40,Amsterdam Ave & W 82 St,7360,Central Park W & W 97 St,7538,40.785246,-73.976673,40.79249519495111,-73.96417066463071,member
1362879,70AF527F598A663C,docked_bike,2021-04-03 12:46:45,2021-04-03 12:54:54,Amsterdam Ave & W 82 St,7360,Central Park W & W 97 St,7538,40.785246,-73.976673,40.79249519495111,-73.96417066463071,member
1362884,7DABEE27957145B4,docked_bike,2021-04-05 17:08:41,2021-04-05 17:16:19,Amsterdam Ave & W 82 St,7360,Central Park W & W 97 St,7538,40.785246,-73.976673,40.79249519495111,-73.96417066463071,member
1362895,AB83B7C9A582F9BE,docked_bike,2021-04-06 19:28:05,2021-04-06 19:36:08,Amsterdam Ave & W 82 St,7360,Central Park W & W 97 St,7538,40.785246,-73.976673,40.79249519495111,-73.96417066463071,member
1362896,47F97A8CFE7A1991,docked_bike,2021-04-01 08:53:06,2021-04-01 09:01:13,Amsterdam Ave & W 82 St,7360,Central Park W & W 97 St,7538,40.785246,-73.976673,40.79249519495111,-73.96417066463071,member
1362897,330787950410034C,docked_bike,2021-04-23 08:43:56,2021-04-23 08:52:06,Amsterdam Ave & W 82 St,7360,Central Park W & W 97 St,7538,40.785246,-73.976673,40.79249519495111,-73.96417066463071,member
1362900,B010B115D0C4A214,docked_bike,2021-04-30 11:36:09,2021-04-30 11:45:16,Amsterdam Ave & W 82 St,7360,Central Park W & W 97 St,7538,40.785246,-73.976673,40.79249519495111,-73.96417066463071,casual
1362913,49093E1EA6BE1AAB,docked_bike,2021-04-08 08:29:35,2021-04-08 08:36:01,Amsterdam Ave & W 82 St,7360,Central Park W & W 97 St,7538,40.785246,-73.976673,40.79249519495111,-73.96417066463071,member
1362914,61190F372F6EF41A,docked_bike,2021-04-29 19:56:55,2021-04-29 20:03:19,Amsterdam Ave & W 82 St,7360,Central Park W & W 97 St,7538,40.785246,-73.976673,40.79249519495111,-73.96417066463071,member
1362915,23F50EE02A5912B7,docked_bike,2021-04-22 08:47:40,2021-04-22 08:55:38,Amsterdam Ave & W 82 St,7360,Central Park W & W 97 St,7538,40.785246,-73.976673,40.79249519495111,-73.96417066463071,member
1362916,128747A2ED085446,docked_bike,2021-04-21 15:56:59,2021-04-21 16:04:50,Amsterdam Ave & W 82 St,7360,Central Park W & W 97 St,7538,40.785246,-73.976673,40.79249519495111,-73.96417066463071,member
1362917,8DA66364809B99E2,docked_bike,2021-04-26 14:42:11,2021-04-26 14:49:39,Amsterdam Ave & W 82 St,7360,Central Park W & W 97 St,7538,40.785246,-73.976673,40.79249519495111,-73.96417066463071,member
1362919,500B5C1F1C8664ED,docked_bike,2021-04-26 19:41:24,2021-04-26 19:48:42,Amsterdam Ave & W 82 St,7360,Central Park W & W 97 St,7538,40.785246,-73.976673,40.79249519495111,-73.96417066463071,member
1362921,5C37FD6ED879AEAE,docked_bike,2021-04-01 17:28:57,2021-04-01 17:36:10,W 76 St & Columbus Ave,7281,Central Park W & W 97 St,7538,40.780183,-73.977285,40.79249519495111,-73.96417066463071,member
1362922,3FF415572FE7C9ED,docked_bike,2021-04-26 18:18:46,2021-04-26 18:26:32,W 76 St & Columbus Ave,7281,Central Park W & W 97 St,7538,40.780183,-73.977285,40.79249519495111,-73.96417066463071,member
1362923,19D5CCECC962187B,docked_bike,2021-04-20 17:35:43,2021-04-20 17:43:14,W 76 St & Columbus Ave,7281,Central Park W & W 97 St,7538,40.780183,-73.977285,40.79249519495111,-73.96417066463071,member
1362931,2C7568EB382354A6,docked_bike,2021-04-30 17:54:11,2021-04-30 18:03:17,W 76 St & Columbus Ave,7281,Central Park W & W 97 St,7538,40.780183,-73.977285,40.79249519495111,-73.96417066463071,member
1362934,8D17D921BAF004B7,docked_bike,2021-04-10 16:12:22,2021-04-10 16:21:20,W 76 St & Columbus Ave,7281,Central Park W & W 97 St,7538,40.780183,-73.977285,40.79249519495111,-73.96417066463071,member
1362937,BB38004E824570BF,docked_bike,2021-04-21 17:07:11,2021-04-21 17:15:11,W 76 St & Columbus Ave,7281,Central Park W & W 97 St,7538,40.780183,-73.977285,40.79249519495111,-73.96417066463071,member
1362938,0979BE262ABD34AD,docked_bike,2021-04-15 17:32:07,2021-04-15 17:42:13,W 76 St & Columbus Ave,7281,Central Park W & W 97 St,7538,40.780183,-73.977285,40.79249519495111,-73.96417066463071,member
1362939,57236750329D5F7B,docked_bike,2021-04-09 16:26:20,2021-04-09 16:36:20,W 76 St & Columbus Ave,7281,Central Park W & W 97 St,7538,40.780183,-73.977285,40.79249519495111,-73.96417066463071,member
1362975,6AB3921F917D93D8,docked_bike,2021-04-14 06:38:19,2021-04-14 06:46:02,W 76 St & Columbus Ave,7281,Central Park W & W 97 St,7538,40.780183,-73.977285,40.79249519495111,-73.96417066463071,member
1362981,6D4ABFAD2FC7D478,docked_bike,2021-04-16 13:33:22,2021-04-16 13:47:47,Amsterdam Ave & W 82 St,7360,Central Park W & W 97 St,7538,40.785246,-73.976673,40.79249519495111,-73.96417066463071,member
1363001,BC46DEAF6B6E6DD9,docked_bike,2021-04-10 15:24:40,2021-04-10 15:32:55,Morningside Dr & Amsterdam Ave,7741,Central Park W & W 97 St,7538,40.810285,-73.957364,40.79249519495111,-73.96417066463071,casual
1363009,ED2A77AF9E3D6E79,docked_bike,2021-04-09 08:46:11,2021-04-09 08:52:38,Amsterdam Ave & W 82 St,7360,Central Park W & W 97 St,7538,40.785246,-73.976673,40.79249519495111,-73.96417066463071,member
1363010,84A29E203A95FA8F,docked_bike,2021-04-13 08:34:53,2021-04-13 08:40:51,Amsterdam Ave & W 82 St,7360,Central Park W & W 97 St,7538,40.785246,-73.976673,40.79249519495111,-73.96417066463071,member
1363011,116F96E3787ED007,docked_bike,2021-04-20 08:43:50,2021-04-20 08:51:59,Amsterdam Ave & W 82 St,7360,Central Park W & W 97 St,7538,40.785246,-73.976673,40.79249519495111,-73.96417066463071,member
1363012,04F27245770C0E36,docked_bike,2021-04-14 08:36:03,2021-04-14 08:42:07,Amsterdam Ave & W 82 St,7360,Central Park W & W 97 St,7538,40.785246,-73.976673,40.79249519495111,-73.96417066463071,member
1363017,B40AEB4F10EB80DC,docked_bike,2021-04-04 15:26:54,2021-04-04 16:09:31,Bank St & Hudson St,5922,Central Park W & W 97 St,7538,40.736528,-74.00618,40.79249519495111,-73.96417066463071,casual
1363018,F4580655882E5C41,docked_bike,2021-04-16 08:35:41,2021-04-16 08:43:04,Amsterdam Ave & W 82 St,7360,Central Park W & W 97 St,7538,40.785246,-73.976673,40.79249519495111,-73.96417066463071,member
1363020,73FA490FE9F2B70D,docked_bike,2021-04-04 15:25:01,2021-04-04 16:09:28,Bank St & Hudson St,5922,Central Park W & W 97 St,7538,40.736528,-74.00618,40.79249519495111,-73.96417066463071,casual
1363021,43107686FDCB9C07,docked_bike,2021-04-29 15:20:29,2021-04-29 15:28:40,3 Ave & E 100 St,7414,Central Park W & W 97 St,7538,40.787721,-73.947283,40.79249519495111,-73.96417066463071,casual
1363026,FEC878655D783F1B,docked_bike,2021-04-06 17:07:45,2021-04-06 17:48:11,W 76 St & Columbus Ave,7281,Central Park W & W 97 St,7538,40.780183,-73.977285,40.79249519495111,-73.96417066463071,casual
1363028,DF533CC132042868,docked_bike,2021-04-17 09:40:23,2021-04-17 09:52:00,W 76 St & Columbus Ave,7281,Central Park W & W 97 St,7538,40.780183,-73.977285,40.79249519495111,-73.96417066463071,member
1363037,0B35B481C829884C,docked_bike,2021-04-03 12:43:57,2021-04-03 12:55:38,W 76 St & Columbus Ave,7281,Central Park W & W 97 St,7538,40.780183,-73.977285,40.79249519495111,-73.96417066463071,member
1363039,4E46256C2A324079,docked_bike,2021-04-23 08:28:01,2021-04-23 08:37:45,W 76 St & Columbus Ave,7281,Central Park W & W 97 St,7538,40.780183,-73.977285,40.79249519495111,-73.96417066463071,member
1363042,9ED2FC519D5323AA,docked_bike,2021-04-24 14:10:50,2021-04-24 14:20:18,W 76 St & Columbus Ave,7281,Central Park W & W 97 St,7538,40.780183,-73.977285,40.79249519495111,-73.96417066463071,member
1363043,C4774C9AA20FD6B2,docked_bike,2021-04-13 12:49:41,2021-04-13 13:01:24,W 76 St & Columbus Ave,7281,Central Park W & W 97 St,7538,40.780183,-73.977285,40.79249519495111,-73.96417066463071,member
1363061,18213117A79E3593,docked_bike,2021-04-17 15:39:37,2021-04-17 15:47:44,W 76 St & Columbus Ave,7281,Central Park W & W 97 St,7538,40.780183,-73.977285,40.79249519495111,-73.96417066463071,member
1363067,7EA5868EAB71D9F6,docked_bike,2021-04-29 12:23:57,2021-04-29 12:39:25,Broadway & W 51 St,6779,Central Park W & W 97 St,7538,40.762288,-73.983361,40.79249519495111,-73.96417066463071,member
1363076,6B4D72C5036267F0,docked_bike,2021-04-24 13:53:50,2021-04-24 14:39:29,W 76 St & Columbus Ave,7281,Central Park W & W 97 St,7538,40.780183,-73.977285,40.79249519495111,-73.96417066463071,casual
1363089,FC5CAAAF1F9ADB23,docked_bike,2021-04-19 17:39:06,2021-04-19 17:47:40,W 76 St & Columbus Ave,7281,Central Park W & W 97 St,7538,40.780183,-73.977285,40.79249519495111,-73.96417066463071,member
1363097,0C6807C333ACDFDF,docked_bike,2021-04-24 14:21:52,2021-04-24 15:02:10,W 76 St & Columbus Ave,7281,Central Park W & W 97 St,7538,40.780184,-73.977285,40.792495,-73.964171,casual
1363100,E46E88BECB08BBF3,docked_bike,2021-04-08 09:42:26,2021-04-08 09:54:57,W 76 St & Columbus Ave,7281,Central Park W & W 97 St,7538,40.780183,-73.977285,40.79249519495111,-73.96417066463071,member
1363103,45D781CA39511A6E,docked_bike,2021-04-18 11:44:09,2021-04-18 11:54:46,W 76 St & Columbus Ave,7281,Central Park W & W 97 St,7538,40.780183,-73.977285,40.79249519495111,-73.96417066463071,member
1363108,A341832685024214,docked_bike,2021-04-03 12:44:35,2021-04-03 12:55:36,W 76 St & Columbus Ave,7281,Central Park W & W 97 St,7538,40.780183,-73.977285,40.79249519495111,-73.96417066463071,member
1363116,CF1686B54D0F354C,docked_bike,2021-04-30 19:53:05,2021-04-30 20:06:22,W 76 St & Columbus Ave,7281,Central Park W & W 97 St,7538,40.780183,-73.977285,40.79249519495111,-73.96417066463071,member
1363117,F8E6FFE21761F118,docked_bike,2021-04-05 15:43:25,2021-04-05 16:08:31,Amsterdam Ave & W 82 St,7360,Central Park W & W 97 St,7538,40.785246,-73.976673,40.79249519495111,-73.96417066463071,member
1363119,B1AC8E13B47AFFF2,docked_bike,2021-04-26 17:21:17,2021-04-26 17:35:14,3 Ave & E 100 St,7414,Central Park W & W 97 St,7538,40.787721,-73.947283,40.79249519495111,-73.96417066463071,casual
1363127,023D5D91EC056DA5,docked_bike,2021-04-16 09:44:58,2021-04-16 09:53:11,3 Ave & E 100 St,7414,Central Park W & W 97 St,7538,40.787721,-73.947283,40.79249519495111,-73.96417066463071,casual
1363136,1A9C2B77F839CCA6,docked_bike,2021-04-18 14:53:07,2021-04-18 15:05:11,Frederick Douglass Blvd & W 129 St,7795,Central Park W & W 97 St,7538,40.812551,-73.949228,40.79249519495111,-73.96417066463071,member
1363138,72BDC66979009727,docked_bike,2021-04-27 13:17:08,2021-04-27 13:35:22,E 67 St & Park Ave,6932,Central Park W & W 97 St,7538,40.7678,-73.96592,40.79249519495111,-73.96417066463071,member
1363142,0804F0CAF19EDBD2,docked_bike,2021-04-10 12:19:53,2021-04-10 12:30:06,Amsterdam Ave & W 82 St,7360,Central Park W & W 97 St,7538,40.785247,-73.976673,40.792495,-73.964171,casual
1363155,BEB0966C68EBAD6D,docked_bike,2021-04-20 14:51:36,2021-04-20 14:53:37,Columbus Ave & W 95 St,7520,Central Park W & W 97 St,7538,40.791955,-73.968087,40.79249519495111,-73.96417066463071,member
1363168,7B3D7188D3942E39,docked_bike,2021-04-05 09:39:52,2021-04-05 09:50:19,W 76 St & Columbus Ave,7281,Central Park W & W 97 St,7538,40.780183,-73.977285,40.79249519495111,-73.96417066463071,casual
1363170,827CB36CD959918A,docked_bike,2021-04-21 16:38:27,2021-04-21 16:51:14,W 76 St & Columbus Ave,7281,Central Park W & W 97 St,7538,40.780183,-73.977285,40.79249519495111,-73.96417066463071,member
1363171,4F62A9A0B10B5B62,docked_bike,2021-04-20 16:15:41,2021-04-20 16:25:49,W 76 St & Columbus Ave,7281,Central Park W & W 97 St,7538,40.780183,-73.977285,40.79249519495111,-73.96417066463071,member
1363181,AAEE48995379F3EA,docked_bike,2021-04-17 09:41:05,2021-04-17 09:53:16,W 76 St & Columbus Ave,7281,Central Park W & W 97 St,7538,40.780183,-73.977285,40.79249519495111,-73.96417066463071,member
1363189,658A6AC877DC8F92,docked_bike,2021-04-03 17:33:56,2021-04-03 17:38:06,W 104 St & Amsterdam Ave,7610,Central Park W & W 97 St,7538,40.799041,-73.966494,40.79249519495111,-73.96417066463071,member
1363195,9AD055757D30CBF6,docked_bike,2021-04-16 14:42:29,2021-04-16 14:48:46,W 104 St & Amsterdam Ave,7610,Central Park W & W 97 St,7538,40.799041,-73.966494,40.79249519495111,-73.96417066463071,member
1363203,CEFBC1F0F56AF718,docked_bike,2021-04-15 09:37:32,2021-04-15 09:48:47,W 76 St & Columbus Ave,7281,Central Park W & W 97 St,7538,40.780183,-73.977285,40.79249519495111,-73.96417066463071,member
1363204,2F334632B60227F5,docked_bike,2021-04-17 09:41:14,2021-04-17 09:51:47,W 76 St & Columbus Ave,7281,Central Park W & W 97 St,7538,40.780183,-73.977285,40.79249519495111,-73.96417066463071,member
1363210,5B4C4FAACC9303EB,docked_bike,2021-04-08 16:00:33,2021-04-08 16:41:22,W 133 St & 12 Ave,7925,Central Park W & W 97 St,7538,40.820003,-73.959089,40.792495,-73.964171,member
1363212,30EE3C8DF0E20189,docked_bike,2021-04-22 10:16:05,2021-04-22 10:27:28,W 76 St & Columbus Ave,7281,Central Park W & W 97 St,7538,40.780183,-73.977285,40.79249519495111,-73.96417066463071,member
1363213,F144E18C04D97B70,docked_bike,2021-04-19 19:23:16,2021-04-19 19:33:03,W 76 St & Columbus Ave,7281,Central Park W & W 97 St,7538,40.780183,-73.977285,40.79249519495111,-73.96417066463071,member
1363214,D492D8693C6E77E2,docked_bike,2021-04-17 23:35:46,2021-04-17 23:46:36,W 76 St & Columbus Ave,7281,Central Park W & W 97 St,7538,40.780183,-73.977285,40.79249519495111,-73.96417066463071,member
1363216,BF7BFBDD3227E242,docked_bike,2021-04-25 13:47:08,2021-04-25 14:05:35,W 104 St & Amsterdam Ave,7610,Central Park W & W 97 St,7538,40.799041,-73.966494,40.79249519495111,-73.96417066463071,casual
1363218,46217C59C9308EA3,docked_bike,2021-04-27 17:47:45,2021-04-27 17:51:38,W 104 St & Amsterdam Ave,7610,Central Park W & W 97 St,7538,40.799041,-73.966494,40.79249519495111,-73.96417066463071,member
1363225,8E5AA3AB51037A3C,docked_bike,2021-04-23 00:42:41,2021-04-23 02:14:54,E 19 St & 3 Ave,5938,Central Park W & W 97 St,7538,40.736245,-73.984737,40.79249519495111,-73.96417066463071,casual
1363235,2E43C504314C0D57,docked_bike,2021-04-16 17:09:31,2021-04-16 17:24:02,E 65 St & 2 Ave,6860,Central Park W & W 97 St,7538,40.764718,-73.96222,40.79249519495111,-73.96417066463071,member
1363271,AB1B2AA2F1F67223,docked_bike,2021-04-09 12:09:48,2021-04-09 12:26:53,E 72 St & York Ave,6889,Central Park W & W 97 St,7538,40.766638,-73.953483,40.792495,-73.964171,member
1363275,A01321BFE3636708,docked_bike,2021-04-28 15:48:47,2021-04-28 16:13:50,E 72 St & York Ave,6889,Central Park W & W 97 St,7538,40.766638,-73.953482,40.79249519495111,-73.96417066463071,member
1363288,71B6E077E3173B7D,docked_bike,2021-04-23 00:44:23,2021-04-23 02:15:03,E 19 St & 3 Ave,5938,Central Park W & W 97 St,7538,40.736245,-73.984737,40.79249519495111,-73.96417066463071,casual
1363294,E617266893D646B5,docked_bike,2021-04-25 16:55:00,2021-04-25 17:03:07,W 76 St & Columbus Ave,7281,Central Park W & W 97 St,7538,40.780183,-73.977285,40.79249519495111,-73.96417066463071,member
1363303,1337CA0D0DFCC8A2,docked_bike,2021-04-07 06:45:31,2021-04-07 06:54:04,W 76 St & Columbus Ave,7281,Central Park W & W 97 St,7538,40.780183,-73.977285,40.79249519495111,-73.96417066463071,member
1363307,74DF1B9DB4992B25,docked_bike,2021-04-06 17:10:03,2021-04-06 17:23:31,W 76 St & Columbus Ave,7281,Central Park W & W 97 St,7538,40.780183,-73.977285,40.79249519495111,-73.96417066463071,member
1363329,34B4285D2192666A,docked_bike,2021-04-23 19:47:06,2021-04-23 20:19:50,E 13 St & Avenue A,5779,Central Park W & W 97 St,7538,40.729667,-73.980679,40.79249519495111,-73.96417066463071,member
1363338,BF221143D46DC6C0,docked_bike,2021-04-02 11:14:48,2021-04-02 11:39:24,E 72 St & York Ave,6889,Central Park W & W 97 St,7538,40.766638,-73.953482,40.79249519495111,-73.96417066463071,member
1363341,29F0BE66F82C060A,docked_bike,2021-04-23 00:43:10,2021-04-23 02:14:58,E 19 St & 3 Ave,5938,Central Park W & W 97 St,7538,40.736245,-73.984737,40.79249519495111,-73.96417066463071,casual
1363346,D65A4464F405CB4A,docked_bike,2021-04-09 15:49:34,2021-04-09 16:07:04,E 72 St & York Ave,6889,Central Park W & W 97 St,7538,40.766638,-73.953482,40.79249519495111,-73.96417066463071,casual
1363366,F7FE97694BFA25B2,docked_bike,2021-04-06 16:38:41,2021-04-06 16:56:28,E 72 St & York Ave,6889,Central Park W & W 97 St,7538,40.766638,-73.953482,40.79249519495111,-73.96417066463071,casual
1363389,FEEA312E7A9DE0C5,docked_bike,2021-04-08 20:22:13,2021-04-08 20:39:46,E 72 St & York Ave,6889,Central Park W & W 97 St,7538,40.766638,-73.953482,40.79249519495111,-73.96417066463071,casual
1363400,E82A05D4270FE32C,docked_bike,2021-04-20 12:52:07,2021-04-20 13:18:55,E 72 St & York Ave,6889,Central Park W & W 97 St,7538,40.766638,-73.953482,40.79249519495111,-73.96417066463071,member
1363406,746CA8C1F5C64D54,docked_bike,2021-04-22 16:43:48,2021-04-22 16:57:44,Columbus Ave & W 72 St,7175,Central Park W & W 97 St,7538,40.777057,-73.978984,40.79249519495111,-73.96417066463071,casual
1363411,EFEB161AEBD97B69,docked_bike,2021-04-28 07:11:02,2021-04-28 07:18:55,Columbus Ave & W 72 St,7175,Central Park W & W 97 St,7538,40.777057,-73.978984,40.79249519495111,-73.96417066463071,casual
1363420,EE7201DDB64ED4F8,docked_bike,2021-04-19 13:22:45,2021-04-19 13:35:57,Columbus Ave & W 72 St,7175,Central Park W & W 97 St,7538,40.777057,-73.978984,40.79249519495111,-73.96417066463071,member
1363421,6EE9F75F9C6F8CB7,docked_bike,2021-04-24 06:07:11,2021-04-24 06:14:25,Riverside Dr & W 82 St,7388,Central Park W & W 97 St,7538,40.787208,-73.981281,40.79249519495111,-73.96417066463071,member
1363422,F17F79BC30C4316E,docked_bike,2021-04-27 18:00:50,2021-04-27 18:10:57,Columbus Ave & W 72 St,7175,Central Park W & W 97 St,7538,40.777057,-73.978984,40.79249519495111,-73.96417066463071,member
1363424,682CC6440DD1EF25,docked_bike,2021-04-20 15:31:23,2021-04-20 15:42:28,Riverside Dr & W 82 St,7388,Central Park W & W 97 St,7538,40.787208,-73.981281,40.79249519495111,-73.96417066463071,casual
1363427,8940DD87414BDAA7,docked_bike,2021-04-21 06:34:13,2021-04-21 06:50:13,3 Ave & E 71 St,6960,Central Park W & W 97 St,7538,40.768736,-73.961199,40.79249519495111,-73.96417066463071,casual
1363433,2768C17E6CA2D5A7,docked_bike,2021-04-27 15:59:44,2021-04-27 16:25:39,3 Ave & E 71 St,6960,Central Park W & W 97 St,7538,40.768736,-73.961199,40.79249519495111,-73.96417066463071,member
1363441,7502B1D31101BA40,docked_bike,2021-04-20 14:55:43,2021-04-20 15:10:53,5 Ave & E 126 St,7701,Central Park W & W 97 St,7538,40.80698,-73.941747,40.79249519495111,-73.96417066463071,casual
1363477,2AC156172DB8FD33,docked_bike,2021-04-23 00:37:25,2021-04-23 09:10:14,E 19 St & 3 Ave,5938,Central Park W & W 97 St,7538,40.736245,-73.984737,40.79249519495111,-73.96417066463071,casual
1363498,F29F435CC96745FF,docked_bike,2021-04-18 11:40:08,2021-04-18 12:04:49,E 72 St & York Ave,6889,Central Park W & W 97 St,7538,40.766638,-73.953482,40.79249519495111,-73.96417066463071,member
1363506,C955CA1DC847C8D5,docked_bike,2021-04-13 15:06:42,2021-04-13 15:32:43,E 72 St & York Ave,6889,Central Park W & W 97 St,7538,40.766638,-73.953482,40.79249519495111,-73.96417066463071,member
1363543,0B13D8CAD2B05AE7,docked_bike,2021-04-23 00:42:56,2021-04-23 02:14:59,E 19 St & 3 Ave,5938,Central Park W & W 97 St,7538,40.736245,-73.984737,40.79249519495111,-73.96417066463071,casual
1363548,B525D763307AAF31,docked_bike,2021-04-04 08:51:35,2021-04-04 09:23:17,E 13 St & Avenue A,5779,Central Park W & W 97 St,7538,40.729667,-73.980679,40.79249519495111,-73.96417066463071,member
1363554,B923FCF35D2C8F2A,docked_bike,2021-04-29 17:14:06,2021-04-29 17:28:45,E 72 St & York Ave,6889,Central Park W & W 97 St,7538,40.766638,-73.953482,40.79249519495111,-73.96417066463071,member
1363558,1C3049A372714788,docked_bike,2021-04-16 16:40:18,2021-04-16 16:49:12,Riverside Dr & W 82 St,7388,Central Park W & W 97 St,7538,40.787208,-73.981281,40.79249519495111,-73.96417066463071,member
1363561,F96BE14A8C724E02,docked_bike,2021-04-05 14:25:02,2021-04-05 14:47:20,E 58 St &  1 Ave (NW Corner),6723,Central Park W & W 97 St,7538,40.759125,-73.962658,40.79249519495111,-73.96417066463071,member
1363566,BE74D4ACCCBAAFDD,docked_bike,2021-04-18 16:22:29,2021-04-18 16:34:55,Riverside Dr & W 82 St,7388,Central Park W & W 97 St,7538,40.787208,-73.981281,40.79249519495111,-73.96417066463071,member
1363568,8C734362028802A6,docked_bike,2021-04-30 17:43:46,2021-04-30 17:52:06,Columbus Ave & W 72 St,7175,Central Park W & W 97 St,7538,40.777057,-73.978984,40.79249519495111,-73.96417066463071,member
1363576,8C98545903E09C9C,docked_bike,2021-04-19 14:10:30,2021-04-19 14:30:16,3 Ave & E 71 St,6960,Central Park W & W 97 St,7538,40.768736,-73.961199,40.79249519495111,-73.96417066463071,casual
1363585,1036C702E155730C,docked_bike,2021-04-24 13:52:04,2021-04-24 14:39:24,W 76 St & Columbus Ave,7281,Central Park W & W 97 St,7538,40.780183,-73.977285,40.79249519495111,-73.96417066463071,casual
1363597,BA1493C1E1DDC6C2,docked_bike,2021-04-24 16:17:27,2021-04-24 16:59:00,E 23 St & 1 Ave,5929,Central Park W & W 97 St,7538,40.736502,-73.978094,40.79249519495111,-73.96417066463071,member
1363600,DB1E34F970B05E59,docked_bike,2021-04-19 17:11:44,2021-04-19 17:19:41,Columbus Ave & W 72 St,7175,Central Park W & W 97 St,7538,40.777057,-73.978984,40.79249519495111,-73.96417066463071,casual
1363601,794C35656F4B27AE,docked_bike,2021-04-07 09:41:23,2021-04-07 09:52:56,Columbus Ave & W 72 St,7175,Central Park W & W 97 St,7538,40.777057,-73.978984,40.79249519495111,-73.96417066463071,member
1363605,6D032B5FE9CA4232,docked_bike,2021-04-10 14:08:58,2021-04-10 14:15:28,Riverside Dr & W 104 St,7623,Central Park W & W 97 St,7538,40.801343,-73.971146,40.792495,-73.964171,member
1363611,D700B59526065FA7,docked_bike,2021-04-04 14:44:48,2021-04-04 15:07:20,Riverside Dr & W 82 St,7388,Central Park W & W 97 St,7538,40.787208,-73.981281,40.79249519495111,-73.96417066463071,member
1363612,808A079EC2843BEF,docked_bike,2021-04-18 06:00:13,2021-04-18 06:07:25,Riverside Dr & W 82 St,7388,Central Park W & W 97 St,7538,40.787208,-73.981281,40.79249519495111,-73.96417066463071,member
1363613,B0C7E92FBE558656,docked_bike,2021-04-05 17:04:46,2021-04-05 17:13:27,Riverside Dr & W 82 St,7388,Central Park W & W 97 St,7538,40.787208,-73.981281,40.79249519495111,-73.96417066463071,member
1363615,8913236428D9AC81,docked_bike,2021-04-01 08:45:59,2021-04-01 08:54:10,Riverside Dr & W 82 St,7388,Central Park W & W 97 St,7538,40.787209,-73.981281,40.792495,-73.964171,member
1363625,313F9DA5802587BA,docked_bike,2021-04-26 17:32:49,2021-04-26 17:41:21,Riverside Dr & W 82 St,7388,Central Park W & W 97 St,7538,40.787208,-73.981281,40.79249519495111,-73.96417066463071,casual
1363638,CA798D012C0A4F54,docked_bike,2021-04-23 18:42:32,2021-04-23 18:56:20,Riverside Dr & W 104 St,7623,Central Park W & W 97 St,7538,40.801343,-73.971145,40.79249519495111,-73.96417066463071,casual
1363648,20591437E6994130,docked_bike,2021-04-18 17:49:09,2021-04-18 18:01:03,Columbus Ave & W 72 St,7175,Central Park W & W 97 St,7538,40.777057,-73.978984,40.79249519495111,-73.96417066463071,member
1363652,92351B63CADCAE3B,docked_bike,2021-04-30 17:33:09,2021-04-30 17:43:47,Columbus Ave & W 72 St,7175,Central Park W & W 97 St,7538,40.777057,-73.978984,40.79249519495111,-73.96417066463071,member
1363655,C621546EE8F607C2,docked_bike,2021-04-23 18:15:43,2021-04-23 18:36:22,Columbus Ave & W 72 St,7175,Central Park W & W 97 St,7538,40.777057,-73.978984,40.79249519495111,-73.96417066463071,casual
1363667,7E75932B80471697,docked_bike,2021-04-06 12:21:22,2021-04-06 12:34:57,Columbus Ave & W 72 St,7175,Central Park W & W 97 St,7538,40.777058,-73.978985,40.792495,-73.964171,member
1363670,B972FD9360865558,docked_bike,2021-04-25 16:18:47,2021-04-25 16:31:59,Columbus Ave & W 72 St,7175,Central Park W & W 97 St,7538,40.777057,-73.978984,40.79249519495111,-73.96417066463071,member
1363680,0DEFB2255D2DC85F,docked_bike,2021-04-26 16:45:54,2021-04-26 17:18:43,Grand Army Plaza & Central Park S,6839,Central Park W & W 97 St,7538,40.764397,-73.973714,40.79249519495111,-73.96417066463071,member
1363686,1F65E27282F71848,docked_bike,2021-04-22 08:37:10,2021-04-22 08:44:09,Riverside Dr & W 104 St,7623,Central Park W & W 97 St,7538,40.801343,-73.971145,40.79249519495111,-73.96417066463071,casual
1363690,A10EBD9867C9A7C6,docked_bike,2021-04-20 18:12:09,2021-04-20 18:24:10,Columbus Ave & W 72 St,7175,Central Park W & W 97 St,7538,40.777057,-73.978984,40.79249519495111,-73.96417066463071,member
1363693,1090F95C57A270B3,docked_bike,2021-04-24 13:43:22,2021-04-24 13:51:59,Riverside Dr & W 104 St,7623,Central Park W & W 97 St,7538,40.801343,-73.971145,40.79249519495111,-73.96417066463071,member
1363697,101BE0F39F300EE3,docked_bike,2021-04-21 23:31:34,2021-04-21 23:38:42,Columbus Ave & W 72 St,7175,Central Park W & W 97 St,7538,40.777057,-73.978984,40.79249519495111,-73.96417066463071,casual
1363700,8483CCC9B1C7272C,docked_bike,2021-04-17 18:51:17,2021-04-17 18:59:26,Columbus Ave & W 72 St,7175,Central Park W & W 97 St,7538,40.777057,-73.978984,40.79249519495111,-73.96417066463071,casual
1363703,83F70078E49A2234,docked_bike,2021-04-30 17:04:59,2021-04-30 17:16:50,Columbus Ave & W 72 St,7175,Central Park W & W 97 St,7538,40.777057,-73.978984,40.79249519495111,-73.96417066463071,member
1363705,08F1D41852EF40AB,docked_bike,2021-04-30 11:48:31,2021-04-30 12:06:39,Adam Clayton Powell Blvd & W 151 St,8009,Central Park W & W 97 St,7538,40.825289,-73.936232,40.79249519495111,-73.96417066463071,member
1363706,71FDFC27FF6D8E3B,docked_bike,2021-04-07 19:41:36,2021-04-07 19:51:03,Columbus Ave & W 72 St,7175,Central Park W & W 97 St,7538,40.777057,-73.978984,40.79249519495111,-73.96417066463071,member
1363708,3A429880D6D6F2AE,docked_bike,2021-04-14 16:05:53,2021-04-14 16:22:47,3 Ave & E 71 St,6960,Central Park W & W 97 St,7538,40.768736,-73.961199,40.79249519495111,-73.96417066463071,casual
1363709,9CD857A0E7611F7C,docked_bike,2021-04-08 09:30:31,2021-04-08 09:43:41,Riverside Dr & W 82 St,7388,Central Park W & W 97 St,7538,40.787208,-73.981281,40.79249519495111,-73.96417066463071,member
1363710,EA7633EC2914C31C,docked_bike,2021-04-24 11:00:27,2021-04-24 11:16:33,Columbus Ave & W 72 St,7175,Central Park W & W 97 St,7538,40.777057,-73.978984,40.79249519495111,-73.96417066463071,member
1363713,3B5721F1ECBBE9A7,docked_bike,2021-04-10 19:46:44,2021-04-10 19:57:03,Columbus Ave & W 72 St,7175,Central Park W & W 97 St,7538,40.777057,-73.978984,40.79249519495111,-73.96417066463071,member
1363717,CF8F88A5E25C1475,docked_bike,2021-04-30 17:02:29,2021-04-30 17:12:34,Columbus Ave & W 72 St,7175,Central Park W & W 97 St,7538,40.777057,-73.978984,40.79249519495111,-73.96417066463071,member
1363718,486F85D76C35C175,docked_bike,2021-04-24 10:33:07,2021-04-24 10:41:44,Columbus Ave & W 72 St,7175,Central Park W & W 97 St,7538,40.777057,-73.978984,40.79249519495111,-73.96417066463071,member
1363728,F8048E501A21A8EA,docked_bike,2021-04-06 17:07:35,2021-04-06 17:16:35,Riverside Dr & W 82 St,7388,Central Park W & W 97 St,7538,40.787208,-73.981281,40.79249519495111,-73.96417066463071,member
1363729,C98E11571C1D357C,docked_bike,2021-04-21 17:42:44,2021-04-21 17:52:05,Riverside Dr & W 82 St,7388,Central Park W & W 97 St,7538,40.787208,-73.981281,40.79249519495111,-73.96417066463071,member
1363735,88B518586A1F09DE,docked_bike,2021-04-04 13:58:30,2021-04-04 14:07:20,Columbus Ave & W 72 St,7175,Central Park W & W 97 St,7538,40.777057,-73.978984,40.79249519495111,-73.96417066463071,member
1363750,702742057D6F8389,docked_bike,2021-04-26 19:50:49,2021-04-26 20:38:59,E 23 St & 1 Ave,5929,Central Park W & W 97 St,7538,40.736502,-73.978094,40.79249519495111,-73.96417066463071,member
1363753,ABA51B69AFDCFBD7,docked_bike,2021-04-16 16:28:18,2021-04-16 17:15:04,Riverside Dr & W 82 St,7388,Central Park W & W 97 St,7538,40.787208,-73.981281,40.79249519495111,-73.96417066463071,member
1363762,40C72DC1EA8BA99C,docked_bike,2021-04-19 10:13:38,2021-04-19 10:34:26,3 Ave & E 71 St,6960,Central Park W & W 97 St,7538,40.768736,-73.961199,40.79249519495111,-73.96417066463071,member
1363766,1DD4280DAA3E5FA3,docked_bike,2021-04-21 06:33:05,2021-04-21 06:50:23,3 Ave & E 71 St,6960,Central Park W & W 97 St,7538,40.768736,-73.961199,40.79249519495111,-73.96417066463071,casual
1363780,66EB07AA70B0C625,docked_bike,2021-04-14 17:37:18,2021-04-14 18:06:37,Grand Army Plaza & Central Park S,6839,Central Park W & W 97 St,7538,40.764397,-73.973714,40.79249519495111,-73.96417066463071,casual
1363783,84896CEEC38EF350,docked_bike,2021-04-24 07:29:44,2021-04-24 07:49:32,Grand Army Plaza & Central Park S,6839,Central Park W & W 97 St,7538,40.764397,-73.973714,40.79249519495111,-73.96417066463071,member
1363785,534E18B2CB2A0A20,docked_bike,2021-04-24 14:54:40,2021-04-24 15:24:41,Grand Army Plaza & Central Park S,6839,Central Park W & W 97 St,7538,40.764397,-73.973714,40.79249519495111,-73.96417066463071,casual
1363786,F437B693B356B0A1,docked_bike,2021-04-24 07:29:47,2021-04-24 07:49:30,Grand Army Plaza & Central Park S,6839,Central Park W & W 97 St,7538,40.764397,-73.973714,40.79249519495111,-73.96417066463071,member
1363791,7C490D53F672540C,docked_bike,2021-04-13 12:55:29,2021-04-13 13:11:23,Grand Army Plaza & Central Park S,6839,Central Park W & W 97 St,7538,40.764397,-73.973714,40.79249519495111,-73.96417066463071,member
1363794,5CA4F1FB8BE977DA,docked_bike,2021-04-14 19:09:29,2021-04-14 19:51:48,Clinton St & Joralemon St,4605,Central Park W & W 97 St,7538,40.692395,-73.993379,40.79249519495111,-73.96417066463071,member
1363807,D0FDC72D1C2A10CC,docked_bike,2021-04-03 15:31:09,2021-04-03 16:06:38,Grand Army Plaza & Central Park S,6839,Central Park W & W 97 St,7538,40.764397,-73.973714,40.79249519495111,-73.96417066463071,member
1363813,D5D3A6159748D649,docked_bike,2021-04-29 14:22:45,2021-04-29 14:37:29,Grand Army Plaza & Central Park S,6839,Central Park W & W 97 St,7538,40.764397,-73.973714,40.79249519495111,-73.96417066463071,member
1363818,7DF54CF19A99A6DC,docked_bike,2021-04-09 16:34:26,2021-04-09 18:01:31,Grand Army Plaza & Central Park S,6839,Central Park W & W 97 St,7538,40.764397,-73.973714,40.79249519495111,-73.96417066463071,casual
1363831,55500C407A062032,docked_bike,2021-04-20 18:11:49,2021-04-20 18:24:10,Columbus Ave & W 72 St,7175,Central Park W & W 97 St,7538,40.777057,-73.978984,40.79249519495111,-73.96417066463071,member
1363847,DF5ECFE16F5D2143,docked_bike,2021-04-15 18:57:43,2021-04-15 19:10:26,Columbus Ave & W 72 St,7175,Central Park W & W 97 St,7538,40.777057,-73.978984,40.79249519495111,-73.96417066463071,casual
1363849,5F0D97CDF99BFCFE,docked_bike,2021-04-28 06:56:34,2021-04-28 07:05:57,Riverside Dr & W 104 St,7623,Central Park W & W 97 St,7538,40.801343,-73.971145,40.79249519495111,-73.96417066463071,casual
1363851,F2003D9514A7460F,docked_bike,2021-04-24 00:11:29,2021-04-24 00:20:23,Columbus Ave & W 72 St,7175,Central Park W & W 97 St,7538,40.777057,-73.978984,40.79249519495111,-73.96417066463071,casual
1363852,34A25A6C7B89BBAB,docked_bike,2021-04-20 21:16:20,2021-04-20 21:25:33,Columbus Ave & W 72 St,7175,Central Park W & W 97 St,7538,40.777057,-73.978984,40.79249519495111,-73.96417066463071,casual
1363857,583F21183923B992,docked_bike,2021-04-10 17:34:32,2021-04-10 17:43:50,Columbus Ave & W 72 St,7175,Central Park W & W 97 St,7538,40.777057,-73.978984,40.79249519495111,-73.96417066463071,member
1363866,FD029C9C97F73935,docked_bike,2021-04-27 17:21:50,2021-04-27 17:30:17,Columbus Ave & W 72 St,7175,Central Park W & W 97 St,7538,40.777057,-73.978984,40.79249519495111,-73.96417066463071,member
1363873,26455AB64D07B785,docked_bike,2021-04-26 15:43:05,2021-04-26 16:22:34,Grand Army Plaza & Central Park S,6839,Central Park W & W 97 St,7538,40.764397,-73.973714,40.79249519495111,-73.96417066463071,member
1363879,B05FC22786605A37,docked_bike,2021-04-05 12:12:32,2021-04-05 12:43:59,Grand Army Plaza & Central Park S,6839,Central Park W & W 97 St,7538,40.764397,-73.973714,40.79249519495111,-73.96417066463071,casual
1363882,A3F6E09BFCF61580,docked_bike,2021-04-28 18:28:00,2021-04-28 18:46:35,W 47 St & 6 Ave,6667,Central Park W & W 97 St,7538,40.758397,-73.98255,40.79249519495111,-73.96417066463071,member
1363892,7ADC1188FDEF1A89,docked_bike,2021-04-30 20:29:30,2021-04-30 20:43:06,Grand Army Plaza & Central Park S,6839,Central Park W & W 97 St,7538,40.764397,-73.973714,40.79249519495111,-73.96417066463071,member
1363895,265F9D99BAE279A6,docked_bike,2021-04-24 15:55:36,2021-04-24 16:40:09,Grand Army Plaza & Central Park S,6839,Central Park W & W 97 St,7538,40.764397,-73.973714,40.79249519495111,-73.96417066463071,member
1363899,CD933FF9C3A6625C,docked_bike,2021-04-15 09:29:30,2021-04-15 09:52:46,Grand Army Plaza & Central Park S,6839,Central Park W & W 97 St,7538,40.764397,-73.973714,40.79249519495111,-73.96417066463071,casual
1363912,7572C33D94285E65,docked_bike,2021-04-18 07:30:38,2021-04-18 07:51:03,Grand Army Plaza & Central Park S,6839,Central Park W & W 97 St,7538,40.764397,-73.973714,40.79249519495111,-73.96417066463071,member
1363919,FD68D894EAC456B4,docked_bike,2021-04-24 13:46:55,2021-04-24 15:24:33,Grand Army Plaza & Central Park S,6839,Central Park W & W 97 St,7538,40.764397,-73.973714,40.79249519495111,-73.96417066463071,casual
1363920,8A866C6A9B789EA6,docked_bike,2021-04-09 16:34:06,2021-04-09 18:01:11,Grand Army Plaza & Central Park S,6839,Central Park W & W 97 St,7538,40.764397,-73.973714,40.79249519495111,-73.96417066463071,casual
1363927,4520D6E9A37307DF,docked_bike,2021-04-24 15:56:26,2021-04-24 16:40:30,Grand Army Plaza & Central Park S,6839,Central Park W & W 97 St,7538,40.764397,-73.973714,40.79249519495111,-73.96417066463071,casual
1363930,E0B1203A0F2366FF,docked_bike,2021-04-10 14:15:19,2021-04-10 14:42:26,Grand Army Plaza & Central Park S,6839,Central Park W & W 97 St,7538,40.764397,-73.973715,40.792495,-73.964171,member
1363933,684588C3923BE661,docked_bike,2021-04-14 16:59:13,2021-04-14 17:28:50,W 47 St & 6 Ave,6667,Central Park W & W 97 St,7538,40.758397,-73.98255,40.79249519495111,-73.96417066463071,casual
1363934,F1221287D33EA9B2,docked_bike,2021-04-14 17:43:23,2021-04-14 18:07:46,Grand Army Plaza & Central Park S,6839,Central Park W & W 97 St,7538,40.764397,-73.973714,40.79249519495111,-73.96417066463071,member
1363942,613539AC950C5DFB,docked_bike,2021-04-26 16:52:42,2021-04-26 17:18:13,Grand Army Plaza & Central Park S,6839,Central Park W & W 97 St,7538,40.764397,-73.973715,40.792495,-73.964171,casual
1363945,667661366C6FA9D7,docked_bike,2021-04-08 14:01:16,2021-04-08 14:21:46,Grand Army Plaza & Central Park S,6839,Central Park W & W 97 St,7538,40.764397,-73.973714,40.79249519495111,-73.96417066463071,member
1363946,2CDC84E28757543D,docked_bike,2021-04-07 08:59:36,2021-04-07 09:18:21,Grand Army Plaza & Central Park S,6839,Central Park W & W 97 St,7538,40.764397,-73.973714,40.79249519495111,-73.96417066463071,member
1363949,D13611EECEFA2B9F,docked_bike,2021-04-03 15:31:06,2021-04-03 16:06:58,Grand Army Plaza & Central Park S,6839,Central Park W & W 97 St,7538,40.764397,-73.973714,40.79249519495111,-73.96417066463071,member
1363954,EF32FCB987F20FE0,docked_bike,2021-04-16 17:31:57,2021-04-16 18:24:33,MacDougal St & Prince St,5687,Central Park W & W 97 St,7538,40.727102,-74.00297,40.79249519495111,-73.96417066463071,member
1363958,9653C5F749C751F0,docked_bike,2021-04-18 07:30:53,2021-04-18 07:51:02,Grand Army Plaza & Central Park S,6839,Central Park W & W 97 St,7538,40.764397,-73.973714,40.79249519495111,-73.96417066463071,member
1363960,0B04923B95B23559,docked_bike,2021-04-13 15:16:36,2021-04-13 15:36:32,Grand Army Plaza & Central Park S,6839,Central Park W & W 97 St,7538,40.764397,-73.973714,40.79249519495111,-73.96417066463071,casual
1363968,F7EA2E6FFB6EF419,docked_bike,2021-04-01 16:28:55,2021-04-01 16:45:10,Grand Army Plaza & Central Park S,6839,Central Park W & W 97 St,7538,40.764397,-73.973714,40.79249519495111,-73.96417066463071,member
1363974,EBAE759A020D3F9D,docked_bike,2021-04-14 17:37:46,2021-04-14 18:07:00,Grand Army Plaza & Central Park S,6839,Central Park W & W 97 St,7538,40.764397,-73.973714,40.79249519495111,-73.96417066463071,casual
1363980,2DE9CA2919CE6561,docked_bike,2021-04-05 18:14:01,2021-04-05 18:30:07,Grand Army Plaza & Central Park S,6839,Central Park W & W 97 St,7538,40.764397,-73.973714,40.79249519495111,-73.96417066463071,member
1363982,805A4A61F02F49C2,docked_bike,2021-04-06 18:34:43,2021-04-06 18:52:46,Grand Army Plaza & Central Park S,6839,Central Park W & W 97 St,7538,40.764397,-73.973714,40.79249519495111,-73.96417066463071,member
1363987,A41934F79DE7A20E,docked_bike,2021-04-05 12:12:15,2021-04-05 12:43:56,Grand Army Plaza & Central Park S,6839,Central Park W & W 97 St,7538,40.764397,-73.973714,40.79249519495111,-73.96417066463071,casual
1364012,DE098430AD4C23FD,docked_bike,2021-04-22 14:44:42,2021-04-22 14:56:16,E 106 St & 1 Ave,7456,Central Park W & W 97 St,7538,40.789252,-73.939562,40.79249519495111,-73.96417066463071,casual
1364015,27A838F0D93374F6,docked_bike,2021-04-29 00:50:03,2021-04-29 01:05:48,E 106 St & 1 Ave,7456,Central Park W & W 97 St,7538,40.789252,-73.939562,40.79249519495111,-73.96417066463071,casual
1364033,06BE1BBF575E0BBD,docked_bike,2021-04-17 09:22:42,2021-04-17 09:32:44,E 106 St & 1 Ave,7456,Central Park W & W 97 St,7538,40.789252,-73.939562,40.79249519495111,-73.96417066463071,casual
1364042,8FE09C0DE69538FE,docked_bike,2021-04-16 14:02:07,2021-04-16 14:09:30,Cathedral Pkwy & Broadway,7680,Central Park W & W 97 St,7538,40.804213,-73.966991,40.79249519495111,-73.96417066463071,member
1364060,8F2456F5A39B584D,docked_bike,2021-04-29 19:45:25,2021-04-29 20:06:24,Frederick Douglass Blvd & W 129 St,7795,Central Park W & W 97 St,7538,40.812551,-73.949228,40.79249519495111,-73.96417066463071,casual
1364061,FA84685E944843D7,docked_bike,2021-04-27 20:13:05,2021-04-27 20:19:36,Amsterdam Ave & W 82 St,7360,Central Park W & W 97 St,7538,40.785246,-73.976673,40.79249519495111,-73.96417066463071,member
1364064,F538A73566763B87,docked_bike,2021-04-13 20:33:11,2021-04-13 20:38:44,Amsterdam Ave & W 82 St,7360,Central Park W & W 97 St,7538,40.785246,-73.976673,40.79249519495111,-73.96417066463071,member
1364077,0193BFF6948D25FB,docked_bike,2021-04-05 08:29:42,2021-04-05 08:34:59,Amsterdam Ave & W 82 St,7360,Central Park W & W 97 St,7538,40.785246,-73.976673,40.79249519495111,-73.96417066463071,member
1364080,D85C9B935A268E40,docked_bike,2021-04-04 16:27:30,2021-04-04 16:53:06,Adam Clayton Powell Blvd & W 126 St,7738,Central Park W & W 97 St,7538,40.809495,-73.947764,40.79249519495111,-73.96417066463071,casual
1364094,080C604461BE8639,docked_bike,2021-04-17 12:11:52,2021-04-17 12:32:47,Grand Army Plaza & Central Park S,6839,Central Park W & W 97 St,7538,40.764397,-73.973714,40.79249519495111,-73.96417066463071,member
1364099,2E78235F82B9C4CA,docked_bike,2021-04-23 14:12:39,2021-04-23 14:32:18,Grand Army Plaza & Central Park S,6839,Central Park W & W 97 St,7538,40.764397,-73.973714,40.79249519495111,-73.96417066463071,casual
1364129,5573B67D745E6D44,docked_bike,2021-04-25 19:36:57,2021-04-25 19:45:55,Cathedral Pkwy & Broadway,7680,Central Park W & W 97 St,7538,40.804213,-73.966991,40.79249519495111,-73.96417066463071,member
1364137,DA0F0F22BD050335,docked_bike,2021-04-28 19:07:39,2021-04-28 19:18:28,Cathedral Pkwy & Broadway,7680,Central Park W & W 97 St,7538,40.804213,-73.966991,40.79249519495111,-73.96417066463071,member
1364143,AD1735B1ED920E6A,docked_bike,2021-04-28 11:40:49,2021-04-28 12:07:59,W 26 St & 8 Ave,6297,Central Park W & W 97 St,7538,40.747348,-73.997235,40.79249519495111,-73.96417066463071,member
1364147,71C59AFFB1DDE07D,docked_bike,2021-04-28 19:06:00,2021-04-28 19:18:35,Cathedral Pkwy & Broadway,7680,Central Park W & W 97 St,7538,40.804213,-73.966991,40.79249519495111,-73.96417066463071,member
1364148,C7CE18D1D719AD34,docked_bike,2021-04-23 18:52:16,2021-04-23 19:00:49,E 106 St & 1 Ave,7456,Central Park W & W 97 St,7538,40.789252,-73.939562,40.79249519495111,-73.96417066463071,casual
1364158,061FE0A8BFC11FCF,docked_bike,2021-04-20 01:55:47,2021-04-20 02:07:32,E 106 St & 1 Ave,7456,Central Park W & W 97 St,7538,40.789252,-73.939562,40.79249519495111,-73.96417066463071,casual
1364162,33EAC6DA70339173,docked_bike,2021-04-27 21:50:55,2021-04-27 22:00:14,E 97 St & 3 Ave,7365,Central Park W & W 97 St,7538,40.78592,-73.948602,40.79249519495111,-73.96417066463071,casual
1364163,6B6A66C6F2394D20,docked_bike,2021-04-08 11:34:24,2021-04-08 11:44:14,E 106 St & 1 Ave,7456,Central Park W & W 97 St,7538,40.789252,-73.939562,40.79249519495111,-73.96417066463071,casual
1364166,9D086B0803A89800,docked_bike,2021-04-18 16:26:05,2021-04-18 16:51:38,W 26 St & 8 Ave,6297,Central Park W & W 97 St,7538,40.747348,-73.997235,40.79249519495111,-73.96417066463071,member
1364167,8EAB6D0CED435924,docked_bike,2021-04-09 10:16:44,2021-04-09 10:26:14,E 106 St & 1 Ave,7456,Central Park W & W 97 St,7538,40.789252,-73.939562,40.79249519495111,-73.96417066463071,casual
1364169,39C78B377B39A969,docked_bike,2021-04-21 01:50:52,2021-04-21 02:01:17,E 106 St & 1 Ave,7456,Central Park W & W 97 St,7538,40.789252,-73.939562,40.79249519495111,-73.96417066463071,casual
1364186,B9524F94ABC8B80E,docked_bike,2021-04-04 14:44:18,2021-04-04 15:41:46,W 22 St & 8 Ave,6224,Central Park W & W 97 St,7538,40.744751,-73.999154,40.792495,-73.964171,casual
1364191,293F5878E8C7FD23,docked_bike,2021-04-24 15:25:40,2021-04-24 15:32:46,E 97 St & 3 Ave,7365,Central Park W & W 97 St,7538,40.78592,-73.948602,40.79249519495111,-73.96417066463071,casual
1364196,2DF6929847A5F416,docked_bike,2021-04-05 17:38:11,2021-04-05 18:03:06,W 22 St & 8 Ave,6224,Central Park W & W 97 St,7538,40.744751,-73.999153,40.79249519495111,-73.96417066463071,member
1364229,14C1F86D739CAE75,docked_bike,2021-04-23 12:41:42,2021-04-23 13:16:01,Riverside Dr & W 82 St,7388,Central Park W & W 97 St,7538,40.787208,-73.981281,40.79249519495111,-73.96417066463071,member
1364236,D6747A58D28CC8E6,docked_bike,2021-04-28 19:12:39,2021-04-28 19:28:02,Riverside Dr & W 104 St,7623,Central Park W & W 97 St,7538,40.801343,-73.971145,40.79249519495111,-73.96417066463071,casual
1364239,B64226643DEC8479,docked_bike,2021-04-23 11:23:52,2021-04-23 11:34:49,E 106 St & 1 Ave,7456,Central Park W & W 97 St,7538,40.789252,-73.939562,40.79249519495111,-73.96417066463071,casual
1364259,F89D4BE41DCE3EA6,docked_bike,2021-04-20 12:48:09,2021-04-20 13:07:57,E 97 St & 3 Ave,7365,Central Park W & W 97 St,7538,40.78592,-73.948602,40.79249519495111,-73.96417066463071,member
1364260,890E6124C9787F57,docked_bike,2021-04-28 13:07:29,2021-04-28 13:34:01,Carmine St & 6 Ave,5763,Central Park W & W 97 St,7538,40.730385,-74.002149,40.79249519495111,-73.96417066463071,member
1364264,647121F36CE1C71D,docked_bike,2021-04-08 17:23:52,2021-04-08 17:34:23,Cathedral Pkwy & Broadway,7680,Central Park W & W 97 St,7538,40.804213,-73.966991,40.79249519495111,-73.96417066463071,casual
1364284,969A2C0BE2B73344,docked_bike,2021-04-23 19:11:31,2021-04-23 19:25:06,E 106 St & 1 Ave,7456,Central Park W & W 97 St,7538,40.789252,-73.939562,40.79249519495111,-73.96417066463071,member
1364288,23C0E9972D8CBEBF,docked_bike,2021-04-28 14:32:01,2021-04-28 14:53:02,Willis Ave & E 141 St,7759,Central Park W & W 97 St,7538,40.81093,-73.921606,40.79249519495111,-73.96417066463071,member
1364290,0B451908E2408B34,docked_bike,2021-04-04 11:53:32,2021-04-04 12:33:08,Carmine St & 6 Ave,5763,Central Park W & W 97 St,7538,40.730385,-74.002149,40.79249519495111,-73.96417066463071,member
1364291,BFC9C7093F33F66E,docked_bike,2021-04-27 21:51:27,2021-04-27 22:00:36,E 97 St & 3 Ave,7365,Central Park W & W 97 St,7538,40.78592,-73.948602,40.79249519495111,-73.96417066463071,casual
1364292,6F35A0E6E9C0A9F9,docked_bike,2021-04-17 11:08:18,2021-04-17 11:57:39,Carmine St & 6 Ave,5763,Central Park W & W 97 St,7538,40.730385,-74.002149,40.79249519495111,-73.96417066463071,member
1364297,3A3D8B708E2F44D0,docked_bike,2021-04-08 13:56:32,2021-04-08 14:04:43,Cathedral Pkwy & Broadway,7680,Central Park W & W 97 St,7538,40.804213,-73.966991,40.79249519495111,-73.96417066463071,casual
1364298,BA8ECC0F11E5A74B,docked_bike,2021-04-17 14:27:22,2021-04-17 15:00:14,Greenwich St & Perry St,5922,Central Park W & W 97 St,7538,40.73498,-74.00697,40.79249519495111,-73.96417066463071,member
1364308,DC765D05B274EE41,docked_bike,2021-04-18 08:46:10,2021-04-18 09:07:28,W 26 St & 8 Ave,6297,Central Park W & W 97 St,7538,40.747348,-73.997235,40.79249519495111,-73.96417066463071,member
1364311,272866763F8F916D,docked_bike,2021-04-14 08:20:29,2021-04-14 08:30:13,E 106 St & 1 Ave,7456,Central Park W & W 97 St,7538,40.789252,-73.939562,40.79249519495111,-73.96417066463071,casual
1364320,70480CFA512A7E47,docked_bike,2021-04-28 06:24:27,2021-04-28 06:32:55,E 106 St & 1 Ave,7456,Central Park W & W 97 St,7538,40.789252,-73.939562,40.79249519495111,-73.96417066463071,casual
1364347,81E5E2D1E8553353,docked_bike,2021-04-13 19:22:37,2021-04-13 19:33:45,Riverside Dr & W 104 St,7623,Central Park W & W 97 St,7538,40.801343,-73.971145,40.79249519495111,-73.96417066463071,casual
1364355,E1C73DC6243CBE39,docked_bike,2021-04-03 11:58:04,2021-04-03 12:44:34,Riverside Dr & W 82 St,7388,Central Park W & W 97 St,7538,40.787208,-73.981281,40.79249519495111,-73.96417066463071,member
1364378,30EA59990763D84C,docked_bike,2021-04-09 17:48:27,2021-04-09 18:27:08,Carmine St & 6 Ave,5763,Central Park W & W 97 St,7538,40.730385,-74.002149,40.79249519495111,-73.96417066463071,member
1364386,F1FC7BF4F76D65DE,docked_bike,2021-04-04 16:19:13,2021-04-04 16:30:06,Central Park West & W 68 St,7079,Central Park W & W 97 St,7538,40.773406,-73.977825,40.79249519495111,-73.96417066463071,member
1364387,676E2DC3CF266A0C,docked_bike,2021-04-07 18:46:57,2021-04-07 18:55:30,Central Park West & W 68 St,7079,Central Park W & W 97 St,7538,40.773406,-73.977825,40.79249519495111,-73.96417066463071,member
1364388,9D340DBAAEDA72D2,docked_bike,2021-04-18 15:54:06,2021-04-18 16:36:24,Central Park West & W 68 St,7079,Central Park W & W 97 St,7538,40.773406,-73.977825,40.79249519495111,-73.96417066463071,casual
1364389,E37517DC48A09BDE,docked_bike,2021-04-17 15:39:17,2021-04-17 16:31:57,Central Park West & W 68 St,7079,Central Park W & W 97 St,7538,40.773406,-73.977825,40.79249519495111,-73.96417066463071,member
1364392,7B100CE5A8A232D7,docked_bike,2021-04-08 17:04:45,2021-04-08 17:15:01,Central Park West & W 68 St,7079,Central Park W & W 97 St,7538,40.773406,-73.977825,40.79249519495111,-73.96417066463071,member
1364394,7990F7BE32553B89,docked_bike,2021-04-01 18:37:37,2021-04-01 18:50:36,Central Park West & W 68 St,7079,Central Park W & W 97 St,7538,40.773406,-73.977825,40.79249519495111,-73.96417066463071,member
1364396,F199F6AAF51CB023,docked_bike,2021-04-28 16:52:19,2021-04-28 17:03:17,Central Park West & W 68 St,7079,Central Park W & W 97 St,7538,40.773406,-73.977825,40.79249519495111,-73.96417066463071,member
1364397,448B240A03E8DC30,docked_bike,2021-04-29 21:22:18,2021-04-29 21:36:19,E 58 St & Madison Ave,6839,Central Park W & W 97 St,7538,40.763025,-73.972095,40.79249519495111,-73.96417066463071,casual
1364398,C934CB1871C3F1DE,docked_bike,2021-04-03 14:45:38,2021-04-03 15:22:50,E 58 St & Madison Ave,6839,Central Park W & W 97 St,7538,40.763025,-73.972095,40.79249519495111,-73.96417066463071,casual
1364401,247F842AF1AD5BA4,docked_bike,2021-04-21 14:36:25,2021-04-21 14:41:06,E 97 St & 3 Ave,7365,Central Park W & W 97 St,7538,40.78592,-73.948602,40.79249519495111,-73.96417066463071,member
1364414,9F68246350968C24,docked_bike,2021-04-11 06:39:52,2021-04-11 06:48:39,E 106 St & 1 Ave,7456,Central Park W & W 97 St,7538,40.789252,-73.939562,40.79249519495111,-73.96417066463071,casual
1364423,14770811256D9339,docked_bike,2021-04-08 13:21:06,2021-04-08 13:25:42,E 97 St & 3 Ave,7365,Central Park W & W 97 St,7538,40.78592,-73.948602,40.79249519495111,-73.96417066463071,member
1364429,C0E980482974351B,docked_bike,2021-04-04 11:53:37,2021-04-04 12:33:08,Carmine St & 6 Ave,5763,Central Park W & W 97 St,7538,40.730385,-74.002149,40.79249519495111,-73.96417066463071,member
1364433,66D7D22750A99352,docked_bike,2021-04-09 15:37:44,2021-04-09 15:42:49,E 97 St & 3 Ave,7365,Central Park W & W 97 St,7538,40.78592,-73.948602,40.79249519495111,-73.96417066463071,member
1364441,972111B32AAEEEC7,docked_bike,2021-04-15 23:24:35,2021-04-15 23:44:39,W 26 St & 8 Ave,6297,Central Park W & W 97 St,7538,40.747348,-73.997235,40.79249519495111,-73.96417066463071,member
1364443,E06C45D952D0CE08,docked_bike,2021-04-30 10:20:15,2021-04-30 10:29:17,E 106 St & 1 Ave,7456,Central Park W & W 97 St,7538,40.789252,-73.939562,40.79249519495111,-73.96417066463071,casual
1364448,B3D74195EEC6C1D3,docked_bike,2021-04-27 21:50:25,2021-04-27 22:01:00,E 97 St & 3 Ave,7365,Central Park W & W 97 St,7538,40.78592,-73.948602,40.79249519495111,-73.96417066463071,casual
1364455,6A41CCDD0B00D908,docked_bike,2021-04-18 16:06:03,2021-04-18 16:19:58,Cathedral Pkwy & Broadway,7680,Central Park W & W 97 St,7538,40.804213,-73.966991,40.79249519495111,-73.96417066463071,casual
1364456,92FA4A9F19BBD255,docked_bike,2021-04-25 07:10:05,2021-04-25 07:18:25,E 106 St & 1 Ave,7456,Central Park W & W 97 St,7538,40.789252,-73.939562,40.79249519495111,-73.96417066463071,casual
1364457,321216278E2CF339,docked_bike,2021-04-17 11:08:18,2021-04-17 11:57:26,Carmine St & 6 Ave,5763,Central Park W & W 97 St,7538,40.730385,-74.002149,40.79249519495111,-73.96417066463071,casual
1364461,B2D0DBD78ED69D4E,docked_bike,2021-04-16 14:56:37,2021-04-16 15:34:13,Cathedral Pkwy & Broadway,7680,Central Park W & W 97 St,7538,40.804213,-73.966991,40.79249519495111,-73.96417066463071,member
1364470,040BD539DADDEB9F,docked_bike,2021-04-04 17:28:40,2021-04-04 17:42:07,Central Park West & W 68 St,7079,Central Park W & W 97 St,7538,40.773406,-73.977825,40.79249519495111,-73.96417066463071,casual
1364473,CB9BA80656D764B9,docked_bike,2021-04-14 12:48:34,2021-04-14 12:58:53,Central Park West & W 68 St,7079,Central Park W & W 97 St,7538,40.773406,-73.977825,40.79249519495111,-73.96417066463071,member
1364474,02930AACFE27D88A,docked_bike,2021-04-10 15:45:31,2021-04-10 16:24:43,Central Park West & W 68 St,7079,Central Park W & W 97 St,7538,40.773406,-73.977825,40.79249519495111,-73.96417066463071,casual
1364478,780DDC04BD7E9A37,docked_bike,2021-04-16 07:56:10,2021-04-16 08:23:06,Central Park West & W 68 St,7079,Central Park W & W 97 St,7538,40.773406,-73.977825,40.79249519495111,-73.96417066463071,member
1364482,979504F7F643C894,docked_bike,2021-04-23 09:06:00,2021-04-23 09:22:13,Central Park West & W 68 St,7079,Central Park W & W 97 St,7538,40.773406,-73.977825,40.79249519495111,-73.96417066463071,member
1364487,67EBCFE06F1BA162,docked_bike,2021-04-28 11:55:05,2021-04-28 12:18:24,Central Park West & W 68 St,7079,Central Park W & W 97 St,7538,40.773406,-73.977825,40.79249519495111,-73.96417066463071,casual
1364488,667FA9EF1406AD4E,docked_bike,2021-04-22 14:30:19,2021-04-22 14:38:35,Central Park West & W 68 St,7079,Central Park W & W 97 St,7538,40.773406,-73.977825,40.79249519495111,-73.96417066463071,member
1364489,419A97E30B6C0F64,docked_bike,2021-04-04 17:47:23,2021-04-04 17:54:14,Central Park West & W 68 St,7079,Central Park W & W 97 St,7538,40.773407,-73.977825,40.792495,-73.964171,member
1364498,44F1E13287932542,docked_bike,2021-04-19 18:21:18,2021-04-19 21:41:16,W 47 St & 6 Ave,6667,Central Park W & W 97 St,7538,40.758397,-73.98255,40.79249519495111,-73.96417066463071,casual
1364500,27F35D264DE049EA,docked_bike,2021-04-13 14:34:34,2021-04-13 14:56:32,Grand Army Plaza & Central Park S,6839,Central Park W & W 97 St,7538,40.764397,-73.973714,40.79249519495111,-73.96417066463071,member
1364505,26DBBDB79ADDB8AF,docked_bike,2021-04-04 16:18:55,2021-04-04 16:30:05,Central Park West & W 68 St,7079,Central Park W & W 97 St,7538,40.773407,-73.977825,40.792495,-73.964171,member
1364507,D2F614DD148C1C81,docked_bike,2021-04-15 16:02:00,2021-04-15 16:15:36,Central Park West & W 68 St,7079,Central Park W & W 97 St,7538,40.773406,-73.977825,40.79249519495111,-73.96417066463071,casual
1364510,243873DFFB783AB6,docked_bike,2021-04-17 17:49:59,2021-04-17 18:00:06,Central Park West & W 68 St,7079,Central Park W & W 97 St,7538,40.773406,-73.977825,40.79249519495111,-73.96417066463071,member
1364511,881758086E683586,docked_bike,2021-04-21 17:44:23,2021-04-21 17:55:06,Central Park West & W 68 St,7079,Central Park W & W 97 St,7538,40.773406,-73.977825,40.79249519495111,-73.96417066463071,member
1364512,F901AE0DFD693A23,docked_bike,2021-04-17 15:41:26,2021-04-17 16:32:29,Central Park West & W 68 St,7079,Central Park W & W 97 St,7538,40.773406,-73.977825,40.79249519495111,-73.96417066463071,casual
1364514,A455A67F0011558D,docked_bike,2021-04-24 16:56:20,2021-04-24 17:06:01,Central Park West & W 68 St,7079,Central Park W & W 97 St,7538,40.773406,-73.977825,40.79249519495111,-73.96417066463071,casual
1364516,0896957C308785E4,docked_bike,2021-04-10 15:45:12,2021-04-10 16:24:47,Central Park West & W 68 St,7079,Central Park W & W 97 St,7538,40.773406,-73.977825,40.79249519495111,-73.96417066463071,casual
1364518,7BB5F36E3EE5C831,docked_bike,2021-04-17 17:49:34,2021-04-17 17:58:04,Central Park West & W 68 St,7079,Central Park W & W 97 St,7538,40.773406,-73.977825,40.79249519495111,-73.96417066463071,member
1364519,0D262316270F6298,docked_bike,2021-04-18 11:47:15,2021-04-18 12:22:22,Central Park West & W 68 St,7079,Central Park W & W 97 St,7538,40.773406,-73.977825,40.79249519495111,-73.96417066463071,member
1364520,13F5321121DE21B0,docked_bike,2021-04-10 13:11:50,2021-04-10 13:23:00,Central Park West & W 68 St,7079,Central Park W & W 97 St,7538,40.773406,-73.977825,40.79249519495111,-73.96417066463071,casual
1364522,06ABB5FBA897823E,docked_bike,2021-04-10 12:43:32,2021-04-10 12:54:29,Central Park West & W 68 St,7079,Central Park W & W 97 St,7538,40.773406,-73.977825,40.79249519495111,-73.96417066463071,member
1364523,C1C8C680EA94ACEC,docked_bike,2021-04-24 16:41:55,2021-04-24 16:51:48,Central Park West & W 68 St,7079,Central Park W & W 97 St,7538,40.773406,-73.977825,40.79249519495111,-73.96417066463071,member
1364525,F0DD72216B285D11,docked_bike,2021-04-09 12:45:45,2021-04-09 12:59:34,Central Park West & W 68 St,7079,Central Park W & W 97 St,7538,40.773406,-73.977825,40.79249519495111,-73.96417066463071,member
1364527,3064B8D211020018,docked_bike,2021-04-28 19:22:06,2021-04-28 19:33:43,Central Park West & W 68 St,7079,Central Park W & W 97 St,7538,40.773406,-73.977825,40.79249519495111,-73.96417066463071,casual
1364528,BC9004A1544F1695,docked_bike,2021-04-07 19:14:16,2021-04-07 19:25:11,Central Park West & W 68 St,7079,Central Park W & W 97 St,7538,40.773406,-73.977825,40.79249519495111,-73.96417066463071,member
1364529,ECF8D73706D1571D,docked_bike,2021-04-18 15:20:06,2021-04-18 15:51:58,Central Park West & W 68 St,7079,Central Park W & W 97 St,7538,40.773406,-73.977825,40.79249519495111,-73.96417066463071,member
1364530,6C75369198ADB7B9,docked_bike,2021-04-04 15:17:34,2021-04-04 15:49:18,Central Park West & W 68 St,7079,Central Park W & W 97 St,7538,40.773406,-73.977825,40.79249519495111,-73.96417066463071,casual
1364531,AD5A4040160833B5,docked_bike,2021-04-17 23:45:30,2021-04-17 23:56:54,Central Park West & W 68 St,7079,Central Park W & W 97 St,7538,40.773406,-73.977825,40.79249519495111,-73.96417066463071,member
1364533,00B215A031E289BA,docked_bike,2021-04-21 13:43:34,2021-04-21 13:54:31,Central Park West & W 68 St,7079,Central Park W & W 97 St,7538,40.773406,-73.977825,40.79249519495111,-73.96417066463071,member
1364536,999094B8CEB0B938,docked_bike,2021-04-06 18:52:59,2021-04-06 19:03:39,Central Park West & W 68 St,7079,Central Park W & W 97 St,7538,40.773406,-73.977825,40.79249519495111,-73.96417066463071,member
1364537,E03766A94B156FFF,docked_bike,2021-04-26 15:13:06,2021-04-26 15:24:14,Central Park West & W 68 St,7079,Central Park W & W 97 St,7538,40.773406,-73.977825,40.79249519495111,-73.96417066463071,member
1364545,9D8704A7DE089F81,docked_bike,2021-04-03 14:46:17,2021-04-03 15:23:22,E 58 St & Madison Ave,6839,Central Park W & W 97 St,7538,40.763025,-73.972095,40.79249519495111,-73.96417066463071,casual
1364547,99F1FD78F484CEE5,docked_bike,2021-04-25 14:07:28,2021-04-25 14:19:58,Central Park West & W 68 St,7079,Central Park W & W 97 St,7538,40.773406,-73.977825,40.79249519495111,-73.96417066463071,member
1364549,08A432BB3AA36657,docked_bike,2021-04-30 13:52:08,2021-04-30 14:03:21,Central Park West & W 68 St,7079,Central Park W & W 97 St,7538,40.773406,-73.977825,40.79249519495111,-73.96417066463071,member
1364554,F35BE4FF23C1CBF8,docked_bike,2021-04-18 15:52:07,2021-04-18 16:35:12,Central Park West & W 68 St,7079,Central Park W & W 97 St,7538,40.773406,-73.977825,40.79249519495111,-73.96417066463071,casual
1364555,37C72EF5F0CE29A5,docked_bike,2021-04-18 10:34:57,2021-04-18 10:45:38,Central Park West & W 68 St,7079,Central Park W & W 97 St,7538,40.773406,-73.977825,40.79249519495111,-73.96417066463071,member
1364557,C238A79CA85CA54A,docked_bike,2021-04-28 23:18:15,2021-04-28 23:26:22,Central Park West & W 68 St,7079,Central Park W & W 97 St,7538,40.773406,-73.977825,40.79249519495111,-73.96417066463071,member
1364558,5052F427F0A8D9D5,docked_bike,2021-04-08 13:01:02,2021-04-08 13:13:43,Central Park West & W 68 St,7079,Central Park W & W 97 St,7538,40.773406,-73.977825,40.79249519495111,-73.96417066463071,member
1364561,FCC677B048EA471C,docked_bike,2021-04-04 14:24:30,2021-04-04 14:59:20,E 58 St & Madison Ave,6839,Central Park W & W 97 St,7538,40.763025,-73.972095,40.79249519495111,-73.96417066463071,casual
1364563,FFCAE83CAE3DD0AB,docked_bike,2021-04-03 14:44:47,2021-04-03 15:22:45,E 58 St & Madison Ave,6839,Central Park W & W 97 St,7538,40.763025,-73.972095,40.79249519495111,-73.96417066463071,casual
1364567,4E36C77FE1B90457,docked_bike,2021-04-17 00:13:15,2021-04-17 00:22:56,Central Park West & W 68 St,7079,Central Park W & W 97 St,7538,40.773406,-73.977825,40.79249519495111,-73.96417066463071,casual
1364568,A961E5C278E01F90,docked_bike,2021-04-18 12:46:34,2021-04-18 12:57:41,Central Park West & W 68 St,7079,Central Park W & W 97 St,7538,40.773406,-73.977825,40.79249519495111,-73.96417066463071,member
1364572,FE45E5016FD17034,docked_bike,2021-04-08 11:22:49,2021-04-08 11:35:04,Central Park West & W 68 St,7079,Central Park W & W 97 St,7538,40.773406,-73.977825,40.79249519495111,-73.96417066463071,member
1364573,CE9577A8E2750521,docked_bike,2021-04-10 09:46:11,2021-04-10 10:03:24,Central Park West & W 68 St,7079,Central Park W & W 97 St,7538,40.773406,-73.977825,40.79249519495111,-73.96417066463071,member
1364577,AF6D129AA51AE778,docked_bike,2021-04-18 14:08:16,2021-04-18 14:45:41,Central Park West & W 68 St,7079,Central Park W & W 97 St,7538,40.773406,-73.977825,40.79249519495111,-73.96417066463071,member
1364579,2843D9BB741E558B,docked_bike,2021-04-24 12:50:23,2021-04-24 12:59:45,Central Park West & W 68 St,7079,Central Park W & W 97 St,7538,40.773406,-73.977825,40.79249519495111,-73.96417066463071,member
1364581,90E53BFD9D8E7CB3,docked_bike,2021-04-18 15:59:19,2021-04-18 16:35:51,Central Park West & W 68 St,7079,Central Park W & W 97 St,7538,40.773406,-73.977825,40.79249519495111,-73.96417066463071,casual
1364584,44F9A33CA63CD023,docked_bike,2021-04-18 14:05:49,2021-04-18 14:45:41,Central Park West & W 68 St,7079,Central Park W & W 97 St,7538,40.773406,-73.977825,40.79249519495111,-73.96417066463071,member
1364585,A5900D640EF95FE3,docked_bike,2021-04-04 11:41:45,2021-04-04 12:10:37,Central Park West & W 68 St,7079,Central Park W & W 97 St,7538,40.773406,-73.977825,40.79249519495111,-73.96417066463071,member
1364587,E403E5E6DF05E979,docked_bike,2021-04-26 19:05:39,2021-04-26 19:14:46,Central Park West & W 68 St,7079,Central Park W & W 97 St,7538,40.773406,-73.977825,40.79249519495111,-73.96417066463071,member
1364588,78423875B53D99D6,docked_bike,2021-04-23 23:07:36,2021-04-24 10:28:14,Central Park West & W 68 St,7079,Central Park W & W 97 St,7538,40.773406,-73.977825,40.79249519495111,-73.96417066463071,casual
1364604,BD1FFC20D8A32E5D,docked_bike,2021-04-20 19:22:42,2021-04-20 19:34:15,W 76 St & Columbus Ave,7281,Central Park W & W 97 St,7538,40.780183,-73.977285,40.79249519495111,-73.96417066463071,member
1364608,462EB5E9809FAF1B,docked_bike,2021-04-26 13:14:03,2021-04-26 13:24:38,W 76 St & Columbus Ave,7281,Central Park W & W 97 St,7538,40.780183,-73.977285,40.79249519495111,-73.96417066463071,member
1364611,9CEDBBB7AB328BE7,docked_bike,2021-04-04 15:11:26,2021-04-04 15:19:33,Central Park West & W 68 St,7079,Central Park W & W 97 St,7538,40.773406,-73.977825,40.79249519495111,-73.96417066463071,member
1364612,7E2DEF03D8C90B69,docked_bike,2021-04-18 19:58:51,2021-04-18 20:23:34,Central Park West & W 68 St,7079,Central Park W & W 97 St,7538,40.773406,-73.977825,40.79249519495111,-73.96417066463071,member
1364616,6E0EF6B3468E23A9,docked_bike,2021-04-10 16:22:55,2021-04-10 16:35:55,Central Park West & W 68 St,7079,Central Park W & W 97 St,7538,40.773406,-73.977825,40.79249519495111,-73.96417066463071,member
1364617,B13BEE126C0E1216,docked_bike,2021-04-18 15:54:41,2021-04-18 16:35:08,Central Park West & W 68 St,7079,Central Park W & W 97 St,7538,40.773406,-73.977825,40.79249519495111,-73.96417066463071,casual
1364618,4EC2703A803FADA5,docked_bike,2021-04-29 22:18:58,2021-04-29 22:28:48,Central Park West & W 68 St,7079,Central Park W & W 97 St,7538,40.773406,-73.977825,40.79249519495111,-73.96417066463071,member
1364621,A48B6E4C2BFABFDF,docked_bike,2021-04-04 15:18:50,2021-04-04 15:49:40,Central Park West & W 68 St,7079,Central Park W & W 97 St,7538,40.773406,-73.977825,40.79249519495111,-73.96417066463071,casual
1364622,F5B528A003422C8B,docked_bike,2021-04-24 14:35:15,2021-04-24 14:45:25,Central Park West & W 68 St,7079,Central Park W & W 97 St,7538,40.773406,-73.977825,40.79249519495111,-73.96417066463071,member
1364623,1621CAF5A070E4BB,docked_bike,2021-04-28 12:29:42,2021-04-28 12:40:29,Central Park West & W 68 St,7079,Central Park W & W 97 St,7538,40.773406,-73.977825,40.79249519495111,-73.96417066463071,member
1364624,75062C4996E977F6,docked_bike,2021-04-18 16:29:18,2021-04-18 16:41:25,Central Park West & W 68 St,7079,Central Park W & W 97 St,7538,40.773406,-73.977825,40.79249519495111,-73.96417066463071,casual
1364625,64B852BE3F138944,docked_bike,2021-04-30 08:53:00,2021-04-30 09:00:07,Central Park West & W 68 St,7079,Central Park W & W 97 St,7538,40.773406,-73.977825,40.79249519495111,-73.96417066463071,casual
1364626,1FFC4827DEE42B8A,docked_bike,2021-04-10 17:05:00,2021-04-10 17:18:44,Central Park West & W 68 St,7079,Central Park W & W 97 St,7538,40.773406,-73.977825,40.79249519495111,-73.96417066463071,member
1364627,12B80CA023EE9470,docked_bike,2021-04-10 09:47:11,2021-04-10 10:05:46,Central Park West & W 68 St,7079,Central Park W & W 97 St,7538,40.773406,-73.977825,40.79249519495111,-73.96417066463071,member
1364628,42287BC45BC7662E,docked_bike,2021-04-05 10:15:26,2021-04-05 10:26:56,Central Park West & W 68 St,7079,Central Park W & W 97 St,7538,40.773406,-73.977825,40.79249519495111,-73.96417066463071,member
1364635,4274DF4565168C07,docked_bike,2021-04-02 19:52:36,2021-04-02 20:01:36,Central Park West & W 68 St,7079,Central Park W & W 97 St,7538,40.773406,-73.977825,40.79249519495111,-73.96417066463071,casual
1364636,6D35422808A422E3,docked_bike,2021-04-04 14:21:06,2021-04-04 14:59:22,E 58 St & Madison Ave,6839,Central Park W & W 97 St,7538,40.763025,-73.972095,40.79249519495111,-73.96417066463071,member
1364642,A1D058E1689BF61D,docked_bike,2021-04-20 16:33:29,2021-04-20 17:23:57,W 53 St & 10 Ave,6890,Central Park W & W 97 St,7538,40.766696,-73.990617,40.79249519495111,-73.96417066463071,casual
1364647,EC79979DBBE4A09D,docked_bike,2021-04-27 13:07:26,2021-04-27 13:16:23,Central Park West & W 68 St,7079,Central Park W & W 97 St,7538,40.773406,-73.977825,40.79249519495111,-73.96417066463071,member
1364650,10C563C9D5658D74,docked_bike,2021-04-10 17:16:18,2021-04-10 17:26:32,Central Park West & W 68 St,7079,Central Park W & W 97 St,7538,40.773406,-73.977825,40.79249519495111,-73.96417066463071,member
1364653,7C2D6C719945857A,docked_bike,2021-04-27 13:55:40,2021-04-27 14:04:29,Central Park West & W 68 St,7079,Central Park W & W 97 St,7538,40.773406,-73.977825,40.79249519495111,-73.96417066463071,member
1364657,37396EAB1346326C,docked_bike,2021-04-18 15:52:11,2021-04-18 16:35:53,Central Park West & W 68 St,7079,Central Park W & W 97 St,7538,40.773406,-73.977825,40.79249519495111,-73.96417066463071,casual
1364658,BEB7C628930C269B,docked_bike,2021-04-04 13:49:27,2021-04-04 14:01:41,Central Park West & W 68 St,7079,Central Park W & W 97 St,7538,40.773406,-73.977825,40.79249519495111,-73.96417066463071,member
1364659,F33D1F82820C8BC8,docked_bike,2021-04-07 15:09:57,2021-04-07 15:19:22,Central Park West & W 68 St,7079,Central Park W & W 97 St,7538,40.773406,-73.977825,40.79249519495111,-73.96417066463071,member
1364660,8B904412102DBC3D,docked_bike,2021-04-08 14:27:59,2021-04-08 14:36:06,Central Park West & W 68 St,7079,Central Park W & W 97 St,7538,40.773406,-73.977825,40.79249519495111,-73.96417066463071,member
1364664,479D17404CB7021B,docked_bike,2021-04-22 18:03:39,2021-04-22 18:30:10,E 58 St & Madison Ave,6839,Central Park W & W 97 St,7538,40.763025,-73.972095,40.79249519495111,-73.96417066463071,member
1364665,2AED2765BA58EC88,docked_bike,2021-04-02 11:06:11,2021-04-02 11:20:23,Central Park West & W 68 St,7079,Central Park W & W 97 St,7538,40.773406,-73.977825,40.79249519495111,-73.96417066463071,member
1364667,7C879EE0BE70B6CE,docked_bike,2021-04-05 19:55:17,2021-04-05 20:09:04,Central Park West & W 68 St,7079,Central Park W & W 97 St,7538,40.773406,-73.977825,40.79249519495111,-73.96417066463071,member
1364668,6CCEB72F7686F644,docked_bike,2021-04-30 08:58:25,2021-04-30 09:07:02,Central Park West & W 68 St,7079,Central Park W & W 97 St,7538,40.773406,-73.977825,40.79249519495111,-73.96417066463071,member
1364669,B836C2316E6EC85A,docked_bike,2021-04-12 11:11:35,2021-04-12 11:20:06,Lenox Ave & W 117 St,7655,Central Park W & W 97 St,7538,40.802557,-73.949078,40.792495,-73.964171,member
1364691,ABAB3D971165AA36,docked_bike,2021-04-24 17:33:46,2021-04-24 17:50:47,Cathedral Pkwy & Broadway,7680,Central Park W & W 97 St,7538,40.804213,-73.966991,40.79249519495111,-73.96417066463071,member
1364692,66C5518E8FFE39DD,docked_bike,2021-04-25 19:36:50,2021-04-25 19:45:55,Cathedral Pkwy & Broadway,7680,Central Park W & W 97 St,7538,40.804213,-73.966991,40.79249519495111,-73.96417066463071,member
1364693,912EB54D9F9E35FC,docked_bike,2021-04-17 11:08:27,2021-04-17 11:57:25,Carmine St & 6 Ave,5763,Central Park W & W 97 St,7538,40.730385,-74.002149,40.79249519495111,-73.96417066463071,casual
1364698,880401099A78FED1,docked_bike,2021-04-08 13:55:40,2021-04-08 14:04:47,Cathedral Pkwy & Broadway,7680,Central Park W & W 97 St,7538,40.804213,-73.966991,40.79249519495111,-73.96417066463071,member
1364702,B05375F402A1C408,docked_bike,2021-04-17 23:20:08,2021-04-18 11:43:08,Sullivan St & Washington Sq,5721,Central Park W & W 97 St,7538,40.730477,-73.99906,40.792495,-73.964171,casual
1364703,9AA046220EA6B55E,docked_bike,2021-04-30 10:16:21,2021-04-30 10:21:48,E 97 St & 3 Ave,7365,Central Park W & W 97 St,7538,40.78592,-73.948602,40.79249519495111,-73.96417066463071,member
1364711,A4C10380130DA5A6,docked_bike,2021-04-16 15:22:02,2021-04-16 15:29:11,Cathedral Pkwy & Broadway,7680,Central Park W & W 97 St,7538,40.804213,-73.966991,40.79249519495111,-73.96417066463071,member
1364712,5CA8EEC5CC5C0D90,docked_bike,2021-04-18 08:58:35,2021-04-18 09:07:02,E 106 St & 1 Ave,7456,Central Park W & W 97 St,7538,40.789252,-73.939562,40.79249519495111,-73.96417066463071,casual
1364715,E4A926CDE615DDBE,docked_bike,2021-04-06 17:34:11,2021-04-06 17:59:09,W 53 St & 10 Ave,6890,Central Park W & W 97 St,7538,40.766696,-73.990617,40.79249519495111,-73.96417066463071,member
1364728,E7E57B3F081555CC,docked_bike,2021-04-01 12:42:27,2021-04-01 12:50:21,Lenox Ave & W 117 St,7655,Central Park W & W 97 St,7538,40.802556,-73.949078,40.79249519495111,-73.96417066463071,member
1364741,5F4CBE35C345377E,docked_bike,2021-04-30 17:25:09,2021-04-30 17:40:10,W 53 St & 10 Ave,6890,Central Park W & W 97 St,7538,40.766696,-73.990617,40.79249519495111,-73.96417066463071,member
1364763,5AE4D63EF0E6A67D,docked_bike,2021-04-02 15:58:30,2021-04-02 16:07:33,Riverside Dr & W 82 St,7388,Central Park W & W 97 St,7538,40.787208,-73.981281,40.79249519495111,-73.96417066463071,member
1364765,346364CF251D3A68,docked_bike,2021-04-24 14:04:14,2021-04-24 14:15:16,Columbus Ave & W 72 St,7175,Central Park W & W 97 St,7538,40.777057,-73.978984,40.79249519495111,-73.96417066463071,member
1364770,E06CDD429FC2376D,docked_bike,2021-04-24 09:50:39,2021-04-24 10:09:27,E 58 St &  1 Ave (NW Corner),6723,Central Park W & W 97 St,7538,40.759125,-73.962658,40.79249519495111,-73.96417066463071,member
1364771,359E636DABF3C13A,docked_bike,2021-04-22 13:51:12,2021-04-22 14:08:00,W 53 St & 10 Ave,6890,Central Park W & W 97 St,7538,40.766696,-73.990617,40.79249519495111,-73.96417066463071,member
1364774,1665CFEAB2C0E6F6,docked_bike,2021-04-02 11:15:58,2021-04-02 11:23:42,Lenox Ave & W 117 St,7655,Central Park W & W 97 St,7538,40.802556,-73.949078,40.79249519495111,-73.96417066463071,member
1364775,3920A80EE3E0469F,docked_bike,2021-04-19 15:39:46,2021-04-19 16:02:22,Lenox Ave & W 117 St,7655,Central Park W & W 97 St,7538,40.802556,-73.949078,40.79249519495111,-73.96417066463071,member
1364776,BCF651AAAFD82885,docked_bike,2021-04-26 15:43:24,2021-04-26 15:59:44,Lenox Ave & W 117 St,7655,Central Park W & W 97 St,7538,40.802556,-73.949078,40.79249519495111,-73.96417066463071,member
1364781,247DD969A30F87F5,docked_bike,2021-04-28 15:33:48,2021-04-28 16:12:18,5 Ave & E 103 St,7511,Central Park W & W 97 St,7538,40.792255,-73.952499,40.79249519495111,-73.96417066463071,member
1364785,8E70DF303215DB31,docked_bike,2021-04-15 20:39:11,2021-04-15 20:46:35,W 87 St & West End Ave,7484,Central Park W & W 97 St,7538,40.789622,-73.97757,40.79249519495111,-73.96417066463071,casual
1364786,BC38D24B48AC2A1D,docked_bike,2021-04-24 15:57:57,2021-04-24 16:23:10,5 Ave & E 103 St,7511,Central Park W & W 97 St,7538,40.792255,-73.952499,40.79249519495111,-73.96417066463071,casual
1364787,0B1686C839D8E59B,docked_bike,2021-04-20 20:31:18,2021-04-20 20:38:42,W 87 St & West End Ave,7484,Central Park W & W 97 St,7538,40.789622,-73.97757,40.79249519495111,-73.96417066463071,casual
1364789,4A56E6F73F53CF30,docked_bike,2021-04-20 19:19:13,2021-04-20 19:25:49,5 Ave & E 103 St,7511,Central Park W & W 97 St,7538,40.792255,-73.952499,40.79249519495111,-73.96417066463071,member
1364793,842DD011A2E3D982,docked_bike,2021-04-30 11:38:27,2021-04-30 11:46:01,5 Ave & E 103 St,7511,Central Park W & W 97 St,7538,40.792255,-73.952499,40.79249519495111,-73.96417066463071,member
1364794,6A1DC18421CD9A16,docked_bike,2021-04-13 17:13:26,2021-04-13 17:19:41,5 Ave & E 103 St,7511,Central Park W & W 97 St,7538,40.792255,-73.952499,40.79249519495111,-73.96417066463071,member
1364795,521F97755331C54E,docked_bike,2021-04-20 18:08:01,2021-04-20 18:34:55,5 Ave & E 103 St,7511,Central Park W & W 97 St,7538,40.792255,-73.952499,40.792495,-73.964171,casual
1364796,551F77FB4D64310E,docked_bike,2021-04-08 17:31:48,2021-04-08 17:40:49,5 Ave & E 103 St,7511,Central Park W & W 97 St,7538,40.792255,-73.952499,40.79249519495111,-73.96417066463071,member
1364797,6E789C2DA852E192,docked_bike,2021-04-21 18:00:25,2021-04-21 18:11:58,5 Ave & E 103 St,7511,Central Park W & W 97 St,7538,40.792255,-73.952499,40.79249519495111,-73.96417066463071,member
1364800,0F8CE33121253295,docked_bike,2021-04-24 09:02:55,2021-04-24 09:12:26,W 87 St & West End Ave,7484,Central Park W & W 97 St,7538,40.789622,-73.97757,40.79249519495111,-73.96417066463071,casual
1364801,4FDADEBC5A6462DB,docked_bike,2021-04-25 16:43:10,2021-04-25 17:20:40,5 Ave & E 103 St,7511,Central Park W & W 97 St,7538,40.792255,-73.952499,40.79249519495111,-73.96417066463071,casual
1364803,3F6305B0BADD5049,docked_bike,2021-04-08 09:51:59,2021-04-08 09:56:48,5 Ave & E 103 St,7511,Central Park W & W 97 St,7538,40.792255,-73.952499,40.79249519495111,-73.96417066463071,member
1364806,D6B943C95F9B84B6,docked_bike,2021-04-23 17:12:07,2021-04-23 17:20:57,5 Ave & E 103 St,7511,Central Park W & W 97 St,7538,40.792255,-73.952499,40.79249519495111,-73.96417066463071,member
1364807,8068CA3A88EE4FC8,docked_bike,2021-04-27 20:03:19,2021-04-27 20:40:58,5 Ave & E 103 St,7511,Central Park W & W 97 St,7538,40.792255,-73.952499,40.79249519495111,-73.96417066463071,member
1364816,0838BC5840D85B2D,docked_bike,2021-04-07 14:46:51,2021-04-07 18:01:34,Nagle Ave & Thayer St,8563,Central Park W & W 97 St,7538,40.861382,-73.925591,40.79249519495111,-73.96417066463071,casual
1364827,FF470D18E14B03B8,docked_bike,2021-04-24 10:38:24,2021-04-24 10:50:15,Columbus Ave & W 72 St,7175,Central Park W & W 97 St,7538,40.777057,-73.978984,40.79249519495111,-73.96417066463071,member
1364835,A17B44B200C4CD8D,docked_bike,2021-04-08 19:34:27,2021-04-08 20:05:34,E 19 St & 3 Ave,5938,Central Park W & W 97 St,7538,40.736245,-73.984737,40.79249519495111,-73.96417066463071,member
1364836,8A19EB87C62BEC33,docked_bike,2021-04-23 00:26:48,2021-04-23 02:15:05,E 19 St & 3 Ave,5938,Central Park W & W 97 St,7538,40.736245,-73.984737,40.79249519495111,-73.96417066463071,casual
1364847,CDE92FD9355CB5E1,docked_bike,2021-04-17 19:45:22,2021-04-17 20:04:52,E 72 St & York Ave,6889,Central Park W & W 97 St,7538,40.766638,-73.953482,40.79249519495111,-73.96417066463071,casual
1364848,8C755385C35F31A5,docked_bike,2021-04-17 13:35:17,2021-04-17 13:44:41,Madison Ave & E 120 St,7667,Central Park W & W 97 St,7538,40.80295,-73.942954,40.79249519495111,-73.96417066463071,member
1364849,D929A214CA5CB1DC,docked_bike,2021-04-17 14:02:16,2021-04-17 14:19:20,5 Ave & E 103 St,7511,Central Park W & W 97 St,7538,40.792255,-73.952499,40.79249519495111,-73.96417066463071,casual
1364850,708015EB55525AD8,docked_bike,2021-04-01 17:35:46,2021-04-01 17:44:39,W 87 St & West End Ave,7484,Central Park W & W 97 St,7538,40.789622,-73.97757,40.79249519495111,-73.96417066463071,member
1364856,C120972926BDEEB0,docked_bike,2021-04-13 14:48:30,2021-04-13 14:52:48,5 Ave & E 103 St,7511,Central Park W & W 97 St,7538,40.792255,-73.952499,40.79249519495111,-73.96417066463071,casual
1364860,8E7B1F2411220F83,docked_bike,2021-04-14 16:12:22,2021-04-14 16:56:20,5 Ave & E 103 St,7511,Central Park W & W 97 St,7538,40.792255,-73.952499,40.79249519495111,-73.96417066463071,member
1364861,F6DF6D6FAB9F8F7C,docked_bike,2021-04-05 08:33:00,2021-04-05 08:41:30,5 Ave & E 103 St,7511,Central Park W & W 97 St,7538,40.792255,-73.952499,40.79249519495111,-73.96417066463071,member
1364864,C4EB655F2C628839,docked_bike,2021-04-30 08:08:40,2021-04-30 08:16:46,W 87 St & West End Ave,7484,Central Park W & W 97 St,7538,40.789622,-73.97757,40.79249519495111,-73.96417066463071,member
1364868,3403C7A9BFEEA851,docked_bike,2021-04-05 18:19:44,2021-04-05 18:39:27,5 Ave & E 103 St,7511,Central Park W & W 97 St,7538,40.792255,-73.952499,40.79249519495111,-73.96417066463071,casual
1364871,2EE901FC53684665,docked_bike,2021-04-29 13:46:59,2021-04-29 14:20:59,5 Ave & E 103 St,7511,Central Park W & W 97 St,7538,40.792255,-73.952499,40.79249519495111,-73.96417066463071,member
1364872,8A280FD4AECCA5DA,docked_bike,2021-04-24 17:21:33,2021-04-24 17:42:47,5 Ave & E 103 St,7511,Central Park W & W 97 St,7538,40.792255,-73.952499,40.79249519495111,-73.96417066463071,member
1364890,EC8E53A50158C4DF,docked_bike,2021-04-08 17:36:47,2021-04-08 17:47:32,5 Ave & E 103 St,7511,Central Park W & W 97 St,7538,40.792255,-73.952499,40.79249519495111,-73.96417066463071,member
1364892,01195E10A391947F,docked_bike,2021-04-07 14:56:24,2021-04-07 15:04:13,5 Ave & E 103 St,7511,Central Park W & W 97 St,7538,40.792255,-73.952499,40.79249519495111,-73.96417066463071,member
1364894,FFFD2412253B68F1,docked_bike,2021-04-27 20:03:07,2021-04-27 20:41:11,5 Ave & E 103 St,7511,Central Park W & W 97 St,7538,40.792255,-73.952499,40.79249519495111,-73.96417066463071,member
1364899,D74258A0AC380497,docked_bike,2021-04-13 15:25:26,2021-04-13 15:33:24,5 Ave & E 103 St,7511,Central Park W & W 97 St,7538,40.792255,-73.952499,40.79249519495111,-73.96417066463071,member
1364901,800B1B7E537AC9F5,docked_bike,2021-04-10 11:36:03,2021-04-10 11:54:43,5 Ave & E 103 St,7511,Central Park W & W 97 St,7538,40.792255,-73.952499,40.79249519495111,-73.96417066463071,casual
1364904,9F73B9AA7CE86C99,docked_bike,2021-04-05 18:58:05,2021-04-05 19:03:42,5 Ave & E 103 St,7511,Central Park W & W 97 St,7538,40.792255,-73.952499,40.79249519495111,-73.96417066463071,member
1364905,0569019AA7DB5B06,docked_bike,2021-04-08 18:44:57,2021-04-08 18:50:16,5 Ave & E 103 St,7511,Central Park W & W 97 St,7538,40.792255,-73.952499,40.79249519495111,-73.96417066463071,member
1364906,A814A3440BDA66E6,docked_bike,2021-04-30 17:24:01,2021-04-30 17:36:09,E 66 St & Madison Ave,6969,Central Park W & W 97 St,7538,40.768008,-73.968452,40.79249519495111,-73.96417066463071,casual
1364907,F03E2B95B9410219,docked_bike,2021-04-08 17:15:36,2021-04-08 17:22:36,5 Ave & E 103 St,7511,Central Park W & W 97 St,7538,40.792255,-73.952499,40.79249519495111,-73.96417066463071,member
1364917,0CA8A6931A2DB2C7,docked_bike,2021-04-11 14:24:59,2021-04-11 14:29:12,5 Ave & E 103 St,7511,Central Park W & W 97 St,7538,40.792255,-73.952499,40.79249519495111,-73.96417066463071,member
1364919,E52197A7E8495860,docked_bike,2021-04-26 18:12:22,2021-04-26 18:19:28,5 Ave & E 103 St,7511,Central Park W & W 97 St,7538,40.792255,-73.952499,40.79249519495111,-73.96417066463071,member
1364920,8D02A4B3106070D1,docked_bike,2021-04-20 19:36:44,2021-04-20 19:45:10,5 Ave & E 103 St,7511,Central Park W & W 97 St,7538,40.792255,-73.952499,40.79249519495111,-73.96417066463071,member
1364922,99B9F3D4006BBFCD,docked_bike,2021-04-23 16:49:30,2021-04-23 16:57:08,5 Ave & E 103 St,7511,Central Park W & W 97 St,7538,40.792255,-73.952499,40.79249519495111,-73.96417066463071,member
1364925,23A7B5DC455427CB,docked_bike,2021-04-06 18:19:55,2021-04-06 18:28:42,W 87 St & West End Ave,7484,Central Park W & W 97 St,7538,40.789622,-73.97757,40.79249519495111,-73.96417066463071,member
1364926,4B2D3A745FD0B6F8,docked_bike,2021-04-25 16:11:59,2021-04-25 16:19:23,5 Ave & E 103 St,7511,Central Park W & W 97 St,7538,40.792255,-73.952499,40.79249519495111,-73.96417066463071,member
1364927,AC68D82939E0AFCD,docked_bike,2021-04-24 15:35:52,2021-04-24 15:56:17,5 Ave & E 103 St,7511,Central Park W & W 97 St,7538,40.792255,-73.952499,40.79249519495111,-73.96417066463071,member
1364929,EE14F09582AD650A,docked_bike,2021-04-19 19:35:20,2021-04-19 19:48:21,W 87 St & West End Ave,7484,Central Park W & W 97 St,7538,40.789622,-73.97757,40.79249519495111,-73.96417066463071,member
1364930,BAAC262C7766F59F,docked_bike,2021-04-17 15:48:27,2021-04-17 16:02:22,5 Ave & E 103 St,7511,Central Park W & W 97 St,7538,40.792255,-73.952499,40.79249519495111,-73.96417066463071,casual
1364933,CD9F2EB9FE45EE23,docked_bike,2021-04-18 10:37:15,2021-04-18 10:52:15,5 Ave & E 103 St,7511,Central Park W & W 97 St,7538,40.792255,-73.952499,40.79249519495111,-73.96417066463071,member
1364939,7D47DA75335EFC55,docked_bike,2021-04-13 12:32:17,2021-04-13 12:57:35,5 Ave & E 103 St,7511,Central Park W & W 97 St,7538,40.792255,-73.952499,40.79249519495111,-73.96417066463071,casual
1364941,60045ED037AC070B,docked_bike,2021-04-27 19:36:48,2021-04-27 19:44:44,5 Ave & E 103 St,7511,Central Park W & W 97 St,7538,40.792255,-73.952499,40.79249519495111,-73.96417066463071,member
1364942,F3A2EDCE00FF118A,docked_bike,2021-04-13 19:04:44,2021-04-13 19:09:52,5 Ave & E 103 St,7511,Central Park W & W 97 St,7538,40.792255,-73.952499,40.79249519495111,-73.96417066463071,member
1364945,8B544F1B77D5EC9D,docked_bike,2021-04-20 18:43:18,2021-04-20 18:51:15,5 Ave & E 103 St,7511,Central Park W & W 97 St,7538,40.792255,-73.952499,40.79249519495111,-73.96417066463071,member
1364948,F720D1B86119049F,docked_bike,2021-04-19 17:42:03,2021-04-19 17:49:39,5 Ave & E 103 St,7511,Central Park W & W 97 St,7538,40.792255,-73.952499,40.79249519495111,-73.96417066463071,member
1364949,A9C7B5CAC4B1385D,docked_bike,2021-04-27 20:35:05,2021-04-27 20:45:50,W 87 St & West End Ave,7484,Central Park W & W 97 St,7538,40.789622,-73.97757,40.79249519495111,-73.96417066463071,casual
1364951,60A2ED9C27F174CB,docked_bike,2021-04-11 21:12:04,2021-04-11 21:18:55,W 87 St & West End Ave,7484,Central Park W & W 97 St,7538,40.789622,-73.97757,40.79249519495111,-73.96417066463071,casual
1364953,03E81DFEFD8418BF,docked_bike,2021-04-25 14:04:42,2021-04-25 14:17:29,W 53 St & 10 Ave,6890,Central Park W & W 97 St,7538,40.766696,-73.990617,40.79249519495111,-73.96417066463071,member
1364955,A26BCCCA884EC8E1,docked_bike,2021-04-08 06:24:53,2021-04-08 06:43:40,W 52 St & 11 Ave,6926,Central Park W & W 97 St,7538,40.767272,-73.993928,40.79249519495111,-73.96417066463071,member
1364956,E21DA52361705A14,docked_bike,2021-04-27 17:50:28,2021-04-27 18:22:44,Frederick Douglass Blvd & W 117 St,7688,Central Park W & W 97 St,7538,40.805159,-73.954692,40.79249519495111,-73.96417066463071,member
1364957,CAC1E45AF0AECE60,docked_bike,2021-04-14 10:33:37,2021-04-14 10:38:16,Frederick Douglass Blvd & W 117 St,7688,Central Park W & W 97 St,7538,40.805159,-73.954692,40.79249519495111,-73.96417066463071,member
1364962,D0125B2BBEF66E85,docked_bike,2021-04-27 13:16:02,2021-04-27 13:34:13,Frederick Douglass Blvd & W 117 St,7688,Central Park W & W 97 St,7538,40.805159,-73.954692,40.79249519495111,-73.96417066463071,casual
1364966,7D6DD0C81FBB7FCB,docked_bike,2021-04-23 13:48:07,2021-04-23 13:59:22,Frederick Douglass Blvd & W 117 St,7688,Central Park W & W 97 St,7538,40.805159,-73.954692,40.79249519495111,-73.96417066463071,member
1364967,D39537ECD8433A90,docked_bike,2021-04-03 19:02:51,2021-04-03 19:07:57,Frederick Douglass Blvd & W 117 St,7688,Central Park W & W 97 St,7538,40.805159,-73.954692,40.79249519495111,-73.96417066463071,member
1364970,9409FD8EC4ABCB4F,docked_bike,2021-04-14 16:56:02,2021-04-14 17:02:42,W 92 St & Broadway,7502,Central Park W & W 97 St,7538,40.7921,-73.9739,40.79249519495111,-73.96417066463071,member
1364976,3853DCC416D2C2F2,docked_bike,2021-04-16 11:31:58,2021-04-16 11:37:05,W 92 St & Broadway,7502,Central Park W & W 97 St,7538,40.7921,-73.9739,40.79249519495111,-73.96417066463071,member
1364983,3C62FE44F493D3DE,docked_bike,2021-04-03 10:06:07,2021-04-03 10:11:41,Frederick Douglass Blvd & W 117 St,7688,Central Park W & W 97 St,7538,40.805159,-73.954692,40.79249519495111,-73.96417066463071,member
1364985,FC4068322AA85E5F,docked_bike,2021-04-20 06:23:59,2021-04-20 06:29:55,W 92 St & Broadway,7502,Central Park W & W 97 St,7538,40.7921,-73.9739,40.79249519495111,-73.96417066463071,member
1364986,685470C3EC70E900,docked_bike,2021-04-29 06:31:37,2021-04-29 06:39:13,W 92 St & Broadway,7502,Central Park W & W 97 St,7538,40.7921,-73.9739,40.79249519495111,-73.96417066463071,member
1364987,9345F8F0C237D189,docked_bike,2021-04-23 06:44:25,2021-04-23 06:50:47,W 92 St & Broadway,7502,Central Park W & W 97 St,7538,40.7921,-73.9739,40.79249519495111,-73.96417066463071,member
1364990,BC52350EFA3203F6,docked_bike,2021-04-02 11:25:42,2021-04-02 11:30:26,W 92 St & Broadway,7502,Central Park W & W 97 St,7538,40.7921,-73.9739,40.792495,-73.964171,member
1364991,C1FB1F3D5437F1F3,docked_bike,2021-04-29 10:39:32,2021-04-29 10:44:57,W 92 St & Broadway,7502,Central Park W & W 97 St,7538,40.7921,-73.9739,40.79249519495111,-73.96417066463071,member
1364992,335C74804BEEF60C,docked_bike,2021-04-30 06:14:42,2021-04-30 06:19:16,W 92 St & Broadway,7502,Central Park W & W 97 St,7538,40.7921,-73.9739,40.79249519495111,-73.96417066463071,member
1364993,B5731C810B84AA32,docked_bike,2021-04-10 15:17:06,2021-04-10 15:22:06,W 92 St & Broadway,7502,Central Park W & W 97 St,7538,40.7921,-73.9739,40.79249519495111,-73.96417066463071,member
1364998,0AEC414D4ED9D797,docked_bike,2021-04-28 14:53:26,2021-04-28 15:00:30,Frederick Douglass Blvd & W 117 St,7688,Central Park W & W 97 St,7538,40.805159,-73.954692,40.79249519495111,-73.96417066463071,casual
1365004,A3B8B515DE9C7FAD,docked_bike,2021-04-05 16:02:43,2021-04-05 16:17:03,Frederick Douglass Blvd & W 117 St,7688,Central Park W & W 97 St,7538,40.805159,-73.954692,40.79249519495111,-73.96417066463071,member
1365010,1CE13ADC424D7F1F,docked_bike,2021-04-19 14:37:15,2021-04-19 14:43:39,Frederick Douglass Blvd & W 117 St,7688,Central Park W & W 97 St,7538,40.805159,-73.954692,40.79249519495111,-73.96417066463071,member
1365011,93A60E0E78E33DB8,docked_bike,2021-04-13 17:01:45,2021-04-13 17:07:22,Frederick Douglass Blvd & W 117 St,7688,Central Park W & W 97 St,7538,40.805159,-73.954692,40.79249519495111,-73.96417066463071,casual
1365014,236A9E361F77636C,docked_bike,2021-04-24 15:57:53,2021-04-24 16:23:12,5 Ave & E 103 St,7511,Central Park W & W 97 St,7538,40.792255,-73.952499,40.79249519495111,-73.96417066463071,casual
1365017,0A1BEB2C58230A97,docked_bike,2021-04-25 16:42:56,2021-04-25 17:20:25,5 Ave & E 103 St,7511,Central Park W & W 97 St,7538,40.792255,-73.952499,40.79249519495111,-73.96417066463071,member
1365018,C6236206A27057D7,docked_bike,2021-04-08 12:17:21,2021-04-08 12:57:09,5 Ave & E 103 St,7511,Central Park W & W 97 St,7538,40.792255,-73.952499,40.79249519495111,-73.96417066463071,member
1365021,D95F19565793D1D6,docked_bike,2021-04-17 14:01:57,2021-04-17 14:18:51,5 Ave & E 103 St,7511,Central Park W & W 97 St,7538,40.792255,-73.952499,40.79249519495111,-73.96417066463071,casual
1365025,28BE41E2D854B51A,docked_bike,2021-04-18 23:26:45,2021-04-18 23:37:03,Lenox Ave & W 117 St,7655,Central Park W & W 97 St,7538,40.802556,-73.949078,40.79249519495111,-73.96417066463071,member
1365029,C10913A52D156E89,docked_bike,2021-04-01 18:54:46,2021-04-01 19:05:37,Lenox Ave & W 117 St,7655,Central Park W & W 97 St,7538,40.802556,-73.949078,40.79249519495111,-73.96417066463071,member
1365040,F325C8943D7EB8FE,docked_bike,2021-04-17 12:40:58,2021-04-17 12:52:40,Lenox Ave & W 117 St,7655,Central Park W & W 97 St,7538,40.802556,-73.949078,40.79249519495111,-73.96417066463071,member
1365047,55778B24494CB456,docked_bike,2021-04-19 05:57:18,2021-04-19 06:03:03,W 92 St & Broadway,7502,Central Park W & W 97 St,7538,40.7921,-73.9739,40.79249519495111,-73.96417066463071,member
1365050,A6AE64F904DE78FD,docked_bike,2021-04-23 13:20:09,2021-04-23 13:42:51,Frederick Douglass Blvd & W 117 St,7688,Central Park W & W 97 St,7538,40.805159,-73.954692,40.79249519495111,-73.96417066463071,member
1365052,AC6FFE034AA0B994,docked_bike,2021-04-28 09:31:09,2021-04-28 09:42:36,Frederick Douglass Blvd & W 117 St,7688,Central Park W & W 97 St,7538,40.805159,-73.954692,40.79249519495111,-73.96417066463071,member
1365055,C4C3C652904B2622,docked_bike,2021-04-09 15:11:54,2021-04-09 15:20:58,Frederick Douglass Blvd & W 117 St,7688,Central Park W & W 97 St,7538,40.805159,-73.954692,40.79249519495111,-73.96417066463071,member
1365057,E6793BBA02015CE5,docked_bike,2021-04-26 09:21:01,2021-04-26 09:30:41,Frederick Douglass Blvd & W 117 St,7688,Central Park W & W 97 St,7538,40.805159,-73.954692,40.79249519495111,-73.96417066463071,member
1365058,1BC4446BA0B11F1E,docked_bike,2021-04-21 08:25:29,2021-04-21 08:33:03,Lenox Ave & W 117 St,7655,Central Park W & W 97 St,7538,40.802556,-73.949078,40.79249519495111,-73.96417066463071,member
1365063,A02050F403224C32,docked_bike,2021-04-23 07:46:37,2021-04-23 07:52:46,Frederick Douglass Blvd & W 117 St,7688,Central Park W & W 97 St,7538,40.805159,-73.954692,40.79249519495111,-73.96417066463071,member
1365065,C89F2DA0EA0D8B43,docked_bike,2021-04-03 12:28:49,2021-04-03 12:35:15,Frederick Douglass Blvd & W 117 St,7688,Central Park W & W 97 St,7538,40.805159,-73.954692,40.79249519495111,-73.96417066463071,casual
1365068,A216C2A83BC6F7D8,docked_bike,2021-04-27 14:30:52,2021-04-27 15:00:38,Frederick Douglass Blvd & W 117 St,7688,Central Park W & W 97 St,7538,40.805159,-73.954692,40.79249519495111,-73.96417066463071,member
1365070,FE62A792391634FE,docked_bike,2021-04-04 19:31:02,2021-04-04 19:39:43,Frederick Douglass Blvd & W 117 St,7688,Central Park W & W 97 St,7538,40.805159,-73.954692,40.79249519495111,-73.96417066463071,member
1365072,C1C26969F5F55885,docked_bike,2021-04-26 10:45:44,2021-04-26 10:51:39,Frederick Douglass Blvd & W 117 St,7688,Central Park W & W 97 St,7538,40.805159,-73.954692,40.79249519495111,-73.96417066463071,member
1365075,3EE48508385476A1,docked_bike,2021-04-23 21:45:02,2021-04-23 22:02:50,E 40 St & 5 Ave,6474,Central Park W & W 97 St,7538,40.752062,-73.981632,40.79249519495111,-73.96417066463071,member
1365084,FECE496FDC376CEE,docked_bike,2021-04-29 13:49:07,2021-04-29 13:55:07,W 92 St & Broadway,7502,Central Park W & W 97 St,7538,40.7921,-73.9739,40.79249519495111,-73.96417066463071,member
1365085,98101729FCAD8D8C,docked_bike,2021-04-19 10:47:35,2021-04-19 10:53:24,Frederick Douglass Blvd & W 117 St,7688,Central Park W & W 97 St,7538,40.805159,-73.954692,40.79249519495111,-73.96417066463071,member
1365089,43F7953F4A52B161,docked_bike,2021-04-28 13:25:22,2021-04-28 13:31:50,Frederick Douglass Blvd & W 117 St,7688,Central Park W & W 97 St,7538,40.805159,-73.954692,40.79249519495111,-73.96417066463071,member
1365096,CD6AB3D9FA38678A,docked_bike,2021-04-08 17:43:57,2021-04-08 18:13:42,W 47 St & 6 Ave,6667,Central Park W & W 97 St,7538,40.758397,-73.98255,40.79249519495111,-73.96417066463071,casual
1365109,67AF561001486CB4,docked_bike,2021-04-12 10:47:25,2021-04-12 10:52:54,Frederick Douglass Blvd & W 117 St,7688,Central Park W & W 97 St,7538,40.805159,-73.954692,40.79249519495111,-73.96417066463071,member
1365110,F6DEFDCD4C031316,docked_bike,2021-04-14 15:07:56,2021-04-14 15:30:12,E 40 St & 5 Ave,6474,Central Park W & W 97 St,7538,40.752062,-73.981632,40.79249519495111,-73.96417066463071,casual
1365111,A624B4BBE2F0D781,docked_bike,2021-04-15 08:41:55,2021-04-15 08:46:52,W 92 St & Broadway,7502,Central Park W & W 97 St,7538,40.7921,-73.9739,40.79249519495111,-73.96417066463071,member
1365112,0AE49A0CC714119D,docked_bike,2021-04-04 18:24:17,2021-04-04 18:29:50,Frederick Douglass Blvd & W 117 St,7688,Central Park W & W 97 St,7538,40.805159,-73.954692,40.79249519495111,-73.96417066463071,member
1365113,D22C208BC69F59F2,docked_bike,2021-04-23 16:09:52,2021-04-23 16:15:24,W 92 St & Broadway,7502,Central Park W & W 97 St,7538,40.7921,-73.9739,40.79249519495111,-73.96417066463071,member
1365114,CE193CC4E23F7006,docked_bike,2021-04-18 06:59:31,2021-04-18 07:06:36,W 92 St & Broadway,7502,Central Park W & W 97 St,7538,40.7921,-73.9739,40.79249519495111,-73.96417066463071,member
1365123,CB6CC40B3992941E,docked_bike,2021-04-22 13:50:53,2021-04-22 13:56:01,W 92 St & Broadway,7502,Central Park W & W 97 St,7538,40.7921,-73.9739,40.79249519495111,-73.96417066463071,member
1365124,AE4BD7D31723B68A,docked_bike,2021-04-25 06:45:39,2021-04-25 06:51:25,Frederick Douglass Blvd & W 117 St,7688,Central Park W & W 97 St,7538,40.805159,-73.954692,40.79249519495111,-73.96417066463071,member
1365125,ACDA4C8C22879EBD,docked_bike,2021-04-12 12:38:08,2021-04-12 13:06:17,E 40 St & 5 Ave,6474,Central Park W & W 97 St,7538,40.752062,-73.981632,40.79249519495111,-73.96417066463071,member
1365150,36485ED7A6F2E482,docked_bike,2021-04-05 10:51:18,2021-04-05 11:16:33,Queens Plaza North & Crescent St,6429,Central Park W & W 97 St,7538,40.751101,-73.940737,40.79249519495111,-73.96417066463071,member
1365181,CA0310BD8B0B67D1,docked_bike,2021-04-19 17:36:34,2021-04-19 17:44:58,5 Ave & E 103 St,7511,Central Park W & W 97 St,7538,40.792255,-73.952499,40.79249519495111,-73.96417066463071,member
1365182,371849C50E69994A,docked_bike,2021-04-26 19:06:01,2021-04-26 19:13:20,Central Park West & W 68 St,7079,Central Park W & W 97 St,7538,40.773406,-73.977825,40.79249519495111,-73.96417066463071,member
1365183,95ACF8D56C96B555,docked_bike,2021-04-21 17:51:58,2021-04-21 18:16:49,E 58 St & Madison Ave,6839,Central Park W & W 97 St,7538,40.763025,-73.972095,40.79249519495111,-73.96417066463071,member
1365184,6DF8C55308876974,docked_bike,2021-04-28 10:24:39,2021-04-28 10:42:24,Central Park West & W 68 St,7079,Central Park W & W 97 St,7538,40.773406,-73.977825,40.79249519495111,-73.96417066463071,member
1365185,876474153EA70532,docked_bike,2021-04-23 19:21:51,2021-04-23 19:33:18,Central Park West & W 68 St,7079,Central Park W & W 97 St,7538,40.773406,-73.977825,40.79249519495111,-73.96417066463071,casual
1365186,63FA0841DA864B38,docked_bike,2021-04-30 06:33:40,2021-04-30 06:43:36,Central Park West & W 68 St,7079,Central Park W & W 97 St,7538,40.773406,-73.977825,40.79249519495111,-73.96417066463071,member
1365189,1DE5E796B49A25CA,docked_bike,2021-04-28 16:16:37,2021-04-28 16:25:41,Central Park West & W 68 St,7079,Central Park W & W 97 St,7538,40.773406,-73.977825,40.79249519495111,-73.96417066463071,member
1365240,95E0026A7BEB14C9,docked_bike,2021-04-24 11:52:03,2021-04-24 12:14:55,Queens Plaza North & Crescent St,6429,Central Park W & W 97 St,7538,40.751101,-73.940737,40.79249519495111,-73.96417066463071,member
1365258,60C0868736521D71,docked_bike,2021-04-19 19:09:51,2021-04-19 19:32:09,5 Ave & E 93 St,7372,Central Park W & W 97 St,7538,40.785785,-73.957481,40.79249519495111,-73.96417066463071,member
1365259,82D27083389E0897,docked_bike,2021-04-08 15:54:08,2021-04-08 16:06:33,5 Ave & E 93 St,7372,Central Park W & W 97 St,7538,40.785785,-73.957481,40.79249519495111,-73.96417066463071,member
1365260,23CFEDFAB0E0F7D0,docked_bike,2021-04-24 16:42:38,2021-04-24 17:02:22,5 Ave & E 93 St,7372,Central Park W & W 97 St,7538,40.785785,-73.957481,40.79249519495111,-73.96417066463071,casual
1365261,7B77F679313419A4,docked_bike,2021-04-07 19:37:11,2021-04-07 19:53:02,5 Ave & E 93 St,7372,Central Park W & W 97 St,7538,40.785785,-73.957481,40.79249519495111,-73.96417066463071,member
1365262,F27E2829D9BCB876,docked_bike,2021-04-23 16:36:52,2021-04-23 17:03:02,5 Ave & E 93 St,7372,Central Park W & W 97 St,7538,40.785785,-73.957481,40.79249519495111,-73.96417066463071,casual
1365263,DCCF286028C38718,docked_bike,2021-04-13 10:07:15,2021-04-13 10:16:31,5 Ave & E 93 St,7372,Central Park W & W 97 St,7538,40.785785,-73.957481,40.79249519495111,-73.96417066463071,member
1365265,7A37E36617A14AD8,docked_bike,2021-04-17 17:51:35,2021-04-17 18:04:28,5 Ave & E 93 St,7372,Central Park W & W 97 St,7538,40.785785,-73.957481,40.792495,-73.964171,casual
1365266,618E457E5117A4A9,docked_bike,2021-04-21 07:09:03,2021-04-21 07:15:21,5 Ave & E 93 St,7372,Central Park W & W 97 St,7538,40.785785,-73.957481,40.79249519495111,-73.96417066463071,member
1365267,3BFDA06A596D006C,docked_bike,2021-04-08 07:03:00,2021-04-08 07:07:12,5 Ave & E 93 St,7372,Central Park W & W 97 St,7538,40.785785,-73.957481,40.79249519495111,-73.96417066463071,member
1365269,97884E79835FD0DD,docked_bike,2021-04-17 17:51:55,2021-04-17 18:04:51,5 Ave & E 93 St,7372,Central Park W & W 97 St,7538,40.785785,-73.957481,40.792495,-73.964171,casual
1365270,267CC1B12136F3AC,docked_bike,2021-04-28 08:45:19,2021-04-28 08:59:28,5 Ave & E 93 St,7372,Central Park W & W 97 St,7538,40.785785,-73.957481,40.79249519495111,-73.96417066463071,member
1365271,A7CBEC94B95F3FE7,docked_bike,2021-04-05 16:05:39,2021-04-05 16:18:04,5 Ave & E 93 St,7372,Central Park W & W 97 St,7538,40.785785,-73.957481,40.79249519495111,-73.96417066463071,member
1365272,CB21C8BFB5F7DAEC,docked_bike,2021-04-22 15:05:32,2021-04-22 15:21:38,5 Ave & E 93 St,7372,Central Park W & W 97 St,7538,40.785785,-73.957481,40.79249519495111,-73.96417066463071,casual
1365273,74DC5B8A6FBB7C65,docked_bike,2021-04-23 19:53:39,2021-04-23 20:33:38,5 Ave & E 93 St,7372,Central Park W & W 97 St,7538,40.785785,-73.957481,40.79249519495111,-73.96417066463071,member
1365274,A67347F6EAB26AB9,docked_bike,2021-04-18 13:59:22,2021-04-18 14:15:34,5 Ave & E 93 St,7372,Central Park W & W 97 St,7538,40.785785,-73.957481,40.79249519495111,-73.96417066463071,casual
1365275,3ADEA94F6FA756E6,docked_bike,2021-04-10 14:03:33,2021-04-10 14:25:20,5 Ave & E 93 St,7372,Central Park W & W 97 St,7538,40.785785,-73.957481,40.792495,-73.964171,casual
1365280,2D1FCACC2B2EEEB2,docked_bike,2021-04-14 15:14:01,2021-04-14 15:22:25,Central Park West & W 68 St,7079,Central Park W & W 97 St,7538,40.773406,-73.977825,40.79249519495111,-73.96417066463071,member
1365281,C2C173B1D4CF38BA,docked_bike,2021-04-04 17:27:51,2021-04-04 17:40:56,Central Park West & W 68 St,7079,Central Park W & W 97 St,7538,40.773406,-73.977825,40.79249519495111,-73.96417066463071,casual
1365282,F8944AE1B9CD9104,docked_bike,2021-04-03 17:38:11,2021-04-03 18:02:18,5 Ave & E 93 St,7372,Central Park W & W 97 St,7538,40.785785,-73.957481,40.792495,-73.964171,member
1365283,2D883EBE03B78FCD,docked_bike,2021-04-24 13:11:24,2021-04-24 13:40:06,5 Ave & E 93 St,7372,Central Park W & W 97 St,7538,40.785785,-73.957481,40.79249519495111,-73.96417066463071,casual
1365284,72901C8441449FD1,docked_bike,2021-04-10 19:37:06,2021-04-10 20:32:02,5 Ave & E 93 St,7372,Central Park W & W 97 St,7538,40.785785,-73.957481,40.79249519495111,-73.96417066463071,member
1365296,3BF43D390AD9C82C,docked_bike,2021-04-06 12:16:38,2021-04-06 12:40:16,Broadway & W 165 St,8191,Central Park W & W 97 St,7538,40.839137,-73.941409,40.79249519495111,-73.96417066463071,member
1365298,5F1D604B544F2DE8,docked_bike,2021-04-08 13:13:33,2021-04-08 13:32:24,5 Ave & E 93 St,7372,Central Park W & W 97 St,7538,40.785785,-73.957481,40.79249519495111,-73.96417066463071,casual
1365299,BB690F52DAC7FD5F,docked_bike,2021-04-09 12:36:57,2021-04-09 12:47:03,5 Ave & E 93 St,7372,Central Park W & W 97 St,7538,40.785785,-73.957481,40.79249519495111,-73.96417066463071,member
1365300,6FA22C0166E0BDE6,docked_bike,2021-04-09 21:23:09,2021-04-09 21:34:21,5 Ave & E 93 St,7372,Central Park W & W 97 St,7538,40.785785,-73.957481,40.79249519495111,-73.96417066463071,member
1365301,F2A2802D2BEB2C3D,docked_bike,2021-04-20 16:22:35,2021-04-20 16:36:29,5 Ave & E 93 St,7372,Central Park W & W 97 St,7538,40.785785,-73.957481,40.79249519495111,-73.96417066463071,casual
1365302,9FC9CDD6105F7B89,docked_bike,2021-04-07 17:08:55,2021-04-07 17:29:15,5 Ave & E 93 St,7372,Central Park W & W 97 St,7538,40.785785,-73.957481,40.79249519495111,-73.96417066463071,casual
1365303,8779C56F6821139C,docked_bike,2021-04-04 14:40:29,2021-04-04 15:20:43,5 Ave & E 93 St,7372,Central Park W & W 97 St,7538,40.785785,-73.957481,40.79249519495111,-73.96417066463071,member
1365320,6D5A1162E117AEBE,docked_bike,2021-04-10 19:37:07,2021-04-10 20:31:47,5 Ave & E 93 St,7372,Central Park W & W 97 St,7538,40.785785,-73.957481,40.79249519495111,-73.96417066463071,member
1365321,ED7A974B977BC81D,docked_bike,2021-04-30 13:12:12,2021-04-30 13:40:51,5 Ave & E 93 St,7372,Central Park W & W 97 St,7538,40.785785,-73.957481,40.79249519495111,-73.96417066463071,member
1365322,4283828FA5BB3390,docked_bike,2021-04-03 13:53:08,2021-04-03 14:51:30,5 Ave & E 93 St,7372,Central Park W & W 97 St,7538,40.785785,-73.957481,40.79249519495111,-73.96417066463071,casual
1365323,416341C4D8488627,docked_bike,2021-04-04 15:19:39,2021-04-04 16:01:09,5 Ave & E 93 St,7372,Central Park W & W 97 St,7538,40.785785,-73.957481,40.79249519495111,-73.96417066463071,casual
1365324,5F32C492AB73A47E,docked_bike,2021-04-08 12:49:16,2021-04-08 13:00:24,5 Ave & E 93 St,7372,Central Park W & W 97 St,7538,40.785785,-73.957481,40.79249519495111,-73.96417066463071,casual
1365338,D1C35F1CD06093A0,docked_bike,2021-04-10 17:39:45,2021-04-10 17:48:36,5 Ave & E 93 St,7372,Central Park W & W 97 St,7538,40.785785,-73.957481,40.79249519495111,-73.96417066463071,casual
1365339,354ACA4B3D985B2A,docked_bike,2021-04-18 13:59:47,2021-04-18 14:16:13,5 Ave & E 93 St,7372,Central Park W & W 97 St,7538,40.785785,-73.957481,40.79249519495111,-73.96417066463071,casual
1365340,357AB6B815969216,docked_bike,2021-04-03 14:29:38,2021-04-03 14:39:58,5 Ave & E 93 St,7372,Central Park W & W 97 St,7538,40.785785,-73.957481,40.79249519495111,-73.96417066463071,member
1365342,4CA544E5363A8D7C,docked_bike,2021-04-24 12:47:21,2021-04-24 13:03:23,5 Ave & E 93 St,7372,Central Park W & W 97 St,7538,40.785785,-73.957481,40.79249519495111,-73.96417066463071,member
1365343,853DF762B38FFB61,docked_bike,2021-04-27 19:43:26,2021-04-27 19:54:37,5 Ave & E 93 St,7372,Central Park W & W 97 St,7538,40.785785,-73.957481,40.79249519495111,-73.96417066463071,member
1365344,C3F64F8E49FA8AFA,docked_bike,2021-04-13 16:22:35,2021-04-13 16:30:47,5 Ave & E 93 St,7372,Central Park W & W 97 St,7538,40.785785,-73.957481,40.79249519495111,-73.96417066463071,member
1365345,E3976D08CFAEE6AD,docked_bike,2021-04-20 06:58:03,2021-04-20 07:02:42,5 Ave & E 93 St,7372,Central Park W & W 97 St,7538,40.785785,-73.957481,40.79249519495111,-73.96417066463071,member
1365346,D43822D545879EAB,docked_bike,2021-04-07 07:04:53,2021-04-07 07:10:08,5 Ave & E 93 St,7372,Central Park W & W 97 St,7538,40.785785,-73.957481,40.79249519495111,-73.96417066463071,member
1365347,525FB3C6EDACD4F1,docked_bike,2021-04-14 16:34:14,2021-04-14 16:48:58,5 Ave & E 93 St,7372,Central Park W & W 97 St,7538,40.785785,-73.957481,40.79249519495111,-73.96417066463071,member
1365348,6634A81E8EAF8B08,docked_bike,2021-04-28 10:13:05,2021-04-28 10:21:45,5 Ave & E 93 St,7372,Central Park W & W 97 St,7538,40.785785,-73.957481,40.79249519495111,-73.96417066463071,member
1365349,50B4D1A95684FCC2,docked_bike,2021-04-06 10:53:41,2021-04-06 11:18:40,5 Ave & E 93 St,7372,Central Park W & W 97 St,7538,40.785785,-73.957481,40.792495,-73.964171,casual
1365350,2AC139352B940421,docked_bike,2021-04-10 19:37:07,2021-04-10 20:31:46,5 Ave & E 93 St,7372,Central Park W & W 97 St,7538,40.785785,-73.957481,40.79249519495111,-73.96417066463071,member
1365351,1B04F92FA5198336,docked_bike,2021-04-28 17:33:29,2021-04-28 17:49:39,5 Ave & E 93 St,7372,Central Park W & W 97 St,7538,40.785785,-73.957481,40.79249519495111,-73.96417066463071,casual
1365352,8EC58CB85E9FC982,docked_bike,2021-04-21 08:32:17,2021-04-21 08:52:30,5 Ave & E 93 St,7372,Central Park W & W 97 St,7538,40.785785,-73.957481,40.79249519495111,-73.96417066463071,member
1365353,5784C6CC5C0B2F31,docked_bike,2021-04-24 14:35:39,2021-04-24 14:47:35,5 Ave & E 93 St,7372,Central Park W & W 97 St,7538,40.785785,-73.957481,40.79249519495111,-73.96417066463071,casual
1365354,B13F4E3593110EF7,docked_bike,2021-04-07 21:03:19,2021-04-07 21:22:56,5 Ave & E 93 St,7372,Central Park W & W 97 St,7538,40.785785,-73.957481,40.79249519495111,-73.96417066463071,member
1365355,B917DBE78FA8DD08,docked_bike,2021-04-27 16:43:19,2021-04-27 16:50:26,5 Ave & E 93 St,7372,Central Park W & W 97 St,7538,40.785785,-73.957481,40.79249519495111,-73.96417066463071,member
1365356,6408FE5F24FCEE8A,docked_bike,2021-04-03 14:06:13,2021-04-03 14:24:35,5 Ave & E 93 St,7372,Central Park W & W 97 St,7538,40.785785,-73.957481,40.79249519495111,-73.96417066463071,casual
1365357,DDA61DCB10A48BDF,docked_bike,2021-04-18 13:59:15,2021-04-18 14:17:24,5 Ave & E 93 St,7372,Central Park W & W 97 St,7538,40.785785,-73.957481,40.79249519495111,-73.96417066463071,casual
1365358,34FC30D7362FF4C7,docked_bike,2021-04-29 12:03:49,2021-04-29 12:10:04,5 Ave & E 93 St,7372,Central Park W & W 97 St,7538,40.785785,-73.957481,40.79249519495111,-73.96417066463071,member
1365359,BB34879EC45E10E5,docked_bike,2021-04-01 16:01:26,2021-04-01 16:27:34,5 Ave & E 93 St,7372,Central Park W & W 97 St,7538,40.785785,-73.957481,40.79249519495111,-73.96417066463071,member
1365360,C889FFB25D9CC14D,docked_bike,2021-04-10 14:03:50,2021-04-10 14:25:09,5 Ave & E 93 St,7372,Central Park W & W 97 St,7538,40.785785,-73.957481,40.792495,-73.964171,casual
1365361,87B6C0B5C71017B9,docked_bike,2021-04-21 18:47:56,2021-04-21 19:07:23,5 Ave & E 93 St,7372,Central Park W & W 97 St,7538,40.785785,-73.957481,40.79249519495111,-73.96417066463071,member
1365362,B433DF68A60BA0BA,docked_bike,2021-04-05 15:53:15,2021-04-05 16:10:50,5 Ave & E 93 St,7372,Central Park W & W 97 St,7538,40.785785,-73.957481,40.79249519495111,-73.96417066463071,casual
1365363,4925F5CD80750E83,docked_bike,2021-04-24 13:11:01,2021-04-24 13:40:02,5 Ave & E 93 St,7372,Central Park W & W 97 St,7538,40.785785,-73.957481,40.79249519495111,-73.96417066463071,casual
1365366,1A0788F9FB2C5556,docked_bike,2021-04-08 16:30:23,2021-04-08 16:38:59,5 Ave & E 93 St,7372,Central Park W & W 97 St,7538,40.785785,-73.957481,40.79249519495111,-73.96417066463071,casual
1365367,664F8A27A99AF6F0,docked_bike,2021-04-06 10:58:51,2021-04-06 11:18:33,5 Ave & E 93 St,7372,Central Park W & W 97 St,7538,40.785785,-73.957481,40.792495,-73.964171,casual
1365368,FCB0D5F27296E792,docked_bike,2021-04-24 12:48:07,2021-04-24 13:03:34,5 Ave & E 93 St,7372,Central Park W & W 97 St,7538,40.785785,-73.957481,40.79249519495111,-73.96417066463071,member
1365369,6BF4ACB12338FC5E,docked_bike,2021-04-10 15:23:29,2021-04-10 15:32:36,5 Ave & E 93 St,7372,Central Park W & W 97 St,7538,40.785785,-73.957481,40.79249519495111,-73.96417066463071,member
1365375,0C5290C48061E34D,docked_bike,2021-04-18 14:32:43,2021-04-18 15:22:55,Riverside Dr & W 153 St,8108,Central Park W & W 97 St,7538,40.832164,-73.949702,40.79249519495111,-73.96417066463071,member
1365389,B8A79C9DA66A2B72,docked_bike,2021-04-24 12:28:07,2021-04-24 12:58:13,5 Ave & E 103 St,7511,Central Park W & W 97 St,7538,40.792255,-73.952499,40.79249519495111,-73.96417066463071,casual
1365391,77D216FC45B21A1D,docked_bike,2021-04-21 16:50:29,2021-04-21 16:58:53,5 Ave & E 103 St,7511,Central Park W & W 97 St,7538,40.792255,-73.952499,40.79249519495111,-73.96417066463071,member
1365397,BEF6A7CF9E77E6F7,docked_bike,2021-04-04 16:13:47,2021-04-04 16:23:42,E 66 St & Madison Ave,6969,Central Park W & W 97 St,7538,40.768008,-73.968452,40.79249519495111,-73.96417066463071,member
1365399,015746CD84A830CA,docked_bike,2021-04-07 16:29:34,2021-04-07 16:37:28,5 Ave & E 103 St,7511,Central Park W & W 97 St,7538,40.792255,-73.952499,40.79249519495111,-73.96417066463071,member
1365400,BD2C495106CD49D5,docked_bike,2021-04-05 17:40:11,2021-04-05 17:47:43,5 Ave & E 103 St,7511,Central Park W & W 97 St,7538,40.792255,-73.952499,40.79249519495111,-73.96417066463071,member
1365402,29C0346556D65CA0,docked_bike,2021-04-20 18:07:36,2021-04-20 18:34:58,5 Ave & E 103 St,7511,Central Park W & W 97 St,7538,40.792255,-73.952499,40.792495,-73.964171,casual
1365404,39850FC00761B77D,docked_bike,2021-04-08 12:18:32,2021-04-08 12:56:01,5 Ave & E 103 St,7511,Central Park W & W 97 St,7538,40.792255,-73.952499,40.79249519495111,-73.96417066463071,member
1365405,44666C81DCFFF719,docked_bike,2021-04-14 08:36:31,2021-04-14 08:40:58,5 Ave & E 103 St,7511,Central Park W & W 97 St,7538,40.792255,-73.952499,40.79249519495111,-73.96417066463071,member
1365410,02597189E04D75F3,docked_bike,2021-04-21 18:05:35,2021-04-21 18:11:58,St Nicholas Ave & Manhattan Ave,7723,Central Park W & W 97 St,7538,40.809725,-73.953149,40.79249519495111,-73.96417066463071,member
1365413,6B47F3473B87CE33,docked_bike,2021-04-28 15:30:26,2021-04-28 15:50:05,W 54 St & 9 Ave,6920,Central Park W & W 97 St,7538,40.765849,-73.986905,40.79249519495111,-73.96417066463071,casual
1365417,B8D0B8C720C7136D,docked_bike,2021-04-24 14:55:33,2021-04-24 15:24:41,W 42 St & 8 Ave,6602,Central Park W & W 97 St,7538,40.757569,-73.990985,40.79249519495111,-73.96417066463071,casual
1365434,2B033E51DB4265B7,docked_bike,2021-04-19 10:11:19,2021-04-19 10:26:23,St Nicholas Ave & Manhattan Ave,7723,Central Park W & W 97 St,7538,40.809725,-73.953149,40.79249519495111,-73.96417066463071,member
1365441,9DED823B05EBF3F8,docked_bike,2021-04-20 09:02:33,2021-04-20 09:22:08,W 54 St & 9 Ave,6920,Central Park W & W 97 St,7538,40.765849,-73.986905,40.79249519495111,-73.96417066463071,member
1365443,A2F73FC09CF447E8,docked_bike,2021-04-24 17:31:58,2021-04-24 17:41:38,W 110 St & Amsterdam Ave,7646,Central Park W & W 97 St,7538,40.802692,-73.96295,40.79249519495111,-73.96417066463071,member
1365444,FDF766DC7F243736,docked_bike,2021-04-30 01:12:30,2021-04-30 01:16:14,W 110 St & Amsterdam Ave,7646,Central Park W & W 97 St,7538,40.802692,-73.96295,40.79249519495111,-73.96417066463071,casual
1365446,FF365DB29FC4FDD8,docked_bike,2021-04-24 14:08:33,2021-04-24 14:34:26,W 116 St & Amsterdam Ave,7692,Central Park W & W 97 St,7538,40.806758,-73.960708,40.79249519495111,-73.96417066463071,casual
1365450,980442C5EBB885B5,docked_bike,2021-04-17 10:08:51,2021-04-17 10:13:21,West End Ave & W 94 St,7524,Central Park W & W 97 St,7538,40.794165,-73.974124,40.79249519495111,-73.96417066463071,member
1365451,37BDB8DC5224AEAD,docked_bike,2021-04-21 07:24:46,2021-04-21 07:34:43,Broadway & Moylan Pl,7823,Central Park W & W 97 St,7538,40.814325,-73.959025,40.79249519495111,-73.96417066463071,member
1365456,DE47A7DF6FD7C511,docked_bike,2021-04-14 14:47:01,2021-04-14 14:58:31,St Nicholas Ave & Manhattan Ave,7723,Central Park W & W 97 St,7538,40.809725,-73.953149,40.79249519495111,-73.96417066463071,member
1365457,AC4136A887A083E4,docked_bike,2021-04-22 15:41:49,2021-04-22 16:09:21,W 42 St & 8 Ave,6602,Central Park W & W 97 St,7538,40.75757,-73.990985,40.792495,-73.964171,member
1365460,13F0F52A20848649,docked_bike,2021-04-30 16:48:16,2021-04-30 16:53:29,West End Ave & W 94 St,7524,Central Park W & W 97 St,7538,40.794165,-73.974124,40.79249519495111,-73.96417066463071,member
1365461,B5CD64FF260194FB,docked_bike,2021-04-29 23:57:24,2021-04-30 00:02:37,West End Ave & W 94 St,7524,Central Park W & W 97 St,7538,40.794165,-73.974124,40.79249519495111,-73.96417066463071,casual
1365462,4E513733B371144F,docked_bike,2021-04-05 10:01:21,2021-04-05 10:08:01,W 116 St & Amsterdam Ave,7692,Central Park W & W 97 St,7538,40.806758,-73.960708,40.79249519495111,-73.96417066463071,member
1365463,1308AA0EF96F2F5D,docked_bike,2021-04-07 16:18:01,2021-04-07 16:26:12,W 116 St & Amsterdam Ave,7692,Central Park W & W 97 St,7538,40.806758,-73.960708,40.79249519495111,-73.96417066463071,casual
1365465,8700E04DF66C9514,docked_bike,2021-04-07 09:14:04,2021-04-07 09:21:32,W 110 St & Amsterdam Ave,7646,Central Park W & W 97 St,7538,40.802692,-73.96295,40.79249519495111,-73.96417066463071,member
1365466,80017B94ACC7AB99,docked_bike,2021-04-18 14:24:44,2021-04-18 14:53:18,W 110 St & Amsterdam Ave,7646,Central Park W & W 97 St,7538,40.802692,-73.96295,40.79249519495111,-73.96417066463071,casual
1365471,4B12FF0C4D857469,docked_bike,2021-04-26 20:25:12,2021-04-26 20:49:30,W 42 St & 8 Ave,6602,Central Park W & W 97 St,7538,40.757569,-73.990985,40.79249519495111,-73.96417066463071,member
1365476,93E77CD58A748336,docked_bike,2021-04-19 10:53:37,2021-04-19 11:20:19,Harlem River Dr & W 155 St,8085,Central Park W & W 97 St,7538,40.830476,-73.939929,40.79249519495111,-73.96417066463071,casual
1365483,4CCA7CC4A2103FC9,docked_bike,2021-04-07 15:37:46,2021-04-07 15:46:45,West End Ave & W 94 St,7524,Central Park W & W 97 St,7538,40.794165,-73.974124,40.79249519495111,-73.96417066463071,member
1365484,2D529855F5AA8E51,docked_bike,2021-04-28 06:00:20,2021-04-28 06:14:34,Hamilton Pl & W 138 St,7920,Central Park W & W 97 St,7538,40.821728,-73.952761,40.79249519495111,-73.96417066463071,member
1365489,BC10992E24F6464B,docked_bike,2021-04-05 10:13:29,2021-04-05 10:35:34,W 110 St & Amsterdam Ave,7646,Central Park W & W 97 St,7538,40.802692,-73.96295,40.79249519495111,-73.96417066463071,member
1365501,361C7EE6073CD9CF,docked_bike,2021-04-28 16:47:07,2021-04-28 16:55:30,Frederick Douglass Blvd & W 117 St,7688,Central Park W & W 97 St,7538,40.805159,-73.954692,40.79249519495111,-73.96417066463071,casual
1365502,AE7ABE82A0F516C8,docked_bike,2021-04-24 06:51:46,2021-04-24 06:56:45,W 92 St & Broadway,7502,Central Park W & W 97 St,7538,40.7921,-73.9739,40.79249519495111,-73.96417066463071,member
1365503,94758AF7B1849BB9,docked_bike,2021-04-26 07:05:55,2021-04-26 07:11:33,W 92 St & Broadway,7502,Central Park W & W 97 St,7538,40.7921,-73.9739,40.79249519495111,-73.96417066463071,member
1365518,9081F13B207E4870,docked_bike,2021-04-18 13:59:38,2021-04-18 14:15:49,5 Ave & E 93 St,7372,Central Park W & W 97 St,7538,40.785785,-73.957481,40.79249519495111,-73.96417066463071,casual
1365519,9E1F62CF032D372D,docked_bike,2021-04-03 17:34:47,2021-04-03 18:02:14,5 Ave & E 93 St,7372,Central Park W & W 97 St,7538,40.785785,-73.957481,40.79249519495111,-73.96417066463071,member
1365521,B7274C2C12BF396B,docked_bike,2021-04-23 17:38:05,2021-04-23 17:57:16,5 Ave & E 93 St,7372,Central Park W & W 97 St,7538,40.785785,-73.957481,40.79249519495111,-73.96417066463071,casual
1365522,5090458778B01EA9,docked_bike,2021-04-18 14:31:00,2021-04-18 14:37:15,5 Ave & E 93 St,7372,Central Park W & W 97 St,7538,40.785785,-73.957481,40.79249519495111,-73.96417066463071,member
1365523,823D183877BF31A7,docked_bike,2021-04-10 16:40:46,2021-04-10 16:59:26,5 Ave & E 93 St,7372,Central Park W & W 97 St,7538,40.785785,-73.957481,40.79249519495111,-73.96417066463071,casual
1365524,24CDA933EFA547BB,docked_bike,2021-04-23 14:34:53,2021-04-23 15:08:48,5 Ave & E 93 St,7372,Central Park W & W 97 St,7538,40.785785,-73.957481,40.79249519495111,-73.96417066463071,member
1365525,D60C90C86052CBCE,docked_bike,2021-04-04 17:49:47,2021-04-04 18:05:19,5 Ave & E 93 St,7372,Central Park W & W 97 St,7538,40.785785,-73.957481,40.79249519495111,-73.96417066463071,casual
1365527,56212EAE7231B31D,docked_bike,2021-04-05 17:01:11,2021-04-05 17:45:42,5 Ave & E 93 St,7372,Central Park W & W 97 St,7538,40.785785,-73.957481,40.79249519495111,-73.96417066463071,member
1365528,DB273D765831791D,docked_bike,2021-04-18 13:59:25,2021-04-18 14:17:34,5 Ave & E 93 St,7372,Central Park W & W 97 St,7538,40.785785,-73.957481,40.79249519495111,-73.96417066463071,casual
1365529,ED27104B09C0DD9C,docked_bike,2021-04-01 11:09:53,2021-04-01 11:26:48,W 110 St & Amsterdam Ave,7646,Central Park W & W 97 St,7538,40.802692,-73.96295,40.79249519495111,-73.96417066463071,member
1365530,973BBE430BB489F3,docked_bike,2021-04-16 16:50:03,2021-04-16 16:57:37,W 116 St & Amsterdam Ave,7692,Central Park W & W 97 St,7538,40.806758,-73.960708,40.79249519495111,-73.96417066463071,member
1365536,330F0DAF78573051,docked_bike,2021-04-23 17:58:39,2021-04-23 18:33:37,Broadway & W 38 St,6441,Central Park W & W 97 St,7538,40.752996,-73.987216,40.792495,-73.964171,casual
1365538,B64562F68190EBAD,docked_bike,2021-04-17 15:56:22,2021-04-17 16:06:24,Central Park West & W 72 St,7141,Central Park W & W 97 St,7538,40.775793,-73.976205,40.79249519495111,-73.96417066463071,casual
1365539,2CBA346157F4DAB9,docked_bike,2021-04-28 13:21:41,2021-04-28 13:59:19,31 St & 21 Ave,7202,Central Park W & W 97 St,7538,40.77813,-73.90842,40.79249519495111,-73.96417066463071,member
1365540,E943820D594B1B5C,docked_bike,2021-04-17 18:51:53,2021-04-17 19:25:04,Central Park West & W 72 St,7141,Central Park W & W 97 St,7538,40.775793,-73.976205,40.79249519495111,-73.96417066463071,casual
1365541,EF48303F14CA2C06,docked_bike,2021-04-13 19:19:32,2021-04-13 19:41:48,W 116 St & Broadway,7713,Central Park W & W 97 St,7538,40.8082,-73.9641,40.79249519495111,-73.96417066463071,member
1365544,2BA161AFCD801C04,docked_bike,2021-04-25 13:53:49,2021-04-25 14:03:32,Central Park West & W 72 St,7141,Central Park W & W 97 St,7538,40.775793,-73.976205,40.79249519495111,-73.96417066463071,casual
1365546,718D69DA9085BA8E,docked_bike,2021-04-29 15:10:02,2021-04-29 15:18:52,Central Park West & W 72 St,7141,Central Park W & W 97 St,7538,40.775793,-73.976205,40.79249519495111,-73.96417066463071,member
1365549,6D33FDAB3445141B,docked_bike,2021-04-09 12:37:23,2021-04-09 12:52:32,Central Park West & W 72 St,7141,Central Park W & W 97 St,7538,40.775794,-73.976206,40.792495,-73.964171,member
1365550,701872714D80C54D,docked_bike,2021-04-20 22:07:18,2021-04-20 22:54:59,Central Park West & W 72 St,7141,Central Park W & W 97 St,7538,40.775793,-73.976205,40.79249519495111,-73.96417066463071,member
1365552,18C42B1D9E389791,docked_bike,2021-04-17 16:16:03,2021-04-17 16:27:38,Central Park West & W 72 St,7141,Central Park W & W 97 St,7538,40.775794,-73.976206,40.792495,-73.964171,member
1365553,4698A83575C95249,docked_bike,2021-04-08 13:49:20,2021-04-08 14:48:52,Central Park West & W 72 St,7141,Central Park W & W 97 St,7538,40.775793,-73.976205,40.79249519495111,-73.96417066463071,casual
1365561,98562B0E3FDDAEF2,docked_bike,2021-04-19 12:39:47,2021-04-19 13:08:12,5 Ave & E 103 St,7511,Central Park W & W 97 St,7538,40.792255,-73.952499,40.79249519495111,-73.96417066463071,casual
1365562,378E049A293FCD40,docked_bike,2021-04-07 15:45:41,2021-04-07 15:50:41,5 Ave & E 103 St,7511,Central Park W & W 97 St,7538,40.792255,-73.952499,40.79249519495111,-73.96417066463071,member
1365563,C94AD8E10DC02650,docked_bike,2021-04-10 18:15:25,2021-04-10 18:47:49,Madison Ave & E 120 St,7667,Central Park W & W 97 St,7538,40.80295,-73.942954,40.79249519495111,-73.96417066463071,member
1365564,C57F4F336787D83D,docked_bike,2021-04-17 15:48:23,2021-04-17 16:02:19,5 Ave & E 103 St,7511,Central Park W & W 97 St,7538,40.792255,-73.952499,40.79249519495111,-73.96417066463071,casual
1365565,38E52E3E053F1DA5,docked_bike,2021-04-14 14:00:30,2021-04-14 14:18:11,E 66 St & Madison Ave,6969,Central Park W & W 97 St,7538,40.768008,-73.968452,40.79249519495111,-73.96417066463071,member
1365575,708C70C62A0FBE15,docked_bike,2021-04-09 16:45:56,2021-04-09 16:57:21,W 110 St & Amsterdam Ave,7646,Central Park W & W 97 St,7538,40.802692,-73.96295,40.79249519495111,-73.96417066463071,member
1365579,B29B40BB89C82311,docked_bike,2021-04-07 13:07:42,2021-04-07 13:14:03,W 110 St & Amsterdam Ave,7646,Central Park W & W 97 St,7538,40.802692,-73.96295,40.79249519495111,-73.96417066463071,member
1365581,E2C3E49F69106EBF,docked_bike,2021-04-27 15:31:35,2021-04-27 15:48:15,W 116 St & Amsterdam Ave,7692,Central Park W & W 97 St,7538,40.806758,-73.960708,40.79249519495111,-73.96417066463071,casual
1365583,BC88123513E691E9,docked_bike,2021-04-15 20:00:38,2021-04-15 20:06:40,W 110 St & Amsterdam Ave,7646,Central Park W & W 97 St,7538,40.802692,-73.96295,40.79249519495111,-73.96417066463071,casual
1365585,690DC4B1FD30056D,docked_bike,2021-04-21 14:03:20,2021-04-21 14:03:43,W 116 St & Amsterdam Ave,7692,Central Park W & W 97 St,7538,40.806758,-73.960708,40.79249519495111,-73.96417066463071,casual
1365588,02F13A92B2EA6E60,docked_bike,2021-04-28 06:20:46,2021-04-28 06:25:49,W 92 St & Broadway,7502,Central Park W & W 97 St,7538,40.7921,-73.9739,40.79249519495111,-73.96417066463071,member
1365590,2E432E628EDFBF94,docked_bike,2021-04-06 20:20:11,2021-04-06 20:29:32,Frederick Douglass Blvd & W 117 St,7688,Central Park W & W 97 St,7538,40.805159,-73.954692,40.79249519495111,-73.96417066463071,casual
1365596,B308EF5FC0718D8B,docked_bike,2021-04-04 23:53:32,2021-04-04 23:59:11,W 116 St & Amsterdam Ave,7692,Central Park W & W 97 St,7538,40.806758,-73.960708,40.79249519495111,-73.96417066463071,casual
1365597,3353718DC557E004,docked_bike,2021-04-04 17:10:41,2021-04-04 17:19:50,W 110 St & Amsterdam Ave,7646,Central Park W & W 97 St,7538,40.802692,-73.96295,40.79249519495111,-73.96417066463071,casual
1365600,A3C98E479AC52204,docked_bike,2021-04-09 15:35:46,2021-04-09 15:43:45,W 110 St & Amsterdam Ave,7646,Central Park W & W 97 St,7538,40.802692,-73.96295,40.79249519495111,-73.96417066463071,member
1365601,74990E8906887644,docked_bike,2021-04-24 14:51:25,2021-04-24 15:14:37,5 Ave & E 93 St,7372,Central Park W & W 97 St,7538,40.785785,-73.957481,40.79249519495111,-73.96417066463071,member
1365602,F652E5CBD2D6814E,docked_bike,2021-04-30 13:12:26,2021-04-30 13:40:56,5 Ave & E 93 St,7372,Central Park W & W 97 St,7538,40.785785,-73.957481,40.79249519495111,-73.96417066463071,casual
1365604,86E883CD60B7C56A,docked_bike,2021-04-19 19:13:36,2021-04-19 19:28:09,5 Ave & E 93 St,7372,Central Park W & W 97 St,7538,40.785785,-73.957481,40.79249519495111,-73.96417066463071,member
1365606,F1918D6EDC25CFB0,docked_bike,2021-04-22 11:20:35,2021-04-22 11:29:38,5 Ave & E 93 St,7372,Central Park W & W 97 St,7538,40.785785,-73.957481,40.79249519495111,-73.96417066463071,member
1365608,253E3ED574956DC1,docked_bike,2021-04-05 19:54:27,2021-04-05 20:34:43,5 Ave & E 93 St,7372,Central Park W & W 97 St,7538,40.785785,-73.957481,40.79249519495111,-73.96417066463071,casual
1365610,B09BA30AC7411ADA,docked_bike,2021-04-13 14:29:13,2021-04-13 14:37:52,W 116 St & Amsterdam Ave,7692,Central Park W & W 97 St,7538,40.806758,-73.960708,40.79249519495111,-73.96417066463071,casual
1365612,811EF81D1FE584BF,docked_bike,2021-04-07 15:21:13,2021-04-07 15:50:13,W 116 St & Amsterdam Ave,7692,Central Park W & W 97 St,7538,40.806758,-73.960708,40.79249519495111,-73.96417066463071,member
1365614,714674BE490697F9,docked_bike,2021-04-10 13:52:03,2021-04-10 14:37:20,W 116 St & Amsterdam Ave,7692,Central Park W & W 97 St,7538,40.806758,-73.960708,40.79249519495111,-73.96417066463071,member
1365615,2BFA2B2AEEF6D77C,docked_bike,2021-04-17 12:32:16,2021-04-17 12:40:29,W 110 St & Amsterdam Ave,7646,Central Park W & W 97 St,7538,40.802692,-73.96295,40.79249519495111,-73.96417066463071,casual
1365618,401541FC2B1C7E42,docked_bike,2021-04-16 08:43:24,2021-04-16 08:49:49,W 110 St & Amsterdam Ave,7646,Central Park W & W 97 St,7538,40.802692,-73.96295,40.79249519495111,-73.96417066463071,casual
1365621,DF0B868E338CB0D7,docked_bike,2021-04-07 15:19:16,2021-04-07 15:50:27,W 116 St & Amsterdam Ave,7692,Central Park W & W 97 St,7538,40.806758,-73.960708,40.792495,-73.964171,casual
1365631,0ED3A0BC9DC9DAFC,docked_bike,2021-04-27 14:49:30,2021-04-27 15:08:09,5 Ave & E 72 St,7100,Central Park W & W 97 St,7538,40.772828,-73.966852,40.79249519495111,-73.96417066463071,member
1365638,BE032EC7D4957E2B,docked_bike,2021-04-03 15:59:57,2021-04-03 16:36:32,5 Ave & E 72 St,7100,Central Park W & W 97 St,7538,40.772828,-73.966852,40.79249519495111,-73.96417066463071,member
1365641,9205AF263E716A01,docked_bike,2021-04-20 22:16:53,2021-04-20 22:29:06,5 Ave & E 72 St,7100,Central Park W & W 97 St,7538,40.772828,-73.966852,40.79249519495111,-73.96417066463071,casual
1365642,80B40277DCEF38AD,docked_bike,2021-04-12 17:22:21,2021-04-12 17:34:32,5 Ave & E 72 St,7100,Central Park W & W 97 St,7538,40.772828,-73.966852,40.79249519495111,-73.96417066463071,member
1365645,4C04E1D99D876ADD,docked_bike,2021-04-23 14:36:25,2021-04-23 15:08:25,5 Ave & E 72 St,7100,Central Park W & W 97 St,7538,40.772828,-73.966852,40.79249519495111,-73.96417066463071,casual
1365647,D5D26872C181D7DB,docked_bike,2021-04-08 08:25:39,2021-04-08 08:40:53,Adam Clayton Powell Blvd & W 138 St,7855,Central Park W & W 97 St,7538,40.81696,-73.942296,40.792495,-73.964171,member
1365656,E8E2739F8E466357,docked_bike,2021-04-22 16:53:16,2021-04-22 17:00:37,W 116 St & Amsterdam Ave,7692,Central Park W & W 97 St,7538,40.806758,-73.960708,40.79249519495111,-73.96417066463071,member
1365657,4E150C87941D2BD7,docked_bike,2021-04-24 18:09:56,2021-04-24 18:17:51,W 116 St & Amsterdam Ave,7692,Central Park W & W 97 St,7538,40.806758,-73.960708,40.79249519495111,-73.96417066463071,member
1365661,26B2CC2A1B77D30A,docked_bike,2021-04-14 14:03:33,2021-04-14 14:10:57,W 110 St & Amsterdam Ave,7646,Central Park W & W 97 St,7538,40.802692,-73.96295,40.79249519495111,-73.96417066463071,casual
1365662,A00A979FDEA7A4A7,docked_bike,2021-04-18 15:03:49,2021-04-18 15:45:47,5 Ave & E 93 St,7372,Central Park W & W 97 St,7538,40.785785,-73.957481,40.79249519495111,-73.96417066463071,casual
1365663,FD91DDD929022F71,docked_bike,2021-04-08 16:32:03,2021-04-08 16:51:36,5 Ave & E 93 St,7372,Central Park W & W 97 St,7538,40.785785,-73.957481,40.792495,-73.964171,casual
1365666,171130C214F7A8DF,docked_bike,2021-04-27 18:30:18,2021-04-27 18:39:13,W 106 St & Amsterdam Ave,7634,Central Park W & W 97 St,7538,40.800836,-73.966449,40.79249519495111,-73.96417066463071,member
1365672,5D4F220400F222B2,docked_bike,2021-04-19 17:15:38,2021-04-19 17:43:04,E 47 St & 2 Ave,6498,Central Park W & W 97 St,7538,40.75323,-73.970325,40.79249519495111,-73.96417066463071,casual
1365673,2E512C97813DD0E0,docked_bike,2021-04-28 13:34:00,2021-04-28 13:39:40,W 106 St & Amsterdam Ave,7634,Central Park W & W 97 St,7538,40.800836,-73.966449,40.79249519495111,-73.96417066463071,member
1365676,9297D828764AEAC8,docked_bike,2021-04-18 14:27:08,2021-04-18 14:53:31,W 110 St & Amsterdam Ave,7646,Central Park W & W 97 St,7538,40.802692,-73.96295,40.79249519495111,-73.96417066463071,casual
1365677,D2961C41ACA415C4,docked_bike,2021-04-26 13:13:05,2021-04-26 13:33:24,W 116 St & Amsterdam Ave,7692,Central Park W & W 97 St,7538,40.806758,-73.960708,40.79249519495111,-73.96417066463071,member
1365680,E0748CC56D4C0C3B,docked_bike,2021-04-17 14:36:35,2021-04-17 14:43:48,W 110 St & Amsterdam Ave,7646,Central Park W & W 97 St,7538,40.802692,-73.96295,40.79249519495111,-73.96417066463071,member
1365688,31984441A42D760B,docked_bike,2021-04-13 13:45:08,2021-04-13 14:19:18,E 40 St & 5 Ave,6474,Central Park W & W 97 St,7538,40.752062,-73.981632,40.79249519495111,-73.96417066463071,casual
1365689,E0919A2D34671DBA,docked_bike,2021-04-23 17:25:30,2021-04-23 17:32:45,Frederick Douglass Blvd & W 117 St,7688,Central Park W & W 97 St,7538,40.805159,-73.954692,40.79249519495111,-73.96417066463071,casual
1365691,14F867A191CE247B,docked_bike,2021-04-02 12:57:36,2021-04-02 13:04:03,W 92 St & Broadway,7502,Central Park W & W 97 St,7538,40.7921,-73.9739,40.79249519495111,-73.96417066463071,member
1365694,B523D5E7F861008A,docked_bike,2021-04-14 13:04:26,2021-04-14 13:09:54,W 92 St & Broadway,7502,Central Park W & W 97 St,7538,40.7921,-73.9739,40.79249519495111,-73.96417066463071,member
1365702,BBF441C0CDBBC3F1,docked_bike,2021-04-08 21:17:47,2021-04-08 21:32:32,5 Av & W 139 St,7851,Central Park W & W 97 St,7538,40.815484,-73.935856,40.79249519495111,-73.96417066463071,member
1365703,DE3465251C66EDC3,docked_bike,2021-04-05 10:47:51,2021-04-05 10:52:48,Frederick Douglass Blvd & W 117 St,7688,Central Park W & W 97 St,7538,40.805159,-73.954692,40.79249519495111,-73.96417066463071,member
1365713,A066C854DB9D566D,docked_bike,2021-04-20 14:40:39,2021-04-20 14:51:47,W 106 St & Amsterdam Ave,7634,Central Park W & W 97 St,7538,40.800836,-73.966449,40.79249519495111,-73.96417066463071,member
1365717,628996AA4D81DB0F,docked_bike,2021-04-23 19:33:54,2021-04-23 19:49:28,W 106 St & Amsterdam Ave,7634,Central Park W & W 97 St,7538,40.800836,-73.966449,40.79249519495111,-73.96417066463071,casual
1365724,0709D8ADD590E01B,docked_bike,2021-04-20 19:25:43,2021-04-20 19:30:47,W 106 St & Amsterdam Ave,7634,Central Park W & W 97 St,7538,40.800836,-73.966449,40.79249519495111,-73.96417066463071,member
1365725,A08A075740A31E17,docked_bike,2021-04-17 12:27:17,2021-04-17 12:31:57,W 106 St & Amsterdam Ave,7634,Central Park W & W 97 St,7538,40.800836,-73.966449,40.79249519495111,-73.96417066463071,member
1365726,E9848B369BE522E0,docked_bike,2021-04-27 10:43:48,2021-04-27 10:48:26,W 106 St & Amsterdam Ave,7634,Central Park W & W 97 St,7538,40.800836,-73.966449,40.79249519495111,-73.96417066463071,member
1365738,D29AF572608D6294,docked_bike,2021-04-08 14:06:59,2021-04-08 14:12:42,W 106 St & Amsterdam Ave,7634,Central Park W & W 97 St,7538,40.800836,-73.966449,40.79249519495111,-73.96417066463071,member
1365745,949AF0739C96392F,docked_bike,2021-04-09 13:46:06,2021-04-09 13:52:28,W 106 St & Amsterdam Ave,7634,Central Park W & W 97 St,7538,40.800836,-73.966449,40.79249519495111,-73.96417066463071,casual
1365750,5394AE6A5422FEEA,docked_bike,2021-04-10 17:27:41,2021-04-10 17:44:18,W 106 St & Amsterdam Ave,7634,Central Park W & W 97 St,7538,40.800836,-73.966449,40.79249519495111,-73.96417066463071,member
1365763,3819A139C91F42D8,docked_bike,2021-04-04 10:00:50,2021-04-04 10:07:00,Frederick Douglass Blvd & W 117 St,7688,Central Park W & W 97 St,7538,40.805159,-73.954692,40.79249519495111,-73.96417066463071,member
1365764,E31A2F00BE0752F8,docked_bike,2021-04-18 13:12:38,2021-04-18 13:57:27,5 Av & W 139 St,7851,Central Park W & W 97 St,7538,40.815484,-73.935856,40.79249519495111,-73.96417066463071,member
1365766,EF9BB2BCE41D8B2B,docked_bike,2021-04-21 13:28:47,2021-04-21 13:36:36,Frederick Douglass Blvd & W 117 St,7688,Central Park W & W 97 St,7538,40.805159,-73.954692,40.79249519495111,-73.96417066463071,member
1365767,98931017C2FBF071,docked_bike,2021-04-18 13:44:11,2021-04-18 13:53:07,Frederick Douglass Blvd & W 117 St,7688,Central Park W & W 97 St,7538,40.805159,-73.954692,40.79249519495111,-73.96417066463071,member
1365770,2A0CF6C68994C8CA,docked_bike,2021-04-22 11:37:05,2021-04-22 11:42:20,W 92 St & Broadway,7502,Central Park W & W 97 St,7538,40.7921,-73.9739,40.79249519495111,-73.96417066463071,member
1365777,A629E2B901BBBBF5,docked_bike,2021-04-24 14:25:47,2021-04-24 14:32:05,W 106 St & Amsterdam Ave,7634,Central Park W & W 97 St,7538,40.800836,-73.966449,40.79249519495111,-73.96417066463071,casual
1365797,5EC8962AB6FE5D72,docked_bike,2021-04-10 17:33:22,2021-04-10 18:14:13,Adam Clayton Powell Blvd & W 141 St,7893,Central Park W & W 97 St,7538,40.819241,-73.941057,40.79249519495111,-73.96417066463071,member
1365799,CCD4A4B785009F3E,docked_bike,2021-04-07 20:11:51,2021-04-07 20:18:19,W 106 St & Amsterdam Ave,7634,Central Park W & W 97 St,7538,40.800836,-73.966449,40.79249519495111,-73.96417066463071,casual
1365800,C39D1C9FB9A82D4F,docked_bike,2021-04-26 19:58:31,2021-04-26 20:02:45,W 106 St & Amsterdam Ave,7634,Central Park W & W 97 St,7538,40.800836,-73.966449,40.79249519495111,-73.96417066463071,member
1365812,59400B3D9EC7E892,docked_bike,2021-04-06 08:34:32,2021-04-06 08:52:47,Adam Clayton Powell Blvd & W 141 St,7893,Central Park W & W 97 St,7538,40.819241,-73.941057,40.792495,-73.964171,member
1365830,B9F3E0F08F4ADC9A,docked_bike,2021-04-01 06:37:36,2021-04-01 07:03:07,Adam Clayton Powell Blvd & W 141 St,7893,Central Park W & W 97 St,7538,40.819241,-73.941057,40.79249519495111,-73.96417066463071,casual
1365835,A1F52907C21ADC83,docked_bike,2021-04-24 08:05:55,2021-04-24 08:23:12,Adam Clayton Powell Blvd & W 141 St,7893,Central Park W & W 97 St,7538,40.819241,-73.941057,40.792495,-73.964171,member
1365864,99FCCA241A562B35,docked_bike,2021-04-28 07:24:46,2021-04-28 07:46:35,Lexington Ave & E 26 St,6089,Central Park W & W 97 St,7538,40.741459,-73.983293,40.79249519495111,-73.96417066463071,member
1365872,13FFCEABDEAFE87A,docked_bike,2021-04-28 12:44:22,2021-04-28 13:07:30,Broadway & W 168 St,8226,Central Park W & W 97 St,7538,40.840896,-73.93972,40.79249519495111,-73.96417066463071,member
1365878,5DFABB4A70A71B2D,docked_bike,2021-04-18 13:47:16,2021-04-18 14:01:54,Broadway & W 41 St,6560,Central Park W & W 97 St,7538,40.755135,-73.98658,40.79249519495111,-73.96417066463071,member
1365879,10D1766986C33B8B,docked_bike,2021-04-20 13:29:24,2021-04-20 14:03:46,Broadway & W 41 St,6560,Central Park W & W 97 St,7538,40.755135,-73.98658,40.79249519495111,-73.96417066463071,member
1365894,2CE9576EE8B77630,docked_bike,2021-04-10 18:47:20,2021-04-10 19:07:05,Riverside Blvd & W 67 St,7183,Central Park W & W 97 St,7538,40.777507,-73.988885,40.79249519495111,-73.96417066463071,member
1365926,CC3DABD1115E3189,docked_bike,2021-04-27 16:05:54,2021-04-27 16:29:24,11 Ave & W 41 St,6726,Central Park W & W 97 St,7538,40.7603,-73.998842,40.79249519495111,-73.96417066463071,member
1365929,1ACC83C77D89B650,docked_bike,2021-04-20 17:07:35,2021-04-20 17:42:57,Little West St & 1 Pl,5001,Central Park W & W 97 St,7538,40.705692,-74.016776,40.79249519495111,-73.96417066463071,member
1365945,3048C2754045616F,docked_bike,2021-04-27 08:11:56,2021-04-27 08:30:55,Adam Clayton Powell Blvd & W 141 St,7893,Central Park W & W 97 St,7538,40.819241,-73.941057,40.792495,-73.964171,member
1365960,5C06572AD178F39C,docked_bike,2021-04-13 16:04:02,2021-04-13 16:42:09,Lexington Ave & E 26 St,6089,Central Park W & W 97 St,7538,40.741459,-73.983293,40.79249519495111,-73.96417066463071,member
1365963,17099499D3DE9A35,docked_bike,2021-04-14 18:46:31,2021-04-14 18:51:28,W 106 St & Amsterdam Ave,7634,Central Park W & W 97 St,7538,40.800836,-73.966449,40.79249519495111,-73.96417066463071,casual
1365990,F37F23CE9BD1DDE2,docked_bike,2021-04-14 17:30:50,2021-04-14 17:48:55,11 Ave & W 41 St,6726,Central Park W & W 97 St,7538,40.7603,-73.998842,40.79249519495111,-73.96417066463071,member
1366000,E67EAB3283236329,docked_bike,2021-04-05 16:38:46,2021-04-05 16:56:42,Broadway & W 41 St,6560,Central Park W & W 97 St,7538,40.755136,-73.98658,40.792495,-73.964171,member
1366003,2020A7CD5991C4E7,docked_bike,2021-04-19 21:06:21,2021-04-19 21:39:07,12 Ave & W 40 St,6765,Central Park W & W 97 St,7538,40.760875,-74.002776,40.79249519495111,-73.96417066463071,casual
1366004,AD9470612C8D54E5,docked_bike,2021-04-29 17:30:31,2021-04-29 18:17:09,Broadway & W 41 St,6560,Central Park W & W 97 St,7538,40.755135,-73.98658,40.79249519495111,-73.96417066463071,casual
1366015,1139EC9C7FDFD937,docked_bike,2021-04-03 17:09:38,2021-04-03 17:44:31,Wards Meadow Comfort Station,7327,Central Park W & W 97 St,7538,40.78294,-73.93077,40.79249519495111,-73.96417066463071,member
1366029,206E8ECC43C28FE2,docked_bike,2021-04-14 20:28:29,2021-04-14 20:58:47,12 Ave & W 40 St,6765,Central Park W & W 97 St,7538,40.760875,-74.002776,40.79249519495111,-73.96417066463071,member
1366030,73850051E40B4C29,docked_bike,2021-04-18 14:31:45,2021-04-18 15:23:32,Broadway & W 41 St,6560,Central Park W & W 97 St,7538,40.755135,-73.98658,40.79249519495111,-73.96417066463071,casual
1366031,3E81E8A9A3A9E013,docked_bike,2021-04-26 20:58:52,2021-04-26 21:15:24,11 Ave & W 41 St,6726,Central Park W & W 97 St,7538,40.7603,-73.998842,40.79249519495111,-73.96417066463071,casual
1366033,B2E0BD832483E1C1,docked_bike,2021-04-26 18:29:35,2021-04-26 19:29:26,Bank St & Washington St,5964,Central Park W & W 97 St,7538,40.736196,-74.008592,40.79249519495111,-73.96417066463071,casual
1366063,7F0E8F0076821322,docked_bike,2021-04-24 16:49:49,2021-04-24 17:22:12,Broadway & W 41 St,6560,Central Park W & W 97 St,7538,40.755135,-73.98658,40.79249519495111,-73.96417066463071,member
1366071,6299124DB25690D7,docked_bike,2021-04-09 16:20:26,2021-04-09 16:27:53,W 116 St & Amsterdam Ave,7692,Central Park W & W 97 St,7538,40.806758,-73.960708,40.79249519495111,-73.96417066463071,member
1366073,05D82DEA3031C061,docked_bike,2021-04-27 12:40:53,2021-04-27 12:48:15,W 116 St & Amsterdam Ave,7692,Central Park W & W 97 St,7538,40.806758,-73.960708,40.79249519495111,-73.96417066463071,member
1366075,36FB29453480D1EC,docked_bike,2021-04-19 11:18:32,2021-04-19 11:28:15,W 110 St & Amsterdam Ave,7646,Central Park W & W 97 St,7538,40.802692,-73.96295,40.79249519495111,-73.96417066463071,member
1366076,8C8EEB42C43388B3,docked_bike,2021-04-25 18:05:19,2021-04-25 18:13:34,W 110 St & Amsterdam Ave,7646,Central Park W & W 97 St,7538,40.802692,-73.96295,40.79249519495111,-73.96417066463071,casual
1366077,D2C250B107CE2472,docked_bike,2021-04-26 13:12:41,2021-04-26 13:33:28,W 116 St & Amsterdam Ave,7692,Central Park W & W 97 St,7538,40.806758,-73.960708,40.79249519495111,-73.96417066463071,casual
1366079,C27DE235B880A1F3,docked_bike,2021-04-04 13:11:24,2021-04-04 13:33:34,W 110 St & Amsterdam Ave,7646,Central Park W & W 97 St,7538,40.802692,-73.96295,40.79249519495111,-73.96417066463071,casual
1366081,0459E6F6E2758C60,docked_bike,2021-04-08 18:34:54,2021-04-08 18:48:02,Riverside Blvd & W 67 St,7183,Central Park W & W 97 St,7538,40.777507,-73.988885,40.79249519495111,-73.96417066463071,member
1366105,278618C6D4401B08,docked_bike,2021-04-03 17:12:21,2021-04-03 17:44:41,Wards Meadow Comfort Station,7327,Central Park W & W 97 St,7538,40.78294,-73.93077,40.79249519495111,-73.96417066463071,casual
1366106,4F38E32D0DE8D5F2,docked_bike,2021-04-24 12:53:17,2021-04-24 13:36:30,Little West St & 1 Pl,5001,Central Park W & W 97 St,7538,40.705692,-74.016776,40.79249519495111,-73.96417066463071,member
1366122,657476E80A0BAF0A,docked_bike,2021-04-26 15:19:23,2021-04-26 15:36:12,11 Ave & W 41 St,6726,Central Park W & W 97 St,7538,40.7603,-73.998842,40.79249519495111,-73.96417066463071,casual
1366144,806146C93F2946F5,docked_bike,2021-04-28 08:01:20,2021-04-28 08:30:09,12 Ave & W 40 St,6765,Central Park W & W 97 St,7538,40.760875,-74.002776,40.79249519495111,-73.96417066463071,member
1366147,AC1B214F4AC71DAC,docked_bike,2021-04-05 16:58:34,2021-04-05 17:30:15,W 165 St & Fort Washington Ave,8226,Central Park W & W 97 St,7538,40.84004,-73.942939,40.79249519495111,-73.96417066463071,member
1366151,0CC29C4944194CD7,docked_bike,2021-04-29 21:03:31,2021-04-29 21:21:21,11 Ave & W 41 St,6726,Central Park W & W 97 St,7538,40.7603,-73.998842,40.79249519495111,-73.96417066463071,casual
1366164,37293F63DF856E50,docked_bike,2021-04-03 17:10:08,2021-04-03 17:44:32,Wards Meadow Comfort Station,7327,Central Park W & W 97 St,7538,40.78294,-73.93077,40.79249519495111,-73.96417066463071,casual
1366169,4491B35B22E45E86,docked_bike,2021-04-19 21:00:00,2021-04-19 21:39:20,12 Ave & W 40 St,6765,Central Park W & W 97 St,7538,40.760875,-74.002776,40.79249519495111,-73.96417066463071,casual
1366178,B9604806F101B870,docked_bike,2021-04-07 14:12:18,2021-04-07 14:26:59,Riverside Blvd & W 67 St,7183,Central Park W & W 97 St,7538,40.777507,-73.988885,40.79249519495111,-73.96417066463071,member
1366183,D21E001FA88B0BAE,docked_bike,2021-04-24 13:11:05,2021-04-24 13:52:38,12 Ave & W 40 St,6765,Central Park W & W 97 St,7538,40.760875,-74.002776,40.79249519495111,-73.96417066463071,casual
1366206,E208CC4CA32F82A0,docked_bike,2021-04-25 21:39:01,2021-04-25 21:55:08,Madison Ave & E 82 St,7188,Central Park W & W 97 St,7538,40.778131,-73.960693,40.79249519495111,-73.96417066463071,casual
1366215,AB53EAB080577A3C,docked_bike,2021-04-14 05:26:45,2021-04-14 05:36:09,St Nicholas Ave & Manhattan Ave,7723,Central Park W & W 97 St,7538,40.809725,-73.953149,40.79249519495111,-73.96417066463071,member
1366220,CF157A9858447155,docked_bike,2021-04-19 09:25:34,2021-04-19 09:41:10,St Nicholas Ave & Manhattan Ave,7723,Central Park W & W 97 St,7538,40.809725,-73.953149,40.79249519495111,-73.96417066463071,member
1366247,33BC9F224A7906C7,docked_bike,2021-04-08 06:33:58,2021-04-08 06:57:19,W 144 St & Adam Clayton Powell Blvd,7932,Central Park W & W 97 St,7538,40.820877,-73.939249,40.792495,-73.964171,casual
1366272,26CE6CFD0A2850FC,docked_bike,2021-04-30 15:41:56,2021-04-30 16:01:23,Broadway & Moylan Pl,7823,Central Park W & W 97 St,7538,40.814325,-73.959025,40.79249519495111,-73.96417066463071,member
1366274,30236C0193ABA5A3,docked_bike,2021-04-15 10:43:21,2021-04-15 11:03:32,W 54 St & 9 Ave,6920,Central Park W & W 97 St,7538,40.765849,-73.986905,40.79249519495111,-73.96417066463071,member
1366275,341AEA4AFB293EE1,docked_bike,2021-04-14 19:49:27,2021-04-14 19:53:57,West End Ave & W 94 St,7524,Central Park W & W 97 St,7538,40.794165,-73.974124,40.79249519495111,-73.96417066463071,member
1366278,A4963CBAD9FD448B,docked_bike,2021-04-04 18:58:14,2021-04-04 19:03:04,West End Ave & W 94 St,7524,Central Park W & W 97 St,7538,40.794165,-73.974124,40.79249519495111,-73.96417066463071,member
1366286,9FF27A065A201FCC,docked_bike,2021-04-25 20:24:54,2021-04-25 20:33:32,St Nicholas Ave & Manhattan Ave,7723,Central Park W & W 97 St,7538,40.809725,-73.953149,40.79249519495111,-73.96417066463071,casual
1366289,F71A883998E85EE7,docked_bike,2021-04-03 17:54:35,2021-04-03 18:05:41,St Nicholas Ave & Manhattan Ave,7723,Central Park W & W 97 St,7538,40.809725,-73.953149,40.79249519495111,-73.96417066463071,member
1366311,1669AD9BBEDEDB7E,docked_bike,2021-04-04 18:14:21,2021-04-04 18:25:33,West End Ave & W 94 St,7524,Central Park W & W 97 St,7538,40.794165,-73.974124,40.79249519495111,-73.96417066463071,casual
1366314,4F0C455370D7EB19,docked_bike,2021-04-10 13:32:39,2021-04-10 13:39:33,St Nicholas Ave & Manhattan Ave,7723,Central Park W & W 97 St,7538,40.809725,-73.953149,40.79249519495111,-73.96417066463071,member
1366317,E51C0BFC0FEDB5C7,docked_bike,2021-04-18 15:29:25,2021-04-18 19:24:26,Hamilton Pl & W 138 St,7920,Central Park W & W 97 St,7538,40.821728,-73.952761,40.792495,-73.964171,casual
1366325,F46BB2DB8F3CB01D,docked_bike,2021-04-02 11:29:56,2021-04-02 11:34:50,West End Ave & W 94 St,7524,Central Park W & W 97 St,7538,40.794165,-73.974124,40.79249519495111,-73.96417066463071,member
1366327,B9C9B6AEC6BA2CEA,docked_bike,2021-04-04 13:41:52,2021-04-04 13:46:28,West End Ave & W 94 St,7524,Central Park W & W 97 St,7538,40.794165,-73.974124,40.79249519495111,-73.96417066463071,member
1366331,D669937885EECE26,docked_bike,2021-04-20 21:41:32,2021-04-20 22:02:41,W 54 St & 9 Ave,6920,Central Park W & W 97 St,7538,40.765849,-73.986905,40.79249519495111,-73.96417066463071,casual
1366333,097E36772E8EB675,docked_bike,2021-04-25 21:39:12,2021-04-25 21:55:03,Madison Ave & E 82 St,7188,Central Park W & W 97 St,7538,40.778131,-73.960693,40.79249519495111,-73.96417066463071,member
1366336,CBBE64970B089EF4,docked_bike,2021-04-20 07:31:05,2021-04-20 07:36:51,E 95 St & 3 Ave,7365,Central Park W & W 97 St,7538,40.784903,-73.950503,40.79249519495111,-73.96417066463071,member
1366341,2295ECBDD04EC6A2,docked_bike,2021-04-03 12:46:00,2021-04-03 13:05:21,Madison Ave & E 82 St,7188,Central Park W & W 97 St,7538,40.778131,-73.960693,40.79249519495111,-73.96417066463071,casual
1366343,8461EE0872DED0F9,docked_bike,2021-04-13 13:21:35,2021-04-13 13:44:43,Madison Ave & E 82 St,7188,Central Park W & W 97 St,7538,40.778131,-73.960693,40.79249519495111,-73.96417066463071,casual
1366348,13570D33F2D6B7D6,docked_bike,2021-04-25 19:59:53,2021-04-25 20:07:43,W 116 St & Amsterdam Ave,7692,Central Park W & W 97 St,7538,40.806758,-73.960708,40.79249519495111,-73.96417066463071,member
1366359,9C98B170E9EFD032,docked_bike,2021-04-30 14:53:58,2021-04-30 15:20:46,Harlem River Dr & W 155 St,8085,Central Park W & W 97 St,7538,40.830476,-73.939929,40.79249519495111,-73.96417066463071,member
1366378,3699669219E711E7,docked_bike,2021-04-23 10:44:46,2021-04-23 10:55:49,Adam Clayton Powell Blvd & W 123 St,7704,Central Park W & W 97 St,7538,40.807831,-73.949373,40.79249519495111,-73.96417066463071,member
1366382,7081E1BD95E8476B,docked_bike,2021-04-24 14:15:25,2021-04-24 15:15:58,5 Ave & E 63 St,6904,Central Park W & W 97 St,7538,40.766368,-73.971518,40.79249519495111,-73.96417066463071,casual
1366383,8049F105AFF6D444,docked_bike,2021-04-18 15:01:54,2021-04-18 15:30:10,5 Ave & E 63 St,6904,Central Park W & W 97 St,7538,40.766368,-73.971518,40.79249519495111,-73.96417066463071,casual
1366384,4E078859313699ED,docked_bike,2021-04-14 17:13:53,2021-04-14 17:14:20,Adam Clayton Powell Blvd & W 123 St,7704,Central Park W & W 97 St,7538,40.807831,-73.949373,40.79249519495111,-73.96417066463071,member
1366385,F337215AE1277EB5,docked_bike,2021-04-05 17:52:54,2021-04-05 18:16:26,5 Ave & E 63 St,6904,Central Park W & W 97 St,7538,40.766368,-73.971518,40.79249519495111,-73.96417066463071,member
1366409,0AAEA9CE4FBD8C7C,docked_bike,2021-04-23 15:12:27,2021-04-23 15:54:43,5 Ave & E 63 St,6904,Central Park W & W 97 St,7538,40.766368,-73.971518,40.79249519495111,-73.96417066463071,casual
1366421,A19E99DC1182FA84,docked_bike,2021-04-04 15:14:39,2021-04-04 15:57:16,5 Ave & E 63 St,6904,Central Park W & W 97 St,7538,40.766368,-73.971518,40.79249519495111,-73.96417066463071,casual
1366428,DAEEA83060915B51,docked_bike,2021-04-27 14:05:58,2021-04-27 14:36:58,Washington St & Gansevoort St,6039,Central Park W & W 97 St,7538,40.739323,-74.008119,40.79249519495111,-73.96417066463071,casual
1366431,54B2417E9F088E4A,docked_bike,2021-04-03 17:53:52,2021-04-03 18:16:48,5 Ave & E 63 St,6904,Central Park W & W 97 St,7538,40.766368,-73.971518,40.79249519495111,-73.96417066463071,member
1366433,17DE6CEB732BD22C,docked_bike,2021-04-10 14:53:12,2021-04-10 15:35:06,5 Ave & E 63 St,6904,Central Park W & W 97 St,7538,40.766368,-73.971518,40.79249519495111,-73.96417066463071,casual
1366436,3AEA5F7E7B0B36B2,docked_bike,2021-04-16 17:20:53,2021-04-16 17:43:23,5 Ave & E 63 St,6904,Central Park W & W 97 St,7538,40.766368,-73.971518,40.79249519495111,-73.96417066463071,member
1366438,962B6DC9350AD3A9,docked_bike,2021-04-01 17:55:39,2021-04-01 18:03:11,Adam Clayton Powell Blvd & W 123 St,7704,Central Park W & W 97 St,7538,40.807831,-73.949373,40.79249519495111,-73.96417066463071,member
1366443,D784863AC17A9E0E,docked_bike,2021-04-18 13:57:51,2021-04-18 15:38:16,5 Ave & E 63 St,6904,Central Park W & W 97 St,7538,40.766368,-73.971518,40.79249519495111,-73.96417066463071,casual
1366444,7988EE16B6D88185,docked_bike,2021-04-05 10:32:52,2021-04-05 10:43:39,Adam Clayton Powell Blvd & W 123 St,7704,Central Park W & W 97 St,7538,40.807831,-73.949373,40.79249519495111,-73.96417066463071,member
1366447,6F73989AD075DD17,docked_bike,2021-04-16 12:02:59,2021-04-16 12:17:59,Adam Clayton Powell Blvd & W 123 St,7704,Central Park W & W 97 St,7538,40.807831,-73.949373,40.79249519495111,-73.96417066463071,casual
1366469,7B0E25FF7D1D9FCC,docked_bike,2021-04-19 14:16:54,2021-04-19 14:27:32,Central Park West & W 68 St,7079,Central Park W & W 97 St,7538,40.773406,-73.977825,40.79249519495111,-73.96417066463071,member
1366471,FB0C82A38DA57D20,docked_bike,2021-04-19 17:36:17,2021-04-19 17:56:41,E 58 St & Madison Ave,6839,Central Park W & W 97 St,7538,40.763025,-73.972095,40.79249519495111,-73.96417066463071,member
1366472,8A9047919A669794,docked_bike,2021-04-09 18:48:19,2021-04-09 19:28:20,Central Park West & W 68 St,7079,Central Park W & W 97 St,7538,40.773406,-73.977825,40.79249519495111,-73.96417066463071,casual
1366473,245D51631459F536,docked_bike,2021-04-28 09:55:42,2021-04-28 10:09:34,Central Park West & W 68 St,7079,Central Park W & W 97 St,7538,40.773406,-73.977825,40.79249519495111,-73.96417066463071,casual
1366474,E3ED135F6762AB09,docked_bike,2021-04-23 06:29:10,2021-04-23 06:40:03,Central Park West & W 68 St,7079,Central Park W & W 97 St,7538,40.773406,-73.977825,40.79249519495111,-73.96417066463071,member
1366475,9C0D59B2154F5061,docked_bike,2021-04-04 14:20:29,2021-04-04 14:59:17,E 58 St & Madison Ave,6839,Central Park W & W 97 St,7538,40.763025,-73.972095,40.79249519495111,-73.96417066463071,member
1366478,F7A714AC1C96FEB5,docked_bike,2021-04-03 14:45:35,2021-04-03 15:22:49,E 58 St & Madison Ave,6839,Central Park W & W 97 St,7538,40.763025,-73.972095,40.79249519495111,-73.96417066463071,casual
1366501,C51BB799063876AC,docked_bike,2021-04-28 15:30:22,2021-04-28 15:50:12,W 54 St & 9 Ave,6920,Central Park W & W 97 St,7538,40.765849,-73.986905,40.79249519495111,-73.96417066463071,casual
1366532,37E20331753F1830,docked_bike,2021-04-20 13:30:06,2021-04-20 14:03:48,Broadway & W 41 St,6560,Central Park W & W 97 St,7538,40.755135,-73.98658,40.79249519495111,-73.96417066463071,member
1366540,65B20154CEE69C87,docked_bike,2021-04-19 21:05:04,2021-04-19 21:39:05,12 Ave & W 40 St,6765,Central Park W & W 97 St,7538,40.760875,-74.002776,40.79249519495111,-73.96417066463071,casual
1366545,9DA72341674DD02B,docked_bike,2021-04-26 16:51:21,2021-04-26 17:19:17,12 Ave & W 40 St,6765,Central Park W & W 97 St,7538,40.760875,-74.002776,40.79249519495111,-73.96417066463071,member
1366572,62498CB75BDB130D,docked_bike,2021-04-18 14:39:50,2021-04-18 14:44:10,W 106 St & Amsterdam Ave,7634,Central Park W & W 97 St,7538,40.800836,-73.966449,40.79249519495111,-73.96417066463071,casual
1366577,61D1AC66A1EC1F7E,docked_bike,2021-04-24 15:42:20,2021-04-24 16:23:05,W 106 St & Amsterdam Ave,7634,Central Park W & W 97 St,7538,40.800836,-73.966449,40.79249519495111,-73.96417066463071,member
1366580,97E7CF8D6B169906,docked_bike,2021-04-10 17:27:56,2021-04-10 17:44:11,W 106 St & Amsterdam Ave,7634,Central Park W & W 97 St,7538,40.800836,-73.966449,40.79249519495111,-73.96417066463071,member
1366595,5CB9B65661FCB61A,docked_bike,2021-04-18 14:32:14,2021-04-18 14:38:06,W 106 St & Amsterdam Ave,7634,Central Park W & W 97 St,7538,40.800836,-73.966449,40.79249519495111,-73.96417066463071,member
1366596,C655EE0CB4D9AF4E,docked_bike,2021-04-25 14:40:26,2021-04-25 14:45:06,W 106 St & Amsterdam Ave,7634,Central Park W & W 97 St,7538,40.800836,-73.966449,40.79249519495111,-73.96417066463071,member
1366611,71DCB0ADEDFDD0FF,docked_bike,2021-04-04 15:54:37,2021-04-04 16:07:19,E 95 St & 3 Ave,7365,Central Park W & W 97 St,7538,40.784903,-73.950503,40.79249519495111,-73.96417066463071,casual
1366614,FE245039BD0CF411,docked_bike,2021-04-06 17:39:18,2021-04-06 18:01:53,Madison Ave & E 82 St,7188,Central Park W & W 97 St,7538,40.778131,-73.960693,40.79249519495111,-73.96417066463071,member
1366617,CF57BE7530317B12,docked_bike,2021-04-19 18:06:13,2021-04-19 18:33:49,Madison Ave & E 82 St,7188,Central Park W & W 97 St,7538,40.778131,-73.960694,40.792495,-73.964171,casual
1366633,48E66FB69F74FF52,docked_bike,2021-04-25 15:01:03,2021-04-25 15:12:24,W 106 St & Amsterdam Ave,7634,Central Park W & W 97 St,7538,40.800836,-73.966449,40.79249519495111,-73.96417066463071,casual
1366713,CEDAC675FD313D69,docked_bike,2021-04-08 20:06:34,2021-04-08 20:13:43,Morningside Ave & W 123 St,7741,Central Park W & W 97 St,7538,40.81,-73.95515,40.79249519495111,-73.96417066463071,casual
1366724,4C888169D8BFCC75,docked_bike,2021-04-06 17:44:11,2021-04-06 17:52:45,Morningside Ave & W 123 St,7741,Central Park W & W 97 St,7538,40.81,-73.95515,40.79249519495111,-73.96417066463071,member
1366727,7F7227604D62DCC9,docked_bike,2021-04-07 18:32:28,2021-04-07 19:00:56,W 113 St & Broadway,7713,Central Park W & W 97 St,7538,40.805973,-73.964928,40.79249519495111,-73.96417066463071,member
1366740,6161EE371F207F11,docked_bike,2021-04-26 12:38:45,2021-04-26 12:45:59,Morningside Ave & W 123 St,7741,Central Park W & W 97 St,7538,40.81,-73.95515,40.79249519495111,-73.96417066463071,casual
1366742,AAA91F763D19B72C,docked_bike,2021-04-26 13:19:40,2021-04-26 13:30:36,W 113 St & Broadway,7713,Central Park W & W 97 St,7538,40.805973,-73.964928,40.79249519495111,-73.96417066463071,casual
1366748,8B263D1894655FA7,docked_bike,2021-04-08 18:49:40,2021-04-08 19:04:18,W 113 St & Broadway,7713,Central Park W & W 97 St,7538,40.805973,-73.964928,40.79249519495111,-73.96417066463071,casual
1366750,6E086CFDCFB9ECB4,docked_bike,2021-04-21 18:51:55,2021-04-21 19:00:21,W 113 St & Broadway,7713,Central Park W & W 97 St,7538,40.805973,-73.964928,40.79249519495111,-73.96417066463071,casual
1366757,8321BA19706D42C6,docked_bike,2021-04-17 15:34:39,2021-04-17 15:42:42,W 113 St & Broadway,7713,Central Park W & W 97 St,7538,40.805973,-73.964928,40.79249519495111,-73.96417066463071,casual
1366761,8D81F6D763777CFC,docked_bike,2021-04-06 16:04:34,2021-04-06 16:17:00,W 113 St & Broadway,7713,Central Park W & W 97 St,7538,40.805973,-73.964928,40.79249519495111,-73.96417066463071,member
1366816,88588111EE8137A5,docked_bike,2021-04-28 10:16:38,2021-04-28 10:30:48,W 113 St & Broadway,7713,Central Park W & W 97 St,7538,40.805973,-73.964928,40.79249519495111,-73.96417066463071,member
1366825,58D4007F027DEB8E,docked_bike,2021-04-03 12:41:43,2021-04-03 12:59:13,Morningside Ave & W 123 St,7741,Central Park W & W 97 St,7538,40.81,-73.955151,40.792495,-73.964171,member
1366827,E919AA152190A9E2,docked_bike,2021-04-23 19:02:39,2021-04-23 19:22:05,Bradhurst Ave & W 148 St,7992,Central Park W & W 97 St,7538,40.825125,-73.941616,40.79249519495111,-73.96417066463071,member
1366847,9591FDBEF541C900,docked_bike,2021-04-03 12:42:22,2021-04-03 12:57:45,Morningside Ave & W 123 St,7741,Central Park W & W 97 St,7538,40.81,-73.95515,40.79249519495111,-73.96417066463071,member
1366851,918253D731F06ABF,docked_bike,2021-04-27 11:47:41,2021-04-27 11:54:32,W 113 St & Broadway,7713,Central Park W & W 97 St,7538,40.805973,-73.964928,40.79249519495111,-73.96417066463071,member
1366854,20CDF5EF78C839FC,docked_bike,2021-04-20 08:18:16,2021-04-20 08:43:23,Lexington Ave & E 24 St,6089,Central Park W & W 97 St,7538,40.740258,-73.984092,40.79249519495111,-73.96417066463071,member
1366863,2D38982FAC9EA7FA,docked_bike,2021-04-08 14:32:42,2021-04-08 15:07:33,E 17 St & Broadway,5980,Central Park W & W 97 St,7538,40.73705,-73.990093,40.792495,-73.964171,casual
1366865,9EACEEF4B3ED29E1,docked_bike,2021-04-14 14:41:03,2021-04-14 15:28:23,E 17 St & Broadway,5980,Central Park W & W 97 St,7538,40.737049,-73.990092,40.79249519495111,-73.96417066463071,member
1366881,A167B3CAC67D6F16,docked_bike,2021-04-24 16:13:52,2021-04-24 17:01:09,8 Ave & W 16 St,6072,Central Park W & W 97 St,7538,40.740983,-74.001702,40.79249519495111,-73.96417066463071,casual
1366918,8CC7588C7DF8676F,docked_bike,2021-04-12 10:39:13,2021-04-12 11:11:07,W 113 St & Broadway,7713,Central Park W & W 97 St,7538,40.805973,-73.964928,40.79249519495111,-73.96417066463071,member
1366959,10ECD44E10B202B0,docked_bike,2021-04-24 10:57:51,2021-04-24 11:18:26,1 Ave & E 78 St,7020,Central Park W & W 97 St,7538,40.771404,-73.953516,40.79249519495111,-73.96417066463071,member
1366966,ECA6F155CBA3261D,docked_bike,2021-04-28 18:08:28,2021-04-28 18:24:10,1 Ave & E 78 St,7020,Central Park W & W 97 St,7538,40.771404,-73.953516,40.79249519495111,-73.96417066463071,member
1366972,A45AD0F4A324B562,docked_bike,2021-04-30 15:41:00,2021-04-30 15:58:47,1 Ave & E 78 St,7020,Central Park W & W 97 St,7538,40.771404,-73.953516,40.79249519495111,-73.96417066463071,member
1366973,91D584DA3935E800,docked_bike,2021-04-18 16:05:13,2021-04-18 16:20:54,1 Ave & E 78 St,7020,Central Park W & W 97 St,7538,40.771404,-73.953516,40.79249519495111,-73.96417066463071,member
1366974,83E2F90AD8D46C67,docked_bike,2021-04-20 05:58:59,2021-04-20 06:14:48,1 Ave & E 78 St,7020,Central Park W & W 97 St,7538,40.771404,-73.953516,40.79249519495111,-73.96417066463071,member
1366976,1D1BB6569DC8FED0,docked_bike,2021-04-19 18:54:26,2021-04-19 19:11:19,1 Ave & E 78 St,7020,Central Park W & W 97 St,7538,40.771404,-73.953516,40.79249519495111,-73.96417066463071,member
1366979,26E48AA936C6F877,docked_bike,2021-04-05 15:58:12,2021-04-05 16:36:15,1 Ave & E 78 St,7020,Central Park W & W 97 St,7538,40.771404,-73.953516,40.79249519495111,-73.96417066463071,casual
1366986,77922EA3E4BEE48B,docked_bike,2021-04-24 12:52:16,2021-04-24 13:36:25,Little West St & 1 Pl,5001,Central Park W & W 97 St,7538,40.705692,-74.016776,40.79249519495111,-73.96417066463071,member
1366991,E9BA01C40432998F,docked_bike,2021-04-08 14:25:07,2021-04-08 14:49:22,11 Ave & W 41 St,6726,Central Park W & W 97 St,7538,40.7603,-73.998842,40.79249519495111,-73.96417066463071,casual
1367003,DDF8D87DCFE582A6,docked_bike,2021-04-28 16:23:08,2021-04-28 16:41:25,Broadway & W 41 St,6560,Central Park W & W 97 St,7538,40.755135,-73.98658,40.79249519495111,-73.96417066463071,member
1367005,587378D62FC8337C,docked_bike,2021-04-22 13:41:31,2021-04-22 14:26:39,12 Ave & W 40 St,6765,Central Park W & W 97 St,7538,40.760875,-74.002776,40.79249519495111,-73.96417066463071,member
1367009,CDE7C0D491D5F7BD,docked_bike,2021-04-09 15:02:42,2021-04-09 15:25:45,W 165 St & Fort Washington Ave,8226,Central Park W & W 97 St,7538,40.84004,-73.942939,40.79249519495111,-73.96417066463071,member
1367010,6930625BF061F1C3,docked_bike,2021-04-18 14:31:29,2021-04-18 15:23:20,Broadway & W 41 St,6560,Central Park W & W 97 St,7538,40.755135,-73.98658,40.79249519495111,-73.96417066463071,casual
1367013,8AC668F563302242,docked_bike,2021-04-10 11:09:46,2021-04-10 11:58:15,1 Ave & E 78 St,7020,Central Park W & W 97 St,7538,40.771404,-73.953516,40.79249519495111,-73.96417066463071,casual
1367036,B3777CA0AA2A2AE1,docked_bike,2021-04-16 15:45:30,2021-04-16 16:03:09,1 Ave & E 78 St,7020,Central Park W & W 97 St,7538,40.771404,-73.953516,40.79249519495111,-73.96417066463071,member
1367037,883EDC802805C5E8,docked_bike,2021-04-09 15:46:24,2021-04-09 16:05:30,1 Ave & E 78 St,7020,Central Park W & W 97 St,7538,40.771404,-73.953516,40.79249519495111,-73.96417066463071,member
1367053,C647622B265C1E07,docked_bike,2021-04-04 11:25:27,2021-04-04 12:02:45,E 11 St & 2 Ave,5746,Central Park W & W 97 St,7538,40.730473,-73.986723,40.79249519495111,-73.96417066463071,member
1367055,166104CA4C881165,docked_bike,2021-04-23 15:12:46,2021-04-23 15:54:55,5 Ave & E 63 St,6904,Central Park W & W 97 St,7538,40.766368,-73.971518,40.79249519495111,-73.96417066463071,member
1367057,9A538D139F8EF5BF,docked_bike,2021-04-10 14:53:47,2021-04-10 15:35:20,5 Ave & E 63 St,6904,Central Park W & W 97 St,7538,40.766368,-73.971518,40.79249519495111,-73.96417066463071,casual
1367058,2939E9A5A5AA6EA6,docked_bike,2021-04-08 17:19:01,2021-04-08 18:15:27,5 Ave & E 63 St,6904,Central Park W & W 97 St,7538,40.766368,-73.971518,40.79249519495111,-73.96417066463071,casual
1367060,28BC2A8381E3C9CA,docked_bike,2021-04-18 14:16:48,2021-04-18 15:10:49,5 Ave & E 63 St,6904,Central Park W & W 97 St,7538,40.766368,-73.971518,40.792495,-73.964171,casual
1367061,5A85D054AD4A930B,docked_bike,2021-04-29 18:26:34,2021-04-29 18:45:53,5 Ave & E 63 St,6904,Central Park W & W 97 St,7538,40.766368,-73.971518,40.79249519495111,-73.96417066463071,casual
1367071,CE308CED655EC83A,docked_bike,2021-04-08 17:24:43,2021-04-08 18:15:35,5 Ave & E 63 St,6904,Central Park W & W 97 St,7538,40.766368,-73.971518,40.79249519495111,-73.96417066463071,casual
1367082,2C798F5CA2A6641A,docked_bike,2021-04-10 11:10:31,2021-04-10 11:58:47,1 Ave & E 78 St,7020,Central Park W & W 97 St,7538,40.771404,-73.953516,40.79249519495111,-73.96417066463071,member
1367102,7F2F1D4C603BC974,docked_bike,2021-04-14 11:20:24,2021-04-14 11:51:00,1 Ave & E 78 St,7020,Central Park W & W 97 St,7538,40.771404,-73.953516,40.79249519495111,-73.96417066463071,member
1367104,8EBB947526DF5520,docked_bike,2021-04-28 12:27:29,2021-04-28 12:39:25,E 109 St & 3 Ave,7504,Central Park W & W 97 St,7538,40.793296,-73.943208,40.79249519495111,-73.96417066463071,member
1367117,3722F56336D5AA40,docked_bike,2021-04-17 14:10:33,2021-04-17 14:18:08,W 106 St & Amsterdam Ave,7634,Central Park W & W 97 St,7538,40.800836,-73.966449,40.79249519495111,-73.96417066463071,member
1367118,BF204473B5054D59,docked_bike,2021-04-27 16:35:52,2021-04-27 16:41:21,W 106 St & Amsterdam Ave,7634,Central Park W & W 97 St,7538,40.800836,-73.966449,40.79249519495111,-73.96417066463071,member
1367120,BA5B04927CCEC808,docked_bike,2021-04-18 14:40:08,2021-04-18 14:44:08,W 106 St & Amsterdam Ave,7634,Central Park W & W 97 St,7538,40.800836,-73.966449,40.79249519495111,-73.96417066463071,casual
1367123,AFB34A63A768CF4A,docked_bike,2021-04-04 17:54:49,2021-04-04 18:01:16,W 106 St & Amsterdam Ave,7634,Central Park W & W 97 St,7538,40.800836,-73.966449,40.79249519495111,-73.96417066463071,member
1367129,B206A97010270585,docked_bike,2021-04-17 16:07:00,2021-04-17 16:27:33,5 Ave & E 63 St,6904,Central Park W & W 97 St,7538,40.766368,-73.971518,40.79249519495111,-73.96417066463071,casual
1367137,0975CDD32EDF3DA6,docked_bike,2021-04-08 15:09:44,2021-04-08 15:19:44,Adam Clayton Powell Blvd & W 123 St,7704,Central Park W & W 97 St,7538,40.807831,-73.949373,40.79249519495111,-73.96417066463071,member
1367140,56CC01CFCC5C2C34,docked_bike,2021-04-06 10:59:32,2021-04-06 11:09:21,Adam Clayton Powell Blvd & W 123 St,7704,Central Park W & W 97 St,7538,40.807831,-73.949373,40.79249519495111,-73.96417066463071,member
1367145,6017C42681109482,docked_bike,2021-04-18 15:02:30,2021-04-18 15:29:41,5 Ave & E 63 St,6904,Central Park W & W 97 St,7538,40.766368,-73.971518,40.79249519495111,-73.96417066463071,member
1367152,EFF69135563B8DF1,docked_bike,2021-04-28 19:34:29,2021-04-28 19:53:34,W 44 St & 11 Ave,6756,Central Park W & W 97 St,7538,40.762009,-73.996975,40.79249519495111,-73.96417066463071,casual
1367154,159B614C582EBB8F,docked_bike,2021-04-19 19:19:46,2021-04-19 19:38:30,W 44 St & 11 Ave,6756,Central Park W & W 97 St,7538,40.762009,-73.996975,40.79249519495111,-73.96417066463071,casual
1367155,6E94C3BE6F579CCE,docked_bike,2021-04-21 06:45:41,2021-04-21 06:53:26,W 78 St & Amsterdam Ave,7311,Central Park W & W 97 St,7538,40.782535,-73.979085,40.79249519495111,-73.96417066463071,member
1367163,7E4B5462D0130076,docked_bike,2021-04-27 14:51:41,2021-04-27 15:04:34,Riverside Blvd & W 67 St,7183,Central Park W & W 97 St,7538,40.777507,-73.988885,40.79249519495111,-73.96417066463071,casual
1367164,86AFCC198A55ED51,docked_bike,2021-04-29 17:30:22,2021-04-29 18:17:05,Broadway & W 41 St,6560,Central Park W & W 97 St,7538,40.755135,-73.98658,40.79249519495111,-73.96417066463071,casual
1367168,08C73E60DFAA8404,docked_bike,2021-04-28 18:50:22,2021-04-28 19:42:23,Riverside Blvd & W 67 St,7183,Central Park W & W 97 St,7538,40.777507,-73.988885,40.79249519495111,-73.96417066463071,member
1367183,0FABD339C58996FE,docked_bike,2021-04-18 18:58:09,2021-04-18 19:10:15,E 109 St & 3 Ave,7504,Central Park W & W 97 St,7538,40.793297,-73.943208,40.792495,-73.964171,member
1367194,DF430463C30380E2,docked_bike,2021-04-05 15:25:25,2021-04-05 15:42:54,E 109 St & 3 Ave,7504,Central Park W & W 97 St,7538,40.793296,-73.943208,40.79249519495111,-73.96417066463071,member
1367195,C00440F91433F993,docked_bike,2021-04-23 15:42:50,2021-04-23 16:00:17,1 Ave & E 78 St,7020,Central Park W & W 97 St,7538,40.771404,-73.953516,40.79249519495111,-73.96417066463071,member
1367202,94BD3D4894C908BA,docked_bike,2021-04-30 02:20:24,2021-04-30 02:33:47,E 109 St & 3 Ave,7504,Central Park W & W 97 St,7538,40.793296,-73.943208,40.79249519495111,-73.96417066463071,casual
1367210,5F7E4F2A73E59A05,docked_bike,2021-04-23 18:51:28,2021-04-23 19:08:27,W 44 St & 11 Ave,6756,Central Park W & W 97 St,7538,40.762009,-73.996975,40.79249519495111,-73.96417066463071,member
1367213,1A1816408010B845,docked_bike,2021-04-19 14:59:35,2021-04-19 15:26:34,W 44 St & 11 Ave,6756,Central Park W & W 97 St,7538,40.762009,-73.996975,40.79249519495111,-73.96417066463071,member
1367218,61B7C250BB3D2003,docked_bike,2021-04-17 18:07:16,2021-04-17 18:18:41,W 78 St & Amsterdam Ave,7311,Central Park W & W 97 St,7538,40.782535,-73.979085,40.79249519495111,-73.96417066463071,member
1367225,462EBD28880CAC98,docked_bike,2021-04-23 16:17:49,2021-04-23 16:26:58,W 78 St & Amsterdam Ave,7311,Central Park W & W 97 St,7538,40.782535,-73.979085,40.79249519495111,-73.96417066463071,member
1367226,2C7BA1A2856BFCE3,docked_bike,2021-04-10 17:13:20,2021-04-10 17:28:55,W 78 St & Amsterdam Ave,7311,Central Park W & W 97 St,7538,40.782535,-73.979085,40.79249519495111,-73.96417066463071,member
1367236,8CA7CA931B5455C3,docked_bike,2021-04-24 11:16:43,2021-04-24 11:38:16,W 78 St & Amsterdam Ave,7311,Central Park W & W 97 St,7538,40.782535,-73.979085,40.79249519495111,-73.96417066463071,member
1367237,D86B2CCA5C5A48CB,docked_bike,2021-04-14 14:43:00,2021-04-14 14:51:11,W 78 St & Amsterdam Ave,7311,Central Park W & W 97 St,7538,40.782535,-73.979085,40.79249519495111,-73.96417066463071,member
1367247,49F16092B8B29F54,docked_bike,2021-04-10 17:14:30,2021-04-10 17:28:43,W 78 St & Amsterdam Ave,7311,Central Park W & W 97 St,7538,40.782535,-73.979085,40.79249519495111,-73.96417066463071,member
1367249,20B0884F4A34D2D0,docked_bike,2021-04-11 08:58:31,2021-04-11 09:15:22,Riverside Dr & W 138 St,7942,Central Park W & W 97 St,7538,40.823168,-73.955857,40.79249519495111,-73.96417066463071,member
1367253,514AE80236C1FDFE,docked_bike,2021-04-28 19:00:22,2021-04-28 19:18:19,W 44 St & 11 Ave,6756,Central Park W & W 97 St,7538,40.762009,-73.996975,40.79249519495111,-73.96417066463071,member
1367254,2FAFC9C633959A10,docked_bike,2021-04-14 17:20:18,2021-04-14 17:33:19,W 78 St & Amsterdam Ave,7311,Central Park W & W 97 St,7538,40.782535,-73.979085,40.79249519495111,-73.96417066463071,casual
1367255,7771EBB8F43D63F0,docked_bike,2021-04-13 16:17:05,2021-04-13 16:27:10,W 78 St & Amsterdam Ave,7311,Central Park W & W 97 St,7538,40.782535,-73.979085,40.79249519495111,-73.96417066463071,member
1367257,FA8C361679FBEF59,docked_bike,2021-04-17 18:03:35,2021-04-17 18:14:48,W 78 St & Amsterdam Ave,7311,Central Park W & W 97 St,7538,40.782535,-73.979085,40.79249519495111,-73.96417066463071,member
1367266,2892E39D14C3B8C6,docked_bike,2021-04-24 19:30:57,2021-04-24 20:02:08,Riverside Dr & W 138 St,7942,Central Park W & W 97 St,7538,40.823168,-73.955857,40.79249519495111,-73.96417066463071,casual
1367270,6432E00113652EA3,docked_bike,2021-04-24 14:15:30,2021-04-24 14:49:38,W 44 St & 11 Ave,6756,Central Park W & W 97 St,7538,40.762009,-73.996975,40.79249519495111,-73.96417066463071,casual
1367274,E481A5BD72E78DF1,docked_bike,2021-04-14 16:24:50,2021-04-14 16:32:39,W 78 St & Amsterdam Ave,7311,Central Park W & W 97 St,7538,40.782535,-73.979085,40.79249519495111,-73.96417066463071,member
1367275,50D90769001FA4A4,docked_bike,2021-04-08 17:34:17,2021-04-08 17:49:43,W 78 St & Amsterdam Ave,7311,Central Park W & W 97 St,7538,40.782535,-73.979085,40.79249519495111,-73.96417066463071,member
1367278,80C2E84B7570A744,docked_bike,2021-04-18 10:30:05,2021-04-18 10:38:04,W 78 St & Amsterdam Ave,7311,Central Park W & W 97 St,7538,40.782535,-73.979085,40.79249519495111,-73.96417066463071,member
1367282,9395BDF25CCD8A2A,docked_bike,2021-04-14 08:51:12,2021-04-14 09:15:15,W 78 St & Amsterdam Ave,7311,Central Park W & W 97 St,7538,40.782535,-73.979085,40.79249519495111,-73.96417066463071,casual
1367287,55897CAE3B82ED01,docked_bike,2021-04-14 08:52:38,2021-04-14 09:15:43,W 78 St & Amsterdam Ave,7311,Central Park W & W 97 St,7538,40.782536,-73.979085,40.792495,-73.964171,casual
1367288,0E4603297B68CCFD,docked_bike,2021-04-07 18:58:20,2021-04-07 19:19:13,W 44 St & 11 Ave,6756,Central Park W & W 97 St,7538,40.762009,-73.996975,40.79249519495111,-73.96417066463071,member
1367291,6ABDC02D2679F982,docked_bike,2021-04-17 14:22:32,2021-04-17 14:35:35,W 78 St & Amsterdam Ave,7311,Central Park W & W 97 St,7538,40.782535,-73.979085,40.79249519495111,-73.96417066463071,member
1367292,89C574216E54BAA7,docked_bike,2021-04-24 14:20:08,2021-04-24 14:48:59,W 44 St & 11 Ave,6756,Central Park W & W 97 St,7538,40.762009,-73.996975,40.79249519495111,-73.96417066463071,casual
1367299,C9C29C4A0969EB47,docked_bike,2021-04-24 14:18:55,2021-04-24 14:30:26,W 78 St & Amsterdam Ave,7311,Central Park W & W 97 St,7538,40.782535,-73.979085,40.79249519495111,-73.96417066463071,member
1367304,45341E7859E71B12,docked_bike,2021-04-28 15:06:54,2021-04-28 20:34:18,Franklin St & Dupont St,5944,Central Park W & W 97 St,7538,40.73564,-73.95866,40.79249519495111,-73.96417066463071,casual
1367311,407C15BFCEE27663,docked_bike,2021-04-26 18:00:18,2021-04-26 18:10:07,W 78 St & Amsterdam Ave,7311,Central Park W & W 97 St,7538,40.782535,-73.979085,40.79249519495111,-73.96417066463071,casual
1367322,77058FC50CC3197E,docked_bike,2021-04-01 15:25:26,2021-04-01 15:40:59,W 78 St & Amsterdam Ave,7311,Central Park W & W 97 St,7538,40.782535,-73.979085,40.79249519495111,-73.96417066463071,member
1367323,9F16525775DF9C26,docked_bike,2021-04-17 13:28:25,2021-04-17 13:37:11,W 78 St & Amsterdam Ave,7311,Central Park W & W 97 St,7538,40.782535,-73.979085,40.79249519495111,-73.96417066463071,member
1367326,706D4814A3E51A81,docked_bike,2021-04-04 20:33:02,2021-04-04 20:42:41,W 78 St & Amsterdam Ave,7311,Central Park W & W 97 St,7538,40.782535,-73.979085,40.79249519495111,-73.96417066463071,casual
1367329,48E8E15DB375B71F,docked_bike,2021-04-09 13:12:44,2021-04-09 13:40:18,Riverside Dr & W 138 St,7942,Central Park W & W 97 St,7538,40.823168,-73.955857,40.79249519495111,-73.96417066463071,casual
1367340,A43BB3525F206163,docked_bike,2021-04-22 21:11:19,2021-04-22 21:31:16,11 Ave & W 41 St,6726,Central Park W & W 97 St,7538,40.7603,-73.998842,40.79249519495111,-73.96417066463071,casual
1367348,4B2EBE8F29DB73E5,docked_bike,2021-04-21 19:55:13,2021-04-21 20:09:22,Broadway & W 41 St,6560,Central Park W & W 97 St,7538,40.755135,-73.98658,40.79249519495111,-73.96417066463071,member
1367359,BD25FD7BDDFCF6A6,docked_bike,2021-04-27 21:24:58,2021-04-27 21:42:24,11 Ave & W 41 St,6726,Central Park W & W 97 St,7538,40.7603,-73.998842,40.79249519495111,-73.96417066463071,casual
1367367,02CCBAC1871CB036,docked_bike,2021-04-14 22:53:21,2021-04-14 22:53:18,Central Park W & W 97 St,7538,Central Park W & W 97 St,7538,40.792495,-73.96417,40.79249519495111,-73.96417066463071,casual
1367368,E37E5D46FF62A121,docked_bike,2021-04-24 12:24:32,2021-04-24 12:24:41,Central Park W & W 97 St,7538,Central Park W & W 97 St,7538,40.792495,-73.96417,40.79249519495111,-73.96417066463071,member
1367371,BA21EFA6DB786DFC,docked_bike,2021-04-17 15:07:28,2021-04-17 15:07:37,Central Park W & W 97 St,7538,Central Park W & W 97 St,7538,40.792495,-73.96417,40.79249519495111,-73.96417066463071,member
1367372,2E79A40CC010F68A,docked_bike,2021-04-04 09:45:43,2021-04-04 10:04:12,8 Ave & W 38 St,6526,Central Park W & W 97 St,7538,40.75461,-73.99177,40.79249519495111,-73.96417066463071,member
1367376,4DD01B361F7013CD,docked_bike,2021-04-23 12:39:48,2021-04-23 13:14:04,Central Park W & W 97 St,7538,Central Park W & W 97 St,7538,40.792495,-73.96417,40.79249519495111,-73.96417066463071,member
1367377,0A63D21F1D5EF09E,docked_bike,2021-04-27 18:32:51,2021-04-27 19:06:49,Central Park W & W 97 St,7538,Central Park W & W 97 St,7538,40.792495,-73.96417,40.79249519495111,-73.96417066463071,member
1367398,7C3DD538C5A86F0A,docked_bike,2021-04-04 19:07:53,2021-04-04 19:38:15,Central Park W & W 97 St,7538,Central Park W & W 97 St,7538,40.792495,-73.96417,40.79249519495111,-73.96417066463071,member
1367403,1180A9E387BBD1EC,docked_bike,2021-04-02 14:48:30,2021-04-02 14:48:34,Central Park W & W 97 St,7538,Central Park W & W 97 St,7538,40.792495,-73.964171,40.792495,-73.964171,casual
1367405,55C1E4C70B64BF4C,docked_bike,2021-04-30 07:04:40,2021-04-30 07:37:54,Central Park W & W 97 St,7538,Central Park W & W 97 St,7538,40.792495,-73.96417,40.79249519495111,-73.96417066463071,casual
1367407,6E24406EB37E55C7,docked_bike,2021-04-22 18:29:52,2021-04-22 19:12:32,Central Park W & W 97 St,7538,Central Park W & W 97 St,7538,40.792495,-73.96417,40.79249519495111,-73.96417066463071,member
1367411,0C392CFA7A6B0FE4,docked_bike,2021-04-28 18:28:51,2021-04-28 18:55:10,Central Park W & W 97 St,7538,Central Park W & W 97 St,7538,40.792495,-73.96417,40.79249519495111,-73.96417066463071,casual
1367417,CD504671D2451D4F,docked_bike,2021-04-14 22:53:40,2021-04-14 22:53:23,Central Park W & W 97 St,7538,Central Park W & W 97 St,7538,40.792495,-73.96417,40.79249519495111,-73.96417066463071,casual
1367421,6558B7C1761D4383,docked_bike,2021-04-01 15:13:20,2021-04-01 15:14:54,Central Park W & W 97 St,7538,Central Park W & W 97 St,7538,40.792495,-73.96417,40.79249519495111,-73.96417066463071,casual
1367443,09B39FCD68EAC819,docked_bike,2021-04-30 10:11:25,2021-04-30 10:14:15,Central Park W & W 97 St,7538,Central Park W & W 97 St,7538,40.792495,-73.96417,40.79249519495111,-73.96417066463071,member
1367447,166A6A35D14B8BB1,docked_bike,2021-04-19 15:07:16,2021-04-19 15:08:20,Central Park W & W 97 St,7538,Central Park W & W 97 St,7538,40.792495,-73.96417,40.79249519495111,-73.96417066463071,member
1367448,E54017C6FF6A8B91,docked_bike,2021-04-06 16:18:20,2021-04-06 16:55:18,Central Park W & W 97 St,7538,Central Park W & W 97 St,7538,40.792495,-73.96417,40.79249519495111,-73.96417066463071,member
1367449,0A9DA09091442C00,docked_bike,2021-04-19 17:24:46,2021-04-19 18:00:44,Central Park W & W 97 St,7538,Central Park W & W 97 St,7538,40.792495,-73.96417,40.79249519495111,-73.96417066463071,member
1367450,51BEBAA5CBBAA722,docked_bike,2021-04-21 12:19:34,2021-04-21 12:58:44,Central Park W & W 97 St,7538,Central Park W & W 97 St,7538,40.792495,-73.96417,40.79249519495111,-73.96417066463071,member
1367459,C5B7C489247384AE,docked_bike,2021-04-16 15:51:37,2021-04-16 16:24:28,Central Park W & W 97 St,7538,Central Park W & W 97 St,7538,40.792495,-73.96417,40.79249519495111,-73.96417066463071,member
1367469,1892492A4B86FE68,docked_bike,2021-04-21 16:15:54,2021-04-21 16:47:31,Central Park W & W 97 St,7538,8 Ave & W 38 St,6526,40.792495,-73.96417,40.75461,-73.99177,member
1367476,BB09CF8AD825D50A,docked_bike,2021-04-13 11:14:01,2021-04-13 11:14:32,Central Park W & W 97 St,7538,Central Park W & W 97 St,7538,40.792495,-73.96417,40.79249519495111,-73.96417066463071,casual
1367478,C37BB24E7843D146,docked_bike,2021-04-18 15:16:07,2021-04-18 15:17:06,Central Park W & W 97 St,7538,Central Park W & W 97 St,7538,40.792495,-73.96417,40.79249519495111,-73.96417066463071,member
1367487,EE18A40441B282CB,docked_bike,2021-04-18 10:57:13,2021-04-18 11:08:59,Central Park W & W 97 St,7538,Central Park W & W 97 St,7538,40.792495,-73.96417,40.79249519495111,-73.96417066463071,casual
1367491,C05575CF2363E772,docked_bike,2021-04-25 09:25:37,2021-04-25 09:26:42,Central Park W & W 97 St,7538,Central Park W & W 97 St,7538,40.792495,-73.96417,40.79249519495111,-73.96417066463071,member
1367492,514C5A7F401492E2,docked_bike,2021-04-19 22:03:06,2021-04-19 22:45:03,Central Park W & W 97 St,7538,Central Park W & W 97 St,7538,40.792495,-73.96417,40.79249519495111,-73.96417066463071,casual
1367499,EC694A3AF1C66362,docked_bike,2021-04-04 14:24:11,2021-04-04 15:13:45,Central Park W & W 97 St,7538,Central Park W & W 97 St,7538,40.792495,-73.96417,40.79249519495111,-73.96417066463071,casual
1367506,0374DC30C2F12B27,docked_bike,2021-04-20 09:52:40,2021-04-20 10:17:51,Central Park W & W 97 St,7538,Central Park W & W 97 St,7538,40.792495,-73.96417,40.79249519495111,-73.96417066463071,casual
1367507,7D7C63247C580B87,docked_bike,2021-04-14 22:43:47,2021-04-14 22:43:43,Central Park W & W 97 St,7538,Central Park W & W 97 St,7538,40.792495,-73.96417,40.79249519495111,-73.96417066463071,casual
1367510,710C592C973F8E74,docked_bike,2021-04-17 14:45:51,2021-04-17 14:45:51,Central Park W & W 97 St,7538,Central Park W & W 97 St,7538,40.792495,-73.96417,40.79249519495111,-73.96417066463071,casual
1367513,8FD84B1056AA1D0B,docked_bike,2021-04-17 18:13:35,2021-04-17 18:13:32,Central Park W & W 97 St,7538,Central Park W & W 97 St,7538,40.792495,-73.96417,40.79249519495111,-73.96417066463071,casual
1367517,C6FFF529F144D6AD,docked_bike,2021-04-24 14:20:16,2021-04-24 14:21:05,Central Park W & W 97 St,7538,Central Park W & W 97 St,7538,40.792495,-73.96417,40.79249519495111,-73.96417066463071,member
1367526,AC6B796A7138A1F9,docked_bike,2021-04-18 17:48:41,2021-04-18 18:35:30,Central Park W & W 97 St,7538,Central Park W & W 97 St,7538,40.792495,-73.96417,40.79249519495111,-73.96417066463071,casual
1367527,86814347CE452B72,docked_bike,2021-04-10 03:10:43,2021-04-10 03:10:48,Central Park W & W 97 St,7538,Central Park W & W 97 St,7538,40.792495,-73.96417,40.79249519495111,-73.96417066463071,member
1367532,49346350D9979941,docked_bike,2021-04-17 18:02:24,2021-04-17 18:02:23,Central Park W & W 97 St,7538,Central Park W & W 97 St,7538,40.792495,-73.96417,40.79249519495111,-73.96417066463071,casual
1367535,D0CCD9A56CC05914,docked_bike,2021-04-28 17:29:03,2021-04-28 17:34:43,Central Park W & W 97 St,7538,Central Park W & W 97 St,7538,40.792495,-73.96417,40.79249519495111,-73.96417066463071,member
1367538,61177968D0AC1EE7,docked_bike,2021-04-18 17:48:43,2021-04-18 18:06:53,Central Park W & W 97 St,7538,Central Park W & W 97 St,7538,40.792495,-73.96417,40.79249519495111,-73.96417066463071,casual
1367541,AA758EE0CF6B48B3,docked_bike,2021-04-17 18:02:29,2021-04-17 18:02:23,Central Park W & W 97 St,7538,Central Park W & W 97 St,7538,40.792495,-73.96417,40.79249519495111,-73.96417066463071,casual
1367544,C1E1492F35820465,docked_bike,2021-04-04 11:56:48,2021-04-04 11:57:27,Central Park W & W 97 St,7538,Central Park W & W 97 St,7538,40.792495,-73.964171,40.792495,-73.964171,member
1367545,5609B0349EC069D3,docked_bike,2021-04-18 16:27:50,2021-04-18 17:36:00,Central Park W & W 97 St,7538,Central Park W & W 97 St,7538,40.792495,-73.96417,40.79249519495111,-73.96417066463071,member
1367547,377DC44F1E03CDD8,docked_bike,2021-04-10 19:16:08,2021-04-10 19:16:53,Central Park W & W 97 St,7538,Central Park W & W 97 St,7538,40.792495,-73.96417,40.79249519495111,-73.96417066463071,member
1367549,C408C0176A937B0A,docked_bike,2021-04-06 16:27:44,2021-04-06 17:04:23,Central Park W & W 97 St,7538,Central Park W & W 97 St,7538,40.792495,-73.96417,40.79249519495111,-73.96417066463071,member
1367559,6B21AA2469AE37C1,docked_bike,2021-04-18 15:53:30,2021-04-18 15:54:27,Central Park W & W 97 St,7538,Central Park W & W 97 St,7538,40.792495,-73.96417,40.79249519495111,-73.96417066463071,member
1367563,7631B7DAF642405B,docked_bike,2021-04-20 20:21:28,2021-04-20 21:05:52,Central Park W & W 97 St,7538,Central Park W & W 97 St,7538,40.792495,-73.96417,40.79249519495111,-73.96417066463071,member
1367565,32610783D8474989,docked_bike,2021-04-06 19:27:24,2021-04-06 19:53:02,Central Park W & W 97 St,7538,Central Park W & W 97 St,7538,40.792495,-73.96417,40.79249519495111,-73.96417066463071,casual
1367566,A8E2BA65B021FDEE,docked_bike,2021-04-11 13:09:53,2021-04-11 13:22:03,Central Park W & W 97 St,7538,Central Park W & W 97 St,7538,40.792495,-73.96417,40.79249519495111,-73.96417066463071,casual
1367568,56C5968EE43FEECC,docked_bike,2021-04-30 19:22:18,2021-04-30 19:57:12,Central Park W & W 97 St,7538,Central Park W & W 97 St,7538,40.792495,-73.96417,40.79249519495111,-73.96417066463071,member
1367572,11850A4B25CCF66E,docked_bike,2021-04-18 11:45:19,2021-04-18 12:51:05,Central Park W & W 97 St,7538,Central Park W & W 97 St,7538,40.792495,-73.96417,40.79249519495111,-73.96417066463071,casual
1367577,E3439546D34212CF,docked_bike,2021-04-01 17:16:56,2021-04-01 17:49:54,Central Park W & W 97 St,7538,2 Ave & E 31 St,6197,40.792495,-73.96417,40.74290902,-73.97706058,member
1367579,BC2FF07909CD349A,docked_bike,2021-04-06 16:21:22,2021-04-06 16:50:47,Central Park W & W 97 St,7538,Central Park W & W 97 St,7538,40.792495,-73.96417,40.79249519495111,-73.96417066463071,casual
1367580,526965EBE6619FE2,docked_bike,2021-04-24 13:00:38,2021-04-24 13:30:27,2 Ave & E 31 St,6197,Central Park W & W 97 St,7538,40.742909,-73.97706,40.79249519495111,-73.96417066463071,member
1367583,2D5C2DFF46B35CE6,docked_bike,2021-04-10 17:15:25,2021-04-10 17:54:48,Central Park W & W 97 St,7538,Central Park W & W 97 St,7538,40.792495,-73.96417,40.79249519495111,-73.96417066463071,casual
1367586,9E81A92D728E41A8,docked_bike,2021-04-24 14:09:00,2021-04-24 14:26:57,Central Park W & W 97 St,7538,Central Park W & W 97 St,7538,40.792495,-73.96417,40.79249519495111,-73.96417066463071,member
1367592,8D291E46C8BE6119,docked_bike,2021-04-17 17:37:51,2021-04-17 17:37:42,Central Park W & W 97 St,7538,Central Park W & W 97 St,7538,40.792495,-73.96417,40.79249519495111,-73.96417066463071,casual
1367593,BABB35AC30424C71,docked_bike,2021-04-24 15:17:00,2021-04-24 15:17:42,Central Park W & W 97 St,7538,Central Park W & W 97 St,7538,40.792495,-73.96417,40.79249519495111,-73.96417066463071,casual
1367598,B324BC0850A61407,docked_bike,2021-04-17 10:52:22,2021-04-17 10:53:09,Central Park W & W 97 St,7538,Central Park W & W 97 St,7538,40.792495,-73.96417,40.79249519495111,-73.96417066463071,member
1367599,CF43CAEE93A0BEA2,docked_bike,2021-04-06 18:29:36,2021-04-06 19:49:16,Central Park W & W 97 St,7538,Central Park W & W 97 St,7538,40.792495,-73.96417,40.79249519495111,-73.96417066463071,casual
1367603,B29C6CA167636377,docked_bike,2021-04-24 16:32:26,2021-04-24 17:00:16,Central Park W & W 97 St,7538,Central Park W & W 97 St,7538,40.792495,-73.96417,40.79249519495111,-73.96417066463071,member
1367607,33F17E23195DA0BA,docked_bike,2021-04-28 18:59:35,2021-04-28 19:06:43,Central Park W & W 97 St,7538,Central Park W & W 97 St,7538,40.792495,-73.96417,40.79249519495111,-73.96417066463071,casual
1367608,FF9F888E72ADB747,docked_bike,2021-04-25 14:49:08,2021-04-25 14:49:45,Central Park W & W 97 St,7538,Central Park W & W 97 St,7538,40.792495,-73.96417,40.79249519495111,-73.96417066463071,casual
1367611,87D2D8F190B56D03,docked_bike,2021-04-28 08:45:28,2021-04-28 08:48:18,Central Park W & W 97 St,7538,Central Park W & W 97 St,7538,40.792495,-73.96417,40.79249519495111,-73.96417066463071,member
1367620,FD2D93E3107215A7,docked_bike,2021-04-20 21:14:31,2021-04-20 21:43:11,Central Park W & W 97 St,7538,Central Park W & W 97 St,7538,40.792495,-73.96417,40.79249519495111,-73.96417066463071,member
1367633,DE327C3FF8A3D376,docked_bike,2021-04-08 17:29:47,2021-04-08 18:04:47,Central Park W & W 97 St,7538,Central Park W & W 97 St,7538,40.792495,-73.96417,40.79249519495111,-73.96417066463071,casual
1367639,8DD69976F76B5A05,docked_bike,2021-04-28 14:16:33,2021-04-28 15:32:15,8 Ave & W 38 St,6526,Central Park W & W 97 St,7538,40.75461,-73.99177,40.79249519495111,-73.96417066463071,casual
1367641,E6B010529DB89B74,docked_bike,2021-04-19 17:21:51,2021-04-19 17:46:51,8 Ave & W 38 St,6526,Central Park W & W 97 St,7538,40.75461,-73.99177,40.79249519495111,-73.96417066463071,member
1367643,56201E1AA18B802D,docked_bike,2021-04-13 18:49:22,2021-04-13 19:09:11,8 Ave & W 38 St,6526,Central Park W & W 97 St,7538,40.75461,-73.99177,40.79249519495111,-73.96417066463071,member
1367646,B1E7DD7546F52A30,docked_bike,2021-04-06 15:20:08,2021-04-06 16:04:04,Central Park W & W 97 St,7538,Fort Washington Ave & W 183 St,8399,40.792495,-73.96417,40.852252,-73.937854,member
1367650,D8981B98E44A8F66,docked_bike,2021-04-22 20:24:20,2021-04-22 20:25:42,Central Park W & W 97 St,7538,Central Park W & W 97 St,7538,40.792495,-73.96417,40.79249519495111,-73.96417066463071,member
1367654,9B26EBA1405D4067,docked_bike,2021-04-24 16:15:59,2021-04-24 16:17:31,Central Park W & W 97 St,7538,Central Park W & W 97 St,7538,40.792495,-73.96417,40.79249519495111,-73.96417066463071,member
1367659,F591E9FA54E79900,docked_bike,2021-04-01 18:05:29,2021-04-01 18:06:22,Central Park W & W 97 St,7538,Central Park W & W 97 St,7538,40.792495,-73.96417,40.79249519495111,-73.96417066463071,member
1367671,A13FCFF023CB0993,docked_bike,2021-04-03 16:54:44,2021-04-03 17:23:09,Central Park W & W 97 St,7538,8 Ave & W 38 St,6526,40.792495,-73.964171,40.75461,-73.99177,casual
1367676,58908A7F1E57F36A,docked_bike,2021-04-13 13:24:27,2021-04-13 14:05:59,Central Park W & W 97 St,7538,Central Park W & W 97 St,7538,40.792495,-73.96417,40.79249519495111,-73.96417066463071,member
1367690,D8EE19C7A2F76740,docked_bike,2021-04-18 16:28:14,2021-04-18 17:35:55,Central Park W & W 97 St,7538,Central Park W & W 97 St,7538,40.792495,-73.96417,40.79249519495111,-73.96417066463071,member
1367696,246901912BAADD10,docked_bike,2021-04-25 15:51:47,2021-04-25 16:46:19,Central Park W & W 97 St,7538,Central Park W & W 97 St,7538,40.792495,-73.96417,40.79249519495111,-73.96417066463071,member
1367702,7BEBE0FA09ACB751,docked_bike,2021-04-01 01:19:30,2021-04-01 01:40:24,Central Park W & W 97 St,7538,Central Park W & W 97 St,7538,40.792495,-73.96417,40.79249519495111,-73.96417066463071,casual
1367708,D3F2192C3AEEEAAA,docked_bike,2021-04-09 14:37:37,2021-04-09 14:38:07,Central Park W & W 97 St,7538,Central Park W & W 97 St,7538,40.792495,-73.96417,40.79249519495111,-73.96417066463071,member
1367709,38AFD63EE05667D4,docked_bike,2021-04-24 15:51:27,2021-04-24 15:52:10,Central Park W & W 97 St,7538,Central Park W & W 97 St,7538,40.792495,-73.96417,40.79249519495111,-73.96417066463071,member
1367712,F45F0E9FB6F8AEB8,docked_bike,2021-04-10 14:46:36,2021-04-10 14:47:53,Central Park W & W 97 St,7538,Central Park W & W 97 St,7538,40.792495,-73.96417,40.79249519495111,-73.96417066463071,casual
1367716,C7CFC16ABA325E14,docked_bike,2021-04-01 13:50:19,2021-04-01 13:51:08,Central Park W & W 97 St,7538,Central Park W & W 97 St,7538,40.792495,-73.96417,40.79249519495111,-73.96417066463071,member
1367723,BDFE4E539958C3EB,docked_bike,2021-04-28 16:54:33,2021-04-28 17:06:10,Central Park W & W 97 St,7538,Central Park W & W 97 St,7538,40.792495,-73.96417,40.79249519495111,-73.96417066463071,casual
1367724,764C7FC53E7617DE,docked_bike,2021-04-19 10:12:30,2021-04-19 10:50:10,Central Park W & W 97 St,7538,Central Park W & W 97 St,7538,40.792495,-73.964171,40.792495,-73.964171,member
1367725,0C50AB1694D3B18C,docked_bike,2021-04-04 09:45:10,2021-04-04 10:22:40,Central Park W & W 97 St,7538,Central Park W & W 97 St,7538,40.792495,-73.964171,40.792495,-73.964171,member
1367730,484D27C21F139023,docked_bike,2021-04-25 16:52:57,2021-04-25 17:07:25,Central Park W & W 97 St,7538,Central Park W & W 97 St,7538,40.792495,-73.96417,40.79249519495111,-73.96417066463071,member
1367736,D6856962CDE00E33,docked_bike,2021-04-24 15:18:34,2021-04-24 15:19:36,Central Park W & W 97 St,7538,Central Park W & W 97 St,7538,40.792495,-73.96417,40.79249519495111,-73.96417066463071,member
1367737,7D6B405044F265CA,docked_bike,2021-04-18 11:16:10,2021-04-18 11:52:20,Central Park W & W 97 St,7538,Central Park W & W 97 St,7538,40.792495,-73.96417,40.79249519495111,-73.96417066463071,casual
1367743,8BEA60F93858B3E4,docked_bike,2021-04-28 13:29:24,2021-04-28 13:30:36,Central Park W & W 97 St,7538,Central Park W & W 97 St,7538,40.792495,-73.96417,40.79249519495111,-73.96417066463071,member
1367747,A2E5237FD507E1E7,docked_bike,2021-04-08 15:37:58,2021-04-08 15:51:18,Central Park W & W 97 St,7538,Central Park W & W 97 St,7538,40.792495,-73.96417,40.79249519495111,-73.96417066463071,casual
1367755,B5EECD477E5D892D,docked_bike,2021-04-08 18:07:33,2021-04-08 18:18:39,Central Park W & W 97 St,7538,2 Ave & E 125 St,7648,40.792495,-73.96417,40.802554,-73.933509,casual
1367756,443506DB0ACE7E1D,docked_bike,2021-04-07 16:44:04,2021-04-07 17:09:54,Fort Washington Ave & W 183 St,8399,Central Park W & W 97 St,7538,40.852252,-73.937854,40.79249519495111,-73.96417066463071,member
1367757,0AD220E485AF5A6F,docked_bike,2021-04-29 18:51:31,2021-04-29 19:32:40,Central Park W & W 97 St,7538,Central Park W & W 97 St,7538,40.792495,-73.96417,40.79249519495111,-73.96417066463071,casual
1367768,FE0F9531984421EA,docked_bike,2021-04-24 17:32:41,2021-04-24 19:20:18,Central Park W & W 97 St,7538,8 Ave & W 38 St,6526,40.792495,-73.964171,40.75461,-73.99177,casual
1367769,5895EC596C80AB37,docked_bike,2021-04-27 16:04:43,2021-04-27 16:14:50,Central Park W & W 97 St,7538,Central Park W & W 97 St,7538,40.792495,-73.96417,40.79249519495111,-73.96417066463071,casual
1367789,D0AAF5DB2623C895,docked_bike,2021-04-22 07:38:36,2021-04-22 07:39:05,Central Park W & W 97 St,7538,Central Park W & W 97 St,7538,40.792495,-73.96417,40.79249519495111,-73.96417066463071,casual
1367795,06E59AF7EEF84DC0,docked_bike,2021-04-18 14:48:07,2021-04-18 15:40:14,Central Park W & W 97 St,7538,Central Park W & W 97 St,7538,40.792495,-73.96417,40.79249519495111,-73.96417066463071,casual
1367797,6008091C531B076E,docked_bike,2021-04-04 19:30:41,2021-04-04 20:05:15,Central Park W & W 97 St,7538,Central Park W & W 97 St,7538,40.792495,-73.96417,40.79249519495111,-73.96417066463071,casual
1367803,6EC04F1D4F0EAA2B,docked_bike,2021-04-18 18:19:02,2021-04-18 18:50:51,Central Park W & W 97 St,7538,Central Park W & W 97 St,7538,40.792495,-73.96417,40.79249519495111,-73.96417066463071,member
1367805,358E3F2C8AA590FA,docked_bike,2021-04-25 16:18:26,2021-04-25 16:26:14,Central Park W & W 97 St,7538,Central Park W & W 97 St,7538,40.792495,-73.96417,40.79249519495111,-73.96417066463071,member
1367806,9A26EF06F71548EE,docked_bike,2021-04-25 16:13:36,2021-04-25 16:15:58,Central Park W & W 97 St,7538,Central Park W & W 97 St,7538,40.792495,-73.96417,40.79249519495111,-73.96417066463071,member
1367807,B3102F07E31826B7,docked_bike,2021-04-07 11:59:26,2021-04-07 11:59:49,Central Park W & W 97 St,7538,Central Park W & W 97 St,7538,40.792495,-73.96417,40.79249519495111,-73.96417066463071,member
1367808,07CD464B52340327,docked_bike,2021-04-24 16:20:56,2021-04-24 16:44:10,W 163 St & Edgecombe Ave,8153,Central Park W & W 97 St,7538,40.835798,-73.937496,40.79249519495111,-73.96417066463071,casual
1367812,F7D6B469B027B65E,docked_bike,2021-04-24 11:51:55,2021-04-24 14:42:48,Central Park W & W 97 St,7538,Central Park W & W 97 St,7538,40.792495,-73.964171,40.792495,-73.964171,casual
1367814,B2F52E28B7669E67,docked_bike,2021-04-09 12:27:10,2021-04-09 12:27:37,Central Park W & W 97 St,7538,Central Park W & W 97 St,7538,40.792495,-73.964171,40.792495,-73.964171,member
1367816,77FF1AEBF3A35462,docked_bike,2021-04-13 09:18:36,2021-04-13 09:20:35,Central Park W & W 97 St,7538,Central Park W & W 97 St,7538,40.792495,-73.96417,40.79249519495111,-73.96417066463071,casual
1367822,873C7DC3F3166B41,docked_bike,2021-04-29 18:50:37,2021-04-29 19:29:52,Central Park W & W 97 St,7538,Central Park W & W 97 St,7538,40.792495,-73.96417,40.79249519495111,-73.96417066463071,casual
1367830,506FBF4581600105,docked_bike,2021-04-24 12:18:50,2021-04-24 13:04:58,Central Park W & W 97 St,7538,Central Park W & W 97 St,7538,40.792495,-73.96417,40.79249519495111,-73.96417066463071,casual
1367842,35E278CEAC983E8B,docked_bike,2021-04-30 09:31:33,2021-04-30 09:51:17,8 Ave & W 38 St,6526,Central Park W & W 97 St,7538,40.75461,-73.99177,40.79249519495111,-73.96417066463071,member
1367853,E4C7B1C47E2BA64A,docked_bike,2021-04-24 14:22:24,2021-04-24 15:48:04,Central Park W & W 97 St,7538,Central Park W & W 97 St,7538,40.792495,-73.96417,40.79249519495111,-73.96417066463071,member
1367857,79351D2799457B22,docked_bike,2021-04-09 18:56:11,2021-04-09 19:54:59,Central Park W & W 97 St,7538,Central Park W & W 97 St,7538,40.792495,-73.96417,40.79249519495111,-73.96417066463071,member
1367861,4EA657CD4CCA2FFC,docked_bike,2021-04-17 16:36:52,2021-04-17 16:36:45,Central Park W & W 97 St,7538,Central Park W & W 97 St,7538,40.792495,-73.96417,40.79249519495111,-73.96417066463071,member
1367870,06CF4B84956CEAB1,docked_bike,2021-04-10 22:43:20,2021-04-10 22:43:33,Central Park W & W 97 St,7538,Central Park W & W 97 St,7538,40.792495,-73.96417,40.79249519495111,-73.96417066463071,member
1367871,D80B2FCA5DA73E13,docked_bike,2021-04-03 11:24:37,2021-04-03 12:00:31,Central Park W & W 97 St,7538,Central Park W & W 97 St,7538,40.792495,-73.96417,40.79249519495111,-73.96417066463071,casual
1367878,07377AD6C8FA8A83,docked_bike,2021-04-03 10:45:24,2021-04-03 11:29:06,Central Park W & W 97 St,7538,Central Park W & W 97 St,7538,40.792495,-73.964171,40.792495,-73.964171,member
1367885,98EFC32A3F38E9A0,docked_bike,2021-04-28 08:40:07,2021-04-28 08:42:34,Central Park W & W 97 St,7538,Central Park W & W 97 St,7538,40.792495,-73.96417,40.79249519495111,-73.96417066463071,member
1367888,B6032CD3088CD064,docked_bike,2021-04-19 22:00:57,2021-04-19 22:44:53,Central Park W & W 97 St,7538,Central Park W & W 97 St,7538,40.792495,-73.96417,40.79249519495111,-73.96417066463071,casual
1367889,4BC6D45691FDA7EF,docked_bike,2021-04-07 10:01:10,2021-04-07 10:25:48,Central Park W & W 97 St,7538,8 Ave & W 38 St,6526,40.792495,-73.96417,40.75461,-73.99177,member
1367892,D7240BAA30782F1E,docked_bike,2021-04-17 12:08:58,2021-04-17 12:09:45,Central Park W & W 97 St,7538,Central Park W & W 97 St,7538,40.792495,-73.96417,40.79249519495111,-73.96417066463071,member
1367897,08954502E1D022F2,docked_bike,2021-04-13 12:43:49,2021-04-13 12:58:08,Central Park W & W 97 St,7538,Central Park W & W 97 St,7538,40.792495,-73.96417,40.79249519495111,-73.96417066463071,casual
1367904,6B87AB7D71ABEC5D,docked_bike,2021-04-17 09:16:45,2021-04-17 09:24:22,Central Park W & W 97 St,7538,Central Park W & W 97 St,7538,40.792495,-73.96417,40.79249519495111,-73.96417066463071,member
1367906,7CADCE97169AD0FD,docked_bike,2021-04-11 03:11:27,2021-04-11 03:11:41,Central Park W & W 97 St,7538,Central Park W & W 97 St,7538,40.792495,-73.96417,40.79249519495111,-73.96417066463071,casual
1367919,A1CA912D9D0F70AD,docked_bike,2021-04-04 17:55:37,2021-04-04 18:19:29,Central Park W & W 97 St,7538,Central Park W & W 97 St,7538,40.792495,-73.96417,40.79249519495111,-73.96417066463071,casual
1367920,BBAD3AB1363E6D3C,docked_bike,2021-04-18 15:55:12,2021-04-18 15:56:25,Central Park W & W 97 St,7538,Central Park W & W 97 St,7538,40.792495,-73.96417,40.79249519495111,-73.96417066463071,member
1367921,AFAB0A4692418323,docked_bike,2021-04-18 09:19:43,2021-04-18 09:57:25,Central Park W & W 97 St,7538,Central Park W & W 97 St,7538,40.792495,-73.96417,40.79249519495111,-73.96417066463071,member
1367926,7EA6CA4EF55BAED9,docked_bike,2021-04-14 19:37:45,2021-04-14 20:09:46,Central Park W & W 97 St,7538,Central Park W & W 97 St,7538,40.792495,-73.96417,40.79249519495111,-73.96417066463071,casual
1367945,C6368889EB1A94D5,docked_bike,2021-04-10 20:34:57,2021-04-10 20:35:24,Central Park W & W 97 St,7538,Central Park W & W 97 St,7538,40.792495,-73.96417,40.79249519495111,-73.96417066463071,member
1367946,F2EDCDA53F3D9725,docked_bike,2021-04-10 09:41:22,2021-04-10 10:23:05,Central Park W & W 97 St,7538,Central Park W & W 97 St,7538,40.792495,-73.964171,40.792495,-73.964171,member
1367947,9B423980776EC6EB,docked_bike,2021-04-19 21:05:37,2021-04-19 21:23:55,Central Park W & W 97 St,7538,Central Park W & W 97 St,7538,40.792495,-73.96417,40.79249519495111,-73.96417066463071,member
1367958,FC2563343AED22A9,docked_bike,2021-04-20 19:47:31,2021-04-20 20:23:46,Central Park W & W 97 St,7538,Central Park W & W 97 St,7538,40.792495,-73.96417,40.79249519495111,-73.96417066463071,member
1367959,B566CD93E2B35629,docked_bike,2021-04-18 11:16:44,2021-04-18 11:52:26,Central Park W & W 97 St,7538,Central Park W & W 97 St,7538,40.792495,-73.96417,40.79249519495111,-73.96417066463071,member
1367962,612B6B78124D40BB,docked_bike,2021-04-05 18:06:48,2021-04-05 18:48:07,Central Park W & W 97 St,7538,Central Park W & W 97 St,7538,40.792495,-73.96417,40.79249519495111,-73.96417066463071,casual
1367963,09CE0665D6EF7442,docked_bike,2021-04-01 15:46:40,2021-04-01 15:46:57,Central Park W & W 97 St,7538,Central Park W & W 97 St,7538,40.792495,-73.96417,40.79249519495111,-73.96417066463071,member
1367966,FA8EE13045105E27,docked_bike,2021-04-06 09:10:26,2021-04-06 09:10:52,Central Park W & W 97 St,7538,Central Park W & W 97 St,7538,40.792495,-73.96417,40.79249519495111,-73.96417066463071,member
1367978,93A0BAE520CD22E6,docked_bike,2021-04-24 11:53:03,2021-04-24 12:35:26,Central Park W & W 97 St,7538,Central Park W & W 97 St,7538,40.792495,-73.96417,40.79249519495111,-73.96417066463071,member
1367979,EFCB111BA76E1CB2,docked_bike,2021-04-22 14:12:30,2021-04-22 14:56:43,Central Park W & W 97 St,7538,Central Park W & W 97 St,7538,40.792495,-73.96417,40.79249519495111,-73.96417066463071,member
1367988,6E6046BB54BC6D9D,docked_bike,2021-04-04 15:54:31,2021-04-04 15:56:47,Central Park W & W 97 St,7538,Central Park W & W 97 St,7538,40.792495,-73.96417,40.79249519495111,-73.96417066463071,member
1367991,00AF412BBAED84E3,docked_bike,2021-04-04 10:28:36,2021-04-04 10:29:07,Central Park W & W 97 St,7538,Central Park W & W 97 St,7538,40.792495,-73.96417,40.79249519495111,-73.96417066463071,member
1368002,FDF976F593E10EB1,docked_bike,2021-04-14 22:52:54,2021-04-14 22:52:49,Central Park W & W 97 St,7538,Central Park W & W 97 St,7538,40.792495,-73.96417,40.79249519495111,-73.96417066463071,casual
1368004,8BE09CA311225723,docked_bike,2021-04-13 17:09:38,2021-04-13 17:10:35,Central Park W & W 97 St,7538,Central Park W & W 97 St,7538,40.792495,-73.96417,40.79249519495111,-73.96417066463071,casual
1368010,0AAB334864AEBA7D,docked_bike,2021-04-24 22:08:51,2021-04-24 22:08:55,Central Park W & W 97 St,7538,Central Park W & W 97 St,7538,40.792495,-73.96417,40.79249519495111,-73.96417066463071,casual
1368011,F256C6FCB74F1818,docked_bike,2021-04-28 07:54:36,2021-04-28 07:55:00,Central Park W & W 97 St,7538,Central Park W & W 97 St,7538,40.792495,-73.96417,40.79249519495111,-73.96417066463071,member
1368021,F742167A077955A9,docked_bike,2021-04-30 06:56:32,2021-04-30 06:56:53,Central Park W & W 97 St,7538,Central Park W & W 97 St,7538,40.792495,-73.96417,40.79249519495111,-73.96417066463071,member
1368025,7CB425E2937039A7,docked_bike,2021-04-29 14:51:41,2021-04-29 16:36:24,Central Park W & W 97 St,7538,Central Park W & W 97 St,7538,40.792495,-73.96417,40.79249519495111,-73.96417066463071,casual
1368028,AB09D843BFD52F4F,docked_bike,2021-04-17 13:32:30,2021-04-17 13:36:40,Central Park W & W 97 St,7538,Central Park W & W 97 St,7538,40.792495,-73.96417,40.79249519495111,-73.96417066463071,member
1368038,3D7EEAA7CA3AAD96,docked_bike,2021-04-20 17:25:06,2021-04-20 17:46:17,Central Park W & W 97 St,7538,Central Park W & W 97 St,7538,40.792495,-73.96417,40.79249519495111,-73.96417066463071,casual
1368049,BEAB9F7E50973462,docked_bike,2021-04-28 16:18:29,2021-04-28 16:39:37,8 Ave & W 38 St,6526,Central Park W & W 97 St,7538,40.75461,-73.99177,40.79249519495111,-73.96417066463071,member
1368068,D6E199A330345CCC,docked_bike,2021-04-19 18:17:35,2021-04-19 18:51:14,Central Park W & W 97 St,7538,Central Park W & W 97 St,7538,40.792495,-73.96417,40.79249519495111,-73.96417066463071,casual
1368072,01B98EB14DE38C51,docked_bike,2021-04-28 10:52:00,2021-04-28 11:19:52,Central Park W & W 97 St,7538,Central Park W & W 97 St,7538,40.792495,-73.96417,40.79249519495111,-73.96417066463071,casual
1368075,F147B574356EB230,docked_bike,2021-04-17 12:12:31,2021-04-17 12:13:00,Central Park W & W 97 St,7538,Central Park W & W 97 St,7538,40.792495,-73.96417,40.79249519495111,-73.96417066463071,casual
1368083,A01BEC49D44C16D0,docked_bike,2021-04-27 16:44:40,2021-04-27 16:44:59,Central Park W & W 97 St,7538,Central Park W & W 97 St,7538,40.792495,-73.96417,40.79249519495111,-73.96417066463071,member
1368088,52EAA77CE12B8106,docked_bike,2021-04-18 10:58:33,2021-04-18 10:58:57,Central Park W & W 97 St,7538,Central Park W & W 97 St,7538,40.792495,-73.96417,40.79249519495111,-73.96417066463071,casual
1368094,35EBFC25B9E1D8F6,docked_bike,2021-04-11 11:31:24,2021-04-11 11:50:51,Central Park W & W 97 St,7538,Central Park W & W 97 St,7538,40.792495,-73.96417,40.79249519495111,-73.96417066463071,member
1368098,14D9AC82A4D05DF0,docked_bike,2021-04-28 19:17:43,2021-04-28 19:55:02,Central Park W & W 97 St,7538,Central Park W & W 97 St,7538,40.792495,-73.96417,40.79249519495111,-73.96417066463071,casual
1368111,DA4680816336252C,docked_bike,2021-04-24 14:49:03,2021-04-24 15:32:20,Central Park W & W 97 St,7538,Central Park W & W 97 St,7538,40.792495,-73.96417,40.79249519495111,-73.96417066463071,casual
1368113,3F26AB25DEFCA9FF,docked_bike,2021-04-23 18:34:49,2021-04-23 19:37:24,Central Park W & W 97 St,7538,Central Park W & W 97 St,7538,40.792495,-73.96417,40.79249519495111,-73.96417066463071,casual
1368114,6505E9CBF853D725,docked_bike,2021-04-13 17:53:01,2021-04-13 17:53:22,Central Park W & W 97 St,7538,Central Park W & W 97 St,7538,40.792495,-73.964171,40.792495,-73.964171,member
1368118,F09875C51B2E6916,docked_bike,2021-04-14 09:21:14,2021-04-14 09:24:05,Central Park W & W 97 St,7538,Central Park W & W 97 St,7538,40.792495,-73.964171,40.792495,-73.964171,casual
1368134,A2263560EB49993E,docked_bike,2021-04-20 20:14:55,2021-04-20 20:15:25,Central Park W & W 97 St,7538,Central Park W & W 97 St,7538,40.792495,-73.96417,40.79249519495111,-73.96417066463071,member
1368136,FA585CEB6828D290,docked_bike,2021-04-19 18:20:33,2021-04-19 18:42:35,Central Park W & W 97 St,7538,Central Park W & W 97 St,7538,40.792495,-73.964171,40.792495,-73.964171,member
1368142,ADCAC9B492917BC5,docked_bike,2021-04-17 00:29:48,2021-04-17 00:29:40,Central Park W & W 97 St,7538,Central Park W & W 97 St,7538,40.792495,-73.96417,40.79249519495111,-73.96417066463071,casual
1368144,9A792973FE33407F,docked_bike,2021-04-18 13:37:06,2021-04-18 14:16:02,Central Park W & W 97 St,7538,Central Park W & W 97 St,7538,40.792495,-73.96417,40.79249519495111,-73.96417066463071,member
1368146,DFCF1EF1C146DF77,docked_bike,2021-04-01 14:53:03,2021-04-01 14:54:39,Central Park W & W 97 St,7538,Central Park W & W 97 St,7538,40.792495,-73.96417,40.79249519495111,-73.96417066463071,member
1368153,6F1E334C4ED9EE13,docked_bike,2021-04-05 10:40:01,2021-04-05 10:40:25,Central Park W & W 97 St,7538,Central Park W & W 97 St,7538,40.792495,-73.96417,40.79249519495111,-73.96417066463071,member
1368163,9556364E74583584,docked_bike,2021-04-20 18:16:09,2021-04-20 18:18:46,Central Park W & W 97 St,7538,Central Park W & W 97 St,7538,40.792495,-73.96417,40.79249519495111,-73.96417066463071,member
1368168,C8A28E23B43A4DD0,docked_bike,2021-04-14 18:21:49,2021-04-14 19:03:15,Central Park W & W 97 St,7538,Central Park W & W 97 St,7538,40.792495,-73.96417,40.79249519495111,-73.96417066463071,member
1368174,0D922634914E434D,docked_bike,2021-04-24 15:11:40,2021-04-24 15:12:19,Central Park W & W 97 St,7538,Central Park W & W 97 St,7538,40.792495,-73.96417,40.79249519495111,-73.96417066463071,member
1368188,C7594B1D8497B285,docked_bike,2021-04-19 18:33:16,2021-04-19 18:50:52,Central Park W & W 97 St,7538,Central Park W & W 97 St,7538,40.792495,-73.96417,40.79249519495111,-73.96417066463071,member
1368199,B19933BEE3CDC3A9,docked_bike,2021-04-08 19:50:48,2021-04-09 07:39:12,Central Park W & W 97 St,7538,Central Park W & W 97 St,7538,40.792495,-73.96417,40.79249519495111,-73.96417066463071,casual
1368200,F7E73A01223A281A,docked_bike,2021-04-07 17:39:37,2021-04-07 17:39:51,Central Park W & W 97 St,7538,Central Park W & W 97 St,7538,40.792495,-73.96417,40.79249519495111,-73.96417066463071,member
1368225,06C3FDF688ADC5FE,docked_bike,2021-04-04 16:01:51,2021-04-04 16:03:38,Central Park W & W 97 St,7538,Central Park W & W 97 St,7538,40.792495,-73.96417,40.79249519495111,-73.96417066463071,member
1368226,DF9D5261CFD18E60,docked_bike,2021-04-28 08:06:05,2021-04-28 08:06:45,Central Park W & W 97 St,7538,Central Park W & W 97 St,7538,40.792495,-73.96417,40.79249519495111,-73.96417066463071,member
1368229,B2B4F5ED87990A0A,docked_bike,2021-04-28 20:02:06,2021-04-28 20:34:09,Central Park W & W 97 St,7538,Central Park W & W 97 St,7538,40.792495,-73.96417,40.79249519495111,-73.96417066463071,member
1368230,15BD9039696C2FC4,docked_bike,2021-04-30 16:15:18,2021-04-30 16:19:23,Central Park W & W 97 St,7538,Central Park W & W 97 St,7538,40.792495,-73.96417,40.79249519495111,-73.96417066463071,member
1368241,DDA795A0653703D2,docked_bike,2021-04-27 10:35:29,2021-04-27 10:35:39,Central Park W & W 97 St,7538,Central Park W & W 97 St,7538,40.792495,-73.96417,40.79249519495111,-73.96417066463071,member
1368244,C9A3519AFC59D945,docked_bike,2021-04-13 18:09:05,2021-04-13 18:10:13,Central Park W & W 97 St,7538,Central Park W & W 97 St,7538,40.792495,-73.96417,40.79249519495111,-73.96417066463071,member
1368245,215939283BF09FE6,docked_bike,2021-04-30 08:28:29,2021-04-30 08:31:53,Central Park W & W 97 St,7538,Central Park W & W 97 St,7538,40.792495,-73.96417,40.79249519495111,-73.96417066463071,member
1368254,E3798610C3465DCB,docked_bike,2021-04-27 14:58:15,2021-04-27 14:59:01,Central Park W & W 97 St,7538,Central Park W & W 97 St,7538,40.792495,-73.96417,40.79249519495111,-73.96417066463071,member
1368290,96C54BD200810F84,docked_bike,2021-04-08 14:42:34,2021-04-08 15:44:05,Central Park W & W 97 St,7538,Central Park W & W 97 St,7538,40.792495,-73.96417,40.79249519495111,-73.96417066463071,member
1368292,237AAD3F52105A33,docked_bike,2021-04-17 17:28:10,2021-04-17 17:28:08,Central Park W & W 97 St,7538,Central Park W & W 97 St,7538,40.792495,-73.96417,40.79249519495111,-73.96417066463071,casual
1368295,56415291A1619DA5,docked_bike,2021-04-29 14:50:36,2021-04-29 15:17:51,Central Park W & W 97 St,7538,Central Park W & W 97 St,7538,40.792495,-73.96417,40.79249519495111,-73.96417066463071,member
1368297,70D469D07E94F57B,docked_bike,2021-04-16 11:50:05,2021-04-16 11:51:05,Central Park W & W 97 St,7538,Central Park W & W 97 St,7538,40.792495,-73.96417,40.79249519495111,-73.96417066463071,casual
1368301,65524F600BE366E6,docked_bike,2021-04-13 11:17:36,2021-04-13 11:18:15,Central Park W & W 97 St,7538,Central Park W & W 97 St,7538,40.792495,-73.96417,40.79249519495111,-73.96417066463071,member
1368302,B5E5446C1FBA122C,docked_bike,2021-04-16 12:30:17,2021-04-16 12:31:44,Central Park W & W 97 St,7538,Central Park W & W 97 St,7538,40.792495,-73.96417,40.79249519495111,-73.96417066463071,casual
1368318,CCC1829DDD4A44AB,docked_bike,2021-04-06 18:32:39,2021-04-06 19:20:25,Central Park W & W 97 St,7538,Central Park W & W 97 St,7538,40.792495,-73.96417,40.79249519495111,-73.96417066463071,casual
1368323,B26F90FD089D9244,docked_bike,2021-04-27 13:57:14,2021-04-27 14:36:49,Central Park W & W 97 St,7538,Central Park W & W 97 St,7538,40.792495,-73.96417,40.79249519495111,-73.96417066463071,member
1368327,A1377BB949533FAF,docked_bike,2021-04-27 16:39:58,2021-04-27 16:40:27,Central Park W & W 97 St,7538,Central Park W & W 97 St,7538,40.792495,-73.96417,40.79249519495111,-73.96417066463071,member
1368339,B364F5C6B43F5DEE,docked_bike,2021-04-10 17:55:27,2021-04-10 18:12:23,8 Ave & W 38 St,6526,Central Park W & W 97 St,7538,40.75461,-73.99177,40.79249519495111,-73.96417066463071,casual
1368343,8D10A2F60D6DBF98,docked_bike,2021-04-01 14:43:19,2021-04-01 14:43:37,Central Park W & W 97 St,7538,Central Park W & W 97 St,7538,40.792495,-73.96417,40.79249519495111,-73.96417066463071,member
1368344,DF694EF5A943B4FE,docked_bike,2021-04-27 08:24:18,2021-04-27 08:27:21,Central Park W & W 97 St,7538,Central Park W & W 97 St,7538,40.792495,-73.96417,40.79249519495111,-73.96417066463071,casual
1368351,1EB6A333F2F46E12,docked_bike,2021-04-25 14:17:44,2021-04-25 14:23:44,Central Park W & W 97 St,7538,Central Park W & W 97 St,7538,40.792495,-73.96417,40.79249519495111,-73.96417066463071,casual
1368357,47E664CB7388C64B,docked_bike,2021-04-27 08:09:33,2021-04-27 08:11:23,Central Park W & W 97 St,7538,Central Park W & W 97 St,7538,40.792495,-73.96417,40.79249519495111,-73.96417066463071,casual
1368363,84D2D1D5A89E0236,docked_bike,2021-04-20 16:38:20,2021-04-20 16:38:23,Central Park W & W 97 St,7538,Central Park W & W 97 St,7538,40.792495,-73.96417,40.79249519495111,-73.96417066463071,member
1368365,30F320471DADA240,docked_bike,2021-04-21 17:14:13,2021-04-21 17:14:24,Central Park W & W 97 St,7538,Central Park W & W 97 St,7538,40.792495,-73.96417,40.79249519495111,-73.96417066463071,casual
1368367,A96F8D27803FC101,docked_bike,2021-04-28 17:21:09,2021-04-28 18:45:05,Central Park W & W 97 St,7538,Central Park W & W 97 St,7538,40.792495,-73.96417,40.79249519495111,-73.96417066463071,casual
1368374,DE1EDE94135635F0,docked_bike,2021-04-08 14:49:35,2021-04-08 15:58:05,Central Park W & W 97 St,7538,Central Park W & W 97 St,7538,40.792495,-73.964171,40.792495,-73.964171,casual
1368375,97701B6B78166440,docked_bike,2021-04-03 16:15:47,2021-04-03 17:02:52,Central Park W & W 97 St,7538,Central Park W & W 97 St,7538,40.792495,-73.96417,40.79249519495111,-73.96417066463071,casual
1368376,C452A2591A4D1210,docked_bike,2021-04-25 14:49:33,2021-04-25 15:30:39,Central Park W & W 97 St,7538,Central Park W & W 97 St,7538,40.792495,-73.96417,40.79249519495111,-73.96417066463071,member
1368383,98FBD72058C79784,docked_bike,2021-04-16 09:03:53,2021-04-16 09:04:10,Central Park W & W 97 St,7538,Central Park W & W 97 St,7538,40.792495,-73.96417,40.79249519495111,-73.96417066463071,member
1368388,F70085B062301A8F,docked_bike,2021-04-18 17:49:34,2021-04-18 18:07:14,Central Park W & W 97 St,7538,Central Park W & W 97 St,7538,40.792495,-73.96417,40.79249519495111,-73.96417066463071,casual
1368391,E7E2F4627FE53990,docked_bike,2021-04-01 18:04:06,2021-04-01 18:04:46,Central Park W & W 97 St,7538,Central Park W & W 97 St,7538,40.792495,-73.96417,40.79249519495111,-73.96417066463071,member
1368393,EDB6431C01A3CBBF,docked_bike,2021-04-28 16:29:19,2021-04-28 16:56:28,Central Park W & W 97 St,7538,Central Park W & W 97 St,7538,40.792495,-73.96417,40.79249519495111,-73.96417066463071,casual
1368397,A610F1D093781A3B,docked_bike,2021-04-07 16:41:07,2021-04-07 16:41:22,Central Park W & W 97 St,7538,Central Park W & W 97 St,7538,40.792495,-73.96417,40.79249519495111,-73.96417066463071,member
1368398,20796A8265E8B870,docked_bike,2021-04-14 19:19:53,2021-04-14 19:21:16,Central Park W & W 97 St,7538,Central Park W & W 97 St,7538,40.792495,-73.96417,40.79249519495111,-73.96417066463071,member
1368399,4FD00C34413FE995,docked_bike,2021-04-09 13:30:02,2021-04-09 14:12:25,Central Park W & W 97 St,7538,Central Park W & W 97 St,7538,40.792495,-73.96417,40.79249519495111,-73.96417066463071,member
1368400,B169660204009BE9,docked_bike,2021-04-19 13:10:09,2021-04-19 13:50:31,Central Park W & W 97 St,7538,Central Park W & W 97 St,7538,40.792495,-73.96417,40.79249519495111,-73.96417066463071,member
1368405,7CF69EEBF16B4DE9,docked_bike,2021-04-09 19:28:34,2021-04-09 20:02:15,Central Park W & W 97 St,7538,Central Park W & W 97 St,7538,40.792495,-73.96417,40.79249519495111,-73.96417066463071,casual
1368411,3B60176D3818A4B5,docked_bike,2021-04-12 09:11:40,2021-04-12 09:11:43,Central Park W & W 97 St,7538,Central Park W & W 97 St,7538,40.792495,-73.96417,40.79249519495111,-73.96417066463071,member
1368414,B3911C46C4EAA81D,docked_bike,2021-04-18 12:57:42,2021-04-18 13:35:12,Central Park W & W 97 St,7538,Central Park W & W 97 St,7538,40.792495,-73.96417,40.79249519495111,-73.96417066463071,casual
1368416,BD58A87A13DA5C60,docked_bike,2021-04-07 12:51:27,2021-04-07 12:57:39,Central Park W & W 97 St,7538,Central Park W & W 97 St,7538,40.792495,-73.96417,40.79249519495111,-73.96417066463071,casual
1368429,36721D5B2F616C4F,docked_bike,2021-04-20 18:10:22,2021-04-20 18:11:07,Central Park W & W 97 St,7538,Central Park W & W 97 St,7538,40.792495,-73.96417,40.79249519495111,-73.96417066463071,member
1368439,81EF29C429D1B53C,docked_bike,2021-04-13 18:16:58,2021-04-13 18:42:36,Central Park W & W 97 St,7538,Central Park W & W 97 St,7538,40.792495,-73.96417,40.79249519495111,-73.96417066463071,member
1368442,3A7EFA5C40E19F6D,docked_bike,2021-04-17 17:28:38,2021-04-17 17:28:23,Central Park W & W 97 St,7538,Central Park W & W 97 St,7538,40.792495,-73.96417,40.79249519495111,-73.96417066463071,casual
1368443,8E4154C6B3CD5C08,docked_bike,2021-04-20 10:48:37,2021-04-20 12:57:27,Central Park W & W 97 St,7538,Central Park W & W 97 St,7538,40.792495,-73.96417,40.79249519495111,-73.96417066463071,casual
1368448,2BED7B487DF5BFB6,docked_bike,2021-04-26 12:25:00,2021-04-26 12:26:29,Central Park W & W 97 St,7538,Central Park W & W 97 St,7538,40.792495,-73.96417,40.79249519495111,-73.96417066463071,member
1368452,10AE04646A77140A,docked_bike,2021-04-16 12:38:58,2021-04-16 13:01:22,Central Park W & W 97 St,7538,Central Park W & W 97 St,7538,40.792495,-73.96417,40.79249519495111,-73.96417066463071,casual
1368456,671710DF753C21E1,docked_bike,2021-04-23 16:53:46,2021-04-23 17:40:22,Central Park W & W 97 St,7538,Central Park W & W 97 St,7538,40.792495,-73.964171,40.792495,-73.964171,casual
1368460,8A0C71088BBD300B,docked_bike,2021-04-28 11:56:33,2021-04-28 12:28:49,Central Park W & W 97 St,7538,Central Park W & W 97 St,7538,40.792495,-73.96417,40.79249519495111,-73.96417066463071,casual
1368475,4689F5DF8BA2C083,docked_bike,2021-04-16 13:27:44,2021-04-16 13:54:34,Central Park W & W 97 St,7538,Central Park W & W 97 St,7538,40.792495,-73.96417,40.79249519495111,-73.96417066463071,member
1368488,5E27E87F7A8683B5,docked_bike,2021-04-15 08:15:16,2021-04-15 08:15:03,Central Park W & W 97 St,7538,Central Park W & W 97 St,7538,40.792495,-73.96417,40.79249519495111,-73.96417066463071,member
1368493,44B8E0EF04C1EA12,docked_bike,2021-04-20 20:52:19,2021-04-20 20:53:17,Central Park W & W 97 St,7538,Central Park W & W 97 St,7538,40.792495,-73.96417,40.79249519495111,-73.96417066463071,casual
1368503,832DD9228A121A06,docked_bike,2021-04-25 14:49:15,2021-04-25 15:21:13,Central Park W & W 97 St,7538,Central Park W & W 97 St,7538,40.792495,-73.96417,40.79249519495111,-73.96417066463071,member
1368504,0462B4AED581B8EF,docked_bike,2021-04-11 13:03:29,2021-04-11 13:39:11,Central Park W & W 97 St,7538,Central Park W & W 97 St,7538,40.792495,-73.96417,40.79249519495111,-73.96417066463071,member
1368509,DD9C0F5973F54C57,docked_bike,2021-04-11 19:59:05,2021-04-11 19:59:59,Central Park W & W 97 St,7538,Central Park W & W 97 St,7538,40.792495,-73.96417,40.79249519495111,-73.96417066463071,member
1368515,2BAFCDAD06D5D96F,docked_bike,2021-04-01 15:40:18,2021-04-01 15:41:24,Central Park W & W 97 St,7538,Central Park W & W 97 St,7538,40.792495,-73.96417,40.79249519495111,-73.96417066463071,member
1368520,8D08B200FF077ABD,docked_bike,2021-04-28 16:21:38,2021-04-28 16:22:06,Central Park W & W 97 St,7538,Central Park W & W 97 St,7538,40.792495,-73.96417,40.79249519495111,-73.96417066463071,casual
1368521,B52B01DAB097F891,docked_bike,2021-04-09 16:57:33,2021-04-09 16:58:25,Central Park W & W 97 St,7538,Central Park W & W 97 St,7538,40.792495,-73.96417,40.79249519495111,-73.96417066463071,member
1368533,CCE2FE2C7469800F,docked_bike,2021-04-14 07:56:41,2021-04-14 08:12:10,Central Park W & W 97 St,7538,Central Park W & W 97 St,7538,40.792495,-73.96417,40.79249519495111,-73.96417066463071,member
1368546,0F5A061250E730B4,docked_bike,2021-04-08 20:24:12,2021-04-08 20:24:36,Central Park W & W 97 St,7538,Central Park W & W 97 St,7538,40.792495,-73.96417,40.79249519495111,-73.96417066463071,member
1368552,9588EBCE10BDA0AC,docked_bike,2021-04-13 17:20:35,2021-04-13 17:21:52,Central Park W & W 97 St,7538,Central Park W & W 97 St,7538,40.792495,-73.96417,40.79249519495111,-73.96417066463071,member
1368555,313172CA97DD4A79,docked_bike,2021-04-25 12:47:23,2021-04-25 12:48:00,Central Park W & W 97 St,7538,Central Park W & W 97 St,7538,40.792495,-73.96417,40.79249519495111,-73.96417066463071,member
1368556,09F572DE55DD9A2B,docked_bike,2021-04-19 09:09:05,2021-04-19 09:09:46,Central Park W & W 97 St,7538,Central Park W & W 97 St,7538,40.792495,-73.96417,40.79249519495111,-73.96417066463071,member
1368558,9199F200FF3B80A0,docked_bike,2021-04-01 01:18:20,2021-04-01 01:40:39,Central Park W & W 97 St,7538,Central Park W & W 97 St,7538,40.792495,-73.96417,40.79249519495111,-73.96417066463071,casual
1368559,705A5A792867D2AD,docked_bike,2021-04-29 18:50:19,2021-04-29 19:33:20,Central Park W & W 97 St,7538,Central Park W & W 97 St,7538,40.792495,-73.96417,40.79249519495111,-73.96417066463071,casual
1368571,096C5361B35FFE85,docked_bike,2021-04-10 17:39:39,2021-04-10 19:02:51,Central Park W & W 97 St,7538,Central Park W & W 97 St,7538,40.792495,-73.96417,40.79249519495111,-73.96417066463071,casual
1368573,CA3E56F2E7811120,docked_bike,2021-04-17 10:10:47,2021-04-17 10:25:51,Central Park W & W 97 St,7538,Central Park W & W 97 St,7538,40.792495,-73.96417,40.79249519495111,-73.96417066463071,member
1368578,58B680AA6961C486,docked_bike,2021-04-04 16:03:12,2021-04-04 16:03:20,Central Park W & W 97 St,7538,Central Park W & W 97 St,7538,40.792495,-73.964171,40.792495,-73.964171,casual
1368583,5612EC789511267E,docked_bike,2021-04-03 13:00:50,2021-04-03 13:53:59,Central Park W & W 97 St,7538,Central Park W & W 97 St,7538,40.792495,-73.96417,40.79249519495111,-73.96417066463071,casual
1368584,0F340687CDB89302,docked_bike,2021-04-19 19:04:32,2021-04-20 14:39:36,Central Park W & W 97 St,7538,2 Ave & E 125 St,7648,40.792495,-73.96417,40.802554,-73.933509,casual
1368594,B44D99C90C5921FF,docked_bike,2021-04-28 06:27:30,2021-04-28 06:28:33,Central Park W & W 97 St,7538,Central Park W & W 97 St,7538,40.792495,-73.96417,40.79249519495111,-73.96417066463071,member
1368597,9BAB85122FCB1FAA,docked_bike,2021-04-28 16:57:49,2021-04-28 17:46:59,Central Park W & W 97 St,7538,Central Park W & W 97 St,7538,40.792495,-73.96417,40.79249519495111,-73.96417066463071,casual
1368604,4E0030AC5FB27B4A,docked_bike,2021-04-27 16:05:27,2021-04-27 16:05:30,Central Park W & W 97 St,7538,Central Park W & W 97 St,7538,40.792495,-73.96417,40.79249519495111,-73.96417066463071,casual
1368610,1BBE29C17453D300,docked_bike,2021-04-16 11:47:34,2021-04-16 11:51:09,Central Park W & W 97 St,7538,Central Park W & W 97 St,7538,40.792495,-73.96417,40.79249519495111,-73.96417066463071,casual
1368614,EA030D10C36DD60E,docked_bike,2021-04-20 10:48:28,2021-04-20 12:57:37,Central Park W & W 97 St,7538,Central Park W & W 97 St,7538,40.792495,-73.96417,40.79249519495111,-73.96417066463071,casual
1368626,143D7662FF73D77F,docked_bike,2021-04-10 12:40:57,2021-04-10 12:42:47,Central Park W & W 97 St,7538,Central Park W & W 97 St,7538,40.792495,-73.96417,40.79249519495111,-73.96417066463071,member
1368631,15127EDF29B845D2,docked_bike,2021-04-10 11:13:41,2021-04-10 11:31:52,Central Park W & W 97 St,7538,Central Park W & W 97 St,7538,40.792495,-73.96417,40.79249519495111,-73.96417066463071,member
1368638,5097AD22847FA1EC,docked_bike,2021-04-30 14:23:48,2021-04-30 14:26:30,Central Park W & W 97 St,7538,Central Park W & W 97 St,7538,40.792495,-73.96417,40.79249519495111,-73.96417066463071,casual
1368639,FEC543EDF58260E6,docked_bike,2021-04-20 20:21:46,2021-04-20 21:06:03,Central Park W & W 97 St,7538,Central Park W & W 97 St,7538,40.792495,-73.96417,40.79249519495111,-73.96417066463071,casual
1368644,292781B2794852D0,docked_bike,2021-04-14 22:53:29,2021-04-14 22:53:14,Central Park W & W 97 St,7538,Central Park W & W 97 St,7538,40.792495,-73.96417,40.79249519495111,-73.96417066463071,casual
1368648,D64FB29C5B1EB4C0,docked_bike,2021-04-06 09:35:41,2021-04-06 09:53:52,8 Ave & W 38 St,6526,Central Park W & W 97 St,7538,40.75461,-73.99177,40.79249519495111,-73.96417066463071,member
1368652,A5881641EB0C63DE,docked_bike,2021-04-06 18:24:15,2021-04-06 18:27:22,Central Park W & W 97 St,7538,Central Park W & W 97 St,7538,40.792495,-73.96417,40.79249519495111,-73.96417066463071,member
1368654,D9072E683AE77945,docked_bike,2021-04-02 06:53:39,2021-04-02 06:54:43,Central Park W & W 97 St,7538,Central Park W & W 97 St,7538,40.792495,-73.96417,40.79249519495111,-73.96417066463071,member
1368657,BC8DE2F2B3334D84,docked_bike,2021-04-02 13:09:53,2021-04-02 13:10:37,Central Park W & W 97 St,7538,Central Park W & W 97 St,7538,40.792495,-73.96417,40.79249519495111,-73.96417066463071,member
1368671,55240BC20E6853E3,docked_bike,2021-04-28 07:47:54,2021-04-28 07:48:39,Central Park W & W 97 St,7538,Central Park W & W 97 St,7538,40.792495,-73.96417,40.79249519495111,-73.96417066463071,member
1368672,950C7BDF2C1D1608,docked_bike,2021-04-24 12:19:28,2021-04-24 13:04:45,Central Park W & W 97 St,7538,Central Park W & W 97 St,7538,40.792495,-73.96417,40.79249519495111,-73.96417066463071,casual
1368677,67250ED1AD6F3150,docked_bike,2021-04-20 18:11:31,2021-04-20 18:12:05,Central Park W & W 97 St,7538,Central Park W & W 97 St,7538,40.792495,-73.96417,40.79249519495111,-73.96417066463071,member
1368690,8E3875B89B0F8EBA,docked_bike,2021-04-30 09:20:17,2021-04-30 09:35:00,Central Park W & W 97 St,7538,Central Park W & W 97 St,7538,40.792495,-73.96417,40.79249519495111,-73.96417066463071,casual
1368691,B095018A5ACCA252,docked_bike,2021-04-23 17:30:30,2021-04-23 17:30:42,Central Park W & W 97 St,7538,Central Park W & W 97 St,7538,40.792495,-73.964171,40.792495,-73.964171,member
1368695,7F5DEF4D2CFD0F1A,docked_bike,2021-04-03 11:43:53,2021-04-03 11:44:14,Central Park W & W 97 St,7538,Central Park W & W 97 St,7538,40.792495,-73.96417,40.79249519495111,-73.96417066463071,member
1368704,77DA643C8335ED30,docked_bike,2021-04-06 11:28:51,2021-04-06 11:59:59,Central Park W & W 97 St,7538,Central Park W & W 97 St,7538,40.792495,-73.96417,40.79249519495111,-73.96417066463071,member
1368711,320B3092BF21DB03,docked_bike,2021-04-27 18:04:11,2021-04-27 18:46:05,Central Park W & W 97 St,7538,Central Park W & W 97 St,7538,40.792495,-73.96417,40.79249519495111,-73.96417066463071,member
1368716,4B6F655588370781,docked_bike,2021-04-28 14:16:44,2021-04-28 15:32:04,8 Ave & W 38 St,6526,Central Park W & W 97 St,7538,40.75461,-73.99177,40.79249519495111,-73.96417066463071,casual
1368717,7726E226B172CCB6,docked_bike,2021-04-21 16:52:40,2021-04-21 17:18:26,8 Ave & W 38 St,6526,Central Park W & W 97 St,7538,40.75461,-73.99177,40.79249519495111,-73.96417066463071,member
1368725,B99A1D8CF19752B8,docked_bike,2021-04-14 10:57:13,2021-04-14 11:32:26,Central Park W & W 97 St,7538,Central Park W & W 97 St,7538,40.792495,-73.96417,40.79249519495111,-73.96417066463071,member
1368733,2525DE34822BBEAF,docked_bike,2021-04-05 17:55:24,2021-04-05 18:50:35,Central Park W & W 97 St,7538,Central Park W & W 97 St,7538,40.792495,-73.96417,40.79249519495111,-73.96417066463071,casual
1368741,D0174E80093B30E6,docked_bike,2021-04-03 16:55:27,2021-04-03 17:22:01,Central Park W & W 97 St,7538,8 Ave & W 38 St,6526,40.792495,-73.964171,40.75461,-73.99177,casual
1368743,1C769289C8C43142,docked_bike,2021-04-14 21:41:52,2021-04-14 21:51:45,Central Park W & W 97 St,7538,Central Park W & W 97 St,7538,40.792495,-73.96417,40.79249519495111,-73.96417066463071,casual
1368755,5BA26E8CFF2710F3,docked_bike,2021-04-14 22:44:53,2021-04-14 22:44:51,Central Park W & W 97 St,7538,Central Park W & W 97 St,7538,40.792495,-73.96417,40.79249519495111,-73.96417066463071,casual
1368766,7B184FCAC8CDE24E,docked_bike,2021-04-27 15:18:25,2021-04-27 15:19:44,Central Park W & W 97 St,7538,Central Park W & W 97 St,7538,40.792495,-73.96417,40.79249519495111,-73.96417066463071,casual
1368769,BC8FC1D7C77E0FF7,docked_bike,2021-04-26 18:11:37,2021-04-26 18:39:06,Central Park W & W 97 St,7538,Central Park W & W 97 St,7538,40.792495,-73.96417,40.79249519495111,-73.96417066463071,casual
1368773,5BC5CE39DC8D7BFA,docked_bike,2021-04-14 10:48:13,2021-04-14 10:49:29,Central Park W & W 97 St,7538,Central Park W & W 97 St,7538,40.792495,-73.96417,40.79249519495111,-73.96417066463071,member
1368774,3B687A94FF07EDE8,docked_bike,2021-04-26 19:09:30,2021-04-26 19:10:08,Central Park W & W 97 St,7538,Central Park W & W 97 St,7538,40.792495,-73.96417,40.79249519495111,-73.96417066463071,casual
1368782,18F3E54A54508951,docked_bike,2021-04-16 15:24:46,2021-04-16 15:58:04,Central Park W & W 97 St,7538,Central Park W & W 97 St,7538,40.792495,-73.96417,40.79249519495111,-73.96417066463071,member
1368796,3AB9919D317C8A61,docked_bike,2021-04-10 16:25:50,2021-04-10 16:39:19,Madison Ave & E 82 St,7188,Central Park W & W 97 St,7538,40.778131,-73.960693,40.79249519495111,-73.96417066463071,member
1368806,D4D5ADAFB65EB1B4,docked_bike,2021-04-04 14:04:36,2021-04-04 14:18:04,Madison Ave & E 82 St,7188,Central Park W & W 97 St,7538,40.778131,-73.960693,40.79249519495111,-73.96417066463071,member
1368813,9C355CE1C6D4582D,docked_bike,2021-04-13 14:25:36,2021-04-13 15:25:59,E 95 St & 3 Ave,7365,Central Park W & W 97 St,7538,40.784903,-73.950503,40.79249519495111,-73.96417066463071,casual
1368825,49E34C43598F9256,docked_bike,2021-04-23 17:02:50,2021-04-23 17:03:22,Central Park W & W 97 St,7538,Central Park W & W 97 St,7538,40.792495,-73.96417,40.79249519495111,-73.96417066463071,casual
1368826,1F23C647093A100E,docked_bike,2021-04-30 15:25:03,2021-04-30 15:49:29,Central Park W & W 97 St,7538,Central Park W & W 97 St,7538,40.792495,-73.96417,40.79249519495111,-73.96417066463071,casual
1368832,B4082C09C3925C3D,docked_bike,2021-04-07 13:03:50,2021-04-07 13:09:15,Central Park W & W 97 St,7538,Central Park W & W 97 St,7538,40.792495,-73.96417,40.79249519495111,-73.96417066463071,casual
1368855,279A2809D756F20B,docked_bike,2021-04-25 17:10:08,2021-04-25 17:17:04,Central Park W & W 97 St,7538,Central Park W & W 97 St,7538,40.792495,-73.96417,40.79249519495111,-73.96417066463071,member
1368860,A714EB6E467E701F,docked_bike,2021-04-24 16:25:48,2021-04-24 16:26:04,Central Park W & W 97 St,7538,Central Park W & W 97 St,7538,40.792495,-73.96417,40.79249519495111,-73.96417066463071,casual
1368863,E0FE48B5BA1BDF41,docked_bike,2021-04-14 22:44:49,2021-04-14 22:44:35,Central Park W & W 97 St,7538,Central Park W & W 97 St,7538,40.792495,-73.96417,40.79249519495111,-73.96417066463071,casual
1368866,76638C46C68FADFB,docked_bike,2021-04-04 15:09:53,2021-04-04 15:11:36,Central Park W & W 97 St,7538,Central Park W & W 97 St,7538,40.792495,-73.96417,40.79249519495111,-73.96417066463071,member
1368871,44FBB8BB34D1114E,docked_bike,2021-04-14 21:43:03,2021-04-14 21:45:38,Central Park W & W 97 St,7538,Central Park W & W 97 St,7538,40.792495,-73.96417,40.79249519495111,-73.96417066463071,casual
1368880,B84D943544FC08F3,docked_bike,2021-04-09 20:51:23,2021-04-09 20:52:35,Central Park W & W 97 St,7538,Central Park W & W 97 St,7538,40.792495,-73.96417,40.79249519495111,-73.96417066463071,member
1368881,808DD7C4153B2B68,docked_bike,2021-04-18 19:30:18,2021-04-18 20:00:57,Central Park W & W 97 St,7538,Central Park W & W 97 St,7538,40.792495,-73.96417,40.79249519495111,-73.96417066463071,casual
1368883,DF65E49F6A8E8783,docked_bike,2021-04-16 10:55:27,2021-04-16 10:55:54,Central Park W & W 97 St,7538,Central Park W & W 97 St,7538,40.792495,-73.96417,40.79249519495111,-73.96417066463071,member
1368898,9B9E8E10AB8DB99D,docked_bike,2021-04-14 10:44:21,2021-04-14 10:49:45,Central Park W & W 97 St,7538,Central Park W & W 97 St,7538,40.792495,-73.96417,40.79249519495111,-73.96417066463071,member
1368899,DBE2F6E86C9066A6,docked_bike,2021-04-21 16:20:47,2021-04-21 16:56:43,Central Park W & W 97 St,7538,Central Park W & W 97 St,7538,40.792495,-73.964171,40.792495,-73.964171,member
1368901,32D78218765E86EA,docked_bike,2021-04-21 11:15:28,2021-04-21 11:23:18,Central Park W & W 97 St,7538,Central Park W & W 97 St,7538,40.792495,-73.96417,40.79249519495111,-73.96417066463071,casual
1368905,3C69ED0C3BE1877A,docked_bike,2021-04-11 13:05:54,2021-04-11 13:21:52,Central Park W & W 97 St,7538,Central Park W & W 97 St,7538,40.792495,-73.96417,40.79249519495111,-73.96417066463071,casual
1368911,10E51F163122E8E8,docked_bike,2021-04-01 20:00:13,2021-04-01 20:00:29,Central Park W & W 97 St,7538,Central Park W & W 97 St,7538,40.792495,-73.96417,40.79249519495111,-73.96417066463071,member
1368915,725FE04F472AB799,docked_bike,2021-04-19 17:30:17,2021-04-19 17:31:05,Central Park W & W 97 St,7538,Central Park W & W 97 St,7538,40.792495,-73.96417,40.79249519495111,-73.96417066463071,member
1368916,9BCE593F97B52256,docked_bike,2021-04-28 12:52:08,2021-04-28 12:53:37,Central Park W & W 97 St,7538,Central Park W & W 97 St,7538,40.792495,-73.96417,40.79249519495111,-73.96417066463071,member
1368924,F4DA6DE168432CFD,docked_bike,2021-04-18 15:19:30,2021-04-18 16:19:27,Central Park W & W 97 St,7538,Central Park W & W 97 St,7538,40.792495,-73.96417,40.79249519495111,-73.96417066463071,casual
1368929,40CF06AA7CF6FD50,docked_bike,2021-04-09 10:45:08,2021-04-09 11:08:30,Central Park W & W 97 St,7538,2 Ave & E 31 St,6197,40.792495,-73.96417,40.74290902,-73.97706058,casual
1368934,373310DD3DA461FA,docked_bike,2021-04-25 19:09:32,2021-04-25 19:37:16,Central Park W & W 97 St,7538,Central Park W & W 97 St,7538,40.792495,-73.96417,40.79249519495111,-73.96417066463071,member
1368935,EB0995B7C105A07D,docked_bike,2021-04-19 12:42:15,2021-04-19 13:23:29,Central Park W & W 97 St,7538,Central Park W & W 97 St,7538,40.792495,-73.96417,40.79249519495111,-73.96417066463071,member
1368938,FFCCE75F0CD63210,docked_bike,2021-04-16 12:03:41,2021-04-16 12:04:11,Central Park W & W 97 St,7538,Central Park W & W 97 St,7538,40.792495,-73.96417,40.79249519495111,-73.96417066463071,casual
1368939,3A022FF9F9E018BC,docked_bike,2021-04-01 16:18:10,2021-04-01 16:32:59,2 Ave & E 125 St,7648,Central Park W & W 97 St,7538,40.802554,-73.933509,40.79249519495111,-73.96417066463071,member
1368940,1772D97F85601726,docked_bike,2021-04-25 16:16:00,2021-04-25 16:52:56,Central Park W & W 97 St,7538,Central Park W & W 97 St,7538,40.792495,-73.96417,40.79249519495111,-73.96417066463071,member
1368943,8F109F12AF55F794,docked_bike,2021-04-08 19:26:23,2021-04-08 19:51:14,Central Park W & W 97 St,7538,Central Park W & W 97 St,7538,40.792495,-73.96417,40.79249519495111,-73.96417066463071,member
1368944,3E9D1945F365F934,docked_bike,2021-04-25 17:43:43,2021-04-25 18:13:04,Central Park W & W 97 St,7538,Central Park W & W 97 St,7538,40.792495,-73.96417,40.79249519495111,-73.96417066463071,member
1368945,D737E0B490C113C1,docked_bike,2021-04-18 12:49:15,2021-04-18 13:35:04,Central Park W & W 97 St,7538,Central Park W & W 97 St,7538,40.792495,-73.96417,40.79249519495111,-73.96417066463071,member
1368946,468C4FEE7936D9A9,docked_bike,2021-04-27 13:48:57,2021-04-27 13:51:10,Central Park W & W 97 St,7538,Central Park W & W 97 St,7538,40.792495,-73.96417,40.79249519495111,-73.96417066463071,casual
1368948,5D0AAB8D6014C227,docked_bike,2021-04-03 13:01:12,2021-04-03 13:22:33,Central Park W & W 97 St,7538,Central Park W & W 97 St,7538,40.792495,-73.964171,40.792495,-73.964171,casual
1368950,858B2AAD0DF38B26,docked_bike,2021-04-17 11:25:47,2021-04-17 11:26:47,Central Park W & W 97 St,7538,Central Park W & W 97 St,7538,40.792495,-73.96417,40.79249519495111,-73.96417066463071,member
1368952,017E241B0C07939C,docked_bike,2021-04-18 11:14:12,2021-04-18 11:14:31,Central Park W & W 97 St,7538,Central Park W & W 97 St,7538,40.792495,-73.964171,40.792495,-73.964171,casual
1368953,E9030DA70DCB62CE,docked_bike,2021-04-25 12:45:51,2021-04-25 12:46:47,Central Park W & W 97 St,7538,Central Park W & W 97 St,7538,40.792495,-73.96417,40.79249519495111,-73.96417066463071,member
1368956,A1D9666ECE9B49FF,docked_bike,2021-04-07 16:43:39,2021-04-07 16:44:06,W 78 St & Amsterdam Ave,7311,Central Park W & W 97 St,7538,40.782535,-73.979085,40.79249519495111,-73.96417066463071,member
1368961,5CE5BCBF35DEC159,docked_bike,2021-04-02 15:05:39,2021-04-02 15:20:10,W 78 St & Amsterdam Ave,7311,Central Park W & W 97 St,7538,40.782535,-73.979085,40.79249519495111,-73.96417066463071,member
1368962,C9062833D9CE186A,docked_bike,2021-04-08 17:04:03,2021-04-08 17:15:31,W 78 St & Amsterdam Ave,7311,Central Park W & W 97 St,7538,40.782535,-73.979085,40.79249519495111,-73.96417066463071,member
1368969,18A299BDB91DEB46,docked_bike,2021-04-24 12:23:39,2021-04-24 12:41:39,Central Park W & W 97 St,7538,Central Park W & W 97 St,7538,40.792495,-73.96417,40.79249519495111,-73.96417066463071,member
1368971,4003A292BEBC22AA,docked_bike,2021-04-30 19:52:25,2021-04-30 20:21:01,Central Park W & W 97 St,7538,Central Park W & W 97 St,7538,40.792495,-73.96417,40.79249519495111,-73.96417066463071,member
1368974,8199CB88DBC36A88,docked_bike,2021-04-28 15:01:21,2021-04-28 15:02:18,Central Park W & W 97 St,7538,Central Park W & W 97 St,7538,40.792495,-73.96417,40.79249519495111,-73.96417066463071,member
1368993,B9EA8EFA589C062F,docked_bike,2021-04-27 14:42:21,2021-04-27 14:42:43,Central Park W & W 97 St,7538,Central Park W & W 97 St,7538,40.792495,-73.96417,40.79249519495111,-73.96417066463071,member
1368998,2D91F019DF0859BA,docked_bike,2021-04-05 17:26:40,2021-04-05 17:53:24,Central Park W & W 97 St,7538,Fort Washington Ave & W 183 St,8399,40.792495,-73.96417,40.852252,-73.937854,member
1369002,A4587EBE30259E3C,docked_bike,2021-04-13 17:44:04,2021-04-13 19:18:37,Center Blvd & 48 Ave,6254,Central Park W & W 97 St,7538,40.745038,-73.957539,40.79249519495111,-73.96417066463071,casual
1369019,482EB52E043EBDD6,docked_bike,2021-04-24 16:30:42,2021-04-24 17:17:06,Central Park W & W 97 St,7538,Central Park W & W 97 St,7538,40.792495,-73.96417,40.79249519495111,-73.96417066463071,member
1369025,C0443FF33E56230A,docked_bike,2021-04-05 17:32:34,2021-04-05 17:32:44,Central Park W & W 97 St,7538,Central Park W & W 97 St,7538,40.792495,-73.964171,40.792495,-73.964171,member
1369031,4DA18AF91CC920ED,docked_bike,2021-04-16 11:50:01,2021-04-16 11:51:24,Central Park W & W 97 St,7538,Central Park W & W 97 St,7538,40.792495,-73.96417,40.79249519495111,-73.96417066463071,casual
1369032,E6697CFD519049E6,docked_bike,2021-04-03 22:09:37,2021-04-03 22:38:24,Central Park W & W 97 St,7538,Central Park W & W 97 St,7538,40.792495,-73.96417,40.79249519495111,-73.96417066463071,casual
1369037,0555DB274FFB7C07,docked_bike,2021-04-18 12:49:53,2021-04-18 13:36:09,Central Park W & W 97 St,7538,Central Park W & W 97 St,7538,40.792495,-73.96417,40.79249519495111,-73.96417066463071,casual
1369043,D7435FCE1F312F47,docked_bike,2021-04-10 18:07:24,2021-04-10 18:08:34,Central Park W & W 97 St,7538,Central Park W & W 97 St,7538,40.792495,-73.96417,40.79249519495111,-73.96417066463071,casual
1369044,06C1FA757E14B2C6,docked_bike,2021-04-09 07:39:46,2021-04-09 08:19:57,Central Park W & W 97 St,7538,Central Park W & W 97 St,7538,40.792495,-73.96417,40.79249519495111,-73.96417066463071,member
1369045,CCE72F187678EC52,docked_bike,2021-04-23 19:08:13,2021-04-23 19:42:39,Central Park W & W 97 St,7538,Central Park W & W 97 St,7538,40.792495,-73.96417,40.79249519495111,-73.96417066463071,member
1369049,36E06D0980954425,docked_bike,2021-04-21 14:17:22,2021-04-21 14:17:40,Central Park W & W 97 St,7538,Central Park W & W 97 St,7538,40.792495,-73.96417,40.79249519495111,-73.96417066463071,member
1369053,1A360B6ADD6B9F5E,docked_bike,2021-04-08 13:02:15,2021-04-08 13:02:45,Central Park W & W 97 St,7538,Central Park W & W 97 St,7538,40.792495,-73.96417,40.79249519495111,-73.96417066463071,member
1369059,970B7234D5596264,docked_bike,2021-04-03 16:14:56,2021-04-03 17:02:43,Central Park W & W 97 St,7538,Central Park W & W 97 St,7538,40.792495,-73.96417,40.79249519495111,-73.96417066463071,casual
1369060,1A1F5883E16D5BFB,docked_bike,2021-04-14 12:20:21,2021-04-14 12:43:01,Central Park W & W 97 St,7538,8 Ave & W 38 St,6526,40.792495,-73.96417,40.75461,-73.99177,member
1369080,CAA241D89D76E612,docked_bike,2021-04-28 14:10:16,2021-04-28 14:29:44,E 51 St & Lexington Ave,6659,Central Park W & W 97 St,7538,40.757147,-73.972078,40.79249519495111,-73.96417066463071,member
1369104,5915D6C807C7F4C7,docked_bike,2021-04-16 12:38:55,2021-04-16 13:01:21,Central Park W & W 97 St,7538,Central Park W & W 97 St,7538,40.792495,-73.96417,40.79249519495111,-73.96417066463071,casual
1369108,3F9E0AA531961157,docked_bike,2021-04-04 16:15:54,2021-04-04 16:54:27,Central Park W & W 97 St,7538,Central Park W & W 97 St,7538,40.792495,-73.96417,40.79249519495111,-73.96417066463071,casual
1369118,BA1E899B3F78F021,docked_bike,2021-04-03 11:42:28,2021-04-03 11:42:59,Central Park W & W 97 St,7538,Central Park W & W 97 St,7538,40.792495,-73.96417,40.79249519495111,-73.96417066463071,member
1369124,CCED1589BB63C1D1,docked_bike,2021-04-25 15:52:38,2021-04-25 16:46:17,Central Park W & W 97 St,7538,Central Park W & W 97 St,7538,40.792495,-73.96417,40.79249519495111,-73.96417066463071,member
1369125,1F66261662A0E57F,docked_bike,2021-04-25 19:47:16,2021-04-25 20:09:24,8 Ave & W 38 St,6526,Central Park W & W 97 St,7538,40.75461,-73.99177,40.79249519495111,-73.96417066463071,casual
1369129,A16424BFA0B677E3,docked_bike,2021-04-08 11:18:17,2021-04-08 11:19:20,Central Park W & W 97 St,7538,Central Park W & W 97 St,7538,40.792495,-73.96417,40.79249519495111,-73.96417066463071,member
1369142,386D0B1798BD1B68,docked_bike,2021-04-27 17:35:42,2021-04-27 17:36:14,Central Park W & W 97 St,7538,Central Park W & W 97 St,7538,40.792495,-73.96417,40.79249519495111,-73.96417066463071,member
1369146,EA8958D913A47630,docked_bike,2021-04-18 11:23:48,2021-04-18 11:24:33,Central Park W & W 97 St,7538,Central Park W & W 97 St,7538,40.792495,-73.96417,40.79249519495111,-73.96417066463071,member
1369156,0371C8FCED88AC66,docked_bike,2021-04-18 11:05:23,2021-04-18 11:11:19,Central Park W & W 97 St,7538,Central Park W & W 97 St,7538,40.792495,-73.96417,40.79249519495111,-73.96417066463071,member
1369165,D003771FE21EE5E3,docked_bike,2021-04-09 15:42:44,2021-04-09 16:04:23,Central Park W & W 97 St,7538,2 Ave & E 125 St,7648,40.792495,-73.96417,40.802554,-73.933509,member
1369176,707FD97F97108D58,docked_bike,2021-04-08 16:21:40,2021-04-08 16:48:37,Central Park W & W 97 St,7538,Central Park W & W 97 St,7538,40.792495,-73.96417,40.79249519495111,-73.96417066463071,casual
1369180,E210BDDC2A3D52EC,docked_bike,2021-04-04 15:39:34,2021-04-04 16:27:56,Central Park W & W 97 St,7538,Central Park W & W 97 St,7538,40.792495,-73.96417,40.79249519495111,-73.96417066463071,casual
1369182,A494C55D537A8240,docked_bike,2021-04-23 16:58:38,2021-04-23 16:59:54,Central Park W & W 97 St,7538,Central Park W & W 97 St,7538,40.792495,-73.96417,40.79249519495111,-73.96417066463071,casual
1369189,00F08CC181C87CFF,docked_bike,2021-04-10 09:30:32,2021-04-10 10:12:25,Central Park W & W 97 St,7538,Central Park W & W 97 St,7538,40.792495,-73.964171,40.792495,-73.964171,member
1369194,E93BCFD6E70ED541,docked_bike,2021-04-30 16:13:17,2021-04-30 16:14:51,Central Park W & W 97 St,7538,Central Park W & W 97 St,7538,40.792495,-73.96417,40.79249519495111,-73.96417066463071,member
1369211,EDDF591D80B623B6,docked_bike,2021-04-16 08:27:49,2021-04-16 08:42:04,Central Park W & W 97 St,7538,2 Ave & E 125 St,7648,40.792495,-73.96417,40.802554,-73.933509,casual
1369227,861B3C9797628068,docked_bike,2021-04-20 14:14:55,2021-04-20 14:35:02,Edgecombe Ave & W 141 St,7915,Central Park W & W 97 St,7538,40.820681,-73.945144,40.79249519495111,-73.96417066463071,member
1369229,B01A35B7A18009B0,docked_bike,2021-04-16 14:08:21,2021-04-16 14:27:42,Edgecombe Ave & W 141 St,7915,Central Park W & W 97 St,7538,40.820681,-73.945144,40.79249519495111,-73.96417066463071,member
1369234,704EE4365B072580,docked_bike,2021-04-09 19:48:08,2021-04-09 20:18:55,E 51 St & Lexington Ave,6659,Central Park W & W 97 St,7538,40.757147,-73.972078,40.79249519495111,-73.96417066463071,member
1369245,D380B5AAD8A9813B,docked_bike,2021-04-20 16:14:32,2021-04-20 16:30:21,Edgecombe Ave & W 141 St,7915,Central Park W & W 97 St,7538,40.820681,-73.945144,40.79249519495111,-73.96417066463071,member
1369248,15599528EC96841C,docked_bike,2021-04-04 17:45:25,2021-04-04 18:26:18,E 11 St & 1 Ave,5746,Central Park W & W 97 St,7538,40.729538,-73.984267,40.792495,-73.964171,member
1369255,9D5917639F63D110,docked_bike,2021-04-13 20:53:43,2021-04-13 21:27:19,Broadway & Battery Pl,4962,Central Park W & W 97 St,7538,40.704633,-74.013617,40.79249519495111,-73.96417066463071,member
1369256,08E9E28A02D6C6B1,docked_bike,2021-04-01 19:49:28,2021-04-01 20:10:29,E 51 St & Lexington Ave,6659,Central Park W & W 97 St,7538,40.757147,-73.972078,40.79249519495111,-73.96417066463071,member
1369257,700C479831F91DFE,docked_bike,2021-04-05 19:58:07,2021-04-05 20:24:02,E 51 St & Lexington Ave,6659,Central Park W & W 97 St,7538,40.757147,-73.972078,40.79249519495111,-73.96417066463071,member
1369272,E918131535E64570,docked_bike,2021-04-14 15:51:09,2021-04-14 16:03:22,Edgecombe Ave & W 141 St,7915,Central Park W & W 97 St,7538,40.820681,-73.945144,40.79249519495111,-73.96417066463071,member
1369273,F36EACFCF8379177,docked_bike,2021-04-08 16:17:27,2021-04-08 16:33:32,Edgecombe Ave & W 141 St,7915,Central Park W & W 97 St,7538,40.820681,-73.945144,40.79249519495111,-73.96417066463071,member
1369310,DCFCB2B4E55CD829,docked_bike,2021-04-05 15:51:12,2021-04-05 16:08:46,Edgecombe Ave & W 141 St,7915,Central Park W & W 97 St,7538,40.820681,-73.945144,40.79249519495111,-73.96417066463071,member
1369311,AF28CE558FDFC494,docked_bike,2021-04-13 15:48:32,2021-04-13 16:03:11,Edgecombe Ave & W 141 St,7915,Central Park W & W 97 St,7538,40.820681,-73.945144,40.79249519495111,-73.96417066463071,member
1369314,708E6B84725040D5,docked_bike,2021-04-14 14:45:57,2021-04-14 15:15:18,E 50 St & Park Ave,6659,Central Park W & W 97 St,7538,40.757334,-73.974235,40.79249519495111,-73.96417066463071,member
1369315,C05973B16F3FD1E0,docked_bike,2021-04-30 06:43:40,2021-04-30 07:07:45,E 76 St & Park Ave,7128,Central Park W & W 97 St,7538,40.773763,-73.96222,40.79249519495111,-73.96417066463071,casual
1369346,F0A0877EEEEBDA84,docked_bike,2021-04-10 18:27:32,2021-04-10 18:48:07,E 72 St & Park Ave,6998,Central Park W & W 97 St,7538,40.771182,-73.964094,40.79249519495111,-73.96417066463071,casual
1369359,137970F6969918FB,docked_bike,2021-04-14 17:23:33,2021-04-14 17:36:01,E 72 St & Park Ave,6998,Central Park W & W 97 St,7538,40.771182,-73.964094,40.79249519495111,-73.96417066463071,member
1369401,1C22B0B2DD2A8ADA,docked_bike,2021-04-24 23:56:05,2021-04-25 00:06:25,E 88 St & 1 Ave,7235,Central Park W & W 97 St,7538,40.778301,-73.948813,40.79249519495111,-73.96417066463071,casual
1369417,F8535D47402B4697,docked_bike,2021-04-09 13:22:41,2021-04-09 13:39:18,E 72 St & Park Ave,6998,Central Park W & W 97 St,7538,40.771182,-73.964094,40.79249519495111,-73.96417066463071,member
1369423,A149CF864546337E,docked_bike,2021-04-18 10:44:04,2021-04-18 10:56:02,E 72 St & Park Ave,6998,Central Park W & W 97 St,7538,40.771182,-73.964094,40.79249519495111,-73.96417066463071,member
1369432,82673F90EE70003F,docked_bike,2021-04-13 15:05:58,2021-04-13 15:20:37,E 88 St & 1 Ave,7235,Central Park W & W 97 St,7538,40.778301,-73.948813,40.79249519495111,-73.96417066463071,member
1369434,9A6FA6308D0B7BF3,docked_bike,2021-04-05 17:22:20,2021-04-05 18:22:23,Front St & Washington St,4936,Central Park W & W 97 St,7538,40.70255,-73.989402,40.79249519495111,-73.96417066463071,member
1369443,F233ADA7D23EA88E,docked_bike,2021-04-22 10:47:00,2021-04-22 11:01:44,E 88 St & 1 Ave,7235,Central Park W & W 97 St,7538,40.778301,-73.948813,40.79249519495111,-73.96417066463071,casual
1369491,8E9BE14A031AA352,docked_bike,2021-04-26 18:31:19,2021-04-26 18:55:29,W 27 St & 7 Ave,6247,Central Park W & W 97 St,7538,40.746647,-73.993915,40.79249519495111,-73.96417066463071,member
1369589,2491952EAFAD3412,docked_bike,2021-04-08 08:11:37,2021-04-08 08:45:51,W 27 St & 7 Ave,6247,Central Park W & W 97 St,7538,40.746647,-73.993915,40.79249519495111,-73.96417066463071,member
1369603,BF468B32AC68BC4B,docked_bike,2021-04-21 12:47:28,2021-04-21 13:12:32,E 88 St & 1 Ave,7235,Central Park W & W 97 St,7538,40.778301,-73.948813,40.79249519495111,-73.96417066463071,member
1369641,681B248F845B1BBB,docked_bike,2021-04-10 16:57:37,2021-04-10 17:26:50,W 27 St & 7 Ave,6247,Central Park W & W 97 St,7538,40.746647,-73.993915,40.79249519495111,-73.96417066463071,member
1369670,B0A5A4AAC4B677A6,docked_bike,2021-04-10 16:57:09,2021-04-10 17:26:54,W 27 St & 7 Ave,6247,Central Park W & W 97 St,7538,40.746647,-73.993915,40.79249519495111,-73.96417066463071,member
1369690,BABE6C92938CB512,docked_bike,2021-04-24 21:00:36,2021-04-24 21:48:19,Mott St & Prince St,5561,Central Park W & W 97 St,7538,40.723179,-73.9948,40.79249519495111,-73.96417066463071,member
1369699,441911AECF2555CF,docked_bike,2021-04-19 16:05:33,2021-04-19 16:26:35,6 Ave & W 34 St,6364,Central Park W & W 97 St,7538,40.74964,-73.98805,40.79249519495111,-73.96417066463071,member
1369705,7D39AEEEF5611867,docked_bike,2021-04-29 18:19:54,2021-04-29 18:37:14,E 51 St & Lexington Ave,6659,Central Park W & W 97 St,7538,40.757147,-73.972078,40.79249519495111,-73.96417066463071,casual
1369712,43A3C95105A1B8D8,docked_bike,2021-04-08 14:44:56,2021-04-08 15:09:04,E 50 St & Park Ave,6659,Central Park W & W 97 St,7538,40.757334,-73.974235,40.79249519495111,-73.96417066463071,member
1369730,2324C068B8A4C8ED,docked_bike,2021-04-18 14:36:55,2021-04-18 15:06:36,W 41 St & 8 Ave,6602,Central Park W & W 97 St,7538,40.756405,-73.990026,40.79249519495111,-73.96417066463071,member
1369733,8204BDD21E770BAD,docked_bike,2021-04-07 16:33:53,2021-04-07 16:57:06,W 41 St & 8 Ave,6602,Central Park W & W 97 St,7538,40.756405,-73.990026,40.792495,-73.964171,member
1369737,72790A7A0051B7D4,docked_bike,2021-04-24 14:40:56,2021-04-24 15:54:54,W 41 St & 8 Ave,6602,Central Park W & W 97 St,7538,40.756405,-73.990026,40.79249519495111,-73.96417066463071,casual
1369746,0CCE33AEC9AE5BA5,docked_bike,2021-04-17 11:06:27,2021-04-17 11:12:20,Riverside Dr & W 91 St,7524,Central Park W & W 97 St,7538,40.793134,-73.977003,40.79249519495111,-73.96417066463071,member
1369750,5B710313739C069E,docked_bike,2021-04-24 14:44:24,2021-04-24 15:54:40,W 41 St & 8 Ave,6602,Central Park W & W 97 St,7538,40.756405,-73.990026,40.79249519495111,-73.96417066463071,casual
1369754,EFA0FD5A8AF39AEE,docked_bike,2021-04-24 14:12:38,2021-04-24 14:20:01,Riverside Dr & W 91 St,7524,Central Park W & W 97 St,7538,40.793134,-73.977003,40.79249519495111,-73.96417066463071,member
1369755,E84075B3132D1FF9,docked_bike,2021-04-19 16:24:47,2021-04-19 16:49:34,W 41 St & 8 Ave,6602,Central Park W & W 97 St,7538,40.756405,-73.990026,40.79249519495111,-73.96417066463071,member
1369756,B46310A5FB966336,docked_bike,2021-04-19 16:25:01,2021-04-19 16:44:51,8 Ave & W 27 St,6297,Central Park W & W 97 St,7538,40.747968,-73.996637,40.79249519495111,-73.96417066463071,member
1369760,58FA2A120DCE3E92,docked_bike,2021-04-20 07:24:24,2021-04-20 07:31:32,Riverside Dr & W 91 St,7524,Central Park W & W 97 St,7538,40.793134,-73.977003,40.79249519495111,-73.96417066463071,member
1369761,3EA8F3DA0C43635D,docked_bike,2021-04-14 14:39:29,2021-04-14 14:48:16,Riverside Dr & W 91 St,7524,Central Park W & W 97 St,7538,40.793134,-73.977003,40.79249519495111,-73.96417066463071,member
1369763,F4E719563F7C6AD8,docked_bike,2021-04-24 09:34:32,2021-04-24 09:40:15,Riverside Dr & W 91 St,7524,Central Park W & W 97 St,7538,40.793134,-73.977003,40.79249519495111,-73.96417066463071,member
1369764,84BBAE16DC5B2695,docked_bike,2021-04-06 13:10:49,2021-04-06 13:35:48,W 41 St & 8 Ave,6602,Central Park W & W 97 St,7538,40.756405,-73.990026,40.79249519495111,-73.96417066463071,member
1369769,46BA15B4A51FB937,docked_bike,2021-04-20 23:53:01,2021-04-21 00:48:26,W 41 St & 8 Ave,6602,Central Park W & W 97 St,7538,40.756405,-73.990026,40.79249519495111,-73.96417066463071,casual
1369775,BA4F9A316555EAD7,docked_bike,2021-04-14 16:06:49,2021-04-14 16:30:00,W 41 St & 8 Ave,6602,Central Park W & W 97 St,7538,40.756405,-73.990026,40.79249519495111,-73.96417066463071,member
1369776,A7C505E481912604,docked_bike,2021-04-05 16:19:49,2021-04-05 16:43:31,W 41 St & 8 Ave,6602,Central Park W & W 97 St,7538,40.756405,-73.990026,40.79249519495111,-73.96417066463071,member
1369779,C3970703530C739D,docked_bike,2021-04-06 17:54:55,2021-04-06 18:30:07,W 41 St & 8 Ave,6602,Central Park W & W 97 St,7538,40.756405,-73.990026,40.79249519495111,-73.96417066463071,member
1369782,FA058316034FD038,docked_bike,2021-04-13 08:15:44,2021-04-13 08:30:35,Riverside Dr & W 91 St,7524,Central Park W & W 97 St,7538,40.793134,-73.977003,40.79249519495111,-73.96417066463071,casual
1369794,5C0D9B133327204C,docked_bike,2021-04-21 13:19:37,2021-04-21 13:24:29,Riverside Dr & W 91 St,7524,Central Park W & W 97 St,7538,40.793134,-73.977003,40.79249519495111,-73.96417066463071,member
1369796,AD5FDFE865E2FB23,docked_bike,2021-04-06 16:36:35,2021-04-06 17:00:24,W 41 St & 8 Ave,6602,Central Park W & W 97 St,7538,40.756405,-73.990026,40.79249519495111,-73.96417066463071,member
1369799,5CB5F783CA8D70B4,docked_bike,2021-04-18 14:37:23,2021-04-18 15:06:35,W 41 St & 8 Ave,6602,Central Park W & W 97 St,7538,40.756405,-73.990026,40.79249519495111,-73.96417066463071,member
1369806,C9942A441D0832B9,docked_bike,2021-04-05 20:13:29,2021-04-05 20:59:54,W 41 St & 8 Ave,6602,Central Park W & W 97 St,7538,40.756405,-73.990026,40.79249519495111,-73.96417066463071,casual
1369808,9A53D9ED29E1608A,docked_bike,2021-04-23 16:31:55,2021-04-23 16:59:29,W 41 St & 8 Ave,6602,Central Park W & W 97 St,7538,40.756405,-73.990026,40.79249519495111,-73.96417066463071,member
1369820,8EB136C4D2292802,docked_bike,2021-04-26 10:40:23,2021-04-26 10:49:38,Riverside Dr & W 91 St,7524,Central Park W & W 97 St,7538,40.793134,-73.977003,40.79249519495111,-73.96417066463071,member
1369825,A04AB1EC21BA0845,docked_bike,2021-04-27 07:30:14,2021-04-27 07:36:12,Riverside Dr & W 91 St,7524,Central Park W & W 97 St,7538,40.793134,-73.977003,40.79249519495111,-73.96417066463071,member
1369838,403A8A2A05C413ED,docked_bike,2021-04-13 17:28:06,2021-04-13 17:40:30,Edgecombe Ave & W 145 St,7976,Central Park W & W 97 St,7538,40.823498,-73.94386,40.79249519495111,-73.96417066463071,member
1369839,723925FE6B26734C,docked_bike,2021-04-21 12:29:22,2021-04-21 12:35:41,Riverside Dr & W 91 St,7524,Central Park W & W 97 St,7538,40.793134,-73.977003,40.79249519495111,-73.96417066463071,member
1369840,B57AF57F45BA3967,docked_bike,2021-04-26 16:44:36,2021-04-26 16:50:16,Riverside Dr & W 91 St,7524,Central Park W & W 97 St,7538,40.793134,-73.977003,40.79249519495111,-73.96417066463071,member
1369841,EE40CB2DDA9842F5,docked_bike,2021-04-19 18:24:44,2021-04-19 18:52:43,W 41 St & 8 Ave,6602,Central Park W & W 97 St,7538,40.756405,-73.990026,40.79249519495111,-73.96417066463071,member
1369842,01CE64ED2BBC3390,docked_bike,2021-04-18 14:14:28,2021-04-18 15:00:54,Riverside Dr & W 91 St,7524,Central Park W & W 97 St,7538,40.793134,-73.977003,40.79249519495111,-73.96417066463071,member
1369844,BF8B47472AB23E64,docked_bike,2021-04-30 00:06:38,2021-04-30 00:23:07,W 41 St & 8 Ave,6602,Central Park W & W 97 St,7538,40.756405,-73.990026,40.79249519495111,-73.96417066463071,casual
1369847,B883842F071DC3B6,docked_bike,2021-04-02 18:32:21,2021-04-02 18:55:25,W 41 St & 8 Ave,6602,Central Park W & W 97 St,7538,40.756405,-73.990026,40.79249519495111,-73.96417066463071,member
1369851,7EB593EA0F1D0AD3,docked_bike,2021-04-16 11:23:40,2021-04-16 11:46:36,7 Ave & Central Park South,6912,Central Park W & W 97 St,7538,40.76674,-73.979068,40.79249519495111,-73.96417066463071,casual
1369853,A636B35512B2E649,docked_bike,2021-04-29 17:23:29,2021-04-29 18:11:36,7 Ave & Central Park South,6912,Central Park W & W 97 St,7538,40.76674,-73.979068,40.79249519495111,-73.96417066463071,casual
1369856,CAB9A4CF28D6A417,docked_bike,2021-04-20 15:18:23,2021-04-20 15:33:03,7 Ave & Central Park South,6912,Central Park W & W 97 St,7538,40.76674,-73.979068,40.79249519495111,-73.96417066463071,member
1369858,43A81BB2EE6656A2,docked_bike,2021-04-06 15:50:27,2021-04-06 16:14:56,7 Ave & Central Park South,6912,Central Park W & W 97 St,7538,40.76674,-73.979068,40.79249519495111,-73.96417066463071,casual
1369861,C79F2565983679F0,docked_bike,2021-04-30 19:16:56,2021-04-30 20:23:46,7 Ave & Central Park South,6912,Central Park W & W 97 St,7538,40.76674,-73.979068,40.79249519495111,-73.96417066463071,casual
1369862,41BA3813D6C94164,docked_bike,2021-04-16 11:24:22,2021-04-16 11:46:31,7 Ave & Central Park South,6912,Central Park W & W 97 St,7538,40.76674,-73.979068,40.79249519495111,-73.96417066463071,casual
1369865,9646666092FDA6BD,docked_bike,2021-04-13 17:38:35,2021-04-13 17:59:03,7 Ave & Central Park South,6912,Central Park W & W 97 St,7538,40.76674,-73.979068,40.79249519495111,-73.96417066463071,member
1369868,5642FCC23B5D4F49,docked_bike,2021-04-16 11:23:59,2021-04-16 11:46:21,7 Ave & Central Park South,6912,Central Park W & W 97 St,7538,40.76674,-73.979068,40.79249519495111,-73.96417066463071,casual
1369886,20F1603A5D837136,docked_bike,2021-04-28 09:13:42,2021-04-28 09:46:43,E 6 St & Avenue B,5584,Central Park W & W 97 St,7538,40.724537,-73.981854,40.792495,-73.964171,casual
1369888,4D81702B4E58B7CB,docked_bike,2021-04-23 12:34:18,2021-04-23 12:35:55,W 100 St & Manhattan Ave,7538,Central Park W & W 97 St,7538,40.795,-73.9645,40.792495,-73.964171,member
1369890,E99A2B8E1F124249,docked_bike,2021-04-08 08:57:21,2021-04-08 08:59:53,W 100 St & Manhattan Ave,7538,Central Park W & W 97 St,7538,40.795,-73.9645,40.79249519495111,-73.96417066463071,member
1369891,1360AEE7B6C86E39,docked_bike,2021-04-17 04:54:38,2021-04-17 05:22:40,W 100 St & Manhattan Ave,7538,8 Ave & W 38 St,6526,40.795,-73.9645,40.75461,-73.99177,member
1369892,1BD35AD1DF9D9401,docked_bike,2021-04-06 15:22:31,2021-04-06 15:33:15,Lenox Ave & W 115 St,7627,Central Park W & W 97 St,7538,40.801193,-73.950073,40.79249519495111,-73.96417066463071,member
1369893,B15828EC2732A4E7,docked_bike,2021-04-05 12:08:30,2021-04-05 12:09:54,W 100 St & Manhattan Ave,7538,Central Park W & W 97 St,7538,40.795,-73.9645,40.79249519495111,-73.96417066463071,member
1369895,8510D6DF476855A9,docked_bike,2021-04-17 10:50:51,2021-04-17 11:14:43,W 100 St & Manhattan Ave,7538,2 Ave & E 31 St,6197,40.795,-73.9645,40.74290902,-73.97706058,casual
1369897,331BAFEB49C60CD8,docked_bike,2021-04-19 18:42:01,2021-04-19 18:44:17,W 100 St & Manhattan Ave,7538,Central Park W & W 97 St,7538,40.795,-73.9645,40.79249519495111,-73.96417066463071,member
1369900,15AD479DA5488336,docked_bike,2021-04-10 19:21:26,2021-04-10 19:26:51,W 100 St & Manhattan Ave,7538,Central Park W & W 97 St,7538,40.795,-73.9645,40.79249519495111,-73.96417066463071,member
1369902,7E7AC69429EC3944,docked_bike,2021-04-20 18:15:06,2021-04-20 18:35:41,Lenox Ave & W 115 St,7627,Central Park W & W 97 St,7538,40.801193,-73.950073,40.79249519495111,-73.96417066463071,casual
1369908,17508A4B24571997,docked_bike,2021-04-26 17:41:49,2021-04-26 18:33:34,W 100 St & Manhattan Ave,7538,Central Park W & W 97 St,7538,40.795,-73.9645,40.79249519495111,-73.96417066463071,member
1369924,00AEE31FA7EA6D95,docked_bike,2021-04-16 18:35:49,2021-04-16 18:57:09,W 41 St & 8 Ave,6602,Central Park W & W 97 St,7538,40.756405,-73.990026,40.79249519495111,-73.96417066463071,member
1369929,50C2AEE3926A2983,docked_bike,2021-04-06 18:24:30,2021-04-06 18:40:25,Edgecombe Ave & W 145 St,7976,Central Park W & W 97 St,7538,40.823498,-73.94386,40.79249519495111,-73.96417066463071,member
1369932,04B52C38148278F1,docked_bike,2021-04-24 08:53:53,2021-04-24 08:59:27,Frederick Douglass Blvd & W 115 St,7658,Central Park W & W 97 St,7538,40.803865,-73.95593,40.79249519495111,-73.96417066463071,casual
1369935,D25FB45BD8FD0F2F,docked_bike,2021-04-07 07:52:51,2021-04-07 08:04:35,E 89 St & York Ave,7204,Central Park W & W 97 St,7538,40.777945,-73.946041,40.79249519495111,-73.96417066463071,member
1369941,00C82A9427FC699D,docked_bike,2021-04-24 10:35:28,2021-04-24 10:50:46,E 89 St & York Ave,7204,Central Park W & W 97 St,7538,40.777945,-73.946041,40.79249519495111,-73.96417066463071,casual
1369945,9075B81C5653951A,docked_bike,2021-04-27 18:38:22,2021-04-27 18:44:22,Frederick Douglass Blvd & W 115 St,7658,Central Park W & W 97 St,7538,40.803865,-73.95593,40.79249519495111,-73.96417066463071,casual
1369946,7E0C3CA2984574A1,docked_bike,2021-04-26 17:48:50,2021-04-26 17:55:16,Frederick Douglass Blvd & W 115 St,7658,Central Park W & W 97 St,7538,40.803865,-73.95593,40.79249519495111,-73.96417066463071,casual
1369947,552EEF3252FDE15C,docked_bike,2021-04-24 09:56:00,2021-04-24 10:03:19,Frederick Douglass Blvd & W 115 St,7658,Central Park W & W 97 St,7538,40.803865,-73.95593,40.79249519495111,-73.96417066463071,casual
1369955,FADF9E9E62F14E17,docked_bike,2021-04-22 14:44:40,2021-04-22 15:07:55,W 41 St & 8 Ave,6602,Central Park W & W 97 St,7538,40.756405,-73.990026,40.79249519495111,-73.96417066463071,member
1369963,ED7CABE2DE610DCC,docked_bike,2021-04-07 16:32:22,2021-04-07 16:57:08,W 41 St & 8 Ave,6602,Central Park W & W 97 St,7538,40.756405,-73.990026,40.79249519495111,-73.96417066463071,member
1369964,AF156C00B1CC44E1,docked_bike,2021-04-17 20:18:37,2021-04-17 20:45:52,W 10 St & Washington St,5847,Central Park W & W 97 St,7538,40.733423,-74.008514,40.79249519495111,-73.96417066463071,member
1369966,D68BD07008C71AE7,docked_bike,2021-04-29 18:08:06,2021-04-29 18:27:39,Frederick Douglass Blvd & W 115 St,7658,Central Park W & W 97 St,7538,40.803865,-73.95593,40.79249519495111,-73.96417066463071,casual
1369972,CA84CA90ECE41FEE,docked_bike,2021-04-05 06:44:41,2021-04-05 06:51:04,Frederick Douglass Blvd & W 115 St,7658,Central Park W & W 97 St,7538,40.803865,-73.95593,40.79249519495111,-73.96417066463071,member
1369980,D9E09B5A6F5650DF,docked_bike,2021-04-10 12:34:17,2021-04-10 13:12:44,E 89 St & York Ave,7204,Central Park W & W 97 St,7538,40.777945,-73.946041,40.79249519495111,-73.96417066463071,casual
1369983,78F77FC13CF21B14,docked_bike,2021-04-18 14:18:51,2021-04-18 14:53:07,W 13 St & 5 Ave,5947,Central Park W & W 97 St,7538,40.735445,-73.99431,40.79249519495111,-73.96417066463071,member
1369985,94FDDB85B7E42137,docked_bike,2021-04-03 14:58:52,2021-04-03 15:05:45,Frederick Douglass Blvd & W 115 St,7658,Central Park W & W 97 St,7538,40.803865,-73.95593,40.79249519495111,-73.96417066463071,member
1369987,B494D686726DC24C,docked_bike,2021-04-19 06:42:15,2021-04-19 06:48:49,Frederick Douglass Blvd & W 115 St,7658,Central Park W & W 97 St,7538,40.803865,-73.95593,40.79249519495111,-73.96417066463071,member
1369993,C293B91999C9DEE0,docked_bike,2021-04-16 18:27:23,2021-04-16 18:43:02,E 89 St & York Ave,7204,Central Park W & W 97 St,7538,40.777945,-73.946041,40.79249519495111,-73.96417066463071,member
1370006,68851A4251995F64,docked_bike,2021-04-14 17:30:30,2021-04-14 17:38:09,Frederick Douglass Blvd & W 115 St,7658,Central Park W & W 97 St,7538,40.803865,-73.95593,40.79249519495111,-73.96417066463071,member
1370012,DC4D81C597827A91,docked_bike,2021-04-18 07:38:10,2021-04-18 07:44:28,Frederick Douglass Blvd & W 115 St,7658,Central Park W & W 97 St,7538,40.803865,-73.95593,40.79249519495111,-73.96417066463071,member
1370017,D3D2C5C6D2A233D5,docked_bike,2021-04-17 10:05:38,2021-04-17 10:10:38,Frederick Douglass Blvd & W 115 St,7658,Central Park W & W 97 St,7538,40.803865,-73.95593,40.79249519495111,-73.96417066463071,member
1370018,24725DDA6905AECB,docked_bike,2021-04-11 10:06:49,2021-04-11 10:16:47,E 89 St & York Ave,7204,Central Park W & W 97 St,7538,40.777945,-73.946041,40.79249519495111,-73.96417066463071,member
1370019,2A4EDB3B37E8437C,docked_bike,2021-04-15 08:07:42,2021-04-15 08:20:12,E 89 St & York Ave,7204,Central Park W & W 97 St,7538,40.777945,-73.946041,40.79249519495111,-73.96417066463071,member
1370028,47CE895798FD4CC5,docked_bike,2021-04-22 11:34:52,2021-04-22 12:08:55,E 89 St & York Ave,7204,Central Park W & W 97 St,7538,40.777945,-73.946041,40.79249519495111,-73.96417066463071,member
1370029,BE3F7FC662105B2E,docked_bike,2021-04-23 18:19:24,2021-04-23 18:24:19,Frederick Douglass Blvd & W 115 St,7658,Central Park W & W 97 St,7538,40.803865,-73.95593,40.79249519495111,-73.96417066463071,member
1370044,542DEC6C16CD5A3B,docked_bike,2021-04-27 19:42:38,2021-04-27 19:48:38,Frederick Douglass Blvd & W 115 St,7658,Central Park W & W 97 St,7538,40.803865,-73.95593,40.79249519495111,-73.96417066463071,member
1370055,9EA029F47CDE1AB6,docked_bike,2021-04-04 16:43:49,2021-04-04 17:01:02,E 89 St & York Ave,7204,Central Park W & W 97 St,7538,40.777945,-73.946041,40.79249519495111,-73.96417066463071,member
1370057,1848B15905064DBF,docked_bike,2021-04-18 14:18:45,2021-04-18 14:53:13,W 13 St & 5 Ave,5947,Central Park W & W 97 St,7538,40.735445,-73.99431,40.79249519495111,-73.96417066463071,casual
1370058,EA080252A61B0814,docked_bike,2021-04-05 17:30:22,2021-04-05 17:47:24,E 89 St & York Ave,7204,Central Park W & W 97 St,7538,40.777945,-73.946041,40.79249519495111,-73.96417066463071,member
1370061,61CF9141A0F100DA,docked_bike,2021-04-17 10:59:49,2021-04-17 11:04:46,Frederick Douglass Blvd & W 115 St,7658,Central Park W & W 97 St,7538,40.803865,-73.95593,40.79249519495111,-73.96417066463071,member
1370063,024757D1EA8BFB86,docked_bike,2021-04-01 16:12:05,2021-04-01 16:22:50,E 89 St & York Ave,7204,Central Park W & W 97 St,7538,40.777945,-73.946041,40.79249519495111,-73.96417066463071,member
1370064,C7077417D84160A3,docked_bike,2021-04-13 15:36:13,2021-04-13 15:56:17,E 128 St & Madison Ave,7735,Central Park W & W 97 St,7538,40.80756,-73.939182,40.79249519495111,-73.96417066463071,member
1370072,739F4FB5730CEB59,docked_bike,2021-04-10 17:56:16,2021-04-10 18:47:57,E 128 St & Madison Ave,7735,Central Park W & W 97 St,7538,40.80756,-73.939182,40.79249519495111,-73.96417066463071,casual
1370075,8767A655E82B7153,docked_bike,2021-04-24 12:24:34,2021-04-24 12:32:03,Frederick Douglass Blvd & W 115 St,7658,Central Park W & W 97 St,7538,40.803865,-73.95593,40.79249519495111,-73.96417066463071,member
1370076,E7438D7360910A4F,docked_bike,2021-04-30 08:54:42,2021-04-30 09:00:38,Frederick Douglass Blvd & W 115 St,7658,Central Park W & W 97 St,7538,40.803865,-73.95593,40.79249519495111,-73.96417066463071,member
1370079,5F0B206B759FBF08,docked_bike,2021-04-26 06:46:54,2021-04-26 06:54:16,Frederick Douglass Blvd & W 115 St,7658,Central Park W & W 97 St,7538,40.803865,-73.95593,40.79249519495111,-73.96417066463071,member
1370083,4091F764D9922974,docked_bike,2021-04-10 12:34:25,2021-04-10 13:12:42,E 89 St & York Ave,7204,Central Park W & W 97 St,7538,40.777945,-73.946041,40.79249519495111,-73.96417066463071,casual
1370085,48A29AE02F63E0E8,docked_bike,2021-04-08 15:10:34,2021-04-08 15:22:45,E 89 St & York Ave,7204,Central Park W & W 97 St,7538,40.777945,-73.946041,40.79249519495111,-73.96417066463071,member
1370090,F31CB556B688232F,docked_bike,2021-04-25 17:29:40,2021-04-25 17:35:20,Frederick Douglass Blvd & W 115 St,7658,Central Park W & W 97 St,7538,40.803865,-73.95593,40.79249519495111,-73.96417066463071,casual
1370091,8CF891A7B70F48E6,docked_bike,2021-04-17 15:47:45,2021-04-17 15:56:14,Frederick Douglass Blvd & W 115 St,7658,Central Park W & W 97 St,7538,40.803865,-73.95593,40.79249519495111,-73.96417066463071,casual
1370101,2ABB2E0DB068AFD8,docked_bike,2021-04-18 11:35:49,2021-04-18 12:09:47,W 36 St & 7 Ave,6483,Central Park W & W 97 St,7538,40.752149,-73.989539,40.79249519495111,-73.96417066463071,member
1370105,F12900A54BFE96AB,docked_bike,2021-04-30 10:20:11,2021-04-30 10:47:21,2 Ave & E 29 St,6122,Central Park W & W 97 St,7538,40.741723,-73.978092,40.79249519495111,-73.96417066463071,member
1370116,F14C9493D1769E40,docked_bike,2021-04-07 08:35:55,2021-04-07 08:49:58,E 106 St & Lexington Ave,7504,Central Park W & W 97 St,7538,40.791976,-73.945993,40.79249519495111,-73.96417066463071,member
1370118,93F16BC511572659,docked_bike,2021-04-13 08:43:47,2021-04-13 08:54:57,E 106 St & Madison Ave,7528,Central Park W & W 97 St,7538,40.793433,-73.94945,40.79249519495111,-73.96417066463071,casual
1370126,11D90426F5068995,docked_bike,2021-04-06 17:00:42,2021-04-06 17:12:01,E 106 St & Madison Ave,7528,Central Park W & W 97 St,7538,40.793433,-73.94945,40.79249519495111,-73.96417066463071,member
1370128,149A96B34CFDDC84,docked_bike,2021-04-17 15:22:43,2021-04-17 15:42:28,E 89 St & York Ave,7204,Central Park W & W 97 St,7538,40.777945,-73.946041,40.79249519495111,-73.96417066463071,casual
1370131,1ACA7F0C6331C5A1,docked_bike,2021-04-24 08:37:41,2021-04-24 08:42:24,Frederick Douglass Blvd & W 115 St,7658,Central Park W & W 97 St,7538,40.803865,-73.95593,40.79249519495111,-73.96417066463071,member
1370133,3361F950F7B75910,docked_bike,2021-04-18 13:42:00,2021-04-18 14:27:15,Frederick Douglass Blvd & W 115 St,7658,Central Park W & W 97 St,7538,40.803865,-73.955931,40.792495,-73.964171,member
1370137,A6C6C1FE498188AC,docked_bike,2021-04-28 20:45:09,2021-04-28 21:17:15,W 64 St & Thelonious Monk Circle,7123,Central Park W & W 97 St,7538,40.775159,-73.989186,40.79249519495111,-73.96417066463071,member
1370154,C1EB521DE22D1DBE,docked_bike,2021-04-18 17:51:15,2021-04-18 17:59:38,E 106 St & Lexington Ave,7504,Central Park W & W 97 St,7538,40.791976,-73.945993,40.79249519495111,-73.96417066463071,casual
1370159,6F56EDB18EBF11CC,docked_bike,2021-04-30 17:07:53,2021-04-30 17:57:33,E 106 St & Madison Ave,7528,Central Park W & W 97 St,7538,40.793433,-73.94945,40.79249519495111,-73.96417066463071,member
1370160,621F713005B4AF39,docked_bike,2021-04-17 20:18:15,2021-04-17 20:30:28,W 64 St & Thelonious Monk Circle,7123,Central Park W & W 97 St,7538,40.775159,-73.989186,40.79249519495111,-73.96417066463071,casual
1370164,5518E7A1FF250835,docked_bike,2021-04-18 11:35:43,2021-04-18 12:10:12,W 36 St & 7 Ave,6483,Central Park W & W 97 St,7538,40.752149,-73.989539,40.79249519495111,-73.96417066463071,member
1370167,553F8DCCBA1B322F,docked_bike,2021-04-09 12:24:46,2021-04-09 12:42:46,W 64 St & Thelonious Monk Circle,7123,Central Park W & W 97 St,7538,40.775159,-73.989186,40.79249519495111,-73.96417066463071,casual
1370169,D848FEB2873E64EA,docked_bike,2021-04-04 15:14:05,2021-04-04 15:22:32,E 106 St & Madison Ave,7528,Central Park W & W 97 St,7538,40.793433,-73.94945,40.79249519495111,-73.96417066463071,casual
1370184,0A3D75DBACA5304B,docked_bike,2021-04-24 06:21:57,2021-04-24 06:25:21,W 100 St & Broadway,7580,Central Park W & W 97 St,7538,40.797372,-73.970411,40.79249519495111,-73.96417066463071,member
1370185,59BCEBFF82EB63AA,docked_bike,2021-04-02 05:32:27,2021-04-02 05:49:47,W 59 St & 10 Ave,7023,Central Park W & W 97 St,7538,40.770513,-73.988038,40.79249519495111,-73.96417066463071,casual
1370187,7E5A649FEEA1FB1C,docked_bike,2021-04-18 10:32:42,2021-04-18 10:54:12,Madison Av & E 51 St,6659,Central Park W & W 97 St,7538,40.75863,-73.97513,40.79249519495111,-73.96417066463071,casual
1370191,C53BF768B0B13645,docked_bike,2021-04-21 17:53:44,2021-04-21 18:19:21,Madison Av & E 51 St,6659,Central Park W & W 97 St,7538,40.75863,-73.97513,40.79249519495111,-73.96417066463071,casual
1370193,83CB62D542BD8BEF,docked_bike,2021-04-03 09:51:22,2021-04-03 09:56:27,W 100 St & Broadway,7580,Central Park W & W 97 St,7538,40.797372,-73.970411,40.79249519495111,-73.96417066463071,member
1370198,66785F268B1F1438,docked_bike,2021-04-05 16:25:43,2021-04-05 16:39:30,2 Ave & E 104 St,7436,Central Park W & W 97 St,7538,40.78921,-73.943707,40.79249519495111,-73.96417066463071,member
1370201,454039FCBC0AC7A8,docked_bike,2021-04-03 16:31:58,2021-04-03 16:57:05,Madison Av & E 51 St,6659,Central Park W & W 97 St,7538,40.75863,-73.97513,40.79249519495111,-73.96417066463071,member
1370207,FE46C0F8D266B961,docked_bike,2021-04-29 19:37:19,2021-04-29 20:01:05,Madison Av & E 51 St,6659,Central Park W & W 97 St,7538,40.75863,-73.97513,40.79249519495111,-73.96417066463071,member
1370213,76712E168CC1B429,docked_bike,2021-04-18 16:23:16,2021-04-18 16:32:02,2 Ave & E 104 St,7436,Central Park W & W 97 St,7538,40.78921,-73.943707,40.79249519495111,-73.96417066463071,member
1370221,C071D7614F152D22,docked_bike,2021-04-27 13:59:58,2021-04-27 14:11:44,W 59 St & 10 Ave,7023,Central Park W & W 97 St,7538,40.770513,-73.988038,40.79249519495111,-73.96417066463071,member
1370234,1243A0727322107E,docked_bike,2021-04-17 14:33:48,2021-04-17 14:47:41,W 64 St & Thelonious Monk Circle,7123,Central Park W & W 97 St,7538,40.775159,-73.989186,40.79249519495111,-73.96417066463071,member
1370248,CEA2792CD94CF982,docked_bike,2021-04-10 10:31:20,2021-04-10 10:44:36,W 64 St & Thelonious Monk Circle,7123,Central Park W & W 97 St,7538,40.775159,-73.989186,40.79249519495111,-73.96417066463071,member
1370249,F041E9432DEE8576,docked_bike,2021-04-06 19:32:41,2021-04-06 19:38:54,E 106 St & Madison Ave,7528,Central Park W & W 97 St,7538,40.793433,-73.94945,40.79249519495111,-73.96417066463071,member
1370266,3C515FA2A74A3A3C,docked_bike,2021-04-14 00:36:20,2021-04-14 00:47:04,W 64 St & Thelonious Monk Circle,7123,Central Park W & W 97 St,7538,40.775159,-73.989186,40.79249519495111,-73.96417066463071,member
1370289,46DCAD9BCC7EB580,docked_bike,2021-04-26 11:55:41,2021-04-26 12:08:31,E 106 St & Lexington Ave,7504,Central Park W & W 97 St,7538,40.791976,-73.945993,40.79249519495111,-73.96417066463071,member
1370302,60D28D2018C259AF,docked_bike,2021-04-13 14:02:44,2021-04-13 14:16:10,W 64 St & Thelonious Monk Circle,7123,Central Park W & W 97 St,7538,40.77516,-73.989187,40.792495,-73.964171,member
1370340,4A74DED715C78C2A,docked_bike,2021-04-22 14:52:29,2021-04-22 15:17:11,1 Ave & E 39 St,6303,Central Park W & W 97 St,7538,40.74714,-73.97113,40.79249519495111,-73.96417066463071,casual
1370361,42116C3EB67B8262,docked_bike,2021-04-02 19:31:03,2021-04-02 19:35:47,Frederick Douglass Blvd & W 115 St,7658,Central Park W & W 97 St,7538,40.803865,-73.95593,40.79249519495111,-73.96417066463071,member
1370375,8E65E10FE5D7A273,docked_bike,2021-04-03 12:14:01,2021-04-03 12:19:51,Frederick Douglass Blvd & W 115 St,7658,Central Park W & W 97 St,7538,40.803865,-73.95593,40.79249519495111,-73.96417066463071,casual
1370380,D36A2F74FD0F6975,docked_bike,2021-04-04 01:28:07,2021-04-04 01:50:09,1 Ave & E 39 St,6303,Central Park W & W 97 St,7538,40.74714,-73.97113,40.79249519495111,-73.96417066463071,member
1370387,5090648AC4B53256,docked_bike,2021-04-21 12:54:21,2021-04-21 13:09:23,W 64 St & Thelonious Monk Circle,7123,Central Park W & W 97 St,7538,40.775159,-73.989186,40.79249519495111,-73.96417066463071,casual
1370404,83F8D3DFEDA18027,docked_bike,2021-04-12 08:32:00,2021-04-12 08:54:58,W 36 St & 7 Ave,6483,Central Park W & W 97 St,7538,40.752149,-73.989539,40.79249519495111,-73.96417066463071,casual
1370413,03254C91BC70476F,docked_bike,2021-04-07 11:04:35,2021-04-07 11:19:14,E 74 St & 1 Ave,6953,Central Park W & W 97 St,7538,40.768974,-73.954823,40.792495,-73.964171,member
1370417,C1D2FBB22B81871A,docked_bike,2021-04-04 17:58:43,2021-04-04 18:29:22,E 74 St & 1 Ave,6953,Central Park W & W 97 St,7538,40.768973,-73.954822,40.79249519495111,-73.96417066463071,member
1370454,2E80630BC48E988B,docked_bike,2021-04-28 14:09:21,2021-04-28 14:09:45,1 Ave & E 78 St,7020,Central Park W & W 97 St,7538,40.771404,-73.953516,40.79249519495111,-73.96417066463071,member
1370458,A8C59AB529347A91,docked_bike,2021-04-10 05:52:34,2021-04-10 06:04:30,W 145 St & Amsterdam Ave,7997,Central Park W & W 97 St,7538,40.825244,-73.947257,40.79249519495111,-73.96417066463071,member
1370490,06028C195288481D,docked_bike,2021-04-30 16:44:50,2021-04-30 17:20:21,1 Ave & E 39 St,6303,Central Park W & W 97 St,7538,40.74714,-73.97113,40.79249519495111,-73.96417066463071,member
1370496,54F9B372DF3961E9,docked_bike,2021-04-16 12:37:37,2021-04-16 13:00:18,1 Ave & E 39 St,6303,Central Park W & W 97 St,7538,40.74714,-73.97113,40.79249519495111,-73.96417066463071,casual
1370515,8E99654E73E78874,docked_bike,2021-04-06 16:11:06,2021-04-06 16:47:39,1 Ave & E 39 St,6303,Central Park W & W 97 St,7538,40.74714,-73.97113,40.79249519495111,-73.96417066463071,casual
1370528,B556BE2CE0A28A8C,docked_bike,2021-04-16 11:50:15,2021-04-16 11:50:40,Central Park W & W 97 St,7538,Central Park W & W 97 St,7538,40.792495,-73.96417,40.79249519495111,-73.96417066463071,casual
1370529,F009ED28ECE59664,docked_bike,2021-04-28 20:58:45,2021-04-28 21:34:56,Central Park W & W 97 St,7538,Central Park W & W 97 St,7538,40.792495,-73.96417,40.79249519495111,-73.96417066463071,member
1370540,5C83387ADEC9239E,docked_bike,2021-04-24 14:13:38,2021-04-24 14:19:47,Central Park W & W 97 St,7538,Central Park W & W 97 St,7538,40.792495,-73.964171,40.792495,-73.964171,casual
1370543,47EAB8B6691CFACB,docked_bike,2021-04-19 17:58:13,2021-04-19 17:58:57,Central Park W & W 97 St,7538,Central Park W & W 97 St,7538,40.792495,-73.96417,40.79249519495111,-73.96417066463071,casual
1370544,FA9C072074857CB3,docked_bike,2021-04-16 13:51:40,2021-04-16 13:52:41,Central Park W & W 97 St,7538,Central Park W & W 97 St,7538,40.792495,-73.96417,40.79249519495111,-73.96417066463071,member
1370555,59380E7F4072B00E,docked_bike,2021-04-25 09:23:51,2021-04-25 09:24:30,Central Park W & W 97 St,7538,Central Park W & W 97 St,7538,40.792495,-73.96417,40.79249519495111,-73.96417066463071,member
1370559,5DD2D715406F84BA,docked_bike,2021-04-04 22:11:34,2021-04-04 22:11:52,Central Park W & W 97 St,7538,Central Park W & W 97 St,7538,40.792495,-73.964171,40.792495,-73.964171,member
1370560,A6998340E76B3153,docked_bike,2021-04-04 22:11:03,2021-04-04 22:11:06,Central Park W & W 97 St,7538,Central Park W & W 97 St,7538,40.792495,-73.964171,40.792495,-73.964171,member
1370564,2D3635CCC626E3AE,docked_bike,2021-04-14 12:13:25,2021-04-14 12:13:29,Central Park W & W 97 St,7538,Central Park W & W 97 St,7538,40.792495,-73.96417,40.79249519495111,-73.96417066463071,member
1370566,EDFF1A3895E0D025,docked_bike,2021-04-26 21:15:39,2021-04-26 21:16:38,Central Park W & W 97 St,7538,Central Park W & W 97 St,7538,40.792495,-73.96417,40.79249519495111,-73.96417066463071,member
1370572,8C47546AF47CB5B9,docked_bike,2021-04-11 13:15:08,2021-04-11 13:21:53,Central Park W & W 97 St,7538,Central Park W & W 97 St,7538,40.792495,-73.96417,40.79249519495111,-73.96417066463071,casual
1370578,4238DB648CB55DB3,docked_bike,2021-04-24 17:34:31,2021-04-24 17:35:49,Central Park W & W 97 St,7538,Central Park W & W 97 St,7538,40.792495,-73.96417,40.79249519495111,-73.96417066463071,casual
1370580,3FA5CE9FF789E9C4,docked_bike,2021-04-04 15:56:11,2021-04-04 15:56:28,Central Park W & W 97 St,7538,Central Park W & W 97 St,7538,40.792495,-73.96417,40.79249519495111,-73.96417066463071,member
1370586,C75DB8054B5E4BC7,docked_bike,2021-04-29 16:09:56,2021-04-29 16:12:18,Central Park W & W 97 St,7538,Central Park W & W 97 St,7538,40.792495,-73.96417,40.79249519495111,-73.96417066463071,member
1370588,203A3E9DEAFE6709,docked_bike,2021-04-06 12:14:17,2021-04-06 12:15:14,Central Park W & W 97 St,7538,Central Park W & W 97 St,7538,40.792495,-73.96417,40.79249519495111,-73.96417066463071,member
1370590,8602873D9D17621D,docked_bike,2021-04-18 11:45:19,2021-04-18 12:50:53,Central Park W & W 97 St,7538,Central Park W & W 97 St,7538,40.792495,-73.96417,40.79249519495111,-73.96417066463071,casual
1370591,93772B38343F3268,docked_bike,2021-04-26 19:14:01,2021-04-26 19:18:24,Central Park W & W 97 St,7538,Central Park W & W 97 St,7538,40.792495,-73.96417,40.79249519495111,-73.96417066463071,casual
1370596,690B45C2BD3A3A17,docked_bike,2021-04-14 21:42:09,2021-04-14 21:45:56,Central Park W & W 97 St,7538,Central Park W & W 97 St,7538,40.792495,-73.96417,40.79249519495111,-73.96417066463071,casual
1370606,F2AD94192A1E3622,docked_bike,2021-04-29 15:16:25,2021-04-29 15:57:08,Central Park W & W 97 St,7538,Central Park W & W 97 St,7538,40.792495,-73.96417,40.79249519495111,-73.96417066463071,member
1370610,9B229804F06C9FBF,docked_bike,2021-04-25 16:35:02,2021-04-25 16:53:57,Central Park W & W 97 St,7538,Central Park W & W 97 St,7538,40.792495,-73.96417,40.79249519495111,-73.96417066463071,member
1370612,5825980919186825,docked_bike,2021-04-24 15:13:00,2021-04-24 15:13:23,Central Park W & W 97 St,7538,Central Park W & W 97 St,7538,40.792495,-73.96417,40.79249519495111,-73.96417066463071,member
1370617,BF6DDA88537639FB,docked_bike,2021-04-04 15:57:24,2021-04-04 15:57:56,Central Park W & W 97 St,7538,Central Park W & W 97 St,7538,40.792495,-73.96417,40.79249519495111,-73.96417066463071,member
1370618,5B9E11D72C30E58F,docked_bike,2021-04-28 21:10:39,2021-04-28 22:02:09,Central Park W & W 97 St,7538,Central Park W & W 97 St,7538,40.792495,-73.96417,40.79249519495111,-73.96417066463071,member
1370638,4BCEE84D5B04DB96,docked_bike,2021-04-21 15:02:32,2021-04-21 15:37:36,W 100 St & Manhattan Ave,7538,Central Park W & W 97 St,7538,40.795,-73.9645,40.79249519495111,-73.96417066463071,member
1370642,E12C00467925467A,docked_bike,2021-04-20 09:23:37,2021-04-20 09:26:50,W 100 St & Manhattan Ave,7538,Central Park W & W 97 St,7538,40.795,-73.9645,40.79249519495111,-73.96417066463071,casual
1370644,74166A40BF16DF12,docked_bike,2021-04-19 18:43:54,2021-04-19 19:21:17,W 100 St & Manhattan Ave,7538,Central Park W & W 97 St,7538,40.795,-73.9645,40.79249519495111,-73.96417066463071,member
1370645,98C9D07BCEE765C0,docked_bike,2021-04-08 15:44:32,2021-04-08 16:00:32,W 100 St & Manhattan Ave,7538,Central Park W & W 97 St,7538,40.795,-73.9645,40.79249519495111,-73.96417066463071,member
1370646,6804258245265CF3,docked_bike,2021-04-28 18:11:55,2021-04-28 18:54:23,W 100 St & Manhattan Ave,7538,Central Park W & W 97 St,7538,40.795,-73.9645,40.79249519495111,-73.96417066463071,member
1370647,C918A10F44220230,docked_bike,2021-04-28 15:50:47,2021-04-28 16:27:05,W 100 St & Manhattan Ave,7538,Central Park W & W 97 St,7538,40.795,-73.9645,40.79249519495111,-73.96417066463071,member
1370648,D47F5DD460079D99,docked_bike,2021-04-13 12:38:22,2021-04-13 13:04:36,Lenox Ave & W 115 St,7627,Central Park W & W 97 St,7538,40.801193,-73.950073,40.79249519495111,-73.96417066463071,member
1370670,082E3B0C10B96B4C,docked_bike,2021-04-07 18:28:27,2021-04-07 18:38:28,W 78 St & Amsterdam Ave,7311,Central Park W & W 97 St,7538,40.782535,-73.979085,40.79249519495111,-73.96417066463071,member
1370674,0A732792E8654243,docked_bike,2021-04-24 19:29:15,2021-04-24 20:02:09,Riverside Dr & W 138 St,7942,Central Park W & W 97 St,7538,40.823168,-73.955857,40.79249519495111,-73.96417066463071,casual
1370696,FA96DCF04E7F3896,docked_bike,2021-04-13 10:42:03,2021-04-13 11:21:56,W 169 St & Fort Washington Ave,8282,Central Park W & W 97 St,7538,40.842842,-73.942125,40.79249519495111,-73.96417066463071,member
1370763,7F70B74225921B40,docked_bike,2021-04-18 17:12:32,2021-04-18 17:45:27,W 22 St & 10 Ave,6306,Central Park W & W 97 St,7538,40.746919,-74.004518,40.79249519495111,-73.96417066463071,member
1370832,FE8AC98E64D2D505,docked_bike,2021-04-27 16:05:32,2021-04-27 16:57:36,Broadway & W 25 St,6173,Central Park W & W 97 St,7538,40.742868,-73.989186,40.79249519495111,-73.96417066463071,casual
1370843,B68DCBC7635C894F,docked_bike,2021-04-06 06:14:23,2021-04-06 06:22:46,Broadway & W 60 St,6948,Central Park W & W 97 St,7538,40.769155,-73.981918,40.79249519495111,-73.96417066463071,member
1370845,DEA806DB7AFAB2A6,docked_bike,2021-04-04 18:22:29,2021-04-04 18:42:40,Broadway & W 60 St,6948,Central Park W & W 97 St,7538,40.769155,-73.981918,40.79249519495111,-73.96417066463071,member
1370860,8E2578096E1CA9D3,docked_bike,2021-04-21 17:34:12,2021-04-21 17:54:46,W 24 St & 7 Ave,6257,Central Park W & W 97 St,7538,40.744876,-73.995298,40.79249519495111,-73.96417066463071,member
1370861,1F6BC46486C3F854,docked_bike,2021-04-16 13:56:09,2021-04-16 14:15:23,W 24 St & 7 Ave,6257,Central Park W & W 97 St,7538,40.744876,-73.995298,40.79249519495111,-73.96417066463071,member
1370866,C1072A0F6F778575,docked_bike,2021-04-20 17:08:36,2021-04-20 17:24:16,Broadway & W 60 St,6948,Central Park W & W 97 St,7538,40.769155,-73.981918,40.79249519495111,-73.96417066463071,casual
1370868,0AA305EDEC091BBE,docked_bike,2021-04-17 18:05:19,2021-04-17 18:21:16,Broadway & W 60 St,6948,Central Park W & W 97 St,7538,40.769155,-73.981918,40.79249519495111,-73.96417066463071,casual
1370872,FB1864187F00C4EB,docked_bike,2021-04-27 10:26:32,2021-04-27 10:45:30,Broadway & W 60 St,6948,Central Park W & W 97 St,7538,40.769155,-73.981918,40.79249519495111,-73.96417066463071,member
1370881,457B1B5C79984839,docked_bike,2021-04-07 18:21:12,2021-04-07 19:02:54,W 37 St & 5 Ave,6398,Central Park W & W 97 St,7538,40.75038,-73.983389,40.79249519495111,-73.96417066463071,casual
1370889,968EA8211CD3316A,docked_bike,2021-04-07 12:39:59,2021-04-07 12:56:27,Morningside Ave & W 123 St,7741,Central Park W & W 97 St,7538,40.81,-73.95515,40.79249519495111,-73.96417066463071,casual
1370924,14405DB9A7F4F455,docked_bike,2021-04-08 20:04:01,2021-04-08 20:14:06,Morningside Ave & W 123 St,7741,Central Park W & W 97 St,7538,40.81,-73.95515,40.79249519495111,-73.96417066463071,casual
1370926,24E839973E747364,docked_bike,2021-04-17 11:28:33,2021-04-17 11:50:03,W 113 St & Broadway,7713,Central Park W & W 97 St,7538,40.805973,-73.964928,40.79249519495111,-73.96417066463071,member
1370934,3EA0E5ACFE4D329F,docked_bike,2021-04-20 19:08:58,2021-04-20 19:43:47,Riverside Dr & W 148 St,8054,Central Park W & W 97 St,7538,40.829114,-73.950426,40.79249519495111,-73.96417066463071,member
1370954,C838BDD9471A1146,docked_bike,2021-04-18 22:22:59,2021-04-18 22:30:55,2 Ave & E 96 St,7338,Central Park W & W 97 St,7538,40.783963,-73.947167,40.79249519495111,-73.96417066463071,casual
1370961,4571CC33238CE4C4,docked_bike,2021-04-17 20:54:54,2021-04-17 21:39:02,North Moore St & Greenwich St,5470,Central Park W & W 97 St,7538,40.720195,-74.0103,40.79249519495111,-73.96417066463071,member
1370974,50987301DCF7121D,docked_bike,2021-04-23 22:43:58,2021-04-23 22:53:29,2 Ave & E 96 St,7338,Central Park W & W 97 St,7538,40.783963,-73.947167,40.79249519495111,-73.96417066463071,member
1370979,00D85A902C3B3B29,docked_bike,2021-04-17 04:50:42,2021-04-17 05:02:48,2 Ave & E 96 St,7338,Central Park W & W 97 St,7538,40.783963,-73.947167,40.79249519495111,-73.96417066463071,casual
1370985,139B3956289D0CD1,docked_bike,2021-04-21 18:19:18,2021-04-21 18:27:45,2 Ave & E 96 St,7338,Central Park W & W 97 St,7538,40.783963,-73.947167,40.79249519495111,-73.96417066463071,casual
1370989,37B0ACAA978B45B3,docked_bike,2021-04-19 17:51:39,2021-04-19 18:15:39,W 37 St & 5 Ave,6398,Central Park W & W 97 St,7538,40.75038,-73.983389,40.79249519495111,-73.96417066463071,casual
1371003,8970F2CA81146CED,docked_bike,2021-04-14 11:44:56,2021-04-14 12:00:29,2 Ave & E 96 St,7338,Central Park W & W 97 St,7538,40.783963,-73.947167,40.79249519495111,-73.96417066463071,member
1371017,72B8EEB5C4C278CC,docked_bike,2021-04-17 20:56:12,2021-04-17 21:39:29,North Moore St & Greenwich St,5470,Central Park W & W 97 St,7538,40.720195,-74.0103,40.79249519495111,-73.96417066463071,casual
1371024,C80015851D22E86E,docked_bike,2021-04-19 18:06:12,2021-04-19 18:41:26,1 Ave & E 39 St,6303,Central Park W & W 97 St,7538,40.74714,-73.97113,40.79249519495111,-73.96417066463071,member
1371053,965CC465C3F44E00,docked_bike,2021-04-10 17:09:23,2021-04-10 17:19:04,W 113 St & Broadway,7713,Central Park W & W 97 St,7538,40.805973,-73.964928,40.79249519495111,-73.96417066463071,casual
1371062,A8E42E26C95EA01F,docked_bike,2021-04-27 17:59:39,2021-04-27 18:13:50,W 113 St & Broadway,7713,Central Park W & W 97 St,7538,40.805973,-73.964928,40.792495,-73.964171,casual
1371072,416712A8983B345B,docked_bike,2021-04-27 18:00:08,2021-04-27 18:13:50,W 113 St & Broadway,7713,Central Park W & W 97 St,7538,40.805973,-73.964928,40.79249519495111,-73.96417066463071,casual
1371074,F77588EBD0A474B3,docked_bike,2021-04-21 11:46:35,2021-04-21 12:00:10,W 113 St & Broadway,7713,Central Park W & W 97 St,7538,40.805973,-73.964928,40.79249519495111,-73.96417066463071,member
1371120,93996E22F9C5B283,docked_bike,2021-04-07 12:49:28,2021-04-07 13:05:30,2 Ave & E 96 St,7338,Central Park W & W 97 St,7538,40.783963,-73.947167,40.79249519495111,-73.96417066463071,member
1371122,E46E37181CE40686,docked_bike,2021-04-17 17:17:02,2021-04-17 18:35:08,W 37 St & 5 Ave,6398,Central Park W & W 97 St,7538,40.75038,-73.983389,40.79249519495111,-73.96417066463071,casual
1371135,07BAE02C1AC5F7B1,docked_bike,2021-04-02 17:03:01,2021-04-02 17:24:30,Broadway & W 160 St,8157,Central Park W & W 97 St,7538,40.835775,-73.9434,40.79249519495111,-73.96417066463071,member
1371172,B38F8A7E54C80B8C,docked_bike,2021-04-05 18:15:31,2021-04-05 18:40:32,W 37 St & 5 Ave,6398,Central Park W & W 97 St,7538,40.75038,-73.983389,40.79249519495111,-73.96417066463071,member
1371174,577FCD82984A84FA,docked_bike,2021-04-19 09:39:40,2021-04-19 09:46:33,2 Ave & E 96 St,7338,Central Park W & W 97 St,7538,40.783963,-73.947167,40.79249519495111,-73.96417066463071,member
1371177,AAF9941FBF179629,docked_bike,2021-04-14 18:42:24,2021-04-14 19:24:39,W 37 St & 5 Ave,6398,Central Park W & W 97 St,7538,40.75038,-73.983389,40.79249519495111,-73.96417066463071,casual
1371184,C98B71EC7D7B32C1,docked_bike,2021-04-05 16:54:19,2021-04-05 17:02:59,St. Nicholas Ave & W 126 St,7756,Central Park W & W 97 St,7538,40.811432,-73.951877,40.79249519495111,-73.96417066463071,member
1371192,F45014D14FA42B69,docked_bike,2021-04-19 09:43:49,2021-04-19 10:00:28,E 138 St & 5 Av,7809,Central Park W & W 97 St,7538,40.81449,-73.936153,40.79249519495111,-73.96417066463071,casual
1371197,4C81B782490DD02D,docked_bike,2021-04-01 14:30:26,2021-04-01 14:45:32,St. Nicholas Ave & W 126 St,7756,Central Park W & W 97 St,7538,40.811432,-73.951877,40.79249519495111,-73.96417066463071,member
1371199,5DB6ABAC151763A7,docked_bike,2021-04-17 15:50:46,2021-04-17 15:58:18,St. Nicholas Ave & W 126 St,7756,Central Park W & W 97 St,7538,40.811432,-73.951877,40.79249519495111,-73.96417066463071,member
1371200,2630E04FAA7C2502,docked_bike,2021-04-27 18:11:51,2021-04-27 18:40:30,St. Nicholas Ave & W 126 St,7756,Central Park W & W 97 St,7538,40.811432,-73.951877,40.79249519495111,-73.96417066463071,member
1371205,A8374CE72F4B57EC,docked_bike,2021-04-09 11:20:22,2021-04-09 11:39:30,8 Ave & W 33 St,6450,Central Park W & W 97 St,7538,40.751551,-73.993934,40.79249519495111,-73.96417066463071,casual
1371210,CCFC8E5F0774E4A2,docked_bike,2021-04-18 13:14:18,2021-04-18 13:57:12,E 138 St & 5 Av,7809,Central Park W & W 97 St,7538,40.81449,-73.936153,40.79249519495111,-73.96417066463071,member
1371243,8CB52F172CD5AE65,docked_bike,2021-04-27 06:17:02,2021-04-27 06:24:42,St. Nicholas Ave & W 126 St,7756,Central Park W & W 97 St,7538,40.811432,-73.951877,40.79249519495111,-73.96417066463071,member
1371246,CCF24D5A0F756573,docked_bike,2021-04-07 16:13:08,2021-04-07 16:27:01,St. Nicholas Ave & W 126 St,7756,Central Park W & W 97 St,7538,40.811432,-73.951877,40.79249519495111,-73.96417066463071,member
1371249,7C5B5AF7A52E7835,docked_bike,2021-04-06 08:12:33,2021-04-06 08:27:06,E 138 St & 5 Av,7809,Central Park W & W 97 St,7538,40.81449,-73.936153,40.79249519495111,-73.96417066463071,member
1371253,A260C47D49765022,docked_bike,2021-04-17 14:33:35,2021-04-17 14:58:32,E 138 St & 5 Av,7809,Central Park W & W 97 St,7538,40.81449,-73.936153,40.792495,-73.964171,casual
1371263,C118462920149AC3,docked_bike,2021-04-27 17:54:11,2021-04-27 18:13:59,8 Ave & W 33 St,6450,Central Park W & W 97 St,7538,40.751551,-73.993934,40.79249519495111,-73.96417066463071,casual
1371265,DC95B0601D733429,docked_bike,2021-04-13 19:00:28,2021-04-13 19:38:18,St. Nicholas Ave & W 126 St,7756,Central Park W & W 97 St,7538,40.811432,-73.951877,40.79249519495111,-73.96417066463071,member
1371272,C5DDD574D3C47C8F,docked_bike,2021-04-13 12:46:58,2021-04-13 13:23:14,St. Nicholas Ave & W 126 St,7756,Central Park W & W 97 St,7538,40.811432,-73.951877,40.79249519495111,-73.96417066463071,member
1371304,0C9C1CEE440572B2,docked_bike,2021-04-07 05:34:28,2021-04-07 05:43:55,St. Nicholas Ave & W 126 St,7756,Central Park W & W 97 St,7538,40.811432,-73.951877,40.79249519495111,-73.96417066463071,member
1371310,BA13F9DCAC89613E,docked_bike,2021-04-08 18:38:19,2021-04-08 18:55:24,8 Ave & W 33 St,6450,Central Park W & W 97 St,7538,40.751551,-73.993934,40.79249519495111,-73.96417066463071,casual
1371333,AD6CC039E3A49722,docked_bike,2021-04-17 23:25:48,2021-04-17 23:37:04,St. Nicholas Ave & W 126 St,7756,Central Park W & W 97 St,7538,40.811432,-73.951877,40.79249519495111,-73.96417066463071,member
1371335,DB143AA85B06EF49,docked_bike,2021-04-09 08:25:21,2021-04-09 08:37:47,St. Nicholas Ave & W 126 St,7756,Central Park W & W 97 St,7538,40.811432,-73.951877,40.79249519495111,-73.96417066463071,member
1371346,085C10DF0044F116,docked_bike,2021-04-09 19:52:34,2021-04-09 20:05:23,E 106 St & Lexington Ave,7504,Central Park W & W 97 St,7538,40.791976,-73.945993,40.79249519495111,-73.96417066463071,casual
1371361,CF96F9CA1E751D08,docked_bike,2021-04-18 17:43:45,2021-04-18 17:57:48,St. Nicholas Ave & W 126 St,7756,Central Park W & W 97 St,7538,40.811432,-73.951878,40.792495,-73.964171,casual
1371367,22C4DE3156BD3532,docked_bike,2021-04-01 15:35:44,2021-04-01 15:46:11,St. Nicholas Ave & W 126 St,7756,Central Park W & W 97 St,7538,40.811432,-73.951877,40.79249519495111,-73.96417066463071,member
1371371,01CB6AC8494CAC59,docked_bike,2021-04-15 21:22:55,2021-04-15 21:34:31,St. Nicholas Ave & W 126 St,7756,Central Park W & W 97 St,7538,40.811432,-73.951877,40.79249519495111,-73.96417066463071,member
1371378,0961C424BA00BDDF,docked_bike,2021-04-06 09:43:55,2021-04-06 09:53:43,St. Nicholas Ave & W 126 St,7756,Central Park W & W 97 St,7538,40.811432,-73.951877,40.79249519495111,-73.96417066463071,member
1371401,5406F3E24A2F642D,docked_bike,2021-04-14 18:26:51,2021-04-14 18:49:29,E 53 St & Madison Ave,6659,Central Park W & W 97 St,7538,40.75971,-73.974023,40.79249519495111,-73.96417066463071,member
1371429,4B78C51FF9A1C3F0,docked_bike,2021-04-07 20:08:28,2021-04-07 20:20:39,Amsterdam Ave & W 125 St,7800,Central Park W & W 97 St,7538,40.813358,-73.956461,40.79249519495111,-73.96417066463071,casual
1371440,A59890FF7FA15030,docked_bike,2021-04-06 15:32:38,2021-04-06 15:48:10,8 Ave & W 52 St,6816,Central Park W & W 97 St,7538,40.763707,-73.985161,40.79249519495111,-73.96417066463071,casual
1371447,03CE044A4474C6D8,docked_bike,2021-04-23 22:13:52,2021-04-23 22:38:34,8 Ave & W 52 St,6816,Central Park W & W 97 St,7538,40.763707,-73.985161,40.79249519495111,-73.96417066463071,casual
1371449,38DBB2800B5BB725,docked_bike,2021-04-24 21:17:30,2021-04-24 21:51:32,Lincoln Ave & E 138 St,7744,Central Park W & W 97 St,7538,40.810893,-73.927311,40.79249519495111,-73.96417066463071,member
1371456,1F6F1C0C00435206,docked_bike,2021-04-17 15:54:49,2021-04-17 16:28:56,8 Ave & W 52 St,6816,Central Park W & W 97 St,7538,40.763707,-73.985161,40.79249519495111,-73.96417066463071,member
1371461,3100E8D74D2A0FB6,docked_bike,2021-04-08 13:09:06,2021-04-08 13:19:46,8 Ave & W 52 St,6816,Central Park W & W 97 St,7538,40.763707,-73.985161,40.79249519495111,-73.96417066463071,member
1371467,0D5776E14088A916,docked_bike,2021-04-19 08:25:23,2021-04-19 08:56:05,8 Ave & W 52 St,6816,Central Park W & W 97 St,7538,40.763707,-73.985161,40.79249519495111,-73.96417066463071,casual
1371475,5F8783132675B2AD,docked_bike,2021-04-15 18:29:01,2021-04-15 18:45:05,8 Ave & W 52 St,6816,Central Park W & W 97 St,7538,40.763707,-73.985161,40.79249519495111,-73.96417066463071,member
1371480,BE33271704940DA6,docked_bike,2021-04-04 13:44:37,2021-04-04 14:28:11,Pier 40 - Hudson River Park,5696,Central Park W & W 97 St,7538,40.727714,-74.011295,40.79249519495111,-73.96417066463071,member
1371484,E19C8B384747EF44,docked_bike,2021-04-03 13:04:33,2021-04-03 16:36:25,8 Ave & W 52 St,6816,Central Park W & W 97 St,7538,40.763707,-73.985162,40.792495,-73.964171,casual
1371505,AD97F0C70AF68209,docked_bike,2021-04-29 21:19:33,2021-04-29 21:35:04,8 Ave & W 52 St,6816,Central Park W & W 97 St,7538,40.763707,-73.985161,40.79249519495111,-73.96417066463071,member
1371513,0E75C4D1706ACAEA,docked_bike,2021-04-06 09:33:42,2021-04-06 09:49:41,8 Ave & W 52 St,6816,Central Park W & W 97 St,7538,40.763707,-73.985161,40.79249519495111,-73.96417066463071,casual
1371521,72AF59EFA6DFDDB5,docked_bike,2021-04-17 13:22:11,2021-04-17 13:53:06,E 53 St & Madison Ave,6659,Central Park W & W 97 St,7538,40.75971,-73.974023,40.79249519495111,-73.96417066463071,member
1371538,D1A2D15D4FC25CF7,docked_bike,2021-04-17 15:48:47,2021-04-17 16:36:56,8 Ave & W 52 St,6816,Central Park W & W 97 St,7538,40.763707,-73.985161,40.79249519495111,-73.96417066463071,member
1371539,96F67AE5E0A1CE44,docked_bike,2021-04-22 14:04:30,2021-04-22 14:16:33,8 Ave & W 52 St,6816,Central Park W & W 97 St,7538,40.763707,-73.985161,40.79249519495111,-73.96417066463071,member
1371550,F104F4C8548A04AE,docked_bike,2021-04-26 16:23:12,2021-04-26 16:43:49,8 Ave & W 52 St,6816,Central Park W & W 97 St,7538,40.763707,-73.985161,40.79249519495111,-73.96417066463071,member
1371552,FBD4028FBD9024A3,docked_bike,2021-04-08 14:24:46,2021-04-08 14:41:47,8 Ave & W 52 St,6816,Central Park W & W 97 St,7538,40.763707,-73.985161,40.79249519495111,-73.96417066463071,member
1371560,77C88778D51D4248,docked_bike,2021-04-19 14:52:10,2021-04-19 15:11:00,E 53 St & Madison Ave,6659,Central Park W & W 97 St,7538,40.75971,-73.974023,40.79249519495111,-73.96417066463071,member
1371566,19F36D078612DE99,docked_bike,2021-04-10 12:18:31,2021-04-10 12:36:15,8 Ave & W 52 St,6816,Central Park W & W 97 St,7538,40.763707,-73.985161,40.79249519495111,-73.96417066463071,member
1371568,7EE714341D097FD2,docked_bike,2021-04-07 09:13:30,2021-04-07 09:31:22,8 Ave & W 52 St,6816,Central Park W & W 97 St,7538,40.763707,-73.985161,40.79249519495111,-73.96417066463071,member
1371581,C2228BDCA04645CE,docked_bike,2021-04-19 08:26:36,2021-04-19 08:55:58,8 Ave & W 52 St,6816,Central Park W & W 97 St,7538,40.763707,-73.985161,40.79249519495111,-73.96417066463071,casual
1371585,89514B45FE6900F8,docked_bike,2021-04-14 21:19:17,2021-04-14 22:00:49,Lenox Ave & W 130 St,7753,Central Park W & W 97 St,7538,40.810792,-73.943068,40.79249519495111,-73.96417066463071,member
1371594,743FFA509A1E5D51,docked_bike,2021-04-24 13:19:05,2021-04-24 13:39:55,8 Ave & W 52 St,6816,Central Park W & W 97 St,7538,40.763707,-73.985161,40.79249519495111,-73.96417066463071,member
1371642,ABA9DA1100840896,docked_bike,2021-04-27 15:58:09,2021-04-27 16:13:30,Lenox Ave & W 130 St,7753,Central Park W & W 97 St,7538,40.810792,-73.943068,40.79249519495111,-73.96417066463071,member
1371652,4DB6647AA68144F9,docked_bike,2021-04-14 17:38:51,2021-04-14 17:52:10,8 Ave & W 52 St,6816,Central Park W & W 97 St,7538,40.763707,-73.985161,40.79249519495111,-73.96417066463071,member
1371657,CA1DA3A769140BE7,docked_bike,2021-04-25 19:00:05,2021-04-25 19:15:03,8 Ave & W 52 St,6816,Central Park W & W 97 St,7538,40.763707,-73.985161,40.79249519495111,-73.96417066463071,casual
1371662,182492B964E8A82C,docked_bike,2021-04-24 14:50:59,2021-04-24 15:14:52,5 Ave & E 93 St,7372,Central Park W & W 97 St,7538,40.785785,-73.957481,40.79249519495111,-73.96417066463071,member
1371663,BD6A3E7B77B1D499,docked_bike,2021-04-07 21:03:27,2021-04-07 21:23:19,5 Ave & E 93 St,7372,Central Park W & W 97 St,7538,40.785785,-73.957481,40.79249519495111,-73.96417066463071,casual
1371664,EE3B8ADFA5DD2400,docked_bike,2021-04-27 16:49:31,2021-04-27 17:00:33,5 Ave & E 93 St,7372,Central Park W & W 97 St,7538,40.785785,-73.957481,40.79249519495111,-73.96417066463071,member
1371665,824986F91D2D467D,docked_bike,2021-04-28 18:09:50,2021-04-28 18:20:35,5 Ave & E 93 St,7372,Central Park W & W 97 St,7538,40.785785,-73.957481,40.79249519495111,-73.96417066463071,member
1371666,88EE46FAFD45B8C5,docked_bike,2021-04-13 16:00:28,2021-04-13 16:11:56,5 Ave & E 93 St,7372,Central Park W & W 97 St,7538,40.785785,-73.957481,40.79249519495111,-73.96417066463071,member
1371667,108DA9C4C5A003AC,docked_bike,2021-04-10 15:55:04,2021-04-10 16:18:21,5 Ave & E 93 St,7372,Central Park W & W 97 St,7538,40.785785,-73.957481,40.792495,-73.964171,casual
1371668,2B5EBAE2CC3FDA46,docked_bike,2021-04-07 19:36:56,2021-04-07 19:52:47,5 Ave & E 93 St,7372,Central Park W & W 97 St,7538,40.785785,-73.957481,40.79249519495111,-73.96417066463071,casual
1371669,B1C87DF6333A05DD,docked_bike,2021-04-25 19:39:19,2021-04-25 19:43:29,5 Ave & E 93 St,7372,Central Park W & W 97 St,7538,40.785785,-73.957481,40.79249519495111,-73.96417066463071,member
1371670,3423885C4760D567,docked_bike,2021-04-10 16:40:41,2021-04-10 16:58:12,5 Ave & E 93 St,7372,Central Park W & W 97 St,7538,40.785785,-73.957481,40.79249519495111,-73.96417066463071,casual
1371671,0E20F373FAF6430B,docked_bike,2021-04-11 12:24:47,2021-04-11 12:33:30,5 Ave & E 93 St,7372,Central Park W & W 97 St,7538,40.785785,-73.957481,40.79249519495111,-73.96417066463071,member
1371672,9DD75E9C4BE0CB57,docked_bike,2021-04-04 17:49:40,2021-04-04 18:05:06,5 Ave & E 93 St,7372,Central Park W & W 97 St,7538,40.785785,-73.957481,40.79249519495111,-73.96417066463071,casual
1371673,64FB977FFF35ED4E,docked_bike,2021-04-03 13:53:18,2021-04-03 14:51:12,5 Ave & E 93 St,7372,Central Park W & W 97 St,7538,40.785785,-73.957481,40.79249519495111,-73.96417066463071,member
1371686,691887AAF8A7C9BE,docked_bike,2021-04-18 21:35:14,2021-04-18 21:45:34,Central Park W & W 103 St,7577,Central Park W & W 97 St,7538,40.796036,-73.961589,40.79249519495111,-73.96417066463071,casual
1371687,1F639F291F0A02BA,docked_bike,2021-04-01 18:18:57,2021-04-01 18:21:12,W 106 St & Central Park West,7606,Central Park W & W 97 St,7538,40.798185,-73.96059,40.79249519495111,-73.96417066463071,member
1371690,F88B74A2D4B63E92,docked_bike,2021-04-09 10:06:00,2021-04-09 10:09:01,W 106 St & Central Park West,7606,Central Park W & W 97 St,7538,40.798185,-73.96059,40.79249519495111,-73.96417066463071,member
1371691,18CA6C7B6D0A4EF1,docked_bike,2021-04-05 11:03:38,2021-04-05 11:06:17,W 106 St & Central Park West,7606,Central Park W & W 97 St,7538,40.798185,-73.96059,40.79249519495111,-73.96417066463071,member
1371693,731C39219AB798D2,docked_bike,2021-04-24 06:45:00,2021-04-24 06:46:09,Central Park W & W 103 St,7577,Central Park W & W 97 St,7538,40.796036,-73.961589,40.79249519495111,-73.96417066463071,member
1371694,E3ACD6876B27ADFD,docked_bike,2021-04-12 16:57:24,2021-04-12 16:58:45,Central Park W & W 103 St,7577,Central Park W & W 97 St,7538,40.796036,-73.961589,40.79249519495111,-73.96417066463071,member
1371695,933DBA65240214BF,docked_bike,2021-04-20 13:19:48,2021-04-20 13:21:16,Central Park W & W 103 St,7577,Central Park W & W 97 St,7538,40.796036,-73.961589,40.79249519495111,-73.96417066463071,member
1371696,EE908CBF927E4630,docked_bike,2021-04-23 16:00:02,2021-04-23 16:01:31,Central Park W & W 103 St,7577,Central Park W & W 97 St,7538,40.796036,-73.961589,40.79249519495111,-73.96417066463071,member
1371697,5DA2099138DF9F33,docked_bike,2021-04-25 14:14:52,2021-04-25 14:17:17,Central Park W & W 103 St,7577,Central Park W & W 97 St,7538,40.796036,-73.961589,40.79249519495111,-73.96417066463071,casual
1371704,A74102E37CC313CE,docked_bike,2021-04-28 08:10:15,2021-04-28 08:12:37,W 106 St & Central Park West,7606,Central Park W & W 97 St,7538,40.798185,-73.96059,40.79249519495111,-73.96417066463071,member
1371708,06F72624B6479937,docked_bike,2021-04-04 15:52:53,2021-04-04 15:55:41,W 106 St & Central Park West,7606,Central Park W & W 97 St,7538,40.798185,-73.96059,40.79249519495111,-73.96417066463071,member
1371709,53233E7257294AA0,docked_bike,2021-04-15 17:49:06,2021-04-15 18:05:51,W 106 St & Central Park West,7606,Central Park W & W 97 St,7538,40.798186,-73.960591,40.792495,-73.964171,casual
1371712,9E854C6FD9063C85,docked_bike,2021-04-16 14:49:25,2021-04-16 14:52:53,W 106 St & Central Park West,7606,Central Park W & W 97 St,7538,40.798185,-73.96059,40.79249519495111,-73.96417066463071,member
1371715,F6AE970024C179E2,docked_bike,2021-04-23 16:09:13,2021-04-23 16:40:06,University Pl & E 14 St,5905,Central Park W & W 97 St,7538,40.734814,-73.992085,40.79249519495111,-73.96417066463071,member
1371719,4E1969AA30CF4777,docked_bike,2021-04-08 14:40:13,2021-04-08 14:42:14,W 106 St & Central Park West,7606,Central Park W & W 97 St,7538,40.798185,-73.96059,40.79249519495111,-73.96417066463071,member
1371720,D23088993F7EA7AF,docked_bike,2021-04-04 15:20:30,2021-04-04 15:22:34,Central Park W & W 103 St,7577,Central Park W & W 97 St,7538,40.796036,-73.961589,40.79249519495111,-73.96417066463071,member
1371721,B2912A8285385F6A,docked_bike,2021-04-08 09:59:29,2021-04-08 10:01:53,W 106 St & Central Park West,7606,Central Park W & W 97 St,7538,40.798185,-73.96059,40.79249519495111,-73.96417066463071,member
1371722,D0208857E6B7061D,docked_bike,2021-04-20 19:34:00,2021-04-20 19:37:23,Central Park W & W 103 St,7577,Central Park W & W 97 St,7538,40.796036,-73.961589,40.79249519495111,-73.96417066463071,casual
1371737,6F13A9195DF46E3F,docked_bike,2021-04-18 18:09:00,2021-04-18 18:27:30,9 Ave & W 45 St,6717,Central Park W & W 97 St,7538,40.760192,-73.991255,40.79249519495111,-73.96417066463071,member
1371834,A272CFE3F8FCDF54,docked_bike,2021-04-14 10:15:10,2021-04-14 10:55:49,E 33 St & 1 Ave,6197,Central Park W & W 97 St,7538,40.743226,-73.974497,40.79249519495111,-73.96417066463071,casual
1371837,4BF6EA48D0041F93,docked_bike,2021-04-30 08:03:04,2021-04-30 08:18:35,5 Ave & E 126 St,7701,Central Park W & W 97 St,7538,40.80698,-73.941747,40.79249519495111,-73.96417066463071,member
1371843,FDB29FC736FB2289,docked_bike,2021-04-03 01:19:24,2021-04-03 01:48:48,E 33 St & 1 Ave,6197,Central Park W & W 97 St,7538,40.743226,-73.974497,40.79249519495111,-73.96417066463071,member
1371847,3D45003DE7850E0F,docked_bike,2021-04-20 18:16:30,2021-04-20 18:48:26,5 Ave & E 126 St,7701,Central Park W & W 97 St,7538,40.80698,-73.941747,40.79249519495111,-73.96417066463071,casual
1371855,0EED12BA975AB457,docked_bike,2021-04-13 13:39:37,2021-04-13 14:03:22,E 51 St & 1 Ave,6532,Central Park W & W 97 St,7538,40.754557,-73.965929,40.79249519495111,-73.96417066463071,member
1371858,37FF8591C241B671,docked_bike,2021-04-29 20:23:44,2021-04-29 20:38:15,Hamilton Pl & W 140 St,7959,Central Park W & W 97 St,7538,40.822756,-73.951346,40.79249519495111,-73.96417066463071,member
1371871,AC074ADAA909D752,docked_bike,2021-04-27 18:57:10,2021-04-27 19:18:35,E 78 St & 2 Ave,7057,Central Park W & W 97 St,7538,40.772796,-73.955778,40.79249519495111,-73.96417066463071,member
1371896,447E63A095599C59,docked_bike,2021-04-28 18:31:59,2021-04-28 18:51:37,E 58 St & 3 Ave,6762,Central Park W & W 97 St,7538,40.760957,-73.967244,40.79249519495111,-73.96417066463071,member
1371902,FBF659386282ED81,docked_bike,2021-04-03 15:46:31,2021-04-03 16:07:12,E 58 St & 3 Ave,6762,Central Park W & W 97 St,7538,40.760957,-73.967244,40.79249519495111,-73.96417066463071,member
1371916,6F65BAB6FEDA9E5B,docked_bike,2021-04-04 18:52:14,2021-04-04 19:13:16,8 Ave & W 33 St,6450,Central Park W & W 97 St,7538,40.751551,-73.993934,40.79249519495111,-73.96417066463071,member
1371923,F9E3488F06142716,docked_bike,2021-04-18 17:21:45,2021-04-18 17:45:03,8 Ave & W 33 St,6450,Central Park W & W 97 St,7538,40.751551,-73.993934,40.79249519495111,-73.96417066463071,member
1371947,82C6724B229D20A4,docked_bike,2021-04-10 17:50:43,2021-04-10 18:19:47,E 78 St & 2 Ave,7057,Central Park W & W 97 St,7538,40.772796,-73.955778,40.79249519495111,-73.96417066463071,casual
1371953,E2BFD7D0FDADD83E,docked_bike,2021-04-16 08:21:19,2021-04-16 08:31:09,5 Ave & E 126 St,7701,Central Park W & W 97 St,7538,40.80698,-73.941747,40.79249519495111,-73.96417066463071,member
1371978,4AC31999BBA2B19D,docked_bike,2021-04-26 17:50:39,2021-04-26 18:09:41,E 58 St & 3 Ave,6762,Central Park W & W 97 St,7538,40.760957,-73.967244,40.79249519495111,-73.96417066463071,casual
1371999,A7832AA6D1377938,docked_bike,2021-04-07 17:24:36,2021-04-07 17:55:47,E 51 St & 1 Ave,6532,Central Park W & W 97 St,7538,40.754557,-73.96593,40.792495,-73.964171,casual
1372064,C515A47AD10EF3E2,docked_bike,2021-04-25 13:31:27,2021-04-25 13:44:49,5 Ave & E 126 St,7701,Central Park W & W 97 St,7538,40.80698,-73.941747,40.79249519495111,-73.96417066463071,casual
1372078,F3D87EA8DFB8C65F,docked_bike,2021-04-13 12:49:15,2021-04-13 13:18:34,5 Ave & E 126 St,7701,Central Park W & W 97 St,7538,40.80698,-73.941747,40.79249519495111,-73.96417066463071,casual
1372144,CA124FDA81D8CBBF,docked_bike,2021-04-28 11:38:57,2021-04-28 11:55:25,5 Ave & E 126 St,7701,Central Park W & W 97 St,7538,40.80698,-73.941747,40.79249519495111,-73.96417066463071,member
1372170,C68FA75546AF60D6,docked_bike,2021-04-20 16:32:07,2021-04-20 16:33:57,Central Park W & W 103 St,7577,Central Park W & W 97 St,7538,40.796036,-73.961589,40.79249519495111,-73.96417066463071,member
1372172,411A41686575F93D,docked_bike,2021-04-24 10:03:56,2021-04-24 10:06:20,Central Park W & W 103 St,7577,Central Park W & W 97 St,7538,40.796036,-73.961589,40.79249519495111,-73.96417066463071,member
1372174,DFD7702C2203E356,docked_bike,2021-04-22 05:56:54,2021-04-22 05:58:44,Central Park W & W 103 St,7577,Central Park W & W 97 St,7538,40.796036,-73.961589,40.79249519495111,-73.96417066463071,member
1372179,61C4177ACDBCEE0F,docked_bike,2021-04-28 07:16:36,2021-04-28 07:18:15,Central Park W & W 103 St,7577,Central Park W & W 97 St,7538,40.796036,-73.961589,40.79249519495111,-73.96417066463071,member
1372187,012075DDA5B5637A,docked_bike,2021-04-22 15:54:07,2021-04-22 15:55:59,Central Park W & W 103 St,7577,Central Park W & W 97 St,7538,40.796036,-73.961589,40.79249519495111,-73.96417066463071,casual
1372189,4F6354ABA4BD21B3,docked_bike,2021-04-02 14:23:35,2021-04-02 14:40:35,W 106 St & Central Park West,7606,Central Park W & W 97 St,7538,40.798185,-73.96059,40.79249519495111,-73.96417066463071,casual
1372190,C39D39AC287601F7,docked_bike,2021-04-23 19:26:46,2021-04-23 19:29:27,W 106 St & Central Park West,7606,Central Park W & W 97 St,7538,40.798185,-73.96059,40.79249519495111,-73.96417066463071,member
1372192,CFEC33ACE0A76E88,docked_bike,2021-04-18 17:55:16,2021-04-18 18:06:34,W 106 St & Central Park West,7606,Central Park W & W 97 St,7538,40.798186,-73.960591,40.792495,-73.964171,casual
1372194,54BC72302622F10B,docked_bike,2021-04-17 16:03:15,2021-04-17 17:08:56,Central Park W & W 103 St,7577,Central Park W & W 97 St,7538,40.796036,-73.961589,40.79249519495111,-73.96417066463071,casual
1372195,41A94AC3F6688DA1,docked_bike,2021-04-18 11:43:50,2021-04-18 12:02:09,W 106 St & Central Park West,7606,Central Park W & W 97 St,7538,40.798185,-73.96059,40.79249519495111,-73.96417066463071,casual
1372198,9BDF68057AA94A6B,docked_bike,2021-04-28 13:41:23,2021-04-28 14:25:09,University Pl & E 14 St,5905,Central Park W & W 97 St,7538,40.734814,-73.992085,40.79249519495111,-73.96417066463071,casual
1372199,5F3D9CC9CCDA17EA,docked_bike,2021-04-15 17:49:21,2021-04-15 18:05:27,W 106 St & Central Park West,7606,Central Park W & W 97 St,7538,40.798186,-73.960591,40.792495,-73.964171,casual
1372200,1FFD7832C9237B00,docked_bike,2021-04-10 16:54:50,2021-04-10 17:16:01,Ogden Ave & W 164 St,8115,Central Park W & W 97 St,7538,40.832812,-73.929372,40.79249519495111,-73.96417066463071,casual
1372201,A043086C3F43FD0A,docked_bike,2021-04-05 16:34:17,2021-04-05 16:38:50,Central Park W & W 103 St,7577,Central Park W & W 97 St,7538,40.796036,-73.961589,40.79249519495111,-73.96417066463071,member
1372206,3FE83715A929DDE9,docked_bike,2021-04-13 15:49:35,2021-04-13 15:56:02,2 Ave & E 96 St,7338,Central Park W & W 97 St,7538,40.783963,-73.947167,40.79249519495111,-73.96417066463071,member
1372225,90D798025823B270,docked_bike,2021-04-17 14:40:36,2021-04-17 15:08:58,E 45 St & 3 Ave,6464,Central Park W & W 97 St,7538,40.752554,-73.972826,40.79249519495111,-73.96417066463071,casual
1372230,DF3C2186BC758A65,docked_bike,2021-04-16 18:53:13,2021-04-16 18:57:55,5 Ave & E 103 St,7511,Central Park W & W 97 St,7538,40.792255,-73.952499,40.79249519495111,-73.96417066463071,member
1372232,BC874A5AA09AFA27,docked_bike,2021-04-25 15:59:22,2021-04-25 16:04:25,5 Ave & E 103 St,7511,Central Park W & W 97 St,7538,40.792255,-73.952499,40.79249519495111,-73.96417066463071,member
1372234,60F70A5B14C23D84,docked_bike,2021-04-13 17:03:04,2021-04-13 17:42:25,Crescent St & Broadway,6827,Central Park W & W 97 St,7538,40.763358,-73.928647,40.79249519495111,-73.96417066463071,member
1372236,2B93F9A1A22C9799,docked_bike,2021-04-28 16:42:58,2021-04-28 17:03:10,Madison Ave & E 120 St,7667,Central Park W & W 97 St,7538,40.80295,-73.942954,40.79249519495111,-73.96417066463071,casual
1372238,1DC8E91345BD975C,docked_bike,2021-04-17 16:30:36,2021-04-17 16:41:04,W 87 St & West End Ave,7484,Central Park W & W 97 St,7538,40.789622,-73.97757,40.79249519495111,-73.96417066463071,member
1372239,577E00238FFF0D3F,docked_bike,2021-04-14 19:55:50,2021-04-14 20:03:15,5 Ave & E 103 St,7511,Central Park W & W 97 St,7538,40.792255,-73.952499,40.79249519495111,-73.96417066463071,member
1372240,BB08FE7B1EDC13EE,docked_bike,2021-04-09 18:11:23,2021-04-09 18:17:39,5 Ave & E 103 St,7511,Central Park W & W 97 St,7538,40.792255,-73.952499,40.79249519495111,-73.96417066463071,member
1372243,70D86B6822AD525D,docked_bike,2021-04-26 17:49:02,2021-04-26 17:57:33,5 Ave & E 103 St,7511,Central Park W & W 97 St,7538,40.792255,-73.952499,40.79249519495111,-73.96417066463071,member
1372245,059935578910D0BA,docked_bike,2021-04-23 14:52:20,2021-04-23 14:58:50,W 87 St & West End Ave,7484,Central Park W & W 97 St,7538,40.789622,-73.97757,40.79249519495111,-73.96417066463071,member
1372247,C1832A531A035F9F,docked_bike,2021-04-14 16:58:35,2021-04-14 17:07:52,5 Ave & E 103 St,7511,Central Park W & W 97 St,7538,40.792255,-73.952499,40.79249519495111,-73.96417066463071,member
1372248,753E04B75D97A785,docked_bike,2021-04-22 17:56:11,2021-04-22 18:03:12,5 Ave & E 103 St,7511,Central Park W & W 97 St,7538,40.792255,-73.952499,40.79249519495111,-73.96417066463071,member
1372249,0681378FD6314EF7,docked_bike,2021-04-28 18:17:44,2021-04-28 18:28:21,5 Ave & E 103 St,7511,Central Park W & W 97 St,7538,40.792255,-73.952499,40.79249519495111,-73.96417066463071,member
1372251,26EB4674EC337BF8,docked_bike,2021-04-07 12:14:40,2021-04-07 12:20:03,5 Ave & E 103 St,7511,Central Park W & W 97 St,7538,40.792255,-73.952499,40.79249519495111,-73.96417066463071,member
1372277,A2460823F1B95EE5,docked_bike,2021-04-18 14:25:34,2021-04-18 14:34:48,St. Nicholas Ave & W 126 St,7756,Central Park W & W 97 St,7538,40.811432,-73.951877,40.79249519495111,-73.96417066463071,casual
1372296,68ABF42497491F83,docked_bike,2021-04-19 08:21:36,2021-04-19 08:40:36,5 Ave & E 126 St,7701,Central Park W & W 97 St,7538,40.80698,-73.941747,40.79249519495111,-73.96417066463071,member
1372330,BA6D2F6E3615FF78,docked_bike,2021-04-07 15:51:34,2021-04-07 16:24:15,E 53 St & Madison Ave,6659,Central Park W & W 97 St,7538,40.75971,-73.974023,40.79249519495111,-73.96417066463071,casual
1372336,A9D3D9AF42295152,docked_bike,2021-04-09 18:21:17,2021-04-09 18:37:51,8 Ave & W 52 St,6816,Central Park W & W 97 St,7538,40.763707,-73.985161,40.79249519495111,-73.96417066463071,member
1372341,D69518BCFC34E9C5,docked_bike,2021-04-27 13:16:31,2021-04-27 13:36:35,E 53 St & Madison Ave,6659,Central Park W & W 97 St,7538,40.75971,-73.974023,40.79249519495111,-73.96417066463071,member
1372347,9D1D9325D6D8E616,docked_bike,2021-04-03 13:02:38,2021-04-03 16:36:41,8 Ave & W 52 St,6816,Central Park W & W 97 St,7538,40.763707,-73.985162,40.792495,-73.964171,casual
1372352,DDDC9CDCA7EF6593,docked_bike,2021-04-29 22:22:12,2021-04-29 22:45:11,W 54 St & 9 Ave,6920,Central Park W & W 97 St,7538,40.765849,-73.986905,40.79249519495111,-73.96417066463071,member
1372359,A8FED1EF7CCA3BD9,docked_bike,2021-04-06 12:54:25,2021-04-06 13:04:26,St Nicholas Ave & Manhattan Ave,7723,Central Park W & W 97 St,7538,40.809725,-73.953149,40.79249519495111,-73.96417066463071,member
1372360,6B4CC1464D308EF0,docked_bike,2021-04-04 16:15:24,2021-04-04 17:00:55,West End Ave & W 94 St,7524,Central Park W & W 97 St,7538,40.794165,-73.974124,40.79249519495111,-73.96417066463071,casual
1372362,45BC723A35FAE015,docked_bike,2021-04-27 19:11:43,2021-04-27 19:48:28,Riverside Dr & W 78 St,7340,Central Park W & W 97 St,7538,40.784144,-73.983624,40.79249519495111,-73.96417066463071,member
1372363,5632AA03E7301CF4,docked_bike,2021-04-19 09:54:27,2021-04-19 10:13:06,St Nicholas Ave & Manhattan Ave,7723,Central Park W & W 97 St,7538,40.809725,-73.953149,40.79249519495111,-73.96417066463071,member
1372395,65F421EFF35F0856,docked_bike,2021-04-18 09:35:45,2021-04-18 10:03:00,E 33 St & 1 Ave,6197,Central Park W & W 97 St,7538,40.743226,-73.974497,40.79249519495111,-73.96417066463071,member
1372399,2656475E06F104EF,docked_bike,2021-04-13 17:14:20,2021-04-13 17:34:39,E 58 St & 3 Ave,6762,Central Park W & W 97 St,7538,40.760957,-73.967244,40.79249519495111,-73.96417066463071,member
1372412,643AF1C1CDC4A52E,docked_bike,2021-04-15 07:48:23,2021-04-15 08:00:15,5 Ave & E 126 St,7701,Central Park W & W 97 St,7538,40.80698,-73.941747,40.79249519495111,-73.96417066463071,member
1372415,A17E38297DAA18A6,docked_bike,2021-04-07 08:11:37,2021-04-07 08:21:54,5 Ave & E 126 St,7701,Central Park W & W 97 St,7538,40.80698,-73.941747,40.79249519495111,-73.96417066463071,member
1372426,613B8A215FEFB3D7,docked_bike,2021-04-20 19:56:02,2021-04-20 20:10:54,E 78 St & 2 Ave,7057,Central Park W & W 97 St,7538,40.772796,-73.955778,40.79249519495111,-73.96417066463071,casual
1372428,FDE63F57EE8C5F28,docked_bike,2021-04-07 05:55:10,2021-04-07 06:09:44,Hamilton Pl & W 140 St,7959,Central Park W & W 97 St,7538,40.822756,-73.951346,40.79249519495111,-73.96417066463071,member
1372429,DB03E88C92816FC4,docked_bike,2021-04-14 05:57:50,2021-04-14 06:12:01,Hamilton Pl & W 140 St,7959,Central Park W & W 97 St,7538,40.822756,-73.951346,40.79249519495111,-73.96417066463071,member
1372433,E59040304068EFBE,docked_bike,2021-04-27 13:17:47,2021-04-27 13:35:00,St Nicholas Ave & Manhattan Ave,7723,Central Park W & W 97 St,7538,40.809725,-73.953149,40.79249519495111,-73.96417066463071,casual
1372434,4D8205D79A35C6AD,docked_bike,2021-04-03 10:53:53,2021-04-03 10:59:14,West End Ave & W 94 St,7524,Central Park W & W 97 St,7538,40.794165,-73.974124,40.79249519495111,-73.96417066463071,member
1372443,B5E91BC877D1D985,docked_bike,2021-04-18 12:56:05,2021-04-18 13:56:28,W 54 St & 9 Ave,6920,Central Park W & W 97 St,7538,40.765849,-73.986905,40.79249519495111,-73.96417066463071,casual
1372447,A41A0FE10E7C527D,docked_bike,2021-04-06 18:40:23,2021-04-06 18:44:59,West End Ave & W 94 St,7524,Central Park W & W 97 St,7538,40.794165,-73.974124,40.79249519495111,-73.96417066463071,member
1372449,B430EEBB434FA37E,docked_bike,2021-04-06 06:53:16,2021-04-06 07:30:00,St Nicholas Ave & Manhattan Ave,7723,Central Park W & W 97 St,7538,40.809725,-73.953149,40.79249519495111,-73.96417066463071,member
1372453,FD6BFBD4AA7D6647,docked_bike,2021-04-25 11:32:07,2021-04-25 12:09:42,West End Ave & W 94 St,7524,Central Park W & W 97 St,7538,40.794165,-73.974124,40.792495,-73.964171,casual
1372462,68284D7999B01A81,docked_bike,2021-04-04 14:20:22,2021-04-04 14:46:44,5 Ave & E 126 St,7701,Central Park W & W 97 St,7538,40.80698,-73.941747,40.79249519495111,-73.96417066463071,casual
1372474,7475AB0DEC671E73,docked_bike,2021-04-14 19:11:36,2021-04-14 19:22:41,E 78 St & 2 Ave,7057,Central Park W & W 97 St,7538,40.772796,-73.955778,40.79249519495111,-73.96417066463071,member
1372510,197F30376D04997E,docked_bike,2021-04-26 18:40:29,2021-04-26 18:51:10,5 Ave & E 126 St,7701,Central Park W & W 97 St,7538,40.80698,-73.941747,40.79249519495111,-73.96417066463071,member
1372513,FD536E559B03AC4A,docked_bike,2021-04-10 17:50:50,2021-04-10 18:20:06,E 78 St & 2 Ave,7057,Central Park W & W 97 St,7538,40.772796,-73.955778,40.79249519495111,-73.96417066463071,casual
1372522,756C1E00E8BDFDD1,docked_bike,2021-04-22 17:01:12,2021-04-22 17:28:02,E 33 St & 1 Ave,6197,Central Park W & W 97 St,7538,40.743226,-73.974497,40.79249519495111,-73.96417066463071,member
1372524,5B468F85F8872AA0,docked_bike,2021-04-06 08:25:47,2021-04-06 09:04:08,5 Ave & E 126 St,7701,Central Park W & W 97 St,7538,40.80698,-73.941747,40.79249519495111,-73.96417066463071,member
1372543,391CF42DF6D14F26,docked_bike,2021-04-05 15:55:53,2021-04-05 16:36:00,1 Ave & E 78 St,7020,Central Park W & W 97 St,7538,40.771404,-73.953516,40.79249519495111,-73.96417066463071,member
1372547,86E0B3C228490050,docked_bike,2021-04-27 06:08:39,2021-04-27 06:23:21,1 Ave & E 78 St,7020,Central Park W & W 97 St,7538,40.771404,-73.953516,40.79249519495111,-73.96417066463071,member
1372554,EF7EEA92B2151338,docked_bike,2021-04-19 13:54:43,2021-04-19 14:12:03,1 Ave & E 78 St,7020,Central Park W & W 97 St,7538,40.771404,-73.953516,40.79249519495111,-73.96417066463071,member
1372561,B19332AE2A13973D,docked_bike,2021-04-28 17:10:29,2021-04-28 17:32:53,W 120 St & Claremont Ave,7745,Central Park W & W 97 St,7538,40.810949,-73.9634,40.792495,-73.964171,casual
1372565,EA416315A82F1DBA,docked_bike,2021-04-16 07:49:29,2021-04-16 08:01:14,2 Ave & E 99 St,7386,Central Park W & W 97 St,7538,40.786258,-73.945525,40.79249519495111,-73.96417066463071,member
1372578,469DB34083F7C5A7,docked_bike,2021-04-17 14:06:48,2021-04-17 14:22:36,2 Ave & E 99 St,7386,Central Park W & W 97 St,7538,40.786258,-73.945525,40.79249519495111,-73.96417066463071,member
1372579,C549CCF255DEE7B8,docked_bike,2021-04-06 11:30:19,2021-04-06 11:50:42,W 120 St & Claremont Ave,7745,Central Park W & W 97 St,7538,40.810949,-73.9634,40.792495,-73.964171,member
1372604,F81370C5C7F856C0,docked_bike,2021-04-04 13:41:37,2021-04-04 14:10:20,8 Ave & W 33 St,6450,Central Park W & W 97 St,7538,40.751551,-73.993934,40.79249519495111,-73.96417066463071,member
1372621,2F6039F3A0B9BDD5,docked_bike,2021-04-26 09:46:15,2021-04-26 09:53:25,St. Nicholas Ave & W 126 St,7756,Central Park W & W 97 St,7538,40.811432,-73.951877,40.79249519495111,-73.96417066463071,member
1372630,D4381EA577DC11A4,docked_bike,2021-04-25 12:48:16,2021-04-25 13:00:12,Lenox Ave & W 130 St,7753,Central Park W & W 97 St,7538,40.810792,-73.943068,40.79249519495111,-73.96417066463071,member
1372653,4FDBB9206D49B670,docked_bike,2021-04-03 17:02:28,2021-04-03 17:30:26,Lenox Ave & W 126 St,7720,Central Park W & W 97 St,7538,40.808442,-73.945208,40.79249519495111,-73.96417066463071,casual
1372663,3C19BEF23EC26203,docked_bike,2021-04-10 13:24:40,2021-04-10 13:32:39,Amsterdam Ave & W 125 St,7800,Central Park W & W 97 St,7538,40.813358,-73.956461,40.79249519495111,-73.96417066463071,member
1372691,778996EC0462104F,docked_bike,2021-04-19 19:13:00,2021-04-19 19:55:07,Central Park S & 6 Ave,6876,Central Park W & W 97 St,7538,40.765909,-73.976341,40.79249519495111,-73.96417066463071,casual
1372695,1E0B16F419ADEC6A,docked_bike,2021-04-18 16:29:23,2021-04-18 17:14:37,Central Park S & 6 Ave,6876,Central Park W & W 97 St,7538,40.765909,-73.976341,40.79249519495111,-73.96417066463071,casual
1372697,44FD3F64764F7172,docked_bike,2021-04-24 22:48:58,2021-04-24 23:14:43,Central Park S & 6 Ave,6876,Central Park W & W 97 St,7538,40.765909,-73.976341,40.79249519495111,-73.96417066463071,casual
1372698,FC5D1DE520B142FA,docked_bike,2021-04-08 12:20:33,2021-04-08 12:49:03,Central Park S & 6 Ave,6876,Central Park W & W 97 St,7538,40.765909,-73.976341,40.79249519495111,-73.96417066463071,casual
1372701,6BBA9188613F4901,docked_bike,2021-04-10 12:52:33,2021-04-10 13:06:36,Central Park S & 6 Ave,6876,Central Park W & W 97 St,7538,40.765909,-73.976341,40.79249519495111,-73.96417066463071,member
1372702,08106F7F0B101733,docked_bike,2021-04-06 16:25:20,2021-04-06 17:06:22,Central Park S & 6 Ave,6876,Central Park W & W 97 St,7538,40.765909,-73.976341,40.79249519495111,-73.96417066463071,member
1372704,0226094831400BEA,docked_bike,2021-04-18 17:08:56,2021-04-18 17:57:37,Central Park S & 6 Ave,6876,Central Park W & W 97 St,7538,40.765909,-73.976341,40.79249519495111,-73.96417066463071,casual
1372706,6F0C64876651F34E,docked_bike,2021-04-26 10:29:12,2021-04-26 11:29:33,Central Park S & 6 Ave,6876,Central Park W & W 97 St,7538,40.765909,-73.976341,40.79249519495111,-73.96417066463071,casual
1372713,A0A6EC600DD620D0,docked_bike,2021-04-04 17:07:17,2021-04-04 17:41:40,Central Park S & 6 Ave,6876,Central Park W & W 97 St,7538,40.765909,-73.976341,40.79249519495111,-73.96417066463071,casual
1372718,FC2BC24B9480C27F,docked_bike,2021-04-28 07:37:18,2021-04-28 07:46:47,2 Ave & E 99 St,7386,Central Park W & W 97 St,7538,40.786258,-73.945525,40.79249519495111,-73.96417066463071,member
1372721,15D43E578E432D8D,docked_bike,2021-04-27 09:02:37,2021-04-27 09:14:22,2 Ave & E 99 St,7386,Central Park W & W 97 St,7538,40.786258,-73.945525,40.79249519495111,-73.96417066463071,member
1372732,5F81946A68EDEB7E,docked_bike,2021-04-03 16:57:41,2021-04-03 17:43:20,Central Park S & 6 Ave,6876,Central Park W & W 97 St,7538,40.765909,-73.976341,40.79249519495111,-73.96417066463071,casual
1372736,4EBD3DCA9D5B88D6,docked_bike,2021-04-04 13:46:22,2021-04-04 14:32:54,Central Park S & 6 Ave,6876,Central Park W & W 97 St,7538,40.765909,-73.976341,40.79249519495111,-73.96417066463071,casual
1372740,F6D633AC3857A8F2,docked_bike,2021-04-23 13:06:00,2021-04-23 13:28:14,Central Park S & 6 Ave,6876,Central Park W & W 97 St,7538,40.765909,-73.976341,40.79249519495111,-73.96417066463071,casual
1372758,778AE098754786D9,docked_bike,2021-04-18 15:03:05,2021-04-18 15:23:13,Central Park S & 6 Ave,6876,Central Park W & W 97 St,7538,40.765909,-73.976341,40.79249519495111,-73.96417066463071,casual
1372762,7E2FB50702623F69,docked_bike,2021-04-06 20:37:22,2021-04-06 20:49:46,E 110 St & Madison Ave,7587,Central Park W & W 97 St,7538,40.796153,-73.947821,40.79249519495111,-73.96417066463071,member
1372763,313DBADFAF741838,docked_bike,2021-04-14 20:43:37,2021-04-14 20:55:55,E 110 St & Madison Ave,7587,Central Park W & W 97 St,7538,40.796153,-73.947821,40.79249519495111,-73.96417066463071,member
1372764,0BB852725A381A4D,docked_bike,2021-04-27 20:08:43,2021-04-27 20:19:28,E 110 St & Madison Ave,7587,Central Park W & W 97 St,7538,40.796153,-73.947821,40.79249519495111,-73.96417066463071,member
1372767,D1F09EFB5FCE55E9,docked_bike,2021-04-06 08:46:25,2021-04-06 08:52:21,E 110 St & Madison Ave,7587,Central Park W & W 97 St,7538,40.796153,-73.947821,40.79249519495111,-73.96417066463071,casual
1372771,EC89FDB6AC06203B,docked_bike,2021-04-23 15:48:35,2021-04-23 16:18:38,Central Park S & 6 Ave,6876,Central Park W & W 97 St,7538,40.765909,-73.976341,40.79249519495111,-73.96417066463071,casual
1372772,22E52C26839E24A6,docked_bike,2021-04-10 16:39:51,2021-04-10 17:07:11,Central Park S & 6 Ave,6876,Central Park W & W 97 St,7538,40.765909,-73.976341,40.79249519495111,-73.96417066463071,member
1372775,A1E47E30B87B1EBB,docked_bike,2021-04-08 19:59:10,2021-04-08 21:06:18,Central Park S & 6 Ave,6876,Central Park W & W 97 St,7538,40.765909,-73.976341,40.79249519495111,-73.96417066463071,casual
1372776,4257295B1A3348D4,docked_bike,2021-04-08 20:03:57,2021-04-08 21:06:20,Central Park S & 6 Ave,6876,Central Park W & W 97 St,7538,40.765909,-73.976341,40.79249519495111,-73.96417066463071,casual
1372779,200CED661D416E51,docked_bike,2021-04-25 13:51:08,2021-04-25 14:43:51,Central Park S & 6 Ave,6876,Central Park W & W 97 St,7538,40.765909,-73.976341,40.79249519495111,-73.96417066463071,casual
1372787,C0BAB075550E4209,docked_bike,2021-04-17 17:50:47,2021-04-17 18:16:52,Lenox Ave & W 126 St,7720,Central Park W & W 97 St,7538,40.808442,-73.945208,40.79249519495111,-73.96417066463071,member
1372800,AF8BC6A0CF8E910D,docked_bike,2021-04-23 18:42:27,2021-04-23 18:59:13,Central Park S & 6 Ave,6876,Central Park W & W 97 St,7538,40.765909,-73.976341,40.79249519495111,-73.96417066463071,member
1372802,820DE30036CFB1EC,docked_bike,2021-04-10 14:19:08,2021-04-10 14:42:33,Central Park S & 6 Ave,6876,Central Park W & W 97 St,7538,40.765909,-73.976342,40.792495,-73.964171,casual
1372806,AD8A75C129A2CC38,docked_bike,2021-04-29 16:18:35,2021-04-29 16:50:09,Central Park S & 6 Ave,6876,Central Park W & W 97 St,7538,40.765909,-73.976341,40.79249519495111,-73.96417066463071,casual
1372807,79E1F1284974DD60,docked_bike,2021-04-24 12:19:30,2021-04-24 12:43:36,Central Park S & 6 Ave,6876,Central Park W & W 97 St,7538,40.765909,-73.976341,40.79249519495111,-73.96417066463071,member
1372808,532F0B5DAC6BBC28,docked_bike,2021-04-13 17:06:21,2021-04-13 18:09:39,Central Park S & 6 Ave,6876,Central Park W & W 97 St,7538,40.765909,-73.976341,40.79249519495111,-73.96417066463071,casual
1372810,8B5547A1846CC20C,docked_bike,2021-04-23 19:38:12,2021-04-23 20:22:59,Central Park S & 6 Ave,6876,Central Park W & W 97 St,7538,40.765909,-73.976341,40.79249519495111,-73.96417066463071,casual
1372811,36FC4F41DC7B2A36,docked_bike,2021-04-26 10:30:13,2021-04-26 11:30:30,Central Park S & 6 Ave,6876,Central Park W & W 97 St,7538,40.765909,-73.976341,40.79249519495111,-73.96417066463071,casual
1372812,DE4364F4B330DB10,docked_bike,2021-04-08 18:15:49,2021-04-08 18:33:01,Central Park S & 6 Ave,6876,Central Park W & W 97 St,7538,40.765909,-73.976341,40.79249519495111,-73.96417066463071,casual
1372818,91BA0A13E8CF6658,docked_bike,2021-04-05 16:07:14,2021-04-05 16:35:34,Central Park S & 6 Ave,6876,Central Park W & W 97 St,7538,40.765909,-73.976341,40.79249519495111,-73.96417066463071,casual
1372819,02383027BA28E59A,docked_bike,2021-04-23 16:06:01,2021-04-23 17:16:38,Central Park S & 6 Ave,6876,Central Park W & W 97 St,7538,40.765909,-73.976341,40.79249519495111,-73.96417066463071,casual
1372820,DBA2CD3902D3BD97,docked_bike,2021-04-24 15:26:56,2021-04-24 16:23:59,Central Park S & 6 Ave,6876,Central Park W & W 97 St,7538,40.765909,-73.976341,40.79249519495111,-73.96417066463071,casual
1372821,95C1C36928DD15B1,docked_bike,2021-04-07 06:19:45,2021-04-07 06:35:35,Central Park S & 6 Ave,6876,Central Park W & W 97 St,7538,40.765909,-73.976341,40.79249519495111,-73.96417066463071,member
1372823,D2054B1502AFCFFC,docked_bike,2021-04-23 19:19:03,2021-04-23 20:22:49,Central Park S & 6 Ave,6876,Central Park W & W 97 St,7538,40.765909,-73.976341,40.79249519495111,-73.96417066463071,casual
1372824,52211E584575367F,docked_bike,2021-04-07 09:36:35,2021-04-07 10:02:58,Central Park S & 6 Ave,6876,Central Park W & W 97 St,7538,40.765909,-73.976342,40.792495,-73.964171,casual
1372839,54EC293B8AA5ACEA,docked_bike,2021-04-18 16:28:36,2021-04-18 17:14:29,Central Park S & 6 Ave,6876,Central Park W & W 97 St,7538,40.765909,-73.976341,40.79249519495111,-73.96417066463071,casual
1372842,52637DC99848C5B3,docked_bike,2021-04-20 16:22:31,2021-04-20 16:53:09,Central Park S & 6 Ave,6876,Central Park W & W 97 St,7538,40.765909,-73.976341,40.79249519495111,-73.96417066463071,casual
1372844,926C519B7F635D07,docked_bike,2021-04-09 14:02:57,2021-04-09 14:26:39,Central Park S & 6 Ave,6876,Central Park W & W 97 St,7538,40.765909,-73.976342,40.792495,-73.964171,casual
1372849,8FAF49518E11ACD8,docked_bike,2021-04-07 13:29:17,2021-04-07 13:53:53,Central Park S & 6 Ave,6876,Central Park W & W 97 St,7538,40.765909,-73.976341,40.79249519495111,-73.96417066463071,casual
1372850,EBA6F78A6827E5AF,docked_bike,2021-04-04 13:47:41,2021-04-04 14:15:34,E 110 St & Madison Ave,7587,Central Park W & W 97 St,7538,40.796153,-73.947821,40.79249519495111,-73.96417066463071,casual
1372851,666FEC0892005145,docked_bike,2021-04-14 09:53:57,2021-04-14 10:10:49,Central Park S & 6 Ave,6876,Central Park W & W 97 St,7538,40.765909,-73.976341,40.79249519495111,-73.96417066463071,member
1372858,13143E531FCB83C1,docked_bike,2021-04-24 12:32:40,2021-04-24 12:44:49,Central Park S & 6 Ave,6876,Central Park W & W 97 St,7538,40.765909,-73.976341,40.79249519495111,-73.96417066463071,member
1372863,D13F36FF2893897F,docked_bike,2021-04-18 16:45:36,2021-04-18 18:27:19,Central Park S & 6 Ave,6876,Central Park W & W 97 St,7538,40.765909,-73.976341,40.79249519495111,-73.96417066463071,casual
1372866,836D6DC062D4FC1F,docked_bike,2021-04-24 13:42:32,2021-04-24 14:07:12,Central Park S & 6 Ave,6876,Central Park W & W 97 St,7538,40.765909,-73.976341,40.79249519495111,-73.96417066463071,member
1372872,D896BF0D5CB96A12,docked_bike,2021-04-14 17:16:21,2021-04-14 17:45:45,Central Park S & 6 Ave,6876,Central Park W & W 97 St,7538,40.765909,-73.976342,40.792495,-73.964171,casual
1372875,000253F623A4BEB8,docked_bike,2021-04-22 17:52:15,2021-04-22 18:09:00,E 58 St & 3 Ave,6762,Central Park W & W 97 St,7538,40.760957,-73.967244,40.79249519495111,-73.96417066463071,casual
1372906,6FBE5C99C4F68B10,docked_bike,2021-04-01 18:26:43,2021-04-01 18:44:39,E 58 St & 3 Ave,6762,Central Park W & W 97 St,7538,40.760957,-73.967244,40.79249519495111,-73.96417066463071,member
1372915,F2CD53435B5835D7,docked_bike,2021-04-10 14:21:57,2021-04-10 14:44:20,Convent Ave & W 135 St,7860,Central Park W & W 97 St,7538,40.818215,-73.950988,40.792495,-73.964171,casual
1372923,B470A8C424629712,docked_bike,2021-04-06 20:02:12,2021-04-06 20:13:05,E 110 St & Madison Ave,7587,Central Park W & W 97 St,7538,40.796153,-73.947821,40.79249519495111,-73.96417066463071,member
1372925,F36E00D1B2A4AC9A,docked_bike,2021-04-05 17:02:09,2021-04-05 17:27:02,E 110 St & Madison Ave,7587,Central Park W & W 97 St,7538,40.796154,-73.947821,40.792495,-73.964171,member
1372926,FF9138060F179E06,docked_bike,2021-04-10 15:29:16,2021-04-10 15:59:07,Central Park S & 6 Ave,6876,Central Park W & W 97 St,7538,40.765909,-73.976342,40.792495,-73.964171,casual
1372928,57B9EA1A1DC284D9,docked_bike,2021-04-18 16:57:22,2021-04-18 18:26:47,Central Park S & 6 Ave,6876,Central Park W & W 97 St,7538,40.765909,-73.976341,40.79249519495111,-73.96417066463071,casual
1372931,5E866137255981F2,docked_bike,2021-04-23 17:48:29,2021-04-23 18:34:34,Central Park S & 6 Ave,6876,Central Park W & W 97 St,7538,40.765909,-73.976341,40.79249519495111,-73.96417066463071,member
1372932,588177B7B8499160,docked_bike,2021-04-07 18:54:34,2021-04-07 19:20:12,Central Park S & 6 Ave,6876,Central Park W & W 97 St,7538,40.765909,-73.976342,40.792495,-73.964171,casual
1372938,159A9FBBFDF93817,docked_bike,2021-04-19 18:36:50,2021-04-19 18:47:23,Central Park S & 6 Ave,6876,Central Park W & W 97 St,7538,40.765909,-73.976341,40.79249519495111,-73.96417066463071,member
1372942,FFD081F56870E6C5,docked_bike,2021-04-06 19:21:42,2021-04-06 19:32:46,Central Park S & 6 Ave,6876,Central Park W & W 97 St,7538,40.765909,-73.976341,40.79249519495111,-73.96417066463071,member
1372943,2A108BE305DF1503,docked_bike,2021-04-24 16:15:11,2021-04-24 16:51:27,Central Park S & 6 Ave,6876,Central Park W & W 97 St,7538,40.765909,-73.976341,40.79249519495111,-73.96417066463071,casual
1372945,52ADDBDA9FB96478,docked_bike,2021-04-18 14:13:13,2021-04-18 14:27:34,Central Park S & 6 Ave,6876,Central Park W & W 97 St,7538,40.765909,-73.976341,40.79249519495111,-73.96417066463071,member
1372946,5581C3C4A298CC42,docked_bike,2021-04-24 15:24:47,2021-04-24 16:24:54,Central Park S & 6 Ave,6876,Central Park W & W 97 St,7538,40.765909,-73.976341,40.79249519495111,-73.96417066463071,casual
1372949,6CECC91BB11AD982,docked_bike,2021-04-24 16:15:43,2021-04-24 16:51:44,Central Park S & 6 Ave,6876,Central Park W & W 97 St,7538,40.765909,-73.976341,40.79249519495111,-73.96417066463071,casual
1372951,E76723D4F27DEF03,docked_bike,2021-04-17 13:40:02,2021-04-17 13:50:35,Central Park S & 6 Ave,6876,Central Park W & W 97 St,7538,40.765909,-73.976341,40.79249519495111,-73.96417066463071,member
1372952,B09F7957A73849C0,docked_bike,2021-04-25 14:00:01,2021-04-25 14:45:45,Central Park S & 6 Ave,6876,Central Park W & W 97 St,7538,40.765909,-73.976341,40.79249519495111,-73.96417066463071,casual
1372955,879DE29237171B22,docked_bike,2021-04-23 09:32:06,2021-04-23 10:34:58,Central Park S & 6 Ave,6876,Central Park W & W 97 St,7538,40.765909,-73.976342,40.792495,-73.964171,member
1372958,7FF3AB883EAA36E7,docked_bike,2021-04-10 16:40:00,2021-04-10 17:06:13,Central Park S & 6 Ave,6876,Central Park W & W 97 St,7538,40.765909,-73.976341,40.79249519495111,-73.96417066463071,casual
1372959,A114D094195CB8B9,docked_bike,2021-04-18 16:45:45,2021-04-18 18:18:06,Central Park S & 6 Ave,6876,Central Park W & W 97 St,7538,40.765909,-73.976341,40.79249519495111,-73.96417066463071,member
1372963,054FFAB04AAFA1D8,docked_bike,2021-04-04 17:07:11,2021-04-04 17:41:39,Central Park S & 6 Ave,6876,Central Park W & W 97 St,7538,40.765909,-73.976341,40.79249519495111,-73.96417066463071,casual
1372964,C0B771B1A0BBB3BA,docked_bike,2021-04-16 15:55:51,2021-04-16 16:08:31,Central Park S & 6 Ave,6876,Central Park W & W 97 St,7538,40.765909,-73.976341,40.79249519495111,-73.96417066463071,member
1372965,1A4F2C31C1155302,docked_bike,2021-04-04 13:47:06,2021-04-04 14:31:03,Central Park S & 6 Ave,6876,Central Park W & W 97 St,7538,40.765909,-73.976341,40.79249519495111,-73.96417066463071,casual
1372973,DBF9CBACD0769FA8,docked_bike,2021-04-16 10:57:35,2021-04-16 11:09:17,E 110 St & Madison Ave,7587,Central Park W & W 97 St,7538,40.796153,-73.947821,40.79249519495111,-73.96417066463071,member
1372975,B284FB0CAA7F2BCA,docked_bike,2021-04-24 08:17:00,2021-04-24 08:55:20,Central Park S & 6 Ave,6876,Central Park W & W 97 St,7538,40.765909,-73.976341,40.79249519495111,-73.96417066463071,member
1372984,6F2CA852E28CAB22,docked_bike,2021-04-04 15:10:57,2021-04-04 15:53:47,Central Park S & 6 Ave,6876,Central Park W & W 97 St,7538,40.765909,-73.976341,40.79249519495111,-73.96417066463071,casual
1372985,66AF7D0A77F3997A,docked_bike,2021-04-23 09:33:59,2021-04-23 10:34:50,Central Park S & 6 Ave,6876,Central Park W & W 97 St,7538,40.765909,-73.976341,40.79249519495111,-73.96417066463071,member
1372986,F6C50C0C2B22B6D2,docked_bike,2021-04-11 02:16:04,2021-04-11 03:10:24,Central Park S & 6 Ave,6876,Central Park W & W 97 St,7538,40.765909,-73.976341,40.79249519495111,-73.96417066463071,casual
1372987,0B8EF82FE251602B,docked_bike,2021-04-21 22:19:27,2021-04-21 22:38:18,Pershing Square North,6432,Central Park W & W 97 St,7538,40.751873,-73.977706,40.79249519495111,-73.96417066463071,member
1372995,A2126C261DAFC6A7,docked_bike,2021-04-27 18:31:22,2021-04-27 18:46:14,Central Park S & 6 Ave,6876,Central Park W & W 97 St,7538,40.765909,-73.976341,40.79249519495111,-73.96417066463071,member
1372996,F2E1966CC7116291,docked_bike,2021-04-06 18:25:57,2021-04-06 18:40:42,Central Park S & 6 Ave,6876,Central Park W & W 97 St,7538,40.765909,-73.976341,40.79249519495111,-73.96417066463071,member
1372998,D83065602CBCF2D2,docked_bike,2021-04-17 15:30:18,2021-04-17 16:46:52,Central Park S & 6 Ave,6876,Central Park W & W 97 St,7538,40.765909,-73.976342,40.792495,-73.964171,casual
1373002,241BC79739E1312D,docked_bike,2021-04-18 17:11:04,2021-04-18 17:56:10,Central Park S & 6 Ave,6876,Central Park W & W 97 St,7538,40.765909,-73.976341,40.79249519495111,-73.96417066463071,casual
1373003,4C5799EA30EC7A4C,docked_bike,2021-04-04 14:31:49,2021-04-04 15:01:04,Central Park S & 6 Ave,6876,Central Park W & W 97 St,7538,40.765909,-73.976341,40.79249519495111,-73.96417066463071,member
1373007,695906ACDAD00779,docked_bike,2021-04-03 16:58:12,2021-04-03 17:43:31,Central Park S & 6 Ave,6876,Central Park W & W 97 St,7538,40.765909,-73.976341,40.79249519495111,-73.96417066463071,casual
1373011,92B775E557C5AD92,docked_bike,2021-04-25 14:20:22,2021-04-25 14:47:13,Central Park S & 6 Ave,6876,Central Park W & W 97 St,7538,40.765909,-73.976341,40.79249519495111,-73.96417066463071,member
1373012,74A26F3EAB961C08,docked_bike,2021-04-25 17:54:57,2021-04-25 18:13:10,Central Park S & 6 Ave,6876,Central Park W & W 97 St,7538,40.765909,-73.976341,40.79249519495111,-73.96417066463071,member
1373016,0D9B04E80523CCCD,docked_bike,2021-04-17 11:32:32,2021-04-17 12:12:06,E 110 St & Madison Ave,7587,Central Park W & W 97 St,7538,40.796153,-73.947821,40.79249519495111,-73.96417066463071,casual
1373017,6B9B83D139708107,docked_bike,2021-04-04 15:11:58,2021-04-04 15:54:04,Central Park S & 6 Ave,6876,Central Park W & W 97 St,7538,40.765909,-73.976341,40.79249519495111,-73.96417066463071,casual
1373018,29F8ABE8197CB62F,docked_bike,2021-04-12 20:19:33,2021-04-12 20:28:38,E 110 St & Madison Ave,7587,Central Park W & W 97 St,7538,40.796153,-73.947821,40.79249519495111,-73.96417066463071,member
1373019,436CA2555F200573,docked_bike,2021-04-17 11:21:18,2021-04-17 11:54:59,Central Park S & 6 Ave,6876,Central Park W & W 97 St,7538,40.765909,-73.976341,40.79249519495111,-73.96417066463071,casual
1373021,856F8311F6DC0722,docked_bike,2021-04-14 17:16:15,2021-04-14 17:45:36,Central Park S & 6 Ave,6876,Central Park W & W 97 St,7538,40.765909,-73.976342,40.792495,-73.964171,casual
1373022,B984E8C551EC2256,docked_bike,2021-04-10 11:33:35,2021-04-10 11:52:46,Central Park S & 6 Ave,6876,Central Park W & W 97 St,7538,40.765909,-73.976341,40.79249519495111,-73.96417066463071,member
1373024,3D37F9D2704820A6,docked_bike,2021-04-04 13:49:19,2021-04-04 14:19:12,E 110 St & Madison Ave,7587,Central Park W & W 97 St,7538,40.796153,-73.947821,40.79249519495111,-73.96417066463071,casual
1373026,C3A26D663C7B9BC4,docked_bike,2021-04-17 11:18:44,2021-04-17 11:57:40,Central Park S & 6 Ave,6876,Central Park W & W 97 St,7538,40.765909,-73.976341,40.79249519495111,-73.96417066463071,casual
1373027,52262D70014F3909,docked_bike,2021-04-16 17:26:53,2021-04-16 17:35:26,E 110 St & Madison Ave,7587,Central Park W & W 97 St,7538,40.796153,-73.947821,40.79249519495111,-73.96417066463071,member
1373033,928E1368A75AB6E1,docked_bike,2021-04-25 14:00:33,2021-04-25 14:45:39,Central Park S & 6 Ave,6876,Central Park W & W 97 St,7538,40.765909,-73.976341,40.79249519495111,-73.96417066463071,casual
1373035,FE0F4152104020FE,docked_bike,2021-04-10 12:51:41,2021-04-10 13:19:14,Central Park S & 6 Ave,6876,Central Park W & W 97 St,7538,40.765909,-73.976341,40.79249519495111,-73.96417066463071,casual
1373036,5AE702F8A8CE05C8,docked_bike,2021-04-18 14:52:21,2021-04-18 15:30:50,Central Park S & 6 Ave,6876,Central Park W & W 97 St,7538,40.765909,-73.976341,40.79249519495111,-73.96417066463071,casual
1373037,D92233FBE57D10FF,docked_bike,2021-04-18 14:52:44,2021-04-18 15:30:48,Central Park S & 6 Ave,6876,Central Park W & W 97 St,7538,40.765909,-73.976341,40.79249519495111,-73.96417066463071,casual
1373039,366D1CCC398B6B94,docked_bike,2021-04-08 20:09:09,2021-04-08 21:05:48,Central Park S & 6 Ave,6876,Central Park W & W 97 St,7538,40.765909,-73.976341,40.79249519495111,-73.96417066463071,casual
1373040,FFA72B6B39101741,docked_bike,2021-04-17 11:18:04,2021-04-17 11:57:58,Central Park S & 6 Ave,6876,Central Park W & W 97 St,7538,40.765909,-73.976341,40.79249519495111,-73.96417066463071,casual
1373041,8B442740940DD55E,docked_bike,2021-04-28 18:55:02,2021-04-28 19:12:49,Central Park S & 6 Ave,6876,Central Park W & W 97 St,7538,40.765909,-73.976341,40.79249519495111,-73.96417066463071,member
1373043,41DDC587F2CFB504,docked_bike,2021-04-04 13:40:29,2021-04-04 14:31:14,Central Park S & 6 Ave,6876,Central Park W & W 97 St,7538,40.765909,-73.976341,40.79249519495111,-73.96417066463071,casual
1373044,E04F5D1C5993A595,docked_bike,2021-04-17 10:09:25,2021-04-17 10:20:45,E 110 St & Madison Ave,7587,Central Park W & W 97 St,7538,40.796153,-73.947821,40.79249519495111,-73.96417066463071,member
1373048,810228A1D8BC0562,docked_bike,2021-04-26 15:48:34,2021-04-26 16:03:15,E 110 St & Madison Ave,7587,Central Park W & W 97 St,7538,40.796153,-73.947821,40.79249519495111,-73.96417066463071,member
1373049,C1D1B25BBC00B0ED,docked_bike,2021-04-29 19:43:46,2021-04-29 19:56:18,E 110 St & Madison Ave,7587,Central Park W & W 97 St,7538,40.796153,-73.947821,40.79249519495111,-73.96417066463071,member
1373050,347FC1856A3A8699,docked_bike,2021-04-16 15:33:32,2021-04-16 15:46:48,E 110 St & Madison Ave,7587,Central Park W & W 97 St,7538,40.796153,-73.947821,40.79249519495111,-73.96417066463071,member
1373051,8B32533F9EE9E67D,docked_bike,2021-04-02 15:49:50,2021-04-02 16:05:29,E 110 St & Madison Ave,7587,Central Park W & W 97 St,7538,40.796153,-73.947821,40.79249519495111,-73.96417066463071,member
1373083,19460F4112C6DA83,docked_bike,2021-04-08 08:24:54,2021-04-08 08:39:22,W 135 St & Lenox Terrace Pl,7832,Central Park W & W 97 St,7538,40.813619,-73.939336,40.79249519495111,-73.96417066463071,member
1373089,2FA91C00FC32C444,docked_bike,2021-04-03 13:27:50,2021-04-03 13:46:01,E 93 St & 2 Ave,7286,Central Park W & W 97 St,7538,40.782454,-73.948919,40.79249519495111,-73.96417066463071,member
1373126,56D2DC70CA389672,docked_bike,2021-04-13 17:47:44,2021-04-13 18:02:59,W 135 St & Lenox Terrace Pl,7832,Central Park W & W 97 St,7538,40.813619,-73.939336,40.79249519495111,-73.96417066463071,member
1373131,32EED66662E45762,docked_bike,2021-04-03 13:28:03,2021-04-03 13:45:51,E 93 St & 2 Ave,7286,Central Park W & W 97 St,7538,40.782454,-73.94892,40.792495,-73.964171,member
1373139,C248DD17D6ECDBEC,docked_bike,2021-04-28 15:31:08,2021-04-28 17:31:31,E 93 St & 2 Ave,7286,Central Park W & W 97 St,7538,40.782454,-73.948919,40.79249519495111,-73.96417066463071,casual
1373144,EA09A2CABF3F1EBC,docked_bike,2021-04-23 20:48:29,2021-04-23 21:14:01,Pershing Square North,6432,Central Park W & W 97 St,7538,40.751873,-73.977706,40.79249519495111,-73.96417066463071,member
1373177,B33D74E8BFDEDD83,docked_bike,2021-04-04 14:20:30,2021-04-04 14:46:51,5 Ave & E 126 St,7701,Central Park W & W 97 St,7538,40.80698,-73.941747,40.79249519495111,-73.96417066463071,casual
1373183,321CC2F4C2356C8C,docked_bike,2021-04-10 02:44:15,2021-04-10 03:08:33,E 33 St & 1 Ave,6197,Central Park W & W 97 St,7538,40.743226,-73.974497,40.79249519495111,-73.96417066463071,member
1373184,6053096E5987B7B4,docked_bike,2021-04-06 12:24:56,2021-04-06 12:54:56,E 33 St & 1 Ave,6197,Central Park W & W 97 St,7538,40.743226,-73.974497,40.79249519495111,-73.96417066463071,member
1373193,A919F7FC4557AA34,docked_bike,2021-04-28 15:10:04,2021-04-28 15:30:18,E 58 St & 3 Ave,6762,Central Park W & W 97 St,7538,40.760957,-73.967244,40.79249519495111,-73.96417066463071,member
1373216,5039191E9CD27B75,docked_bike,2021-04-28 14:07:52,2021-04-28 14:29:01,St Nicholas Ave & W 150 St,8013,Central Park W & W 97 St,7538,40.827212,-73.942722,40.79249519495111,-73.96417066463071,member
1373228,13EDC0BCD9F97A92,docked_bike,2021-04-26 14:40:46,2021-04-26 14:51:27,E 91 St & Park Ave,7344,Central Park W & W 97 St,7538,40.783501,-73.955327,40.79249519495111,-73.96417066463071,member
1373235,29496DC6FDF8EC1E,docked_bike,2021-04-17 14:11:39,2021-04-17 14:54:43,5 Ave & E 72 St,7100,Central Park W & W 97 St,7538,40.772828,-73.966852,40.79249519495111,-73.96417066463071,casual
1373236,599FD80B007E8116,docked_bike,2021-04-13 21:44:49,2021-04-13 22:04:59,Adam Clayton Powell Blvd & W 138 St,7855,Central Park W & W 97 St,7538,40.816959,-73.942295,40.79249519495111,-73.96417066463071,member
1373241,14F85412945F7856,docked_bike,2021-04-10 12:09:52,2021-04-10 12:24:26,5 Ave & E 72 St,7100,Central Park W & W 97 St,7538,40.772828,-73.966852,40.79249519495111,-73.96417066463071,member
1373243,87F6216663E77471,docked_bike,2021-04-16 14:04:12,2021-04-16 14:16:01,E 91 St & Park Ave,7344,Central Park W & W 97 St,7538,40.783502,-73.955327,40.792495,-73.964171,member
1373247,7FCB7EE608A48482,docked_bike,2021-04-03 11:39:05,2021-04-03 11:51:24,E 91 St & Park Ave,7344,Central Park W & W 97 St,7538,40.783501,-73.955327,40.79249519495111,-73.96417066463071,member
1373248,0C99A04F6842F308,docked_bike,2021-04-17 16:50:52,2021-04-17 17:36:45,5 Ave & E 72 St,7100,Central Park W & W 97 St,7538,40.772828,-73.966852,40.79249519495111,-73.96417066463071,member
1373249,28FF8BA6B810BCA7,docked_bike,2021-04-09 15:21:08,2021-04-09 15:45:10,5 Ave & E 72 St,7100,Central Park W & W 97 St,7538,40.772828,-73.966852,40.79249519495111,-73.96417066463071,member
1373250,531D4A568DD07A0E,docked_bike,2021-04-05 17:28:24,2021-04-05 18:05:10,5 Ave & E 72 St,7100,Central Park W & W 97 St,7538,40.772828,-73.966852,40.79249519495111,-73.96417066463071,member
1373256,537B0C9DC060561B,docked_bike,2021-04-22 17:04:41,2021-04-22 17:29:48,W 51 St & Rockefeller Plaza,6700,Central Park W & W 97 St,7538,40.759699,-73.978081,40.79249519495111,-73.96417066463071,member
1373259,01CF2B6E5557FA93,docked_bike,2021-04-30 21:50:10,2021-04-30 22:11:56,W 51 St & Rockefeller Plaza,6700,Central Park W & W 97 St,7538,40.759699,-73.978081,40.79249519495111,-73.96417066463071,member
1373260,5A87F3ADB3723C91,docked_bike,2021-04-24 12:31:17,2021-04-24 13:00:28,5 Ave & E 72 St,7100,Central Park W & W 97 St,7538,40.772828,-73.966852,40.79249519495111,-73.96417066463071,member
1373263,ED489CA5A38C67FE,docked_bike,2021-04-21 12:47:00,2021-04-21 12:54:34,E 91 St & Park Ave,7344,Central Park W & W 97 St,7538,40.783501,-73.955327,40.79249519495111,-73.96417066463071,member
1373264,84D4F4D4601C279C,docked_bike,2021-04-28 12:43:14,2021-04-28 13:05:51,5 Ave & E 72 St,7100,Central Park W & W 97 St,7538,40.772828,-73.966852,40.79249519495111,-73.96417066463071,casual
1373266,0BC0A7C293864F91,docked_bike,2021-04-23 15:50:13,2021-04-23 16:41:33,5 Ave & E 72 St,7100,Central Park W & W 97 St,7538,40.772828,-73.966852,40.79249519495111,-73.96417066463071,casual
1373267,28F8B592DF7A6013,docked_bike,2021-04-23 15:51:41,2021-04-23 16:41:34,5 Ave & E 72 St,7100,Central Park W & W 97 St,7538,40.772828,-73.966852,40.79249519495111,-73.96417066463071,casual
1373269,DA6450AD7FFA8744,docked_bike,2021-04-13 13:37:24,2021-04-13 14:06:21,Madison Ave & E 99 St,7443,Central Park W & W 97 St,7538,40.789485,-73.952429,40.79249519495111,-73.96417066463071,member
1373270,B6B0C5007ADB77B5,docked_bike,2021-04-18 18:20:13,2021-04-18 18:39:44,5 Ave & E 72 St,7100,Central Park W & W 97 St,7538,40.772828,-73.966852,40.79249519495111,-73.96417066463071,member
1373271,8A99CA856706F387,docked_bike,2021-04-26 18:38:58,2021-04-26 18:54:46,E 118 St & Madison Ave,7640,Central Park W & W 97 St,7538,40.801486,-73.94425,40.79249519495111,-73.96417066463071,casual
1373272,B852F77CFB637A4D,docked_bike,2021-04-10 15:14:01,2021-04-10 15:35:31,5 Ave & E 72 St,7100,Central Park W & W 97 St,7538,40.772828,-73.966852,40.79249519495111,-73.96417066463071,member
1373273,2C48E48D55D6A86E,docked_bike,2021-04-24 15:26:46,2021-04-24 15:56:03,5 Ave & E 72 St,7100,Central Park W & W 97 St,7538,40.772828,-73.966852,40.79249519495111,-73.96417066463071,casual
1373275,52205B4499F752D3,docked_bike,2021-04-23 19:45:48,2021-04-23 19:58:59,5 Ave & E 72 St,7100,Central Park W & W 97 St,7538,40.772828,-73.966852,40.79249519495111,-73.96417066463071,member
1373276,25D341B39605002B,docked_bike,2021-04-27 08:22:02,2021-04-27 08:31:49,E 91 St & Park Ave,7344,Central Park W & W 97 St,7538,40.783501,-73.955327,40.79249519495111,-73.96417066463071,member
1373282,0ACB0E9AA91F4E4D,docked_bike,2021-04-14 10:37:38,2021-04-14 10:49:01,E 68 St & Madison Ave,6932,Central Park W & W 97 St,7538,40.769157,-73.967034,40.79249519495111,-73.96417066463071,member
1373284,B05E94DEC6BE4A2C,docked_bike,2021-04-24 12:00:40,2021-04-24 12:23:51,5 Ave & E 72 St,7100,Central Park W & W 97 St,7538,40.772828,-73.966852,40.79249519495111,-73.96417066463071,member
1373286,8F8B31F8D5B88065,docked_bike,2021-04-27 16:15:26,2021-04-27 16:24:12,Madison Ave & E 99 St,7443,Central Park W & W 97 St,7538,40.789485,-73.952429,40.79249519495111,-73.96417066463071,member
1373287,993B3E0EA04A8B86,docked_bike,2021-04-24 20:44:39,2021-04-24 21:10:22,E 91 St & Park Ave,7344,Central Park W & W 97 St,7538,40.783501,-73.955327,40.79249519495111,-73.96417066463071,casual
1373288,5676C34945F30118,docked_bike,2021-04-29 13:55:36,2021-04-29 14:05:42,E 91 St & Park Ave,7344,Central Park W & W 97 St,7538,40.783501,-73.955327,40.79249519495111,-73.96417066463071,member
1373290,E78C4719445E8F52,docked_bike,2021-04-27 12:54:48,2021-04-27 13:04:08,E 91 St & Park Ave,7344,Central Park W & W 97 St,7538,40.783501,-73.955327,40.79249519495111,-73.96417066463071,member
1373296,3B793958EEC799DD,docked_bike,2021-04-14 17:21:47,2021-04-14 17:33:18,5 Ave & E 72 St,7100,Central Park W & W 97 St,7538,40.772828,-73.966852,40.79249519495111,-73.96417066463071,member
1373297,78DB916EA80032F9,docked_bike,2021-04-15 07:58:30,2021-04-15 08:07:33,Madison Ave & E 99 St,7443,Central Park W & W 97 St,7538,40.789485,-73.952429,40.79249519495111,-73.96417066463071,casual
1373298,765FDB27BD5553AA,docked_bike,2021-04-24 15:19:16,2021-04-24 16:10:14,5 Ave & E 72 St,7100,Central Park W & W 97 St,7538,40.772828,-73.966852,40.79249519495111,-73.96417066463071,casual
1373299,53F40C5847E92B89,docked_bike,2021-04-04 16:14:47,2021-04-04 17:37:38,5 Ave & E 72 St,7100,Central Park W & W 97 St,7538,40.772828,-73.966852,40.79249519495111,-73.96417066463071,casual
1373300,BB439E96BA88ADC9,docked_bike,2021-04-20 18:21:22,2021-04-20 19:11:17,5 Ave & E 72 St,7100,Central Park W & W 97 St,7538,40.772828,-73.966852,40.79249519495111,-73.96417066463071,member
1373302,4A38B6638DD59DED,docked_bike,2021-04-29 13:39:41,2021-04-29 13:55:18,5 Ave & E 72 St,7100,Central Park W & W 97 St,7538,40.772828,-73.966852,40.79249519495111,-73.96417066463071,member
1373312,DE8B9B8DD3E6A20D,docked_bike,2021-04-19 15:26:33,2021-04-19 15:47:39,W 51 St & Rockefeller Plaza,6700,Central Park W & W 97 St,7538,40.759699,-73.978081,40.79249519495111,-73.96417066463071,member
1373314,B762FF83A6ED6463,docked_bike,2021-04-30 16:02:46,2021-04-30 16:23:33,W 51 St & Rockefeller Plaza,6700,Central Park W & W 97 St,7538,40.759699,-73.978081,40.79249519495111,-73.96417066463071,member
1373315,6F92D4EC8CE1C44B,docked_bike,2021-04-10 16:46:32,2021-04-10 17:05:09,5 Ave & E 72 St,7100,Central Park W & W 97 St,7538,40.772828,-73.966852,40.79249519495111,-73.96417066463071,casual
1373316,AA3BFE08359268B8,docked_bike,2021-04-06 12:23:35,2021-04-06 12:40:02,5 Ave & E 72 St,7100,Central Park W & W 97 St,7538,40.772828,-73.966853,40.792495,-73.964171,member
1373317,D8DA811104E7683F,docked_bike,2021-04-17 14:12:30,2021-04-17 14:55:38,5 Ave & E 72 St,7100,Central Park W & W 97 St,7538,40.772828,-73.966852,40.79249519495111,-73.96417066463071,casual
1373319,55F46AD8241CE600,docked_bike,2021-04-09 16:14:44,2021-04-09 16:33:15,5 Ave & E 72 St,7100,Central Park W & W 97 St,7538,40.772828,-73.966852,40.79249519495111,-73.96417066463071,member
1373321,B621CF1E14054F1B,docked_bike,2021-04-04 16:15:44,2021-04-04 17:36:57,5 Ave & E 72 St,7100,Central Park W & W 97 St,7538,40.772828,-73.966852,40.79249519495111,-73.96417066463071,casual
1373322,40939E145FD1157F,docked_bike,2021-04-22 20:12:45,2021-04-22 20:22:14,E 91 St & Park Ave,7344,Central Park W & W 97 St,7538,40.783501,-73.955327,40.79249519495111,-73.96417066463071,member
1373325,59CC7E26304762D4,docked_bike,2021-04-09 11:02:37,2021-04-09 11:11:40,E 91 St & Park Ave,7344,Central Park W & W 97 St,7538,40.783501,-73.955327,40.79249519495111,-73.96417066463071,member
1373333,13F9FE196A11B8C1,docked_bike,2021-04-06 20:08:17,2021-04-06 20:14:00,Madison Ave & E 99 St,7443,Central Park W & W 97 St,7538,40.789485,-73.952429,40.79249519495111,-73.96417066463071,member
1373334,A83CA357AEA5F90C,docked_bike,2021-04-12 11:25:51,2021-04-12 11:41:25,5 Ave & E 72 St,7100,Central Park W & W 97 St,7538,40.772828,-73.966852,40.79249519495111,-73.96417066463071,member
1373335,FBFBC0EE72805C78,docked_bike,2021-04-30 09:05:14,2021-04-30 09:20:19,5 Ave & E 72 St,7100,Central Park W & W 97 St,7538,40.772828,-73.966852,40.79249519495111,-73.96417066463071,member
1373336,A152CA412E048370,docked_bike,2021-04-22 09:02:18,2021-04-22 09:12:32,E 91 St & Park Ave,7344,Central Park W & W 97 St,7538,40.783501,-73.955327,40.79249519495111,-73.96417066463071,member
1373339,1A167B7358A75EFD,docked_bike,2021-04-24 15:19:35,2021-04-24 16:10:24,5 Ave & E 72 St,7100,Central Park W & W 97 St,7538,40.772828,-73.966852,40.79249519495111,-73.96417066463071,casual
1373340,19C0C646B1B10246,docked_bike,2021-04-20 08:14:30,2021-04-20 08:32:11,Adam Clayton Powell Blvd & W 138 St,7855,Central Park W & W 97 St,7538,40.81696,-73.942296,40.792495,-73.964171,member
1373345,D24D0D739F15D365,docked_bike,2021-04-17 16:51:07,2021-04-17 17:39:51,5 Ave & E 72 St,7100,Central Park W & W 97 St,7538,40.772828,-73.966852,40.79249519495111,-73.96417066463071,casual
1373346,2917BE292A848021,docked_bike,2021-04-07 11:38:54,2021-04-07 12:03:35,Adam Clayton Powell Blvd & W 138 St,7855,Central Park W & W 97 St,7538,40.816959,-73.942295,40.79249519495111,-73.96417066463071,member
1373349,466C5F0C1AB4E1CC,docked_bike,2021-04-14 10:30:35,2021-04-14 10:42:16,E 91 St & Park Ave,7344,Central Park W & W 97 St,7538,40.783501,-73.955327,40.79249519495111,-73.96417066463071,member
1373350,05BF7C5469D0B0F4,docked_bike,2021-04-19 14:41:01,2021-04-19 14:56:09,E 91 St & Park Ave,7344,Central Park W & W 97 St,7538,40.783501,-73.955327,40.79249519495111,-73.96417066463071,member
1373356,2DB6AD28F507EC66,docked_bike,2021-04-06 10:11:57,2021-04-06 10:46:54,W 51 St & Rockefeller Plaza,6700,Central Park W & W 97 St,7538,40.759699,-73.978081,40.79249519495111,-73.96417066463071,member
1373379,2E59C29B9E27B91A,docked_bike,2021-04-27 17:18:25,2021-04-27 17:34:48,8 Ave & W 52 St,6816,Central Park W & W 97 St,7538,40.763707,-73.985161,40.79249519495111,-73.96417066463071,member
1373394,BC2B9B8B337FFECD,docked_bike,2021-04-10 12:09:10,2021-04-10 12:17:32,E 91 St & Park Ave,7344,Central Park W & W 97 St,7538,40.783501,-73.955327,40.79249519495111,-73.96417066463071,member
1373395,F22FEC1D66F05CE8,docked_bike,2021-04-05 18:01:51,2021-04-05 18:16:32,5 Ave & E 72 St,7100,Central Park W & W 97 St,7538,40.772828,-73.966852,40.79249519495111,-73.96417066463071,member
1373401,8834E16C70CE8564,docked_bike,2021-04-03 18:43:56,2021-04-03 19:18:35,E 91 St & Park Ave,7344,Central Park W & W 97 St,7538,40.783501,-73.955327,40.79249519495111,-73.96417066463071,member
1373407,0601073F9C4C9EA1,docked_bike,2021-04-12 09:32:05,2021-04-12 09:46:37,5 Ave & E 72 St,7100,Central Park W & W 97 St,7538,40.772828,-73.966852,40.79249519495111,-73.96417066463071,member
1373408,003FC9EEB25999BB,docked_bike,2021-04-19 10:29:20,2021-04-19 10:45:32,5 Ave & E 72 St,7100,Central Park W & W 97 St,7538,40.772828,-73.966852,40.79249519495111,-73.96417066463071,member
1373409,444E8F4467640573,docked_bike,2021-04-07 17:04:03,2021-04-07 17:26:59,5 Ave & E 72 St,7100,Central Park W & W 97 St,7538,40.772828,-73.966852,40.79249519495111,-73.96417066463071,member
1373418,4AB31571043027BA,docked_bike,2021-04-30 16:41:36,2021-04-30 16:53:15,E 91 St & Park Ave,7344,Central Park W & W 97 St,7538,40.783501,-73.955327,40.79249519495111,-73.96417066463071,member
1373424,217A3A15ADC80589,docked_bike,2021-04-01 16:35:14,2021-04-01 17:16:31,5 Ave & E 72 St,7100,Central Park W & W 97 St,7538,40.772828,-73.966852,40.79249519495111,-73.96417066463071,member
1373425,A1D71A794526563D,docked_bike,2021-04-19 17:44:42,2021-04-19 18:02:34,W 51 St & Rockefeller Plaza,6700,Central Park W & W 97 St,7538,40.759699,-73.978081,40.79249519495111,-73.96417066463071,casual
1373427,5B96806156EF8DE0,docked_bike,2021-04-10 12:09:52,2021-04-10 12:25:55,5 Ave & E 72 St,7100,Central Park W & W 97 St,7538,40.772828,-73.966852,40.79249519495111,-73.96417066463071,member
1373428,1533CA8D3504C356,docked_bike,2021-04-06 10:01:29,2021-04-06 10:18:18,5 Ave & E 72 St,7100,Central Park W & W 97 St,7538,40.772828,-73.966852,40.79249519495111,-73.96417066463071,member
1373435,604B4DFF152B11EF,docked_bike,2021-04-24 12:32:39,2021-04-24 13:02:36,5 Ave & E 72 St,7100,Central Park W & W 97 St,7538,40.772828,-73.966852,40.79249519495111,-73.96417066463071,casual
1373437,085DCB91A6BA2B6D,docked_bike,2021-04-23 15:49:21,2021-04-23 16:02:08,Adam Clayton Powell Blvd & W 138 St,7855,Central Park W & W 97 St,7538,40.816959,-73.942295,40.79249519495111,-73.96417066463071,member
1373438,84BEE5D1773D6CA4,docked_bike,2021-04-25 16:35:45,2021-04-25 16:45:59,5 Ave & E 72 St,7100,Central Park W & W 97 St,7538,40.772828,-73.966852,40.79249519495111,-73.96417066463071,member
1373439,629E271A610695E4,docked_bike,2021-04-03 11:40:12,2021-04-03 11:51:16,E 91 St & Park Ave,7344,Central Park W & W 97 St,7538,40.783501,-73.955327,40.79249519495111,-73.96417066463071,member
1373440,2F0BC18843C9650D,docked_bike,2021-04-24 00:32:18,2021-04-24 01:10:45,5 Ave & E 72 St,7100,Central Park W & W 97 St,7538,40.772828,-73.966852,40.79249519495111,-73.96417066463071,member
1373446,82B05ACEABAFD2AB,docked_bike,2021-04-18 15:37:14,2021-04-18 16:33:23,5 Ave & E 72 St,7100,Central Park W & W 97 St,7538,40.772828,-73.966852,40.79249519495111,-73.96417066463071,member
1373447,2A9FBC80F2C5D571,docked_bike,2021-04-27 15:06:28,2021-04-27 15:15:34,E 91 St & Park Ave,7344,Central Park W & W 97 St,7538,40.783501,-73.955327,40.79249519495111,-73.96417066463071,member
1373451,AEEDE184B7A3FF89,docked_bike,2021-04-23 14:38:45,2021-04-23 14:54:03,5 Ave & E 72 St,7100,Central Park W & W 97 St,7538,40.772828,-73.966852,40.79249519495111,-73.96417066463071,member
1373456,2755D96E145F1D70,docked_bike,2021-04-26 18:06:06,2021-04-26 18:22:32,5 Ave & E 72 St,7100,Central Park W & W 97 St,7538,40.772828,-73.966852,40.79249519495111,-73.96417066463071,casual
1373457,3D7DEC918DC516BC,docked_bike,2021-04-01 16:57:01,2021-04-01 17:15:20,5 Ave & E 72 St,7100,Central Park W & W 97 St,7538,40.772828,-73.966852,40.79249519495111,-73.96417066463071,member
1373465,3E30F15DA2326839,docked_bike,2021-04-20 17:03:46,2021-04-20 17:30:48,W 51 St & Rockefeller Plaza,6700,Central Park W & W 97 St,7538,40.759699,-73.978081,40.79249519495111,-73.96417066463071,member
1373466,96C69C91B7F8B1BA,docked_bike,2021-04-29 16:56:58,2021-04-29 17:44:58,W 51 St & Rockefeller Plaza,6700,Central Park W & W 97 St,7538,40.759699,-73.978081,40.79249519495111,-73.96417066463071,member
1373470,3ACF8FE09C871D35,docked_bike,2021-04-19 10:29:16,2021-04-19 10:45:36,5 Ave & E 72 St,7100,Central Park W & W 97 St,7538,40.772828,-73.966852,40.79249519495111,-73.96417066463071,member
1373479,735A3C0945F1B1A3,docked_bike,2021-04-24 00:32:09,2021-04-24 01:10:42,5 Ave & E 72 St,7100,Central Park W & W 97 St,7538,40.772828,-73.966852,40.79249519495111,-73.96417066463071,member
1373480,9C9E6D7E148347F8,docked_bike,2021-04-23 11:28:44,2021-04-23 12:33:44,5 Ave & E 72 St,7100,Central Park W & W 97 St,7538,40.772828,-73.966852,40.79249519495111,-73.96417066463071,casual
1373482,2076E2394CD8C276,docked_bike,2021-04-23 14:35:48,2021-04-23 15:08:34,5 Ave & E 72 St,7100,Central Park W & W 97 St,7538,40.772828,-73.966852,40.79249519495111,-73.96417066463071,member
1373483,01A2CE5DA4D866EF,docked_bike,2021-04-13 15:34:41,2021-04-13 15:44:05,Madison Ave & E 99 St,7443,Central Park W & W 97 St,7538,40.789485,-73.952429,40.79249519495111,-73.96417066463071,member
1373484,DD2CA06AAC8AB74A,docked_bike,2021-04-06 15:59:14,2021-04-06 16:40:00,E 91 St & Park Ave,7344,Central Park W & W 97 St,7538,40.783501,-73.955327,40.79249519495111,-73.96417066463071,member
1373486,35D031AD9D463259,docked_bike,2021-04-02 18:14:14,2021-04-02 18:19:16,Madison Ave & E 99 St,7443,Central Park W & W 97 St,7538,40.789485,-73.952429,40.79249519495111,-73.96417066463071,member
1373492,396F46997E15C961,docked_bike,2021-04-04 17:10:17,2021-04-04 17:40:44,E 91 St & Park Ave,7344,Central Park W & W 97 St,7538,40.783501,-73.955327,40.79249519495111,-73.96417066463071,casual
1373496,ABB5A472E112A66F,docked_bike,2021-04-20 12:31:04,2021-04-20 12:39:14,E 91 St & Park Ave,7344,Central Park W & W 97 St,7538,40.783501,-73.955327,40.79249519495111,-73.96417066463071,member
1373497,C98DD12B5112876C,docked_bike,2021-04-12 10:34:10,2021-04-12 10:47:05,E 91 St & Park Ave,7344,Central Park W & W 97 St,7538,40.783501,-73.955327,40.79249519495111,-73.96417066463071,member
1373498,A1A2C3D47D456A51,docked_bike,2021-04-16 10:37:47,2021-04-16 10:45:37,E 91 St & Park Ave,7344,Central Park W & W 97 St,7538,40.783501,-73.955327,40.79249519495111,-73.96417066463071,member
1373499,DB88703BEF190EFA,docked_bike,2021-04-10 11:46:04,2021-04-10 12:00:47,E 91 St & Park Ave,7344,Central Park W & W 97 St,7538,40.783501,-73.955327,40.79249519495111,-73.96417066463071,member
1373501,1862C6E8E6C8E4B2,docked_bike,2021-04-17 11:29:58,2021-04-17 11:35:00,Madison Ave & E 99 St,7443,Central Park W & W 97 St,7538,40.789485,-73.952429,40.79249519495111,-73.96417066463071,member
1373504,7E6E2D04AA208311,docked_bike,2021-04-24 11:51:44,2021-04-24 12:38:41,E 91 St & Park Ave,7344,Central Park W & W 97 St,7538,40.783501,-73.955327,40.79249519495111,-73.96417066463071,member
1373508,23D5B93120F77823,docked_bike,2021-04-18 15:40:34,2021-04-18 16:33:24,5 Ave & E 72 St,7100,Central Park W & W 97 St,7538,40.772828,-73.966852,40.79249519495111,-73.96417066463071,member
1373509,990AD8E1F560A249,docked_bike,2021-04-05 15:03:29,2021-04-05 15:08:38,W 104 St & Amsterdam Ave,7610,Central Park W & W 97 St,7538,40.799041,-73.966494,40.79249519495111,-73.96417066463071,member
1373511,BA3E2BA8B54211CA,docked_bike,2021-04-13 08:29:28,2021-04-13 08:41:17,W 104 St & Amsterdam Ave,7610,Central Park W & W 97 St,7538,40.799041,-73.966494,40.79249519495111,-73.96417066463071,member
1373515,469B8D090F920298,docked_bike,2021-04-10 15:00:54,2021-04-10 15:06:48,W 104 St & Amsterdam Ave,7610,Central Park W & W 97 St,7538,40.799041,-73.966494,40.79249519495111,-73.96417066463071,member
1373517,5FED6B696F50BFDD,docked_bike,2021-04-14 09:57:12,2021-04-14 10:01:13,W 104 St & Amsterdam Ave,7610,Central Park W & W 97 St,7538,40.799041,-73.966494,40.79249519495111,-73.96417066463071,member
1373520,C72DA3C9AC5EB109,docked_bike,2021-04-07 17:16:03,2021-04-07 17:55:02,University Pl & E 8 St,5755,Central Park W & W 97 St,7538,40.731437,-73.994903,40.79249519495111,-73.96417066463071,casual
1373524,5AFF154FB2A8506F,docked_bike,2021-04-03 17:02:15,2021-04-03 17:30:23,Lenox Ave & W 126 St,7720,Central Park W & W 97 St,7538,40.808442,-73.945208,40.79249519495111,-73.96417066463071,casual
1373529,36894594E67037F0,docked_bike,2021-04-17 15:13:56,2021-04-17 15:22:37,E 118 St & Madison Ave,7640,Central Park W & W 97 St,7538,40.801486,-73.94425,40.79249519495111,-73.96417066463071,member
1373530,1DC1701D8080E16A,docked_bike,2021-04-27 10:39:50,2021-04-27 10:47:21,E 118 St & Madison Ave,7640,Central Park W & W 97 St,7538,40.801486,-73.94425,40.79249519495111,-73.96417066463071,member
1373531,07B3A1A9BC9D4305,docked_bike,2021-04-17 16:50:43,2021-04-17 17:38:25,5 Ave & E 72 St,7100,Central Park W & W 97 St,7538,40.772828,-73.966852,40.79249519495111,-73.96417066463071,casual
1373533,B623394BBE443B70,docked_bike,2021-04-18 15:39:28,2021-04-18 16:34:00,5 Ave & E 72 St,7100,Central Park W & W 97 St,7538,40.772828,-73.966852,40.79249519495111,-73.96417066463071,casual
1373535,8AA2AA8DED3874C4,docked_bike,2021-04-26 14:43:48,2021-04-26 15:03:42,Adam Clayton Powell Blvd & W 138 St,7855,Central Park W & W 97 St,7538,40.816959,-73.942295,40.79249519495111,-73.96417066463071,member
1373542,B9E6AE8B72E1E0F9,docked_bike,2021-04-06 09:31:05,2021-04-06 09:55:41,5 Ave & E 72 St,7100,Central Park W & W 97 St,7538,40.772828,-73.966853,40.792495,-73.964171,member
1373544,30E33C86306811C8,docked_bike,2021-04-20 17:38:26,2021-04-20 18:18:15,Barclay St & Church St,5216,Central Park W & W 97 St,7538,40.712912,-74.010202,40.79249519495111,-73.96417066463071,member
1373549,A28B4BB1E2FA712F,docked_bike,2021-04-28 08:08:22,2021-04-28 08:15:42,E 95 St & 3 Ave,7365,Central Park W & W 97 St,7538,40.784903,-73.950503,40.79249519495111,-73.96417066463071,member
1373556,B529141B9BAB365B,docked_bike,2021-04-17 16:15:23,2021-04-17 16:41:29,Madison Ave & E 82 St,7188,Central Park W & W 97 St,7538,40.778131,-73.960693,40.79249519495111,-73.96417066463071,member
1373559,F6C3B2DAF89AE2CD,docked_bike,2021-04-17 16:14:57,2021-04-17 16:41:25,Madison Ave & E 82 St,7188,Central Park W & W 97 St,7538,40.778131,-73.960693,40.79249519495111,-73.96417066463071,casual
1373577,6712EFB58FD45AE6,docked_bike,2021-04-07 19:59:51,2021-04-07 20:37:26,E 74 St & 1 Ave,6953,Central Park W & W 97 St,7538,40.768973,-73.954822,40.79249519495111,-73.96417066463071,member
1373578,B2F7FFB25C6980E7,docked_bike,2021-04-30 18:13:38,2021-04-30 18:36:09,E 44 St & 2 Ave,6422,Central Park W & W 97 St,7538,40.751183,-73.971387,40.79249519495111,-73.96417066463071,member
1373584,33A719E20E39ABBC,docked_bike,2021-04-19 18:05:18,2021-04-19 18:33:43,Madison Ave & E 82 St,7188,Central Park W & W 97 St,7538,40.778131,-73.960694,40.792495,-73.964171,casual
1373588,118D318E23629ED1,docked_bike,2021-04-03 14:47:35,2021-04-03 15:33:08,E 95 St & 3 Ave,7365,Central Park W & W 97 St,7538,40.784903,-73.950503,40.79249519495111,-73.96417066463071,casual
1373589,E3B04D843429577B,docked_bike,2021-04-10 18:04:01,2021-04-10 18:41:47,Madison Ave & E 82 St,7188,Central Park W & W 97 St,7538,40.778131,-73.960693,40.79249519495111,-73.96417066463071,member
1373591,2C401F9AED73D9B4,docked_bike,2021-04-06 13:36:08,2021-04-06 14:00:08,E 74 St & 1 Ave,6953,Central Park W & W 97 St,7538,40.768973,-73.954822,40.79249519495111,-73.96417066463071,member
1373604,CE774FC8F6585B22,docked_bike,2021-04-03 14:55:02,2021-04-03 15:33:11,E 95 St & 3 Ave,7365,Central Park W & W 97 St,7538,40.784903,-73.950503,40.792495,-73.964171,casual
1373605,39923C646357ABA0,docked_bike,2021-04-18 15:08:43,2021-04-18 16:45:29,Madison Ave & E 82 St,7188,Central Park W & W 97 St,7538,40.778131,-73.960693,40.79249519495111,-73.96417066463071,casual
1373606,590ABD3C46F473DD,docked_bike,2021-04-13 14:25:38,2021-04-13 15:25:59,E 95 St & 3 Ave,7365,Central Park W & W 97 St,7538,40.784903,-73.950503,40.79249519495111,-73.96417066463071,casual
1373608,9CCAC9B3E8055DE2,docked_bike,2021-04-23 11:12:03,2021-04-23 11:41:17,Madison Ave & E 82 St,7188,Central Park W & W 97 St,7538,40.778131,-73.960693,40.79249519495111,-73.96417066463071,casual
1373650,20A15CD27CF77707,docked_bike,2021-04-23 15:55:25,2021-04-23 16:10:57,St Nicholas Ave & W 137 St,7898,Central Park W & W 97 St,7538,40.818477,-73.947568,40.79249519495111,-73.96417066463071,member
1373651,2A255DDD5729338A,docked_bike,2021-04-15 18:23:23,2021-04-15 18:34:45,Convent Ave & W 135 St,7860,Central Park W & W 97 St,7538,40.818215,-73.950988,40.79249519495111,-73.96417066463071,member
1373652,1678FA18A78059D6,docked_bike,2021-04-08 15:06:05,2021-04-08 15:17:24,2 Ave & E 99 St,7386,Central Park W & W 97 St,7538,40.786258,-73.945525,40.79249519495111,-73.96417066463071,casual
1373656,767D31CAD071EAD7,docked_bike,2021-04-17 17:51:00,2021-04-17 18:16:56,Lenox Ave & W 126 St,7720,Central Park W & W 97 St,7538,40.808442,-73.945209,40.792495,-73.964171,member
1373673,6EBD0F375E5C1770,docked_bike,2021-04-27 17:28:30,2021-04-27 17:46:02,Pershing Square North,6432,Central Park W & W 97 St,7538,40.751873,-73.977706,40.79249519495111,-73.96417066463071,member
1373679,A5CE5D1BF4662AC7,docked_bike,2021-04-17 12:08:24,2021-04-17 12:26:03,St Nicholas Ave & W 137 St,7898,Central Park W & W 97 St,7538,40.818477,-73.947568,40.79249519495111,-73.96417066463071,member
1373724,DE6A966CE1AFE8FD,docked_bike,2021-04-05 22:13:28,2021-04-05 22:31:58,Pershing Square South,6432,Central Park W & W 97 St,7538,40.751581,-73.97791,40.79249519495111,-73.96417066463071,member
1373735,5F37A861DE3B28B8,docked_bike,2021-04-06 16:51:53,2021-04-06 17:06:20,E 91 St & Park Ave,7344,Central Park W & W 97 St,7538,40.783501,-73.955327,40.79249519495111,-73.96417066463071,member
1373736,D372313074FC60E4,docked_bike,2021-04-14 18:34:49,2021-04-14 18:44:28,Madison Ave & E 99 St,7443,Central Park W & W 97 St,7538,40.789485,-73.952429,40.79249519495111,-73.96417066463071,member
1373738,9009220A02C5B0FC,docked_bike,2021-04-08 20:15:07,2021-04-08 20:25:11,E 91 St & Park Ave,7344,Central Park W & W 97 St,7538,40.783501,-73.955327,40.79249519495111,-73.96417066463071,member
1373739,86D91DEE3DC2714C,docked_bike,2021-04-27 12:34:50,2021-04-27 12:49:27,5 Ave & E 72 St,7100,Central Park W & W 97 St,7538,40.772828,-73.966852,40.79249519495111,-73.96417066463071,member
1373745,1D772D674736727E,docked_bike,2021-04-16 16:08:17,2021-04-17 17:08:10,Cherry St,5181,Central Park W & W 97 St,7538,40.712199,-73.979481,40.79249519495111,-73.96417066463071,casual
1373759,118B7E35EB50AFCA,docked_bike,2021-04-06 15:59:36,2021-04-06 16:38:58,E 91 St & Park Ave,7344,Central Park W & W 97 St,7538,40.783501,-73.955327,40.79249519495111,-73.96417066463071,member
1373765,21B0AFED9C1BA3AC,docked_bike,2021-04-08 19:37:49,2021-04-08 20:02:43,5 Ave & E 72 St,7100,Central Park W & W 97 St,7538,40.772828,-73.966852,40.79249519495111,-73.96417066463071,member
1373766,2EAF7F54A71FB811,docked_bike,2021-04-01 16:35:19,2021-04-01 17:16:20,5 Ave & E 72 St,7100,Central Park W & W 97 St,7538,40.772828,-73.966852,40.79249519495111,-73.96417066463071,member
1373781,1E2A4064137A3543,docked_bike,2021-04-10 14:21:57,2021-04-10 14:46:12,Convent Ave & W 135 St,7860,Central Park W & W 97 St,7538,40.818215,-73.950988,40.792495,-73.964171,casual
1373784,7CD6B36D79534557,docked_bike,2021-04-30 16:55:12,2021-04-30 17:15:31,Lenox Ave & W 126 St,7720,Central Park W & W 97 St,7538,40.808442,-73.945208,40.79249519495111,-73.96417066463071,casual
1373787,88C24773756605A7,docked_bike,2021-04-13 12:32:26,2021-04-13 12:57:06,5 Ave & E 103 St,7511,Central Park W & W 97 St,7538,40.792255,-73.952499,40.79249519495111,-73.96417066463071,casual
1373788,0C26488E0DE9378A,docked_bike,2021-04-17 20:00:39,2021-04-17 20:07:26,5 Ave & E 103 St,7511,Central Park W & W 97 St,7538,40.792255,-73.952499,40.79249519495111,-73.96417066463071,casual
1373791,5A4D3F768A485643,docked_bike,2021-04-13 19:26:36,2021-04-13 19:33:46,5 Ave & E 103 St,7511,Central Park W & W 97 St,7538,40.792255,-73.952499,40.79249519495111,-73.96417066463071,member
1373793,2498B07E9D7A9E6C,docked_bike,2021-04-08 13:45:47,2021-04-08 13:52:02,W 87 St & West End Ave,7484,Central Park W & W 97 St,7538,40.789622,-73.97757,40.79249519495111,-73.96417066463071,member
1373794,0A0672AB49804115,docked_bike,2021-04-09 16:09:27,2021-04-09 16:16:45,5 Ave & E 103 St,7511,Central Park W & W 97 St,7538,40.792255,-73.952499,40.79249519495111,-73.96417066463071,member
1373796,AAA0DF52E566A7F8,docked_bike,2021-04-21 12:28:29,2021-04-21 12:32:27,5 Ave & E 103 St,7511,Central Park W & W 97 St,7538,40.792255,-73.952499,40.79249519495111,-73.96417066463071,member
1373802,6A99C2427726CF00,docked_bike,2021-04-28 21:04:04,2021-04-28 22:02:11,5 Ave & E 103 St,7511,Central Park W & W 97 St,7538,40.792255,-73.952499,40.79249519495111,-73.96417066463071,member
1373806,DCCD49AC4290327D,docked_bike,2021-04-13 21:14:07,2021-04-13 21:20:53,W 87 St & West End Ave,7484,Central Park W & W 97 St,7538,40.789622,-73.97757,40.79249519495111,-73.96417066463071,casual
1373808,AE3860C335B2C276,docked_bike,2021-04-24 22:48:38,2021-04-24 23:14:34,Central Park S & 6 Ave,6876,Central Park W & W 97 St,7538,40.765909,-73.976341,40.79249519495111,-73.96417066463071,casual
1373811,E9A3552FD14C5006,docked_bike,2021-04-24 22:49:12,2021-04-24 23:14:32,Central Park S & 6 Ave,6876,Central Park W & W 97 St,7538,40.765909,-73.976341,40.79249519495111,-73.96417066463071,casual
1373817,127692F0DFE479FF,docked_bike,2021-04-03 14:33:45,2021-04-03 14:52:44,Central Park S & 6 Ave,6876,Central Park W & W 97 St,7538,40.765909,-73.976341,40.79249519495111,-73.96417066463071,member
1373826,9AC833107551BAE3,docked_bike,2021-04-10 15:11:11,2021-04-10 15:22:05,E 110 St & Madison Ave,7587,Central Park W & W 97 St,7538,40.796153,-73.947821,40.79249519495111,-73.96417066463071,member
1373827,B2A96EDA65F6F256,docked_bike,2021-04-24 13:42:57,2021-04-24 14:07:15,Central Park S & 6 Ave,6876,Central Park W & W 97 St,7538,40.765909,-73.976341,40.79249519495111,-73.96417066463071,member
1373831,1F575103EDB46E6E,docked_bike,2021-04-04 17:06:44,2021-04-04 17:53:42,Central Park S & 6 Ave,6876,Central Park W & W 97 St,7538,40.765909,-73.976341,40.79249519495111,-73.96417066463071,member
1373833,1CD1876A1992561E,docked_bike,2021-04-14 12:17:10,2021-04-14 12:31:37,Central Park S & 6 Ave,6876,Central Park W & W 97 St,7538,40.765909,-73.976341,40.79249519495111,-73.96417066463071,member
1373835,28542224F8FDE608,docked_bike,2021-04-10 12:52:21,2021-04-10 13:19:18,Central Park S & 6 Ave,6876,Central Park W & W 97 St,7538,40.765909,-73.976341,40.79249519495111,-73.96417066463071,casual
1373836,A3BC234C7F8EF7C6,docked_bike,2021-04-28 12:35:03,2021-04-28 12:47:35,Central Park S & 6 Ave,6876,Central Park W & W 97 St,7538,40.765909,-73.976341,40.79249519495111,-73.96417066463071,member
1373837,152A3C40348E3F20,docked_bike,2021-04-06 16:25:07,2021-04-06 17:06:19,Central Park S & 6 Ave,6876,Central Park W & W 97 St,7538,40.765909,-73.976342,40.792495,-73.964171,member
1373838,F60CAD823024AAD3,docked_bike,2021-04-30 19:38:09,2021-04-30 19:52:16,E 110 St & Madison Ave,7587,Central Park W & W 97 St,7538,40.796153,-73.947821,40.79249519495111,-73.96417066463071,member
1373839,DEE95C0F1BEEF1A9,docked_bike,2021-04-08 18:15:08,2021-04-08 18:27:22,E 110 St & Madison Ave,7587,Central Park W & W 97 St,7538,40.796153,-73.947821,40.79249519495111,-73.96417066463071,member
1373840,AAD1BB65481270DA,docked_bike,2021-04-23 16:06:11,2021-04-23 17:16:07,Central Park S & 6 Ave,6876,Central Park W & W 97 St,7538,40.765909,-73.976341,40.79249519495111,-73.96417066463071,casual
1373842,74E5625BAFF04D89,docked_bike,2021-04-17 11:31:59,2021-04-17 12:12:34,E 110 St & Madison Ave,7587,Central Park W & W 97 St,7538,40.796153,-73.947821,40.79249519495111,-73.96417066463071,member
1373855,9FE4D49691A33172,docked_bike,2021-04-16 16:33:13,2021-04-16 17:10:30,E 54 St & 1 Ave,6608,Central Park W & W 97 St,7538,40.756265,-73.964179,40.79249519495111,-73.96417066463071,member
1373856,5B0FCD7B16B92348,docked_bike,2021-04-16 20:36:51,2021-04-16 21:50:55,Pershing Square South,6432,Central Park W & W 97 St,7538,40.751581,-73.97791,40.79249519495111,-73.96417066463071,member
1373876,7A035B4E629AD3F4,docked_bike,2021-04-20 08:52:45,2021-04-20 09:10:21,W 47 St & 10 Ave,6824,Central Park W & W 97 St,7538,40.762698,-73.993012,40.79249519495111,-73.96417066463071,member
1373877,438B2DACAEA8336E,docked_bike,2021-04-18 16:35:35,2021-04-18 16:57:17,Adam Clayton Powell Blvd & W 115 St,7643,Central Park W & W 97 St,7538,40.802535,-73.953242,40.79249519495111,-73.96417066463071,member
1373882,156809D66E504842,docked_bike,2021-04-17 18:17:19,2021-04-17 18:24:35,Central Park West & W 85 St,7354,Central Park W & W 97 St,7538,40.78476,-73.969862,40.79249519495111,-73.96417066463071,member
1373883,5313B33D4970BE4B,docked_bike,2021-04-24 14:36:37,2021-04-24 14:40:59,Central Park West & W 85 St,7354,Central Park W & W 97 St,7538,40.78476,-73.969862,40.79249519495111,-73.96417066463071,member
1373896,83AF4752883980D7,docked_bike,2021-04-19 16:18:59,2021-04-19 16:43:42,E 54 St & 1 Ave,6608,Central Park W & W 97 St,7538,40.756265,-73.964179,40.79249519495111,-73.96417066463071,member
1373917,4869453F8B2A77C4,docked_bike,2021-04-24 06:19:23,2021-04-24 06:52:10,West St & Chambers St,5329,Central Park W & W 97 St,7538,40.717548,-74.01322,40.79249519495111,-73.96417066463071,member
1373922,FCFCB5ABFBF52BBF,docked_bike,2021-04-18 14:59:33,2021-04-18 15:43:29,Central Park West & W 85 St,7354,Central Park W & W 97 St,7538,40.78476,-73.969862,40.79249519495111,-73.96417066463071,casual
1373925,E46F11DE47D49389,docked_bike,2021-04-21 17:28:55,2021-04-21 18:30:01,Central Park West & W 85 St,7354,Central Park W & W 97 St,7538,40.78476,-73.969862,40.79249519495111,-73.96417066463071,casual
1373927,76E4F95F91240E03,docked_bike,2021-04-17 16:25:12,2021-04-17 17:09:34,Central Park West & W 85 St,7354,Central Park W & W 97 St,7538,40.78476,-73.969862,40.79249519495111,-73.96417066463071,casual
1373929,A0744FE1E127F727,docked_bike,2021-04-17 14:14:16,2021-04-17 15:06:35,Central Park West & W 85 St,7354,Central Park W & W 97 St,7538,40.78476,-73.969862,40.79249519495111,-73.96417066463071,casual
1373930,1D20A81C298EC539,docked_bike,2021-04-14 17:35:13,2021-04-14 17:40:21,Central Park West & W 85 St,7354,Central Park W & W 97 St,7538,40.78476,-73.969862,40.79249519495111,-73.96417066463071,member
1373932,D02FA2C79286A4C2,docked_bike,2021-04-14 17:27:26,2021-04-14 17:33:53,Central Park West & W 85 St,7354,Central Park W & W 97 St,7538,40.78476,-73.969862,40.79249519495111,-73.96417066463071,member
1373933,6E5E3145C5925B64,docked_bike,2021-04-30 17:03:26,2021-04-30 17:39:17,W 11 St & 6 Ave,5914,Central Park W & W 97 St,7538,40.735324,-73.998004,40.79249519495111,-73.96417066463071,member
1373936,433C7AC794210997,docked_bike,2021-04-30 09:49:12,2021-04-30 10:09:14,W 47 St & 10 Ave,6824,Central Park W & W 97 St,7538,40.762698,-73.993012,40.79249519495111,-73.96417066463071,member
1373937,02AFE70110E45421,docked_bike,2021-04-03 16:56:09,2021-04-03 17:16:49,Adam Clayton Powell Blvd & W 115 St,7643,Central Park W & W 97 St,7538,40.802535,-73.953242,40.79249519495111,-73.96417066463071,casual
1373938,8D90D64AEEB6FC59,docked_bike,2021-04-09 06:34:47,2021-04-09 06:59:11,W 47 St & 10 Ave,6824,Central Park W & W 97 St,7538,40.762698,-73.993012,40.79249519495111,-73.96417066463071,casual
1373940,E869C1964762C4F8,docked_bike,2021-04-23 11:37:47,2021-04-23 11:55:42,W 47 St & 10 Ave,6824,Central Park W & W 97 St,7538,40.762698,-73.993012,40.79249519495111,-73.96417066463071,member
1373941,C96262AC869B1C62,docked_bike,2021-04-19 17:04:05,2021-04-19 17:21:50,W 47 St & 10 Ave,6824,Central Park W & W 97 St,7538,40.762698,-73.993012,40.79249519495111,-73.96417066463071,member
1373943,84ACA7B95BAD8B6D,docked_bike,2021-04-07 16:35:10,2021-04-07 16:43:54,Central Park West & W 85 St,7354,Central Park W & W 97 St,7538,40.78476,-73.969862,40.792495,-73.964171,member
1373945,4A327465F706571A,docked_bike,2021-04-21 09:17:58,2021-04-21 09:36:09,W 47 St & 10 Ave,6824,Central Park W & W 97 St,7538,40.762698,-73.993012,40.79249519495111,-73.96417066463071,member
1373946,F3F40A65D88A2C0E,docked_bike,2021-04-28 09:04:07,2021-04-28 09:21:19,W 47 St & 10 Ave,6824,Central Park W & W 97 St,7538,40.762698,-73.993012,40.79249519495111,-73.96417066463071,member
1373949,F0A6BA851B4CA283,docked_bike,2021-04-18 17:44:45,2021-04-18 17:51:17,Central Park West & W 85 St,7354,Central Park W & W 97 St,7538,40.78476,-73.969862,40.79249519495111,-73.96417066463071,member
1373953,82FBBB7039F05465,docked_bike,2021-04-10 10:59:38,2021-04-10 11:04:38,Central Park West & W 85 St,7354,Central Park W & W 97 St,7538,40.78476,-73.969862,40.79249519495111,-73.96417066463071,member
1373955,6859458CCED7C635,docked_bike,2021-04-23 16:37:04,2021-04-23 16:42:16,Central Park West & W 85 St,7354,Central Park W & W 97 St,7538,40.78476,-73.969862,40.79249519495111,-73.96417066463071,member
1373958,244837D9C610C647,docked_bike,2021-04-10 14:31:49,2021-04-10 15:32:25,Central Park West & W 85 St,7354,Central Park W & W 97 St,7538,40.78476,-73.969862,40.79249519495111,-73.96417066463071,casual
1373960,DD20D6CFB1F71B0B,docked_bike,2021-04-26 19:39:21,2021-04-26 19:58:26,West End Ave & W 78 St,7340,Central Park W & W 97 St,7538,40.783786,-73.981687,40.79249519495111,-73.96417066463071,member
1373961,4FFD7C370C439A65,docked_bike,2021-04-05 09:28:31,2021-04-05 09:33:37,Central Park West & W 85 St,7354,Central Park W & W 97 St,7538,40.78476,-73.969862,40.79249519495111,-73.96417066463071,member
1373963,F3541BB5D48F64ED,docked_bike,2021-04-13 09:12:07,2021-04-13 09:26:09,Adam Clayton Powell Blvd & W 115 St,7643,Central Park W & W 97 St,7538,40.802535,-73.953242,40.79249519495111,-73.96417066463071,casual
1373967,50462DB94FDEABF7,docked_bike,2021-04-10 09:12:39,2021-04-10 09:16:59,Central Park West & W 85 St,7354,Central Park W & W 97 St,7538,40.78476,-73.969862,40.79249519495111,-73.96417066463071,member
1373970,57380BFE1D9D97AF,docked_bike,2021-04-29 16:32:32,2021-04-29 17:27:39,Central Park West & W 85 St,7354,Central Park W & W 97 St,7538,40.78476,-73.969862,40.79249519495111,-73.96417066463071,casual
1373978,A91D6E4EC937B8A9,docked_bike,2021-04-23 18:08:24,2021-04-23 18:26:46,W 120 St & Claremont Ave,7745,Central Park W & W 97 St,7538,40.810949,-73.9634,40.79249519495111,-73.96417066463071,casual
1373982,EC9228F9F7A69545,docked_bike,2021-04-10 15:59:02,2021-04-10 16:04:47,Central Park West & W 85 St,7354,Central Park W & W 97 St,7538,40.78476,-73.969862,40.79249519495111,-73.96417066463071,member
1373983,9AE40719025785A1,docked_bike,2021-04-28 18:33:38,2021-04-28 19:23:49,Central Park West & W 85 St,7354,Central Park W & W 97 St,7538,40.78476,-73.969862,40.79249519495111,-73.96417066463071,casual
1373984,15D5F4EE6305261A,docked_bike,2021-04-16 19:29:02,2021-04-16 19:32:48,Central Park West & W 85 St,7354,Central Park W & W 97 St,7538,40.78476,-73.969862,40.79249519495111,-73.96417066463071,member
1373985,38881B814E2F174E,docked_bike,2021-04-26 18:47:15,2021-04-26 18:52:44,Central Park West & W 85 St,7354,Central Park W & W 97 St,7538,40.78476,-73.969862,40.79249519495111,-73.96417066463071,member
1373988,62BE834ABFAC1843,docked_bike,2021-04-29 14:31:07,2021-04-29 14:48:42,Central Park West & W 85 St,7354,Central Park W & W 97 St,7538,40.78476,-73.969862,40.79249519495111,-73.96417066463071,member
1373995,0F54EDF18A5A77F9,docked_bike,2021-04-28 16:31:35,2021-04-28 16:36:13,Central Park West & W 85 St,7354,Central Park W & W 97 St,7538,40.78476,-73.969862,40.79249519495111,-73.96417066463071,member
1373996,8BA0E7083220E667,docked_bike,2021-04-15 09:13:14,2021-04-15 09:19:55,Central Park West & W 85 St,7354,Central Park W & W 97 St,7538,40.78476,-73.969862,40.79249519495111,-73.96417066463071,member
1374003,7DF96D3A99E7A214,docked_bike,2021-04-09 13:14:21,2021-04-09 13:20:03,Central Park West & W 85 St,7354,Central Park W & W 97 St,7538,40.78476,-73.969862,40.792495,-73.964171,member
1374004,622BBF1BF846EBCD,docked_bike,2021-04-08 10:07:42,2021-04-08 10:13:11,Central Park West & W 85 St,7354,Central Park W & W 97 St,7538,40.78476,-73.969862,40.79249519495111,-73.96417066463071,member
1374006,22E4AF403B9D539B,docked_bike,2021-04-17 14:13:03,2021-04-17 15:06:40,Central Park West & W 85 St,7354,Central Park W & W 97 St,7538,40.78476,-73.969862,40.79249519495111,-73.96417066463071,casual
1374007,FC3F474B035E7AA0,docked_bike,2021-04-09 21:12:13,2021-04-09 21:16:21,Central Park West & W 85 St,7354,Central Park W & W 97 St,7538,40.78476,-73.969862,40.79249519495111,-73.96417066463071,casual
1374011,C0F6E9EACFF48902,docked_bike,2021-04-16 15:52:18,2021-04-16 15:55:48,Central Park West & W 85 St,7354,Central Park W & W 97 St,7538,40.78476,-73.969862,40.79249519495111,-73.96417066463071,member
1374013,C35740715E47D149,docked_bike,2021-04-08 18:24:42,2021-04-08 18:30:22,Adam Clayton Powell Blvd & W 115 St,7643,Central Park W & W 97 St,7538,40.802535,-73.953242,40.79249519495111,-73.96417066463071,member
1374015,1B2E2B4B6BDD9AC7,docked_bike,2021-04-27 07:33:19,2021-04-27 07:45:23,West End Ave & W 78 St,7340,Central Park W & W 97 St,7538,40.783786,-73.981687,40.79249519495111,-73.96417066463071,member
1374017,A417CD54AD44F56F,docked_bike,2021-04-25 17:54:28,2021-04-25 17:59:35,Central Park West & W 85 St,7354,Central Park W & W 97 St,7538,40.78476,-73.969862,40.79249519495111,-73.96417066463071,member
1374019,2AF41779FDCA95E4,docked_bike,2021-04-10 19:41:23,2021-04-10 19:44:48,Central Park West & W 85 St,7354,Central Park W & W 97 St,7538,40.78476,-73.969862,40.79249519495111,-73.96417066463071,casual
1374020,65CB6B618676D62F,docked_bike,2021-04-21 07:34:16,2021-04-21 07:46:44,West End Ave & W 78 St,7340,Central Park W & W 97 St,7538,40.783786,-73.981687,40.79249519495111,-73.96417066463071,member
1374021,F8F4A8F5013CB04F,docked_bike,2021-04-28 18:33:37,2021-04-28 19:24:01,Central Park West & W 85 St,7354,Central Park W & W 97 St,7538,40.78476,-73.969862,40.79249519495111,-73.96417066463071,casual
1374023,0EFAD02440340D9D,docked_bike,2021-04-24 17:49:00,2021-04-24 17:56:09,Central Park West & W 85 St,7354,Central Park W & W 97 St,7538,40.78476,-73.969862,40.79249519495111,-73.96417066463071,member
1374025,6EB54C9195816D99,docked_bike,2021-04-17 15:49:13,2021-04-17 16:03:50,Adam Clayton Powell Blvd & W 115 St,7643,Central Park W & W 97 St,7538,40.802535,-73.953242,40.792495,-73.964171,casual
1374026,513E9DA6EB358B5C,docked_bike,2021-04-02 09:54:07,2021-04-02 10:03:14,Central Park West & W 85 St,7354,Central Park W & W 97 St,7538,40.78476,-73.969862,40.79249519495111,-73.96417066463071,member
1374042,E08807AE304A9FE5,docked_bike,2021-04-19 07:50:22,2021-04-19 07:57:21,E 91 St & Park Ave,7344,Central Park W & W 97 St,7538,40.783501,-73.955327,40.79249519495111,-73.96417066463071,member
1374043,E29B431BF53D97F9,docked_bike,2021-04-03 10:33:44,2021-04-03 10:51:02,Adam Clayton Powell Blvd & W 138 St,7855,Central Park W & W 97 St,7538,40.816959,-73.942295,40.79249519495111,-73.96417066463071,member
1374044,C6C028F6EDC74720,docked_bike,2021-04-15 08:19:54,2021-04-15 08:30:09,E 91 St & Park Ave,7344,Central Park W & W 97 St,7538,40.783501,-73.955327,40.79249519495111,-73.96417066463071,member
1374047,1CFE159BE774EEDB,docked_bike,2021-04-28 12:43:37,2021-04-28 13:05:41,5 Ave & E 72 St,7100,Central Park W & W 97 St,7538,40.772828,-73.966852,40.79249519495111,-73.96417066463071,casual
1374048,FBD79ECB8890CAEC,docked_bike,2021-04-04 15:41:45,2021-04-04 16:08:38,5 Ave & E 72 St,7100,Central Park W & W 97 St,7538,40.772828,-73.966852,40.79249519495111,-73.96417066463071,casual
1374049,93044C7F3A224606,docked_bike,2021-04-04 11:02:07,2021-04-04 11:17:12,5 Ave & E 72 St,7100,Central Park W & W 97 St,7538,40.772828,-73.966852,40.79249519495111,-73.96417066463071,member
1374050,EFBC32CE63C48529,docked_bike,2021-04-24 12:33:10,2021-04-24 13:00:55,5 Ave & E 72 St,7100,Central Park W & W 97 St,7538,40.772828,-73.966852,40.79249519495111,-73.96417066463071,casual
1374051,F2AA06A4D515555C,docked_bike,2021-04-04 16:20:21,2021-04-04 17:37:59,5 Ave & E 72 St,7100,Central Park W & W 97 St,7538,40.772828,-73.966852,40.79249519495111,-73.96417066463071,casual
1374053,4C744CD659AD4ED5,docked_bike,2021-04-24 12:33:50,2021-04-24 13:00:28,5 Ave & E 72 St,7100,Central Park W & W 97 St,7538,40.772828,-73.966852,40.79249519495111,-73.96417066463071,casual
1374054,DA635C89376F051B,docked_bike,2021-04-29 20:12:52,2021-04-29 20:22:52,E 91 St & Park Ave,7344,Central Park W & W 97 St,7538,40.783501,-73.955327,40.79249519495111,-73.96417066463071,member
1374058,E6D621ECEEA321A1,docked_bike,2021-04-09 11:09:16,2021-04-09 11:26:36,Madison Ave & E 99 St,7443,Central Park W & W 97 St,7538,40.789485,-73.952429,40.79249519495111,-73.96417066463071,member
1374060,4F269F811E97F19B,docked_bike,2021-04-08 19:11:06,2021-04-08 19:17:39,E 91 St & Park Ave,7344,Central Park W & W 97 St,7538,40.783501,-73.955327,40.79249519495111,-73.96417066463071,casual
1374061,E8AD3BB4BD7369F6,docked_bike,2021-04-14 08:16:09,2021-04-14 08:33:05,Adam Clayton Powell Blvd & W 138 St,7855,Central Park W & W 97 St,7538,40.81696,-73.942296,40.792495,-73.964171,member
1374065,84EF0C23129A8248,docked_bike,2021-04-06 17:27:45,2021-04-06 17:46:26,E 91 St & Park Ave,7344,Central Park W & W 97 St,7538,40.783501,-73.955327,40.79249519495111,-73.96417066463071,casual
1374066,BDDAD32A04DC7F45,docked_bike,2021-04-21 12:40:59,2021-04-21 12:56:15,5 Ave & E 72 St,7100,Central Park W & W 97 St,7538,40.772828,-73.966852,40.79249519495111,-73.96417066463071,member
1374069,CBCD85640F0DE1C3,docked_bike,2021-04-05 20:13:36,2021-04-05 20:19:29,E 91 St & Park Ave,7344,Central Park W & W 97 St,7538,40.783501,-73.955327,40.79249519495111,-73.96417066463071,member
1374070,B897F58BB68C35A4,docked_bike,2021-04-29 17:19:54,2021-04-29 17:30:18,Adam Clayton Powell Blvd & W 138 St,7855,Central Park W & W 97 St,7538,40.816959,-73.942295,40.79249519495111,-73.96417066463071,member
1374080,7AFBFE58A97DACDB,docked_bike,2021-04-30 12:57:42,2021-04-30 13:03:27,Central Park West & W 85 St,7354,Central Park W & W 97 St,7538,40.78476,-73.969862,40.79249519495111,-73.96417066463071,member
1374081,0502D006E4EB62CC,docked_bike,2021-04-08 17:56:48,2021-04-08 18:01:29,Central Park West & W 85 St,7354,Central Park W & W 97 St,7538,40.78476,-73.969862,40.79249519495111,-73.96417066463071,member
1374084,E25DF1C72DC4C7A5,docked_bike,2021-04-18 18:41:43,2021-04-18 18:50:59,Central Park West & W 85 St,7354,Central Park W & W 97 St,7538,40.78476,-73.969862,40.79249519495111,-73.96417066463071,member
1374086,ACC26B8A90C9F06A,docked_bike,2021-04-24 11:05:46,2021-04-24 11:16:32,West End Ave & W 78 St,7340,Central Park W & W 97 St,7538,40.783786,-73.981687,40.79249519495111,-73.96417066463071,member
1374087,4E95AD603EF98B6B,docked_bike,2021-04-17 14:16:12,2021-04-17 15:06:58,Central Park West & W 85 St,7354,Central Park W & W 97 St,7538,40.78476,-73.969862,40.79249519495111,-73.96417066463071,casual
1374090,154FC6AD4A23A190,docked_bike,2021-04-18 09:19:00,2021-04-18 09:27:32,Central Park West & W 85 St,7354,Central Park W & W 97 St,7538,40.78476,-73.969862,40.79249519495111,-73.96417066463071,member
1374091,AEDAEB90D47821FD,docked_bike,2021-04-18 13:43:35,2021-04-18 13:48:43,Adam Clayton Powell Blvd & W 115 St,7643,Central Park W & W 97 St,7538,40.802535,-73.953242,40.79249519495111,-73.96417066463071,member
1374093,82DC1B7251DA26B0,docked_bike,2021-04-30 18:12:20,2021-04-30 18:21:16,Adam Clayton Powell Blvd & W 115 St,7643,Central Park W & W 97 St,7538,40.802535,-73.953242,40.79249519495111,-73.96417066463071,member
1374094,38946B031418813C,docked_bike,2021-04-24 14:56:49,2021-04-24 15:03:38,Central Park West & W 85 St,7354,Central Park W & W 97 St,7538,40.78476,-73.969862,40.79249519495111,-73.96417066463071,member
1374097,044D8EDFB4ADF1C6,docked_bike,2021-04-21 11:05:42,2021-04-21 11:10:15,Central Park West & W 85 St,7354,Central Park W & W 97 St,7538,40.78476,-73.969862,40.79249519495111,-73.96417066463071,member
1374100,747D02DD820B3F07,docked_bike,2021-04-27 20:50:51,2021-04-27 20:57:18,Central Park West & W 85 St,7354,Central Park W & W 97 St,7538,40.78476,-73.969862,40.79249519495111,-73.96417066463071,member
1374124,7D48467F93DB03B6,docked_bike,2021-04-04 14:29:30,2021-04-04 14:33:13,Central Park West & W 85 St,7354,Central Park W & W 97 St,7538,40.78476,-73.969862,40.79249519495111,-73.96417066463071,member
1374129,BB3105AC6013702D,docked_bike,2021-04-17 19:29:24,2021-04-17 19:34:58,Central Park West & W 85 St,7354,Central Park W & W 97 St,7538,40.78476,-73.969862,40.79249519495111,-73.96417066463071,member
1374133,3E8E3ACF8903543B,docked_bike,2021-04-22 17:39:49,2021-04-22 17:45:03,Central Park West & W 85 St,7354,Central Park W & W 97 St,7538,40.78476,-73.969862,40.79249519495111,-73.96417066463071,member
1374134,5A90CAE37C1E8ABB,docked_bike,2021-04-09 14:27:32,2021-04-09 14:31:06,Central Park West & W 85 St,7354,Central Park W & W 97 St,7538,40.78476,-73.969862,40.792495,-73.964171,member
1374193,E37E2BF395F47180,docked_bike,2021-04-06 17:50:19,2021-04-06 18:12:53,3 Ave & E 62 St,6762,Central Park W & W 97 St,7538,40.763125,-73.965268,40.79249519495111,-73.96417066463071,member
1374241,2CC9792999797F22,docked_bike,2021-04-07 08:33:34,2021-04-07 08:46:12,Amsterdam Ave & W 131 St,7842,Central Park W & W 97 St,7538,40.816355,-73.954295,40.79249519495111,-73.96417066463071,member
1374264,B96505AD8D7BBEF4,docked_bike,2021-04-13 18:03:09,2021-04-13 18:27:11,3 Ave & E 62 St,6762,Central Park W & W 97 St,7538,40.763125,-73.965268,40.79249519495111,-73.96417066463071,casual
1374275,F10BB2C1B57CFD92,docked_bike,2021-04-18 13:37:03,2021-04-18 13:58:47,W 54 St & 9 Ave,6920,Central Park W & W 97 St,7538,40.765849,-73.986905,40.79249519495111,-73.96417066463071,member
1374276,404BDAD2D7AE41C0,docked_bike,2021-04-18 17:45:18,2021-04-18 17:51:24,West End Ave & W 94 St,7524,Central Park W & W 97 St,7538,40.794165,-73.974124,40.79249519495111,-73.96417066463071,casual
1374282,DB40836B865C1876,docked_bike,2021-04-19 17:22:48,2021-04-19 17:47:05,W 42 St & 8 Ave,6602,Central Park W & W 97 St,7538,40.757569,-73.990985,40.79249519495111,-73.96417066463071,member
1374296,AD928E2194DDA5EC,docked_bike,2021-04-21 18:14:05,2021-04-21 18:34:28,3 Ave & E 62 St,6762,Central Park W & W 97 St,7538,40.763125,-73.965268,40.79249519495111,-73.96417066463071,casual
1374319,3EC0FAC1F5D683BF,docked_bike,2021-04-28 17:01:02,2021-04-28 17:22:46,W 49 St & 8 Ave,6747,Central Park W & W 97 St,7538,40.762272,-73.987882,40.79249519495111,-73.96417066463071,member
1374340,2C33C40D8E317949,docked_bike,2021-04-13 16:16:01,2021-04-13 16:36:17,W 49 St & 8 Ave,6747,Central Park W & W 97 St,7538,40.762272,-73.987882,40.79249519495111,-73.96417066463071,member
1374377,3736088585B527A5,docked_bike,2021-04-30 08:45:00,2021-04-30 08:53:52,E 81 St & 3 Ave,7154,Central Park W & W 97 St,7538,40.77573,-73.956752,40.79249519495111,-73.96417066463071,member
1374382,39D28E66E1F3D151,docked_bike,2021-04-23 11:33:04,2021-04-23 12:33:50,5 Ave & E 72 St,7100,Central Park W & W 97 St,7538,40.772828,-73.966852,40.79249519495111,-73.96417066463071,casual
1374383,77B8727FBF48E573,docked_bike,2021-04-23 09:02:16,2021-04-23 09:16:17,E 118 St & Madison Ave,7640,Central Park W & W 97 St,7538,40.801486,-73.94425,40.79249519495111,-73.96417066463071,member
1374388,E0DFEA9A7A6D1E22,docked_bike,2021-04-08 19:25:57,2021-04-08 19:41:23,5 Ave & E 72 St,7100,Central Park W & W 97 St,7538,40.772828,-73.966852,40.79249519495111,-73.96417066463071,member
1374389,DFE4A2B03752EB10,docked_bike,2021-04-16 14:35:52,2021-04-16 15:13:19,E 91 St & Park Ave,7344,Central Park W & W 97 St,7538,40.783501,-73.955327,40.79249519495111,-73.96417066463071,casual
1374390,3386A5DB68A98667,docked_bike,2021-04-29 11:24:09,2021-04-29 11:38:56,5 Ave & E 72 St,7100,Central Park W & W 97 St,7538,40.772828,-73.966852,40.79249519495111,-73.96417066463071,member
1374394,F8A4E170C42709E9,docked_bike,2021-04-29 16:09:33,2021-04-29 16:18:38,Madison Ave & E 99 St,7443,Central Park W & W 97 St,7538,40.789485,-73.952429,40.79249519495111,-73.96417066463071,member
1374395,0C97BC07202174F8,docked_bike,2021-04-24 14:23:42,2021-04-24 14:34:48,E 91 St & Park Ave,7344,Central Park W & W 97 St,7538,40.783501,-73.955327,40.79249519495111,-73.96417066463071,member
1374396,C6777E3889C89E80,docked_bike,2021-04-16 14:12:52,2021-04-16 14:24:54,E 68 St & Madison Ave,6932,Central Park W & W 97 St,7538,40.769157,-73.967034,40.79249519495111,-73.96417066463071,member
1374398,6933064A28F40936,docked_bike,2021-04-16 12:12:16,2021-04-16 12:23:16,5 Ave & E 72 St,7100,Central Park W & W 97 St,7538,40.772828,-73.966852,40.79249519495111,-73.96417066463071,member
1374410,274FDE5094D6786F,docked_bike,2021-04-26 20:30:54,2021-04-26 20:37:40,2 Ave & E 99 St,7386,Central Park W & W 97 St,7538,40.786258,-73.945525,40.79249519495111,-73.96417066463071,casual
1374417,D0B03A4F4B0DE8D8,docked_bike,2021-04-30 08:37:03,2021-04-30 08:49:49,E 110 St & Madison Ave,7587,Central Park W & W 97 St,7538,40.796153,-73.947821,40.79249519495111,-73.96417066463071,casual
1374418,07EBDF7EAC1852E7,docked_bike,2021-04-10 10:41:33,2021-04-10 11:04:23,Central Park S & 6 Ave,6876,Central Park W & W 97 St,7538,40.765909,-73.976341,40.79249519495111,-73.96417066463071,member
1374422,80DD5010BC2E7229,docked_bike,2021-04-18 14:58:11,2021-04-18 15:23:09,Central Park S & 6 Ave,6876,Central Park W & W 97 St,7538,40.765909,-73.976341,40.79249519495111,-73.96417066463071,member
1374423,DACCD742DDE5420B,docked_bike,2021-04-09 14:02:38,2021-04-09 14:26:25,Central Park S & 6 Ave,6876,Central Park W & W 97 St,7538,40.765909,-73.976341,40.79249519495111,-73.96417066463071,member
1374424,39400F185B8A632F,docked_bike,2021-04-18 16:31:06,2021-04-18 17:14:15,Central Park S & 6 Ave,6876,Central Park W & W 97 St,7538,40.765909,-73.976341,40.79249519495111,-73.96417066463071,casual
1374426,9A4248FC34BC0B3A,docked_bike,2021-04-04 11:29:43,2021-04-04 11:49:21,Central Park S & 6 Ave,6876,Central Park W & W 97 St,7538,40.765909,-73.976341,40.79249519495111,-73.96417066463071,member
1374428,35A409090D07D07D,docked_bike,2021-04-12 13:12:05,2021-04-12 13:49:50,E 110 St & Madison Ave,7587,Central Park W & W 97 St,7538,40.796153,-73.947821,40.79249519495111,-73.96417066463071,member
1374431,20BFF6C1BDF5C144,docked_bike,2021-04-04 17:04:35,2021-04-04 17:50:15,Central Park S & 6 Ave,6876,Central Park W & W 97 St,7538,40.765909,-73.976341,40.79249519495111,-73.96417066463071,casual
1374432,542F39A6BE6313B5,docked_bike,2021-04-30 07:55:47,2021-04-30 08:07:13,E 110 St & Madison Ave,7587,Central Park W & W 97 St,7538,40.796153,-73.947821,40.79249519495111,-73.96417066463071,member
1374434,4C0198D8D9142F90,docked_bike,2021-04-04 16:59:52,2021-04-04 17:49:46,Central Park S & 6 Ave,6876,Central Park W & W 97 St,7538,40.765909,-73.976341,40.79249519495111,-73.96417066463071,casual
1374444,645E6C58CB4F76C4,docked_bike,2021-04-28 19:22:52,2021-04-28 20:01:37,Central Park S & 6 Ave,6876,Central Park W & W 97 St,7538,40.765909,-73.976341,40.79249519495111,-73.96417066463071,member
1374445,2B5BAD26660896FB,docked_bike,2021-04-17 11:34:58,2021-04-17 12:11:50,E 110 St & Madison Ave,7587,Central Park W & W 97 St,7538,40.796154,-73.947821,40.792495,-73.964171,member
1374452,AA12B5D37F4F4B6F,docked_bike,2021-04-19 16:56:56,2021-04-19 17:15:19,St Nicholas Ave & W 150 St,8013,Central Park W & W 97 St,7538,40.827212,-73.942722,40.79249519495111,-73.96417066463071,member
1374458,0F3237447A089953,docked_bike,2021-04-07 17:04:41,2021-04-07 18:39:12,E 93 St & 2 Ave,7286,Central Park W & W 97 St,7538,40.782454,-73.948919,40.79249519495111,-73.96417066463071,casual
1374487,388E1B81CB20A49E,docked_bike,2021-04-14 09:06:02,2021-04-14 09:19:23,E 81 St & 3 Ave,7154,Central Park W & W 97 St,7538,40.77573,-73.956752,40.79249519495111,-73.96417066463071,member
1374488,F19F00B9E83013AC,docked_bike,2021-04-29 16:40:47,2021-04-29 17:05:12,W 49 St & 8 Ave,6747,Central Park W & W 97 St,7538,40.762272,-73.987882,40.79249519495111,-73.96417066463071,member
1374492,E6C3A9EDAA0F34B4,docked_bike,2021-04-26 11:03:05,2021-04-26 11:17:29,W 49 St & 8 Ave,6747,Central Park W & W 97 St,7538,40.762272,-73.987882,40.79249519495111,-73.96417066463071,member
1374498,A5280D66AF04BB7E,docked_bike,2021-04-04 15:23:34,2021-04-04 16:00:21,W 49 St & 8 Ave,6747,Central Park W & W 97 St,7538,40.762272,-73.987882,40.79249519495111,-73.96417066463071,member
1374570,3FA110EF8B788A2F,docked_bike,2021-04-06 17:28:30,2021-04-06 17:51:17,W 33 St & 7 Ave,6407,Central Park W & W 97 St,7538,40.750199,-73.99093,40.79249519495111,-73.96417066463071,member
1374640,E7F6098FBED39BDB,docked_bike,2021-04-15 10:43:00,2021-04-15 10:50:24,E 91 St & Park Ave,7344,Central Park W & W 97 St,7538,40.783501,-73.955327,40.79249519495111,-73.96417066463071,member
1374642,7DA021592048739C,docked_bike,2021-04-21 08:22:12,2021-04-21 08:32:48,E 91 St & Park Ave,7344,Central Park W & W 97 St,7538,40.783501,-73.955327,40.79249519495111,-73.96417066463071,member
1374643,0634BC508AD66B6C,docked_bike,2021-04-26 08:23:35,2021-04-26 08:33:48,E 91 St & Park Ave,7344,Central Park W & W 97 St,7538,40.783501,-73.955327,40.79249519495111,-73.96417066463071,member
1374644,E1F20F3E20AC9FA6,docked_bike,2021-04-23 12:28:03,2021-04-23 12:40:55,E 91 St & Park Ave,7344,Central Park W & W 97 St,7538,40.783501,-73.955327,40.79249519495111,-73.96417066463071,member
1374645,5938D5676D83F8B3,docked_bike,2021-04-10 17:56:49,2021-04-10 18:04:36,Madison Ave & E 99 St,7443,Central Park W & W 97 St,7538,40.789485,-73.952429,40.79249519495111,-73.96417066463071,member
1374646,2072F646EADA37DF,docked_bike,2021-04-06 20:06:31,2021-04-06 20:10:46,Madison Ave & E 99 St,7443,Central Park W & W 97 St,7538,40.789485,-73.952429,40.79249519495111,-73.96417066463071,member
1374650,8B7E44019408FD19,docked_bike,2021-04-09 16:14:39,2021-04-09 16:33:14,5 Ave & E 72 St,7100,Central Park W & W 97 St,7538,40.772828,-73.966852,40.79249519495111,-73.96417066463071,member
1374654,47192AA5DF397BE7,docked_bike,2021-04-06 16:35:31,2021-04-06 17:01:26,5 Ave & E 72 St,7100,Central Park W & W 97 St,7538,40.772828,-73.966852,40.79249519495111,-73.96417066463071,member
1374656,629A7494ABF075E4,docked_bike,2021-04-26 18:38:47,2021-04-26 18:54:42,E 118 St & Madison Ave,7640,Central Park W & W 97 St,7538,40.801486,-73.94425,40.79249519495111,-73.96417066463071,member
1374657,A58D3DFE9A688B77,docked_bike,2021-04-28 12:43:27,2021-04-28 13:05:52,5 Ave & E 72 St,7100,Central Park W & W 97 St,7538,40.772828,-73.966852,40.79249519495111,-73.96417066463071,casual
1374661,95D6AB6FC40993F8,docked_bike,2021-04-09 13:41:55,2021-04-09 14:21:28,5 Ave & E 72 St,7100,Central Park W & W 97 St,7538,40.772828,-73.966852,40.79249519495111,-73.96417066463071,casual
1374665,6863676B2A32739E,docked_bike,2021-04-09 09:43:44,2021-04-09 09:57:34,E 118 St & 3 Ave,7611,Central Park W & W 97 St,7538,40.799139,-73.938915,40.79249519495111,-73.96417066463071,member
1374715,3540D8BD3BA16D47,docked_bike,2021-04-28 21:01:35,2021-04-28 21:34:23,Greenwich Ave & 8 Ave,6072,Central Park W & W 97 St,7538,40.739016,-74.002637,40.79249519495111,-73.96417066463071,member
1374795,93D47003D162E0CB,docked_bike,2021-04-10 11:04:27,2021-04-10 11:18:06,W 50 St & 10 Ave,6890,Central Park W & W 97 St,7538,40.764734,-73.991943,40.79249519495111,-73.96417066463071,member
1374800,3D6DA66BFCB0FFEB,docked_bike,2021-04-24 09:47:48,2021-04-24 09:58:53,W 50 St & 10 Ave,6890,Central Park W & W 97 St,7538,40.764734,-73.991943,40.79249519495111,-73.96417066463071,member
1374846,A4C489FF8B109177,docked_bike,2021-04-20 17:51:10,2021-04-21 18:51:03,3 Ave & E 172 St,8205,Central Park W & W 97 St,7538,40.839586,-73.900277,40.79249519495111,-73.96417066463071,casual
1374859,BB86C78FCA3F03F2,docked_bike,2021-04-04 15:25:33,2021-04-04 15:59:05,W 49 St & 8 Ave,6747,Central Park W & W 97 St,7538,40.762272,-73.987882,40.79249519495111,-73.96417066463071,member
1374867,2C68C7BCC7811A34,docked_bike,2021-04-10 12:54:10,2021-04-10 13:06:11,W 49 St & 8 Ave,6747,Central Park W & W 97 St,7538,40.762272,-73.987882,40.79249519495111,-73.96417066463071,member
1374909,780F92F093A9E88F,docked_bike,2021-04-10 18:03:17,2021-04-10 18:39:59,St Marks Pl & 1 Ave,5626,Central Park W & W 97 St,7538,40.727791,-73.985649,40.792495,-73.964171,member
1374921,0C4A2E0FE37788AA,docked_bike,2021-04-17 15:50:47,2021-04-17 16:36:55,W 49 St & 8 Ave,6747,Central Park W & W 97 St,7538,40.762272,-73.987882,40.79249519495111,-73.96417066463071,casual
1374944,80318EF1E7D7F743,docked_bike,2021-04-30 16:24:46,2021-04-30 16:53:28,E 32 St & Park Ave,6280,Central Park W & W 97 St,7538,40.745712,-73.981948,40.79249519495111,-73.96417066463071,member
1374947,78F701213C6EEAA9,docked_bike,2021-04-14 09:54:20,2021-04-14 10:10:57,Central Park S & 6 Ave,6876,Central Park W & W 97 St,7538,40.765909,-73.976341,40.79249519495111,-73.96417066463071,member
1374949,BC611B98328B5DB4,docked_bike,2021-04-23 15:48:36,2021-04-23 16:18:19,Central Park S & 6 Ave,6876,Central Park W & W 97 St,7538,40.765909,-73.976341,40.79249519495111,-73.96417066463071,casual
1374955,31F9E6B81DE0EBA7,docked_bike,2021-04-08 17:37:26,2021-04-08 18:24:11,St Marks Pl & 1 Ave,5626,Central Park W & W 97 St,7538,40.727791,-73.985649,40.792495,-73.964171,member
1374976,60AE713EE18B704F,docked_bike,2021-04-20 08:44:46,2021-04-20 08:55:17,E 81 St & 3 Ave,7154,Central Park W & W 97 St,7538,40.77573,-73.956752,40.79249519495111,-73.96417066463071,member
1375009,ACB2D4BF1384091E,docked_bike,2021-04-21 06:02:43,2021-04-21 06:13:16,Amsterdam Ave & W 131 St,7842,Central Park W & W 97 St,7538,40.816355,-73.954295,40.79249519495111,-73.96417066463071,member
1375014,59C9D838F23B383B,docked_bike,2021-04-30 13:41:28,2021-04-30 13:55:44,3 Ave & E 62 St,6762,Central Park W & W 97 St,7538,40.763125,-73.965268,40.79249519495111,-73.96417066463071,casual
1375063,BD3AA8A950942E9B,docked_bike,2021-04-23 18:44:27,2021-04-23 19:06:09,3 Ave & E 62 St,6762,Central Park W & W 97 St,7538,40.763125,-73.965268,40.79249519495111,-73.96417066463071,member
1375074,64288A3F406FE7F4,docked_bike,2021-04-20 16:16:35,2021-04-20 16:43:14,Broadway & W 36 St,6441,Central Park W & W 97 St,7538,40.750977,-73.987654,40.79249519495111,-73.96417066463071,casual
1375089,40E9DB71C403AE5D,docked_bike,2021-04-29 07:57:29,2021-04-29 08:22:38,E 81 St & Park Ave,7188,Central Park W & W 97 St,7538,40.776777,-73.959009,40.79249519495111,-73.96417066463071,member
1375097,A9699DD1B2C97B08,docked_bike,2021-04-19 11:14:22,2021-04-19 11:29:28,E 81 St & Park Ave,7188,Central Park W & W 97 St,7538,40.776777,-73.95901,40.792495,-73.964171,casual
1375123,8DDA21D93C41BCD2,docked_bike,2021-04-10 18:35:28,2021-04-10 19:02:28,W 18 St & 9 Ave,6190,Central Park W & W 97 St,7538,40.743533,-74.003675,40.79249519495111,-73.96417066463071,member
1375192,71B8134D19378257,docked_bike,2021-04-09 22:17:51,2021-04-09 22:26:51,Central Park West & W 85 St,7354,Central Park W & W 97 St,7538,40.78476,-73.969862,40.79249519495111,-73.96417066463071,casual
1375193,3152D67D118FD083,docked_bike,2021-04-29 13:44:49,2021-04-29 14:55:20,Central Park West & W 85 St,7354,Central Park W & W 97 St,7538,40.78476,-73.969862,40.79249519495111,-73.96417066463071,member
1375196,117C76BD7C711A2D,docked_bike,2021-04-10 14:34:41,2021-04-10 15:31:51,Central Park West & W 85 St,7354,Central Park W & W 97 St,7538,40.78476,-73.969862,40.79249519495111,-73.96417066463071,casual
1375197,979FAB538CD55CA3,docked_bike,2021-04-18 10:02:16,2021-04-18 10:14:57,West End Ave & W 78 St,7340,Central Park W & W 97 St,7538,40.783786,-73.981687,40.79249519495111,-73.96417066463071,member
1375199,CD2A3B700653DDED,docked_bike,2021-04-18 17:53:01,2021-04-18 17:58:56,Central Park West & W 85 St,7354,Central Park W & W 97 St,7538,40.78476,-73.969862,40.79249519495111,-73.96417066463071,member
1375238,7F7060CE7BE43EF8,docked_bike,2021-04-07 12:35:57,2021-04-07 13:07:53,W 15 St & 6 Ave,5989,Central Park W & W 97 St,7538,40.738046,-73.996429,40.79249519495111,-73.96417066463071,member
1375313,A5E919024A2CC56F,docked_bike,2021-04-21 13:33:18,2021-04-21 13:53:27,St Nicholas Ave & W 137 St,7898,Central Park W & W 97 St,7538,40.818477,-73.947568,40.79249519495111,-73.96417066463071,member
1375357,62F5E1356F1CCB99,docked_bike,2021-04-17 14:21:31,2021-04-17 14:37:02,St Nicholas Ave & W 137 St,7898,Central Park W & W 97 St,7538,40.818477,-73.947568,40.79249519495111,-73.96417066463071,member
1375371,E31C11EFF37A40A6,docked_bike,2021-04-19 17:27:33,2021-04-19 17:49:04,E 54 St & 1 Ave,6608,Central Park W & W 97 St,7538,40.756265,-73.964179,40.79249519495111,-73.96417066463071,casual
1375395,E1B77245F12624A2,docked_bike,2021-04-24 22:26:57,2021-04-24 23:53:08,W 100 St & Broadway,7580,Central Park W & W 97 St,7538,40.797372,-73.970411,40.79249519495111,-73.96417066463071,casual
1375398,DDAAF3CB7EA1FB75,docked_bike,2021-04-23 16:59:33,2021-04-23 17:31:45,W 100 St & Broadway,7580,Central Park W & W 97 St,7538,40.797372,-73.970411,40.79249519495111,-73.96417066463071,member
1375399,2C5ACA2BD6ADF439,docked_bike,2021-04-17 11:12:42,2021-04-17 11:36:18,E 58 St & 1 Ave (NE Corner),6682,Central Park W & W 97 St,7538,40.758923,-73.962262,40.79249519495111,-73.96417066463071,casual
1375430,95A0671ED020D5DF,docked_bike,2021-04-22 18:04:02,2021-04-22 18:20:27,Madison Av & E 51 St,6659,Central Park W & W 97 St,7538,40.75863,-73.97513,40.79249519495111,-73.96417066463071,member
1375434,5D8BFEB92AB0391D,docked_bike,2021-04-23 09:38:19,2021-04-23 09:42:18,W 100 St & Broadway,7580,Central Park W & W 97 St,7538,40.797372,-73.970411,40.79249519495111,-73.96417066463071,member
1375436,AEDCB7552AAF0BC0,docked_bike,2021-04-03 12:35:56,2021-04-03 12:39:17,W 100 St & Broadway,7580,Central Park W & W 97 St,7538,40.797372,-73.970411,40.79249519495111,-73.96417066463071,member
1375460,967D5E4B96454E57,docked_bike,2021-04-24 16:45:05,2021-04-24 16:51:05,W 100 St & Broadway,7580,Central Park W & W 97 St,7538,40.797372,-73.970411,40.79249519495111,-73.96417066463071,member
1375461,9D7A0E211A8445A1,docked_bike,2021-04-29 18:09:06,2021-04-29 18:13:05,W 100 St & Broadway,7580,Central Park W & W 97 St,7538,40.797372,-73.970411,40.79249519495111,-73.96417066463071,member
1375462,8F7F6DBC45976DC2,docked_bike,2021-04-20 18:18:16,2021-04-20 18:33:12,W 59 St & 10 Ave,7023,Central Park W & W 97 St,7538,40.770513,-73.988038,40.79249519495111,-73.96417066463071,member
1375464,1719C6BA62FF8D08,docked_bike,2021-04-24 22:28:22,2021-04-24 23:54:42,W 100 St & Broadway,7580,Central Park W & W 97 St,7538,40.797372,-73.970411,40.79249519495111,-73.96417066463071,casual
1375465,9BD1C21C970049FC,docked_bike,2021-04-29 16:31:22,2021-04-29 16:48:43,W 59 St & 10 Ave,7023,Central Park W & W 97 St,7538,40.770513,-73.988038,40.79249519495111,-73.96417066463071,member
1375466,4C86BD7F01E7DAD0,docked_bike,2021-04-27 16:39:18,2021-04-27 16:57:02,Madison Av & E 51 St,6659,Central Park W & W 97 St,7538,40.75863,-73.97513,40.79249519495111,-73.96417066463071,member
1375467,412320473EC609E7,docked_bike,2021-04-13 17:22:05,2021-04-13 17:42:45,Madison Av & E 51 St,6659,Central Park W & W 97 St,7538,40.75863,-73.97513,40.79249519495111,-73.96417066463071,member
1375472,D46C9B0950B0D839,docked_bike,2021-04-16 19:07:35,2021-04-16 19:15:31,E 102 St & 1 Ave,7407,Central Park W & W 97 St,7538,40.786994,-73.941648,40.79249519495111,-73.96417066463071,member
1375480,747573B457810F04,docked_bike,2021-04-08 22:30:38,2021-04-08 22:47:58,Broadway & W 36 St,6441,Central Park W & W 97 St,7538,40.750977,-73.987654,40.79249519495111,-73.96417066463071,member
1375506,5296E0183F14E773,docked_bike,2021-04-28 13:38:16,2021-04-28 13:41:50,W 100 St & Broadway,7580,Central Park W & W 97 St,7538,40.797372,-73.970411,40.79249519495111,-73.96417066463071,member
1375523,A21A93A938290925,docked_bike,2021-04-02 05:33:07,2021-04-02 05:49:33,W 59 St & 10 Ave,7023,Central Park W & W 97 St,7538,40.770513,-73.988038,40.79249519495111,-73.96417066463071,casual
1375525,5520BE3F6E608715,docked_bike,2021-04-28 13:57:08,2021-04-28 14:05:22,2 Ave & E 104 St,7436,Central Park W & W 97 St,7538,40.78921,-73.943707,40.79249519495111,-73.96417066463071,casual
1375557,7EEBCA4709632D19,docked_bike,2021-04-12 19:23:22,2021-04-12 19:39:38,Adam Clayton Powell Blvd & W 118 St,7670,Central Park W & W 97 St,7538,40.804372,-73.951475,40.79249519495111,-73.96417066463071,member
1375581,ACEACAC8665AD4BD,docked_bike,2021-04-28 15:59:59,2021-04-28 16:10:34,Edgecombe Ave & W 141 St,7915,Central Park W & W 97 St,7538,40.820681,-73.945144,40.79249519495111,-73.96417066463071,member
1375584,89375B7EFCC46F56,docked_bike,2021-04-24 22:26:41,2021-04-24 23:54:02,W 100 St & Broadway,7580,Central Park W & W 97 St,7538,40.797372,-73.970411,40.79249519495111,-73.96417066463071,casual
1375590,EE596016AFB489C7,docked_bike,2021-04-27 18:23:01,2021-04-27 18:34:48,W 59 St & 10 Ave,7023,Central Park W & W 97 St,7538,40.770513,-73.988038,40.79249519495111,-73.96417066463071,member
1375591,9C5959CB7EF54538,docked_bike,2021-04-28 13:56:46,2021-04-28 14:23:43,2 Ave & E 104 St,7436,Central Park W & W 97 St,7538,40.78921,-73.943707,40.79249519495111,-73.96417066463071,casual
1375602,B4ED66D888C3D5D5,docked_bike,2021-04-28 09:13:13,2021-04-28 09:17:30,W 100 St & Broadway,7580,Central Park W & W 97 St,7538,40.797372,-73.970411,40.79249519495111,-73.96417066463071,member
1375608,9DC1FDA42CF0762E,docked_bike,2021-04-07 15:02:46,2021-04-07 15:07:16,W 100 St & Broadway,7580,Central Park W & W 97 St,7538,40.797372,-73.970411,40.79249519495111,-73.96417066463071,member
1375614,948B678B5A95BCD5,docked_bike,2021-04-25 16:10:45,2021-04-25 16:15:18,W 100 St & Broadway,7580,Central Park W & W 97 St,7538,40.797372,-73.970411,40.79249519495111,-73.96417066463071,member
1375615,EE2C85C9F73E366F,docked_bike,2021-04-29 12:29:50,2021-04-29 12:35:07,W 100 St & Broadway,7580,Central Park W & W 97 St,7538,40.797372,-73.970411,40.79249519495111,-73.96417066463071,member
1375628,3EB2D1FDAA15D697,docked_bike,2021-04-20 19:15:01,2021-04-20 19:32:14,E 48 St & 3 Ave,6541,Central Park W & W 97 St,7538,40.754601,-73.971878,40.79249519495111,-73.96417066463071,member
1375635,ED5A388C708277B6,docked_bike,2021-04-03 11:24:53,2021-04-03 11:40:35,E 118 St & 1 Ave,7596,Central Park W & W 97 St,7538,40.79747,-73.93504,40.79249519495111,-73.96417066463071,casual
1375646,2B2D7FC59B54E64B,docked_bike,2021-04-06 13:45:08,2021-04-06 13:46:58,W 106 St & Central Park West,7606,Central Park W & W 97 St,7538,40.798185,-73.96059,40.79249519495111,-73.96417066463071,member
1375647,78410DB9ACEDEB91,docked_bike,2021-04-18 16:36:15,2021-04-18 16:40:56,W 106 St & Central Park West,7606,Central Park W & W 97 St,7538,40.798185,-73.96059,40.79249519495111,-73.96417066463071,member
1375652,03831B40EF9FCDC3,docked_bike,2021-04-23 10:06:58,2021-04-23 10:09:28,W 106 St & Central Park West,7606,Central Park W & W 97 St,7538,40.798185,-73.96059,40.79249519495111,-73.96417066463071,member
1375657,A98D4181DB2CDD8B,docked_bike,2021-04-04 15:18:49,2021-04-04 15:57:38,5 Ave & E 63 St,6904,Central Park W & W 97 St,7538,40.766368,-73.971518,40.79249519495111,-73.96417066463071,casual
1375661,F0095AD309FE43D7,docked_bike,2021-04-18 13:59:40,2021-04-18 15:10:09,5 Ave & E 63 St,6904,Central Park W & W 97 St,7538,40.766368,-73.971518,40.79249519495111,-73.96417066463071,casual
1375666,CC8F4D23ADA86C94,docked_bike,2021-04-03 17:54:41,2021-04-03 18:16:56,5 Ave & E 63 St,6904,Central Park W & W 97 St,7538,40.766368,-73.971518,40.79249519495111,-73.96417066463071,member
1375678,72345F24507483A2,docked_bike,2021-04-19 18:55:38,2021-04-19 19:44:41,Broadway & Battery Pl,4962,Central Park W & W 97 St,7538,40.704633,-74.013617,40.79249519495111,-73.96417066463071,casual
1375681,E9F501B22A4CBF24,docked_bike,2021-04-27 16:26:07,2021-04-27 16:41:43,Edgecombe Ave & W 141 St,7915,Central Park W & W 97 St,7538,40.820681,-73.945144,40.79249519495111,-73.96417066463071,member
1375691,C59520032602000F,docked_bike,2021-04-10 09:24:04,2021-04-10 09:46:11,E 85 St & York Ave,7146,Central Park W & W 97 St,7538,40.775369,-73.948033,40.79249519495111,-73.96417066463071,member
1375696,748055DAF0B1F865,docked_bike,2021-04-09 15:05:25,2021-04-09 15:50:47,Adam Clayton Powell Blvd & W 123 St,7704,Central Park W & W 97 St,7538,40.807831,-73.949373,40.79249519495111,-73.96417066463071,member
1375697,10BF2BBAA6693EAB,docked_bike,2021-04-06 17:20:47,2021-04-06 17:44:38,5 Ave & E 63 St,6904,Central Park W & W 97 St,7538,40.766368,-73.971518,40.79249519495111,-73.96417066463071,member
1375699,7793207D9919BD94,docked_bike,2021-04-06 19:14:18,2021-04-06 19:25:18,E 84 St & Park Ave,7243,Central Park W & W 97 St,7538,40.778626,-73.95772,40.79249519495111,-73.96417066463071,casual
1375700,9070820AB0892484,docked_bike,2021-04-04 08:30:49,2021-04-04 08:48:40,E 84 St & Park Ave,7243,Central Park W & W 97 St,7538,40.778626,-73.95772,40.79249519495111,-73.96417066463071,casual
1375702,3B7E52F874DDE0BB,docked_bike,2021-04-07 15:56:23,2021-04-07 16:29:27,W 17 St & 8 Ave,6148,Central Park W & W 97 St,7538,40.741776,-74.001497,40.79249519495111,-73.96417066463071,casual
1375742,568342B9822A77C8,docked_bike,2021-04-13 17:26:40,2021-04-13 18:01:46,St Marks Pl & 2 Ave,5669,Central Park W & W 97 St,7538,40.728419,-73.98714,40.792495,-73.964171,member
1375748,168475361F05462D,docked_bike,2021-04-20 18:15:22,2021-04-20 18:37:42,E 161 St & River Ave,8041,Central Park W & W 97 St,7538,40.827883,-73.927111,40.79249519495111,-73.96417066463071,member
1375771,8D1E8E0970A48A22,docked_bike,2021-04-17 18:54:41,2021-04-17 19:17:43,E 84 St & Park Ave,7243,Central Park W & W 97 St,7538,40.778626,-73.95772,40.79249519495111,-73.96417066463071,member
1375781,4F6E9025FB9C0897,docked_bike,2021-04-25 12:45:24,2021-04-25 12:58:30,E 84 St & Park Ave,7243,Central Park W & W 97 St,7538,40.778626,-73.95772,40.79249519495111,-73.96417066463071,member
1375801,9244A6636EA2510F,docked_bike,2021-04-24 09:17:29,2021-04-24 09:32:00,W 50 St & 10 Ave,6890,Central Park W & W 97 St,7538,40.764734,-73.991943,40.79249519495111,-73.96417066463071,member
1375818,100EDA39A8A95169,docked_bike,2021-04-18 16:27:08,2021-04-18 16:59:03,E 161 St & River Ave,8041,Central Park W & W 97 St,7538,40.827883,-73.927111,40.79249519495111,-73.96417066463071,member
1375835,16D1D1EE86C06FC1,docked_bike,2021-04-27 12:44:31,2021-04-27 12:58:41,W 50 St & 10 Ave,6890,Central Park W & W 97 St,7538,40.764734,-73.991943,40.79249519495111,-73.96417066463071,member
1375844,7DED570A921FC3EE,docked_bike,2021-04-05 19:23:10,2021-04-05 19:50:16,E 84 St & Park Ave,7243,Central Park W & W 97 St,7538,40.778626,-73.95772,40.79249519495111,-73.96417066463071,casual
1375851,3E6A256CA7725743,docked_bike,2021-04-28 13:35:50,2021-04-28 13:57:32,E 84 St & Park Ave,7243,Central Park W & W 97 St,7538,40.778626,-73.95772,40.79249519495111,-73.96417066463071,member
1375866,6E36D27BF81B75A6,docked_bike,2021-04-14 20:13:35,2021-04-14 20:29:29,E 84 St & Park Ave,7243,Central Park W & W 97 St,7538,40.778627,-73.957721,40.792495,-73.964171,casual
1375867,DC56B65C8565A2C4,docked_bike,2021-04-04 08:30:47,2021-04-04 08:48:38,E 84 St & Park Ave,7243,Central Park W & W 97 St,7538,40.778626,-73.95772,40.79249519495111,-73.96417066463071,casual
1375882,3CED70D8B721C573,docked_bike,2021-04-03 17:19:38,2021-04-03 17:51:20,W 17 St & 8 Ave,6148,Central Park W & W 97 St,7538,40.741776,-74.001497,40.79249519495111,-73.96417066463071,member
1375884,E33FADBED88A7D1E,docked_bike,2021-04-30 13:40:24,2021-04-30 13:52:38,E 84 St & Park Ave,7243,Central Park W & W 97 St,7538,40.778626,-73.95772,40.79249519495111,-73.96417066463071,member
1375887,03870243B20D1403,docked_bike,2021-04-25 15:00:51,2021-04-25 15:06:03,Central Park West & W 85 St,7354,Central Park W & W 97 St,7538,40.78476,-73.969862,40.79249519495111,-73.96417066463071,member
1375890,46A7C4708F07A45D,docked_bike,2021-04-20 16:31:01,2021-04-20 17:26:42,Central Park West & W 85 St,7354,Central Park W & W 97 St,7538,40.78476,-73.969862,40.79249519495111,-73.96417066463071,casual
1375891,31EBE29478BEA9DF,docked_bike,2021-04-18 14:50:59,2021-04-18 15:01:40,Central Park West & W 85 St,7354,Central Park W & W 97 St,7538,40.78476,-73.969862,40.79249519495111,-73.96417066463071,member
1375896,D443E834735C9594,docked_bike,2021-04-07 19:20:10,2021-04-07 19:25:29,Central Park West & W 85 St,7354,Central Park W & W 97 St,7538,40.78476,-73.969862,40.79249519495111,-73.96417066463071,casual
1375898,F1D15FB300DBEBB4,docked_bike,2021-04-26 16:19:45,2021-04-26 16:25:42,Central Park West & W 85 St,7354,Central Park W & W 97 St,7538,40.78476,-73.969862,40.79249519495111,-73.96417066463071,member
1375903,2C0CE5BFF06F8D44,docked_bike,2021-04-27 06:18:54,2021-04-27 06:44:08,Nelson Ave & W 172 St,8290,Central Park W & W 97 St,7538,40.843965,-73.920999,40.79249519495111,-73.96417066463071,casual
1375920,DE243FCE26276798,docked_bike,2021-04-28 15:05:04,2021-04-28 15:24:09,West End Ave & W 78 St,7340,Central Park W & W 97 St,7538,40.783786,-73.981687,40.79249519495111,-73.96417066463071,member
1375923,E7624335F94579E2,docked_bike,2021-04-19 18:08:42,2021-04-19 19:20:36,Central Park West & W 85 St,7354,Central Park W & W 97 St,7538,40.78476,-73.969862,40.79249519495111,-73.96417066463071,member
1375925,6A2EC57A98027BB6,docked_bike,2021-04-24 10:32:22,2021-04-24 10:39:48,Central Park West & W 85 St,7354,Central Park W & W 97 St,7538,40.78476,-73.969862,40.79249519495111,-73.96417066463071,member
1375926,2B78A5A0C442FE48,docked_bike,2021-04-15 06:41:46,2021-04-15 06:57:23,W 47 St & 10 Ave,6824,Central Park W & W 97 St,7538,40.762698,-73.993012,40.79249519495111,-73.96417066463071,member
1375931,5848594DCA1F5285,docked_bike,2021-04-25 14:17:50,2021-04-25 14:21:29,Central Park West & W 85 St,7354,Central Park W & W 97 St,7538,40.78476,-73.969862,40.79249519495111,-73.96417066463071,member
1375932,38C5DCEB011E806F,docked_bike,2021-04-04 13:40:51,2021-04-04 13:45:55,Central Park West & W 85 St,7354,Central Park W & W 97 St,7538,40.78476,-73.969862,40.79249519495111,-73.96417066463071,member
1375936,205964BC8FDCD629,docked_bike,2021-04-09 15:12:11,2021-04-09 15:50:54,Adam Clayton Powell Blvd & W 115 St,7643,Central Park W & W 97 St,7538,40.802535,-73.953242,40.79249519495111,-73.96417066463071,casual
1375937,FDE7748D200F5FCF,docked_bike,2021-04-24 14:36:43,2021-04-24 14:40:54,Central Park West & W 85 St,7354,Central Park W & W 97 St,7538,40.78476,-73.969862,40.79249519495111,-73.96417066463071,casual
1375938,6D7048E8AC8759A3,docked_bike,2021-04-05 13:28:27,2021-04-05 13:43:09,E 85 St & York Ave,7146,Central Park W & W 97 St,7538,40.775369,-73.948033,40.79249519495111,-73.96417066463071,member
1375946,94D8D830C1246825,docked_bike,2021-04-14 14:46:41,2021-04-14 15:33:08,E 85 St & York Ave,7146,Central Park W & W 97 St,7538,40.775369,-73.948033,40.79249519495111,-73.96417066463071,member
1375959,B2859FAFA8DA2637,docked_bike,2021-04-16 19:07:27,2021-04-16 19:15:33,Adam Clayton Powell Blvd & W 123 St,7704,Central Park W & W 97 St,7538,40.807831,-73.949373,40.79249519495111,-73.96417066463071,member
1375962,FF6F8BE545515577,docked_bike,2021-04-05 19:13:47,2021-04-05 19:40:17,5 Ave & E 63 St,6904,Central Park W & W 97 St,7538,40.766368,-73.971518,40.79249519495111,-73.96417066463071,member
1375963,E5BA08E0604BCAAC,docked_bike,2021-04-14 14:46:47,2021-04-14 15:33:13,E 85 St & York Ave,7146,Central Park W & W 97 St,7538,40.775369,-73.948033,40.79249519495111,-73.96417066463071,member
1376001,8F31D14F7558294D,docked_bike,2021-04-26 16:56:05,2021-04-26 17:05:25,E 85 St & York Ave,7146,Central Park W & W 97 St,7538,40.775369,-73.948033,40.79249519495111,-73.96417066463071,casual
1376013,CB128D514E6D564E,docked_bike,2021-04-24 13:17:31,2021-04-25 14:17:27,South St & Whitehall St,4846,Central Park W & W 97 St,7538,40.701221,-74.012342,40.79249519495111,-73.96417066463071,casual
1376020,698DD0AEE6FE72ED,docked_bike,2021-04-06 11:41:06,2021-04-06 11:58:54,W 59 St & 10 Ave,7023,Central Park W & W 97 St,7538,40.770513,-73.988038,40.79249519495111,-73.96417066463071,member
1376021,53FCA198F5D74004,docked_bike,2021-04-08 17:32:12,2021-04-08 17:54:11,W 59 St & 10 Ave,7023,Central Park W & W 97 St,7538,40.770513,-73.988038,40.79249519495111,-73.96417066463071,member
1376024,ECB58C43B37CFDA3,docked_bike,2021-04-09 11:12:43,2021-04-09 11:16:41,W 100 St & Broadway,7580,Central Park W & W 97 St,7538,40.797372,-73.970411,40.79249519495111,-73.96417066463071,member
1376026,CFBBD8C75BED65AA,docked_bike,2021-04-26 16:57:26,2021-04-26 17:14:52,Madison Av & E 51 St,6659,Central Park W & W 97 St,7538,40.75863,-73.97513,40.79249519495111,-73.96417066463071,member
1376027,5CE7CCDB5FA435EB,docked_bike,2021-04-01 17:27:12,2021-04-01 17:46:00,Madison Av & E 51 St,6659,Central Park W & W 97 St,7538,40.75863,-73.97513,40.79249519495111,-73.96417066463071,member
1376028,E0B463ABE2688EF5,docked_bike,2021-04-14 16:51:58,2021-04-14 17:10:07,Madison Av & E 51 St,6659,Central Park W & W 97 St,7538,40.75863,-73.97513,40.79249519495111,-73.96417066463071,member
1376030,E05A300FADC5739D,docked_bike,2021-04-17 01:40:37,2021-04-17 02:01:02,Madison Av & E 51 St,6659,Central Park W & W 97 St,7538,40.75863,-73.97513,40.79249519495111,-73.96417066463071,member
1376031,7D3F121B356BE4A5,docked_bike,2021-04-10 16:54:50,2021-04-10 16:58:22,W 100 St & Broadway,7580,Central Park W & W 97 St,7538,40.797372,-73.970411,40.79249519495111,-73.96417066463071,member
1376037,58C3D8AE6B11C3BB,docked_bike,2021-04-24 22:27:29,2021-04-24 23:53:23,W 100 St & Broadway,7580,Central Park W & W 97 St,7538,40.797372,-73.970411,40.79249519495111,-73.96417066463071,casual
1376040,81117A33122629D2,docked_bike,2021-04-09 19:53:22,2021-04-09 20:15:05,W 59 St & 10 Ave,7023,Central Park W & W 97 St,7538,40.770513,-73.988038,40.79249519495111,-73.96417066463071,casual
1376068,C5050D6D6C49004F,docked_bike,2021-04-28 07:49:06,2021-04-28 07:53:12,W 100 St & Broadway,7580,Central Park W & W 97 St,7538,40.797372,-73.970411,40.79249519495111,-73.96417066463071,member
1376080,6B618A7ADA9A2D0D,docked_bike,2021-04-20 16:26:51,2021-04-20 16:34:53,2 Ave & E 104 St,7436,Central Park W & W 97 St,7538,40.78921,-73.943707,40.79249519495111,-73.96417066463071,casual
1376086,CFFA153E3576F010,docked_bike,2021-04-27 14:35:45,2021-04-27 15:12:21,E 6 St & Avenue B,5584,Central Park W & W 97 St,7538,40.724537,-73.981854,40.792495,-73.964171,casual
1376098,CEF5AF7B3B3B0DE8,docked_bike,2021-04-10 13:39:00,2021-04-10 13:57:33,Adam Clayton Powell Blvd & W 130 St,7774,Central Park W & W 97 St,7538,40.812346,-73.946168,40.79249519495111,-73.96417066463071,casual
1376099,5CB86634F729A7C0,docked_bike,2021-04-01 16:38:36,2021-04-01 16:47:24,Adam Clayton Powell Blvd & W 118 St,7670,Central Park W & W 97 St,7538,40.804372,-73.951475,40.79249519495111,-73.96417066463071,member
1376107,43CE32D93033EAB2,docked_bike,2021-04-24 22:27:50,2021-04-24 23:54:11,W 100 St & Broadway,7580,Central Park W & W 97 St,7538,40.797372,-73.970411,40.79249519495111,-73.96417066463071,casual
1376114,FF995C4D0B4A570A,docked_bike,2021-04-08 16:40:05,2021-04-08 16:52:35,W 100 St & Broadway,7580,Central Park W & W 97 St,7538,40.797372,-73.970411,40.79249519495111,-73.96417066463071,member
1376115,053707FAC936A488,docked_bike,2021-04-06 19:04:41,2021-04-06 19:25:32,Madison Av & E 51 St,6659,Central Park W & W 97 St,7538,40.75863,-73.97513,40.79249519495111,-73.96417066463071,member
1376117,27A052AF81F8FFCF,docked_bike,2021-04-13 18:34:46,2021-04-13 18:52:36,E 48 St & 3 Ave,6541,Central Park W & W 97 St,7538,40.754601,-73.971878,40.79249519495111,-73.96417066463071,member
1376123,39B5C19B2064DD38,docked_bike,2021-04-18 09:25:06,2021-04-18 09:55:21,W 15 St & 6 Ave,5989,Central Park W & W 97 St,7538,40.738046,-73.996429,40.79249519495111,-73.96417066463071,member
1376132,B680B1F96C7A85F9,docked_bike,2021-04-26 22:58:31,2021-04-26 23:44:35,Bleecker St & Crosby St,5679,Central Park W & W 97 St,7538,40.726156,-73.995101,40.79249519495111,-73.96417066463071,casual
1376135,0481A6AD0A015CA4,docked_bike,2021-04-18 18:38:18,2021-04-18 18:57:50,E 48 St & 3 Ave,6541,Central Park W & W 97 St,7538,40.754601,-73.971878,40.79249519495111,-73.96417066463071,member
1376136,F4FFFB853F27CF8F,docked_bike,2021-04-03 13:34:40,2021-04-03 13:49:36,W 59 St & 10 Ave,7023,Central Park W & W 97 St,7538,40.770513,-73.988038,40.792495,-73.964171,member
1376138,53E42E619371B057,docked_bike,2021-04-24 22:28:30,2021-04-24 23:54:57,W 100 St & Broadway,7580,Central Park W & W 97 St,7538,40.797372,-73.970411,40.79249519495111,-73.96417066463071,casual
1376153,0CF586D4B4973DC5,docked_bike,2021-04-27 15:30:19,2021-04-27 15:53:18,W 100 St & Broadway,7580,Central Park W & W 97 St,7538,40.797372,-73.970411,40.79249519495111,-73.96417066463071,member
1376173,27A5AECC512991EF,docked_bike,2021-04-18 14:16:52,2021-04-18 14:30:43,Adam Clayton Powell Blvd & W 130 St,7774,Central Park W & W 97 St,7538,40.812346,-73.946168,40.79249519495111,-73.96417066463071,member
1376183,6B42AA7788BF67A7,docked_bike,2021-04-24 22:27:27,2021-04-24 23:53:17,W 100 St & Broadway,7580,Central Park W & W 97 St,7538,40.797372,-73.970411,40.79249519495111,-73.96417066463071,casual
1376184,8AFFC7A74BF6B17F,docked_bike,2021-04-17 00:05:18,2021-04-17 00:25:54,W 59 St & 10 Ave,7023,Central Park W & W 97 St,7538,40.770513,-73.988038,40.79249519495111,-73.96417066463071,casual
1376185,DD8D917A35E83E6D,docked_bike,2021-04-09 16:13:43,2021-04-09 16:32:26,E 48 St & 3 Ave,6541,Central Park W & W 97 St,7538,40.754601,-73.971878,40.79249519495111,-73.96417066463071,member
1376189,52AC3A7B7704E441,docked_bike,2021-04-09 19:02:03,2021-04-09 19:17:28,1 Ave & E 68 St,6822,Central Park W & W 97 St,7538,40.765005,-73.958184,40.79249519495111,-73.96417066463071,member
1376198,FA23AD72AD20B5CC,docked_bike,2021-04-07 20:14:03,2021-04-07 20:27:55,1 Ave & E 68 St,6822,Central Park W & W 97 St,7538,40.765005,-73.958184,40.79249519495111,-73.96417066463071,casual
1376239,D3AC3FFF052E6307,docked_bike,2021-04-21 08:41:31,2021-04-21 08:48:49,Adam Clayton Powell Blvd & W 118 St,7670,Central Park W & W 97 St,7538,40.804372,-73.951475,40.79249519495111,-73.96417066463071,member
1376262,C11EAAB23334CD7B,docked_bike,2021-04-25 11:28:45,2021-04-25 11:34:19,W 100 St & Broadway,7580,Central Park W & W 97 St,7538,40.797372,-73.970411,40.79249519495111,-73.96417066463071,member
1376264,DC997AA77957DAF0,docked_bike,2021-04-06 11:13:47,2021-04-06 11:48:48,W 59 St & 10 Ave,7023,Central Park W & W 97 St,7538,40.770513,-73.988038,40.79249519495111,-73.96417066463071,casual
1376269,FB86D2B3A4DD0170,docked_bike,2021-04-13 19:07:39,2021-04-13 19:21:17,W 59 St & 10 Ave,7023,Central Park W & W 97 St,7538,40.770513,-73.988038,40.79249519495111,-73.96417066463071,member
1376270,E7184534F23468DA,docked_bike,2021-04-20 02:50:38,2021-04-20 03:01:46,W 59 St & 10 Ave,7023,Central Park W & W 97 St,7538,40.770513,-73.988038,40.79249519495111,-73.96417066463071,member
1376271,569D98807C0AF1B8,docked_bike,2021-04-06 12:07:45,2021-04-06 12:25:18,W 59 St & 10 Ave,7023,Central Park W & W 97 St,7538,40.770513,-73.988038,40.79249519495111,-73.96417066463071,member
1376273,48DA22F0827E5480,docked_bike,2021-04-24 15:28:56,2021-04-24 15:43:46,W 100 St & Broadway,7580,Central Park W & W 97 St,7538,40.797372,-73.970411,40.79249519495111,-73.96417066463071,casual
1376280,10D04952975E1E45,docked_bike,2021-04-06 11:14:11,2021-04-06 11:48:56,W 59 St & 10 Ave,7023,Central Park W & W 97 St,7538,40.770513,-73.988038,40.79249519495111,-73.96417066463071,casual
1376282,97037AEB5120A4B1,docked_bike,2021-04-02 21:45:01,2021-04-02 21:53:13,E 102 St & 1 Ave,7407,Central Park W & W 97 St,7538,40.786994,-73.941648,40.79249519495111,-73.96417066463071,member
1376286,37030268126D76B2,docked_bike,2021-04-29 17:48:16,2021-04-29 18:10:55,Madison Av & E 51 St,6659,Central Park W & W 97 St,7538,40.75863,-73.97513,40.79249519495111,-73.96417066463071,member
1376293,9C711CECBE9AA3D5,docked_bike,2021-04-25 14:39:15,2021-04-25 14:47:23,W 100 St & Broadway,7580,Central Park W & W 97 St,7538,40.797372,-73.970411,40.79249519495111,-73.96417066463071,member
1376299,CC3BA6405EB22464,docked_bike,2021-04-25 15:19:48,2021-04-25 15:25:40,W 100 St & Broadway,7580,Central Park W & W 97 St,7538,40.797372,-73.970411,40.79249519495111,-73.96417066463071,member
1376306,277AB3A6FDB3062F,docked_bike,2021-04-28 16:12:40,2021-04-28 16:52:47,W 100 St & Broadway,7580,Central Park W & W 97 St,7538,40.797372,-73.970411,40.79249519495111,-73.96417066463071,member
1376337,59941E6FEC662525,docked_bike,2021-04-28 12:15:14,2021-04-28 12:51:48,E 84 St & Park Ave,7243,Central Park W & W 97 St,7538,40.778626,-73.95772,40.79249519495111,-73.96417066463071,casual
1376342,F8AB1A37A19F058F,docked_bike,2021-04-08 16:07:31,2021-04-08 16:33:02,E 84 St & Park Ave,7243,Central Park W & W 97 St,7538,40.778626,-73.95772,40.79249519495111,-73.96417066463071,member
1376344,684E46E1B395F93C,docked_bike,2021-04-28 16:33:23,2021-04-28 17:20:12,E 84 St & Park Ave,7243,Central Park W & W 97 St,7538,40.778626,-73.95772,40.79249519495111,-73.96417066463071,member
1376365,9E11C400CE49F206,docked_bike,2021-04-23 22:32:14,2021-04-23 22:39:41,W 90 St & Amsterdam Ave,7432,Central Park W & W 97 St,7538,40.790179,-73.972889,40.79249519495111,-73.96417066463071,member
1376375,36167DC41DC84047,docked_bike,2021-04-25 14:01:57,2021-04-25 14:39:17,W 29 St & 9 Ave,6416,Central Park W & W 97 St,7538,40.750072,-73.998392,40.79249519495111,-73.96417066463071,member
1376383,8B6F89B1D9591C59,docked_bike,2021-04-18 15:25:52,2021-04-18 16:35:24,Commerce St & Van Brunt St,4243,Central Park W & W 97 St,7538,40.681211,-74.008609,40.79249519495111,-73.96417066463071,casual
1376391,B91B4B3665B0C4A2,docked_bike,2021-04-04 09:18:19,2021-04-04 09:45:44,E 30 St & Park Ave S,6206,Central Park W & W 97 St,7538,40.744449,-73.983035,40.79249519495111,-73.96417066463071,member
1376394,67FD9FF9F75AD3AE,docked_bike,2021-04-22 18:19:17,2021-04-22 18:27:27,W 90 St & Amsterdam Ave,7432,Central Park W & W 97 St,7538,40.790179,-73.972889,40.79249519495111,-73.96417066463071,member
1376395,CCAADD0021FFB928,docked_bike,2021-04-18 17:22:58,2021-04-18 17:28:34,W 90 St & Amsterdam Ave,7432,Central Park W & W 97 St,7538,40.790179,-73.972889,40.79249519495111,-73.96417066463071,member
1376402,BC2884EE3E8D88D6,docked_bike,2021-04-06 17:26:27,2021-04-06 17:31:24,W 90 St & Amsterdam Ave,7432,Central Park W & W 97 St,7538,40.790179,-73.972889,40.79249519495111,-73.96417066463071,member
1376404,CC9B6A1C7BFABFE4,docked_bike,2021-04-19 18:11:54,2021-04-19 18:21:18,W 90 St & Amsterdam Ave,7432,Central Park W & W 97 St,7538,40.790179,-73.972889,40.79249519495111,-73.96417066463071,member
1376410,B139524FE10A10A4,docked_bike,2021-04-23 22:32:15,2021-04-23 22:39:23,W 90 St & Amsterdam Ave,7432,Central Park W & W 97 St,7538,40.790179,-73.972889,40.79249519495111,-73.96417066463071,member
1376413,3377AE0AA0FEA7FB,docked_bike,2021-04-17 16:29:15,2021-04-17 16:34:27,W 90 St & Amsterdam Ave,7432,Central Park W & W 97 St,7538,40.790179,-73.972889,40.79249519495111,-73.96417066463071,member
1376417,4E69C3C98AA5E070,docked_bike,2021-04-07 18:43:56,2021-04-07 18:47:40,W 90 St & Amsterdam Ave,7432,Central Park W & W 97 St,7538,40.790179,-73.972889,40.79249519495111,-73.96417066463071,member
1376435,24B101C5CE4DF08B,docked_bike,2021-04-19 17:37:10,2021-04-19 17:42:57,W 90 St & Amsterdam Ave,7432,Central Park W & W 97 St,7538,40.790179,-73.972889,40.79249519495111,-73.96417066463071,casual
1376447,7DF604C529BC9F09,docked_bike,2021-04-03 18:03:50,2021-04-03 18:07:35,W 90 St & Amsterdam Ave,7432,Central Park W & W 97 St,7538,40.790179,-73.972889,40.79249519495111,-73.96417066463071,member
1376473,198D7D74EE4BCD9A,docked_bike,2021-04-24 15:38:39,2021-04-24 15:44:46,W 90 St & Amsterdam Ave,7432,Central Park W & W 97 St,7538,40.790179,-73.972889,40.79249519495111,-73.96417066463071,member
1376478,06AD318EB76B1528,docked_bike,2021-04-30 20:55:11,2021-04-30 21:15:13,W 90 St & Amsterdam Ave,7432,Central Park W & W 97 St,7538,40.790179,-73.972889,40.79249519495111,-73.96417066463071,casual
1376494,56B222BCC8455BDE,docked_bike,2021-04-17 19:14:31,2021-04-17 19:21:36,W 90 St & Amsterdam Ave,7432,Central Park W & W 97 St,7538,40.790179,-73.972889,40.79249519495111,-73.96417066463071,member
1376500,61E0B04C1C76B7BF,docked_bike,2021-04-26 18:35:23,2021-04-26 18:43:53,W 90 St & Amsterdam Ave,7432,Central Park W & W 97 St,7538,40.790179,-73.972889,40.79249519495111,-73.96417066463071,member
1376507,A8FAB24B23F378E8,docked_bike,2021-04-05 18:28:55,2021-04-05 19:16:16,W 90 St & Amsterdam Ave,7432,Central Park W & W 97 St,7538,40.790179,-73.972889,40.79249519495111,-73.96417066463071,casual
1376517,E3370BA35B247903,docked_bike,2021-04-05 18:27:08,2021-04-05 19:16:10,W 90 St & Amsterdam Ave,7432,Central Park W & W 97 St,7538,40.790179,-73.972889,40.79249519495111,-73.96417066463071,casual
1376530,96B76D59089516DC,docked_bike,2021-04-05 12:37:53,2021-04-05 12:45:24,E 102 St & 1 Ave,7407,Central Park W & W 97 St,7538,40.786994,-73.941648,40.79249519495111,-73.96417066463071,member
1376536,58B2D00059C50459,docked_bike,2021-04-17 13:21:37,2021-04-17 13:26:24,W 100 St & Broadway,7580,Central Park W & W 97 St,7538,40.797372,-73.970411,40.79249519495111,-73.96417066463071,member
1376545,F635F1945C685A3B,docked_bike,2021-04-14 17:04:34,2021-04-14 17:25:35,1 Ave & E 68 St,6822,Central Park W & W 97 St,7538,40.765005,-73.958184,40.79249519495111,-73.96417066463071,member
1376547,745D7933571F9901,docked_bike,2021-04-04 14:53:49,2021-04-04 15:27:13,Broadway & E 14 St,5905,Central Park W & W 97 St,7538,40.734545,-73.990741,40.79249519495111,-73.96417066463071,member
1376548,AAAEC9E7FEB92DB6,docked_bike,2021-04-08 18:21:43,2021-04-08 18:45:01,1 Ave & E 68 St,6822,Central Park W & W 97 St,7538,40.765005,-73.958184,40.79249519495111,-73.96417066463071,member
1376554,946D758C26D72573,docked_bike,2021-04-28 06:33:26,2021-04-28 06:51:35,1 Ave & E 68 St,6822,Central Park W & W 97 St,7538,40.765005,-73.958184,40.79249519495111,-73.96417066463071,casual
1376575,126EB9F7BFFD5343,docked_bike,2021-04-16 06:57:45,2021-04-16 07:04:11,W 100 St & Broadway,7580,Central Park W & W 97 St,7538,40.797372,-73.970411,40.79249519495111,-73.96417066463071,member
1376576,A547D34EFB6C8402,docked_bike,2021-04-05 17:42:37,2021-04-05 17:57:01,W 59 St & 10 Ave,7023,Central Park W & W 97 St,7538,40.770513,-73.988038,40.79249519495111,-73.96417066463071,member
1376577,220FFE8A0362DC7B,docked_bike,2021-04-19 17:52:45,2021-04-19 18:07:44,W 59 St & 10 Ave,7023,Central Park W & W 97 St,7538,40.770513,-73.988038,40.79249519495111,-73.96417066463071,member
1376584,B585C66CE19555D8,docked_bike,2021-04-24 22:29:24,2021-04-24 23:53:11,W 100 St & Broadway,7580,Central Park W & W 97 St,7538,40.797372,-73.970411,40.79249519495111,-73.96417066463071,casual
1376587,925E0ACD2F5F4BDD,docked_bike,2021-04-10 09:45:38,2021-04-10 10:04:07,E 58 St & 1 Ave (NE Corner),6682,Central Park W & W 97 St,7538,40.758923,-73.962262,40.79249519495111,-73.96417066463071,member
1376600,D2BF059AAE353574,docked_bike,2021-04-17 12:16:54,2021-04-17 12:24:24,W 95 St & Broadway,7541,Central Park W & W 97 St,7538,40.79377,-73.971888,40.79249519495111,-73.96417066463071,member
1376603,DEDC85FBEB8E0B91,docked_bike,2021-04-04 16:00:13,2021-04-04 16:05:50,W 95 St & Broadway,7541,Central Park W & W 97 St,7538,40.79377,-73.971888,40.79249519495111,-73.96417066463071,member
1376607,0FE29617A47E0B74,docked_bike,2021-04-01 22:17:51,2021-04-01 22:22:10,W 95 St & Broadway,7541,Central Park W & W 97 St,7538,40.79377,-73.971888,40.79249519495111,-73.96417066463071,member
1376615,CDD5E3B877316A6E,docked_bike,2021-04-10 15:02:32,2021-04-10 15:06:00,W 95 St & Broadway,7541,Central Park W & W 97 St,7538,40.79377,-73.971888,40.79249519495111,-73.96417066463071,member
1376621,D8241A8F5DAF491D,docked_bike,2021-04-06 12:32:08,2021-04-06 12:40:38,W 95 St & Broadway,7541,Central Park W & W 97 St,7538,40.79377,-73.971888,40.79249519495111,-73.96417066463071,member
1376623,B7F093D9D9D6533B,docked_bike,2021-04-29 18:08:44,2021-04-29 18:43:51,Barrow St & Hudson St,5805,Central Park W & W 97 St,7538,40.731724,-74.006744,40.79249519495111,-73.96417066463071,member
1376624,76FC39F2A188270F,docked_bike,2021-04-09 17:53:15,2021-04-09 17:58:13,W 95 St & Broadway,7541,Central Park W & W 97 St,7538,40.79377,-73.971888,40.79249519495111,-73.96417066463071,member
1376634,D64232E74E9E390A,docked_bike,2021-04-26 10:17:10,2021-04-26 10:22:36,W 95 St & Broadway,7541,Central Park W & W 97 St,7538,40.79377,-73.971888,40.79249519495111,-73.96417066463071,casual
1376638,5C162B866D61CBB8,docked_bike,2021-04-26 06:04:13,2021-04-26 06:37:45,W 29 St & 9 Ave,6416,Central Park W & W 97 St,7538,40.750072,-73.998392,40.79249519495111,-73.96417066463071,member
1376646,204EB67AE2A32669,docked_bike,2021-04-30 07:37:56,2021-04-30 07:52:11,W 52 St & 6 Ave,6740,Central Park W & W 97 St,7538,40.761329,-73.97982,40.79249519495111,-73.96417066463071,casual
1376655,8187DD8BD37922D9,docked_bike,2021-04-03 09:45:37,2021-04-03 09:49:14,W 95 St & Broadway,7541,Central Park W & W 97 St,7538,40.79377,-73.971888,40.79249519495111,-73.96417066463071,member
1376656,FE98FE7FB7B1BF38,docked_bike,2021-04-13 18:51:48,2021-04-13 18:59:02,W 95 St & Broadway,7541,Central Park W & W 97 St,7538,40.79377,-73.971888,40.79249519495111,-73.96417066463071,member
1376661,9101964049445131,docked_bike,2021-04-28 12:12:03,2021-04-28 12:19:16,W 95 St & Broadway,7541,Central Park W & W 97 St,7538,40.79377,-73.971888,40.79249519495111,-73.96417066463071,member
1376665,48751526F4CEAD90,docked_bike,2021-04-14 09:15:55,2021-04-14 09:27:18,E 115 St & Lexington Ave,7599,Central Park W & W 97 St,7538,40.797911,-73.9423,40.79249519495111,-73.96417066463071,member
1376676,3B324BC97B53151E,docked_bike,2021-04-20 10:57:51,2021-04-20 11:12:43,E 115 St & Lexington Ave,7599,Central Park W & W 97 St,7538,40.797911,-73.9423,40.79249519495111,-73.96417066463071,member
1376685,380C268B8B0FA151,docked_bike,2021-04-06 16:38:24,2021-04-06 17:05:55,W 52 St & 6 Ave,6740,Central Park W & W 97 St,7538,40.761329,-73.97982,40.79249519495111,-73.96417066463071,member
1376690,A5DAB27E87886432,docked_bike,2021-04-19 18:23:36,2021-04-19 18:47:29,W 52 St & 6 Ave,6740,Central Park W & W 97 St,7538,40.761329,-73.97982,40.79249519495111,-73.96417066463071,member
1376716,33D705FEC2D5E163,docked_bike,2021-04-23 17:24:45,2021-04-23 17:29:24,W 90 St & Amsterdam Ave,7432,Central Park W & W 97 St,7538,40.790179,-73.972889,40.79249519495111,-73.96417066463071,member
1376719,CFF87668D65950CE,docked_bike,2021-04-25 12:56:15,2021-04-25 13:35:07,W 52 St & 6 Ave,6740,Central Park W & W 97 St,7538,40.761329,-73.97982,40.79249519495111,-73.96417066463071,casual
1376723,E432C0BCC2A587AF,docked_bike,2021-04-25 14:15:41,2021-04-25 14:18:15,W 95 St & Broadway,7541,Central Park W & W 97 St,7538,40.79377,-73.971888,40.79249519495111,-73.96417066463071,member
1376733,8D35C7344D6AD7EA,docked_bike,2021-04-14 17:49:19,2021-04-14 18:06:56,W 52 St & 6 Ave,6740,Central Park W & W 97 St,7538,40.761329,-73.97982,40.79249519495111,-73.96417066463071,member
1376734,9F404DE157F7D1DD,docked_bike,2021-04-13 13:23:34,2021-04-13 13:45:19,W 52 St & 6 Ave,6740,Central Park W & W 97 St,7538,40.761329,-73.97982,40.79249519495111,-73.96417066463071,member
1376737,962A2B53F2F4995E,docked_bike,2021-04-20 12:46:32,2021-04-20 13:33:00,W 95 St & Broadway,7541,Central Park W & W 97 St,7538,40.79377,-73.971888,40.79249519495111,-73.96417066463071,member
1376743,1E50F13B23ED0B7D,docked_bike,2021-04-24 18:21:45,2021-04-24 18:46:51,E 115 St & Lexington Ave,7599,Central Park W & W 97 St,7538,40.797911,-73.9423,40.79249519495111,-73.96417066463071,member
1376744,2EB03C2D4B0015EC,docked_bike,2021-04-06 19:19:43,2021-04-06 19:23:55,W 95 St & Broadway,7541,Central Park W & W 97 St,7538,40.79377,-73.971888,40.79249519495111,-73.96417066463071,member
1376752,7BC5BC559B344EBB,docked_bike,2021-04-25 13:00:49,2021-04-25 13:04:33,W 95 St & Broadway,7541,Central Park W & W 97 St,7538,40.79377,-73.971888,40.79249519495111,-73.96417066463071,member
1376754,D2826E85B45A318D,docked_bike,2021-04-18 11:27:00,2021-04-18 11:31:04,W 95 St & Broadway,7541,Central Park W & W 97 St,7538,40.79377,-73.971888,40.79249519495111,-73.96417066463071,member
1376756,CB3989B43DF89FD4,docked_bike,2021-04-24 16:05:28,2021-04-24 16:49:07,W 95 St & Broadway,7541,Central Park W & W 97 St,7538,40.79377,-73.971888,40.79249519495111,-73.96417066463071,member
1376759,7D341E9422BB9A7E,docked_bike,2021-04-03 14:50:20,2021-04-03 14:55:13,W 95 St & Broadway,7541,Central Park W & W 97 St,7538,40.79377,-73.971888,40.79249519495111,-73.96417066463071,member
1376762,1D59B5D047C2896B,docked_bike,2021-04-10 09:58:32,2021-04-10 10:04:24,W 95 St & Broadway,7541,Central Park W & W 97 St,7538,40.79377,-73.971888,40.79249519495111,-73.96417066463071,member
1376769,47287B32C9D19022,docked_bike,2021-04-14 16:15:53,2021-04-14 16:36:02,W 52 St & 6 Ave,6740,Central Park W & W 97 St,7538,40.761329,-73.97982,40.79249519495111,-73.96417066463071,member
1376774,37ABE3D2FF3B4DF3,docked_bike,2021-04-11 15:28:43,2021-04-11 15:42:19,W 95 St & Broadway,7541,Central Park W & W 97 St,7538,40.79377,-73.971888,40.79249519495111,-73.96417066463071,member
1376775,3582B649B153205C,docked_bike,2021-04-23 18:02:34,2021-04-23 18:20:32,W 52 St & 6 Ave,6740,Central Park W & W 97 St,7538,40.761329,-73.97982,40.79249519495111,-73.96417066463071,member
1376782,43A5CF7FF2789AB2,docked_bike,2021-04-07 18:27:07,2021-04-07 18:33:16,W 95 St & Broadway,7541,Central Park W & W 97 St,7538,40.79377,-73.971888,40.79249519495111,-73.96417066463071,member
1376783,62203A8586FFF97B,docked_bike,2021-04-30 16:28:14,2021-04-30 16:52:54,W 95 St & Broadway,7541,Central Park W & W 97 St,7538,40.79377,-73.971888,40.79249519495111,-73.96417066463071,member
1376784,9E000C3D5864F260,docked_bike,2021-04-19 19:12:11,2021-04-19 19:47:08,Pike St & E Broadway,5270,Central Park W & W 97 St,7538,40.714066,-73.992939,40.79249519495111,-73.96417066463071,member
1376794,58DC752E674DBEEE,docked_bike,2021-04-13 23:57:09,2021-04-14 00:00:54,W 95 St & Broadway,7541,Central Park W & W 97 St,7538,40.79377,-73.971888,40.79249519495111,-73.96417066463071,member
1376801,95E348ABDFAE36C4,docked_bike,2021-04-05 23:34:57,2021-04-05 23:37:33,Central Park W & W 91 St,7453,Central Park W & W 97 St,7538,40.788664,-73.9668,40.79249519495111,-73.96417066463071,member
1376803,49580CA2F287B2CF,docked_bike,2021-04-19 07:17:11,2021-04-19 07:19:46,Central Park W & W 91 St,7453,Central Park W & W 97 St,7538,40.788664,-73.9668,40.79249519495111,-73.96417066463071,member
1376805,30E7FA97729FEB84,docked_bike,2021-04-07 12:39:32,2021-04-07 12:42:14,Central Park W & W 91 St,7453,Central Park W & W 97 St,7538,40.788664,-73.9668,40.79249519495111,-73.96417066463071,member
1376809,93B5227D6D06E8FB,docked_bike,2021-04-30 08:48:03,2021-04-30 08:51:18,Central Park W & W 91 St,7453,Central Park W & W 97 St,7538,40.788664,-73.9668,40.79249519495111,-73.96417066463071,member
1376810,CC8B948676EAD91B,docked_bike,2021-04-01 12:44:13,2021-04-01 12:46:48,Central Park W & W 91 St,7453,Central Park W & W 97 St,7538,40.788664,-73.9668,40.79249519495111,-73.96417066463071,member
1376815,1E784547DBFE5B36,docked_bike,2021-04-28 11:52:16,2021-04-28 12:25:22,Central Park W & W 91 St,7453,Central Park W & W 97 St,7538,40.788664,-73.9668,40.79249519495111,-73.96417066463071,member
1376816,70355548540FFAC1,docked_bike,2021-04-27 09:52:30,2021-04-27 09:53:54,Central Park W & W 91 St,7453,Central Park W & W 97 St,7538,40.788664,-73.9668,40.79249519495111,-73.96417066463071,member
1376817,83A1DC22C29AF1BE,docked_bike,2021-04-30 16:01:47,2021-04-30 16:04:33,Central Park W & W 91 St,7453,Central Park W & W 97 St,7538,40.788664,-73.9668,40.79249519495111,-73.96417066463071,member
1376821,AE78260A17525419,docked_bike,2021-04-27 21:46:05,2021-04-27 21:59:51,Central Park W & W 91 St,7453,Central Park W & W 97 St,7538,40.788664,-73.9668,40.79249519495111,-73.96417066463071,casual
1376829,3B92214A9B343470,docked_bike,2021-04-06 14:19:44,2021-04-06 14:22:21,Central Park W & W 91 St,7453,Central Park W & W 97 St,7538,40.788664,-73.9668,40.79249519495111,-73.96417066463071,member
1376831,5BD29207CE8EE0FA,docked_bike,2021-04-04 16:33:14,2021-04-04 16:37:39,Central Park W & W 91 St,7453,Central Park W & W 97 St,7538,40.788664,-73.9668,40.79249519495111,-73.96417066463071,member
1376835,C5A6F6B4B3140F44,docked_bike,2021-04-14 14:28:37,2021-04-14 14:58:19,Central Park W & W 91 St,7453,Central Park W & W 97 St,7538,40.788664,-73.9668,40.79249519495111,-73.96417066463071,casual
1376838,204CBF6A87F5FBA9,docked_bike,2021-04-06 09:43:11,2021-04-06 09:45:54,Central Park W & W 91 St,7453,Central Park W & W 97 St,7538,40.788664,-73.9668,40.79249519495111,-73.96417066463071,member
1376840,4FBEB24226E0F6AD,docked_bike,2021-04-24 20:48:12,2021-04-24 21:24:14,Central Park W & W 91 St,7453,Central Park W & W 97 St,7538,40.788664,-73.9668,40.79249519495111,-73.96417066463071,member
1376845,D7C9E3C02F1950B1,docked_bike,2021-04-28 15:46:36,2021-04-28 16:37:51,Central Park W & W 91 St,7453,Central Park W & W 97 St,7538,40.788664,-73.9668,40.79249519495111,-73.96417066463071,member
1376852,B9312C85E28A8C6A,docked_bike,2021-04-19 10:58:07,2021-04-19 11:05:56,Amsterdam Ave & W 119 St,7727,Central Park W & W 97 St,7538,40.808624,-73.959621,40.79249519495111,-73.96417066463071,member
1376856,6826ED86ED009429,docked_bike,2021-04-14 18:17:32,2021-04-14 18:57:59,Central Park W & W 91 St,7453,Central Park W & W 97 St,7538,40.788664,-73.9668,40.79249519495111,-73.96417066463071,member
1376858,61B88826B5031423,docked_bike,2021-04-19 08:30:01,2021-04-19 08:31:52,Central Park W & W 91 St,7453,Central Park W & W 97 St,7538,40.788664,-73.9668,40.79249519495111,-73.96417066463071,member
1376868,32590869A9318F56,docked_bike,2021-04-21 18:11:41,2021-04-21 18:30:06,E 56 St & Madison Ave,6732,Central Park W & W 97 St,7538,40.761573,-73.972628,40.79249519495111,-73.96417066463071,member
1376871,1ACB1E3E26FC894D,docked_bike,2021-04-18 16:56:01,2021-04-18 17:38:08,Central Park W & W 91 St,7453,Central Park W & W 97 St,7538,40.788664,-73.9668,40.79249519495111,-73.96417066463071,casual
1376878,D1BEA4FD454953D7,docked_bike,2021-04-07 17:32:41,2021-04-07 17:50:59,E 56 St & Madison Ave,6732,Central Park W & W 97 St,7538,40.761573,-73.972628,40.79249519495111,-73.96417066463071,member
1376885,24761DCE51C99D41,docked_bike,2021-04-27 15:36:37,2021-04-27 15:39:31,Central Park W & W 91 St,7453,Central Park W & W 97 St,7538,40.788664,-73.9668,40.79249519495111,-73.96417066463071,member
1376886,5C68FA3E99BB6972,docked_bike,2021-04-17 16:04:14,2021-04-17 16:36:37,Central Park W & W 91 St,7453,Central Park W & W 97 St,7538,40.788664,-73.9668,40.79249519495111,-73.96417066463071,member
1376887,8145E9F00B5D2B51,docked_bike,2021-04-16 13:59:11,2021-04-16 14:09:37,Amsterdam Ave & W 119 St,7727,Central Park W & W 97 St,7538,40.808624,-73.959621,40.79249519495111,-73.96417066463071,member
1376888,523536D4A58CA4FB,docked_bike,2021-04-04 11:51:10,2021-04-04 11:54:01,Central Park W & W 91 St,7453,Central Park W & W 97 St,7538,40.788664,-73.9668,40.79249519495111,-73.96417066463071,member
1376889,FF26B032285AC874,docked_bike,2021-04-02 13:56:16,2021-04-02 13:58:32,Central Park W & W 91 St,7453,Central Park W & W 97 St,7538,40.788664,-73.9668,40.79249519495111,-73.96417066463071,member
1376890,8B92D9A62C8B4D80,docked_bike,2021-04-18 18:55:56,2021-04-18 18:58:43,Central Park W & W 91 St,7453,Central Park W & W 97 St,7538,40.788664,-73.9668,40.79249519495111,-73.96417066463071,member
1376891,6FC5F8F29D46F90F,docked_bike,2021-04-18 18:42:28,2021-04-18 18:54:28,Central Park W & W 91 St,7453,Central Park W & W 97 St,7538,40.788664,-73.9668,40.79249519495111,-73.96417066463071,member
1376897,D05CCCD12834D7BF,docked_bike,2021-04-30 16:55:05,2021-04-30 16:58:04,Central Park W & W 91 St,7453,Central Park W & W 97 St,7538,40.788664,-73.9668,40.79249519495111,-73.96417066463071,member
1376898,7F4C6CD76F412F6D,docked_bike,2021-04-03 17:30:49,2021-04-03 17:43:58,Amsterdam Ave & W 119 St,7727,Central Park W & W 97 St,7538,40.808624,-73.959621,40.79249519495111,-73.96417066463071,casual
1376899,C381C3278B06EDFF,docked_bike,2021-04-28 14:10:08,2021-04-28 14:37:48,E 82 St & East End Ave,7049,Central Park W & W 97 St,7538,40.77246,-73.94682,40.79249519495111,-73.96417066463071,member
1376904,188C455AEC057210,docked_bike,2021-04-13 19:20:39,2021-04-13 19:22:48,Central Park W & W 91 St,7453,Central Park W & W 97 St,7538,40.788664,-73.9668,40.79249519495111,-73.96417066463071,member
1376906,97A3610BA442C25C,docked_bike,2021-04-24 15:59:34,2021-04-24 16:07:33,Amsterdam Ave & W 119 St,7727,Central Park W & W 97 St,7538,40.808624,-73.959621,40.79249519495111,-73.96417066463071,casual
1376910,8BBC6394D2277884,docked_bike,2021-04-04 13:26:48,2021-04-04 14:04:52,Central Park W & W 91 St,7453,Central Park W & W 97 St,7538,40.788664,-73.9668,40.79249519495111,-73.96417066463071,member
1376911,2A852EFBB897945A,docked_bike,2021-04-02 14:32:17,2021-04-02 14:34:12,Central Park W & W 91 St,7453,Central Park W & W 97 St,7538,40.788664,-73.9668,40.79249519495111,-73.96417066463071,member
1376912,2F2E5BDE856D3960,docked_bike,2021-04-29 09:55:53,2021-04-29 10:35:03,E 56 St & Madison Ave,6732,Central Park W & W 97 St,7538,40.761573,-73.972628,40.79249519495111,-73.96417066463071,member
1376913,5F608CDD392E768D,docked_bike,2021-04-28 12:08:45,2021-04-28 12:42:40,Central Park W & W 91 St,7453,Central Park W & W 97 St,7538,40.788664,-73.9668,40.79249519495111,-73.96417066463071,member
1376915,36FA430A5E45B2C7,docked_bike,2021-04-16 17:16:02,2021-04-16 17:19:03,Central Park W & W 91 St,7453,Central Park W & W 97 St,7538,40.788664,-73.9668,40.79249519495111,-73.96417066463071,member
1376931,3F64F7467B2AD135,docked_bike,2021-04-21 12:04:26,2021-04-21 12:29:36,E 81 St & York Ave,7084,Central Park W & W 97 St,7538,40.772838,-73.949892,40.79249519495111,-73.96417066463071,casual
1376945,70C5926BFFD60647,docked_bike,2021-04-04 16:35:42,2021-04-04 16:40:00,Central Park W & W 91 St,7453,Central Park W & W 97 St,7538,40.788664,-73.9668,40.79249519495111,-73.96417066463071,member
1376949,57892A99FB4939F6,docked_bike,2021-04-05 16:38:46,2021-04-05 16:41:58,Central Park W & W 91 St,7453,Central Park W & W 97 St,7538,40.788664,-73.9668,40.79249519495111,-73.96417066463071,member
1376951,D2D778B876A3224D,docked_bike,2021-04-24 20:47:56,2021-04-24 21:24:24,Central Park W & W 91 St,7453,Central Park W & W 97 St,7538,40.788664,-73.9668,40.79249519495111,-73.96417066463071,member
1376952,C302CD97BDE7EF52,docked_bike,2021-04-17 16:03:10,2021-04-17 16:49:08,Central Park W & W 91 St,7453,Central Park W & W 97 St,7538,40.788664,-73.9668,40.79249519495111,-73.96417066463071,casual
1376953,B3F811C57B8A44FF,docked_bike,2021-04-24 11:47:48,2021-04-24 12:37:02,Norfolk St & Broome St,5374,Central Park W & W 97 St,7538,40.717227,-73.988021,40.792495,-73.964171,member
1376958,B00660009F8F7CD3,docked_bike,2021-04-14 16:37:01,2021-04-14 16:39:04,Central Park W & W 91 St,7453,Central Park W & W 97 St,7538,40.788664,-73.9668,40.79249519495111,-73.96417066463071,member
1376961,E8EB1B795D5D5E56,docked_bike,2021-04-30 17:46:09,2021-04-30 17:48:59,Central Park W & W 91 St,7453,Central Park W & W 97 St,7538,40.788664,-73.9668,40.79249519495111,-73.96417066463071,member
1376962,C749B68CCA491393,docked_bike,2021-04-18 12:38:12,2021-04-18 13:11:55,Central Park W & W 91 St,7453,Central Park W & W 97 St,7538,40.788664,-73.9668,40.79249519495111,-73.96417066463071,member
1376965,80B40AC601372E4B,docked_bike,2021-04-26 17:49:12,2021-04-26 18:23:36,Central Park W & W 91 St,7453,Central Park W & W 97 St,7538,40.788664,-73.9668,40.79249519495111,-73.96417066463071,member
1376966,BD37D4DC0CC9A592,docked_bike,2021-04-07 10:21:48,2021-04-07 10:59:34,E 56 St & Madison Ave,6732,Central Park W & W 97 St,7538,40.761573,-73.972628,40.79249519495111,-73.96417066463071,member
1376971,2EE3F1CA338DAF77,docked_bike,2021-04-07 06:41:42,2021-04-07 07:10:34,Central Park W & W 91 St,7453,Central Park W & W 97 St,7538,40.788664,-73.9668,40.79249519495111,-73.96417066463071,member
1376974,37BF00CDB68C527F,docked_bike,2021-04-25 12:41:37,2021-04-25 13:13:45,Central Park W & W 91 St,7453,Central Park W & W 97 St,7538,40.788664,-73.9668,40.79249519495111,-73.96417066463071,member
1376976,17E9603D7057F552,docked_bike,2021-04-08 09:28:56,2021-04-08 09:49:17,E 56 St & Madison Ave,6732,Central Park W & W 97 St,7538,40.761573,-73.972628,40.79249519495111,-73.96417066463071,member
1376979,A4FB3AD7DFC5E0E3,docked_bike,2021-04-28 15:03:57,2021-04-28 15:15:06,Central Park W & W 91 St,7453,Central Park W & W 97 St,7538,40.788664,-73.9668,40.79249519495111,-73.96417066463071,member
1376981,B687439F7FF4F51A,docked_bike,2021-04-19 11:35:02,2021-04-19 11:57:52,Central Park W & W 91 St,7453,Central Park W & W 97 St,7538,40.788664,-73.9668,40.79249519495111,-73.96417066463071,member
1376982,30EC491C5603DEE9,docked_bike,2021-04-25 16:04:39,2021-04-25 16:11:09,Central Park W & W 91 St,7453,Central Park W & W 97 St,7538,40.788664,-73.9668,40.79249519495111,-73.96417066463071,casual
1376985,BFC148EC767BE625,docked_bike,2021-04-19 07:37:34,2021-04-19 07:39:14,Central Park W & W 91 St,7453,Central Park W & W 97 St,7538,40.788664,-73.9668,40.79249519495111,-73.96417066463071,member
1376986,9531C36A601EDBDC,docked_bike,2021-04-13 07:44:23,2021-04-13 07:46:57,Central Park W & W 91 St,7453,Central Park W & W 97 St,7538,40.788664,-73.9668,40.79249519495111,-73.96417066463071,member
1376994,8488B7C91C032B5A,docked_bike,2021-04-28 14:10:55,2021-04-28 14:37:46,E 82 St & East End Ave,7049,Central Park W & W 97 St,7538,40.77246,-73.94682,40.79249519495111,-73.96417066463071,member
1376998,2F017146EC470F62,docked_bike,2021-04-19 14:58:16,2021-04-19 15:09:31,Amsterdam Ave & W 119 St,7727,Central Park W & W 97 St,7538,40.808624,-73.959621,40.79249519495111,-73.96417066463071,member
1377000,33DF94FAF0841DCF,docked_bike,2021-04-10 00:54:09,2021-04-10 00:56:37,Central Park W & W 91 St,7453,Central Park W & W 97 St,7538,40.788665,-73.966801,40.792495,-73.964171,member
1377029,2F6B92B76D5E91E4,docked_bike,2021-04-23 10:31:14,2021-04-23 11:14:12,E 81 St & York Ave,7084,Central Park W & W 97 St,7538,40.772838,-73.949892,40.79249519495111,-73.96417066463071,casual
1377042,77539645A17506CB,docked_bike,2021-04-13 13:36:34,2021-04-13 13:44:17,Adam Clayton Powell Blvd & W 118 St,7670,Central Park W & W 97 St,7538,40.804372,-73.951475,40.79249519495111,-73.96417066463071,member
1377043,DFA11625555E1B67,docked_bike,2021-04-19 11:49:04,2021-04-19 11:56:39,Adam Clayton Powell Blvd & W 118 St,7670,Central Park W & W 97 St,7538,40.804372,-73.951475,40.79249519495111,-73.96417066463071,member
1377044,19D2498EB1699402,docked_bike,2021-04-19 19:45:51,2021-04-19 20:23:35,Adam Clayton Powell Blvd & W 118 St,7670,Central Park W & W 97 St,7538,40.804372,-73.951475,40.79249519495111,-73.96417066463071,member
1377048,B6A0FE7D500794CF,docked_bike,2021-04-28 06:17:41,2021-04-28 06:25:42,Adam Clayton Powell Blvd & W 118 St,7670,Central Park W & W 97 St,7538,40.804372,-73.951475,40.79249519495111,-73.96417066463071,member
1377050,3E7B72B674D43C2C,docked_bike,2021-04-13 20:06:37,2021-04-13 20:09:08,Central Park W & W 91 St,7453,Central Park W & W 97 St,7538,40.788664,-73.9668,40.79249519495111,-73.96417066463071,member
1377051,C9A6D3D39638D089,docked_bike,2021-04-14 15:57:13,2021-04-14 16:03:47,Central Park W & W 91 St,7453,Central Park W & W 97 St,7538,40.788664,-73.9668,40.79249519495111,-73.96417066463071,casual
1377054,27EF5B30A2A5EDA9,docked_bike,2021-04-27 14:23:10,2021-04-27 14:26:50,Central Park W & W 91 St,7453,Central Park W & W 97 St,7538,40.788664,-73.9668,40.79249519495111,-73.96417066463071,member
1377055,C0F2BABD2961E203,docked_bike,2021-04-04 19:02:26,2021-04-04 19:21:34,Central Park W & W 91 St,7453,Central Park W & W 97 St,7538,40.788664,-73.9668,40.79249519495111,-73.96417066463071,member
1377057,AAF5066001AE9C97,docked_bike,2021-04-04 13:25:39,2021-04-04 14:04:58,Central Park W & W 91 St,7453,Central Park W & W 97 St,7538,40.788664,-73.9668,40.79249519495111,-73.96417066463071,casual
1377063,03E9B60886A8D8FD,docked_bike,2021-04-10 18:15:40,2021-04-10 18:29:30,Central Park W & W 91 St,7453,Central Park W & W 97 St,7538,40.788664,-73.9668,40.79249519495111,-73.96417066463071,casual
1377065,F36D117B9B12B8E4,docked_bike,2021-04-27 16:30:09,2021-04-27 16:39:47,Amsterdam Ave & W 119 St,7727,Central Park W & W 97 St,7538,40.808624,-73.959621,40.79249519495111,-73.96417066463071,member
1377066,23912974F825B759,docked_bike,2021-04-30 13:28:40,2021-04-30 13:31:43,Central Park W & W 91 St,7453,Central Park W & W 97 St,7538,40.788664,-73.9668,40.79249519495111,-73.96417066463071,casual
1377069,5E797906791FB447,docked_bike,2021-04-26 13:41:06,2021-04-26 14:00:50,Central Park W & W 91 St,7453,Central Park W & W 97 St,7538,40.788664,-73.9668,40.79249519495111,-73.96417066463071,member
1377074,8B439A4B77208376,docked_bike,2021-04-17 15:43:56,2021-04-17 16:21:38,Central Park W & W 91 St,7453,Central Park W & W 97 St,7538,40.788664,-73.9668,40.79249519495111,-73.96417066463071,casual
1377079,564D7C5089F4FC0D,docked_bike,2021-04-05 23:34:42,2021-04-05 23:37:33,Central Park W & W 91 St,7453,Central Park W & W 97 St,7538,40.788664,-73.9668,40.79249519495111,-73.96417066463071,member
1377087,D868D8767FFD73C7,docked_bike,2021-04-08 18:01:43,2021-04-08 18:04:14,Central Park W & W 91 St,7453,Central Park W & W 97 St,7538,40.788664,-73.9668,40.79249519495111,-73.96417066463071,member
1377088,E955F38212800F28,docked_bike,2021-04-10 14:37:57,2021-04-10 15:18:51,Central Park W & W 91 St,7453,Central Park W & W 97 St,7538,40.788664,-73.9668,40.79249519495111,-73.96417066463071,member
1377089,47E6CA62727BD7A5,docked_bike,2021-04-20 17:43:26,2021-04-20 18:24:27,Amsterdam Ave & W 119 St,7727,Central Park W & W 97 St,7538,40.808624,-73.959621,40.79249519495111,-73.96417066463071,member
1377101,C9DF017A865EBEDF,docked_bike,2021-04-28 17:35:31,2021-04-28 17:54:53,1 Ave & E 68 St,6822,Central Park W & W 97 St,7538,40.765005,-73.958184,40.79249519495111,-73.96417066463071,member
1377117,5F50EA39CD5ED837,docked_bike,2021-04-28 06:33:22,2021-04-28 06:51:37,1 Ave & E 68 St,6822,Central Park W & W 97 St,7538,40.765005,-73.958184,40.79249519495111,-73.96417066463071,casual
1377137,B46AAB19D0A16928,docked_bike,2021-04-14 14:24:50,2021-04-14 14:42:28,E 81 St & York Ave,7084,Central Park W & W 97 St,7538,40.772838,-73.949892,40.79249519495111,-73.96417066463071,member
1377142,EF1EA8C7FDC4CF91,docked_bike,2021-04-27 18:33:27,2021-04-27 19:05:09,E 81 St & York Ave,7084,Central Park W & W 97 St,7538,40.772838,-73.949892,40.79249519495111,-73.96417066463071,casual
1377147,B3E127C568140FCB,docked_bike,2021-04-03 14:24:25,2021-04-03 14:39:55,1 Ave & E 110 St,7522,Central Park W & W 97 St,7538,40.792327,-73.9383,40.79249519495111,-73.96417066463071,member
1377211,ED995A6431F9921F,docked_bike,2021-04-27 18:55:22,2021-04-27 19:07:53,1 Ave & E 110 St,7522,Central Park W & W 97 St,7538,40.792327,-73.9383,40.79249519495111,-73.96417066463071,member
1377227,A2D764E4B7FA499B,docked_bike,2021-04-14 10:21:30,2021-04-14 10:46:51,W 45 St & 8 Ave,6676,Central Park W & W 97 St,7538,40.759291,-73.988596,40.79249519495111,-73.96417066463071,member
1377237,8E2146940755C6A8,docked_bike,2021-04-14 17:48:11,2021-04-14 18:00:36,Mt Morris Park W & W 120 St,7685,Central Park W & W 97 St,7538,40.804038,-73.945925,40.79249519495111,-73.96417066463071,member
1377246,71A3F5F31F840F0D,docked_bike,2021-04-29 04:52:47,2021-04-29 05:08:24,E 116 St & 2 Ave,7563,Central Park W & W 97 St,7538,40.796879,-73.937261,40.79249519495111,-73.96417066463071,casual
1377248,A391FA054D3BA130,docked_bike,2021-04-05 17:17:27,2021-04-05 17:36:18,E 116 St & 2 Ave,7563,Central Park W & W 97 St,7538,40.796879,-73.937261,40.79249519495111,-73.96417066463071,casual
1377251,961AE26C9396B7E9,docked_bike,2021-04-08 15:39:09,2021-04-08 16:17:49,Christopher St & Greenwich St,5847,Central Park W & W 97 St,7538,40.732915,-74.007113,40.79249519495111,-73.96417066463071,casual
1377262,A123EEAE4F37C563,docked_bike,2021-04-27 07:59:41,2021-04-27 08:18:43,Lenox Ave & W 140 St,7872,Central Park W & W 97 St,7538,40.817245,-73.938787,40.79249519495111,-73.96417066463071,member
1377271,09E73B87C2193D2B,docked_bike,2021-04-12 13:01:48,2021-04-12 13:15:07,Mt Morris Park W & W 120 St,7685,Central Park W & W 97 St,7538,40.804038,-73.945925,40.79249519495111,-73.96417066463071,member
1377275,5EF208C8650634D4,docked_bike,2021-04-07 11:54:55,2021-04-07 12:15:23,W 45 St & 8 Ave,6676,Central Park W & W 97 St,7538,40.759291,-73.988596,40.79249519495111,-73.96417066463071,member
1377284,4BD19450C1C9578F,docked_bike,2021-04-10 17:20:49,2021-04-10 17:42:24,E 115 St & Lexington Ave,7599,Central Park W & W 97 St,7538,40.797911,-73.9423,40.79249519495111,-73.96417066463071,member
1377288,DAA3B4D490A3F944,docked_bike,2021-04-11 10:56:40,2021-04-11 11:01:16,W 95 St & Broadway,7541,Central Park W & W 97 St,7538,40.79377,-73.971888,40.79249519495111,-73.96417066463071,member
1377289,ECF3E244DB6AD6DB,docked_bike,2021-04-30 07:37:43,2021-04-30 07:52:08,W 52 St & 6 Ave,6740,Central Park W & W 97 St,7538,40.761329,-73.97982,40.79249519495111,-73.96417066463071,casual
1377294,B88F0BA0EBE3849C,docked_bike,2021-04-24 12:29:44,2021-04-24 12:49:00,Lenox Ave & W 140 St,7872,Central Park W & W 97 St,7538,40.817245,-73.938787,40.79249519495111,-73.96417066463071,member
1377322,164019A91D270FB2,docked_bike,2021-04-03 10:47:12,2021-04-03 11:00:28,E 115 St & Madison Ave,7599,Central Park W & W 97 St,7538,40.798944,-73.944846,40.79249519495111,-73.96417066463071,member
1377324,BD31A4C1FE97C8D6,docked_bike,2021-04-23 17:12:21,2021-04-23 17:31:26,E 115 St & Madison Ave,7599,Central Park W & W 97 St,7538,40.798945,-73.944846,40.792495,-73.964171,member
1377330,5A414302368C61E5,docked_bike,2021-04-07 12:23:51,2021-04-07 12:29:55,W 87 St & Amsterdam Ave,7458,Central Park W & W 97 St,7538,40.78839,-73.9747,40.79249519495111,-73.96417066463071,member
1377338,3C47FABFF6BC2DFF,docked_bike,2021-04-24 20:02:17,2021-04-24 20:20:36,W 87 St & Amsterdam Ave,7458,Central Park W & W 97 St,7538,40.78839,-73.9747,40.79249519495111,-73.96417066463071,member
1377340,152A487D22C2369B,docked_bike,2021-04-03 13:40:54,2021-04-03 13:45:40,W 87 St & Amsterdam Ave,7458,Central Park W & W 97 St,7538,40.78839,-73.9747,40.79249519495111,-73.96417066463071,member
1377341,48DC30371B5BA493,docked_bike,2021-04-13 11:05:44,2021-04-13 11:35:32,E 115 St & Madison Ave,7599,Central Park W & W 97 St,7538,40.798944,-73.944846,40.79249519495111,-73.96417066463071,casual
1377352,64C5C4ABF045B88D,docked_bike,2021-04-28 04:41:28,2021-04-28 04:55:30,E 116 St & 2 Ave,7563,Central Park W & W 97 St,7538,40.796879,-73.937261,40.79249519495111,-73.96417066463071,casual
1377366,AAAC4A298A7B6CF4,docked_bike,2021-04-26 16:59:12,2021-04-26 17:02:17,W 95 St & Broadway,7541,Central Park W & W 97 St,7538,40.79377,-73.971888,40.79249519495111,-73.96417066463071,member
1377381,727BF3D33151492E,docked_bike,2021-04-01 15:42:51,2021-04-01 15:58:59,E 116 St & 2 Ave,7563,Central Park W & W 97 St,7538,40.796879,-73.937261,40.79249519495111,-73.96417066463071,member
1377391,D10AE9F406EC7764,docked_bike,2021-04-23 14:50:01,2021-04-23 14:59:29,Mt Morris Park W & W 120 St,7685,Central Park W & W 97 St,7538,40.804038,-73.945925,40.79249519495111,-73.96417066463071,member
1377403,7C6BC79E39683A9B,docked_bike,2021-04-24 04:42:29,2021-04-24 04:59:18,E 116 St & 2 Ave,7563,Central Park W & W 97 St,7538,40.796879,-73.937261,40.79249519495111,-73.96417066463071,casual
1377408,0379BE8F437553DA,docked_bike,2021-04-23 23:02:25,2021-04-23 23:10:42,W 87 St & Amsterdam Ave,7458,Central Park W & W 97 St,7538,40.78839,-73.9747,40.79249519495111,-73.96417066463071,member
1377430,7F7CE528BA01AC5B,docked_bike,2021-04-08 09:02:35,2021-04-08 09:09:21,W 95 St & Broadway,7541,Central Park W & W 97 St,7538,40.79377,-73.971888,40.792495,-73.964171,member
1377437,660BBD01AD014ABC,docked_bike,2021-04-13 22:44:57,2021-04-13 22:50:01,W 95 St & Broadway,7541,Central Park W & W 97 St,7538,40.79377,-73.971888,40.79249519495111,-73.96417066463071,casual
1377447,0CB29D939D3CAB3B,docked_bike,2021-04-29 21:10:50,2021-04-29 21:18:04,W 87 St & Amsterdam Ave,7458,Central Park W & W 97 St,7538,40.78839,-73.9747,40.79249519495111,-73.96417066463071,casual
1377455,97DAA96BC199260D,docked_bike,2021-04-13 11:07:51,2021-04-13 11:35:52,E 115 St & Madison Ave,7599,Central Park W & W 97 St,7538,40.798944,-73.944846,40.79249519495111,-73.96417066463071,casual
1377463,940B0A5E15F8800D,docked_bike,2021-04-01 14:37:45,2021-04-01 14:56:02,W 45 St & 8 Ave,6676,Central Park W & W 97 St,7538,40.759291,-73.988596,40.79249519495111,-73.96417066463071,casual
1377478,8D762817672C5388,docked_bike,2021-04-12 09:15:01,2021-04-12 09:36:11,Lenox Ave & W 140 St,7872,Central Park W & W 97 St,7538,40.817245,-73.938787,40.79249519495111,-73.96417066463071,member
1377479,78BCDB92EFEB3BA0,docked_bike,2021-04-05 08:13:37,2021-04-05 08:22:41,Mt Morris Park W & W 120 St,7685,Central Park W & W 97 St,7538,40.804038,-73.945925,40.79249519495111,-73.96417066463071,member
1377486,743C91E0C0925D05,docked_bike,2021-04-30 22:36:26,2021-04-30 22:48:14,E 116 St & 2 Ave,7563,Central Park W & W 97 St,7538,40.796879,-73.937261,40.79249519495111,-73.96417066463071,casual
1377493,552DBA05F2156DAE,docked_bike,2021-04-13 11:08:09,2021-04-13 11:35:41,E 115 St & Madison Ave,7599,Central Park W & W 97 St,7538,40.798944,-73.944846,40.79249519495111,-73.96417066463071,casual
1377514,FEC1A0DDF8B629C8,docked_bike,2021-04-10 07:37:42,2021-04-10 07:47:11,W 87 St & Amsterdam Ave,7458,Central Park W & W 97 St,7538,40.78839,-73.9747,40.79249519495111,-73.96417066463071,member
1377524,44BFD76F8ACC2590,docked_bike,2021-04-04 10:02:32,2021-04-04 10:47:43,W 87 St & Amsterdam Ave,7458,Central Park W & W 97 St,7538,40.78839,-73.9747,40.79249519495111,-73.96417066463071,member
1377537,28B46AA391BFEE43,docked_bike,2021-04-17 11:48:13,2021-04-17 12:12:09,E 149 St & Morris Ave,7863,Central Park W & W 97 St,7538,40.81734,-73.922962,40.79249519495111,-73.96417066463071,member
1377557,7689B216B7D598CE,docked_bike,2021-04-05 16:57:59,2021-04-05 17:11:52,E 115 St & Madison Ave,7599,Central Park W & W 97 St,7538,40.798944,-73.944846,40.79249519495111,-73.96417066463071,casual
1377560,B3D4F04F9976093D,docked_bike,2021-04-13 11:06:02,2021-04-13 11:35:38,E 115 St & Madison Ave,7599,Central Park W & W 97 St,7538,40.798944,-73.944846,40.79249519495111,-73.96417066463071,casual
1377568,87DF37C9678B6256,docked_bike,2021-04-19 06:39:13,2021-04-19 06:53:03,E 77 St & 3 Ave,7092,Central Park W & W 97 St,7538,40.773142,-73.958561,40.79249519495111,-73.96417066463071,member
1377575,24805CAB59DE4D3B,docked_bike,2021-04-05 11:22:35,2021-04-05 11:45:01,W 163 St & Riverside Dr,8210,Central Park W & W 97 St,7538,40.839278,-73.945446,40.792495,-73.964171,member
1377587,0D0D9979D7EEF650,docked_bike,2021-04-17 16:02:08,2021-04-17 16:07:59,W 87 St & Amsterdam Ave,7458,Central Park W & W 97 St,7538,40.78839,-73.9747,40.79249519495111,-73.96417066463071,member
1377601,4B4C3A68510216C4,docked_bike,2021-04-04 16:28:11,2021-04-04 16:34:43,W 89 St & Columbus Ave,7432,Central Park W & W 97 St,7538,40.788221,-73.970415,40.79249519495111,-73.96417066463071,member
1377606,61A2703993C40E8B,docked_bike,2021-04-08 15:15:22,2021-04-08 15:20:20,W 87 St & Amsterdam Ave,7458,Central Park W & W 97 St,7538,40.78839,-73.9747,40.79249519495111,-73.96417066463071,casual
1377609,48F50F76EB22D9EF,docked_bike,2021-04-18 16:02:51,2021-04-18 16:10:51,W 87 St & Amsterdam Ave,7458,Central Park W & W 97 St,7538,40.78839,-73.9747,40.79249519495111,-73.96417066463071,member
1377612,6D1E072489517201,docked_bike,2021-04-17 13:00:23,2021-04-17 13:08:09,W 87 St & Amsterdam Ave,7458,Central Park W & W 97 St,7538,40.78839,-73.9747,40.79249519495111,-73.96417066463071,member
1377613,2717F4282436D825,docked_bike,2021-04-07 12:44:29,2021-04-07 12:54:26,W 87 St & Amsterdam Ave,7458,Central Park W & W 97 St,7538,40.78839,-73.9747,40.79249519495111,-73.96417066463071,member
1377614,2EBE519E00EAC8C4,docked_bike,2021-04-01 18:16:36,2021-04-01 18:23:29,W 87 St & Amsterdam Ave,7458,Central Park W & W 97 St,7538,40.78839,-73.9747,40.79249519495111,-73.96417066463071,casual
1377627,CF9C1222BE16CB94,docked_bike,2021-04-19 12:19:03,2021-04-19 12:45:14,9 St & 44 Rd,6361,Central Park W & W 97 St,7538,40.74966,-73.9521,40.79249519495111,-73.96417066463071,casual
1377640,7BE55D5CDAF03CC9,docked_bike,2021-04-28 22:21:06,2021-04-28 22:39:36,E 116 St & 2 Ave,7563,Central Park W & W 97 St,7538,40.796879,-73.937261,40.79249519495111,-73.96417066463071,member
1377646,A4813E10C0E3D5CA,docked_bike,2021-04-26 08:15:02,2021-04-26 08:23:59,Mt Morris Park W & W 120 St,7685,Central Park W & W 97 St,7538,40.804038,-73.945925,40.79249519495111,-73.96417066463071,member
1377647,7A1C89202676E338,docked_bike,2021-04-14 11:39:11,2021-04-14 12:06:31,W 163 St & Riverside Dr,8210,Central Park W & W 97 St,7538,40.839278,-73.945446,40.79249519495111,-73.96417066463071,casual
1377651,C7C07FF1DF12908D,docked_bike,2021-04-30 19:27:59,2021-04-30 19:33:00,W 89 St & Columbus Ave,7432,Central Park W & W 97 St,7538,40.788221,-73.970415,40.79249519495111,-73.96417066463071,member
1377661,F4AD5D6489DE9B4A,docked_bike,2021-04-30 15:58:47,2021-04-30 16:02:57,W 89 St & Columbus Ave,7432,Central Park W & W 97 St,7538,40.788221,-73.970415,40.79249519495111,-73.96417066463071,member
1377662,905C6B3A762CFA89,docked_bike,2021-04-01 07:57:52,2021-04-01 08:01:34,W 89 St & Columbus Ave,7432,Central Park W & W 97 St,7538,40.788221,-73.970415,40.79249519495111,-73.96417066463071,casual
1377666,0BF7BE7E4B3AF975,docked_bike,2021-04-23 22:24:01,2021-04-23 22:27:29,W 89 St & Columbus Ave,7432,Central Park W & W 97 St,7538,40.788221,-73.970415,40.79249519495111,-73.96417066463071,member
1377667,29D06C4FDF3D3286,docked_bike,2021-04-22 20:23:39,2021-04-22 20:45:50,E 103 St & Lexington Ave,7463,Central Park W & W 97 St,7538,40.790305,-73.947557,40.79249519495111,-73.96417066463071,casual
1377668,317254AB4DD70174,docked_bike,2021-04-11 11:32:18,2021-04-11 11:38:48,W 89 St & Columbus Ave,7432,Central Park W & W 97 St,7538,40.788221,-73.970415,40.79249519495111,-73.96417066463071,member
1377670,14A5F8010D9B810A,docked_bike,2021-04-22 11:08:05,2021-04-22 11:41:56,E 103 St & Lexington Ave,7463,Central Park W & W 97 St,7538,40.790305,-73.947557,40.79249519495111,-73.96417066463071,member
1377675,927E4F34923A3207,docked_bike,2021-04-06 15:42:46,2021-04-06 16:07:24,Broadway & W 122 St,7783,Central Park W & W 97 St,7538,40.812056,-73.961254,40.79249519495111,-73.96417066463071,casual
1377678,CD95278C6706B5E0,docked_bike,2021-04-01 20:31:53,2021-04-01 21:00:54,W 89 St & Columbus Ave,7432,Central Park W & W 97 St,7538,40.788221,-73.970415,40.79249519495111,-73.96417066463071,member
1377680,A5542C652C9E3DD1,docked_bike,2021-04-19 13:35:50,2021-04-19 13:41:48,W 89 St & Columbus Ave,7432,Central Park W & W 97 St,7538,40.788221,-73.970415,40.79249519495111,-73.96417066463071,member
1377683,D6EABFB9B3C8B774,docked_bike,2021-04-28 15:22:20,2021-04-28 15:40:58,E 77 St & 3 Ave,7092,Central Park W & W 97 St,7538,40.773142,-73.958561,40.79249519495111,-73.96417066463071,member
1377693,35866E52F48F3808,docked_bike,2021-04-22 08:02:38,2021-04-22 08:06:16,W 89 St & Columbus Ave,7432,Central Park W & W 97 St,7538,40.788221,-73.970415,40.79249519495111,-73.96417066463071,casual
1377695,84A15D1029467EE1,docked_bike,2021-04-18 13:16:45,2021-04-18 13:31:35,W 89 St & Columbus Ave,7432,Central Park W & W 97 St,7538,40.788221,-73.970415,40.79249519495111,-73.96417066463071,member
1377701,A9BC736F5E111F25,docked_bike,2021-04-17 23:17:02,2021-04-17 23:20:17,W 89 St & Columbus Ave,7432,Central Park W & W 97 St,7538,40.788221,-73.970415,40.79249519495111,-73.96417066463071,member
1377707,3D84BF6B53027722,docked_bike,2021-04-17 23:51:16,2021-04-17 23:55:14,W 89 St & Columbus Ave,7432,Central Park W & W 97 St,7538,40.788221,-73.970415,40.79249519495111,-73.96417066463071,casual
1377708,31200C9840D327D1,docked_bike,2021-04-23 07:55:11,2021-04-23 07:58:33,W 89 St & Columbus Ave,7432,Central Park W & W 97 St,7538,40.788221,-73.970415,40.79249519495111,-73.96417066463071,casual
1377710,199152066BDC4682,docked_bike,2021-04-18 13:24:27,2021-04-18 13:42:41,Broadway & W 122 St,7783,Central Park W & W 97 St,7538,40.812056,-73.961254,40.79249519495111,-73.96417066463071,member
1377714,8F4ACD9B61CB653B,docked_bike,2021-04-19 07:57:10,2021-04-19 08:01:02,W 89 St & Columbus Ave,7432,Central Park W & W 97 St,7538,40.788221,-73.970415,40.79249519495111,-73.96417066463071,casual
1377715,9B253CCF7279F3BC,docked_bike,2021-04-24 18:48:22,2021-04-24 18:52:24,W 89 St & Columbus Ave,7432,Central Park W & W 97 St,7538,40.788221,-73.970415,40.79249519495111,-73.96417066463071,member
1377717,2DF5C27F87752CF5,docked_bike,2021-04-30 12:39:27,2021-04-30 12:45:18,W 89 St & Columbus Ave,7432,Central Park W & W 97 St,7538,40.788221,-73.970415,40.79249519495111,-73.96417066463071,member
1377718,E86B77412B617958,docked_bike,2021-04-24 13:59:00,2021-04-24 15:12:23,E 103 St & Lexington Ave,7463,Central Park W & W 97 St,7538,40.790305,-73.947557,40.79249519495111,-73.96417066463071,casual
1377738,87ACC837660DB67B,docked_bike,2021-04-08 01:21:59,2021-04-08 01:36:46,1 Ave & E 110 St,7522,Central Park W & W 97 St,7538,40.792327,-73.9383,40.79249519495111,-73.96417066463071,casual
1377739,7DD92444022A38B2,docked_bike,2021-04-07 02:10:49,2021-04-07 02:23:52,1 Ave & E 110 St,7522,Central Park W & W 97 St,7538,40.792327,-73.9383,40.79249519495111,-73.96417066463071,casual
1377743,6C8C1AAEE30955EB,docked_bike,2021-04-03 09:26:32,2021-04-03 09:43:38,1 Ave & E 110 St,7522,Central Park W & W 97 St,7538,40.792327,-73.9383,40.79249519495111,-73.96417066463071,member
1377750,8025A116C6BEF82C,docked_bike,2021-04-03 13:50:01,2021-04-03 14:07:39,Frederick Douglass Blvd & Harlem River Dr,8100,Central Park W & W 97 St,7538,40.830702,-73.936371,40.79249519495111,-73.96417066463071,casual
1377755,40945CF4DC007EEE,docked_bike,2021-04-24 16:20:07,2021-04-24 16:30:41,W 89 St & Columbus Ave,7432,Central Park W & W 97 St,7538,40.788221,-73.970415,40.79249519495111,-73.96417066463071,casual
1377764,BE8DBB2A12A2CFFD,docked_bike,2021-04-19 10:53:01,2021-04-19 10:58:16,W 89 St & Columbus Ave,7432,Central Park W & W 97 St,7538,40.788221,-73.970415,40.79249519495111,-73.96417066463071,member
1377769,EC2847995CA2756E,docked_bike,2021-04-10 10:19:42,2021-04-10 10:23:23,W 89 St & Columbus Ave,7432,Central Park W & W 97 St,7538,40.788221,-73.970415,40.79249519495111,-73.96417066463071,member
1377774,224ABA3C091A5CAB,docked_bike,2021-04-26 10:57:11,2021-04-26 11:15:07,W 89 St & Columbus Ave,7432,Central Park W & W 97 St,7538,40.788221,-73.970415,40.79249519495111,-73.96417066463071,member
1377775,A29A81F4387FAC24,docked_bike,2021-04-30 19:27:47,2021-04-30 19:32:54,W 89 St & Columbus Ave,7432,Central Park W & W 97 St,7538,40.788221,-73.970415,40.79249519495111,-73.96417066463071,member
1377779,197D1F95392EC2D8,docked_bike,2021-04-02 07:52:48,2021-04-02 07:56:59,W 89 St & Columbus Ave,7432,Central Park W & W 97 St,7538,40.788221,-73.970415,40.79249519495111,-73.96417066463071,casual
1377788,1D8E14389812F437,docked_bike,2021-04-28 14:48:39,2021-04-28 14:54:13,W 89 St & Columbus Ave,7432,Central Park W & W 97 St,7538,40.788221,-73.970415,40.79249519495111,-73.96417066463071,member
1377814,85E401CC432E462F,docked_bike,2021-04-26 17:15:34,2021-04-26 17:18:36,W 89 St & Columbus Ave,7432,Central Park W & W 97 St,7538,40.788221,-73.970415,40.79249519495111,-73.96417066463071,member
1377815,2FC7C76BC72401A4,docked_bike,2021-04-23 17:32:22,2021-04-23 17:36:05,W 89 St & Columbus Ave,7432,Central Park W & W 97 St,7538,40.788221,-73.970415,40.79249519495111,-73.96417066463071,member
1377818,B34B9B87F318A95E,docked_bike,2021-04-06 07:52:54,2021-04-06 07:56:34,W 89 St & Columbus Ave,7432,Central Park W & W 97 St,7538,40.788221,-73.970415,40.79249519495111,-73.96417066463071,casual
1377819,C8C242E1AA815932,docked_bike,2021-04-22 13:49:14,2021-04-22 13:54:50,W 89 St & Columbus Ave,7432,Central Park W & W 97 St,7538,40.788221,-73.970415,40.79249519495111,-73.96417066463071,member
1377823,17A0945866CD5A5E,docked_bike,2021-04-23 06:08:37,2021-04-23 06:17:00,E 103 St & Lexington Ave,7463,Central Park W & W 97 St,7538,40.790305,-73.947557,40.79249519495111,-73.96417066463071,member
1377825,83759CE54CC4F92C,docked_bike,2021-04-15 07:56:35,2021-04-15 08:00:40,W 89 St & Columbus Ave,7432,Central Park W & W 97 St,7538,40.788221,-73.970415,40.79249519495111,-73.96417066463071,casual
1377826,0A9BFE9FD8166386,docked_bike,2021-04-06 16:50:44,2021-04-06 16:54:54,W 89 St & Columbus Ave,7432,Central Park W & W 97 St,7538,40.788221,-73.970415,40.79249519495111,-73.96417066463071,member
1377827,9FD47C54264C8EFD,docked_bike,2021-04-03 17:22:38,2021-04-03 17:26:54,W 89 St & Columbus Ave,7432,Central Park W & W 97 St,7538,40.788221,-73.970415,40.79249519495111,-73.96417066463071,member
1377838,B28933AB509D10AE,docked_bike,2021-04-19 07:52:01,2021-04-19 07:57:58,W 89 St & Columbus Ave,7432,Central Park W & W 97 St,7538,40.788221,-73.970415,40.79249519495111,-73.96417066463071,member
1377840,BF20D3C092C37B6E,docked_bike,2021-04-14 06:06:20,2021-04-14 06:13:42,E 103 St & Lexington Ave,7463,Central Park W & W 97 St,7538,40.790305,-73.947557,40.79249519495111,-73.96417066463071,member
1377848,32450791F6E870FD,docked_bike,2021-04-12 07:58:13,2021-04-12 08:02:37,W 89 St & Columbus Ave,7432,Central Park W & W 97 St,7538,40.788221,-73.970415,40.79249519495111,-73.96417066463071,casual
1377850,03DA695CAC600E6D,docked_bike,2021-04-02 12:47:43,2021-04-02 12:54:27,W 89 St & Columbus Ave,7432,Central Park W & W 97 St,7538,40.788221,-73.970415,40.79249519495111,-73.96417066463071,member
1377861,CBC2DF29FF7D9858,docked_bike,2021-04-20 06:08:06,2021-04-20 06:15:33,E 103 St & Lexington Ave,7463,Central Park W & W 97 St,7538,40.790305,-73.947557,40.79249519495111,-73.96417066463071,member
1377862,633635AFDDE8AEC1,docked_bike,2021-04-08 07:55:05,2021-04-08 07:58:07,W 89 St & Columbus Ave,7432,Central Park W & W 97 St,7538,40.788221,-73.970415,40.79249519495111,-73.96417066463071,casual
1377865,4E752FDADE3D3522,docked_bike,2021-04-10 17:14:19,2021-04-10 17:19:27,W 89 St & Columbus Ave,7432,Central Park W & W 97 St,7538,40.788221,-73.970415,40.79249519495111,-73.96417066463071,member
1377874,C9A3C2F612F0D41C,docked_bike,2021-04-13 06:06:10,2021-04-13 06:13:32,E 103 St & Lexington Ave,7463,Central Park W & W 97 St,7538,40.790305,-73.947557,40.79249519495111,-73.96417066463071,member
1377875,575AEDC559B9DF47,docked_bike,2021-04-27 06:08:03,2021-04-27 06:15:14,E 103 St & Lexington Ave,7463,Central Park W & W 97 St,7538,40.790305,-73.947557,40.79249519495111,-73.96417066463071,member
1377883,CD8C588CDDB23E7F,docked_bike,2021-04-22 11:08:31,2021-04-22 11:42:11,E 103 St & Lexington Ave,7463,Central Park W & W 97 St,7538,40.790305,-73.947557,40.79249519495111,-73.96417066463071,member
1377885,3C357C08D3880C66,docked_bike,2021-04-29 13:16:01,2021-04-29 13:27:55,W 89 St & Columbus Ave,7432,Central Park W & W 97 St,7538,40.788221,-73.970415,40.79249519495111,-73.96417066463071,casual
1377888,BBB4012D1B28F2E2,docked_bike,2021-04-04 14:46:25,2021-04-04 14:50:30,W 89 St & Columbus Ave,7432,Central Park W & W 97 St,7538,40.788221,-73.970415,40.79249519495111,-73.96417066463071,member
1377897,AD563926158DBBE2,docked_bike,2021-04-26 15:50:38,2021-04-26 15:53:54,W 89 St & Columbus Ave,7432,Central Park W & W 97 St,7538,40.788221,-73.970415,40.79249519495111,-73.96417066463071,casual
1378009,B84F4495B2C7517B,docked_bike,2021-04-10 18:19:46,2021-04-10 18:29:26,Central Park W & W 91 St,7453,Central Park W & W 97 St,7538,40.788664,-73.9668,40.79249519495111,-73.96417066463071,casual
1378017,792E334FC93CF28F,docked_bike,2021-04-07 15:11:39,2021-04-07 15:14:53,Central Park W & W 91 St,7453,Central Park W & W 97 St,7538,40.788664,-73.9668,40.79249519495111,-73.96417066463071,member
1378019,D0F2CCECAB5AD964,docked_bike,2021-04-17 11:39:13,2021-04-17 11:41:41,Central Park W & W 91 St,7453,Central Park W & W 97 St,7538,40.788664,-73.9668,40.79249519495111,-73.96417066463071,member
1378022,E497FAC44E370756,docked_bike,2021-04-24 18:54:13,2021-04-24 19:35:02,Central Park W & W 91 St,7453,Central Park W & W 97 St,7538,40.788664,-73.9668,40.79249519495111,-73.96417066463071,casual
1378023,7C8AE06DE5D4DC97,docked_bike,2021-04-25 00:25:14,2021-04-25 00:39:18,Central Park W & W 91 St,7453,Central Park W & W 97 St,7538,40.788664,-73.9668,40.79249519495111,-73.96417066463071,casual
1378032,2189D9E766034EB5,docked_bike,2021-04-12 15:14:06,2021-04-12 15:16:40,Central Park W & W 91 St,7453,Central Park W & W 97 St,7538,40.788664,-73.9668,40.79249519495111,-73.96417066463071,member
1378033,60F6356826688D28,docked_bike,2021-04-20 00:47:59,2021-04-20 00:49:35,Central Park W & W 91 St,7453,Central Park W & W 97 St,7538,40.788664,-73.9668,40.79249519495111,-73.96417066463071,casual
1378036,16648622FE49B4A2,docked_bike,2021-04-06 22:54:24,2021-04-06 22:57:12,Central Park W & W 91 St,7453,Central Park W & W 97 St,7538,40.788664,-73.9668,40.79249519495111,-73.96417066463071,casual
1378039,F5EDF5E69D4F9D63,docked_bike,2021-04-23 12:01:19,2021-04-23 12:31:34,Central Park W & W 91 St,7453,Central Park W & W 97 St,7538,40.788664,-73.9668,40.79249519495111,-73.96417066463071,member
1378040,5ABC37F2BF2E3E9D,docked_bike,2021-04-10 17:51:52,2021-04-10 17:55:24,Central Park W & W 91 St,7453,Central Park W & W 97 St,7538,40.788664,-73.9668,40.79249519495111,-73.96417066463071,member
1378042,9C147504072146EA,docked_bike,2021-04-11 19:48:04,2021-04-11 19:55:23,Amsterdam Ave & W 119 St,7727,Central Park W & W 97 St,7538,40.808624,-73.959621,40.79249519495111,-73.96417066463071,member
1378044,882EA2CF5DF99D61,docked_bike,2021-04-24 20:49:40,2021-04-24 21:24:11,Central Park W & W 91 St,7453,Central Park W & W 97 St,7538,40.788664,-73.9668,40.79249519495111,-73.96417066463071,casual
1378776,ADCD447F9F61D8EC,docked_bike,2021-04-09 10:51:47,2021-04-09 11:02:36,E 115 St & Madison Ave,7599,Central Park W & W 97 St,7538,40.798944,-73.944846,40.79249519495111,-73.96417066463071,casual
1378778,D93EAD5C2128703B,docked_bike,2021-04-21 12:04:42,2021-04-21 12:09:01,W 87 St & Amsterdam Ave,7458,Central Park W & W 97 St,7538,40.78839,-73.9747,40.79249519495111,-73.96417066463071,member
1386677,CAC4D8961709E1F9,docked_bike,2021-04-09 06:44:58,2021-04-09 06:54:05,W 100 St & Manhattan Ave,7538,E 118 St & 3 Ave,7611,40.795,-73.9645,40.799139,-73.9389152,member
1386678,1FE10BFB0ADF1B9B,docked_bike,2021-04-27 06:39:43,2021-04-27 06:48:05,W 100 St & Manhattan Ave,7538,E 118 St & 3 Ave,7611,40.795,-73.9645,40.799139,-73.9389152,member
1386698,C1F8B5C4FCF462DD,docked_bike,2021-04-08 05:56:04,2021-04-08 06:05:37,W 100 St & Manhattan Ave,7538,E 118 St & 3 Ave,7611,40.795,-73.9645,40.799139,-73.9389152,member
1386699,5A15922176542AFA,docked_bike,2021-04-02 06:50:05,2021-04-02 07:00:31,W 100 St & Manhattan Ave,7538,E 118 St & 3 Ave,7611,40.795,-73.9645,40.799139,-73.9389152,member
1386820,278CAF9C14D54625,docked_bike,2021-04-27 17:17:53,2021-04-27 17:37:04,W 100 St & Manhattan Ave,7538,E 118 St & 3 Ave,7611,40.795,-73.9645,40.799139,-73.9389152,member
1386836,6741E45F9ABC47B9,docked_bike,2021-04-10 12:43:48,2021-04-10 12:52:41,W 100 St & Manhattan Ave,7538,E 118 St & 3 Ave,7611,40.795,-73.9645,40.799139,-73.9389152,member
1386846,B4BA148C5BB22B3D,docked_bike,2021-04-22 06:58:45,2021-04-22 07:07:18,W 100 St & Manhattan Ave,7538,E 118 St & 3 Ave,7611,40.795,-73.9645,40.799139,-73.9389152,member
1386892,98263C7C9896C4A4,docked_bike,2021-04-20 18:15:11,2021-04-20 18:48:49,W 100 St & Manhattan Ave,7538,W 50 St & 10 Ave,6890,40.795,-73.9645,40.76473420006519,-73.99194359779358,casual
1386897,210DC7CEB96123B2,docked_bike,2021-04-05 17:34:44,2021-04-05 17:46:14,W 100 St & Manhattan Ave,7538,E 118 St & 3 Ave,7611,40.795,-73.9645,40.799139,-73.9389152,casual
1386920,304E62D8D8E2BA9F,docked_bike,2021-04-14 06:50:19,2021-04-14 06:58:31,W 100 St & Manhattan Ave,7538,E 118 St & 3 Ave,7611,40.795,-73.9645,40.799139,-73.9389152,member
1386921,1FCE3C39882B12FE,docked_bike,2021-04-20 06:44:10,2021-04-20 06:52:52,W 100 St & Manhattan Ave,7538,E 118 St & 3 Ave,7611,40.795,-73.9645,40.799139,-73.9389152,member
1386922,EE0554C16F62DABF,docked_bike,2021-04-03 06:56:04,2021-04-03 07:04:59,W 100 St & Manhattan Ave,7538,E 118 St & 3 Ave,7611,40.795,-73.9645,40.799139,-73.9389152,member
1386923,D1F2F197FB27E3EB,docked_bike,2021-04-29 06:48:27,2021-04-29 06:56:38,W 100 St & Manhattan Ave,7538,E 118 St & 3 Ave,7611,40.795,-73.9645,40.799139,-73.9389152,member
1386942,569BE826CCAA23E1,docked_bike,2021-04-30 06:51:46,2021-04-30 06:59:57,W 100 St & Manhattan Ave,7538,E 118 St & 3 Ave,7611,40.795,-73.9645,40.799139,-73.9389152,member
1386952,1F103B2100E97E66,docked_bike,2021-04-19 06:51:41,2021-04-19 06:59:41,W 100 St & Manhattan Ave,7538,E 118 St & 3 Ave,7611,40.795,-73.9645,40.799139,-73.9389152,member
1387083,C5CD0760E0077DC6,docked_bike,2021-04-16 06:45:32,2021-04-16 06:54:21,W 100 St & Manhattan Ave,7538,E 118 St & 3 Ave,7611,40.795,-73.9645,40.799139,-73.9389152,member
1387084,759727F536DA6922,docked_bike,2021-04-05 06:48:59,2021-04-05 06:57:20,W 100 St & Manhattan Ave,7538,E 118 St & 3 Ave,7611,40.795,-73.9645,40.799139,-73.9389152,member
1387094,2FFA3E16C785D8FB,docked_bike,2021-04-21 18:20:02,2021-04-21 18:32:36,W 100 St & Manhattan Ave,7538,E 118 St & 3 Ave,7611,40.795,-73.9645,40.799139,-73.9389152,casual
1389931,80398B433E62404B,docked_bike,2021-04-10 16:54:53,2021-04-10 17:52:31,Central Park W & W 97 St,7538,W Broadway & W Houston St,5644,40.792495,-73.96417,40.726378,-74.000472,casual
1389932,BC2B5D519E574A21,docked_bike,2021-04-24 14:16:59,2021-04-24 14:57:07,Central Park W & W 97 St,7538,10 Ave & W 28 St,6459,40.792495,-73.96417,40.75066386,-74.00176802,member
1390063,50C2D19BDFBBD6F8,docked_bike,2021-04-17 13:29:08,2021-04-17 13:29:05,Central Park W & W 97 St,7538,Greenwich Ave & 8 Ave,6072,40.792495,-73.96417,40.7390169121,-74.0026376103,member
1390072,9E7231A6DAEE03C1,docked_bike,2021-04-24 16:06:01,2021-04-24 16:36:19,Central Park W & W 97 St,7538,10 Ave & W 28 St,6459,40.792495,-73.96417,40.75066386,-74.00176802,member
1390099,D6D394D50741AB69,docked_bike,2021-04-28 13:24:46,2021-04-28 14:06:37,Central Park W & W 97 St,7538,St Marks Pl & 2 Ave,5669,40.792495,-73.96417,40.7284186,-73.98713956,member
1390110,E49ABBAC69C6176D,docked_bike,2021-04-18 11:56:21,2021-04-18 13:13:44,Central Park W & W 97 St,7538,W Broadway & W Houston St,5644,40.792495,-73.96417,40.726378,-74.000472,casual
1390194,594348A6ABC9A9E6,docked_bike,2021-04-24 14:18:41,2021-04-24 14:57:17,Central Park W & W 97 St,7538,10 Ave & W 28 St,6459,40.792495,-73.96417,40.75066386,-74.00176802,casual
1390211,D7FAE10A078F8738,docked_bike,2021-04-18 11:56:41,2021-04-18 13:13:29,Central Park W & W 97 St,7538,W Broadway & W Houston St,5644,40.792495,-73.96417,40.726378,-74.000472,casual
1390266,42EF8F32C0C30690,docked_bike,2021-04-24 16:50:31,2021-04-24 17:59:03,Central Park W & W 97 St,7538,Greenwich Ave & 8 Ave,6072,40.792495,-73.96417,40.7390169121,-74.0026376103,member
1390280,F12B91D9171872B5,docked_bike,2021-04-30 17:48:19,2021-04-30 19:04:58,Central Park W & W 97 St,7538,E 1 St & 1 Ave,5593,40.792495,-73.96417,40.72335597960796,-73.98864984512329,casual
1390285,2ACBEA1F8B8A9790,docked_bike,2021-04-18 13:23:16,2021-04-18 13:33:58,Central Park W & W 97 St,7538,E 118 St & 3 Ave,7611,40.792495,-73.96417,40.799139,-73.9389152,member
1390311,8E8A72F15FEEE77E,docked_bike,2021-04-07 00:10:35,2021-04-07 00:37:12,Central Park W & W 97 St,7538,E 118 St & 3 Ave,7611,40.792495,-73.96417,40.799139,-73.9389152,casual
1390363,AE16CC33B60449C6,docked_bike,2021-04-17 14:11:34,2021-04-17 14:11:34,Central Park W & W 97 St,7538,E 118 St & 3 Ave,7611,40.792495,-73.96417,40.799139,-73.9389152,member
1390371,01690E547332DC25,docked_bike,2021-04-24 15:14:52,2021-04-24 15:57:51,Central Park W & W 97 St,7538,Greenwich Ave & 8 Ave,6072,40.792495,-73.96417,40.7390169121,-74.0026376103,member
1390389,53B7932FDE1CD556,docked_bike,2021-04-18 16:10:32,2021-04-18 16:39:03,Central Park W & W 97 St,7538,10 Ave & W 28 St,6459,40.792495,-73.96417,40.75066386,-74.00176802,casual
1390724,F4517FAFDA1DD08E,docked_bike,2021-04-27 06:39:07,2021-04-27 06:54:48,Central Park W & W 97 St,7538,W 33 St & 7 Ave,6407,40.792495,-73.96417,40.75019995,-73.99093085,casual
1397751,0B97868F27ABACDA,docked_bike,2021-04-20 18:13:37,2021-04-20 18:48:46,W 100 St & Manhattan Ave,7538,W 50 St & 10 Ave,6890,40.795,-73.9645,40.76473420006519,-73.99194359779358,casual
1417721,4A0C4F60A06175A7,docked_bike,2021-04-04 12:45:58,2021-04-04 13:08:18,W 100 St & Manhattan Ave,7538,Broadway & W 29 St,6289,40.795,-73.9645,40.746201,-73.988557,member
1417736,AC3F1B9D325244DB,docked_bike,2021-04-23 10:17:35,2021-04-23 10:55:06,Central Park W & W 97 St,7538,W 181 St & Riverside Dr,8381,40.792495,-73.96417,40.85168,-73.94186,member
1420871,533DECE4D4AA13BE,docked_bike,2021-04-26 16:11:46,2021-04-26 16:52:59,Central Park W & W 97 St,7538,W 181 St & Riverside Dr,8381,40.792495,-73.96417,40.85168,-73.94186,casual
1420890,6A6F72A1C6923F58,docked_bike,2021-04-06 17:01:49,2021-04-06 17:31:51,Central Park W & W 97 St,7538,Broadway & W 29 St,6289,40.792495,-73.96417,40.7462009,-73.98855723,member
1420891,15D8FBDD8ADD647F,docked_bike,2021-04-14 12:26:24,2021-04-14 12:49:22,Central Park W & W 97 St,7538,Broadway & W 29 St,6289,40.792495,-73.96417,40.7462009,-73.98855723,casual
1420896,797E0A5554BEFA9D,docked_bike,2021-04-25 14:08:21,2021-04-25 16:30:57,Central Park W & W 97 St,7538,Broadway & W 29 St,6289,40.792495,-73.96417,40.7462009,-73.98855723,casual
1420913,D876D4D0C4B3B20D,docked_bike,2021-04-21 12:32:50,2021-04-21 12:50:53,Central Park W & W 97 St,7538,W 44 St & 5 Ave,6551,40.792495,-73.96417,40.75500254,-73.98014437,member
1420925,477F60BAF6B977BD,docked_bike,2021-04-14 06:13:47,2021-04-14 06:28:51,Central Park W & W 97 St,7538,W 44 St & 5 Ave,6551,40.792495,-73.96417,40.75500254,-73.98014437,member
1420931,C7F22A5D6853D73A,docked_bike,2021-04-28 15:49:27,2021-04-28 17:51:38,Central Park W & W 97 St,7538,W 181 St & Riverside Dr,8381,40.792495,-73.96417,40.85168,-73.94186,casual
1420978,7B23EEDD7D7E956A,docked_bike,2021-04-10 17:05:21,2021-04-10 17:27:32,Central Park W & W 97 St,7538,Grand Concourse & E 167 St,8126,40.792495,-73.96417,40.834263,-73.917641,casual
1421052,0E219A457971454B,docked_bike,2021-04-11 17:21:59,2021-04-11 17:44:14,Central Park W & W 97 St,7538,Grand Concourse & E 167 St,8126,40.792495,-73.96417,40.834263,-73.917641,casual
1423288,EF4078156C70A299,docked_bike,2021-04-21 06:52:44,2021-04-21 07:08:09,Central Park W & W 97 St,7538,W 44 St & 5 Ave,6551,40.792495,-73.96417,40.75500254,-73.98014437,member
1429613,D14CF9E22CF5AA8F,docked_bike,2021-04-26 07:58:00,2021-04-26 08:11:35,W 100 St & Manhattan Ave,7538,7 Ave & Central Park South,6912,40.795,-73.9645,40.7667405590595,-73.9790689945221,member
1429628,FD31CA5B77E7E003,docked_bike,2021-04-01 15:17:23,2021-04-01 15:38:35,W 100 St & Manhattan Ave,7538,7 Ave & Central Park South,6912,40.795,-73.9645,40.7667405590595,-73.9790689945221,casual
1429665,21314B33A416B806,docked_bike,2021-04-24 15:31:09,2021-04-24 16:16:05,W 100 St & Manhattan Ave,7538,E 2 St & 2 Ave,5593,40.795,-73.9645,40.72502876,-73.99069656,member
1429666,7F013E02B0D447C0,docked_bike,2021-04-01 16:10:36,2021-04-01 16:26:50,W 100 St & Manhattan Ave,7538,7 Ave & Central Park South,6912,40.795,-73.9645,40.7667405590595,-73.9790689945221,member
1429673,80281D6B4C71292E,docked_bike,2021-04-19 08:10:26,2021-04-19 08:25:13,W 100 St & Manhattan Ave,7538,7 Ave & Central Park South,6912,40.795,-73.9645,40.7667405590595,-73.9790689945221,member
1429686,E38E2310F9FF7BED,docked_bike,2021-04-08 11:25:59,2021-04-08 11:45:53,W 100 St & Manhattan Ave,7538,7 Ave & Central Park South,6912,40.795,-73.9645,40.7667405590595,-73.9790689945221,member
1429692,7513BD15CD856704,docked_bike,2021-04-05 11:39:07,2021-04-05 12:00:50,W 100 St & Manhattan Ave,7538,7 Ave & Central Park South,6912,40.795,-73.9645,40.7667405590595,-73.9790689945221,member
1429708,D028B53962A1FC7B,docked_bike,2021-04-14 12:21:46,2021-04-14 12:41:38,W 100 St & Manhattan Ave,7538,7 Ave & Central Park South,6912,40.795,-73.9645,40.7667405590595,-73.9790689945221,casual
1429712,8AE7245A2EC5C918,docked_bike,2021-04-17 12:09:43,2021-04-17 12:31:02,W 100 St & Manhattan Ave,7538,7 Ave & Central Park South,6912,40.795,-73.9645,40.7667405590595,-73.9790689945221,member
1429718,71D129C7A36EC347,docked_bike,2021-04-10 14:33:09,2021-04-10 15:01:13,W 100 St & Manhattan Ave,7538,7 Ave & Central Park South,6912,40.795,-73.9645,40.7667405590595,-73.9790689945221,member
1429728,EB41C7AB2846E6CB,docked_bike,2021-04-04 15:02:13,2021-04-04 15:56:31,W 100 St & Manhattan Ave,7538,E 10 St & Avenue A,5659,40.795,-73.9645,40.72740794,-73.98142006,member
1429739,B4611FFD56160479,docked_bike,2021-04-09 13:25:46,2021-04-09 13:42:41,W 100 St & Manhattan Ave,7538,7 Ave & Central Park South,6912,40.795,-73.9645,40.7667405590595,-73.9790689945221,member
1430201,A5EA3DF45812707F,docked_bike,2021-04-29 16:51:40,2021-04-29 17:08:55,Central Park W & W 97 St,7538,7 Ave & Central Park South,6912,40.792495,-73.96417,40.7667405590595,-73.9790689945221,casual
1430207,5969AE9FA721A22A,docked_bike,2021-04-28 17:16:55,2021-04-28 17:33:05,Central Park W & W 97 St,7538,7 Ave & Central Park South,6912,40.792495,-73.96417,40.7667405590595,-73.9790689945221,member
1430209,E468E58DE16C6EFA,docked_bike,2021-04-30 13:45:56,2021-04-30 14:10:03,Central Park W & W 97 St,7538,7 Ave & Central Park South,6912,40.792495,-73.96417,40.7667405590595,-73.9790689945221,casual
1430217,2B898E27E973B3E4,docked_bike,2021-04-10 12:47:45,2021-04-10 13:18:54,Central Park W & W 97 St,7538,E 10 St & Avenue A,5659,40.792495,-73.96417,40.72740794,-73.98142006,casual
1430221,4105042AE6CF7992,docked_bike,2021-04-21 09:40:46,2021-04-21 09:53:35,Central Park W & W 97 St,7538,7 Ave & Central Park South,6912,40.792495,-73.96417,40.7667405590595,-73.9790689945221,member
1430223,3F87E3022EACA37E,docked_bike,2021-04-21 08:01:40,2021-04-21 08:30:17,Central Park W & W 97 St,7538,E 2 St & 2 Ave,5593,40.792495,-73.96417,40.72502876,-73.99069656,member
1430226,44539A70A04215AA,docked_bike,2021-04-09 07:54:06,2021-04-09 08:13:37,Central Park W & W 97 St,7538,7 Ave & Central Park South,6912,40.792495,-73.96417,40.7667405590595,-73.9790689945221,member
1430229,851BBC87FC86EED6,docked_bike,2021-04-21 12:34:44,2021-04-21 12:51:13,Central Park W & W 97 St,7538,7 Ave & Central Park South,6912,40.792495,-73.96417,40.7667405590595,-73.9790689945221,member
1430247,A9C45C76623BB92B,docked_bike,2021-04-24 14:57:39,2021-04-24 15:15:27,Central Park W & W 97 St,7538,7 Ave & Central Park South,6912,40.792495,-73.96417,40.7667405590595,-73.9790689945221,casual
1430250,9734547220084250,docked_bike,2021-04-06 19:01:14,2021-04-06 19:17:32,Central Park W & W 97 St,7538,7 Ave & Central Park South,6912,40.792495,-73.96417,40.7667405590595,-73.9790689945221,member
1430251,CBC983BC9D5648F5,docked_bike,2021-04-06 18:04:44,2021-04-06 18:26:55,Central Park W & W 97 St,7538,7 Ave & Central Park South,6912,40.792495,-73.96417,40.7667405590595,-73.9790689945221,member
1430252,7EFB920D98E21A88,docked_bike,2021-04-24 17:12:08,2021-04-24 17:40:53,Central Park W & W 97 St,7538,7 Ave & Central Park South,6912,40.792495,-73.96417,40.7667405590595,-73.9790689945221,casual
1430255,88A5336EE55BD4D7,docked_bike,2021-04-17 12:20:48,2021-04-17 12:49:08,Central Park W & W 97 St,7538,7 Ave & Central Park South,6912,40.792495,-73.96417,40.7667405590595,-73.9790689945221,casual
1430257,FCEFF310709E817E,docked_bike,2021-04-30 07:06:02,2021-04-30 07:22:42,Central Park W & W 97 St,7538,7 Ave & Central Park South,6912,40.792495,-73.96417,40.7667405590595,-73.9790689945221,casual
1430265,2E117EF4E6C12237,docked_bike,2021-04-17 14:40:26,2021-04-17 15:10:54,Central Park W & W 97 St,7538,E 10 St & Avenue A,5659,40.792495,-73.96417,40.72740794,-73.98142006,member
1430271,BBC47EB0DD852DC3,docked_bike,2021-04-17 12:21:05,2021-04-17 12:48:55,Central Park W & W 97 St,7538,7 Ave & Central Park South,6912,40.792495,-73.964171,40.766741,-73.979069,member
1430272,86F9FB585FADBC24,docked_bike,2021-04-29 08:41:23,2021-04-29 08:53:57,Central Park W & W 97 St,7538,7 Ave & Central Park South,6912,40.792495,-73.96417,40.7667405590595,-73.9790689945221,member
1430279,FF8D8D027C9E7999,docked_bike,2021-04-30 13:45:54,2021-04-30 14:10:03,Central Park W & W 97 St,7538,7 Ave & Central Park South,6912,40.792495,-73.96417,40.7667405590595,-73.9790689945221,member
1430283,2320F31BF02D4664,docked_bike,2021-04-26 16:53:16,2021-04-26 17:30:14,Central Park W & W 97 St,7538,7 Ave & Central Park South,6912,40.792495,-73.96417,40.7667405590595,-73.9790689945221,member
1430284,CEC68092D2D31EDA,docked_bike,2021-04-08 12:29:30,2021-04-08 13:08:12,Central Park W & W 97 St,7538,E 2 St & 2 Ave,5593,40.792495,-73.96417,40.72502876,-73.99069656,member
1430290,6110914C14E1DFCF,docked_bike,2021-04-07 15:47:18,2021-04-07 15:59:39,Central Park W & W 97 St,7538,7 Ave & Central Park South,6912,40.792495,-73.96417,40.7667405590595,-73.9790689945221,casual
1430293,A2A541EBB9A49A51,docked_bike,2021-04-12 16:45:17,2021-04-12 16:55:06,Central Park W & W 97 St,7538,7 Ave & Central Park South,6912,40.792495,-73.96417,40.7667405590595,-73.9790689945221,member
1430294,CA7F6C68A174B1F7,docked_bike,2021-04-10 12:38:54,2021-04-10 12:54:03,Central Park W & W 97 St,7538,7 Ave & Central Park South,6912,40.792495,-73.96417,40.7667405590595,-73.9790689945221,casual
1430295,58E7A285A7FA7F03,docked_bike,2021-04-27 20:55:16,2021-04-27 21:23:52,Central Park W & W 97 St,7538,7 Ave & Central Park South,6912,40.792495,-73.96417,40.7667405590595,-73.9790689945221,casual
1430296,5534724C90F9E6FA,docked_bike,2021-04-03 18:31:42,2021-04-03 18:52:03,Central Park W & W 97 St,7538,7 Ave & Central Park South,6912,40.792495,-73.96417,40.7667405590595,-73.9790689945221,member
1430355,9005606C1C6212E1,docked_bike,2021-04-09 07:53:56,2021-04-09 08:13:53,Central Park W & W 97 St,7538,7 Ave & Central Park South,6912,40.792495,-73.96417,40.7667405590595,-73.9790689945221,member
1430357,587A15F13D5DA107,docked_bike,2021-04-14 18:18:21,2021-04-14 18:35:40,Central Park W & W 97 St,7538,7 Ave & Central Park South,6912,40.792495,-73.96417,40.7667405590595,-73.9790689945221,member
1430365,0F0E0B36C36E2E07,docked_bike,2021-04-25 20:23:39,2021-04-25 20:45:52,Central Park W & W 97 St,7538,7 Ave & Central Park South,6912,40.792495,-73.964171,40.766741,-73.979069,casual
1430367,342AD77D621ED725,docked_bike,2021-04-10 18:32:03,2021-04-10 18:51:07,Central Park W & W 97 St,7538,7 Ave & Central Park South,6912,40.792495,-73.96417,40.7667405590595,-73.9790689945221,member
1430373,A6A2EC0C47604CDE,docked_bike,2021-04-14 13:38:21,2021-04-14 13:56:46,Central Park W & W 97 St,7538,7 Ave & Central Park South,6912,40.792495,-73.964171,40.766741,-73.979069,member
1430376,3639FC0642A190BA,docked_bike,2021-04-08 18:40:39,2021-04-08 19:25:10,Central Park W & W 97 St,7538,7 Ave & Central Park South,6912,40.792495,-73.96417,40.7667405590595,-73.9790689945221,casual
1430380,3B8939C0B6A92BD2,docked_bike,2021-04-18 12:07:11,2021-04-18 12:27:22,Central Park W & W 97 St,7538,7 Ave & Central Park South,6912,40.792495,-73.96417,40.7667405590595,-73.9790689945221,casual
1430381,53E5D7EB78C1442C,docked_bike,2021-04-03 18:30:00,2021-04-03 18:52:13,Central Park W & W 97 St,7538,7 Ave & Central Park South,6912,40.792495,-73.96417,40.7667405590595,-73.9790689945221,member
1430383,B12A9AEDB6D4F409,docked_bike,2021-04-07 15:37:04,2021-04-07 15:53:57,Central Park W & W 97 St,7538,7 Ave & Central Park South,6912,40.792495,-73.964171,40.766741,-73.979069,member
1430384,041982A7920CCE2B,docked_bike,2021-04-17 16:40:13,2021-04-17 17:09:05,Central Park W & W 97 St,7538,7 Ave & Central Park South,6912,40.792495,-73.96417,40.7667405590595,-73.9790689945221,casual
1430387,929CA38FD1AC982F,docked_bike,2021-04-04 16:01:36,2021-04-04 16:22:33,Central Park W & W 97 St,7538,7 Ave & Central Park South,6912,40.792495,-73.96417,40.7667405590595,-73.9790689945221,casual
1430637,1BC25C911245D0B2,docked_bike,2021-04-20 14:35:13,2021-04-20 14:47:44,Central Park W & W 97 St,7538,7 Ave & Central Park South,6912,40.792495,-73.96417,40.7667405590595,-73.9790689945221,casual
1430638,FCD1063DC9C058C4,docked_bike,2021-04-19 18:33:19,2021-04-19 19:11:09,Central Park W & W 97 St,7538,7 Ave & Central Park South,6912,40.792495,-73.96417,40.7667405590595,-73.9790689945221,casual
1430639,65AA50D2E3213653,docked_bike,2021-04-26 16:08:38,2021-04-26 16:21:07,Central Park W & W 97 St,7538,7 Ave & Central Park South,6912,40.792495,-73.96417,40.7667405590595,-73.9790689945221,casual
1430640,29C0ACF7F9A1DEA0,docked_bike,2021-04-21 13:34:46,2021-04-21 13:49:03,Central Park W & W 97 St,7538,7 Ave & Central Park South,6912,40.792495,-73.96417,40.7667405590595,-73.9790689945221,member
1430646,99B8D7B733545607,docked_bike,2021-04-10 16:04:52,2021-04-10 16:23:44,Central Park W & W 97 St,7538,7 Ave & Central Park South,6912,40.792495,-73.96417,40.7667405590595,-73.9790689945221,casual
1430654,026F241959CD2C1A,docked_bike,2021-04-19 09:25:46,2021-04-19 09:38:47,Central Park W & W 97 St,7538,7 Ave & Central Park South,6912,40.792495,-73.96417,40.7667405590595,-73.9790689945221,member
1430655,A7B02F38D79D8441,docked_bike,2021-04-23 15:39:04,2021-04-23 16:26:55,Central Park W & W 97 St,7538,7 Ave & Central Park South,6912,40.792495,-73.96417,40.7667405590595,-73.9790689945221,member
1430658,3D436E9903B1EB31,docked_bike,2021-04-17 17:22:12,2021-04-17 17:22:05,Central Park W & W 97 St,7538,7 Ave & Central Park South,6912,40.792495,-73.96417,40.7667405590595,-73.9790689945221,casual
1430660,FC2E641C66599EDB,docked_bike,2021-04-04 15:19:10,2021-04-04 15:34:08,Central Park W & W 97 St,7538,7 Ave & Central Park South,6912,40.792495,-73.96417,40.7667405590595,-73.9790689945221,casual
1430662,70BBACDAEC233B44,docked_bike,2021-04-08 12:20:28,2021-04-08 12:35:31,Central Park W & W 97 St,7538,7 Ave & Central Park South,6912,40.792495,-73.96417,40.7667405590595,-73.9790689945221,member
1430670,FB60DC768729C2FC,docked_bike,2021-04-24 15:02:58,2021-04-24 15:21:10,Central Park W & W 97 St,7538,7 Ave & Central Park South,6912,40.792495,-73.96417,40.7667405590595,-73.9790689945221,casual
1430674,A879DFFD99C34CB0,docked_bike,2021-04-20 09:47:37,2021-04-20 09:59:33,Central Park W & W 97 St,7538,7 Ave & Central Park South,6912,40.792495,-73.96417,40.7667405590595,-73.9790689945221,member
1430677,2EDD483E7B2C1749,docked_bike,2021-04-25 19:14:17,2021-04-25 19:31:12,Central Park W & W 97 St,7538,7 Ave & Central Park South,6912,40.792495,-73.96417,40.7667405590595,-73.9790689945221,member
1430678,3A41CAA1A4B194AF,docked_bike,2021-04-26 10:49:56,2021-04-26 11:02:40,Central Park W & W 97 St,7538,7 Ave & Central Park South,6912,40.792495,-73.96417,40.7667405590595,-73.9790689945221,member
1435184,8269D98FC30615E2,docked_bike,2021-04-17 12:09:35,2021-04-17 12:30:53,W 100 St & Manhattan Ave,7538,7 Ave & Central Park South,6912,40.795,-73.9645,40.7667405590595,-73.9790689945221,casual
1435189,F6813312B02E1EE1,docked_bike,2021-04-28 18:46:24,2021-04-28 18:58:25,W 100 St & Manhattan Ave,7538,7 Ave & Central Park South,6912,40.795,-73.9645,40.7667405590595,-73.9790689945221,member
1435284,04EAC4D313F30DB1,docked_bike,2021-04-28 19:08:46,2021-04-28 19:19:29,W 100 St & Manhattan Ave,7538,7 Ave & Central Park South,6912,40.795,-73.9645,40.7667405590595,-73.9790689945221,member
1435287,6C8592B16430787E,docked_bike,2021-04-17 12:10:27,2021-04-17 12:31:05,W 100 St & Manhattan Ave,7538,7 Ave & Central Park South,6912,40.795,-73.9645,40.7667405590595,-73.9790689945221,casual
1435295,1F8511584133E3E8,docked_bike,2021-04-05 15:33:36,2021-04-05 15:50:28,W 100 St & Manhattan Ave,7538,7 Ave & Central Park South,6912,40.795,-73.9645,40.7667405590595,-73.9790689945221,casual
1435301,0A04FE307529B76E,docked_bike,2021-04-28 18:41:08,2021-04-28 18:57:29,W 100 St & Manhattan Ave,7538,7 Ave & Central Park South,6912,40.795,-73.9645,40.7667405590595,-73.9790689945221,casual
1435303,33628790A01AE32A,docked_bike,2021-04-10 16:20:54,2021-04-10 16:42:45,W 100 St & Manhattan Ave,7538,7 Ave & Central Park South,6912,40.795,-73.9645,40.7667405590595,-73.9790689945221,casual
1435304,2BCC5AA446120660,docked_bike,2021-04-20 18:08:57,2021-04-20 18:19:14,W 100 St & Manhattan Ave,7538,7 Ave & Central Park South,6912,40.795,-73.9645,40.7667405590595,-73.9790689945221,member
1436348,5CFC13C626068AA0,docked_bike,2021-04-23 19:15:41,2021-04-23 19:29:38,Central Park W & W 97 St,7538,7 Ave & Central Park South,6912,40.792495,-73.96417,40.7667405590595,-73.9790689945221,casual
1436351,6025F64C460998A0,docked_bike,2021-04-03 10:32:05,2021-04-03 10:43:35,Central Park W & W 97 St,7538,7 Ave & Central Park South,6912,40.792495,-73.96417,40.7667405590595,-73.9790689945221,member
1436352,5BE7E46EDD7E49AB,docked_bike,2021-04-30 09:01:07,2021-04-30 09:13:01,Central Park W & W 97 St,7538,7 Ave & Central Park South,6912,40.792495,-73.96417,40.7667405590595,-73.9790689945221,member
1436358,781D09DD5F55B80A,docked_bike,2021-04-24 14:57:41,2021-04-24 15:15:00,Central Park W & W 97 St,7538,7 Ave & Central Park South,6912,40.792495,-73.96417,40.7667405590595,-73.9790689945221,member
1436361,B37FFF84AA039023,docked_bike,2021-04-03 18:32:10,2021-04-03 18:52:12,Central Park W & W 97 St,7538,7 Ave & Central Park South,6912,40.792495,-73.96417,40.7667405590595,-73.9790689945221,member
1436365,04C5824FC71E67BF,docked_bike,2021-04-09 19:34:49,2021-04-09 19:52:16,Central Park W & W 97 St,7538,7 Ave & Central Park South,6912,40.792495,-73.96417,40.7667405590595,-73.9790689945221,member
1436366,0121797AC8E25C10,docked_bike,2021-04-15 08:50:41,2021-04-15 08:50:37,Central Park W & W 97 St,7538,7 Ave & Central Park South,6912,40.792495,-73.96417,40.7667405590595,-73.9790689945221,member
1436368,78D2F249BB8CFD26,docked_bike,2021-04-10 11:54:37,2021-04-10 12:07:12,Central Park W & W 97 St,7538,7 Ave & Central Park South,6912,40.792495,-73.96417,40.7667405590595,-73.9790689945221,member
1436370,74EF9FF2C034B41D,docked_bike,2021-04-23 18:18:08,2021-04-23 18:31:11,Central Park W & W 97 St,7538,7 Ave & Central Park South,6912,40.792495,-73.96417,40.7667405590595,-73.9790689945221,member
1436371,FD85788F70DAC9C7,docked_bike,2021-04-18 13:09:59,2021-04-18 13:40:43,Central Park W & W 97 St,7538,7 Ave & Central Park South,6912,40.792495,-73.96417,40.7667405590595,-73.9790689945221,member
1436372,23D1F212CCE2FDB6,docked_bike,2021-04-14 07:32:51,2021-04-14 07:47:41,Central Park W & W 97 St,7538,7 Ave & Central Park South,6912,40.792495,-73.96417,40.7667405590595,-73.9790689945221,casual
1436375,467538CB9509B822,docked_bike,2021-04-24 13:08:40,2021-04-24 13:23:58,Central Park W & W 97 St,7538,7 Ave & Central Park South,6912,40.792495,-73.96417,40.7667405590595,-73.9790689945221,member
1436380,5F5F49D9CBE6D59F,docked_bike,2021-04-03 18:31:58,2021-04-03 18:52:03,Central Park W & W 97 St,7538,7 Ave & Central Park South,6912,40.792495,-73.96417,40.7667405590595,-73.9790689945221,member
1436384,0FF674A7A70C9C6B,docked_bike,2021-04-14 09:36:48,2021-04-14 09:47:32,Central Park W & W 97 St,7538,7 Ave & Central Park South,6912,40.792495,-73.96417,40.7667405590595,-73.9790689945221,member
1436391,61B7061C3F8D08EE,docked_bike,2021-04-04 14:50:35,2021-04-04 15:10:26,Central Park W & W 97 St,7538,7 Ave & Central Park South,6912,40.792495,-73.96417,40.7667405590595,-73.9790689945221,casual
1436392,87003B25207F9EA2,docked_bike,2021-04-03 11:06:09,2021-04-03 11:20:38,Central Park W & W 97 St,7538,7 Ave & Central Park South,6912,40.792495,-73.96417,40.7667405590595,-73.9790689945221,member
1436400,305C5F205DD27CB9,docked_bike,2021-04-10 18:31:59,2021-04-10 18:50:52,Central Park W & W 97 St,7538,7 Ave & Central Park South,6912,40.792495,-73.96417,40.7667405590595,-73.9790689945221,casual
1436403,A8E459633AA83D9E,docked_bike,2021-04-18 14:30:33,2021-04-18 14:47:55,Central Park W & W 97 St,7538,7 Ave & Central Park South,6912,40.792495,-73.96417,40.7667405590595,-73.9790689945221,member
1436404,D23A712D74B98B6E,docked_bike,2021-04-18 14:29:01,2021-04-18 14:52:41,Central Park W & W 97 St,7538,7 Ave & Central Park South,6912,40.792495,-73.964171,40.766741,-73.979069,member
1436407,FC87DC92068CA01A,docked_bike,2021-04-18 12:07:37,2021-04-18 12:25:14,Central Park W & W 97 St,7538,7 Ave & Central Park South,6912,40.792495,-73.96417,40.7667405590595,-73.9790689945221,casual
1436408,728F736B5475CC5F,docked_bike,2021-04-17 18:07:38,2021-04-17 18:07:35,Central Park W & W 97 St,7538,7 Ave & Central Park South,6912,40.792495,-73.96417,40.7667405590595,-73.9790689945221,member
1436419,71F520308ABB4814,docked_bike,2021-04-19 17:48:12,2021-04-19 18:02:36,Central Park W & W 97 St,7538,7 Ave & Central Park South,6912,40.792495,-73.96417,40.7667405590595,-73.9790689945221,member
1436422,1248B2A33580CD82,docked_bike,2021-04-24 15:03:14,2021-04-24 15:21:11,Central Park W & W 97 St,7538,7 Ave & Central Park South,6912,40.792495,-73.96417,40.7667405590595,-73.9790689945221,casual
1436425,4B96084DD1AC13F6,docked_bike,2021-04-26 13:24:15,2021-04-26 13:35:39,Central Park W & W 97 St,7538,7 Ave & Central Park South,6912,40.792495,-73.96417,40.7667405590595,-73.9790689945221,casual
1436427,B56AB41D39B68C27,docked_bike,2021-04-17 08:55:15,2021-04-17 08:55:11,Central Park W & W 97 St,7538,7 Ave & Central Park South,6912,40.792495,-73.96417,40.7667405590595,-73.9790689945221,member
1436434,820B24A4D929BE46,docked_bike,2021-04-04 14:50:30,2021-04-04 15:10:29,Central Park W & W 97 St,7538,7 Ave & Central Park South,6912,40.792495,-73.96417,40.7667405590595,-73.9790689945221,casual
1436439,35443894694DBFFF,docked_bike,2021-04-04 14:53:24,2021-04-04 15:17:54,Central Park W & W 97 St,7538,7 Ave & Central Park South,6912,40.792495,-73.96417,40.7667405590595,-73.9790689945221,casual
1436440,7D5194C672673F5C,docked_bike,2021-04-03 11:05:20,2021-04-03 11:20:42,Central Park W & W 97 St,7538,7 Ave & Central Park South,6912,40.792495,-73.96417,40.7667405590595,-73.9790689945221,member
1436442,20AE1744860DFC37,docked_bike,2021-04-29 14:57:05,2021-04-29 15:19:22,Central Park W & W 97 St,7538,7 Ave & Central Park South,6912,40.792495,-73.96417,40.7667405590595,-73.9790689945221,member
1436444,4D965F54965BFC0B,docked_bike,2021-04-05 15:37:27,2021-04-05 15:50:24,Central Park W & W 97 St,7538,7 Ave & Central Park South,6912,40.792495,-73.96417,40.7667405590595,-73.9790689945221,casual
1436445,0D7473C71A2D5091,docked_bike,2021-04-25 20:23:49,2021-04-25 20:46:05,Central Park W & W 97 St,7538,7 Ave & Central Park South,6912,40.792495,-73.964171,40.766741,-73.979069,casual
1436448,B3B32120120916D5,docked_bike,2021-04-12 17:03:39,2021-04-12 17:18:17,Central Park W & W 97 St,7538,7 Ave & Central Park South,6912,40.792495,-73.96417,40.7667405590595,-73.9790689945221,member
1436452,226F83BDD4F1DEB8,docked_bike,2021-04-09 17:56:58,2021-04-09 18:07:02,Central Park W & W 97 St,7538,7 Ave & Central Park South,6912,40.792495,-73.96417,40.7667405590595,-73.9790689945221,member
1436491,CF9CD6F5000066D1,docked_bike,2021-04-18 14:05:13,2021-04-18 14:29:14,Central Park W & W 97 St,7538,7 Ave & Central Park South,6912,40.792495,-73.96417,40.7667405590595,-73.9790689945221,casual
1436494,9B454C56FB1E5C35,docked_bike,2021-04-19 18:33:31,2021-04-19 19:10:10,Central Park W & W 97 St,7538,7 Ave & Central Park South,6912,40.792495,-73.96417,40.7667405590595,-73.9790689945221,casual
1436496,C6B3565801D94AD8,docked_bike,2021-04-30 09:05:51,2021-04-30 09:16:06,Central Park W & W 97 St,7538,7 Ave & Central Park South,6912,40.792495,-73.96417,40.7667405590595,-73.9790689945221,member
1436500,CB894B2A62A068E4,docked_bike,2021-04-11 00:29:36,2021-04-11 00:49:13,Central Park W & W 97 St,7538,7 Ave & Central Park South,6912,40.792495,-73.96417,40.7667405590595,-73.9790689945221,casual
1436504,2AD66049F4C9F5A3,docked_bike,2021-04-22 07:08:30,2021-04-22 07:21:01,Central Park W & W 97 St,7538,7 Ave & Central Park South,6912,40.792495,-73.96417,40.7667405590595,-73.9790689945221,member
1436520,FF14593FF1F55A71,docked_bike,2021-04-13 13:26:22,2021-04-13 13:45:34,Central Park W & W 97 St,7538,7 Ave & Central Park South,6912,40.792495,-73.96417,40.7667405590595,-73.9790689945221,member
1436522,284BF765211A93BD,docked_bike,2021-04-24 13:43:43,2021-04-24 14:11:54,Central Park W & W 97 St,7538,7 Ave & Central Park South,6912,40.792495,-73.96417,40.7667405590595,-73.9790689945221,casual
1436526,974F97DB90A1818C,docked_bike,2021-04-18 12:01:52,2021-04-18 12:27:25,Central Park W & W 97 St,7538,7 Ave & Central Park South,6912,40.792495,-73.96417,40.7667405590595,-73.9790689945221,casual
1436549,2A736A7201AC2B99,docked_bike,2021-04-10 16:04:53,2021-04-10 16:23:49,Central Park W & W 97 St,7538,7 Ave & Central Park South,6912,40.792495,-73.96417,40.7667405590595,-73.9790689945221,member
1436552,5BE287F5C924D6FE,docked_bike,2021-04-17 16:37:52,2021-04-17 17:08:53,Central Park W & W 97 St,7538,7 Ave & Central Park South,6912,40.792495,-73.96417,40.7667405590595,-73.9790689945221,casual
1436556,BC92C5AD77BF0576,docked_bike,2021-04-19 12:30:12,2021-04-19 12:43:09,Central Park W & W 97 St,7538,7 Ave & Central Park South,6912,40.792495,-73.96417,40.7667405590595,-73.9790689945221,member
1436560,4A1D518F575BD831,docked_bike,2021-04-07 19:09:29,2021-04-07 19:25:26,Central Park W & W 97 St,7538,7 Ave & Central Park South,6912,40.792495,-73.96417,40.7667405590595,-73.9790689945221,member
1436561,9F063E8EF0C24358,docked_bike,2021-04-26 16:53:22,2021-04-26 17:29:37,Central Park W & W 97 St,7538,7 Ave & Central Park South,6912,40.792495,-73.96417,40.7667405590595,-73.9790689945221,casual
1436563,8AF823EB47F47DF7,docked_bike,2021-04-29 16:13:38,2021-04-29 16:47:59,Central Park W & W 97 St,7538,7 Ave & Central Park South,6912,40.792495,-73.96417,40.7667405590595,-73.9790689945221,member
1436564,6D0AEFD6756028CC,docked_bike,2021-04-17 12:21:55,2021-04-17 12:50:43,Central Park W & W 97 St,7538,7 Ave & Central Park South,6912,40.792495,-73.96417,40.7667405590595,-73.9790689945221,member
1436565,41131CCB08799A0A,docked_bike,2021-04-17 18:07:25,2021-04-17 18:20:38,Central Park W & W 97 St,7538,7 Ave & Central Park South,6912,40.792495,-73.96417,40.7667405590595,-73.9790689945221,member
1436566,96FDA3A97A1D7EDB,docked_bike,2021-04-18 13:10:35,2021-04-18 13:40:40,Central Park W & W 97 St,7538,7 Ave & Central Park South,6912,40.792495,-73.96417,40.7667405590595,-73.9790689945221,member
1449858,82C1AFDB07B4E834,docked_bike,2021-04-05 13:14:01,2021-04-05 13:35:46,W 100 St & Manhattan Ave,7538,W 55 St & 6 Ave,6809,40.795,-73.9645,40.763189,-73.978434,member
1449869,EE141A710D12E271,docked_bike,2021-04-23 12:13:28,2021-04-23 12:37:00,W 100 St & Manhattan Ave,7538,W 55 St & 6 Ave,6809,40.795,-73.9645,40.763189,-73.978434,member
1449886,05E97A17E3418EEB,docked_bike,2021-04-24 08:16:19,2021-04-24 08:55:34,W 100 St & Manhattan Ave,7538,Lafayette St & Jersey St,5561,40.795,-73.9645,40.72456089,-73.99565293,member
1458366,36F6789B8D701B63,docked_bike,2021-04-07 20:02:28,2021-04-07 20:20:02,Central Park W & W 97 St,7538,W 55 St & 6 Ave,6809,40.792495,-73.96417,40.763189,-73.978434,member
1458399,C519CF3A96E4DA5A,docked_bike,2021-04-13 08:39:34,2021-04-13 08:52:30,Central Park W & W 97 St,7538,W 55 St & 6 Ave,6809,40.792495,-73.96417,40.763189,-73.978434,member
1458406,F81411A5D3542F11,docked_bike,2021-04-17 18:16:56,2021-04-17 18:16:52,Central Park W & W 97 St,7538,Lafayette St & Jersey St,5561,40.792495,-73.96417,40.72456089,-73.99565293,member
1458882,C330CFD9169E6DBF,docked_bike,2021-04-19 08:36:22,2021-04-19 09:03:08,Central Park W & W 97 St,7538,W 55 St & 6 Ave,6809,40.792495,-73.96417,40.763189,-73.978434,member
1461954,DD0F6295FF325E35,docked_bike,2021-04-19 16:34:03,2021-04-19 17:05:48,Central Park W & W 97 St,7538,Stanton St & Chrystie St,5523,40.792495,-73.96417,40.72229346,-73.99147535,casual
1461965,1C6BE16C36824D4B,docked_bike,2021-04-10 10:24:52,2021-04-10 10:50:07,Central Park W & W 97 St,7538,Stanton St & Chrystie St,5523,40.792495,-73.96417,40.72229346,-73.99147535,casual
1461968,F927073441DF8409,docked_bike,2021-04-19 22:05:30,2021-04-19 23:03:16,Central Park W & W 97 St,7538,Lafayette St & Jersey St,5561,40.792495,-73.96417,40.72456089,-73.99565293,casual
1462029,0D043D4B4B4B0EB3,docked_bike,2021-04-23 14:48:58,2021-04-23 15:35:43,Central Park W & W 97 St,7538,Lafayette St & Jersey St,5561,40.792495,-73.96417,40.72456089,-73.99565293,member
1462076,02439731AC6B3B82,docked_bike,2021-04-19 12:10:09,2021-04-19 12:47:43,Central Park W & W 97 St,7538,W 55 St & 6 Ave,6809,40.792495,-73.96417,40.763189,-73.978434,casual
1462220,1BF61366FC084DAD,docked_bike,2021-04-06 15:47:47,2021-04-06 16:04:01,Central Park W & W 97 St,7538,W 55 St & 6 Ave,6809,40.792495,-73.96417,40.763189,-73.978434,member
1466067,D4852E33A479D1D8,docked_bike,2021-04-30 17:28:55,2021-04-30 17:56:50,Central Park W & W 97 St,7538,W 34 St & 11 Ave,6578,40.792495,-73.96417,40.75594159,-74.0021163,member
1466257,7093A9DB191A2DBB,docked_bike,2021-04-30 05:30:36,2021-04-30 05:36:43,W 100 St & Manhattan Ave,7538,Broadway & W 122 St,7783,40.795,-73.9645,40.8120562,-73.9612547,member
1466258,57A95B7610679DBD,docked_bike,2021-04-07 05:23:17,2021-04-07 05:31:24,W 100 St & Manhattan Ave,7538,Broadway & W 122 St,7783,40.795,-73.9645,40.8120562,-73.9612547,member
1466259,34898114964CC261,docked_bike,2021-04-28 05:37:42,2021-04-28 05:46:19,W 100 St & Manhattan Ave,7538,Broadway & W 122 St,7783,40.795,-73.9645,40.8120562,-73.9612547,member
1466260,5355B7E53A8F60C3,docked_bike,2021-04-04 13:31:19,2021-04-04 13:38:49,W 100 St & Manhattan Ave,7538,W 89 St & Columbus Ave,7432,40.795,-73.9645,40.7882213,-73.97041561,member
1472501,24AD5E6C8B4DA106,docked_bike,2021-04-17 19:22:30,2021-04-17 19:22:22,Central Park W & W 97 St,7538,W 89 St & Columbus Ave,7432,40.792495,-73.96417,40.7882213,-73.97041561,member
1472502,3DDEAFA7C09749E5,docked_bike,2021-04-19 08:08:51,2021-04-19 08:25:30,Central Park W & W 97 St,7538,E 77 St & 3 Ave,7092,40.792495,-73.96417,40.77314236,-73.95856158,member
1472510,3D1A1C8A148D8111,docked_bike,2021-04-22 09:59:12,2021-04-22 10:05:22,Central Park W & W 97 St,7538,W 89 St & Columbus Ave,7432,40.792495,-73.96417,40.7882213,-73.97041561,member
1472515,3946424141967854,docked_bike,2021-04-21 20:07:34,2021-04-21 20:17:11,Central Park W & W 97 St,7538,E 103 St & Lexington Ave,7463,40.792495,-73.96417,40.7903051,-73.94755757,casual
1472516,03971868ED0CEB52,docked_bike,2021-04-17 14:34:27,2021-04-17 14:34:22,Central Park W & W 97 St,7538,W 89 St & Columbus Ave,7432,40.792495,-73.96417,40.7882213,-73.97041561,member
1472524,EC8C75FAF7781A84,docked_bike,2021-04-26 17:48:13,2021-04-26 18:27:35,Central Park W & W 97 St,7538,W 34 St & 11 Ave,6578,40.792495,-73.96417,40.75594159,-74.0021163,member
1472527,29FBDBE9C30832A2,docked_bike,2021-04-20 08:55:45,2021-04-20 09:22:19,Central Park W & W 97 St,7538,W 21 St & 6 Ave,6140,40.792495,-73.96417,40.74173969,-73.99415556,member
1472537,09522F40FA4A4C7C,docked_bike,2021-04-26 11:41:12,2021-04-26 11:46:24,Central Park W & W 97 St,7538,W 89 St & Columbus Ave,7432,40.792495,-73.964171,40.788221,-73.970416,member
1472588,9DC46765170B143E,docked_bike,2021-04-24 14:02:20,2021-04-24 14:09:55,Central Park W & W 97 St,7538,W 89 St & Columbus Ave,7432,40.792495,-73.96417,40.7882213,-73.97041561,member
1472589,5A4D89D4355578F8,docked_bike,2021-04-08 13:00:22,2021-04-08 13:22:33,Central Park W & W 97 St,7538,E 77 St & 3 Ave,7092,40.792495,-73.96417,40.77314236,-73.95856158,member
1472592,0E59DB4348FD9EC1,docked_bike,2021-04-02 15:36:35,2021-04-02 15:41:39,Central Park W & W 97 St,7538,W 89 St & Columbus Ave,7432,40.792495,-73.96417,40.7882213,-73.97041561,member
1472595,CBC4F5A54D6E6DA6,docked_bike,2021-04-25 13:41:23,2021-04-25 13:46:55,Central Park W & W 97 St,7538,W 89 St & Columbus Ave,7432,40.792495,-73.96417,40.7882213,-73.97041561,member
1472610,683DB488D117BAC6,docked_bike,2021-04-23 13:05:42,2021-04-23 13:09:39,Central Park W & W 97 St,7538,W 89 St & Columbus Ave,7432,40.792495,-73.96417,40.7882213,-73.97041561,member
1472616,7BD20234A561FFC5,docked_bike,2021-04-25 13:41:11,2021-04-25 13:46:53,Central Park W & W 97 St,7538,W 89 St & Columbus Ave,7432,40.792495,-73.964171,40.788221,-73.970416,member
1472617,B3DA60200FADB1F7,docked_bike,2021-04-18 11:31:39,2021-04-18 11:35:26,Central Park W & W 97 St,7538,W 89 St & Columbus Ave,7432,40.792495,-73.96417,40.7882213,-73.97041561,member
1472618,A1E401AB1F22700D,docked_bike,2021-04-19 18:45:01,2021-04-19 19:24:15,Central Park W & W 97 St,7538,E 103 St & Lexington Ave,7463,40.792495,-73.96417,40.7903051,-73.94755757,member
1472628,9ECFD9AAE2F85712,docked_bike,2021-04-26 17:48:24,2021-04-26 18:27:40,Central Park W & W 97 St,7538,W 34 St & 11 Ave,6578,40.792495,-73.964171,40.755942,-74.002116,casual
1472642,B265BC0B299DC310,docked_bike,2021-04-26 17:48:42,2021-04-26 18:27:16,Central Park W & W 97 St,7538,W 34 St & 11 Ave,6578,40.792495,-73.964171,40.755942,-74.002116,casual
1472645,6141A08E2DD5F5D1,docked_bike,2021-04-08 07:24:42,2021-04-08 08:21:12,Central Park W & W 97 St,7538,W 89 St & Columbus Ave,7432,40.792495,-73.96417,40.7882213,-73.97041561,member
1472648,1FEEA1FA904CA4AA,docked_bike,2021-04-20 06:22:53,2021-04-20 06:43:30,Central Park W & W 97 St,7538,W 34 St & 11 Ave,6578,40.792495,-73.96417,40.75594159,-74.0021163,member
1472649,2B5C668DF3C9E9BA,docked_bike,2021-04-23 17:12:46,2021-04-23 17:18:33,Central Park W & W 97 St,7538,W 89 St & Columbus Ave,7432,40.792495,-73.96417,40.7882213,-73.97041561,member
1472651,8C0A4FB54BA5C6CF,docked_bike,2021-04-20 14:55:22,2021-04-20 15:02:34,Central Park W & W 97 St,7538,W 89 St & Columbus Ave,7432,40.792495,-73.96417,40.7882213,-73.97041561,member
1472666,BD5164C8000E2AD0,docked_bike,2021-04-29 17:21:18,2021-04-29 17:25:19,Central Park W & W 97 St,7538,W 89 St & Columbus Ave,7432,40.792495,-73.96417,40.7882213,-73.97041561,casual
1472669,8658145A8E1B4B59,docked_bike,2021-04-25 16:16:19,2021-04-25 17:12:01,Central Park W & W 97 St,7538,W 34 St & 11 Ave,6578,40.792495,-73.96417,40.75594159,-74.0021163,member
1472671,6E8C736AF35885E5,docked_bike,2021-04-13 14:30:30,2021-04-13 14:48:59,Central Park W & W 97 St,7538,W 34 St & 11 Ave,6578,40.792495,-73.96417,40.75594159,-74.0021163,casual
1472680,C4029991A76EEE51,docked_bike,2021-04-05 15:43:29,2021-04-05 16:15:42,Central Park W & W 97 St,7538,W 34 St & 11 Ave,6578,40.792495,-73.96417,40.75594159,-74.0021163,member
1472681,AFD5C3D4136392C1,docked_bike,2021-04-18 11:16:47,2021-04-18 11:41:13,Central Park W & W 97 St,7538,W 34 St & 11 Ave,6578,40.792495,-73.96417,40.75594159,-74.0021163,member
1472683,01F6F7A02C935A0E,docked_bike,2021-04-06 10:58:01,2021-04-06 11:04:59,Central Park W & W 97 St,7538,W 89 St & Columbus Ave,7432,40.792495,-73.96417,40.7882213,-73.97041561,casual
1472686,66DF3F48D2A4E175,docked_bike,2021-04-10 11:01:44,2021-04-10 11:23:24,Central Park W & W 97 St,7538,W 34 St & 11 Ave,6578,40.792495,-73.96417,40.75594159,-74.0021163,member
1472690,42F05DD799273AFD,docked_bike,2021-04-28 20:11:53,2021-04-28 20:17:29,Central Park W & W 97 St,7538,W 89 St & Columbus Ave,7432,40.792495,-73.96417,40.7882213,-73.97041561,member
1472691,720A788278C6F2A3,docked_bike,2021-04-20 12:03:27,2021-04-20 12:08:05,Central Park W & W 97 St,7538,W 89 St & Columbus Ave,7432,40.792495,-73.964171,40.788221,-73.970416,member
1472692,9FB8B923562DACC7,docked_bike,2021-04-19 09:42:04,2021-04-19 09:46:44,Central Park W & W 97 St,7538,W 89 St & Columbus Ave,7432,40.792495,-73.96417,40.7882213,-73.97041561,member
1472694,4CB65174075C6A1E,docked_bike,2021-04-09 20:14:54,2021-04-09 20:20:51,Central Park W & W 97 St,7538,W 89 St & Columbus Ave,7432,40.792495,-73.96417,40.7882213,-73.97041561,member
1472699,C5653E525F82E88C,docked_bike,2021-04-17 14:49:31,2021-04-17 14:55:01,Central Park W & W 97 St,7538,W 89 St & Columbus Ave,7432,40.792495,-73.96417,40.7882213,-73.97041561,member
1472700,E176806C9694FA9A,docked_bike,2021-04-07 12:20:21,2021-04-07 12:42:18,Central Park W & W 97 St,7538,W 34 St & 11 Ave,6578,40.792495,-73.96417,40.75594159,-74.0021163,member
1472701,ADEF48C3EB1B3D76,docked_bike,2021-04-23 18:53:22,2021-04-23 18:58:42,Central Park W & W 97 St,7538,W 89 St & Columbus Ave,7432,40.792495,-73.96417,40.7882213,-73.97041561,member
1472704,4085635CACAC3E79,docked_bike,2021-04-27 19:49:04,2021-04-27 19:58:40,Central Park W & W 97 St,7538,W 89 St & Columbus Ave,7432,40.792495,-73.96417,40.7882213,-73.97041561,member
1472707,92343366E57C63CF,docked_bike,2021-04-30 10:42:31,2021-04-30 10:42:58,Central Park W & W 97 St,7538,W 89 St & Columbus Ave,7432,40.792495,-73.96417,40.7882213,-73.97041561,member
1472729,88A89B089295EADA,docked_bike,2021-04-26 14:58:35,2021-04-26 15:12:37,Central Park W & W 97 St,7538,E 77 St & 3 Ave,7092,40.792495,-73.96417,40.77314236,-73.95856158,member
1472732,04AD45843A20935D,docked_bike,2021-04-20 17:39:30,2021-04-20 17:43:41,Central Park W & W 97 St,7538,W 89 St & Columbus Ave,7432,40.792495,-73.96417,40.7882213,-73.97041561,member
1472736,AF8FDA0064050B05,docked_bike,2021-04-20 16:34:21,2021-04-20 16:38:55,Central Park W & W 97 St,7538,W 89 St & Columbus Ave,7432,40.792495,-73.96417,40.7882213,-73.97041561,member
1472741,B1E26960CB27CBFE,docked_bike,2021-04-18 16:58:26,2021-04-18 17:21:44,Central Park W & W 97 St,7538,W 89 St & Columbus Ave,7432,40.792495,-73.96417,40.7882213,-73.97041561,member
1472748,17C9FF1F0662E346,docked_bike,2021-04-22 07:48:29,2021-04-22 08:16:33,Central Park W & W 97 St,7538,W 34 St & 11 Ave,6578,40.792495,-73.96417,40.75594159,-74.0021163,member
1472750,7A681AEF517F2AAE,docked_bike,2021-04-30 17:49:41,2021-04-30 17:54:04,Central Park W & W 97 St,7538,W 89 St & Columbus Ave,7432,40.792495,-73.96417,40.7882213,-73.97041561,member
1472751,B957F638F7CCA9F0,docked_bike,2021-04-13 20:02:29,2021-04-13 20:07:45,Central Park W & W 97 St,7538,W 89 St & Columbus Ave,7432,40.792495,-73.96417,40.7882213,-73.97041561,casual
1472776,AC87DBA9AC0E0692,docked_bike,2021-04-05 12:06:12,2021-04-05 12:40:00,Central Park W & W 97 St,7538,W 21 St & 6 Ave,6140,40.792495,-73.96417,40.74173969,-73.99415556,member
1472777,FF05FFC0A73BEEAD,docked_bike,2021-04-20 16:24:02,2021-04-20 16:28:26,Central Park W & W 97 St,7538,W 89 St & Columbus Ave,7432,40.792495,-73.96417,40.7882213,-73.97041561,member
1472780,9EE9CD2D189322B5,docked_bike,2021-04-30 15:43:40,2021-04-30 15:47:51,Central Park W & W 97 St,7538,W 89 St & Columbus Ave,7432,40.792495,-73.96417,40.7882213,-73.97041561,member
1472791,43595521E4F7DBB0,docked_bike,2021-04-23 09:49:33,2021-04-23 09:55:17,Central Park W & W 97 St,7538,W 89 St & Columbus Ave,7432,40.792495,-73.96417,40.7882213,-73.97041561,member
1472792,A3644673C6D20EB5,docked_bike,2021-04-07 13:14:29,2021-04-07 13:25:49,Central Park W & W 97 St,7538,E 103 St & Lexington Ave,7463,40.792495,-73.96417,40.7903051,-73.94755757,member
1474328,E8FAF797C89BB090,docked_bike,2021-04-27 09:13:04,2021-04-27 09:18:38,Central Park W & W 97 St,7538,W 89 St & Columbus Ave,7432,40.792495,-73.96417,40.7882213,-73.97041561,member
1474334,FCF41B5A05334113,docked_bike,2021-04-29 12:24:30,2021-04-29 12:35:56,Central Park W & W 97 St,7538,Broadway & W 122 St,7783,40.792495,-73.96417,40.8120562,-73.9612547,member
1474340,D361A4CA54EDD9FA,docked_bike,2021-04-24 18:15:12,2021-04-24 18:23:56,Central Park W & W 97 St,7538,W 89 St & Columbus Ave,7432,40.792495,-73.96417,40.7882213,-73.97041561,casual
1474344,F34026E7F61E3CCD,docked_bike,2021-04-13 14:17:05,2021-04-13 14:47:42,Central Park W & W 97 St,7538,W 34 St & 11 Ave,6578,40.792495,-73.96417,40.75594159,-74.0021163,member
1484243,E629676BE8F869CB,docked_bike,2021-04-08 15:16:41,2021-04-08 15:22:48,W 100 St & Manhattan Ave,7538,W 89 St & Columbus Ave,7432,40.795,-73.9645,40.7882213,-73.97041561,member
1484303,AD948D30F7C9798D,docked_bike,2021-04-21 12:29:47,2021-04-21 12:35:42,W 100 St & Manhattan Ave,7538,W 89 St & Columbus Ave,7432,40.795,-73.9645,40.788221,-73.970416,member
1484304,9FEB5CBFC6D2A6A0,docked_bike,2021-04-27 18:49:50,2021-04-27 18:55:16,W 100 St & Manhattan Ave,7538,W 89 St & Columbus Ave,7432,40.795,-73.9645,40.7882213,-73.97041561,member
1484325,D7F50171262D3ED5,docked_bike,2021-04-16 05:28:23,2021-04-16 05:37:27,W 100 St & Manhattan Ave,7538,Broadway & W 122 St,7783,40.795,-73.9645,40.8120562,-73.9612547,member
1484326,E7C3CC74EE6F6C81,docked_bike,2021-04-10 16:33:21,2021-04-10 16:47:32,W 100 St & Manhattan Ave,7538,E 103 St & Lexington Ave,7463,40.795,-73.9645,40.7903051,-73.94755757,member
1484327,FADA12E7FFEBC99F,docked_bike,2021-04-05 14:27:50,2021-04-05 14:56:42,W 100 St & Manhattan Ave,7538,W 163 St & Riverside Dr,8210,40.795,-73.9645,40.839278,-73.945446,member
1484328,7E9A8176604C53ED,docked_bike,2021-04-18 16:22:45,2021-04-18 16:29:59,W 100 St & Manhattan Ave,7538,W 89 St & Columbus Ave,7432,40.795,-73.9645,40.788221,-73.970416,member
1484335,837BD0711866A8CB,docked_bike,2021-04-30 12:29:06,2021-04-30 12:37:30,W 100 St & Manhattan Ave,7538,W 89 St & Columbus Ave,7432,40.795,-73.9645,40.7882213,-73.97041561,member
1484336,D199E4D12F441E17,docked_bike,2021-04-03 07:13:42,2021-04-03 07:43:04,W 100 St & Manhattan Ave,7538,W 34 St & 11 Ave,6578,40.795,-73.9645,40.75594159,-74.0021163,member
1484343,571EFC9AA9B113F0,docked_bike,2021-04-27 05:48:11,2021-04-27 05:56:37,W 100 St & Manhattan Ave,7538,Broadway & W 122 St,7783,40.795,-73.9645,40.8120562,-73.9612547,member
1484344,DCE3F60001BEA273,docked_bike,2021-04-23 05:25:38,2021-04-23 05:34:09,W 100 St & Manhattan Ave,7538,Broadway & W 122 St,7783,40.795,-73.9645,40.8120562,-73.9612547,member
1484345,9A42914C5D963D9D,docked_bike,2021-04-20 05:21:45,2021-04-20 05:31:04,W 100 St & Manhattan Ave,7538,Broadway & W 122 St,7783,40.795,-73.9645,40.8120562,-73.9612547,member
1484346,4973100F6CD92460,docked_bike,2021-04-09 10:22:55,2021-04-09 10:44:45,W 100 St & Manhattan Ave,7538,W 34 St & 11 Ave,6578,40.795,-73.9645,40.75594159,-74.0021163,member
1484350,C9C2EEEAF6D948E8,docked_bike,2021-04-28 14:42:39,2021-04-28 14:48:15,W 100 St & Manhattan Ave,7538,W 89 St & Columbus Ave,7432,40.795,-73.9645,40.7882213,-73.97041561,member
1484365,948122F85FA33C0F,docked_bike,2021-04-14 17:10:33,2021-04-14 17:23:44,W 100 St & Manhattan Ave,7538,E 103 St & Lexington Ave,7463,40.795,-73.9645,40.7903051,-73.94755757,member
1484374,4F20616291DFCF6D,docked_bike,2021-04-20 19:41:32,2021-04-20 19:48:28,W 100 St & Manhattan Ave,7538,W 89 St & Columbus Ave,7432,40.795,-73.9645,40.7882213,-73.97041561,member
1484379,89BE033FE763B335,docked_bike,2021-04-18 12:35:26,2021-04-18 12:57:32,W 100 St & Manhattan Ave,7538,W 34 St & 11 Ave,6578,40.795,-73.9645,40.75594159,-74.0021163,member
1484384,A15342290C755B3B,docked_bike,2021-04-20 19:42:10,2021-04-20 19:48:36,W 100 St & Manhattan Ave,7538,W 89 St & Columbus Ave,7432,40.795,-73.9645,40.788221,-73.970416,member
1484389,E71CB7D4FA0B587E,docked_bike,2021-04-07 18:43:20,2021-04-07 18:54:33,W 100 St & Manhattan Ave,7538,E 103 St & Lexington Ave,7463,40.795,-73.9645,40.7903051,-73.94755757,member
1484394,3937820F46302DA6,docked_bike,2021-04-05 08:11:54,2021-04-05 08:42:16,W 100 St & Manhattan Ave,7538,W 34 St & 11 Ave,6578,40.795,-73.9645,40.75594159,-74.0021163,casual
1484399,103EA4C83B804594,docked_bike,2021-04-16 10:56:50,2021-04-16 11:01:32,W 100 St & Manhattan Ave,7538,W 89 St & Columbus Ave,7432,40.795,-73.9645,40.7882213,-73.97041561,member
1484400,2263E1BB3B3E982A,docked_bike,2021-04-19 15:45:45,2021-04-19 15:54:33,W 100 St & Manhattan Ave,7538,W 89 St & Columbus Ave,7432,40.795,-73.9645,40.7882213,-73.97041561,member
1484404,75A8341D5296118F,docked_bike,2021-04-30 10:41:54,2021-04-30 11:03:21,W 100 St & Manhattan Ave,7538,E 77 St & 3 Ave,7092,40.795,-73.9645,40.77314236,-73.95856158,member
1484409,13EE02478D74F863,docked_bike,2021-04-22 15:31:51,2021-04-22 15:35:17,W 100 St & Manhattan Ave,7538,W 89 St & Columbus Ave,7432,40.795,-73.9645,40.7882213,-73.97041561,casual
1484426,59B33D4532D7222F,docked_bike,2021-04-18 16:58:24,2021-04-18 17:23:09,W 100 St & Manhattan Ave,7538,Broadway & W 122 St,7783,40.795,-73.9645,40.8120562,-73.9612547,casual
1484435,D6AB96B366BD37B3,docked_bike,2021-04-19 11:52:13,2021-04-19 11:56:31,W 100 St & Manhattan Ave,7538,W 89 St & Columbus Ave,7432,40.795,-73.9645,40.7882213,-73.97041561,member
1484436,6F6052256052B79D,docked_bike,2021-04-14 05:32:38,2021-04-14 05:41:31,W 100 St & Manhattan Ave,7538,Broadway & W 122 St,7783,40.795,-73.9645,40.8120562,-73.9612547,member
1484440,EDA840907FE91B44,docked_bike,2021-04-23 15:15:48,2021-04-23 15:21:18,W 100 St & Manhattan Ave,7538,W 89 St & Columbus Ave,7432,40.795,-73.9645,40.7882213,-73.97041561,member
1484443,6250D5EEFC47D52A,docked_bike,2021-04-16 08:26:45,2021-04-16 08:50:56,W 100 St & Manhattan Ave,7538,W 34 St & 11 Ave,6578,40.795,-73.9645,40.75594159,-74.0021163,member
1484444,A5FD214647683410,docked_bike,2021-04-28 08:25:38,2021-04-28 08:40:44,W 100 St & Manhattan Ave,7538,Broadway & W 122 St,7783,40.795,-73.9645,40.8120562,-73.9612547,member
1484445,B76E335ED82C5E43,docked_bike,2021-04-13 18:28:36,2021-04-13 18:54:05,W 100 St & Manhattan Ave,7538,W 21 St & 6 Ave,6140,40.795,-73.9645,40.74173969,-73.99415556,casual
1484449,E1F2B94AF97B4C25,docked_bike,2021-04-22 13:11:16,2021-04-22 13:22:41,W 100 St & Manhattan Ave,7538,W 89 St & Columbus Ave,7432,40.795,-73.9645,40.7882213,-73.97041561,member
1484452,ABD2C08961839FAA,docked_bike,2021-04-18 06:37:11,2021-04-18 07:02:05,W 100 St & Manhattan Ave,7538,E 103 St & Lexington Ave,7463,40.795,-73.9645,40.7903051,-73.94755757,member
1484453,2B159FBE4CAF5812,docked_bike,2021-04-23 09:15:28,2021-04-23 09:28:40,W 100 St & Manhattan Ave,7538,E 103 St & Lexington Ave,7463,40.795,-73.9645,40.7903051,-73.94755757,member
1484457,4343930DC161367D,docked_bike,2021-04-06 05:28:13,2021-04-06 05:36:04,W 100 St & Manhattan Ave,7538,Broadway & W 122 St,7783,40.795,-73.9645,40.8120562,-73.9612547,member
1484466,18CB6C2F4BDBE57E,docked_bike,2021-04-22 05:29:38,2021-04-22 05:41:47,W 100 St & Manhattan Ave,7538,Broadway & W 122 St,7783,40.795,-73.9645,40.8120562,-73.9612547,member
1484467,17223B8C9DD8CA0D,docked_bike,2021-04-09 05:48:07,2021-04-09 05:56:04,W 100 St & Manhattan Ave,7538,Broadway & W 122 St,7783,40.795,-73.9645,40.8120562,-73.9612547,member
1484489,2404514207507BB3,docked_bike,2021-04-19 10:17:02,2021-04-19 10:52:04,W 100 St & Manhattan Ave,7538,E 103 St & Lexington Ave,7463,40.795,-73.9645,40.7903051,-73.94755757,member
1484495,45D24A3E748DCCA2,docked_bike,2021-04-18 14:47:07,2021-04-18 14:53:12,W 100 St & Manhattan Ave,7538,W 89 St & Columbus Ave,7432,40.795,-73.9645,40.7882213,-73.97041561,member
1484496,FD617CE5DC851ED1,docked_bike,2021-04-29 15:47:51,2021-04-29 15:56:02,W 100 St & Manhattan Ave,7538,Broadway & W 122 St,7783,40.795,-73.9645,40.8120562,-73.9612547,member
1484499,4D260A3E6FB6C807,docked_bike,2021-04-16 11:22:26,2021-04-16 11:34:35,W 100 St & Manhattan Ave,7538,Broadway & W 122 St,7783,40.795,-73.9645,40.8120562,-73.9612547,casual
1484503,E1EA9970D2AE8FA7,docked_bike,2021-04-13 05:30:36,2021-04-13 05:38:57,W 100 St & Manhattan Ave,7538,Broadway & W 122 St,7783,40.795,-73.9645,40.8120562,-73.9612547,member
1484505,655F205B27DEBFE8,docked_bike,2021-04-14 15:43:57,2021-04-14 15:48:36,W 100 St & Manhattan Ave,7538,W 89 St & Columbus Ave,7432,40.795,-73.9645,40.7882213,-73.97041561,member
1484510,AF8378DDC2A09EF2,docked_bike,2021-04-16 18:58:32,2021-04-16 19:09:15,W 100 St & Manhattan Ave,7538,E 103 St & Lexington Ave,7463,40.795,-73.9645,40.7903051,-73.94755757,member
1484845,97428ECC404F8AAC,docked_bike,2021-04-19 13:24:16,2021-04-19 13:29:55,W 100 St & Manhattan Ave,7538,W 89 St & Columbus Ave,7432,40.795,-73.9645,40.7882213,-73.97041561,member
1484850,4AC15468FF4660B2,docked_bike,2021-04-29 05:32:00,2021-04-29 05:41:32,W 100 St & Manhattan Ave,7538,Broadway & W 122 St,7783,40.795,-73.9645,40.8120562,-73.9612547,member
1484853,5569259BC509F0DE,docked_bike,2021-04-19 11:59:08,2021-04-19 12:04:26,W 100 St & Manhattan Ave,7538,W 89 St & Columbus Ave,7432,40.795,-73.9645,40.7882213,-73.97041561,member
1484855,78FC50C0A73D1DA6,docked_bike,2021-04-12 12:31:15,2021-04-12 13:05:13,W 100 St & Manhattan Ave,7538,W 34 St & 11 Ave,6578,40.795,-73.9645,40.75594159,-74.0021163,member
1484857,3516C7FDC4860444,docked_bike,2021-04-29 16:08:43,2021-04-29 16:22:34,W 100 St & Manhattan Ave,7538,Broadway & W 122 St,7783,40.795,-73.9645,40.8120562,-73.9612547,member
1484867,104C322EF13B9BF9,docked_bike,2021-04-29 17:33:32,2021-04-29 17:51:58,W 100 St & Manhattan Ave,7538,W 89 St & Columbus Ave,7432,40.795,-73.9645,40.7882213,-73.97041561,member
1484870,2434160EE4C008D4,docked_bike,2021-04-30 12:29:20,2021-04-30 12:36:57,W 100 St & Manhattan Ave,7538,W 89 St & Columbus Ave,7432,40.795,-73.9645,40.7882213,-73.97041561,member
1484873,1170A94C289BAC49,docked_bike,2021-04-08 05:30:57,2021-04-08 05:39:23,W 100 St & Manhattan Ave,7538,Broadway & W 122 St,7783,40.795,-73.9645,40.8120562,-73.9612547,member
1484874,C18EEAEF4F441977,docked_bike,2021-04-01 05:26:43,2021-04-01 05:34:06,W 100 St & Manhattan Ave,7538,Broadway & W 122 St,7783,40.795,-73.9645,40.8120562,-73.9612547,member
1484875,7D84AAA4AE3A6065,docked_bike,2021-04-17 21:36:30,2021-04-17 21:41:44,W 100 St & Manhattan Ave,7538,W 89 St & Columbus Ave,7432,40.795,-73.9645,40.7882213,-73.97041561,member
1495338,63AA57D010D7EF2D,docked_bike,2021-04-24 16:16:29,2021-04-24 16:37:17,W 100 St & Manhattan Ave,7538,Amsterdam Ave & W 167 St,8206,40.795,-73.9645,40.839443,-73.937044,member
1495429,E1F250509F7AE618,docked_bike,2021-04-24 16:16:17,2021-04-24 16:37:14,W 100 St & Manhattan Ave,7538,Amsterdam Ave & W 167 St,8206,40.795,-73.9645,40.839443,-73.937044,member
1510691,2813A1FAB7605AF7,docked_bike,2021-04-13 17:06:12,2021-04-13 17:28:41,W 100 St & Manhattan Ave,7538,Pleasant Ave & E 116 St,7450,40.795,-73.9645,40.7949879,-73.9333349,member
1510693,0CEB7910318F37AE,docked_bike,2021-04-17 14:59:28,2021-04-17 15:19:35,W 100 St & Manhattan Ave,7538,Pleasant Ave & E 116 St,7450,40.795,-73.9645,40.7949879,-73.9333349,member
1510705,D8E0017EB86D0C8B,docked_bike,2021-04-21 10:17:44,2021-04-21 10:46:44,W 100 St & Manhattan Ave,7538,E 44 St & Lexington Ave,6464,40.795,-73.9645,40.752643,-73.974996,member
1510720,D1B19B598D90911C,docked_bike,2021-04-21 08:35:17,2021-04-21 08:45:38,W 100 St & Manhattan Ave,7538,W 74 St & Columbus Ave,7230,40.795,-73.9645,40.7785669,-73.97754961,member
1510722,E7FD41AAA9B6DD61,docked_bike,2021-04-30 10:05:48,2021-04-30 10:23:32,W 100 St & Manhattan Ave,7538,Pleasant Ave & E 116 St,7450,40.795,-73.9645,40.7949879,-73.9333349,member
1510745,AAA25EBF985F2C35,docked_bike,2021-04-20 09:30:30,2021-04-20 10:05:26,W 100 St & Manhattan Ave,7538,E 44 St & Lexington Ave,6464,40.795,-73.9645,40.752643,-73.974996,casual
1510746,ACD9081C31447433,docked_bike,2021-04-20 18:29:26,2021-04-20 18:48:32,W 100 St & Manhattan Ave,7538,Pleasant Ave & E 116 St,7450,40.795,-73.9645,40.7949879,-73.9333349,member
1513268,8C4B58BFD87BF3DD,docked_bike,2021-04-17 13:03:29,2021-04-17 13:12:01,Central Park W & W 97 St,7538,W 74 St & Columbus Ave,7230,40.792495,-73.96417,40.7785669,-73.97754961,casual
1520812,1208978E47E701B3,docked_bike,2021-04-20 18:28:44,2021-04-20 18:48:33,W 100 St & Manhattan Ave,7538,Pleasant Ave & E 116 St,7450,40.795,-73.9645,40.7949879,-73.9333349,member
1520814,6549C54710DAF2B3,docked_bike,2021-04-19 17:24:20,2021-04-19 17:56:40,W 100 St & Manhattan Ave,7538,E 44 St & Lexington Ave,6464,40.795,-73.9645,40.752643,-73.974996,casual
1520819,C159184F965FF147,docked_bike,2021-04-16 18:08:35,2021-04-16 18:27:49,W 100 St & Manhattan Ave,7538,W 74 St & Columbus Ave,7230,40.795,-73.9645,40.7785669,-73.97754961,member
1520872,C93F7381248767CF,docked_bike,2021-04-24 20:01:11,2021-04-24 20:13:43,W 100 St & Manhattan Ave,7538,W 74 St & Columbus Ave,7230,40.795,-73.9645,40.7785669,-73.97754961,member
1520875,070292586A829154,docked_bike,2021-04-08 12:24:49,2021-04-08 12:35:54,W 100 St & Manhattan Ave,7538,W 74 St & Columbus Ave,7230,40.795,-73.9645,40.7785669,-73.97754961,member
1520930,1B38CA6401262EE1,docked_bike,2021-04-10 22:33:09,2021-04-10 22:43:10,W 100 St & Manhattan Ave,7538,W 74 St & Columbus Ave,7230,40.795,-73.9645,40.7785669,-73.97754961,member
1524492,D84129D7F1E84541,docked_bike,2021-04-24 15:41:51,2021-04-24 16:40:44,Central Park W & W 97 St,7538,Clark St & Henry St,4789,40.792495,-73.96417,40.69760127,-73.99344559,member
1524495,555463C868EFA8DE,docked_bike,2021-04-17 16:41:52,2021-04-17 16:41:50,Central Park W & W 97 St,7538,W 74 St & Columbus Ave,7230,40.792495,-73.96417,40.7785669,-73.97754961,casual
1524515,B207E6A194B33B38,docked_bike,2021-04-25 15:12:03,2021-04-25 15:28:46,Central Park W & W 97 St,7538,Pleasant Ave & E 116 St,7450,40.792495,-73.96417,40.7949879,-73.9333349,member
1524516,B53EBF5EB921D067,docked_bike,2021-04-30 13:45:26,2021-04-30 13:58:08,Central Park W & W 97 St,7538,Pleasant Ave & E 116 St,7450,40.792495,-73.96417,40.7949879,-73.9333349,member
1524517,14E653623C6F6AD9,docked_bike,2021-04-24 14:19:40,2021-04-24 15:04:13,Central Park W & W 97 St,7538,W 31 St & 7 Ave,6331,40.792495,-73.96417,40.749156,-73.9916,member
1524528,C937769C3A7548CC,docked_bike,2021-04-03 15:08:56,2021-04-03 15:40:01,Central Park W & W 97 St,7538,E 44 St & Lexington Ave,6464,40.792495,-73.96417,40.752643,-73.974996,member
1524536,2A2B0CBFB6CF2D35,docked_bike,2021-04-13 14:58:49,2021-04-13 15:38:33,Central Park W & W 97 St,7538,Fort Washington Ave & W 173 St,8320,40.792495,-73.96417,40.84522,-73.940493,casual
1524543,B4DB2E24DE26D1ED,docked_bike,2021-04-08 08:33:19,2021-04-08 08:54:29,Central Park W & W 97 St,7538,Pleasant Ave & E 116 St,7450,40.792495,-73.96417,40.7949879,-73.9333349,member
1524563,0F20021E9F358F01,docked_bike,2021-04-24 15:06:32,2021-04-24 15:17:58,Central Park W & W 97 St,7538,W 74 St & Columbus Ave,7230,40.792495,-73.96417,40.7785669,-73.97754961,member
1524567,7541A6BA179681E8,docked_bike,2021-04-27 19:55:37,2021-04-27 20:07:16,Central Park W & W 97 St,7538,W 74 St & Columbus Ave,7230,40.792495,-73.96417,40.7785669,-73.97754961,member
1524568,59FEC061F27BA3DB,docked_bike,2021-04-10 15:39:44,2021-04-10 15:51:33,Central Park W & W 97 St,7538,W 74 St & Columbus Ave,7230,40.792495,-73.96417,40.7785669,-73.97754961,member
1524577,C10514F741CAB657,docked_bike,2021-04-04 16:05:22,2021-04-04 16:29:38,Central Park W & W 97 St,7538,E 44 St & Lexington Ave,6464,40.792495,-73.96417,40.752643,-73.974996,member
1524585,2565724DF66DE9FB,docked_bike,2021-04-05 19:32:35,2021-04-05 19:43:00,Central Park W & W 97 St,7538,W 74 St & Columbus Ave,7230,40.792495,-73.96417,40.7785669,-73.97754961,member
1524588,DF9D80FBE6F79EDF,docked_bike,2021-04-10 18:10:50,2021-04-10 18:25:06,Central Park W & W 97 St,7538,W 74 St & Columbus Ave,7230,40.792495,-73.96417,40.7785669,-73.97754961,member
1524646,CEAE8015A3889A3E,docked_bike,2021-04-12 19:46:14,2021-04-12 19:54:06,Central Park W & W 97 St,7538,W 74 St & Columbus Ave,7230,40.792495,-73.96417,40.7785669,-73.97754961,member
1524651,677A5FBB9969D7CB,docked_bike,2021-04-06 09:11:53,2021-04-06 09:31:11,Central Park W & W 97 St,7538,W 31 St & 7 Ave,6331,40.792495,-73.96417,40.749156,-73.9916,member
1524658,F6A40EE642667A76,docked_bike,2021-04-19 15:24:04,2021-04-19 15:45:33,Central Park W & W 97 St,7538,Pleasant Ave & E 116 St,7450,40.792495,-73.96417,40.7949879,-73.9333349,casual
1524667,4DBD64DAFB46ADBF,docked_bike,2021-04-21 08:47:26,2021-04-21 08:58:58,Central Park W & W 97 St,7538,Adam Clayton Powell Blvd & W 132 St,7814,40.792495,-73.96417,40.813539,-73.94521,member
1524681,6574272DBA8F7523,docked_bike,2021-04-17 14:31:38,2021-04-17 14:31:32,Central Park W & W 97 St,7538,W 74 St & Columbus Ave,7230,40.792495,-73.96417,40.7785669,-73.97754961,member
1524682,104F18EC1A1BBBA3,docked_bike,2021-04-18 14:57:22,2021-04-18 15:09:39,Central Park W & W 97 St,7538,W 74 St & Columbus Ave,7230,40.792495,-73.96417,40.7785669,-73.97754961,member
1524683,0A6BDA76FB4BBD9C,docked_bike,2021-04-17 13:04:21,2021-04-17 13:04:17,Central Park W & W 97 St,7538,W 74 St & Columbus Ave,7230,40.792495,-73.96417,40.7785669,-73.97754961,casual
1524693,A733D7DEC2505FF2,docked_bike,2021-04-20 11:41:38,2021-04-20 11:52:05,Central Park W & W 97 St,7538,W 74 St & Columbus Ave,7230,40.792495,-73.96417,40.7785669,-73.97754961,member
1524696,5028E45E327639D8,docked_bike,2021-04-23 19:15:48,2021-04-23 19:26:45,Central Park W & W 97 St,7538,W 74 St & Columbus Ave,7230,40.792495,-73.96417,40.7785669,-73.97754961,member
1524698,05968E7949A3E56B,docked_bike,2021-04-17 16:41:56,2021-04-17 16:41:53,Central Park W & W 97 St,7538,W 74 St & Columbus Ave,7230,40.792495,-73.96417,40.7785669,-73.97754961,casual
1524710,9DCE9B4A2012280F,docked_bike,2021-04-04 17:36:38,2021-04-04 17:50:24,Central Park W & W 97 St,7538,W 74 St & Columbus Ave,7230,40.792495,-73.96417,40.7785669,-73.97754961,casual
1524741,FE41E3E8D07CB821,docked_bike,2021-04-06 12:00:14,2021-04-06 12:11:57,Central Park W & W 97 St,7538,W 74 St & Columbus Ave,7230,40.792495,-73.96417,40.7785669,-73.97754961,member
1524751,5D3CFF15AB9D55BD,docked_bike,2021-04-16 08:32:51,2021-04-16 08:44:11,Central Park W & W 97 St,7538,Adam Clayton Powell Blvd & W 132 St,7814,40.792495,-73.96417,40.813539,-73.94521,casual
1524752,A444749FAD0202B6,docked_bike,2021-04-20 11:42:02,2021-04-20 11:52:10,Central Park W & W 97 St,7538,W 74 St & Columbus Ave,7230,40.792495,-73.96417,40.7785669,-73.97754961,member
1524775,EACA99D113CD541A,docked_bike,2021-04-28 07:05:17,2021-04-28 07:33:39,Central Park W & W 97 St,7538,Vernon Blvd & 47 Rd,6212,40.792495,-73.96417,40.7449067,-73.9534573,member
1524776,BCA626291CA49605,docked_bike,2021-04-19 10:54:53,2021-04-19 11:15:15,Central Park W & W 97 St,7538,E 44 St & Lexington Ave,6464,40.792495,-73.96417,40.752643,-73.974996,casual
1524781,0A6327D8588CE46D,docked_bike,2021-04-23 09:10:14,2021-04-23 09:22:58,Central Park W & W 97 St,7538,W 74 St & Columbus Ave,7230,40.792495,-73.96417,40.7785669,-73.97754961,member
1524783,AD71EF062BB5E925,docked_bike,2021-04-04 11:11:18,2021-04-04 11:26:37,Central Park W & W 97 St,7538,Adam Clayton Powell Blvd & W 132 St,7814,40.792495,-73.96417,40.813539,-73.94521,member
1524786,84F9DD7B30F4C2AA,docked_bike,2021-04-11 13:40:45,2021-04-11 13:53:59,Central Park W & W 97 St,7538,Adam Clayton Powell Blvd & W 132 St,7814,40.792495,-73.96417,40.813539,-73.94521,member
1524788,5F7A5C1B78D5A6F7,docked_bike,2021-04-17 16:02:48,2021-04-17 16:02:41,Central Park W & W 97 St,7538,W 74 St & Columbus Ave,7230,40.792495,-73.96417,40.7785669,-73.97754961,member
1524837,789B18BD75E529F7,docked_bike,2021-04-23 09:10:24,2021-04-23 09:22:54,Central Park W & W 97 St,7538,W 74 St & Columbus Ave,7230,40.792495,-73.96417,40.7785669,-73.97754961,member
1524838,1824DFD8B3DDEB27,docked_bike,2021-04-04 13:19:49,2021-04-04 13:50:10,Central Park W & W 97 St,7538,E 44 St & Lexington Ave,6464,40.792495,-73.96417,40.752643,-73.974996,casual
1524839,9AA77C582202BC87,docked_bike,2021-04-18 15:35:48,2021-04-18 15:58:56,Central Park W & W 97 St,7538,Adam Clayton Powell Blvd & W 132 St,7814,40.792495,-73.964171,40.813539,-73.94521,member
1524857,2EDFE096AF7D4EE0,docked_bike,2021-04-30 10:48:24,2021-04-30 10:55:49,Central Park W & W 97 St,7538,W 74 St & Columbus Ave,7230,40.792495,-73.96417,40.7785669,-73.97754961,member
1525844,505B3CF63E1AEB2B,docked_bike,2021-04-18 18:09:25,2021-04-18 18:19:26,Central Park W & W 97 St,7538,W 74 St & Columbus Ave,7230,40.792495,-73.96417,40.7785669,-73.97754961,member
1525880,94F49ECC79831A35,docked_bike,2021-04-28 19:49:48,2021-04-28 19:57:01,Central Park W & W 97 St,7538,W 74 St & Columbus Ave,7230,40.792495,-73.96417,40.7785669,-73.97754961,member
1525888,6B271695CFA6AAF3,docked_bike,2021-04-25 13:43:39,2021-04-25 13:51:07,Central Park W & W 97 St,7538,W 74 St & Columbus Ave,7230,40.792495,-73.96417,40.7785669,-73.97754961,member
1525954,C0DCC3CD32E06D80,docked_bike,2021-04-25 19:54:35,2021-04-25 20:19:45,Central Park W & W 97 St,7538,W 74 St & Columbus Ave,7230,40.792495,-73.96417,40.7785669,-73.97754961,casual
1525968,31443D0A608EDB1F,docked_bike,2021-04-24 14:19:14,2021-04-24 15:04:21,Central Park W & W 97 St,7538,W 31 St & 7 Ave,6331,40.792495,-73.96417,40.749156,-73.9916,member
1532153,3E8A8A0F1CF37B01,docked_bike,2021-04-17 19:59:59,2021-04-17 20:20:17,W 100 St & Manhattan Ave,7538,8 Ave & W 52 St,6816,40.795,-73.9645,40.76370739,-73.9851615,member
1532181,87C246626C81361B,docked_bike,2021-04-16 15:34:01,2021-04-16 15:48:19,W 100 St & Manhattan Ave,7538,E 53 St & Madison Ave,6659,40.795,-73.9645,40.7597108,-73.97402311,member
1532183,18BF6ADF75C94ADF,docked_bike,2021-04-18 16:01:59,2021-04-18 17:05:11,W 100 St & Manhattan Ave,7538,Amsterdam Ave & W 125 St,7800,40.795,-73.9645,40.813358,-73.956461,member
1532206,C255398FC0E7208E,docked_bike,2021-04-14 19:29:43,2021-04-14 19:47:51,W 100 St & Manhattan Ave,7538,8 Ave & W 52 St,6816,40.795,-73.9645,40.76370739,-73.9851615,member
1532226,8F42CB7BC290F097,docked_bike,2021-04-27 16:23:24,2021-04-27 17:15:02,W 100 St & Manhattan Ave,7538,Lincoln Ave & E 138 St,7744,40.795,-73.9645,40.810893,-73.927311,casual
1532230,DA98E56BF62E69D6,docked_bike,2021-04-15 11:23:59,2021-04-15 11:45:11,W 100 St & Manhattan Ave,7538,E 53 St & Madison Ave,6659,40.795,-73.9645,40.7597108,-73.97402311,member
1532233,FB7687D80A45C1BB,docked_bike,2021-04-27 16:02:56,2021-04-27 16:19:01,W 100 St & Manhattan Ave,7538,8 Ave & W 52 St,6816,40.795,-73.9645,40.763707,-73.985162,member
1532236,9245D05A858B4914,docked_bike,2021-04-19 15:43:24,2021-04-19 15:51:04,W 100 St & Manhattan Ave,7538,Amsterdam Ave & W 125 St,7800,40.795,-73.9645,40.813358,-73.956461,casual
1532239,44DE9EFB019C9642,docked_bike,2021-04-08 08:01:02,2021-04-08 08:07:45,W 100 St & Manhattan Ave,7538,Amsterdam Ave & W 125 St,7800,40.795,-73.9645,40.813358,-73.956461,member
1532245,7282D2DF5599B7F6,docked_bike,2021-04-17 19:58:49,2021-04-17 20:20:18,W 100 St & Manhattan Ave,7538,8 Ave & W 52 St,6816,40.795,-73.9645,40.76370739,-73.9851615,member
1541543,C8E946F6744676CE,docked_bike,2021-04-20 15:38:48,2021-04-20 15:46:50,W 100 St & Manhattan Ave,7538,Amsterdam Ave & W 125 St,7800,40.795,-73.9645,40.813358,-73.956461,casual
1541584,1A12B551040FB96C,docked_bike,2021-04-17 18:58:29,2021-04-17 19:10:53,W 100 St & Manhattan Ave,7538,Amsterdam Ave & W 125 St,7800,40.795,-73.9645,40.813358,-73.956461,casual
1541926,D15074531C6C5493,docked_bike,2021-04-23 18:40:28,2021-04-23 18:51:43,W 100 St & Manhattan Ave,7538,Amsterdam Ave & W 125 St,7800,40.795,-73.9645,40.813358,-73.956461,member
1541927,B80CB88AA8F277BE,docked_bike,2021-04-13 18:46:04,2021-04-13 18:54:16,W 100 St & Manhattan Ave,7538,Amsterdam Ave & W 125 St,7800,40.795,-73.9645,40.813358,-73.956461,member
1541928,52BC6B37B3B638B9,docked_bike,2021-04-07 21:17:32,2021-04-07 22:06:18,W 100 St & Manhattan Ave,7538,Stagg St & Union Ave,5117,40.795,-73.9645,40.70877084,-73.95095259,member
1542946,D0A917122D0C77BE,docked_bike,2021-04-18 15:37:46,2021-04-18 15:50:30,W 100 St & Manhattan Ave,7538,Amsterdam Ave & W 125 St,7800,40.795,-73.9645,40.813358,-73.956461,member
1543718,3D124157910C6458,docked_bike,2021-04-16 11:49:57,2021-04-16 12:19:18,Central Park W & W 97 St,7538,8 Ave & W 52 St,6816,40.792495,-73.96417,40.76370739,-73.9851615,casual
1543721,AA807BA9B97F6605,docked_bike,2021-04-16 11:52:51,2021-04-16 12:24:57,Central Park W & W 97 St,7538,8 Ave & W 52 St,6816,40.792495,-73.96417,40.76370739,-73.9851615,casual
1543771,05966E3612C35BFF,docked_bike,2021-04-04 16:01:06,2021-04-04 16:21:16,Central Park W & W 97 St,7538,8 Ave & W 52 St,6816,40.792495,-73.96417,40.76370739,-73.9851615,member
1543775,917EDE554F1222D2,docked_bike,2021-04-21 18:24:30,2021-04-21 18:39:21,Central Park W & W 97 St,7538,8 Ave & W 52 St,6816,40.792495,-73.96417,40.76370739,-73.9851615,member
1543814,165E39C7F231B634,docked_bike,2021-04-16 14:56:05,2021-04-16 15:10:28,Central Park W & W 97 St,7538,E 53 St & Madison Ave,6659,40.792495,-73.96417,40.7597108,-73.97402311,member
1543817,5490BE1727AEAF9F,docked_bike,2021-04-08 19:59:54,2021-04-09 16:43:07,Central Park W & W 97 St,7538,Lenox Ave & W 130 St,7753,40.792495,-73.96417,40.8107922,-73.9430681,casual
1543838,B661D724B78FD1D2,docked_bike,2021-04-06 13:13:09,2021-04-06 13:39:11,Central Park W & W 97 St,7538,8 Ave & W 52 St,6816,40.792495,-73.96417,40.76370739,-73.9851615,casual
1543839,EFDC4C4CEAB4DEF9,docked_bike,2021-04-18 16:30:16,2021-04-18 16:41:21,Central Park W & W 97 St,7538,Lenox Ave & W 130 St,7753,40.792495,-73.96417,40.8107922,-73.9430681,member
1543858,5C1A43E383033C81,docked_bike,2021-04-07 19:04:52,2021-04-07 19:20:43,Central Park W & W 97 St,7538,Lenox Ave & W 130 St,7753,40.792495,-73.96417,40.8107922,-73.9430681,member
1543859,9C58E04DB8D8A8D2,docked_bike,2021-04-05 09:22:35,2021-04-05 09:34:27,Central Park W & W 97 St,7538,Lenox Ave & W 130 St,7753,40.792495,-73.96417,40.8107922,-73.9430681,member
1543871,42B06E3F2C261D2B,docked_bike,2021-04-20 09:23:41,2021-04-20 09:35:26,Central Park W & W 97 St,7538,Amsterdam Ave & W 125 St,7800,40.792495,-73.96417,40.813358,-73.956461,member
1543876,072E062D356B1F29,docked_bike,2021-04-27 16:36:40,2021-04-27 17:09:15,Central Park W & W 97 St,7538,Lenox Ave & W 130 St,7753,40.792495,-73.96417,40.8107922,-73.9430681,member
1543894,E12EF008881A0BC2,docked_bike,2021-04-17 18:06:30,2021-04-17 18:06:24,Central Park W & W 97 St,7538,E 53 St & Madison Ave,6659,40.792495,-73.96417,40.7597108,-73.97402311,member
1543910,4A5F2EC7DBADF1A2,docked_bike,2021-04-25 15:00:50,2021-04-25 15:15:57,Central Park W & W 97 St,7538,8 Ave & W 52 St,6816,40.792495,-73.96417,40.76370739,-73.9851615,casual
1543921,A4CD1578E835297F,docked_bike,2021-04-07 21:05:17,2021-04-07 21:14:14,Central Park W & W 97 St,7538,Amsterdam Ave & W 125 St,7800,40.792495,-73.96417,40.813358,-73.956461,casual
1543924,B3A7F97417D9548C,docked_bike,2021-04-19 17:30:17,2021-04-19 17:44:09,Central Park W & W 97 St,7538,8 Ave & W 52 St,6816,40.792495,-73.96417,40.76370739,-73.9851615,member
1543933,E3ED78C083B92020,docked_bike,2021-04-10 15:04:12,2021-04-10 15:27:00,Central Park W & W 97 St,7538,E 53 St & Madison Ave,6659,40.792495,-73.96417,40.7597108,-73.97402311,member
1543935,C7D7198A1022AF40,docked_bike,2021-04-30 09:06:47,2021-04-30 09:22:00,Central Park W & W 97 St,7538,E 53 St & Madison Ave,6659,40.792495,-73.96417,40.7597108,-73.97402311,casual
1543941,82DD0304A9385CE5,docked_bike,2021-04-04 11:19:40,2021-04-04 11:57:09,Central Park W & W 97 St,7538,Pier 40 - Hudson River Park,5696,40.792495,-73.96417,40.7277140777778,-74.01129573583603,member
1543947,0105A8AAABF74A58,docked_bike,2021-04-18 15:57:33,2021-04-18 16:32:51,Central Park W & W 97 St,7538,8 Ave & W 52 St,6816,40.792495,-73.964171,40.763707,-73.985162,casual
1543953,5E3428D761F0F651,docked_bike,2021-04-06 16:28:24,2021-04-06 16:45:40,Central Park W & W 97 St,7538,8 Ave & W 52 St,6816,40.792495,-73.96417,40.76370739,-73.9851615,member
1543955,A2C5C3829CF4EBF2,docked_bike,2021-04-17 18:05:41,2021-04-17 18:05:28,Central Park W & W 97 St,7538,E 53 St & Madison Ave,6659,40.792495,-73.96417,40.7597108,-73.97402311,member
1543960,F9480D1272FE2403,docked_bike,2021-04-16 11:53:15,2021-04-16 12:25:04,Central Park W & W 97 St,7538,8 Ave & W 52 St,6816,40.792495,-73.96417,40.76370739,-73.9851615,casual
1543978,57DCA67E562CDB05,docked_bike,2021-04-07 19:05:37,2021-04-07 19:20:46,Central Park W & W 97 St,7538,Lenox Ave & W 130 St,7753,40.792495,-73.96417,40.8107922,-73.9430681,casual
1543984,038E4AC7F074D6B1,docked_bike,2021-04-10 15:04:12,2021-04-10 15:27:10,Central Park W & W 97 St,7538,E 53 St & Madison Ave,6659,40.792495,-73.96417,40.7597108,-73.97402311,member
1543999,1430F2F73703EB6E,docked_bike,2021-04-16 11:53:09,2021-04-16 12:25:41,Central Park W & W 97 St,7538,8 Ave & W 52 St,6816,40.792495,-73.96417,40.76370739,-73.9851615,casual
1544005,38A2894957C55AAD,docked_bike,2021-04-04 16:00:48,2021-04-04 16:21:17,Central Park W & W 97 St,7538,8 Ave & W 52 St,6816,40.792495,-73.96417,40.76370739,-73.9851615,member
1544047,CE74E267A9AE74CF,docked_bike,2021-04-06 13:12:51,2021-04-06 13:39:06,Central Park W & W 97 St,7538,8 Ave & W 52 St,6816,40.792495,-73.96417,40.76370739,-73.9851615,casual
1544090,436508A5FE7F6C57,docked_bike,2021-04-19 10:48:19,2021-04-19 11:06:53,Central Park W & W 97 St,7538,E 53 St & Madison Ave,6659,40.792495,-73.96417,40.7597108,-73.97402311,member
1544156,F9492068FBFA81E1,docked_bike,2021-04-05 17:03:02,2021-04-05 17:25:50,Central Park W & W 97 St,7538,Lenox Ave & W 130 St,7753,40.792495,-73.96417,40.8107922,-73.9430681,member
1544159,7444980DCEEEDECD,docked_bike,2021-04-17 11:46:53,2021-04-17 12:14:43,Central Park W & W 97 St,7538,E 53 St & Madison Ave,6659,40.792495,-73.96417,40.7597108,-73.97402311,member
1544168,1FE1BC0C11E665C5,docked_bike,2021-04-10 13:08:40,2021-04-10 13:40:08,Central Park W & W 97 St,7538,Pier 40 - Hudson River Park,5696,40.792495,-73.96417,40.7277140777778,-74.01129573583603,member
1544176,35F246D6CDBA9CC6,docked_bike,2021-04-14 11:13:55,2021-04-14 11:33:06,Central Park W & W 97 St,7538,E 53 St & Madison Ave,6659,40.792495,-73.96417,40.7597108,-73.97402311,member
1544184,DC05CE7F385C69BC,docked_bike,2021-04-16 11:53:53,2021-04-16 12:25:45,Central Park W & W 97 St,7538,8 Ave & W 52 St,6816,40.792495,-73.96417,40.76370739,-73.9851615,casual
1544198,FE122F40DE7BFDC1,docked_bike,2021-04-06 13:12:51,2021-04-06 13:39:18,Central Park W & W 97 St,7538,8 Ave & W 52 St,6816,40.792495,-73.96417,40.76370739,-73.9851615,casual
1544204,C85ED03EC9B19BB4,docked_bike,2021-04-04 10:29:48,2021-04-04 11:00:05,Central Park W & W 97 St,7538,Pier 40 - Hudson River Park,5696,40.792495,-73.96417,40.7277140777778,-74.01129573583603,member
1546304,2CA05A8FFA26EC35,docked_bike,2021-04-26 10:16:32,2021-04-26 10:33:54,Central Park W & W 97 St,7538,Lenox Ave & W 130 St,7753,40.792495,-73.96417,40.8107922,-73.9430681,casual
1546308,55A45438C952BD12,docked_bike,2021-04-05 13:54:17,2021-04-05 14:26:47,Central Park W & W 97 St,7538,Pier 40 - Hudson River Park,5696,40.792495,-73.96417,40.7277140777778,-74.01129573583603,casual
1546323,A3228AF47305B283,docked_bike,2021-04-16 11:52:59,2021-04-16 12:26:24,Central Park W & W 97 St,7538,8 Ave & W 52 St,6816,40.792495,-73.96417,40.76370739,-73.9851615,casual
1546326,FF924E26175165D3,docked_bike,2021-04-13 19:00:11,2021-04-13 19:14:21,Central Park W & W 97 St,7538,8 Ave & W 52 St,6816,40.792495,-73.96417,40.76370739,-73.9851615,member
1546471,AFE44E4DC17DAE95,docked_bike,2021-04-04 17:32:31,2021-04-04 17:51:20,Central Park W & W 97 St,7538,8 Ave & W 52 St,6816,40.792495,-73.96417,40.76370739,-73.9851615,casual
1546474,1D96BD54F758DC99,docked_bike,2021-04-06 13:12:59,2021-04-06 13:39:01,Central Park W & W 97 St,7538,8 Ave & W 52 St,6816,40.792495,-73.96417,40.76370739,-73.9851615,casual
1546478,AB348303AA981139,docked_bike,2021-04-04 17:32:16,2021-04-04 17:51:17,Central Park W & W 97 St,7538,8 Ave & W 52 St,6816,40.792495,-73.96417,40.76370739,-73.9851615,casual
1550729,E8FA07A5901CF2A8,docked_bike,2021-04-06 16:27:11,2021-04-06 16:45:58,Central Park W & W 97 St,7538,8 Ave & W 52 St,6816,40.792495,-73.96417,40.76370739,-73.9851615,member
1559070,CED39A0BFD60FA5A,docked_bike,2021-04-17 17:23:40,2021-04-17 17:23:37,Central Park W & W 97 St,7538,West End Ave & W 94 St,7524,40.792495,-73.96417,40.7941654,-73.974124,member
1559071,B03D98A5D74C0D80,docked_bike,2021-04-04 16:19:59,2021-04-04 16:23:55,Central Park W & W 97 St,7538,West End Ave & W 94 St,7524,40.792495,-73.96417,40.7941654,-73.974124,member
1559075,AADFEE1B07F1D3C7,docked_bike,2021-04-02 20:02:03,2021-04-02 20:06:54,Central Park W & W 97 St,7538,West End Ave & W 94 St,7524,40.792495,-73.96417,40.7941654,-73.974124,member
1559077,D4C2F493C92DB391,docked_bike,2021-04-16 13:53:16,2021-04-16 13:58:35,Central Park W & W 97 St,7538,West End Ave & W 94 St,7524,40.792495,-73.96417,40.7941654,-73.974124,member
1559128,A5A4817ECD948A2B,docked_bike,2021-04-08 15:23:42,2021-04-08 15:32:35,Central Park W & W 97 St,7538,St Nicholas Ave & Manhattan Ave,7723,40.792495,-73.96417,40.809725,-73.953149,casual
1559133,A5DDCBFA79D5AC2C,docked_bike,2021-04-06 14:17:00,2021-04-06 14:40:13,Central Park W & W 97 St,7538,St Nicholas Ave & Manhattan Ave,7723,40.792495,-73.96417,40.809725,-73.953149,casual
1559135,D474A52E6B716288,docked_bike,2021-04-23 19:06:11,2021-04-23 19:13:08,Central Park W & W 97 St,7538,St Nicholas Ave & Manhattan Ave,7723,40.792495,-73.96417,40.809725,-73.953149,member
1559147,D9E6D15E58831E52,docked_bike,2021-04-18 12:16:01,2021-04-18 12:31:20,Central Park W & W 97 St,7538,Riverside Dr & W 78 St,7340,40.792495,-73.96417,40.78414472,-73.98362492,member
1559153,1A7724C2895D92A9,docked_bike,2021-04-24 13:27:35,2021-04-24 14:18:41,Central Park W & W 97 St,7538,Laight St & Hudson St,5539,40.792495,-73.96417,40.72185379,-74.00771779,member
1559155,18AC3D4C828EC043,docked_bike,2021-04-06 17:18:06,2021-04-06 17:23:42,Central Park W & W 97 St,7538,West End Ave & W 94 St,7524,40.792495,-73.96417,40.7941654,-73.974124,member
1559159,506AE7D1A38CFC8A,docked_bike,2021-04-08 13:41:22,2021-04-08 14:09:35,Central Park W & W 97 St,7538,W 54 St & 9 Ave,6920,40.792495,-73.96417,40.76584941,-73.98690506,casual
1559160,7EA242546F9441AC,docked_bike,2021-04-16 19:56:46,2021-04-16 20:17:20,Central Park W & W 97 St,7538,West End Ave & W 94 St,7524,40.792495,-73.96417,40.7941654,-73.974124,member
1559162,7D0B5AA3A18D2C1D,docked_bike,2021-04-01 00:41:21,2021-04-01 01:28:31,Central Park W & W 97 St,7538,St Nicholas Ave & Manhattan Ave,7723,40.792495,-73.96417,40.809725,-73.953149,member
1559164,CA3FA3E7110601DB,docked_bike,2021-04-06 09:17:58,2021-04-06 09:38:41,Central Park W & W 97 St,7538,W 54 St & 9 Ave,6920,40.792495,-73.96417,40.76584941,-73.98690506,member
1559165,DBAEFFD615E2E95A,docked_bike,2021-04-12 11:22:08,2021-04-12 11:38:42,Central Park W & W 97 St,7538,W 42 St & 8 Ave,6602,40.792495,-73.964171,40.75757,-73.990985,member
1559166,59E7844835196BAD,docked_bike,2021-04-29 07:50:32,2021-04-29 08:16:13,Central Park W & W 97 St,7538,W 42 St & 8 Ave,6602,40.792495,-73.96417,40.7575699,-73.99098507,member
1559170,CABE6F86E45964FE,docked_bike,2021-04-27 15:03:20,2021-04-27 15:11:04,Central Park W & W 97 St,7538,St Nicholas Ave & Manhattan Ave,7723,40.792495,-73.96417,40.809725,-73.953149,member
1559177,23AD9FAAFD53B911,docked_bike,2021-04-28 17:48:17,2021-04-28 17:57:52,Central Park W & W 97 St,7538,St Nicholas Ave & Manhattan Ave,7723,40.792495,-73.96417,40.809725,-73.953149,member
1559180,30283AE97EC64B32,docked_bike,2021-04-20 19:32:29,2021-04-20 20:00:32,Central Park W & W 97 St,7538,W 42 St & 8 Ave,6602,40.792495,-73.96417,40.7575699,-73.99098507,casual
1559183,525E26AFB2299E6B,docked_bike,2021-04-08 19:08:28,2021-04-08 19:19:45,Central Park W & W 97 St,7538,St Nicholas Ave & Manhattan Ave,7723,40.792495,-73.96417,40.809725,-73.953149,member
1559185,7B610289914CD990,docked_bike,2021-04-13 10:08:02,2021-04-13 10:42:44,Central Park W & W 97 St,7538,W 54 St & 9 Ave,6920,40.792495,-73.96417,40.76584941,-73.98690506,member
1559188,0DA79F80F8F0213B,docked_bike,2021-04-12 09:50:23,2021-04-12 10:00:56,Central Park W & W 97 St,7538,West End Ave & W 94 St,7524,40.792495,-73.96417,40.7941654,-73.974124,member
1559189,A0122B0B615AD75C,docked_bike,2021-04-27 15:10:33,2021-04-27 15:20:57,Central Park W & W 97 St,7538,St Nicholas Ave & Manhattan Ave,7723,40.792495,-73.96417,40.809725,-73.953149,casual
1559192,3A252925B905E14D,docked_bike,2021-04-26 17:50:20,2021-04-26 17:57:25,Central Park W & W 97 St,7538,West End Ave & W 94 St,7524,40.792495,-73.96417,40.7941654,-73.974124,member
1559193,223FD57C05DF01A3,docked_bike,2021-04-06 07:30:33,2021-04-06 07:39:18,Central Park W & W 97 St,7538,St Nicholas Ave & Manhattan Ave,7723,40.792495,-73.96417,40.809725,-73.953149,member
1559194,AEE0F71980ABDF58,docked_bike,2021-04-19 22:03:54,2021-04-19 22:52:36,Central Park W & W 97 St,7538,St Nicholas Ave & Manhattan Ave,7723,40.792495,-73.96417,40.809725,-73.953149,casual
1559197,986BD0A763245A9C,docked_bike,2021-04-14 22:14:28,2021-04-14 22:14:24,Central Park W & W 97 St,7538,St Nicholas Ave & Manhattan Ave,7723,40.792495,-73.96417,40.809725,-73.953149,casual
1559199,EBD975888A93739C,docked_bike,2021-04-13 10:25:15,2021-04-13 10:33:56,Central Park W & W 97 St,7538,St Nicholas Ave & Manhattan Ave,7723,40.792495,-73.96417,40.809725,-73.953149,member
1559204,AF25C804118EEDA5,docked_bike,2021-04-16 21:20:23,2021-04-16 21:26:49,Central Park W & W 97 St,7538,West End Ave & W 94 St,7524,40.792495,-73.96417,40.7941654,-73.974124,member
1559206,7CED431C26CEC663,docked_bike,2021-04-13 15:00:04,2021-04-13 15:20:38,Central Park W & W 97 St,7538,W 42 St & 8 Ave,6602,40.792495,-73.96417,40.7575699,-73.99098507,member
1559208,7D7E4B8D7DAB84A2,docked_bike,2021-04-21 10:01:19,2021-04-21 10:16:57,Central Park W & W 97 St,7538,Riverside Dr & W 78 St,7340,40.792495,-73.96417,40.78414472,-73.98362492,member
1559209,5C2C3C24BA47E92B,docked_bike,2021-04-27 09:19:19,2021-04-27 09:30:15,Central Park W & W 97 St,7538,Riverside Dr & W 78 St,7340,40.792495,-73.96417,40.78414472,-73.98362492,member
1559211,C6231720E07F2474,docked_bike,2021-04-18 17:50:49,2021-04-18 18:08:37,Central Park W & W 97 St,7538,W 42 St & 8 Ave,6602,40.792495,-73.96417,40.7575699,-73.99098507,member
1559216,42FE5466E18A1440,docked_bike,2021-04-26 21:18:50,2021-04-26 21:25:59,Central Park W & W 97 St,7538,St Nicholas Ave & Manhattan Ave,7723,40.792495,-73.96417,40.809725,-73.953149,member
1559217,8DA698F52623CDBF,docked_bike,2021-04-01 12:51:27,2021-04-01 13:00:36,Central Park W & W 97 St,7538,St Nicholas Ave & Manhattan Ave,7723,40.792495,-73.96417,40.809725,-73.953149,member
1559221,1F6123AD60E2476F,docked_bike,2021-04-30 22:05:19,2021-04-30 22:10:19,Central Park W & W 97 St,7538,West End Ave & W 94 St,7524,40.792495,-73.96417,40.7941654,-73.974124,casual
1559224,9C69691894507016,docked_bike,2021-04-10 17:44:04,2021-04-10 18:00:57,Central Park W & W 97 St,7538,Riverside Dr & W 78 St,7340,40.792495,-73.96417,40.78414472,-73.98362492,member
1559229,34A874881B380EB9,docked_bike,2021-04-29 00:37:17,2021-04-29 01:08:15,Central Park W & W 97 St,7538,Harlem River Dr & W 155 St,8085,40.792495,-73.964171,40.830476,-73.939929,casual
1559230,AE79F51AF714E95A,docked_bike,2021-04-27 11:06:24,2021-04-27 11:20:35,Central Park W & W 97 St,7538,Riverside Dr & W 78 St,7340,40.792495,-73.96417,40.78414472,-73.98362492,member
1559266,B416735303A4E7E5,docked_bike,2021-04-20 19:48:44,2021-04-20 19:54:27,W 100 St & Manhattan Ave,7538,West End Ave & W 94 St,7524,40.795,-73.9645,40.7941654,-73.974124,member
1559270,B2840D598CF4F44F,docked_bike,2021-04-13 21:13:24,2021-04-13 21:23:38,W 100 St & Manhattan Ave,7538,Broadway & Moylan Pl,7823,40.795,-73.9645,40.8143256,-73.9590255,casual
1559272,DBC62A8E7508EAA4,docked_bike,2021-04-01 19:37:16,2021-04-01 19:56:16,W 100 St & Manhattan Ave,7538,W 54 St & 9 Ave,6920,40.795,-73.9645,40.76584941,-73.98690506,member
1559279,771D865BC7F89FFB,docked_bike,2021-04-07 18:35:46,2021-04-07 18:43:37,W 100 St & Manhattan Ave,7538,St Nicholas Ave & Manhattan Ave,7723,40.795,-73.9645,40.809725,-73.953149,casual
1559281,4684AED9EF0D12D7,docked_bike,2021-04-18 11:14:59,2021-04-18 11:29:51,W 100 St & Manhattan Ave,7538,Broadway & Moylan Pl,7823,40.795,-73.9645,40.8143256,-73.9590255,member
1559283,CD8AA055440C2452,docked_bike,2021-04-11 15:42:11,2021-04-11 15:47:08,W 100 St & Manhattan Ave,7538,West End Ave & W 94 St,7524,40.795,-73.9645,40.7941654,-73.974124,member
1559284,ECBCE69FED9A48D6,docked_bike,2021-04-25 15:38:46,2021-04-25 15:44:35,W 100 St & Manhattan Ave,7538,West End Ave & W 94 St,7524,40.795,-73.9645,40.7941654,-73.974124,member
1559285,29C74444262AF206,docked_bike,2021-04-05 23:12:54,2021-04-05 23:18:10,W 100 St & Manhattan Ave,7538,West End Ave & W 94 St,7524,40.795,-73.9645,40.7941654,-73.974124,member
1559289,ABB00F980D9BE649,docked_bike,2021-04-19 16:48:46,2021-04-19 17:09:49,W 100 St & Manhattan Ave,7538,W 54 St & 9 Ave,6920,40.795,-73.9645,40.765849,-73.986905,casual
1559292,EE19C4D83EF6778E,docked_bike,2021-04-07 08:28:04,2021-04-07 08:33:32,W 100 St & Manhattan Ave,7538,West End Ave & W 94 St,7524,40.795,-73.9645,40.7941654,-73.974124,member
1559304,9AB0FB88DDD52D3B,docked_bike,2021-04-14 17:56:11,2021-04-14 18:06:09,W 100 St & Manhattan Ave,7538,St Nicholas Ave & Manhattan Ave,7723,40.795,-73.9645,40.809725,-73.953149,member
1559309,580C26BF09A2DEA6,docked_bike,2021-04-11 10:11:39,2021-04-11 10:16:34,W 100 St & Manhattan Ave,7538,West End Ave & W 94 St,7524,40.795,-73.9645,40.7941654,-73.974124,member
1559310,53D442393CE4F61D,docked_bike,2021-04-26 17:22:29,2021-04-26 17:45:32,W 100 St & Manhattan Ave,7538,Riverside Dr & W 78 St,7340,40.795,-73.9645,40.78414472,-73.98362492,casual
1559317,C1811443D69CBD45,docked_bike,2021-04-27 23:08:04,2021-04-27 23:12:39,W 100 St & Manhattan Ave,7538,West End Ave & W 94 St,7524,40.795,-73.9645,40.7941654,-73.974124,member
1559318,C4953E7D93BF0735,docked_bike,2021-04-24 15:27:45,2021-04-24 15:33:54,W 100 St & Manhattan Ave,7538,West End Ave & W 94 St,7524,40.795,-73.9645,40.7941654,-73.974124,member
1559319,CFC6C5F84E06C3B8,docked_bike,2021-04-17 15:31:36,2021-04-17 15:36:29,W 100 St & Manhattan Ave,7538,West End Ave & W 94 St,7524,40.795,-73.9645,40.7941654,-73.974124,member
1559320,07E77AC46D0C10B9,docked_bike,2021-04-23 15:48:00,2021-04-23 15:52:35,W 100 St & Manhattan Ave,7538,West End Ave & W 94 St,7524,40.795,-73.9645,40.7941654,-73.974124,member
1559321,3B7C33A6180B6FDA,docked_bike,2021-04-04 15:40:23,2021-04-04 15:45:36,W 100 St & Manhattan Ave,7538,West End Ave & W 94 St,7524,40.795,-73.9645,40.7941654,-73.974124,member
1559322,6FCA792FD919E76E,docked_bike,2021-04-13 23:13:45,2021-04-13 23:18:50,W 100 St & Manhattan Ave,7538,West End Ave & W 94 St,7524,40.795,-73.9645,40.7941654,-73.974124,member
1559323,A0EBE1DF515146AB,docked_bike,2021-04-02 15:38:58,2021-04-02 15:43:45,W 100 St & Manhattan Ave,7538,West End Ave & W 94 St,7524,40.795,-73.9645,40.7941654,-73.974124,member
1559324,BBAB5CE3E961E55C,docked_bike,2021-04-09 15:44:06,2021-04-09 15:48:32,W 100 St & Manhattan Ave,7538,West End Ave & W 94 St,7524,40.795,-73.9645,40.7941654,-73.974124,member
1559325,97C27CE87AF4E59F,docked_bike,2021-04-19 23:27:45,2021-04-19 23:32:08,W 100 St & Manhattan Ave,7538,West End Ave & W 94 St,7524,40.795,-73.9645,40.7941654,-73.974124,member
1559346,0D19C52A33D6A39B,docked_bike,2021-04-06 23:08:17,2021-04-06 23:13:56,W 100 St & Manhattan Ave,7538,West End Ave & W 94 St,7524,40.795,-73.9645,40.7941654,-73.974124,member
1559347,828E345B2CC06B46,docked_bike,2021-04-26 23:14:11,2021-04-26 23:19:26,W 100 St & Manhattan Ave,7538,West End Ave & W 94 St,7524,40.795,-73.9645,40.7941654,-73.974124,member
1559348,5C2083BBEA3E5949,docked_bike,2021-04-01 15:00:53,2021-04-01 15:11:49,W 100 St & Manhattan Ave,7538,St Nicholas Ave & Manhattan Ave,7723,40.795,-73.9645,40.809725,-73.953149,member
1559349,CD0C7725E5E782AB,docked_bike,2021-04-17 09:43:13,2021-04-17 10:01:01,W 100 St & Manhattan Ave,7538,Broadway & Moylan Pl,7823,40.795,-73.9645,40.8143256,-73.9590255,member
1559350,76E32662FA447219,docked_bike,2021-04-24 19:09:55,2021-04-24 19:21:11,W 100 St & Manhattan Ave,7538,Broadway & Moylan Pl,7823,40.795,-73.9645,40.8143256,-73.9590255,member
1559352,A0A25C950D4DF1D9,docked_bike,2021-04-19 16:48:39,2021-04-19 17:09:49,W 100 St & Manhattan Ave,7538,W 54 St & 9 Ave,6920,40.795,-73.9645,40.76584941,-73.98690506,member
1559357,0262EDE2179C1A24,docked_bike,2021-04-10 03:53:20,2021-04-10 04:03:50,W 100 St & Manhattan Ave,7538,Hamilton Pl & W 138 St,7920,40.795,-73.9645,40.821728,-73.952761,member
1559359,B373AAFD847D41FE,docked_bike,2021-04-07 14:05:15,2021-04-07 14:10:55,W 100 St & Manhattan Ave,7538,West End Ave & W 94 St,7524,40.795,-73.9645,40.7941654,-73.974124,member
1559362,A7C9ADC341B67202,docked_bike,2021-04-06 16:37:38,2021-04-06 16:49:24,W 100 St & Manhattan Ave,7538,Riverside Dr & W 78 St,7340,40.795,-73.9645,40.78414472,-73.98362492,casual
1559366,14B24DC5C158459C,docked_bike,2021-04-10 18:49:19,2021-04-10 19:01:17,W 100 St & Manhattan Ave,7538,St Nicholas Ave & Manhattan Ave,7723,40.795,-73.9645,40.809725,-73.953149,member
1559367,67E0CAF83CCADAB0,docked_bike,2021-04-01 17:42:33,2021-04-01 17:55:52,W 100 St & Manhattan Ave,7538,St Nicholas Ave & Manhattan Ave,7723,40.795,-73.9645,40.809725,-73.953149,member
1559371,2E95E7376607573E,docked_bike,2021-04-16 12:09:08,2021-04-16 12:27:29,W 100 St & Manhattan Ave,7538,W 54 St & 9 Ave,6920,40.795,-73.9645,40.76584941,-73.98690506,member
1559388,7065F3A27D3A347A,docked_bike,2021-04-05 17:15:48,2021-04-05 17:27:11,W 100 St & Manhattan Ave,7538,St Nicholas Ave & Manhattan Ave,7723,40.795,-73.9645,40.809725,-73.953149,member
1559401,C63BFE12F7649193,docked_bike,2021-04-08 19:03:04,2021-04-08 19:09:48,W 100 St & Manhattan Ave,7538,St Nicholas Ave & Manhattan Ave,7723,40.795,-73.9645,40.809725,-73.953149,casual
1559405,808664E3DE57B749,docked_bike,2021-04-29 18:58:15,2021-04-29 19:09:23,W 100 St & Manhattan Ave,7538,St Nicholas Ave & Manhattan Ave,7723,40.795,-73.9645,40.809725,-73.953149,member
1559409,FEA622A80FABF3BE,docked_bike,2021-04-16 15:30:39,2021-04-16 15:37:47,W 100 St & Manhattan Ave,7538,West End Ave & W 94 St,7524,40.795,-73.9645,40.7941654,-73.974124,member
1559410,6D72BDE49ECC7D31,docked_bike,2021-04-10 15:40:54,2021-04-10 15:46:11,W 100 St & Manhattan Ave,7538,West End Ave & W 94 St,7524,40.795,-73.9645,40.7941654,-73.974124,member
1559418,871D5B98CACACBF4,docked_bike,2021-04-20 00:56:42,2021-04-20 01:03:12,W 100 St & Manhattan Ave,7538,St Nicholas Ave & Manhattan Ave,7723,40.795,-73.9645,40.809725,-73.953149,member
1559419,6EE9DFC011A53886,docked_bike,2021-04-06 00:57:38,2021-04-06 01:04:17,W 100 St & Manhattan Ave,7538,St Nicholas Ave & Manhattan Ave,7723,40.795,-73.9645,40.809725,-73.953149,member
1559423,471B7F3AFA0380EF,docked_bike,2021-04-17 19:17:21,2021-04-17 19:25:56,W 100 St & Manhattan Ave,7538,St Nicholas Ave & Manhattan Ave,7723,40.795,-73.9645,40.809725,-73.953149,member
1559432,DBD8C26F3003AF1D,docked_bike,2021-04-07 19:20:39,2021-04-07 19:31:44,W 100 St & Manhattan Ave,7538,Broadway & Moylan Pl,7823,40.795,-73.9645,40.8143256,-73.9590255,member
1559451,2F2A0D6CC8282F44,docked_bike,2021-04-13 12:00:32,2021-04-13 12:23:44,W 100 St & Manhattan Ave,7538,W 54 St & 9 Ave,6920,40.795,-73.9645,40.76584941,-73.98690506,member
1559452,55ACB6E56CF84B9B,docked_bike,2021-04-09 12:09:28,2021-04-09 12:32:33,W 100 St & Manhattan Ave,7538,W 54 St & 9 Ave,6920,40.795,-73.9645,40.76584941,-73.98690506,member
1559453,7C3D51D7E0E323AD,docked_bike,2021-04-07 18:48:45,2021-04-07 18:57:24,W 100 St & Manhattan Ave,7538,St Nicholas Ave & Manhattan Ave,7723,40.795,-73.9645,40.809725,-73.953149,member
1559454,8CFC4172518C79BB,docked_bike,2021-04-19 21:30:05,2021-04-19 21:33:31,W 100 St & Manhattan Ave,7538,West End Ave & W 94 St,7524,40.795,-73.9645,40.7941654,-73.974124,member
1559461,326EE051D39E689B,docked_bike,2021-04-25 00:52:40,2021-04-25 01:08:43,W 100 St & Manhattan Ave,7538,Riverside Dr & W 78 St,7340,40.795,-73.9645,40.78414472,-73.98362492,casual
1559465,522722FE4F5B3277,docked_bike,2021-04-27 19:29:33,2021-04-27 19:36:00,W 100 St & Manhattan Ave,7538,St Nicholas Ave & Manhattan Ave,7723,40.795,-73.9645,40.809725,-73.953149,member
1559466,96B747EA39C0BBB6,docked_bike,2021-04-10 17:55:47,2021-04-10 18:09:11,W 100 St & Manhattan Ave,7538,St Nicholas Ave & Manhattan Ave,7723,40.795,-73.9645,40.809725,-73.953149,member
1559470,0F4AD95026A0852C,docked_bike,2021-04-02 22:54:13,2021-04-02 23:00:15,W 100 St & Manhattan Ave,7538,St Nicholas Ave & Manhattan Ave,7723,40.795,-73.9645,40.809725,-73.953149,member
1559475,730FD31F7AE762A5,docked_bike,2021-04-26 14:52:53,2021-04-26 15:04:47,W 100 St & Manhattan Ave,7538,Broadway & Moylan Pl,7823,40.795,-73.9645,40.8143256,-73.9590255,casual
1559957,80850BD5DAA8A980,docked_bike,2021-04-03 10:19:18,2021-04-03 10:27:11,W 100 St & Manhattan Ave,7538,St Nicholas Ave & Manhattan Ave,7723,40.795,-73.9645,40.809725,-73.953149,member
1559959,81E50BC5F9F65B23,docked_bike,2021-04-07 01:38:14,2021-04-07 01:43:03,W 100 St & Manhattan Ave,7538,St Nicholas Ave & Manhattan Ave,7723,40.795,-73.9645,40.809725,-73.953149,casual
1559964,0710D7C7F7406AA9,docked_bike,2021-04-15 08:19:08,2021-04-15 08:37:00,W 100 St & Manhattan Ave,7538,W 54 St & 9 Ave,6920,40.795,-73.9645,40.76584941,-73.98690506,casual
1560024,425F30B4643E49C3,docked_bike,2021-04-17 17:47:13,2021-04-17 18:35:39,W 100 St & Manhattan Ave,7538,W 54 St & 9 Ave,6920,40.795,-73.9645,40.76584941,-73.98690506,member
1560030,12C8ED906F7A353A,docked_bike,2021-04-13 00:21:21,2021-04-13 00:26:59,W 100 St & Manhattan Ave,7538,St Nicholas Ave & Manhattan Ave,7723,40.795,-73.9645,40.809725,-73.953149,member
1560032,DC5B6486F12E3831,docked_bike,2021-04-16 19:49:49,2021-04-16 20:01:36,W 100 St & Manhattan Ave,7538,St Nicholas Ave & Manhattan Ave,7723,40.795,-73.9645,40.809725,-73.953149,member
1560170,ADAF3E06DAA326D2,docked_bike,2021-04-04 19:36:00,2021-04-04 21:06:48,Central Park W & W 97 St,7538,W 54 St & 9 Ave,6920,40.792495,-73.96417,40.76584941,-73.98690506,casual
1560176,CF736990708691B0,docked_bike,2021-04-25 17:21:25,2021-04-25 17:43:00,Central Park W & W 97 St,7538,W 54 St & 9 Ave,6920,40.792495,-73.96417,40.76584941,-73.98690506,member
1560183,FB72C3FE35CC3306,docked_bike,2021-04-28 13:18:37,2021-04-28 13:37:20,Central Park W & W 97 St,7538,St Nicholas Ave & Manhattan Ave,7723,40.792495,-73.96417,40.809725,-73.953149,member
1560185,5169E2E699EA62D8,docked_bike,2021-04-28 19:13:50,2021-04-28 19:24:43,Central Park W & W 97 St,7538,St Nicholas Ave & Manhattan Ave,7723,40.792495,-73.96417,40.809725,-73.953149,member
1560187,1A87C35C53CA21A8,docked_bike,2021-04-10 15:17:28,2021-04-10 15:26:38,Central Park W & W 97 St,7538,St Nicholas Ave & Manhattan Ave,7723,40.792495,-73.96417,40.809725,-73.953149,member
1560195,F11430A8664F918B,docked_bike,2021-04-13 20:02:05,2021-04-13 20:09:57,Central Park W & W 97 St,7538,St Nicholas Ave & Manhattan Ave,7723,40.792495,-73.96417,40.809725,-73.953149,member
1560197,1AD6B27DDF8A679E,docked_bike,2021-04-27 15:25:44,2021-04-27 15:30:40,Central Park W & W 97 St,7538,West End Ave & W 94 St,7524,40.792495,-73.96417,40.7941654,-73.974124,member
1560199,FC18648EFF1FCDF9,docked_bike,2021-04-24 15:16:36,2021-04-24 16:45:09,Central Park W & W 97 St,7538,Broadway & Moylan Pl,7823,40.792495,-73.964171,40.814326,-73.959026,casual
1560200,7B250AAD91B71B45,docked_bike,2021-04-27 10:13:56,2021-04-27 10:20:59,Central Park W & W 97 St,7538,St Nicholas Ave & Manhattan Ave,7723,40.792495,-73.96417,40.809725,-73.953149,member
1561877,A225447701EF180C,docked_bike,2021-04-20 12:23:04,2021-04-20 12:27:40,W 100 St & Manhattan Ave,7538,West End Ave & W 94 St,7524,40.795,-73.9645,40.794165,-73.974124,member
1561881,328B733897F45951,docked_bike,2021-04-28 13:55:10,2021-04-28 14:32:21,W 100 St & Manhattan Ave,7538,Riverside Dr & W 78 St,7340,40.795,-73.9645,40.78414472,-73.98362492,member
1561887,F77F08E8C26F0A58,docked_bike,2021-04-06 21:03:00,2021-04-06 21:07:51,W 100 St & Manhattan Ave,7538,West End Ave & W 94 St,7524,40.795,-73.9645,40.7941654,-73.974124,member
1561891,56B14A569D4E3D1A,docked_bike,2021-04-17 19:15:49,2021-04-17 19:36:22,W 100 St & Manhattan Ave,7538,W 42 St & 8 Ave,6602,40.795,-73.9645,40.7575699,-73.99098507,casual
1561902,75B2765A03547A83,docked_bike,2021-04-18 17:24:27,2021-04-18 17:31:52,W 100 St & Manhattan Ave,7538,St Nicholas Ave & Manhattan Ave,7723,40.795,-73.9645,40.809725,-73.953149,member
1561905,1EFCB28033D025BA,docked_bike,2021-04-18 19:27:18,2021-04-18 19:37:18,W 100 St & Manhattan Ave,7538,St Nicholas Ave & Manhattan Ave,7723,40.795,-73.9645,40.809725,-73.953149,member
1563361,053DD38C6FB51FD1,docked_bike,2021-04-25 14:45:38,2021-04-25 14:53:43,W 100 St & Manhattan Ave,7538,Broadway & Moylan Pl,7823,40.795,-73.9645,40.8143256,-73.9590255,member
1563365,84A69E530EC86698,docked_bike,2021-04-17 19:17:27,2021-04-17 19:25:34,W 100 St & Manhattan Ave,7538,St Nicholas Ave & Manhattan Ave,7723,40.795,-73.9645,40.809725,-73.953149,member
1563367,9C4FB01E93D28DDC,docked_bike,2021-04-12 23:05:12,2021-04-12 23:10:17,W 100 St & Manhattan Ave,7538,West End Ave & W 94 St,7524,40.795,-73.9645,40.7941654,-73.974124,member
1563368,A771305CEE1A690B,docked_bike,2021-04-30 15:42:53,2021-04-30 15:48:34,W 100 St & Manhattan Ave,7538,West End Ave & W 94 St,7524,40.795,-73.9645,40.7941654,-73.974124,member
1563369,B6A5E2A2C0B36184,docked_bike,2021-04-03 15:39:12,2021-04-03 15:43:13,W 100 St & Manhattan Ave,7538,West End Ave & W 94 St,7524,40.795,-73.9645,40.7941654,-73.974124,member
1563372,2C8D9230669CA8EC,docked_bike,2021-04-09 17:26:14,2021-04-09 17:39:36,W 100 St & Manhattan Ave,7538,Broadway & Moylan Pl,7823,40.795,-73.9645,40.814326,-73.959026,member
1563373,BC27CF52C28BBF3C,docked_bike,2021-04-09 08:46:07,2021-04-09 08:58:22,W 100 St & Manhattan Ave,7538,Broadway & Moylan Pl,7823,40.795,-73.9645,40.814326,-73.959026,member
1563375,BEFA2702FFF1FEAE,docked_bike,2021-04-24 14:13:22,2021-04-24 14:25:01,W 100 St & Manhattan Ave,7538,Riverside Dr & W 78 St,7340,40.795,-73.9645,40.78414472,-73.98362492,member
1563574,71B440CC4B44ECB5,docked_bike,2021-04-09 19:18:44,2021-04-09 19:36:39,Central Park W & W 97 St,7538,W 54 St & 9 Ave,6920,40.792495,-73.96417,40.76584941,-73.98690506,member
1563575,5ABEBD621A8AE030,docked_bike,2021-04-26 07:45:50,2021-04-26 08:01:13,Central Park W & W 97 St,7538,Riverside Dr & W 78 St,7340,40.792495,-73.96417,40.78414472,-73.98362492,casual
1563582,755D8CFA53161A28,docked_bike,2021-04-10 19:15:29,2021-04-10 19:20:41,Central Park W & W 97 St,7538,West End Ave & W 94 St,7524,40.792495,-73.96417,40.7941654,-73.974124,member
1564965,E65E202EC1A7A4BC,docked_bike,2021-04-01 21:46:49,2021-04-01 22:21:20,Central Park W & W 97 St,7538,W 54 St & 9 Ave,6920,40.792495,-73.96417,40.76584941,-73.98690506,member
1565433,89EC7FE846921980,docked_bike,2021-04-18 19:11:00,2021-04-18 19:23:58,Central Park W & W 97 St,7538,Riverside Dr & W 78 St,7340,40.792495,-73.964171,40.784145,-73.983625,member
1565442,987E168BCDE8499B,docked_bike,2021-04-19 17:50:11,2021-04-19 18:05:15,Central Park W & W 97 St,7538,W 54 St & 9 Ave,6920,40.792495,-73.96417,40.76584941,-73.98690506,member
1565444,23B7A0C013BBDA32,docked_bike,2021-04-06 17:17:59,2021-04-06 17:23:41,Central Park W & W 97 St,7538,West End Ave & W 94 St,7524,40.792495,-73.96417,40.7941654,-73.974124,member
1565460,B010B41E98F482FE,docked_bike,2021-04-24 13:25:49,2021-04-24 14:18:55,Central Park W & W 97 St,7538,Laight St & Hudson St,5539,40.792495,-73.96417,40.72185379,-74.00771779,member
1565461,4EB0594B8798E34F,docked_bike,2021-04-06 19:39:37,2021-04-06 19:43:59,Central Park W & W 97 St,7538,West End Ave & W 94 St,7524,40.792495,-73.96417,40.7941654,-73.974124,member
1565462,9C4C52142DB11890,docked_bike,2021-04-29 00:34:35,2021-04-29 01:08:15,Central Park W & W 97 St,7538,Harlem River Dr & W 155 St,8085,40.792495,-73.96417,40.830476,-73.939929,casual
1565504,7549870AF008A50D,docked_bike,2021-04-23 18:37:16,2021-04-23 18:44:05,Central Park W & W 97 St,7538,West End Ave & W 94 St,7524,40.792495,-73.96417,40.7941654,-73.974124,member
1565505,E529965E27F911CA,docked_bike,2021-04-18 23:38:25,2021-04-18 23:55:05,Central Park W & W 97 St,7538,W 42 St & 8 Ave,6602,40.792495,-73.96417,40.7575699,-73.99098507,member
1565508,999DAAFB0981E605,docked_bike,2021-04-18 10:30:34,2021-04-18 10:41:14,Central Park W & W 97 St,7538,Riverside Dr & W 78 St,7340,40.792495,-73.96417,40.78414472,-73.98362492,casual
1578034,82510D19557815C3,docked_bike,2021-04-27 14:59:45,2021-04-27 15:06:29,Central Park W & W 97 St,7538,Morningside Ave & W 123 St,7741,40.792495,-73.96417,40.81,-73.9551508,member
1578137,15125971DBCD7D58,docked_bike,2021-04-23 22:47:59,2021-04-23 22:56:46,Central Park W & W 97 St,7538,Morningside Ave & W 123 St,7741,40.792495,-73.96417,40.81,-73.9551508,casual
1578189,35CCA012555821C7,docked_bike,2021-04-06 07:06:16,2021-04-06 07:16:13,Central Park W & W 97 St,7538,W 113 St & Broadway,7713,40.792495,-73.96417,40.805973,-73.964928,member
1578190,C9FB8CBC712D8371,docked_bike,2021-04-28 07:07:35,2021-04-28 07:16:37,Central Park W & W 97 St,7538,W 113 St & Broadway,7713,40.792495,-73.96417,40.805973,-73.964928,member
1578193,C9223D34D7CA1D79,docked_bike,2021-04-20 18:35:22,2021-04-20 18:42:59,Central Park W & W 97 St,7538,W 113 St & Broadway,7713,40.792495,-73.96417,40.805973,-73.964928,casual
1578197,612AE927CDC4080E,docked_bike,2021-04-12 17:36:12,2021-04-12 17:47:42,Central Park W & W 97 St,7538,W 113 St & Broadway,7713,40.792495,-73.96417,40.805973,-73.964928,member
1578203,6E669EEBC6A1E374,docked_bike,2021-04-20 13:14:44,2021-04-20 13:30:37,Central Park W & W 97 St,7538,Morningside Ave & W 123 St,7741,40.792495,-73.96417,40.81,-73.9551508,member
1578206,2782D7154D75FA49,docked_bike,2021-04-08 16:26:09,2021-04-08 16:38:57,Central Park W & W 97 St,7538,W 113 St & Broadway,7713,40.792495,-73.96417,40.805973,-73.964928,casual
1578207,756CA995EB500FF9,docked_bike,2021-04-20 10:03:19,2021-04-20 10:50:22,Central Park W & W 97 St,7538,W 113 St & Broadway,7713,40.792495,-73.96417,40.805973,-73.964928,casual
1578212,E99C097B7216A710,docked_bike,2021-04-18 13:00:05,2021-04-18 13:08:44,Central Park W & W 97 St,7538,W 113 St & Broadway,7713,40.792495,-73.96417,40.805973,-73.964928,casual
1578221,EEDF94FE1344268C,docked_bike,2021-04-17 17:24:06,2021-04-17 17:45:43,Central Park W & W 97 St,7538,Bradhurst Ave & W 148 St,7992,40.792495,-73.96417,40.825125,-73.941616,member
1578272,D790216D22A72CFB,docked_bike,2021-04-28 09:06:10,2021-04-28 09:12:57,Central Park W & W 97 St,7538,W 113 St & Broadway,7713,40.792495,-73.96417,40.805973,-73.964928,member
1578276,54E488EB4DA02AC2,docked_bike,2021-04-21 08:37:12,2021-04-21 08:44:27,Central Park W & W 97 St,7538,Morningside Ave & W 123 St,7741,40.792495,-73.96417,40.81,-73.9551508,member
1578278,F79B2A337A157252,docked_bike,2021-04-04 16:43:43,2021-04-04 17:19:45,Central Park W & W 97 St,7538,Bradhurst Ave & W 148 St,7992,40.792495,-73.96417,40.825125,-73.941616,member
1578280,6F1B8068EA8EC522,docked_bike,2021-04-30 18:59:00,2021-04-30 19:12:27,Central Park W & W 97 St,7538,W 113 St & Broadway,7713,40.792495,-73.96417,40.805973,-73.964928,member
1578309,F40F7C131C570309,docked_bike,2021-04-28 13:18:03,2021-04-28 13:28:39,Central Park W & W 97 St,7538,W 113 St & Broadway,7713,40.792495,-73.96417,40.805973,-73.964928,member
1578311,C61CD3777821222F,docked_bike,2021-04-08 20:12:25,2021-04-08 20:27:52,Central Park W & W 97 St,7538,W 113 St & Broadway,7713,40.792495,-73.96417,40.805973,-73.964928,member
1578312,FD7644938D9CD23F,docked_bike,2021-04-10 15:48:27,2021-04-10 16:11:06,Central Park W & W 97 St,7538,W 113 St & Broadway,7713,40.792495,-73.96417,40.805973,-73.964928,member
1578318,501D776E0EB80AD3,docked_bike,2021-04-17 15:59:27,2021-04-17 16:16:25,Central Park W & W 97 St,7538,W 113 St & Broadway,7713,40.792495,-73.96417,40.805973,-73.964928,member
1578382,8E5CD7D45C4E7903,docked_bike,2021-04-05 18:05:09,2021-04-05 18:14:09,W 100 St & Manhattan Ave,7538,W 113 St & Broadway,7713,40.795,-73.9645,40.805973,-73.964928,member
1578384,02A557EFB45B1449,docked_bike,2021-04-10 10:28:33,2021-04-10 10:34:29,W 100 St & Manhattan Ave,7538,W 113 St & Broadway,7713,40.795,-73.9645,40.805973,-73.964928,member
1578392,2064B8AC2DAF73A9,docked_bike,2021-04-21 18:28:34,2021-04-21 18:36:28,W 100 St & Manhattan Ave,7538,W 113 St & Broadway,7713,40.795,-73.9645,40.805973,-73.964928,member
1578394,838D3F17A925BE81,docked_bike,2021-04-05 18:05:23,2021-04-05 18:14:09,W 100 St & Manhattan Ave,7538,W 113 St & Broadway,7713,40.795,-73.9645,40.805973,-73.964928,member
1578397,C199AD25908B49A3,docked_bike,2021-04-11 17:20:47,2021-04-11 17:29:04,W 100 St & Manhattan Ave,7538,W 113 St & Broadway,7713,40.795,-73.9645,40.805973,-73.964928,member
1578404,B35CB1040A41E692,docked_bike,2021-04-06 11:00:37,2021-04-06 11:09:30,W 100 St & Manhattan Ave,7538,W 113 St & Broadway,7713,40.795,-73.9645,40.805973,-73.964928,member
1578405,46AC2A206A7476FC,docked_bike,2021-04-12 09:04:01,2021-04-12 09:10:45,W 100 St & Manhattan Ave,7538,W 113 St & Broadway,7713,40.795,-73.9645,40.805973,-73.964928,member
1578409,B83F37D64D044202,docked_bike,2021-04-29 13:39:36,2021-04-29 14:06:34,W 100 St & Manhattan Ave,7538,Lexington Ave & E 24 St,6089,40.795,-73.9645,40.74025878,-73.98409214,casual
1578412,8FA8DC408F96B432,docked_bike,2021-04-02 08:18:00,2021-04-02 08:39:37,W 100 St & Manhattan Ave,7538,W 113 St & Broadway,7713,40.795,-73.9645,40.805973,-73.964928,member
1578414,0BB0B65C3D671AFF,docked_bike,2021-04-06 20:26:23,2021-04-06 20:33:00,W 100 St & Manhattan Ave,7538,W 113 St & Broadway,7713,40.795,-73.9645,40.805973,-73.964928,member
1578436,0F321B00847184DA,docked_bike,2021-04-07 15:32:08,2021-04-07 15:40:07,W 100 St & Manhattan Ave,7538,W 113 St & Broadway,7713,40.795,-73.9645,40.805973,-73.964928,casual
1578442,5B3471401446BEAB,docked_bike,2021-04-10 17:16:01,2021-04-10 17:24:57,W 100 St & Manhattan Ave,7538,Morningside Ave & W 123 St,7741,40.795,-73.9645,40.81,-73.955151,member
1579547,D8D6EC0CE4ADA536,docked_bike,2021-04-17 10:58:13,2021-04-17 10:58:12,Central Park W & W 97 St,7538,Bradhurst Ave & W 148 St,7992,40.792495,-73.96417,40.825125,-73.941616,member
1579552,FEEDD4BF8444CC15,docked_bike,2021-04-17 16:59:16,2021-04-17 16:59:14,Central Park W & W 97 St,7538,W 113 St & Broadway,7713,40.792495,-73.96417,40.805973,-73.964928,member
1579566,A146B63FD271018B,docked_bike,2021-04-13 18:17:26,2021-04-13 18:29:48,Central Park W & W 97 St,7538,Morningside Ave & W 123 St,7741,40.792495,-73.96417,40.81,-73.9551508,member
1579567,81843D91ED8268D3,docked_bike,2021-04-10 14:29:47,2021-04-10 14:38:41,Central Park W & W 97 St,7538,W 113 St & Broadway,7713,40.792495,-73.96417,40.805973,-73.964928,member
1580260,8C1CCB075E5D192B,docked_bike,2021-04-08 07:02:59,2021-04-08 07:13:11,Central Park W & W 97 St,7538,W 113 St & Broadway,7713,40.792495,-73.96417,40.805973,-73.964928,member
1580261,F9C60F2631CC0640,docked_bike,2021-04-14 09:37:26,2021-04-14 09:49:12,Central Park W & W 97 St,7538,W 113 St & Broadway,7713,40.792495,-73.96417,40.805973,-73.964928,member
1580272,5746ABE82F7C68D5,docked_bike,2021-04-30 12:14:08,2021-04-30 12:23:21,Central Park W & W 97 St,7538,W 113 St & Broadway,7713,40.792495,-73.96417,40.805973,-73.964928,member
1580478,A91C1D4FA2B8FCB6,docked_bike,2021-04-27 21:03:10,2021-04-27 21:18:18,Central Park W & W 97 St,7538,W 113 St & Broadway,7713,40.792495,-73.96417,40.805973,-73.964928,member
1580481,A4FC7E68CB6DA4C8,docked_bike,2021-04-13 15:59:15,2021-04-13 16:07:54,Central Park W & W 97 St,7538,Morningside Ave & W 123 St,7741,40.792495,-73.96417,40.81,-73.9551508,member
1585620,ADC4F8075939393E,docked_bike,2021-04-17 06:52:13,2021-04-17 07:05:23,Central Park W & W 97 St,7538,E 72 St & York Ave,6889,40.792495,-73.96417,40.76663814,-73.95348296,casual
1585634,A0EC87F7CC46E3C1,docked_bike,2021-04-04 18:34:31,2021-04-04 19:03:27,Central Park W & W 97 St,7538,E 72 St & York Ave,6889,40.792495,-73.96417,40.76663814,-73.95348296,member
1586511,D8A7507AFEE36B19,docked_bike,2021-04-30 13:37:52,2021-04-30 13:55:41,W 100 St & Manhattan Ave,7538,E 65 St & 2 Ave,6860,40.795,-73.9645,40.76471851944339,-73.96222069859505,member
1586605,8CF1FB36EF95A913,docked_bike,2021-04-21 18:25:54,2021-04-21 19:06:06,W 100 St & Manhattan Ave,7538,E 19 St & 3 Ave,5938,40.795,-73.9645,40.73624527,-73.98473765,casual
1587152,AFCBD61A7524F567,docked_bike,2021-04-28 07:49:01,2021-04-28 08:06:12,Central Park W & W 97 St,7538,E 72 St & York Ave,6889,40.792495,-73.964171,40.766638,-73.953483,casual
1587159,C352772E7CEB2CE2,docked_bike,2021-04-26 19:17:50,2021-04-26 19:34:39,Central Park W & W 97 St,7538,E 72 St & York Ave,6889,40.792495,-73.96417,40.76663814,-73.95348296,member
1587168,728DFF9BBB8CE959,docked_bike,2021-04-07 08:00:43,2021-04-07 08:14:22,Central Park W & W 97 St,7538,E 72 St & York Ave,6889,40.792495,-73.96417,40.76663814,-73.95348296,member
1588646,B6E768E8E80022E7,docked_bike,2021-04-13 14:32:11,2021-04-13 14:47:26,W 100 St & Manhattan Ave,7538,E 72 St & York Ave,6889,40.795,-73.9645,40.76663814,-73.95348296,member
1589144,29499D918FA178C8,docked_bike,2021-04-09 07:01:01,2021-04-09 07:20:17,W 100 St & Manhattan Ave,7538,E 72 St & York Ave,6889,40.795,-73.9645,40.76663814,-73.95348296,casual
1589261,09E911130D9D94D6,docked_bike,2021-04-06 11:50:59,2021-04-06 12:11:24,Central Park W & W 97 St,7538,E 72 St & York Ave,6889,40.792495,-73.964171,40.766638,-73.953483,member
1589264,E39BAA8E2809A72C,docked_bike,2021-04-29 18:59:31,2021-04-29 19:16:43,Central Park W & W 97 St,7538,E 72 St & York Ave,6889,40.792495,-73.96417,40.76663814,-73.95348296,member
1589268,1920476614C9D4DA,docked_bike,2021-04-13 17:53:50,2021-04-13 18:09:40,Central Park W & W 97 St,7538,E 72 St & York Ave,6889,40.792495,-73.964171,40.766638,-73.953483,member
1589269,CB942EE08293A487,docked_bike,2021-04-30 13:20:48,2021-04-30 13:33:43,Central Park W & W 97 St,7538,E 72 St & York Ave,6889,40.792495,-73.96417,40.76663814,-73.95348296,casual
1589270,9BC0FCB75AB65D81,docked_bike,2021-04-20 15:28:11,2021-04-20 15:52:00,Central Park W & W 97 St,7538,E 72 St & York Ave,6889,40.792495,-73.96417,40.76663814,-73.95348296,member
1608731,BF27C8A5D5120700,docked_bike,2021-04-29 18:04:52,2021-04-29 18:37:42,W 100 St & Manhattan Ave,7538,E 20 St & 2 Ave,5971,40.795,-73.9645,40.73587678,-73.98205027,member
1608808,B306DCA825398EFB,docked_bike,2021-04-27 18:09:28,2021-04-27 18:40:55,W 100 St & Manhattan Ave,7538,E 20 St & 2 Ave,5971,40.795,-73.9645,40.73587678,-73.98205027,member
1609647,5EC925A60BD76541,docked_bike,2021-04-18 15:40:04,2021-04-18 16:18:36,W 100 St & Manhattan Ave,7538,E 20 St & 2 Ave,5971,40.795,-73.9645,40.73587678,-73.98205027,member
1609648,A60CE96F9D19D98E,docked_bike,2021-04-17 20:40:15,2021-04-17 21:01:21,W 100 St & Manhattan Ave,7538,E 39 St & Lexington Ave,6389,40.795,-73.9645,40.7494985460252,-73.97729203113158,member
1612655,92B45CC705FE03D9,docked_bike,2021-04-24 10:25:15,2021-04-24 11:10:57,Central Park W & W 97 St,7538,E 20 St & 2 Ave,5971,40.792495,-73.96417,40.73587678,-73.98205027,casual
1612668,343EA5A69253F838,docked_bike,2021-04-04 10:12:54,2021-04-04 10:42:42,Central Park W & W 97 St,7538,E 39 St & Lexington Ave,6389,40.792495,-73.96417,40.7494985460252,-73.97729203113158,member
1612675,5BBD508DEB507990,docked_bike,2021-04-24 10:29:16,2021-04-24 11:08:22,Central Park W & W 97 St,7538,E 39 St & Lexington Ave,6389,40.792495,-73.96417,40.7494985460252,-73.97729203113158,member
1612680,85098E9AC514EFC0,docked_bike,2021-04-04 14:32:15,2021-04-04 15:21:43,Central Park W & W 97 St,7538,E 39 St & Lexington Ave,6389,40.792495,-73.96417,40.7494985460252,-73.97729203113158,casual
1612718,54D734A9998FBD3E,docked_bike,2021-04-08 15:54:45,2021-04-08 16:14:36,Central Park W & W 97 St,7538,E 39 St & Lexington Ave,6389,40.792495,-73.96417,40.7494985460252,-73.97729203113158,casual
1612839,6644A72CF5DD75EE,docked_bike,2021-04-24 10:26:02,2021-04-24 11:10:59,Central Park W & W 97 St,7538,E 20 St & 2 Ave,5971,40.792495,-73.96417,40.73587678,-73.98205027,casual
1612852,B0282E22E78CA708,docked_bike,2021-04-24 10:24:54,2021-04-24 11:10:54,Central Park W & W 97 St,7538,E 20 St & 2 Ave,5971,40.792495,-73.96417,40.73587678,-73.98205027,casual
1612890,FCE7B01433FDC8B1,docked_bike,2021-04-20 16:54:12,2021-04-20 17:46:58,Central Park W & W 97 St,7538,Harrison St & Hudson St,5400,40.792495,-73.96417,40.71870987,-74.0090009,casual
1612911,5A343066563459DD,docked_bike,2021-04-29 08:20:25,2021-04-29 08:57:28,Central Park W & W 97 St,7538,Harrison St & Hudson St,5400,40.792495,-73.96417,40.71870987,-74.0090009,member
1616161,7863D3F03812ACC0,docked_bike,2021-04-17 19:33:31,2021-04-17 20:07:38,W 100 St & Manhattan Ave,7538,Hudson St & Reade St,5359,40.795,-73.9645,40.71625008,-74.0091059,member
1632083,82195208DBA7C7D1,docked_bike,2021-04-26 09:08:37,2021-04-26 09:20:44,Central Park W & W 97 St,7538,W 76 St & Columbus Ave,7281,40.792495,-73.96417,40.7801839724239,-73.97728532552719,member
1632084,D188C190E637E9A2,docked_bike,2021-04-14 10:07:42,2021-04-14 10:18:47,Central Park W & W 97 St,7538,W 76 St & Columbus Ave,7281,40.792495,-73.96417,40.7801839724239,-73.97728532552719,member
1632094,482964FFFC9F9D61,docked_bike,2021-04-17 12:25:10,2021-04-17 12:25:05,Central Park W & W 97 St,7538,W 76 St & Columbus Ave,7281,40.792495,-73.96417,40.7801839724239,-73.97728532552719,member
1632102,524050384D198746,docked_bike,2021-04-26 17:43:28,2021-04-26 17:55:19,Central Park W & W 97 St,7538,W 76 St & Columbus Ave,7281,40.792495,-73.96417,40.7801839724239,-73.97728532552719,member
1632112,B119A6F46F90E488,docked_bike,2021-04-28 18:26:19,2021-04-28 18:37:04,Central Park W & W 97 St,7538,W 76 St & Columbus Ave,7281,40.792495,-73.96417,40.7801839724239,-73.97728532552719,member
1632125,82B3311CB30BC614,docked_bike,2021-04-13 11:24:04,2021-04-13 12:13:44,Central Park W & W 97 St,7538,W 76 St & Columbus Ave,7281,40.792495,-73.96417,40.7801839724239,-73.97728532552719,member
1632128,4B72F9E4E7D2047C,docked_bike,2021-04-02 16:06:18,2021-04-02 16:15:28,Central Park W & W 97 St,7538,W 76 St & Columbus Ave,7281,40.792495,-73.96417,40.7801839724239,-73.97728532552719,member
1632142,9E47BB4B254059D2,docked_bike,2021-04-27 07:48:34,2021-04-27 08:10:12,Central Park W & W 97 St,7538,W 76 St & Columbus Ave,7281,40.792495,-73.96417,40.7801839724239,-73.97728532552719,member
1632143,F120841ED9AFB5B0,docked_bike,2021-04-21 09:09:07,2021-04-21 09:17:44,Central Park W & W 97 St,7538,W 76 St & Columbus Ave,7281,40.792495,-73.96417,40.7801839724239,-73.97728532552719,member
1632178,82FDF7C977AE4CB3,docked_bike,2021-04-22 13:19:06,2021-04-22 13:29:45,Central Park W & W 97 St,7538,W 76 St & Columbus Ave,7281,40.792495,-73.96417,40.7801839724239,-73.97728532552719,member
1632184,CC3403718D7397F0,docked_bike,2021-04-04 10:51:03,2021-04-04 10:58:55,Central Park W & W 97 St,7538,W 76 St & Columbus Ave,7281,40.792495,-73.96417,40.7801839724239,-73.97728532552719,member
1632192,C2C7A881A0714617,docked_bike,2021-04-30 19:04:32,2021-04-30 19:10:39,Central Park W & W 97 St,7538,W 76 St & Columbus Ave,7281,40.792495,-73.96417,40.7801839724239,-73.97728532552719,member
1632275,389775A8011749DB,docked_bike,2021-04-15 10:10:09,2021-04-15 10:20:35,Central Park W & W 97 St,7538,W 76 St & Columbus Ave,7281,40.792495,-73.96417,40.7801839724239,-73.97728532552719,member
1632276,99B3DD98EF6115DF,docked_bike,2021-04-05 11:24:39,2021-04-05 11:37:52,Central Park W & W 97 St,7538,W 76 St & Columbus Ave,7281,40.792495,-73.96417,40.7801839724239,-73.97728532552719,member
1632278,B98F5897EA470918,docked_bike,2021-04-17 12:38:27,2021-04-17 12:49:57,Central Park W & W 97 St,7538,W 76 St & Columbus Ave,7281,40.792495,-73.96417,40.7801839724239,-73.97728532552719,member
1632279,3C2B8C5DED923595,docked_bike,2021-04-22 09:09:10,2021-04-22 09:18:34,Central Park W & W 97 St,7538,W 76 St & Columbus Ave,7281,40.792495,-73.96417,40.7801839724239,-73.97728532552719,member
1632280,2106A5F97BE4C963,docked_bike,2021-04-24 16:18:04,2021-04-24 16:30:12,Central Park W & W 97 St,7538,W 76 St & Columbus Ave,7281,40.792495,-73.96417,40.7801839724239,-73.97728532552719,member
1632282,B1947D1F6EA6A1E0,docked_bike,2021-04-07 13:14:54,2021-04-07 13:24:43,Central Park W & W 97 St,7538,W 76 St & Columbus Ave,7281,40.792495,-73.96417,40.7801839724239,-73.97728532552719,member
1632283,B133E5BD20AB9938,docked_bike,2021-04-08 09:47:33,2021-04-08 09:57:31,Central Park W & W 97 St,7538,W 76 St & Columbus Ave,7281,40.792495,-73.964171,40.780184,-73.977285,member
1632286,0F10A5A89CDB84B9,docked_bike,2021-04-18 19:39:49,2021-04-18 20:02:23,Central Park W & W 97 St,7538,W 76 St & Columbus Ave,7281,40.792495,-73.96417,40.7801839724239,-73.97728532552719,casual
1632293,08AD09932E28D524,docked_bike,2021-04-30 18:32:00,2021-04-30 18:44:18,Central Park W & W 97 St,7538,W 76 St & Columbus Ave,7281,40.792495,-73.96417,40.7801839724239,-73.97728532552719,member
1632294,7316815D6B8E91B9,docked_bike,2021-04-23 15:41:26,2021-04-23 16:18:45,Central Park W & W 97 St,7538,E 13 St & 2 Ave,5820,40.792495,-73.96417,40.73153937464073,-73.9853024482727,member
1632296,C2282E784535DE87,docked_bike,2021-04-28 18:38:38,2021-04-28 18:50:38,Central Park W & W 97 St,7538,W 76 St & Columbus Ave,7281,40.792495,-73.96417,40.7801839724239,-73.97728532552719,casual
1632297,D677F4B03379B691,docked_bike,2021-04-17 13:11:43,2021-04-17 13:18:46,Central Park W & W 97 St,7538,W 76 St & Columbus Ave,7281,40.792495,-73.96417,40.7801839724239,-73.97728532552719,member
1632322,699E05F7F472B3AF,docked_bike,2021-04-24 18:21:21,2021-04-24 18:32:01,Central Park W & W 97 St,7538,W 76 St & Columbus Ave,7281,40.792495,-73.96417,40.7801839724239,-73.97728532552719,member
1632332,D2E6112BA25E89B1,docked_bike,2021-04-28 18:37:49,2021-04-28 18:50:34,Central Park W & W 97 St,7538,W 76 St & Columbus Ave,7281,40.792495,-73.96417,40.7801839724239,-73.97728532552719,member
1632358,F789BDC93DA8F8D6,docked_bike,2021-04-21 09:08:38,2021-04-21 09:17:37,Central Park W & W 97 St,7538,W 76 St & Columbus Ave,7281,40.792495,-73.96417,40.7801839724239,-73.97728532552719,member
1632359,6FC8B3E09DB719AA,docked_bike,2021-04-20 09:09:04,2021-04-20 09:19:06,Central Park W & W 97 St,7538,W 76 St & Columbus Ave,7281,40.792495,-73.96417,40.7801839724239,-73.97728532552719,member
1632362,E760FF37C81FA478,docked_bike,2021-04-18 10:12:29,2021-04-18 10:20:17,Central Park W & W 97 St,7538,W 76 St & Columbus Ave,7281,40.792495,-73.96417,40.7801839724239,-73.97728532552719,member
1632364,5B51BE4F9607DE19,docked_bike,2021-04-23 18:32:22,2021-04-23 18:40:51,Central Park W & W 97 St,7538,W 76 St & Columbus Ave,7281,40.792495,-73.96417,40.7801839724239,-73.97728532552719,member
1632379,DE70AE2018977951,docked_bike,2021-04-15 10:10:29,2021-04-15 10:10:28,Central Park W & W 97 St,7538,W 76 St & Columbus Ave,7281,40.792495,-73.96417,40.7801839724239,-73.97728532552719,member
1632388,DEC7561797EBC992,docked_bike,2021-04-14 10:07:23,2021-04-14 10:18:47,Central Park W & W 97 St,7538,W 76 St & Columbus Ave,7281,40.792495,-73.96417,40.7801839724239,-73.97728532552719,member
1632389,2DFCFA6CE3240EEC,docked_bike,2021-04-27 07:48:51,2021-04-27 08:10:13,Central Park W & W 97 St,7538,W 76 St & Columbus Ave,7281,40.792495,-73.96417,40.7801839724239,-73.97728532552719,member
1632398,191D4973E8993AEC,docked_bike,2021-04-25 12:30:12,2021-04-25 12:37:20,Central Park W & W 97 St,7538,W 76 St & Columbus Ave,7281,40.792495,-73.96417,40.7801839724239,-73.97728532552719,casual
1632412,A61981F0695417C3,docked_bike,2021-04-28 15:13:38,2021-04-28 15:21:39,Central Park W & W 97 St,7538,W 76 St & Columbus Ave,7281,40.792495,-73.96417,40.7801839724239,-73.97728532552719,member
1632419,E40E8093440251B6,docked_bike,2021-04-24 14:19:38,2021-04-24 14:27:42,Central Park W & W 97 St,7538,W 76 St & Columbus Ave,7281,40.792495,-73.96417,40.7801839724239,-73.97728532552719,member
1632558,88B3F2EBF2B11398,docked_bike,2021-04-25 16:33:00,2021-04-25 16:50:10,Central Park W & W 97 St,7538,W 76 St & Columbus Ave,7281,40.792495,-73.96417,40.7801839724239,-73.97728532552719,member
1632652,1503738DCA7466AD,docked_bike,2021-04-25 11:16:31,2021-04-25 11:26:09,Central Park W & W 97 St,7538,W 76 St & Columbus Ave,7281,40.792495,-73.96417,40.7801839724239,-73.97728532552719,member
1634032,56C87E7BA21F5100,docked_bike,2021-04-20 21:31:23,2021-04-20 21:54:24,W 100 St & Manhattan Ave,7538,W 76 St & Columbus Ave,7281,40.795,-73.9645,40.780184,-73.977285,casual
1634042,5F278EFBA6CC3489,docked_bike,2021-04-29 09:15:24,2021-04-29 09:28:37,W 100 St & Manhattan Ave,7538,W 76 St & Columbus Ave,7281,40.795,-73.9645,40.7801839724239,-73.97728532552719,member
1640304,1171F15D4FB4EB6D,docked_bike,2021-04-15 09:21:59,2021-04-15 09:34:12,W 100 St & Manhattan Ave,7538,W 76 St & Columbus Ave,7281,40.795,-73.9645,40.7801839724239,-73.97728532552719,member
1640316,6BD0C538E9694B38,docked_bike,2021-04-10 09:22:31,2021-04-10 09:34:10,W 100 St & Manhattan Ave,7538,W 76 St & Columbus Ave,7281,40.795,-73.9645,40.7801839724239,-73.97728532552719,member
1640318,995976731F25B7FF,docked_bike,2021-04-19 18:23:09,2021-04-19 18:33:25,W 100 St & Manhattan Ave,7538,W 76 St & Columbus Ave,7281,40.795,-73.9645,40.780184,-73.977285,member
1640336,3271219584D29EFE,docked_bike,2021-04-05 08:27:37,2021-04-05 08:34:55,W 100 St & Manhattan Ave,7538,W 76 St & Columbus Ave,7281,40.795,-73.9645,40.7801839724239,-73.97728532552719,member
1640337,C244A8ED96C0CD0B,docked_bike,2021-04-17 14:55:44,2021-04-17 15:03:18,W 100 St & Manhattan Ave,7538,W 76 St & Columbus Ave,7281,40.795,-73.9645,40.7801839724239,-73.97728532552719,member
1640340,9ACB531D4B53D5EC,docked_bike,2021-04-17 12:40:22,2021-04-17 12:48:23,W 100 St & Manhattan Ave,7538,W 76 St & Columbus Ave,7281,40.795,-73.9645,40.7801839724239,-73.97728532552719,member
1640345,FA7166CC5BB5E124,docked_bike,2021-04-13 15:30:49,2021-04-13 15:42:41,W 100 St & Manhattan Ave,7538,W 76 St & Columbus Ave,7281,40.795,-73.9645,40.7801839724239,-73.97728532552719,member
1640346,96B6768FD2DF9AC4,docked_bike,2021-04-10 16:41:59,2021-04-10 17:00:42,W 100 St & Manhattan Ave,7538,W 76 St & Columbus Ave,7281,40.795,-73.9645,40.7801839724239,-73.97728532552719,casual
1640349,A1B155B87A5B7CB2,docked_bike,2021-04-24 09:43:55,2021-04-24 09:59:16,W 100 St & Manhattan Ave,7538,W 76 St & Columbus Ave,7281,40.795,-73.9645,40.7801839724239,-73.97728532552719,casual
1640353,17A63B037F5504D1,docked_bike,2021-04-26 15:03:54,2021-04-26 15:17:17,W 100 St & Manhattan Ave,7538,W 76 St & Columbus Ave,7281,40.795,-73.9645,40.7801839724239,-73.97728532552719,member
1640360,644FC396F568E87B,docked_bike,2021-04-24 09:45:01,2021-04-24 09:59:07,W 100 St & Manhattan Ave,7538,W 76 St & Columbus Ave,7281,40.795,-73.9645,40.7801839724239,-73.97728532552719,casual
1640361,322FCD793762860E,docked_bike,2021-04-03 14:58:08,2021-04-03 15:11:07,W 100 St & Manhattan Ave,7538,W 76 St & Columbus Ave,7281,40.795,-73.9645,40.780184,-73.977285,member
1640365,A6AD1DD9B5A24804,docked_bike,2021-04-10 16:45:27,2021-04-10 17:00:48,W 100 St & Manhattan Ave,7538,W 76 St & Columbus Ave,7281,40.795,-73.9645,40.7801839724239,-73.97728532552719,member
1640366,A980B07B0B713196,docked_bike,2021-04-06 19:05:09,2021-04-06 19:20:07,W 100 St & Manhattan Ave,7538,W 76 St & Columbus Ave,7281,40.795,-73.9645,40.7801839724239,-73.97728532552719,member
1640370,7C3BB71DA1EDD7BD,docked_bike,2021-04-24 20:38:10,2021-04-24 20:43:55,W 100 St & Manhattan Ave,7538,W 76 St & Columbus Ave,7281,40.795,-73.9645,40.7801839724239,-73.97728532552719,casual
1640371,E66F4433E0FCA0BF,docked_bike,2021-04-30 13:50:55,2021-04-30 14:16:33,W 100 St & Manhattan Ave,7538,Broadway & W 155 St,8123,40.795,-73.9645,40.83299,-73.94592,member
1640375,4598FBDEAD4B7FE9,docked_bike,2021-04-02 09:19:20,2021-04-02 09:32:16,W 100 St & Manhattan Ave,7538,W 76 St & Columbus Ave,7281,40.795,-73.9645,40.7801839724239,-73.97728532552719,member
1640376,DA5D03035321836C,docked_bike,2021-04-17 10:24:46,2021-04-17 10:36:57,W 100 St & Manhattan Ave,7538,W 76 St & Columbus Ave,7281,40.795,-73.9645,40.7801839724239,-73.97728532552719,member
1640382,59607B424EB720C6,docked_bike,2021-04-06 19:27:25,2021-04-06 19:41:17,W 100 St & Manhattan Ave,7538,W 76 St & Columbus Ave,7281,40.795,-73.9645,40.7801839724239,-73.97728532552719,member
1640384,20B4291C2E57BB46,docked_bike,2021-04-25 17:59:28,2021-04-25 18:43:41,W 100 St & Manhattan Ave,7538,W 133 St & 12 Ave,7925,40.795,-73.9645,40.820003,-73.959089,member
1640386,EBB3B29075FC4C63,docked_bike,2021-04-21 17:43:24,2021-04-21 17:49:58,W 100 St & Manhattan Ave,7538,W 76 St & Columbus Ave,7281,40.795,-73.9645,40.7801839724239,-73.97728532552719,casual
1640399,1DAB1DE2153A3522,docked_bike,2021-04-29 10:12:59,2021-04-29 10:27:58,W 100 St & Manhattan Ave,7538,W 76 St & Columbus Ave,7281,40.795,-73.9645,40.7801839724239,-73.97728532552719,member
1640407,EBD85E2BB15DB6A8,docked_bike,2021-04-02 13:47:07,2021-04-02 13:55:44,W 100 St & Manhattan Ave,7538,W 76 St & Columbus Ave,7281,40.795,-73.9645,40.7801839724239,-73.97728532552719,member
1640408,B7BE1BB1CFD864F6,docked_bike,2021-04-12 08:37:00,2021-04-12 08:46:56,W 100 St & Manhattan Ave,7538,W 76 St & Columbus Ave,7281,40.795,-73.9645,40.7801839724239,-73.97728532552719,member
1640410,2A8B4BF2519D1CA4,docked_bike,2021-04-03 08:21:25,2021-04-03 08:28:15,W 100 St & Manhattan Ave,7538,W 76 St & Columbus Ave,7281,40.795,-73.9645,40.7801839724239,-73.97728532552719,member
1640414,A9B12F7569CFFD89,docked_bike,2021-04-19 12:48:56,2021-04-19 13:02:08,W 100 St & Manhattan Ave,7538,W 76 St & Columbus Ave,7281,40.795,-73.9645,40.780184,-73.977285,casual
1640416,CB037618D9B124B3,docked_bike,2021-04-10 10:59:06,2021-04-10 11:29:29,W 100 St & Manhattan Ave,7538,Broadway & W 155 St,8123,40.795,-73.9645,40.83299,-73.94592,member
1640418,33F0952061CD967A,docked_bike,2021-04-08 12:28:26,2021-04-08 12:43:12,W 100 St & Manhattan Ave,7538,W 76 St & Columbus Ave,7281,40.795,-73.9645,40.7801839724239,-73.97728532552719,member
1640420,855D58076CFCD7FE,docked_bike,2021-04-01 13:45:10,2021-04-01 13:54:49,W 100 St & Manhattan Ave,7538,W 76 St & Columbus Ave,7281,40.795,-73.9645,40.7801839724239,-73.97728532552719,member
1640434,B73AFB60B8480B68,docked_bike,2021-04-01 10:24:48,2021-04-01 10:36:52,W 100 St & Manhattan Ave,7538,W 76 St & Columbus Ave,7281,40.795,-73.9645,40.7801839724239,-73.97728532552719,member
1640457,2BD38730D0471CA5,docked_bike,2021-04-27 14:04:56,2021-04-27 14:23:20,W 100 St & Manhattan Ave,7538,W 76 St & Columbus Ave,7281,40.795,-73.9645,40.7801839724239,-73.97728532552719,member
1640585,63EF7F9E03ABF3B6,docked_bike,2021-04-19 14:12:44,2021-04-19 14:24:52,W 100 St & Manhattan Ave,7538,W 76 St & Columbus Ave,7281,40.795,-73.9645,40.7801839724239,-73.97728532552719,member
1640591,5E4455597DF3E5EA,docked_bike,2021-04-25 18:54:15,2021-04-25 19:00:16,W 100 St & Manhattan Ave,7538,W 76 St & Columbus Ave,7281,40.795,-73.9645,40.7801839724239,-73.97728532552719,casual
1640592,103EDDC0FB388465,docked_bike,2021-04-25 16:39:12,2021-04-25 16:49:59,W 100 St & Manhattan Ave,7538,W 76 St & Columbus Ave,7281,40.795,-73.9645,40.7801839724239,-73.97728532552719,member
1640596,B2D288C7532A0397,docked_bike,2021-04-17 14:14:25,2021-04-17 14:28:48,W 100 St & Manhattan Ave,7538,W 76 St & Columbus Ave,7281,40.795,-73.9645,40.7801839724239,-73.97728532552719,member
1640597,1147FC0624654B2A,docked_bike,2021-04-22 16:01:26,2021-04-22 16:11:09,W 100 St & Manhattan Ave,7538,W 76 St & Columbus Ave,7281,40.795,-73.9645,40.7801839724239,-73.97728532552719,member
1640750,75E2F2CBD0F58831,docked_bike,2021-04-19 19:43:03,2021-04-19 20:12:14,W 100 St & Manhattan Ave,7538,E 13 St & 2 Ave,5820,40.795,-73.9645,40.73153937464073,-73.9853024482727,member
1640756,82BEA5A45F131C55,docked_bike,2021-04-08 08:12:55,2021-04-08 08:20:41,W 100 St & Manhattan Ave,7538,W 76 St & Columbus Ave,7281,40.795,-73.9645,40.7801839724239,-73.97728532552719,member
1640757,EBCD4351BE6B3F21,docked_bike,2021-04-20 21:31:18,2021-04-20 21:56:21,W 100 St & Manhattan Ave,7538,W 76 St & Columbus Ave,7281,40.795,-73.9645,40.7801839724239,-73.97728532552719,casual
1646182,3354BDF0912B9CF9,docked_bike,2021-04-03 17:49:46,2021-04-03 18:21:04,Central Park W & W 97 St,7538,W 63 St & Broadway,7052,40.792495,-73.96417,40.77163851,-73.98261428,member
1646186,C512234A03E27490,docked_bike,2021-04-08 15:46:21,2021-04-08 16:03:01,Central Park W & W 97 St,7538,2 Ave & E 72 St,6925,40.792495,-73.96417,40.7687620293096,-73.95840793848038,member
1646422,81859766146D8A07,docked_bike,2021-04-22 16:52:18,2021-04-22 17:07:33,W 100 St & Manhattan Ave,7538,2 Ave & E 72 St,6925,40.795,-73.9645,40.7687620293096,-73.95840793848038,member
1646424,BA1269910B058EEF,docked_bike,2021-04-28 17:16:50,2021-04-28 17:31:26,W 100 St & Manhattan Ave,7538,2 Ave & E 72 St,6925,40.795,-73.9645,40.7687620293096,-73.95840793848038,casual
1646425,F8661346FBDEA5DD,docked_bike,2021-04-22 15:02:45,2021-04-22 15:13:26,W 100 St & Manhattan Ave,7538,W 129 St & Convent Ave,7818,40.795,-73.9645,40.814394,-73.953247,member
1646426,B7D5F0558A60E829,docked_bike,2021-04-09 16:31:25,2021-04-09 16:45:03,W 100 St & Manhattan Ave,7538,W 63 St & Broadway,7052,40.795,-73.9645,40.77163851,-73.98261428,casual
1646428,4925CB2D3B1A27AB,docked_bike,2021-04-17 18:19:19,2021-04-17 19:23:29,W 100 St & Manhattan Ave,7538,State St & Smith St,4565,40.795,-73.9645,40.689269,-73.989129,member
1646429,6ED74CD48CEBD0ED,docked_bike,2021-04-18 13:49:33,2021-04-18 14:09:58,W 100 St & Manhattan Ave,7538,W 63 St & Broadway,7052,40.795,-73.9645,40.77163851,-73.98261428,member
1646430,28C9CF7C081AFAC7,docked_bike,2021-04-19 17:26:22,2021-04-19 17:35:28,W 100 St & Manhattan Ave,7538,W 129 St & Convent Ave,7818,40.795,-73.9645,40.814394437915816,-73.95324736833572,member
1646431,A4C3BD1A4BEFB924,docked_bike,2021-04-06 17:35:41,2021-04-06 17:45:10,W 100 St & Manhattan Ave,7538,W 129 St & Convent Ave,7818,40.795,-73.9645,40.814394437915816,-73.95324736833572,member
1646432,8A9F8FF84A2CF756,docked_bike,2021-04-10 17:02:14,2021-04-10 17:13:54,W 100 St & Manhattan Ave,7538,W 129 St & Convent Ave,7818,40.795,-73.9645,40.814394437915816,-73.95324736833572,member
1646452,BE488B372B36EC4D,docked_bike,2021-04-20 13:44:52,2021-04-20 14:00:10,W 100 St & Manhattan Ave,7538,W 63 St & Broadway,7052,40.795,-73.9645,40.77163851,-73.98261428,member
1647119,A3C965D41CE71C1D,docked_bike,2021-04-08 11:42:27,2021-04-08 11:54:54,Central Park W & W 97 St,7538,W 63 St & Broadway,7052,40.792495,-73.96417,40.77163851,-73.98261428,member
1647121,B8BFC8AD1E7C8C3C,docked_bike,2021-04-04 17:03:15,2021-04-04 17:31:57,Central Park W & W 97 St,7538,W 63 St & Broadway,7052,40.792495,-73.96417,40.77163851,-73.98261428,member
1647131,CFCA8A00E32AECFE,docked_bike,2021-04-13 19:34:29,2021-04-13 19:46:16,Central Park W & W 97 St,7538,W 63 St & Broadway,7052,40.792495,-73.96417,40.77163851,-73.98261428,member
1647132,3A0851D8BC858404,docked_bike,2021-04-19 09:10:53,2021-04-19 09:25:55,Central Park W & W 97 St,7538,W 63 St & Broadway,7052,40.792495,-73.96417,40.77163851,-73.98261428,member
1647135,8EC92E73A3334B62,docked_bike,2021-04-29 18:32:07,2021-04-29 18:51:15,Central Park W & W 97 St,7538,W 63 St & Broadway,7052,40.792495,-73.96417,40.77163851,-73.98261428,member
1647143,0F85E054FB373874,docked_bike,2021-04-23 15:07:44,2021-04-23 15:22:27,Central Park W & W 97 St,7538,2 Ave & E 72 St,6925,40.792495,-73.96417,40.7687620293096,-73.95840793848038,member
1647148,D14EBE69C990A96B,docked_bike,2021-04-14 19:23:40,2021-04-14 19:36:45,Central Park W & W 97 St,7538,2 Ave & E 72 St,6925,40.792495,-73.96417,40.7687620293096,-73.95840793848038,member
1647153,A582A0CEA50396AA,docked_bike,2021-04-17 09:11:35,2021-04-17 09:19:29,Central Park W & W 97 St,7538,W 129 St & Convent Ave,7818,40.792495,-73.96417,40.814394437915816,-73.95324736833572,member
1647156,23EE6445B53B04B1,docked_bike,2021-04-04 16:12:06,2021-04-04 17:00:05,Central Park W & W 97 St,7538,Bruckner Blvd & Bryant Ave,7944,40.792495,-73.96417,40.821952,-73.888546,casual
1647166,46CD5F9EBA0D5D15,docked_bike,2021-04-10 18:35:17,2021-04-10 18:51:06,Central Park W & W 97 St,7538,W 63 St & Broadway,7052,40.792495,-73.96417,40.77163851,-73.98261428,casual
1647168,C7440709E562BB00,docked_bike,2021-04-08 14:24:59,2021-04-08 14:46:23,Central Park W & W 97 St,7538,2 Ave & E 72 St,6925,40.792495,-73.96417,40.7687620293096,-73.95840793848038,casual
1647171,28258820C585349E,docked_bike,2021-04-12 20:53:51,2021-04-12 21:11:42,Central Park W & W 97 St,7538,2 Ave & E 72 St,6925,40.792495,-73.96417,40.7687620293096,-73.95840793848038,member
1647172,CBFFA0AEA9417969,docked_bike,2021-04-04 16:14:21,2021-04-04 17:00:14,Central Park W & W 97 St,7538,Bruckner Blvd & Bryant Ave,7944,40.792495,-73.96417,40.821952,-73.888546,casual
1647174,9C502F81F34C912D,docked_bike,2021-04-03 11:44:27,2021-04-03 11:54:11,Central Park W & W 97 St,7538,W 63 St & Broadway,7052,40.792495,-73.96417,40.77163851,-73.98261428,member
1647175,8AA17357218E217C,docked_bike,2021-04-08 10:13:58,2021-04-08 10:37:39,Central Park W & W 97 St,7538,2 Ave & E 72 St,6925,40.792495,-73.96417,40.7687620293096,-73.95840793848038,member
1647176,3E05268D723AB0CD,docked_bike,2021-04-19 19:44:17,2021-04-19 19:55:21,Central Park W & W 97 St,7538,W 63 St & Broadway,7052,40.792495,-73.96417,40.77163851,-73.98261428,member
1647181,57E3C074825F13E5,docked_bike,2021-04-11 19:55:02,2021-04-11 20:08:02,Central Park W & W 97 St,7538,2 Ave & E 72 St,6925,40.792495,-73.96417,40.7687620293096,-73.95840793848038,member
1647234,F789B2702E32FFE7,docked_bike,2021-04-18 01:15:33,2021-04-18 01:15:31,Central Park W & W 97 St,7538,W 63 St & Broadway,7052,40.792495,-73.96417,40.77163851,-73.98261428,casual
1647236,EE76DB7FCC5C5F3F,docked_bike,2021-04-22 11:23:44,2021-04-22 11:39:07,Central Park W & W 97 St,7538,W 63 St & Broadway,7052,40.792495,-73.96417,40.77163851,-73.98261428,casual
1647238,3EAA34C160EB92CC,docked_bike,2021-04-03 17:57:11,2021-04-03 18:21:15,Central Park W & W 97 St,7538,W 63 St & Broadway,7052,40.792495,-73.96417,40.77163851,-73.98261428,member
1647239,A37BC0BAC58BE570,docked_bike,2021-04-28 07:37:50,2021-04-28 07:50:59,Central Park W & W 97 St,7538,2 Ave & E 72 St,6925,40.792495,-73.96417,40.7687620293096,-73.95840793848038,member
1647241,D543B4419CC82EF7,docked_bike,2021-04-22 07:15:28,2021-04-22 07:30:06,Central Park W & W 97 St,7538,2 Ave & E 72 St,6925,40.792495,-73.96417,40.7687620293096,-73.95840793848038,member
1647300,2AD0B23898743EAF,docked_bike,2021-04-19 18:12:14,2021-04-19 18:28:43,Central Park W & W 97 St,7538,W 63 St & Broadway,7052,40.792495,-73.96417,40.77163851,-73.98261428,member
1647424,BBA9AB471166BE4F,docked_bike,2021-04-24 09:46:53,2021-04-24 10:01:06,Central Park W & W 97 St,7538,W 129 St & Convent Ave,7818,40.792495,-73.96417,40.814394437915816,-73.95324736833572,member
1647426,2DF265345A9B82C5,docked_bike,2021-04-28 18:12:50,2021-04-28 18:33:53,Central Park W & W 97 St,7538,2 Ave & E 72 St,6925,40.792495,-73.96417,40.7687620293096,-73.95840793848038,casual
1647430,C938FED4E0151F13,docked_bike,2021-04-18 01:16:39,2021-04-18 01:16:30,Central Park W & W 97 St,7538,W 63 St & Broadway,7052,40.792495,-73.96417,40.77163851,-73.98261428,casual
1647701,A4C122793914E27D,docked_bike,2021-04-10 18:31:46,2021-04-10 18:51:25,Central Park W & W 97 St,7538,W 63 St & Broadway,7052,40.792495,-73.96417,40.77163851,-73.98261428,member
1647705,B96EC46E0F6E1E86,docked_bike,2021-04-24 14:36:13,2021-04-24 15:33:00,Central Park W & W 97 St,7538,2 Ave & E 72 St,6925,40.792495,-73.96417,40.7687620293096,-73.95840793848038,casual
1648161,D8EAEE1A7CC76CFD,docked_bike,2021-04-04 10:57:34,2021-04-04 11:07:26,W 100 St & Manhattan Ave,7538,W 63 St & Broadway,7052,40.795,-73.9645,40.77163851,-73.98261428,member
1648163,3AAADE60035B88A1,docked_bike,2021-04-26 15:32:05,2021-04-26 15:51:33,W 100 St & Manhattan Ave,7538,W 63 St & Broadway,7052,40.795,-73.9645,40.77163851,-73.98261428,casual
1648169,19F8363BDBC97A18,docked_bike,2021-04-08 14:03:56,2021-04-08 14:19:34,W 100 St & Manhattan Ave,7538,W 63 St & Broadway,7052,40.795,-73.9645,40.77163851,-73.98261428,member
1648179,ADB76C4F86DAFC0D,docked_bike,2021-04-12 05:07:00,2021-04-12 05:17:32,W 100 St & Manhattan Ave,7538,W 63 St & Broadway,7052,40.795,-73.9645,40.77163851,-73.98261428,member
1648191,D8DF95E77EF7ECB2,docked_bike,2021-04-13 18:27:05,2021-04-13 19:06:18,W 100 St & Manhattan Ave,7538,W 63 St & Broadway,7052,40.795,-73.9645,40.77163851,-73.98261428,member
1648194,31EEDD0D33BD14B4,docked_bike,2021-04-03 15:24:16,2021-04-03 15:34:00,W 100 St & Manhattan Ave,7538,W 63 St & Broadway,7052,40.795,-73.9645,40.77163851,-73.98261428,member
1648195,604FABAFBF3810A1,docked_bike,2021-04-14 10:55:56,2021-04-14 11:07:24,W 100 St & Manhattan Ave,7538,W 129 St & Convent Ave,7818,40.795,-73.9645,40.814394437915816,-73.95324736833572,casual
1648197,3A24B59AC22E17E2,docked_bike,2021-04-26 12:42:28,2021-04-26 12:58:29,W 100 St & Manhattan Ave,7538,W 63 St & Broadway,7052,40.795,-73.9645,40.77163851,-73.98261428,member
1648199,C5F626278AEB41B8,docked_bike,2021-04-24 11:17:04,2021-04-24 11:36:32,W 100 St & Manhattan Ave,7538,W 63 St & Broadway,7052,40.795,-73.9645,40.771639,-73.982614,casual
1648200,3B39502606545F7E,docked_bike,2021-04-11 16:54:58,2021-04-11 17:04:53,W 100 St & Manhattan Ave,7538,W 63 St & Broadway,7052,40.795,-73.9645,40.77163851,-73.98261428,member
1648244,00E5D5C436CECE48,docked_bike,2021-04-12 18:18:40,2021-04-12 18:38:43,W 100 St & Manhattan Ave,7538,W 63 St & Broadway,7052,40.795,-73.9645,40.77163851,-73.98261428,member
1648249,35E8C2429C5D4909,docked_bike,2021-04-16 15:27:52,2021-04-16 15:37:17,W 100 St & Manhattan Ave,7538,W 129 St & Convent Ave,7818,40.795,-73.9645,40.814394437915816,-73.95324736833572,member
1648250,AEB51AA4E660C8CF,docked_bike,2021-04-08 14:39:16,2021-04-08 14:47:51,W 100 St & Manhattan Ave,7538,W 129 St & Convent Ave,7818,40.795,-73.9645,40.814394437915816,-73.95324736833572,member
1648276,457B1A758D98277D,docked_bike,2021-04-04 16:12:28,2021-04-04 17:00:25,Central Park W & W 97 St,7538,Bruckner Blvd & Bryant Ave,7944,40.792495,-73.96417,40.821952,-73.888546,casual
1648279,740791812C1313AD,docked_bike,2021-04-09 21:35:19,2021-04-09 21:57:03,Central Park W & W 97 St,7538,2 Ave & E 72 St,6925,40.792495,-73.96417,40.7687620293096,-73.95840793848038,member
1648284,572392064D0154B7,docked_bike,2021-04-04 16:33:27,2021-04-04 16:46:29,Central Park W & W 97 St,7538,2 Ave & E 72 St,6925,40.792495,-73.96417,40.7687620293096,-73.95840793848038,member
1648286,91693F4C7D521989,docked_bike,2021-04-17 10:14:38,2021-04-17 10:28:26,W 100 St & Manhattan Ave,7538,W 63 St & Broadway,7052,40.795,-73.9645,40.77163851,-73.98261428,member
1648291,1D46F12298BBB97F,docked_bike,2021-04-23 11:50:30,2021-04-23 12:09:16,W 100 St & Manhattan Ave,7538,2 Ave & E 72 St,6925,40.795,-73.9645,40.7687620293096,-73.95840793848038,member
1648297,3DF74901336641A2,docked_bike,2021-04-09 14:58:55,2021-04-09 15:18:21,W 100 St & Manhattan Ave,7538,2 Ave & E 72 St,6925,40.795,-73.9645,40.7687620293096,-73.95840793848038,casual
1648590,5BC2BCA6841F96AF,docked_bike,2021-04-26 11:45:39,2021-04-26 12:05:51,W 100 St & Manhattan Ave,7538,2 Ave & E 72 St,6925,40.795,-73.9645,40.7687620293096,-73.95840793848038,member
1648591,298B5E2A323597B9,docked_bike,2021-04-26 19:18:49,2021-04-26 19:43:09,W 100 St & Manhattan Ave,7538,2 Ave & E 72 St,6925,40.795,-73.9645,40.7687620293096,-73.95840793848038,member
1648594,2A2826C16BA9F782,docked_bike,2021-04-26 14:37:23,2021-04-26 14:54:03,W 100 St & Manhattan Ave,7538,W 63 St & Broadway,7052,40.795,-73.9645,40.77163851,-73.98261428,member
1660277,1F264A6D6E7CA87B,docked_bike,2021-04-13 19:24:59,2021-04-13 19:57:47,W 100 St & Manhattan Ave,7538,Queens Plaza North & Crescent St,6429,40.795,-73.9645,40.75110165,-73.94073717,member
1660282,04412122E73D33EA,docked_bike,2021-04-09 08:28:11,2021-04-09 08:49:50,W 100 St & Manhattan Ave,7538,Broadway & W 165 St,8191,40.795,-73.9645,40.839137,-73.941409,member
1660300,C32AF50422CFA834,docked_bike,2021-04-28 20:26:48,2021-04-28 21:20:22,W 100 St & Manhattan Ave,7538,W 15 St & 7 Ave,6030,40.795,-73.9645,40.73935542,-73.99931783,member
1661017,0B37800EA31D1E82,docked_bike,2021-04-29 18:34:09,2021-04-29 18:59:22,W 100 St & Manhattan Ave,7538,Queens Plaza North & Crescent St,6429,40.795,-73.9645,40.75110165,-73.94073717,member
1661147,31BEA5DD6E3621D2,docked_bike,2021-04-04 18:07:24,2021-04-04 18:36:19,Central Park W & W 97 St,7538,W 15 St & 7 Ave,6030,40.792495,-73.96417,40.73935542,-73.99931783,casual
1661159,64F24E684251DB9A,docked_bike,2021-04-24 01:17:56,2021-04-24 02:02:20,Central Park W & W 97 St,7538,Queens Plaza North & Crescent St,6429,40.792495,-73.96417,40.75110165,-73.94073717,casual
1661207,37E2D5D85514C36F,docked_bike,2021-04-24 01:18:31,2021-04-24 02:01:40,Central Park W & W 97 St,7538,Queens Plaza North & Crescent St,6429,40.792495,-73.96417,40.75110165,-73.94073717,casual
1661275,25F539F11F506411,docked_bike,2021-04-03 18:05:26,2021-04-03 18:42:50,Central Park W & W 97 St,7538,W 15 St & 7 Ave,6030,40.792495,-73.96417,40.73935542,-73.99931783,member
1661292,00F8E25E2A371557,docked_bike,2021-04-15 09:21:19,2021-04-15 09:40:31,Central Park W & W 97 St,7538,Broadway & W 165 St,8191,40.792495,-73.96417,40.839137,-73.941409,member
1683880,3DC52471B583595B,docked_bike,2021-04-06 12:38:36,2021-04-06 12:42:45,Central Park W & W 97 St,7538,W 90 St & Amsterdam Ave,7432,40.792495,-73.96417,40.79017948095081,-73.97288918495178,casual
1683884,8F3BEC74DFAE8115,docked_bike,2021-04-10 14:13:04,2021-04-10 14:20:23,Central Park W & W 97 St,7538,W 90 St & Amsterdam Ave,7432,40.792495,-73.96417,40.79017948095081,-73.97288918495178,member
1683903,20431B3AD75C5E32,docked_bike,2021-04-12 16:59:35,2021-04-12 17:04:09,Central Park W & W 97 St,7538,W 90 St & Amsterdam Ave,7432,40.792495,-73.96417,40.79017948095081,-73.97288918495178,casual
1683916,BA08513D338A2BFE,docked_bike,2021-04-26 11:58:13,2021-04-26 12:29:12,Central Park W & W 97 St,7538,E 30 St & Park Ave S,6206,40.792495,-73.96417,40.74444921,-73.98303529,member
1683924,561AC4C919D21120,docked_bike,2021-04-01 23:09:30,2021-04-01 23:13:39,Central Park W & W 97 St,7538,W 90 St & Amsterdam Ave,7432,40.792495,-73.96417,40.79017948095081,-73.97288918495178,member
1683952,8C9E5A5860292B7C,docked_bike,2021-04-18 17:50:16,2021-04-18 18:14:22,Central Park W & W 97 St,7538,Broadway & W 153 St,8089,40.792495,-73.96417,40.831327,-73.946665,member
1683956,D0AA0E147DCF5DB0,docked_bike,2021-04-01 18:30:07,2021-04-01 18:38:58,Central Park W & W 97 St,7538,W 90 St & Amsterdam Ave,7432,40.792495,-73.96417,40.79017948095081,-73.97288918495178,member
1683963,1775CC869B98197E,docked_bike,2021-04-24 19:16:28,2021-04-24 19:22:14,Central Park W & W 97 St,7538,W 90 St & Amsterdam Ave,7432,40.792495,-73.96417,40.79017948095081,-73.97288918495178,member
1683969,A12AD0923C73CC96,docked_bike,2021-04-01 18:29:53,2021-04-01 18:38:51,Central Park W & W 97 St,7538,W 90 St & Amsterdam Ave,7432,40.792495,-73.96417,40.79017948095081,-73.97288918495178,member
1683985,F3CCED585FF1AB1C,docked_bike,2021-04-17 13:56:31,2021-04-17 13:56:26,Central Park W & W 97 St,7538,W 90 St & Amsterdam Ave,7432,40.792495,-73.96417,40.79017948095081,-73.97288918495178,member
1684000,CEDB44AC95277394,docked_bike,2021-04-20 16:46:40,2021-04-20 16:55:44,Central Park W & W 97 St,7538,W 90 St & Amsterdam Ave,7432,40.792495,-73.96417,40.79017948095081,-73.97288918495178,member
1684036,0736C696D30928D1,docked_bike,2021-04-16 13:24:45,2021-04-16 14:31:44,Central Park W & W 97 St,7538,South St & Gouverneur Ln,4953,40.792495,-73.96417,40.70355377,-74.00670227,casual
1684040,DBBDCC8581C6367A,docked_bike,2021-04-01 22:53:52,2021-04-01 22:57:12,Central Park W & W 97 St,7538,W 90 St & Amsterdam Ave,7432,40.792495,-73.96417,40.79017948095081,-73.97288918495178,member
1684097,22BE32503D55E3E7,docked_bike,2021-04-26 07:52:48,2021-04-26 08:17:12,Central Park W & W 97 St,7538,1 Ave & E 44 St,6379,40.792495,-73.96417,40.75001986,-73.96905301,casual
1684101,8B2A0D43C233C570,docked_bike,2021-04-20 17:28:13,2021-04-20 17:56:38,Central Park W & W 97 St,7538,W 90 St & Amsterdam Ave,7432,40.792495,-73.96417,40.79017948095081,-73.97288918495178,casual
1684110,FA54B50B2D69B8D9,docked_bike,2021-04-17 12:53:23,2021-04-17 12:53:23,Central Park W & W 97 St,7538,W 90 St & Amsterdam Ave,7432,40.792495,-73.96417,40.79017948095081,-73.97288918495178,member
1684211,243270A1E9077208,docked_bike,2021-04-28 19:38:30,2021-04-28 19:43:42,Central Park W & W 97 St,7538,W 90 St & Amsterdam Ave,7432,40.792495,-73.96417,40.79017948095081,-73.97288918495178,member
1684310,148FF1CDC7FA1ECF,docked_bike,2021-04-17 17:00:01,2021-04-17 17:05:16,W 100 St & Manhattan Ave,7538,W 90 St & Amsterdam Ave,7432,40.795,-73.9645,40.79017948095081,-73.97288918495178,member
1684316,C7502C750190E187,docked_bike,2021-04-07 05:44:39,2021-04-07 06:24:11,W 100 St & Manhattan Ave,7538,Howard St & Centre St,5422,40.795,-73.9645,40.71910537,-73.99973337,member
1684321,0FBD6189C3E72D6E,docked_bike,2021-04-24 20:40:00,2021-04-24 20:46:00,W 100 St & Manhattan Ave,7538,W 90 St & Amsterdam Ave,7432,40.795,-73.9645,40.79017948095081,-73.97288918495178,casual
1684342,03DFE6519C7FF1AE,docked_bike,2021-04-26 21:04:19,2021-04-26 21:35:48,W 100 St & Manhattan Ave,7538,Perry St & Bleecker St,5922,40.795,-73.9645,40.73535398,-74.00483091,member
1684347,E8AA0872C486A8EE,docked_bike,2021-04-09 18:16:31,2021-04-09 18:25:10,W 100 St & Manhattan Ave,7538,W 90 St & Amsterdam Ave,7432,40.795,-73.9645,40.79017948095081,-73.97288918495178,casual
1684354,1FAD715D7E9B5FC2,docked_bike,2021-04-06 19:31:02,2021-04-06 19:35:52,W 100 St & Manhattan Ave,7538,W 90 St & Amsterdam Ave,7432,40.795,-73.9645,40.79017948095081,-73.97288918495178,member
1684367,758AA5C1E4DE29BD,docked_bike,2021-04-06 07:59:32,2021-04-06 08:08:09,W 100 St & Manhattan Ave,7538,W 90 St & Amsterdam Ave,7432,40.795,-73.9645,40.79017948095081,-73.97288918495178,member
1684394,E3205302769E21AA,docked_bike,2021-04-02 13:56:44,2021-04-02 14:05:12,W 100 St & Manhattan Ave,7538,W 90 St & Amsterdam Ave,7432,40.795,-73.9645,40.790179,-73.972889,member
1684399,273C2C2AE1842B7A,docked_bike,2021-04-19 18:04:51,2021-04-19 18:11:58,W 100 St & Manhattan Ave,7538,W 90 St & Amsterdam Ave,7432,40.795,-73.9645,40.79017948095081,-73.97288918495178,member
1684405,0020E2787121A984,docked_bike,2021-04-23 07:51:08,2021-04-23 08:00:59,W 100 St & Manhattan Ave,7538,W 90 St & Amsterdam Ave,7432,40.795,-73.9645,40.79017948095081,-73.97288918495178,member
1684417,1B64EC27B49F6787,docked_bike,2021-04-02 17:15:40,2021-04-02 17:27:03,W 100 St & Manhattan Ave,7538,W 90 St & Amsterdam Ave,7432,40.795,-73.9645,40.79017948095081,-73.97288918495178,casual
1684578,95EDACA98E228D5F,docked_bike,2021-04-01 17:53:36,2021-04-01 18:01:06,W 100 St & Manhattan Ave,7538,W 90 St & Amsterdam Ave,7432,40.795,-73.9645,40.79017948095081,-73.97288918495178,casual
1684583,2130197EC8F59F26,docked_bike,2021-04-01 16:28:13,2021-04-01 16:34:42,W 100 St & Manhattan Ave,7538,W 90 St & Amsterdam Ave,7432,40.795,-73.9645,40.79017948095081,-73.97288918495178,member
1693851,1FEFB4F2CE63F06C,docked_bike,2021-04-10 15:46:34,2021-04-10 15:58:54,W 100 St & Manhattan Ave,7538,West End Ave & W 107 St,7650,40.795,-73.9645,40.8021174,-73.9681805305,member
1693852,623E1B21BCFC6342,docked_bike,2021-04-21 17:57:57,2021-04-21 18:08:08,W 100 St & Manhattan Ave,7538,West End Ave & W 107 St,7650,40.795,-73.9645,40.8021174,-73.9681805305,member
1693856,BC4D2907C9F60AEC,docked_bike,2021-04-10 08:59:03,2021-04-10 09:06:19,W 100 St & Manhattan Ave,7538,W 84 St & Columbus Ave,7382,40.795,-73.9645,40.78499979,-73.97283406,casual
1693860,96BDCC9367192524,docked_bike,2021-04-17 14:40:58,2021-04-17 14:47:06,W 100 St & Manhattan Ave,7538,W 84 St & Columbus Ave,7382,40.795,-73.9645,40.78499979,-73.97283406,member
1693879,61747F50E2D7E2C4,docked_bike,2021-04-14 21:57:04,2021-04-14 22:05:29,W 100 St & Manhattan Ave,7538,W 84 St & Columbus Ave,7382,40.795,-73.9645,40.78499979,-73.97283406,member
1693885,7505CA6E8D37FB6C,docked_bike,2021-04-24 07:43:11,2021-04-24 07:50:30,W 100 St & Manhattan Ave,7538,West End Ave & W 107 St,7650,40.795,-73.9645,40.8021174,-73.9681805305,member
1693985,FE60620F2887EEB8,docked_bike,2021-04-13 18:12:26,2021-04-13 18:43:47,W 100 St & Manhattan Ave,7538,Pleasant Ave & E 120 St,7579,40.795,-73.9645,40.7974772,-73.9311847,member
1693988,4ED6E97374041904,docked_bike,2021-04-10 19:20:19,2021-04-10 19:26:47,W 100 St & Manhattan Ave,7538,West End Ave & W 107 St,7650,40.795,-73.9645,40.8021174,-73.9681805305,casual
1694063,1046B6A1652395D9,docked_bike,2021-04-08 17:21:49,2021-04-08 17:29:31,W 100 St & Manhattan Ave,7538,W 84 St & Columbus Ave,7382,40.795,-73.9645,40.785,-73.972834,casual
1694064,A1604A153D388797,docked_bike,2021-04-13 18:12:26,2021-04-13 18:16:43,W 100 St & Manhattan Ave,7538,West End Ave & W 107 St,7650,40.795,-73.9645,40.8021174,-73.9681805305,member
1694066,85DBEFDCB5996CF8,docked_bike,2021-04-19 18:52:21,2021-04-19 19:00:30,W 100 St & Manhattan Ave,7538,W 84 St & Columbus Ave,7382,40.795,-73.9645,40.78499979,-73.97283406,member
1694071,F11795B799BEE434,docked_bike,2021-04-21 13:20:02,2021-04-21 13:28:06,W 100 St & Manhattan Ave,7538,W 84 St & Columbus Ave,7382,40.795,-73.9645,40.78499979,-73.97283406,member
1694076,3440CEC98BDAD7C1,docked_bike,2021-04-13 12:49:31,2021-04-13 12:57:00,W 100 St & Manhattan Ave,7538,West End Ave & W 107 St,7650,40.795,-73.9645,40.8021174,-73.9681805305,member
1694080,2BA223697A10FC84,docked_bike,2021-04-10 12:43:39,2021-04-10 12:53:11,W 100 St & Manhattan Ave,7538,West End Ave & W 107 St,7650,40.795,-73.9645,40.8021174,-73.9681805305,member
1694081,0AB4E1C28C5E12B0,docked_bike,2021-04-06 14:26:01,2021-04-06 14:33:18,W 100 St & Manhattan Ave,7538,West End Ave & W 107 St,7650,40.795,-73.9645,40.8021174,-73.9681805305,member
1695293,8A37125CBE8E212F,docked_bike,2021-04-29 19:34:58,2021-04-29 19:39:11,Central Park W & W 97 St,7538,W 84 St & Columbus Ave,7382,40.792495,-73.96417,40.78499979,-73.97283406,casual
1695296,47170D26D0AAD2E8,docked_bike,2021-04-14 15:54:09,2021-04-14 16:02:29,Central Park W & W 97 St,7538,W 84 St & Columbus Ave,7382,40.792495,-73.96417,40.78499979,-73.97283406,member
1695298,1A3D1ABDFCA03304,docked_bike,2021-04-14 18:07:50,2021-04-14 18:13:59,Central Park W & W 97 St,7538,W 84 St & Columbus Ave,7382,40.792495,-73.96417,40.78499979,-73.97283406,casual
1695299,BF6535E75EB8E12F,docked_bike,2021-04-10 14:28:01,2021-04-10 14:36:36,Central Park W & W 97 St,7538,W 84 St & Columbus Ave,7382,40.792495,-73.96417,40.78499979,-73.97283406,member
1695302,C82ABED782AD42FE,docked_bike,2021-04-17 19:29:32,2021-04-17 19:36:25,Central Park W & W 97 St,7538,W 84 St & Columbus Ave,7382,40.792495,-73.96417,40.78499979,-73.97283406,member
1695306,73487163305B119D,docked_bike,2021-04-24 12:15:02,2021-04-24 12:21:56,Central Park W & W 97 St,7538,W 84 St & Columbus Ave,7382,40.792495,-73.96417,40.78499979,-73.97283406,member
1695310,91DE74C5B9C4DEB1,docked_bike,2021-04-24 12:15:19,2021-04-24 12:21:58,Central Park W & W 97 St,7538,W 84 St & Columbus Ave,7382,40.792495,-73.96417,40.78499979,-73.97283406,member
1695312,A83FA850E03921E4,docked_bike,2021-04-27 20:14:56,2021-04-27 20:21:23,Central Park W & W 97 St,7538,West End Ave & W 107 St,7650,40.792495,-73.96417,40.8021174,-73.9681805305,member
1695318,2DFCF708084DBE89,docked_bike,2021-04-25 18:29:02,2021-04-25 18:38:14,Central Park W & W 97 St,7538,W 84 St & Columbus Ave,7382,40.792495,-73.96417,40.78499979,-73.97283406,member
1695320,24F4A974E5E86AF1,docked_bike,2021-04-23 20:11:25,2021-04-23 20:18:01,Central Park W & W 97 St,7538,W 84 St & Columbus Ave,7382,40.792495,-73.964171,40.785,-73.972834,member
1695321,0E84504D69A2C8A3,docked_bike,2021-04-10 10:59:07,2021-04-10 11:06:38,Central Park W & W 97 St,7538,W 84 St & Columbus Ave,7382,40.792495,-73.96417,40.78499979,-73.97283406,member
1695323,F628AA1FBC7A0FF7,docked_bike,2021-04-23 20:10:44,2021-04-23 20:17:59,Central Park W & W 97 St,7538,W 84 St & Columbus Ave,7382,40.792495,-73.96417,40.78499979,-73.97283406,member
1695326,9516FC39160AB6A6,docked_bike,2021-04-27 15:40:00,2021-04-27 15:49:01,Central Park W & W 97 St,7538,W 84 St & Columbus Ave,7382,40.792495,-73.96417,40.78499979,-73.97283406,member
1695327,84523CC215E8EF08,docked_bike,2021-04-16 13:06:27,2021-04-16 13:14:01,Central Park W & W 97 St,7538,W 84 St & Columbus Ave,7382,40.792495,-73.96417,40.78499979,-73.97283406,member
1695328,8A07FB52A6CCCBEB,docked_bike,2021-04-09 18:22:01,2021-04-09 18:27:38,Central Park W & W 97 St,7538,W 84 St & Columbus Ave,7382,40.792495,-73.96417,40.78499979,-73.97283406,member
1695329,190E7BDD96F240B8,docked_bike,2021-04-17 12:07:44,2021-04-17 12:20:59,Central Park W & W 97 St,7538,West End Ave & W 107 St,7650,40.792495,-73.96417,40.8021174,-73.9681805305,member
1695330,188BF6C1D256DF06,docked_bike,2021-04-09 18:16:01,2021-04-09 18:39:58,Central Park W & W 97 St,7538,West End Ave & W 107 St,7650,40.792495,-73.96417,40.8021174,-73.9681805305,casual
1695335,BDB33BBCF66E2251,docked_bike,2021-04-07 19:26:04,2021-04-07 19:31:50,Central Park W & W 97 St,7538,West End Ave & W 107 St,7650,40.792495,-73.96417,40.8021174,-73.9681805305,casual
1695336,08CFCB34E38F91DA,docked_bike,2021-04-10 15:03:07,2021-04-10 15:09:51,Central Park W & W 97 St,7538,W 84 St & Columbus Ave,7382,40.792495,-73.96417,40.78499979,-73.97283406,member
1695339,8ABEA8F222B4B778,docked_bike,2021-04-14 11:58:42,2021-04-14 12:09:33,Central Park W & W 97 St,7538,W 84 St & Columbus Ave,7382,40.792495,-73.964171,40.785,-73.972834,member
1695340,49BBCE545F9D5269,docked_bike,2021-04-24 13:03:51,2021-04-24 14:56:39,Central Park W & W 97 St,7538,West End Ave & W 107 St,7650,40.792495,-73.96417,40.8021174,-73.9681805305,member
1695341,9D1B7E54A4B839FE,docked_bike,2021-04-22 09:24:08,2021-04-22 09:30:33,Central Park W & W 97 St,7538,W 84 St & Columbus Ave,7382,40.792495,-73.96417,40.78499979,-73.97283406,member
1695342,BBF39CBC41C43B89,docked_bike,2021-04-23 22:28:53,2021-04-23 22:38:56,Central Park W & W 97 St,7538,West End Ave & W 107 St,7650,40.792495,-73.96417,40.8021174,-73.9681805305,member
1695343,7A8E1D92E2A86DEE,docked_bike,2021-04-24 18:20:47,2021-04-24 18:27:20,Central Park W & W 97 St,7538,W 84 St & Columbus Ave,7382,40.792495,-73.96417,40.78499979,-73.97283406,member
1695347,95DFFBD6BEAE62A5,docked_bike,2021-04-27 19:51:03,2021-04-27 19:57:13,Central Park W & W 97 St,7538,West End Ave & W 107 St,7650,40.792495,-73.96417,40.8021174,-73.9681805305,member
1695352,875DA15EE1AE225C,docked_bike,2021-04-08 17:01:56,2021-04-08 17:06:56,Central Park W & W 97 St,7538,West End Ave & W 107 St,7650,40.792495,-73.96417,40.8021174,-73.9681805305,member
1695354,CC8619F037EA2C29,docked_bike,2021-04-23 08:23:46,2021-04-23 08:30:37,Central Park W & W 97 St,7538,W 84 St & Columbus Ave,7382,40.792495,-73.96417,40.78499979,-73.97283406,member
1695359,57B495315340B6A1,docked_bike,2021-04-19 09:11:14,2021-04-19 09:20:16,Central Park W & W 97 St,7538,W 84 St & Columbus Ave,7382,40.792495,-73.96417,40.78499979,-73.97283406,member
1695360,0538CFDD8950F60A,docked_bike,2021-04-04 17:30:14,2021-04-04 17:36:30,Central Park W & W 97 St,7538,W 84 St & Columbus Ave,7382,40.792495,-73.96417,40.78499979,-73.97283406,member
1695362,3AD736F8373F9F35,docked_bike,2021-04-19 09:12:14,2021-04-19 09:20:04,Central Park W & W 97 St,7538,W 84 St & Columbus Ave,7382,40.792495,-73.96417,40.78499979,-73.97283406,member
1695364,AFD9922B1BDB19F9,docked_bike,2021-04-23 08:37:07,2021-04-23 08:44:34,Central Park W & W 97 St,7538,West End Ave & W 107 St,7650,40.792495,-73.96417,40.8021174,-73.9681805305,member
1695385,C27A6F97CC94A87D,docked_bike,2021-04-07 15:46:10,2021-04-07 15:54:29,Central Park W & W 97 St,7538,W 84 St & Columbus Ave,7382,40.792495,-73.96417,40.78499979,-73.97283406,member
1695580,2C4FEDD1101D8696,docked_bike,2021-04-09 18:16:17,2021-04-09 18:39:12,Central Park W & W 97 St,7538,West End Ave & W 107 St,7650,40.792495,-73.96417,40.8021174,-73.9681805305,casual
1695615,398A098158ABF374,docked_bike,2021-04-17 12:10:34,2021-04-17 12:10:29,Central Park W & W 97 St,7538,W 84 St & Columbus Ave,7382,40.792495,-73.96417,40.78499979,-73.97283406,member
1695616,E3DBFE69B2CEBEB7,docked_bike,2021-04-28 18:11:00,2021-04-28 18:19:24,Central Park W & W 97 St,7538,West End Ave & W 107 St,7650,40.792495,-73.96417,40.8021174,-73.9681805305,member
1695618,16A18000B3D944ED,docked_bike,2021-04-18 16:20:25,2021-04-18 17:26:05,Central Park W & W 97 St,7538,West End Ave & W 107 St,7650,40.792495,-73.96417,40.8021174,-73.9681805305,casual
1695621,5E70CC3230970F12,docked_bike,2021-04-28 19:54:14,2021-04-28 20:00:21,Central Park W & W 97 St,7538,West End Ave & W 107 St,7650,40.792495,-73.96417,40.8021174,-73.9681805305,member
1695623,1E3EED06C73B409B,docked_bike,2021-04-17 19:16:30,2021-04-17 19:16:27,Central Park W & W 97 St,7538,W 84 St & Columbus Ave,7382,40.792495,-73.96417,40.78499979,-73.97283406,member
1698450,646B77C44678A349,docked_bike,2021-04-09 20:53:04,2021-04-09 21:05:18,Central Park W & W 97 St,7538,W 64 St & Thelonious Monk Circle,7123,40.792495,-73.96417,40.77515953434235,-73.98918695747852,member
1698497,B590CA00812E291D,docked_bike,2021-04-03 13:46:36,2021-04-03 13:57:25,Central Park W & W 97 St,7538,W 64 St & Thelonious Monk Circle,7123,40.792495,-73.96417,40.77515953434235,-73.98918695747852,member
1698499,E17D614EE7869C48,docked_bike,2021-04-27 06:45:03,2021-04-27 06:57:15,Central Park W & W 97 St,7538,W 64 St & Thelonious Monk Circle,7123,40.792495,-73.96417,40.77515953434235,-73.98918695747852,casual
1698541,74EA5C3156BA733C,docked_bike,2021-04-08 12:00:48,2021-04-08 12:26:18,Central Park W & W 97 St,7538,W 36 St & 7 Ave,6483,40.792495,-73.96417,40.752149,-73.989539,casual
1698557,625FCB32E3196670,docked_bike,2021-04-12 15:30:23,2021-04-12 15:46:31,Central Park W & W 97 St,7538,W 64 St & Thelonious Monk Circle,7123,40.792495,-73.96417,40.77515953434235,-73.98918695747852,member
1698559,CEF65DCBB7BFC088,docked_bike,2021-04-23 16:57:48,2021-04-23 17:35:35,Central Park W & W 97 St,7538,Cliff St & Fulton St,5065,40.792495,-73.96417,40.70838,-74.00495,member
1698560,879FAA384B498912,docked_bike,2021-04-26 07:13:44,2021-04-26 07:38:02,Central Park W & W 97 St,7538,2 Ave & E 29 St,6122,40.792495,-73.96417,40.74172351097472,-73.97809267044067,member
1698561,83E3990DFA9AF35C,docked_bike,2021-04-02 15:03:28,2021-04-02 15:35:58,Central Park W & W 97 St,7538,2 Ave & E 29 St,6122,40.792495,-73.96417,40.74172351097472,-73.97809267044067,member
1698566,9602F673F1C4EF93,docked_bike,2021-04-13 19:10:28,2021-04-13 19:34:27,Central Park W & W 97 St,7538,W 36 St & 7 Ave,6483,40.792495,-73.96417,40.752149,-73.989539,member
1698570,0C7CB0A0BC683E79,docked_bike,2021-04-24 13:34:42,2021-04-24 13:46:01,Central Park W & W 97 St,7538,W 64 St & Thelonious Monk Circle,7123,40.792495,-73.96417,40.77515953434235,-73.98918695747852,casual
1698577,194B90461A3867D3,docked_bike,2021-04-08 17:49:14,2021-04-08 18:19:39,Central Park W & W 97 St,7538,E 106 St & Lexington Ave,7504,40.792495,-73.96417,40.791976,-73.945993,member
1698610,EC2BE99808F12CBB,docked_bike,2021-04-17 18:03:10,2021-04-17 18:03:05,Central Park W & W 97 St,7538,W 64 St & Thelonious Monk Circle,7123,40.792495,-73.96417,40.77515953434235,-73.98918695747852,member
1698631,EA4CFE4360E5F0D1,docked_bike,2021-04-25 13:48:49,2021-04-25 15:04:13,Central Park W & W 97 St,7538,E 106 St & Madison Ave,7528,40.792495,-73.96417,40.7934337,-73.94945003,casual
1698671,FA861B65469F6088,docked_bike,2021-04-30 18:42:09,2021-04-30 18:51:41,Central Park W & W 97 St,7538,E 106 St & Madison Ave,7528,40.792495,-73.96417,40.7934337,-73.94945003,casual
1698673,49DB57C28D0A5124,docked_bike,2021-04-20 15:40:15,2021-04-20 16:12:09,Central Park W & W 97 St,7538,2 Ave & E 29 St,6122,40.792495,-73.96417,40.74172351097472,-73.97809267044067,member
1698848,FB083048164519B9,docked_bike,2021-04-28 15:38:52,2021-04-28 15:58:26,Central Park W & W 97 St,7538,W 36 St & 7 Ave,6483,40.792495,-73.96417,40.752149,-73.989539,member
1702077,8BABBF2C7516D392,docked_bike,2021-04-22 07:44:33,2021-04-22 07:51:53,W 100 St & Manhattan Ave,7538,E 106 St & Madison Ave,7528,40.795,-73.9645,40.7934337,-73.94945003,member
1702079,163B240FBBBD105D,docked_bike,2021-04-02 12:11:10,2021-04-02 12:30:13,W 100 St & Manhattan Ave,7538,W 64 St & Thelonious Monk Circle,7123,40.795,-73.9645,40.77515953434235,-73.98918695747852,member
1702095,CF02667811C8B5E7,docked_bike,2021-04-02 21:15:54,2021-04-02 21:23:35,W 100 St & Manhattan Ave,7538,E 106 St & Madison Ave,7528,40.795,-73.9645,40.7934337,-73.94945003,casual
1702097,25F68B88F59E00B3,docked_bike,2021-04-14 08:40:25,2021-04-14 10:16:58,W 100 St & Manhattan Ave,7538,E 106 St & Madison Ave,7528,40.795,-73.9645,40.7934337,-73.94945003,member
1702104,8278EDD3D39486AC,docked_bike,2021-04-29 18:13:09,2021-04-29 18:26:42,W 100 St & Manhattan Ave,7538,W 64 St & Thelonious Monk Circle,7123,40.795,-73.9645,40.77515953434235,-73.98918695747852,member
1702118,2472A44BC6A409F5,docked_bike,2021-04-14 13:01:36,2021-04-14 13:09:35,W 100 St & Manhattan Ave,7538,E 106 St & Madison Ave,7528,40.795,-73.9645,40.7934337,-73.94945003,member
1702124,5C09368BC20FC9DC,docked_bike,2021-04-28 20:12:17,2021-04-28 20:31:39,W 100 St & Manhattan Ave,7538,E 106 St & Madison Ave,7528,40.795,-73.9645,40.7934337,-73.94945003,casual
1702129,79FF6C20BE0EEA60,docked_bike,2021-04-13 17:06:09,2021-04-13 17:49:06,W 100 St & Manhattan Ave,7538,Cliff St & Fulton St,5065,40.795,-73.9645,40.70838,-74.00495,member
1702134,DE6D710E31991B46,docked_bike,2021-04-19 16:52:52,2021-04-19 17:25:49,W 100 St & Manhattan Ave,7538,2 Ave & E 29 St,6122,40.795,-73.9645,40.74172351097472,-73.97809267044067,member
1702139,C4D98FED74A53BCF,docked_bike,2021-04-25 16:45:20,2021-04-25 17:19:15,W 100 St & Manhattan Ave,7538,W 64 St & Thelonious Monk Circle,7123,40.795,-73.9645,40.77515953434235,-73.98918695747852,casual
1702144,9BCC1682D881E3C9,docked_bike,2021-04-28 18:26:57,2021-04-28 18:41:52,W 100 St & Manhattan Ave,7538,W 64 St & Thelonious Monk Circle,7123,40.795,-73.9645,40.77515953434235,-73.98918695747852,member
1703835,34DBA91FC52623A4,docked_bike,2021-04-10 14:43:45,2021-04-10 14:51:06,Central Park W & W 97 St,7538,E 106 St & Madison Ave,7528,40.792495,-73.96417,40.7934337,-73.94945003,member
1703848,AD0B52A68AA13192,docked_bike,2021-04-24 14:04:23,2021-04-24 14:11:12,Central Park W & W 97 St,7538,E 106 St & Lexington Ave,7504,40.792495,-73.96417,40.791976,-73.945993,member
1703849,1B81B9C93E30D658,docked_bike,2021-04-18 17:52:34,2021-04-18 18:02:48,Central Park W & W 97 St,7538,E 106 St & Lexington Ave,7504,40.792495,-73.96417,40.791976,-73.945993,casual
1703860,8D8249CC96E4FEE5,docked_bike,2021-04-25 13:39:50,2021-04-25 15:04:53,Central Park W & W 97 St,7538,E 106 St & Madison Ave,7528,40.792495,-73.96417,40.7934337,-73.94945003,casual
1703864,2AAE231FD24E3A92,docked_bike,2021-04-28 16:30:15,2021-04-28 16:39:20,Central Park W & W 97 St,7538,E 106 St & Lexington Ave,7504,40.792495,-73.96417,40.791976,-73.945993,member
1703866,1051DC98ABA14400,docked_bike,2021-04-06 18:45:30,2021-04-06 18:53:08,Central Park W & W 97 St,7538,E 106 St & Madison Ave,7528,40.792495,-73.96417,40.7934337,-73.94945003,member
1703897,B6649EDB3546423D,docked_bike,2021-04-07 12:07:36,2021-04-07 12:47:49,Central Park W & W 97 St,7538,E 106 St & Madison Ave,7528,40.792495,-73.96417,40.7934337,-73.94945003,member
1703898,C3EA41CD6D2ABCA1,docked_bike,2021-04-21 07:18:11,2021-04-21 07:43:16,Central Park W & W 97 St,7538,W 64 St & Thelonious Monk Circle,7123,40.792495,-73.96417,40.77515953434235,-73.98918695747852,member
1703899,E6CCBC07B08E6CB7,docked_bike,2021-04-17 16:20:28,2021-04-17 16:20:24,Central Park W & W 97 St,7538,E 106 St & Madison Ave,7528,40.792495,-73.96417,40.7934337,-73.94945003,casual
1703906,0D39AAA2B04BAC8F,docked_bike,2021-04-28 07:28:13,2021-04-28 07:37:47,Central Park W & W 97 St,7538,E 106 St & Madison Ave,7528,40.792495,-73.96417,40.7934337,-73.94945003,member
1712864,265CBC9E3166523C,docked_bike,2021-04-04 18:36:40,2021-04-04 19:35:20,W 100 St & Manhattan Ave,7538,King St & Varick St,5687,40.795,-73.9645,40.72789701409023,-74.00536268949507,member
1712887,FB87BBDF39FC7B56,docked_bike,2021-04-07 14:43:26,2021-04-07 15:01:14,W 100 St & Manhattan Ave,7538,West End Ave & W 78 St,7340,40.795,-73.9645,40.783786,-73.981687,member
1712888,57A22DED3877F4D5,docked_bike,2021-04-28 17:02:06,2021-04-28 17:27:49,W 100 St & Manhattan Ave,7538,Adam Clayton Powell Blvd & W 115 St,7643,40.795,-73.9645,40.802535,-73.9532423,member
1712892,84117880F1CD17F4,docked_bike,2021-04-18 09:31:59,2021-04-18 09:44:33,W 100 St & Manhattan Ave,7538,Central Park West & W 85 St,7354,40.795,-73.9645,40.78476,-73.969862,member
1712893,34A6F12378AFD070,docked_bike,2021-04-30 15:56:24,2021-04-30 16:15:16,W 100 St & Manhattan Ave,7538,Central Park West & W 85 St,7354,40.795,-73.9645,40.78476,-73.969862,member
1712913,AE8755E677C3C294,docked_bike,2021-04-24 13:45:50,2021-04-24 13:59:48,W 100 St & Manhattan Ave,7538,Central Park West & W 85 St,7354,40.795,-73.9645,40.78476,-73.969862,casual
1712915,FE7D27C8DD3FF8A9,docked_bike,2021-04-07 17:23:18,2021-04-07 19:32:09,W 100 St & Manhattan Ave,7538,Central Park West & W 85 St,7354,40.795,-73.9645,40.78476,-73.969862,casual
1712920,64BDA1053359CE17,docked_bike,2021-04-24 14:12:32,2021-04-24 14:23:03,W 100 St & Manhattan Ave,7538,Central Park West & W 85 St,7354,40.795,-73.9645,40.78476,-73.969862,member
1712921,445A93DFE805812B,docked_bike,2021-04-29 22:16:02,2021-04-29 22:35:53,W 100 St & Manhattan Ave,7538,Central Park West & W 85 St,7354,40.795,-73.9645,40.78476,-73.969862,member
1712924,C079AD0A4E4563AF,docked_bike,2021-04-17 12:24:40,2021-04-17 12:30:00,W 100 St & Manhattan Ave,7538,Central Park West & W 85 St,7354,40.795,-73.9645,40.78476,-73.969862,member
1712925,1708146A8F879421,docked_bike,2021-04-10 15:46:46,2021-04-10 15:55:02,W 100 St & Manhattan Ave,7538,Central Park West & W 85 St,7354,40.795,-73.9645,40.78476,-73.969862,member
1712933,F1CBAF70433A6306,docked_bike,2021-04-12 13:12:16,2021-04-12 13:18:11,W 100 St & Manhattan Ave,7538,Central Park West & W 85 St,7354,40.795,-73.9645,40.78476,-73.969862,member
1712934,C8174B55A3FAB3C6,docked_bike,2021-04-07 14:47:41,2021-04-07 14:53:45,W 100 St & Manhattan Ave,7538,Central Park West & W 85 St,7354,40.795,-73.9645,40.78476,-73.969862,member
1712943,ED970B5BEB82786F,docked_bike,2021-04-20 18:59:26,2021-04-20 19:21:13,W 100 St & Manhattan Ave,7538,Central Park West & W 85 St,7354,40.795,-73.9645,40.78476,-73.969862,casual
1712969,283C0CF4C4C1AC1E,docked_bike,2021-04-17 18:27:13,2021-04-17 18:38:29,W 100 St & Manhattan Ave,7538,Adam Clayton Powell Blvd & W 115 St,7643,40.795,-73.9645,40.802535,-73.9532423,member
1712971,CC7740BD11E59881,docked_bike,2021-04-25 18:46:30,2021-04-25 18:52:10,W 100 St & Manhattan Ave,7538,Adam Clayton Powell Blvd & W 115 St,7643,40.795,-73.9645,40.802535,-73.9532423,member
1712973,99392A01BC36B7A3,docked_bike,2021-04-20 10:18:40,2021-04-20 10:24:32,W 100 St & Manhattan Ave,7538,Central Park West & W 85 St,7354,40.795,-73.9645,40.78476,-73.969862,member
1712987,8F88F983239399D1,docked_bike,2021-04-26 15:14:49,2021-04-26 15:22:08,W 100 St & Manhattan Ave,7538,Central Park West & W 85 St,7354,40.795,-73.9645,40.78476,-73.969862,member
1712989,5D7EDC2015A67364,docked_bike,2021-04-24 18:19:41,2021-04-24 18:44:00,W 100 St & Manhattan Ave,7538,West End Ave & W 78 St,7340,40.795,-73.9645,40.783786,-73.981687,casual
1712993,F5896A91AA85517A,docked_bike,2021-04-04 18:23:39,2021-04-04 18:31:03,W 100 St & Manhattan Ave,7538,Adam Clayton Powell Blvd & W 115 St,7643,40.795,-73.9645,40.802535,-73.9532423,member
1712995,8C32072D8B641C1A,docked_bike,2021-04-04 13:31:24,2021-04-04 13:40:46,W 100 St & Manhattan Ave,7538,West End Ave & W 78 St,7340,40.795,-73.9645,40.783786,-73.981687,member
1713002,89B17E5EAFBF055C,docked_bike,2021-04-04 11:53:02,2021-04-04 11:58:01,W 100 St & Manhattan Ave,7538,Central Park West & W 85 St,7354,40.795,-73.9645,40.78476,-73.969862,member
1713003,F414F6E89199D766,docked_bike,2021-04-07 08:57:17,2021-04-07 09:08:29,W 100 St & Manhattan Ave,7538,Adam Clayton Powell Blvd & W 115 St,7643,40.795,-73.9645,40.802535,-73.9532423,member
1713005,56C56E56FF85A785,docked_bike,2021-04-23 18:43:29,2021-04-23 18:50:09,W 100 St & Manhattan Ave,7538,Central Park West & W 85 St,7354,40.795,-73.9645,40.78476,-73.969862,member
1713007,12A2634EDD659769,docked_bike,2021-04-21 18:56:41,2021-04-21 19:01:17,W 100 St & Manhattan Ave,7538,Central Park West & W 85 St,7354,40.795,-73.9645,40.78476,-73.969862,member
1713009,546D1A1D55677520,docked_bike,2021-04-14 20:07:06,2021-04-14 20:18:15,W 100 St & Manhattan Ave,7538,Central Park West & W 85 St,7354,40.795,-73.9645,40.78476,-73.969862,member
1713022,4844D22EA77C9D3E,docked_bike,2021-04-19 16:30:06,2021-04-19 16:34:37,W 100 St & Manhattan Ave,7538,Central Park West & W 85 St,7354,40.795,-73.9645,40.78476,-73.969862,member
1713023,D4094EC3B0C0AB10,docked_bike,2021-04-14 09:26:44,2021-04-14 09:32:34,W 100 St & Manhattan Ave,7538,Central Park West & W 85 St,7354,40.795,-73.9645,40.78476,-73.969862,member
1713027,67C9BCB94AAE5BFB,docked_bike,2021-04-22 17:45:42,2021-04-22 17:59:50,W 100 St & Manhattan Ave,7538,Adam Clayton Powell Blvd & W 115 St,7643,40.795,-73.9645,40.802535,-73.9532423,member
1713029,67D991DC421C711D,docked_bike,2021-04-08 12:10:51,2021-04-08 12:21:32,W 100 St & Manhattan Ave,7538,Central Park West & W 85 St,7354,40.795,-73.9645,40.78476,-73.969862,member
1713031,777F0FF23EF4EF24,docked_bike,2021-04-04 13:27:48,2021-04-04 13:40:39,W 100 St & Manhattan Ave,7538,Central Park West & W 85 St,7354,40.795,-73.9645,40.78476,-73.969862,member
1713037,3D8A581B4C00713D,docked_bike,2021-04-28 09:03:47,2021-04-28 09:08:41,W 100 St & Manhattan Ave,7538,Adam Clayton Powell Blvd & W 115 St,7643,40.795,-73.9645,40.802535,-73.953242,member
1713054,B5EE6796CA1D2F29,docked_bike,2021-04-20 18:58:56,2021-04-20 19:20:14,W 100 St & Manhattan Ave,7538,Central Park West & W 85 St,7354,40.795,-73.9645,40.78476,-73.969862,casual
1716359,6C4BD41DA5B7448D,docked_bike,2021-04-06 20:36:23,2021-04-06 20:43:56,Central Park W & W 97 St,7538,Adam Clayton Powell Blvd & W 115 St,7643,40.792495,-73.96417,40.802535,-73.9532423,casual
1716368,8CA37FD7CEDE6283,docked_bike,2021-04-30 13:45:49,2021-04-30 14:00:35,Central Park W & W 97 St,7538,West End Ave & W 78 St,7340,40.792495,-73.96417,40.783786,-73.981687,casual
1716369,82A95B1473BF9B53,docked_bike,2021-04-05 11:50:40,2021-04-05 12:01:28,Central Park W & W 97 St,7538,West End Ave & W 78 St,7340,40.792495,-73.96417,40.783786,-73.981687,member
1716370,0B76FFF788AB3BCE,docked_bike,2021-04-07 14:49:56,2021-04-07 15:17:20,Central Park W & W 97 St,7538,Central Park West & W 85 St,7354,40.792495,-73.96417,40.78476,-73.969862,casual
1716372,774A654E2EF6D774,docked_bike,2021-04-24 16:51:18,2021-04-24 16:55:51,Central Park W & W 97 St,7538,Central Park West & W 85 St,7354,40.792495,-73.96417,40.78476,-73.969862,member
1716373,ADC596E1BCBFDB76,docked_bike,2021-04-27 20:02:54,2021-04-27 20:17:14,Central Park W & W 97 St,7538,West End Ave & W 78 St,7340,40.792495,-73.96417,40.783786,-73.981687,casual
1716375,90FC8B96225518B1,docked_bike,2021-04-19 15:09:03,2021-04-19 15:16:50,Central Park W & W 97 St,7538,Central Park West & W 85 St,7354,40.792495,-73.96417,40.78476,-73.969862,member
1716376,A1698D2C78559B5E,docked_bike,2021-04-21 12:20:38,2021-04-21 12:39:01,Central Park W & W 97 St,7538,W 47 St & 10 Ave,6824,40.792495,-73.96417,40.76269882,-73.99301222,member
1716377,5C0310ED6917AF70,docked_bike,2021-04-10 11:31:48,2021-04-10 11:35:26,Central Park W & W 97 St,7538,Central Park West & W 85 St,7354,40.792495,-73.96417,40.78476,-73.969862,casual
1716379,2F9FB64AC99B857E,docked_bike,2021-04-03 11:41:34,2021-04-03 11:51:57,Central Park W & W 97 St,7538,West End Ave & W 78 St,7340,40.792495,-73.96417,40.783786,-73.981687,casual
1716380,CCC60BD09209E971,docked_bike,2021-04-27 18:35:21,2021-04-27 18:40:14,Central Park W & W 97 St,7538,Central Park West & W 85 St,7354,40.792495,-73.96417,40.78476,-73.969862,member
1716382,E5F38FD3C08CCFB7,docked_bike,2021-04-04 11:12:26,2021-04-04 11:19:32,Central Park W & W 97 St,7538,Adam Clayton Powell Blvd & W 115 St,7643,40.792495,-73.96417,40.802535,-73.9532423,member
1716383,78C82D9BFD160A77,docked_bike,2021-04-17 07:56:33,2021-04-17 07:56:32,Central Park W & W 97 St,7538,Central Park West & W 85 St,7354,40.792495,-73.96417,40.78476,-73.969862,member
1716384,A04699927F9991E0,docked_bike,2021-04-09 06:59:51,2021-04-09 07:17:14,Central Park W & W 97 St,7538,W 47 St & 10 Ave,6824,40.792495,-73.96417,40.76269882,-73.99301222,casual
1716386,90F83B8E3E647FB5,docked_bike,2021-04-20 16:35:04,2021-04-20 16:40:04,Central Park W & W 97 St,7538,Central Park West & W 85 St,7354,40.792495,-73.96417,40.78476,-73.969862,casual
1716389,1C83C71F0D670923,docked_bike,2021-04-23 17:07:23,2021-04-23 17:38:28,Central Park W & W 97 St,7538,Central Park West & W 85 St,7354,40.792495,-73.96417,40.78476,-73.969862,casual
1716391,03A843B87A0A636F,docked_bike,2021-04-01 19:33:29,2021-04-01 19:47:04,Central Park W & W 97 St,7538,West End Ave & W 78 St,7340,40.792495,-73.96417,40.783786,-73.981687,member
1716394,9B9B1BA30A1B0D52,docked_bike,2021-04-14 11:49:45,2021-04-14 11:55:02,Central Park W & W 97 St,7538,Central Park West & W 85 St,7354,40.792495,-73.964171,40.78476,-73.969862,casual
1716396,82C866D309556FC0,docked_bike,2021-04-23 14:20:21,2021-04-23 14:23:55,Central Park W & W 97 St,7538,Central Park West & W 85 St,7354,40.792495,-73.96417,40.78476,-73.969862,member
1716413,449AC7BA49334C81,docked_bike,2021-04-19 18:37:47,2021-04-19 18:43:19,Central Park W & W 97 St,7538,Central Park West & W 85 St,7354,40.792495,-73.96417,40.78476,-73.969862,member
1716417,0FEEA1793BD65B29,docked_bike,2021-04-21 00:50:12,2021-04-21 00:56:03,Central Park W & W 97 St,7538,Central Park West & W 85 St,7354,40.792495,-73.96417,40.78476,-73.969862,casual
1716418,52C61AC68BDA6ACA,docked_bike,2021-04-18 18:11:47,2021-04-18 18:27:36,Central Park W & W 97 St,7538,Central Park West & W 85 St,7354,40.792495,-73.964171,40.78476,-73.969862,casual
1716424,A212074779A7CF66,docked_bike,2021-04-21 12:51:01,2021-04-21 12:55:20,Central Park W & W 97 St,7538,Central Park West & W 85 St,7354,40.792495,-73.964171,40.78476,-73.969862,member
1716426,B3AC5210B1F7EADA,docked_bike,2021-04-27 17:38:36,2021-04-27 17:59:56,Central Park W & W 97 St,7538,W 47 St & 10 Ave,6824,40.792495,-73.96417,40.76269882,-73.99301222,member
1716429,3D7B590076950D50,docked_bike,2021-04-10 17:43:53,2021-04-10 18:50:06,Central Park W & W 97 St,7538,Central Park West & W 85 St,7354,40.792495,-73.964171,40.78476,-73.969862,casual
1716430,A03C72BFFBB26574,docked_bike,2021-04-16 18:13:07,2021-04-16 18:17:52,Central Park W & W 97 St,7538,Central Park West & W 85 St,7354,40.792495,-73.96417,40.78476,-73.969862,member
1716432,FC97B442AC390746,docked_bike,2021-04-28 12:54:25,2021-04-28 13:39:38,Central Park W & W 97 St,7538,Central Park West & W 85 St,7354,40.792495,-73.96417,40.78476,-73.969862,member
1716435,368155F6D10A3537,docked_bike,2021-04-27 15:53:37,2021-04-27 16:36:24,Central Park W & W 97 St,7538,Central Park West & W 85 St,7354,40.792495,-73.96417,40.78476,-73.969862,member
1716437,C6285C6331BFDE5D,docked_bike,2021-04-18 18:12:04,2021-04-18 18:27:55,Central Park W & W 97 St,7538,Central Park West & W 85 St,7354,40.792495,-73.964171,40.78476,-73.969862,casual
1716444,9CB4F4754593AF32,docked_bike,2021-04-28 19:18:15,2021-04-28 19:22:59,Central Park W & W 97 St,7538,Central Park West & W 85 St,7354,40.792495,-73.96417,40.78476,-73.969862,member
1716445,DFB6E871A1F687E2,docked_bike,2021-04-19 10:47:43,2021-04-19 12:28:23,Central Park W & W 97 St,7538,Central Park West & W 85 St,7354,40.792495,-73.96417,40.78476,-73.969862,member
1716446,2B10A31C52A29480,docked_bike,2021-04-24 12:12:54,2021-04-24 12:29:14,Central Park W & W 97 St,7538,W 47 St & 10 Ave,6824,40.792495,-73.96417,40.76269882,-73.99301222,member
1716448,EA8CD365F60519BA,docked_bike,2021-04-07 19:33:09,2021-04-07 19:37:52,Central Park W & W 97 St,7538,Central Park West & W 85 St,7354,40.792495,-73.96417,40.78476,-73.969862,member
1716449,6720DFC51016F776,docked_bike,2021-04-29 13:18:27,2021-04-29 13:22:19,Central Park W & W 97 St,7538,Central Park West & W 85 St,7354,40.792495,-73.96417,40.78476,-73.969862,member
1716451,723AC92A8F52C5A3,docked_bike,2021-04-10 17:43:45,2021-04-10 18:50:31,Central Park W & W 97 St,7538,Central Park West & W 85 St,7354,40.792495,-73.964171,40.78476,-73.969862,casual
1716452,3699E046C6DF08CC,docked_bike,2021-04-22 19:46:49,2021-04-22 20:33:39,Central Park W & W 97 St,7538,Central Park West & W 85 St,7354,40.792495,-73.96417,40.78476,-73.969862,casual
1716454,748805FC1ADB7007,docked_bike,2021-04-24 13:37:00,2021-04-24 14:20:36,Central Park W & W 97 St,7538,Central Park West & W 85 St,7354,40.792495,-73.96417,40.78476,-73.969862,casual
1716455,F65EA66F16F5D888,docked_bike,2021-04-21 00:51:15,2021-04-21 00:55:50,Central Park W & W 97 St,7538,Central Park West & W 85 St,7354,40.792495,-73.96417,40.78476,-73.969862,casual
1716456,FD9CC5B930D40457,docked_bike,2021-04-27 18:13:41,2021-04-27 18:21:19,Central Park W & W 97 St,7538,Central Park West & W 85 St,7354,40.792495,-73.96417,40.78476,-73.969862,member
1716458,CC8678A17AAFFBBF,docked_bike,2021-04-28 13:10:51,2021-04-28 13:17:31,Central Park W & W 97 St,7538,Central Park West & W 85 St,7354,40.792495,-73.96417,40.78476,-73.969862,casual
1716460,19B40013DCF6C077,docked_bike,2021-04-29 10:35:06,2021-04-29 10:40:28,Central Park W & W 97 St,7538,Central Park West & W 85 St,7354,40.792495,-73.964171,40.78476,-73.969862,member
1716462,4236540C9782F9A1,docked_bike,2021-04-17 15:06:27,2021-04-17 15:22:25,Central Park W & W 97 St,7538,Adam Clayton Powell Blvd & W 115 St,7643,40.792495,-73.964171,40.802535,-73.953242,member
1716467,292F320D9EF62B9F,docked_bike,2021-04-21 13:37:02,2021-04-21 14:31:59,Central Park W & W 97 St,7538,Central Park West & W 85 St,7354,40.792495,-73.96417,40.78476,-73.969862,casual
1716468,A1733C917C11F169,docked_bike,2021-04-10 11:55:21,2021-04-10 12:02:57,Central Park W & W 97 St,7538,Central Park West & W 85 St,7354,40.792495,-73.96417,40.78476,-73.969862,casual
1716469,08F2604ABEF5878D,docked_bike,2021-04-07 11:47:12,2021-04-07 12:01:56,Central Park W & W 97 St,7538,Central Park West & W 85 St,7354,40.792495,-73.96417,40.78476,-73.969862,casual
1716475,1F8C27E89F76F3C1,docked_bike,2021-04-24 16:18:11,2021-04-24 16:23:44,Central Park W & W 97 St,7538,Central Park West & W 85 St,7354,40.792495,-73.96417,40.78476,-73.969862,member
1716478,8CAF4D42841A0B8A,docked_bike,2021-04-10 18:18:15,2021-04-10 18:41:27,Central Park W & W 97 St,7538,W 47 St & 10 Ave,6824,40.792495,-73.96417,40.76269882,-73.99301222,member
1716480,6397F3DFE09D1FE6,docked_bike,2021-04-26 17:46:57,2021-04-26 18:05:21,Central Park W & W 97 St,7538,Central Park West & W 85 St,7354,40.792495,-73.96417,40.78476,-73.969862,member
1716484,1FFA73DA80F4ED18,docked_bike,2021-04-06 19:51:27,2021-04-06 19:58:18,Central Park W & W 97 St,7538,Adam Clayton Powell Blvd & W 115 St,7643,40.792495,-73.964171,40.802535,-73.953242,member
1716487,A44D7849D1EC03E5,docked_bike,2021-04-03 11:51:18,2021-04-03 11:57:06,Central Park W & W 97 St,7538,Central Park West & W 85 St,7354,40.792495,-73.964171,40.78476,-73.969862,member
1716489,C5BC28CD9A3CC3D5,docked_bike,2021-04-01 19:33:07,2021-04-01 19:47:10,Central Park W & W 97 St,7538,West End Ave & W 78 St,7340,40.792495,-73.96417,40.783786,-73.981687,member
1716497,E45B45592BE14E26,docked_bike,2021-04-23 17:08:00,2021-04-23 17:38:24,Central Park W & W 97 St,7538,Central Park West & W 85 St,7354,40.792495,-73.96417,40.78476,-73.969862,casual
1716503,683013F7EADFAE77,docked_bike,2021-04-28 19:53:07,2021-04-28 20:10:28,Central Park W & W 97 St,7538,W 47 St & 10 Ave,6824,40.792495,-73.96417,40.76269882,-73.99301222,member
1716505,D1E8CFBD312178D6,docked_bike,2021-04-10 18:18:03,2021-04-10 18:41:28,Central Park W & W 97 St,7538,W 47 St & 10 Ave,6824,40.792495,-73.96417,40.76269882,-73.99301222,casual
1716520,8053CE3CE20E4710,docked_bike,2021-04-23 19:58:15,2021-04-23 20:13:37,Central Park W & W 97 St,7538,West End Ave & W 78 St,7340,40.792495,-73.96417,40.783786,-73.981687,member
1716525,52CED370DFC9BA55,docked_bike,2021-04-27 14:43:10,2021-04-27 14:58:40,Central Park W & W 97 St,7538,W 47 St & 10 Ave,6824,40.792495,-73.96417,40.76269882,-73.99301222,member
1716526,C9E9FE85368A0B74,docked_bike,2021-04-23 13:07:13,2021-04-23 13:29:00,Central Park W & W 97 St,7538,W 47 St & 10 Ave,6824,40.792495,-73.96417,40.76269882,-73.99301222,member
1716528,631188C73DE34AC9,docked_bike,2021-04-03 20:28:07,2021-04-03 20:31:28,Central Park W & W 97 St,7538,Central Park West & W 85 St,7354,40.792495,-73.96417,40.78476,-73.969862,member
1716532,FF22DEDF6C675C80,docked_bike,2021-04-27 20:02:54,2021-04-27 20:17:16,Central Park W & W 97 St,7538,West End Ave & W 78 St,7340,40.792495,-73.96417,40.783786,-73.981687,casual
1716533,0B4ECE4B59B963AE,docked_bike,2021-04-28 14:37:29,2021-04-28 14:46:52,Central Park W & W 97 St,7538,Central Park West & W 85 St,7354,40.792495,-73.96417,40.78476,-73.969862,casual
1716534,0D97DBE3D508AE43,docked_bike,2021-04-30 13:38:02,2021-04-30 14:06:49,Central Park W & W 97 St,7538,Central Park West & W 85 St,7354,40.792495,-73.96417,40.78476,-73.969862,casual
1716549,31DF433835C16E6B,docked_bike,2021-04-06 08:43:37,2021-04-06 08:51:51,Central Park W & W 97 St,7538,Adam Clayton Powell Blvd & W 115 St,7643,40.792495,-73.96417,40.802535,-73.9532423,member
1716554,239720C9B4C79FEE,docked_bike,2021-04-07 18:08:12,2021-04-07 18:17:12,Central Park W & W 97 St,7538,Central Park West & W 85 St,7354,40.792495,-73.96417,40.78476,-73.969862,member
1716556,8B506A5DAB84BC94,docked_bike,2021-04-17 16:41:31,2021-04-17 16:41:20,Central Park W & W 97 St,7538,Central Park West & W 85 St,7354,40.792495,-73.96417,40.78476,-73.969862,casual
1716558,91D48884E1F850AF,docked_bike,2021-04-17 10:46:03,2021-04-17 10:46:00,Central Park W & W 97 St,7538,Central Park West & W 85 St,7354,40.792495,-73.96417,40.78476,-73.969862,member
1716559,FC21773F623FC5DA,docked_bike,2021-04-05 08:02:57,2021-04-05 08:16:22,Central Park W & W 97 St,7538,W 47 St & 10 Ave,6824,40.792495,-73.96417,40.76269882,-73.99301222,member
1716561,27852BF4CB26AC6A,docked_bike,2021-04-29 14:34:15,2021-04-29 14:52:36,Central Park W & W 97 St,7538,W 47 St & 10 Ave,6824,40.792495,-73.96417,40.76269882,-73.99301222,member
1716563,3791F92BD271E851,docked_bike,2021-04-27 17:48:15,2021-04-27 18:00:24,Central Park W & W 97 St,7538,West End Ave & W 78 St,7340,40.792495,-73.96417,40.783786,-73.981687,member
1716565,E15D40A5739A1D8F,docked_bike,2021-04-09 12:58:30,2021-04-09 13:05:32,Central Park W & W 97 St,7538,Adam Clayton Powell Blvd & W 115 St,7643,40.792495,-73.96417,40.802535,-73.9532423,member
1716567,8A9163D6139553A0,docked_bike,2021-04-13 19:28:56,2021-04-13 19:32:30,Central Park W & W 97 St,7538,Central Park West & W 85 St,7354,40.792495,-73.96417,40.78476,-73.969862,member
1716568,915816750E44279B,docked_bike,2021-04-10 19:03:25,2021-04-10 19:09:11,Central Park W & W 97 St,7538,Central Park West & W 85 St,7354,40.792495,-73.96417,40.78476,-73.969862,member
1716570,32A9F535F9ADC9D3,docked_bike,2021-04-28 09:49:16,2021-04-28 09:53:50,Central Park W & W 97 St,7538,Central Park West & W 85 St,7354,40.792495,-73.96417,40.78476,-73.969862,member
1716571,5DAF38F0B26A7F83,docked_bike,2021-04-13 12:57:06,2021-04-13 13:01:14,Central Park W & W 97 St,7538,Central Park West & W 85 St,7354,40.792495,-73.96417,40.78476,-73.969862,member
1716573,0904400DA501916A,docked_bike,2021-04-28 15:07:37,2021-04-28 15:27:31,Central Park W & W 97 St,7538,West End Ave & W 78 St,7340,40.792495,-73.96417,40.783786,-73.981687,member
1716574,4A61B8ED2A028A0A,docked_bike,2021-04-05 08:42:08,2021-04-05 08:47:31,Central Park W & W 97 St,7538,Central Park West & W 85 St,7354,40.792495,-73.96417,40.78476,-73.969862,member
1716580,4A9CFE2610DCD60F,docked_bike,2021-04-27 15:05:52,2021-04-27 15:17:04,Central Park W & W 97 St,7538,Central Park West & W 85 St,7354,40.792495,-73.96417,40.78476,-73.969862,casual
1716581,AAF8F76D83CD2002,docked_bike,2021-04-15 07:32:59,2021-04-15 07:32:57,Central Park W & W 97 St,7538,Central Park West & W 85 St,7354,40.792495,-73.96417,40.78476,-73.969862,member
1717556,EF7FB94702FEE55D,docked_bike,2021-04-17 16:47:18,2021-04-17 16:47:18,Central Park W & W 97 St,7538,Central Park West & W 85 St,7354,40.792495,-73.96417,40.78476,-73.969862,member
1717558,D00F95EBEF5D6D0E,docked_bike,2021-04-04 16:47:12,2021-04-04 17:22:02,Central Park W & W 97 St,7538,Central Park West & W 85 St,7354,40.792495,-73.96417,40.78476,-73.969862,member
1717561,92B714BA5B3A4E20,docked_bike,2021-04-24 15:18:12,2021-04-24 15:25:02,Central Park W & W 97 St,7538,Central Park West & W 85 St,7354,40.792495,-73.96417,40.78476,-73.969862,member
1717564,79ECCA05A8413CBE,docked_bike,2021-04-28 17:20:49,2021-04-28 17:37:32,Central Park W & W 97 St,7538,West End Ave & W 78 St,7340,40.792495,-73.96417,40.783786,-73.981687,member
1717567,04827F0CAF977F4C,docked_bike,2021-04-28 17:33:27,2021-04-28 17:38:41,Central Park W & W 97 St,7538,Central Park West & W 85 St,7354,40.792495,-73.96417,40.78476,-73.969862,member
1717568,0111C5950E2F989A,docked_bike,2021-04-18 18:30:02,2021-04-18 18:35:54,Central Park W & W 97 St,7538,Central Park West & W 85 St,7354,40.792495,-73.96417,40.78476,-73.969862,member
1717786,68FD0ABFA4FBA034,docked_bike,2021-04-17 15:01:12,2021-04-17 15:05:57,Central Park W & W 97 St,7538,Central Park West & W 85 St,7354,40.792495,-73.96417,40.78476,-73.969862,member
1717788,6BB69DA1B419A42E,docked_bike,2021-04-23 08:54:46,2021-04-23 09:02:49,Central Park W & W 97 St,7538,Adam Clayton Powell Blvd & W 115 St,7643,40.792495,-73.96417,40.802535,-73.9532423,member
1717791,D22DDEE6E4AA28F0,docked_bike,2021-04-27 19:06:25,2021-04-27 19:14:06,Central Park W & W 97 St,7538,Central Park West & W 85 St,7354,40.792495,-73.96417,40.78476,-73.969862,casual
1717792,D4AF86D5432CEAAB,docked_bike,2021-04-22 19:43:14,2021-04-22 20:33:45,Central Park W & W 97 St,7538,Central Park West & W 85 St,7354,40.792495,-73.96417,40.78476,-73.969862,member
1717794,57BA58C5B4DFBC44,docked_bike,2021-04-04 19:40:34,2021-04-04 19:46:26,Central Park W & W 97 St,7538,Central Park West & W 85 St,7354,40.792495,-73.96417,40.78476,-73.969862,member
1717798,53548CF22AD40071,docked_bike,2021-04-01 14:28:09,2021-04-01 14:43:36,Central Park W & W 97 St,7538,West End Ave & W 78 St,7340,40.792495,-73.96417,40.783786,-73.981687,casual
1717799,BA971629A80632DB,docked_bike,2021-04-15 08:15:48,2021-04-15 08:15:41,Central Park W & W 97 St,7538,W 47 St & 10 Ave,6824,40.792495,-73.96417,40.76269882,-73.99301222,member
1717801,960F011E0620FB70,docked_bike,2021-04-24 15:44:18,2021-04-24 15:54:15,Central Park W & W 97 St,7538,Central Park West & W 85 St,7354,40.792495,-73.96417,40.78476,-73.969862,member
1717803,F871DAFE863526FA,docked_bike,2021-04-14 14:59:48,2021-04-14 15:05:45,Central Park W & W 97 St,7538,Central Park West & W 85 St,7354,40.792495,-73.96417,40.78476,-73.969862,casual
1717809,76117C43A0A1A7B2,docked_bike,2021-04-07 22:30:03,2021-04-07 22:49:43,Central Park W & W 97 St,7538,W 47 St & 10 Ave,6824,40.792495,-73.96417,40.76269882,-73.99301222,casual
1720776,CDEB939EA2579AFD,docked_bike,2021-04-24 18:20:21,2021-04-24 18:36:45,W 100 St & Manhattan Ave,7538,West End Ave & W 78 St,7340,40.795,-73.9645,40.783786,-73.981687,member
1720780,01C14CBA458E9818,docked_bike,2021-04-10 11:43:53,2021-04-10 11:49:27,W 100 St & Manhattan Ave,7538,Central Park West & W 85 St,7354,40.795,-73.9645,40.78476,-73.969862,member
1720784,DBD92E69D27C1A74,docked_bike,2021-04-26 20:14:47,2021-04-26 20:20:49,W 100 St & Manhattan Ave,7538,Central Park West & W 85 St,7354,40.795,-73.9645,40.78476,-73.969862,casual
1720802,A0F9CFABCA379507,docked_bike,2021-04-09 23:22:22,2021-04-09 23:33:31,W 100 St & Manhattan Ave,7538,West End Ave & W 78 St,7340,40.795,-73.9645,40.783786,-73.981687,member
1720805,CC1D76CC5D03A359,docked_bike,2021-04-06 19:19:43,2021-04-06 19:31:52,W 100 St & Manhattan Ave,7538,Adam Clayton Powell Blvd & W 115 St,7643,40.795,-73.9645,40.802535,-73.9532423,casual
1721228,0078CF90895CB87E,docked_bike,2021-04-14 17:08:29,2021-04-14 17:16:14,W 100 St & Manhattan Ave,7538,Central Park West & W 85 St,7354,40.795,-73.9645,40.78476,-73.969862,casual
1721236,07E0463AFEEDF0B5,docked_bike,2021-04-08 12:38:09,2021-04-08 12:43:17,W 100 St & Manhattan Ave,7538,Central Park West & W 85 St,7354,40.795,-73.9645,40.78476,-73.969862,member
1721238,C7D276DC4266AA16,docked_bike,2021-04-04 14:10:14,2021-04-04 14:31:45,W 100 St & Manhattan Ave,7538,Central Park West & W 85 St,7354,40.795,-73.9645,40.78476,-73.969862,member
1721241,B9CF0F2E1B55A91C,docked_bike,2021-04-21 17:35:59,2021-04-21 17:48:41,W 100 St & Manhattan Ave,7538,Adam Clayton Powell Blvd & W 115 St,7643,40.795,-73.9645,40.802535,-73.9532423,member
1721242,282B163770FB621A,docked_bike,2021-04-13 16:52:03,2021-04-13 17:13:06,W 100 St & Manhattan Ave,7538,Adam Clayton Powell Blvd & W 115 St,7643,40.795,-73.9645,40.802535,-73.9532423,member
1721245,0EBE69E70CB5EE9F,docked_bike,2021-04-17 23:22:42,2021-04-17 23:34:28,W 100 St & Manhattan Ave,7538,West End Ave & W 78 St,7340,40.795,-73.9645,40.783786,-73.981687,member
1721251,E35757170A24D248,docked_bike,2021-04-19 11:18:42,2021-04-19 11:24:29,W 100 St & Manhattan Ave,7538,Central Park West & W 85 St,7354,40.795,-73.9645,40.78476,-73.969862,member
1723701,1DCBE4D1070FFC0B,docked_bike,2021-04-27 16:24:40,2021-04-27 16:42:15,Central Park W & W 97 St,7538,W 47 St & 10 Ave,6824,40.792495,-73.96417,40.76269882,-73.99301222,member
1723704,E219FD41D379EEBC,docked_bike,2021-04-24 13:58:45,2021-04-24 14:05:05,Central Park W & W 97 St,7538,Central Park West & W 85 St,7354,40.792495,-73.964171,40.78476,-73.969862,casual
1723705,7D101972B65E3C48,docked_bike,2021-04-30 13:37:46,2021-04-30 14:06:45,Central Park W & W 97 St,7538,Central Park West & W 85 St,7354,40.792495,-73.96417,40.78476,-73.969862,casual
1723706,800540F96B736AD8,docked_bike,2021-04-30 15:19:51,2021-04-30 15:28:49,Central Park W & W 97 St,7538,Central Park West & W 85 St,7354,40.792495,-73.96417,40.78476,-73.969862,member
1725262,257EB598298CDF9A,docked_bike,2021-04-10 15:36:21,2021-04-10 15:43:25,Central Park W & W 97 St,7538,Central Park West & W 85 St,7354,40.792495,-73.96417,40.78476,-73.969862,member
1725264,E319824135484BB6,docked_bike,2021-04-06 10:23:30,2021-04-06 10:29:45,Central Park W & W 97 St,7538,Central Park West & W 85 St,7354,40.792495,-73.96417,40.78476,-73.969862,member
1725267,F220015A970DFA99,docked_bike,2021-04-01 19:32:29,2021-04-01 19:48:25,Central Park W & W 97 St,7538,West End Ave & W 78 St,7340,40.792495,-73.96417,40.783786,-73.981687,member
1725268,F640B51C953594D6,docked_bike,2021-04-30 16:12:45,2021-04-30 16:42:58,Central Park W & W 97 St,7538,Central Park West & W 85 St,7354,40.792495,-73.96417,40.78476,-73.969862,casual
1725270,8A65C12D1F7D8136,docked_bike,2021-04-04 18:01:20,2021-04-04 18:53:11,Central Park W & W 97 St,7538,Central Park West & W 85 St,7354,40.792495,-73.96417,40.78476,-73.969862,casual
1725272,A0C42F0D4ACA6618,docked_bike,2021-04-20 18:54:56,2021-04-20 19:01:09,Central Park W & W 97 St,7538,Central Park West & W 85 St,7354,40.792495,-73.96417,40.78476,-73.969862,member
1725276,94FC68BD0661EE01,docked_bike,2021-04-14 11:51:46,2021-04-14 11:56:26,Central Park W & W 97 St,7538,Central Park West & W 85 St,7354,40.792495,-73.964171,40.78476,-73.969862,member
1735629,2B59908569A0D3FC,docked_bike,2021-04-29 20:46:01,2021-04-29 21:33:17,W 100 St & Manhattan Ave,7538,W 20 St & 8 Ave,6224,40.795,-73.9645,40.743453,-74.00004,member
1735633,9A00A98F3AB136D5,docked_bike,2021-04-30 09:45:33,2021-04-30 10:06:14,W 100 St & Manhattan Ave,7538,St. Nicholas Ave & W 126 St,7756,40.795,-73.9645,40.8114323,-73.9518776,member
1735636,4D916A910801B1AB,docked_bike,2021-04-19 09:55:18,2021-04-19 10:19:55,W 100 St & Manhattan Ave,7538,E 63 St & 3 Ave,6830,40.795,-73.9645,40.763954,-73.9646,member
1735659,3AFFE312468BD0BE,docked_bike,2021-04-08 19:54:28,2021-04-08 20:11:54,W 100 St & Manhattan Ave,7538,E 63 St & 3 Ave,6830,40.795,-73.9645,40.763954,-73.9646,member
1735739,E7587074314055DB,docked_bike,2021-04-28 18:12:52,2021-04-28 18:21:26,W 100 St & Manhattan Ave,7538,St. Nicholas Ave & W 126 St,7756,40.795,-73.9645,40.8114323,-73.9518776,member
1735880,AF86E67BC3940932,docked_bike,2021-04-14 19:30:20,2021-04-14 19:40:53,Central Park W & W 97 St,7538,St. Nicholas Ave & W 126 St,7756,40.792495,-73.96417,40.8114323,-73.9518776,member
1735881,7A0D43B272BFB765,docked_bike,2021-04-26 19:47:05,2021-04-26 19:55:17,Central Park W & W 97 St,7538,St. Nicholas Ave & W 126 St,7756,40.792495,-73.96417,40.8114323,-73.9518776,member
1735886,AB8870602BB5F9C3,docked_bike,2021-04-13 19:39:19,2021-04-13 21:01:39,Central Park W & W 97 St,7538,St. Nicholas Ave & W 126 St,7756,40.792495,-73.96417,40.8114323,-73.9518776,member
1735891,46CEC29F4D293900,docked_bike,2021-04-01 13:19:10,2021-04-01 13:34:22,Central Park W & W 97 St,7538,St. Nicholas Ave & W 126 St,7756,40.792495,-73.96417,40.8114323,-73.9518776,member
1735893,1BB5E62A5535B864,docked_bike,2021-04-27 15:18:48,2021-04-27 15:54:24,Central Park W & W 97 St,7538,St. Nicholas Ave & W 126 St,7756,40.792495,-73.96417,40.8114323,-73.9518776,casual
1735899,F1847490A0BDE9E1,docked_bike,2021-04-13 21:07:08,2021-04-13 21:14:11,Central Park W & W 97 St,7538,St. Nicholas Ave & W 126 St,7756,40.792495,-73.96417,40.8114323,-73.9518776,member
1735993,FA1DBD53A24FAF78,docked_bike,2021-04-05 19:47:22,2021-04-05 20:09:48,Central Park W & W 97 St,7538,E 63 St & 3 Ave,6830,40.792495,-73.96417,40.763954,-73.9646,member
1736028,B8B2050E43882D47,docked_bike,2021-04-03 15:14:46,2021-04-03 15:25:09,Central Park W & W 97 St,7538,St. Nicholas Ave & W 126 St,7756,40.792495,-73.96417,40.8114323,-73.9518776,member
1736037,E994ACAD71A0E108,docked_bike,2021-04-27 19:45:44,2021-04-27 20:27:32,Central Park W & W 97 St,7538,E 161 St & Park Ave,7979,40.792495,-73.96417,40.824811,-73.916407,member
1736038,E1DDF34154E3BF5F,docked_bike,2021-04-23 14:06:51,2021-04-23 14:22:32,Central Park W & W 97 St,7538,E 138 St & 5 Av,7809,40.792495,-73.96417,40.81449,-73.936153,casual
1736040,876153383DFFD3A9,docked_bike,2021-04-13 15:50:42,2021-04-13 16:12:46,Central Park W & W 97 St,7538,E 138 St & 5 Av,7809,40.792495,-73.96417,40.81449,-73.936153,member
1736041,F467E7F4C924ECF8,docked_bike,2021-04-18 17:33:50,2021-04-18 18:00:21,Central Park W & W 97 St,7538,E 138 St & 5 Av,7809,40.792495,-73.96417,40.81449,-73.936153,member
1736111,60159B70F797AF5E,docked_bike,2021-04-08 22:47:55,2021-04-09 13:27:01,Central Park W & W 97 St,7538,E 63 St & 3 Ave,6830,40.792495,-73.96417,40.763954,-73.9646,casual
1736121,D83173F22ACEDB6E,docked_bike,2021-04-22 19:35:47,2021-04-22 19:43:32,Central Park W & W 97 St,7538,St. Nicholas Ave & W 126 St,7756,40.792495,-73.96417,40.8114323,-73.9518776,member
1736124,5EA00B668C3D7137,docked_bike,2021-04-19 13:19:33,2021-04-19 13:28:25,Central Park W & W 97 St,7538,St. Nicholas Ave & W 126 St,7756,40.792495,-73.96417,40.8114323,-73.9518776,member
1736125,56CD4935C2CCCA0A,docked_bike,2021-04-07 11:27:27,2021-04-07 11:38:05,Central Park W & W 97 St,7538,St. Nicholas Ave & W 126 St,7756,40.792495,-73.96417,40.8114323,-73.9518776,member
1736126,2560120D35C30C69,docked_bike,2021-04-04 20:46:02,2021-04-04 21:23:21,Central Park W & W 97 St,7538,W 20 St & 8 Ave,6224,40.792495,-73.96417,40.74345335,-74.00004031,member
1736132,B8B68604D16E3037,docked_bike,2021-04-29 13:31:23,2021-04-29 13:40:48,Central Park W & W 97 St,7538,St. Nicholas Ave & W 126 St,7756,40.792495,-73.96417,40.8114323,-73.9518776,member
1736210,D17ADCFD47F462E4,docked_bike,2021-04-20 17:07:10,2021-04-20 17:19:09,Central Park W & W 97 St,7538,St. Nicholas Ave & W 126 St,7756,40.792495,-73.96417,40.8114323,-73.9518776,member
1736302,DD7368F23B00EE33,docked_bike,2021-04-28 17:14:18,2021-04-28 17:41:52,Central Park W & W 97 St,7538,8 Ave & W 33 St,6450,40.792495,-73.96417,40.751551,-73.993934,member
1736310,2905AD3003EBB57F,docked_bike,2021-04-17 19:35:41,2021-04-17 19:47:33,Central Park W & W 97 St,7538,St. Nicholas Ave & W 126 St,7756,40.792495,-73.96417,40.8114323,-73.9518776,member
1736363,33212D121BCAA7F8,docked_bike,2021-04-28 07:57:02,2021-04-28 08:05:18,Central Park W & W 97 St,7538,St. Nicholas Ave & W 126 St,7756,40.792495,-73.96417,40.8114323,-73.9518776,member
1736364,24BC385BE05FF24F,docked_bike,2021-04-10 19:20:42,2021-04-10 19:31:11,Central Park W & W 97 St,7538,St. Nicholas Ave & W 126 St,7756,40.792495,-73.96417,40.8114323,-73.9518776,member
1736369,B6388DBBAFE70742,docked_bike,2021-04-26 18:48:52,2021-04-26 19:01:18,Central Park W & W 97 St,7538,E 138 St & 5 Av,7809,40.792495,-73.96417,40.81449,-73.936153,casual
1736372,99E44D56E7F9D294,docked_bike,2021-04-27 15:20:04,2021-04-27 15:53:04,Central Park W & W 97 St,7538,St. Nicholas Ave & W 126 St,7756,40.792495,-73.96417,40.8114323,-73.9518776,casual
1736407,DF2279797D5C7BBA,docked_bike,2021-04-07 15:38:47,2021-04-07 16:05:16,Central Park W & W 97 St,7538,E 63 St & 3 Ave,6830,40.792495,-73.96417,40.763954,-73.9646,member
1736856,399799A2CD5F12AB,docked_bike,2021-04-23 14:56:25,2021-04-23 15:20:22,Central Park W & W 97 St,7538,E 63 St & 3 Ave,6830,40.792495,-73.96417,40.763954,-73.9646,member
1736861,A3EECBFA082B2725,docked_bike,2021-04-06 11:30:44,2021-04-06 12:00:34,Central Park W & W 97 St,7538,E 63 St & 3 Ave,6830,40.792495,-73.96417,40.763954,-73.9646,member
1736863,D5EE69507037C470,docked_bike,2021-04-26 19:07:21,2021-04-26 19:40:21,Central Park W & W 97 St,7538,8 Ave & W 33 St,6450,40.792495,-73.96417,40.751551,-73.993934,member
1736864,64388493D9A0F3CE,docked_bike,2021-04-03 16:56:55,2021-04-03 18:44:37,Central Park W & W 97 St,7538,8 Ave & W 33 St,6450,40.792495,-73.964171,40.751551,-73.993934,casual
1736866,8E22D944E26A1CD7,docked_bike,2021-04-03 13:12:47,2021-04-03 13:25:01,Central Park W & W 97 St,7538,St. Nicholas Ave & W 126 St,7756,40.792495,-73.96417,40.8114323,-73.9518776,member
1736873,F8681B6979E5FD7C,docked_bike,2021-04-13 16:58:32,2021-04-13 17:16:32,W 100 St & Manhattan Ave,7538,E 63 St & 3 Ave,6830,40.795,-73.9645,40.763954,-73.9646,member
1737257,DB875437A33EADD3,docked_bike,2021-04-10 14:05:04,2021-04-10 14:47:30,Central Park W & W 97 St,7538,W 20 St & 8 Ave,6224,40.792495,-73.96417,40.74345335,-74.00004031,casual
1737268,2E729BAC3A074176,docked_bike,2021-04-28 12:27:36,2021-04-28 12:38:58,Central Park W & W 97 St,7538,St. Nicholas Ave & W 126 St,7756,40.792495,-73.96417,40.8114323,-73.9518776,member
1742647,8FD8EDEBD5BEB3D8,docked_bike,2021-04-08 13:54:27,2021-04-08 14:04:07,Central Park W & W 97 St,7538,St. Nicholas Ave & W 126 St,7756,40.792495,-73.96417,40.8114323,-73.9518776,member
1742648,A2BD84B5CC6DD171,docked_bike,2021-04-22 14:39:22,2021-04-22 14:48:55,Central Park W & W 97 St,7538,St. Nicholas Ave & W 126 St,7756,40.792495,-73.96417,40.8114323,-73.9518776,member
1742658,DDB19D05CC598256,docked_bike,2021-04-25 11:34:38,2021-04-25 12:10:07,Central Park W & W 97 St,7538,8 Ave & W 33 St,6450,40.792495,-73.96417,40.751551,-73.993934,member
1742659,BDED08C497E8954C,docked_bike,2021-04-17 14:48:13,2021-04-17 14:48:10,Central Park W & W 97 St,7538,St. Nicholas Ave & W 126 St,7756,40.792495,-73.96417,40.8114323,-73.9518776,casual
1746228,DF724435EA691D42,docked_bike,2021-04-10 09:47:14,2021-04-10 10:17:36,W 100 St & Manhattan Ave,7538,St. Nicholas Ave & W 126 St,7756,40.795,-73.9645,40.8114323,-73.9518776,casual
1751868,7229E5231347D6D2,docked_bike,2021-04-05 18:55:30,2021-04-05 19:20:53,Central Park W & W 97 St,7538,E 54 St & 1 Ave,6608,40.792495,-73.96417,40.756265,-73.964179,member
1753201,605695279EF9FA2D,docked_bike,2021-04-20 19:33:33,2021-04-20 20:12:37,W 100 St & Manhattan Ave,7538,West St & Chambers St,5329,40.795,-73.9645,40.71754834,-74.01322069,member
1758289,B549EBBCF2133E15,docked_bike,2021-04-27 17:27:47,2021-04-27 18:03:39,Central Park W & W 97 St,7538,West St & Chambers St,5329,40.792495,-73.96417,40.71754834,-74.01322069,member
1758335,94803E4773779A7F,docked_bike,2021-04-01 17:23:09,2021-04-01 17:46:46,Central Park W & W 97 St,7538,E 54 St & 1 Ave,6608,40.792495,-73.96417,40.756265,-73.964179,member
1758474,48F1CCF7DCA409DB,docked_bike,2021-04-16 18:11:35,2021-04-16 18:37:34,Central Park W & W 97 St,7538,E 54 St & 1 Ave,6608,40.792495,-73.96417,40.756265,-73.964179,member
1758479,F7908B6212365309,docked_bike,2021-04-27 16:45:48,2021-04-27 17:22:42,Central Park W & W 97 St,7538,Cleveland Pl & Spring St,5492,40.792495,-73.96417,40.722103786686034,-73.99724900722504,member
1758491,864C2411E346437C,docked_bike,2021-04-13 15:09:55,2021-04-13 15:32:05,Central Park W & W 97 St,7538,E 54 St & 1 Ave,6608,40.792495,-73.96417,40.756265,-73.964179,member
1758514,31008D3D8265C015,docked_bike,2021-04-16 09:35:47,2021-04-16 10:20:56,Central Park W & W 97 St,7538,E 60 St & York Ave,6682,40.792495,-73.96417,40.759107,-73.959223,casual
1758526,12D98BEFCDBEAD1E,docked_bike,2021-04-24 17:53:52,2021-04-24 18:17:14,Central Park W & W 97 St,7538,Pershing Square South,6432,40.792495,-73.96417,40.751581,-73.97791,member
1758527,5A89DFD19070B1C5,docked_bike,2021-04-14 16:06:17,2021-04-14 16:34:36,Central Park W & W 97 St,7538,E 54 St & 1 Ave,6608,40.792495,-73.96417,40.756265,-73.964179,member
1758749,828B9C0484394D51,docked_bike,2021-04-13 21:22:51,2021-04-13 22:19:54,Central Park W & W 97 St,7538,West St & Chambers St,5329,40.792495,-73.96417,40.71754834,-74.01322069,member
1759003,8246DC25BF8402C0,docked_bike,2021-04-29 19:44:52,2021-04-29 19:59:00,W 100 St & Manhattan Ave,7538,St Nicholas Ave & W 137 St,7898,40.795,-73.9645,40.818477,-73.947568,member
1759004,33C8FA478D56DE4E,docked_bike,2021-04-25 14:59:14,2021-04-25 15:24:24,W 100 St & Manhattan Ave,7538,Riverside Dr & W 145 St,8018,40.795,-73.9645,40.827305,-73.951989,member
1759036,D0DF5C2865FCD3A4,docked_bike,2021-04-06 18:02:26,2021-04-06 18:30:05,Central Park W & W 97 St,7538,E 54 St & 1 Ave,6608,40.792495,-73.96417,40.756265,-73.964179,member
1759042,BA68DBEC0A0544EE,docked_bike,2021-04-28 17:10:34,2021-04-28 18:26:18,Central Park W & W 97 St,7538,West St & Chambers St,5329,40.792495,-73.96417,40.71754834,-74.01322069,member
1759050,DCC48DA0A02C9A8B,docked_bike,2021-04-13 10:23:20,2021-04-13 10:55:33,Central Park W & W 97 St,7538,E 54 St & 1 Ave,6608,40.792495,-73.96417,40.756265,-73.964179,member
1759058,9609748261CF86F5,docked_bike,2021-04-24 17:53:41,2021-04-24 18:17:12,Central Park W & W 97 St,7538,Pershing Square South,6432,40.792495,-73.96417,40.751581,-73.97791,member
1759386,050026D41664995F,docked_bike,2021-04-28 17:10:04,2021-04-28 18:26:45,Central Park W & W 97 St,7538,West St & Chambers St,5329,40.792495,-73.96417,40.71754834,-74.01322069,member
1759397,85BD51DBC3A99CD7,docked_bike,2021-04-23 09:33:20,2021-04-23 10:01:17,Central Park W & W 97 St,7538,Pershing Square South,6432,40.792495,-73.96417,40.751581,-73.97791,member
1759736,06F29E28CE9B7491,docked_bike,2021-04-14 16:09:40,2021-04-14 16:23:45,Central Park W & W 97 St,7538,St Nicholas Ave & W 137 St,7898,40.792495,-73.96417,40.818477,-73.947568,casual
1759864,34D3CD79D7EB9C1E,docked_bike,2021-04-23 08:41:03,2021-04-23 08:50:40,Central Park W & W 97 St,7538,St Nicholas Ave & W 137 St,7898,40.792495,-73.96417,40.818477,-73.947568,member
1775853,F69C7865ADC920C5,docked_bike,2021-04-28 17:59:27,2021-04-28 18:31:59,Central Park W & W 97 St,7538,Riverside Dr & W 153 St,8108,40.792495,-73.96417,40.832164,-73.949702,casual
1775865,5F7E77960587E0B3,docked_bike,2021-04-18 14:42:46,2021-04-18 15:11:26,Central Park W & W 97 St,7538,W 42 St & 6 Ave,6517,40.792495,-73.96417,40.75492,-73.98455,member
1775957,450F76DD9B488005,docked_bike,2021-04-04 17:53:23,2021-04-04 18:09:55,Central Park W & W 97 St,7538,W 42 St & 6 Ave,6517,40.792495,-73.96417,40.75492,-73.98455,casual
1775967,9913C4C72BBC0335,docked_bike,2021-04-03 18:03:46,2021-04-03 18:53:06,Central Park W & W 97 St,7538,E 25 St & 2 Ave,6046,40.792495,-73.96417,40.73912601,-73.97973776,member
1775989,60482168D9CE6217,docked_bike,2021-04-14 13:35:30,2021-04-14 14:12:00,Central Park W & W 97 St,7538,E 47 St & 1 Ave,6498,40.792495,-73.96417,40.75206862,-73.96784384,casual
1776070,1AE7EAF2B3F3EA1B,docked_bike,2021-04-04 18:57:31,2021-04-04 19:22:12,Central Park W & W 97 St,7538,E 25 St & 2 Ave,6046,40.792495,-73.96417,40.73912601,-73.97973776,casual
1776118,9A5E9578D5E2840B,docked_bike,2021-04-18 17:51:04,2021-04-18 18:12:23,Central Park W & W 97 St,7538,Riverside Dr & W 153 St,8108,40.792495,-73.96417,40.832164,-73.949702,member
1776133,C61D4EF8BE5A5DE0,docked_bike,2021-04-24 14:32:14,2021-04-24 15:10:17,Central Park W & W 97 St,7538,E 47 St & 1 Ave,6498,40.792495,-73.96417,40.75206862,-73.96784384,casual
1776147,055AC123B703A16E,docked_bike,2021-04-19 11:06:23,2021-04-19 11:23:05,Central Park W & W 97 St,7538,W 42 St & 6 Ave,6517,40.792495,-73.96417,40.75492,-73.98455,member
1776148,204B29C0E3059007,docked_bike,2021-04-10 16:54:53,2021-04-10 17:31:22,Central Park W & W 97 St,7538,W 42 St & 6 Ave,6517,40.792495,-73.96417,40.75492,-73.98455,casual
1779867,393C6F044338ACE3,docked_bike,2021-04-10 15:07:49,2021-04-10 15:37:30,W 100 St & Manhattan Ave,7538,E 47 St & 1 Ave,6498,40.795,-73.9645,40.75206862,-73.96784384,casual
1780707,1BB2FA8BDA5CEECD,docked_bike,2021-04-03 18:02:41,2021-04-03 18:53:06,Central Park W & W 97 St,7538,E 25 St & 2 Ave,6046,40.792495,-73.964171,40.739126,-73.979738,member
1791249,F1F97FFB95E009C1,docked_bike,2021-04-12 11:58:41,2021-04-12 12:35:05,Central Park W & W 97 St,7538,Central Park North & Adam Clayton Powell Blvd,7617,40.792495,-73.96417,40.799484,-73.955613,casual
1791252,A26AC0167E28FBE3,docked_bike,2021-04-13 14:41:45,2021-04-13 14:46:16,Central Park W & W 97 St,7538,Central Park North & Adam Clayton Powell Blvd,7617,40.792495,-73.96417,40.799484,-73.955613,member
1791259,C5CAE2ADD6B37308,docked_bike,2021-04-21 08:49:46,2021-04-21 09:04:37,Central Park W & W 97 St,7538,Columbus Ave & W 103 St,7595,40.792495,-73.96417,40.7969347,-73.9643412291,member
1791277,B797046D269759C5,docked_bike,2021-04-23 09:22:56,2021-04-23 09:27:54,Central Park W & W 97 St,7538,Central Park North & Adam Clayton Powell Blvd,7617,40.792495,-73.96417,40.799484,-73.955613,casual
1791278,2E666191FF93E193,docked_bike,2021-04-24 15:51:57,2021-04-24 16:43:00,Central Park W & W 97 St,7538,Central Park North & Adam Clayton Powell Blvd,7617,40.792495,-73.96417,40.799484,-73.955613,member
1791280,B529C9A709AB9A52,docked_bike,2021-04-20 07:48:04,2021-04-20 07:52:02,Central Park W & W 97 St,7538,Columbus Ave & W 103 St,7595,40.792495,-73.96417,40.7969347,-73.9643412291,member
1791281,F9F775121222E687,docked_bike,2021-04-01 21:22:35,2021-04-01 21:30:21,Central Park W & W 97 St,7538,Central Park North & Adam Clayton Powell Blvd,7617,40.792495,-73.96417,40.799484,-73.955613,member
1791282,45C67EBE91958EBB,docked_bike,2021-04-28 14:18:06,2021-04-28 15:12:19,Central Park W & W 97 St,7538,Central Park North & Adam Clayton Powell Blvd,7617,40.792495,-73.96417,40.799484,-73.955613,casual
1791293,094653394B85DE51,docked_bike,2021-04-21 19:40:30,2021-04-21 19:58:53,Central Park W & W 97 St,7538,Central Park North & Adam Clayton Powell Blvd,7617,40.792495,-73.96417,40.799484,-73.955613,member
1791296,D9A40F4F8B90BDA2,docked_bike,2021-04-26 17:30:16,2021-04-26 17:34:30,Central Park W & W 97 St,7538,Columbus Ave & W 103 St,7595,40.792495,-73.96417,40.7969347,-73.9643412291,member
1791297,9E4DD234737F63D5,docked_bike,2021-04-25 18:17:02,2021-04-25 18:22:53,Central Park W & W 97 St,7538,Central Park North & Adam Clayton Powell Blvd,7617,40.792495,-73.96417,40.799484,-73.955613,member
1791299,62A6CA268E1BB82D,docked_bike,2021-04-24 17:12:14,2021-04-24 17:16:41,Central Park W & W 97 St,7538,Central Park North & Adam Clayton Powell Blvd,7617,40.792495,-73.96417,40.799484,-73.955613,member
1791300,415678A66B8F3635,docked_bike,2021-04-21 16:51:55,2021-04-21 17:15:07,Central Park W & W 97 St,7538,Central Park North & Adam Clayton Powell Blvd,7617,40.792495,-73.96417,40.799484,-73.955613,member
1791301,AF10077C49E8B94D,docked_bike,2021-04-30 17:04:06,2021-04-30 17:09:31,Central Park W & W 97 St,7538,Columbus Ave & W 103 St,7595,40.792495,-73.96417,40.7969347,-73.9643412291,member
1791308,138813D8A787144E,docked_bike,2021-04-30 16:51:57,2021-04-30 17:01:11,Central Park W & W 97 St,7538,Columbus Ave & W 103 St,7595,40.792495,-73.96417,40.7969347,-73.9643412291,member
1791313,8DF328F4F29EE82F,docked_bike,2021-04-28 16:12:42,2021-04-28 16:28:16,Central Park W & W 97 St,7538,Central Park North & Adam Clayton Powell Blvd,7617,40.792495,-73.96417,40.799484,-73.955613,member
1791317,A448CEF56063D33F,docked_bike,2021-04-09 12:08:09,2021-04-09 12:13:33,Central Park W & W 97 St,7538,Central Park North & Adam Clayton Powell Blvd,7617,40.792495,-73.96417,40.799484,-73.955613,member
1791318,D0E14D2EE475E291,docked_bike,2021-04-30 18:25:52,2021-04-30 18:29:43,Central Park W & W 97 St,7538,Columbus Ave & W 103 St,7595,40.792495,-73.96417,40.7969347,-73.9643412291,member
1791321,0A773E5A4F9C33D9,docked_bike,2021-04-24 13:33:47,2021-04-24 13:44:20,Central Park W & W 97 St,7538,Central Park North & Adam Clayton Powell Blvd,7617,40.792495,-73.96417,40.799484,-73.955613,member
1791322,64A65C4F6C633211,docked_bike,2021-04-26 13:13:33,2021-04-26 13:19:37,Central Park W & W 97 St,7538,Central Park North & Adam Clayton Powell Blvd,7617,40.792495,-73.96417,40.799484,-73.955613,member
1791323,56AD430EF6A80119,docked_bike,2021-04-21 16:15:52,2021-04-21 16:21:00,Central Park W & W 97 St,7538,Central Park North & Adam Clayton Powell Blvd,7617,40.792495,-73.96417,40.799484,-73.955613,member
1791326,9C95ECA3414E1D91,docked_bike,2021-04-07 17:41:07,2021-04-07 18:10:03,Central Park W & W 97 St,7538,Central Park North & Adam Clayton Powell Blvd,7617,40.792495,-73.96417,40.799484,-73.955613,member
1791347,6BA2F3D80D4D038C,docked_bike,2021-04-17 15:51:25,2021-04-17 15:51:17,Central Park W & W 97 St,7538,Central Park North & Adam Clayton Powell Blvd,7617,40.792495,-73.96417,40.799484,-73.955613,member
1791349,3A5ABEB4C1CCC69C,docked_bike,2021-04-30 16:08:02,2021-04-30 16:16:52,Central Park W & W 97 St,7538,Columbus Ave & W 103 St,7595,40.792495,-73.96417,40.7969347,-73.9643412291,member
1791350,A2FD2D765A05E091,docked_bike,2021-04-17 14:20:22,2021-04-17 14:59:53,Central Park W & W 97 St,7538,Central Park North & Adam Clayton Powell Blvd,7617,40.792495,-73.964171,40.799484,-73.955613,member
1791368,D2C4FBF647AC71EC,docked_bike,2021-04-23 04:51:23,2021-04-23 04:53:48,Central Park W & W 97 St,7538,Columbus Ave & W 103 St,7595,40.792495,-73.96417,40.7969347,-73.9643412291,member
1791369,F3088A8DED116F5B,docked_bike,2021-04-04 16:09:51,2021-04-04 16:55:24,Central Park W & W 97 St,7538,Central Park North & Adam Clayton Powell Blvd,7617,40.792495,-73.96417,40.799484,-73.955613,casual
1791371,34CD1F7B847EB6CC,docked_bike,2021-04-28 11:11:50,2021-04-28 11:18:25,Central Park W & W 97 St,7538,Central Park North & Adam Clayton Powell Blvd,7617,40.792495,-73.96417,40.799484,-73.955613,member
1791374,180940D09258E6D3,docked_bike,2021-04-04 16:09:44,2021-04-04 16:56:12,Central Park W & W 97 St,7538,Central Park North & Adam Clayton Powell Blvd,7617,40.792495,-73.96417,40.799484,-73.955613,casual
1791385,72DD46C4CB254124,docked_bike,2021-04-24 15:52:31,2021-04-24 16:42:53,Central Park W & W 97 St,7538,Central Park North & Adam Clayton Powell Blvd,7617,40.792495,-73.96417,40.799484,-73.955613,member
1791388,F13C5E6BDAA574F2,docked_bike,2021-04-21 14:18:06,2021-04-21 14:52:48,Central Park W & W 97 St,7538,Murray St & West St,5329,40.792495,-73.96417,40.7149787,-74.013012,member
1791389,AA4AA22AF1AFDA29,docked_bike,2021-04-24 16:19:03,2021-04-24 16:24:08,Central Park W & W 97 St,7538,Central Park North & Adam Clayton Powell Blvd,7617,40.792495,-73.96417,40.799484,-73.955613,member
1791391,D824C927773E3FAD,docked_bike,2021-04-06 16:38:55,2021-04-06 16:47:29,Central Park W & W 97 St,7538,Central Park North & Adam Clayton Powell Blvd,7617,40.792495,-73.96417,40.799484,-73.955613,member
1791392,387FE0128219AA37,docked_bike,2021-04-17 06:19:04,2021-04-17 06:19:02,Central Park W & W 97 St,7538,Columbus Ave & W 103 St,7595,40.792495,-73.96417,40.7969347,-73.9643412291,member
1791393,EBE9BFE359D59182,docked_bike,2021-04-25 00:08:58,2021-04-25 00:12:37,Central Park W & W 97 St,7538,Central Park North & Adam Clayton Powell Blvd,7617,40.792495,-73.96417,40.799484,-73.955613,member
1791397,FFF325FFF9ED077C,docked_bike,2021-04-22 13:55:50,2021-04-22 14:01:35,Central Park W & W 97 St,7538,Central Park North & Adam Clayton Powell Blvd,7617,40.792495,-73.96417,40.799484,-73.955613,member
1791398,24ADDE0104C2701E,docked_bike,2021-04-30 20:02:16,2021-04-30 20:06:24,Central Park W & W 97 St,7538,Columbus Ave & W 103 St,7595,40.792495,-73.96417,40.7969347,-73.9643412291,member
1791401,0139650E36AD34F6,docked_bike,2021-04-30 20:18:57,2021-04-30 20:22:43,Central Park W & W 97 St,7538,Columbus Ave & W 103 St,7595,40.792495,-73.96417,40.7969347,-73.9643412291,member
1791403,A7C4A68E016E3278,docked_bike,2021-04-14 08:23:56,2021-04-14 08:31:49,Central Park W & W 97 St,7538,Central Park North & Adam Clayton Powell Blvd,7617,40.792495,-73.96417,40.799484,-73.955613,member
1791474,E057969CB65ED46C,docked_bike,2021-04-13 10:36:19,2021-04-13 11:09:43,Central Park W & W 97 St,7538,Central Park North & Adam Clayton Powell Blvd,7617,40.792495,-73.96417,40.799484,-73.955613,member
1791475,45AAC3E2A489601F,docked_bike,2021-04-07 14:44:02,2021-04-07 14:49:08,Central Park W & W 97 St,7538,Columbus Ave & W 103 St,7595,40.792495,-73.96417,40.7969347,-73.9643412291,member
1791480,3D2AFECAEDADCF9E,docked_bike,2021-04-02 16:42:21,2021-04-02 17:05:41,Central Park W & W 97 St,7538,Central Park North & Adam Clayton Powell Blvd,7617,40.792495,-73.96417,40.799484,-73.955613,casual
1791481,148572BFC9344BBC,docked_bike,2021-04-08 16:27:51,2021-04-08 16:33:47,Central Park W & W 97 St,7538,Central Park North & Adam Clayton Powell Blvd,7617,40.792495,-73.96417,40.799484,-73.955613,member
1791587,5C37B0041128E0CB,docked_bike,2021-04-05 18:40:00,2021-04-05 19:53:01,Central Park W & W 97 St,7538,Central Park North & Adam Clayton Powell Blvd,7617,40.792495,-73.96417,40.799484,-73.955613,casual
1791588,1951FF5115890077,docked_bike,2021-04-18 16:28:26,2021-04-18 16:32:46,Central Park W & W 97 St,7538,Central Park North & Adam Clayton Powell Blvd,7617,40.792495,-73.96417,40.799484,-73.955613,member
1791591,CA9879181905ABB2,docked_bike,2021-04-17 16:41:29,2021-04-17 16:41:22,Central Park W & W 97 St,7538,Central Park North & Adam Clayton Powell Blvd,7617,40.792495,-73.96417,40.799484,-73.955613,member
1791592,21B7DBBE27DFBEBF,docked_bike,2021-04-09 12:59:13,2021-04-09 13:41:46,Central Park W & W 97 St,7538,Columbus Ave & W 103 St,7595,40.792495,-73.96417,40.7969347,-73.9643412291,casual
1791594,6CF8BB1378F8D387,docked_bike,2021-04-04 16:10:14,2021-04-04 16:56:04,Central Park W & W 97 St,7538,Central Park North & Adam Clayton Powell Blvd,7617,40.792495,-73.96417,40.799484,-73.955613,casual
1791598,7F38908C6FD59F1F,docked_bike,2021-04-13 12:54:48,2021-04-13 13:26:04,Central Park W & W 97 St,7538,Central Park North & Adam Clayton Powell Blvd,7617,40.792495,-73.96417,40.799484,-73.955613,member
1791599,60C9B7A609E35874,docked_bike,2021-04-07 07:49:23,2021-04-07 07:55:11,Central Park W & W 97 St,7538,Columbus Ave & W 103 St,7595,40.792495,-73.96417,40.7969347,-73.9643412291,member
1791698,1DDAD338C686B9C1,docked_bike,2021-04-24 00:33:54,2021-04-24 00:36:29,Central Park W & W 97 St,7538,Columbus Ave & W 103 St,7595,40.792495,-73.96417,40.7969347,-73.9643412291,member
1791699,1357C75A716CFB21,docked_bike,2021-04-14 18:01:03,2021-04-14 18:09:33,Central Park W & W 97 St,7538,Central Park North & Adam Clayton Powell Blvd,7617,40.792495,-73.96417,40.799484,-73.955613,member
1791701,3B84A4BFACFD8793,docked_bike,2021-04-18 15:40:39,2021-04-18 16:12:06,Central Park W & W 97 St,7538,Central Park North & Adam Clayton Powell Blvd,7617,40.792495,-73.96417,40.799484,-73.955613,member
1791704,3EE49886DA22C901,docked_bike,2021-04-24 17:30:25,2021-04-24 17:35:03,Central Park W & W 97 St,7538,Central Park North & Adam Clayton Powell Blvd,7617,40.792495,-73.96417,40.799484,-73.955613,member
1791705,58038BC0D106AC7D,docked_bike,2021-04-03 12:27:47,2021-04-03 13:06:42,Central Park W & W 97 St,7538,Central Park North & Adam Clayton Powell Blvd,7617,40.792495,-73.96417,40.799484,-73.955613,member
1792281,ADB3746AF9ED08B6,docked_bike,2021-04-11 16:51:11,2021-04-11 16:54:38,Central Park W & W 97 St,7538,Columbus Ave & W 103 St,7595,40.792495,-73.96417,40.7969347,-73.9643412291,member
1792282,0FEBEF5DAA2AE0E4,docked_bike,2021-04-03 16:59:05,2021-04-03 17:15:06,Central Park W & W 97 St,7538,Central Park North & Adam Clayton Powell Blvd,7617,40.792495,-73.96417,40.799484,-73.955613,casual
1794838,9A9D239A904F1BBC,docked_bike,2021-04-20 09:43:40,2021-04-20 09:45:15,W 100 St & Manhattan Ave,7538,Columbus Ave & W 103 St,7595,40.795,-73.9645,40.7969347,-73.9643412291,member
1794839,5FB3FD9FB85D881C,docked_bike,2021-04-28 18:12:17,2021-04-28 18:37:12,W 100 St & Manhattan Ave,7538,Central Park North & Adam Clayton Powell Blvd,7617,40.795,-73.9645,40.799484,-73.955613,member
1794840,01E7E58914765D92,docked_bike,2021-04-04 15:17:54,2021-04-04 16:07:51,W 100 St & Manhattan Ave,7538,Central Park North & Adam Clayton Powell Blvd,7617,40.795,-73.9645,40.799484,-73.955613,casual
1794842,0B58178977DFC123,docked_bike,2021-04-20 19:53:41,2021-04-20 19:59:11,W 100 St & Manhattan Ave,7538,Central Park North & Adam Clayton Powell Blvd,7617,40.795,-73.9645,40.799484,-73.955613,member
1794844,5D9242A50DDE32BC,docked_bike,2021-04-08 18:17:56,2021-04-08 18:30:51,W 100 St & Manhattan Ave,7538,Central Park North & Adam Clayton Powell Blvd,7617,40.795,-73.9645,40.799484,-73.955613,member
1795522,1A7E56228B9A17AD,docked_bike,2021-04-04 15:19:55,2021-04-04 16:07:57,W 100 St & Manhattan Ave,7538,Central Park North & Adam Clayton Powell Blvd,7617,40.795,-73.9645,40.799484,-73.955613,casual
1795523,88631170692B35C7,docked_bike,2021-04-26 17:42:41,2021-04-26 17:47:40,W 100 St & Manhattan Ave,7538,Central Park North & Adam Clayton Powell Blvd,7617,40.795,-73.9645,40.799484,-73.955613,member
1795527,DC44481356C128FD,docked_bike,2021-04-10 20:40:08,2021-04-10 21:38:26,W 100 St & Manhattan Ave,7538,Columbus Ave & W 103 St,7595,40.795,-73.9645,40.7969347,-73.9643412291,casual
1795528,BF08480CF7AD25B6,docked_bike,2021-04-10 14:13:40,2021-04-10 14:59:03,W 100 St & Manhattan Ave,7538,Murray St & West St,5329,40.795,-73.9645,40.7149787,-74.013012,casual
1801607,DD8EB9ABED148C70,docked_bike,2021-04-25 12:04:03,2021-04-25 12:06:02,W 100 St & Manhattan Ave,7538,Columbus Ave & W 95 St,7520,40.795,-73.9645,40.7919557,-73.968087,member
1801618,9EB5FBE6240429A6,docked_bike,2021-04-19 17:04:42,2021-04-19 17:08:27,W 100 St & Manhattan Ave,7538,Columbus Ave & W 95 St,7520,40.795,-73.9645,40.7919557,-73.968087,member
1801619,86417C327921A09F,docked_bike,2021-04-12 13:50:28,2021-04-12 13:52:35,W 100 St & Manhattan Ave,7538,Columbus Ave & W 95 St,7520,40.795,-73.9645,40.7919557,-73.968087,member
1801622,904CA9FCA3C142A9,docked_bike,2021-04-17 12:53:14,2021-04-17 12:59:24,W 100 St & Manhattan Ave,7538,Columbus Ave & W 95 St,7520,40.795,-73.9645,40.7919557,-73.968087,member
1803668,F2F805517E5C427A,docked_bike,2021-04-04 14:29:41,2021-04-04 14:36:12,Central Park W & W 97 St,7538,Columbus Ave & W 95 St,7520,40.792495,-73.96417,40.7919557,-73.968087,casual
1803676,523419C672618024,docked_bike,2021-04-14 12:23:34,2021-04-14 12:27:00,Central Park W & W 97 St,7538,Columbus Ave & W 95 St,7520,40.792495,-73.96417,40.7919557,-73.968087,member
1803678,05DCAF170332E180,docked_bike,2021-04-19 13:45:06,2021-04-19 13:47:11,Central Park W & W 97 St,7538,Columbus Ave & W 95 St,7520,40.792495,-73.96417,40.7919557,-73.968087,member
1803680,C62D967D63812925,docked_bike,2021-04-03 15:44:41,2021-04-03 15:47:34,Central Park W & W 97 St,7538,Columbus Ave & W 95 St,7520,40.792495,-73.96417,40.7919557,-73.968087,member
1803684,BD878529FDFC6733,docked_bike,2021-04-19 18:28:30,2021-04-19 18:57:45,Central Park W & W 97 St,7538,Columbus Ave & W 95 St,7520,40.792495,-73.96417,40.7919557,-73.968087,member
1803686,11BC8185590A3F3C,docked_bike,2021-04-10 17:52:48,2021-04-10 17:56:35,Central Park W & W 97 St,7538,Columbus Ave & W 95 St,7520,40.792495,-73.96417,40.7919557,-73.968087,member
1803695,BFC44BE9DD9C5351,docked_bike,2021-04-21 20:35:00,2021-04-21 20:38:33,Central Park W & W 97 St,7538,Columbus Ave & W 95 St,7520,40.792495,-73.96417,40.7919557,-73.968087,member
1803708,3D526BB85541879D,docked_bike,2021-04-17 13:11:21,2021-04-17 13:11:21,Central Park W & W 97 St,7538,Columbus Ave & W 95 St,7520,40.792495,-73.96417,40.7919557,-73.968087,member
1803709,2B441E4A735B183A,docked_bike,2021-04-14 18:55:47,2021-04-14 18:59:15,Central Park W & W 97 St,7538,Columbus Ave & W 95 St,7520,40.792495,-73.96417,40.7919557,-73.968087,casual
1803711,D057B8EDD6D3DE6B,docked_bike,2021-04-23 16:29:05,2021-04-23 16:57:10,Central Park W & W 97 St,7538,Columbus Ave & W 95 St,7520,40.792495,-73.96417,40.7919557,-73.968087,member
1803790,686072BA874BC0CF,docked_bike,2021-04-21 14:08:53,2021-04-21 14:11:46,Central Park W & W 97 St,7538,Columbus Ave & W 95 St,7520,40.792495,-73.96417,40.7919557,-73.968087,member
1803791,8D8019B11985F54A,docked_bike,2021-04-23 16:46:39,2021-04-23 17:25:57,Central Park W & W 97 St,7538,Columbus Ave & W 95 St,7520,40.792495,-73.96417,40.7919557,-73.968087,casual
1803794,35A60217A9B62823,docked_bike,2021-04-17 12:02:29,2021-04-17 12:04:00,Central Park W & W 97 St,7538,Columbus Ave & W 95 St,7520,40.792495,-73.96417,40.7919557,-73.968087,member
1803796,56A2DB4887E2FBA8,docked_bike,2021-04-15 00:49:29,2021-04-15 00:49:29,Central Park W & W 97 St,7538,Columbus Ave & W 95 St,7520,40.792495,-73.96417,40.7919557,-73.968087,member
1803804,75EF08EDF66D421B,docked_bike,2021-04-05 10:25:51,2021-04-05 10:29:22,Central Park W & W 97 St,7538,Columbus Ave & W 95 St,7520,40.792495,-73.96417,40.7919557,-73.968087,member
1803805,CBAF83E216C83CDB,docked_bike,2021-04-17 11:51:25,2021-04-17 11:51:24,Central Park W & W 97 St,7538,Columbus Ave & W 95 St,7520,40.792495,-73.96417,40.7919557,-73.968087,member
1803806,DE38BD55FFCF1B32,docked_bike,2021-04-17 11:46:48,2021-04-17 11:48:33,Central Park W & W 97 St,7538,Columbus Ave & W 95 St,7520,40.792495,-73.96417,40.7919557,-73.968087,member
1803807,5AE39589183BD390,docked_bike,2021-04-24 12:51:41,2021-04-24 13:30:54,Central Park W & W 97 St,7538,West St & Liberty St,5184,40.792495,-73.96417,40.711444,-74.014847,member
1803808,63414A0BE14593E5,docked_bike,2021-04-17 12:09:52,2021-04-17 12:11:23,Central Park W & W 97 St,7538,Columbus Ave & W 95 St,7520,40.792495,-73.96417,40.7919557,-73.968087,member
1803809,10F6AA4DD3C0E591,docked_bike,2021-04-17 11:40:55,2021-04-17 11:40:54,Central Park W & W 97 St,7538,Columbus Ave & W 95 St,7520,40.792495,-73.96417,40.7919557,-73.968087,member
1803810,1E8343733CD9BD99,docked_bike,2021-04-17 12:37:44,2021-04-17 12:37:33,Central Park W & W 97 St,7538,Columbus Ave & W 95 St,7520,40.792495,-73.96417,40.7919557,-73.968087,member
1803811,C4704D28BF44F252,docked_bike,2021-04-19 20:23:56,2021-04-19 20:26:26,Central Park W & W 97 St,7538,Columbus Ave & W 95 St,7520,40.792495,-73.96417,40.7919557,-73.968087,member
1803813,F2A8B6D58EC0DEA3,docked_bike,2021-04-20 17:43:15,2021-04-20 17:48:19,Central Park W & W 97 St,7538,Columbus Ave & W 95 St,7520,40.792495,-73.96417,40.7919557,-73.968087,casual
1803814,B3D6927FF6F9FDE9,docked_bike,2021-04-30 12:54:46,2021-04-30 13:01:07,Central Park W & W 97 St,7538,Columbus Ave & W 95 St,7520,40.792495,-73.96417,40.7919557,-73.968087,casual
1804192,1183F1B7E1471849,docked_bike,2021-04-27 13:24:32,2021-04-27 13:56:37,Central Park W & W 97 St,7538,Columbus Ave & W 95 St,7520,40.792495,-73.96417,40.7919557,-73.968087,member
1804194,D370AE2830F3F40B,docked_bike,2021-04-17 12:44:18,2021-04-17 12:45:28,Central Park W & W 97 St,7538,Columbus Ave & W 95 St,7520,40.792495,-73.96417,40.7919557,-73.968087,member
1804195,F1F75E8CD024FE84,docked_bike,2021-04-17 11:27:31,2021-04-17 11:28:55,Central Park W & W 97 St,7538,Columbus Ave & W 95 St,7520,40.792495,-73.96417,40.7919557,-73.968087,member
1804196,4E969D252E0AD0E1,docked_bike,2021-04-17 12:23:37,2021-04-17 12:23:36,Central Park W & W 97 St,7538,Columbus Ave & W 95 St,7520,40.792495,-73.96417,40.7919557,-73.968087,member
1804202,61EFD2EDF9A1DF5D,docked_bike,2021-04-05 10:44:11,2021-04-05 10:46:39,Central Park W & W 97 St,7538,Columbus Ave & W 95 St,7520,40.792495,-73.96417,40.7919557,-73.968087,member
1804203,DA15C73722E35F66,docked_bike,2021-04-23 08:09:54,2021-04-23 08:11:40,Central Park W & W 97 St,7538,Columbus Ave & W 95 St,7520,40.792495,-73.96417,40.7919557,-73.968087,member
1804204,54B236FF0CDE4859,docked_bike,2021-04-21 08:06:36,2021-04-21 08:08:36,Central Park W & W 97 St,7538,Columbus Ave & W 95 St,7520,40.792495,-73.96417,40.7919557,-73.968087,member
1804207,F24D25CE09001155,docked_bike,2021-04-17 12:02:07,2021-04-17 12:03:34,Central Park W & W 97 St,7538,Columbus Ave & W 95 St,7520,40.792495,-73.96417,40.7919557,-73.968087,member
1804210,3561518DD8E2A9E1,docked_bike,2021-04-17 11:55:07,2021-04-17 11:55:07,Central Park W & W 97 St,7538,Columbus Ave & W 95 St,7520,40.792495,-73.96417,40.7919557,-73.968087,member
1804246,6BEB85A3377C16B0,docked_bike,2021-04-30 16:54:07,2021-04-30 16:58:28,Central Park W & W 97 St,7538,Columbus Ave & W 95 St,7520,40.792495,-73.96417,40.7919557,-73.968087,member
1804249,A552DFFB183D86E9,docked_bike,2021-04-23 15:26:14,2021-04-23 15:54:59,Central Park W & W 97 St,7538,Columbus Ave & W 95 St,7520,40.792495,-73.964171,40.791956,-73.968087,casual
1804253,30E908002C306F08,docked_bike,2021-04-25 14:59:22,2021-04-25 15:13:16,Central Park W & W 97 St,7538,Columbus Ave & W 95 St,7520,40.792495,-73.96417,40.7919557,-73.968087,member
1804256,8E7A89C586123E43,docked_bike,2021-04-20 17:06:19,2021-04-20 17:11:10,Central Park W & W 97 St,7538,Columbus Ave & W 95 St,7520,40.792495,-73.96417,40.7919557,-73.968087,member
1804861,06E264160C07099F,docked_bike,2021-04-18 11:49:14,2021-04-18 11:51:53,Central Park W & W 97 St,7538,Columbus Ave & W 95 St,7520,40.792495,-73.96417,40.7919557,-73.968087,member
1804862,96B48AB31202B60A,docked_bike,2021-04-17 16:44:15,2021-04-17 16:46:32,Central Park W & W 97 St,7538,Columbus Ave & W 95 St,7520,40.792495,-73.96417,40.7919557,-73.968087,member
1804868,A8492DD374908C93,docked_bike,2021-04-21 11:14:37,2021-04-21 11:22:13,Central Park W & W 97 St,7538,Columbus Ave & W 95 St,7520,40.792495,-73.96417,40.7919557,-73.968087,member
1804879,C02F81E4886B4F10,docked_bike,2021-04-08 11:27:22,2021-04-08 11:32:14,Central Park W & W 97 St,7538,Columbus Ave & W 95 St,7520,40.792495,-73.96417,40.7919557,-73.968087,member
1804882,CF847BF73017841D,docked_bike,2021-04-15 23:54:26,2021-04-15 23:58:10,Central Park W & W 97 St,7538,Columbus Ave & W 95 St,7520,40.792495,-73.96417,40.7919557,-73.968087,member
1804884,9C28F9C6C500DB66,docked_bike,2021-04-18 09:30:45,2021-04-18 10:12:59,Central Park W & W 97 St,7538,Columbus Ave & W 95 St,7520,40.792495,-73.964171,40.791956,-73.968087,member
1804885,EC9E642F3B9FB5C4,docked_bike,2021-04-10 11:09:14,2021-04-10 11:42:01,Central Park W & W 97 St,7538,Columbus Ave & W 95 St,7520,40.792495,-73.96417,40.7919557,-73.968087,member
1804888,41219D51FF9AC167,docked_bike,2021-04-26 19:09:06,2021-04-26 19:28:07,Central Park W & W 97 St,7538,Columbus Ave & W 95 St,7520,40.792495,-73.96417,40.7919557,-73.968087,member
1805487,79F3FACF2A00E5AD,docked_bike,2021-04-22 14:55:01,2021-04-22 14:57:59,W 100 St & Manhattan Ave,7538,Columbus Ave & W 95 St,7520,40.795,-73.9645,40.7919557,-73.968087,member
1805488,4024A335EB3C85BC,docked_bike,2021-04-13 09:42:14,2021-04-13 09:45:30,W 100 St & Manhattan Ave,7538,Columbus Ave & W 95 St,7520,40.795,-73.9645,40.7919557,-73.968087,member
1805490,3E046188B985E9E3,docked_bike,2021-04-26 19:35:07,2021-04-26 19:39:00,W 100 St & Manhattan Ave,7538,Columbus Ave & W 95 St,7520,40.795,-73.9645,40.7919557,-73.968087,member
1805492,27A51101415629B2,docked_bike,2021-04-07 09:19:43,2021-04-07 09:23:59,W 100 St & Manhattan Ave,7538,Columbus Ave & W 95 St,7520,40.795,-73.9645,40.7919557,-73.968087,member
1805493,716D3491E620AA9C,docked_bike,2021-04-08 17:14:11,2021-04-08 17:19:02,W 100 St & Manhattan Ave,7538,Columbus Ave & W 95 St,7520,40.795,-73.9645,40.7919557,-73.968087,member
1805496,54D9FC6BADAF5B55,docked_bike,2021-04-14 17:07:51,2021-04-14 17:11:21,W 100 St & Manhattan Ave,7538,Columbus Ave & W 95 St,7520,40.795,-73.9645,40.7919557,-73.968087,member
1805498,F1711A417FCEBD1B,docked_bike,2021-04-24 10:16:35,2021-04-24 10:20:38,W 100 St & Manhattan Ave,7538,Columbus Ave & W 95 St,7520,40.795,-73.9645,40.7919557,-73.968087,member
1805500,9C424C73249FF325,docked_bike,2021-04-24 12:43:43,2021-04-24 12:49:10,W 100 St & Manhattan Ave,7538,Columbus Ave & W 95 St,7520,40.795,-73.9645,40.7919557,-73.968087,member
1805502,CAF94BA4CED58D24,docked_bike,2021-04-28 14:35:47,2021-04-28 14:38:46,W 100 St & Manhattan Ave,7538,Columbus Ave & W 95 St,7520,40.795,-73.9645,40.7919557,-73.968087,member
1805503,A9D4FA2350406897,docked_bike,2021-04-14 09:02:31,2021-04-14 09:55:37,W 100 St & Manhattan Ave,7538,Columbus Ave & W 95 St,7520,40.795,-73.9645,40.7919557,-73.968087,member
1805504,F3775D370EB9EF4E,docked_bike,2021-04-07 13:47:28,2021-04-07 13:49:49,W 100 St & Manhattan Ave,7538,Columbus Ave & W 95 St,7520,40.795,-73.9645,40.7919557,-73.968087,member
1805505,155B87D0D2E576A4,docked_bike,2021-04-14 21:18:50,2021-04-14 21:47:44,W 100 St & Manhattan Ave,7538,E 16 St & 5 Ave,6022,40.795,-73.9645,40.73726186,-73.99238967,member
1805506,915990720864D6BA,docked_bike,2021-04-05 13:30:19,2021-04-05 13:34:34,W 100 St & Manhattan Ave,7538,Columbus Ave & W 95 St,7520,40.795,-73.9645,40.7919557,-73.968087,casual
1805529,6A90141C86D71DF8,docked_bike,2021-04-10 14:32:24,2021-04-10 14:36:48,Central Park W & W 97 St,7538,Columbus Ave & W 95 St,7520,40.792495,-73.96417,40.7919557,-73.968087,member
1805533,C36D97C76C274413,docked_bike,2021-04-17 14:44:19,2021-04-17 14:46:45,Central Park W & W 97 St,7538,Columbus Ave & W 95 St,7520,40.792495,-73.96417,40.7919557,-73.968087,member
1805536,95FB7C0E74D6CA9B,docked_bike,2021-04-27 15:13:13,2021-04-27 15:59:28,Central Park W & W 97 St,7538,Allen St & Stanton St,5484,40.792495,-73.96417,40.722055,-73.989111,member
1805539,D1B351E98D470058,docked_bike,2021-04-17 15:08:40,2021-04-17 15:11:25,Central Park W & W 97 St,7538,Columbus Ave & W 95 St,7520,40.792495,-73.96417,40.7919557,-73.968087,member
1805540,479FC7B81EA131EA,docked_bike,2021-04-23 19:07:46,2021-04-23 19:49:54,Central Park W & W 97 St,7538,Columbus Ave & W 95 St,7520,40.792495,-73.96417,40.7919557,-73.968087,member
1805542,F313780974AE7BA1,docked_bike,2021-04-25 16:05:16,2021-04-25 16:08:19,Central Park W & W 97 St,7538,Columbus Ave & W 95 St,7520,40.792495,-73.96417,40.7919557,-73.968087,member
1805544,E1AE314B5E071386,docked_bike,2021-04-16 11:21:49,2021-04-16 11:26:44,Central Park W & W 97 St,7538,Columbus Ave & W 95 St,7520,40.792495,-73.96417,40.7919557,-73.968087,member
1805548,A8F0B00E0A4843FA,docked_bike,2021-04-03 15:25:12,2021-04-03 15:27:54,Central Park W & W 97 St,7538,Columbus Ave & W 95 St,7520,40.792495,-73.96417,40.7919557,-73.968087,member
1805549,088952689866E9A6,docked_bike,2021-04-23 15:26:12,2021-04-23 15:54:58,Central Park W & W 97 St,7538,Columbus Ave & W 95 St,7520,40.792495,-73.964171,40.791956,-73.968087,casual
1805550,E2D415BF1815CA9D,docked_bike,2021-04-08 08:08:17,2021-04-08 08:10:31,Central Park W & W 97 St,7538,Columbus Ave & W 95 St,7520,40.792495,-73.96417,40.7919557,-73.968087,member
1805551,9C677F5F72DCD930,docked_bike,2021-04-27 08:02:38,2021-04-27 08:28:23,Central Park W & W 97 St,7538,E 16 St & 5 Ave,6022,40.792495,-73.964171,40.737262,-73.99239,member
1805552,C39D04894091B25D,docked_bike,2021-04-01 19:36:32,2021-04-01 19:39:08,Central Park W & W 97 St,7538,Columbus Ave & W 95 St,7520,40.792495,-73.96417,40.7919557,-73.968087,member
1805555,7C0B31D734E9568B,docked_bike,2021-04-08 17:58:50,2021-04-08 19:01:17,Central Park W & W 97 St,7538,Columbus Ave & W 95 St,7520,40.792495,-73.96417,40.7919557,-73.968087,casual
1805556,B3B9C0B0AA98AFC5,docked_bike,2021-04-17 12:12:26,2021-04-17 12:14:29,Central Park W & W 97 St,7538,Columbus Ave & W 95 St,7520,40.792495,-73.96417,40.7919557,-73.968087,member
1805570,7071EA837CA992FF,docked_bike,2021-04-19 21:00:27,2021-04-19 21:03:07,W 100 St & Manhattan Ave,7538,Columbus Ave & W 95 St,7520,40.795,-73.9645,40.7919557,-73.968087,member
1805581,D2BCD1433F335151,docked_bike,2021-04-01 16:19:48,2021-04-01 16:21:45,W 100 St & Manhattan Ave,7538,Columbus Ave & W 95 St,7520,40.795,-73.9645,40.7919557,-73.968087,member
1805582,D43E097F9DC414D4,docked_bike,2021-04-28 14:23:37,2021-04-28 14:27:25,W 100 St & Manhattan Ave,7538,Columbus Ave & W 95 St,7520,40.795,-73.9645,40.7919557,-73.968087,member
1805583,97B0CE4DFBD95F79,docked_bike,2021-04-24 12:32:29,2021-04-24 12:34:38,W 100 St & Manhattan Ave,7538,Columbus Ave & W 95 St,7520,40.795,-73.9645,40.7919557,-73.968087,member
1805586,795B0F490A4C35ED,docked_bike,2021-04-15 07:36:45,2021-04-15 07:40:47,W 100 St & Manhattan Ave,7538,Columbus Ave & W 95 St,7520,40.795,-73.9645,40.7919557,-73.968087,member
1805590,3226829C536E1364,docked_bike,2021-04-15 15:56:24,2021-04-15 15:58:22,W 100 St & Manhattan Ave,7538,Columbus Ave & W 95 St,7520,40.795,-73.9645,40.7919557,-73.968087,member
1805596,C77D160A215857B8,docked_bike,2021-04-13 19:03:22,2021-04-13 19:06:59,W 100 St & Manhattan Ave,7538,Columbus Ave & W 95 St,7520,40.795,-73.9645,40.7919557,-73.968087,member
1805599,44B13322CA05F7EB,docked_bike,2021-04-20 09:15:50,2021-04-20 09:41:55,W 100 St & Manhattan Ave,7538,Columbus Ave & W 95 St,7520,40.795,-73.9645,40.7919557,-73.968087,member
1805605,3B5A406EFBBE62C8,docked_bike,2021-04-16 17:22:48,2021-04-16 17:26:48,W 100 St & Manhattan Ave,7538,Columbus Ave & W 95 St,7520,40.795,-73.9645,40.7919557,-73.968087,member
1805610,39A42A0112547047,docked_bike,2021-04-20 14:10:12,2021-04-20 14:13:28,W 100 St & Manhattan Ave,7538,Columbus Ave & W 95 St,7520,40.795,-73.9645,40.7919557,-73.968087,member
1805611,E4C991E18927E47B,docked_bike,2021-04-09 09:29:04,2021-04-09 09:32:32,W 100 St & Manhattan Ave,7538,Columbus Ave & W 95 St,7520,40.795,-73.9645,40.7919557,-73.968087,member
1805615,2C7E9C9618F77328,docked_bike,2021-04-19 12:28:36,2021-04-19 12:31:14,W 100 St & Manhattan Ave,7538,Columbus Ave & W 95 St,7520,40.795,-73.9645,40.7919557,-73.968087,member
1805620,A4301A161039CE9C,docked_bike,2021-04-29 18:30:50,2021-04-29 18:34:10,W 100 St & Manhattan Ave,7538,Columbus Ave & W 95 St,7520,40.795,-73.9645,40.7919557,-73.968087,casual
1805627,419F2F5113524A0E,docked_bike,2021-04-16 17:58:18,2021-04-16 18:00:53,Central Park W & W 97 St,7538,Columbus Ave & W 95 St,7520,40.792495,-73.96417,40.7919557,-73.968087,member
1805629,66F325743A9D5471,docked_bike,2021-04-25 14:54:17,2021-04-25 15:31:55,Central Park W & W 97 St,7538,Allen St & Stanton St,5484,40.792495,-73.96417,40.722055,-73.989111,member
1805630,16B1CE575787F85F,docked_bike,2021-04-18 18:03:41,2021-04-18 18:07:07,Central Park W & W 97 St,7538,Columbus Ave & W 95 St,7520,40.792495,-73.96417,40.7919557,-73.968087,member
1805631,AEEF3F46B6D70B8D,docked_bike,2021-04-14 19:38:22,2021-04-14 19:41:12,Central Park W & W 97 St,7538,Columbus Ave & W 95 St,7520,40.792495,-73.96417,40.7919557,-73.968087,member
1805633,15FE53FAE563DE9E,docked_bike,2021-04-20 08:19:26,2021-04-20 08:21:29,Central Park W & W 97 St,7538,Columbus Ave & W 95 St,7520,40.792495,-73.96417,40.7919557,-73.968087,member
1805634,A13E3400BBEAAD0A,docked_bike,2021-04-30 08:58:21,2021-04-30 09:17:57,Central Park W & W 97 St,7538,Columbus Ave & W 95 St,7520,40.792495,-73.96417,40.7919557,-73.968087,member
1805635,A83171A07B6D1633,docked_bike,2021-04-07 15:47:30,2021-04-07 16:28:33,Central Park W & W 97 St,7538,Columbus Ave & W 95 St,7520,40.792495,-73.96417,40.7919557,-73.968087,member
1805638,58365A53066EE8B0,docked_bike,2021-04-17 12:16:20,2021-04-17 12:18:05,Central Park W & W 97 St,7538,Columbus Ave & W 95 St,7520,40.792495,-73.96417,40.7919557,-73.968087,member
1805643,C5AEC9F0D3A07058,docked_bike,2021-04-19 09:41:09,2021-04-19 09:45:22,W 100 St & Manhattan Ave,7538,Columbus Ave & W 95 St,7520,40.795,-73.9645,40.7919557,-73.968087,member
1805644,58C420C76E4F72D1,docked_bike,2021-04-06 16:12:24,2021-04-06 16:45:38,W 100 St & Manhattan Ave,7538,Allen St & Stanton St,5484,40.795,-73.9645,40.722055,-73.989111,casual
1805646,536A3B21663565B7,docked_bike,2021-04-19 13:15:48,2021-04-19 13:19:04,W 100 St & Manhattan Ave,7538,Columbus Ave & W 95 St,7520,40.795,-73.9645,40.7919557,-73.968087,member
1805648,B45F96E47B243313,docked_bike,2021-04-27 11:02:01,2021-04-27 11:05:02,W 100 St & Manhattan Ave,7538,Columbus Ave & W 95 St,7520,40.795,-73.9645,40.7919557,-73.968087,member
1805649,981666AC7C091B38,docked_bike,2021-04-14 15:00:34,2021-04-14 15:03:48,W 100 St & Manhattan Ave,7538,Columbus Ave & W 95 St,7520,40.795,-73.9645,40.7919557,-73.968087,member
1805655,B89FFE45B6510B04,docked_bike,2021-04-30 12:11:47,2021-04-30 12:50:36,W 100 St & Manhattan Ave,7538,Columbus Ave & W 95 St,7520,40.795,-73.9645,40.7919557,-73.968087,member
1805656,C1045C8945435DE2,docked_bike,2021-04-06 08:54:45,2021-04-06 09:41:21,W 100 St & Manhattan Ave,7538,Columbus Ave & W 95 St,7520,40.795,-73.9645,40.7919557,-73.968087,member
1805659,2D288210169B730A,docked_bike,2021-04-19 15:36:11,2021-04-19 15:38:51,W 100 St & Manhattan Ave,7538,Columbus Ave & W 95 St,7520,40.795,-73.9645,40.7919557,-73.968087,member
1805660,3D50EA5FEBA9872B,docked_bike,2021-04-29 18:28:14,2021-04-29 19:01:06,W 100 St & Manhattan Ave,7538,Columbus Ave & W 95 St,7520,40.795,-73.9645,40.7919557,-73.968087,member
1805667,2FA33714FA3731B1,docked_bike,2021-04-09 08:43:25,2021-04-09 09:22:07,W 100 St & Manhattan Ave,7538,Columbus Ave & W 95 St,7520,40.795,-73.9645,40.7919557,-73.968087,member
1805668,18BF79A46E2DCA78,docked_bike,2021-04-30 09:07:09,2021-04-30 09:09:40,W 100 St & Manhattan Ave,7538,Columbus Ave & W 95 St,7520,40.795,-73.9645,40.7919557,-73.968087,casual
1805673,5F4B509B6BDE889F,docked_bike,2021-04-06 13:20:06,2021-04-06 13:24:09,W 100 St & Manhattan Ave,7538,Columbus Ave & W 95 St,7520,40.795,-73.9645,40.791956,-73.968087,member
1805675,8AC05A7E1632882D,docked_bike,2021-04-14 17:17:59,2021-04-14 17:22:06,W 100 St & Manhattan Ave,7538,Columbus Ave & W 95 St,7520,40.795,-73.9645,40.7919557,-73.968087,member
1805676,1F79BCE985E36355,docked_bike,2021-04-14 17:36:28,2021-04-14 17:40:55,W 100 St & Manhattan Ave,7538,Columbus Ave & W 95 St,7520,40.795,-73.9645,40.7919557,-73.968087,member
1805680,56B47541D534D94F,docked_bike,2021-04-20 16:40:25,2021-04-20 16:43:08,W 100 St & Manhattan Ave,7538,Columbus Ave & W 95 St,7520,40.795,-73.9645,40.7919557,-73.968087,member
1805684,B6CC9169EFD95D75,docked_bike,2021-04-08 19:04:34,2021-04-08 19:07:29,W 100 St & Manhattan Ave,7538,Columbus Ave & W 95 St,7520,40.795,-73.9645,40.7919557,-73.968087,member
1805685,96A1024851D16286,docked_bike,2021-04-21 11:40:10,2021-04-21 11:42:59,W 100 St & Manhattan Ave,7538,Columbus Ave & W 95 St,7520,40.795,-73.9645,40.7919557,-73.968087,member
1805688,3BA201298650A7EB,docked_bike,2021-04-05 11:29:14,2021-04-05 11:33:55,W 100 St & Manhattan Ave,7538,Columbus Ave & W 95 St,7520,40.795,-73.9645,40.7919557,-73.968087,member
1805689,8CF32F23F84D5A18,docked_bike,2021-04-30 12:29:25,2021-04-30 12:57:10,W 100 St & Manhattan Ave,7538,Columbus Ave & W 95 St,7520,40.795,-73.9645,40.7919557,-73.968087,member
1805690,38EFE91A75913767,docked_bike,2021-04-08 19:05:05,2021-04-08 19:06:56,W 100 St & Manhattan Ave,7538,Columbus Ave & W 95 St,7520,40.795,-73.9645,40.7919557,-73.968087,member
1805695,67C3ED09069A23BA,docked_bike,2021-04-21 08:56:56,2021-04-21 09:06:20,W 100 St & Manhattan Ave,7538,Columbus Ave & W 95 St,7520,40.795,-73.9645,40.7919557,-73.968087,member
1805708,220B4D6281E11926,docked_bike,2021-04-05 17:14:09,2021-04-05 17:22:12,W 100 St & Manhattan Ave,7538,Columbus Ave & W 95 St,7520,40.795,-73.9645,40.7919557,-73.968087,casual
1805710,019A8401BAF16C60,docked_bike,2021-04-14 11:35:04,2021-04-14 11:40:03,W 100 St & Manhattan Ave,7538,Columbus Ave & W 95 St,7520,40.795,-73.9645,40.7919557,-73.968087,member
1805721,D8A0D435DED19FE4,docked_bike,2021-04-19 15:28:03,2021-04-19 15:32:10,W 100 St & Manhattan Ave,7538,Columbus Ave & W 95 St,7520,40.795,-73.9645,40.7919557,-73.968087,member
1805895,6016E4F52CBE81E6,docked_bike,2021-04-01 11:23:10,2021-04-01 11:25:44,W 100 St & Manhattan Ave,7538,Columbus Ave & W 95 St,7520,40.795,-73.9645,40.7919557,-73.968087,member
1805896,022CDE8490DCDF20,docked_bike,2021-04-17 16:16:15,2021-04-17 16:18:44,W 100 St & Manhattan Ave,7538,Columbus Ave & W 95 St,7520,40.795,-73.9645,40.791956,-73.968087,member
1805902,51ABAAF10959959C,docked_bike,2021-04-01 10:20:00,2021-04-01 10:22:32,W 100 St & Manhattan Ave,7538,Columbus Ave & W 95 St,7520,40.795,-73.9645,40.7919557,-73.968087,member
1805911,E03EAE49CF992CF5,docked_bike,2021-04-12 13:48:26,2021-04-12 13:50:26,W 100 St & Manhattan Ave,7538,Columbus Ave & W 95 St,7520,40.795,-73.9645,40.7919557,-73.968087,member
1805912,9C202BAE4953AED1,docked_bike,2021-04-23 11:31:26,2021-04-23 12:11:58,W 100 St & Manhattan Ave,7538,Columbus Ave & W 95 St,7520,40.795,-73.9645,40.7919557,-73.968087,member
1805913,7AA2DAB956852C1B,docked_bike,2021-04-07 09:30:54,2021-04-07 09:33:08,W 100 St & Manhattan Ave,7538,Columbus Ave & W 95 St,7520,40.795,-73.9645,40.7919557,-73.968087,member
1805923,D19AF78E3C2AA63C,docked_bike,2021-04-07 08:36:16,2021-04-07 08:39:57,W 100 St & Manhattan Ave,7538,Columbus Ave & W 95 St,7520,40.795,-73.9645,40.7919557,-73.968087,member
1805924,9CD1CFC425FF14F9,docked_bike,2021-04-20 08:17:04,2021-04-20 08:27:22,W 100 St & Manhattan Ave,7538,Columbus Ave & W 95 St,7520,40.795,-73.9645,40.7919557,-73.968087,casual
1805931,B265AB70C51B2A3D,docked_bike,2021-04-05 16:45:53,2021-04-05 16:48:27,W 100 St & Manhattan Ave,7538,Columbus Ave & W 95 St,7520,40.795,-73.9645,40.791956,-73.968087,member
1805932,7E3110EEC02A18E8,docked_bike,2021-04-16 11:23:46,2021-04-16 11:26:42,W 100 St & Manhattan Ave,7538,Columbus Ave & W 95 St,7520,40.795,-73.9645,40.7919557,-73.968087,member
1805934,84176EEB5B37BB37,docked_bike,2021-04-21 18:06:00,2021-04-21 18:10:15,W 100 St & Manhattan Ave,7538,Columbus Ave & W 95 St,7520,40.795,-73.9645,40.7919557,-73.968087,member
1805958,C5A9F1A6BECF7C97,docked_bike,2021-04-09 18:31:15,2021-04-09 18:33:46,W 100 St & Manhattan Ave,7538,Columbus Ave & W 95 St,7520,40.795,-73.9645,40.7919557,-73.968087,member
1806300,77BE6E85707F310C,docked_bike,2021-04-24 12:24:26,2021-04-24 12:26:33,W 100 St & Manhattan Ave,7538,Columbus Ave & W 95 St,7520,40.795,-73.9645,40.7919557,-73.968087,member
1806301,40E7F8442AF9A789,docked_bike,2021-04-24 12:42:47,2021-04-24 12:46:49,W 100 St & Manhattan Ave,7538,Columbus Ave & W 95 St,7520,40.795,-73.9645,40.7919557,-73.968087,member
1806302,62A62BB2030A1DA4,docked_bike,2021-04-25 18:46:17,2021-04-25 18:48:55,W 100 St & Manhattan Ave,7538,Columbus Ave & W 95 St,7520,40.795,-73.9645,40.7919557,-73.968087,member
1806303,F6C9610E7CAD06B2,docked_bike,2021-04-11 14:35:39,2021-04-11 14:39:10,W 100 St & Manhattan Ave,7538,Columbus Ave & W 95 St,7520,40.795,-73.9645,40.7919557,-73.968087,member
1806306,08A1E5E49A9DF763,docked_bike,2021-04-24 12:43:35,2021-04-24 12:48:53,W 100 St & Manhattan Ave,7538,Columbus Ave & W 95 St,7520,40.795,-73.9645,40.7919557,-73.968087,member
1806307,611C0E6A225CB808,docked_bike,2021-04-20 07:44:06,2021-04-20 07:47:41,W 100 St & Manhattan Ave,7538,Columbus Ave & W 95 St,7520,40.795,-73.9645,40.7919557,-73.968087,member
1806311,744D7FC3E70A6C34,docked_bike,2021-04-22 07:51:16,2021-04-22 07:56:23,W 100 St & Manhattan Ave,7538,Columbus Ave & W 95 St,7520,40.795,-73.9645,40.7919557,-73.968087,member
1817544,96830B88094BBA7E,docked_bike,2021-04-17 11:28:37,2021-04-17 11:28:24,Central Park W & W 97 St,7538,Columbus Ave & W 95 St,7520,40.792495,-73.96417,40.7919557,-73.968087,member
1817549,07D4D940087EBBCA,docked_bike,2021-04-09 14:50:53,2021-04-09 14:53:40,Central Park W & W 97 St,7538,Columbus Ave & W 95 St,7520,40.792495,-73.964171,40.791956,-73.968087,member
1817550,6CDB6AB525D84C4E,docked_bike,2021-04-24 16:04:24,2021-04-24 16:35:11,Central Park W & W 97 St,7538,Columbus Ave & W 95 St,7520,40.792495,-73.96417,40.7919557,-73.968087,member
1817560,6E01054F6E9F54B8,docked_bike,2021-04-29 16:19:20,2021-04-29 16:22:20,Central Park W & W 97 St,7538,Columbus Ave & W 95 St,7520,40.792495,-73.96417,40.7919557,-73.968087,member
1817570,D8462862D357CBE1,docked_bike,2021-04-23 15:26:01,2021-04-23 16:13:15,Central Park W & W 97 St,7538,Columbus Ave & W 95 St,7520,40.792495,-73.96417,40.7919557,-73.968087,member
1817572,9BA18EF7E9B31578,docked_bike,2021-04-17 11:59:08,2021-04-17 12:02:12,Central Park W & W 97 St,7538,Columbus Ave & W 95 St,7520,40.792495,-73.96417,40.7919557,-73.968087,member
1817575,59BD6B10BA78F815,docked_bike,2021-04-16 09:01:03,2021-04-16 09:38:55,Central Park W & W 97 St,7538,Columbus Ave & W 95 St,7520,40.792495,-73.96417,40.7919557,-73.968087,member
1817581,4FF88D0CD7DE3444,docked_bike,2021-04-17 12:30:21,2021-04-17 12:31:57,Central Park W & W 97 St,7538,Columbus Ave & W 95 St,7520,40.792495,-73.96417,40.7919557,-73.968087,member
1817582,CAC799CD4E2D245C,docked_bike,2021-04-17 11:12:57,2021-04-17 11:14:36,Central Park W & W 97 St,7538,Columbus Ave & W 95 St,7520,40.792495,-73.96417,40.7919557,-73.968087,member
1817585,E5887C0896A637CF,docked_bike,2021-04-27 13:41:22,2021-04-27 13:43:43,Central Park W & W 97 St,7538,Columbus Ave & W 95 St,7520,40.792495,-73.96417,40.7919557,-73.968087,member
1817586,AC4FFFF7FE321185,docked_bike,2021-04-27 12:07:17,2021-04-27 12:45:19,Central Park W & W 97 St,7538,Columbus Ave & W 95 St,7520,40.792495,-73.96417,40.7919557,-73.968087,member
1817587,352D94053078B1A9,docked_bike,2021-04-30 08:38:34,2021-04-30 09:01:36,Central Park W & W 97 St,7538,E 16 St & 5 Ave,6022,40.792495,-73.96417,40.73726186,-73.99238967,member
1817590,88E22812640D56B4,docked_bike,2021-04-03 14:41:14,2021-04-03 14:45:54,Central Park W & W 97 St,7538,Columbus Ave & W 95 St,7520,40.792495,-73.96417,40.7919557,-73.968087,member
1817591,2030F01FE6A6D547,docked_bike,2021-04-20 20:02:23,2021-04-20 20:06:58,Central Park W & W 97 St,7538,Columbus Ave & W 95 St,7520,40.792495,-73.96417,40.7919557,-73.968087,casual
1818761,3A568FFCA3661DD8,docked_bike,2021-04-06 09:08:59,2021-04-06 09:35:38,Central Park W & W 97 St,7538,Columbus Ave & W 95 St,7520,40.792495,-73.96417,40.7919557,-73.968087,member
1818764,2CE00366437A5821,docked_bike,2021-04-13 21:53:41,2021-04-13 22:39:02,Central Park W & W 97 St,7538,Columbus Ave & W 95 St,7520,40.792495,-73.964171,40.791956,-73.968087,casual
1818765,F857BE24AD0997E3,docked_bike,2021-04-17 11:42:09,2021-04-17 11:44:10,Central Park W & W 97 St,7538,Columbus Ave & W 95 St,7520,40.792495,-73.96417,40.7919557,-73.968087,member
1818766,708B6E0417FAFC20,docked_bike,2021-04-17 11:56:22,2021-04-17 11:58:29,Central Park W & W 97 St,7538,Columbus Ave & W 95 St,7520,40.792495,-73.96417,40.7919557,-73.968087,member
1818769,97BC3ABB5A813424,docked_bike,2021-04-24 11:02:11,2021-04-24 11:06:40,Central Park W & W 97 St,7538,Columbus Ave & W 95 St,7520,40.792495,-73.96417,40.7919557,-73.968087,member
1818779,9AAB6F4DE2DB2C42,docked_bike,2021-04-17 15:56:40,2021-04-17 15:56:35,Central Park W & W 97 St,7538,Columbus Ave & W 95 St,7520,40.792495,-73.96417,40.7919557,-73.968087,member
1822930,F595B0F3AB65EAC8,docked_bike,2021-04-17 11:47:38,2021-04-17 11:49:13,Central Park W & W 97 St,7538,Columbus Ave & W 95 St,7520,40.792495,-73.96417,40.7919557,-73.968087,member
1822931,186F45676440D283,docked_bike,2021-04-17 11:20:59,2021-04-17 11:20:51,Central Park W & W 97 St,7538,Columbus Ave & W 95 St,7520,40.792495,-73.96417,40.7919557,-73.968087,member
1822932,58BCA06A08137ACF,docked_bike,2021-04-14 14:47:20,2021-04-14 14:50:35,Central Park W & W 97 St,7538,Columbus Ave & W 95 St,7520,40.792495,-73.96417,40.7919557,-73.968087,member
1822934,5233F6A5DDEEB009,docked_bike,2021-04-23 15:26:26,2021-04-23 15:55:04,Central Park W & W 97 St,7538,Columbus Ave & W 95 St,7520,40.792495,-73.964171,40.791956,-73.968087,casual
1822937,FBBD159541753EB8,docked_bike,2021-04-23 00:21:55,2021-04-23 01:02:53,Central Park W & W 97 St,7538,Columbus Ave & W 95 St,7520,40.792495,-73.96417,40.7919557,-73.968087,member
1822938,1C4531D2A3C71888,docked_bike,2021-04-16 20:20:30,2021-04-16 20:46:10,Central Park W & W 97 St,7538,Columbus Ave & W 95 St,7520,40.792495,-73.96417,40.7919557,-73.968087,member
1822940,8FD65C5DE263BEA3,docked_bike,2021-04-24 09:48:06,2021-04-24 10:29:21,Central Park W & W 97 St,7538,Columbus Ave & W 95 St,7520,40.792495,-73.96417,40.7919557,-73.968087,member
1822946,027E8A085B3735F9,docked_bike,2021-04-17 12:05:04,2021-04-17 12:05:04,Central Park W & W 97 St,7538,Columbus Ave & W 95 St,7520,40.792495,-73.96417,40.7919557,-73.968087,member
1822951,57526666F7B40210,docked_bike,2021-04-08 12:32:57,2021-04-08 13:03:04,Central Park W & W 97 St,7538,Columbus Ave & W 95 St,7520,40.792495,-73.96417,40.7919557,-73.968087,member
1822958,13B3AB1A179481A1,docked_bike,2021-04-06 15:18:42,2021-04-06 15:43:26,Central Park W & W 97 St,7538,E 16 St & 5 Ave,6022,40.792495,-73.96417,40.73726186,-73.99238967,casual
1822960,D0085C87779C8FED,docked_bike,2021-04-07 16:31:26,2021-04-07 17:22:27,Central Park W & W 97 St,7538,Columbus Ave & W 95 St,7520,40.792495,-73.96417,40.7919557,-73.968087,casual
1822962,7B4C06B49873A0F5,docked_bike,2021-04-09 12:20:17,2021-04-09 12:31:47,Central Park W & W 97 St,7538,Columbus Ave & W 95 St,7520,40.792495,-73.96417,40.7919557,-73.968087,member
1822973,10C11E2C013676BD,docked_bike,2021-04-17 17:16:41,2021-04-17 17:20:17,Central Park W & W 97 St,7538,Columbus Ave & W 95 St,7520,40.792495,-73.96417,40.7919557,-73.968087,member
1822974,22565DD32BB5DCC5,docked_bike,2021-04-17 16:51:29,2021-04-17 16:54:44,Central Park W & W 97 St,7538,Columbus Ave & W 95 St,7520,40.792495,-73.96417,40.7919557,-73.968087,member
1822975,A217C19D45191F8A,docked_bike,2021-04-16 13:37:42,2021-04-16 13:42:09,Central Park W & W 97 St,7538,Columbus Ave & W 95 St,7520,40.792495,-73.96417,40.7919557,-73.968087,member
1822978,4120FD93CC60A839,docked_bike,2021-04-17 17:07:38,2021-04-17 17:11:12,Central Park W & W 97 St,7538,Columbus Ave & W 95 St,7520,40.792495,-73.96417,40.7919557,-73.968087,member
1822987,E47A826DEF934A7B,docked_bike,2021-04-28 08:11:39,2021-04-28 08:13:33,Central Park W & W 97 St,7538,Columbus Ave & W 95 St,7520,40.792495,-73.96417,40.7919557,-73.968087,member
1822989,410EF3D20E43808B,docked_bike,2021-04-12 09:13:20,2021-04-12 10:00:04,Central Park W & W 97 St,7538,Columbus Ave & W 95 St,7520,40.792495,-73.96417,40.7919557,-73.968087,member
1822990,C37663570936F6CB,docked_bike,2021-04-17 16:59:53,2021-04-17 17:02:36,Central Park W & W 97 St,7538,Columbus Ave & W 95 St,7520,40.792495,-73.96417,40.7919557,-73.968087,member
1822991,305B8C8F4F54C1E3,docked_bike,2021-04-17 16:41:51,2021-04-17 16:45:44,Central Park W & W 97 St,7538,Columbus Ave & W 95 St,7520,40.792495,-73.96417,40.7919557,-73.968087,member
1822994,979F072C916CAB43,docked_bike,2021-04-14 13:29:40,2021-04-14 13:32:40,Central Park W & W 97 St,7538,Columbus Ave & W 95 St,7520,40.792495,-73.96417,40.7919557,-73.968087,member
1822996,A441A22CB0678160,docked_bike,2021-04-17 11:26:58,2021-04-17 11:31:26,Central Park W & W 97 St,7538,Columbus Ave & W 95 St,7520,40.792495,-73.96417,40.7919557,-73.968087,member
1832762,8290DB13278DB95B,docked_bike,2021-04-10 18:25:51,2021-04-10 18:33:23,Central Park W & W 97 St,7538,Lenox Ave & W 117 St,7655,40.792495,-73.96417,40.8025566,-73.9490782,member
1832767,C6B177A6A21BED71,docked_bike,2021-04-28 08:07:13,2021-04-28 08:17:11,Central Park W & W 97 St,7538,Lenox Ave & W 117 St,7655,40.792495,-73.96417,40.8025566,-73.9490782,member
1834776,E17DCDFB96882222,docked_bike,2021-04-14 20:32:46,2021-04-14 20:44:03,Central Park W & W 97 St,7538,Lenox Ave & W 117 St,7655,40.792495,-73.96417,40.8025566,-73.9490782,member
1834781,BEA8A743B3F7D0FA,docked_bike,2021-04-18 13:18:15,2021-04-18 13:42:50,Central Park W & W 97 St,7538,W 53 St & 10 Ave,6890,40.792495,-73.96417,40.76669671,-73.99061728,member
1834795,C8EF24A7A1259125,docked_bike,2021-04-19 19:58:43,2021-04-19 20:11:26,Central Park W & W 97 St,7538,Lenox Ave & W 117 St,7655,40.792495,-73.96417,40.8025566,-73.9490782,member
1834807,FD9198D1340DF5C4,docked_bike,2021-04-19 17:09:45,2021-04-19 17:22:16,Central Park W & W 97 St,7538,Lenox Ave & W 117 St,7655,40.792495,-73.96417,40.8025566,-73.9490782,member
1834808,CBBE54C3EE6AB06C,docked_bike,2021-04-26 17:08:04,2021-04-26 17:20:57,Central Park W & W 97 St,7538,Lenox Ave & W 117 St,7655,40.792495,-73.96417,40.8025566,-73.9490782,member
1834811,04805CAB4E9FBF6B,docked_bike,2021-04-10 17:20:07,2021-04-10 17:28:54,Central Park W & W 97 St,7538,Lenox Ave & W 117 St,7655,40.792495,-73.96417,40.8025566,-73.9490782,casual
1834898,A28DD45A071DAFE5,docked_bike,2021-04-10 17:58:04,2021-04-10 18:34:58,Central Park W & W 97 St,7538,W 52 St & 11 Ave,6926,40.792495,-73.96417,40.76727216,-73.99392888,casual
1834899,44A83D01D4B39797,docked_bike,2021-04-10 18:25:57,2021-04-10 18:33:22,Central Park W & W 97 St,7538,Lenox Ave & W 117 St,7655,40.792495,-73.96417,40.8025566,-73.9490782,member
1834902,C71C024BE639DCEF,docked_bike,2021-04-27 15:40:39,2021-04-27 15:47:42,Central Park W & W 97 St,7538,Lenox Ave & W 117 St,7655,40.792495,-73.96417,40.8025566,-73.9490782,member
1835447,DF4F9D23F6719B56,docked_bike,2021-04-22 10:14:19,2021-04-22 10:35:28,Central Park W & W 97 St,7538,Lenox Ave & W 117 St,7655,40.792495,-73.96417,40.8025566,-73.9490782,member
1835448,638347A4DEA7C323,docked_bike,2021-04-07 21:15:26,2021-04-07 21:26:21,Central Park W & W 97 St,7538,Lenox Ave & W 117 St,7655,40.792495,-73.96417,40.8025566,-73.9490782,member
1835449,684A614F2C8AE700,docked_bike,2021-04-07 21:15:36,2021-04-07 21:25:58,Central Park W & W 97 St,7538,Lenox Ave & W 117 St,7655,40.792495,-73.96417,40.8025566,-73.9490782,member
1835450,19FD616DF522ED0E,docked_bike,2021-04-10 17:58:22,2021-04-10 18:35:20,Central Park W & W 97 St,7538,W 52 St & 11 Ave,6926,40.792495,-73.96417,40.76727216,-73.99392888,casual
1836862,428BB64009E4F700,docked_bike,2021-04-08 14:50:38,2021-04-08 14:57:22,W 100 St & Manhattan Ave,7538,Lenox Ave & W 117 St,7655,40.795,-73.9645,40.8025566,-73.9490782,casual
1836892,C3B30BED16131461,docked_bike,2021-04-17 15:02:00,2021-04-17 15:25:58,W 100 St & Manhattan Ave,7538,Lenox Ave & W 117 St,7655,40.795,-73.9645,40.8025566,-73.9490782,casual
1836909,6841C71B3B622FFA,docked_bike,2021-04-17 15:01:22,2021-04-17 15:25:11,W 100 St & Manhattan Ave,7538,Lenox Ave & W 117 St,7655,40.795,-73.9645,40.8025566,-73.9490782,casual
1837357,80C0646B4B1B614F,docked_bike,2021-04-06 19:25:08,2021-04-06 19:40:47,Central Park W & W 97 St,7538,Macombs Pl & W 152 St,8029,40.792495,-73.96417,40.826406,-73.937948,member
1837596,CEDCDD165B348ED9,docked_bike,2021-04-17 20:10:39,2021-04-22 10:48:02,W 100 St & Manhattan Ave,7538,Macombs Pl & W 152 St,8029,40.795,-73.9645,40.826406,-73.937948,casual
1837597,7CF8F538F9225289,docked_bike,2021-04-17 15:05:25,2021-04-17 15:26:21,W 100 St & Manhattan Ave,7538,Lenox Ave & W 117 St,7655,40.795,-73.9645,40.8025566,-73.9490782,member
1847520,17032E0A7A4D5581,docked_bike,2021-04-23 08:16:33,2021-04-23 08:31:52,W 100 St & Manhattan Ave,7538,E 109 St & 3 Ave,7504,40.795,-73.9645,40.79329668,-73.9432083,member
1848077,88B2AA729958D847,docked_bike,2021-04-12 13:25:01,2021-04-12 13:57:21,Central Park W & W 97 St,7538,E 109 St & 3 Ave,7504,40.792495,-73.96417,40.79329668,-73.9432083,member
1848108,13F8F836A76A0108,docked_bike,2021-04-20 08:19:03,2021-04-20 08:35:14,Central Park W & W 97 St,7538,1 Ave & E 78 St,7020,40.792495,-73.96417,40.77140426,-73.9535166,member
1848117,52964DE50CCA1578,docked_bike,2021-04-13 19:18:07,2021-04-13 19:35:32,Central Park W & W 97 St,7538,1 Ave & E 78 St,7020,40.792495,-73.96417,40.77140426,-73.9535166,member
1848149,E7A3FA9DD552F9D5,docked_bike,2021-04-18 18:19:39,2021-04-18 18:36:25,Central Park W & W 97 St,7538,E 109 St & 3 Ave,7504,40.792495,-73.96417,40.79329668,-73.9432083,casual
1848156,88AFBB473D2AC3A6,docked_bike,2021-04-10 11:04:41,2021-04-10 11:13:54,Central Park W & W 97 St,7538,E 109 St & 3 Ave,7504,40.792495,-73.96417,40.79329668,-73.9432083,member
1848157,6B192C81E1C4EBB4,docked_bike,2021-04-18 18:21:09,2021-04-18 18:36:25,Central Park W & W 97 St,7538,E 109 St & 3 Ave,7504,40.792495,-73.96417,40.79329668,-73.9432083,member
1848166,8C2C04740EEC3636,docked_bike,2021-04-03 11:02:01,2021-04-03 11:11:58,Central Park W & W 97 St,7538,E 109 St & 3 Ave,7504,40.792495,-73.96417,40.79329668,-73.9432083,member
1848178,296068BB81058C81,docked_bike,2021-04-10 12:00:17,2021-04-10 12:29:45,Central Park W & W 97 St,7538,1 Ave & E 78 St,7020,40.792495,-73.96417,40.77140426,-73.9535166,casual
1848182,28DC3522602B0B49,docked_bike,2021-04-20 14:41:49,2021-04-20 14:52:01,Central Park W & W 97 St,7538,E 109 St & 3 Ave,7504,40.792495,-73.96417,40.79329668,-73.9432083,casual
1848227,CFA96CAEC0749227,docked_bike,2021-04-10 11:59:08,2021-04-10 12:29:34,Central Park W & W 97 St,7538,1 Ave & E 78 St,7020,40.792495,-73.96417,40.77140426,-73.9535166,member
1848230,2F66133768CDD785,docked_bike,2021-04-12 08:46:45,2021-04-12 09:03:40,Central Park W & W 97 St,7538,1 Ave & E 78 St,7020,40.792495,-73.96417,40.77140426,-73.9535166,member
1848231,FE358BC1E72A0938,docked_bike,2021-04-26 08:34:21,2021-04-26 08:51:33,Central Park W & W 97 St,7538,1 Ave & E 78 St,7020,40.792495,-73.96417,40.77140426,-73.9535166,member
1848244,EF60E7B8ACA41F09,docked_bike,2021-04-27 19:51:14,2021-04-27 20:08:34,Central Park W & W 97 St,7538,1 Ave & E 78 St,7020,40.792495,-73.96417,40.77140426,-73.9535166,member
1848293,3ED43BF0EC524838,docked_bike,2021-04-23 20:14:05,2021-04-23 20:43:18,Central Park W & W 97 St,7538,1 Ave & E 78 St,7020,40.792495,-73.96417,40.77140426,-73.9535166,member
1848296,55C1DB88A3319C2F,docked_bike,2021-04-18 11:24:55,2021-04-18 11:33:51,Central Park W & W 97 St,7538,1 Ave & E 78 St,7020,40.792495,-73.96417,40.77140426,-73.9535166,member
1848298,204D5347730D17DC,docked_bike,2021-04-13 17:40:47,2021-04-13 17:55:51,Central Park W & W 97 St,7538,E 109 St & 3 Ave,7504,40.792495,-73.96417,40.79329668,-73.9432083,casual
1849196,5B0C53BC0CAC5F5E,docked_bike,2021-04-16 08:41:03,2021-04-16 08:59:17,Central Park W & W 97 St,7538,1 Ave & E 78 St,7020,40.792495,-73.96417,40.77140426,-73.9535166,member
1849197,A5C4D81589D194A6,docked_bike,2021-04-26 18:35:20,2021-04-26 18:48:38,Central Park W & W 97 St,7538,E 109 St & 3 Ave,7504,40.792495,-73.96417,40.79329668,-73.9432083,casual
1849215,CE6B50692F690A39,docked_bike,2021-04-21 08:39:37,2021-04-21 08:56:13,Central Park W & W 97 St,7538,1 Ave & E 78 St,7020,40.792495,-73.96417,40.77140426,-73.9535166,member
1849216,ABFC66967BC763A6,docked_bike,2021-04-19 08:42:41,2021-04-19 08:59:22,Central Park W & W 97 St,7538,1 Ave & E 78 St,7020,40.792495,-73.96417,40.77140426,-73.9535166,member
1849271,503CD5D96DDF287E,docked_bike,2021-04-04 10:04:56,2021-04-04 10:31:04,Central Park W & W 97 St,7538,1 Ave & E 78 St,7020,40.792495,-73.96417,40.77140426,-73.9535166,member
1849279,0E6A42813234E260,docked_bike,2021-04-05 12:42:21,2021-04-05 13:02:35,Central Park W & W 97 St,7538,1 Ave & E 78 St,7020,40.792495,-73.96417,40.77140426,-73.9535166,member
1849318,37F672E03DBB53E0,docked_bike,2021-04-30 08:37:43,2021-04-30 08:54:44,Central Park W & W 97 St,7538,1 Ave & E 78 St,7020,40.792495,-73.96417,40.77140426,-73.9535166,member
1849319,6A6DFE893BFF709D,docked_bike,2021-04-14 08:36:42,2021-04-14 08:54:32,Central Park W & W 97 St,7538,1 Ave & E 78 St,7020,40.792495,-73.96417,40.77140426,-73.9535166,member
1856340,CE45AE0FABC70029,docked_bike,2021-04-23 16:05:21,2021-04-23 16:19:15,W 100 St & Manhattan Ave,7538,1 Ave & E 110 St,7522,40.795,-73.9645,40.792327,-73.9383,member
1859725,CD390E8D4F4D20D0,docked_bike,2021-04-12 18:31:51,2021-04-12 18:55:07,W 100 St & Manhattan Ave,7538,Frederick Douglass Blvd & Harlem River Dr,8100,40.795,-73.9645,40.830702,-73.936371,member
1859737,B1A6D861E781375A,docked_bike,2021-04-01 15:55:47,2021-04-01 16:06:38,W 100 St & Manhattan Ave,7538,1 Ave & E 110 St,7522,40.795,-73.9645,40.7923272,-73.9383,casual
1859739,5CC975EDBB976283,docked_bike,2021-04-29 18:22:13,2021-04-29 19:08:50,W 100 St & Manhattan Ave,7538,1 Ave & E 110 St,7522,40.795,-73.9645,40.7923272,-73.9383,member
1859743,F65AF586037E9B49,docked_bike,2021-04-01 15:56:22,2021-04-01 16:06:46,W 100 St & Manhattan Ave,7538,1 Ave & E 110 St,7522,40.795,-73.9645,40.7923272,-73.9383,casual
1859770,0EA6C3D3A158368E,docked_bike,2021-04-18 05:54:31,2021-04-18 06:11:02,W 100 St & Manhattan Ave,7538,Frederick Douglass Blvd & Harlem River Dr,8100,40.795,-73.9645,40.830702,-73.936371,member
1859771,139D05E37B6C18FC,docked_bike,2021-04-19 17:49:42,2021-04-19 18:19:33,W 100 St & Manhattan Ave,7538,Frederick Douglass Blvd & Harlem River Dr,8100,40.795,-73.9645,40.830702,-73.936371,member
1859779,B1B75B01191FA84C,docked_bike,2021-04-07 10:27:15,2021-04-07 10:41:27,W 100 St & Manhattan Ave,7538,1 Ave & E 110 St,7522,40.795,-73.9645,40.7923272,-73.9383,member
1859800,0ADF188D6E87AB77,docked_bike,2021-04-30 23:05:12,2021-04-30 23:13:55,W 100 St & Manhattan Ave,7538,1 Ave & E 110 St,7522,40.795,-73.9645,40.7923272,-73.9383,casual
1859810,B01F75D4147DE9DE,docked_bike,2021-04-05 18:01:04,2021-04-05 18:09:28,W 100 St & Manhattan Ave,7538,1 Ave & E 110 St,7522,40.795,-73.9645,40.7923272,-73.9383,member
1859818,8449F3838E253FCF,docked_bike,2021-04-07 14:19:04,2021-04-07 14:36:23,W 100 St & Manhattan Ave,7538,1 Ave & E 110 St,7522,40.795,-73.9645,40.7923272,-73.9383,casual
1859828,3AC80035D731BDF3,docked_bike,2021-04-26 20:42:16,2021-04-26 20:51:47,W 100 St & Manhattan Ave,7538,1 Ave & E 110 St,7522,40.795,-73.9645,40.7923272,-73.9383,member
1859849,F809B44939E4E7A4,docked_bike,2021-04-15 16:26:05,2021-04-15 16:43:21,W 100 St & Manhattan Ave,7538,1 Ave & E 110 St,7522,40.795,-73.9645,40.792327,-73.9383,member
1859861,98E38942F0485D40,docked_bike,2021-04-28 18:34:02,2021-04-28 18:53:50,W 100 St & Manhattan Ave,7538,Frederick Douglass Blvd & Harlem River Dr,8100,40.795,-73.9645,40.830702,-73.936371,member
1859862,94C90D2C4F8EDDEC,docked_bike,2021-04-14 18:37:35,2021-04-14 19:00:10,W 100 St & Manhattan Ave,7538,Frederick Douglass Blvd & Harlem River Dr,8100,40.795,-73.9645,40.830702,-73.936371,member
1860403,A98CB15C19E1DB49,docked_bike,2021-04-29 17:13:52,2021-04-29 17:24:43,Central Park W & W 97 St,7538,1 Ave & E 110 St,7522,40.792495,-73.96417,40.7923272,-73.9383,casual
1860417,78FE15E7055A7A34,docked_bike,2021-04-23 19:05:53,2021-04-23 19:27:59,Central Park W & W 97 St,7538,Frederick Douglass Blvd & Harlem River Dr,8100,40.792495,-73.96417,40.830702,-73.936371,member
1860423,84088B6569D577E1,docked_bike,2021-04-06 14:26:39,2021-04-06 14:39:21,Central Park W & W 97 St,7538,1 Ave & E 110 St,7522,40.792495,-73.96417,40.7923272,-73.9383,casual
1860767,586423A038C8D121,docked_bike,2021-04-09 01:10:14,2021-04-09 01:19:40,Central Park W & W 97 St,7538,1 Ave & E 110 St,7522,40.792495,-73.96417,40.7923272,-73.9383,casual
1866679,22862D32608B2F22,docked_bike,2021-04-23 16:20:03,2021-04-23 16:55:35,W 100 St & Manhattan Ave,7538,3 Ave & E 72 St,7028,40.795,-73.9645,40.7699426,-73.96060712,casual
1866686,65C7C1358B727EA6,docked_bike,2021-04-30 10:00:34,2021-04-30 10:13:02,W 100 St & Manhattan Ave,7538,Riverside Dr & W 72 St,7288,40.795,-73.9645,40.78057799010334,-73.98562431335449,member
1866691,443F0AA77A0255AA,docked_bike,2021-04-21 17:24:26,2021-04-21 17:37:47,W 100 St & Manhattan Ave,7538,Riverside Dr & W 72 St,7288,40.795,-73.9645,40.78057799010334,-73.98562431335449,member
1866693,A03A5644BF38DC49,docked_bike,2021-04-12 10:51:40,2021-04-12 11:18:48,W 100 St & Manhattan Ave,7538,W 40 St & 5 Ave,6474,40.795,-73.9645,40.752269,-73.982079,member
1866703,912317BAA9C3EBC3,docked_bike,2021-04-05 11:42:20,2021-04-05 12:06:54,W 100 St & Manhattan Ave,7538,5 Ave & E 78 St,7161,40.795,-73.9645,40.776321,-73.964274,casual
1866764,8F0D8884D1D4559A,docked_bike,2021-04-04 15:44:56,2021-04-04 15:55:49,W 100 St & Manhattan Ave,7538,Riverside Dr & W 72 St,7288,40.795,-73.9645,40.78057799010334,-73.98562431335449,member
1866765,950FC7DE5850BF25,docked_bike,2021-04-08 06:41:24,2021-04-08 06:57:07,W 100 St & Manhattan Ave,7538,5 Ave & E 78 St,7161,40.795,-73.9645,40.776321,-73.964274,member
1866811,AC054D7C4496043E,docked_bike,2021-04-08 08:37:55,2021-04-08 08:50:26,W 100 St & Manhattan Ave,7538,5 Ave & E 78 St,7161,40.795,-73.9645,40.776321,-73.964274,member
1866812,42848A0E919F740D,docked_bike,2021-04-29 12:43:43,2021-04-29 13:29:02,W 100 St & Manhattan Ave,7538,5 Ave & E 78 St,7161,40.795,-73.9645,40.77632142182271,-73.96427392959595,member
1866819,C2C2622AB6A4D86B,docked_bike,2021-04-30 15:54:16,2021-04-30 16:29:19,W 100 St & Manhattan Ave,7538,W 40 St & 5 Ave,6474,40.795,-73.9645,40.752269,-73.982079,member
1867050,EC7EA1FF13FED38E,docked_bike,2021-04-07 16:06:42,2021-04-07 17:41:32,Central Park W & W 97 St,7538,5 Ave & E 78 St,7161,40.792495,-73.96417,40.77632142182271,-73.96427392959595,casual
1874782,FEB6094CAD67FBF0,docked_bike,2021-04-25 17:44:08,2021-04-25 17:56:53,W 100 St & Manhattan Ave,7538,3 Ave & E 72 St,7028,40.795,-73.9645,40.7699426,-73.96060712,member
1874991,DAE6AA0091932EAF,docked_bike,2021-04-01 15:13:15,2021-04-01 15:52:25,Central Park W & W 97 St,7538,5 Ave & E 78 St,7161,40.792495,-73.96417,40.77632142182271,-73.96427392959595,casual
1874992,E7B71FA90D6352D8,docked_bike,2021-04-25 18:45:00,2021-04-25 18:56:13,Central Park W & W 97 St,7538,5 Ave & E 78 St,7161,40.792495,-73.96417,40.77632142182271,-73.96427392959595,casual
1874995,61A860D06FDEA6C0,docked_bike,2021-04-26 20:16:42,2021-04-26 20:51:27,Central Park W & W 97 St,7538,5 Ave & E 78 St,7161,40.792495,-73.96417,40.77632142182271,-73.96427392959595,member
1874996,FA7B33CD08B90411,docked_bike,2021-04-14 18:56:06,2021-04-14 19:10:30,Central Park W & W 97 St,7538,Riverside Dr & W 72 St,7288,40.792495,-73.96417,40.78057799010334,-73.98562431335449,casual
1874998,E32D7CB1A1C735D1,docked_bike,2021-04-10 13:34:03,2021-04-10 14:16:36,Central Park W & W 97 St,7538,Riverside Dr & W 72 St,7288,40.792495,-73.96417,40.78057799010334,-73.98562431335449,member
1875026,DDC11D7CB9D78FC3,docked_bike,2021-04-28 17:45:55,2021-04-28 18:48:36,Central Park W & W 97 St,7538,5 Ave & E 78 St,7161,40.792495,-73.96417,40.77632142182271,-73.96427392959595,casual
1875028,1A8DED57E838865D,docked_bike,2021-04-19 15:39:22,2021-04-19 15:54:59,Central Park W & W 97 St,7538,5 Ave & E 78 St,7161,40.792495,-73.96417,40.77632142182271,-73.96427392959595,member
1875030,BCD40E42088BC431,docked_bike,2021-04-06 18:35:15,2021-04-06 18:54:29,Central Park W & W 97 St,7538,5 Ave & E 78 St,7161,40.792495,-73.96417,40.77632142182271,-73.96427392959595,member
1875031,95D35F7D21C5F297,docked_bike,2021-04-10 13:26:48,2021-04-10 13:51:14,Central Park W & W 97 St,7538,Riverside Dr & W 72 St,7288,40.792495,-73.96417,40.78057799010334,-73.98562431335449,member
1875033,F29ABC56BF571DB8,docked_bike,2021-04-07 16:04:55,2021-04-07 17:45:11,Central Park W & W 97 St,7538,5 Ave & E 78 St,7161,40.792495,-73.96417,40.77632142182271,-73.96427392959595,casual
1875034,29A74F327804A7DE,docked_bike,2021-04-21 07:06:07,2021-04-21 07:21:46,Central Park W & W 97 St,7538,W 40 St & 5 Ave,6474,40.792495,-73.96417,40.752269,-73.982079,member
1875045,0650F65A84BC81BE,docked_bike,2021-04-10 13:33:58,2021-04-10 14:22:33,Central Park W & W 97 St,7538,Riverside Dr & W 72 St,7288,40.792495,-73.96417,40.78057799010334,-73.98562431335449,casual
1875052,4580B0BF091E89BD,docked_bike,2021-04-10 13:33:52,2021-04-10 14:21:53,Central Park W & W 97 St,7538,Riverside Dr & W 72 St,7288,40.792495,-73.96417,40.78057799010334,-73.98562431335449,casual
1875079,6124D6326A5FC53F,docked_bike,2021-04-05 16:17:02,2021-04-05 16:30:51,Central Park W & W 97 St,7538,5 Ave & E 78 St,7161,40.792495,-73.96417,40.77632142182271,-73.96427392959595,casual
1875080,54859EF12A3ADF55,docked_bike,2021-04-17 18:16:42,2021-04-17 18:16:42,Central Park W & W 97 St,7538,5 Ave & E 78 St,7161,40.792495,-73.96417,40.77632142182271,-73.96427392959595,casual
1875084,D9B2E6A4C15ADB79,docked_bike,2021-04-28 17:51:09,2021-04-28 18:48:10,Central Park W & W 97 St,7538,5 Ave & E 78 St,7161,40.792495,-73.96417,40.77632142182271,-73.96427392959595,casual
1875087,954F209F1519E63D,docked_bike,2021-04-22 15:56:23,2021-04-22 16:05:18,Central Park W & W 97 St,7538,5 Ave & E 78 St,7161,40.792495,-73.96417,40.77632142182271,-73.96427392959595,casual
1875158,898E8B29E751AA6A,docked_bike,2021-04-04 20:25:22,2021-04-04 20:43:34,Central Park W & W 97 St,7538,Grand Concourse & E 156 St,7984,40.792495,-73.96417,40.823429,-73.924689,casual
1875160,E93B3A16CB345AB0,docked_bike,2021-04-09 14:14:18,2021-04-09 14:43:24,Central Park W & W 97 St,7538,5 Ave & E 78 St,7161,40.792495,-73.96417,40.77632142182271,-73.96427392959595,casual
1875167,8268AE7C92D9B058,docked_bike,2021-04-23 13:28:15,2021-04-23 13:57:07,Central Park W & W 97 St,7538,W 40 St & 5 Ave,6474,40.792495,-73.96417,40.752269,-73.982079,member
1875170,B1823B520CB2AAF3,docked_bike,2021-04-22 19:44:29,2021-04-22 20:06:35,Central Park W & W 97 St,7538,5 Ave & E 78 St,7161,40.792495,-73.96417,40.77632142182271,-73.96427392959595,member
1875172,8509C43670C61E36,docked_bike,2021-04-30 17:04:15,2021-04-30 17:29:23,Central Park W & W 97 St,7538,5 Ave & E 78 St,7161,40.792495,-73.96417,40.77632142182271,-73.96427392959595,member
1875188,61D455C514AF818A,docked_bike,2021-04-27 06:49:57,2021-04-27 07:01:20,Central Park W & W 97 St,7538,5 Ave & E 78 St,7161,40.792495,-73.96417,40.77632142182271,-73.96427392959595,member
1875189,10F6A0A09FD01E91,docked_bike,2021-04-05 16:17:41,2021-04-05 16:30:59,Central Park W & W 97 St,7538,5 Ave & E 78 St,7161,40.792495,-73.96417,40.77632142182271,-73.96427392959595,casual
1875190,BBB3D86E42F311A5,docked_bike,2021-04-21 20:14:01,2021-04-21 20:38:12,Central Park W & W 97 St,7538,5 Ave & E 78 St,7161,40.792495,-73.96417,40.77632142182271,-73.96427392959595,member
1875192,497CCCD18A26F304,docked_bike,2021-04-07 09:23:51,2021-04-07 09:32:49,Central Park W & W 97 St,7538,5 Ave & E 78 St,7161,40.792495,-73.96417,40.77632142182271,-73.96427392959595,member
1875201,BBEB910534164A5B,docked_bike,2021-04-03 18:17:48,2021-04-03 18:54:23,Central Park W & W 97 St,7538,Riverside Dr & W 72 St,7288,40.792495,-73.96417,40.78057799010334,-73.98562431335449,member
1875203,2D3F445CDF10F95C,docked_bike,2021-04-16 10:56:25,2021-04-16 11:04:32,Central Park W & W 97 St,7538,5 Ave & E 78 St,7161,40.792495,-73.96417,40.77632142182271,-73.96427392959595,member
1875204,7C8EB10D92C49AB6,docked_bike,2021-04-03 20:50:38,2021-04-03 21:03:58,Central Park W & W 97 St,7538,5 Ave & E 78 St,7161,40.792495,-73.96417,40.77632142182271,-73.96427392959595,member
1875207,7E027BC4F5216CC6,docked_bike,2021-04-18 12:19:15,2021-04-18 12:43:05,Central Park W & W 97 St,7538,3 Ave & E 72 St,7028,40.792495,-73.96417,40.7699426,-73.96060712,casual
1875216,D4329F96EC2B7BE2,docked_bike,2021-04-06 06:59:37,2021-04-06 07:15:49,Central Park W & W 97 St,7538,W 40 St & 5 Ave,6474,40.792495,-73.96417,40.752269,-73.982079,member
1875257,1726A4296CAEB168,docked_bike,2021-04-24 14:17:02,2021-04-24 14:35:46,Central Park W & W 97 St,7538,5 Ave & E 78 St,7161,40.792495,-73.96417,40.77632142182271,-73.96427392959595,casual
1875263,177945C7B0A4ED24,docked_bike,2021-04-20 19:12:23,2021-04-20 19:52:23,Central Park W & W 97 St,7538,Riverside Dr & W 72 St,7288,40.792495,-73.96417,40.78057799010334,-73.98562431335449,member
1875265,4945DE729D397A21,docked_bike,2021-04-17 18:17:55,2021-04-17 18:17:46,Central Park W & W 97 St,7538,5 Ave & E 78 St,7161,40.792495,-73.96417,40.77632142182271,-73.96427392959595,casual
1875268,D2CAD1944B351AB1,docked_bike,2021-04-23 17:26:09,2021-04-23 17:45:28,Central Park W & W 97 St,7538,5 Ave & E 78 St,7161,40.792495,-73.96417,40.77632142182271,-73.96427392959595,member
1875280,0AD12770276C3275,docked_bike,2021-04-06 18:34:37,2021-04-06 18:54:38,Central Park W & W 97 St,7538,5 Ave & E 78 St,7161,40.792495,-73.96417,40.77632142182271,-73.96427392959595,casual
1875287,F65CDE9600F641AB,docked_bike,2021-04-24 13:35:14,2021-04-24 13:57:00,Central Park W & W 97 St,7538,3 Ave & E 72 St,7028,40.792495,-73.96417,40.7699426,-73.96060712,member
1875288,9772C0943FAFDC73,docked_bike,2021-04-12 15:08:59,2021-04-12 15:19:45,Central Park W & W 97 St,7538,5 Ave & E 78 St,7161,40.792495,-73.96417,40.77632142182271,-73.96427392959595,member
1875311,B81C7B62C3D61F3B,docked_bike,2021-04-30 10:33:16,2021-04-30 10:49:55,Central Park W & W 97 St,7538,Riverside Dr & W 72 St,7288,40.792495,-73.96417,40.78057799010334,-73.98562431335449,member
1875322,FC4ADAA18D134EA3,docked_bike,2021-04-24 14:17:31,2021-04-24 14:35:43,Central Park W & W 97 St,7538,5 Ave & E 78 St,7161,40.792495,-73.96417,40.77632142182271,-73.96427392959595,member
1875323,D4F19AC14484BFEC,docked_bike,2021-04-30 16:54:03,2021-04-30 17:08:45,Central Park W & W 97 St,7538,3 Ave & E 72 St,7028,40.792495,-73.964171,40.769943,-73.960607,member
1875326,EB3E2C93D0E7EA30,docked_bike,2021-04-03 17:27:14,2021-04-03 18:53:02,Central Park W & W 97 St,7538,6 Ave & Canal St,5500,40.792495,-73.96417,40.72243797,-74.00566443,casual
1875331,47D8CDC715193B3C,docked_bike,2021-04-22 11:44:26,2021-04-22 12:25:47,Central Park W & W 97 St,7538,5 Ave & E 78 St,7161,40.792495,-73.96417,40.77632142182271,-73.96427392959595,member
1875334,298BC52F74CF0356,docked_bike,2021-04-10 12:17:27,2021-04-10 13:12:45,Central Park W & W 97 St,7538,6 Ave & Canal St,5500,40.792495,-73.96417,40.72243797,-74.00566443,member
1875337,185D089DC59FD4ED,docked_bike,2021-04-07 16:05:00,2021-04-07 17:44:08,Central Park W & W 97 St,7538,5 Ave & E 78 St,7161,40.792495,-73.96417,40.77632142182271,-73.96427392959595,casual
1875367,AFD121289A387840,docked_bike,2021-04-17 11:02:08,2021-04-17 11:02:07,Central Park W & W 97 St,7538,5 Ave & E 78 St,7161,40.792495,-73.96417,40.77632142182271,-73.96427392959595,member
1875374,CA0D671BA04A1F1E,docked_bike,2021-04-10 13:31:39,2021-04-10 14:22:18,Central Park W & W 97 St,7538,Riverside Dr & W 72 St,7288,40.792495,-73.96417,40.78057799010334,-73.98562431335449,casual
1875464,6793D72C5161B757,docked_bike,2021-04-27 18:59:48,2021-04-27 19:49:07,Central Park W & W 97 St,7538,Riverside Dr & W 72 St,7288,40.792495,-73.96417,40.78057799010334,-73.98562431335449,casual
1875467,EBBC862E61CFCEAD,docked_bike,2021-04-05 06:48:31,2021-04-05 07:03:56,Central Park W & W 97 St,7538,5 Ave & E 78 St,7161,40.792495,-73.964171,40.776321,-73.964274,member
1875470,3EAF12C064432F66,docked_bike,2021-04-22 11:45:46,2021-04-22 12:25:35,Central Park W & W 97 St,7538,5 Ave & E 78 St,7161,40.792495,-73.96417,40.77632142182271,-73.96427392959595,member
1875607,AAB48634E788FD7F,docked_bike,2021-04-16 15:09:04,2021-04-16 15:33:52,W 100 St & Manhattan Ave,7538,5 Ave & E 78 St,7161,40.795,-73.9645,40.77632142182271,-73.96427392959595,member
1875608,14FD2C4E91DC9D63,docked_bike,2021-04-22 17:44:06,2021-04-22 17:56:24,W 100 St & Manhattan Ave,7538,5 Ave & E 78 St,7161,40.795,-73.9645,40.77632142182271,-73.96427392959595,casual
1875612,92CE7DED0F8C1C1A,docked_bike,2021-04-30 06:37:02,2021-04-30 06:51:28,W 100 St & Manhattan Ave,7538,5 Ave & E 78 St,7161,40.795,-73.9645,40.77632142182271,-73.96427392959595,member
1875613,6059F36701EF8728,docked_bike,2021-04-06 06:40:07,2021-04-06 06:59:01,W 100 St & Manhattan Ave,7538,5 Ave & E 78 St,7161,40.795,-73.9645,40.776321,-73.964274,member
1875614,8C4EE6E1CC08A415,docked_bike,2021-04-07 06:44:14,2021-04-07 06:58:35,W 100 St & Manhattan Ave,7538,5 Ave & E 78 St,7161,40.795,-73.9645,40.776321,-73.964274,member
1875778,504547C226DB03FE,docked_bike,2021-04-09 10:41:20,2021-04-09 11:03:15,W 100 St & Manhattan Ave,7538,5 Ave & E 78 St,7161,40.795,-73.9645,40.776321,-73.964274,member
1876238,A350A58D87E0BA95,docked_bike,2021-04-03 17:26:58,2021-04-03 18:54:03,Central Park W & W 97 St,7538,6 Ave & Canal St,5500,40.792495,-73.96417,40.72243797,-74.00566443,casual
1876243,F92FBA20C6C3B50C,docked_bike,2021-04-07 13:12:21,2021-04-07 13:37:51,Central Park W & W 97 St,7538,3 Ave & E 72 St,7028,40.792495,-73.96417,40.7699426,-73.96060712,casual
1876244,F1DB61EC8CB01FA0,docked_bike,2021-04-03 18:17:37,2021-04-03 18:54:26,Central Park W & W 97 St,7538,Riverside Dr & W 72 St,7288,40.792495,-73.96417,40.78057799010334,-73.98562431335449,member
1876248,70E3B6ECFC869151,docked_bike,2021-04-20 07:02:03,2021-04-20 07:20:09,Central Park W & W 97 St,7538,W 40 St & 5 Ave,6474,40.792495,-73.96417,40.752269,-73.982079,member
1882311,10F96AF894CEAFB0,docked_bike,2021-04-17 16:05:29,2021-04-17 16:25:44,W 100 St & Manhattan Ave,7538,E 88 St & 1 Ave,7235,40.795,-73.9645,40.778301,-73.9488134,member
1882314,06AA56186E598180,docked_bike,2021-04-15 08:50:13,2021-04-15 09:05:47,W 100 St & Manhattan Ave,7538,E 72 St & Park Ave,6998,40.795,-73.9645,40.77118287540658,-73.96409422159195,member
1882337,3E0DEAE26C65021E,docked_bike,2021-04-14 16:54:29,2021-04-14 17:08:30,W 100 St & Manhattan Ave,7538,E 72 St & Park Ave,6998,40.795,-73.9645,40.77118287540658,-73.96409422159195,member
1882914,CC505775D5E8B408,docked_bike,2021-04-21 12:25:50,2021-04-21 12:40:38,W 100 St & Manhattan Ave,7538,E 88 St & 1 Ave,7235,40.795,-73.9645,40.778301,-73.9488134,member
1882915,4E58907EC0B0BC10,docked_bike,2021-04-29 08:54:39,2021-04-29 09:09:48,W 100 St & Manhattan Ave,7538,E 72 St & Park Ave,6998,40.795,-73.9645,40.77118287540658,-73.96409422159195,member
1886469,8F04BF498762B2AA,docked_bike,2021-04-05 08:51:25,2021-04-05 09:05:59,Central Park W & W 97 St,7538,E 72 St & Park Ave,6998,40.792495,-73.964171,40.771183,-73.964094,member
1886470,D93D28CC62715537,docked_bike,2021-04-22 09:00:34,2021-04-22 09:12:57,Central Park W & W 97 St,7538,E 72 St & Park Ave,6998,40.792495,-73.96417,40.77118287540658,-73.96409422159195,casual
1886493,3B1D3D848C243DDD,docked_bike,2021-04-27 06:42:10,2021-04-27 06:53:58,Central Park W & W 97 St,7538,E 88 St & 1 Ave,7235,40.792495,-73.96417,40.778301,-73.9488134,member
1886498,6F024FBC2AD0A8EC,docked_bike,2021-04-01 14:55:47,2021-04-01 15:16:48,Central Park W & W 97 St,7538,E 72 St & Park Ave,6998,40.792495,-73.96417,40.77118287540658,-73.96409422159195,member
1886504,831BCCF04D7EDAD8,docked_bike,2021-04-24 19:16:48,2021-04-24 19:47:08,Central Park W & W 97 St,7538,E 88 St & 1 Ave,7235,40.792495,-73.96417,40.778301,-73.9488134,member
1886516,4EA784D6AE9FB915,docked_bike,2021-04-22 14:12:53,2021-04-22 14:28:36,Central Park W & W 97 St,7538,E 88 St & 1 Ave,7235,40.792495,-73.96417,40.778301,-73.9488134,member
1886537,DD5A59E63EC704F7,docked_bike,2021-04-24 13:35:14,2021-04-24 13:53:25,Central Park W & W 97 St,7538,E 72 St & Park Ave,6998,40.792495,-73.96417,40.77118287540658,-73.96409422159195,member
1886547,C4D78DC18EA4297D,docked_bike,2021-04-18 11:38:43,2021-04-18 11:48:38,Central Park W & W 97 St,7538,E 72 St & Park Ave,6998,40.792495,-73.96417,40.77118287540658,-73.96409422159195,member
1886549,D31167DFFACB9A95,docked_bike,2021-04-24 19:17:25,2021-04-24 19:52:16,Central Park W & W 97 St,7538,E 88 St & 1 Ave,7235,40.792495,-73.96417,40.778301,-73.9488134,member
1886573,AF90F9E375BF246D,docked_bike,2021-04-22 14:12:46,2021-04-22 14:28:36,Central Park W & W 97 St,7538,E 88 St & 1 Ave,7235,40.792495,-73.96417,40.778301,-73.9488134,member
1886599,604F00A5AA31EF5B,docked_bike,2021-04-10 13:42:06,2021-04-10 14:04:38,Central Park W & W 97 St,7538,E 72 St & Park Ave,6998,40.792495,-73.96417,40.77118287540658,-73.96409422159195,casual
1887104,0E6A683D64E2DA7F,docked_bike,2021-04-10 13:42:25,2021-04-10 14:04:43,Central Park W & W 97 St,7538,E 72 St & Park Ave,6998,40.792495,-73.96417,40.77118287540658,-73.96409422159195,casual
1893949,2636D4D8C11E71CC,docked_bike,2021-04-24 18:28:22,2021-04-24 18:41:36,Central Park W & W 97 St,7538,E 88 St & 1 Ave,7235,40.792495,-73.96417,40.778301,-73.9488134,member
1898664,251645AE7D482A52,docked_bike,2021-04-20 15:32:11,2021-04-20 15:48:58,Central Park W & W 97 St,7538,W 52 St & 6 Ave,6740,40.792495,-73.96417,40.76132983124814,-73.97982001304626,member
1898668,443E1836D0524DC9,docked_bike,2021-04-19 13:42:26,2021-04-19 13:48:21,Central Park W & W 97 St,7538,W 95 St & Broadway,7541,40.792495,-73.96417,40.7937704,-73.971888,member
1898676,12212C61B755C71B,docked_bike,2021-04-22 16:00:52,2021-04-22 16:09:50,Central Park W & W 97 St,7538,W 95 St & Broadway,7541,40.792495,-73.96417,40.7937704,-73.971888,member
1902604,C616C6C3BEE10934,docked_bike,2021-04-23 19:17:17,2021-04-23 19:48:25,W 100 St & Manhattan Ave,7538,W 95 St & Broadway,7541,40.795,-73.9645,40.7937704,-73.971888,casual
1902611,CC508A6C98F70C22,docked_bike,2021-04-27 08:58:43,2021-04-27 09:05:06,W 100 St & Manhattan Ave,7538,W 95 St & Broadway,7541,40.795,-73.9645,40.7937704,-73.971888,member
1902617,018B90AB196B1250,docked_bike,2021-04-07 20:51:39,2021-04-07 20:55:04,W 100 St & Manhattan Ave,7538,W 95 St & Broadway,7541,40.795,-73.9645,40.7937704,-73.971888,member
1902618,8C8AE18D2A607407,docked_bike,2021-04-13 07:54:22,2021-04-13 07:58:41,W 100 St & Manhattan Ave,7538,W 95 St & Broadway,7541,40.795,-73.9645,40.7937704,-73.971888,member
1902619,6F8664C16E39E2DD,docked_bike,2021-04-20 10:42:36,2021-04-20 10:46:02,W 100 St & Manhattan Ave,7538,W 95 St & Broadway,7541,40.795,-73.9645,40.7937704,-73.971888,member
1902622,9C13AFE9EF0F0831,docked_bike,2021-04-07 06:52:16,2021-04-07 06:56:57,W 100 St & Manhattan Ave,7538,W 95 St & Broadway,7541,40.795,-73.9645,40.7937704,-73.971888,member
1902623,A7BA6F6C3131E9D5,docked_bike,2021-04-27 08:42:41,2021-04-27 08:50:05,W 100 St & Manhattan Ave,7538,W 95 St & Broadway,7541,40.795,-73.9645,40.79377,-73.971888,member
1902625,B0074E1B632615C7,docked_bike,2021-04-12 06:41:13,2021-04-12 06:46:09,W 100 St & Manhattan Ave,7538,W 95 St & Broadway,7541,40.795,-73.9645,40.7937704,-73.971888,member
1902626,848105C8417D4C0D,docked_bike,2021-04-21 07:33:41,2021-04-21 07:37:11,W 100 St & Manhattan Ave,7538,W 95 St & Broadway,7541,40.795,-73.9645,40.7937704,-73.971888,member
1902646,D57BFFAC1D193C07,docked_bike,2021-04-18 13:45:46,2021-04-18 14:36:25,W 100 St & Manhattan Ave,7538,Barrow St & Hudson St,5805,40.795,-73.9645,40.73172428,-74.00674436,member
1902648,7002911FE4722142,docked_bike,2021-04-30 14:12:04,2021-04-30 14:25:02,W 100 St & Manhattan Ave,7538,W 52 St & 6 Ave,6740,40.795,-73.9645,40.76132983124814,-73.97982001304626,member
1902656,82313BB000575CFE,docked_bike,2021-04-29 15:39:01,2021-04-29 15:44:35,W 100 St & Manhattan Ave,7538,W 95 St & Broadway,7541,40.795,-73.9645,40.7937704,-73.971888,member
1903140,8B2A273A9A62B380,docked_bike,2021-04-26 14:24:34,2021-04-26 14:29:52,Central Park W & W 97 St,7538,W 95 St & Broadway,7541,40.792495,-73.96417,40.7937704,-73.971888,member
1903141,5C40F24C6CC2E6FF,docked_bike,2021-04-09 14:23:48,2021-04-09 14:56:28,Central Park W & W 97 St,7538,Pike St & E Broadway,5270,40.792495,-73.96417,40.71406667,-73.99293911,member
1903168,86D9121246B2FF7D,docked_bike,2021-04-04 15:48:09,2021-04-04 16:06:13,Central Park W & W 97 St,7538,W 52 St & 6 Ave,6740,40.792495,-73.96417,40.76132983124814,-73.97982001304626,member
1903182,BB03EC549A63EAED,docked_bike,2021-04-09 16:49:13,2021-04-09 16:55:24,Central Park W & W 97 St,7538,W 95 St & Broadway,7541,40.792495,-73.96417,40.7937704,-73.971888,member
1903183,D9DA22B91B5DDAEB,docked_bike,2021-04-08 08:19:26,2021-04-08 08:33:18,Central Park W & W 97 St,7538,W 52 St & 6 Ave,6740,40.792495,-73.96417,40.76132983124814,-73.97982001304626,member
1903185,A04C993E1F3D1189,docked_bike,2021-04-27 17:19:28,2021-04-27 17:25:27,Central Park W & W 97 St,7538,W 95 St & Broadway,7541,40.792495,-73.96417,40.7937704,-73.971888,casual
1903213,164049ACC623C5B3,docked_bike,2021-04-12 09:01:11,2021-04-12 09:18:06,Central Park W & W 97 St,7538,W 52 St & 6 Ave,6740,40.792495,-73.96417,40.76132983124814,-73.97982001304626,member
1903224,479E960739D8185B,docked_bike,2021-04-07 23:09:26,2021-04-07 23:12:48,Central Park W & W 97 St,7538,W 95 St & Broadway,7541,40.792495,-73.96417,40.7937704,-73.971888,member
1903232,E28CB0C948A9EAE5,docked_bike,2021-04-13 17:31:30,2021-04-13 17:37:46,Central Park W & W 97 St,7538,W 95 St & Broadway,7541,40.792495,-73.96417,40.7937704,-73.971888,member
1903238,F1C6F7C8B6392058,docked_bike,2021-04-18 14:19:26,2021-04-18 14:45:36,Central Park W & W 97 St,7538,W 52 St & 6 Ave,6740,40.792495,-73.96417,40.76132983124814,-73.97982001304626,casual
1903244,71703FE54D8B2390,docked_bike,2021-04-19 13:46:28,2021-04-19 13:50:39,W 100 St & Manhattan Ave,7538,W 95 St & Broadway,7541,40.795,-73.9645,40.79377,-73.971888,member
1903258,84810495A5A02BE6,docked_bike,2021-04-08 06:52:18,2021-04-08 07:09:25,Central Park W & W 97 St,7538,W 52 St & 6 Ave,6740,40.792495,-73.96417,40.76132983124814,-73.97982001304626,member
1903259,AAF181FACFAF45B2,docked_bike,2021-04-30 19:56:40,2021-04-30 20:05:27,Central Park W & W 97 St,7538,W 95 St & Broadway,7541,40.792495,-73.96417,40.7937704,-73.971888,member
1903261,3C6463D7FAD56825,docked_bike,2021-04-14 06:56:48,2021-04-14 07:13:29,Central Park W & W 97 St,7538,W 52 St & 6 Ave,6740,40.792495,-73.96417,40.76132983124814,-73.97982001304626,member
1903262,1EC031920B845718,docked_bike,2021-04-13 06:53:45,2021-04-13 07:10:34,Central Park W & W 97 St,7538,W 52 St & 6 Ave,6740,40.792495,-73.96417,40.76132983124814,-73.97982001304626,member
1903271,2AAADDEA1AD9AB63,docked_bike,2021-04-02 20:43:10,2021-04-02 21:15:39,Central Park W & W 97 St,7538,Pike St & E Broadway,5270,40.792495,-73.96417,40.71406667,-73.99293911,member
1903276,C2E01CBD91A35FC3,docked_bike,2021-04-02 07:14:41,2021-04-02 07:31:05,Central Park W & W 97 St,7538,W 52 St & 6 Ave,6740,40.792495,-73.96417,40.76132983124814,-73.97982001304626,member
1903284,C40F90F1E828B33F,docked_bike,2021-04-20 14:20:31,2021-04-20 14:36:36,Central Park W & W 97 St,7538,W 52 St & 6 Ave,6740,40.792495,-73.96417,40.76132983124814,-73.97982001304626,member
1903285,764F52796AAAD9FE,docked_bike,2021-04-18 12:33:42,2021-04-18 12:40:28,Central Park W & W 97 St,7538,W 95 St & Broadway,7541,40.792495,-73.96417,40.7937704,-73.971888,member
1903294,210C6BBBF0638324,docked_bike,2021-04-24 10:06:57,2021-04-24 10:10:41,Central Park W & W 97 St,7538,W 95 St & Broadway,7541,40.792495,-73.96417,40.7937704,-73.971888,member
1903298,0F38660795105411,docked_bike,2021-04-10 15:49:22,2021-04-10 15:54:52,Central Park W & W 97 St,7538,W 95 St & Broadway,7541,40.792495,-73.96417,40.7937704,-73.971888,member
1903308,B4E24B46F547A33A,docked_bike,2021-04-27 19:24:24,2021-04-27 19:30:08,Central Park W & W 97 St,7538,W 95 St & Broadway,7541,40.792495,-73.96417,40.7937704,-73.971888,member
1903319,3605BDAD3A67376A,docked_bike,2021-04-28 23:50:02,2021-04-28 23:54:01,Central Park W & W 97 St,7538,W 95 St & Broadway,7541,40.792495,-73.96417,40.7937704,-73.971888,member
1903336,2E2528AD3E02579D,docked_bike,2021-04-02 14:47:54,2021-04-02 15:02:58,Central Park W & W 97 St,7538,W 52 St & 6 Ave,6740,40.792495,-73.96417,40.76132983124814,-73.97982001304626,member
1903339,1E29DDC6C16452E7,docked_bike,2021-04-14 08:35:09,2021-04-14 08:43:06,Central Park W & W 97 St,7538,E 115 St & Lexington Ave,7599,40.792495,-73.96417,40.797911,-73.9423,member
1903340,633616C28F45B628,docked_bike,2021-04-17 19:04:16,2021-04-17 19:15:45,Central Park W & W 97 St,7538,W 95 St & Broadway,7541,40.792495,-73.96417,40.7937704,-73.971888,member
1903350,542DCF542EAAF321,docked_bike,2021-04-30 15:35:05,2021-04-30 15:43:23,Central Park W & W 97 St,7538,E 115 St & Lexington Ave,7599,40.792495,-73.96417,40.797911,-73.9423,casual
1903361,362808AC606ED44E,docked_bike,2021-04-12 06:59:28,2021-04-12 07:16:29,Central Park W & W 97 St,7538,W 52 St & 6 Ave,6740,40.792495,-73.96417,40.76132983124814,-73.97982001304626,member
1903365,746FF8BAB7C90D72,docked_bike,2021-04-14 12:36:44,2021-04-14 12:41:41,Central Park W & W 97 St,7538,W 95 St & Broadway,7541,40.792495,-73.96417,40.7937704,-73.971888,member
1903373,3F3CCBC0099D0D63,docked_bike,2021-04-19 13:05:39,2021-04-19 13:24:13,Central Park W & W 97 St,7538,W 52 St & 6 Ave,6740,40.792495,-73.96417,40.76132983124814,-73.97982001304626,member
1903385,8D001FEBBA896207,docked_bike,2021-04-24 18:22:46,2021-04-24 18:40:50,Central Park W & W 97 St,7538,W 95 St & Broadway,7541,40.792495,-73.96417,40.7937704,-73.971888,member
1903390,4D693277783805F0,docked_bike,2021-04-08 18:30:52,2021-04-08 19:13:08,Central Park W & W 97 St,7538,Barrow St & Hudson St,5805,40.792495,-73.96417,40.73172428,-74.00674436,member
1903401,599F66698D558AF6,docked_bike,2021-04-19 02:02:54,2021-04-19 02:06:27,Central Park W & W 97 St,7538,W 95 St & Broadway,7541,40.792495,-73.96417,40.7937704,-73.971888,member
1903546,E15E50E688253C3C,docked_bike,2021-04-24 13:07:19,2021-04-24 14:04:57,Central Park W & W 97 St,7538,Margaret Corbin Plz & Ft Washington Ave,8532,40.792495,-73.96417,40.859166,-73.933872,casual
1903547,ED0D935A57D971EC,docked_bike,2021-04-16 14:15:17,2021-04-16 14:25:23,Central Park W & W 97 St,7538,E 115 St & Lexington Ave,7599,40.792495,-73.96417,40.797911,-73.9423,member
1903548,6CF5AA847FDC9ADD,docked_bike,2021-04-12 08:42:11,2021-04-12 09:00:53,Central Park W & W 97 St,7538,W 52 St & 6 Ave,6740,40.792495,-73.96417,40.76132983124814,-73.97982001304626,member
1903807,C428E3242923A290,docked_bike,2021-04-24 12:56:53,2021-04-24 14:04:50,Central Park W & W 97 St,7538,Margaret Corbin Plz & Ft Washington Ave,8532,40.792495,-73.96417,40.859166,-73.933872,casual
1903829,369D3E058196615A,docked_bike,2021-04-28 13:43:24,2021-04-28 13:51:45,Central Park W & W 97 St,7538,E 115 St & Lexington Ave,7599,40.792495,-73.96417,40.797911,-73.9423,casual
1903835,3783ADB4FC1CD976,docked_bike,2021-04-27 18:12:47,2021-04-27 18:27:19,Central Park W & W 97 St,7538,W 52 St & 6 Ave,6740,40.792495,-73.96417,40.76132983124814,-73.97982001304626,member
1903886,F7F0A705A32B5C22,docked_bike,2021-04-18 12:33:41,2021-04-18 12:40:24,Central Park W & W 97 St,7538,W 95 St & Broadway,7541,40.792495,-73.96417,40.7937704,-73.971888,member
1912612,C7254CA269AB3907,docked_bike,2021-04-26 06:42:45,2021-04-26 06:47:28,W 100 St & Manhattan Ave,7538,W 95 St & Broadway,7541,40.795,-73.9645,40.7937704,-73.971888,member
1912613,AEC3D468FA834EBF,docked_bike,2021-04-30 06:47:17,2021-04-30 06:52:00,W 100 St & Manhattan Ave,7538,W 95 St & Broadway,7541,40.795,-73.9645,40.7937704,-73.971888,member
1912614,75174FEA28D315F1,docked_bike,2021-04-17 19:50:29,2021-04-17 19:57:59,W 100 St & Manhattan Ave,7538,W 95 St & Broadway,7541,40.795,-73.9645,40.7937704,-73.971888,casual
1912618,9AC89E5B92E5A7B8,docked_bike,2021-04-30 11:54:44,2021-04-30 12:13:28,W 100 St & Manhattan Ave,7538,E 115 St & Lexington Ave,7599,40.795,-73.9645,40.797911,-73.9423,member
1912620,F0EBF05C2372CBC7,docked_bike,2021-04-08 12:07:21,2021-04-08 12:12:41,W 100 St & Manhattan Ave,7538,W 95 St & Broadway,7541,40.795,-73.9645,40.7937704,-73.971888,member
1912630,FBD141E3CFAA2B63,docked_bike,2021-04-05 03:57:36,2021-04-05 04:01:17,W 100 St & Manhattan Ave,7538,W 95 St & Broadway,7541,40.795,-73.9645,40.7937704,-73.971888,member
1912639,62A86CF5B8060F86,docked_bike,2021-04-20 08:12:30,2021-04-20 08:17:31,W 100 St & Manhattan Ave,7538,W 95 St & Broadway,7541,40.795,-73.9645,40.7937704,-73.971888,member
1912649,368791D2C5C8CE10,docked_bike,2021-04-02 10:36:16,2021-04-02 10:40:32,W 100 St & Manhattan Ave,7538,W 95 St & Broadway,7541,40.795,-73.9645,40.7937704,-73.971888,member
1912652,4712E1CAC07DA224,docked_bike,2021-04-20 15:46:41,2021-04-20 15:55:45,W 100 St & Manhattan Ave,7538,W 95 St & Broadway,7541,40.795,-73.9645,40.7937704,-73.971888,member
1912666,48680E5A3CE7DCE2,docked_bike,2021-04-27 12:54:32,2021-04-27 12:58:16,W 100 St & Manhattan Ave,7538,W 95 St & Broadway,7541,40.795,-73.9645,40.7937704,-73.971888,member
1912693,0CF1C78F3945B321,docked_bike,2021-04-16 06:45:35,2021-04-16 06:49:05,W 100 St & Manhattan Ave,7538,W 95 St & Broadway,7541,40.795,-73.9645,40.7937704,-73.971888,member
1912694,46A65B3C0C645C6D,docked_bike,2021-04-28 06:37:55,2021-04-28 06:42:48,W 100 St & Manhattan Ave,7538,W 95 St & Broadway,7541,40.795,-73.9645,40.7937704,-73.971888,member
1912695,B17B92F31F39D1EE,docked_bike,2021-04-02 06:53:06,2021-04-02 06:56:39,W 100 St & Manhattan Ave,7538,W 95 St & Broadway,7541,40.795,-73.9645,40.7937704,-73.971888,member
1912699,058A80727E11CC23,docked_bike,2021-04-13 16:05:21,2021-04-13 16:11:47,W 100 St & Manhattan Ave,7538,W 95 St & Broadway,7541,40.795,-73.9645,40.7937704,-73.971888,member
1912700,786C973448EE983B,docked_bike,2021-04-02 08:40:09,2021-04-02 08:44:31,W 100 St & Manhattan Ave,7538,W 95 St & Broadway,7541,40.795,-73.9645,40.7937704,-73.971888,member
1912701,740F62FBC0FA3FE5,docked_bike,2021-04-10 17:54:31,2021-04-10 17:59:41,W 100 St & Manhattan Ave,7538,W 95 St & Broadway,7541,40.795,-73.9645,40.7937704,-73.971888,member
1912702,3415261BC1AA7BDB,docked_bike,2021-04-14 20:11:17,2021-04-14 20:37:02,W 100 St & Manhattan Ave,7538,W 95 St & Broadway,7541,40.795,-73.9645,40.7937704,-73.971888,casual
1912708,F67427EA5A695099,docked_bike,2021-04-03 10:03:58,2021-04-03 10:32:54,W 100 St & Manhattan Ave,7538,W 52 St & 6 Ave,6740,40.795,-73.9645,40.76132983124814,-73.97982001304626,member
1915347,3D4A719F19E5C21E,docked_bike,2021-04-15 08:39:09,2021-04-15 08:44:01,W 100 St & Manhattan Ave,7538,W 87 St & Amsterdam Ave,7458,40.795,-73.9645,40.78839,-73.9747,member
1915384,BF726E06C406AB93,docked_bike,2021-04-05 13:41:29,2021-04-05 13:49:07,W 100 St & Manhattan Ave,7538,W 87 St & Amsterdam Ave,7458,40.795,-73.9645,40.78839,-73.9747,member
1915385,731CDA0C58398C6D,docked_bike,2021-04-28 18:35:16,2021-04-28 18:43:33,W 100 St & Manhattan Ave,7538,W 87 St & Amsterdam Ave,7458,40.795,-73.9645,40.78839,-73.9747,member
1915386,C1FC8331D21A8338,docked_bike,2021-04-09 11:35:58,2021-04-09 11:42:02,W 100 St & Manhattan Ave,7538,W 87 St & Amsterdam Ave,7458,40.795,-73.9645,40.78839,-73.9747,member
1915393,49B470B35BF5F670,docked_bike,2021-04-29 19:12:13,2021-04-29 19:20:09,W 100 St & Manhattan Ave,7538,W 87 St & Amsterdam Ave,7458,40.795,-73.9645,40.78839,-73.9747,member
1915394,5889020964615C30,docked_bike,2021-04-25 00:53:26,2021-04-25 01:06:19,W 100 St & Manhattan Ave,7538,W 87 St & Amsterdam Ave,7458,40.795,-73.9645,40.78839,-73.9747,casual
1915410,29EFBA67DC997BF4,docked_bike,2021-04-29 19:12:42,2021-04-29 19:21:08,W 100 St & Manhattan Ave,7538,W 87 St & Amsterdam Ave,7458,40.795,-73.9645,40.78839,-73.9747,casual
1915417,DD95A291964BF11A,docked_bike,2021-04-14 16:28:49,2021-04-14 16:41:21,W 100 St & Manhattan Ave,7538,E 115 St & Madison Ave,7599,40.795,-73.9645,40.7989445,-73.944846,member
1915437,B2D8AA9B0A2784B2,docked_bike,2021-04-02 16:08:46,2021-04-02 16:16:27,W 100 St & Manhattan Ave,7538,W 87 St & Amsterdam Ave,7458,40.795,-73.9645,40.78839,-73.9747,casual
1915458,467374C94F35DC26,docked_bike,2021-04-14 12:13:38,2021-04-14 12:25:40,W 100 St & Manhattan Ave,7538,E 115 St & Madison Ave,7599,40.795,-73.9645,40.7989445,-73.944846,member
1915502,FCC106131841051B,docked_bike,2021-04-30 08:45:45,2021-04-30 08:54:50,W 100 St & Manhattan Ave,7538,W 87 St & Amsterdam Ave,7458,40.795,-73.9645,40.78839,-73.9747,casual
1915510,61B6303E4E1F6B2E,docked_bike,2021-04-18 15:45:38,2021-04-18 15:52:43,W 100 St & Manhattan Ave,7538,E 115 St & Madison Ave,7599,40.795,-73.9645,40.7989445,-73.944846,member
1915524,37E89C87BA17C0A9,docked_bike,2021-04-23 20:56:21,2021-04-23 21:04:03,W 100 St & Manhattan Ave,7538,E 115 St & Madison Ave,7599,40.795,-73.9645,40.7989445,-73.944846,member
1915525,9A693C4413904FB2,docked_bike,2021-04-19 19:21:30,2021-04-19 19:28:11,W 100 St & Manhattan Ave,7538,E 115 St & Madison Ave,7599,40.795,-73.9645,40.7989445,-73.944846,member
1915933,D331775F60495BC5,docked_bike,2021-04-09 21:22:36,2021-04-09 21:30:56,W 100 St & Manhattan Ave,7538,E 115 St & Madison Ave,7599,40.795,-73.9645,40.7989445,-73.944846,member
1915944,EA45D540D4EC0CE3,docked_bike,2021-04-22 08:57:43,2021-04-22 09:08:37,W 100 St & Manhattan Ave,7538,E 115 St & Madison Ave,7599,40.795,-73.9645,40.7989445,-73.944846,casual
1915954,583CC3E670C41FD9,docked_bike,2021-04-26 16:46:24,2021-04-26 16:59:12,W 100 St & Manhattan Ave,7538,E 115 St & Madison Ave,7599,40.795,-73.9645,40.798945,-73.944846,member
1916142,004F8B3BE7A7F387,docked_bike,2021-04-05 13:32:01,2021-04-05 13:42:29,W 100 St & Manhattan Ave,7538,W 87 St & Amsterdam Ave,7458,40.795,-73.9645,40.78839,-73.9747,member
1916151,FD87DBB00B5462A5,docked_bike,2021-04-21 15:41:48,2021-04-21 15:46:17,W 100 St & Manhattan Ave,7538,W 87 St & Amsterdam Ave,7458,40.795,-73.9645,40.78839,-73.9747,member
1916222,BB7D279AB0A3EC88,docked_bike,2021-04-25 15:02:19,2021-04-25 15:09:00,W 100 St & Manhattan Ave,7538,W 87 St & Amsterdam Ave,7458,40.795,-73.9645,40.78839,-73.9747,member
1916696,AAD22528E559A065,docked_bike,2021-04-04 14:42:36,2021-04-04 14:51:07,W 100 St & Manhattan Ave,7538,W 87 St & Amsterdam Ave,7458,40.795,-73.9645,40.78839,-73.9747,member
1916904,16D633B74EF0FCDE,docked_bike,2021-04-13 18:21:26,2021-04-13 18:26:56,W 100 St & Manhattan Ave,7538,W 87 St & Amsterdam Ave,7458,40.795,-73.9645,40.78839,-73.9747,member
1916907,15BE844121560199,docked_bike,2021-04-05 16:31:56,2021-04-05 16:40:43,W 100 St & Manhattan Ave,7538,E 115 St & Madison Ave,7599,40.795,-73.9645,40.7989445,-73.944846,member
1921419,E446092FC4C31376,docked_bike,2021-04-30 06:26:29,2021-04-30 06:54:52,Central Park W & W 97 St,7538,E 27 St & 1 Ave,6004,40.792495,-73.96417,40.739445,-73.976806,member
1921433,C3800E9440C80457,docked_bike,2021-04-23 19:30:34,2021-04-23 19:39:11,Central Park W & W 97 St,7538,W 87 St & Amsterdam Ave,7458,40.792495,-73.96417,40.78839,-73.9747,member
1921435,343B3D8B3DDB8A62,docked_bike,2021-04-07 08:05:19,2021-04-07 08:11:36,Central Park W & W 97 St,7538,W 87 St & Amsterdam Ave,7458,40.792495,-73.96417,40.78839,-73.9747,member
1921439,F48210EE467D7D74,docked_bike,2021-04-16 07:10:41,2021-04-16 07:40:56,Central Park W & W 97 St,7538,E 27 St & 1 Ave,6004,40.792495,-73.96417,40.739445,-73.976806,member
1921450,13E0BBE1FC672CB7,docked_bike,2021-04-23 16:05:38,2021-04-23 16:16:50,Central Park W & W 97 St,7538,E 115 St & Madison Ave,7599,40.792495,-73.96417,40.7989445,-73.944846,member
1921451,5AF27352ACC75D65,docked_bike,2021-04-07 10:20:18,2021-04-07 10:27:13,Central Park W & W 97 St,7538,W 87 St & Amsterdam Ave,7458,40.792495,-73.96417,40.78839,-73.9747,member
1921454,CB3349AC1119BFD7,docked_bike,2021-04-03 18:27:00,2021-04-03 18:31:52,Central Park W & W 97 St,7538,W 87 St & Amsterdam Ave,7458,40.792495,-73.96417,40.78839,-73.9747,member
1921466,A672A1FC78C6A468,docked_bike,2021-04-18 13:54:56,2021-04-18 14:05:35,Central Park W & W 97 St,7538,W 87 St & Amsterdam Ave,7458,40.792495,-73.96417,40.78839,-73.9747,member
1921468,293462122A7A8EBC,docked_bike,2021-04-30 20:35:05,2021-04-30 20:42:14,Central Park W & W 97 St,7538,W 87 St & Amsterdam Ave,7458,40.792495,-73.96417,40.78839,-73.9747,casual
1921482,995C65A27CDC2CDD,docked_bike,2021-04-10 16:37:57,2021-04-10 16:43:39,Central Park W & W 97 St,7538,W 87 St & Amsterdam Ave,7458,40.792495,-73.96417,40.78839,-73.9747,member
1921483,E9DF1EA98C082227,docked_bike,2021-04-29 06:20:18,2021-04-29 06:47:14,Central Park W & W 97 St,7538,E 27 St & 1 Ave,6004,40.792495,-73.96417,40.739445,-73.976806,member
1921488,F312F1BCAB0A350D,docked_bike,2021-04-08 16:05:51,2021-04-08 16:11:43,Central Park W & W 97 St,7538,W 87 St & Amsterdam Ave,7458,40.792495,-73.964171,40.78839,-73.9747,member
1921491,80C061CFD8755997,docked_bike,2021-04-10 08:06:45,2021-04-10 08:14:09,Central Park W & W 97 St,7538,W 87 St & Amsterdam Ave,7458,40.792495,-73.96417,40.78839,-73.9747,member
1921492,7DF7BA7CE91AA6C5,docked_bike,2021-04-15 09:03:33,2021-04-15 09:03:29,Central Park W & W 97 St,7538,W 87 St & Amsterdam Ave,7458,40.792495,-73.96417,40.78839,-73.9747,member
1921497,0EEBF86FA6D1DD3A,docked_bike,2021-04-07 19:16:15,2021-04-07 19:45:29,Central Park W & W 97 St,7538,Hudson St & W 13 St,6115,40.792495,-73.96417,40.74005708567285,-74.0052741765976,member
1921499,1B5A0912584F510A,docked_bike,2021-04-06 13:06:00,2021-04-06 13:14:53,Central Park W & W 97 St,7538,W 87 St & Amsterdam Ave,7458,40.792495,-73.96417,40.78839,-73.9747,member
1921536,FAB1C06C591B617B,docked_bike,2021-04-06 11:54:22,2021-04-06 12:02:59,Central Park W & W 97 St,7538,W 87 St & Amsterdam Ave,7458,40.792495,-73.964171,40.78839,-73.9747,member
1921542,8089D1724FE96617,docked_bike,2021-04-28 15:52:03,2021-04-28 15:58:49,Central Park W & W 97 St,7538,W 87 St & Amsterdam Ave,7458,40.792495,-73.96417,40.78839,-73.9747,member
1921548,8D8B83EC182D2A00,docked_bike,2021-04-03 21:35:29,2021-04-03 21:43:27,Central Park W & W 97 St,7538,E 115 St & Madison Ave,7599,40.792495,-73.96417,40.7989445,-73.944846,member
1921559,71A7CB7BDF7E9E16,docked_bike,2021-04-26 16:45:08,2021-04-26 16:53:48,Central Park W & W 97 St,7538,W 87 St & Amsterdam Ave,7458,40.792495,-73.96417,40.78839,-73.9747,member
1921561,9AB71C634CAF211D,docked_bike,2021-04-04 06:29:06,2021-04-04 06:55:09,Central Park W & W 97 St,7538,E 27 St & 1 Ave,6004,40.792495,-73.96417,40.739445,-73.976806,member
1921589,8B2A5FC6139B1FA0,docked_bike,2021-04-23 19:30:29,2021-04-23 19:38:55,Central Park W & W 97 St,7538,W 87 St & Amsterdam Ave,7458,40.792495,-73.96417,40.78839,-73.9747,member
1921597,DE874DD353A3B536,docked_bike,2021-04-12 10:21:29,2021-04-12 10:27:12,Central Park W & W 97 St,7538,W 87 St & Amsterdam Ave,7458,40.792495,-73.96417,40.78839,-73.9747,casual
1921610,4D0DD5EE58F5BE7D,docked_bike,2021-04-01 17:07:20,2021-04-01 17:11:57,Central Park W & W 97 St,7538,W 87 St & Amsterdam Ave,7458,40.792495,-73.96417,40.78839,-73.9747,casual
1921613,B3AEFF7394C5AEC1,docked_bike,2021-04-07 06:26:07,2021-04-07 06:55:01,Central Park W & W 97 St,7538,E 27 St & 1 Ave,6004,40.792495,-73.96417,40.739445,-73.976806,member
1921616,10474F733919D1D7,docked_bike,2021-04-09 11:13:43,2021-04-09 11:20:10,Central Park W & W 97 St,7538,W 87 St & Amsterdam Ave,7458,40.792495,-73.96417,40.78839,-73.9747,casual
1921647,3DAC294C3BF4401F,docked_bike,2021-04-23 16:01:51,2021-04-23 16:06:21,Central Park W & W 97 St,7538,W 87 St & Amsterdam Ave,7458,40.792495,-73.96417,40.78839,-73.9747,member
1921654,ACA6AFA74C27F0A3,docked_bike,2021-04-06 21:24:06,2021-04-06 21:30:41,Central Park W & W 97 St,7538,E 115 St & Madison Ave,7599,40.792495,-73.96417,40.7989445,-73.944846,member
1921661,CFC8802AFCF5125F,docked_bike,2021-04-20 11:59:34,2021-04-20 12:07:54,Central Park W & W 97 St,7538,W 87 St & Amsterdam Ave,7458,40.792495,-73.96417,40.78839,-73.9747,member
1921668,A5E54C73164B25DC,docked_bike,2021-04-11 18:00:34,2021-04-11 18:10:39,Central Park W & W 97 St,7538,E 115 St & Madison Ave,7599,40.792495,-73.96417,40.7989445,-73.944846,member
1921898,E977A23F5A362944,docked_bike,2021-04-18 15:20:42,2021-04-18 15:47:55,Central Park W & W 97 St,7538,W 87 St & Amsterdam Ave,7458,40.792495,-73.96417,40.78839,-73.9747,member
1921904,2508A34FA716491E,docked_bike,2021-04-10 18:25:09,2021-04-10 18:59:15,Central Park W & W 97 St,7538,E 27 St & 1 Ave,6004,40.792495,-73.96417,40.739445,-73.976806,member
1923273,45046127408A6146,docked_bike,2021-04-01 12:45:25,2021-04-01 12:52:35,Central Park W & W 97 St,7538,W 87 St & Amsterdam Ave,7458,40.792495,-73.96417,40.78839,-73.9747,member
1932334,17D659763A883193,docked_bike,2021-04-17 15:01:44,2021-04-17 15:20:22,Central Park W & W 97 St,7538,W 45 St & 8 Ave,6676,40.792495,-73.964171,40.759291,-73.988597,casual
1935503,720B33E8ACC31E17,docked_bike,2021-04-26 18:35:17,2021-04-26 18:45:10,Central Park W & W 97 St,7538,Mt Morris Park W & W 120 St,7685,40.792495,-73.96417,40.804038,-73.945925,member
1935505,0C775ED5E6B05300,docked_bike,2021-04-09 09:57:59,2021-04-09 10:17:34,Central Park W & W 97 St,7538,W 45 St & 8 Ave,6676,40.792495,-73.96417,40.75929124,-73.98859651,member
1935535,61C36F2FC6D90707,docked_bike,2021-04-18 18:37:08,2021-04-18 18:51:50,Central Park W & W 97 St,7538,Mt Morris Park W & W 120 St,7685,40.792495,-73.964171,40.804038,-73.945925,member
1935539,6B3B605951DB404A,docked_bike,2021-04-08 10:04:50,2021-04-08 10:47:07,Central Park W & W 97 St,7538,Christopher St & Greenwich St,5847,40.792495,-73.96417,40.73291553,-74.00711384,member
1935592,B1753AF797368E8F,docked_bike,2021-04-19 21:19:58,2021-04-19 21:31:04,Central Park W & W 97 St,7538,Mt Morris Park W & W 120 St,7685,40.792495,-73.96417,40.804038,-73.945925,member
1935599,020255D53B1AA786,docked_bike,2021-04-13 21:16:58,2021-04-13 22:04:23,Central Park W & W 97 St,7538,E 138 St & Canal St W,7803,40.792495,-73.96417,40.812304,-73.929153,member
1935605,13D8CC434484920B,docked_bike,2021-04-11 22:20:46,2021-04-11 22:52:26,Central Park W & W 97 St,7538,Christopher St & Greenwich St,5847,40.792495,-73.964171,40.732916,-74.007114,member
1935612,0308C32E9463FE28,docked_bike,2021-04-24 12:38:26,2021-04-24 13:17:35,Central Park W & W 97 St,7538,Christopher St & Greenwich St,5847,40.792495,-73.96417,40.73291553,-74.00711384,member
1935615,34B05A759349E59E,docked_bike,2021-04-04 12:06:23,2021-04-04 12:49:56,Central Park W & W 97 St,7538,Christopher St & Greenwich St,5847,40.792495,-73.96417,40.73291553,-74.00711384,member
1935629,E70D7F177E31DB68,docked_bike,2021-04-04 16:01:01,2021-04-04 17:10:54,Central Park W & W 97 St,7538,Mt Morris Park W & W 120 St,7685,40.792495,-73.964171,40.804038,-73.945925,casual
1935652,85745831E51DBA3D,docked_bike,2021-04-04 16:02:08,2021-04-04 17:10:37,Central Park W & W 97 St,7538,Mt Morris Park W & W 120 St,7685,40.792495,-73.96417,40.804038,-73.945925,casual
1935654,73C1A857D4680903,docked_bike,2021-04-02 11:44:16,2021-04-02 11:55:16,Central Park W & W 97 St,7538,Mt Morris Park W & W 120 St,7685,40.792495,-73.96417,40.804038,-73.945925,member
1935676,EFAF592AA862A6C9,docked_bike,2021-04-18 16:13:52,2021-04-18 16:26:07,Central Park W & W 97 St,7538,Mt Morris Park W & W 120 St,7685,40.792495,-73.96417,40.804038,-73.945925,member
1935684,F3072705C3478ED5,docked_bike,2021-04-14 17:12:31,2021-04-14 17:23:41,Central Park W & W 97 St,7538,Mt Morris Park W & W 120 St,7685,40.792495,-73.96417,40.804038,-73.945925,casual
1935716,B593DED674136388,docked_bike,2021-04-17 10:50:54,2021-04-17 11:17:06,Central Park W & W 97 St,7538,E 149 St & Morris Ave,7863,40.792495,-73.96417,40.81734,-73.922962,member
1936243,BAC089F9B232BA95,docked_bike,2021-04-04 14:02:45,2021-04-04 14:44:23,Central Park W & W 97 St,7538,Cabrini Blvd & W 177 St,8358,40.792495,-73.96417,40.848282,-73.941343,casual
1941817,40711E17E152C08B,docked_bike,2021-04-24 18:15:03,2021-04-24 19:15:14,W 100 St & Manhattan Ave,7538,Spruce St & Nassau St,5137,40.795,-73.9645,40.71146364,-74.00552427,casual
1941831,A8077967141FBD5F,docked_bike,2021-04-14 17:13:43,2021-04-14 17:24:56,W 100 St & Manhattan Ave,7538,Mt Morris Park W & W 120 St,7685,40.795,-73.9645,40.804038,-73.945925,member
1941835,EEED954D20FA7DEF,docked_bike,2021-04-09 05:23:07,2021-04-09 06:04:25,W 100 St & Manhattan Ave,7538,Cabrini Blvd & W 177 St,8358,40.795,-73.9645,40.848282,-73.941343,member
1941837,4218E448C59453FD,docked_bike,2021-04-10 12:49:39,2021-04-10 12:56:14,W 100 St & Manhattan Ave,7538,Mt Morris Park W & W 120 St,7685,40.795,-73.9645,40.804038,-73.945925,member
1945456,C6A9B4156AC0DEEA,docked_bike,2021-04-24 19:04:52,2021-04-24 19:30:24,W 100 St & Manhattan Ave,7538,E 149 St & Morris Ave,7863,40.795,-73.9645,40.81734,-73.922962,member
1949660,143C070E742E9EC1,docked_bike,2021-04-30 18:41:30,2021-04-30 18:54:29,W 100 St & Manhattan Ave,7538,Frederick Douglass Blvd & W 115 St,7658,40.795,-73.9645,40.8038654,-73.9559308,member
1949662,FFF0D9EF632155FA,docked_bike,2021-04-19 21:12:57,2021-04-19 21:19:10,W 100 St & Manhattan Ave,7538,Frederick Douglass Blvd & W 115 St,7658,40.795,-73.9645,40.8038654,-73.9559308,member
1949672,292100813FF7A224,docked_bike,2021-04-13 12:22:15,2021-04-13 12:26:26,W 100 St & Manhattan Ave,7538,Frederick Douglass Blvd & W 115 St,7658,40.795,-73.9645,40.8038654,-73.9559308,casual
1949675,DCE06CDE76AA4D83,docked_bike,2021-04-25 13:26:39,2021-04-25 13:31:42,W 100 St & Manhattan Ave,7538,Frederick Douglass Blvd & W 115 St,7658,40.795,-73.9645,40.8038654,-73.9559308,member
1949676,EE0D64132083A17D,docked_bike,2021-04-29 11:40:33,2021-04-29 11:45:46,W 100 St & Manhattan Ave,7538,Frederick Douglass Blvd & W 115 St,7658,40.795,-73.9645,40.8038654,-73.9559308,member
1949677,CAC8C4887C3993A4,docked_bike,2021-04-28 08:36:30,2021-04-28 08:43:52,W 100 St & Manhattan Ave,7538,Frederick Douglass Blvd & W 115 St,7658,40.795,-73.9645,40.8038654,-73.9559308,member
1949688,5D16312730473911,docked_bike,2021-04-17 15:03:40,2021-04-17 15:18:24,W 100 St & Manhattan Ave,7538,Frederick Douglass Blvd & W 115 St,7658,40.795,-73.9645,40.803865,-73.955931,member
1949697,DDE2F32B2763B2C4,docked_bike,2021-04-04 18:20:06,2021-04-04 18:26:08,W 100 St & Manhattan Ave,7538,Frederick Douglass Blvd & W 115 St,7658,40.795,-73.9645,40.803865,-73.955931,member
1949699,9EA1357EA0C3ADF4,docked_bike,2021-04-11 11:22:28,2021-04-11 11:32:15,W 100 St & Manhattan Ave,7538,E 89 St & York Ave,7204,40.795,-73.9645,40.7779453,-73.946041,member
1949704,52F651772ACACBA6,docked_bike,2021-04-24 17:57:24,2021-04-24 18:10:10,W 100 St & Manhattan Ave,7538,Frederick Douglass Blvd & W 115 St,7658,40.795,-73.9645,40.803865,-73.955931,member
1949707,6F66D8EC311AAEF4,docked_bike,2021-04-06 13:32:02,2021-04-06 13:41:18,W 100 St & Manhattan Ave,7538,Frederick Douglass Blvd & W 115 St,7658,40.795,-73.9645,40.8038654,-73.9559308,member
1949709,DBA36A33D504D5D5,docked_bike,2021-04-20 16:49:27,2021-04-20 16:57:55,W 100 St & Manhattan Ave,7538,Frederick Douglass Blvd & W 115 St,7658,40.795,-73.9645,40.8038654,-73.9559308,member
1949714,2CE81E142A1A0EDC,docked_bike,2021-04-17 14:58:35,2021-04-17 15:07:56,W 100 St & Manhattan Ave,7538,Frederick Douglass Blvd & W 115 St,7658,40.795,-73.9645,40.8038654,-73.9559308,member
1949719,9D98698B36EA91D7,docked_bike,2021-04-19 18:39:52,2021-04-19 18:45:16,W 100 St & Manhattan Ave,7538,Frederick Douglass Blvd & W 115 St,7658,40.795,-73.9645,40.8038654,-73.9559308,member
1950252,42B0E198D9CC2B0E,docked_bike,2021-04-01 13:52:58,2021-04-01 14:05:18,Central Park W & W 97 St,7538,E 89 St & York Ave,7204,40.792495,-73.96417,40.7779453,-73.946041,member
1950254,CCC6DD03876EBCBF,docked_bike,2021-04-14 16:39:05,2021-04-14 17:06:09,Central Park W & W 97 St,7538,E 12 St & 3 Ave,5788,40.792495,-73.96417,40.73223272,-73.98889957,member
1950255,594A31FDA02E5C4A,docked_bike,2021-04-05 17:43:16,2021-04-05 18:22:44,Central Park W & W 97 St,7538,Frederick Douglass Blvd & W 115 St,7658,40.792495,-73.96417,40.8038654,-73.9559308,member
1950259,D3E676E3EC8569BE,docked_bike,2021-04-05 15:39:56,2021-04-05 15:46:41,Central Park W & W 97 St,7538,Frederick Douglass Blvd & W 115 St,7658,40.792495,-73.96417,40.8038654,-73.9559308,member
1953153,7C21089035DF2BDE,docked_bike,2021-04-07 08:04:08,2021-04-07 08:09:39,Central Park W & W 97 St,7538,Frederick Douglass Blvd & W 115 St,7658,40.792495,-73.96417,40.8038654,-73.9559308,member
1953155,95587FBEE9859657,docked_bike,2021-04-04 14:14:41,2021-04-04 14:20:56,Central Park W & W 97 St,7538,Frederick Douglass Blvd & W 115 St,7658,40.792495,-73.96417,40.8038654,-73.9559308,casual
1953156,86D2BD150C3F22A5,docked_bike,2021-04-08 13:28:32,2021-04-08 13:28:55,Central Park W & W 97 St,7538,E 89 St & York Ave,7204,40.792495,-73.96417,40.7779453,-73.946041,member
1953157,324617A5DC55858F,docked_bike,2021-04-04 16:50:21,2021-04-04 17:07:56,Central Park W & W 97 St,7538,E 128 St & Madison Ave,7735,40.792495,-73.96417,40.80756,-73.939182,casual
1953158,82C319C23A5280A3,docked_bike,2021-04-22 06:40:52,2021-04-22 06:50:42,Central Park W & W 97 St,7538,E 89 St & York Ave,7204,40.792495,-73.96417,40.7779453,-73.946041,member
1953159,2E0C3327B2BD2EE4,docked_bike,2021-04-25 07:41:50,2021-04-25 07:52:02,Central Park W & W 97 St,7538,E 89 St & York Ave,7204,40.792495,-73.96417,40.7779453,-73.946041,member
1953163,818658425B567640,docked_bike,2021-04-10 20:05:18,2021-04-10 20:18:49,Central Park W & W 97 St,7538,E 89 St & York Ave,7204,40.792495,-73.96417,40.7779453,-73.946041,member
1953164,67F29E2571D277F1,docked_bike,2021-04-24 11:32:22,2021-04-24 11:46:35,Central Park W & W 97 St,7538,E 89 St & York Ave,7204,40.792495,-73.96417,40.7779453,-73.946041,member
1953166,64EA157F61888527,docked_bike,2021-04-03 21:27:19,2021-04-03 21:41:57,Central Park W & W 97 St,7538,E 128 St & Madison Ave,7735,40.792495,-73.96417,40.80756,-73.939182,member
1953168,F3213279634A72B3,docked_bike,2021-04-05 08:07:52,2021-04-05 08:13:50,Central Park W & W 97 St,7538,Frederick Douglass Blvd & W 115 St,7658,40.792495,-73.96417,40.8038654,-73.9559308,member
1953169,31B8D6B710BCC7BB,docked_bike,2021-04-10 16:58:44,2021-04-10 17:09:42,Central Park W & W 97 St,7538,E 89 St & York Ave,7204,40.792495,-73.96417,40.7779453,-73.946041,member
1953171,D3A54055C08ABCFB,docked_bike,2021-04-30 18:19:24,2021-04-30 18:27:25,Central Park W & W 97 St,7538,Frederick Douglass Blvd & W 115 St,7658,40.792495,-73.96417,40.8038654,-73.9559308,member
1953172,CAB9B83E815DE104,docked_bike,2021-04-17 12:56:05,2021-04-17 13:04:43,Central Park W & W 97 St,7538,Frederick Douglass Blvd & W 115 St,7658,40.792495,-73.96417,40.8038654,-73.9559308,member
1953199,BB2A51081F5FEB80,docked_bike,2021-04-26 12:56:13,2021-04-26 13:20:04,Central Park W & W 97 St,7538,Frederick Douglass Blvd & W 115 St,7658,40.792495,-73.96417,40.8038654,-73.9559308,member
1953200,F60832EF1BE3F881,docked_bike,2021-04-29 23:36:53,2021-04-29 23:42:09,Central Park W & W 97 St,7538,Frederick Douglass Blvd & W 115 St,7658,40.792495,-73.96417,40.8038654,-73.9559308,member
1953201,AB6E4E9976300516,docked_bike,2021-04-24 15:22:36,2021-04-24 15:30:56,Central Park W & W 97 St,7538,Frederick Douglass Blvd & W 115 St,7658,40.792495,-73.96417,40.8038654,-73.9559308,member
1953204,421A7ADC6CFB2737,docked_bike,2021-04-11 11:01:55,2021-04-11 11:12:36,Central Park W & W 97 St,7538,E 89 St & York Ave,7204,40.792495,-73.96417,40.7779453,-73.946041,member
1953209,C0C8A9AF328C88C3,docked_bike,2021-04-05 09:46:05,2021-04-05 10:04:32,Central Park W & W 97 St,7538,E 89 St & York Ave,7204,40.792495,-73.96417,40.7779453,-73.946041,member
1953210,C1A1A4469B3C21E4,docked_bike,2021-04-19 08:13:04,2021-04-19 08:18:44,Central Park W & W 97 St,7538,Frederick Douglass Blvd & W 115 St,7658,40.792495,-73.96417,40.8038654,-73.9559308,member
1953212,8916AF0A991533D6,docked_bike,2021-04-30 19:16:44,2021-04-30 19:23:06,Central Park W & W 97 St,7538,Frederick Douglass Blvd & W 115 St,7658,40.792495,-73.96417,40.8038654,-73.9559308,member
1953213,DD0BFD752A596D4C,docked_bike,2021-04-17 20:07:05,2021-04-17 20:07:01,Central Park W & W 97 St,7538,Frederick Douglass Blvd & W 115 St,7658,40.792495,-73.96417,40.8038654,-73.9559308,casual
1953221,316E10DADE66789A,docked_bike,2021-04-05 09:47:20,2021-04-05 10:04:20,Central Park W & W 97 St,7538,E 89 St & York Ave,7204,40.792495,-73.96417,40.7779453,-73.946041,member
1953222,1859FD034B75FC34,docked_bike,2021-04-10 11:30:03,2021-04-10 11:45:11,Central Park W & W 97 St,7538,E 89 St & York Ave,7204,40.792495,-73.96417,40.7779453,-73.946041,member
1953224,7E6373D37813EC4E,docked_bike,2021-04-18 19:19:51,2021-04-18 19:26:05,Central Park W & W 97 St,7538,Frederick Douglass Blvd & W 115 St,7658,40.792495,-73.96417,40.8038654,-73.9559308,member
1953225,7C351B048E3CF0C4,docked_bike,2021-04-24 09:47:25,2021-04-24 09:51:51,Central Park W & W 97 St,7538,Frederick Douglass Blvd & W 115 St,7658,40.792495,-73.96417,40.8038654,-73.9559308,member
1953245,BF12E49C27BA1C49,docked_bike,2021-04-10 01:28:03,2021-04-10 01:33:49,Central Park W & W 97 St,7538,Frederick Douglass Blvd & W 115 St,7658,40.792495,-73.96417,40.8038654,-73.9559308,casual
1953249,EA08DF386876A220,docked_bike,2021-04-24 21:10:49,2021-04-24 21:31:33,Central Park W & W 97 St,7538,Frederick Douglass Blvd & W 115 St,7658,40.792495,-73.96417,40.8038654,-73.9559308,casual
1953250,CBF75F1A9C920C18,docked_bike,2021-04-14 15:39:14,2021-04-14 16:09:57,Central Park W & W 97 St,7538,E 89 St & York Ave,7204,40.792495,-73.96417,40.7779453,-73.946041,member
1953252,CF41E111F3CF6F8D,docked_bike,2021-04-24 15:23:05,2021-04-24 15:30:58,Central Park W & W 97 St,7538,Frederick Douglass Blvd & W 115 St,7658,40.792495,-73.96417,40.8038654,-73.9559308,casual
1953253,BFAFBB2BA10CB95D,docked_bike,2021-04-24 14:58:18,2021-04-24 15:05:31,Central Park W & W 97 St,7538,Frederick Douglass Blvd & W 115 St,7658,40.792495,-73.96417,40.8038654,-73.9559308,member
1953255,032E9C1BCC010A5A,docked_bike,2021-04-10 19:18:51,2021-04-10 19:25:15,Central Park W & W 97 St,7538,Frederick Douglass Blvd & W 115 St,7658,40.792495,-73.964171,40.803865,-73.955931,casual
1953257,CC9B3D569CE85808,docked_bike,2021-04-04 14:14:10,2021-04-04 14:20:31,Central Park W & W 97 St,7538,Frederick Douglass Blvd & W 115 St,7658,40.792495,-73.96417,40.8038654,-73.9559308,casual
1953259,F9295C7730AFE379,docked_bike,2021-04-24 06:25:51,2021-04-24 06:37:43,Central Park W & W 97 St,7538,E 89 St & York Ave,7204,40.792495,-73.96417,40.7779453,-73.946041,member
1953261,E54DDEDDE53221C3,docked_bike,2021-04-15 11:29:13,2021-04-15 11:29:09,Central Park W & W 97 St,7538,Frederick Douglass Blvd & W 115 St,7658,40.792495,-73.96417,40.8038654,-73.9559308,member
1953263,B792EADD3257344F,docked_bike,2021-04-23 17:09:30,2021-04-23 17:25:28,Central Park W & W 97 St,7538,E 89 St & York Ave,7204,40.792495,-73.96417,40.7779453,-73.946041,member
1953264,9D064310147A9650,docked_bike,2021-04-02 06:44:18,2021-04-02 06:56:21,Central Park W & W 97 St,7538,E 89 St & York Ave,7204,40.792495,-73.96417,40.7779453,-73.946041,member
1953267,DEBB73D3A939F848,docked_bike,2021-04-18 15:03:37,2021-04-18 15:09:52,Central Park W & W 97 St,7538,Frederick Douglass Blvd & W 115 St,7658,40.792495,-73.96417,40.8038654,-73.9559308,member
1953269,DB726E7D88EE57E1,docked_bike,2021-04-06 17:49:41,2021-04-06 18:20:57,Central Park W & W 97 St,7538,Frederick Douglass Blvd & W 115 St,7658,40.792495,-73.96417,40.8038654,-73.9559308,casual
1953273,1035789A5B435A0B,docked_bike,2021-04-06 14:41:39,2021-04-06 14:59:23,Central Park W & W 97 St,7538,E 89 St & York Ave,7204,40.792495,-73.96417,40.7779453,-73.946041,casual
1953275,36683CDEAC8FDF0C,docked_bike,2021-04-09 11:11:35,2021-04-09 11:26:54,Central Park W & W 97 St,7538,E 89 St & York Ave,7204,40.792495,-73.96417,40.7779453,-73.946041,casual
1953277,2EE20579438964D3,docked_bike,2021-04-04 11:36:34,2021-04-04 11:52:02,Central Park W & W 97 St,7538,E 89 St & York Ave,7204,40.792495,-73.96417,40.7779453,-73.946041,member
1953278,FBE74DC51B478D57,docked_bike,2021-04-17 11:49:06,2021-04-17 12:04:14,Central Park W & W 97 St,7538,E 89 St & York Ave,7204,40.792495,-73.96417,40.7779453,-73.946041,member
1953279,7ECFFB01E3005F55,docked_bike,2021-04-24 23:56:28,2021-04-25 00:03:02,Central Park W & W 97 St,7538,Frederick Douglass Blvd & W 115 St,7658,40.792495,-73.96417,40.8038654,-73.9559308,member
1953282,E94AD8FEE7BAC1E2,docked_bike,2021-04-24 22:24:43,2021-04-24 22:29:14,Central Park W & W 97 St,7538,Frederick Douglass Blvd & W 115 St,7658,40.792495,-73.96417,40.8038654,-73.9559308,casual
1953284,4C1D37F674066209,docked_bike,2021-04-10 01:55:55,2021-04-10 02:00:42,Central Park W & W 97 St,7538,Frederick Douglass Blvd & W 115 St,7658,40.792495,-73.96417,40.8038654,-73.9559308,casual
1953486,ED19ACCD12F3112F,docked_bike,2021-04-13 17:30:13,2021-04-13 17:37:18,W 100 St & Manhattan Ave,7538,Frederick Douglass Blvd & W 115 St,7658,40.795,-73.9645,40.8038654,-73.9559308,member
1953488,750B1A62F1BBA45A,docked_bike,2021-04-15 08:41:19,2021-04-15 08:53:15,W 100 St & Manhattan Ave,7538,E 89 St & York Ave,7204,40.795,-73.9645,40.7779453,-73.946041,member
1953489,25A0DECC6627B1D2,docked_bike,2021-04-25 11:38:31,2021-04-25 11:48:24,W 100 St & Manhattan Ave,7538,E 89 St & York Ave,7204,40.795,-73.9645,40.7779453,-73.946041,member
1953494,BFA450413CDD92FC,docked_bike,2021-04-14 18:06:37,2021-04-14 18:12:28,W 100 St & Manhattan Ave,7538,Frederick Douglass Blvd & W 115 St,7658,40.795,-73.9645,40.8038654,-73.9559308,member
1953496,91574762165981C8,docked_bike,2021-04-30 18:42:12,2021-04-30 18:54:29,W 100 St & Manhattan Ave,7538,Frederick Douglass Blvd & W 115 St,7658,40.795,-73.9645,40.8038654,-73.9559308,member
1953500,DBCA0CC48E961414,docked_bike,2021-04-03 06:34:28,2021-04-03 06:42:56,W 100 St & Manhattan Ave,7538,E 89 St & York Ave,7204,40.795,-73.9645,40.7779453,-73.946041,member
1953509,6C425EB075D1F78A,docked_bike,2021-04-20 13:14:26,2021-04-20 13:33:35,W 100 St & Manhattan Ave,7538,E 89 St & York Ave,7204,40.795,-73.9645,40.7779453,-73.946041,member
1953513,26157EBCACEE089A,docked_bike,2021-04-29 19:49:40,2021-04-29 19:55:18,W 100 St & Manhattan Ave,7538,Frederick Douglass Blvd & W 115 St,7658,40.795,-73.9645,40.8038654,-73.9559308,member
1953520,86A5CA0B29ABF608,docked_bike,2021-04-24 12:41:53,2021-04-24 12:47:34,W 100 St & Manhattan Ave,7538,Frederick Douglass Blvd & W 115 St,7658,40.795,-73.9645,40.8038654,-73.9559308,member
1953524,5B96C2AFD42622B9,docked_bike,2021-04-07 13:45:11,2021-04-07 14:04:13,W 100 St & Manhattan Ave,7538,E 89 St & York Ave,7204,40.795,-73.9645,40.7779453,-73.946041,casual
1953525,D21CEAF6DE76261E,docked_bike,2021-04-03 11:38:10,2021-04-03 11:42:43,W 100 St & Manhattan Ave,7538,Frederick Douglass Blvd & W 115 St,7658,40.795,-73.9645,40.8038654,-73.9559308,member
1953565,F0F3D29F5C01B659,docked_bike,2021-04-29 08:24:14,2021-04-29 08:30:31,W 100 St & Manhattan Ave,7538,Frederick Douglass Blvd & W 115 St,7658,40.795,-73.9645,40.8038654,-73.9559308,member
1953575,C4B9996CB9669D80,docked_bike,2021-04-03 10:59:33,2021-04-03 11:14:04,W 100 St & Manhattan Ave,7538,E 89 St & York Ave,7204,40.795,-73.9645,40.7779453,-73.946041,member
1953598,3A1698AB54F46C07,docked_bike,2021-04-24 12:42:21,2021-04-24 12:50:46,W 100 St & Manhattan Ave,7538,Frederick Douglass Blvd & W 115 St,7658,40.795,-73.9645,40.8038654,-73.9559308,member
1953602,57F6E81158F4051E,docked_bike,2021-04-04 14:55:32,2021-04-04 15:03:24,W 100 St & Manhattan Ave,7538,Frederick Douglass Blvd & W 115 St,7658,40.795,-73.9645,40.8038654,-73.9559308,member
1953685,B243CD0FA849F41E,docked_bike,2021-04-10 20:41:58,2021-04-10 20:52:11,W 100 St & Manhattan Ave,7538,Frederick Douglass Blvd & W 115 St,7658,40.795,-73.9645,40.8038654,-73.9559308,member
1959256,D393847190FED89C,docked_bike,2021-04-04 16:50:26,2021-04-04 17:08:04,Central Park W & W 97 St,7538,E 128 St & Madison Ave,7735,40.792495,-73.96417,40.80756,-73.939182,casual
1959257,DC13EFD9776A0752,docked_bike,2021-04-27 06:40:21,2021-04-27 06:45:36,Central Park W & W 97 St,7538,Frederick Douglass Blvd & W 115 St,7658,40.792495,-73.96417,40.8038654,-73.9559308,member
1959258,437E4988EDE70906,docked_bike,2021-04-07 21:21:24,2021-04-07 21:26:30,Central Park W & W 97 St,7538,Frederick Douglass Blvd & W 115 St,7658,40.792495,-73.96417,40.8038654,-73.9559308,member
1959259,EC67CD14E5269521,docked_bike,2021-04-04 14:43:45,2021-04-04 14:50:41,Central Park W & W 97 St,7538,Frederick Douglass Blvd & W 115 St,7658,40.792495,-73.96417,40.8038654,-73.9559308,member
1959261,EB5A7A268A472EE6,docked_bike,2021-04-03 11:36:29,2021-04-03 11:51:06,Central Park W & W 97 St,7538,E 89 St & York Ave,7204,40.792495,-73.96417,40.7779453,-73.946041,member
1959262,463626180E8D4094,docked_bike,2021-04-04 16:25:19,2021-04-04 16:30:13,Central Park W & W 97 St,7538,Frederick Douglass Blvd & W 115 St,7658,40.792495,-73.96417,40.8038654,-73.9559308,member
1959290,1AF732841CB95515,docked_bike,2021-04-10 01:54:15,2021-04-10 02:00:42,Central Park W & W 97 St,7538,Frederick Douglass Blvd & W 115 St,7658,40.792495,-73.96417,40.8038654,-73.9559308,casual
1959293,4CE0708224544463,docked_bike,2021-04-14 15:39:13,2021-04-14 16:10:00,Central Park W & W 97 St,7538,E 89 St & York Ave,7204,40.792495,-73.96417,40.7779453,-73.946041,member
1959294,6760B37C1F80339E,docked_bike,2021-04-20 06:40:52,2021-04-20 06:51:57,Central Park W & W 97 St,7538,E 89 St & York Ave,7204,40.792495,-73.96417,40.7779453,-73.946041,member
1959295,66023C77325AC41D,docked_bike,2021-04-07 14:43:33,2021-04-07 14:49:45,Central Park W & W 97 St,7538,Frederick Douglass Blvd & W 115 St,7658,40.792495,-73.96417,40.8038654,-73.9559308,casual
1959296,41244110F9262401,docked_bike,2021-04-18 15:12:58,2021-04-18 15:17:16,Central Park W & W 97 St,7538,Frederick Douglass Blvd & W 115 St,7658,40.792495,-73.96417,40.8038654,-73.9559308,member
1959339,8B12C09717187832,docked_bike,2021-04-28 17:09:17,2021-04-28 17:15:51,Central Park W & W 97 St,7538,Frederick Douglass Blvd & W 115 St,7658,40.792495,-73.96417,40.8038654,-73.9559308,member
1959348,2C7393E6EE0F4B30,docked_bike,2021-04-24 15:22:45,2021-04-24 15:31:11,Central Park W & W 97 St,7538,Frederick Douglass Blvd & W 115 St,7658,40.792495,-73.96417,40.8038654,-73.9559308,member
1959350,47998D6BAAC3A76A,docked_bike,2021-04-30 06:46:01,2021-04-30 06:54:57,Central Park W & W 97 St,7538,E 89 St & York Ave,7204,40.792495,-73.96417,40.7779453,-73.946041,member
1959665,1A5BDAB1418C5849,docked_bike,2021-04-17 19:34:47,2021-04-17 19:34:44,Central Park W & W 97 St,7538,Frederick Douglass Blvd & W 115 St,7658,40.792495,-73.96417,40.8038654,-73.9559308,casual
1959670,C242E097CEA8DD84,docked_bike,2021-04-13 08:55:39,2021-04-13 09:06:26,Central Park W & W 97 St,7538,E 89 St & York Ave,7204,40.792495,-73.96417,40.7779453,-73.946041,member
1960008,D132DA29B2C1564D,docked_bike,2021-04-30 09:55:56,2021-04-30 10:00:09,Central Park W & W 97 St,7538,Frederick Douglass Blvd & W 115 St,7658,40.792495,-73.96417,40.8038654,-73.9559308,casual
1960010,ECAAC4A6996D08EB,docked_bike,2021-04-19 10:14:10,2021-04-19 10:50:13,Central Park W & W 97 St,7538,Frederick Douglass Blvd & W 115 St,7658,40.792495,-73.96417,40.8038654,-73.9559308,member
1960012,7D399931749E9FBC,docked_bike,2021-04-17 19:24:58,2021-04-17 19:24:57,Central Park W & W 97 St,7538,Frederick Douglass Blvd & W 115 St,7658,40.792495,-73.96417,40.8038654,-73.9559308,casual
1960021,A92EC081A4BD24CA,docked_bike,2021-04-11 08:39:28,2021-04-11 08:48:28,Central Park W & W 97 St,7538,E 89 St & York Ave,7204,40.792495,-73.96417,40.7779453,-73.946041,member
1960022,BBB047C73D63D4DE,docked_bike,2021-04-06 06:39:30,2021-04-06 06:49:04,Central Park W & W 97 St,7538,E 89 St & York Ave,7204,40.792495,-73.96417,40.7779453,-73.946041,member
1967884,9A715F34037B525D,docked_bike,2021-04-11 00:39:20,2021-04-11 00:57:07,W 100 St & Manhattan Ave,7538,St. Nicholas Terrace & Convent Ave,7937,40.795,-73.9645,40.821294,-73.947868,casual
1972667,AF3CDCA388082A0B,docked_bike,2021-04-25 15:44:28,2021-04-25 16:15:36,Central Park W & W 97 St,7538,6 Ave & W 34 St,6364,40.792495,-73.96417,40.74964,-73.98805,casual
1972773,F09B3D18F00DAEC0,docked_bike,2021-04-24 15:44:34,2021-04-24 16:26:49,Central Park W & W 97 St,7538,6 Ave & W 34 St,6364,40.792495,-73.96417,40.74964,-73.98805,casual
1972786,309BABEC5EA4125B,docked_bike,2021-04-20 09:01:21,2021-04-20 09:27:40,Central Park W & W 97 St,7538,6 Ave & W 34 St,6364,40.792495,-73.96417,40.74964,-73.98805,member
1973321,6A9989FDAFF627E5,docked_bike,2021-04-04 17:23:20,2021-04-04 18:00:49,Central Park W & W 97 St,7538,6 Ave & W 34 St,6364,40.792495,-73.96417,40.74964,-73.98805,member
1975721,4C6A74C35FD5D829,docked_bike,2021-04-25 15:44:39,2021-04-25 16:16:02,Central Park W & W 97 St,7538,6 Ave & W 34 St,6364,40.792495,-73.96417,40.74964,-73.98805,casual
1975722,EC5A581551BDB59A,docked_bike,2021-04-18 11:20:03,2021-04-18 11:41:49,Central Park W & W 97 St,7538,St. Nicholas Terrace & Convent Ave,7937,40.792495,-73.96417,40.821294,-73.947868,casual
1986625,C7381B93C0C32793,docked_bike,2021-04-03 12:26:29,2021-04-03 12:34:29,Central Park W & W 97 St,7538,Central Park W & W 91 St,7453,40.792495,-73.964171,40.788665,-73.966801,casual
1986627,D5E9ACFCD1FBB566,docked_bike,2021-04-06 08:28:05,2021-04-06 08:31:25,Central Park W & W 97 St,7538,Central Park W & W 91 St,7453,40.792495,-73.96417,40.78866499127884,-73.96680057048798,member
1986628,33F2982C869BF24A,docked_bike,2021-04-27 22:11:05,2021-04-27 22:57:33,Central Park W & W 97 St,7538,Norfolk St & Broome St,5374,40.792495,-73.96417,40.7172274,-73.98802084,member
1986629,38EB6B90FB85E6B1,docked_bike,2021-04-20 09:21:32,2021-04-20 09:25:30,Central Park W & W 97 St,7538,Central Park W & W 91 St,7453,40.792495,-73.96417,40.78866499127884,-73.96680057048798,member
1986633,06FDA5523FAF055B,docked_bike,2021-04-18 17:12:28,2021-04-18 17:16:15,Central Park W & W 97 St,7538,Central Park W & W 91 St,7453,40.792495,-73.96417,40.78866499127884,-73.96680057048798,member
1986634,AAED00DEDD80D825,docked_bike,2021-04-20 14:47:05,2021-04-20 14:49:39,Central Park W & W 97 St,7538,Central Park W & W 91 St,7453,40.792495,-73.96417,40.78866499127884,-73.96680057048798,member
1986635,6702CA6B8212CD8D,docked_bike,2021-04-24 01:11:31,2021-04-24 01:41:29,Central Park W & W 97 St,7538,Central Park W & W 91 St,7453,40.792495,-73.96417,40.78866499127884,-73.96680057048798,member
1986638,CB6CC3CBC32A4E0C,docked_bike,2021-04-25 15:13:35,2021-04-25 15:19:42,Central Park W & W 97 St,7538,Central Park W & W 91 St,7453,40.792495,-73.96417,40.78866499127884,-73.96680057048798,casual
1986639,838F212F16B48EF7,docked_bike,2021-04-10 19:24:15,2021-04-10 19:27:17,Central Park W & W 97 St,7538,Central Park W & W 91 St,7453,40.792495,-73.96417,40.78866499127884,-73.96680057048798,member
1989165,C8D91A41A567F1C3,docked_bike,2021-04-30 17:26:21,2021-04-30 17:34:09,W 100 St & Manhattan Ave,7538,Central Park W & W 91 St,7453,40.795,-73.9645,40.78866499127884,-73.96680057048798,member
1989168,69556231D87C6DCA,docked_bike,2021-04-07 09:34:08,2021-04-07 09:55:37,W 100 St & Manhattan Ave,7538,Amsterdam Ave & W 119 St,7727,40.795,-73.9645,40.8086249,-73.9596214,member
1989171,C8298609ABD7B902,docked_bike,2021-04-23 17:25:16,2021-04-23 17:32:31,W 100 St & Manhattan Ave,7538,Central Park W & W 91 St,7453,40.795,-73.9645,40.78866499127884,-73.96680057048798,casual
1989177,1B92EBBB2BEDB54F,docked_bike,2021-04-18 10:26:07,2021-04-18 10:56:01,W 100 St & Manhattan Ave,7538,Norfolk St & Broome St,5374,40.795,-73.9645,40.7172274,-73.98802084,casual
1989209,A7A35EAC870247E7,docked_bike,2021-04-27 18:32:31,2021-04-27 18:38:49,W 100 St & Manhattan Ave,7538,Amsterdam Ave & W 119 St,7727,40.795,-73.9645,40.8086249,-73.9596214,member
1989210,2315AAAEFCFE6A50,docked_bike,2021-04-29 08:48:52,2021-04-29 09:07:40,W 100 St & Manhattan Ave,7538,E 82 St & East End Ave,7049,40.795,-73.9645,40.7724607,-73.9468208,member
1989211,2F0A30A0B0F932E3,docked_bike,2021-04-28 10:36:15,2021-04-28 11:03:05,W 100 St & Manhattan Ave,7538,E 56 St & Madison Ave,6732,40.795,-73.9645,40.761573,-73.972628,member
1989213,8D151F4C51CDD5CF,docked_bike,2021-04-26 17:06:39,2021-04-26 17:10:40,W 100 St & Manhattan Ave,7538,Central Park W & W 91 St,7453,40.795,-73.9645,40.78866499127884,-73.96680057048798,member
1989225,0EED7539DC5DEFD9,docked_bike,2021-04-19 08:00:58,2021-04-19 08:21:58,W 100 St & Manhattan Ave,7538,E 56 St & Madison Ave,6732,40.795,-73.9645,40.761573,-73.972628,casual
1989234,4DCB7651DDD7238D,docked_bike,2021-04-13 09:36:59,2021-04-13 09:42:46,W 100 St & Manhattan Ave,7538,Central Park W & W 91 St,7453,40.795,-73.9645,40.78866499127884,-73.96680057048798,member
1989244,808D84F1D9DC5EA6,docked_bike,2021-04-14 05:48:58,2021-04-14 06:22:58,W 100 St & Manhattan Ave,7538,Central Park W & W 91 St,7453,40.795,-73.9645,40.78866499127884,-73.96680057048798,member
1989245,B0E0BD3BD9E132F9,docked_bike,2021-04-15 06:10:29,2021-04-15 06:47:48,W 100 St & Manhattan Ave,7538,Central Park W & W 91 St,7453,40.795,-73.9645,40.78866499127884,-73.96680057048798,member
1989246,C7CD1E6653CE63D6,docked_bike,2021-04-17 05:38:30,2021-04-17 06:13:06,W 100 St & Manhattan Ave,7538,Central Park W & W 91 St,7453,40.795,-73.9645,40.78866499127884,-73.96680057048798,member
1989247,EB8EB383AD2E41FC,docked_bike,2021-04-26 17:06:25,2021-04-26 17:10:13,W 100 St & Manhattan Ave,7538,Central Park W & W 91 St,7453,40.795,-73.9645,40.78866499127884,-73.96680057048798,member
1989253,B8565C590A0427D1,docked_bike,2021-04-30 08:10:02,2021-04-30 08:26:32,W 100 St & Manhattan Ave,7538,E 56 St & Madison Ave,6732,40.795,-73.9645,40.761573,-73.972628,casual
1989254,D48358AA857BA3CF,docked_bike,2021-04-26 08:34:54,2021-04-26 08:49:42,W 100 St & Manhattan Ave,7538,E 82 St & East End Ave,7049,40.795,-73.9645,40.7724607,-73.9468208,member
1989267,370F3807DCD87589,docked_bike,2021-04-08 15:36:40,2021-04-08 15:46:12,W 100 St & Manhattan Ave,7538,Amsterdam Ave & W 119 St,7727,40.795,-73.9645,40.808625,-73.959621,member
1989275,E6B27BE233FF5D6C,docked_bike,2021-04-28 14:08:30,2021-04-28 14:14:16,W 100 St & Manhattan Ave,7538,Central Park W & W 91 St,7453,40.795,-73.9645,40.78866499127884,-73.96680057048798,member
1989302,CB439F0F6D3F5EEF,docked_bike,2021-04-17 13:16:36,2021-04-17 13:32:15,W 100 St & Manhattan Ave,7538,E 56 St & Madison Ave,6732,40.795,-73.9645,40.761573,-73.972628,member
1989308,4222AAB8F49B123B,docked_bike,2021-04-17 11:22:46,2021-04-17 11:28:01,W 100 St & Manhattan Ave,7538,Central Park W & W 91 St,7453,40.795,-73.9645,40.78866499127884,-73.96680057048798,member
1989311,9D6F2C7DE1C1AB16,docked_bike,2021-04-24 17:55:41,2021-04-24 18:02:33,W 100 St & Manhattan Ave,7538,Amsterdam Ave & W 119 St,7727,40.795,-73.9645,40.8086249,-73.9596214,casual
1989315,6A97BCF66ABF1D97,docked_bike,2021-04-24 15:52:02,2021-04-24 16:06:57,W 100 St & Manhattan Ave,7538,Amsterdam Ave & W 119 St,7727,40.795,-73.9645,40.8086249,-73.9596214,member
1989323,05D11389EC7DCCD2,docked_bike,2021-04-27 08:41:48,2021-04-27 08:47:11,W 100 St & Manhattan Ave,7538,Central Park W & W 91 St,7453,40.795,-73.9645,40.78866499127884,-73.96680057048798,member
1989354,05B78DE431DD8D0A,docked_bike,2021-04-12 15:21:20,2021-04-12 15:26:39,W 100 St & Manhattan Ave,7538,Central Park W & W 91 St,7453,40.795,-73.9645,40.78866499127884,-73.96680057048798,member
1989359,7B6209BA78C16DF6,docked_bike,2021-04-15 09:40:44,2021-04-15 09:48:21,W 100 St & Manhattan Ave,7538,Amsterdam Ave & W 119 St,7727,40.795,-73.9645,40.8086249,-73.9596214,member
1989361,49AB8BF57AA01B83,docked_bike,2021-04-24 15:55:50,2021-04-24 16:07:06,W 100 St & Manhattan Ave,7538,Amsterdam Ave & W 119 St,7727,40.795,-73.9645,40.8086249,-73.9596214,member
1989364,5A7A1F2C5E1624A3,docked_bike,2021-04-06 13:36:38,2021-04-06 13:39:57,W 100 St & Manhattan Ave,7538,Central Park W & W 91 St,7453,40.795,-73.9645,40.788665,-73.966801,member
1989371,615C67405C602985,docked_bike,2021-04-20 13:30:48,2021-04-20 13:40:57,W 100 St & Manhattan Ave,7538,Central Park W & W 91 St,7453,40.795,-73.9645,40.78866499127884,-73.96680057048798,casual
1989419,619A1B7A5D9F4FF4,docked_bike,2021-04-12 11:33:25,2021-04-12 11:38:38,W 100 St & Manhattan Ave,7538,Central Park W & W 91 St,7453,40.795,-73.9645,40.78866499127884,-73.96680057048798,member
1989422,BA739F131D4ACC64,docked_bike,2021-04-15 08:07:30,2021-04-15 08:22:16,W 100 St & Manhattan Ave,7538,E 56 St & Madison Ave,6732,40.795,-73.9645,40.761573,-73.972628,casual
1989426,153887D2595582E9,docked_bike,2021-04-14 08:03:36,2021-04-14 08:23:05,W 100 St & Manhattan Ave,7538,E 56 St & Madison Ave,6732,40.795,-73.9645,40.761573,-73.972628,casual
1989429,3C58B2E3B898B52A,docked_bike,2021-04-06 08:21:27,2021-04-06 08:37:20,W 100 St & Manhattan Ave,7538,E 56 St & Madison Ave,6732,40.795,-73.9645,40.761573,-73.972628,member
1989430,260FAC930A1FCA3C,docked_bike,2021-04-07 15:10:45,2021-04-07 15:22:33,W 100 St & Manhattan Ave,7538,Amsterdam Ave & W 119 St,7727,40.795,-73.9645,40.808625,-73.959621,member
1989433,82DDACF56FFFD756,docked_bike,2021-04-16 09:33:24,2021-04-16 09:40:45,W 100 St & Manhattan Ave,7538,Amsterdam Ave & W 119 St,7727,40.795,-73.9645,40.8086249,-73.9596214,member
1989437,DD436E6590098BBA,docked_bike,2021-04-04 09:39:20,2021-04-04 09:45:34,W 100 St & Manhattan Ave,7538,Central Park W & W 91 St,7453,40.795,-73.9645,40.78866499127884,-73.96680057048798,casual
1989924,9E6A3A692926D2AC,docked_bike,2021-04-24 21:28:46,2021-04-24 21:32:52,W 100 St & Manhattan Ave,7538,Central Park W & W 91 St,7453,40.795,-73.9645,40.78866499127884,-73.96680057048798,member
1989929,35F2903E84E6B936,docked_bike,2021-04-30 17:25:14,2021-04-30 17:33:47,W 100 St & Manhattan Ave,7538,Central Park W & W 91 St,7453,40.795,-73.9645,40.78866499127884,-73.96680057048798,member
1991612,6A54610FF6653C5D,docked_bike,2021-04-30 15:34:43,2021-04-30 15:42:48,W 100 St & Manhattan Ave,7538,Central Park W & W 91 St,7453,40.795,-73.9645,40.78866499127884,-73.96680057048798,member
1991619,B87C0FDD2A73DCC7,docked_bike,2021-04-13 10:05:04,2021-04-13 10:37:21,W 100 St & Manhattan Ave,7538,E 56 St & Madison Ave,6732,40.795,-73.9645,40.761573,-73.972628,member
1991914,AF17AB93529FF600,docked_bike,2021-04-30 16:56:41,2021-04-30 17:08:54,Central Park W & W 97 St,7538,Central Park W & W 91 St,7453,40.792495,-73.96417,40.78866499127884,-73.96680057048798,member
1991916,2DC6F4C2A06FB07E,docked_bike,2021-04-07 08:30:45,2021-04-07 08:45:03,Central Park W & W 97 St,7538,E 56 St & Madison Ave,6732,40.792495,-73.96417,40.761573,-73.972628,member
1991922,DE1A0A7F391A981C,docked_bike,2021-04-30 16:08:06,2021-04-30 16:58:27,Central Park W & W 97 St,7538,Central Park W & W 91 St,7453,40.792495,-73.96417,40.78866499127884,-73.96680057048798,casual
1991923,F321C2A3B2A1605B,docked_bike,2021-04-17 12:58:27,2021-04-17 12:58:19,Central Park W & W 97 St,7538,Central Park W & W 91 St,7453,40.792495,-73.96417,40.78866499127884,-73.96680057048798,member
1991925,025D27D1FF6A417B,docked_bike,2021-04-04 17:52:06,2021-04-04 18:07:36,Central Park W & W 97 St,7538,Amsterdam Ave & W 119 St,7727,40.792495,-73.96417,40.8086249,-73.9596214,casual
1991926,5903FB749289C5D7,docked_bike,2021-04-14 08:21:59,2021-04-14 08:25:27,Central Park W & W 97 St,7538,Central Park W & W 91 St,7453,40.792495,-73.96417,40.78866499127884,-73.96680057048798,member
1991927,D50EF6136C6342A0,docked_bike,2021-04-19 09:10:51,2021-04-19 09:13:16,Central Park W & W 97 St,7538,Central Park W & W 91 St,7453,40.792495,-73.96417,40.78866499127884,-73.96680057048798,member
1991930,5C65FC7AFBCDECFE,docked_bike,2021-04-23 19:56:37,2021-04-23 20:00:22,Central Park W & W 97 St,7538,Central Park W & W 91 St,7453,40.792495,-73.96417,40.78866499127884,-73.96680057048798,member
1991933,A2F9F956BC1598AA,docked_bike,2021-04-24 18:18:44,2021-04-24 18:21:34,Central Park W & W 97 St,7538,Central Park W & W 91 St,7453,40.792495,-73.96417,40.78866499127884,-73.96680057048798,member
1991937,CA44487A7ABC78F2,docked_bike,2021-04-10 17:04:32,2021-04-10 17:23:09,Central Park W & W 97 St,7538,Central Park W & W 91 St,7453,40.792495,-73.96417,40.78866499127884,-73.96680057048798,casual
1991938,531F8C1D41822339,docked_bike,2021-04-20 14:55:37,2021-04-20 15:06:08,Central Park W & W 97 St,7538,Central Park W & W 91 St,7453,40.792495,-73.96417,40.78866499127884,-73.96680057048798,casual
1991940,9FF313248E69772D,docked_bike,2021-04-06 12:41:13,2021-04-06 12:44:04,Central Park W & W 97 St,7538,Central Park W & W 91 St,7453,40.792495,-73.96417,40.78866499127884,-73.96680057048798,member
1991943,8AC39847B75B293F,docked_bike,2021-04-16 09:28:07,2021-04-16 09:31:32,Central Park W & W 97 St,7538,Central Park W & W 91 St,7453,40.792495,-73.96417,40.78866499127884,-73.96680057048798,member
1991945,0C6860F269DC1982,docked_bike,2021-04-16 07:13:14,2021-04-16 07:16:42,Central Park W & W 97 St,7538,Central Park W & W 91 St,7453,40.792495,-73.96417,40.78866499127884,-73.96680057048798,member
1991947,0FB40BA1245CECCE,docked_bike,2021-04-20 12:01:31,2021-04-20 12:04:24,Central Park W & W 97 St,7538,Central Park W & W 91 St,7453,40.792495,-73.96417,40.78866499127884,-73.96680057048798,member
1991948,BB62CB7005C29C7D,docked_bike,2021-04-23 11:26:35,2021-04-23 12:00:28,Central Park W & W 97 St,7538,Central Park W & W 91 St,7453,40.792495,-73.96417,40.78866499127884,-73.96680057048798,member
1991949,92A19266F2D01C91,docked_bike,2021-04-23 19:56:51,2021-04-23 20:00:26,Central Park W & W 97 St,7538,Central Park W & W 91 St,7453,40.792495,-73.96417,40.78866499127884,-73.96680057048798,member
1991952,06D3F84CAA1C7386,docked_bike,2021-04-05 10:41:29,2021-04-05 10:44:23,Central Park W & W 97 St,7538,Central Park W & W 91 St,7453,40.792495,-73.96417,40.78866499127884,-73.96680057048798,member
1991953,D246984C24FBB633,docked_bike,2021-04-10 18:07:12,2021-04-10 18:11:02,Central Park W & W 97 St,7538,Central Park W & W 91 St,7453,40.792495,-73.964171,40.788665,-73.966801,member
1991954,A49F92CBF00D2E0A,docked_bike,2021-04-24 05:33:49,2021-04-24 05:35:40,Central Park W & W 97 St,7538,Central Park W & W 91 St,7453,40.792495,-73.96417,40.78866499127884,-73.96680057048798,member
1991955,FA438F4890616494,docked_bike,2021-04-27 18:21:43,2021-04-27 18:32:19,Central Park W & W 97 St,7538,Amsterdam Ave & W 119 St,7727,40.792495,-73.96417,40.8086249,-73.9596214,member
1991967,370E7EE26660AEC9,docked_bike,2021-04-26 19:38:13,2021-04-26 19:40:33,Central Park W & W 97 St,7538,Central Park W & W 91 St,7453,40.792495,-73.96417,40.78866499127884,-73.96680057048798,member
1991971,C1D57DF993E79999,docked_bike,2021-04-16 16:49:38,2021-04-16 16:52:32,Central Park W & W 97 St,7538,Central Park W & W 91 St,7453,40.792495,-73.96417,40.78866499127884,-73.96680057048798,member
1991972,90B142E190B24E86,docked_bike,2021-04-08 16:47:57,2021-04-08 16:50:57,Central Park W & W 97 St,7538,Central Park W & W 91 St,7453,40.792495,-73.96417,40.78866499127884,-73.96680057048798,member
1991974,D6CB2C281C4244E0,docked_bike,2021-04-25 15:25:58,2021-04-25 15:28:50,Central Park W & W 97 St,7538,Central Park W & W 91 St,7453,40.792495,-73.96417,40.78866499127884,-73.96680057048798,member
1991975,E1194D372D98B9BB,docked_bike,2021-04-14 09:59:38,2021-04-14 10:17:30,Central Park W & W 97 St,7538,E 56 St & Madison Ave,6732,40.792495,-73.96417,40.761573,-73.972628,member
1991976,015C4F92A894AAA5,docked_bike,2021-04-26 07:52:30,2021-04-26 07:55:12,Central Park W & W 97 St,7538,Central Park W & W 91 St,7453,40.792495,-73.96417,40.78866499127884,-73.96680057048798,member
1991977,FF993E282EA94526,docked_bike,2021-04-23 10:24:01,2021-04-23 10:26:57,Central Park W & W 97 St,7538,Central Park W & W 91 St,7453,40.792495,-73.96417,40.78866499127884,-73.96680057048798,member
1991978,2AECF7ABE411F727,docked_bike,2021-04-27 21:08:12,2021-04-27 21:19:56,Central Park W & W 97 St,7538,E 82 St & East End Ave,7049,40.792495,-73.96417,40.7724607,-73.9468208,member
1991980,15C346A343C302F5,docked_bike,2021-04-07 17:21:27,2021-04-07 17:28:28,Central Park W & W 97 St,7538,Central Park W & W 91 St,7453,40.792495,-73.96417,40.78866499127884,-73.96680057048798,member
1991981,59FF78C43DBF4997,docked_bike,2021-04-13 19:49:00,2021-04-13 19:51:58,Central Park W & W 97 St,7538,Central Park W & W 91 St,7453,40.792495,-73.96417,40.78866499127884,-73.96680057048798,member
1991983,30FCB4662DDCE726,docked_bike,2021-04-08 14:10:50,2021-04-08 14:33:56,Central Park W & W 97 St,7538,Central Park W & W 91 St,7453,40.792495,-73.96417,40.78866499127884,-73.96680057048798,member
1991984,84DADAB388C3F01E,docked_bike,2021-04-28 00:15:32,2021-04-28 00:42:25,Central Park W & W 97 St,7538,Central Park W & W 91 St,7453,40.792495,-73.96417,40.78866499127884,-73.96680057048798,member
1991987,F8195A9861F47EDC,docked_bike,2021-04-24 18:14:14,2021-04-24 18:17:25,Central Park W & W 97 St,7538,Central Park W & W 91 St,7453,40.792495,-73.96417,40.78866499127884,-73.96680057048798,member
1991988,304583FE548761C1,docked_bike,2021-04-14 10:42:58,2021-04-14 10:46:39,Central Park W & W 97 St,7538,Central Park W & W 91 St,7453,40.792495,-73.96417,40.78866499127884,-73.96680057048798,casual
1991990,18E6C53482BB27F9,docked_bike,2021-04-28 10:20:35,2021-04-28 10:23:27,Central Park W & W 97 St,7538,Central Park W & W 91 St,7453,40.792495,-73.96417,40.78866499127884,-73.96680057048798,member
1991993,B4141FF7A0C9E934,docked_bike,2021-04-08 14:13:27,2021-04-08 14:33:49,Central Park W & W 97 St,7538,Central Park W & W 91 St,7453,40.792495,-73.96417,40.78866499127884,-73.96680057048798,member
1991997,FAE323F5E84EE293,docked_bike,2021-04-27 10:28:36,2021-04-27 10:54:12,Central Park W & W 97 St,7538,E 56 St & Madison Ave,6732,40.792495,-73.96417,40.761573,-73.972628,casual
1991998,2802260E1B7A0684,docked_bike,2021-04-22 08:04:31,2021-04-22 08:10:15,Central Park W & W 97 St,7538,Central Park W & W 91 St,7453,40.792495,-73.96417,40.78866499127884,-73.96680057048798,member
1991999,B03C846D10AE69CD,docked_bike,2021-04-20 01:04:31,2021-04-20 01:06:34,Central Park W & W 97 St,7538,Central Park W & W 91 St,7453,40.792495,-73.96417,40.78866499127884,-73.96680057048798,casual
1992003,8965D54C2C019EE6,docked_bike,2021-04-30 10:49:24,2021-04-30 11:20:48,Central Park W & W 97 St,7538,Central Park W & W 91 St,7453,40.792495,-73.96417,40.78866499127884,-73.96680057048798,member
1992004,13C7436B5E88040A,docked_bike,2021-04-18 18:57:52,2021-04-18 19:00:56,Central Park W & W 97 St,7538,Central Park W & W 91 St,7453,40.792495,-73.96417,40.78866499127884,-73.96680057048798,member
1992005,E644920A3F164223,docked_bike,2021-04-04 15:53:54,2021-04-04 16:54:34,Central Park W & W 97 St,7538,Bus Slip & State St,4889,40.792495,-73.964171,40.701907,-74.013942,casual
1992006,5D0EA4B2592E4170,docked_bike,2021-04-19 11:33:27,2021-04-19 11:50:06,Central Park W & W 97 St,7538,E 56 St & Madison Ave,6732,40.792495,-73.96417,40.761573,-73.972628,member
1992009,16E48F43F2352DFF,docked_bike,2021-04-27 18:24:06,2021-04-27 18:30:41,Central Park W & W 97 St,7538,Central Park W & W 91 St,7453,40.792495,-73.96417,40.78866499127884,-73.96680057048798,casual
1992010,2FF16ECFEC1BCA6B,docked_bike,2021-04-08 14:12:24,2021-04-08 14:30:03,Central Park W & W 97 St,7538,Central Park W & W 91 St,7453,40.792495,-73.964171,40.788665,-73.966801,member
1992012,B1425DFD853E9562,docked_bike,2021-04-06 16:23:13,2021-04-06 16:40:15,Central Park W & W 97 St,7538,E 56 St & Madison Ave,6732,40.792495,-73.96417,40.761573,-73.972628,member
1992024,34311B9FC5EE0FC2,docked_bike,2021-04-24 14:11:14,2021-04-24 14:15:47,Central Park W & W 97 St,7538,Central Park W & W 91 St,7453,40.792495,-73.96417,40.78866499127884,-73.96680057048798,member
1992029,6FC77086493D60DD,docked_bike,2021-04-30 19:23:07,2021-04-30 19:26:05,Central Park W & W 97 St,7538,Central Park W & W 91 St,7453,40.792495,-73.96417,40.78866499127884,-73.96680057048798,member
1992030,3582207F453EDC32,docked_bike,2021-04-12 09:20:49,2021-04-12 09:37:30,Central Park W & W 97 St,7538,E 56 St & Madison Ave,6732,40.792495,-73.96417,40.761573,-73.972628,member
1992032,825F15B8BB45ECE3,docked_bike,2021-04-13 11:01:23,2021-04-13 11:05:03,Central Park W & W 97 St,7538,Central Park W & W 91 St,7453,40.792495,-73.96417,40.78866499127884,-73.96680057048798,member
1992036,AFB8ECA40CA0EF17,docked_bike,2021-04-20 09:25:04,2021-04-20 09:28:20,Central Park W & W 97 St,7538,Central Park W & W 91 St,7453,40.792495,-73.96417,40.78866499127884,-73.96680057048798,member
1992040,51F3BEE86C62A1D9,docked_bike,2021-04-04 15:11:36,2021-04-04 16:36:52,Central Park W & W 97 St,7538,Central Park W & W 91 St,7453,40.792495,-73.96417,40.78866499127884,-73.96680057048798,member
1992041,F4FDF7C93CC4FB8D,docked_bike,2021-04-13 07:38:12,2021-04-13 07:43:15,Central Park W & W 97 St,7538,Central Park W & W 91 St,7453,40.792495,-73.964171,40.788665,-73.966801,member
1992042,EFD70424EDB3E541,docked_bike,2021-04-24 13:06:09,2021-04-24 13:11:21,Central Park W & W 97 St,7538,Central Park W & W 91 St,7453,40.792495,-73.96417,40.78866499127884,-73.96680057048798,casual
1992045,EBDE22C416F76F4B,docked_bike,2021-04-06 19:31:06,2021-04-06 19:34:25,Central Park W & W 97 St,7538,Central Park W & W 91 St,7453,40.792495,-73.96417,40.78866499127884,-73.96680057048798,member
1992046,22C21C5CCDD768F4,docked_bike,2021-04-02 09:09:09,2021-04-02 09:11:25,Central Park W & W 97 St,7538,Central Park W & W 91 St,7453,40.792495,-73.96417,40.78866499127884,-73.96680057048798,member
1992047,4974524D4F6AE748,docked_bike,2021-04-22 18:39:59,2021-04-22 18:51:35,Central Park W & W 97 St,7538,Central Park W & W 91 St,7453,40.792495,-73.96417,40.78866499127884,-73.96680057048798,member
1992050,5ABAEAF3E2881028,docked_bike,2021-04-23 22:28:46,2021-04-23 22:30:44,Central Park W & W 97 St,7538,Central Park W & W 91 St,7453,40.792495,-73.96417,40.78866499127884,-73.96680057048798,member
1992051,4A59D9F14D698E55,docked_bike,2021-04-06 23:22:11,2021-04-06 23:24:39,Central Park W & W 97 St,7538,Central Park W & W 91 St,7453,40.792495,-73.96417,40.78866499127884,-73.96680057048798,casual
1992052,9CDF543563CFDD88,docked_bike,2021-04-03 16:44:01,2021-04-03 16:49:20,Central Park W & W 97 St,7538,Central Park W & W 91 St,7453,40.792495,-73.964171,40.788665,-73.966801,casual
1992053,7276F1254C3BDC0E,docked_bike,2021-04-23 08:43:48,2021-04-23 08:47:21,Central Park W & W 97 St,7538,Central Park W & W 91 St,7453,40.792495,-73.96417,40.78866499127884,-73.96680057048798,member
1992054,F7AB890B1D503F06,docked_bike,2021-04-01 16:50:08,2021-04-01 17:07:27,Central Park W & W 97 St,7538,Central Park W & W 91 St,7453,40.792495,-73.96417,40.78866499127884,-73.96680057048798,casual
1992055,46E5E4533B7773A2,docked_bike,2021-04-19 17:05:17,2021-04-19 17:28:04,Central Park W & W 97 St,7538,E 82 St & East End Ave,7049,40.792495,-73.96417,40.7724607,-73.9468208,member
1992058,C82A8F5077D4E83E,docked_bike,2021-04-08 07:58:34,2021-04-08 08:11:20,Central Park W & W 97 St,7538,E 56 St & Madison Ave,6732,40.792495,-73.964171,40.761573,-73.972628,member
1992059,A361595D1CD5A0E0,docked_bike,2021-04-24 01:12:21,2021-04-24 01:41:21,Central Park W & W 97 St,7538,Central Park W & W 91 St,7453,40.792495,-73.96417,40.78866499127884,-73.96680057048798,member
1992061,C23A789A22BF0FFC,docked_bike,2021-04-06 08:33:25,2021-04-06 08:37:28,Central Park W & W 97 St,7538,Central Park W & W 91 St,7453,40.792495,-73.96417,40.78866499127884,-73.96680057048798,casual
1992063,76237DB9BE5D946E,docked_bike,2021-04-01 16:53:41,2021-04-01 17:07:21,Central Park W & W 97 St,7538,Central Park W & W 91 St,7453,40.792495,-73.96417,40.78866499127884,-73.96680057048798,casual
1992065,5DCDE4D8E9FA3512,docked_bike,2021-04-26 17:47:11,2021-04-26 17:55:26,Central Park W & W 97 St,7538,Amsterdam Ave & W 119 St,7727,40.792495,-73.96417,40.8086249,-73.9596214,member
1992069,9F3E83918A936701,docked_bike,2021-04-24 15:23:03,2021-04-24 15:26:06,Central Park W & W 97 St,7538,Central Park W & W 91 St,7453,40.792495,-73.96417,40.78866499127884,-73.96680057048798,casual
1992071,2310F3E5CA79EAE7,docked_bike,2021-04-24 14:25:53,2021-04-24 15:07:16,Central Park W & W 97 St,7538,Central Park W & W 91 St,7453,40.792495,-73.96417,40.78866499127884,-73.96680057048798,member
1992077,019A346A6F8BCB94,docked_bike,2021-04-23 13:15:55,2021-04-23 13:19:12,Central Park W & W 97 St,7538,Central Park W & W 91 St,7453,40.792495,-73.96417,40.78866499127884,-73.96680057048798,member
1992079,08FA52399931C322,docked_bike,2021-04-01 14:06:25,2021-04-01 14:13:02,Central Park W & W 97 St,7538,Central Park W & W 91 St,7453,40.792495,-73.96417,40.78866499127884,-73.96680057048798,member
1992081,1C8A1E3A1DC6DEF7,docked_bike,2021-04-24 13:05:10,2021-04-24 13:11:04,Central Park W & W 97 St,7538,Central Park W & W 91 St,7453,40.792495,-73.96417,40.78866499127884,-73.96680057048798,member
1992083,667BE9EAE4F476EA,docked_bike,2021-04-07 22:37:19,2021-04-07 22:40:57,Central Park W & W 97 St,7538,Central Park W & W 91 St,7453,40.792495,-73.96417,40.78866499127884,-73.96680057048798,member
1992085,7D8F26CC1F3A8E2B,docked_bike,2021-04-16 11:06:45,2021-04-16 11:18:31,Central Park W & W 97 St,7538,Amsterdam Ave & W 119 St,7727,40.792495,-73.96417,40.8086249,-73.9596214,casual
1992086,1F32C42660AA6B8D,docked_bike,2021-04-07 17:41:15,2021-04-07 17:46:14,Central Park W & W 97 St,7538,Central Park W & W 91 St,7453,40.792495,-73.96417,40.78866499127884,-73.96680057048798,member
1992087,4F850DF2477452F3,docked_bike,2021-04-13 17:34:52,2021-04-13 17:37:14,Central Park W & W 97 St,7538,Central Park W & W 91 St,7453,40.792495,-73.96417,40.78866499127884,-73.96680057048798,member
1992090,35898A06667B1B62,docked_bike,2021-04-04 20:33:24,2021-04-04 20:35:39,Central Park W & W 97 St,7538,Central Park W & W 91 St,7453,40.792495,-73.96417,40.78866499127884,-73.96680057048798,casual
1992093,26686B1F2C0F2EF5,docked_bike,2021-04-09 13:46:59,2021-04-09 13:49:06,Central Park W & W 97 St,7538,Central Park W & W 91 St,7453,40.792495,-73.96417,40.78866499127884,-73.96680057048798,member
1992094,CF42AE4E3A58EA1E,docked_bike,2021-04-19 17:04:29,2021-04-19 17:07:44,Central Park W & W 97 St,7538,Central Park W & W 91 St,7453,40.792495,-73.96417,40.78866499127884,-73.96680057048798,casual
1992098,F754C925E1D769C3,docked_bike,2021-04-05 17:33:36,2021-04-05 17:42:47,Central Park W & W 97 St,7538,Central Park W & W 91 St,7453,40.792495,-73.964171,40.788665,-73.966801,member
1992099,4C1B9400ADB0C93C,docked_bike,2021-04-10 15:12:16,2021-04-10 15:14:50,Central Park W & W 97 St,7538,Central Park W & W 91 St,7453,40.792495,-73.96417,40.78866499127884,-73.96680057048798,member
1992109,912840C0E3F445EE,docked_bike,2021-04-17 15:29:33,2021-04-17 15:29:32,Central Park W & W 97 St,7538,E 82 St & East End Ave,7049,40.792495,-73.96417,40.7724607,-73.9468208,casual
1992114,EDB5C515E378B25F,docked_bike,2021-04-07 15:13:08,2021-04-07 15:31:52,Central Park W & W 97 St,7538,Central Park W & W 91 St,7453,40.792495,-73.964171,40.788665,-73.966801,member
1992117,5560D6769D6103CF,docked_bike,2021-04-20 14:56:18,2021-04-20 15:05:26,Central Park W & W 97 St,7538,Central Park W & W 91 St,7453,40.792495,-73.96417,40.78866499127884,-73.96680057048798,casual
1992119,10F42E261122BB1E,docked_bike,2021-04-13 13:21:28,2021-04-13 14:42:03,Central Park W & W 97 St,7538,E 56 St & Madison Ave,6732,40.792495,-73.96417,40.761573,-73.972628,member
1992121,F3F7BF1B0C860C9B,docked_bike,2021-04-24 13:04:06,2021-04-24 13:11:53,Central Park W & W 97 St,7538,Central Park W & W 91 St,7453,40.792495,-73.96417,40.78866499127884,-73.96680057048798,casual
1992122,FD1559D59810A7B8,docked_bike,2021-04-20 14:55:22,2021-04-20 15:05:31,Central Park W & W 97 St,7538,Central Park W & W 91 St,7453,40.792495,-73.96417,40.78866499127884,-73.96680057048798,casual
1992126,7F7D096EC8FB85CD,docked_bike,2021-04-14 16:04:30,2021-04-14 19:00:27,Central Park W & W 97 St,7538,Central Park W & W 91 St,7453,40.792495,-73.96417,40.78866499127884,-73.96680057048798,casual
1992127,387C820DBC07BEB0,docked_bike,2021-04-27 16:54:58,2021-04-27 16:58:01,Central Park W & W 97 St,7538,Central Park W & W 91 St,7453,40.792495,-73.96417,40.78866499127884,-73.96680057048798,member
1992134,BB56AA8E1F6FC91A,docked_bike,2021-04-29 14:20:32,2021-04-29 14:24:13,Central Park W & W 97 St,7538,Central Park W & W 91 St,7453,40.792495,-73.96417,40.78866499127884,-73.96680057048798,member
1992137,B0BE3444BD877763,docked_bike,2021-04-30 10:15:52,2021-04-30 10:19:03,Central Park W & W 97 St,7538,Central Park W & W 91 St,7453,40.792495,-73.96417,40.78866499127884,-73.96680057048798,member
1992138,E75566AF89FAB807,docked_bike,2021-04-20 07:34:02,2021-04-20 07:36:41,Central Park W & W 97 St,7538,Central Park W & W 91 St,7453,40.792495,-73.96417,40.78866499127884,-73.96680057048798,casual
1992139,BCD8764697F84287,docked_bike,2021-04-14 16:49:38,2021-04-14 16:53:09,Central Park W & W 97 St,7538,Central Park W & W 91 St,7453,40.792495,-73.96417,40.78866499127884,-73.96680057048798,member
1992140,E20807E66458C8A5,docked_bike,2021-04-04 15:58:57,2021-04-04 16:22:08,Central Park W & W 97 St,7538,E 82 St & East End Ave,7049,40.792495,-73.96417,40.7724607,-73.9468208,member
1992143,0D2F9C190320AD36,docked_bike,2021-04-25 14:42:54,2021-04-25 14:45:59,Central Park W & W 97 St,7538,Central Park W & W 91 St,7453,40.792495,-73.96417,40.78866499127884,-73.96680057048798,member
1992144,AF64EF6CB7A58384,docked_bike,2021-04-14 12:41:33,2021-04-14 12:44:41,Central Park W & W 97 St,7538,Central Park W & W 91 St,7453,40.792495,-73.96417,40.78866499127884,-73.96680057048798,member
1992147,764D26F59FC193E8,docked_bike,2021-04-13 08:01:53,2021-04-13 08:04:42,Central Park W & W 97 St,7538,Central Park W & W 91 St,7453,40.792495,-73.96417,40.78866499127884,-73.96680057048798,member
1992150,2F6D22EACE1F1557,docked_bike,2021-04-27 16:56:35,2021-04-27 17:04:22,Central Park W & W 97 St,7538,Amsterdam Ave & W 119 St,7727,40.792495,-73.96417,40.8086249,-73.9596214,member
1992151,B0E39F25403AF3C9,docked_bike,2021-04-25 01:01:20,2021-04-25 01:04:55,Central Park W & W 97 St,7538,Central Park W & W 91 St,7453,40.792495,-73.96417,40.78866499127884,-73.96680057048798,member
1992686,F9926E662626AE9C,docked_bike,2021-04-26 18:38:57,2021-04-26 19:25:58,Central Park W & W 97 St,7538,Central Park W & W 91 St,7453,40.792495,-73.96417,40.78866499127884,-73.96680057048798,casual
1992692,EAF5AFEF82DFA270,docked_bike,2021-04-29 19:18:26,2021-04-29 19:24:25,Central Park W & W 97 St,7538,Central Park W & W 91 St,7453,40.792495,-73.96417,40.78866499127884,-73.96680057048798,member
1992693,F0E8B11073D4D082,docked_bike,2021-04-09 09:02:17,2021-04-09 09:04:55,Central Park W & W 97 St,7538,Central Park W & W 91 St,7453,40.792495,-73.96417,40.78866499127884,-73.96680057048798,member
1992748,C92944E6621E62AD,docked_bike,2021-04-08 18:31:02,2021-04-08 18:33:47,Central Park W & W 97 St,7538,Central Park W & W 91 St,7453,40.792495,-73.96417,40.78866499127884,-73.96680057048798,member
1992750,48C6098D7F64458C,docked_bike,2021-04-23 18:28:51,2021-04-23 18:34:04,Central Park W & W 97 St,7538,Central Park W & W 91 St,7453,40.792495,-73.96417,40.78866499127884,-73.96680057048798,casual
1992752,563DD4E5C332CA78,docked_bike,2021-04-10 14:28:43,2021-04-10 14:32:17,Central Park W & W 97 St,7538,Central Park W & W 91 St,7453,40.792495,-73.96417,40.78866499127884,-73.96680057048798,casual
1992756,E0C589EB2F1D9122,docked_bike,2021-04-18 12:08:27,2021-04-18 12:10:42,Central Park W & W 97 St,7538,Central Park W & W 91 St,7453,40.792495,-73.96417,40.78866499127884,-73.96680057048798,member
1992810,8A78DD7F16D178CA,docked_bike,2021-04-19 08:15:26,2021-04-19 08:19:20,Central Park W & W 97 St,7538,Central Park W & W 91 St,7453,40.792495,-73.96417,40.78866499127884,-73.96680057048798,member
1992813,BEE9B3D24556C940,docked_bike,2021-04-10 17:04:32,2021-04-10 17:22:55,Central Park W & W 97 St,7538,Central Park W & W 91 St,7453,40.792495,-73.96417,40.78866499127884,-73.96680057048798,casual
1992815,5ED45080587364C5,docked_bike,2021-04-01 14:44:55,2021-04-01 14:59:50,Central Park W & W 97 St,7538,E 56 St & Madison Ave,6732,40.792495,-73.96417,40.761573,-73.972628,member
1992816,2FA05C951B6BF76F,docked_bike,2021-04-24 17:53:09,2021-04-24 18:08:41,Central Park W & W 97 St,7538,Central Park W & W 91 St,7453,40.792495,-73.96417,40.78866499127884,-73.96680057048798,casual
1992818,ACBDA5F231891D58,docked_bike,2021-04-03 12:26:13,2021-04-03 12:34:32,Central Park W & W 97 St,7538,Central Park W & W 91 St,7453,40.792495,-73.964171,40.788665,-73.966801,member
1992820,9D4C2501E96770C3,docked_bike,2021-04-14 15:23:30,2021-04-14 15:35:14,Central Park W & W 97 St,7538,Central Park W & W 91 St,7453,40.792495,-73.96417,40.78866499127884,-73.96680057048798,member
1992821,BF91A4F9784D9D2B,docked_bike,2021-04-12 15:22:56,2021-04-12 15:25:54,Central Park W & W 97 St,7538,Central Park W & W 91 St,7453,40.792495,-73.96417,40.78866499127884,-73.96680057048798,member
1992824,A6A87870A7B4E37C,docked_bike,2021-04-10 17:19:37,2021-04-10 17:22:29,Central Park W & W 97 St,7538,Central Park W & W 91 St,7453,40.792495,-73.96417,40.78866499127884,-73.96680057048798,casual
1992825,99CEBB3E4DBC7F80,docked_bike,2021-04-13 19:55:50,2021-04-13 19:58:48,Central Park W & W 97 St,7538,Central Park W & W 91 St,7453,40.792495,-73.96417,40.78866499127884,-73.96680057048798,member
1992826,5B7C40DCCF6646FE,docked_bike,2021-04-13 20:03:20,2021-04-13 20:06:11,Central Park W & W 97 St,7538,Central Park W & W 91 St,7453,40.792495,-73.96417,40.78866499127884,-73.96680057048798,member
1992827,F9541809D1C96856,docked_bike,2021-04-13 20:09:25,2021-04-13 20:12:20,Central Park W & W 97 St,7538,Central Park W & W 91 St,7453,40.792495,-73.96417,40.78866499127884,-73.96680057048798,member
1992828,25721D3BA14E1AF5,docked_bike,2021-04-13 19:41:43,2021-04-13 19:44:54,Central Park W & W 97 St,7538,Central Park W & W 91 St,7453,40.792495,-73.96417,40.78866499127884,-73.96680057048798,member
1992831,DA63692C3AFCBFA6,docked_bike,2021-04-16 14:49:28,2021-04-16 15:06:48,Central Park W & W 97 St,7538,E 82 St & East End Ave,7049,40.792495,-73.96417,40.7724607,-73.9468208,member
1992859,1A4027C21729EDCB,docked_bike,2021-04-22 15:13:59,2021-04-22 15:19:50,Central Park W & W 97 St,7538,Central Park W & W 91 St,7453,40.792495,-73.96417,40.78866499127884,-73.96680057048798,member
1992861,E3DEBB3FAADE2F75,docked_bike,2021-04-01 14:13:44,2021-04-01 14:29:45,Central Park W & W 97 St,7538,Amsterdam Ave & W 119 St,7727,40.792495,-73.964171,40.808625,-73.959621,member
1992863,195DF9F5AF1791F6,docked_bike,2021-04-09 13:00:51,2021-04-09 13:02:35,Central Park W & W 97 St,7538,Central Park W & W 91 St,7453,40.792495,-73.96417,40.78866499127884,-73.96680057048798,member
1992866,4BF29666A618E0CA,docked_bike,2021-04-04 17:52:15,2021-04-04 18:07:16,Central Park W & W 97 St,7538,Amsterdam Ave & W 119 St,7727,40.792495,-73.96417,40.8086249,-73.9596214,member
1992867,87FDC53570ED5536,docked_bike,2021-04-20 13:48:38,2021-04-20 13:50:56,Central Park W & W 97 St,7538,Central Park W & W 91 St,7453,40.792495,-73.96417,40.78866499127884,-73.96680057048798,member
1992871,36A3CFF9F1DCC8F6,docked_bike,2021-04-13 14:57:38,2021-04-13 15:07:32,Central Park W & W 97 St,7538,Central Park W & W 91 St,7453,40.792495,-73.96417,40.78866499127884,-73.96680057048798,member
1992948,682F7D5EF7BA5618,docked_bike,2021-04-22 15:31:57,2021-04-22 16:44:50,Central Park W & W 97 St,7538,Central Park W & W 91 St,7453,40.792495,-73.96417,40.78866499127884,-73.96680057048798,casual
1992950,CBCD6BB3E837AC00,docked_bike,2021-04-24 13:06:57,2021-04-24 13:11:46,Central Park W & W 97 St,7538,Central Park W & W 91 St,7453,40.792495,-73.96417,40.78866499127884,-73.96680057048798,casual
1992956,4A29562E3B8DC15D,docked_bike,2021-04-28 07:22:23,2021-04-28 07:24:44,Central Park W & W 97 St,7538,Central Park W & W 91 St,7453,40.792495,-73.96417,40.78866499127884,-73.96680057048798,member
2008973,F941BC9991250BD2,docked_bike,2021-04-02 14:50:46,2021-04-02 15:04:51,Central Park W & W 97 St,7538,Lenox Ave & W 111 St,7602,40.792495,-73.964171,40.798786,-73.9523,casual
2008974,9C4247557710F10E,docked_bike,2021-04-10 10:00:50,2021-04-10 10:43:34,Central Park W & W 97 St,7538,Lenox Ave & W 111 St,7602,40.792495,-73.96417,40.7987859,-73.9523,member
2008977,355E365FD740EC2E,docked_bike,2021-04-24 15:21:32,2021-04-24 15:28:06,Central Park W & W 97 St,7538,Lenox Ave & W 111 St,7602,40.792495,-73.96417,40.7987859,-73.9523,member
2008978,5121AA3540E43C44,docked_bike,2021-04-23 22:49:21,2021-04-23 23:16:04,Central Park W & W 97 St,7538,Lenox Ave & W 111 St,7602,40.792495,-73.96417,40.7987859,-73.9523,member
2008979,DA113F2364B762F4,docked_bike,2021-04-16 19:12:33,2021-04-16 19:17:27,Central Park W & W 97 St,7538,Lenox Ave & W 111 St,7602,40.792495,-73.96417,40.7987859,-73.9523,member
2008994,931EC2D3D023CA53,docked_bike,2021-04-10 14:51:18,2021-04-10 16:17:38,Central Park W & W 97 St,7538,Lenox Ave & W 111 St,7602,40.792495,-73.964171,40.798786,-73.9523,casual
2008996,C2930A8CD2378067,docked_bike,2021-04-14 19:28:56,2021-04-14 19:34:02,Central Park W & W 97 St,7538,Lenox Ave & W 111 St,7602,40.792495,-73.96417,40.7987859,-73.9523,member
2008997,E49ECBB288450CEF,docked_bike,2021-04-21 17:38:14,2021-04-21 17:43:55,Central Park W & W 97 St,7538,Lenox Ave & W 111 St,7602,40.792495,-73.96417,40.7987859,-73.9523,casual
2009082,8C80D23E9E7A5AE6,docked_bike,2021-04-19 18:58:52,2021-04-19 19:03:25,Central Park W & W 97 St,7538,Lenox Ave & W 111 St,7602,40.792495,-73.96417,40.7987859,-73.9523,member
2009083,8B3C009FBBD6793D,docked_bike,2021-04-20 18:35:01,2021-04-20 19:12:48,Central Park W & W 97 St,7538,Lenox Ave & W 111 St,7602,40.792495,-73.96417,40.7987859,-73.9523,member
2009103,B958D98DF8DBD03F,docked_bike,2021-04-10 14:51:03,2021-04-10 16:18:07,Central Park W & W 97 St,7538,Lenox Ave & W 111 St,7602,40.792495,-73.964171,40.798786,-73.9523,casual
2009112,DE6C732FBF2C01A1,docked_bike,2021-04-23 19:05:10,2021-04-23 19:10:55,Central Park W & W 97 St,7538,Lenox Ave & W 111 St,7602,40.792495,-73.96417,40.7987859,-73.9523,member
2009125,143BEE97A3EE9404,docked_bike,2021-04-04 19:35:27,2021-04-04 20:34:21,Central Park W & W 97 St,7538,Lenox Ave & W 111 St,7602,40.792495,-73.96417,40.7987859,-73.9523,casual
2009127,A58294C90AE53F9F,docked_bike,2021-04-29 19:49:06,2021-04-29 19:54:09,Central Park W & W 97 St,7538,Lenox Ave & W 111 St,7602,40.792495,-73.96417,40.7987859,-73.9523,casual
2009129,CF16552A0C6088DE,docked_bike,2021-04-22 19:06:29,2021-04-22 19:16:51,Central Park W & W 97 St,7538,Lenox Ave & W 111 St,7602,40.792495,-73.96417,40.7987859,-73.9523,member
2009130,AB3F4493F1303E8F,docked_bike,2021-04-17 17:22:42,2021-04-17 17:27:52,Central Park W & W 97 St,7538,Lenox Ave & W 111 St,7602,40.792495,-73.96417,40.7987859,-73.9523,member
2009133,360FB4FAFA237386,docked_bike,2021-04-17 16:50:53,2021-04-17 16:50:34,Central Park W & W 97 St,7538,Lenox Ave & W 111 St,7602,40.792495,-73.96417,40.7987859,-73.9523,member
2009137,2D02E6F05ABC6607,docked_bike,2021-04-21 18:28:30,2021-04-21 18:58:27,Central Park W & W 97 St,7538,Lenox Ave & W 111 St,7602,40.792495,-73.96417,40.7987859,-73.9523,member
2009140,EFE2C216ED7DE2A5,docked_bike,2021-04-09 14:53:24,2021-04-09 16:06:29,Central Park W & W 97 St,7538,Lenox Ave & W 111 St,7602,40.792495,-73.96417,40.7987859,-73.9523,member
2009145,00B2F80EFAB806DD,docked_bike,2021-04-21 18:27:24,2021-04-21 19:07:16,Central Park W & W 97 St,7538,Lenox Ave & W 111 St,7602,40.792495,-73.96417,40.7987859,-73.9523,member
2009148,6893ACBBDE530E26,docked_bike,2021-04-23 17:48:08,2021-04-23 17:55:17,Central Park W & W 97 St,7538,Lenox Ave & W 111 St,7602,40.792495,-73.96417,40.7987859,-73.9523,casual
2009150,29211C5C47B8A6D6,docked_bike,2021-04-25 20:46:38,2021-04-25 20:51:58,Central Park W & W 97 St,7538,Lenox Ave & W 111 St,7602,40.792495,-73.96417,40.7987859,-73.9523,member
2009155,03F8CE5BD850248F,docked_bike,2021-04-14 08:01:35,2021-04-14 08:08:32,Central Park W & W 97 St,7538,Lenox Ave & W 111 St,7602,40.792495,-73.96417,40.7987859,-73.9523,member
2009156,BF24A055BB5B5279,docked_bike,2021-04-08 22:40:18,2021-04-08 22:47:02,Central Park W & W 97 St,7538,Lenox Ave & W 111 St,7602,40.792495,-73.96417,40.7987859,-73.9523,casual
2009443,49B34A4B8D7AA507,docked_bike,2021-04-12 19:53:14,2021-04-12 19:59:54,Central Park W & W 97 St,7538,Lenox Ave & W 111 St,7602,40.792495,-73.96417,40.7987859,-73.9523,member
2009444,665FD06EB87ABD43,docked_bike,2021-04-13 17:55:05,2021-04-13 18:01:26,Central Park W & W 97 St,7538,Lenox Ave & W 111 St,7602,40.792495,-73.96417,40.7987859,-73.9523,member
2009445,39DCD557F16862FF,docked_bike,2021-04-08 22:39:34,2021-04-08 22:53:37,Central Park W & W 97 St,7538,Lenox Ave & W 111 St,7602,40.792495,-73.96417,40.7987859,-73.9523,casual
2009446,D8F88AE8F37E1078,docked_bike,2021-04-26 07:58:31,2021-04-26 08:03:52,Central Park W & W 97 St,7538,Lenox Ave & W 111 St,7602,40.792495,-73.96417,40.7987859,-73.9523,member
2009490,BDF3EA0C8FAD064F,docked_bike,2021-04-17 16:51:33,2021-04-17 17:42:56,Central Park W & W 97 St,7538,Lenox Ave & W 111 St,7602,40.792495,-73.96417,40.7987859,-73.9523,member
2009492,6BB749606C7DDC23,docked_bike,2021-04-05 18:03:27,2021-04-05 18:30:00,Central Park W & W 97 St,7538,Lenox Ave & W 111 St,7602,40.792495,-73.96417,40.7987859,-73.9523,member
2009511,087D30F40B61B40F,docked_bike,2021-04-17 15:07:36,2021-04-17 15:07:30,Central Park W & W 97 St,7538,Lenox Ave & W 111 St,7602,40.792495,-73.96417,40.7987859,-73.9523,member
2009512,C3E74FC80E77B10E,docked_bike,2021-04-06 09:06:59,2021-04-06 09:42:49,Central Park W & W 97 St,7538,Lenox Ave & W 111 St,7602,40.792495,-73.964171,40.798786,-73.9523,member
2011404,3DE56F0761AB881C,docked_bike,2021-04-03 16:35:53,2021-04-03 17:30:27,Central Park W & W 97 St,7538,Lenox Ave & W 111 St,7602,40.792495,-73.96417,40.7987859,-73.9523,casual
2011412,1ED85F45F911B4DC,docked_bike,2021-04-23 19:05:17,2021-04-23 19:10:59,Central Park W & W 97 St,7538,Lenox Ave & W 111 St,7602,40.792495,-73.96417,40.7987859,-73.9523,member
2011413,B971E750AE7A17E5,docked_bike,2021-04-08 19:30:10,2021-04-08 19:37:53,Central Park W & W 97 St,7538,Lenox Ave & W 111 St,7602,40.792495,-73.96417,40.7987859,-73.9523,casual
2011419,E55DF289B18053AD,docked_bike,2021-04-01 09:14:13,2021-04-01 09:19:42,Central Park W & W 97 St,7538,Lenox Ave & W 111 St,7602,40.792495,-73.96417,40.7987859,-73.9523,casual
2011423,90C71AEC0825DDD0,docked_bike,2021-04-02 14:43:35,2021-04-02 15:03:39,Central Park W & W 97 St,7538,Lenox Ave & W 111 St,7602,40.792495,-73.96417,40.7987859,-73.9523,casual
2011447,B3A1E8372F95803A,docked_bike,2021-04-09 14:54:18,2021-04-09 16:06:52,Central Park W & W 97 St,7538,Lenox Ave & W 111 St,7602,40.792495,-73.96417,40.7987859,-73.9523,member
2011450,233180AFCA19FE9F,docked_bike,2021-04-20 17:30:51,2021-04-20 18:07:53,Central Park W & W 97 St,7538,Lenox Ave & W 111 St,7602,40.792495,-73.96417,40.7987859,-73.9523,member
2011451,BF6C615B759925CD,docked_bike,2021-04-07 21:12:34,2021-04-07 21:24:53,Central Park W & W 97 St,7538,Lenox Ave & W 111 St,7602,40.792495,-73.96417,40.7987859,-73.9523,member
2011452,06EB90FAF62BC70E,docked_bike,2021-04-24 11:11:36,2021-04-24 11:16:12,Central Park W & W 97 St,7538,Lenox Ave & W 111 St,7602,40.792495,-73.96417,40.7987859,-73.9523,member
2011453,17E431F17994341C,docked_bike,2021-04-06 08:12:33,2021-04-06 08:19:14,Central Park W & W 97 St,7538,Lenox Ave & W 111 St,7602,40.792495,-73.96417,40.7987859,-73.9523,member
2012332,FFB1683A7025C2BD,docked_bike,2021-04-17 19:34:26,2021-04-17 19:42:21,W 100 St & Manhattan Ave,7538,Lenox Ave & W 111 St,7602,40.795,-73.9645,40.7987859,-73.9523,member
2012336,CB5AD1C6D7085C7F,docked_bike,2021-04-26 20:02:52,2021-04-26 20:09:30,W 100 St & Manhattan Ave,7538,Lenox Ave & W 111 St,7602,40.795,-73.9645,40.7987859,-73.9523,member
2012340,612EDE3C7FDB5B7F,docked_bike,2021-04-24 13:07:25,2021-04-24 13:47:28,W 100 St & Manhattan Ave,7538,Lenox Ave & W 111 St,7602,40.795,-73.9645,40.7987859,-73.9523,casual
2012341,12D518C08F11D054,docked_bike,2021-04-23 15:37:33,2021-04-23 15:45:15,W 100 St & Manhattan Ave,7538,Lenox Ave & W 111 St,7602,40.795,-73.9645,40.7987859,-73.9523,member
2012344,79145E3CF63A08B8,docked_bike,2021-04-22 17:29:13,2021-04-22 17:38:43,W 100 St & Manhattan Ave,7538,Lenox Ave & W 111 St,7602,40.795,-73.9645,40.7987859,-73.9523,casual
2012347,1B1A99C52D5D0B54,docked_bike,2021-04-29 16:57:49,2021-04-29 17:05:22,W 100 St & Manhattan Ave,7538,Lenox Ave & W 111 St,7602,40.795,-73.9645,40.7987859,-73.9523,casual
2012567,CF5728D04AABD740,docked_bike,2021-04-28 18:20:41,2021-04-28 18:25:47,W 100 St & Manhattan Ave,7538,Lenox Ave & W 111 St,7602,40.795,-73.9645,40.7987859,-73.9523,casual
2012568,E3381350CCEEC6A5,docked_bike,2021-04-29 16:09:03,2021-04-29 16:15:41,W 100 St & Manhattan Ave,7538,Lenox Ave & W 111 St,7602,40.795,-73.9645,40.7987859,-73.9523,casual
2012572,8A01E3A10C1DEE52,docked_bike,2021-04-13 20:04:46,2021-04-13 20:17:30,W 100 St & Manhattan Ave,7538,Lenox Ave & W 111 St,7602,40.795,-73.9645,40.7987859,-73.9523,member
2012578,FD8D6F8F4AAFD3E2,docked_bike,2021-04-18 12:06:26,2021-04-18 12:33:12,W 100 St & Manhattan Ave,7538,Lenox Ave & W 111 St,7602,40.795,-73.9645,40.798786,-73.9523,casual
2013437,FD274623EDC30CD5,docked_bike,2021-04-19 09:08:42,2021-04-19 09:18:11,W 100 St & Manhattan Ave,7538,Lenox Ave & W 111 St,7602,40.795,-73.9645,40.7987859,-73.9523,member
2013442,C12D6D7A8BE9D52A,docked_bike,2021-04-21 17:38:34,2021-04-21 17:47:27,W 100 St & Manhattan Ave,7538,Lenox Ave & W 111 St,7602,40.795,-73.9645,40.7987859,-73.9523,member
2015483,C24C3C44D6DE1321,docked_bike,2021-04-21 18:33:59,2021-04-21 19:08:37,Central Park W & W 97 St,7538,Lenox Ave & W 111 St,7602,40.792495,-73.96417,40.7987859,-73.9523,casual
2015485,B036FDAF7495AF7A,docked_bike,2021-04-02 11:30:24,2021-04-02 11:36:38,Central Park W & W 97 St,7538,Lenox Ave & W 111 St,7602,40.792495,-73.96417,40.7987859,-73.9523,casual
2019632,A362D4DF29748CD9,docked_bike,2021-04-15 08:42:08,2021-04-15 08:54:00,W 100 St & Manhattan Ave,7538,Lexington Ave & E 111 St,7567,40.795,-73.9645,40.7954121,-73.9441232,member
2019647,68DE7FD5A8BB6699,docked_bike,2021-04-24 18:19:56,2021-04-24 18:48:59,W 100 St & Manhattan Ave,7538,28 St & 36 Ave,6614,40.795,-73.9645,40.757186,-73.932719,member
2019648,586ADFD72B4B0474,docked_bike,2021-04-30 08:28:56,2021-04-30 08:39:46,W 100 St & Manhattan Ave,7538,Amsterdam Ave & W 136 St,7920,40.795,-73.9645,40.819746,-73.951819,member
2019664,C9ADC2855BB50E0B,docked_bike,2021-04-28 08:29:29,2021-04-28 08:40:06,W 100 St & Manhattan Ave,7538,Amsterdam Ave & W 136 St,7920,40.795,-73.9645,40.819746,-73.951819,member
2019665,1CF2F8AB13D87C6F,docked_bike,2021-04-22 12:52:02,2021-04-22 13:00:00,W 100 St & Manhattan Ave,7538,Lexington Ave & E 111 St,7567,40.795,-73.9645,40.7954121,-73.9441232,member
2020347,78BAC5D6EBFDFA0A,docked_bike,2021-04-16 07:50:03,2021-04-16 08:09:03,Central Park W & W 97 St,7538,Lexington Ave & E 111 St,7567,40.792495,-73.96417,40.7954121,-73.9441232,member
2020360,C3AEBDE6F36B6D83,docked_bike,2021-04-23 08:15:52,2021-04-23 08:30:14,Central Park W & W 97 St,7538,Lexington Ave & E 111 St,7567,40.792495,-73.96417,40.7954121,-73.9441232,member
2020367,37E8335F9F37B437,docked_bike,2021-04-28 09:33:25,2021-04-28 09:43:04,Central Park W & W 97 St,7538,Lexington Ave & E 111 St,7567,40.792495,-73.96417,40.7954121,-73.9441232,member
2020384,04FF5D885BB7210F,docked_bike,2021-04-06 17:05:05,2021-04-06 17:52:37,Central Park W & W 97 St,7538,Lexington Ave & E 111 St,7567,40.792495,-73.96417,40.7954121,-73.9441232,casual
2020655,6A0B7C869F027A59,docked_bike,2021-04-16 06:23:41,2021-04-16 06:31:43,Central Park W & W 97 St,7538,Lexington Ave & E 111 St,7567,40.792495,-73.96417,40.7954121,-73.9441232,casual
2020753,5803242BAE317BFD,docked_bike,2021-04-28 14:04:51,2021-04-28 14:15:00,Central Park W & W 97 St,7538,Lexington Ave & E 111 St,7567,40.792495,-73.96417,40.7954121,-73.9441232,member
2022199,2085D935C3BC0D1A,docked_bike,2021-04-03 09:41:48,2021-04-03 09:53:16,Central Park W & W 97 St,7538,Lexington Ave & E 111 St,7567,40.792495,-73.96417,40.7954121,-73.9441232,member
2022200,9A81B5E0220CDC53,docked_bike,2021-04-11 08:59:52,2021-04-11 09:09:08,Central Park W & W 97 St,7538,Lexington Ave & E 111 St,7567,40.792495,-73.96417,40.7954121,-73.9441232,member
2028012,2C3C56C8D109E1A2,docked_bike,2021-04-07 13:06:38,2021-04-07 13:30:24,Central Park W & W 97 St,7538,W 148 St & Amsterdam Ave,8033,40.792495,-73.96417,40.827075,-73.945909,member
2035486,C41DCBD5C9C94CEB,docked_bike,2021-04-09 16:38:18,2021-04-09 16:51:11,W 100 St & Manhattan Ave,7538,Frederick Douglass Blvd & W 145 St,7954,40.795,-73.9645,40.823061,-73.941928,member
2035592,FA5DBB28BBE8F685,docked_bike,2021-04-03 18:20:17,2021-04-03 18:32:29,W 100 St & Manhattan Ave,7538,5 Ave & E 126 St,7701,40.795,-73.9645,40.80698,-73.941747,member
2035602,29F9667B78515EAF,docked_bike,2021-04-24 09:33:47,2021-04-24 09:59:36,W 100 St & Manhattan Ave,7538,E 58 St & 3 Ave,6762,40.795,-73.9645,40.76095756,-73.96724467,casual
2035678,D7F483B9FCB1C3DF,docked_bike,2021-04-07 19:02:57,2021-04-07 19:21:47,W 100 St & Manhattan Ave,7538,E 58 St & 3 Ave,6762,40.795,-73.9645,40.76095756,-73.96724467,member
2035681,418610FE83EB361F,docked_bike,2021-04-27 17:26:40,2021-04-27 17:53:05,W 100 St & Manhattan Ave,7538,E 33 St & 1 Ave,6197,40.795,-73.9645,40.74322681432173,-73.97449783980846,member
2037137,AB9994C5BE39E6E5,docked_bike,2021-04-17 12:22:43,2021-04-17 12:49:45,W 100 St & Manhattan Ave,7538,E 58 St & 3 Ave,6762,40.795,-73.9645,40.76095756,-73.96724467,casual
2037138,BB4A6AF3A6C715D7,docked_bike,2021-04-23 15:43:03,2021-04-23 16:12:54,W 100 St & Manhattan Ave,7538,E 58 St & 3 Ave,6762,40.795,-73.9645,40.76095756,-73.96724467,member
2037149,0DC6FBA1990F08E6,docked_bike,2021-04-10 13:18:31,2021-04-10 13:43:04,W 100 St & Manhattan Ave,7538,E 33 St & 1 Ave,6197,40.795,-73.9645,40.74322681432173,-73.97449783980846,casual
2037235,D0E285AC8BD84294,docked_bike,2021-04-05 18:32:23,2021-04-05 18:46:26,W 100 St & Manhattan Ave,7538,5 Ave & E 126 St,7701,40.795,-73.9645,40.80698,-73.941747,member
2038505,9DFC861048080769,docked_bike,2021-04-03 15:11:22,2021-04-03 15:42:25,W 100 St & Manhattan Ave,7538,E 33 St & 1 Ave,6197,40.795,-73.9645,40.74322681432173,-73.97449783980846,member
2038506,0E95EDF706411CCA,docked_bike,2021-04-09 07:03:43,2021-04-09 07:21:18,W 100 St & Manhattan Ave,7538,E 58 St & 3 Ave,6762,40.795,-73.9645,40.76095756,-73.96724467,casual
2038512,752266DF1C53AE60,docked_bike,2021-04-13 16:36:51,2021-04-13 16:51:13,W 100 St & Manhattan Ave,7538,Frederick Douglass Blvd & W 145 St,7954,40.795,-73.9645,40.823061,-73.941928,member
2038518,261F13C1B0667471,docked_bike,2021-04-10 14:08:29,2021-04-10 14:21:39,W 100 St & Manhattan Ave,7538,E 78 St & 2 Ave,7057,40.795,-73.9645,40.7727966,-73.95577801,member
2038528,B63EBC0B4D826B42,docked_bike,2021-04-19 09:29:05,2021-04-19 17:30:28,W 100 St & Manhattan Ave,7538,,nan,40.795,-73.9645,,,member
2045835,6B8C6F432EE709E3,docked_bike,2021-04-28 18:45:52,2021-04-28 19:31:36,W 100 St & Manhattan Ave,7538,Roebling St & N 4 St,5267,40.795,-73.9645,40.71469,-73.95739,member
2045839,5652131DA8CB0549,docked_bike,2021-04-25 09:14:00,2021-04-25 09:34:50,W 100 St & Manhattan Ave,7538,E 58 St & 3 Ave,6762,40.795,-73.9645,40.76095756,-73.96724467,casual
2045840,A4BEA744A85B185A,docked_bike,2021-04-15 18:28:13,2021-04-15 18:57:48,W 100 St & Manhattan Ave,7538,,nan,40.795,-73.9645,,,member
2045842,17F1F786016B9169,docked_bike,2021-04-26 18:18:44,2021-04-26 18:40:39,W 100 St & Manhattan Ave,7538,E 33 St & 1 Ave,6197,40.795,-73.9645,40.74322681432173,-73.97449783980846,member
2046656,769B67C670B4226C,docked_bike,2021-04-24 08:12:01,2021-04-24 08:38:14,W 100 St & Manhattan Ave,7538,,nan,40.795,-73.9645,,,member
2046658,3E5BBA4C3A24C73C,docked_bike,2021-04-12 17:43:01,2021-04-12 18:09:44,W 100 St & Manhattan Ave,7538,,nan,40.795,-73.9645,,,member
2046671,E1DE16B183A01BD0,docked_bike,2021-04-10 13:17:34,2021-04-10 13:43:02,W 100 St & Manhattan Ave,7538,E 33 St & 1 Ave,6197,40.795,-73.9645,40.74322681432173,-73.97449783980846,member
2046742,CFEA4E9E11F03657,docked_bike,2021-04-27 12:35:36,2021-04-27 12:46:50,W 100 St & Manhattan Ave,7538,Frederick Douglass Blvd & W 145 St,7954,40.795,-73.9645,40.823061,-73.941928,member
2046747,20288B5F17F5234E,docked_bike,2021-04-03 14:34:39,2021-04-03 15:19:36,W 100 St & Manhattan Ave,7538,Jay St & Tech Pl,4710,40.795,-73.9645,40.695065,-73.987167,member
2046760,280811C631F04173,docked_bike,2021-04-23 18:00:20,2021-04-23 18:20:49,W 100 St & Manhattan Ave,7538,E 58 St & 3 Ave,6762,40.795,-73.9645,40.76095756,-73.96724467,casual
2050417,5F5FDD9F7B0160FC,docked_bike,2021-04-28 15:27:21,2021-04-28 15:40:12,Central Park W & W 97 St,7538,5 Ave & E 126 St,7701,40.792495,-73.96417,40.80698,-73.941747,member
2050418,B0E4DD1628ADBC42,docked_bike,2021-04-24 14:17:22,2021-04-24 14:49:36,Central Park W & W 97 St,7538,E 33 St & 1 Ave,6197,40.792495,-73.96417,40.74322681432173,-73.97449783980846,member
2051304,F51BA930FFC661AC,docked_bike,2021-04-30 07:11:30,2021-04-30 07:38:13,Central Park W & W 97 St,7538,E 33 St & 1 Ave,6197,40.792495,-73.96417,40.74322681432173,-73.97449783980846,member
2051320,E3996E600EF055F5,docked_bike,2021-04-20 12:36:26,2021-04-20 12:47:12,Central Park W & W 97 St,7538,E 78 St & 2 Ave,7057,40.792495,-73.96417,40.7727966,-73.95577801,member
2051340,854A76B0D37385C4,docked_bike,2021-04-05 08:39:09,2021-04-05 08:57:30,Central Park W & W 97 St,7538,E 78 St & 2 Ave,7057,40.792495,-73.96417,40.7727966,-73.95577801,member
2051345,45F7788C53D7EF98,docked_bike,2021-04-19 15:14:56,2021-04-19 15:29:01,Central Park W & W 97 St,7538,,nan,40.792495,-73.96417,,,member
2051346,89E62BE11CEA20BB,docked_bike,2021-04-13 11:26:55,2021-04-13 11:53:27,Central Park W & W 97 St,7538,E 51 St & 1 Ave,6532,40.792495,-73.96417,40.75455731,-73.96592976,member
2051354,38E38988903A1E25,docked_bike,2021-04-17 15:42:06,2021-04-17 16:42:45,Central Park W & W 97 St,7538,E 58 St & 3 Ave,6762,40.792495,-73.964171,40.760958,-73.967245,member
2051355,368079CDC8F0B88D,docked_bike,2021-04-13 15:58:02,2021-04-13 16:16:21,Central Park W & W 97 St,7538,E 58 St & 3 Ave,6762,40.792495,-73.96417,40.76095756,-73.96724467,member
2051356,AC37057DF5E4487D,docked_bike,2021-04-04 16:30:32,2021-04-04 16:45:21,Central Park W & W 97 St,7538,E 58 St & 3 Ave,6762,40.792495,-73.96417,40.76095756,-73.96724467,member
2051358,EE21DE3A0F52E48A,docked_bike,2021-04-13 18:31:36,2021-04-14 15:08:59,Central Park W & W 97 St,7538,,nan,40.792495,-73.96417,,,member
2051359,5A6E4CB4676375EF,docked_bike,2021-04-14 15:22:31,2021-04-14 15:37:37,Central Park W & W 97 St,7538,5 Ave & E 126 St,7701,40.792495,-73.96417,40.80698,-73.941747,member
2051366,D4A7603113A62C99,docked_bike,2021-04-17 23:12:35,2021-04-17 23:12:31,Central Park W & W 97 St,7538,E 33 St & 1 Ave,6197,40.792495,-73.96417,40.74322681432173,-73.97449783980846,member
2051376,5952D4657C355CF9,docked_bike,2021-04-09 15:56:38,2021-04-09 16:28:14,Central Park W & W 97 St,7538,E 33 St & 1 Ave,6197,40.792495,-73.96417,40.74322681432173,-73.97449783980846,member
2051383,32106B43189E09BC,docked_bike,2021-04-08 09:12:27,2021-04-08 09:59:20,Central Park W & W 97 St,7538,,nan,40.792495,-73.96417,,,member
2051390,1ABC52B84C76179A,docked_bike,2021-04-25 14:50:53,2021-04-25 15:03:49,Central Park W & W 97 St,7538,5 Ave & E 126 St,7701,40.792495,-73.96417,40.80698,-73.941747,casual
2051395,4532DD83B1038201,docked_bike,2021-04-24 17:39:04,2021-04-24 17:58:38,Central Park W & W 97 St,7538,Frederick Douglass Blvd & W 145 St,7954,40.792495,-73.96417,40.823061,-73.941928,member
2051413,9A3FD8E4D1E1554E,docked_bike,2021-04-08 08:07:40,2021-04-08 08:27:10,Central Park W & W 97 St,7538,E 58 St & 3 Ave,6762,40.792495,-73.96417,40.76095756,-73.96724467,casual
2051414,E65C197D750458FD,docked_bike,2021-04-27 19:14:29,2021-04-27 19:32:04,Central Park W & W 97 St,7538,5 Ave & E 126 St,7701,40.792495,-73.96417,40.80698,-73.941747,member
2051421,8100FA76C6DB355F,docked_bike,2021-04-10 13:50:10,2021-04-10 14:00:03,Central Park W & W 97 St,7538,5 Ave & E 126 St,7701,40.792495,-73.96417,40.80698,-73.941747,member
2051434,AE02D13CFAF4E3DA,docked_bike,2021-04-04 10:41:26,2021-04-04 10:55:30,Central Park W & W 97 St,7538,E 58 St & 3 Ave,6762,40.792495,-73.96417,40.76095756,-73.96724467,member
2051441,61F968F08922255E,docked_bike,2021-04-13 07:58:52,2021-04-13 08:17:25,Central Park W & W 97 St,7538,E 58 St & 3 Ave,6762,40.792495,-73.96417,40.76095756,-73.96724467,member
2051449,EBF89A02751C8AD4,docked_bike,2021-04-09 10:13:08,2021-04-09 10:43:53,Central Park W & W 97 St,7538,E 33 St & 1 Ave,6197,40.792495,-73.96417,40.74322681432173,-73.97449783980846,casual
2051461,220B8D9DDC4D0949,docked_bike,2021-04-04 16:31:17,2021-04-04 16:46:04,Central Park W & W 97 St,7538,E 58 St & 3 Ave,6762,40.792495,-73.96417,40.76095756,-73.96724467,member
2051615,89D78FFB2C8C99C1,docked_bike,2021-04-10 08:18:33,2021-04-10 08:39:09,Central Park W & W 97 St,7538,,nan,40.792495,-73.96417,,,member
2051616,1F8E0ACC4885685D,docked_bike,2021-04-08 16:53:37,2021-04-08 17:44:20,Central Park W & W 97 St,7538,E 58 St & 3 Ave,6762,40.792495,-73.96417,40.76095756,-73.96724467,casual
2051620,3A97663841C53552,docked_bike,2021-04-07 08:56:30,2021-04-07 09:10:46,Central Park W & W 97 St,7538,E 58 St & 3 Ave,6762,40.792495,-73.96417,40.76095756,-73.96724467,member
2051624,F42855F7B111BB0C,docked_bike,2021-04-21 07:26:41,2021-04-21 07:42:36,Central Park W & W 97 St,7538,E 58 St & 3 Ave,6762,40.792495,-73.96417,40.76095756,-73.96724467,casual
2051626,2A8B54DFC146DB55,docked_bike,2021-04-26 16:21:59,2021-04-26 16:34:48,Central Park W & W 97 St,7538,E 78 St & 2 Ave,7057,40.792495,-73.96417,40.7727966,-73.95577801,member
2051637,17E4EB59706F34D5,docked_bike,2021-04-07 05:42:57,2021-04-07 06:02:04,Central Park W & W 97 St,7538,E 58 St & 3 Ave,6762,40.792495,-73.96417,40.76095756,-73.96724467,member
2051660,65E3A006B9FE7182,docked_bike,2021-04-10 16:00:08,2021-04-10 16:23:07,Central Park W & W 97 St,7538,,nan,40.792495,-73.96417,,,casual
2051664,9B3B0031185D07A6,docked_bike,2021-04-24 10:58:39,2021-04-24 11:30:32,Central Park W & W 97 St,7538,,nan,40.792495,-73.96417,,,casual
2051665,7B2493A8D9839D21,docked_bike,2021-04-26 14:52:48,2021-04-26 15:03:14,Central Park W & W 97 St,7538,5 Ave & E 126 St,7701,40.792495,-73.96417,40.80698,-73.941747,member
2051666,67EFBBF4C06C242C,docked_bike,2021-04-26 17:02:57,2021-04-26 17:16:35,Central Park W & W 97 St,7538,E 58 St & 3 Ave,6762,40.792495,-73.96417,40.76095756,-73.96724467,member
2051667,FCE9766FABAFA02A,docked_bike,2021-04-03 18:29:26,2021-04-03 18:48:01,Central Park W & W 97 St,7538,E 58 St & 3 Ave,6762,40.792495,-73.96417,40.76095756,-73.96724467,casual
2051677,E35BDF24B758D7D7,docked_bike,2021-04-09 08:34:48,2021-04-09 08:50:23,Central Park W & W 97 St,7538,E 78 St & 2 Ave,7057,40.792495,-73.96417,40.7727966,-73.95577801,member
2051757,7732CA0E2C827EA9,docked_bike,2021-04-09 16:12:36,2021-04-09 16:31:12,Central Park W & W 97 St,7538,E 58 St & 3 Ave,6762,40.792495,-73.96417,40.76095756,-73.96724467,member
2051772,438FB82EE29AA63D,docked_bike,2021-04-29 17:37:45,2021-04-29 17:52:15,Central Park W & W 97 St,7538,5 Ave & E 126 St,7701,40.792495,-73.96417,40.80698,-73.941747,member
2051774,063E2E314E0B34CC,docked_bike,2021-04-07 10:53:45,2021-04-07 11:11:00,Central Park W & W 97 St,7538,E 58 St & 3 Ave,6762,40.792495,-73.96417,40.76095756,-73.96724467,member
2051776,63039AEAC36C45A2,docked_bike,2021-04-18 14:17:53,2021-04-18 14:33:28,Central Park W & W 97 St,7538,5 Ave & E 126 St,7701,40.792495,-73.96417,40.80698,-73.941747,member
2051782,1802C0C83301C8D5,docked_bike,2021-04-26 08:29:11,2021-04-26 08:44:05,Central Park W & W 97 St,7538,E 58 St & 3 Ave,6762,40.792495,-73.96417,40.76095756,-73.96724467,casual
2051788,D804FC82F603E329,docked_bike,2021-04-18 22:12:55,2021-04-18 22:50:48,Central Park W & W 97 St,7538,E 78 St & 2 Ave,7057,40.792495,-73.96417,40.7727966,-73.95577801,casual
2051797,CEF433DA43406079,docked_bike,2021-04-17 15:28:38,2021-04-17 15:28:30,Central Park W & W 97 St,7538,,nan,40.792495,-73.96417,,,casual
2051804,93319FC8EB985C3A,docked_bike,2021-04-21 08:41:39,2021-04-21 08:58:18,Central Park W & W 97 St,7538,E 58 St & 3 Ave,6762,40.792495,-73.96417,40.76095756,-73.96724467,casual
2051808,83D3E2F2E7E360B9,docked_bike,2021-04-06 12:38:31,2021-04-06 12:50:38,Central Park W & W 97 St,7538,5 Ave & E 126 St,7701,40.792495,-73.964171,40.80698,-73.941747,member
2051817,F37AC82B62783FCA,docked_bike,2021-04-07 08:35:52,2021-04-07 08:54:09,Central Park W & W 97 St,7538,E 78 St & 2 Ave,7057,40.792495,-73.96417,40.7727966,-73.95577801,member
2051826,AC3CE32C1C9FAFCF,docked_bike,2021-04-12 10:05:34,2021-04-12 10:32:15,Central Park W & W 97 St,7538,E 58 St & 3 Ave,6762,40.792495,-73.96417,40.76095756,-73.96724467,member
2051841,19A205BEDC6D5BCA,docked_bike,2021-04-09 06:50:08,2021-04-09 10:16:08,Central Park W & W 97 St,7538,E 78 St & 2 Ave,7057,40.792495,-73.96417,40.7727966,-73.95577801,casual
2052391,B809390BEADE0131,docked_bike,2021-04-24 19:01:08,2021-04-24 19:12:30,Central Park W & W 97 St,7538,Frederick Douglass Blvd & W 145 St,7954,40.792495,-73.96417,40.823061,-73.941928,member
2052414,DE2DC0B19EF27E65,docked_bike,2021-04-09 17:50:47,2021-04-09 18:14:30,Central Park W & W 97 St,7538,E 58 St & 3 Ave,6762,40.792495,-73.96417,40.76095756,-73.96724467,member
2052415,43ADF46106E26579,docked_bike,2021-04-04 12:01:59,2021-04-04 12:21:29,Central Park W & W 97 St,7538,E 58 St & 3 Ave,6762,40.792495,-73.96417,40.76095756,-73.96724467,member
2052417,9DEDB6A00BD83B77,docked_bike,2021-04-04 15:12:39,2021-04-04 15:40:59,Central Park W & W 97 St,7538,E 33 St & 1 Ave,6197,40.792495,-73.96417,40.74322681432173,-73.97449783980846,member
2052445,DCE44870894E0093,docked_bike,2021-04-21 07:16:39,2021-04-21 07:17:19,Central Park W & W 97 St,7538,,nan,40.792495,-73.96417,,,member
2052450,23E7C2692B2EC071,docked_bike,2021-04-10 16:04:56,2021-04-10 16:48:06,Central Park W & W 97 St,7538,E 58 St & 3 Ave,6762,40.792495,-73.96417,40.76095756,-73.96724467,member
2052730,AD1E549F9B6B1DD0,docked_bike,2021-04-16 17:28:26,2021-04-16 17:54:48,Central Park W & W 97 St,7538,E 58 St & 3 Ave,6762,40.792495,-73.96417,40.76095756,-73.96724467,casual
2052739,77A85FCADD5D7EF3,docked_bike,2021-04-30 17:57:37,2021-04-30 18:11:32,Central Park W & W 97 St,7538,5 Ave & E 126 St,7701,40.792495,-73.96417,40.80698,-73.941747,member
2056237,D1B8A867FC96F4BE,docked_bike,2021-04-20 20:13:19,2021-04-20 20:23:57,W 100 St & Manhattan Ave,7538,5 Ave & E 126 St,7701,40.795,-73.9645,40.80698,-73.941747,member
2056241,708CCECA9E747126,docked_bike,2021-04-08 17:16:42,2021-04-08 17:41:17,W 100 St & Manhattan Ave,7538,E 33 St & 1 Ave,6197,40.795,-73.9645,40.74322681432173,-73.97449783980846,member
